date,Open,High,Low,Close,Volume,aVWAP_peak_426,aVWAP_peak_361,aVWAP_peak_322,aVWAP_peak_271,aVWAP_peak_222,aVWAP_peak_147,aVWAP_peak_99,aVWAP_peak_73,aVWAP_peak_53,aVWAP_valley_376,aVWAP_valley_337,aVWAP_valley_311,aVWAP_valley_267,aVWAP_valley_187,aVWAP_valley_163,aVWAP_valley_86,aVWAP_valley_31,aVWAP_OB_bear_222,aVWAP_OB_bear_4,Peaks_Valleys_avg,color,StDev,StDev_Mean,StdDev_ZScore,QQEMOD,QQE1_Value,QQE1_Above_Upper,QQE1_Below_Lower,QQE2_Above_Threshold,QQE2_Below_Threshold,QQE2_Above_TL,banker_RSI,OB,OB_High,OB_Low,OB_Mitigated_Index,TTM_squeeze_Active,VI_plus,VI_minus,VI_Regular_Bullish,VI_Regular_Bearish,VI_Hidden_Bullish,VI_Hidden_Bearish,Fisher,Fisher_Signal,Fisher_Regular_Bullish,Fisher_Regular_Bearish,Fisher_Hidden_Bullish,Fisher_Hidden_Bearish,OBV,OBV_Smoothed,OBV_Regular_Bullish,OBV_Regular_Bearish,OBV_Hidden_Bullish,OBV_Hidden_Bearish,Volume_MA,Vol_Regular_Bullish,Vol_Regular_Bearish,Vol_Hidden_Bullish,Vol_Hidden_Bearish
2023-12-22 17:00:00+00:00,6.475,6.52,6.34,6.395,8391.0,,,,,,,,,,,,,,,,,,,,,#000000,,,,,,False,False,False,False,False,,0.0,0.0,0.0,0.0,0,,,False,False,False,False,,,False,False,False,False,0.0,0.0,False,False,False,False,8391.0,False,False,False,False
2023-12-25 17:00:00+00:00,6.395,6.395,6.395,6.395,0.0,,,,,,,,,,,,,,,,,,,,,#000000,,,,,,False,False,False,False,False,,0.0,0.0,0.0,0.0,0,,,False,False,False,False,,,False,False,False,False,0.0,0.0,False,False,False,False,8260.906976744185,False,False,False,False
2023-12-26 17:00:00+00:00,6.385,6.46,6.375,6.405,21004.0,,,,,,,,,,,,,,,,,,,,,#000000,,,,100.0,,False,False,True,False,False,,0.0,0.0,0.0,0.0,0,,,False,False,False,False,,,False,False,False,False,21004.0,325.64341085271315,False,False,False,False,8458.474310438074,False,False,False,False
2023-12-27 17:00:00+00:00,6.535,6.6,6.435,6.445,18840.0,,,,,,,,,,,,,,,,,,,,,#000000,,,,100.0,50.0,False,False,True,False,True,,0.0,0.0,0.0,0.0,0,,,False,False,False,False,,,False,False,False,False,39844.0,938.3311099092602,False,False,False,False,8619.42819709795,False,False,False,False
2023-12-28 17:00:00+00:00,6.555,6.685,6.48,6.505,22131.0,,,,,,,,,,,,,,,,,,,6.556666666666667,,#000000,,,,100.0,50.0,False,False,True,False,True,,-1.0,6.685,6.48,0.0,0,,,False,False,False,False,,,False,False,False,False,61975.0,1884.6360539416748,False,False,False,False,8828.909930476277,False,False,False,False
2023-12-29 17:00:00+00:00,6.36,6.385,6.295,6.315,12077.0,,,,,,,,,,,,,,,,,,,6.477231300670409,,#000000,,,,77.53831184626615,29.784480661639535,False,False,True,False,False,,0.0,0.0,0.0,0.0,0,,,False,False,False,False,,,False,False,False,False,49898.0,2629.0292934154472,False,False,False,False,8879.267916050287,False,False,False,False
2024-01-01 17:00:00+00:00,6.315,6.315,6.315,6.315,0.0,,,,,,,,,,,,,,,,,,,6.477231300670409,,#000000,,,,62.56385307711025,17.655169058623258,False,False,True,False,False,,0.0,0.0,0.0,0.0,0,,,False,False,False,False,,,False,False,False,False,49898.0,3361.881552432262,False,False,False,False,8741.60484758439,False,False,False,False
2024-01-02 17:00:00+00:00,6.415,6.495,6.325,6.36,8556.0,,,,,,,,,,,,,,,,,,,6.46044542917719,,#000000,,,,56.35546830545445,13.684864311201878,False,False,False,False,False,,0.0,0.0,0.0,0.0,0,,,False,False,False,False,,,False,False,False,False,58454.0,4216.022923712382,False,False,False,False,8738.727253048199,False,False,False,False
2024-01-03 17:00:00+00:00,6.04,6.135,6.04,6.095,8650.0,,,,,,,,,,,,,,,,,,,6.3981209074052465,,#000000,,,,44.5008088749209,4.154866199001809,False,False,False,True,False,,0.0,0.0,0.0,0.0,0,,,False,False,False,False,,,False,False,False,False,49804.0,4922.813265980407,False,False,False,False,8737.351636721869,False,False,False,False
2024-01-04 17:00:00+00:00,6.005,6.08,5.96,6.005,7860.0,,,,,,,,,,,,,,,,,,,6.3473173454353224,,#000000,,,,35.43646599603568,-2.9014214412246915,False,False,False,True,False,,0.0,0.0,0.0,0.0,0,,,False,False,False,False,,,False,False,False,False,41944.0,5496.785153329548,False,False,False,False,8723.74928576494,False,False,False,False
2024-01-05 17:00:00+00:00,5.93,6.0,5.89,5.965,5189.0,,,,,,,,,,,,,,,,,,,6.3154691321636705,,#000000,,,,28.947599942742865,-7.922730038956232,False,False,False,True,False,,0.0,0.0,0.0,0.0,0,,,False,False,False,False,,,False,False,False,False,36755.0,5981.408639324439,False,False,False,False,8668.946971256955,False,False,False,False
2024-01-08 17:00:00+00:00,6.07,6.21,6.045,6.09,15115.0,,,,,,,,,,,,,,,,,,,6.2773921393685015,,#000000,,,,30.60713877154521,-7.922730038956232,False,False,False,True,False,,0.0,0.0,0.0,0.0,0,,,False,False,False,False,,,False,False,False,False,51870.0,6692.859668172122,False,False,False,False,8768.885777904135,False,False,False,False
2024-01-09 17:00:00+00:00,6.04,6.045,5.955,5.955,7851.0,,,,,,,,,,,,,,,,,,,6.251135740620008,,#000000,,,,29.382566370386993,-7.922730038956232,False,False,False,True,False,,0.0,0.0,0.0,0.0,0,,,False,False,False,False,,,False,False,False,False,44019.0,7271.55951827798,False,False,False,False,8754.654990649808,False,False,False,False
2024-01-10 17:00:00+00:00,5.85,5.88,5.745,5.78,26548.0,,,,,,,,,,,,,,,,,,,6.146443522231094,,#000000,,,,26.49125895984196,-10.145886979402377,False,False,False,True,False,,0.0,0.0,0.0,0.0,0,,,False,False,False,False,,,False,False,False,False,17471.0,7429.690378459716,False,False,False,False,9030.52080474826,False,False,False,False
2024-01-11 17:00:00+00:00,5.63,5.675,5.52,5.575,33206.0,,,,,,,,,,,,,,,,,,,6.0209041352148915,,#000000,,,,22.95210864852234,-14.052575662251229,False,False,False,True,False,,0.0,0.0,0.0,0.0,0,,,False,False,False,False,,,False,False,False,False,-15735.0,7070.547891971968,False,False,False,False,9405.334435682395,False,False,False,False
2024-01-12 17:00:00+00:00,5.365,5.485,5.305,5.48,41078.0,,,,,,,,,,,,,,,,,,,5.890515932667944,,#000000,,,,20.01852056586079,-17.44784212199439,False,False,False,True,False,,0.0,0.0,0.0,0.0,0,,,False,False,False,False,,,False,False,False,False,-56813.0,6080.105288995658,False,False,False,False,9896.383514198946,False,False,False,False
2024-01-15 17:00:00+00:00,5.48,5.48,5.48,5.48,0.0,,,,,,,,,,,,,,,,,,,5.890515932667944,,#000000,,,,18.062795177419755,-20.004814625409345,False,False,False,True,False,,0.0,0.0,0.0,0.0,0,,,False,False,False,False,,,False,False,False,False,-56813.0,5105.018385290298,False,False,False,False,9742.951211653226,False,False,False,False
2024-01-16 17:00:00+00:00,5.58,5.59,5.43,5.465,12412.0,,,,,,,,,,,,,,,,,,,5.8660525332256945,,#000000,,,,16.65886272419788,-22.130447594779177,False,False,False,True,False,,0.0,0.0,0.0,0.0,0,,,False,False,False,False,,,False,False,False,False,-69225.0,3952.6149994718435,False,False,False,False,9784.331813022944,False,False,False,False
2024-01-17 17:00:00+00:00,5.355,5.38,5.21,5.33,9674.0,,,,,,,,,,,,,,,,,,,5.840326001004689,,#000000,,,,14.906246034531767,-24.61811853305429,False,False,False,True,False,,0.0,0.0,0.0,0.0,0,,,False,False,False,False,,,False,False,False,False,-78899.0,2668.0938366893342,False,False,False,False,9782.621242278401,False,False,False,False
2024-01-18 17:00:00+00:00,5.02,5.05,4.905,5.03,17847.0,,,,,,,,,,,,,,,,,,,5.774213249837126,,#000000,,,,12.572587996684646,-27.607870903523015,False,False,False,True,False,,0.0,0.0,0.0,0.0,0,,,False,False,False,False,,,False,False,False,False,-96746.0,1126.7900562755462,False,False,False,False,9907.650370305093,False,False,False,False
2024-01-19 17:00:00+00:00,4.465,4.595,4.445,4.565,77374.0,,,,,,,,,,,,,,,,,,,5.460427493498446,,#000000,,4.535,,10.098773894860852,-30.64698561203395,False,False,False,True,False,,0.0,0.0,0.0,0.0,0,,,False,False,False,False,,,False,False,False,False,-174120.0,-1590.214440720974,False,False,False,False,10953.640287044549,False,False,False,False
2024-01-22 17:00:00+00:00,4.5,4.535,4.455,4.505,18357.0,,,,,,,,,,,,,,,,,,,5.40590511177999,,#000000,,4.527968944229142,,8.36690852238765,-32.93762645526381,False,False,False,True,False,,0.0,0.0,0.0,0.0,0,,,False,False,False,False,,,False,False,False,False,-192477.0,-4549.699488151657,False,False,False,False,11068.421057788044,False,False,False,False
2024-01-23 17:00:00+00:00,4.56,4.65,4.51,4.645,14786.0,,,,,,,,,,,,,,,,,,,5.370797100379576,,#000000,,4.537828916215002,,10.768540148320518,-32.93762645526381,False,False,False,True,False,,0.0,0.0,0.0,0.0,0,,,False,False,False,False,,,False,False,False,False,-177691.0,-7234.060736397367,False,False,False,False,11126.057940613035,False,False,False,False
2024-01-24 17:00:00+00:00,4.915,4.945,4.825,4.835,27099.0,,,,,,,,,,,,,,,,,,,5.333574865822877,,#000000,,4.6029110229430685,,16.485141635237284,-32.93762645526381,False,False,False,True,True,,0.0,0.0,0.0,0.0,0,,,False,False,False,False,,,False,False,False,False,-150592.0,-9456.664445910586,False,False,False,False,11373.70045316167,False,False,False,False
2024-01-25 17:00:00+00:00,4.67,4.715,4.625,4.675,32488.0,,,,,,,,,,,,,,,,,,,5.279584954816076,,#000000,,4.616042597469783,,19.16381771004378,-38.91652105536481,False,False,False,True,True,,0.0,0.0,0.0,0.0,0,,,False,False,False,False,,,False,False,False,False,-183080.0,-12148.49910566391,False,False,False,False,11701.053934508,False,False,False,False
2024-01-26 17:00:00+00:00,4.705,4.76,4.66,4.725,12257.0,,,,,,,,,,,,,,,,,,,5.262729435357828,,#000000,,4.622693805144741,,21.981750748228926,-35.996666636684665,False,False,False,True,True,,0.0,0.0,0.0,0.0,0,,,False,False,False,False,,,False,False,False,False,-170823.0,-14608.568886971445,False,False,False,False,11709.673253352837,False,False,False,False
2024-01-29 17:00:00+00:00,4.74,4.815,4.71,4.8,16337.0,,,,,,,,,,,,,,,,,,,5.24406420905834,,#000000,,4.635216459149061,,25.422525661798073,-32.51560283555909,False,False,False,True,True,,0.0,0.0,0.0,0.0,0,,,False,False,False,False,,,False,False,False,False,-154486.0,-16777.211229809094,False,False,False,False,11781.414753300854,False,False,False,False
2024-01-30 17:00:00+00:00,4.745,4.785,4.69,4.765,14458.0,,,,,,,,,,,,,,,,,,,5.227770171066047,,#000000,,4.642775932493886,,27.362386185758396,-30.4264183360644,False,False,False,True,True,,0.0,0.0,0.0,0.0,0,,,False,False,False,False,,,False,False,False,False,-168944.0,-19136.38624950198,False,False,False,False,11822.912198986112,False,False,False,False
2024-01-31 17:00:00+00:00,4.615,4.635,4.435,4.445,12704.0,,,,,,,,,,,,,,,,,,,5.207547747624731,,#000000,,4.635026417544792,,26.0240974439182,-30.4264183360644,False,False,False,True,True,,0.0,0.0,0.0,0.0,0,,,False,False,False,False,,,False,False,False,False,-181648.0,-21655.946152610475,False,False,False,False,11836.572474970824,False,False,False,False
2024-02-01 17:00:00+00:00,4.225,4.315,4.22,4.305,46385.0,,,,,,,,,,,,,,,,,,,5.121574627477075,,#000000,,4.574537150973082,,24.271050965311943,-30.4264183360644,False,False,False,True,False,,0.0,0.0,0.0,0.0,0,,,False,False,False,False,,,False,False,False,False,-228033.0,-24855.590398306438,False,False,False,False,12372.207010242595,False,False,False,False
2024-02-02 17:00:00+00:00,4.135,4.175,4.1,4.16,19853.0,,,,,,,,,,,,,,,,,,,5.084311059943262,,#000000,,4.545342835851895,,22.312106832920072,-30.4264183360644,False,False,False,True,False,,0.0,0.0,0.0,0.0,0,,,False,False,False,False,,,False,False,False,False,-247886.0,-28313.42620608463,False,False,False,False,12488.1882969055,False,False,False,False
2024-02-05 17:00:00+00:00,3.94,3.945,3.855,3.89,8695.0,,,,,,,,,,,,,,,,,3.896666666666667,,5.064789657716855,3.896666666666667,#000000,,4.211629135318974,,19.822744691079386,-30.4264183360644,False,False,False,True,False,,0.0,0.0,0.0,0.0,0,,,False,False,False,False,,,False,False,False,False,-256581.0,-31852.458357928277,False,False,False,False,12429.379176023243,False,False,False,False
2024-02-06 17:00:00+00:00,4.155,4.265,4.115,4.205,16339.0,,,,,,,,,,,,,,,,,4.091380589065538,,5.038729111882922,4.091380589065538,#000000,,4.300444108927616,,23.900400043931846,-30.4264183360644,False,False,False,True,True,,0.0,0.0,0.0,0.0,0,,,False,False,False,False,,,False,False,False,False,-240242.0,-35083.3039647821,False,False,False,False,12489.993452363968,False,False,False,False
2024-02-07 17:00:00+00:00,4.225,4.27,4.18,4.2,89736.0,,,,,,,,,,,,,,,,,4.189338866138073,,4.922569436789898,4.189338866138073,#000000,,4.317129755991131,,26.58040964891016,-30.14534902465288,False,False,False,True,True,,0.0,0.0,0.0,0.0,0,,,False,False,False,False,,,False,False,False,False,-329978.0,-39655.314756025786,False,False,False,False,13687.60595697848,False,False,False,False
2024-02-08 17:00:00+00:00,4.075,4.16,4.07,4.115,18888.0,,,,,,,,,,,,,,,,,4.17883360267748,,4.899244455488441,4.17883360267748,#000000,,4.304558917167212,,27.681928054150625,-28.886055126630563,False,False,False,True,True,,0.0,0.0,0.0,0.0,0,,,False,False,False,False,,,False,False,False,False,-348866.0,-44449.27886833547,False,False,False,False,13768.232221211372,False,False,False,False
2024-02-09 17:00:00+00:00,4.055,4.16,4.045,4.155,13235.0,,,,,,,,,,,,,,,,,4.173532718827082,,4.883786523477996,4.173532718827082,#000000,,4.297231144948249,,29.186295405778864,-27.168428867553512,False,False,False,True,True,,0.0,0.0,0.0,0.0,0,,,False,False,False,False,,,False,False,False,False,-335631.0,-48963.724157198485,False,False,False,False,13759.96505499104,False,False,False,False
2024-02-12 17:00:00+00:00,4.245,4.32,4.205,4.3,50592.0,,,,,,,,,,,,,,,,,4.199526757306462,,4.84087663949481,4.199526757306462,#000000,,4.302688207878647,,32.86629445030726,-23.46575505577743,False,False,False,True,True,,0.0,0.0,0.0,0.0,0,,,False,False,False,False,,,False,False,False,False,-285039.0,-52623.80595321091,False,False,False,False,14331.004356464047,False,False,False,False
2024-02-13 17:00:00+00:00,4.085,4.135,4.055,4.07,15276.0,,,,,,,,,,,,,,,,,4.191423530001582,,4.825159751977915,4.191423530001582,#000000,,4.293807682210678,,32.97999218149785,-23.095633266423985,False,False,False,True,True,,0.0,0.0,0.0,0.0,0,,,False,False,False,False,,,False,False,False,False,-300315.0,-56463.97950432392,False,False,False,False,14345.655451712668,False,False,False,False
2024-02-14 17:00:00+00:00,4.12,4.235,4.095,4.23,14145.0,,,,,,,,,,,,,,,,,4.19112699385061,,4.813072614844614,4.19112699385061,#000000,,4.2908042015569965,,35.730774544008725,-20.2127927250231,False,False,False,True,True,,0.0,0.0,0.0,0.0,0,,,False,False,False,False,,,False,False,False,False,-286170.0,-60025.31315541967,False,False,False,False,14342.544514476811,False,False,False,False
2024-02-15 17:00:00+00:00,4.235,4.29,4.215,4.275,27694.0,,,,,,,,,,,,,,,,,4.198618623985336,,4.793306256441757,4.198618623985336,#000000,,4.291245127866636,,38.28204769911418,-17.594386960177303,False,False,False,True,True,,0.0,0.0,0.0,0.0,0,,,False,False,False,False,,,False,False,False,False,-258476.0,-63102.067990219366,False,False,False,False,14549.543824329883,False,False,False,False
2024-02-16 17:00:00+00:00,4.295,4.405,4.285,4.325,35000.0,,,,,,,,,,,,,,,,,4.215504034300184,,4.773644311011014,4.215504034300184,#000000,,4.311656340046828,,40.80900818533752,-15.04210026597083,False,False,False,True,True,,0.0,0.0,0.0,0.0,0,,,False,False,False,False,,,False,False,False,False,-223476.0,-65588.4855407586,False,False,False,False,14866.605160386784,False,False,False,False
2024-02-19 17:00:00+00:00,4.325,4.325,4.325,4.325,0.0,,,,,,,,,,,,,,,,,4.215504034300184,,4.773644311011014,4.215504034300184,#000000,,4.311656340046828,,42.493648509486405,-13.275670863075291,False,False,False,True,True,,0.0,0.0,0.0,0.0,0,,,False,False,False,False,,,False,False,False,False,-223476.0,-68036.35398198714,False,False,False,False,14636.115157900167,False,False,False,False
2024-02-20 17:00:00+00:00,3.985,4.06,3.975,4.035,22959.0,,,,,,,,,,,,,,,,,4.201388148584214,,4.7529606716367425,4.201388148584214,#000000,,4.260829367563091,,39.89894275029742,-13.275670863075291,False,False,False,True,False,,0.0,0.0,0.0,0.0,0,,,False,False,False,False,,,False,False,False,False,-246435.0,-70802.22446288656,False,False,False,False,14765.152132196288,False,False,False,False
2024-02-21 17:00:00+00:00,4.085,4.125,4.06,4.065,23151.0,,,,,,,,,,,,,,,,,4.193246934358027,,4.734850267094391,4.193246934358027,#000000,,4.242232587969831,,38.76814181419108,-13.275670863075291,True,False,False,True,False,,0.0,0.0,0.0,0.0,0,,,False,False,False,False,,,False,False,False,False,-223284.0,-73166.28299834568,False,False,False,False,14895.165277433554,False,False,False,False
2024-02-22 17:00:00+00:00,3.985,3.995,3.945,3.985,19178.0,,,,,,,,,,,,,,,,,4.181452960746301,,4.718199511338619,4.181452960746301,#000000,,4.160016946993942,,37.08613102076896,-13.275670863075291,True,False,False,True,False,,0.0,0.0,0.0,0.0,0,,,False,False,False,False,,,False,False,False,False,-242462.0,-75791.02279682094,False,False,False,False,14961.565815767917,False,False,False,False
2024-02-23 17:00:00+00:00,3.965,4.08,3.96,4.06,83459.0,,,,,,,,,,,,,,,,,4.153251750325655,,4.658575141424455,4.153251750325655,#000000,,4.144030489111532,,37.60967336690564,-13.275670863075291,True,False,False,True,False,,0.0,0.0,0.0,0.0,0,,,False,False,False,False,,,False,False,False,False,-159003.0,-77081.13097051364,False,False,False,False,16023.54153955446,False,False,False,False
2024-02-26 17:00:00+00:00,4.095,4.145,4.025,4.055,24987.0,,,,,,,,,,,,,,,,,4.149031735206136,,4.643750612529558,4.149031735206136,#000000,,4.143144197708343,,37.887147481678035,-13.275670863075291,True,False,False,True,False,,0.0,0.0,0.0,0.0,0,,,False,False,False,False,,,False,False,False,False,-183990.0,-78738.63281593203,False,False,False,False,16162.509887778422,False,False,False,False
2024-02-27 17:00:00+00:00,4.105,4.23,4.1,4.175,24558.0,,,,,,,,,,,,,,,,,4.150003279414296,,4.632170089983573,4.150003279414296,#000000,,4.149903350634862,,40.74750506286766,-13.275670863075291,True,False,False,True,True,,0.0,0.0,0.0,0.0,0,,,False,False,False,False,,,False,False,False,False,-159432.0,-79989.69277227415,False,False,False,False,16292.672525177206,False,False,False,False
2024-02-28 17:00:00+00:00,4.505,4.745,4.48,4.74,45336.0,,,,,,,,,,,,,,,,,4.192939005453576,,4.633152526767407,4.192939005453576,#000000,,4.2226912504749965,,49.94369859811134,-5.444745380196501,True,False,True,False,True,,0.0,0.0,0.0,0.0,0,,,False,False,False,False,,,False,False,False,False,-114096.0,-80518.47272929315,False,False,False,False,16742.956672073684,False,False,False,False
2024-02-29 17:00:00+00:00,4.94,5.015,4.845,4.94,46088.0,,,,,,,,,,,,,,,,,4.251841735195759,,4.645734040373174,4.251841735195759,#000000,,4.307056955473003,,57.55126366843997,1.203559629861516,True,False,True,False,True,0.0,0.0,0.0,0.0,0.0,0,,,False,False,False,False,,,False,False,False,False,-68008.0,-80324.51191178472,False,False,False,False,17197.918584134557,False,False,False,False
2024-03-01 17:00:00+00:00,5.055,5.075,4.94,4.995,21962.0,,,,,,,,,,,,,,,,,4.2792903670736875,,4.652736363609344,4.2792903670736875,#000000,,4.343041113555621,,62.999620940824734,5.747062897977749,True,False,True,False,True,0.0,0.0,0.0,0.0,0.0,0,,,False,False,False,False,,,False,False,False,False,-46046.0,-79793.06211470279,False,False,False,False,17271.780311512317,False,False,False,False
2024-03-04 17:00:00+00:00,4.93,4.995,4.855,4.905,11309.0,,,,,,,,,,,,,,,,,4.2910877720225855,,4.655387693654838,4.2910877720225855,#000000,,4.357709469032654,,64.88394942520523,7.153954292902213,True,False,True,False,True,0.0,0.0,0.0,0.0,0.0,0,,,False,False,False,False,,,False,False,False,False,-57355.0,-79445.18518269189,False,False,False,False,17179.33410513228,False,False,False,False
2024-03-05 17:00:00+00:00,4.855,4.945,4.75,4.77,25806.0,,,,,,,,,,,,,,,,,4.312535561950083,,4.659091025602298,4.312535561950083,#000000,,4.382774854698729,,63.69292386868043,7.153954292902213,True,False,True,False,True,0.0,0.0,0.0,0.0,0.0,0,,,False,False,False,False,,,False,False,False,False,-83161.0,-79502.79471474317,False,False,False,False,17313.08086319224,False,False,False,False
2024-03-06 17:00:00+00:00,5.225,5.335,5.2,5.325,47386.0,,,,,,,,,5.286666666666666,,,,,,,,4.379846133618361,,4.683748196969055,4.833256400142513,#000000,,4.628288317038529,,67.16663048449489,9.213724515722994,True,False,True,False,True,0.0,0.0,0.0,0.0,0.0,0,,,False,False,False,False,,,False,False,False,False,-35775.0,-78824.84440908824,False,False,False,False,17779.327671514842,False,False,False,False
2024-03-07 17:00:00+00:00,5.265,5.28,5.08,5.105,28379.0,,,,,,,,,5.237348797817814,,,,,,,,4.410648969369056,,4.694581892070691,4.823998883593435,#000000,,4.6458723672822675,,66.30549308666215,9.213724515722994,True,False,True,False,True,0.0,0.0,0.0,0.0,0.0,0,,,False,False,False,False,,,False,False,False,False,-64154.0,-78597.38945700935,False,False,False,False,17943.663676607634,False,False,False,False
2024-03-08 17:00:00+00:00,5.035,5.055,4.935,5.015,9897.0,,,,,,,,,5.210119150459558,,,,,,,,4.418727502284587,,4.697024312082293,4.814423326372072,#000000,,4.647143376358896,,64.52850160623137,9.213724515722994,True,False,True,False,True,0.0,0.0,0.0,0.0,0.0,0,,,False,False,False,False,,,False,False,False,False,-74051.0,-78526.90279876115,False,False,False,False,17818.909201001312,False,False,False,False
2024-03-11 17:00:00+00:00,5.105,5.17,5.07,5.12,10245.0,,,,,,,,,5.200492421477751,,,,,,,,4.428511700485723,,4.700478332132411,4.814502060981737,#000000,,4.653590673450653,,64.23267487844245,9.213724515722994,True,False,True,False,True,0.0,0.0,0.0,0.0,0.0,0,,,False,False,False,False,,,False,False,False,False,-63806.0,-78298.67174761757,False,False,False,False,17701.484252148577,False,False,False,False
2024-03-12 17:00:00+00:00,4.985,5.03,4.935,5.0,6628.0,,,,,,,,,5.186778173306676,,,,,,,,4.433519606493478,,4.701991076100917,4.810148889900077,#000000,,4.65490160177567,,62.32234648296177,9.213724515722994,True,False,True,False,False,0.0,0.0,0.0,0.0,0.0,0,,,False,False,False,False,,,False,False,False,False,-70434.0,-78176.73885230567,False,False,False,False,17529.802325758676,False,False,False,False
2024-03-13 17:00:00+00:00,5.125,5.14,5.03,5.07,9138.0,,,,,,,,,5.178040708138942,,,,,,,,4.441395630517848,,4.704710187994249,4.809718169328395,#000000,,4.659712046266693,,61.74497411668737,9.213724515722994,True,False,True,False,False,0.0,0.0,0.0,0.0,0.0,0,,,False,False,False,False,,,False,False,False,False,-61296.0,-77915.02197087457,False,False,False,False,17399.696863343812,False,False,False,False
2024-03-14 17:00:00+00:00,5.065,5.1,4.985,5.06,17718.0,,,,,,,,,5.160279385737803,,,,,,,,4.455401812228439,,4.709436861644809,4.807840598983121,#000000,,4.667551226330039,,61.19800903510477,9.213724515722994,True,False,True,False,False,0.0,0.0,0.0,0.0,0.0,0,,,False,False,False,False,,,False,False,False,False,-79014.0,-77932.06038993078,False,False,False,False,17404.63179569507,False,False,False,False
2024-03-15 17:00:00+00:00,4.975,5.07,4.965,5.015,13243.0,,,,,,,,,5.146945515561975,,,,,,,,4.464918551684726,,4.7125634157855725,4.805932033623351,#000000,,4.672421564762575,,60.05133464103611,9.213724515722994,True,False,True,False,False,0.0,0.0,0.0,0.0,0.0,0,,,False,False,False,False,,,False,False,False,False,-92257.0,-78154.15247690858,False,False,False,False,17340.110372506,False,False,False,False
2024-03-18 17:00:00+00:00,4.77,4.77,4.645,4.735,31327.0,,,,,,,,,5.0694606453937,,,,,,,,4.474626773959793,,4.712659872414228,4.772043709676746,#000000,,4.671251477665648,,55.155260048257695,10.556039902095648,True,False,True,False,False,0.0,0.0,0.0,0.0,0.0,0,,,False,False,False,False,,,False,False,False,False,-123584.0,-78858.49119819682,False,False,False,False,17556.961374482646,False,False,False,False
2024-03-19 17:00:00+00:00,5.015,5.03,4.955,5.015,20957.0,,,,,,,,,5.061992444686141,,,,,,,,4.487839424096566,,4.717108582304658,4.774915934391354,#000000,,4.697416645063231,,55.43303271028924,10.556039902095648,True,False,True,False,False,0.0,0.0,0.0,0.0,0.0,0,,,False,False,False,False,,,False,False,False,False,-102627.0,-79226.99521062788,False,False,False,False,17609.67515162245,False,False,False,False
2024-03-20 17:00:00+00:00,4.945,5.095,4.93,5.08,24814.0,,,,,,,,,5.058944229030516,,,,,,,,4.503661411022093,,4.722831202991063,4.781302820026305,#000000,,4.718078897018581,,56.32729986832538,10.556039902095648,True,False,True,False,False,0.0,0.0,0.0,0.0,0.0,0,,,False,False,False,False,,,False,False,False,False,-77813.0,-79205.07280426155,False,False,False,False,17721.370110512024,False,False,False,False
2024-03-21 17:00:00+00:00,5.295,5.295,5.03,5.145,23285.0,,,,,,,,,5.068307635542644,,,,,,,,4.5209124376472545,,4.730038054926558,4.79461003659495,#000000,,4.741182852332027,,57.64349046595011,10.556039902095648,True,False,True,False,True,0.0,0.0,0.0,0.0,0.0,0,,,False,False,False,False,,,False,False,False,False,-54528.0,-78822.48252822648,False,False,False,False,17807.627938256024,False,False,False,False
2024-03-22 17:00:00+00:00,5.075,5.105,4.97,5.01,14675.0,,,,,,,,,5.066031185808382,,,,,,,,4.5292223654378025,,4.733128675016138,4.797626775623092,#000000,,4.7475163422127205,,56.36024811663277,10.556039902095648,True,False,True,False,True,0.0,0.0,0.0,0.0,0.0,0,,,False,False,False,False,,,False,False,False,False,-69203.0,-78673.34326422296,False,False,False,False,17759.060063244302,False,False,False,False
2024-03-25 17:00:00+00:00,5.03,5.03,4.95,4.99,32082.0,,,,,,,,,5.0576134792401435,,,,,,,,4.545149098527887,,4.738818132465836,4.801381288884015,#000000,,4.756609927190735,,55.18902231895828,9.543025759503593,True,False,True,False,True,0.0,0.0,0.0,0.0,0.0,0,,,False,False,False,False,,,False,False,False,False,-101285.0,-79023.91158570787,False,False,False,False,17981.121147535086,False,False,False,False
2024-03-26 17:00:00+00:00,4.955,4.955,4.885,4.885,6754.0,,,,,,,,,5.054213334547384,,,,,,,,4.5477727922109645,,4.739604894037276,4.800993063379174,#000000,,4.757047035909463,,52.748824009429114,7.048047113767566,True,False,True,False,False,0.0,0.0,0.0,0.0,0.0,0,,,False,False,False,False,,,False,False,False,False,-108039.0,-79473.7579177124,False,False,False,False,17807.057253774852,False,False,False,False
2024-03-27 17:00:00+00:00,5.05,5.13,5.03,5.115,19739.0,,,,,,,,,5.056550888964072,,,,,,,,4.559018598244402,,4.744316469281712,4.807784743604237,#000000,,4.7668627894800375,,54.39590493838489,7.048047113767566,True,False,True,False,False,0.0,0.0,0.0,0.0,0.0,1,,,False,False,False,False,,,False,False,False,False,-88300.0,-79610.59888022848,False,False,False,False,17837.00985449152,False,False,False,False
2024-03-28 17:00:00+00:00,5.285,5.415,5.265,5.395,30875.0,,,,,,,,,5.083391585191843,,,,,,,,4.584059659643409,,4.756906076638728,4.833725622417626,#000000,,4.797666976282758,,58.38661530200921,3.928002479802423,True,False,True,False,True,1.907823424309715,0.0,0.0,0.0,0.0,0,,,False,False,False,False,,,False,False,False,False,-57425.0,-79266.6361068916,False,False,False,False,18039.149236592428,False,False,False,False
2024-03-29 17:00:00+00:00,5.395,5.395,5.395,5.395,0.0,,,,,,,,,5.083391585191843,,,,,,,,4.584059659643409,,4.756906076638728,4.833725622417626,#000000,,4.797666976282758,,61.04708887775876,6.371678833701324,True,False,True,False,True,1.907823424309715,0.0,0.0,0.0,0.0,0,,,False,False,False,False,,,False,False,False,False,-57425.0,-78928.00608973048,False,False,False,False,17759.472504242156,False,False,False,False
2024-04-01 17:00:00+00:00,5.62,5.665,5.535,5.605,22277.0,,,,,,,,,5.114645023672308,,,,,,,,4.606553171623279,,4.769221162303089,4.8605990976477935,#000000,,4.827627733861266,,64.64765181277554,9.660451654994311,True,False,True,False,True,4.792529584242374,0.0,0.0,0.0,0.0,0,,,False,False,False,False,,,False,False,False,False,-35148.0,-78249.24630539356,False,False,False,False,17829.5116902229,False,False,False,False
2024-04-02 17:00:00+00:00,5.605,5.625,5.525,5.59,13748.0,,,,,,,,,5.131341921407638,,,,,,,,4.619653671835232,,4.776450512111409,4.875497796621435,#000000,,4.8440011334859205,,66.73845667476246,11.542118364310568,True,False,True,False,True,4.563658293237236,0.0,0.0,0.0,0.0,0,,,False,False,False,False,,,False,False,False,False,-48896.0,-77794.15721538746,False,False,False,False,17766.23243921169,False,False,False,False
2024-04-03 17:00:00+00:00,5.585,5.68,5.545,5.665,15648.0,,,,,,,,5.63,5.150907388137358,,,,,,,,4.634896419040348,,4.785026012841091,5.138601269059236,#000000,,4.972459359918984,,68.78934022654504,13.461918675623728,True,False,True,False,True,5.579580027127125,0.0,0.0,0.0,0.0,0,,,False,False,False,False,,,False,False,False,False,-33248.0,-77103.51911902486,False,False,False,False,17733.391626200653,False,False,False,True
2024-04-04 17:00:00+00:00,5.495,5.51,5.255,5.265,6366.0,,,,,,,,5.547101844280912,5.153930687766702,,,,,,,,4.63921801903842,,4.7872987039810315,5.113416850362012,#000000,0.7290372214573614,4.9641123122631265,0.4127192396780401,63.1321629971865,18.896098682907223,True,False,True,False,False,0.0,0.0,0.0,0.0,0.0,0,,,False,False,False,False,,,False,False,False,False,-39614.0,-76522.28626446634,False,False,False,False,17557.152996337074,False,False,False,False
2024-04-05 17:00:00+00:00,5.265,5.305,5.23,5.25,12823.0,,,,,,,,5.442037249667499,5.157235676373114,,,,,,,,4.646773567765401,,4.791156674947733,5.082015497935338,#000000,0.7121352994232797,4.954361301731545,0.4151440021409933,59.15258153006411,15.363286981339883,True,False,True,False,False,0.0,0.0,0.0,0.0,0.0,0,,,False,False,False,False,,,False,False,False,False,-52437.0,-76148.87097354438,False,False,False,False,17483.75527546363,False,False,False,False
2024-04-08 17:00:00+00:00,5.265,5.325,5.255,5.275,7541.0,,,,,,,,5.414093082888921,5.159499763048954,,,,,,,,4.6512972012153595,,4.79350738949942,5.074963349051078,#000000,0.694603834200824,4.953621375656809,0.4626790243865462,56.85897214234637,13.336542964298111,True,False,True,False,False,0.0,0.0,0.0,0.0,0.0,0,,,False,False,False,False,,,False,False,False,False,-44896.0,-75664.33033829564,False,False,False,False,17329.6040308828,False,False,False,False
2024-04-09 17:00:00+00:00,5.415,5.505,5.395,5.465,7683.0,,,,,,,,5.420371180493132,5.164740256093021,,,,,,,,4.65705935836146,,4.796699930628536,5.080723598315871,"rgba(38, 166, 154, 0.5)",0.6774115546803241,4.959619593982146,0.7460463325818922,57.857734338139075,13.336542964298111,True,False,True,False,False,2.505235212367122,0.0,0.0,0.0,0.0,0,,,False,False,False,False,,,False,False,False,False,-37213.0,-75068.18568188795,False,False,False,False,17180.04427846601,False,False,False,False
2024-04-10 17:00:00+00:00,5.475,5.555,5.445,5.555,3906.0,,,,,,,,5.427461442486457,5.167899778252589,,,,,,,,4.660187253938457,,4.798466233743718,5.0851828248925015,"rgba(38, 166, 154, 0.5)",0.6593148368223283,4.963523619773352,0.8971076444712835,59.56816427767306,13.336542964298111,True,False,True,False,False,3.7171612093052673,0.0,0.0,0.0,0.0,0,,,False,False,False,False,,,False,False,False,False,-33307.0,-74420.7254387579,False,False,False,False,16974.245142365766,False,False,False,False
2024-04-11 17:00:00+00:00,5.515,5.605,5.515,5.585,6829.0,,,,,,,,5.443285084545035,5.174059212141554,,,,,,,,4.665917096592988,,4.801746693597097,5.094420464426526,"rgba(38, 166, 154, 0.5)",0.6389611360116769,4.9712195235069965,0.9605912502349544,61.05932211632499,13.336542964298111,True,False,True,False,True,4.1201979352246525,0.0,0.0,0.0,0.0,0,,,False,False,False,False,,,False,False,False,False,-26478.0,-73677.42736993995,False,False,False,False,16816.954520003506,False,False,False,False
2024-04-12 17:00:00+00:00,5.325,5.33,5.13,5.17,18190.0,,,,,,,,5.3895609348492135,5.17547381494873,,,,,,,,4.674909785688195,,4.806328352987776,5.079981511828713,#000000,0.6199348120336287,4.968638640748472,0.3248105370804771,55.50388278488025,11.956530212558889,False,False,True,False,False,0.0,0.0,0.0,0.0,0.0,0,,,False,False,False,False,,,False,False,False,False,-44668.0,-73227.6688060649,False,False,False,False,16838.24204682516,False,False,False,False
2024-04-15 17:00:00+00:00,5.275,5.275,5.12,5.195,5595.0,,,,,,,,5.376801054610373,5.175727314707921,,,,,,,,4.677548897473288,,4.8076711337017874,5.076692422263861,#000000,0.6000454337152494,4.968240766605745,0.37790343972830504,52.177815638042794,8.83536409262048,False,True,False,False,False,0.0,0.0,0.0,0.0,0.0,0,,,False,False,False,False,,,False,False,False,False,-39073.0,-72698.13905713365,False,False,False,False,16663.928216641823,False,False,False,False
2024-04-16 17:00:00+00:00,5.07,5.1,5.035,5.065,19147.0,,,,,,,,5.319553800966631,5.171438537398551,,,,,,,,4.6841698140090955,,4.8106846532327,5.058387384124759,#000000,0.576994386907292,4.961622624358394,0.17916530556859095,48.344682960110184,5.250379401513406,False,True,False,True,False,0.0,0.0,0.0,0.0,0.0,0,,,False,False,False,False,,,False,False,False,False,-58220.0,-72473.67178493003,False,False,False,False,16702.42545359311,False,False,False,False
2024-04-17 17:00:00+00:00,5.075,5.17,5.075,5.125,21878.0,,,,,,,,5.285376202835321,5.169369941670124,,,,,,,,4.692545253549472,,4.814786782235794,5.049097132684973,#000000,0.561151502723648,4.960087789312638,0.2938817946435702,46.82517272413011,3.7654070430435596,False,True,False,True,False,0.0,0.0,0.0,0.0,0.0,0,,,False,False,False,False,,,False,False,False,False,-36342.0,-71913.49082702414,False,False,False,False,16782.666919428873,False,False,False,False
2024-04-18 17:00:00+00:00,4.89,4.895,4.8,4.815,22879.0,,,,,,,,5.216237734451291,5.1550524591274005,,,,,,,,4.695363396279631,,4.815082930208591,5.022217863286108,#000000,0.5465703716550783,4.945855280725461,-0.23941158817155808,42.40522963515039,-0.468046868188182,False,True,False,True,False,0.0,0.0,0.0,0.0,0.0,0,,,False,False,False,False,,,False,False,False,False,-59221.0,-71716.7080235044,False,False,False,False,16877.18371137571,False,False,False,False
2024-04-19 17:00:00+00:00,4.955,5.015,4.94,4.995,19412.0,,,,,,,,5.189309675971975,5.14900341279174,,,,,,,,4.700063080604568,,4.816993197052121,5.012792056456095,#000000,0.5323163896957691,4.941948195150767,0.09966216685447869,42.38849551394705,-0.6488234433789444,False,True,False,True,False,0.0,0.0,0.0,0.0,0.0,0,,,False,False,False,False,,,False,False,False,False,-39809.0,-71222.01487585317,False,False,False,False,16916.48318871872,False,False,False,False
2024-04-22 17:00:00+00:00,4.8,4.875,4.785,4.86,12353.0,,,,,,,,5.165370577901064,5.142228467842943,,,,,,,4.84,4.7015014450426165,,4.817158229690614,4.962275122696656,#000000,0.5133604005967933,4.9244844915740975,-0.12561251607863108,40.95954048455447,-2.318377382091171,False,True,False,True,False,0.0,0.0,0.0,0.0,0.0,0,,,False,False,False,False,,,False,False,False,False,-52162.0,-70926.5107692508,False,False,False,False,16845.731511374244,False,False,False,False
2024-04-23 17:00:00+00:00,5.005,5.065,4.995,5.06,13203.0,,,,,,,,5.156814144348584,5.139887719237397,,,,,,,4.943326029112538,4.705179756650066,,4.818853712555814,4.986301912337146,#000000,0.4979827957518854,4.937134292411837,0.2467268119225926,42.96511255391268,-2.318377382091171,False,True,False,True,False,0.0,0.0,0.0,0.0,0.0,0,,,False,False,False,False,,,False,False,False,False,-38959.0,-70430.89044724691,False,False,False,False,16789.255053833556,False,False,False,False
2024-04-24 17:00:00+00:00,4.815,4.91,4.795,4.895,11771.0,,,,,,,,5.1401722020816285,5.134421821543839,,,,,,,4.919151641796376,4.706729224541566,,4.819175854399007,4.975118722490852,#000000,0.4862005481002383,4.930820023038125,-0.07367334976911726,42.46317606541266,-2.318377382091171,False,True,False,True,False,0.0,0.0,0.0,0.0,0.0,0,,,False,False,False,False,,,False,False,False,False,-50730.0,-70125.4502852741,False,False,False,False,16711.45264989815,False,False,False,False
2024-04-25 17:00:00+00:00,4.885,4.92,4.86,4.885,27958.0,,,,,,,,5.109977285267875,5.123259084274225,,,,,,,4.90595384340456,4.7107757039561395,,4.820265132010617,4.962491479225699,#000000,0.4787055744683011,4.923325450484406,-0.08006058949067961,42.0187709017958,-2.318377382091171,False,True,False,True,False,0.0,0.0,0.0,0.0,0.0,0,,,False,False,False,False,,,False,False,False,False,-78688.0,-70258.20299402953,False,False,False,False,16885.817725093526,False,False,False,False
2024-04-26 17:00:00+00:00,5.195,5.31,5.18,5.245,11079.0,,,,,,,,5.116101540292284,5.125408761377137,,,,,,,4.955143152096101,4.715451460619893,,4.822899700821467,4.978026228596353,"rgba(38, 166, 154, 0.5)",0.47520022332933654,4.93303064235201,0.6565008649665135,46.499044540992855,-2.318377382091171,False,True,False,True,True,0.0024360673092616025,0.0,0.0,0.0,0.0,0,,,False,False,False,False,,,False,False,False,False,-67609.0,-70217.13007939342,False,False,False,False,16795.78954330913,False,False,False,False
2024-04-29 17:00:00+00:00,5.27,5.355,5.26,5.345,8815.0,,,,,,,,5.123203616041559,5.12810477810103,,,,,,,4.9929014389305655,4.719632336865846,,4.825340990464984,4.99096054248475,"rgba(38, 166, 154, 0.5)",0.4729724388671363,4.941394693947265,0.8533378964310276,50.535399158047866,-5.2739695744846316,False,True,False,False,True,1.2464675564657028,0.0,0.0,0.0,0.0,0,,,False,False,False,False,,,False,False,False,False,-58794.0,-70040.02728746484,False,False,False,False,16672.056372095034,False,False,False,False
2024-04-30 17:00:00+00:00,5.125,5.175,5.08,5.08,14939.0,,,,,,,,5.122560553202868,5.12772766548625,,,,,,,5.010622865019276,4.7241738337566,,4.827704379198398,4.996271229366249,#000000,0.4680807372415315,4.945382611457363,0.2875943781321931,49.825861678907486,-5.2739695744846316,False,True,False,False,True,0.0,0.0,0.0,0.0,0.0,0,,,False,False,False,False,,,False,False,False,False,-73733.0,-70097.28267835686,False,False,False,False,16645.1872810548,False,False,False,False
2024-05-01 17:00:00+00:00,5.035,5.21,4.99,5.085,11055.0,,,,,,,,5.121468777248242,5.127181328839475,,,,,,,5.0190132945949095,4.72732575495465,,4.829327157707286,4.998747288909319,#000000,0.4653737914470096,4.94748088106288,0.29550250027945263,49.41614272523269,-5.2739695744846316,False,True,False,False,True,0.0,0.0,0.0,0.0,0.0,0,,,False,False,False,False,,,False,False,False,False,-62678.0,-69982.25503993272,False,False,False,False,16558.51771080589,False,False,False,False
2024-05-02 17:00:00+00:00,5.015,5.155,5.015,5.125,14955.0,,,,,,,,5.120292038658845,5.126544254312909,,,,,,,5.028418273499935,4.731543208281234,,4.831518474095304,5.001699443688231,#000000,0.46607009487128903,4.9501255142503915,0.37521069829185727,49.692450555524985,-5.2739695744846316,False,True,False,False,True,0.0,0.0,0.0,0.0,0.0,0,,,False,False,False,False,,,False,False,False,False,-47723.0,-69637.15031063143,False,False,False,False,16533.65697110347,False,False,False,False
2024-05-03 17:00:00+00:00,5.125,5.13,5.04,5.13,11680.0,,,,,,,,5.119516745446319,5.126094189728524,,,,,,,5.034485225821432,4.7347856469255705,,4.833215777194785,5.003720451980461,#000000,0.4663681509840174,4.952040738791189,0.38158536519555186,49.951109234856744,-4.812755435452068,False,True,False,False,True,0.0,0.0,0.0,0.0,0.0,0,,,False,False,False,False,,,False,False,False,False,-36043.0,-69116.31077093171,False,False,False,False,16458.406475427448,False,False,False,False
2024-05-06 17:00:00+00:00,5.38,5.42,5.345,5.415,13769.0,,,,,,,,5.131317958060229,5.131331025848668,,,,,,,5.067082384970454,4.741547252592651,,4.837359198943835,5.017819655368001,"rgba(38, 166, 154, 0.5)",0.4695443737485499,4.962313658632206,0.9640970410396541,53.8140549838384,-0.8898065487358124,False,True,True,False,True,2.22954152496445,0.0,0.0,0.0,0.0,0,,,False,False,False,False,,,False,False,False,False,-22274.0,-68390.0733946382,False,False,False,False,16416.710251002216,False,False,False,False
2024-05-07 17:00:00+00:00,5.3,5.39,5.26,5.385,16227.0,,,,,,,,5.141646847442615,5.136154173413386,,,,,,,5.093957603314977,4.748761950231631,,4.841746551673019,5.030130143600652,"rgba(38, 166, 154, 0.5)",0.4730425480358519,4.971730984561808,0.8736402616511995,55.86036681302409,1.1784305669844244,False,False,True,False,True,1.839249006852448,0.0,0.0,0.0,0.0,0,,,False,False,False,False,,,False,False,False,False,-38501.0,-67926.67690789961,False,False,False,False,16413.76900680063,False,False,False,False
2024-05-08 17:00:00+00:00,5.235,5.285,5.185,5.265,7373.0,,,,,,,,5.1438680090398385,5.137259206425049,,,,,,,5.10031480540634,4.751443081685884,,4.843323901486494,5.033221275639278,"rgba(38, 166, 154, 0.5)",0.47539602267833225,4.974336263762701,0.6114138999306924,55.14665472953461,1.1784305669844244,False,False,True,False,True,0.2863019494740726,0.0,0.0,0.0,0.0,0,,,False,False,False,False,,,False,False,False,False,-45874.0,-67584.77494033528,False,False,False,False,16273.602045454883,False,False,False,False
2024-05-09 17:00:00+00:00,5.43,5.515,5.415,5.505,11572.0,,,,,,,5.478333333333333,5.1547815192238655,5.142608678170034,,,,,,,5.123738922296772,4.757555229134787,,4.847198584795062,5.131403536431758,"rgba(38, 166, 154, 0.5)",0.48064411550102726,5.0381160306852415,0.9713714456445073,57.59569763517146,3.064036028209287,True,False,True,False,True,3.245844025946969,0.0,0.0,0.0,0.0,0,,,False,False,False,False,,,False,False,False,False,-34302.0,-67068.76292575643,False,False,False,False,16200.70899048659,False,False,False,False
2024-05-10 17:00:00+00:00,5.245,5.275,5.195,5.215,12138.0,,,,,,,5.350349360326163,5.157215572834875,5.143996136636483,,,,,,,5.130122280490931,4.76167114322291,,4.8496224170908775,5.108670898702273,#000000,0.4819492796011912,5.026866110014358,0.390360351075369,54.959727569554396,3.064036028209287,False,False,True,False,False,0.0,0.0,0.0,0.0,0.0,0,,,False,False,False,False,,,False,False,False,False,-46440.0,-66748.93714396175,False,False,False,False,16137.721254199976,False,False,False,False
2024-05-13 17:00:00+00:00,5.33,5.33,5.285,5.315,11770.0,,,,,,,5.336964017286735,5.161965945853608,5.146561203730326,,,,,,,5.140172555386243,4.7662806469092285,,4.852444030932347,5.110388873833228,"rgba(38, 166, 154, 0.5)",0.48447930626415536,5.029558112210531,0.5891725076774198,54.437403618608585,3.064036028209287,False,False,True,False,False,0.8176852991954568,0.0,0.0,0.0,0.0,0,,,False,False,False,False,,,False,False,False,False,-34670.0,-66251.58928126468,False,False,False,False,16070.004645607727,False,False,False,False
2024-05-14 17:00:00+00:00,4.975,5.04,4.955,4.995,10974.0,,,,,,,5.256574317245734,5.15730904239661,5.1444323655085995,,,,,,,5.1330668994860815,4.768072353862174,,4.853263496394632,5.09189099569984,#000000,0.48443567986671565,5.019350019743591,-0.050264711613088355,50.359701514231844,5.0444978578304,False,True,False,False,False,0.0,0.0,0.0,0.0,0.0,0,,,False,False,False,False,,,False,False,False,False,-45644.0,-65932.09177302802,False,False,False,False,15990.996821644816,False,False,False,False
2024-05-15 17:00:00+00:00,4.83,4.84,4.69,4.725,16009.0,,,,,,,5.127168643837152,5.141295882578738,5.136460064020639,,,,,,,5.107373260674408,4.767888316865171,,4.852428294158655,5.056037233595221,"rgba(239, 83, 80, 0.5)",0.48204595870757533,4.997839717021133,-0.5660035357471938,45.307219441264174,0.41948124018243504,False,True,False,True,False,0.0,0.0,0.0,0.0,0.0,0,,,False,False,False,False,,,False,False,False,False,-61653.0,-65865.74926491905,False,False,False,False,15991.275940689082,False,False,False,False
2024-05-16 17:00:00+00:00,4.815,4.905,4.805,4.885,18511.0,,,,,,,5.067235779385976,5.1292347171389405,5.1302349601200845,,,,,,,5.089857922345282,4.7691318312663835,,4.852546669888261,5.037139042051334,#000000,0.4771278371390335,4.9864740922991055,-0.2126769481897501,44.0899732409394,-0.6069529206619748,False,True,False,True,False,0.0,0.0,0.0,0.0,0.0,0,,,False,False,False,False,,,False,False,False,False,-43142.0,-65513.44307476527,False,False,False,False,16030.341429980723,False,False,False,False
2024-05-17 17:00:00+00:00,5.065,5.075,4.99,5.045,3634.0,,,,,,,5.065922804778114,5.1284481694343,5.1298156130179615,,,,,,,5.089113856971468,4.769802679607685,,4.852886390892464,5.036620624761906,#000000,0.4694664596717809,4.986285520367948,0.12506639914830284,45.23789895925034,-0.6069529206619748,False,True,False,True,False,0.0,0.0,0.0,0.0,0.0,0,,,False,False,False,False,,,False,False,False,False,-39508.0,-65110.257910815424,False,False,False,False,15838.150089981022,False,False,False,False
2024-05-20 17:00:00+00:00,4.985,5.0,4.94,4.985,3864.0,,,,,,,5.061951766283872,5.1270742168853385,5.1290813574841705,,,,,,,5.087441421485888,4.770348326274891,,4.853125494705071,5.035179417682832,#000000,0.45403955655748557,4.985489985482742,-0.00107916915093621,45.35717732478453,-0.6069529206619748,False,True,False,True,False,0.0,0.0,0.0,0.0,0.0,0,,,False,False,False,False,,,False,False,False,False,-43372.0,-64773.23065638417,False,False,False,False,15652.504352151856,False,False,False,False
2024-05-21 17:00:00+00:00,4.99,5.01,4.975,5.005,5370.0,,,,,,,5.058215901906041,5.125471417846909,5.128214290504742,,,,,,,5.085629428900312,4.771181613547292,,4.853515038144946,5.033742530541059,#000000,0.4461969730273144,4.9847485075243405,0.04538688897474808,45.70978795123007,-0.6069529206619748,False,True,False,True,False,0.0,0.0,0.0,0.0,0.0,0,,,False,False,False,False,,,False,False,False,False,-38002.0,-64358.1728167503,False,False,False,False,15493.085680025471,False,False,False,False
2024-05-22 17:00:00+00:00,5.025,5.03,4.825,4.845,9933.0,,,,,,,5.0430719987151695,5.120459416939504,5.125483195504666,,,,,,,5.079019484833709,4.772053000900976,,4.8537472174047265,5.028017419378804,#000000,0.43794218837691307,4.98127635073468,-0.31117429275252734,44.098242087505696,-1.2662375566357014,False,True,False,True,False,0.0,0.0,0.0,0.0,0.0,0,,,False,False,False,False,,,False,False,False,False,-47935.0,-64103.54998238208,False,False,False,False,15406.882801265387,False,False,False,False
2024-05-23 17:00:00+00:00,4.715,4.72,4.645,4.685,6252.0,,,,,,,5.022630778505882,5.114427842798848,5.122177651183593,,,,,,,5.0703455888884195,4.771676863360462,,4.853213155898909,5.0202517449474415,"rgba(239, 83, 80, 0.5)",0.42817249407766017,4.976225906287014,-0.6801602398919927,41.41095823921188,-4.009717773993195,False,True,False,True,False,0.0,0.0,0.0,0.0,0.0,0,,,False,False,False,False,,,False,False,False,False,-54187.0,-63949.80502141492,False,False,False,False,15264.946633803907,False,False,False,False
2024-05-24 17:00:00+00:00,4.765,4.795,4.71,4.71,8013.0,,,,,,,5.00333159663391,5.10789226742194,5.118534617029165,,,,,,,5.061272396666403,4.77149666076292,,4.852753571453532,5.012505507702867,"rgba(239, 83, 80, 0.5)",0.41888863040751534,4.971174781302595,-0.6234945576071402,40.054060519147505,-5.450064357723683,False,True,False,True,False,0.0,0.0,0.0,0.0,0.0,0,,,False,False,False,False,,,False,False,False,False,-46174.0,-63674.211145113906,False,False,False,False,15152.51335265966,False,False,False,False
2024-05-27 17:00:00+00:00,4.71,4.71,4.71,4.71,0.0,,,,,,,5.00333159663391,5.10789226742194,5.118534617029165,,,,,,,5.061272396666403,4.77149666076292,,4.852753571453532,5.012505507702867,"rgba(239, 83, 80, 0.5)",0.41278363985668404,4.971174781302595,-0.6327159220585218,39.14946203910459,-6.497445267433768,False,True,False,True,False,0.0,0.0,0.0,0.0,0.0,0,,,False,False,False,False,,,False,False,False,False,-46174.0,-63402.89004208888,False,False,False,False,14917.590665021526,False,False,False,False
2024-05-28 17:00:00+00:00,4.645,4.65,4.585,4.585,5503.0,,,,,,,4.985662873115704,5.101981114418608,5.115219881365931,,,,,,,5.052897680101765,4.7708871502964145,,4.852079318459316,5.005329739859684,"rgba(239, 83, 80, 0.5)",0.4018161809126688,4.966389000489954,-0.9491628724947884,37.12425936878506,-8.5856321334468,False,True,False,True,False,0.0,0.0,0.0,0.0,0.0,0,,,False,False,False,False,,,False,False,False,False,-51677.0,-63221.09329725029,False,False,False,False,14771.6280190522,False,False,False,False
2024-05-29 17:00:00+00:00,4.23,4.405,4.205,4.395,9099.0,,,,,,,4.941028583203913,5.087311098778825,5.106954237849237,,,,,,,5.031676927025295,4.76823824843694,,4.849747350109965,4.987041819058842,"rgba(239, 83, 80, 1.0)",0.39812907047433255,4.953934857537823,-1.40390365584685,33.97219074689228,-11.634408118304869,False,True,False,True,False,0.0,0.0,0.0,0.0,0.0,0,,,False,False,False,False,,,False,False,False,False,-60776.0,-63183.184874037106,False,False,False,False,14683.680297826584,False,False,False,False
2024-05-30 17:00:00+00:00,4.495,4.52,4.415,4.475,9668.0,,,,,,,4.909028693228398,5.075015341804979,5.099864183757393,,,,,,,5.014572943144127,4.766324861220236,,4.847936314107812,4.9729612046310265,"rgba(239, 83, 80, 1.0)",0.394025768581581,4.944243274047146,-1.1908948892767452,33.60336733078006,-12.07597795049577,False,True,False,True,False,0.0,0.0,0.0,0.0,0.0,0,,,False,False,False,False,,,False,False,False,False,-51108.0,-62995.972705447384,False,False,False,False,14605.917812588963,False,False,False,False
2024-05-31 17:00:00+00:00,4.45,4.545,4.43,4.53,7514.0,,,,,,,4.88859860013527,5.0662749088046635,5.09473345014354,,,,,,,5.002714586519219,4.765011756681269,,4.846657596756357,4.963466660456793,"rgba(239, 83, 80, 1.0)",0.3901288421964119,4.937636716174481,-1.0448771587342789,34.53573177352281,-12.07597795049577,False,True,False,True,False,0.0,0.0,0.0,0.0,0.0,0,,,False,False,False,False,,,False,False,False,False,-43594.0,-62695.16692706835,False,False,False,False,14495.965598440296,False,False,False,False
2024-06-03 17:00:00+00:00,4.515,4.555,4.49,4.51,8739.0,,,,,,,4.868191896386084,5.05672923847324,5.089040482411924,,,,,,,4.990031037134694,4.7635964947409954,,4.845253514944292,4.953517829829387,"rgba(239, 83, 80, 1.0)",0.3864968911218384,4.930644523631288,-1.0883516356634415,34.901470978571695,-12.07597795049577,False,True,False,True,False,0.0,0.0,0.0,0.0,0.0,0,,,False,False,False,False,,,False,False,False,False,-52333.0,-62534.51317626109,False,False,False,False,14406.710317844321,False,False,False,False
2024-06-04 17:00:00+00:00,4.365,4.365,4.25,4.26,24852.0,,,,,,,4.790075030213814,5.020615786844551,5.0672560561355064,,,,,,,4.941631320088939,4.756020248713058,,4.838601932660038,4.915119688399173,"rgba(255, 0, 0, 1.0)",0.37985627912776715,4.903134464156768,-1.6930994681292224,32.42889026294074,-13.636229870180372,False,True,False,True,False,0.0,0.0,0.0,0.0,0.0,0,,,False,False,False,False,,,False,False,False,False,-77185.0,-62761.65250686169,False,False,False,False,14568.652793536658,False,False,False,False
2024-06-05 17:00:00+00:00,4.1,4.125,4.09,4.12,8368.0,,,,,,,4.760474277351659,5.0063950021532255,5.058545638966592,,,,,,,4.922705158600391,4.752555913143244,,4.835672781630292,4.9001351980430226,"rgba(255, 26, 202, 1.0)",0.3781035179289789,4.892226327348169,-2.0423674753886316,29.626777033380264,-16.346046435381318,False,True,False,True,False,0.0,0.0,0.0,0.0,0.0,0,,,False,False,False,False,,,False,False,False,False,-85553.0,-63115.0067315615,False,False,False,False,14472.51864169888,False,False,False,False
2024-06-06 17:00:00+00:00,4.16,4.18,4.13,4.165,3677.0,,,,,,,4.749146781950271,5.00060461054146,5.05495436517193,,,,,,,4.915122010664521,4.75115538444051,,4.834475610936301,4.894196630553738,"rgba(255, 0, 0, 1.0)",0.37218492933167113,4.887870240070473,-1.9422340430831637,28.861785206697014,-17.136556275455682,False,True,False,True,False,0.0,0.0,0.0,0.0,0.0,0,,,False,False,False,False,,,False,False,False,False,-81876.0,-63405.874844250466,False,False,False,False,14305.146259657036,False,False,False,False
2024-06-07 17:00:00+00:00,4.07,4.125,4.035,4.11,19201.0,,,,,,,4.690187411779503,4.969255458834992,5.03526252822646,,,,,,,4.874481622280707,4.7431170859993435,,4.827667283295871,4.862460821424201,"rgba(255, 26, 202, 1.0)",0.37053953844299653,4.86435355391451,-2.0358247248979042,27.836995706078138,-18.235264695296877,False,True,False,True,False,0.0,0.0,0.0,0.0,0.0,0,,,False,False,False,False,,,False,False,False,False,-101077.0,-63989.92329627759,False,False,False,False,14381.05096880964,False,False,False,False
2024-06-10 17:00:00+00:00,4.005,4.105,3.99,4.1,10119.0,,,,,,,4.662043131061482,4.953141878604948,5.024938795603181,,,,,,,4.854001559334295,4.7387998553764685,,4.824009223718058,4.8465850439960745,"rgba(255, 26, 202, 1.0)",0.36903901256207605,4.852424582215966,-2.0388754484037137,27.05558880393199,-19.142948599475694,False,True,False,True,False,0.0,0.0,0.0,0.0,0.0,0,,,False,False,False,False,,,False,False,False,False,-111196.0,-64721.80045447484,False,False,False,False,14314.972659215693,False,False,False,False
2024-06-11 17:00:00+00:00,3.885,3.915,3.87,3.875,14356.0,,,,,,,4.615495122719568,4.926844978615965,5.008011693877107,,,,,,,4.820483277940429,4.731172063325789,,4.817673961494529,4.820401427295772,"rgba(255, 26, 202, 1.0)",0.379473402313077,4.832636373613722,-2.5235928731143145,24.628348473936406,-21.56034068163632,False,True,False,True,False,0.0,0.0,0.0,0.0,0.0,0,,,False,False,False,False,,,False,False,False,False,-125552.0,-65664.90432339771,False,False,False,False,14315.60874201855,False,False,False,False
2024-06-12 17:00:00+00:00,4.135,4.145,4.055,4.075,9971.0,,,,,,,4.594527853492675,4.91278244883462,4.998643882320294,,,,,,,4.803355527586867,4.727220680600749,,4.814281783989904,4.8073060785670405,"rgba(255, 0, 0, 1.0)",0.39283907715569727,4.8225379327065445,-1.9029113348880673,27.91012498398513,-21.56034068163632,False,True,False,True,True,0.0,0.0,0.0,0.0,0.0,0,,,False,False,False,False,,,False,False,False,False,-115581.0,-66438.79727962411,False,False,False,False,14248.250466948495,False,False,False,False
2024-06-13 17:00:00+00:00,4.02,4.03,3.975,3.995,10113.0,,,,,,,4.571333423346963,4.897456098405985,4.9883955969169085,,,,,,,4.78465297105336,4.722691712637549,,4.81044117253831,4.792905960472153,"rgba(255, 0, 0, 1.0)",0.40888232629542215,4.811395412701814,-1.9966512617421353,29.222658599793114,-24.858698125785317,False,True,False,True,True,0.0,0.0,0.0,0.0,0.0,0,,,False,False,False,False,,,False,False,False,False,-125694.0,-67357.48259311831,False,False,False,False,14184.138056608208,False,False,False,False
2024-06-14 17:00:00+00:00,3.865,3.875,3.8,3.805,7953.0,,,,,,,4.5491667571199175,4.883501112391104,4.979095113752508,,,,,,,4.7674293583512295,4.7183247212037545,,4.806805671269457,4.779503412563702,"rgba(255, 26, 202, 1.0)",0.43022644362334594,4.801029229315335,-2.315127868307736,28.30246052846763,-24.858698125785317,False,True,False,True,True,0.0,0.0,0.0,0.0,0.0,0,,,False,False,False,False,,,False,False,False,False,-133647.0,-68385.22704903896,False,False,False,False,14087.531265032887,False,False,False,False
2024-06-17 17:00:00+00:00,3.785,3.845,3.765,3.795,7150.0,,,,,,,4.529683791248516,4.870972518492964,4.970681245777382,,,,,,,4.752067393400074,4.714325772427221,,4.803477317808179,4.767546144269231,"rgba(255, 26, 202, 1.0)",0.4503784994788185,4.79173287655723,-2.213100487058457,27.60155012493368,-24.858698125785317,False,True,False,True,True,0.0,0.0,0.0,0.0,0.0,0,,,False,False,False,False,,,False,False,False,False,-140797.0,-69507.89019556549,False,False,False,False,13979.97264076881,False,False,False,False
2024-06-18 17:00:00+00:00,3.635,3.655,3.545,3.575,11567.0,,,,,,,4.491731977333939,4.847445367832394,4.954921367227498,,,,,,,4.722955886382382,4.706458090481165,,4.79702029252287,4.7447025378514756,"rgba(255, 26, 202, 1.0)",0.4766363280208386,4.773971568005722,-2.5154850722022655,25.41364582576036,-24.858698125785317,False,True,False,True,False,0.0,0.0,0.0,0.0,0.0,0,,,False,False,False,False,-0.34282825441539394,-0.34282825441539394,False,False,False,False,-152364.0,-70792.48104524665,False,False,False,False,13942.56221222976,False,False,False,False
2024-06-19 17:00:00+00:00,3.575,3.575,3.575,3.575,0.0,,,,,,,4.491731977333939,4.847445367832394,4.954921367227498,,,,,,,4.722955886382382,4.706458090481165,,4.79702029252287,4.7447025378514756,"rgba(255, 26, 202, 1.0)",0.4987734776248444,4.773971568005722,-2.403839862767394,23.95504295964481,-22.101531345195248,False,True,False,True,False,0.0,0.0,0.0,0.0,0.0,0,0.8068181818181821,0.9167355371900826,False,False,False,False,-0.34282825441539394,-0.34282825441539394,False,False,False,False,-152364.0,-72057.15575772345,False,False,False,False,13726.39845700139,False,False,False,False
2024-06-20 17:00:00+00:00,3.685,3.715,3.58,3.58,13421.0,,,,,,,4.452868020219771,4.821905482433952,4.937517203743286,,,,,,,4.691899956725283,4.697735296739577,,4.789818837577299,4.720385191972374,"rgba(255, 26, 202, 1.0)",0.5206941659116353,4.7548593655452285,-2.256332877262559,23.13096387876832,-23.01104649823776,False,True,False,True,False,0.0,0.0,0.0,0.0,0.0,0,0.8056696795398524,0.9065324568611338,False,False,False,False,-0.3250763846161586,-0.3339523195157763,False,False,False,False,-138943.0,-73094.14559093704,False,False,False,False,13721.66359720292,False,False,False,False
2024-06-21 17:00:00+00:00,3.585,3.585,3.425,3.445,12063.0,,,,,,,4.415371659162293,4.797263202474962,4.92063067547533,,,,,,,4.661977432307541,4.68900668334121,,4.782652225712939,4.696849930552267,"rgba(255, 26, 202, 1.0)",0.5459188633903436,4.7362803099979205,-2.365333745712003,21.53498806108885,-24.656423405255293,False,True,False,True,False,0.0,0.0,0.0,0.0,0.0,0,0.8007372516895354,0.9148064714314971,False,False,False,False,-0.34282825441539394,-0.33839028696558515,False,False,False,False,-151006.0,-74302.08131820934,False,False,False,False,13695.947882517603,False,False,False,False
2024-06-24 17:00:00+00:00,3.33,3.365,3.32,3.335,8354.0,,,,,,,4.387273854651453,4.778895761227838,4.90800641159856,,,,,,,4.639662443633962,4.682315959000105,,4.77718564606207,4.679230886022384,"rgba(255, 26, 202, 1.0)",0.5724145398270424,4.722334552834123,-2.4236535872294804,19.74862482067619,-26.44811056014928,False,True,False,True,False,0.0,0.0,0.0,0.0,0.0,0,0.7962620661326764,0.9272951324707333,False,False,False,False,-0.34282825441539394,-0.3406092706904895,False,False,False,False,-159360.0,-75620.80873963246,False,False,False,False,13613.12698511423,False,False,False,False
2024-06-25 17:00:00+00:00,3.235,3.435,3.235,3.37,17111.0,,,,,,,4.334412310728072,4.7428516319980165,4.882875580075505,,,,,,,4.596451976110121,4.6688838945235505,,4.766168454659542,4.645095078687053,"rgba(255, 26, 202, 1.0)",0.5963101028313524,4.695071630721921,-2.2221183649754064,19.69142629945968,-26.655127119279175,False,True,False,True,False,0.0,0.0,0.0,0.0,0.0,0,0.7920181032709322,0.9292326681752726,False,False,False,False,-0.34282825441539394,-0.34171876255294176,False,False,False,False,-142249.0,-76653.80395297149,False,False,False,False,13667.357574492302,False,False,False,False
2024-06-26 17:00:00+00:00,3.315,3.325,3.265,3.305,16998.0,,,,,,,4.284640041412665,4.707619124488876,4.857938446729466,,,,,,,4.554741509676491,4.65532729773541,,4.75502379066773,4.612053284008582,"rgba(255, 26, 202, 1.0)",0.62018315370876,4.668427990981446,-2.1984279689443413,19.143330142642874,-27.390435067929307,False,True,False,True,False,0.0,0.0,0.0,0.0,0.0,0,0.7952479338842977,0.9241735537190082,False,False,False,False,-0.34282825441539394,-0.3422735084841678,False,False,False,False,-159247.0,-77934.31862036728,False,False,False,False,13718.995441554436,False,False,False,False
2024-06-27 17:00:00+00:00,3.225,3.35,3.22,3.31,22025.0,,,,,,,4.226550821844188,4.664291700976629,4.826670563761586,,,,,,,4.504323090864106,4.638092028555846,,4.740783741480105,4.571985641200471,"rgba(255, 26, 202, 1.0)",0.6422084152739265,4.63572698547652,-2.0643251535578937,18.961433827800704,-27.812606689637704,False,True,False,True,False,0.0,0.0,0.0,0.0,0.0,0,0.7936703658035347,0.9206740649404027,False,False,False,False,-0.34282825441539394,-0.34255088144978085,False,False,False,False,-137222.0,-78853.50747896623,False,False,False,False,13847.770706026458,False,False,False,False
2024-06-28 17:00:00+00:00,3.245,3.245,3.175,3.2,9752.0,,,,,,,4.200758422498492,4.6447843681612255,4.812461626441099,,,,,,,4.4817572054473045,4.630116438737064,,4.734194687900966,4.5539756122570365,"rgba(255, 26, 202, 1.0)",0.6662617576671568,4.620941664378526,-2.1327078254555665,17.956449643558066,-28.999907031152926,False,True,False,True,False,0.0,0.0,0.0,0.0,0.0,0,0.78875849289685,0.9291743874819847,False,False,False,False,-0.34282825441539394,-0.3426895679325874,False,False,False,False,-146974.0,-79909.63914595901,False,False,False,False,13784.270385002792,False,False,False,False
2024-07-01 17:00:00+00:00,3.19,3.205,3.165,3.195,7824.0,,,,,,,4.180625100608821,4.629312423513354,4.801112677532282,,,,,,,4.463960016883127,4.623700028591928,,4.728886133500467,4.539742049425902,"rgba(255, 26, 202, 1.0)",0.6896443331937889,4.609205920285009,-2.050630813909146,17.247992406384007,-29.875946618275595,False,True,False,True,False,0.0,0.0,0.0,0.0,0.0,0,0.7912934805248908,0.9243907519266817,False,False,False,False,-0.34282825441539394,-0.3427589111739907,False,False,False,False,-154798.0,-81070.69900416119,False,False,False,False,13691.86309221205,False,False,False,False
2024-07-02 17:00:00+00:00,3.075,3.12,3.01,3.115,11635.0,,,,,,,4.149059478168133,4.605243813492982,4.78342903325985,,,,,,,4.436242682751687,4.613561876815391,,4.720516960196631,4.517507376897609,"rgba(255, 26, 202, 1.0)",0.7130305390020464,4.590852212386238,-2.069830297103169,16.16750331897324,-31.07068193992601,False,True,False,True,False,0.0,0.0,0.0,0.0,0.0,0,0.7898565786738724,0.9233007690708791,False,False,False,False,-0.34282825441539394,-0.3427935827946923,False,False,False,False,-166433.0,-82394.14553122845,False,False,False,False,13659.973741945196,False,False,False,False
2024-07-03 17:00:00+00:00,3.235,3.235,3.235,3.235,0.0,,,,,,,4.149059478168133,4.605243813492982,4.78342903325985,,,,,,,4.436242682751687,4.613561876815391,,4.720516960196631,4.517507376897609,"rgba(255, 0, 0, 1.0)",0.7310326707923286,4.590852212386238,-1.854708095216456,20.114337179313132,-32.8585707682642,False,True,False,True,True,0.0,0.0,0.0,0.0,0.0,0,0.7973815461346635,0.9199916874480465,False,False,False,False,-0.30224228402081327,-0.3225179334077528,False,False,False,False,-166433.0,-83697.07350748847,False,False,False,False,13448.191203310385,False,False,False,False
2024-07-04 17:00:00+00:00,3.235,3.235,3.235,3.235,0.0,,,,,,,4.149059478168133,4.605243813492982,4.78342903325985,,,,,,,4.436242682751687,4.613561876815391,,4.720516960196631,4.517507376897609,"rgba(255, 0, 0, 1.0)",0.7472287962022565,4.590852212386238,-1.8145074430713488,22.74555975287306,-30.506653786302188,False,True,False,True,True,0.0,0.0,0.0,0.0,0.0,0,0.7921478060046191,0.9275666596682763,False,False,False,False,-0.30050175725502065,-0.3115098453313867,False,False,False,False,-166433.0,-84979.80105000803,False,False,False,False,13239.692114886968,False,False,False,False
2024-07-05 17:00:00+00:00,3.185,3.185,3.11,3.145,6590.0,,,,,,,4.1330129337184385,4.592508220302791,4.773949970003328,,,,,,,4.4217612125962775,4.608119746679001,,4.716000839360746,4.505870416659968,"rgba(255, 0, 0, 1.0)",0.7655919102060654,4.581170768059783,-1.8758959556837869,23.24996099380565,-30.10135970651851,False,True,False,True,True,0.0,0.0,0.0,0.0,0.0,0,0.7945809703843731,0.9224952741020794,False,False,False,False,-0.3207467542561989,-0.3161282997937928,False,False,False,False,-173023.0,-86344.81188644201,False,False,False,False,13136.596113105774,False,False,False,False
2024-07-08 17:00:00+00:00,3.07,3.075,3.025,3.07,10293.0,,,,,,,4.106757039438551,4.571844433115913,4.758555401787905,,,,,,,4.398230578447347,4.599181430359885,,4.708597111454621,4.486913776629921,"rgba(255, 0, 0, 1.0)",0.7847839089735359,4.565389754014484,-1.9054796319287317,22.68458330610771,-30.10135970651851,False,True,False,True,True,0.0,0.0,0.0,0.0,0.0,0,0.7959097617541642,0.9200927682901119,False,False,False,False,-0.34282825441539394,-0.3294782771045934,False,False,False,False,-183316.0,-87848.24115952043,False,False,False,False,13092.509351662273,False,False,False,False
2024-07-09 17:00:00+00:00,2.985,2.995,2.905,2.925,22356.0,,,,,,,4.048134359038993,4.5255593148299145,4.7238552518909165,,,,,,,4.345666379871151,4.57869690508543,,4.691638133014599,4.444382442143281,"rgba(255, 0, 0, 1.0)",0.8071628546172532,4.371026962123436,-1.7914934437971928,20.90534429837794,-30.10135970651851,False,True,False,True,False,0.0,0.0,0.0,0.0,0.0,0,0.7974174428450466,0.915749364944962,False,False,False,False,-0.34282825441539394,-0.33615326575999366,False,False,False,False,-205672.0,-89674.96610278368,False,False,False,False,13236.12936171402,False,False,False,False
2024-07-10 17:00:00+00:00,3.06,3.07,2.975,2.995,9205.0,,,,,,,4.027131081451559,4.508084801359796,4.7105089942174585,,,,,,,4.326159074738001,4.570771726330762,,4.685031687751205,4.428531135619515,"rgba(255, 0, 0, 1.0)",0.8245563262355909,4.361059908789831,-1.6567211545467209,22.359815531679867,-30.10135970651851,False,True,False,True,False,0.0,0.0,0.0,0.0,0.0,0,0.807193019791445,0.9057246222600553,False,False,False,False,-0.3227907736467856,-0.32947201970338963,False,False,False,False,-196467.0,-91330.65655080254,False,False,False,False,13173.631232075044,False,False,False,False
2024-07-11 17:00:00+00:00,3.17,3.26,3.145,3.245,20972.0,,,,,,,3.9913092611209113,4.474957542517621,4.684417482142808,,,,,,,4.2903433251342475,4.555330512604831,,4.671979913806314,4.399271624704085,"rgba(239, 83, 80, 1.0)",0.8316388790967052,4.348522593740434,-1.3269252093397055,30.255208260229786,-23.825213114074273,False,False,False,True,True,0.0,0.0,0.0,0.0,0.0,0,0.8028198653198654,0.8985690235690236,False,False,False,False,-0.27407059731197164,-0.30177130850768064,False,False,False,False,-175495.0,-92635.53009265056,False,False,False,False,13294.536174213416,False,False,False,False
2024-07-12 17:00:00+00:00,3.185,3.235,3.175,3.235,6943.0,,,,,,,3.9801136712972967,4.4643476922343,4.675969694059017,,,,,,,4.278972617899947,4.550289568917544,,4.667705069703453,4.389938648881621,"rgba(239, 83, 80, 1.0)",0.8378677463420819,4.343003615900001,-1.3224087223040433,35.32914642386092,-19.527169477513294,True,False,False,True,True,0.0,0.0,0.0,0.0,0.0,0,0.8050274609209971,0.9034643008027038,False,False,False,False,-0.2734032708184096,-0.28758728966304514,False,False,False,False,-182438.0,-94027.81644780326,False,False,False,False,13196.062745155843,False,False,False,False
2024-07-15 17:00:00+00:00,3.185,3.2,3.135,3.155,16758.0,,,,,,,3.9526390031915537,4.438431453542924,4.655267212552879,,,,,,,4.2512078430731925,4.53781248434277,,4.657126372922394,4.3670715993406635,"rgba(239, 83, 80, 1.0)",0.8411174570632662,4.326929515209444,-1.3933006684954525,37.19466664842557,-18.150521136675042,True,False,False,True,True,0.0,0.0,0.0,0.0,0.0,0,0.809270678290453,0.8975122262385711,False,False,False,False,-0.283438515523192,-0.28551290259311857,False,False,False,False,-199196.0,-95658.33092148072,False,False,False,False,13251.286578564279,False,False,False,False
2024-07-16 17:00:00+00:00,3.295,3.485,3.29,3.435,28450.0,,,,,,3.4033333333333333,3.922964564661502,4.4045714242459795,4.626838719452739,,,,,,,4.216837017342128,4.520746775277759,,4.642334983436761,4.18254863905224,"rgba(239, 83, 80, 0.5)",0.838315288255273,4.229433905487344,-0.9476552755476327,44.00456747963534,-12.120680882767118,True,False,False,True,True,0.0,0.0,0.0,0.0,0.0,0,0.82066609735269,0.8847139197267293,False,False,False,False,-0.22528479370911475,-0.2553988481511167,False,False,False,False,-170746.0,-96822.48082967482,False,False,False,False,13486.925546338476,False,False,False,False
2024-07-17 17:00:00+00:00,3.24,3.34,3.215,3.325,10090.0,,,,,,3.374534682580868,3.91112811221036,4.391827230837778,4.616185213278849,,,,,,,4.203748015307243,4.514233239926706,,4.6367142732080815,4.168609415690301,"rgba(239, 83, 80, 1.0)",0.8347898154841342,4.219695464053576,-1.0717613553235543,46.4113122843393,-10.208839393510637,True,False,False,False,True,0.0,0.0,0.0,0.0,0.0,0,0.8223812621990892,0.8841899804814574,False,False,False,False,-0.2541512406507286,-0.25477504440092263,False,False,False,False,-180836.0,-98125.0160106101,False,False,False,False,13434.260033992143,False,False,False,False
2024-07-18 17:00:00+00:00,3.185,3.185,3.105,3.14,10366.0,,,,,,3.325529791845581,3.8965804630265986,4.37728856098648,4.604194999700263,,,,,,,4.188529034958619,4.506799790416709,,4.6303490401539635,4.1498204401557075,"rgba(239, 83, 80, 1.0)",0.8405991428254717,4.205653691810369,-1.2677311188165508,45.05094268096672,-10.208839393510637,True,False,False,True,True,0.0,0.0,0.0,0.0,0.0,0,0.8158860349665447,0.8840923807468165,False,False,False,False,-0.28948634227778797,-0.2721306933393553,False,False,False,False,-191202.0,-99568.07002594946,False,False,False,False,13386.690110984513,False,False,False,False
2024-07-19 17:00:00+00:00,3.125,3.17,3.105,3.13,14650.0,,,,,,3.281611649568884,3.8767188996450352,4.35717458536873,4.587483878589872,,,,,,,4.167584919546095,4.49636733839291,,4.621395300773182,4.1278235451852545,"rgba(239, 83, 80, 1.0)",0.8458200775599988,4.188361052903878,-1.2512839089336973,43.99659677043215,-10.208839393510637,True,False,False,True,False,0.0,0.0,0.0,0.0,0.0,0,0.8130820879358892,0.8895386614684861,False,False,False,False,-0.2915068517349578,-0.28181877253715654,False,False,False,False,-205852.0,-101215.8828937642,False,False,False,False,13406.27631081421,False,False,False,False
2024-07-22 17:00:00+00:00,3.085,3.115,3.035,3.105,16388.0,,,,,,3.2413075402781946,3.8542765431543553,4.334543000422634,4.5686068640792215,,,,,,,4.144033688166862,4.484461908644437,,4.611172875745343,4.104538257457618,"rgba(239, 83, 80, 1.0)",0.8501450432688491,4.1692954927161345,-1.2518987214509498,42.895091228927996,-10.208839393510637,True,False,False,True,False,0.0,0.0,0.0,0.0,0.0,0,0.8017919580419581,0.8957604895104897,False,False,False,False,-0.30843653346664335,-0.2951276530018999,False,False,False,False,-222240.0,-103092.22579463606,False,False,False,False,13452.504585065153,False,False,False,False
2024-07-23 17:00:00+00:00,3.005,3.075,2.985,3.05,16840.0,,,,,,3.2057009078635583,3.831135111226149,4.311243299916423,4.549080993630863,,,,,,,4.1198201759568365,4.472020199958361,,4.600481039558042,4.081500114758699,"rgba(239, 83, 80, 1.0)",0.8511808808307965,4.1498822547388805,-1.2921839288323052,41.26561110287639,-10.208839393510637,True,False,False,True,False,0.0,0.0,0.0,0.0,0.0,0,0.8018867924528302,0.8909609477841158,False,False,False,False,-0.3207324041341418,-0.3079300285680209,False,False,False,False,-239080.0,-105200.56337921535,False,False,False,False,13505.023893823833,False,False,False,False
2024-07-24 17:00:00+00:00,3.015,3.045,2.955,2.98,12225.0,,,,,,3.1818845844532713,3.8142672857937296,4.294288751758707,4.534817873320135,,,,,,,4.102218279105358,4.4628526148005445,,4.592597253348043,4.0650548982052905,"rgba(239, 83, 80, 1.0)",0.8505156199740357,4.135776568440446,-1.3589128068873433,39.08554182189241,-4.742449351404893,True,False,False,True,False,0.0,0.0,0.0,0.0,0.0,0,0.7987711213517664,0.894009216589862,False,False,False,False,-0.3289818577094043,-0.3184559431387126,False,False,False,False,-251305.0,-107465.7484431035,False,False,False,False,13485.17856213664,False,False,False,False
2024-07-25 17:00:00+00:00,3.045,3.095,2.995,3.0,13093.0,,,,,,3.1655979973028012,3.797713128118155,4.277105944158296,4.5201857919560835,,,,,,,4.084570132001792,4.4534012099191616,,4.584430664317432,4.049762367242715,"rgba(239, 83, 80, 1.0)",0.847402134985732,4.122470427468823,-1.3246018402912358,38.21965072307168,-5.882425795686856,True,False,False,True,False,0.0,0.0,0.0,0.0,0.0,0,0.7977626672515903,0.8936170212765957,False,False,False,False,-0.3166235176069427,-0.3175397303728277,False,False,False,False,-238212.0,-109492.82211065228,False,False,False,False,13479.098274351574,False,False,False,False
2024-07-26 17:00:00+00:00,3.015,3.145,3.005,3.11,10031.0,,,,,,3.1596058516797467,3.7863974898583748,4.264838291399434,4.509585753663915,,,,,,,4.07214310573143,4.446529024602202,,4.578457470148412,4.039849919489184,"rgba(239, 83, 80, 1.0)",0.8489075544698812,4.113742455489287,-1.182393124203137,40.67300727251672,-5.882425795686856,True,False,False,True,False,0.0,0.0,0.0,0.0,0.0,0,0.7998247919404292,0.8907139728427508,False,False,False,False,-0.30843653346664335,-0.3129881319197355,False,False,False,False,-228181.0,-111332.94889963442,False,False,False,False,13425.639386377132,False,False,False,False
2024-07-29 17:00:00+00:00,2.925,3.055,2.885,3.035,17781.0,,,,,,3.139686920501087,3.764593722612421,4.241998534403845,4.489947220918572,,,,,,,4.048807268316246,4.433676428990427,,4.567318744086458,4.0197850159571,"rgba(239, 83, 80, 1.0)",0.85037564566416,4.096008862040667,-1.2476943189171392,40.805363594678695,-5.882425795686856,True,False,False,True,False,0.0,0.0,0.0,0.0,0.0,0,0.8033003300330035,0.890869086908691,False,False,False,False,-0.3372747683370254,-0.32513145012838046,False,False,False,False,-245962.0,-113420.2210097176,False,False,False,False,13493.164357130974,False,False,False,False
2024-07-30 17:00:00+00:00,2.985,3.005,2.935,2.955,10012.0,,,,,,3.128750828508185,3.752429404542665,4.229228421511736,4.4789184389094245,,,,,,,4.035785344010651,4.426406925390352,,4.561010387690539,4.008586560478835,"rgba(239, 83, 80, 1.0)",0.8543653563681994,4.086042504899209,-1.323839381441131,39.44071445384612,-5.882425795686856,True,False,False,True,False,0.0,0.0,0.0,0.0,0.0,0,0.8077433628318584,0.8827433628318585,False,False,False,False,-0.3372747683370254,-0.3312031092327029,False,False,False,False,-255974.0,-115630.35711809406,False,False,False,False,13439.192816710338,False,False,False,False
2024-07-31 17:00:00+00:00,3.01,3.115,2.99,3.015,22076.0,,,,,,3.1179857638927047,3.7293071221067002,4.2035719386096435,4.456332532963415,,,,,,,4.010085374460224,4.411439236557699,,4.547920219784556,3.988120328098398,"rgba(239, 83, 80, 1.0)",0.8554037664188777,4.067622425118478,-1.230556219696402,40.26475328691406,-5.882425795686856,True,False,False,True,False,0.0,0.0,0.0,0.0,0.0,0,0.8153402793172246,0.8756373309687432,False,False,False,False,-0.314572956015731,-0.32288803262421695,False,False,False,False,-233898.0,-117463.9639844802,False,False,False,False,13573.096804048162,False,False,False,False
2024-08-01 17:00:00+00:00,2.755,2.76,2.71,2.715,16890.0,,,,,,3.0848963005047967,3.7050539534803657,4.17961708948786,4.435827063381492,,,,,,,3.985266149924125,4.397650888062825,,4.536017536867942,3.9647185741402438,"rgba(255, 0, 0, 1.0)",0.8655636709500155,4.046635145136822,-1.5384600692347232,36.397293945574276,-8.786533287192448,True,False,False,True,False,0.0,0.0,0.0,0.0,0.0,0,0.8186654843715363,0.879405896696963,False,False,False,False,-0.34282825441539394,-0.33285814351980547,False,False,False,False,-250788.0,-119531.00330255028,False,False,False,False,13624.521659799353,False,False,False,False
2024-08-02 17:00:00+00:00,2.615,2.62,2.585,2.595,6370.0,,,,,,3.069848267092789,3.69504730955346,4.170002267820709,4.42764753225576,,,,,,,3.9752230653286733,4.392113866799221,,4.531252996406755,3.9549803848084353,"rgba(255, 0, 0, 1.0)",0.8748092816604529,4.037884383141403,-1.649370226619797,32.62905994377225,-12.371619083685957,False,False,False,True,False,0.0,0.0,0.0,0.0,0.0,0,0.81331241595697,0.889287315105334,False,False,False,False,-0.34282825441539394,-0.33784319896759973,False,False,False,False,-257158.0,-121664.75518933244,False,False,False,False,13512.048455771455,False,False,False,False
2024-08-05 17:00:00+00:00,2.445,2.485,2.425,2.455,8507.0,,,,,,3.0453802001225627,3.6802303292745795,4.156173767392427,4.415979257636861,,,,,,,3.960645212985007,4.384178258971948,,4.524451507607508,3.940431171063898,"rgba(255, 0, 0, 1.0)",0.8878462400359335,4.0248073096866595,-1.7681071776832946,28.941737598357086,-15.772967182063823,False,False,False,True,False,0.0,0.0,0.0,0.0,0.0,0,0.8079499776686022,0.8910227780259046,False,False,False,False,-0.34282825441539394,-0.3403357266914968,False,False,False,False,-265665.0,-123897.31712438154,False,False,False,False,13434.450805294378,False,False,False,False
2024-08-06 17:00:00+00:00,2.46,2.495,2.385,2.385,7226.0,,,,,,3.0249862817409148,3.6675849306274935,4.14437481034914,4.406009253788618,,,,,,,3.9482110319982295,4.377372913226469,,4.518616609148633,3.9280898702884772,"rgba(255, 0, 0, 1.0)",0.8981551411964729,4.013687194374024,-1.813369561303604,25.956979480261367,-18.487637779029267,False,True,False,True,False,0.0,0.0,0.0,0.0,0.0,0,0.8109074653553868,0.8873491282968261,False,False,False,False,-0.34282825441539394,-0.3415819905534454,False,False,False,False,-272891.0,-126207.2967038485,False,False,False,False,13338.195754049502,False,False,False,False
2024-08-07 17:00:00+00:00,2.335,2.345,2.28,2.28,16494.0,,,,,,2.9747505498500284,3.6369609005195658,4.116200030652678,4.382267170342199,,,,,,2.3016666666666663,3.9183950097490716,4.361072152896576,,4.5046632005459255,3.67018749723954,"rgba(255, 0, 0, 1.0)",0.9119923887385879,3.8463371683298675,-1.7174892988924277,23.234259911938018,-20.987444686625278,False,True,False,True,False,0.0,0.0,0.0,0.0,0.0,0,0.8090339892665475,0.8922182468694096,False,False,False,False,-0.34282825441539394,-0.3422051224844197,False,False,False,False,-289385.0,-128737.18357665704,False,False,False,False,13387.122951661137,False,False,False,False
2024-08-08 17:00:00+00:00,2.445,2.5,2.415,2.495,27324.0,,,,,,2.922669254656431,3.595170711430143,4.075533088262994,4.347181725537701,,,,,,2.4066358574101967,3.8762112654288092,4.336786217135097,,4.483667495112843,3.6514554456944817,"rgba(239, 83, 80, 1.0)",0.9196989666130913,3.8221735297178205,-1.4430521049787695,26.959246219364516,-20.987444686625278,False,True,False,True,True,0.0,0.0,0.0,0.0,0.0,0,0.804595137184921,0.8911443229979925,False,False,False,False,-0.31061886910568665,-0.3264119957950532,False,False,False,False,-262061.0,-130804.21949019724,False,False,False,False,13603.198564813676,False,False,False,False
2024-08-09 17:00:00+00:00,2.435,2.46,2.39,2.395,19939.0,,,,,,2.8871210679234336,3.565115581145645,4.046129092896253,4.32165415769106,,,,,,2.4092516115877474,3.845802629944715,4.318943544566836,,4.468206774722983,3.6277168122508128,"rgba(255, 0, 0, 1.0)",0.9219407995299028,3.7987444548319313,-1.5225971727769287,28.345315798065062,-20.987444686625278,False,False,False,True,True,0.0,0.0,0.0,0.0,0.0,0,0.8085297418630754,0.8897867564534231,False,False,False,False,-0.31778197969181327,-0.3220969877434332,False,False,False,False,-282000.0,-133148.3401182562,False,False,False,False,13701.428044428967,False,False,False,False
2024-08-12 17:00:00+00:00,2.36,2.44,2.35,2.36,51251.0,,,,,,2.8102776314497198,3.4925094552459686,3.9737411422670768,4.257991817233753,,,,,,2.3977016526386574,3.7715454062104747,4.27382769009719,,4.428910278782695,3.5682278278775486,"rgba(239, 83, 80, 1.0)",0.9211616637761308,3.7406355547845647,-1.4987983207257087,28.89283290555992,-20.987444686625278,False,False,False,True,True,0.0,0.0,0.0,0.0,0.0,0,0.8054054054054055,0.895945945945946,False,False,False,False,-0.3244221925132816,-0.32325959012835737,False,False,False,False,-333251.0,-136250.7069381282,False,False,False,False,14283.591950716891,False,False,False,False
2024-08-13 17:00:00+00:00,2.565,2.565,2.485,2.485,18947.0,,,,,,2.794337972484388,3.470726361831978,3.9505831411993735,4.237042076399974,,,,,,2.413821208614834,3.748331822774495,4.258773106126534,,4.415643244781775,3.553373669918796,"rgba(239, 83, 80, 1.0)",0.9217325196811909,3.7248161546318492,-1.3450932110550655,32.22837609922694,-23.77418122845018,False,False,False,True,True,0.0,0.0,0.0,0.0,0.0,0,0.8016121809225257,0.8918495297805642,False,False,False,False,-0.2958388616014645,-0.30954922586491096,False,False,False,False,-314304.0,-139011.22310963008,False,False,False,False,14355.892850705775,False,False,False,False
2024-08-14 17:00:00+00:00,2.455,2.56,2.45,2.54,65076.0,,,,,,2.751317450189592,3.403110039830861,3.876600513495443,4.168961761643306,,,,,,2.4474479854896978,3.6750262119841635,4.209111797387768,,4.371557786464851,3.5045108228601194,"rgba(239, 83, 80, 1.0)",0.9198924339780653,3.673500218977321,-1.232209524841411,35.65926005539316,-20.44842253828211,True,False,False,True,True,0.0,0.0,0.0,0.0,0.0,0,0.7971761541909457,0.8975795607350964,False,False,False,False,-0.3002047779775869,-0.3048770019212489,False,False,False,False,-249228.0,-140720.01034824047,False,False,False,False,15142.25110108243,False,False,False,False
2024-08-15 17:00:00+00:00,2.555,2.565,2.48,2.485,25114.0,,,,,,2.7377027526920372,3.3793330312121252,3.8499208659695294,4.144007347795731,,,,,,2.4544565348323633,3.648867709366147,4.190622993541783,,4.3550277544418385,3.486415890772817,"rgba(239, 83, 80, 1.0)",0.91692726189355,3.6546775839673615,-1.2756492609368555,37.06047941636713,-19.010297979897345,True,False,False,True,True,0.0,0.0,0.0,0.0,0.0,0,0.7974994418396962,0.8941728064300065,False,False,False,False,-0.2963839990140019,-0.3006305004676254,False,False,False,False,-274342.0,-142791.6691025313,False,False,False,False,15296.851859205182,False,False,False,False
2024-08-16 17:00:00+00:00,2.545,2.675,2.545,2.635,43269.0,,,,,,2.727127608896096,3.3459580775303177,3.8098436733442482,4.105466451429594,,,,,,2.4809726678483552,3.61048665147154,4.161688642370478,,4.328858721991504,3.4630776818415185,"rgba(239, 83, 80, 1.0)",0.9099856102218377,3.6289616787158967,-1.0922828532130167,41.22065049039773,-14.999693591076316,True,False,False,True,True,0.0,0.0,0.0,0.0,0.0,0,0.8000899482797391,0.8857656847312796,False,False,False,False,-0.27740321934406303,-0.28901685990584425,False,False,False,False,-231073.0,-144160.3719071432,False,False,False,False,15730.528574566342,False,False,False,False
2024-08-19 17:00:00+00:00,2.635,2.655,2.605,2.64,9306.0,,,,,,2.725373895368501,3.339299123243014,3.8016668421735265,4.097511451797157,,,,,,2.4860965054929176,3.6027217052264486,4.155663376740087,,4.323381635946939,3.458333271434522,"rgba(239, 83, 80, 1.0)",0.8946836372767809,3.6237193903302853,-1.0995164651993743,44.09499579757059,-12.259691729895906,True,False,False,True,True,0.0,0.0,0.0,0.0,0.0,0,0.7997296688443343,0.8905158819553953,False,False,False,False,-0.27309243800070143,-0.2810546489532728,False,False,False,False,-221767.0,-145363.57544346657,False,False,False,False,15630.92348038702,False,False,False,False
2024-08-20 17:00:00+00:00,2.545,2.58,2.52,2.55,15090.0,,,,,,2.72021327470156,3.3275181314777362,3.78771803110969,4.084069439423697,,,,,,2.4894010657619687,3.5893294058534515,4.145464199867348,,4.3141409388124385,3.449101935456493,"rgba(239, 83, 80, 1.0)",0.8797604096447954,3.6139963711337733,-1.2094160631340112,44.211572892501565,-11.986564648794534,True,False,False,True,True,0.0,0.0,0.0,0.0,0.0,0,0.7979274611398964,0.8884883982879028,False,False,False,False,-0.2903968162698034,-0.2857257326115381,False,False,False,False,-236857.0,-146782.07814976943,False,False,False,False,15622.537069838385,False,False,False,False
2024-08-21 17:00:00+00:00,2.785,2.855,2.74,2.775,16850.0,,,,,,2.7224334110568833,3.3187063159652808,3.775455053629475,4.071638424037742,,,,,,2.505811005637271,3.578133683340787,4.135917795586364,,4.305323982443747,3.444013669893401,"rgba(239, 83, 80, 0.5)",0.8630169582750216,3.5446093095952667,-0.8917661492232367,48.61347816122742,-7.676732414140375,True,False,False,False,True,0.0,0.0,0.0,0.0,0.0,0,0.8002680965147454,0.8867292225201072,False,False,False,False,-0.23735935400667507,-0.2615425433091066,False,False,False,False,-220007.0,-147917.34825597453,False,False,False,False,15641.567502864145,False,False,False,False
2024-08-22 17:00:00+00:00,2.755,2.76,2.705,2.705,25068.0,,,,,,2.7224740786542716,3.3045315361604746,3.7565619068563434,4.052641017397407,,,,,,2.522150209152364,3.560685340650929,4.121270441346814,,4.291825168658546,3.434330647174086,"rgba(239, 83, 80, 0.5)",0.8383817961024895,3.531120350715333,-0.9853748668635717,50.102069214681975,-6.144318784822438,True,False,False,False,True,0.0,0.0,0.0,0.0,0.0,0,0.7946708463949842,0.8929690998656514,False,False,False,False,-0.25115066837913885,-0.2563466058441227,False,False,False,False,-245075.0,-149423.66843805244,False,False,False,False,15787.713743129818,False,False,False,False
2024-08-23 17:00:00+00:00,2.775,2.8,2.75,2.77,13267.0,,,,,,2.72366203923778,3.297921576719379,3.747305595726533,4.043171938958537,,,,,,2.5317539397781914,3.552270517935882,4.113913612888522,,4.284998632716001,3.429999888749261,"rgba(239, 83, 80, 0.5)",0.8193945413623493,3.5266923759235973,-0.9234774430709514,52.2385806433275,-3.9435565305087295,True,False,True,False,True,0.0,0.0,0.0,0.0,0.0,0,0.7925842696629214,0.8946067415730338,False,False,False,False,-0.24212299595122944,-0.24923480089767608,False,False,False,False,-231808.0,-150700.9448963772,False,False,False,False,15748.632909902999,False,False,False,False
2024-08-26 17:00:00+00:00,2.775,2.795,2.765,2.79,7347.0,,,,,,2.7244240361156447,3.2943998396562613,3.7423060904234853,4.0380290348533805,,,,,,2.536970238733578,3.5477463220533716,4.1099041265117435,,4.281269408369844,3.4276828126210668,"rgba(239, 83, 80, 0.5)",0.795327078730608,3.5243293593419835,-0.9233048628421143,54.020925681076505,-2.0510399811535365,True,False,True,False,True,0.0,0.0,0.0,0.0,0.0,0,0.784661446338093,0.9069553201289728,False,False,False,False,-0.24106348415258874,-0.24514914252513242,False,False,False,False,-224461.0,-151844.5116421698,False,False,False,False,15618.375035330859,False,False,False,False
2024-08-27 17:00:00+00:00,2.705,2.71,2.6,2.615,24714.0,,,,,,2.721015549789379,3.2797112169976055,3.7234336005661497,4.019114241740944,,,,,,2.543796321211994,3.5301614814093516,4.095170930315181,,4.267686145294578,3.4160576202900863,"rgba(239, 83, 80, 1.0)",0.7808530389698622,3.510086744476744,-1.14629347624437,51.455271509561214,-2.0510399811535365,True,False,False,False,False,0.0,0.0,0.0,0.0,0.0,0,0.7655491329479769,0.914913294797688,False,False,False,False,-0.2677178352829603,-0.2564334889040464,False,False,False,False,-249175.0,-153353.51146167103,False,False,False,False,15759.392476643558,False,False,False,False
2024-08-28 17:00:00+00:00,2.53,2.57,2.515,2.555,13987.0,,,,,,2.7170441053051,3.2704926987392278,3.712123618786112,4.007911918377012,,,,,,2.543898466579993,3.519476310873424,4.086426426529482,,4.2596545595143445,3.408196220741479,"rgba(239, 83, 80, 1.0)",0.772546934344941,3.500604241524208,-1.2240087941401327,48.661768059531205,-2.0510399811535365,True,False,False,False,False,0.0,0.0,0.0,0.0,0.0,0,0.7575266327003243,0.9219546086150995,False,False,False,False,-0.2920276601608631,-0.27423057453245475,False,False,False,False,-263162.0,-155055.9686483118,False,False,False,False,15731.9135235173,False,False,False,False
2024-08-29 17:00:00+00:00,2.655,2.72,2.64,2.64,23933.0,,,,,,2.7151542337608863,3.2577732263883967,3.6952088478166076,3.9906761000041877,,,,,,2.5509449424747075,3.503911831528815,4.072839103165194,,4.247034936431817,3.398072612162685,"rgba(239, 83, 80, 1.0)",0.757800408722152,3.4897623280860532,-1.1213537473791717,48.707321970710865,-2.0510399811535365,True,False,False,False,False,0.0,0.0,0.0,0.0,0.0,0,0.7635900994679621,0.9139486467730741,False,False,False,False,-0.26235829792584847,-0.2682944362291516,False,False,False,False,-239229.0,-156360.97688632246,False,False,False,False,15859.062151059667,False,False,False,False
2024-08-30 17:00:00+00:00,2.705,2.71,2.625,2.63,32807.0,,,,,,2.7122121576239326,3.2408564406097233,3.6726392818453455,3.967554889724563,,,,,,2.5585346785746315,3.4831921543682665,4.05447984726883,,4.229932217686661,3.384209921430756,"rgba(239, 83, 80, 1.0)",0.7369275882135718,3.4750697368385337,-1.1467473200278953,48.524069004471784,-2.0510399811535365,True,False,False,False,False,0.0,0.0,0.0,0.0,0.0,0,0.7665659149035107,0.9116484538479422,False,False,False,False,-0.26503620668034866,-0.26666532145475014,False,False,False,False,-272036.0,-158154.38809738721,False,False,False,False,16121.820877399827,False,False,False,False
2024-09-02 17:00:00+00:00,2.63,2.63,2.63,2.63,0.0,,,,,,2.7122121576239326,3.2408564406097233,3.6726392818453455,3.967554889724563,,,,,,2.5585346785746315,3.4831921543682665,4.05447984726883,,4.229932217686661,3.384209921430756,"rgba(239, 83, 80, 1.0)",0.7159075699059553,3.4750697368385337,-1.1804173783908247,48.401900360312396,-2.0510399811535365,True,False,False,False,False,0.0,0.0,0.0,0.0,0.0,0,0.7595510983763133,0.9278892072588347,False,False,False,False,-0.27309243800070143,-0.2698788797277258,False,False,False,False,-272036.0,-159919.9944834742,False,False,False,False,15871.87016612231,False,False,False,False
2024-09-03 17:00:00+00:00,2.405,2.44,2.38,2.43,11851.0,,,,,,2.7070812452054236,3.2325846622838332,3.662871843145593,3.9579172399749702,,,,,,2.554892663885243,3.4738710401800597,4.046854593923623,,4.222922825175171,3.3765818983712497,"rgba(239, 83, 80, 1.0)",0.6950599494528044,3.4665063075344245,-1.4912473497436132,44.315509374952086,-0.772076128113028,True,False,False,True,False,0.0,0.0,0.0,0.0,0.0,0,0.764621628073526,0.9274289806636429,False,False,False,False,-0.3210986634190095,-0.2954887715733676,False,False,False,False,-283887.0,-161841.9635612498,False,False,False,False,15809.531093779327,False,False,False,False
2024-09-04 17:00:00+00:00,2.47,2.47,2.42,2.44,11023.0,,,,,,2.702889960191373,3.225285106303241,3.6541137267446557,3.9492131023527133,,,,,,2.5522909495328188,3.4655612674976233,4.039940539242301,,4.216547168977313,3.369899235980675,"rgba(255, 0, 0, 1.0)",0.6770169864929549,3.459165106636566,-1.5053759757432192,41.88583500829847,-3.2002998534186133,True,False,False,True,False,0.0,0.0,0.0,0.0,0.0,0,0.7721488595438175,0.9171668667466986,False,False,False,False,-0.3133702209613518,-0.3044294962673597,False,False,False,False,-272864.0,-163563.23544402115,False,False,False,False,15735.321309379648,False,False,False,False
2024-09-05 17:00:00+00:00,2.495,2.505,2.44,2.445,18724.0,,,,,,2.6965934843397306,3.213499887655857,3.6397628011208085,3.9348484223432343,,,,,,2.5489012327840657,3.4520192789475876,4.028477199181941,,4.205942335930224,3.359157472339032,"rgba(255, 0, 0, 1.0)",0.6618997501731523,3.447597144321028,-1.5147265791515254,40.42820130335126,-4.707796382939684,False,False,False,True,False,0.0,0.0,0.0,0.0,0.0,0,0.7682662165420786,0.9218712322160599,False,False,False,False,-0.3073232476833144,-0.30587637197533707,False,False,False,False,-254140.0,-164967.52636736966,False,False,False,False,15781.657413110195,False,False,False,False
2024-09-06 17:00:00+00:00,2.325,2.34,2.3,2.31,5440.0,,,,,,2.6937141923092636,3.20948775883233,3.635146204813095,3.9303160900750522,,,,,,2.5463583530755214,3.447579663015817,4.0248686953623904,,4.202627958304145,3.35535299392621,"rgba(255, 0, 0, 1.0)",0.6465182703326149,3.4434462424170293,-1.7531542331106964,37.08006860270497,-7.947588113796968,False,True,False,True,False,0.0,0.0,0.0,0.0,0.0,0,0.7726503986470162,0.9222034307803818,False,False,False,False,-0.3411458746692409,-0.323511123322289,False,False,False,False,-259580.0,-166434.3864236895,False,False,False,False,15621.321639263526,False,False,False,False
2024-09-09 17:00:00+00:00,2.245,2.245,2.165,2.165,11025.0,,,,,,2.686119841867659,3.20034253141662,3.6250103464417984,3.920502500419808,,,,,,2.5386582316949107,3.4377049220467533,4.017070213549976,,4.19550355130228,3.3464869410625036,"rgba(255, 26, 202, 1.0)",0.6319523801765552,3.4337297576594894,-2.0076350646943224,32.956567977643004,-11.788294187027702,False,True,False,True,False,0.0,0.0,0.0,0.0,0.0,0,0.7652173913043478,0.9304347826086956,False,False,False,False,-0.34282825441539394,-0.33316968886884146,False,False,False,False,-270605.0,-168049.43469619044,False,False,False,False,15550.060838654788,False,False,False,False
2024-09-10 17:00:00+00:00,2.085,2.165,2.08,2.16,10538.0,,,,,,2.678265005723271,3.191271053708251,3.615076585921046,3.9109213162169456,,,,,2.1350000000000002,2.530452441304773,3.427987743963411,4.009448496139617,,4.18854962938291,3.1873028303721647,"rgba(255, 0, 0, 1.0)",0.6194419749745436,3.3320141078599153,-1.892048255057433,30.148325697578585,-14.34492923932686,False,True,False,True,False,0.0,0.0,0.0,0.0,0.0,0,0.7629414610546688,0.9322689888727627,False,False,False,False,-0.34282825441539394,-0.3379989716421177,False,False,False,False,-281143.0,-169802.8233055518,False,False,False,False,15472.35446906324,True,False,False,False
2024-09-11 17:00:00+00:00,2.495,2.555,2.44,2.49,43803.0,,,,,,2.6680150803602056,3.167469409091713,3.5848738493000076,3.8800281104973915,,,,,2.4251875195524555,2.527690151734803,3.3999298741980764,3.9843777338373383,,4.165120831962118,3.204696466071499,"rgba(239, 83, 80, 1.0)",0.6052434697356598,3.332268646191637,-1.391619551978806,37.03375189559151,-19.102294610550324,False,True,False,True,True,0.0,0.0,0.0,0.0,0.0,0,0.7709923664122139,0.9260496183206106,False,False,False,False,-0.2651252780291219,-0.3015621248356198,False,False,False,False,-237340.0,-170849.91131631844,False,False,False,False,15911.589283496369,False,False,False,False
2024-09-12 17:00:00+00:00,2.615,2.645,2.58,2.59,20200.0,,,,,,2.6664306477698863,3.1587400556147998,3.572838765910719,3.8673269551975453,,,,,2.473915227861177,2.530371631463844,3.3890562704517384,3.973927142163809,,4.155230839623934,3.2040758370541895,"rgba(239, 83, 80, 1.0)",0.5858678555307052,3.3286780110119416,-1.2608270005576843,43.363748934436046,-13.562608338894819,True,False,False,True,True,0.0,0.0,0.0,0.0,0.0,0,0.7794649313087493,0.9163653892504218,False,False,False,False,-0.2419483977570339,-0.2717552612963268,False,False,False,False,-217140.0,-171567.58710986387,False,False,False,False,15978.076271349137,False,False,False,False
2024-09-13 17:00:00+00:00,2.525,2.55,2.485,2.54,5556.0,,,,,,2.6654592646984896,3.156046318085655,3.5693108389154786,3.863659166142496,,,,,2.477458768742899,2.5303208701070234,3.385817600516314,3.9709140597104087,,4.1523933053764095,3.2023733608648453,"rgba(239, 83, 80, 1.0)",0.5633411188757833,3.326624821804192,-1.3963561249958087,46.53208822299497,-10.939847579259535,True,False,False,False,True,0.0,0.0,0.0,0.0,0.0,0,0.7693991729506203,0.9236195572853321,False,False,False,False,-0.2610751288758139,-0.26641519508607037,False,False,False,False,-222696.0,-172360.27568180396,False,False,False,False,15816.493693498762,False,False,False,False
2024-09-16 17:00:00+00:00,2.475,2.53,2.475,2.525,15994.0,,,,,,2.6624451793198305,3.1482368607480384,3.559142396812861,3.853094700646006,,,,,2.482875139190975,2.5297827146429737,3.376468447441622,3.962220614520068,,4.14420501189508,3.196783256665297,"rgba(239, 83, 80, 1.0)",0.539488179199043,3.3202604437207026,-1.474101703027849,48.31561510073179,-9.384966215717355,True,False,False,False,True,0.0,0.0,0.0,0.0,0.0,0,0.7685162551943289,0.9269127352725495,False,False,False,False,-0.26411194845082137,-0.26526357176844584,False,False,False,False,-238690.0,-173388.6435006907,False,False,False,False,15819.24572925847,False,False,False,False
2024-09-17 17:00:00+00:00,2.495,2.575,2.485,2.555,12655.0,,,,,,2.660569988550443,3.1424587038105907,3.551447646833063,3.8450257579387443,,,,,2.489328925508371,2.5299582084533485,3.369448644145797,3.955547817844518,,4.137895114306821,3.1929732116356098,"rgba(239, 83, 80, 1.0)",0.5219077789511604,3.3157728877160215,-1.4576768509656832,50.150629103017195,-7.571763490087086,True,False,False,False,True,0.0,0.0,0.0,0.0,0.0,0,0.7620808678500987,0.9339250493096647,False,False,False,False,-0.2585480402519592,-0.2619058060102025,False,False,False,False,-226035.0,-174204.86608207534,False,False,False,False,15770.187655936632,False,False,False,False
2024-09-18 17:00:00+00:00,2.555,2.66,2.515,2.52,24241.0,,,,,,2.6578818511350293,3.13216606324328,3.537407021073045,3.830152674396292,,,,,2.5031223227332995,2.531283745791286,3.356746258075794,3.9431762307015106,,4.126144973020589,3.186492020893692,"rgba(255, 0, 0, 1.0)",0.5076495741060891,3.307992665409433,-1.5522374204627174,50.473220376663065,-6.986494857140926,True,False,False,False,True,0.0,0.0,0.0,0.0,0.0,0,0.7681481481481481,0.922222222222222,False,False,False,False,-0.24696440080067897,-0.25443510340544073,False,False,False,False,-250276.0,-175384.26350715946,False,False,False,False,15901.5180798756,False,False,False,False
2024-09-19 17:00:00+00:00,2.645,2.65,2.585,2.61,26369.0,,,,,,2.656608764722241,3.1223295948389587,3.5233431302199554,3.8149856119171637,,,,,2.521634976614205,2.534592359835053,3.3442209263704004,3.9304454376514513,,4.113964120319065,3.181020100271178,"rgba(239, 83, 80, 1.0)",0.4896126249623536,3.3010382434071914,-1.4113979259834766,52.754753282588695,-4.46661312250351,True,False,True,False,True,0.0,0.0,0.0,0.0,0.0,0,0.7699507389162561,0.9160098522167487,False,False,False,False,-0.2409466362997909,-0.24769086985261582,False,False,False,False,-223907.0,-176136.55399542055,False,False,False,False,16063.804621272877,False,False,False,False
2024-09-20 17:00:00+00:00,2.495,2.5,2.435,2.495,33840.0,,,,,,2.650004647318925,3.1069452700166944,3.50325607104705,3.7938864326574326,,,,,2.513758376639958,2.5317962285664297,3.3258192950918186,3.912779969389256,,4.097200555718093,3.167280786340945,"rgba(255, 0, 0, 1.0)",0.47310315428519234,3.2866692729813023,-1.6733544594041627,51.329659025268874,-4.46661312250351,True,False,False,False,True,0.0,0.0,0.0,0.0,0.0,0,0.771232204221895,0.9162984781541482,False,False,False,False,-0.27121652283091086,-0.25945369634176335,False,False,False,False,-257747.0,-177401.8322280497,False,False,False,False,16339.404549625237,False,False,False,False
2024-09-23 17:00:00+00:00,2.535,2.61,2.515,2.58,18419.0,,,,,,2.6484050999373356,3.100049415677426,3.4935910608849885,3.7834593468388884,,,,,2.5185085887106298,2.5327316189944047,3.317173902177212,3.9039462593818666,,4.088727682144388,3.162233161575344,"rgba(255, 0, 0, 1.0)",0.45438801532222717,3.28094708778334,-1.5426179039653292,52.33132927306167,-4.223127931250531,True,False,True,False,True,0.0,0.0,0.0,0.0,0.0,0,0.7727272727272728,0.9192193675889327,False,False,False,False,-0.25199261434958026,-0.2557231553456718,False,False,False,False,-239328.0,-178361.927852421,False,False,False,False,16371.646339553527,False,False,False,False
2024-09-24 17:00:00+00:00,2.885,2.935,2.865,2.865,17407.0,,,,,,2.6527652545301366,3.09751836643309,3.4877350422362263,3.776319402121499,,,,,2.546617413756466,2.5411319824808065,3.312597706434205,3.8976787173952063,,4.08247344815197,3.1640454856734546,"rgba(239, 83, 80, 0.5)",0.4400626286304272,3.2812581580476397,-0.9459066300247476,57.5665007531724,0.9862379497785838,True,False,True,False,True,0.0,0.0,0.0,0.0,0.0,0,0.7723577235772359,0.9226410445922643,False,False,False,False,-0.18504931381311998,-0.22038623457939588,False,False,False,False,-221921.0,-179037.26230432146,False,False,False,False,16387.69833428913,False,False,False,False
2024-09-25 17:00:00+00:00,2.915,2.92,2.875,2.895,42154.0,,,,,,2.6630464998761685,3.0918671429693405,3.47420321504431,3.7596497018586192,,,,,2.601032170988583,2.560370475202669,3.3021200413852023,3.88293928129435,,4.067698238585354,3.166903566077405,"rgba(239, 83, 80, 0.5)",0.417794056771848,3.2810559501109755,-0.9240340877366662,61.42220671153173,4.703068241025491,True,False,True,False,True,0.0,0.0,0.0,0.0,0.0,0,0.7665847665847667,0.922113022113022,False,False,False,False,-0.18553851213120565,-0.20296237335530076,False,False,False,False,-179767.0,-179048.57606704516,False,False,False,False,16787.17587949395,False,False,False,False
2024-09-26 17:00:00+00:00,3.225,3.29,3.195,3.275,21572.0,,,,,,2.675511069846419,3.0941590213664836,3.4716455225756775,3.7547867635491525,,,,,2.6490989064542427,2.57904235480156,3.301499124461049,3.8782305729681097,,4.062538472985663,3.175496667002837,#000000,0.3996626730785058,3.2873783131595373,-0.030971902039763268,67.37146630703582,10.237286988847472,True,False,True,False,True,0.5766921876286446,0.0,0.0,0.0,0.0,0,0.768986568986569,0.9230769230769231,False,False,False,False,-0.1187499033203889,-0.16085613833784485,False,False,False,False,-158195.0,-178725.26481019173,False,False,False,False,16861.359199191716,False,False,False,False
2024-09-27 17:00:00+00:00,3.305,3.305,3.205,3.24,36174.0,,,,,,2.695157779515197,3.097782133093566,3.467423462997982,3.746785622373325,,,,,2.715184471293093,2.6080482702493404,3.300422989607945,3.8704493931071613,,4.053996246792361,3.187656765279701,#000000,0.38689337870593093,3.29629081186637,-0.14549437898019768,70.46810071811093,13.043998989026065,True,False,True,False,True,0.06696191071034363,0.0,0.0,0.0,0.0,0,0.7699633699633701,0.9203907203907202,False,False,False,False,-0.11635318951144143,-0.13860466392464313,False,False,False,False,-194369.0,-178967.80334026628,False,False,False,False,17160.779986801146,False,False,False,False
2024-09-30 17:00:00+00:00,3.315,3.315,3.245,3.27,29264.0,,,,,,2.71081265844056,3.1010844424874744,3.4645285125533447,3.740833724861105,,,,,2.7610578861262023,2.630641487073611,3.3000280751543887,3.864558770934531,,4.04744096280758,3.196693194703902,#000000,0.374311078895333,3.3029901765888097,-0.08813572039109896,72.77179683570374,15.22873922104921,True,False,True,False,True,0.5064009558332074,0.0,0.0,0.0,0.0,0,0.7700220426157238,0.9221160911094783,False,False,False,False,-0.10818004787120879,-0.12339235589792596,False,False,False,False,-165105.0,-178752.87615669626,False,False,False,False,17348.426808711203,False,False,False,False
2024-10-01 17:00:00+00:00,3.245,3.27,3.195,3.215,16793.0,,,,,,2.718660619485061,3.102400852678822,3.4624749179641263,3.7371251868176305,,,,,2.781909635828495,2.6419790124505615,3.299334868343437,3.8609479156694677,,4.043488133517025,3.2006041261547002,#000000,0.36718067575602764,3.305758877924249,-0.2471777081878718,72.76899492613768,15.451247658348137,True,False,True,False,True,0.0,0.0,0.0,0.0,0.0,0,0.7823705179282869,0.9223107569721114,False,False,False,False,-0.11741664177087142,-0.12040449883439869,False,False,False,False,-181898.0,-178801.63776666997,False,False,False,False,17339.81554035909,False,False,False,False
2024-10-02 17:00:00+00:00,3.245,3.26,3.205,3.22,17811.0,,,,,,2.7267539948521393,3.1037855633431097,3.460350354111317,3.7332625047135735,,,,,2.802152647300933,2.653574770125408,3.298630350377364,3.8571725200525164,,4.039345545722222,3.2044603381095453,#000000,0.35991419147517617,3.308471808328947,-0.24581361453497635,72.82217894397368,15.936021787105716,True,False,True,False,True,0.0,0.0,0.0,0.0,0.0,0,0.7838983050847458,0.9125124626121636,False,False,False,False,-0.11741664177087142,-0.11891057030263505,False,False,False,False,-164087.0,-178573.50384780686,False,False,False,False,17347.120725779878,False,False,False,False
2024-10-03 17:00:00+00:00,3.045,3.075,3.02,3.07,6713.0,,,,,,2.7287068704224953,3.1035842164996237,3.458968801575407,3.731327268154981,,,,,2.8064013369945493,2.656544705142858,3.2977226073807997,3.8553722252756555,,4.037463732559482,3.204828503930796,"rgba(239, 83, 80, 0.5)",0.3505250244886909,3.3085292716359116,-0.6804914199317245,68.72782874942189,15.936021787105716,True,False,True,False,False,0.0,0.0,0.0,0.0,0.0,0,0.780777805300966,0.916274461233589,False,False,False,False,-0.1535965936975102,-0.13625358200007262,False,False,False,False,-170800.0,-178452.984408306,False,False,False,False,17182.250637008096,False,False,False,False
2024-10-04 17:00:00+00:00,3.265,3.265,3.18,3.245,36870.0,,,,,,2.744568916096099,3.1063862717656074,3.4547613895259923,3.7235922546375444,,,,,2.8421920085187065,2.678937070390097,3.2963645314874173,3.8477575672211946,,4.029073535531735,3.211820001205332,#000000,0.3465807889125533,3.313374356527921,-0.1972825924439009,68.3964385230236,15.936021787105716,True,False,True,False,False,0.1897509025684947,0.0,0.0,0.0,0.0,0,0.7818858560794045,0.9196029776674938,False,False,False,False,-0.11936367943176242,-0.12780863071591753,False,False,False,False,-133930.0,-177762.70558027024,False,False,False,False,17487.48706124053,False,False,False,False
2024-10-07 17:00:00+00:00,3.445,3.56,3.42,3.49,31002.0,,,,,,2.7638880478107635,3.11340512840488,3.455297575109122,3.720600563953908,,,,,2.8851625211732195,2.704720531722212,3.2995754543481985,3.84413185454696,,4.024404407954703,3.223347709633658,#000000,0.3500473841798789,3.3226451636354857,0.4780919496273564,70.57497407374879,15.936021787105716,True,False,True,False,False,3.687500424781909,0.0,0.0,0.0,0.0,0,0.7848194546794399,0.9150085973962171,False,False,False,False,-0.06754253008430099,-0.09767558040010926,False,False,False,False,-102928.0,-176602.47758677768,False,False,False,False,17697.014393624395,False,False,False,False
2024-10-08 17:00:00+00:00,3.315,3.37,3.305,3.35,15980.0,,,,,,2.7715047222836353,3.115537757753707,3.4544133008028726,3.718115422125204,,,,,2.9002548161634136,2.7149892857250957,3.299932174103968,3.8415206865863203,,4.021369859324213,3.227033520693027,#000000,0.34964329313235365,3.3254179272445916,0.07030614697391949,68.89446587191091,15.936021787105716,True,False,True,False,False,1.5992246315204177,0.0,0.0,0.0,0.0,0,0.7757946210268948,0.9212713936430317,False,False,False,False,-0.09033468194589635,-0.0940051311730028,False,False,False,False,-118908.0,-175707.98956217646,False,False,False,False,17670.39401542867,False,False,False,False
2024-10-09 17:00:00+00:00,3.445,3.465,3.395,3.425,20298.0,,,,,,2.782322062690231,3.119206321508335,3.454158029368261,3.715721373939648,,,,,2.9215372025316375,2.729304136731723,3.3012996855489463,3.8388111501521545,,4.018040557932591,3.232794995308867,#000000,0.35208084145395285,3.329946073702873,0.2699775594280904,68.58156614529032,15.936021787105716,True,False,True,False,False,2.648850896558425,0.0,0.0,0.0,0.0,0,0.7876678269517653,0.9144704127299851,False,False,False,False,-0.07194888368956022,-0.0829770074312815,False,False,False,False,-98610.0,-174512.6718945458,False,False,False,False,17711.13209270884,False,False,False,False
2024-10-10 17:00:00+00:00,3.325,3.345,3.295,3.31,60541.0,,,,,,2.807340532158836,3.125880216053259,3.450257983222282,3.7061247513703606,,,,,2.9639366837175394,2.7624740883424757,3.301772799593708,3.8287944956771938,,4.006489923382723,3.243322693766957,#000000,0.35208084145395285,3.3375453342144423,-0.07823582249091168,65.92372640173625,21.309543190535493,True,False,True,False,False,0.9495520599594087,0.0,0.0,0.0,0.0,0,0.7839183470251432,0.9136171272093603,False,False,False,False,-0.09381956193400955,-0.08839828468264552,False,False,False,False,-159151.0,-174274.50643881643,False,False,False,False,18375.161052511805,False,False,False,False
2024-10-11 17:00:00+00:00,3.675,3.745,3.585,3.665,22033.0,,,,,,2.8217099876204124,3.132431090887231,3.452452177277587,3.7057679480611476,,,,,2.990285739710613,2.780649615397389,3.305797565254417,3.8276588736600656,,4.004455398469444,3.252094124733608,"rgba(38, 166, 154, 0.5)",0.3624753113680377,3.3662120587956985,0.8242987365860306,67.73638736336173,21.309543190535493,True,False,True,False,False,5.725016289137638,0.0,0.0,0.0,0.0,0,0.7944499017681728,0.9012770137524558,False,False,False,False,-0.0254280760667612,-0.05691318037470336,False,False,False,False,-137118.0,-173698.43657154797,False,False,False,False,18431.87173386821,False,False,False,False
2024-10-14 17:00:00+00:00,3.525,3.6,3.51,3.59,22312.0,,,,,,2.834138372539343,3.1377093772869817,3.4536218744319864,3.7045564504953736,,,,,3.011418668318711,2.7963589024694295,3.3086922662738445,3.8258392214996295,,4.0018299576185505,3.2590418916644124,"rgba(38, 166, 154, 0.5)",0.3704179280777942,3.368215522511446,0.5987412073693567,67.4954682282812,21.309543190535493,True,False,True,False,False,4.618120683723916,0.0,0.0,0.0,0.0,0,0.786624203821656,0.9093581577658012,False,False,False,False,-0.04717783646680545,-0.05204550842075441,False,False,False,False,-159430.0,-173477.22050067125,False,False,False,False,18492.0287612501,False,False,False,False
2024-10-15 17:00:00+00:00,3.455,3.54,3.435,3.465,20889.0,,,,,,2.8440711645974894,3.1415608541134845,3.4538723879114337,3.7027402272815286,,,,,3.0269696057372726,2.808915752345815,3.31045362866839,3.823596431397666,,3.9989164627537632,3.264022506506635,#000000,0.3759664782833667,3.3690050143013233,0.2553285764650671,65.04454128824659,19.859417510807674,True,False,True,False,False,2.8037675323658284,0.0,0.0,0.0,0.0,0,0.7858201581027668,0.9068675889328064,False,False,False,False,-0.06054508412082542,-0.05629529627078991,False,False,False,False,-180319.0,-173583.294601436,False,False,False,False,18529.19110603692,False,False,False,False
2024-10-16 17:00:00+00:00,3.575,3.63,3.535,3.585,30943.0,,,,,,2.860537326196434,3.1488034901944566,3.4556683767650194,3.7013265653853025,,,,,3.0530391375958867,2.829428040053062,3.3145473951139164,3.8213103370729398,,3.995507589301175,3.273082583547127,"rgba(38, 166, 154, 0.5)",0.3828617702711248,3.3761754624348153,0.5454306326205015,64.73509628830163,19.302420951814128,True,False,True,False,False,4.380221910698566,0.0,0.0,0.0,0.0,0,0.7861915367483296,0.9064587973273942,False,False,False,False,-0.041737016573937295,-0.04901615642236361,False,False,False,False,-149376.0,-173207.9877083905,False,False,False,False,18721.653259431696,False,False,False,False
2024-10-17 17:00:00+00:00,3.435,3.45,3.37,3.45,29804.0,,,,,,2.8723578921355837,3.153071204485415,3.455242007627373,3.6981922826521605,,,,,3.069029644655341,2.8442030342818154,3.3160969470375803,3.817696112546621,,3.991022452666028,3.278236140677736,#000000,0.38650119168144303,3.3774170080403563,0.18779500172787905,62.13430919095337,16.620586579869098,True,False,True,False,False,2.439096493087053,0.0,0.0,0.0,0.0,0,0.7869866402770905,0.9077189510143494,False,False,False,False,-0.07591965501969093,-0.06246790572102727,False,False,False,False,-179180.0,-173300.5770462449,False,False,False,False,18893.472588742832,False,False,False,False
2024-10-18 17:00:00+00:00,3.455,3.485,3.43,3.445,24767.0,,,,,,2.8823240842518123,3.156900604865944,3.4552213200282824,3.695919443367988,,,,,3.0823426818772246,2.856540684076063,3.317702375835439,3.814966978738831,,3.9875426256785604,3.282739771630198,#000000,0.3909951728924919,3.379710383420384,0.1669831780699957,60.31227045272276,14.749430364162976,True,False,True,False,False,2.3675957510471015,0.0,0.0,0.0,0.0,0,0.7846460618145563,0.9095214356929213,False,False,False,False,-0.06649274333239605,-0.06448032452671165,False,False,False,False,-203947.0,-173775.71538661318,False,False,False,False,18984.535029227438,False,False,False,False
2024-10-21 17:00:00+00:00,3.455,3.475,3.425,3.465,26291.0,,,,,,2.8925658969094985,3.160882454453941,3.4552188025579413,3.693568728455383,,,,,3.095560568224386,2.869137240318668,3.319386439841358,3.8121274403437093,,3.983908992722045,3.287305946388111,#000000,0.39640217542880496,3.3822854672979497,0.20866316541420188,59.39340877006071,13.713533267725204,True,False,True,False,False,2.6402931440554376,0.0,0.0,0.0,0.0,0,0.7911312673217434,0.9087931468883849,False,False,False,False,-0.06798037601291775,-0.06623035026981469,False,False,False,False,-177656.0,-173835.87483798352,False,False,False,False,19097.813555906083,False,False,False,False
2024-10-22 17:00:00+00:00,3.645,3.685,3.62,3.665,59781.0,,,,,,2.9224240913899253,3.1754967633032463,3.4602977356542066,3.6927677796229843,,,,,3.137436844632761,2.905106936570757,3.3285380138724108,3.8093881300490464,,3.9789094991163125,3.303932036886917,"rgba(38, 166, 154, 0.5)",0.40682840529067743,3.397571271297054,0.6573501880033902,61.43029269137427,13.713533267725204,True,False,True,False,True,5.310185776749599,0.0,0.0,0.0,0.0,0,0.791552111972007,0.9062734316420895,False,False,False,False,-0.02789804477620723,-0.04706419752301096,False,False,False,False,-117875.0,-172968.2643753791,False,False,False,False,19728.5606325587,False,False,False,False
2024-10-23 17:00:00+00:00,3.555,3.555,3.435,3.485,10989.0,,,,,,2.926483818824835,3.1772007030453304,3.460442444954917,3.691968618552105,,,,,3.1422307080967267,2.909990604985874,3.3293476118581293,3.808362342233928,,3.977544981770114,3.3057533565689807,#000000,0.4125745578265461,3.3987140563588425,0.20914024387668026,59.30806982057801,13.597180821268857,True,False,True,False,True,2.6780297269252316,0.0,0.0,0.0,0.0,0,0.7799091367995961,0.9146895507319535,False,False,False,False,-0.059058853924002126,-0.053061525723506545,False,False,False,False,-128864.0,-172284.47733079956,False,False,False,False,19593.06356848802,False,False,False,False
2024-10-24 17:00:00+00:00,3.635,3.7,3.615,3.635,34746.0,,,,,,2.942439297871486,3.185122413338605,3.463167626868097,3.691447821879433,,,,,3.163066813975176,2.9289721946412035,3.3343016362696134,3.8067620526983283,,3.9746700832713158,3.3144099821927426,"rgba(38, 166, 154, 0.5)",0.41953730412152124,3.4062405232603825,0.5452661169633579,59.84048820236795,13.597180821268857,True,False,True,False,True,4.638976604000717,0.0,0.0,0.0,0.0,0,0.7803163444639719,0.9103690685413005,False,False,False,False,-0.026910018141418066,-0.039985771932462305,False,False,False,False,-94118.0,-171072.5939613298,False,False,False,False,19827.992815488204,False,False,False,False
2024-10-25 17:00:00+00:00,3.495,3.5,3.44,3.5,60423.0,,,,,,2.9622930706133355,3.1934709108427515,3.463578183492063,3.6869812734200256,,,,,3.1841764314448264,2.952501756161406,3.338113712338377,3.8011190508922446,,3.967233285288095,3.322779298650629,#000000,0.4235537980231367,3.4112115278325836,0.20962737810833248,57.83404214423058,11.97623504150257,False,False,True,False,False,2.7040883737398893,0.0,0.0,0.0,0.0,0,0.7845804988662132,0.9128243890148652,False,False,False,False,-0.06401400515703376,-0.05199988854474803,False,False,False,False,-154541.0,-170816.29017898362,False,False,False,False,20457.372771837225,False,False,False,False
2024-10-28 17:00:00+00:00,3.695,3.71,3.62,3.695,51029.0,,,,,,2.9838507567288395,3.2047154596552367,3.467845326739195,3.6867712792344873,,,,,3.2103152435310194,2.9776499014015245,3.3453967596293697,3.799306101037805,,3.963569453978606,3.3344813534946844,"rgba(38, 166, 154, 0.5)",0.4325031895940344,3.421399794695465,0.6325969654960172,58.943351416057794,11.97623504150257,False,False,True,False,False,5.203504661551264,0.0,0.0,0.0,0.0,0,0.7920342828333752,0.9100075623897151,False,False,False,False,-0.0254280760667612,-0.03871398230575462,False,False,False,False,-103512.0,-169772.8128118676,False,False,False,False,20931.351488552926,False,False,False,False
2024-10-29 17:00:00+00:00,3.78,3.8,3.715,3.8,39250.0,,,,,3.7716666666666665,3.0017630070694885,3.2147190626851554,3.472489816515524,3.6879005427935243,,,,,3.232404592639972,2.998353561899524,3.35236903937879,3.799003840592874,3.7716666666666665,3.9617365416948918,3.3922966811379465,"rgba(38, 166, 154, 0.5)",0.44054156883758205,3.452193670154327,0.7894971881164325,60.82003827172714,11.97623504150257,True,False,True,False,True,6.504616918793275,-1.0,3.8,3.715,0.0,0,0.794191919191919,0.9020202020202018,False,True,False,False,-0.00715794791090925,-0.022935965108331933,False,False,False,False,-64262.0,-168136.98625664486,False,True,False,False,21215.361542993967,False,False,False,False
2024-10-30 17:00:00+00:00,3.525,3.605,3.5,3.58,31242.0,,,,,3.6785948287276096,3.0117158786117377,3.2195243212378815,3.473561874887287,3.68657799247588,,,,,3.2424044718233067,3.009807243204805,3.3550589376805835,3.7969557315418347,3.6785948287276096,3.9587179376023864,3.386022364465658,#000000,0.44476298982393003,3.4494431087081967,0.29354261545792604,58.37904640869931,11.97623504150257,False,False,True,False,False,3.3807130000698393,0.0,0.0,0.0,0.0,1,0.785607196401799,0.901799100449775,False,False,False,False,-0.04767259005425366,-0.035304277581292794,False,False,False,False,-95504.0,-167010.8934464643,False,False,False,False,21370.813302017315,False,False,False,False
2024-10-31 17:00:00+00:00,3.435,3.505,3.425,3.49,24102.0,,,,,3.626295395761535,3.0179606468436884,3.2222075544361717,3.4735597748039697,3.6848682425685575,,,,,3.247691206106918,3.0169657798729292,3.3562200969476077,3.7948155113057442,3.626295395761535,3.9559089492803703,3.382287134294124,#000000,0.4490042737411772,3.4473099837296424,0.09507708226172912,55.44697446267259,9.72381603543868,False,False,True,False,False,2.14640119748168,0.0,0.0,0.0,0.0,1,0.7720754716981132,0.9061635220125785,False,False,False,False,-0.06500540446474595,-0.05015484102301937,False,False,False,False,-119606.0,-166275.93385814704,False,False,False,False,21413.157281831,False,False,False,False
2024-11-01 17:00:00+00:00,3.565,3.635,3.555,3.62,14060.0,,,,,3.623324068449696,3.0225440172872626,3.2245436027189958,3.474251714095018,3.6844886622317548,,,,,3.252378186351472,3.022201267626892,3.3576272753402137,3.794079629194319,3.623324068449696,3.9547226759662766,3.3839376025884023,#000000,0.4556668511964453,3.448739870419409,0.3758450480453271,55.278077822619885,9.510538265377782,False,False,True,False,False,3.7990338377002004,0.0,0.0,0.0,0.0,1,0.7807701988421847,0.9010823055625472,False,False,False,False,-0.03926475210260494,-0.044709796562812154,False,False,False,False,-105546.0,-165334.38449600522,False,False,False,False,21299.154843353,False,False,False,False
2024-11-04 17:00:00+00:00,3.515,3.545,3.455,3.495,22015.0,,,,,3.602265737601624,3.028306485464412,3.2271462532293045,3.4744510980108245,3.6831415161860743,,,,,3.2573509586390776,3.0287660214256436,3.358870770673045,3.792310632376362,3.602265737601624,3.952330906112849,3.3836232748451516,#000000,0.45997527352267137,3.4486893786385813,0.1006806757388368,53.2774259348601,7.5122492254784206,False,True,True,False,False,2.0833916520864406,0.0,0.0,0.0,0.0,1,0.7813918305597578,0.9014120020171457,False,False,False,False,-0.058068178957384184,-0.05138898776009817,False,False,False,False,-127561.0,-164748.7506278501,False,False,False,False,21310.25321787466,False,False,False,False
2024-11-05 17:00:00+00:00,3.485,3.535,3.445,3.51,23885.0,,,,,3.5859463035573325,3.034380989822597,3.2298975711169025,3.474648879056926,3.681688837595582,,,,,3.262487808786899,3.035662109303895,3.360179440015619,3.7904044078875145,3.5859463035573325,3.9497547446232204,3.383921816349252,#000000,0.46466245619611046,3.4489848225376574,0.1313107539650051,52.17575360363956,6.352863418385873,False,True,False,False,False,2.2772708271486124,0.0,0.0,0.0,0.0,0,0.7750381291306557,0.9072191154041687,False,False,False,False,-0.046658642276805856,-0.049023815018452016,False,False,False,False,-103676.0,-163801.88627703072,False,False,False,False,21350.17177263629,False,False,False,False
2024-11-06 17:00:00+00:00,3.225,3.35,3.225,3.34,20660.0,,,,,3.552819095506067,3.037383256294159,3.2305549113740932,3.473352441138466,3.679167561099221,,,,,3.263262725185978,3.039052502923058,3.359729843513804,3.787712263002853,3.552819095506067,3.9466170612767635,3.380337177781966,#000000,0.4669927464374894,3.4460431770497797,-0.2270767112738753,48.96017306168899,3.2548199134824216,False,True,False,True,False,0.0,0.0,0.0,0.0,0.0,0,0.7737337744973275,0.9078645965894628,False,False,False,False,-0.08881996654744884,-0.06892189078295043,False,False,False,False,-124336.0,-163190.01207118528,False,False,False,False,21339.47143507604,False,False,False,False
2024-11-07 17:00:00+00:00,3.385,3.425,3.245,3.245,20125.0,,,,,3.527287280061841,3.0402444129713033,3.2311842592946536,3.4721084857485707,3.676743815418078,,,,,3.2639908860262024,3.0422740260240557,3.359298878449676,3.7851183904930883,3.527287280061841,3.9435898540467043,3.377583381609719,#000000,0.46827845531448037,3.443632936627999,-0.4241769707184238,45.60262461734994,0.13646414321569011,False,True,False,True,False,0.0,0.0,0.0,0.0,0.0,0,0.7744799594114661,0.9096905124302384,False,False,False,False,-0.05505556868705711,-0.06198872973500377,False,False,False,False,-144461.0,-162899.63979101184,False,False,False,False,21320.642420578737,False,False,False,False
2024-11-08 17:00:00+00:00,3.105,3.245,3.105,3.24,27443.0,,,,,3.486560374416844,3.0424921048571325,3.230790878569089,3.4693608637746225,3.6725403421227703,,,,,3.262426444749839,3.0447828633528524,3.3575711255316913,3.7808378743524442,3.486560374416844,3.9388150812729714,3.371929207969698,#000000,0.4691465031751228,3.4385924806726473,-0.42330589555415826,43.29887296627359,-1.965182612381362,False,True,False,True,False,0.0,0.0,0.0,0.0,0.0,0,0.7706516162134425,0.9171369933299127,False,False,False,False,-0.09154353196367328,-0.07676613084933853,False,False,False,False,-171904.0,-163039.24227487211,False,False,False,False,21415.562693127904,False,False,False,False
2024-11-11 17:00:00+00:00,3.355,3.455,3.32,3.415,22373.0,,,,,3.4783566179219947,3.0465931087772113,3.2323178530826566,3.468774453051019,3.670585052572979,,,,,3.2649222618521305,3.0493835454064846,3.3579068242678622,3.778573048300216,3.4783566179219947,3.936004280183923,3.371934751692506,#000000,0.472181777105634,3.4382449783284104,-0.049228876368115494,45.14942351664682,-1.965182612381362,False,True,False,True,False,1.0229862871182291,0.0,0.0,0.0,0.0,0,0.786340206185567,0.9072164948453608,False,False,False,False,-0.043119497403077175,-0.059942814126207854,False,False,False,False,-149531.0,-162829.8121620834,False,False,False,False,21430.406682381734,False,False,False,False
2024-11-12 17:00:00+00:00,3.235,3.245,3.175,3.2,21589.0,,,,,3.456367315978366,3.048361894120783,3.2320920011723873,3.4667499293393673,3.667433746657325,,,,,3.263895538167019,3.0513431500586825,3.3566639869597754,3.775338008075229,3.456367315978366,3.9323736540507466,3.368693952280993,#000000,0.4730681626219318,3.435112796301219,-0.49699560206742754,43.348708411472586,-1.965182612381362,False,True,False,True,False,0.0,0.0,0.0,0.0,0.0,0,0.77672147995889,0.9170092497430626,False,False,False,False,-0.0835443531770998,-0.07174358365165383,False,False,False,False,-171120.0,-162958.3422060821,False,False,False,False,21432.865493507597,False,False,False,False
2024-11-13 17:00:00+00:00,3.275,3.35,3.22,3.22,8842.0,,,,,3.4501739444916164,3.049330379980313,3.23220425484534,3.466108460430477,3.666312632848446,,,,,3.263891509096248,3.0524193912647886,3.356350925046014,3.774154580513187,3.4501739444916164,3.9310124016355603,3.3678828976129362,#000000,0.4740248406460927,3.434253853255349,-0.4519886615294723,42.532415088919215,-2.614503290795092,False,True,False,True,False,0.0,0.0,0.0,0.0,0.0,0,0.7734294541709578,0.9158084449021628,False,False,False,False,-0.06274773682210064,-0.06724566023687722,False,False,False,False,-162278.0,-162947.79426490254,False,False,False,False,21237.65827655399,False,False,False,False
2024-11-14 17:00:00+00:00,3.195,3.2,3.07,3.115,36532.0,,,,,3.412503956836837,3.0507740542694606,3.2306847992205068,3.4617641791037763,3.660215873126172,,,,,3.259993109342351,3.0539790261308717,3.353234047775757,3.768045507611286,3.412503956836837,3.9243210221507407,3.3612438392685577,"rgba(239, 83, 80, 0.5)",0.4735342486924137,3.4277772203661963,-0.6605165755800736,40.60430727535095,-4.590924927201904,False,True,False,True,False,0.0,0.0,0.0,0.0,0.0,0,0.7721551502697147,0.9211405086051888,False,False,False,False,-0.09746776529269492,-0.08235671276478607,False,False,False,False,-198810.0,-163503.79745459397,False,False,False,False,21474.77985366168,False,False,False,False
2024-11-15 17:00:00+00:00,3.065,3.1,3.05,3.06,18478.0,,,,,3.3933603854856074,3.050950129970458,3.229504617697765,3.4592320816406668,3.6568519691180756,,,,,3.25726910185752,3.0541437976270194,3.3512891986451168,3.7647215516262413,3.3933603854856074,3.920733876891701,3.3574803148520522,"rgba(239, 83, 80, 0.5)",0.471722528764684,3.377252229695852,-0.672539915629324,38.627522799534106,-6.593142513951612,False,True,False,True,False,0.0,0.0,0.0,0.0,0.0,0,0.768915106437548,0.9261349063862528,False,False,False,False,-0.10628072907236145,-0.09431872091857377,False,False,False,False,-217288.0,-164337.66105994908,False,False,False,False,21428.318150504132,False,False,False,False
2024-11-18 17:00:00+00:00,3.195,3.215,3.09,3.11,28461.0,,,,,3.373145419807997,3.052165620203781,3.2284847548110034,3.456068953459148,3.6523396855147854,,,,,3.2546993464201144,3.0554566643873455,3.3490604754757007,3.7601607979145832,3.373145419807997,3.9157063715955673,3.353509079777162,"rgba(239, 83, 80, 0.5)",0.4681677627240666,3.3759923517140455,-0.5681560604821457,38.498045766491565,-6.917122422147507,False,True,False,True,False,0.0,0.0,0.0,0.0,0.0,0,0.7765492414502443,0.9195165852404218,False,False,False,False,-0.07164324697772342,-0.0829809839481486,False,False,False,False,-188827.0,-164717.34073343824,False,False,False,False,21537.3519776281,False,False,False,False
2024-11-19 17:00:00+00:00,3.195,3.215,3.135,3.14,17571.0,,,,,3.363356959652495,3.0531121513291053,3.2280379014986504,3.4542982909996116,3.64972652654729,,,,,3.253496651381313,3.056485332465031,3.347868159984685,3.757490004229388,3.363356959652495,3.9127334498819284,3.351541330898619,"rgba(239, 83, 80, 0.5)",0.4633896362187644,3.3748982838406683,-0.5069131147546286,39.14316204569501,-6.917122422147507,False,True,False,True,False,0.0,0.0,0.0,0.0,0.0,0,0.7813953488372093,0.9082687338501294,False,False,False,False,-0.06597007013579043,-0.07447552704196951,False,False,False,False,-171256.0,-164818.7152957105,False,False,False,False,21475.858148517586,False,False,False,False
2024-11-20 17:00:00+00:00,3.21,3.215,3.145,3.195,31910.0,,,,,3.3494258918387025,3.055120445572746,3.2275084253165596,3.4513722559545776,3.6452598475326345,,,,,3.2518974227461617,3.058672964949576,3.3459912287956404,3.752874973516262,3.3494258918387025,3.9075484642553686,3.348680384024762,#000000,0.45655449730455266,3.373134698373301,-0.3901718183152035,40.92888466174598,-6.917122422147507,False,True,False,True,True,0.0,0.0,0.0,0.0,0.0,0,0.7791871602381568,0.9130209681594615,False,False,False,False,-0.06033398259124395,-0.06740475481660674,False,False,False,False,-139346.0,-164423.78947717237,False,False,False,False,21637.62778962584,False,False,False,False
2024-11-21 17:00:00+00:00,3.255,3.38,3.255,3.37,25899.0,,,,,3.348565891026777,3.0585372131109168,3.2285711260977368,3.450354980727881,3.642858282699376,,,,,3.253442888005832,3.062438634053221,3.3458893763735107,3.7501586781092366,3.348565891026777,3.9042566183345366,3.348979674467165,#000000,0.4547067464039092,3.3755004335502834,-0.012096661406024835,45.75268253665895,-8.656164281886,False,True,False,True,True,0.7651408751117756,0.0,0.0,0.0,0.0,0,0.7838461538461536,0.902051282051282,False,False,False,False,-0.013888681173234926,-0.04064671799492083,False,False,False,False,-113447.0,-163633.45165582086,False,False,False,False,21703.695575833193,False,False,False,False
2024-11-22 17:00:00+00:00,3.295,3.35,3.25,3.35,19690.0,,,,,3.347182807158937,3.0609109486453434,3.2292283315759613,3.449472371494458,3.640949941565645,,,,,3.2543243236226522,3.06504555923925,3.345684939424,3.748026941688792,3.347182807158937,3.9016993863855456,3.3489806849350043,#000000,0.4506184139102159,3.3763371287716244,-0.058446632358152784,48.513728365301304,-6.134528423170842,False,True,False,False,True,0.4824089564986629,0.0,0.0,0.0,0.0,0,0.7858425237240318,0.9025391125929728,False,False,False,False,-0.006187592457652188,-0.02341715522628651,False,False,False,False,-133137.0,-163160.63845185464,False,False,False,False,21672.47548938617,False,False,False,False
2024-11-25 17:00:00+00:00,3.445,3.48,3.385,3.48,17328.0,,,,,3.3509005242635386,3.064021101257033,3.2306574240774313,3.449465791885864,3.639963322699548,,,,,3.2566757900735093,3.068473483726297,3.346313038573416,3.746735552405126,3.3509005242635386,3.899969620558451,3.350356225440196,#000000,0.4469175508942348,3.3603010033033307,0.26783239203106757,52.69268971514336,-2.340755317527517,False,True,True,False,True,2.282245824895444,0.0,0.0,0.0,0.0,0,0.7986489997401921,0.8929592101844633,False,False,False,False,0.03025921692526112,0.0034210308494873054,False,False,False,False,-115809.0,-162426.50452236854,False,False,False,False,21605.119280248397,False,False,False,False
2024-11-26 17:00:00+00:00,3.33,3.345,3.22,3.25,20966.0,,,,,3.3475269535620944,3.066018610241759,3.2309785260948045,3.4482317391365274,3.6376948302933845,,,,,3.256892454868785,3.0706487290065505,3.3457644479341573,3.744271527891678,3.3475269535620944,3.8970824377324007,3.349780868781082,#000000,0.4428557205108598,3.3538975171242904,-0.2346080502345969,50.73730290621333,-2.340755317527517,False,True,False,False,True,0.0,0.0,0.0,0.0,0.0,0,0.7788957688338493,0.8996388028895769,False,False,False,False,-0.011000456992154179,-0.0037897130713334367,False,False,False,False,-136775.0,-162028.80677783568,False,False,False,False,21595.210454198033,False,False,False,False
2024-11-27 17:00:00+00:00,3.35,3.37,3.29,3.32,18960.0,,,,,3.3467535360132663,3.068266533935159,3.2316513134562994,3.447473478903145,3.635971971537982,,,,,3.2577926557801242,3.0731034834138087,3.345638361440078,3.7423219325657033,3.3467535360132663,3.894721859110369,3.3498859185606182,#000000,0.43992800393774906,3.3538691000729233,-0.07698782475715275,50.74318966592684,-2.340755317527517,False,True,False,False,False,0.02604525011429004,0.0,0.0,0.0,0.0,0,0.7797265927263348,0.8976012380706733,False,False,False,False,0.0020624890885721724,-0.0008636119913806321,False,False,False,False,-117815.0,-161343.3214014351,False,False,False,False,21554.354478163954,False,False,False,False
2024-11-28 17:00:00+00:00,3.32,3.32,3.32,3.32,0.0,,,,,3.3467535360132663,3.068266533935159,3.2316513134562994,3.447473478903145,3.635971971537982,,,,,3.2577926557801242,3.0731034834138087,3.345638361440078,3.7423219325657033,3.3467535360132663,3.894721859110369,3.3498859185606182,#000000,0.43578237605401476,3.3538691000729233,-0.0777202152588323,50.74711417240252,-2.340755317527517,False,True,False,False,False,0.02604525011429004,0.0,0.0,0.0,0.0,0,0.7774327122153207,0.9003623188405797,False,False,False,False,0.03172687166421978,0.015431629836419575,False,False,False,False,-117815.0,-160668.4637052888,False,False,False,False,21220.178439742805,False,False,False,False
2024-11-29 17:00:00+00:00,3.375,3.395,3.37,3.39,5911.0,,,,,3.3471905712827574,3.069115865986432,3.231986719945255,3.447352228254242,3.635539309829244,,,,,3.258302263492044,3.074033037216533,3.3457192130106637,3.7418026190933977,3.3471905712827574,3.8940650746420475,3.3501157586789523,#000000,0.43434091106759726,3.3545194337180035,0.08168828995359058,52.15335320696708,-2.340755317527517,False,True,True,False,False,1.0128828047937048,0.0,0.0,0.0,0.0,0,0.7823360334465639,0.8957407891298669,False,False,False,False,0.07931718772935385,0.047374408782886714,False,False,False,False,-111904.0,-159912.42550830758,False,False,False,False,20982.826836025863,False,False,False,False
2024-12-02 17:00:00+00:00,3.315,3.34,3.27,3.315,20360.0,,,,,3.3457191113706766,3.0713051412913424,3.2325575915095897,3.446429050343589,3.633607830488409,,,,,3.258983234537975,3.076413810989908,3.3454565627385575,3.7396435008563462,3.3457191113706766,3.8914769691747986,3.350012870458488,#000000,0.43210906406050614,3.354027655059105,-0.09031899190534047,51.378884070646464,-2.340755317527517,False,True,False,False,False,0.0,0.0,0.0,0.0,0.0,0,0.7794079119727534,0.8902279276919047,False,False,False,False,0.054037757774999376,0.05070608327894305,False,False,False,False,-132264.0,-159483.76774848884,False,False,False,False,20973.170606009957,False,False,False,False
2024-12-03 17:00:00+00:00,3.365,3.38,3.295,3.33,9232.0,,,,,3.3455381610481694,3.072394895802279,3.232903751158442,3.446094530202469,3.6328107041387963,,,,,3.259449511710856,3.0775997769753003,3.3454233583153354,3.7387316393075807,3.3455381610481694,3.8903642664141516,3.350105147628803,#000000,0.428355718558332,3.3542233627294697,-0.05654964245836495,51.206915396888334,-2.340755317527517,False,True,False,False,False,0.15124431774576053,0.0,0.0,0.0,0.0,0,0.7794348508634222,0.8911564625850341,False,False,False,False,0.07565600729433594,0.0631810452866395,False,False,False,False,-123032.0,-158918.62406246577,False,False,False,False,20791.1369532036,False,False,False,False
2024-12-04 17:00:00+00:00,3.115,3.125,3.045,3.12,29472.0,,,,,3.332812101664018,3.0727109416903264,3.231449812571607,3.4427774741125865,3.628280310856219,,,,,3.256323178828374,3.077874913357779,3.342926952502726,3.734145618760535,3.332812101664018,3.885329985734107,3.346589033816019,"rgba(239, 83, 80, 0.5)",0.4266850537986284,3.346234278726206,-0.5302137412879148,46.940403844386665,1.1778248648867802,False,True,False,True,False,0.0,0.0,0.0,0.0,0.0,0,0.7817285232286528,0.8938489488710095,False,False,False,False,-0.008761302358465476,0.02720987146408701,False,False,False,False,-152504.0,-158819.17252661358,False,False,False,False,20925.72397718494,False,False,False,False
2024-12-05 17:00:00+00:00,3.125,3.2,3.11,3.2,34200.0,,,,,3.32369226027861,3.0741591000688553,3.2306981162377113,3.4398053811646805,3.623830266114599,,,,,3.254441273143854,3.07939214027268,3.340936319231855,3.7295081612714607,3.32369226027861,3.880103371693577,3.3440514464204787,#000000,0.42426706275710796,3.341810450283696,-0.3342480779962923,46.04613390139703,0.23696083178851524,False,True,False,True,False,0.0,0.0,0.0,0.0,0.0,0,0.7873667793085519,0.8890044190278138,False,False,False,False,0.01460279037042071,0.02090633091725386,False,False,False,False,-118304.0,-158191.03031689863,False,False,False,False,21131.526706220833,False,False,False,False
2024-12-06 17:00:00+00:00,3.205,3.235,3.105,3.105,19674.0,,,,,3.3182180500240657,3.074788850855662,3.230122564254108,3.4379898498333823,3.6211889021562045,,,,,3.253127040666754,3.0800391678517043,3.3396692752507637,3.7267728093645056,3.3182180500240657,3.877040466304766,3.3424351678063497,"rgba(239, 83, 80, 0.5)",0.4224027901388914,3.3392067656862143,-0.5544631123511381,43.78878428739359,-1.9921071156997598,False,True,False,True,False,0.0,0.0,0.0,0.0,0.0,0,0.7940945910634961,0.8863339430363211,False,False,False,False,0.01961058687265275,0.020258458894953306,False,False,False,False,-137978.0,-157877.65000190795,False,False,False,False,21108.92939294609,False,False,False,False
2024-12-09 17:00:00+00:00,3.35,3.355,3.225,3.225,29366.0,,,,,3.315997122986394,3.0772108807011,3.2305169984500526,3.4364270247328803,3.618287262161555,,,,,3.2534030629306394,3.082640473180743,3.3389756170381624,3.7235746492069532,3.315997122986394,3.8732611378942736,3.341892565709831,#000000,0.4208766376791985,3.3389849666762874,-0.270827497826499,45.07608915024522,-1.9921071156997598,False,True,False,True,False,0.0,0.0,0.0,0.0,0.0,0,0.793617577818467,0.8804603714360449,False,False,False,False,0.08003746925920434,0.05014796407707882,False,False,False,False,-108612.0,-157113.8414747466,False,False,False,False,21236.94599150507,False,False,False,False
2024-12-10 17:00:00+00:00,3.06,3.14,3.05,3.095,21125.0,,,,,3.3091388591410187,3.077369593859972,3.229518099796705,3.4341794132614027,3.6152099107119504,,,,,3.251361315547659,3.082762095547043,3.337280857225221,3.720435926503816,3.3091388591410187,3.869800564274525,3.3396951190660875,"rgba(239, 83, 80, 0.5)",0.41672475631107603,3.3355699048293124,-0.5772872889983334,43.648319364269696,-2.193653149736612,False,True,False,True,False,0.0,0.0,0.0,0.0,0.0,0,0.7936425221469514,0.8840541948931735,False,False,False,False,0.04428546617332449,0.047216715125201654,False,False,False,False,-129737.0,-156689.39432009935,False,False,False,False,21235.210394737547,False,False,False,False
2024-12-11 17:00:00+00:00,3.045,3.055,2.975,3.04,19851.0,,,,,3.3010404402878413,3.076920327853107,3.228099786633696,3.4316535496231193,3.611957088020776,,,,,3.2486324409669076,3.0822175972486785,3.3352448523311105,3.717180218838623,3.3010404402878413,3.8662784154626215,3.3369940335337622,"rgba(239, 83, 80, 0.5)",0.41147008473354874,3.331403621248567,-0.708201232751266,41.824742460990265,-4.026247874858441,False,True,False,True,False,0.0,0.0,0.0,0.0,0.0,0,0.79178655506147,0.8841224169500391,False,False,False,False,0.020106700215272628,0.03366170767023714,False,False,False,False,-149588.0,-156579.29518335362,False,False,False,False,21213.749768462545,False,False,False,False
2024-12-12 17:00:00+00:00,3.085,3.21,3.08,3.15,21978.0,,,,,3.2963448112010703,3.077556487433005,3.2274842875658027,3.429726844252713,3.6091430846750288,,,,,3.247299106173372,3.0828647980113906,3.3339005038125173,3.714245404707781,3.2963448112010703,3.8629784800158897,3.3353961475369647,#000000,0.4074112184278975,3.329300859892436,-0.4400979938262748,43.20683867378542,-4.026247874858441,False,True,False,True,False,0.0,0.0,0.0,0.0,0.0,0,0.797969278833637,0.8755532413434002,False,False,False,False,0.08294194240294542,0.05830182503659128,False,False,False,False,-127610.0,-156130.15882392178,False,False,False,False,21225.598609261575,False,False,False,False
2024-12-13 17:00:00+00:00,3.055,3.12,3.05,3.085,31745.0,,,,,3.2874502261493626,3.0776532763263202,3.2259455489494275,3.4263930995573317,3.604604084328305,,,,,3.2442905238902755,3.0828953257351053,3.331363714925506,3.7096044548519442,3.2874502261493626,3.857859365610981,3.3322444727459533,"rgba(239, 83, 80, 0.5)",0.4030860346766611,3.3249762615307334,-0.5953474962813645,42.94336954838148,-4.026247874858441,False,True,False,True,False,0.0,0.0,0.0,0.0,0.0,0,0.8005772763054314,0.8750983993702439,False,False,False,False,0.05859906781233841,0.05845044642446484,False,False,False,False,-159355.0,-156180.1563615354,False,False,False,False,21388.690103691628,False,False,False,False
2024-12-16 17:00:00+00:00,3.105,3.12,3.05,3.06,10754.0,,,,,3.284487322598509,3.0776489494068544,3.2254014160007123,3.4252511157568284,3.6030598425178293,,,,,3.2432444615310225,3.0828653032709794,3.330487359505924,3.7080269931929903,3.284487322598509,3.8561219123262616,3.3311636404201836,"rgba(239, 83, 80, 0.5)",0.3986873167992426,3.3235257632848976,-0.6609835632609172,42.309996870210355,-4.026247874858441,False,True,False,True,False,0.0,0.0,0.0,0.0,0.0,0,0.7997385620915031,0.8713725490196078,False,False,False,False,0.05859906781233841,0.058524757118401625,False,False,False,False,-170109.0,-156396.10742569764,False,False,False,False,21223.81118735532,False,False,False,False
2024-12-17 17:00:00+00:00,2.945,3.02,2.94,2.97,31708.0,,,,,3.272237191933467,3.0763598168236115,3.222756576790412,3.4209733875719035,3.5977037360142172,,,,,3.238428022209079,3.0813771733359743,3.3269338730789997,3.702691823054357,3.272237191933467,3.85039225258711,3.3266068445346693,"rgba(239, 83, 80, 0.5)",0.3902717117714426,3.3172081382931897,-0.8896574561277127,40.301896932036264,-6.015152063440745,False,True,False,True,False,0.0,0.0,0.0,0.0,0.0,0,0.7948181104422923,0.8814446479979063,False,False,False,False,0.01614817129092402,0.03733646420466282,False,False,False,False,-201817.0,-157100.30731057056,False,False,False,False,21386.35675034206,False,False,False,False
2024-12-18 17:00:00+00:00,2.885,2.905,2.7,2.73,18084.0,,,,,3.261275841953624,3.0742056349823987,3.2200776586658604,3.4174971710786264,3.5937272878775115,,,,,3.2337353232467145,3.0789744929752514,3.3238094286539117,3.698861990048816,3.261275841953624,3.84642354890963,3.3224627588314126,"rgba(239, 83, 80, 1.0)",0.38444972960661267,3.255737479453197,-1.367506435733891,35.84234063367114,-10.224513276859533,False,True,False,True,False,0.0,0.0,0.0,0.0,0.0,0,0.7918293000260211,0.8779599271402551,False,False,False,False,-0.05556170834437922,-0.0091126220698582,False,False,False,False,-219901.0,-158073.96146079426,False,False,False,False,21335.15742087939,False,False,False,False
2024-12-19 17:00:00+00:00,2.765,2.78,2.72,2.755,28734.0,,,,,3.2439174446057946,3.0705433523392394,3.2156338887445335,3.411823194531479,3.587283756426017,,,,,3.226047485924999,3.074902457342948,3.31867833245526,3.6926671394927117,3.2439174446057946,3.84002174721337,3.315721894651442,"rgba(239, 83, 80, 1.0)",0.3782489646770791,3.2457918684240443,-1.2975365810797292,33.58422276563067,-12.25402034730908,False,True,False,True,False,0.0,0.0,0.0,0.0,0.0,0,0.7955613577023497,0.8767624020887729,False,False,False,False,-0.07684818602549366,-0.04298040404767593,False,False,False,False,-191167.0,-158587.03182574318,False,False,False,False,21449.868158540176,False,False,False,False
2024-12-20 17:00:00+00:00,2.785,2.795,2.715,2.715,18980.0,,,,,3.2328657206400364,3.068095091106556,3.2126822724160182,3.408072061442015,3.583031055501797,,,,,3.220998183355339,3.072186314650021,3.315280317020813,3.6885764171944,3.2328657206400364,3.8357955172606486,3.3113097148141106,"rgba(239, 83, 80, 1.0)",0.3686240791263027,3.2397384319400495,-1.4235055756090667,31.592619144262397,-14.066622971564748,False,True,False,True,False,0.0,0.0,0.0,0.0,0.0,0,0.7984760903836047,0.8788754598003153,False,False,False,False,-0.07481820771007476,-0.058899305878875347,False,False,False,False,-210147.0,-159386.41117728205,False,False,False,False,21411.575628950406,False,False,False,False
2024-12-23 17:00:00+00:00,2.725,2.725,2.725,2.725,0.0,,,,,3.2328657206400364,3.068095091106556,3.2126822724160182,3.408072061442015,3.583031055501797,,,,,3.220998183355339,3.072186314650021,3.315280317020813,3.6885764171944,3.2328657206400364,3.8357955172606486,3.3113097148141106,"rgba(239, 83, 80, 1.0)",0.35330577828982057,3.2397384319400495,-1.4569205022109881,30.600683679449318,-15.018434567111356,False,True,False,True,False,0.0,0.0,0.0,0.0,0.0,0,0.7982571956693951,0.8780036968576711,False,False,False,False,-0.08700790369739159,-0.07295360478813347,False,False,False,False,-210147.0,-160173.39705050248,False,False,False,False,21079.61321609846,False,False,False,False
2024-12-24 17:00:00+00:00,2.805,2.83,2.795,2.805,11032.0,,,,,3.227525606112118,3.0669831357842163,3.2112299501866564,3.406132573344703,3.5807779660912473,,,,,3.2185229340585995,3.070950036059772,3.3135566746732734,3.6863852658394545,3.227525606112118,3.833506447709849,3.309118238016671,"rgba(239, 83, 80, 1.0)",0.33556124828614253,3.2374995797711623,-1.2888841663932469,32.587832813484,-15.018434567111356,False,True,False,True,True,0.0,0.0,0.0,0.0,0.0,0,0.8003701745108407,0.8773135906927554,False,False,False,False,-0.051513424535851296,-0.06223351466199238,False,False,False,False,-199115.0,-160777.14283266524,False,False,False,False,20923.836267011662,False,False,False,False
2024-12-25 17:00:00+00:00,2.805,2.805,2.805,2.805,0.0,,,,,3.227525606112118,3.0669831357842163,3.2112299501866564,3.406132573344703,3.5807779660912473,,,,,3.2185229340585995,3.070950036059772,3.3135566746732734,3.6863852658394545,3.227525606112118,3.833506447709849,3.309118238016671,"rgba(239, 83, 80, 1.0)",0.328606023862804,3.2374995797711623,-1.3161644898869371,33.91259890284045,-15.018434567111356,False,True,False,True,True,0.0,0.0,0.0,0.0,0.0,0,0.8053262316910784,0.8756324900133156,False,False,False,False,-0.05454947199038168,-0.05839149332618703,False,False,False,False,-199115.0,-161371.52821510454,False,False,False,False,20599.435704732412,False,False,False,False
2024-12-26 17:00:00+00:00,2.835,2.835,2.765,2.79,13479.0,,,,,3.2209786889213055,3.065567656834912,3.2094111492439854,3.403727274315457,3.577995571016471,,,,,3.2154414284400756,3.0693788979393117,3.31141126618886,3.683682380828314,3.2209786889213055,3.830687215936445,3.306399368192077,"rgba(239, 83, 80, 1.0)",0.32443815607465143,3.2344534495065704,-1.3699173207121302,34.48215201038394,-15.018434567111356,False,True,False,True,True,0.0,0.0,0.0,0.0,0.0,0,0.8040414783302311,0.8721084817867586,False,False,False,False,-0.056574058453723264,-0.05748277588995515,False,False,False,False,-212594.0,-162165.67506448276,False,False,False,False,20489.041352721055,False,False,False,False
2024-12-27 17:00:00+00:00,2.785,2.83,2.77,2.82,17076.0,,,,,3.213153820601926,3.0638614895738785,3.207185046226193,3.4007569723804503,3.5745436471796386,,,,,3.211693333791537,3.067486190623055,3.3087710811277473,3.680320033851159,3.213153820601926,3.8271719122958663,3.3030857350395095,"rgba(239, 83, 80, 1.0)",0.3183546806671852,3.2308174834437158,-1.2904395895256,36.03636858336786,-18.154032460044917,False,True,False,True,True,0.0,0.0,0.0,0.0,0.0,0,0.810492505353319,0.8709850107066381,False,False,False,False,-0.056574058453723264,-0.05702841717183921,False,False,False,False,-195518.0,-162682.76537356054,False,False,False,False,20436.125982911424,False,False,False,False
2024-12-30 17:00:00+00:00,2.725,2.75,2.7,2.7,20215.0,,,,,3.2022960158611156,3.0611738331318454,3.203996255346499,3.396751691375613,3.5700225961525933,,,,,3.2063777131966185,3.0645194048091176,3.305127171412921,3.6759661487592368,3.2022960158611156,3.8226772088981607,3.2984700922272845,"rgba(255, 0, 0, 1.0)",0.3139619245865537,3.2245842788553185,-1.670853176053518,34.493919789467746,-18.154032460044917,False,True,False,True,True,0.0,0.0,0.0,0.0,0.0,0,0.7995182012847963,0.8717880085653104,False,False,False,False,-0.08700790369739159,-0.0720181604346154,False,False,False,False,-215733.0,-163505.2496313348,False,False,False,False,20432.697673098846,False,False,False,False
2024-12-31 17:00:00+00:00,2.635,2.64,2.595,2.625,15416.0,,,,,3.192744054503942,3.058584714441888,3.2011153363487947,3.3932989430171565,3.566219788349018,,,,2.6200000000000006,3.2016149509951135,3.0616710158421387,3.3019267659581604,3.6723402950660398,3.192744054503942,3.818976464945325,3.2269515864522256,"rgba(255, 0, 0, 1.0)",0.3121143818977109,3.1554269445840264,-1.6994633228976388,32.1883275591511,-18.154032460044917,False,True,False,True,False,0.0,0.0,0.0,0.0,0.0,0,0.7982432792121371,0.8751663561352142,False,False,False,False,-0.13092650745389248,-0.10147233394425394,False,False,False,False,-231149.0,-164553.98994712805,False,False,False,False,20354.91941460119,False,False,False,False
2025-01-01 17:00:00+00:00,2.625,2.625,2.625,2.625,0.0,,,,,3.192744054503942,3.058584714441888,3.2011153363487947,3.3932989430171565,3.566219788349018,,,,2.6200000000000006,3.2016149509951135,3.0616710158421387,3.3019267659581604,3.6723402950660398,3.192744054503942,3.818976464945325,3.2269515864522256,"rgba(255, 0, 0, 1.0)",0.30923673837428034,3.1554269445840264,-1.7152779044708186,30.651266072273334,-15.21784009513847,False,True,False,True,False,0.0,0.0,0.0,0.0,0.0,0,0.8025187566988208,0.8751339764201498,False,False,False,False,-0.127848014976076,-0.11466017446016497,False,False,False,False,-231149.0,-165586.47072314157,False,False,False,False,20039.33926863838,False,False,False,False
2025-01-02 17:00:00+00:00,2.845,2.875,2.745,2.78,28658.0,,,,,3.1811218954508202,3.055794055020205,3.1974703167924616,3.3884364780651213,3.5605602857699576,,,,2.737040432000726,3.195641064302887,3.058590697198058,3.2976056759511825,3.6668073413500704,3.1811218954508202,3.8131808289979587,3.233906824190149,"rgba(239, 83, 80, 1.0)",0.305428999726412,3.157550958833872,-1.2361333048664775,35.46649422882819,-18.980348499340984,False,True,False,True,True,0.0,0.0,0.0,0.0,0.0,0,0.8084087280468332,0.8669505055880786,False,False,False,False,-0.05252533217721285,-0.0835927533186889,False,False,False,False,-202491.0,-166158.63396774404,False,False,False,False,20172.96191563624,False,False,False,False
2025-01-03 17:00:00+00:00,2.795,2.875,2.795,2.865,8895.0,,,,,3.1780627276193747,3.05509031847953,3.196478959964265,3.387057591897837,3.5589235571187925,,,,2.7551699107024863,3.1940296415394878,3.05781312895466,3.2963994904728313,3.6651926591582598,3.1780627276193747,3.811474638651652,3.234421798590753,"rgba(239, 83, 80, 0.5)",0.2966595251696405,3.1574540578016483,-0.9858239260459022,41.053250431730675,-13.976601500773803,False,False,False,True,True,0.0,0.0,0.0,0.0,0.0,0,0.8167735042735041,0.8653846153846152,False,False,False,False,-0.04241074807962726,-0.06300175069915809,False,False,False,False,-193596.0,-166584.019487624,False,False,False,False,19998.109792913197,False,False,False,False
2025-01-06 17:00:00+00:00,3.085,3.135,3.06,3.11,61764.0,,,,3.1016666666666666,3.173521709701116,3.0561455650961395,3.1946627683794193,3.3821164849655037,3.5517746989479733,,,,2.941698857347058,3.1911734193965726,3.0588943352532554,3.2928614755684102,3.657608010405853,3.173521709701116,3.8028940061237964,3.2365567265207247,#000000,0.2876129312082488,3.1447052057884224,-0.12066636101036042,49.49644244756487,-6.549660499997451,True,False,True,False,True,0.0,0.0,0.0,0.0,0.0,0,0.8206420801273546,0.8684001061289465,False,False,False,False,0.06366382996370737,0.0003310396322746406,False,False,False,False,-131832.0,-166045.22848781585,False,False,False,False,20645.642974418417,False,False,False,False
2025-01-07 17:00:00+00:00,3.085,3.09,3.035,3.07,20235.0,,,,3.092618385590068,3.171448751170163,3.05621080382435,3.193854113725438,3.38032788071014,3.549294117958154,,,,2.9601847104498846,3.1899079491416718,3.0589432579965785,3.2915131903046655,3.655006377474919,3.171448751170163,3.799983130853537,3.2363008671223668,#000000,0.2851811815430832,3.1455681281676693,-0.26498287074476246,53.98308814661045,-2.920235902590946,True,False,True,False,True,0.0,0.0,0.0,0.0,0.0,0,0.8153310104529615,0.8785848298043419,False,False,False,False,0.04948988287215078,0.02491046125221271,False,False,False,False,-152067.0,-165828.5117670745,False,False,False,False,20639.276416675493,False,False,False,False
2025-01-08 17:00:00+00:00,2.985,3.0,2.945,2.99,14655.0,,,,3.075290106979535,3.1688135936733763,3.0557974444487104,3.1928850276283547,3.37869246639495,3.547194625052661,,,,2.9619622985770904,3.1883821864292603,3.0584781690640828,3.290176809712975,3.6528617032228152,3.1688135936733763,3.7976423542681,3.233684948289437,"rgba(239, 83, 80, 0.5)",0.2839251582644591,3.1438084449331076,-0.5417217899015633,54.79059197445358,-2.465971000613088,True,False,True,False,True,0.0,0.0,0.0,0.0,0.0,0,0.8099946552645644,0.8792089791555318,False,False,False,False,0.013119997818063615,0.019015229535138164,False,False,False,False,-166722.0,-165842.36429781752,False,False,False,False,20546.49693734719,False,False,False,False
2025-01-09 17:00:00+00:00,2.99,2.99,2.99,2.99,0.0,,,,3.075290106979535,3.1688135936733763,3.0557974444487104,3.1928850276283547,3.37869246639495,3.547194625052661,,,,2.9619622985770904,3.1883821864292603,3.0584781690640828,3.290176809712975,3.6528617032228152,3.1688135936733763,3.7976423542681,3.233684948289437,"rgba(239, 83, 80, 0.5)",0.2851046433463691,3.1438084449331076,-0.5394806732286291,55.328927859682324,-1.9172790974583194,True,False,True,False,True,0.0,0.0,0.0,0.0,0.0,0,0.8154218162278345,0.8790972595378829,False,False,False,False,0.020186206218516373,0.019600717876827267,False,False,False,False,-166722.0,-165856.00206064206,False,False,False,False,20227.94659723328,False,False,False,False
2025-01-10 17:00:00+00:00,2.815,2.885,2.815,2.88,51244.0,,,,3.0006959526159918,3.1547498661007345,3.0522297007703636,3.187732154321539,3.3714173443217925,3.5384710073607217,,,,2.935950280533885,3.1803052857674263,3.054553139495381,3.2838525694854663,3.644171088684924,3.1547498661007345,3.7883940362806805,3.218557126314384,"rgba(239, 83, 80, 0.5)",0.28774295648896725,3.1307221747939806,-0.8713407892004961,52.805220253949585,-1.9172790974583194,True,False,True,False,True,0.0,0.0,0.0,0.0,0.0,0,0.8089948523435383,0.8910864264426984,False,False,False,False,-0.03634628986038411,-0.00837278599177842,False,False,False,False,-217966.0,-166663.9090054383,False,False,False,False,20708.815642237416,False,False,False,False
2025-01-13 17:00:00+00:00,2.795,2.87,2.785,2.86,7719.0,,,,2.9926423526992547,3.152594047832356,3.0516442132375414,3.1869193552680812,3.370293444941876,3.5371347544367353,,,,2.932337836671684,3.1790429712157553,3.0539109666960376,3.2828681387771215,3.6428427702261614,3.152594047832356,3.786984584769735,3.216566441091146,"rgba(239, 83, 80, 0.5)",0.2905253551447527,3.1289060958468156,-0.925585636795228,50.638703346654665,-1.9172790974583194,True,False,False,False,False,0.0,0.0,0.0,0.0,0.0,0,0.814784506273868,0.8878887070376434,False,False,False,False,-0.04544411886793694,-0.026908452429857684,False,False,False,False,-225685.0,-167578.9646797726,False,False,False,False,20507.423151660092,False,False,False,False
2025-01-14 17:00:00+00:00,2.875,2.94,2.855,2.94,16354.0,,,,2.9849417731284147,3.1491657552399417,3.0508371190232673,3.1855693947581,3.3682539691387747,3.5346157974144483,,,,2.9308349633976465,3.17696815449726,3.0530214992750477,3.281138470002901,3.640298135362972,3.1491657552399417,3.7842419709848367,3.2141495482944347,"rgba(239, 83, 80, 0.5)",0.29215975822198215,3.1268271344339347,-0.6394690890043249,51.34856695516787,-1.9172790974583194,True,False,False,False,False,0.0,0.0,0.0,0.0,0.0,0,0.8276999175597691,0.8823852706787578,False,False,False,False,-0.017157665894720776,-0.02203305916228923,False,False,False,False,-209331.0,-168226.28305683038,False,False,False,False,20443.028994270015,False,False,False,False
2025-01-15 17:00:00+00:00,2.975,3.015,2.965,2.97,3830.0,,,,2.9849067316644002,3.1486149588611365,3.0507460894052434,3.1853373753392007,3.367853514740953,3.5340963337925837,,,,2.9317138756538585,3.176616896253606,3.0529195947526464,3.280813841573466,3.639763119641755,3.1486149588611365,3.7836547006976127,3.213943848334441,"rgba(239, 83, 80, 0.5)",0.293395975088618,3.1267031481256327,-0.5341012196172817,52.58260189431818,-1.9172790974583194,True,False,True,False,False,0.0,0.0,0.0,0.0,0.0,0,0.8324636088986543,0.8788794287283714,False,False,False,False,0.020186206218516373,-0.000923426471886429,False,False,False,False,-205501.0,-168804.18564509656,False,False,False,False,20185.46265327358,False,False,False,False
2025-01-16 17:00:00+00:00,2.985,3.01,2.97,2.98,6457.0,,,,2.98496908228994,3.1477131698379184,3.0506007380901696,3.184953851472447,3.3671861077743634,3.5332280695160994,,,,2.9332223341708215,3.1760377493466048,3.052756664334529,3.2802742642764726,3.638867676692608,3.1477131698379184,3.7826706843282127,3.213619064345634,#000000,0.29411995775457384,3.1265156552413798,-0.49814931417758007,53.67197012784824,-1.9172790974583194,True,False,True,False,False,0.0,0.0,0.0,0.0,0.0,0,0.8369146005509641,0.8765840220385676,False,False,False,False,0.020186206218516373,0.009631389873314973,False,False,False,False,-199044.0,-169273.01997618034,False,False,False,False,19972.61827105228,False,False,False,False
2025-01-17 17:00:00+00:00,3.015,3.02,2.965,3.0,4971.0,,,,2.9852354069081173,3.1470613009547277,3.0505038130095756,3.1846719647149695,3.366685104042637,3.5325716629031993,,,,2.9345008492993276,3.1756138011151536,3.0526475226329692,3.2798719627585795,3.6381887669768997,3.1470613009547277,3.781922694711247,3.213413832301469,#000000,0.29496449626023946,3.1264168658999103,-0.4285833295285003,54.96486942099154,-0.8268963708264039,True,False,True,False,True,0.0,0.0,0.0,0.0,0.0,0,0.8404755322090129,0.8750345590268177,False,False,False,False,0.021195812661558545,0.01541360126743676,False,False,False,False,-194073.0,-169657.51579050312,False,False,False,False,19740.035042043717,False,False,False,False
2025-01-20 17:00:00+00:00,3.0,3.0,3.0,3.0,0.0,,,,2.9852354069081173,3.1470613009547277,3.0505038130095756,3.1846719647149695,3.366685104042637,3.5325716629031993,,,,2.9345008492993276,3.1756138011151536,3.0526475226329692,3.2798719627585795,3.6381887669768997,3.1470613009547277,3.781922694711247,3.213413832301469,#000000,0.29378882530463385,3.1264168658999103,-0.43029841509059047,55.826802283087076,0.40244584730344,True,False,True,False,True,0.0,0.0,0.0,0.0,0.0,0,0.8435241801000555,0.8740967204002222,False,False,False,False,0.024224899469093092,0.019819250368264926,False,False,False,False,-194073.0,-170036.05042941004,False,False,False,False,19433.98798712831,False,False,False,False
2025-01-21 17:00:00+00:00,2.905,2.94,2.855,2.86,19235.0,,,,2.9758970813313694,3.142803156246744,3.0493949129265197,3.1829610259792496,3.3641891521663223,3.5295300900088717,,,,2.9308307347176337,3.173004099923855,3.0514305798180543,3.2777289222002866,3.635128218020068,3.142803156246744,3.7786390101310476,3.2102634521217253,"rgba(239, 83, 80, 0.5)",0.2956133035322126,3.1235639549668095,-0.8915835377418642,51.521905169638934,0.40244584730344,True,False,False,False,False,0.0,0.0,0.0,0.0,0.0,0,0.8376803551609323,0.8779134295227524,False,False,False,False,-0.017157665894720776,0.001330792236772075,False,False,False,False,-213308.0,-170706.93336848894,False,False,False,False,19430.90290205655,False,False,False,False
2025-01-22 17:00:00+00:00,2.775,2.775,2.735,2.74,30775.0,,,,2.9465933720846906,3.1328501960235418,3.0462194730942773,3.1790418579893633,3.3591391060498736,3.523715786185198,,,,2.911654606351306,3.1670126810710397,3.0479699797409445,3.2731859919354194,3.6294108887294207,3.1328501960235418,3.772648844603586,3.201526721750461,"rgba(239, 83, 80, 1.0)",0.29860015749168134,3.114956987947407,-1.255715975159365,45.83458407744817,1.5760959107019588,True,False,False,True,False,0.0,0.0,0.0,0.0,0.0,0,0.8347222222222223,0.8852777777777777,False,False,False,False,-0.07481820771007476,-0.036743707736651345,False,False,False,False,-244083.0,-171844.5468046364,False,False,False,False,19606.780376443272,False,False,False,False
2025-01-23 17:00:00+00:00,2.805,2.81,2.755,2.785,32188.0,,,,2.9270889641102533,3.1238265571983113,3.0433352296257916,3.175330575454146,3.354229504315914,3.517984632950045,,,,2.8988430170763073,3.1614117157697312,3.0448300046692225,3.2688148610089227,3.6237332344581334,3.1238265571983113,3.766659636268753,3.1944934815124344,"rgba(239, 83, 80, 1.0)",0.30150370891000555,3.1080013201592447,-1.0713013160831655,43.71910345966671,-0.3406766825235792,False,False,False,True,False,0.0,0.0,0.0,0.0,0.0,0,0.8433734939759036,0.8795180722891567,False,False,False,False,-0.06366387049450928,-0.05020378911558031,False,False,False,False,-211895.0,-172465.48406347923,False,False,False,False,19801.838045025546,False,False,False,False
2025-01-24 17:00:00+00:00,2.745,2.775,2.72,2.74,18621.0,,,,2.9153177363957856,3.1182518185664208,3.041453617986083,3.1730083208572633,3.351239145983143,3.5145385534431437,,,,2.89044252437073,3.157924537437834,3.042785964399727,3.266124695456586,3.6203350878322444,3.1182518185664208,3.7630940454172763,3.1901292729753603,"rgba(239, 83, 80, 1.0)",0.2997629393701342,3.103599650913137,-1.2129573177963135,41.262979360658115,-2.6616240302279124,False,True,False,True,False,0.0,0.0,0.0,0.0,0.0,0,0.8394160583941606,0.8795620437956204,False,False,False,False,-0.07786341123377358,-0.06403360017467694,False,False,False,False,-230516.0,-173365.49206249506,False,False,False,False,19783.530478436,False,False,False,False
2025-01-27 17:00:00+00:00,2.74,2.74,2.74,2.74,0.0,,,,2.9153177363957856,3.1182518185664208,3.041453617986083,3.1730083208572633,3.351239145983143,3.5145385534431437,,,,2.89044252437073,3.157924537437834,3.042785964399727,3.266124695456586,3.6203350878322444,3.1182518185664208,3.7630940454172763,3.1901292729753603,"rgba(239, 83, 80, 1.0)",0.29914153449105096,3.103599650913137,-1.2154769866102104,39.62556329465238,-4.291801233162907,False,True,False,True,False,0.0,0.0,0.0,0.0,0.0,0,0.8379603399433428,0.8886685552407932,False,False,False,False,-0.08091005662901266,-0.0724718284018448,False,False,False,False,-230516.0,-174251.54644912304,False,False,False,False,19476.809075669553,False,False,False,False
2025-01-28 17:00:00+00:00,2.615,2.74,2.605,2.73,19346.0,,,,2.90124214092229,3.1118280714863933,3.039176525015574,3.1703246999766366,3.3478926990444497,3.5107448100377336,,,,2.8797712908002944,3.153902895673394,3.040316560799224,3.2630758417603323,3.61661894351795,3.1118280714863933,3.759223213239716,3.1849904071849338,"rgba(239, 83, 80, 1.0)",0.30049096462260366,3.098326653263694,-1.225749512057001,38.26910787460403,-5.751283657728536,False,True,False,True,False,0.0,0.0,0.0,0.0,0.0,0,0.8329519450800914,0.8818649885583524,False,False,False,False,-0.10840431597216284,-0.09043807218700381,False,False,False,False,-249862.0,-175423.80154293508,False,False,False,False,19474.781027984754,False,False,False,False
2025-01-29 17:00:00+00:00,2.665,2.67,2.59,2.63,10960.0,,,,2.8919040648669925,3.1077523462583345,3.0376730075190825,3.1686234335522787,3.345835132938945,3.5084503930963926,,,,2.8723990209781416,3.1513553007752693,3.0386882066909586,3.2611780457204405,3.6143873387367846,3.1077523462583345,3.75691671676757,3.18165875373942,"rgba(255, 0, 0, 1.0)",0.30132585396920947,3.0948603749240657,-1.5427165269780232,35.025621824174394,-8.975542724712966,False,True,False,True,False,0.0,0.0,0.0,0.0,0.0,0,0.8310463121783874,0.8799313893653515,False,False,False,False,-0.12579702835239934,-0.10811755026970157,False,False,False,False,-260822.0,-176747.80461978877,False,False,False,False,19342.76891902375,False,False,False,False
2025-01-30 17:00:00+00:00,2.685,2.69,2.63,2.64,8731.0,,,,2.885535808734732,3.104710718733078,3.036551255081282,3.167334190536586,3.344257601069945,3.506679465089647,,,,2.8673664137201555,3.1494335263845494,3.0374737744926414,3.2597299276180913,3.612658767721744,3.104710718733078,3.755123942961752,3.179248313562041,"rgba(239, 83, 80, 1.0)",0.3038652350649613,3.09235563876766,-1.4886719063829523,33.38070817728104,-10.68361315555655,False,True,False,True,False,0.0,0.0,0.0,0.0,0.0,0,0.8363060989643267,0.8765822784810127,False,False,False,False,-0.11351257693476337,-0.11081506360223248,False,False,False,False,-252091.0,-177915.91617607113,False,False,False,False,19178.2453698916,False,False,False,False
2025-01-31 17:00:00+00:00,2.63,2.67,2.54,2.585,25007.0,,,,2.8651375256088367,3.0951855135104225,3.0329183491023692,3.163285706495193,3.3394222815490853,3.501323276563031,,,,2.8507572851167273,3.143409200424837,3.033545417309822,3.2552474560460425,3.6074602106921168,3.0951855135104225,3.7497665106791103,3.1716083838562255,"rgba(255, 0, 0, 1.0)",0.30725279376969455,3.0843295016959082,-1.6251422666320405,31.09574000375155,-13.017932000147738,False,True,False,True,False,0.0,0.0,0.0,0.0,0.0,0,0.8336206896551724,0.878448275862069,False,False,False,False,-0.1360628464381087,-0.12343895502017059,False,False,False,False,-277098.0,-179453.62290202352,False,False,False,False,19268.613658730486,False,False,False,False
2025-02-03 17:00:00+00:00,2.445,2.505,2.425,2.47,14656.0,,,,2.8492138152991515,3.0883320424817873,3.0301804186972716,3.160392886023484,3.3361191175280656,3.497759944452108,,,,2.837345314422178,3.1391011405385245,3.0305888987223923,3.2521276036809095,3.6040438487871405,3.0883320424817873,3.746293236664652,3.165927730057547,"rgba(255, 0, 0, 1.0)",0.3126407718968457,3.0782658233593594,-1.9455742117987527,27.645330470568382,-16.390338129336108,False,True,False,True,False,0.0,0.0,0.0,0.0,0.0,0,0.8307075336579778,0.8773990260670295,False,False,False,False,-0.19414620414604541,-0.158792579583108,False,False,False,False,-291754.0,-181194.7140198216,False,False,False,False,19197.10026867265,False,False,False,False
2025-02-04 17:00:00+00:00,2.595,2.62,2.55,2.58,22579.0,,,,2.8337940899723537,3.079988764521791,3.026876434396144,3.1567245725391815,3.331755233281445,3.4929338036482958,,,,2.824378123850694,3.1337035193034333,3.027023895929679,3.2480759657338676,3.599356259310026,3.079988764521791,3.741463480460635,3.159510060226083,"rgba(255, 0, 0, 1.0)",0.3105389386734549,3.0714704341201595,-1.5826370638722438,30.36396471820217,-16.390338129336108,False,True,False,True,True,0.0,0.0,0.0,0.0,0.0,0,0.8326143226919758,0.8794938165084841,False,False,False,False,-0.14429597044484282,-0.1515442750139754,False,False,False,False,-269175.0,-182558.74946137477,False,False,False,False,19249.532822646717,False,False,False,False
2025-02-05 17:00:00+00:00,2.635,2.645,2.58,2.59,18002.0,,,,2.8236824818921966,3.0738134011721323,3.024403983639446,3.153942370818273,3.3284117172817886,3.4892131080979594,,,,2.8157983668550948,3.129641075536296,3.0243588421378322,3.2449847893120123,3.595728672887738,3.0738134011721323,3.737712918236916,3.1549071645118882,"rgba(255, 0, 0, 1.0)",0.31159391163142,3.06660392758019,-1.5295675229494161,32.58424571733613,-16.390338129336108,False,True,False,True,True,0.0,0.0,0.0,0.0,0.0,0,0.8374171230902278,0.877486307293168,False,False,False,False,-0.13298020393295032,-0.14226223947346286,False,False,False,False,-251173.0,-183622.53629143097,False,False,False,False,19230.191228497155,False,False,False,False
2025-02-06 17:00:00+00:00,2.565,2.585,2.495,2.545,16198.0,,,,2.8128966472818338,3.0676602125038572,3.02187171519757,3.1511767805280684,3.3251683523963607,3.4856539251284193,,,,2.8064795367292343,3.1256038599935954,3.0216316288209106,3.2419559264062614,3.592279942233308,3.0676602125038572,3.73417178896795,3.1502162297472194,"rgba(255, 0, 0, 1.0)",0.30976383041057926,3.061599900404957,-1.6677218244629306,32.978415504272256,-16.390338129336108,False,True,False,True,True,0.0,0.0,0.0,0.0,0.0,0,0.8345821325648414,0.8795389048991352,False,False,False,False,-0.1628935262086967,-0.1525778828410798,False,False,False,False,-267371.0,-184920.96208536226,False,False,False,False,19183.180511776267,False,False,False,False
2025-02-07 17:00:00+00:00,2.48,2.535,2.47,2.49,12824.0,,,,2.8036518880442576,3.06249563254784,3.0197064573302734,3.1488505021012383,3.322478505107708,3.482726535495879,,,,2.798403703098177,3.1222124051068385,3.0193012744739898,3.2394291646595588,3.589453579831988,3.06249563254784,3.7312817690539557,3.1462463316179767,"rgba(255, 0, 0, 1.0)",0.3116264366770566,3.05734295097821,-1.8205867160306315,32.02631833408937,-16.390338129336108,False,True,False,True,True,0.0,0.0,0.0,0.0,0.0,0,0.8307200929152149,0.8902439024390244,False,False,False,False,-0.17847673802520897,-0.1655273104331444,False,False,False,False,-280195.0,-186398.07895225586,False,False,False,False,19084.58856585725,False,False,False,False
2025-02-10 17:00:00+00:00,2.515,2.545,2.5,2.515,21316.0,,,,2.7904407025195175,3.0544371703090767,3.0162946625091225,3.145147810334072,3.3181624966978265,3.4780051184111422,,,,2.7867820130190584,3.1168485442467255,3.0156325536129582,3.2353886566780896,3.58488043693914,3.0544371703090767,3.7265916738705256,3.140183651388794,"rgba(255, 0, 0, 1.0)",0.3073914808880138,3.0508528298987736,-1.7432260267941215,32.6099594229233,-16.390338129336108,False,True,False,True,True,0.0,0.0,0.0,0.0,0.0,0,0.833381881736091,0.8884357704631517,False,False,False,False,-0.17015548643190082,-0.1678413984325226,False,False,False,False,-258879.0,-187521.8141622984,False,False,False,False,19119.18409196799,False,False,False,False
2025-02-11 17:00:00+00:00,2.4,2.405,2.355,2.385,10610.0,,,,2.781178892692431,3.049499372695454,3.0141452319046684,3.1429167712110293,3.315662132256509,3.47533540345253,,,,2.778535860866718,3.1136035709788867,3.013322393373746,3.233008740294741,3.5823249014924006,3.049499372695454,3.724004604864738,3.1363212064744648,"rgba(255, 0, 0, 1.0)",0.30193105232877937,2.981848657432406,-1.9767713616368439,30.361032847785893,-16.390338129336108,False,True,False,True,True,0.0,0.0,0.0,0.0,0.0,0,0.8285962877030163,0.8909512761020882,False,False,False,False,-0.23002813763884886,-0.19893476803568572,False,False,False,False,-269489.0,-188792.62324505346,False,False,False,False,18987.258757208794,False,False,False,False
2025-02-12 17:00:00+00:00,2.58,2.595,2.51,2.51,42505.0,,,,2.7609703683110736,3.0348988783072195,3.0077756478696545,3.1359210074028896,3.307435798866019,3.466282888453848,,,,2.7604253680555186,3.10360816097503,3.0064881514341666,3.225336388016475,3.573516824752703,3.0348988783072195,3.7149375761553456,3.125696316585873,"rgba(255, 0, 0, 1.0)",0.2992339769694892,2.97889156083833,-1.566972994133416,33.85863740479814,-21.267676313703557,False,True,False,True,True,0.0,0.0,0.0,0.0,0.0,0,0.8302433371958285,0.8948435689455388,False,False,False,False,-0.1577168621744644,-0.17832581510507506,False,False,False,False,-226984.0,-189384.7376133472,False,False,False,False,19351.874900507883,False,False,False,False
2025-02-13 17:00:00+00:00,2.53,2.6,2.525,2.6,12113.0,,,,2.756662315888786,3.031185588656604,3.006130910230292,3.1340774250365775,3.305233506357699,3.463835731051761,,,,2.7565250417922753,3.101003632275771,3.004726133983848,3.223295911548115,3.5711218097166793,3.031185588656604,3.712458738744109,3.1230725460489457,"rgba(239, 83, 80, 1.0)",0.2964422979873823,2.9770487294058525,-1.2719127194928876,38.96500205383627,-16.478037949427033,False,False,False,True,True,0.0,0.0,0.0,0.0,0.0,0,0.8271676300578035,0.8927745664739883,False,False,False,False,-0.15358157162979286,-0.16595369336743396,False,False,False,False,-214871.0,-189779.87346430306,False,False,False,False,19239.64428189536,False,False,False,False
2025-02-14 17:00:00+00:00,2.525,2.565,2.49,2.56,14547.0,,,,2.7507527820056246,3.0264525062583836,3.004005533849083,3.131735184684684,3.3024741957893085,3.4607940341853656,,,,2.7511490667800342,3.0976937788814434,3.0024500396703586,3.2207246352876266,3.5681553616049406,3.0264525062583836,3.7094005062317157,3.1196715562724417,"rgba(239, 83, 80, 1.0)",0.29023410867408717,2.973824264369963,-1.4258291909951177,41.29157947626149,-14.369101491361242,False,False,False,True,True,0.0,0.0,0.0,0.0,0.0,0,0.8285135916714864,0.8918449971081549,False,False,False,False,-0.1680788587972834,-0.1670162760823587,False,False,False,False,-229418.0,-190394.4180617557,False,False,False,False,19166.890106982253,False,False,False,False
2025-02-17 17:00:00+00:00,2.56,2.56,2.56,2.56,0.0,,,,2.7507527820056246,3.0264525062583836,3.004005533849083,3.131735184684684,3.3024741957893085,3.4607940341853656,,,,2.7511490667800342,3.0976937788814434,3.0024500396703586,3.2207246352876266,3.5681553616049406,3.0264525062583836,3.7094005062317157,3.1196715562724417,"rgba(239, 83, 80, 1.0)",0.28682127090131493,2.973824264369963,-1.4427948912908384,42.842631091211636,-12.886018016391233,True,False,False,True,True,0.0,0.0,0.0,0.0,0.0,0,0.8277892257874596,0.8987341772151898,False,False,False,False,-0.15461490037375003,-0.16081558822805436,False,False,False,False,-229418.0,-190999.43483599206,False,False,False,False,18869.729020052295,False,False,False,False
2025-02-18 17:00:00+00:00,2.625,2.64,2.565,2.63,12497.0,,,,2.747592142037572,3.0230584792641304,3.0024801478722054,3.1299845310761634,3.3003455136157145,3.4584033671282244,,,,2.74825789340994,3.0952500195134425,3.0008185292189165,3.2187668071791338,3.5658010321183387,3.0230584792641304,3.7069496677310267,3.1173416784030707,"rgba(239, 83, 80, 1.0)",0.28127263872851443,2.9292341785369085,-1.0638581125046105,46.16680164004083,-9.708618167728126,True,False,False,True,True,0.0,0.0,0.0,0.0,0.0,0,0.8308325978228893,0.8896734333627537,False,False,False,False,-0.13709096249108,-0.14895327535956718,False,False,False,False,-216921.0,-191401.319567217,False,False,False,False,18770.927019741404,False,False,False,False
2025-02-19 17:00:00+00:00,2.555,2.6,2.54,2.57,9770.0,,,,2.7444921825448585,3.020178661080153,3.0011695926203577,3.1285147147334307,3.29859031628589,3.456452218361752,,,,2.7454153241996613,3.0931934233876066,2.9994169367780614,3.21714049729344,3.563888477483641,3.020178661080153,3.7049686411721523,3.1153138495244406,"rgba(239, 83, 80, 1.0)",0.28021508791551475,2.9263858330714614,-1.2718295639345172,46.46080747974165,-9.302929367792927,True,False,False,True,True,0.0,0.0,0.0,0.0,0.0,0,0.8275456150676871,0.8952324896998236,False,False,False,False,-0.15048352790604005,-0.14971840163280362,False,False,False,False,-226691.0,-191948.44639563223,False,False,False,False,18631.37776362138,False,False,False,False
2025-02-20 17:00:00+00:00,2.565,2.615,2.56,2.6,30327.0,,,,2.7366371712912434,3.0118873516987987,2.997353534369631,3.1241761183508427,3.293355792022204,3.4505965993388905,,,,2.7381638478705455,3.0871710822497787,2.9953403871134205,3.212311105543916,3.5581266527502806,3.0118873516987987,3.6989796408704545,3.1095563311454133,"rgba(239, 83, 80, 1.0)",0.28004499316753084,2.9217271866997407,-1.1488410596481342,47.678063350556556,-7.9053725156081285,True,False,False,False,True,0.0,0.0,0.0,0.0,0.0,0,0.8280928592418456,0.8942109903026743,False,False,False,False,-0.14326578934831785,-0.14649209549056075,False,False,False,False,-196364.0,-192016.90459104878,False,False,False,False,18812.705240154384,False,False,False,False
2025-02-21 17:00:00+00:00,2.5,2.5,2.42,2.46,13026.0,,,,2.7306618722453084,3.007338541758943,2.9952113103162628,3.121878606090541,3.2907137620859563,3.447723956729739,,,,2.7326406907600407,3.083952943938541,2.9930513693327887,3.2098243993114424,3.5553384481548114,3.007338541758943,3.696123465767734,3.106212354611307,"rgba(255, 0, 0, 1.0)",0.2822021670063278,2.916334341421933,-1.6170476161216036,44.59764689126077,-7.9053725156081285,True,False,False,True,False,0.0,0.0,0.0,0.0,0.0,0,0.8288738606292266,0.894736842105263,False,False,False,False,-0.19624243570204142,-0.17136726559630108,False,False,False,False,-209390.0,-192286.25490746662,False,False,False,False,18722.988879841912,False,False,False,False
2025-02-24 17:00:00+00:00,2.395,2.47,2.395,2.4,12753.0,,,,2.7242628467965218,3.002650272846742,2.9929814302027253,3.1195152071186896,3.2880246682779126,3.444819088827589,,,,2.7267107466685805,3.080642475606954,2.990669407481114,3.2072820321820474,3.5525273074681825,3.002650272846742,3.693253557687844,3.10273504395246,"rgba(255, 0, 0, 1.0)",0.28162155937127226,2.9108619748341473,-1.8140016551810187,41.250123650527904,-3.1041270607506988,False,False,False,True,False,0.0,0.0,0.0,0.0,0.0,0,0.8312720848056538,0.89075382803298,False,False,False,False,-0.2078027262143693,-0.18958499590533517,False,False,False,False,-222143.0,-192749.15018021906,False,False,False,False,18630.430912712578,False,False,False,False
2025-02-25 17:00:00+00:00,2.315,2.385,2.315,2.34,29403.0,,,,2.707055545567545,2.9907628380699274,2.987239445255892,3.113547401860473,3.2813564559066206,3.437697594649513,,,,2.710705813771955,3.072280126475106,2.9845385819402224,3.2009287878449313,3.5456724911598294,2.9907628380699274,3.686298390465548,3.09379864386382,"rgba(255, 0, 0, 1.0)",0.28624943447759527,2.896879947422301,-1.9454359741831662,37.84330795519846,-6.3365699809117615,False,True,False,True,False,0.0,0.0,0.0,0.0,0.0,0,0.8236686390532546,0.9000000000000001,False,False,False,False,-0.24282801536463702,-0.2162065056349861,False,False,False,False,-251546.0,-193660.72924719242,False,False,False,False,18797.44748770928,False,False,False,False
2025-02-26 17:00:00+00:00,2.4,2.435,2.305,2.315,44208.0,,,,2.6842669771665126,2.973811807835438,2.9788616494235085,3.1048035380382326,3.271559278799005,3.4272107235882907,,,,2.6893258171189194,3.0601439549584306,2.9756079095190384,3.1916060466252363,3.5355539412699977,2.973811807835438,3.6760138646065577,3.0811592403947827,"rgba(255, 0, 0, 1.0)",0.2906503580431909,2.8801870646767354,-1.944560015277009,35.10002803045766,-8.926728219626312,False,True,False,True,False,0.0,0.0,0.0,0.0,0.0,0,0.8244319858365301,0.8967246975509,False,False,False,False,-0.23428634277505514,-0.2252464242050206,False,False,False,False,-295754.0,-195243.5706542127,False,False,False,False,19191.4095421634,False,False,False,False
2025-02-27 17:00:00+00:00,2.315,2.32,2.205,2.225,12697.0,,,,2.676413812109844,2.968339633018527,2.9761126872659593,3.101995171572159,3.2684766995701975,3.4239549408593746,,,,2.681938479019775,3.056244120713513,2.972678945811196,3.188646642613016,3.5324325614349132,2.968339633018527,3.6728647627568294,3.077021244908043,"rgba(255, 26, 202, 1.0)",0.2983820786590062,2.874395524474602,-2.176389169862768,31.731206217902262,-12.099599721866007,False,True,False,True,False,0.0,0.0,0.0,0.0,0.0,0,0.8194607268464246,0.89947245017585,False,False,False,False,-0.2806280354182749,-0.2529372298116478,False,False,False,False,-308451.0,-196998.72459755823,False,False,False,False,19090.72102212986,False,False,False,False
2025-02-28 17:00:00+00:00,2.185,2.195,2.15,2.18,12042.0,,,,2.6679591480960285,2.962691718923324,2.9732573062529406,3.0991157097545177,3.265356254104166,3.420687499402559,,,,2.6739808690528646,3.052239148927497,2.969636813027534,3.1856341465320797,3.5293138647109927,2.962691718923324,3.669734185473639,3.0727156798895,"rgba(255, 26, 202, 1.0)",0.30731656068047,2.868146574516631,-2.239210841722669,28.813211505065,-14.847154527226763,False,True,False,True,False,0.0,0.0,0.0,0.0,0.0,0,0.817293455729938,0.9040568551969204,False,False,False,False,-0.320342429480036,-0.2866398296458419,False,False,False,False,-320493.0,-198913.36452627825,False,False,False,False,18981.43852566273,False,False,False,False
2025-03-03 17:00:00+00:00,2.165,2.17,2.03,2.05,15302.0,,,,2.6556954758291558,2.954807961480976,2.9692448493616608,3.095122029877334,3.2610854413714208,3.416256357183988,,,2.083333333333333,2.662429651328245,3.0466758355428434,2.9653623409941883,3.1814869694202548,3.525104652340333,2.954807961480976,3.665532123548681,2.984717074838644,"rgba(255, 26, 202, 1.0)",0.3189630298552154,2.7904708112990755,-2.3214941607345287,25.2768823849167,-18.1743545532836,False,True,False,True,False,0.0,0.0,0.0,0.0,0.0,0,0.8083603179275833,0.9072711215778628,False,False,False,False,-0.34282825441539394,-0.31473404203061794,False,False,False,False,-335795.0,-201035.56042509564,False,False,False,False,18924.39296712532,False,False,False,False
2025-03-04 17:00:00+00:00,2.065,2.145,2.06,2.09,5700.0,,,,2.6513740574137126,2.9519572021608256,2.9677845921084303,3.093664334537026,3.259522602148006,3.4146317428948803,,,2.087404374186585,2.658349963288908,3.0446518102286015,2.963807518546251,3.1799711029138433,3.5235592244213447,2.9519572021608256,3.6639873246140353,2.983056543737368,"rgba(255, 26, 202, 1.0)",0.32797883638601105,2.7876810761668844,-2.127213706392191,24.74833911700578,-18.77815139665688,False,True,False,True,False,0.0,0.0,0.0,0.0,0.0,0,0.8086982074640026,0.9103732001175433,False,False,False,False,-0.3417115350606587,-0.32822278854563836,False,False,False,False,-330095.0,-203036.4819688926,False,False,False,False,18719.363618797797,False,False,False,False
2025-03-05 17:00:00+00:00,2.25,2.335,2.225,2.325,23883.0,,,,2.6401609863206206,2.9429210781535793,2.963091003883642,3.0888003857941255,3.2541210989861993,3.408878508459863,,,2.197864579852215,2.6476631601805707,3.0380073780287833,2.9588196921518484,3.174811992818759,3.5180086499382135,2.9429210781535793,3.6583565086619103,2.9860957095473686,"rgba(239, 83, 80, 1.0)",0.3296854493232909,2.787140112067853,-1.4017607177278744,32.20941175746478,-24.70310232516906,False,True,False,True,True,0.0,0.0,0.0,0.0,0.0,0,0.8141980718667837,0.8977505112474439,False,False,False,False,-0.2643136574353098,-0.29626822299047406,False,False,False,False,-306212.0,-204636.1024034834,False,False,False,False,18799.419996800934,False,False,False,False
2025-03-06 17:00:00+00:00,2.24,2.295,2.205,2.285,11258.0,,,,2.6346293171043276,2.938532537895997,2.9607919121531885,3.086432679543789,3.2515080941266707,3.4061064513006465,,,2.210658407993873,2.6423848048712646,3.0347773053419735,2.956377461961325,3.1723095384671804,3.5153387305332733,2.938532537895997,3.6556537763811443,2.9841539367744585,"rgba(255, 0, 0, 1.0)",0.32822348736442136,2.7842165989459673,-1.5209654950490938,36.31068679505461,-21.016417169662617,False,True,False,True,True,0.0,0.0,0.0,0.0,0.0,0,0.8162668227033354,0.8964306612053832,False,False,False,False,-0.2771566910537924,-0.2867124570221332,False,False,False,False,-317470.0,-206385.46515691778,False,False,False,False,18682.498756540455,False,False,False,False
2025-03-07 17:00:00+00:00,2.225,2.265,2.185,2.245,12546.0,,,,2.6281714470386563,2.933494224075568,2.958138295609237,3.083714612483224,3.248524539895897,3.4029524239064846,,,2.214495552417418,2.6362197797859124,3.0310707513038087,2.9535592406651276,3.1694455533743677,3.5123058095918593,2.933494224075568,3.652589572851524,2.9810076858456296,"rgba(255, 0, 0, 1.0)",0.3274309224997142,2.7800750613945837,-1.6341616647250248,38.17209285568278,-19.313405081041942,False,False,False,True,True,0.0,0.0,0.0,0.0,0.0,0,0.8190587547500732,0.8924291142940661,False,False,False,False,-0.28792758341566493,-0.2873200202188991,False,False,False,False,-330016.0,-208302.21763510507,False,False,False,False,18587.359240935177,False,False,False,False
2025-03-10 17:00:00+00:00,2.155,2.155,2.08,2.13,7683.0,,,,2.6232488738667517,2.9299660824019353,2.9562781542956076,3.081844833394255,3.246509337737877,3.4008486813086303,,,2.2051569947101033,2.6315330181409506,3.0285077331273214,2.951582862025639,3.1674955643265106,3.510296628504389,2.9299660824019353,3.6505748352052874,2.9777723969866643,"rgba(255, 0, 0, 1.0)",0.3251235662534143,2.7760964377899935,-1.9872334855185494,37.180859236570214,-19.313405081041942,False,False,False,True,True,0.0,0.0,0.0,0.0,0.0,0,0.8038518518518517,0.899259259259259,False,False,False,False,-0.3350283101385209,-0.31117416517871,False,False,False,False,-337699.0,-210308.36929967708,False,False,False,False,18418.299407742383,False,False,False,False
2025-03-11 17:00:00+00:00,2.115,2.175,2.095,2.15,14018.0,,,,2.6148290856436165,2.9237514448682784,2.952979554941596,3.0785167757174206,3.242910642856098,3.397082807945022,,,2.1950522181657264,2.6234978962687934,3.023962211714831,2.948080084698101,3.164018397633515,3.50669390351793,2.9237514448682784,3.646956397590653,2.9726145853309105,"rgba(255, 0, 0, 1.0)",0.3272835506445864,2.769684636592407,-1.8934182160146316,37.17506952734394,-19.313405081041942,False,False,False,True,True,0.0,0.0,0.0,0.0,0.0,0,0.8008928571428572,0.9053571428571427,False,False,False,False,-0.32726747549979224,-0.31922082033925114,False,False,False,False,-323681.0,-212066.08450433327,False,False,False,False,18350.077711498314,False,False,False,False
2025-03-12 17:00:00+00:00,2.17,2.24,2.165,2.195,11937.0,,,,2.608764341842908,2.918935225498536,2.950397343376828,3.075881258508102,3.2400302941331613,3.394045891104291,,,2.195629403774175,2.6176836108807646,3.0203882404154907,2.9453407589987113,3.161248330515721,3.5037749425302867,2.918935225498536,3.6440109014770874,2.9693433034649144,"rgba(255, 0, 0, 1.0)",0.3261233116697111,2.7655883845448956,-1.7496093168671498,38.664366765132165,-18.002560589560176,False,False,False,True,True,0.0,0.0,0.0,0.0,0.0,0,0.8084599344652964,0.8972296693476317,False,False,False,False,-0.2976772283926931,-0.3084490243659721,False,False,False,False,-311744.0,-213611.47854302576,False,False,False,False,18250.650150079735,False,False,False,False
2025-03-13 17:00:00+00:00,2.165,2.19,2.135,2.175,13616.0,,,,2.601512752959053,2.9132681368540516,2.947343587421977,3.072780606992921,3.2366594925741237,3.3905043939906707,,,2.192228106339609,2.610729464512533,3.0161851286714736,2.9421018746303,3.15799911409011,3.5003765765093133,2.9132681368540516,3.64058849326958,2.965140769628844,"rgba(255, 0, 0, 1.0)",0.32469366019831386,2.7604082980486675,-1.8029557389297857,39.17948828729283,-17.040945758113118,False,False,False,True,True,0.0,0.0,0.0,0.0,0.0,0,0.8075089392133493,0.8992848629320619,False,False,False,False,-0.315147968182927,-0.31179849627444955,False,False,False,False,-325360.0,-215344.01375941298,False,False,False,False,18178.795108993225,False,False,False,False
2025-03-14 17:00:00+00:00,2.195,2.235,2.19,2.23,11708.0,,,,2.5961834830889408,2.9087955356609507,2.944909245112825,3.070282371643274,3.233917064677944,3.3876033380437853,,,2.1946224471410325,2.6055950759120914,3.012821752660726,2.9395224546695284,3.155366867956231,3.497580871550203,2.9087955356609507,3.6377610327203582,2.9622667090097945,"rgba(255, 0, 0, 1.0)",0.3194403185528125,2.7569129949853086,-1.6494880714257585,41.44080273006369,-14.471189679859819,True,False,False,True,True,0.0,0.0,0.0,0.0,0.0,0,0.808955223880597,0.8982089552238806,False,False,False,False,-0.29333736534402843,-0.302567930809239,False,False,False,False,-313652.0,-216868.16858484843,False,False,False,False,18078.47270420263,False,False,False,False
2025-03-17 17:00:00+00:00,2.255,2.295,2.25,2.29,35613.0,,,,2.583282613180098,2.8966900821582007,2.9382067808139953,3.0633012399957384,3.2261528096460435,3.379314932059482,,,2.212882417434339,2.593068423405898,3.0035228741580022,2.9324317193055576,3.147957003175519,3.489546809110206,2.8966900821582007,3.6295898918684553,2.95552980870359,"rgba(239, 83, 80, 1.0)",0.31441422726446644,2.7491472201086937,-1.4603258386347973,44.85092529511237,-10.968197028210298,True,False,False,True,True,0.0,0.0,0.0,0.0,0.0,0,0.8086382723455309,0.8998200359928014,False,False,False,False,-0.26751628175666486,-0.2850421062829519,False,False,False,False,-278039.0,-217816.55356802908,False,False,False,False,18350.325840571582,False,False,False,False
2025-03-18 17:00:00+00:00,2.535,2.58,2.485,2.495,20799.0,,,2.52,2.581817266885468,2.8925127686717276,2.9357652233558524,3.0605184973221107,3.2228177190010574,3.3755813221859836,,,2.2475865057072846,2.5914706995501464,2.9999739462303543,2.9298646362427276,3.1448736717797896,3.4858299348253245,2.8925127686717276,3.6257083785760233,2.9222009378275255,"rgba(239, 83, 80, 0.5)",0.3057756788329822,2.716400386687054,-0.7240614673215562,51.77623206033241,-4.443219191154817,True,False,True,False,True,0.0,0.0,0.0,0.0,0.0,0,0.8125371360665479,0.898098633392751,False,False,False,False,-0.15911208499989185,-0.22207709564142186,False,False,False,False,-257240.0,-218427.76979178056,False,False,False,False,18388.289781027834,False,False,False,False
2025-03-19 17:00:00+00:00,2.475,2.5,2.44,2.47,24327.0,,,2.493045472676506,2.5788687395331444,2.8871027097662085,2.9326063402160196,3.057001937686097,3.218681986555671,3.37100255354314,,,2.2735505782427174,2.5884415401363787,2.9954629923144256,2.926540998005107,3.1410200252408482,3.481295394997238,2.8871027097662085,3.6209990428873255,2.9188170206856543,"rgba(239, 83, 80, 0.5)",0.3020239982112362,2.7142420141592516,-0.8086841297572256,55.559479477488125,-1.0457289796805043,True,False,True,False,True,0.0,0.0,0.0,0.0,0.0,0,0.8139395752318278,0.8997906072390068,False,False,False,False,-0.18474315310469405,-0.20341012437305794,False,False,False,False,-281567.0,-219406.67258570646,False,False,False,False,18480.362807678564,False,False,False,False
2025-03-20 17:00:00+00:00,2.445,2.48,2.43,2.47,20191.0,,,2.4828303504447544,2.5763229013965585,2.8826114038084687,2.929960902723525,3.054065720021383,3.215238361038562,3.3671954788789096,,,2.2900200147868803,2.585837016616201,2.9917067352540907,2.9237590729485095,3.1378076583760874,3.4775255213130407,2.8826114038084687,3.617085715406588,2.9165293182774596,"rgba(239, 83, 80, 0.5)",0.29611969518064685,2.7127344584398765,-0.8197173723679437,58.0816444222586,1.2415431972635673,True,False,True,False,True,0.0,0.0,0.0,0.0,0.0,0,0.8090090090090091,0.9066066066066064,False,False,False,False,-0.1909292479567593,-0.19716968616490863,False,False,False,False,-281567.0,-220370.3985921296,False,False,False,False,18506.884314536263,False,False,False,False
2025-03-21 17:00:00+00:00,2.365,2.37,2.33,2.33,13621.0,,,2.4587597017068252,2.5730045613591157,2.878812710531955,2.9277540430326985,3.0517153771918633,3.2125767247669326,3.364317140699273,,,2.2930182588638126,2.5825644268443155,2.988652856340284,2.9214336071778035,3.1352875657510384,3.4747082211267073,2.878812710531955,3.6141959399614247,2.9125080919532786,"rgba(239, 83, 80, 1.0)",0.29357884893252423,2.7090384588565595,-1.2910959363549963,55.28846503738366,1.2415431972635673,True,False,True,False,False,0.0,0.0,0.0,0.0,0.0,0,0.7976878612716762,0.9120778825676907,False,False,False,False,-0.2346672879575087,-0.21591848706120867,False,False,False,False,-295188.0,-221530.36140465472,False,False,False,False,18431.13417012485,False,False,False,False
2025-03-24 17:00:00+00:00,2.355,2.365,2.33,2.335,19924.0,,,2.4354974273903696,2.5683174654551424,2.8733516139550384,2.924555721459585,3.048305297761124,3.208712578655783,3.360135906358704,,,2.2968426698101925,2.5779334878132514,2.984237282916262,2.918065419585082,3.1316299855401892,3.4706123579679775,2.8733516139550384,3.6099924850557454,2.9075536318975925,"rgba(239, 83, 80, 1.0)",0.2875717223502702,2.704414567947171,-1.2845997684612884,53.56838122123013,1.2415431972635673,True,False,True,False,False,0.0,0.0,0.0,0.0,0.0,0,0.7974413646055438,0.9119707584526345,False,False,False,False,-0.2357188514191661,-0.2258186692401874,False,False,False,False,-275264.0,-222363.4410727996,False,False,False,False,18454.279376789582,False,False,False,False
2025-03-25 17:00:00+00:00,2.255,2.32,2.255,2.285,19419.0,,,2.4110628644217305,2.5628245238740863,2.8675773478030817,2.921171321576571,3.0447484657875177,3.2047348294501203,3.355868189958636,,,2.2961408004641055,2.5725399303949703,2.9796159835136713,2.914500186532282,3.127843542493328,3.4664495027553777,2.8675773478030817,3.605740153578832,2.9019290376173448,"rgba(239, 83, 80, 1.0)",0.28503054996687605,2.6988744032869647,-1.452035240906849,50.967716625064725,7.93133409378283,True,False,False,False,False,0.0,0.0,0.0,0.0,0.0,0,0.7878881987577641,0.9195652173913043,False,False,False,False,-0.26111632357157183,-0.2434674964058796,False,False,False,False,-294683.0,-223484.6745445391,False,False,False,False,18469.23628567656,False,False,False,False
2025-03-26 17:00:00+00:00,2.275,2.3,2.26,2.275,24887.0,,,2.387990391241991,2.5558872780669875,2.8602374674432736,2.9168298124948264,3.040188803666131,3.199641107052544,3.3504058866576116,,,2.294694559750069,2.565719744601947,2.973712029107483,2.909929626026399,3.122992659041731,3.4611196953116545,2.8602374674432736,3.600296064494416,2.895334543112511,"rgba(239, 83, 80, 1.0)",0.28341318959434736,2.692276372117162,-1.472325168473686,48.94100368020084,5.813029020607317,True,False,False,False,False,0.0,0.0,0.0,0.0,0.0,0,0.7867830423940152,0.9214463840399003,False,False,False,False,-0.26431365743531005,-0.2538905769205948,False,False,False,False,-319570.0,-224974.36951284079,False,False,False,False,18568.73649830173,False,False,False,False
2025-03-27 17:00:00+00:00,2.255,2.32,2.245,2.295,27362.0,,,2.3717327254246565,2.548857981721295,2.852488412741911,2.9121851451484018,3.035292048062822,3.1941551495658396,3.3445101079831474,,,2.2940364915686517,2.5587842771431624,2.967411032485711,2.9050450372522576,3.117774886939216,3.455355657033627,2.852488412741911,3.594399277733657,2.889048381005438,"rgba(239, 83, 80, 1.0)",0.27846705532415567,2.685985320161498,-1.4040631115460422,48.35069485493901,4.94825110213597,True,False,False,True,False,0.0,0.0,0.0,0.0,0.0,0,0.7836658354114713,0.9211346633416456,False,False,False,False,-0.26324729553341747,-0.25856893622700616,False,False,False,False,-292208.0,-226016.75138085877,False,False,False,False,18705.066164994725,False,False,False,False
2025-03-28 17:00:00+00:00,2.2,2.205,2.125,2.155,19645.0,,,2.350032987160948,2.5417332675161703,2.845851905281192,2.9082344361104524,3.0312349054244248,3.18971994520583,3.339821837193895,,,2.2866790544714455,2.5518223251259258,2.9621402507360917,2.90088560582045,3.1135112545633072,3.4508131285454104,2.845851905281192,3.589796558664952,2.8824985310119646,"rgba(255, 0, 0, 1.0)",0.2771249271091122,2.679031880342353,-1.890959019128678,44.0902301008389,0.6742703539038999,True,False,False,True,False,0.0,0.0,0.0,0.0,0.0,0,0.7799814068794546,0.9203594669972108,False,False,False,False,-0.3140506745396323,-0.28630980538331924,False,False,False,False,-311853.0,-227347.5459330935,False,False,False,False,18719.638782591705,False,False,False,False
2025-03-31 17:00:00+00:00,2.13,2.165,2.115,2.14,19945.0,,,2.3300962465892505,2.534365719000554,2.839033954436306,2.904150540910153,3.027052497737115,3.1851617393987586,3.335013000162636,,,2.2788439202893893,2.5446205130768074,2.956716110786937,2.8965876169642564,3.1091235854391868,3.446156784138992,2.839033954436306,3.585083268229094,2.8759170945331034,"rgba(255, 0, 0, 1.0)",0.276136195016524,2.6719742503027692,-1.9264922886003257,40.90856766305836,-2.461237686465637,False,False,False,True,False,0.0,0.0,0.0,0.0,0.0,0,0.7786732796032239,0.9221946683199007,False,False,False,False,-0.32505710588987413,-0.3056834556365967,False,False,False,False,-331798.0,-228966.93281785175,False,False,False,False,18738.636630923615,False,False,False,False
2025-04-01 17:00:00+00:00,2.165,2.165,2.135,2.15,6469.0,,,2.324717198626584,2.5320929393605347,2.8368820372988104,2.9028524837523335,3.025719583063945,3.1837058761717367,3.33347454328211,,,2.2766496732507924,2.542394855681306,2.9549935265306604,2.895222295659899,3.1077235592025696,3.444665141194396,2.8368820372988104,3.5835716585834123,2.8739302856212063,"rgba(255, 0, 0, 1.0)",0.27639290156594404,2.669846420755239,-1.8808240653431172,39.24862031286428,-4.190859273316306,False,False,False,True,False,0.0,0.0,0.0,0.0,0.0,0,0.7819548872180453,0.9188596491228069,False,False,False,False,-0.3206455329306338,-0.31316449428361526,False,False,False,False,-325329.0,-230460.91835555946,False,False,False,False,18548.40970641317,False,False,False,False
2025-04-02 17:00:00+00:00,2.145,2.16,2.105,2.13,6411.0,,,2.3191672122570997,2.52976009204895,2.834706065761684,2.901539246339178,3.0243750391450868,3.182241583064864,3.331930258214965,,,2.27424332408232,2.540111881010141,2.9532549148714047,2.893840967036721,3.106313629164372,3.4431693700292447,2.834706065761684,3.582057622372558,2.8718964294635407,"rgba(255, 0, 0, 1.0)",0.28009179640685666,2.667655516918223,-1.9195689549480182,37.5982904891238,-5.983168442695742,False,False,False,True,False,0.0,0.0,0.0,0.0,0.0,0,0.774968394437421,0.9241466498103665,False,False,False,False,-0.32837381831845547,-0.32076915630103536,False,False,False,False,-331740.0,-232031.1366756283,False,False,False,False,18360.232811740098,False,False,False,False
2025-04-03 17:00:00+00:00,2.075,2.08,2.015,2.03,9189.0,,,2.3081849843590065,2.5257180789544993,2.831214242771568,2.899445606051532,3.022261337079745,3.1799706892006565,3.3295582608120395,,,2.2688390234321987,2.536172207613997,2.950504115020247,2.8916370127778728,3.104113884521122,3.440884672063339,2.831214242771568,3.579758707640923,2.868346470358295,"rgba(255, 26, 202, 1.0)",0.285482632279687,2.663749386811049,-2.219922738382788,34.1724811087375,-9.414005308979554,False,True,False,True,False,0.0,0.0,0.0,0.0,0.0,0,0.7621638924455827,0.9353393085787451,False,False,False,False,-0.34282825441539394,-0.33179870535821465,False,False,False,False,-340929.0,-233719.47564189762,False,False,False,False,18218.043155744126,False,False,False,False
2025-04-04 17:00:00+00:00,1.855,1.91,1.84,1.91,8470.0,,,2.293349635791722,2.5208769882155972,2.827396229734713,2.897177704556686,3.0200143662117034,3.17760153945308,3.3271173645420795,,,2.2608251201342826,2.5314744756233054,2.9475532835671805,2.8892469546439883,3.1017996593072326,3.43855277240456,2.827396229734713,3.577432809964754,2.864075853398933,"rgba(255, 26, 202, 1.0)",0.2939460942185012,2.658941737903781,-2.5478880401352253,29.926521703016654,-13.495126908394042,False,True,False,True,False,0.0,0.0,0.0,0.0,0.0,0,0.7654400000000001,0.93408,False,False,False,False,-0.34282825441539394,-0.33731347988680427,False,False,False,False,-349399.0,-235512.95663969766,False,False,False,False,18066.910703717083,False,False,False,False
2025-04-07 17:00:00+00:00,1.835,1.915,1.835,1.86,9929.0,,,2.2765753348125206,2.515147856814215,2.822881057069244,2.8944884081301514,3.0173530696157655,3.174799606098778,3.324233519826121,,,2.251448573403052,2.525913207269181,2.9440609144180714,2.8864132951969212,3.099060918146223,3.4357988228198137,2.822881057069244,3.5746875913387446,2.8590903525861577,"rgba(255, 26, 202, 1.0)",0.3031189223408641,2.653308169132802,-2.6171515885791807,26.440497296927674,-16.790186733381624,False,True,False,True,False,0.0,0.0,0.0,0.0,0.0,0,0.7617062219371394,0.9393842206542655,False,False,False,False,-0.34282825441539394,-0.34007086715109913,False,False,False,False,-359328.0,-237432.56971505118,False,False,False,False,17940.741545519915,False,False,False,False
2025-04-08 17:00:00+00:00,1.805,1.82,1.735,1.76,17232.0,,,2.244088641624972,2.50396105999656,2.814346835015646,2.8894095605061256,3.012370100765114,3.1696008519676155,3.3189189435619206,,1.7716666666666667,2.232269940429243,2.515066119020079,2.9375032491813737,2.881060456724986,3.093958589487121,3.4307434462518014,2.814346835015646,3.5696704758625972,2.7724974615142304,"rgba(255, 26, 202, 1.0)",0.31372015130262054,2.572213141271397,-2.5889734462352734,23.006264385374593,-20.029551660662136,False,True,False,True,False,0.0,0.0,0.0,0.0,0.0,0,0.7597048444016684,0.9403272377285851,True,False,False,False,-0.34282825441539394,-0.3414495607832465,False,False,False,False,-376560.0,-239589.58413807364,False,False,False,False,17929.753304504102,False,False,False,False
2025-04-09 17:00:00+00:00,1.805,2.045,1.785,2.03,7853.0,,,2.235805997201999,2.5002111059270273,2.8111730412856013,2.887483937878577,3.0104430222337557,3.167550649310878,3.3167919791893308,,1.82853843598432,2.227279499487777,2.511408550298173,2.935000945942897,2.879034739571386,3.091964010272472,3.428700928449598,2.8111730412856013,3.567623395863984,2.7736704887881283,"rgba(255, 0, 0, 1.0)",0.31652515092987005,2.5723913986374125,-1.7135807282423066,30.275817019816543,-27.26147034936684,False,True,False,True,True,0.0,0.0,0.0,0.0,0.0,0,0.7580174927113705,0.9361839974084871,False,False,False,False,-0.292208959186088,-0.31682925998466727,False,False,False,False,-368707.0,-241591.40453903374,False,False,False,False,17773.524571100937,False,False,False,False
2025-04-10 17:00:00+00:00,1.955,1.995,1.93,1.98,5074.0,,,2.2309719070907255,2.4978809351946514,2.8091704354916707,2.8862638681638892,3.0092192337382175,3.1662459582384175,3.3154362999618585,,1.8520577605358268,2.224320354675897,2.509133377919243,2.9334155088578306,2.877751708593534,3.0906959019725555,3.4273975994166106,2.8091704354916707,3.5663157512657815,2.7735686321322093,"rgba(255, 0, 0, 1.0)",0.32018121276710615,2.571785881116075,-1.8482842138102868,34.12874364617314,-23.859131076619438,False,True,False,True,True,0.0,0.0,0.0,0.0,0.0,0,0.7734070221066321,0.9317295188556567,False,False,False,False,-0.2750669757493858,-0.29594811786702657,False,False,False,False,-373781.0,-243640.85563145182,False,False,False,False,17576.632717285418,False,False,False,False
2025-04-11 17:00:00+00:00,2.055,2.115,2.045,2.08,17401.0,,,2.2221606383406893,2.4916954227583568,2.803276860747249,2.882610222715863,3.005491976774965,3.162208162464012,3.3111913886330715,,1.9354560555088312,2.2188776733158213,2.5030551766071447,2.928642192610725,2.8739158784546164,3.0867991805869686,3.423286251819075,2.803276860747249,3.5621596968115865,2.7749047915240985,"rgba(255, 0, 0, 1.0)",0.32114795501297366,2.5717828159000913,-1.5313278762127702,39.22089049870789,-19.245059826736348,False,False,False,True,True,0.0,0.0,0.0,0.0,0.0,0,0.7845052083333335,0.9254557291666666,False,False,False,False,-0.23330977100561373,-0.2646289444363201,False,False,False,False,-356380.0,-245388.7493425921,False,False,False,False,17573.909729420528,False,False,False,False
2025-04-14 17:00:00+00:00,2.15,2.175,2.115,2.12,14707.0,,,2.2181416524161883,2.487308731921682,2.798753982496852,2.8797641572659045,3.0025564661738997,3.1589962994795187,3.307790433168087,,1.9829804979630732,2.216338229868303,2.4987210018127186,2.9249159327504652,2.8709319082676217,3.0837131513803278,3.4199766945531005,2.798753982496852,3.558798762901518,2.7750635099655527,"rgba(239, 83, 80, 1.0)",0.32266241807195645,2.5247610949491546,-1.254441398436707,43.54878561875797,-15.317284591370566,True,False,False,True,True,0.0,0.0,0.0,0.0,0.0,0,0.7838456507521259,0.9293655984303466,False,False,False,False,-0.2105574463528833,-0.23759319539460172,False,False,False,False,-341673.0,-246881.52842255193,False,False,False,False,17529.461516561296,False,False,False,False
2025-04-15 17:00:00+00:00,2.05,2.06,2.02,2.06,20566.0,,,2.207564770465367,2.4798245309768623,2.7916853427999704,2.87534286200157,2.9980613837080825,3.154146037943817,3.302704539730741,,1.998792671197872,2.209312720000268,2.4913647668956824,2.91917533828061,2.866292936054167,3.079024243070464,3.41505454619073,2.7916853427999704,3.553829627554768,2.7705961920940148,"rgba(239, 83, 80, 1.0)",0.32553805772448946,2.5163999724715316,-1.4019865316570561,44.94803778618224,-13.959391558481535,True,False,False,True,True,0.0,0.0,0.0,0.0,0.0,0,0.7878088962108734,0.929489291598023,False,False,False,False,-0.2474286149889348,-0.24251090519176827,False,False,False,False,-362239.0,-248670.01635398524,False,False,False,False,17576.5396325836,False,False,False,False
2025-04-16 17:00:00+00:00,2.075,2.095,2.02,2.07,7064.0,,,2.204537840629298,2.47739918144193,2.789336236584611,2.8738623387825335,2.9965513427167965,3.1525122496248925,3.3009878402539297,,2.0037332354435264,2.207242300563706,2.4889763586944413,2.917254439409732,2.8647405092799336,3.0774467260317904,3.4133904634077563,2.789336236584611,3.5521472700803165,2.7691407902046343,"rgba(239, 83, 80, 1.0)",0.3280533905129363,2.5145332477772957,-1.3550637202140619,46.15536548282762,-12.54296930381669,True,False,False,True,True,0.0,0.0,0.0,0.0,0.0,0,0.7841395195788089,0.9295820993747942,False,False,False,False,-0.24124003452009354,-0.2418754698559309,False,False,False,False,-355175.0,-250321.25641051258,False,False,False,False,17413.554522000908,False,False,False,False
2025-04-17 17:00:00+00:00,2.05,2.065,2.015,2.03,11200.0,,,2.1991917009065873,2.4733831144493785,2.7855156481330416,2.871454059630942,2.9941033665537855,3.149872726717194,3.298221009879092,,2.0073817554757643,2.203532327149549,2.4850250789795467,2.9141379459260404,2.8622151287851167,3.0748942578716014,3.4107117825795483,2.7855156481330416,3.5494430371888313,2.766402850216942,"rgba(239, 83, 80, 1.0)",0.3293914946636644,2.510945057669883,-1.4601016281885706,45.888136206683086,-12.355167598977452,True,False,False,True,True,0.0,0.0,0.0,0.0,0.0,0,0.7838815789473685,0.9305921052631578,False,False,False,False,-0.2474286149889348,-0.24465204242243282,False,False,False,False,-366375.0,-252120.53925686123,False,False,False,False,17317.220343365236,False,False,False,False
2025-04-18 17:00:00+00:00,2.03,2.03,2.03,2.03,0.0,,,2.1991917009065873,2.4733831144493785,2.7855156481330416,2.871454059630942,2.9941033665537855,3.149872726717194,3.298221009879092,,2.0073817554757643,2.203532327149549,2.4850250789795467,2.9141379459260404,2.8622151287851167,3.0748942578716014,3.4107117825795483,2.7855156481330416,3.5494430371888313,2.766402850216942,"rgba(239, 83, 80, 1.0)",0.32906018234300205,2.510945057669883,-1.461571722976076,45.709983355920066,-11.930183754760733,True,False,False,True,True,0.0,0.0,0.0,0.0,0.0,0,0.779038718291055,0.9369158878504673,False,False,False,False,-0.25097327558669136,-0.2478126590045621,False,False,False,False,-366375.0,-253891.92624512696,False,False,False,False,17048.736307033992,False,False,False,False
2025-04-21 17:00:00+00:00,1.945,1.98,1.935,1.98,15309.0,,,2.1894224928291286,2.467128941150504,2.779861870835395,2.8679038812768445,2.9905284604131483,3.1460539884976764,3.2942448949866834,,2.001807968088701,2.196645695743078,2.4788888734733483,2.909568580742883,2.858490555515182,3.071186098704293,3.406877084374711,2.779861870835395,3.5455878882719247,2.761329241902256,"rgba(255, 0, 0, 1.0)",0.3234309734620369,2.503950659830475,-1.6199767580144087,44.15760429329652,-11.930183754760733,True,False,False,True,True,0.0,0.0,0.0,0.0,0.0,0,0.7851128326035706,0.93499494779387,False,False,False,False,-0.2768638259236827,-0.2623382424641224,False,False,False,False,-381684.0,-255873.1987064428,False,False,False,False,17021.763651110985,False,False,False,False
2025-04-22 17:00:00+00:00,2.005,2.035,1.995,2.02,11747.0,,,2.1840643121992773,2.4629164696391945,2.775847870334221,2.865353342661985,2.987939490354086,3.143267876670778,3.291327926692399,,2.003169973911392,2.1927449685273506,2.474741319803831,2.906282266664619,2.8558175482755574,3.0684896041602947,3.4040533286117456,2.775847870334221,3.542738709432129,2.7582868784647663,"rgba(255, 0, 0, 1.0)",0.3174621066980995,2.5003572818929465,-1.5131169098860584,44.667782317246406,-11.8595938906791,True,False,False,True,True,0.0,0.0,0.0,0.0,0.0,0,0.7824310520939737,0.9421178072863466,False,False,False,False,-0.25630190284769105,-0.25932007265590673,False,False,False,False,-369937.0,-257641.6297342499,False,False,False,False,16939.98436969841,False,False,False,False
2025-04-23 17:00:00+00:00,2.005,2.025,1.99,1.99,8220.0,,,2.180189739189909,2.4599178114874896,2.773009076528874,2.863546281886879,2.986108169405498,3.1413005981244244,3.289270750920773,,2.0030793607727824,2.1898903842367514,2.471789448940393,2.9039584750687792,2.8539239212430783,3.066584118206263,3.4020629193658456,2.773009076528874,3.540731759960144,2.7560450753841237,"rgba(255, 0, 0, 1.0)",0.31345823176791743,2.4976865642154613,-1.6196306645133804,44.06033101368517,-11.8595938906791,True,False,False,True,True,0.0,0.0,0.0,0.0,0.0,0,0.785197934595525,0.9376936316695351,False,False,False,False,-0.2589715499050228,-0.25914581128046477,False,False,False,False,-378157.0,-259510.08508720726,False,False,False,False,16804.790813579053,False,False,False,False
2025-04-24 17:00:00+00:00,2.065,2.145,2.065,2.14,27952.0,,,2.1759102952506506,2.452493649771758,2.76492591941494,2.858269984406236,2.980652911400928,3.135331293652973,3.2829446097555217,,2.022400780972666,2.1863503794397445,2.464410937941736,2.897140856191292,2.848407490043182,3.0608494203588115,3.3958889892787547,2.76492591941494,3.5344531227408043,2.751855536991371,"rgba(239, 83, 80, 1.0)",0.30676138862242097,2.4944047842694523,-1.1553109270400175,48.59450903704094,-7.2143814650070155,True,False,False,False,True,0.0,0.0,0.0,0.0,0.0,0,0.7802349689011749,0.9357290946786454,False,False,False,False,-0.22453200187737013,-0.24183890657891743,False,False,False,False,-350205.0,-260916.2077990335,False,False,False,False,16977.615762205733,False,False,False,False
2025-04-25 17:00:00+00:00,2.115,2.14,2.105,2.14,16339.0,,,2.1741077297419293,2.448446479063016,2.7603759393562664,2.8552681500614088,2.9775383273704064,3.1319137053753385,3.2793149289014423,,2.031981173153847,2.1847559050835748,2.4603782041395865,2.893268864593966,2.8452717964613514,3.0575702519963768,3.3923401471667876,2.7603759393562664,3.53083858610761,2.7494665430332357,"rgba(239, 83, 80, 1.0)",0.30228223492219325,2.492483255874814,-1.166073341906917,51.61729438594479,-4.166011563108448,True,False,True,False,True,0.0,0.0,0.0,0.0,0.0,0,0.7767361111111114,0.9427083333333333,False,False,False,False,-0.20765203974526114,-0.2247454731620893,False,False,False,False,-350205.0,-262300.5301587384,False,False,False,False,16967.71474263665,False,False,False,False
2025-04-28 17:00:00+00:00,2.075,2.11,2.07,2.11,20895.0,,,2.1705289577652103,2.442918070623016,2.754364324969158,2.851299396870194,2.973440984470483,3.1274399605284118,3.2745794632748066,,2.038686918801277,2.1817650182831745,2.45488127450945,2.8881710153298874,2.8411259402128146,3.053268400155892,3.3877176151875377,2.754364324969158,3.5261393952176516,2.745727667212951,"rgba(239, 83, 80, 1.0)",0.2981863345126611,2.488881713592763,-1.270620648031996,52.44882056710538,-3.1699316481851625,True,False,True,False,True,0.0,0.0,0.0,0.0,0.0,1,0.7819336626676077,0.9417784050811573,False,False,False,False,-0.22000198267902737,-0.22237372792055832,False,False,False,False,-371100.0,-263987.3436446494,False,False,False,False,17028.60288616166,False,False,False,False
2025-04-29 17:00:00+00:00,2.125,2.14,2.1,2.11,15688.0,,,2.1687227833174796,2.4391134404349883,2.7500569780575423,2.8484250886365627,2.9704592617011043,3.1241710775356406,3.271108863866051,,2.0443180496546938,2.180146788908449,2.4510865487607103,2.8844818561539975,2.8381260969754205,3.050130793678723,3.384322060196509,2.7500569780575423,3.5226805058377626,2.743190691991277,"rgba(239, 83, 80, 1.0)",0.29164996605984594,2.4865848679016733,-1.2912220528919898,53.00317135454578,-2.3409514612690643,True,False,True,False,True,0.0,0.0,0.0,0.0,0.0,0,0.7929562433297761,0.9373888295980077,False,False,False,False,-0.20859977565513,-0.21548675178784416,False,False,False,False,-371100.0,-265648.004983492,False,False,False,False,17007.818345290936,False,False,False,False
2025-04-30 17:00:00+00:00,2.025,2.06,2.015,2.04,11460.0,,,2.1656051561842564,2.435728124020312,2.7465624715266026,2.846116349737832,2.968095575801642,3.1216118859526802,3.2684155942759827,,2.0440181688069594,2.1776175547044447,2.4477311005540456,2.881536496862885,2.8357141519457705,3.0476608181404217,3.3817005015593953,2.7465624715266026,3.520024343108991,2.7405795678623734,"rgba(255, 0, 0, 1.0)",0.284512907606318,2.4837270907131628,-1.5596026712684343,50.597240735085066,-2.3409514612690643,True,False,False,False,False,0.0,0.0,0.0,0.0,0.0,0,0.7836486968939667,0.9460906818993217,False,False,False,False,-0.2345879451455913,-0.22503734846671775,False,False,False,False,-382560.0,-267460.5940535154,False,False,False,False,16921.805657767047,False,False,False,False
2025-05-01 17:00:00+00:00,2.025,2.05,2.01,2.04,15001.0,,,2.161590942808897,2.4313275887416697,2.7420078022997374,2.8430954683981096,2.9650030541396135,3.1182647316295817,3.26489361262617,,2.0433604833106283,2.174325980392157,2.4433677910250675,2.8776892255766007,2.83255918327655,3.0444298900510884,3.3782715914915715,2.7420078022997374,3.516550106355266,2.7371562389833883,"rgba(255, 0, 0, 1.0)",0.2763105544899239,2.479990944987162,-1.5923783505099771,48.993286988777925,-2.3409514612690643,True,False,False,False,False,0.0,0.0,0.0,0.0,0.0,0,0.7925072046109513,0.9452449567723343,False,False,False,False,-0.23702749616328,-0.23103242231499888,False,False,False,False,-382560.0,-269245.08096741437,False,False,False,False,16892.025725088486,False,False,False,False
2025-05-02 17:00:00+00:00,2.075,2.09,2.055,2.06,15734.0,,,2.1587140233581033,2.4272111776516163,2.737525536852892,2.8400869225166816,2.9619023621230416,3.1148886201653165,3.2613254248244377,,2.0448749752674327,2.1718490708863194,2.4392712362806988,2.8738570079239967,2.8294203535071927,3.041179673610579,3.374786927974846,2.737525536852892,3.513009089332003,2.734063808067368,"rgba(255, 0, 0, 1.0)",0.2663098344559109,2.4768408539743327,-1.5652476928836176,48.87652813239903,-2.3409514612690643,True,False,False,False,False,0.0,0.0,0.0,0.0,0.0,0,0.7947976878612719,0.9411127167630057,False,False,False,False,-0.2156378471836492,-0.22333513474932404,False,False,False,False,-366826.0,-270757.9634330358,False,False,False,False,16874.07183787781,False,False,False,False
2025-05-05 17:00:00+00:00,2.045,2.06,2.02,2.025,17139.0,,,2.1546919077816287,2.4224253902777404,2.732470553916358,2.836695794459821,2.9584240093835192,3.1111193036442955,3.257354819283975,,2.0442630489199662,2.16845199075556,2.434517557912147,2.8695526270224407,2.825881976934511,3.037543296024692,3.370915818552806,2.732470553916358,3.5090829771434002,2.730307721062104,"rgba(255, 0, 0, 1.0)",0.25576749013315936,2.472826525955359,-1.7509126188094057,47.27428484545371,1.834036924488558,True,False,False,True,False,0.0,0.0,0.0,0.0,0.0,0,0.8025009194556825,0.9404192717910996,False,False,False,False,-0.22925071479951803,-0.22629292477442103,False,False,False,False,-383965.0,-272513.1112867872,False,False,False,False,16878.179251244044,False,False,False,False
2025-05-06 17:00:00+00:00,2.005,2.045,2.0,2.02,4788.0,,,2.15349458383541,2.421063923107888,2.731044605158338,2.835737867333177,2.957442983772329,3.1100580055522338,3.2562381208533364,,2.0438785308023744,2.1674410774895083,2.433165813590636,2.8683389398568306,2.824882541749086,3.0365186713518924,3.3698276150559043,2.731044605158338,3.5079800047597898,2.7292238056792106,"rgba(255, 0, 0, 1.0)",0.24909117691002472,2.4716546491033706,-1.8132101454019574,45.987466239301746,0.3585111264538199,True,False,False,True,False,0.0,0.0,0.0,0.0,0.0,0,0.7975482912332841,0.9465081723625557,False,False,False,False,-0.2366151492771658,-0.23145403702579342,False,False,False,False,-388753.0,-274315.2801040463,False,False,False,False,16690.734611689873,False,False,False,False
2025-05-07 17:00:00+00:00,2.025,2.04,1.995,2.025,21971.0,,,2.1481996547084337,2.41490768433964,2.724558753338097,2.831361944466486,2.9529595399566593,3.1052069385476306,3.251132746546029,,2.0421490022197313,2.1629242564520146,2.4270501313952155,2.8628030037070866,2.8203185916610103,3.031835613921196,3.3648503861146986,2.724558753338097,3.5029339774403083,2.7243041605267093,"rgba(255, 0, 0, 1.0)",0.24512897873614017,2.466367823951519,-1.8005534320224652,45.44023747317152,-0.42960916135444904,True,False,False,True,False,0.0,0.0,0.0,0.0,0.0,0,0.8062102506546952,0.9330340441451551,False,False,False,False,-0.23872387657513935,-0.23508895680046638,False,False,False,False,-366782.0,-275748.8726605727,False,False,False,False,16772.599191353595,False,False,False,False
2025-05-08 17:00:00+00:00,2.105,2.13,2.095,2.115,25144.0,,,2.1466857172625624,2.4097015186853064,2.7182441500566803,2.82698080267374,2.9483890070105905,3.1001809406693983,3.245780600091046,,2.0475978484999775,2.1612445397591746,2.421824393109282,2.8572474288734244,2.8157603835405967,3.027018408146783,3.3595914022772697,2.7182441500566803,3.4975618680957408,2.720446224332559,"rgba(239, 83, 80, 1.0)",0.238461245836242,2.462951115414104,-1.4591516294142466,49.71510444285464,-4.5231589110947965,True,False,False,False,True,0.0,0.0,0.0,0.0,0.0,0,0.7966804979253114,0.9392682006789891,False,False,False,False,-0.19899038308150743,-0.2170396699409869,False,False,False,False,-341638.0,-276770.40951854835,False,False,False,False,16902.388351177568,False,False,False,False
2025-05-09 17:00:00+00:00,2.095,2.13,2.095,2.12,13581.0,,,2.145959619991237,2.406978989380638,2.714896666187248,2.8246420608142153,2.9459458523289808,3.097491931141272,3.242914865373325,,2.0502739148017675,2.160413698417507,2.419088449215862,2.854287470072655,2.8133285102294523,3.0244421615880968,3.3567729891391798,2.714896666187248,3.494680950168618,2.7183883699058167,"rgba(239, 83, 80, 1.0)",0.23253166015185947,2.461133727965344,-1.4670420696371387,52.77912557982708,-1.6651997462858787,True,False,True,False,True,0.0,0.0,0.0,0.0,0.0,0,0.806130268199234,0.9352490421455938,False,False,False,False,-0.19899038308150743,-0.20801502651124715,False,False,False,False,-328057.0,-277565.55045624526,False,False,False,False,16850.893958136057,False,False,False,False
2025-05-12 17:00:00+00:00,2.165,2.17,2.11,2.11,23561.0,,2.13,2.145349402426213,2.4026098717475777,2.7093196029573825,2.8207059332775533,2.9418170571531017,3.0929322545102367,3.2380432128514656,,2.0554114769372704,2.1594943945392515,2.4146844920811867,2.849311065554249,2.8092391433004082,3.0200802690246964,3.3519723263744456,2.7093196029573825,3.4897653984805186,2.676064700182336,"rgba(239, 83, 80, 1.0)",0.2262219670553355,2.4158809958766394,-1.3521277348004797,54.16460178264563,-0.3723778128893258,True,False,True,False,True,0.0,0.0,0.0,0.0,0.0,0,0.8040123456790125,0.9413580246913581,False,False,False,False,-0.1876086079108068,-0.19781181721102697,False,False,False,False,-351618.0,-278713.65044917166,False,False,False,False,16954.926609947903,False,False,False,False
2025-05-13 17:00:00+00:00,2.105,2.115,2.085,2.09,22382.0,,2.1137610372272886,2.143643132747464,2.3980930459590053,2.7038200170506816,2.816829396582251,2.9377739192970744,3.0884918045975653,3.233316640837889,,2.057791256881301,2.1577407091013394,2.4101479068753617,2.8444304533149136,2.805211056916565,3.015822159178314,3.347323105392379,2.7038200170506816,3.4850148396231364,2.6716130427972926,"rgba(239, 83, 80, 1.0)",0.21988371209995022,2.4117752441517633,-1.4633882659098343,53.759127177786354,-0.3723778128893258,True,False,True,False,True,0.0,0.0,0.0,0.0,0.0,0,0.8103582554517136,0.9349688473520249,False,False,False,False,-0.20418061584964875,-0.20099621653033786,False,False,False,False,-374000.0,-280190.95819414576,False,False,False,False,17039.06728266189,False,False,False,False
2025-05-14 17:00:00+00:00,2.015,2.045,1.99,2.04,22829.0,,2.084296637197309,2.1395481800657667,2.392558186156712,2.6976611642781254,2.812528725978943,2.933341694296663,3.0836789347814615,3.2282343961561293,,2.0559691434802607,2.154066187374877,2.4046243395151357,2.8390462488138164,2.800738323890962,3.0111837779097916,3.342346665356646,2.6976611642781254,3.479954261381668,2.66532150701684,"rgba(255, 0, 0, 1.0)",0.21635019160012864,2.405413842767877,-1.688992462013885,50.58449834654547,-0.3723778128893258,True,False,False,False,False,0.0,0.0,0.0,0.0,0.0,0,0.8089320388349518,0.9304854368932037,False,False,False,False,-0.23872387657513935,-0.2198600465527386,False,False,False,False,-396829.0,-281999.29992756987,False,False,False,False,17128.83368138031,False,False,False,False
2025-05-15 17:00:00+00:00,1.91,1.965,1.905,1.93,19956.0,,2.05034316487843,2.133508646410745,2.3866791558945613,2.691646926006071,2.808374218814993,2.9291149178938527,3.0791460964505064,3.2234908388248873,,2.0502881778487576,2.148851043929698,2.3987891205928364,2.833873763463569,2.796413200828981,3.0067909696190545,3.337726510770128,2.691646926006071,3.475282297457548,2.658335783481804,"rgba(255, 26, 202, 1.0)",0.21388221899823884,2.397919780298073,-2.1877451173345372,44.200745049477504,-0.7445406327561983,False,False,False,True,False,0.0,0.0,0.0,0.0,0.0,0,0.7992998833138859,0.9420458965383119,False,False,False,False,-0.2738356969920486,-0.24684787177239362,False,False,False,False,-416785.0,-284089.0007038866,False,False,False,False,17172.6657173279,False,False,False,False
2025-05-16 17:00:00+00:00,1.935,1.965,1.935,1.945,11001.0,,2.0390905687747125,2.130566464755005,2.383607294126491,2.6884365793176155,2.8061397101224737,2.9268349650390033,3.076695064844585,3.2209209524036346,,2.047749426203162,2.1462729972441874,2.395735432406119,2.831094621973686,2.794088431612738,3.0044182781645516,3.3352195882140814,2.6884365793176155,3.4727438031703306,2.655124691680136,"rgba(255, 26, 202, 1.0)",0.21208195764082285,2.3944767656995807,-2.1193540964045803,40.916508545134555,-3.574629222014039,False,True,False,True,False,0.0,0.0,0.0,0.0,0.0,0,0.7985921001173252,0.9432929213922564,False,False,False,False,-0.2674049227618171,-0.25712639726710534,False,False,False,False,-405784.0,-285975.74487902015,False,False,False,False,17076.98097752437,False,False,False,False
2025-05-19 17:00:00+00:00,1.93,1.935,1.895,1.915,13101.0,,2.024682073325652,2.126563340293104,2.379728857321191,2.6844788251456833,2.8033909341194043,2.92404155366416,3.073704156827571,3.217794166212361,,2.043926235724727,2.1427853218485935,2.3918854488804513,2.82768351959491,2.7912279938785587,3.001517751290294,3.332174419617083,2.6844788251456833,3.469665857061933,2.6510389731829163,"rgba(255, 26, 202, 1.0)",0.2127951051052721,2.390024400349713,-2.232308868734142,37.727508585934444,-6.374429008953726,False,True,False,True,False,0.0,0.0,0.0,0.0,0.0,0,0.7938871473354233,0.9451410658307208,False,False,False,False,-0.28244467112873667,-0.269785534197921,False,False,False,False,-418885.0,-288036.35348554695,False,False,False,False,17015.337861593758,False,False,False,False
2025-05-20 17:00:00+00:00,1.915,1.925,1.885,1.9,18871.0,,2.007294414367899,2.1207477122143774,2.3741163243294094,2.6787632867267988,2.799409596612965,2.9199986472420836,3.0693798425100227,3.2132763955320836,,2.038326153276793,2.137694507472058,2.3863139390877515,2.8227522547736354,2.787085889065011,2.9973222329925036,3.3277750444949366,2.6787632867267988,3.4652205157851754,2.645350416046555,"rgba(255, 26, 202, 1.0)",0.21125508683039748,2.3837899844131956,-2.290074959480612,35.112384626047536,-8.714874958809744,False,True,False,True,False,0.0,0.0,0.0,0.0,0.0,0,0.7867617915180343,0.9567974633372968,False,False,False,False,-0.28676442785038087,-0.27827498102415094,False,False,False,False,-437756.0,-290357.5883152284,False,False,False,False,17044.107817227963,False,False,False,False
2025-05-21 17:00:00+00:00,1.895,1.895,1.81,1.815,65473.0,,1.9517431388857895,2.0974750272317015,2.353141622122418,2.657997680414775,2.784908009097742,2.9053581763190044,3.05381963969321,3.1970935957857396,,2.014245906422446,2.117244254046396,2.3655208378748913,2.8048928004637883,2.772000958166418,2.982182673588557,3.3120498183749953,2.657997680414775,3.4493735786245403,2.6246449425658582,"rgba(255, 26, 202, 1.0)",0.21087135824890216,2.360629077792338,-2.5874973364012033,31.079821787126807,-12.415297204024341,False,True,False,True,False,0.0,0.0,0.0,0.0,0.0,0,0.7818831942789036,0.957886372665872,False,False,False,False,-0.30961920745245153,-0.29394709423830123,False,False,False,False,-503229.0,-293657.92027933337,False,False,False,False,17794.943354945357,False,False,False,False
2025-05-22 17:00:00+00:00,1.805,1.83,1.805,1.81,13593.0,,1.9429241611194668,2.0926958543891527,2.3487896791046277,2.653686877901819,2.7818738776452356,2.9022980909925584,3.050572876548343,3.193720528358945,,2.009346860046693,2.112994254930601,2.3612047967741336,2.8011720554868544,2.7688467841126556,2.979021320887857,3.3087719086155127,2.653686877901819,3.446071714692681,2.62052799512763,"rgba(255, 26, 202, 1.0)",0.21121021934736942,2.356010985935945,-2.58515420145434,28.276521272900034,-14.985892927210465,False,True,False,True,False,0.0,0.0,0.0,0.0,0.0,0,0.7716346153846155,0.970352564102564,False,False,False,False,-0.32447919850290396,-0.3092131463706026,False,False,False,False,-516822.0,-297117.82849205687,False,False,False,False,17729.796946341554,False,False,False,False
2025-05-23 17:00:00+00:00,1.85,1.885,1.85,1.86,32483.0,,1.9325183624528945,2.0838476454006423,2.3396175279124733,2.6441654463951445,2.775070575873175,2.8953876492291655,3.043193832786225,3.1860161692636857,,2.001336098226311,2.1049319416407197,2.3520793869976493,2.7928380319254127,2.7617835801835025,2.971857140613392,3.3012568276852003,2.6441654463951445,3.438475301403462,2.612393347772373,"rgba(255, 26, 202, 1.0)",0.21123440291055845,2.347131022662938,-2.3061159354293266,30.12532115599843,-14.985892927210465,False,True,False,True,False,0.0,0.0,0.0,0.0,0.0,0,0.7864985766571779,0.9654331028873525,False,False,False,False,-0.3018346355216958,-0.3055238909461492,False,False,False,False,-484339.0,-300020.4823138854,False,False,False,False,17958.528776630832,False,False,False,False
2025-05-26 17:00:00+00:00,1.86,1.86,1.86,1.86,0.0,,1.9325183624528945,2.0838476454006423,2.3396175279124733,2.6441654463951445,2.775070575873175,2.8953876492291655,3.043193832786225,3.1860161692636857,,2.001336098226311,2.1049319416407197,2.3520793869976493,2.7928380319254127,2.7617835801835025,2.971857140613392,3.3012568276852003,2.6441654463951445,3.438475301403462,2.612393347772373,"rgba(255, 26, 202, 1.0)",0.21037504048167133,2.347131022662938,-2.3155362040459284,31.357854411397362,-14.985892927210465,False,True,False,True,True,0.0,0.0,0.0,0.0,0.0,0,0.782751540041068,0.9724845995893223,False,False,False,False,-0.3052117108307497,-0.30536780088844945,False,False,False,False,-484339.0,-302878.1337508794,False,False,False,False,17680.101973892368,False,False,False,False
2025-05-27 17:00:00+00:00,1.83,1.835,1.775,1.79,21311.0,,1.9218437020825692,2.0767909744046795,2.3329880432650025,2.6375318861191506,2.7703468484166094,2.890620884256128,3.0381380477805706,3.1807636227657974,,1.9942630852178,2.0985639409505477,2.3454977776683834,2.787073075179986,2.7568777660656796,2.9669337205678805,3.296147577081376,2.6375318861191506,3.4333268358633435,2.6062920634548106,"rgba(255, 26, 202, 1.0)",0.21307893051786667,2.340327173310583,-2.582738574729415,29.88481057475088,-14.985892927210465,False,True,False,True,True,0.0,0.0,0.0,0.0,0.0,0,0.7769168026101145,0.9685970636215333,False,False,False,False,-0.330190110706301,-0.31777895579737525,False,False,False,False,-505650.0,-306021.8836152068,False,False,False,False,17736.3949665452,False,False,False,False
2025-05-28 17:00:00+00:00,1.745,1.8,1.73,1.79,156821.0,,1.866574268320273,2.029861104399749,2.2865871541832146,2.5902908955808313,2.7360276161778274,2.855952623804697,3.001387183959669,3.1425794388594444,,1.94888151371346,2.055241905412304,2.2993519859002602,2.7455324287410123,2.721296169459966,2.93113825622879,3.2589420853836106,2.5902908955808313,3.3958107972563014,2.564642975341674,"rgba(255, 26, 202, 1.0)",0.2130758863253667,2.2944950792385597,-2.367677957083309,28.90278135031989,-14.985892927210465,False,True,False,True,True,0.0,0.0,0.0,0.0,0.0,0,0.7731538147694821,0.9734802121583026,False,False,False,False,-0.34282825441539394,-0.33030360510638457,False,False,False,False,-505650.0,-309116.8931715602,False,False,False,False,19892.745432180156,False,False,False,False
2025-05-29 17:00:00+00:00,1.805,1.82,1.79,1.8,17069.0,,1.8641122839268243,2.026111140744936,2.2822651647452084,2.5856362750224458,2.7325462028006577,2.8524095679476718,2.9976101322487696,3.1386363160962105,,1.9456985400256581,2.0516418194950523,2.2950356291590155,2.7413487280808995,2.7176957452665564,2.9274688855010833,3.2550814813663873,2.5856362750224458,3.391903101540247,2.560886527495158,"rgba(255, 26, 202, 1.0)",0.2099993135982092,2.2905326126689607,-2.3358772191393666,29.112506059909183,-15.074960296294165,False,True,False,True,True,0.0,0.0,0.0,0.0,0.0,0,0.7838060008220307,0.9712289354706123,False,False,False,False,-0.3241022212623558,-0.3272029131843702,False,False,False,False,-488581.0,-311899.2824247143,False,False,False,False,19848.966433231628,False,False,False,False
2025-05-30 17:00:00+00:00,1.755,1.775,1.75,1.755,8753.0,,1.8620745230364666,2.023871149270204,2.2798808637139514,2.5831396384040417,2.7306882063406204,2.850527254052157,2.995612535846321,3.13655794423724,,1.9436391416192282,2.04952005381559,2.2926586947713203,2.7391192543387546,2.715773395718399,2.925524296667891,3.253050836183581,2.5831396384040417,3.389852201388802,2.5587758525343847,"rgba(255, 26, 202, 1.0)",0.2085229479453692,2.2882618799251597,-2.557329469871435,27.752903538045246,-16.792950296274213,False,True,False,True,False,0.0,0.0,0.0,0.0,0.0,0,0.7782357790601817,0.9760923330585325,False,False,False,False,-0.34282825441539394,-0.33501558379988206,False,False,False,False,-497334.0,-314774.23928634665,False,False,False,False,19676.9359458947,False,False,False,False
2025-06-02 17:00:00+00:00,1.745,1.755,1.725,1.735,41547.0,,1.8515557206021063,2.012900929409052,2.268394598552642,2.5711855284403877,2.7217702795819023,2.841504642651445,2.9860532873147987,3.126623660084403,1.738333333333333,1.9333723191015417,2.0391326455461747,2.2812109698999543,2.728442364513466,2.706548542935064,2.91621180923194,3.243348134129408,2.5711855284403877,3.3800588028869787,2.497911797832976,"rgba(255, 26, 202, 1.0)",0.2069522946291237,2.2157490134936797,-2.3229943613586075,26.25596185084721,-18.58773164737397,False,True,False,True,False,0.0,0.0,0.0,0.0,0.0,0,0.7810526315789477,0.9730526315789474,True,False,False,False,-0.34282825441539394,-0.338921919107638,False,False,False,False,-538881.0,-318248.76270826376,False,False,False,False,20016.006706423464,True,False,False,False
2025-06-03 17:00:00+00:00,1.825,1.915,1.815,1.885,50519.0,,1.8534397209808324,2.0065974849879367,2.2584200901584195,2.5593533210923085,2.7125813712988074,2.8320313059714226,2.9758451529505785,3.115874669027634,1.8114967885357602,1.929835289645821,2.0326006051635788,2.271178696235941,2.7174703039053907,2.6970762765123224,2.906343001027163,3.232746816972398,2.5593533210923085,3.369260413590456,2.4945556809041447,"rgba(255, 0, 0, 1.0)",0.19953533860286193,2.2127662499973635,-1.6426476246882833,34.82138100140526,-20.79459777046111,False,True,False,True,True,0.0,0.0,0.0,0.0,0.0,0,0.7781027998328459,0.9694943585457582,False,False,False,False,-0.2841852649840003,-0.31155359204581917,False,False,False,False,-488362.0,-320886.17723991856,False,False,False,False,20488.921331130077,False,False,False,False
2025-06-04 17:00:00+00:00,1.925,1.925,1.89,1.905,24762.0,,1.855776477812134,2.004458193025759,2.254138069449402,2.553986510882944,2.708334029302797,2.8276219687651367,2.9710660533894506,3.1108193172852627,1.8316682929891235,1.9292021328842273,2.0302381076844633,2.26685397753707,2.712412637565965,2.6927050471242757,2.901734906981438,3.2277422650307765,2.553986510882944,3.3641462082428313,2.4924223742318894,"rgba(255, 0, 0, 1.0)",0.1931675741725799,2.2110010717536737,-1.5841223510954585,41.38214973389288,-14.959457013203618,False,False,False,True,True,0.0,0.0,0.0,0.0,0.0,0,0.7827368421052634,0.9709473684210526,False,False,False,False,-0.2646904646357687,-0.2881220283407939,False,False,False,False,-463600.0,-323098.7946470516,False,False,False,False,20555.170612817983,False,False,False,False
2025-06-05 17:00:00+00:00,1.93,1.985,1.93,1.945,13142.0,,1.8579978048214232,2.003883849207333,2.2522071063250846,2.5513766348540066,2.7062281271454025,2.825416534704181,2.968657389031917,3.1082567263387344,1.8439705316611523,1.9295471272070337,2.029479957982363,2.2648921456828046,2.7099079015017042,2.690541247117052,2.8994203453636223,3.22519478390683,2.5513766348540066,3.361532877408712,2.491686138303165,"rgba(239, 83, 80, 1.0)",0.18459495469081694,2.2105682607506716,-1.4386539501877447,47.37458783905193,-9.777000352823904,True,False,False,False,True,0.0,0.0,0.0,0.0,0.0,0,0.7808628791114912,0.9846219564288766,False,False,False,False,-0.2318986091557142,-0.2600103187482541,False,False,False,False,-450458.0,-325073.3559703531,False,False,False,False,20440.237735099876,False,False,False,False
2025-06-06 17:00:00+00:00,1.985,1.99,1.95,1.95,13559.0,,1.8604155543480165,2.003419229510348,2.2503064798797245,2.548752240816561,2.7040963767964112,2.8231787113422677,2.9662085758354166,3.1056474786991797,1.8552465819915602,1.9300382380036547,2.0288139481924277,2.2629577777735737,2.707374883914672,2.688352126213796,2.897069268908626,3.222597704181759,2.548752240816561,3.358865827581725,2.4909046985255,"rgba(239, 83, 80, 1.0)",0.17993647527708945,2.210124432407501,-1.4456459259131742,51.56986155789321,-6.233578602850493,True,False,True,False,True,0.0,0.0,0.0,0.0,0.0,0,0.7874730021598276,0.9723542116630669,False,False,False,False,-0.2257138979288348,-0.24286210833854444,False,False,False,False,-436899.0,-326807.08688554144,False,False,False,False,20333.551878741735,False,False,False,False
2025-06-09 17:00:00+00:00,1.96,1.99,1.96,1.98,14123.0,,1.8631299433253539,2.003103719192646,2.248443959128739,2.5461051681636975,2.7019286565023086,2.8208960767384506,2.9637042975299406,3.102973887290247,1.8661238043285209,1.9307336849290135,2.0282727292992044,2.261057652738897,2.704801668052623,2.686127592810676,2.8946677113137995,3.2199324606856714,2.5461051681636975,3.3561250746819953,2.490125188251862,"rgba(239, 83, 80, 1.0)",0.17629106767090624,2.209728810901577,-1.3031222394683464,55.5779481682186,-2.7313483072033335,True,False,True,False,True,0.0,0.0,0.0,0.0,0.0,0,0.7959982601130929,0.9673771204871682,False,False,False,False,-0.22324478512854318,-0.2330534467335438,False,False,False,False,-422776.0,-328294.977011347,False,False,False,False,20237.26425271473,False,False,False,False
2025-06-10 17:00:00+00:00,1.965,1.975,1.945,1.97,6067.0,,1.8641250506746896,2.0029032441657195,2.2476127424009076,2.5449490876995764,2.7009843560594,2.819903844326207,2.962617910381504,3.1018156919389663,1.869726136449241,1.9309412238139407,2.0279844824558833,2.260211206884433,2.703681674887688,2.6851583562057217,2.893624958631219,3.2187787743010725,2.5449490876995764,3.3549396807654492,2.489688671329761,"rgba(239, 83, 80, 1.0)",0.173873154552051,2.2094447580989085,-1.3771232178756376,57.55232993349631,-0.9457809008305773,True,False,True,False,True,0.0,0.0,0.0,0.0,0.0,0,0.786091549295775,0.9806338028169014,False,False,False,False,-0.22685159921988565,-0.22995252297671473,False,False,False,False,-428843.0,-329853.86108869046,False,False,False,False,20017.570233292798,False,False,False,False
2025-06-11 17:00:00+00:00,1.995,2.01,1.97,2.01,30161.0,,1.8703607197600731,2.0027507794070645,2.244027621860779,2.5395947768900378,2.6965360732433266,2.815195661547702,2.9574309594778603,3.096260259573738,1.8894736778763495,1.9329575459399675,2.0273083364531113,2.256538253543949,2.6984121178288856,2.6805990368436112,2.8886600750622304,3.213226177818876,2.5395947768900378,3.349216971542589,2.4880832545704727,"rgba(239, 83, 80, 1.0)",0.17156639247543376,2.208758396162305,-1.1584926004127831,60.52403413657335,1.9478361256126604,True,False,True,False,True,0.0,0.0,0.0,0.0,0.0,0,0.7924778761061951,0.9721238938053097,False,False,False,False,-0.21155357465105654,-0.22075304881388563,False,False,False,False,-398682.0,-330920.96401754796,False,False,False,False,20174.83271029601,False,False,False,False
2025-06-12 17:00:00+00:00,2.015,2.025,2.0,2.015,12976.0,,1.8731971761000523,2.0028609244201885,2.2426183521001266,2.537392990996522,2.6946847168186614,2.8132275215793077,2.9552549199429072,3.0939232900616647,1.8972433480295468,1.934004559334086,2.027179724681088,2.25508870547559,2.696222387013981,2.678703380284465,2.8865805262549844,3.2108853226535747,2.537392990996522,3.3467998870363127,2.4874417403591713,"rgba(239, 83, 80, 1.0)",0.1706109847228943,2.2085455468233137,-1.134426057839532,62.70432428155546,4.203169383489353,True,False,True,False,True,0.0,0.0,0.0,0.0,0.0,0,0.7943136383829411,0.9706796979120389,False,False,False,False,-0.20014412012008007,-0.21044858446698284,False,False,False,False,-385706.0,-331770.34442037664,False,False,False,False,20063.22290083406,False,False,False,False
2025-06-13 17:00:00+00:00,2.025,2.03,1.99,2.01,6433.0,,1.874529593803417,2.002897572722306,2.2419159905972177,2.5363013477585032,2.6937661288848123,2.812251320405765,2.9541760339296728,3.092764884133578,1.9006441963720584,1.9344921906430017,2.0271016984253616,2.2543666427911084,2.695136711195799,2.6777628866790786,2.8855493040811506,3.2097249793612015,2.5363013477585032,3.345601842596541,2.487086342611502,"rgba(239, 83, 80, 1.0)",0.17013725248954814,2.2083991658646016,-1.1661124354690626,63.71856129095677,5.504056480125712,True,False,True,False,True,0.0,0.0,0.0,0.0,0.0,0,0.8000000000000004,0.9646532438478748,False,False,False,False,-0.20140924884919933,-0.2059289166580911,False,False,False,False,-392139.0,-332706.2925688979,False,False,False,False,19851.901615549807,False,False,False,False
2025-06-16 17:00:00+00:00,2.065,2.08,2.035,2.075,19647.0,,1.8799835107477878,2.003830467064689,2.2402842458437626,2.5333302014869155,2.6911935083430425,2.8094817738233706,2.9510814726947796,3.0894157913454303,1.9143662207645016,1.9369685451222276,2.027597391097057,2.2526630994165586,2.692098580129778,2.675134945505644,2.8826057538351697,3.2063519435318355,2.5333302014869155,3.3421017372294286,2.486649215672035,"rgba(239, 83, 80, 0.5)",0.17014440078099746,2.208756264749813,-0.7861338024398348,66.94354064730172,8.918574149099832,True,False,True,False,True,0.0,0.0,0.0,0.0,0.0,0,0.819589977220957,0.953530751708428,False,False,False,False,-0.17747553884807357,-0.19170222775308232,False,False,False,False,-372492.0,-333323.1252422483,False,False,False,False,19848.724846316476,False,False,False,False
2025-06-17 17:00:00+00:00,2.055,2.09,2.03,2.08,25032.0,,1.8866103376197585,2.0050424299629506,2.238286320432771,2.5296248168167024,2.6879632651751173,2.805998296368124,2.94718442715919,3.0851939522406338,1.9291447388823417,1.9400687061922628,2.0282667425917698,2.250573603569601,2.688290103916181,2.6718371736881976,2.8789009419391185,3.202095497176208,2.5296248168167024,3.3376814341966554,2.485942584608183,"rgba(239, 83, 80, 0.5)",0.17012374934175903,2.2090646208023865,-0.7586514011227821,69.26161162419501,11.447141208314548,True,False,True,False,True,0.0,0.0,0.0,0.0,0.0,0,0.8173120728929387,0.9412300683371299,False,False,False,False,-0.17622165688625047,-0.1839619423196664,False,False,False,False,-347460.0,-333542.3015950817,False,False,False,False,19929.085701412343,False,False,False,False
2025-06-18 17:00:00+00:00,2.035,2.05,2.0,2.025,30275.0,,1.8923072090850876,2.0054973772055313,2.235358567793335,2.5248248757797636,2.6838417790629516,2.8015936130195596,2.9422959056252593,3.0799271907692978,1.9392126955381392,1.9424550322100047,2.028200427036368,2.247549805962488,2.68344083167836,2.6676247821528607,2.8742372905205307,3.1968024564907247,2.5248248757797636,3.332202134708249,2.4840731149956414,"rgba(239, 83, 80, 1.0)",0.16728655891254496,2.2082292585100536,-1.0953017367393116,66.1273388411459,11.447141208314548,True,False,True,False,False,0.0,0.0,0.0,0.0,0.0,0,0.8123006833712987,0.9435079726651482,False,False,False,False,-0.19382786557354204,-0.18889490394660421,False,False,False,False,-377735.0,-334227.45970988664,False,False,False,False,20089.48747348347,False,False,False,False
2025-06-19 17:00:00+00:00,2.025,2.025,2.025,2.025,0.0,,1.8923072090850876,2.0054973772055313,2.235358567793335,2.5248248757797636,2.6838417790629516,2.8015936130195596,2.9422959056252593,3.0799271907692978,1.9392126955381392,1.9424550322100047,2.028200427036368,2.247549805962488,2.68344083167836,2.6676247821528607,2.8742372905205307,3.1968024564907247,2.5248248757797636,3.332202134708249,2.4840731149956414,"rgba(239, 83, 80, 1.0)",0.16513461612105754,2.2082292585100536,-1.1095751019019007,64.03782365244649,11.447141208314548,True,False,True,False,False,0.0,0.0,0.0,0.0,0.0,0,0.8144094847241226,0.940264477884177,False,False,False,False,-0.19382786557354204,-0.19136138476007314,False,False,False,False,-377735.0,-334901.9952182605,False,False,False,False,19778.02255141396,False,False,False,False
2025-06-20 17:00:00+00:00,1.945,1.965,1.91,1.92,19137.0,,1.8933054040371917,2.0044486394499756,2.2327461523063086,2.5212798111300714,2.680897562449623,2.7985033773114556,2.938920791146754,3.076332786998318,1.9387428915349076,1.9422667705589178,2.026977411247438,2.2448957127312616,2.67998265024403,2.6646076628751385,2.870994450957419,3.1932166429842996,2.5212798111300714,3.328516560668672,2.4817574198726944,"rgba(239, 83, 80, 1.0)",0.16424926124591074,2.1595441498387147,-1.4584184307536945,56.36741588240807,14.21351604268196,True,False,True,False,False,0.0,0.0,0.0,0.0,0.0,0,0.8095671981776769,0.9435079726651482,False,False,False,False,-0.23839364535128932,-0.21487751505568123,False,False,False,False,-396872.0,-335862.7704861944,False,False,False,False,19768.084217283507,False,False,False,False
2025-06-23 17:00:00+00:00,1.945,1.99,1.945,1.95,26139.0,,1.8955941736057478,2.003634384659894,2.2295980578800325,2.5167484807772666,2.6770726764517407,2.794462622095235,2.934483246610127,3.071587162081898,1.9405395044959954,1.9427184086992972,2.0258664434523808,2.2416821492328096,2.67549756365875,2.66069341533278,2.8667412973692588,3.188467233264737,2.5167484807772666,3.323621154446841,2.479086676229247,"rgba(239, 83, 80, 1.0)",0.16433710684045863,2.1589000176616313,-1.2711676728277514,53.059137401215914,11.145867797940042,True,False,False,False,False,0.0,0.0,0.0,0.0,0.0,0,0.8107741059302856,0.9370755998189227,False,False,False,False,-0.223017561977196,-0.2189475385164386,False,False,False,False,-370733.0,-336403.3941995867,False,False,False,False,19866.858105387637,False,False,False,False
2025-06-24 17:00:00+00:00,1.995,1.995,1.955,1.955,27718.0,,1.8980880897101131,2.002936019995803,2.226419799141812,2.512079661352026,2.6730983146637595,2.790254147414211,2.9298534012314663,3.0666287717748486,1.9426721469100154,1.9433355236739311,2.0248470458808017,2.2384324351102216,2.6708461764810565,2.65662919266611,2.862307371444355,3.1834979285791456,2.512079661352026,3.3184934132604584,2.4763703766268548,"rgba(239, 83, 80, 1.0)",0.1641916590479204,2.1576684297551365,-1.2343405927580422,51.155826341037155,9.263421979238345,True,False,False,False,False,0.0,0.0,0.0,0.0,0.0,0,0.8144283121597099,0.9387477313974593,False,False,False,False,-0.21918996399645324,-0.21906875125644593,False,False,False,False,-343015.0,-336505.8997158722,False,False,False,False,19988.581235536665,False,False,False,False
2025-06-25 17:00:00+00:00,1.975,1.98,1.965,1.965,4935.0,,1.8985244011789548,2.0028204183555247,2.2258656257307994,2.5112592564651117,2.672397038955425,2.7895108601713,2.929035159239188,3.06575196723014,1.9430404518459445,1.9434494102251867,2.024674566827227,2.237865452248241,2.6700263878634307,2.655912324416365,2.8615239902514165,3.1826186274437855,2.5112592564651117,3.317585642472688,2.4758922461530024,"rgba(239, 83, 80, 1.0)",0.1634441249540333,2.157428069985939,-1.1773324372476355,50.53088344207707,8.39002329919154,True,False,False,False,False,0.0,0.0,0.0,0.0,0.0,0,0.8133818843878018,0.9385525716886665,False,False,False,False,-0.22046512244693103,-0.21976693685168847,False,False,False,False,-338080.0,-336530.30437144,False,False,False,False,19755.192379171756,False,False,False,False
2025-06-26 17:00:00+00:00,2.135,2.175,2.125,2.135,30513.0,,1.9074363670261534,2.0058403965912586,2.224799297398282,2.5078637352792326,2.6691645419620205,2.7859199068728864,2.924924352228149,3.0612225546006067,1.958575175096949,1.9486350355915993,2.026969526305064,2.2366682932393727,2.6662565001795495,2.6526353976784804,2.8576555483129042,3.177990634048629,2.5078637352792326,3.3127253117760027,2.4757848289006956,#000000,0.16305937679375582,2.1623785166610046,-0.1679051962502852,57.08567537731936,8.39002329919154,True,False,True,False,True,0.0,0.0,0.0,0.0,0.0,0,0.8239277652370207,0.9322799097065463,False,False,False,False,-0.1314143046531773,-0.17559062075243287,False,False,False,False,-307567.0,-336081.26089281304,False,False,False,False,19921.980094223356,False,False,False,False
2025-06-27 17:00:00+00:00,2.155,2.16,2.115,2.145,16851.0,,1.9119893444400555,2.007395876407826,2.2241862291500594,2.505989915908639,2.6673794343491766,2.783938540874045,2.922658119981755,3.0587266595504783,1.9659679769919263,1.951316011323531,2.0281476837696553,2.235984945827885,2.6641779200435773,2.650825999636239,2.8555221634594714,3.1754401609562217,2.505989915908639,3.31004697419706,2.4756029364169088,#000000,0.16200258589863778,2.164235337620216,-0.11873475669240932,61.71944142198466,3.419927515737598,True,False,True,False,True,0.0,0.0,0.0,0.0,0.0,0,0.82614616432138,0.9287335451656832,False,False,False,False,-0.1376022899780366,-0.15659645536523475,False,False,False,False,-290716.0,-335377.92351462983,False,False,False,False,19874.367999739272,False,False,False,False
2025-06-30 17:00:00+00:00,2.095,2.115,2.075,2.085,4483.0,,1.912920310717584,2.007655010897132,2.223931836169865,2.5054292101957625,2.6668632165210266,2.7833740570351297,2.922020322538432,3.0580301207477687,1.9673160191283168,1.951837172792794,2.028323335225006,2.235714047746057,2.6635769673606133,2.6503014379709198,2.8549185427918715,3.174732174260577,2.5054292101957625,3.3093071455335754,2.4754339863811783,#000000,0.15939143838562447,2.164430447180563,-0.49833571981697466,61.21096806914013,3.419927515737598,True,False,True,False,True,0.0,0.0,0.0,0.0,0.0,0,0.8182228236355438,0.9291835814163284,False,False,False,False,-0.1587229319662941,-0.15765969366576443,False,False,False,False,-295199.0,-334754.9944678914,False,False,False,False,19635.742139278198,False,False,False,False
2025-07-01 17:00:00+00:00,2.045,2.12,2.045,2.095,31210.0,,1.9189694228867822,2.0093110292711995,2.222121559902782,2.501520657431578,2.6632638614334696,2.7794413475821345,2.9175804834813106,3.053183640874517,1.9756078562752328,1.9552348597521623,2.0294253386590815,2.2337914192998727,2.6593916594336666,2.6466441716868805,2.850715160918029,3.169806156300718,2.501520657431578,3.3041603132578445,2.474125539074339,#000000,0.15020781400245165,2.165352788229904,-0.4683696963245566,61.23976095526658,3.454690788818084,True,False,True,False,True,0.0,0.0,0.0,0.0,0.0,0,0.8125572868927591,0.9395050412465628,False,False,False,False,-0.1649608756891592,-0.16131028467746183,False,False,False,False,-263989.0,-333657.8472668388,False,False,False,False,19815.187997583962,False,False,False,False
2025-07-02 17:00:00+00:00,2.385,2.405,2.335,2.35,71471.0,,1.9517816987359629,2.02552468125163,2.226261266471587,2.49862886123825,2.6590625977081688,2.774131210587161,2.910915755353052,3.0453906952741407,2.0288268452723894,1.9775004293994745,2.0432694316869324,2.2375082628951546,2.654553538539841,2.6424960422565382,2.8446841101454403,3.1615307871528944,2.49862886123825,3.295177330882365,2.480129138373038,"rgba(38, 166, 154, 1.0)",0.14603149728125753,2.1830831009289,1.143019842833066,66.97331114262357,9.181395768703865,True,False,True,False,True,5.301369728136649,0.0,0.0,0.0,0.0,0,0.8175280898876408,0.9334831460674159,False,False,False,False,-0.023706119813274147,-0.09250820224536799,False,False,False,False,-192518.0,-331469.63258053124,False,False,False,False,20616.053299946998,False,False,False,False
2025-07-03 17:00:00+00:00,2.315,2.33,2.315,2.325,0.0,,1.9517816987359629,2.02552468125163,2.226261266471587,2.49862886123825,2.6590625977081688,2.774131210587161,2.910915755353052,3.0453906952741407,2.0288268452723894,1.9775004293994745,2.0432694316869324,2.2375082628951546,2.654553538539841,2.6424960422565382,2.8446841101454403,3.1615307871528944,2.49862886123825,3.295177330882365,2.480129138373038,"rgba(38, 166, 154, 1.0)",0.14096923183564583,2.1830831009289,1.0067225111686742,69.57780031328579,11.832731704475073,True,False,True,False,True,4.53570419339275,0.0,0.0,0.0,0.0,0,0.8044077134986227,0.9449035812672175,False,False,False,False,-0.03932084158940696,-0.06591452191738748,False,False,False,False,-192518.0,-329315.34370331373,False,False,False,False,20296.424566614485,False,False,False,False
2025-07-04 17:00:00+00:00,2.325,2.325,2.325,2.325,0.0,,1.9517816987359629,2.02552468125163,2.226261266471587,2.49862886123825,2.6590625977081688,2.774131210587161,2.910915755353052,3.0453906952741407,2.0288268452723894,1.9775004293994745,2.0432694316869324,2.2375082628951546,2.654553538539841,2.6424960422565382,2.8446841101454403,3.1615307871528944,2.49862886123825,3.295177330882365,2.480129138373038,"rgba(38, 166, 154, 1.0)",0.14082453461509215,2.1830831009289,1.0077569186292286,71.31412642706061,13.735209880894594,True,False,True,False,True,4.53570419339275,0.0,0.0,0.0,0.0,0,0.8081368469717986,0.9426722145168747,False,False,False,False,-0.023575819885356834,-0.04474517090137216,False,False,False,False,-192518.0,-327194.45465364994,False,False,False,False,19981.751317519687,False,False,False,False
2025-07-07 17:00:00+00:00,2.24,2.255,2.22,2.245,23318.0,,1.9585618896002446,2.0286822129271567,2.226391425033234,2.4968750500441548,2.657156174188802,2.771916563149427,2.908293904945519,3.042433247145756,2.037878265670131,1.9820913126731154,2.045895074747916,2.2375313718915963,2.652355009778633,2.6405824804229376,2.8422526686461898,3.158455983233019,2.4968750500441548,3.291900553724518,2.4804595396311147,#000000,0.13851815505300027,2.185420865286649,0.43011787653794986,68.51534907784384,13.735209880894594,True,False,True,False,True,2.0866786971769997,0.0,0.0,0.0,0.0,0,0.8128763316350164,0.9407132931912924,False,False,False,False,-0.06951654728670704,-0.0571308590940396,False,False,False,False,-215836.0,-325467.9669846011,False,False,False,False,20033.476103294575,False,False,False,False
2025-07-08 17:00:00+00:00,2.415,2.43,2.33,2.335,35213.0,,1.9725052032845074,2.035996675288805,2.2283464783135862,2.4955382837777442,2.6551627766684716,2.769384567560363,2.905106545172403,3.038697416854547,2.05776486985906,1.9919439715016443,2.05219946452777,2.2392919435525434,2.6500719476160426,2.638618046825604,2.839372179729866,3.154478032902562,2.4955382837777442,3.2875740764085286,2.48277990021472,"rgba(38, 166, 154, 1.0)",0.13990208931464296,2.1919445112059566,1.0225400456479843,68.71699811021765,13.735209880894594,True,False,True,False,True,4.575985361373238,0.0,0.0,0.0,0.0,0,0.8142076502732243,0.9307832422586519,False,False,False,False,0.005238116538951329,-0.025946371277544136,False,False,False,False,-180623.0,-323222.3085817391,False,False,False,False,20268.817559057446,False,False,False,False
2025-07-09 17:00:00+00:00,2.375,2.38,2.335,2.345,13806.0,,1.977559525468938,2.0386797336508065,2.229033867354918,2.4949753597146187,2.654357500122551,2.7683720303081736,2.903840282216206,3.037218755166726,2.0646457528507214,1.9955534049624326,2.054514101766103,2.2399061753401486,2.64915046504043,2.637822955492895,2.8382247471439803,3.152906369648949,2.4949753597146187,3.2858674798125986,2.483547564140537,"rgba(38, 166, 154, 1.0)",0.14181157400766084,2.1941887931262496,1.0634619066113997,69.06223372788254,13.735209880894594,True,False,True,False,True,4.847532908354914,0.0,0.0,0.0,0.0,0,0.8188940092165901,0.9345622119815669,False,False,False,False,-0.006547738290295101,-0.01624705478391962,False,False,False,False,-166817.0,-320797.42007659585,False,False,False,False,20168.618837211594,False,False,False,False
2025-07-10 17:00:00+00:00,2.465,2.475,2.4,2.43,29457.0,,1.990156374353634,2.045702562214599,2.2314227137783584,2.4944730449788346,2.653115872505291,2.7666499051207873,2.9015558013250375,3.0344592716368592,2.0821712632303817,2.0047226340398496,2.0606533880363602,2.242122694869422,2.6477409013504536,2.6366240045877243,2.8362038605317608,3.149913946878525,2.4944730449788346,3.2825640487796415,2.4861055149648674,"rgba(0, 255, 255, 0.75)",0.1460634195222413,2.200407043064081,1.5718717094731491,70.94355126078801,14.718270833728099,True,False,True,False,True,7.11778436927332,0.0,0.0,0.0,0.0,0,0.8240698208543872,0.9242076251722556,False,False,False,False,0.03537185853162893,0.009562401873854653,False,False,False,False,-137360.0,-317953.42906765634,False,False,False,False,20312.624746712187,False,False,False,False
2025-07-11 17:00:00+00:00,2.5,2.515,2.46,2.515,15282.0,,1.9972905982905984,2.049810512787958,2.2330091559422036,2.4944825351386455,2.6526578039492175,2.765928296505655,2.900534876038948,3.0331838644564195,2.0921031495906606,2.009990785153937,2.0642729033726495,2.2436142189260786,2.647226778046264,2.636196105047546,2.8353233266534263,3.1485043779847524,2.4944825351386455,3.280984303810857,2.48775808049281,"rgba(0, 255, 255, 0.75)",0.1558808738968786,2.204103588278861,1.994448734787113,73.50945232397292,17.521938934702447,True,False,True,False,True,9.287742367088804,0.0,0.0,0.0,0.0,0,0.8203950390445569,0.9242076251722554,False,False,False,False,0.06162548134411632,0.03559394160898549,False,False,False,False,-122078.0,-314916.60071001825,False,False,False,False,20234.63056459262,False,False,False,False
2025-07-14 17:00:00+00:00,2.505,2.53,2.465,2.525,10439.0,,2.0021447926927203,2.0526357011628256,2.2341226658392777,2.49451843588938,2.652366400573322,2.765455809725423,2.8998576399715392,3.0323322906176258,2.0987793736131786,2.013597642362164,2.0667673984265056,2.2446629246595657,2.6469007842949055,2.635926152597703,2.8347421459461666,3.147559723553995,2.49451843588938,3.2799225518418007,2.4888981176203933,"rgba(0, 255, 255, 0.75)",0.16550327287803415,2.206619627816057,1.9237104296938592,75.36369270618562,19.582426718449938,True,False,True,False,True,9.538950261116458,0.0,0.0,0.0,0.0,0,0.8128735632183912,0.9273563218390807,False,False,False,False,0.066885244715732,0.051239593162358744,False,False,False,False,-111639.0,-311765.0100013358,False,False,False,False,20082.760323281105,False,False,False,False
2025-07-15 17:00:00+00:00,2.535,2.59,2.535,2.57,12003.0,,2.0082454038899957,2.056253134910715,2.235663505598181,2.4947564192005425,2.6521663462976584,2.765036638105999,2.899196912305319,3.0314648104694975,2.1072554317917214,2.0181637285007272,2.069976844435357,2.246124641208381,2.646682958378378,2.635756595245545,2.8341947944396946,3.1465755203788253,2.4947564192005425,3.278797144773651,2.490469605322284,"rgba(0, 255, 0, 1.0)",0.17611416240100022,2.2099111538396716,2.044633101910509,77.24632846780426,21.6400478803984,True,False,True,False,True,10.668223092391816,0.0,0.0,0.0,0.0,0,0.8183486238532113,0.9215596330275232,False,False,False,False,0.10117713508775159,0.07620836412505516,False,False,False,False,-99636.0,-308476.18814085,False,False,False,False,19957.49272136977,False,False,False,False
2025-07-16 17:00:00+00:00,2.485,2.535,2.465,2.53,25841.0,,2.0196865614307242,2.063046786942895,2.238386590457021,2.4948664291320437,2.6514689429739238,2.7638936425049114,2.897550607627649,3.0293891984425088,2.122425150995274,2.026778450848444,2.075995666550214,2.2486916581900083,2.645904786108383,2.6351126765289177,2.832784694309227,3.1442685765929492,2.4948664291320437,3.276200499754125,2.4931406512271934,"rgba(0, 255, 255, 0.75)",0.1846213070775816,2.2157534087598645,1.702114432047015,76.21115634332165,21.6400478803984,True,False,True,False,True,9.348404660820872,0.0,0.0,0.0,0.0,0,0.8100456621004569,0.9246575342465754,False,False,False,False,0.06820075182002179,0.07220455797253847,False,False,False,False,-125477.0,-305638.99142548797,False,False,False,False,20048.709888480316,False,False,False,False
2025-07-17 17:00:00+00:00,2.685,2.775,2.665,2.77,28093.0,,2.0370301856909796,2.073835787045563,2.2437061846032473,2.496748761718231,2.651920896775045,2.76376162870438,2.896814146653044,3.0281279783234885,2.1465879159245276,2.040043457554471,2.0856762026065145,2.2537984404004314,2.6464630941993197,2.6356748563312666,2.832332329509185,3.142669002309104,2.496748761718231,3.274226638843319,2.4984494292718,"rgba(0, 255, 0, 1.0)",0.20251014878363008,2.2258183043488584,2.687182340834518,78.65916911426561,23.40469794087609,True,False,True,False,True,15.00713748476064,0.0,0.0,0.0,0.0,0,0.8168825368468069,0.9142474318892364,False,False,False,False,0.23291273041836888,0.15255864419545367,False,False,False,False,-97384.0,-302410.2318685037,False,False,False,False,20173.42756462791,False,False,False,False
2025-07-18 17:00:00+00:00,2.715,2.735,2.685,2.735,12234.0,,2.0441323787126113,2.0782999423069195,2.2459025949512648,2.497497413236166,2.6520739645267675,2.763665909147013,2.896459060244866,3.0275477954666785,2.1562174151667755,2.0455184491193577,2.0896875523125855,2.2559059214778685,2.646655106056757,2.6358736443914554,2.832099163011868,3.14194505571435,2.497497413236166,3.273342402624523,2.5005925853652067,"rgba(0, 255, 0, 1.0)",0.21626487346655046,2.2298778895053255,2.3356641436862895,78.72138021864106,23.747081019674226,True,False,True,False,True,13.867290456986357,0.0,0.0,0.0,0.0,0,0.822182308037719,0.9142343960484959,False,False,False,False,0.2921371537286522,0.22234789896205293,False,False,False,False,-109618.0,-299421.2050178292,False,False,False,False,20050.335664401122,False,False,False,False
2025-07-21 17:00:00+00:00,2.785,2.82,2.755,2.795,26790.0,,2.0607786020537944,2.088933569543896,2.251360964881732,2.499645603947743,2.6527665898757156,2.7637868568368806,2.8959972735194763,3.0265775786327165,2.178760665944392,2.0584489981814587,2.0992777988209355,2.2611597282986056,2.647488848757562,2.6366810707293706,2.8319114467007873,3.1406350999923065,2.499645603947743,3.27166465792842,2.5058881685448355,"rgba(0, 255, 0, 1.0)",0.2304961941019917,2.239612937894373,2.409528123748,79.45418941826743,24.784891330927167,True,False,True,False,True,15.192195077405888,0.0,0.0,0.0,0.0,0,0.8301036502929248,0.9008562415502479,False,False,False,False,0.3428281837082315,0.2825880413351422,False,False,False,False,-82828.0,-296063.17083150626,False,False,False,False,20154.826584332885,False,False,False,False
2025-07-22 17:00:00+00:00,2.925,3.01,2.915,2.99,9420.0,,2.067871150878933,2.0935469191152283,2.2538928971499486,2.5008614052942377,2.653328696574199,2.764122029779794,2.8961125114258897,3.0264988321095228,2.188555071536349,2.0639923350291425,2.1034584123757387,2.263608809993666,2.6481504921882317,2.6372970003119756,2.8321302200411447,3.1404142499438783,2.5008614052942377,3.271298947144476,2.508365064609243,"rgba(0, 255, 0, 1.0)",0.25018341019889034,2.24396247972806,2.9819623918262868,81.62099798280371,27.116991673944426,True,False,True,False,True,19.202548246101262,0.0,0.0,0.0,0.0,0,0.8354092526690393,0.8959074733096087,False,False,False,False,0.34282819382991003,0.31270811758252615,False,False,False,False,-73408.0,-292611.1526790798,False,False,False,False,19988.39516442075,False,False,False,False
2025-07-23 17:00:00+00:00,2.835,2.91,2.825,2.905,12188.0,,2.0759712520362994,2.098829115511002,2.2567275163721594,2.502120724591548,2.653844462806563,2.764363261280932,2.89608082560278,3.0262275111387282,2.199432078273859,2.0703511357991067,2.1082435202904084,2.2663455929041447,2.6487611291562323,2.6378730098519894,2.8322269788713457,3.1399746026671465,2.502120724591548,3.2706827421838547,2.51108579482214,"rgba(0, 255, 0, 1.0)",0.2667945864356299,2.2488046301306452,2.4595527916668436,79.78279465356812,27.116991673944426,True,False,True,False,True,16.47431094527578,0.0,0.0,0.0,0.0,0,0.8267195767195767,0.896384479717813,False,False,False,False,0.2862846223009624,0.2994963699417443,False,False,False,False,-85596.0,-289401.6154282413,False,False,False,False,19867.45880528244,False,False,False,False
2025-07-24 17:00:00+00:00,3.055,3.095,3.035,3.035,23363.0,,2.094338000558343,2.110983071854033,2.263595680688862,2.5056186291424187,2.655586571262889,2.7655184427241655,2.8966776412077353,3.026329296124063,2.2244758776683162,2.0848428326286244,2.1192960488050576,2.273001177213425,2.6508017742573564,2.6397620783439675,2.833086800718786,3.1397004946411045,2.5056186291424187,3.2700336310435913,2.5177259011149467,"rgba(0, 255, 0, 1.0)",0.28689235825520454,2.2602065257993385,2.7006417281824064,79.86886983816528,27.116991673944426,True,False,True,False,True,19.005157807091674,0.0,0.0,0.0,0.0,0,0.8347788378143973,0.8894189071986125,False,False,False,False,0.34282819851671126,0.32116228422922777,False,False,False,False,-62233.0,-285879.62139059417,False,False,False,False,19921.653242409844,False,False,False,False
2025-07-25 17:00:00+00:00,3.145,3.235,3.13,3.225,54865.0,,2.1408527813840164,2.142451720994251,2.282074898320204,2.5157355327001842,2.6610489786002174,2.7695055523567955,2.8993001844613735,3.0277327236210376,2.287006355127478,2.1219864241665505,2.148044159432618,2.2909509166744293,2.6571659882521472,2.6456225498310113,2.836352632672417,3.140128785605283,2.5157355327001842,3.269518743508925,2.5353725115125005,"rgba(0, 255, 0, 1.0)",0.31371592991860014,2.3259620957097997,2.8657706496558006,81.34380375259465,27.34303186158283,True,False,True,False,True,20.0,0.0,0.0,0.0,0.0,0,0.8473479948253559,0.8758085381630013,False,False,False,False,0.342828203069983,0.3319952436496054,False,False,False,False,-7368.0,-281561.61175663146,False,False,False,False,20463.41055648101,False,False,False,False
2025-07-28 17:00:00+00:00,2.965,2.98,2.91,2.935,24678.0,,2.1557690577510353,2.152737271454972,2.28789870706105,2.518521929050218,2.6623174612798404,2.7702186984301433,2.8994661240100426,3.0274149483886994,2.305413431849514,2.1341211371525435,2.15745636276753,2.2965894958177446,2.658650166095796,2.6470172214566072,2.8367764158461077,3.1394599060915693,2.518521929050218,3.26848708589737,2.540614270906463,"rgba(0, 255, 255, 0.75)",0.32686963266226504,2.329837732819725,1.8513872403850786,74.80073329266668,29.18808277374346,True,False,True,False,False,13.999723024982586,0.0,0.0,0.0,0.0,0,0.8419711129991506,0.8776550552251485,False,False,False,False,0.22505886565214073,0.2785270546508731,False,False,False,False,-32046.0,-277693.1526596295,False,False,False,False,20528.75302847355,False,False,False,False
2025-07-29 17:00:00+00:00,2.855,2.87,2.84,2.845,12811.0,,2.162433564699741,2.1573757812454133,2.290470993110707,2.519649482503339,2.6627607514772507,2.7703934672116928,2.899369130788458,3.0270787306148756,2.313271985844673,2.1395935981314906,2.161704277722212,2.2990752351243287,2.6591714755407985,2.6475164947681393,2.8368074561716106,3.1389572571827897,2.519649482503339,3.267807302043858,2.542851855133595,"rgba(0, 255, 255, 0.75)",0.3363660864952818,2.33137092639004,1.5269942310821065,68.67935414310668,23.75075721753798,True,False,True,False,False,11.634196277544671,0.0,0.0,0.0,0.0,0,0.8343922066920798,0.8835239305379077,False,False,False,False,0.18214385887980736,0.23033545676534023,False,False,False,False,-44857.0,-274083.2898276972,False,False,False,False,20409.09794276078,False,False,False,False
2025-07-30 17:00:00+00:00,2.785,2.805,2.69,2.71,24270.0,,2.172636532731267,2.1645479591683605,2.2942804923535554,2.5210215044448563,2.6630797309160035,2.770250172029395,2.898739683871098,3.0260239913388034,2.3244609488786447,2.1480737472907525,2.1682739645521747,2.302742409716007,2.659557490404642,2.647918969006633,2.8364069780094154,3.1376250502372405,2.5210215044448563,3.26616618700675,2.545977476559303,"rgba(38, 166, 154, 1.0)",0.3420990057421052,2.332479348102529,1.103542090332962,62.225874332003215,18.177563564314497,False,False,True,False,False,8.24750493782711,0.0,0.0,0.0,0.0,0,0.8322062552831783,0.8841927303465764,False,False,False,False,0.13172716585236177,0.181031311308851,False,False,False,False,-69127.0,-270905.6729311437,False,False,False,False,20468.956889384644,False,False,False,False
2025-07-31 17:00:00+00:00,2.675,2.695,2.635,2.645,28143.0,,2.1824694858038436,2.1715566363101604,2.2978625981866068,2.5220284987428516,2.6630555520359227,2.7697272096936305,2.8976768603590757,3.02449073904639,2.3344259833523173,2.1563640004164304,2.174700579596015,2.3061776362213564,2.6595503066236517,2.6479742320255912,2.8355983979610415,3.135799141068101,2.5220284987428516,3.2640029442670393,2.5487161160901866,"rgba(38, 166, 154, 0.5)",0.3460602197243752,2.3333911598572605,0.9004468655511026,56.87231135828217,13.684672459716289,False,True,True,False,False,6.678772129781944,0.0,0.0,0.0,0.0,0,0.8356747552149851,0.8842060451255854,False,False,False,False,0.09349501488710701,0.137263163097979,False,False,False,False,-97270.0,-268213.6469942268,False,False,False,False,20587.934301952322,False,False,False,False
2025-08-01 17:00:00+00:00,2.615,2.65,2.595,2.625,26742.0,,2.1907904074267517,2.177568745926666,2.300877462496071,2.5227295613727256,2.662864200522038,2.769080071080253,2.8965292014348734,3.0229074802790348,2.3423937166032767,2.1634636174557382,2.1802222401716023,2.3090625458843252,2.6593494729221328,2.6478506095168224,2.8346864803855154,3.133950730905776,2.5227295613727256,3.2618436467027805,2.5508954090239753,"rgba(38, 166, 154, 0.5)",0.3494344594361703,2.334571737522575,0.8311380135377757,52.9700232407076,10.450948706080425,False,True,False,False,False,6.198358229210889,0.0,0.0,0.0,0.0,0,0.827038626609442,0.8961373390557941,False,False,False,False,0.07391243718763774,0.10558780014280837,False,False,False,False,-124012.0,-265977.9625447039,False,False,False,False,20683.346173239883,False,False,False,False
2025-08-04 17:00:00+00:00,2.575,2.575,2.525,2.55,19307.0,,2.1956194138054053,2.1811129392126127,2.302532451050592,2.522865135002326,2.6624730285711604,2.7683831006654174,2.8954857573516004,3.0215637922400767,2.3464467039380312,2.1676604027670936,2.183479094931277,2.310634508283382,2.6589134324539847,2.6474974627490804,2.8338062023648156,3.1324340259555923,2.522865135002326,3.260115707722821,2.551931715708903,"rgba(38, 166, 154, 0.5)",0.35109844362674725,2.336410045991909,0.6083477665174685,49.10820156001555,7.103953367763445,False,True,False,True,False,4.411078012130098,0.0,0.0,0.0,0.0,0,0.8181429182712878,0.9007274283269149,False,False,False,False,0.04062890082372629,0.07310835048326733,False,False,False,False,-143319.0,-264076.2732029256,False,False,False,False,20662.007472879573,False,False,False,False
2025-08-05 17:00:00+00:00,2.635,2.715,2.635,2.705,32083.0,,2.206312958737727,2.1889571747594783,2.306708529986854,2.5241935893447947,2.662602025808984,2.767944610540428,2.894437797655812,3.019982165031453,2.3570846236767657,2.176828865878775,2.1907133966709034,2.314649740475242,2.6590851516905443,2.647721033885481,2.833045511092643,3.1305111835864925,2.5241935893447947,3.2578051815034756,2.555048647426399,"rgba(38, 166, 154, 1.0)",0.35541685967909736,2.3458499842618625,1.010503598682434,49.71688213757706,7.103953367763445,False,True,False,False,False,7.5423511993560055,0.0,0.0,0.0,0.0,0,0.8290089323692046,0.8877073585708207,False,False,False,False,0.09811253572417641,0.08561044310372187,False,False,False,False,-111236.0,-261706.6565641205,False,False,False,False,20839.077124462838,False,False,False,False
2025-08-06 17:00:00+00:00,2.645,2.645,2.605,2.64,17659.0,,2.211348185970115,2.192704176412988,2.3086398633599807,2.5246686172679853,2.6624995912182823,2.7675464828344096,2.893715114350271,3.018976042849138,2.361724451761248,2.1812066902118596,2.1941736840117536,2.316500469708249,2.658980150606279,2.647663075996851,2.8324758039461315,3.129330064938057,2.5246686172679853,3.256419981737103,2.556384529090225,"rgba(38, 166, 154, 0.5)",0.3580858395252114,2.347459911717757,0.8169551989828029,48.91084455762277,6.780213002362217,False,True,False,False,False,6.004726479590154,0.0,0.0,0.0,0.0,0,0.8247028862478778,0.8853989813242783,False,False,False,False,0.07506264298205864,0.08033654304289026,False,False,False,False,-128895.0,-259647.56111351398,False,False,False,False,20789.773603153335,False,False,False,False
2025-08-07 17:00:00+00:00,2.69,2.705,2.665,2.68,30150.0,,2.22073459652076,2.1997191073666453,2.312423009607829,2.525875576021362,2.6626107559513654,2.767133545649249,2.8927380298623104,3.017504084156858,2.370796316307326,2.1893542187353128,2.2006650216962385,2.320139696599772,2.659129337519988,2.647861152336408,2.831764745492586,3.1275403397311643,2.525875576021362,3.254269201429412,2.5591243458471986,"rgba(38, 166, 154, 0.5)",0.36204726932436904,2.3525332373141206,0.9044862105906184,49.20067176463529,6.6582256594386,False,True,False,False,False,6.802468976005944,0.0,0.0,0.0,0.0,0,0.8261238337574215,0.8833757421543681,False,False,False,False,0.10273423080055186,0.09153538692172106,False,False,False,False,-98745.0,-257152.94776291685,False,False,False,False,20934.89339225173,False,False,False,False
2025-08-08 17:00:00+00:00,2.795,2.82,2.765,2.815,25068.0,,2.2301569381800896,2.2067713064764565,2.3164820370599757,2.5275984519796517,2.663217579463726,2.767266996794662,2.89238129921128,3.016713883278592,2.380631814731628,2.1974827942840314,2.2072056579383474,2.3240654274436188,2.65984321142938,2.648560347367894,2.8316393264244684,3.1264511457182187,2.5275984519796517,3.2528561161634224,2.562279263611376,"rgba(38, 166, 154, 1.0)",0.36841256740212697,2.359799546852524,1.2355725440023304,51.93280391318922,6.6582256594386,False,True,True,False,True,9.414040735369653,0.0,0.0,0.0,0.0,0,0.832625318606627,0.8738317757009345,False,False,False,False,0.15273648032016174,0.1221359336209414,False,False,False,False,-73677.0,-254308.35942550728,False,False,False,False,20998.972564464882,False,False,False,False
2025-08-11 17:00:00+00:00,3.565,3.69,3.525,3.65,82750.0,3.621666666666667,2.301065898669255,2.2595937772103243,2.3513900717494964,2.549835692744017,2.6769909657208872,2.778567465199353,2.9015255574171195,3.023882947826635,2.4679080877468365,2.2574292298552043,2.2563891790633983,2.3581864821819885,2.675668067273672,2.6631024676384456,2.841803796687675,3.1318281661129705,2.549835692744017,3.256604723511548,2.653931442339055,"rgba(0, 255, 0, 1.0)",0.4030804806411255,2.5113678944339197,2.8248257116172244,61.045961429484194,3.4372343434769164,False,True,True,False,True,20.0,0.0,0.0,0.0,0.0,0,0.8431845597104947,0.8753518295134701,False,False,False,False,0.34282821475501557,0.23248207418797848,False,False,False,False,9073.0,-250224.92749642965,False,False,False,False,21956.352834783254,False,False,False,False
2025-08-12 17:00:00+00:00,3.645,3.66,3.515,3.64,33336.0,3.61688055981485,2.3272954462301065,2.2795285030308476,2.3647531668742476,2.5584052920679707,2.682332455577381,2.782947528609438,2.9050611042455325,3.0266440451054417,2.499235206790473,2.27989865091298,2.275019460203139,2.371255766816843,2.6817872255828847,2.668738972297995,2.8457391084547696,3.133888873284393,2.5584052920679707,3.258025447538096,2.664671256817605,"rgba(0, 255, 0, 1.0)",0.4335817929424366,2.535210144355667,2.5480540779787946,66.93985458676175,8.764600264243114,True,False,True,False,True,20.0,0.0,0.0,0.0,0.0,0,0.843074459567654,0.8799039231385108,False,False,False,False,0.33491668280757725,0.2836993784977779,False,False,False,False,-24263.0,-246721.6417988106,False,False,False,False,22132.781473003666,False,False,False,False
2025-08-13 17:00:00+00:00,3.485,3.515,3.455,3.465,32783.0,3.5863705562160924,2.3496235908250673,2.2967455253377405,2.376305571149404,2.5656944040272576,2.686812760961871,2.7865531185621517,2.907880546358404,3.0287447669560255,2.525062355567142,2.29923285603467,2.291147686637533,2.382551376206656,2.686911871439536,2.6734755055411377,2.848930695604815,3.1353577852302186,2.5656944040272576,3.258905410847545,2.6722000572150426,"rgba(0, 255, 0, 1.0)",0.4541855595706773,2.55171237363963,2.0108248866909433,67.74242409641786,9.451345564467083,True,False,True,False,True,18.008240693349666,0.0,0.0,0.0,0.0,0,0.8348587345801831,0.8822124950258654,False,False,False,False,0.2949743982400452,0.2893368883689115,False,False,False,False,-57046.0,-243780.93417402284,False,False,False,False,22297.90114008888,False,False,False,False
2025-08-14 17:00:00+00:00,3.405,3.48,3.355,3.355,14406.0,3.5696326953503807,2.358473441124805,2.3036436901452806,2.3809360313886185,2.5685777215238637,2.688564159244544,2.7879400899241835,2.9089346377617806,3.0294951662940144,2.5350499086062817,2.3069581853343677,2.2976208742308084,2.387077962612211,2.688912792294705,2.6753300012798467,2.8501423692907144,3.1358465640033026,2.5685777215238637,3.259146787200667,2.6748903700241007,"rgba(0, 255, 255, 0.75)",0.4696381298116451,2.5574502909048613,1.6982217977382013,66.4812253151805,9.451345564467083,False,False,True,False,True,15.64471142277284,0.0,0.0,0.0,0.0,0,0.8230890464933017,0.8857368006304176,False,False,False,False,0.26916895142148595,0.27925291989519874,False,False,False,False,-71452.0,-241109.16775272015,False,False,False,False,22175.546083653393,False,False,False,False
2025-08-15 17:00:00+00:00,3.415,3.425,3.325,3.325,11254.0,3.5560076644378116,2.3650321121094984,2.308785756153098,2.384388804101279,2.570712665799355,2.6898526115025367,2.788951259781627,2.909690466974627,3.030018273987403,2.542354269876458,2.3127083214877047,2.3024506963783797,2.3904529230337914,2.6903838465691567,2.676695495671222,2.851019077312551,3.136171196289871,2.570712665799355,3.259282365397171,2.676804437733316,"rgba(0, 255, 255, 0.75)",0.48325317446514227,2.5614524855452077,1.5800155173318335,65.14396736395767,9.451345564467083,False,False,True,False,True,15.008173913739196,0.0,0.0,0.0,0.0,0,0.8210070810385525,0.8961447678992919,False,False,False,False,0.2531008587973348,0.26617688934626677,False,False,False,False,-82706.0,-238653.30468678652,False,False,False,False,22006.219787782797,False,False,False,False
2025-08-18 17:00:00+00:00,3.355,3.365,3.29,3.295,26912.0,3.5240323221191323,2.3797290359209318,2.320400969901065,2.3921983886614897,2.5755038899188585,2.692722914069685,2.7911789325148284,2.9113207265389187,3.0311045708183433,2.558441095836125,2.325669128970584,2.31337514867343,2.3980858600875776,2.6936577284217935,2.6797405512082713,2.8529321721802114,3.1367987923181593,2.5755038899188585,3.259469326809149,2.6809936604799653,"rgba(38, 166, 154, 1.0)",0.49483628196197627,2.569896934899302,1.4653393284456366,63.720877898598715,9.451345564467083,False,False,True,False,False,14.367795771035162,0.0,0.0,0.0,0.0,0,0.8223710122095312,0.899960614415124,False,False,False,False,0.23529221400508052,0.25073455167567366,False,False,False,False,-109618.0,-236652.75732730143,False,False,False,False,22082.278395724148,False,False,False,False
2025-08-19 17:00:00+00:00,3.245,3.275,3.21,3.225,27034.0,3.490030163767006,2.392820370531528,2.3308868517581725,2.3992451732946796,2.5797424083256444,2.695213572249475,2.793060041570853,2.912624653907987,3.0318841428113132,2.572306172826436,2.3373319088663136,2.323258369863779,2.404970944402584,2.6964942704751538,2.682389819129621,2.854509368086987,3.1371464003030347,2.5797424083256444,3.2593949410703424,2.6843479195394453,"rgba(38, 166, 154, 1.0)",0.5038390276326083,2.576384585524152,1.2873465112925087,61.49776548408026,9.451345564467083,False,True,True,False,False,12.87915088107317,0.0,0.0,0.0,0.0,0,0.8157170923379174,0.906876227897839,False,False,False,False,0.203778593677691,0.2272565726766823,False,False,False,False,-136652.0,-235102.35798889364,False,False,False,False,22159.049273309818,False,False,False,False
2025-08-20 17:00:00+00:00,3.135,3.14,3.09,3.105,17961.0,3.462453889312709,2.400043163979861,2.3367785801792786,2.4031731035763566,2.581998360398058,2.6964766417545283,2.793951367529447,2.9131532428732414,3.032084658467906,2.5795336796584594,2.343862545477427,2.3288257819994658,2.408804964879627,2.697930177355957,2.6837422515300475,2.855209676824283,3.1370876140373953,2.581998360398058,3.2590754580693484,2.685594688225532,"rgba(38, 166, 154, 1.0)",0.5096949096282082,2.578759182700063,1.032462375745126,57.96115039911339,15.061361344575957,False,True,True,False,False,10.39098562520405,0.0,0.0,0.0,0.0,0,0.8194006309148265,0.9093059936908519,False,False,False,False,0.15722662384851765,0.19224159826259998,False,False,False,False,-154613.0,-233854.46096581002,False,False,False,False,22093.9632380647,False,False,False,False
2025-08-21 17:00:00+00:00,3.075,3.17,3.065,3.145,39803.0,3.415760955006131,2.415870204253918,2.3497701788016268,2.411906285810522,2.587069840807177,2.6993487286424123,2.7960013760049134,2.9144024527615935,3.0326085268615666,2.5953126492880303,2.3582248148631297,2.341118845025239,2.4173331717614057,2.7011912283802855,2.6868131921665315,2.856838087459935,3.1370346039349246,2.587069840807177,3.2584439050352194,2.689212067166432,"rgba(38, 166, 154, 1.0)",0.5165918457884731,2.6244812569796174,1.0076015470703297,56.240817383766945,13.14617246635207,False,True,True,False,False,11.007263703702343,0.0,0.0,0.0,0.0,0,0.8198269079464987,0.9047993705743509,False,False,False,False,0.1581323077983861,0.17518695303049303,False,False,False,False,-114810.0,-232008.81040820054,False,False,False,False,22368.521947552068,False,False,False,False
2025-08-22 17:00:00+00:00,3.195,3.265,3.195,3.21,21511.0,3.4023107175737883,2.4252647390821553,2.3574666711720385,2.4171653466242478,2.5902555382149908,2.701232535566471,2.7974196146262256,2.9153761978800894,3.033177730393652,2.604950669664037,2.3667185811704132,2.3484043792586546,2.422474998477627,2.7033287921343128,2.6888160418386153,2.8580224109745784,3.1372712004480547,2.5902555382149908,3.258353632083156,2.6923327155941146,"rgba(38, 166, 154, 1.0)",0.5243781216015985,2.631653082754405,1.1029196173920461,56.13940657374611,12.653980781788349,False,True,True,False,False,12.003646691102283,0.0,0.0,0.0,0.0,0,0.8324833267948215,0.892114554727344,False,False,False,False,0.1991791466139506,0.1871830498222218,False,False,False,False,-93299.0,-229858.2707119494,False,False,False,False,22355.227033636533,False,False,False,False
2025-08-25 17:00:00+00:00,3.295,3.3,3.245,3.255,17839.0,3.3948787889025733,2.4333054742481797,2.3640615411243022,2.4217069023457016,2.5930525134805253,2.7029133388411504,2.798707572719512,2.9162920524336156,3.033754182295713,2.6132664511935557,2.373986922349175,2.354650346935059,2.4269176445854046,2.7052348552741576,2.690599428056135,2.8591145929860073,3.137564726472614,2.5930525134805253,3.2583713194920403,2.69529454907314,"rgba(38, 166, 154, 1.0)",0.5325102206860836,2.637908839724405,1.1588343966065808,56.79455209176881,12.653980781788349,False,True,True,False,False,12.689029519884127,0.0,0.0,0.0,0.0,0,0.8339236521054703,0.8902007083825267,False,False,False,False,0.214852448482311,0.2010177491522664,False,False,False,False,-75460.0,-227464.49907300444,False,False,False,False,22285.20800985922,False,False,False,False
2025-08-26 17:00:00+00:00,3.225,3.23,3.19,3.22,18910.0,3.384913521761553,2.4411279834919535,2.370541735481222,2.426167855387497,2.5957595105415723,2.704516647851842,2.799910434513309,2.9171107045659705,3.03422292940937,2.6211551408418394,2.3811118066494266,2.3607973963197524,2.431280369676173,2.7070507153181924,2.6923039909254576,2.8601153150926972,3.137746485007637,2.5957595105415723,3.2582699689197505,2.6979901495785565,"rgba(38, 166, 154, 1.0)",0.5392088632415128,2.6424821030681334,1.0710467432973099,56.431805499934384,12.009802316875394,False,True,True,False,False,11.938342990206475,0.0,0.0,0.0,0.0,0,0.8372184907151323,0.8842354800474119,False,False,False,False,0.19183721093761866,0.19642748004494254,False,False,False,False,-94370.0,-225401.0184672214,False,False,False,False,22232.879203504814,False,False,False,False
2025-08-27 17:00:00+00:00,3.265,3.265,3.215,3.25,32222.0,3.3728037725531625,2.4546059341859547,2.3817439181794127,2.4339397709909396,2.6005395563666043,2.707385269198574,2.80209164187462,2.9186355397011505,3.035148888784144,2.6347871454047795,2.3934054223916292,2.371432988064895,2.438884769164493,2.7102967448282804,2.695348810834673,2.861951274954473,3.1381763229086514,2.6005395563666043,3.2582129132409343,2.703010457081555,"rgba(38, 166, 154, 1.0)",0.5455238989488275,2.6511212623327545,1.097804768629253,56.755181193470726,11.827893809568131,False,True,True,False,False,12.407011936487592,0.0,0.0,0.0,0.0,0,0.8440221694378465,0.8737133808392716,False,False,False,False,0.2028580296421046,0.19964275484352356,False,False,False,False,-62148.0,-222869.963917342,False,False,False,False,22387.749293372955,False,False,False,False
2025-08-28 17:00:00+00:00,3.425,3.455,3.42,3.425,20865.0,3.375980316208317,2.4651392865610666,2.390411733559404,2.440056990324538,2.6045011985913424,2.7098793412921722,2.8040959259074953,2.9201886936304833,3.0362873624284052,2.645958158258962,2.402918884842512,2.3796554715613403,2.444878583096171,2.7131195834257973,2.6979799805245954,2.863718388811237,3.1389523386736107,2.6045011985913424,3.2586450048932116,2.707866013982203,"rgba(38, 166, 154, 1.0)",0.5537548568107079,2.660823507707738,1.3799905913122914,59.82172197780676,11.827893809568131,False,True,True,False,True,15.058672182943724,0.0,0.0,0.0,0.0,0,0.8577059519117067,0.8691367757193537,False,False,False,False,0.2767771529007949,0.23820995387215924,False,False,False,False,-41283.0,-220054.66215118163,False,False,False,False,22364.14077719663,False,False,False,False
2025-08-29 17:00:00+00:00,3.365,3.435,3.355,3.425,45050.0,3.3789338418022936,2.4864829274800795,2.4081523474211206,2.4526431609795267,2.6126395599868877,2.714997696222736,2.808187382932992,2.9233269681519665,3.0385495590325986,2.668212321600841,2.422328640954247,2.396515751231288,2.4572127045612726,2.7189030425684706,2.7033810445309396,2.8673088252905328,3.140454079254785,2.6126395599868877,3.2594205651061574,2.7175429325883873,"rgba(38, 166, 154, 1.0)",0.5613452070174355,2.678355486394258,1.330098670607427,61.86608250069745,7.1432604405551885,False,True,True,False,True,15.058672182943724,0.0,0.0,0.0,0.0,0,0.8508287292817679,0.8693764798737175,False,False,False,False,0.26064590176838215,0.24942792782027068,False,False,False,False,-41283.0,-217283.00847441913,False,False,False,False,22715.85952483699,False,False,False,False
2025-09-01 17:00:00+00:00,3.425,3.425,3.425,3.425,0.0,3.3789338418022936,2.4864829274800795,2.4081523474211206,2.4526431609795267,2.6126395599868877,2.714997696222736,2.808187382932992,2.9233269681519665,3.0385495590325986,2.668212321600841,2.422328640954247,2.396515751231288,2.4572127045612726,2.7189030425684706,2.7033810445309396,2.8673088252905328,3.140454079254785,2.6126395599868877,3.2594205651061574,2.7175429325883873,"rgba(38, 166, 154, 1.0)",0.5677308793357618,2.678355486394258,1.3151381064199057,63.22898951595792,8.642152351066464,False,False,True,False,True,15.058672182943724,0.0,0.0,0.0,0.0,0,0.8511066398390342,0.8808853118712274,False,False,False,False,0.2720184181940788,0.26072317300717474,False,False,False,False,-41283.0,-214554.32617249014,False,False,False,False,22363.675656234864,False,False,False,False
2025-09-02 17:00:00+00:00,3.235,3.32,3.225,3.32,23810.0,3.3743090875828425,2.49599294687333,2.416212073488997,2.4583647702259137,2.6162508590571596,2.717220273624286,2.8099090558791806,2.924571482598382,3.0393569151453357,2.6776748790403637,2.4311042786165364,2.4041995773460374,2.4628176577284924,2.7214076942175582,2.7057332904578946,2.868779701283909,3.1408939383850853,2.6162508590571596,3.2595013160489263,2.7214587342089,"rgba(38, 166, 154, 1.0)",0.5710045281529535,2.684325310497272,1.1132568275053172,60.918720340024166,8.642152351066464,False,True,True,False,False,12.690476173146237,0.0,0.0,0.0,0.0,0,0.8484606157536986,0.8808476609356258,False,False,False,False,0.214852448482311,0.23778781074474287,False,False,False,False,-65093.0,-212237.09630935075,False,False,False,False,22386.09928947153,False,False,False,False
2025-09-03 17:00:00+00:00,3.385,3.395,3.34,3.36,17897.0,3.3739651066840373,2.503671470489976,2.4226978106070653,2.4630066839228824,2.619246774299081,2.719102329521594,2.8114011403636563,2.9256973420495744,3.040146156378539,2.6854689122957303,2.43816391309949,2.410381904783477,2.4673678231015117,2.723528519839242,2.707719996183371,2.8700793473672834,3.141393870351595,2.619246774299081,3.259722327636221,2.7248846530198887,"rgba(38, 166, 154, 1.0)",0.5730071772894568,2.689938481550141,1.1693771823583543,60.23864262511095,8.642152351066464,False,True,True,False,False,13.320960541939314,0.0,0.0,0.0,0.0,0,0.858974358974359,0.8754006410256412,False,False,False,False,0.2502787696234632,0.24403329018410302,False,False,False,False,-47196.0,-209678.31962238406,False,False,False,False,22316.500850875073,False,False,False,False
2025-09-04 17:00:00+00:00,3.305,3.35,3.3,3.335,11394.0,3.3729163077734095,2.5082845410068284,2.4266220336282296,2.465818113538104,2.6210484786233583,2.720227143144338,2.8122842533217858,2.9263515428990607,3.0405901420343753,2.6900766883065144,2.442427424273697,2.4141269669909677,2.470123462217497,2.7247946990274436,2.7089083809344214,2.8708421799837485,3.141658987560338,2.6210484786233583,3.2598137134794523,2.7268883144273013,"rgba(38, 166, 154, 1.0)",0.5737044708034142,2.69306629049308,1.118927500439307,59.00295625653218,8.642152351066464,False,True,True,False,False,12.754663830006468,0.0,0.0,0.0,0.0,0,0.8646464646464646,0.8755555555555556,False,False,False,False,0.23435905692029954,0.2391961735522013,False,False,False,False,-58590.0,-207335.86505459517,False,False,False,False,22147.15975241189,False,False,False,False
2025-09-05 17:00:00+00:00,3.465,3.55,3.445,3.54,38291.0,3.3828650183136464,2.5267990640056603,2.4421956596326777,2.477113997832397,2.6285890393714046,2.7251074875132946,2.8162766311433183,2.929530200934572,3.043016548256338,2.709401288286114,2.4593651625972544,2.4289714826515665,2.4812072442026203,2.7302921286764623,2.714041194311645,2.8744071821978463,3.1434140929989436,2.6285890393714046,3.260936024029334,2.7360349072309273,"rgba(38, 166, 154, 1.0)",0.5786507683497166,2.7089521022029026,1.4361821382648552,62.074669382763425,8.642152351066464,False,False,True,False,True,15.924074857048176,0.0,0.0,0.0,0.0,0,0.8677058353317346,0.8689048760991208,False,False,False,False,0.29979441716175453,0.2694952953569779,False,False,False,False,-20299.0,-204436.06869715956,False,False,False,False,22397.451849273722,False,False,False,False
