date,Close,High,Low,Open,Volume,aVWAP_peak_185,aVWAP_peak_176,aVWAP_peak_160,aVWAP_peak_152,aVWAP_peak_146,aVWAP_peak_133,aVWAP_peak_125,aVWAP_peak_104,aVWAP_peak_83,aVWAP_peak_76,aVWAP_peak_59,aVWAP_peak_54,aVWAP_peak_45,aVWAP_peak_33,aVWAP_peak_13,aVWAP_valley_170,aVWAP_valley_158,aVWAP_valley_149,aVWAP_valley_136,aVWAP_valley_129,aVWAP_valley_120,aVWAP_valley_93,aVWAP_valley_70,aVWAP_valley_63,aVWAP_valley_56,aVWAP_valley_50,aVWAP_valley_42,aVWAP_valley_28,aVWAP_valley_10,aVWAP_valley_4,aVWAP_OB_bull_170,aVWAP_OB_bull_120,aVWAP_OB_bull_93,aVWAP_OB_bear_33,Peaks_Valleys_avg,color,StDev,StDev_Mean,StdDev_ZScore,QQEMOD,QQE1_Value,QQE1_Above_Upper,QQE1_Below_Lower,QQE2_Above_Threshold,QQE2_Below_Threshold,QQE2_Above_TL,banker_RSI,OB,OB_High,OB_Low,OB_Mitigated_Index,TTM_squeeze_Active,VI_plus,VI_minus,VI_Regular_Bullish,VI_Regular_Bearish,VI_Hidden_Bullish,VI_Hidden_Bearish,Fisher,Fisher_Signal,Fisher_Regular_Bullish,Fisher_Regular_Bearish,Fisher_Hidden_Bullish,Fisher_Hidden_Bearish,OBV,OBV_Smoothed,OBV_Regular_Bullish,OBV_Regular_Bearish,OBV_Hidden_Bullish,OBV_Hidden_Bearish,Volume_MA,Vol_Regular_Bullish,Vol_Regular_Bearish,Vol_Hidden_Bullish,Vol_Hidden_Bearish
2021-12-31 00:00:00+00:00,106.3110727497,106.9198191533,100.2236087135,100.9121907111,409631,,,,,,,,,,,,,,,,,,,,,,,,,,,,,,,,,,,,#000000,,,,,,False,False,False,False,False,,0.0,0.0,0.0,0.0,0,,,False,False,False,False,,,False,False,False,False,0,0.0,False,False,False,False,409631.0,False,False,False,False
2022-01-07 00:00:00+00:00,110.2329963009,110.972573284,105.5226962598,107.3788738183,454778,,,,,,,,,,,,,,,,,,,,,,,,,,,,,,,,,,,,#000000,,,,100.0,,False,False,True,False,False,,0.0,0.0,0.0,0.0,0,,,False,False,False,False,,,False,False,False,False,454778,33687.259259259255,False,False,False,False,412975.22222222225,False,False,False,False
2022-01-14 00:00:00+00:00,110.0633456638,115.5420632963,105.2133333333,110.2729140978,571794,,,,,,,,,,,,,,,,,,,,,,,,,,,,,,,,,,,,#000000,,,,98.7344599119771,44.30506960389694,False,False,True,False,True,,0.0,0.0,0.0,0.0,0,,,False,False,False,False,,,False,False,False,False,-117016,22524.054869684493,False,False,False,False,424739.57613168727,False,False,False,False
2022-01-21 00:00:00+00:00,102.2394574599,111.5003863543,97.5501142622,110.3028524455,832129,,,,,,,,,,,,,,,,,,,,,,,,,,,,,,,,,,,,#000000,,,,79.0881049893037,34.522696108653804,False,False,True,False,False,,0.0,0.0,0.0,0.0,0,,,False,False,False,False,,,False,False,False,False,-949145,-49451.430676218064,False,False,False,False,454916.570492303,False,False,False,False
2022-01-28 00:00:00+00:00,99.3154788327,107.5485244554,95.8027127004,101.0519030004,907245,,,,,,,,,,,,,,,,,,,,,,,,,,,,,,100.88890532949999,,,,,100.88890532949999,#000000,,100.88890532949999,,63.208797600424674,20.196479727492815,False,False,True,False,False,,0.0,0.0,0.0,0.0,0,,,False,False,False,False,,,False,False,False,False,-1856390,-183298.7321076093,False,False,False,False,488422.38008546573,False,False,False,False
2022-02-04 00:00:00+00:00,105.3929634196,105.991730374,97.4136951911,97.6888286067,417534,,,,,,,,,,,,,,,,,,,,,,,,,,,,,,101.53308370511218,,,,,101.53308370511218,#000000,,101.53308370511218,,58.9553521525281,17.255547347076757,False,False,True,False,False,,0.0,0.0,0.0,0.0,0,,,False,False,False,False,,,False,False,False,False,-1438856,-276302.9741737123,False,False,False,False,483171.3889680238,False,False,False,False
2022-02-11 00:00:00+00:00,105.7222852446,109.1951335799,104.1205836416,105.033703247,451366,,,,,,,,,,,,,,,,,,,,,,,,,,,,,,102.75617480825761,,,,,102.75617480825761,#000000,,102.75617480825761,,56.19010178451266,15.516723875937117,False,False,True,False,False,,0.0,0.0,0.0,0.0,0,,,False,False,False,False,,,False,False,False,False,-987490,-328983.4946052892,False,False,False,False,480815.4342296517,False,False,False,False
2022-02-18 00:00:00+00:00,101.5808138101,107.134377312,100.2934648582,106.3110727497,387658,,,,,,,,,,,,,,,,,,,,,,,,,,,,,,102.8003744448161,,,,,102.8003744448161,#000000,,102.8003744448161,,51.40758876207658,11.635884157157534,False,False,False,False,False,,0.0,0.0,0.0,0.0,0,,,False,False,False,False,,,False,False,False,False,-1375148,-406477.1616715641,False,False,False,False,473914.8835459738,False,False,False,False
2022-02-25 00:00:00+00:00,101.700567201,102.9380189067,93.7170078093,101.3113686806,308909,,,,,,,,,,,,,,,,,,,,,,,,,,,,,,102.38205447241137,,,,,102.38205447241137,#000000,,102.38205447241137,,48.0977207703164,9.0375510787606,False,False,False,False,False,,0.0,0.0,0.0,0.0,0,,,False,False,False,False,,,False,False,False,False,-1066239,-455348.4089551519,False,False,False,False,461692.2255055313,False,False,False,False
2022-03-04 00:00:00+00:00,95.1340896013,102.6486148787,93.4307972051,99.3753555282,430434,,,,,,,,,,,,,,,,,,,,,,,,,,,,,,101.59463749785924,,,,,101.59463749785924,#000000,,101.59463749785924,,42.71738989532195,4.325291117966714,False,False,False,True,False,,0.0,0.0,0.0,0.0,0,,,False,False,False,False,,,False,False,False,False,-1496673,-532483.5638473629,False,False,False,False,459376.8013940105,False,False,False,False
2022-03-11 00:00:00+00:00,100.3832799014,102.3791697493,92.2200904233,94.744891081,437624,,,,,,,,,,,,,,,,,,,,,,,,,,,,,98.327513358,101.16666073364567,,,,,99.74708704582284,#000000,,99.74708704582284,,42.613722596851986,4.325291117966714,False,False,False,True,False,,0.0,0.0,0.0,0.0,0,,,False,False,False,False,,,False,False,False,False,-1059049,-571488.4109697804,False,False,False,False,457765.4827722319,False,False,False,False
2022-03-18 00:00:00+00:00,103.9958405261,106.3310316482,100.3932593506,101.7903822441,428982,,,,,,,,,,,,,,,,,,,,,,,,,,,,,100.92428876912109,101.44053499180131,,,,,101.1824118804612,#000000,,101.1824118804612,,44.51703400972216,4.325291117966714,False,False,False,True,False,,0.0,0.0,0.0,0.0,0,,,False,False,False,False,,,False,False,False,False,-630067,-575827.5657127596,False,False,False,False,455633.37293725176,False,False,False,False
2022-03-25 00:00:00+00:00,103.4469708179,106.5206411837,99.5949034114,103.6964570489,351227,,,,,,,,,,,,,,,,,,,,,,,,,,,,,101.57700773426258,101.58942754461992,,,,,101.58321763944124,#000000,,101.58321763944124,,45.60666786144144,4.325291117966714,False,False,False,True,False,,0.0,0.0,0.0,0.0,0,,,False,False,False,False,,,False,False,False,False,-981294,-605862.1164007033,False,False,False,False,447899.5675344924,False,False,False,False
2022-04-01 00:00:00+00:00,100.9720674065,107.1293875873,99.7944923962,103.2174434854,832596,,,,,,,,,,,,,,,102.63198246333333,,,,,,,,,,,,,,102.00539015546586,101.76465998888514,,,,,102.1340108692281,#000000,,102.1340108692281,,45.2145537861504,4.325291117966714,False,False,False,True,False,,0.0,0.0,0.0,0.0,0,,,False,False,False,False,,,False,False,False,False,-1813890,-695345.6633339846,False,False,False,False,476395.5995689744,False,False,False,False
2022-04-08 00:00:00+00:00,92.0604192355,101.5508754624,90.3140156186,101.5508754624,460908,,,,,,,,,,,,,,,99.78486888855952,,,,,,,,,,,,,,100.65393816396107,101.15832381045938,,,,,100.53237695432665,#000000,,100.53237695432665,,41.82010483550248,3.6497267778619005,False,False,False,True,False,,0.0,0.0,0.0,0.0,0,,,False,False,False,False,,,False,False,False,False,-2274798,-812342.1327166524,False,False,False,False,475248.3699712726,False,False,False,False
2022-04-15 00:00:00+00:00,95.1939662968,97.1748869708,90.6199855323,91.9706041924,296287,,,,,,,,,,,,,,,98.76818089547365,,,,,,,,,,,,,,99.98653563797579,100.80403563922135,,,,,99.85291739089025,#000000,,99.85291739089025,,41.013584411481396,2.6048450592593184,False,False,False,True,False,,0.0,0.0,0.0,0.0,0,,,False,False,False,False,,,False,False,False,False,-1978511,-898725.0117746781,False,False,False,False,461991.97219562274,False,False,False,False
2022-04-22 00:00:00+00:00,94.8347061241,104.6237474723,93.0932922318,94.0862474312,509888,,,,,,,,,,,,,,,98.4644033363889,,,,,,,,,,,,,,99.60701634025313,100.53462792301809,,,,,99.5353491998867,#000000,,99.5353491998867,,40.32242920895209,1.5878785930828414,False,False,False,True,False,,0.0,0.0,0.0,0.0,0,,,False,False,False,False,,,False,False,False,False,-2488399,-1016478.6405321094,False,False,False,False,465539.8261070581,False,False,False,False
2022-04-29 00:00:00+00:00,88.8669954788,94.1261652281,85.1945581587,94.1261652281,505604,,,,,,,,,,,,,,,96.70449150286296,,,,,,,,,,,,,,98.25660529162428,99.69734531147516,,,,,98.21948070198748,#000000,,98.21948070198748,,38.11663275539315,-0.9227602622789988,False,False,False,True,False,,0.0,0.0,0.0,0.0,0,,,False,False,False,False,,,False,False,False,False,-2994003,-1162961.9264186197,False,False,False,False,468507.5426917205,False,False,False,False
2022-05-06 00:00:00+00:00,90.3838717633,94.4055898068,87.958865598,88.9967283189,370984,,,,,,,,,,,,,,,95.98298457030126,,,,,,,,,,,,,,97.60731065023172,99.23833654230063,,,,,97.60954392094455,#000000,,97.60954392094455,,37.32228198497004,-2.0783244229238136,False,False,False,True,False,,0.0,0.0,0.0,0.0,0,,,False,False,False,False,,,False,False,False,False,-2623019,-1271114.3022394625,False,False,False,False,461283.57656640786,False,False,False,False
2022-05-13 00:00:00+00:00,80.0351829018,90.832946979,73.1094451295,89.2661734484,1062319,,,,,,,,,,,,,,,92.12754019365997,,,,,,,,,,,,,,94.31683929698005,96.90625561214998,,,,,94.45021170092998,#000000,,94.45021170092998,,34.44570261829236,-5.239760382251461,False,False,False,True,False,,0.0,0.0,0.0,0.0,1,,,False,False,False,False,,,False,False,False,False,-3685338,-1449945.6872587616,False,False,False,False,505804.7190429702,False,False,False,False
2022-05-20 00:00:00+00:00,73.5585203453,82.9691409782,72.3909247842,79.2268475134,597147,,,,,,,,,,,,,,,90.08953054170809,,,,,,,,,,,,,,92.47949741179038,95.50147443699234,,,,,92.69016746349693,#000000,,92.69016746349693,,31.355545649307984,-8.540182361358639,False,False,False,True,False,,0.0,0.0,0.0,0.0,0,,,False,False,False,False,,,False,False,False,False,-4282485,-1659763.4141284828,False,False,False,False,512570.8139286761,False,False,False,False
2022-05-27 00:00:00+00:00,77.4006083025,77.8995807645,71.672404439,74.4666502261,402235,,,,,,,,,,,,,,,88.93726929911676,,,,,,,,,,,,,,91.39787995116417,94.62998467724867,,,,,91.65504464250988,#000000,,91.65504464250988,,30.848735959105237,-9.338139294837028,False,False,False,True,False,,0.0,0.0,0.0,0.0,0,,,False,False,False,False,,,False,False,False,False,-3880250,-1824243.9019708172,False,False,False,False,504397.7906747001,False,False,False,False
2022-06-03 00:00:00+00:00,75.4246773531,77.7299301274,74.6263214139,76.3228277846,280543,,,,,,,,,,,,,,,88.25099702678811,,,,,,,,,,,,,,90.733861392237,94.07412857912239,,,,,91.01966233271582,#000000,,91.01966233271582,,30.13873499434456,-10.385551764127413,False,False,False,True,False,,0.0,0.0,0.0,0.0,0,,,False,False,False,False,,,False,False,False,False,-4160793,-1997321.6129359417,False,False,False,False,487815.95432842604,False,False,False,False
2022-06-10 00:00:00+00:00,73.6084175915,79.1569913687,72.5655651459,77.0513275791,431003,,,,,,,,,,,,,,,87.26592782024538,,,,,,,,,,,,,,89.76738287694447,93.24605886037206,,,,,90.09312318585397,#000000,,90.09312318585397,,29.315786777081897,-11.569883703312968,False,False,False,True,False,,0.0,0.0,0.0,0.0,0,,,False,False,False,False,,,False,False,False,False,-4591796,-2189504.900866613,False,False,False,False,483607.58734113525,False,False,False,False
2022-06-17 00:00:00+00:00,69.9359802713,71.92189067,66.7525359638,71.3929798603,482877,,,,,,,,,,,,,,,85.89229979481844,,,,,,,,,,,,,,88.4561629651093,92.14026869936343,,,,,88.82957715309705,#000000,,88.82957715309705,,28.121654071985795,-13.117808086940165,False,False,False,True,False,,0.0,0.0,0.0,0.0,0,,,False,False,False,False,,,False,False,False,False,-5074673,-2403221.0563579747,False,False,False,False,483553.4697603104,False,False,False,False
2022-06-24 00:00:00+00:00,72.2013152487,73.089486231,68.9579942458,71.3929798603,447076,,,,,,,,,,,,,,,84.9233770313988,,,,,,,,,,,,,,87.49151310825552,91.28241481353514,,,,,87.89910165106316,#000000,,87.89910165106316,,28.315393793945873,-13.321228381577548,False,False,False,True,False,,0.0,0.0,0.0,0.0,0,,,False,False,False,False,-0.3126850482619799,-0.3126850482619799,False,False,False,False,-4627597,-2567989.644775903,False,False,False,False,480851.4349632504,False,False,False,False
2022-07-01 00:00:00+00:00,69.8162268804,73.5385614468,66.9122071517,72.9198355939,341939,,,,,,,,,,,,,,,84.20095013241973,,,,,,,,,,,,,,86.76928640199814,90.63202842110309,,,,,87.20075498517366,#000000,,87.20075498517366,,28.02331605758142,-14.03208653294945,False,False,False,True,False,,0.0,0.0,0.0,0.0,0,0.8420837258352086,1.142078873915265,False,False,False,False,-0.326882420278887,-0.31978373427043344,False,False,False,False,-4969536,-2745881.9673850955,False,False,False,False,470561.6249659726,False,False,False,False
2022-07-08 00:00:00+00:00,64.926296753,68.548836827,64.7466666667,68.548836827,490880,,,,,,,,,,,,,,,83.01646514795976,,,,,,,,,,,,,,85.60562129342637,89.59576923880837,,,,,86.07261856006483,#000000,,86.07261856006483,,27.01094036402766,-15.433861020525022,False,False,False,True,False,,0.0,0.0,0.0,0.0,0,0.8016865583833781,1.1780515394857627,False,False,False,False,-0.34282825441539394,-0.3313059943429137,False,False,False,False,-5460416,-2946958.562393607,False,False,False,False,472066.68978330796,False,False,False,False
2022-07-15 00:00:00+00:00,65.3354541718,65.7745499383,60.385647349,64.6468721743,562640,,,,,,,,,,,,,,,81.6797330418659,,,,,,,,,,,,,63.831883819699996,84.28730714665711,88.4071905730835,,,,,79.55152864532663,#000000,,79.55152864532663,,26.48536871181612,-16.346873903045555,False,False,False,True,False,,0.0,0.0,0.0,0.0,0,0.778032280327689,1.2167129353560429,False,False,False,False,-0.34282825441539394,-0.3370671243791538,False,False,False,False,-4897776,-3091463.5577718583,False,False,False,False,478775.8238734333,False,False,False,False
2022-07-22 00:00:00+00:00,70.0657131114,73.9077012741,65.1558240855,66.5828853268,790435,,,,,,,,,,,,,,,80.61248980345304,,,,,,,,,,,,,67.26559452796357,83.14455273561833,87.26913978456056,,,,,79.57294421289888,#000000,,79.57294421289888,,28.28763858009685,-16.346873903045555,False,False,False,True,False,,0.0,0.0,0.0,0.0,0,0.8323907084112256,1.1634689558995417,False,False,False,False,-0.2366059267424954,-0.2868365255608246,False,False,False,False,-4107341,-3166713.7386776465,False,False,False,False,501861.68877169746,False,False,False,False
2022-07-29 00:00:00+00:00,69.2374188245,73.8778627209,67.945080148,71.3131442663,552140,,,,,,,,,,,,,,,80.01101133427665,,,,,,,,,,,,,68.16047026244051,82.48049485908028,86.57926715443399,,,,,79.30781090255786,#000000,,79.30781090255786,,29.39928155446575,-16.346873903045555,False,False,False,True,False,,0.0,0.0,0.0,0.0,0,0.8500531901730154,1.1487345686655608,False,False,False,False,-0.21462716976765767,-0.25073184766424117,False,False,False,False,-4659481,-3277289.091368191,False,False,False,False,505586.0081219421,False,False,False,False
2022-08-05 00:00:00+00:00,74.6462803124,75.6741635841,67.9600493218,68.967973695,593386,,,,,,,,,,,,,,,79.58122413806485,,,,,,,,,,,,,69.2528391957474,81.96682028119676,85.99901383874143,,,,,79.1999743634376,#000000,,79.1999743634376,,32.44072544463883,-16.346873903045555,False,False,False,True,True,,0.0,0.0,0.0,0.0,0,0.84146088760952,1.1326778616306559,False,False,False,False,-0.2003118933429508,-0.22552187050359598,False,False,False,False,-4066095,-3335719.158674251,False,False,False,False,512089.7112240205,False,False,False,False
2022-08-12 00:00:00+00:00,79.2767447596,79.3266420058,72.1514180025,74.4866091245,327103,,,,,,,,,,,,,,,79.49696589657866,,,,,,,,,,,,,70.14018792083853,81.82391427501194,85.7935815480738,,,,,79.31366241012573,#000000,,79.31366241012573,,36.260293785267606,-20.150936184378647,False,False,False,True,True,,0.0,0.0,0.0,0.0,0,0.8307058520939946,1.1290913981853643,False,False,False,False,-0.12503321894739913,-0.17527754472549756,False,False,False,False,-3738992,-3365591.2209946765,False,False,False,False,498386.9918740931,False,False,False,False
2022-08-19 00:00:00+00:00,77.9993752569,80.2048335388,77.1660912454,78.6480394575,371043,,,,,,,,,,,,,,78.45676668036666,79.46092542142269,,,,,,,,,,,,,71.1054843089079,81.71916282186741,85.6100163696398,,,,78.45676668036666,79.2704711204409,#000000,,77.68558480814117,,38.626872505714076,-17.80666452160152,False,False,False,True,True,,-1.0,80.204834,77.16609,0.0,0,0.871876664813762,1.1167969617263915,False,False,False,False,-0.0750870481694986,-0.12518229644749806,False,False,False,False,-4110035,-3420735.2046247004,False,False,False,False,488954.1035871232,False,False,False,False
2022-08-26 00:00:00+00:00,74.1572872996,78.2488614879,73.9377394164,77.0313686806,292816,,,,,,,,,,,,,,77.12963857609475,79.35411976701906,,,,,,,,,,,,,71.46987009667193,81.56888823004552,85.4132534429446,,,,77.12963857609475,78.98715402255517,#000000,,77.38062916745781,,39.276590554424104,-17.109032753656606,False,False,False,True,True,,0.0,0.0,0.0,0.0,0,0.8858768343331384,1.10821404182578,False,False,False,False,-0.11785514087585673,-0.1215187186616774,False,False,False,False,-4402851,-3493484.5228006486,False,False,False,False,474425.3551732622,False,False,False,False
2022-09-02 00:00:00+00:00,70.1156103576,73.6183970407,69.8561446774,73.1593423757,246779,,,,,,,,,,,,,,75.5218423221054,79.17515788749425,,,,,,,,,,,,,71.45182882540797,81.36356661106377,85.18498849392105,,,,75.5218423221054,78.53947682799848,#000000,,76.87809891151785,,38.75452493343783,-17.109032753656606,False,False,False,True,True,,0.0,0.0,0.0,0.0,0,0.8633900494237392,1.1311103789132657,False,False,False,False,-0.19078907318756075,-0.1561538959246191,False,False,False,False,-4649630,-3579124.928519119,False,False,False,False,457562.66219746496,False,False,False,False
2022-09-09 00:00:00+00:00,72.4009042335,73.089486231,68.1296999589,71.383000411,166364,,,,,,,,,,,,,,74.85528379357723,79.0590242047845,,,,,,,,,,,,,71.44137937239323,81.22980892123984,85.03530460753443,,,,74.85528379357723,78.32416017990586,#000000,,76.64637407299871,,39.25084522380128,-16.873304762766928,False,False,False,True,True,,0.0,0.0,0.0,0.0,0,0.8567304955892102,1.1362225745697432,False,False,False,False,-0.20997032423390516,-0.18306211007926212,False,False,False,False,-4483266,-3646098.341221406,False,False,False,False,435992.3909235787,False,False,False,False
2022-09-16 00:00:00+00:00,69.0677681874,73.548540896,68.2394739005,72.4408220304,287654,,,,,,,,,,,,,,73.89197484377053,78.84336288490412,,,,,,,,,,,,,71.36201576739602,80.98614589688292,84.76716699397082,,,,73.89197484377053,77.97013327738489,#000000,,76.2708748482384,,38.788165197585826,-16.873304762766928,False,False,False,True,True,,0.0,0.0,0.0,0.0,0,0.8123342625956103,1.1557897599792506,False,False,False,False,-0.20511873152558008,-0.19409042080242112,False,False,False,False,-4770920,-3729418.464093894,False,False,False,False,425004.3619662766,False,False,False,False
2022-09-23 00:00:00+00:00,66.1637484587,70.7842334566,65.3753719688,68.1396794081,277928,,,,,,,,,,,,,,72.80047891320457,78.57885109046849,,,,,,,,,,,,,71.1181354970477,80.70091885970622,84.46810303687714,,,,72.80047891320457,77.53329747946083,#000000,,75.79959609010675,,37.79257660246369,-16.873304762766928,False,False,False,True,True,,0.0,0.0,0.0,0.0,1,0.7994158542103843,1.1733240089414223,False,False,False,False,-0.25358424646116556,-0.22383733363179334,False,False,False,False,-5048848,-3827153.9852721244,False,False,False,False,414109.8166354413,False,False,False,False
2022-09-30 00:00:00+00:00,64.2277353062,67.3163748459,64.1279408138,65.8643649815,226638,,,,,,,,,,,,,,71.88185385012433,78.33090644175003,,,,,,,,,,,,,70.83360891867139,80.43964196370652,84.20099192984748,,,,71.88185385012433,77.13740062081993,#000000,,75.37150279356305,,36.65461562273545,-16.873304762766928,False,False,False,True,True,,0.0,0.0,0.0,0.0,0,0.7865993124251968,1.2002946748058223,False,False,False,False,-0.2890522486133692,-0.2564447911225813,False,False,False,False,-5275486,-3934437.83821493,False,False,False,False,400223.01540318644,False,False,False,False
2022-10-07 00:00:00+00:00,63.2896670777,68.3492478422,62.8405918619,64.8115330867,226871,,,,,,,,,,,,,,71.1182166114775,78.0845064715245,,,,,,,,,,,,,70.5567104007879,80.18017885116001,83.93548341977655,,,,71.1182166114775,76.77501915094528,#000000,,74.98490308373748,,35.63413936056595,-16.873304762766928,False,False,False,True,False,,0.0,0.0,0.0,0.0,0,0.8271107309077917,1.1685394887565226,False,False,False,False,-0.29160285490311477,-0.274023823012848,False,False,False,False,-5502357,-4050579.9983471576,False,False,False,False,387382.12537332077,False,False,False,False
2022-10-14 00:00:00+00:00,65.8244471845,68.1296999589,62.4513933416,63.5291738594,257661,,,,,,,,,,,,,,70.49975429353998,77.82838332829658,,,,,,,,,,,,,70.3035893400626,79.90765996670123,83.65247049332865,,,,70.49975429353998,76.43837148438581,#000000,,74.6348467321501,,36.02536235382334,-16.873304762766928,False,False,False,True,False,,0.0,0.0,0.0,0.0,0,0.8221646795196134,1.1451230325036774,False,False,False,False,-0.29771937681833616,-0.2858715999155921,False,False,False,False,-5244696,-4139033.0355066275,False,False,False,False,377773.15312344517,False,False,False,False
2022-10-21 00:00:00+00:00,60.4056062474,68.049864365,59.1681545417,67.4910152076,486905,,,,,,,,,,,,,,69.13561456548965,77.26357566736624,,,,,,,,,,,,62.541208384700006,69.63657557848911,79.32030729904712,83.05828551565156,,,,69.13561456548965,73.4925945017906,#000000,,69.64424354901125,,35.05392188354181,-16.873304762766928,False,False,False,True,False,,0.0,0.0,0.0,0.0,0,0.7852151016724288,1.1920730606162915,False,False,False,False,-0.3289512625129444,-0.3074114312142682,False,False,False,False,-5731601,-4257001.032876507,False,False,False,False,385856.99363281956,False,False,False,False
2022-10-28 00:00:00+00:00,66.4830908344,66.4830908344,59.9764899301,60.5752568845,402695,,,,,,,,,,,,,,68.53699044749014,76.87961961533411,,,,,,,,,,,,63.34379884036874,69.28342614034895,78.91198224367747,82.63189289441843,,,,68.53699044749014,73.2646183636063,#000000,,69.51095876088549,,36.75622049524752,-16.873304762766928,False,False,False,True,False,,0.0,0.0,0.0,0.0,1,0.8380692839024702,1.1460031046778927,False,False,False,False,-0.33888809956689353,-0.3231497653905809,False,False,False,False,-5328906,-4336401.400811581,False,False,False,False,387104.25336372183,False,False,False,False
2022-11-04 00:00:00+00:00,68.4789806823,68.6386518701,65.1658035347,65.8643649815,299839,,,,,,,,,,,,,,68.44312738448124,76.67545686242833,,,,,,,,,,,,64.37331479745104,69.19606635426311,78.68392750732984,82.37865795504857,,,,68.44312738448124,73.29175847683369,#000000,,69.67199134965594,,38.67935482433758,-16.212968943323915,False,False,False,True,True,,0.0,0.0,0.0,0.0,0,0.8500336978764628,1.1371260902666656,False,False,False,False,-0.199053920697116,-0.2611018430438484,False,False,False,False,-5029067,-4387709.963714427,False,False,False,False,380640.16052196466,False,False,False,False
2022-11-11 00:00:00+00:00,70.674459515,71.842055076,66.0539745171,68.5687957254,316895,,,,,,,,,,,,,69.52349636936665,68.53182057734764,76.51582817744374,,,,,,,,,,,,65.45678419350278,69.21158597177981,78.49562239675512,82.15628098276802,,,,68.53182057734764,72.8416312384234,#000000,,68.18092177799923,,40.813911796808085,-14.071425716473648,False,False,False,True,True,,0.0,0.0,0.0,0.0,1,0.9427093314166997,1.1029773244335597,False,False,False,False,-0.08201070776158476,-0.1715562754027166,False,False,False,False,-4712172,-4411744.18862447,False,False,False,False,375918.2967795969,False,False,False,False
2022-11-18 00:00:00+00:00,67.1417344842,71.6624249897,66.1238306617,69.9060419236,315583,,,,,,,,,,,,,68.91767252872795,68.51500550029614,76.3373872382439,,,,,,,,,,,,65.95088737027547,69.1709172985438,78.29127939543683,81.92177887713409,,,,68.51500550029614,72.72927545837975,#000000,,68.13862067446084,,41.347832385785054,-13.485021660051821,False,False,False,True,True,,0.0,0.0,0.0,0.0,1,0.9461443099233087,1.0537184781279967,False,False,False,False,-0.0843481497387469,-0.12795221257073175,False,False,False,False,-5027755,-4457374.619096731,False,False,False,False,371449.0155366638,False,False,False,False
2022-11-25 00:00:00+00:00,67.2914262228,68.009946568,66.1936868064,66.6826798192,112240,,,,,,,,,,,,,68.65352189064143,68.47966838914263,76.26699796691692,,,,,,,,,,,,66.02134402466815,69.13926785900306,78.21245887436433,81.83342824857938,,,,68.47966838914263,72.65809817904513,#000000,,68.07345054086382,,41.78487839486293,-12.956180605366725,False,False,False,True,True,,0.0,0.0,0.0,0.0,1,0.9500494906248118,1.0453516664445974,False,False,False,False,-0.16129317740773064,-0.1446226949892312,False,False,False,False,-4915515,-4491310.943608084,False,False,False,False,352248.34771913313,False,False,False,False
2022-12-02 00:00:00+00:00,61.3636333744,67.0120016441,61.1740238389,67.0120016441,457230,,,,,,,,,,,,,66.57257803316868,67.96931574185325,75.87037633882412,,,,,,,,,,,,65.47869842947897,68.77956112392717,77.79089981413519,81.38938606741911,,,,67.96931574185325,71.97868793554377,#000000,,67.20003833210701,,40.55273485856923,-12.956180605366725,False,False,False,True,True,,0.0,0.0,0.0,0.0,1,0.8938070752336369,1.0482128347278734,False,False,False,False,-0.2954689964506117,-0.22004584571992145,False,False,False,False,-5372745,-4556602.355192671,False,False,False,False,360024.76640660473,False,False,False,False
2022-12-09 00:00:00+00:00,57.3718536786,61.1440854912,54.9967447596,60.8746403617,662741,,,,,,,,,,,,,63.46801007665579,66.72765975452708,75.11137830650489,,,,,,,,,,,,63.820583623605344,67.8988134279883,77.01135928842446,80.60371752378886,,,,66.72765975452708,70.6630745716421,#000000,,65.47876672069413,,38.78004640666566,-12.956180605366725,False,False,False,True,False,0.0,0.0,0.0,0.0,0.0,0,0.8639122100204598,1.0974781263952074,False,False,False,False,-0.34282825441539394,-0.2814370500676577,False,False,False,False,-6035486,-4666149.291845066,False,False,False,False,382448.19111722655,False,False,False,False
2022-12-16 00:00:00+00:00,55.3859432799,60.9145581587,53.5597040691,57.182244143,751498,,,,,,,,,,,,,61.500943350521595,65.49444559812405,74.26905117587496,,,,,,,,,,,56.62006850256667,62.39869594666853,66.95547731071167,76.14633876097182,79.72956100077383,,,,65.49444559812405,67.88932270577664,#000000,,61.503538349470205,,37.09628156434812,-12.956180605366725,False,False,False,True,False,0.0,0.0,0.0,0.0,0.0,0,0.8974659643019829,1.0602897364341033,False,False,False,False,-0.34282825441539394,-0.3121326522415258,False,False,False,False,-6786984,-4823248.159115801,False,False,False,False,409785.21399743203,False,False,False,False
2022-12-23 00:00:00+00:00,57.7311138512,57.8408877928,54.9368680641,55.266189889,350185,,,,,,,,,,,,,60.95027348591075,65.02867618769461,73.90670236582825,,,,,,,,,,,56.688797430040076,61.929985709242644,66.57588593070167,75.77202687464899,79.34723192905719,,,,65.02867618769461,67.52494748914052,#000000,,61.14943320322202,,36.8731394476666,-8.569930293042226,False,False,False,True,False,0.0,0.0,0.0,0.0,0.0,0,0.8907987105050374,1.0904432135878732,False,False,False,False,-0.34282825441539394,-0.3274804533284599,False,False,False,False,-6436799,-4942770.443625742,False,False,False,False,405370.3833309556,False,False,False,False
2022-12-30 00:00:00+00:00,58.5494286889,58.9186683107,57.1123879984,57.6612577065,192280,,,,,,,,,,,,,60.782457161922196,64.83257069153674,73.72939222682575,,,,,,,,,,,56.91239211445046,61.764751717198465,66.40671691060179,75.58689917329163,79.15501623561329,,,,64.83257069153674,67.39627452893004,#000000,,61.073042921276965,,37.054745761637896,-8.569930293042226,False,False,False,True,False,0.0,0.0,0.0,0.0,0.0,0,0.9175175302320229,1.0890493155704877,False,False,False,False,-0.2896901634234912,-0.30858530837597553,False,False,False,False,-6244519,-5039196.262616428,False,False,False,False,389585.91049162555,False,False,False,False
2023-01-06 00:00:00+00:00,58.1103329223,59.5673325113,55.8649568434,58.4995314427,232478,,,,,,,,,,,,,60.581254761684356,64.598392706367,73.5156292487268,,,,,,,,,,,57.0548158875197,61.565941183149086,66.20284245888439,75.36386088222363,78.92347079212323,,,,64.598392706367,67.22577599008477,#000000,,60.95010113468004,,37.070231551785604,-8.637959375597546,False,False,False,True,False,0.0,0.0,0.0,0.0,0.0,0,0.9326554663869961,1.0580154207334203,False,False,False,False,-0.29934343247041395,-0.30396437042319474,False,False,False,False,-6476997,-5145700.020941136,False,False,False,False,377948.28749224584,False,False,False,False
2023-01-13 00:00:00+00:00,59.178133991,60.9145581587,57.701275298,58.5095108919,295954,,,,,,,,,,,,59.2646558159,60.4755743040651,64.38006901452486,73.27555818244923,,,,,,,,,,,57.41369031713779,61.426277203387514,65.99864715563771,75.11023590757755,78.65522242021241,,,,64.38006901452486,66.22221448009913,#000000,,59.6450494101226,,37.56685507854742,-8.637959375597546,False,False,False,True,False,0.0,0.0,0.0,0.0,0.0,0,0.977560418531309,1.0283651595857477,False,False,False,False,-0.2485909621625567,-0.2762776662928757,False,False,False,False,-6181043,-5222392.093464015,False,False,False,False,371874.6365668943,False,False,False,False
2023-01-20 00:00:00+00:00,57.0225729552,60.3756678997,56.4437648993,59.6970653514,250862,,,,,,,,,,,,58.66031053073716,60.31451594896584,64.16436276213669,73.0597637594486,,,,,,,,,,,57.478260814427266,61.256066786974564,65.80268334723188,74.88406959047244,78.4184495660887,,,,64.16436276213669,66.00427590072034,#000000,,59.42728852027621,,37.30931150692124,-8.727783476858058,False,False,False,True,False,0.0,0.0,0.0,0.0,0.0,0,0.9303352128241493,1.0961627529197495,False,False,False,False,-0.2770593557388702,-0.276668511015873,False,False,False,False,-6431905,-5311985.642096311,False,False,False,False,362910.73756193917,False,False,False,False
2023-01-27 00:00:00+00:00,58.9186683107,60.1519286478,54.9967447596,56.5435593917,691855,,,,,,,,,,,,58.304034402975134,59.97200032095511,63.644441303243404,72.49773839002462,,,,,,,,,,58.02244723936668,57.61442097684617,60.87161867139414,65.31328039677292,74.29276207660963,77.79494747792452,,,,63.644441303243404,64.83276912561124,#000000,,58.47822573503577,,38.020492262344476,-8.727783476858058,False,False,False,True,False,0.0,0.0,0.0,0.0,0.0,0,0.8971144922921628,1.098243103426254,False,False,False,False,-0.3039347414676091,-0.29030162624174105,False,False,False,False,-5740050,-5343694.11305214,False,False,False,False,387276.97922401776,False,False,False,False
2023-02-03 00:00:00+00:00,59.0384217016,60.0164077271,56.9876448829,58.8188738183,513494,,,,,,,,,,,,58.414457561181656,59.84309251028349,63.35102153361413,72.12480294117147,,,,,,,,,,58.302924438907134,57.78144072537209,60.693976672957355,65.01744393319237,73.896728435241,77.37089072564225,,,,63.35102153361413,64.67967794775629,#000000,,58.585478808936095,,38.58586343338796,-8.727783476858058,False,False,False,True,False,0.0,0.0,0.0,0.0,0.0,0,0.9091169308718082,1.1174624581179455,False,False,False,False,-0.2741140613229652,-0.2822078437823531,False,False,False,False,-5226556,-5335017.215789019,False,False,False,False,396626.38817038684,False,False,False,False
2023-02-10 00:00:00+00:00,57.6013810111,59.8766954377,57.1949180436,58.8987094122,392878,,,,,,,,,,,,58.379634787157904,59.72821611657371,63.129181844805295,71.84354995184275,,,,,,,,,,58.28360463161614,57.82883356182705,60.54971184512363,64.79326512302805,73.59833814842952,77.05131578984296,,,,63.129181844805295,64.51856518002471,#000000,,58.55507227429371,,38.51964745433215,-8.727783476858058,False,False,False,True,False,0.0,0.0,0.0,0.0,0.0,0,0.8725041175206425,1.1534711939997129,False,False,False,False,-0.2730374039281977,-0.27762262385527536,False,False,False,False,-5619434,-5356085.125730573,False,False,False,False,396348.7297873952,False,False,False,False
2023-02-17 00:00:00+00:00,58.8687710645,60.8945992602,57.3518947801,57.4017920263,349156,,,,,,,,,,,59.03842170160001,58.47185654007295,59.68729302480526,62.97769326063898,71.61735995133371,,,,,,,,,,58.41893954461851,57.93387528566469,60.475126216117545,64.62929408890055,73.35607744470447,76.78802693927784,,,,62.97769326063898,62.66059370584567,#000000,,58.46577326798904,,39.131286398355854,-8.727783476858058,False,False,False,True,False,0.0,0.0,0.0,0.0,0.0,0,0.8327162181197326,1.151669524449327,False,False,False,False,-0.2430900050334359,-0.26035631444435564,False,False,False,False,-5270278,-5349729.042343123,False,False,False,False,392852.972025366,False,False,False,False
2023-02-24 00:00:00+00:00,55.6853267571,58.7789560214,54.9967447596,58.4496341965,322611,,,,,,,,,,,57.81312521455879,58.244530738231575,59.52098233693444,62.76295246260625,71.37438181869472,,,,,,,,,,58.14437406688409,57.82640396489163,60.30119833904875,64.42043468514508,73.10066099844397,76.51750632600067,,,,62.76295246260625,62.35090446254394,#000000,,58.00710849614152,,38.505501343624125,-8.727783476858058,False,False,False,True,False,0.0,0.0,0.0,0.0,0.0,0,0.8386305629236956,1.152806298481315,False,False,False,False,-0.31893493145045215,-0.2896456229474039,False,False,False,False,-5592889,-5367740.891058447,False,False,False,False,387649.86298644997,False,False,False,False
2023-03-03 00:00:00+00:00,55.805080148,56.5036415947,54.7971557748,55.8849157419,462011,,,,,,,,,,,56.95283163481247,57.88626292438775,59.25644805306585,62.44353499713672,71.0220493557177,,,,,,,,,,57.731335822895055,57.622145203771495,60.03083396133288,64.11150926550121,72.7314017851195,76.12771353622479,,,,62.44353499713672,61.978835300374065,#000000,,57.5481438964667,,38.124692411944594,-8.788765886476718,False,True,False,True,False,0.0,0.0,0.0,0.0,0.0,0,0.8672705488477014,1.1407170109551488,False,False,False,False,-0.34282825441539394,-0.3162369386813989,False,False,False,False,-5130878,-5350195.491720784,False,False,False,False,393158.09535782406,False,False,False,False
2023-03-10 00:00:00+00:00,43.6700698726,56.1344019729,42.771919441,55.8549773942,916900,,,,,,,,,,,52.73766299184223,55.62209503719017,57.83871367337058,61.21457493953551,70.01850989184658,,,,,,,,,,55.166795476549545,56.0042869163257,58.72433953879038,63.02179733304102,71.7126474843363,75.10284388541669,,,,61.21457493953551,60.20614232828281,#000000,,54.88271010547691,,34.8246357249898,-12.056209401059192,False,True,False,True,False,0.0,0.0,0.0,0.0,0.0,0,0.7942951396875307,1.1300524174695286,False,False,False,False,-0.34282825441539394,-0.3295325965483964,False,False,False,False,-6047778,-5401868.270111838,False,False,False,False,431953.7919979852,False,False,False,False
2023-03-17 00:00:00+00:00,35.5567776408,41.8338512125,13.951270037,30.0780600082,6528375,,,,,,,,,,,35.7754352364345,40.296746871175785,45.17002366056196,49.8398130795844,60.79105147771461,,,,,,,,,30.4472996301,39.31008929409558,42.38483522414978,46.6624538056563,52.640169745594996,62.49126616977405,66.02588723103985,,,,49.8398130795844,44.3317918025068,#000000,,36.45739275795147,,31.17975526141107,-15.525527799093886,False,True,False,True,False,0.0,0.0,0.0,0.0,0.0,0,0.6354350006307536,1.1949350105947163,True,False,False,False,-0.34282825441539394,-0.3361804254818952,False,False,False,False,-12576153,-5933296.768622072,False,False,False,False,883540.5481462826,False,False,False,False
2023-03-24 00:00:00+00:00,35.7064693794,39.2791122072,32.8723057953,36.2154212906,1069683,,,,,,,,,,,35.79507939425607,39.90274009009041,44.520715176953445,49.046626210374086,59.87695411178532,,,,,,,,,31.222360490724306,38.99076592977062,41.86829559385114,45.96281572593439,51.81199218330276,61.55387351385165,65.05656839756452,,,,49.046626210374086,43.89983449070426,#000000,,36.47773647621035,,28.65066997833562,-17.833368976498605,False,True,False,True,False,0.0,0.0,0.0,0.0,0.0,0,0.7818728845427336,1.1922632832556548,False,False,False,False,-0.20111765583587157,-0.2686490406588834,False,False,False,False,-11506470,-6346124.415390808,False,False,False,False,897328.8779132245,False,False,False,False
2023-03-31 00:00:00+00:00,33.8203534731,38.2212905878,22.0046855734,36.6944348541,10455282,,,,,,,,,,,33.48273814243191,35.88306028948761,39.14960335933059,42.70616860451415,52.32989511000937,,,,,,,,,31.295572178663495,35.3091581485838,37.24233488174714,40.26784711107993,45.1279938723323,53.802058250262235,56.98128269016227,,,,42.70616860451415,39.27943716981803,#000000,,33.992632189791706,,26.56883349500628,-19.68690190007243,False,True,False,True,False,0.0,0.0,0.0,0.0,0.0,0,0.7406115977598543,1.1623455515201528,False,False,False,False,-0.30327280403752555,-0.28596092234820447,False,False,False,False,-21961752,-7502837.569806304,False,False,False,False,1605325.4054752078,False,False,False,False
2023-04-07 00:00:00+00:00,29.3894780107,33.4211755035,25.7270201397,33.0319769831,2927922,,,,,,,,,,,32.97803128227276,35.142211628541,38.161910631415154,41.50316978888906,50.7560790532343,,,,,,,,,31.0467536482145,34.62008472744027,36.394796224347125,39.20960656957047,43.81933069342902,52.173424444510246,55.25429517140586,,,,41.50316978888906,38.36319742473537,#000000,,33.44677032161713,,24.483653060587418,-21.541758250998093,False,True,False,True,False,0.0,0.0,0.0,0.0,0.0,0,0.7722597004924487,1.1923951007138973,False,False,False,False,-0.312784254543376,-0.29937258844579023,False,False,False,False,-24889674,-8790751.379450282,False,False,False,False,1703295.5235881554,False,False,False,False
2023-04-14 00:00:00+00:00,29.6888614879,31.6847513358,28.0305764077,28.3915330867,1300374,,,,,,,,,,,32.80826471610113,34.87990987204815,37.79792181204336,41.047739775935725,50.13324179556113,,,,,,,,,30.974073609249718,34.37843543051677,36.08862755074167,38.81569128116922,43.316298872057125,51.52646827301144,54.56288428676635,,,,41.047739775935725,38.02402047154241,#000000,,33.26017090697894,,23.15671417149818,-22.68189124142226,False,True,False,True,False,0.0,0.0,0.0,0.0,0.0,0,0.7857987391909057,1.203959687541108,False,False,False,False,-0.30777256071275194,-0.3035725745792711,False,False,False,False,-23589300,-9886940.166157668,False,False,False,False,1673449.4848038475,False,False,False,False
2023-04-21 00:00:00+00:00,33.8502918208,37.4229346486,28.4414303329,29.0801150843,2378497,,,,,,,,,,,32.84655051796793,34.74459046785249,37.461603860073666,40.52874480438965,49.26208727535406,,,,,,,,,31.192452920615167,34.28263558327088,35.865481526273925,38.41893827786241,42.69555211508967,50.60773076217942,53.5535009120256,,,,40.52874480438965,37.72986373487499,#000000,,33.26655737242662,,24.383457721001058,-22.68189124142226,False,True,False,True,False,0.0,0.0,0.0,0.0,0.0,0,0.8083249183051774,1.1685627454559113,False,False,False,False,-0.25432932626807353,-0.27895095042367235,False,False,False,False,-21210803,-10725744.82051636,False,False,False,False,1725675.226670229,False,False,False,False
2023-04-28 00:00:00+00:00,32.0240526099,34.399161529,30.1179778052,33.8303329223,1222150,,,,,,,,,,,32.8174043369607,34.640400420463536,37.268756725772896,40.25308170207987,48.821195034117046,,,,,,,,,31.239103219633645,34.195634325484235,35.7229786071695,38.198951354623276,42.3729684904297,50.14403252428407,53.04601148410306,,,,40.25308170207987,37.55304742167344,#000000,,33.223135575635524,,24.924531467314182,-22.68189124142226,False,True,False,True,False,0.0,0.0,0.0,0.0,0.0,0,0.8110392107439959,1.179822471308793,False,False,False,False,-0.2659076820352489,-0.27242931622946065,False,False,False,False,-22432953,-11592945.426404038,False,False,False,False,1688377.0617316936,False,False,False,False
2023-05-05 00:00:00+00:00,23.032568845,32.0739498561,15.7176325524,32.0739498561,8024271,,,,,,,,,,,30.762230802413043,32.31700723231518,34.626958361278184,37.28739939569713,45.16758581605385,,,,,,,,23.60805041783333,29.43315043254254,31.93344276206253,33.2698719524706,35.45589741822306,39.22696878679423,46.381480791900835,49.07566227668737,,,,37.28739939569713,32.79209775616298,#000000,,28.93421860371286,,23.929848695041642,-22.68189124142226,False,True,False,True,False,0.0,0.0,0.0,0.0,0.0,0,0.7133434530747251,1.1921462698571266,False,False,False,False,-0.34282825441539394,-0.3076287853224273,False,False,False,False,-30457224,-12990299.394818554,False,False,False,False,2157702.5386404567,False,False,False,False
2023-05-12 00:00:00+00:00,21.2761857789,24.1103493629,20.2283436087,23.9506781751,2402871,,,,,,,,,,,30.205324689542053,31.697359964633282,33.92873472095938,36.50657037263252,44.198744565038595,,,,,,,,23.207902105267397,28.93274682731801,31.32838126165058,32.61825453795469,34.73191530446798,38.397315832524505,45.3831974256188,48.01961318460718,,,,36.50657037263252,32.15545056169504,#000000,,28.41858872094451,,22.992218698883267,-22.68189124142226,False,True,False,True,False,0.0,0.0,0.0,0.0,0.0,0,0.7310538311754159,1.2585468403573141,False,False,False,False,-0.34282825441539394,-0.32522851986891066,False,False,False,False,-32860095,-14462136.106313474,False,False,False,False,2175863.1654078304,True,False,False,False
2023-05-19 00:00:00+00:00,24.9386436498,26.3457459926,21.3560213728,21.5057131114,2467034,,,,,,,,,,,29.843258929032924,31.26770966157291,33.41177664461058,35.898884120805725,43.380340283398425,,,,,,,,23.400296797294097,28.632497246675243,30.91464934518121,32.15228755028187,34.186218958744234,37.73373600009398,44.53346654340504,47.107158696423674,,,,35.898884120805725,31.744131525429275,#000000,,28.197675579545866,,24.056776226445244,-22.68189124142226,False,True,False,True,False,0.0,0.0,0.0,0.0,0.0,0,0.7359714298390873,1.2448442991902353,False,False,False,False,-0.31535446903245146,-0.32029149445068106,False,False,False,False,-30393061,-15642204.61695692,False,False,False,False,2197431.3753776206,False,False,False,False
2023-05-26 00:00:00+00:00,29.4493547061,31.3753884094,24.7889519112,25.1881298808,2802838,,,,,,,,,,,29.759401116682945,31.100561307886295,33.13392914447129,35.50746107763691,42.720503306548586,,,,,,,,24.317660114866115,28.626120385514547,30.76735965129507,31.93811767828895,33.87182827037553,37.2696246767074,43.8358415223931,46.33228988473825,,,,35.50746107763691,31.629206342372505,#000000,,28.36763531708967,,26.736873551216533,-22.68189124142226,False,True,False,True,True,0.0,0.0,0.0,0.0,0.0,0,0.7619417390812289,1.189504691923684,False,False,False,False,-0.2415031356517167,-0.28089731505119886,False,False,False,False,-27590223,-16527243.01570085,False,False,False,False,2242276.310534834,False,False,False,False
2023-06-02 00:00:00+00:00,30.0880394575,30.6468886149,27.6031565968,29.9183888204,1781451,,,,,,,,,,,29.747107768865465,31.03858299703893,33.00497675194859,35.309296484613434,42.35572972632084,,,,,,,,24.84035684451154,28.65980582002585,30.717287229059814,31.84766796265279,33.72060475974805,37.02645988648829,43.447710392706924,45.89600051567943,,,,35.309296484613434,31.59121465049527,#000000,23.588140559182577,28.491139415615663,0.06769927616285473,28.912129080615735,-25.70907435764155,False,True,False,True,True,0.0,0.0,0.0,0.0,0.0,0,0.8041416090967712,1.1928917039460982,False,False,False,False,-0.20939643813533376,-0.2451468765932663,False,False,False,False,-25808772,-17214763.68120449,False,False,False,False,2208141.1023470685,False,False,False,False
2023-06-09 00:00:00+00:00,35.7463871763,38.1015371969,29.2098479244,30.8065598027,1814108,,,,,,,,,,,29.924021460274947,31.16035528269588,33.05131182150123,35.278472035977096,42.13787365175277,,,,,,,,25.734805690427617,28.8884136702098,30.852361485804387,31.936950216805535,33.74185529758812,36.9444264379094,43.20457226292296,45.6000727735938,,,,35.278472035977096,31.751297339919397,#000000,23.478848211190996,28.84990057667919,0.29373189594256394,32.62700276850445,-22.207498278179106,False,True,False,True,True,0.0,0.0,0.0,0.0,0.0,0,0.8516953799482088,1.1163041161425202,False,False,False,False,-0.12654407514703517,-0.18584547587015074,False,False,False,False,-23994664,-17716978.519633785,False,False,False,False,2178953.4651361746,False,False,False,False
2023-06-16 00:00:00+00:00,38.3111056309,39.6782901767,34.7985390875,35.8661405672,1974220,,,,,,,,,,37.59597829836667,30.231871183037736,31.407806561352167,33.21522923267355,35.35697814954461,42.007196322955885,,,,,,,,26.835891509340012,29.253015687865457,31.11444637425097,32.14825917876288,33.87790960093585,36.96547725893708,43.04601842295338,45.38282973611336,,,,35.35697814954461,32.10373857761299,#000000,23.191859857950323,30.979189169652468,0.3161418060541662,36.15987988303573,-18.955592283445682,False,False,False,True,True,0.0,0.0,0.0,0.0,0.0,0,0.8897515820207151,1.107625927183599,False,False,False,False,-0.06228375683836293,-0.12406461635425683,False,False,False,False,-22020444,-18035753.740401655,False,False,False,False,2163788.023274236,False,False,False,False
2023-06-23 00:00:00+00:00,31.8943197698,37.9718043568,31.4751829018,37.9718043568,1187882,,,,,,,,,,36.16262339672726,30.315528131881045,31.461457040858924,33.2272348269361,35.32548595448825,41.86720030532624,,,,,,,,27.20326707874544,29.3642771518265,31.175364487775383,32.184124229508235,33.875882268840456,36.90474055622482,42.891048257172756,45.19639626930428,,,,35.32548595448825,32.02952445675876,#000000,22.981483048126833,30.761423939795066,0.049296027920934085,37.084510552498585,-18.21671661471304,False,False,False,True,True,0.0,0.0,0.0,0.0,0.0,0,0.8640036369828274,1.095721804322613,False,False,False,False,-0.10730669394227041,-0.11568565514826362,False,False,False,False,-23208326,-18418907.241112642,False,False,False,False,2091498.688216885,False,False,False,False
2023-06-30 00:00:00+00:00,34.6586272092,36.3052363337,31.8544019729,31.8544019729,930732,,,,,,,,,,35.73285741242423,30.387298103939433,31.510398271565865,33.24435042095241,35.30926332224995,41.76727352564286,,,,,,,,27.48463052869305,29.4570048109599,31.229843439534235,32.21947540038073,33.88224610382974,36.86599427639277,42.77956911014725,45.06057700505164,,,,35.30926332224995,32.04573678145295,#000000,22.860368553769455,30.765447714004154,0.17030256909632796,38.6850362696627,-16.763106645652726,True,False,False,True,True,0.0,0.0,0.0,0.0,0.0,0,0.8560901937396731,1.1094440123247775,False,False,False,False,-0.11889268549177102,-0.11728917032001732,False,False,False,False,-22277594,-18704735.889919113,False,False,False,False,2005515.97057119,False,False,False,False
2023-07-07 00:00:00+00:00,36.065729552,36.5931434443,32.988566379,34.7384628031,572986,,,,,,,,,,35.66936179150085,30.440614722116607,31.549689396680424,33.26402078790028,35.3083851030873,41.714630656502955,,,,,,,,27.669528547153003,29.523210103614556,31.27254156473087,32.25037482217657,33.89528183879511,36.85117321530705,42.71981269397768,44.98579329652385,,,,35.3083851030873,32.08430086777555,#000000,22.74215647623732,30.825678791096255,0.23041134055949955,40.29919202608443,-15.264580168750484,True,False,False,True,True,0.0,0.0,0.0,0.0,0.0,0,0.8691381382294314,1.1114912152859306,False,False,False,False,-0.10609591652143112,-0.11169254342072421,False,False,False,False,-21704608,-18926948.638813995,False,False,False,False,1899402.6394177685,False,False,False,False
2023-07-14 00:00:00+00:00,40.8059679408,41.9136868064,35.8661405672,35.9958734073,843407,,,,,,,,,,36.26017193644974,30.585962286732943,31.672311331298207,33.35469358614734,35.36596672141658,41.68907749255076,,,,,,,,28.07280663824083,29.68970447540878,31.400699731909633,32.35920150874759,33.97518679756652,36.886107699818744,42.68312884123035,44.92544913081789,,,,35.36596672141658,32.27367050139181,#000000,22.37792630701961,31.152161334208074,0.431398623542865,42.9477922903324,-12.762419958041377,True,False,False,True,True,0.0,0.0,0.0,0.0,0.0,0,0.876801132449927,1.0882154167415872,False,False,False,False,-0.031379456366243015,-0.07153599989348361,False,False,False,False,-20861201,-19070226.59149444,False,False,False,False,1821180.7402016374,False,False,False,False
2023-07-21 00:00:00+00:00,41.7440361693,47.7117468146,40.4167694205,40.4666666667,1304577,,,,,,,,,,37.60627199182075,30.892674136975923,31.942088787178232,33.57227429932813,35.52976320080087,41.71752468373562,,,,,,,,28.833276403935574,30.031004725705863,31.679497296322626,32.60631596224381,34.175186978579035,37.0128126137717,42.6937458497816,44.89796107526987,,,,35.52976320080087,32.68683537828908,#000000,21.952553072575714,31.84080681460953,0.45111970903567067,45.121330606444545,-10.73064311820147,True,False,False,True,True,0.0,0.0,0.0,0.0,0.0,1,0.9099619425674355,1.0528634548667675,False,False,False,False,0.061121095773024076,-0.005207452060229767,False,False,False,False,-19556624,-19106256.029161517,False,False,False,False,1782913.7964829975,False,False,False,False
2023-07-28 00:00:00+00:00,45.685918619,48.4801644061,41.9386354295,42.1132757912,1642122,,,,,,,,,,39.113628795039645,31.319578250485325,32.32335648092049,33.88869316417393,35.77923466913178,41.797351762376415,,,,,,,,29.811795157125964,30.50061582735235,32.071932832852994,32.95940098156175,34.4697106147421,37.21582096890424,42.751293513293824,44.907709327238,,,,35.77923466913178,33.22379467733863,"rgba(38, 166, 154, 0.5)",21.549560951892527,32.68640450750082,0.6032380028771555,47.81668467571813,-8.199790265414627,True,False,False,False,True,0.0,0.0,0.0,0.0,0.0,0,0.9253754170272478,1.0461501625924519,False,False,False,False,0.08167858660660059,0.03823556727318541,False,False,False,False,-17914502,-19017977.952927332,False,False,False,False,1772484.774521294,False,False,False,False
2023-08-04 00:00:00+00:00,48.2007398274,49.5978627209,43.8995972051,45.4464118372,597952,,,,,,,,,47.23273325113333,39.64984485049457,31.48865078555281,32.47594826219602,34.017772189440414,35.88402001845555,41.840287508747586,,,,,,,,30.179279777164922,30.685112169785583,32.22856380620198,33.10176361743053,34.59083865226931,37.30366548362803,42.786133268285475,44.92512716672351,,,,35.88402001845555,34.56505073616695,"rgba(38, 166, 154, 0.5)",21.086595753498703,36.936742512144605,0.5341780838847098,50.422295330428234,-5.7686127663014375,True,False,False,False,True,0.0,0.0,0.0,0.0,0.0,0,0.9262575224606394,1.0389774237774696,False,False,False,True,0.10942466670894195,0.07383011699106368,False,False,False,True,-17316550,-18891946.25271049,False,False,False,False,1685482.3467789758,False,False,False,True
2023-08-11 00:00:00+00:00,46.0152404439,48.644925113,45.2168845047,48.2007398274,362591,,,,,,,,,47.003580751661865,39.91845681733439,31.58554975602138,32.56322202309607,34.0912950138639,35.94328278960157,41.86310049964956,,,,,,,,30.386995448042406,30.79098810604848,32.31819713996298,33.183066354596995,34.659702319857196,37.35297582809143,42.804148756025775,44.932817410788736,,,,35.94328278960157,34.65010537304856,#000000,20.77072299857701,37.02500528077178,0.4328320763674974,51.52668303716551,-4.761438708018844,True,False,False,False,True,0.0,0.0,0.0,0.0,0.0,0,0.9323052487945729,1.0430478671108763,False,False,False,False,0.11271863420968041,0.09327437560037205,False,False,False,False,-17679141,-18802108.826583788,False,False,False,False,1587490.3951657184,False,False,False,False
2023-08-18 00:00:00+00:00,42.4126592684,45.5961035758,41.6442416769,45.5961035758,435809,,,,,,,,,45.821976990798575,40.0643952492388,31.674365036738344,32.64162593527573,34.154816854238945,35.99120264827297,41.870817755508924,,,,,,,,30.578855157666453,30.88940607950869,32.39915160881767,33.255053522714654,34.718157467041735,37.39002684179723,42.806467743602866,44.92354535423825,,,,35.99120264827297,34.619780390203964,#000000,20.3324904999763,36.83865836930313,0.27414255519280156,51.137909388342806,-4.761438708018844,True,False,False,False,True,0.0,0.0,0.0,0.0,0.0,0,0.9111511611470017,1.061717059906019,False,False,False,False,0.0779383973751942,0.08560638648778313,False,False,False,False,-18114950,-18751208.172762766,False,False,False,False,1502180.66219048,False,False,False,False
2023-08-25 00:00:00+00:00,40.4566872174,43.1511385121,39.5086395397,42.5124537608,462618,,,,,,,,,44.631654549754884,40.108097797659056,31.749654120235572,32.70671202308099,34.20530569524117,36.02625408338339,41.86581636000209,,,,,,,,30.74229259394217,30.974021746589198,32.46673628400457,33.3138804904963,34.76365666041379,37.41433364649737,42.796007387013844,44.90137995665992,,,,36.02625408338339,34.566201196141776,#000000,19.770018361169548,36.61401667198633,0.19436858758619543,50.25395689343536,-4.761438708018844,True,False,False,False,True,0.0,0.0,0.0,0.0,0.0,0,0.9126465487765163,1.063959355211364,False,False,False,False,0.04774115469848938,0.06667377059313626,False,False,False,False,-18577568,-18738345.937743302,False,False,False,False,1425176.0205467406,False,False,False,False
2023-09-01 00:00:00+00:00,40.7061734484,41.9236662557,39.4188244965,40.9656391286,410189,,,,,,,,,43.917847991973154,40.13008108690441,31.812885788206792,32.761154216849064,34.24715744033225,36.054750286046286,41.85954471887884,,,,,,,,30.878130070551556,31.045264579690727,32.52333142077112,33.36293246538174,34.801197555636655,37.433526429337675,42.784977681741715,44.88014543486471,,,,36.054750286046286,34.54799826162974,#000000,19.167858036213524,36.49283093227996,0.2198129028376485,49.707877484908195,-4.761438708018844,True,False,False,False,True,0.0,0.0,0.0,0.0,0.0,0,0.9135716879256061,1.0582960379260258,False,False,False,False,0.11811017254366118,0.09239197156839872,False,False,False,False,-18167379,-18696052.090503056,False,False,False,False,1349991.7968025375,False,False,False,False
2023-09-08 00:00:00+00:00,37.6923797781,40.2072009864,37.1677601315,40.1972215372,511394,,,,,,,,,42.89488311917599,40.04932920926551,31.870119482764693,32.80836090199947,34.27998845023017,36.072172686354016,41.83653728924866,,,,,,,,31.003388642640747,31.111537676677173,32.57299288335373,33.40402644122628,34.829083098134774,37.44022892537906,42.75634120776732,44.83945632480799,,,,36.072172686354016,34.482370990546855,#000000,18.628345335230925,36.264784661939856,0.076635637275856,48.36152522735478,-4.761438708018844,True,False,False,False,True,0.0,0.0,0.0,0.0,0.0,0,0.9593123948025724,1.0660096221823627,False,False,False,False,0.11072829144331289,0.1015601315058558,False,False,False,False,-18678773,-18694772.1578732,False,False,False,False,1287873.441483831,False,False,False,False
2023-09-15 00:00:00+00:00,36.4549280723,38.2911467324,35.8461816687,37.9618249075,1156110,,,,,,,,,41.12377255021024,39.75217644199712,31.966962082823322,32.884277731696045,34.325841150871106,36.0854997864571,41.763801584713754,,,,,,,,31.21723038451067,31.227064395880554,32.65403291718096,33.46723127149467,34.86454517479612,37.4309160695371,42.67145878252165,44.72857610941306,,,,36.0854997864571,34.348313410146076,#000000,18.31752896415806,35.83006094314965,0.03411306898288689,47.01984872864517,-4.761438708018844,True,False,False,False,False,0.0,0.0,0.0,0.0,0.0,0,1.127206238160422,1.0102693363973942,False,False,False,False,0.06723078783281196,0.08439545966933387,False,False,False,False,-19834883,-18779224.812845554,False,False,False,False,1278113.1865591027,False,False,False,False
2023-09-22 00:00:00+00:00,33.650702836,36.4349691739,33.4311549527,36.4349691739,386027,,,,,,,,,40.53275403497794,39.593683793439226,31.983294057339826,32.89434829915614,34.32689996833655,36.07667162395541,41.72852325199476,,,,,,,,31.25681117233207,31.248902720477947,32.66563568951733,33.47352632989314,34.86246875408956,37.41521227638033,42.632368202937286,44.68133857118137,,,,36.07667162395541,34.28383248195597,#000000,17.923429093035775,35.6580379303068,-0.11199503643456012,45.22610468674397,1.0765490235521753,True,False,False,True,False,0.0,0.0,0.0,0.0,0.0,0,0.9909341585958602,1.0058164358834072,False,False,False,False,0.01020722421983041,0.04730134194458214,False,False,False,False,-20220910,-18886016.30819033,False,False,False,False,1212032.7282954655,False,False,False,False
2023-09-29 00:00:00+00:00,36.2054418413,36.9139827374,33.5309494451,33.5509083436,400686,,,,,,,,,40.11007546187845,39.470748790577076,32.00695406848045,32.911360840663555,34.334332809023806,36.0736352504363,41.6975093478366,,,,,,,,31.30978842153526,31.278436852731375,32.68427629044179,33.486511842861844,34.86657321202742,37.40487739237693,42.59735148335464,44.63775254115916,,,,36.0736352504363,34.2459058590221,#000000,17.453769877272023,35.542262381680544,0.03799634487464148,44.98359488435901,0.7012414455835625,True,False,False,True,False,0.0,0.0,0.0,0.0,0.0,0,1.068042744600948,0.9954259958036582,False,False,False,False,0.017922626867529604,0.03261198440605587,False,False,False,False,-19820224,-18955216.877954014,False,False,False,False,1151932.9706439495,False,False,False,False
2023-10-06 00:00:00+00:00,32.6427784628,36.1854829429,31.0111385121,36.1455651459,637560,,,,,,,,,39.297771334214104,39.18507601419779,32.020248363721265,32.91507838416073,34.32423454519374,36.048233184530744,41.63080774043821,,,,,,,,31.347723244781164,31.300066822394296,32.690337566026436,33.484475321175864,34.851644882622644,37.36882426395499,42.52462041348772,44.552137577159726,,,,36.048233184530744,34.141665647848804,#000000,17.169099069025247,35.28265935389684,-0.15375768294443842,43.74569523089313,-0.6599720950337584,True,False,False,True,False,0.0,0.0,0.0,0.0,0.0,0,1.0269351882904547,0.9685394104532693,False,False,False,False,-0.025375329666536498,0.0036183273697596875,False,False,False,False,-20457784,-19066518.146253716,False,False,False,False,1113831.2691147681,False,False,False,False
2023-10-13 00:00:00+00:00,30.1978133991,33.0768845047,30.1379367037,32.0739498561,388634,,,,,,,,,38.74619244187655,38.96491163422697,32.014664075294014,32.90421250447568,34.30574107525513,36.02116681487438,41.580367169828506,,,,,,,31.137544869166668,31.3452848217536,31.29900314468537,32.68076315462331,33.47046515608015,34.83046682128815,37.335802504735256,42.47069561018842,44.490781736469636,,,31.137544869166668,36.02116681487438,33.68687828774374,#000000,16.84398340141325,35.04848344175595,-0.2879764202480137,42.18606764219277,-2.3161311928597925,True,False,False,True,False,0.0,1.0,33.076885,30.137938,0.0,0,1.0039063239229085,0.9783831152490339,False,False,True,False,-0.07859721887621707,-0.03748944575322869,False,False,False,False,-20846418,-19198362.579864554,False,False,True,False,1060112.9528840445,False,False,True,False
2023-10-20 00:00:00+00:00,33.0319769831,35.9958734073,30.4572790793,30.6069708179,678675,,,,,,,,,38.15659936612917,38.70030247399386,32.02719788579888,32.90693225668462,34.294263281885875,35.99390642298357,41.510285748952796,,,,,,,32.42466055000623,31.38135502896466,31.320051978111582,32.6858866372113,33.46727967815393,34.814013876709495,37.29752835811226,42.39434315357688,44.40101017975082,,,32.42466055000623,35.99390642298357,33.73645291369401,#000000,16.701766199695513,35.165729354773475,-0.12775609155110637,42.25974494051546,-2.398234747161723,True,False,False,True,False,0.0,0.0,0.0,0.0,0.0,0,1.0013785127871415,0.9969821747134886,False,False,False,False,-0.035292823039254545,-0.036391134396241615,False,False,False,False,-20167743,-19270168.53691162,False,False,False,False,1031858.2897074487,False,False,False,False
2023-10-27 00:00:00+00:00,31.944217016,33.7205589807,30.6568680641,33.0319769831,444670,,,,,,,,,37.76521086717378,38.50904546074203,32.02776668807626,32.901435910307264,34.27998061083559,35.96977959126792,41.45927714442365,,,,,,,32.33130035655604,31.390677814397655,31.32583720544623,32.681875606510935,33.458147594270415,34.79664042662906,37.266531930726,42.33935575858028,44.3375125614067,,,32.33130035655604,35.96977959126792,33.66712781143163,#000000,16.682763978803358,34.99905862471738,-0.18311363827953045,41.98552044752614,-2.8602013708614606,True,False,False,True,False,0.0,0.0,0.0,0.0,0.0,0,0.9902618838865339,0.9913146531965459,False,False,False,False,-0.06302491270913725,-0.04970802355268943,False,False,False,False,-20612413,-19369594.052695945,False,False,False,False,988362.8608402302,False,False,False,False
2023-11-03 00:00:00+00:00,37.2632634607,37.7223181258,31.7446280312,32.5030661734,381919,,,,,,,,,37.65000217640943,38.43776281808224,32.04930305335039,32.9171354670158,34.28721352866543,35.967695175053585,41.43199658035158,,,,,,,32.9857673560734,31.436351618150304,31.352501947126115,32.699007559695566,33.47029526524168,34.80091727669442,37.25790882537849,42.30845080539627,44.2988202090219,,,32.9857673560734,35.967695175053585,33.72853407898104,#000000,16.496743831934594,35.12747099217884,0.1294675173646491,43.86489850871858,-2.8602013708614606,True,False,False,True,False,0.0,0.0,0.0,0.0,0.0,0,1.116044202033146,0.9388575540092268,False,False,False,False,0.004887020148729936,-0.022410501701979748,False,False,False,False,-20230494,-19433364.419162914,False,False,False,False,943441.0933705836,False,False,False,False
2023-11-10 00:00:00+00:00,34.1297163995,37.7123386765,33.3812577065,37.6325030826,317058,,,,,,,,,37.54215550409599,38.371230419920224,32.064466567645134,32.927594284817516,34.29084192539821,35.963779734435406,41.40761412390713,,,,,,,33.28528919565292,31.469009361474377,31.371783285591484,32.71062098696261,33.477894927622984,34.80215653203432,37.24869778816931,42.28110974387124,44.26512269254085,,,33.28528919565292,35.963779734435406,33.75108864591814,#000000,16.371862536785024,35.16692112028588,-0.06335288477138398,44.20212484204308,-2.8602013708614606,True,False,False,True,False,0.0,0.0,0.0,0.0,0.0,0,1.0922113326074208,0.874301607867888,False,False,False,False,0.004458282421108537,-0.008976109640435605,False,False,False,False,-20547552,-19515896.832558252,False,False,False,False,897042.3457135033,False,False,False,False
2023-11-17 00:00:00+00:00,37.5327085902,38.7202630497,33.5109905467,33.7804356761,425048,,,,,,,,,37.49144019971602,38.32516161458081,32.09466069125458,32.95123089056182,34.304948739114884,35.96742633097789,41.38296096711244,,,,,,,33.81783970182164,31.52987898390147,31.407759580878245,32.73586841338417,33.49752285427688,34.81293807438262,37.244982245194514,42.25240914772041,44.227708416442084,,,33.81783970182164,35.96742633097789,33.815631166949046,#000000,16.222685666934236,35.29108012500498,0.13817862906411377,45.66363321324796,-2.8602013708614606,True,False,False,True,True,0.0,0.0,0.0,0.0,0.0,0,1.0846373300572139,0.8850799609667308,False,False,False,False,-0.04874215580599495,-0.028859132723215275,False,False,False,False,-20122504,-19560830.696813196,False,False,False,False,862079.8015865772,False,False,False,False
2023-11-24 00:00:00+00:00,37.6424825319,38.2412494862,36.1804932182,37.8121331689,203771,,,,,,,,,37.488043520973456,38.31328986476984,32.11143926905982,32.96482085984945,34.3139011187725,35.97130090189487,41.37310695846938,,,,,,,34.071633775763694,31.562896068554515,31.42735837178329,32.75024206514091,33.50915789239095,34.82027360955802,37.24527735823502,42.24060089218295,44.21168801853318,,,34.071633775763694,35.97130090189487,33.85127828070584,#000000,16.123891472319592,35.358965807515375,0.1416231762850062,46.746371562677425,-2.8602013708614606,True,False,False,False,True,0.0,0.0,0.0,0.0,0.0,0,1.0814244387962861,0.9272153179110376,False,False,False,False,-0.030295941536464095,-0.029577537129839685,False,False,False,False,-19918733,-19587341.97853074,False,False,False,False,813316.1866542383,False,False,False,False
2023-12-01 00:00:00+00:00,41.8039128648,42.023460748,36.0690227702,37.0437155775,482181,,,,,,,,,37.62562046981307,38.35977193145413,32.17027715191858,33.01557425813893,34.352886190001925,35.997523842586325,41.36500569148529,,,,,,,34.92712182431669,31.674106736086227,31.493425941710004,32.80298475175173,33.554914790854575,34.8551718372758,37.26247459121758,42.22769462157917,44.18839580860319,,,34.92712182431669,35.997523842586325,33.99766840460459,#000000,15.937017775014597,35.64665524041753,0.3863494231672103,48.93733248308809,-5.695024473846267,True,False,False,False,True,0.0,0.0,0.0,0.0,0.0,0,1.0553522170759506,0.8917767614983907,False,False,False,False,-0.009601535815543984,-0.019589536472691835,False,False,False,False,-19436552,-19576172.350491427,False,False,False,False,788787.6543094799,False,False,False,False
2023-12-08 00:00:00+00:00,45.8655487053,46.9034114262,41.4446526921,41.4446526921,538393,,,,,,,,,38.04087559619095,38.55402903797133,32.27453013109523,33.10970417153866,34.4322628081259,36.06113032301595,41.38654180231596,,,,,,,36.295401907098366,31.86435505351442,31.606878319920735,32.89960979326534,33.64271490758141,34.929454931870005,37.31487422095651,42.24349417735578,44.19174078771317,,,36.295401907098366,36.06113032301595,34.27203617263024,"rgba(38, 166, 154, 0.5)",15.763587266212223,36.18866539869377,0.6138757088209055,51.71475183765254,-2.97312307038888,True,False,False,False,True,0.0,0.0,0.0,0.0,0.0,0,1.0889392732301717,0.9104680804964965,False,False,False,False,0.21448817734641376,0.09744932043686097,False,False,False,False,-18898159,-19525949.139343914,False,False,False,False,770239.9021384072,False,False,False,False
2023-12-15 00:00:00+00:00,52.5617591451,54.3879983559,44.4235182902,45.9054665023,1310058,,,,,,,,,39.58548741923776,39.37534652911392,32.63429565737379,33.4421745288492,34.724870872138794,36.311626733119994,41.52532258084631,,,,,,,39.88380581428527,32.50068048713191,31.99177433940446,33.23881999705683,33.95793143838411,35.20836116314773,37.535283970464135,42.36740219836285,44.28320310164267,,,39.88380581428527,36.311626733119994,35.13351870829761,"rgba(38, 166, 154, 1.0)",15.661088861406402,37.836330062442215,0.9402557646515649,55.36664679775318,0.5098009982030547,True,False,True,False,True,0.0,0.0,0.0,0.0,0.0,0,1.0640356466038545,0.8661223363468499,False,False,False,False,0.3428282502540097,0.22013878534543535,False,False,False,False,-17588101,-19382404.832725845,False,False,False,False,810226.4279059327,False,False,False,False
2023-12-22 00:00:00+00:00,54.0187587341,56.8828606658,51.9829510892,53.1605260995,576177,,,,,,,,,40.34850205606145,39.81475166696441,32.821157579124765,33.616469244392746,34.880774805021865,36.44819915249707,41.61067027425601,,,,,,,41.32871919950831,32.82385572396026,32.190273879290615,33.4162216583664,34.12423276534091,35.35795323071531,37.657993125874434,42.4460111815048,44.34706511957236,,,41.32871919950831,36.44819915249707,35.53649585780318,"rgba(38, 166, 154, 1.0)",15.555963941707553,38.578957161623606,0.9925326151650612,58.298448569445526,3.227789737312598,True,False,True,False,True,0.0,0.0,0.0,0.0,0.0,0,1.157789056606323,0.8320682446959146,False,False,False,False,0.342828251170524,0.2814835182579797,False,False,False,False,-17011924,-19206813.65993134,False,False,False,False,792889.433246234,False,False,False,False
2023-12-29 00:00:00+00:00,55.266189889,57.0325524044,54.0886148788,54.4977722976,319159,,,,,,,,55.46245239073335,40.77065037009596,40.06593125411094,32.928837111271804,33.71714825918521,34.97119933318834,36.527852240615154,41.66176412732802,,,,,,,42.07238871395662,33.00829169189819,32.30444257120335,33.518632153404255,34.22045092176456,35.4448583623185,37.729910891099145,42.49335739522371,44.386201510978786,,,42.07238871395662,36.527852240615154,37.806922543762425,"rgba(38, 166, 154, 1.0)",15.37631978224346,44.59285568222422,0.6941410141002223,60.67155841080941,5.3866485754077615,True,False,True,False,True,0.0,0.0,0.0,0.0,0.0,0,1.1735382355775998,0.8142777863550829,False,False,False,False,0.34282825132328737,0.3121558847906335,False,False,False,False,-16692765,-19020587.83326976,False,True,False,False,757798.2900428092,False,True,False,False
2024-01-05 00:00:00+00:00,51.3841841348,54.4977722976,49.3783148376,54.3780189067,617682,,,,,,,,53.016999827547515,41.3338899999081,40.41808016519514,33.10052359888634,33.876595016875726,35.11269258747163,36.65029919807361,41.73329510333512,,,,,,,42.96710977198469,33.29926174692892,32.487362395170834,33.68110539136471,34.37213454240833,35.580161430157524,37.838688670238014,42.558089298019624,44.4360633709971,,,42.96710977198469,36.65029919807361,37.855306245627034,"rgba(38, 166, 154, 0.5)",15.190760105528973,44.43401994115886,0.4575257686487653,60.72018181240104,5.3866485754077615,True,False,True,False,True,0.0,0.0,0.0,0.0,0.0,0,1.1160235019555718,0.8346142035341146,False,False,False,False,0.23438522577635304,0.27327055528349325,False,False,False,False,-17310447,-18893910.734509036,False,False,False,False,747419.3055951938,False,False,False,False
2024-01-12 00:00:00+00:00,49.727595561,52.3671598849,48.7595889848,50.9151500206,328420,,,,,,,,52.30780611121574,41.571480221449534,40.57365497090873,33.18345236114081,33.953358999214934,35.18040273016856,36.708352190072446,41.76540243018324,,,,,,,43.30985404846659,33.4382997933152,32.57591865045695,33.75939377735573,34.44499586944582,35.64474154260775,37.88980899316781,42.58670150406704,44.45703489602922,,,43.30985404846659,36.708352190072446,37.911821480297,"rgba(38, 166, 154, 0.5)",14.879075499033656,44.44069883801015,0.3553242755797037,60.09342491655862,5.3866485754077615,True,False,True,False,True,0.0,0.0,0.0,0.0,0.0,0,1.089118218472567,0.8936263552622477,False,False,False,False,0.1947327970996305,0.23400167619156187,False,False,False,False,-17638867,-18800944.531952813,False,False,False,False,716382.3199955497,False,False,False,False
2024-01-19 00:00:00+00:00,45.8455898068,49.3184381422,41.3248993013,48.7895273325,378732,,,,,,,,50.73861944659728,41.68805135183672,40.66156594579563,33.25159601540155,34.0153001647373,35.233221561482154,36.751290908385876,41.78148676082471,,,,,,,43.42189949340317,33.55105911729923,32.64963356660232,33.82286756343539,34.503043403957584,35.69438462566834,37.92566778290938,42.59907361855783,44.461314561069365,,,43.42189949340317,36.751290908385876,37.83036360690662,#000000,14.426479109951842,44.127534059408205,0.11909044017584479,58.18743466997842,5.3866485754077615,True,False,True,False,True,0.0,0.0,0.0,0.0,0.0,0,0.9854697493440819,0.9646057996823452,False,False,False,False,0.04791602319555073,0.1409588496935563,False,False,False,False,-18017599,-18742918.936993346,False,False,False,False,691371.1851810646,False,False,False,False
2024-01-26 00:00:00+00:00,50.1467324291,52.1625811755,45.6260419236,45.6260419236,484560,,,,,,,,50.41380403719553,41.96714897103758,40.8547961884404,33.36451539775512,34.11960351530947,35.32484774305977,36.829323665846495,41.82279412466925,,,,,,,43.78430626885246,33.73739795277704,32.77037817443353,33.929302067131815,34.60189753106462,35.7816158957418,37.99393157099881,42.63539536779853,44.486735814387785,,,43.78430626885246,36.829323665846495,37.95431501039976,"rgba(38, 166, 154, 0.5)",13.986682501300692,44.25501386638149,0.42123774255765145,58.07448977223771,5.3866485754077615,True,False,True,False,True,0.0,0.0,0.0,0.0,0.0,0,1.0101590197603265,0.9489146435029432,False,False,False,False,0.1473769494832534,0.14416789958840484,False,False,False,False,-17533039,-18653298.200919766,False,False,False,False,676051.8381306154,False,False,False,False
2024-02-02 00:00:00+00:00,44.4684258118,52.9709165639,40.8359062885,50.2165885738,815160,,,,,,,,49.21695980274608,42.20643113309449,41.04446716850801,33.51329399426512,34.25537872344203,35.4414530295112,36.92512574465762,41.861828110038914,,,,,,,44.000747141807516,33.978327087247344,32.93082034055943,34.06829285393217,34.72949337313249,35.89153735624846,38.07478897160668,42.66657327765617,44.50076313914913,,,44.000747141807516,36.92512574465762,37.99442116187346,#000000,13.631553164559833,44.11715131153902,0.025769220573797137,56.05937165621334,5.3866485754077615,True,False,True,False,False,0.0,0.0,0.0,0.0,0.0,0,0.9563891130233675,0.9539487926331348,False,False,False,False,0.09171867220952298,0.11794328589896391,False,False,False,False,-18348199,-18630698.260110892,False,False,False,False,686356.1464172365,False,False,False,False
2024-02-09 00:00:00+00:00,42.4126592684,44.2588573777,40.4117796958,43.4106041924,679768,,,,,,,,47.93079466616069,42.21356833425497,41.083066679245725,33.598711468368464,34.33131861674151,35.50338638505975,36.9716110332486,41.86560623445843,,,,,,,43.88179594059614,34.112470378681316,33.02459205383748,34.14657545691441,34.79951827724155,35.94854942122876,38.11018478840131,42.66429258410843,44.48528189339513,,,43.88179594059614,36.9716110332486,37.91224118720422,#000000,13.366504988209106,43.77730640506438,-0.102094536894137,53.98633805500272,9.35024155031904,True,False,False,False,False,0.0,0.0,0.0,0.0,0.0,0,0.9412904661050483,1.013434652647251,False,False,False,False,-0.034419377999465955,0.04176195394974898,False,False,False,False,-19027967,-18660125.57417675,False,False,False,False,685868.1355715153,False,False,False,False
2024-02-16 00:00:00+00:00,44.7179120427,46.4044389642,40.5465022606,42.52243321,411618,,,,,,,,47.518556662217016,42.25912796372271,41.132019991453866,33.65852053788328,34.385236875139015,35.548592152379314,37.00724874688081,41.87483835243623,,,,,,,43.882125086403086,34.20629982488714,33.089620685319645,34.201950821308316,34.849744739281704,35.990698998146534,38.1389402955949,42.66980723459235,44.48268354866675,,,43.882125086403086,37.00724874688081,37.91832031876157,#000000,13.019956442625531,43.69795742594917,0.07833779024111327,53.23160908832186,8.566920465241296,True,False,False,False,False,0.0,0.0,0.0,0.0,0.0,0,0.9739842232912997,0.9762296325903249,False,False,False,False,-0.002990323787903181,0.019385815080922898,False,False,False,False,-18616349,-18656882.864978474,False,False,False,False,665553.310714366,False,False,False,False
2024-02-23 00:00:00+00:00,41.9735635018,44.727891492,41.6442416769,43.6600904233,236290,,,,,,,,47.256528346617095,42.26716010320837,41.14837629872398,33.68885760341241,34.41233934220179,35.5709059279684,37.02427515809084,41.87720721542959,,,,,,,43.856174482633946,34.25328452434208,33.122807160782045,34.229853313798074,34.874824924357924,36.01132858463335,38.15216368957136,42.670096083233325,44.47843530434682,,,43.856174482633946,37.02427515809084,37.911020610007775,#000000,12.748621378125616,43.63205980779585,-0.13009220815370154,51.81909232913827,7.12639563541358,True,False,False,False,False,0.0,0.0,0.0,0.0,0.0,0,0.999066818879463,0.970138204124906,False,False,False,False,-0.010964923613646918,0.00421044573363799,False,False,False,False,-18852639,-18671383.31942451,False,False,False,False,633756.0284392277,False,False,False,False
2024-03-01 00:00:00+00:00,37.9219071106,42.7425798603,36.8091985203,41.7939334155,458282,,,,,,,,46.471810379486115,42.17718706727084,41.11082649910355,33.72390246843956,34.441862743689136,35.59223947356114,37.03640696579308,41.863502943526875,,,,,,,43.650649049850536,34.304854082447996,33.162620791160585,34.26074129666671,34.90093013078482,36.02975824030028,38.157688600542926,42.65262987171365,44.452784293523464,,,43.650649049850536,37.03640696579308,37.82053845088999,#000000,12.554373543219745,43.35261824892776,-0.43257523918911345,49.62264874808373,4.945699769450499,True,False,False,False,False,0.0,0.0,0.0,0.0,0.0,0,0.9630760141796658,0.9766670706225676,False,False,False,False,-0.10531533833270192,-0.05055244629953196,False,False,False,False,-19310921,-18718756.48094862,False,False,False,False,620757.9522585442,False,False,False,False
2024-03-08 00:00:00+00:00,39.8180024661,40.895782984,36.5746814632,38.3610028771,487487,,,,,,,,45.782635199612976,42.085181407589545,41.0711936534239,33.76027302869313,34.47246114076733,35.614267622543444,37.048790198939834,41.84874693522946,,,,,,,43.44814005885306,34.35784997201815,33.20396883035249,34.29276659341235,34.927954207951544,36.04874459419307,38.16314067889431,42.63391538422704,44.42545370336459,,,43.44814005885306,37.048790198939834,37.740242409267445,#000000,12.375207457123846,43.09678757986987,-0.2649478907832307,48.71415721468515,4.015775538942691,True,False,False,False,False,0.0,0.0,0.0,0.0,0.0,0,0.9822734791896819,0.9815529133981322,False,False,False,False,-0.13440523637833504,-0.0924788413389335,False,False,False,False,-18823434,-18726510.371248722,False,False,False,False,610886.0298690223,False,False,False,False
2024-03-15 00:00:00+00:00,37.2932018085,40.0774681463,36.5746814632,38.7102836005,672607,,,,,,,,44.891783484255264,41.92280406611341,40.98955528216904,33.79934109046816,34.504007191201104,35.63462701175364,37.056465743584745,41.82050527851196,,,,,,,43.13217244047356,34.41232400390176,33.24946903917635,34.3261720854982,34.954856906101334,36.065118704560035,38.161698536538744,42.60038281164858,44.380409128340524,,,43.13217244047356,37.056465743584745,37.61824855893581,#000000,12.221673138230235,42.73407881825282,-0.4451826642895055,47.32566054268766,2.6039650836542876,True,False,False,False,False,0.0,0.0,0.0,0.0,0.0,0,0.9923061006659413,0.9734821916121927,False,False,False,False,-0.145902087353694,-0.11919046434631375,False,False,False,False,-19496041,-18783512.640045114,False,False,False,False,615457.9535824282,False,False,False,False
2024-03-22 00:00:00+00:00,37.063674476,40.0076120016,35.7863049733,37.4728318948,462929,,,,,,,,44.36182074419701,41.80870097173377,40.929352006541265,33.82351776088347,34.52316212091567,35.64630393358994,37.05963408939233,41.79949266234166,,,,,,,42.921241165226824,34.44516180175698,33.277923751848455,34.34656864449583,34.970914055644734,36.07412649757316,38.15874557664377,42.57579321435077,44.34803468886584,,,42.921241165226824,37.05963408939233,37.5408363023244,#000000,12.0004810877184,42.50527872192471,-0.4534488414380141,46.26622301215122,1.502142419284361,False,False,False,False,False,0.0,0.0,0.0,0.0,0.0,0,1.0045901343217236,0.960613686153085,False,False,False,False,-0.15800110319195693,-0.13859578376913534,False,False,False,False,-19958970,-18870583.555597328,False,False,False,False,604159.5125763224,False,False,False,False
2024-03-29 00:00:00+00:00,38.4208795725,38.4907357172,35.9260172626,37.063674476,494418,,,,,,,,43.87446727045655,41.69315109877462,40.86725981258021,33.8489585850124,34.54331814128823,35.65858278619289,37.06293901823894,41.77724627881469,,,,,,,42.71282614996723,34.47942665032312,33.307861615515385,34.368031683117074,34.987808512209384,36.083591471035355,38.155588595913265,42.54976280898226,44.313764893332234,,,42.71282614996723,37.06293901823894,37.46831095192442,#000000,11.871046569370087,42.28692608294465,-0.3256702336944668,46.04231505892434,1.1762170734218458,False,False,False,False,False,0.0,0.0,0.0,0.0,0.0,0,1.0049161168939813,0.9752704422952239,False,False,False,False,-0.17751367135640184,-0.1580547275627686,False,False,False,False,-19464552,-18914581.218145676,False,False,False,False,596030.5116447429,False,False,False,False
2024-04-05 00:00:00+00:00,35.2374352651,38.5106946157,34.608729963,38.5106946157,440941,,,,,,,,43.4052439958855,41.5595378452027,40.78928565440662,33.86247065063956,34.552433113888256,35.661132567022825,37.057933486255216,41.75056047018684,,,,,,,42.4897659376577,34.49509354925165,33.32507094910152,34.37823386967593,34.994223658438,36.08378444085665,38.145144143161566,42.51982361503155,44.27674788974898,,,42.4897659376577,37.057933486255216,37.38513592241474,#000000,11.619325871103399,42.06095835828813,-0.5872563665812875,44.88507320860981,-0.07606239841678786,False,False,False,True,False,0.0,0.0,0.0,0.0,0.0,0,1.0141774840496387,0.9695390926263047,False,False,False,False,-0.1960180076361545,-0.17703636759946156,False,False,False,False,-19905493,-18987982.090875626,False,False,False,False,584542.3996710583,False,False,False,False
2024-04-12 00:00:00+00:00,34.399161529,37.7223181258,34.3492642828,35.6366132347,448552,,,,,,,,42.94634926191933,41.41506883388085,40.70222010470163,33.87226786023248,34.557919683444794,35.66017517331137,37.04952263903684,41.72066918023396,,,,,,,42.25690946881326,34.504674003657094,33.33847137315732,34.384786302347784,34.99706894028771,36.080507787997625,38.13136594161794,42.48668884659636,44.23655775551942,,,42.25690946881326,37.04952263903684,37.297573583244215,#000000,11.297128749930284,41.830136917328765,-0.6577755775665234,43.804199436722094,-1.2493213210239915,False,False,False,True,False,0.0,0.0,0.0,0.0,0.0,0,1.0187417114780635,0.9522086357305247,False,False,False,False,-0.22508792295553393,-0.20106214527749774,False,False,True,False,-20354045,-19089171.93599595,False,False,False,False,574469.0367324613,False,False,True,False
2024-04-19 00:00:00+00:00,38.97972873,40.0275709001,32.3932922318,34.4590382244,631760,,,,,,,,42.507517267280136,41.27618402419949,40.62150370330342,33.89968148642578,34.57896907153974,35.67171026386722,37.05015268360795,41.69002704628301,,,,,,37.13353062063334,42.02759614850824,34.53984241276416,33.37126683119927,34.40741067560527,35.01419124247458,36.08863228336417,38.12412524605045,42.45138430771826,44.191090634539705,,37.13353062063334,42.02759614850824,37.05015268360795,37.43635022414588,#000000,10.838837361098166,40.7362070151553,-0.16205412320877752,44.88966614476173,-1.2493213210239915,False,False,False,True,False,0.0,1.0,40.027573,32.39329,0.0,0,1.003549447875975,0.9593292430875664,False,False,True,False,-0.2199080305717758,-0.21048508792463677,False,False,False,False,-19722285,-19136069.19999625,False,False,False,False,578712.8117893161,False,False,False,False
2024-04-26 00:00:00+00:00,42.0434196465,43.9095766543,39.4188244965,39.4188244965,680244,,,,,,,,42.45362235881216,41.29354515027625,40.64929882172453,33.97046109268533,34.64187632741494,35.7228611833173,37.08812702642368,41.69074531727749,,,,,,39.5481179379312,42.01670000864039,34.64280300897039,33.44888500914175,34.472269228326276,35.07216721855721,36.13561125215659,38.15255044078123,42.446725067524376,44.17465894193522,,39.5481179379312,42.01670000864039,37.08812702642368,37.71375789439232,#000000,10.457020472169402,41.327996363915005,0.06841559548334442,46.76239411883414,-1.2493213210239915,False,False,False,False,True,0.0,0.0,0.0,0.0,0.0,0,1.0501815068022002,0.911671795440848,False,False,False,False,-0.11082040184842609,-0.16065274488653142,False,False,False,False,-19042041,-19129104.148144677,False,False,False,False,586233.6405456632,False,False,False,False
2024-05-03 00:00:00+00:00,42.6022688039,44.1191450884,39.5884751336,41.8039128648,350328,,,,,,,,42.44056460421401,41.30737876938864,40.6668863262911,34.00785757259186,34.675245988804704,35.75021229959476,37.10873228290846,41.692257034893494,,,,,,40.0866087688416,42.01870305100926,34.69696572975625,33.48978055170985,34.50663733463924,35.10301144444298,36.16082604167717,38.168261758528594,42.44548246435311,44.167382459540974,,40.0866087688416,42.01870305100926,37.10873228290846,37.789662869724644,#000000,10.044542743256555,41.46331379836337,0.11339042847931252,48.296002438505425,-1.2493213210239915,True,False,False,False,True,0.0,0.0,0.0,0.0,0.0,0,1.0439358565987762,0.9387404415554607,False,False,False,False,-0.12262289519496787,-0.14163782004074965,False,False,False,False,-18691713,-19096704.803837664,False,False,False,False,568759.1486533919,False,False,False,False
2024-05-10 00:00:00+00:00,42.5423921085,43.6101931771,41.065433621,42.8517550349,318243,,,,,,,,42.43943280077846,41.324167991894825,40.68578833878541,34.04279138767494,34.70652663373541,35.77603018864444,37.128429776801546,41.69462502261483,,,,,,40.459294493547084,42.026673720282844,34.74747399870712,33.527890927941286,34.538823988614816,35.131998664278434,36.18470496259753,38.183515844879516,42.44535313721898,44.161779496255086,,40.459294493547084,42.026673720282844,37.128429776801546,37.849886428196214,#000000,9.78885155758089,41.5623922516258,0.1001138745551054,49.36732651808919,-5.392099108425747,True,False,False,False,True,0.0,0.0,0.0,0.0,0.0,0,1.0433281065694235,0.9416564633958392,False,False,False,False,-0.11750953975091216,-0.1295736798958309,False,False,False,False,-19009956,-19090278.966516357,False,False,False,False,550202.3969012888,False,False,False,False
2024-05-17 00:00:00+00:00,44.6081381011,45.0472338677,42.1631730374,42.9615289766,403579,,,,,,,,42.499250614315336,41.373889362667185,40.730025189765264,34.09472382004963,34.75366154598781,35.8159910667231,37.16039674475786,41.70403037687178,,,,,,41.04841076397585,42.07532601018803,34.82321835894443,33.584021912969426,34.587149294591,35.17610979220322,36.222125484464165,38.209671397202534,42.45153503066662,44.1608864847843,,41.04841076397585,42.07532601018803,37.16039674475786,37.9569676873454,"rgba(38, 166, 154, 0.5)",9.625077091292189,41.74921918778661,0.29702815740560257,50.90610841244313,-3.8370992096558894,True,False,False,False,True,0.0,0.0,0.0,0.0,0.0,0,1.0514702472318938,0.9373537906654397,False,False,False,False,-0.07426606128412092,-0.10191987058997591,False,False,False,False,-18606377,-19054434.376404036,False,False,False,False,539341.4045382304,False,False,False,False
2024-05-24 00:00:00+00:00,43.3607069462,45.5262474312,43.061323469,44.7977476367,515089,,,,,,,43.98275928213334,42.57109622513995,41.435692124683996,40.78550488246616,34.16050657255545,34.81340534931525,35.86669696976913,37.20102048488558,41.71615059292434,,,,,,41.56973672522478,42.13529866239333,34.91854672420058,33.65508440896766,34.64839186934179,35.23204585350177,36.26962870728995,38.242959849693115,42.45957823515091,44.15997772400502,,41.56973672522478,42.13529866239333,37.20102048488558,38.98626174771071,#000000,9.493064836227358,42.564722723722845,0.0838490241254356,51.45393506577051,-3.232702297706119,True,False,False,False,True,0.0,0.0,0.0,0.0,0.0,1,1.0378588920654883,0.930269908509168,False,False,False,False,-0.05089747183347967,-0.07640867121172779,False,False,False,False,-19121466,-19059399.68185559,False,False,False,False,537544.9301279911,False,False,False,False
2024-05-31 00:00:00+00:00,41.9635840526,43.9395150021,40.7959884916,43.5503164817,224826,,,,,,,43.451097105437235,42.564097924572366,41.44385219925683,40.7962016946727,34.18387967049885,34.83431055242455,35.88390323022946,37.2140648659631,41.717347783872015,,,,,,41.6174710710121,42.13662172016864,34.951623860547514,33.68059460915297,34.66990946258164,35.25140125255971,36.28551876060426,38.252976868200456,42.45906000552519,44.15569630545758,,41.6174710710121,42.13662172016864,37.2140648659631,38.94953493179009,#000000,9.302046164002961,42.44232195529759,-0.05146587043936713,51.23288623333615,-3.232702297706119,True,False,False,False,True,0.0,0.0,0.0,0.0,0.0,1,1.0219693836622337,0.9704152551950184,False,False,False,False,-0.11648361249013069,-0.09644614185092923,False,False,False,False,-19346292,-19080650.964681104,False,False,False,False,514380.5649333251,False,False,False,False
2024-06-07 00:00:00+00:00,39.9177969585,42.8916728319,39.2491738594,42.6222277024,353448,,,,,,,42.55730226376275,42.504910578206825,41.43185552303211,40.794938607987824,34.213343078998506,34.8601170606614,35.90422142584855,37.228157534552835,41.713606762871386,,,,,,41.52281998667167,42.106396356112135,34.9921046654644,33.713195574684086,34.69662322511837,35.27492048889021,36.303876375772916,38.26254243908241,42.45270741492133,44.143619645684424,,41.52281998667167,42.106396356112135,37.228157534552835,38.853348986003866,#000000,9.08180986477621,42.17285729618834,-0.2483051694832977,50.20842704190463,-3.232702297706119,True,False,False,False,True,0.0,0.0,0.0,0.0,0.0,1,0.9677927676699382,1.016653495741582,False,False,False,False,-0.16119524391146087,-0.12882069288119505,False,False,False,False,-19699740,-19126509.411741763,False,False,False,False,502459.63419752324,False,False,False,False
2024-06-14 00:00:00+00:00,38.8000986436,41.6542211262,38.5705713111,39.229214961,449260,,,,,,,41.71787524496662,42.395904293634864,41.397192810800696,40.778825542324455,34.244619226902515,34.88695561704332,35.92439136536737,37.240715862374586,41.70424859975411,,,,,,41.31140795125168,42.04365381899603,35.033748493485945,33.74825218345097,34.724562672745485,35.29899100563346,36.32165673162432,38.26956504208002,42.44011320776178,44.12393561143355,,41.31140795125168,42.04365381899603,37.240715862374586,38.73960422385593,#000000,8.863252489638432,41.8672103272123,-0.3460480999720923,49.015909933172004,-3.232702297706119,False,False,False,False,True,0.0,0.0,0.0,0.0,0.0,1,0.9355096440694731,1.090195140425059,False,False,False,False,-0.19461827645813307,-0.16171948466966407,False,False,False,False,-20149000,-19202249.455316447,False,False,False,False,498518.9205532623,False,False,False,False
2024-06-21 00:00:00+00:00,38.9098725853,39.5585367859,37.023756679,38.440838471,435256,,,,,,,41.00916854509204,42.25565277850991,41.34280392207229,40.7474628221236,34.2680835356177,34.90634857088857,35.93765673176933,37.24693381325248,41.6900498775231,,,,,38.497388683400004,41.03061714328483,41.95715821934146,35.063334997708736,33.77515448013824,34.7449655790962,35.315853129202026,36.33271811064719,38.27065721821238,42.422869979226476,44.100025769855534,,41.03061714328483,41.95715821934146,37.24693381325248,38.99468251272887,#000000,8.600788753952251,40.69820678757169,-0.20792676735025178,48.2188320246461,-3.232702297706119,False,False,False,False,False,0.0,0.0,0.0,0.0,0.0,1,0.8569075770364668,1.1309774339260552,False,False,False,False,-0.2594294707455797,-0.2105744777076219,False,False,False,False,-19713744,-19240137.94010782,False,False,False,False,493832.7782900577,False,False,False,False
2024-06-28 00:00:00+00:00,42.0035018496,42.0035018496,38.480756268,38.8799342376,544552,,,,,,,40.970327762391776,42.19421664754743,41.33102932644324,40.74884574148552,34.313064028152795,34.945885710116954,35.969006392273144,37.26897341782273,41.68530783671974,,,,,39.79337887014754,41.00826899861996,41.923759066777684,35.124303746870446,33.82479585475468,34.78585407504164,35.35198069950124,36.36113803030843,38.285911550681014,42.414197749376704,44.08272852849689,,41.00826899861996,41.923759066777684,37.26897341782273,39.12319900431911,#000000,8.383979577955754,40.991548069676675,0.12070088798690352,49.136536133742716,-3.232702297706119,False,False,False,False,False,0.0,0.0,0.0,0.0,0.0,1,0.852630548920045,1.1116026238000605,False,False,False,False,-0.15669194370887163,-0.18363321070824676,False,False,False,False,-19169192,-19234882.685285017,False,False,False,False,497589.7576759793,False,False,False,False
2024-07-05 00:00:00+00:00,41.2350842581,43.3906452939,40.6961939992,41.8238717633,216645,,,,,,,41.03389155221234,42.18713698001219,41.335033183390436,40.75569541914725,34.33335772559037,34.96397106928392,35.98376976019656,37.27997314701977,41.68550173936854,,,,,40.152010712707835,41.04064823438409,41.92201504103193,35.152160154772154,33.84698903977015,34.80448787777335,35.3686788254958,36.3747145482826,38.29416539377411,42.41281466576784,44.0778812193813,,41.04064823438409,41.92201504103193,37.27997314701977,39.17589380430188,#000000,8.09825193856267,41.10342186982911,0.01625812450263901,49.42304143899322,-3.232702297706119,False,False,False,False,False,0.0,0.0,0.0,0.0,0.0,1,0.915384722088145,1.0873028533379765,False,False,False,False,-0.05713059850464104,-0.1203819046064439,False,False,False,False,-19385837,-19246064.486375015,False,False,False,False,476779.034885166,False,False,False,False
2024-07-12 00:00:00+00:00,47.392404439,48.5699794492,41.2750020551,41.7340567201,360894,,,,,,,41.582444537035734,42.28427976547754,41.40046401602128,40.81062732185974,34.38483498132177,35.01133407123333,36.02495299857115,37.3142676373968,41.700239533242666,,,,,41.44829426419323,41.35028006442793,41.99477070009597,35.22557448101446,33.902071917746,34.85287351769501,35.41343247854373,36.41370635442371,38.32342345823169,42.42476611827187,44.0836943681977,,41.35028006442793,41.99477070009597,37.3142676373968,39.43836420491937,"rgba(38, 166, 154, 1.0)",7.837776267420704,41.66632465778361,0.7305745387270106,52.154248330911884,-1.9708759266332123,True,False,False,False,True,0.0,0.0,0.0,0.0,0.0,1,0.9277800078265585,1.022715706840384,False,False,False,False,0.12681043452676813,0.003214264960162111,False,False,False,False,-19024943,-19229685.117013905,False,False,False,False,468194.95822700555,False,False,False,False
2024-07-19 00:00:00+00:00,55.7851212495,57.5714426634,47.3425071928,48.3404521167,806629,,,,,,53.56635703523333,44.05686572910296,42.93304418041768,41.79089209449431,41.116935605012735,34.57628602124422,35.191743551379616,36.18880932461,37.46009670414384,41.79573191821366,,,,,45.583184320158814,42.91668109001005,42.46680491127782,35.50532603869065,34.1034513341063,35.036030930420154,35.586743555047015,36.571754301333854,38.45602921275478,42.51335157977762,44.156992386240915,,42.91668109001005,42.46680491127782,37.46009670414384,42.40395423385046,"rgba(0, 255, 255, 0.75)",7.785129921481733,46.53077204362629,1.188721228702673,56.51606210317979,2.218551334875471,True,False,True,False,True,3.3263121749901714,0.0,0.0,0.0,0.0,0,1.0441648623026396,0.9258956617527463,False,False,False,False,0.34282824990501487,0.1730212574325885,False,False,False,False,-18218314,-19154768.737975836,False,False,False,False,493264.14650648664,False,False,False,False
2024-07-26 00:00:00+00:00,54.6275051377,56.5385696671,52.4519852035,55.9348129881,667572,,,,,,54.00696526068032,45.58672003861133,43.46030405955131,42.12072572533096,41.378490042081715,34.73983714162508,35.346186744745985,36.32958498172858,37.58599357991839,41.88004488250473,,,,,47.55540698076319,44.031744062301044,42.86106608474351,35.74260630931641,34.275198544030665,35.19274177603796,35.73532171342835,36.7077335669605,38.570997561821976,42.591967843758475,44.22298767575333,,44.031744062301044,42.86106608474351,37.58599357991839,43.10192271074105,"rgba(0, 255, 255, 0.75)",7.660070491913978,47.79520908558897,0.891936446188484,59.06327785066448,4.561631404624308,True,False,True,False,True,2.6275656202712305,0.0,0.0,0.0,0.0,0,1.051918187066855,0.9571569431915501,False,False,False,False,0.3428282504030524,0.25792475391782044,False,False,False,False,-18885886,-19134851.498125773,False,False,False,False,506175.839357858,False,False,False,False
2024-08-02 00:00:00+00:00,45.7358158652,55.1963337443,44.7378709412,54.9668064118,649859,,,,,,52.339441206594586,45.956176377385646,43.67613769266176,42.27883890160912,41.51212060618105,34.84915874684692,35.44805046967919,36.420219050225825,37.66415551452536,41.922770821855174,,,,,47.7321551832595,44.418244458510735,43.0365568766542,35.896244921151364,34.391089987886076,35.29646164098881,35.832426151330914,36.79438891139653,38.64000395810991,42.629685630719415,44.24963884139154,,44.418244458510735,43.0365568766542,37.66415551452536,43.1237006211894,"rgba(38, 166, 154, 0.5)",7.466159991375389,47.61150430643762,-0.2512253211027268,57.23017603378162,4.561631404624308,True,False,True,False,True,0.0,0.0,0.0,0.0,0.0,0,1.0275742535250036,0.9749947763058041,False,False,False,False,0.16971050039778188,0.21381762715780117,False,False,False,False,-19535745,-19164547.31307942,False,False,False,False,516819.03644246113,False,False,False,False
2024-08-09 00:00:00+00:00,43.8995972051,45.895487053,40.1273653925,43.3706863954,426924,,,,,,50.82788345758221,45.756070222060124,43.6661585963249,42.29517690298167,41.53381241142252,34.892897014838915,35.48766266862354,36.45359524736636,37.6904461134434,41.92856782386026,,,,43.30748321686667,47.27235808935925,44.35922712702899,43.0419320676774,35.954164871006874,34.438371338695525,35.33710020164596,35.86943416126028,36.82553138361854,38.6610979381063,42.63248969664782,44.2458477713372,,44.35922712702899,43.0419320676774,37.6904461134434,43.801426696231054,#000000,7.243138634429992,46.79094874646706,-0.3991848958437887,55.29749901377392,4.561631404624308,True,False,True,False,False,0.0,0.0,0.0,0.0,0.0,0,0.9935437916596946,0.9821082853829993,False,False,False,False,-0.08076850014928572,0.06652456350425773,False,False,False,False,-19962669,-19223667.4380365,False,False,False,False,510160.1448541307,False,False,False,False
2024-08-16 00:00:00+00:00,47.6219317715,47.811541307,42.8317961365,44.6081381011,415904,,,,,,50.16349689080118,45.77885415396734,43.728393172566264,42.35297570628281,41.586797711245296,34.94901240444858,35.53945794247714,36.498867397717525,37.72838773172654,41.94546433372529,,,,44.67977271053648,47.16352127836283,44.444326936396024,43.09969791903087,36.030738274019114,34.49824465463464,35.38997076022889,35.91848450738155,36.86847875077453,38.69365485168106,42.64636202304902,44.2530423911273,,44.444326936396024,43.09969791903087,37.72838773172654,43.90285747532082,"rgba(38, 166, 154, 0.5)",7.28754875938598,46.94641125841695,0.09269516203414975,55.08561237145056,4.561631404624308,True,False,True,False,False,0.0,0.0,0.0,0.0,0.0,0,1.0153897692897254,0.9839300199130943,False,False,False,False,0.002007028872240311,0.03426579618824902,False,False,False,False,-19546765,-19247600.59077454,False,False,False,False,503178.2081982692,False,False,False,False
2024-08-23 00:00:00+00:00,52.0128894369,53.889025894,46.8435347308,47.6718290177,261568,,,,,,50.224395476950875,45.991148749374574,43.842673947888436,42.434247789103985,41.654551673927024,34.99918447015873,35.58656075249901,36.54134406719258,37.76575046230441,41.96831924423455,,,,46.15657557131284,47.368566497909214,44.63859318732059,43.19179980454313,36.10113464778027,34.55113626714083,35.43783807274694,35.963619286431836,36.909319184927234,38.727254214245676,42.66718401690642,44.26936240693993,,44.63859318732059,43.19179980454313,37.76575046230441,44.16036873461109,"rgba(38, 166, 154, 1.0)",7.409942254066524,47.435171573886876,0.617780504362352,56.16123360345112,4.561631404624308,True,False,True,False,False,1.142341470854472,0.0,0.0,0.0,0.0,0,1.0389042330771041,0.9205465345621295,False,False,False,False,0.18443513920574453,0.10935046769699677,False,False,False,False,-19285197,-19250385.509976428,False,False,False,False,485281.15573913814,False,False,False,False
2024-08-30 00:00:00+00:00,51.6037320181,52.851163173,49.9521331689,52.2024989725,275038,,,,,,50.32210254847327,46.219304737246304,43.9680927529801,42.5235308346756,41.728939170096375,35.05342532742441,35.637557324688686,36.58744967081268,37.806454775696714,41.99370578501618,,,,47.21579347520905,47.5914104144784,44.84761676052671,43.2931111276026,36.177182347442496,34.60825526763074,35.48964288103384,36.01253351262759,36.953695522227775,38.76398163308554,42.690428124836416,44.287859820067666,,44.84761676052671,43.2931111276026,37.806454775696714,44.388708416873094,"rgba(38, 166, 154, 1.0)",7.516423292961767,47.83715279385176,0.5011132392949704,56.772382151103265,4.561631404624308,True,False,True,False,False,0.9124428656937766,0.0,0.0,0.0,0.0,0,1.1070524717396446,0.9104994094827619,False,False,False,False,0.2230156518900003,0.16618305979349854,False,False,False,False,-19560235,-19273337.32405225,False,False,False,False,469707.5886473501,False,False,False,False
2024-09-06 00:00:00+00:00,50.2964241677,51.434081381,49.4980682285,50.8951911221,206026,,,,,,50.32695795133456,46.346082841902884,44.04647922184706,42.58147837500696,41.777945616065075,35.091215399609204,35.67300174478809,36.61935481878115,37.83443537240786,42.010517253862176,,,,47.63080971475491,47.70164763740818,44.97225696010041,43.35776593193521,36.22974425288058,34.64811727416866,35.52567165748336,36.046474813509306,36.98434680768928,38.78907237528001,42.705667868388296,44.29961863743541,,44.97225696010041,43.35776593193521,37.83443537240786,44.497116850323586,"rgba(38, 166, 154, 1.0)",7.572102881170157,48.00137453635013,0.30309276925661766,56.69248204349067,4.561631404624308,True,False,True,False,False,0.17244553877681312,0.0,0.0,0.0,0.0,0,1.1057427785416358,0.9036279229712683,False,False,False,False,0.1881284460528983,0.1771557529231984,False,False,False,False,-19766261,-19309850.188937265,False,False,False,False,450175.61911791674,False,False,False,False
2024-09-13 00:00:00+00:00,50.6357254418,50.8253349774,47.4023838882,50.5558898479,234280,,,,,,50.285029574796006,46.45501346985423,44.1225683137966,42.639813511018836,41.82797574918606,35.1317625151994,35.7109555971209,36.653392934264694,37.86411725699326,42.02776600761123,,,,47.887053176718226,47.783394329316955,45.08777997628441,43.42181280625826,36.28574759818668,34.6909470716204,35.56427155476108,36.08276896143737,37.01699544581779,38.815546152878625,42.72115863115924,44.31121698645124,,45.08777997628441,43.42181280625826,37.86411725699326,44.57961885054163,"rgba(38, 166, 154, 1.0)",7.556517320773865,48.10262263767136,0.33522093533284236,56.74166556171518,4.561631404624308,True,False,True,False,False,0.3651272638650873,0.0,0.0,0.0,0.0,0,1.0877494838264157,0.9017549896761144,False,False,False,False,0.13847120815565828,0.15781348053942834,False,False,False,False,-19531981,-19326304.32309006,False,False,False,False,434183.3510351081,False,False,False,False
2024-09-20 00:00:00+00:00,52.3122729141,54.7472585286,49.6776983148,50.8652527744,700491,,,,,,50.580760889825264,46.978801872153085,44.44107962450251,42.87206333552645,42.022949071794685,35.27337649068375,35.844395662116824,36.77449594031803,37.971594455403256,42.0965419068918,,,,49.09853861986785,48.28742814418158,45.582831655478,43.68359442271339,36.4828496526093,34.83981489477575,35.699748877462795,36.2109541409731,37.13373484256474,38.91297596653063,42.784525875881656,44.36258905674282,,45.582831655478,43.68359442271339,37.971594455403256,45.00308972886522,"rgba(38, 166, 154, 1.0)",7.568034227259953,48.73638238150694,0.47249925478835036,57.31036900592669,4.561631404624308,True,False,True,False,False,1.3217105704230185,0.0,0.0,0.0,0.0,0,1.1133316252447059,0.8683064309498575,False,False,False,False,0.2536864719710681,0.2057499762552482,False,False,False,False,-18831490,-19289651.41026858,False,False,False,False,453909.84355102596,False,False,False,False
2024-09-27 00:00:00+00:00,50.9949856145,53.4000328812,50.4860337032,52.9609371147,215478,,,,,,50.62715100841329,47.10463365953083,44.52671949459401,42.93669602116566,42.07792379588698,35.31489730498379,35.883478883258235,36.809896289561806,38.00291408744872,42.11623382503197,,,,49.29769414061451,48.39956699496536,45.7087406392406,43.755430029617365,36.54016322129481,34.88349184760943,35.73943971887718,36.24847149343704,37.16783037693053,38.94128502378319,42.802585383984315,44.37702827885377,,45.7087406392406,43.755430029617365,38.00291408744872,45.09747190053234,"rgba(38, 166, 154, 1.0)",7.612045938033411,48.857261450881,0.28083437501840547,57.12649818648901,4.561631404624308,True,False,True,False,False,0.5454139772498401,0.0,0.0,0.0,0.0,0,1.11869891008128,0.8672513623977732,False,False,False,False,0.24344508442797075,0.22459753034160948,False,False,False,False,-19046968,-19271674.861359794,False,False,False,False,436248.2255102092,False,False,False,False
2024-10-04 00:00:00+00:00,53.5197862721,55.5855322647,49.249679737,50.8951911221,405232,,,,,,50.7932344012537,47.37981285378154,44.70775206904989,43.07155270925435,42.191956480094774,35.3979165778976,35.96182544381199,36.881183152763185,38.06640020547657,42.15752945885244,,,,49.74761271432856,48.66005173633676,45.975509004117626,43.90642966031989,36.654964872432764,34.97065733988501,35.8189513192582,36.32381063933237,37.236619012773836,38.99901221841227,42.84078005364883,44.40834050767094,,45.975509004117626,43.90642966031989,38.06640020547657,45.308887650096985,"rgba(0, 255, 255, 0.75)",7.670342849733126,49.14517792642514,0.5703276152547814,57.829015486829775,4.561631404624308,True,False,True,False,False,1.9976491291925313,0.0,0.0,0.0,0.0,0,1.1169605326710428,0.8518504924551992,False,False,False,False,0.26151817653961124,0.24305785344061037,False,False,False,False,-18641736,-19225012.72348129,False,False,False,False,433950.7273242678,False,False,False,False
2024-10-11 00:00:00+00:00,55.9148540896,57.0965206741,52.4919030004,53.3700945335,313382,,,,,,51.03898614465725,47.66104158681563,44.882120835609356,43.19830497609686,42.297955225671416,35.470304134308385,36.030428873400176,36.94407182233959,38.12301161360758,42.19635765216563,,,,50.239337536562815,48.94585268417527,46.235909812725296,44.05020631228144,36.755590374941875,35.04642468638521,35.88849856242629,36.38996997561446,37.29749076147211,39.050985035579956,42.87714734864873,44.43923868933487,,46.235909812725296,44.05020631228144,38.12301161360758,45.53053054895372,"rgba(0, 255, 255, 0.75)",7.546103458281137,49.47130448805274,0.8538909699781644,59.07060128963765,4.960848915365858,True,False,True,False,True,3.3504186009370294,0.0,0.0,0.0,0.0,0,1.144740861839096,0.8343357030211247,False,False,False,False,0.3428282504298881,0.2929430519352493,False,False,False,False,-18328354,-19158593.55877897,False,False,False,False,425019.7104854331,False,False,False,False
2024-10-18 00:00:00+00:00,58.1901685162,63.968269626,55.8948951911,55.8948951911,760731,,,,,59.351111111099996,52.0364900762551,48.603187909412014,45.444855896482,43.59898958546112,42.62954453376558,35.680693454522526,36.23090340029414,37.129583387309104,38.292237012601866,42.31974447465421,,,,51.883826224757854,49.94827676356639,47.079768339375434,44.51016348476217,37.04984458084811,35.26575725187119,36.09144723104866,36.584006770636044,37.47774297210538,39.208158809951996,42.99428872980177,44.54247116732181,,47.079768339375434,44.51016348476217,38.292237012601866,48.508621392493765,"rgba(0, 255, 0, 1.0)",7.390266511557668,53.304926043919835,0.6610373881158572,60.61905949793922,6.5841930111860805,True,False,True,False,True,4.6147649046017065,0.0,0.0,0.0,0.0,0,1.1883951856385568,0.7972900709976201,False,False,False,False,0.34282825099283065,0.31788565146403996,False,False,False,False,-17567623,-19040743.887758307,False,False,False,False,449887.21341243805,False,False,False,False
2024-10-25 00:00:00+00:00,52.6715330867,57.8009699959,52.4420057542,57.8009699959,322624,,,,,57.84832636237687,52.14634473059498,48.791627125537765,45.58862288027269,43.710443749144204,42.72503552478391,35.750019578206405,36.29655657484582,37.18967764837893,38.3461900670339,42.35619203696919,,,,52.05595742219371,50.11928493017931,47.27168393325686,44.63346093013175,37.14461846456045,35.338345387202686,36.158016825813284,36.647289695332006,37.53586925797722,39.2575676409797,43.028294586555035,44.57104915037025,,47.27168393325686,44.63346093013175,38.3461900670339,48.4890787588472,"rgba(38, 166, 154, 1.0)",7.200600596736428,53.042478361336215,-0.05151587977318711,59.19609794918041,6.5841930111860805,True,False,True,False,True,1.2832204418564181,0.0,0.0,0.0,0.0,0,1.1017381285082708,0.8813463754256536,False,False,False,False,0.18539479351850216,0.25164022249127105,False,False,False,False,-17890247,-18955521.896072507,False,False,False,False,440460.3087152204,False,False,False,False
2024-11-01 00:00:00+00:00,53.1206083025,56.9527168105,52.6216358405,53.599621866,280210,,,,,57.10510703626611,52.230517705188475,48.943425799132434,45.70873905593291,43.80472355897865,42.8061979746206,35.80957840505641,36.35296263199223,37.24130965332208,38.392542439547,42.3874758009627,,,,52.18249665272802,50.25486403871806,47.42863241340856,44.737265881664754,37.225744589909596,35.40070148687317,36.215209602879284,36.701661178925406,37.58581014326087,39.300011779767694,43.057473741444426,44.59554908867388,,47.42863241340856,44.737265881664754,38.392542439547,48.52019701166385,"rgba(38, 166, 154, 1.0)",7.131189278251809,52.94324635822517,0.024871299492181663,58.329577061229486,6.5841930111860805,True,False,True,False,True,1.538474846005176,0.0,0.0,0.0,0.0,0,1.1019865273006608,0.8898283581483688,False,False,False,False,0.17486429825096228,0.21325226037111666,False,False,False,False,-17610037,-18855856.348215286,False,False,False,False,428589.91547705594,False,False,False,False
2024-11-08 00:00:00+00:00,61.762811344,63.7786600904,52.1526017263,52.5318207974,599173,,,,,57.75419621733088,52.786763164495454,49.52271330197982,46.098992717959405,44.09475824338884,43.0502510434501,35.96987040660126,36.50579147641639,37.38285296920685,38.52175728112897,42.48182534206097,,,59.231357720233326,52.96216061301947,50.84600450858997,47.971568406571535,45.06487740670583,37.44690595406596,35.56770336293195,36.369901699240096,36.849642361092585,37.72337820802023,39.420088359851796,43.14705051554887,44.67448911279952,,47.971568406571535,45.06487740670583,38.52175728112897,50.63333923002746,"rgba(0, 255, 0, 1.0)",7.292422199787766,55.68361942876978,0.8336313708505719,60.16583839624013,6.5841930111860805,True,False,True,False,True,6.215571308234072,0.0,0.0,0.0,0.0,1,1.0800621605359866,0.8414753985967158,False,False,False,False,0.2769085870519051,0.24508042371151087,False,False,False,False,-17010864,-18719190.248347487,False,False,False,False,441225.69951579254,False,False,False,False
2024-11-15 00:00:00+00:00,64.3774270448,66.4531524866,62.8306124127,63.0701191944,459571,,,,,59.0442334660272,53.4626743248522,50.14500228553262,46.498648441544645,44.38559209430201,43.292556004879984,36.11912905200858,36.648766973858784,37.516336718443206,38.64497871220112,42.57624793708333,,,61.54165015051107,53.868657639302775,51.505101359903314,48.536698912132074,45.396993622679915,37.65426350011705,35.72267288913018,36.514446602369574,36.988513802905956,37.85353411716968,39.53569301050717,43.23760080291135,44.756389842822934,,48.536698912132074,45.396993622679915,38.64497871220112,51.43852522967878,"rgba(0, 255, 0, 1.0)",7.62700912454599,56.97930389517331,0.969990074591274,62.0790712362501,8.08722446812068,True,False,True,False,True,7.5414707219993495,0.0,0.0,0.0,0.0,0,1.1430686113172968,0.8262738291143887,False,False,False,False,0.34282825160462743,0.29395433765806916,False,False,False,False,-16551293,-18558605.266988415,False,False,False,False,442584.61066277087,False,False,False,False
2024-11-22 00:00:00+00:00,66.383296342,67.2115906289,61.7179038224,63.968269626,481179,,,,,60.04852872702372,54.12310505820711,50.76649954136262,46.911162670035964,44.689443151090764,43.54688945005275,36.276737697436694,36.799833804868086,37.65751557941062,38.77546481245838,42.67670308426031,,,62.65485826282383,54.71900340130918,52.156908232356216,49.10751138971558,45.742458335195316,37.87237223203821,35.8862274577254,36.66714777923,37.13530480337162,37.99124536957402,39.65823752993692,43.33401874906135,44.843785870442254,,49.10751138971558,45.742458335195316,38.77546481245838,52.09194787691202,"rgba(0, 255, 0, 1.0)",8.031982414400513,57.88637386234096,1.0578860910383632,63.88886919608885,9.826151070776362,True,False,True,False,True,8.54428718534701,0.0,0.0,0.0,0.0,0,1.1250753023098816,0.8280903333868557,False,False,False,False,0.3378575203704275,0.3159059290142483,False,False,False,False,-16070114,-18374272.58054483,False,False,False,False,445443.45431738044,False,True,False,False
2024-11-29 00:00:00+00:00,64.8065433621,69.4170489108,64.8065433621,67.5009946568,367785,,,,66.34337854500001,60.756250565067944,54.63097036781238,51.24592395551188,47.234984729124356,44.92948219601686,43.74826911030513,36.40118220032191,36.91923101694873,37.76928177444835,38.87898938387765,42.75709200030745,,,63.36596417210353,55.354675067020644,52.658260157010766,49.549759938368226,46.01483558231246,38.04423875245213,36.01526619451257,36.78780622581112,37.25139896566624,38.100336668512384,39.75563692078573,43.411305674149425,44.914136310814364,,49.549759938368226,46.01483558231246,38.87898938387765,54.71550030793321,"rgba(0, 255, 0, 1.0)",8.248073848061814,61.45506708729803,0.40633441656072455,64.44018548199146,10.356536335158395,True,False,True,False,True,7.559849046371031,0.0,0.0,0.0,0.0,0,1.1627322150177002,0.8023083408437448,False,False,False,False,0.34282825184550864,0.32936709042987844,False,False,False,False,-16437899,-18230837.50050447,False,False,False,False,439690.9762197967,False,False,False,False
2024-12-06 00:00:00+00:00,65.3154952733,67.2115906289,62.8006740649,64.926296753,331780,,,,65.75807472567617,61.15708820326437,55.009613176917846,51.620439334071555,47.49970578773034,45.12928247657158,43.917148990116196,36.50797266519229,37.02163167330732,37.865039323080396,38.96754776096304,42.82537394891323,,,63.624232345129826,55.81325541948574,53.04293973498546,49.901763456470704,46.23989517262659,38.190825378885684,36.1260391038347,36.89130390963357,37.35092962744048,38.193761619977494,39.838843031417234,43.47685411602608,44.973573610818704,,49.901763456470704,46.23989517262659,38.96754776096304,54.966700735635854,"rgba(0, 255, 0, 1.0)",8.503678054040313,61.588162673389036,0.43832005118538275,64.96043243703812,10.89611398941851,True,False,True,False,True,7.820581401303109,0.0,0.0,0.0,0.0,0,1.158501857499176,0.8117925960184473,False,False,False,False,0.2896143005194737,0.30949069547467606,False,False,False,False,-16106119,-18073450.944911547,False,False,False,False,431697.5705738858,False,False,False,False
2024-12-13 00:00:00+00:00,64.8664200575,68.3292889437,64.3674475956,65.4152897657,381935,,,,65.79208717867213,61.60729338715765,55.44272385823933,52.04974485788298,47.80738941834246,45.36283998239683,44.11500221256092,36.63310425828239,37.141697778946245,37.977437545200864,39.07164071355119,42.906074475141864,,,63.949160278366506,56.3287680831753,53.482941859900826,50.30667236074474,46.50247073427485,38.36223455230376,36.25576927272498,37.01263610222285,37.46768139251935,38.303467787055446,39.93675816117731,43.554405125029426,45.04408031344653,,50.30667236074474,46.50247073427485,39.07164071355119,55.32692520167567,"rgba(0, 255, 0, 1.0)",8.74067656415521,61.9193272318429,0.3371698751264722,65.10310555089443,11.10928970969016,True,False,True,False,True,7.53329053695818,0.0,0.0,0.0,0.0,0,1.1736594895069425,0.7960326922245164,False,False,False,False,0.32333276683045997,0.31641173115256804,False,False,False,False,-16488054,-17956014.134177357,False,False,False,False,428011.4542350794,False,False,False,False
2024-12-20 00:00:00+00:00,59.0484011508,66.2036662557,57.3918125771,65.1957418824,446324,,,,64.35749448038563,61.53417029168096,55.68522516122229,52.35041860044748,48.05857713185618,45.5645485695785,44.28986833510949,36.753328879390665,37.25666132062275,38.08441759648916,39.16986767836046,42.979384134338865,,,63.502818826866466,56.586439314130274,53.768413445513495,50.61129106892313,46.72394334508623,38.52411846613894,36.380710975283996,37.12891453521986,37.57921899405678,38.407628454171125,40.0284736083793,43.62429292489909,45.106326430036155,,50.61129106892313,46.72394334508623,39.16986767836046,55.31787916661121,"rgba(38, 166, 154, 1.0)",8.863845124468659,61.49523072826583,-0.27604606613797406,62.51686977252528,11.10928970969016,True,False,True,False,False,3.9144452688409324,0.0,0.0,0.0,0.0,0,1.1287724699022292,0.8050546973773611,False,False,False,False,0.20218131281962992,0.259296521986099,False,False,False,False,-16934378,-17880337.38349755,False,False,False,False,429367.939106555,False,False,False,False
2024-12-27 00:00:00+00:00,58.0404767776,59.7170242499,57.5914015619,58.4496341965,169776,,,,63.76665276999294,61.42035369002041,55.731330730791434,52.42839631253866,48.13396760305734,45.627942450640205,44.34582234815759,36.794170939729966,37.2956290841027,38.120536815746334,39.202841281503375,43.00334691311465,,,63.23782936615507,56.62570804596078,53.83612847135898,50.696250016267065,46.7922438783452,38.57845640077374,36.42322104096221,37.168350734797954,37.61696958584254,38.44273817784369,40.059106782725586,43.64700442023566,45.12624573821196,,50.696250016267065,46.7922438783452,39.202841281503375,55.26688608844879,"rgba(38, 166, 154, 1.0)",8.965933866663422,61.2626359680323,-0.3593779787304402,60.25341299587901,14.352450724541796,True,False,True,False,False,3.307470285975466,0.0,0.0,0.0,0.0,0,1.1212810834808737,0.8652586589694998,False,False,False,False,0.10774381593935721,0.1835201689627281,False,False,False,False,-17104154,-17822842.318053287,False,False,False,False,410138.90658014355,False,False,False,False
2025-01-03 00:00:00+00:00,59.3777229758,59.9864693794,56.9776654336,57.7311138512,306198,,,,63.004742892952116,61.2556432162259,55.820374744098054,52.571564989622225,48.271482523921776,45.743623866750006,44.44796983788994,36.868563761246975,37.36664194168436,38.18641178974487,39.26304406206345,43.047299684219134,,,62.852700621768506,56.704619832533744,53.961843922654445,50.85125626428736,46.91687698225332,38.677331446858794,36.50062297257339,37.240208421320034,37.68578643994803,38.50679243724274,40.11508788232404,43.6887020622319,45.16290982424872,,50.85125626428736,46.91687698225332,39.26304406206345,55.221110599031746,"rgba(38, 166, 154, 1.0)",9.100552374885602,60.95442664087007,-0.1732536224307912,59.09878305026227,13.258296567617833,True,False,True,False,False,4.046303916979955,0.0,0.0,0.0,0.0,0,1.1013894754322489,0.873306425371422,False,False,False,False,0.09394621983019866,0.13873319439646337,False,False,False,False,-16797956,-17746924.813012302,False,False,False,False,402439.58016679954,False,False,False,False
2025-01-10 00:00:00+00:00,56.224217016,60.7249486231,54.7272996301,59.4775174681,341374,,,,62.16348808716275,60.99352106269339,55.86467763243463,52.68564030915906,48.398590549139854,45.855118034713335,44.54798797151547,36.94506720997777,37.43955184688392,38.253852367548475,39.324414655757785,43.09119886485134,,57.22548842306666,62.358250952682,56.72505087258342,54.051805832581685,50.98466162571681,47.03498968527654,38.77799085766594,36.580308106734144,37.31401657326775,37.75636596303621,38.572289785415485,40.171939569012984,43.73015739947362,45.19891286314996,,50.98466162571681,47.03498968527654,39.324414655757785,56.14511753472203,"rgba(38, 166, 154, 1.0)",9.17303798113724,60.6851871314012,-0.48631327206694375,56.947871495812095,11.206322365810877,True,False,True,False,False,2.1334933586090763,0.0,0.0,0.0,0.0,0,1.0828074883121697,0.9034960832402611,False,False,False,False,0.07309886463894226,0.10591602951770282,False,False,False,False,-17139330,-17701917.789826207,False,False,False,False,397916.2038581477,False,False,False,False
2025-01-17 00:00:00+00:00,60.8746403617,62.8705302096,55.9847102343,55.9847102343,350044,,,,61.87080880218361,60.92577432083475,55.99136779017166,52.86276573885086,48.56374819694141,45.99368349413879,44.67030853252978,37.03322386618695,37.52382782097619,38.332226622520864,39.39628183990789,43.144427486113145,,58.584555243245674,62.15589408452675,56.848198458975894,54.212834725689795,51.17217784156247,47.18449693049772,38.89493426671707,36.671925342761014,37.39926281516247,37.83811668384913,38.648573513690174,40.23895916993614,43.78080614189665,45.24379852885445,,51.17217784156247,47.18449693049772,39.39628183990789,56.31881252029829,"rgba(0, 255, 255, 0.75)",9.329063080205257,60.884258112697694,-0.0010309450064817788,57.008428499300805,11.206322365810877,True,False,True,False,False,4.693599746080256,0.0,0.0,0.0,0.0,0,1.0503030346392566,0.9503409586914282,False,False,False,False,0.12013991488651947,0.11302797220211114,False,False,False,False,-16789286,-17634315.435024265,False,False,False,False,394370.1146834701,False,False,False,False
2025-01-24 00:00:00+00:00,65.6547965475,67.8752240033,59.8267981915,61.3736128237,550903,,,64.45227291409999,62.30891237252317,61.24169022481457,56.38880486297676,53.29335054427023,48.91458929352263,46.275712140754564,44.91513921024901,37.19788067077546,37.6818436700141,38.480155470898254,39.53319735764039,43.250032723498116,,61.186574582874215,62.42022147370311,57.284385252252314,54.637433455575966,51.59722988431249,47.49440980520348,39.115601492603325,36.84256627438582,37.558939641238375,37.99178971666101,38.79294541492336,40.36766267053058,43.88214707263082,45.33559563356968,,51.59722988431249,47.49440980520348,39.53319735764039,58.481087556740285,"rgba(0, 255, 255, 0.75)",9.578990136262929,62.59199533580012,0.3197415560649877,58.431988880625156,11.206322365810877,True,False,True,False,False,7.192402312880116,0.0,0.0,0.0,0.0,0,1.0400770927399947,0.909617806474853,False,False,False,False,0.24551900505154114,0.17927348862682613,False,False,False,False,-16238383,-17530913.032429874,False,False,False,False,405965.1432254353,False,False,False,False
2025-01-31 00:00:00+00:00,63.9982079737,67.0319605425,62.4613727908,65.8543855323,457764,,,64.47265332379165,62.579361072348945,61.46723321625254,56.69340008422092,53.628873414263516,49.195350280849865,46.504148672694164,45.11447137996429,37.33342569925019,37.81195846735462,38.602016292055204,39.646034998173256,43.337174858357315,,62.07798658733145,62.60153196502645,57.612536553051214,54.96584821557767,51.93142194631711,47.744248971757564,39.29640324699646,36.98299909916791,37.69041284438265,38.11835277156976,38.91189351005916,40.47376803091562,43.96578409825394,45.41138579907818,,51.93142194631711,47.744248971757564,39.646034998173256,58.803084637818145,"rgba(0, 255, 255, 0.75)",9.756836335303465,62.93288323712462,0.10918751734316577,58.73699304205839,11.206322365810877,True,False,True,False,False,6.172189344354379,0.0,0.0,0.0,0.0,1,1.1170341670111028,0.9021208361446598,False,False,False,False,0.27172563578017794,0.22549956220350204,False,False,False,False,-16696147,-17469078.511509143,False,False,False,False,409802.09557910677,False,False,False,False
2025-02-07 00:00:00+00:00,63.5391533087,66.1488790793,60.988406083,62.1021126182,351462,,,64.23651380330872,62.66424659292035,61.572870289592416,56.88586160775462,53.85205911818158,49.39133685012872,46.66674166784095,45.25750505544187,37.43302087228832,37.907521386965485,38.69144419351274,39.728734392566224,43.40065168560156,,62.33167521872758,62.661662747884286,57.81323364724851,55.180122367042195,52.158185663806215,47.92067497833331,39.42837649963015,37.08621209366082,37.78698456794329,38.211280466631,38.999152844992835,40.551445015572064,44.02662591166883,45.466329303506875,,52.158185663806215,47.92067497833331,39.728734392566224,58.93564310564665,"rgba(0, 255, 255, 0.75)",9.913410562129702,62.97352459071024,0.05705692450089005,58.75439672408893,11.206322365810877,True,False,True,False,False,5.888287330207628,0.0,0.0,0.0,0.0,1,1.140466613853315,0.8402124854514871,False,False,False,False,0.2264758654191593,0.22598771381133065,False,False,False,False,-17047609,-17437858.54769365,False,False,False,False,405480.6070176915,False,False,False,False
2025-02-14 00:00:00+00:00,61.762811344,65.9541800247,60.9644554048,63.4493382655,250657,,,64.02757437512838,62.67761005080853,61.618796448926396,57.00362440705831,53.99470778057389,49.521466520835055,46.776328269275204,45.35450891820338,37.501793423084415,37.9734874327362,38.753137086328856,39.785729521218855,43.44419399888143,,62.39287936020873,62.671616815929745,57.932654667508025,55.31490532627735,52.305458060507156,48.0388642563489,39.51905422927212,37.15749669054221,37.853652813180624,38.275413462452796,39.0593334344539,40.60493240557023,44.068317506803126,45.503878510519236,,52.305458060507156,48.0388642563489,39.785729521218855,58.99398272929265,"rgba(38, 166, 154, 1.0)",9.988039867140396,62.94242015051885,-0.11810213237130132,57.983822277000385,11.206322365810877,True,False,True,False,False,4.786427555208078,0.0,0.0,0.0,0.0,1,1.1205327635584892,0.8556376030153383,False,False,False,False,0.1986321829823819,0.21230994839685627,False,False,False,False,-17298266,-17427518.358975604,False,False,False,False,394012.1916830476,False,False,False,False
2025-02-21 00:00:00+00:00,59.2978873818,62.6210439786,58.8787505138,61.4434689684,228275,,,63.56065261603243,62.55619389315635,61.57727405394605,57.060837538144135,54.08353531488874,49.61494884242516,46.85878590294937,45.428829276598556,37.55765396785341,38.0269575491223,38.80296179646212,39.831516694484435,43.478344335355565,,62.2010035957096,62.581207151220205,57.98155440087892,55.392456176634234,52.40368194091904,48.126132022809806,39.591811551962,37.21548030150322,37.90772101792381,38.32732675069034,39.10786332230475,40.64770440927507,44.100848456451544,45.53278789528371,,52.40368194091904,48.126132022809806,39.831516694484435,58.93983966815297,"rgba(38, 166, 154, 1.0)",9.991719705391933,62.72476431402965,-0.34297168388144095,56.3954584245158,10.41898333258208,False,False,True,False,False,3.276613062154233,0.0,0.0,0.0,0.0,1,1.077885749147819,0.922487624529798,False,False,False,False,0.09700677652185913,0.1546583624593577,False,False,False,False,-17526541,-17434853.369421855,False,False,False,False,381735.36266948853,False,False,False,False
2025-02-28 00:00:00+00:00,60.305811755,61.6988430744,56.932757912,59.5074558159,509240,,,62.71169952893747,62.26233410774455,61.45350646044116,57.15816328191472,54.25390938028067,49.80593405370998,47.030807978967914,45.58516528724057,37.67791010708873,38.142019896360665,38.910096883047565,39.92984813333152,43.55123445032698,,61.77293451555154,62.35414886939836,58.05588807426387,55.53606242387128,52.59768893926895,48.306673427586055,39.74748171550803,37.340336733788945,38.02408299328844,38.43900871058036,39.21217877290225,40.739458743858314,44.17018447691878,45.59417596877092,,52.59768893926895,48.306673427586055,39.92984813333152,58.81563355816725,"rgba(38, 166, 154, 1.0)",9.951657860946112,62.27527925540798,-0.19790345768787723,55.63619401367346,9.601432398419021,False,False,True,False,False,3.8384859731045538,0.0,0.0,0.0,0.0,1,1.03951099164069,0.9227020657652711,False,False,False,False,0.04414270343041832,0.09940053294488801,False,False,False,False,-17017301,-17403923.564279493,False,False,False,False,391180.15061989677,False,False,False,False
2025-03-07 00:00:00+00:00,55.8749362926,61.7328729963,54.0767393342,60.8746403617,596749,,,61.600586617408474,61.729713001866386,61.15838354085963,57.16112204954147,54.35696847364958,49.967922177466946,47.18907097459699,45.733289469378356,37.801849095001494,38.26032085923206,39.01977398516026,40.029864049803635,43.623112589066324,,61.02713502078755,61.92812734244842,58.01472045629197,55.600463215805036,52.7386256852031,48.46756766550348,39.905061271958985,37.46922359039945,38.14379487734742,38.55365123750726,39.31877507866622,40.83225312158387,44.23808156501275,45.65317631981914,,52.7386256852031,48.46756766550348,40.029864049803635,58.53158454038616,"rgba(38, 166, 154, 0.5)",9.888531401345272,61.57139049562771,-0.5760667557017362,53.32706048825827,7.311997143495901,False,False,False,False,False,1.162082196633694,0.0,0.0,0.0,0.0,1,1.022130658684763,0.9166589433513714,False,False,False,False,-0.007628483558919556,0.04588602469298423,False,False,False,False,-17614050,-17419488.485443976,False,False,False,False,406407.4727962007,False,False,False,False
2025-03-14 00:00:00+00:00,54.5676284423,55.3859432799,51.8532182491,54.9668064118,830612,,,59.914357118869745,60.72924806258626,60.518411359370944,56.98194696292251,54.337581007014336,50.084897370763166,47.33172888746863,45.8760078141508,37.94296680206474,38.394399813452274,39.14305189629107,40.14087967725373,43.69800056726077,,59.708529385039085,61.09940972761582,57.75061169372905,55.516704881385955,52.78727395213265,48.60146513587862,40.07892399775749,37.61642954281666,38.279635463605516,38.683185028713325,39.43816870473176,40.93409691440298,44.3077618103699,45.71123059563474,,52.78727395213265,48.60146513587862,40.14087967725373,57.93440741506663,"rgba(38, 166, 154, 0.5)",9.735492043394634,60.36288607352773,-0.5952711589097048,51.20077753755684,5.254812144768366,False,True,False,False,False,0.3915368450863248,0.0,0.0,0.0,0.0,1,1.0176826686602714,0.954067330812012,False,False,False,False,-0.2629499369488904,-0.10853195612795309,False,False,False,False,-18444662,-17495427.264299978,False,False,False,False,437830.03036685253,False,False,False,False
2025-03-21 00:00:00+00:00,55.016703658,56.5834771887,54.0087792848,54.807135224,578399,,,59.288492682696095,60.27581375438907,60.209508627167146,56.91569630128172,54.36444733857267,50.18785752727797,47.44594856955723,45.98766421902819,38.04745799639241,38.493923591732106,39.23495260050254,40.22415141378905,43.7558865791133,,59.19202711094167,60.70234304193185,57.640703879095874,55.506086375992574,52.85376111650182,48.71214582616331,40.20831336300246,37.725232918615426,38.38040282762403,38.77949398258575,39.527331409368784,41.01090868214148,44.36200524009559,45.75733455513324,,52.85376111650182,48.71214582616331,40.22415141378905,57.69488802285705,"rgba(38, 166, 154, 0.5)",9.513238133064716,59.86466914748967,-0.5096020326285986,49.879194928041066,3.9950624129528123,False,True,False,False,False,0.6551852947293106,0.0,0.0,0.0,0.0,1,1.0171391404185255,0.9728211957384528,False,False,False,False,-0.1862286852497895,-0.1473803206888713,False,False,False,False,-17866263,-17522896.578055535,False,False,False,False,448242.54663597455,False,False,False,False
2025-03-28 00:00:00+00:00,55.4957172215,58.4047266749,55.2412412659,56.1344019729,513294,,,58.98183259417315,60.011431509601394,60.02172299808041,56.89857626872647,54.41850276820372,50.29647394049806,47.559542268893175,46.096915970521735,38.14542640322471,38.58741829018966,39.32158229062713,40.30303195263861,43.81200579129401,,58.93241796410576,60.45863572155722,57.59423795531466,55.53158736044481,52.93784872314341,48.8245695498014,40.330171452218906,37.82709796717775,38.47501776428125,38.87008776485248,39.61149838686472,41.083983965695154,44.414872562253635,45.80292971706304,,52.93784872314341,48.8245695498014,40.30303195263861,57.578679386335104,"rgba(38, 166, 154, 0.5)",9.351146585962338,59.59607944735938,-0.4384876430035563,49.15449789438793,3.2930276158650713,False,True,False,False,False,0.9400399028167925,0.0,0.0,0.0,0.0,0,1.0185103261178925,0.94861419120235,False,False,False,False,-0.1329063843859558,-0.14014335253741356,False,False,False,False,-17352969,-17510309.35005142,False,False,False,False,453061.1728110875,False,False,False,False
2025-04-04 00:00:00+00:00,49.1887053021,56.5236004932,46.9832470201,54.3879983559,720599,,,57.93944235656791,59.21864847525032,59.43404322071059,56.64068031291422,54.290816063750185,50.3109418718766,47.61809348950169,46.166746123561886,38.24038779312243,38.67710070445886,39.40312126775763,40.375160431475486,43.85595484689114,50.89851760513333,58.0104753614418,59.75732794053785,57.26468835828832,55.349373915744934,52.87179950447355,48.86639396737893,40.44079524308878,37.926536808021616,38.56602204040291,38.956379447171564,39.6900818295165,41.14905900102411,44.454665685170205,45.83344905364687,50.89851760513333,52.87179950447355,48.86639396737893,40.375160431475486,56.88040136103395,#000000,9.124144868327308,56.51677094959834,-0.8031509531305552,46.35743754800549,0.6016177551477213,False,True,False,False,False,0.0,1.0,56.5236,46.983246,0.0,0,0.9689372821077947,0.9782370243063939,True,False,False,False,-0.34282825441539394,-0.24148580347640375,False,False,False,False,-18073568,-17552032.213010576,True,False,False,False,472878.78963989584,True,False,False,False
2025-04-11 00:00:00+00:00,49.4082531854,53.639539663,47.0032059186,47.2926099466,696379,,,57.06154126952555,58.50504525867918,58.88217828692246,56.37652126062416,54.14606923277864,50.30427039547489,47.658068628588396,46.22010872496025,38.324525375501324,38.75637365067604,39.47487619996107,40.43817632183506,43.89266010640805,50.46529236482832,57.21249838879223,59.112527505961324,56.93561358548073,55.154127110245696,52.78515859893052,48.88838917627568,40.536694628965634,38.014773074909044,38.64651333070982,39.0325331411022,39.75909981024616,41.205519617274945,44.48746234319162,45.85752433372793,50.46529236482832,52.78515859893052,48.88838917627568,40.43817632183506,56.385141426383825,#000000,9.007830104049724,55.81109432045632,-0.7108083812746139,44.46774133954454,-1.1701623545622937,False,True,False,True,False,0.0,0.0,0.0,0.0,0.0,0,0.9471305493120203,1.0088800011573993,False,False,False,False,-0.34282825441539394,-0.29215702894589884,False,False,False,False,-17377189,-17539080.863898683,False,False,False,False,489434.3607776813,False,False,False,False
2025-04-18 00:00:00+00:00,54.5277106453,54.7190166872,48.9591779696,50.3662803124,407588,,,56.79804095232128,58.25452391120794,58.67833242010505,56.293465873844,54.11864720535831,50.33614133779925,47.70711018834116,46.272534147105354,38.38453494354672,38.81333654982346,39.527139373438,40.48503730349732,43.92338709101313,50.97238752738303,56.96534034599701,58.87465193061514,56.82688050530025,55.10337728178568,52.78428843529407,48.93095464879335,40.607778368289665,38.0773842992575,38.704239481819975,39.087531398159726,39.80966123780714,41.24832558139232,44.515827962794276,45.88061252029189,50.97238752738303,52.78428843529407,48.93095464879335,40.48503730349732,56.288564795391764,"rgba(38, 166, 154, 0.5)",8.833268577900323,55.74757318422731,-0.1380986582904602,45.441799000939206,-1.1701623545622937,False,True,False,True,False,0.4371146396241734,0.0,0.0,0.0,0.0,0,0.9361220743914583,1.0496553742165016,False,False,False,False,-0.2772317806024837,-0.2846944047741913,False,False,False,False,-16969601,-17496897.17027656,False,False,False,False,483371.66738674196,False,False,False,False
2025-04-25 00:00:00+00:00,60.7249486231,61.2339005343,53.6894369092,54.098594328,804085,,,56.985909613064095,58.277791828258884,58.67041704383992,56.39061024409469,54.282277142458426,50.54320906269228,47.90985143468401,46.46437617703224,38.54884207973044,38.97072854454102,39.673902834738556,40.619827707371755,44.022968504428434,53.290148668870266,57.12091329240559,58.85236023356926,56.91057573729254,55.240345051427006,52.976184000118195,49.136427211935,40.81168853535309,38.24773410770235,38.86336448405293,39.240422110357144,39.95261344948623,41.37412199324636,44.610400522600656,45.963959847104185,53.290148668870266,52.976184000118195,49.136427211935,40.619827707371755,56.60213488552807,"rgba(38, 166, 154, 1.0)",8.7927401582397,56.41869085064971,0.4897515103314956,48.35629548858762,-1.1701623545622937,False,True,False,False,True,3.9199509649372537,0.0,0.0,0.0,0.0,1,0.9963014325555526,0.9638784768262738,False,False,False,False,-0.04936845064742653,-0.1670314277108089,False,False,False,False,-16165516,-17398276.342848666,False,False,False,False,507128.2105432796,False,False,False,False
2025-05-02 00:00:00+00:00,63.3595232224,64.1878175092,60.096243321,60.5253596383,638597,,,57.42254379102035,58.52958307120845,58.85071770282427,56.594217597207304,54.51779638907991,50.77885507897134,48.12405405349254,46.66152935572608,38.7031462061704,39.119115400155025,39.81320838042222,40.74900739074978,44.12259849462883,55.09960652012149,57.513574124425936,59.04314318821801,57.12002600361615,55.463956614637766,53.222695142731055,49.36016610102831,41.00612695059715,38.407268119556775,39.01323472480924,39.38493754038615,40.08867817576199,41.49568915755649,44.70589180710224,46.05015920147198,55.09960652012149,53.222695142731055,49.36016610102831,40.74900739074978,57.01551650023596,"rgba(0, 255, 255, 0.75)",8.78904224257706,57.14132687669405,0.7074941926644664,51.24346502704911,-3.541178597950662,False,True,False,False,True,5.331618197653338,0.0,0.0,0.0,0.0,1,1.0395054102676196,0.9374353406190579,False,False,False,False,0.1354705343373601,-0.015780446686724403,False,False,False,False,-15526919,-17259657.28041543,False,False,False,False,516866.63939192554,False,False,False,False
2025-05-09 00:00:00+00:00,65.0959473901,65.8743444307,62.8106535142,62.8106535142,578889,,,57.89896284345508,58.83727967806076,59.0830034704596,56.82703045419089,54.77150063602067,51.02038078121382,48.33966508297766,46.85860111589928,38.85317307046267,39.26362889053507,39.94926306238412,40.875667734296606,44.221917130477195,56.528571852310904,57.94936533809654,59.291287292223544,57.363540100073095,55.71037103130381,53.482107825756245,49.587108297496904,41.195859670979736,38.56218961101919,39.15913065361241,39.52583544301989,40.221719563775494,41.61528230401329,44.801405624601436,46.13712243618578,56.528571852310904,53.482107825756245,49.587108297496904,40.875667734296606,57.426091269619484,"rgba(0, 255, 255, 0.75)",8.879137973411703,57.803544927980816,0.8212962208669407,53.81545090975769,-1.1877423598904215,False,False,False,False,True,6.249902539995055,0.0,0.0,0.0,0.0,1,1.0654859803310315,0.9713981974606226,False,False,False,False,0.22485874746276904,0.10453915038802232,False,False,False,False,-14948030,-17088425.630014285,False,False,False,False,521460.888325857,False,False,False,False
2025-05-16 00:00:00+00:00,65.8244471845,68.6087135224,65.4651870119,67.6007891492,361199,,66.63278257293334,58.246594179052934,59.07651078244629,59.268848168434026,57.00192017792466,54.95496797963584,51.188852892214264,48.48788068958226,46.99327229957914,38.95325105127979,39.36016288051528,40.04036205799225,40.96075435898757,44.28955466760604,57.396016431987476,58.27052104317886,59.490519044537216,57.54823191356857,55.89126614408,53.66667530538084,49.74409512063907,41.32288826707283,38.66542743392777,39.256553424695454,39.62004041091576,40.31088591782202,41.69584371484124,44.86663050739607,46.19692068004539,57.396016431987476,53.66667530538084,49.74409512063907,40.96075435898757,58.882321045814344,"rgba(0, 255, 255, 0.75)",9.018844541477366,60.13647855678815,0.63067598089235,55.867713660526086,0.6631350948496859,False,False,True,False,True,6.635663783918069,0.0,0.0,0.0,0.0,1,1.0115484075083099,0.9759005901203434,False,False,False,False,0.3395302372141127,0.2220346938010675,False,False,False,False,-14586831,-16903122.3240873,False,False,False,False,509589.63733875647,False,False,False,False
2025-05-23 00:00:00+00:00,63.6090094533,67.0070119194,62.4464036169,65.175782984,335566,,65.53537610803401,58.46438687898295,59.222807708153454,59.382543686522496,57.12175863571348,55.08812124117908,51.31952651243878,48.60641809216922,47.10242635024187,39.03798191570263,39.44179572441006,40.11723598404252,41.032328772846995,44.34565620787829,57.909985311645684,58.4726119080085,59.61012468937553,57.67192777997266,56.01950696200105,53.80423374036532,49.868040952810006,41.42924761684802,38.75290157063812,39.33896327077486,39.699641829134805,40.386062015596465,41.76342781198169,44.92057115932684,46.24600375067174,57.909985311645684,53.80423374036532,49.868040952810006,41.032328772846995,58.94110296684098,"rgba(0, 255, 255, 0.75)",9.128568830576974,60.095590051667784,0.3848817341294173,56.32059510809839,1.0183855110749178,True,False,True,False,True,5.238548076061278,0.0,0.0,0.0,0.0,1,0.9973451115659404,0.9934188681065391,False,False,False,False,0.24079514178584388,0.2314149177934557,False,False,False,False,-14922397,-16756401.929710463,False,False,False,False,496698.9975358856,False,False,False,False
2025-05-30 00:00:00+00:00,64.5370982326,65.9128651048,63.4792766132,64.467242088,237367,,65.3086397857751,58.61640543258204,59.327045774043484,59.46444391320085,57.20748916442852,55.18292007639851,51.41241918519535,48.690722074082416,47.18009206280626,39.098257021297194,39.49988452256912,40.171965640505256,41.083317947058745,44.38572163351788,58.24432099086833,58.61427546790924,59.696177984336224,57.7604124795215,56.1109619862621,53.902025391580665,49.95617687395857,41.504831807109326,38.81511296144911,39.39760045772325,39.7562965142557,40.439593196992874,41.81159970274513,44.959111439406904,46.28111480690079,58.24432099086833,53.902025391580665,49.95617687395857,41.083317947058745,59.03501729789273,"rgba(0, 255, 255, 0.75)",9.247961513304269,60.19591041928368,0.4694210510144339,56.953167671192205,1.624462528702935,True,False,True,False,True,5.745195979866114,0.0,0.0,0.0,0.0,0,0.9816397560487562,1.0184469134270695,False,False,False,False,0.24219973769672992,0.2368073277450928,False,False,False,False,-14685030,-16602966.971954131,False,False,False,False,477489.2199406348,False,False,False,False
2025-06-06 00:00:00+00:00,65.4951253596,66.1687381833,62.9304069051,64.387406494,249766,,65.2149941559752,58.77408596569539,59.436882604966755,59.55148614155082,57.29823993903908,55.282951056842585,51.510390212419836,48.77969743563559,47.26210354680601,39.16192272255459,39.56125553884631,40.22981031237265,41.13723591495924,44.42816894677623,58.57305822118578,58.761710167300066,59.787522941807694,57.85404755190776,56.207569326414806,54.00512259828035,50.04917112765711,41.584591442436974,38.880811081998125,39.45954709093084,39.816161910522325,40.49617966250564,41.86255936956114,44.99995747088817,46.318359775890336,58.57305822118578,54.00512259828035,50.04917112765711,41.13723591495924,59.14595970158433,"rgba(0, 255, 255, 0.75)",9.376836792268683,60.33096212753911,0.5507361753719338,57.729047219750555,2.4208865303036404,True,False,True,False,True,6.270962839393665,0.0,0.0,0.0,0.0,0,0.9926740882130528,0.9996931555284073,False,False,False,False,0.23607821686161298,0.2364427723033529,False,False,False,False,-14435264,-16442396.381439012,False,False,False,False,460620.83327836555,False,False,False,False
2025-06-13 00:00:00+00:00,63.8485162351,66.8573201808,63.678865598,65.6148787505,436340,,65.10186041198007,59.02831384746156,59.61632287611868,59.695087018598905,57.45030728933612,55.45159434707025,51.677286419505684,48.93214543228216,47.40300532090153,39.27209446849448,39.66746677969808,40.32993231900406,41.230570413330916,44.50165146171459,59.06970156063521,59.00048449890226,59.937494720570115,58.01026614226382,56.370000812467495,54.179526082413965,50.208124904155014,41.72221777004983,38.99448727713412,39.56675191895333,39.919774560103576,40.59412776597495,41.95077841496603,45.070664973325265,46.382825850423856,59.06970156063521,54.179526082413965,50.208124904155014,41.230570413330916,59.327983917833436,"rgba(0, 255, 255, 0.75)",9.479857829055767,60.55009007974478,0.3479404664957681,57.46573030175765,2.4208865303036404,True,False,True,False,True,5.203086362979761,0.0,0.0,0.0,0.0,0,0.9863012852869687,1.0030098584452427,False,False,False,False,0.2662780898473323,0.2513604310753426,False,False,False,False,-14871604,-16326041.390221307,False,False,False,False,458822.25303552364,False,False,False,False
2025-06-20 00:00:00+00:00,64.8165228113,66.133810111,64.1179613646,65.385351418,383187,,65.08673210684563,59.24264747183358,59.770785872201415,59.820212311198894,57.58283979740055,55.5983316397433,51.822917992718565,49.065538240919416,47.52648534318009,39.3689243268714,39.76084435518836,40.4179999141749,41.31271680589945,44.566466451453195,59.45966860928882,59.20276287758684,60.06781856175157,58.146184499377824,56.51138399587746,54.33128912844945,50.34705281495444,41.84292043237127,39.09437104696354,39.660995690552234,40.010886296382026,40.68029912094481,42.02846033897427,45.13305646808371,46.43976514937268,59.45966860928882,54.33128912844945,50.34705281495444,41.31271680589945,59.48910361033627,"rgba(0, 255, 255, 0.75)",9.59187593392006,60.74795276638872,0.4241683350514854,57.63946155588739,2.552211073193604,True,False,True,False,True,5.748936939999037,0.0,0.0,0.0,0.0,0,1.0437683180779838,0.9895557495402906,False,False,False,False,0.26026489383709484,0.2558126624562187,False,False,False,False,-14488417,-16189921.065019729,False,False,False,False,453219.64169955894,False,False,False,False
2025-06-27 00:00:00+00:00,69.9958569667,70.0357747637,64.467242088,64.467242088,524749,,65.72592687460109,59.65919366355582,60.08689194696467,60.08027765352933,57.83056345884882,55.856770286907846,52.063554733324096,49.2799498742628,47.72268358689938,39.516455483860845,39.903382657453065,40.55286711529263,41.439088080460834,44.6681029678183,60.176419256700726,59.596927752472475,60.34240142666781,58.40526902996158,56.76646722203425,54.591473895068525,50.57298942756981,42.02834320743449,39.24635149979549,39.80478691850806,40.15013726834737,40.81243570886267,42.148423401470176,45.23127122794436,46.530272911165994,60.176419256700726,54.591473895068525,50.57298942756981,41.439088080460834,59.86703382853366,"rgba(0, 255, 0, 1.0)",9.781414294339127,61.289616886832526,0.8900798818945954,59.48721248518807,4.483017172661533,True,False,True,False,True,8.584733193456042,0.0,0.0,0.0,0.0,0,1.0437604064387063,0.9075378584837229,False,False,False,False,0.3428282500406054,0.2993204562484121,False,False,False,False,-13963668,-16025013.430573823,False,False,False,False,458518.1126847768,False,False,False,False
2025-07-04 00:00:00+00:00,74.756054254,75.1901602959,69.1775421291,70.1555281545,456228,,66.84422670638317,60.18110554051237,60.497514938210884,60.42214600864755,58.133931672138786,56.15860114796549,52.32870017503561,49.50960728223002,47.930215298900755,39.66511658171928,40.047326886633115,40.689576144830966,41.56785969395028,44.77394441171298,61.03569215098763,60.09200587029375,60.7060215423501,58.72705452284232,57.0703683735308,54.8882852883941,50.817972424920626,42.217117471145926,39.3992580405832,39.949915007671756,40.29096296649089,40.94658084151756,42.271205899744494,45.33398904238565,46.62594417888799,61.03569215098763,54.8882852883941,50.817972424920626,41.56785969395028,60.37100673258973,"rgba(0, 255, 0, 1.0)",10.110146611746767,62.03825756704423,1.2579240613760474,62.079790169796894,7.075592931560848,True,False,True,False,True,11.040998098905177,0.0,0.0,0.0,0.0,0,1.0839419835031363,0.8718861539752482,False,False,False,False,0.3428282510275913,0.3210743536380017,False,False,False,False,-13507440,-15838526.509790577,False,False,False,False,458348.4747081267,False,False,False,False
2025-07-11 00:00:00+00:00,73.2391779696,75.4446362515,72.6204521167,73.4587258529,478134,,67.80032763020203,60.71464559510805,60.924184862591076,60.78114714580603,58.45402696025172,56.4768889680479,52.60897972757308,49.752863846620755,48.15028231315566,39.82286953270969,40.20014054143643,40.83481128928279,41.704783604214555,44.88685421704993,61.86864660516359,60.600187542522946,61.086580612662154,59.06581806522144,57.39086615669018,55.201320664710984,51.07726164886158,42.41711242692938,39.561458795035776,40.10396852127565,40.44050896134485,41.089130590124284,42.401855728383836,45.44363039481276,46.72820945580605,61.86864660516359,55.201320664710984,51.07726164886158,41.704783604214555,60.86864311762192,"rgba(0, 255, 0, 1.0)",10.333713997693936,62.74595184324915,1.0154360889698033,63.13533580618673,8.1516025234367,True,False,True,False,True,10.018599230897646,0.0,0.0,0.0,0.0,0,1.1312204011905147,0.8725004789649937,False,False,False,False,0.34282825129172856,0.33195130246486515,False,False,False,False,-13985574,-15701270.768324608,False,False,False,False,459814.06917419133,False,False,False,False
2025-07-18 00:00:00+00:00,77.7997862721,80.0351829018,72.7950924784,72.8898972462,830958,76.87668721743333,69.55695605681369,61.747165948586115,61.76838871704251,61.499998088009164,59.087024426062676,57.09818162448129,53.14809354724681,50.21746247005015,48.569295303803514,40.11837820553685,40.48674018999183,41.10774756395367,41.96280039988649,45.10190124339744,63.400786257574175,61.587535237689785,61.8475607937064,59.736719039259114,58.019887356647025,55.80841246877029,51.57407626036929,42.792593033789984,39.86502689082636,40.392804937855296,40.721201114936925,41.35723479992474,42.64860353450751,45.652873087610494,46.92433960202328,63.400786257574175,55.80841246877029,51.57407626036929,41.96280039988649,63.710882178217695,"rgba(0, 255, 0, 1.0)",10.63936409137584,67.89539887010181,0.9309191148018492,65.02154715731061,10.028200239757943,True,False,True,False,True,12.30419762147546,0.0,0.0,0.0,0.0,0,1.122287027944001,0.8535160875729557,False,False,False,False,0.34282825157694724,0.3373897770209062,False,False,False,False,-13154616,-15512629.674374636,False,False,False,False,487306.2121983253,False,False,False,False
2025-07-25 00:00:00+00:00,72.8200411015,79.7457788738,72.5106781751,78.9274640362,580599,76.11526008043977,70.20836561894379,62.31455059522922,62.24110008874172,61.909295192136035,59.46069634959123,57.471722499815314,53.48248517183709,50.51085551186759,48.83620674396579,40.31181327482908,40.67429422179218,41.286267316367,42.13140416105359,45.24179469827783,64.17476777138518,62.13393672980194,62.276849715381694,60.12878664675429,58.39498933256914,56.17726752817781,51.88542441467437,43.036138678752245,40.06375546634076,40.5818358184597,40.90485995034213,41.53255105083194,42.80971153760404,45.788857266925895,47.05149383721183,64.17476777138518,56.17726752817781,51.88542441467437,42.13140416105359,64.09636087884049,"rgba(0, 255, 255, 0.75)",10.814327033057529,68.20323601649949,0.4269156158203587,63.99184172381386,10.028200239757943,True,False,True,False,True,9.011820915029013,0.0,0.0,0.0,0.0,0,1.0902234490396794,0.894719445199888,False,False,False,False,0.3347061364548789,0.33604795673789256,False,False,False,False,-13735215,-15380969.328124665,False,False,False,False,494216.7890725234,False,False,False,False
2025-08-01 00:00:00+00:00,68.76,74.0,68.11,72.71,423530,74.77081570158,70.21489205719898,62.555633627265046,62.44515150969197,62.090300427690465,59.64278695594169,57.66363751891422,53.667819326416186,50.680032843761964,48.992942167419756,40.4325063694259,40.791145299583874,41.397199293765205,42.235764453919764,45.32692605213865,64.45801933373866,62.368885189147484,62.462850060441255,60.315378399939824,58.583353155946895,56.37213913927737,52.06195706065648,43.18553148733347,40.18786661285441,40.699651865101835,41.019175717093944,41.64137216391861,42.90910035309866,45.87132339850605,47.12794631132798,64.45801933373866,56.37213913927737,52.06195706065648,42.235764453919764,64.13247132626353,"rgba(0, 255, 255, 0.75)",10.853551235516589,67.99984017994566,0.0700378893100752,61.600217584810615,10.028200239757943,True,False,True,False,False,6.45620374969716,0.0,0.0,0.0,0.0,0,1.033852679156185,0.9344422909386677,False,False,False,False,0.1969307892845797,0.2664893730112361,False,False,False,False,-14158745,-15290434.192708023,False,False,False,False,488980.7306227069,False,False,False,False
2025-08-08 00:00:00+00:00,69.28,69.6,67.95,68.76,155780,74.31483084507002,70.17856915606663,62.6258731441254,62.50518472643967,62.144311715991975,59.69995394393395,57.72541342874455,53.72952391359688,50.737309452704,49.04640802796349,40.4746635694469,40.8319415740023,41.4358965795756,42.272121999449936,45.356411770297804,64.53315447105264,62.43781411344066,62.51770973977079,60.37326243673909,58.64334564598459,56.43566365912786,52.12130492660708,43.23735934237397,40.23122959400691,40.740789983813464,41.05907499057328,41.67931939768193,42.943687217048726,45.89985097734989,47.154312573817236,64.53315447105264,56.43566365912786,52.12130492660708,42.272121999449936,64.13306642926308,"rgba(0, 255, 255, 0.75)",10.815241235625438,67.91310690407867,0.1263858166583263,60.054029499110484,10.028200239757943,True,False,True,False,False,6.727627116864703,0.0,0.0,0.0,0.0,0,1.045455219030656,0.9610764897568268,False,False,False,False,0.13761717179175242,0.20205327240149426,False,False,False,False,-14002965,-15195066.10435928,False,False,False,False,464299.1950210249,False,False,False,False
