date,Open,High,Low,Close,Volume,aVWAP_peak_408,aVWAP_peak_345,aVWAP_peak_310,aVWAP_peak_261,aVWAP_peak_217,aVWAP_peak_159,aVWAP_peak_111,aVWAP_peak_76,aVWAP_peak_57,aVWAP_valley_415,aVWAP_valley_350,aVWAP_valley_329,aVWAP_valley_311,aVWAP_valley_288,aVWAP_valley_270,aVWAP_valley_237,aVWAP_valley_175,aVWAP_valley_137,aVWAP_valley_95,aVWAP_valley_30,aVWAP_OB_bull_350,aVWAP_OB_bull_175,Peaks_Valleys_avg,color,StDev,StDev_Mean,StdDev_ZScore,QQEMOD,QQE1_Value,QQE1_Above_Upper,QQE1_Below_Lower,QQE2_Above_Threshold,QQE2_Below_Threshold,QQE2_Above_TL,banker_RSI,OB,OB_High,OB_Low,OB_Mitigated_Index,TTM_squeeze_Active,VI_plus,VI_minus,VI_Regular_Bullish,VI_Regular_Bearish,VI_Hidden_Bullish,VI_Hidden_Bearish,Fisher,Fisher_Signal,Fisher_Regular_Bullish,Fisher_Regular_Bearish,Fisher_Hidden_Bullish,Fisher_Hidden_Bearish,OBV,OBV_Smoothed,OBV_Regular_Bullish,OBV_Regular_Bearish,OBV_Hidden_Bullish,OBV_Hidden_Bearish,Volume_MA,Vol_Regular_Bullish,Vol_Regular_Bearish,Vol_Hidden_Bullish,Vol_Hidden_Bearish
2023-12-06 17:00:00+00:00,50.89,51.055,50.73,50.74,8163.0,,,,,,,,,,,,,,,,,,,,,,,,#000000,,,,,,False,False,False,False,False,,0.0,0.0,0.0,0.0,0,,,False,False,False,False,,,False,False,False,False,0.0,0.0,False,False,False,False,8163.0,False,False,False,False
2023-12-07 17:00:00+00:00,50.84,51.04,50.67,51.02,7469.0,,,,,,,,,,,,,,,,,,,,,,,,#000000,,,,100.0,,False,False,True,False,False,,0.0,0.0,0.0,0.0,0,,,False,False,False,False,,,False,False,False,False,7469.0,115.7984496124031,False,False,False,False,8152.240310077519,False,False,False,False
2023-12-08 17:00:00+00:00,51.245,51.47,51.215,51.445,4679.0,,,,,,,,,,,,,,,,,,,,,,,,#000000,,,,100.0,50.0,False,False,True,False,True,,0.0,0.0,0.0,0.0,0,,,False,False,False,False,,,False,False,False,False,12148.0,302.34421008352865,False,False,False,False,8098.391623099573,False,False,False,False
2023-12-11 17:00:00+00:00,51.79,51.995,51.765,51.805,4248.0,,,,,,,,,,,,,,,,,,,,,,,,#000000,,,,100.0,50.0,False,False,True,False,True,,0.0,0.0,0.0,0.0,0,,,False,False,False,False,,,False,False,False,False,16396.0,551.8582533380476,False,False,False,False,8038.69562894299,False,False,False,False
2023-12-12 17:00:00+00:00,51.71,51.765,51.455,51.575,8346.0,,,,,,,,,,,,,,,,,,,,,,,,#000000,,,,92.91733725336144,43.625603528025295,False,False,True,False,False,,0.0,0.0,0.0,0.0,0,,,False,False,False,False,,,False,False,False,False,8050.0,668.1085129762174,False,False,False,False,8043.460037796586,False,False,False,False
2023-12-13 17:00:00+00:00,51.66,52.225,51.315,52.21,6497.0,,,,,,,,,,,,,,,,,,,,,,,,#000000,,,,91.01145230755074,42.33526684159398,False,False,True,False,False,,0.0,0.0,0.0,0.0,0,,,False,False,False,False,,,False,False,False,False,14547.0,883.2851251781365,False,False,False,False,8019.483913179585,False,False,False,False
2023-12-14 17:00:00+00:00,52.17,52.28,51.93,51.96,9607.0,,,,,,,,,,,,,,,,,,,,,,,,#000000,,,,85.38884553343983,37.615919049535236,False,False,True,False,False,,0.0,0.0,0.0,0.0,0,,,False,False,False,False,,,False,False,False,False,4940.0,946.1799294389405,False,False,False,False,8044.096565688429,False,False,False,False
2023-12-15 17:00:00+00:00,51.61,51.66,51.07,51.145,7352.0,,,,,,,,,,,,,,,,,,,,,,,,#000000,,,,72.87982473974566,26.846803143080052,False,False,True,False,False,,0.0,0.0,0.0,0.0,0,,,False,False,False,False,,,False,False,False,False,-2412.0,894.11512433136,False,False,False,False,8033.36638637543,False,False,False,False
2023-12-18 17:00:00+00:00,50.95,51.06,50.63,51.04,9168.0,,,,,,,,,,,,,,,,,,,,,,,,#000000,,,,63.76087088843908,19.594604668603708,False,False,True,False,False,,0.0,0.0,0.0,0.0,0,,,False,False,False,False,,,False,False,False,False,-11580.0,700.7179906207963,False,False,False,False,8050.957605191315,False,False,False,False
2023-12-19 17:00:00+00:00,51.48,51.57,51.11,51.18,16881.0,,,,,,,,,,,,,,,,,,,,,,,,#000000,,,,58.92170798336436,16.200732144001222,False,False,True,False,False,,0.0,0.0,0.0,0.0,0,,,False,False,False,False,,,False,False,False,False,5301.0,772.0401923165979,False,False,False,False,8187.857487281372,False,False,False,False
2023-12-20 17:00:00+00:00,51.265,51.34,50.305,50.365,8746.0,,,,,,,,,,,,,,,,,,,,,,,,#000000,,50.67000000000001,,50.62288507257707,9.365616401369422,False,False,False,True,False,,0.0,0.0,0.0,0.0,0,,,False,False,False,False,,,False,False,False,False,-3445.0,706.659724218666,False,False,False,False,8196.510859571583,False,False,False,False
2023-12-21 17:00:00+00:00,50.66,50.83,50.44,50.74,6221.0,,,,,,,,,,,,,,,,,,,,,,,,#000000,,50.67000000000001,,48.123177042546025,7.702942508809301,False,False,False,True,False,,0.0,0.0,0.0,0.0,0,,,False,False,False,False,,,False,False,False,False,2776.0,738.74251919202,False,False,False,False,8165.882784229388,False,False,False,False
2023-12-22 17:00:00+00:00,50.975,51.03,50.72,50.88,5051.0,,,,,,,,,,,,,,,,,,,,,,,,#000000,,50.72214673460553,,47.49470737720134,7.28983103932994,False,False,False,True,False,,0.0,0.0,0.0,0.0,0,,,False,False,False,False,,,False,False,False,False,7827.0,848.6379840107485,False,False,False,False,8117.590027884746,False,False,False,False
2023-12-25 17:00:00+00:00,50.88,50.88,50.88,50.88,0.0,,,,,,,,,,,,,,,,,,,,,,,,#000000,,50.72214673460553,,47.07572760030488,6.658773538991795,False,False,False,True,False,,0.0,0.0,0.0,0.0,0,,,False,False,False,False,,,False,False,False,False,7827.0,956.8296431733726,False,False,False,False,7991.735918925292,False,False,False,False
2023-12-26 17:00:00+00:00,51.11,51.26,51.09,51.21,4318.0,,,,,,,,,,,,,,,,,,,,,,,,#000000,,50.80456771860619,,49.31252488049731,6.658773538991795,False,False,False,False,False,,0.0,0.0,0.0,0.0,0,,,False,False,False,False,,,False,False,False,False,12145.0,1130.2896487055684,False,False,False,False,7934.778772895443,False,False,False,False
2023-12-27 17:00:00+00:00,51.51,51.725,51.29,51.425,8786.0,,,,,,,,,,,,,,,,,,,,,,,,#000000,,50.98373407402935,,52.24107627805592,6.658773538991795,False,False,True,False,True,,0.0,0.0,0.0,0.0,0,,,False,False,False,False,,,False,False,False,False,20931.0,1437.2774060899783,False,False,False,False,7947.976001222645,False,False,False,False
2023-12-28 17:00:00+00:00,51.585,51.65,51.465,51.49,3754.0,,,,,,,,,,,,,,,,,,,,,,,,#000000,,51.039853292114124,,54.623062579716276,6.658773538991795,False,False,True,False,True,,0.0,0.0,0.0,0.0,0,,,False,False,False,False,,,False,False,False,False,24685.0,1797.707213747498,False,False,False,False,7882.95311748276,False,False,False,False
2023-12-29 17:00:00+00:00,51.75,51.95,51.675,51.855,11592.0,,,,,,,,,,,,,,,,,,,,,,,,#000000,,51.52735031360898,,58.41361761976982,-0.1543472398214476,False,False,True,False,True,,0.0,0.0,0.0,0.0,0,,,False,False,False,False,,,False,False,False,False,36277.0,2332.2698926041257,False,False,False,False,7940.4577203124845,False,False,False,False
2024-01-01 17:00:00+00:00,51.855,51.855,51.855,51.855,0.0,,,,,,,,,,,,,,,,,,,,,,,,#000000,,51.52735031360898,,60.94065431313886,2.5638865855628197,False,False,True,False,True,,0.0,0.0,0.0,0.0,0,,,False,False,False,False,,,False,False,False,False,36277.0,2858.5447779901083,False,False,False,False,7817.3498486797325,False,False,False,False
2024-01-02 17:00:00+00:00,51.475,51.635,51.215,51.295,4865.0,,,,,,,,,,,,,,,,,,,,,,,,#000000,,51.468582247067374,,57.34403296408155,2.5638865855628197,False,False,True,False,False,,0.0,0.0,0.0,0.0,0,,,False,False,False,False,,,False,False,False,False,31412.0,3301.2340062383237,False,False,False,False,7771.576982808729,False,False,False,False
2024-01-03 17:00:00+00:00,51.065,51.24,51.025,51.155,3963.0,,,,,,,,,,,,,,,,,,,,,,,,#000000,,51.41118611729486,,53.88891772001354,2.5638865855628197,False,False,True,False,False,,0.0,0.0,0.0,0.0,0,,,False,False,False,False,,,False,False,False,False,27449.0,3675.6179751338536,False,False,False,False,7712.529277648903,False,False,False,False
2024-01-04 17:00:00+00:00,51.525,51.55,51.19,51.3,7103.0,,,,,,,,,,,,,,,,,,,,,,,,#000000,,51.386283549551216,,52.798641178424866,2.5638865855628197,False,False,True,False,False,,0.0,0.0,0.0,0.0,0,,,False,False,False,False,,,False,False,False,False,34552.0,4154.3215724186,False,False,False,False,7703.079211328765,False,False,False,False
2024-01-05 17:00:00+00:00,51.34,51.385,51.04,51.235,6433.0,,,,,,,,,,,,,,,,,,,,,,,,#000000,,51.35612762917118,,51.507265939291756,9.136235294319505,False,False,False,False,False,,0.0,0.0,0.0,0.0,0,,,False,False,False,False,,,False,False,False,False,28119.0,4525.866974396606,False,False,False,False,7683.388060765528,False,False,False,False
2024-01-08 17:00:00+00:00,51.3,51.47,51.185,51.46,4639.0,,,,,,,,,,,,,,,,,,,,,,,,#000000,,51.3542707628558,,52.608896390985635,9.136235294319505,False,False,True,False,False,,0.0,0.0,0.0,0.0,0,,,False,False,False,False,,,False,False,False,False,32758.0,4963.574463165651,False,False,False,False,7636.188245869938,False,False,False,False
2024-01-09 17:00:00+00:00,51.09,51.15,50.895,50.955,5453.0,,,,,,,,,,,,,,,,,,,,,,,,#000000,,51.31753876563961,,49.22426029451513,6.215390599755629,False,False,False,False,False,,0.0,0.0,0.0,0.0,0,,,False,False,False,False,,,False,False,False,False,27305.0,5309.953153659206,False,False,False,False,7602.340366089009,False,False,False,False
2024-01-10 17:00:00+00:00,51.11,51.26,50.895,51.18,6837.0,,,,,,,,,,,,,,,,,,,,,,,,#000000,,51.29337590225791,,48.915330921110446,5.517949513711223,False,False,False,False,False,,0.0,0.0,0.0,0.0,0,,,False,False,False,False,,,False,False,False,False,34142.0,5756.9616318970475,False,False,False,False,7590.474623979102,False,False,False,False
2024-01-11 17:00:00+00:00,50.46,51.06,50.44,50.985,7337.0,,,,,,,,,,,,,,,,,,,,,,,,#000000,,51.24448712901556,,47.25925917886653,3.514732705898254,False,False,False,True,False,,0.0,0.0,0.0,0.0,0,,,False,False,False,False,,,False,False,False,False,26805.0,6083.287808146705,False,False,False,False,7586.544784847643,False,False,False,False
2024-01-12 17:00:00+00:00,50.805,51.03,50.75,51.015,3677.0,,,,,,,,,,,,,,,,,,,,,,,,#000000,,51.228827570361034,,46.44202380421928,2.306829085670266,False,False,False,True,False,,0.0,0.0,0.0,0.0,0,,,False,False,False,False,,,False,False,False,False,30482.0,6461.562415772338,False,False,False,False,7525.931687408145,False,False,False,False
2024-01-15 17:00:00+00:00,51.015,51.015,51.015,51.015,0.0,,,,,,,,,,,,,,,,,,,,,,,,#000000,,51.228827570361034,,45.89720022112112,1.3318679724522013,False,False,False,True,False,,0.0,0.0,0.0,0.0,0,,,False,False,False,False,,,False,False,False,False,30482.0,6833.972300799123,False,False,False,False,7409.25057597546,False,False,False,False
2024-01-16 17:00:00+00:00,50.595,50.73,50.43,50.695,4906.0,,,,,,,,,,,,,,,,,,,,,,,,#000000,,51.191400786008955,,42.97012277674258,-1.79517645681846,False,False,False,True,False,,0.0,0.0,0.0,0.0,0,,,False,False,False,False,,,False,False,False,False,25576.0,7124.546373654951,False,False,False,False,7370.440489526228,False,False,False,False
2024-01-17 17:00:00+00:00,49.935,50.06,49.74,50.05,6433.0,,,,,,,,,,,,,,,,,,,,49.95,,,49.95,#000000,,50.71675743644507,,37.55227535600829,-7.008606036467839,False,False,False,True,False,,0.0,0.0,0.0,0.0,0,,,False,False,False,False,,,False,False,False,False,19143.0,7310.87898801689,False,False,False,False,7355.906528448301,False,False,False,False
2024-01-18 17:00:00+00:00,50.42,50.57,50.25,50.43,5979.0,,,,,,,,,,,,,,,,,,,,50.17479858201741,,,50.17479858201741,#000000,,50.7626648692552,,37.7662560291457,-7.008606036467839,False,False,False,True,False,,0.0,0.0,0.0,0.0,0,,,False,False,False,False,,,False,False,False,False,25122.0,7587.020399055387,False,False,False,False,7334.559140410343,False,False,False,False
2024-01-19 17:00:00+00:00,50.58,51.09,50.49,50.975,7918.0,,,,,,,,,,,,,,,,,,,,50.43842088867027,,,50.43842088867027,#000000,,50.83994152563897,,42.064871737896084,-7.008606036467839,False,False,False,True,True,,0.0,0.0,0.0,0.0,0,,,False,False,False,False,,,False,False,False,False,33040.0,7981.6402378297225,False,False,False,False,7343.604735132663,False,False,False,False
2024-01-22 17:00:00+00:00,50.91,51.035,50.855,50.855,3771.0,,,,,,,,,,,,,,,,,,,,50.51298957166369,,,50.51298957166369,#000000,,50.86182248607333,,44.12692947636715,-11.515053706531098,False,False,False,True,True,,0.0,0.0,0.0,0.0,0,,,False,False,False,False,,,False,False,False,False,29269.0,8311.676823289727,False,False,False,False,7288.215514432932,False,False,False,False
2024-01-23 17:00:00+00:00,50.99,51.04,50.85,50.865,3952.0,,,,,,,,,,,,,,,,,,,,50.57009285994368,,,50.57009285994368,#000000,,50.87804282936711,,45.57825473708816,-10.044052404699947,False,False,False,True,True,,0.0,0.0,0.0,0.0,0,,,False,False,False,False,,,False,False,False,False,33221.0,8697.867880292986,False,False,False,False,7236.491242891336,False,False,False,False
2024-01-24 17:00:00+00:00,51.39,51.39,50.97,51.125,7040.0,,,,,,,,,,,,,,,,,,,,50.68876836786063,,,50.68876836786063,#000000,,50.92278725272589,,48.52043671964216,-7.158603668419325,False,False,False,False,True,,0.0,0.0,0.0,0.0,0,,,False,False,False,False,,,False,False,False,False,40261.0,9187.218765869839,False,False,False,False,7233.444867032555,False,False,False,False
2024-01-25 17:00:00+00:00,51.32,51.39,51.185,51.27,9661.0,,,,,,,,,,,,,,,,,,,,50.81675671448362,,,50.81675671448362,#000000,,50.977679497879876,,51.50455313065954,-4.2820465605962,False,False,True,False,True,,0.0,0.0,0.0,0.0,0,,,False,False,False,False,,,False,False,False,False,49922.0,9818.765761747825,False,False,False,False,7271.081380721972,False,False,False,False
2024-01-26 17:00:00+00:00,51.15,51.425,51.07,51.405,6678.0,,,,,,,,,,,,,,,,,,,,50.87950167211074,,,50.87950167211074,#000000,,51.00660713630388,,54.42726231076334,-1.4889822648968618,False,False,True,False,True,,0.0,0.0,0.0,0.0,0,,,False,False,False,False,,,False,False,False,False,56600.0,10544.05621505406,False,False,False,False,7261.88632055574,False,False,False,False
2024-01-29 17:00:00+00:00,51.215,51.735,51.165,51.735,7623.0,,,,,,,,,,,,,,,,,,,,50.96540623147913,,,50.96540623147913,#000000,,51.05222415047964,,58.4057807997422,2.2453614321916646,False,False,True,False,True,,0.0,0.0,0.0,0.0,0,,,False,False,False,False,,,False,False,False,False,64223.0,11376.28790164237,False,False,False,False,7267.48498225255,False,False,False,False
2024-01-30 17:00:00+00:00,51.81,52.045,51.8,51.87,6319.0,,,,,,,,,,,,,,,,,,,,51.05622663444182,,,51.05622663444182,#000000,,51.10545474915304,,61.797052021976995,5.387650440095186,False,False,True,False,True,,0.0,0.0,0.0,0.0,0,,,False,False,False,False,,,False,False,False,False,70542.0,12293.58576363241,False,False,False,False,7252.7797887292545,False,False,False,False
2024-01-31 17:00:00+00:00,52.175,52.62,51.785,51.84,6994.0,,,,,,,,,,,,,,,,,,,,51.15533021040607,,,51.15533021040607,#000000,,51.16699261548245,,63.68737321299994,7.185966958119089,False,False,True,False,True,,0.0,0.0,0.0,0.0,0,,,False,False,False,False,,,False,False,False,False,63548.0,13088.227844816403,False,False,False,False,7248.767698981514,False,False,False,False
2024-02-01 17:00:00+00:00,51.425,52.03,51.425,51.975,6494.0,,,,,,,,,,,,,,,,,,,,51.20923989585182,,,51.20923989585182,#000000,,51.20194037793939,,65.7699245938379,9.261436460349103,True,False,True,False,True,,0.0,0.0,0.0,0.0,0,,,False,False,False,False,,,False,False,False,False,70042.0,13971.232064276614,False,False,False,False,7237.065874191102,False,False,False,False
2024-02-02 17:00:00+00:00,51.5,51.76,51.275,51.655,5189.0,,,,,,,,,,,,,,,,,,,,51.231100324009624,,,51.231100324009624,#000000,,51.21673587558456,,63.23710068105478,9.261436460349103,True,False,True,False,True,,0.0,0.0,0.0,0.0,0,,,False,False,False,False,,,False,False,False,False,64853.0,14760.096683435115,False,False,False,False,7205.3129149013175,False,False,False,False
2024-02-05 17:00:00+00:00,51.2,51.355,51.06,51.06,6045.0,,,,,,,,,,,,,,,,,,,,51.22621801559817,,,51.22621801559817,#000000,,51.21387285621825,,56.50167669498978,13.419328130942077,False,False,True,False,False,,0.0,0.0,0.0,0.0,0,,,False,False,False,False,,,False,False,False,False,58808.0,15443.009913149299,False,False,False,False,7187.323567383468,False,False,False,False
2024-02-06 17:00:00+00:00,51.905,52.315,51.89,52.3,18953.0,,,,,,,,,,,,,,,,,,,,51.389960109675464,,,51.389960109675464,#000000,,51.331383919965646,,59.20791789634676,13.419328130942077,False,False,True,False,False,,0.0,0.0,0.0,0.0,0,,,False,False,False,False,,,False,False,False,False,77761.0,16409.180302092722,False,False,False,False,7369.737155486049,False,False,False,False
2024-02-07 17:00:00+00:00,52.505,52.785,52.475,52.575,7116.0,,,,,,,,,,,,,,,,,,,,51.46479903585417,,,51.46479903585417,#000000,,51.38738266966535,,62.03081827711434,13.419328130942077,True,False,True,False,True,,0.0,0.0,0.0,0.0,0,,,False,False,False,False,,,False,False,False,False,84877.0,17470.6968865564,False,False,False,False,7365.803246098669,False,False,False,False
2024-02-08 17:00:00+00:00,52.535,52.86,52.47,52.79,9591.0,,,,,,,,,,,,,,,,,,,,51.55951223003276,,,51.55951223003276,#000000,,51.460346812422024,,64.67357166144785,7.265211638654833,True,False,True,False,True,,0.0,0.0,0.0,0.0,0,,,False,False,False,False,,,False,False,False,False,94468.0,18664.45352397413,False,False,False,False,7400.302420577759,False,False,False,False
2024-02-09 17:00:00+00:00,52.4,53.245,52.39,53.115,8967.0,,,,,,,,,,,,,,,,,,,,51.649842788536475,,,51.649842788536475,#000000,,51.53159803071909,,67.50896462702715,10.066495926924524,True,False,True,False,True,,0.0,0.0,0.0,0.0,0,,,False,False,False,False,,,False,False,False,False,103435.0,19978.725562362128,False,False,False,False,7424.592305530042,False,False,False,False
2024-02-12 17:00:00+00:00,53.14,53.14,52.66,52.825,4913.0,,,,,,,,,,,,,,,,,,,,51.692949132028986,,,51.692949132028986,#000000,,51.56648905163934,,67.02906160011725,10.066495926924524,True,False,True,False,True,,0.0,0.0,0.0,0.0,0,,,False,False,False,False,,,False,False,False,False,98522.0,21196.450747441784,False,False,False,False,7385.652889940429,False,False,False,False
2024-02-13 17:00:00+00:00,52.04,52.05,51.315,51.83,7463.0,,,,,,,,,,,,,,,,,,,,51.69491344831259,,,51.69491344831259,#000000,,51.57200092911811,,60.70227457071647,10.066495926924524,True,False,True,False,False,4.782925879156952,0.0,0.0,0.0,0.0,0,,,False,False,False,False,,,False,False,False,False,91059.0,22279.591045931058,False,False,False,False,7386.852069941352,False,False,False,False
2024-02-14 17:00:00+00:00,52.185,52.65,52.085,52.575,7053.0,,,,,,,,,,,,,,,,,,,,51.728851285311464,,,51.728851285311464,#000000,,51.60155537359981,,59.71970487872132,17.06117225559379,True,False,True,False,False,9.764403573943689,0.0,0.0,0.0,0.0,0,,,False,False,False,False,,,False,False,False,False,98112.0,23455.28730878484,False,False,False,False,7381.67606885699,False,False,False,False
2024-02-15 17:00:00+00:00,53.32,53.7,53.32,53.485,4913.0,,,,,,,,,,,,,,,,,,,,51.78360778088622,,,51.78360778088622,#000000,,51.64624660136753,,61.94134303504633,17.06117225559379,True,False,True,False,False,15.064218203668354,0.0,0.0,0.0,0.0,0,,,False,False,False,False,,,False,False,False,False,103025.0,24688.926265237787,False,False,False,False,7343.402021277812,False,False,False,False
2024-02-16 17:00:00+00:00,53.985,54.11,53.8,53.95,18594.0,,,,,,,,,,,,,,,,,,,,52.01069381042709,,,52.01069381042709,#000000,,51.834379756547435,,64.60002020516218,17.06117225559379,True,False,True,False,True,17.499951528278768,0.0,0.0,0.0,0.0,0,,,False,False,False,False,,,False,False,False,False,121619.0,26191.718106086813,False,False,False,False,7517.8298969169155,False,False,False,False
2024-02-19 17:00:00+00:00,53.95,53.95,53.95,53.95,0.0,,,,,,,,,,,,,,,,,,,,52.01069381042709,,,52.01069381042709,#000000,,51.834379756547435,,66.37247165190608,17.06117225559379,True,False,True,False,True,17.499951528278768,0.0,0.0,0.0,0.0,0,,,False,False,False,False,,,False,False,False,False,121619.0,27671.2108486281,False,False,False,False,7401.274394639134,False,False,False,False
2024-02-20 17:00:00+00:00,54.255,54.34,54.05,54.31,6050.0,,,,,,,,,,,,,,,,,,,,52.08389092713657,,,52.08389092713657,#000000,,51.89620164891892,,68.49028533730726,11.710289865738424,True,False,True,False,True,19.323888618321813,0.0,0.0,0.0,0.0,0,,,False,False,False,False,,,False,False,False,False,127669.0,29221.564168804405,False,False,False,False,7380.324404024573,False,False,False,False
2024-02-21 17:00:00+00:00,53.65,53.845,53.43,53.74,6257.0,,,,,,,,,,,,,,,,,,,,52.13618824772152,,,52.13618824772152,#000000,,51.94204157688049,,66.44557393431226,11.710289865738424,True,False,True,False,True,14.725518744792385,0.0,0.0,0.0,0.0,0,,,False,False,False,False,,,False,False,False,False,121412.0,30650.8732514586,False,False,False,False,7362.908521791634,False,False,False,False
2024-02-22 17:00:00+00:00,54.34,54.795,54.32,54.75,6165.0,,,,,,,,,,,,,,,,,,,,52.21431447179011,,,52.21431447179011,#000000,,52.00876564742085,,67.85962980967162,11.710289865738424,True,False,True,False,True,19.60809410534917,0.0,0.0,0.0,0.0,0,,,False,False,False,False,,,False,False,False,False,127577.0,32153.60389872281,False,False,False,False,7344.336296647577,False,False,False,False
2024-02-23 17:00:00+00:00,55.24,55.32,55.105,55.135,12262.0,,,,,,,,,55.18666666666666,,,,,,,,,,,52.389209898285124,,,53.78793828247589,#000000,,52.91566036836459,,69.64931572051938,13.513139428323186,True,False,True,False,True,20.0,0.0,0.0,0.0,0.0,0,,,False,False,False,False,,,False,False,False,False,139839.0,33823.14492354881,False,False,False,False,7420.579144761568,False,False,False,False
2024-02-26 17:00:00+00:00,55.005,55.005,54.62,54.78,9378.0,,,,,,,,,55.01982147258163,,,,,,,,,,,52.49309893573218,,,53.75646020415691,#000000,,52.94270355785503,,68.82857237933402,13.513139428323186,True,False,True,False,True,18.60969253602153,0.0,0.0,0.0,0.0,0,,,False,False,False,False,,,False,False,False,False,130461.0,35321.40624256356,False,False,False,False,7450.926754920303,False,False,False,False
2024-02-27 17:00:00+00:00,53.82,53.925,53.6,53.87,6580.0,,,,,,,,,54.735009567682496,,,,,,,,,,,52.53138021077091,,,53.6331948892267,#000000,,52.89883222647139,,63.97706258986971,13.513139428323186,True,False,True,False,False,12.23486293635775,0.0,0.0,0.0,0.0,0,,,False,False,False,False,,,False,False,False,False,123881.0,36694.42320004319,False,False,False,False,7437.424014533941,False,False,False,False
2024-02-28 17:00:00+00:00,54.115,54.235,53.65,53.845,5306.0,,,,,,,,,54.60443924118594,,,,,,,,,,,52.56323187042705,,,53.5838355558065,#000000,,52.88887591066282,,60.635892855332244,16.651127072843366,True,False,True,False,False,12.068643394793686,0.0,0.0,0.0,0.0,0,,,False,False,False,False,,,False,False,False,False,118575.0,37963.88950701927,False,False,False,False,7404.3786809752755,False,False,False,False
2024-02-29 17:00:00+00:00,53.515,53.62,53.11,53.115,6427.0,,,,,,,,,54.39165273362868,,,,,,,,,,,52.58279008036687,,,53.487221406997776,#000000,,52.85144414996661,,55.48658985634186,11.861671979842143,False,False,True,False,False,7.390985352956875,0.0,0.0,0.0,0.0,0,,,False,False,False,False,,,False,False,False,False,112148.0,39114.03075497245,False,False,False,False,7389.225523130697,False,False,False,False
2024-03-01 17:00:00+00:00,53.695,53.7,53.435,53.51,10734.0,,,,,,,,,54.21306275113277,,,,,,,,,,,52.62478110726662,,,53.4189219291997,#000000,,52.83883976667082,,53.698032497723524,10.227269731978701,False,True,True,False,False,9.338695637387328,0.0,0.0,0.0,0.0,0,,,False,False,False,False,,,False,False,False,False,122882.0,40412.75896032171,False,False,False,False,7441.08249176433,False,False,False,False
2024-03-04 17:00:00+00:00,53.455,53.495,53.105,53.24,3148.0,,,,,,,,,54.158501934924615,,,,,,,,,,,52.63303274578676,,,53.39576734035569,#000000,,52.92164385144296,,51.42426491302574,8.01836868726361,False,True,False,False,False,7.6773991378028335,0.0,0.0,0.0,0.0,0,,,False,False,False,False,,,False,False,False,False,119734.0,41642.54564310743,False,False,False,False,7374.523073287363,False,False,False,False
2024-03-05 17:00:00+00:00,53.575,53.885,53.43,53.68,6856.0,,,,,,,,,54.10275315395473,,,,,,,,,,,52.66058166096881,,,53.38166740746177,#000000,,52.97997458174426,,51.786833875450746,8.01836868726361,False,True,False,False,False,9.812638227532638,0.0,0.0,0.0,0.0,0,,,False,False,False,False,,,False,False,False,False,126590.0,42959.56043933832,False,False,False,False,7366.483955872056,False,False,False,False
2024-03-06 17:00:00+00:00,54.245,54.36,54.045,54.255,18675.0,,,,,,,,,54.1303416030374,,,,,,,,,,,52.76628930018596,,,53.44831545161168,#000000,,53.134558359031814,,54.164136801684506,8.01836868726361,False,True,True,False,True,12.45777449086254,0.0,0.0,0.0,0.0,0,,,False,False,False,False,,,False,False,False,False,145265.0,44545.69128524005,False,False,False,False,7541.809786013574,False,False,False,False
2024-03-07 17:00:00+00:00,55.02,55.3,54.94,55.13,14521.0,,,,,,,,,54.28392232151416,,,,,,,,,,,52.88430485923862,,,53.58411359037639,#000000,,53.61032685214787,,58.3183612267612,1.9713592590841174,False,False,True,False,True,16.16488380649175,0.0,0.0,0.0,0.0,0,,,False,False,False,False,,,False,False,False,False,159786.0,46332.36273818206,False,False,False,False,7650.014285455224,False,False,False,False
2024-03-08 17:00:00+00:00,55.14,55.205,54.89,55.02,6610.0,,,,,,,,,54.333542278210636,,,,,,,,,,,52.93230480601966,,,53.63292354211515,#000000,,53.65166238664051,,60.51373772961957,4.152105184023718,True,False,True,False,True,15.47693126392532,0.0,0.0,0.0,0.0,0,,,False,False,False,False,,,False,False,False,False,153176.0,47988.853238365286,False,False,False,False,7633.890032967546,False,False,False,False
2024-03-11 17:00:00+00:00,54.91,54.99,54.835,54.93,6388.0,,,,,,,,,54.36849241396517,,,,,,,,,,,52.97417305796833,,,53.67133273596675,#000000,,53.679342299790086,,61.4745074099615,5.261899628287267,True,False,True,False,True,14.910476873809184,0.0,0.0,0.0,0.0,0,,,False,False,False,False,,,False,False,False,False,146788.0,49520.62295559993,False,False,False,False,7614.573908425414,False,False,False,False
2024-03-12 17:00:00+00:00,54.66,54.845,54.54,54.83,2824.0,,,,,,,,,54.37801242377564,,,,,,,,,,,52.99046258392187,,,53.68423750384875,#000000,,53.68574514623933,,61.5184409604173,5.645319983874302,True,False,True,False,True,14.276757610306607,0.0,0.0,0.0,0.0,0,,,False,False,False,False,,,False,False,False,False,143964.0,50984.86135938908,False,False,False,False,7540.301444728895,False,False,False,False
2024-03-13 17:00:00+00:00,55.22,55.27,55.01,55.16,2546.0,,,,,,,,,54.395445889566915,,,,,,,,,,,53.008263961399024,,,53.70185492548297,#000000,,53.70299274790363,,62.76180572119422,7.216544662919233,True,False,True,False,True,15.684561678662902,0.0,0.0,0.0,0.0,0,,,False,False,False,False,,,False,False,False,False,146510.0,52465.871260793894,False,False,False,False,7462.870414578059,False,True,False,False
2024-03-14 17:00:00+00:00,54.42,54.535,54.235,54.535,2162.0,,,,,,,,,54.396193295868045,,,,,,,,,,,53.01819673609232,,,53.70719501598018,#000000,,53.70128910621006,,59.93371795668628,7.216544662919233,True,False,True,False,False,11.795674473787514,0.0,0.0,0.0,0.0,0,,,False,False,False,False,,,False,False,False,False,144348.0,53890.40038853352,False,False,False,False,7380.68637714274,False,False,False,False
2024-03-15 17:00:00+00:00,54.52,54.905,54.52,54.585,3588.0,,,,,,,,,54.40451852322642,,,,,,,,,,,53.03706331015866,,,53.720790916692536,#000000,,53.708002573135026,,58.27552340423256,7.216544662919233,False,False,True,False,False,12.016162504139796,0.0,0.0,0.0,0.0,0,,,False,False,False,False,,,False,False,False,False,147936.0,55348.4717003392,False,False,False,False,7321.885037962232,False,False,False,False
2024-03-18 17:00:00+00:00,54.83,54.86,54.575,54.575,723.0,,,,,,,,,54.4061351857467,,,,,,,,,,,53.04081296707415,,,53.723474076410426,#000000,,53.70942076784572,,57.10881944318199,12.173597409836304,False,False,True,False,False,11.954256470051135,0.0,0.0,0.0,0.0,0,,,False,False,False,False,,,False,False,False,False,147213.0,56772.72795304711,False,False,False,False,7219.576742800026,False,False,False,False
2024-03-19 17:00:00+00:00,54.805,54.805,54.525,54.605,1878.0,,,,,,,,,54.40985463686163,,,,,,,,,,,53.050324527920644,,,53.73008958239114,"rgba(38, 166, 154, 0.5)",1.494171749236422,53.71275383464442,0.5971510074471368,56.49919816606773,11.303076176762318,False,True,True,False,False,12.091262349729998,0.0,0.0,0.0,0.0,0,,,False,False,False,False,,,False,False,False,False,149091.0,58204.01899253475,False,False,False,False,7136.761599500801,False,False,False,False
2024-03-20 17:00:00+00:00,54.7,55.14,54.61,55.075,4303.0,,,,,,,,,54.42817507145202,,,,,,,,,,,53.075674780920345,,,53.75192492618618,"rgba(38, 166, 154, 0.5)",1.515288082502132,53.731763080696446,0.8864564664730458,58.5422650009713,11.303076176762318,False,False,True,False,False,14.2033578701113,0.0,0.0,0.0,0.0,0,,,False,False,False,False,,,False,False,False,False,153394.0,59679.832651565215,False,False,False,False,7092.827311136447,False,False,False,False
2024-03-21 17:00:00+00:00,55.37,55.39,55.035,55.055,5650.0,,,,,,,,55.16,54.459845127490254,,,,,,,,,,,53.111722524921696,,,54.24385588413731,"rgba(38, 166, 154, 0.5)",1.5373160711781815,53.96445329246186,0.7093835340590406,59.741370635218004,11.303076176762318,False,False,True,False,True,14.073503317393168,0.0,0.0,0.0,0.0,0,,,False,False,False,False,,,False,False,False,False,147744.0,61045.16857944793,False,False,False,False,7070.457895459913,False,False,False,False
2024-03-22 17:00:00+00:00,54.465,54.465,54.19,54.19,1898.0,,,,,,,,54.93913663663664,54.45729197651565,,,,,,,,,,,53.1184803918585,,,54.1716363350036,#000000,1.5457719054840537,53.930924064835985,0.16760295244393397,54.83971210011077,9.528746687880158,False,True,True,False,False,8.696465020835515,0.0,0.0,0.0,0.0,0,,,False,False,False,False,,,False,False,False,False,145846.0,62359.910151859585,False,False,False,False,6990.264749793867,False,False,False,False
2024-03-25 17:00:00+00:00,54.27,54.34,54.075,54.075,2173.0,,,,,,,,54.76571614717278,54.45254732724257,,,,,,,,,,,53.1253447605169,,,54.11453607831075,#000000,1.5544883431563674,53.90255714418703,0.1109322283259015,50.97837897675928,5.9972624137245845,False,True,False,False,False,8.016611647767444,0.0,0.0,0.0,0.0,0,,,False,False,False,False,,,False,False,False,False,143673.0,63620.578211520675,False,False,False,False,6915.578474603264,False,False,False,False
2024-03-26 17:00:00+00:00,54.545,54.69,54.285,54.285,2931.0,,,,,,,,54.685626514912,54.45185384423395,,,,,,,,,,,53.13671642812333,,,54.09139892908976,#000000,1.563819397535447,53.89160016603494,0.2515634699154181,49.825114362692645,4.969672187071396,False,True,False,False,False,9.01533801545638,0.0,0.0,0.0,0.0,0,,,False,False,False,False,,,False,False,False,False,146604.0,64907.14289041182,False,False,False,False,6853.802064144299,False,False,False,False
2024-03-27 17:00:00+00:00,54.33,54.455,54.13,54.365,4642.0,,,,,,,,54.58659149608727,54.44744086505442,,,,,,,,,,,53.15290554599891,,,54.06231263571354,#000000,1.5772134110969782,53.876018665875115,0.3100286433557473,49.60193549097556,4.643460497495475,False,True,False,False,False,9.395577434112539,0.0,0.0,0.0,0.0,0,,,False,False,False,False,,,False,False,False,False,151246.0,66245.72982234342,False,False,False,False,6819.510559273845,False,False,False,False
2024-03-28 17:00:00+00:00,54.75,54.77,54.545,54.62,6149.0,,,,,,,,54.6019118002531,54.45562943764381,,,,,,,,,,,53.179539338661115,,,54.07902685885267,#000000,1.5929231161779516,53.88891452810193,0.45895841705921786,51.15812831026796,4.643460497495475,False,True,False,False,False,10.602575999705135,0.0,0.0,0.0,0.0,0,,,False,False,False,False,,,False,False,False,False,157395.0,67658.89680184197,False,False,False,False,6809.115046726963,False,False,False,False
2024-03-29 17:00:00+00:00,54.62,54.62,54.62,54.62,0.0,,,,,,,,54.6019118002531,54.45562943764381,,,,,,,,,,,53.179539338661115,,,54.07902685885267,#000000,1.6001098639082878,53.88891452810193,0.45689704712674173,52.19559018979623,4.643460497495475,False,True,True,False,True,10.602575999705135,0.0,0.0,0.0,0.0,0,,,False,False,False,False,,,False,False,False,False,157395.0,69050.1542157669,False,False,False,False,6703.547371583909,False,False,False,False
2024-04-01 17:00:00+00:00,54.03,54.03,53.765,53.96,3236.0,,,,,,,,54.5189979009708,54.444159597065735,,,,,,,,,,,53.18641482538102,,,54.04985744113918,#000000,1.595645021938169,53.86995384880161,0.05643244578861144,48.40341754028914,3.250828286024685,False,True,False,True,False,6.558720358941127,0.0,0.0,0.0,0.0,0,,,False,False,False,False,,,False,False,False,False,154159.0,70369.67120466974,False,False,False,False,6649.786947218267,False,False,False,False
2024-04-02 17:00:00+00:00,53.425,53.445,53.31,53.385,2146.0,,,,,,,,54.434200346921074,54.42930480570337,,,,,,,,,,,53.18760223705333,,,54.01703579655926,#000000,1.587548537954158,53.84738841746014,-0.29125938918126604,43.215946310765545,-1.5586895903173854,False,True,False,True,False,3.2716345136786025,0.0,0.0,0.0,0.0,0,,,False,False,False,False,,,False,False,False,False,152013.0,71635.45924800818,False,False,False,False,6579.960792997828,False,False,False,False
2024-04-03 17:00:00+00:00,53.585,53.64,53.37,53.37,11356.0,,,,,,,,54.15887073492446,54.36262950511843,,,,,,,,,,,53.1961658283064,,,53.90588868944976,#000000,1.5648199303480386,53.76491348484501,-0.25236992268955727,39.69519807622518,-4.6944874193242185,False,True,False,True,False,3.1877509827823545,0.0,0.0,0.0,0.0,0,,,False,False,False,False,,,False,False,False,False,140657.0,72705.56065501581,False,False,False,False,6654.007912486234,False,False,False,False
2024-04-04 17:00:00+00:00,53.69,53.74,53.105,53.15,5366.0,,,,,,,,54.06141586346703,54.3301745220663,,,,,,,,,,,53.19814925242848,,,53.86324654598727,#000000,1.5472219597694508,53.73087526477037,-0.37543111452278327,36.411845053115144,-7.627549460759823,False,True,False,True,False,1.9534928915877465,0.0,0.0,0.0,0.0,0,,,False,False,False,False,,,False,False,False,False,135291.0,73675.87754408534,False,False,False,False,6634.038797563967,False,False,False,False
2024-04-05 17:00:00+00:00,53.55,53.55,53.3,53.385,4949.0,,,,,,,,53.99773539818335,54.30425909561681,,,,,,,,,,,53.20099338511835,,,53.83432929297283,#000000,1.5321381221108146,53.70677272644324,-0.21001548215505458,36.41357268940064,-7.639887052019134,False,True,False,True,False,3.1890897608366373,0.0,0.0,0.0,0.0,0,,,False,False,False,False,,,False,False,False,False,140240.0,74707.87944262664,False,False,False,False,6607.914165043596,False,False,False,False
2024-04-08 17:00:00+00:00,53.36,53.445,53.295,53.335,3044.0,,,,,,,,53.961382393226245,54.2881234040725,,,,,,,,,,,53.20227199797105,,,53.81725926508994,#000000,1.5159396336836772,53.69232902468858,-0.23571454743239711,36.148504929576134,-8.12531139183308,False,True,False,True,False,2.90299653492065,0.0,0.0,0.0,0.0,0,,,False,False,False,False,,,False,False,False,False,137196.0,75676.68751328358,False,False,False,False,6552.659681864626,False,False,False,False
2024-04-09 17:00:00+00:00,52.92,53.165,52.86,53.145,1978.0,,,,,,,,53.92914910479484,54.27462308856213,,,,,,,,,,,53.20150715604678,,,53.80175978313458,#000000,1.5037576447200804,53.67941587394086,-0.3553869706446867,34.95407935186729,-9.570369970107905,False,True,False,True,False,1.813176807074143,0.0,0.0,0.0,0.0,0,,,False,False,False,False,,,False,False,False,False,135218.0,76599.80863710864,False,False,False,False,6481.734725556647,False,False,False,False
2024-04-10 17:00:00+00:00,52.13,52.5,52.02,52.485,5140.0,,,,,,,,53.79406508622111,54.220897681160984,,,,,,,,,,,53.189838646434254,,,53.73493380460545,"rgba(239, 83, 80, 0.5)",1.494720459568371,53.624317252213636,-0.7622276425804972,31.433999366223883,-13.117869104670199,False,True,False,True,False,0.0,0.0,0.0,0.0,0.0,0,,,False,False,False,False,,,False,False,False,False,130078.0,77428.92788304495,False,False,False,False,6460.932636788327,False,False,False,False
2024-04-11 17:00:00+00:00,51.68,51.98,51.6,51.665,5587.0,,,,,,,,53.6215312602209,54.148630205663146,,,,,,,,,,,53.16904339181738,,,53.646401619233814,"rgba(239, 83, 80, 1.0)",1.4926121881266323,53.55051499099958,-1.2632316726329824,26.975945994241037,-17.365590655927086,False,True,False,True,False,0.0,0.0,0.0,0.0,0.0,0,,,False,False,False,False,,,False,False,False,False,124491.0,78158.57241198998,False,False,False,False,6447.383293582306,False,False,False,False
2024-04-12 17:00:00+00:00,51.075,51.08,50.78,51.0,4646.0,,,,,,,,53.44666495041684,54.07281126149132,,,,,,,,,,,53.14277808253663,,,53.554084764814924,"rgba(255, 0, 0, 1.0)",1.5040024469263304,53.472963610656805,-1.644255044737927,22.850941574527532,-21.169820802397897,False,True,False,True,False,0.0,0.0,0.0,0.0,0.0,0,,,False,False,False,False,,,False,False,False,False,119845.0,78804.87361490486,False,False,False,False,6419.4548704259905,False,False,False,False
2024-04-15 17:00:00+00:00,51.02,51.065,50.545,50.725,5620.0,,,,,,,,53.25066667973668,53.98088907920431,,,,,,,,,,,53.109352988673145,,,53.44696958253805,"rgba(255, 0, 0, 1.0)",1.5201739854194236,53.381630339152665,-1.7475830823533567,19.702758833677343,-24.037059239210727,False,True,False,True,False,0.0,0.0,0.0,0.0,0.0,0,,,False,False,False,False,,,False,False,False,False,114225.0,79354.02286118541,False,False,False,False,6407.0602212721,False,False,False,False
2024-04-16 17:00:00+00:00,50.28,50.42,50.03,50.32,5349.0,,,,,,,,53.05502893150908,53.88454549924473,,,,,,,,,,,53.07148001985604,,,53.33701815020328,"rgba(255, 0, 0, 1.0)",1.538008768821882,53.28700904899892,-1.9291236234443925,17.07053751267285,-26.476661350615338,False,True,False,True,False,0.0,0.0,0.0,0.0,0.0,0,,,False,False,False,False,,,False,False,False,False,108876.0,79811.72793310501,False,False,False,False,6390.656186833772,False,False,False,False
2024-04-17 17:00:00+00:00,50.035,50.455,50.025,50.22,3356.0,,,,,,,,52.94390413772061,53.82623036287924,,,,,,,,,,50.23333333333333,53.04803465466766,,,52.512875622150204,"rgba(255, 0, 0, 1.0)",1.5557911286660764,52.85634375184992,-1.6945357916459534,15.189422858738128,-28.304500290481137,False,True,False,True,False,0.0,0.0,0.0,0.0,0.0,0,,,False,False,False,False,,,False,False,False,False,105520.0,80210.30579460725,False,False,False,False,6343.607253704567,False,False,False,False
2024-04-18 17:00:00+00:00,50.4,50.735,50.265,50.695,3438.0,,,,,,,,52.85165029214699,53.7737301171083,,,,,,,,,,50.40116818761652,53.027197949363824,,,52.51343663655891,"rgba(239, 83, 80, 1.0)",1.5655181970278254,52.83472723601399,-1.3667852855855103,18.25752361659051,-28.304500290481137,False,True,False,True,True,0.0,0.0,0.0,0.0,0.0,0,,,False,False,False,False,,,False,False,False,False,108958.0,80656.00647996218,False,False,False,False,6298.559079228527,False,False,False,False
2024-04-19 17:00:00+00:00,51.04,51.115,50.77,51.1,5442.0,,,,,,,,52.744271754378495,53.70468215337549,,,,,,,,,,50.66527677890378,53.000557953698696,,,52.528697160089116,"rgba(239, 83, 80, 1.0)",1.567476878861629,52.81448945636869,-1.093789311657233,23.40611207963049,-33.48364207743601,False,True,False,True,True,0.0,0.0,0.0,0.0,0.0,0,,,False,False,False,False,,,False,False,False,False,114400.0,81179.16917019532,False,False,False,False,6285.279093504053,False,False,False,False
2024-04-22 17:00:00+00:00,51.64,52.0,51.57,51.6,5276.0,,,,,,,,52.69006663513531,53.65807278220922,,,,,,,,,,50.98404712958733,52.984529303001175,,,52.57917896248326,"rgba(239, 83, 80, 0.5)",1.5658835976666556,52.82232907412577,-0.7806002157166575,30.0658581245975,-27.40820933310073,False,True,False,True,True,0.0,0.0,0.0,0.0,0.0,0,,,False,False,False,False,,,False,False,False,False,119676.0,81776.0192605799,False,False,False,False,6269.631355620269,False,False,False,False
2024-04-23 17:00:00+00:00,51.95,52.045,51.825,51.845,1783.0,,,,,,,,52.67622872489413,53.64424603946964,,,,,,,,,,51.069149952492005,52.97997027045164,,,52.59239874682685,"rgba(239, 83, 80, 0.5)",1.5546582660907677,52.823960149451835,-0.6296947508042777,35.91175290253139,-22.221901847056607,False,True,False,True,True,0.0,0.0,0.0,0.0,0.0,0,,,False,False,False,False,,,False,False,False,False,121459.0,82391.25927204377,False,False,False,False,6200.07117956414,False,False,False,False
2024-04-24 17:00:00+00:00,51.62,51.815,51.61,51.69,5038.0,,,,,,,,52.630151767693405,53.601970673843866,,,,,,,,,,51.20079884655954,52.96493561670874,,,52.599464226201384,"rgba(239, 83, 80, 0.5)",1.548303343419264,52.811934863697374,-0.7246221281287826,39.009930582679715,-19.530331611749048,False,True,False,True,True,0.0,0.0,0.0,0.0,0.0,0,,,False,False,False,False,,,False,False,False,False,116421.0,82918.85215154696,False,False,False,False,6182.054572129037,False,False,False,False
2024-04-25 17:00:00+00:00,51.31,51.42,51.17,51.29,3453.0,,,,,,,,52.58805233813058,53.567984083335105,,,,,,,,,,51.21229821972697,52.95153364245257,,,52.5799670709113,"rgba(239, 83, 80, 0.5)",1.5436817373754002,52.789206179489994,-0.9711886480169007,39.15329947868154,-19.319917882268342,False,True,False,True,True,0.0,0.0,0.0,0.0,0.0,0,,,False,False,False,False,,,False,False,False,False,112968.0,83384.73041276328,False,False,False,False,6139.743648530138,False,False,False,False
2024-04-26 17:00:00+00:00,51.68,51.82,51.63,51.705,8658.0,,,,,,,,52.524402527950585,53.50213942785405,,,,,,,,,,51.33251696667033,52.927231391195335,,,52.57157257841757,"rgba(239, 83, 80, 0.5)",1.5344871696674112,52.76138801903734,-0.6884306626469264,41.86480199081596,-16.49772823348289,False,False,False,True,True,0.0,0.0,0.0,0.0,0.0,0,,,False,False,False,False,,,False,False,False,False,121626.0,83977.6183133406,False,False,False,False,6178.786382661454,False,False,False,False
2024-04-29 17:00:00+00:00,51.96,51.96,51.425,51.61,4605.0,,,,,,,,52.492203513710685,53.46800136255908,,,,,,,,,,51.36981591106564,52.91413850089385,,,52.56103982205731,"rgba(239, 83, 80, 0.5)",1.526218706653987,52.74392472272342,-0.7429634545689631,43.1634211956158,-14.923629972734417,False,False,False,True,True,0.0,0.0,0.0,0.0,0.0,0,,,False,False,False,False,,,False,False,False,False,117021.0,84489.91880460663,False,False,False,False,6154.386593782981,False,False,False,False
2024-04-30 17:00:00+00:00,51.115,51.25,51.05,51.055,3129.0,,,,,,,,52.45809602395044,53.43870389630745,,,,,,,,,,51.35200412724283,52.90157005787206,,,52.537593526343194,"rgba(239, 83, 80, 1.0)",1.5197739430052963,52.7211039816068,-1.096284081770835,41.358428221841834,-14.923629972734417,False,False,False,True,True,0.0,0.0,0.0,0.0,0.0,0,,,False,False,False,False,,,False,False,False,False,113892.0,84945.76502469023,False,False,False,False,6107.481375274719,False,False,False,False
2024-05-01 17:00:00+00:00,51.175,51.83,51.085,51.495,4706.0,,,,,,,,52.4225304921577,53.402464460290574,,,,,,,,,,51.363363438616595,52.88665813382794,,,52.518754131223204,"rgba(239, 83, 80, 0.5)",1.4921274702207636,52.698549725059245,-0.806599804024236,42.95784274485034,-14.454804876804737,False,False,False,True,True,0.0,0.0,0.0,0.0,0.0,0,,,False,False,False,False,,,False,False,False,False,118598.0,85467.50510182683,False,False,False,False,6085.752981859607,False,False,False,False
2024-05-02 17:00:00+00:00,51.93,52.25,51.93,52.085,1975.0,,,,,,,,52.417557282679944,53.39239020991507,,,,,,,,,,51.39151608695938,52.88318340058634,,,52.52116174503519,#000000,1.4669165430058295,52.696571091088,-0.41690926045107135,47.0620583299238,-10.237231856392327,False,False,False,False,True,0.0,0.0,0.0,0.0,0.0,0,,,False,False,False,False,,,False,False,False,False,120573.0,86011.7763405582,False,False,False,False,6022.02037748969,False,False,False,False
2024-05-03 17:00:00+00:00,52.37,52.535,52.32,52.45,4421.0,,,,,,,,52.4181195858247,53.376238184461684,,,,,,,,,,51.474968373130736,52.87885885823619,,,52.537046250413326,#000000,1.4500566158565047,52.70026045794948,-0.17258668055637175,51.36953732745752,-5.9959803925424,True,False,True,False,True,0.27039428299596935,0.0,0.0,0.0,0.0,0,,,False,False,False,False,,,False,False,False,False,124994.0,86616.1519011697,False,False,False,False,5997.198356133261,False,False,False,False
2024-05-06 17:00:00+00:00,52.955,53.27,52.955,53.16,1911.0,,,,,,,,52.42788016626992,53.37444341945749,,,,,,,,,,51.53021448596225,52.87989505699233,,,52.5531082821705,#000000,1.4292018405043183,52.708790500797804,0.31570733147319197,56.740924373034446,-0.9094969642808053,True,False,True,False,True,3.5532611813897894,0.0,0.0,0.0,0.0,0,,,False,False,False,False,,,False,False,False,False,126905.0,87240.78520502753,False,False,False,False,5933.8464436350705,False,False,False,False
2024-05-07 17:00:00+00:00,52.86,52.89,52.59,52.84,6004.0,,,,,,,,52.44217888616961,53.361074729717046,,,,,,,,,,51.64832012026268,52.878522382776026,,,52.58252402973134,#000000,1.4076120024884629,52.721458111105875,0.08421488924828924,58.36982504782932,0.680192181445392,True,False,True,False,True,1.9976410385853178,0.0,0.0,0.0,0.0,0,,,False,False,False,False,,,False,False,False,False,120901.0,87762.6490002984,False,False,False,False,5934.934095671736,False,False,False,False
2024-05-08 17:00:00+00:00,52.96,53.07,52.905,53.0,3684.0,,,,,,,,52.455788719389886,53.356101555039075,,,,,,,,,,51.72231776790921,52.87940965858413,,,52.60340442523057,#000000,1.3901681536762114,52.73204302416771,0.19275148486440008,60.05105030709342,2.475784850834472,True,False,True,False,True,2.7278617900473634,0.0,0.0,0.0,0.0,0,,,False,False,False,False,,,False,False,False,False,124585.0,88333.53816308448,False,False,False,False,5900.035892638065,False,False,False,False
2024-05-09 17:00:00+00:00,53.53,53.72,53.52,53.695,5633.0,,,,,,,53.644999999999996,52.499182774941914,53.36192853553709,,,,,,,,,,51.8716788255737,52.888480886052506,,,52.85325420442105,"rgba(38, 166, 154, 0.5)",1.3766247795909439,52.86205970672826,0.6050597850775601,63.43157410766853,5.894462032082423,True,False,True,False,True,5.796083214538989,0.0,0.0,0.0,0.0,0,,,False,False,False,False,,,False,False,False,False,130218.0,88982.909664432,False,False,False,False,5895.895801279335,False,False,False,False
2024-05-10 17:00:00+00:00,50.825,50.825,50.01,50.13,20078.0,,,,,,,51.04977279504233,52.248565587083206,53.158018254559465,,,,,,,,,,51.53556105770962,52.78446971348226,,,52.155277481575375,"rgba(239, 83, 80, 1.0)",1.4050478879979849,52.19504857665547,-1.4697353693744228,53.59496565933881,11.78983593310383,True,False,True,False,False,0.0,0.0,0.0,0.0,0.0,0,,,False,False,False,False,,,False,False,False,False,110140.0,89310.9265688594,False,False,False,False,6115.773385755624,False,False,False,False
2024-05-13 17:00:00+00:00,50.72,50.785,50.6,50.715,6322.0,,,,,,,50.98074199523408,52.19440879487236,53.10718228043832,,,,,,,,,,51.48215583886014,52.758208847802216,,,52.10453955144143,"rgba(239, 83, 80, 1.0)",1.4228059068786154,52.1632980352873,-1.017916799674106,48.95537781525059,7.707377309308335,True,False,False,True,False,0.0,0.0,0.0,0.0,0.0,0,,,False,False,False,False,,,False,False,False,False,116462.0,89731.87344376081,False,False,False,False,6118.970697604374,False,False,False,False
2024-05-14 17:00:00+00:00,50.72,50.97,50.4,50.805,21052.0,,,,,,,50.879321999309276,52.04113666693092,52.95369395398282,,,,,,,,,,51.34928560512599,52.676346044733094,,,51.97995685401643,"rgba(239, 83, 80, 0.5)",1.439851005805444,52.06864389730862,-0.8776212901290741,46.160895370908506,5.198825830625495,False,False,False,True,False,0.0,0.0,0.0,0.0,0.0,0,,,False,False,False,False,,,False,False,False,False,137514.0,90472.68160742342,False,False,False,False,6350.490531750043,False,False,False,False
2024-05-15 17:00:00+00:00,50.93,51.145,50.73,50.825,10460.0,,,,,,,50.882725758648725,51.98490873860802,52.88998670395491,,,,,,,,,,51.31325291612996,52.64150684824482,,,51.94247619311729,"rgba(239, 83, 80, 0.5)",1.4558266188472355,52.037439412132514,-0.8328185488822527,44.37117077230734,3.4095522915176772,False,False,False,True,False,0.0,0.0,0.0,0.0,0.0,0,,,False,False,False,False,,,False,False,False,False,147974.0,91364.17491583547,False,False,False,False,6414.20385683919,False,False,False,False
2024-05-16 17:00:00+00:00,51.45,51.555,51.26,51.49,5076.0,,,,,,,50.92357832636267,51.97206674027726,52.86840861038151,,,,,,,,,,51.31781371463715,52.63013198055966,,,51.94239987444365,#000000,1.4615613088267934,52.03817701534708,-0.3750626210727383,45.57657787154801,3.4095522915176772,False,False,False,True,False,0.0,0.0,0.0,0.0,0.0,0,,,False,False,False,False,,,False,False,False,False,153050.0,92320.5442969853,False,False,False,False,6393.456510221528,False,False,False,False
2024-05-17 17:00:00+00:00,51.74,51.835,51.595,51.71,5728.0,,,,,,,50.984422677731594,51.96542351000502,52.849396172955515,,,,,,,,,,51.333855408748036,52.62048090093995,,,51.95071573407603,#000000,1.4608881353971543,52.04620658052126,-0.2301384838270701,47.13045197584421,3.4095522915176772,True,False,False,True,False,0.0,0.0,0.0,0.0,0.0,0,,,False,False,False,False,,,False,False,False,False,158778.0,93350.89244741964,False,False,False,False,6383.139355024295,False,False,False,False
2024-05-20 17:00:00+00:00,51.37,51.49,51.29,51.49,2913.0,,,,,,,51.00097087399583,51.9584363343525,52.83755803482375,,,,,,,,,,51.335663701977005,52.61410607553484,,,51.94934700413679,#000000,1.4539738401800626,52.04498538711912,-0.38170245693718063,47.38895697512491,3.4095522915176772,True,False,False,True,False,0.0,0.0,0.0,0.0,0.0,0,,,False,False,False,False,,,False,False,False,False,155865.0,94320.10341722709,False,False,False,False,6329.338744868879,False,False,False,False
2024-05-21 17:00:00+00:00,50.96,51.235,50.84,51.235,8230.0,,,,,,,51.01082493098769,51.92839121778643,52.797816793822285,,,,,,,,,,51.32311486437708,52.59171401892048,,,51.93037236517879,"rgba(239, 83, 80, 0.5)",1.4661715114204514,52.02730242985676,-0.5403886405412184,46.649805134558115,3.4095522915176772,True,False,False,True,False,0.0,0.0,0.0,0.0,0.0,0,,,False,False,False,False,,,False,False,False,False,147635.0,95146.69096114604,False,False,False,False,6358.806361227501,False,False,False,False
2024-05-22 17:00:00+00:00,51.17,51.2,50.705,50.745,11322.0,,,,,,,50.995915311835056,51.8802055089261,52.73930665853269,,,,,,,,,,51.29269690823676,52.55757613489752,,,51.89314010448563,"rgba(239, 83, 80, 0.5)",1.4883634158557135,51.992183274068644,-0.837956147525701,44.50316202242992,1.3748093036084867,False,False,False,True,False,0.0,0.0,0.0,0.0,0.0,0,,,False,False,False,False,,,False,False,False,False,136313.0,95784.92831058563,False,False,False,False,6435.755099813121,False,False,False,False
2024-05-23 17:00:00+00:00,50.665,50.67,50.225,50.32,7514.0,,,,,,,50.9533559063722,51.83640408798196,52.692901648076436,,,,,,,,,,51.25373731798349,52.52940289005358,,,51.85316037009353,"rgba(239, 83, 80, 1.0)",1.5194797236655253,51.95469288792805,-1.0758240879875558,41.77459176470374,-1.6458492076849538,False,False,False,True,False,0.0,0.0,0.0,0.0,0.0,0,,,False,False,False,False,,,False,False,False,False,128799.0,96296.77438328972,False,False,False,False,6452.472075009817,False,False,False,False
2024-05-24 17:00:00+00:00,51.0,51.165,50.885,51.005,1896.0,,,,,,,50.954515693251984,51.830320608611174,52.68454361820124,,,,,,,,,,51.25115893427613,52.5244289786685,,,51.848993566601806,"rgba(239, 83, 80, 0.5)",1.535653166782356,51.950608530577014,-0.6157695963069181,43.12517479854388,-1.6458492076849538,False,False,False,True,False,0.0,0.0,0.0,0.0,0.0,0,,,False,False,False,False,,,False,False,False,False,130695.0,96830.0802068046,False,False,False,False,6381.829097102687,False,False,False,False
2024-05-27 17:00:00+00:00,51.005,51.005,51.005,51.005,0.0,,,,,,,50.954515693251984,51.830320608611174,52.68454361820124,,,,,,,,,,51.25115893427613,52.5244289786685,,,51.848993566601806,"rgba(239, 83, 80, 0.5)",1.5513526733522418,51.950608530577014,-0.6095380804248028,44.02556348777064,-1.6458492076849538,False,False,False,True,False,0.0,0.0,0.0,0.0,0.0,0,,,False,False,False,False,,,False,False,False,False,130695.0,97355.11772297816,False,False,False,False,6282.886010325901,False,False,False,False
2024-05-28 17:00:00+00:00,50.69,50.69,50.4,50.555,2300.0,,,,,,,50.94590728011008,51.81885929962722,52.67168740776407,,,,,,,,,,51.24194302073891,52.51656974227466,,,51.83899335010299,"rgba(239, 83, 80, 0.5)",1.5699786048923883,51.94113325914479,-0.8828994578813398,42.938853377018994,-1.6458492076849538,False,False,False,True,False,0.0,0.0,0.0,0.0,0.0,0,,,False,False,False,False,,,False,False,False,False,128395.0,97836.35620789323,False,False,False,False,6221.1358396231735,False,False,False,False
2024-05-29 17:00:00+00:00,49.505,49.505,49.135,49.145,6905.0,,,,,,,50.84515546353169,51.75201768697696,52.61116932723688,,,,,,,,,,51.1669391359677,52.47816441333679,,,51.77068920541001,"rgba(255, 0, 0, 1.0)",1.6276211209963893,51.87772989924823,-1.6789717606855072,38.40678710669965,-6.048527250724575,False,False,False,True,False,0.0,0.0,0.0,0.0,0.0,0,,,False,False,False,False,,,False,False,False,False,121490.0,98203.07936746077,False,False,False,False,6231.738384745295,False,False,False,False
2024-05-30 17:00:00+00:00,49.5,49.505,49.115,49.175,8689.0,,,,,,,50.734535160089585,51.672819804268656,52.53807392621125,,,,,,,,,,51.08041448295,52.43115426580703,,,51.6913995278653,"rgba(255, 0, 0, 1.0)",1.6792847764332262,51.80389338437267,-1.5654839615448675,35.54232561730731,-8.847316391734289,False,True,False,True,False,0.0,0.0,0.0,0.0,0.0,0,,,False,False,False,False,,,False,False,False,False,130179.0,98698.83007494199,False,False,False,False,6269.835464051569,False,False,False,False
2024-05-31 17:00:00+00:00,49.35,50.115,49.33,50.05,4290.0,,,,,,,50.7043711061616,51.644320318579425,52.509196140172875,,,,,,,,,,51.05298240538285,52.41251159754391,,,51.66467631356814,"rgba(239, 83, 80, 1.0)",1.702410392397842,51.778712867112326,-1.0154501375414182,37.829681587676035,-8.847316391734289,False,False,False,True,False,0.0,0.0,0.0,0.0,0.0,0,,,False,False,False,False,-0.2918922164853615,-0.2918922164853615,False,False,False,False,134469.0,99253.40635284985,False,False,False,False,6239.140340577901,False,False,False,False
2024-06-03 17:00:00+00:00,49.52,49.77,49.42,49.73,3508.0,,,,,,,50.676066625731515,51.61926765364355,52.48437850335174,,,,,,,,,,51.028048467013754,52.396347310514464,,,51.640821712051,"rgba(239, 83, 80, 1.0)",1.7305768319179593,51.75627462097877,-1.170866605635244,38.38303958578285,-8.847316391734289,False,False,False,True,True,0.0,0.0,0.0,0.0,0.0,0,0.8910891089108912,0.8190017631900178,False,False,False,False,-0.3074682797924595,-0.2996802481389105,False,False,False,False,130961.0,99744.99695203047,False,False,False,False,6196.79707948367,False,False,False,False
2024-06-04 17:00:00+00:00,49.39,49.665,49.39,49.595,2257.0,,,,,,,50.65712442145587,51.60275956245522,52.46813879945699,,,,,,,,,,51.0114559666156,52.385710362744064,,,51.62503782254555,"rgba(239, 83, 80, 1.0)",1.7552796112054465,51.74143021749313,-1.2228423345150476,38.33609951487047,-8.847316391734289,False,False,False,True,True,0.0,0.0,0.0,0.0,0.0,0,0.8905698778833108,0.8192672998643149,False,False,False,False,-0.315772929949288,-0.3077265890440992,False,False,False,False,128704.0,100193.97374347186,False,False,False,False,6135.714954220357,False,False,False,False
2024-06-05 17:00:00+00:00,49.29,49.56,49.2,49.5,3691.0,,,,,,,50.62400318429756,51.574649020887186,52.44079893984463,,,,,,,,,,50.98276602863101,52.36769577696114,,,51.597982590124296,"rgba(239, 83, 80, 1.0)",1.7859740497292609,51.71600391951159,-1.2407817010821187,37.99377428080468,-8.847316391734289,False,False,False,True,True,0.0,0.0,0.0,0.0,0.0,0,0.8826804263697469,0.8238169597392899,False,False,False,False,-0.3340696765789411,-0.32089813281152013,False,False,False,False,125013.0,100578.76484822424,False,False,False,False,6097.812396790584,False,False,False,False
2024-06-06 17:00:00+00:00,49.32,49.385,49.21,49.23,3675.0,,,,,,,50.588976889761824,51.54553482638482,52.41277708197354,,,,,,,,,,50.952653273709565,52.34910372343036,,,51.56980915905202,"rgba(239, 83, 80, 1.0)",1.80729272171998,51.68954022216808,-1.3608975417260374,36.865552543903455,-8.847316391734289,False,True,False,True,True,0.0,0.0,0.0,0.0,0.0,0,0.8776998024119371,0.8274851808952786,False,False,False,False,-0.34282825441539394,-0.33186319361345706,False,False,False,False,121338.0,100900.61345522852,False,False,False,False,6060.249413894606,False,False,False,False
2024-06-07 17:00:00+00:00,49.29,49.29,49.055,49.07,3280.0,,,,,,,50.55612131925598,51.518638537075,52.3871115563872,,,,,,,,,,50.924542618887905,52.33196841404192,,,51.543676489129595,"rgba(239, 83, 80, 1.0)",1.821914652227165,51.66500268325897,-1.4243272483081229,35.582439778568116,-10.152130849442976,False,True,False,True,True,0.0,0.0,0.0,0.0,0.0,0,0.8801692370683776,0.8259178381329333,False,False,False,False,-0.34282825441539394,-0.33734572401442553,False,False,False,False,118058.0,101166.6194481707,False,False,False,False,6017.144771818721,False,False,False,False
2024-06-10 17:00:00+00:00,49.3,49.58,49.28,49.455,5465.0,,,,,,,50.515473536770365,51.48061849200005,52.34909821229194,,,,,,,,,,50.887141525029584,52.30646501242616,,,51.50775935570361,"rgba(239, 83, 80, 1.0)",1.8310863781712636,51.63104146015958,-1.1883882082793003,37.200710699557916,-10.152130849442976,False,True,False,True,True,0.0,0.0,0.0,0.0,0.0,0,0.8816385343762865,0.8244133388225608,False,False,False,False,-0.31156765942677406,-0.32445669172059977,False,False,False,False,123523.0,101513.22999936185,False,False,False,False,6008.584387759516,False,False,False,False
2024-06-11 17:00:00+00:00,48.885,49.035,48.73,48.765,4403.0,,,,,,,50.46787785441999,51.44234897470882,52.31306127213516,,,,,,,,,,50.846526595536616,52.28204707969156,,,51.47037235529842,"rgba(255, 0, 0, 1.0)",1.8670249302272646,51.59593720600232,-1.5162824878068022,35.81841744247856,-10.224583101936858,False,True,False,True,True,0.0,0.0,0.0,0.0,0.0,0,0.8672946958836781,0.8277698136391564,False,False,False,False,-0.34282825441539394,-0.3336424730679969,False,False,False,False,119120.0,101786.2031776663,False,False,False,False,5983.691606553943,False,False,False,False
2024-06-12 17:00:00+00:00,49.15,49.16,48.415,48.51,12104.0,,,,,,,50.339220351617676,51.336958324089615,52.21363090007927,,,,,,,,,,50.735078493887386,52.21384151258568,,,51.36774591645193,"rgba(255, 0, 0, 1.0)",1.9065218720614463,51.49942255981682,-1.567998040633271,34.11949173754468,-11.99887453420643,False,True,False,True,False,0.0,0.0,0.0,0.0,0.0,0,0.8712038303693572,0.821340629274966,False,False,False,False,-0.34282825441539394,-0.3382353637416954,False,False,False,False,107016.0,101867.2852989428,False,False,False,False,6078.580108777913,False,False,False,False
2024-06-13 17:00:00+00:00,47.44,47.625,47.255,47.43,8367.0,,,,,,,50.20057029462921,51.23620487377159,52.124574916556405,,,,,,,,,,50.62105538271697,52.15186550262533,,,51.266854194059896,"rgba(255, 26, 202, 1.0)",1.980255313869437,51.40518426446122,-2.0074099721483254,30.410346465689273,-15.54060469350108,False,True,False,True,False,0.0,0.0,0.0,0.0,0.0,0,0.8730362946912242,0.8249593716143012,False,False,False,False,-0.34282825441539394,-0.34053180907854463,False,False,False,False,98649.0,101817.38940283516,True,False,False,False,6114.059486936395,False,False,False,False
2024-06-14 17:00:00+00:00,47.45,47.615,47.16,47.575,4176.0,,,,,,,50.13652007799225,51.18801074760799,52.08148043410116,,,,,,,,,47.45000000000001,50.56727135312378,52.121616546990545,,,50.59081652663596,"rgba(255, 0, 0, 1.0)",2.040799779189221,51.004878206050314,-1.6806539480384257,28.87735932227791,-16.97510940416482,False,True,False,True,False,0.0,0.0,0.0,0.0,0.0,0,0.866061140107097,0.8314241171287198,False,False,False,False,-0.34282825441539394,-0.34168003174696926,False,False,False,False,102825.0,101833.01127255865,False,False,False,False,6084.012053030404,False,False,False,False
2024-06-17 17:00:00+00:00,47.445,47.85,47.41,47.85,7938.0,,,,,,,50.033383269611384,51.1056879387877,52.00607964505774,,,,,,,,,47.616002971768204,50.47782082961179,52.06823814539005,,,50.55120213337114,"rgba(239, 83, 80, 1.0)",2.0915539354424735,50.950982503789625,-1.482621342553905,29.647123972472215,-16.97510940416482,False,True,False,True,False,0.0,0.0,0.0,0.0,0.0,0,0.8793904605712727,0.8236982369823702,False,False,False,False,-0.3200435802042482,-0.33086180597560877,False,False,False,False,110763.0,101971.4607101934,False,False,False,False,6112.756052208227,False,False,False,False
2024-06-18 17:00:00+00:00,48.29,48.43,48.17,48.275,7377.0,,,,,,,49.9673739740079,51.04523435588895,51.94756715289658,,,,,,,,,47.87172977271561,50.41615531287918,52.02630769122716,,,50.54572804326923,"rgba(239, 83, 80, 1.0)",2.123963895792644,50.92446317634912,-1.2474144130215392,32.72653135613479,-16.97510940416482,False,True,False,True,True,0.0,0.0,0.0,0.0,0.0,0,0.8847649587227948,0.8144913693115919,False,False,False,False,-0.25865293341299894,-0.2947573696943039,False,False,False,False,118140.0,102222.13573794233,False,False,False,False,6132.35673356934,False,False,False,False
2024-06-19 17:00:00+00:00,48.275,48.275,48.275,48.275,0.0,,,,,,,49.9673739740079,51.04523435588895,51.94756715289658,,,,,,,,,47.87172977271561,50.41615531287918,52.02630769122716,,,50.54572804326923,"rgba(239, 83, 80, 1.0)",2.145611485951891,50.92446317634912,-1.2348289490880033,34.779469611909846,-19.584997040549382,False,True,False,True,True,0.0,0.0,0.0,0.0,0.0,0,0.8818773552586505,0.8185680027406649,False,False,False,False,-0.2609070924304626,-0.27783223106238325,False,False,False,False,118140.0,102468.92433115252,False,False,False,False,6037.281435374466,False,False,False,False
2024-06-20 17:00:00+00:00,48.15,48.31,48.105,48.2,7061.0,,,,,,,49.90568083717547,50.988008069647776,51.891974806356494,,,,,,,,,47.96035665863212,50.358025725799145,51.98612497251136,,,50.51502851168706,"rgba(239, 83, 80, 1.0)",2.1493531019255054,50.885394932110444,-1.2493968207014103,35.8321090994793,-18.537493739843946,False,True,False,True,True,0.0,0.0,0.0,0.0,0.0,0,0.8776988248155236,0.8165482372232854,False,False,False,False,-0.26700636616152307,-0.27241929861195313,False,False,False,False,111079.0,102602.41387640598,False,False,False,False,6053.1530410275755,False,False,False,False
2024-06-21 17:00:00+00:00,48.36,48.535,48.29,48.455,2446.0,,,,,,,49.8879607179477,50.97025479722484,51.874235014078316,,,,,,,,,47.999690208520136,50.340595857853536,51.97320616726145,,,50.50765712714767,"rgba(239, 83, 80, 1.0)",2.1461862928468345,50.8744604132878,-1.127330102401539,38.29838277528065,-16.146350477642763,False,True,False,True,True,0.0,0.0,0.0,0.0,0.0,0,0.8789225405072811,0.8144527244137556,False,False,False,False,-0.24854061254376963,-0.2604799555778614,False,False,False,False,113525.0,102771.75629692682,False,False,False,False,5997.22818767831,False,False,False,False
2024-06-24 17:00:00+00:00,49.155,49.185,48.955,49.125,2541.0,,,,,,,49.87813061308742,50.956801004025074,51.85949773947199,,,,,,,,,48.08739882896309,50.32896472400113,51.96236991901168,,,50.51219380476007,"rgba(239, 83, 80, 0.5)",2.1297066054330727,50.87174652941765,-0.8201817682123641,43.75277429811396,-11.107692241679956,False,False,False,True,True,0.0,0.0,0.0,0.0,0.0,0,0.879890933878664,0.8173824130879348,False,False,False,False,-0.1903558178538977,-0.22541788671587956,False,False,False,False,116066.0,102977.86860240082,False,False,False,False,5943.64325453601,False,False,False,False
2024-06-25 17:00:00+00:00,48.96,49.085,48.91,48.91,8228.0,,,,,,,49.843300732813766,50.91181136525288,51.81080798229402,,,,,,,,,48.269668778970846,50.2892375551802,51.926390966023284,,,50.50853623008916,"rgba(239, 83, 80, 0.5)",2.115769889478831,50.85229608284972,-0.9180091334640179,46.154336613978586,-9.017936799407167,False,False,False,True,True,0.0,0.0,0.0,0.0,0.0,0,0.8768748295609493,0.8176983910553589,False,False,False,False,-0.1967027556272381,-0.21106032117155882,False,False,False,False,107838.0,103053.2194767822,False,False,False,False,5979.059638186614,False,False,False,False
2024-06-26 17:00:00+00:00,48.4,48.66,48.27,48.605,3097.0,,,,,,,49.82438488623471,50.89154408456731,51.79002688795332,,,,,,,,,48.28715355543114,50.26991457266442,51.91101529609099,,,50.49567321382364,"rgba(239, 83, 80, 1.0)",2.0961915809735006,50.83734633229425,-1.0649533909765647,46.09768810412483,-9.017936799407167,False,False,False,True,True,0.0,0.0,0.0,0.0,0.0,0,0.8715315560391734,0.8264417845484228,False,False,False,False,-0.24383863912397855,-0.22744948014776867,False,False,False,False,104741.0,103079.38661667703,False,False,False,False,5934.37654302093,False,False,False,False
2024-06-27 17:00:00+00:00,48.835,49.025,48.83,48.92,1893.0,,,,,,,49.81664309695412,50.88144608494683,51.77903843075758,,,,,,,,,48.314131309068976,50.26103738804392,51.90281959342357,,,50.49251931719916,"rgba(239, 83, 80, 0.5)",2.081968106911881,50.83168509914398,-0.9182105589405613,47.893630547674164,-7.248674675209038,True,False,False,False,True,0.0,0.0,0.0,0.0,0.0,0,0.8743575872328918,0.8227616986746014,False,False,False,False,-0.20284571063417836,-0.2151475953909735,False,False,False,False,106634.0,103134.4969016898,False,False,False,False,5871.719542353939,False,False,False,False
2024-06-28 17:00:00+00:00,49.22,49.305,48.84,48.995,3849.0,,,,,,,49.80339861044075,50.8624876712402,51.757895195532086,,,,,,,,,48.372139139200925,50.244955414947775,51.88696861862447,,,50.48797410833104,"rgba(239, 83, 80, 0.5)",2.062692299525687,50.821802559156644,-0.8856398792862694,49.52036006692957,-5.560814856371032,True,False,False,False,True,0.0,0.0,0.0,0.0,0.0,0,0.8798888361689151,0.8185453806005561,False,False,False,False,-0.19013723080801964,-0.20264241309949657,False,False,False,False,110483.0,103248.42718228375,False,False,False,False,5840.359549449226,False,False,False,False
2024-07-01 17:00:00+00:00,48.72,48.85,48.7,48.715,2655.0,,,,,,,49.791105038299186,50.84757294260015,51.74195195843758,,,,,,,,,48.39196894325121,50.231468000690995,51.875024636190666,,,50.4798485865783,"rgba(239, 83, 80, 1.0)",2.044950941062254,50.81151633017308,-1.025215954121635,48.83973651215756,-5.560814856371032,True,False,False,False,True,0.0,0.0,0.0,0.0,0.0,0,0.8793874508741024,0.8182002981433802,False,False,False,False,-0.21628171149116104,-0.20946206229532882,False,False,False,False,107828.0,103319.4283112406,False,False,False,False,5790.97413007792,False,False,False,False
2024-07-02 17:00:00+00:00,48.68,49.005,48.68,48.97,2858.0,,,,,,,49.77981019320152,50.83273485778376,51.72571659790228,,,,,,,,,48.41800569116207,50.2184741543871,51.86280030736689,,,50.47292363363394,"rgba(239, 83, 80, 0.5)",2.019498421359602,50.80191055512875,-0.9071116549303564,50.018012653537006,-4.6988500338692205,True,False,False,False,True,0.0,0.0,0.0,0.0,0.0,0,0.8772381985892568,0.8206049918610964,False,False,False,False,-0.21032541739531863,-0.20989373984532372,False,False,False,False,110686.0,103433.63872501982,False,False,False,False,5745.501662944928,False,False,False,False
2024-07-03 17:00:00+00:00,49.435,49.435,49.435,49.435,0.0,,,,,,,49.77981019320152,50.83273485778376,51.72571659790228,,,,,,,,,48.41800569116207,50.2184741543871,51.86280030736689,,,50.47292363363394,"rgba(239, 83, 80, 0.5)",1.9728435324687195,50.80191055512875,-0.6928631351814619,53.3520911028961,-1.387902232217506,True,False,True,False,True,0.0,0.0,0.0,0.0,0.0,0,0.8833965330444207,0.8181879739978334,False,False,False,False,-0.15862058684332775,-0.18425716334432574,False,False,False,False,110686.0,103546.07843470943,False,False,False,False,5656.424117782991,False,False,False,False
2024-07-04 17:00:00+00:00,49.435,49.435,49.435,49.435,0.0,,,,,,,49.77981019320152,50.83273485778376,51.72571659790228,,,,,,,,,48.41800569116207,50.2184741543871,51.86280030736689,,,50.47292363363394,"rgba(239, 83, 80, 0.5)",1.9226613687123357,50.80191055512875,-0.7109471159990115,55.57481006913549,0.787340956269766,True,False,True,False,True,0.0,0.0,0.0,0.0,0.0,0,0.8809734212494055,0.8186391135884715,False,False,False,False,-0.15862058684332775,-0.17143887509382674,False,False,False,False,110686.0,103656.77489308603,False,False,False,False,5568.727619832866,False,False,False,False
2024-07-05 17:00:00+00:00,48.92,49.155,48.92,48.935,1230.0,,,,,,,49.77566686333458,50.826801601071566,51.719074729002,,,,,,,,,48.43101320710402,50.213448284945045,51.8577778674237,,,50.47063042548015,"rgba(239, 83, 80, 0.5)",1.8974916182796426,50.79832769918555,-0.9819952200236486,53.46938831969321,0.787340956269766,True,False,True,False,False,0.0,0.0,0.0,0.0,0.0,0,0.8849057887218559,0.8183797020610848,False,False,False,False,-0.19319909363742277,-0.18231898436562477,False,False,False,False,109456.0,103746.68535985988,False,False,False,False,5501.460524951736,False,False,False,False
2024-07-08 17:00:00+00:00,49.135,49.18,49.08,49.15,1836.0,,,,,,,49.77061741333573,50.81865876635472,51.70970440185696,,,,,,,,,48.4536691440063,50.206841247189935,51.8506623516521,,,50.46835888739929,"rgba(239, 83, 80, 0.5)",1.8694039807498273,50.79388739330199,-0.8793644446197356,53.4157354574246,0.787340956269766,True,False,True,False,False,0.0,0.0,0.0,0.0,0.0,0,0.88492198678204,0.8172651086734349,False,False,False,False,-0.1851146369659549,-0.18371681066578982,False,False,False,False,111292.0,103863.66698218763,False,False,False,False,5444.631679603647,False,False,False,False
2024-07-09 17:00:00+00:00,49.28,49.35,49.13,49.13,3596.0,,,,,,,49.76197130755548,50.80355857799681,51.69201770584154,,,,,,,,,48.4980216953763,50.19492447058409,51.8371728343805,,,50.46461109862245,"rgba(239, 83, 80, 0.5)",1.8333926411373633,50.78589478037723,-0.9031861169410899,53.23277426884457,0.787340956269766,True,False,True,False,False,0.0,0.0,0.0,0.0,0.0,0,0.8926782405818983,0.8125300212722161,False,False,False,False,-0.17553164532267265,-0.17962422799423122,False,False,False,False,107696.0,103923.08299796766,False,False,False,False,5415.970723330723,False,False,False,False
2024-07-10 17:00:00+00:00,49.8,49.855,49.555,49.825,5482.0,,,,,,,49.761585936324224,50.788685146264754,51.67129514039221,,,,,,,,,48.601185377460524,50.18692419180452,51.82104615907388,,,50.47178699188669,"rgba(239, 83, 80, 0.5)",1.7856135998384393,50.78393800171222,-0.5370355612205145,56.95398512325342,2.519165844849482,True,False,True,False,True,0.0,0.0,0.0,0.0,0.0,0,0.8891010776156052,0.8061655981448647,False,False,False,False,-0.13535087809291152,-0.15748755304357137,False,False,False,False,113178.0,104066.57008327049,False,False,False,False,5416.994433046525,False,False,False,False
2024-07-11 17:00:00+00:00,50.09,50.2,50.015,50.04,6676.0,,,,,,,49.77028863038784,50.7768470014481,51.6509976648874,,,,,,,,,48.73699675984955,50.18476388148092,51.804901526633216,,,50.48746591078117,#000000,1.725504151422604,50.7877605117035,-0.43335770075488234,60.36586233363504,5.752230637982777,True,False,True,False,True,0.0,0.0,0.0,0.0,0.0,0,0.8897333242858115,0.804030671099953,False,False,False,False,-0.10092272833902775,-0.12920514069129957,False,False,False,False,119854.0,104311.33643856863,False,False,False,False,5436.513899200842,False,False,False,False
2024-07-12 17:00:00+00:00,50.38,50.465,50.27,50.275,3477.0,,,,,,,49.778116531650056,50.77302372560136,51.64229671770542,,,,,,,,,48.8097832478364,50.186422418169506,51.79782447474863,,,50.4979111859519,#000000,1.6602279177085313,50.79189298161259,-0.31133856749380234,63.602690714357244,8.735481501419912,True,False,True,False,True,0.0,0.0,0.0,0.0,0.0,0,0.8939136348180893,0.7987759265555937,False,False,False,False,-0.07881454757603994,-0.10400984413366976,False,False,False,False,123331.0,104606.21494339702,False,False,False,False,5406.133838748116,False,False,False,False
2024-07-15 17:00:00+00:00,50.355,50.495,50.235,50.445,2194.0,,,,,,,49.78342109722265,50.770945010480126,51.637094216583,,,,,,,,,48.85393351142772,50.1878267845949,51.7935606049089,,,50.50446353753622,#000000,1.6111684389717935,50.7946011709832,-0.21698610928991727,66.42705789242225,11.309810719133473,True,False,True,False,True,0.0,0.0,0.0,0.0,0.0,0,0.9004531099821502,0.7959632019772076,False,False,False,False,-0.07902672627375991,-0.09151828520371483,False,False,False,False,125525.0,104930.5371923366,False,False,False,False,5356.333314116362,False,False,False,False
2024-07-16 17:00:00+00:00,50.73,50.86,50.665,50.77,2231.0,,,,,,50.76500000000001,49.79197543740405,50.770912240346405,51.63342074689999,,,,,,,,,48.906673944326926,50.191814896028845,51.79039886852456,,,50.55002801907583,#000000,1.5755667019940796,50.79694369145016,-0.017100952575385218,69.4795390614012,14.101709363521152,True,False,True,False,True,0.730847046344838,0.0,0.0,0.0,0.0,0,0.8989343416981785,0.7968374011687872,False,False,False,False,-0.04536656465216554,-0.06844242492794018,False,False,False,False,127756.0,105284.42033664147,False,False,False,False,5307.878534052542,False,False,False,False
2024-07-17 17:00:00+00:00,50.71,50.71,50.38,50.56,8749.0,,,,,,50.59368533697632,49.81702551105201,50.76623794299053,51.61581502896259,,,,,,,,,49.06715457454329,50.20126455324807,51.775624395018866,,,50.54811533468452,#000000,1.5382763549324332,50.793876099810454,-0.15203776555528253,69.40586487763179,14.101709363521152,True,False,True,False,True,0.0,0.0,0.0,0.0,0.0,0,0.8913118487336967,0.8053274446207996,False,False,False,False,-0.06376680387841818,-0.06610461440317919,False,False,False,False,119007.0,105497.1735097168,False,False,False,False,5361.229254454827,False,False,False,False
2024-07-18 17:00:00+00:00,50.48,50.54,49.915,49.98,1892.0,,,,,,50.52773500621504,49.819352722772265,50.76340828095143,51.6106644758598,,,,,,,,,49.0894462116409,50.200945373427,51.77143501186149,,,50.540426726103995,"rgba(239, 83, 80, 0.5)",1.5053758382591655,50.78829558277479,-0.536939388976456,64.59221048390475,14.101709363521152,True,False,True,False,False,0.0,0.0,0.0,0.0,0.0,0,0.8803483269336261,0.8078716401535935,False,False,False,False,-0.09070803118499113,-0.07840632279408516,False,False,False,False,117115.0,105677.29485065142,False,False,False,False,5307.44275438576,False,False,False,False
2024-07-19 17:00:00+00:00,49.575,49.695,49.515,49.53,1615.0,,,,,,50.42208221163802,49.81791172578329,50.758824991086975,51.604612612097256,,,,,,,,,49.09795609239109,50.197953057582936,51.76663961280921,,,50.523711471912684,"rgba(239, 83, 80, 0.5)",1.4665268156092386,50.77682037066441,-0.8501858659477992,58.586463159983225,14.697089933376517,True,False,True,False,False,0.0,0.0,0.0,0.0,0.0,0,0.8775189562128564,0.8163125896577642,False,False,False,False,-0.14395099779518292,-0.11117866029463404,False,False,False,False,115500.0,105829.5848529669,False,False,False,False,5250.195579899159,False,False,False,False
2024-07-22 17:00:00+00:00,49.94,50.08,49.8,50.045,1676.0,,,,,,50.37572263812411,49.81888708595899,50.755687219846955,51.599588078887045,,,,,,,,,49.11346605397458,50.196843621032635,51.76258020034883,,,50.51753927116759,"rgba(239, 83, 80, 0.5)",1.4238180114501306,50.77201414301161,-0.5106088960562866,57.507603065314555,13.822235769325701,True,False,True,False,False,0.0,0.0,0.0,0.0,0.0,0,0.8775607757443324,0.8165118819994542,False,False,False,False,-0.1152164008816278,-0.11319753058813092,False,False,False,False,117176.0,106005.4982660992,False,False,False,False,5194.781694939482,False,False,False,False
2024-07-23 17:00:00+00:00,49.705,49.745,49.55,49.67,1213.0,,,,,,50.32540976058932,49.81815391452511,50.75250744453413,51.59525837995665,,,,,,,,,49.120309559032904,50.19489920804207,51.75912978136734,,,50.50938114972107,"rgba(239, 83, 80, 0.5)",1.3853409604052906,50.76605116409297,-0.7911779088465792,54.60036185854362,11.083697170666845,True,False,True,False,False,0.0,0.0,0.0,0.0,0.0,0,0.8698434309053777,0.8183798502382578,False,False,False,False,-0.14029343500504377,-0.12674548279658734,False,False,False,False,115963.0,106159.87813794261,False,False,False,False,5133.048645405536,False,False,False,False
2024-07-24 17:00:00+00:00,49.765,49.765,49.375,49.43,3251.0,,,,,,50.1989953297458,49.81466091461821,50.743063521248565,51.5829676868421,,,,,,,,,49.133512601146734,50.18850182453591,51.749362476607224,,,50.48729490782065,"rgba(239, 83, 80, 0.5)",1.3629769914710073,50.749599102768606,-0.968174159230975,51.382898045389865,8.036615995535264,True,False,False,False,False,0.0,0.0,0.0,0.0,0.0,0,0.8690889297135471,0.8186704769680891,False,False,False,False,-0.14696597888209287,-0.1368557308393401,False,False,False,False,112712.0,106261.46142262567,False,False,False,False,5103.869596639559,False,False,False,False
2024-07-25 17:00:00+00:00,49.91,49.92,49.55,49.58,1135.0,,,,,,50.17210090984285,49.81411993249373,50.740228542112014,51.57904166469403,,,,,,,,,49.13972993796409,50.18682731762308,51.746216206969244,,,50.482609215957,"rgba(239, 83, 80, 0.5)",1.3537743767198225,50.74578501862327,-0.8611368619990849,50.19976378188173,6.814691328706317,True,False,False,False,False,0.0,0.0,0.0,0.0,0.0,0,0.8684013350589198,0.818949662829508,False,False,False,False,-0.1327747746266113,-0.1348152527329757,False,False,False,False,113847.0,106379.06667188728,False,False,False,False,5042.336734676155,False,False,False,False
2024-07-26 17:00:00+00:00,50.02,50.05,49.795,49.87,3473.0,,,,,,50.13534079651278,49.81525119801578,50.73344700387926,51.56852155941696,,,,,,,,,49.165323687547136,50.18399749047364,51.73767627961147,,,50.47707971649386,"rgba(239, 83, 80, 0.5)",1.35063948150833,50.73993055885939,-0.6440879085571357,51.19049712356511,6.814691328706317,True,False,False,False,False,0.0,0.0,0.0,0.0,0.0,0,0.8613471079997285,0.817984095697683,False,False,False,False,-0.11671237798436689,-0.1257638153586713,False,False,False,False,117320.0,106548.69354519135,False,False,False,False,5018.005932588153,False,False,False,False
2024-07-29 17:00:00+00:00,49.495,49.665,49.36,49.555,2963.0,,,,,,50.071382308437954,49.812218648111234,50.72514505674802,51.55763267604249,,,,,,,,,49.175347835992305,50.17841429096973,51.728961593802914,,,50.464157487157806,"rgba(239, 83, 80, 0.5)",1.3506636740360063,50.72922929543248,-0.8693720857418866,49.88092831940169,6.0576562434416985,False,False,False,False,False,0.0,0.0,0.0,0.0,0.0,0,0.8557482250136539,0.8274849808847629,False,False,False,False,-0.15192495342299456,-0.1388443843908329,False,False,False,False,114357.0,106669.75255999458,False,False,False,False,4986.145375493763,False,False,False,False
2024-07-30 17:00:00+00:00,50.115,50.115,49.89,49.89,4115.0,,,,,,50.05783472080381,49.8144162608958,50.71795128252301,51.54592400369942,,,,,,,,,49.20464219924331,50.175926190880936,51.719358357808815,,,50.46229328797931,"rgba(239, 83, 80, 0.5)",1.3507772470586166,50.72530574587822,-0.6183889665724938,51.07128541562714,6.0576562434416985,True,False,False,False,False,0.0,0.0,0.0,0.0,0.0,0,0.8632420247284655,0.8147414440877115,False,False,False,False,-0.10987776672835443,-0.12436107555959366,False,False,False,False,118472.0,106852.73314045976,False,False,False,False,4972.639245641146,False,False,False,False
2024-07-31 17:00:00+00:00,49.77,49.905,49.565,49.64,7342.0,,,,,,49.992199890724166,49.81163675535546,50.70110378096714,51.522067554151086,,,,,,,,,49.235601403627435,50.16629600076233,51.69996420563194,,,50.44698137017423,"rgba(239, 83, 80, 0.5)",1.3519063217186267,50.70982521466647,-0.7913456705390985,50.26657586409491,5.8180537777025165,False,False,False,False,False,0.0,0.0,0.0,0.0,0.0,0,0.8631152605203544,0.8159538683325329,False,False,False,False,-0.1327747746266113,-0.1285679250931025,False,False,False,False,111130.0,106919.04735533636,False,False,False,False,5009.373520902523,False,False,False,False
2024-08-01 17:00:00+00:00,48.56,48.63,48.29,48.54,9535.0,,,,,,49.700367012265374,49.769935959219865,50.65435860027111,51.47187288489311,,,,,,,,,49.17972430881585,50.12299242188677,51.660314503295915,,,50.36565224152115,"rgba(255, 0, 0, 1.0)",1.3623978001178114,50.64482409015551,-1.5449409049056735,44.74282157948002,0.40791653777768744,False,True,False,True,False,0.0,0.0,0.0,0.0,0.0,0,0.8658785161027315,0.8200163065633924,False,False,False,False,-0.24428598778464256,-0.18642695643887253,False,False,False,False,101595.0,106836.50398548618,False,False,False,False,5079.538272516436,False,False,False,False
2024-08-02 17:00:00+00:00,47.855,48.115,47.545,48.035,7847.0,,,,,,49.45244797236882,49.722682968420706,50.60729775240962,51.42389372341889,,,,,,,,,49.10559753133746,50.07677150739773,51.62249632326571,,,50.2873125398027,"rgba(255, 0, 0, 1.0)",1.3776389516419643,50.581526974823184,-1.8484719612406884,39.521016142343655,-4.4455972453753105,False,True,False,True,False,0.0,0.0,0.0,0.0,0.0,0,0.854220646393018,0.8304241101868272,False,False,False,False,-0.301491906134687,-0.24395943128677977,False,False,False,False,93748.0,106633.58144307554,False,False,False,False,5122.444655888275,False,False,False,False
2024-08-05 17:00:00+00:00,47.02,47.315,46.98,47.085,2830.0,,,,,,49.34250491366976,49.69925852238004,50.5859942492441,51.40318624070509,,,,,,,,,49.06515489936957,50.05483066764079,51.60625561537923,,,50.25102644405551,"rgba(255, 26, 202, 1.0)",1.4073722398930972,50.55243866562026,-2.4637679835745807,33.86064238406024,-9.545562433772268,False,True,False,True,False,0.0,0.0,0.0,0.0,0.0,0,0.8386332882273345,0.8372124492557517,False,False,False,False,-0.34282825441539394,-0.29339384285108683,False,False,False,False,90918.0,106389.9290176015,True,False,False,False,5086.902878277603,False,False,False,False
2024-08-06 17:00:00+00:00,47.54,47.89,47.525,47.55,5933.0,,,,,,49.19034736575482,49.66130545507267,50.54886136658216,51.3656990708275,,,,,,,,,49.007219513884074,50.01798681751099,51.5765566368995,,,50.19542517521882,"rgba(255, 26, 202, 1.0)",1.4182533732132374,50.50610534604636,-2.0843280910722766,32.931550023593076,-10.286835880752086,False,True,False,True,False,0.0,0.0,0.0,0.0,0.0,0,0.8410146000134566,0.8311242683172987,False,False,False,False,-0.29221513950705114,-0.292804491179069,False,False,False,False,96851.0,106242.03864523559,False,False,False,False,5100.020663110508,False,False,False,False
2024-08-07 17:00:00+00:00,47.3,47.365,46.835,47.09,9597.0,,,,,,48.92385063950378,49.58653189636403,50.47953632947201,51.29773453790812,,,,,,,,47.09666666666667,48.88816274584921,49.9471969318224,51.522743723798804,,47.09666666666667,49.71780293392313,"rgba(255, 26, 202, 1.0)",1.4405656171439734,50.164404952984455,-2.134165161514603,31.180939432852394,-12.013445871612987,False,True,False,True,False,0.0,1.0,47.365,46.835,0.0,0,0.8343107516009439,0.8405797101449282,False,False,False,False,-0.34282825441539394,-0.31781637279723146,False,False,False,False,87254.0,105947.65044918541,False,False,False,False,5169.741272984764,False,False,False,False
2024-08-08 17:00:00+00:00,47.29,47.66,47.22,47.595,4782.0,,,,,,48.8384329645751,49.556534185564374,50.4499353202703,51.26777935960633,,,,,,,,47.22803115654774,48.84610665726215,49.91790156244023,51.49875966643695,,47.22803115654774,49.70043510908789,"rgba(255, 0, 0, 1.0)",1.4545450141533267,50.143449783142536,-1.7520597563809048,32.87904203829429,-12.013445871612987,False,True,False,True,False,0.0,0.0,0.0,0.0,0.0,0,0.8343095670908239,0.8336363024304864,False,False,False,False,-0.31209190477576676,-0.31495413878649914,False,False,False,False,92036.0,105731.96594609726,False,False,False,False,5163.729780380349,False,False,False,False
2024-08-09 17:00:00+00:00,47.94,48.125,47.84,48.075,2953.0,,,,,,48.809123923398936,49.543007702582365,50.43511920033878,51.25203878046172,,,,,,,,47.361829756135094,48.83090232180468,49.903972680600035,51.486000608668434,,47.361829756135094,49.70274937174875,"rgba(239, 83, 80, 1.0)",1.451470571461897,50.139683470004506,-1.4224769765224992,36.406316023109085,-12.013445871612987,False,True,False,True,True,0.0,0.0,0.0,0.0,0.0,0,0.8494917104455213,0.8223374496827462,False,False,False,False,-0.26418250395534515,-0.28956832137092214,False,False,False,False,94989.0,105565.40833452987,False,False,False,False,5129.454900064375,False,False,False,False
2024-08-12 17:00:00+00:00,48.06,48.17,47.9,47.95,9911.0,,,,,,48.72364566204157,49.49910287832085,50.38655014966534,51.20019831554813,,,,,,,,47.59642134370909,48.783312127761626,49.858517871675254,51.443771731632,,47.59642134370909,49.68644001004423,"rgba(239, 83, 80, 1.0)",1.450459315260285,50.112582321594736,-1.4909637925326145,38.294556696207664,-18.389318404631634,False,True,False,True,True,0.0,0.0,0.0,0.0,0.0,0,0.8420980270846228,0.8311679384065452,False,False,False,False,-0.2596115906022965,-0.2745899559866093,False,False,False,False,85078.0,105247.77409678522,False,False,False,False,5203.587382233919,False,False,False,False
2024-08-13 17:00:00+00:00,50.53,50.675,50.32,50.495,11051.0,,,,,,48.91187606073998,49.52990826538349,50.388952232624874,51.187886985162564,,,,,,,,48.433383036507024,48.88694577020755,49.875121360232875,51.431125598739925,,48.433383036507024,49.83064991369979,#000000,1.444956039108133,50.20112126421918,0.20338247519433555,47.71732865952646,-9.601176732178317,False,False,False,False,True,1.6245862676238154,0.0,0.0,0.0,0.0,0,0.8395775879464591,0.8331875966906581,False,False,False,False,-0.05364462310707875,-0.16411728954684401,False,False,False,False,96129.0,105106.3977541994,False,False,False,False,5294.244942199284,False,False,False,False
2024-08-14 17:00:00+00:00,51.09,51.09,50.81,50.935,13037.0,,,,,,49.13816830443407,49.579648358897344,50.402902703420445,51.18297420513944,,,,,,,,49.071281194599756,49.02401900981398,49.90698227564352,51.42358689851134,,49.071281194599756,49.96619536880749,#000000,1.4370773174106977,50.28795071401633,0.4502536350302379,54.84607277832532,-3.2987301957450583,True,False,True,False,True,3.146921139831587,0.0,0.0,0.0,0.0,0,0.8396473992328919,0.8339950205235189,False,False,False,False,-0.016781239955561026,-0.09044926475120252,False,False,False,False,109166.0,105169.33732390172,False,False,False,False,5414.287656273714,False,False,False,False
2024-08-15 17:00:00+00:00,51.62,51.625,51.415,51.58,8012.0,,,,,,49.29194019375168,49.62109961618076,50.420168738747265,51.18735770252193,,,,,,,,49.404587145914434,49.1229527172606,49.93633183038352,51.42468588844773,,49.404587145914434,50.051140479150995,"rgba(38, 166, 154, 0.5)",1.4269511756390856,50.34520654158302,0.8653368661082299,60.74539456239141,1.807621076163251,True,False,True,False,True,5.30970392874114,0.0,0.0,0.0,0.0,0,0.8407893859590643,0.8285219014600983,False,False,False,False,0.029601859284639768,-0.030423702733281377,False,False,False,False,117178.0,105355.51814058542,False,False,False,False,5454.562266253966,False,False,False,False
2024-08-16 17:00:00+00:00,52.09,52.39,52.06,52.34,5313.0,,,,,,49.41295426555058,49.65763608381222,50.43854287258213,51.196047323795526,,,,,,,,49.639499891734715,49.202759296107445,49.96373878397322,51.42990335709209,,49.639499891734715,50.11763523433099,"rgba(38, 166, 154, 1.0)",1.4241446555740436,50.39173698987936,1.368023256974086,65.85544150634516,6.256673137389768,True,False,True,False,True,7.743745560470948,0.0,0.0,0.0,0.0,0,0.8438639527945372,0.8283497977855875,False,False,False,False,0.08716926305542379,0.028372780161071205,False,False,False,False,122491.0,105621.1845260027,False,False,False,False,5452.3675024360755,False,False,False,False
2024-08-19 17:00:00+00:00,52.49,52.57,52.375,52.545,5853.0,,,,,,49.54536642236879,49.70023497070236,50.460899667047734,51.20751672002714,,,,,,,,49.87667524713157,49.29246397479981,49.99618222906947,51.43716476557321,,49.87667524713157,50.18956299959001,"rgba(38, 166, 154, 1.0)",1.4056196959810439,50.442884727478244,1.4955078379537068,69.56171564310651,9.553233870287777,True,False,True,False,True,8.384139959426474,0.0,0.0,0.0,0.0,0,0.8552798769477701,0.8235805523975133,False,False,False,False,0.10749689850639703,0.06793483933373412,False,False,False,False,128344.0,105973.47623877785,False,False,False,False,5458.578858987454,False,False,False,False
2024-08-20 17:00:00+00:00,52.33,52.48,52.19,52.365,13513.0,,,,,,49.797875723636494,49.78878699092313,50.50699510617764,51.230213041796254,,,,,,,,50.27364833019924,49.47303814701968,50.06364591857629,51.45121103641956,,50.27364833019924,50.32317678684354,"rgba(38, 166, 154, 1.0)",1.3922625211963586,50.53915326350118,1.3114241809295357,71.1145324118186,11.088891654568869,True,False,True,False,True,7.678795020866403,0.0,0.0,0.0,0.0,0,0.8463511780193076,0.8300816850064142,False,False,False,False,0.09619390841690563,0.08206437387531987,False,False,False,False,114831.0,106110.80218856422,False,False,False,False,5583.453605359741,False,False,False,False
2024-08-21 17:00:00+00:00,52.935,53.275,52.92,53.205,3745.0,,,,,,49.8792166936907,49.81953643806694,50.52468274606136,51.24067906736783,,,,,,,,50.395670506378636,49.53207847174067,50.08788809482639,51.45839316782089,,50.395670506378636,50.36726814824418,"rgba(0, 255, 255, 0.75)",1.3990368308426218,50.57182128965827,1.8821368046156453,73.50866161689278,13.633651819389776,True,False,True,False,True,10.285549183959667,0.0,0.0,0.0,0.0,0,0.8436261003964789,0.8280357502856002,False,False,False,False,0.15926528412321053,0.1206648289992652,False,False,False,False,118576.0,106304.06106936168,False,False,False,False,5554.950448687497,False,False,False,False
2024-08-22 17:00:00+00:00,53.43,53.44,53.095,53.355,2744.0,,,,,,49.93920916207646,49.842803285058075,50.5382941971566,51.248930357681765,,,,,,,,50.48361930225793,49.57605082843452,50.106348605817146,51.464126163918934,,50.48361930225793,50.39992273780018,"rgba(0, 255, 255, 0.75)",1.3863808545540386,50.596190432537874,1.9899362851123314,75.32749722210453,15.762008070218371,True,False,True,False,True,10.738949598120705,0.0,0.0,0.0,0.0,0,0.8512157338182802,0.8229271906782527,False,False,False,False,0.17348238970481533,0.14707360935204028,False,False,False,False,121320.0,106536.86632410025,False,False,False,False,5511.369821576062,False,False,False,False
2024-08-23 17:00:00+00:00,54.31,54.53,54.3,54.48,3788.0,,,,,,50.04562062640408,49.88484953298201,50.564541757464355,51.266493821953,,,,,,,,50.642413599295864,49.65318245227452,50.14046900372893,51.4768688045515,,50.642413599295864,50.45930494983178,"rgba(0, 255, 0, 1.0)",1.4921451032018027,50.641129174226116,2.5727195147017143,77.98598786367313,18.735362426900352,True,False,True,False,True,14.009193942552315,0.0,0.0,0.0,0.0,0,0.8612420854102119,0.815640576586287,False,False,False,False,0.27160605253847925,0.20933983094525976,False,False,False,False,125108.0,106824.79087721498,False,False,False,False,5484.650909613643,False,False,False,False
2024-08-26 17:00:00+00:00,54.78,54.82,54.545,54.575,4989.0,,,,,,50.18466537038832,49.941567607164906,50.60042248434181,51.290845569123086,,,,,,,,50.84361836274273,49.75540935912482,50.18675230664183,51.494664774251206,,50.84361836274273,50.53724322922234,"rgba(0, 255, 0, 1.0)",1.5894680168461033,50.70059193031021,2.437550192030648,79.86525644318311,20.998241943602807,True,False,True,False,True,14.27547575918555,0.0,0.0,0.0,0.0,0,0.8625397039940533,0.8148273298641628,False,False,False,False,0.29516459622675184,0.2522522135860058,False,False,False,False,130097.0,107185.6003209791,False,False,False,False,5476.966399387075,False,False,False,False
2024-08-27 17:00:00+00:00,54.88,55.025,54.665,54.725,7613.0,,,,,,50.38833881486886,50.02838590065553,50.65607096041778,51.32905812171397,,,,,,,,51.125729834145616,49.90837732928523,50.258017862982456,51.52278375702564,,51.125729834145616,50.65209532263688,"rgba(0, 255, 0, 1.0)",1.6846959465828066,50.78913079697722,2.336248989621063,81.29826487218475,22.88814110949066,True,False,True,False,True,14.699644430881335,0.0,0.0,0.0,0.0,0,0.8719810040705566,0.8048168249660799,False,False,False,False,0.309631352068636,0.2809417828273209,False,False,False,False,137710.0,107658.84682763058,False,False,False,False,5510.083199396578,False,False,False,False
2024-08-28 17:00:00+00:00,53.895,53.955,53.5,53.93,13555.0,,,,,,50.6362625991467,50.144416967407835,50.728338040943456,51.37589454259102,,,,,,,,51.42610471873547,50.10728232389208,50.3525996525305,51.55663711997732,,51.42610471873547,50.79094199565304,"rgba(0, 255, 255, 0.75)",1.7460582557384896,50.89743154304986,1.7368082920392154,77.64053265322343,22.88814110949066,True,False,True,False,False,11.434434873598839,0.0,0.0,0.0,0.0,0,0.8660882432068876,0.815913370998118,False,False,False,False,0.21232039899570598,0.24663109091151345,False,False,False,False,124155.0,107914.60114038049,False,False,False,False,5634.810591653994,False,False,False,False
2024-08-29 17:00:00+00:00,54.28,54.355,54.025,54.155,8515.0,,,,,,50.7911148733641,50.22099625673575,50.77752235698171,51.408936907384586,,,,,,,,51.607813991775934,50.23408337936189,50.415802959927674,51.58094650219211,,51.607813991775934,50.87965215346547,"rgba(0, 255, 255, 0.75)",1.8051835972609331,50.96767164789151,1.7656532869813002,75.6941498016487,22.88814110949066,True,False,True,False,False,12.095721646035834,0.0,0.0,0.0,0.0,0,0.8765465303926845,0.8086336740182906,False,False,False,False,0.2520168068274772,0.24932394886949533,False,False,False,False,132670.0,108298.40577386295,False,False,False,False,5679.464691008196,False,False,False,False
2024-08-30 17:00:00+00:00,54.2,54.63,54.15,54.495,5161.0,,,,,,50.88491917251866,50.26881830504738,50.808769723297004,51.43033780712032,,,,,,,,51.71621092157974,50.31173529784856,50.45554998376808,51.59684091895977,,51.71621092157974,50.934147766267444,"rgba(0, 255, 255, 0.75)",1.8698800896179546,51.0111839537996,1.8631227026499828,75.12953040203296,22.88814110949066,True,False,True,False,False,13.08885390803631,0.0,0.0,0.0,0.0,0,0.876137206011187,0.8123188894130343,False,False,False,False,0.2694196525310644,0.2593718007002799,False,False,False,False,137831.0,108756.27545178754,False,False,False,False,5671.426478744503,False,False,False,False
2024-09-02 17:00:00+00:00,54.495,54.495,54.495,54.495,0.0,,,,,,50.88491917251866,50.26881830504738,50.808769723297004,51.43033780712032,,,,,,,,51.71621092157974,50.31173529784856,50.45554998376808,51.59684091895977,,51.71621092157974,50.934147766267444,"rgba(0, 255, 255, 0.75)",1.9341480304267564,51.0111839537996,1.801214794005046,74.7531174689558,22.88814110949066,True,False,True,False,False,13.08885390803631,0.0,0.0,0.0,0.0,0,0.8762837516153169,0.8194926205536297,False,False,False,False,0.27861971122941465,0.26899575596484726,False,False,False,False,137831.0,109207.04637501563,False,False,False,False,5583.497386050789,False,False,False,False
2024-09-03 17:00:00+00:00,54.52,54.82,54.48,54.81,7296.0,,,,,,51.0193563611095,50.339001607389214,50.855371502920654,51.46284304143688,,,,,,,,51.87031085310783,50.4238306080134,50.51426052569264,51.62119156079617,,51.87031085310783,51.01327075755828,"rgba(0, 255, 255, 0.75)",2.007595374867477,51.074807287973236,1.8605306421735155,75.22822281169022,22.88814110949066,True,False,True,False,False,14.01762928860187,0.0,0.0,0.0,0.0,0,0.8719956049993136,0.8196676280730679,False,False,False,False,0.2922857752617519,0.2806407656132996,False,False,False,False,145127.0,109763.94488082934,False,False,False,False,5610.047814174032,False,False,False,False
2024-09-04 17:00:00+00:00,55.29,55.495,55.19,55.475,8293.0,,,,,,51.18740543458255,50.42820098418387,50.916174623156216,51.506642541696024,,,,,,,,52.06508071679992,50.56375737341524,50.58962284520275,51.65444483431096,,52.06508071679992,51.11391616916844,"rgba(0, 255, 0, 1.0)",2.101806798880409,51.15636739744382,2.0547238713171105,76.86267957986823,22.88814110949066,True,False,True,False,False,15.926683327561225,0.0,0.0,0.0,0.0,0,0.8778354741732718,0.8149767696091839,False,False,False,False,0.34282824542955703,0.31173450552142834,False,False,False,False,153420.0,110440.78294469244,False,False,False,False,5651.643972093815,False,False,False,False
2024-09-05 17:00:00+00:00,55.12,55.405,55.035,55.17,9168.0,,,,,,51.35126760396222,50.5197001437259,50.97884190906828,51.55170441627168,,,,,,,,52.24615996072731,50.70400060666207,50.66718694835233,51.68875718878709,,52.24615996072731,51.21345234719461,"rgba(0, 255, 255, 0.75)",2.1813642974520073,51.23781905872738,1.8026245986815197,75.84559602041558,22.88814110949066,True,False,True,False,False,14.613755913310374,0.0,0.0,0.0,0.0,0,0.8763532375570238,0.8133723701232394,False,False,False,False,0.33185999633208646,0.32179725092675737,False,False,False,False,144252.0,110964.9878602786,False,False,False,False,5706.161119813291,False,False,False,False
2024-09-06 17:00:00+00:00,54.38,54.745,54.36,54.63,4303.0,,,,,,51.41190755572247,50.555876087496884,51.00336864877588,51.56892208746252,,,,,,,,52.30765404145629,50.75819808822222,50.697806432949626,51.70181056103745,,52.30765404145629,51.25069293789042,"rgba(0, 255, 255, 0.75)",2.23933211165883,51.268586120520396,1.501078764502498,71.82710402533763,27.139707716697686,True,False,True,False,False,12.335471797940208,0.0,0.0,0.0,0.0,0,0.8751607880306008,0.816803195450546,False,False,False,False,0.2733534785759836,0.2975753647513705,False,False,False,False,139949.0,111414.35238957661,False,False,False,False,5684.406683847194,False,False,False,False
2024-09-09 17:00:00+00:00,55.13,55.17,54.92,55.025,5399.0,,,,,,51.495439230459645,50.60545171074724,51.03757314358027,51.59351014101999,,,,,,,,52.3951019923958,50.83202676668764,50.74002787496832,51.72061541735135,,52.3951019923958,51.30246828465128,"rgba(0, 255, 255, 0.75)",2.305365558942973,51.3114595100965,1.6108250058208498,70.36111973686788,25.55353822717693,True,False,True,False,False,13.502464589841928,0.0,0.0,0.0,0.0,0,0.8750591575958359,0.8158339530795767,False,False,False,False,0.31632294656999677,0.3069491556606836,False,False,False,False,145348.0,111940.45545330411,False,False,False,False,5679.981774020105,False,False,False,False
2024-09-10 17:00:00+00:00,54.42,55.025,54.41,55.005,10098.0,,,,,,51.63247645770021,50.69073137289924,51.09650337869166,51.635631612698475,,,,,,,,52.53176009715203,50.95645684449657,50.812810777700705,51.752876888531745,,52.53176009715203,51.388655928733826,"rgba(0, 255, 255, 0.75)",2.3689360709204856,51.383427354631436,1.5287760146103688,69.2558612578934,24.274190327814907,True,False,True,False,False,13.417391751428678,0.0,0.0,0.0,0.0,0,0.8737185144952138,0.8155339805825254,False,False,False,False,0.2876326988879185,0.29729092727430106,False,False,False,False,135250.0,112301.84374084977,False,False,False,False,5748.478180624445,False,False,False,False
2024-09-11 17:00:00+00:00,54.97,55.345,54.97,55.305,7403.0,,,,,,51.737520405570635,50.75684589447454,51.14300030002081,51.6695544936448,,,,,,,,52.63817162120528,51.051658396419185,50.86962387715072,51.77908909219341,,52.63817162120528,51.455683010084925,"rgba(0, 255, 255, 0.75)",2.4329025004255005,51.439685443506065,1.588766732665166,69.48168238071747,24.21044317107649,True,False,True,False,False,14.310318027616209,0.0,0.0,0.0,0.0,0,0.87743600190127,0.8161879540979167,False,False,False,False,0.32629363880057227,0.31179228303743667,False,False,False,False,142653.0,112772.40430300713,False,False,False,False,5774.129681700034,False,False,False,False
2024-09-12 17:00:00+00:00,55.615,56.015,55.51,56.015,3474.0,,,,,,51.793421246367956,50.791575528249915,51.167838736858506,51.68809258942253,,,,,,,,52.696970729631545,51.10153580896033,50.899640989005455,51.79352425087832,,52.696970729631545,51.491574984921826,"rgba(0, 255, 255, 0.75)",2.5124602098951487,51.46984102855984,1.8090471457177186,71.52829204349429,24.21044317107649,True,False,True,False,True,16.363541747498395,0.0,0.0,0.0,0.0,0,0.8819200648123148,0.8092762624898744,False,False,False,False,0.34282824586523397,0.3273102644513353,False,False,False,False,146127.0,113289.5298176892,False,False,False,False,5738.468756402358,False,False,False,False
2024-09-13 17:00:00+00:00,55.865,56.155,55.8,56.08,4150.0,,,,,,51.86087650343973,50.83378097050884,51.19820306847342,51.71089358419788,,,,,,,,52.76798183939375,51.16180045308554,50.9362081374832,51.81133113713639,,52.76798183939375,51.53513446171485,"rgba(0, 255, 255, 0.75)",2.5926666712997513,51.50652558191195,1.7640040151383134,73.04800895575782,24.21044317107649,True,False,True,False,True,16.548276102053993,0.0,0.0,0.0,0.0,0,0.8866257503203618,0.8068388750252928,False,False,False,False,0.3428282460723063,0.3350692552618208,False,False,False,False,150277.0,113862.97896780254,False,False,False,False,5713.841333822476,False,False,False,False
2024-09-16 17:00:00+00:00,56.29,56.56,56.25,56.525,4243.0,,,,,,51.93461971597809,50.87978514486522,51.231616388949725,51.736282168925975,,,,,,,,52.84679405836562,51.22727546886547,50.97620396893028,51.83124457530564,,52.84679405836562,51.582977686273246,"rgba(0, 255, 255, 0.75)",2.6793856866188026,51.54687406840192,1.857935554578604,75.0839263741536,20.726251533562987,True,False,True,False,True,17.807036628548182,0.0,0.0,0.0,0.0,0,0.8892413606911449,0.8060880129589645,False,False,False,False,0.34282824645561316,0.338948750858717,False,False,False,False,154520.0,114493.32037915444,False,False,False,False,5691.037592212825,False,False,False,False
2024-09-17 17:00:00+00:00,56.26,56.425,56.255,56.405,4697.0,,,,,,52.012076876657616,50.929090419053885,51.267528721156474,51.763579813504364,,,,,,,,52.92825898731512,51.296761490129654,51.019143010645,51.85269551100153,,52.92825898731512,51.63364185368296,"rgba(0, 255, 255, 0.75)",2.7562916201838195,51.58977333537895,1.7469946319758136,75.45259576688724,21.272172914451502,True,False,True,False,True,17.260327979290107,0.0,0.0,0.0,0.0,0,0.8820866274748298,0.8097168727616743,False,False,False,False,0.3376631616598825,0.33830595625929977,False,False,False,False,149823.0,115041.06735002025,False,False,False,False,5675.626156674642,False,False,False,False
2024-09-18 17:00:00+00:00,56.33,56.865,56.3,56.37,2633.0,,,,,,52.055779940659086,50.95709599630629,51.28802738090287,51.779236212255,,,,,,,,52.97421913335184,51.33602624447502,51.04358265059644,51.86502873748123,,52.97421913335184,51.66237453700347,"rgba(0, 255, 255, 0.75)",2.8266340279434776,51.614154196175406,1.6825120467698873,75.38993434594809,21.483903537934992,True,False,True,False,True,17.09885866167655,0.0,0.0,0.0,0.0,0,0.8862202320374519,0.7984259447723737,False,False,False,False,0.3428282466046098,0.3405671014319548,False,False,False,False,147190.0,115539.50041436103,False,False,False,False,5628.453658121546,False,False,False,False
2024-09-19 17:00:00+00:00,56.985,57.035,56.705,56.87,2804.0,,,,,,52.10506587730731,50.98851727403263,51.311167314705266,51.79705019120798,,,,,,,,53.0267137850224,51.380046472417746,51.071061498525474,51.879098695995125,,53.0267137850224,51.69484013865174,"rgba(0, 255, 255, 0.75)",2.9035089861118846,51.64171288954147,1.8006788115575185,76.69467751120695,22.99002452741898,True,False,True,False,True,18.53930511604156,0.0,0.0,0.0,0.0,0,0.8893312639179437,0.7910115392401659,False,False,False,False,0.34282824683445623,0.3416976741332055,False,False,False,False,149994.0,116073.67870251047,False,False,False,False,5584.663678925863,False,False,False,False
2024-09-20 17:00:00+00:00,56.685,56.82,56.525,56.615,13067.0,,,,,,52.312175616810705,51.12541077954165,51.41241376067791,51.87497126429726,,,,,,,,53.2409886884307,51.56853578885942,51.19111203458815,51.940834957105736,,53.2409886884307,51.83330536128894,"rgba(0, 255, 255, 0.75)",2.966889767398161,51.76007668726871,1.6363679453412454,75.29978933911757,22.99002452741898,True,False,True,False,True,17.34377174282903,0.0,0.0,0.0,0.0,0,0.8858110396207252,0.8000677277345083,False,False,False,False,0.32792840539169665,0.3348130397624511,False,False,False,False,136927.0,116396.98600944829,False,False,False,False,5700.6688932060815,False,False,False,False
2024-09-23 17:00:00+00:00,56.81,56.955,56.79,56.895,5108.0,,,,,,52.392062653217735,51.17926292879179,51.45262314124941,51.90616856257516,,,,,,,,53.3231393671811,51.64172858473753,51.23853839060575,51.96567631435145,,53.3231393671811,51.88739999283874,"rgba(0, 255, 255, 0.75)",3.0358028414065212,51.80656288852398,1.6761421532626593,75.24681303044449,22.99002452741898,True,False,True,False,True,18.157782883901664,0.0,0.0,0.0,0.0,0,0.8891522210184187,0.7927275189599143,False,False,False,False,0.34282824683639557,0.3388206432994233,False,False,False,False,142035.0,116794.47459844909,False,False,False,False,5691.480228195134,False,False,False,False
2024-09-24 17:00:00+00:00,57.285,57.525,57.19,57.485,7652.0,,,,,,52.51991777325503,51.26526493799323,51.51743028726225,51.95699309222829,,,,,,,,53.4565017883607,51.75819382109095,51.31453776554846,52.006314236655776,,53.4565017883607,51.97439421279934,"rgba(0, 255, 255, 0.75)",3.1086583893991935,51.88143792361337,1.8025660508389356,76.74376678838573,23.530378020251476,True,False,True,False,True,19.832477057820576,0.0,0.0,0.0,0.0,0,0.8877337473840549,0.7922770539391087,False,False,False,False,0.3428282471947495,0.34082444524708644,False,False,False,False,149687.0,117304.43623258166,False,False,False,False,5721.875883571954,False,False,False,False
2024-09-25 17:00:00+00:00,57.625,57.71,57.52,57.625,11787.0,,,,,,52.71283486406405,51.39773783556676,51.61814448082714,52.036535812384855,,,,,,,,53.65615221924216,51.93525215085049,51.432076906892945,52.070222853107225,,53.65615221924216,52.107369640366954,"rgba(0, 255, 255, 0.75)",3.1761984799101866,51.99650426885663,1.7720856447555897,78.05945392135861,24.925111447762745,True,False,True,False,True,20.0,0.0,0.0,0.0,0.0,0,0.8910351325885052,0.7879256965944283,False,False,False,False,0.34282824737157447,0.34182634630933045,False,False,False,False,161474.0,117989.2356708362,False,False,False,False,5815.908815609598,False,False,False,False
2024-09-26 17:00:00+00:00,58.25,58.335,57.96,58.005,4708.0,,,,,,52.793042233923124,51.45309782046131,51.660603979470935,52.07037381667262,,,,,,,,53.73970007121512,52.008762270204116,51.481369503911374,52.097525438513856,,53.73970007121512,52.16305939179656,"rgba(0, 255, 255, 0.75)",3.2315873264772894,52.044826743808066,1.8443485055652333,79.74499311675775,26.618060051070387,True,False,True,False,True,20.0,0.0,0.0,0.0,0.0,0,0.895812259761279,0.7813068986445488,False,False,False,False,0.3428282477110933,0.3423272970102119,False,False,False,False,166182.0,118736.41031159843,False,False,False,False,5798.731934747433,False,False,False,False
2024-09-27 17:00:00+00:00,58.11,58.135,57.815,57.865,4529.0,,,,,,52.865695263720184,51.5042223080922,51.699915140110384,52.10170751391247,,,,,,,,53.814287470974016,52.076008441132444,51.52696351627427,52.12285651860134,,53.814287470974016,52.21395702160216,"rgba(0, 255, 255, 0.75)",3.278798824223546,52.08915903310811,1.7615722331667212,79.49776423258916,26.618060051070387,True,False,True,False,True,20.0,0.0,0.0,0.0,0.0,0,0.8978527399580037,0.7820903610377306,False,False,False,False,0.3313067882905485,0.3368170426503802,False,False,False,False,161653.0,119401.78379513955,False,False,False,False,5779.04616831724,False,False,False,False
2024-09-30 17:00:00+00:00,57.83,58.1,57.555,58.015,2272.0,,,,,,52.901034752664465,51.52937641589688,51.71929960180445,52.117171419937165,,,,,,,,53.850288415184124,52.10889821625095,51.54942374607002,52.13537650066618,,53.850288415184124,52.238858633559275,"rgba(0, 255, 255, 0.75)",3.3279226428985824,52.11090055767681,1.774109580017398,79.72688892014298,26.870275036763033,True,False,True,False,True,20.0,0.0,0.0,0.0,0.0,0,0.8939128087461201,0.7860035092455132,False,False,False,False,0.32152208183268766,0.32916956224153393,False,False,False,False,163925.0,120092.06621692033,False,False,False,False,5724.67335950612,False,False,False,False
2024-10-01 17:00:00+00:00,57.845,58.13,57.625,58.02,2764.0,,,,,,52.94365934577526,51.559878641055896,51.742851520073785,52.13598636772794,,,,,,,,53.89360906608201,52.14865119068227,51.576684508330665,52.150626769983724,,53.89360906608201,52.26899342621394,"rgba(0, 255, 255, 0.75)",3.3775544460505733,52.13724585955804,1.74172000315813,79.89355072926311,27.240277765608965,True,False,True,False,True,20.0,0.0,0.0,0.0,0.0,0,0.8982558139534891,0.7865738236884812,False,False,False,False,0.32483218219342846,0.3270008722174812,False,False,False,False,166689.0,120814.49929882854,False,False,False,False,5678.771446955638,False,False,False,False
2024-10-02 17:00:00+00:00,58.03,58.16,57.77,57.935,7669.0,,,,,,53.05891526640255,51.643398337695714,51.80758496431849,52.18782494351613,,,,,,,,54.00998090783077,52.256715543162514,51.65146756999992,52.1927402106221,,54.00998090783077,52.35107846794352,"rgba(0, 255, 255, 0.75)",3.4194889903251484,52.20921832628668,1.6744553615798818,78.96911382283922,27.240277765608965,True,False,True,False,True,20.0,0.0,0.0,0.0,0.0,0,0.8995943204868163,0.7855983772819484,False,False,False,False,0.33064149948540233,0.32882118585144177,False,False,False,False,159020.0,121406.83264303274,False,False,False,False,5709.627703591984,False,False,False,False
2024-10-03 17:00:00+00:00,57.605,57.675,57.415,57.605,6915.0,,,,,,53.150463067970364,51.71231883936005,51.861177748222744,52.23067355205237,,,,,,,,54.09951543173904,52.34432667659569,51.71333049929074,52.22765777087248,,54.09951543173904,52.41743294826294,"rgba(0, 255, 255, 0.75)",3.44769937915256,52.26780953320382,1.5480440374439068,74.63402507795473,27.384555331105886,True,False,True,False,False,18.883459694023575,0.0,0.0,0.0,0.0,0,0.8944429494079661,0.7882804090419815,False,False,False,False,0.30294505756214096,0.31588312170679134,False,False,False,False,152105.0,121882.77322221053,False,False,False,False,5728.315646171953,False,False,False,False
2024-10-04 17:00:00+00:00,58.42,58.465,58.14,58.275,11487.0,,,,,58.29333333333334,53.31836411340785,51.837143380023846,51.959123512973925,52.3098779039814,,,,,,,,54.267927310164964,52.503077967574306,51.82572413102593,52.292449052970824,,54.267927310164964,53.17855785616182,"rgba(0, 255, 255, 0.75)",3.4896474304991214,52.79804371757087,1.5694870016269133,74.56169102300527,27.36372640338152,True,False,True,False,False,20.0,0.0,0.0,0.0,0.0,0,0.9021484505722516,0.7826116056488865,False,False,False,False,0.34282824780385523,0.3293556847553233,False,False,False,False,163592.0,122529.42790093593,False,False,False,False,5817.597574138279,False,False,False,False
2024-10-07 17:00:00+00:00,57.85,57.85,57.26,57.56,3773.0,,,,,58.11119418960245,53.36333046982206,51.87255533384094,51.9869808757765,52.33229606624088,,,,,,,,54.31074092667733,52.546987910512165,51.85769777204702,52.3108538220542,,54.31074092667733,53.188070818508166,"rgba(38, 166, 154, 1.0)",3.520615038917515,52.81275109643114,1.3484146522956677,68.81598813840732,22.11347567345237,False,False,True,False,False,17.30454830860732,0.0,0.0,0.0,0.0,0,0.9025403847442864,0.7845700113948667,False,False,False,False,0.2941616899244899,0.3117586873399066,False,False,False,False,159819.0,123107.5608016966,False,False,False,False,5785.898386942336,False,False,False,False
2024-10-08 17:00:00+00:00,57.1,57.42,57.01,57.35,3317.0,,,,,57.95920995496223,53.399339877584346,51.901721143315996,52.00995106472578,52.350736935944944,,,,,,,,54.3441128956145,52.58271645667212,51.884065860491965,52.32601917988934,,54.3441128956145,53.195319263244585,"rgba(38, 166, 154, 1.0)",3.5408776969650875,52.82449038260673,1.2780756650454537,63.63764827505372,17.638159674020372,False,True,True,False,False,16.28458484871427,0.0,0.0,0.0,0.0,0,0.9082278481012662,0.7873013735523845,False,False,False,False,0.2724783932330381,0.29211854028647233,False,False,False,False,156502.0,123625.30404508114,False,False,False,False,5747.620892571137,False,False,False,False
2024-10-09 17:00:00+00:00,57.05,57.135,56.88,57.13,14953.0,,,,,57.55299647082215,53.54527267977912,52.024330592473866,52.10698717114822,52.42867145229353,,,,,,,,54.47535923019164,52.730282818862754,51.99524906137052,52.39036228675016,,54.47535923019164,53.24994575152133,"rgba(38, 166, 154, 1.0)",3.549056244302862,52.889525237202626,1.1948175714612628,58.82224269666513,13.594209470421788,False,True,True,False,False,15.218881668362137,0.0,0.0,0.0,0.0,0,0.9079829372333944,0.7827882727334291,False,False,False,False,0.25936823330938474,0.27574338679792854,False,False,False,False,141549.0,123903.19080407213,False,False,False,False,5890.3399485002665,False,False,False,False
2024-10-10 17:00:00+00:00,57.02,57.265,56.95,57.26,4011.0,,,,,57.510829404295755,53.583620905606786,52.056930505709964,52.132949034185344,52.44962609026708,,,,,,,,54.50983932223663,52.76918824500109,52.024894858698204,52.407725124048426,,54.50983932223663,53.27173372111659,"rgba(38, 166, 154, 1.0)",3.5605248031538523,52.911551251347944,1.2212943285215347,56.43417380481115,11.747800236668553,False,True,True,False,False,15.636761105569299,0.0,0.0,0.0,0.0,0,0.9118685497012498,0.7802145573058131,False,False,False,False,0.26567523710697766,0.27070931195245307,False,False,False,False,145560.0,124238.95528772991,False,False,False,False,5861.202895035146,False,False,False,False
2024-10-11 17:00:00+00:00,57.32,57.445,57.1,57.215,6826.0,,,,,57.47121283837087,53.64872992211875,52.11248367917047,52.1773469713098,52.48557435917677,,,,,,,,54.56855763472349,52.83524925486846,52.07549088101228,52.43756973130092,,54.56855763472349,53.31246836356131,"rgba(38, 166, 154, 1.0)",3.568824184947048,52.95146849501892,1.194660001174684,54.522630686300175,10.161528553918856,False,True,True,False,False,15.413525504607641,0.0,0.0,0.0,0.0,0,0.9212716605266751,0.7720698594624107,False,False,False,False,0.2761273832487376,0.27341834760059536,False,False,False,False,138734.0,124463.68466311393,False,False,False,False,5876.1609896857635,False,False,False,False
2024-10-14 17:00:00+00:00,57.58,57.605,57.435,57.45,1128.0,,,,,57.471843938894395,53.65997877894947,52.12197883558177,52.184957893922345,52.49176363636366,,,,,,,,54.578877316369784,52.84656987872173,52.08414627287904,52.4427136203218,,54.578877316369784,53.320314463556,"rgba(38, 166, 154, 1.0)",3.5731478374772516,52.95886983868865,1.2569113749522955,54.86356895401251,10.161528553918856,False,True,True,False,False,16.185447029607154,0.0,0.0,0.0,0.0,0,0.9228668941979529,0.7672354948805473,False,False,False,False,0.2919174507360294,0.28266789916831236,False,False,False,False,139862.0,124702.41823422845,False,False,False,False,5802.546090620867,False,False,False,False
2024-10-15 17:00:00+00:00,57.39,57.4,57.24,57.325,9605.0,,,,,57.44566512401695,53.748913579997165,52.19890511404243,52.2467873185032,52.54203151366738,,,,,,,,54.6587904755549,52.93723780113092,52.15439569424295,52.48459197898864,,54.6587904755549,53.379702066682725,"rgba(38, 166, 154, 1.0)",3.575733749434755,53.01620093240446,1.2050111584165544,54.06231513215428,9.582521076779962,False,True,True,False,False,15.548762852626027,0.0,0.0,0.0,0.0,0,0.9174720679964359,0.7728425526081304,False,False,False,False,0.27914718127501015,0.28090754022166126,False,False,False,False,130257.0,124788.53578098459,False,False,False,False,5861.498864409691,False,False,False,False
2024-10-16 17:00:00+00:00,57.02,57.105,56.75,56.985,7959.0,,,,,57.38268396792423,53.81200100143026,52.256403518916116,52.29320120026966,52.5796926894268,,,,,,,,54.712724024528335,53.003438754884705,52.20707248608562,52.51610448814082,,54.712724024528335,53.41814690351183,"rgba(38, 166, 154, 1.0)",3.5768273538037585,53.05528932911292,1.09865819123421,50.98751240066062,6.507732106124749,False,True,False,False,False,13.827338263696578,0.0,0.0,0.0,0.0,0,0.9057455540355682,0.7796169630642965,False,False,False,False,0.25433714498884463,0.26762234260525297,False,False,False,False,122298.0,124749.92282313986,False,False,False,False,5894.018261860703,False,False,False,False
2024-10-17 17:00:00+00:00,57.26,57.36,57.07,57.2,5383.0,,,,,57.36910228125031,53.85674454386677,52.29664839700924,52.32582378605214,52.60631558896646,,,,,,,,54.75191528233713,53.04989582478486,52.2439916005555,52.538418412809484,,54.75191528233713,53.44876174640355,"rgba(38, 166, 154, 1.0)",3.578110116948454,53.08509453995168,1.1500220299417907,50.660112291436434,5.992272026541023,False,True,False,False,False,14.568650621740105,0.0,0.0,0.0,0.0,0,0.9037547364795043,0.7794695142955572,False,False,False,False,0.2724783932330381,0.2700503679191455,False,False,False,False,127681.0,124795.36588014544,False,False,False,False,5886.095498110924,False,False,False,False
2024-10-18 17:00:00+00:00,57.1,57.22,56.98,57.135,4621.0,,,,,57.35282030576353,53.89312580374931,52.329997267165766,52.352928159630544,52.628443858327074,,,,,,,,54.78328341872178,53.08804223056397,52.274633642748114,52.55700545189839,,54.78328341872178,53.47336445984094,"rgba(38, 166, 154, 1.0)",3.567403569155737,53.109325199356824,1.1284607201298202,49.927170768558845,4.998979885516903,False,True,False,False,False,14.235049002680146,0.0,0.0,0.0,0.0,0,0.9018239602045047,0.7845101561420487,False,False,False,False,0.2652015006047795,0.26762593426196246,False,False,False,False,123060.0,124768.46098277884,False,False,False,False,5866.481614419282,False,False,False,False
2024-10-21 17:00:00+00:00,56.985,57.01,56.825,56.875,4255.0,,,,,57.32808393043449,53.923791317317956,52.35897864323478,52.376534882000755,52.64769017428176,,,,,,,,54.808919320491896,53.120752940473224,52.30130890158725,52.573210459951554,,54.808919320491896,53.49325228553041,"rgba(38, 166, 154, 1.0)",3.5535098915789454,53.12943732940131,1.0540459390516588,47.46784300965442,2.4160881422108247,False,True,False,True,False,12.898795193556367,0.0,0.0,0.0,0.0,0,0.901166402098144,0.7831458347712067,False,False,False,False,0.2537091491893109,0.26066754172563666,False,False,False,False,118805.0,124676.0042233559,False,False,False,False,5841.4974033430135,False,False,False,False
2024-10-22 17:00:00+00:00,56.52,56.81,56.45,56.63,1845.0,,,,,57.31181414718156,53.93569270869336,52.37068233092477,52.386081498251066,52.65544920690406,,,,,,,,54.81841787122083,53.13375049099613,52.31209884432581,52.579758397094196,,54.81841787122083,53.50041616617687,"rgba(38, 166, 154, 0.5)",3.5332628069622722,53.13700330507423,0.9886037030822739,44.2040815787972,-0.7983079008799976,False,True,False,True,False,11.65114041787399,0.0,0.0,0.0,0.0,0,0.8999308914996549,0.7829993089149975,False,False,False,False,0.23573574037081443,0.24820164104822556,False,False,False,False,116960.0,124556.37625090076,False,False,False,False,5779.536203291184,False,False,False,False
2024-10-23 17:00:00+00:00,56.585,56.795,56.345,56.735,4377.0,,,,,57.27582916367409,53.96346101947611,52.39816044487598,52.4085324896853,52.67371301279627,,,,,,,,54.840499193902694,53.164159990235774,52.337453142900905,52.595189140974256,,54.840499193902694,53.517444177613484,"rgba(38, 166, 154, 1.0)",3.522571331255569,53.15491551057628,1.0163270386202938,43.115260517830535,-1.9465574283924099,False,True,False,True,False,12.041945273202483,0.0,0.0,0.0,0.0,0,0.8967067939670681,0.7873944928739458,False,False,False,False,0.23200391766020945,0.2401027793542175,False,False,False,False,121337.0,124506.46344080928,False,False,False,False,5757.791455953336,False,False,False,False
2024-10-24 17:00:00+00:00,56.35,56.78,56.33,56.745,7128.0,,,,,57.224139148688984,54.00736478962119,52.44208771174064,52.444532557364816,52.70304924558593,,,,,,,,54.87519604890407,53.21247105484505,52.37804775043603,52.62002674134905,,54.87519604890407,53.54521278317064,"rgba(38, 166, 154, 1.0)",3.512726568628106,53.1839453532207,1.013757996020187,42.499136826672164,-2.736630251175299,False,True,False,True,False,12.079667453301067,0.0,0.0,0.0,0.0,0,0.899217288910439,0.7892914040313094,False,False,False,False,0.23107195693520177,0.23558736814470965,False,False,False,False,128465.0,124567.8361006417,False,False,False,False,5779.034999271888,False,False,False,False
2024-10-25 17:00:00+00:00,56.515,56.535,56.3,56.42,8534.0,,,,,57.154818501643106,54.05417279013087,52.49102989564432,52.484805094095144,52.73583810246728,,,,,,,,54.91042968060229,53.265269387235236,52.423403193140174,52.64789570030317,,54.91042968060229,53.57418470502906,"rgba(38, 166, 154, 0.5)",3.5005814510585713,53.21507720393437,0.9155401297965704,39.759266776881056,-5.504410057113091,False,True,False,True,False,10.383086378754076,0.0,0.0,0.0,0.0,0,0.9010684057166648,0.7845844318024152,False,False,False,False,0.22254711811182845,0.22906724312826904,False,False,False,False,119931.0,124495.9471688488,False,False,False,False,5821.747634942091,False,False,False,False
2024-10-28 17:00:00+00:00,56.78,57.03,56.75,56.965,5328.0,,,,,57.14259470965273,54.088433731780306,52.524767114379564,52.51265976792566,52.75873879729717,,,,,,,,54.93860303776899,53.30241478575141,52.45466373671256,52.667353363727145,,54.93860303776899,53.59891433833284,"rgba(38, 166, 154, 1.0)",3.4945405773644524,53.23965468618149,1.0660472332040092,43.23627653835818,-5.504410057113091,False,True,False,True,True,12.467810340959407,0.0,0.0,0.0,0.0,0,0.9024407203949661,0.787080175231209,False,False,False,False,0.2519831689219066,0.2405252060250878,False,False,False,False,125259.0,124507.77744530074,False,False,False,False,5814.092632849966,False,False,False,False
2024-10-29 17:00:00+00:00,56.85,56.95,56.745,56.805,16088.0,,,,,57.10134550122425,54.184229109451856,52.62174677626207,52.59315992058572,52.825060336692985,,,,,,,,55.015738183081886,53.40768954444594,52.54478838212673,52.72393474396437,,55.015738183081886,53.66863249975953,"rgba(38, 166, 154, 1.0)",3.488911691744665,53.30959008482445,1.0018625359438764,44.31560682904539,-5.504410057113091,False,True,False,True,True,11.630530325190808,0.0,0.0,0.0,0.0,0,0.8956844612582323,0.7955723693428621,False,False,False,False,0.24931863013292233,0.24492191807900507,False,False,False,False,109171.0,124269.99795002476,False,False,False,False,5973.378018387176,False,False,False,False
2024-10-30 17:00:00+00:00,56.63,56.755,56.455,56.54,11154.0,,,,,57.05749773598843,54.240906864406305,52.68261920079421,52.644045132318716,52.86699890217485,,,,,,,,55.0587689662414,53.47200436619907,52.601608382537634,52.75993737331164,,55.0587689662414,53.70937632488581,"rgba(38, 166, 154, 0.5)",3.475949216394678,53.35167458445902,0.9172531636834363,43.15712446675351,-5.504410057113091,False,True,False,True,True,10.251342191801811,0.0,0.0,0.0,0.0,0,0.8885926757401439,0.802651887189562,False,False,False,False,0.23418003633140716,0.23955097720520613,False,False,False,False,98017.0,123862.97472599336,False,False,False,False,6053.697739032335,False,False,False,False
2024-10-31 17:00:00+00:00,55.51,55.845,55.355,55.42,9586.0,,,,,56.95459069643506,54.26675809560978,52.71986083880585,52.675440419468984,52.892390264430304,,,,,,,,55.06986018211748,53.50738304552778,52.63671370445933,52.78204835462737,,55.06986018211748,53.7227828446091,"rgba(38, 166, 154, 0.5)",3.4444051775345548,53.37005170184897,0.5951530648953289,37.40706352855733,-7.457835716437678,False,True,False,True,False,4.774116756381474,0.0,0.0,0.0,0.0,0,0.8793187687582892,0.8122426188315779,False,False,False,False,0.17247108957858973,0.2060110333918979,False,False,False,False,88431.0,123313.64178450509,False,False,False,False,6108.462115171369,False,False,False,False
2024-11-01 17:00:00+00:00,55.37,55.67,55.305,55.615,3813.0,,,,,56.917173000576334,54.27667857792608,52.734354301731926,52.68769708714975,52.90231888478976,,,,,,,55.53,55.07404023173351,53.52105371255028,52.650398084220846,52.790714383584714,,55.07404023173351,53.90844282642631,"rgba(38, 166, 154, 0.5)",3.403842539841679,53.52089952260105,0.615216612662804,35.22432244940279,-9.414411761830053,False,True,False,True,False,5.566650965906707,0.0,0.0,0.0,0.0,0,0.8853422931541375,0.8126137477250465,False,False,True,False,0.16565182929542296,0.18583143134366042,False,False,False,False,92244.0,122831.9419118771,False,False,False,False,6072.873555246231,False,False,False,False
2024-11-04 17:00:00+00:00,55.685,55.83,55.62,55.695,7448.0,,,,,56.85850543947128,54.29840877542093,52.76408288483486,52.712875874288535,52.922848941116825,,,,,,,55.65235858271912,55.08521546191367,53.54964138235891,52.67845156684652,52.80861782967405,,55.08521546191367,53.93310067386447,"rgba(38, 166, 154, 0.5)",3.370712328811733,53.54466596788388,0.6379464701676785,34.4588036306026,-10.173083708693127,False,True,False,True,False,5.893141996825644,0.0,0.0,0.0,0.0,0,0.8861583700903175,0.813274522159211,False,False,False,False,0.18006674812038254,0.18294908973202148,False,False,False,False,99692.0,122473.18312254567,False,False,False,False,6094.193345087375,False,False,False,False
2024-11-05 17:00:00+00:00,57.08,57.835,56.97,57.79,7775.0,,,,,56.89113651383469,54.3486098308298,52.813210368717115,52.75435439765736,52.957700588616326,,,,,,,56.41993687399313,55.128946484488154,53.6030793468055,52.724389621035506,52.83861174843418,,55.128946484488154,54.04799757744117,"rgba(38, 166, 154, 1.0)",3.3477946243529715,53.63344475208212,1.2415801189480722,44.42352631448357,-11.730716106220385,False,True,False,True,True,13.60728911457348,0.0,0.0,0.0,0.0,0,0.8881032470652853,0.806892290794262,False,False,False,False,0.2844039482097116,0.23367651897086655,False,False,False,False,107467.0,122240.52912064573,False,False,False,False,6120.252362992997,False,False,False,False
2024-11-06 17:00:00+00:00,58.245,59.03,58.195,58.87,8287.0,,,,,56.979920905930925,54.419421171016324,52.87714479826639,52.808391636827416,53.003599685210865,,,,,,,57.11096902487525,55.195680477689166,53.67493165774705,52.78405763222979,52.878008006704604,,55.195680477689166,54.173212499649786,"rgba(0, 255, 255, 0.75)",3.3325688249416205,53.73284776379572,1.5414992175875832,53.60552393868337,-3.723871594012202,False,True,True,False,True,17.01228371162637,0.0,0.0,0.0,0.0,0,0.9099303878391822,0.7873277454183841,False,False,False,False,0.3428282479818859,0.2882523834763762,False,False,False,False,115754.0,122139.96277768999,False,False,False,False,6153.8453496132615,False,False,False,False
2024-11-07 17:00:00+00:00,59.38,59.81,59.17,59.61,12963.0,,,,,57.16190696270361,54.54633193361022,52.98831214809427,52.90263803543837,53.08421698315775,,,,,,,57.889351056611886,55.31883873876244,53.80130024963179,52.88783397119818,52.94723800635062,,55.31883873876244,54.35279680855591,"rgba(0, 255, 255, 0.75)",3.3291723804481093,53.88042341414246,1.7210213023232912,61.048121768413225,2.51554428237786,False,False,True,False,True,19.176969733446033,0.0,0.0,0.0,0.0,0,0.9181464449946947,0.7829501238061558,False,False,False,False,0.3428282484375278,0.315540315956952,False,False,False,False,128717.0,122241.93234702812,False,False,False,False,6259.413638766544,False,False,False,False
2024-11-08 17:00:00+00:00,59.09,59.395,59.025,59.27,7909.0,,,,,57.24819706537662,54.616235580289,53.05130366792778,52.95630793859157,53.13018830712116,,,,,,,58.10935712556627,55.385488687838055,53.871856833523154,52.94680683052657,52.98688044092215,,55.385488687838055,54.430262247768226,"rgba(0, 255, 255, 0.75)",3.3200788957302896,53.94794728807845,1.6029898321891847,64.28578667194711,5.000709344862294,False,False,True,False,True,17.557064526623513,0.0,0.0,0.0,0.0,0,0.9159004102419018,0.7884424954024623,False,False,False,False,0.3261806311273778,0.32086047354216485,False,False,False,False,120808.0,122219.70083777187,False,False,False,False,6284.988621111248,False,False,False,False
2024-11-11 17:00:00+00:00,59.87,59.98,59.56,59.58,4715.0,,,,,57.30786558602893,54.66112885748204,53.09110584517163,52.99027082072845,53.15938481750982,,,,,,,58.251699111699104,55.428946374536444,53.9167186146198,52.98407272753491,53.012062701995006,,55.428946374536444,54.480325545730615,"rgba(0, 255, 255, 0.75)",3.3049468791303824,53.99138622673694,1.6909844477541394,67.08071417019144,7.405947288093941,True,False,True,False,True,18.46184500615339,0.0,0.0,0.0,0.0,0,0.9150524758751859,0.7841093188701849,False,False,False,False,0.34282824856963523,0.33184436105590004,False,False,False,False,125523.0,122270.91477827153,False,False,False,False,6260.64771225681,False,False,False,False
2024-11-12 17:00:00+00:00,59.54,59.88,59.445,59.805,8960.0,,,,,57.41377188018712,54.74434915034316,53.165482903999845,53.05390979872787,53.21418694040256,,,,,,,58.46288993049943,55.5092286741232,54.00014457791308,53.05380379540073,53.05942413447409,,55.5092286741232,54.567719178607106,"rgba(0, 255, 255, 0.75)",3.2958965041040873,54.06852418280373,1.740490276333965,69.40517748565117,9.635553632083479,True,False,True,False,True,19.1137826535039,0.0,0.0,0.0,0.0,0,0.9117272598670255,0.793322959400199,False,False,False,False,0.3365569810159922,0.3342006710359461,False,False,False,False,134483.0,122460.24943287196,False,False,False,False,6302.498135322597,False,False,False,False
2024-11-13 17:00:00+00:00,60.23,60.375,60.135,60.27,7814.0,,,,,57.519155768362076,54.82251169434743,53.23433330973593,53.11293865024026,53.26522036690638,,,,,,,58.66440847253315,55.585674449382154,54.077784685891594,53.11837466109667,53.10355540818632,,55.585674449382154,54.65039574666819,"rgba(0, 255, 255, 0.75)",3.2848774601083224,54.14117862995716,1.8657686457018516,71.8655798747851,12.179992274705796,True,False,True,False,True,20.0,0.0,0.0,0.0,0.0,0,0.9138405132905596,0.7938376930127625,False,False,False,False,0.34282824878515733,0.33851445991055173,False,False,False,False,142297.0,122767.79595329256,False,False,False,False,6325.932272759455,False,False,False,False
2024-11-14 17:00:00+00:00,61.505,61.505,60.955,61.13,22693.0,,,,,57.876200091271464,55.07446945561655,53.45259207698819,53.300776980003505,53.42862105675668,,,,,,,59.286473869758346,55.83617709917458,54.32528975904016,53.323260383393716,53.245086283161996,,55.83617709917458,54.91489470551652,"rgba(0, 255, 0, 1.0)",3.2574575118397493,54.37346622525577,2.074174029956349,74.89655190599626,15.349073809031594,True,False,True,False,True,20.0,0.0,0.0,0.0,0.0,0,0.9210929875923607,0.7853060086435251,False,False,False,False,0.3428282491736556,0.3406713545421037,False,False,False,False,164990.0,123422.40376797019,False,False,False,False,6579.685260778688,False,False,False,False
2024-11-15 17:00:00+00:00,60.31,60.36,59.98,60.255,8091.0,,,,,57.95389388789185,55.145678481251835,53.51788219025356,53.35745241260337,53.47798429202198,,,,,,,59.35990874374593,55.90452506503483,54.39720076926959,53.38487307232646,53.28817208212683,,55.90452506503483,54.978757099652626,"rgba(0, 255, 255, 0.75)",3.186596580329165,54.432956452538114,1.8270412964732705,72.31283052539882,15.349073809031594,True,False,True,False,True,18.612523655053455,0.0,0.0,0.0,0.0,0,0.922192994600582,0.7919839401910572,False,False,False,False,0.288212010495185,0.31444168251864435,False,False,False,False,156899.0,123941.42076381561,False,False,False,False,6603.116497045685,False,False,False,False
2024-11-18 17:00:00+00:00,60.76,60.9,60.615,60.685,12226.0,,,,,58.08765164874383,55.26060585235482,53.62188804944837,53.44790826539927,53.55705486353275,,,,,,,59.508909480540225,56.01620728783592,54.51230116171839,53.483054591141084,53.357236647260486,,56.01620728783592,55.08528178479751,"rgba(0, 255, 255, 0.75)",3.0801559455080203,54.53101303788334,1.99794655562534,71.53434391544333,15.349073809031594,True,False,True,False,True,19.792463778272516,0.0,0.0,0.0,0.0,0,0.9284677586564387,0.7869237680558446,False,False,False,False,0.31825687824306487,0.31634928038085464,False,False,False,False,169125.0,124641.94137212854,False,False,False,False,6690.29298546358,False,False,False,False
2024-11-19 17:00:00+00:00,60.46,60.58,60.15,60.345,17660.0,,,,,58.235235261355164,55.40768867754986,53.759286499646564,53.56819227045328,53.66246199037232,,,,,,,59.62398707877524,56.15657945495197,54.6617770858731,53.613229812066386,53.4498072060754,,56.15657945495197,55.21382453371193,"rgba(0, 255, 255, 0.75)",2.969944148168951,54.652739592090846,1.916622038639542,69.3542031957262,15.349073809031594,True,False,True,False,False,18.21861021740063,0.0,0.0,0.0,0.0,0,0.9282752902155894,0.7836511885019355,False,False,False,False,0.2981258772430734,0.307237578811964,False,False,False,False,151465.0,125057.80274620405,False,False,False,False,6860.365962433137,False,False,False,False
2024-11-20 17:00:00+00:00,60.54,60.9,60.465,60.83,6787.0,,,,,58.29607310977778,55.466076137475774,53.81351508445912,53.6157935322165,53.704318023797,,,,,,,59.67880526854356,56.21272336062981,54.7208422261507,53.6646532465505,53.48662306721993,,56.21272336062981,55.26594230568206,"rgba(0, 255, 0, 1.0)",2.8361026789249273,54.70176816277904,2.160793360113453,69.09755463597969,15.349073809031594,True,False,True,False,False,19.558479371231346,0.0,0.0,0.0,0.0,0,0.9293742195088116,0.7854169557374783,False,False,False,False,0.3143913095496889,0.3108144441808265,False,False,False,False,158252.0,125572.44146331715,False,False,False,False,6859.228505651227,False,False,False,False
2024-11-21 17:00:00+00:00,61.305,61.63,61.23,61.395,11314.0,,,,,58.41796292206814,55.572941094327476,53.91085249082237,53.701277509221896,53.779712717106385,,,,,,,59.81137756671494,56.317079617584234,54.82775080995185,53.756915470160614,53.55291381034837,,56.317079617584234,55.36487840083063,"rgba(0, 255, 0, 1.0)",2.7192016962455363,54.793406234016935,2.4277690673325334,70.16726359081821,15.349073809031594,True,False,True,False,False,20.0,0.0,0.0,0.0,0.0,0,0.9335117332235494,0.7791272128447929,False,False,False,False,0.3428282492468132,0.32682134671381985,False,False,False,False,169566.0,126254.51213830448,False,False,False,False,6928.294730369813,False,False,False,False
2024-11-22 17:00:00+00:00,61.32,61.37,61.04,61.18,10646.0,,,,,58.516419217486145,55.66636811308791,53.99755666928609,53.77775945929537,53.84730238989339,,,,,,,59.904072067428864,56.407420497383015,54.92199652596791,53.83929307033327,53.612557010439524,,56.407420497383015,55.44907450206015,"rgba(0, 255, 0, 1.0)",2.6001430695216974,54.87254935833558,2.425809070123471,69.71684176974625,15.349073809031594,True,False,True,False,False,20.0,0.0,0.0,0.0,0.0,0,0.9343156155329116,0.7816028642247324,False,False,False,False,0.3312428833250611,0.32903211501944046,False,False,False,False,158920.0,126760.95381057882,False,False,False,False,6985.933571759428,False,False,False,False
2024-11-25 17:00:00+00:00,61.355,61.71,61.345,61.625,8536.0,,,,,58.600498265883495,55.74384150113163,54.06903389925593,53.84091313595708,53.903248162704564,,,,,,,59.98839116662789,56.482789772185285,54.99983225476177,53.90723487105577,53.66196998799144,,56.482789772185285,55.51977530175549,"rgba(0, 255, 0, 1.0)",2.46840725719787,54.93870809233768,2.708747467892549,70.4669532513545,15.349073809031594,True,False,True,False,False,20.0,0.0,0.0,0.0,0.0,0,0.942771504252057,0.7699707235466341,False,False,False,False,0.3428282492817421,0.3359301821505913,False,False,False,False,167456.0,127391.88475925202,False,False,False,False,7009.965609406568,False,False,False,False
2024-11-26 17:00:00+00:00,61.33,61.705,61.26,61.575,13488.0,,,,,58.722328934135035,55.86124250895506,54.178576848876915,53.938050428934076,53.98948526222076,,,,,,,60.10195042097998,56.59643571890768,55.11832072077905,54.01154771491573,53.738354615162336,,56.59643571890768,55.62562931738667,"rgba(0, 255, 0, 1.0)",2.4240845304589795,55.03858411701488,2.6964471745329406,70.66447240568253,15.349073809031594,True,False,True,False,False,20.0,0.0,0.0,0.0,0.0,0,0.9419098697499482,0.7702166190708374,False,False,False,False,0.34051986168295284,0.33822502191677206,False,False,False,False,153968.0,127803.91755368221,False,False,False,False,7110.400251121194,False,False,False,False
2024-11-27 17:00:00+00:00,60.935,61.085,60.74,60.92,10053.0,,,,,58.78861626009416,55.93674469955912,54.25165724221977,54.00327157222022,54.047488487753775,,,,,,,60.14470422852001,56.667947046066004,55.19586329079676,54.081398870243,53.790019172466536,,56.667947046066004,55.690771086993934,"rgba(0, 255, 0, 1.0)",2.369358388081231,55.1017276751008,2.455632020114524,67.08355203929732,15.349073809031594,True,False,True,False,False,17.937790058147286,0.0,0.0,0.0,0.0,0,0.9317801339285721,0.7823660714285722,False,False,False,False,0.31157166443486445,0.3248983431758182,False,False,False,False,143915.0,128053.70177765614,False,False,False,False,7156.021952654198,False,False,False,False
2024-11-28 17:00:00+00:00,60.92,60.92,60.92,60.92,0.0,,,,,58.78861626009416,55.93674469955912,54.25165724221977,54.00327157222022,54.047488487753775,,,,,,,60.14470422852001,56.667947046066004,55.19586329079676,54.081398870243,53.790019172466536,,56.667947046066004,55.690771086993934,"rgba(0, 255, 0, 1.0)",2.32752352636133,55.1017276751008,2.4997695013614067,64.6962717950405,19.836067007649262,True,False,True,False,False,17.937790058147296,0.0,0.0,0.0,0.0,0,0.9363828289936669,0.781843771991556,False,False,False,False,0.3119492006482072,0.3184237719120127,False,False,False,False,143915.0,128299.61337800256,False,False,False,False,7045.075875868861,False,False,False,False
2024-11-29 17:00:00+00:00,61.31,61.45,61.3,61.415,2966.0,,,,,58.811599016796734,55.96066869024333,54.274426828192574,54.02358373988712,54.065583120443364,,,,,,,60.163703548225364,56.69089647404271,55.22020716143832,54.10314707384649,53.80612349606589,,56.69089647404271,55.711993914918196,"rgba(0, 255, 0, 1.0)",2.3130593309442324,55.122019787136324,2.7206306940232126,64.84643082545833,19.7117667508344,True,False,True,False,False,19.34169700790935,0.0,0.0,0.0,0.0,0,0.9378860190903989,0.7797585626052784,False,False,False,False,0.3350194453579553,0.326721608634984,False,False,False,False,146881.0,128587.6968915219,False,False,False,False,6981.834389421281,False,False,False,False
2024-12-02 17:00:00+00:00,61.42,61.84,61.37,61.745,15444.0,,,,,58.93658122142249,56.08780669308994,54.39498205439126,54.13128741675555,54.161715864216674,,,,,,,60.2733477186989,56.813379143951884,55.34921726716197,54.218348941704036,53.89176223462869,,56.813379143951884,55.82584285560214,"rgba(0, 255, 0, 1.0)",2.3061692135316414,55.230529011009686,2.82480181886312,65.98131916060068,19.7117667508344,True,False,True,False,False,20.0,0.0,0.0,0.0,0.0,0,0.9420879197924705,0.7735399284862939,False,False,False,False,0.34282824930917116,0.3347749289720776,False,False,False,False,162325.0,129110.75585444404,False,False,False,False,7113.030755476765,False,False,False,False
2024-12-03 17:00:00+00:00,61.34,61.53,61.27,61.295,6154.0,,,,,58.97843081303091,56.13436945132653,54.440074619020365,54.17175781755456,54.197906356813185,,,,,,,60.30448689484044,56.857723407275614,55.39692035596263,54.26154707099717,53.92412673089796,,56.857723407275614,55.86673435177194,"rgba(0, 255, 0, 1.0)",2.276472371775938,55.27006388646584,2.6466106895178103,64.00299868386347,18.460707544170646,True,False,True,False,False,18.124849999861112,0.0,0.0,0.0,0.0,0,0.9393006993006999,0.7746153846153853,False,False,False,False,0.3323961492157049,0.3335855390938912,False,False,False,False,156171.0,129530.2945233674,False,False,False,False,7098.162061593404,False,False,False,False
2024-12-04 17:00:00+00:00,61.97,62.105,61.71,61.905,10838.0,,,,,59.06468507375338,56.22269358032779,54.524187962760834,54.24722618529975,54.265516883032106,,,,,,,60.3811239518051,56.94289115312742,55.486577942218034,54.342073711460266,53.98454844284095,,56.94289115312742,55.94615248866256,"rgba(0, 255, 0, 1.0)",2.278722965029109,55.34591230335397,2.8784050528767295,64.74738577040053,18.460707544170646,True,False,True,False,False,19.833555282798912,0.0,0.0,0.0,0.0,0,0.9422823447797438,0.7663544918487692,False,False,False,False,0.34282824941348533,0.3382068942536883,False,False,False,False,167009.0,130111.35972455548,False,False,False,False,7156.144045134592,False,False,False,False
2024-12-05 17:00:00+00:00,62.72,62.865,62.63,62.73,16114.0,,,,62.74166666666667,59.21896335218496,56.36770243202801,54.6595576394625,54.36868915474554,54.37462471668189,,,,,,,60.53785541326389,57.084766644498984,55.63216289177853,54.47158843055394,54.08200411198356,,57.084766644498984,56.685416495804404,"rgba(0, 255, 0, 1.0)",2.3014377057642066,55.926265555760324,2.9562974601480474,67.39052210074351,18.460707544170646,True,False,True,False,True,20.0,0.0,0.0,0.0,0.0,0,0.945122371596002,0.7687004481213382,False,False,False,False,0.3428282496820012,0.3405175719678447,False,False,False,False,183123.0,130933.24562029881,False,False,False,False,7295.0255328069225,False,False,False,False
2024-12-06 17:00:00+00:00,62.165,62.385,62.07,62.17,6649.0,,,,62.58588169397707,59.269836836011855,56.420822681065765,54.71052243206038,54.41467281890046,54.416012968544344,,,,,,,60.58240050853644,57.13597420075711,55.686165988411005,54.52050069632497,54.11914938714473,,57.13597420075711,56.714721837430375,"rgba(0, 255, 0, 1.0)",2.32744987075997,55.95953541034182,2.6683558978781825,66.07241054443006,18.460707544170646,True,False,True,False,True,19.426019055683895,0.0,0.0,0.0,0.0,0,0.9459701904499039,0.7686309688103788,False,False,False,False,0.3184080685721624,0.32946282027000356,False,False,False,False,176474.0,131639.30382773603,False,False,False,False,7285.009633073481,False,False,False,False
2024-12-09 17:00:00+00:00,62.19,62.2,61.695,61.72,11088.0,,,,62.35193834746388,59.34163842630502,56.50226001017761,54.790250409754705,54.486906624383344,54.481128207026686,,,,,,,60.63729175866161,57.2136102252325,55.76972827316373,54.597194080102874,54.17779707193381,,57.2136102252325,56.75906758492779,"rgba(0, 255, 0, 1.0)",2.3399832870735384,56.010667627482846,2.43990305574252,63.01372723824251,17.279285487976267,True,False,True,False,False,17.39304471561629,0.0,0.0,0.0,0.0,0,0.9449598449183056,0.7721545278316264,False,False,False,False,0.3054110102400513,0.31743691525502743,False,False,False,False,165386.0,132162.50841955407,False,False,False,False,7343.970724033582,False,False,False,False
2024-12-10 17:00:00+00:00,61.44,61.47,61.12,61.135,18210.0,,,,61.963585313382374,59.42401841829782,56.615764474775,54.9060937180042,54.59268300555233,54.57672644659267,,,,,,,60.67678941720709,57.31921750318787,55.888497289741956,54.70912259676907,54.264482292277414,,57.31921750318787,56.81245277052617,"rgba(0, 255, 0, 1.0)",2.3398006575597017,56.07768387498577,2.1614303375265993,58.48976506262909,13.1020767332895,False,False,True,False,False,14.827573412501845,0.0,0.0,0.0,0.0,0,0.9457136868581018,0.7676937050234063,False,False,False,False,0.27549944305958096,0.29646817915730417,False,False,False,False,147176.0,132395.2757308788,False,False,False,False,7512.436294203604,False,False,False,False
2024-12-11 17:00:00+00:00,61.29,61.295,60.69,60.72,8502.0,,,,61.814510262041175,59.45333682224001,56.663157372664045,54.955939910342536,54.63847458934193,54.61821023116644,,,,,,,60.68344779430458,57.36253921993938,55.938790178668015,54.757446075245916,54.3022931257142,,57.36253921993938,56.83528596196984,"rgba(0, 255, 255, 0.75)",2.312268781720372,56.10653533091004,1.995211242551764,53.91365359404766,9.021006134132854,False,True,True,False,False,13.057623416180494,0.0,0.0,0.0,0.0,0,0.9411559645820269,0.770480373701458,False,False,False,False,0.2617968221259884,0.2791325006416463,False,False,False,False,138674.0,132492.62029319076,False,False,False,False,7527.778367161688,False,False,False,False
2024-12-12 17:00:00+00:00,60.63,60.76,60.22,60.425,8514.0,,,,61.64858889355356,59.47311115560488,56.704832370482535,55.0014547764124,54.68054256654172,54.65638323772444,,,,,,,60.6772531683674,57.39969985998277,55.9838427791323,54.80172780820612,54.33726997755611,,57.39969985998277,56.851336963051295,"rgba(0, 255, 255, 0.75)",2.2820232606531103,56.12967887824425,1.8822424800904247,49.81287258920226,5.442835284600449,False,True,False,True,False,11.816819813088646,0.0,0.0,0.0,0.0,0,0.9312121423101029,0.7815219661630586,False,False,False,False,0.2392426916590452,0.25918759615034576,False,False,False,False,130160.0,132456.45563748237,False,False,False,False,7543.06862503515,False,False,False,False
2024-12-13 17:00:00+00:00,60.19,60.285,60.095,60.12,11314.0,,,,61.440027386979466,59.49061367507642,56.75449325656498,55.057513667177936,54.732649692187124,54.703752678033,,,,,,,60.65843453181789,57.44300566381656,56.03840787283492,54.8564440523194,54.38088328902823,,57.44300566381656,56.86874779689417,"rgba(0, 255, 255, 0.75)",2.2524592626126267,56.15667745693962,1.7595534839832452,46.0295391045573,2.1471071400043726,False,True,False,True,False,10.545124426398829,0.0,0.0,0.0,0.0,0,0.9211206595402786,0.7890728708167407,False,False,False,False,0.22589190535418813,0.24253975075226694,False,False,False,False,118846.0,132245.44082139738,False,False,False,False,7601.532677360186,False,False,False,False
2024-12-16 17:00:00+00:00,59.925,60.11,59.825,60.065,17708.0,,,,61.18008584864949,59.50996881864173,56.825762306842385,55.14006800330889,54.809805471825236,54.774066632329124,,,,,,,60.62252349756734,57.50414419280199,56.11767454114507,54.93725879022011,54.44592034827331,,57.50414419280199,56.897025313782244,"rgba(0, 255, 255, 0.75)",2.21933568300822,56.19842308805377,1.7422226576852209,43.313494363484324,-0.22996843074790263,False,True,False,True,False,10.315169744486294,0.0,0.0,0.0,0.0,0,0.9160868355134992,0.7900779293069867,False,False,False,False,0.21604121621225397,0.22929048348226044,False,False,False,False,101138.0,131763.15491718965,False,False,False,False,7758.222093215068,False,False,False,False
2024-12-17 17:00:00+00:00,59.77,59.84,59.515,59.535,9224.0,,,,61.04686191838344,59.51229841778167,56.857475763984674,55.178795704666086,54.846305189694796,54.807417162494175,,,,,,,60.59510524513607,57.53029548672469,56.15390404461169,54.97535340569863,54.47698766934433,,57.53029548672469,56.90734545532002,"rgba(0, 255, 255, 0.75)",2.1857052008962485,56.216101872598614,1.5184564350400358,39.724753518504336,-3.5011564104553514,False,True,False,True,False,8.118169680453335,0.0,0.0,0.0,0.0,0,0.911432726265495,0.7921889065854174,False,False,False,False,0.20326350911653485,0.21627699629939764,False,False,False,False,91914.0,131145.33856188436,False,False,False,False,7780.947332079951,False,False,False,False
2024-12-18 17:00:00+00:00,59.25,59.44,58.085,58.21,15296.0,,,,60.738927477253384,59.48317656256052,56.88915415143759,55.22673509334624,54.89258685549538,54.84988080277575,,,,,,58.57833333333333,60.50676437599574,57.55124744974979,56.19467678396889,55.02321091908308,54.517345002706215,,57.55124744974979,57.03766990064215,"rgba(38, 166, 154, 0.5)",2.1595107950351995,56.48986105437206,0.7965410265985294,34.25454565086978,-8.492073260393646,False,True,False,True,False,2.9944933760495225,0.0,0.0,0.0,0.0,0,0.8927304964539013,0.8038052373158764,False,False,False,False,0.16335328435564678,0.18981514032752222,False,False,False,False,76618.0,130299.95346790165,False,False,False,False,7897.459776543827,False,False,False,False
2024-12-19 17:00:00+00:00,58.745,59.025,58.615,58.745,8408.0,,,,60.6141856894635,59.47158018097462,56.90824601159577,55.254181853638464,54.91900861305354,54.87415055478528,,,,,,58.65518674766565,60.46651763900969,57.56476662154878,56.218494834624096,55.05055045248062,54.540358039708025,,57.56476662154878,57.044768936545665,"rgba(38, 166, 154, 1.0)",2.1264420607760566,56.501486330277956,1.0550551604981229,33.525695015985974,-9.131427824012917,False,True,False,True,False,4.77798401817299,0.0,0.0,0.0,0.0,0,0.8923097881615699,0.8083917989237798,False,False,False,False,0.16584489716107295,0.1778300187442976,False,False,False,False,85026.0,129598.03170870939,False,False,False,False,7905.375128845473,False,False,False,False
2024-12-20 17:00:00+00:00,59.3,59.475,58.88,58.925,20577.0,,,,60.407762515061165,59.45659932209524,56.96053375213881,55.325116633473215,54.9870490085257,54.93673020394689,,,,,,58.8587896991185,60.391802649856515,57.604375083427165,56.28152578112681,55.121016025258214,54.59952403492034,,57.604375083427165,57.077568725745714,"rgba(38, 166, 154, 1.0)",2.0795421100297706,56.542325097796066,1.1457690088179173,33.977655236118665,-9.131427824012917,False,True,False,True,False,5.370082101257438,0.0,0.0,0.0,0.0,0,0.8959686147186153,0.8010010822510829,False,False,False,False,0.18138336490320572,0.17960669182375166,False,False,False,False,105603.0,129226.01571322551,False,False,False,False,8101.83442917345,False,False,False,False
2024-12-23 17:00:00+00:00,58.64,58.64,58.64,58.64,0.0,,,,60.407762515061165,59.45659932209524,56.96053375213881,55.325116633473215,54.9870490085257,54.93673020394689,,,,,,58.8587896991185,60.391802649856515,57.604375083427165,56.28152578112681,55.121016025258214,54.59952403492034,,57.604375083427165,57.077568725745714,"rgba(38, 166, 154, 1.0)",2.0392859994093695,56.542325097796066,1.0286320323934337,33.48010053322271,-9.726968448930592,False,True,False,True,False,4.289930587534869,0.0,0.0,0.0,0.0,0,0.9001563243390204,0.8051383130564812,False,False,False,False,0.15805172242965443,0.16882920712670305,False,False,False,False,105603.0,128859.7674075941,False,False,False,False,7976.224593062234,False,False,False,False
2024-12-24 17:00:00+00:00,59.175,59.345,59.17,59.295,1487.0,,,,60.39671122622057,59.45606677363448,56.96452052276565,55.330376897745396,54.99208797373206,54.94136984279336,,,,,,58.872149900949715,60.387409055032734,57.60748821319445,56.28625327791509,55.126235424915116,54.6039059028523,,57.60748821319445,57.08038125097924,"rgba(38, 166, 154, 1.0)",1.998154617108885,56.545637826055085,1.3759506648804527,36.54317568414646,-9.726968448930592,False,True,False,True,True,6.450484079148719,0.0,0.0,0.0,0.0,0,0.8960054163845642,0.8069058903182134,False,False,False,False,0.1848721408073364,0.17685067396701973,False,False,False,False,107090.0,128522.25163383294,False,False,False,False,7875.616459836462,False,False,False,False
2024-12-25 17:00:00+00:00,59.295,59.295,59.295,59.295,0.0,,,,60.39671122622057,59.45606677363448,56.96452052276565,55.330376897745396,54.99208797373206,54.94136984279336,,,,,,58.872149900949715,60.387409055032734,57.60748821319445,56.28625327791509,55.126235424915116,54.6039059028523,,57.60748821319445,57.08038125097924,"rgba(38, 166, 154, 1.0)",1.9617319797464794,56.545637826055085,1.4014973514884665,38.5852257847623,-9.726968448930592,False,True,False,True,True,6.450484079148719,0.0,0.0,0.0,0.0,0,0.896913538189004,0.810179191932957,False,False,False,False,0.18650903254921491,0.1816798532581173,False,False,False,False,107090.0,128189.96866276576,False,False,False,False,7753.513879063804,False,False,False,False
2024-12-26 17:00:00+00:00,59.65,59.65,59.385,59.535,4853.0,,,,60.36987574710023,59.45668753002892,56.97885584849262,55.3485449006292,55.00942005785729,54.95732512378659,,,,,,58.934578402902616,60.376503729286085,57.6191037330022,56.30287967337529,55.14421439702933,54.61892294049186,,57.6191037330022,57.09307600699852,"rgba(0, 255, 255, 0.75)",1.9394788935118779,56.5592982372496,1.5342790131436783,41.19601223701251,-15.103897775630841,False,True,False,True,True,7.24038474749295,0.0,0.0,0.0,0.0,0,0.9008782081829947,0.8025052760569139,False,False,False,False,0.1962419209910193,0.18896088712456832,False,False,False,False,111943.0,127938.07767574614,False,False,False,False,7708.544671636458,False,False,False,False
2024-12-27 17:00:00+00:00,59.165,59.545,59.09,59.47,4258.0,,,,60.34358403924325,59.45597788320067,56.990543784596824,55.36376920502036,55.02399986331614,54.97076085183701,,,,,,58.968232960999046,60.365462092723774,57.62835958315109,56.316632185385544,55.15931432846605,54.63160947903593,,57.62835958315109,57.101520521414635,"rgba(0, 255, 255, 0.75)",1.9167028700066087,56.569114812288376,1.5134767277212982,42.63433809271045,-13.4847426709754,False,True,False,True,True,6.97931987509774,0.0,0.0,0.0,0.0,0,0.897315664288142,0.8063880394155629,False,False,False,False,0.18749164152087625,0.18822626432272227,False,False,False,False,107685.0,127624.07647147101,False,False,False,False,7655.0478550219395,False,False,False,False
2024-12-30 17:00:00+00:00,59.2,59.615,59.19,59.395,8151.0,,,,60.29843570898859,59.45513024553634,57.01289553541114,55.39282135003144,55.05184082106709,54.99643717138039,,,,,,59.0240688032154,60.345636375240495,57.64612491772827,56.342886703264,55.188135950466744,54.65586806262051,,57.64612491772827,57.11752347041254,"rgba(38, 166, 154, 1.0)",1.9001332765014527,56.58777067081206,1.4773854886414302,43.21811692346027,-12.598847773420324,False,True,False,True,True,6.674060308484076,0.0,0.0,0.0,0.0,0,0.8946760046236494,0.8058067586863406,False,False,False,False,0.19120696823855454,0.1897166162806384,False,False,False,False,99534.0,127188.57140989782,False,False,False,False,7662.737035564235,False,False,False,False
2024-12-31 17:00:00+00:00,59.44,59.73,59.27,59.385,9190.0,,,,60.25560525890734,59.455239965709616,57.03824253482685,55.425575609539585,55.08324798711252,55.025432147615646,,,,,,59.07975316163574,60.325633367231106,57.66642165169386,56.3725431154753,55.220634094667844,54.683276222255905,,57.66642165169386,57.135967093055946,"rgba(38, 166, 154, 1.0)",1.8805485542427618,56.91636838149693,1.3127188941404964,43.552631063769226,-11.871752176511677,False,True,False,True,True,6.632703995296794,0.0,0.0,0.0,0.0,0,0.8964119197243064,0.8054598283667821,False,False,False,False,0.19547510460916004,0.19259586044489924,False,False,False,False,90344.0,126617.3377446281,False,False,False,False,7686.415531136883,False,False,False,False
2025-01-01 17:00:00+00:00,59.385,59.385,59.385,59.385,0.0,,,,60.25560525890734,59.455239965709616,57.03824253482685,55.425575609539585,55.08324798711252,55.025432147615646,,,,,,59.07975316163574,60.325633367231106,57.66642165169386,56.3725431154753,55.220634094667844,54.683276222255905,,57.66642165169386,57.135967093055946,"rgba(38, 166, 154, 1.0)",1.8592651410878818,56.91636838149693,1.3277458733285545,43.77564049064186,-11.202816230491266,False,True,False,True,True,6.632703995296794,0.0,0.0,0.0,0.0,0,0.9004491017964076,0.8087915078933049,False,False,False,False,0.19044162483051288,0.19151874263770607,False,False,False,False,90344.0,126054.96041525401,False,False,False,False,7567.246298096001,False,False,False,False
2025-01-02 17:00:00+00:00,58.985,59.11,58.67,58.965,5585.0,,,,60.21516145585757,59.449784486239736,57.04997450089357,55.44256346623104,55.09976139400806,55.040721092691726,,,,,,59.06792684703212,60.30649750551361,57.674847288844866,56.38715117862092,55.23762892578752,54.69789249527568,,57.674847288844866,57.1391592197497,"rgba(38, 166, 154, 1.0)",1.8444226250562787,56.9088931179264,1.1147699307857215,41.50426428143298,-11.202816230491266,False,True,False,True,False,4.864196380601207,0.0,0.0,0.0,0.0,0,0.8949290060851933,0.8123056118999329,False,False,False,False,0.16888092456507067,0.18019983360138836,False,False,False,False,84759.0,125414.7129669555,False,False,False,False,7536.513797350326,False,False,False,False
2025-01-03 17:00:00+00:00,59.24,59.395,59.09,59.17,6031.0,,,,60.183711875105715,59.447287814100235,57.0645136216764,55.46230947337142,55.11883951832914,55.05837866193092,,,,,,59.07874679930659,60.29078741351258,57.686013415525025,56.40460886786339,55.25730556775848,54.71469018123553,,57.686013415525025,57.14726610080961,"rgba(38, 166, 154, 1.0)",1.8250987681528874,56.91783520785905,1.2339961165062219,41.727676780016566,-11.202816230491266,False,True,False,True,False,5.612883031550126,0.0,0.0,0.0,0.0,0,0.8985302049622443,0.8096008629989218,False,False,False,False,0.18421765876445556,0.18220874618292196,False,False,False,False,90790.0,124877.89571165387,False,False,False,False,7513.1724981666,False,False,False,False
2025-01-06 17:00:00+00:00,59.45,59.5,58.91,58.945,9946.0,,,,60.13102171336698,59.44153819365731,57.086975831503395,55.49357116083133,55.149160839302944,55.08648254749077,,,,,,59.08294512806296,60.26352148582874,57.70290025252676,56.43192692365956,55.28852515824508,54.741511901131354,,57.70290025252676,57.15834009463393,"rgba(38, 166, 154, 1.0)",1.8093961015355164,56.92919208706609,1.1140777363360206,40.57415184813857,-11.202816230491266,False,True,False,True,False,4.660512411552073,0.0,0.0,0.0,0.0,0,0.8959135427220538,0.8148598446470793,False,False,False,False,0.18258213489578387,0.18239544053935292,False,False,False,False,80844.0,124195.19965410884,False,False,False,False,7550.890754008979,False,False,False,False
2025-01-07 17:00:00+00:00,59.13,59.26,58.605,58.66,8275.0,,,,60.08006453975228,59.43293992219193,57.10279837859593,55.51722175651257,55.17230562063459,55.107985690243844,,,,,,59.06338175398716,60.236533118481816,57.71396198651927,56.451941734953216,55.31226864320117,54.7621846900504,,57.71396198651927,57.16279898626035,"rgba(38, 166, 154, 0.5)",1.8014890537581636,56.93200278612879,0.9592049478548628,38.317482875745114,-7.67818142636137,False,True,False,True,False,3.462395046567064,0.0,0.0,0.0,0.0,0,0.8885673911580652,0.8216809097638118,False,False,False,False,0.17072572921783907,0.176560584878596,False,False,False,False,72569.0,123394.79345792111,False,False,False,False,7562.117253946824,False,False,False,False
2025-01-08 17:00:00+00:00,58.4,58.505,58.16,58.47,5259.0,,,,60.0383693938815,59.42341984836339,57.11006649034626,55.5300087631408,55.18502622509518,55.11984398323999,,,,,,59.029811087504825,60.21438476886384,57.71803824574955,56.462056939686555,55.325234701256896,54.77373492650218,,57.71803824574955,57.16083294780258,"rgba(38, 166, 154, 0.5)",1.7955365706596589,56.92730390923093,0.8591838874116062,35.90669955719256,-10.080548971508321,False,True,False,True,False,2.667738270999095,0.0,0.0,0.0,0.0,0,0.8829658510352247,0.834700188222641,False,False,False,False,0.14478177200681555,0.1606711784427058,False,False,False,False,67310.0,122525.26177640296,False,False,False,False,7526.410009699586,False,False,False,False
2025-01-09 17:00:00+00:00,58.47,58.47,58.47,58.47,0.0,,,,60.0383693938815,59.42341984836339,57.11006649034626,55.5300087631408,55.18502622509518,55.11984398323999,,,,,,59.029811087504825,60.21438476886384,57.71803824574955,56.462056939686555,55.325234701256896,54.77373492650218,,57.71803824574955,57.16083294780258,"rgba(38, 166, 154, 0.5)",1.7928879340727952,56.92730390923093,0.8604531613220355,34.299510678157525,-11.682142926512228,False,True,False,True,False,2.667738270999095,0.0,0.0,0.0,0.0,0,0.8872099298434974,0.8349973016729634,False,False,False,False,0.15070895930174094,0.15569006887222336,False,False,False,False,67310.0,121669.21120622616,False,False,False,False,7409.721482417422,False,False,False,False
2025-01-10 17:00:00+00:00,57.195,57.445,57.14,57.305,8935.0,,,,59.9287988987986,59.39129448205052,57.11185564746097,55.54332227745707,55.199165724283525,55.13317230318995,,,,,,58.896602380481326,60.15647167413818,57.713691104090955,56.46943679246093,55.3392981113587,54.78735222860465,,57.713691104090955,57.13920513536462,#000000,1.7988216788865161,56.895351253690556,0.2277317152209434,29.245948181040248,-16.38750227835107,False,True,False,True,False,0.0,0.0,0.0,0.0,0.0,0,0.8817218631305397,0.8402745385486778,False,False,False,False,0.10024658467056019,0.12796832677139178,False,False,False,False,58375.0,120687.90560612963,False,False,False,False,7433.36921137219,False,False,False,False
2025-01-13 17:00:00+00:00,57.03,57.31,57.0,57.31,4385.0,,,,59.87643619393545,59.37521856126143,57.112299697057416,55.54945134250229,55.205741091809756,55.13938424256172,,,,,57.20666666666668,58.83517487869847,60.12801450113925,57.71113693778356,56.47262217562628,55.34581283726945,54.79374374726879,,57.71113693778356,57.13474637489081,#000000,1.8058108158670374,57.03217574503405,0.153850144502848,25.92682844186411,-19.326522012255744,False,True,False,True,False,0.0,0.0,0.0,0.0,0.0,0,0.884330598359016,0.8407044226535928,False,False,False,False,0.094391817693376,0.11118007223238388,False,False,False,False,62760.0,119789.7985424687,False,False,False,False,7386.10767321138,False,False,False,False
2025-01-14 17:00:00+00:00,57.135,57.58,57.085,57.555,6277.0,,,,59.81025190406256,59.35469857826254,57.114260086419165,55.55919612401285,55.21601227963869,55.149065995715965,,,,,57.32441193021947,58.764522179235655,60.090945691989866,57.70895708486079,56.47836375007999,55.35605360128036,54.80358797320268,,57.70895708486079,57.13310209069081,#000000,1.8099449073292924,57.0245709219156,0.2930636595271235,26.20646183843485,-19.326522012255744,False,True,False,True,False,0.0,0.0,0.0,0.0,0.0,0,0.8917184680168446,0.8347704030479253,False,False,False,False,0.10195105888810566,0.10656556556024477,False,False,False,False,69037.0,119002.93344878701,False,False,False,False,7368.912205409652,False,False,False,False
2025-01-15 17:00:00+00:00,58.625,59.075,58.61,58.905,4180.0,,,,59.793650167494334,59.35131127196325,57.12198268826269,55.57070087586749,55.227311953158264,55.159598035185404,,,,,57.75782329425505,58.767672848029015,60.07991028596662,57.7144346579364,56.48808666104897,55.367621246970415,54.81374787932856,,57.7144346579364,57.170296297343576,"rgba(38, 166, 154, 1.0)",1.8058827468845169,57.057599254960735,1.0229904174157352,35.29786436968126,-20.2982376254013,False,True,False,True,True,4.204762731492739,0.0,0.0,0.0,0.0,0,0.9026496177168475,0.8232269970999215,False,False,False,False,0.16682043013950298,0.13669299784987388,False,False,False,False,73217.0,118293.07401547248,False,False,False,False,7319.471706100975,False,False,False,False
2025-01-16 17:00:00+00:00,59.245,59.26,58.89,59.025,13729.0,,,,59.75361302689589,59.34482456918403,57.14966163151117,55.61013516551845,55.265901731337436,55.19557294477605,,,,,58.38274724954208,58.7952272099543,60.05061323654848,57.73505774717106,56.522047181563046,55.4071732128946,54.84835246443874,,57.73505774717106,57.23545595164118,"rgba(38, 166, 154, 1.0)",1.7986297963015667,57.12103557937076,1.058563815936033,41.90454676330622,-14.619957687659877,False,True,False,True,True,4.643212230403101,0.0,0.0,0.0,0.0,0,0.9059196617336156,0.8262420718816073,False,False,False,False,0.1769197330991597,0.1568063654745168,False,False,False,False,86946.0,117807.07286794577,False,False,False,False,7418.8442377893325,False,False,False,False
2025-01-17 17:00:00+00:00,59.245,59.28,58.81,58.83,7990.0,,,,59.729646875660706,59.340098661567474,57.164707666408184,55.63212161898644,55.28750901690122,55.21575160237448,,,,,58.51181327097181,58.804539750368654,60.032928418068074,57.74601876686495,56.54075290953193,55.42927698531153,54.86783172496512,,57.74601876686495,57.254076712921574,"rgba(38, 166, 154, 0.5)",1.7967237250461783,57.375748708391114,0.8093905987530207,45.19835431465551,-11.988728285172343,False,False,False,True,True,3.8336422084933766,0.0,0.0,0.0,0.0,0,0.9106470160597454,0.8254576696847536,False,False,False,False,0.1756146307731338,0.1662104981238253,False,False,False,False,78956.0,117204.73065293886,False,False,False,False,7427.699365885622,False,False,False,False
2025-01-20 17:00:00+00:00,58.83,58.83,58.83,58.83,0.0,,,,59.729646875660706,59.340098661567474,57.164707666408184,55.63212161898644,55.28750901690122,55.21575160237448,,,,,58.51181327097181,58.804539750368654,60.032928418068074,57.74601876686495,56.54075290953193,55.42927698531153,54.86783172496512,,57.74601876686495,57.254076712921574,"rgba(38, 166, 154, 0.5)",1.7888113220643522,57.375748708391114,0.8129707553117597,47.394226015555034,-10.149010465641183,False,False,False,False,True,3.8336422084933766,0.0,0.0,0.0,0.0,0,0.9127748621537239,0.8307978476051292,False,False,False,False,0.16627842865013848,0.1662444633869819,False,False,False,False,78956.0,116611.7270769243,False,False,False,False,7312.541236181968,False,False,False,False
2025-01-21 17:00:00+00:00,59.16,59.205,58.845,58.94,8846.0,,,,59.705541295977525,59.33532882517244,57.18128987372816,55.656298330992506,55.311288873669156,55.23797928688728,,,,,58.60627036213213,58.81505302346106,60.014430651995085,57.75815638360783,56.56132792337861,55.453590414480495,54.8893057546414,,57.75815638360783,57.27122007693258,"rgba(38, 166, 154, 0.5)",1.7780211897924671,57.3940346211927,0.8694864761357217,49.52306085239714,-8.159268137311187,False,False,False,False,True,4.256019987047026,0.0,0.0,0.0,0.0,0,0.9119095143047246,0.8294078509647379,False,False,False,False,0.1747448916895781,0.17049467753828002,False,False,False,False,87802.0,116165.06464162315,False,False,False,False,7336.315790659766,False,False,False,False
2025-01-22 17:00:00+00:00,58.605,58.625,58.27,58.45,6882.0,,,,59.67417752048419,59.325847163952844,57.190149966384375,55.67181999887446,55.326857905113805,55.25259554400328,,,,,58.585483530634235,58.80007874490725,59.99297969786291,57.763328398839256,56.57354722777635,55.46938565606898,54.90364847039005,,57.763328398839256,57.27153075579169,"rgba(38, 166, 154, 0.5)",1.7652340477236756,57.384635102233055,0.6035261438225537,47.86370088798809,-8.159268137311187,False,False,False,False,True,2.174047812116477,0.0,0.0,0.0,0.0,0,0.9057730590577312,0.8379562043795628,False,False,False,False,0.1497383472775763,0.16011651240792815,False,False,False,False,80920.0,115618.6295309003,False,False,False,False,7329.272134990622,False,False,False,False
2025-01-23 17:00:00+00:00,59.15,59.25,58.82,58.91,6626.0,,,,59.65820778862185,59.32245979436074,57.20220891018726,55.68950365015506,55.34429427995062,55.268921465693865,,,,,58.63135322074175,58.80738898149946,59.97996838346079,57.7721393091032,56.5885402030358,55.48719029289478,54.91945530189111,,57.7721393091032,57.282433198584336,"rgba(38, 166, 154, 0.5)",1.752623331049832,57.39813743187835,0.8626283476530209,49.59534250077056,-7.869116758308195,False,False,False,False,True,3.9616513067864467,0.0,0.0,0.0,0.0,0,0.9135378106821794,0.8281993654151251,False,False,False,False,0.17517972843762258,0.16764812042277538,False,False,False,False,87546.0,115183.39496452975,False,False,False,False,7318.36869103728,False,False,False,False
2025-01-24 17:00:00+00:00,58.6,58.705,58.465,58.55,9176.0,,,,59.62407682329612,59.31203839784437,57.214790763095195,55.71061020072025,55.365420990573305,55.28877325355418,,,,,58.62353441228161,58.79573838300551,59.955062628036295,57.78000916145973,56.605425841950414,55.50863368857214,54.93890857283438,,57.78000916145973,57.28638639363257,"rgba(38, 166, 154, 0.5)",1.7400490362769427,57.397997138796335,0.6620519520924076,48.64382680708762,-7.869116758308195,False,False,False,False,True,2.4435907441530738,0.0,0.0,0.0,0.0,0,0.9064548162859984,0.8368752068851381,False,False,False,False,0.1556743098006568,0.1616612151117161,False,False,False,False,78370.0,114612.64465500216,False,False,False,False,7347.1691764475545,False,False,False,False
2025-01-27 17:00:00+00:00,58.54,58.96,58.43,58.88,5649.0,,,,59.60759593112556,59.307322448235155,57.22345217757077,55.7242733669794,55.379025730233295,55.30155193651101,,,,,58.63373327456831,58.79457666415778,59.94214066522363,57.785879606575485,56.61663416882951,55.522468152998314,54.95138080100029,,57.785879606575485,57.29154114800065,"rgba(38, 166, 154, 0.5)",1.7294315058229401,57.40300759452417,0.8540334789223207,49.95103665103393,-6.850577805004335,True,False,False,False,True,3.7253119350092483,0.0,0.0,0.0,0.0,0,0.9105197120781884,0.8311431024235627,False,False,False,False,0.1604309082991469,0.1610460617054315,False,False,False,False,84019.0,114138.32458283158,False,False,False,False,7320.840972161545,False,False,False,False
2025-01-28 17:00:00+00:00,58.37,58.655,58.285,58.495,6833.0,,,,59.58222579322936,59.298894224688844,57.23192134780782,55.739135346995546,55.39399267539059,55.315648592571435,,,,,58.62055456956218,58.78359786746874,59.923294449563215,57.79087780159279,56.62829347450506,55.537618919917755,54.96526312944657,,57.79087780159279,57.29317832251846,"rgba(38, 166, 154, 0.5)",1.7181915172907118,57.402103785758584,0.6360735711026674,48.62311700417669,-6.850577805004335,True,False,False,False,True,2.1038214665319934,0.0,0.0,0.0,0.0,0,0.9102187833511212,0.8269743863393816,False,False,False,False,0.15070895930174094,0.15587751050358623,False,False,False,False,77186.0,113565.42032573342,False,False,False,False,7313.27754623656,False,False,False,False
2025-01-29 17:00:00+00:00,58.91,59.025,58.27,58.59,16315.0,,,,59.53366229589363,59.28300200949061,57.2540668170737,55.77588863279825,55.43086079319242,55.350378798296695,,,,,58.62186443797649,58.7717129431967,59.884673483327916,57.805066376659305,56.65776016804923,55.57498707954805,54.99936837125377,,57.805066376659305,57.30333016975052,"rgba(38, 166, 154, 0.5)",1.7008547798038638,57.41069159039947,0.6933621985861271,48.34429333428296,-6.850577805004335,True,False,False,False,True,2.479914352389752,0.0,0.0,0.0,0.0,0,0.9207039614561033,0.8202623126338336,False,False,False,False,0.15837605180595432,0.15712678115477027,False,False,False,False,93501.0,113254.34404161351,False,False,False,False,7452.8391346670005,False,False,False,False
2025-01-30 17:00:00+00:00,58.14,58.41,57.42,57.67,11792.0,,,,59.47331605739384,59.25858800157671,57.26063129871595,55.794633080022216,55.45049261536051,55.36905196330038,,,,,58.5363072169059,58.72251842416859,59.84138799416882,57.805408332957185,56.67014649748117,55.5945509646002,55.018311774690446,,57.805408332957185,57.29194955548785,#000000,1.694371782914956,57.39068560551516,0.16484835105334245,43.88330277023857,-6.850577805004335,False,False,False,True,False,0.0,0.0,0.0,0.0,0.0,0,0.918086456871785,0.8252822876996062,False,False,False,False,0.12684465607466897,0.14198571861471962,False,False,False,False,81709.0,112765.26894019314,False,False,False,False,7520.1129465326285,False,False,False,False
2025-01-31 17:00:00+00:00,58.02,58.58,57.6,57.74,13428.0,,,,59.41504930350245,59.2344037022505,57.26971128752113,55.81700397832821,55.47375173962625,55.39116546414571,,,,,58.47439797829244,58.68031293832692,59.79755450883221,57.80769019231238,56.68559704095202,55.61778795667105,55.04063489000571,,57.80769019231238,57.285004690828224,#000000,1.6859673219877302,57.37792189444542,0.2147598597152499,41.39617643282007,-2.764476296923,False,False,False,True,False,0.0,0.0,0.0,0.0,0.0,0,0.9192774296760439,0.8313558192241041,False,False,False,False,0.13435267447724114,0.13816919654598037,False,False,False,False,95137.0,112491.96244499634,False,False,False,False,7611.708094648401,False,False,False,False
2025-02-03 17:00:00+00:00,56.885,57.11,56.62,57.02,12855.0,,,,59.32547219208431,59.19339126604495,57.2654572355029,55.82770827101982,55.4863754997121,55.40346607976768,,,,,58.32602667644712,58.590064493486295,59.7342615038246,57.7962479733557,56.68819025988937,55.629822013819734,55.054104828046434,,57.7962479733557,57.25542986869239,#000000,1.6833707122777868,57.4276501821779,-0.24216304774977365,37.2339157151715,-6.7721509777761995,False,True,False,True,False,0.0,0.0,0.0,0.0,0.0,0,0.9187164357223369,0.8388914672147455,False,False,False,False,0.07651841533718222,0.1073438059415813,False,False,False,False,82282.0,112023.59093422121,False,False,False,False,7692.999442018193,False,False,False,False
2025-02-04 17:00:00+00:00,57.885,57.95,57.625,57.755,15279.0,,,,59.26216778664727,59.16420890214276,57.27267527355304,55.84999919653823,55.509946003199445,55.425994421366696,,,,,58.27015899903711,58.54342947719702,59.68444423069663,57.795953594249056,56.70251819116969,55.65320557375375,55.07714233629535,,57.795953594249056,57.247064921988155,#000000,1.6652476671031433,57.442700643166006,0.1875392849985317,38.99737971405301,-6.7721509777761995,False,True,False,True,False,0.0,0.0,0.0,0.0,0.0,0,0.9210161662817558,0.8397888485648305,False,False,False,False,0.10871274279609629,0.1080282743688388,False,False,False,False,97561.0,111799.36471818677,False,False,False,False,7810.6118537698485,False,False,False,False
2025-02-05 17:00:00+00:00,58.57,58.62,57.83,57.95,11908.0,,,,59.22731861814839,59.14792087611334,57.282043164422056,55.870172860244224,55.5308204485523,55.445877335318414,,,,,58.260110771919,58.52588850255566,59.65427844937591,57.79986082664059,56.71704797425062,55.674082031678005,55.09716525828678,,57.79986082664059,57.2486605475004,#000000,1.646791141299567,57.45645344447588,0.2997019738244624,41.20893743445415,-6.7721509777761995,False,False,False,True,True,0.0,0.0,0.0,0.0,0.0,0,0.9181447904348972,0.8353041650243072,False,False,False,False,0.12781296492904037,0.11792061964893959,False,False,False,False,109469.0,111763.23503263349,False,False,False,False,7874.13725138582,False,False,False,False
2025-02-06 17:00:00+00:00,58.52,58.805,58.355,58.77,16352.0,,,,59.20356856249399,59.13720546639412,57.30209022663154,55.903414698035746,55.56446200801778,55.47780125278272,,,,,58.29521657086942,58.53240398457917,59.627982709674825,57.813064687366584,56.74353993059645,55.708010996779706,55.12878429415965,,57.813064687366584,57.26442656833705,"rgba(38, 166, 154, 0.5)",1.6222116145935428,57.492163021557886,0.787712877251399,46.374748269937996,-9.934452623811225,True,False,False,True,True,3.105412291017263,0.0,0.0,0.0,0.0,0,0.9195514701088733,0.8294543320946611,False,False,False,False,0.10585896083398579,0.11188979024146269,False,False,False,False,125821.0,111981.18487708879,False,False,False,False,8005.576983922473,False,False,False,False
2025-02-07 17:00:00+00:00,58.845,59.235,58.735,59.205,21828.0,,,,59.19608999521905,59.135031268864246,57.3359491485354,55.95310218421606,55.614154832206395,55.52489381618225,,,,,58.378365937869184,58.56866638132631,59.608867240905745,57.83855378251811,56.78526989649956,55.75834701560769,55.17500499078635,,57.83855378251811,57.297868960825866,"rgba(38, 166, 154, 1.0)",1.5883292882546725,57.54946270055361,1.042313651009713,51.38278138767346,-5.352154325837404,True,False,True,False,True,4.697366886894333,0.0,0.0,0.0,0.0,0,0.9215791593930449,0.826305894991272,False,False,False,False,0.12008439167276976,0.11598709095711622,False,False,False,False,147649.0,112534.17425883935,False,False,False,False,8219.878115954683,False,False,False,False
2025-02-10 17:00:00+00:00,58.91,59.06,58.825,58.87,8556.0,,,,59.19059472166984,59.13271483686866,57.34781742525318,55.97129506476495,55.63247344759726,55.5422985946344,,,,,58.40048307848939,58.57786788851058,59.59990237061989,57.847148127096595,56.80023701954777,55.77684754689938,55.19218450196118,,57.847148127096595,57.30860497107024,"rgba(38, 166, 154, 0.5)",1.565943143261464,57.56507988023197,0.8333125793125595,52.96457494588299,-3.931612979555851,True,False,True,False,True,3.334303846053345,0.0,0.0,0.0,0.0,0,0.9182546629856582,0.8324018584607101,False,False,False,False,0.10672940075515212,0.11135824585613417,False,False,False,False,139093.0,112945.93899901239,False,False,False,False,8225.089307955386,False,False,False,False
2025-02-11 17:00:00+00:00,58.285,58.58,58.195,58.435,18292.0,,,,59.15864680947987,59.116418257622946,57.364475404079535,56.0027829974335,55.66493107751366,55.57333030432403,,,,,58.40071257633515,58.56857168439473,59.56758787664936,57.856454052153794,56.82392991016411,55.80931605101301,55.22338513046582,,57.856454052153794,57.31773401012535,"rgba(38, 166, 154, 0.5)",1.541951676601001,57.57344980603028,0.5587400740526944,51.934345206157715,-3.931612979555851,True,False,True,False,True,1.5984610648352309,0.0,0.0,0.0,0.0,0,0.9107623922413802,0.8398437500000004,False,False,False,False,0.05658919164507205,0.08397371875060311,False,False,False,False,120801.0,113067.72289050056,False,False,False,False,8381.165442715766,False,False,False,False
2025-02-12 17:00:00+00:00,58.95,59.26,58.855,59.24,24953.0,,,59.118333333333325,59.15653217505247,59.116474901113385,57.401438037669266,56.05685427251598,55.719246858206084,55.6250173861167,,,,,58.47173434973618,58.60581075260644,59.55162534203825,57.88461312619221,56.86927402371425,55.864192393511516,55.27433553213526,,57.88461312619221,57.47967732028153,"rgba(38, 166, 154, 0.5)",1.5072166400354212,57.83464281607913,0.9324188352165769,54.393778110571006,-2.361108584433815,True,False,True,False,True,4.5465541122533,0.0,0.0,0.0,0.0,0,0.9117904518214269,0.8375193589657266,False,False,False,False,0.09640559877504491,0.090189658762824,False,False,False,False,145754.0,113574.48687669434,False,False,False,False,8638.09311027056,False,False,False,False
2025-02-13 17:00:00+00:00,54.16,55.39,54.105,55.29,43307.0,,,56.46002202363512,58.80372606028377,58.91198102110228,57.31417206870722,56.0238561965734,55.69823099694177,55.60782311903636,,,,54.92833333333333,57.952322263892924,58.21896409263626,59.283085836489654,57.77438836007717,56.80490862536156,55.838010048918115,55.266654658293646,,57.77438836007717,56.99243191368551,"rgba(239, 83, 80, 1.0)",1.51187581119222,57.369431018047166,-1.3753980337891576,45.95673000286277,3.2392520549035666,True,False,False,True,False,0.0,0.0,0.0,0.0,0.0,0,0.8926225366346647,0.8505558362809503,False,False,False,False,-0.17896946824543583,-0.04438990474130591,False,False,False,False,102447.0,113401.96770031148,False,False,False,False,9175.595542669465,False,False,False,False
2025-02-14 17:00:00+00:00,55.41,55.5,55.025,55.155,25213.0,,,56.12734212018444,58.63800710490453,58.81011564088143,57.272151199135834,56.01051250253104,55.69104712551724,55.602424014888875,,,,55.0381097246546,57.73800216330735,58.046282816283735,59.15040053147899,57.72025989830293,56.7750152225754,55.828212149450735,55.26614444600763,,57.72025989830293,56.91426844400698,"rgba(239, 83, 80, 1.0)",1.5281100262258334,57.25095507064363,-1.3715995803131216,40.14570918778084,-1.9442809322487804,False,False,False,True,False,0.0,0.0,0.0,0.0,0.0,0,0.9075428859737648,0.8490792129162467,False,False,False,False,-0.18397540933931125,-0.11418265704030858,False,False,False,False,77234.0,112841.22401503533,False,False,False,False,9424.237472240482,False,False,False,False
2025-02-17 17:00:00+00:00,55.155,55.155,55.155,55.155,0.0,,,56.12734212018444,58.63800710490453,58.81011564088143,57.272151199135834,56.01051250253104,55.69104712551724,55.602424014888875,,,,55.0381097246546,57.73800216330735,58.046282816283735,59.15040053147899,57.72025989830293,56.7750152225754,55.828212149450735,55.26614444600763,,57.72025989830293,56.91426844400698,"rgba(239, 83, 80, 1.0)",1.54673005850198,57.25095507064363,-1.3550878248746097,36.271695311059545,-5.345701606621823,False,True,False,True,False,0.0,0.0,0.0,0.0,0.0,0,0.9058951129258652,0.8577261707285955,False,False,False,False,-0.2012660806727294,-0.157724368856519,False,False,False,False,77234.0,112289.1740303061,False,False,False,False,9278.125263368536,False,False,False,False
2025-02-18 17:00:00+00:00,55.22,56.085,55.19,55.55,26063.0,,,56.01418017724088,58.49954655951613,58.7211732620925,57.23823564760139,56.00367206727583,55.68976476669696,55.60250929398906,,,,55.1952387849825,57.577911833192,57.90903642103974,59.034550858276816,57.67487434757872,56.752610838491016,55.824628752127836,55.2705989208864,,57.67487434757872,56.86723550206586,"rgba(239, 83, 80, 1.0)",1.5979284675438552,57.174219207720945,-1.0164530144565882,35.27209358240118,-6.2781876362042155,False,True,False,True,False,0.0,0.0,0.0,0.0,0.0,0,0.9043759103286688,0.849534544993984,False,False,False,False,-0.1925902200759143,-0.17515729446621664,False,False,False,False,103297.0,112149.76047944864,False,False,False,False,9538.355879440342,False,False,False,False
2025-02-19 17:00:00+00:00,55.91,56.11,55.545,55.995,12152.0,,,56.00210579804791,58.44496201325459,58.68488724661836,57.225479594941,56.00272525806457,55.69115395707697,55.60438623412634,,,,55.27357976921034,57.52052964059007,57.85722530099603,58.98721754715581,57.65710141922366,56.74489663480732,55.82507146215677,55.274295485073594,,57.65710141922366,56.85304115742289,"rgba(239, 83, 80, 0.5)",1.64259550163199,57.14940053664487,-0.702790513853182,36.33328933530012,-6.2781876362042155,False,True,False,True,False,0.0,0.0,0.0,0.0,0.0,0,0.9048439594103014,0.852064586125471,False,False,False,False,-0.1782042015999072,-0.17668074803306194,False,False,False,False,115449.0,112200.91147976727,False,False,False,False,9578.877493712585,False,False,False,False
2025-02-20 17:00:00+00:00,55.385,55.53,55.11,55.16,12141.0,,,55.94002536576999,58.38006306121454,58.641770574572206,57.207226269230105,55.996984416117236,55.688131950267454,55.60214602459307,,,,55.272873722758725,57.446773214521556,57.79267639183622,58.93220859246846,57.633641175787446,56.73190547955485,55.82089562763443,55.27424977834586,,57.633641175787446,56.82410477631147,"rgba(239, 83, 80, 1.0)",1.7093855858409328,57.10772502192389,-1.1394298852506761,35.235071475302306,-6.845640914250723,False,True,False,True,False,0.0,0.0,0.0,0.0,0.0,0,0.8921916592724055,0.8586639624794019,False,False,False,False,-0.21681009772411583,-0.19674542287858887,False,False,False,False,103308.0,112063.03688318173,False,False,False,False,9618.600323267428,False,False,False,False
2025-02-21 17:00:00+00:00,55.075,55.075,54.49,54.615,26501.0,,,55.75124347834595,58.22417598374021,58.536864537623096,57.15777681743323,55.9757200708881,55.67341982838409,55.589650829383885,,,,55.17330478686449,57.26542958464567,57.63452378774224,58.800728041758774,57.572673538126466,56.694163249275206,55.80332131436722,55.26718110431706,,57.572673538126466,56.74134513019305,"rgba(239, 83, 80, 1.0)",1.790035273194064,56.995154531274025,-1.3296690668150772,33.470595460873234,-8.969011098784598,False,True,False,True,False,0.0,0.0,0.0,0.0,0.0,0,0.8840854506383525,0.867463026166098,False,False,False,False,-0.25840693115955643,-0.22757617701907265,False,False,False,False,76807.0,111516.43166018666,False,False,False,False,9880.342953914445,False,False,False,False
2025-02-24 17:00:00+00:00,55.4,55.58,55.105,55.11,8547.0,,,55.72801006650752,58.18400617400618,58.508831707544445,57.14568533927883,55.971903693265276,55.67141414689863,55.588163282756504,,,,55.17839638392973,57.223322796993834,57.59574897027157,58.76543307572488,57.557169092648465,56.68554009026212,55.80054723182549,55.26717206133984,,57.557169092648465,56.72475627421689,"rgba(239, 83, 80, 1.0)",1.849124514052025,56.97158582881668,-1.00673903497031,34.33551862375189,-8.969011098784598,False,True,False,True,False,0.0,0.0,0.0,0.0,0.0,0,0.8918199112238436,0.8513633481293599,False,False,False,False,-0.2459555386742526,-0.23676585784666263,False,False,False,False,85354.0,111110.81256467989,False,False,False,False,9859.670970132825,False,False,False,False
2025-02-25 17:00:00+00:00,54.765,55.395,54.635,55.33,21010.0,,,55.66410250124653,58.085065333208334,58.43893090065846,57.11436709295448,55.96080528890621,55.66483705167564,55.58294894073603,,,,55.17138283581236,57.11984718563528,57.50001189301744,58.678122439588435,57.517571769049155,56.66265951260164,55.792034252844545,55.26568725806186,,57.517571769049155,56.68122495039976,"rgba(239, 83, 80, 0.5)",1.897475772257969,56.91128737881848,-0.8333636729056999,35.80454092359547,-8.969011098784598,False,True,False,True,False,0.0,0.0,0.0,0.0,0.0,0,0.8809117888488993,0.8588116436193725,False,False,False,False,-0.28838005562793956,-0.2625729567373011,False,False,False,False,106364.0,111037.21857142904,False,False,False,False,10032.544288425339,False,False,False,False
2025-02-26 17:00:00+00:00,54.755,54.885,54.35,54.57,17498.0,,,55.57858371092761,57.99383777079651,58.37412434749736,57.08242435371273,55.946216830132606,55.65437953615977,55.57393014611582,,,,55.119578076064954,57.02073159859607,57.4095804045548,58.59839910459582,57.47864227932583,56.637874606513826,55.77976083121303,55.26015434864807,,57.47864227932583,56.63388119632365,"rgba(239, 83, 80, 1.0)",1.9604666386962855,56.77490298551169,-1.1246827372578767,34.976396482882706,-8.969011098784598,False,True,False,True,False,0.0,0.0,0.0,0.0,0.0,0,0.8709292840559715,0.8639643596661862,False,False,False,False,-0.33187324908764065,-0.2972231029124709,False,False,False,False,88866.0,110693.47874861618,False,False,False,False,10148.287787829597,False,False,False,False
2025-02-27 17:00:00+00:00,54.825,54.94,54.47,54.725,10105.0,,,55.540075659003314,57.94493732079897,58.33874885296984,57.06514649853641,55.93861149078142,55.649054862046945,55.5693777142678,,,,55.099226511699094,56.969412611693215,57.36182858981162,58.5549923005114,57.45747217477422,56.624589770085606,55.77343869647079,55.25752769983225,,57.45747217477422,56.60962938355219,"rgba(239, 83, 80, 1.0)",2.003666519788708,56.745656064340864,-1.0084792276480947,35.11585441678497,-9.174791024927544,False,True,False,True,False,0.0,0.0,0.0,0.0,0.0,0,0.8688790468467354,0.8623916162435284,False,False,False,False,-0.3291069692895069,-0.3131650361009889,False,False,False,False,98971.0,110511.73489204848,False,False,False,False,10147.616659336114,False,False,False,False
2025-02-28 17:00:00+00:00,54.745,55.715,54.7,55.585,14861.0,,,55.52739818830263,57.88894124682767,58.296654833947656,57.04678173214263,55.93317699015953,55.64645388282057,55.56755906155453,,,,55.11522970159185,56.9176292838142,57.310366491401766,58.50293406532467,57.43383732216237,56.61162411642225,55.769640666096805,55.25805785181661,,57.43383732216237,56.58841902895905,"rgba(239, 83, 80, 0.5)",2.0325276568045383,56.731648604337806,-0.5641490783650749,38.71099900417856,-9.174791024927544,False,True,False,True,True,0.0,0.0,0.0,0.0,0.0,0,0.8730050723741194,0.8579735246814304,False,False,False,False,-0.28469879679137766,-0.2989319164461833,False,False,False,False,113832.0,110563.21187046633,False,False,False,False,10220.692370044082,False,False,False,False
2025-03-03 17:00:00+00:00,56.71,56.85,55.575,55.87,11149.0,,,55.55250807363575,57.86059416705005,58.273795931691204,57.03929582279096,55.9342820155208,55.64922954930989,55.570609419217824,,,,55.163187550044405,56.89862627025437,57.287729029192185,58.47413306411181,57.42278145451953,56.6077863903635,55.77175501668108,55.26244352053893,,57.42278145451953,56.58458381832814,#000000,2.0485415642696174,56.75042852604407,-0.42978309124910374,42.13860305508324,-13.355279504653573,False,False,False,True,True,0.0,0.0,0.0,0.0,0.0,0,0.8806190125276356,0.848931466470155,False,False,False,False,-0.1988904131984541,-0.24891116482231868,False,False,False,False,124981.0,110786.74346937383,False,False,False,False,10235.084736399987,False,False,False,False
2025-03-04 17:00:00+00:00,54.555,55.72,54.555,55.165,27265.0,,,55.51309694346991,57.75944103828073,58.19624734679151,57.00345622493752,55.92160222258042,55.64179200731392,55.56473376168412,,,,55.16142671831918,56.80458583935599,57.19420671831727,58.37944184670236,57.37761594393284,56.5815504390832,55.76207403797252,55.26098437958875,,57.37761594393284,56.54148369788869,"rgba(239, 83, 80, 0.5)",2.0810218340693942,56.65239769728386,-0.7147439171146445,42.18222602025367,-13.090304743062134,False,False,False,True,True,0.0,0.0,0.0,0.0,0.0,1,0.8704052494076199,0.8622030500030381,False,False,False,False,-0.29081623981355365,-0.26986370231793616,False,False,False,False,97716.0,110584.09628380214,False,False,False,False,10499.11443040929,False,False,False,False
2025-03-05 17:00:00+00:00,55.44,56.225,55.3,55.985,16199.0,,,55.530747251069705,57.71778481847832,58.16198686151799,56.99047505021686,55.92079751890975,55.64349054492134,55.56695467809868,,,,55.20163910650672,56.77467157436979,57.15986719353064,58.33716474083166,57.35966060358878,56.573687704772745,55.76275414704891,55.26526297525732,,57.35966060358878,56.531129651274604,#000000,2.0885193405941225,56.65215705495514,-0.3194402091413498,45.14111024400266,-10.074742561445966,True,False,False,True,True,0.0,0.0,0.0,0.0,0.0,0,0.8844872493791274,0.852020110242898,False,False,False,False,-0.24164399766282477,-0.2557538499903805,False,False,False,False,113915.0,110635.73820188272,False,False,False,False,10587.484749317673,False,False,False,False
2025-03-06 17:00:00+00:00,55.74,55.8,55.185,55.195,30063.0,,,55.51811503841171,57.62793926466687,58.08933887687797,56.958165323200184,55.91168342003624,55.63950848199816,55.5643623829586,,,,55.220716893873686,56.699740508175374,57.08065646614642,58.24904843619993,57.31803947599101,56.55100910978589,55.75660717975625,55.26700543108013,,57.31803947599101,56.496795752610566,"rgba(239, 83, 80, 0.5)",2.099626107856459,56.60609047465502,-0.6720675025781725,44.7030239207111,-10.074742561445966,True,False,False,True,True,0.0,0.0,0.0,0.0,0.0,0,0.8779663063824658,0.8597910754181514,False,False,False,False,-0.2650006073370658,-0.26037722866372315,False,False,False,False,83852.0,110220.48644681477,False,False,False,False,10889.43072219647,False,False,False,False
2025-03-07 17:00:00+00:00,55.04,55.855,54.855,55.6,9717.0,,,55.51576478472271,57.60090091039617,58.06703036261699,56.9482813666462,55.90904520130515,55.638470179976316,55.56374909179157,,,,55.22744699173485,56.67797634838388,57.057170310592554,58.222099850833004,57.30525533252493,56.54413156246665,55.75489567075615,55.267748262062334,,57.30525533252493,56.48666441512064,#000000,2.103360209562509,56.59326172916417,-0.4722261668013404,45.82504617009016,-8.972615751400383,True,False,False,True,True,0.0,0.0,0.0,0.0,0.0,0,0.8806947950474827,0.8580358216131749,False,False,False,False,-0.27700313544417393,-0.26869018205394857,False,False,False,False,93569.0,109962.323866244,False,False,False,False,10871.2535016973,False,False,False,False
2025-03-10 17:00:00+00:00,55.05,55.05,53.83,54.345,14869.0,,,55.46893375671547,57.54173795176344,58.02054567777177,56.92328149089111,55.89639861202026,55.62890967749577,55.55531966231666,,,,55.190162350252045,56.61966977141432,57.00050386883095,58.16698816425238,57.27544336145356,56.52414940462445,55.74396251817001,55.262028738070775,,57.27544336145356,56.45453566706953,"rgba(239, 83, 80, 1.0)",2.123068031143735,56.53979136655912,-1.0337828719396944,43.233765945581354,-8.972615751400383,True,False,False,True,False,0.0,0.0,0.0,0.0,0.0,1,0.8574215286398303,0.8671750310338714,False,False,False,False,-0.34282825441539394,-0.3057592182346712,False,False,False,False,78700.0,109477.6366745193,False,False,False,False,10933.234067562458,False,False,False,False
2025-03-11 17:00:00+00:00,53.705,54.265,53.64,54.075,10960.0,,,55.424328723686905,57.49392125534074,57.983180376991974,56.90217761207795,55.88465046839341,55.61959332180951,55.54696484976971,,,53.99333333333335,55.151310250182654,56.57086163482554,56.953820447156424,58.1230002452147,57.2507344325024,56.50681588206414,55.73354772869472,55.255835497976285,,57.2507344325024,56.27462975375128,"rgba(239, 83, 80, 1.0)",2.146086702613575,56.37519235932176,-1.071807749668504,40.89718835715337,-4.378145673726031,False,True,False,True,False,0.0,0.0,0.0,0.0,0.0,1,0.8502601087727606,0.8819460865452831,False,False,False,False,-0.34282825441539394,-0.32429373632503256,False,False,False,False,67740.0,108830.54153227869,False,False,False,False,10933.649043259164,False,False,False,False
2025-03-12 17:00:00+00:00,54.715,55.175,54.525,54.78,8452.0,,,55.41071390068055,57.46648846544338,57.960755801459456,56.89071270176245,55.879637662310714,55.61612552472867,55.544005931160626,,,54.35616731918402,55.14338158918761,56.5462179338229,56.92865619060149,58.096424745260116,57.23674241270504,56.49798843240262,55.72940613305265,55.25422594299146,,57.23674241270504,56.28485316792211,"rgba(239, 83, 80, 0.5)",2.160300919562535,56.37947802819215,-0.7403959391527961,41.967426153954264,-4.378145673726031,False,False,False,True,False,0.0,0.0,0.0,0.0,0.0,1,0.8532669205977155,0.8747729270436568,False,False,False,False,-0.2689518206115186,-0.29662277846827556,False,False,False,False,76192.0,108324.51763255343,False,False,False,False,10895.173864293904,False,False,False,False
2025-03-13 17:00:00+00:00,54.54,54.56,54.17,54.305,15824.0,,,55.36712103430538,57.407517149175646,57.913295105619426,56.86465456112059,55.866144025769145,55.60580208648759,55.53485486957547,,,54.35115223067318,55.108472139325485,56.48949066843423,56.87267233847931,58.04064236879503,57.20582636703887,56.47701667720316,55.717669590956575,55.24788626098837,,57.20582636703887,56.254388592121714,"rgba(239, 83, 80, 0.5)",2.1817667173666115,56.331818700513786,-0.9289804837430798,41.421307459076125,-4.378145673726031,False,True,False,True,False,0.0,0.0,0.0,0.0,0.0,1,0.8434848750804527,0.8840910420689254,False,False,False,False,-0.30847038718283026,-0.3025465828255529,False,False,False,False,60368.0,107581.00573127353,False,False,False,False,10971.589773374619,False,False,False,False
2025-03-14 17:00:00+00:00,55.285,55.44,55.145,55.395,6229.0,,,55.36647996496031,57.3921566883535,57.899998741508284,56.858482324097864,55.86428323366003,55.60491254395311,55.53423127044916,,,54.49769701354556,55.11216418336164,56.47781286006637,56.85959701220309,58.02484902358285,57.197951083607165,56.47262264662344,55.716369086617625,55.24810189911088,,57.197951083607165,56.25798184848131,#000000,2.168474456494274,56.33483455089969,-0.43340817231442047,44.65962823448429,-4.378145673726031,True,False,False,True,True,0.0,0.0,0.0,0.0,0.0,1,0.8477177942539397,0.8784754402224283,False,False,False,False,-0.23360129414012826,-0.26807393848284056,False,False,False,False,66597.0,106945.59478970339,False,False,False,False,10898.061249756407,False,False,False,False
2025-03-17 17:00:00+00:00,55.995,56.62,55.995,56.565,7751.0,,,55.386336663099065,57.38306550404483,57.89042270080801,56.85617101624503,55.86654423498971,55.608026629093416,55.537421469883654,,,54.79623970524491,55.138583380334666,56.47677019523667,56.854741156068634,58.01311990509765,57.19377688968195,56.47224756325885,55.719159337172684,55.25198933548802,,57.19377688968195,56.277788480359234,#000000,2.1300404069253718,56.36104256484161,0.09575284792497951,49.74150589591559,-5.09057808989926,True,False,False,False,True,0.0,0.0,0.0,0.0,0.0,0,0.8512301678546802,0.8767532766153141,False,False,False,False,-0.154492096706148,-0.21128301759449428,False,False,False,False,74348.0,106440.20572319637,False,False,False,False,10849.269602473361,False,False,False,False
2025-03-18 17:00:00+00:00,56.125,56.55,55.97,56.455,16851.0,,,55.424206362127315,57.36253486743925,57.86908690494487,56.85049424210637,55.87076462813661,55.614130846959334,55.54372876062386,,,55.18616417172467,55.18948975157468,56.472804237522055,56.84301265434166,57.9871416431966,57.18408767799697,56.470748618816806,55.7245399228375,55.259849811102825,,57.18408767799697,56.303299068840715,#000000,2.1001417862902,56.39756076245417,0.02735017126976578,52.7574611685845,-2.4047029521002585,True,False,True,False,True,0.0,0.0,0.0,0.0,0.0,0,0.8498446668967908,0.88309745713957,False,False,False,False,-0.15814443809586154,-0.18471372784517792,False,False,False,False,57497.0,105681.39633213906,False,False,False,False,10942.319686155945,False,False,False,False
2025-03-19 17:00:00+00:00,56.615,57.015,56.46,56.74,8115.0,,,55.44925160777683,57.35675606099845,57.861713521389724,56.849919937693336,55.874593767126775,55.618721319515295,55.548318249209586,,,55.35596079012879,55.22084591102397,56.47610417276059,56.841908330126635,57.977954958948516,57.18170638779044,56.47205400113059,55.72885739898344,55.265047313517016,,57.18170638779044,56.317482108007496,#000000,2.0503284179909547,56.41886263021919,0.15662728320153,55.47553327710156,0.03679722407574104,True,False,True,False,True,0.0,0.0,0.0,0.0,0.0,0,0.85842180774749,0.8760975609756101,False,False,False,False,-0.12160211158180571,-0.15315791971349182,False,False,False,False,65612.0,105060.16538125319,False,False,False,False,10898.485272417092,False,False,False,False
2025-03-20 17:00:00+00:00,56.425,56.905,56.405,56.71,11489.0,,,55.48141257169254,57.34791425310086,57.8508428345916,56.84864902670989,55.8795538715079,55.6247830388716,55.55440431110823,,,55.53262842735582,55.26131734779421,56.47951439911789,56.83942757453764,57.96450745966922,57.17789027997563,56.47343463996097,55.73451789398457,55.27202171012791,,57.17789027997563,56.33267622750665,#000000,1.9713108708545233,56.44258184907741,0.1356549871845769,57.164507321539006,1.5974172694921975,True,False,True,False,True,0.0,0.0,0.0,0.0,0.0,0,0.8570201065475176,0.8811365068453918,False,False,False,False,-0.12788999167635348,-0.14052395569492265,False,False,False,False,54123.0,104270.44188697019,False,False,False,False,10907.6405395114,False,False,False,False
2025-03-21 17:00:00+00:00,56.355,56.455,56.2,56.24,6379.0,,,55.49315828305118,57.34042860417145,57.842997597872134,56.846458706267754,55.880992824253,55.626925730824404,55.5566321171808,,,55.58569123664675,55.27711617030084,56.47779155567416,56.83504226740119,57.95502612857328,57.174239663994,56.47277030087941,55.73638783575721,55.274836026063,,57.174239663994,56.33603094055691,#000000,1.9086142442444998,56.448542424352866,-0.10926378915054799,56.3425666483705,1.5974172694921975,True,False,True,False,True,0.0,0.0,0.0,0.0,0.0,0,0.8503413067171464,0.8877416394194919,False,False,False,False,-0.15295549677241244,-0.14673972623366754,False,False,False,False,47744.0,103394.06294298616,False,False,False,False,10837.429058278665,False,False,False,False
2025-03-24 17:00:00+00:00,57.31,57.395,57.215,57.38,6005.0,,,55.51768801278573,57.34035905466339,57.840568827307976,56.84826365794298,55.88566468186853,55.63201066197168,55.56161731670271,,,55.69251469413425,55.30614167539801,56.48535237705476,56.83878988110324,57.9516957985803,57.17484587792946,56.47582107235961,55.74134782062599,55.280127551038674,,57.17484587792946,56.34830056009171,#000000,1.8483170650547602,56.46739246117059,0.4937505345179371,58.94268877485887,3.4316188728716455,True,False,True,False,True,1.257927027086808,0.0,0.0,0.0,0.0,0,0.8490266189908626,0.8869402349736081,False,False,False,False,-0.07858090553201963,-0.11266031588284359,False,False,False,False,53749.0,102624.37204464528,False,False,False,False,10762.507677530159,False,False,False,False
2025-03-25 17:00:00+00:00,57.695,57.785,57.465,57.63,2977.0,,,55.5315585502988,57.341302535503964,57.840067946948174,56.84970146100483,55.88844305474179,55.63495876704434,55.56449123975726,,,55.74950624554598,55.32229395998366,56.490350284804535,56.84173622678294,57.95083948758839,57.17571596742953,56.477847960540565,55.7442523699172,55.283118947639814,,57.17571596742953,56.35538656284574,"rgba(38, 166, 154, 0.5)",1.8011775227523075,56.47821184191407,0.6394639859406717,61.26078055477967,5.7368576626673615,True,False,True,False,True,1.9880401266039485,0.0,0.0,0.0,0.0,0,0.8491855564415087,0.8879712951361206,False,False,False,False,-0.054459691692210196,-0.0835600037875269,False,False,False,False,56726.0,101912.76937728643,False,False,False,False,10641.802132142095,False,False,False,False
2025-03-26 17:00:00+00:00,57.46,57.47,57.02,57.165,6741.0,,,55.55631017270879,57.340391755609225,57.836788710791346,56.851236857714845,55.89323140644629,55.640240215766816,55.56968662544614,,,55.8413786384345,55.35171438019978,56.49749795600508,56.844898401250596,57.94649555709214,57.17590099658217,56.4807893069346,55.74937683301472,55.288689123808155,,57.17590099658217,56.36653918361283,#000000,1.7628114701461841,56.495624056665974,0.3797206647847121,60.76655673235704,5.7368576626673615,True,False,True,False,True,0.5680032776485113,0.0,0.0,0.0,0.0,0,0.8444595821980027,0.8878292461398731,False,False,False,False,-0.08311296527649961,-0.08333648453201326,False,False,False,False,49985.0,101107.68768151454,False,False,False,False,10581.324579705783,False,False,False,False
2025-03-27 17:00:00+00:00,56.91,57.255,56.885,57.12,5263.0,,,55.57364425978893,57.33893299038709,57.833712444646366,56.851999969616784,55.896576890757125,55.6439972510253,55.5733981197693,,,55.8993597320028,55.37248112332156,56.50197999403512,56.84647303436879,57.94253289970089,57.17559953989434,56.482662483338856,55.75299663212214,55.29272054602908,,57.17559953989434,56.37369174442529,#000000,1.7295906717751355,56.50695230189242,0.35444669545909835,60.23765385373963,5.7368576626673615,True,False,True,False,True,0.4306125354043644,0.0,0.0,0.0,0.0,0,0.8455719242363923,0.8896536033217682,False,False,False,False,-0.09635164065313327,-0.08984406259257327,False,False,False,False,44722.0,100233.49097327399,False,False,False,False,10498.86993505918,False,False,False,False
2025-03-28 17:00:00+00:00,56.825,56.83,56.495,56.63,10446.0,,,55.597346934121944,57.33117881068183,57.824168625389866,56.8507193754466,55.9007548645765,55.649165583191255,55.57860897081514,,,55.96300138211778,55.402165916532994,56.504206517028756,56.84398691628672,57.93083203824045,57.172109881155286,56.48369322829424,55.75779892718559,55.298741488159095,,57.172109881155286,56.3805299662015,#000000,1.703581579554637,56.51866480613698,0.06535360278556565,57.73071912371227,5.7368576626673615,True,False,True,False,False,0.0,0.0,0.0,0.0,0.0,0,0.8385117864243119,0.8916785004260156,False,False,False,False,-0.1273179577684815,-0.10858101018052739,False,False,False,False,34276.0,99210.89421399841,False,False,False,False,10498.050246143534,False,False,False,False
2025-03-31 17:00:00+00:00,56.975,57.615,56.945,57.265,7190.0,,,55.622357717255696,57.330745895750475,57.82113357674054,56.85257796632303,55.90596872454519,55.654885069618736,55.58423295854074,,,56.03519182890495,55.43160990265277,56.51201806624635,56.84774001248213,57.926765667744895,57.172579422026374,56.487001172709206,55.76335894428741,55.30474993791107,,57.172579422026374,56.39080730398372,#000000,1.6749421719208557,56.5347661164119,0.4359755792348656,58.22419377793533,5.7368576626673615,True,False,True,False,False,0.8778418205883582,0.0,0.0,0.0,0.0,0,0.8394831866395854,0.8829271044910857,False,False,False,False,-0.08046886166946134,-0.09452493592499436,False,False,False,False,41466.0,98315.624536262,False,False,False,False,10446.762645428129,False,False,False,False
2025-04-01 17:00:00+00:00,57.74,58.13,57.555,58.105,12387.0,,,55.68014300721825,57.33859735772874,57.822160352591304,56.860648243219664,55.919112501358676,55.66859064123568,55.59755488638521,,,56.199256926629346,55.4974951620011,56.53635074230565,56.86373564363563,57.9267998516501,57.17848786404405,56.49731927870807,55.7769522130148,55.318429045240805,,57.17848786404405,56.417602107310444,"rgba(38, 166, 154, 0.5)",1.657991159410797,56.57555882728293,0.9224664221132421,60.860628805337726,6.1901567635920784,True,False,True,False,True,3.3458037624048735,0.0,0.0,0.0,0.0,0,0.8484797392232907,0.8718035182375096,False,False,False,False,-0.03810257051116757,-0.06631375321808097,False,False,False,False,53853.0,97626.28152019592,False,False,False,False,10476.843844723817,False,False,False,False
2025-04-02 17:00:00+00:00,58.28,58.78,58.225,58.77,7785.0,,58.59166666666667,55.72525375637451,57.348831361572685,57.826694750849086,56.86875891984265,55.92997558406199,55.67961581003652,55.60820355589749,,,56.32272826010095,55.54794107483916,56.558280384484476,56.87963842842495,57.9311870667834,57.18538234367001,56.5066890262229,55.788007109759505,55.329113127088206,,57.18538234367001,56.56635101333383,"rgba(38, 166, 154, 1.0)",1.6631754009767246,56.73910535307366,1.2210946877483089,64.10051266484308,9.339127703214189,True,False,True,False,True,5.222618283636734,0.0,0.0,0.0,0.0,0,0.85221896823609,0.8694525794097774,False,False,False,False,0.011444498019156849,-0.027434627599462063,False,False,False,False,61638.0,97068.32366716962,False,False,False,False,10435.109831627324,False,False,False,False
2025-04-03 17:00:00+00:00,58.54,58.63,58.25,58.3,11271.0,,58.4743589945424,55.783790423466634,57.36103750552975,57.8314879789976,56.87903131529792,55.94438709956486,55.69435414778374,55.62247099806473,,,56.4666864982677,55.61355493836632,56.58619604691193,56.89954243116099,57.93556035660112,57.19385463247256,56.51883043601891,55.8027378234523,55.34352551618194,,57.19385463247256,56.58537689074596,"rgba(38, 166, 154, 0.5)",1.658942075785193,56.77228330398514,0.920898154501129,64.03641070272671,9.400886674626058,True,False,True,False,True,3.7353153505113177,0.0,0.0,0.0,0.0,0,0.8582998244322372,0.8666817692699781,False,False,False,False,0.006753936271896321,-0.010340345663782871,False,False,False,False,50367.0,96344.27213744605,False,False,False,False,10448.069369121473,False,False,False,False
2025-04-04 17:00:00+00:00,54.87,55.1,54.1,54.47,23509.0,,56.31058526175653,55.7300926096552,57.29430806415861,57.77470927761354,56.846845522574455,55.92765739053707,55.68161071321139,55.61120332924557,,,56.22478536360241,55.5650537429759,56.52377941955613,56.837000370552886,57.87015903995573,57.155830717045774,56.4928410946113,55.788213883289096,55.33588109341758,,57.155830717045774,56.41003275845642,"rgba(239, 83, 80, 1.0)",1.6813986375568564,56.566998304731065,-1.247174975577531,54.103378960702656,9.466234204423614,True,False,True,False,False,0.0,0.0,0.0,0.0,0.0,0,0.8567466144558662,0.8724098547887098,False,False,False,False,-0.28921256054644756,-0.14977645310511523,False,False,False,False,26858.0,95266.96559267944,False,False,False,False,10650.564417662225,False,False,False,False
2025-04-07 17:00:00+00:00,53.7,54.41,53.26,53.785,9276.0,,55.8646423037107,55.69764419754577,57.261976495715786,57.74782730968705,56.830374472731556,55.91767130344394,55.67341187342885,55.60375559584049,,,56.11025355737985,55.53398813495411,56.49134306202347,56.805536347687074,57.83944866792771,57.13695082390771,56.47893623315775,55.779195777609544,55.33008606979064,,57.13695082390771,56.35900248391423,"rgba(255, 0, 0, 1.0)",1.721727270154152,56.50282692245803,-1.5785467126943367,46.50634220642708,2.8798788938237507,False,False,False,True,False,0.0,0.0,0.0,0.0,0.0,0,0.8519018073914222,0.8794712705691936,False,False,False,False,-0.34282825441539394,-0.24630235376025458,False,False,False,False,17582.0,94062.5475214751,False,False,False,False,10629.253341419399,False,False,False,False
2025-04-08 17:00:00+00:00,54.075,54.115,52.81,53.48,26798.0,,55.0480463680023,55.59344059332544,57.162703258165436,57.66544096112959,56.778366969431964,55.884623486946744,55.645732605202234,55.5784323252268,,,55.79090842046387,55.433040547112164,56.39014165299794,56.70798375220891,57.74578712843446,57.07796025857578,56.43438667476544,55.749032051444416,55.30977131509602,,57.07796025857578,56.235046962854675,"rgba(255, 0, 0, 1.0)",1.7578518396297698,56.34122437277917,-1.6276823269598157,41.01331051148227,-1.6719549751699887,False,True,False,True,False,0.0,0.0,0.0,0.0,0.0,0,0.8479154433352913,0.885282656275023,False,False,False,False,-0.34282825441539394,-0.2945653040878243,False,False,False,False,-9216.0,92461.32973044449,False,False,False,False,10879.931584188089,True,False,False,False
2025-04-09 17:00:00+00:00,52.875,56.055,52.745,55.61,14515.0,,55.0099158561808,55.573930726666276,57.129729081494126,57.63590450920337,56.76195621813367,55.87677856541147,55.640043808614564,55.573485492507,,54.803333333333335,55.73022313900307,55.4168020702124,56.36188102757778,56.67829693084422,57.712028722894686,57.05832037836788,56.42141769698365,55.742392807123366,55.30679573747106,54.803333333333335,57.05832037836788,56.1351797834457,#000000,1.7485202160528832,56.18940434458678,-0.3313683989852442,43.03805012804057,-1.6719549751699887,False,True,False,True,False,0.0,1.0,56.055,52.745,0.0,0,0.8503570319776472,0.8705888440442929,True,False,False,False,-0.2697156841524214,-0.2821404941201229,False,False,False,False,5299.0,91109.97578113528,False,False,False,False,10936.289234045636,False,False,False,False
2025-04-10 17:00:00+00:00,54.325,54.765,53.7,54.305,6622.0,,54.95992371244921,55.559256739025116,57.111526422375306,57.62006931618381,56.75249513544895,55.87143380312563,55.63579488227243,55.56966248165578,,54.632068410843544,55.69003992422838,55.403312194722226,56.344913782751114,56.661198701961986,57.694037083195724,57.047327590020835,56.413593403860325,55.73764942634305,55.30398838295088,54.632068410843544,57.047327590020835,56.111571744078574,"rgba(239, 83, 80, 1.0)",1.7543525665976047,56.159165623495525,-1.0568945255351372,42.12967038771485,-1.6719549751699887,False,True,False,True,False,0.0,0.0,0.0,0.0,0.0,0,0.8526235354049931,0.8809984717269487,False,False,False,False,-0.2825532915818457,-0.2823468928509843,False,False,False,False,-1323.0,89676.90638917968,False,False,False,False,10869.401028866634,False,False,False,False
2025-04-11 17:00:00+00:00,55.405,55.66,55.22,55.405,25009.0,,55.05380083076224,55.55397103969014,57.07219300622589,57.581955600968946,56.73387508614416,55.86598105788296,55.63341599045337,55.56812969216575,,55.063607210448,55.66560398341322,55.40436475896994,56.317838643571314,56.62917753849712,57.650342245345996,57.02368704157717,56.40032535664972,55.733964288697344,55.30523125696264,55.063607210448,57.02368704157717,56.12541470157922,#000000,1.7406806243638466,56.17191418372455,-0.4405829380704632,43.91260804333397,-1.6719549751699887,False,True,False,True,True,0.0,0.0,0.0,0.0,0.0,0,0.8621783574198102,0.8717458079460199,False,False,False,False,-0.19175063156165725,-0.23704876220632076,False,False,False,False,23686.0,88653.79156144046,False,False,False,False,11088.619617566375,False,False,False,False
2025-04-14 17:00:00+00:00,56.385,57.165,56.38,56.63,11888.0,,55.199163965572325,55.576021095175115,57.06837871743476,57.574929916634204,56.73381615680825,55.87097674423534,55.63933359508644,55.57406324347141,,55.40393593985136,55.710626003937094,55.43025512649683,56.32347662205905,56.63034615545073,57.64193645185174,57.021628133071324,56.402390478947225,55.7395451393922,55.31194508884973,55.40393593985136,57.021628133071324,56.158487143018064,#000000,1.71787493645404,56.21290636694744,0.24279627358293326,47.39015581222588,-1.6719549751699887,False,False,False,True,True,0.0,0.0,0.0,0.0,0.0,0,0.8700238853503189,0.862161624203822,False,False,False,False,-0.09500207077013476,-0.16602541648822777,False,False,False,False,35574.0,87830.84905661193,False,False,False,False,11101.01311186767,False,False,False,False
2025-04-15 17:00:00+00:00,56.54,56.69,56.395,56.52,6052.0,,55.25580771880656,55.585126472721605,57.0654122045786,57.57060760906915,56.73314637211554,55.87293686105402,55.64179865948628,55.576565791702656,,55.510748655452566,55.7280836342599,55.441171905785126,56.32495727958823,56.629757840160565,57.63684096874715,57.019926418825435,56.40281849319391,55.74181905057458,55.31488236432467,55.510748655452566,57.019926418825435,56.16957823891371,#000000,1.6944340042014823,56.22683998601593,0.17301353328436386,49.47238285117595,-8.262705595008647,True,False,False,False,True,0.0,0.0,0.0,0.0,0.0,0,0.8677290836653392,0.8701693227091637,False,False,False,False,-0.11152634208643605,-0.13877587928733193,False,False,False,False,29522.0,86926.83589294353,False,False,False,False,11022.733838815459,False,False,False,False
2025-04-16 17:00:00+00:00,56.58,56.64,56.16,56.49,13985.0,,55.36059413353753,55.60326568485671,57.057349446619014,57.559756849777884,56.73080466988799,55.87671096865102,55.6467798071015,55.581671023942775,,55.675415818080126,55.76082985009568,55.463247449697676,56.3266293594063,56.626949655093604,57.62413870855577,57.015197569387915,56.403019723535934,55.746335163075926,55.321036675594684,55.675415818080126,57.015197569387915,56.18776291982768,#000000,1.6698653935069458,56.25001059282114,0.1437178158862555,50.7893120265717,-6.695319421289767,True,False,False,False,True,0.0,0.0,0.0,0.0,0.0,0,0.8666037360890309,0.8695846581875999,False,False,False,False,-0.12179415081293318,-0.13028501505013257,False,False,False,False,15537.0,85820.01673181262,False,False,False,False,11068.660445965606,False,False,False,False
2025-04-17 17:00:00+00:00,57.045,57.085,56.25,56.4,9176.0,,55.42795349416668,55.61681062828699,57.053394247929624,57.55366893065485,56.730035782353596,55.87981608532925,55.650626556603534,55.58556760010248,,55.7703780645753,55.78511058602663,55.479345542173725,56.32923107395291,56.62650532327609,57.61696598873348,57.01291188185126,56.40386718905024,55.749902215105735,55.3255731415142,55.7703780645753,57.01291188185126,56.199870240649254,#000000,1.6523832828714975,56.26569641553262,0.0812787117005871,51.43102365419941,-5.658101219583564,True,False,False,False,True,0.0,0.0,0.0,0.0,0.0,0,0.8709533929718782,0.86502248801463,False,False,False,False,-0.10253880585158416,-0.11641191045085836,False,False,False,False,6361.0,84588.09399178452,False,False,False,False,11039.316873159938,False,False,False,False
2025-04-18 17:00:00+00:00,56.4,56.4,56.4,56.4,0.0,,55.42795349416668,55.61681062828699,57.053394247929624,57.55366893065485,56.730035782353596,55.87981608532925,55.650626556603534,55.58556760010248,,55.7703780645753,55.78511058602663,55.479345542173725,56.32923107395291,56.62650532327609,57.61696598873348,57.01291188185126,56.40386718905024,55.749902215105735,55.3255731415142,55.7703780645753,57.01291188185126,56.199870240649254,#000000,1.6301264942902622,56.26569641553262,0.08238844343540119,51.858831405951214,-4.736385040645381,True,False,True,False,True,0.0,0.0,0.0,0.0,0.0,0,0.8759678379988093,0.8699126464165182,False,False,False,False,-0.12179415081293318,-0.11910303063189577,False,False,False,False,6361.0,83375.2708291212,False,False,False,False,10868.164673576062,False,False,False,False
2025-04-21 17:00:00+00:00,56.23,56.615,56.065,56.57,17506.0,,55.52233281713488,55.63746100908862,57.043519695267726,57.540370578598754,56.72704967055282,55.884310881447696,55.65661429926883,55.59172070268391,,55.87838383308037,55.818977906842576,55.504469515901576,56.33092194499739,56.622909179668056,57.60146318369931,57.00701916877714,56.40398415119474,55.75531169134111,55.33303240824816,55.87838383308037,57.00701916877714,56.21443625765521,#000000,1.6106631587052842,56.28491230693289,0.1770001949360268,52.62855051132955,-3.4637277945417395,True,False,True,False,True,0.0,0.0,0.0,0.0,0.0,0,0.8738099960333207,0.8677608092026977,False,False,False,False,-0.12612497204730863,-0.12261400133960221,False,False,False,False,23867.0,82452.6619790573,False,False,False,False,10971.076849179533,False,False,False,False
2025-04-22 17:00:00+00:00,57.365,57.445,57.08,57.13,13069.0,,55.63515434785191,55.66735456127836,57.04552045667179,57.5375830301521,56.7305199069067,55.89259734167317,55.66567460930481,55.60066172457442,,56.02701312148836,55.87284270440622,55.53809178950633,56.34355119525592,56.63043081516622,57.597804249043,57.008566851435994,56.40950195812899,55.764119472055434,55.342605657771976,56.02701312148836,57.008566851435994,56.23942187737065,"rgba(38, 166, 154, 0.5)",1.5958818539890616,56.31784320453362,0.5089078451743287,54.70407162852229,-1.0301872467692235,True,False,True,False,True,0.9986182321518768,0.0,0.0,0.0,0.0,0,0.8794746457314969,0.8641188959660301,False,False,False,False,-0.05995866541190519,-0.0912863333757537,False,False,False,False,36936.0,81746.97729721146,False,False,False,False,11003.60278950233,False,False,False,False
2025-04-23 17:00:00+00:00,57.95,58.06,57.61,57.81,5257.0,,55.69226764592154,55.68365505918619,57.04910021020356,57.538586087863344,56.73362560210206,55.89741781606905,55.6707058678421,55.60557267527257,,56.10388065118069,55.90263370719818,55.556010132000466,56.35199317032782,56.63647860989909,57.59868006651513,57.010969983415684,56.41335398856494,55.769102172963656,55.347669153039604,56.10388065118069,57.010969983415684,56.25342792219809,"rgba(38, 166, 154, 0.5)",1.5880058121616345,56.33631562884493,0.9280094316210695,57.76892886603087,2.1866870575712127,True,False,True,False,True,2.7184022691754173,0.0,0.0,0.0,0.0,0,0.8828992628992633,0.8569041769041772,False,False,False,False,-0.01919460586548137,-0.05524046962061754,False,False,False,False,42193.0,81133.73733911516,False,False,False,False,10914.508172610822,False,False,False,False
2025-04-24 17:00:00+00:00,58.14,58.35,58.1,58.34,6221.0,,55.769187317755055,55.706495832449725,57.05564953098027,57.54154977001045,56.73873732295194,55.90437542731597,55.67782932642335,55.61249329832963,,56.20777821603507,55.944474151799525,55.58086375674258,56.364781498813166,56.646153826176175,57.60167642793939,57.01530825628132,56.41928547843304,55.7762123442172,55.35468534624372,56.20777821603507,57.01530825628132,56.273196507160975,"rgba(38, 166, 154, 1.0)",1.5861505529350766,56.36240017935785,1.246792000281893,60.98006130849402,5.39728685089883,True,False,True,False,True,4.030145644782795,0.0,0.0,0.0,0.0,0,0.8836054287962241,0.8557730133752953,False,False,False,False,0.008530090152421599,-0.02335518973409797,False,False,False,False,48414.0,80626.45458967151,False,False,False,False,10841.740604043212,False,False,False,False
2025-04-25 17:00:00+00:00,58.03,58.36,57.825,58.31,5636.0,,55.83241007452496,55.72605981152526,57.061044099261515,57.54385095564955,56.74304215460353,55.910382247505055,55.68400504433265,55.61850065860252,,56.289527356178745,55.97956582472039,55.60217843514894,56.37562793917203,56.65429342148468,57.6039678105687,57.018905069531826,56.42434164340849,55.78236569302987,55.36079876292759,56.289527356178745,57.018905069531826,56.28949261123202,"rgba(38, 166, 154, 1.0)",1.5953091654387892,56.38396145260275,1.207313660024951,62.98281691505015,7.422736979656406,True,False,True,False,True,3.9473936936381655,0.0,0.0,0.0,0.0,0,0.8814647776851811,0.8554831119172512,False,False,False,False,-0.0008885336652945681,-0.012121861699696267,False,False,False,False,42778.0,80039.65684409521,False,False,False,False,10761.03144739138,False,False,False,False
2025-04-28 17:00:00+00:00,58.645,58.74,58.55,58.695,8988.0,,55.94666697369584,55.76284724439456,57.073361355905504,57.55039224354488,56.75223295469585,55.92199158207189,55.695749501783666,55.62987974883218,,56.437666569393116,56.045499281589535,55.641900225149094,56.397384221733496,56.67130377606229,57.61078469159242,57.02706040283407,56.434628147882144,55.794145352132844,55.37221032916439,56.437666569393116,57.02706040283407,56.32031692235877,"rgba(38, 166, 154, 1.0)",1.6099283376137972,56.4247459731107,1.410158436153886,65.2143056529977,9.668004535433873,True,False,True,False,True,4.908484252576553,0.0,0.0,0.0,0.0,0,0.8896399706098462,0.8518246387460204,False,False,False,False,0.03840335533247402,0.013140746816388877,False,False,False,False,51766.0,79601.3055751945,False,False,False,False,10733.5425877419,False,False,False,False
2025-04-29 17:00:00+00:00,58.905,59.24,58.89,59.24,8071.0,,56.05783390566873,55.80024178300836,57.08742981496944,57.558614549519554,56.762388737643896,55.934075998568204,55.70784641389287,55.6415705791085,,56.58027663190676,56.11197416506775,55.68202091659491,56.42048291449864,56.6898213043146,57.61948813473847,57.03636392805296,56.445683100098314,55.806331198343884,55.38381937571653,56.58027663190676,57.03636392805296,56.351459080650685,"rgba(0, 255, 255, 0.75)",1.632768615374213,56.465970054505085,1.6989730935385103,67.86255969272676,12.282103659303736,True,False,True,False,True,6.2517308940433125,0.0,0.0,0.0,0.0,0,0.8960418001675957,0.8448760289840788,False,False,False,False,0.06834530806405785,0.040743027440223366,False,False,False,False,59837.0,79294.88223294343,False,False,False,False,10692.26285769939,False,False,False,False
2025-04-30 17:00:00+00:00,58.975,59.82,58.81,59.67,10960.0,,56.21096466937646,55.85432370909427,57.109090061537955,57.571828375422406,56.777833914589614,55.951921643041125,55.725615957308044,55.65872379753028,,56.772167039980374,56.20661036050673,55.739821609239996,56.4547566663622,56.71767073571703,57.633551357363714,57.050723314494135,56.46227165519209,55.824270068101185,55.400766655962336,56.772167039980374,57.050723314494135,56.3957173106011,"rgba(0, 255, 255, 0.75)",1.6485213194072479,56.52460045011573,1.9080126613195716,70.45559410913566,14.817193729258776,True,False,True,False,True,7.296327040051036,0.0,0.0,0.0,0.0,0,0.8964047805642641,0.8384600313479628,False,False,False,False,0.08622272529152818,0.06348287636587577,False,False,False,False,70797.0,79163.13212080477,False,False,False,False,10696.41382114591,False,False,False,False
2025-05-01 17:00:00+00:00,59.345,59.54,59.155,59.155,11811.0,,56.35416526245865,55.908462564682516,57.13051095416166,57.58473047577166,56.79335065341604,55.97013040868637,55.743809371136635,55.676308285826195,,56.941876165844626,56.298268556539796,55.79769884325971,56.489012649683076,56.74543333247824,57.64722152144867,57.06504412749979,56.47905106372549,55.84260896732079,55.41819828196385,56.941876165844626,57.06504412749979,56.43810452699466,"rgba(0, 255, 255, 0.75)",1.6509668202120582,56.58084753453234,1.559178799933136,69.39024575501391,14.817193729258776,True,False,True,False,True,5.795988900237596,0.0,0.0,0.0,0.0,0,0.8957804258644273,0.8420101582340301,False,False,False,False,0.0885505904571266,0.07601673341150118,False,False,False,False,58986.0,78850.30836699385,False,False,False,False,10713.694227019616,False,False,False,False
2025-05-02 17:00:00+00:00,59.97,60.15,59.83,60.05,3710.0,,56.406916548366816,55.92870327632694,57.13939457819385,57.59045978599707,56.79959595016015,55.97705448420475,55.75065121561186,55.68290233897957,,57.00565358927812,56.33267989674491,55.819199814996736,56.50235619421191,56.75649192031526,57.65335530607782,57.07096583129226,56.48563570469105,55.849537537284526,55.424664901297795,57.00565358927812,57.07096583129226,56.454234381890636,"rgba(0, 255, 0, 1.0)",1.677098314576826,56.60221901479186,2.0558013535885657,70.62339554500952,15.218283078212039,True,False,True,False,True,7.963250689737002,0.0,0.0,0.0,0.0,0,0.8938608188867491,0.8431372549019609,False,False,False,False,0.13480091250299114,0.10540882295724616,False,False,False,False,62696.0,78599.85397370713,False,False,False,False,10605.109820399157,False,False,False,False
2025-05-05 17:00:00+00:00,60.29,60.345,60.04,60.1,5032.0,,56.47899024211607,55.95684774915359,57.15198851523705,57.59867193395911,56.808426357940554,55.98675976194524,55.76022524133228,55.69212643899267,,57.0921950904956,56.3802296897545,55.84905677405427,56.52106931050942,56.77206553583071,57.66215620833042,57.07937220585348,56.49491018223769,55.859239500056624,55.433695897836174,57.0921950904956,57.07937220585348,56.476557035313085,"rgba(0, 255, 0, 1.0)",1.703959691609606,56.63179081776069,2.0353821744240617,71.54477457963107,16.36060622166059,True,False,True,False,True,8.082715310986888,0.0,0.0,0.0,0.0,0,0.8867896311066805,0.8485044865403791,False,False,False,False,0.14948814426114895,0.12744848360919755,False,False,False,False,67728.0,78431.29809814578,False,False,False,False,10518.705016982116,False,False,False,False
2025-05-06 17:00:00+00:00,59.915,60.075,59.835,59.845,7888.0,,56.57945699014325,55.99771071796126,57.16994134451812,57.61022777820933,56.82117791399242,56.00100170881763,55.774324715954165,55.70572656659772,,57.208668676461365,56.44778952248156,55.8924474870475,56.548086170943876,56.79446148757914,57.67449757022287,57.09142505592599,56.5083961755006,55.873505236124615,55.44705846089691,57.208668676461365,57.09142505592599,56.50810575440991,"rgba(0, 255, 255, 0.75)",1.7222278469344379,56.673607452496356,1.841447723162017,70.69837631250519,16.36060622166059,True,False,True,False,True,7.3192803760121805,0.0,0.0,0.0,0.0,0,0.87693851944793,0.8579673776662485,False,False,False,False,0.1322684005435045,0.12985844207635103,False,False,False,False,59840.0,78143.06091832956,False,False,False,False,10477.91889268782,False,False,False,False
2025-05-07 17:00:00+00:00,60.495,60.715,60.255,60.47,11635.0,,56.74057751387558,56.064886570609346,57.20132649712789,57.63116140198649,56.84317361666552,56.02480675271471,55.79774336588527,55.728281544971075,,57.39613728937945,56.55824764732334,55.96348415844966,56.59367352087319,56.83275613942493,57.69695241276009,57.112513071451424,56.53134030302457,55.89726212665271,55.469081601222776,57.39613728937945,57.112513071451424,56.560189196355445,"rgba(0, 255, 0, 1.0)",1.7630635908057593,56.74255142,2.1141883931120566,71.59463243189897,16.95081501591676,True,False,True,False,True,8.839731171662955,0.0,0.0,0.0,0.0,0,0.8809928936042443,0.8494645180662597,False,False,False,False,0.17081835098286552,0.1503383965296083,False,False,False,False,71475.0,78039.6801288981,False,False,False,False,10495.858134661652,False,False,False,False
2025-05-08 17:00:00+00:00,60.375,60.395,59.94,59.96,13001.0,,56.88872301651673,56.131320099964995,57.23169835241116,57.651108568667425,56.86489420619445,56.04885577677723,55.82152654468236,55.751229579939995,,57.55875787691947,56.66339158080704,56.03381105194992,56.6384970731872,56.87023567555224,57.718238896369876,57.133132805374686,56.5542186040798,55.921333112829295,55.49160636288289,57.55875787691947,57.133132805374686,56.60958773250592,"rgba(0, 255, 255, 0.75)",1.783559221190922,56.807925239274,1.7672947011096676,69.38220658592186,16.95081501591676,True,False,True,False,False,7.300256060720265,0.0,0.0,0.0,0.0,0,0.8744109094555305,0.8571142083625791,False,False,False,False,0.1476715641826144,0.14900498035611134,False,False,False,False,58474.0,77736.33625093068,False,False,False,False,10534.697543426588,False,False,False,False
2025-05-09 17:00:00+00:00,62.39,62.86,61.725,62.005,28092.0,,57.35070519235476,56.33976201369732,57.34167889146737,57.72915506150202,56.94067512476247,56.12629272844637,55.896806383869475,55.82354271428028,,58.09245441524253,56.99708291292954,56.25227272038986,56.78796879163224,56.99913113565987,57.802404517448736,57.20757966367105,56.631347565251104,55.998075051571455,55.56136786015696,58.09245441524253,57.20757966367105,56.77101681912964,"rgba(0, 255, 0, 1.0)",1.8697956890843963,57.020718837258855,2.6656822410270165,71.89408478300683,17.410897503268274,True,False,True,False,True,12.031174372190058,0.0,0.0,0.0,0.0,0,0.8787611918391316,0.8442193845100057,False,False,False,False,0.30694741496372796,0.22797619765991967,False,False,False,False,86566.0,77873.23026254415,False,False,False,False,10806.903783063384,False,False,False,False
2025-05-12 17:00:00+00:00,62.21,62.605,62.16,62.47,6394.0,,57.44901629516208,56.386888005075484,57.36711274136363,57.74738314848514,56.958316871612354,56.14426096799782,55.914269363360546,55.8403233705095,,58.202694171011004,57.07039861701707,56.30157094050474,56.82218162200632,57.0287798955615,57.822037069974485,57.22493672765689,56.64927600853685,56.01587751335269,55.5775518407398,58.202694171011004,57.22493672765689,56.80682639832933,"rgba(0, 255, 0, 1.0)",1.9640544409070029,57.06781255462378,2.750528362585247,74.18649584456081,19.66577213332718,True,False,True,False,True,13.035865064738122,0.0,0.0,0.0,0.0,0,0.8780141843971636,0.8483247737833214,False,False,False,False,0.3139815550160526,0.2709788763379861,False,False,False,False,92960.0,78107.13366932642,False,False,False,False,10738.486670147673,False,False,False,False
2025-05-13 17:00:00+00:00,62.645,62.69,62.4,62.44,3143.0,,57.49688470257799,56.41015958017119,57.3797634348263,57.7564791261308,56.967102728430206,56.15319371707099,55.92294849041927,55.848663643985674,,58.256064071076494,57.10636441791011,56.3259009034283,56.839140131859786,57.043499188169974,57.83183181059146,57.233587247889915,56.65819780177555,56.024726200173724,55.585593212780545,58.256064071076494,57.233587247889915,56.824450022737125,"rgba(0, 255, 0, 1.0)",2.0560006265991873,57.090972227679586,2.6016664115361636,75.56262595994794,21.061094869468107,True,False,True,False,True,12.94349043515344,0.0,0.0,0.0,0.0,0,0.8779127172195899,0.8525375197472358,False,False,False,False,0.32675923762808384,0.298869056983035,False,False,False,False,89817.0,78288.68198453066,False,False,False,False,10620.72718688957,False,False,False,False
2025-05-14 17:00:00+00:00,61.98,63.01,61.87,63.005,33590.0,,57.96796989076862,56.652871269007925,57.51420832208508,57.85393060025138,57.06125960578645,56.24886604506761,56.01593876253737,55.93807324106383,,58.76734000926019,57.47080748758716,56.57924751089724,57.0179135516453,57.19930980381082,57.93659487368222,57.32633370969084,56.75377227874087,56.11950835226639,55.671831486134835,58.76734000926019,57.32633370969084,57.005320933349125,"rgba(0, 255, 0, 1.0)",2.1618350709232073,57.327872902797424,2.626068553313909,77.27042914474112,22.790462256683583,True,False,True,False,True,14.170113695656237,0.0,0.0,0.0,0.0,0,0.878147526414536,0.8456601165201938,False,False,False,False,0.3184913527593843,0.3086802048712096,False,False,False,False,123407.0,78988.19079097203,False,False,False,False,10976.83994368198,False,False,False,False
2025-05-15 17:00:00+00:00,62.955,63.16,62.955,63.01,6450.0,,58.05586091565056,56.70039971188403,57.54126332307354,57.87378042995342,57.08029828742005,56.26808391970643,56.034598257220715,55.956016652294124,,58.86120896762353,57.540524428646535,56.62874832206927,57.053422199678906,57.23044159938402,57.95791636233031,57.34513926851424,56.77304218955,56.138534079369734,55.68911953245787,58.86120896762353,57.34513926851424,57.04046658037929,"rgba(0, 255, 0, 1.0)",2.2667231637102434,57.373732340625196,2.486526696162218,78.41596542160858,24.014444670936882,True,False,True,False,True,14.180969420469946,0.0,0.0,0.0,0.0,0,0.8856491123673514,0.8473668551026483,False,False,False,False,0.34282824669619005,0.32575422578369984,False,False,False,False,129857.0,79776.85449963913,False,False,False,False,10906.656378663654,False,False,False,False
2025-05-16 17:00:00+00:00,62.945,63.08,62.72,62.84,13685.0,,58.22688181680806,56.79642346346132,57.59613633091968,57.91409503446439,57.119209369182805,56.307535989455495,56.0729559257594,55.992926877500885,,59.04012783601075,57.67863240997648,56.72871791485927,57.12539486554589,57.293600299315585,58.001149649118624,57.38351132998404,56.81249425538581,56.1776194205384,55.7247317607439,59.04012783601075,57.38351132998404,57.11067469716837,"rgba(0, 255, 0, 1.0)",2.3590623098980785,57.46511409889882,2.278399293884441,78.10536536006991,24.014444670936882,True,False,True,False,True,13.632204660518891,0.0,0.0,0.0,0.0,0,0.8880830559833099,0.8457602702299939,False,False,False,False,0.3307184914699441,0.328236358626822,False,False,False,False,116172.0,80341.12032135016,False,False,False,False,10949.731473568094,False,False,False,False
2025-05-19 17:00:00+00:00,63.315,63.345,63.11,63.215,2200.0,,58.25519579281773,56.812438017496184,57.60541900829978,57.92095940534728,57.12578595829837,56.31416343565275,56.079391229739535,55.999117855357625,,59.06985480071234,57.701592525529335,56.74537186187754,57.13748005314956,57.30423810090736,58.008513186205334,57.39001265928902,56.819145252914986,56.184180236474134,55.73069702394775,59.06985480071234,57.39001265928902,57.12241980022314,"rgba(0, 255, 0, 1.0)",2.458157035058722,57.48038089984453,2.3328937160511707,78.574999689119,24.614906498449145,True,False,True,False,True,14.47057678876682,0.0,0.0,0.0,0.0,0,0.8872819442373646,0.8453357189006515,False,False,False,False,0.3428282468305746,0.3355323027286983,False,False,False,False,118372.0,80930.74636287961,False,False,False,False,10814.076722039905,False,False,False,False
2025-05-20 17:00:00+00:00,63.495,63.53,63.315,63.45,4599.0,,58.31579949714545,56.846738828494246,57.62544139053449,57.93581343808158,57.139956511364645,56.32839338010366,56.09319781518628,56.01239786448876,,59.13370244707205,57.750768578837786,56.781022571241856,57.16344904878017,57.32713148919172,58.02445173207533,57.40404046026336,56.833455227684816,56.1982606827118,55.74348240994213,59.13370244707205,57.40404046026336,57.1476390762889,"rgba(0, 255, 0, 1.0)",2.5580889632973722,57.51314622085222,2.320815993629552,79.2962068024333,25.57997820130805,True,False,True,False,True,14.994775434487376,0.0,0.0,0.0,0.0,0,0.8841390331602083,0.846434278865362,False,False,False,False,0.3428282469790725,0.33918027485388536,False,False,False,False,122971.0,81582.5332409745,False,False,False,False,10717.718943403626,False,False,False,False
2025-05-21 17:00:00+00:00,63.24,63.285,62.905,63.095,10938.0,,58.445269073530106,56.922808390302826,57.66978370662014,57.968677216477474,57.17161466231313,56.36041629024795,56.12433028183662,56.04236783712923,,59.266971002769196,57.85766864903383,56.860088154941735,57.221088185804696,57.377933345573,58.059648364668334,57.435294208564116,56.86551779069437,56.229981562583,55.772396429147236,59.266971002769196,57.435294208564116,57.20288084179094,"rgba(0, 255, 0, 1.0)",2.6411204232464995,57.5847380412152,2.086334992636008,77.29550284431765,25.57997820130805,True,False,True,False,False,13.809220096250382,0.0,0.0,0.0,0.0,0,0.8813677599441737,0.8451799421792447,False,False,False,False,0.31866375982874456,0.328922017341315,False,False,False,False,112033.0,82054.63350080435,False,False,False,False,10721.134153583414,False,False,False,False
2025-05-22 17:00:00+00:00,63.075,63.42,62.99,63.125,3750.0,,58.488823597014715,56.94880998037355,57.685052027590366,57.98002970970952,57.18254265559499,56.37146040370232,56.13506699015794,56.05270520574271,,59.31157061641829,57.89390828491389,56.8870974824951,57.24086897292453,57.39539583187821,58.07180086494848,57.44608702533812,56.87658075324353,56.240920931671056,55.78236928643808,59.31157061641829,57.44608702533812,57.22172725667531,"rgba(0, 255, 0, 1.0)",2.7172593174369424,57.60912125823785,2.0299419736519697,76.03905669744984,25.57997820130805,True,False,True,False,False,13.87865283187784,0.0,0.0,0.0,0.0,0,0.8807005288893331,0.8487176928450257,False,False,False,False,0.32673872897907286,0.3278303731601939,False,False,False,False,115783.0,82577.5539116446,False,False,False,False,10613.054554303051,False,False,False,False
2025-05-23 17:00:00+00:00,63.625,63.92,63.61,63.64,6279.0,,58.568253760151045,56.99563327657079,57.71294634035086,58.000909274781485,57.20240688145893,56.391346979510615,56.154356974534124,56.07126594469556,,59.39422403367227,57.95964045673579,56.93568179382991,57.27671075190135,57.42713428820802,58.09417826705215,57.46577753581882,56.89661254048183,56.26059381321104,55.80023391198965,59.39422403367227,57.46577753581882,57.255994823608575,"rgba(0, 255, 0, 1.0)",2.8015862511302774,57.653450991315545,2.1368426570016292,76.46956864600855,25.57997820130805,True,False,True,False,False,15.069849728899541,0.0,0.0,0.0,0.0,0,0.8833035003977732,0.8431782020684173,False,False,False,False,0.34282824722628835,0.33532931019324114,False,False,False,False,122062.0,83189.71586650283,False,False,False,False,10545.859910050289,False,False,False,False
2025-05-26 17:00:00+00:00,63.64,63.64,63.64,63.64,0.0,,58.568253760151045,56.99563327657079,57.71294634035086,58.000909274781485,57.20240688145893,56.391346979510615,56.154356974534124,56.07126594469556,,59.39422403367227,57.95964045673579,56.93568179382991,57.27671075190135,57.42713428820802,58.09417826705215,57.46577753581882,56.89661254048183,56.26059381321104,55.80023391198965,59.39422403367227,57.46577753581882,57.255994823608575,"rgba(0, 255, 0, 1.0)",2.8844273043142468,57.653450991315545,2.0754723129025843,76.75657661171437,25.57997820130805,True,False,True,False,False,15.069849728899541,0.0,0.0,0.0,0.0,0,0.8892454249185267,0.8433692654800706,False,False,False,False,0.3338681958422011,0.33459875301772113,False,False,False,False,122062.0,83792.38693833999,False,False,False,False,10382.358206018502,False,False,False,False
2025-05-27 17:00:00+00:00,64.575,64.635,64.21,64.275,16689.0,,58.793307126153735,57.128721067817324,57.793733370932856,58.061894951874464,57.25982711321881,56.44832424711879,56.209516736216315,56.12431849313059,,59.63039990601814,58.14626790564081,57.07357015689494,57.3794899334392,57.51851600988295,58.15957225469956,57.522892010659234,56.954305378574354,56.31689393211698,55.85119154830695,59.63039990601814,57.522892010659234,57.35404123014977,"rgba(0, 255, 0, 1.0)",2.983494198189484,57.78008313881887,2.1769497206069786,78.33208940375974,25.57997820130805,True,False,True,False,True,16.532759619935568,0.0,0.0,0.0,0.0,0,0.8885524225575862,0.83905877680699,False,False,False,False,0.342828247657569,0.338713500337645,False,False,False,False,138751.0,84644.4584586758,False,False,False,False,10480.135598173254,False,False,False,False
2025-05-28 17:00:00+00:00,63.9,64.07,63.665,63.765,10266.0,,58.91070106516374,57.20230266397839,57.83846275709329,58.09567256786165,57.29204698288319,56.48060991778239,56.240861053163314,56.15450313349262,,59.74955616249707,58.246272896486545,57.149790251867636,57.43647891012871,57.56920848102496,58.19568872112849,57.55482570453314,56.98680304823594,56.348844228103594,55.88027036841607,59.74955616249707,57.55482570453314,57.407383272991154,"rgba(0, 255, 255, 0.75)",3.0596154471901142,57.848647540794545,1.9336915247433817,75.52541343183057,28.688470826800682,True,False,True,False,False,14.73754340963654,0.0,0.0,0.0,0.0,0,0.8839781746031753,0.8442460317460321,False,False,False,False,0.3057638904062386,0.32223869537194183,False,False,False,False,128485.0,85324.15677714594,False,False,False,False,10476.815666418628,False,False,False,False
2025-05-29 17:00:00+00:00,64.325,64.42,64.05,64.13,4826.0,,58.96798957669391,57.23821981670007,57.86053383331081,58.11242105540439,57.307927425421894,56.49644193292212,56.25621428994932,56.16928493610902,,59.80808957856973,58.29508562806466,57.18696347026975,57.46443859632592,57.59413710371202,58.21360244279092,57.570596367277794,57.00278668413297,56.36450147558449,55.89449396737457,59.80808957856973,57.570596367277794,57.433540454478575,"rgba(0, 255, 255, 0.75)",3.1321504543153966,57.88223571961715,1.9947203595455756,74.683344426186,27.86426743353981,True,False,True,False,False,15.588499862944577,0.0,0.0,0.0,0.0,0,0.884487795217112,0.842105263157895,False,False,False,False,0.3302094179362339,0.3262240566540878,False,False,False,False,133311.0,86068.13884261654,False,False,False,False,10389.206121202835,False,False,False,False
2025-05-30 17:00:00+00:00,64.645,65.145,64.545,64.645,13457.0,,59.13832695392519,57.344613023368964,57.926817879748675,58.16303245070266,57.35550949352859,56.54353609282478,56.30180880692879,56.2131654136544,,59.983921146717826,58.43998980215516,57.29695785437313,57.547785900728755,57.66866913108169,58.26776540797558,57.61798114923548,57.05053570415396,56.41103095789351,55.93664386056215,59.983921146717826,57.61798114923548,57.51156061275329,"rgba(0, 255, 0, 1.0)",3.210903229552274,57.98232878505244,2.0750146418696636,75.38250594851095,27.86426743353981,True,False,True,False,False,16.772300115521386,0.0,0.0,0.0,0.0,0,0.888992858901749,0.8332430435853242,False,False,False,False,0.3428282479084086,0.3345261522812482,False,False,False,False,146768.0,87009.22196133566,False,False,False,False,10436.76881699814,False,False,False,False
2025-06-02 17:00:00+00:00,64.665,65.28,64.545,65.175,10144.0,,59.26506231887454,57.425182249220576,57.977539293287535,58.20194007317294,57.39203770881233,56.57962965152458,56.33674752627234,56.246796755605786,,60.11421224528464,58.54868183956408,57.380183251463784,57.61125676554246,57.725557756063374,58.30937687809824,57.6543834804904,57.08716483708826,56.44668672290187,55.96894332616889,60.11421224528464,57.6543834804904,57.570632371079824,"rgba(0, 255, 0, 1.0)",3.297555471874547,58.05791993421265,2.1582897168797386,76.92851792194782,27.86426743353981,True,False,True,False,True,17.9657016121319,0.0,0.0,0.0,0.0,0,0.8886643666830957,0.8379990142927553,False,False,False,False,0.34282824794676847,0.33867720011400837,False,False,False,False,156912.0,88092.9859619351,False,False,False,False,10432.229765571812,False,False,False,False
2025-06-03 17:00:00+00:00,64.575,65.0,64.48,64.9,7385.0,,59.350731390512784,57.481207903037046,58.01293681518707,58.22913538873246,57.41769558738021,56.60507297310069,56.36140486522576,56.270545174398926,,60.20105230377705,58.623109673664,57.43803746683054,57.65551517791381,57.76526046424712,58.338422809292766,57.679920682359366,57.112928886583056,56.47183634368599,55.991778637791384,60.20105230377705,57.679920682359366,57.61147736354,"rgba(0, 255, 0, 1.0)",3.373820343721845,58.110031632915124,2.0125459198560933,75.95035603569286,27.86426743353981,True,False,True,False,True,16.96771869922997,0.0,0.0,0.0,0.0,0,0.884073726342838,0.8429114987399319,False,False,False,False,0.33171034848941466,0.3351937743017115,False,False,False,False,149527.0,89045.4512958586,False,False,False,False,10384.985893237365,False,False,False,False
2025-06-04 17:00:00+00:00,64.79,65.06,64.77,64.82,5430.0,,59.41306080234361,57.52236198028656,58.03907240399642,58.24926087670928,57.43667678662342,56.62388498078941,56.37963577245638,56.28810625467027,,60.26408651482131,58.67749440708725,57.480516881771386,57.68811678426278,57.794539653513255,58.35990952999368,57.698817375987595,57.131983594090116,56.49043069063003,56.00866451914212,60.26408651482131,57.698817375987595,57.641478878287494,"rgba(0, 255, 255, 0.75)",3.446377177362966,58.14825274241258,1.9358726321105615,74.70494707850835,27.794664185025,True,False,True,False,False,16.675582583706674,0.0,0.0,0.0,0.0,0,0.8906412736199977,0.8404007340177554,False,False,False,False,0.3428282479481806,0.339011011124946,False,False,False,False,144097.0,89898.96367886855,False,False,False,False,10308.164406520506,False,False,False,False
2025-06-05 17:00:00+00:00,64.905,65.285,64.905,65.2,4679.0,,59.46802561094134,57.558635009580456,58.06224024055268,58.267146687636696,57.45349475384504,56.64050880524186,56.39573666286524,56.30361381943012,,60.319885649187455,58.72543791532614,57.517941030086185,57.71692942948534,57.820448053294356,58.37900750259292,57.715577532556985,57.14884824851521,56.50685648817844,56.02356662208944,60.319885649187455,57.715577532556985,57.667994447855875,"rgba(0, 255, 255, 0.75)",3.513493696444414,58.64541460569115,1.865546365129945,74.92962168780332,27.794664185025,True,False,True,False,False,17.559948890343158,0.0,0.0,0.0,0.0,0,0.8948151823368896,0.8354254527412553,False,False,False,False,0.34282824804825357,0.3409196295865998,False,False,False,False,148776.0,90811.78594741321,False,False,False,False,10220.890539752745,False,False,False,False
2025-06-06 17:00:00+00:00,65.02,65.28,65.005,65.24,8278.0,,59.563475275030534,57.622344777491364,58.10311825534522,58.29876919958834,57.483242733143726,56.66991580292638,56.424223401895134,56.33105587748083,,60.416426742988705,58.80911995327093,57.58364798520522,57.76766756383231,57.866118631064985,58.41275612111307,57.74522367923889,57.17867855919392,56.5359150752016,56.049941906104216,60.416426742988705,57.74522367923889,57.71453564111752,"rgba(0, 255, 255, 0.75)",3.5674792536502444,58.70452000408072,1.8319601968903314,75.18863002741095,27.794664185025,True,False,True,False,False,17.653347448084865,0.0,0.0,0.0,0.0,0,0.8992035838725739,0.8301642608262816,False,False,False,False,0.3428282480741473,0.34187393883037354,False,False,False,False,157054.0,91838.79701799595,False,False,False,False,10190.768205803091,False,False,False,False
2025-06-09 17:00:00+00:00,65.065,65.26,64.985,65.055,4144.0,,59.60944575015676,57.653526724903344,58.12319081817425,58.31431957884655,57.497904393395004,56.68443193177491,56.43829302530172,56.34461385231349,,60.46258854005626,58.849717147241236,57.615798589607024,57.79255429905454,57.888536690123814,58.42933924283886,57.75982740421128,57.193389318484826,56.550263210700905,56.062980404297804,60.46258854005626,57.75982740421128,57.737262273415695,"rgba(0, 255, 255, 0.75)",3.6179435413599466,58.73154951771583,1.7478024214571524,73.72698243504954,26.467360820960934,True,False,True,False,False,16.94775787045141,0.0,0.0,0.0,0.0,0,0.9029664402716745,0.8280563324011188,False,False,False,False,0.3415605286403644,0.341717233735369,False,False,False,False,152910.0,92785.6373743061,False,False,False,False,10097.019861527075,False,False,False,False
2025-06-10 17:00:00+00:00,64.765,64.91,64.7,64.745,8388.0,,59.6949915956782,57.71321724780115,58.16165128823873,58.34412785259982,57.52618686290305,56.712567907302684,56.465601955759446,56.37094631481815,,60.54713418975617,58.92624658230546,57.67733717698394,57.840265473168124,57.931527534387946,58.46108195527863,57.78794951138277,57.22181956261527,56.578094454405665,56.08834145824312,60.54713418975617,57.78794951138277,57.78050494020158,"rgba(0, 255, 255, 0.75)",3.659030654877466,58.77709338283344,1.6310075481907698,70.1846681537366,23.12360053406789,False,False,True,False,False,15.765866691322483,0.0,0.0,0.0,0.0,0,0.9046880472307004,0.8244358833241607,False,False,False,False,0.32157343146668804,0.3316453326010285,False,False,False,False,144522.0,93587.75152354166,False,False,False,False,10070.523429565414,False,False,False,False
2025-06-11 17:00:00+00:00,64.705,65.04,64.655,64.72,4188.0,,59.73681723393233,57.74273060780501,58.180745759753414,58.35895400725579,57.54026453728988,56.726577364971334,56.47920272923615,56.38406341412514,,60.588314031182094,58.963850548729944,57.70775406976271,57.86391196972339,57.95285427004878,58.47686197425582,57.80194624095836,57.23597212300708,56.59195356694737,56.10097771626351,60.588314031182094,57.80194624095836,57.801875120291555,"rgba(0, 255, 255, 0.75)",3.6833928762868573,58.80125179388928,1.6068739895260027,67.61752973092214,20.82269321475036,False,False,True,False,False,15.669959315568175,0.0,0.0,0.0,0.0,0,0.9069406940694074,0.8198819881988196,False,False,False,False,0.32423419957781263,0.32793976608942055,False,False,False,False,140334.0,94312.49956193638,False,False,False,False,9979.32151592874,False,False,False,False
2025-06-12 17:00:00+00:00,64.685,64.98,64.665,64.97,6564.0,,59.80185634150151,57.78892893941922,58.2107523288193,58.38229406838099,57.56242122266192,56.748617955004214,56.500600649766845,56.40470252884841,,60.65227346315125,59.02249202566304,57.75535163794046,57.901005495080035,57.986338071609914,58.501696123157764,57.82397958839687,57.258242396909225,56.61375730327854,56.12086055601649,60.65227346315125,57.82397958839687,57.83534281642255,"rgba(0, 255, 255, 0.75)",3.710304245556459,58.84068634899006,1.6519706324220005,67.14504958883302,20.43964245375504,False,False,True,False,False,16.30283801178496,0.0,0.0,0.0,0.0,0,0.9098590140985905,0.818868113188681,False,False,False,False,0.3226685067975777,0.3253041364434991,False,False,False,False,146898.0,95127.7786384955,False,False,False,False,9926.37079475155,False,False,False,False
2025-06-13 17:00:00+00:00,64.675,64.68,64.195,64.225,3411.0,,59.831705601564266,57.81100549011197,58.2250651493959,58.39341814068869,57.57309036119286,56.75931525048296,56.51100890152465,56.41475079011184,,60.68087338779519,59.049916438367845,57.778099396888514,57.918741359667834,58.00234354679801,58.51350817723992,57.83455859167241,57.268999758648725,56.62435226966634,56.13056296676266,60.68087338779519,57.83455859167241,57.85118419881004,"rgba(38, 166, 154, 1.0)",3.7307087907099867,58.85666584290026,1.438958240446875,61.328253464619344,15.129977031265895,False,True,True,False,False,13.434324615269741,0.0,0.0,0.0,0.0,0,0.9078166309173447,0.8189255250162117,False,False,False,False,0.2987438750844169,0.312024005763958,False,False,False,False,143487.0,95877.5340084413,False,False,False,False,9825.357294057729,False,False,False,False
2025-06-16 17:00:00+00:00,64.91,64.925,64.62,64.68,7553.0,,59.901783882880764,57.86213262490661,58.2584432341867,58.419440876029945,57.59789396445769,56.784058149446366,56.5350537429164,56.437955742863295,,60.74894773989353,59.11386535852626,57.830752507061014,57.959933832543484,58.03957190260471,58.54116004887538,57.85920028034954,57.293956791327176,56.64884136867174,56.152940543601815,60.74894773989353,57.85920028034954,57.88810736617458,"rgba(0, 255, 255, 0.75)",3.759442254252984,58.89973527205801,1.537532521320921,59.90282626017155,14.01958725370072,False,True,True,False,False,14.616601519557438,0.0,0.0,0.0,0.0,0,0.9212444087048304,0.8080615168115796,False,False,False,False,0.3195416946867794,0.31578285022536867,False,False,False,False,151040.0,96732.76603931819,False,False,False,False,9790.126948413423,False,False,False,False
2025-06-17 17:00:00+00:00,63.925,64.26,63.815,64.24,5550.0,,59.94540829582308,57.895790492658456,58.280365348414534,58.436515042886285,57.614396112076534,56.800695039015466,56.55126894588502,56.45362359906012,,60.78978511479836,59.15473392672196,57.8654198947629,57.98707477414461,58.064092624507964,58.55925254397205,57.87553075318542,57.31063079775048,56.66533390245809,56.1680963428773,60.78978511479836,57.87553075318542,57.912111863944375,"rgba(38, 166, 154, 1.0)",3.766355806753096,59.27781507554128,1.3175029601721362,56.34204333689989,10.85183613621993,False,True,True,False,False,12.950000632318016,0.0,0.0,0.0,0.0,0,0.9149545386045111,0.810518912945195,False,False,False,False,0.27423374338964196,0.2950082968075053,False,False,False,False,145490.0,97488.69214723574,False,False,False,False,9724.38854611244,False,False,False,False
2025-06-18 17:00:00+00:00,64.43,64.53,63.98,64.06,4767.0,,59.982912639864544,57.924803274472,58.2993367157508,58.45131739447375,57.628688191786026,56.815090118365156,56.56529723409959,56.46717891826422,,60.824955095894495,59.18989976837506,57.89529346494535,58.01051720497455,58.085290335951164,58.574935601851145,57.889679745164294,57.32506573435583,56.67960269829583,56.181206819293784,60.824955095894495,57.889679745164294,57.9328372753432,"rgba(38, 166, 154, 1.0)",3.7784412249087307,59.301124973219245,1.2594810249815938,52.99327456640408,7.909092886507061,False,True,False,False,False,12.272492874178166,0.0,0.0,0.0,0.0,0,0.9151527351416641,0.813346082230386,False,False,False,False,0.28751949956847017,0.2912638981879877,False,False,False,False,140723.0,98158.9914937902,False,False,False,False,9647.529808963407,False,False,False,False
2025-06-19 17:00:00+00:00,64.06,64.06,64.06,64.06,0.0,,59.982912639864544,57.924803274472,58.2993367157508,58.45131739447375,57.628688191786026,56.815090118365156,56.56529723409959,56.46717891826422,,60.824955095894495,59.18989976837506,57.89529346494535,58.01051720497455,58.085290335951164,58.574935601851145,57.889679745164294,57.32506573435583,56.67960269829583,56.181206819293784,60.824955095894495,57.889679745164294,57.9328372753432,"rgba(38, 166, 154, 1.0)",3.7755824227038577,59.301124973219245,1.260434681061133,50.76076205274022,5.963055224706544,False,True,False,False,False,12.272492874178166,0.0,0.0,0.0,0.0,0,0.9161703845765622,0.8120016150196828,False,False,False,False,0.27560368620303227,0.28343379219551,False,False,False,False,140723.0,98818.89860241362,False,False,False,False,9497.955703398082,False,False,False,False
2025-06-20 17:00:00+00:00,64.135,64.285,63.985,64.08,6646.0,,60.03321498802538,57.96434018557021,58.32525686408597,58.47156560463519,57.648288836249705,56.83486729837861,56.58458197640708,56.485819527239066,,60.8717485068279,59.23740786498649,57.93599458102621,58.04252136688104,58.114247767334156,58.59637152438267,57.909071949906334,57.344875757738016,56.69921236243133,56.199246958508944,60.8717485068279,57.909071949906334,57.961035217811904,"rgba(38, 166, 154, 1.0)",3.7757867839481536,59.328942376759,1.2582960572453326,49.42076698462762,4.7323118417190955,False,True,False,False,False,12.328346955738024,0.0,0.0,0.0,0.0,0,0.9150661328738663,0.8107231541073328,False,False,False,False,0.28017749054263036,0.28180564136907016,False,False,False,False,147369.0,99571.61335276379,False,False,False,False,9453.739335903538,False,False,False,False
2025-06-23 17:00:00+00:00,64.19,64.885,64.19,64.79,5868.0,,60.08199010369112,58.00166257124004,58.349930397137896,58.490912159735316,57.666840250103895,56.85344530378175,56.60266363514027,56.50328687134263,,60.91823185497356,59.28286262455945,57.974391246135276,58.072827680236315,58.14171690435513,58.61687956247423,57.92747869109092,57.36356817445587,56.71761365164172,56.216118842393534,60.91823185497356,57.92747869109092,57.9879122513605,"rgba(38, 166, 154, 1.0)",3.7611067675774406,59.36758601337118,1.441707008525431,52.941928406656935,4.7323118417190955,False,True,True,False,True,14.286665120683033,0.0,0.0,0.0,0.0,0,0.9154518950437319,0.8046144566200862,False,False,False,False,0.304925199693638,0.29336542053135406,False,False,False,False,153237.0,100403.63485117054,False,False,False,False,9398.146477982551,False,False,False,False
2025-06-24 17:00:00+00:00,65.17,65.36,65.085,65.105,6221.0,,60.13883872075281,58.04409438097526,58.378201645441926,58.51315697508434,57.687979814533435,56.87446141028445,56.623080845073744,56.522998788293414,,60.97355475814174,59.335203447197394,58.018018093694586,58.10738328405316,58.17308871034353,58.640488828486525,57.94851087898712,57.38480591241553,56.738408434802786,56.235122316856355,60.97355475814174,57.94851087898712,58.01874429141211,"rgba(0, 255, 255, 0.75)",3.7407370798948976,59.418307050542424,1.5202065336324992,56.76206214022652,0.9456450218227559,False,True,True,False,True,15.133544921472726,0.0,0.0,0.0,0.0,0,0.9216532076039529,0.8039825450168028,False,False,False,False,0.34282824811728496,0.3180968343243195,False,False,False,False,159458.0,101319.20640386558,False,False,False,False,9348.88839305259,False,False,False,False
2025-06-25 17:00:00+00:00,64.875,64.98,64.79,64.95,10052.0,,60.22317174822317,58.108990513050394,58.42155450266816,58.54731170738163,57.720635750245016,56.90707309973527,56.65480713689691,56.55364963361619,,61.054296093736156,59.41393244966888,58.08472679130186,58.160358950052476,58.22121585900056,58.676682348819725,57.980948795648686,57.417670669333184,56.77070021145752,56.26471467548449,61.054296093736156,57.980948795648686,58.0656911631289,"rgba(38, 166, 154, 1.0)",3.7267892939420584,59.481102902979195,1.4674554061616971,58.07232294408722,2.168546455689267,False,True,True,False,True,14.506659595476663,0.0,0.0,0.0,0.0,0,0.9223969059219449,0.8052137224370886,False,False,False,False,0.3217170577393037,0.3199069460318116,False,False,False,False,149406.0,102064.73808752657,False,False,False,False,9359.78934819906,False,False,False,False
2025-06-26 17:00:00+00:00,65.365,65.455,65.15,65.45,10716.0,,60.31808663190634,58.18127662830967,58.470269590237805,58.58584290111633,57.75726077775623,56.943466427670096,56.69017216419267,56.58780697279685,,61.146328499615606,59.502052138383235,58.15898077392508,58.21959812703824,58.27513524082513,58.71753239879071,58.017398650815736,57.45445468641906,56.806712642219665,56.29765322660489,61.146328499615606,58.017398650815736,58.11833491547908,"rgba(0, 255, 255, 0.75)",3.706181317064056,59.556547220878166,1.5901684982294615,61.211085442384324,5.1736737668963,False,True,True,False,True,15.86057332554956,0.0,0.0,0.0,0.0,0,0.9230614805520705,0.8027101631116685,False,False,False,False,0.34282824815983975,0.33136759709582564,False,False,False,False,160122.0,102964.85067531685,False,False,False,False,9380.815869932407,False,False,False,False
2025-06-27 17:00:00+00:00,66.3,66.3,65.615,65.895,9166.0,,60.40564484904536,58.24692361491408,58.51489456528189,58.621276084326695,57.79070217441566,56.97649626506893,56.722222150582716,56.61875017076993,,61.23250081118916,59.58270943021741,58.226369377451,58.2735928479446,58.32437213473745,58.75512541309624,58.050755501994004,57.487959298546514,56.83936960238598,56.32744672762653,61.23250081118916,58.050755501994004,58.16650616775522,"rgba(0, 255, 255, 0.75)",3.710568756335772,59.62986660747169,1.688456353714139,64.902734767191,8.652128106504186,False,True,True,False,True,17.038682679302227,0.0,0.0,0.0,0.0,0,0.9255611658251263,0.7977303404489325,False,False,False,False,0.34282824848776194,0.3370979227917938,False,False,False,False,169288.0,103993.11655631968,False,False,False,False,9377.485391328803,False,False,False,False
2025-06-30 17:00:00+00:00,66.77,66.805,66.245,66.435,6653.0,66.495,60.473752280755996,58.2972900680799,58.54936392716536,58.64872815954073,57.81645632148841,57.00180336148583,56.74674749833247,56.64241994941839,,61.30032700624248,59.64503227893188,58.27804487212605,58.31513440602971,58.36230774455842,58.78426981904374,58.076493379782214,57.51370898305007,56.86437302135618,56.3502066004847,61.30032700624248,58.076493379782214,58.64007682515118,"rgba(0, 255, 255, 0.75)",3.7404224444657004,60.17053452029654,1.6748015959994877,68.9127647457019,12.374734563064244,False,False,True,False,True,18.433995770754606,0.0,0.0,0.0,0.0,0,0.9278672281397078,0.7876641070101558,False,False,False,False,0.3428282487452878,0.3399630857685408,False,False,False,False,175941.0,105108.587617462,False,False,False,False,9335.24530774231,False,True,False,False
2025-07-01 17:00:00+00:00,66.38,66.54,66.27,66.395,3594.0,66.4622645652386,60.50935388279696,58.323936470776935,58.567643666807015,58.66330302924104,57.83015666053328,57.01528468120826,56.75981877396184,56.65503872064536,,61.335599559691424,59.67778188814787,58.30537851758578,58.33714722527715,58.382421154167886,58.799733251244035,58.090178583625445,57.52741408031651,56.87769587843178,56.36234658758617,61.335599559691424,58.090178583625445,58.656973535646486,"rgba(0, 255, 255, 0.75)",3.7628644721854836,60.19714687516803,1.6471103784485315,71.23274170659224,14.5402839811225,False,False,True,False,True,18.264292981805315,0.0,0.0,0.0,0.0,0,0.9321755573248409,0.7893610668789807,False,False,False,False,0.33603926065917716,0.338001173213859,False,False,False,False,172347.0,106151.04362339282,False,False,False,False,9246.233752583514,False,False,False,False
2025-07-02 17:00:00+00:00,64.63,64.78,64.315,64.65,8631.0,65.60245735777094,60.567253110773215,58.37295984160654,58.601078557483156,58.68990211858281,57.85593192638716,57.04125569667642,56.78516725991791,56.67957596701913,,61.388619716461825,59.734207067084725,58.355686699616875,58.37770419976719,58.419445263655135,58.827783929275036,58.115704081383164,57.553440170876236,56.90345407132226,56.386117736086014,61.388619716461825,58.115704081383164,58.64514446167082,"rgba(38, 166, 154, 1.0)",3.756547121929789,60.17567944261971,1.191072655860038,62.575889887327875,19.965168113117784,False,True,True,False,False,11.287715931089487,0.0,0.0,0.0,0.0,0,0.9246058944482521,0.7981983746205815,False,False,False,False,0.23427837813176322,0.2861397756728111,False,False,False,False,163716.0,107043.5235672162,False,False,False,False,9236.695244791521,False,False,False,False
2025-07-03 17:00:00+00:00,65.4,65.415,65.295,65.3,0.0,65.60245735777094,60.567253110773215,58.37295984160654,58.601078557483156,58.68990211858281,57.85593192638716,57.04125569667642,56.78516725991791,56.67957596701913,,61.388619716461825,59.734207067084725,58.355686699616875,58.37770419976719,58.419445263655135,58.827783929275036,58.115704081383164,57.553440170876236,56.90345407132226,56.386117736086014,61.388619716461825,58.115704081383164,58.64514446167082,"rgba(38, 166, 154, 1.0)",3.75586105697202,60.17567944261971,1.3643530683511282,59.443311290761244,17.29624136738113,False,True,True,False,False,13.049148895338792,0.0,0.0,0.0,0.0,0,0.929768828503006,0.7971262401642146,False,False,False,False,0.27781780166839853,0.28197878867060483,False,False,False,False,163716.0,107922.16661268572,False,False,False,False,9093.490667352893,False,False,False,False
2025-07-04 17:00:00+00:00,65.3,65.3,65.3,65.3,0.0,65.60245735777094,60.567253110773215,58.37295984160654,58.601078557483156,58.68990211858281,57.85593192638716,57.04125569667642,56.78516725991791,56.67957596701913,,61.388619716461825,59.734207067084725,58.355686699616875,58.37770419976719,58.419445263655135,58.827783929275036,58.115704081383164,57.553440170876236,56.90345407132226,56.386117736086014,61.388619716461825,58.115704081383164,58.64514446167082,"rgba(38, 166, 154, 1.0)",3.743621322142946,60.17567944261971,1.3688138079219487,57.354925559716825,15.399314190907532,False,True,True,False,False,13.049148895338792,0.0,0.0,0.0,0.0,0,0.9323659616330547,0.7945892769306443,False,False,False,False,0.27482121765050493,0.2784000031605549,False,False,False,False,163716.0,108787.18728535726,False,False,False,False,8952.506315921066,False,False,False,False
2025-07-07 17:00:00+00:00,62.815,62.97,62.33,62.74,16090.0,64.25773249828416,60.621805403326434,58.43495581425377,58.64291909005076,58.72305490791247,57.89002221394576,57.077107244106685,56.82056644136582,56.71400423838869,,61.42677950247439,59.79606746532046,58.41935251134784,58.42917192752104,58.46635880995788,58.86231147407654,58.148918507741115,57.588459038620385,56.93923613421009,56.41986919942327,61.42677950247439,58.148918507741115,58.614668022227775,"rgba(38, 166, 154, 0.5)",3.720700901469762,60.0934837465654,0.7112950821683007,48.53733733468222,7.264242718054092,False,True,False,True,False,4.083100290483056,0.0,0.0,0.0,0.0,0,0.9316653860929698,0.79369957741068,False,False,False,False,0.1350251660502366,0.20671258460539577,False,False,False,False,147626.0,109389.339420468,False,False,False,False,9063.16513272849,False,False,False,False
2025-07-08 17:00:00+00:00,62.305,62.44,62.11,62.2,4748.0,64.01771049451104,60.6341174426722,58.45109189325299,58.65380462576249,58.731681243991225,57.899095225865004,57.086794473484495,56.830170659397304,56.72336150490961,,61.433895766879786,59.811180262808584,58.435922921597815,58.442612460131365,58.47861309194113,58.87124794502357,58.15770619182085,57.5978365090818,56.94892595356566,56.42908048512881,61.433895766879786,58.15770619182085,58.61236048167505,"rgba(38, 166, 154, 0.5)",3.6975207483778076,60.07722721186318,0.5741070659490236,41.7275803204911,1.2231959113431543,False,True,False,True,False,2.3869230766166964,0.0,0.0,0.0,0.0,0,0.9241527446300717,0.7968019093078756,False,False,False,False,0.1157777089752318,0.1612451467903138,False,False,False,False,142878.0,109908.54346046074,False,False,False,False,8996.263347724947,False,False,False,False
2025-07-09 17:00:00+00:00,61.815,61.93,61.55,61.585,17994.0,63.29140980765898,60.66348713427022,58.50216406078529,58.68811799438578,58.75883549717044,57.92874521097372,57.119222076489656,56.862522188734175,56.75496345871933,61.688333333333325,61.44196689878065,59.85399359442362,58.488382094487186,58.48531322496472,58.51753229356891,58.899132223403676,58.186146373655234,57.628785809444715,56.98147265934987,56.46038380124306,61.44196689878065,58.186146373655234,58.76004548679214,#000000,3.6651985639953,60.20436712682803,0.37668706048683787,36.21501511363857,-3.6259628656708855,False,True,False,True,False,0.5049295510699174,0.0,0.0,0.0,0.0,0,0.9220716825213799,0.7977803401556642,False,False,False,False,0.0884616065323109,0.12485337666131235,False,False,False,False,124884.0,110140.7210812288,False,False,False,False,9135.763140783474,False,False,False,False
2025-07-10 17:00:00+00:00,62.08,62.245,61.88,62.01,15218.0,63.03131952062307,60.69528813288418,58.548812146035985,58.71991634148362,58.78416324422753,57.955805981828206,57.14840546793114,56.89154577331757,56.783287428957415,61.85176080934601,61.45772219818655,59.89545609778743,58.53624499407218,58.52448386681583,58.55333853496869,58.925248381030926,58.21225716637625,57.656865002286104,57.0107108850507,56.48835485467044,61.45772219818655,58.21225716637625,58.78354934139399,#000000,3.631432749041417,60.20066027028629,0.4982440416090079,34.402384931548,-5.239110795283388,False,True,False,True,False,1.7609052936857417,0.0,0.0,0.0,0.0,0,0.9240088105726875,0.7913235012449722,False,False,False,False,0.1049095037277497,0.11488144019453103,False,False,False,False,140102.0,110605.2370334578,False,False,False,False,9230.0613866628,False,False,False,False
2025-07-11 17:00:00+00:00,62.085,62.285,62.04,62.11,7087.0,62.95281740923576,60.71066406861878,58.5707288443667,58.73495928714232,58.7961832174648,57.968592304357315,57.16215358705457,56.905211483613535,56.79662332791457,61.90332998337428,61.46598391724831,59.91510781881032,58.558720567096664,58.54294270541077,58.57023702085802,58.93764834001557,58.22461083039318,57.67011516484554,57.024480339886715,56.50151823622899,61.46598391724831,58.22461083039318,58.79563142269684,"rgba(38, 166, 154, 0.5)",3.587768162435678,60.20265382848693,0.5316246995787494,33.64129360196119,-6.210764521252301,False,True,False,True,False,2.0561806552896584,0.0,0.0,0.0,0.0,0,0.9242802303262957,0.7928023032629556,False,False,False,False,0.11002072256949033,0.11245108138201068,False,False,False,False,147189.0,111172.42715697008,False,False,False,False,9196.835628730043,False,False,False,False
2025-07-14 17:00:00+00:00,62.615,62.8,62.505,62.78,10033.0,62.92409181769722,60.740018314910294,58.606007937028956,58.75942950178334,58.81582423214161,57.98892721179772,57.18362189243673,56.92645478144379,56.81731964698043,62.061138639434155,61.48654923603095,59.94906755787063,58.59487147624249,58.57269649097872,58.5975291021028,58.95802282796039,58.24440270434815,57.69102922913306,57.045928098218134,56.52185507227412,61.48654923603095,58.24440270434815,58.82423928854068,"rgba(38, 166, 154, 0.5)",3.555443120594601,60.22522133412721,0.7185542221374465,36.01872732172839,-6.210764521252301,False,True,False,True,False,4.012829257228326,0.0,0.0,0.0,0.0,0,0.9198026506723421,0.791332107961691,False,False,False,False,0.13515380105359878,0.12380244121780473,False,False,False,False,157222.0,111886.37402275349,False,False,False,False,9209.799417431903,False,False,False,False
2025-07-15 17:00:00+00:00,62.19,62.275,62.0,62.02,14604.0,62.80885869357489,60.768649875173985,58.648956813863485,58.78919370305601,58.83971912306876,58.01450245544146,57.21122399828229,56.95392962901801,56.84415494566817,62.069503665147224,61.501095981929645,59.98661780656945,58.638882105429154,58.609092258254705,58.63092427902306,58.9826154029713,58.26907995094027,57.71756936807514,57.07359202120776,56.548381498911304,61.501095981929645,58.26907995094027,58.8453271787803,"rgba(38, 166, 154, 0.5)",3.531974120685042,60.22838770194323,0.5072552167254514,35.70183691217688,-6.210764521252301,False,True,False,True,False,1.6334937951190796,0.0,0.0,0.0,0.0,0,0.9121217961071498,0.7941318173058389,False,False,False,False,0.10874239131724106,0.1162724162675229,False,False,False,False,142618.0,112362.83334023018,False,False,False,False,9293.430434215903,False,False,False,False
2025-07-16 17:00:00+00:00,61.9,62.46,61.9,62.445,14358.0,62.7436468364003,60.799097824862464,58.692195597771565,58.819420675015884,58.86408279556749,58.04037229986396,57.23899408583503,56.98154184618446,56.871118736622215,62.10550634348122,61.51862202423567,60.025148766399134,58.68316055432257,58.64585779324429,58.66472111922897,59.00771997607483,58.294098862874705,57.744353216985544,57.10140644271265,56.57500755831441,61.51862202423567,58.294098862874705,58.870803667799876,"rgba(38, 166, 154, 0.5)",3.516789629377478,60.24129835651262,0.6266231067900028,37.241796172146046,-6.210764521252301,False,True,False,True,False,2.8728779236671222,0.0,0.0,0.0,0.0,0,0.9120053913545779,0.7927216713199189,False,False,False,False,0.1109157673371015,0.1135940918023122,False,False,False,False,156976.0,113054.51034270723,False,False,False,False,9371.95089260015,False,False,False,False
2025-07-17 17:00:00+00:00,61.9,62.48,61.85,62.255,8503.0,62.707061201602976,60.81568227207607,58.716803356951566,58.83669975185358,58.87804141322344,58.05528178368415,57.255058870523634,56.99753435488579,56.88674578407558,62.11417366197022,61.527649910342355,60.04663374288162,58.70835111760112,58.66685081896739,58.68404027005742,59.02207686513081,58.30849767481704,57.75981212905517,57.11750673248915,56.59045771560091,61.527649910342355,58.30849767481704,58.8847479713895,"rgba(38, 166, 154, 0.5)",3.4945544831974957,60.24796994103242,0.5743307390449267,37.742883665774194,-6.210764521252301,False,True,False,True,False,2.2773543837640844,0.0,0.0,0.0,0.0,0,0.9118660287081339,0.789473684210526,False,False,False,False,0.1101485753260902,0.1118713335642012,False,False,False,False,148473.0,113603.63421336292,False,False,False,False,9358.478785738133,False,False,False,False
2025-07-18 17:00:00+00:00,62.185,62.33,62.06,62.165,20862.0,62.63365772535804,60.85446653832124,58.77556878130686,58.8782295695901,58.911696338614206,58.091325335665,57.29395696611159,57.03628450242241,56.92462916173131,62.127771974709866,61.54849399745154,60.097349906530866,58.76847834334903,58.717176811089395,58.73042314242379,59.056650036310124,58.343288936306905,57.79720475058292,57.15650374146313,56.62793999741591,61.54849399745154,58.343288936306905,58.91855482783772,"rgba(38, 166, 154, 0.5)",3.388924577619347,60.26589701649431,0.560385142840734,37.81332222486469,-6.210764521252301,False,True,False,True,False,1.9927605852471828,0.0,0.0,0.0,0.0,0,0.9137889745677475,0.7941472292734324,False,False,False,False,0.11168308940378013,0.11177721148399067,False,False,False,False,127611.0,113820.80267517125,False,False,False,False,9536.827951850719,False,False,False,False
2025-07-21 17:00:00+00:00,62.0,62.04,61.605,61.67,13383.0,62.562341151596826,60.87083443231454,58.80778514644626,58.90107005528617,58.930246719775795,58.111816564274335,57.31650701122001,57.05886817322784,56.946760227775094,62.08872183346716,61.5529431688063,60.12244227111133,58.801431626349284,58.74495137203958,58.75605285788711,59.0755554384864,58.36291454275408,57.81863278199726,57.17917543647141,56.6499527480833,61.5529431688063,58.36291454275408,58.93295017796849,#000000,3.254517908972002,60.266958459687686,0.4311057980183282,36.4416053266785,-6.878498958830164,False,True,False,True,False,0.43365702423779595,0.0,0.0,0.0,0.0,0,0.9128350194179414,0.7929711847341417,False,False,False,False,0.0926643150854009,0.10222076328469579,False,False,False,False,114228.0,113827.1158119903,False,False,False,False,9596.458526240629,False,False,False,False
2025-07-22 17:00:00+00:00,62.19,62.65,62.115,62.56,15824.0,62.55158807386635,60.90329475515206,58.853406406105414,58.93381134321149,58.956971790509755,58.14013477719313,57.346844755426154,57.089051583738346,56.97626625477667,62.129232177138185,61.57340992817383,60.16282365228171,58.84805567471752,58.78427403288451,58.79241580738659,59.10304346932333,58.39033627453439,57.847917028442055,57.20956579739048,56.679111860281154,61.57340992817383,58.39033627453439,58.963577772126655,"rgba(38, 166, 154, 0.5)",3.0996231869213666,60.2914570993992,0.7318769940077717,39.61319214483033,-6.878498958830164,False,True,False,True,True,3.104720330993338,0.0,0.0,0.0,0.0,0,0.9118843631838416,0.7904561336332742,False,False,False,False,0.12128597187092731,0.11175336757781154,False,False,False,False,130052.0,114078.66440405246,False,False,False,False,9693.009556841549,False,False,False,False
2025-07-23 17:00:00+00:00,62.86,63.02,62.615,62.625,18875.0,62.570971153992986,60.9477988030968,58.910946201644435,58.9754824283551,58.991126410352486,58.17584486566528,57.384750603920835,57.12668560277393,57.01303304619118,62.20438742894328,61.60495546487213,60.215530490444955,58.90682063025752,58.834003001023596,58.83848754809519,59.13825649838498,58.425046250284154,57.88470318766624,57.247491955746945,56.71537189505884,61.60495546487213,58.425046250284154,59.00558467333853,"rgba(38, 166, 154, 0.5)",3.00582973359887,60.57555477841304,0.6818234574894444,41.99714155244781,-6.878498958830164,False,True,False,True,True,3.296137620118703,0.0,0.0,0.0,0.0,0,0.9193147013782543,0.7831642419601836,False,False,False,False,0.14365375683864923,0.12770356220823037,False,False,False,False,148927.0,114618.94867685784,False,False,False,False,9835.36599782075,False,False,False,False
2025-07-24 17:00:00+00:00,62.61,62.61,62.28,62.28,8791.0,62.563219958294354,60.96377808124334,58.934689999241776,58.992744990801405,59.005308892664,58.19098353406319,57.401041768098146,57.14292255625821,57.02892405981061,62.21424485900007,61.614610532540176,60.23594271386153,58.931062190488404,58.8546334003618,58.85762380929616,59.15280093017765,58.43968326899317,57.90038401927128,57.26382542934223,56.73110522071895,61.614610532540176,58.43968326899317,59.02097651072633,"rgba(38, 166, 154, 0.5)",2.860879778688327,60.57917533950048,0.5945110567628693,42.307882347209464,-6.878498958830164,False,True,False,True,True,2.1831686640791332,0.0,0.0,0.0,0.0,0,0.9162471834699651,0.7890119372932545,False,False,False,False,0.124491799263563,0.1260976807358967,False,False,False,False,140136.0,115014.56187566624,False,False,False,False,9819.174276924305,False,False,False,False
2025-07-25 17:00:00+00:00,62.485,62.6,62.37,62.475,12674.0,62.55847694740931,60.98764322957048,58.96924974354992,59.01799075852948,59.02609687453851,58.213090827796705,57.424771116053336,57.16656174122242,57.05205845490311,62.23326388187453,61.62971657167888,60.26592954998806,58.96633390682071,58.88471880206456,58.88555901383569,59.17412944627981,58.46108156466073,57.9232576128539,57.287609474739476,56.753999990785545,61.62971657167888,58.46108156466073,59.044076975457756,"rgba(38, 166, 154, 0.5)",2.7450526619933497,60.593595644810776,0.6853800589104266,43.45801919037083,-11.91401270693364,False,True,False,True,True,2.7752998032123273,0.0,0.0,0.0,0.0,0,0.9195827725437418,0.7869159776965968,False,False,False,False,0.12654486152086933,0.126321271128383,False,False,False,False,152810.0,115600.53766053963,False,False,False,False,9863.435140847958,False,False,False,False
2025-07-28 17:00:00+00:00,62.0,62.085,61.8,61.855,17474.0,62.51058641608183,61.00728383166883,59.008274991965344,59.04659067076919,59.049706166661295,58.239191022137945,57.45348995698514,57.19536403873689,57.08032930943806,62.20469445012264,61.63636938385757,60.2957099360599,59.00615151053564,58.918963110471246,58.91739875182246,59.19811489046537,58.48609695856096,57.950536568631186,57.31649846721006,56.782165711503204,61.63636938385757,58.48609695856096,59.06517580718423,#000000,2.6620641368058964,60.58885832229717,0.47562403181691143,41.92768287936959,-11.91401270693364,False,True,False,True,True,0.7761306072527994,0.0,0.0,0.0,0.0,0,0.9159130267461999,0.7915143351933807,False,False,False,False,0.09878321835610755,0.11255224474224529,False,False,False,False,135336.0,115906.51382084134,False,False,False,False,9981.428394478222,False,False,False,False
2025-07-29 17:00:00+00:00,62.115,62.2,61.89,62.035,10203.0,62.49110592877006,61.01994164713708,59.03157259086404,59.06376621372954,59.06392367133335,58.25478764389258,57.47056712662349,57.2124736018883,57.09711931549322,62.19661523778067,61.64184552556989,60.313946342463815,59.029911719525764,58.939444192313346,58.936465266525474,59.21257945280195,58.50107710383544,57.96680311033208,57.33366666476748,56.7988775881584,61.64184552556989,58.50107710383544,59.078824497190304,"rgba(38, 166, 154, 0.5)",2.5705049947291645,60.592825812732244,0.5610470278116322,41.86281293213102,-11.91401270693364,False,True,False,True,True,1.33706441970633,0.0,0.0,0.0,0.0,0,0.9257624981816421,0.7841730107161905,False,False,False,False,0.10401560912034827,0.10828392693129678,False,False,False,False,145539.0,116365.93221121588,False,False,False,False,9984.863613168482,False,False,False,False
2025-07-30 17:00:00+00:00,61.625,61.7,60.985,61.16,9135.0,62.44773430323396,61.02277807041374,59.04693954652104,59.075095465787506,59.073319078812624,58.26586274921339,57.483225032998185,57.22529533582193,57.10975990571164,62.157743816796724,61.637540480682745,60.32291224125363,59.045582357939374,58.95311795779938,58.94920960701895,59.22196004351544,58.511526453075135,57.9785616931282,57.346467984909395,56.81159433130062,61.637540480682745,58.511526453075135,59.08431132279668,#000000,2.4771210803766737,60.581241207322705,0.2336417049865341,38.980775591314355,-11.91401270693364,False,True,False,True,False,0.0,0.0,0.0,0.0,0.0,0,0.9157338760478755,0.7875660221931481,False,False,False,False,0.06825315386487976,0.08826854039808826,False,False,False,False,136404.0,116676.59992887144,False,False,False,False,9971.687433119358,False,False,False,False
2025-07-31 17:00:00+00:00,61.185,61.22,60.83,60.985,19641.0,62.34493410478359,61.022525055436134,59.075371955984735,59.09613344022993,59.09081565725271,58.287295314246975,57.508243416118944,57.25077445413688,57.134938948129786,62.061816955667574,61.6218592045481,60.336364559063306,59.07456730464903,58.97863667347471,58.97302908781225,59.23923732329085,58.531565487850024,58.00151958914124,57.37184338840353,56.83705668491979,61.6218592045481,58.531565487850024,59.091926430257004,#000000,2.376820607071103,60.552311651997485,0.18204501707670132,36.57335103657554,-8.894657302015972,False,True,False,True,False,0.0,0.0,0.0,0.0,0.0,0,0.9197696549704749,0.7825386755160799,False,False,False,False,0.052152491729050454,0.07021051606356936,False,False,False,False,116763.0,116677.93946485792,False,False,False,False,10121.599255861693,False,False,False,False
2025-08-01 17:00:00+00:00,60.33,60.515,60.045,60.38,26484.0,62.16609646046819,61.00139858663709,59.09906634940365,59.11370607022659,59.10551651001938,58.30839738699044,57.53480846217152,57.278313111651464,57.16235642752765,61.88449326614153,61.579096319631844,60.33577356908636,59.09871251935899,59.00057991617047,58.99358135235979,59.25303925393077,58.550616366110575,58.02487607135293,57.3990495490635,56.86524313463526,61.579096319631844,58.550616366110575,59.08773603414689,#000000,2.2777145214976104,60.491317366293465,-0.04887239609829197,33.42453680659819,-11.931165958507648,False,True,False,True,False,0.0,0.0,0.0,0.0,0.0,0,0.909774069194359,0.7889035280339629,False,False,False,False,0.014464163865685083,0.04233733996462722,False,False,False,False,90279.0,116268.65358168182,False,False,False,False,10375.27988755376,False,False,False,False
2025-08-04 17:00:00+00:00,60.89,61.135,60.79,61.135,12512.0,62.12033613512417,61.00165674301665,59.11628046136884,59.12661992264104,59.11633139450537,58.32167484582228,57.55033214799535,57.29414117826319,57.17801379335556,61.844967075332065,61.570595505872845,60.34396901934919,59.11624310523075,59.01614415424419,59.00815585616502,59.26370124433701,58.56302738273706,58.03910409435591,57.414802867925694,56.88109770131954,61.570595505872845,58.56302738273706,59.09435973144808,#000000,2.170004988162076,60.48352236185486,0.3002194196322649,35.45356917947869,-11.931165958507648,False,True,False,True,True,0.0,0.0,0.0,0.0,0.0,0,0.9116799374725221,0.7912656929314639,False,False,False,False,0.04898651190228321,0.045661925933455215,False,False,False,False,102791.0,116059.69771219838,False,False,False,False,10408.407331157576,False,False,False,False
2025-08-05 17:00:00+00:00,60.93,61.175,60.665,60.76,16620.0,62.05719505986526,60.99921325753037,59.136871170543714,59.14213809713919,59.1293675383847,58.33812098674806,57.569838175499086,57.31410329288493,57.19779412226547,61.78895345792781,61.556659990319986,60.35215503282829,59.13720446423789,59.034897391495235,59.02574337521563,59.27644720965814,58.57830472442665,58.05683432773468,57.43463661848189,56.901198232933666,61.556659990319986,58.57830472442665,59.10138382630604,#000000,2.0812726810710354,60.470881013313274,0.13891451577500227,35.664010015742114,-11.931165958507648,False,True,False,True,True,0.0,0.0,0.0,0.0,0.0,0,0.9089795118125673,0.7959513773159493,False,False,False,False,0.04683420982477652,0.04624806787911587,False,False,False,False,86171.0,115596.30704999375,False,False,False,False,10504.71109346521,False,False,False,False
2025-08-06 17:00:00+00:00,61.195,61.95,61.085,61.795,32847.0,62.01671138359267,61.020309107688576,59.19306227572689,59.18488230058305,59.16535150328928,58.37938087685939,57.616263463157374,57.36102567018599,57.24406499372057,61.770761925836055,61.55866836203266,60.38991880210637,59.19437477241843,59.085459925983365,59.073188584170154,59.31255151974473,58.61752659538505,58.100328729267716,57.48151862771578,56.94766954752549,61.55866836203266,58.61752659538505,59.13565094834947,"rgba(38, 166, 154, 0.5)",2.0011162988295013,60.4890993871506,0.6525860658939464,40.32431946607524,-14.507565611877766,False,True,False,True,True,0.7484684915825497,0.0,0.0,0.0,0.0,0,0.9068159688412852,0.7907984420642645,False,False,False,False,0.07714212910255962,0.06169509849083774,False,False,False,False,119018.0,115649.35655309462,False,False,False,False,10851.103169535516,False,False,False,False
2025-08-07 17:00:00+00:00,61.28,61.555,61.13,61.53,20508.0,61.983986437839434,61.028429578926605,59.22400110512661,59.20863367517863,59.18545346516772,58.4030164823605,57.643251617420184,57.38841683736508,57.271131745492575,61.748933082094105,61.555138873644935,60.40859598140054,59.22583058570697,59.113551239388805,59.0996143696727,59.33257081196474,58.639861660436836,58.125393700588425,57.508832117857935,56.9749661873704,61.555138873644935,58.639861660436836,59.15348047775019,"rgba(38, 166, 154, 0.5)",1.936444738489809,60.49446248087611,0.5347622364537421,42.478157502084656,-12.51017491071999,False,True,False,True,True,0.0,0.0,0.0,0.0,0.0,0,0.9057144244307422,0.7925911540515607,False,False,False,False,0.06825315386487976,0.06497412617785875,False,False,False,False,98510.0,115383.6300949071,False,False,False,False,11000.822500240392,False,False,False,False
2025-08-08 17:00:00+00:00,56.8,56.895,56.375,56.56,23789.0,61.669983064585445,60.9228246931789,59.18226616782528,59.17678038199902,59.15891554365648,58.38691477415719,57.63478394655569,57.38234851918283,57.2661804214089,61.416206469997455,61.426805594494596,60.329215321633015,59.183355096210576,59.07886790079458,59.06731102523615,59.30268722448666,58.62116870932113,58.11217730525057,57.50163192563171,56.97239184884886,61.426805594494596,58.62116870932113,59.089640796722755,"rgba(255, 0, 0, 1.0)",2.002052152122781,60.19158234517475,-1.8139299424963395,35.3591569429121,-9.040017590573129,False,True,False,True,False,0.0,0.0,0.0,0.0,0.0,0,0.9050853766342529,0.7997022286325779,False,False,False,False,-0.1713631721839602,-0.05319452300305072,False,False,False,False,74721.0,114753.20172134264,False,False,False,False,11199.088818066122,False,False,False,False
2025-08-11 17:00:00+00:00,56.845,57.305,56.775,56.915,20717.0,61.44377734980008,60.84280382029026,59.152316841894134,59.15377149955858,59.139699901791296,58.376139545659036,57.6302738611779,57.379759014307844,57.26444482933313,61.18039974819822,61.32893334912181,60.269680788377094,59.15288759100342,59.054066182705654,59.04419346357217,59.2808688808299,58.60825748210642,58.103781226573226,57.49814516031952,56.97255022833212,61.32893334912181,58.60825748210642,59.04383753824758,"rgba(255, 0, 0, 1.0)",2.0620632608849645,60.0977857377592,-1.5434956813076943,31.72322884041605,-12.144390347105684,False,True,False,True,False,0.0,0.0,0.0,0.0,0.0,0,0.904502491036923,0.7988545886296967,False,False,False,False,-0.15036518747453867,-0.1017798552387947,False,False,False,False,95438.0,114453.74122953888,False,False,False,False,11346.65333251471,False,False,False,False
2025-08-12 17:00:00+00:00,57.49,57.72,57.405,57.61,17681.0,61.29037700536959,60.78696708560991,59.13410832727028,59.139697013410576,59.12793780042725,58.37089067605157,57.62996162175202,57.380895278071335,57.26617114805218,61.02346167936121,61.25949953738266,60.22924325690103,59.13437015067535,59.03920345925314,59.03034706280311,59.26722137089875,58.60131140912667,58.10042248363008,57.4986164924418,56.97569033333976,61.25949953738266,58.60131140912667,59.01431965959141,"rgba(239, 83, 80, 1.0)",2.1088217687258197,60.04191127648395,-1.1532085416366633,31.44173015692216,-12.302838973332683,False,True,False,True,False,0.0,0.0,0.0,0.0,0.0,0,0.918053466595507,0.783368104410266,False,False,False,False,-0.12346566573183422,-0.11262276048531446,False,False,False,False,113119.0,114433.0475670654,False,False,False,False,11444.860257592001,False,False,False,False
2025-08-13 17:00:00+00:00,58.08,58.235,57.925,57.97,20482.0,61.14766497144226,60.73366085685683,59.11968406240436,59.128467008031876,59.118554762097844,58.368413117817376,57.632820356161794,57.385257398207216,57.27109114272319,60.880278165481656,61.19197539349396,60.19184781328592,59.119706179639735,59.027718714551376,59.01966373107787,59.25596106306207,58.59698590273469,58.10000285779567,57.50230037671285,56.9820629617013,61.19197539349396,58.59698590273469,58.98870584176399,"rgba(239, 83, 80, 0.5)",2.152059535245921,59.994261916158145,-0.9406161321307631,32.34237430751081,-12.302838973332683,False,True,False,True,False,0.0,0.0,0.0,0.0,0.0,0,0.9112446102417517,0.7806792306574291,False,False,False,False,-0.09699780177318337,-0.10481028112924892,False,False,False,False,133601.0,114730.22512416515,False,False,False,False,11584.970951272744,False,False,False,False
2025-08-14 17:00:00+00:00,57.98,58.1,57.905,58.065,15181.0,61.04909707271049,60.69518466082213,59.10904263000621,59.12014010578723,59.11157683859639,58.36648933452463,57.634811836978194,57.38835651708941,57.27460436498773,60.782037521518525,61.14342244385319,60.16469563979015,59.10889200183137,59.019206342028504,59.01173425161487,59.247612398438626,58.593708660278494,58.09958742592177,57.504899081111,56.98664930922264,61.14342244385319,58.593708660278494,58.97058742185559,"rgba(239, 83, 80, 0.5)",2.1806245344763058,59.95726585258556,-0.8677632589509511,33.24637759942968,-12.302838973332683,False,True,False,True,False,0.0,0.0,0.0,0.0,0.0,0,0.9099613152804642,0.7790618955512572,False,False,False,False,-0.10095208086499208,-0.1028811809971205,False,False,False,False,148782.0,115258.15961836415,False,False,False,False,11640.723339625103,False,False,False,False
2025-08-15 17:00:00+00:00,58.285,58.35,58.005,58.09,12728.0,60.97434686645449,60.665227878800195,59.1012876187154,59.11403949326775,59.10645876618249,58.3654743991675,57.636998118810034,57.391438718905015,57.27801226795214,60.708234799181575,61.10543254665838,60.143747994142814,59.101013526895045,59.013061796325445,59.006011231098356,59.241405229062615,58.59158556080604,58.09980787408552,57.50757851689335,56.99092346567713,61.10543254665838,58.59158556080604,58.95710433345406,"rgba(239, 83, 80, 0.5)",2.225359566047214,59.92927064700681,-0.8265049275941521,33.93731605943573,-12.302838973332683,False,True,False,True,False,0.0,0.0,0.0,0.0,0.0,0,0.9104216310849584,0.7840781987064143,False,False,False,False,-0.09202733994178987,-0.09745426046945518,False,False,False,False,161510.0,115975.24241497865,False,False,False,False,11657.580342111536,False,False,False,False
2025-08-18 17:00:00+00:00,58.3,58.555,58.215,58.435,16581.0,60.89078723355632,60.631066911262316,59.094007127095246,59.10826100512628,59.10161385120074,58.365692427726984,57.64121575635245,57.39674807873978,57.283692847832015,60.626998393477045,61.06148238558102,60.120485974150846,59.09362010167879,59.007493351767486,59.00083737998796,59.235273296757036,58.59041343489877,58.10157583073711,57.51240266288589,56.99765298880288,61.06148238558102,58.59041343489877,58.94306605198085,"rgba(239, 83, 80, 0.5)",2.260461501153657,59.90005185011666,-0.6481206821566966,35.681489110163156,-12.302838973332683,False,True,False,True,True,0.0,0.0,0.0,0.0,0.0,0,0.9077057878596115,0.7808986029304383,False,False,False,False,-0.08146394374267066,-0.08945910210606292,False,False,False,False,178091.0,116938.27741629681,False,False,False,False,11733.912429830736,False,False,False,False
2025-08-19 17:00:00+00:00,58.55,58.63,58.28,58.37,11614.0,60.83597540662824,60.60800832299076,59.08917806978738,59.10441027207635,59.098379554062866,58.36594863201864,57.644238571335194,57.40052554830512,57.28772588441538,60.57402473312423,61.03182069527495,60.10479051193448,59.0887176245572,59.00381148702689,58.99741486813874,59.231158522550174,58.589708617594404,58.10290403724153,57.51584493019411,57.00241176356466,61.03182069527495,58.589708617594404,58.93384990264106,"rgba(239, 83, 80, 0.5)",2.2923181606289296,59.88018300663964,-0.6588016587650745,36.68157052843356,-12.302838973332683,False,True,False,True,True,0.0,0.0,0.0,0.0,0.0,0,0.9163730671364257,0.7778919553728713,False,False,False,False,-0.07790459293488274,-0.08368184752047284,False,False,False,False,166477.0,117706.31962689686,False,False,False,False,11732.053322391499,False,False,False,False
2025-08-20 17:00:00+00:00,58.64,58.74,58.52,58.56,7230.0,60.80552687042637,60.59506036985203,59.087014220733565,59.102665836787935,59.09691709209384,58.36657664785209,57.646538837293335,57.40327320330678,57.2906167288635,60.54497440600068,61.014943181289496,60.09619813758723,59.086521855136596,59.00225043918833,58.99597026412815,59.22918647056835,58.58975393593831,58.10418206447748,57.51839567200463,57.00573062576866,61.014943181289496,58.58975393593831,58.92911484296487,"rgba(239, 83, 80, 0.5)",2.3281605603124205,59.86988039425313,-0.562624595821412,38.15288865839826,-16.75530020125337,False,True,False,True,True,0.0,0.0,0.0,0.0,0.0,0,0.9232430310168824,0.7710541813898701,False,False,False,False,-0.06901462946536872,-0.07634823849292077,False,False,False,False,173707.0,118574.54722958062,False,False,False,False,11662.254046075352,False,False,False,False
2025-08-21 17:00:00+00:00,58.905,58.955,58.715,58.73,10521.0,60.76644311284815,60.57831833989481,59.085153348398556,59.101130081430206,59.095637559591566,58.368215905911406,57.6505366607117,57.40788804666174,57.29541555171647,60.50826796013494,60.9927369728387,60.08546946574695,59.08463516292728,59.0011001726761,58.994921614152865,59.22722326760875,58.59056837599759,58.10674140544019,57.52274187607836,57.01111601064523,60.9927369728387,58.59056837599759,58.92371304457057,#000000,2.3520067624925023,59.857909591837696,-0.47955201907770667,39.88212384644231,-14.852912307742507,False,True,False,True,True,0.0,0.0,0.0,0.0,0.0,0,0.9219721646431741,0.7753430066133645,False,False,False,False,-0.058614404540616165,-0.06748132151676847,False,False,False,False,184228.0,119592.43021826929,False,False,False,False,11644.560184895889,False,False,False,False
