date,Close,High,Low,Open,Volume,aVWAP_peak_270,aVWAP_peak_240,aVWAP_peak_218,aVWAP_peak_194,aVWAP_peak_183,aVWAP_peak_136,aVWAP_peak_118,aVWAP_peak_80,aVWAP_peak_44,aVWAP_peak_26,aVWAP_valley_264,aVWAP_valley_229,aVWAP_valley_211,aVWAP_valley_192,aVWAP_valley_174,aVWAP_valley_98,aVWAP_valley_66,aVWAP_valley_39,aVWAP_OB_bear_240,aVWAP_OB_bear_136,Peaks_Valleys_avg,color,StDev,StDev_Mean,StdDev_ZScore,QQEMOD,QQE1_Value,QQE1_Above_Upper,QQE1_Below_Lower,QQE2_Above_Threshold,QQE2_Below_Threshold,QQE2_Above_TL,banker_RSI,OB,OB_High,OB_Low,OB_Mitigated_Index,TTM_squeeze_Active,VI_plus,VI_minus,VI_Regular_Bullish,VI_Regular_Bearish,VI_Hidden_Bullish,VI_Hidden_Bearish,Fisher,Fisher_Signal,Fisher_Regular_Bullish,Fisher_Regular_Bearish,Fisher_Hidden_Bullish,Fisher_Hidden_Bearish,OBV,OBV_Smoothed,OBV_Regular_Bullish,OBV_Regular_Bearish,OBV_Hidden_Bullish,OBV_Hidden_Bearish,Volume_MA,Vol_Regular_Bullish,Vol_Regular_Bearish,Vol_Hidden_Bullish,Vol_Hidden_Bearish
2024-08-01 00:00:00+00:00,39.0,40.75,38.61,39.0,30461,,,,,,,,,,,,,,,,,,,,,,#000000,,,,,,False,False,False,False,False,,0.0,0.0,0.0,0.0,0,,,False,False,False,False,,,False,False,False,False,0,0.0,False,False,False,False,30461.0,False,False,False,False
2024-08-02 00:00:00+00:00,37.82,39.0,34.89,38.0,98105,,,,,,,,,,,,,,,,,,,,,,#000000,,,,0.0,,False,False,False,True,False,,0.0,0.0,0.0,0.0,0,,,False,False,False,False,,,False,False,False,False,-98105,-3847.254901960784,False,False,False,False,33113.705882352944,False,False,False,False
2024-08-05 00:00:00+00:00,36.09,36.66,34.0,34.98,37903,,,,,,,,,,,,,,,,,,,,,,#000000,,,,0.0,-50.0,False,False,False,True,True,,0.0,0.0,0.0,0.0,0,,,False,False,False,False,,,False,False,False,False,-136008,-9030.02921953095,False,False,False,False,33301.52133794695,False,False,False,False
2024-08-06 00:00:00+00:00,36.01,37.0,35.0,36.11,13090,,,,,,,,,,,,,,,,,,,,,,#000000,,,,0.0,-50.0,False,False,False,True,True,,0.0,0.0,0.0,0.0,0,,,False,False,False,False,,,False,False,False,False,-149098,-14522.89081876503,False,False,False,False,32508.91265802746,False,False,False,False
2024-08-07 00:00:00+00:00,36.07,37.35,35.67,36.185,78304,,,,,,,,,,,,,,,,,,,,,,#000000,,,,0.8166495892209913,-49.25140454321409,False,False,False,True,True,,0.0,0.0,0.0,0.0,0,,,False,False,False,False,,,False,False,False,False,-70794,-16729.600982735028,False,False,False,False,34304.79843614403,False,False,False,False
2024-08-08 00:00:00+00:00,37.0,37.02,35.79,35.79,14476,,,,,,,,,,,,,,,,,,,,,,#000000,,,,10.941806250806955,-40.01538035838368,False,False,False,True,True,,0.0,0.0,0.0,0.0,0,,,False,False,False,False,,,False,False,False,False,-56318,-18282.087218706205,False,False,False,False,33527.19849747172,False,False,False,False
2024-08-09 00:00:00+00:00,36.42,37.0,35.37,36.9,22624,,,,,,,,,,,,,,,,,,,,,,#000000,,,,15.943666249650011,-36.02120661804694,False,False,False,True,True,,0.0,0.0,0.0,0.0,0,,,False,False,False,False,,,False,False,False,False,-78942,-20660.90732777655,False,False,False,False,33099.622085806164,False,False,False,False
2024-08-12 00:00:00+00:00,34.84,36.38,34.84,36.38,85648,,,,,,,,,,,,,,,,,,,,,,#000000,,,,16.380439195192835,-36.02120661804694,False,False,False,True,True,,0.0,0.0,0.0,0.0,0,,,False,False,False,False,,,False,False,False,False,-164590,-26305.185471785313,False,False,False,False,35160.34278832357,False,False,False,False
2024-08-13 00:00:00+00:00,34.4,35.598,33.48,34.8,16461,,,,,,,,,,,,,,,,,,,,,,#000000,,,,16.136290887078456,-36.02120661804694,False,False,False,True,True,,0.0,0.0,0.0,0.0,0,,,False,False,False,False,,,False,False,False,False,-181051,-32373.64878661726,False,False,False,False,34427.035227997156,False,False,False,False
2024-08-14 00:00:00+00:00,34.76,35.46,33.4501,33.82,31595,,,,,,,,,,,,,,,,,,,,,,#000000,,,,18.14688996524504,-35.29389631523962,False,False,False,True,True,,0.0,0.0,0.0,0.0,0,,,False,False,False,False,,,False,False,False,False,-149456,-36965.11354008325,False,False,False,False,34315.97502297766,False,False,False,False
2024-08-15 00:00:00+00:00,34.78,35.46,34.36,34.7,17132,,,,,,,,,,,,,,,,,,,,,,#000000,,,,19.609263676950995,-34.11763427293441,False,False,False,True,True,,0.0,0.0,0.0,0.0,0,,,False,False,False,False,,,False,False,False,False,-132324,-40704.677714981946,False,False,False,False,33642.09364952756,False,False,False,False
2024-08-16 00:00:00+00:00,34.81,34.9946,34.54,34.92,26868,,,,,,,,,,,,,,,,,,,,,,#000000,,,,20.782948986392157,-33.13691978886704,False,False,False,True,True,,0.0,0.0,0.0,0.0,0,,,False,False,False,False,,,False,False,False,False,-105456,-43243.94525557089,False,False,False,False,33376.44291817354,False,False,False,False
2024-08-19 00:00:00+00:00,35.69,35.93,34.71,34.7117,9605,,,,,,,,,,,,,,,,,,,,,,#000000,,,,26.66342626774607,-27.77160455482278,False,False,False,True,True,,0.0,0.0,0.0,0.0,0,,,False,False,False,False,,,False,False,False,False,-95851,-45306.96701025439,False,False,False,False,32444.22947040203,False,False,False,False
2024-08-20 00:00:00+00:00,36.15,36.49,35.56,35.99,34661,,,,,,,,,,,,,,,,,,,,,,#000000,,,,32.690824532513204,-22.481045599902135,False,False,False,True,True,,0.0,0.0,0.0,0.0,0,,,False,False,False,False,,,False,False,False,False,-61190,-45929.83104906794,False,False,False,False,32531.161648033325,False,False,False,False
2024-08-21 00:00:00+00:00,35.73,36.5,35.56,36.5,18054,,,,,,,,,,,,,,,,,,,,,,#000000,,,,35.315001755293714,-20.443580718290754,False,False,False,True,True,,0.0,0.0,0.0,0.0,0,,,False,False,False,False,,,False,False,False,False,-79244,-47236.26904714371,False,False,False,False,31963.429818698685,False,False,False,False
2024-08-22 00:00:00+00:00,36.37,36.735,35.28,35.28,44829,,,,,,,,,,,,,,,,,,,,,,#000000,,,,39.747993489558866,-16.627483463426685,False,False,False,True,True,,0.0,0.0,0.0,0.0,0,,,False,False,False,False,,,False,False,False,False,-34415,-46733.474182549835,False,False,False,False,32467.961982671288,False,False,False,False
2024-08-23 00:00:00+00:00,36.93,37.62,36.04,36.66,31151,,,,,,,,,,,,,,,,,,,,,,#000000,,,,44.67883102977872,-12.358851413559648,False,False,False,False,True,,0.0,0.0,0.0,0.0,0,,,False,False,False,False,,,False,False,False,False,-3264,-45028.78892048906,False,False,False,False,32416.316414723395,False,False,False,False
2024-08-26 00:00:00+00:00,36.89,37.045,36.75,37.0,45803,,,,,,,,,,,,,,,,,,,,,,#000000,,,,47.802788399555595,-9.759597569472007,False,False,False,False,True,,0.0,0.0,0.0,0.0,1,,,False,False,False,False,,,False,False,False,False,-49067,-45187.15013929341,False,False,False,False,32941.284398459735,False,False,False,False
2024-08-27 00:00:00+00:00,36.54,36.99,35.61,36.95,17214,,,,,,,,,,,,,,,,,,,,,,#000000,,,,48.451990761266984,-9.31880657604777,False,False,False,False,True,,0.0,0.0,0.0,0.0,1,,,False,False,False,False,,,False,False,False,False,-66281,-46014.35993775249,False,False,False,False,32324.528147539746,False,False,False,False
2024-08-28 00:00:00+00:00,36.44,36.44,36.1388,36.36,12036,,,,,,,,,,,,,,,,,,,,,,#000000,,,,48.48024232471445,-9.22178394482826,False,False,False,False,True,,0.0,0.0,0.0,0.0,1,,,False,False,False,False,,,False,False,False,False,-78317,-47281.130136272,False,False,False,False,31528.899592734266,False,False,False,False
2024-08-29 00:00:00+00:00,36.67,36.91,36.01,36.2,35246,,,,,,,,,,,,,,,,,,,,,,#000000,,,,49.49628054028651,-8.028712720447103,False,False,False,False,True,,0.0,0.0,0.0,0.0,0,,,False,False,False,False,,,False,False,False,False,-43071,-47116.0269936731,False,False,False,False,31674.668236156453,False,False,False,False
2024-08-30 00:00:00+00:00,36.9,36.9,36.18,36.78,32966,,,,,,,,,,,,,,,,,,,,,,#000000,,,,51.144704350108334,-6.185690381417068,False,False,True,False,True,,0.0,0.0,0.0,0.0,0,,,False,False,False,False,,,False,False,False,False,-10105,-45664.614170391804,False,False,False,False,31725.30869748365,False,False,False,False
2024-09-03 00:00:00+00:00,36.93,37.71,36.3,36.3,47247,,,,,,,,,,,,,,,,,,,,,,#000000,,,,52.37348701817431,-4.720546325641848,False,False,True,False,True,,0.0,0.0,0.0,0.0,0,,,False,False,False,False,,,False,False,False,False,37142,-42417.29596763134,False,False,False,False,32334.002474052922,False,False,False,False
2024-09-04 00:00:00+00:00,37.02,37.67,36.75,37.2,61359,,,,,,,,,,,,,,,,,,,,,,#000000,,,,53.605807084282446,-3.2297232640275197,False,False,True,False,True,,0.0,0.0,0.0,0.0,0,,,False,False,False,False,,,False,False,False,False,98501,-36891.088282626195,False,False,False,False,33472.23767114889,False,False,False,False
2024-09-05 00:00:00+00:00,36.98,37.36,36.3,36.87,74507,,,,,,,,,,,,,,,,,,,,,,#000000,,,,54.179950507606364,-2.3340333138704636,False,False,True,False,True,,0.0,0.0,0.0,0.0,0,,,False,False,False,False,,,False,False,False,False,23994,-34503.4377617389,False,False,False,False,35081.44403698619,False,False,False,False
2024-09-06 00:00:00+00:00,36.66,37.17,36.18,36.68,35503,,,,,,,,,,,,,,,,,,,,,,#000000,,,,52.638524797923196,-2.3340333138704636,False,False,True,False,True,,0.0,0.0,0.0,0.0,0,,,False,False,False,False,,,False,False,False,False,-11509,-33601.695104415805,False,False,False,False,35097.97564337889,False,False,False,False
2024-09-09 00:00:00+00:00,38.08,39.18,36.99,37.05,65400,,,,,,,,,,38.083333333333336,,,,,,,,,,,38.083333333333336,#000000,,38.083333333333336,,57.28472643413384,1.0241498909423186,False,False,True,False,True,,0.0,0.0,0.0,0.0,0,,,False,False,False,False,,,False,False,False,False,53891,-30170.609021889697,False,False,False,False,36286.290324030706,False,False,False,False
2024-09-10 00:00:00+00:00,37.56,38.21,37.09,37.78,55402,,,,,,,,,,37.87084021787719,,,,,,,,,,,37.87084021787719,#000000,,37.87084021787719,,57.726689362175435,1.5876452751581382,False,False,True,False,True,,0.0,0.0,0.0,0.0,0,,,False,False,False,False,,,False,False,False,False,-1511,-29046.70278573716,False,False,False,False,37035.92599759813,False,False,False,False
2024-09-11 00:00:00+00:00,37.22,38.04,36.375,37.75,54132,,,,,,,,,,37.6668639601221,,,,,,,,,,,37.6668639601221,#000000,,37.6668639601221,,56.473185227037305,1.5876452751581382,False,False,True,False,True,,0.0,0.0,0.0,0.0,1,,,False,False,False,False,,,False,False,False,False,-55643,-30089.694833355312,False,False,False,False,37706.360272202124,False,False,False,False
2024-09-12 00:00:00+00:00,36.98,37.52,36.64,37.4,72638,,,,,,,,,,37.48489713430167,,,,,,,,,,,37.48489713430167,#000000,,37.48489713430167,,54.594837493731035,1.5876452751581382,False,False,True,False,False,,0.0,0.0,0.0,0.0,1,,,False,False,False,False,,,False,False,False,False,-128281,-33940.334251655106,False,False,False,False,39076.228496821655,False,False,False,False
2024-09-13 00:00:00+00:00,34.59,37.1,33.77,36.83,86918,,,,,,,,,,36.879034888935394,,,,,,,,,,,36.879034888935394,#000000,,36.879034888935394,,46.761525177951846,3.0460081988416334,False,False,False,True,False,,0.0,0.0,0.0,0.0,1,,,False,False,False,False,,,False,False,False,False,-215199,-41048.51722217844,False,False,False,False,40952.37639890709,False,False,False,False
2024-09-16 00:00:00+00:00,35.97,36.21,34.6,34.6,40698,,,,,,,,,,36.73957018881201,,,,,,,,,,,36.73957018881201,#000000,,36.73957018881201,,46.083794538626464,2.5350602587493327,False,False,False,True,False,,0.0,0.0,0.0,0.0,1,,,False,False,False,False,,,False,False,False,False,-174501,-46281.94791934791,False,False,False,False,40942.400853851905,False,False,False,False
2024-09-17 00:00:00+00:00,36.78,37.79,35.62,36.39,83193,,,,,,,,,,36.737833265340406,,,,,,,,,,,36.737833265340406,#000000,,36.737833265340406,,47.71897146928042,2.5350602587493327,False,False,False,False,False,,0.0,0.0,0.0,0.0,1,,,False,False,False,False,,,False,False,False,False,-91308,-48047.67545192251,False,False,False,False,42599.28709487732,False,False,False,False
2024-09-18 00:00:00+00:00,37.0,37.51,36.24,36.31,172906,,,,,,,,,,36.78681473983571,,,,,,,,,,,36.78681473983571,#000000,,36.78681473983571,,49.34388241330059,2.5350602587493327,False,False,False,False,False,,0.0,0.0,0.0,0.0,1,,,False,False,False,False,,,False,False,False,False,81598,-42963.531316552995,False,False,False,False,47709.35426762723,False,False,False,False
2024-09-19 00:00:00+00:00,36.39,37.93,35.8,37.425,137205,,,,,,,,,,36.77250526572387,,,,,,,,,,,36.77250526572387,#000000,,36.77250526572387,,48.83568780580463,2.5350602587493327,False,False,False,False,False,,0.0,0.0,0.0,0.0,1,,,False,False,False,False,,,False,False,False,False,-55607,-43459.35361786464,False,False,False,False,51218.98743360263,False,False,False,False
2024-09-20 00:00:00+00:00,35.91,37.27,35.6,35.88,782849,,,,,,,,,,36.51388112392225,,,,,,,,,,,36.51388112392225,#000000,,36.51388112392225,,47.3356544083847,2.5350602587493327,False,False,False,False,False,,0.0,0.0,0.0,0.0,1,,,False,False,False,False,,,False,False,False,False,-838456,-74635.69269167387,False,False,False,False,79910.36047542213,False,False,False,False
2024-09-23 00:00:00+00:00,35.78,36.95,34.94,36.46,137711,,,,,,,,,,36.463015139064204,,,,,,,,,,,36.463015139064204,#000000,,36.463015139064204,,46.02169697879894,2.1021882114399375,False,False,False,True,False,,0.0,0.0,0.0,0.0,1,,,False,False,False,False,,,False,False,False,False,-976167,-109989.86160572588,False,False,False,False,82177.05222148402,False,False,False,False
2024-09-24 00:00:00+00:00,35.82,36.4,35.71,36.0,107369,,,,,,,,,,36.43394692558148,,,,,,,,,,,36.43394692558148,#000000,,36.43394692558148,,45.28041978721966,1.1385265217797382,False,False,False,True,False,,0.0,0.0,0.0,0.0,1,,,False,False,False,False,,,False,False,False,False,-868798,-139747.04350354057,False,False,False,False,83164.97174221014,False,False,False,False
2024-09-25 00:00:00+00:00,34.38,36.56,34.1,35.45,62243,,,,,,,,,,36.386373371769544,,,,,,,,,,,36.386373371769544,#000000,,36.386373371769544,,41.5687702994712,-2.5809777082836547,False,False,False,True,False,,0.0,0.0,0.0,0.0,1,,,False,False,False,False,,,False,False,False,False,-931041,-170778.17905242133,False,False,False,False,82344.50226212347,False,False,False,False
2024-09-26 00:00:00+00:00,33.61,35.04,33.13,34.61,52874,,,,,,,,,,36.31833677907528,,,,,,,,33.92666666666666,,,35.12250172287097,#000000,,35.12250172287097,,37.788229742393185,-6.214434900886232,False,False,False,True,False,,0.0,0.0,0.0,0.0,1,,,False,False,False,False,,,False,False,False,False,-983915,-202665.89752095382,False,False,False,False,81188.7962910598,False,False,False,False
2024-09-27 00:00:00+00:00,34.59,35.33,33.69,34.04,44945,,,,,,,,,,36.27740764081944,,,,,,,,34.20694401564795,,,35.2421758282337,#000000,,35.2421758282337,,38.48713692292873,-6.214434900886232,False,False,False,True,False,,0.0,0.0,0.0,0.0,1,,,False,False,False,False,,,False,False,False,False,-938970,-231540.56820640663,False,False,False,False,79767.47094631236,False,False,False,False
2024-09-30 00:00:00+00:00,35.03,35.85,34.0,34.55,58107,,,,,,,,,,36.2394095341153,,,,,,,,34.48757600827743,,,35.36349277119636,#000000,,35.36349277119636,,40.23527243537499,-6.214434900886232,False,False,False,True,False,,0.0,0.0,0.0,0.0,1,,,False,False,False,False,,,False,False,False,False,-880863,-257004.19298262597,False,False,False,False,78918.04071312364,False,False,False,False
2024-10-01 00:00:00+00:00,34.45,35.2,34.26,34.5,23265,,,,,,,,,,36.22111195513584,,,,,,,,34.50693297468437,,,35.36402246491011,#000000,,35.36402246491011,,40.16303655975307,-6.214434900886232,False,False,False,True,False,,0.0,0.0,0.0,0.0,1,,,False,False,False,False,,,False,False,False,False,-904128,-282381.5971793857,False,False,False,False,76735.56852829528,False,False,False,False
2024-10-02 00:00:00+00:00,37.75,38.05,35.49,35.84,126925,,,,,,,,,,36.27244732490138,,,,,,,,35.58071529529111,,,35.92658131009624,#000000,,35.92658131009624,,47.0526275024302,-9.02668080834382,False,False,False,False,True,,0.0,0.0,0.0,0.0,1,,,False,False,False,False,,,False,False,False,False,-777203,-301786.35807431175,False,False,False,False,78703.78152718565,False,False,False,False
2024-10-03 00:00:00+00:00,37.99,38.8,37.1,37.1,134577,,,,,,,,,37.96333333333334,36.37141167291552,,,,,,,,36.30830930678121,,,36.881018104343354,#000000,,36.881018104343354,,51.998329811112164,-4.525875342430595,False,False,True,False,True,,0.0,0.0,0.0,0.0,1,,,False,False,False,False,,,False,False,False,False,-642626,-315152.6185419858,False,False,False,False,80894.88813396268,False,False,False,False
2024-10-04 00:00:00+00:00,37.12,38.5999,37.0,38.49,77241,,,,,,,,,37.82110479421013,36.4104738349944,,,,,,,,36.49696103872952,,,36.909513222644684,#000000,,36.909513222644684,,53.289622910101414,-3.469918221570339,False,False,True,False,True,,0.0,0.0,0.0,0.0,1,,,False,False,False,False,,,False,False,False,False,-719867,-331023.77075602557,False,False,False,False,80751.59840321905,False,False,False,False
2024-10-07 00:00:00+00:00,35.03,36.99,34.93,36.65,52102,,,,,,,,,37.39249422287057,36.39415967196443,,,,,,,,36.41954774546404,,,36.73540054676634,#000000,,36.73540054676634,,50.34349562561725,-3.469918221570339,False,False,False,False,True,,0.0,0.0,0.0,0.0,1,,,False,False,False,False,,,False,False,False,False,-771969,-348315.7405302991,False,False,False,False,79628.08474034771,False,False,False,False
2024-10-08 00:00:00+00:00,35.16,35.415,34.14,34.67,64048,,,,,,,,,36.90671808011757,36.35589760188355,,,,,,,,36.26656524787463,,,36.50972697662525,#000000,,36.50972697662525,,48.634809024730785,-3.469918221570339,False,False,False,False,False,,0.0,0.0,0.0,0.0,1,,,False,False,False,False,,,False,False,False,False,-707921,-362417.90756832657,False,False,False,False,79017.10102503996,False,False,False,False
2024-10-09 00:00:00+00:00,35.88,36.23,35.14,35.16,112622,,,,,,,,,36.611042046573914,36.32970654275593,,,,,,,,36.18865424763339,,,36.37646761232108,#000000,,36.37646761232108,,48.91123554845885,-3.469918221570339,False,False,False,False,False,,0.0,0.0,0.0,0.0,1,,,False,False,False,False,,,False,False,False,False,-595299,-371550.4994283922,False,False,False,False,80334.9402005286,False,False,False,False
2024-10-10 00:00:00+00:00,35.91,37.02,35.56,35.74,69709,,,,,,,,,36.54988314426117,36.32537107824978,,,,,,,,36.18649223981269,,,36.35391548744121,#000000,,36.35391548744121,,49.15515808113092,-3.469918221570339,False,False,False,False,False,0.0,0.0,0.0,0.0,0.0,1,,,False,False,False,False,-0.0700069094760566,-0.0700069094760566,False,False,False,False,-525590,-377591.26415669057,False,False,False,False,79918.23666325297,False,False,False,False
2024-10-11 00:00:00+00:00,36.15,36.87,35.7,36.25,61849,,,,,,,,,36.51638488403933,36.32344186570978,,,,,,,,36.19026035675682,,,36.34336236883531,#000000,,36.34336236883531,,49.824930579741874,-3.469918221570339,False,False,False,False,False,0.0,0.0,0.0,0.0,0.0,1,0.9277261496293777,1.0196314783878682,False,False,False,False,0.033011977748278264,-0.01849746586388917,False,False,False,False,-463741,-380969.68517015374,False,False,False,False,79209.63914704697,False,False,False,False
2024-10-14 00:00:00+00:00,35.85,36.45,35.78,36.17,40495,,,,,,,,,36.484015071256835,36.31911486485854,,,,,,,,36.18304984074533,,,36.3287265922869,#000000,,36.3287265922869,,49.59118286408862,-3.469918221570339,True,False,False,False,False,0.0,0.0,0.0,0.0,0.0,1,0.9741290100034494,1.0031358775753394,False,False,False,False,0.004950032055764555,-0.006773716904062307,False,False,False,False,-504236,-385803.658300736,False,False,False,False,77691.41800402553,False,False,False,False
2024-10-15 00:00:00+00:00,35.09,36.3694,35.0,36.24,57888,,,,,,,,,36.39789514235733,36.30211484655475,,,,,,,,36.141761835170065,,,36.28059060802738,#000000,,36.28059060802738,,47.79736221927769,-3.469918221570339,True,False,False,False,False,0.0,0.0,0.0,0.0,0.0,1,0.9904161548533402,0.9883994978605078,False,False,False,False,-0.0661458066046845,-0.036459761754373404,False,False,False,False,-562124,-392718.1815046287,False,False,False,False,76914.81337641669,False,False,False,False
2024-10-16 00:00:00+00:00,35.48,36.14,35.16,35.27,88440,,,,,,,,,36.3041426190197,36.28067504643864,,,,,,,,36.09622281657117,,,36.22701349400984,#000000,,36.22701349400984,,47.59543696243837,-3.469918221570339,True,False,False,False,False,0.0,0.0,0.0,0.0,0.0,1,0.9778485772496683,0.9950774616110374,False,False,False,False,-0.0718986421123723,-0.054179201933372854,False,False,False,False,-473684,-395893.3116417021,False,False,False,False,77366.78147930231,False,False,False,False
2024-10-17 00:00:00+00:00,35.73,36.2675,34.7,35.77,71623,,,,,,,,,36.24047742764014,36.263582320115404,,,,,,,,36.06280348713979,,,36.18895441163178,#000000,,36.18895441163178,,48.100132154764594,-3.469918221570339,True,False,False,False,False,0.0,0.0,0.0,0.0,0.0,1,0.9623393430611952,0.9981169671530599,False,False,False,False,-0.09953364998773004,-0.07685642596055145,False,False,False,False,-402061,-396135.18177340005,False,False,False,False,77141.53514678066,False,False,False,False
2024-10-18 00:00:00+00:00,35.74,36.01,35.27,35.89,75177,,,,,,,,,36.193405715719905,36.249131119637276,,,,,,,,36.038643480676555,,,36.160393438677914,#000000,,36.160393438677914,,48.46366045845435,-3.469918221570339,True,False,False,False,False,0.0,0.0,0.0,0.0,0.0,1,0.9682892024734422,0.9971046663127926,False,False,False,False,-0.07355738529418836,-0.0752069056273699,False,False,False,False,-326884,-393419.44915483537,False,False,False,False,77064.49455278927,False,False,False,False
2024-10-21 00:00:00+00:00,35.97,36.29,35.505,35.6102,99562,,,,,,,,,36.166494350827044,36.23884662319609,,,,,,,,36.029762887106806,,,36.14503462037664,#000000,,36.14503462037664,,49.363135560517684,-3.469918221570339,True,False,False,False,False,0.0,0.0,0.0,0.0,0.0,1,0.9770525420064032,0.9928855905308607,False,False,False,False,-0.030947383547791474,-0.053077144587580685,False,False,False,False,-227322,-386905.823697783,False,False,False,False,77946.74966836616,False,False,False,False
2024-10-22 00:00:00+00:00,35.47,36.335,35.19,35.95,47867,,,,,,,,,36.14370188017471,36.230310735368164,,,,,,,,36.016918114355555,,,36.130310243299476,#000000,,36.130310243299476,,48.51483602946003,-3.469918221570339,True,False,False,False,False,0.0,0.0,0.0,0.0,0.0,1,0.9804913649728771,0.9840702872260545,False,False,False,False,-0.05326281741727181,-0.053169981002426245,False,False,False,False,-275189,-382524.771788066,False,False,False,False,76767.15164215572,False,False,False,False
2024-10-23 00:00:00+00:00,35.16,35.78,34.5,35.46,72465,,,,,,,,,36.079517458746615,36.2064457969059,,,,,,,,35.972873130411244,,,36.08627879535459,#000000,,36.08627879535459,,47.09510559850756,-3.469918221570339,True,False,False,True,False,0.0,0.0,0.0,0.0,0.0,1,0.9897745428723593,0.9806568436002131,False,False,False,False,-0.1572074119741705,-0.10518869648829837,False,False,False,False,-347654,-381157.29054147523,False,False,False,False,76598.43981305158,False,False,False,False
2024-10-24 00:00:00+00:00,34.76,35.47,34.51,35.46,38494,,,,,,,,,36.04095649609146,36.19149296323344,,,,,,,,35.945132792754194,,,36.059194084026366,#000000,,36.059194084026366,,45.08518671664315,-0.961807294424105,False,False,False,True,False,0.0,0.0,0.0,0.0,0.0,1,0.9901950042241785,0.9828437803657881,False,False,False,False,-0.18268038249583643,-0.14393453949206741,False,False,False,False,-386148,-381353.004637888,False,False,False,False,75104.14805567701,False,False,False,False
2024-10-25 00:00:00+00:00,34.92,35.88,34.76,35.1,42258,,,,,,,,,36.0110326972625,36.178897452012855,,,,,,,,35.92394233836001,,,36.03795749587845,#000000,,36.03795749587845,,44.34919377303261,-1.7943953385561997,False,False,False,True,False,0.0,0.0,0.0,0.0,0.0,1,0.9806868004369971,0.9769394632083549,False,False,False,False,-0.12690185801481818,-0.1354181987534428,False,False,False,False,-343890,-379883.86720110814,False,False,False,False,73816.06381819949,False,False,False,False
2024-10-28 00:00:00+00:00,35.0,35.23,34.0,35.07,65553,,,,,,,,,35.945699791294864,36.1515153221891,,,,,,,,35.87490035832437,,,35.99070515726944,#000000,,35.99070515726944,,44.17514023188449,-2.1281468735378084,False,False,False,True,False,0.0,0.0,0.0,0.0,0.0,1,0.967501924228171,0.9798255366458568,False,False,False,False,-0.24748173732564788,-0.19144996803954534,False,False,False,False,-278337,-375901.6371147902,False,False,False,False,73492.02209983872,False,False,False,False
2024-10-29 00:00:00+00:00,34.41,35.9937,34.25,34.44,37781,,,,,,,,,35.915090407845966,36.13773890541391,,,,,,,,35.85174511274752,,,35.9681914753358,#000000,,35.9681914753358,,42.32268385978192,-4.039819735198918,False,True,False,True,False,0.0,0.0,0.0,0.0,0.0,1,0.96887454602818,0.9824042149523855,False,False,False,False,-0.1602782657281557,-0.1758641168838505,False,False,False,False,-316118,-373557.18075734744,False,False,False,False,72091.58986062936,False,False,False,False
2024-10-30 00:00:00+00:00,35.21,35.41,34.0,34.0,80869,,,,,,,,,35.85450890257583,36.108979493193466,,,,,,,,35.80511252984161,,,35.92286697520364,#000000,,35.92286697520364,,44.16881203021746,-4.039819735198918,False,True,False,True,True,0.0,0.0,0.0,0.0,0.0,1,0.9536267402268355,0.9985947497038435,False,False,False,False,-0.23176235450313873,-0.20381323569349463,False,False,False,False,-235249,-368133.33053156914,False,False,False,False,72435.80202295762,False,False,False,False
2024-10-31 00:00:00+00:00,34.92,35.7828,34.63,35.48,49090,,,,,,,,,35.829155098897225,36.09538697775091,,,,,,,,35.785593255437064,,,35.9033784440284,#000000,,35.9033784440284,,44.49587027824271,-4.039819735198918,False,True,False,True,True,0.0,0.0,0.0,0.0,0.0,1,0.9625916819032007,0.9935158915298881,False,False,False,False,-0.14599756262337552,-0.17490539915843506,False,False,False,False,-284339,-364847.27835386054,False,False,False,False,71520.2803749985,False,False,False,False
2024-11-01 00:00:00+00:00,33.48,35.0,33.29,35.0,63974,,,,,,,,,35.74807221071714,36.0575087377442,,,,,,,,35.7197648676281,,,35.84178193869648,#000000,,35.84178193869648,,41.15774243488477,-5.126270167121781,False,True,False,True,False,0.0,0.0,0.0,0.0,0.0,1,0.9479264828038726,1.0077482043013006,False,False,False,False,-0.33175852115290577,-0.2533319601556704,False,False,False,False,-348313,-364198.8752811601,False,False,False,False,71224.34781127308,False,False,False,False
2024-11-04 00:00:00+00:00,32.88,33.618,31.81,33.0,96255,,,,,,,,,35.56886630934054,35.97343783536037,,,,,,,32.76933333333333,35.57076927865845,,,34.97060168917318,#000000,,34.97060168917318,,37.809181793302564,-8.206775939600298,False,True,False,True,False,0.0,0.0,0.0,0.0,0.0,1,0.916918901993529,1.0392721706154544,False,False,False,False,-0.34282825441539394,-0.29808010728553214,False,False,False,False,-444568,-367350.6056622911,False,False,False,False,72205.94201475257,True,False,False,False
2024-11-05 00:00:00+00:00,34.67,34.94,33.08,33.26,50921,,,,,,,,,35.52756879693008,35.950171070672305,,,,,,,33.27470518291025,35.53588213009937,,,35.072081795153004,#000000,,35.072081795153004,,41.152394832396276,-8.206775939600298,False,True,False,True,True,0.0,0.0,0.0,0.0,0.0,1,0.9238004686067438,1.0098475330231929,False,False,False,False,-0.172433670493603,-0.23525688888956758,False,False,False,False,-393647,-368381.83681278955,False,False,False,False,71371.2384063309,False,False,False,False
2024-11-06 00:00:00+00:00,35.64,35.98,35.01,35.11,57906,,,,,,,,,35.52810301943039,35.94408921543724,,,,,,,33.91526447957402,35.536096271361465,,,35.230888246450775,#000000,,35.230888246450775,,45.57957153722353,-9.25287171534616,False,True,False,True,True,0.0,0.0,0.0,0.0,0.0,1,0.9608442948914043,0.992250433363924,False,False,False,False,0.011735777224619227,-0.11176055583247418,False,False,False,False,-335741,-367101.8039966017,False,False,False,False,70843.18984137675,False,False,False,False
2024-11-07 00:00:00+00:00,35.8,36.51,35.33,35.33,64323,,,,,,,,,35.54086891526595,35.9430423521199,,,,,,,34.384363727473506,35.54673539522718,,,35.353752597521634,#000000,,35.353752597521634,,48.871654247894355,-6.444171449228442,True,False,False,False,True,0.0,0.0,0.0,0.0,0.0,1,0.959790828358982,0.9791474116556552,False,False,False,False,0.06404758197417497,-0.023856486929149608,False,False,False,False,-271418,-363349.4979575193,False,False,False,False,70587.49612210708,False,False,False,False
2024-11-08 00:00:00+00:00,35.86,36.14,35.46,35.59,79784,,,,,,,,,35.55288819260683,35.9405989327849,,,,,,,34.71238323658534,35.55683370662533,,,35.4406760171506,#000000,,35.4406760171506,,51.20247633491098,-4.495604964371665,True,False,False,False,True,0.0,0.0,0.0,0.0,0.0,1,0.9631635121769557,0.9904198145222122,False,False,False,False,0.04925408289587371,0.012698797983362053,False,False,False,False,-191634,-356615.556861146,False,False,False,False,70948.14333300486,False,False,False,False
2024-11-11 00:00:00+00:00,36.0,36.3,35.6,36.1516,72557,,,,,,,,,35.56848082632624,35.94106135319052,,,,,,,34.928169617099705,35.57015910976815,,,35.501967726596156,#000000,,35.501967726596156,,53.09452391080022,-2.868403262993027,True,False,True,False,True,0.0,0.0,0.0,0.0,0.0,1,0.9627486627984664,0.9881227620516849,False,False,False,False,0.06775008265972823,0.040224440321545145,False,False,False,False,-119077,-347300.31933717954,False,False,False,False,71011.2357513184,False,False,False,False
2024-11-12 00:00:00+00:00,35.73,38.01,35.35,36.75,53204,,,,,,,,,35.589853820413474,35.94648358674756,,,,,,,35.08893696178545,35.58862942003866,,,35.553475947246284,#000000,,35.553475947246284,,53.47435590576916,-2.538507814520713,True,False,True,False,True,0.0,0.0,0.0,0.0,0.0,1,0.9584557208330624,0.9763741798986746,False,False,False,False,0.15866884207234475,0.09944664119694495,False,False,False,False,-172281,-340436.81661807443,False,False,False,False,70312.91278067847,False,False,False,False
2024-11-13 00:00:00+00:00,35.02,35.8,34.7,35.71,33562,,,,,,,,,35.58290655454703,35.940271324861186,,,,,,,35.09450715682881,35.58261721492476,,,35.55007556279045,#000000,,35.55007556279045,,51.58445474959673,-2.538507814520713,True,False,False,False,True,0.0,0.0,0.0,0.0,0.0,1,0.9439893116246676,1.005164106020421,False,False,False,False,-0.01837295353626668,0.040536843830339134,False,False,False,False,-205843,-335158.6277310911,False,False,False,False,68871.70051476952,False,False,False,False
2024-11-14 00:00:00+00:00,35.34,35.96,35.18,35.18,23568,,,,,,,,,35.58186956711746,35.93776368904442,,,,,,,35.1121727998296,35.58171868787754,,,35.553381185967254,#000000,1.1257469512275806,35.553381185967254,-0.1895463147686673,51.29032305918673,-2.538507814520713,True,False,False,False,True,0.0,0.0,0.0,0.0,0.0,1,0.954112197004561,0.996817031006097,False,False,False,False,0.020954465587332737,0.030745654708835935,False,False,False,False,-182275,-329163.1913494797,False,False,False,False,67095.08480830798,False,False,False,False
2024-11-15 00:00:00+00:00,35.54,35.73,35.16,35.61,33266,,,,,,,,,35.58017810798618,35.93414074575068,,,,,,,35.13362029034727,35.58024734231074,,,35.557046621598715,#000000,1.0643642098319381,35.557046621598715,-0.016015778660396534,51.698312030236664,-2.538507814520713,True,False,False,False,True,0.0,0.0,0.0,0.0,0.0,1,0.9551888270808855,0.9973326682786244,False,False,False,False,0.005591189604637227,0.018168422156736582,False,False,False,False,-149009,-322098.3211004805,False,False,False,False,65768.45403151159,False,False,False,False
2024-11-18 00:00:00+00:00,36.14,36.14,35.34,35.54,37466,,,,,,,,,35.58539214763917,35.933607366377956,,,,,,,35.17959497046066,35.58479874126741,,,35.570848306436304,"rgba(38, 166, 154, 0.5)",1.038849380822856,35.570848306436304,0.5478673848877696,53.682740587671134,-1.8680660472675328,True,False,True,False,True,0.0,0.0,0.0,0.0,0.0,1,0.9500418365494474,1.0236141045818192,False,False,False,False,0.051473977322170884,0.03482119973945373,False,False,False,False,-111543,-313841.2496847754,False,False,False,False,64658.5538734131,False,False,False,False
2024-11-19 00:00:00+00:00,36.0,36.11,35.4,35.91,60998,,,,,,,,,35.59246355965306,35.93224245067757,,,,,,,35.239973782658694,35.59100967982018,,,35.588922368202375,#000000,1.0385465068290598,35.588922368202375,0.39582014776858343,54.48648997058915,-0.877177659539548,True,False,True,False,True,0.0,0.0,0.0,0.0,0.0,1,0.9488208909555674,1.010427914979563,False,False,False,False,0.05336993482761912,0.044095567283536426,False,False,False,False,-172541,-308300.06342262734,False,False,False,False,64515.002741122385,False,False,False,False
2024-11-20 00:00:00+00:00,36.0,36.14,35.69,35.82,38875,,,,,,,,,35.59864569077067,35.93234108791534,,,,,,,35.278886101169086,35.59646108829837,,,35.601583492038365,#000000,1.0385179668968483,35.601583492038365,0.38363949460800006,55.02232289253449,-0.10704907135693276,True,False,True,False,True,0.0,0.0,0.0,0.0,0.0,1,0.9619765496474636,1.0078139934669434,False,False,False,False,0.07362010455317756,0.058857835918357,False,False,False,False,-172541,-302976.1785825243,False,False,False,False,63509.51243754896,False,False,False,False
2024-11-21 00:00:00+00:00,36.0,36.53,35.75,35.75,83099,,,,,,,,,35.616600974884406,35.93534457909993,,,,,,,35.36501632340015,35.61236871705943,,,35.63233264861098,#000000,1.0382903480466543,35.63233264861098,0.3541084168611532,55.37954484049804,0.5255922592714128,True,False,True,False,True,0.0,0.0,0.0,0.0,0.0,1,0.9590589425469812,0.9951094299970799,False,False,False,False,0.10220310398948382,0.08053046995392041,False,False,False,False,-172541,-297861.07354007236,False,False,False,False,64277.72763607645,False,False,False,False
2024-11-22 00:00:00+00:00,37.35,38.7418,35.74,35.74,86883,,,,,,,,37.27726666666666,35.67731743356375,35.96101884763217,,,,,,,35.555400566844696,35.66629345445815,,,36.02745939383309,"rgba(38, 166, 154, 1.0)",1.0445939769003898,36.02745939383309,1.2660810184750138,59.38597063160753,4.524244710784181,True,False,True,False,True,3.426203951801355,0.0,0.0,0.0,0.0,0,0.9990173797448281,0.9581431846160977,False,False,False,False,0.24542960227554028,0.16298003611473033,False,False,False,False,-85658,-289539.3843816382,False,False,False,False,65164.20890524993,False,False,False,False
2024-11-25 00:00:00+00:00,37.36,38.1099,36.86,37.16,45794,,,,,,,,37.33457373923136,35.710705775569444,35.9758173418503,,,,,,,35.64953027582735,35.69612059993526,,,36.07334954648274,"rgba(38, 166, 154, 1.0)",1.057818629185669,36.07334954648274,1.2163242525873754,62.07967218335552,7.12312092296721,True,False,True,False,True,3.459353794884894,0.0,0.0,0.0,0.0,0,1.0032454704521083,0.9544237173336345,False,False,False,False,0.27835319453799867,0.2206666153263645,False,False,False,False,-39864,-279748.19283726026,False,False,False,False,64404.59286974993,False,False,False,False
2024-11-26 00:00:00+00:00,37.13,38.115,36.88,37.07,42926,,,,,,,,37.344455903372946,35.7396872912653,35.98878996554461,,,,,,,35.72657262545329,35.72212663169248,,,36.10432648346573,"rgba(38, 166, 154, 0.5)",1.062718136590241,36.10432648346573,0.9651416318396301,62.744206253683984,7.8041082033034215,True,False,True,False,True,2.6156721346453047,0.0,0.0,0.0,0.0,0,0.9889894613415701,0.9763344915848028,False,False,False,False,0.2800616881132429,0.2503641517198037,False,False,False,False,-82790,-272024.3421377599,False,False,False,False,63562.2951101519,False,False,False,False
2024-11-27 00:00:00+00:00,37.46,37.59,36.85,36.85,30613,,,,,,,,37.337856373899214,35.75882667467783,35.99740285747657,,,,,,,35.77512840389784,35.739366776393744,,,36.12171621726904,"rgba(38, 166, 154, 1.0)",1.0657178268596632,36.12171621726904,1.2557580899950458,64.06805614840766,9.166288059593853,True,False,True,False,True,3.737573091615438,0.0,0.0,0.0,0.0,0,0.9795397893462823,0.9796838753368012,False,False,False,False,0.24263512146986124,0.24649963659483248,False,False,False,False,-52177,-263402.8777402007,False,False,False,False,62270.165890145945,False,False,False,False
2024-11-29 00:00:00+00:00,37.79,38.16,37.2,37.2,47161,,,,,,,,37.40836424247925,35.79513785049161,36.014626446973445,,,,,,,35.863242647995186,35.77209851267415,,,36.170693940122725,"rgba(38, 166, 154, 1.0)",1.0802797935870272,36.170693940122725,1.4989691277112864,65.78107765316658,10.899336025844597,True,False,True,False,True,4.84707909092489,0.0,0.0,0.0,0.0,1,0.990766930957162,0.9771371623701145,False,False,False,False,0.30509290634015873,0.27579627146749564,False,False,False,False,-5016,-253270.0590052909,False,False,False,False,61677.64958072846,False,False,False,False
2024-12-02 00:00:00+00:00,37.88,38.2703,37.54,38.01,62242,,,,,,,,37.504680192045896,35.845350983786716,36.03918649687718,,,,,,,35.97816025941457,35.817524268020236,,,36.23698044002892,"rgba(38, 166, 154, 1.0)",1.095518356061854,36.23698044002892,1.4997645186680135,67.14851827818043,12.302334464457793,True,False,True,False,True,5.149728367058351,0.0,0.0,0.0,0.0,0,0.9986625711623598,0.9653709953294017,False,False,False,False,0.33649716026010085,0.30614671586379827,False,False,False,False,57226,-241093.74296586774,False,False,False,False,61699.780969719504,False,False,False,False
2024-12-03 00:00:00+00:00,38.01,38.1,37.43,37.98,88992,,,,,,,,37.5798982665655,35.911459321831316,36.07229123921893,,,,,,,36.117846768677616,35.87771283587678,,,36.31184168643402,"rgba(0, 255, 255, 0.75)",1.1125073215671617,36.31184168643402,1.526424393480685,68.39864425280427,13.607592417688153,True,False,True,False,True,5.591079189738576,0.0,0.0,0.0,0.0,0,1.0069746320502542,0.9623976359029802,False,False,False,False,0.31687732617629893,0.3115120210200486,False,False,False,False,146218,-225905.0471632847,False,True,False,False,62770.06406894619,False,True,False,False
2024-12-04 00:00:00+00:00,37.3,38.4,37.01,38.4,47273,,,,,,,,37.57886277791056,35.94005987859275,36.08672240133369,,,,,,,36.17331207900664,35.90396396996895,,,36.33658422136252,"rgba(38, 166, 154, 0.5)",1.1219844549355917,36.33658422136252,0.8586712359511088,65.25110690390648,13.607592417688153,True,False,True,False,False,2.8497451610441935,0.0,0.0,0.0,0.0,0,0.9890478040847194,0.9500399830165952,False,False,False,False,0.3085502540530039,0.3100311375365262,False,False,False,False,98945,-213165.82962746962,False,False,False,False,62162.33606624242,False,False,False,False
2024-12-05 00:00:00+00:00,37.95,38.11,36.9,37.62,160821,,,,,,,,37.59840958949793,36.03499920518177,36.13644536831111,,,,,,,36.343508983052416,35.99165411583349,,,36.421003452375345,"rgba(38, 166, 154, 1.0)",1.1438613757124798,36.421003452375345,1.336697418139753,65.1369889144067,13.607592417688153,True,False,True,False,False,5.071807410542142,0.0,0.0,0.0,0.0,0,1.0117731062499906,0.9559655246753607,False,False,False,False,0.2810834608447654,0.2955572991906458,False,False,False,False,259766,-194619.48336756887,False,False,False,False,66031.30327933095,False,False,False,False
2024-12-06 00:00:00+00:00,37.81,38.14,37.09,38.14,96720,,,,,,,,37.60953328052061,36.0880536078813,36.165357463243716,,,,,,,36.429962054936794,36.04106300213807,,,36.466793881744096,"rgba(38, 166, 154, 1.0)",1.1612513753519336,36.466793881744096,1.1566885058360679,64.34215149545983,13.607592417688153,True,False,True,False,False,4.533467137505646,0.0,0.0,0.0,0.0,0,1.0299024066014602,0.9313639060909501,False,False,False,False,0.29613659027923595,0.2958469447349409,False,False,False,False,163046,-180593.38598060538,False,False,False,False,67234.7815821023,False,False,False,False
2024-12-09 00:00:00+00:00,37.39,38.09,36.43,38.0,129292,,,,,,,,37.56233118068034,36.13828271717731,36.19315495976893,,,,,,,36.499472581139266,36.088584013156286,,,36.49636509038443,"rgba(38, 166, 154, 0.5)",1.1707369358540687,36.49636509038443,0.7633097429899159,61.74570034378431,16.461648685452786,True,False,True,False,False,2.9295765663961397,0.0,0.0,0.0,0.0,0,1.012251234040442,0.937813356326367,False,False,False,False,0.24798669971286083,0.27191682222390084,False,False,False,False,33754,-172187.60613822873,False,False,False,False,69668.39799064731,False,False,False,False
2024-12-10 00:00:00+00:00,37.47,38.09,36.5,36.99,80339,,,,,,,,37.54406169758245,36.16870666022756,36.21050137649015,,,,,,,36.539709975246936,36.11749414211223,,,36.51609477033187,"rgba(38, 166, 154, 0.5)",1.1776477241357717,36.51609477033187,0.8100089781671876,60.30843977845008,15.018910054282642,True,False,True,False,False,3.2109593938880785,0.0,0.0,0.0,0.0,1,1.008563870121903,0.9456583514082898,False,False,False,False,0.2526807670481124,0.2622987946360066,False,False,False,False,114093,-160960.91570143544,False,False,False,False,70086.85297140625,False,False,False,False
2024-12-11 00:00:00+00:00,36.58,38.005,36.56,37.78,77008,,,,,,,,37.50573579696352,36.189323805591705,36.2223391874875,,,,,,,36.56169168612212,36.13745212920828,,,36.523308521074625,#000000,1.1753493940944535,36.523308521074625,0.04823372455052044,55.54367406942721,10.516557545408055,True,False,True,False,False,0.0,0.0,0.0,0.0,0.0,1,1.0054072175539914,0.9373535223387609,False,False,False,False,0.25100307249451337,0.25665093356526,False,False,False,False,37085,-153194.40920333992,False,False,False,False,70358.27050193935,False,False,False,False
2024-12-12 00:00:00+00:00,36.29,36.67,35.88,36.6,170280,,,,,,,,37.32678491154125,36.19379174030107,36.224086064534376,,,,,,,36.537120315641864,36.14390441948029,,,36.48513749029977,#000000,1.1744027732740903,36.48513749029977,-0.16615891476120417,51.34678326924649,6.713503382123676,False,False,False,False,False,0.0,0.0,0.0,0.0,0.0,1,0.9916018366137316,1.0095286853805743,False,False,False,False,0.11943014957360201,0.188040541569431,False,False,False,False,-133195,-152410.1186463462,False,False,False,False,74276.76969794172,False,False,False,False
2024-12-13 00:00:00+00:00,35.91,36.51,35.425,36.37,76944,,,,,,,,37.24147597408378,36.18844561629315,36.220362083123895,,,,,,,36.51479305196332,36.139984512368905,,,36.461012247566615,#000000,1.1738269283236171,36.461012247566615,-0.4694152385424805,47.296073082061675,3.1247744830245807,False,True,False,True,False,0.0,0.0,0.0,0.0,0.0,1,0.9578326125999745,1.0244685033269014,False,False,False,False,0.08384413966066295,0.13594234061504698,False,False,False,False,-210139,-154673.9963464895,False,False,False,False,74381.36696468912,False,False,False,False
2024-12-16 00:00:00+00:00,35.3,35.6,34.82,35.6,81852,,,,,,,,37.11784766957957,36.1669682747433,36.20647746467851,,,,,,,36.4653623946354,36.121195754908186,,,36.41557031170899,"rgba(239, 83, 80, 0.5)",1.175134218901157,36.41557031170899,-0.949313102934011,42.847153484595445,-0.7944898479533506,False,True,False,True,False,0.0,0.0,0.0,0.0,0.0,1,0.9440728763319706,1.031251747722615,False,False,False,False,-0.012660594108271686,0.06164087325338765,False,False,False,False,-291991,-160058.9768819213,False,False,False,False,74674.33296607387,False,False,False,False
2024-12-17 00:00:00+00:00,35.5,35.5,34.3,34.86,55642,,,,,,,,37.03653354466286,36.15079274208387,36.19592625601469,,,,,,,36.430296998814406,36.10690598022582,,,36.38409110436032,"rgba(239, 83, 80, 0.5)",1.172708223121411,36.38409110436032,-0.7538883815508066,40.89494151386431,-2.3928223490469946,False,True,False,True,False,0.0,0.0,0.0,0.0,0.0,0,0.9709046642833019,1.008695157800393,False,False,False,False,-0.05212029320217933,0.0047602900256041615,False,False,False,False,-236349,-163050.74249439497,False,False,False,False,73927.96696740431,False,False,False,False
2024-12-18 00:00:00+00:00,34.81,35.6369,34.595,35.16,81241,,,,,,,,36.92414450855653,36.12617402723344,36.179695833338265,,,,,,,36.379107509452545,36.085023259012836,,,36.33882902751872,"rgba(239, 83, 80, 1.0)",1.176513049207256,36.33882902751872,-1.2994577735868338,37.75942542026672,-5.207746806960095,False,True,False,True,False,0.0,0.0,0.0,0.0,0.0,0,0.9890045878567006,0.9799917072769488,False,False,False,False,-0.024622358183314867,-0.009931034078855353,False,False,False,False,-317590,-169111.10553383047,False,False,False,False,74214.75257652572,False,False,False,False
2024-12-19 00:00:00+00:00,34.54,35.17,34.23,34.98,63223,,,,,,,,36.82974073264248,36.101653475009314,36.163486651925176,,,,,,34.64666666666667,36.33171301115375,36.06295556419458,,,36.022702683598666,"rgba(239, 83, 80, 1.0)",1.1826310109700777,36.022702683598666,-1.253732288300515,35.03750640383872,-7.675562485370797,False,True,False,True,False,0.0,0.0,0.0,0.0,0.0,0,0.966004883852825,1.0015146338877456,False,False,False,False,-0.0776567695977038,-0.04379390183827958,False,False,False,False,-380813,-177413.14061093517,True,False,False,False,73783.70345587765,False,False,False,False
2024-12-20 00:00:00+00:00,34.94,35.33,34.49,34.49,116152,,,,,,,,36.694599709211296,36.066737145012496,36.13979212281466,,,,,,34.82366019047619,36.264155947171105,36.03162274883395,,,36.00342797725328,"rgba(239, 83, 80, 0.5)",1.1827522186877564,36.00342797725328,-0.8991130690358281,35.318692638444844,-7.675562485370797,False,True,False,True,False,0.0,0.0,0.0,0.0,0.0,0,0.9629253592243581,1.0122448354855338,False,False,False,False,-0.05084552567359934,-0.04731971375593946,False,False,False,False,-264661,-180834.62529285927,False,False,False,False,75445.20528113736,False,False,False,False
2024-12-23 00:00:00+00:00,35.0,35.21,34.5,35.0,65474,,,,,,,,36.62588842055331,36.04767652925761,36.126652319859595,,,,,,34.84496523707809,36.22841154448641,36.01445264385426,,,35.98134111584822,"rgba(239, 83, 80, 0.5)",1.184846772318629,35.98134111584822,-0.8282430595880584,35.81650287928016,-7.675562485370797,False,True,False,True,False,0.0,0.0,0.0,0.0,0.0,0,0.9604047288066742,1.011827158927877,False,False,False,False,-0.057858902087755175,-0.05258930792184732,False,False,False,False,-199187,-181554.32626176675,False,False,False,False,75054.17762305355,False,False,False,False
2024-12-24 00:00:00+00:00,35.2,35.75,35.04,35.1,71053,,,,,,,,36.574099531851274,36.035139488840485,36.11756968731988,,,,,,34.954059750597764,36.203512136842875,36.00333287396153,,,35.981285578235635,"rgba(239, 83, 80, 0.5)",1.160629574415975,35.981285578235635,-0.6731567034458628,37.21312217794366,-7.675562485370797,False,True,False,True,False,0.0,0.0,0.0,0.0,0.0,0,0.9676482318646089,0.9946936253322908,False,False,False,False,0.01086130875186894,-0.02086399958498919,False,False,False,False,-128134,-179459.41150640335,False,False,False,False,74897.26869665929,False,False,False,False
2024-12-26 00:00:00+00:00,36.34,36.45,35.02,35.13,58296,,,,,,,,36.5538624327718,36.033748067518744,36.11589319507549,,,,,,35.10713927742354,36.19757926351526,36.00245594611375,,,36.001779697069765,#000000,1.1453718385959408,36.001779697069765,0.2952930144893799,42.9571719770931,-14.121522397533838,False,True,False,True,True,0.0,0.0,0.0,0.0,0.0,0,0.9806774519543994,0.9813511761959891,False,False,False,False,0.054141135408769456,0.016638567911890133,False,False,False,False,-69838,-175160.5326237993,False,False,False,False,74246.23855169227,False,False,False,False
2024-12-27 00:00:00+00:00,36.48,37.0,36.06,36.06,24355,,,,,,,,36.55333190554968,36.03656256759366,36.11742604136975,,,,,,35.193069771565305,36.200485213714934,36.005248130138945,,,36.01768727165538,#000000,1.136782293133553,36.01768727165538,0.40668537074961264,47.26468629771827,-10.081382118546053,False,True,False,False,True,0.3468100258121609,0.0,0.0,0.0,0.0,0,0.9969162716353529,0.9691627163535258,False,False,False,False,0.15642770761766298,0.08653313776477656,False,False,False,False,-45483,-170075.13918757188,False,False,False,False,72289.71939280238,False,False,False,False
2024-12-30 00:00:00+00:00,36.81,36.97,35.7101,36.25,48184,,,,,,,,36.55190231160544,36.041843667629934,36.12029810068865,,,,,,35.33367625575376,36.20578214457313,36.01050530341376,,,36.04400129727745,"rgba(38, 166, 154, 0.5)",1.1346964510546569,36.04400129727745,0.6750692680942018,51.246459491119644,-6.413042319724525,False,False,False,False,True,1.5379249850924595,0.0,0.0,0.0,0.0,0,0.9987961414525184,0.971711907521619,False,False,False,False,0.13177144494943616,0.10915229135710636,False,False,False,False,2701,-163299.60431747104,False,False,False,False,71344.39706367288,False,False,False,False
2024-12-31 00:00:00+00:00,37.78,38.01,36.71,36.71,52120,,,,,,,,36.577102656103385,36.05972434658683,36.13150755169136,,,,,,35.560011244638574,36.23034089461494,36.02754317830667,,,36.09770497865696,"rgba(38, 166, 154, 1.0)",1.1460771635735807,36.09770497865696,1.4678723866179169,56.56836085054939,-1.5395308806264794,True,False,True,False,True,4.892971807877679,0.0,0.0,0.0,0.0,0,1.0061409030197892,0.9498492920050563,False,False,False,False,0.2668484816245327,0.18800038649081952,False,False,False,False,54821,-154745.8551285506,False,False,False,False,70590.49913960727,False,False,False,False
2025-01-02 00:00:00+00:00,37.81,38.19,36.95,37.8,46724,,,,,,,,36.60207274756376,36.07701613030144,36.14248738242019,,,,,,35.73899957928643,36.25408702370263,36.044011693721814,,,36.14311242616605,"rgba(38, 166, 154, 1.0)",1.1669861544528646,36.14311242616605,1.4283696233015424,60.18875507831874,1.693001153797745,True,False,True,False,True,4.993872673617929,0.0,0.0,0.0,0.0,0,1.0061782414185922,0.9519282037567097,False,False,False,False,0.2957180793420569,0.2418592329164382,False,False,False,False,101545,-144695.23335880355,False,False,False,False,69654.55799687757,False,False,False,False
2025-01-03 00:00:00+00:00,38.0,38.04,37.55,37.55,73784,,,,,,,,36.64678370537673,36.1071707793012,36.16191485629453,,,,,,35.992068192638165,36.29549947810362,36.07271334681213,,,36.21269172642106,"rgba(0, 255, 255, 0.75)",1.1873238133878385,36.21269172642106,1.5053250456412042,63.081670098254776,4.311484341263906,True,False,True,False,True,5.639014000882689,0.0,0.0,0.0,0.0,0,1.0219090671016533,0.9547269668094752,False,False,False,False,0.3271921825940828,0.2845257077552605,False,False,False,False,175329,-132145.2634231642,False,False,False,False,69816.4968989608,False,False,False,False
2025-01-06 00:00:00+00:00,37.87,38.1,37.47,37.87,79533,,,,,,,,36.689718727786286,36.137661647944334,36.18176956684453,,,,,,36.19932401599852,36.336466551498475,36.101818063276845,,,36.274459762224836,"rgba(38, 166, 154, 1.0)",1.2019205801886754,36.274459762224836,1.3274922354060166,64.27203383923978,5.4556897134236095,True,False,True,False,True,5.123497720413113,0.0,0.0,0.0,0.0,0,1.0327140738022584,0.9435725499495443,False,False,False,False,0.3257803815268422,0.3051530446410513,False,False,False,False,95796,-123206.39034774601,False,False,False,False,70197.53623625646,False,False,False,False
2025-01-07 00:00:00+00:00,37.73,37.99,37.13,37.99,35219,,,,,,,,36.70458398203211,36.149274137879786,36.189368467985126,,,,,,36.26732052175153,36.35158677852509,36.11295214632561,,,36.29584767241654,"rgba(38, 166, 154, 1.0)",1.2182833440157947,36.29584767241654,1.1771911145531193,64.25025846751662,5.644943752534168,True,False,True,False,True,4.5645446250095,0.0,0.0,0.0,0.0,0,1.0267021307953597,0.9400069009402968,False,False,False,False,0.29433277425644255,0.29974290944874693,False,False,False,False,60577,-115999.19856940303,False,False,False,False,68825.82893287386,False,False,False,False
2025-01-08 00:00:00+00:00,37.55,37.84,37.02,37.55,130043,,,,,,,,36.74737382067533,36.18648474008686,36.213929910512576,,,,,,36.44830557936802,36.39832307443062,36.14880808465739,,,36.3572042016218,"rgba(38, 166, 154, 0.5)",1.2317361218515415,36.3572042016218,0.9683858232436935,63.17972968374728,5.644943752534168,True,False,True,False,True,3.8429443436059323,0.0,0.0,0.0,0.0,0,1.0205670581960602,0.9494538400266327,False,False,False,False,0.2764212854355318,0.28808209744213936,False,False,False,False,-69466,-114174.36725295585,False,False,False,False,71226.5023080553,False,False,False,False
2025-01-10 00:00:00+00:00,37.82,37.8992,36.68,37.69,44273,,,,,,,,36.76080307059064,36.198644957356954,36.22205489414144,,,,,,36.49792299120207,36.41330513210867,36.16055461647509,,,36.37554761031247,"rgba(38, 166, 154, 1.0)",1.2492714561580174,36.37554761031247,1.156235806531404,63.443763871569175,5.644943752534168,True,False,True,False,True,4.817200111923558,0.0,0.0,0.0,0.0,0,1.0278927870995864,0.9370808455001092,False,False,False,False,0.25726892302078375,0.2726755102314615,False,False,False,False,-25193,-110684.901870487,False,False,False,False,70169.50221754333,False,False,False,False
2025-01-13 00:00:00+00:00,37.72,38.03,37.315,38.0,53198,,,,,,,,36.78116189859058,36.21545938359613,36.23339600955834,,,,,,36.563777200748866,36.4344393463383,36.176747268064716,,,36.40083018448282,"rgba(38, 166, 154, 1.0)",1.2642426355100687,36.40083018448282,1.0434467075103415,62.98521842178032,5.644943752534168,True,False,True,False,True,4.406315175591665,0.0,0.0,0.0,0.0,0,1.035236394491407,0.9471667098615751,False,False,False,False,0.3099822979423945,0.291328904086928,False,False,False,False,-78391,-109418.47434615417,False,False,False,False,69503.953110973,False,False,False,False
2025-01-14 00:00:00+00:00,37.85,38.01,37.2,37.56,86606,,,,,,,,36.81240254535387,36.24200575829853,36.25146791909302,,,,,,36.65655103441938,36.467342547662184,36.20235872024291,,,36.43868808751164,"rgba(38, 166, 154, 1.0)",1.265799494533145,36.43868808751164,1.1149569253137372,63.19561810598934,6.284718319007382,True,False,True,False,True,4.885111989480283,0.0,0.0,0.0,0.0,0,1.0380379590123052,0.9364837854228497,False,False,False,False,0.3005753842595086,0.2959521441732183,False,False,False,False,8215,-104805.39692081478,False,False,False,False,70174.62161642504,False,False,False,False
2025-01-15 00:00:00+00:00,38.0,38.04,37.807,37.9,106901,,,,,,,,36.85882819685147,36.27919613715785,36.2771301141352,,,,,,36.77615932959237,36.513887720538136,36.238178178023276,,,36.490563279383046,"rgba(38, 166, 154, 1.0)",1.2506931411554716,36.490563279383046,1.2068801458545122,63.933245397727916,7.510083561059204,True,False,True,False,True,5.440585240984824,0.0,0.0,0.0,0.0,0,1.0382566497610102,0.9416718356624223,False,False,False,False,0.34282824019795266,0.3193901921855855,False,False,False,False,115116,-96181.02841411615,False,False,False,False,71614.87174911425,False,False,False,False
2025-01-16 00:00:00+00:00,38.35,38.4,37.7901,38.0,139600,,,,,,,,36.925732885742846,36.33178131959529,36.313968965591364,,,,,,36.92752648721209,36.579545017071055,36.28882569414589,,,36.561230061559755,"rgba(38, 166, 154, 1.0)",1.262430474403526,36.561230061559755,1.4169255057672827,65.71910068819744,9.664245649392385,True,False,True,False,True,6.728371764927957,0.0,0.0,0.0,0.0,0,1.0636725316910525,0.919201547457921,False,False,False,False,0.3428282406512104,0.33110921641839797,False,False,False,False,254716,-82420.36063317042,False,False,False,False,74280.9552099333,False,False,False,False
2025-01-17 00:00:00+00:00,41.57,42.2562,38.48,38.48,113520,,,,,,,,37.07772407086042,36.42939901235506,36.38301160997519,,,,,,37.23716705106593,36.7096183767247,36.38186844496403,,,36.70313142765755,"rgba(0, 255, 0, 1.0)",1.3987011349337202,36.70313142765755,3.479562896453267,72.35329572339835,16.169550125698663,True,False,True,False,True,16.83708492166464,0.0,0.0,0.0,0.0,0,1.0978282487130933,0.828922402131438,False,False,False,False,0.342828242766354,0.336968729592376,False,False,False,False,368236,-64747.562176967665,False,False,False,False,75819.74128013199,False,False,False,False
2025-01-21 00:00:00+00:00,42.03,43.025,41.2701,41.8,150457,,,,,,,,37.328290453326304,36.59030434001368,36.49825192557775,,,,,,37.707365952445876,36.92300988515675,36.53527698224923,,,36.93041658979493,"rgba(0, 255, 0, 1.0)",1.5313683806051155,36.93041658979493,3.3300827382827287,77.14572190673282,20.64487083890343,True,False,True,False,True,18.06594826234673,0.0,0.0,0.0,0.0,0,1.1293548561442703,0.8415515160250058,False,False,False,False,0.3428282444704106,0.3398984870313933,False,False,False,False,518693,-41867.54013081207,False,False,False,False,78746.69260247974,False,False,False,False
2025-01-22 00:00:00+00:00,43.11,43.9899,41.48,42.37,120293,,,,,,,42.859966666666665,37.5401387052956,36.72918595849111,36.599007901934876,,,,,,38.07652547861595,37.10488103063169,36.66790151713742,,,37.93965817982477,"rgba(0, 255, 0, 1.0)",1.710181982835287,37.93965817982477,3.023269963120178,81.07533237653904,24.207380833853207,True,False,True,False,True,20.0,0.0,0.0,0.0,0.0,0,1.102280322147746,0.849755497126452,False,False,False,False,0.34282824519744476,0.34136336611441903,False,False,False,False,638986,-15167.401302152775,False,False,False,False,80375.95955924525,False,False,False,False
2025-01-23 00:00:00+00:00,42.38,43.53,42.21,43.53,90666,,,,,,,42.794081362887255,37.685086831356195,36.82734536250954,36.67105590508389,,,,,,38.31374226597667,37.23130141606145,36.761857974882844,,,38.04063873125112,"rgba(0, 255, 0, 1.0)",1.833760700393137,38.04063873125112,2.3663727049110457,80.43651436045491,24.207380833853207,True,False,True,False,True,17.727635170975844,0.0,0.0,0.0,0.0,0,1.1092407853374593,0.8675389511125496,False,False,False,False,0.3428282453498174,0.3420958057321182,False,False,False,False,548320,6930.143846951256,False,False,False,False,80779.49055692191,False,False,False,False
2025-01-24 00:00:00+00:00,42.88,43.0,41.675,42.4,75346,,,,,,,42.72151360809859,37.795205082294565,36.90396330887822,36.72782081250829,,,,,,38.48544724400458,37.328631869276,36.83533837477222,,,38.11398861426178,"rgba(0, 255, 0, 1.0)",1.9743288242606227,38.11398861426178,2.4139906823895325,80.54196170628948,24.207380833853207,True,False,True,False,True,18.98668045942243,0.0,0.0,0.0,0.0,0,1.0964483692485378,0.8718080286092477,False,False,False,False,0.2952752114378429,0.31868550858498057,False,False,False,False,623666,31115.863696090422,False,False,False,False,80566.41249586616,False,False,False,False
2025-01-27 00:00:00+00:00,39.73,43.113,39.551,42.88,72890,,,,,,,42.331182710134236,37.8599619048563,36.95402791612965,36.765690164898324,,,,,,38.573335607058375,37.38933744362214,36.883675348102365,,,38.10817301354306,"rgba(38, 166, 154, 0.5)",1.998272289790401,38.10817301354306,0.8116146106530114,71.28759477479028,28.677212892343093,True,False,True,False,False,7.348938689673016,0.0,0.0,0.0,0.0,0,1.0543626841016076,0.8786656703212221,False,False,False,False,0.20873481796598917,0.26371016327548485,False,False,False,False,550776,51494.69257075354,False,False,False,False,80265.37671171455,False,False,False,False
2025-01-28 00:00:00+00:00,40.71,40.945,38.97,39.42,70067,,,,,,,41.98467710916255,37.90765562685024,36.993756235490814,36.7962073853705,,,,,,38.630961719275426,37.43596838254735,36.92220740903331,,,38.09591912396145,"rgba(38, 166, 154, 1.0)",2.0441164702981522,38.09591912396145,1.2788316683624505,66.7862788743403,24.698522059526198,True,False,True,False,False,9.907652912631917,0.0,0.0,0.0,0.0,0,1.0494394902537167,0.9422647308732018,False,False,False,False,0.09500327010448285,0.17935671668998385,False,False,False,False,620843,73822.07717582202,False,False,False,False,79865.4403700787,False,False,False,False
2025-01-29 00:00:00+00:00,41.17,41.7799,40.5,40.99,27088,,,,,,,41.93513040933494,37.932914614096624,37.01327974799285,36.81107683881589,,,,,,38.66482405424474,37.4595686186136,36.941065918561044,,,38.10826574309424,"rgba(38, 166, 154, 1.0)",2.1045361390008006,38.10826574309424,1.4548261729349157,64.51552180294215,22.760144285901248,True,False,True,False,False,11.065858582525234,0.0,0.0,0.0,0.0,0,1.0857160043309138,0.8915617355736457,False,False,False,False,0.19258695025177633,0.1859718334708801,False,False,False,False,647931,96336.15258069175,False,False,False,False,77795.73682615404,False,False,False,False
2025-01-30 00:00:00+00:00,41.56,41.85,40.785,41.33,32261,,,,,,,41.899687878428175,37.96477176860058,37.037675450377776,36.82966008477493,,,,,,38.70789767459278,37.4891529151794,36.964619969697715,,,38.12763796309304,"rgba(0, 255, 255, 0.75)",2.1720315810754753,38.12763796309304,1.5802542038580463,63.61747474414598,21.938736147598405,True,False,True,False,False,12.03510661284442,0.0,0.0,0.0,0.0,0,1.0849537631432395,0.8959545668275147,False,False,False,False,0.20751198459016718,0.19674190903052363,False,False,False,False,680192,119232.46032262541,False,False,False,False,76010.06087218721,False,False,False,False
2025-01-31 00:00:00+00:00,41.54,42.72,41.0,41.0,59566,,,,,,,41.88378470329839,38.02800371953381,37.085622618983194,36.866214685588055,,,,,,38.79399815836154,37.54748075156667,37.01089209987704,,,38.17371381960124,"rgba(0, 255, 255, 0.75)",2.235707865007792,38.17371381960124,1.5056914336109055,62.96526377318594,21.162951413353937,True,False,True,False,False,11.966115765971637,0.0,0.0,0.0,0.0,0,1.0872000759115112,0.8799158429286139,False,False,False,False,0.2537162561610276,0.22522908259577562,False,False,False,False,620626,138894.9520746793,False,False,False,False,75365.19573994458,False,False,False,False
2025-02-03 00:00:00+00:00,41.27,41.5,40.68,41.5,41872,,,,,,,41.83171270064012,38.0642075244815,37.11446605197007,36.888455216309254,,,,,,38.83990850920188,37.58179037285344,37.03881707020092,,,38.19419392080817,"rgba(38, 166, 154, 1.0)",2.2865508625103645,38.19419392080817,1.3451728232342757,61.767283075119344,19.75127378117405,True,False,True,False,False,11.026742531921968,0.0,0.0,0.0,0.0,0,1.0782886973349157,0.9060208748067301,False,False,False,False,0.18840360795242947,0.20681634527410253,False,False,False,False,578754,156144.32650312327,False,False,False,False,74051.73708347617,False,False,False,False
2025-02-04 00:00:00+00:00,42.71,43.05,40.74,40.89,75992,,,,,,,41.86992929959767,38.14876753611576,37.178708180702706,36.93772441103562,,,,,,38.953542096841176,37.65969065493319,37.10084397735904,,,38.264172308083594,"rgba(0, 255, 255, 0.75)",2.3672105224626105,38.264172308083594,1.8780871619696118,63.391050383101,19.75127378117405,True,False,True,False,False,14.578569215757287,0.0,0.0,0.0,0.0,0,1.0768080976769536,0.8836723831863569,False,False,False,False,0.2567318853551175,0.23177411531461,False,False,False,False,654746,175697.33330692234,False,False,False,False,74127.82582530064,False,False,False,False
2025-02-05 00:00:00+00:00,43.01,43.45,41.9,42.8,81557,,,,,,,41.96993806024985,38.249144238031505,37.25420885227276,36.99573806994655,,,,,,39.089090975307045,37.75150658920567,37.17371080174902,,,38.35476251239463,"rgba(0, 255, 255, 0.75)",2.4544409245798327,38.35476251239463,1.8966590073469718,64.91145273916393,19.75127378117405,True,False,True,False,False,15.283393898732186,0.0,0.0,0.0,0.0,0,1.0891098102227277,0.8798818551127734,False,False,False,False,0.32525109045247075,0.2785126028835404,False,False,False,False,736303,197681.8692556705,False,False,False,False,74419.16598901433,False,False,False,False
2025-02-06 00:00:00+00:00,43.79,43.99,42.54,43.09,81998,,,,,,,42.11524027836039,38.35969043760014,37.3368210444137,37.05936759274981,,,,,,39.23847095061461,37.852117721773546,37.25342375833305,,,38.459304540549326,"rgba(0, 255, 0, 1.0)",2.5620351918590774,38.459304540549326,2.0806488046647735,67.00633558853866,19.75127378117405,True,False,True,False,True,17.076044227198906,0.0,0.0,0.0,0.0,0,1.0971734460772615,0.8788044101556326,False,False,False,False,0.34282824576790283,0.3106704243257216,False,False,False,False,818301,222019.8743828991,False,False,False,False,74716.37516591574,False,False,False,False
2025-02-07 00:00:00+00:00,42.66,43.5,42.29,43.5,66413,,,,,,,42.16723063864313,38.43526365238807,37.39546113137664,37.105044301838284,,,,,,39.335279680268194,37.9222311541097,37.31015792176411,,,38.52438121148402,"rgba(0, 255, 255, 0.75)",2.627549147498973,38.52438121148402,1.5739453598622337,65.10660764008757,19.75127378117405,True,False,True,False,True,13.163605273220572,0.0,0.0,0.0,0.0,0,1.0910793056393007,0.9141855225159469,False,False,False,False,0.3111562430088181,0.31091333366726986,False,False,False,False,751888,242799.0165639619,False,False,False,False,74390.75261038964,False,False,False,False
2025-02-10 00:00:00+00:00,43.41,44.185,42.42,42.45,55556,,,,,,,42.23560408796736,38.50383720762658,37.44818778140135,37.14614019094329,,,,,,39.423872844676026,37.98547021902569,37.36114864574659,,,38.58632299676956,"rgba(0, 255, 255, 0.75)",2.710873048426419,38.58632299676956,1.7793813716324476,65.0276149826281,19.75127378117405,True,False,True,False,True,14.893342930309597,0.0,0.0,0.0,0.0,0,1.0747594712380644,0.8941547536793464,False,False,False,False,0.34282824580559906,0.32687078973643446,False,False,False,False,807444,264941.95709086535,False,False,False,False,73652.1348609626,False,False,False,False
2025-02-11 00:00:00+00:00,43.89,44.49,42.96,43.4,76160,,,,,,,42.350052206540326,38.60309279135482,37.52427425482123,37.20556062320987,,,,,,39.552142839011665,38.076758766780706,37.434727252150175,,,38.67808696198125,"rgba(0, 255, 255, 0.75)",2.7974819630041226,38.67808696198125,1.8630729731039446,65.68777393992497,19.75127378117405,True,False,True,False,True,15.971669918836408,0.0,0.0,0.0,0.0,1,1.0825603418969454,0.8899456543024592,False,False,False,False,0.3428282462086615,0.33484951797254797,False,False,False,False,883604,289203.21367553726,False,False,False,False,73750.48251347388,False,False,False,False
2025-02-12 00:00:00+00:00,43.88,44.67,43.16,43.72,99695,,,,,,,42.48740506699662,38.73047643509079,37.62306226997344,37.28318244788726,,,,,,39.713635815474646,38.19449025843838,37.530354825575074,,,38.79465815991946,"rgba(0, 255, 255, 0.75)",2.873210371316014,38.79465815991946,1.769916289753371,66.09676483459201,19.75127378117405,True,False,True,False,True,15.936988156849203,0.0,0.0,0.0,0.0,1,1.0851365512885807,0.8803444470071408,False,False,False,False,0.34282824637787235,0.3388388821752102,False,False,False,False,783909,308603.4405902221,False,False,False,False,74767.91457176903,False,False,False,False
2025-02-13 00:00:00+00:00,45.21,45.4087,43.43,43.49,89679,,,,,,,42.649174808075045,38.85643866367049,37.72005776624503,37.359527682702144,,,,,,39.87417922465266,38.31031788500764,37.62422187967539,,,38.91341684428977,"rgba(0, 255, 0, 1.0)",2.977449177333457,38.91341684428977,2.114757559472207,68.23652392209593,19.75127378117405,True,False,True,False,True,18.842536052254644,0.0,0.0,0.0,0.0,1,1.0825957623192648,0.8796311535366836,False,False,False,False,0.3428282467949501,0.3408335644850802,False,False,False,False,873588,330759.6978219781,False,False,False,False,75352.66301993495,False,False,False,False
2025-02-14 00:00:00+00:00,44.2,45.36,43.91,45.06,56967,,,,,,,42.73148317256196,38.931163165334986,37.77863118168569,37.405955754737775,,,,,,39.96700301234017,38.379608673995996,37.68098541493357,,,38.982118625084304,"rgba(0, 255, 255, 0.75)",3.044208135323742,38.982118625084304,1.7140356844755602,66.6681246333136,19.75127378117405,True,False,True,False,True,15.396592442994667,0.0,0.0,0.0,0.0,1,1.0838100406237519,0.8833337101770414,False,False,False,False,0.3428282469603602,0.3418309057227202,False,False,False,False,816621,349813.0822211162,False,False,False,False,74631.65662699632,False,False,False,False
2025-02-18 00:00:00+00:00,45.13,45.89,43.905,44.32,84639,,,,,,44.975,42.871240530308874,39.047968956813314,37.869964453401764,37.47847768649594,,,,,,40.112292979858914,38.487682786990774,37.7694951942456,,44.975,39.8265153235144,"rgba(0, 255, 255, 0.75)",3.1319094828888487,39.8265153235144,1.6933709947433442,66.97796381132967,19.75127378117405,True,False,True,False,True,17.384442833575978,-1.0,45.89,43.905,0.0,0,1.083733029834973,0.8752503491955571,False,False,False,False,0.3428282471522646,0.3423295764374924,False,False,False,False,901260,371438.4515457783,False,False,False,False,75024.10146515333,False,False,False,False
2025-02-19 00:00:00+00:00,45.0,45.355,44.83,45.22,58575,,,,,,45.01044695351013,42.96176901510874,39.12734050135294,37.93258129974556,37.528429554165385,,,,,,40.209708991547366,38.56139750775393,37.83022353002534,,45.01044695351013,39.89523716915118,"rgba(0, 255, 255, 0.75)",3.1988331205821643,39.89523716915118,1.5958203002224105,66.80471734028217,19.75127378117405,True,False,True,False,True,16.947036897714742,0.0,0.0,0.0,0.0,0,1.1049550460020512,0.8861365014485595,False,False,False,False,0.34282824728854655,0.3425789118630195,False,False,False,False,842685,389918.70834790467,False,False,False,False,74379.03866259831,False,False,False,False
2025-02-20 00:00:00+00:00,45.12,45.38,43.1,44.83,80231,,,,,,44.83913274705931,43.04596751302661,39.22333525748582,38.01037315513655,37.591066569826296,,,,,,40.32321129948069,38.65173148252786,37.905822325025056,,44.83913274705931,39.94883004369602,"rgba(0, 255, 255, 0.75)",3.273469972011009,39.94883004369602,1.57972121342758,66.87735775584686,19.75127378117405,True,False,True,False,True,17.20478148666743,0.0,0.0,0.0,0.0,0,1.079427649368926,0.8832899846007619,False,False,False,False,0.28319548656214216,0.3128871992125808,False,False,False,False,922916,410820.56292249664,False,False,False,False,74608.52734249641,False,False,False,False
2025-02-21 00:00:00+00:00,43.36,45.21,43.34,44.9,84862,,,,,,44.59990255383974,43.09552298756361,39.31084378451878,38.08374857140799,37.65083333503361,,,,,,40.42173569061633,38.73548128706658,37.9773100385417,,44.59990255383974,39.98442228107354,"rgba(38, 166, 154, 1.0)",3.2962562711969934,39.98442228107354,1.0240641021824008,62.15568878982445,16.77622971794672,False,False,True,False,False,11.459848325215685,0.0,0.0,0.0,0.0,0,1.0792073441515424,0.887595460137885,False,False,False,False,0.28560292696642264,0.2992450630895017,False,False,False,False,838054,427574.8153569086,False,False,False,False,75010.62430945734,False,False,False,False
2025-02-24 00:00:00+00:00,42.22,43.94,42.22,43.94,89008,,,,,,44.19518812529102,43.07943012977492,39.37690549986762,38.14379089709833,37.70087764660001,,,,,,40.48708704951803,38.8014155131626,38.03613030075913,,44.19518812529102,39.97760314525895,"rgba(38, 166, 154, 0.5)",3.2693352053108278,39.97760314525895,0.6858877153674587,56.6878358126726,11.648360689549257,False,True,True,False,False,8.040165318183835,0.0,0.0,0.0,0.0,0,1.0724463744081003,0.905441479186215,False,False,False,False,0.2050163914802496,0.2521307272848757,False,False,False,False,749046,440181.5284801671,False,False,False,False,75559.54100320411,False,False,False,False
2025-02-25 00:00:00+00:00,41.84,42.355,40.94,42.18,122585,,,,,,43.60960921010451,42.98596833388518,39.43634979750919,38.20535585515573,37.75392167703893,,,,,,40.53186169177244,38.865115879568584,38.09693301523053,,43.60960921010451,39.93563943253314,"rgba(38, 166, 154, 0.5)",3.218713441146374,39.93563943253314,0.5916527215882292,52.33833110682258,7.759622315908487,False,True,False,False,False,6.937843057221574,0.0,0.0,0.0,0.0,0,1.0529420772837652,0.928316719049668,False,False,False,False,0.11167921190048459,0.18190496959268013,False,False,False,False,626461,447486.60579467035,False,False,False,False,77403.67665013728,False,False,False,False
2025-02-26 00:00:00+00:00,42.17,42.33,41.21,41.57,86255,,,,,,43.366808563816186,42.93630253291147,39.479767762214166,38.249716092368374,37.792179248722135,,,,,,40.566260786853846,38.9111987509898,38.14072934367658,,43.366808563816186,39.93037038519407,"rgba(38, 166, 154, 0.5)",3.205903760083736,39.93037038519407,0.6985953984930094,50.23240266625345,5.998573109168603,False,True,False,False,False,7.729161848800413,0.0,0.0,0.0,0.0,0,1.0562715689363356,0.9270960793077425,False,False,False,False,0.1195633646301977,0.15073416711143892,False,False,False,False,712716,457887.7585086049,False,False,False,False,77750.78736973974,False,False,False,False
2025-02-27 00:00:00+00:00,42.18,42.865,41.29,42.68,63128,,,,,,43.248421278193725,42.90951495488802,39.5132374645059,38.28332681371182,37.821131351372976,,,,,,40.59411818248705,38.94633678079618,38.173889163902324,,43.248421278193725,39.93624699873225,"rgba(38, 166, 154, 0.5)",3.2056391022780746,39.93624699873225,0.6999393661230406,48.85375493536276,4.814140755930353,False,True,False,True,False,7.753337405910454,0.0,0.0,0.0,0.0,0,1.0666420380873736,0.9008337498460716,False,False,False,False,0.13942178548814926,0.14507797629979408,False,False,False,False,775844,470356.6307239537,False,False,False,False,77177.34472778917,False,False,False,False
2025-02-28 00:00:00+00:00,45.02,45.34,41.45,42.43,98833,,,,,,43.33697737711491,42.95922476778922,39.59958699764826,38.35932070000931,37.88463939303163,,,,,,40.685860349601775,39.03066474022278,38.248257812000006,,43.33697737711491,40.013066517177236,"rgba(0, 255, 255, 0.75)",3.2590385306320444,40.013066517177236,1.5363222728918589,53.419126844031055,4.814140755930353,False,True,False,False,True,14.096213277568975,0.0,0.0,0.0,0.0,1,1.0726014715197585,0.8680226366237183,False,False,False,False,0.22596528278294442,0.18552162954136925,False,False,False,False,874677,486212.3314798771,False,False,False,False,78026.58611101312,False,False,False,False
2025-03-03 00:00:00+00:00,42.61,44.7149,42.4301,44.59,73930,,,,,,43.32948726277028,42.96944172680841,39.652148051588036,38.40802466573162,37.926009455806486,,,,,,40.7374791226816,39.0833539106868,38.296095532519246,,43.32948726277028,40.05025496607406,"rgba(38, 166, 154, 0.5)",3.261944327052951,40.05025496607406,0.7847298351160332,51.83934991254205,4.814140755930353,False,True,False,False,True,7.368760836023867,0.0,0.0,0.0,0.0,1,1.0927991665121153,0.8669037670597735,False,False,False,False,0.23785516463665804,0.21168839708901366,False,False,False,False,800747,498547.02436301915,False,False,False,False,77865.93567528711,False,False,False,False
2025-03-04 00:00:00+00:00,41.54,41.98,40.5613,41.98,82430,,,,,,43.15391849148418,42.9091151276922,39.67912762650532,38.44043580091293,37.95527484483772,,,,,,40.75114603862161,39.11461080600195,38.328417702798994,,43.15391849148418,40.04150580485687,#000000,3.2517596068191574,40.04150580485687,0.460825637910222,49.200601969058226,4.814140755930353,False,True,False,False,False,4.644262514999365,0.0,0.0,0.0,0.0,1,1.077196946309675,0.8954543800073068,False,False,False,False,0.08750716005852406,0.14959777857376885,False,False,False,False,718317,507165.4547801557,False,False,False,False,78044.91858998174,False,False,False,False
2025-03-05 00:00:00+00:00,40.47,41.24,40.1,41.17,64006,,,,,,42.98876348245761,42.8438860719861,39.690324201983394,38.4587169202336,37.972680856628244,,,,,,40.74867018181336,39.1303112632523,38.346898557267714,,42.98876348245761,40.02253144195279,#000000,3.228400223020706,40.02253144195279,0.13860380595207747,46.02047413544725,2.909804245382702,False,True,False,True,False,2.043886687516725,0.0,0.0,0.0,0.0,0,1.0626210155382614,0.9037480624104955,False,False,False,False,0.04917840630434634,0.0993880924390576,False,False,False,False,654311,512935.8683181888,False,False,False,False,77494.37276292364,False,False,False,False
2025-03-06 00:00:00+00:00,39.3,41.0,39.0,40.65,93680,,,,,,42.70983479183338,42.72154056302418,39.69165427587479,38.47469941382134,37.989775448474624,,,,,,40.72517198802129,39.13998450558598,38.36358128443637,,42.70983479183338,39.97703028388399,#000000,3.189074242240633,39.97703028388399,-0.2122968085585598,42.51844997042407,-0.3511348708417259,False,True,False,True,False,0.0,0.0,0.0,0.0,0.0,0,1.0520259872126416,0.9020971162338108,False,False,False,False,0.0016923060678636279,0.05054019925346061,False,False,False,False,560631,514806.26563904417,False,False,False,False,78129.103242809,False,False,False,False
2025-03-07 00:00:00+00:00,39.66,40.035,38.45,39.68,58978,,,,,,42.53782373299215,42.63998268238817,39.68829102393256,38.48162346067325,37.99807568776892,,,,,,40.705232674471056,39.14227549781454,38.37105740102007,,42.53782373299215,39.945545270132584,#000000,3.154118840129174,39.945545270132584,-0.09053091674912703,40.91829090082562,-1.8485942662726842,False,True,False,True,False,0.16174999802398915,0.0,0.0,0.0,0.0,0,1.040913982577093,0.917780582386996,False,False,False,False,-0.0471778307546195,0.0016811842494205524,False,False,False,False,619609,518916.17679045425,False,False,False,False,77378.07958622825,False,False,False,False
2025-03-10 00:00:00+00:00,38.71,40.24,37.86,38.87,175244,,,,,,42.05841865899312,42.389453271722424,39.66481691134451,38.49171674806497,38.01441700050549,,,,,,40.6305355772306,39.1366428775677,38.38313518631116,,42.05841865899312,39.84614202896749,#000000,3.122395776865505,39.84614202896749,-0.36386867974438386,38.71694759415172,-3.99609293568804,False,True,False,True,False,0.0,0.0,0.0,0.0,0.0,0,1.032351426353133,0.9153758638449652,False,False,False,False,-0.08142464060144114,-0.03987172817601029,False,False,False,False,444365,515992.60123004427,False,False,False,False,81215.95881814088,False,False,False,False
2025-03-11 00:00:00+00:00,37.68,39.33,37.1175,38.71,160648,,,,,,41.62163103304464,42.13561667658998,39.6196628274146,38.482764626653456,38.01485817404785,,,,,,40.534066718973655,39.1098386612521,38.37659525388151,,41.62163103304464,39.736879246482225,"rgba(239, 83, 80, 0.5)",3.1052167671792774,39.736879246482225,-0.6623947378561456,36.13798224527252,-6.5251679371244435,False,True,False,True,False,0.0,0.0,0.0,0.0,0.0,0,1.0161303507401778,0.9356710142904394,False,False,False,False,-0.15571069358882633,-0.09779121088241831,False,False,False,False,283717,506883.7541229837,False,False,False,False,84330.94082527261,False,False,False,False
2025-03-12 00:00:00+00:00,37.62,38.96,37.5,38.4791,62595,,,,,,41.47547433761554,42.04420665926715,39.60257228427817,38.47925037176115,38.01493001539848,,,,,,40.498171005153225,39.09959712815973,38.37399694534745,,41.47547433761554,39.69852484337261,"rgba(239, 83, 80, 0.5)",3.0861834969062887,39.69852484337261,-0.6734936031691593,34.354773583031054,-8.328931186721704,False,True,False,True,False,0.0,0.0,0.0,0.0,0.0,0,1.021184315234076,0.9491468319070911,False,False,False,False,-0.1897278937913893,-0.1437595523369038,False,False,False,False,221122,495677.4108240432,False,False,False,False,83478.55098898741,False,False,False,False
2025-03-13 00:00:00+00:00,36.82,38.125,36.8,37.93,72763,,,,,,41.28471437203985,41.923310262157706,39.57357349250197,38.46832333628413,38.00954660695233,,,,,,40.44497441529996,39.07947103369133,38.36436401580361,,41.28471437203985,39.64353469184136,"rgba(239, 83, 80, 0.5)",3.075004794546935,39.64353469184136,-0.918221232320834,32.312082423659994,-10.418902524871342,False,True,False,True,False,0.0,0.0,0.0,0.0,0.0,0,0.9993131464274232,0.966719504764812,False,False,False,False,-0.25046838473526223,-0.197113968536083,False,False,False,False,148359,482057.08098780626,False,False,False,False,83058.33330314477,False,False,False,False
2025-03-14 00:00:00+00:00,37.44,37.8,37.16,37.33,64524,,,,,,41.13780420840504,41.82586450808433,39.55080850995755,38.46049989604801,38.00618684294897,,,,,,40.40236126093523,39.06407117306562,38.35760307475638,,41.13780420840504,39.60064993427514,"rgba(239, 83, 80, 0.5)",3.0571528177949343,39.60064993427514,-0.7067523486881422,32.53485082594879,-10.418902524871342,False,True,False,True,False,0.0,0.0,0.0,0.0,0.0,0,1.0039548121903636,0.9660375795042802,False,False,False,False,-0.3248605475183228,-0.2609872580272029,False,False,False,False,212883,471501.2346745589,False,False,False,False,82331.49670302145,False,False,False,False
2025-03-17 00:00:00+00:00,38.71,39.64,37.46,37.67,111673,,,,,,40.979560876639866,41.70836189715258,39.53341567832809,38.46240493689989,38.01251512388749,,,,,,40.35888866888909,39.05658090286921,38.36076490379335,,40.979560876639866,39.55906162355744,#000000,3.047992646180651,39.55906162355744,-0.27856419687277567,35.58433831937137,-10.418902524871342,False,True,False,True,True,0.0,0.0,0.0,0.0,0.0,0,0.9949732960230816,0.956237011140934,False,False,False,False,-0.22722176838942748,-0.2441045132083152,False,False,False,False,324556,465738.6764520272,False,False,False,False,83482.14389113824,False,False,False,False
2025-03-18 00:00:00+00:00,37.47,38.635,37.46,38.38,81247,,,,,,40.84379417352913,41.60878045561247,39.51129495710859,38.45656755694412,38.01130994744332,,,,,,40.315629026608946,39.04253501563885,38.3560741686569,,40.84379417352913,39.51824816269279,"rgba(239, 83, 80, 0.5)",3.0469457458869424,39.51824816269279,-0.6722299422159761,35.916687882903354,-10.418902524871342,False,True,False,True,True,0.0,0.0,0.0,0.0,0.0,0,0.9910637811911154,0.9700210278575667,False,False,False,False,-0.2724400419068341,-0.25827227755757465,False,False,False,False,243309,457015.9440421438,False,False,False,False,83394.49118952497,False,False,False,False
2025-03-19 00:00:00+00:00,37.93,38.21,37.0,37.16,158611,,,,,,40.59901281424934,41.421692278309855,39.46619527953641,38.44288022419638,38.00692466496627,,,,,,40.230721901902925,39.0128789417351,38.34464377561876,,40.59901281424934,39.440618735064376,#000000,3.039708526804517,39.440618735064376,-0.4969617059476453,37.14386359680806,-10.418902524871342,False,True,False,True,True,0.0,0.0,0.0,0.0,0.0,0,0.9781015701318163,0.9736699647390863,False,False,False,False,-0.31317442192393435,-0.28572334974075453,False,False,False,False,401920,454855.31878558913,False,False,False,False,86344.15820170047,False,False,False,False
2025-03-20 00:00:00+00:00,37.49,38.3,37.38,37.41,137034,,,,,,40.41703651155242,41.27434694057887,39.42922610280901,38.43161105909185,38.0033641221872,,,,,,40.16197848217178,38.9884916992625,38.33524206343061,,40.41703651155242,39.380162122635525,"rgba(239, 83, 80, 0.5)",3.039428721808609,39.380162122635525,-0.6218807202396851,37.332815246042074,-10.418902524871342,False,True,False,True,True,0.0,0.0,0.0,0.0,0.0,0,0.9838187662590815,0.9733957910893494,False,False,False,False,-0.2914240727003486,-0.28857371122055153,False,False,False,False,264886,447405.5415783111,False,False,False,False,88331.99513496712,False,False,False,False
2025-03-21 00:00:00+00:00,36.22,37.035,35.83,36.85,301393,,,,,,39.92156691132198,40.878551168022575,39.2924935913522,38.36268421953807,37.95924861986999,,,,,,39.94585350587418,38.883594597847036,38.27167411623701,,39.92156691132198,39.189458341257875,"rgba(239, 83, 80, 0.5)",3.0572294883021627,39.189458341257875,-0.97129062526051,35.80646301487219,-10.418902524871342,False,True,False,True,True,0.0,0.0,0.0,0.0,0.0,0,0.9721390606751505,0.9821524393649128,False,False,False,False,-0.34282825441539394,-0.31570098281797276,False,False,False,False,-36507,428428.57916347537,False,False,False,False,96687.32865908605,False,False,False,False
2025-03-24 00:00:00+00:00,36.2,36.88,35.72,36.57,161330,,,,,,39.69721389109361,40.68788375958119,39.22198135176155,38.32597849729616,37.93524772769422,,,,,,39.837161863221326,38.828827379757385,38.23769136754847,,39.69721389109361,39.09649822974424,"rgba(239, 83, 80, 0.5)",3.0757451188348153,39.09649822974424,-0.9417224502794691,34.76409086346605,-10.418902524871342,False,True,False,True,True,0.0,0.0,0.0,0.0,0.0,0,0.97225359026379,0.9822862587021126,False,False,False,False,-0.34282825441539394,-0.3292646186166833,False,False,False,False,-197837,403869.1446864764,False,False,False,False,99222.3353783376,False,False,False,False
2025-03-25 00:00:00+00:00,35.7,36.23,35.47,36.0,112784,,,,,,39.53685430826717,40.5505816569084,39.16712685144572,38.29542814052973,37.914288547252845,,,,,,39.755470744166374,38.78515288825496,38.209145847127644,,39.53685430826717,39.02675612299411,"rgba(239, 83, 80, 1.0)",3.102617714879621,39.02675612299411,-1.0722417096503882,33.42863442715138,-11.19201859367849,False,True,False,True,False,0.0,0.0,0.0,0.0,0.0,0,0.9731929007204813,0.990809793484789,False,False,False,False,-0.34282825441539394,-0.3360464365160386,False,False,False,False,-310621,375849.9233262224,False,False,False,False,99754.16536350083,False,False,False,False
2025-03-26 00:00:00+00:00,35.45,36.1,34.84,35.73,97549,,,,,,39.39686382106733,40.4299144716608,39.116477169172335,38.26610906221822,37.893655413696855,,,,,,39.68164419098377,38.74423419362639,38.18161440660662,,39.39686382106733,38.96381409112904,"rgba(239, 83, 80, 1.0)",3.127589596587896,38.96381409112904,-1.1234895060920072,32.21713603880632,-12.61207861354653,False,True,False,True,False,0.0,0.0,0.0,0.0,0.0,0,0.9580907681084504,0.9940202136345409,False,False,False,False,-0.34282825441539394,-0.33943734546571624,False,False,False,False,-408170,345104.043980096,False,False,False,False,99667.68829042236,False,False,False,False
2025-03-27 00:00:00+00:00,35.44,35.71,35.0,35.52,65651,,,,,,39.3061353725278,40.350619805299765,39.08243286212833,38.24616302784919,37.879512979216585,,,,,,39.63245645709657,38.716600787548884,38.162858108400954,,39.3061353725278,38.922097425008516,"rgba(239, 83, 80, 1.0)",3.157407318192115,38.922097425008516,-1.102834406237557,31.39579949708778,-13.653437836114136,False,True,False,True,False,0.0,0.0,0.0,0.0,0.0,0,0.9613655381906658,0.99848722302033,False,False,False,False,-0.34282825441539394,-0.3411327999405551,False,False,False,False,-473821,312989.3363730334,False,False,False,False,98333.70051432737,False,False,False,False
2025-03-28 00:00:00+00:00,34.21,35.39,34.11,35.39,61637,,,,,,39.207706984874015,40.26658457160868,39.0441258640794,38.22243680726735,37.86210020686519,,,,,,39.57864443119413,38.68483705676976,38.14038973843327,,39.207706984874015,38.875853207636474,"rgba(239, 83, 80, 1.0)",3.2094693339250893,38.875853207636474,-1.453777158210223,29.29111676137121,-15.873045057410565,False,True,False,True,False,0.0,0.0,0.0,0.0,0.0,0,0.9434090838570472,1.0020872964915755,False,False,False,False,-0.34282825441539394,-0.34198052717797456,False,False,False,False,-535458,279716.8918093851,False,False,False,False,96894.61421964786,False,False,False,False
2025-03-31 00:00:00+00:00,33.89,34.7881,33.1,34.0,101585,,,,,,39.03279095873998,40.11822369289786,38.97350558993681,38.17721668528863,37.828262208568944,,,,,,39.48132204061034,38.62550675319017,38.09739675128912,,39.03279095873998,38.79177808506523,"rgba(255, 0, 0, 1.0)",3.263967033043217,38.79177808506523,-1.501785414938757,27.528495246047775,-17.70291895536578,False,True,False,True,False,0.0,0.0,0.0,0.0,0.0,0,0.932426700349237,1.0133944772524826,False,False,False,False,-0.34282825441539394,-0.3424043907966843,False,False,False,False,-637043,243765.5235031347,False,False,False,False,97078.55091691657,False,False,False,False
2025-04-01 00:00:00+00:00,33.25,33.94,32.9,33.89,95582,,,,,,38.861466326429536,39.972711459032,38.901603431653726,38.13001157286356,37.79243570361263,,,,,,39.383791698537735,38.56449331220414,38.05238787470903,,38.861466326429536,38.7073626723803,"rgba(255, 0, 0, 1.0)",3.3324025475231656,38.7073626723803,-1.6376660966234486,25.661935936222957,-19.59309541616023,False,True,False,True,False,0.0,0.0,0.0,0.0,0.0,0,0.9207983454586696,1.0708630979237748,False,False,False,False,-0.34282825441539394,-0.34261632260603914,False,False,False,False,-732625,205475.69905203138,False,False,False,False,97019.86264566495,False,False,False,False
2025-04-02 00:00:00+00:00,36.81,37.445,32.69,32.69,169038,,,,,,38.69846002069411,39.8140120860683,38.82949927741513,38.087707696795505,37.7624355069028,,,,,,39.28136607413682,38.50589776350581,38.01263439846964,,38.69846002069411,38.62400160299852,"rgba(239, 83, 80, 0.5)",3.329980023206611,38.62400160299852,-0.5447484940920816,33.41898086390239,-21.824202710413886,False,True,False,True,True,0.0,0.0,0.0,0.0,0.0,0,0.8883002939837447,1.0361732939472759,False,False,False,False,-0.24142911117445398,-0.29202271689024656,False,False,False,False,-563587,175316.37752057918,False,False,False,False,99844.10332622711,False,False,False,False
2025-04-03 00:00:00+00:00,31.82,35.2591,31.73,35.22,102222,,,,,,38.52694871346971,39.66469188961971,38.751558587424356,38.03514701141878,37.721943166732075,,,,,,39.177872325752546,38.43903464669947,37.962375373399674,,38.52694871346971,38.534946464314544,"rgba(255, 0, 0, 1.0)",3.4231514377494183,38.534946464314544,-1.9616270522724362,32.917064592280255,-21.824202710413886,False,True,False,True,True,0.0,0.0,0.0,0.0,0.0,0,0.860510101079306,1.0533806528818792,False,False,False,False,-0.33810515531114704,-0.31506393610069683,False,False,False,False,-665809,142331.06859820354,False,False,False,False,99937.35417617898,False,False,False,False
2025-04-04 00:00:00+00:00,29.35,31.0,27.785,31.0,250057,,,,,,37.906024529868624,39.145937862540805,38.45781150364996,37.82433918125055,37.554138308518766,,,,,,38.80186952790367,38.18053847665791,37.75939081446791,,37.906024529868624,38.203756275607276,"rgba(255, 26, 202, 1.0)",3.5890061461520593,38.203756275607276,-2.4669103130680896,30.888624214454328,-21.824202710413886,False,True,False,True,True,0.0,0.0,0.0,0.0,0.0,0,0.8200151069113012,1.0847714802779493,False,False,False,False,-0.34282825441539394,-0.3289460952580454,False,False,False,False,-915866,100833.14433945045,False,False,False,False,105824.39911044648,False,False,False,False
2025-04-07 00:00:00+00:00,26.72,29.8018,25.84,28.11,585023,,,,,,36.47378252747699,37.91202068150403,37.70612758338047,37.265361070539825,37.100253008855724,,,,,,37.86710468455552,37.50937636371069,37.21915049190906,,36.47378252747699,37.38164705149154,"rgba(255, 26, 202, 1.0)",3.84113816653535,37.38164705149154,-2.775647891132276,28.130501068620063,-15.998617575252581,False,True,False,True,False,0.0,0.0,0.0,0.0,0.0,0,0.8099489274330494,1.08955670389318,False,False,False,False,-0.34282825441539394,-0.3358871748367197,False,False,False,False,-1500889,38020.51122809945,False,False,False,False,124616.50110611525,False,False,False,False
2025-04-08 00:00:00+00:00,27.39,29.48,26.78,27.98,387306,,,,,,35.75928980878758,37.2570947078047,37.28112030524324,36.94210287513546,36.83396542317956,,,,,,37.35080621339863,37.12649267715657,36.90601197237197,,35.75928980878758,36.932110497884715,"rgba(255, 26, 202, 1.0)",4.050353449152703,36.932110497884715,-2.3558710659882873,27.38002170617159,-16.710264242248442,False,True,False,True,False,0.0,0.0,0.0,0.0,0.0,0,0.8409024299698452,1.094404751825245,False,False,False,False,-0.3296300881858023,-0.332758631511261,False,False,False,False,-1113583,-7140.410780845617,False,False,False,False,134918.05008234602,False,False,False,False
2025-04-09 00:00:00+00:00,29.1,29.979,25.8,27.0,313046,,,,,,35.28897960393308,36.80765728786087,36.977412672777156,36.707761708583334,36.63907024831396,,,,,,36.98739404420544,36.85134688021647,36.67867191907522,,35.28897960393308,36.617286795620686,"rgba(255, 0, 0, 1.0)",4.180295657460595,36.617286795620686,-1.7982667762277875,29.49617568726164,-16.710264242248442,False,True,False,True,False,0.0,0.0,0.0,0.0,0.0,0,0.8403898711525457,1.063925469051804,False,False,False,False,-0.33988932685197804,-0.3363239791816195,False,False,False,False,-800537,-38254.00251493011,False,False,False,False,141903.45988303833,False,False,False,False
2025-04-10 00:00:00+00:00,27.09,28.63,26.935,28.63,109683,,,,,,35.1219012988894,36.64786570134574,36.867126193070185,36.62165923707444,36.566991594116175,,,,,,36.85659022866025,36.75095105900915,36.595038003062086,,35.1219012988894,36.503515414403424,"rgba(255, 26, 202, 1.0)",4.368313823165384,36.503515414403424,-2.1549540155478497,29.552902531880953,-16.710264242248442,False,True,False,True,False,0.0,0.0,0.0,0.0,0.0,0,0.8327887688431393,1.0813317831362501,False,False,False,False,-0.34282825441539394,-0.33957611679850674,False,False,False,False,-910220,-72448.7475143446,False,False,False,False,140639.91243664466,False,False,False,False
2025-04-11 00:00:00+00:00,26.41,27.14,25.72,26.99,103936,,,,,,34.94747686163059,36.48329444556892,36.75260055163979,36.531583466893856,36.49131943270935,,,,,26.423333333333332,36.72131329553098,36.64636971796621,36.507475179756554,,34.94747686163059,35.27830736500329,"rgba(255, 0, 0, 1.0)",4.574951216202282,35.27830736500329,-1.9384485092640995,29.166526787996503,-16.710264242248442,False,True,False,True,False,0.0,0.0,0.0,0.0,0.0,0,0.8177143771967184,1.0973540500184682,False,False,False,False,-0.34282825441539394,-0.34120218560695037,False,False,False,False,-1014156,-109378.44369025266,False,False,False,False,139200.5433214821,True,False,False,False
2025-04-14 00:00:00+00:00,27.22,27.56,26.335,26.89,145875,,,,,,34.730980669312984,36.274641831860784,36.60535702760187,36.4153427393368,36.393370007025496,,,,,26.782457331075626,36.548253733714425,36.51172955632486,36.39443423436382,,34.730980669312984,35.184063014512965,"rgba(255, 0, 0, 1.0)",4.743561337451248,35.184063014512965,-1.6789206353537147,30.179138239224677,-16.710264242248442,False,True,False,True,False,0.0,0.0,0.0,0.0,0.0,0,0.820972571804821,1.102594092793275,False,False,False,False,-0.3224256898904251,-0.3318139377486877,False,False,False,False,-868281,-139139.32825141924,False,False,False,False,139462.28672063968,False,False,False,False
2025-04-15 00:00:00+00:00,27.84,28.76,27.13,27.13,102349,,,,,,34.60244944640164,36.14697035191977,36.513856822702564,36.34289533330719,36.33214087390566,,,,,27.110157423708923,36.44127359147478,36.427980607054586,36.32396032666354,,34.60244944640164,35.13796497523763,"rgba(239, 83, 80, 1.0)",4.88734233127404,35.13796497523763,-1.493237935991929,31.823349139510597,-16.710264242248442,False,True,False,True,True,0.0,0.0,0.0,0.0,0.0,0,0.8344617330090554,1.0769377642974964,False,False,False,False,-0.2838038573067569,-0.30780889752772234,False,False,False,False,-765932,-163719.43302587338,False,False,False,False,138006.86371198713,False,False,False,False
2025-04-16 00:00:00+00:00,27.85,29.05,27.15,28.05,106692,,,,,,34.47557642276687,36.019635894325006,36.42165909301931,36.26961483877333,36.27004401171886,,,,,27.32093842531652,36.333898322477985,36.34346828133358,36.25264727301251,,34.47557642276687,35.07860917363823,"rgba(239, 83, 80, 1.0)",5.032620931626138,35.07860917363823,-1.4363508143861974,32.93593420824368,-16.710264242248442,False,True,False,True,True,0.0,0.0,0.0,0.0,0.0,0,0.8333314122788911,1.0904711857551366,False,False,False,False,-0.2778784345995974,-0.29284366606365986,False,False,False,False,-659240,-183151.61212289796,False,False,False,False,136778.8298409288,False,False,False,False
2025-04-17 00:00:00+00:00,29.11,29.29,27.57,28.37,72797,,,,,,34.400082194180946,35.94178609869942,36.36459483505887,36.224171067459984,36.23144871343905,,,,,27.50383542838728,36.26771014135231,36.29113037190309,36.20841506608083,,34.400082194180946,35.048130435173526,"rgba(239, 83, 80, 1.0)",5.13982693998281,35.048130435173526,-1.1553171934604838,35.73801727690615,-19.269931236586963,False,True,False,True,True,0.0,0.0,0.0,0.0,0.0,0,0.8258874918020956,1.0919838876528833,False,False,False,False,-0.2653255616909315,-0.27908461387729566,False,False,False,False,-586443,-198966.96066709803,False,False,False,False,134269.7384746179,False,False,False,False
2025-04-21 00:00:00+00:00,27.7,28.92,27.0799,28.92,53736,,,,,,34.33842189002163,35.87950815257724,36.318924591265144,36.187653095030754,36.20038817026901,,,,,27.540198690548387,36.214794881219014,36.24916728308591,36.1728549007373,,34.33842189002163,35.01132351719494,"rgba(239, 83, 80, 1.0)",5.279369672995464,35.01132351719494,-1.384885690917447,36.15878704247899,-18.728861743241392,False,True,False,True,True,0.0,0.0,0.0,0.0,0.0,0,0.8132128279398402,1.0989147860658446,False,False,False,False,-0.2817009976539109,-0.28039280576560327,False,False,False,False,-640179,-216269.3935821138,False,False,False,False,131111.55265208386,False,False,False,False
2025-04-22 00:00:00+00:00,28.71,29.02,27.705,28.08,43160,,,,,,34.29411120150225,35.83375682011798,36.2850937810778,36.16058432555477,36.177334648598126,,,,,27.60461713502348,36.17569901878743,36.21807961979197,36.14649455024796,,34.29411120150225,34.98841901118908,"rgba(239, 83, 80, 1.0)",5.389516610726548,34.98841901118908,-1.164931748924084,38.044263856945975,-16.78119849720114,False,True,False,True,True,0.0,0.0,0.0,0.0,0.0,0,0.824946512533879,1.0959232863699144,False,False,False,False,-0.26788643611350726,-0.27413962093955524,False,False,False,False,-597019,-231200.7506965407,False,False,False,False,127662.47215592372,False,False,False,False
2025-04-23 00:00:00+00:00,28.56,29.74,27.45,29.58,101929,,,,,,34.19392015019694,35.72943181638283,36.2074034816107,36.098269116631265,36.124167895714024,,,,,27.741185395327783,36.08615646780721,36.14662217792743,36.085794417905525,,34.19392015019694,34.9347723243893,"rgba(239, 83, 80, 1.0)",5.498165387711677,34.9347723243893,-1.1594362618914353,39.129364595290184,-15.609297177511202,False,True,False,True,True,0.0,0.0,0.0,0.0,0.0,0,0.8219101449515585,1.0950389935438956,False,False,False,False,-0.2590798623908165,-0.26660974166518586,False,False,False,False,-698948,-249543.78008099008,False,False,False,False,126653.31638510319,False,False,False,False
2025-04-24 00:00:00+00:00,29.68,29.9799,28.57,28.57,81189,,,,,,34.127988635463964,35.657824792659156,36.153222625538405,36.054741779604484,36.08693317544029,,,,,27.908110193721615,36.02402384044629,36.09677151560898,36.04338880499884,,34.127988635463964,34.905889484831334,"rgba(239, 83, 80, 0.5)",5.578547978600668,34.905889484831334,-0.9367831028572071,41.65230708667757,-13.104692218560416,False,False,False,True,True,0.0,0.0,0.0,0.0,0.0,0,0.8276185013902906,1.0957189839730257,False,False,False,False,-0.23354363186585836,-0.2500766867655221,False,False,False,False,-617759,-263983.5926268336,False,False,False,False,124870.40201705993,False,False,False,False
2025-04-25 00:00:00+00:00,29.85,30.1201,29.03,29.59,35820,,,,,29.6667,34.10102601402972,35.62802273002197,36.130491736202046,36.036452477244225,36.071263080090475,,,,,27.982439338802862,35.99802738101121,36.07584700951246,36.02556803669941,,34.10102601402972,34.37158378036143,"rgba(239, 83, 80, 0.5)",5.652479140380129,34.37158378036143,-0.7999293173963585,43.60296898497723,-11.197181006387865,False,False,False,True,True,0.0,0.0,0.0,0.0,0.0,0,0.8295728696608707,1.0965522485697736,False,False,False,False,-0.2223693683043549,-0.23622302753493848,False,False,False,False,-581939,-276452.43213166366,False,False,False,False,121378.22938893993,False,False,False,False
2025-04-28 00:00:00+00:00,29.94,30.0,28.63,29.8,29535,,,,,29.601910244051716,34.078327313606266,35.60308624249108,36.111455655460496,36.02111316889746,36.05811194888827,,,,,28.03433143694504,35.976269897739975,36.05831244396671,36.0106192607024,,34.078327313606266,34.35535376127494,"rgba(239, 83, 80, 0.5)",5.721896853631988,34.35535376127494,-0.7716590973624914,45.05617671854667,-9.761702171777337,False,False,False,False,True,0.0,0.0,0.0,0.0,0.0,0,0.8214615562830946,1.106171395144779,False,False,False,False,-0.23204910627414746,-0.23413606690454297,False,False,False,False,-552404,-287274.06224414747,False,False,False,False,117776.53411878544,False,False,False,False
2025-04-29 00:00:00+00:00,29.15,29.93,29.03,29.89,59072,,,,,29.491810330555264,34.032091357877334,35.55257525959983,36.07283089652094,35.9899303855631,36.031353171975184,,,,,28.11861885947576,35.932165561531114,36.02270587749162,35.98022413959576,,34.032091357877334,34.32243058401859,"rgba(239, 83, 80, 0.5)",5.803199102203875,34.32243058401859,-0.891306759069194,44.782080604641024,-9.761702171777337,False,False,False,False,True,0.0,0.0,0.0,0.0,0.0,0,0.8194962366934775,1.106894984823421,False,False,False,False,-0.2259025337483458,-0.23001930032644438,False,False,False,False,-611476,-299987.86372476915,False,False,False,False,115474.3955258919,False,False,False,False
2025-04-30 00:00:00+00:00,27.84,29.11,27.16,28.95,72464,,,,,28.95625750965424,33.96072831004048,35.47859619005835,36.01674420281331,35.94445085466539,35.99230699719188,,,,,28.112730643574857,35.868029402718754,35.97089050544832,35.9358715172762,,33.96072831004048,34.22366061334418,"rgba(239, 83, 80, 1.0)",5.907418463330742,34.22366061334418,-1.0806176425404137,42.76815745526621,-9.761702171777337,False,False,False,True,False,0.0,0.0,0.0,0.0,0.0,1,0.7994224875626087,1.120699888566877,False,False,False,False,-0.2765430786761692,-0.2532811895013068,False,False,False,False,-683940,-315044.8102453665,False,False,False,False,113787.71334840596,False,False,False,False
2025-05-01 00:00:00+00:00,27.25,28.3713,26.865,27.53,59040,,,,,28.619264103736292,33.89863077279893,35.415083948142836,35.96856285702581,35.90526925514376,35.958629832136474,,,,,28.07859291593995,35.812981253002114,35.9263223561062,35.89764875075936,,33.89863077279893,34.14809860447917,"rgba(239, 83, 80, 1.0)",6.019720594515668,34.14809860447917,-1.1459167408473678,40.67705569553172,-9.761702171777337,False,False,False,True,False,0.0,0.0,0.0,0.0,0.0,1,0.7887462383812415,1.1215895004403336,False,False,False,False,-0.29426556372090656,-0.2737733766111067,False,False,False,False,-742980,-331826.582392607,False,False,False,False,111640.7441974881,False,False,False,False
2025-05-02 00:00:00+00:00,28.08,28.59,26.98,27.53,65006,,,,,28.47020084315613,33.83568282873455,35.3496809354561,35.91853906470515,35.86451712101766,35.92354246312932,,,,,28.067385919271292,35.75598963680128,35.88002259161411,35.85788653491728,,33.83568282873455,34.09234479388029,"rgba(239, 83, 80, 0.5)",6.109382248595966,34.09234479388029,-0.9841166502983213,41.02537283534717,-9.761702171777337,False,False,False,True,False,0.0,0.0,0.0,0.0,0.0,1,0.8066460431412769,1.120410144756973,False,False,False,False,-0.28755742637155074,-0.2806654014913287,False,False,False,False,-677974,-345400.99092623027,False,False,False,False,109811.93069954739,False,False,False,False
2025-05-05 00:00:00+00:00,27.35,27.66,26.735,27.66,46174,,,,,28.31651841359516,33.78707983739788,35.30001797166523,35.880602909886505,35.83353822848631,35.89685065209292,,,,,28.03530264113392,35.712778111217915,35.844872294776394,35.82765215888946,,33.78707983739788,34.04352132191417,"rgba(239, 83, 80, 1.0)",6.209211692142399,34.04352132191417,-1.0779985695099832,40.23178679578485,-5.267718126626761,False,False,False,True,False,0.0,0.0,0.0,0.0,0.0,1,0.7960110480191543,1.1246705987020478,False,False,False,False,-0.31001488063612426,-0.29534014106372647,False,False,False,False,-724148,-360253.81481147616,False,False,False,False,107316.32557407494,False,False,False,False
2025-05-06 00:00:00+00:00,26.64,27.4825,26.49,27.12,50041,,,,,28.14309595103623,33.732215218552206,35.24438738034878,35.83808111796639,35.79875022108024,35.86685370891983,,,,,27.98788198901652,35.66437403656645,35.80544134986035,35.79369331041062,,33.732215218552206,33.98747742837576,"rgba(239, 83, 80, 1.0)",6.317931361188148,33.98747742837576,-1.1629561969464002,38.76056359202681,-6.8263318947329665,False,False,False,True,False,0.0,0.0,0.0,0.0,0.0,0,0.8037479010029399,1.114003358395296,False,False,False,False,-0.3189795449206268,-0.30715984299217663,False,False,False,False,-774189,-376486.5671718104,False,False,False,False,105070.23437509162,False,False,False,False
2025-05-07 00:00:00+00:00,27.61,28.3022,26.51,26.7,74508,,,,,28.041708744593148,33.65916102378288,35.16877426077683,35.77971666414732,35.75091668706207,35.82552800698837,,,,,27.95850834024515,35.598154572151074,35.75128980846019,35.74699134456848,,33.65916102378288,33.92807494527755,"rgba(239, 83, 80, 0.5)",6.378470564229232,33.92807494527755,-0.9905313321832381,39.89843273459379,-6.8263318947329665,False,False,False,True,False,0.0,0.0,0.0,0.0,0.0,1,0.8183200747472457,1.0880443647385596,False,False,False,False,-0.3012098139207847,-0.30418482845648065,False,False,False,False,-699681,-389160.85865526885,False,False,False,False,103871.71537998998,False,False,False,False
2025-05-08 00:00:00+00:00,28.29,29.38,25.0,25.0,76357,,,,,27.976505840552896,33.587019064464386,35.093612052505996,35.721329436592086,35.70294665391733,35.78401160652335,,,,27.556666666666665,27.936268817551895,35.53207241650168,35.69706652083589,35.70014376524203,,33.587019064464386,33.29887662194129,"rgba(239, 83, 80, 0.5)",6.415696160606832,33.29887662194129,-0.7807222313139472,42.02456863469731,-6.8263318947329665,True,False,False,True,True,0.0,0.0,0.0,0.0,0.0,1,0.806144676994929,1.0737972201236068,False,False,False,False,-0.31033231960056157,-0.3072585740285211,False,False,False,False,-623324,-398343.72694329754,False,False,False,False,102792.70693371586,False,False,False,False
2025-05-09 00:00:00+00:00,28.34,28.77,27.715,28.32,40797,,,,,27.99650811747649,33.55367757065993,35.057828387982816,35.69318697578099,35.679785900377595,35.76392194320013,,,,27.806814719656746,27.945997391862026,35.50034856101367,35.67091912839445,35.677521032832615,,33.55367757065993,33.304228157203404,"rgba(239, 83, 80, 0.5)",6.4320849043071755,33.304228157203404,-0.771791453480218,43.54416968619167,-10.779693895521312,True,False,False,True,True,0.0,0.0,0.0,0.0,0.0,1,0.8322620273293821,1.0859930475898962,False,False,False,False,-0.2663414718373798,-0.2868000229329504,False,False,False,False,-582527,-405566.6003965016,False,False,False,False,100361.50274023681,False,False,False,False
2025-05-12 00:00:00+00:00,28.96,30.24,28.19,29.43,54674,,,,29.130000000000003,28.089912271259365,33.51677779842682,35.01642905292002,35.660112489572285,35.652530494908135,35.740221388641714,,,,28.22783941887624,27.989880464576164,35.46324603435186,35.6401829860767,35.65089539348636,,33.51677779842682,32.9815023160913,"rgba(239, 83, 80, 0.5)",6.443199090709719,32.9815023160913,-0.6241468344335037,45.842920553568035,-8.554889121080024,True,False,False,False,True,0.0,0.0,0.0,0.0,0.0,1,0.832328862677288,1.0982129631866844,False,False,False,False,-0.22657441130240547,-0.25668721711767795,False,False,False,False,-527853,-410362.14547899173,False,False,False,False,98569.83596610988,False,False,False,False
2025-05-13 00:00:00+00:00,29.52,29.72,29.03,29.62,47836,,,,29.266883165869995,28.17958382729483,33.48711957823011,34.982460397772186,35.63273446839705,35.62993336349519,35.72053754363225,,,,28.488180880799764,28.03490425757628,35.43262375653491,35.61472798759271,35.62881673053802,,33.48711957823011,33.0082088298111,"rgba(239, 83, 80, 0.5)",6.434394692825665,33.0082088298111,-0.5421191885695866,48.481240886228534,-6.06561888971703,True,False,False,False,True,0.0,0.0,0.0,0.0,0.0,1,0.8300600249354122,1.1015304002090802,False,False,False,False,-0.20172093399776636,-0.22920407555772215,False,False,False,False,-480017,-413093.70840138424,False,False,False,False,96580.27377136047,False,False,False,False
2025-05-14 00:00:00+00:00,29.35,30.2,28.1138,29.34,39516,,,,29.25419125324471,28.23440661121766,33.46173975381123,34.95370076795739,35.609568777622634,35.610786063285765,35.703850744664145,,,,28.599951148236745,28.064907590022756,35.40671799614597,35.5931758471916,35.61010582613864,,33.46173975381123,33.00859186496161,"rgba(239, 83, 80, 0.5)",6.460235476700089,33.00859186496161,-0.5663248465411093,49.8483326034358,-4.78965683662404,True,False,False,False,True,0.0,0.0,0.0,0.0,0.0,1,0.837434568147094,1.0738136612179825,False,False,False,False,-0.20649872086181936,-0.21785139820977076,False,False,False,False,-519533,-417267.79826799664,False,False,False,False,94342.45911366006,False,False,False,False
2025-05-15 00:00:00+00:00,29.46,29.57,28.38,28.96,48519,,,,29.224265642936487,28.289171436071488,33.430374121133305,34.91826372318351,35.580979494330116,35.587123097705664,35.68321312925076,,,,28.684582233286427,28.09718565862746,35.37477309918994,35.566562642344095,35.58697866332368,,33.430374121133305,33.00195607844858,"rgba(239, 83, 80, 0.5)",6.471956697591193,33.00195607844858,-0.5472774686157686,51.00192925041381,-3.6666446925274485,True,False,True,False,True,0.0,0.0,0.0,0.0,0.0,1,0.8480290116770283,1.0760515176271916,False,False,False,False,-0.20921980389618441,-0.21353560105297759,False,False,False,False,-471014,-419375.4924535654,False,False,False,False,92545.46071704595,False,False,False,False
2025-05-16 00:00:00+00:00,28.83,29.42,28.67,29.42,49077,,,,29.172872177568557,28.328746151703452,33.39791780253841,34.88185538020073,35.55159073463683,35.562761690344686,35.661952165918684,,,,28.724301939031772,28.12308694489505,35.34195285071229,35.53918747387628,35.56316491451261,,33.39791780253841,32.987449185494945,"rgba(239, 83, 80, 0.5)",6.48293060191062,32.987449185494945,-0.6412916381165152,50.206558218084325,-3.6666446925274485,True,False,False,False,True,0.0,0.0,0.0,0.0,0.0,1,0.8607126270003818,1.0756384417008287,False,False,False,False,-0.19783690762576778,-0.20568625433937268,False,False,False,False,-520091,-423325.1202004844,False,False,False,False,90840.81519873042,False,False,False,False
2025-05-19 00:00:00+00:00,27.91,28.39,27.31,28.23,64796,,,,28.895553143813224,28.296197012332758,33.345276227711274,34.825613507662354,35.506745840216766,35.52553130642451,35.629490441204176,,,,28.592994953649672,28.11357968695679,35.29171412526588,35.497375187210324,35.52676483224684,,33.345276227711274,32.92056968872455,"rgba(239, 83, 80, 0.5)",6.497652590681437,32.92056968872455,-0.7711353629325184,47.66847883151367,-3.6666446925274485,True,False,False,False,False,0.0,0.0,0.0,0.0,0.0,1,0.8531037718084719,1.071610264961572,False,False,False,False,-0.2615416525350121,-0.23361395343719238,False,False,False,False,-584887,-429660.8801926223,False,False,False,False,89819.44989681942,False,False,False,False
2025-05-20 00:00:00+00:00,27.29,27.895,27.0,27.47,86101,,,,28.564713604032924,28.21855125865619,33.27092239726869,34.74725121063609,35.44430336139875,35.47357836076621,35.58415639564389,,,,28.38981581372261,28.07941592865657,35.22178662827987,35.43909888798008,35.47595822631989,,33.27092239726869,32.825796006113485,"rgba(239, 83, 80, 0.5)",6.516946930679833,32.825796006113485,-0.8494462307269403,44.78211984663991,-0.38992400294743845,True,False,False,True,False,0.0,0.0,0.0,0.0,0.0,1,0.8536464768588012,1.080351799760408,False,False,False,False,-0.2818231263389156,-0.257718539888054,False,False,False,False,-670988,-439124.6888125195,False,False,False,False,89673.62833223827,False,False,False,False
2025-05-21 00:00:00+00:00,26.69,27.5499,25.7301,27.08,42754,,,,28.376433607910023,28.15447137487881,33.230134686476916,34.70510460127133,35.41084154009005,35.44569144426604,35.5598175465631,,,,28.255194767456295,28.04660232275118,35.18428949142332,35.40784423592234,35.448681493979215,,33.230134686476916,32.76875892608239,"rgba(239, 83, 80, 0.5)",6.543943525494764,32.76875892608239,-0.9289137203583671,41.789171814961236,-3.164910595280965,True,False,False,True,False,0.0,0.0,0.0,0.0,0.0,1,0.8471486818277767,1.0744264589883457,False,False,False,False,-0.33004850099220606,-0.29388352044013,False,False,False,False,-713742,-449893.9951335972,False,False,False,False,87833.6429074446,False,False,False,False
2025-05-22 00:00:00+00:00,26.95,27.1,25.68,26.5,74616,,,,28.11202266361351,28.049045423566817,33.159290761422405,34.63187031106493,35.35252092508152,35.39700317125688,35.5172779757602,,,,28.054816469053595,27.989724780358085,35.11902191340583,35.3533331706942,35.401049562035425,,33.159290761422405,32.67808142727612,"rgba(239, 83, 80, 0.5)",6.53881675661404,32.67808142727612,-0.8760119208849433,40.60060343515573,-4.243233876939591,True,False,False,True,False,0.0,0.0,0.0,0.0,0.0,1,0.8422725100310101,1.0753476120083139,False,False,False,False,-0.34282825441539394,-0.318355887427762,False,False,False,False,-639126,-457314.85806953453,False,False,False,False,87315.30396989777,False,False,False,False
2025-05-23 00:00:00+00:00,26.94,26.96,26.37,26.86,67468,,,,27.95308976038645,27.97541229965942,33.09823633137387,34.56823306401621,35.30151433386895,35.35432609955391,35.47992638649371,,,,27.92834400743574,27.94804197266239,35.062078784353595,35.30561927971423,35.35928839401687,,33.09823633137387,32.61117589279461,"rgba(239, 83, 80, 0.5)",6.521701643307848,32.61117589279461,-0.8695853019608784,39.78793494847933,-5.0548476351216465,False,False,False,True,False,0.0,0.0,0.0,0.0,0.0,1,0.8565500470662066,1.0681798825586086,False,False,False,False,-0.32616872152595755,-0.3222623044768598,False,False,False,False,-706594,-467090.5106942587,False,False,False,False,86536.97832401942,False,False,False,False
2025-05-27 00:00:00+00:00,26.87,27.39,26.0,27.27,150177,,,,27.704754298581005,27.8378708540051,32.966359665365516,34.43015127031084,35.19008029567532,35.26079212311564,35.39788691910593,,,,27.718943163938885,27.8644367351643,34.938022014748796,35.20125064621509,35.26773001197334,,32.966359665365516,32.48152316651665,"rgba(239, 83, 80, 0.5)",6.483388094907565,32.48152316651665,-0.8655232548741408,39.092064520183015,-5.835252450061063,False,False,False,True,False,0.0,0.0,0.0,0.0,0.0,1,0.8528556767730853,1.0632387390402245,False,False,False,False,-0.3243620011113318,-0.32331215279409575,False,False,False,False,-856771,-482372.0985101701,False,False,False,False,89032.66544856768,False,False,False,False
2025-05-28 00:00:00+00:00,26.79,27.59,26.705,27.07,47343,,,,27.663319765327046,27.810132427076674,32.92770507405828,34.38915055874616,35.15667629151314,35.232665576992844,35.37315558476023,,,,27.682207880324768,27.846389651404504,34.90096611536289,35.169928634680545,35.24018819103272,,32.92770507405828,32.449373812606645,"rgba(239, 83, 80, 0.5)",6.460085557127348,32.449373812606645,-0.8760524551199967,38.439652946140825,-6.6329086900395495,False,False,False,True,False,0.0,0.0,0.0,0.0,0.0,1,0.8554765597581823,1.0829731351394185,False,False,False,False,-0.29541752789829834,-0.30936484034619705,False,False,False,False,-904114,-498910.99660781055,False,False,False,False,87397.77660744738,False,False,False,False
2025-05-29 00:00:00+00:00,26.4,26.8816,25.77,26.65,49853,,,,27.583771989028403,27.759302418623992,32.88292685367473,34.342533592376455,35.11888697963289,35.200825071789566,35.34516807166881,,,,27.61157366249452,27.81314576217591,34.85899172752207,35.13448014300922,35.20900707438842,,32.88292685367473,32.40505111219875,"rgba(239, 83, 80, 0.5)",6.420739782248717,32.40505111219875,-0.9352584461997334,37.08317805932573,-8.114081642181915,False,False,False,True,False,0.0,0.0,0.0,0.0,0.0,1,0.8454983751471212,1.0805906618015568,False,False,False,False,-0.34282825441539394,-0.3260965473807955,False,False,False,False,-953967,-516756.33007417095,False,False,False,False,85925.43242676316,False,False,False,False
2025-05-30 00:00:00+00:00,25.14,26.25,25.0,26.16,114366,,,,27.324987310300482,27.58944725214706,32.768827578872745,34.225959358588284,35.02476054484489,35.12139983101789,35.27534559484259,,,,27.37853059539957,27.699156227923098,34.75435947147788,35.04612000091442,35.13121351241673,,32.768827578872745,32.2783422732288,"rgba(239, 83, 80, 1.0)",6.383108570831845,32.2783422732288,-1.118317539803108,33.78187212000313,-11.360284084663029,False,True,False,True,False,0.0,0.0,0.0,0.0,0.0,0,0.8406258697979017,1.0810578100214296,False,False,False,False,-0.34282825441539394,-0.33446240089809476,False,False,False,False,-1068333,-538386.7877183211,False,False,False,False,87040.74880218421,False,False,False,False
2025-06-02 00:00:00+00:00,25.94,26.61,25.51,25.51,74833,,,,27.228482401960356,27.51698268113246,32.70159509611871,34.156065442199754,34.96768613962133,35.07308236677955,35.23275210022679,,,,27.288490341454082,27.64749696626852,34.69117468374333,34.99248019934679,35.08387203807426,,32.70159509611871,32.21501337141049,"rgba(239, 83, 80, 0.5)",6.32241614779871,32.21501337141049,-0.9925024270342087,34.675710833472465,-11.360284084663029,False,True,False,True,False,0.0,0.0,0.0,0.0,0.0,0,0.8389128396111214,1.0733600501953164,False,False,False,False,-0.31329875326487605,-0.32388057708148543,False,False,False,False,-993500,-556234.3646705438,False,False,False,False,86562.01355503974,False,False,False,False
2025-06-03 00:00:00+00:00,25.66,26.65,25.45,26.0,49102,,,,27.167928937545973,27.470023206684854,32.65755390108612,34.11029180580646,34.9302138396567,35.041309299032726,35.2047155057222,,,,27.23145718219125,27.61331470449958,34.64973764732465,34.95724084507054,35.05273534731672,,32.65755390108612,32.17387685182815,"rgba(239, 83, 80, 1.0)",6.222793179509896,32.17387685182815,-1.046777012174648,34.70291808007515,-11.360284084663029,False,True,False,True,False,0.0,0.0,0.0,0.0,0.0,0,0.8522604738642247,1.0641339804640082,False,False,False,False,-0.3136165835389986,-0.318748580310242,False,False,False,False,-1042602,-575307.605271699,False,False,False,False,85092.99341562642,False,False,False,False
2025-06-04 00:00:00+00:00,25.04,26.2405,24.77,25.74,127545,,,,26.972866536118296,27.319595585302395,32.53632991133764,33.98562657227616,34.82824734711579,34.95470636804739,35.12825006233722,,,,27.04769086082115,27.502679460031413,34.53700203793944,34.86127924272776,34.967850884050414,,32.53632991133764,32.05351040567542,"rgba(239, 83, 80, 1.0)",6.1470884985502625,32.05351040567542,-1.140948337953731,33.53578682121399,-11.911393335264052,False,True,False,True,False,0.0,0.0,0.0,0.0,0.0,0,0.8463570206492002,1.0667762220512689,False,False,False,False,-0.34282825441539394,-0.33078841736281794,False,False,False,False,-1170147,-598634.6403590833,False,False,False,False,86757.77798756264,False,False,False,False
2025-06-05 00:00:00+00:00,24.54,25.285,24.39,25.24,41503,,,,26.897473141454064,27.2613376403086,32.494461404275675,33.94300207589519,34.7934222927953,34.925084710014715,35.102082611610534,,,24.738333333333333,26.9765485525023,27.459394708720236,34.49850107982785,34.828483307447,34.93881212249569,,32.494461404275675,31.450533613898497,"rgba(239, 83, 80, 1.0)",6.042618086006531,31.450533613898497,-1.1436323652328586,31.89235114825074,-13.63835186613673,False,True,False,True,False,0.0,0.0,0.0,0.0,0.0,0,0.8451282697223625,1.0701105849090342,False,False,False,False,-0.34282825441539394,-0.33680833588910597,False,False,False,False,-1211650,-622674.4583842172,False,False,False,False,84983.0808115798,False,False,False,False
2025-06-06 00:00:00+00:00,25.05,25.16,24.58,24.63,42814,,,,26.831296805282673,27.208293308894532,32.45279462281939,33.90034802935681,34.758428201452915,34.89527838918652,35.07572302079064,,,24.835656727982887,26.913514043793725,27.419187271547045,34.45987346329021,34.79551178215934,34.90958797411935,,32.45279462281939,31.41965335697508,"rgba(239, 83, 80, 1.0)",5.918714554865936,31.41965335697508,-1.0761886382472041,32.82867412937338,-13.63835186613673,False,True,False,True,False,0.0,0.0,0.0,0.0,0.0,0,0.8528411916432276,1.0701091210617355,False,False,False,False,-0.34054128056220584,-0.3386748082256559,False,False,False,False,-1168836,-644092.5580554244,False,False,False,False,83329.39136798844,False,False,False,False
2025-06-09 00:00:00+00:00,24.8,25.48,24.475,25.43,69891,,,,26.731728348987385,27.126284825256022,32.38564988915704,33.83148950160138,34.70176595331409,34.84694515310912,35.03293590048575,,,24.87312787490489,26.8179995938412,27.355933318121835,34.397405795198225,34.74209427479879,34.86219110216232,,32.38564988915704,31.361965502379853,"rgba(239, 83, 80, 1.0)",5.780129952714744,31.361965502379853,-1.1352626248996192,32.94378388042977,-13.63835186613673,False,True,False,True,False,0.0,0.0,0.0,0.0,0.0,0,0.8503394371428797,1.061859639100359,False,False,False,False,-0.3327256251837764,-0.33570021670471617,False,False,False,False,-1238727,-667411.555778741,False,False,False,False,82802.39562806733,False,False,False,False
2025-06-10 00:00:00+00:00,25.43,25.6,24.655,24.74,72805,,,,26.65440740758794,27.058027487972176,32.319817917171335,33.7633298640466,34.64527946784532,34.79864878224285,34.990100842842395,,,24.987045286686957,26.742490749829987,27.30131543655895,34.33529738864781,34.68879723319371,34.8148183080697,,32.319817917171335,31.315336628668895,"rgba(239, 83, 80, 1.0)",5.668292400603431,31.315336628668895,-1.0382909371510824,35.442700687037586,-13.63835186613673,False,True,False,True,True,0.0,0.0,0.0,0.0,0.0,0,0.8623861949628123,1.057707332395187,False,False,False,False,-0.32197354836210706,-0.3288368825334116,False,False,False,False,-1165922,-686960.9849638884,False,False,False,False,82410.3408975549,False,False,False,False
2025-06-11 00:00:00+00:00,26.22,26.34,25.34,25.67,54075,,,,26.629102589231284,27.02963395365904,32.276710269862825,33.71771929678988,34.607014291310826,34.765833286987956,34.96091517963647,,,25.175502375294094,26.716052502156305,27.276343944776396,34.29340499064995,34.652655791577665,34.78261997610254,,32.276710269862825,31.298731419079633,"rgba(239, 83, 80, 0.5)",5.564607268626774,31.298731419079633,-0.9126846107745097,39.69802985025132,-14.662211471857667,False,False,False,True,True,0.0,0.0,0.0,0.0,0.0,0,0.8806754285714284,1.0428251428571427,False,False,False,False,-0.2718254284166469,-0.30033115547502925,False,False,False,False,-1111847,-703623.1816319713,False,False,False,False,81299.15105843509,False,False,False,False
2025-06-12 00:00:00+00:00,26.11,26.85,25.82,25.82,57944,,,,26.615102086202747,27.008759955071298,32.23328025661118,33.67126126920242,34.56776340457406,34.732102696987596,34.93086327554057,,,25.36085399509977,26.69998604014846,27.256367915070292,34.250543322350424,34.61555610913952,34.749516339242064,,32.23328025661118,31.283996666556952,"rgba(239, 83, 80, 0.5)",5.462055591009592,31.283996666556952,-0.9472618102007645,42.220185276681086,-12.37821097938236,True,False,False,True,True,0.0,0.0,0.0,0.0,0.0,1,0.8884341067550579,1.0273071208138074,False,False,False,False,-0.23776870921392015,-0.2690499323444747,False,False,False,False,-1169791,-721904.2725483646,False,False,False,False,80383.26278163372,False,False,False,False
2025-06-13 00:00:00+00:00,26.29,26.88,26.0,26.42,56985,,,,26.607006983938465,26.99268449071847,32.19209255141929,33.62692482328811,34.53011893809194,34.699695292423044,34.90195060321327,,,25.508943307147586,26.689605792968436,27.239939021353912,34.20951335086097,34.57995166584463,34.717705142636156,,32.19209255141929,31.268933227992633,"rgba(239, 83, 80, 0.5)",5.337843904569466,31.268933227992633,-0.9327611142263665,44.500230186727315,-10.325821953306594,True,False,False,True,True,0.0,0.0,0.0,0.0,0.0,1,0.8879280033486814,1.0701321533217723,False,False,False,False,-0.21090011649053936,-0.23997502441750704,False,False,False,False,-1112806,-737233.7520562719,False,False,False,False,79465.68384902063,False,False,False,False
2025-06-16 00:00:00+00:00,26.47,27.005,26.24,26.24,55695,,,26.571666666666665,26.605807024559105,26.982258735145553,32.1536374383374,33.58518545403842,34.49447371478339,34.668951052058546,34.8744800505337,,,25.63997453392132,26.68586819045332,27.227778849372623,34.1707460746955,34.546215114393405,34.68752031381528,,32.1536374383374,30.921040229483875,"rgba(239, 83, 80, 0.5)",5.199587346759011,30.921040229483875,-0.856037206925331,46.63334054494668,-8.394508151584056,True,False,False,False,True,0.0,0.0,0.0,0.0,0.0,1,0.9165195460277429,1.0643644388398488,False,False,False,False,-0.081507185187858,-0.16074110480268253,False,False,False,False,-1057111,-749777.9578579868,False,False,False,False,78533.50016866688,False,False,False,False
2025-06-17 00:00:00+00:00,26.34,26.88,26.22,26.66,92639,,,26.514418103738862,26.59908161896029,26.962389438342385,32.08979499375403,33.515949238696855,34.4352082185485,34.61775214962508,34.828686596616045,,,25.782932146109157,26.675559764338242,27.205811006106416,34.106360388885605,34.49008756504711,34.63724400746261,,32.08979499375403,30.890091088302228,"rgba(239, 83, 80, 0.5)",4.950108652916167,30.890091088302228,-0.9191901445681836,47.58231009190324,-7.5250934339819295,True,False,False,False,True,0.0,0.0,0.0,0.0,0.0,0,0.9560750740862696,1.02357589726704,False,False,False,False,-0.091683356042424,-0.12621223042255325,False,False,False,False,-1149750,-765463.1359812029,False,False,False,False,79086.65702479759,False,False,False,False
2025-06-18 00:00:00+00:00,26.36,26.39,25.66,26.3,87316,,,26.37444889313247,26.576899842145618,26.93270762785723,32.027319267483456,33.44879067124682,34.37776851740297,34.56806637921379,34.784223164621594,,,25.831829244417282,26.65127254302207,27.177004627541617,34.04396550518044,34.43565841069322,34.588446286899355,,32.027319267483456,30.84417149863271,"rgba(239, 83, 80, 0.5)",4.766906281383694,30.84417149863271,-0.9406879921564323,48.29404954769523,-6.78603968861637,True,False,False,False,True,0.0,0.0,0.0,0.0,0.0,0,0.9731749324558557,1.0148817220867976,False,False,False,False,-0.16607661129144846,-0.14614442085700086,False,False,False,False,-1062434,-777109.0522172342,False,False,False,False,79409.37635715847,False,False,False,False
2025-06-20 00:00:00+00:00,26.07,26.5,25.64,26.5,189416,,,26.238781746050417,26.5291231096254,26.87030078690901,31.894713185602786,33.30593265087604,34.25487045448644,34.46142175554778,34.688582858336936,,,25.886772961239405,26.59950385437428,27.11587457656684,33.91080035815542,34.31905950147932,34.483670854954404,,31.894713185602786,30.75424347530032,"rgba(239, 83, 80, 1.0)",4.607012215042343,30.75424347530032,-1.0167638496824059,47.61356346995197,-6.78603968861637,True,False,False,False,True,0.0,0.0,0.0,0.0,0.0,1,0.9597418961143164,1.0100292118452054,False,False,False,False,-0.15963977954395533,-0.1528921002004781,False,False,False,False,-1251850,-795726.3442871466,False,False,False,False,83723.36159805421,False,False,False,False
2025-06-23 00:00:00+00:00,24.97,26.12,24.5,25.96,166775,,,25.94512391841728,26.42702011763279,26.770086970974695,31.7659636266681,33.1700154296874,34.13840506095609,34.360171818130844,34.597737261464054,,,25.77026585467412,26.497498536950253,27.026888249361743,33.78452592521117,34.208468376567,34.38417361370209,,31.7659636266681,30.63188176859983,"rgba(239, 83, 80, 1.0)",4.482282369869512,30.63188176859983,-1.2631693635947034,43.686673746695895,-6.78603968861637,True,False,False,True,False,0.0,0.0,0.0,0.0,0.0,1,0.9558872237089319,1.0232874423676104,False,False,False,False,-0.2705911743715344,-0.21174163728600626,False,False,False,False,-1418625,-820153.7425503958,False,False,False,False,86980.28859420895,False,False,False,False
2025-06-24 00:00:00+00:00,25.07,25.22,24.46,24.77,103255,,,25.79234882903465,26.358610985694394,26.703832958594813,31.685409875265556,33.0852497954049,34.065576072108676,34.296705167040976,34.54070932348037,,,25.689487434695888,26.429396957177975,26.96800145089887,33.70567420233798,34.13924638896676,34.321788643504334,,31.685409875265556,30.555859863157583,"rgba(239, 83, 80, 1.0)",4.379448729140571,30.555859863157583,-1.2526370788759376,41.53997960450524,-3.2473054395263645,False,False,False,True,False,0.0,0.0,0.0,0.0,0.0,1,0.9444105271348454,1.024091265494724,False,False,False,False,-0.34243746058757263,-0.27708954893678944,False,False,False,False,-1315370,-839573.9879405763,False,False,False,False,87618.51257090663,False,False,False,False
2025-06-25 00:00:00+00:00,24.74,25.26,24.671,25.26,64735,,,25.715500196754277,26.31806842435498,26.664081032660874,31.635673777330243,33.0328204110783,34.0203704876423,34.257237948523255,34.505200553064114,,,25.64472961121762,26.38892239830168,26.932277312178996,33.65680387654799,34.096249285610675,34.28298605785461,,31.635673777330243,30.510780098079994,"rgba(239, 83, 80, 1.0)",4.2590712010361225,30.510780098079994,-1.3549386299708053,39.189454684130496,-5.464258128079216,False,False,False,True,False,0.0,0.0,0.0,0.0,0.0,1,0.9653172359246163,1.001212154270874,False,False,False,False,-0.3229456924617354,-0.3000176206992624,False,False,False,False,-1380105,-860771.282531142,False,False,False,False,86721.11992106716,False,False,False,False
2025-06-26 00:00:00+00:00,25.84,25.85,24.74,24.74,117134,,,25.683599805389424,26.27803006105618,26.61878144214013,31.555169711124016,32.94634828438686,33.94487691471855,34.19107783421433,34.44548732337075,,,25.6292652252742,26.34748459413071,26.888356662995914,33.57556278045644,34.02434734476815,34.217913309243066,,31.555169711124016,30.453307235233478,"rgba(239, 83, 80, 1.0)",4.141515747245743,30.453307235233478,-1.1139175888203476,42.2856034220855,-5.464258128079216,True,False,False,True,True,0.0,0.0,0.0,0.0,0.0,1,0.9569693032518152,0.9986339461349782,False,False,False,False,-0.2728389768539885,-0.28642829877662546,False,False,False,False,-1262971,-876543.8204710972,False,False,False,False,87913.78188494689,False,False,False,False
2025-06-27 00:00:00+00:00,25.77,26.125,25.35,25.83,1383509,,,25.723219557048658,26.087437754062545,26.348394156856312,30.77857415187832,32.08925732180908,33.170272124738126,33.50110866195081,33.815309498057154,,,25.691276276361062,26.138275879706523,26.588818279725707,32.753791864221505,33.282073700752264,33.53804454209093,,30.77857415187832,29.964703840661354,"rgba(239, 83, 80, 1.0)",4.045014727308655,29.964703840661354,-1.0370058265405364,44.11171148279906,-5.464258128079216,True,False,False,True,True,0.0,0.0,0.0,0.0,0.0,1,0.9535586099569113,1.0128405830086025,False,False,False,False,-0.2075484129358413,-0.24698835585623338,False,False,False,False,-2646480,-945953.0824134072,False,False,False,False,138721.4374973019,False,False,False,False
2025-06-30 00:00:00+00:00,24.53,25.8075,24.47,25.62,297488,,,25.631647456712287,26.004737947804358,26.259952300568532,30.61525142668518,31.91067599314774,33.0062757557278,33.35319459760327,33.67908772291846,,,25.615197465294557,26.0543001367073,26.500423464500418,32.58119682707714,33.12415798980916,33.39208629255607,,30.61525142668518,29.837727526936586,"rgba(239, 83, 80, 1.0)",3.9578857856046903,29.837727526936586,-1.341051211290996,41.77885135706971,-5.464258128079216,False,False,False,True,True,0.0,0.0,0.0,0.0,0.0,1,0.9391924697940147,1.0223762403882997,False,False,False,False,-0.2964190079326749,-0.27170368189445415,False,False,False,False,-2943968,-1024306.6085932736,False,False,False,False,144947.57720329007,False,False,False,False
2025-07-01 00:00:00+00:00,23.66,24.52,23.555,24.49,113132,,,25.558799078205414,25.949096322802877,26.205339042120322,30.544739790198456,31.835449526826686,32.937912396892905,33.291594182587964,33.62243396147975,,,25.552361837138164,25.99886697329417,26.44882678159053,32.50901704268103,33.058344661430134,33.3313051592709,,30.544739790198456,29.774577625465664,"rgba(255, 0, 0, 1.0)",3.89853726322996,29.774577625465664,-1.5684286727580747,38.40719560104598,-5.5617166062521335,False,True,False,True,False,0.0,0.0,0.0,0.0,0.0,0,0.9173737890512818,1.0464527225846547,False,False,False,False,-0.34282825441539394,-0.307265968154924,False,False,False,False,-3057100,-1104023.9964915765,False,False,False,False,143699.9075090434,True,False,False,False
2025-07-02 00:00:00+00:00,25.27,25.29,23.53,23.68,120343,,,25.521631267933568,25.914653884769226,26.168917007713784,30.480030067253466,31.764741137554225,32.87253783910045,33.2323541578752,33.56769980742343,,24.69666666666667,25.520054884975075,25.963989547508696,26.41244966607764,32.4404354189941,32.9952812115845,33.272816861783674,,30.480030067253466,29.388283961814242,"rgba(239, 83, 80, 1.0)",3.787494420059485,29.388283961814242,-1.087337301410351,41.40104592855504,-5.5617166062521335,False,False,False,True,False,0.0,0.0,0.0,0.0,0.0,1,0.9273466287158831,1.0316781874403078,False,False,False,False,-0.29377227916033727,-0.30051912365763067,False,False,False,False,-2936757,-1175895.878982103,False,False,False,False,142783.95035182603,False,False,False,False
2025-07-03 00:00:00+00:00,25.29,25.46,24.9,25.11,39608,,,25.51736463214114,25.90839298255428,26.161410371864104,30.4609313837718,31.743464206186733,32.8526017389331,33.21421188076454,33.55087928402429,,24.82543210108096,25.51633118814162,25.957459363757845,26.404334237742063,32.41962413000692,32.9760205179631,33.25489647750765,,30.4609313837718,29.38422363309601,"rgba(239, 83, 80, 1.0)",3.6205182895111063,29.38422363309601,-1.1308390969760496,43.45191634792023,-5.5617166062521335,True,False,False,True,True,0.0,0.0,0.0,0.0,0.0,1,0.938427770670563,1.0310253849859468,False,False,False,False,-0.19631329515438004,-0.24841620940600534,False,False,False,False,-2897149,-1243396.0013749618,False,False,False,False,138737.8346517544,False,False,False,False
2025-07-07 00:00:00+00:00,24.53,25.09,24.02,25.09,99415,,,25.484433987041854,25.87840971952415,26.130080568523734,30.407552152571593,31.68524369206911,32.79866635227336,33.165250244826915,33.50558702548127,,24.718581296957453,25.487351820960534,25.927181365390904,26.373219910701607,32.36310272769956,32.92395595965648,33.20654601766601,,30.407552152571593,29.337010856089638,"rgba(239, 83, 80, 1.0)",3.4933801643927485,29.337010856089638,-1.3760342790877544,42.98288881667991,-5.5617166062521335,False,False,False,True,True,0.0,0.0,0.0,0.0,0.0,1,0.9240318725616421,1.0459700408298283,False,False,False,False,-0.27505378970788713,-0.26173499955694624,False,False,False,False,-2996564,-1312147.6875955516,False,False,False,False,137195.7627046268,False,False,False,False
2025-07-08 00:00:00+00:00,25.06,25.29,24.31,24.55,99359,,,25.464830980002436,25.857055189848673,26.106427683912845,30.358196643781348,31.630716539503876,32.74764906252325,33.11877452217394,33.4624739954584,,24.765137277859083,25.46993024087162,25.90533141128469,26.348745153373994,32.309840424235915,32.87464538121045,33.16063258642778,,30.358196643781348,29.305359139497888,"rgba(239, 83, 80, 1.0)",3.327479364161203,29.305359139497888,-1.275848374965976,44.24682304672615,-5.5617166062521335,True,False,False,True,True,0.0,0.0,0.0,0.0,0.0,0,0.9100941194531501,1.0471152542760411,False,False,False,False,-0.24384102454369044,-0.2527880120503183,False,False,False,False,-2897205,-1374306.7978859222,False,False,False,False,135711.96808875908,False,False,False,False
2025-07-09 00:00:00+00:00,24.26,24.91,24.17,24.88,73738,,,25.440640220774636,25.834871763780313,26.083322475365136,30.31923483567025,31.588208514784103,32.70811499904365,33.08279351890675,33.42912865094241,,24.710835786337018,25.44836949964005,25.88294801557473,26.32578492623084,32.26848644849323,32.83644522517636,33.12509010867306,,30.31923483567025,29.272284999292832,"rgba(255, 0, 0, 1.0)",3.1730671665193215,29.272284999292832,-1.5796340689475632,43.22880537102395,-5.5617166062521335,False,False,False,True,True,0.0,0.0,0.0,0.0,0.0,0,0.8975104291945353,1.0533355398767175,False,False,False,False,-0.27585334600567324,-0.2643206790279958,False,False,False,False,-2970943,-1436919.9822825529,False,False,False,False,133281.61639900383,False,False,False,False
2025-07-10 00:00:00+00:00,24.33,24.7884,23.96,23.96,75136,,,25.41508410190394,25.811598746502593,26.059212047405424,30.279477395184248,31.544886321038025,32.66779575602977,33.046069072412024,33.39507648257042,,24.658825301336947,25.425482103667154,25.859493512572634,26.301893116543013,32.22632867702015,32.79747451245888,33.0888098705672,,30.279477395184248,29.238500467814163,"rgba(255, 0, 0, 1.0)",3.0504512618464514,29.238500467814163,-1.609106340824809,42.7727258486446,-5.5617166062521335,False,False,False,True,True,0.0,0.0,0.0,0.0,0.0,0,0.8997338359040489,1.0538378878804413,False,False,False,False,-0.29765934246713344,-0.2809900107475646,False,False,False,False,-2895807,-1494131.2378793156,False,False,False,False,131001.39614806251,False,False,False,False
2025-07-11 00:00:00+00:00,24.44,24.5,23.965,24.21,45181,,,25.399480107100963,25.797411222433265,26.04455383457741,30.255593765321894,31.51887724825136,32.643570456989345,33.02398836504544,33.374592763456405,,24.629633246137704,25.411455409145383,25.845204111352995,26.287384681207605,32.20100926003817,32.774053223382445,33.0669944671295,,30.255593765321894,29.218253477437994,"rgba(255, 0, 0, 1.0)",2.9130875110175705,29.218253477437994,-1.6402711759829354,42.84175821926873,-5.5617166062521335,False,False,False,True,True,0.0,0.0,0.0,0.0,0.0,0,0.8927038626609445,1.0579731842831954,False,False,False,False,-0.3160021544469027,-0.29849608259723365,False,False,False,False,-2850626,-1547327.110903656,False,False,False,False,127635.89041676595,False,False,False,False
2025-07-14 00:00:00+00:00,24.81,24.83,24.235,24.46,76762,,,25.38146823242551,25.778989029685203,26.024720027042626,30.217630397450613,31.47707441403523,32.60431494599711,32.98810930453234,33.34123465594368,,24.6290683001293,25.39512444972971,25.826479973677877,26.26714777626804,32.16010648352741,32.73606278379341,33.03153574736296,,30.217630397450613,29.190604434773398,"rgba(255, 0, 0, 1.0)",2.7752828798273437,29.190604434773398,-1.5784352891067905,44.15159964373232,-5.5617166062521335,True,False,False,True,True,0.0,0.0,0.0,0.0,0.0,1,0.9272807779424037,1.0404468740952675,False,False,False,False,-0.27556082911081786,-0.28702845585402575,False,False,False,False,-2773864,-1595426.5967505716,False,False,False,False,125640.83589061827,False,False,False,False
2025-07-15 00:00:00+00:00,24.22,25.0,24.19,25.0,86984,,,25.358064440757826,25.756089547752683,26.00048868631765,30.174050421370318,31.429255680725667,32.559438839014575,32.947074424085976,33.303073764192675,,24.609757909412913,25.373856282319547,25.803295940372674,26.242694361168777,32.11334493922427,32.692624693260946,32.99097923614882,,30.174050421370318,29.156939277741685,"rgba(255, 0, 0, 1.0)",2.6413168978664103,29.156939277741685,-1.8691203928349613,43.39639961911172,-5.5617166062521335,False,False,False,True,True,0.0,0.0,0.0,0.0,0.0,1,0.9307167711947223,1.0252711438798954,False,False,False,False,-0.26724906423832817,-0.277138760046177,False,False,False,False,-2860848,-1645050.9655054512,False,False,False,False,124124.88154196658,False,False,False,False
2025-07-16 00:00:00+00:00,24.44,24.53,23.945,24.13,79443,,,25.33393491142215,25.733269524587584,25.976693010745283,30.133687260451715,31.385127231946036,32.51805647834217,32.90921816992789,33.26786122196851,,24.579341043181326,25.35187559601838,25.78026759837693,26.218909891174984,32.07022019539757,32.652561283986444,32.95356222530419,,30.133687260451715,29.12430570952208,"rgba(255, 0, 0, 1.0)",2.4880717234236993,29.12430570952208,-1.8827052554080965,43.688752539282476,-5.5617166062521335,False,False,False,True,True,0.0,0.0,0.0,0.0,0.0,1,0.9231547939653706,1.0378085431517414,False,False,False,False,-0.3153202085764439,-0.29622948431131046,False,False,False,False,-2781405,-1689613.868818963,False,False,False,False,122372.65089326202,False,False,False,False
2025-07-17 00:00:00+00:00,25.96,26.01,24.27,24.57,114361,,,25.33647023897013,25.726187042519093,25.965536601827253,30.08741339451015,31.332349466847763,32.46714986853615,32.86224662294021,33.22386143848318,,24.684112051820033,25.353642653857097,25.772324836447655,26.20492270152123,32.0177126334171,32.603124806645035,32.907092262045204,,30.08741339451015,29.102943108025823,"rgba(239, 83, 80, 1.0)",2.353723521234829,29.102943108025823,-1.33530683602845,48.30343793378495,-6.461996967135924,True,False,False,False,True,0.0,0.0,0.0,0.0,0.0,1,0.9409332545776729,1.0028749300869275,False,False,False,False,-0.19614960977684043,-0.24618954704407545,False,False,False,False,-2667044,-1727944.4621986116,False,False,False,False,122058.46850529096,False,False,False,False
2025-07-18 00:00:00+00:00,26.18,26.88,26.18,26.27,83135,,26.413333333333334,25.360900194484525,25.73706992548511,25.971891637222434,30.061415879668797,31.300948059938808,32.43578048594643,32.83300303882751,33.196239622529525,,24.828816506671092,25.375338439045763,25.782255362472185,26.207520479879772,31.985760414080804,32.57254838982531,32.87812892793153,26.413333333333334,30.061415879668797,28.933809418583934,"rgba(239, 83, 80, 1.0)",2.218186801124817,28.933809418583934,-1.2414686703516173,51.896568463100195,-3.0649612356449083,True,False,True,False,True,0.0,-1.0,26.88,26.18,0.0,1,0.9746162783800476,0.9866975342026022,False,False,False,False,-0.02179736828554296,-0.1339934576648092,False,False,False,False,-2583909,-1761511.6989751367,False,False,False,False,120532.0579756717,False,False,False,False
2025-07-21 00:00:00+00:00,25.55,26.17,25.37,26.17,49626,,26.145443666940345,25.36538644030925,25.736691526518,25.96957964370819,30.043057372958312,31.279673314379817,32.41499962151413,32.81373796188506,33.178126923071034,,24.870105264833075,25.379218110804942,25.78147111617477,26.203747497408575,31.964429403721017,32.55233283786378,32.85905957731765,26.145443666940345,30.043057372958312,28.909816267462993,"rgba(255, 0, 0, 1.0)",2.100538901252565,28.909816267462993,-1.5995020446703045,52.26117383695808,-2.729096316465757,True,False,True,False,True,0.0,0.0,0.0,0.0,0.0,1,0.959618729809365,1.0134403067201534,False,False,False,False,-0.11629191191216164,-0.12514268478848542,False,False,False,False,-2633535,-1795708.6911721902,False,False,False,False,117751.42825113557,False,False,False,False
2025-07-22 00:00:00+00:00,24.97,25.78,24.86,25.52,64326,,25.837954135314188,25.362627621250812,25.730294335798824,25.96132608762099,30.016814305800043,31.24992022854715,32.38628908659104,32.787200253698586,33.153239157583506,,24.88946132378318,25.376507872858127,25.77468506868959,26.194260967872285,31.93483479667478,32.52443241625584,32.83279959355314,25.837954135314188,30.016814305800043,28.875790453243255,"rgba(255, 26, 202, 1.0)",1.7642304296799374,28.875790453243255,-2.2138777268181657,50.83411715416546,-2.729096316465757,True,False,False,False,True,0.0,0.0,0.0,0.0,0.0,1,0.97588789288551,1.042077990846855,False,False,False,False,-0.1731236444881114,-0.1491331646382984,False,False,False,False,-2697861,-1831087.2130870062,False,False,False,False,115656.3134177577,False,False,False,False
2025-07-23 00:00:00+00:00,25.27,25.64,25.16,25.16,52175,,25.737212049971518,25.362546431405068,25.726694516909166,25.956089099199946,29.996408033545503,31.22660715363274,32.36366279129606,32.76624345312122,33.133553580536045,,24.910482888924147,25.376262950294834,25.770742841079144,26.187867895523684,31.911562610421903,32.50242814576705,32.81205741446826,25.737212049971518,29.996408033545503,28.85877636600602,"rgba(255, 26, 202, 1.0)",1.669400280728663,28.85877636600602,-2.1497398840975297,50.76796688008558,-2.729096316465757,True,False,False,False,True,0.0,0.0,0.0,0.0,0.0,1,0.9260853828129466,1.0298134989427163,False,False,False,False,-0.1629493328671918,-0.1560412487527451,False,False,False,False,-2645686,-1863032.2635541824,False,False,False,False,113166.85014647308,False,False,False,False
2025-07-24 00:00:00+00:00,25.67,26.045,25.05,25.3292,43438,,25.715117777018563,25.36507803117987,25.725593501214057,25.953456302604806,29.980396242423527,31.20809870665369,32.34555535340797,32.74942864961126,33.11772610159132,,24.934958145238824,25.3784202358033,25.769321806733576,26.18408219296719,31.892993066801232,32.4848020022481,32.79541011174963,25.715117777018563,29.980396242423527,28.850027389202932,"rgba(255, 0, 0, 1.0)",1.6432028491952058,28.850027389202932,-1.935261608608102,51.87008741546213,-2.729096316465757,True,False,True,False,True,0.0,0.0,0.0,0.0,0.0,1,0.9131964695361409,1.0511295151444457,False,False,False,False,-0.14427617616190813,-0.15015871245732662,False,False,False,False,-2602248,-1892021.1159638222,False,False,False,False,110432.38543484668,False,False,False,False
2025-07-25 00:00:00+00:00,25.43,25.85,25.11,25.85,39555,,25.685142806980583,25.36607108361894,25.72370678099714,25.950281823966463,29.965504533329156,31.19097761619668,32.32884709451879,32.73391925807051,33.10313280697226,,24.95177782402545,25.37919958023335,25.76716642723693,26.179961618403375,31.875844729444832,32.46853998226561,32.78005578153487,25.685142806980583,29.965504533329156,28.84063310923718,"rgba(255, 26, 202, 1.0)",1.6488088848433513,28.84063310923718,-2.0685436260013947,51.812572468112116,-2.6892140417476327,True,False,False,False,True,0.0,0.0,0.0,0.0,0.0,1,0.8993543117196313,1.0461900501769807,False,False,False,False,-0.14503949805929345,-0.14759910525831005,False,False,False,False,-2641803,-1921424.3271024958,False,False,False,False,107652.88012367624,False,False,False,False
2025-07-28 00:00:00+00:00,25.55,25.615,25.2,25.56,40389,,25.66019879116082,25.36697945191299,25.7217473185607,25.947027815192424,29.950371857148685,31.173575235037898,32.31184944607562,32.718132767071495,33.08827293355566,,24.96761964191532,25.379903360309825,25.764937201240382,26.1757541325329,31.858406322796316,32.451992966635885,32.76442614544259,25.66019879116082,29.950371857148685,28.831324711661843,"rgba(255, 0, 0, 1.0)",1.6505191320930033,28.831324711661843,-1.9880561502494274,52.15427461797374,-2.097875257018977,True,False,True,False,True,0.0,0.0,0.0,0.0,0.0,1,0.9161996349513938,1.0621145480714338,False,False,False,False,-0.15055824357193462,-0.14907867441512235,False,False,False,False,-2601414,-1948090.5887847508,False,False,False,False,105015.08090313991,False,False,False,False
2025-07-29 00:00:00+00:00,26.05,26.1665,25.36,25.74,44233,,25.681275035961843,25.372420806312487,25.72283344444656,25.946397761818446,29.935393376817416,31.155974691244698,32.29442092740218,32.701879096860786,33.07292236442368,,24.99732190781091,25.384724247076953,25.765665845562474,26.173752473944344,31.84061417304764,32.43500119802161,32.748326788960334,25.681275035961843,29.935393376817416,28.826807758732024,"rgba(255, 0, 0, 1.0)",1.6247435501035958,28.826807758732024,-1.7090744927437747,53.9168006864506,-0.1907523123966257,True,False,True,False,True,0.0,0.0,0.0,0.0,0.0,0,0.9133971999440881,1.0386623260600487,False,False,False,False,-0.10290388290645255,-0.12599127866078746,False,False,False,False,-2557181,-1971976.4872637803,False,False,False,False,102631.4698873305,False,False,False,False
2025-07-30 00:00:00+00:00,25.54,26.43,25.43,26.17,47609,,25.693444136457643,25.377452212802567,25.72348593012028,25.94528067623962,29.9191628455937,31.136951654792334,32.27559656934414,32.68432107994158,33.0563387168764,,25.02511813748167,25.389175212462227,25.765950242275537,26.171228855733535,31.8213944190895,32.416647412550674,32.73093508854082,25.693444136457643,29.9191628455937,28.820780199393887,"rgba(255, 26, 202, 1.0)",1.6273868070681448,28.820780199393887,-2.015980580120624,53.201582499870106,-0.1907523123966257,True,False,True,False,True,0.0,0.0,0.0,0.0,0.0,0,0.9101330756677487,1.0309642489001136,False,False,False,False,-0.00238034095783409,-0.06418580980931078,False,False,False,False,-2604790,-1996792.7034495145,False,False,False,False,100473.72597018028,False,False,False,False
2025-07-31 00:00:00+00:00,25.48,25.815,25.11,25.27,41070,,25.675156744587472,25.37836547580366,25.721638273896854,25.9421617239564,29.9041444136309,31.119636532004066,32.258617911335094,32.66851997296251,33.04144232947252,,25.037974291221186,25.389900402335023,25.763838702648556,26.167158393863556,31.804004602348105,32.400106303716335,32.715287300444054,25.675156744587472,29.9041444136309,28.81174708588914,"rgba(255, 26, 202, 1.0)",1.6316954317462595,28.81174708588914,-2.041892758333868,52.50708172617383,-0.1907523123966257,True,False,True,False,True,0.0,0.0,0.0,0.0,0.0,0,0.9274995231581085,1.0319945527223056,False,False,False,False,-0.05424670459866586,-0.05921625720398832,False,False,False,False,-2645860,-2022246.3229220826,False,False,False,False,98144.16808899674,False,False,False,False
2025-08-01 00:00:00+00:00,24.32,25.44,24.14,25.44,65989,,25.554870703969062,25.36652721598292,25.70912143229709,25.92855265372973,29.875722082197065,31.08795791659234,32.228181268872234,32.64034852153796,33.01500419696714,,25.019955327293687,25.378925406079517,25.751096680863768,26.153018266669598,31.772605822149256,32.370511557307935,32.68740535461697,25.554870703969062,29.875722082197065,28.783737775445395,"rgba(255, 26, 202, 1.0)",1.6486152748060878,28.783737775445395,-2.7075678866134645,48.439863894652476,2.3558143097609374,True,False,False,False,False,0.0,0.0,0.0,0.0,0.0,1,0.9142072403396743,1.0287670035353935,False,False,False,False,-0.17198124255425393,-0.11559874987912112,False,False,False,False,-2711849,-2049289.5651604324,False,False,False,False,96883.18110511452,False,False,False,False
2025-08-04 00:00:00+00:00,24.56,24.695,24.14,24.14,54574,,25.45987501816747,25.35483394361825,25.697399213922694,25.91607451805852,29.851699524809327,31.061314828501217,32.202638770359414,32.616712393058286,32.992828099644655,,25.000243555518818,25.368091059375793,25.739219206537502,26.140245931749472,31.7462381107604,32.34567726468078,32.664012539057985,25.45987501816747,29.851699524809327,28.759818998613788,"rgba(255, 26, 202, 1.0)",1.6549731551127254,28.759818998613788,-2.537696146695338,46.64228397900284,0.6845390791470223,True,False,False,True,False,0.0,0.0,0.0,0.0,0.0,1,0.9384414744332112,1.0378707732114725,False,False,False,False,-0.25472697288409923,-0.18516286138161017,False,False,False,False,-2657275,-2073132.1312325723,False,False,False,False,95223.99753236494,False,False,False,False
2025-08-05 00:00:00+00:00,25.02,26.22,24.0203,24.81,86390,,25.41463652926957,25.349440675475538,25.68842544298803,25.905030869154384,29.818444531128822,31.02350902656869,32.16576875000348,32.582407464456416,32.96050022207158,,25.004849515550625,25.36290899681945,25.72981820866579,26.127777095428883,31.708416396039492,32.30975889209525,32.63004053427907,25.41463652926957,29.818444531128822,28.73635832187469,"rgba(255, 26, 202, 1.0)",1.6540763188160605,28.73635832187469,-2.2467876963106215,47.11991115055201,0.6845390791470223,True,False,False,True,False,0.0,0.0,0.0,0.0,0.0,1,0.9379979138947749,0.9967147949210731,False,False,False,False,-0.10057927943089698,-0.14287107040625358,False,False,False,False,-2570885,-2092651.851576393,False,False,False,False,94877.56625658594,False,False,False,False
2025-08-06 00:00:00+00:00,24.91,25.46,24.6,25.02,61684,,25.380803519062212,25.34435029709148,25.68117289214803,25.89641236903392,29.79450268808362,30.99637122807557,32.13931915763321,32.557790029322454,32.93729714865714,,25.004305754784387,25.358068026626917,25.72228441238356,26.11824230032695,31.681282019792906,32.28398860017098,32.60566094124774,25.380803519062212,29.79450268808362,28.71886571152757,"rgba(255, 26, 202, 1.0)",1.6312491758997127,28.71886571152757,-2.3349380142532774,47.07463191867214,0.6845390791470223,True,False,False,True,False,0.0,0.0,0.0,0.0,0.0,1,0.9360874927511375,1.00939289243913,False,False,False,False,-0.11994491325343509,-0.13140799182984433,False,False,False,False,-2632569,-2113825.0730832014,False,False,False,False,93575.85777593551,False,False,False,False
2025-08-07 00:00:00+00:00,24.84,25.39,24.64,25.27,40892,,25.35952499698395,25.340744445490735,25.676219539308974,25.890581022889112,29.77865222111672,30.978415908601058,32.12181096511264,32.541486771255734,32.921925316195676,,25.003176717659226,25.354643088627313,25.717150544461667,26.11182486550505,31.66332538474689,32.26692694242353,32.58951426254355,25.35952499698395,29.77865222111672,28.707245187057616,"rgba(255, 26, 202, 1.0)",1.632013480336365,28.707245187057616,-2.3696159582337275,46.799526639088974,0.6032967144254755,True,False,False,True,False,0.0,0.0,0.0,0.0,0.0,1,0.9437239826868489,1.019862123757583,False,False,False,False,-0.12317546667394182,-0.12729172925189308,False,False,False,False,-2673461,-2135771.580021115,False,False,False,False,91509.82413766354,False,False,False,False
2025-08-08 00:00:00+00:00,24.44,25.34,24.095,24.82,51506,,25.315868364853387,25.33245644884292,25.667244297822762,25.880766104312197,29.75747168488471,30.95471412606675,32.098864217796105,32.5201574571798,32.90184489915857,,24.992214851588784,25.346884882875816,25.70800347406398,26.101549871791345,31.639732118412866,32.24457957173731,32.56839375113288,25.315868364853387,29.75747168488471,28.689421632657513,"rgba(255, 26, 202, 1.0)",1.6206503310384714,28.689421632657513,-2.622047181475964,45.2363378602577,-1.0431720818922798,False,False,False,True,False,0.0,0.0,0.0,0.0,0.0,1,0.9184691086229699,1.0248494656338052,False,False,False,False,-0.15767683962787565,-0.14248428443988437,False,False,False,False,-2724967,-2158877.282765385,False,False,False,False,89941.04672050026,False,False,False,False
2025-08-11 00:00:00+00:00,24.3,24.745,23.75,24.59,73193,,25.234023804583458,25.315175593845723,25.65043496078565,25.863153364270822,29.725580373982776,30.91943671167505,32.06493706641998,32.48867114055133,32.87224220107723,,24.963445253265473,25.330781003099656,25.69103119107669,26.08368943735536,31.604768784853494,32.21155674355,32.53722072423183,25.234023804583458,29.725580373982776,28.65975927216403,"rgba(255, 26, 202, 1.0)",1.6123835749573983,28.65975927216403,-2.7039219078371115,43.72665028719674,-2.588232648726276,False,False,False,True,False,0.0,0.0,0.0,0.0,0.0,1,0.930419173017461,1.0225746552867017,False,False,False,False,-0.2837616435686516,-0.21312296400426797,False,False,False,False,-2798160,-2183947.193245174,False,False,False,False,89284.2605745983,False,False,False,False
2025-08-12 00:00:00+00:00,20.26,24.73,20.05,24.01,184992,,24.6494932210206,25.17228357832222,25.533677231789376,25.750994815651577,29.60921648708085,30.797911065579466,31.95249451941892,32.38546973206803,32.776118461244714,,24.66497868479578,25.198413979249942,25.575236119410263,25.97804570857978,31.487252690610877,32.102540491830524,32.43516815429087,24.6494932210206,29.60921648708085,28.504330933808987,"rgba(255, 26, 202, 1.0)",1.6997558595226494,28.504330933808987,-4.85030299358655,35.74650190318579,-10.030297609303062,False,True,False,True,False,0.0,0.0,0.0,0.0,0.0,0,0.8812108776896288,1.0121488875090154,False,False,False,False,-0.34282825441539394,-0.27797560920983094,False,False,False,False,-2983152,-2215288.5582159515,False,False,False,False,93037.50525794738,False,False,False,False
2025-08-13 00:00:00+00:00,21.64,22.078,20.51,20.51,291906,,23.98186130914818,24.952514779058315,25.350785574427753,25.57476527443298,29.426255463539793,30.60701762038667,31.77538967347234,32.22255568638055,32.624135379682684,,24.2565826765397,24.99336574897656,25.39373183585769,25.811407544604794,31.302411621865588,31.930686218879625,32.27402467156751,23.98186130914818,29.426255463539793,28.2798431924263,"rgba(255, 26, 202, 1.0)",1.7156168538425993,28.2798431924263,-3.8702366309555245,34.754031690821066,-10.683704051238976,False,True,False,True,False,0.0,0.0,0.0,0.0,0.0,0,0.8833436133980532,1.0720626151718433,False,False,False,False,-0.34282825441539394,-0.31040193181261244,False,False,False,False,-2691246,-2233953.5559329735,False,False,False,False,100836.26975763573,False,False,False,False
2025-08-14 00:00:00+00:00,20.09,21.67,19.94,21.67,89563,,23.778790044005678,24.87530658912101,25.286567466425428,25.513161696114697,29.366015174561333,30.5447697060628,31.717916029101023,32.169715206513565,32.57487232666012,,24.119827166120093,24.92106612242812,25.330055307898842,25.753363571204595,31.242334618786685,31.874924817594007,32.22176067041586,23.778790044005678,29.366015174561333,28.205652907063367,"rgba(255, 26, 202, 1.0)",1.7806231625041913,28.205652907063367,-4.557759933690779,32.27209817614761,-12.850078384056857,False,True,False,True,False,0.0,0.0,0.0,0.0,0.0,0,0.8748449784392031,1.0798337334501447,False,False,False,False,-0.34282825441539394,-0.32661509311400316,False,False,False,False,-2780809,-2255398.867465014,False,False,False,False,100394.18074753237,False,False,False,False
2025-08-15 00:00:00+00:00,20.86,21.74,20.1,20.1,123285,,23.560990046107364,24.78125554341234,25.20698623917496,25.436351065230344,29.287511816683214,30.46315680886027,31.64209612322235,32.099825340723854,32.50957982798472,,23.963536507510913,24.832651693870606,25.251047208368092,25.68053674792901,31.163276999510778,31.801293706380868,32.152612811294446,23.560990046107364,29.287511816683214,28.114544280391506,"rgba(255, 26, 202, 1.0)",1.8267583852819098,28.114544280391506,-3.9712664459848463,32.639852216453896,-12.850078384056857,False,True,False,True,False,0.0,0.0,0.0,0.0,0.0,0,0.8909553408259803,1.0703120718296257,False,False,False,False,-0.3282563478717035,-0.3274357204928533,False,False,False,False,-2657524,-2271168.4805056015,False,False,False,False,101291.85993390364,False,False,False,False
2025-08-18 00:00:00+00:00,19.96,20.985,19.83,20.83,88574,,23.390727061051017,24.705661393926658,25.143314786787354,25.375141707003557,29.22775743339747,30.401492172058056,31.5850612969049,32.04729950090563,32.460551627036175,,23.838677117490235,24.761514397182367,25.18788376474285,25.622705382070677,31.10371544508974,31.74592240750215,32.10064942610491,23.390727061051017,29.22775743339747,28.043629682453357,"rgba(255, 26, 202, 1.0)",1.9255178968710565,28.043629682453357,-4.198158685301839,31.806875175379073,-13.190899401604554,False,True,False,True,False,0.0,0.0,0.0,0.0,0.0,0,0.8935572017203863,1.0661976413329044,False,False,False,False,-0.34282825441539394,-0.33513198745412365,False,False,False,False,-2746098,-2289793.1675445978,False,False,False,False,100793.12032865253,False,False,False,False
2025-08-19 00:00:00+00:00,19.84,20.525,19.78,19.91,51129,,23.294135346503257,24.66115760188578,25.105752866635427,25.3390398943284,29.192823934258637,30.365504615308364,31.551791989287448,32.01665441441928,32.43194451426506,,23.766353202232352,24.719580535158258,25.15062270113851,25.588595595037198,31.068969007618048,31.713620810597625,32.070331673731665,23.294135346503257,29.192823934258637,28.002304918900332,"rgba(255, 26, 202, 1.0)",2.026517004905394,28.002304918900332,-4.027750519311029,31.110754675299326,-13.960937935641894,False,True,False,True,False,0.0,0.0,0.0,0.0,0.0,0,0.8900544286864132,1.0730781570420513,False,False,False,False,-0.34282825441539394,-0.3389801209347588,False,False,False,False,-2797227,-2309692.533523241,False,False,False,False,98845.50776674459,False,False,False,False
2025-08-20 00:00:00+00:00,19.29,20.0045,19.225,19.86,91530,,23.107823460859873,24.57446344560254,25.032817665179977,25.269123607982127,29.127279910798624,30.298350663246193,31.48992794003688,31.959717391452934,32.37883429473183,,23.625649023917035,24.63785107497101,25.078308686082487,25.52269323054021,31.004277601197696,31.65357323937153,32.01400768147733,23.107823460859873,29.127279910798624,27.923418682340518,"rgba(255, 26, 202, 1.0)",2.126344848422749,27.923418682340518,-4.06021567420943,29.992934409528726,-15.17383590809824,False,True,False,True,False,0.0,0.0,0.0,0.0,0.0,0,0.8811084983871454,1.0892251514877453,False,False,False,False,-0.34282825441539394,-0.34090418767507635,False,False,False,False,-2888757,-2332400.94397331,False,False,False,False,98558.6251092252,False,False,False,False
2025-08-21 00:00:00+00:00,20.03,20.29,19.13,19.33,80018,,22.972129745619586,24.50552189369404,24.974087141166343,25.212576609567723,29.072526007515453,30.2419875182423,31.437749410719768,31.911593629985596,32.333870375508816,19.816666666666666,23.51874783688417,24.572665697676324,25.020026727521632,25.46914918117062,30.949822505014,31.60288805534452,31.96639068874438,22.972129745619586,29.072526007515453,27.386964687708346,"rgba(255, 26, 202, 1.0)",2.200987427873499,27.386964687708346,-3.3425746074416853,31.39042342067259,-15.17383590809824,False,True,False,True,False,0.0,0.0,0.0,0.0,0.0,0,0.8764276036525634,1.0857594307225185,False,False,False,False,-0.3327941630871446,-0.3368491753811105,False,False,False,False,-2808739,-2351080.8677390623,False,False,False,False,97831.54177160854,False,False,False,False
2025-08-22 00:00:00+00:00,20.68,20.92,19.54,20.31,101562,,22.843227851459492,24.431017339261512,24.90935887034869,25.14979098580894,29.008124394059855,30.175134944497945,31.37536832027012,31.853879045147462,32.2798094924161,20.131752358923524,23.41078548961116,24.501929685622173,24.95569671675371,25.409249548214518,30.884923561991435,31.542223214411337,31.909263622710718,22.843227851459492,29.008124394059855,27.33950208479463,"rgba(255, 26, 202, 1.0)",2.257854901617084,27.33950208479463,-2.949481864412576,34.05886471344497,-15.17383590809824,False,True,False,True,True,0.0,0.0,0.0,0.0,0.0,0,0.8721785177925265,1.0872018275118038,False,False,False,False,-0.2790816011865764,-0.30796538828384346,False,False,False,False,-2707177,-2365045.4219453735,False,False,False,False,97977.8342511533,False,False,False,False
2025-08-25 00:00:00+00:00,19.96,20.54,19.84,20.54,75021,,22.746504087078712,24.37417771444853,24.859958374643135,25.101915826927748,28.959710745077555,30.12500331597762,31.32863262689191,31.810634282851165,32.23930132322632,20.126367291371945,23.32908035090952,24.44791042053575,24.906608516591483,25.363602556919783,30.836289999400563,31.496770747369105,31.86645820829911,22.746504087078712,28.959710745077555,27.28934861108941,"rgba(255, 26, 202, 1.0)",2.3192169228286224,27.28934861108941,-3.160268683340841,34.682536531956394,-15.17383590809824,False,True,False,True,True,0.0,0.0,0.0,0.0,0.0,0,0.8657406887988838,1.1015359414793955,False,False,False,False,-0.28315450528481906,-0.2955599467843313,False,False,False,False,-2782198,-2381404.346574967,False,False,False,False,97077.56624130416,False,False,False,False
2025-08-26 00:00:00+00:00,20.75,20.87,19.35,19.72,155578,,22.58064325141894,24.266527754209427,24.765079635470503,25.009537189112237,28.8633157735901,30.024764208348543,31.23473005230541,31.723553205513277,32.15758964835204,20.200712619193762,23.18217863798632,24.345245759174553,24.812240316107857,25.2750918430022,30.738768801209876,31.40537238299468,31.780239955548247,22.58064325141894,28.8633157735901,27.19797594314929,"rgba(255, 26, 202, 1.0)",2.342043859845704,27.19797594314929,-2.7531405597050136,37.14833559057148,-17.608511991372076,False,True,False,True,True,0.0,0.0,0.0,0.0,0.0,0,0.8549482063468014,1.0947918091007527,False,False,False,False,-0.2913279959074624,-0.29344397134589684,False,False,False,False,-2626620,-2391020.646709282,False,False,False,False,99371.70089850793,False,False,False,False
2025-08-27 00:00:00+00:00,20.51,20.82,20.31,20.64,117042,,22.48103560240013,24.19361697983123,24.699736672877627,24.945562280717123,28.79406363092085,29.95240008065062,31.166560667608405,31.660173463962433,32.097998685638885,20.277223478786112,23.088713109510177,24.275422668341868,24.747175649607847,25.21343911690087,30.668135218626045,31.338958502869886,31.71746971851242,22.48103560240013,28.79406363092085,27.136334442809563,"rgba(255, 26, 202, 1.0)",2.3651816074110568,27.136334442809563,-2.8016176102700165,38.35624660481968,-16.392515253555224,False,True,False,True,True,0.0,0.0,0.0,0.0,0.0,0,0.867628602618466,1.0984895179676069,False,False,False,False,-0.24431630004188196,-0.2688801356938894,False,False,False,False,-2743662,-2404849.719387349,False,False,False,False,100064.6538044488,False,False,False,False
2025-08-28 00:00:00+00:00,20.92,21.04,20.3074,20.6,66104,,22.43460201603797,24.15597673106075,24.665532212321928,24.911913541638956,28.756436993527405,29.912913750538312,31.12919289719268,31.62536156984204,32.06521635278515,20.33036390184633,23.042903323502898,24.23925882469275,24.71308376872601,25.180852431352026,30.629488476119054,31.30252638025307,31.682984726003376,22.43460201603797,28.756436993527405,27.104623993967103,"rgba(255, 26, 202, 1.0)",2.360301156536821,27.104623993967103,-2.6202690181457866,40.25096846836354,-14.518161741206939,False,True,False,True,True,0.0,0.0,0.0,0.0,0.0,0,0.8681293824926487,1.0919605014813798,False,False,False,False,-0.23306263951867368,-0.25097138760628157,False,False,False,False,-2677558,-2415544.161764316,False,False,False,False,98732.8634591763,False,False,False,False
2025-08-29 00:00:00+00:00,23.02,23.88,21.925,22.55,132007,22.941666666666666,22.46046508649541,24.129994571240758,24.63618490355397,24.880813615701015,28.70258594373884,29.853649696666622,31.07092426405223,31.5703516801766,32.012859177230986,20.80430186150662,23.039083333833553,24.213169370914027,24.68337578307395,25.14863429109105,30.57009466603185,31.24544243131798,31.628411489670988,22.46046508649541,28.70258594373884,26.866222712942395,"rgba(255, 0, 0, 1.0)",2.3025418621659255,26.866222712942395,-1.6704246624747054,45.93807365843752,-9.186650832814642,True,False,False,False,True,0.0,0.0,0.0,0.0,0.0,0,0.8942424447443478,1.042641303844661,False,False,False,False,-0.0162145051617575,-0.13359294638401953,False,False,False,False,-2545551,-2420642.4691461073,False,False,False,False,100037.73155881645,False,False,False,False
2025-09-02 00:00:00+00:00,22.35,23.72,22.1567,23.44,84821,22.863650290706612,22.46940658127678,24.1111738330077,24.61569144275546,24.85934084691063,28.66732748764568,29.815014995438684,31.033011639030782,31.534562924060076,31.978800374091772,21.006698805643765,23.03205643311492,24.19440853361708,24.66268098125373,25.12659040971654,30.531427988061555,31.208301630206215,31.59290681539821,22.46940658127678,28.66732748764568,26.850169556218678,"rgba(255, 0, 0, 1.0)",2.252574487074581,26.850169556218678,-1.9977894547065775,48.261532562531116,-7.161400519361898,True,False,False,False,True,0.0,0.0,0.0,0.0,0.0,0,0.8999762614406667,1.0468616745355594,False,False,False,False,-0.01279221383157891,-0.07319258010779922,False,False,False,False,-2630372,-2428867.156630574,False,False,False,False,99440.99698788248,False,False,False,False
2025-09-03 00:00:00+00:00,22.23,23.6155,22.11,22.16,69008,22.81251234938916,22.47399784832354,24.095247749356837,24.59855399567347,24.841454260000834,28.6385154753742,29.78349340381141,31.002087128292267,31.505362381111954,31.95100575787809,21.135537285202894,23.024872257077405,24.178566258428695,24.645389650186907,25.10828312156467,30.49988870269169,31.17800331721584,31.563936928789154,22.47399784832354,28.6385154753742,26.83537265946494,"rgba(255, 26, 202, 1.0)",2.1957790548361515,26.83537265946494,-2.0973752570058064,49.54750209699901,-6.0390473817698975,True,False,False,False,True,0.0,0.0,0.0,0.0,0.0,0,0.9190379702228879,1.0421020174433973,False,False,False,False,-0.02000954341774398,-0.0466010617627716,False,False,False,False,-2699380,-2439475.5034293747,False,False,False,False,98247.54612561257,False,False,False,False
2025-09-04 00:00:00+00:00,23.25,23.58,22.41,22.41,47710,22.850773446241295,22.484362061928792,24.087645013653944,24.589447234814607,24.8316417401593,28.620169731418592,29.763160750474096,30.98192943282265,31.48625693771927,31.932766413615642,21.235411558512073,23.02558311388975,24.17082102194327,24.63613825117375,25.09796229534197,30.479412228868714,31.158226795084076,31.544974552353505,22.484362061928792,28.620169731418592,26.83203792111196,"rgba(255, 0, 0, 1.0)",2.1410674865546535,26.83203792111196,-1.6730149533381022,52.35788339823378,-3.421305090169369,True,False,True,False,True,0.0,0.0,0.0,0.0,0.0,0,0.9226610864068358,1.0234545296015345,False,False,False,False,-0.007384904466454984,-0.026992983114613293,False,False,False,False,-2651670,-2447796.856236066,False,False,False,False,96265.68157166698,False,False,False,False
2025-09-05 00:00:00+00:00,23.04,23.8599,22.81,23.22,72618,22.91976127697186,22.50344788497542,24.078054406335774,24.577210644349368,24.818231388483056,28.593260407408323,29.733168467260338,30.95204841215435,31.457881591984812,31.90563699960484,21.38052021456718,23.029645595456895,24.16090261748104,24.623661397838603,25.08365711806626,30.449116774128484,31.12889031161797,31.516805672608815,22.50344788497542,28.593260407408323,26.8284389545163,"rgba(255, 0, 0, 1.0)",2.1076721457269745,26.8284389545163,-1.797451734700228,53.71031698224385,-2.1548183812838246,True,False,True,False,True,0.0,0.0,0.0,0.0,0.0,0,0.9265472901555032,1.0191174257298996,False,False,False,False,0.025065725333798947,-0.0009636288904071727,False,False,False,False,-2724288,-2458639.6461875928,False,False,False,False,95338.32151003298,False,False,False,False
2025-09-08 00:00:00+00:00,22.53,23.34,22.15,23.34,70880,22.88314659856673,22.50755321694807,24.062770689432515,24.560548792122077,24.80077261263054,28.564518391538154,29.70164327874166,30.92099084405928,31.42848816092685,31.877609567761183,21.465970832645606,23.023074589124757,24.145644995448773,24.606836403286657,25.065710640981774,30.417499361378734,31.09843590613395,31.487636597066526,22.50755321694807,28.564518391538154,26.812158415488543,"rgba(255, 26, 202, 1.0)",2.089982266401642,26.812158415488543,-2.048897009476165,53.348287964661054,-2.1548183812838246,True,False,True,False,True,0.0,0.0,0.0,0.0,0.0,0,0.9140550634956008,1.0382649315290942,False,False,False,False,-0.03125525229324336,-0.016109440591825265,False,False,False,False,-2795168,-2471836.836533177,False,False,False,False,94379.17164689444,False,False,False,False
2025-09-09 00:00:00+00:00,22.96,23.0,22.05,22.59,96780,22.847197722588575,22.51274201439954,24.04238262455073,24.538224622146764,24.777351579960943,28.525699639535755,29.659030292991297,30.878942043857702,31.38865522994008,31.83960064553695,21.56563814863062,23.014402391139075,24.12526455754882,24.584287966429947,25.041600087014498,30.374723267369703,31.057189485243452,31.448103354035005,22.51274201439954,28.525699639535755,26.790057537384413,"rgba(255, 0, 0, 1.0)",2.0767043364187323,26.790057537384413,-1.844296017597445,54.03338579173081,-1.6041439439238587,True,False,True,False,True,0.0,0.0,0.0,0.0,0.0,0,0.9020855687734772,1.0487419244276266,False,False,False,False,-0.05228975513899794,-0.0341995978654116,False,False,False,False,-2698388,-2480721.1958848177,False,False,False,False,94473.32177838878,False,False,False,False
2025-09-10 00:00:00+00:00,22.87,23.45,22.67,22.67,49657,22.859102142059392,22.520545134400304,24.034586922420335,24.528940971064202,24.767365192318703,28.507079956856234,29.638378392838124,30.858385038648674,31.36911810676974,31.82091057141789,21.623941589145446,23.014181658015225,24.11732312265394,24.574860851527134,25.03109474902382,30.35388086205861,31.037000790671527,31.428706212203856,22.520545134400304,28.507079956856234,26.782522348005173,"rgba(255, 0, 0, 1.0)",2.0584144864914014,26.782522348005173,-1.900745633924354,54.24399941840842,-1.1471642269133397,True,False,True,False,True,0.0,0.0,0.0,0.0,0.0,0,0.927221694717182,1.035867444359812,False,False,False,False,-0.001181090586706907,-0.017690344226059255,False,False,False,False,-2748045,-2491204.4823207073,False,False,False,False,92715.81896355,False,False,False,False
2025-09-11 00:00:00+00:00,23.39,23.59,22.56,22.56,57409,22.886158531676674,22.532613642492876,24.027284444743465,24.519614053222167,24.757139541350888,28.486420245934394,29.615316174626418,30.835303213690093,31.347136216585724,31.79984788574565,21.693939009101136,23.016533706634952,24.10975949965838,24.565350619983096,25.020165576970182,30.330527820140265,31.01431543548792,31.406876817315066,22.532613642492876,28.486420245934394,26.775794579742183,"rgba(255, 0, 0, 1.0)",2.035170117067579,26.775794579742183,-1.6636420470936752,55.56440719824667,0.38405167970628895,True,False,True,False,True,0.0,0.0,0.0,0.0,0.0,0,0.941450770000556,1.011206009896036,False,False,False,False,0.00025052847130499744,-0.008719907877377128,False,False,False,False,-2690636,-2499025.326151268,False,False,False,False,91331.23782772452,False,False,False,False
2025-09-12 00:00:00+00:00,23.35,23.73,23.24,23.32,54383,22.92712231053409,22.548076133975446,24.022568764272513,24.512588805464272,24.74915064264369,28.46794845429136,29.594497486052877,30.814303930550615,31.327080998932654,31.780588868160386,21.765302437325175,23.022148309839356,24.104678660367533,24.558128989010843,25.01137692704928,30.309344804127846,30.993655491509717,31.386954503929793,22.548076133975446,28.46794845429136,26.771973139890974,"rgba(255, 0, 0, 1.0)",2.012043020692294,26.771973139890974,-1.7007455132413407,56.317328358209,1.364522706562724,True,False,True,False,True,0.0,0.0,0.0,0.0,0.0,0,0.9526545433872697,1.0226512034451147,False,False,False,False,0.03940181205027366,0.015340952086448267,False,False,False,False,-2745019,-2508672.136890434,False,False,False,False,89882.28732467651,False,False,False,False
2025-09-15 00:00:00+00:00,22.65,23.68,22.6,23.5,53141,22.930461719308212,22.555095926072273,24.01442623776858,24.502884239268315,24.73870734589798,28.448377351655004,29.57276807001776,30.79261706236489,31.30643633995983,31.760814530153368,21.811823570654102,23.02156659197451,24.0963784445728,24.548273957131492,25.000378393640556,30.287383313378186,30.972344306976105,31.366453781410577,22.555095926072273,28.448377351655004,26.762621732344698,"rgba(255, 26, 202, 1.0)",1.9940296653524883,26.762621732344698,-2.062467677288895,54.65707101222882,1.364522706562724,True,False,True,False,True,0.0,0.0,0.0,0.0,0.0,0,0.9177058322360778,1.0263165306539175,False,False,False,False,0.006454298271036029,0.010897625178742147,False,False,False,False,-2798160,-2520024.602110417,False,False,False,False,88441.45252763036,False,False,False,False
2025-09-16 00:00:00+00:00,23.77,23.82,22.43,22.66,66102,22.96214199145091,22.570767908917333,24.00795776097641,24.493815888331767,24.72853090932906,28.425830375129298,29.547415145509003,30.76705398480198,31.282012433495414,31.737353177172317,21.881497085427533,23.02655342312072,24.08951815104509,24.53898009906396,24.98928884672727,30.2615969334633,30.947190398588486,31.342190358759606,22.570767908917333,28.425830375129298,26.755538603961636,"rgba(255, 0, 0, 1.0)",1.9751351920884994,26.755538603961636,-1.5115616469800939,56.22482579332987,1.5410250060847233,True,False,True,False,True,0.0,0.0,0.0,0.0,0.0,0,0.9338642926904673,1.0208156210257096,False,False,False,False,0.005022632379257655,0.007960128778999901,False,False,False,False,-2732058,-2528339.6373217735,False,False,False,False,87565.3955657625,False,False,False,False
2025-09-17 00:00:00+00:00,22.84,23.76,22.78,23.7,69202,22.974467654233578,22.582150013639843,23.999196793976555,24.48274504583507,24.71642205025352,28.401457060493286,29.520188677362388,30.739715967136043,31.255920529586675,31.712310781084984,21.938222421945927,23.02816829889153,24.080461604700794,24.52769819052966,24.976355543484885,30.23397979915963,30.92030035187704,31.31627272122745,22.582150013639843,28.401457060493286,26.744779639189936,"rgba(255, 0, 0, 1.0)",1.9752463912904008,26.744779639189936,-1.9768569918201437,54.680093788282335,1.5410250060847233,True,False,True,False,True,0.0,0.0,0.0,0.0,0.0,0,0.9347540499908675,1.0252026751717647,False,False,False,False,0.01886380621304612,0.013411967496023011,False,False,False,False,-2801260,-2539042.3966424884,False,False,False,False,86845.26240632085,False,False,False,False
2025-09-18 00:00:00+00:00,23.26,23.28,22.68,22.68,65987,22.981059365467488,22.591556183342032,23.990502747360736,24.471945591286854,24.704663356355642,28.378191113104865,29.49422651668158,30.713648271372488,31.231033625423514,31.688419608182254,21.985478665493186,23.028852463486448,24.071508987385652,24.516703853305696,24.963838484654605,30.20764797923863,30.894656945664916,31.291551066263224,22.591556183342032,28.378191113104865,26.733638045781657,"rgba(255, 0, 0, 1.0)",1.963548222382395,26.733638045781657,-1.7690617455613344,54.63545434151718,1.5410250060847233,True,False,True,False,False,0.0,0.0,0.0,0.0,0.0,0,0.937774058931938,1.0297448824679956,False,False,False,False,-0.008816617162731565,0.002297675166645723,False,False,False,False,-2735273,-2546737.7144212145,False,False,False,False,86027.29133156317,False,False,False,False
2025-09-19 00:00:00+00:00,22.04,23.23,21.5,23.23,239435,22.839948535263137,22.569797890116984,23.933373130863206,24.41202008822865,24.642704325508618,28.282712062935136,29.389991377150032,30.610578505255862,31.133074091104067,31.594715096123146,22.021068221369006,22.988620503349825,24.014800708447684,24.45636621625555,24.900734003805148,30.102953905866798,30.793429943842895,31.194288292718873,22.569797890116984,28.282712062935136,26.66006538323359,"rgba(255, 26, 202, 1.0)",1.965337859224296,26.66006538323359,-2.350774123415653,51.63773672972018,1.5410250060847233,True,False,False,False,False,0.0,0.0,0.0,0.0,0.0,1,0.9214136853073983,1.0274991316429316,False,False,False,False,-0.06761560251927569,-0.03265896367631498,False,False,False,False,-2974708,-2563520.8628752846,False,False,False,False,92043.279906796,False,False,False,False
2025-09-22 00:00:00+00:00,22.01,22.285,20.99,21.99,84824,22.770339184305403,22.551615402740694,23.908315192958085,24.3868620932948,24.61710095893266,28.246877368455937,29.351268103309376,30.572536290475686,31.09697446998055,31.560227613137116,22.009543786107464,22.966384042256944,23.99013210378292,24.431118280289063,24.87502386378304,30.064224184615934,30.756088763545847,31.15845106341328,22.551615402740694,28.246877368455937,26.62850459807693,"rgba(255, 26, 202, 1.0)",1.972668883143331,26.62850459807693,-2.3412467432028503,49.572377480111314,4.051543105226621,True,False,False,False,False,0.0,0.0,0.0,0.0,0.0,1,0.9136098731573533,1.0383956119300652,False,False,False,False,-0.13781211830741463,-0.08523554099186481,False,False,False,False,-3059532,-2582972.2800174304,False,False,False,False,91760.17089084322,False,False,False,False
2025-09-23 00:00:00+00:00,21.95,22.51,21.67,22.1,77013,22.730087690858056,22.5414402882024,23.888980460422935,24.36683762437385,24.59650069821998,28.216080238477293,29.317741784389778,30.539374511025844,31.065420780324335,31.530018837925628,22.01085387611417,22.95144164116426,23.97097066231829,24.410977455657598,24.8541223686344,30.030553477105386,30.723505907647013,31.127117189129574,22.5414402882024,28.216080238477293,26.604001416221713,"rgba(255, 26, 202, 1.0)",1.9831987266001916,26.604001416221713,-2.346714604945362,48.05038344313276,2.567283679917864,True,False,False,False,False,0.0,0.0,0.0,0.0,0.0,1,0.9209695314500298,1.040027310745071,False,False,False,False,-0.09403528293214676,-0.08963541196200578,False,False,False,False,-3136545,-2604681.014134394,False,False,False,False,91181.85046375134,False,False,False,False
