date,Close,High,Low,Open,Volume,aVWAP_peak_186,aVWAP_peak_176,aVWAP_peak_161,aVWAP_peak_154,aVWAP_peak_144,aVWAP_peak_140,aVWAP_peak_123,aVWAP_peak_117,aVWAP_peak_111,aVWAP_peak_103,aVWAP_peak_97,aVWAP_peak_87,aVWAP_peak_71,aVWAP_peak_58,aVWAP_peak_48,aVWAP_valley_187,aVWAP_valley_182,aVWAP_valley_175,aVWAP_valley_157,aVWAP_valley_151,aVWAP_valley_136,aVWAP_valley_132,aVWAP_valley_120,aVWAP_valley_108,aVWAP_valley_99,aVWAP_valley_92,aVWAP_valley_84,aVWAP_valley_64,aVWAP_valley_39,aVWAP_valley_28,aVWAP_valley_24,aVWAP_valley_18,aVWAP_valley_10,aVWAP_valley_4,aVWAP_OB_bear_154,Peaks_Valleys_avg,color,StDev,StDev_Mean,StdDev_ZScore,QQEMOD,QQE1_Value,QQE1_Above_Upper,QQE1_Below_Lower,QQE2_Above_Threshold,QQE2_Below_Threshold,QQE2_Above_TL,banker_RSI,OB,OB_High,OB_Low,OB_Mitigated_Index,TTM_squeeze_Active,VI_plus,VI_minus,VI_Regular_Bullish,VI_Regular_Bearish,VI_Hidden_Bullish,VI_Hidden_Bearish,Fisher,Fisher_Signal,Fisher_Regular_Bullish,Fisher_Regular_Bearish,Fisher_Hidden_Bullish,Fisher_Hidden_Bearish,OBV,OBV_Smoothed,OBV_Regular_Bullish,OBV_Regular_Bearish,OBV_Hidden_Bullish,OBV_Hidden_Bearish,Volume_MA,Vol_Regular_Bullish,Vol_Regular_Bearish,Vol_Hidden_Bullish,Vol_Hidden_Bearish
2021-12-31 00:00:00+00:00,92.2057942519,92.876579621,88.9153200763,89.3141654309,949549,,,,,,,,,,,,,,,,,,,,,,,,,,,,,,,,,,,,,#000000,,,,,,False,False,False,False,False,,0.0,0.0,0.0,0.0,0,,,False,False,False,False,,,False,False,False,False,0,0.0,False,False,False,False,949549.0,False,False,False,False
2022-01-07 00:00:00+00:00,91.6619142228,94.6169957138,90.9186115165,91.6256555542,1148847,,,,,,,,,,,,,,,,,,,,,,,,,,,,,,,,,,,,,#000000,,,,0.0,,False,False,False,True,False,,0.0,0.0,0.0,0.0,0,,,False,False,False,False,,,False,False,False,False,-1148847,-85099.77777777777,False,False,False,False,964311.8148148148,False,False,False,False
2022-01-14 00:00:00+00:00,90.6557361692,93.3842009814,88.6207183939,91.6800435571,1134865,,,,,,,,,,,,,,,,,,,,,,,,,,,,,,,,,,,,,#000000,,,,0.0,-50.0,False,False,False,True,True,,0.0,0.0,0.0,0.0,0,,,False,False,False,False,,,False,False,False,False,-2283712,-247959.94238683127,False,False,False,False,976945.3840877914,False,False,False,False
2022-01-21 00:00:00+00:00,80.9384129841,89.6586227826,80.7208609725,89.1238074208,1944391,,,,,,,,,,,,,,,,,,,,,,,,,,,,,,,,,,,,,#000000,,,,0.0,-50.0,False,False,False,True,True,,0.0,0.0,0.0,0.0,0,,,False,False,False,False,,,False,False,False,False,-4228103,-542785.3540618807,False,False,False,False,1048608.0223035107,False,False,False,False
2022-01-28 00:00:00+00:00,78.518146855,80.929348317,76.460467412,80.0410109363,2952032,,,,,,,,,,,,,,,,,,,,,,,,,,,,,,,,,,78.635987528,,78.635987528,#000000,,78.635987528,,0.0,-50.0,False,False,False,True,True,,0.0,0.0,0.0,0.0,0,,,False,False,False,False,,,False,False,False,False,-7180135,-1034440.8833906302,False,False,False,False,1189602.3910217693,False,False,False,False
2022-02-04 00:00:00+00:00,80.4942442938,82.7513464142,77.4757101328,77.9289434903,3661128,,,,,,,,,,,,,,,,,,,,,,,,,,,,,,,,,,79.52422892673836,,79.52422892673836,#000000,,79.52422892673836,,4.052926733737235,-46.16871769701402,False,False,False,True,True,,0.0,0.0,0.0,0.0,0,,,False,False,False,False,,,False,False,False,False,-3519007,-1218482.8179542874,False,False,False,False,1372678.3620571936,False,False,False,False
2022-02-11 00:00:00+00:00,84.790896523,86.059949924,78.4637588521,81.1197063272,3564488,,,,,,,,,,,,,,,,,,,,,,,,,,,,,,,,,,80.77826586656123,,80.77826586656123,#000000,,80.77826586656123,,13.037817553203013,-37.84142141730122,False,False,False,True,True,,0.0,0.0,0.0,0.0,0,,,False,False,False,False,,,False,False,False,False,45481,-1124855.868476192,False,False,False,False,1535034.6315344386,False,False,False,False
2022-02-18 00:00:00+00:00,83.8753651408,87.1386453149,82.7876050828,84.9178018631,2116072,,,,,,,,,,,,,,,,,,,,,,,,,,,,,,,,,,81.43617934784616,,81.43617934784616,#000000,,81.43617934784616,,18.911304109241577,-32.77887386788026,False,False,False,True,True,,0.0,0.0,0.0,0.0,0,,,False,False,False,False,,,False,False,False,False,-2070591,-1194910.3226631407,False,False,False,False,1578074.4366059618,False,False,False,False
2022-02-25 00:00:00+00:00,85.7512011216,85.8240491209,79.559121185,82.9556591502,1193331,,,,,,,,,,,,,,,,,,,,,,,,,,,,,,,,,,81.63749537504677,,81.63749537504677,#000000,,81.63749537504677,,25.106162428388018,-27.51726300911121,False,False,False,True,True,,0.0,0.0,0.0,0.0,0,,,False,False,False,False,,,False,False,False,False,-877260,-1171380.6691325377,False,False,False,False,1549574.922783298,False,False,False,False
2022-03-04 00:00:00+00:00,80.4150851763,85.3277721259,79.3451301872,84.640269133,1371515,,,,,,,,,,,,,,,,,,,,,,,,,,,,,,,,,,81.64289524009438,,81.64289524009438,#000000,,81.64289524009438,,26.711377751526,-26.673359463347854,False,False,False,True,True,,0.0,0.0,0.0,0.0,0,,,False,False,False,False,,,False,False,False,False,-2248775,-1251187.6566042015,False,False,False,False,1536385.2988734238,False,False,False,False
2022-03-11 00:00:00+00:00,78.0384192006,80.5471221749,76.5674359757,80.2693891778,1381477,,,,,,,,,,,,,,,,,,,,,,,,,,,,,,,,,78.38432578373333,81.36570146931031,,79.87501362652182,#000000,,79.87501362652182,,26.94539258469742,-26.673359463347854,False,False,False,True,True,,0.0,0.0,0.0,0.0,0,,,False,False,False,False,,,False,False,False,False,-3630252,-1427414.6450038902,False,False,False,False,1524910.610067985,False,False,False,False
2022-03-18 00:00:00+00:00,84.6129511333,84.8132831312,77.6468612046,78.5665671952,2295990,,,,,,,,,,,,,,,,,,,,,,,,,,,,,,,,,80.86506157257179,81.48857647923528,,81.17681902590354,#000000,,81.17681902590354,,31.98953619600003,-22.568049472962965,False,False,False,True,True,,0.0,0.0,0.0,0.0,0,,,False,False,False,False,,,False,False,False,False,-1334262,-1420514.449077676,False,False,False,False,1582027.601914801,False,False,False,False
2022-03-25 00:00:00+00:00,80.1145871793,84.8906841304,79.4771671859,84.8497071308,1147660,,,,,,,,,,,,,,,,,,,,,,,,,,,,,,,,,81.01468980485991,81.48890122042049,,81.2517955126402,#000000,,81.2517955126402,,33.7161748997091,-21.347012170866247,False,False,False,True,True,,0.0,0.0,0.0,0.0,0,,,False,False,False,False,,,False,False,False,False,-2481922,-1499137.2306274779,False,False,False,False,1549852.2239951862,False,False,False,False
2022-04-01 00:00:00+00:00,81.416745166,83.5384431443,79.0491851903,80.342237177,1508419,,,,,,,,,,,,,,,,,,,,,,,,,,,,,,,,,81.09092624119067,81.4779319252001,,81.28442908319539,#000000,,81.28442908319539,,35.72272734399168,-19.75818183851209,False,False,False,True,True,,0.0,0.0,0.0,0.0,0,,,False,False,False,False,,,False,False,False,False,-973503,-1460201.3616921091,False,False,False,False,1546783.096291839,False,False,False,False
2022-04-08 00:00:00+00:00,78.6303091945,83.4382771453,77.710603204,81.6899251632,1429933,,,,,,,,,,,,,,,,,,,,,,,,,,,,,,,,,80.87643484042394,81.37985981526107,,81.1281473278425,#000000,,81.1281473278425,,36.096560785643575,-19.638971699169108,False,False,False,True,True,,0.0,0.0,0.0,0.0,0,,,False,False,False,False,,,False,False,False,False,-2403436,-1530070.5941593605,False,False,False,False,1538127.5336035546,False,False,False,False
2022-04-15 00:00:00+00:00,81.9357871607,83.4018531457,78.5756731951,78.5756731951,1228467,,,,,,,,,,,,,,,,,,,,,,,,,,,,,,,,,80.93490800666679,81.3759750594429,,81.15544153305484,#000000,,81.15544153305484,,38.229058070918825,-17.72842362993741,False,False,False,True,True,,0.0,0.0,0.0,0.0,0,,,False,False,False,False,,,False,False,False,False,-1174969,-1503766.7723697782,False,False,False,False,1515189.7162995876,False,False,False,False
2022-04-22 00:00:00+00:00,78.1294791997,84.8588131307,77.8745112023,81.607971164,1302535,,,,,,,,,,,,,,,,,,,,,,,,,,,,,,,,,80.85300588837234,81.31961429033886,,81.0863100893556,#000000,,81.0863100893556,,38.34068943496871,-17.699741323066476,False,False,False,True,True,,0.0,0.0,0.0,0.0,0,,,False,False,False,False,,,False,False,False,False,-2477504,-1575895.455897943,False,False,False,False,1499437.5150922108,False,False,False,False
2022-04-29 00:00:00+00:00,77.4647412065,80.3786611766,76.0897352206,78.0475252005,1323734,,,,,,,,,,,,,,,,,,,,,,,,,,,,,,,,,80.52540620353206,81.152532461971,,80.83896933275153,#000000,,80.83896933275153,,38.19112082614813,-17.699741323066476,False,False,False,True,True,,0.0,0.0,0.0,0.0,0,,,False,False,False,False,,,False,False,False,False,-3801238,-1740735.644349947,False,False,False,False,1486422.4399001952,False,False,False,False
2022-05-06 00:00:00+00:00,77.3099392081,78.8579591922,73.7494932445,77.4009992071,2149504,,,,,,,,,,,,,,,,,,,,,,,,,,,,,,,,76.63913054826666,79.91865609001685,80.81362800869965,,79.12380488232772,#000000,,79.12380488232772,,38.02854994996472,-17.699741323066476,False,False,False,True,True,,0.0,0.0,0.0,0.0,0,,,False,False,False,False,,,False,False,False,False,-5950742,-2052587.9669906916,False,False,False,False,1535539.5925001807,False,False,False,False
2022-05-13 00:00:00+00:00,81.4895931653,82.0905891591,77.023100211,77.1733492095,2051912,,,,,,,,,,,,,,,,,,,,,,,,,,,,,,,,78.37874307803543,79.95529020006325,80.77265866761806,,79.70223064857224,#000000,,79.70223064857224,,40.2266232621929,-15.637897383209413,False,False,False,True,True,,0.0,0.0,0.0,0.0,1,,,False,False,False,False,,,False,False,False,False,-3898830,-2189346.636102492,False,False,False,False,1573789.4004631303,False,False,False,False
2022-05-20 00:00:00+00:00,78.1034651158,83.0968021488,76.7308207376,80.9614451707,1425698,,,,,,,,,,,,,,,,,,,,,,,,,,,,,,,,78.61478026962563,79.90197304424308,80.70771974095764,,79.74149101827545,#000000,,79.74149101827545,,40.47344068372943,-15.274124475236768,False,False,False,True,True,,0.0,0.0,0.0,0.0,1,,,False,False,False,False,,,False,False,False,False,-5324528,-2421582.2926874924,False,False,False,False,1562819.6670954912,False,False,False,False
2022-05-27 00:00:00+00:00,82.4135684631,82.8985694767,76.7674245877,78.1675218534,1224326,,,,,,,,,,,,,,,,,,,,,,,,,,,,,,,,78.98618365664476,79.95442147606177,80.70718589340485,,79.8825970087038,#000000,,79.8825970087038,,42.69265102198534,-12.99692745244272,False,False,False,True,True,,0.0,0.0,0.0,0.0,1,,,False,False,False,False,,,False,False,False,False,-4100202,-2545924.4932291596,False,False,False,False,1537746.062125455,False,False,False,False
2022-06-03 00:00:00+00:00,78.213276666,82.2030963251,77.316482339,81.4710193235,955400,,,,,,,,,,,,,,,,,,,,,,,,,,,,,,,,79.01777007683108,79.91949419868193,80.66641845497024,,79.86789424349443,#000000,,79.86789424349443,,42.72751500356328,-12.830674375844872,False,False,False,True,True,,0.0,0.0,0.0,0.0,1,,,False,False,False,False,,,False,False,False,False,-5055602,-2731826.53076774,False,False,False,False,1494609.3167828287,False,False,False,False
2022-06-10 00:00:00+00:00,76.2000649114,81.7180953115,76.0216211423,78.4878055416,1364309,,,,,,,,,,,,,,,,,,,,,,,,,,,,,,,,78.86337955452832,79.79220945735051,80.56360170503953,,79.73973023897278,#000000,,79.73973023897278,,42.08441771578041,-12.830674375844872,False,False,False,True,True,,0.0,0.0,0.0,0.0,1,,,False,False,False,False,,,False,False,False,False,-6419911,-3005017.972933093,False,False,False,False,1484957.441465582,False,False,False,False
2022-06-17 00:00:00+00:00,71.2127903375,74.7542128331,69.3185410957,74.0861925691,1421071,,,,,,,,,,,,,,,,,,,,,,,,,,,,,,,71.76184808876667,77.91062551226132,79.27840981045415,80.22617915585266,,77.2942656418337,#000000,,77.2942656418337,,40.16105621084584,-12.830674375844872,False,False,False,True,True,,0.0,0.0,0.0,0.0,1,,,False,False,False,False,,,False,False,False,False,-7840982,-3363237.5304936045,False,False,False,False,1480225.1124681314,False,False,False,False
2022-06-24 00:00:00+00:00,77.5818602521,78.2681824411,71.6337346135,72.1278865896,1095203,,,,,,,,,,,,,,,,,,,,,,,,,,,,,,,73.53159990177076,77.71546024725563,79.11626104311458,80.09996192087115,,77.61582077825304,#000000,,77.61582077825304,,41.51424254785609,-12.830674375844872,False,False,False,True,True,,0.0,0.0,0.0,0.0,1,,,False,False,False,False,-0.2418179929093991,-0.2418179929093991,False,False,False,False,-6745779,-3613796.1578644486,False,False,False,False,1451704.9559890104,False,False,False,False
2022-07-01 00:00:00+00:00,76.3739331993,77.9570497154,73.1619453545,77.7648795025,1073255,,,,,,,,,,,,,,,,,,,,,,,,,,,,,,,74.21910430432936,77.5569630228541,78.9716298450269,79.98319313652664,,77.68272257718425,#000000,,77.68272257718425,,42.107169983237455,-12.830674375844872,False,False,False,True,True,,0.0,0.0,0.0,0.0,1,0.8868704421837199,1.0771943238719135,False,False,False,False,-0.22138622462887686,-0.23160210876913798,False,False,False,False,-7819034,-3925295.257281897,False,False,False,False,1423671.6259157504,False,False,False,False
2022-07-08 00:00:00+00:00,73.189398242,76.9778967257,72.292603915,75.1294022965,1227801,,,,,,,,,,,,,,,,,,,,,,,,,,,,,,,74.20233255567732,77.25821565222165,78.74059843350115,79.80630191971018,,77.50186214027757,#000000,,77.50186214027757,,41.58392869029751,-12.830674375844872,False,False,False,True,True,,0.0,0.0,0.0,0.0,1,0.8683191911589067,1.0949554187802213,False,False,False,False,-0.2443092920542886,-0.2379557004117133,False,False,False,False,-9046835,-4304668.571557312,False,False,False,False,1409162.6906627319,False,False,False,False
2022-07-15 00:00:00+00:00,61.0460709768,73.2488794984,57.9072908322,72.731850116,2775761,,,,,,,,,,,,,,,,,,,,,,,,,,,,,,64.06741376913332,70.49737072842461,75.07413134981348,77.30558325468205,78.79597906189113,,73.14809563278891,#000000,,71.73612477551336,,38.48313895340608,-12.830674375844872,False,False,False,True,False,,0.0,0.0,0.0,0.0,1,0.8012305049245801,1.1043136202187023,False,False,False,False,-0.34282825441539394,-0.2903919774135536,False,False,False,False,-11822596,-4861552.0847752895,False,False,False,False,1510392.195058085,False,False,False,False
2022-07-22 00:00:00+00:00,66.4542898267,67.707971692,60.0028612495,61.9520162664,2293516,,,,,,,,,,,,,,,,,,,,,,,,,,,,,,64.36343889174603,69.15752017909428,73.82826328783973,76.36473870308382,78.08707612936539,,72.36020743822584,#000000,,70.92849026544096,,38.27894746178006,-12.830674375844872,False,False,False,True,False,,0.0,0.0,0.0,0.0,1,0.8683474240606925,1.1236867480577128,False,False,False,False,-0.34282825441539394,-0.31661011591447374,False,False,False,False,-9529080,-5207294.893310454,False,False,False,False,1568401.3657945232,False,False,False,False
2022-07-29 00:00:00+00:00,63.6357933702,66.9850456529,62.9403202187,66.582403302,1724853,,,,,,,,,,,,,,,,,,,,,,,,,,,,,,64.4032837879266,68.46868569262666,73.05575588274982,75.7342063876403,77.59192489157472,,71.85077132850361,#000000,,70.41548293773585,,37.55381024091167,-12.830674375844872,False,False,False,True,False,,0.0,0.0,0.0,0.0,0,0.9139621042948796,1.073007686476677,False,False,False,False,-0.304447919629225,-0.3105290177718494,False,False,False,False,-11253933,-5655194.012324494,False,False,False,False,1579990.3757356694,False,False,False,False
2022-08-05 00:00:00+00:00,62.1258845543,64.2946626717,60.2682391626,63.2880567944,1432298,,,,,,,,,,,,,,,,,,,,,,,,,,,,,,64.02482433497731,67.78358892389599,72.35774315116028,75.16249954904788,77.1400318761574,,71.29373756704777,#000000,,69.83216398977036,,36.73061131393372,-8.579547239874415,False,False,False,True,False,,0.0,0.0,0.0,0.0,0,0.8895575956675567,1.1026134852346285,False,False,False,False,-0.34282825441539394,-0.3266786360936217,False,False,False,False,-12686231,-6176011.566967124,False,False,False,False,1569050.1997552493,False,False,False,False
2022-08-12 00:00:00+00:00,63.965228021,65.9189585192,58.3556879957,62.4278663175,2865053,,,,,,,,,,,,,,,,,,,,,,,,,,,,,,63.69465117933665,66.87647090959099,71.25980027822268,74.19318325286703,76.34017771171399,,70.47285666634626,#000000,,69.00602640500433,,36.84346937330624,-8.612573107945096,False,False,False,True,False,,0.0,0.0,0.0,0.0,0,0.8708764029003464,1.1134693475167694,False,False,False,False,-0.34282825441539394,-0.3347534452545078,False,False,False,False,-9821178,-6446023.89533993,False,False,False,False,1665050.4071807864,False,False,False,False
2022-08-19 00:00:00+00:00,62.226545142,66.4725917517,62.0023465603,64.0567376462,1955388,,,,,,,,,,,,,,,,,,,,,,,,,,,,,,63.675543723679866,66.51423890637719,70.70341408940611,73.65563911741246,75.87343860466092,,70.0844548883073,#000000,,68.63720895921891,,36.53546782204191,-9.086422542553798,False,False,False,True,False,,0.0,0.0,0.0,0.0,0,0.8666227341382022,1.1167572286483005,False,False,False,False,-0.268860322088831,-0.3018068836716694,False,False,False,False,-11776566,-6840878.866055491,False,False,False,False,1686556.895537765,False,False,False,False
2022-08-26 00:00:00+00:00,60.0211631745,62.1899412919,60.0211631745,61.7964499035,1212881,,,,,,,,,,,,,,,,,,,,,,,,,,,,,,63.42620516742189,66.14738481080884,70.27579521408998,73.26282320539269,75.53812390268573,,69.73006646007983,#000000,,68.27805209942835,,35.83081082727675,-9.947928856656468,False,False,False,True,False,,0.0,0.0,0.0,0.0,0,0.8710395334743457,1.1392319531769415,False,False,False,False,-0.34282825441539394,-0.3223175690435317,False,False,False,False,-12989447,-7296328.357458788,False,False,False,False,1651469.7921645972,False,False,False,False
2022-09-02 00:00:00+00:00,56.2315119775,61.0893767938,55.7894693023,59.6205058209,2123242,,,,,,,,,,,,,,,,,,,,,,,,,,,,,,62.6845342679233,65.30171315914703,69.39687414757378,72.47605121168701,74.87201154847618,,68.94623686696146,#000000,,67.46479319658278,,34.545762608533956,-11.348745953493093,False,False,False,True,False,,0.0,0.0,0.0,0.0,0,0.8461956936793712,1.1470883334614321,False,False,False,False,-0.34282825441539394,-0.3325729117294628,False,False,False,False,-15112689,-7875318.034684064,False,False,False,False,1686415.8816338864,False,False,False,False
2022-09-09 00:00:00+00:00,56.5630439839,56.954435936,54.4357136094,56.6090900959,1289266,,,,,,,,,,,,,,,,,,,,,,,,,,,,,,62.19573096458276,64.76757719150463,68.85070083280971,71.9847701850137,74.45315709769837,,68.45038725432184,#000000,,66.9496947934777,,33.77444957332752,-12.230661658095592,False,False,False,True,False,,0.0,0.0,0.0,0.0,0,0.854246655934549,1.1441960734411936,False,False,False,False,-0.34282825441539394,-0.33770058307242834,False,False,False,False,-13823423,-8315918.402485244,False,False,False,False,1656997.3718832282,False,False,False,False
2022-09-16 00:00:00+00:00,43.3293913944,57.9996826784,42.9794409432,56.9037852128,8196502,,,,,,,,,,,,,,,,,,,,,,,,,,,,,,57.73040589317977,60.316291109219,64.58397537224862,68.18201980728129,71.19720426370698,,64.40197928912713,#000000,,62.703173045482174,,31.020182808962623,-14.981404764549659,False,False,False,True,False,,0.0,0.0,0.0,0.0,0,0.781604484477319,1.15751430471972,False,False,False,False,-0.34282825441539394,-0.3402644187439111,False,False,False,False,-22019925,-9331030.002301151,False,False,False,False,2141405.1221141,False,False,False,False
2022-09-23 00:00:00+00:00,39.4707272086,45.5396047705,38.8905461974,42.9886501656,3286736,,,,,,,,,,,,,,,,,,,,,,,,,,,,,,55.87821842114064,58.476568783389794,62.810209325711554,66.56862304316603,69.78579678859367,,62.70388327240035,#000000,,60.933404893352005,,28.567884709231485,-17.35937020552764,False,False,False,True,False,,0.0,0.0,0.0,0.0,0,0.7458591901471735,1.2356114653768464,False,False,False,False,-0.34282825441539394,-0.3415463365796525,False,False,False,False,-25306661,-10514410.07620477,False,False,False,False,2226244.4464019444,False,False,False,False
2022-09-30 00:00:00+00:00,35.9435950292,40.6402984535,35.8515028052,39.341798095,3079897,,,,,,,,,,,,,,,,,,,,,,,,,,,,,37.4784654293,54.120233214001665,56.731164119717675,61.12235500594955,65.01966978419263,68.41712609822869,,57.14816894189837,#000000,,52.36305444224222,,26.403140157236574,-19.412455989934333,False,False,False,True,False,,0.0,0.0,0.0,0.0,0,0.7298501938229008,1.257566699964213,False,False,False,False,-0.34282825441539394,-0.34218729549752325,False,False,False,False,-28386558,-11838272.885374786,False,False,False,False,2289477.9688906893,True,False,False,False
2022-10-07 00:00:00+00:00,38.7708263061,39.5996563222,35.9937852913,36.5329852628,3274534,,,,,,,,,,,,,,,,,,,,,,,,,,,,,37.80979096364693,52.64490916772682,55.220071232666555,59.60074368245685,63.57850331632625,67.11137990732661,,55.994233045025,#000000,,51.31887876162429,,26.0406854686708,-19.73498150398489,False,False,False,True,False,,0.0,0.0,0.0,0.0,0,0.7354239592137356,1.2666780964200532,False,False,False,False,-0.34282825441539394,-0.34250777495645857,False,False,False,False,-25112024,-12821513.708680358,False,False,False,False,2362445.082306194,False,False,False,False
2022-10-14 00:00:00+00:00,38.0064608469,40.0140713302,37.2328861653,38.7431986389,2698172,,,,,,,,,,,,,,,,,,,,,,,,,,,,,37.99101281272373,51.640222410075765,54.166382697000756,58.50574452322847,62.514676490288664,66.12730857272491,,55.15755791767372,#000000,,50.57584061075718,,25.674334255525505,-20.116732314475346,False,False,False,True,False,,0.0,0.0,0.0,0.0,0,0.734340979153308,1.2672909317680996,False,False,False,False,-0.32883793405987843,-0.33567285450816853,False,False,False,False,-27810196,-13931786.471000332,False,False,False,False,2387313.742876106,False,False,False,False
2022-10-21 00:00:00+00:00,39.1668228694,44.4437073049,38.5037588565,38.8537093078,3460984,,,,,,,,,,,,,,,,,,,,,,,,,,,,,38.741576660938705,50.73193628303551,53.164144680704,57.39881655177588,61.392671439410684,65.05605116422603,,54.41419946334846,#000000,,50.00911854411352,,25.923425295135466,-20.116732314475346,False,False,False,True,False,,0.0,0.0,0.0,0.0,0,0.7429914160644293,1.2456633110081592,False,False,False,False,-0.2794316937474025,-0.3075522741277855,False,False,False,False,-24349212,-14703447.621296605,False,False,False,False,2466844.8730334314,False,False,False,False
2022-10-28 00:00:00+00:00,41.9019619223,42.3071677079,38.0386931253,39.1484044246,2139809,,,,,,,,,,,,,,,,,,,,,,,,,,,,,39.03475712055876,50.24434143452109,52.617825217976026,56.78240719192286,60.756316844744404,64.43887663604887,,53.97908740762867,#000000,,49.66983274124468,,27.289368071699215,-20.116732314475346,False,False,False,True,False,,0.0,0.0,0.0,0.0,0,0.7515456963268436,1.230444111379729,False,False,False,False,-0.30158602858445965,-0.3045691513561226,False,False,False,False,-22209403,-15259444.316015376,False,False,False,False,2442619.9935494736,False,False,False,False
2022-11-04 00:00:00+00:00,42.0677279255,43.5319942872,39.6364932118,41.7914512535,1897732,,,,,,,,,,,,,,,,,,,,,,,,,,,,,39.3455566920488,49.891466906548345,52.209445867924146,56.304374681029074,60.250413929269044,63.939106582903776,,53.656727443287195,#000000,,49.43771103688759,,28.337552165748207,-20.116732314475346,False,False,False,True,True,,0.0,0.0,0.0,0.0,0,0.7754009738511338,1.214267991045354,False,False,False,False,-0.277562099529618,-0.2910656254428703,False,False,False,False,-20311671,-15633683.329643866,False,False,False,False,2402257.9199532163,False,False,False,False
2022-11-11 00:00:00+00:00,46.699966793,47.1972648026,41.8107906206,42.4268875991,2217205,,,,,,,,,,,,,,,,,,,,,,,,,,,,,40.04142759192552,49.676081193456774,51.91628692110803,55.90799405723838,59.79767653725083,63.46994680898804,,53.46823551832793,#000000,,49.38544744093218,,31.035560497346317,-23.089585918196896,False,False,False,True,True,,0.0,0.0,0.0,0.0,0,0.7686739338019344,1.2109885472148085,False,False,False,False,-0.22880330623820602,-0.25993446584053814,False,False,False,False,-18094466,-15815963.527448025,False,False,False,False,2388550.296252978,False,False,False,False
2022-11-18 00:00:00+00:00,44.3516150809,47.1420094682,41.8060887859,46.5342007898,3138155,,,,,,,,,,,,,,,,,,,,,,,,,,,,,40.67056454420772,49.353867797334395,51.49604253366541,55.35443052932887,59.1687888145032,62.817243405965286,,53.143489604167485,#000000,,49.2187263511341,,32.41283416983222,-21.765947006222397,False,False,False,True,True,,0.0,0.0,0.0,0.0,0,0.768998824583162,1.2194163188970193,False,False,False,False,-0.2290862508623952,-0.24451035835146667,False,False,False,False,-21232621,-16217197.414303726,False,False,False,False,2444076.5706046093,False,False,False,False
2022-11-25 00:00:00+00:00,46.6555950851,47.3207652158,43.2367860466,43.9149737091,2989200,,,,,,,,,,,,,,,,,,,,,,,,,,,,,41.2789722124394,49.1538832308697,51.20364868589505,54.93193747968486,58.664781357718276,62.27708210907537,,52.91838417928045,#000000,,49.14211040222226,,34.32808608971618,-19.931206083347785,False,False,False,True,True,,0.0,0.0,0.0,0.0,0,0.7751528811214728,1.2198986058805752,False,False,False,False,-0.21560106180817334,-0.23005571007982,False,False,False,False,-18243421,-16367288.050281228,False,False,False,False,2484456.0838931566,False,False,False,False
2022-12-02 00:00:00+00:00,62.4697807283,62.9194732111,45.6906299658,45.9904249543,6182183,,,,,,,,,,,,,,,57.02662796840001,,,,,,,,,,,,,,44.41158350696314,49.961919558636325,51.75704357926036,55.10641117749071,58.5468018978151,61.95474138509745,,54.10930415338044,#000000,,50.78929365331496,,40.42910524245954,-14.15892620740123,False,False,False,True,True,,0.0,0.0,0.0,0.0,0,0.8050813242711026,1.1040207414264593,False,False,False,False,-0.06481997040009012,-0.14743784023995507,False,False,False,False,-12061238,-16048321.379890027,False,False,False,False,2758361.7813825523,False,False,False,False
2022-12-09 00:00:00+00:00,54.7969027415,62.8164186838,54.7228908537,61.8233477844,4708988,,,,,,,,,,,,,,,57.20769313994381,,,,,,,,,,,,,,46.12662937711901,50.50454907785386,52.141024977669396,55.245954737504505,58.48952389099583,61.7532908997939,,54.49552372869719,#000000,,51.494974143146514,,42.81561362155999,-12.082933022676322,False,False,False,True,True,0.0,0.0,0.0,0.0,0.0,0,0.8708131729278178,1.1001765234238825,False,False,False,False,0.03657134202045265,-0.05543324910975121,False,False,False,False,-16770226,-16101795.79619447,False,False,False,False,2902852.612391252,False,False,False,False
2022-12-16 00:00:00+00:00,54.3472102587,57.8042212198,53.4384566998,54.7969027415,2950427,,,,,,,,,,,,,,,56.7790217698901,,,,,,,,,,,,,,46.81744630570216,50.70845352895276,52.26501512869024,55.24417739764529,58.38561480774357,61.57476283871844,,54.539213111048944,#000000,,51.64248418330882,,44.41264883728743,-10.734434074686554,False,False,False,True,True,0.0,0.0,0.0,0.0,0.0,0,0.8955789301405588,1.0986068919971603,False,False,False,False,-0.01847183275386642,-0.03695254093180882,False,False,False,False,-19720653,-16369859.292772658,False,False,False,False,2906376.6411030116,False,False,False,False
2022-12-23 00:00:00+00:00,55.5089158391,57.1905783528,53.3822451395,54.2535243248,1919940,,,,,,,,,,,,,,,56.60623891585813,,,,,,,,,,,,,,47.220875297073576,50.83639300779061,52.344651926894954,55.246844251840784,58.324747889875724,61.466573892830226,,54.57804645459486,#000000,,51.75203978690432,,45.861831020271865,-9.47436645182114,False,False,False,True,True,0.0,0.0,0.0,0.0,0.0,0,0.88112990951578,1.1293331777098137,False,False,False,False,-0.02432823049543218,-0.0306403857136205,False,False,False,False,-17800713,-16475848.45627098,False,False,False,False,2833307.2602805663,False,False,False,False
2022-12-30 00:00:00+00:00,57.0734709354,57.9541187141,54.9135417292,55.4058613119,1613287,,,,,,,,,,,,,,,56.61002772971198,,,,,,,,,,,,,,47.58063234790772,50.96763717926821,52.435689294321,55.273290862596056,58.29685401362766,61.39708424161959,,54.651602238436034,#000000,,51.89849663780223,,47.31995190307133,-8.15739930438945,False,False,False,False,True,0.0,0.0,0.0,0.0,0.0,0,0.8798186515492398,1.1239231524714792,False,False,False,False,0.003902929158692538,-0.01336872827746398,False,False,False,False,-16187426,-16454483.829880537,False,False,False,False,2742935.3891486726,False,False,False,False
2023-01-06 00:00:00+00:00,58.9284524267,60.1463695675,56.5956726725,57.9447501207,2828101,,,,,,,,,,,,,,,56.88255052401927,,,,,,,,,,,,,,48.26894174817841,51.25668526300127,52.65462053612172,55.37852558907638,58.304216689641514,61.327065364583575,,54.86751510208887,#000000,,52.265699517830164,,48.86432976875304,-6.719966819261586,False,False,False,False,True,0.0,0.0,0.0,0.0,0.0,0,0.8953433435373528,1.1044407460732613,False,False,False,False,0.1601372158780714,0.0733842438003037,False,False,False,False,-13359325,-16225212.80544494,False,False,False,False,2749243.952915438,False,False,False,False
2023-01-13 00:00:00+00:00,60.3899529956,61.2893379611,58.5911830646,59.7060456781,3541313,,,,,,,,,,,,,,,57.36094623418422,,,,,,,,,,,,,,49.12960559772593,51.658792362076014,52.97335541120768,55.56031525773928,58.36538156119586,61.29002620673555,,55.19120323298065,#000000,,52.78067490129846,,50.364679316147516,-5.29629306053905,False,False,False,False,True,0.0,0.0,0.0,0.0,0.0,0,1.0006982807093825,1.0795916641739947,False,False,False,False,0.21105877529893186,0.14222150954961776,False,False,False,False,-9818012,-15750605.338374944,False,False,False,False,2807915.734180961,False,False,False,False
2023-01-20 00:00:00+00:00,60.1276323807,62.474465025,57.4107402974,59.9121547327,3121091,,,,,,,,,,,,,,,57.668036556055284,,,,,,,,,,,,,,49.78532774784393,51.980692338732496,53.22931212610952,55.70646158295713,58.41340066307697,61.25696577952728,,55.43431382775752,#000000,,53.16584219218531,,51.34940660888617,-4.335670248938264,False,False,False,False,True,0.0,0.0,0.0,0.0,0.0,0,0.9773582473710056,1.0331435239238551,False,False,False,False,0.2111182514240062,0.17666988048681198,False,False,False,False,-12939103,-15542345.905902727,False,False,False,False,2831113.902019408,False,False,False,False
2023-01-27 00:00:00+00:00,60.8490140718,61.1394404669,59.1251928879,60.3150042485,1750539,,,,,,,,,,,,,,,57.833400071873626,,,,,,,,,,,,,,50.13162695757268,52.158368184572616,53.37221970003514,55.79094546120912,58.44505405886732,61.244373310254886,,55.56799824919791,#000000,,53.37390372851352,,52.26788672452239,-3.397045182093578,False,False,False,False,True,0.0,0.0,0.0,0.0,0.0,0,0.9681794192696338,1.0380577516141645,False,False,False,False,0.23158237675429244,0.2041261286205522,False,False,False,False,-11188564,-15219843.542502524,False,False,False,False,2751071.316684637,False,False,False,False
2023-02-03 00:00:00+00:00,63.0506335186,63.996861451,59.7809944252,60.2494240948,2323998,,,,,,,,,,,,,,,58.16711102367824,,,,,,,,,,,,,,50.6371091324945,52.435029491200076,53.602629673989235,55.943215661881446,58.52555741653354,61.26348655742526,,55.79630556531462,#000000,,53.710469830340514,,53.5808434295145,-2.0519527575958705,False,False,False,False,True,0.0,0.0,0.0,0.0,0.0,0,0.9922613746865185,0.9979320248386429,False,False,False,False,0.27834964429709386,0.24123788645882305,False,False,False,False,-8864566,-14749082.243057894,False,False,False,False,2719436.256189479,False,False,False,False
2023-02-10 00:00:00+00:00,60.0245778534,65.580153734,58.3101252629,62.7883129036,4371305,,,,,,,,,,,,,,61.30495228343333,58.555556391279566,,,,,,,,,,,,,,51.41164539140112,52.868916192344166,53.960129287380134,56.16999453698655,58.631234402458475,61.264882711348534,,56.770913899578986,#000000,,56.03526756461454,,53.391951972811775,-2.0519527575958705,False,False,False,False,True,0.0,0.0,0.0,0.0,0.0,0,0.995442137486319,0.9982244463797868,False,False,False,False,0.27986494029964315,0.2605514133792331,False,False,False,False,-13235871,-14636992.521349901,False,False,False,False,2841796.903879147,False,False,False,False
2023-02-17 00:00:00+00:00,59.3406705359,62.5072551019,58.8172428158,60.1088951939,2727746,,,,,,,,,,,,,,60.88873117982645,58.67503609902145,,,,,,,,,,,,,,51.79349656974538,53.086709293078734,54.1363803380365,56.27418225808039,58.66809563029663,61.24341639581159,,56.84575597048714,#000000,,56.110993285418004,,53.00731026215724,-2.0519527575958705,False,False,False,False,True,0.0,0.0,0.0,0.0,0.0,0,0.9725610712250987,1.0246147271368498,False,False,False,False,0.3039654531721788,0.282258433275706,False,False,False,False,-15963617,-14735261.001249908,False,False,False,False,2833348.688776988,False,False,False,False
2023-02-24 00:00:00+00:00,60.1894722441,61.1797409037,57.6619293796,58.6144735188,1669001,,,,,,,,,,,,,,60.6580868750173,58.717152585798,,,,,,,,,,,,,,51.997164058487755,53.20402356679713,54.23018956573729,56.32689235515591,58.682203035743186,61.22393952008051,,56.879956445352136,#000000,,56.144106771525045,,53.02700790826279,-2.0519527575958705,False,False,False,False,True,0.0,0.0,0.0,0.0,0.0,0,0.979039950073937,1.0033365656712332,False,False,False,False,0.2671900930796205,0.27472426317766324,False,False,False,False,-14294616,-14702620.630786952,False,False,False,False,2747100.7118305448,False,False,False,False
2023-03-03 00:00:00+00:00,61.7550398393,62.1983029536,59.1048922836,60.7364777894,2497483,,,,,,,,,,,,,,60.73818982514871,58.85338758670502,,,,,,,,,,,,,,52.33296948410608,53.40680240814844,54.397947653234176,56.433196317799094,58.73010211483305,61.22020343262861,,57.014099852825396,#000000,,56.33283732602706,,53.58725079032487,-1.4081005497350745,True,False,False,False,True,0.0,0.0,0.0,0.0,0.0,0,1.0202819721854757,0.9878626647836797,False,False,False,False,0.3036466356363129,0.2891854494069881,False,False,False,False,-11797133,-14487399.324802732,False,False,False,False,2728610.510954208,False,False,False,False
2023-03-10 00:00:00+00:00,55.7568411011,61.9625247013,53.7668726518,61.613572888,3329788,,,,,,,,,,,,,,59.92233331425196,58.72970967030129,,,,,,,,,,,,,,52.56127719497643,53.5323645311984,54.48610518644721,56.45456571743776,58.688397066615565,61.123719785574444,,56.93730905835038,#000000,,56.186421177682014,,51.73650605954152,-1.4081005497350745,True,False,False,False,True,0.0,0.0,0.0,0.0,0.0,0,0.9914433152767227,0.9609173897852924,False,False,False,False,0.22205677829477155,0.2556211138508798,False,False,False,False,-15126921,-14534771.30074327,False,False,False,False,2773142.1768094525,False,False,False,False
2023-03-17 00:00:00+00:00,55.2004044257,57.5581869486,53.6254057004,54.7665724415,4534174,,,,,,,,,,,,,,58.86496340281337,58.43373244497507,,,,,,,,,,,,,,52.7366836593087,53.61636596930241,54.52669574840405,56.41643575406724,58.57560600845783,60.9461487624836,,56.76457896872654,#000000,,55.912936369099896,,50.22556373130061,-1.4081005497350745,True,False,False,False,False,0.0,0.0,0.0,0.0,0.0,0,1.0770510633839245,0.9991912801821258,False,False,False,False,0.15765008926215218,0.206635601556516,False,False,False,False,-19661095,-14914498.982169695,False,False,False,False,2903588.9785272707,False,False,False,False
2023-03-24 00:00:00+00:00,55.1721110354,56.3462867318,53.4603609238,55.2569912063,2446517,,,,,,,,,,,,,,58.425910059725176,58.273437938862905,,,,,,,,,,,,,54.99291956366667,52.80798979051529,53.64796824501511,54.53693618190324,56.38754735587304,58.5092910049415,60.84709111349518,,56.492121250444235,#000000,,56.125064338192516,,49.13617590504475,-1.4081005497350745,True,False,False,False,False,0.0,0.0,0.0,0.0,0.0,0,1.1101526858797077,0.9108070724825287,False,False,False,False,0.138417536747893,0.1725265691522045,False,False,False,False,-22107612,-15447322.168675642,False,False,True,False,2869731.794932658,False,False,False,False
2023-03-31 00:00:00+00:00,62.4529434661,62.7453084989,54.818443657,55.7191165807,4012791,,,,,,,,,,,,,,58.673628777321625,58.39639615577932,,,,,,,,,,,,,58.10698369021007,53.1627038570972,53.878676701282394,54.72710083059394,56.504096633602245,58.553379320952814,60.824734431783526,,56.98085559984702,#000000,,57.084928120102056,,51.02295055928727,-1.4081005497350745,True,False,False,False,False,0.0,0.0,0.0,0.0,0.0,1,1.1412133305747143,0.8263338869988053,False,False,False,False,0.24853909725314183,0.21053283320267316,False,False,False,False,-18094821,-15643433.193218186,False,False,False,False,2954402.847159868,False,False,False,False
2023-04-07 00:00:00+00:00,62.1417161731,63.7733016789,60.8779447408,62.5849792874,1725283,,,,,,,,,,,,,,58.90043334849533,58.51095086274871,,,,,,,,,,,,,58.98333574636876,53.35155451872879,54.007500808952535,54.8381285241047,56.582786413012585,58.599803360278536,60.840992123163865,,57.17949841176153,#000000,,57.4365686190854,,52.244696744748325,-1.4081005497350745,True,False,False,False,True,0.0,0.0,0.0,0.0,0.0,1,1.188059420011665,0.8097498806051348,False,False,False,False,0.34282825129053895,0.27668054224660604,False,False,False,False,-19820104,-15952816.215942767,False,False,False,False,2863356.9325554334,False,False,False,False
2023-04-14 00:00:00+00:00,64.4240496552,64.7682859036,61.3069668487,61.5852794977,2503931,,,,,,,,,,,,,,59.28665670170021,58.7165480843855,,,,,,,,,,,,,60.04137102946001,53.648219605946316,54.21452261263735,55.01942752052478,56.71725825216937,58.68718081478664,60.883867143206736,,57.46833908497966,#000000,,57.92319885537301,,53.86456417552955,-0.7471838386920666,True,False,False,False,True,0.0,0.0,0.0,0.0,0.0,1,1.1808638879126783,0.8062888051934018,False,False,False,False,0.34282825117608706,0.3097543967113465,False,False,False,False,-17316173,-16053805.607354414,False,False,False,False,2836732.789403179,False,False,False,False
2023-04-21 00:00:00+00:00,66.0367729009,66.3291379337,63.3489008248,64.2354270534,2711514,,,,,,,,,,,,,,59.782756177851766,58.995166470223786,,,,,,,,,,,,,61.09297013076343,54.00386442128347,54.46886994359621,55.24591933357565,56.89294838044773,58.811289732310975,60.958601850499015,,57.805820715616896,#000000,,58.46868930003062,,55.53161508782799,0.9076004330615746,True,False,True,False,True,0.0,0.0,0.0,0.0,0.0,1,1.1957859927731282,0.8275372799884135,False,False,False,False,0.3428282514126576,0.32629132406200206,False,False,False,False,-14604659,-15946461.414217051,False,False,False,False,2827457.3235214623,False,False,False,False
2023-04-28 00:00:00+00:00,62.7170151087,66.2819822833,60.0197119025,65.9613238601,3973813,,,,,,,,,,,,,,60.13366942665889,59.231502214726774,,,,,,,,,,,,,61.53057969547928,54.39128231923998,54.74810831814772,55.49006173982945,57.07225564234861,58.92461271050387,61.00884224411279,,58.05899047900526,#000000,,58.821758414026235,,55.26328382841818,0.9076004330615746,True,False,True,False,True,0.0,0.0,0.0,0.0,0.0,1,1.1705365738737343,0.8139948480828513,False,False,False,False,0.2899486274469228,0.3081199757544624,False,False,False,False,-18578472,-16141425.161312085,False,False,False,False,2912372.558816169,False,False,False,False
2023-05-05 00:00:00+00:00,66.3668624541,66.8384189587,61.1325852533,62.5661170272,5642379,,,,,,,,,,,,,,60.75561496667777,59.65980434882876,,,,,,,,,,,,,62.326993796388244,54.98948914118988,55.193295968623396,55.887270601151414,57.38039327895741,59.140885798444415,61.13577560050734,,58.49661372230763,#000000,,59.43297556327117,,56.259233758791254,1.737325700176406,True,False,True,False,True,0.0,0.0,0.0,0.0,0.0,1,1.164464403186173,0.8216849268880282,False,False,False,False,0.3120915976323565,0.3101057866934095,False,False,False,False,-12936093,-15903993.14936304,False,False,False,False,3114595.258163119,False,False,False,False
2023-05-12 00:00:00+00:00,66.6780897471,71.5021127889,64.8390193793,71.2993434919,10416272,,,,,,,,,,,,,67.67307397176668,62.126455852838454,60.659403543427075,,,,,,,,,,,,,63.99262529988183,56.20829590474448,56.13833327655973,56.74955765391772,58.08786511079034,59.68558874832103,61.51828838104783,,60.28394877432952,#000000,,63.61288966697852,,57.06837958337411,2.6141604977644874,True,False,True,False,True,0.0,0.0,0.0,0.0,0.0,1,1.1744824055423135,0.8158447882628517,False,False,False,False,0.3428282512897968,0.32646701899160313,False,False,False,False,-2519821,-14912572.990150964,False,False,False,False,3655460.202002888,False,False,False,False
2023-05-19 00:00:00+00:00,68.4417110742,69.5451532949,66.5554850559,66.5554850559,4623916,,,,,,,,,,,,,67.82916274898457,62.61599426101338,61.054046603226084,,,,,,,,,,,,,64.50149324097103,56.69811236416793,56.52998094608281,57.109143220092214,58.38670718668839,59.91970609769067,61.6869614044531,,60.633130807337025,#000000,,64.00017421354877,,58.20670105394477,3.811651556083092,True,False,True,False,True,0.0,0.0,0.0,0.0,0.0,1,1.1909175042075466,0.8271815498392248,False,False,False,False,0.33894266444883697,0.3327048417202201,False,False,False,False,2104095,-13652079.064954598,False,False,False,False,3727197.6685211924,False,False,False,False
2023-05-26 00:00:00+00:00,70.2596197282,70.5726435504,67.2906362025,68.5142747802,2634212,,,,,,,,,,,,,68.05945167718814,62.9135999517684,61.295533082039256,,,,,,,,,,,,,64.81694685310708,56.98682940019184,56.76362768428778,57.325071478547756,58.56897237098181,60.065849247214594,61.79625797533932,,60.859213972066605,#000000,,64.27138289102571,,59.57935670967349,5.22321446966275,True,False,True,False,True,0.7490372086169224,0.0,0.0,0.0,0.0,1,1.1867070936463173,0.8195178485966375,False,False,False,False,0.34282824935161826,0.33776654553591917,False,False,False,False,4738307,-12289828.245328331,False,False,False,False,3646235.7671492524,False,False,False,False
2023-06-02 00:00:00+00:00,70.0414516097,70.6295569726,67.7459435803,70.5726435504,2230291,,,,,,,,,,,,,68.21776117709403,63.149341295847854,61.49164613662029,,,,,,,,,,,,,65.05885292703333,57.22304301621894,56.956390153577765,57.50347334765776,58.71998547670756,60.187363204349296,61.887560546166455,,61.039541728127325,"rgba(38, 166, 154, 0.5)",14.222760425963482,64.47940038414887,0.3910669278656815,60.444167538456625,6.138584048039107,True,False,True,False,True,0.5974117072980292,0.0,0.0,0.0,0.0,0,1.1926450685920986,0.9326552484790561,False,False,False,False,0.3428282492303233,0.34029739738312126,False,False,False,False,2508016,-11193691.634563271,False,False,False,False,3541350.969582641,False,False,False,False
2023-06-09 00:00:00+00:00,70.0035093282,71.2935468985,69.5482019505,69.6525432246,2652014,,,,,,,,,,,,,68.46042669419298,63.44168356129007,61.735382291721415,,,,,,,,,,,,,65.36278779527518,57.51035394954479,57.192466219551754,57.72279894427616,58.90731197627513,60.34007532989147,62.00462860762834,,61.26779153696473,"rgba(38, 166, 154, 0.5)",13.890056057378345,64.75007008561991,0.37821584166965827,61.0405025250505,6.808290749748707,True,False,True,False,True,0.5705672953454766,0.0,0.0,0.0,0.0,0,1.1370954633371682,0.9216086723054513,False,False,False,False,0.34282824964236214,0.3415628235127417,False,False,False,False,-143998,-10375195.809780806,False,False,False,False,3475474.1570209637,False,False,False,False
2023-06-16 00:00:00+00:00,71.2650901874,71.6824552837,69.4818029579,70.2501341579,2517198,,,,,,,,,,,,,68.69628126039905,63.71759946924206,61.96808584052197,,,,,,,,,,,,,65.64790169850484,57.782405031926594,57.41766383585044,57.932586547276294,59.08758290025221,60.48828540792853,62.11966277672126,,61.48580547686233,"rgba(38, 166, 154, 0.5)",13.564166656799003,65.00746706716698,0.4613348743467704,61.90381778707555,7.746696986756341,True,False,True,False,True,1.4566130901973935,0.0,0.0,0.0,0.0,0,1.1513901920583751,0.8690405052310002,False,False,False,False,0.3428282496914523,0.342195536602097,False,False,False,False,2373200,-9430870.194241486,False,False,False,False,3404490.7379823737,False,False,False,False
2023-06-23 00:00:00+00:00,70.6959559652,74.1581891502,68.9600965876,70.9046385134,4675307,,,,,,,,,,,,,69.10098228138516,64.20882185492889,62.39105466001218,,,,,,,,,,,,,66.14617570060658,58.276141943048145,57.83051482596912,58.31825033229513,59.420945467705536,60.76453997400514,62.336470356915605,,61.87938973968714,"rgba(38, 166, 154, 0.5)",13.248058451798085,65.4617586242332,0.39509165512901195,62.16603038509024,8.117016373543116,True,False,True,False,True,1.0399101272062197,0.0,0.0,0.0,0.0,0,1.1450948276769197,0.8419607111455626,False,False,False,False,0.3428282499685539,0.34251189328532544,False,False,False,False,-2302107,-8902813.66133471,False,False,False,False,3498625.275909605,False,False,False,False
2023-06-30 00:00:00+00:00,74.0348767354,74.7937223649,70.1457928838,70.6011002615,3168959,,,,,,,,,,,,,69.47551031299422,64.57959708879308,62.70795155355583,,,,,,,,,,,,,66.5339949873178,58.63238677531998,58.130689408621286,58.60027963342778,59.66803562390003,60.973234786387444,62.504858564893944,,62.180653873521145,"rgba(38, 166, 154, 0.5)",13.158313808898281,65.82426348566523,0.6239867333291875,63.50599208214543,9.529734019374665,True,False,True,False,True,3.3767601086593544,0.0,0.0,0.0,0.0,0,1.1397831303629,0.845466537513827,False,False,False,False,0.34282825019907065,0.34267007174219805,False,False,False,False,866852,-8179134.723458065,False,False,False,False,3474205.551768153,False,False,False,False
2023-07-07 00:00:00+00:00,73.8925931798,74.9360059205,71.9527940392,74.1012757279,2451672,,,,,,,,,,,,,69.76097073977294,64.86469935164902,62.95402981342341,,,,,,,,,,,,,66.83044105681576,58.9074536214158,58.36397510715516,58.81996838161151,59.86147669827933,61.13771799380823,62.63880047852923,,62.41395332424604,"rgba(38, 166, 154, 0.5)",13.1035850972048,66.10253524041529,0.5944982141602188,64.36893642781172,10.463318901650013,True,False,True,False,True,3.2692258214129915,0.0,0.0,0.0,0.0,0,1.1416667944031982,0.8635681569163287,False,False,False,False,0.34282825042070864,0.34274916108145337,False,False,False,False,-1584820,-7690666.966164875,False,False,False,False,3398462.325711253,False,False,False,False
2023-07-14 00:00:00+00:00,73.769280765,74.7462945131,72.8539232243,73.9400210317,3171760,,,,,,,,,,,,,70.09252374496357,65.21553984640533,63.26191685837461,,,,,,,,,,,,,67.18902291102027,59.25320764261705,58.659288951907044,59.09845526032178,60.1073617982972,61.34750682654965,62.81037210159228,,62.703519594204884,"rgba(38, 166, 154, 0.5)",13.016612100231695,66.43975084019095,0.5630904469127251,64.89870822590616,11.07922823922376,True,False,True,False,True,3.1743730383012085,0.0,0.0,0.0,0.0,0,1.1325566385857626,0.8749322426017404,False,False,False,False,0.3428282504959037,0.34278870578867854,False,False,False,False,-4756580,-7473327.190893402,False,False,False,False,3381669.5608437527,False,False,False,False
2023-07-21 00:00:00+00:00,73.7408240539,74.9454914909,73.1811754021,73.7597951946,3937085,,,,,,,,,,,,,70.45058958414195,65.62217507252278,63.62624091242072,,,,,,,,,,,,,67.59579489228574,59.665321334760414,59.01434964534197,59.43379787451121,60.40431946366984,61.601781455521675,63.01924712798631,,63.043361736316264,"rgba(38, 166, 154, 0.5)",12.84626946365045,66.8237001153428,0.5384539035343882,65.25582194406796,11.542440729379337,True,False,True,False,True,3.1520706508756717,0.0,0.0,0.0,0.0,0,1.1512056535409672,0.8804288090604979,False,False,False,False,0.3428282505497506,0.34280847816921456,False,False,False,False,-8693665,-7563722.584160557,False,False,False,False,3422811.445225697,False,False,False,False
2023-07-28 00:00:00+00:00,73.4941992243,74.6988666612,72.6974113132,73.408829091,3073759,,,,,,,,,,,,,70.66513855756597,65.90284926301642,63.88542956926393,,,,,,,,,,,,,67.86630007165458,59.96437680524761,59.27450181633213,59.679626508634726,60.622090753496835,61.788231761047754,63.17226003165778,,63.28208051379177,"rgba(38, 166, 154, 0.5)",12.689000019652758,67.07992936537522,0.5054984513350417,65.31543194270472,11.738044260002894,True,False,True,False,True,2.9553911390636216,0.0,0.0,0.0,0.0,0,1.1301452926250752,0.8699773732939852,False,False,False,False,0.3287756725422488,0.3357920753557317,False,False,False,False,-11767424,-7875107.874222739,False,False,False,False,3396955.708542312,False,False,False,False
2023-08-04 00:00:00+00:00,71.767825417,74.5091552538,70.9994942171,73.6175116391,3191909,,,,,,,,,,,,,70.7804111245764,66.13191365708215,64.10917670077778,,,,,,,,,,,,,68.06909280493498,60.235459256708864,59.513167344253866,59.90477309589085,60.82051840963681,61.95674400578178,63.30877940328029,,63.48300358029237,"rgba(38, 166, 154, 0.5)",12.4704318876529,67.27264857184284,0.3604668134716233,64.01158090237698,11.738044260002894,True,False,True,False,True,1.5788181104843808,0.0,0.0,0.0,0.0,0,1.1083087141309371,0.8985093332024697,False,False,False,False,0.2930165819744291,0.3144043286650804,False,False,False,False,-14959333,-8399865.29094698,False,False,False,False,3381767.063465104,False,False,False,False
2023-08-11 00:00:00+00:00,73.3614012391,76.2924424833,69.8137979209,72.1093059503,3594243,,,,,,,,,,,,,70.94354148792978,66.39910977274117,64.36842535316582,,,,,,,,,,,,73.15588054776667,68.31172028415956,60.54439467303065,59.786381577566715,60.1632081800035,61.049689329987544,62.153018690891486,63.46969952920746,,64.6875369897243,"rgba(38, 166, 154, 0.5)",12.37205595313194,69.7025630231493,0.29573405017009224,63.82555485337268,11.738044260002894,True,False,True,False,True,2.7800370756328228,0.0,0.0,0.0,0.0,0,1.1119169982532555,0.8957822221749301,False,False,False,False,0.30425473793427377,0.30932953329967705,False,False,False,False,-11365090,-8619511.565691646,False,False,False,False,3397506.0217269477,False,False,False,False
2023-08-18 00:00:00+00:00,75.3723421575,75.6569092686,73.0863196984,74.0159055946,3783116,,,,,,,,,,,,,71.19711097698702,66.71887863069252,64.67107992166494,,,,,,,,,,,,73.95036795114952,68.61735420247884,60.892031871694414,60.09435958486045,60.45571790190973,61.31159624300419,62.38037262729297,63.659689038036674,,65.02888699117345,"rgba(38, 166, 154, 0.5)",12.33501338035913,70.12092794032698,0.4257323486600164,64.55581539749248,11.738044260002894,True,False,True,False,True,4.27009915294342,0.0,0.0,0.0,0.0,0,1.1403495767472784,0.8706609816560784,False,False,False,False,0.3428282506109632,0.32607889195532014,False,False,False,False,-7581974,-8542656.931195969,False,False,False,False,3426069.723821248,False,False,False,False
2023-08-25 00:00:00+00:00,77.3548263647,79.1238852387,74.7462945131,75.4007988686,3546674,,,,,,,,,,,,,71.5464913516213,67.07963209512822,65.00246485191239,,,,,,,,,,,,74.9648338062327,68.98013656147458,61.25610317375791,60.416753260322196,60.76331844516661,61.59002966813981,62.62573115298744,63.8690420246406,,65.42254943667432,"rgba(38, 166, 154, 0.5)",12.198717344739501,70.6427734536142,0.5502261197961333,65.84694380957697,12.62551754493564,True,False,True,False,True,5.708277700675261,0.0,0.0,0.0,0.0,0,1.1666313864907873,0.8249828058246788,False,False,False,False,0.34282825105362247,0.3344535715044713,False,False,False,False,-4035300,-8208778.639996267,False,False,False,False,3435003.3739085626,False,False,False,False
2023-09-01 00:00:00+00:00,79.8849545348,81.2769110167,77.4728655627,77.4823995112,2044302,,,,,,,,,,,,79.5449103714,71.81144794748397,67.32499298915013,65.2230103235596,,,,,,,,,,,,75.68682777711058,69.23503877188733,61.49022500920277,60.623816223611456,60.9615725957451,61.77098791395716,62.78701312351159,64.00878974041864,,67.3672829923108,"rgba(38, 166, 154, 0.5)",12.194618074834969,74.06955621697047,0.4768823658225339,67.64154857751215,14.41536091921968,True,False,True,False,True,7.4957831333712654,0.0,0.0,0.0,0.0,0,1.176572562682631,0.8142677564344043,False,False,False,False,0.34282825138878875,0.33864091144663,False,False,False,False,-1990998,-7748202.29629284,False,False,False,False,3331988.4573227433,False,False,False,False
2023-09-08 00:00:00+00:00,77.911427194,79.4082571094,77.4251958201,79.4082571094,2032226,,,,,,,,,,,,78.89852237329424,72.01665842795543,67.53463016812005,65.41646366560914,,,,,,,,,,,,76.03384659761471,69.44615828593118,61.70080426781783,60.81145559601434,61.1410856216244,61.934435860365646,62.93215169858732,64.13387411860988,,67.4934060864347,"rgba(38, 166, 154, 0.5)",12.133084612642202,74.0987964211989,0.31423425241990705,67.35260153385566,14.41536091921968,True,False,True,False,True,5.836022348985843,0.0,0.0,0.0,0.0,0,1.2362571927001242,0.8151982754252848,False,False,False,False,0.31409546761882823,0.3263681895327291,False,False,False,False,-4023224,-7472277.978048925,False,False,False,False,3235709.756780318,False,False,False,False
2023-09-15 00:00:00+00:00,76.2334522568,78.779016508,75.7376869345,78.1497759066,3845614,,,,,,,,,,,,77.93650320412034,72.29545103615314,67.86341750301294,65.73084211829747,,,,,,,,,,,,76.21399905844544,69.7632305678863,62.054213060069145,61.12951384035108,61.445112812891246,62.21048626260264,63.1762322598035,64.34288534125788,,67.66427694638298,"rgba(38, 166, 154, 0.5)",12.096702143004705,74.05229596665131,0.18030999394409442,65.91014858678139,14.41536091921968,True,False,True,False,True,4.449204102251922,0.0,0.0,0.0,0.0,0,1.2224513331792979,0.7744676788534756,False,False,False,False,0.28001270727566485,0.30319044840419695,False,False,False,False,-7868838,-7501652.794489746,False,False,False,False,3280887.848870665,False,False,False,False
2023-09-22 00:00:00+00:00,75.4898042733,77.0152360344,74.9082334144,76.2715880509,3076169,,,,,,,,,,,,77.34017216861533,72.4481990196382,68.07995287324123,65.9464076725525,,,,,,,,,,,,76.15652708682873,69.96159898482382,62.30501935436518,61.357732812262164,61.66311446340765,62.40793121284367,63.350111784047314,64.4908595680406,,67.76666556485785,"rgba(38, 166, 154, 0.5)",11.988578320115488,73.97662431497652,0.12621846543593335,64.34741912718128,17.58737483064111,True,False,True,False,False,3.83755321763131,0.0,0.0,0.0,0.0,0,1.2173326806798521,0.7783885410394858,False,False,False,False,0.22429662272209125,0.2637435355631441,False,False,False,False,-10945007,-7756716.068971987,False,False,False,False,3265723.48969506,False,False,False,False
2023-09-29 00:00:00+00:00,74.6984865473,75.8711622136,74.2694588645,74.6698847018,2323219,,,,,,,,,,,,76.92270296505735,72.52771406344787,68.21850413864266,66.08954516207858,,,,,,,,,,,,76.04056930205755,70.08222368956747,62.47679462810732,61.5154797763803,61.81369172520738,62.54397732816405,63.46945897471035,64.59182071137245,,67.82312027787104,#000000,11.93930244071708,73.89330250503257,0.0674397894069163,62.66175402845394,15.973494423324638,True,False,True,False,False,3.1839874640839625,0.0,0.0,0.0,0.0,0,1.2103905103033226,0.8469113621746234,False,False,False,False,0.16484099716371875,0.21429226636343143,False,False,False,False,-13268226,-8164976.0638629515,False,False,False,False,3195908.3423102405,False,False,False,False
2023-10-06 00:00:00+00:00,72.1529222961,74.8510297234,70.8277034537,74.6508168048,2784784,,,,,,,,,,,,76.17713141454094,72.53075842084225,68.32222581382159,66.21153602109916,,,,,,,,,,,72.6105518244,75.68719397204417,70.15349387406621,62.639208173458144,61.6677500154766,61.958432956280205,62.673222331754204,63.580854795003034,64.68357325263469,,68.79582824860293,#000000,11.871966894402641,74.25140890795683,-0.17675980993900983,59.753489847650364,13.227490150600353,True,False,True,False,False,1.112792880386909,0.0,0.0,0.0,0.0,0,1.103082112922331,0.8713822041821929,False,False,False,False,0.0660710485698081,0.14018165746661976,False,False,False,False,-16053010,-8749274.873947177,False,False,False,False,3165454.6873242967,False,False,False,False
2023-10-13 00:00:00+00:00,71.5808853857,73.7736935422,71.0374503209,71.8001662014,2129516,,,,,,,,,,,,75.70460065163599,72.51982215753245,68.38978233536591,66.29501784190043,,,,,,,,,,,72.40260718129184,75.42746500694892,70.19521427926792,62.754125172479114,61.77641594052557,62.0616547627555,62.765172513655905,63.65979329283253,64.74816926657248,,68.75267053297037,#000000,11.800813000355673,74.01362374935229,-0.20615006470986103,57.31654421804874,10.993763972507175,True,False,True,False,False,0.6532304932705699,0.0,0.0,0.0,0.0,0,1.1014766919345764,0.8933649434550144,False,False,False,False,0.04651915635078365,0.09335040690870171,False,False,False,False,-18182526,-9448034.216617756,False,False,False,False,3088718.4882632378,False,False,False,False
2023-10-20 00:00:00+00:00,72.4580086483,74.3266625556,71.8049331756,71.9908451715,2112329,,,,,,,,,,,,75.409636870715,72.52888690844345,68.4671330007425,66.38563816186934,,,,,,,,,,,72.54106997074568,75.25425782485515,70.24991208535762,62.87409121636209,61.88946717399415,62.169294287934164,62.86162808781418,63.74331548149741,64.81739516108858,,68.7769387501019,#000000,11.660300230276219,73.93346289368982,-0.12653655705697683,56.104121123650884,9.94577859998195,True,False,True,False,False,1.3490167857655742,0.0,0.0,0.0,0.0,0,1.0850533927865653,0.9018158109524371,False,False,False,False,0.07347580376482606,0.08341310533676388,False,False,False,False,-16070197,-9938564.793164589,False,False,False,False,3016393.3409844795,False,False,False,False
2023-10-27 00:00:00+00:00,71.7429625103,73.2779282199,71.4855459007,72.2101259871,2045603,,,,,,,,,,,,75.11359725719143,72.51991115175512,68.5280966566868,66.46188856749394,,,,,,,,,,,72.45713344977256,75.0648216150018,70.28726808536781,62.97969523232072,61.98998135705843,62.264871345202764,62.9469322018515,63.81671756385954,64.87762839306023,,68.76672647178515,#000000,11.574793503905516,73.78886586843024,-0.1767550632708836,54.75214333504893,8.73360882943522,True,False,True,False,False,0.7592277893091754,0.0,0.0,0.0,0.0,0,1.1247842229772331,0.9084107717623604,False,False,False,False,0.030095896871721275,0.05675450110424258,False,False,False,False,-18115800,-10544285.91959684,False,False,False,False,2944482.9453559997,False,False,False,False
2023-11-03 00:00:00+00:00,73.8118293362,74.1169156884,71.0946540119,72.038514914,2993549,,,,,,,,,,,,74.86529178541869,72.53708246710129,68.63352166047976,66.58579994864834,,,,,,,,,,,72.5937550525796,74.89523835859589,70.36262571923737,63.14370374232657,62.145417496698954,62.41306502943931,63.080089743967136,63.93242004888336,64.97395659856197,,68.81755012605258,#000000,11.424724922260532,73.72284191592387,0.007789020819464348,55.0420088326341,8.73360882943522,True,False,True,False,False,2.4146716503092343,0.0,0.0,0.0,0.0,1,1.1106397867697058,0.9020175436700276,False,False,False,False,-0.06459550228172134,-0.0039205005887393805,False,False,False,False,-15122251,-10883394.444071148,False,False,False,False,2948117.467922222,False,False,False,False
2023-11-10 00:00:00+00:00,74.1169156884,75.0226407965,73.2779282199,73.5734806236,2140567,,,,,,,,,,,74.13916156826667,74.80882792065808,72.57641164771864,68.72463817338088,66.68667522501866,,,,,,,,,,,72.82661195493512,74.85314856423315,70.43597428247828,63.27080616272046,62.265200301283166,62.52760052018611,63.18377109733989,64.0234771390061,65.05095371835982,,70.05874558006931,#000000,11.361641565402198,74.15693750202325,-0.003522537953065459,55.42696553061113,8.73360882943522,True,False,True,False,False,2.6574054345126576,0.0,0.0,0.0,0.0,1,1.0980436788404082,0.9441686080795854,False,False,False,False,0.025513726004158348,0.010796612707709484,False,False,False,False,-12981684,-11038823.300065877,False,False,False,False,2888298.914742798,False,False,False,False
2023-11-17 00:00:00+00:00,64.6592387701,74.3647983496,64.0872018597,73.6211503661,6282233,,,,,,,,,,,69.33924016437022,73.48863769535176,72.24894362529572,68.67734956734687,66.72503570017788,,,,,,,,,,,71.25583282163495,73.84912330182128,70.28863291160131,63.41626106335088,62.42006815196257,62.67184653172146,63.304807258017185,64.11737740601374,65.1147863642085,,69.17091250029134,#000000,11.260266255810397,71.98320849579456,-0.6504259809944832,50.568893100164246,4.821176672651049,False,False,False,False,False,0.0,0.0,0.0,0.0,0.0,0,0.9613330103808579,0.9336730729002,False,False,False,False,-0.3220914643984303,-0.1556474258453604,False,False,False,False,-19263917,-11648089.500060998,False,False,False,False,3139701.439576665,False,False,False,False
2023-11-24 00:00:00+00:00,63.1433409576,65.0596646074,62.228081901,64.2683468814,3702396,,,,,,,,,,,67.54922979332021,72.50051553619747,71.9147513812325,68.53915884951888,66.65440872758853,,,,,,,,,,63.47702915533334,70.06529754152203,73.0563003652618,70.07881711833471,63.41741388685183,62.437513448140244,62.68485678735647,63.307482949208584,64.1078912448249,65.0918859992223,,68.72529223551615,#000000,11.219212744753051,68.39801800659326,-0.46836415072445625,46.52934477415044,1.0936513809757002,False,False,False,False,False,0.0,0.0,0.0,0.0,0.0,0,0.9304471150185907,1.0555136828598197,True,False,False,False,-0.34282825441539394,-0.24923784013037717,False,False,False,False,-22966313,-12486476.425982405,False,False,False,False,3181382.5181265417,False,False,False,False
2023-12-01 00:00:00+00:00,68.250568452,68.5575281414,62.5427022017,63.1242730606,5007274,,,,,,,,,,,67.2280378401378,71.78801760802095,71.64698873530924,68.46669037167435,66.64857672372756,,,,,,,,,,65.18637208970812,69.44534766438902,72.43736581853975,69.93370122044394,63.49328122330523,62.52513127330128,62.765382344125115,63.37215992835315,64.15389931831847,65.11709737489963,,68.6274379295256,#000000,11.105276322375975,68.41194380056398,-0.014531412265611486,46.50862244108387,1.0936513809757002,False,True,False,False,False,0.0,0.0,0.0,0.0,0.0,0,0.9313263189867912,1.0142916869439869,False,False,False,False,-0.25543732719718576,-0.25233758366378145,False,False,False,False,-17959039,-12891851.431465188,False,False,False,False,3316633.7390060574,False,False,False,False
2023-12-08 00:00:00+00:00,71.2530179145,71.3777202883,67.4447992672,67.9627937431,3802178,,,,,,,,,,,67.73605828436007,71.64332110290783,71.58880976965038,68.50669178207724,66.72026945714921,,,,,,,,,,66.65681880359357,69.51215353965948,72.27715262741071,69.93639732643146,63.615040504767606,62.64745302126623,62.88138857790406,63.474524826567205,64.24017969472358,65.18530614751391,,68.81927131980076,#000000,11.036020915961595,68.88708793263024,0.21438252064635743,47.87627040896021,1.0936513809757002,False,False,False,False,False,0.4621783087546092,0.0,0.0,0.0,0.0,0,0.9674871899324757,0.9899535195452278,False,False,False,False,-0.08825580230443536,-0.1702966929841084,False,False,False,False,-14156861,-12985555.843949247,False,False,False,False,3352599.980561164,False,False,False,False
2023-12-15 00:00:00+00:00,76.2027429069,76.4425551643,71.2338329339,71.2338329339,5314275,,,,,,,,,,,69.13105069991904,71.95032992517311,71.73383939606724,68.71862802737257,66.94812986789302,,,,,,,,,,69.03268168153073,70.2214997449371,72.47671098865742,70.12195185444659,63.89464495964312,62.91443391064644,63.137971760450554,63.709298975162845,64.44921399784805,65.3651958903881,,69.422946714564,"rgba(38, 166, 154, 0.5)",11.080121686433072,70.08389051289,0.5522369308905843,50.76860312831313,1.0936513809757002,False,False,False,False,True,3.9621517617297783,0.0,0.0,0.0,0.0,0,1.0100472043962647,0.9399384330939041,False,False,False,False,0.09801884763216222,-0.036138922675973094,False,False,False,False,-8842586,-12678669.188841894,False,False,False,False,3497909.241260337,False,False,False,False
2023-12-22 00:00:00+00:00,77.7567263348,78.3850344491,75.7998583145,76.5672575381,2769644,,,,,,,,,,77.31387303279999,69.91205083605016,72.2233722053984,71.8693187408763,68.87101421532337,67.10152503939192,,,,,,,,,,70.1463062403488,70.69962219493898,72.6817811720928,70.26725048824827,64.06991264489723,63.079771782423364,63.297555794373025,63.856947477445644,64.58275281867718,65.48268387868505,,71.1086114165469,"rgba(38, 166, 154, 0.5)",11.21281491510677,72.01796307603449,0.5118039762730597,53.365593061127626,-1.8814893227534313,False,False,False,False,True,5.014919952903124,0.0,0.0,0.0,0.0,0,1.0666973018697548,0.9441070991452727,False,False,False,False,0.2386702816716155,0.1012656794978212,False,False,False,False,-6072942,-12189356.063742496,False,False,False,False,3443963.6678336454,False,False,False,False
2023-12-29 00:00:00+00:00,76.5192950867,78.1835921529,76.0204855913,77.8910211989,1380617,,,,,,,,,,77.1787866284271,70.2297711314407,72.3393032769799,71.92956911969661,68.94141819908664,67.17333294952752,,,,,,,,,,70.57108134104756,70.90146160098385,72.76924114441913,70.33345955555403,64.15295477260925,63.15846862834002,63.37350502391786,63.92717199507367,64.64619898467362,65.53841011619284,,71.23674249471631,"rgba(38, 166, 154, 0.5)",11.314930498828948,72.22027517547481,0.3799422286924448,54.59837704544634,-0.7890488580507622,False,False,True,False,True,4.062860434699349,0.0,0.0,0.0,0.0,0,1.057592016246996,0.9520590827532781,False,False,False,False,0.23909614424575534,0.17018091187178827,False,False,False,False,-7453559,-11838556.281243052,False,False,False,False,3291123.173920042,False,False,False,False
2024-01-05 00:00:00+00:00,73.1427385027,77.4689516259,72.5671890849,76.0204855913,2448413,,,,,,,,,,76.14511610997455,70.54008926842172,72.425646663601,71.98072458243006,69.02481530563254,67.26588612558554,,,,,,,,,,70.95419759585654,71.09179752779252,72.82672516101877,70.4039915358517,64.26908980113974,63.27072240776725,63.48148732128619,64.02609765699246,64.73437330937291,65.61434423037149,,71.2658989876165,#000000,11.374142554148978,72.18280012551133,0.08439654880521118,53.894557914104176,-0.7890488580507622,False,False,False,False,True,1.5275123243549196,0.0,0.0,0.0,0.0,0,0.9977215871064208,0.9626368768203801,False,False,False,False,0.1482856333605461,0.15923327261616718,False,False,False,False,-9901972,-11695105.593743566,False,False,False,False,3228700.1980741126,False,False,False,False
2024-01-12 00:00:00+00:00,74.648759479,75.9245606883,72.7254651748,73.1235535221,1905286,,,,,,,,,,75.76150574692728,70.7535096050279,72.48923884091695,72.01972136925463,69.08843820341065,67.33667761287995,,,,,,,,,,71.2059240028394,71.2277648839997,72.86978869331656,70.45773764023048,64.35800587551527,63.356843463675034,63.564365478117054,64.1020862267894,64.80217144648782,65.67280388375465,,71.32103065988035,#000000,11.449472208412871,72.23717605969856,0.21062834822459864,53.9925352822312,-0.7890488580507622,False,False,False,False,True,2.584398291819209,0.0,0.0,0.0,0.0,0,0.9895923008757951,0.9780576753289902,False,False,False,False,0.1186849343414261,0.13895910347879664,False,False,False,False,-7996686,-11421148.5867996,False,False,False,False,3130669.5167352892,False,False,False,False
2024-01-19 00:00:00+00:00,74.8214243044,75.5216760959,74.1211725128,74.840609285,1406350,,,,,,,,,,75.62810088504655,70.91172401840927,72.54252971337475,72.05222705886142,69.13779271263274,67.39085231785269,,,,,,,,,,71.38924457794913,71.33256408480102,72.90766175649917,70.5002864957112,64.4251385528562,63.42176435131486,63.6268982620147,64.15955032077841,64.85360471593765,65.71735169014626,,71.3792983621138,#000000,11.525204027720463,72.3154083915515,0.21743787848102455,54.132689282546025,-0.7890488580507622,False,False,True,False,True,2.7060594822608905,0.0,0.0,0.0,0.0,0,1.0013371532630286,0.984611452309423,False,False,False,False,0.13986279191810397,0.1394109476984503,False,False,False,False,-6590336,-11063310.617407037,False,False,False,False,3002942.145125268,False,False,False,False
2024-01-26 00:00:00+00:00,77.2675093297,77.4161929293,72.4233017305,74.8502017752,1624665,,,,,,,,,,75.63855647954324,71.1177148731158,72.623794969969,72.10050304041829,69.20243592745587,67.45977339228111,,,,,,,,,75.70233466316665,71.62790481140838,71.47498051473833,72.96893974325451,70.55823128909826,64.50810926717651,63.501579145833546,63.70389600068203,64.230594467954,64.9175620268695,65.77320543346175,,72.30153963121684,"rgba(38, 166, 154, 0.5)",11.632477458364507,73.52162770680852,0.32201924622668887,55.212370774343654,-0.0004849312993613353,False,False,True,False,True,4.42018273792252,0.0,0.0,0.0,0.0,0,0.9883289258403333,0.9622376825653196,False,False,False,False,0.14407167489580688,0.14174131129712858,False,False,False,False,-4965671,-10611633.60871022,False,False,False,False,2900847.5417826558,False,False,False,False
2024-02-02 00:00:00+00:00,75.6367859795,78.3610532234,75.1763464453,77.4305816647,1937861,,,,,,,,,,75.74684079524323,71.3749960137388,72.73593119892301,72.16714290311715,69.28589469974303,67.54724925847512,,,,,,,,,76.07715398297047,71.92283418203255,71.65895002380424,73.0561681046302,70.63471534780942,64.61148638585807,63.60073460665134,63.799663773174515,64.3192206475115,64.997681007799,65.84358169569268,,72.46606272520123,#000000,11.70460974699264,73.78045624349626,0.1585981742347886,55.138796380493446,0.08144672381053653,False,False,True,False,True,3.159503482053374,0.0,0.0,0.0,0.0,0,1.0359858663246087,0.9499478387154758,False,False,False,False,0.22434609166557226,0.1830437014813504,False,False,False,False,-6903532,-10336959.415472426,False,False,False,False,2829515.205354311,False,False,False,False
2024-02-09 00:00:00+00:00,82.3611216766,84.4043221095,74.5624270664,75.3586037609,2484403,,,,,,,,,,76.47793324369019,71.90874843646955,73.01919123742984,72.32869664053113,69.44951081405964,67.70715798915208,,,,,,,,,77.87072322389162,72.54937308105757,72.0610396454564,73.28988582148611,70.79686005601826,64.78610180292117,63.765208914541184,63.95917485578322,64.46847159314221,65.13471933401361,65.96658727229831,,72.97519622000901,"rgba(38, 166, 154, 1.0)",11.85977897960386,74.70169449627724,0.645832202564251,57.454991910369415,2.4690557177671693,True,False,True,False,True,7.657372486143199,0.0,0.0,0.0,0.0,0,1.0406481495434754,0.9076261297486657,False,False,False,False,0.34282824973937803,0.2629359756103642,False,False,False,False,-4419129,-9898601.606918912,False,False,False,False,2803951.3382910285,False,False,False,False
2024-02-16 00:00:00+00:00,80.6824358749,84.519431993,80.6535139837,82.3803066572,1609475,,,,,,,,,81.95179395053333,76.97945230759402,72.2776585285161,73.22693962340428,72.44887956983047,69.56717224591372,67.82067915331568,,,,,,,,,78.72861699592372,72.9769443811175,72.34590932763169,73.4638737143533,70.91506319836425,64.9078890363162,63.8795445652222,64.07020187257459,64.57269131773637,65.2308316856651,66.05336670355607,,74.53151315972686,"rgba(38, 166, 154, 0.5)",11.973807327473564,77.65920190879214,0.2524872735484166,58.26157817168668,3.364112979364819,True,False,True,False,True,6.359771541332414,0.0,0.0,0.0,0.0,0,1.0688789831117986,0.901185819550681,False,False,False,False,0.34282825050538357,0.3028821130578739,False,False,False,False,-6028604,-9611935.117517512,False,False,False,False,2715471.60952873,False,False,False,False
2024-02-23 00:00:00+00:00,76.7104961473,80.2817712752,76.633371104,80.0847167896,1304924,,,,,,,,,80.12650217468031,77.04139178628775,72.43954443603366,73.3129675109247,72.50327468437335,69.63008564393394,67.88522841455108,,,,,,,,,78.60434662417332,73.15112034987119,72.47208142759571,73.53456421705027,70.97435113403037,64.98205433510138,63.950521472515774,64.13892527336978,64.6366746672644,65.28915196079963,66.10517239594402,,74.41601443450205,"rgba(38, 166, 154, 0.5)",11.790934336921056,77.23084023375314,-0.04413086118406901,57.006954746937296,3.364112979364819,True,False,True,False,True,3.3886534202959666,0.0,0.0,0.0,0.0,0,1.0144512619806514,0.9756536211201545,False,False,False,False,0.18833601919265083,0.24560906612526234,False,False,False,False,-7333528,-9443164.219923623,False,False,False,False,2610986.6014154907,False,False,False,False
2024-03-01 00:00:00+00:00,76.6044492128,78.7061066415,75.582638796,76.893668125,1832175,,,,,,,,,78.90593175502806,77.03457827356729,72.61611186707142,73.40544823675938,72.56519162983128,69.70724569693118,67.96633574008759,,,,,,,,,78.32596874506027,73.33244928786318,72.61154122651271,73.61003561009791,71.04514512494914,65.07750969490668,64.04253050337495,64.22794741601952,64.71936877569534,65.36427382656606,66.17157862690206,,74.34524017567406,"rgba(38, 166, 154, 0.5)",11.477383290873838,76.8997320153797,-0.025727362683311616,56.064133339403796,3.364112979364819,False,False,True,False,True,3.3107420342710157,0.0,0.0,0.0,0.0,0,0.9767867447677415,1.015172214172425,False,False,False,False,0.1413190928269796,0.193464079476121,False,False,False,False,-9165703,-9422611.536966316,False,False,False,False,2553296.853162491,False,False,False,False
2024-03-08 00:00:00+00:00,80.4992638971,80.8704281678,76.1320583228,76.2573865181,2031103,,,,,,,,,78.98424244079894,77.22510795065335,72.88775322571814,73.56280512997952,72.66523271565143,69.8163027381635,68.07617374443006,,,,,,,,,78.45920707949628,73.62462823064888,72.82964774411991,73.7423675271472,71.15018317841071,65.20085084349589,64.16015167297252,64.34202255787814,64.82601445135582,65.46203159426139,66.25908495805157,,74.51311752226245,"rgba(38, 166, 154, 0.5)",11.069863593679063,77.07329642539936,0.3094859699677665,56.800408065403076,3.364112979364819,False,False,True,False,True,5.885174744179338,0.0,0.0,0.0,0.0,0,0.9881528520995653,0.9789472370008515,False,False,False,False,0.1899127232847878,0.1916884013804544,False,False,False,False,-7134600,-9253129.200894736,False,False,False,False,2514615.827002307,False,False,False,False
2024-03-15 00:00:00+00:00,80.1907637241,82.1188898055,79.477357074,80.5860295708,2625356,,,,,,,,,79.43415807326937,77.57403661466162,73.2798544022446,73.80260529067667,72.8175777779295,69.97456893824615,68.23287486071001,,,,,,,,,78.82224850803466,74.04840675774378,73.14984533090549,73.94701094152776,71.30547871912903,65.37309691447555,64.323718064894,64.5008780800904,64.97505127155574,65.59931577121712,66.38278765624264,,74.81812224161224,"rgba(38, 166, 154, 0.5)",10.712995002205883,77.46971248842735,0.2539953799205883,57.17612854177196,3.364112979364819,True,False,True,False,True,5.651086169252661,0.0,0.0,0.0,0.0,0,1.0390821236978913,0.9598427600117744,False,False,False,False,0.27437400143668433,0.23303120140856937,False,False,False,False,-9759956,-9290671.926754385,False,False,False,False,2522818.802779914,False,False,False,False
2024-03-22 00:00:00+00:00,82.6780463691,84.4374614183,80.0943574201,80.3257325498,1888183,,,,,,,,,79.93067336554947,77.90867984960893,73.60186481892153,74.00847114178158,72.94821057488187,70.10444083930084,68.35929946073905,,,,,,,,,79.21223594043018,74.39839440463068,73.41633941334061,74.12479990221568,71.43517350064135,65.5090438382046,64.45220448280496,64.62583974129244,65.09271394836362,65.70823905194443,66.4815925952259,,75.09848429120018,"rgba(38, 166, 154, 1.0)",10.331094279758624,77.8624958900548,0.46612201463306274,58.30457230454608,3.891759079796117,True,False,True,False,True,7.263866957672093,0.0,0.0,0.0,0.0,0,1.0525431638146436,0.9202978743977283,False,False,False,False,0.33034516383507695,0.28168818262182316,False,False,False,False,-7871773,-9185568.302550357,False,False,False,False,2475808.7433147347,False,False,False,False
2024-03-29 00:00:00+00:00,85.8112512513,86.4234312821,82.9287027597,82.9287027597,1203491,,,,,,,,85.05446176436668,80.42419700110818,78.21093981532002,73.85383700149272,74.17446005925187,73.0524615926554,70.20335226826253,68.4537002959418,,,,,,,,,79.59144013789556,74.67551230172435,73.62612042686095,74.26932720520679,71.53587024699752,65.6079878425447,64.54510538074172,64.71632445606538,65.17824381166972,65.7878390586904,66.55431637998763,,76.69327573058824,"rgba(38, 166, 154, 1.0)",10.013927050617893,80.8202596796726,0.49840502596026437,60.09272102298436,5.73159799297818,True,False,True,False,True,9.229948118778925,0.0,0.0,0.0,0.0,0,1.082704528829857,0.8891664776728625,False,False,False,False,0.3428282508938515,0.3122582167578373,False,False,False,False,-6668282,-8999102.65050959,False,False,False,False,2381562.98455068,False,False,False,False
2024-04-05 00:00:00+00:00,81.3765612642,85.6280792736,80.6631546141,85.6280792736,1594147,,,,,,,,83.63075212825893,80.665401750807,78.44147081332916,74.10026056028379,74.33803642136093,73.15964130162236,70.31066676209282,68.55853809292225,,,,,,,,,79.82613850337918,74.93793063159825,73.83436012715613,74.41197470504524,71.64275060699532,65.72087502253498,64.6520448317081,64.82038027329054,65.27631441618793,65.87873104520939,66.63688216742642,,76.73459669428411,"rgba(38, 166, 154, 1.0)",9.659125124748234,80.64094079894357,0.07615808427324887,59.1888782142781,5.73159799297818,True,False,True,False,True,5.8410285056272855,0.0,0.0,0.0,0.0,0,1.091339299753766,0.8864485729994479,False,False,False,False,0.28982503125279924,0.3010416240053183,False,False,False,False,-8262429,-8944534.231953325,False,False,False,False,2323235.8745839633,False,False,False,False
2024-04-12 00:00:00+00:00,77.1925276676,82.0321241318,76.6044492128,81.8393115237,1367788,,,,,,,,81.98200494443779,80.4834887761233,78.44879567472627,74.20722652770124,74.40838828835584,73.21187366984347,70.37207030522345,68.62224336768895,,,,,,,,,79.7487639349334,75.03992498851096,73.92803265809145,74.47307234593289,71.70024797183763,65.79411638758022,64.72279058050468,64.88904699127593,65.34056541629853,65.93766677527427,66.68965430144183,,76.59315718086566,"rgba(38, 166, 154, 0.5)",9.203715299702898,80.16576333255519,-0.3230473312284183,56.80672649240498,5.73159799297818,False,False,True,False,False,2.826442122337525,0.0,0.0,0.0,0.0,0,1.0491191463213825,0.9128624147525644,False,False,False,False,0.16330679162235334,0.23217420781383583,False,False,False,False,-9630217,-8995325.54810493,False,False,False,False,2252461.9579481143,False,False,False,False
2024-04-19 00:00:00+00:00,77.4817465798,77.9252155785,75.1197921301,77.7902467528,1296477,,,,,,,,80.7619956879883,80.2017036069568,78.38512019726859,74.26516904534432,74.4457987812848,73.24455569569483,70.41713051843264,68.67133145319154,,,,,,,,76.84225142946667,79.5834911857905,75.0861623744736,73.98122821334569,74.5053129887405,71.74015961072517,65.85330595122839,64.78073821297743,64.94520202991156,65.3928613380915,65.98530667650152,66.73189399963915,,76.80582335106598,"rgba(38, 166, 154, 0.5)",8.880419454743777,79.34736047755058,-0.21008173175355999,55.21535298638295,9.570209183862538,False,False,True,False,False,3.0157805004181064,0.0,0.0,0.0,0.0,1,1.0301344711860274,0.9585627623735752,False,False,False,False,0.07427368058339186,0.15322394419861385,False,False,False,False,-8333740,-8946319.211208269,False,False,False,False,2181648.257359365,False,False,False,False
2024-04-26 00:00:00+00:00,79.6026852693,80.354654441,76.4598397567,77.7902467528,1473502,,,,,,,,80.34636508281851,80.08884807134964,78.40325051409293,74.37587916230753,74.52065726602584,73.30087902954197,70.48300663560407,68.7396517765908,,,,,,,,77.88673026023488,79.5362777441534,75.19154185829083,74.07928405701969,74.57081224011583,71.80194498745475,65.93169522424881,64.85654134472723,65.01881549615103,65.46181785043953,66.04864970252946,66.7887172355877,,76.89996462564092,"rgba(38, 166, 154, 0.5)",8.4639653084142,79.46455528963911,0.0163197714815266,54.88757583478744,9.218043423699925,False,False,True,False,False,4.401675357277842,0.0,0.0,0.0,0.0,1,1.0447660419244187,0.9274763043219694,False,False,False,False,0.13407924224518045,0.14365159322189713,False,False,False,False,-6860238,-8791794.677044693,False,False,False,False,2129192.979036449,False,False,False,False
2024-05-03 00:00:00+00:00,80.6631546141,81.6079363939,78.1662313387,79.7665759862,1338586,,,,,,,,80.3139129976652,80.09274276082695,78.46891372032604,74.50091282646193,74.60704800373732,73.36328224252465,70.55145270730064,68.80907968377299,,,,,,,,78.62273528343232,79.56813230364132,75.3158500836968,74.18926282328451,74.64689665589879,71.8677052098838,66.00941629560924,64.93124446143663,65.09144857539604,65.53007824210641,66.11164058797675,66.84558083113323,,77.03264074589711,"rgba(38, 166, 154, 1.0)",8.11123667539917,79.64938083639144,0.12498387339420851,55.049324571434,9.218043423699925,False,False,True,False,False,5.088405513537996,0.0,0.0,0.0,0.0,1,1.0637471348857241,0.9239707272925696,False,False,False,False,0.18169279461114496,0.16267219391652105,False,False,False,False,-5521652,-8549561.886152493,False,False,False,False,2070629.499107823,False,False,False,False
2024-05-10 00:00:00+00:00,91.3931762569,93.2634585558,80.8463265918,81.2030299168,3479560,,,,,,,88.50098713483334,82.73764142533142,81.36231475493814,79.36392413005171,75.247478420347,75.14042988364801,73.71371624191897,70.87598229274663,69.1158010807721,,,,,,,,83.15244058112587,80.63656105239569,76.12316991429782,74.83334743895806,75.12154277835099,72.201628294954,66.32461799501915,65.22684469171728,65.38002890013387,65.80434012175476,66.36871054255452,67.08260263748176,,79.7098294735927,"rgba(0, 255, 255, 0.75)",8.418236051973913,83.93834597405719,0.8855572873957136,58.30134477991683,9.218043423699925,True,False,True,False,True,11.468902197259833,0.0,0.0,0.0,0.0,1,1.060603524959219,0.8399921962339788,False,True,False,False,0.3428282512516802,0.2527502225841006,False,False,False,False,-2042092,-8067527.079770827,False,False,False,False,2174994.7213961324,False,True,False,False
2024-05-17 00:00:00+00:00,88.7516435254,92.9260364916,88.7130810038,92.0776610158,2013286,,,,,,,89.09816016913422,83.81874979778237,82.06677366376864,79.89240264341723,75.69293493921845,75.46615363242661,73.93070156136095,71.07532010589422,69.30349881780297,,,,,,,,84.61559359162557,81.25104520295956,76.6024287090333,75.22156184357642,75.41327982341441,72.40749258664087,66.51609751798246,65.40625598022466,65.55531498926912,65.97123679115617,66.5255264201393,67.22764274276038,,80.37258041929424,"rgba(0, 255, 255, 0.75)",8.467971496339864,84.89981930557771,0.4548697668015505,59.46577598055394,5.124460721488859,True,False,True,False,True,9.530918188394722,0.0,0.0,0.0,0.0,0,1.2130600501805695,0.8286985245289478,False,False,False,False,0.3428282516899515,0.2977892371370261,False,False,False,False,-4055378,-7770330.8516396545,False,False,False,False,2163016.2975890115,False,False,False,False
2024-05-24 00:00:00+00:00,89.4168470235,92.4054424496,88.02228123,89.8217535006,3870674,,,,,,,89.4495439727373,85.16389797273945,83.121310014538,80.75954841405321,76.46860840704788,76.04690337230177,74.32764274804012,71.44363757118849,69.65202551888741,,,,,,,,86.14770559786255,82.21353789065344,77.42614695809861,75.90667624974519,75.93688961641666,72.78635274509473,66.87293477583246,65.74153537513159,65.88298671215746,66.28338622008518,66.81899194710925,67.49924816609186,,81.27038788497774,"rgba(0, 255, 255, 0.75)",8.499408162374639,85.97061438946932,0.4054673652792126,60.471662614908446,6.115398195339033,True,False,True,False,True,9.905809114898801,0.0,0.0,0.0,0.0,0,1.220291517520559,0.755163753682487,False,False,False,False,0.32517659967641144,0.31148291840671877,False,False,False,False,-184704,-7208432.566333014,False,False,False,False,2289509.460730566,False,False,False,False
2024-05-31 00:00:00+00:00,86.9085654921,89.5040073856,84.7101874704,89.4555849622,1733333,,,,,,,89.07331593624693,85.33185680936536,83.34288643621531,80.99309351425535,76.72009439460871,76.24084962085006,74.46718046468303,71.57876693849109,69.78249956118034,,,,,,,,86.24952708020686,82.44147827100181,77.68474722922669,76.13390388110368,76.11317702259662,72.92290570085318,67.00953940338081,65.87104788586755,66.00950111094373,66.40369993939393,66.93181787138417,67.60330200340248,,81.42117531730808,"rgba(38, 166, 154, 1.0)",8.47172254108851,85.99939656550862,0.10731807164149174,60.08463372768873,6.115398195339033,True,False,True,False,True,8.075446883652685,0.0,0.0,0.0,0.0,0,1.19099843260833,0.8083835687641443,False,False,False,False,0.2189823563571517,0.26523263738193525,False,False,False,False,-1918037,-6816551.413271309,False,False,False,False,2248311.2043801537,False,False,False,False
2024-06-07 00:00:00+00:00,87.4799500881,88.6324037646,84.1194339051,86.9666724002,2332100,,,,,,,88.66878978406419,85.4835917143104,83.58327964374327,81.26706983156946,77.03095191024968,76.4843609877912,74.64583588023808,71.75350196872876,69.95201819030235,,,,,,,,86.31527157758886,82.69848303678037,78.00112492285702,76.41744627979274,76.33550333306167,73.09877525762879,67.1877575406033,66.04042459715909,66.17498052307457,66.56109342305123,67.07943416606929,67.73945194997525,,81.59503696887472,"rgba(38, 166, 154, 1.0)",8.476681447576553,86.01273317992668,0.1730885980849008,59.98073414434949,6.115398195339033,True,False,True,False,True,8.409134792503519,0.0,0.0,0.0,0.0,0,1.1423581083270102,0.8413936114133335,False,False,False,False,0.15860969245385043,0.21192116491789284,False,False,False,False,414063,-6280950.345621583,False,False,False,False,2254517.781833476,False,False,False,False
2024-06-14 00:00:00+00:00,87.150677609,89.4362159928,85.8045342389,86.5792930131,2174267,,,,,,,88.50087897173681,85.66391100312543,83.82319107143216,81.53060412158395,77.32412073723063,76.71666743697581,74.817415313392,71.92047366014712,70.11368588608319,,,,,,,,86.44195861405541,82.94987214513537,78.29951315364912,76.68597985743648,76.54833448770275,73.26719804750557,67.35704936851882,66.20128598057103,66.33221575339243,66.71081259799764,67.22005841901543,67.86939685612734,,81.79366971123612,"rgba(38, 166, 154, 1.0)",8.497992797123743,86.10748491508745,0.1227575403765495,59.75229832048339,6.115398195339033,True,False,True,False,True,8.165298710200801,0.0,0.0,0.0,0.0,0,1.1258180025874542,0.8766918940077882,False,False,False,False,0.2048066848470927,0.20836392488249278,False,False,False,False,-1760204,-5946080.24594591,False,False,False,False,2248573.2794754407,False,False,False,False
2024-06-21 00:00:00+00:00,86.5018171357,89.0488366057,86.0466463558,87.1603620937,2774858,,,,,,,88.30432676948529,85.82374593224087,84.07007712749223,81.822424498434,77.66600288767185,76.99228005288423,75.02538351496355,72.12493877099067,70.31264283558149,,,,,,,,86.53539007564906,83.21790912255948,78.64380765060498,77.00233124814667,76.80210540685981,73.47258943883284,67.5662504054685,66.40059353148581,66.52706965944391,66.89640334672403,67.3944230831082,68.03056279411925,,82.00782953651687,"rgba(38, 166, 154, 1.0)",8.519489512953529,86.18338497621687,0.037376906092666744,59.272499701066266,6.115398195339033,True,False,True,False,True,7.6792823776260555,0.0,0.0,0.0,0.0,1,1.0874440440359112,0.8975719619990113,False,False,False,False,0.20177860140677426,0.20507126314463353,False,False,False,False,-4535062,-5841560.375875843,False,False,False,False,2287557.33284763,False,False,False,False
2024-06-28 00:00:00+00:00,83.2187768301,86.9569879155,81.5443294295,86.5696085284,2205200,,,,,,,87.83318457173822,85.67724994984324,84.06110335119068,81.90434555259175,77.83310919547274,77.13380035628998,75.14237195334896,72.24892055582049,70.43729197082773,,,,,,,,86.30062462551597,83.25078938554927,78.80078636002634,77.16358353234409,76.93413184158702,73.59341971984513,67.70202694010545,66.53165732043617,66.65509273104537,67.01798121941721,67.50815862855356,68.13506655418989,,81.99585768805622,"rgba(38, 166, 154, 0.5)",8.461334791012916,85.96804062457203,-0.3249208147858798,57.40066850297468,6.115398195339033,False,False,True,False,False,5.257727093728285,0.0,0.0,0.0,0.0,0,1.0447560210358315,0.9165262970756471,False,False,False,False,0.06725834547866903,0.1361648043116513,False,False,False,False,-6740262,-5908130.866551707,False,False,False,False,2281456.7896737317,False,False,False,False
2024-07-05 00:00:00+00:00,81.2818798947,84.7392409244,80.313431427,83.5674182785,1343973,,,,,,,87.48249007870075,85.51857275863509,83.9979547457519,81.90919211235567,77.90180883628541,77.19512739697902,75.19787478992836,72.31177053773877,70.50216895409064,,,,,,,,86.08438223908391,83.21858133945935,78.85989608674387,77.23302363195447,76.99211258076755,73.65311654791873,67.77463054565236,66.60242292215909,66.72417299549537,67.08344311781049,67.56920576682747,68.19091200610382,,81.94010292259495,"rgba(38, 166, 154, 0.5)",8.380005337934602,85.77084995554291,-0.5356762770212389,55.234455302544504,9.164191035585581,False,False,True,False,False,3.867140599587966,0.0,0.0,0.0,0.0,0,1.0639626264580704,0.9290531497577007,False,False,False,False,-0.0018385983777519206,0.06716310296694969,False,False,False,False,-8084235,-6069323.765325654,False,False,False,False,2212013.545994196,False,False,False,False
2024-07-12 00:00:00+00:00,80.5555435439,82.3423309669,78.2264249791,81.6111523737,2213309,,,,,,,86.83082381355602,85.16734677083889,83.81447243412771,81.85226977047587,77.96551849232476,77.2583580518875,75.26489368237912,72.3955095496557,70.59170315111464,,,,,,,80.37476649663334,85.63703585545936,83.09207078843393,78.90316507628229,77.30399536377061,77.05336816795733,73.72980895268788,67.87832308195082,66.70467720514759,66.82391156873076,67.17770289543739,67.65676119225462,68.27056070988795,,82.09414648619028,"rgba(38, 166, 154, 0.5)",8.323484266230116,84.5024932341219,-0.4741944075313976,53.37915483864941,7.357452780049499,False,True,False,False,False,3.3476920351920505,0.0,0.0,0.0,0.0,0,1.0443940667077285,0.9368465498942985,False,False,False,False,-0.10501118799309557,-0.01892404251307294,False,False,False,False,-10297544,-6382525.2641904205,False,False,False,False,2212109.5055501815,False,False,False,False
2024-07-19 00:00:00+00:00,81.7661041286,83.1703544068,79.1900312045,80.4780676665,2269303,,,,,,,86.36206748349987,84.91925274375365,83.69408598941375,81.83480000632511,78.0532726927222,77.34062585744688,75.34493902540906,72.4901239999597,70.6910513332491,,,,,,,80.88138178707082,85.32015440067102,83.01719040944278,78.97350835106366,77.39616239845739,77.13215374125735,73.81821711919312,67.99125493969949,66.81551425164903,66.93211250396647,67.28019326272404,67.75226376655523,68.35781326388371,,82.04518762624203,"rgba(38, 166, 154, 0.5)",8.211007975984122,84.37071410374884,-0.3172095293010186,52.598795938595856,6.594789292783112,False,True,False,False,False,4.141401731262793,0.0,0.0,0.0,0.0,1,1.039850775943433,0.9279700493762423,False,False,False,False,-0.07024468026423895,-0.044584361388655944,False,False,False,False,-8028241,-6504430.133509649,False,False,False,False,2216346.0606946126,False,False,False,False
2024-07-26 00:00:00+00:00,83.2865682229,84.1194339051,79.3643519287,82.0469541842,2168918,,,,,,,86.0505068974998,84.76255693547559,83.62933463002622,81.84907820674914,78.15418091284687,77.4327545881192,75.4304049698828,72.58749441134674,70.79200099675076,,,,,,,81.329870496255,85.11688926817159,82.98675620103442,79.0604287401752,77.49909844626535,77.21990656926734,73.91045766751257,68.1044305835994,66.92621220535949,67.04025267286684,67.38281508537523,67.84813206423861,68.44569966738683,,82.04387007344992,"rgba(38, 166, 154, 0.5)",8.089866324724177,84.3149558993505,-0.1271204782837441,52.71368111229885,6.594789292783112,False,True,False,False,False,5.133295865695619,0.0,0.0,0.0,0.0,1,1.055521157454757,0.935700922574951,False,False,False,False,-0.089292055221202,-0.06693820830492897,False,False,False,False,-5859323,-6456644.419916342,False,False,False,False,2212832.87101353,False,False,False,False
2024-08-02 00:00:00+00:00,80.1875331262,84.061326997,79.4708812601,83.5480493092,1906091,,,,,,,85.7497207167864,84.58931969713473,83.53833670073352,81.83148738744278,78.21793473166977,77.494439157952,75.49285678529552,72.66264466317084,70.87153322086222,,,,,,,81.30983389265549,84.9032687465185,82.9274011532636,79.1099829132713,77.5674477202835,77.27950556999387,73.98019628973248,68.19537879663483,67.01582735704643,67.12776905788373,67.46576045618342,67.92547045632018,68.51640406954866,,81.97447336597595,"rgba(38, 166, 154, 0.5)",7.9391643080426295,84.13803576327378,-0.49759678522735645,51.36774153226194,5.300342076160831,False,True,False,False,False,2.866321171485424,0.0,0.0,0.0,0.0,1,1.033093767529739,0.9447009315260759,False,False,False,False,-0.08816556207365293,-0.07755188518929096,False,False,True,False,-7765414,-6553590.3147373535,False,False,False,False,2190111.2509384537,False,False,True,False
2024-08-09 00:00:00+00:00,85.0491444341,87.6542708122,77.0497600908,78.4927483077,3653598,,,,,,,85.48230663887615,84.47403592164903,83.51879242896914,81.90594150428653,78.40966699737957,77.66783459812909,75.6494907529556,72.83603710903948,71.04956749601169,,,,,,83.2510584457,81.89064848164568,84.74543919840714,82.94719197574214,79.28292081877214,77.75976547478363,77.4445143314385,74.14625036535692,68.39257552985465,67.20835109131338,67.31602191825384,67.64481907752986,68.09326196464716,68.67084902636454,,82.59080024114276,"rgba(38, 166, 154, 0.5)",7.877694103451943,83.84236319115725,0.15318965513194419,52.43892432217731,5.300342076160831,False,True,False,False,False,5.991424575584961,0.0,0.0,0.0,0.0,1,1.0181040419205207,0.9650900597083153,False,False,False,False,-0.06096561724227214,-0.06925875121578155,False,False,False,False,-4111816,-6372718.143275327,False,False,False,False,2298517.6767948647,False,False,False,False
2024-08-16 00:00:00+00:00,88.2062864388,89.3296866614,84.5068132922,85.6302135147,1817641,,,,,,,85.57660008027834,84.59212517318096,83.64413868565633,82.04431829531813,78.57590422396353,77.81074456107777,75.7658195911889,72.95330440145192,71.16534545458788,,,,,,84.61199947619092,82.59767460994092,84.86349296519639,83.07710234653835,79.44706320511818,77.91849318476278,77.57880561926055,74.26284596965466,68.51528843174324,67.32646519080456,67.43170636754681,67.75538296079287,68.19756803453743,68.76773559210841,,82.90304190613821,"rgba(38, 166, 154, 1.0)",7.689728733079792,84.41244178290164,0.4933652132068001,54.31869556292028,5.300342076160831,False,True,True,False,True,7.917284740835644,0.0,0.0,0.0,0.0,1,1.0290505116415636,0.9526967363453339,False,False,False,False,0.1510406936751962,0.04089097122970733,False,False,False,False,-2294175,-6070603.836366043,False,False,False,False,2262897.1822174676,False,False,False,False
2024-08-23 00:00:00+00:00,88.8745158816,89.0294676364,85.4365238212,88.2740778316,1677448,,,,,,,85.67482019458942,84.70861533505789,83.7654345885854,82.17583984959835,78.7312252532157,77.9447528248119,75.87507568021884,73.06305990674564,71.27356099326943,,,,,,85.35541429083283,83.15116974318798,84.9807024433459,83.20184047996199,79.60070164099953,78.066894937214,77.70489408704545,74.37213337321376,68.62970429880345,67.43657530249601,67.53958215423916,67.85855247594012,68.29498320654642,68.85832278588717,,83.1345763819375,"rgba(38, 166, 154, 1.0)",7.466259464458447,84.79052666798904,0.5469926719064522,55.887729245338534,1.901538833188262,False,False,True,False,True,8.319193937687839,0.0,0.0,0.0,0.0,1,1.0666911485650103,0.9237074572953998,False,False,False,False,0.1659387060935791,0.10341483866164322,False,False,False,False,-616727,-5666612.959598188,False,False,False,False,2219530.5761272847,False,False,False,False
2024-08-30 00:00:00+00:00,91.7573364857,91.8838044007,89.0585210904,89.3587401154,1376452,,,,,,,85.85918451334375,84.88884518772403,83.93308623503373,82.33695398805266,78.89742241430693,78.08608837052094,75.98636096441228,73.17075020816866,71.37789599079123,,,,,,86.25061388788941,83.77552656923635,85.16965752084077,83.3658089098065,79.76909733021368,78.22342522014225,77.8373757702688,74.48105987487646,68.73770942639142,67.53976642324959,67.64076286784173,67.95555230813939,68.38688029179916,68.94416262192132,,83.42461965564476,"rgba(0, 255, 255, 0.75)",7.281033978506617,85.26374562282757,0.8918500973956858,57.950296307897844,3.8790610474795315,False,False,True,False,True,10.032670857009318,0.0,0.0,0.0,0.0,1,1.1033561410216073,0.8864857501337073,False,False,False,False,0.32488456294337936,0.21414970080251128,False,False,False,False,759725,-5190587.925553878,False,False,False,False,2157080.3112289673,False,True,False,False
2024-09-06 00:00:00+00:00,89.5781970272,92.21456664,89.1015102707,90.9401591888,1078271,,,,,,90.29809131263336,85.97857961422078,85.00944814673616,84.0481373494795,82.45048633632092,79.01810818667099,78.18957098745284,76.06892199472288,73.25137462373415,71.45636146807533,,,,,,86.70506470590678,84.16278940736638,85.29477598083204,83.47958107909132,79.89060301826837,78.3377084144532,77.93461780148223,74.5623008513372,68.81931072374078,67.61790517724401,67.71737961433911,68.02899233837088,68.45643898451382,69.0091109799356,,84.73175569508555,"rgba(0, 255, 255, 0.75)",7.248922484190367,86.78613126003184,0.3851697646453746,58.30042425354246,4.208541960085519,False,False,True,False,True,8.380021376371744,0.0,0.0,0.0,0.0,1,1.1005592597358245,0.9001135012785776,False,False,False,False,0.3344835533278101,0.2743166270651607,False,False,False,False,-318546,-4829695.9310684055,False,False,False,False,2077168.5103971919,False,False,False,False
2024-09-13 00:00:00+00:00,90.3564611195,90.385646023,85.4339407355,89.4322725099,1150465,,,,,,89.48624789645443,86.05520809127206,85.09578985160921,84.13663436791714,82.54453138602555,79.12652318097125,78.28397353484895,76.14634583014323,73.32870465829637,71.53243751293346,,,,,,86.92119765399356,84.43459980768141,85.38180990525076,83.56985771355,79.9980599882132,78.4415582872285,78.02372366431919,74.63949401931428,68.89937166874796,67.69494571074422,67.79290283125628,68.10132247289049,68.524860453624,69.0728863313216,,84.76239366619673,"rgba(0, 255, 255, 0.75)",7.20821033585538,86.72431336235036,0.5038903677772079,58.8220653067912,4.74978354439979,True,False,True,False,True,8.848565066088764,0.0,0.0,0.0,0.0,1,1.0418072199123607,0.9269395954341652,False,False,False,False,0.19823185853811312,0.2362742428016369,False,False,False,False,831919,-4410317.0472855605,False,False,False,False,2008523.805923326,False,False,False,False
2024-09-20 00:00:00+00:00,90.9888006946,91.45575915,88.8874876453,90.3661894207,1714396,,,,,,89.90266649825159,86.23037931056996,85.27477658204765,84.30959717882004,82.71710536355576,79.31179655925605,78.44419823534048,76.27550507312762,73.455221000729,71.65577776477957,,,,,,87.40558762190615,84.92459180378515,85.56621939562686,83.74173813684926,80.18402246530061,78.61774557705267,78.17470157739413,74.7668232604837,69.02772814817618,67.81800921487624,67.91360172966208,68.2170782647164,68.63456998465726,69.175405634779,,85.02566843567129,"rgba(0, 255, 255, 0.75)",7.2241438943325,87.11580630862822,0.5361181120727991,59.42096983299761,5.394571538463694,True,False,True,False,True,9.232057810583708,0.0,0.0,0.0,0.0,1,1.0657555017681553,0.9361444693074444,False,False,False,False,0.30961754877408343,0.27294589578786016,False,False,False,False,2546315,-3895010.9697088525,False,False,False,False,1986736.5610401165,False,False,False,False
2024-09-27 00:00:00+00:00,91.2417365246,91.9713591111,88.7707480314,90.9596157911,1470618,,,,,,90.10874037834371,86.37706126547519,85.42509591030166,84.45557391788469,82.86323922595567,79.46896719821373,78.5807412422316,76.38612410453406,73.56363537765866,71.76151361261995,,,,,,87.74907852791179,85.2996045821839,85.7206090622898,83.88703512095638,80.34161352729943,78.76751138008831,78.30355880239522,74.8759145805184,69.13772524626759,67.92352125922427,68.01710617344078,68.3163839926354,68.72873688863012,69.26345708581847,,85.22276515186022,"rgba(0, 255, 255, 0.75)",7.266828167660687,87.38362118847866,0.5309215034546957,59.9430170887202,5.986111338319439,True,False,True,False,True,9.387310680478766,0.0,0.0,0.0,0.0,1,1.0437336463654137,0.9500805304902731,False,False,False,False,0.3197661887342184,0.2963560422610393,False,False,False,False,4016933,-3308941.046026715,False,False,False,False,1948505.5565186264,False,False,False,False
2024-10-04 00:00:00+00:00,90.0548837838,93.1582118519,88.7804763326,91.2222799223,1619973,,,,,90.66452398943333,90.23674576664344,86.5279085849241,85.58135672615202,84.6088812464431,83.01817930874665,79.63718574289891,78.7277010547492,76.50605217128555,73.68151210019637,71.8766541666173,,,,,,88.05263176532962,85.65998153212806,85.8803028122467,84.04025842247702,80.50986434477042,78.92827795574851,78.44249534231382,74.99438914134988,69.2576241055794,68.03864294090829,68.1300538095087,68.42477863605906,68.83155493122493,69.35963395962561,,86.4270770154524,"rgba(0, 255, 255, 0.75)",7.1801098711357545,88.65347076338361,0.19517988520622853,59.60348579996145,5.986111338319439,True,False,True,False,True,8.444158592840932,0.0,0.0,0.0,0.0,1,1.0644621018847265,0.9347971523416642,False,False,False,False,0.3428282492886148,0.31959214577482703,False,False,False,False,2396960,-2886281.7092839954,False,False,False,False,1924169.8115913207,False,False,False,False
2024-10-11 00:00:00+00:00,88.1384084564,90.2105366022,86.5526953683,90.2105366022,1226443,,,,,89.64595071513222,89.94926514479516,86.57390036831448,85.641397802701,84.67662406643645,83.09642930747025,79.73462675438229,78.81503758298689,76.58057808978299,73.75740605319409,71.95204436931715,,,,,,88.0707460426611,85.78776878131238,85.93807556402152,84.11194935343843,80.60482505888463,79.02319007885356,78.52567454992996,75.0695537259241,69.33758568210773,68.11600109296718,68.2059251713225,68.49749600084813,68.90039808556554,69.42385844461127,,86.34921071462828,"rgba(38, 166, 154, 1.0)",7.132571843707574,88.36343267097521,-0.03154881850559031,58.256384923516286,5.986111338319439,True,False,True,False,True,6.935274716811243,0.0,0.0,0.0,0.0,1,1.0808815095457316,0.928350331346583,False,False,False,False,0.21503454798805094,0.267313346881439,False,False,False,False,1170517,-2585778.1011888846,False,False,False,False,1872486.3440660378,False,False,False,False
2024-10-18 00:00:00+00:00,88.994498958,90.0256988803,87.5644386883,88.2454197691,864071,,,,,89.4632841834928,89.84625740907585,86.61496650950032,85.6907245730087,84.73003763166652,83.15597588387759,79.80638201157817,78.87920129263786,76.63500749183525,73.81244891014006,72.00655352117673,,,,,,88.10946168255475,85.88911428574977,85.98642835081944,84.16759938096544,80.67512654347918,79.09288705498206,78.58675451147668,75.12422568876882,69.39517405532285,68.1716537770714,68.26052009519023,68.54985151336517,68.95000294968958,69.47018287771509,,86.36538498907112,"rgba(38, 166, 154, 1.0)",7.095837629971872,88.32702939021829,0.09406494378653846,57.68767843986807,5.986111338319439,True,False,True,False,True,7.491700717141079,0.0,0.0,0.0,0.0,1,1.1022527141142267,0.8949357273879815,False,False,False,False,0.21921081763841568,0.24326208225992735,False,False,False,False,2034588,-2243528.7603600784,False,False,False,False,1797788.9111722573,False,False,False,False
2024-10-25 00:00:00+00:00,87.0877519317,88.936129151,86.1927482256,88.7902046337,1130730,,,,,88.98267164903929,89.57714012302579,86.63311182707874,85.72442341728505,84.77399035824043,83.21264835857636,79.88376747726392,78.94987078366535,76.69711387524998,73.8769647902057,72.07123979929273,,,,,,88.06707950134003,85.95183608980705,86.01649260238072,84.2164960318774,80.7492910581907,79.16924129617692,78.6544289267061,75.18760464680355,69.46442503071484,68.23893841960407,68.32651035844852,68.61307690586692,69.00982550794396,69.52594416426534,,86.3155889958651,"rgba(38, 166, 154, 1.0)",7.052696090857924,88.14468184080305,-0.1498618252490839,56.18974748561305,5.986111338319439,False,False,True,False,False,5.987007393143703,0.0,0.0,0.0,0.0,1,1.0795359170892012,0.9235271836068207,False,False,False,False,0.1279152122020044,0.18558864723096588,False,False,False,False,903858,-2010389.0003334058,False,False,False,False,1748377.1399743122,False,False,False,False
2024-11-01 00:00:00+00:00,88.6637367187,89.0262132197,86.6791632833,88.1870499622,1047124,,,,,88.82980290438346,89.44241943256858,86.66412101016226,85.76729445537684,84.8241764335395,83.27255182042283,79.96074169619394,79.01974340049951,76.75780378868645,73.93930639749527,72.13344069755703,,,,,,88.07003479137762,86.03193224241149,86.0570252546409,84.27037386704473,80.82377665669736,79.24476116437584,78.7212426326675,75.24912938172919,69.53062810556578,68.3031464434751,68.38949985265339,68.6734715166495,69.06702726937766,69.57933397256515,,86.32297322119283,"rgba(38, 166, 154, 1.0)",7.061109512811706,88.09354734268528,0.08075067735178956,55.890556843008596,9.515594195793462,False,False,True,False,False,7.032620764371931,0.0,0.0,0.0,0.0,1,1.0697632162600834,0.9328390257287144,False,False,False,False,0.138363439426853,0.16197604332890944,False,False,False,False,1950982,-1716954.1114198202,False,False,False,False,1696432.4629391779,False,False,False,False
2024-11-08 00:00:00+00:00,90.1035252895,91.1249969107,85.8522576852,88.4983555991,1519754,,,,,88.87024239229099,89.39317169552254,86.73340047585688,85.84971304326533,84.91363594561693,83.3726640522397,80.082026728512,79.12916420839852,76.85166339605101,74.03452661598749,72.22791893502006,,,,,,88.13815870981891,86.18413805480009,86.13770965800778,84.36371603470289,80.9423041296772,79.36305990458163,78.82571616435841,75.3435868000842,69.63051199644005,68.39981760251106,68.48436547844894,68.76450649362246,69.15335034939885,69.66002932379743,,86.3956550062122,"rgba(0, 255, 255, 0.75)",7.083844688705043,88.14642771310814,0.27627618368206,56.35106259377325,9.515594195793462,False,False,True,False,False,7.979229073962198,0.0,0.0,0.0,0.0,1,1.0438638645849927,1.017994640830634,False,False,False,False,0.178645000412399,0.1703105218706542,False,False,False,False,3470736,-1332680.7698331669,False,False,False,False,1683345.1693881277,False,False,False,False
2024-11-15 00:00:00+00:00,85.8230727817,93.0803854427,84.7140464501,90.638581853,2261844,,,,,88.63686614046364,89.16514268841709,86.78103021736865,85.92307205323249,85.0044938296818,83.48623656029818,80.23410741083227,79.26916939007792,76.97572930045776,74.16329525183515,72.35706048293088,,,,,,88.11270742377788,86.30285849111273,86.20512677056556,84.46328622782568,81.08819666916223,79.51350860047876,78.96018126876504,75.47013333462209,69.76855231785095,68.53407506529099,68.61610548894559,68.89086172423166,69.2730678537917,69.77181011650043,,86.40808204027437,"rgba(38, 166, 154, 0.5)",7.029152461854972,88.05439368594283,-0.31743811453109133,54.32211736666361,7.856786742273705,False,False,True,False,False,4.6154160877995345,0.0,0.0,0.0,0.0,1,0.9623828521686772,0.9969967984100273,False,False,False,False,0.20482368965132303,0.18756710576098862,False,False,False,False,1208892,-1144416.1202158954,False,False,False,False,1726196.9346186367,False,False,False,False
2024-11-22 00:00:00+00:00,87.9924839391,89.4128159076,83.1186050609,85.2782879171,2245769,,,,,88.29845376060973,88.8639901540017,86.78343271930294,85.95498694420975,85.05883891416762,83.56825859456227,80.35973713473247,79.38767447171136,77.08478169143872,74.2793590539582,72.47480893252757,,,,,86.84130163586666,88.00227121373322,86.337997723427,86.22876197747854,84.52845241078086,81.20598658521462,79.6399255451168,79.07479677009053,75.58303768158956,69.89587003070187,68.65854793738916,68.73823935775597,69.0079500270716,69.38392226683828,69.87520112047139,,86.68984874535779,"rgba(38, 166, 154, 1.0)",7.019279512140118,88.00150419105285,-0.0012850680667790225,53.92120033776777,7.416677232784487,False,False,False,False,False,6.060707363119395,0.0,0.0,0.0,0.0,1,0.9551202405018181,1.0244922653473445,False,False,False,False,0.03948160974592984,0.11352435775345923,False,False,False,False,3454661,-803743.7409406439,False,False,False,False,1764683.7542765157,False,False,False,False
2024-11-29 00:00:00+00:00,89.9117106514,91.2171172171,88.0703103483,88.9069442476,1249052,,,,,88.43456565296931,88.92241766152628,86.84740762947203,86.02663608370837,85.13451027769834,83.65095712489331,80.45782494526115,79.47694671324103,77.1620670886825,74.35764570178114,72.5524894512766,,,,,87.87481355873031,88.08203271738172,86.45691081682537,86.2997058962426,84.60658650679005,81.30199361682524,79.73584921272871,79.16031486656416,75.66074930783095,69.97780760027045,68.73794156235624,68.81620002360708,69.08286656209158,69.45508695724192,69.94187398582126,,86.86855868013444,"rgba(38, 166, 154, 1.0)",7.024036470154799,88.3284573976519,0.22540504458872843,54.49754627357912,7.416677232784487,False,False,True,False,False,7.315367906683697,0.0,0.0,0.0,0.0,1,1.0268796265077873,0.9825348266437649,False,False,False,False,0.253405385484835,0.1834648716191471,False,False,False,False,4703713,-395783.98235244816,False,False,False,False,1726488.8095152923,False,False,False,False
2024-12-06 00:00:00+00:00,92.7767602676,94.1066126492,88.3471784378,89.491242619,1964094,,,,,88.8641482055639,89.19214512724855,87.00888532898453,86.19218309248187,85.2985783770627,83.81813607129959,80.64052715756829,79.64116513509435,77.30083723425466,74.4950460832792,72.6873648214968,,,,,89.26675636218725,88.32943753112116,86.7328786909672,86.4676600082804,84.77118045472852,81.48364037138815,79.91265579520622,79.31709819906196,75.79845040180311,70.11826549338852,68.87342247141464,68.94929759629642,69.21094430446146,69.57698545279911,70.05637283537853,,87.21238531786261,"rgba(0, 255, 255, 0.75)",7.130591569168897,88.9131218065302,0.5418398212253969,56.0804474058682,7.416677232784487,False,False,True,False,True,9.141168036823881,0.0,0.0,0.0,0.0,1,1.0341746640512484,0.9498313297531097,False,False,False,False,0.34282824764677244,0.26314655963295974,False,False,False,False,6667807,127444.97930328874,False,False,False,False,1744089.193995641,False,True,False,False
2024-12-13 00:00:00+00:00,88.4742966801,94.4781890499,87.2911191936,92.7376469622,1922686,,,,90.0812016412,89.00137989266955,89.26823479769497,87.10497431862719,86.29938649631512,85.41204611091786,83.94228234129831,80.78780458632346,79.77621441450361,77.41880338104437,74.61470074994514,72.80621456382241,,,,,89.47889496676963,88.43811922538718,86.89566228358153,86.57359621381046,84.8884132468123,81.62760356203492,80.05714302157722,79.44680645044915,75.91716652028357,70.24358219932736,68.99498222623217,69.06870756837671,69.32578053650643,69.68617704360872,70.15879637069138,90.0812016412,87.85534959469734,"rgba(38, 166, 154, 1.0)",7.145306485854675,89.45742782458353,-0.13759117910894492,54.97766583345808,7.416677232784487,False,False,True,False,True,5.801217418101189,-1.0,94.47819,87.29112,0.0,1,1.0098933475578384,0.9550105238588802,False,True,False,False,0.319834910327869,0.29149073498041433,False,False,False,False,4745121,469495.0549104525,False,False,False,False,1757318.587033001,False,False,False,False
2024-12-20 00:00:00+00:00,83.5362418809,89.4765751295,83.0473255641,88.2005035428,2132672,,,,87.59488822448235,88.59583884689131,88.9288123942893,87.04624623545894,86.27131937594093,85.41054185507582,83.97264043245261,80.86546392416577,79.85510630788364,77.4992170384718,74.7053730637445,72.90059566775311,,,,,88.55414029292093,88.23950451406843,86.81674857349506,86.53516661891663,84.89952759554778,81.69554213803775,80.13932227896298,79.5247131386257,76.00337016473927,70.3480651414925,69.09832941658874,69.17014146942182,69.42300884959904,69.7781786515607,70.24451564783463,87.59488822448235,87.39932069315397,#000000,7.105296067858884,88.41841993964597,-0.6871181738408796,52.13079060501211,5.668376233631825,False,True,False,False,False,2.2117696225985313,0.0,0.0,0.0,0.0,1,0.9726389249163893,0.9943140691966064,False,False,False,False,0.030547894399136438,0.16101931468977537,False,False,False,False,2612449,628232.3841763448,False,False,False,False,1785122.5435490748,False,False,False,False
2024-12-27 00:00:00+00:00,82.3823993734,83.5264635546,82.1574978677,82.9984339325,931823,,,,86.67821445131109,88.3222100310445,88.70105492408575,86.98333341186371,86.22547247980843,85.38038676623077,83.96068463177762,80.87891494660732,79.87251247338864,77.52209555650518,74.7347172817952,72.93266029432957,,,,,88.03093323404204,88.08762379603867,86.72648103371878,86.48295641306636,84.87667707030977,81.70339302598204,80.15649023843864,79.5428432040908,76.02994898099111,70.38523804413023,69.13574083388015,69.20683303768656,69.45807731354122,69.81121919078541,70.2751140906919,86.67821445131109,87.16186665412101,#000000,7.057905329001327,87.93310316012085,-0.7864520035303808,49.66777621036931,3.3632465567727508,False,True,False,False,False,1.4025209803596077,0.0,0.0,0.0,0.0,1,1.0024144545981215,1.0269305273597502,False,False,False,False,-0.17758114030099778,-0.008280912805611204,False,False,False,False,1680626,706187.466829949,False,False,False,False,1721915.169952847,False,False,False,False
2025-01-03 00:00:00+00:00,82.108606236,83.6340251443,80.3191725166,82.020601299,1258740,,,,85.73956601509455,87.9511143364505,88.38715357281382,86.88839529014338,86.15401765351132,85.33084469824689,83.93658241280838,80.89018003518107,79.89018986971566,77.54872663497538,74.77071440015136,72.97269846945315,,,,82.02060129896667,87.38458114333724,87.87136745124351,86.59146153161572,86.40260771034555,84.83734843681694,81.70674420049474,80.17329418894403,79.56187438211377,76.06194955434741,70.43239056374583,69.18347622268205,69.25364137329058,69.5027781279246,69.85328196722313,70.31399741492217,85.73956601509455,86.53908660035223,#000000,7.004110731455637,85.77396569846223,-0.5233154647314487,47.80381302989463,1.6643576256208945,False,True,False,False,False,1.20912146709464,0.0,0.0,0.0,0.0,1,0.997209119943529,1.0071729884718934,False,False,False,False,-0.2320085099941695,-0.12014471139989036,False,False,False,False,421886,685128.0989166194,False,False,False,False,1687605.898104488,False,False,False,False
2025-01-10 00:00:00+00:00,81.7272515089,83.7269192444,81.3556751082,82.1183845623,1529172,,,,85.05717652206508,87.5718137931777,88.05682097086036,86.78349940789067,86.07545579987695,85.27697797531557,83.91180296785537,80.90652332388754,79.91374573438156,77.58243851679565,74.81545726640094,73.0221939312382,,,,82.15736850767475,86.79359216673906,87.63887902835864,86.4459049232028,86.31414359680288,84.7951061030347,81.71388095057318,80.19600625266749,79.58690975336926,76.10197594133362,70.49038342307367,69.24211074530905,69.31114978662086,69.55772970974154,69.90503260718468,70.36188838972637,85.05717652206508,86.2894654716649,#000000,6.918525335991975,85.39498774741415,-0.5301326598362849,46.319448083556814,0.3272328501154931,False,True,False,False,False,0.9359247513666311,0.0,0.0,0.0,0.0,0,1.0244620334357573,0.9855246539800536,False,False,False,False,-0.24539464904291192,-0.18276968022140114,False,False,False,False,-1107286,552356.6841820551,False,False,False,False,1675870.0538004518,False,False,False,False
2025-01-17 00:00:00+00:00,83.6340251443,84.2793946824,80.6907489174,81.0232120128,1654662,,,,84.67304627362597,87.25489320263596,87.7703686494464,86.68958070069381,86.00676032822183,85.23196317786822,83.89527695402157,80.93134612449083,79.94505323066868,77.62296459817551,74.86711093145202,73.07858664346045,,,,82.42206820605618,86.35732518558376,87.43382416574553,86.32009225137524,86.23612968461678,84.7613978434115,81.72949245508428,80.22696378276864,79.61940719881783,76.14885354961933,70.55565260970768,69.30785380758171,69.37565366694639,69.61943313063094,69.96323163971495,70.41586038111944,84.67304627362597,86.11640886480015,#000000,6.861881266318125,85.17683321697547,-0.2248374771869659,46.281291938104964,0.3272328501154931,False,True,False,False,False,2.266221703343117,0.0,0.0,0.0,0.0,0,1.010265886128752,0.9878911444769825,False,False,False,False,-0.285824299866855,-0.23429699004412807,False,False,False,False,547376,551987.7446130139,False,False,False,False,1674299.0868522702,False,False,False,False
2025-01-24 00:00:00+00:00,82.1574978677,85.1301090735,82.0988279096,84.328286314,1626706,,,,84.44584737323191,86.99856931759,87.53142333020574,86.6075469911298,85.94741202174251,85.1940232115135,83.88352913641621,80.95834883098081,79.97788021002614,77.66415551637763,74.9188840317029,73.13486044089491,,,,82.61149162150815,86.0393280420004,87.25929136396763,86.21345542426923,86.16847908862688,84.73379750711425,81.74785583135281,80.25964344089222,79.65324861609851,76.19607429284024,70.62049631111604,69.37310163686402,69.4396862054051,69.68072190059479,70.02108606278503,70.4695699485881,84.44584737323191,85.98228445742723,#000000,6.826271526965741,85.02380908858262,-0.4198941119701826,45.60515712042904,-0.32136100686226143,False,True,False,True,False,1.184970619133182,0.0,0.0,0.0,0.0,0,1.021407973561997,0.9885810784028422,False,False,False,False,-0.20383189567480817,-0.21906444285946813,False,False,False,False,-1079330,431149.3931601981,False,False,False,False,1670773.6730113612,False,False,False,False
2025-01-31 00:00:00+00:00,82.6855274897,85.2963406212,82.28461611,82.6366358581,1672628,,,83.42216140696667,84.31133297001088,86.78383702343856,87.32484332382785,86.53383587442912,85.8949786725511,85.16175576088126,83.87637081660594,80.98909069917615,80.01401284484139,77.70811086254112,74.97332451042153,73.19374873519195,,,,82.7866356534331,85.79864488653028,87.10573687912728,86.12073678169808,86.10834619589889,84.71138670714033,81.77014735647212,80.29584490261843,79.69025158405726,76.24599295339758,70.68802420553725,69.44096922663881,69.50630526729879,69.74452574703838,70.0813654194201,70.52559338200057,84.31133297001088,85.62961109953606,#000000,6.810598206505869,84.07969372923523,-0.2047054013850724,45.41853462048378,-0.5510887925817798,False,True,False,True,False,1.559995697487775,0.0,0.0,0.0,0.0,0,1.021256588402925,0.9852614689141411,False,False,False,False,-0.20333824910643802,-0.2112013459829531,False,False,False,False,593298,443160.4010742575,False,False,False,False,1670911.0305660751,False,False,False,False
2025-02-07 00:00:00+00:00,76.3882853299,82.5877442264,74.2566101889,81.7468081616,4273674,,,79.34135632531857,82.66067602624616,85.58151953356047,86.23430957949198,86.04315863309053,85.48434595555784,84.83196003003458,83.64254362914069,80.88883858817574,79.95476085610551,77.7088015606297,75.01792194487224,73.25934502029172,,,,80.99315868915393,84.26616743419325,86.23732661810205,85.46542361610769,85.66520423951982,84.41994937154941,81.63769926447242,80.22333570283817,79.64262890683673,76.2719789095842,70.78186134179637,69.54220578077191,69.60538354408777,69.83831815933226,70.16843337253539,70.60449684118649,82.66067602624616,84.24883006947846,"rgba(239, 83, 80, 0.5)",6.834003767954683,81.81533961872799,-0.794125153146093,42.83045978916819,-3.0936054001515814,False,True,False,True,False,0.0,0.0,0.0,0.0,0.0,0,0.9691966791337431,1.0420436781367886,False,False,False,False,-0.34282825441539394,-0.2770148001991735,False,False,False,False,-3680376,137713.26025394216,False,False,False,False,1863708.2875611808,False,False,False,False
2025-02-14 00:00:00+00:00,76.3002803929,77.1412164577,73.063654376,76.8087533623,2865570,,,78.09272776546125,81.6281536701736,84.75618521370073,85.47325335598573,85.66281516647655,85.15814786287507,84.56185696053834,83.43959061430958,80.77950421275798,79.8781577995403,77.68084748073221,75.02308729937181,73.28081161789409,,,,79.9357062590771,83.27454189263163,85.608677099148,84.96881790032855,85.31653485469407,84.17663728408853,81.5052661060302,80.13505241558346,79.5757791717407,76.26312389220492,70.82357588518741,69.59053099797381,69.65255343920323,69.88249357261778,70.20875854707275,70.64012798393054,81.6281536701736,83.47174131776771,#000000,6.847931001525033,80.7327823968359,-0.6472760900991521,40.95218875210728,-4.8979644562347175,False,True,False,True,False,0.0,0.0,0.0,0.0,0.0,0,0.8888507198065773,1.1083113208284654,False,False,False,False,-0.34282825441539394,-0.30992152730728373,False,False,False,False,-6545946,-357372.6108759795,False,False,False,False,1937920.2662603527,False,False,False,False
2025-02-21 00:00:00+00:00,77.9258734838,78.7914979305,75.6683642735,76.2929910049,1709428,,,77.99023716922167,81.29809670348202,84.41649071860647,85.14811820083277,85.49002102490918,85.0109944105555,84.44132689824258,83.3519938361005,80.73981830690032,79.85361432356697,77.67920570666277,75.03852212408461,73.3045533725774,,,,79.68081623409907,82.9070310170345,85.3337008930113,84.75206388071757,85.15901398151536,84.06910431174454,81.45386904234371,80.10556532644824,79.55561600213231,76.27128905858062,70.85839150128153,69.6284239238106,69.68964459686423,69.91759808977828,70.24132674693634,70.66960862855726,81.29809670348202,83.217558982343,#000000,6.833210982342114,80.46904528095932,-0.37217814636942964,40.584176050736744,-5.254103958682606,False,True,False,True,False,0.0,0.0,0.0,0.0,0.0,0,0.9039497959945247,1.090636452863784,False,False,False,False,-0.24787297887130322,-0.2788972530892935,False,False,False,False,-4836518,-689161.1582184995,False,False,False,False,1920994.9132040301,False,False,False,False
2025-02-28 00:00:00+00:00,76.1749513076,78.9685574764,75.7126291599,77.817670428,1917199,,,77.83021632528445,80.94345706593778,84.0459725200174,84.79129779488989,85.29291716949096,84.84180537289028,84.30139850331142,83.24851090235559,80.68967353223003,79.82093113031873,77.6731410538321,75.0520086363851,73.32763550810925,,,,79.39814614170731,82.51271794648608,85.02798411099805,84.50739589569928,84.97848291574024,83.9435304722,81.39059092891837,80.06702796001566,79.52805814918852,76.27644996649114,70.89402528884337,69.66775275246167,69.72812542169862,69.95394968063378,70.27495240082436,70.69991149480553,80.94345706593778,82.93285878862514,#000000,6.825529603812801,80.1711343698539,-0.5854758962618231,39.66279380029195,-6.18103457423387,False,True,False,True,False,0.0,0.0,0.0,0.0,0.0,0,0.872665249282621,1.1164512180215733,False,False,False,False,-0.24306493332709836,-0.2609810932081959,False,False,False,False,-6753717,-1138387.516868981,False,False,False,False,1920713.7344481759,False,False,False,False
2025-03-07 00:00:00+00:00,74.0010535495,76.5290703994,71.9255222057,75.9978917617,2118225,,,77.29496267775933,80.38178994078771,83.53156749029847,84.30302369317381,85.01581980044452,84.5994711105268,84.09612061950315,83.08885404026537,80.595425674772,79.75124676809165,77.64098998407465,75.04505350240966,73.33335842817436,,,,78.85937150788058,81.94274901572227,84.60666662192928,84.16052980437642,84.7215986845773,83.75630081957436,81.27989328633807,79.98822684379742,79.4659133032194,76.25880231015299,70.9149386655545,69.69420112554828,69.75387233699782,69.97778171872586,70.29629743252427,70.71821015246515,80.38178994078771,82.48180792369497,"rgba(239, 83, 80, 0.5)",6.835393085587205,79.61971828553747,-0.8219958480346553,38.23877286853448,-7.59636750996853,False,True,False,True,False,0.0,0.0,0.0,0.0,0.0,0,0.8393329718662611,1.1402275926607852,False,False,False,False,-0.34282825441539394,-0.3019046738117949,False,False,False,False,-8871942,-1711243.404508316,False,False,False,False,1935344.1985631257,False,False,False,False
2025-03-14 00:00:00+00:00,70.4893725556,75.7027925185,68.708940455,73.8141573621,2154575,,,76.56506064782258,79.70300231394206,82.93397151507871,83.73798957077999,84.68562450755796,84.30723921979478,83.84490604563,82.88793888426002,80.46591678577028,79.65100631598175,77.58571219527659,75.0184512773843,73.32143901462936,,,,78.17597152853246,81.27426156363457,84.11487497563226,83.74779542644991,84.41317494765802,83.52502066420898,81.13214608402056,79.87653208611532,79.37489493244215,76.22005217939406,70.91960140343454,69.70576764174295,69.76493547966983,69.9872889494153,70.30374536686028,70.7231199174237,79.70300231394206,81.93517269970886,"rgba(239, 83, 80, 1.0)",6.868730491673276,78.92957401348292,-1.2287862317665084,36.127075493391,-9.65100561953978,False,True,False,True,False,0.0,0.0,0.0,0.0,0.0,0,0.8463357600644162,1.1286414978408434,False,False,False,False,-0.34282825441539394,-0.32236646411359443,False,False,False,False,-11026517,-2401263.670841033,False,False,False,False,1951583.5171880792,False,False,False,False
2025-03-21 00:00:00+00:00,68.5318809091,71.8202701423,67.6170732552,70.7254519501,2216193,,,75.71710686656932,78.93579450895707,82.26532826056612,83.10572338886703,84.30537344418194,83.9677278142113,83.54992293630164,82.64755351788823,80.30270863577105,79.5214686523588,77.50824004425832,74.97313124379355,73.29280379411576,,,,77.39108107033674,80.52697055670315,83.5597430099791,83.27496170519976,84.05605468615403,83.25168495146282,80.94898370804057,79.73337259560115,79.25616100826846,76.16112303631573,70.90901888522325,69.70343443594633,69.76227677359827,69.98338942586263,70.29815987308068,70.715439140366,78.93579450895707,81.31381374975142,"rgba(239, 83, 80, 1.0)",6.936745631311699,78.14273825064157,-1.3854994621914969,34.07322143205206,-11.614821019305964,False,True,False,True,False,0.0,0.0,0.0,0.0,0.0,0,0.8082969881794049,1.1706499127886831,False,False,False,False,-0.34282825441539394,-0.3325973592644942,False,False,False,False,-13242710,-3204333.769297253,False,False,False,False,1971184.219618592,False,False,False,False
2025-03-28 00:00:00+00:00,69.8598275034,70.7943084402,67.8826625741,69.0728961883,1558222,,,75.24514287859749,78.47026069046208,81.83953730761999,82.69904749435095,84.05232993643588,83.74104878963752,83.35225633418071,82.48590337953107,80.19271761522151,79.43397212560696,77.45587199974405,74.9427484339294,73.27386239283207,,,,76.92875964380457,80.06310977057879,83.19859605293246,82.9649125800133,83.81801211690613,83.06824198588862,80.8256070087244,79.63680698864404,79.17590225097491,76.12141861739218,70.90253948516506,69.70261845032985,69.76122352316372,69.9814526887269,70.2950252287466,70.7108159587962,78.47026069046208,80.92797084717017,"rgba(239, 83, 80, 1.0)",6.988456153281967,77.67681824586073,-1.118557599991475,33.48023280766524,-12.173819064727518,False,True,False,True,False,0.0,0.0,0.0,0.0,0.0,0,0.811200463971353,1.184778363435949,False,False,False,False,-0.34282825441539394,-0.3377128068399441,False,False,False,False,-11684488,-3832493.341941901,False,False,False,False,1940594.4255727704,False,False,False,False
2025-04-04 00:00:00+00:00,61.4986822798,70.8631649303,60.9330753971,68.9942030567,2531850,,,74.05569619940805,77.42712946088764,80.94377300492641,81.8522296970785,83.52174759774233,83.26128213889226,82.9290442254027,82.13196603508003,79.93592743871577,79.22386849334372,77.31873375388533,74.84857787067045,73.20246088547287,,,,75.84095409948976,79.06200703098256,82.44608124399853,82.31046538547221,83.31580429891626,82.67252273984717,80.54319840762017,79.40692326369161,78.98117905361592,76.0090841159543,70.8541303510906,69.66631358062754,69.72498984768286,69.94462861702766,70.25727010088855,70.6718557683721,77.42712946088764,80.07758880189023,"rgba(255, 26, 202, 1.0)",7.273958002965791,76.596446697692,-2.0755913646650463,30.99916382128134,-14.561085993392126,False,True,False,True,False,0.0,0.0,0.0,0.0,0.0,0,0.7611718528210845,1.1855573645121955,False,False,False,False,-0.34282825441539394,-0.340270530627669,False,False,False,False,-14216338,-4601667.020316575,False,False,False,False,1984391.1347896024,False,False,False,False
2025-04-11 00:00:00+00:00,60.6133845503,63.2791143804,56.9836638591,59.757596745,2960377,,,72.48722820481261,76.05742238398365,79.7717435370328,80.74369259339127,82.80976112170865,82.61282781628303,82.35209423576549,81.64256602524647,79.56870173120245,78.91885287485556,77.11165703292451,74.69767148843754,73.08170350806239,,,,74.40461721865825,77.75436290273923,81.45391568067016,81.4374007972076,82.63892276443855,82.13033711498204,80.14335322777988,79.07488573906711,78.69697022885677,75.83444807948031,70.7625423261207,69.59142145468525,69.6505961023136,69.87031825080616,70.18280276972735,70.59709440465653,76.05742238398365,78.95590672046427,"rgba(255, 26, 202, 1.0)",7.60853460134304,75.17590767754842,-1.913972123446463,29.050591627878617,-16.400649541172534,False,True,False,True,False,0.0,0.0,0.0,0.0,0.0,0,0.7521339426986442,1.2198890510014435,False,False,False,False,-0.34282825441539394,-0.3415493925215315,False,False,False,False,-17176715,-5533152.05584868,False,False,False,False,2056686.3840644467,False,False,False,False
2025-04-18 00:00:00+00:00,58.8329524497,62.3346984358,57.5836989869,61.5773754114,1672605,,,71.7066878682709,75.34556442205303,79.14453181197746,80.14635246741035,82.41440150339191,82.25126592108526,82.02888230283662,81.36677696885702,79.35982422379509,78.74443679126075,76.99203727968509,74.60966065213682,73.01074607338569,,,,73.66945918635092,77.06622596512865,80.91418528275709,80.95854144264484,82.26222231980427,81.82589743262042,79.91653144956578,78.8854521138363,78.5341484307024,75.73306558247872,70.70804103207459,69.54645162552333,69.60593833141482,69.82576937013566,70.13824110798679,70.55245805255946,75.34556442205303,78.36281722697895,"rgba(255, 26, 202, 1.0)",7.992634759987361,74.44698436045087,-1.9535525367576734,27.307027436895233,-18.036477177890507,False,True,False,True,False,0.0,0.0,0.0,0.0,0.0,0,0.7534001104699628,1.2219697202844995,False,False,False,False,-0.34282825441539394,-0.3421888234684627,False,False,False,False,-18849320,-6519534.866526555,False,False,False,False,2028235.9111707842,False,False,False,False
2025-04-25 00:00:00+00:00,61.6855784672,63.918496074,56.7180745402,58.0952043418,2518134,,,70.79415712788607,74.4555001122981,78.32366124870728,79.35658663942809,81.87367398745383,81.75533156060888,81.58413243692944,80.98632818049758,79.07190221400073,78.50365408990487,76.8271008077021,74.48941955990959,72.91466075321449,,,,72.77337206977164,76.18742736624885,80.19269603227815,80.31393865987908,81.74632951727752,81.40647011359125,79.60377933435397,78.62426628917608,78.3092555261566,75.59387165659368,70.63565640454627,69.48750411709382,69.5473443230452,69.76713371427716,70.07934167168378,70.49315425730575,74.4555001122981,77.60173427612287,"rgba(255, 0, 0, 1.0)",8.081072816344175,73.55261416905117,-1.4684975586223878,27.831084038246544,-18.036477177890507,False,True,False,True,False,0.0,0.0,0.0,0.0,0.0,0,0.7663367235498232,1.1937974959642943,False,False,False,False,-0.33434594965716596,-0.3382673865628143,False,False,False,False,-16331186,-7246323.83937644,False,False,False,False,2064524.658491467,False,False,False,False
2025-05-02 00:00:00+00:00,63.3676441533,63.9971892055,60.1608990441,61.6954151086,2387867,,,70.18644949087565,73.80139108283726,77.68077531732393,78.72950501924143,81.42545030996492,81.34292265765153,81.21299595705827,80.66818681852163,78.83210751365763,78.30297495945881,76.69033389114753,74.39149112600487,72.83774953924161,,,,72.1387975843574,75.52180694067766,79.61169869029138,79.79057964409225,81.31810727546919,81.05605514621459,79.34296548818288,78.40685657933368,78.12177612402346,75.47942139464617,70.57988676292668,69.44331571458467,69.50333913889192,69.72281852201719,70.03445377781392,70.44749729317775,73.80139108283726,77.02045613551311,"rgba(255, 0, 0, 1.0)",8.074473780883844,72.91211127468699,-1.1820543827863221,29.183775060913703,-18.036477177890507,False,True,False,True,False,0.0,0.0,0.0,0.0,0.0,0,0.7919584432507636,1.1916479751750462,False,False,False,False,-0.2933924267779702,-0.31582990667039224,False,False,False,False,-13943319,-7742397.554978185,False,False,False,False,2088475.9430476546,False,False,False,False
2025-05-09 00:00:00+00:00,60.8494639448,64.3119617315,55.5770241333,63.1414014002,3971382,,,69.10572228280635,72.67007384426195,76.57670936573619,77.6520398418541,80.64037056767009,80.61696632466277,80.5558065239118,80.099674118466,78.39511356465096,77.93389548209834,76.43318674569602,74.2017758448731,72.6848490549488,,,60.246149936533335,71.03003370264602,74.37810993189525,78.60836076959977,78.87966988673203,80.5658544704306,80.43349682042147,78.87039497826814,78.00832948871957,77.7758496176839,75.2610046333463,70.46327997669732,69.34747373781225,69.40807585080488,69.62756039058111,69.93887381021698,70.3513950532227,72.67007384426195,73.9787240129735,"rgba(255, 0, 0, 1.0)",8.273230842269262,68.26299494156191,-0.8960865637744563,29.480639508802476,-18.036477177890507,False,True,False,True,False,0.0,0.0,0.0,0.0,0.0,0,0.7690280178102121,1.2001089240111673,False,False,False,False,-0.34282825441539394,-0.3293290805428931,False,False,False,False,-17914701,-8495901.51386869,False,False,False,False,2227950.4657848654,False,False,False,False
2025-05-16 00:00:00+00:00,64.4004915045,66.8006320157,62.0692074833,63.0036884201,2753160,,64.42344366783333,68.77754751678602,72.21903297444337,76.06560927554584,77.13820853947762,80.23407584180855,80.23966613188793,80.21271550007354,79.80286925174461,78.17103166466559,77.74512789243313,76.3043884410608,74.11169672203107,72.61588369382869,,,61.95641630252018,70.62895649376499,73.88691772157216,78.11653780802592,78.42720302351712,80.17600241045344,80.10820169545102,78.62673486467135,77.80475951739206,77.5990895020457,75.15434045614057,70.41639893499702,69.31215655381801,69.37276712438454,69.5915467257148,69.90178878208941,70.31293203759506,72.21903297444337,72.16398733234865,"rgba(239, 83, 80, 1.0)",8.416072266658597,66.44659099522613,-0.24311809902488998,31.647137806282515,-18.036477177890507,False,True,False,True,True,0.0,0.0,0.0,0.0,0.0,0,0.8140443505446452,1.1903429383670634,False,False,False,False,-0.23975086765887338,-0.2845399741008833,False,False,False,False,-15161541,-8989652.586915452,False,False,False,False,2266854.8757267273,False,False,False,False
2025-05-23 00:00:00+00:00,57.160723405,63.3686278175,55.7245737548,62.6790792526,2477504,,61.736836766967286,68.18269874636152,71.5872748077662,75.4342612839013,76.5172288071766,79.7604196475872,79.79837999227333,79.80970206072448,79.45020655755201,77.89474414864627,77.50928303190449,76.13660792642118,73.98540958632081,72.51250850716198,,,61.09349214056329,70.01368930747786,73.24343087034111,77.53060968562416,77.88820609166686,79.72028914199743,79.72472681845024,78.32959169182281,77.5512483473022,77.37720606894575,75.01033975135176,70.33548558317574,69.2444309272106,69.30549169407811,69.52445855974604,69.83472687928435,70.24581820058471,71.5872748077662,71.32277285078462,"rgba(255, 26, 202, 1.0)",8.829226269198763,65.25667924034249,-0.9169496384508433,31.32688587426923,-18.036477177890507,False,True,False,True,True,0.0,0.0,0.0,0.0,0.0,0,0.7737249936093132,1.177345896276188,False,False,False,False,-0.34282825441539394,-0.3136841142581386,False,False,False,False,-17639045,-9630348.321218012,False,False,False,False,2282458.5145617845,False,False,False,False
2025-05-30 00:00:00+00:00,57.2847113494,58.6630348525,56.3823556747,58.2465630027,2215849,,60.459234748117176,67.64154948372,71.01776274061986,74.86605657275018,75.95797466320654,79.3288460756828,79.39518662672621,79.44025821747886,79.12534383071664,77.63777841479632,77.28888769683478,75.97815451656366,73.86465878435136,72.41268392383937,,,60.38511940678697,69.45709730444436,72.6646466015645,77.00134675349292,77.39927342606573,79.30440382128945,79.3725609216038,78.05399981253127,77.31477732423978,77.16950794728386,74.87348289898237,70.25599856578613,69.17713057291846,69.23867157245775,69.45795547767487,69.76842937134451,70.17969357707884,71.01776274061986,70.68500617007683,"rgba(255, 0, 0, 1.0)",9.219831916354265,64.48575023576713,-0.7810379789672551,31.16216829872863,-18.036477177890507,False,True,False,True,True,0.0,0.0,0.0,0.0,0.0,0,0.7400271188357739,1.2287340107733316,False,False,False,False,-0.34282825441539394,-0.3282561843367663,False,False,False,False,-15423196,-10059448.149275936,False,False,False,False,2277524.476446097,False,False,False,False
2025-06-06 00:00:00+00:00,55.3808400357,57.3888293119,54.0917605004,57.1855513852,2737681,,59.15849595603479,66.9370243909604,70.28807794040154,74.14328414031468,75.2469960225636,78.77561312917368,78.87695362849695,78.96387078486178,78.70433301027165,77.30121308727345,76.9987799483057,75.7671638148776,73.70159077665143,72.27636396128469,,,59.463639981285354,68.73941548073533,71.9266528319509,76.3272740012117,76.7742505658128,78.77044052119358,78.91762415045906,77.69414797152918,77.0040816357285,76.89563003533554,74.68993447779837,70.14535476218163,69.08227953089619,69.14454874911199,69.36448131515364,69.67552136165634,70.08737518965772,70.28807794040154,69.9005111311271,"rgba(255, 26, 202, 1.0)",9.64488027117623,63.574643952253965,-0.8495495730559962,30.60171895121823,-18.036477177890507,False,True,False,True,True,0.0,0.0,0.0,0.0,0.0,0,0.7151601278446749,1.2653794924713533,False,False,False,False,-0.34282825441539394,-0.3355422193760801,False,False,False,False,-18160877,-10659553.990070311,False,False,False,False,2311610.144857497,False,False,False,False
2025-06-13 00:00:00+00:00,51.2954495085,56.3327756926,51.0624235925,55.9857158177,3652468,,57.50561600553861,65.91882556557437,69.2538920841764,73.12954284935277,74.25102931187189,77.99427586567869,78.14277106512999,78.28641524333034,78.10201207227233,76.81345135700958,76.57582114894966,75.45524170835104,73.4564241440013,72.06872015477134,,,58.11678403297283,67.71406772147678,70.88739356303027,75.38153532040926,75.89374095494857,78.01491881653125,78.26926719709418,77.17458592869649,76.55210071806759,76.49548348019778,74.41622821648237,69.9731224243402,68.93259346246552,68.99609756469452,69.21739509967165,69.5297972276226,69.94316911839579,69.2538920841764,68.8052427409352,"rgba(255, 26, 202, 1.0)",10.165865321043654,62.31382333139065,-1.0838599051752416,29.335059125814947,-18.036477177890507,False,True,False,True,True,0.0,0.0,0.0,0.0,0.0,0,0.6953351839087393,1.2806169707465653,False,False,False,False,-0.34282825441539394,-0.339185236895737,False,False,False,False,-21813345,-11485760.731546585,False,False,False,False,2410932.9489421267,True,False,False,False
2025-06-20 00:00:00+00:00,51.6623413762,52.7035210009,50.6905737265,51.7615013405,3330626,,56.37645101282689,65.03595446862911,68.35022724954325,72.23543065694142,73.36987517344771,77.2893544044003,77.4781120940054,77.67059485838726,77.55151849762986,76.36367797904505,76.1837883475127,75.16324969870134,73.22496490102355,71.87149293061782,,,57.10346234566037,66.82080770902743,69.97649971986621,74.54031607782396,75.10617505050337,77.3320158800234,77.678667102538,76.69671756061645,76.13410932481044,76.1239111996795,74.15884849139317,69.8081069383817,68.78835975744008,68.85306289307765,69.07575454264486,69.3895842519279,69.80456663461435,68.35022724954325,67.89151994642697,"rgba(255, 26, 202, 1.0)",10.650662057259026,61.334168884035954,-0.9080963658258279,28.638985703795008,-18.036477177890507,False,True,False,True,False,0.0,0.0,0.0,0.0,0.0,0,0.7159327614927272,1.2795320829681005,False,False,False,False,-0.34282825441539394,-0.34100674565556544,False,False,False,False,-18482719,-12004053.936617209,False,False,False,False,2479058.3601315985,False,False,False,False
2025-06-27 00:00:00+00:00,52.4060411081,53.3926827525,50.303849866,51.3251974978,6620187,,55.16797589370949,63.608887779517914,66.83681283242882,70.68936278486561,71.83316154245502,76.01232887908007,76.2680160861825,76.54282464814929,76.53660352004029,75.52782317133752,75.45069713216242,74.61197034933386,72.7864276061632,71.497169256884,,52.034191242199995,55.89449604497284,65.34621808670315,68.43048603454588,73.05688978789684,73.7048472491155,76.09175406266161,76.59412068745245,75.81069251785321,75.35493031362772,75.42752062431383,73.67186357985948,69.49494120684193,68.51441822270137,68.58129687119704,68.8064191789231,69.12269162217443,69.54040976544646,66.83681283242882,64.28984820292956,"rgba(255, 0, 0, 1.0)",11.08227134833343,56.67638774010006,-0.3853313547174826,28.58109051888351,-18.036477177890507,False,True,False,True,False,0.0,0.0,0.0,0.0,0.0,0,0.7239626722930086,1.222382890167521,True,False,False,False,-0.339342398452981,-0.3401745720542732,False,False,False,False,-11862532,-11993570.83020112,False,False,False,False,2785808.6297514797,False,False,False,False
2025-07-04 00:00:00+00:00,56.1047077748,56.9276363181,51.8011653262,52.3862091153,2437691,,55.14720357443441,63.27231326543183,66.4440482924663,70.25781580023565,71.39682462562693,75.62723579901574,75.90101845744115,76.19854336480542,76.22494180861128,75.27068760155672,75.22401668760128,74.44086025191564,72.65149623449386,71.38295142477901,,52.81742558469486,55.81780551878265,64.97778896883452,68.01576049847594,72.62771442705431,73.2944559463495,75.71676179340041,76.26214831502625,75.53826404345789,75.11480252562188,75.21178344096316,73.52130060155639,69.40114893527642,68.43320745115317,68.50063976528457,68.72621527297397,69.04285925603214,69.46095241045919,66.4440482924663,64.07747005560374,"rgba(239, 83, 80, 1.0)",11.390752381659752,56.76368698583593,-0.0578521232800176,30.600391922870998,-18.036477177890507,False,True,False,True,False,0.0,0.0,0.0,0.0,0.0,0,0.7543615676154575,1.1920271888904457,False,False,False,False,-0.28242284561040126,-0.31129870883233723,False,False,False,False,-9424841,-11803294.546482518,False,False,False,False,2760022.138658778,False,False,False,False
2025-07-11 00:00:00+00:00,57.0863914209,58.1474030384,54.2999964254,55.5196639857,2590080,,55.26981313550299,63.00431803189267,66.10730968675963,69.86881484709352,70.99911570299291,75.26304986729403,75.55280848197751,75.87065972938682,75.9271719074262,75.02494858036732,75.00678157847072,74.27663646797163,72.52283734971586,71.27471130318884,,53.63880011573353,55.872587363994846,64.67071399214895,67.65174761418145,72.23192477834208,72.91322542006749,75.36160338358766,75.94551683231238,75.2779299718175,74.88512145595075,75.00482358535562,73.37722604867241,69.31346697892003,68.35787791735626,68.42576409443666,68.65158125397271,68.96833310930008,69.38648056649144,66.10730968675963,63.93151452686426,"rgba(239, 83, 80, 1.0)",11.655725384134714,56.94637966178101,0.012012273325310947,32.55500768969034,-21.51612830081138,False,True,False,True,True,0.0,0.0,0.0,0.0,0.0,0,0.7686573050295039,1.1809792121477352,False,False,False,False,-0.2414973854623041,-0.27639804714732064,False,False,False,False,-6834761,-11435255.024520852,False,False,False,False,2747433.832091461,False,False,False,False
2025-07-18 00:00:00+00:00,55.5989919571,56.5509276139,53.6554566577,56.5310956211,1959304,,55.26972690623744,62.779112359329545,65.83629269738093,69.56282264327308,70.68748114342993,74.97898750306074,75.28094023871648,75.6143300062647,75.6937880316883,74.83109640318011,74.83495354938893,74.14584002600022,72.41941675667704,71.18706738911212,,53.873453984148924,55.8385208832389,64.41963814811916,67.36227913018531,71.92253621742834,72.61515524386812,75.08439914895473,75.69776898381978,75.07294925656552,74.70360910280398,74.84096562851201,73.26193759678524,69.24156467994614,68.29561114572891,68.36389797757828,68.59000851469003,68.90697695521644,69.32532865334406,65.83629269738093,63.75518641127716,"rgba(239, 83, 80, 1.0)",11.939575045327455,56.9402035332387,-0.11233327576960844,33.48825634037406,-20.5682702345063,False,True,False,True,True,0.0,0.0,0.0,0.0,0.0,0,0.7643312512044103,1.1938580892400863,False,False,False,False,-0.26605776669190806,-0.27122790691961435,False,False,False,False,-8794065,-11239611.319000788,False,False,False,False,2689053.8445291305,False,False,False,False
2025-07-25 00:00:00+00:00,59.7637104558,59.9521143878,54.9742841823,55.8568078642,2875358,58.23003634196667,55.52268300402229,62.59272556432,65.56706269724488,69.22466623101965,70.3355386803999,74.63691571750591,74.95203137253417,75.30260311508304,75.4089787713299,74.59544081613534,74.6254953146263,73.98672525192242,72.2956916687665,71.08377893032333,,54.63345050989605,56.02130204535153,64.18622183324217,67.05938959073491,71.56559958506895,72.26716193798498,74.74993510907645,75.3959284078342,74.82348736586233,74.48290962221286,74.64101400966743,73.12279434408443,69.15945245144303,68.22582916072248,68.29444922516566,68.5205289186213,68.83726080392199,69.25524557983933,65.56706269724488,62.337307649819806,"rgba(239, 83, 80, 0.5)",12.120483191458591,56.10186797530913,0.3021201731521232,36.26175558396025,-17.871878169236112,False,True,False,True,True,0.0,0.0,0.0,0.0,0.0,0,0.7671856754931012,1.1712396823790594,False,False,False,False,-0.21465663051488185,-0.2429422687172481,False,False,False,False,-5918707,-10845470.258334063,False,False,False,False,2702854.1523417872,False,False,False,False
2025-08-01 00:00:00+00:00,52.0887292225,59.7438784629,51.1070455764,59.7438784629,2875492,56.271581415244334,55.4274668626273,62.266831333371194,65.18232340466392,68.79259915436478,69.89529977248264,74.2301243171763,74.56142882428247,74.93284453715994,75.0704418263767,74.31154703848621,74.3724517435524,73.79198148708674,72.14024071123505,70.95114163125317,54.31321775393334,54.585882506988085,55.90001876127976,63.827414854998814,66.65018957888536,71.12726978036844,71.84307389789684,74.3522547171769,75.03779324193465,74.5241278175615,74.21625258188143,74.39922043801403,72.95027184446683,69.0495594186136,68.13003632444624,68.19928167773598,68.42587735313944,68.74303547534095,69.1614527879477,65.18232340466392,60.32175256263569,"rgba(239, 83, 80, 1.0)",12.478080362219883,55.149537134698264,-0.24529477478487233,35.960659743928396,-17.871878169236112,False,True,False,True,True,0.0,0.0,0.0,0.0,0.0,0,0.7474682167871939,1.1678082310092777,False,False,False,False,-0.24257196613266974,-0.24275711742495892,False,False,False,False,-8794199,-10693524.239198206,False,False,False,False,2715642.14105721,False,False,False,False
2025-08-08 00:00:00+00:00,55.8568078642,58.5142949062,51.9970062556,52.2275531725,4473898,55.91473492160971,55.43058440226484,61.873797772525464,64.69109960015176,68.21729340500697,69.30332701688761,73.66312383894805,74.01494575702542,74.41324722864012,74.5926380193403,73.9096673416165,74.01277508596648,73.51386848508004,71.91881853762354,70.76278755959197,55.008901857718044,54.749233374252405,55.8558492700101,63.379397408689144,66.11764902619356,70.53134417758126,71.26218105871085,73.79696668213938,74.53357701107053,74.10072781005955,73.83813847507798,74.05501520635642,72.70413207412214,68.89478943840031,67.99570284053063,68.06573835138816,68.29281782708541,68.61025957482386,69.02889502545325,64.69109960015176,60.1238541038422,"rgba(239, 83, 80, 1.0)",12.724718214351578,55.275863638961255,0.04565478114741491,37.38664487774706,-16.779482745884742,False,True,False,True,True,0.0,0.0,0.0,0.0,0.0,0,0.8116017247529952,1.1598380120932772,False,False,False,False,-0.2430882018881621,-0.2429226596565605,False,False,False,False,-4320301,-10221433.628887229,False,False,False,False,2845883.3157937126,False,False,False,False
2025-08-15 00:00:00+00:00,56.1245397676,58.9505987489,55.3015120643,56.2236997319,2612922,56.09333367528692,55.51216335892944,61.708115842480375,64.4647845596424,67.93652497256979,69.01076584876753,73.37070201054694,73.73195784893043,74.14290972775122,74.34294298087248,73.69920979439813,73.82364318032336,73.36704102408456,71.80247450241194,70.66430424337156,55.47663093537486,54.951092713359174,55.90726730844839,63.1797465216273,65.86555141598599,70.2328411953367,70.96868386549653,73.51004482361313,74.27072584012748,73.87913899147607,73.63981983888459,73.87374287474735,72.57444535116173,68.81484386186612,67.92677669438595,67.99715919503791,68.22431983913684,68.54168691510166,68.96016120089568,64.4647845596424,60.10952113037047,"rgba(239, 83, 80, 1.0)",12.948043201460953,55.5083051707376,0.04759287463551768,38.5182975317678,-15.661144199890899,False,True,False,True,True,0.0,0.0,0.0,0.0,0.0,1,0.8449048934990799,1.1159965777749645,False,False,False,False,-0.19261840407761116,-0.21777053186708584,False,False,False,False,-1707379,-9590762.915636323,False,False,False,False,2828626.9220312154,False,False,False,False
2025-08-22 00:00:00+00:00,56.8384915103,57.135971403,53.6455406613,56.2236997319,1968145,56.064089069170755,55.52775860974377,61.568255481036815,64.2832865303856,67.71728666125176,68.78337186125106,73.1452046992057,73.51363333770315,73.93419928404988,74.1498336360639,73.53563986785595,73.67636374067654,73.25209931018485,71.7107222054842,70.58618178723256,55.54207437866797,55.01497546742025,55.90591953279191,63.01666562036136,65.66614561702139,70.00162943317545,70.74152728398127,73.28870641303119,74.06768185406847,73.70716474767862,73.48547721425561,73.7324852911453,72.47254139530519,68.75077060621291,67.87117799161689,67.94186017887073,68.16915713919933,68.48656018270579,68.90502480583123,64.2832865303856,60.03064569678516,"rgba(239, 83, 80, 0.5)",13.145947177883697,55.53722438125068,0.09898618269503852,39.641542917299674,-14.544216133281225,False,True,False,True,True,0.0,0.0,0.0,0.0,0.0,1,0.8132955015899225,1.1417302271604923,False,False,False,False,-0.23940459257272712,-0.22858756221990648,False,False,False,False,260766,-8861020.032996595,False,False,False,False,2764887.520399274,False,False,False,False
2025-08-29 00:00:00+00:00,56.99,57.17,55.14,56.5410116175,2338707,56.114458169301216,55.57195549955586,61.42604701621176,64.09105537868537,67.47875002394882,68.53447827484105,72.89313995396863,73.26906222063046,73.69980977111398,73.93242349655151,73.35117390311626,73.50987348874335,73.12180331154033,71.60686657150536,70.49790945257831,55.68815116046742,55.122843143309105,55.929690115859515,62.84656931135593,65.45227542736106,69.7468974582638,70.49017170341199,73.04103972956577,73.83940941122385,73.51331863521936,73.31124764537755,73.57266131561867,72.35708716115853,68.67872899649936,67.80882711670357,67.87982061842877,68.10720198587154,68.42455552847494,68.84289796266108,64.09105537868537,59.97217952460561,"rgba(239, 83, 80, 0.5)",13.317415751795522,55.6243519931584,0.10254602186294885,40.513820047024375,-13.659075871222825,False,True,False,True,True,0.0,0.0,0.0,0.0,0.0,1,0.8225644418893309,1.1441343984238028,False,False,False,False,-0.202116959110421,-0.21535226066516372,False,False,False,False,2599473,-8012094.6231449945,False,False,False,False,2733318.5929622906,False,False,False,False
2025-09-05 00:00:00+00:00,56.88,58.36,54.35,56.12,1570637,56.149331790964986,55.60236061145588,61.33664776303299,63.96871921013836,67.32548746328017,68.37417215110825,72.72905202546953,73.10962693823416,73.54675202387781,73.79017520239631,73.23020233709904,73.40047719916605,73.0359263121108,71.53834713189346,70.43964591635346,55.77162688947291,55.191220837663195,55.9473266604541,62.7388337318735,65.31560085432643,69.5823291608296,70.32739182504135,72.87970084945766,73.69022717664865,73.38628164186399,73.19688156645945,73.4675696637075,72.28094353996133,68.63119641870871,67.76768607703582,67.83887866781438,68.06630131282341,68.38360388097898,68.80184318227317,63.96871921013836,59.93471558126625,"rgba(239, 83, 80, 0.5)",13.453527686139761,55.678635032389245,0.08929739438143357,41.09663572400484,-13.033083092161633,False,False,False,True,True,0.0,0.0,0.0,0.0,0.0,1,0.8446105744666556,1.1171165028757528,False,False,False,False,-0.18208721126115274,-0.19871973596315823,False,False,False,False,1028836,-7342396.058467587,False,False,False,False,2647194.0305206394,False,False,False,False
2025-09-12 00:00:00+00:00,53.36,57.28,53.35,57.28,1532962,56.03682855337529,55.57414779730655,61.219801762722525,63.824056111980724,67.15482368377523,68.19777052298976,72.55395012239194,72.93972461229937,73.383873518662,73.63878940869212,73.1007876624143,73.28339126233199,72.94357971828548,71.46382585460785,70.37567803123991,55.67383174275924,55.16731824337228,55.91153528172576,62.6066028932744,65.15868577073064,69.40320021004844,70.15113124365945,72.7076092620456,73.53151129458597,73.25058211731381,73.07441771358523,73.35507391370307,72.19860548401253,68.57806018429568,67.72119826994496,67.79265362299823,68.02024507427372,68.33765399001284,68.75598132668509,63.824056111980724,59.83276318410226,"rgba(239, 83, 80, 1.0)",13.683940847069922,55.61303158420334,-0.1646478605383458,40.277565989426925,-13.033083092161633,False,False,False,True,True,0.0,0.0,0.0,0.0,0.0,1,0.8581969016371429,1.121898083961957,False,False,False,False,-0.20013068973615752,-0.19942521284965786,False,False,False,False,-504126,-6835857.535618137,False,False,False,False,2564658.3245561477,False,False,False,False
2025-09-19 00:00:00+00:00,52.64,55.14,51.56,53.45,2613351,55.70263663621475,55.45424755675108,60.984840371374304,63.547522184374294,66.83943413203696,67.87401926986684,72.23794465633635,72.63322219605872,73.09012529185021,73.36552675856471,72.86607389429786,73.07078658301677,72.77510319558206,71.32670833846974,70.25717458485968,55.339025232660696,55.020129599021885,55.78459528179045,62.34879958312947,64.86360766400782,69.07645416093807,69.83044632626773,72.39704263073496,73.2452231322969,73.00480728548945,72.85206879209657,73.15071772292495,72.04774628033337,68.47841369663254,67.6333854317103,67.70537834191045,67.93342806517914,68.2512261636591,68.66995534490745,63.547522184374294,59.58848382413616,"rgba(239, 83, 80, 1.0)",13.93285709787291,55.379009756162105,-0.1965863668105992,39.45458564132726,-13.033083092161633,False,True,False,True,True,0.0,0.0,0.0,0.0,0.0,1,0.852027415677213,1.1088253057049104,False,False,False,False,-0.2748800652771248,-0.23715263906339132,False,False,False,False,-3117477,-6560421.940387163,False,False,False,False,2568265.1894038403,False,False,False,False
2025-09-26 00:00:00+00:00,53.6,53.73,51.565,52.97,1904762,55.49208600366926,55.36887922355124,60.81892204051353,63.35205889118311,66.61595341553901,67.64438683188035,72.01228156590984,72.41407687773206,72.87978209763959,73.16947175313196,72.69718571645471,72.91749936111228,72.65318739668093,71.22724971053647,70.17108389122427,55.13245729768115,54.91811823249713,55.694350575386494,62.16666925505601,64.65488448973768,68.84430491764316,69.60220804219585,72.17512149931311,73.04006612044978,72.82811096121625,72.69190921364994,73.0032682903366,71.9384356479573,68.4058974604001,67.56939752692966,67.64177806431252,67.87015822971472,68.18823702755579,68.60725618324311,63.35205889118311,59.42143794248146,"rgba(239, 83, 80, 1.0)",14.149183744822748,55.22788518934969,-0.11505152655504536,39.40654486795291,-13.033083092161633,False,True,False,True,True,0.0,0.0,0.0,0.0,0.0,1,0.8490995052852436,1.1124966483159449,False,False,False,False,-0.2940164729185395,-0.2655845559909654,False,False,False,False,-1212715,-6164295.500358485,False,False,False,False,2519116.805003556,False,False,False,False
2025-10-03 00:00:00+00:00,55.01,55.32,51.9801,53.85,1475365,55.4140089053706,55.33613248484239,60.71300517687053,63.22160835111635,66.46176711185709,67.48474606581736,71.85132098984731,72.2574021211527,72.7289965909459,73.02859593189544,72.57576166970618,72.80704808454112,72.5651825834702,71.15570589453203,70.10936075206268,55.06747961047735,54.887952854773495,55.65586267571257,62.04724436403568,64.5134396658061,68.68160166420677,69.44143248989714,72.01666338580324,72.89283928255107,72.70109664617965,72.57667390946365,72.8969355690426,71.85965266500534,68.35429980807122,67.52405048320347,67.59668312108026,67.82523277865822,68.14342515970581,68.56254384666224,63.22160835111635,59.33185012008621,"rgba(239, 83, 80, 0.5)",14.320156890904187,55.176393463865956,-0.011619527993554831,40.158708153449425,-13.033083092161633,False,False,False,True,True,0.0,0.0,0.0,0.0,0.0,1,0.9021201646058502,1.106006471665833,False,False,False,False,-0.23293034458042958,-0.2492574502856975,False,False,False,False,262650,-5688225.463294893,False,False,False,False,2441801.856484774,False,False,False,False
2025-10-10 00:00:00+00:00,50.35,54.86,50.11,54.79,1885178,55.169995114044916,55.22210261623105,60.53640448445126,63.01893294253105,66.23407801189119,67.2515790885714,71.62335808418325,72.03586806570164,72.51614959696342,72.82979756530533,72.40361676071345,72.65044159067281,72.43990079484495,71.05278173280865,70.01979840787068,54.82155077414329,54.747261650641796,55.5394487495907,61.85642238952919,64.29889281575582,68.44645388210324,69.2103086123948,71.79237319224387,72.68509636179631,72.52126567720768,72.41318075187354,72.74616473510352,71.74691566404685,68.27821771999643,67.45656694075244,67.52962259299895,67.75857790938741,68.07714520022967,68.49666914217347,63.01893294253105,59.14450895488102,"rgba(239, 83, 80, 1.0)",14.568501022441081,54.99022753876526,-0.3185109800670315,39.034383731845224,-13.033083092161633,False,True,False,True,True,0.0,0.0,0.0,0.0,0.0,1,0.9172167168994082,1.045997325919138,False,False,False,False,-0.2976635953430838,-0.27346052281439065,False,False,False,False,-1622528,-5387062.688236012,False,False,False,False,2400570.459708124,False,False,False,False
2025-10-17 00:00:00+00:00,53.71,53.72,49.99,50.75,1664070,55.019363815464224,55.146578559142945,60.39821254723777,62.85667080195302,66.04832935168939,67.06048748460921,71.43333706297481,71.85088059881969,72.33804805853977,72.66311233085753,72.25908875388079,72.51869875934563,72.33426437857744,70.9660992182458,69.94446968854471,54.676370495355535,54.66006946687675,55.460389478895905,61.70506796362662,64.12567933455686,68.25274400617417,69.01925068337486,71.60525920750028,72.51111157590931,72.37034499758094,72.27580655531227,72.61923734659742,71.65189863247417,68.21446075360204,67.40011447278287,67.47350693573578,67.70275556057385,68.0215763173645,68.4413648275977,62.85667080195302,59.0096731814799,"rgba(239, 83, 80, 0.5)",14.612428654596119,54.87559558420986,-0.0797674097688915,39.99063209049624,-13.033083092161633,False,False,False,True,True,0.0,0.0,0.0,0.0,0.0,1,0.9103827803468105,1.0480575320209706,False,False,False,False,-0.33367142064780714,-0.3035659717310989,False,False,False,False,41542,-4984943.822440752,False,False,False,False,2346014.870100115,False,False,False,False
2025-10-24 00:00:00+00:00,55.7,55.98,53.83,53.99,1310050,55.025709000091894,55.147074446608535,60.32860904250122,62.76467429108577,65.93394372605358,66.94066563350096,71.30727661910083,71.72761800040158,72.21878153737094,72.55106860612827,72.16208212393154,72.42997813484652,72.26306985352134,70.90829326080006,69.89470356784938,54.69928163737339,54.67501158280951,55.45461205965484,61.623120532465784,64.02358644276984,68.12902099891967,68.89589897474337,71.48088949377116,72.39438571175478,72.26900838803155,72.18352943526253,72.5336522204649,71.58817797406823,68.1731653526663,67.36394535573098,67.43751220878727,67.66682601554916,67.98564627306116,68.40540153211228,62.76467429108577,58.967562276141436,"rgba(239, 83, 80, 0.5)",14.646403358392597,54.88676916672083,0.05552426854427562,41.624062750473456,-12.032040064135103,False,False,False,True,True,0.0,0.0,0.0,0.0,0.0,1,0.9471186216181331,1.0450499003274376,False,False,False,False,-0.16527169636986358,-0.23441883405048125,False,False,False,False,1351592,-4515570.798556251,False,False,False,False,2269276.7315741805,False,False,False,False
2025-10-31 00:00:00+00:00,53.88,56.465,53.19,55.8,1125992,55.00774860822477,55.13571813335111,60.26280102310688,62.68064163839358,65.83163751739336,66.83393856382978,71.19612171491256,71.61896512834042,72.11368039892479,72.45230300091953,72.07638404007531,72.35156344037571,72.20000956057618,70.85688169657939,69.85029611366397,54.69208429710191,54.67099874380617,55.438758629067806,61.54729152979467,63.93129147788514,68.01922765944619,68.78661889827146,71.37123361354003,72.29152114510565,72.17954178122015,72.10197055563731,72.45799595313439,71.53162195086358,68.13609376044751,67.33135925246316,67.40509126275929,67.63449049323573,67.95334628762622,68.3731165918486,62.68064163839358,58.919897159812535,"rgba(239, 83, 80, 0.5)",14.686773882372128,54.876637445620986,-0.06785952133553322,42.09158082507997,-11.52011088769509,False,False,False,True,True,0.0,0.0,0.0,0.0,0.0,1,0.9104776503319724,1.041655140230468,False,False,False,False,-0.16940078147887852,-0.20190980776467987,False,False,False,False,225600,-4164372.961626159,False,False,False,False,2184588.973679797,False,False,False,False
