date,Open,High,Low,Close,Volume,aVWAP_peak_405,aVWAP_peak_374,aVWAP_peak_325,aVWAP_peak_263,aVWAP_peak_211,aVWAP_peak_169,aVWAP_peak_128,aVWAP_peak_73,aVWAP_peak_35,aVWAP_valley_413,aVWAP_valley_378,aVWAP_valley_340,aVWAP_valley_316,aVWAP_valley_246,aVWAP_valley_188,aVWAP_valley_158,aVWAP_valley_136,aVWAP_valley_110,aVWAP_valley_54,aVWAP_OB_bull_316,aVWAP_OB_bear_263,Peaks_Valleys_avg,color,StDev,StDev_Mean,StdDev_ZScore,QQEMOD,QQE1_Value,QQE1_Above_Upper,QQE1_Below_Lower,QQE2_Above_Threshold,QQE2_Below_Threshold,QQE2_Above_TL,banker_RSI,OB,OB_High,OB_Low,OB_Mitigated_Index,TTM_squeeze_Active,VI_plus,VI_minus,VI_Regular_Bullish,VI_Regular_Bearish,VI_Hidden_Bullish,VI_Hidden_Bearish,Fisher,Fisher_Signal,Fisher_Regular_Bullish,Fisher_Regular_Bearish,Fisher_Hidden_Bullish,Fisher_Hidden_Bearish,OBV,OBV_Smoothed,OBV_Regular_Bullish,OBV_Regular_Bearish,OBV_Hidden_Bullish,OBV_Hidden_Bearish,Volume_MA,Vol_Regular_Bullish,Vol_Regular_Bearish,Vol_Hidden_Bullish,Vol_Hidden_Bearish
2024-02-02 17:00:00+00:00,149.985,152.48,148.4,149.43,2199.0,,,,,,,,,,,,,,,,,,,,,,,#000000,,,,,,False,False,False,False,False,,0.0,0.0,0.0,0.0,0,,,False,False,False,False,,,False,False,False,False,0.0,0.0,False,False,False,False,2199.0,False,False,False,False
2024-02-05 17:00:00+00:00,149.92,150.68,148.99,149.19,5230.0,,,,,,,,,,,,,,,,,,,,,,,#000000,,,,0.0,,False,False,False,True,False,,0.0,0.0,0.0,0.0,0,,,False,False,False,False,,,False,False,False,False,-5230.0,-81.08527131782945,False,False,False,False,2245.9922480620157,False,False,False,False
2024-02-06 17:00:00+00:00,150.275,151.3,149.31,150.5,1977.0,,,,,,,,,,,,,,,,,,,,,,,#000000,,,,28.66520787746156,-92.99781181619235,False,False,False,True,True,,0.0,0.0,0.0,0.0,0,,,False,False,False,False,,,False,False,False,False,-3253.0,-130.26224385553752,False,False,False,False,2241.8218256114415,False,False,False,False
2024-02-07 17:00:00+00:00,151.66,152.81,151.11,151.43,1726.0,,,,,,,,,,,,,,,,,,,,,,,#000000,,,,49.676053940901,-71.2215295713507,False,False,True,False,True,,0.0,0.0,0.0,0.0,0,,,False,False,False,False,,,False,False,False,False,-1527.0,-151.9170927880098,False,False,False,False,2233.824588005062,False,False,False,False
2024-02-08 17:00:00+00:00,153.415,155.57,153.415,154.74,3361.0,,,,,,,,,,,,,,,,,,,,,,,#000000,,,,65.39857667011779,-53.74547661846812,False,False,True,False,True,,0.0,0.0,0.0,0.0,0,,,False,False,False,False,,,False,False,False,False,1834.0,-121.12768049672282,False,False,False,False,2251.300175787929,False,False,False,False
2024-02-09 17:00:00+00:00,153.81,156.39,153.57,155.87,3499.0,,,,,,,,,,,,,,,,,,,,,,,#000000,,,,76.0825586366577,-40.24187137389265,False,False,True,False,True,,0.0,0.0,0.0,0.0,0,,,False,False,False,False,,,False,False,False,False,5333.0,-36.56756141925425,False,False,False,False,2270.6443591090465,False,False,False,False
2024-02-12 17:00:00+00:00,158.55,161.2,158.44,161.115,2917.0,,,,,,,,,,,,,,,,,,,,,,,#000000,,,,83.63098132183995,-28.990754858863852,False,False,True,False,True,,0.0,0.0,0.0,0.0,0,,,False,False,False,False,,,False,False,False,False,8250.0,91.90635426166442,False,False,False,False,2280.6653767972784,False,False,False,False
2024-02-13 17:00:00+00:00,155.01,155.01,152.55,154.93,1473.0,,,,,,,,,,,,,,,,,,,,,,,#000000,,,,75.52353090796527,-28.990754858863852,False,False,True,False,True,,0.0,0.0,0.0,0.0,0,,,False,False,False,False,,,False,False,False,False,6777.0,195.55121698628977,False,False,False,False,2268.1434329709637,False,False,False,False
2024-02-14 17:00:00+00:00,158.15,161.48,157.985,161.48,2397.0,,,,,,,,,,,,,,,,,,,,,,,#000000,,,,74.49085219873074,-28.990754858863852,False,False,True,False,True,,0.0,0.0,0.0,0.0,0,,,False,False,False,False,,,False,False,False,False,9174.0,334.7519733120837,False,False,False,False,2270.1412092039723,False,False,False,False
2024-02-15 17:00:00+00:00,162.29,166.32,162.29,165.94,1912.0,,,,,,,,,,,,,,,,,,,,,,,#000000,,,,75.62259598835402,-22.962293564666908,False,False,True,False,True,,0.0,0.0,0.0,0.0,0,,,False,False,False,False,,,False,False,False,False,11086.0,501.43798922972576,False,False,False,False,2264.588632317089,False,False,False,False
2024-02-16 17:00:00+00:00,166.02,166.48,163.46,163.46,2062.0,,,,,,,,,,,,,,,,,,,,,,,#000000,,,,73.51542040476767,-20.05161511151811,False,False,True,False,True,,0.0,0.0,0.0,0.0,0,,,False,False,False,False,,,False,False,False,False,9024.0,633.5707335827533,False,False,False,False,2261.447723288917,False,False,False,False
2024-02-19 17:00:00+00:00,163.46,163.46,163.46,163.46,0.0,,,,,,,,,,,,,,,,,,,,,,,#000000,,,,72.11063668237676,-16.642769201986177,False,False,True,False,True,,0.0,0.0,0.0,0.0,0,,,False,False,False,False,,,False,False,False,False,9024.0,763.6549082558889,False,False,False,False,2226.386518276686,False,False,False,False
2024-02-20 17:00:00+00:00,162.565,162.565,160.12,161.0,3789.0,,,,,,,,,,,,,,,,,,,,,,,#000000,,,,68.3660857596935,-16.130916017132627,False,False,True,False,True,,0.0,0.0,0.0,0.0,0,,,False,False,False,False,,,False,False,False,False,5235.0,832.9780879728519,False,False,False,False,2250.613083884799,False,False,False,False
2024-02-21 17:00:00+00:00,160.95,162.04,160.305,161.23,1146.0,,,,,,,,,,,,,,,,,,,,,,,#000000,,,,66.03435324012436,-14.591843088762083,False,False,True,False,True,,0.0,0.0,0.0,0.0,0,,,False,False,False,False,,,False,False,False,False,6381.0,918.993931570172,False,False,False,False,2233.487299638523,False,False,False,False
2024-02-22 17:00:00+00:00,160.21,160.65,159.35,160.48,1324.0,,,,,,,,,,,,,,,,,,,,,,,#000000,,,,63.574390366220356,-13.595438910219627,False,False,True,False,True,,0.0,0.0,0.0,0.0,0,,,False,False,False,False,,,False,False,False,False,5057.0,983.1490644140453,False,False,False,False,2219.386721349553,False,False,False,False
2024-02-23 17:00:00+00:00,164.64,167.62,164.64,167.36,1425.0,,,,,,,,,,,,,,,,,,,,,,,#000000,,,,66.25582798632402,-7.883276967503001,False,False,True,False,True,,0.0,0.0,0.0,0.0,0,,,False,False,False,False,,,False,False,False,False,6482.0,1068.4025672913467,False,False,False,False,2207.0706481503353,False,False,False,False
2024-02-26 17:00:00+00:00,166.215,167.65,165.885,166.33,1535.0,,,,,,,,,,,,,,,,,,,,,,,#000000,,,,66.84595526637364,-4.446934650832972,False,False,True,False,True,,0.0,0.0,0.0,0.0,0,,,False,False,False,False,,,False,False,False,False,4947.0,1128.5358608217134,False,False,False,False,2196.650948179012,False,False,False,False
2024-02-27 17:00:00+00:00,166.025,168.0,165.875,167.56,1179.0,,,,,,,,,,,,,,,,,,,,,,,#000000,,,,67.91225717117734,-0.8139697163842996,False,False,True,False,True,,0.0,0.0,0.0,0.0,0,,,False,False,False,False,,,False,False,False,False,6126.0,1206.0159249950202,False,False,False,False,2180.873414098717,False,False,False,False
2024-02-28 17:00:00+00:00,168.46,169.28,167.98,168.41,796.0,,,,,,,,,,,,,,,,,,,,,,,#000000,,,,69.09029367463913,2.637976551206542,False,False,True,False,True,,0.0,0.0,0.0,0.0,0,,,False,False,False,False,,,False,False,False,False,6922.0,1294.635833134632,False,False,False,False,2159.4025084537757,False,False,False,False
2024-02-29 17:00:00+00:00,170.245,173.51,170.245,173.46,2486.0,,,,,,,,,,,,,,,,,,,,,,,#000000,,,,72.14299959051799,7.498806809477422,False,False,True,False,True,,0.0,0.0,0.0,0.0,0,,,False,False,False,False,,,False,False,False,False,9408.0,1420.4244248689788,False,False,False,False,2164.466035454492,False,False,False,False
2024-03-01 17:00:00+00:00,175.79,175.98,174.74,175.25,2159.0,,,,,,,,,,,,,,,,,,,,,,,#000000,,,,74.8071368094794,11.639497596915206,False,False,True,False,True,,0.0,0.0,0.0,0.0,0,,,False,False,False,False,,,False,False,False,False,11567.0,1577.7356740958162,False,False,False,False,2164.3812907187635,False,False,False,False
2024-03-04 17:00:00+00:00,178.42,179.045,176.43,176.74,3217.0,,,,,,,,,,,,,,,,,,,,,,,#000000,,,,77.08073976781388,15.157440111743682,False,False,True,False,True,,0.0,0.0,0.0,0.0,0,,,False,False,False,False,,,False,False,False,False,14784.0,1782.4839582183615,False,False,False,False,2180.7009606301003,False,False,False,False
2024-03-05 17:00:00+00:00,178.0,178.0,174.105,175.74,12128.0,,,,,,,,,,,,,,,,,,,,,,,#000000,,,,77.13576271095022,16.48027006296536,False,False,True,False,True,,0.0,0.0,0.0,0.0,0,,,False,False,False,False,,,False,False,False,False,2656.0,1796.026842587069,False,False,False,False,2334.9226511629668,False,False,False,False
2024-03-06 17:00:00+00:00,177.56,180.0,177.46,179.41,4171.0,,,,,,,,,,,,,,,,,,,,,,,#000000,,,,78.54857449149691,18.989416856551387,False,False,True,False,True,,0.0,0.0,0.0,0.0,0,,,False,False,False,False,,,False,False,False,False,6827.0,1874.0264264229284,False,False,False,False,2363.388966648812,False,False,False,False
2024-03-07 17:00:00+00:00,181.06,182.27,179.405,179.91,6533.0,,,,,,,,,,,,,,,,,,,,,,,#000000,,180.52833333333336,,79.65842889959568,21.072306537583273,False,False,True,False,True,,0.0,0.0,0.0,0.0,0,,,False,False,False,False,,,False,False,False,False,13360.0,2052.10353609079,False,False,False,False,2428.0340989488304,False,False,False,False
2024-03-08 17:00:00+00:00,178.465,178.465,172.96,173.25,1538.0,,,,,,,,,,,,,,,,,,,,,,,#000000,,179.45421694957255,,72.52503704090275,21.072306537583273,False,False,True,False,False,,0.0,0.0,0.0,0.0,0,,,False,False,False,False,,,False,False,False,False,11822.0,2203.5747990971345,False,False,False,False,2414.235120670554,False,False,False,False
2024-03-11 17:00:00+00:00,171.79,173.2,171.55,172.84,1769.0,,,,,,,,,,,,,,,,,,,,,,,#000000,,178.209405995935,,67.38906308430049,25.740780694231177,False,False,True,False,False,,0.0,0.0,0.0,0.0,0,,,False,False,False,False,,,False,False,False,False,10053.0,2325.2713138398144,False,False,False,False,2404.23147538884,False,False,False,False
2024-03-12 17:00:00+00:00,170.505,171.89,170.11,171.89,1254.0,,,,,,,,,,,,,,,,,,,,,,,#000000,,174.3623487921399,,63.0401886749705,21.504528881409243,False,False,True,False,False,,0.0,0.0,0.0,0.0,0,,,False,False,False,False,,,False,False,False,False,8799.0,2425.639200446949,False,False,False,False,2386.3984292587807,False,False,False,False
2024-03-13 17:00:00+00:00,176.59,178.86,176.59,178.75,2072.0,,,,,,,,,,,,,,,,,,,,,,,#000000,,176.52135672240894,,64.44748297382303,21.504528881409243,False,False,True,False,False,,0.0,0.0,0.0,0.0,0,,,False,False,False,False,,,False,False,False,False,10871.0,2556.5750267966087,False,False,False,False,2381.5240350067065,False,False,False,False
2024-03-14 17:00:00+00:00,179.245,179.37,177.815,178.94,3395.0,,,,,,,,,,,,,,,,,,,,,,,#000000,,177.44902284551156,,65.48105471133984,21.504528881409243,False,False,True,False,False,,0.0,0.0,0.0,0.0,0,,,False,False,False,False,,,False,False,False,False,14266.0,2738.1164992493746,False,False,False,False,2397.236840665517,False,False,False,False
2024-03-15 17:00:00+00:00,178.37,180.18,178.295,180.145,1269.0,,,,,,,,,,,,,,,,,,,,,,,#000000,,177.70356505485333,,66.80505271228598,21.504528881409243,False,False,True,False,True,,0.0,0.0,0.0,0.0,0,,,False,False,False,False,,,False,False,False,False,15535.0,2936.517793834655,False,False,False,False,2379.744796624191,False,False,False,False
2024-03-18 17:00:00+00:00,181.04,181.65,178.47,178.89,2553.0,,,,,,,,,,,,,,,,,,,,,,,#000000,,178.07606946591244,,66.1979624773681,21.504528881409243,False,False,True,False,True,,0.0,0.0,0.0,0.0,0,,,False,False,False,False,,,False,False,False,False,12982.0,3092.261704007761,False,False,False,False,2382.4309238083124,False,False,False,False
2024-03-19 17:00:00+00:00,180.48,180.48,178.76,178.95,887.0,,,,,,,,,,,,,,,,,,,,,,,#000000,,178.1556077552042,,65.83349368024858,21.504528881409243,False,False,True,False,True,,0.0,0.0,0.0,0.0,0,,,False,False,False,False,,,False,False,False,False,13869.0,3259.3429178991137,False,False,False,False,2359.245948245393,False,False,False,False
2024-03-20 17:00:00+00:00,178.475,180.63,177.12,179.385,1197.0,,,,,,,,,,,,,,,,,,,,,,,#000000,,178.2217922055504,,65.90878306710138,21.504528881409243,False,False,True,False,True,,0.0,0.0,0.0,0.0,0,,,False,False,False,False,,,False,False,False,False,15066.0,3442.39186490843,False,False,False,False,2341.2266312183324,False,False,False,False
2024-03-21 17:00:00+00:00,182.02,183.825,181.955,182.98,1299.0,,,,,,,,,,,,,,,,,,,,,,,#000000,,178.5692437581133,,68.25339598219738,21.504528881409243,False,False,True,False,True,,0.0,0.0,0.0,0.0,0,,,False,False,False,False,,,False,False,False,False,16365.0,3642.74237863078,False,False,False,False,2325.0680787963424,False,False,False,False
2024-03-22 17:00:00+00:00,184.11,184.23,182.165,183.1,329.0,,,,,,,,,183.16500000000002,,,,,,,,,,,,,183.16500000000002,#000000,,180.15714072502658,,69.88463894934918,21.504528881409243,False,False,True,False,True,,0.0,0.0,0.0,0.0,0,,,False,False,False,False,,,False,False,False,False,16694.0,3845.0874580318527,False,False,False,False,2294.1212868770194,False,False,False,False
2024-03-25 17:00:00+00:00,180.055,180.88,178.58,178.745,1625.0,,,,,,,,,180.0353087683385,,,,,,,,,,,,,180.0353087683385,#000000,,179.1537166727528,,65.22239802881742,20.527876992689187,False,False,True,False,False,,0.0,0.0,0.0,0.0,0,,,False,False,False,False,,,False,False,False,False,15069.0,4019.1016059693434,False,False,False,False,2283.7473134370657,False,False,False,False
2024-03-26 17:00:00+00:00,180.29,180.895,179.14,179.22,720.0,,,,,,,,,179.9589354275742,,,,,,,,,,,,,179.9589354275742,#000000,,179.1520649256917,,62.52764612676443,17.925308386354814,False,False,True,False,False,,0.0,0.0,0.0,0.0,0,,,False,False,False,False,,,False,False,False,False,15789.0,4201.580650838036,False,False,False,False,2259.5031690426927,False,False,False,False
2024-03-27 17:00:00+00:00,181.46,182.93,181.03,182.89,524.0,,,,,,,,,180.33979362101317,,,,,,,,,,,,,180.33979362101317,#000000,,179.33751013807978,,63.53750630096525,17.925308386354814,False,False,True,False,False,,0.0,0.0,0.0,0.0,0,,,False,False,False,False,,,False,False,False,False,16313.0,4389.354594235896,False,False,False,False,2232.5961431660617,False,False,False,False
2024-03-28 17:00:00+00:00,182.26,182.965,181.33,182.09,1017.0,,,,,,,,,180.771334519573,,,,,,,,,,,,,180.771334519573,#000000,,179.58183767548817,,63.206504838830554,17.925308386354814,False,False,True,False,False,,0.0,0.0,0.0,0.0,0,,,False,False,False,False,,,False,False,False,False,15296.0,4558.449871844641,False,False,False,False,2213.7496913340296,False,False,False,False
2024-03-29 17:00:00+00:00,182.09,182.09,182.09,182.09,0.0,,,,,,,,,180.771334519573,,,,,,,,,,,,,180.771334519573,#000000,,179.58183767548817,,62.98583719740743,17.78979710577333,False,False,True,False,False,,0.0,0.0,0.0,0.0,0,,,False,False,False,False,,,False,False,False,False,15296.0,4724.923517242399,False,False,False,False,2179.427990693192,False,False,False,False
2024-04-01 17:00:00+00:00,175.43,175.43,172.26,172.755,984.0,,,,,,,,,179.39163973841127,,,,,,,,,,,,,179.39163973841127,#000000,,178.9642094664721,,54.409902508364546,9.673589364417829,False,False,True,False,False,,0.0,0.0,0.0,0.0,0,,,False,False,False,False,,,False,False,False,False,14312.0,4873.560361936315,False,False,False,False,2160.894223395623,False,False,False,False
2024-04-02 17:00:00+00:00,169.115,173.81,168.58,173.1,3803.0,,,,,,,,,176.19713674738946,,,,,,,,,,,,,176.19713674738946,#000000,,177.2471825325429,,49.03835587456474,4.9228751662758015,False,False,False,True,False,,0.0,0.0,0.0,0.0,0,,,False,False,False,False,,,False,False,False,False,18115.0,5078.853999735752,False,False,False,False,2186.353227684063,False,False,False,False
2024-04-03 17:00:00+00:00,173.7,174.19,173.22,174.155,509.0,,,,,,,,,176.07179266112922,,,,,,,,,,,,,176.07179266112922,#000000,,177.15723649867996,,46.564145423993054,2.858037747913812,False,True,False,True,False,,0.0,0.0,0.0,0.0,0,,,False,False,False,False,,,False,False,False,False,18624.0,5288.85626330574,False,False,False,False,2160.3477512858603,False,False,False,False
2024-04-04 17:00:00+00:00,175.69,175.69,170.73,171.6,1886.0,,,,,,,,,175.50940832382793,,,,,,,,,,,,,175.50940832382793,#000000,,176.7557293257088,,43.14092958316808,-0.21261346117128,False,True,False,True,False,,0.0,0.0,0.0,0.0,0,,,False,False,False,False,,,False,False,False,False,16738.0,5466.362367750612,False,False,False,False,2156.0942977775526,False,False,False,False
2024-04-05 17:00:00+00:00,174.68,174.68,172.11,172.23,601.0,,,,,,,,,175.3840417847419,,,,,,,,,,,,,175.3840417847419,#000000,,176.65594927991677,,41.58618819338748,-1.652097625886725,False,True,False,True,False,,0.0,0.0,0.0,0.0,0,,,False,False,False,False,,,False,False,False,False,17339.0,5650.434269025796,False,False,False,False,2131.9843086647224,False,False,False,False
2024-04-08 17:00:00+00:00,175.47,175.85,175.11,175.58,1099.0,,,,,,,,,175.394890941946,,,,,,,,,,,,,175.394890941946,#000000,,176.61830946096725,,44.037380423900494,-1.652097625886725,False,True,False,True,False,,0.0,0.0,0.0,0.0,0,,,False,False,False,False,,,False,False,False,False,18438.0,5848.6911020641555,False,False,False,False,2115.9690480652694,False,False,False,False
2024-04-09 17:00:00+00:00,175.2,175.765,174.375,175.765,232.0,,,,,,,,,175.39326831220149,,,,,,,,,,,,,175.39326831220149,#000000,,176.60839050966214,,45.849457577937734,-1.652097625886725,False,True,False,True,True,,0.0,0.0,0.0,0.0,0,,,False,False,False,False,,,False,False,False,False,18670.0,6047.471084977889,False,False,False,False,2086.760225614645,False,False,False,False
2024-04-10 17:00:00+00:00,170.575,170.695,166.85,169.55,3455.0,,,,,,,,,174.08372745869082,,,,,,,,,,,,,174.08372745869082,#000000,,175.63389442919728,,42.38673236057766,-1.652097625886725,False,True,False,True,False,,0.0,0.0,0.0,0.0,0,,,False,False,False,False,,,False,False,False,False,15215.0,6189.603316218541,False,False,False,False,2107.973245372558,False,False,False,False
2024-04-11 17:00:00+00:00,173.0,174.0,172.73,172.76,906.0,,,,,,,,,174.03658912756737,,,,,,,,,,,,,174.03658912756737,#000000,,175.56409855210507,,43.11833782303743,-1.652097625886725,False,True,False,True,False,9.050584227172099,0.0,0.0,0.0,0.0,0,,,False,False,False,False,,,False,False,False,False,16121.0,6343.578458602749,False,False,False,False,2089.3380012582547,False,False,False,False
2024-04-12 17:00:00+00:00,170.71,171.58,169.63,170.98,429.0,,,,,,,,,173.9582996670162,,,,,,,,,,,,,173.9582996670162,#000000,,175.49417572721313,,42.402155963608266,-1.652097625886725,False,True,False,True,False,7.046580826708659,0.0,0.0,0.0,0.0,0,,,False,False,False,False,,,False,False,False,False,15692.0,6488.515226686428,False,False,False,False,2063.596326820142,False,False,False,False
2024-04-15 17:00:00+00:00,171.4,171.4,170.12,170.8,615.0,,,,,,,,,173.8537435500516,,,,,,,,,,,,,173.8537435500516,#000000,,175.39877312573972,,41.799984153742926,-2.277916474392015,False,True,False,True,False,6.845218853180537,0.0,0.0,0.0,0.0,0,,,False,False,False,False,,,False,False,False,False,15077.0,6621.67002937346,False,False,False,False,2041.137469039985,False,False,False,False
2024-04-16 17:00:00+00:00,170.68,170.68,169.19,169.43,576.0,,,,,,,,,173.7318297082686,,,,,,,,,,,,,173.7318297082686,#000000,,175.29294171980106,,40.41713869788138,-4.007017970920131,False,True,False,True,False,5.314370338739636,0.0,0.0,0.0,0.0,0,,,False,False,False,False,,,False,False,False,False,14501.0,6743.830183956818,False,False,False,False,2018.422159442466,False,False,False,False
2024-04-17 17:00:00+00:00,166.91,169.3,166.91,167.81,1610.0,,,,,,,,,173.2912220363289,,,,,,,,,,,,,173.2912220363289,#000000,,174.925888027537,,38.390924548573835,-6.275248304571463,False,True,False,True,False,3.5417814527427183,0.0,0.0,0.0,0.0,0,,,False,False,False,False,,,False,False,False,False,12891.0,6839.135142345083,False,False,False,False,2012.090032939482,False,False,False,False
2024-04-18 17:00:00+00:00,168.24,168.41,166.42,166.905,732.0,,,,,,,,,173.08681438204323,,,,,,,,,,167.245,,,170.16590719102163,#000000,,172.87695107949304,,36.44031870179662,-8.399037010525163,False,True,False,True,False,2.56590882310617,0.0,0.0,0.0,0.0,1,,,False,False,False,False,,,False,False,False,False,12159.0,6921.613667269966,False,False,False,False,1992.243675839645,False,False,False,False
2024-04-19 17:00:00+00:00,168.12,169.3,167.31,168.09,2293.0,,,,,,,,,172.62203960464953,,,,,,,,,,167.99417300275485,,,170.30810630370217,#000000,,172.74935136477683,,36.75131826856943,-8.399037010525163,False,True,False,True,False,3.7487557293045413,0.0,0.0,0.0,0.0,0,,,False,False,False,False,,,False,False,False,False,14452.0,7038.363842971206,False,False,False,False,1996.9065645863172,False,False,False,False
2024-04-22 17:00:00+00:00,169.455,170.24,168.78,169.04,1732.0,,,,,,,,,172.401554374213,,,,,,,,,,168.48903650760283,,,170.4452954409079,#000000,,172.70375921531058,,38.22592631798396,-8.399037010525163,False,True,False,True,False,4.68803329162284,0.0,0.0,0.0,0.0,0,,,False,False,False,False,,,False,False,False,False,16184.0,7180.156651607312,False,False,False,False,1992.7994860655992,False,False,False,False
2024-04-23 17:00:00+00:00,171.97,173.26,171.9,172.52,628.0,,,,,,,,,172.40533707153267,,,,,,,,,,168.96379325286287,,,170.68456516219777,#000000,,172.80676239617458,,43.132829440541386,-11.668302779550984,False,True,False,True,True,7.989985404437196,0.0,0.0,0.0,0.0,0,,,False,False,False,False,,,False,False,False,False,16812.0,7329.487556233555,False,False,False,False,1971.6398041110938,False,False,False,False
2024-04-24 17:00:00+00:00,171.39,172.49,170.225,171.19,1288.0,,,,,,,,,172.3538193865594,,,,,,,,,,169.41504171037514,,,170.88443054846726,#000000,,172.85635317410583,,45.005904722651294,-9.891170345171133,False,True,False,True,True,6.497425618377267,0.0,0.0,0.0,0.0,0,,,False,False,False,False,,,False,False,False,False,15524.0,7456.534260788073,False,False,False,False,1961.0407373806893,False,False,False,False
2024-04-25 17:00:00+00:00,169.2,171.615,169.15,171.615,1211.0,,,,,,,,,172.28821222746842,,,,,,,,,,169.62675038051748,,,170.95748130399295,#000000,,172.84152811291042,,46.72766315341927,-8.20710817731429,False,True,False,True,True,6.896804184655419,0.0,0.0,0.0,0.0,0,,,False,False,False,False,,,False,False,False,False,16735.0,7600.386442791358,False,False,False,False,1949.4121988166476,False,False,False,False
2024-04-26 17:00:00+00:00,171.98,173.055,171.67,172.61,1198.0,,,,,,,,,172.29447286847545,,,,,,,,,,169.9985036335609,,,171.14648825101818,#000000,,172.90822819660144,,49.004562250587455,-5.984633744896712,False,True,False,False,True,7.832309695394898,0.0,0.0,0.0,0.0,0,,,False,False,False,False,,,False,False,False,False,17933.0,7760.582001817848,False,False,False,False,1937.7623972846065,False,False,False,False
2024-04-29 17:00:00+00:00,172.51,176.1,172.51,176.04,2388.0,,,,,,,,,172.48534038283424,,,,,,,,,,171.01550217959894,,,171.75042128121657,#000000,,173.21601841793378,,53.75210791826613,-1.5471065896069263,False,True,True,False,True,10.928235241115441,0.0,0.0,0.0,0.0,0,,,False,False,False,False,,,False,False,False,False,20321.0,7955.317164580362,False,False,False,False,1944.7428252336824,False,False,False,False
2024-04-30 17:00:00+00:00,174.16,174.3,172.37,173.04,2223.0,,,,,,,,,172.53359388091184,,,,,,,,,,171.37609873658073,,,171.95484630874628,#000000,,173.28858520466486,,53.32646074921513,-1.5471065896069263,False,True,True,False,True,7.533083244225356,0.0,0.0,0.0,0.0,0,,,False,False,False,False,,,False,False,False,False,18098.0,8112.568061253534,False,False,False,False,1949.0568899587415,False,False,False,False
2024-05-01 17:00:00+00:00,172.73,175.36,171.82,173.95,6076.0,,,,,,,,,172.70926405170934,,,,,,,,,,172.09342303606655,,,172.40134354388795,#000000,,173.46636063009146,,53.91284425578378,-1.279452797661719,False,False,True,False,True,8.348217528021667,0.0,0.0,0.0,0.0,0,,,False,False,False,False,,,False,False,False,False,24174.0,8361.58250991627,False,False,False,False,2013.0405040679082,False,False,False,False
2024-05-02 17:00:00+00:00,175.46,177.14,174.71,176.995,2151.0,,,,,,,,,172.88863468720825,,,,,,,,,,172.50441354927008,,,172.69652411823915,#000000,,173.64508809178025,,56.86902579447863,1.675794750227297,False,False,True,False,True,10.98888384127316,0.0,0.0,0.0,0.0,0,,,False,False,False,False,,,False,False,False,False,26325.0,8640.085106661754,False,False,False,False,2015.179410981584,False,False,False,False
2024-05-03 17:00:00+00:00,173.57,175.21,171.55,175.21,2516.0,,,,,,,,,172.94972991445457,,,,,,,,,,172.65737375184153,,,172.80355183314805,#000000,,173.6871394690985,,56.71517144168446,1.713686449808037,False,False,True,False,True,8.998225552728321,0.0,0.0,0.0,0.0,0,,,False,False,False,False,,,False,False,False,False,23809.0,8875.26208175227,False,False,False,False,2022.944071276443,False,False,False,False
2024-05-06 17:00:00+00:00,173.99,174.03,168.52,168.675,2474.0,,,,,,,,,172.8182765349502,,,,,,,,,,172.4506057847145,,,172.63444115983236,#000000,,173.52532277534254,,51.06854097152315,6.311912137220709,False,True,False,False,False,2.3119775280819255,0.0,0.0,0.0,0.0,0,,,False,False,False,False,,,False,False,False,False,21335.0,9068.436313042932,False,False,False,False,2029.9371864504517,False,False,False,False
2024-05-07 17:00:00+00:00,168.83,169.09,166.605,166.87,3734.0,,,,,,,,,172.43472325653556,,,,,,,,,,171.85000995300874,,,172.14236660477215,#000000,,171.98120792918687,,46.19132152729844,1.8674869420360949,False,True,False,True,False,0.6155740164191705,0.0,0.0,0.0,0.0,0,,,False,False,False,False,,,False,False,False,False,17601.0,9200.724122143041,False,False,False,False,2056.3567649550955,False,False,False,False
2024-05-08 17:00:00+00:00,171.35,173.505,170.405,173.29,4377.0,,,,,,,,,172.4320063995996,,,,,,,,,,171.91874889352104,,,172.17537764656032,#000000,,172.48257731384427,,48.266611829554364,1.8674869420360949,False,True,False,True,False,6.1023652932616415,0.0,0.0,0.0,0.0,0,,,False,False,False,False,,,False,False,False,False,21978.0,9398.821422574933,False,False,False,False,2092.3357298395126,False,False,False,False
2024-05-09 17:00:00+00:00,176.71,178.81,176.39,178.05,2906.0,,,,,,,,,172.6946211361667,,,,,,,,,,172.3655444670024,,,172.53008280158454,#000000,,173.08246377496673,,52.399643845422105,-3.8747313271476145,False,False,True,False,True,9.744050371046164,0.0,0.0,0.0,0.0,0,,,False,False,False,False,,,False,False,False,False,24884.0,9638.901710597025,False,False,False,False,2104.9506797644817,False,False,False,False
2024-05-10 17:00:00+00:00,178.225,178.555,177.38,178.38,2715.0,,,,,,,,,172.9332290211494,,,,,,,,,,172.74895625215294,,,172.84109263665118,#000000,,173.49658630734683,,55.3299037885172,-1.2045953473378432,False,False,True,False,True,9.987146595044777,0.0,0.0,0.0,0.0,0,,,False,False,False,False,,,False,False,False,False,27599.0,9917.35284686684,False,False,False,False,2114.4088087603814,False,False,False,False
2024-05-13 17:00:00+00:00,175.51,176.77,174.62,174.73,966.0,,,,,,,,,172.97092638497955,,,,,,,,,,172.80988559892327,,,172.8904059919514,#000000,,173.54862504514796,,54.37971341050042,-1.2045953473378432,False,False,True,False,True,6.558064682025751,0.0,0.0,0.0,0.0,0,,,False,False,False,False,,,False,False,False,False,26633.0,10176.510167070453,False,False,False,False,2096.604021027662,False,False,False,False
2024-05-14 17:00:00+00:00,175.61,177.79,175.45,177.0,843.0,,,,,,,,,173.02115360338325,,,,,,,,,,172.888062943158,,,172.95460827327062,#000000,,173.6202253335717,,55.18108091234387,-1.1723644624534444,False,False,True,False,True,8.266794947880353,0.0,0.0,0.0,0.0,0,,,False,False,False,False,,,False,False,False,False,27476.0,10444.719311767034,False,False,False,False,2077.1682997714192,False,False,False,False
2024-05-15 17:00:00+00:00,180.17,180.62,178.5,180.455,738.0,,,,,,,,179.85833333333335,173.09986078397728,,,,,,,,,,173.00716872351757,,,175.32178761360942,#000000,,174.75648370350072,,57.64960260309607,1.4193930629692204,True,False,True,False,True,10.757762155053303,0.0,0.0,0.0,0.0,0,,,False,False,False,False,,,False,False,False,False,28214.0,10720.212035615607,False,False,False,False,2056.406000550157,False,True,False,False
2024-05-16 17:00:00+00:00,175.33,175.55,172.98,173.45,2663.0,,,,,,,,175.2660090169558,173.1354942440943,,,,,,,,,,173.0644433539795,,,173.82198220500985,#000000,8.312162910593853,174.00483745371488,-0.06675006970902309,54.40388411765563,1.4193930629692204,True,False,True,False,False,4.609860630407052,0.0,0.0,0.0,0.0,0,,,False,False,False,False,,,False,False,False,False,25551.0,10950.146732737845,False,False,False,False,2065.810558681162,False,False,False,False
2024-05-17 17:00:00+00:00,172.63,174.98,172.19,174.98,749.0,,,,,,,,175.04654136546182,173.14563871486894,,,,,,,,,,173.08028382795794,,,173.75748796942958,#000000,7.926261857081612,173.97258331955572,0.1270985867750764,53.18586263731509,1.4193930629692204,False,False,True,False,False,5.716837086821581,0.0,0.0,0.0,0.0,0,,,False,False,False,False,,,False,False,False,False,26300.0,11188.128953935708,False,False,False,False,2045.39489110471,False,False,False,False
2024-05-20 17:00:00+00:00,175.51,175.795,174.22,174.4,351.0,,,,,,,,175.02770532474264,173.15422010058145,,,,,,,,,,173.09317732293977,,,173.75836758275463,#000000,7.492173735257284,173.9762311416223,0.05656153652490821,51.98977780098072,1.4193930629692204,False,False,False,False,False,5.228783785452343,0.0,0.0,0.0,0.0,0,,,False,False,False,False,,,False,False,False,False,25949.0,11416.979667828176,False,False,False,False,2019.1252028705283,False,False,False,False
2024-05-21 17:00:00+00:00,172.03,174.235,171.82,172.73,1084.0,,,,,,,,174.62023545210386,173.15066912233885,,,,,,,,,,173.0894573861271,,,173.62012065352326,#000000,7.066307398652569,173.89265382026807,-0.16453484892120257,50.05983387010841,5.774666323578174,False,False,False,False,False,3.828396327335973,0.0,0.0,0.0,0.0,0,,,False,False,False,False,,,False,False,False,False,24865.0,11625.476107086653,False,False,False,False,2004.6271377097448,False,False,False,False
2024-05-22 17:00:00+00:00,170.17,170.24,168.45,168.74,825.0,,,,,,,,173.91532995319815,173.10329158366886,,,,,,,,,,173.02282853400465,,,173.34715002362387,"rgba(239, 83, 80, 0.5)",6.6532557227053495,173.71035258353564,-0.7470556958412808,46.378518264049454,2.120765538161322,False,True,False,True,False,0.6107955345242075,0.0,0.0,0.0,0.0,0,,,False,False,False,False,,,False,False,False,False,24040.0,11817.949345736473,False,False,False,False,1986.3383448770355,False,False,False,False
2024-05-23 17:00:00+00:00,168.0,168.0,165.96,167.52,886.0,,,,,,,,173.0949869791667,173.02877651520507,,,,,,,,,,172.9184108589463,,,173.0140581177727,"rgba(239, 83, 80, 0.5)",6.354022299881167,173.47794384734223,-0.9376649256414551,43.26398257127837,-0.8944609910861914,False,True,False,True,False,0.0,0.0,0.0,0.0,0.0,0,,,False,False,False,False,,,False,False,False,False,23154.0,11993.702069058387,False,False,False,False,1969.2788356541357,False,False,False,False
2024-05-24 17:00:00+00:00,168.83,169.12,167.96,169.04,817.0,,,,,,,,172.6530718188915,172.97937855557416,,,,,,,,,,172.85035858845555,,,172.8276029876404,"rgba(239, 83, 80, 0.5)",6.064046533492312,173.3407899759819,-0.7092277330373742,42.58205208156552,-1.6783028246780773,False,True,False,True,False,0.8454977046568359,0.0,0.0,0.0,0.0,0,,,False,False,False,False,,,False,False,False,False,23971.0,12179.396610623373,False,False,False,False,1951.4140475044592,False,False,False,False
2024-05-27 17:00:00+00:00,169.04,169.04,169.04,169.04,0.0,,,,,,,,172.6530718188915,172.97937855557416,,,,,,,,,,172.85035858845555,,,172.8276029876404,"rgba(239, 83, 80, 0.5)",5.927680600141767,173.3407899759819,-0.7255434740999779,42.12743175509029,-2.3822701823386296,False,True,False,True,False,0.8454977046568359,0.0,0.0,0.0,0.0,0,,,False,False,False,False,,,False,False,False,False,23971.0,12362.212167047817,False,False,False,False,1921.159566147801,False,False,False,False
2024-05-28 17:00:00+00:00,167.52,167.54,164.375,165.17,1079.0,,,,,,,,171.83630076878447,172.87106103202268,,,,,,,,,,172.70085852229084,,,172.469406774366,"rgba(239, 83, 80, 1.0)",5.621346980384119,173.07312659787863,-1.4059133203228458,39.401607531597556,-5.21470600594354,False,True,False,True,False,0.0,0.0,0.0,0.0,0.0,0,,,False,False,False,False,,,False,False,False,False,22892.0,12525.46469158971,False,False,False,False,1908.102828688145,False,False,False,False
2024-05-29 17:00:00+00:00,164.44,164.44,163.2,163.5,810.0,,,,,,,,171.17847197227223,172.7699644510469,,,,,,,,,,172.56206959881544,,,172.17016867404485,"rgba(255, 0, 0, 1.0)",5.57049308636363,172.8443151485892,-1.6774664295812083,36.6920230570521,-7.936910915604599,False,True,False,True,False,0.0,0.0,0.0,0.0,0.0,0,,,False,False,False,False,,,False,False,False,False,22082.0,12673.628029704598,False,False,False,False,1891.0779786309647,False,False,False,False
2024-05-30 17:00:00+00:00,164.655,165.7,163.04,165.7,1025.0,,,,,,,,170.58680904446663,172.66034393845706,,,,,,,,,,172.41355142924814,,,171.88690147072393,"rgba(239, 83, 80, 1.0)",5.574629298869978,172.61861802640792,-1.2410902421458563,37.28276131296905,-7.936910915604599,False,True,False,True,False,0.0,0.0,0.0,0.0,0.0,0,,,False,False,False,False,,,False,False,False,False,23107.0,12835.385734670417,False,False,False,False,1877.6504130707947,False,False,False,False
2024-05-31 17:00:00+00:00,167.1,168.09,165.47,167.88,1164.0,,,,,,,,170.25834331337327,172.57540811960152,,,,,,,,,,172.3013546966314,,,171.71170204320208,"rgba(239, 83, 80, 0.5)",5.496022335609025,172.46691278300625,-0.8345877259790958,39.819286162276725,-7.936910915604599,False,True,False,True,True,0.05731594019618669,0.0,0.0,0.0,0.0,0,,,False,False,False,False,,,False,False,False,False,24271.0,13012.682079869324,False,False,False,False,1866.5860655813249,False,False,False,False
2024-06-03 17:00:00+00:00,164.3,166.53,163.78,166.05,1671.0,,,,,,,,169.6791215793777,172.42131612566297,,,,,,,,,,172.09815039748074,,,171.39952936750714,"rgba(239, 83, 80, 1.0)",5.443253516679764,172.19915064117632,-1.1296829409715092,40.166631024671126,-7.936910915604599,False,True,False,True,True,0.0,0.0,0.0,0.0,0.0,0,,,False,False,False,False,,,False,False,False,False,22600.0,13161.322667778328,False,False,False,False,1863.5537234792887,False,False,False,False
2024-06-04 17:00:00+00:00,161.715,162.315,161.165,162.24,482.0,,,,,,,,169.41794455289087,172.3561027043256,,,,,,,,,,172.01165871408867,,,171.26190199043504,"rgba(255, 0, 0, 1.0)",5.4080236869116955,172.08430419073727,-1.8203145475420333,38.0313938234011,-7.936910915604599,False,True,False,True,True,0.0,0.0,0.0,0.0,0.0,0,,,False,False,False,False,,,False,False,False,False,22118.0,13300.185882231375,False,False,False,False,1842.1342859059662,False,False,False,False
2024-06-05 17:00:00+00:00,163.9,164.69,163.76,164.69,400.0,,,,,,,,169.28126672996925,172.3152598305916,,,,,,,,,,171.9582858058688,,,171.18493745547653,"rgba(239, 83, 80, 1.0)",5.319999019508119,172.01726395870358,-1.377305509236927,39.07355151860935,-7.936910915604599,False,True,False,True,True,0.0,0.0,0.0,0.0,0.0,0,,,False,False,False,False,,,False,False,False,False,22518.0,13443.097729018486,False,False,False,False,1819.7756148066487,False,False,False,False
2024-06-06 17:00:00+00:00,160.43,161.87,160.43,161.81,956.0,,,,,,,,168.79953609341825,172.1829272636828,,,,,,,,,,171.7842148315019,,,170.92222606286768,"rgba(255, 0, 0, 1.0)",5.279489147413548,171.7945546460418,-1.891197115337057,38.002982601653486,-7.936910915604599,False,True,False,True,True,0.0,0.0,0.0,0.0,0.0,0,,,False,False,False,False,,,False,False,False,False,21562.0,13568.97218283215,False,False,False,False,1806.3837448096465,False,False,False,False
2024-06-07 17:00:00+00:00,160.1,161.71,160.07,161.28,1368.0,,,,,,,,168.1760063666901,171.99308297799155,,,,,,,,,,171.53680735003388,,,170.56863223157185,"rgba(255, 0, 0, 1.0)",5.413775964906376,171.489586346391,-1.8858531296035201,36.979081225005416,-8.743083963260702,False,True,False,True,False,0.0,0.0,0.0,0.0,0.0,0,,,False,False,False,False,,,False,False,False,False,20194.0,13671.685792400645,False,False,False,False,1799.5870976032952,False,False,False,False
2024-06-10 17:00:00+00:00,162.58,164.99,162.14,164.95,8534.0,,,,,,,,166.79289313334897,171.2289703055983,,,,,,,,,,170.5950187353974,,,169.53896072478156,"rgba(239, 83, 80, 1.0)",5.439100018294275,170.49831062933592,-1.020078801763955,39.94362098202966,-8.743083963260702,False,True,False,True,True,0.0,0.0,0.0,0.0,0.0,0,,,False,False,False,False,,,False,False,False,False,28728.0,13905.117020425441,False,False,False,False,1903.9965999660346,False,False,False,False
2024-06-11 17:00:00+00:00,163.47,164.99,163.47,164.76,3436.0,,,,,,,,166.510536423537,170.97529982649596,,,,,,,,,,170.2975858756825,,,169.26114070857182,"rgba(239, 83, 80, 0.5)",5.486346032906835,170.21217592115505,-0.9937717906331784,41.77168052953511,-12.519329180792155,False,True,False,True,True,0.0,0.0,0.0,0.0,0.0,0,,,False,False,False,False,,,False,False,False,False,25292.0,14081.657841814194,False,False,False,False,1927.7485906642355,False,False,False,False
2024-06-12 17:00:00+00:00,169.62,169.74,166.43,167.58,2744.0,,,,,,,,166.6319391479454,170.88709567748782,,,,,,,,,,170.20957592984252,,,169.24287025175857,#000000,5.496480513568279,169.83770919333006,-0.4107554257232059,45.52565031407292,-8.976954986869927,False,False,False,True,True,0.2394923065123713,0.0,0.0,0.0,0.0,0,,,False,False,False,False,,,False,False,False,False,28036.0,14298.004231863586,False,False,False,False,1940.4036512740925,False,False,False,False
2024-06-13 17:00:00+00:00,163.78,165.6,163.76,165.545,365.0,,,,,,,,166.6130504142429,170.8644784927099,,,,,,,,,,170.18393109288004,,,169.22048666661095,"rgba(239, 83, 80, 0.5)",5.562172838440428,169.76778745879014,-0.7591974542046368,46.231420473832316,-8.29707880904273,False,False,False,True,True,0.0,0.0,0.0,0.0,0.0,0,,,False,False,False,False,,,False,False,False,False,27671.0,14505.33749958663,False,False,False,False,1915.9787884636414,False,False,False,False
2024-06-14 17:00:00+00:00,160.355,163.43,159.705,163.43,906.0,,,,,,,,166.49176660716626,170.7829574241544,,,,,,,,,,170.08798900279012,,,169.12090434470358,"rgba(239, 83, 80, 0.5)",5.659729053139796,168.59601855706245,-0.9127678213140854,45.01501645872553,-8.29707880904273,False,False,False,True,True,0.0,0.0,0.0,0.0,0.0,1,,,False,False,False,False,,,False,False,False,False,26765.0,14695.409786414744,False,False,False,False,1900.320202595988,False,False,False,False
2024-06-17 17:00:00+00:00,163.215,164.865,162.65,163.11,1330.0,,,,,,,,166.37765111634624,170.68443545362166,,,,,,,,,,169.9746718683569,,,169.01225281277493,"rgba(239, 83, 80, 0.5)",5.746036739894373,168.52666913881242,-0.942679168966118,43.952003394417844,-8.29707880904273,False,True,False,True,False,0.0,0.0,0.0,0.0,0.0,0,,,False,False,False,False,,,False,False,False,False,25435.0,14861.915061043974,False,False,False,False,1891.4780289123291,False,False,False,False
2024-06-18 17:00:00+00:00,163.29,163.725,162.725,163.58,316.0,,,,,,,,166.3500179159822,170.6607810407532,,,,,,,,,,169.947510455822,,,168.98610313751914,"rgba(239, 83, 80, 0.5)",5.824582498280799,168.49616731443047,-0.8440377170177473,43.79613546092574,-8.29707880904273,False,True,False,True,False,0.0,0.0,0.0,0.0,0.0,1,,,False,False,False,False,,,False,False,False,False,25751.0,15030.738083353368,False,False,False,False,1867.0520129602,False,False,False,False
2024-06-19 17:00:00+00:00,163.58,163.58,163.58,163.58,0.0,,,,,,,,166.3500179159822,170.6607810407532,,,,,,,,,,169.947510455822,,,168.98610313751914,"rgba(239, 83, 80, 0.5)",5.851833775880878,168.49616731443047,-0.8401071361071635,43.69222350526434,-8.29707880904273,False,True,False,True,False,0.0,0.0,0.0,0.0,0.0,0,,,False,False,False,False,,,False,False,False,False,25751.0,15196.943694464167,False,False,False,False,1838.1054701236078,False,False,False,False
2024-06-20 17:00:00+00:00,161.74,161.74,160.67,161.41,580.0,,,,,,,,166.26655531619377,170.60558874809934,,,,,,,,,,169.8827861186157,,,168.9183100609696,"rgba(239, 83, 80, 1.0)",5.90922091936607,168.35690701496955,-1.1756045525735406,41.55314490206956,-4.717833013587409,False,True,False,True,False,0.0,0.0,0.0,0.0,0.0,1,,,False,False,False,False,,,False,False,False,False,25171.0,15351.580226332939,False,False,False,False,1818.5999589589007,False,False,False,False
2024-06-21 17:00:00+00:00,161.975,161.975,160.92,161.205,436.0,,,,,,,,166.20673867189322,170.56493547692577,,,,,,,,,,169.83528428813892,,,168.86898614565263,"rgba(239, 83, 80, 1.0)",6.034024792640308,168.2698391980073,-1.170833637711311,39.94134693248833,-6.402244224783651,False,True,False,True,False,0.0,0.0,0.0,0.0,0.0,0,,,False,False,False,False,,,False,False,False,False,24735.0,15497.059602668862,False,False,False,False,1797.1643006804682,False,False,False,False
2024-06-24 17:00:00+00:00,163.225,164.305,162.05,162.1,1674.0,,,,,,,,166.05503120347336,170.43623547704115,,,,,,,,,,169.68816034151638,,,168.7264756740103,"rgba(239, 83, 80, 0.5)",6.133844044786716,168.12161773050371,-0.9817037548617854,40.30970371140679,-6.402244224783651,False,True,False,True,False,0.0,0.0,0.0,0.0,0.0,1,,,False,False,False,False,,,False,False,False,False,26409.0,15666.23697317012,False,False,False,False,1795.2547766389105,False,False,False,False
2024-06-25 17:00:00+00:00,160.5,161.88,160.29,161.49,652.0,,,,,,,,165.97216165891186,170.3769822769166,,,,,,,,,,169.6195666857162,,,168.65623687384823,"rgba(239, 83, 80, 1.0)",6.243381235536714,168.02134773348834,-1.0461234845491318,39.873431332049826,-6.822217981716982,False,True,False,True,False,0.0,0.0,0.0,0.0,0.0,0,,,False,False,False,False,,,False,False,False,False,25757.0,15822.682911570584,False,False,False,False,1777.5298963809428,False,False,False,False
2024-06-26 17:00:00+00:00,161.075,161.33,159.78,159.78,491.0,,,,,,,,165.8998407816879,170.32841221553832,,,,,,,,,,169.56304193472707,,,168.5970983106511,"rgba(239, 83, 80, 1.0)",6.327099084084229,167.9322382965055,-1.288463826497104,37.816917976942406,-8.930799632631121,False,True,False,True,False,0.0,0.0,0.0,0.0,0.0,0,,,False,False,False,False,,,False,False,False,False,25266.0,15969.090928445457,False,False,False,False,1757.5836964370521,False,False,False,False
2024-06-27 17:00:00+00:00,159.65,161.02,159.65,160.285,1892.0,,,,,,,,165.63860458308594,170.14594611172663,,,,,,,,,,169.35198928104577,,,168.37884665861944,"rgba(239, 83, 80, 1.0)",6.384779428559064,167.63984488223417,-1.1519340588863598,37.40002701786932,-9.469416500730254,False,True,False,True,False,0.0,0.0,0.0,0.0,0.0,0,,,False,False,False,False,,,False,False,False,False,27158.0,16142.562386919171,False,False,False,False,1759.6676701357023,False,False,False,False
2024-06-28 17:00:00+00:00,160.93,161.08,158.56,161.08,1760.0,,,,,,,,165.4133641111954,169.98077662514012,,,,,,,,,,169.16250383017274,,,168.18554818883607,"rgba(239, 83, 80, 0.5)",6.392957466005995,167.4102135363425,-0.9901854611113642,38.624074848519115,-9.469416500730254,False,True,False,True,False,0.0,0.0,0.0,0.0,0.0,0,,,False,False,False,False,,,False,False,False,False,28918.0,16340.631187121975,False,False,False,False,1759.6728225366992,False,False,False,False
2024-07-01 17:00:00+00:00,159.48,159.48,156.725,156.82,244.0,,,,,,,,165.36886140441848,169.952396304943,,,,,,,,,,169.12948092775207,,,168.15024621237117,"rgba(255, 0, 0, 1.0)",6.51706280701899,167.36141660087992,-1.6175103590419042,35.33530323713815,-11.459640672327673,False,True,False,True,False,0.0,0.0,0.0,0.0,0.0,0,,,False,False,False,False,,,False,False,False,False,28674.0,16531.846207476672,False,False,False,False,1736.1740190865178,False,False,False,False
2024-07-02 17:00:00+00:00,156.97,157.46,156.33,156.56,533.0,,,,,,,,165.26234418038067,169.88638503304114,,,,,,,,,,169.05243675752044,,,168.06705532364742,"rgba(255, 0, 0, 1.0)",6.631643265843315,167.2443504699312,-1.6111165877937963,32.949429010859035,-13.635787852655312,False,True,False,True,False,0.0,0.0,0.0,0.0,0.0,0,,,False,False,False,False,,,False,False,False,False,28141.0,16711.83308798091,False,False,False,False,1717.5201583254864,False,False,False,False
2024-07-03 17:00:00+00:00,157.33,157.33,157.33,157.33,0.0,,,,,,,,165.26234418038067,169.88638503304114,,,,,,,,,,169.05243675752044,,,168.06705532364742,"rgba(239, 83, 80, 1.0)",6.702758978803243,167.2443504699312,-1.4791447076173034,32.86646866690351,-13.71281817826577,False,True,False,True,False,0.0,0.0,0.0,0.0,0.0,0,,,False,False,False,False,,,False,False,False,False,28141.0,16889.029474213767,False,False,False,False,1690.891938816564,False,False,False,False
2024-07-04 17:00:00+00:00,157.33,157.33,157.33,157.33,0.0,,,,,,,,165.26234418038067,169.88638503304114,,,,,,,,,,169.05243675752044,,,168.06705532364742,"rgba(239, 83, 80, 1.0)",6.675571608956483,167.2443504699312,-1.485168769162672,32.811161770933154,-13.89562769909147,False,True,False,True,False,0.0,0.0,0.0,0.0,0.0,0,,,False,False,False,False,,,False,False,False,False,28141.0,17063.478629652313,False,False,False,False,1664.6765599201833,False,False,False,False
2024-07-05 17:00:00+00:00,155.61,155.845,155.01,155.02,468.0,,,,,,,,165.15489807118132,169.82243064918848,,,,,,,,,155.29166666666666,168.9774479312219,,,164.8116108295646,"rgba(255, 0, 0, 1.0)",6.687619031187843,165.8109099864688,-1.6135652967289507,30.67095803473451,-16.03514116277669,False,True,False,True,False,0.0,0.0,0.0,0.0,0.0,0,,,False,False,False,False,,,False,False,False,False,27673.0,17227.967333068555,True,False,False,False,1646.1234349601805,False,False,False,False
2024-07-08 17:00:00+00:00,157.08,158.66,156.86,157.78,1444.0,,,,,,,,164.9171469480534,169.66160396881116,,,,,,,,,157.1608612273361,168.79206512528057,,,165.13291931737032,"rgba(239, 83, 80, 1.0)",6.71647690385365,165.8065022999043,-1.1950465124504512,34.29753506537308,-19.227709182488617,False,True,False,True,True,0.0,0.0,0.0,0.0,0.0,0,,,False,False,False,False,,,False,False,False,False,29117.0,17412.29342092796,False,False,False,False,1642.989738294131,False,False,False,False
2024-07-09 17:00:00+00:00,161.0,162.16,159.59,161.95,2712.0,,,,,,,,164.70719628034044,169.45559915642235,,,,,,,,,159.54938725490197,168.56438641210187,,,165.56914227594166,"rgba(239, 83, 80, 0.5)",6.650314459814207,165.9261997184194,-0.5978964968418212,41.767126427588906,-12.512126991618565,False,False,False,True,True,0.0,0.0,0.0,0.0,0.0,0,,,False,False,False,False,,,False,False,False,False,31829.0,17635.808251611244,False,False,False,False,1659.5635408011988,False,False,False,False
2024-07-10 17:00:00+00:00,162.41,165.5,162.41,165.41,3279.0,,,,,,,,164.68997119770367,169.31163146146102,,,,,,,,,161.57853051583785,168.41945941167018,,,165.9998981466682,#000000,6.444988787303511,166.18420714119574,-0.12012544423985916,49.55910905283855,-5.810738361786875,True,False,True,False,True,0.30916737267425276,0.0,0.0,0.0,0.0,0,,,False,False,False,False,,,False,False,False,False,35108.0,17906.694945384716,False,False,False,False,1684.671082804281,False,False,False,False
2024-07-11 17:00:00+00:00,172.86,174.425,172.86,173.475,951.0,,,,,,,,164.85325899835956,169.34692705710765,,,,,,,,,162.86831338001653,168.47158864277685,,,166.38502201956516,"rgba(38, 166, 154, 1.0)",6.2710778762290325,166.48881314442107,1.1140328653963238,58.6832135569388,1.9177694314208722,True,False,True,False,True,6.43008513441033,0.0,0.0,0.0,0.0,0,,,False,False,False,False,,,False,False,False,False,36059.0,18188.126031502783,False,False,False,False,1673.2963373344471,False,False,False,False
2024-07-12 17:00:00+00:00,175.46,176.35,174.97,176.11,4261.0,,,,,,,,165.68581969113347,169.57748248177018,,,,,,,,,167.07300470199516,168.788953129599,,,167.78131500112445,"rgba(38, 166, 154, 1.0)",6.128841231982303,167.70653532635288,1.3711343393584912,65.61612349630735,7.534824246902083,True,False,True,False,True,8.253673383972437,0.0,0.0,0.0,0.0,0,,,False,False,False,False,,,False,False,False,False,40320.0,18531.25586047173,False,False,False,False,1713.4157739649208,False,False,False,False
2024-07-15 17:00:00+00:00,182.05,182.21,180.26,180.62,2538.0,,,,,,,,166.35022631112022,169.81576169201134,,,,,,,,,169.33601205306758,169.09635704744474,,,168.64958927591096,"rgba(0, 255, 255, 0.75)",6.27430341419132,168.51682316809655,1.9290072591211154,71.43852938446992,12.256094236936704,True,False,True,False,True,11.216272684251436,0.0,0.0,0.0,0.0,0,,,False,False,False,False,,,False,False,False,False,42858.0,18908.414684340383,False,False,False,False,1726.200025531356,False,False,False,False
2024-07-16 17:00:00+00:00,186.15,189.68,186.15,189.125,703.0,,,,,,,,166.6105830256644,169.9217810897018,,,,,,,,,170.15189441183665,169.22913993920818,,,168.97834961660274,"rgba(0, 255, 0, 1.0)",6.700033985391786,168.8245936771819,3.0298960224798073,76.85017915436165,16.789149460938717,True,False,True,False,True,16.235451312458313,0.0,0.0,0.0,0.0,0,,,False,False,False,False,,,False,False,False,False,43561.0,19290.62530938937,False,False,False,False,1710.3364592440482,False,True,False,False
2024-07-17 17:00:00+00:00,187.1,187.515,183.6,184.79,2742.0,,,,,,,,167.4364253908915,170.25799767466586,,,,,,,,,172.32702665200546,169.6508303830575,,,169.91807002515506,"rgba(0, 255, 0, 1.0)",6.930635000742217,169.73211840403877,2.172655405218806,76.52315110357274,16.789149460938717,True,False,True,False,True,12.64825820979354,0.0,0.0,0.0,0.0,0,,,False,False,False,False,,,False,False,False,False,40819.0,19624.398560406586,False,False,False,False,1726.33124282166,False,False,False,False
2024-07-18 17:00:00+00:00,184.15,184.15,180.55,182.08,348.0,,,,,,,,167.5190860533808,170.29120456942658,,,,,,,,,172.50478427440092,169.69267736685174,,,170.00193806601501,"rgba(0, 255, 255, 0.75)",7.095465261649784,169.816028340268,1.7284238887078274,74.11757241848058,16.789149460938717,True,False,True,False,True,10.503737024328249,0.0,0.0,0.0,0.0,0,,,False,False,False,False,,,False,False,False,False,40471.0,19947.601683501056,False,False,False,False,1704.961766188766,False,False,False,False
2024-07-19 17:00:00+00:00,180.0,182.39,180.0,181.78,1387.0,,,,,,,,167.82066547533208,170.41226012136465,,,,,,,,,173.0963358613738,169.8453827787975,,,170.29366105921702,"rgba(0, 255, 255, 0.75)",7.242963032868183,170.11194414055072,1.6109506298044407,72.26763545070851,16.789149460938717,True,False,True,False,False,10.268069700223784,0.0,0.0,0.0,0.0,0,,,False,False,False,False,,,False,False,False,False,39084.0,20244.290029493284,False,False,False,False,1700.0321264028935,False,False,False,False
2024-07-22 17:00:00+00:00,183.77,185.88,183.46,185.88,780.0,,,,,,,,168.02906329688938,170.50163944142668,,,,,,,,,173.52857840188778,169.95636433855023,,,170.50391136968852,"rgba(0, 255, 0, 1.0)",7.466030469598457,170.32116579308314,2.0839500013122305,72.50948822504265,16.789149460938717,True,False,True,False,False,12.664082621317192,0.0,0.0,0.0,0.0,0,,,False,False,False,False,,,False,False,False,False,39864.0,20548.47157942362,False,False,False,False,1685.7680624276547,False,False,False,False
2024-07-23 17:00:00+00:00,184.82,186.505,184.18,184.31,1541.0,,,,,,,,168.42458088179689,170.6741631527733,,,,,,,,,174.29194077337252,170.16987201333757,,,170.89013920532008,"rgba(0, 255, 255, 0.75)",7.633786942932694,170.70836773632064,1.7817673410798631,71.27937243426086,16.789149460938717,True,False,True,False,False,11.414267511175119,0.0,0.0,0.0,0.0,0,,,False,False,False,False,,,False,False,False,False,38323.0,20824.045663463567,False,False,False,False,1683.523596343505,False,False,False,False
2024-07-24 17:00:00+00:00,186.44,186.66,181.99,182.63,1283.0,,,,,,,,168.71650857592215,170.80255083391327,,,,,,,,,174.7890361610127,170.3286002148404,,,171.15917394642213,"rgba(38, 166, 154, 1.0)",7.791386120882747,170.98217585491352,1.494961739075871,68.98184374775964,16.789149460938717,True,False,True,False,False,10.08966838782241,0.0,0.0,0.0,0.0,0,,,False,False,False,False,,,False,False,False,False,37040.0,21075.45580821607,False,False,False,False,1677.3139281831407,False,False,False,False
2024-07-25 17:00:00+00:00,189.93,190.01,185.715,185.715,779.0,,,,,,,,168.927094156876,170.89933730146666,,,,,,,,,175.1708014752538,170.44702659664225,,,171.36106488255967,"rgba(0, 255, 255, 0.75)",8.009665339253974,171.1844624971542,1.8141254206507462,68.84416013891101,16.789149460938717,True,False,True,False,False,11.901986812823228,0.0,0.0,0.0,0.0,0,,,False,False,False,False,,,False,False,False,False,37819.0,21335.045640646826,False,False,False,False,1663.3865804593709,False,False,False,False
2024-07-26 17:00:00+00:00,187.99,188.16,185.505,186.86,6325.0,,,,,,,,170.44798851037558,171.63070046347005,,,,,,,,,177.51119088382316,171.3336742110079,,,172.73088851716915,"rgba(0, 255, 255, 0.75)",8.256133346660377,172.5730970352705,1.7304593282167116,69.24206824726696,16.789149460938717,True,False,True,False,False,12.56221251287122,0.0,0.0,0.0,0.0,0,,,False,False,False,False,,,False,False,False,False,44144.0,21688.672840016643,False,False,False,False,1735.6596567313186,False,False,False,False
2024-07-29 17:00:00+00:00,185.845,186.09,184.24,184.3,1710.0,,,,,,,,170.77173069857767,171.79297382202708,,,,,,,,,177.88997538921134,171.52883628426727,,,172.99587904852083,"rgba(38, 166, 154, 1.0)",8.426183131297456,172.84708710084962,1.3592053152287566,67.05142089412601,16.789149460938717,True,False,True,False,False,10.520680051338307,0.0,0.0,0.0,0.0,0,,,False,False,False,False,,,False,False,False,False,42434.0,22010.30581924119,False,False,False,False,1735.2618325959493,False,False,False,False
2024-07-30 17:00:00+00:00,185.93,186.33,184.15,184.39,1766.0,,,,,,,,171.09298280711653,171.95743965881144,,,,,,,,,178.24636733586544,171.72574523855002,,,173.25563376008586,"rgba(38, 166, 154, 1.0)",8.591199125524565,173.11571037050336,1.3123068694800193,65.64254654634291,21.708380757749836,True,False,True,False,False,10.57456573362795,0.0,0.0,0.0,0.0,0,,,False,False,False,False,0.29163294119945765,0.29163294119945765,False,False,False,False,44200.0,22354.332085609545,False,False,False,False,1735.7383933308956,False,False,False,False
2024-07-31 17:00:00+00:00,186.72,190.805,185.57,186.97,2374.0,,,,,,,187.78166666666667,171.5860500049781,172.21882242229847,,,,,,,,,178.8517750706498,172.03613470354964,,,176.49488977362853,"rgba(38, 166, 154, 1.0)",8.805452606402651,174.96496256526257,1.3633640394598554,66.16395001478608,21.708380757749836,True,False,True,False,False,12.111914598942658,0.0,0.0,0.0,0.0,0,0.8996799889492584,0.8068882954231515,False,False,False,False,0.3428282524842092,0.3172305968418334,False,False,False,False,46574.0,22729.830812964436,False,False,False,False,1745.633922116463,False,False,False,False
2024-08-01 17:00:00+00:00,178.68,181.155,177.66,180.465,875.0,,,,,,,185.62132245819228,171.6741020842823,172.2644560436521,,,,,,,,,178.87254277077997,172.09077968595875,,,176.1046406085731,"rgba(38, 166, 154, 0.5)",8.873337403969508,174.801782360221,0.6382285922369568,60.898248060042846,16.496916022458322,True,False,True,False,False,7.073219642293292,0.0,0.0,0.0,0.0,0,0.88899950223992,0.8148219376442375,False,False,False,False,0.178917266655286,0.2480739317485597,False,False,False,False,45699.0,23085.94196315103,False,False,False,False,1732.1357217735722,False,False,False,False
2024-08-02 17:00:00+00:00,177.12,179.47,176.125,177.78,2102.0,,,,,,,182.5456475425154,171.828419557817,172.34365302204048,,,,,,,,,178.8162605281411,172.18605130651406,,,175.54400639140562,#000000,8.908238499903941,174.57010229759874,0.3603291158443812,55.637939547202535,11.54014647345469,True,False,True,False,False,5.121311082244841,0.0,0.0,0.0,0.0,0,0.8834109993021315,0.818970757074357,False,False,False,False,0.14165275646045022,0.19486334410450495,False,False,False,False,43597.0,23403.94286294714,False,False,False,False,1737.8700516685556,False,False,False,False
2024-08-05 17:00:00+00:00,169.84,171.56,169.84,171.36,1579.0,,,,,,,179.89674458874458,171.81152604387492,172.32849276251753,,,,,,,,,178.51902364889025,172.17035477142045,,,174.94522836308954,#000000,8.906670836366809,174.24169784023542,-0.32354376771948834,48.837945855041326,5.37832881031499,False,False,False,True,False,0.7271662627879998,0.0,0.0,0.0,0.0,0,0.8747221234216606,0.829706117730749,False,False,False,False,-0.005442908720742736,0.09471021769188111,False,False,False,False,42018.0,23692.53289607974,False,False,False,False,1735.4069500922988,False,False,False,False
2024-08-06 17:00:00+00:00,172.21,172.35,169.33,169.405,1129.0,,,,,,,178.56095814203582,171.79250061020258,172.31363046155496,,,,,,,,,178.30522348097932,172.15446216767327,,,174.6253549724892,"rgba(239, 83, 80, 0.5)",8.905146983222258,174.058260810186,-0.5225361040028844,43.484973676744204,0.7074711902103985,False,True,False,True,False,0.0,0.0,0.0,0.0,0.0,0,0.8725597254412548,0.8353984667498665,False,False,False,False,-0.0027574009497149826,0.04597640837108306,False,False,False,False,40889.0,23959.144789163773,False,False,False,False,1726.0052919513328,False,False,False,False
2024-08-07 17:00:00+00:00,169.545,169.545,166.3,166.33,1342.0,,,,,,,176.96653317023012,171.72491092444028,172.26981437258155,,,,,,,,,177.97549244300356,172.1052310842384,,,174.2083963988988,"rgba(239, 83, 80, 0.5)",8.918610483419187,173.80027308102038,-0.8376050389136894,38.71545334582629,-3.437443690911145,False,True,False,True,False,0.0,0.0,0.0,0.0,0.0,0,0.8655890636654084,0.8436251099310915,False,False,False,False,-0.058788114487200185,-0.006405853058058561,False,False,False,False,39547.0,24200.816962975186,False,False,False,False,1720.0517215334826,False,False,False,False
2024-08-08 17:00:00+00:00,167.77,169.23,167.1,168.66,508.0,,,,,,,176.52376812325494,171.70528783172333,172.2565825058289,,,,,,,,,177.8664261971538,172.09051689965068,,,174.0885163115223,"rgba(239, 83, 80, 0.5)",8.92038933723902,173.72477985606798,-0.567775650208963,37.55808620538304,-4.3932107479708975,False,True,False,True,False,0.0,0.0,0.0,0.0,0.0,0,0.8597763674826229,0.8490984184547197,False,False,False,False,-0.054121662860606656,-0.03026375795933261,False,False,False,False,40055.0,24446.61825037092,False,False,False,False,1701.260221974824,False,False,False,False
2024-08-09 17:00:00+00:00,167.89,168.25,166.935,167.9,906.0,,,,,,,175.78415980890736,171.66436883162712,172.22942237761015,,,,,,,,,177.66535899226156,172.06017388731428,,,173.88069677954408,"rgba(239, 83, 80, 0.5)",8.922021243141195,173.59048959385336,-0.6378027398475342,36.428480634786425,-5.602779830008259,False,True,False,True,False,0.0,0.0,0.0,0.0,0.0,0,0.8679624893435632,0.8478545041204889,False,False,False,False,-0.0851225843056737,-0.05769317113250315,False,False,False,False,39149.0,24674.562153465944,False,False,False,False,1688.930606130253,False,False,False,False
2024-08-12 17:00:00+00:00,167.49,167.49,165.805,165.98,624.0,,,,,,,175.27361555497274,171.62780569317542,172.2057165920535,,,,,,,,166.42499999999998,177.51437776247056,172.03350821781382,,,172.51333730341435,"rgba(239, 83, 80, 0.5)",8.912497020203418,172.84844895457246,-0.7706537167981804,34.767508794874175,-7.467580714659576,False,True,False,True,False,0.0,0.0,0.0,0.0,0.0,0,0.8576087455789808,0.8553121124431585,False,False,False,False,-0.10433297116293362,-0.08101307114771839,False,False,False,False,38525.0,24889.297623954844,False,False,False,False,1672.4200540972258,False,False,False,False
2024-08-13 17:00:00+00:00,167.46,168.59,167.1,168.54,1415.0,,,,,,,174.4813576837301,171.57248530253653,172.16782753902328,,,,,,,,167.57120320418505,177.2354121841337,171.99150037889308,,,172.50329771541695,#000000,8.909072533401279,172.80468102036133,-0.47868967329343093,36.1006969595429,-7.467580714659576,False,True,False,True,False,0.0,0.0,0.0,0.0,0.0,0,0.8492116623190744,0.8587455850781414,False,False,False,False,-0.08000082297781798,-0.08050694706276817,False,False,False,False,39940.0,25122.641846839262,False,False,False,False,1668.4290455065711,False,False,False,False
2024-08-14 17:00:00+00:00,167.12,168.25,166.49,168.055,555.0,,,,,,,174.19646854102967,171.5483499841334,172.1514402163378,,,,,,,,167.5770078386019,177.12496369030404,171.97328277469782,,,172.42858550751745,"rgba(239, 83, 80, 0.5)",8.90206306789974,172.7480140993399,-0.5271827511829936,36.7018907978781,-7.467580714659576,False,True,False,True,False,0.0,0.0,0.0,0.0,0.0,0,0.844084031280366,0.8589144417194949,False,False,False,False,-0.08963950639057697,-0.08507322672667257,False,False,False,False,39385.0,25343.76367867121,False,False,False,False,1651.166579684764,False,False,False,False
2024-08-15 17:00:00+00:00,170.7,172.62,170.535,171.0,470.0,,,,,,,174.10126065758823,171.54751417964877,172.1491195853841,,,,,,,,168.16113196257618,177.0697897919393,171.97122412663435,,,172.50000671729515,#000000,8.866884920771097,172.78233126846965,-0.2010098568319582,39.83427809298561,-7.467580714659576,False,True,False,True,True,0.7013712074575018,0.0,0.0,0.0,0.0,0,0.8492965646714055,0.8482548622319909,False,False,False,False,-0.004633733790984508,-0.04485348025882854,False,False,False,False,39855.0,25568.744086753828,False,False,False,False,1632.8539195346125,False,False,False,False
2024-08-16 17:00:00+00:00,172.375,172.5,170.77,170.91,1458.0,,,,,,,173.8438336484754,171.5451051813749,172.14208681694603,,,,,,,,169.20327030812325,176.9054280030715,171.96501811941138,,,172.60079034623377,#000000,8.847275169673857,172.82336087163333,-0.2162655546412561,41.853131445799164,-7.467580714659576,False,True,False,True,True,0.6407047224594962,0.0,0.0,0.0,0.0,0,0.85489745504682,0.8479692077899699,False,False,False,False,-0.003475289713022802,-0.02416438498592567,False,False,False,False,38397.0,25767.63177533129,False,False,False,False,1630.1430060534558,False,False,False,False
2024-08-19 17:00:00+00:00,173.03,173.645,172.27,172.51,392.0,,,,,,,173.81802678703883,171.55038958313324,172.1437494853937,,,,,,,,169.4908536833537,176.873778984222,171.96744603083678,,,172.640707425663,#000000,8.85034756430552,172.84411643484802,-0.03775178685586971,44.69333855014132,-11.732927425130491,False,True,False,True,True,1.7062294877889066,0.0,0.0,0.0,0.0,0,0.8551269559236543,0.8413710093425806,False,False,False,False,0.02317264388230073,-0.0004958705518124714,False,False,False,False,38789.0,25969.513453233132,False,False,False,False,1610.9469904557277,False,False,False,False
2024-08-20 17:00:00+00:00,170.68,171.01,170.08,170.6,370.0,,,,,,,173.74322483798167,171.54650754169455,172.14003553554193,,,,,,,,169.5659516149382,176.82810121423162,171.96364079163254,,,172.63124358933678,#000000,8.842465552890422,172.83408048336454,-0.2526535693016384,44.905602591898486,-11.206107704568993,False,True,False,True,True,0.39030463219003053,0.0,0.0,0.0,0.0,0,0.8561451714465622,0.8423149579254682,False,False,False,False,-0.02544046969985686,-0.012968170125834667,False,False,False,False,38419.0,26162.528748531844,False,False,False,False,1591.7075022316078,False,False,False,False
2024-08-21 17:00:00+00:00,175.02,176.14,175.02,175.455,667.0,,,,,,,173.81463944888466,171.57461008964506,172.15437108012102,,,,,,,,170.23534812076403,176.81148813317105,171.98101985009174,,,172.76191278711292,#000000,8.856400155351574,172.9122476108337,0.28710902223967655,49.10336935821526,-6.982333568590427,False,False,False,False,True,3.568776240771065,0.0,0.0,0.0,0.0,0,0.8542143062338406,0.8454582016661881,False,False,False,False,0.07614959650714351,0.03159071319065442,False,False,False,False,39086.0,26362.892643903444,False,False,False,False,1577.3709518094122,False,False,False,False
2024-08-22 17:00:00+00:00,174.34,174.34,171.41,171.41,576.0,,,,,,,173.76721052935073,171.57951718771855,172.1552142423536,,,,,,,,170.42519942801698,176.76281078706617,171.98271579892238,,,172.7787779955714,#000000,8.809648993426869,172.91886735014225,-0.17127440052016402,48.593428667833834,-6.982333568590427,False,False,False,False,True,0.822621035342813,0.0,0.0,0.0,0.0,0,0.8444347915547373,0.8478984007956016,False,False,False,False,0.02150972585910793,0.026550219524881177,False,False,False,False,38510.0,26551.2198897344,False,False,False,False,1561.8458207736073,False,False,False,False
2024-08-23 17:00:00+00:00,176.42,177.15,175.78,176.83,118.0,,,,,,,173.78626527300497,171.58570805130032,172.15850694859864,,,,,,,,170.53461299222474,176.76241470866597,171.98665567956837,,,172.8023606088938,#000000,8.791723041363149,172.93351167004968,0.44319962214667113,51.861804123355476,-3.972782208541936,False,False,True,False,True,4.205818449067028,0.0,0.0,0.0,0.0,0,0.8457326198358348,0.8401886535758017,False,False,False,False,0.09410926347329457,0.060329741499087874,False,False,False,False,38628.0,26738.456790668748,False,False,False,False,1539.4606142499856,False,False,False,False
2024-08-26 17:00:00+00:00,176.765,176.79,174.68,174.88,595.0,,,,,,,173.84109341825905,171.60965038059834,172.17079295375274,,,,,,,,170.9385709023941,176.7477009848256,172.0015360258225,,,172.88489077760872,#000000,8.792816093086817,172.98431572212442,0.2155946693080525,52.53934916167524,-3.102704009392241,False,False,True,False,True,2.9014193913053603,0.0,0.0,0.0,0.0,0,0.8394835202174649,0.8449201495073059,False,False,False,False,0.07929121027981599,0.06981047588945194,False,False,False,False,38033.0,26913.565987712645,False,False,False,False,1524.8178140290554,False,False,False,False
2024-08-27 17:00:00+00:00,174.29,174.98,173.07,173.1,610.0,,,,,,,173.83702696669346,171.62294963594533,172.17668608163456,,,,,,,,171.15444840764334,176.71325869627307,172.0090577714831,,,172.91890459327882,#000000,8.762728702082816,173.00388151243274,0.010969013287425698,51.672592878802405,-3.102704009392241,False,False,False,False,True,1.7244998555952264,0.0,0.0,0.0,0.0,0,0.8336603842467937,0.8573563638023093,False,False,False,False,0.0447046643553237,0.057257570122387816,False,False,False,False,37423.0,27076.502949143454,False,False,False,False,1510.6345921061243,False,False,False,False
2024-08-28 17:00:00+00:00,174.69,175.39,173.74,174.37,705.0,,,,,,,173.8611568576837,171.6437854056238,172.1868773864115,,,,,,,,171.43014845119814,176.68456898400962,172.02161947987233,,,172.97135942746652,#000000,8.692629236084771,173.03616630198056,0.15344421829041638,52.02307449822125,-3.0087803535669053,False,False,True,False,True,2.521699407315488,0.0,0.0,0.0,0.0,0,0.8263018514713601,0.8578293724174144,False,False,False,False,0.05561128539793078,0.0564344277601593,False,False,False,False,38128.0,27247.843988691617,False,False,False,False,1498.1441333137811,False,False,False,False
2024-08-29 17:00:00+00:00,176.73,177.82,175.0,175.69,636.0,,,,,,,173.93455604985172,171.67316441119638,172.2025773398201,,,,,,,,171.75813730823631,176.67862118265688,172.04040660566577,,,173.04791048290454,#000000,8.708714149352636,173.0859832540314,0.2990127705778674,53.219209301494985,-1.508283653961648,False,False,True,False,True,3.3484565185963007,0.0,0.0,0.0,0.0,0,0.8264391057495682,0.858368461336349,False,False,False,False,0.09299147906742795,0.07471295341379362,False,False,False,False,38764.0,27426.389043130504,False,False,False,False,1484.7775576034899,False,False,False,False
2024-08-30 17:00:00+00:00,175.95,178.51,175.44,178.45,374.0,,,,,,,173.99937495911024,171.69519383273348,172.2147506013146,,,,,,,,171.98134587907302,176.68394148900956,172.05481918769402,,,173.1049043248225,"rgba(38, 166, 154, 0.5)",8.744878044261606,173.4858319093141,0.5676657885404564,55.87533482960557,1.2661206532083185,False,False,True,False,True,5.050855764126826,0.0,0.0,0.0,0.0,0,0.8324405988188432,0.8541294693952296,False,False,False,False,0.10448572119752493,0.08959933730565928,False,False,False,False,39138.0,27607.9644068029,False,False,False,False,1467.5562001212652,False,False,False,False
2024-09-02 17:00:00+00:00,178.45,178.45,178.45,178.45,0.0,,,,,,,173.99937495911024,171.69519383273348,172.2147506013146,,,,,,,,171.98134587907302,176.68394148900956,172.05481918769402,,,173.1049043248225,"rgba(38, 166, 154, 0.5)",8.784779595957387,173.4858319093141,0.5650873805610692,57.6460851816793,3.119862955728557,True,False,True,False,True,5.050855764126826,0.0,0.0,0.0,0.0,0,0.8339690245030048,0.8614308830328247,False,False,False,False,0.13463081926426612,0.1121150782849627,False,False,False,False,39138.0,27786.724648557894,False,False,False,False,1444.8033908170594,False,False,False,False
2024-09-03 17:00:00+00:00,171.66,171.66,169.62,169.78,335.0,,,,,,,173.94041169844718,171.69063906930245,172.21090289432985,,,,,,,,171.9262565656566,176.6458887772434,172.05078077471714,,,173.07747996328274,#000000,8.779274248668452,173.18785855872784,-0.38817087406111117,52.033124753491194,6.886479284936939,False,False,False,False,False,0.0,0.0,0.0,0.0,0.0,0,0.827140788708629,0.8684915576938426,False,False,False,False,-0.023525402247919686,0.04429483801852151,False,False,False,False,38803.0,27957.519615246918,False,False,False,False,1427.5971366958645,False,False,False,False
2024-09-04 17:00:00+00:00,169.91,170.9,169.38,170.35,486.0,,,,,,,173.85489780356272,171.68338359598974,172.20492049625759,,,,,,,,171.8459464663971,176.59025104652125,172.044464178964,,,173.0373105979487,#000000,8.778064145079757,173.02946535399016,-0.30524558828748705,48.765541196469464,3.9608845778763566,False,True,False,True,False,0.0,0.0,0.0,0.0,0.0,0,0.8382952197351861,0.8631489027670358,False,False,False,False,-0.03360696975801241,0.005343934130254548,False,False,False,False,39289.0,28133.2014816772,False,False,False,False,1412.9987314757736,False,False,False,False
2024-09-05 17:00:00+00:00,167.9,169.38,167.58,168.38,264.0,,,,,,,173.7883814737169,171.67479080143065,172.19882655463704,,,,,,,,171.761682629108,176.5521874815575,172.03777031915848,,,173.00227320993474,"rgba(239, 83, 80, 0.5)",8.775283785868249,172.94523342412165,-0.5202376966399113,45.38371455334946,0.9282997277872198,False,True,False,True,False,0.0,0.0,0.0,0.0,0.0,0,0.8356766964912883,0.8527423682362019,False,False,False,False,-0.06713824121943009,-0.030897153544587767,False,False,False,False,39025.0,28302.06657498453,False,False,False,False,1395.1847976544439,False,False,False,False
2024-09-06 17:00:00+00:00,167.555,167.875,165.81,165.81,189.0,,,,,,,173.7247526246113,171.66497116053745,172.19221690193845,,,,,,,,171.66990543408065,176.5186574850158,172.03040171355246,,,172.96681755328936,"rgba(239, 83, 80, 0.5)",8.788251154316825,172.87174234200276,-0.8035435285135203,41.69401387667024,-2.390699540661842,False,True,False,True,False,0.0,0.0,0.0,0.0,0.0,0,0.8358810722390532,0.8541625868285546,False,False,False,False,-0.100363098544926,-0.06563012604475689,False,False,False,False,38836.0,28465.38337227159,False,False,False,False,1376.4842581559253,False,False,False,False
2024-09-09 17:00:00+00:00,166.13,166.445,165.14,166.04,970.0,,,,,,,173.38819586869403,171.60914451667628,172.15484672273283,,,,,,,,171.19390761283768,176.3395428312023,171.98866375865362,,,172.7790502184661,"rgba(239, 83, 80, 0.5)",8.7995568976281,172.58513343628064,-0.7438026155663446,39.47723945255272,-4.385159084407022,False,True,False,True,False,0.0,0.0,0.0,0.0,0.0,0,0.8279915028712822,0.8608711891311454,False,False,False,False,-0.12177978025263886,-0.09370495314869787,False,False,False,False,39806.0,28641.206885879783,False,False,False,False,1370.182176634128,False,False,False,False
2024-09-10 17:00:00+00:00,165.395,167.09,165.3,166.61,493.0,,,,,,,173.2377417773356,171.58341648944062,172.13739627035378,,,,,,,,170.9991211456132,176.25468609878325,171.96924087052238,,,172.69693377534148,"rgba(239, 83, 80, 0.5)",8.790503135678756,172.49245916558482,-0.669183444313804,38.64932341915403,-5.233506049549156,False,True,False,True,False,0.0,0.0,0.0,0.0,0.0,0,0.8256010638918376,0.8606325023622601,False,False,False,False,-0.11355796579578582,-0.10363145947224184,False,False,False,False,40299.0,28821.947864393274,False,False,False,False,1356.582452965382,False,False,False,False
2024-09-11 17:00:00+00:00,164.35,166.02,164.06,165.49,673.0,,,,,,,173.0100776236514,171.54113631003852,172.10908316630236,,,,,,,165.19000000000003,170.69780796403342,176.1280594430368,171.9376054472712,,,171.51625285061908,"rgba(239, 83, 80, 0.5)",8.773631169641254,171.8039351332958,-0.7196490268639771,37.33007550422371,-6.6785917905541226,False,True,False,True,False,0.0,0.0,0.0,0.0,0.0,0,0.8204901229966454,0.8638534289973909,False,False,False,False,-0.13719594424701184,-0.12041370185962684,False,False,False,False,39626.0,28989.452548666246,True,False,False,False,1345.984275400027,False,False,False,False
2024-09-12 17:00:00+00:00,166.33,168.075,166.33,167.3,848.0,,,,,,,172.8113088183565,171.50555118110236,172.08418228535973,,,,,,,166.33014464168312,170.4853749788999,176.00164398066656,171.91011601535848,,,171.58976027163234,"rgba(239, 83, 80, 0.5)",8.764930527057462,171.8128949167369,-0.5148808541956509,38.66305298834514,-6.6785917905541226,False,True,False,True,False,0.0,0.0,0.0,0.0,0.0,0,0.8231685270070094,0.8617866265439659,False,False,False,False,-0.09304228443433044,-0.10672799314697864,False,False,False,False,40474.0,29167.50754791173,False,False,False,False,1338.2635889597163,False,False,False,False
2024-09-13 17:00:00+00:00,172.02,172.16,170.51,171.62,581.0,,,,,,,172.77948596957324,171.50512582730116,172.08190045506942,,,,,,,167.73976213130354,170.52347739053968,175.957548669677,171.9082007991871,,,171.78507160609303,#000000,8.763117439145267,171.94436346757945,-0.037014620633805284,43.74445979677394,-12.216333451506998,False,True,False,True,True,0.79025343264097,0.0,0.0,0.0,0.0,0,0.8260290626990098,0.8544665084235513,False,False,False,False,-0.009519519293981711,-0.058123756220480174,False,False,False,False,41055.0,29351.809756471237,False,False,False,False,1326.5230682006509,False,False,False,False
2024-09-16 17:00:00+00:00,171.01,172.46,169.92,172.05,1254.0,,,,,,,172.7177726992282,171.50478415716458,172.07737802552705,,,,,,,169.13609058402864,170.5998153233704,175.8661675340163,171.90451709302803,,,171.97236077376616,#000000,8.753125169059613,172.0848241873136,-0.003978486156769555,47.49226362621707,-8.70494375446465,False,True,False,False,True,1.0728781762515247,0.0,0.0,0.0,0.0,0,0.8280744101844005,0.8537907184551646,False,False,False,False,-0.012441119004869732,-0.03528243761267495,False,False,False,False,42309.0,29552.696426913542,False,False,False,False,1325.398679546377,False,False,False,False
2024-09-17 17:00:00+00:00,175.57,176.495,173.855,174.645,2460.0,,,,,,,172.9116751345062,171.58517000121591,172.11957596809998,,,,,,,171.61564993122423,171.19703103727417,175.8327840761011,171.9554724093143,,,172.45962265110512,#000000,8.718401085950058,172.49201070142595,0.24694772325210607,52.05102811080063,-4.505472467848669,False,False,True,False,True,2.766935508212349,0.0,0.0,0.0,0.0,0,0.8277630784941741,0.8539432762382212,False,False,False,False,0.0679477820206731,0.016332672203999074,False,False,False,False,44769.0,29788.608110217207,False,False,False,False,1342.9893976929447,False,False,False,False
2024-09-18 17:00:00+00:00,175.86,180.7,175.02,176.095,424.0,,,,,,,172.97464602423048,171.60763308023164,172.13237274417224,,,,,,,171.99996901709406,171.33593975838636,175.84226129079025,171.97052098772028,,,172.55190612894646,#000000,8.718078166598332,172.57102057999217,0.4042151667679804,56.11868586728568,-0.8122681105654124,True,False,True,False,True,3.6985309353563203,0.0,0.0,0.0,0.0,0,0.8306772450270208,0.8456824192250202,False,False,False,False,0.12254660383003364,0.06943963801701636,False,False,False,False,45193.0,30027.435891454148,False,False,False,False,1328.7415000542944,False,False,False,False
2024-09-19 17:00:00+00:00,179.2,181.26,179.2,181.1,819.0,,,,,,,173.17943277218103,171.6751222947525,172.17242210562114,,,,,,,172.98848089908864,171.72443959506225,175.9010263116183,172.01701362283237,,,172.80827680016517,"rgba(38, 166, 154, 0.5)",8.743146659728012,172.78928390555035,0.9505406254626616,61.640024064924894,4.1945242509347835,True,False,True,False,True,6.7967108291954865,0.0,0.0,0.0,0.0,0,0.8408248085511887,0.8349005155053444,False,False,False,False,0.171341343626472,0.12039049082174418,False,False,False,False,46012.0,30275.258590811445,False,False,False,False,1320.8385310612045,False,False,False,False
2024-09-20 17:00:00+00:00,179.71,180.38,177.13,177.94,1554.0,,,,,,,173.43919518857024,171.77155974647852,172.22908499394305,,,,,,,173.979889314602,172.22663040879752,175.96114744233196,172.08305415168786,,,173.09865160663017,"rgba(38, 166, 154, 0.5)",8.711027322251294,173.04268765386763,0.5621968758636262,61.8453291262103,4.347809463522282,True,False,True,False,True,4.569248666196007,0.0,0.0,0.0,0.0,0,0.8347301144483952,0.8368910282062129,False,False,False,False,0.1408928827107081,0.13064168676622614,False,False,False,False,44458.0,30495.146054519795,False,False,False,False,1324.4534375563796,False,False,False,False
2024-09-23 17:00:00+00:00,177.805,178.43,177.495,178.16,169.0,,,,,,,173.4635083126953,171.78118318665415,172.23474204608425,,,,,,,174.0577971988158,172.27313428824385,175.9663682328093,172.08965012998272,,,173.12376905646929,"rgba(38, 166, 154, 0.5)",8.721284088031052,173.06487000666172,0.584217867679686,62.121990870651786,4.863413116860478,True,False,True,False,True,4.70523866766051,0.0,0.0,0.0,0.0,0,0.8343305564504994,0.848563998711281,False,False,False,False,0.12464332845433912,0.12764250761028262,False,False,False,False,44627.0,30714.244565302433,False,False,False,False,1306.5394307725599,False,False,False,False
2024-09-24 17:00:00+00:00,180.13,180.755,179.355,180.03,502.0,,,,,,,173.56550348240282,171.81877432905412,172.2573123261391,,,,,,,174.3816244793911,172.45391411099789,175.99675047217852,172.11578650570354,,,173.22709510083814,"rgba(38, 166, 154, 0.5)",8.748473549222222,173.1548877346186,0.785864211247759,63.50137569657664,6.548125392038386,True,False,True,False,True,5.863076031233291,0.0,0.0,0.0,0.0,0,0.8355338691159585,0.8451435132032148,False,False,False,False,0.16771339929702053,0.1476779534536516,False,False,False,False,45129.0,30937.72914568534,False,False,False,False,1294.0659512256984,False,False,False,False
2024-09-25 17:00:00+00:00,179.415,180.365,178.48,179.435,1299.0,,,,,,,173.7914278437191,171.9072667102443,172.31051452260036,,,,,,,175.0008732558506,172.8497019882019,176.06158830177878,172.17740264107772,,,173.44268218049612,"rgba(38, 166, 154, 0.5)",8.786527513115642,173.34443151571733,0.6931712755911006,63.68687169877413,7.188611373719617,True,False,True,False,True,5.43293802700391,0.0,0.0,0.0,0.0,0,0.8325045440515793,0.8447020359637392,False,False,False,False,0.15463665556734016,0.15115730451049586,False,False,False,False,43830.0,31137.60931396929,False,False,False,False,1294.14244810592,False,False,False,False
2024-09-26 17:00:00+00:00,183.985,184.55,182.72,182.76,450.0,,,,,,183.34333333333333,173.91729482674478,171.95316273960708,172.33880396279562,,,,,,,175.34113492854772,173.05206470966363,176.10896328210464,172.20990814836858,,,174.78308324139567,"rgba(38, 166, 154, 0.5)",8.853359111069024,174.15328077235108,0.9721416605464756,65.88125416780213,9.71467959571659,True,False,True,False,True,7.480949990350084,0.0,0.0,0.0,0.0,0,0.8402130954306977,0.8366306885154967,False,False,False,False,0.24295292620949477,0.19705511535999531,False,False,False,False,44280.0,31341.367309101548,False,False,False,False,1281.0549682903243,False,False,False,False
2024-09-27 17:00:00+00:00,183.75,183.75,181.775,182.75,532.0,,,,,,183.02640868974882,174.0529107798474,172.0041866234688,172.3702938118854,,,,,,,175.68233246865546,173.2684192958199,176.1597167343386,172.24608715693924,,,174.85129444508794,"rgba(38, 166, 154, 0.5)",8.889490617658627,174.23032168463683,0.9583989321546902,67.33048610477506,11.477930203775799,True,False,True,False,True,7.473498802354811,0.0,0.0,0.0,0.0,0,0.8453710280265011,0.8334827614312496,False,False,False,False,0.22439722043440488,0.2107261678972001,False,False,False,False,43748.0,31533.71820353408,False,False,False,False,1269.4417129679937,False,False,False,False
2024-09-30 17:00:00+00:00,181.46,182.93,180.48,182.93,88.0,,,,,,182.95131464174455,174.07331104400347,172.01207682915287,172.37516204006005,,,,,,,175.73089747990505,173.30091157030543,176.167224124837,172.25168202329485,,,174.8578224691629,"rgba(38, 166, 154, 0.5)",8.916470007092865,174.23972743226835,0.9746315033660994,68.41271436922564,12.887009827316504,True,False,True,False,True,7.585358213078141,0.0,0.0,0.0,0.0,0,0.8323602808890951,0.8370727177761011,False,False,False,False,0.20210782113889494,0.20641699451804751,False,False,False,False,43836.0,31724.451254642077,False,False,False,False,1251.124787185544,False,False,False,False
2024-10-01 17:00:00+00:00,179.37,181.6,179.37,180.355,239.0,,,,,,182.4930977845684,174.1167866358175,172.0299078360047,172.38609375059065,,,,,,,175.82557237358452,173.37145139290735,176.18181287426572,172.26427486629183,,,174.83362468925384,"rgba(38, 166, 154, 0.5)",8.906303226488609,174.2379859779372,0.6868185223999473,65.40723052381793,12.887009827316504,True,False,True,False,False,5.635499197956957,0.0,0.0,0.0,0.0,0,0.8319301310043669,0.8400349344978167,False,False,False,False,0.17663581151831634,0.1915264030181819,False,False,False,False,43597.0,31908.52177782592,False,False,False,False,1235.4329300198767,False,False,False,False
2024-10-02 17:00:00+00:00,181.01,181.01,179.415,179.77,238.0,,,,,,182.11954427925016,174.15695104075056,172.0467976742474,172.39644268084592,,,,,,,175.9087532289091,173.43665541093648,176.19496610402672,172.27620074171142,,,174.81703889508472,"rgba(38, 166, 154, 0.5)",8.883873294442628,174.2396115480386,0.622519960456999,62.63312528484286,18.007748701847902,True,False,True,False,False,5.19655589382603,0.0,0.0,0.0,0.0,0,0.8294187758536071,0.8396901072705603,False,False,False,False,0.17097834965556657,0.18125237633687424,False,False,False,False,43359.0,32086.048571968153,False,False,False,False,1219.96885358546,False,False,False,False
2024-10-03 17:00:00+00:00,177.1,177.6,176.77,177.51,156.0,,,,,,181.6774486200822,174.17077121524545,172.05401634018628,172.40076464009837,,,,,,,175.9263337674318,173.46112432894094,176.19739929470794,172.2812232831939,,,174.77113518623585,#000000,8.801641668635584,174.21723263326132,0.374108318732443,58.0310783091884,13.63721495399016,True,False,True,False,False,3.51177494619845,0.0,0.0,0.0,0.0,0,0.8261169752147353,0.8498256371849182,False,False,False,False,0.10876477865783181,0.14500857749735302,False,False,False,False,43203.0,32258.404408061666,False,False,False,False,1203.4732124446,False,False,False,False
2024-10-04 17:00:00+00:00,180.685,181.565,180.51,181.13,673.0,,,,,,181.50491722783391,174.29944566101196,172.10720724393704,172.4336420459349,,,,,,,176.19337333127558,173.66379451855957,176.24350986266813,172.3190094565669,,,174.8456124184735,"rgba(38, 166, 154, 0.5)",8.744098296967282,174.2947849461097,0.7816946724239083,58.490152772258874,13.63721495399016,True,False,True,False,False,5.884974475479794,0.0,0.0,0.0,0.0,0,0.8306255596776256,0.8478956121274144,False,False,False,False,0.18814128008563522,0.1665749287914941,False,False,False,False,43876.0,32438.522169176988,False,False,False,False,1195.2488215539859,False,False,False,False
2024-10-07 17:00:00+00:00,182.31,182.35,180.23,182.05,3799.0,,,,,,181.52855168690957,174.9895905956113,172.41138145260052,172.62460856913728,,,,,,,177.40619694076463,174.69388288598302,176.51235071836777,172.53761414770273,,,175.33802212463462,"rgba(38, 166, 154, 0.5)",8.70599373529053,174.75689963790248,0.8377102699413042,59.55147117972358,13.63721495399016,True,False,True,False,False,6.474907287312728,0.0,0.0,0.0,0.0,0,0.8396157300184334,0.8435978635912463,False,False,False,False,0.19341569301898445,0.1799953109052393,False,False,False,False,47675.0,32674.74663167037,False,False,False,False,1235.6170568787302,False,False,False,False
2024-10-08 17:00:00+00:00,181.815,182.47,180.43,182.37,969.0,,,,,,181.559492814483,175.15013551562043,172.48759277182114,172.67317774740707,,,,,,,177.64400396758242,174.92179049141384,176.5793382634028,172.59300632054553,,,175.45106723653453,"rgba(38, 166, 154, 0.5)",8.65233876209508,174.8625401052531,0.8676798379226955,60.532095172998545,13.63721495399016,True,False,True,False,True,6.681874759197015,0.0,0.0,0.0,0.0,0,0.8327549734984432,0.8481567751289426,False,False,False,False,0.1967633873981159,0.1883793491516776,False,False,False,False,48644.0,32922.331955210364,False,False,False,False,1231.4834590976645,False,False,False,False
2024-10-09 17:00:00+00:00,181.375,181.56,180.3,181.18,431.0,,,,,,181.52841760176017,175.21135994346864,172.5184062036175,172.69286085070968,,,,,,,177.7239786870801,175.0079840227621,176.60438744123454,172.61544955597887,,,175.48785553832644,"rgba(38, 166, 154, 0.5)",8.538544146641339,174.8991528115346,0.7355875990798725,59.47590627163706,13.63721495399016,True,False,True,False,True,5.756324693725933,0.0,0.0,0.0,0.0,0,0.8348106845855076,0.8450568303667166,False,False,False,False,0.18589889062912815,0.18713911989040288,False,False,False,False,48213.0,33159.396576059815,False,False,False,False,1219.0728628325844,False,False,False,False
2024-10-10 17:00:00+00:00,174.56,174.61,173.71,174.56,709.0,,,,,,180.9091908095928,175.19585687404728,172.5288963866335,172.69905032554607,,,,,,,177.59505900955816,174.99172789202947,176.58310801158424,172.62277421347636,,,175.39070794030846,#000000,8.386324932523946,174.80316453499697,-0.028995362921596397,52.28246576599655,7.647943036847828,False,False,False,False,False,0.8758428707078352,0.0,0.0,0.0,0.0,0,0.8318813694641431,0.8477786126896161,False,False,False,False,0.04743022227054148,0.11728467108047218,False,False,False,False,47504.0,33381.793528368966,False,False,False,False,1211.1647564320792,False,False,False,False
2024-10-11 17:00:00+00:00,175.84,176.76,175.26,176.2,1028.0,,,,,,180.37533540950744,175.21682883071395,172.55901194313577,172.7178653836766,,,,,,,177.51642950490074,175.02626186704768,176.57639193974887,172.64447730373655,,,175.32907527280844,#000000,8.247369391137559,174.84561863378497,0.16421980173101147,49.27569033232919,4.963018384739669,False,True,False,True,False,1.9912182121722601,0.0,0.0,0.0,0.0,0,0.8365693516238714,0.8429475905733377,False,False,False,False,0.08486892708787531,0.10107679908417375,False,False,False,False,48532.0,33616.68045040975,False,False,False,False,1208.3249927664656,False,False,False,False
2024-10-14 17:00:00+00:00,176.18,176.93,175.8,176.305,780.0,,,,,,180.06383505086538,175.23692322037513,172.58326316005582,172.73314652075987,,,,,,,177.47223530834341,175.05745378091802,176.5741017734861,172.6620536654874,,,175.2978765600364,#000000,7.989051686329589,174.85459548485818,0.1815490213467609,47.38815781039871,3.242730493103707,False,True,False,True,False,2.062919840709867,0.0,0.0,0.0,0.0,0,0.8429751093963205,0.8390933044746622,False,False,False,False,0.09207710062769936,0.09657694985593655,False,False,False,False,49312.0,33860.0187380003,False,False,False,False,1201.6842952041948,False,False,False,False
2024-10-15 17:00:00+00:00,179.745,181.14,179.065,179.76,2102.0,,,,,,180.05082007544695,175.45454347699774,172.7089207542194,172.8145936385695,,,,,,,177.70443612708726,175.35292140596937,176.66280064927304,172.7546436251551,,,175.4379599690898,"rgba(38, 166, 154, 0.5)",7.723624866672371,175.11317509572604,0.6016378299682987,49.631686351219045,3.242730493103707,False,True,False,False,False,4.391252876671565,0.0,0.0,0.0,0.0,0,0.8463443988735816,0.8317734076488938,False,False,False,False,0.16869769074957172,0.13263732030275413,False,False,False,False,51414.0,34132.17348624836,False,False,False,False,1215.6426782242847,False,False,False,False
2024-10-16 17:00:00+00:00,183.945,183.945,182.22,182.58,663.0,,,,,,180.19851792797698,175.56078491598115,172.76325592537572,172.85023150759778,,,,,,,177.85181683731514,175.49319498069497,176.71361596015066,172.79498423021494,,,175.52830028566342,"rgba(38, 166, 154, 0.5)",7.491317376538968,175.71130493174485,0.9168874742600401,53.36159180355973,-2.7873189333308517,False,False,True,False,True,6.2199188814672475,0.0,0.0,0.0,0.0,0,0.8474732077403739,0.8282619067012646,False,False,False,False,0.23118447548012758,0.18191089789144085,False,False,False,False,52077.0,34410.38785080264,False,False,False,False,1207.0745746859236,False,False,False,False
2024-10-17 17:00:00+00:00,180.75,182.08,180.37,181.21,570.0,,,,,,180.24188165636406,175.62923299453252,172.80178631283053,172.87554384466281,,,,,,,177.93177787033184,175.58309030072704,176.7448859117322,172.82364485107468,,,175.57898046778195,"rgba(38, 166, 154, 0.5)",7.219665630749002,175.72099513821502,0.7602851908275337,54.34916498309504,-1.7787108304483468,False,False,True,False,True,5.1903781562844316,0.0,0.0,0.0,0.0,0,0.8408628171865363,0.8352549708554872,False,False,False,False,0.19205691843736453,0.1869839081644027,False,False,False,False,51507.0,34675.451605053764,False,False,False,False,1197.1974494969945,False,False,False,False
2024-10-18 17:00:00+00:00,180.505,180.505,178.84,179.55,381.0,,,,,,180.22504417728854,175.6613313196374,172.8225231632745,172.8891736428444,,,,,,,177.95833101007204,175.62512849862372,176.75821355144902,172.83909026400775,,,175.59735445339967,"rgba(38, 166, 154, 0.5)",6.8182524695655875,175.70469916962367,0.5639716111335698,53.28850831143653,-1.7787108304483468,False,False,True,False,True,3.952975830306258,0.0,0.0,0.0,0.0,0,0.834344071698157,0.842558511819212,False,False,False,False,0.1597988177961164,0.17339136298025953,False,False,False,False,51126.0,34930.498866990914,False,False,False,False,1184.5432254737852,False,False,False,False
2024-10-21 17:00:00+00:00,177.41,177.575,176.6,176.63,230.0,,,,,,180.17113976349907,175.66746781040962,172.83004702397994,172.89409486991,,,,,,,177.9487714417232,175.6332879235165,176.75870489195012,172.84469219089758,,,175.59352573948576,#000000,6.478446780261694,175.66462131627753,0.14901390973276882,49.965099348132654,-1.7787108304483468,False,True,False,False,False,1.8251276189395789,0.0,0.0,0.0,0.0,0,0.8346439238379688,0.8433008213552358,False,False,False,False,0.10677758940620743,0.1400844761932335,False,False,False,False,50896.0,35178.02601633989,False,False,False,False,1169.7441056989978,False,False,False,False
2024-10-22 17:00:00+00:00,175.03,175.59,172.94,173.085,895.0,,,,,,179.79358478983906,175.63441942713797,172.83741012497595,172.89870018387708,,,,,,,177.80576278936093,175.59159743155814,176.72781548117155,172.85012890734367,,,175.51742739190803,#000000,6.271772460221367,175.4394108526292,-0.3753980023290099,45.248315921378726,1.4494939317868614,False,True,False,True,False,0.0,0.0,0.0,0.0,0.0,0,0.8313808066824108,0.8439103272566514,False,False,False,False,0.049550585512551495,0.09481753085289249,False,False,False,False,50001.0,35407.839566474155,False,False,False,False,1165.484507161029,False,False,False,False
2024-10-23 17:00:00+00:00,173.05,173.115,171.81,172.62,915.0,,,,,,179.37334847720007,175.57681329216115,172.83509682992747,172.89686104723143,,,,,,172.51500000000001,177.62260483270907,175.5189181490374,176.6822324838881,172.84832488120944,,,175.09657777704047,#000000,6.156040304061012,175.1821780591378,-0.4162055367713547,41.80624169443945,-1.7491591421963761,False,True,False,True,False,0.0,0.0,0.0,0.0,0.0,0,0.822960549284301,0.8528453392296054,False,False,False,False,0.013196735682366822,0.05400713326762965,False,False,False,False,49086.0,35619.90406931951,False,False,False,False,1161.60102642985,False,False,False,False
2024-10-24 17:00:00+00:00,173.5,178.25,173.5,177.785,6095.0,,,,,,178.5784730893679,175.6792148757855,173.00280020855004,173.00870437208957,,,,,,175.9899904897765,177.4144277398594,175.65389633711072,176.6707654790793,172.97513702727676,,,175.4414899576551,#000000,6.14806127282518,175.3547772068193,0.39528278677417034,44.6632394081517,-1.7491591421963761,False,True,False,True,True,2.558275204003163,0.0,0.0,0.0,0.0,0,0.8237276749519329,0.8484444856262593,False,False,False,False,0.08213013831318089,0.06806863579040527,False,False,False,False,55181.0,35923.17687444634,False,False,False,False,1238.0878322216354,False,False,False,False
2024-10-25 17:00:00+00:00,177.59,177.94,176.045,177.46,1870.0,,,,,,178.46616630971877,175.72698236340767,173.0600154253788,173.04763139765265,,,,,,176.2339207957958,177.39996104198164,175.71374038145817,176.68041696386754,173.01899332366727,,,175.48309200032537,#000000,6.148875648339059,175.39493981295823,0.33584354362404395,46.290267375545156,-1.7491591421963761,False,True,False,True,True,2.3272443496440047,0.0,0.0,0.0,0.0,0,0.8332926276124348,0.8484002651686959,False,False,False,False,0.10484216160384732,0.08645539869712629,False,False,False,False,53311.0,36192.7555275557,False,False,False,False,1247.8849200941681,False,False,False,False
2024-10-28 17:00:00+00:00,180.09,180.47,179.1,179.94,4148.0,,,,,,178.6694793343109,176.00344512739008,173.26131699119392,173.18634829975537,,,,,,177.38100322382562,177.66219264563443,176.05008735528196,176.81583685016238,173.17429954052028,,,175.80044548534167,"rgba(38, 166, 154, 0.5)",6.143246466172629,175.72065255295016,0.6868269847682968,49.46537145426351,-7.239538536804346,False,True,False,False,True,3.974638571340421,0.0,0.0,0.0,0.0,0,0.8376631694167237,0.8463733013496044,False,False,False,False,0.16212453271397367,0.12428996570554998,False,False,False,False,57459.0,36522.46474418275,False,False,False,False,1292.8479445888322,False,False,False,False
2024-10-29 17:00:00+00:00,180.04,182.28,180.03,182.28,1690.0,,,,,,178.8325186896451,176.15087575571025,173.3601931898855,173.25523335775935,,,,,,177.857413371382,177.82465708936058,176.22636747500127,176.89682798267725,173.2511367033047,,,175.96169151274734,"rgba(38, 166, 154, 1.0)",6.002541862478694,175.8865297200303,1.0651271455405695,53.29878018083558,-3.560610890692061,False,False,True,False,True,5.491691492008492,0.0,0.0,0.0,0.0,0,0.8343309181280407,0.8475620427736356,False,False,False,False,0.19059440566548425,0.1574421856855171,False,False,False,False,59149.0,36873.26374039697,False,False,False,False,1299.0053407967573,False,False,False,False
2024-10-30 17:00:00+00:00,186.86,189.51,186.86,189.38,854.0,,,,,,179.1054967491668,176.31624167380522,173.4516286053888,173.31891588098506,,,,,,178.44564453292233,178.04827248831776,176.42402338140724,176.99741329207902,173.32205373874802,,,176.1588544825356,"rgba(0, 255, 0, 1.0)",6.111452240383201,176.08851839301713,2.1748483149644096,59.557746347020135,2.2479664102408847,True,False,True,False,True,9.803206768139741,0.0,0.0,0.0,0.0,0,0.851738241308793,0.8416992005949059,False,False,False,False,0.3427717317182513,0.2501069587018842,False,False,False,False,60003.0,37231.86430256136,False,False,False,False,1292.106033187505,False,False,False,False
2024-10-31 17:00:00+00:00,186.45,186.465,184.57,184.57,1184.0,,,,,,179.33326869471006,176.4771302512655,173.5486665922655,173.3869690542297,,,,,,178.9230335402244,178.2486325069392,176.6144570980076,177.09415886500804,173.39774856759485,,,176.3360072411383,"rgba(38, 166, 154, 1.0)",6.148931161789891,176.2698658010564,1.34984991383893,59.44773897457322,2.2479664102408847,True,False,True,False,True,6.31636824852956,0.0,0.0,0.0,0.0,0,0.8506091868172905,0.8413080011203435,False,False,False,False,0.283573055419607,0.2668400070607456,False,False,False,False,58819.0,37566.548576940244,False,False,False,False,1290.4299706574661,False,False,False,False
2024-11-01 17:00:00+00:00,181.825,182.11,179.83,180.225,674.0,,,,,,179.36218382103021,176.52043463562558,173.58223066117745,173.41080367416868,,,,,,178.9925848154523,178.287444620376,176.6645631516073,177.11834703535152,173.42421791104536,,,176.37364559175936,"rgba(38, 166, 154, 0.5)",6.133535981033207,176.30840485165322,0.6385541978490218,56.34650735773313,2.2479664102408847,True,False,True,False,False,3.3470230572974984,0.0,0.0,0.0,0.0,0,0.8505438883664773,0.8350689002658491,False,False,False,False,0.18673305103786683,0.22678652904930624,False,False,False,False,58145.0,37885.594335437294,False,False,False,False,1280.872916848823,False,False,False,False
2024-11-04 17:00:00+00:00,181.73,182.645,181.04,182.2,1404.0,,,,,,179.47026786507539,176.63366762021926,173.66311847548326,173.46829645078284,,,,,,179.21391809139502,178.40376046599025,176.79584065875875,177.18469905871484,173.48801159506678,,,176.48017558683185,"rgba(38, 166, 154, 0.5)",6.071835781438355,176.41721763745218,0.952394394496935,55.4875890104061,2.2479664102408847,True,False,True,False,False,4.540390511157028,0.0,0.0,0.0,0.0,0,0.8493716000750327,0.8427476083286438,False,False,False,False,0.2049943389601391,0.2158904340047227,False,False,False,False,59549.0,38221.46108992663,False,False,False,False,1282.7818638744227,False,False,False,False
2024-11-05 17:00:00+00:00,184.26,185.93,184.26,185.31,655.0,,,,,,179.57866195069047,176.71571327911687,173.71469153547795,173.50487637111263,,,,,,179.41398224639542,178.50218738658668,176.8915164232409,177.23538976526822,173.5285816215949,,,176.5650667310538,"rgba(38, 166, 154, 1.0)",6.090412390806426,176.50376106687696,1.4459183332833419,56.67370004597958,2.2479664102408847,True,False,True,False,False,6.376835425736644,0.0,0.0,0.0,0.0,0,0.8446749393675385,0.8433092373260496,False,False,False,False,0.2743812680715522,0.24513585103813745,False,False,False,False,60204.0,38562.27564667195,False,False,False,False,1273.0488117213308,False,False,False,False
2024-11-06 17:00:00+00:00,206.45,209.95,205.26,206.21,1889.0,,,,,,181.01248001064877,177.53660539058146,174.14134762268364,173.80548551444613,,,,,,181.863904949013,179.6557854594049,177.85677396558324,177.77324451574816,173.8619778057831,,,177.50084502598804,"rgba(0, 255, 0, 1.0)",6.959930052330385,177.45594779360553,4.131370860080238,63.78755433893755,6.682946003426984,True,False,True,False,True,16.78211837018573,0.0,0.0,0.0,0.0,0,0.852941504613359,0.8390958485345469,False,False,False,False,0.34282825299589775,0.2939820520170176,False,False,False,False,62093.0,38927.09307850649,False,False,False,False,1282.5984425473566,False,False,False,False
2024-11-07 17:00:00+00:00,204.58,207.54,204.58,206.68,1512.0,,,,,,182.02203319849477,178.14396040434542,174.46625168616484,174.03605273748232,,,,,,183.47583049366534,180.48699754851327,178.56435381937578,178.17761896940115,174.11722854324694,,,178.16559193340996,"rgba(0, 255, 0, 1.0)",7.705102481618952,178.13032255761206,3.7052949666140265,68.61500275148765,11.151247622818168,True,False,True,False,True,16.98398129939851,0.0,0.0,0.0,0.0,0,0.858199863642968,0.8438041376535412,False,False,False,False,0.3210511776978097,0.30751661485741366,False,False,False,False,63605.0,39309.69628659166,False,False,False,False,1286.155055841196,False,False,False,False
2024-11-08 17:00:00+00:00,209.055,211.81,208.59,209.19,1716.0,,,,,,183.23035083504053,178.88714974262342,174.8679353070973,174.32255344349795,,,,,,185.31607087702187,181.4927393825732,179.42474483638767,178.679879221475,174.43395776965392,,,178.96170904615235,"rgba(0, 255, 0, 1.0)",8.481557251201197,178.93610217563185,3.5670215891171937,72.3045528112642,14.540538934142134,True,False,True,False,True,18.059872596754754,0.0,0.0,0.0,0.0,0,0.8632808588752293,0.8393169049340822,False,False,False,False,0.34282825306315023,0.32517243396028195,False,False,False,False,65321.0,39712.972313156126,False,False,False,False,1292.8193185413324,False,False,False,False
2024-11-11 17:00:00+00:00,212.11,212.11,209.66,210.79,414.0,,,,,,183.51658502907583,179.0668301359075,174.96618668566012,174.39289577926408,,,,,,185.73862989608315,181.733266648198,179.6318080089542,178.80245040029448,174.51164463130706,,,179.15114413497162,"rgba(0, 255, 0, 1.0)",9.288151854102246,181.3900735151436,3.1653150106359957,75.06613049892,17.144353809107585,True,False,True,False,True,18.73853176313511,0.0,0.0,0.0,0.0,0,0.8609504707783162,0.8438353111593958,False,False,False,False,0.342828253079853,0.33400034352006747,False,False,False,False,65735.0,40116.41460287463,False,False,False,False,1279.1942128275132,False,False,False,False
2024-11-12 17:00:00+00:00,208.565,208.84,205.16,205.515,425.0,,,,,,183.7585503657107,179.22424829234046,175.0543383906806,174.4562473753677,,,,,,186.08548418156812,181.93985573935623,179.8123417584791,178.91037086942572,174.5815504754756,,,179.31366527204491,"rgba(0, 255, 0, 1.0)",9.799921412168707,181.41271692510048,2.459436362925456,73.09593341040186,17.144353809107585,True,False,True,False,True,15.12481526937275,0.0,0.0,0.0,0.0,0,0.8597386322950231,0.8457751521661294,False,False,False,False,0.2917716179407783,0.3128859807304229,False,False,False,False,65310.0,40507.01282608588,False,False,False,False,1265.9508916984046,False,False,False,False
2024-11-13 17:00:00+00:00,207.29,208.0,204.35,204.35,783.0,,,,,,184.17340314051327,179.49977378074024,175.21065420693233,174.5689131091686,,,,,,186.66706744700323,182.2973811134302,180.12720352038633,179.10032590691495,174.7057828784543,,,179.59450056706038,"rgba(0, 255, 0, 1.0)",10.212107174620915,181.59617722193062,2.2281222071990276,70.99754498425344,17.144353809107585,True,False,True,False,False,14.348566533238436,0.0,0.0,0.0,0.0,0,0.8599633715995891,0.8466744092553713,False,False,False,False,0.28112531390658746,0.2970056473185052,False,False,False,False,64527.0,40879.41572800702,False,False,False,False,1258.4632809743982,False,False,False,False
2024-11-14 17:00:00+00:00,203.21,203.425,201.32,202.14,388.0,,,,,,184.34262934527106,179.61731086127386,175.27923693822453,174.61857987300596,,,,,,186.89488672227233,182.446216303486,180.26069057743837,179.1819424845374,174.76048814038032,,,179.71133124954332,"rgba(0, 255, 255, 0.75)",10.57681653173316,181.65210637522512,1.9370567281096291,68.09015293635208,17.144353809107585,True,False,True,False,False,12.883344743707163,0.0,0.0,0.0,0.0,0,0.8512116118834803,0.8571110542192141,False,False,False,False,0.2328095762219846,0.2649076117702449,False,False,False,False,64139.0,41240.02943765032,False,False,False,False,1244.967726230609,False,False,False,False
2024-11-15 17:00:00+00:00,203.46,203.46,201.65,202.1,255.0,,,,,,184.4527977386534,179.69426619781729,175.32430179651902,174.65125229225947,,,,,,187.04205853894535,182.5433599620771,180.3479754929998,179.23552012739663,174.79646434410407,,,179.78755516564132,"rgba(0, 255, 255, 0.75)",10.921495644696057,181.69998434273288,1.8678774703512548,66.12329644068353,23.638902151178016,True,False,True,False,False,12.856735502930658,0.0,0.0,0.0,0.0,0,0.8574120532976528,0.8536767575402796,False,False,False,False,0.23510257717910782,0.25000509447467634,False,False,False,False,63884.0,41591.0987486945,False,False,False,False,1229.6193893898244,False,False,False,False
2024-11-18 17:00:00+00:00,205.015,206.42,204.22,204.22,865.0,,,,,,184.86839133797372,179.98036517871557,175.49035045492732,174.77164334904177,,,,,,187.6006557662725,182.90737684343623,180.67264880861575,179.4352391982236,174.92901493748246,,,180.07285398607655,"rgba(0, 255, 255, 0.75)",11.271341758061672,181.9654045333754,1.9744406605990201,65.76866763653085,22.908691588138822,True,False,True,False,False,13.857924066189817,0.0,0.0,0.0,0.0,0,0.8644487306701746,0.8423957276487571,False,False,False,False,0.27015698532657695,0.26008103990062664,False,False,False,False,64749.0,41950.135977396916,False,False,False,False,1223.9663756008347,False,False,False,False
2024-11-19 17:00:00+00:00,204.845,205.86,203.68,203.85,888.0,,,,,,185.26787496843218,180.26177496321793,175.65608633147593,174.89225403999282,,,,,,188.1237852268493,183.26093593769238,180.99061226332736,179.63319195301972,175.06168227222298,,,180.3497997729145,"rgba(0, 255, 255, 0.75)",11.562083835997223,182.22136896771434,1.8706516350406828,65.21380883340727,21.88334538157592,True,False,True,False,False,13.603701867359813,0.0,0.0,0.0,0.0,0,0.8682638741585076,0.8400857401225813,False,False,False,False,0.2631348854610387,0.26160796268083264,False,False,False,False,63861.0,42289.839295576814,False,False,False,False,1218.7575945837675,False,False,False,False
2024-11-20 17:00:00+00:00,200.235,200.79,198.88,199.04,1206.0,,,,,,185.65320130464895,180.5585482116836,175.84043813109523,175.02764865733752,,,,,,188.5865453681976,183.616313584842,181.3218377483443,179.84506885207384,175.21029071891616,,,180.62887695301546,"rgba(38, 166, 154, 1.0)",11.666398626779236,183.94368758724477,1.2939993648170833,61.06634180800934,17.582731658589864,True,False,True,False,False,10.363969129220482,0.0,0.0,0.0,0.0,0,0.8611809810852437,0.8491916628807602,False,False,False,False,0.2011641810949218,0.23138607188787721,False,False,False,False,62655.0,42605.57822122678,False,False,False,False,1218.5598024196781,False,False,False,False
2024-11-21 17:00:00+00:00,201.725,203.01,200.35,201.65,699.0,,,,,,185.89946724737143,180.74496220829855,175.95533480760255,175.11210251038122,,,,,,188.88610758077024,183.84148133939988,181.52994293824156,179.97868034694065,175.3029569052045,,,180.80567065380117,"rgba(38, 166, 154, 1.0)",11.847381484363261,184.1414531791735,1.4778410608230275,59.83481861904759,16.115691308044674,False,False,True,False,False,11.646585270018353,0.0,0.0,0.0,0.0,0,0.8603706022561264,0.8425764216122403,False,False,False,False,0.22413035510375326,0.22775821349581524,False,False,False,False,63354.0,42927.25917903722,False,False,False,False,1210.5046116844894,False,False,False,False
2024-11-22 17:00:00+00:00,205.19,206.81,203.705,204.14,2497.0,,,,,,186.88795481557165,181.48312547708557,176.40784502757296,175.44546689655382,,,,,,190.0957373988171,184.73905344311206,182.35312595279765,180.51170410652864,175.66847272805248,,,181.51027620512133,"rgba(0, 255, 255, 0.75)",12.059455074118478,184.98891600441402,1.5880555031617687,60.35870830048496,16.115691308044674,False,False,True,False,False,12.847232048217762,0.0,0.0,0.0,0.0,0,0.8703203862190038,0.8329493087557603,False,False,False,False,0.26935772021015986,0.24855796685298753,False,False,False,False,65851.0,43282.66601347075,False,False,False,False,1230.4502766196135,False,False,False,False
2024-11-25 17:00:00+00:00,210.07,213.0,208.75,212.44,880.0,,,,,211.39666666666668,187.32956226922474,181.8020524842801,176.59966373239803,175.58677440654856,,,,,,190.64858402642602,185.1338348310951,182.70946854144586,180.74290257409237,175.82337798733465,,,184.77728875195123,"rgba(0, 255, 255, 0.75)",12.45967744727315,187.63647337661953,1.9907037504256433,64.07790672185564,16.115691308044674,True,False,True,False,True,16.611049652875984,0.0,0.0,0.0,0.0,0,0.8773103612270045,0.8153548498670526,False,False,False,False,0.3426947048717395,0.29562633586236353,False,False,False,False,66731.0,43646.206075277405,False,False,False,False,1225.016938997604,False,True,False,False
2024-11-26 17:00:00+00:00,210.83,212.02,209.61,209.7,1177.0,,,,,210.85117647058823,187.873486384357,182.20473282685901,176.84601795160407,175.76906027888245,,,,,,191.31267831523343,185.62541521587264,183.1572368691787,181.03732288692558,176.02297967947624,,,185.07001068789776,"rgba(0, 255, 255, 0.75)",12.774478218923958,188.063206149395,1.6937516726556003,64.44379772512332,16.115691308044674,True,False,True,False,True,14.779611690226723,0.0,0.0,0.0,0.0,0,0.8786520010372547,0.8193556054974498,False,False,False,False,0.34189366248597286,0.3187599991741682,False,False,False,False,65554.0,43985.861795040546,False,False,False,False,1224.2724903309745,False,False,False,False
2024-11-27 17:00:00+00:00,207.93,208.34,207.36,207.36,120.0,,,,,210.67674322462105,187.92090902744536,182.24120680057885,176.8688891360863,175.78606901732653,,,,,,191.36849397305159,185.66901524509075,183.1975476232864,181.06422941224315,176.04158121394596,,,185.0834684673676,"rgba(38, 166, 154, 1.0)",12.988559216229884,188.08753459760328,1.4838031748983198,62.98237960879058,16.115691308044674,True,False,True,False,True,13.242305352959818,0.0,0.0,0.0,0.0,0,0.8710106382978724,0.8294304618578099,False,False,False,False,0.30280826037243,0.3107841297732991,False,False,False,False,65434.0,44318.39106953604,False,False,False,False,1207.151986604913,False,False,False,False
2024-11-28 17:00:00+00:00,207.36,207.36,207.36,207.36,0.0,,,,,210.67674322462105,187.92090902744536,182.24120680057885,176.8688891360863,175.78606901732653,,,,,,191.36849397305159,185.66901524509075,183.1975476232864,181.06422941224315,176.04158121394596,,,185.0834684673676,"rgba(38, 166, 154, 1.0)",13.219535512345308,188.08753459760328,1.4578776526905037,62.008100864568746,16.115691308044674,True,False,True,False,True,13.242305352959818,0.0,0.0,0.0,0.0,0,0.876488939307998,0.8295846241109995,False,False,False,False,0.2964373815485376,0.30361075566091833,False,False,False,False,65434.0,44645.7648514037,False,False,False,False,1188.4364519288677,False,False,False,False
2024-11-29 17:00:00+00:00,207.64,208.86,207.44,208.145,173.0,,,,,210.49060921985816,187.99046605312503,182.29455742837072,176.90229517389255,175.81091247407832,,,,,,191.4505527758933,185.73288113928484,183.2565208441493,181.10359518088484,176.06875066442316,,,185.11011409539603,"rgba(38, 166, 154, 1.0)",13.446605559138689,188.1284008820262,1.4885986675179872,61.78798086243563,16.115691308044674,True,False,True,False,True,13.609490899386778,0.0,0.0,0.0,0.0,0,0.8830866273255751,0.8241409246255451,False,False,False,False,0.3067205749876971,0.3051656653243077,False,False,False,False,65607.0,44970.745241304416,False,False,False,False,1172.693251123769,False,False,False,False
2024-12-02 17:00:00+00:00,210.0,211.9,209.635,210.46,382.0,,,,,210.51499328940946,188.16133804159844,182.42297762794604,176.98172753624974,175.86989298898442,,,,,,191.6558192572292,185.8883152451828,183.39882321227932,181.1981655332976,176.1332744767764,,,185.22253272089534,"rgba(0, 255, 255, 0.75)",13.728663887798419,188.26907049767723,1.6163939683923165,62.8866300124421,16.115691308044674,True,False,True,False,True,14.688560502798097,0.0,0.0,0.0,0.0,0,0.8826101249178172,0.8203155818540431,False,False,False,False,0.34125980342934986,0.3232127343768288,False,False,False,False,65989.0,45296.609656167915,False,False,False,False,1160.4344410288268,False,False,False,False
2024-12-03 17:00:00+00:00,209.285,210.53,208.21,208.43,187.0,,,,,210.4215684595181,188.23813796401848,182.48186409783466,177.01862567361403,175.89736171418207,,,,,,191.74634529605422,185.9588068043149,183.46386960038677,181.2417253787087,176.16330600906315,,,185.2631610997695,"rgba(38, 166, 154, 1.0)",13.913527995417818,188.32212476793063,1.4452032035793911,61.73042678021634,15.892111687803279,True,False,True,False,True,13.299801402870635,0.0,0.0,0.0,0.0,0,0.8841887490095961,0.8225636059512278,False,False,False,False,0.3227263041257556,0.3229695192512922,False,False,False,False,65802.0,45614.522684754455,False,False,False,False,1145.3424341911705,False,False,False,False
2024-12-04 17:00:00+00:00,209.655,210.65,208.12,210.48,987.0,,,,,210.25187105308075,188.6475124521996,182.7964045072946,177.21616311917967,176.04460936742558,,,,,,192.22748921441212,186.33483017870864,183.81095201783717,181.47507419570638,176.32423335145688,,,185.51291394573016,"rgba(0, 255, 255, 0.75)",14.18188457374615,188.62817161044168,1.5408268397566107,62.17709674186074,15.892111687803279,True,False,True,False,True,14.2688226771667,0.0,0.0,0.0,0.0,0,0.8852026804350215,0.822476106777985,False,False,False,False,0.3229240786825188,0.3229467989669055,False,False,False,False,66789.0,45942.80915475826,False,False,False,False,1142.8875127308422,False,False,False,False
2024-12-05 17:00:00+00:00,208.2,208.2,205.105,205.14,395.0,,,,,209.87500581260173,188.77978999234594,182.9037103691639,177.28587366362078,176.09692129069538,,,,,,192.37480170743257,186.45936805478198,183.9283685541286,181.555634445666,176.38131255380216,,,185.5640786444239,"rgba(38, 166, 154, 1.0)",14.272036706677591,188.6926427622433,1.1524183671739927,58.087231231206935,12.0336670798633,False,False,True,False,False,10.691597257444972,0.0,0.0,0.0,0.0,0,0.8713811936998566,0.8306754375403608,False,False,False,False,0.28727955061130017,0.3051131747891028,False,False,False,False,66394.0,46259.88188104108,False,False,False,False,1131.2923574947051,False,False,False,False
2024-12-06 17:00:00+00:00,205.39,205.58,203.16,204.175,1544.0,,,,,208.40364756201882,189.22531308081182,183.28133414853409,177.5379707561346,176.28723242285082,,,,,,192.84868265116245,186.8873062367662,184.33861668557415,181.8423201600814,176.588659023179,,,185.72410827271133,"rgba(38, 166, 154, 1.0)",14.391523757199922,188.87293557306785,1.0632692329939495,54.68353757521995,8.857833243290187,False,True,True,False,False,10.063036356476239,0.0,0.0,0.0,0.0,0,0.8644789880165605,0.8367324645248678,False,False,False,False,0.2580438269284387,0.2815785008587708,False,False,False,False,64850.0,46548.10076660633,False,False,False,False,1137.6909255955625,False,False,False,False
2024-12-09 17:00:00+00:00,208.375,208.375,204.935,205.38,234.0,,,,,208.31997696989637,189.29894824012732,183.34253896069353,177.57848546106993,176.31781734304732,,,,,,192.9287549759196,186.957348333617,184.4052103402103,181.888808833313,176.6219787798579,,,185.76598682377522,"rgba(38, 166, 154, 1.0)",14.502106470788501,188.91809260088328,1.1351390525421823,53.35412783936454,7.640222938722381,False,True,True,False,False,10.664340970838047,0.0,0.0,0.0,0.0,0,0.8636458139560332,0.8364209351439481,False,False,False,False,0.2873118271740497,0.28444516401641023,False,False,False,False,65084.0,46835.479049294605,False,False,False,False,1123.6802135708251,False,False,False,False
2024-12-10 17:00:00+00:00,207.97,210.205,206.775,207.3,408.0,,,,,208.30572221365813,189.4397870366969,183.4571025722475,177.65342982751838,176.3743083799938,,,,,,193.0853400990392,187.08995812124843,184.530189380714,181.97561612118358,176.68354086859247,,,185.85949946208922,"rgba(38, 166, 154, 1.0)",14.613686927110459,189.02013213874608,1.2508730994737673,53.92039986349418,7.640222938722381,False,True,True,False,False,11.618570160151233,0.0,0.0,0.0,0.0,0,0.8714460409660654,0.8250207450757738,False,False,False,False,0.31116557324822336,0.29780536863231677,False,False,False,False,65492.0,47124.72743612724,False,False,False,False,1112.5843963061611,False,False,False,False
2024-12-11 17:00:00+00:00,209.82,212.97,209.07,209.865,1097.0,,,,,208.6426443829114,189.85840231892408,183.79118091428268,177.86979489218857,176.5372974633408,,,,,,193.5594099564968,187.48055956305637,184.89532654154124,182.2286287086217,176.86117427060682,,,186.17244190119703,"rgba(38, 166, 154, 1.0)",14.775837882066538,191.43567523616366,1.2472608938274867,56.054688859741525,7.640222938722381,False,True,True,False,True,12.874685752950437,0.0,0.0,0.0,0.0,0,0.88458177687485,0.8149288944229633,False,False,False,False,0.34282825308309617,0.32031681085770647,False,False,False,False,66589.0,47426.49910378418,False,False,False,False,1112.3427777587788,False,False,False,False
2024-12-12 17:00:00+00:00,206.705,208.19,206.0,206.0,654.0,,,,,208.4908029861617,190.05474776233606,183.958060650893,177.98222720277985,176.6226871672015,,,,,,193.76815282893892,187.6690760956374,185.07589704357497,182.35690813946664,176.95405014913362,,,186.29326100261235,"rgba(38, 166, 154, 0.5)",14.86583306756766,191.4643352138408,0.9777901258605698,54.143449935066215,7.640222938722381,False,True,True,False,True,10.276135392349016,0.0,0.0,0.0,0.0,0,0.8720887205607071,0.825475599669148,False,False,False,False,0.29137730028544356,0.305847055571575,False,False,False,False,65935.0,47713.45260605109,False,False,False,False,1105.2366881811233,False,False,False,False
2024-12-13 17:00:00+00:00,203.31,203.97,201.96,203.245,677.0,,,,,208.07826434847635,190.20953602114616,184.10082661690987,178.08294700349646,176.699854729084,,,,,,193.91811234829885,187.82352303442687,185.22853322718018,182.46849945457876,177.0378053550582,,,186.36479021386558,"rgba(38, 166, 154, 0.5)",14.930864371290403,191.41673347683582,0.792202395589903,50.900722510849675,5.363139424472465,False,True,False,False,False,8.48057986844309,0.0,0.0,0.0,0.0,0,0.868421052631579,0.8288933096916488,False,False,False,False,0.23880869057435183,0.2723278730729634,False,False,False,False,65258.0,47985.461092778976,False,False,False,False,1098.597359682191,False,False,False,False
2024-12-16 17:00:00+00:00,204.2,205.71,203.23,204.14,798.0,,,,,207.77277943649406,190.4053341598465,184.27776069255347,178.20676801495915,176.79470133049165,,,,,,194.1130777510003,188.01685844748857,185.4180500970327,182.6067188995878,177.1407468488503,,,186.47527956783046,"rgba(38, 166, 154, 0.5)",15.000513208337532,191.4677979493879,0.8447845666752709,49.50093332297766,4.035254435042823,False,True,False,False,False,8.941657820632496,0.0,0.0,0.0,0.0,0,0.8700154858691443,0.8257517098980511,False,False,False,False,0.25780113318653686,0.26506450312975016,False,False,False,False,66056.0,48265.62448668938,False,False,False,False,1093.9369355010715,False,False,False,False
2024-12-17 17:00:00+00:00,201.03,201.55,199.04,200.815,284.0,,,,,207.56527091460774,190.45464556445117,184.32792786797006,178.2440381645189,176.8235561254051,,,,,,194.15502955783344,188.06845270575874,185.47092277845806,182.64676451703733,177.17198448735184,,,186.49285926833926,"rgba(38, 166, 154, 0.5)",14.905905241012677,191.44521207940977,0.6285956987576866,46.284358085930535,1.0049825642209242,False,True,False,True,False,6.792434354755169,0.0,0.0,0.0,0.0,0,0.8655941600839168,0.829929569927001,False,False,False,False,0.20551710318406471,0.23529080315690742,False,False,False,False,65772.0,48537.04116131435,False,False,False,False,1081.379773710357,False,False,False,False
2024-12-18 17:00:00+00:00,202.725,202.91,191.44,191.44,770.0,,,,,206.6855001393146,190.5176958246773,184.41903061187685,178.32094279868235,176.88429242505265,,,,,,194.17451655135147,188.14838544296794,185.56331419784092,182.72299277585537,177.23742969000813,,,186.4674100457628,#000000,14.749772440754777,191.25777251371437,0.012354596453442042,39.921980777539005,-4.7907478380789215,False,True,False,True,False,1.180634564315838,0.0,0.0,0.0,0.0,0,0.8520872378519302,0.8312829157461599,False,False,False,False,0.16717074621954153,0.20123077468822448,False,False,False,False,65002.0,48792.31184098389,False,False,False,False,1076.5521803194988,False,False,False,False
2024-12-19 17:00:00+00:00,192.52,194.025,190.445,191.95,1870.0,,,,,204.53308380153518,190.56776033071492,184.57214646786005,178.47094591561506,177.00535662401782,,,,,,194.09119863638693,188.25325231692867,185.71063397659344,182.85917246010328,177.36721339698067,,,186.3430763926736,#000000,14.55082111766182,190.79208853050324,0.07957705342767751,36.142995411656216,-8.040671502850039,False,True,False,True,False,1.4607140286717986,0.0,0.0,0.0,0.0,0,0.8495580775064066,0.8563673448041418,False,False,False,False,0.10739347918637838,0.15431212693730142,False,False,False,False,66872.0,49072.61708375934,False,False,False,False,1088.8536969036925,False,False,False,False
2024-12-20 17:00:00+00:00,194.855,196.97,190.26,190.26,1089.0,,,,,203.57813274078393,190.60181364999596,184.66261983889848,178.55905012411338,177.07661819454188,,,,,,194.05405701003883,188.31719594656923,185.79801708643723,182.93965612746229,177.44355679736566,,,186.30307175162065,#000000,14.284967095794196,190.6173655483194,-0.02501689684848051,32.99147898649226,-10.771090120205876,False,True,False,True,False,0.4922053318214168,0.0,0.0,0.0,0.0,0,0.8540974271367189,0.8471605321737328,False,False,False,False,0.12399763141454416,0.13915487917592279,False,False,False,False,65783.0,49331.6927878871,False,False,False,False,1088.8559651687515,False,False,False,False
2024-12-23 17:00:00+00:00,189.4,189.4,189.4,189.4,0.0,,,,,203.57813274078393,190.60181364999596,184.66261983889848,178.55905012411338,177.07661819454188,,,,,,194.05405701003883,188.31719594656923,185.79801708643723,182.93965612746229,177.44355679736566,,,186.30307175162065,#000000,14.011988703050303,190.6173655483194,-0.08688028331441601,30.564925263711217,-12.934983109443692,False,True,False,True,False,0.0,0.0,0.0,0.0,0.0,0,0.8552299953326764,0.8600010371830108,False,False,False,False,0.07345692610819671,0.10630590264205975,False,False,False,False,65783.0,49586.75181443148,False,False,False,False,1071.9744773366779,False,False,False,False
2024-12-24 17:00:00+00:00,191.51,192.36,191.33,192.36,34.0,,,,,203.5495651647287,190.6025930696652,184.66524025613347,178.56168891810893,177.0787635927716,,,,,,194.05257641174714,188.31893562188228,185.80051618914783,182.94202217945968,177.44585232818162,,,186.30177537318264,#000000,13.741235746716585,190.6120840353809,0.1272022398012335,32.020491399631084,-12.934983109443692,False,True,False,True,False,1.6815246072827001,0.0,0.0,0.0,0.0,0,0.8559746932277507,0.8576907570322433,False,False,False,False,0.10271206329689235,0.10450898296947606,False,False,False,False,65817.0,49838.38356924649,False,False,False,False,1055.8818497810705,False,False,False,False
2024-12-25 17:00:00+00:00,192.36,192.36,192.36,192.36,0.0,,,,,203.5495651647287,190.6025930696652,184.66524025613347,178.56168891810893,177.0787635927716,,,,,,194.05257641174714,188.31893562188228,185.80051618914783,182.94202217945968,177.44585232818162,,,186.30177537318264,#000000,13.42829178962768,190.6120840353809,0.13016666542569882,32.99086882357766,-12.934983109443692,False,True,False,True,True,1.6815246072827001,0.0,0.0,0.0,0.0,0,0.8596265159151606,0.8570701139988982,False,False,False,False,0.10889491613449526,0.10670194955198566,False,False,False,False,65817.0,50086.11405654499,False,False,False,False,1039.5115885441546,False,False,False,False
2024-12-26 17:00:00+00:00,192.48,193.48,192.04,192.945,240.0,,,,,203.36565833333339,190.61118871619402,184.68570401112282,178.58139897218527,177.0947052349851,,,,,,194.0462943903373,188.3338325843419,185.82037706457336,182.96016716918183,177.4629296089248,,,186.296225608518,#000000,13.145016183651627,190.5813265333316,0.17981518117931825,34.290831873512545,-12.934983109443692,False,True,False,True,True,2.0184562390031147,0.0,0.0,0.0,0.0,0,0.8652844865441314,0.853856930765531,False,False,False,False,0.11370283636381995,0.1102023929579028,False,False,False,False,66057.0,50333.72469132723,False,False,False,False,1027.116060039594,False,False,False,False
2024-12-27 17:00:00+00:00,187.72,189.645,187.72,188.69,321.0,,,,,203.03659672276152,190.60126086491113,184.69907944363408,178.60004287433367,177.1103817204528,,,,,,194.00994624791434,188.33537966228855,185.8311742695551,182.97419551592787,177.47957533343504,,,186.2677632655214,#000000,12.948533292014549,190.50548022180868,-0.14020740271242177,32.726729610765474,-12.934983109443692,False,True,False,True,True,0.0,0.0,0.0,0.0,0.0,0,0.8613797750479447,0.8520188669465608,False,False,False,False,0.06489781009310469,0.08755010152550374,False,False,False,False,65736.0,50572.519657353165,False,False,False,False,1016.1685242250267,False,False,False,False
2024-12-30 17:00:00+00:00,187.935,189.305,187.84,188.26,213.0,,,,,202.82309458281736,190.59399103366243,184.70742569625648,178.6121111627845,177.12056620864246,,,,,,193.9851278385198,188.33576719214696,185.83775342203685,182.98311443487543,177.49038035533485,,,186.2489331927077,#000000,12.755339111048068,190.45607556291702,-0.17216912414464108,31.467143853739945,-12.934983109443692,False,True,False,True,True,0.0,0.0,0.0,0.0,0.0,0,0.8613514968324291,0.8542606931390002,False,False,False,False,0.06358648128670547,0.0755682914061046,False,False,False,False,65523.0,50804.31005026242,False,False,False,False,1003.7162990432433,False,False,False,False
2024-12-31 17:00:00+00:00,188.295,188.295,186.67,186.965,333.0,,,,,202.47562296809494,190.57658472076318,184.71640418125685,178.62870904582894,177.13483034506925,,,,,,193.93871567870048,188.33111407774703,185.84347331925497,182.99406790935288,177.50545229809566,,,186.2144974544164,#000000,12.612597549868529,190.37171984882616,-0.27010453916066385,29.958660578149523,-14.558292330474174,False,True,False,True,False,0.0,0.0,0.0,0.0,0.0,0,0.8594022428788081,0.8568333522475212,False,False,False,False,0.050603476140410414,0.06308588377325751,False,False,False,False,65190.0,51027.34400297153,False,False,False,False,993.3175967324953,False,False,False,False
2025-01-01 17:00:00+00:00,186.965,186.965,186.965,186.965,0.0,,,,,202.47562296809494,190.57658472076318,184.71640418125685,178.62870904582894,177.13483034506925,,,,,,193.93871567870048,188.33111407774703,185.84347331925497,182.99406790935288,177.50545229809566,,,186.2144974544164,#000000,12.492009932839343,190.37171984882616,-0.27271190682217417,28.953005061089243,-15.838716159165337,False,True,False,True,False,0.0,0.0,0.0,0.0,0.0,0,0.861068781423314,0.8589021925050536,False,False,False,False,0.03192033676149078,0.047503110267374145,False,False,False,False,65190.0,51246.92006494096,False,False,False,False,977.9173239149372,False,False,False,False
2025-01-02 17:00:00+00:00,187.37,188.86,185.41,188.695,3038.0,,,,,199.96095932234948,190.44182560528768,184.80606966373387,178.78316191849441,177.26749348658373,,,,,,193.5638962517917,188.30424533772853,185.90548436226507,183.09928269963817,177.64561278464924,,,185.97780314325217,#000000,12.433868130420207,189.78139095066015,-0.08737353004430208,30.836912753461398,-15.838716159165337,False,True,False,True,False,0.0,0.0,0.0,0.0,0.0,0,0.8577680525164113,0.8603606873593495,False,False,False,False,0.015630946149901438,0.03156702820863779,False,False,False,False,68228.0,51510.19262207366,False,False,False,False,1009.8565902108296,False,False,False,False
2025-01-03 17:00:00+00:00,188.17,189.77,187.97,189.57,310.0,,,,,199.7761740323909,190.4355552785082,184.81940798739745,178.8011502072885,177.28270393646824,,,,,,193.53691054689284,188.30747263007498,185.9166155582254,183.11308091965617,177.6617355490696,,,185.96508066459722,#000000,12.328118412945189,189.74299397990228,-0.014032472280655113,33.32055909452132,-15.838716159165337,False,True,False,True,True,0.08917995148869906,0.0,0.0,0.0,0.0,0,0.8604226835295221,0.8649060066102946,False,False,False,False,0.01938944667117772,0.025478237439907757,False,False,False,False,68538.0,51774.18963568492,False,False,False,False,999.0061004401191,False,False,False,False
2025-01-06 17:00:00+00:00,189.95,189.95,186.02,186.745,347.0,,,,,199.54802167510687,190.42061609617016,184.82893726531034,178.81822869376373,177.29748337955877,,,,,,193.49678610658816,188.3041611978626,185.92303909506444,183.12452096797256,177.67732016768642,,,185.9439114645084,#000000,12.23585093629085,189.68969565810437,-0.24066128898077388,32.80890812755534,-15.838716159165337,False,True,False,True,True,0.0,0.0,0.0,0.0,0.0,0,0.8515528144436225,0.8715138508339669,False,False,False,False,-0.0006459338204868319,0.012416151809710462,False,False,False,False,68191.0,52028.713827379725,False,False,False,False,988.8974787278692,False,False,False,False
2025-01-07 17:00:00+00:00,183.54,184.445,182.84,183.86,515.0,,,,,199.12059565620035,190.36910060763373,184.82324240258367,178.8323397159708,177.31113569613984,,,,,,193.40010031412143,188.27371223540626,185.91039310431745,183.12676104149944,177.69137937738796,,,185.8858760151261,#000000,12.191957211934932,189.5704123438324,-0.46837535963810306,30.73805814026959,-15.838716159165337,False,True,False,True,False,0.0,0.0,0.0,0.0,0.0,0,0.8387300584425842,0.8803664507976621,False,False,False,False,-0.0630619317662993,-0.02532288997829442,False,False,False,False,67676.0,52271.30741145136,False,False,False,False,981.5502309956541,False,False,False,False
2025-01-08 17:00:00+00:00,184.525,184.775,183.64,183.945,1234.0,,,,,198.20923063036454,190.2561463063327,184.8147320453728,178.8686000400116,177.34566706669028,,,,,,193.1853967539732,188.20870924378272,185.88615587003818,183.1357082910544,177.7270491324152,,,185.76373953800356,#000000,12.138507494300265,189.31755554597925,-0.4426042945149542,29.489181289612493,-16.00872971597859,False,True,False,True,False,0.0,0.0,0.0,0.0,0.0,0,0.8385279600917382,0.8841540103786846,False,False,False,False,-0.054923582584254546,-0.04012323628127448,False,False,False,False,68910.0,52529.2716376304,False,False,False,False,985.4641809026982,False,False,False,False
2025-01-09 17:00:00+00:00,183.945,183.945,183.945,183.945,0.0,,,,,198.20923063036454,190.2561463063327,184.8147320453728,178.8686000400116,177.34566706669028,,,,,,193.1853967539732,188.20870924378272,185.88615587003818,183.1357082910544,177.7270491324152,,,185.76373953800356,#000000,12.12656995798649,189.31755554597925,-0.4430399993232149,28.65659672250776,-17.020929792053472,False,True,False,True,False,0.0,0.0,0.0,0.0,0.0,0,0.8346306626551175,0.8891077871880253,False,False,False,False,-0.05870370483659228,-0.04941347055893338,False,False,False,False,68910.0,52783.236418442335,False,False,False,False,970.1856664700982,False,False,False,False
2025-01-10 17:00:00+00:00,177.77,178.69,177.12,177.935,412.0,,,,,197.80575511911084,190.18211595954304,184.78696652406347,178.8664217121313,177.3466294603477,,,,,,193.06834520952333,188.15520507159528,185.85029015183778,183.12005365153075,177.7273966725162,,,185.69091795321998,"rgba(239, 83, 80, 0.5)",12.19094953843396,189.1862363387353,-0.9229171446624358,25.17684720980914,-20.440557218640674,False,True,False,True,False,0.0,0.0,0.0,0.0,0.0,0,0.8296826250672402,0.8995911780527164,False,False,False,False,-0.1463713622527262,-0.0978924164058298,False,False,True,False,68498.0,53026.87616389284,False,False,False,False,961.5316251294765,False,False,True,False
2025-01-13 17:00:00+00:00,175.41,179.01,175.41,178.685,1218.0,,,,,196.68972669127814,189.96464546971868,184.70366637709137,178.85860869708887,177.34839486995256,,,,,177.70166666666668,192.7278388245069,187.99700508181854,185.743322178513,183.0724433631277,177.72725678372,,,184.77587045486203,"rgba(239, 83, 80, 0.5)",12.244966036834803,188.74450361870373,-0.8215215614680469,24.046814574244348,-21.594412278399687,False,True,False,True,False,0.0,0.0,0.0,0.0,0.0,0,0.8342678118079186,0.8972829903311186,True,False,False,False,-0.15657817454539247,-0.12723529547561113,False,False,False,False,69716.0,53285.622269879,False,False,False,False,965.5078790034381,False,False,False,False
2025-01-14 17:00:00+00:00,180.22,183.245,180.21,183.11,366.0,,,,,196.4517964465564,189.92414038558243,184.6948114447672,178.865306797696,177.35561586123967,,,,,178.73835858585858,192.65812528991145,187.97070947074175,185.72935425635075,183.07011513398524,177.73453303326727,,,184.835715155087,#000000,12.212787015447345,188.73654015127735,-0.46070893925855,29.149597221245685,-25.529856913431875,False,True,False,True,True,0.0,0.0,0.0,0.0,0.0,0,0.8494208077383973,0.884215526454998,False,False,False,False,-0.09071452506737608,-0.10897491027149361,False,False,False,False,70082.0,53546.03122693514,False,False,False,False,956.2131832049351,False,False,False,False
2025-01-15 17:00:00+00:00,183.6,185.84,183.6,185.425,325.0,,,,,196.28670017379523,189.90126253110645,184.69562226526418,178.87616520088443,177.36567041198506,,,,,179.79671817705605,192.61314495071096,187.95863533890162,185.72666195957603,183.07451249509484,177.74497559184766,,,184.91273355420205,#000000,12.15155655620848,188.75688833221096,-0.2741943648781868,34.911879419360105,-20.361860601627615,False,True,False,True,True,0.0,0.0,0.0,0.0,0.0,0,0.8569748751308023,0.8753789227267332,False,False,False,False,-0.04754776179246303,-0.07826133603197832,False,False,False,False,70407.0,53807.441595509794,False,False,False,False,946.426932302533,False,False,False,False
2025-01-16 17:00:00+00:00,186.29,187.07,185.99,186.56,551.0,,,,,196.0550462982933,189.87522930664494,184.70531544292044,178.8992631823652,177.38620347616285,,,,,181.30710365853656,192.55361172884537,187.94907072499234,185.73142813588998,183.0881654142148,177.76648771923595,,,185.02881137164562,#000000,12.046214854647033,188.79256587412755,-0.18533339319166256,39.833732024309136,-16.10158662357248,False,True,False,True,True,0.0,0.0,0.0,0.0,0.0,0,0.8563108691408368,0.8780448127019933,False,False,False,False,-0.02153442926409878,-0.04989788264803855,False,False,False,False,70958.0,54073.34172581196,False,False,False,False,940.2962821893154,False,False,False,False
2025-01-17 17:00:00+00:00,188.51,191.085,188.24,190.95,526.0,,,,,195.92274473828505,189.8768178266451,184.73220425872495,178.93137298695726,177.4132914905202,,,,,182.85455179727617,192.53078661026416,187.96277275250958,185.75568421943242,183.1144064061925,177.79519954501907,,,185.17180296652967,#000000,11.973927483803378,188.8699839089159,0.1737121002192159,46.61094991051232,-10.188088101286446,False,False,False,False,True,1.5610427802898386,0.0,0.0,0.0,0.0,0,0.8566694730479459,0.8727306089847376,False,False,False,False,0.023437304069482152,-0.0132302892892782,False,False,False,False,71484.0,54343.27441223348,False,False,False,False,933.8730840158377,False,False,False,False
2025-01-20 17:00:00+00:00,190.95,190.95,190.95,190.95,0.0,,,,,195.92274473828505,189.8768178266451,184.73220425872495,178.93137298695726,177.4132914905202,,,,,182.85455179727617,192.53078661026416,187.96277275250958,185.75568421943242,183.1144064061925,177.79519954501907,,,185.17180296652967,#000000,11.911418396488754,188.8699839089159,0.1746237116225573,51.129095167981106,-6.4025762419995615,True,False,True,False,True,1.561042780289828,0.0,0.0,0.0,0.0,0,0.8658954117236567,0.872066905094208,False,False,False,False,0.04193844507953487,0.014354077895128336,False,False,False,False,71484.0,54609.02209576474,False,False,False,False,919.3944315504758,False,False,False,False
2025-01-21 17:00:00+00:00,193.965,194.895,192.9,194.63,507.0,,,,,195.88545507102745,189.90677665396606,184.77726303030298,178.97331746921,177.44759757008495,,,,,184.4928475999618,192.5450543889685,188.00062648525417,185.8004106353881,183.15408801304073,177.83182134061562,,,185.34684165980187,#000000,11.850785980699964,189.79395829259715,0.40807771866598186,56.54555097209114,-1.6953845367377198,True,False,True,False,True,3.8044780241223464,0.0,0.0,0.0,0.0,0,0.8634770667399067,0.88085690744301,False,False,False,False,0.0844224810462654,0.04938827947069687,False,False,False,False,71991.0,54878.510125287765,False,False,False,False,913.0007194334141,False,False,False,False
2025-01-22 17:00:00+00:00,193.425,193.615,190.795,192.35,1950.0,,,,,195.61477413437288,189.9685073187184,184.91246671303807,179.112691058092,177.56346513547433,,,,,187.2731061301978,192.53544403523003,188.09852489335913,185.93012096691055,183.2783058787565,177.95502596522593,,,185.65840292994324,#000000,11.771046011982564,189.87595705996955,0.21018038137918615,57.63954410032297,-0.8350823242387619,True,False,True,False,True,2.311369564288441,0.0,0.0,0.0,0.0,0,0.8574528002103856,0.8776914563723824,False,False,False,False,0.06000012573946816,0.054694202605082516,False,False,False,False,70041.0,55113.587487686396,False,False,False,False,929.0782276592525,False,False,False,False
2025-01-23 17:00:00+00:00,189.475,190.64,188.76,190.205,922.0,,,,,195.41918131029732,189.96727661776399,184.95448450685225,179.16579965189447,177.60882807002116,,,,,187.64903692065985,192.49453715717917,188.11758087119,185.9671980387751,183.32056962568282,178.0029544978532,,,185.6970406607427,#000000,11.575431821960649,189.81841648561016,0.033396897872651064,56.254287412803116,-0.8350823242387619,True,False,True,False,True,0.930280028361679,0.0,0.0,0.0,0.0,0,0.8546935651413264,0.8778743644415288,False,False,False,False,0.0239758841633081,0.03933504338419531,False,False,False,False,69119.0,55330.72566617188,False,False,False,False,928.9684876955432,False,False,False,False
2025-01-24 17:00:00+00:00,190.515,191.11,189.335,190.895,943.0,,,,,195.25189932574654,189.97322562179235,185.00170055003488,179.22248410313244,177.65705197864347,,,,,188.01003375296477,192.4629086482031,188.1429505350013,186.0099200505688,183.36700766606546,178.05394733449506,,,185.74119359696803,#000000,11.405410710205167,189.79812855781836,0.09617114806748772,55.90377657317147,-0.8350823242387619,True,False,True,False,True,1.3620731695750834,0.0,0.0,0.0,0.0,0,0.8560203121237989,0.877262678661326,False,False,False,False,0.03148168742329448,0.035408365403744896,False,False,False,False,70062.0,55559.11751630875,False,False,False,False,929.1860305219689,False,False,False,False
2025-01-27 17:00:00+00:00,188.21,188.715,186.475,187.04,250.0,,,,,195.18257805593865,189.96482050104933,185.00717694500025,179.23337650819326,177.6667548984105,,,,,187.9901861162565,192.44230370648273,188.14084006158123,186.0134511475409,183.3739804102826,178.0641006674799,,,185.73450627438325,#000000,11.25326138231637,189.76479526413613,-0.24213382872434996,52.20171395239262,-0.8350823242387619,True,False,False,False,False,0.0,0.0,0.0,0.0,0.0,0,0.8465072822203903,0.8896290189612532,False,False,False,False,-0.006244100991609688,0.014582132206067603,False,False,False,False,69812.0,55780.09243853652,False,False,False,False,918.6560145448841,False,False,False,False
2025-01-28 17:00:00+00:00,185.65,187.92,185.6,187.025,1253.0,,,,,194.8289920656419,189.91442938932119,185.02792437473576,179.2838152165677,177.71230976761623,,,,,187.82780482729922,192.33026334718673,188.12245240852596,186.02387282737908,183.40375514670677,178.11162052107892,,,185.68974908109632,#000000,11.163195268541967,189.597956722831,-0.23048568630539024,49.721361501975025,-0.8350823242387619,True,False,False,False,False,0.0,0.0,0.0,0.0,0.0,0,0.853087288031526,0.8811190372528664,False,False,False,False,-0.018231685517743998,-0.0018247766558381973,False,False,False,False,68559.0,55978.21503638867,False,False,False,False,923.8396422263587,False,False,False,False
2025-01-29 17:00:00+00:00,186.3,187.205,184.52,185.33,552.0,,,,,194.6612235480512,189.88451530100156,185.03117020895786,179.30243949512354,177.72969826757387,,,,,187.70147477660296,192.27214151033087,188.1072712724346,186.0220194854519,183.4123353456617,178.12962643678162,,,185.65944687708833,#000000,11.130567874830573,189.51478445436248,-0.37597223263203644,46.65242265055178,4.282688671181255,True,False,False,True,False,0.0,0.0,0.0,0.0,0.0,0,0.8557918562176456,0.8807341505501647,False,False,False,False,-0.03112248545727466,-0.01647363105655643,False,False,False,False,68007.0,56164.70782652218,False,False,False,False,918.0746865329268,False,False,False,False
2025-01-30 17:00:00+00:00,187.82,188.95,185.53,186.46,1708.0,,,,,194.24858186030912,189.82231184615833,185.06050924171237,179.3709408002535,177.79170529796997,,,,,187.59016785596003,192.1326941530392,188.08595773925492,186.03796124892008,183.45337778675827,178.19425919195723,,,185.61713336566297,#000000,11.066901010353671,189.35559751368552,-0.2616448372472593,45.92349656757846,3.247477309650968,True,False,False,True,False,0.0,0.0,0.0,0.0,0.0,0,0.8638523681292573,0.8713425810685436,False,False,False,False,-0.011340199703746147,-0.013906915380151288,False,False,False,False,69715.0,56374.789875723385,False,False,False,False,930.3215906176875,False,False,False,False
2025-01-31 17:00:00+00:00,188.17,188.76,180.115,183.02,5219.0,,,,,192.79855041922212,189.46255439046587,185.01233054132393,179.49286500550892,177.91561230951862,,,,,186.42873439738082,191.52407330201746,187.86088026093176,185.93765450241207,183.47075155020855,178.32022059018297,,,185.29311156992483,"rgba(239, 83, 80, 0.5)",11.013519459004375,188.78076034225506,-0.5230626198735412,42.69073180133462,-0.15099278792784787,False,False,False,True,False,0.0,0.0,0.0,0.0,0.0,0,0.8546035505602915,0.8751494296535466,False,False,False,False,-0.051612767504498225,-0.03275984144232476,False,False,False,False,64496.0,56500.700110208294,False,False,False,False,996.8127287476459,False,False,False,False
2025-02-03 17:00:00+00:00,188.08,189.5,186.36,188.215,14642.0,,,,,191.44545148904595,189.25125204957806,185.3432148161483,180.08412033268334,178.4545332947406,,,,,187.18434415276522,190.91905645894593,187.8826870362472,186.18714970462338,183.86689549162068,178.88022571394418,,,185.4089936854857,#000000,10.848371365291353,188.69053266297948,-0.043834474960998335,45.62601184033762,-0.15099278792784787,True,False,False,True,False,0.0,0.0,0.0,0.0,0.0,0,0.8688133637997207,0.8607715686492002,False,False,False,False,-0.0014354083989824133,-0.017097624920653587,False,False,False,False,79138.0,56851.6659999725,False,False,False,False,1208.366019774814,False,False,False,False
2025-02-04 17:00:00+00:00,189.13,193.45,189.13,192.51,6006.0,,,,,191.47161819369538,189.39030866944393,185.61710824002293,180.405084875762,178.7379000115201,,,,,187.91803328099337,190.9705558679855,188.0798141470817,186.44465064913163,184.13663516637317,179.1765715876994,,,185.6680255172463,#000000,10.569849870233414,188.958168099168,0.33603428094419563,50.52785120085083,-6.676110050174778,True,False,False,False,True,2.481554807912662,0.0,0.0,0.0,0.0,0,0.8735171759305239,0.8517562154467508,False,False,False,False,0.046828457666039915,0.014865416372693164,False,False,False,False,85144.0,57290.30683718223,False,False,False,False,1282.747941948848,False,False,False,False
2025-02-05 17:00:00+00:00,195.27,197.475,194.33,195.24,1023.0,,,,195.68166666666667,191.54500923022746,189.45066011521305,185.6904716658472,180.47666728502216,178.79943343557267,,,,,188.12725318967713,191.02310702213498,188.1461534841531,186.51760373561436,184.2039855725365,179.24132053415755,,195.68166666666667,186.57527766140188,"rgba(38, 166, 154, 0.5)",10.261388674176438,189.7743543937624,0.5326419045009304,55.31956178809856,-2.167917841128663,True,False,True,False,True,4.106983814336715,-1.0,197.475,194.33,397.0,0,0.883081878841666,0.8426081144747946,False,False,False,True,0.11348710679517172,0.06417626158393244,False,False,False,False,86167.0,57738.0075063732,False,False,False,False,1278.720842073672,False,False,False,False
2025-02-06 17:00:00+00:00,191.68,193.575,190.685,192.8,988.0,,,,194.0464636167744,191.5583927972919,189.4773052373387,185.73704960930957,180.5301723671471,178.84680591717373,,,,,188.2344540724195,191.037284928837,188.18131593268706,186.56177993502706,184.24964277073363,179.2908111692645,,194.0464636167744,186.47928986283367,#000000,10.073822946913435,189.71305294199703,0.30643253055671393,56.2674834027015,-1.1967409648659597,True,False,True,False,True,2.522283364718774,0.0,0.0,0.0,0.0,0,0.878782925207877,0.847560510456512,False,False,False,False,0.0589197599823585,0.06154801078314547,False,False,False,False,85179.0,58163.44925046044,False,False,False,False,1274.2135421965606,False,False,False,False
2025-02-07 17:00:00+00:00,191.19,192.905,191.19,192.41,934.0,,,,193.45081890209394,191.56779260029265,189.50045653141743,185.7792723555805,180.5795271359362,178.89067648282528,,,,,188.32657962038965,191.04856738793004,188.2125701228724,186.60161653353614,184.2913619355979,179.336596781807,,193.45081890209394,186.46548636585658,#000000,9.872135827306401,189.71053952890065,0.2734423956802352,56.54405044773855,-0.634378282167674,True,False,True,False,True,2.269824290827959,0.0,0.0,0.0,0.0,0,0.8792666681225569,0.8535738463890284,False,False,False,False,0.05773151620778802,0.05963976349546675,False,False,False,False,84245.0,58567.81437836027,False,False,False,False,1268.9389136353734,False,False,False,False
2025-02-10 17:00:00+00:00,193.17,196.3,193.17,196.29,3239.0,,,,194.39492372789994,191.7547683452111,189.6671193338342,185.99017022441532,180.79219955820452,179.07543538560404,,,,,188.8468652118795,191.18915886419396,188.39890553462922,186.80967295027799,184.48804722626915,179.53045880604014,,194.39492372789994,186.74481043070492,"rgba(38, 166, 154, 0.5)",9.714551448566251,190.0116751936811,0.6462804628252287,59.162910371525896,2.1926420065403818,True,False,True,False,True,4.597349955052916,0.0,0.0,0.0,0.0,0,0.8843610657966285,0.8461663947797714,False,False,False,False,0.09654284738811864,0.07809130544179269,False,False,False,False,87484.0,59016.127333734534,False,False,False,True,1299.4824963697085,False,False,False,True
2025-02-11 17:00:00+00:00,196.63,196.63,192.845,194.27,2660.0,,,,194.45109019297453,191.86783577675865,189.7813272586432,186.14441403894782,180.95439845318427,179.21790420464714,,,,,189.18006541872353,191.279824794955,188.53042524010974,186.96019099762887,184.63461825553233,179.6795178392587,,194.45109019297453,186.8901343726137,#000000,9.596856752214043,190.17158076482693,0.42705849852635935,58.96252905505361,2.384255926569537,True,False,True,False,True,3.266740342820931,0.0,0.0,0.0,0.0,0,0.8800466261411423,0.850153604810772,False,False,False,False,0.09657906819068943,0.08733518681624106,False,False,False,False,84824.0,59416.24939057586,False,False,False,False,1320.5757909996355,False,False,False,False
2025-02-12 17:00:00+00:00,191.3,193.36,190.17,190.2,1231.0,,,,194.05915483870967,191.85648638341013,189.79688306898888,186.18642862880282,181.01010286328338,179.26881945399853,,,,,189.23409053524205,191.27937898215598,188.55687157171744,186.9982379612257,184.67873321692733,179.73227466175487,,194.05915483870967,186.88812184718475,#000000,9.59040674719119,190.16429976215397,0.003722494653990661,55.50115280107771,2.384255926569537,True,False,True,False,False,0.6661575078883573,0.0,0.0,0.0,0.0,0,0.8723826245285474,0.8557788182251702,False,False,False,False,0.05366389408861847,0.07049954045242976,False,False,False,False,83593.0,59791.08273335763,False,False,False,False,1319.1870190461527,False,False,False,False
2025-02-13 17:00:00+00:00,188.1,190.395,187.83,190.395,869.0,,,,193.70031478435675,191.8271441100017,189.79496797181523,186.20582285178085,181.04257927258493,179.2994273346296,,,,,189.2396424195592,191.26450635140856,188.56359086988553,187.0140773807389,184.70153340061853,179.76376019451314,,193.70031478435675,186.86811391182437,#000000,9.525046865647775,190.13565688112323,0.027227490062238964,53.349634341313575,2.384255926569537,True,False,True,False,False,0.7867136204366538,0.0,0.0,0.0,0.0,0,0.8669579547672226,0.8675867901207798,False,False,False,False,0.015539527452035025,0.04301953395223239,False,False,False,False,84462.0,60173.577574700925,False,False,False,False,1312.2073753400107,False,False,False,False
2025-02-14 17:00:00+00:00,190.0,190.42,188.04,188.9,998.0,,,,193.31753516998828,191.78832782590788,189.78923807579548,186.22505007867144,181.07774445268421,179.33292208199057,,,,,189.23719963857064,191.2436524276764,188.56792421345614,187.02904182123265,184.7252055787287,179.79812838236577,,193.31753516998828,186.84433081225566,#000000,9.389279071711533,190.09979870163923,-0.12778390039060986,50.72487701932784,6.903417546093223,True,False,False,False,False,0.0,0.0,0.0,0.0,0.0,0,0.8699362421929214,0.8650568181818181,False,False,False,False,0.017226583451305587,0.030123058701768988,False,False,False,False,83464.0,60534.669395248195,False,False,False,False,1307.3359431641964,False,False,False,False
2025-02-17 17:00:00+00:00,188.9,188.9,188.9,188.9,0.0,,,,193.31753516998828,191.78832782590788,189.78923807579548,186.22505007867144,181.07774445268421,179.33292208199057,,,,,189.23719963857064,191.2436524276764,188.56792421345614,187.02904182123265,184.7252055787287,179.79812838236577,,193.31753516998828,186.84433081225566,#000000,9.291689702229418,190.09979870163923,-0.12912599754072165,48.97503880467069,5.02819841452466,True,False,False,False,False,0.0,0.0,0.0,0.0,0.0,0,0.8691009262917601,0.8701106282101937,False,False,False,False,0.012488686767718764,0.021305872734743877,False,False,False,False,83464.0,60890.16289299628,False,False,False,False,1287.0671688515731,False,False,False,False
2025-02-18 17:00:00+00:00,189.69,190.615,188.97,189.645,833.0,,,,193.08447762557077,191.76414302818637,189.7889151005814,186.24431915359915,181.10911899701395,179.3624741347583,,,,,189.24568050610506,191.231572960765,188.57551555304008,187.0450455360513,184.74754567674262,179.82852701046514,,193.08447762557077,186.83561127357325,#000000,9.239759670346379,190.0816821294614,-0.04726119997069342,48.60647747727727,4.374123048653118,True,False,False,True,False,0.3226676891665896,0.0,0.0,0.0,0.0,0,0.8758521787093217,0.8643022614451186,False,False,False,False,0.025304441842526386,0.02330515728863513,False,False,False,False,84297.0,61253.05959232967,False,False,False,False,1280.027367784107,False,False,False,False
2025-02-19 17:00:00+00:00,188.23,190.29,186.7,188.05,2188.0,,,,192.3916800329702,191.6611820472571,189.76274524601314,186.27413408044524,181.17729985519162,179.42896698147248,,,,,189.2077806143748,191.17182686543623,188.5716980899522,187.06489628349175,184.7891456594471,179.89637147873654,,192.3916800329702,186.7831439362324,#000000,9.199008649584414,189.99459167878643,-0.21139143932365742,46.83473079423577,2.366116226434741,True,False,False,True,False,0.0,0.0,0.0,0.0,0.0,0,0.8702283307470627,0.8739082243405011,False,False,False,False,0.00667473953900025,0.01498994841381769,False,False,False,False,82109.0,61576.407505626885,False,False,False,False,1294.1044628572215,False,False,False,False
2025-02-20 17:00:00+00:00,186.615,188.075,186.27,186.99,1615.0,,,,191.87731029074678,191.5622115958818,189.72770791393205,186.28281036318617,181.2182788457701,179.47070856336092,,,,,189.14452431671526,191.11069640609708,188.55393989601927,187.06541691077976,184.80879247309014,179.93854145028658,,191.87731029074678,186.7300782521555,#000000,9.155859376810115,189.90963010299797,-0.31888105559951824,44.69059753339713,0.06393438531880236,False,False,False,True,False,0.0,0.0,0.0,0.0,0.0,0,0.8717041408303846,0.8780157735355127,False,False,False,False,-0.01230923478062797,0.0013403568165948595,False,False,False,False,80494.0,61869.703513291584,False,False,False,False,1299.0795874640862,False,False,False,False
2025-02-21 17:00:00+00:00,188.05,190.32,186.475,189.59,1760.0,,,,191.5814838041226,191.498127957824,189.71446499351933,186.3108549518578,181.27487049234128,179.52559273974637,,,,,189.13339538558023,191.07331391882596,188.557093327189,187.08614698464797,184.8452046970287,179.99459357443297,,191.5814838041226,186.7162619022597,#000000,9.03045782313883,189.8685503301583,-0.030845648760418138,46.350457798921504,0.06393438531880236,False,False,False,True,False,0.32736072965089136,0.0,0.0,0.0,0.0,0,0.8762619010802095,0.8695796240252712,False,False,False,False,0.005275167818897752,0.0033077623177463055,False,False,False,False,82254.0,62185.73911773667,False,False,False,False,1306.2256403716196,False,False,False,False
2025-02-24 17:00:00+00:00,191.355,192.12,188.295,188.295,1244.0,,,,191.45369880502506,191.4670754199949,189.71302959750375,186.3363699009452,181.31843322920184,179.56720872980722,,,,,189.14300501297475,191.05635427908115,188.5663731143597,187.1070125106637,184.8755144931647,180.03723762609,,191.45369880502506,186.72010939323434,#000000,8.869520274055738,189.8555825192529,-0.17594892068940512,46.12997591108622,0.06393438531880236,False,False,False,True,False,0.0,0.0,0.0,0.0,0.0,0,0.8806208376905719,0.8683692002862017,False,False,False,False,0.03126616441297592,0.017286963365361115,False,False,False,False,81010.0,62477.588123663234,False,False,False,False,1305.260901761207,False,False,False,False
2025-02-25 17:00:00+00:00,188.41,190.195,187.23,188.95,673.0,,,,191.36524915658686,191.44396655800261,189.70810346242965,186.3467249986944,181.33960528808305,179.58783872339862,,,,,189.13887075341387,191.04261615679064,188.56748424423634,187.11463399659402,184.88905857726252,180.05827922101116,,191.36524915658686,186.71686926137534,#000000,8.801399701848885,189.8418723640404,-0.10133301454915819,46.77264099859281,0.06393438531880236,False,False,False,True,False,0.0,0.0,0.0,0.0,0.0,0,0.8767576144928814,0.8792149689249349,False,False,False,False,0.0097969634057827,0.013541963385571908,False,False,False,False,81683.0,62775.34644732736,False,False,False,False,1295.4584071602578,False,False,False,False
2025-02-26 17:00:00+00:00,188.065,188.74,186.11,186.65,1137.0,,,,191.14209151396162,191.38244719787147,189.68535274882163,186.35252589518308,181.3673624994763,179.61636649550923,,,,,189.10042748157036,191.00329608282254,188.55590875395183,187.11502867524584,184.9022893218004,180.08702720343175,,191.14209151396162,186.69251032247053,#000000,8.769145784669496,189.7951096645109,-0.3586563322974149,44.8465185051366,-0.7212745676292087,False,False,False,True,False,0.0,0.0,0.0,0.0,0.0,0,0.8727922206787064,0.8834204317435119,False,False,False,False,-0.008684429543126041,0.0024287669212229336,False,False,False,False,80546.0,63050.86045589593,False,False,False,False,1293.0016876694012,False,False,False,False
2025-02-27 17:00:00+00:00,185.41,185.805,183.145,184.39,716.0,,,,190.92525036185998,191.32019220081315,189.65598644515427,186.344072620611,181.3765718834671,179.6277890768894,,,,,189.04399533132357,190.96167591648566,188.5346362786281,187.10234353386932,184.90062867469265,180.09810197487855,,190.92525036185998,186.65760369155603,"rgba(239, 83, 80, 0.5)",8.791383155839974,189.74120468501414,-0.6086874602273972,41.65251207302583,-3.8971093108664476,False,True,False,True,False,0.0,0.0,0.0,0.0,0.0,0,0.8601796439941801,0.888756386551864,False,False,False,False,-0.05107306978262857,-0.02432215143070282,False,False,False,False,79830.0,63311.00215425413,False,False,False,False,1284.0559250698757,False,False,False,False
2025-02-28 17:00:00+00:00,185.155,185.765,182.645,185.765,663.0,,,,190.74472399104124,191.26582811153105,189.63052325838,186.33745013603468,181.385819257519,179.6389262072678,,,,,188.99603783907506,190.92523145128595,188.51646173624803,187.0919243083282,184.90003792337194,180.1089600854217,,190.74472399104124,186.6284936921254,#000000,8.789355785102293,189.69510976885311,-0.44714423502056344,41.40727410891576,-4.284208742330762,False,True,False,True,False,0.0,0.0,0.0,0.0,0.0,0,0.8618229357086673,0.8874375422386193,False,False,False,False,-0.0549595761828273,-0.039640863806765056,False,False,False,False,80493.0,63577.389717754064,False,False,False,False,1274.4271510377846,False,False,False,False
2025-03-03 17:00:00+00:00,184.885,186.16,180.08,180.94,1706.0,,,,190.16264806416908,191.08154707118914,189.53561987081434,186.296370853353,181.39292842518867,179.65432545404497,,,,,188.81262639420336,190.79884283861855,188.44220770543077,187.0395273191181,184.87852818044334,180.12267150084793,,190.16264806416908,186.51815363978508,"rgba(239, 83, 80, 0.5)",8.825349176666279,189.53177098971148,-0.9735332639786799,37.74765116964323,-7.8410014127328935,False,True,False,True,False,0.0,0.0,0.0,0.0,0.0,0,0.858104921413138,0.8860298553299772,False,False,False,False,-0.07059551238438803,-0.055118188095576545,False,False,False,False,78787.0,63813.19762910671,False,False,False,False,1281.1182029596794,False,False,False,False
2025-03-04 17:00:00+00:00,179.73,183.38,179.665,180.11,859.0,,,,189.8537463819598,190.97774009903972,189.4799697608357,186.2690095613481,181.39172025217675,179.65824799159057,,,,,188.70557265739578,190.72667762713718,188.3973545218397,187.00609297911475,184.8620648927663,180.12547069002812,,189.8537463819598,186.4544722846027,"rgba(239, 83, 80, 1.0)",8.872269990976768,189.43906871980033,-1.051486116775991,34.828531349404344,-10.578851775575792,False,True,False,True,False,0.0,0.0,0.0,0.0,0.0,0,0.8635537750924893,0.8911473041308203,False,False,False,False,-0.0936821954161049,-0.07440019175584073,False,False,False,False,77928.0,64032.03177439187,False,False,False,False,1274.5737346967385,False,False,False,False
2025-03-05 17:00:00+00:00,179.825,183.065,179.825,182.94,787.0,,,,189.61543167579018,190.89287809526084,189.43494776446062,186.24843264246093,181.39350366237915,179.66410982033432,,,,,188.62118004789014,190.66750039950918,188.36166663153605,186.98032538306987,184.8506060394426,180.13047523017295,,189.61543167579018,186.40508811602555,"rgba(239, 83, 80, 0.5)",8.921633178772298,189.3651830544366,-0.7201801425465895,36.515026992580076,-10.578851775575792,False,True,False,True,False,0.0,0.0,0.0,0.0,0.0,0,0.8690762437702197,0.8898093905744515,False,False,False,False,-0.09480454549223225,-0.08460236862403649,False,False,False,False,78715.0,64259.67469261835,False,False,False,False,1267.0144519882617,False,False,False,False
2025-03-06 17:00:00+00:00,183.145,184.475,181.89,183.34,512.0,,,,189.49278174081724,190.8463654068204,189.41094584955832,186.2391356793508,181.39736884718343,179.67005928982377,,,,,188.57780118918407,190.63506453748374,188.34329019588625,186.96796489192553,184.84649009148868,180.13602552866084,,189.49278174081724,186.3802744373486,"rgba(239, 83, 80, 0.5)",8.929511698360965,189.32621620389358,-0.6703856163817291,38.116681322359874,-10.578851775575792,False,True,False,True,True,0.0,0.0,0.0,0.0,0.0,0,0.8754032609643388,0.8839262359403611,False,False,False,False,-0.06969396176472879,-0.07714816519438264,False,False,False,False,79227.0,64491.72624777155,False,False,False,False,1255.308801569839,False,False,False,False
2025-03-07 17:00:00+00:00,181.99,186.42,181.53,186.27,1642.0,,,,189.21679533425282,190.72969231694168,189.35366530492342,186.22444818025778,181.41971884353046,179.6970052371612,,,,,188.48117204630836,190.55369793943265,188.3023391818937,186.94463110135936,184.84562708730226,180.16227220806456,,189.21679533425282,186.32758873178568,#000000,8.85709265234628,189.2348604200782,-0.3347442029177365,42.39411945467607,-12.598711868074524,False,True,False,True,True,0.0,0.0,0.0,0.0,0.0,0,0.8751136708093363,0.8818906162040447,False,False,False,False,-0.058271608066506095,-0.06770988663044436,False,False,False,False,80869.0,64745.63746873633,False,False,False,False,1261.304013948601,False,False,False,False
2025-03-10 17:00:00+00:00,185.745,187.46,185.745,186.34,2325.0,,,,189.01152528157203,190.61867003538669,189.30521573852485,186.22842372774957,181.46750637353767,179.74793140061234,,,,,188.41348845128812,190.47627976705775,188.27403249208132,186.93835298467903,184.86456585455508,180.21314199021185,,189.01152528157203,186.29659450810468,#000000,8.567839551285422,189.16042982813156,-0.3291879838842694,45.31753912785033,-9.935742952490514,False,False,False,True,True,0.0,0.0,0.0,0.0,0.0,0,0.8879995661840465,0.8783796974133723,False,False,False,False,-0.03780598656717344,-0.0527579365988089,False,False,False,False,83194.0,65031.65859325205,False,False,False,False,1277.795424585057,False,False,False,False
2025-03-11 17:00:00+00:00,185.64,189.35,185.13,188.31,2120.0,,,,188.91985911619096,190.54778671505338,189.27903334971785,186.24528400041848,181.51947749513369,179.80102583779794,,,,,188.3886296774811,190.42681190188722,188.26438995019865,186.94700925816804,184.89253881743846,180.2666620736187,,188.91985911619096,186.29154234942538,#000000,8.325668601238695,189.20669187630875,-0.10770208607334437,49.25334463261892,-6.350075199842912,True,False,False,False,True,0.038646718874073116,0.0,0.0,0.0,0.0,0,0.8839752734189256,0.8796416374875721,False,False,False,False,-0.0641324712464095,-0.0584452039226092,False,False,False,False,85314.0,65346.11349878302,False,False,False,False,1290.852859862808,False,False,False,False
2025-03-12 17:00:00+00:00,186.755,187.84,179.75,180.92,2942.0,,,,188.41804349857935,190.304699491026,189.14488197531213,186.18797503390783,181.5347966756535,179.82925828688968,,,,,188.16365136864917,190.2500803581557,188.15924293405854,186.87334962751794,184.86373716474364,180.29225659218338,,188.41804349857935,186.16849775055644,"rgba(239, 83, 80, 0.5)",8.216349832898477,188.8392854797003,-0.9638447291997334,45.403571345834855,-6.350075199842912,False,True,False,True,False,0.0,0.0,0.0,0.0,0.0,0,0.8702718929582299,0.8880264173599794,False,False,False,False,-0.12172749564686507,-0.09008634978473713,False,False,False,False,82372.0,65610.08073136002,False,False,False,False,1316.4520403300512,False,False,False,False
2025-03-13 17:00:00+00:00,170.56,172.61,169.025,172.1,1445.0,,,,187.74933650417242,190.0140878442545,188.96366211491707,186.065588130825,181.4763519151071,179.79022395089234,,,,,187.8334901031327,190.03518833401148,187.99982239920337,186.73699059258269,184.7706681296091,180.24821773934565,,187.74933650417242,185.97363564650445,"rgba(255, 0, 0, 1.0)",8.301050080105929,188.39225179669953,-1.96267359424142,38.898082352646064,-4.456199794091916,False,True,False,True,False,0.0,0.0,0.0,0.0,0.0,0,0.8640677716700128,0.9054055474391179,False,False,False,False,-0.34282825441539394,-0.21645730210006553,False,False,False,False,80927.0,65847.55234792808,False,False,False,False,1318.445031952841,False,False,False,False
2025-03-14 17:00:00+00:00,176.82,177.11,175.93,176.805,468.0,,,,187.610664723989,189.94824466074468,188.9233039099981,186.04058558558555,181.46742552885397,179.7855545919404,,,,,187.76303108993716,189.98622176396597,187.96517487102787,186.70846798569374,184.75265680102933,180.24249894616236,,187.610664723989,185.93281920491066,"rgba(239, 83, 80, 1.0)",8.212780003590842,188.3139441752894,-1.4013457282743955,38.47205737392058,-4.684734621675119,False,True,False,True,False,0.0,0.0,0.0,0.0,0.0,0,0.8662131519274379,0.9083732258335433,False,False,False,False,-0.24093922240358243,-0.228698262251824,False,False,False,False,81395.0,66088.5980479602,False,False,False,False,1305.2598376589983,False,False,False,False
2025-03-17 17:00:00+00:00,174.85,175.735,173.97,174.12,517.0,,,,187.4342010990358,189.86542147494475,188.87180691048422,186.00727099702763,181.45354040063899,179.77715768454934,,,,,187.6723900469133,189.9244861949097,187.92042035814046,186.67091812275777,184.72796824223707,180.23271908354403,,187.4342010990358,185.87985838459858,"rgba(255, 0, 0, 1.0)",8.093087681238254,188.212435910917,-1.7412928743607583,37.03110757020507,-6.128924068464194,False,True,False,True,False,0.0,0.0,0.0,0.0,0.0,0,0.8580518327484885,0.9180759311715216,False,False,False,False,-0.2701429557314348,-0.2494206089916294,False,False,False,False,80878.0,66317.8911014802,False,False,False,False,1293.0387549045952,False,False,False,False
2025-03-18 17:00:00+00:00,171.49,171.985,169.89,169.96,1129.0,,,,186.94997905140696,189.6410553342141,188.72947557010002,185.9099183296647,181.4058231554791,179.74480976913043,,,,,187.41948427235286,189.75664558797112,187.79469118208448,186.56282111513872,184.65334141849283,180.19638735957437,,186.94997905140696,185.73036934546747,"rgba(255, 26, 202, 1.0)",8.132121632897924,187.92948274281375,-2.2096918312337417,34.49355109158196,-8.6883970052453,False,True,False,True,False,0.0,0.0,0.0,0.0,0.0,0,0.8507386814932487,0.9290971670638073,False,False,False,False,-0.340619081778231,-0.2950198453849302,False,False,False,False,79749.0,66526.12534796887,False,False,False,False,1290.4955183944462,False,False,False,False
2025-03-19 17:00:00+00:00,171.005,171.815,167.86,170.58,1030.0,,,,186.5184353547148,189.43533667299874,188.59782811075385,185.81914930603892,181.360548829811,179.71380658436215,,,,,187.1881811566979,189.6019045237004,187.67810260818803,186.46225014517825,184.58341555213815,180.16167182774336,,186.5184353547148,185.59338588936043,"rgba(255, 26, 202, 1.0)",8.048927045052075,187.68474350099805,-2.12509610352511,33.33591885849623,-10.01701462437049,False,True,False,True,False,0.0,0.0,0.0,0.0,0.0,0,0.8523437334519499,0.9291160958251257,False,False,False,False,-0.34282825441539394,-0.3189240499001621,False,False,False,False,80779.0,66747.10014877556,False,False,False,False,1286.4568281867803,False,False,False,False
2025-03-20 17:00:00+00:00,168.62,168.93,166.69,168.93,1452.0,,,,185.880081005475,189.12478871042407,188.39662772781264,185.67769257469038,181.28667587505416,179.6618723490935,,,,,186.8372911977756,189.36699784226636,187.49884376767903,186.30631931143876,184.47319198736045,180.1039763004195,,185.880081005475,185.38452988745743,"rgba(255, 26, 202, 1.0)",8.153978019932586,187.32567481033954,-2.2560368405912894,31.906130531844276,-11.679137426107829,False,True,False,True,False,0.0,0.0,0.0,0.0,0.0,0,0.8465578394535486,0.9280519507856821,False,False,False,False,-0.34282825441539394,-0.330876152157778,False,False,False,False,79327.0,66942.13735577128,False,False,False,False,1289.023388990086,False,False,False,False
2025-03-21 17:00:00+00:00,166.005,166.26,164.25,164.67,2247.0,,,,184.81567615428958,188.59263652288584,188.0460447142513,185.42491006991426,181.1471109346092,179.56079938348617,,,,,186.23235148555653,188.96133659885567,187.18402323790494,186.02949390282788,184.2733585445594,179.99267006584327,,184.81567615428958,185.0217009679153,"rgba(255, 26, 202, 1.0)",8.402071759205644,186.72704259808376,-2.6251909326907614,29.442475442937457,-14.301710351860535,False,True,False,True,False,0.0,0.0,0.0,0.0,0.0,0,0.8369275909043279,0.9318662894268052,False,False,False,False,-0.34282825441539394,-0.33685220328658594,False,False,False,False,77080.0,67099.31352079808,False,False,False,False,1303.8757395483792,False,False,False,False
2025-03-24 17:00:00+00:00,167.47,169.03,167.18,169.03,1296.0,,,,184.3458777920203,188.33850542712491,187.8773940133096,185.30545814189526,181.0842534705029,179.5164717908752,,,,,185.95136144436603,188.76543258420077,187.0333470939583,185.89809735659233,184.17975200188232,179.94346689202408,,184.3458777920203,184.8532848340627,"rgba(255, 26, 202, 1.0)",8.434678007492895,186.46860409925497,-2.0674890118820772,31.631466953413373,-14.301710351860535,False,True,False,True,False,0.0,0.0,0.0,0.0,0.0,0,0.8404691164972635,0.9242324732864219,False,False,False,False,-0.29736428218584704,-0.3171082427362165,False,False,False,False,78376.0,67274.14586931284,False,False,False,False,1303.753635059257,False,False,False,False
2025-03-25 17:00:00+00:00,167.87,169.05,166.58,168.48,1513.0,,,,183.81817657877298,188.04434632229479,187.68039425300177,185.16504788237376,181.00949366745053,179.46342550570606,,,,,185.62752324798782,188.53725448897035,186.85697699082823,185.74390689960777,184.0692829424056,179.88469233738974,,183.81817657877298,184.65837675973242,"rgba(255, 26, 202, 1.0)",8.395570364110647,186.17513350780666,-2.1076749691063,32.83689553811187,-14.301710351860535,False,True,False,True,True,0.0,0.0,0.0,0.0,0.0,0,0.8363243741875969,0.929556794834165,False,False,False,False,-0.3019334186608152,-0.3095208306985159,False,False,False,False,76863.0,67422.81027443978,False,False,False,False,1306.9977647482606,False,False,False,False
2025-03-26 17:00:00+00:00,168.81,168.81,166.95,167.02,636.0,,,,183.60046237103617,187.92054000329975,187.59690437445946,185.10519467964883,180.977257780968,179.44041373788608,,,,,185.4915210568961,188.44078904869497,186.78208898736753,185.67828078513406,184.02202494881251,179.85924090931783,,183.60046237103617,184.57622655696014,"rgba(255, 26, 202, 1.0)",8.275804948192944,186.05277055112572,-2.2998089817573084,32.94241690875141,-14.301710351860535,False,True,False,True,True,0.0,0.0,0.0,0.0,0.0,0,0.8390424963039854,0.9283654703113042,False,False,False,False,-0.3009082435059251,-0.30521453710222046,False,False,False,False,76227.0,67559.30933995233,False,False,False,False,1296.5946986281324,False,False,False,False
2025-03-27 17:00:00+00:00,166.64,168.54,166.21,167.16,649.0,,,,183.38032257281222,187.79395834712932,187.51119558002418,185.04353243562508,180.9438129811364,179.41645083633748,,,,,185.35262274859582,188.34190696037228,186.7051222331135,185.6107346319193,183.9732333106997,179.83276619719837,,183.38032257281222,184.492138236247,"rgba(255, 26, 202, 1.0)",8.249994385474132,185.92820977199096,-2.274936066021619,33.15467567021469,-14.301710351860535,False,True,False,True,True,0.0,0.0,0.0,0.0,0.0,0,0.8401661265456376,0.9271937828398832,False,False,False,False,-0.3088894129930617,-0.3070519750476411,False,False,False,False,76876.0,67703.75415638718,False,False,False,False,1286.5544707424249,False,False,False,False
2025-03-28 17:00:00+00:00,159.98,161.5,158.15,160.49,993.0,,,,182.90783495449205,187.53572910028115,187.33485746060686,184.91175276112813,180.86590091375461,179.35811377542151,,,,,185.06034906622313,188.14081930587957,186.54492176121485,185.46775531699177,183.86686968758207,179.7691380871882,,182.90783495449205,184.31367018256364,"rgba(255, 26, 202, 1.0)",8.50939374937935,185.6552958820575,-2.9573547332784966,30.447697640405913,-14.640692205714018,False,True,False,True,False,0.0,0.0,0.0,0.0,0.0,0,0.8381152853098851,0.9308785864639828,False,False,False,False,-0.34282825441539394,-0.3249401147315175,False,False,False,False,75883.0,67830.56416946644,False,False,False,False,1282.003238637891,False,False,False,False
2025-03-31 17:00:00+00:00,160.73,162.53,160.23,161.59,1512.0,,,,182.26602279546074,187.1712443629172,187.08424816387162,184.7249197525337,180.75629870436947,179.27636427953226,,,,,184.652310938137,187.8550851635773,186.31737986295178,185.26494253194522,183.71615330001305,179.6798743527769,,182.26602279546074,184.0637370173405,"rgba(255, 26, 202, 1.0)",8.656510958924294,185.2822691453037,-2.736930532142228,29.76970510187354,-15.581901449365553,False,True,False,True,False,0.0,0.0,0.0,0.0,0.0,0,0.8425657486021951,0.9276247670325121,False,False,False,False,-0.32049354650156586,-0.32271683061654166,False,False,False,False,77395.0,67978.84999629641,False,False,False,False,1285.569079899319,False,False,False,False
2025-04-01 17:00:00+00:00,161.16,161.18,158.93,160.45,612.0,,,,182.00191463231897,187.01948958869363,186.97925387318773,184.64608116384838,180.70940692192409,179.24115702122361,,,,,184.4823585619535,187.7357120784866,186.2218288162868,185.17951883473955,183.65229500369549,179.6415038714063,,182.00191463231897,183.95921003064703,"rgba(255, 26, 202, 1.0)",8.897381499606727,185.12739739055152,-2.773557297913133,28.844700540413825,-16.768799983905993,False,True,False,True,False,0.0,0.0,0.0,0.0,0.0,0,0.8413668766578251,0.9269520888594167,False,False,False,False,-0.33950439418603584,-0.33111061240128875,False,False,False,False,76783.0,68115.34844596623,False,False,False,False,1275.1261484280114,False,False,False,False
2025-04-02 17:00:00+00:00,162.13,163.21,160.82,162.87,1137.0,,,,181.57359576163165,186.76388933349094,186.80156699594727,184.5134880405664,180.63176726706675,179.1833075051031,,,,,184.19972849757576,187.53345309946587,186.06041258414783,185.03563999889374,183.54517410366947,179.57831735293712,,181.57359576163165,183.78502837837468,"rgba(255, 26, 202, 1.0)",9.191649803386913,184.8744635905554,-2.393962352922459,30.821164838248187,-16.768799983905993,False,True,False,True,False,0.0,0.0,0.0,0.0,0.0,0,0.8425607513532047,0.9241478187692853,False,False,False,False,-0.311462248203845,-0.32128643030256687,False,False,False,False,77920.0,68267.35854757916,False,False,False,False,1272.984657754709,False,False,False,False
2025-04-03 17:00:00+00:00,151.39,152.54,148.815,148.815,1465.0,,,,180.71481586533997,186.28127233919068,186.4638232999759,184.25205269699873,180.46651962212965,179.05571722173386,,,,,183.64826288362386,187.15337188131693,185.75008659473153,184.75449556518709,183.33009197639652,179.44036747428612,,180.71481586533997,183.44257311840923,"rgba(255, 26, 202, 1.0)",9.99306231955536,184.36306044079356,-3.5572739670831224,27.38100192241778,-18.296623396570904,False,True,False,True,False,0.0,0.0,0.0,0.0,0.0,0,0.8352291159772913,0.9282643957826442,False,False,False,False,-0.34282825441539394,-0.33205734235898043,False,False,False,False,76455.0,68394.29872513608,False,False,False,False,1275.9616398050234,False,False,False,False
2025-04-04 17:00:00+00:00,136.435,140.675,135.265,139.84,4325.0,,,,177.5787268319275,184.49942737715725,185.19914875898434,183.2517286949327,179.80889644792072,178.53912634055482,,,,,181.59768231468618,185.74171438909684,184.5799136224633,183.6845471386335,182.4976306826086,178.88454071086306,,177.5787268319275,182.15525694248572,"rgba(255, 26, 202, 1.0)",11.146725705153989,182.46723786911832,-3.8241936687657496,23.53141676142417,-21.882112454403803,False,True,False,True,False,0.0,0.0,0.0,0.0,0.0,0,0.8278714509322186,0.9375185750232808,False,False,False,False,-0.34282825441539394,-0.33744279838718716,False,False,False,False,72130.0,68452.21657435877,False,False,False,False,1323.233552366186,False,False,False,False
2025-04-07 17:00:00+00:00,132.625,138.83,132.625,137.72,1244.0,,,,176.71519659891464,183.98790077923556,184.83106730765343,182.95828422785345,179.61365137920893,178.38491758406056,,,,,181.01354275732646,185.33249528399355,184.23841194923764,183.37134091784267,182.2521752378344,178.71887492700438,,176.71519659891464,181.7848215791805,"rgba(255, 26, 202, 1.0)",12.26285441103747,181.93525457514772,-3.6056250113636468,20.663891538660714,-24.477322480234935,False,True,False,True,False,0.0,0.0,0.0,0.0,0.0,0,0.8242931813947103,0.9395906679350015,False,False,False,False,-0.34282825441539394,-0.3401355264012905,False,False,False,False,70886.0,68489.94965072529,False,False,False,False,1322.005125197718,False,False,False,False
2025-04-08 17:00:00+00:00,136.99,136.99,132.07,133.96,1705.0,,,,175.53153188944773,183.27476117663576,184.31451992791665,182.54455599698542,179.33632003051454,178.16514928925673,,,,,180.2013277435861,184.75947415077175,183.75840838138436,182.9302906273301,181.90511241587927,178.48299957708312,,175.53153188944773,181.26703760056594,"rgba(255, 26, 202, 1.0)",13.393139931517933,178.16194145881477,-3.3003419425787377,18.243555105670637,-26.675694983133493,False,True,False,True,False,0.0,0.0,0.0,0.0,0.0,0,0.8246380662749614,0.9408111645851174,False,False,False,False,-0.34282825441539394,-0.3414818904083422,False,False,False,False,69181.0,68500.66360962877,False,False,False,False,1327.9430302334122,False,False,False,False
2025-04-09 17:00:00+00:00,133.77,149.51,133.77,148.45,1564.0,,,,174.74153658770348,182.76283336382178,183.93887171591672,182.2453110096423,179.1383687387088,178.00907756337057,,,,,179.63111409703873,184.342691728097,183.4098579372802,182.61095425972044,181.65431324385924,178.3152569499595,,174.74153658770348,180.90001559959322,"rgba(255, 26, 202, 1.0)",13.848186420435354,177.9624755914197,-2.131143724919028,25.493814779669353,-30.25078801773713,False,True,False,True,True,0.0,0.0,0.0,0.0,0.0,0,0.8308201121602838,0.9213152470881468,False,False,False,False,-0.27540910696444293,-0.3084454986863926,False,False,False,False,70745.0,68535.45952265778,False,False,False,False,1331.6028282142895,False,False,False,False
2025-04-10 17:00:00+00:00,139.49,139.985,136.28,138.66,1362.0,,,,173.96576823262723,182.26502015742244,183.57239594696853,181.95093531249233,178.9406516261767,177.85217948122747,,,,,179.07333457214682,183.93727313581454,183.0689079544277,182.29744997488783,181.4065720388415,178.14693111306076,,173.96576823262723,180.53978496217448,"rgba(255, 26, 202, 1.0)",14.590730809920478,177.47303442487276,-2.6601158592058423,27.804550142974254,-28.36620792604125,False,True,False,True,True,0.0,0.0,0.0,0.0,0.0,0,0.8221323094542965,0.9252555786074373,False,False,False,False,-0.30832832025977613,-0.30838690947308434,False,False,False,False,69383.0,68548.5996850972,False,False,False,False,1332.0741021954632,False,False,False,False
2025-04-11 17:00:00+00:00,139.725,143.12,139.21,142.46,1132.0,,,,173.40288786989672,181.89000120833938,183.29406089219776,181.72746548313827,178.79095566493743,177.7334829046234,,,,,178.65755970990344,183.629606324569,182.80996378929945,182.05947058053806,181.21835811399666,178.01956337772364,,173.40288786989672,180.2694479932636,"rgba(255, 26, 202, 1.0)",15.176301746561903,177.1551015254925,-2.2861367746165473,31.064258557970938,-25.458379403613385,False,True,False,True,True,0.0,0.0,0.0,0.0,0.0,0,0.8255298361641366,0.9233522471065687,False,False,False,False,-0.27983177687787714,-0.29410934317548076,False,False,False,False,70515.0,68579.08651168483,False,False,False,False,1328.9721781304172,False,False,False,False
2025-04-14 17:00:00+00:00,142.02,143.47,141.695,142.85,771.0,,,,173.04317189935426,181.64522195867633,183.11142498794857,181.5807121599054,178.69261062415686,177.6554748987843,,,,,178.38768126373944,183.42789720332573,182.63999368378265,181.9032349057396,181.0946325499747,177.9358661863478,,173.04317189935426,180.09316019347798,"rgba(255, 26, 202, 1.0)",15.707209093135889,176.9518157814894,-2.1710932591068657,33.41914678458923,-23.303277612437597,False,True,False,True,True,0.0,0.0,0.0,0.0,0.0,0,0.8281146782930375,0.9282033859917335,False,False,False,False,-0.2666644380812775,-0.2803868906283791,False,False,False,False,71286.0,68621.05416266646,False,False,False,False,1320.3214466865347,False,False,False,False
2025-04-15 17:00:00+00:00,140.29,140.55,139.34,139.91,933.0,,,,172.58073152597518,181.3325386329428,182.87778082909463,181.39219665471578,178.56532258121288,177.55418627507413,,,,,178.04183344740164,183.17022405939917,182.42226448602213,181.70273969224357,180.9353731542381,177.82728752105348,,172.58073152597518,179.86687323828116,"rgba(255, 26, 202, 1.0)",16.297719335002608,176.66015099372598,-2.254925995369039,34.11242355480892,-22.538294862042004,False,True,False,True,True,0.0,0.0,0.0,0.0,0.0,0,0.827979967239659,0.9269764464443738,False,False,False,False,-0.2912405832440294,-0.28581373693620427,False,False,False,False,70353.0,68647.9060361135,False,False,False,False,1314.3164630169758,False,False,False,False
2025-04-16 17:00:00+00:00,137.04,137.27,134.23,135.73,747.0,,,,172.17335400998797,181.06055230321564,182.6744555479842,181.22735868605426,178.45302321254292,177.46449304600296,,,,,177.73942949294639,182.9463299312204,182.23250137414215,181.52762542951817,180.79580908971897,177.7312380192914,,172.17335400998797,179.66884751188545,"rgba(255, 26, 202, 1.0)",16.975879142938993,176.3795161601675,-2.394545567737233,33.398849186040565,-22.538294862042004,False,True,False,True,True,0.0,0.0,0.0,0.0,0.0,0,0.8264725694184568,0.9269983534166608,False,False,False,False,-0.3310602466725386,-0.30843699180437145,False,False,False,False,69606.0,68662.76020609624,False,False,False,False,1305.5208589391934,False,False,False,False
2025-04-17 17:00:00+00:00,137.5,138.17,135.62,135.835,1533.0,,,,171.38263909999372,180.52207688322204,182.26964066223618,180.8986502543974,178.22866978724,177.28512294496073,,,,,177.14372334204245,182.50106962387122,181.85446522635516,181.1785952614726,180.51710496621726,177.53921292157045,,171.38263909999372,179.27674758113162,"rgba(255, 26, 202, 1.0)",17.58291072127786,175.8452823992368,-2.2755209892989203,32.986627982450244,-22.538294862042004,False,True,False,True,True,0.0,0.0,0.0,0.0,0.0,0,0.8321005917159765,0.9234701520485361,False,False,False,False,-0.32009565555793335,-0.31426632368115237,False,False,False,False,71139.0,68701.1515207304,False,False,False,False,1309.047667327733,False,False,False,False
2025-04-18 17:00:00+00:00,135.835,135.835,135.835,135.835,0.0,,,,171.38263909999372,180.52207688322204,182.26964066223618,180.8986502543974,178.22866978724,177.28512294496073,,,,,177.14372334204245,182.50106962387122,181.85446522635516,181.1785952614726,180.51710496621726,177.53921292157045,,171.38263909999372,179.27674758113162,"rgba(255, 26, 202, 1.0)",18.13330780660287,175.8452823992368,-2.206452503093113,32.71181384672336,-22.538294862042004,False,True,False,True,True,0.0,0.0,0.0,0.0,0.0,0,0.8363910625058923,0.9255585933817294,False,False,False,False,-0.33024366588499604,-0.3222549947830742,False,False,False,False,71139.0,68738.9476211842,False,False,False,False,1288.7523546559853,False,False,False,False
2025-04-21 17:00:00+00:00,129.59,130.93,129.04,130.815,788.0,,,,170.91886652163333,180.2115209101126,182.03610873995896,180.70790435921586,178.0970460336088,177.17941547944403,,,,130.26166666666668,176.7978372048024,182.2446815129923,181.63597386137263,180.97633821300502,180.3549415247783,177.42618903801778,130.26166666666668,170.91886652163333,175.2960376973545,"rgba(255, 26, 202, 1.0)",18.817602131328226,172.31121407411936,-2.2051807549398106,30.975356080943225,-22.538294862042004,False,True,False,True,False,0.0,1.0,130.93,129.04,0.0,0,0.8366489997014035,0.9217023738429385,True,False,False,False,-0.34282825441539394,-0.3325416245992341,False,False,False,False,70351.0,68763.94068132088,True,False,False,False,1280.988752258218,True,False,False,False
2025-04-22 17:00:00+00:00,133.87,134.06,132.15,133.04,1214.0,,,,170.2726875858738,179.7671225714078,181.69978921316178,180.4331163132972,177.90755141635546,177.02722688143925,,,,131.9727072927073,176.30654932837132,181.8757510766314,181.32125249618227,180.68502757346798,180.12110674218349,177.26347132381395,131.9727072927073,170.2726875858738,175.12718152422255,"rgba(255, 26, 202, 1.0)",19.40497494096437,171.98573808389398,-2.0069975973882137,31.445904846977736,-22.538294862042004,False,True,False,True,False,0.0,0.0,0.0,0.0,0.0,0,0.8377276433813537,0.9273884395122367,False,False,False,False,-0.3145698781958684,-0.3235557513975512,False,False,False,False,71565.0,68807.36795757947,False,False,False,False,1279.950166951889,False,False,False,False
2025-04-23 17:00:00+00:00,135.97,137.0,133.37,134.25,10061.0,,,,165.8835410915574,176.51308695652168,179.1772421880019,178.35396971085228,176.45679291676998,175.85504588466054,,,,134.39193953963914,172.77629419951103,179.12367883753993,178.95327875096484,178.4865364967159,178.3392214032877,176.0123832160434,134.39193953963914,165.8835410915574,173.10177009169735,"rgba(255, 0, 0, 1.0)",19.918265012498047,169.2147332633665,-1.7554105862848643,32.6518332665308,-21.903800575231404,False,False,False,True,False,0.0,0.0,0.0,0.0,0.0,0,0.8352629220197193,0.9209833432925012,False,False,False,False,-0.2960001267009873,-0.30977793904926926,False,False,False,False,81626.0,69006.1064388573,False,False,False,False,1416.090474441007,False,False,False,False
2025-04-24 17:00:00+00:00,137.19,139.92,137.19,138.39,927.0,,,,165.57424130732335,176.26090326482117,178.9763385564571,178.18709468015115,176.33925921410255,175.7595832184669,,,,134.68510136002052,172.50930494052267,178.90569674535087,178.7641455847295,178.3105073227718,178.19518939866674,175.91065137109203,134.68510136002052,165.57424130732335,172.95215515111357,"rgba(255, 0, 0, 1.0)",20.29555514245758,169.02556150092065,-1.5094714722452776,36.31801678589884,-18.218995728385075,True,False,False,True,True,0.0,0.0,0.0,0.0,0.0,0,0.835083057713033,0.9146289345572118,False,False,False,False,-0.266323488317296,-0.2880507136832826,False,False,False,False,82553.0,69216.13579639439,False,False,False,False,1408.507676387658,False,False,False,False
2025-04-25 17:00:00+00:00,136.79,137.37,136.34,137.165,850.0,,,,165.28090763095798,176.02326840088577,178.78690864763277,178.02940799252468,176.22776131757152,175.6688737314008,,,,134.82471459537572,172.25718932245383,178.70031877371235,178.58568924388823,178.1442583851245,178.0589396895983,175.81402934309983,134.82471459537572,165.28090763095798,172.80017439032508,"rgba(255, 0, 0, 1.0)",20.708455458084153,168.833826972911,-1.5292703522487068,38.148680026499584,-16.37800066168694,True,False,False,True,True,0.0,0.0,0.0,0.0,0.0,0,0.8299559389466251,0.9209596757701395,False,False,False,False,-0.28123357738164245,-0.28464214553246253,False,False,False,False,81703.0,69409.73059024874,False,False,False,False,1399.8486426452137,False,False,False,False
2025-04-28 17:00:00+00:00,136.98,140.41,136.64,140.39,2366.0,,,,164.5559013096955,175.41290631325137,178.29562853466172,177.61981895043348,175.93781346839182,175.43274823567137,,,,135.45569932946646,171.61624437171878,178.16851327468822,178.1225758019422,177.71267861597565,177.7043251779497,175.5625918696407,135.45569932946646,164.5559013096955,172.43057271180666,"rgba(239, 83, 80, 1.0)",21.02713226903411,168.37772248442081,-1.331028983235975,41.52234472612941,-13.154022835790308,True,False,False,True,True,0.0,0.0,0.0,0.0,0.0,0,0.8252062945568174,0.9197182044421162,False,False,False,False,-0.26658558921411907,-0.2756138673732908,False,False,False,False,84069.0,69637.00608497356,False,False,False,False,1414.827733456916,False,False,False,False
2025-04-29 17:00:00+00:00,141.22,142.48,140.65,142.39,1118.0,,,,164.2619787628031,175.15236941170477,178.08337808445077,177.44260403145424,175.81229164128553,175.33043455361414,,,,135.86770857384747,171.34634789435418,177.93916763603093,177.92236692693936,177.52606256882723,177.55054743769708,175.45367544021838,135.86770857384747,164.2619787628031,172.2837640740944,"rgba(239, 83, 80, 1.0)",21.264229660701538,168.2025467394326,-1.213895219874192,45.01094154369092,-9.923030596697402,True,False,False,True,True,0.0,0.0,0.0,0.0,0.0,0,0.8396682402061274,0.9155836828346283,False,False,False,False,-0.24020058116317253,-0.25790722426823165,False,False,False,False,85187.0,69878.09126195071,False,False,False,False,1410.2257530932427,False,False,False,False
2025-04-30 17:00:00+00:00,140.625,141.42,140.09,141.36,1487.0,,,,163.8676880527617,174.8030189346835,177.79808611352266,177.2038200373807,175.64246197996877,175.19174979627982,,,,136.26998812751407,170.98433991561853,177.63122001093814,177.65304138595587,177.27477123065475,177.3430375867404,175.3061178965274,136.26998812751407,163.8676880527617,172.07456469758048,"rgba(239, 83, 80, 1.0)",21.48441261129213,167.95282547033491,-1.2377729822763601,46.64382082778121,-8.420947285620514,True,False,False,True,True,0.0,0.0,0.0,0.0,0.0,0,0.8403461371322767,0.9117841555349827,False,False,False,False,-0.24719737144752782,-0.25255229785787975,False,False,False,False,83700.0,70092.38442068016,False,False,False,False,1411.4160514948978,False,False,False,False
2025-05-01 17:00:00+00:00,143.3,146.035,142.88,144.97,1447.0,,,,163.5560733460937,174.5059932879818,177.55189777508772,176.9976758258659,175.496108330045,175.0722246410889,,,,136.86701278507257,170.68232813576498,177.3659517884453,177.42054996059196,177.05792157843837,177.16350597576826,175.17895582202772,136.86701278507257,163.5560733460937,171.91663071171322,"rgba(239, 83, 80, 1.0)",21.613772079081492,167.77401252192993,-1.0550686126648108,50.00613236147083,-5.275985603492366,True,False,False,False,True,0.0,0.0,0.0,0.0,0.0,0,0.8426696768731481,0.908649640186257,False,False,False,False,-0.2153973708932568,-0.23397483437556826,False,False,False,False,85147.0,70325.78931338279,False,False,False,False,1411.9677406190078,False,False,False,False
2025-05-02 17:00:00+00:00,157.96,161.005,156.715,158.895,5440.0,,,158.87166666666667,163.28720395164893,173.94806402519018,177.0448071347661,176.57646304910887,175.20631778909265,174.83748897761257,,,,141.5251697278647,170.19453993536644,176.82348626343008,176.9422820272187,176.6148391062503,176.79374867467317,174.92873114864463,141.5251697278647,163.28720395164893,170.97105774839525,#000000,21.51959963708751,166.77808371959833,-0.36632111435811193,57.605007386636686,1.6351827327560855,True,False,True,False,True,0.0,0.0,0.0,0.0,0.0,0,0.8479396134821544,0.9047588400787016,False,False,False,False,-0.09510958980927302,-0.16454221209242065,False,False,False,False,90587.0,70639.91661084972,False,False,False,False,1474.4178531675502,False,False,False,False
2025-05-05 17:00:00+00:00,157.94,158.81,157.41,158.02,1614.0,,,158.6905283054532,163.2000147659408,173.7818167655497,176.89328619940295,176.44981203129797,175.1181996189456,174.76575916339138,,,,142.50347582259326,170.04789086309006,176.66178011189504,176.79908214014682,176.48182222607576,176.68218368238962,174.85237438063098,142.50347582259326,163.2000147659408,170.92343043405737,#000000,21.422514135223956,166.7723570340106,-0.4085588170820503,62.05001758125783,5.434352613163206,True,False,True,False,True,0.0,0.0,0.0,0.0,0.0,0,0.8403322610073465,0.9147740913237631,False,False,False,False,-0.10127716749215218,-0.1329096897922864,False,False,False,False,88973.0,70924.15046184429,False,False,False,False,1476.581917459526,False,False,False,False
2025-05-06 17:00:00+00:00,157.845,158.375,156.675,157.47,3859.0,,,158.27189712575216,162.980860730958,173.3840926755027,176.52989066831165,176.14467788389297,174.90417692751797,174.59091231077664,,,,144.36088538491978,169.69512036834558,176.2746429487951,176.4551333687525,176.1617221840934,176.41269612038357,174.66643854692998,144.36088538491978,162.980860730958,170.77379623178086,#000000,21.264488404782124,166.70564391292316,-0.43432241289408036,64.5931252840703,7.5744383433212334,True,False,True,False,True,0.0,0.0,0.0,0.0,0.0,0,0.8398390497001436,0.9107649952350246,False,False,False,False,-0.1060931906747118,-0.1195014402334991,False,False,False,False,85114.0,71144.14812910251,False,False,False,False,1513.518631917518,False,False,False,False
2025-05-07 17:00:00+00:00,154.58,154.59,152.18,152.51,986.0,,,157.84278006555172,162.88456189046275,173.25818446518434,176.41817903263745,176.05019494952015,174.83666339126503,174.5354102831318,,,,144.6286402649501,169.57665289196385,176.15555074464845,176.34919780538164,176.06271837807168,176.329260062294,174.60751376088336,144.6286402649501,162.88456189046275,170.68110771328188,"rgba(239, 83, 80, 0.5)",21.17289415760173,166.6230777235358,-0.6665634664058798,62.740543452993954,7.5744383433212334,True,False,True,False,True,0.0,0.0,0.0,0.0,0.0,0,0.829678102295145,0.9203868546408126,False,False,False,False,-0.14032962900570334,-0.1299155346196012,False,False,False,False,84128.0,71345.44815810867,False,False,False,False,1505.340048476936,False,False,False,False
2025-05-08 17:00:00+00:00,158.27,158.27,153.39,153.405,1300.0,,,157.56492209005734,162.7848743230152,173.11019681770793,176.28455233524525,175.93716545796843,174.75612369047468,174.46921142272106,,,,145.03247008598103,169.44099168793673,176.01336391943752,176.2224461196879,175.94432757105812,176.22921537998494,174.53723356528573,145.03247008598103,162.7848743230152,170.59479246189724,"rgba(239, 83, 80, 0.5)",21.090625332571705,166.55384558646307,-0.6234450320520559,61.916182730112595,7.5744383433212334,True,False,True,False,False,0.0,0.0,0.0,0.0,0.0,0,0.8300871912177101,0.9135648861537291,False,False,False,False,-0.12007585126842248,-0.12499569294401183,False,False,False,False,85428.0,71563.78229519226,False,False,False,False,1502.1564818338827,False,False,False,False
2025-05-09 17:00:00+00:00,154.11,156.12,153.235,153.495,1392.0,,,157.25185433943298,162.67100782578018,172.94801579295873,176.13840250536856,175.81325123672488,174.667407500799,174.39615158039067,,,,145.4019843228405,169.29120990336105,175.8579396626878,176.08371523881766,175.81460483576046,176.11943352367808,174.45971072475086,145.4019843228405,162.67100782578018,170.493906356668,"rgba(239, 83, 80, 0.5)",20.985389833607208,166.4678833621,-0.6181864366095535,61.411519877607034,7.5744383433212334,True,False,True,False,False,0.0,0.0,0.0,0.0,0.0,0,0.8381472857775129,0.9147054861739187,False,False,False,False,-0.12960966471513882,-0.12730267882957533,False,False,False,False,86820.0,71800.31280224354,False,False,False,False,1500.4486294023498,False,False,False,False
2025-05-12 17:00:00+00:00,160.09,160.19,157.05,157.485,386.0,,,157.27736462575947,162.65461795569874,172.9129697631968,176.10549657197106,175.78541203544083,174.64769338399444,174.37995450472098,,,,145.54264325244787,169.2610151924901,175.8230690126134,176.0524842303837,175.78547020386182,176.09466860814942,174.44251553980746,145.54264325244787,162.65461795569874,170.48324106289547,#000000,20.892032431458492,166.46422610972928,-0.42979189024274456,62.98448618396114,7.5744383433212334,True,False,True,False,False,0.0,0.0,0.0,0.0,0.0,0,0.8411371397415417,0.9025664080808858,False,False,False,False,-0.09708240765017614,-0.11219254323987574,False,False,False,False,87206.0,72039.16066577465,False,False,False,False,1483.1703560782823,False,False,False,False
2025-05-13 17:00:00+00:00,159.21,159.21,157.06,157.06,581.0,,,157.29601062690148,162.62760012202446,172.85887096708043,176.0549113452436,175.7425686582015,174.61727060734438,174.35493541529428,,,,145.74110113729435,169.21397175121325,175.76946053869426,176.00445958088338,175.74064147550854,176.05655448476904,174.41596140731926,145.74110113729435,162.62760012202446,170.46387986555516,#000000,20.793509381881904,166.45470843584744,-0.45180966152992746,63.65752344145743,7.5744383433212334,True,False,True,False,False,0.0,0.0,0.0,0.0,0.0,0,0.8449222455373828,0.8972855404486099,False,False,False,False,-0.10107146038896461,-0.10663200181442017,False,False,False,False,86625.0,72265.29770971612,False,False,False,False,1469.183218774743,False,False,False,False
2025-05-14 17:00:00+00:00,157.41,157.825,156.345,156.35,4326.0,,,157.1968001072889,162.3983703981762,172.4436266308733,175.6680069244362,175.4135611544079,174.38174372653927,174.16060054664717,,,,146.93720089515554,168.84773313902704,175.35983197438838,175.6366872203442,175.39670144731227,175.76338614402596,174.20989262961237,146.93720089515554,162.3983703981762,170.2724387813025,#000000,20.713090324545707,166.32313352316538,-0.48148940437665594,63.433854923121764,7.810462468116995,True,False,True,False,False,0.0,0.0,0.0,0.0,0.0,0,0.8428202989424839,0.8999434329488697,False,False,False,False,-0.10971872018049561,-0.10817536099745789,False,False,False,False,82299.0,72420.85898553448,False,False,False,False,1513.474951816995,False,False,False,False
2025-05-15 17:00:00+00:00,156.67,156.855,154.485,154.485,1295.0,,,157.07929072823705,162.3149019616714,172.31142599056162,175.54582135795948,175.3091757658963,174.30626469828601,174.09808095190627,,,,147.19777598120845,168.72853358515985,175.2305615417111,175.5203839888379,175.28768430932024,175.67024240403012,174.14366829432095,147.19777598120845,162.3149019616714,170.19598653993623,"rgba(239, 83, 80, 0.5)",20.62318201389821,166.2591130875698,-0.5709164123962573,61.521213291243036,7.810462468116995,True,False,True,False,False,0.0,0.0,0.0,0.0,0.0,0,0.8377842576820552,0.9082868993658042,False,False,False,False,-0.12139808097675477,-0.11478672098710632,False,False,False,False,81004.0,72553.93093924712,False,False,False,False,1510.0877432616926,False,False,False,False
2025-05-16 17:00:00+00:00,155.655,156.465,155.05,156.465,627.0,,,157.0480655935675,162.27924022673085,172.25081532449474,175.48926513351626,175.2608215718763,174.27130518334482,174.06910884586398,,,,147.32888130784838,168.67461132157865,175.17080024475794,175.46653059773263,175.2372042005702,175.6270262923757,174.1129849723461,147.32888130784838,162.27924022673085,170.1633329154717,#000000,20.554148178904338,166.2331579008992,-0.4752402199243017,61.53180925866732,7.810462468116995,True,False,True,False,False,0.0,0.0,0.0,0.0,0.0,0,0.8387615407572857,0.9068363643365335,False,False,False,False,-0.1206749345600138,-0.11773082777356006,False,False,False,False,81631.0,72694.66069212701,False,False,False,False,1496.3964604204261,False,False,False,False
2025-05-19 17:00:00+00:00,155.77,156.53,155.25,156.035,777.0,,,157.0098836883201,162.2352195278855,172.17607435100606,175.41943459960214,175.20106415328647,174.22803709778668,174.03322515883792,,,,147.4850294888853,168.60813215997132,175.09704425765875,175.40001702283098,175.17483507121352,175.5735847781205,174.07498979832525,147.4850294888853,162.2352195278855,170.12261222526647,#000000,20.411162425902468,166.20048397808193,-0.49803552418854835,61.09178707250902,7.810462468116995,True,False,True,False,False,0.0,0.0,0.0,0.0,0.0,0,0.8420292243995618,0.9021457729339789,False,False,False,False,-0.11958012307928233,-0.11865547542642119,False,False,False,False,80854.0,72821.1620767452,False,False,False,False,1485.2430269255358,False,False,False,False
2025-05-20 17:00:00+00:00,156.32,156.9,155.66,156.825,416.0,,,156.99996767975415,162.21383942506841,172.13762004482376,175.38325133741355,175.1700872347922,174.20561597236545,174.01462557070656,,,,147.57135727550843,168.57428258170546,175.0588602060501,175.36554463604628,175.14251244586717,175.54585107991048,174.05529778429957,147.57135727550843,162.21383942506841,170.10276523387938,#000000,20.17998062995159,166.1852869532998,-0.4638402347823393,61.370017853910056,7.810462468116995,True,False,True,False,False,0.0,0.0,0.0,0.0,0.0,0,0.8416758458674103,0.9077855868677323,False,False,False,False,-0.11635930414270357,-0.11750738978456238,False,False,False,False,81270.0,72952.15181198946,False,False,False,False,1468.6656156553722,False,False,False,False
2025-05-21 17:00:00+00:00,154.06,154.06,150.59,151.435,963.0,,,156.80016449656398,162.12726788230762,172.0243478375311,175.28051662471842,175.08187006754517,174.14101588833196,173.96088340905823,,,,147.66841896577722,168.4682265701094,174.95013617631093,175.2676215737706,175.0504595005913,175.46711541358698,173.99843686279766,147.66841896577722,162.12726788230762,170.02046294778575,"rgba(239, 83, 80, 0.5)",19.916315344935544,166.105461712911,-0.7366052133052561,56.42451406674064,10.512911334015953,True,False,True,False,False,0.0,0.0,0.0,0.0,0.0,0,0.8304604968774927,0.916810956985273,False,False,False,False,-0.14914511393703303,-0.13332625186079772,False,False,False,False,80307.0,73066.18046606715,False,False,False,False,1460.8258386684672,False,False,False,False
2025-05-22 17:00:00+00:00,148.54,148.715,146.96,146.96,2348.0,,,155.97419998733054,161.83120682697938,171.6927021810628,174.98620068785044,174.82828405936928,173.9534561707018,173.80438157405584,,,,147.66219607169447,168.14626116029982,174.6382794971954,174.9868704245236,174.78594276563143,175.2410316475048,173.8329786830688,147.66219607169447,161.83120682697938,169.7402851240906,"rgba(239, 83, 80, 0.5)",19.72662228727617,165.8113760795765,-0.9556312178053802,50.20485752323335,4.79315159674573,True,False,False,False,False,0.0,0.0,0.0,0.0,0.0,0,0.8230463576158942,0.9348246259504542,False,False,False,False,-0.18673877002664177,-0.16003251094371973,False,False,False,False,77959.0,73142.0381332599,False,False,False,False,1474.580476828646,False,False,False,False
2025-05-23 17:00:00+00:00,146.54,146.85,145.2,145.99,1249.0,,,155.52276406981383,161.6622003085311,171.50896183143422,174.8235751414866,174.68781823161004,173.84903477300742,173.71707297134822,,,146.01333333333332,147.61912708869235,167.96656312566628,174.4660485664506,174.83162463910486,174.6395020571603,175.11568477918746,173.74072589188285,147.61912708869235,161.6622003085311,168.0109357872473,"rgba(239, 83, 80, 0.5)",19.5347371009594,163.84192372655093,-0.9138553354615747,45.50541539682299,0.7000558760276334,True,False,False,True,False,0.0,0.0,0.0,0.0,0.0,0,0.818564363736469,0.9370372919349927,False,False,False,False,-0.20206613568733953,-0.18104932331552964,False,False,False,False,76710.0,73197.35537150393,False,False,False,False,1471.0831050948684,False,False,False,False
2025-05-26 17:00:00+00:00,145.99,145.99,145.99,145.99,0.0,,,155.52276406981383,161.6622003085311,171.50896183143422,174.8235751414866,174.68781823161004,173.84903477300742,173.71707297134822,,,146.01333333333332,147.61912708869235,167.96656312566628,174.4660485664506,174.83162463910486,174.6395020571603,175.11568477918746,173.74072589188285,147.61912708869235,161.6622003085311,168.0109357872473,"rgba(239, 83, 80, 0.5)",19.233529317314492,163.84192372655093,-0.9281668191016916,42.37245397921608,-1.9393333193437172,False,False,False,True,False,0.0,0.0,0.0,0.0,0.0,0,0.821399998024555,0.9338620941694741,False,False,False,False,-0.20236301384231703,-0.19170616857892334,False,False,False,False,76710.0,73251.81497814727,False,False,False,False,1448.2756150933976,False,False,False,False
2025-05-27 17:00:00+00:00,149.72,150.81,149.285,150.56,1717.0,,,155.2116659835132,161.4965457151288,171.30158244268455,174.6351692272243,174.5249318239091,173.72824780027364,173.6160237533518,,,148.4475831647561,147.70922352996598,167.77065748223006,174.26713347220752,174.6516511227134,174.46982276491843,174.96976069458475,173.6339822587068,147.70922352996598,161.4965457151288,168.02893208241125,"rgba(239, 83, 80, 0.5)",18.90858589192826,163.8499024993215,-0.7028501536434156,44.70460173994498,-1.9393333193437172,False,False,False,True,True,0.0,0.0,0.0,0.0,0.0,0,0.8230845245433288,0.9295840793683411,False,False,False,False,-0.1681658851378689,-0.1799360268583961,False,False,False,False,78427.0,73332.05040484267,False,False,False,False,1452.4418846268334,False,False,False,False
2025-05-28 17:00:00+00:00,150.79,151.555,149.45,151.395,6349.0,,,154.42542970760232,160.95309024999202,170.5888402281542,173.97888132596646,173.95497831877827,173.30292613066402,173.25890553365562,,,150.05096421542314,148.06037396584534,167.10515177905975,173.57623553797563,174.02372884073407,173.87693091331346,174.4570533843856,173.25714822044833,148.06037396584534,160.95309024999202,167.6580425567999,"rgba(239, 83, 80, 0.5)",18.64539841499908,163.48147238714347,-0.6482281642971294,46.949985149299735,-1.9393333193437172,True,False,False,True,True,0.0,0.0,0.0,0.0,0.0,0,0.8236162145258386,0.9309866312250806,False,False,False,False,-0.16435668847749685,-0.17214635766794648,False,False,False,False,84776.0,73509.47597996138,False,False,False,False,1528.3575143225412,False,False,False,False
2025-05-29 17:00:00+00:00,152.195,153.88,152.05,153.65,315.0,,,154.41463086625856,160.9335792112006,170.55888732189055,173.95052499866455,173.93026198133776,173.2844353337595,173.24333542309196,,,150.15375199030802,148.08914513565136,167.07813720715666,173.54650579257836,173.9965567343873,173.85125816310975,174.43469786326497,173.24073356569738,148.08914513565136,160.9335792112006,167.64709610589048,"rgba(239, 83, 80, 0.5)",18.345982621826405,163.47201263579854,-0.5353767545878507,50.236745618856155,-6.165249535359052,True,False,False,False,True,0.0,0.0,0.0,0.0,0.0,0,0.8256069126320121,0.9327546681819079,False,False,False,False,-0.14381989082718025,-0.15798312424756336,False,False,False,False,85091.0,73689.03449189998,False,False,False,False,1509.5457699144397,False,False,False,False
2025-05-30 17:00:00+00:00,150.555,152.215,150.39,151.105,385.0,,,154.38094838265656,160.90387053306173,170.51830881403697,173.912715053066,173.89729005021684,173.259685096308,173.22248413247263,,,150.19538176069227,148.11056138769598,167.04062865155407,173.50680508371417,173.96032790748626,173.81700293243202,174.40492715579836,173.21875307786712,148.11056138769598,160.90387053306173,167.62331266793726,"rgba(239, 83, 80, 0.5)",18.07591137647245,163.44898783156208,-0.682897120619267,50.09657470307913,-6.165249535359052,True,False,False,False,True,0.0,0.0,0.0,0.0,0.0,0,0.8226613991512,0.930648725821909,False,False,False,False,-0.15767057540293572,-0.15782684982524953,False,False,False,False,84706.0,73859.84015869221,False,False,False,False,1492.1109517762313,False,False,False,False
2025-06-02 17:00:00+00:00,148.53,149.47,148.31,148.63,330.0,,,154.33073386986766,160.87217714071042,170.47929031789675,173.87693959921816,173.8660779554289,173.23617567551818,173.2026684134037,,,150.15097615595295,148.11457830372674,167.0036911104019,173.46918228486413,173.92605081813556,173.78456857721764,174.37679644014992,173.19786588479894,148.11457830372674,160.87217714071042,167.59251816981944,"rgba(239, 83, 80, 0.5)",17.80557113696468,163.41769396131303,-0.8305093865039536,48.03200961547918,-6.165249535359052,True,False,False,True,True,0.0,0.0,0.0,0.0,0.0,0,0.8192640375311537,0.9330889898841818,False,False,False,False,-0.17787841537030286,-0.1678526325977762,False,False,False,False,84376.0,74022.88139654195,False,False,False,False,1474.093727717685,False,False,False,False
2025-06-03 17:00:00+00:00,151.37,151.37,150.38,150.865,236.0,,,154.30860544125483,160.85348015527217,170.4541265024752,173.85352254331096,173.84564232724532,173.2208115010518,173.18971651032155,,,150.1670505308257,148.12596385471898,166.98035836275088,173.44459678125725,173.9036081859042,173.7633408509496,174.35834061956234,173.18421492706426,148.12596385471898,160.85348015527217,167.57689193959766,"rgba(239, 83, 80, 0.5)",17.480933356345854,163.4024229357048,-0.7172055793664767,48.66791873854896,-6.165249535359052,True,False,False,False,True,0.0,0.0,0.0,0.0,0.0,0,0.8293610248752308,0.9288128266593317,False,False,False,False,-0.16124169050420323,-0.1645471615509897,False,False,False,False,84612.0,74187.0537779909,False,False,False,False,1454.8984761251627,False,False,False,False
2025-06-04 17:00:00+00:00,150.67,151.52,150.55,150.55,1104.0,,,154.2087886125367,160.76695116779496,170.33727363802623,173.74461636918295,173.75053245029136,173.14922321007137,173.12933144690928,,,150.23378020253884,148.17803148907925,166.87211011817797,173.33030194339065,173.79920752630323,173.6645655731403,174.27239451256497,173.1205820284883,148.17803148907925,160.76695116779496,167.5038460192331,"rgba(239, 83, 80, 0.5)",17.174350097726418,163.33111803331798,-0.7441980605140897,48.81258252480983,-6.165249535359052,True,False,False,False,True,0.0,0.0,0.0,0.0,0.0,0,0.8330410451437467,0.9231511950974409,False,False,False,False,-0.15990466008745485,-0.16222591081922227,False,False,False,False,83508.0,74331.56457213059,False,False,False,False,1449.4581896736097,False,False,False,False
2025-06-05 17:00:00+00:00,150.71,152.72,150.71,152.11,1137.0,,,154.14015596783534,160.68800445236673,170.22432250589185,173.63825615536965,173.65753195589093,173.07917353300417,173.07018692460605,,,150.37680406072894,148.248266178369,166.76882716982348,173.21884403033414,173.69719407592677,173.5680314568934,174.1881891660722,173.05827601188327,148.248266178369,160.68800445236673,167.44147090966638,"rgba(239, 83, 80, 0.5)",16.86372808268809,163.27228802009677,-0.6619110534375668,50.35929138065207,-4.8528635574085115,True,False,False,False,True,0.0,0.0,0.0,0.0,0.0,0,0.8303624421319195,0.9271851382898751,False,False,False,False,-0.15422854050379092,-0.1582272256615066,False,False,False,False,84645.0,74491.46279581849,False,False,False,False,1444.6138766554143,False,False,False,False
2025-06-06 17:00:00+00:00,157.28,157.28,152.715,153.5,600.0,,,154.14556486794856,160.659231120856,170.17379236909937,173.58932392663817,173.61470071649194,173.04698674919902,173.04299135630723,,,150.5610476580738,148.31077726843364,166.72447839173378,173.1677318686918,173.6502289820091,173.5236103195431,174.14925178307752,173.02963559830596,148.31077726843364,160.659231120856,167.42595686509392,"rgba(239, 83, 80, 0.5)",16.463235933053483,162.08440291390957,-0.52142865162216,52.61498801492816,-2.413082257700694,True,False,True,False,True,0.0,0.0,0.0,0.0,0.0,0,0.8323662280918536,0.9233993337353334,False,False,False,False,-0.126960254550425,-0.14259374010596582,False,False,False,False,85245.0,74658.18430286006,False,False,False,False,1431.519087870059,False,False,False,False
2025-06-09 17:00:00+00:00,155.05,156.88,154.945,156.605,10691.0,,,154.56914423973186,160.31379056300474,169.41400431222974,172.8292230006003,172.94541216082246,172.54086184394774,172.61325557582572,,,153.03607010049902,149.49550664252064,166.08428019241651,172.37793523368137,172.91901095852938,172.83096999755207,173.53638362957747,172.5777545299128,149.49550664252064,160.31379056300474,167.2055735320568,#000000,16.067235815121865,162.11202890607217,-0.3427489936314481,56.48413338638615,1.3880855733929565,True,False,True,False,True,0.0,0.0,0.0,0.0,0.0,0,0.8321201950289463,0.9299822249585419,False,False,False,False,-0.10850514041783774,-0.1255494402619018,False,False,False,False,95936.0,74988.07291831958,False,False,False,False,1575.0769314689728,False,False,False,False
2025-06-10 17:00:00+00:00,156.6,157.145,154.73,155.445,2039.0,,,154.61594652637461,160.2485019381622,169.2745625733222,172.6886651698925,172.8208612780024,172.44565414180113,172.5319797421513,,,153.24948703732025,149.67153096351302,165.96665605529105,172.2323071441679,172.7835090412034,172.70229907956158,173.42181701767367,172.49242464616276,149.67153096351302,160.2485019381622,167.1430801569733,#000000,15.63237872390391,162.07364405729228,-0.424032975042771,57.67125896676449,2.616834882420015,True,False,True,False,True,0.0,0.0,0.0,0.0,0.0,0,0.8371525599274994,0.923067730273969,False,False,False,False,-0.10037467548403982,-0.11296205787297081,False,False,False,False,93897.0,75281.23457850066,False,False,False,False,1582.2695371826321,False,False,False,False
2025-06-11 17:00:00+00:00,155.405,156.51,153.55,154.38,1642.0,,,154.62193701020254,160.1862852608121,169.15648765481208,172.57081830032283,172.7162918651544,172.36539636470482,172.46337989729128,,,153.34187516490368,149.7850679782685,165.86512786823445,172.1101444354275,172.66986574027703,172.5942869531429,173.32566518241126,172.42042652135956,149.7850679782685,160.1862852608121,167.0795370798217,"rgba(239, 83, 80, 0.5)",15.237438835948625,162.02144678081254,-0.5014915474367393,57.202775405969845,2.616834882420015,True,False,True,False,True,0.0,0.0,0.0,0.0,0.0,0,0.838458237272573,0.9197979979440508,False,False,False,False,-0.10850396464829881,-0.11073301126063481,False,False,False,False,92255.0,75544.39373232235,False,False,False,False,1583.195590869723,False,False,False,False
2025-06-12 17:00:00+00:00,154.675,155.9,154.28,155.47,1168.0,,,154.6345047522555,160.14614644344715,169.07599351368455,172.48981455135444,172.644304085617,172.31005174413085,172.41601307765862,,,153.4174830812789,149.86906251379145,165.79662072865543,172.02628659543774,172.59170530211813,172.5199703239648,173.25934932444574,172.37073319978896,149.86906251379145,160.14614644344715,167.03786928250864,#000000,14.879242628514206,161.99109242909927,-0.4382677661699267,57.87563818720078,3.247253257914174,True,False,True,False,True,0.0,0.0,0.0,0.0,0.0,0,0.8371007248187953,0.9243589102724323,False,False,False,False,-0.09462072939431543,-0.10267687032747512,False,False,False,False,93423.0,75821.58142639487,False,False,False,False,1576.7584499260063,False,False,False,False
2025-06-13 17:00:00+00:00,153.53,153.91,152.535,152.79,2370.0,,,154.57052143691521,160.03218125698788,168.89072140616295,172.30768854834292,172.48233695772393,172.1849301405424,172.30884529794614,,,153.39182927996936,149.96670014976468,165.6327315104294,171.837339622218,172.4159853055909,172.35271434846044,173.1104967612562,172.25831713093862,149.96670014976468,160.03218125698788,166.9162226102166,"rgba(239, 83, 80, 0.5)",14.467389713321243,161.87068362431893,-0.6276656538779521,55.21528369766733,3.247253257914174,True,False,True,False,False,0.0,0.0,0.0,0.0,0.0,0,0.8381094867057597,0.9217407020644235,False,False,False,False,-0.10209382713431758,-0.10238534873089636,False,False,False,False,91053.0,76057.72745079185,False,False,False,False,1589.0567685318047,False,False,False,False
2025-06-16 17:00:00+00:00,151.695,156.11,151.695,155.88,6795.0,,,154.56958768512914,159.790452075313,168.43022524439903,171.8428231738345,172.06687255483976,171.86221802569474,172.0312679779182,,,153.60031788496343,150.33534998130548,165.238277586683,171.3571516275809,171.96661666895068,171.92445254905562,172.72636294000336,171.96752760212001,150.33534998130548,159.790452075313,166.64730023851936,#000000,14.15787779689131,161.66227317233697,-0.40841383541300263,56.27483608835243,3.247253257914174,True,False,True,False,False,0.0,0.0,0.0,0.0,0.0,0,0.8495533759077624,0.9189048797628875,False,False,False,False,-0.09077416321307955,-0.09657975597198795,False,False,False,False,97848.0,76395.5611337253,False,False,False,False,1669.769066694102,False,False,False,False
2025-06-17 17:00:00+00:00,156.92,157.0,152.23,153.41,4192.0,,,154.5478269390491,159.6424519628448,168.15383750948774,171.5624506932535,171.81512328673426,171.665066872565,171.86098416230277,,,153.66104145498082,150.51823956259074,165.001155249197,171.06812914144754,171.69517379664507,171.6652832320439,172.49282260774487,171.78935534105628,150.51823956259074,159.6424519628448,166.47592945412958,"rgba(239, 83, 80, 0.5)",13.854511722289576,161.52597449000174,-0.5858001099341892,54.40498931568891,3.247253257914174,True,False,True,False,False,0.0,0.0,0.0,0.0,0.0,0,0.8530263465387781,0.8992369359574883,False,False,False,False,-0.0835858577738663,-0.09008280687292713,False,False,False,False,93656.0,76663.1648370784,False,False,False,False,1708.8734222492324,False,False,False,False
2025-06-18 17:00:00+00:00,156.74,157.54,155.75,157.09,8149.0,,,154.78615864353503,159.50268620911768,167.740138448224,171.11954620337548,171.4143448403435,171.34898702015653,171.58616291319186,,,154.1668084066471,151.04521655193264,164.67175907184424,170.61515601392492,171.265040975961,171.2539374407432,172.1170445640233,171.50240455526702,151.04521655193264,159.50268620911768,166.27569279055248,#000000,13.461098061042614,161.45117344904463,-0.32398348405663707,56.1441928331506,3.247253257914174,True,False,True,False,False,0.0,0.0,0.0,0.0,0.0,0,0.8550401928439375,0.89883864641533,False,False,False,False,-0.0631501459784412,-0.07661647642568417,False,False,False,False,101805.0,77052.96073107717,False,False,False,False,1808.7203459352907,False,False,False,False
2025-06-19 17:00:00+00:00,157.09,157.09,157.09,157.09,0.0,,,154.78615864353503,159.50268620911768,167.740138448224,171.11954620337548,171.4143448403435,171.34898702015653,171.58616291319186,,,154.1668084066471,151.04521655193264,164.67175907184424,170.61515601392492,171.265040975961,171.2539374407432,172.1170445640233,171.50240455526702,151.04521655193264,159.50268620911768,166.27569279055248,#000000,13.034578189438,161.45117344904463,-0.33458493137725887,57.303661844791726,3.247253257914174,True,False,True,False,True,0.0,0.0,0.0,0.0,0.0,0,0.8575272943078451,0.8858499350257344,False,False,False,False,-0.05867801619133896,-0.06764724630851157,False,False,False,False,101805.0,77436.71327788217,False,False,False,False,1780.678170029317,False,False,False,False
2025-06-20 17:00:00+00:00,156.42,157.62,154.995,156.34,2601.0,,,154.83636318589717,159.45359540772176,167.60890668598532,170.9792158274342,171.2868776904148,171.24770953362898,171.4977944807779,,,154.27225822357056,151.18287000143857,164.56611051140416,170.47180474547514,171.12859478007346,171.12323589246674,171.99726071621166,171.41022996714648,151.18287000143857,159.45359540772176,166.20418850997646,#000000,12.483201685638205,161.41355779642697,-0.40643081191775055,57.18753031801637,3.247253257914174,True,False,True,False,True,0.0,0.0,0.0,0.0,0.0,0,0.8531393348623855,0.8867955439056362,False,False,False,False,-0.06654360318117478,-0.06709542474484317,False,False,False,False,99204.0,77774.19059140337,False,False,False,False,1793.396337935839,False,False,False,False
2025-06-23 17:00:00+00:00,154.36,159.2,154.36,158.86,1681.0,,,154.89104794802202,159.43405996122826,167.53419871963519,170.89696283589163,171.21190467273018,171.1879857637966,171.44552936955552,,,154.3705414611872,151.28723713127644,164.50860529797703,170.38811419736527,171.04850289483898,171.04647048885252,171.92643921242146,171.35576517074745,151.28723713127644,159.43405996122826,166.16889100836838,#000000,11.902356596092083,161.40423574566094,-0.21375899176943494,59.18551532468458,5.265986822353447,True,False,True,False,True,0.0,0.0,0.0,0.0,0.0,0,0.8512044772487631,0.8847027333928142,False,False,False,False,-0.061793174046258066,-0.06444429939555062,False,False,False,False,100885.0,78132.49771401727,False,False,False,False,1791.6537590531127,False,False,False,False
2025-06-24 17:00:00+00:00,159.82,159.82,158.64,159.645,1515.0,,,154.9731925118579,159.43348074230911,167.4803109441359,170.83403046113258,171.15425348237443,171.14197800084955,171.40510153202104,,,154.50511276992802,151.40629288911796,164.4713180705316,170.32453878063413,170.98708528711128,170.98757814918488,171.8714919908775,171.31369309314601,151.40629288911796,159.43348074230911,166.15263058034745,#000000,11.204190973844321,161.4174053882228,-0.15819128684617922,61.10960686089937,7.2163186272945055,True,False,True,False,True,0.0,0.0,0.0,0.0,0.0,0,0.8604585108541287,0.885656319740313,False,False,False,False,-0.03720113210729565,-0.050822715751423136,False,False,False,False,102400.0,78508.73805953638,False,False,False,False,1787.3645534863977,False,False,False,False
2025-06-25 17:00:00+00:00,158.235,158.795,157.15,157.985,63046.0,,,156.27353402554118,159.0425788857678,165.43272462217908,168.45395718088744,168.93454059794803,169.3066976556154,169.7632057028083,,,156.33954200925874,153.9035094456401,162.96537910662576,167.9339626497403,168.65126160311112,168.73072831405125,169.73120472419782,169.61401476086618,153.9035094456401,159.0425788857678,165.00512275228257,#000000,10.733969643020865,161.01411296387056,-0.28219876379472053,60.163050410458254,7.2163186272945055,True,False,True,False,True,0.0,0.0,0.0,0.0,0.0,1,0.8606809882285739,0.8842850439643393,False,False,False,False,-0.049815886033573197,-0.05031930089249817,False,False,False,False,39354.0,77901.68785706295,False,False,False,False,2737.1108394788566,False,False,False,False
2025-06-26 17:00:00+00:00,155.97,157.0,154.72,156.84,3316.0,,,156.27159997180016,159.0028341992759,165.3291217331166,168.33567044494063,168.8225903920239,169.21120049651645,169.67645315014116,,,156.33540805314763,153.9482563314519,162.88370371783412,167.81554801502492,168.53466062869725,168.61731974484312,169.62235287464685,169.5246114452086,153.9482563314519,159.0028341992759,164.9287554132446,#000000,10.502586791181612,160.9620512467485,-0.39247961751761345,58.095041184403016,7.2163186272945055,True,False,True,False,False,0.0,0.0,0.0,0.0,0.0,1,0.8546151188080576,0.8856637599853655,False,False,False,False,-0.07104545017501325,-0.06068237553375571,False,False,False,False,36038.0,77252.63843292244,False,False,False,False,2746.0858652233705,False,False,False,False
2025-06-27 17:00:00+00:00,159.82,159.82,157.995,159.35,1548.0,,,156.30023208293187,159.0031709156159,165.29647356449345,168.2940820026786,168.7827104785165,169.17680749340434,169.64486385023432,,,156.36931124085635,153.9945553844082,162.86228880771205,167.77451661719775,168.49344320795888,168.57713156806363,169.58285552397896,169.4921698230289,153.9945553844082,159.0031709156159,164.9096408374053,#000000,10.142928756367803,160.95879613100573,-0.15861258317482696,59.08439106853351,7.2163186272945055,True,False,True,False,False,0.0,0.0,0.0,0.0,0.0,0,0.8616834743830134,0.8799067551816758,False,False,False,False,-0.04043503930108744,-0.05055870741742158,False,False,False,False,37586.0,76637.65179055155,False,False,False,False,2727.510890568745,False,False,False,False
2025-06-30 17:00:00+00:00,156.03,157.27,155.63,156.245,1689.0,,,156.30113593649378,158.9848376553919,165.24614462932385,168.23612130893147,168.72771166539312,169.12970532528644,169.60196397999167,,,156.36947704135684,154.01793753479637,162.82297930336037,167.71659210315062,168.4362559684218,168.52146362699466,169.52923809466554,169.4479940430354,154.01793753479637,158.9848376553919,164.87263721443958,#000000,9.826485682779476,160.93430626530483,-0.47721091921221076,56.14581030272651,10.02492679706834,True,False,True,False,False,0.0,0.0,0.0,0.0,0.0,1,0.8560995483306341,0.879075335231217,False,False,False,False,-0.06511062797549194,-0.05783466769645676,False,False,False,False,35897.0,76006.01377829493,False,False,False,False,2711.409946528919,False,False,False,False
2025-07-01 17:00:00+00:00,162.72,163.97,161.16,161.16,2351.0,,,156.38931126570674,159.01483761440804,165.22158804963658,168.1948208263229,168.68702732890722,169.09385095331646,169.56832462082147,,,156.47449301303803,154.1266042368728,162.81689828894855,167.67709903721698,168.3948626320471,168.48089983770572,169.4874544178517,169.41367608328886,154.1266042368728,159.01483761440804,164.86944988040597,#000000,9.660060002518016,160.96185471496116,0.02051180686115662,58.15579114836429,10.02492679706834,True,False,True,False,True,0.5895350226706526,0.0,0.0,0.0,0.0,1,0.8616552301922925,0.8762367350195488,False,False,False,False,-0.0037922589742575945,-0.03081346333535718,False,False,False,False,38248.0,75420.61821584075,False,False,False,False,2705.8221954199435,False,False,False,False
2025-07-02 17:00:00+00:00,163.37,166.36,163.03,166.21,1649.0,,,156.48234099999573,159.05638055825963,165.22147062962742,168.18075647024529,168.67208550202292,169.07997712529158,169.55463474298503,,,156.58528862245635,154.23010036916963,162.83081126755908,167.66494931588332,168.3802978119113,168.4664347482384,169.4706150410861,169.39992410538167,154.23010036916963,159.05638055825963,164.88507115400756,"rgba(38, 166, 154, 0.5)",9.55829890487586,161.00369871471767,0.5446891059900322,62.22876538763694,7.911108972659967,True,False,True,False,True,3.5302049722015134,0.0,0.0,0.0,0.0,0,0.8575150578538598,0.870433111428119,False,False,False,False,0.017536214846311765,-0.006638624244522707,False,False,False,False,39897.0,74869.86444505252,False,False,False,False,2689.4373551808744,False,False,False,False
2025-07-03 17:00:00+00:00,168.4,168.4,168.4,168.4,0.0,,,156.48234099999573,159.05638055825963,165.22147062962742,168.18075647024529,168.67208550202292,169.07997712529158,169.55463474298503,,,156.58528862245635,154.23010036916963,162.83081126755908,167.66494931588332,168.3802978119113,168.4664347482384,169.4706150410861,169.39992410538167,154.23010036916963,159.05638055825963,164.88507115400756,"rgba(38, 166, 154, 0.5)",9.545656319371847,161.00369871471767,0.7748342322227089,65.88852694912632,11.171497947985614,True,False,True,False,True,4.758583419198718,0.0,0.0,0.0,0.0,0,0.867221360690286,0.8700445345739395,False,False,False,False,0.054685234380897584,0.024023305068187437,False,False,False,False,39897.0,74327.64949241605,False,False,False,False,2647.7406519997753,False,False,False,False
2025-07-04 17:00:00+00:00,168.4,168.4,168.4,168.4,0.0,,,156.48234099999573,159.05638055825963,165.22147062962742,168.18075647024529,168.67208550202292,169.07997712529158,169.55463474298503,,,156.58528862245635,154.23010036916963,162.83081126755908,167.66494931588332,168.3802978119113,168.4664347482384,169.4706150410861,169.39992410538167,154.23010036916963,159.05638055825963,164.88507115400756,"rgba(38, 166, 154, 0.5)",9.62301692359043,161.00369871471767,0.7686052455286247,68.32836799011923,13.300437589780081,True,False,True,False,True,4.7585834191987075,0.0,0.0,0.0,0.0,0,0.8708510744878025,0.862605820768422,False,False,False,False,0.054685234380897584,0.03935426972454251,False,False,False,False,39897.0,73793.84097315378,False,False,False,False,2606.6904093331123,False,False,False,False
2025-07-07 17:00:00+00:00,165.015,165.04,163.43,163.63,573.0,,,156.50994419882574,159.06796916525116,165.21922928182553,168.1739994815745,168.6651888657675,169.07373667052232,169.54862871417137,,,156.61800732665327,154.26183536246626,162.83324584958635,167.6587703289752,168.37342260828595,168.45965357327495,169.46320449880236,169.39384493626054,154.26183536246626,159.06796916525116,164.8880453908162,#000000,9.512303759858382,161.01502578119644,0.27490440642136144,64.8636327303716,13.300437589780081,True,False,True,False,False,1.7663023422019357,0.0,0.0,0.0,0.0,0,0.8670438050545826,0.8643097174444735,False,False,False,False,0.012929380721010934,0.02614182522277672,False,False,False,False,39324.0,73259.42483403512,False,False,False,False,2575.1603254674824,False,False,False,False
2025-07-08 17:00:00+00:00,165.89,166.29,163.96,164.33,1747.0,,,156.60198268283554,159.10879777914965,165.21717499088908,168.15761949019145,168.64801822535273,169.0579101658099,169.53313012691217,,,156.72693700952215,154.3654145874359,162.84567948749464,167.6443267162944,168.35656177777284,168.44294360831657,169.44415577847784,169.3782403105968,154.3654145874359,159.10879777914965,164.9019261824701,#000000,9.425509995521292,161.05548750989811,0.3474095822568587,63.020709287609606,18.582747944928528,True,False,True,False,False,2.1754277787366725,0.0,0.0,0.0,0.0,0,0.8675356528275017,0.8602567399173214,False,False,False,False,0.02184327256940665,0.023992548896091686,False,False,False,False,41071.0,72760.379487771,False,False,False,False,2562.3206304989944,False,False,False,False
2025-07-09 17:00:00+00:00,166.15,167.27,165.5,167.005,3362.0,,,156.80948390338742,159.20894867864936,165.23213678866526,168.14286469178697,168.63031479798042,169.0402119064034,169.51453665160017,,,156.97161572455113,154.59112298706677,162.8893884999867,167.63397506547085,168.3404115065042,168.4265517382143,169.4216191222595,169.35990471884725,154.59112298706677,159.20894867864936,164.94753911875827,"rgba(38, 166, 154, 0.5)",9.425181171102453,161.15647103571533,0.6205216491982373,63.48952166721534,18.582747944928528,True,False,True,False,False,3.728043118998169,0.0,0.0,0.0,0.0,0,0.8703768300826217,0.8548890239891569,False,False,False,False,0.03446921368855858,0.02923088129232513,False,False,False,False,44433.0,72321.19530966601,False,False,False,False,2574.7187602587,False,False,False,False
2025-07-10 17:00:00+00:00,168.34,170.0,166.76,166.76,24148.0,,167.84,158.2415224762192,159.9659050105989,165.42124767270062,168.12366708840483,168.58429062475628,168.9813805928996,169.4418103236381,,,158.61506972710313,156.1422273209155,163.27220835294708,167.64756709377184,168.30954939308955,168.39147900942922,169.33668552822746,169.2913134127714,156.1422273209155,159.9659050105989,165.47537022671705,"rgba(38, 166, 154, 0.5)",9.416436833039699,161.90592219306535,0.515489870850406,63.528495410011885,18.582747944928528,True,False,True,False,False,3.5714880510056837,0.0,0.0,0.0,0.0,0,0.8762080486710219,0.8499775594674117,False,False,False,False,0.054484386828719596,0.04185763406052236,False,False,False,False,20285.0,71514.4325916867,False,False,False,False,2909.1882368438364,False,False,False,False
2025-07-11 17:00:00+00:00,163.32,163.92,162.41,163.03,1832.0,,167.50716551193227,158.289103189307,159.9867521361354,165.40865677525713,168.09972028109033,168.5602553291956,168.95966444409837,169.4210490417871,,,158.6661638683556,156.20365763388986,163.27132062877584,167.625019228225,168.28538115163187,168.36767367136653,169.3114614635565,169.2702567154135,156.20365763388986,159.9867521361354,165.4520813168761,#000000,9.452911734076878,161.9020810798267,0.11931973469161426,59.75712054199125,15.0201234559227,True,False,True,False,False,1.2169489568152763,0.0,0.0,0.0,0.0,0,0.8666074653522645,0.8630853197369868,False,False,False,False,0.0022152722061293366,0.022036453133325848,False,False,False,False,18453.0,70691.77472204814,False,False,False,False,2892.487644024552,False,False,False,False
2025-07-14 17:00:00+00:00,162.155,162.39,160.7,161.36,3211.0,,166.84454603587864,158.34278983705585,160.00389108823788,165.37137138721343,168.0446817104742,168.50611267569835,168.91142801456343,169.3756203313401,,,158.7210752188843,156.28388781618992,163.25322799410065,167.57187347682705,168.23030807712766,168.31361130064812,169.25618359235548,169.22396493469228,156.28388781618992,160.00389108823788,165.39091084320546,#000000,9.449713491056707,161.87024439480967,-0.05399575291807106,55.802680522825334,11.254562054396956,False,False,True,False,False,0.18758577286909528,0.0,0.0,0.0,0.0,0,0.8560957830302667,0.8694966198336381,False,False,False,False,-0.014005922493312447,0.0040152653200067005,False,False,False,False,15242.0,69832.08829224894,False,False,False,False,2897.425820086187,False,False,False,False
2025-07-15 17:00:00+00:00,158.465,160.02,157.92,157.92,938.0,,166.5884929248675,158.344144230018,159.99927687174457,165.35268977486714,168.0218351191214,168.4840674933356,168.89206793924052,169.35766855636993,,,158.72050296262768,156.29421217660894,163.23957267911345,167.5493019471646,168.20763170803488,168.29142495609952,169.23428849883283,169.2055819824682,156.29421217660894,159.99927687174457,165.36142248878218,#000000,9.422706952160956,161.84711417118945,-0.4167713366368498,50.597667129504885,6.472857054435394,False,True,False,False,False,0.0,0.0,0.0,0.0,0.0,0,0.847485622176673,0.8749875624365687,False,False,False,False,-0.03980824916254152,-0.01789649192126741,False,False,False,False,14304.0,68971.18769857065,False,False,False,False,2867.0471252011293,False,False,False,False
2025-07-16 17:00:00+00:00,154.77,154.77,152.62,154.04,6418.0,,164.34446831021242,158.1974723668493,159.86122688612252,165.13821282193072,167.78995822762064,168.2635417495976,168.7004064628544,169.18211787773285,,153.81,158.53737170212233,156.22129714489554,163.05317685105334,167.31628904409186,167.97887779276877,168.06813977838473,169.02005438824673,169.02510623918934,156.22129714489554,159.86122688612252,164.38280692021607,"rgba(239, 83, 80, 0.5)",9.336204092930968,160.70494763371903,-0.7138819553832904,44.85638572859335,1.3416135683674852,False,True,False,True,False,0.0,0.0,0.0,0.0,0.0,0,0.8423159839852171,0.8860188561153225,False,False,False,False,-0.09286932694189456,-0.05538290943158099,False,False,False,False,7886.0,68024.13052494939,False,False,False,False,2922.1006581437478,False,False,False,False
2025-07-17 17:00:00+00:00,156.25,157.555,155.94,156.905,2681.0,,163.82884886645593,158.1788402359213,159.83296759095066,165.07399054059746,167.71556206859685,168.19202515612042,168.63756685266117,169.12398983876503,,154.69099681283657,158.5107207498446,156.22830667022077,163.00196498666608,167.24230995425637,167.90517229591805,167.996027427943,168.94956216470146,168.96553303330597,156.22830667022077,159.83296759095066,164.35731677916246,#000000,9.350355881842852,160.6969332954746,-0.4055389274367645,43.770692503892036,0.49550481804525504,False,True,False,True,False,0.0,0.0,0.0,0.0,0.0,0,0.8408642462509865,0.8819159431728493,False,False,False,False,-0.06211983151524346,-0.05875137047341222,False,False,False,False,10567.0,67133.32229975637,False,False,False,False,2918.3626634438447,False,False,False,False
2025-07-18 17:00:00+00:00,156.54,157.09,155.89,156.86,1707.0,,163.52796001791458,158.16566252940223,159.81415433768072,165.03270205160607,167.66791529436406,168.14621491868502,168.5972758466358,169.08670679418086,,154.99466407551358,158.4923684041531,156.23125328963593,162.96882474139085,167.19491482004884,167.85796776160626,167.94983474588017,168.9044186869953,168.92732682345226,156.23125328963593,159.81415433768072,164.32706853759677,#000000,9.264658967483902,160.6766915298369,-0.411962441708031,43.016713119112524,-0.2987350572198224,False,True,False,True,False,0.0,0.0,0.0,0.0,0.0,0,0.8398984237831187,0.88615329676325,False,False,False,False,-0.06470843756557401,-0.06172990401949312,False,False,False,False,8860.0,66229.85993851983,False,False,False,False,2899.581846956343,False,False,False,False
2025-07-21 17:00:00+00:00,157.635,157.635,154.605,154.82,2552.0,,163.06779995554226,158.13485360267134,159.77840953977508,164.9650092570781,167.59153259705582,168.0729508158948,168.53292201518283,169.02727020259516,,155.12686879273343,158.45237493460243,156.22509292216498,162.91278449229037,167.11870461817108,167.78237201001085,167.8758825570413,168.83249899257808,168.8663811607456,156.22509292216498,159.77840953977508,164.25668873330198,"rgba(239, 83, 80, 0.5)",9.119470074101265,160.61830410047014,-0.6358159030464912,41.13151499355705,-2.288562157077216,False,True,False,True,False,0.0,0.0,0.0,0.0,0.0,0,0.8432886239443617,0.8843616492796822,False,False,False,False,-0.06842951365593469,-0.06507970883771391,False,False,False,False,6308.0,65300.8388542017,False,False,False,False,2894.1929811120585,False,False,False,False
2025-07-22 17:00:00+00:00,157.54,158.37,157.19,157.25,3459.0,,162.66517587582894,158.12604847335436,159.75317453822186,164.89344125852767,167.5059642007689,167.99016764923041,168.45957590196574,168.95900013533515,,155.63623971774592,158.4362819831372,156.24590551966008,162.85797535307594,167.03405621508733,167.69739601233107,167.79259864540307,168.75029054262842,168.79654860874606,156.24590551966008,159.75317453822186,164.21175533123812,#000000,8.884890054428102,160.59626935184014,-0.37662473382801204,42.34039474363524,-2.288562157077216,False,True,False,True,False,0.0,0.0,0.0,0.0,0.0,0,0.8505295999682042,0.8756682100912144,False,False,False,False,-0.05174827060352455,-0.05841398972061923,False,False,False,False,9767.0,64439.849104524146,False,False,False,False,2902.9496790793132,False,False,False,False
2025-07-23 17:00:00+00:00,160.42,161.62,160.1,161.17,1523.0,,162.6117003307956,158.14659374777133,159.75932499955505,164.8766902493062,167.48137791852952,167.9657889277665,168.43749153709555,168.93801666457017,,156.07861504907305,158.4571971216115,156.27706411574144,162.84940279618064,167.01037058100695,167.6727343357371,167.7683069029596,168.72527047762907,168.7752227066586,156.27706411574144,159.75932499955505,164.22536285070518,#000000,8.928415054609834,160.62468427008284,0.06107643143623763,46.396160321609614,-2.288562157077216,False,True,False,True,True,0.3943226631425425,0.0,0.0,0.0,0.0,0,0.8502782692935025,0.8720158954537817,False,False,False,False,-0.02086660796292285,-0.03964029884177104,False,False,False,False,11290.0,63615.82043623695,False,False,False,False,2881.555110411417,False,False,False,False
2025-07-24 17:00:00+00:00,160.065,163.05,159.73,162.99,3126.0,,162.56999405627158,158.2019042777968,159.7816661932913,164.85107735401854,167.4388362389102,167.9230649084315,168.39833805048374,168.90043407505928,,156.92975589304015,158.51509540043787,156.35258640018145,162.84088158762304,166.9699563295101,167.62983951999192,167.72594288905114,168.68070612576244,168.73714711335572,156.35258640018145,159.7816661932913,164.26160155371863,#000000,8.855323803094599,160.6930344153065,0.2593880964455312,50.379900196446535,-6.161205910106283,False,True,False,False,True,1.4878582359105472,0.0,0.0,0.0,0.0,0,0.8567480013076946,0.8684776255436344,False,False,False,False,-0.015558201865457172,-0.027599250353614106,False,False,False,False,14416.0,62853.03252249684,False,False,False,False,2885.3449536608523,False,False,False,False
2025-07-25 17:00:00+00:00,164.22,166.44,164.17,166.18,2072.0,,162.68684921211667,158.27299621540786,159.82118794733358,164.8553387693103,167.4295374746436,167.9122128316771,168.3872206475665,168.888743137995,,157.69268558642761,158.59264300902515,156.4338216749159,162.85758722449776,166.9627626412909,167.6198345702761,167.7157624638393,168.66737110261082,168.72562223076304,156.4338216749159,159.82118794733358,164.32483392586454,"rgba(38, 166, 154, 0.5)",8.898580339247951,160.78360578517294,0.6064331622681215,55.016763267125945,-1.8247132128863583,False,False,True,False,True,3.365768615400359,0.0,0.0,0.0,0.0,0,0.8652426186404658,0.8625935334644697,False,False,False,False,0.02364645838878482,-0.0019763959824146433,False,False,False,False,16488.0,62134.194808969754,False,False,False,False,2872.7349543792884,False,False,False,False
2025-07-28 17:00:00+00:00,165.435,166.335,165.04,165.645,901.0,,162.73616057029759,158.30380473822996,159.83843262047188,164.857366739676,167.4256910834915,167.90768057493395,168.3825458343609,168.88380295015736,,157.98691053916554,158.62620025353212,156.4689946073917,162.86499014203832,166.95983219405554,167.61567831689436,167.7115249223981,168.66175221481635,168.72075918223962,156.4689946073917,159.83843262047188,164.35012514612652,"rgba(38, 166, 154, 0.5)",8.926759966275089,160.8205720110904,0.5404455823989985,57.54621327983327,0.5332138187366553,True,False,True,False,True,3.0246662514211877,0.0,0.0,0.0,0.0,0,0.8687369287038229,0.8610056596853968,False,False,False,False,0.02747875340549644,0.012751178711540898,False,False,False,False,15587.0,61412.53287394696,False,False,False,False,2842.1654202028653,False,False,False,False
2025-07-29 17:00:00+00:00,166.65,166.655,165.26,165.5,4544.0,,162.97206540127215,158.4580597944801,159.92580442379108,164.86906896795375,167.4079850430484,167.88643055984923,168.36034671139709,168.8601301096266,,159.21264281360337,158.79377860144461,156.64485794096274,162.90346270404663,166.94674581997066,167.5963875094761,167.6917824147926,168.63496743657888,168.69751723807255,156.64485794096274,159.92580442379108,164.46247255825688,"rgba(38, 166, 154, 0.5)",8.886001644452996,160.99014666652056,0.5075233512132732,59.06703240823702,2.0726963048499414,True,False,True,False,True,2.930854786866494,0.0,0.0,0.0,0.0,0,0.8669806061088767,0.8636255027677113,False,False,False,False,0.030184382103695843,0.02146778040761837,False,False,False,False,11043.0,60631.60988365321,False,False,False,False,2868.550452447782,False,False,False,False
2025-07-30 17:00:00+00:00,166.4,166.94,164.505,165.48,5083.0,,163.18344608874003,158.61959092564663,160.01792442690007,164.87959598464198,167.38665966762466,167.86133734688042,168.33440460144274,168.832684085524,,160.17191975381124,158.96804334947092,156.83052220314056,162.94296649239726,166.93040971293618,167.5733661767761,167.66830673169702,168.60389921323514,168.67051004771605,156.83052220314056,160.01792442690007,164.55738745932828,#000000,8.725355409782637,161.1448441345371,0.49684576293619315,60.05546868734622,3.2540069491178016,True,False,True,False,True,2.917669309198864,0.0,0.0,0.0,0.0,0,0.8747101872946109,0.860960464506764,False,False,False,False,0.027829459521792294,0.024648619964705333,False,False,False,False,5960.0,59783.988024991915,False,False,False,False,2902.8830035726223,False,False,False,False
2025-07-31 17:00:00+00:00,164.73,165.63,163.8,164.745,2392.0,,163.23882321874638,158.68351995173128,160.0533553977255,164.8786110319454,167.37162268167523,167.84492499485893,168.31826926503203,168.81626573158596,,160.47064617733648,159.0361699804914,156.90645109321375,162.95498336246433,166.9174948037672,167.55766680492027,167.65253125604522,168.5850453853641,168.6541686564589,156.90645109321375,160.0533553977255,164.58473822313897,#000000,8.534097839134727,161.19756182551976,0.4156781702469823,59.71460511756577,3.274555085589988,True,False,True,False,True,2.426414467819715,0.0,0.0,0.0,0.0,0,0.8661775480299576,0.8706142136112016,False,False,False,False,0.01773652745220152,0.021192573708453427,False,False,False,False,3568.0,58912.422319178084,False,False,False,False,2894.9623368505663,False,False,False,False
2025-08-01 17:00:00+00:00,180.095,184.37,178.78,181.31,7182.0,,165.01539619171555,159.3785743801946,160.5270510733497,165.19034982467608,167.60705698926728,168.05594882658028,168.49267837011135,168.96651979554176,,163.92933222578674,159.80648967664365,157.59635666821694,163.3227474242567,167.1692343456409,167.78442464720462,167.87163501069895,168.7706237119493,168.81178957596865,157.59635666821694,160.5270510733497,165.1938946316355,"rgba(0, 255, 0, 1.0)",8.786839738756512,161.96723769131273,2.201333230577914,67.00836475461466,10.327844252214703,True,False,True,False,True,11.616603110366032,0.0,0.0,0.0,0.0,0,0.8681858625803264,0.8711122095897182,False,False,False,False,0.18875590250121488,0.10497423810483415,False,False,False,False,10750.0,58165.71809717532,False,False,False,False,2961.4280370544334,False,False,False,False
2025-08-04 17:00:00+00:00,188.03,188.245,184.75,187.385,13168.0,,168.31401330848774,160.82956997048424,161.54994865417453,165.90907927881497,168.1763950134309,168.57272094018523,168.92654586836622,169.34587193082538,,169.22916968854153,161.40374770207163,159.0253265985508,164.14675541010126,167.77184322134354,168.3353602114445,168.40558521934605,169.23372107060783,169.20782318164765,159.0253265985508,161.54994865417453,166.37549866284849,"rgba(0, 255, 0, 1.0)",9.078586845820945,163.45490411123808,2.6358833478337447,73.00676050845561,15.839720149696092,True,False,True,False,True,14.484359439529754,0.0,0.0,0.0,0.0,0,0.8670231623729615,0.8667474198377058,False,False,False,False,0.25116397970267795,0.17806910890375605,False,False,False,False,23918.0,57634.7457235757,False,False,False,False,3119.669462836535,False,False,False,False
2025-08-05 17:00:00+00:00,192.365,194.31,191.85,193.855,5321.0,,169.75729635009066,161.51028464914705,162.04243523859162,166.27294356882754,168.47453512383655,168.84568115863974,169.15819078937588,169.5504215014586,,171.29398418344627,162.1496693283115,159.6907717199035,164.55509416188434,168.08519673377245,168.62479583282564,168.68668470852626,169.4814289094034,169.42068461864076,159.6907717199035,162.04243523859162,166.91765285745186,"rgba(0, 255, 0, 1.0)",9.689352134832786,164.13028185723016,3.0677714803976217,77.91330940699865,20.230923064665078,True,False,True,False,True,17.320452665378014,0.0,0.0,0.0,0.0,0,0.8802564253367052,0.8564763081024918,False,False,False,False,0.32398494275427814,0.2510270258290171,False,False,False,False,29239.0,57194.501603830344,False,False,False,False,3153.798618451472,False,False,False,False
2025-08-06 17:00:00+00:00,193.17,194.21,192.34,193.59,5275.0,,171.03491276456856,162.1583952030863,162.51645984836324,166.62479788248865,168.76368865201707,169.11085698537846,169.38392254654966,169.75013809778778,,173.0224236444919,162.8564682861462,160.32625387840156,164.9493507940377,168.38885065371,168.90566267539336,168.95962735533092,169.7224409490216,169.62839236870636,160.32625387840156,162.51645984836324,167.4178025050282,"rgba(0, 255, 0, 1.0)",10.224550673181891,164.7551310950248,2.820160007677066,80.941725107419,22.933971219249358,True,False,True,False,True,17.13997789863257,0.0,0.0,0.0,0.0,0,0.8802634028750894,0.855402796695705,False,False,False,False,0.3261900659138863,0.2886085458714517,False,False,False,False,23964.0,56679.30002857716,False,False,False,False,3186.6854615762554,False,False,False,False
2025-08-07 17:00:00+00:00,192.96,192.96,190.84,192.51,4411.0,,171.94651916738601,162.65910453626492,162.8860245210338,166.89837582765338,168.98810097458573,169.31680268475816,169.5596042098718,169.90570562641471,,174.1944057183968,163.39968240768033,160.81970485487716,165.2564086748685,168.62453892591535,169.1236805073201,169.1715824239479,169.90960039572096,169.7901461713505,160.81970485487716,162.8860245210338,167.79117574282623,"rgba(0, 255, 0, 1.0)",10.74212852898945,165.22421324821,2.540072638132628,81.89794855689694,23.906647249971186,True,False,True,False,True,16.39695517212225,0.0,0.0,0.0,0.0,0,0.8734151108317538,0.8634171732746683,False,False,False,False,0.3107050105262484,0.29965677819885006,False,False,False,False,19553.0,56103.698477746504,False,False,False,False,3205.667082327011,False,False,False,False
2025-08-08 17:00:00+00:00,189.82,190.54,187.35,187.79,3332.0,,172.47233813974694,162.98217247153724,163.12600389185474,167.0726597075329,169.12922808494426,169.44612801227396,169.66994359518665,170.00326049481538,,174.83137273166815,163.7477991836294,161.14132586960818,165.45377977287424,168.773088110541,169.26069209786584,169.30478944318887,170.02667310653442,169.89163777006047,161.14132586960818,163.12600389185474,168.01958191081548,"rgba(0, 255, 0, 1.0)",10.978245118135664,165.515261397472,2.028989001687614,78.27033773774224,23.906647249971186,True,False,True,False,False,13.22421883251786,0.0,0.0,0.0,0.0,0,0.8648722770725592,0.8653130387086665,False,False,False,False,0.2929480623458363,0.2963024202723432,False,False,False,False,16221.0,55485.362067238806,False,False,False,False,3207.625732213414,False,False,False,False
2025-08-11 17:00:00+00:00,186.89,187.82,185.42,187.62,4873.0,,173.112978450402,163.41161849966002,163.4473336395974,167.30387060615826,169.31523142754753,169.6165269455496,169.8154946581824,170.1319147509474,,175.56956710822294,164.20804692131847,161.5716982135954,165.7168278757263,168.96907541001974,169.4412318996873,169.48035651462655,170.18065208896087,170.02550120513354,161.5716982135954,163.4473336395974,168.3128191891374,"rgba(0, 255, 255, 0.75)",11.243823793331657,165.8921422384916,1.9324260288029844,75.7063971519092,23.906647249971186,True,False,True,False,False,13.111805660298117,0.0,0.0,0.0,0.0,0,0.8676736506938166,0.8655705806045837,False,False,False,False,0.26675245502615486,0.28152743764924903,False,False,False,False,11348.0,54801.06188014983,False,False,False,False,3233.4454883031285,False,False,False,False
2025-08-12 17:00:00+00:00,195.355,198.53,195.195,196.945,15745.0,,176.08666428370955,165.24347642050398,164.84370102725532,168.37536826528657,170.21466510533946,170.44807874507734,170.5326841098476,170.77243307569046,,179.07492100454235,166.17628954380865,163.3771274934418,166.90230997012276,169.90887342802245,170.31734757506703,170.33393633692904,170.94329056240846,170.68969136577905,163.3771274934418,164.84370102725532,169.66122695957836,"rgba(0, 255, 0, 1.0)",11.857031542886464,167.56706468812712,2.4776804553158116,76.69448163287299,23.906647249971186,True,False,True,False,False,17.231759633452256,0.0,0.0,0.0,0.0,0,0.8785883490452019,0.8551704133430024,False,False,False,False,0.3428282533079099,0.31217784547857946,False,False,False,False,27093.0,54371.47952541882,False,False,False,False,3427.423077631762,False,False,False,False
2025-08-13 17:00:00+00:00,208.37,210.04,207.21,208.65,15200.0,,179.59290387968304,167.42048855146618,166.54041546750824,169.73534397155242,171.38749740414409,171.53988845812114,171.4827205577984,171.62759147178082,,183.1238361345169,168.50909414762867,165.50546073013876,168.38010972438053,171.12759193693537,171.46270086189486,171.45175035618684,171.9543430910924,171.5742155160691,165.50546073013876,166.54041546750824,171.31858542711166,"rgba(0, 255, 0, 1.0)",12.89539877854319,169.58178205996006,3.029624644493044,79.34212289736823,23.906647249971186,True,False,True,False,True,20.0,0.0,0.0,0.0,0.0,0,0.8839705213701122,0.849793498029706,False,False,False,False,0.3428282534735608,0.3275030494760701,False,False,False,False,42293.0,54184.21627696271,False,False,False,False,3609.9436500715797,False,False,False,False
2025-08-14 17:00:00+00:00,204.16,205.36,203.33,204.365,5693.0,,180.55314992699172,168.10169368817702,167.08129282647627,170.1678552251068,171.76014289723494,171.887546671456,171.78684698836298,171.90210393854866,,184.1597705686708,169.2318285263619,166.17785592017057,168.85096890232688,171.51465282566855,171.82684388887262,171.80750315455708,172.27660735825063,171.8579212094306,166.17785592017057,167.08129282647627,171.82026967745082,"rgba(0, 255, 0, 1.0)",13.677730395931164,170.19362308926296,2.4983221573735883,78.19263220701899,23.906647249971186,True,False,True,False,True,19.011315189054407,0.0,0.0,0.0,0.0,0,0.877006902243229,0.8510484657513692,False,False,False,False,0.3030259765898236,0.3152645130329469,False,False,False,False,36600.0,53911.59276879274,False,False,False,False,3642.2390973572915,False,False,False,False
2025-08-15 17:00:00+00:00,201.19,202.91,200.515,202.52,2805.0,,180.95495610282188,168.40682752819097,167.32555111983842,170.36250705278098,171.92754061127374,172.0438379370507,171.92387744404084,172.02591702912588,,184.5782299958983,169.55399988192852,166.48062309695945,169.06327481866472,171.68853786093797,171.99045300682792,171.96741210585708,172.42148514349367,171.9858432394298,166.48062309695945,167.32555111983842,172.04122788088947,"rgba(0, 255, 0, 1.0)",14.445114093393883,170.46381994081105,2.2191711226323276,76.22068283816141,23.906647249971186,True,False,True,False,True,17.84818614191165,0.0,0.0,0.0,0.0,0,0.8710897729289457,0.8565744122399799,False,False,False,False,0.27900682978012037,0.29713567140653363,False,False,False,False,33795.0,53599.70760958665,False,False,False,False,3629.258646235473,False,False,False,False
2025-08-18 17:00:00+00:00,201.03,204.125,201.03,203.695,1602.0,,181.18800807792195,168.58359853058622,167.4673799648268,170.47598420461546,172.02536954725863,172.1352369568655,172.00408543345267,172.09844437075623,,184.82133556354023,169.7405814268443,166.65590824402662,169.18684230652798,171.79010610264268,172.0860911853634,172.06090366124556,172.50628569141438,172.06075901096148,166.65590824402662,167.4673799648268,172.16981883993236,"rgba(0, 255, 0, 1.0)",15.189032546040583,170.62069161858005,2.17751250984327,75.2111639674913,23.906647249971186,True,False,True,False,False,18.304029246144108,0.0,0.0,0.0,0.0,0,0.8761780104712044,0.8535620792819746,False,False,False,False,0.2868633518376215,0.2919995116220776,False,False,False,False,35397.0,53317.495088507785,False,False,False,False,3597.8282796271706,False,False,False,False
2025-08-19 17:00:00+00:00,204.295,204.79,202.58,203.59,3610.0,,181.71189521373265,168.9834019242511,167.78913270722347,170.73429898345054,172.24853746961438,172.3438860740227,172.1873909602217,172.26433698429713,,185.3666214023127,170.16222783422307,167.0523272675647,169.46774914566484,172.0216935649484,172.304316592685,172.27427656606244,172.7000369699622,172.23206886589722,167.0523272675647,167.78913270722347,172.4614234427138,"rgba(0, 255, 0, 1.0)",15.868076391023163,170.97571596431058,2.055339489929597,74.45743759548043,23.906647249971186,True,False,True,False,False,18.23621899059917,0.0,0.0,0.0,0.0,0,0.8799712259788306,0.84829177604843,False,False,False,False,0.29697313726736374,0.29448632444472067,False,False,False,False,31787.0,52983.68896310456,False,False,False,False,3598.01698847016,False,False,False,False
2025-08-20 17:00:00+00:00,199.98,201.74,199.595,200.6,2512.0,,182.01421639672165,169.23259024392289,167.99116873229855,170.895474860495,172.38728015168633,172.4736567481577,172.30161992450303,172.3677819848709,,185.6683761967287,170.42369133471283,167.3009346207859,169.64356557840145,172.16572808785284,172.43999392685024,172.40698631263618,172.8204761704595,172.33887352726984,167.3009346207859,167.99116873229855,172.63955381166784,"rgba(0, 255, 255, 0.75)",16.364689418279593,171.19352480361079,1.796946733589808,71.6247475459945,27.52879061926862,True,False,True,False,False,16.307985780992343,0.0,0.0,0.0,0.0,0,0.8737286473461535,0.8547692652538967,False,False,False,False,0.2695599107590744,0.2820231176018975,False,False,False,False,29275.0,52616.11239003317,False,False,False,False,3581.1795157806996,False,False,False,False
2025-08-21 17:00:00+00:00,200.465,202.41,200.265,201.37,8249.0,,182.97750652815108,170.0417098933789,168.65141263956878,171.42497424931304,172.8446095434996,172.90198937502996,172.67951333316506,172.7105560422638,,186.62339529371806,171.27087849109907,168.10874007345862,170.22001208953978,172.64011715837643,172.88742628475143,172.84482327553263,173.2185940660613,172.69259983976562,168.10874007345862,168.65141263956878,173.21993283392194,"rgba(0, 255, 255, 0.75)",16.85282575819353,171.9008571693782,1.7486173092541732,70.04279838491597,25.72123771139927,True,False,True,False,False,16.625229877796993,0.0,0.0,0.0,0.0,0,0.8711762776971004,0.856429474867663,False,False,False,False,0.2756112812809833,0.2788171994414404,False,False,False,False,37524.0,52382.126151428005,False,False,False,False,3653.548825613557,False,False,False,False
2025-08-22 17:00:00+00:00,212.1,212.31,209.31,210.59,3380.0,210.7366666666667,183.53287047066598,170.45751563125066,168.9899858737564,171.70306810087607,173.08820957597885,173.13056909341148,172.88131049346495,172.89395587575692,,187.21052399099048,171.70896816873622,168.51916223009053,170.519624611846,172.89219141705505,173.12594982750463,173.07826098235952,173.4319094430903,172.88173210381893,168.51916223009053,168.9899858737564,175.59902636429558,"rgba(0, 255, 0, 1.0)",17.590372500396285,174.68022096937705,2.04144505921145,71.93372979237435,25.72123771139927,True,False,True,False,False,20.0,0.0,0.0,0.0,0.0,0,0.8770792947475308,0.8475306932521002,False,False,False,False,0.342828253499022,0.31082272647023124,False,False,False,False,40904.0,52204.17070721981,False,False,False,False,3649.3077585497804,False,False,False,False
2025-08-25 17:00:00+00:00,210.02,210.08,208.97,209.385,1379.0,210.3720434965329,183.74293360497248,170.61950523812396,169.12244355928604,171.81177900441034,173.18340644181765,173.2199415637405,172.96031166985222,172.96580252724343,,187.42955683155603,171.87924951232006,168.6794250194361,170.63680912277493,172.990691414522,173.21917632159364,173.1695219087409,173.51533231463083,172.95580972539443,168.6794250194361,169.12244355928604,175.69298551538603,"rgba(0, 255, 255, 0.75)",18.260538263580038,174.79610959891707,1.8941878876631568,72.24167090398527,25.72123771139927,True,False,True,False,False,19.461214851300095,0.0,0.0,0.0,0.0,0,0.8776899876024646,0.8480654293803085,False,False,False,False,0.3310979167209329,0.3209603215955821,False,False,False,False,39525.0,52007.5944171854,False,False,False,False,3614.109188649784,False,False,False,False
2025-08-26 17:00:00+00:00,210.545,211.0,209.79,210.44,1330.0,210.3803342092298,183.9495538894132,170.77818521183775,169.2523065838318,171.91861472879512,173.27709475547917,173.30792716543718,173.03811893205776,173.036590741104,,187.6455186009539,172.04606558702255,168.83631220178202,170.7518587954858,173.08760318004315,173.3109370339039,173.25935500301676,173.59750086516874,173.02878689946354,168.83631220178202,169.2523065838318,175.80570357689035,"rgba(0, 255, 255, 0.75)",18.9103229232887,174.93271453987393,1.8776667962871036,72.77128573737977,25.72123771139927,True,False,True,False,True,19.864840218854958,0.0,0.0,0.0,0.0,0,0.883973335313997,0.8411909978831655,False,False,False,False,0.33903005832619076,0.3299951899608864,False,False,False,False,40855.0,51834.685976608875,False,False,False,False,3578.6966430893217,False,False,False,False
2025-08-27 17:00:00+00:00,209.72,211.19,209.16,211.11,1425.0,210.4004997338302,184.1680401627773,170.94712720378584,169.39079954620524,172.03265391252626,173.37715937212596,173.40193047950592,173.12129616005683,173.11229382375598,,187.87321105281566,172.2235556041582,169.00340939996008,170.8746268527272,173.19109386277142,173.40895307293368,173.35532268471363,173.6853159258127,173.1068215250072,169.00340939996008,169.39079954620524,175.92633946530384,"rgba(0, 255, 255, 0.75)",19.526423150773365,175.078752183197,1.845255914951119,73.34219005647745,25.72123771139927,True,False,True,False,True,20.0,0.0,0.0,0.0,0.0,0,0.8834961391757373,0.8404409712531399,False,False,False,False,0.3370203789272702,0.3335077844440783,False,False,False,False,42280.0,51686.55131030486,False,False,False,False,3545.3059974600296,False,False,False,False
2025-08-28 17:00:00+00:00,209.28,210.34,208.72,209.985,1606.0,210.27391575292398,184.4026045739474,171.13197145865342,169.5427370229486,172.15769876804657,173.48685841015987,173.50501833569234,173.2125865260731,173.19541673920233,,188.1155004058404,172.41746828975826,169.1865076742555,171.00928908699896,173.30454257305112,173.51641628065562,173.46055660777253,173.78163132389338,173.19249351568658,169.1865076742555,169.5427370229486,176.04962296364224,"rgba(0, 255, 255, 0.75)",20.048366543513165,175.22870323112838,1.733622372348203,72.60440124599381,25.72123771139927,True,False,True,False,True,19.36540106663369,0.0,0.0,0.0,0.0,0,0.8852293165467626,0.8402278177458035,False,False,False,False,0.3311433882085498,0.33232558632631404,False,False,False,False,40674.0,51515.81408068773,False,False,False,False,3515.2392378094864,False,False,False,False
2025-08-29 17:00:00+00:00,204.65,205.545,202.99,204.11,4263.0,208.3439181548731,184.87458661175313,171.54579568217122,169.8863619501732,172.43785283638513,173.7313584364728,173.73491325746065,173.41671831358633,173.3814525453519,,188.57667919866861,172.848487252539,169.60008335595185,171.31235417768372,173.55754504988826,173.75594958445132,173.69524140424735,173.996257863508,173.38418865803152,169.60008335595185,169.8863619501732,176.2266524629554,"rgba(38, 166, 154, 1.0)",20.402845040305863,175.454065211088,1.4045068093347846,67.15100119497694,21.458280886807145,False,False,True,False,False,15.522143256730946,0.0,0.0,0.0,0.0,0,0.8795899746760019,0.8366881424102488,False,False,False,False,0.2839698981981953,0.30814774226225466,False,False,False,False,36411.0,51281.630916646056,False,False,False,False,3526.8324279209673,False,False,False,False
2025-09-01 17:00:00+00:00,204.11,204.11,204.11,204.11,0.0,208.3439181548731,184.87458661175313,171.54579568217122,169.8863619501732,172.43785283638513,173.7313584364728,173.73491325746065,173.41671831358633,173.3814525453519,,188.57667919866861,172.848487252539,169.60008335595185,171.31235417768372,173.55754504988826,173.75594958445132,173.69524140424735,173.996257863508,173.38418865803152,169.60008335595185,169.8863619501732,176.2266524629554,"rgba(38, 166, 154, 1.0)",20.727664724418975,175.454065211088,1.382497023659055,63.515401160965695,18.119179957034945,False,False,True,False,False,15.522143256730946,0.0,0.0,0.0,0.0,0,0.8806575496440614,0.8377950543274635,False,False,False,False,0.28257779301775043,0.2953627676400026,False,False,False,False,36411.0,51051.078499333715,False,False,False,False,3472.1528553950607,False,False,False,False
2025-09-02 17:00:00+00:00,203.23,204.02,202.85,202.96,1504.0,207.831985177224,185.02796107367425,171.68521173426666,170.00270474484944,172.53264298083553,173.81406618434903,173.81273000891468,173.48592196308365,173.44457397185144,,188.723754371143,172.99331089648248,169.73978090425842,171.41494885310743,173.64311780393382,173.83699212984084,173.77466710226267,174.068929311665,173.44921403701113,169.73978090425842,170.00270474484944,176.29347295826406,"rgba(38, 166, 154, 1.0)",21.010696992010637,175.5380000113928,1.3051447079092373,60.16762320412297,15.111788070746712,False,True,True,False,False,14.776915152475926,0.0,0.0,0.0,0.0,0,0.8742851777078737,0.8400394384712897,False,False,False,False,0.27662362238051863,0.2859931950102606,False,False,False,False,34907.0,50800.782708646366,False,False,False,False,3441.6388576369977,False,False,False,False
2025-09-03 17:00:00+00:00,199.415,199.6,197.27,199.46,3407.0,206.14555956415586,185.2827315225254,171.95219635152273,170.22803973376492,172.71411378788957,173.97136536989015,173.96080797238963,173.61800643159927,173.56516034368977,198.77666666666667,188.94654935059302,173.26833443433884,170.01009775766707,171.61245510870245,173.8059926814407,173.99112980273566,173.92581687099306,174.20706601071123,173.5734084217637,170.01009775766707,170.22803973376492,177.5555525359495,"rgba(38, 166, 154, 1.0)",21.146214149697332,177.26135600357964,1.0497691851256554,55.36217129187101,10.806961840209865,False,True,True,False,False,12.538816650339072,0.0,0.0,0.0,0.0,0,0.8705733439594956,0.8459143968871594,False,False,False,False,0.23307935439688932,0.259536274703575,False,False,False,False,31500.0,50501.545767427044,False,False,False,False,3441.101821084486,False,False,False,False
2025-09-04 17:00:00+00:00,203.42,206.27,203.34,206.1,3172.0,206.01125376564494,185.62114538053405,172.25481106585613,170.48144177889952,172.92214815404856,174.15372128629548,174.13258134416998,173.77100523906572,173.70490539415817,201.8912919896641,189.2758775435197,173.58268899105227,170.31279365380365,171.8369165558278,173.99448889514906,174.1698918136196,174.1010640615506,174.36774481971648,173.71730448559524,170.31279365380365,170.48144177889952,177.91068822200904,"rgba(38, 166, 154, 1.0)",21.32570964399109,177.68816877759645,1.3322806929620326,56.41837009998841,10.806961840209865,False,True,True,False,False,15.414424217737178,0.0,0.0,0.0,0.0,0,0.8680368519791223,0.8436019837658117,False,False,False,False,0.2887288515220669,0.27413256311282097,False,False,False,False,34672.0,50256.12645320337,False,False,False,False,3436.929699827362,False,False,False,False
2025-09-05 17:00:00+00:00,207.06,209.765,206.23,209.28,846.0,206.102775337636,185.72382990822007,172.342306326064,170.55455108729325,172.98261406362508,174.2069504539568,174.1827400361692,173.81567102142589,173.74571618586873,202.63573872053874,189.37857398086396,173.67382844345227,170.39993881833166,171.90194359012068,174.04947278856983,174.22208184833335,174.15222548952238,174.4147158258193,173.7593219842182,170.39993881833166,170.55455108729325,178.0128945215805,"rgba(38, 166, 154, 1.0)",21.527618912783844,177.81073682551258,1.4618088188006657,58.679352892315904,10.806961840209865,False,True,True,False,True,16.725509257428854,0.0,0.0,0.0,0.0,0,0.8741760642600152,0.8402145719252905,False,False,False,False,0.3172670798236744,0.2956998214682477,False,False,False,False,35518.0,50027.62836865758,False,False,False,False,3396.7602471168607,False,False,False,False
2025-09-08 17:00:00+00:00,205.34,205.93,203.94,205.4,875.0,206.06455657624247,185.81360590439655,172.424033588319,170.62323781046356,173.03907208418408,174.2564818008909,174.22942636987776,173.85730699865852,173.78377563547483,202.89447108433737,189.46524172618933,173.75859353639757,170.4817845618993,171.96283782952568,174.100657713226,174.27064685486525,174.19984701727964,174.4584103932383,173.79850234720985,170.4817845618993,170.62323781046356,178.07802578066713,"rgba(38, 166, 154, 1.0)",21.613235882979854,177.8893466490768,1.272861384564238,57.36586411103874,10.806961840209865,False,True,True,False,True,14.27970882953683,0.0,0.0,0.0,0.0,0,0.8749333607684322,0.8382139750652364,False,False,False,False,0.2898817603835208,0.2927907909258842,False,False,False,False,34643.0,49789.10699860087,False,False,False,False,3357.6631890220256,False,False,False,False
2025-09-09 17:00:00+00:00,199.0,200.065,197.595,198.94,2822.0,205.2835790175196,186.0058853236869,172.6351676475304,170.80324805560767,173.1847177727155,174.38312537268249,174.34886908760228,173.96423010340868,173.88161942926232,201.8724908589582,189.62957522169572,173.97519595255562,170.69614022036214,172.12110653308517,174.23167072510816,174.394821174704,174.32169706655645,174.5700283311673,173.8992006349541,170.69614022036214,170.80324805560767,178.11591413311382,"rgba(38, 166, 154, 0.5)",21.632488002751412,177.93861173464188,0.9708262989761961,52.83164449534506,8.816158142965016,False,True,False,False,False,10.410545207588065,0.0,0.0,0.0,0.0,0,0.8755242646157905,0.8249215370260413,False,False,False,False,0.23648593352118838,0.2646383622235363,False,False,False,False,31821.0,49510.53169629699,False,False,False,False,3349.358333378273,False,False,False,False
2025-09-10 17:00:00+00:00,200.51,202.63,200.16,202.01,2171.0,204.9997944168441,186.18062440321037,172.81200250186777,170.9535149420896,173.3074584312407,174.490448525138,174.4501291519757,174.05482782876646,173.9645519786368,201.82798791343816,189.7884092733392,174.15732498003285,170.87464407308775,172.25391748879733,174.34259986582697,174.50007499276768,174.42496973554563,174.66478732995625,173.98454102684542,170.87464407308775,170.9535149420896,178.2122425715477,"rgba(38, 166, 154, 1.0)",21.693402726332295,178.05588615886273,1.1042119184032306,51.62379209925474,7.626079142448091,False,True,False,False,False,11.739999178828157,0.0,0.0,0.0,0.0,0,0.8719445940455605,0.8208849457184161,False,False,False,False,0.2587426163978824,0.2616904893107094,False,False,False,False,33992.0,49269.93430565672,False,False,False,False,3331.089211930548,False,False,False,False
2025-09-11 17:00:00+00:00,207.35,209.36,206.64,208.79,2098.0,205.22592905740143,186.41718901535071,173.0199340087616,171.1286141483871,173.4527676661403,174.61865713213834,174.57111343525054,174.16285967492348,174.06343634182437,202.70521192038638,190.02230858587686,174.37324767368057,171.08218479879991,172.4100156309404,174.47494576533848,174.625838770615,174.54831914093873,174.77822889022997,174.08629290719836,171.08218479879991,171.1286141483871,178.40879445074646,"rgba(38, 166, 154, 1.0)",21.8897340398034,178.29146165353086,1.3932804432896184,54.10154714257169,7.626079142448091,False,True,True,False,False,14.544235728830863,0.0,0.0,0.0,0.0,0,0.8814408843919805,0.8155705452501406,False,False,False,False,0.31728961922310456,0.289490054266907,False,False,False,False,36090.0,49065.594238902355,False,False,False,False,3311.9715497300745,False,False,False,False
2025-09-12 17:00:00+00:00,204.86,205.98,204.105,204.3,704.0,205.21613711187143,186.48301540259243,173.08234879451348,171.1815489537874,173.49642575990515,174.65704817702212,174.60735767545276,174.1952863361602,174.09313800862427,202.79661986124054,190.08480167409775,174.4377383845288,171.14486308333846,172.45705497441614,174.51458946614434,174.66350040340808,174.58527146055997,174.81219854177147,174.1168500871389,171.14486308333846,171.1815489537874,178.45398916613547,"rgba(38, 166, 154, 1.0)",21.93900375570384,178.34587842633147,1.1830127686140182,53.26845992402374,7.626079142448091,False,True,True,False,False,11.939910532353345,0.0,0.0,0.0,0.0,0,0.8782095084760041,0.8137712836161789,False,False,False,False,0.2908356938530279,0.29016287405996743,False,False,False,False,35386.0,48853.507506516275,False,False,False,False,3271.5378822923985,False,False,False,False
2025-09-15 17:00:00+00:00,207.2,208.78,206.64,208.36,1847.0,205.36863484520802,186.68265059259184,173.26099544297946,171.33250512134418,173.621793241334,174.7677253910989,174.71185729034534,174.28870824942354,174.17871122717358,203.32472132426707,190.28064706465,174.62296342656364,171.32340332748157,172.5917080826621,174.62881276421675,174.77208636448253,174.69179662246387,174.91022686985312,174.20488531325452,171.32340332748157,171.33250512134418,178.6086753979681,"rgba(38, 166, 154, 1.0)",21.99565038349144,178.53123729807132,1.3561209685491409,54.54889606655337,7.626079142448091,False,True,True,False,True,13.587939586976468,0.0,0.0,0.0,0.0,0,0.882490461584499,0.8064917333732324,False,False,False,False,0.3146771222115529,0.30241999813576015,False,False,False,False,37233.0,48673.344599438504,False,False,False,False,3249.452023652206,False,False,False,False
2025-09-16 17:00:00+00:00,209.025,209.95,207.97,209.755,3511.0,205.74121872133554,187.07464776338708,173.60811792174903,171.62612805120284,173.86653169812627,174.984255121826,174.91640076297216,174.4716761585406,174.34640367518023,204.2903614879038,190.66785845131645,174.98297940046604,171.66992916583126,172.8541764788309,174.85218554323652,174.98456404293196,174.90026470141527,175.10224482298617,174.37737012092788,171.66992916583126,171.62612805120284,178.91143758369293,"rgba(38, 166, 154, 1.0)",22.088289310348415,178.89330736331442,1.397197048764967,56.004900582946156,7.626079142448091,False,True,True,False,True,14.145542170488046,0.0,0.0,0.0,0.0,0,0.8898586632130189,0.8012838560729773,False,False,False,False,0.325968089797768,0.3141940439667641,False,False,False,False,40744.0,48550.40902425341,False,False,False,False,3253.507031037443,False,False,False,False
2025-09-17 17:00:00+00:00,207.74,211.85,204.16,204.45,1704.0,205.78953759681772,187.23989625540457,173.762970088335,171.7579878365186,173.97610544459945,175.08105345535992,175.0079030976698,174.55368981692257,174.4216409825151,204.4765040808395,190.82651218199987,175.1429365973277,171.82521085943372,172.9718759295186,174.95204632157078,175.07956740168385,174.99351069787474,175.18815093119025,174.45473630834007,171.82521085943372,171.7579878365186,179.02641241494328,"rgba(38, 166, 154, 1.0)",22.055418785659118,179.03098571155192,1.1525065352636163,53.97614028591476,7.626079142448091,False,True,True,False,True,11.111528644408217,0.0,0.0,0.0,0.0,0,0.8912986673634701,0.7988540072417782,False,False,False,False,0.3173346989579532,0.31576437146235864,False,False,False,False,39040.0,48402.960822327,False,False,False,False,3229.483666215157,False,False,False,False
2025-09-18 17:00:00+00:00,212.07,215.455,212.03,215.455,3717.0,206.54821073090523,187.7252766014232,174.17123945190542,172.10296269963644,174.2665717453663,175.33954625114401,175.25227958604373,174.77236759151978,174.62223544465337,205.8370568207189,191.31918708179785,175.5675742599765,172.2307376446522,173.28202509861228,175.21844066364648,175.33330990759615,175.24248055736308,175.41794703551187,174.66100192592384,172.2307376446522,172.10296269963644,179.41633953149457,"rgba(0, 255, 255, 0.75)",22.229571232080847,181.99795789871908,1.5050691599933803,57.010294458158945,7.626079142448091,False,True,True,False,True,15.404978967521377,0.0,0.0,0.0,0.0,0,0.8923906530856801,0.7877033691293727,False,False,False,False,0.3428282535311058,0.3292963124967322,False,False,False,False,42757.0,48315.42654601185,False,False,False,False,3237.042058987015,False,False,False,False
2025-09-19 17:00:00+00:00,207.025,207.5,205.48,205.85,1042.0,206.54160023830107,187.8180477968466,174.26160057154593,172.1804471784427,174.33105931537077,175.39658349301604,175.30625909679625,174.82086717952424,174.6667943361,205.85346581410903,191.4066297499425,175.66061750418226,172.32158910013786,173.35127051103623,175.277255150689,175.38931004956865,175.2974701536783,175.4686723642004,174.7068005816669,172.32158910013786,172.1804471784427,179.47664948342916,"rgba(38, 166, 154, 1.0)",22.21766589231859,181.95602776118608,1.0754492553187094,54.720702783686995,7.626079142448091,False,True,True,False,True,10.299775227845949,0.0,0.0,0.0,0.0,0,0.8850490062371575,0.7906369901623844,False,False,False,False,0.27994166274446697,0.3046189876205996,False,False,False,False,41715.0,48213.09435150003,False,False,False,False,3203.010399157759,False,False,False,False
2025-09-22 17:00:00+00:00,205.555,207.03,205.405,206.36,1055.0,206.53494664599387,187.9109771053482,174.3525391551906,172.25851447765103,174.39606350697852,175.45409672846628,175.36070050849693,174.86980179697775,174.71176491696195,205.86845213029125,191.49405922674492,175.75421322882153,172.41304992887015,173.42105960937062,175.33655457807677,175.4457813862532,175.35292672893993,175.51984154257644,174.75301855165492,172.41304992887015,172.25851447765103,179.5372821975613,"rgba(38, 166, 154, 1.0)",22.240435927455138,181.95306442368866,1.0974126431659434,53.3954532745624,7.626079142448091,False,True,True,False,False,10.49712948656584,0.0,0.0,0.0,0.0,0,0.8841903237249749,0.7909658992714141,False,False,False,False,0.27762313802535504,0.29112106282297734,False,False,False,False,42770.0,48128.70529178686,False,False,False,False,3169.707912349111,False,False,False,False
2025-09-23 17:00:00+00:00,206.48,206.49,204.44,205.085,671.0,206.51691508155733,187.96663674355293,174.40843771116195,172.30663302904108,174.4360717217458,175.48946805395568,175.39419150118178,174.89992967249097,174.73946247855895,205.8564519375661,191.54567764102282,175.81164565733135,172.46937938967764,173.46404501696347,175.37302571730163,175.48051416585272,175.38704068708728,175.55131949972673,174.7814813320056,172.46937938967764,172.30663302904108,179.5725435283043,"rgba(38, 166, 154, 1.0)",22.206407531801773,181.95342112116376,1.0416623600962713,51.955129123757004,7.095701421340316,False,True,False,False,False,9.836983685639577,0.0,0.0,0.0,0.0,1,0.8837217767989589,0.7913508003967857,False,False,False,False,0.27123561065475077,0.28117833673886405,False,False,False,False,42099.0,48035.22148881341,False,False,False,False,3130.9682547933107,False,False,False,False
2025-09-24 17:00:00+00:00,203.035,203.035,201.025,202.54,1811.0,206.3482069846065,188.0882790873269,174.5430973447382,172.42353410350535,174.53262364117126,175.57452357047399,175.47477534499734,174.97259365351843,174.80632602550878,205.6459208448585,191.65182464498434,175.949188245249,172.6060280130316,173.56811873630937,175.46075556727277,175.56404383658744,175.46911955612268,175.6270301352656,174.85017470684286,172.6060280130316,172.42353410350535,179.63979810749322,"rgba(38, 166, 154, 0.5)",22.10111059885219,181.91098054495274,0.9333928882342507,49.868913161804635,4.940697544993455,False,True,False,False,False,8.523428954422641,0.0,0.0,0.0,0.0,0,0.8856859485917368,0.7894997841918213,False,False,False,False,0.24234213666945917,0.2617602367041616,False,False,False,False,40288.0,47915.109527746536,False,False,False,False,3110.503630687988,False,False,False,False
2025-09-25 17:00:00+00:00,200.9,203.21,200.775,202.3,3889.0,206.01890076781672,188.34070564983276,174.8268239419216,172.67063270940713,174.73693143047743,175.7546432207666,175.64552335250391,175.12673809624707,174.94827014044742,205.2551808990248,191.87057082200025,176.23859754084364,172.89424190181322,173.78827173711005,175.64649168752695,175.7409647966135,175.64300552146614,175.78753186886746,174.99597020063166,172.89424190181322,172.67063270940713,179.78578927817463,"rgba(38, 166, 154, 0.5)",21.992246091182434,183.6732023656307,0.8469711350600769,48.36767396574956,3.342686628003854,False,True,False,True,False,8.399171609332441,0.0,0.0,0.0,0.0,0,0.8814359162688213,0.7911219243481454,False,False,False,False,0.2420289672473148,0.2518946019757382,False,False,False,False,36399.0,47736.56519398303,False,False,False,False,3122.573341840112,False,False,False,False
2025-09-26 17:00:00+00:00,202.925,203.89,201.915,203.715,1571.0,205.93259987129986,188.4479080885454,174.94425511333327,172.772902947328,174.8218265361258,175.82966283511553,175.71666599493315,175.1909805503957,175.00745307954352,205.16657844119962,191.9654064300313,176.3584987905355,173.013318130198,173.87959540558683,175.72381828601664,175.8146634590993,175.7154434385982,175.8544525328318,175.056750223234,173.013318130198,172.772902947328,179.853304218629,"rgba(38, 166, 154, 0.5)",21.83280622353866,183.7369407837785,0.9150477044349211,48.20239096083159,2.932997515689422,False,True,False,True,False,8.989974723962469,0.0,0.0,0.0,0.0,0,0.8865263873950893,0.7878804592629363,False,False,False,False,0.24964186114838252,0.25076823156206035,False,False,False,False,37970.0,47585.14557857243,False,False,False,False,3098.517941191428,False,False,False,False
2025-09-29 17:00:00+00:00,204.85,207.94,204.85,207.885,2433.0,205.97562551091278,188.65206674613358,175.1479161579162,172.94914962642756,174.9694200869882,175.96072796081015,175.84094448258512,175.303037470101,175.11065676904423,205.27325102932957,192.1568746781674,176.56755592233628,173.2184028800667,174.03772391000615,175.85882643141994,175.94342855423622,175.84196888341015,175.971467923388,175.16274433840306,173.2184028800667,172.94914962642756,179.99693628219384,"rgba(38, 166, 154, 1.0)",21.76403936822426,183.9805214318954,1.0983475155354385,50.38629432318332,2.932997515689422,False,True,False,False,False,10.705089854710035,0.0,0.0,0.0,0.0,0,0.8873446037625141,0.7868642047746526,False,False,False,False,0.27913303778712645,0.2649506346745934,False,False,False,False,40403.0,47473.794484330996,False,False,False,False,3088.199833576057,False,False,False,False
2025-09-30 17:00:00+00:00,209.23,212.56,208.8,212.335,1870.0,206.1508175142149,188.84254914256158,175.3238545958011,173.10054296205595,175.09723786922615,176.07474454449533,175.94905047455848,175.4003865474867,175.20029634441534,205.5435886953287,192.34310234469223,176.7490210583385,173.3944503593524,174.17415493496483,175.97620237186874,176.0554516641598,175.95201586771043,176.07334766944783,175.25481065011218,173.3944503593524,173.10054296205595,180.139769768989,"rgba(38, 166, 154, 1.0)",21.695053539691575,184.253726905133,1.2943629313240326,53.905694624122674,-0.7840215631261671,False,True,True,False,True,12.474143128973392,0.0,0.0,0.0,0.0,0,0.9018097014925374,0.7753824626865671,False,False,False,False,0.3159803589313387,0.29046549680296607,False,False,False,False,42273.0,47393.1620117057,False,False,False,False,3069.3130144508464,False,False,False,False
2025-10-01 17:00:00+00:00,209.45,212.67,209.36,211.48,1490.0,206.28066978625876,188.99162693398102,175.46257878934276,173.220123719396,175.19826606693306,176.16490724280837,176.03456705226827,175.4774437975221,175.27128084347208,205.73989255998382,192.48842806003245,176.89200039122323,173.53333379804187,174.28196792042104,176.06900776346208,176.14404728764072,176.03905924501836,176.1539624653789,175.32770737581424,173.53333379804187,173.220123719396,180.2510984788947,"rgba(38, 166, 154, 1.0)",21.653496532663816,184.4421970767914,1.2486575958955488,55.66844420438911,0.9347690876698849,False,True,True,False,True,12.004803122857812,0.0,0.0,0.0,0.0,0,0.9112522824102252,0.763713481436397,False,False,False,False,0.3188951799497697,0.3046803383763679,False,False,False,False,40783.0,47290.678879741274,False,False,False,False,3044.827541358585,False,False,False,False
2025-10-02 17:00:00+00:00,212.09,215.88,212.02,214.95,2340.0,206.5931225702034,189.25407978489093,175.697094414928,173.42169561262,175.36942424559996,176.31808451525777,176.17985962417453,175.608289559951,175.3918152811997,206.18369781260643,192.74947294606616,177.13434126680775,173.76726949893532,174.464206132418,176.22661205306252,176.29457272439004,176.1869308529329,176.29101103123762,175.4514865257549,173.76726949893532,173.42169561262,180.45174033963355,"rgba(38, 166, 154, 1.0)",21.644871922063118,184.79364496465246,1.393233239906976,58.420644148231645,3.572962326935894,False,True,True,False,True,13.374133371191665,0.0,0.0,0.0,0.0,0,0.921808220749792,0.753673904521508,False,False,False,False,0.3428282535332911,0.3237542959548295,False,False,False,False,43123.0,47226.06370331118,False,False,False,False,3033.899982577832,False,False,False,False
2025-10-03 17:00:00+00:00,217.83,218.11,213.96,214.47,650.0,206.68882824664783,189.32955476059925,175.76379618938643,173.47901197531615,175.41819685460294,176.36178696589656,176.22131947811576,175.64563011205303,175.42621973222938,206.3164066512022,192.82495802277668,177.20331212295477,173.8337340278221,174.51608814377096,176.27156807445607,176.33752170289517,176.22912322067575,176.33013224026104,175.48681481642274,173.8337340278221,173.47901197531615,180.50968438621499,"rgba(38, 166, 154, 1.0)",21.585741285970666,184.8924547784898,1.3702353247758832,59.877797468430074,5.005343297037328,False,True,True,False,True,13.103811522874292,0.0,0.0,0.0,0.0,0,0.9277680292264765,0.7465600398891542,False,False,False,False,0.3428282535546646,0.33329127475474707,False,False,False,False,42473.0,47152.37279318232,False,False,False,False,2996.9402929254625,False,False,False,False
2025-10-06 17:00:00+00:00,216.81,217.2,213.84,216.18,1724.0,206.9392691297393,189.52936696917567,175.9406348444728,173.63109496862305,175.54771271482016,176.47789702011497,176.3314935361405,175.7448922715338,175.51770013750388,206.65901050892734,193.02474022679266,177.38612433891552,174.00995078287235,174.65381941389458,176.39099431216508,176.45163777221535,176.34123627323174,176.434114787074,175.5807441455879,174.00995078287235,173.63109496862305,180.6627596923053,"rgba(38, 166, 154, 1.0)",21.57562904368316,185.1435993993585,1.4384934287572138,61.67176987397531,6.798962324821673,False,False,True,False,True,13.78449655859686,0.0,0.0,0.0,0.0,0,0.9224362311296199,0.7667783092532386,False,False,False,False,0.33840194325869266,0.33584660900671987,False,False,False,False,44197.0,47106.55305995469,False,False,False,False,2977.2047845080133,False,False,False,False
2025-10-07 17:00:00+00:00,210.5,214.43,209.84,214.075,1563.0,207.08224184541515,189.68777063220517,176.0877952257187,173.75841191422373,175.65582648604567,176.57468643070357,176.42339065784873,175.82783561007244,175.59420566251455,206.85437852588313,193.17967824183245,177.5377027297311,174.15719981500794,174.76896143437514,176.49055133723186,176.5467796882321,176.4347400001641,176.52085384963414,175.6592783043099,174.15719981500794,173.75841191422373,180.78117307321838,"rgba(38, 166, 154, 1.0)",21.51804933387617,185.30774101501666,1.3368897216763336,61.03791023274884,6.798962324821673,False,False,True,False,True,12.574759007166726,0.0,0.0,0.0,0.0,0,0.9219450157481098,0.7639969397994972,False,False,False,False,0.30961538486371515,0.3227309969352175,False,False,False,False,42634.0,47037.21115204842,False,False,False,False,2955.2791289342454,False,False,False,False
2025-10-08 17:00:00+00:00,217.885,219.8,217.52,219.36,1378.0,207.3316852623835,189.86213371141716,176.238013428613,173.88744695454574,175.76622987114942,176.67392454636828,176.5175817791354,175.9126972527048,175.6724382536775,207.1837937425124,193.35624147914132,177.6932552314351,174.3064910746937,174.8861285085539,176.59257952604202,176.64432645839005,176.5305740636699,176.6098151074003,175.7395964244355,174.3064910746937,173.88744695454574,180.91605014085627,"rgba(0, 255, 255, 0.75)",21.493125190824674,185.52883397750645,1.574045920364152,63.18978166944193,8.506779560307578,False,False,True,False,True,14.680376421831042,0.0,0.0,0.0,0.0,0,0.9258176412289395,0.7666699702675916,False,False,False,False,0.34282825358014435,0.3327796252576809,False,False,False,False,44012.0,46990.30865356705,False,False,False,False,2930.8251889507687,False,False,False,False
2025-10-09 17:00:00+00:00,218.05,220.27,216.76,219.91,5152.0,208.18413011363634,190.4978858234625,176.79154558205832,174.36432689807594,176.1748729735699,177.04161728353404,176.86678108106665,176.22766669553042,175.9630245145729,208.2785653210359,193.9975948084883,178.26580707794204,174.85700405904157,175.319581080256,176.9704996161036,177.0058225893864,176.88579880833456,176.9398108482225,176.03785840711518,174.85700405904157,174.36432689807594,181.40369439902278,"rgba(0, 255, 255, 0.75)",21.422686629235095,186.26819143319346,1.5703823310796254,64.86255199529077,10.237036306860276,False,False,True,False,True,14.895662858849057,0.0,0.0,0.0,0.0,0,0.9196618171402609,0.7672326093612649,False,False,False,False,0.3416176248674642,0.3371986250625726,False,False,False,False,49164.0,47024.00929459702,False,False,False,False,2965.2620077267256,False,False,False,False
2025-10-10 17:00:00+00:00,218.57,218.85,216.13,216.67,1627.0,208.38816383670937,190.68085265918043,176.95620198791005,174.5069672645413,176.2970712400814,177.15158369601969,176.97130031719644,176.3221158099473,176.05025455213382,208.53306813674018,194.17968718116802,178.43564517685144,175.02121226922347,175.4492430865313,177.08349953290966,177.1139616384843,176.99209910382763,177.03863164858052,176.1273636827977,175.02121226922347,174.5069672645413,181.5420485695176,"rgba(38, 166, 154, 1.0)",21.316081652334763,186.45536887412385,1.4174570926625585,63.08666089472139,10.237036306860276,False,False,True,False,True,13.007523297641384,0.0,0.0,0.0,0.0,0,0.9210373046662913,0.7668433677851156,False,False,False,False,0.33308693850783044,0.3351427817852015,False,False,False,False,47537.0,47031.96263886683,False,False,False,False,2944.513759544916,False,False,False,False
2025-10-13 17:00:00+00:00,216.67,228.6,216.67,226.02,2873.0,208.97792167334222,191.07611170717843,177.29045470739376,174.79479531586873,176.54532421237613,177.37579270470573,177.18435542330974,176.51436784454552,176.22774325880985,209.26218602636095,194.58377309796387,178.78198198102362,175.35259672944792,175.71183655317148,177.31379377759302,177.33444494620218,177.20877330495372,177.24019422009405,176.3094990322625,175.35259672944792,174.79479531586873,181.84662876403175,"rgba(0, 255, 255, 0.75)",21.286609973670416,186.9151064340213,1.8370653483268526,65.84399535682721,11.198523372492545,True,False,True,False,True,16.618393826916087,0.0,0.0,0.0,0.0,0,0.9300933194215559,0.7494222386909927,False,False,False,False,0.3428282536159793,0.3389855177005904,False,False,False,False,50410.0,47084.33531113246,False,False,False,False,2943.405019086855,False,False,False,False
2025-10-14 17:00:00+00:00,230.0,231.28,228.235,230.095,2734.0,209.71366815227003,191.512225715018,177.64535089884922,175.09936132922329,176.80940960894597,177.61498572811075,177.41165441350512,176.71933614306934,176.41696391562152,210.16010566242213,195.03654704244298,179.15076478017312,175.70304588228757,175.99051056276178,177.55938142752876,177.56967736220994,177.4399115693983,177.45536278413888,176.5036722986666,175.70304588228757,175.09936132922329,182.1848386987707,"rgba(0, 255, 255, 0.75)",21.413339290441396,187.44426032245923,1.991783677409877,68.87859741729517,14.074409467800749,True,False,True,False,True,18.0925119039779,0.0,0.0,0.0,0.0,0,0.9459032136032512,0.7429893397223865,False,False,False,False,0.34282825367304737,0.3409068856868189,False,False,False,False,53144.0,47178.28360088234,False,False,False,False,2940.158429643648,False,False,False,False
2025-10-15 17:00:00+00:00,231.06,234.005,230.945,233.44,1879.0,210.25915070491618,191.82875132950866,177.90000969444685,175.31781616502747,176.99932403198457,177.78725285612776,177.57538881275698,176.86700092212263,176.55331574300274,210.81826334086387,195.3666312241508,179.41559476894082,175.9541716371094,176.19069166802637,177.73620925048834,177.7391068792899,177.60639525292711,177.61042505579493,176.64358163519051,175.9541716371094,175.31781616502747,182.42995163014083,"rgba(0, 255, 0, 1.0)",21.67455024627667,187.8255728610223,2.104515508773406,71.76780172845943,16.765282648126117,True,False,True,False,True,19.271145410843566,0.0,0.0,0.0,0.0,0,0.9494777376654631,0.7335451263537904,False,False,False,False,0.34282825369273057,0.3418675696897747,False,False,False,False,55023.0,47299.90711094618,False,False,False,False,2923.7063609670026,False,False,False,False
2025-10-16 17:00:00+00:00,234.6,235.36,231.73,235.34,4341.0,211.4956002098886,192.56521326897038,178.4936569327093,175.82791290628444,177.44366086307525,178.1907962821836,177.95911814603792,177.21333384175216,176.87330000780773,212.28641664370886,196.13424335355006,180.03272389264822,176.5395246713462,176.6586880990118,178.15031868991701,178.13606537271178,177.9965072161758,177.97402086472445,176.97185434456964,176.5395246713462,175.82791290628444,182.99699766353015,"rgba(0, 255, 0, 1.0)",21.978947666403784,188.68174365123465,2.1228612514549754,74.15916979243383,18.990682745179527,True,False,True,False,True,19.9322017630219,0.0,0.0,0.0,0.0,0,0.9543499738478526,0.7292865306755001,False,False,False,False,0.34282825367798087,0.3423479116838778,False,False,False,False,59364.0,47486.94731077647,False,False,False,False,2945.679905758212,False,False,False,False
2025-10-17 17:00:00+00:00,230.76,233.36,230.76,233.36,1597.0,211.88802838273784,192.8192417282829,178.70252913332308,176.00810544771025,177.6006866242046,178.33346941282468,178.09487330308275,177.33603162480708,176.9867595331767,212.74373830848594,196.39711743259372,180.24945392114762,176.74583278307523,176.82407452918088,178.29669427962307,178.2764382571114,178.1344955204349,178.10271438242367,177.08822239793864,176.74583278307523,176.00810544771025,183.19097405274556,"rgba(0, 255, 0, 1.0)",22.196557551050812,188.9595519223609,2.0003303654416063,73.96609111640682,18.990682745179527,True,False,True,False,True,18.74966781573259,0.0,0.0,0.0,0.0,0,0.9453380865431991,0.7339361794626554,False,False,False,False,0.3316867514871014,0.33701733158548963,False,False,False,False,57767.0,47646.3279726249,False,False,False,False,2924.7701397774645,False,False,False,False
