date,Open,High,Low,Close,Volume,aVWAP_peak_425,aVWAP_peak_373,aVWAP_peak_288,aVWAP_peak_257,aVWAP_peak_191,aVWAP_peak_155,aVWAP_peak_52,aVWAP_peak_18,aVWAP_valley_380,aVWAP_valley_298,aVWAP_valley_277,aVWAP_valley_219,aVWAP_valley_186,aVWAP_valley_121,aVWAP_valley_86,aVWAP_valley_55,aVWAP_OB_bull_219,Peaks_Valleys_avg,color,StDev,StDev_Mean,StdDev_ZScore,QQEMOD,QQE1_Value,QQE1_Above_Upper,QQE1_Below_Lower,QQE2_Above_Threshold,QQE2_Below_Threshold,QQE2_Above_TL,banker_RSI,OB,OB_High,OB_Low,OB_Mitigated_Index,TTM_squeeze_Active,VI_plus,VI_minus,VI_Regular_Bullish,VI_Regular_Bearish,VI_Hidden_Bullish,VI_Hidden_Bearish,Fisher,Fisher_Signal,Fisher_Regular_Bullish,Fisher_Regular_Bearish,Fisher_Hidden_Bullish,Fisher_Hidden_Bearish,OBV,OBV_Smoothed,OBV_Regular_Bullish,OBV_Regular_Bearish,OBV_Hidden_Bullish,OBV_Hidden_Bearish,Volume_MA,Vol_Regular_Bullish,Vol_Regular_Bearish,Vol_Hidden_Bullish,Vol_Hidden_Bearish
2024-02-16 17:00:00+00:00,59.985,60.075,59.79,59.96,112107.0,,,,,,,,,,,,,,,,,,,#000000,,,,,,False,False,False,False,False,,0.0,0.0,0.0,0.0,0,,,False,False,False,False,,,False,False,False,False,0.0,0.0,False,False,False,False,112107.0,False,False,False,False
2024-02-19 17:00:00+00:00,59.96,59.96,59.96,59.96,0.0,,,,,,,,,,,,,,,,,,,#000000,,,,,,False,False,False,False,False,,0.0,0.0,0.0,0.0,0,,,False,False,False,False,,,False,False,False,False,0.0,0.0,False,False,False,False,110368.90697674418,False,False,False,False
2024-02-20 17:00:00+00:00,59.96,59.98,59.485,59.65,111823.0,,,,,,,,,,,,,,,,,,,#000000,,,,0.0,,False,False,False,True,False,,0.0,0.0,0.0,0.0,0,,,False,False,False,False,,,False,False,False,False,-111823.0,-1733.6899224806202,False,False,False,False,110391.45105462412,False,False,False,False
2024-02-21 17:00:00+00:00,59.445,59.58,59.25,59.52,26926.0,,,,,,,,,,,,,,,,,,,#000000,,,,0.0,-50.0,False,False,False,True,True,,0.0,0.0,0.0,0.0,0,,,False,False,False,False,,,False,False,False,False,-138749.0,-3857.9582957754947,False,False,False,False,109097.41305377723,False,False,False,False
2024-02-22 17:00:00+00:00,59.73,60.045,59.645,60.025,36113.0,,,,,,,,,,,,,,,,,,,#000000,,,,19.449397332572545,-32.49554240068471,False,False,False,True,True,,0.0,0.0,0.0,0.0,0,,,False,False,False,False,,,False,False,False,False,-102636.0,-5389.400802817735,False,False,False,False,107965.87176612177,False,False,False,False
2024-02-23 17:00:00+00:00,60.385,60.58,60.315,60.43,72642.0,,,,,,,,,,,,,,,,,,,#000000,,,,37.20392820452439,-17.683428455882407,False,False,False,True,True,,0.0,0.0,0.0,0.0,0,,,False,False,False,False,,,False,False,False,False,-29994.0,-5770.867457037614,False,False,False,False,107418.21483951523,False,False,False,False
2024-02-26 17:00:00+00:00,59.74,59.855,59.295,59.755,53210.0,,,,,,,,,,,,,,,,,,,#000000,,,,39.522027742435135,-17.284791438722166,False,False,False,True,True,,0.0,0.0,0.0,0.0,0,,,False,False,False,False,,,False,False,False,False,-83204.0,-6971.38113987424,False,False,False,False,106577.7774001429,False,False,False,False
2024-02-27 17:00:00+00:00,59.97,59.98,59.395,59.64,17502.0,,,,,,,,,,,,,,,,,,,#000000,,,,40.037073095035765,-17.284791438722166,False,False,False,True,True,,0.0,0.0,0.0,0.0,0,,,False,False,False,False,,,False,False,False,False,-100706.0,-8424.631044682392,False,False,False,False,105196.75759548951,False,False,False,False
2024-02-28 17:00:00+00:00,59.54,59.845,59.385,59.425,24283.0,,,,,,,,,,,,,,,,,,,#000000,,,,38.62367346113527,-17.284791438722166,False,False,False,True,False,,0.0,0.0,0.0,0.0,0,,,False,False,False,False,,,False,False,False,False,-124989.0,-10231.830563369487,False,False,False,False,103942.28073354394,False,False,False,False
2024-02-29 17:00:00+00:00,59.49,60.12,59.41,60.0,21691.0,,,,,,,,,,,,,,,,,,,#000000,,,,43.64291239251806,-15.118825968445904,False,False,False,True,True,,0.0,0.0,0.0,0.0,0,,,False,False,False,False,,,False,False,False,False,-103298.0,-11674.716911224225,False,False,False,False,102667.0670787603,False,False,False,False
2024-03-01 17:00:00+00:00,60.15,60.37,59.925,60.0,21249.0,,,,,,,,,,,,,,,,,,,#000000,,,,46.98907168010659,-12.059886056676774,False,False,False,False,True,,0.0,0.0,0.0,0.0,0,,,False,False,False,False,,,False,False,False,False,-103298.0,-13095.23292810447,False,False,False,False,101404.7714651361,False,False,False,False
2024-03-04 17:00:00+00:00,59.67,59.715,59.075,59.085,32588.0,,,,,,,,,,,,,,,,,,,#000000,,59.291666666666664,,42.788926146653054,-12.059886056676774,False,False,False,True,False,,0.0,0.0,0.0,0.0,0,,,False,False,False,False,,,False,False,False,False,-135886.0,-14998.965750924555,False,False,False,False,100337.84477575416,False,False,False,False
2024-03-05 17:00:00+00:00,59.145,59.495,59.085,59.235,51270.0,,,,,,,,,,,,,,,,,,,#000000,,59.27943885298163,,41.3483286990192,-12.059886056676774,False,False,False,True,False,,0.0,0.0,0.0,0.0,0,,,False,False,False,False,,,False,False,False,False,-84616.0,-16078.299615251306,False,False,False,False,99577.10299628509,False,False,False,False
2024-03-06 17:00:00+00:00,60.225,60.515,60.09,60.415,128657.0,,,,,,,,,,,,,,,,,,,#000000,,59.921504662415984,,47.66711246103313,-11.767530796192574,False,False,False,False,True,,0.0,0.0,0.0,0.0,1,,,False,False,False,False,,,False,False,False,False,44041.0,-15146.217450673767,False,False,False,False,100027.95411262175,False,False,False,False
2024-03-07 17:00:00+00:00,60.555,60.925,60.4,60.79,115020.0,,,,,,,,,,,,,,,,,,,#000000,,60.19664360551798,,53.36947026428237,-6.396635173611415,False,False,True,False,True,,0.0,0.0,0.0,0.0,0,,,False,False,False,False,,,False,False,False,False,159061.0,-12445.330358415258,False,False,False,False,100260.38893258109,False,False,False,False
2024-03-08 17:00:00+00:00,60.4,60.58,60.13,60.3,26710.0,,,,,,,,,,,,,,,,,,,#000000,,60.207201315473746,,54.10484300277912,-5.5562912870761565,False,False,True,False,True,,0.0,0.0,0.0,0.0,0,,,False,False,False,False,,,False,False,False,False,132351.0,-10200.426011773161,False,False,False,False,99120.07282509921,False,False,False,False
2024-03-11 17:00:00+00:00,60.35,60.565,60.315,60.49,17837.0,,,,,,,,,,,,,,,,,,,#000000,,60.21916027470646,,55.45891840379955,-3.883996519818915,False,False,True,False,True,,0.0,0.0,0.0,0.0,0,,,False,False,False,False,,,False,False,False,False,150188.0,-7713.78374802474,False,False,False,False,97859.8701456403,False,False,False,False
2024-03-12 17:00:00+00:00,60.48,60.585,60.31,60.42,22340.0,,,,,,,,,,,,,,,,,,,#000000,,60.23157420225037,,55.903911345067414,-2.906125881341538,False,False,True,False,True,,0.0,0.0,0.0,0.0,0,,,False,False,False,False,,,False,False,False,False,127848.0,-5612.050666660016,False,False,False,False,96689.01944570789,False,False,False,False
2024-03-13 17:00:00+00:00,60.83,60.93,60.62,60.785,17973.0,,,,,,,,60.77833333333333,,,,,,,,,,60.77833333333333,#000000,,60.51686819675311,,57.952405700266965,-0.36903774639149844,False,False,True,False,True,,0.0,0.0,0.0,0.0,0,,,False,False,False,False,,,False,False,False,False,145821.0,-3264.251431518,False,False,False,False,95468.61604344886,False,False,False,False
2024-03-14 17:00:00+00:00,60.065,60.115,59.705,60.04,25552.0,,,,,,,,60.29400478652115,,,,,,,,,,60.29400478652115,#000000,,60.26589180035016,,54.80236380120935,-0.36903774639149844,False,False,True,False,True,,0.0,0.0,0.0,0.0,0,,,False,False,False,False,,,False,False,False,False,120269.0,-1349.0072232774107,False,False,False,False,94384.63750013958,False,False,False,False
2024-03-15 17:00:00+00:00,59.78,60.21,59.77,60.02,23167.0,,,,,,,,60.19187546232431,,,,,,,,,,60.19187546232431,#000000,,60.20885397132547,,52.59642948277746,-0.36903774639149844,False,False,True,False,False,,0.0,0.0,0.0,0.0,0,,,False,False,False,False,,,False,False,False,False,97102.0,177.36498173464201,False,False,False,False,93280.48808153276,False,False,False,False
2024-03-18 17:00:00+00:00,59.645,59.84,59.205,59.225,42218.0,,,,,,,,59.89395689101092,,,,,,,,,,59.89395689101092,#000000,,59.82527048296793,,47.48681592508163,5.172077251364591,False,False,False,True,False,,0.0,0.0,0.0,0.0,0,,,False,False,False,False,,,False,False,False,False,54884.0,1025.5298657387561,False,False,False,False,92488.82159964854,False,False,False,False
2024-03-19 17:00:00+00:00,59.525,59.715,59.395,59.54,20635.0,,,,,,,,59.83916859006523,,,,,,,,,,59.83916859006523,#000000,,59.81288120153979,,45.99853010752419,3.5283890139349836,False,False,False,True,False,,0.0,0.0,0.0,0.0,0,,,False,False,False,False,,,False,False,False,False,75519.0,2180.467387200171,False,False,False,False,91374.80886166949,False,False,False,False
2024-03-20 17:00:00+00:00,59.575,60.235,59.375,60.1,44722.0,,,,,,,,59.8556351365051,,,,,,,,,,59.8556351365051,#000000,,59.873062710406906,,47.95055321695132,3.5283890139349836,False,False,False,True,False,,0.0,0.0,0.0,0.0,0,,,False,False,False,False,,,False,False,False,False,120241.0,4010.8632416621836,False,False,False,False,90651.50949947306,False,False,False,False
2024-03-21 17:00:00+00:00,60.015,60.255,59.975,60.105,27990.0,,,,,,,,59.8910669016812,,,,,,,,,,59.8910669016812,#000000,,59.916767097583374,,49.276852234834095,3.5283890139349836,False,False,False,False,True,,0.0,0.0,0.0,0.0,0,,,False,False,False,False,,,False,False,False,False,148231.0,6246.834354194552,False,False,False,False,89680.0132281634,False,False,False,False
2024-03-22 17:00:00+00:00,59.755,59.795,59.535,59.705,12522.0,,,,,,,,59.87866415400637,,,,,,,,,,59.87866415400637,#000000,,59.90780806618872,,48.036330674608244,3.5283890139349836,False,False,False,True,True,,0.0,0.0,0.0,0.0,0,,,False,False,False,False,,,False,False,False,False,135709.0,8253.99971304425,False,False,False,False,88483.7649610601,False,False,False,False
2024-03-25 17:00:00+00:00,59.91,59.935,59.535,59.59,12311.0,,,,,,,,59.86825558882675,,,,,,,,,,59.86825558882675,#000000,,59.90025891576156,,46.62947528710156,2.9709933344762334,False,False,False,True,True,,0.0,0.0,0.0,0.0,0,,,False,False,False,False,,,False,False,False,False,123398.0,10039.178012066819,False,False,False,False,87302.79186088861,False,False,False,False
2024-03-26 17:00:00+00:00,59.84,59.925,59.645,59.665,23364.0,,,,,,,,59.856757495055646,,,,,,,,,,59.856757495055646,#000000,,59.892632193140294,,46.201959928181196,2.1104681104412606,False,False,False,True,True,,0.0,0.0,0.0,0.0,0,,,False,False,False,False,,,False,False,False,False,146762.0,12158.911686298341,False,False,False,False,86311.49276227018,False,False,False,False
2024-03-27 17:00:00+00:00,60.25,60.64,60.14,60.64,24742.0,,,,,,,,59.91219187415515,,,,,,,,,,59.91219187415515,#000000,,60.07714344547702,,51.10868787044063,2.1104681104412606,False,False,False,False,True,,0.0,0.0,0.0,0.0,0,,,False,False,False,False,,,False,False,False,False,171504.0,14629.378171782088,False,False,False,False,85356.92698301018,False,False,False,False
2024-03-28 17:00:00+00:00,60.2,60.505,60.14,60.375,51846.0,,,,,,,,59.98001233786486,,,,,,,,,,59.98001233786486,#000000,,60.10159183953437,,52.75211105392532,-3.0479289646123178,False,False,True,False,True,,0.0,0.0,0.0,0.0,0,,,False,False,False,False,,,False,False,False,False,119658.0,16257.72889780097,False,False,False,False,84837.37772745964,False,False,False,False
2024-03-29 17:00:00+00:00,60.375,60.375,60.375,60.375,0.0,,,,,,,,59.98001233786486,,,,,,,,,,59.98001233786486,#000000,,60.10159183953437,,53.847726509581776,-1.775041890909847,False,False,True,False,True,,0.0,0.0,0.0,0.0,0,,,False,False,False,False,,,False,False,False,False,119658.0,17860.833876129636,False,False,False,False,83522.06954563856,False,False,False,False
2024-04-01 17:00:00+00:00,60.035,60.275,59.93,60.215,20209.0,,,,,,,,59.989323155296894,,,,,,,,,,59.989323155296894,#000000,,60.09524381247797,,53.500038680634276,-1.775041890909847,False,False,True,False,True,,0.0,0.0,0.0,0.0,0,,,False,False,False,False,,,False,False,False,False,99449.0,19125.766684251656,False,False,False,False,82540.4715681868,False,False,False,False
2024-04-02 17:00:00+00:00,59.465,59.515,59.195,59.39,19292.0,,,,,,,,59.95655131412504,,,,,,,,,,59.95655131412504,#000000,,60.032928192883176,,48.85342492313602,-1.775041890909847,False,False,False,False,False,,0.0,0.0,0.0,0.0,0,,,False,False,False,False,,,False,False,False,False,80157.0,20071.987355813646,False,False,False,False,81559.8751097653,False,False,False,False
2024-04-03 17:00:00+00:00,59.795,59.975,59.605,59.605,20416.0,,,,,,,,59.944510508003866,,,,,,,,,,59.944510508003866,#000000,,60.00810989042688,,47.13569937678925,2.506026705209358,False,False,False,True,False,,0.0,0.0,0.0,0.0,0,,,False,False,False,False,,,False,False,False,False,100573.0,21320.06507122739,False,False,False,False,80611.90805379994,False,False,False,False
2024-04-04 17:00:00+00:00,60.275,60.365,59.585,59.775,27269.0,,,,,,,,59.942128932214466,,,,,,,,,,59.942128932214466,#000000,,59.99808077636793,,47.06836169567235,2.2264890911168322,False,False,False,True,False,,0.0,0.0,0.0,0.0,0,,,False,False,False,False,,,False,False,False,False,127842.0,22971.567938340144,False,False,False,False,79784.88622350845,False,False,False,False
2024-04-05 17:00:00+00:00,59.51,59.515,59.265,59.33,21393.0,,,,,,,,59.91403213649786,,,,,,,,,,59.91403213649786,#000000,,59.95856538327389,,44.76027407233249,-0.19292282281122652,False,False,False,True,False,,0.0,0.0,0.0,0.0,0,,,False,False,False,False,,,False,False,False,False,106449.0,24265.791691234095,False,False,False,False,78879.58566190368,False,False,False,False
2024-04-08 17:00:00+00:00,59.065,59.065,58.75,58.77,45381.0,,,,,,,,59.81474482088086,,,,,,,,,,59.81474482088086,#000000,,59.835108574358614,,40.946853958510175,-3.8981205954220144,False,False,False,True,False,,0.0,0.0,0.0,0.0,0,,,False,False,False,False,,,False,False,False,False,61068.0,24836.36856423822,False,False,False,False,78360.22774466487,False,False,False,False
2024-04-09 17:00:00+00:00,58.845,59.095,58.615,59.04,14591.0,,,,,,,,59.78830405527654,,,,,,,,,,59.78830405527654,#000000,,59.8042415747649,,40.2809563299767,-4.63436718056947,False,False,False,True,False,,0.0,0.0,0.0,0.0,0,,,False,False,False,False,,,False,False,False,False,75659.0,25624.316338436074,False,False,False,False,77371.55754707317,False,False,False,False
2024-04-10 17:00:00+00:00,57.49,57.64,57.27,57.585,34414.0,,,,,,,,59.6396134673693,,,,,,,,,,59.6396134673693,#000000,,59.63424659187412,,35.44179203631536,-9.238025436675777,False,False,False,True,False,,0.0,0.0,0.0,0.0,0,,,False,False,False,False,,,False,False,False,False,41245.0,25866.497480475824,False,False,False,False,76705.5489029325,False,False,False,False
2024-04-11 17:00:00+00:00,57.38,57.915,57.34,57.785,40316.0,,,,,,,,59.50108884789848,,,,,,,,,,59.50108884789848,#000000,,59.483260851766936,,33.44668910583618,-11.095701511152178,False,False,False,True,False,,0.0,0.0,0.0,0.0,0,,,False,False,False,False,,,False,False,False,False,81561.0,26729.978139693252,False,False,False,False,76141.36985017385,False,False,False,False
2024-04-12 17:00:00+00:00,56.94,57.01,56.585,56.835,63248.0,,,,,,,,59.23244336467422,,,,,,,,,,59.23244336467422,#000000,,59.1980288734654,,30.05459966018106,-14.27893319972047,False,False,False,True,False,,0.0,0.0,0.0,0.0,0,,,False,False,False,False,,,False,False,False,False,18313.0,26599.48235458173,False,False,False,False,75941.47264319441,False,False,False,False
2024-04-15 17:00:00+00:00,57.055,57.095,56.345,56.57,40847.0,,,,,,,,59.07724566218578,,,,,,,,,,59.07724566218578,#000000,,59.03803504636752,,27.3136131752299,-16.83881075724488,False,False,False,True,False,,0.0,0.0,0.0,0.0,0,,,False,False,False,False,,,False,False,False,False,-22534.0,25837.722938231625,False,False,False,False,75397.37229213712,False,False,False,False
2024-04-16 17:00:00+00:00,56.305,56.41,55.925,56.14,39839.0,,,,,,,,58.91443794973893,,,,,,,,,,58.91443794973893,#000000,,58.328850475797616,,24.74823604912257,-19.265643499889364,False,True,False,True,False,,0.0,0.0,0.0,0.0,0,,,False,False,False,False,,,False,False,False,False,-62373.0,24470.11483066214,False,False,False,False,74846.07969846058,False,False,False,False
2024-04-17 17:00:00+00:00,56.55,56.905,56.495,56.825,48593.0,,,,,,,,58.77603397129189,,,,,,,,,,58.77603397129189,#000000,,58.28304035298756,,27.159037977932893,-19.265643499889364,False,True,False,True,True,,0.0,0.0,0.0,0.0,0,,,False,False,False,False,,,False,False,False,False,-13780.0,23877.08979452784,False,False,False,False,74439.05520701158,False,False,False,False
2024-04-18 17:00:00+00:00,57.09,57.355,56.83,57.265,42668.0,,,,,,,,58.68990353412341,,,,,,,,,,58.68990353412341,#000000,,58.26031582773383,,31.034138692845993,-25.244533060006223,False,True,False,True,True,,0.0,0.0,0.0,0.0,0,,,False,False,False,False,,,False,False,False,False,28888.0,23954.77832484524,False,False,False,False,73946.48070767807,False,False,False,False
2024-04-19 17:00:00+00:00,58.015,58.225,57.865,58.11,42648.0,,,,,,,,58.65856555792147,,,,,,,,,,58.65856555792147,#000000,,58.306813212316726,,37.2436286914845,-19.53428360494559,False,True,False,True,True,,0.0,0.0,0.0,0.0,0,,,False,False,False,False,,,False,False,False,False,71536.0,24692.47168414996,False,False,False,False,73461.23294476834,False,False,False,False
2024-04-22 17:00:00+00:00,58.435,58.735,58.425,58.59,31610.0,,,,,,,,58.655862494165206,,,,,,,,,,58.655862494165206,#000000,,58.355856786562036,,43.09444314240659,-14.316948055148345,False,False,False,True,True,,0.0,0.0,0.0,0.0,0,,,False,False,False,False,,,False,False,False,False,103146.0,25908.80545648872,False,False,False,False,72812.37662004326,False,False,False,False
2024-04-23 17:00:00+00:00,58.865,58.955,58.785,58.94,29870.0,,,,,,,,58.66366031218007,,,,,,,,,,58.66366031218007,#000000,,58.4065055380824,,48.15820759735966,-9.868530894508282,True,False,False,False,True,,0.0,0.0,0.0,0.0,0,,,False,False,False,False,,,False,False,False,False,133016.0,27569.382116078043,False,False,False,False,72146.60333911235,False,False,False,False
2024-04-24 17:00:00+00:00,58.47,58.81,58.435,58.685,33839.0,,,,,,,,58.66293126546794,,,,,,,,,,58.66293126546794,#000000,,58.438177211405204,,50.377864886590224,-7.943592062886388,True,False,True,False,True,,0.0,0.0,0.0,0.0,0,,,False,False,False,False,,,False,False,False,False,99177.0,28679.57774218536,False,False,False,False,71552.6870082734,False,False,False,False
2024-04-25 17:00:00+00:00,58.845,59.155,58.815,59.11,32844.0,,,,,,,,58.675167433313995,,,,,,,,,,58.675167433313995,#000000,,58.48132239668924,,53.369452758249224,-5.106924513283772,True,False,True,False,True,0.0,0.0,0.0,0.0,0.0,0,,,False,False,False,False,,,False,False,False,False,132021.0,30281.77033532977,False,False,False,False,70952.55232597458,False,False,False,False
2024-04-26 17:00:00+00:00,59.355,59.435,59.205,59.41,22525.0,,,,,,,,58.69038547675638,,,,,,,,,,58.69038547675638,#000000,,58.51725720661649,,56.364154387089265,-2.1717869625825017,True,False,True,False,True,0.0,0.0,0.0,0.0,0.0,0,,,False,False,False,False,,,False,False,False,False,154546.0,32208.347539433184,False,False,False,False,70201.7375612308,False,False,False,False
2024-04-29 17:00:00+00:00,59.265,59.345,58.955,59.315,30635.0,,,,,,,,58.70569910897544,,,,,,,,,,58.70569910897544,#000000,,58.554489454310975,,57.827970550092644,-0.5510357719013967,True,False,True,False,True,0.0,0.0,0.0,0.0,0.0,0,,,False,False,False,False,,,False,False,False,False,123911.0,33630.094089209415,False,False,False,False,69588.2997695838,False,False,False,False
2024-04-30 17:00:00+00:00,59.1,59.44,59.05,59.34,25592.0,,,,,,,59.27666666666666,58.719548473845464,,,,,,,,,,58.99810757025606,#000000,,58.6997987588231,,58.90235020928078,0.8515045919614295,True,False,True,False,True,0.0,0.0,0.0,0.0,0.0,0,,,False,False,False,False,,,False,False,False,False,149503.0,35426.57325061702,False,False,False,False,68906.18659486156,False,False,False,False
2024-05-01 17:00:00+00:00,58.865,59.405,58.7,58.71,22069.0,,,,,,,59.120004441087396,58.724031009299246,,,,,,,,,,58.92201772519332,#000000,,58.685446374924716,,56.03858785425492,0.8515045919614295,True,False,True,False,True,0.0,0.0,0.0,0.0,0.0,0,,,False,False,False,False,,,False,False,False,False,127434.0,36853.044983165586,False,False,False,False,68180.02866315829,False,False,False,False
2024-05-02 17:00:00+00:00,58.94,59.175,57.96,58.075,85414.0,,,,,,,58.66001010708246,58.70046923438195,,,,,,,,,,58.680239670732206,#000000,,58.60356760866716,,51.34041817808817,0.8515045919614295,True,False,False,False,False,0.0,0.0,0.0,0.0,0.0,0,,,False,False,False,False,,,False,False,False,False,42020.0,36933.15281288395,False,False,False,False,68447.22201721783,False,False,False,False
2024-05-03 17:00:00+00:00,55.005,55.11,54.115,54.665,107144.0,,,,,,,56.86251947181529,58.35698368049978,,,,,,,,54.629999999999995,,56.61650105077169,#000000,,57.49078429342986,,41.201217692630614,-0.29130388266823104,False,True,False,True,False,0.0,0.0,0.0,0.0,0.0,0,,,False,False,False,False,,,False,False,False,False,-65124.0,35350.87137392451,False,False,False,False,69047.17206346252,False,False,False,False
2024-05-06 17:00:00+00:00,55.595,55.905,54.925,54.96,50727.0,,,,,,,56.583698263595295,58.2381352698164,,,,,,,,54.83350222650139,,56.5517785866377,#000000,,57.38679556185731,,35.66765165955712,-5.162571893422999,False,True,False,True,False,0.0,0.0,0.0,0.0,0.0,0,,,False,False,False,False,,,False,False,False,False,-14397.0,34579.5865464218,False,False,False,False,68763.13838806,False,False,False,False
2024-05-07 17:00:00+00:00,55.4,55.635,55.125,55.32,48653.0,,,,,,,56.408383873332944,58.135855565894964,,,,,,,,54.95753476593519,,56.50059140172103,#000000,,57.30134195340675,,33.487038126700966,-7.068044396590352,False,True,False,True,False,0.0,0.0,0.0,0.0,0.0,0,,,False,False,False,False,,,False,False,False,False,34256.0,34574.569700740845,False,False,False,False,68451.35329677224,False,False,False,False
2024-05-08 17:00:00+00:00,55.935,56.11,55.87,56.01,29262.0,,,,,,,56.37572206061361,58.09109070332892,,,,,,,,55.08649525417116,,56.51776933937123,#000000,,57.28277598634895,,34.74031567219045,-7.068044396590352,False,True,False,True,False,0.0,0.0,0.0,0.0,0.0,0,,,False,False,False,False,,,False,False,False,False,63518.0,35023.30505421773,False,False,False,False,67843.76642395408,False,False,False,False
2024-05-09 17:00:00+00:00,56.145,56.305,55.98,56.135,31968.0,,,,,,,56.35692211641372,58.04748329042912,,,,,,,,55.212276529949136,,56.53889397893065,#000000,,57.26728763466595,,36.053172923847725,-7.068044396590352,False,True,False,True,False,0.0,0.0,0.0,0.0,0.0,0,,,False,False,False,False,,,False,False,False,False,95486.0,35960.71117740815,False,False,False,False,67287.55299102455,False,False,False,False
2024-05-10 17:00:00+00:00,56.47,56.695,56.39,56.61,39442.0,,,,,,,56.375562926016016,58.00769985235685,,,,,,,,55.385957564551624,,56.589740114308164,#000000,,57.268569082876986,,38.745228769952405,-7.068044396590352,False,True,False,True,True,0.0,0.0,0.0,0.0,0.0,0,,,False,False,False,False,,,False,False,False,False,134928.0,37495.08774830104,False,False,False,False,66855.8389911637,False,False,False,False
2024-05-13 17:00:00+00:00,56.945,56.985,56.565,56.755,25606.0,,,,,,,56.3971507679781,57.986477476640054,,,,,,,,55.49231844560229,,56.625315563406815,#000000,,57.27359149288139,,41.0915700453365,-7.068044396590352,False,True,False,True,True,0.0,0.0,0.0,0.0,0.0,0,,,False,False,False,False,,,False,False,False,False,160534.0,39402.6677832111,False,False,False,False,66216.30660370381,False,False,False,False
2024-05-14 17:00:00+00:00,56.82,56.93,56.64,56.705,44093.0,,,,,,,56.42837931643037,57.95130111941922,,,,,,,,55.640429708539514,,56.6733700481297,#000000,,57.27726640448625,,42.48242568323085,-7.068044396590352,False,False,False,True,True,0.0,0.0,0.0,0.0,0.0,0,,,False,False,False,False,,,False,False,False,False,116441.0,40597.060530758215,False,False,False,False,65873.309602096,False,False,False,False
2024-05-15 17:00:00+00:00,56.895,57.1,56.85,56.89,49025.0,,,,,,,56.4738341726372,57.92029532770448,,,,,,,,55.79078251393062,,56.72830400475743,#000000,,57.2871697860862,,44.23346545389446,-13.47453366404185,False,False,False,True,True,0.0,0.0,0.0,0.0,0.0,0,,,False,False,False,False,,,False,False,False,False,165466.0,42533.01308066894,False,False,False,False,65612.09549973792,False,False,False,False
2024-05-16 17:00:00+00:00,56.91,57.01,56.73,56.875,46604.0,,,,,,,56.50444945692887,57.890406850681224,,,,,,,,55.89738773409745,,56.764081347235845,#000000,,57.28887535361581,,45.335560325861955,-11.918728860606876,False,False,False,True,True,0.0,0.0,0.0,0.0,0.0,0,,,False,False,False,False,,,False,False,False,False,118862.0,43716.40822670508,False,False,False,False,65317.39634470322,False,False,False,False
2024-05-17 17:00:00+00:00,57.255,57.345,57.055,57.235,25891.0,,,,,,,56.533445261735466,57.87982678789637,,,,,,,,55.96566014934007,,56.7929773996573,#000000,,57.286861407427885,,47.81377488065009,-9.107789837699613,True,False,False,False,True,0.0,0.0,0.0,0.0,0.0,0,,,False,False,False,False,,,False,False,False,False,144753.0,45282.867013887946,False,False,False,False,64706.13438587061,False,False,False,False
2024-05-20 17:00:00+00:00,57.145,57.2,56.805,56.81,7225.0,,,,,,,56.538025264267574,57.87574917496101,,,,,,,,55.97955850341481,,56.7977776475478,#000000,,57.27963320177068,,47.409039506708204,-9.063192500705455,True,False,False,True,True,0.0,0.0,0.0,0.0,0.0,0,,,False,False,False,False,,,False,False,False,False,137528.0,46713.02411444782,False,False,False,False,63814.954007795095,False,False,False,False
2024-05-21 17:00:00+00:00,56.945,56.945,56.66,56.87,17418.0,,,,,,,56.54564342391964,57.86489149208224,,,,,,,,56.00771197776664,,56.80608229792284,#000000,,57.26423254601639,,47.46377052495741,-8.467472368985554,True,False,False,True,True,0.0,0.0,0.0,0.0,0.0,0,,,False,False,False,False,,,False,False,False,False,154946.0,48391.054748332346,False,False,False,False,63095.621387519204,False,False,False,False
2024-05-22 17:00:00+00:00,56.59,56.67,55.99,56.115,55502.0,,,,,,,56.523235469493954,57.81367906210776,,,,,,,,56.03175440461375,,56.789556312071824,#000000,,57.18295143339366,,44.24688599942586,-8.467472368985554,False,False,False,True,False,0.0,0.0,0.0,0.0,0.0,0,,,False,False,False,False,,,False,False,False,False,99444.0,49182.573279365955,False,False,False,False,62977.89082337162,False,False,False,False
2024-05-23 17:00:00+00:00,55.14,55.19,54.59,55.005,61883.0,,,,,,,56.39564008206661,57.71464791595373,,,,,,,,55.92513600741986,,56.67847466848007,#000000,,57.01175478510966,,38.90888520223413,-5.2821924131827345,False,True,False,True,False,0.0,0.0,0.0,0.0,0.0,0,,,False,False,False,False,,,False,False,False,False,37561.0,49002.39384867811,False,False,False,False,62960.91577184648,False,False,False,False
2024-05-24 17:00:00+00:00,56.525,56.77,56.435,56.545,15230.0,,,,,,,56.399264266491535,57.705171746954136,,,,,,,,55.94042464256826,,56.681620218671306,#000000,,57.014994265098714,,42.12938011498312,-5.2821924131827345,False,False,False,True,True,0.0,0.0,0.0,0.0,0.0,0,,,False,False,False,False,,,False,False,False,False,52791.0,49061.13192854357,False,False,False,False,62220.901573833355,False,False,False,False
2024-05-27 17:00:00+00:00,56.545,56.545,56.545,56.545,0.0,,,,,,,56.399264266491535,57.705171746954136,,,,,,,,55.94042464256826,,56.681620218671306,#000000,,57.014994265098714,,44.27637672348245,-5.2821924131827345,False,False,False,True,True,0.0,0.0,0.0,0.0,0.0,0,,,False,False,False,False,,,False,False,False,False,52791.0,49118.95934050413,False,False,False,False,61256.23643315377,False,False,False,False
2024-05-28 17:00:00+00:00,55.61,55.64,55.41,55.535,12037.0,,,,,,,56.3861728678734,57.6908555276423,,,,,,,,55.93299575414475,,56.67000804988681,#000000,,56.99952739099842,,42.624642646808525,-5.2821924131827345,False,False,False,True,True,0.0,0.0,0.0,0.0,0.0,0,,,False,False,False,False,,,False,False,False,False,40754.0,48989.27004840329,False,False,False,False,60493.14749620565,False,False,False,False
2024-05-29 17:00:00+00:00,54.73,54.84,54.58,54.665,20892.0,,,,,,,56.343173022976174,57.657044722083256,,,,,,,,55.895435294988964,,56.631884346682796,#000000,,56.70103761375567,,39.48156236909276,-5.2821924131827345,False,True,False,True,False,0.0,0.0,0.0,0.0,0.0,0,,,False,False,False,False,,,False,False,False,False,19862.0,48537.6844662575,False,False,False,False,59879.176217194705,False,False,False,False
2024-05-30 17:00:00+00:00,54.97,55.295,54.775,54.95,15661.0,,,,,,,56.31817591780937,57.634810433246706,,,,,,,,55.875671363775545,,56.60955257161054,"rgba(239, 83, 80, 0.5)",1.7828279034537646,56.69176832229871,-0.9769694085023469,38.59524944740337,-5.407084754363041,False,True,False,True,False,0.0,0.0,0.0,0.0,0.0,0,,,False,False,False,False,,,False,False,False,False,35523.0,48335.90641251708,False,False,False,False,59193.623097548276,False,False,False,False
2024-05-31 17:00:00+00:00,55.13,55.87,55.105,55.86,19746.0,,,,,,,56.30189894650543,57.61363500202041,,,,,,,,55.86847112627972,,56.594668358268514,#000000,1.7987430095526227,56.70626609632362,-0.4704763781314697,41.44134481105516,-5.407084754363041,False,False,False,True,False,0.0,0.0,0.0,0.0,0.0,0,,,False,False,False,False,,,False,False,False,False,55269.0,48443.396235578824,False,False,False,False,58582.03204177233,False,False,False,False
2024-06-03 17:00:00+00:00,55.115,55.32,54.925,55.31,22928.0,,,,,,,56.27279904895236,57.58447359109351,,,,,,,,55.847491276595825,,56.56825463888057,"rgba(239, 83, 80, 0.5)",1.82410353645612,56.681306337321494,-0.7517700119071502,41.769407770796526,-5.407084754363041,False,False,False,True,True,0.0,0.0,0.0,0.0,0.0,0,,,False,False,False,False,,,False,False,False,False,32341.0,48193.74668153884,False,False,False,False,58029.25635120221,False,False,False,False
2024-06-04 17:00:00+00:00,54.85,55.745,54.775,55.635,28086.0,,,,,,,56.245340862623486,57.55259145352784,,,,,,,,55.830731090131074,,56.54288780209413,"rgba(239, 83, 80, 0.5)",1.8438009678403524,56.66255720756175,-0.5573037575554203,43.18311557241617,-5.407084754363041,False,False,False,True,True,0.0,0.0,0.0,0.0,0.0,0,,,False,False,False,False,,,False,False,False,False,60427.0,48383.40952368553,False,False,False,False,57565.01981862543,False,False,False,False
2024-06-05 17:00:00+00:00,55.49,55.985,55.425,55.965,20601.0,,,,,,,56.23527716910071,57.534065749390074,,,,,,,,55.82971959954281,,56.53302083934454,#000000,1.8571795262690152,56.66265506644382,-0.37565300315655037,45.320643746533015,-10.032053558403518,True,False,False,True,True,0.0,0.0,0.0,0.0,0.0,0,,,False,False,False,False,,,False,False,False,False,81028.0,48889.527205488856,False,False,False,False,56991.93424004209,False,False,False,False
2024-06-06 17:00:00+00:00,55.91,56.265,55.89,56.045,33467.0,,,,,,,56.2294123934955,57.50940814297657,,,,,,,,55.83928417990303,,56.52603490545837,#000000,1.8621713011844439,56.67180583369733,-0.3365994488791887,47.04453132704481,-8.16691549973514,True,False,False,True,True,0.0,0.0,0.0,0.0,0.0,0,,,False,False,False,False,,,False,False,False,False,114495.0,49906.66631858205,False,False,False,False,56627.20657740578,False,False,False,False
2024-06-07 17:00:00+00:00,55.695,55.805,55.57,55.585,11183.0,,,,,,,56.22279370674512,57.49904460653666,,,,,,,,55.83680940582078,,56.51954923970086,"rgba(239, 83, 80, 0.5)",1.8671315572964484,56.66633999443722,-0.5791450474989404,46.45696012619827,-8.16691549973514,True,False,False,True,True,0.0,0.0,0.0,0.0,0.0,0,,,False,False,False,False,,,False,False,False,False,103312.0,50734.6559880614,False,False,False,False,55922.64523512041,False,False,False,False
2024-06-10 17:00:00+00:00,55.36,55.435,55.16,55.225,17922.0,,,,,,,56.20562763529515,57.47930490590999,,,,,,,,55.82504214266514,,56.50332489462343,"rgba(239, 83, 80, 0.5)",1.886579611527337,56.64781367440049,-0.7541763229639727,44.80809951705554,-8.16691549973514,True,False,False,True,True,0.0,0.0,0.0,0.0,0.0,0,,,False,False,False,False,,,False,False,False,False,85390.0,51271.94814328525,False,False,False,False,55333.48794465343,False,False,False,False
2024-06-11 17:00:00+00:00,54.73,54.84,54.64,54.81,17252.0,,,,,,,56.18095545499044,57.45631390214255,,,,,,,,55.80411959743276,,56.48046298485525,"rgba(239, 83, 80, 0.5)",1.9140185780491064,56.618968552856785,-0.9451154620978666,42.35998487443718,-8.16691549973514,False,False,False,True,False,0.0,0.0,0.0,0.0,0.0,0,,,False,False,False,False,,,False,False,False,False,68138.0,51533.43731935834,False,False,False,False,54743.07727884485,False,False,False,False
2024-06-12 17:00:00+00:00,55.57,55.595,55.09,55.175,11889.0,,,,,,,56.17053593875153,57.443730398850164,,,,,,,,55.797186495472765,,56.47048427769149,"rgba(239, 83, 80, 0.5)",1.933820263315807,56.608263001474334,-0.7411562639315848,42.56170979926377,-8.16691549973514,False,False,False,True,False,0.0,0.0,0.0,0.0,0.0,0,,,False,False,False,False,,,False,False,False,False,80027.0,51975.19798107371,False,False,False,False,54078.67297994803,False,False,False,False
2024-06-13 17:00:00+00:00,54.11,54.44,54.11,54.29,50979.0,,,,,,,56.08058032812794,57.36696075374765,,,,,,,,55.714757281484395,,56.38743278778666,"rgba(239, 83, 80, 1.0)",1.963594259111189,56.50560807571745,-1.1283431215165254,39.92458991579936,-5.621128896144313,False,True,False,True,False,0.0,0.0,0.0,0.0,0.0,0,,,False,False,False,False,,,False,False,False,False,29048.0,51619.73754725861,False,False,False,False,54030.616034522485,False,False,False,False
2024-06-14 17:00:00+00:00,54.06,54.285,53.865,54.27,16799.0,,,,,,,56.05062250005359,57.34136210839006,,,,,,,,55.68705972928214,,56.3596814459086,"rgba(239, 83, 80, 1.0)",1.990449218164104,56.47265016492199,-1.1066095757788807,38.109960339066376,-7.465529902472149,False,True,False,True,False,0.0,0.0,0.0,0.0,0.0,0,,,False,False,False,False,,,False,False,False,False,12249.0,51009.33851551817,False,False,False,False,53453.3816773981,False,False,False,False
2024-06-17 17:00:00+00:00,53.725,53.875,53.69,53.845,26515.0,,,,,,,55.99716721613938,57.29761101451953,,,,,,,53.80333333333334,55.63617802702306,,55.68357239775383,"rgba(239, 83, 80, 1.0)",2.0355644280003866,56.153119546431164,-1.133896581548401,35.69589539066425,-9.834222461313232,False,True,False,True,False,0.0,0.0,0.0,0.0,0.0,0,,,False,False,False,False,,,False,False,False,False,-14266.0,49997.31776333959,True,False,False,False,53035.73234906635,False,False,False,False
2024-06-18 17:00:00+00:00,54.21,54.255,53.955,54.23,15378.0,,,,,,,55.9719858821579,57.2751735953544,,,,,,,53.92936345769778,55.61320358178334,,55.697431629248356,"rgba(239, 83, 80, 0.5)",2.0667818981243316,56.141897923132625,-0.9250603195565698,36.30985277187611,-9.834222461313232,False,True,False,True,False,0.0,0.0,0.0,0.0,0.0,0,,,False,False,False,False,,,False,False,False,False,1112.0,49239.405860032,False,False,False,False,52451.89153745291,False,False,False,False
2024-06-19 17:00:00+00:00,54.23,54.23,54.23,54.23,0.0,,,,,,,55.9719858821579,57.2751735953544,,,,,,,53.92936345769778,55.61320358178334,,55.697431629248356,"rgba(239, 83, 80, 0.5)",2.0781601075067417,56.141897923132625,-0.9199954884257759,36.71915769268401,-9.834222461313232,False,True,False,True,False,0.0,0.0,0.0,0.0,0.0,0,,,False,False,False,False,,,False,False,False,False,1112.0,48493.24452886871,False,False,False,False,51638.68391671721,False,False,False,False
2024-06-20 17:00:00+00:00,54.05,54.075,53.885,54.025,36455.0,,,,,,,55.91020390820243,57.2207212919817,,,,,,,53.95990386906282,55.556122088228264,,55.6617377893688,"rgba(239, 83, 80, 0.5)",2.0830285319373,56.08697689159213,-0.9898937340404118,36.228133497894106,-9.834222461313232,False,True,False,True,False,0.0,0.0,0.0,0.0,0.0,0,,,False,False,False,False,,,False,False,False,False,-35343.0,47193.45779198702,False,False,False,False,51403.277964520035,False,False,False,False
2024-06-21 17:00:00+00:00,54.15,54.255,54.005,54.02,13529.0,,,,,,,55.88937420784863,57.20157245316858,,,,,,,53.97955151996692,55.53722025415028,,55.651929608783604,"rgba(239, 83, 80, 0.5)",2.0940537715632317,56.0697870200044,-0.9788607378855456,35.881136078148536,-10.44625008370371,False,True,False,True,False,0.0,0.0,0.0,0.0,0.0,0,,,False,False,False,False,,,False,False,False,False,-48872.0,45704.070849475596,False,False,False,False,50816.07985654298,False,False,False,False
2024-06-24 17:00:00+00:00,54.945,55.22,54.775,55.22,18173.0,,,,,,,55.87697251941735,57.184197459236145,,,,,,,54.159896895350606,55.52927734826683,,55.687586055567735,#000000,2.0769569150627616,56.077907031447225,-0.4130596187265165,42.37034030101679,-11.626792936256138,False,False,False,True,True,0.0,0.0,0.0,0.0,0.0,0,,,False,False,False,False,,,False,False,False,False,-30699.0,44519.5271153752,False,False,False,False,50309.98559520123,False,False,False,False
2024-06-25 17:00:00+00:00,54.735,54.82,54.64,54.705,16473.0,,,,,,,55.86130515328859,57.16612187167941,,,,,,,54.23303801153415,55.5169776964813,,55.69436068324586,"rgba(239, 83, 80, 0.5)",2.0664668241070627,56.07161885181216,-0.661331135767297,44.287351876729915,-9.949289604063516,True,False,False,True,True,0.0,0.0,0.0,0.0,0.0,0,,,False,False,False,False,,,False,False,False,False,-47172.0,43097.95305157093,False,False,False,False,49785.38116736865,False,False,False,False
2024-06-26 17:00:00+00:00,54.57,54.725,54.485,54.695,9147.0,,,,,,,55.852139878471924,57.15584731067698,,,,,,,54.26013866981156,55.5095816926953,,55.69442688791394,"rgba(239, 83, 80, 0.5)",2.044944762354494,56.06627614202114,-0.6705687934779655,45.51973513440731,-8.823964288775244,True,False,False,True,True,0.0,0.0,0.0,0.0,0.0,0,,,False,False,False,False,,,False,False,False,False,-56319.0,41556.604942244245,False,False,False,False,49155.328746169136,False,False,False,False
2024-06-27 17:00:00+00:00,54.74,55.055,54.74,54.86,11468.0,,,,,,,55.84316156653671,57.14434877593496,,,,,,,54.30884063486886,55.50308345422207,,55.69985860789065,"rgba(239, 83, 80, 0.5)",2.0338673541837506,56.06350686143605,-0.5917332115884498,47.210852601118994,-7.196727674936469,True,False,False,False,True,0.0,0.0,0.0,0.0,0.0,0,,,False,False,False,False,,,False,False,False,False,-44851.0,40216.952152442005,False,False,False,False,48571.029075685896,False,False,False,False
2024-06-28 17:00:00+00:00,55.115,55.185,54.745,54.96,16347.0,,,,,,,55.83167092229744,57.12871944834597,,,,,,,54.37428389964422,55.49519565230345,,55.70746748064777,"rgba(239, 83, 80, 0.5)",2.0193251972508657,56.060348164489746,-0.544908846771076,48.88277404084878,-5.556578913976104,True,False,False,False,True,0.0,0.0,0.0,0.0,0.0,0,,,False,False,False,False,,,False,False,False,False,-28504.0,39151.51103379949,False,False,False,False,48071.43172567526,False,False,False,False
2024-07-01 17:00:00+00:00,54.825,54.93,54.51,54.53,4240.0,,,,,,,55.82770407896499,57.12413316784838,,,,,,,54.38142238783725,55.4920292502345,,55.70632222122128,"rgba(239, 83, 80, 0.5)",2.0229811981152777,56.0575593199995,-0.7551030733368441,47.596925984027706,-5.556578913976104,True,False,False,True,True,0.0,0.0,0.0,0.0,0.0,0,,,False,False,False,False,,,False,False,False,False,-32744.0,38036.85194800415,False,False,False,False,47391.87464465704,False,False,False,False
2024-07-02 17:00:00+00:00,54.74,55.35,54.7,55.285,9739.0,,,,,,,55.82219428848641,57.115593651463115,,,,,,,54.42149727080799,55.48875852810265,,55.71201093471504,#000000,2.009343158330086,56.0570167574288,-0.38421349495643387,50.662391989940865,-3.860085770324808,True,False,False,False,True,0.0,0.0,0.0,0.0,0.0,0,,,False,False,False,False,,,False,False,False,False,-23005.0,37090.46664648471,False,False,False,False,46808.10914629026,False,False,False,False
2024-07-03 17:00:00+00:00,55.7,55.7,55.7,55.7,0.0,,,,,,,55.82219428848641,57.115593651463115,,,,,,,54.42149727080799,55.48875852810265,,55.71201093471504,#000000,1.9788275079719053,56.0570167574288,-0.1804183315577114,54.3896279007031,-0.39621328649329257,True,False,True,False,True,0.0,0.0,0.0,0.0,0.0,0,,,False,False,False,False,,,False,False,False,False,-23005.0,36158.7539852989,False,False,False,False,46082.40202774313,False,False,False,False
2024-07-04 17:00:00+00:00,55.7,55.7,55.7,55.7,0.0,,,,,,,55.82219428848641,57.115593651463115,,,,,,,54.42149727080799,55.48875852810265,,55.71201093471504,#000000,1.9459271001965293,56.0570167574288,-0.18346872161487346,56.874451841211254,1.8630093142162494,True,False,True,False,True,0.0,0.0,0.0,0.0,0.0,0,,,False,False,False,False,,,False,False,False,False,-23005.0,35241.486481650856,False,False,False,False,45367.946182351756,False,False,False,False
2024-07-05 17:00:00+00:00,55.41,55.655,55.205,55.235,13508.0,,,,,,,55.81736629918648,57.10535086507229,,,,,,,54.488233938308596,55.48729988648329,,55.72456274726267,#000000,1.923721283496279,56.060024961216186,-0.42886927971017713,55.5995701116725,1.8630093142162494,True,False,True,False,True,0.0,0.0,0.0,0.0,0.0,0,,,False,False,False,False,,,False,False,False,False,-36513.0,34129.01382302061,False,False,False,False,44873.9935283618,False,False,False,False
2024-07-08 17:00:00+00:00,55.555,55.67,55.41,55.63,27014.0,,,,,,,55.81225033226762,57.08759319508577,,,,,,,54.622292219072186,55.489204292724985,,55.752835009787646,#000000,1.898309805357679,56.07011137730215,-0.2318438097195728,56.621959001448744,1.8630093142162494,True,False,True,False,True,0.0,0.0,0.0,0.0,0.0,0,,,False,False,False,False,,,False,False,False,False,-9499.0,33452.610507935016,False,False,False,False,44597.09440389108,False,False,False,False
2024-07-09 17:00:00+00:00,55.72,55.89,55.72,55.89,19849.0,,,,,,,55.81256591944595,57.07702403523535,,,,,,,54.723362099775066,55.49493011302511,,55.77697054187037,#000000,1.867791013542538,56.081350457286284,-0.102447466498599,58.42480569722701,3.4535688687546937,True,False,True,False,True,0.0,0.0,0.0,0.0,0.0,0,,,False,False,False,False,,,False,False,False,False,10350.0,33094.43050006005,False,False,False,False,44213.40301778424,False,False,False,False
2024-07-10 17:00:00+00:00,55.565,55.82,55.565,55.8,12185.0,,,,,,,55.81179894411189,57.070083205255415,,,,,,,54.77234047942833,55.49729002974768,,55.78787816463583,#000000,1.8099402881992646,56.08589293543721,-0.1579571090279723,58.99154615590876,4.198485659265764,True,False,True,False,True,0.0,0.0,0.0,0.0,0.0,0,,,False,False,False,False,,,False,False,False,False,-1835.0,32552.888941919584,False,False,False,False,43716.83862991162,False,False,False,False
2024-07-11 17:00:00+00:00,56.08,56.335,56.005,56.295,14831.0,,,,,,,55.81618198807968,57.064739652106525,,,,,,,54.852939180897955,55.50597463235312,,55.80995886335933,#000000,1.7542218905946394,56.09841659381091,0.1120630219261798,61.49222318816466,6.754850260532564,True,False,True,False,True,0.0,0.0,0.0,0.0,0.0,0,,,False,False,False,False,,,False,False,False,False,12996.0,32249.681361424704,False,False,False,False,43268.99617053314,False,False,False,False
2024-07-12 17:00:00+00:00,56.89,56.92,56.72,56.73,22531.0,,,,,,,55.832132511663005,57.06216584665976,,,,,,,55.00480644229633,55.52925869304578,,55.85709087341621,#000000,1.6951041372246207,56.12877924445104,0.35468071981307986,64.68238798831293,9.851133541938253,True,False,True,False,True,0.0,0.0,0.0,0.0,0.0,0,,,False,False,False,False,,,False,False,False,False,35527.0,32300.492503108042,False,False,False,False,42947.47685005976,False,False,False,False
2024-07-15 17:00:00+00:00,57.17,57.435,57.08,57.255,21575.0,,,,,,,55.85413042912924,57.06389513576272,,,,,,,55.16205772432195,55.55874184513749,,55.90970628358785,"rgba(38, 166, 154, 0.5)",1.640018506817131,56.164883583525025,0.664697631120409,68.31608850111007,13.254630009315434,True,False,True,False,True,1.6322655858895168,0.0,0.0,0.0,0.0,0,,,False,False,False,False,,,False,False,False,False,57102.0,32685.011999183887,False,False,False,False,42616.12061982627,False,False,False,False
2024-07-16 17:00:00+00:00,57.935,58.4,57.895,58.4,34347.0,,,,,,,55.91117659009863,57.08019327710379,,,,,,,55.4691670453398,55.62944856526795,,56.02249636945254,"rgba(38, 166, 154, 1.0)",1.619638548265327,56.24751723385201,1.3289895874936741,72.99380940132455,17.519706570111467,True,False,True,False,True,5.91040968938751,0.0,0.0,0.0,0.0,0,,,False,False,False,False,,,False,False,False,False,91449.0,33596.08158059189,False,False,False,False,42487.91719936385,False,False,False,False
2024-07-17 17:00:00+00:00,58.16,58.655,58.15,58.445,19225.0,,,,,,,55.944379468617505,57.09055277151488,,,,,,,55.62547365865904,55.67011529163668,,56.082630297607025,"rgba(38, 166, 154, 1.0)",1.594009048546098,56.48591551462228,1.2290297142068367,76.18350083324685,20.345300594862252,True,False,True,False,True,6.071596488802619,0.0,0.0,0.0,0.0,0,,,False,False,False,False,,,False,False,False,False,110674.0,34791.08806771449,False,False,False,False,42127.251816427975,False,False,False,False
2024-07-18 17:00:00+00:00,58.45,58.48,57.83,58.095,13691.0,,,,,,,55.96485992538518,57.0962865750912,,,,,,,55.71679768486525,55.69546333442245,,56.11835187994102,"rgba(38, 166, 154, 1.0)",1.5571787320675792,56.49995823853763,1.024315146755515,75.6744897399973,20.345300594862252,True,False,True,False,True,4.597767159971614,0.0,0.0,0.0,0.0,0,,,False,False,False,False,,,False,False,False,False,96983.0,35755.303756587135,False,False,False,False,41686.37969524304,False,False,False,False
2024-07-19 17:00:00+00:00,57.97,58.175,57.88,57.895,24455.0,,,,,,,55.99801388305856,57.104900427024965,,,,,,,55.85513456458894,55.73673068469304,,56.17369488984138,"rgba(38, 166, 154, 0.5)",1.528847287019543,56.52639147308373,0.8951898195040465,73.89200288859655,20.345300594862252,True,False,True,False,False,3.762864494995508,0.0,0.0,0.0,0.0,0,,,False,False,False,False,,,False,False,False,False,72528.0,36325.42307819043,False,False,False,False,41419.22652167338,False,False,False,False
2024-07-22 17:00:00+00:00,58.155,58.245,58.08,58.195,48999.0,,,,,,,56.0673233133749,57.12529191350002,,,,,,,56.107738498705,55.82171931514269,,56.28051826018064,"rgba(38, 166, 154, 1.0)",1.5179435086641022,56.603398817957604,1.0485246472993701,73.58533698270324,20.345300594862252,True,False,True,False,False,4.888478625742469,0.0,0.0,0.0,0.0,0,,,False,False,False,False,,,False,False,False,False,121527.0,37646.377759148716,False,False,False,False,41536.74238955441,False,False,False,False
2024-07-23 17:00:00+00:00,58.16,58.325,57.985,58.03,40495.0,,,,,,,56.119816552085624,57.140634348065284,,,,,,,56.27342943964226,55.88592739443135,,56.35495193355613,"rgba(38, 166, 154, 0.5)",1.4980242333165352,56.656685868613344,0.9167502773611493,72.10945515714116,20.345300594862252,True,False,True,False,False,4.1862645045038995,0.0,0.0,0.0,0.0,0,,,False,False,False,False,,,False,False,False,False,81032.0,38319.02306520843,False,False,False,False,41520.59134475512,False,False,False,False
2024-07-24 17:00:00+00:00,57.88,57.885,57.445,57.5,56205.0,,,,,,,56.17105698114807,57.150536814895716,,,,,,,56.41092124625258,55.95046433129601,,56.4207448433981,"rgba(38, 166, 154, 0.5)",1.4970918505586082,56.692070339148174,0.5396660602690239,67.46299012489763,22.995309014963397,True,False,True,False,False,1.9687538608359816,0.0,0.0,0.0,0.0,0,,,False,False,False,False,,,False,False,False,False,24827.0,38109.844413034654,False,False,False,False,41748.25659522403,False,False,False,False
2024-07-25 17:00:00+00:00,58.115,58.145,57.815,57.895,13972.0,,,,,,,56.186148358300926,57.15471653177249,,,,,,,56.44933910774178,55.96891468998541,,56.439779671950156,"rgba(38, 166, 154, 0.5)",1.498593313383891,56.70615914559451,0.7933045235074719,66.00439929598312,21.530124954884016,True,False,True,False,False,3.4916413429424686,0.0,0.0,0.0,0.0,0,,,False,False,False,False,,,False,False,False,False,38799.0,38120.5289957783,False,False,False,False,41317.61695808878,False,False,False,False
2024-07-26 17:00:00+00:00,58.09,58.265,57.93,58.19,15873.0,,,,,,,56.204670429563876,57.160453281824346,,,,,,,56.495590056326975,55.99129808389285,,56.46300296290201,"rgba(38, 166, 154, 0.5)",1.5128901938801533,56.72460586389513,0.968605746823258,66.13800489588736,21.45184242047715,True,False,True,False,False,4.61022261060814,0.0,0.0,0.0,0.0,0,,,False,False,False,False,,,False,False,False,False,54672.0,38377.140949332126,False,False,False,False,40923.126772692056,False,False,False,False
2024-07-29 17:00:00+00:00,57.76,57.94,57.715,57.76,7913.0,,,,,,,56.212242779799574,57.16234101497108,,,,,,,56.51332810335108,56.00062200868346,,56.472133476701295,"rgba(38, 166, 154, 0.5)",1.5214883123720255,56.73095456349936,0.676341335081529,63.38350256210933,18.624628413134204,True,False,True,False,False,2.8000867284370727,0.0,0.0,0.0,0.0,0,,,False,False,False,False,,,False,False,False,False,46759.0,38507.09225244325,False,False,False,False,40411.341861487526,False,False,False,False
2024-07-30 17:00:00+00:00,59.18,59.205,58.88,59.04,27758.0,,,,,,,56.25844010477937,57.18145257486928,,,,,,,56.6280245714099,56.054491216258604,,56.530602116829286,"rgba(38, 166, 154, 1.0)",1.552314697127779,56.7856184555862,1.452270952909896,65.77095832673044,18.624628413134204,True,False,True,False,True,7.464428416755936,0.0,0.0,0.0,0.0,0,,,False,False,False,False,,,False,False,False,False,74517.0,39065.38539581623,False,False,False,False,40215.16601867377,False,False,False,False
2024-07-31 17:00:00+00:00,59.235,59.53,59.005,59.025,16607.0,,,,,,,56.28676737615339,57.19357874246469,,,,,,,56.695632482467445,56.08733766962276,,56.56582906767707,"rgba(38, 166, 154, 1.0)",1.5809682915032572,57.01589481010166,1.270806758551739,67.26971087362884,18.624628413134204,True,False,True,False,True,7.400772294773471,0.0,0.0,0.0,0.0,0,,,False,False,False,False,,,False,False,False,False,57910.0,39357.549963322956,False,False,False,False,39849.147940864874,False,False,False,False
2024-08-01 17:00:00+00:00,58.21,58.23,57.755,58.105,34964.0,,,,,,,56.32156334033814,57.20409408252252,,,,,,,56.765952856812,56.1293024866714,,56.605228191586015,"rgba(38, 166, 154, 0.5)",1.589915579378207,56.97739835205238,0.709221082284509,63.25238856062397,18.556494898918473,True,False,True,False,False,3.6033818905931874,0.0,0.0,0.0,0.0,0,,,False,False,False,False,,,False,False,False,False,22946.0,39103.107328232676,False,False,False,False,39773.40921309953,False,False,False,False
2024-08-02 17:00:00+00:00,56.835,56.85,56.495,56.68,28763.0,,,,,,,56.3272731913289,57.19867811866342,,,,,,,56.762173622026026,56.13883051798485,,56.6067388625008,#000000,1.5781602300500734,56.91685284723095,-0.15008162208183015,55.571871367709846,11.528278709349564,False,False,True,False,False,0.0,0.0,0.0,0.0,0.0,0,,,False,False,False,False,,,False,False,False,False,-5817.0,38406.671555701934,False,False,False,False,39602.70519429178,False,False,False,False
2024-08-05 17:00:00+00:00,56.045,56.125,55.695,55.82,16649.0,,,,,,,56.32312940151049,57.19091082055689,,,,,,55.88,56.74145438369544,56.13624079420444,,56.454347079993454,"rgba(239, 83, 80, 0.5)",1.5590311209324927,56.79859136289353,-0.6276920003419904,48.36354196962162,5.219998599545505,False,True,False,True,False,0.0,0.0,0.0,0.0,0.0,0,,,False,False,False,False,,,False,False,False,False,-22466.0,37462.909206001124,False,False,False,False,39246.83379593067,False,False,False,False
2024-08-06 17:00:00+00:00,55.98,56.395,55.8,56.145,24049.0,,,,,,,56.320358904339756,57.181819874124805,,,,,,56.01787983029469,56.72084416440859,56.13591443789442,,56.47536344221245,#000000,1.530270319993249,56.7745224387302,-0.4113798918435376,44.92560690779028,2.4276303232022087,False,True,False,True,False,0.0,0.0,0.0,0.0,0.0,0,,,False,False,False,False,,,False,False,False,False,1583.0,36906.63154389258,False,False,False,False,39011.2084657612,False,False,False,False
2024-08-07 17:00:00+00:00,56.075,56.23,55.76,55.9,36732.0,,,,,,,56.313300042953,57.16631856283984,,,,,,55.992003530070164,56.68469170129262,56.13223901867437,,56.457710571166004,"rgba(239, 83, 80, 0.5)",1.5063903457848704,56.72766527160926,-0.5494361231968906,41.998958419631094,-0.09327151004518441,False,True,False,True,False,0.0,0.0,0.0,0.0,0.0,0,,,False,False,False,False,,,False,False,False,False,-35149.0,35789.48996956867,False,False,False,False,38975.87190040056,False,False,False,False
2024-08-08 17:00:00+00:00,56.54,56.82,56.41,56.625,11375.0,,,,,,,56.31515630146422,57.164168179984564,,,,,,56.07222988570464,56.68372525006541,56.13542384829061,,56.47414069310189,#000000,1.470894276613027,56.730511560081816,-0.07173293265153836,43.087391163459166,-0.09327151004518441,False,True,False,True,False,0.0,0.0,0.0,0.0,0.0,0,,,False,False,False,False,,,False,False,False,False,-23774.0,34866.025008800156,False,False,False,False,38547.95140582071,False,False,False,False
2024-08-09 17:00:00+00:00,56.87,57.1,56.815,57.04,15534.0,,,,,,,56.32067710552345,57.16321314656323,,,,,,56.208123185002734,56.68960049403919,56.14295794756036,,56.50491437573779,#000000,1.4275035002560346,56.742788779347556,0.20820349694353504,45.349550181024824,-0.09327151004518441,False,True,False,True,True,0.0,0.0,0.0,0.0,0.0,0,,,False,False,False,False,,,False,False,False,False,-8240.0,34197.71454354744,False,False,False,False,38191.14595766846,False,False,False,False
2024-08-12 17:00:00+00:00,57.09,57.255,56.99,57.13,16593.0,,,,,,,56.32769641173497,57.16299680182157,,,,,,56.33392724837099,56.69848511642703,56.152173177452234,,56.53505575116136,#000000,1.3857033859646375,56.756653871680626,0.2694271603150314,47.194051815673355,-0.09327151004518441,False,True,False,True,True,0.19600330387183718,0.0,0.0,0.0,0.0,0,,,False,False,False,False,,,False,False,False,False,8353.0,33797.02129481027,False,False,False,False,37856.290981580576,False,False,False,False
2024-08-13 17:00:00+00:00,57.77,57.95,57.725,57.8,15322.0,,,,,,,56.33966597849322,57.16643966416817,,,,,,56.50160098052168,56.71931905655109,56.166543637851596,,56.57871386351716,"rgba(38, 166, 154, 0.5)",1.3497396078536763,56.78345603956911,0.7531407943546764,50.78599985816675,-6.887621737909214,False,True,False,False,True,2.5443749384585175,0.0,0.0,0.0,0.0,0,,,False,False,False,False,0.052787619967443876,0.052787619967443876,False,False,False,False,23675.0,33640.090732100034,False,False,False,False,37506.92212915297,False,False,False,False
2024-08-14 17:00:00+00:00,57.69,57.955,57.575,57.9,10829.0,,,,,,,56.34792656054284,57.16879649469654,,,,,,56.59793198398184,56.73339136136519,56.176461588559796,,56.60490159782925,"rgba(38, 166, 154, 0.5)",1.3324832875918928,56.80000343740278,0.8255237216409438,53.51202391577963,-4.089892132179898,False,False,True,False,True,2.8891546737474663,0.0,0.0,0.0,0.0,0,0.877653462352586,0.8264287874206234,False,False,False,False,0.045927862761832486,0.04935774136463818,False,False,False,False,34504.0,33653.48467423802,False,False,False,False,37093.31093335214,False,False,False,False
2024-08-15 17:00:00+00:00,58.71,58.895,58.515,58.52,29884.0,,,,,,,56.38297131473125,57.1835494162786,,,,,,56.943334086769475,56.799057832704975,56.21687147331642,,56.70515682476014,"rgba(38, 166, 154, 1.0)",1.3419683741121116,56.871706601991875,1.2282654567762754,57.266550547846634,-0.36084997060669366,False,False,True,False,True,4.996590840600007,0.0,0.0,0.0,0.0,0,0.880960917891718,0.8219194454404213,False,False,False,False,0.13544139164150715,0.09239956650307266,False,False,False,False,64388.0,34129.988787815724,False,False,False,False,36981.53867081955,False,False,False,False
2024-08-16 17:00:00+00:00,58.83,58.975,58.77,58.965,27645.0,,,,,,,56.41807181618779,57.199320917295175,,,,,,57.20814836536144,56.86392219610572,56.25697363483158,,56.78928738595634,"rgba(38, 166, 154, 1.0)",1.3674924180826387,56.935698422769796,1.4839581926717305,60.97445651358609,3.2650513581809193,True,False,True,False,True,6.463548909938677,0.0,0.0,0.0,0.0,0,0.8866435489656828,0.8181274662202564,False,False,False,False,0.15157936433371677,0.12198946541839471,False,False,False,False,92033.0,35027.7098918806,False,False,False,False,36836.78613328747,False,False,False,False
2024-08-19 17:00:00+00:00,59.515,59.57,59.335,59.415,24104.0,,,,,,,56.454326591609295,57.217095218255416,,,,,,57.443359508444246,56.93134654447268,56.297869913195505,,56.86879955519542,"rgba(0, 255, 255, 0.75)",1.4069499309172657,56.99912738167536,1.7170992124429085,64.54787209777427,6.737018622517311,True,False,True,False,True,7.91417571172963,0.0,0.0,0.0,0.0,0,0.8928848333035136,0.8117134848213758,False,False,False,False,0.20812737124996147,0.1650584183341781,False,False,False,False,116137.0,36285.21826564989,False,False,False,False,36639.37859633727,False,False,False,False
2024-08-20 17:00:00+00:00,59.35,59.505,59.28,59.42,14315.0,,,,,,,56.47517775048658,57.22733852527876,,,,,,57.558707620289866,56.96915722984641,56.32137369844703,,56.91035096486972,"rgba(0, 255, 255, 0.75)",1.447121404844926,57.03300005307173,1.6494814733143017,66.9424622059936,9.139656934219843,True,False,True,False,True,7.9302707514547315,0.0,0.0,0.0,0.0,0,0.8886095648530563,0.8173220805650332,False,False,False,False,0.20222237890022815,0.1836403986172031,False,False,False,False,130452.0,37745.16837005842,False,False,False,False,36293.26419949483,False,False,False,False
2024-08-21 17:00:00+00:00,59.645,59.795,59.555,59.77,20408.0,,,,,,,56.50744436936837,57.24380207821542,,,,,,57.72510495788399,57.02761621861821,56.35753020584634,,56.97229956598646,"rgba(0, 255, 255, 0.75)",1.4989406709857225,57.08448655419848,1.7916075651183032,69.41699584906576,11.684000274084973,True,False,True,False,True,9.060275798554265,0.0,0.0,0.0,0.0,0,0.8854897726591091,0.8164477235918667,False,False,False,False,0.23015398438311926,0.20689719150016117,False,False,False,False,150860.0,39498.88668990247,False,False,False,False,36046.981033611184,False,False,False,False
2024-08-22 17:00:00+00:00,58.25,58.72,58.21,58.465,35854.0,,,,,,,56.54119248849317,57.25788444236604,,,,,,57.81374116668282,57.07959309657156,56.39634659332974,,57.017751557488666,"rgba(38, 166, 154, 0.5)",1.5171402626575337,57.122584086749946,0.8848330944026125,64.09988603207202,11.684000274084973,True,False,True,False,False,3.996460521753896,0.0,0.0,0.0,0.0,0,0.8854738601098121,0.8158868465027458,False,False,False,False,0.11243782527448204,0.1596675083873216,False,False,False,False,115006.0,40669.53960943887,False,False,False,False,36043.98907960171,False,False,False,False
2024-08-23 17:00:00+00:00,59.52,59.615,59.255,59.345,19431.0,,,,,,,56.56770177171137,57.27121955786571,,,,,,57.91075221822015,57.12428875009727,56.42608172610271,,57.06000880479944,"rgba(38, 166, 154, 1.0)",1.5536187776627508,57.15884952581516,1.407134430670094,63.281117196910536,11.684000274084973,True,False,True,False,False,6.8224748603739265,0.0,0.0,0.0,0.0,0,0.8880787242871546,0.8113106882447096,False,False,False,False,0.20640362085688235,0.18303556462210196,False,False,False,False,134437.0,42123.29868526152,False,False,False,False,35786.42335743734,False,False,False,False
2024-08-26 17:00:00+00:00,59.34,59.355,59.125,59.145,13419.0,,,,,,,56.584475110809635,57.27949255251729,,,,,,57.96317614702101,57.151589311578114,56.44494273838644,,57.084735172062494,"rgba(38, 166, 154, 1.0)",1.5835512690221356,57.18025043501791,1.240723684428198,61.851689342382954,11.684000274084973,False,False,True,False,False,6.074136612550301,0.0,0.0,0.0,0.0,0,0.8863460738274989,0.8122808060393516,False,False,False,False,0.18727527887386397,0.18515542174798297,False,False,False,False,121018.0,43346.47234905591,False,False,False,False,35439.64159995769,False,False,False,False
2024-08-27 17:00:00+00:00,59.27,59.77,59.265,59.685,12908.0,,,,,,,56.60262651858927,57.288877442692794,,,,,,58.02341045719811,57.181725844158976,56.46521049008143,,57.11237015054412,"rgba(0, 255, 255, 0.75)",1.6252901806050406,57.2043346596536,1.5262907325404116,62.47787475012426,11.684000274084973,True,False,True,False,False,7.768230827891166,0.0,0.0,0.0,0.0,0,0.8861716053790322,0.8089967868618357,False,False,False,False,0.2145406469309395,0.19984803433946124,False,False,False,False,133926.0,44750.80611108606,False,False,False,False,35090.313823214165,False,False,False,False
2024-08-28 17:00:00+00:00,59.485,59.615,59.36,59.425,23342.0,,,,,,,56.633737933032926,57.304871533886946,,,,,,58.11485759772851,57.23201269481192,56.49996708970571,,57.1570893698332,"rgba(38, 166, 154, 1.0)",1.6584370070359322,57.24362135754307,1.3153219767783828,61.644273531294274,18.33529642868548,False,False,True,False,False,6.780679737151264,0.0,0.0,0.0,0.0,0,0.8801692289357652,0.8127160052437142,False,False,False,False,0.21157854401035642,0.20571328917490883,False,False,False,False,110584.0,45771.4757837824,False,False,False,False,34908.16942285425,False,False,False,False
2024-08-29 17:00:00+00:00,59.805,59.965,59.405,59.44,30571.0,,,,,,,56.6753936260713,57.326769068334734,,,,,,58.22891348175107,57.29844821576728,56.546330218447615,,57.2151709220744,"rgba(38, 166, 154, 1.0)",1.6906180889019604,57.29516549947761,1.2686688463835343,61.13933829301362,17.32116015435645,False,False,True,False,False,6.828563710488634,0.0,0.0,0.0,0.0,0,0.8887425938117193,0.8032796696391172,False,False,False,False,0.23114896356788672,0.21843112637139778,False,False,False,False,141155.0,47250.290112716,False,False,False,False,34840.92648606581,False,False,False,False
2024-08-30 17:00:00+00:00,59.63,59.995,59.6,59.92,16345.0,,,,,,,56.69893860397388,57.33949738446137,,,,,,58.292254193062675,57.335931904512094,56.57241697242251,,57.247807811686506,"rgba(38, 166, 154, 1.0)",1.7317466368999852,57.32434105633901,1.4988676105111456,62.40488851060692,17.32116015435645,False,False,True,False,False,8.356015975266839,0.0,0.0,0.0,0.0,0,0.889234078145538,0.7987214720994152,False,False,False,False,0.24237401936677044,0.2304025728690841,False,False,False,False,157500.0,48959.58794042583,False,False,False,False,34554.16793589424,False,False,False,False
2024-09-02 17:00:00+00:00,59.92,59.92,59.92,59.92,0.0,,,,,,,56.69893860397388,57.33949738446137,,,,,,58.292254193062675,57.335931904512094,56.57241697242251,,57.247807811686506,"rgba(38, 166, 154, 1.0)",1.7722512481266535,57.32434105633901,1.4646111528513337,63.248588655669124,17.32116015435645,False,False,True,False,False,8.356015975266839,0.0,0.0,0.0,0.0,0,0.8895765077053763,0.8048173765319748,False,False,False,False,0.2546654750363801,0.2425340239527321,False,False,False,False,157500.0,50642.38502662078,False,False,False,False,34018.44440200441,False,False,False,False
2024-09-03 17:00:00+00:00,59.14,59.195,58.985,59.095,14340.0,,,,,,,56.714463826747625,57.347253428354726,,,,,,58.31893544885864,57.358374049469056,56.58981044827093,,57.2657674403402,"rgba(38, 166, 154, 0.5)",1.793676161176026,57.34052390555329,0.9781454046288848,59.31409220934686,14.523961754682745,False,False,True,False,False,5.142441770115418,0.0,0.0,0.0,0.0,0,0.8838444820091775,0.8107341221927076,False,False,False,False,0.172653506625493,0.20759376528911255,False,False,False,False,143160.0,52076.76665411503,False,False,False,False,33713.352240733024,False,False,False,False
2024-09-04 17:00:00+00:00,59.37,59.38,58.95,59.2,9638.0,,,,,,,56.725154776101235,57.35267997613767,,,,,,58.3377541561667,57.37386192739914,56.60175898156482,,57.27824196347391,"rgba(38, 166, 154, 0.5)",1.8147049495865846,57.48213533440943,0.9466357966246408,57.15864051638553,12.31519386946978,False,True,True,False,False,5.490462455070723,0.0,0.0,0.0,0.0,0,0.8889090688945402,0.8063324857730965,False,False,False,False,0.17995487667731638,0.19377432098321445,False,False,False,False,152798.0,53638.33616335355,False,False,False,False,33340.090965682895,False,False,False,False
2024-09-05 17:00:00+00:00,60.12,60.795,60.11,60.48,49096.0,,,,,,,56.80601163009884,57.39895819778316,,,,,,58.55126611013625,57.50226948510384,56.69049058039077,,57.38979920070257,"rgba(0, 255, 255, 0.75)",1.8525530229126228,57.65262838039917,1.526202804795067,60.18159705855689,12.31519386946978,False,False,True,False,True,9.546650906141963,0.0,0.0,0.0,0.0,0,0.891622974261202,0.7990943755958059,False,False,False,False,0.3090364150020963,0.25140536799265534,False,False,False,False,201894.0,55936.87358717753,False,False,False,False,33584.36862512967,False,False,False,False
2024-09-06 17:00:00+00:00,60.03,60.445,59.93,60.37,20762.0,,,,,,,56.83722702275853,57.41678220230624,,,,,,58.6204694013166,57.54972682553541,56.72474445439892,,57.42978998126314,"rgba(38, 166, 154, 1.0)",1.8964249794554744,57.68650483299568,1.4150283802815316,61.607454247108436,12.31519386946978,False,False,True,False,True,9.116213427130308,0.0,0.0,0.0,0.0,0,0.8894827483817337,0.8037294376150608,False,False,False,False,0.2817756863594496,0.26659052717605247,False,False,False,False,181132.0,57877.88329900423,False,False,False,False,33385.572212336956,False,False,False,False
2024-09-09 17:00:00+00:00,61.405,61.505,61.23,61.47,28961.0,,,,,,,56.89424216022866,57.45125231244403,,,,,,58.77015413629781,57.640398458137234,56.786721920859755,,57.50855379759349,"rgba(0, 255, 255, 0.75)",1.9681584088996793,57.77537298317548,1.8772000262367303,65.29464354703592,9.95864624097021,True,False,True,False,True,12.369864281414173,0.0,0.0,0.0,0.0,0,0.8941876915821749,0.8066493751473713,False,False,False,False,0.3428282446506265,0.3047093859133395,False,False,False,False,210093.0,60237.807588942145,False,False,False,False,33316.974193541035,False,False,False,False
2024-09-10 17:00:00+00:00,60.64,61.165,60.605,61.085,12563.0,,,,,,,56.91610900241076,57.464338092344626,,,,,,58.81992331146297,57.67386832441193,56.81052720311604,,57.53695318674926,"rgba(0, 255, 255, 0.75)",2.0176589212556513,57.80255490262379,1.6268582676666898,65.73324366702712,10.474626230347127,True,False,True,False,True,10.855595498618221,0.0,0.0,0.0,0.0,0,0.8912593818332258,0.8048578689202771,False,False,False,False,0.2964012404438355,0.3005553131785875,False,False,False,False,197530.0,62366.3687115942,False,False,False,False,32995.207151780705,False,False,False,False
2024-09-11 17:00:00+00:00,61.27,61.89,61.215,61.725,19811.0,,,,,,,56.95566445431681,57.48863406947283,,,,,,58.916814016267004,57.73562365632271,56.85339921186836,,57.590027081649545,"rgba(0, 255, 255, 0.75)",2.0697688929613047,57.85809010573417,1.8682809986255429,67.52690387820675,12.348788234282836,True,False,True,False,True,12.687527957831104,0.0,0.0,0.0,0.0,0,0.8966105684359195,0.7979286807108398,False,False,False,False,0.342828244883121,0.3216917790308543,False,False,False,False,217341.0,64769.076173429945,False,False,False,False,32790.80083934999,False,False,False,False
2024-09-12 17:00:00+00:00,61.62,61.985,61.62,61.91,16224.0,,,,,,,56.989129799049586,57.50941054460135,,,,,,58.997602163953204,57.78766908952913,56.889600650778284,,57.63468244958231,"rgba(0, 255, 255, 0.75)",2.1261574844419786,57.90445940181849,1.8839341053011318,69.12728080806394,14.047773244275163,True,False,True,False,True,13.208060856892608,0.0,0.0,0.0,0.0,0,0.9096663511594898,0.7934808329389499,False,False,False,False,0.3428282451802616,0.33226001210555794,False,False,False,False,233565.0,67386.06724050855,False,False,False,False,32533.951213933713,False,False,False,False
2024-09-13 17:00:00+00:00,62.17,62.365,62.06,62.205,24225.0,,,,,,,57.04201873243054,57.54269828850606,,,,,,59.124982493874086,57.86987813659126,56.94667389196795,,57.705250308673975,"rgba(0, 255, 255, 0.75)",2.1964405541940124,57.97802117779434,1.924467663891207,70.84078352670845,15.856215164893257,True,False,True,False,True,14.036700823599894,0.0,0.0,0.0,0.0,0,0.912824761792035,0.7894300763449139,False,False,False,False,0.3428282456294201,0.337544128867489,False,False,False,False,257790.0,70338.06619802004,False,False,False,False,32405.130264880474,False,False,False,False
2024-09-16 17:00:00+00:00,62.8,62.99,62.655,62.925,30152.0,,,,,,,57.114421634155754,57.58912758940642,,,,,,59.30049501285069,57.982651768850076,57.02454338364461,,57.80224787778151,"rgba(0, 255, 0, 1.0)",2.277565659499924,58.08011901119863,2.127219019391579,73.36756789269602,18.39046491801777,True,False,True,False,True,16.00694188801955,0.0,0.0,0.0,0.0,0,0.9147020495201998,0.7895391541286579,False,False,False,False,0.34282824622227887,0.34018618754488394,False,False,False,False,287942.0,73711.77059805075,False,False,False,False,32370.198012711782,False,False,False,False
2024-09-17 17:00:00+00:00,62.8,63.085,62.72,62.895,24324.0,,,,,,,57.17195999172465,57.626298873366075,,,,,,59.432075568012465,58.07075358339181,57.086337774522384,,57.87748515820348,"rgba(0, 255, 0, 1.0)",2.354320062131516,58.15699869944387,2.0124711914770503,74.85579958753338,19.933735410126175,True,False,True,False,True,15.882062212858227,0.0,0.0,0.0,0.0,0,0.9084561216640047,0.7888632463459382,False,False,False,False,0.3428282462941483,0.34150721691951613,False,False,False,False,263618.0,76656.05322443755,False,False,False,False,32245.450756700746,False,False,False,False
2024-09-18 17:00:00+00:00,62.595,63.23,62.52,62.62,12475.0,,,,,,,57.200469620395275,57.64476824819666,,,,,,59.49387132432486,58.113723021512705,57.11693841311292,,57.91395412550848,"rgba(0, 255, 255, 0.75)",2.420118783846759,58.19338979791746,1.8290879900723198,73.98329622607625,19.933735410126175,True,False,True,False,True,14.730355256536999,0.0,0.0,0.0,0.0,0,0.9108524841968463,0.7857269451172689,False,False,False,False,0.34059654480701007,0.3410518808632631,False,False,False,False,251143.0,79361.27720545403,False,False,False,False,31938.93214031779,False,False,False,False
2024-09-19 17:00:00+00:00,64.31,64.595,64.145,64.425,66093.0,,,,,,,57.38866084320669,57.77018130345575,,,,,,59.92868505756705,58.40247715436437,57.31791106095733,,58.16158308391024,"rgba(0, 255, 0, 1.0)",2.5383692094026093,58.451331675994766,2.3533488752848135,76.61003575935771,21.853951493645113,True,False,True,False,True,19.445564727527085,0.0,0.0,0.0,0.0,0,0.9136411089200797,0.7789699570815454,False,False,False,False,0.3428282474198085,0.34194006414153577,False,False,False,False,317236.0,83049.25740381908,False,False,False,False,32468.452572250844,False,False,False,False
2024-09-20 17:00:00+00:00,64.81,64.915,64.51,64.535,25086.0,,,,,,64.65333333333335,57.46014290012093,57.81842734569412,,,,,,60.08279875579551,58.5097862643079,57.3940642456251,,59.31975880747948,"rgba(0, 255, 0, 1.0)",2.6456126778955045,58.95169282031211,2.1104023375520025,78.50156149712721,23.760086652580128,True,False,True,False,True,19.71453404243295,0.0,0.0,0.0,0.0,0,0.9164013199791591,0.7751982863428477,False,False,False,False,0.3428282476390206,0.34238415589027815,False,False,False,False,342322.0,87068.98984717071,False,False,False,False,32353.9959432237,False,True,False,False
2024-09-23 17:00:00+00:00,63.945,64.17,63.82,63.88,76795.0,,,,,,64.12820581528123,57.65010848727802,57.94737084184392,,,,,,60.43450683569505,58.78174463085312,57.596204654700486,,59.42302354427531,"rgba(0, 255, 255, 0.75)",2.7185882282822704,59.124463918287596,1.7492667820154486,76.07071901009952,23.760086652580128,True,False,True,False,False,17.00788718143931,0.0,0.0,0.0,0.0,0,0.911561465652402,0.7877591312931889,False,False,False,False,0.29493897801395785,0.318661566952118,False,False,False,False,265527.0,89835.78070225334,False,False,False,False,33043.00375805744,False,False,False,False
2024-09-24 17:00:00+00:00,63.915,64.065,63.77,63.8,21718.0,,,,,,64.08429987297633,57.7011905501011,57.98239722363854,,,,,,60.520716422767606,58.852707573084324,57.65045519105846,,59.46529447227106,"rgba(0, 255, 255, 0.75)",2.776438653130043,59.17467391307663,1.6659205063684597,74.01913077408636,23.760086652580128,True,False,True,False,False,16.681360533178893,0.0,0.0,0.0,0.0,0,0.9123399301513397,0.7884749708963916,False,False,False,False,0.28984756440441733,0.3042545656782677,False,False,False,False,243809.0,92222.96239679205,False,False,False,False,32867.422304444146,False,False,False,False
2024-09-25 17:00:00+00:00,63.27,63.355,62.875,62.945,89661.0,,,,,,63.6529522882866,57.87664296565628,58.103208765226455,,,,,,60.75840700574817,59.081316510019136,57.83661850776251,,59.55152434044985,"rgba(38, 166, 154, 1.0)",2.812196222633578,59.30746113240074,1.2934868620912814,68.47494859780792,23.690606826631978,True,False,True,False,False,13.265238900688363,0.0,0.0,0.0,0.0,0,0.9046933486898944,0.7922833285344087,False,False,False,False,0.23792633679148392,0.2710904512348758,False,False,False,False,154148.0,93183.04049916736,False,False,False,False,33747.94288887137,False,False,False,False
2024-09-26 17:00:00+00:00,63.415,63.485,63.085,63.31,24940.0,,,,,,63.615299489224746,57.92554360037651,58.137343552274125,,,,,,60.822775566694126,59.14405414008743,57.88837353597677,,59.58889831410561,"rgba(38, 166, 154, 1.0)",2.8372100605926054,59.35009727923652,1.3957030449611403,65.9044711078718,21.41697520060538,True,False,True,False,False,14.251268973174199,0.0,0.0,0.0,0.0,0,0.9095720202485053,0.7894040497008746,False,False,False,False,0.24881184939460482,0.2599511503147403,False,False,False,False,179088.0,94514.90033638956,False,False,False,False,33611.38563478034,False,False,False,False
2024-09-27 17:00:00+00:00,63.64,63.66,63.29,63.395,22960.0,,,,,,63.60062058380559,57.97106545022096,58.16930663869667,,,,,,60.882750521572774,59.202277749073,57.93650097217488,,59.627086985923974,"rgba(38, 166, 154, 1.0)",2.858478873189101,59.391434200997914,1.4005931044491005,64.45683018567433,20.083579559820407,True,False,True,False,False,14.480964412816459,0.0,0.0,0.0,0.0,0,0.9182798191723667,0.785093311695839,False,False,False,False,0.26104689570015444,0.2604990230074474,False,False,False,False,202048.0,96182.08017613545,False,False,False,False,33446.24787300079,False,False,False,False
2024-09-30 17:00:00+00:00,63.355,63.375,62.815,63.24,17760.0,,,,,,63.57150319685455,58.00383370485881,58.192354751379085,,,,,,60.92199993547713,59.24308729569662,57.971132173783644,,59.65065184300831,"rgba(38, 166, 154, 1.0)",2.8619293199574987,59.418590511449565,1.3352564166773995,62.669813761273275,18.323311782997607,False,False,True,False,False,13.855809445020096,0.0,0.0,0.0,0.0,0,0.9102764736567563,0.7938909175215909,False,False,False,False,0.2366493661691546,0.248574194588301,False,False,False,False,184288.0,97548.06342921863,False,False,False,False,33203.050231558926,False,False,False,False
2024-10-01 17:00:00+00:00,63.38,63.81,63.05,63.545,40700.0,,,,,,63.55836567903554,58.08203503659917,58.24779106221703,,,,,,61.019439246654194,59.34102888854588,58.053663232177456,,59.71705385753821,"rgba(38, 166, 154, 1.0)",2.875006599287365,59.48907803827782,1.410752226700118,62.58896019790834,18.04152278955027,False,False,True,False,False,14.701680769933798,0.0,0.0,0.0,0.0,0,0.9132123601368202,0.7933213519624328,False,False,False,False,0.25814233514350804,0.2533582648659045,False,False,False,False,224988.0,99523.87639930827,False,False,False,False,33319.2820109146,False,False,False,False
2024-10-02 17:00:00+00:00,63.32,63.385,62.995,63.15,18509.0,,,,,,63.5374716799407,58.114976874073946,58.2712310522897,,,,,,61.05633791454041,59.381040599829625,58.08840355833544,,59.74157694650163,"rgba(38, 166, 154, 1.0)",2.8741232004162804,59.516368188975484,1.264257499643101,60.327707375585625,15.65969407054142,False,True,True,False,False,13.091209957195982,0.0,0.0,0.0,0.0,0,0.915860230631049,0.789650576577621,False,False,False,False,0.242721803692828,0.24804003427936627,False,False,False,False,206479.0,101182.09536986164,False,False,False,False,33089.665235551576,False,False,False,False
2024-10-03 17:00:00+00:00,62.98,63.5,62.75,63.27,40309.0,,,,,,63.49868579529541,58.18521786018792,58.321481068144635,,,,,,61.132365295184506,59.4652798698728,58.162406061918944,,59.794239325100705,"rgba(38, 166, 154, 1.0)",2.866084866060216,59.57432403218552,1.289450989947356,59.33559871854984,14.476348237531852,False,True,True,False,False,13.433861167173383,0.0,0.0,0.0,0.0,0,0.9175871840842064,0.7865941819443645,False,False,False,False,0.23856510758245544,0.24330257093091084,False,False,False,False,246788.0,103439.55125560022,False,False,False,False,33201.59290631822,False,False,False,False
2024-10-04 17:00:00+00:00,63.63,63.725,63.465,63.71,13751.0,,,,,,63.503406831060204,58.210904499545585,58.33999147800829,,,,,,61.16263458027993,59.49662713635594,58.18943343532719,,59.81716632676285,"rgba(38, 166, 154, 1.0)",2.8618144168965083,59.597799304972476,1.4369208117579464,60.467070864423576,14.476348237531852,False,True,True,False,False,14.682927670598808,0.0,0.0,0.0,0.0,0,0.9251417331944932,0.7820201318986464,False,False,False,False,0.2688136397658926,0.25605810534840173,False,False,False,False,260539.0,105875.20162373045,False,False,False,False,32900.0333263753,False,False,False,False
2024-10-07 17:00:00+00:00,63.875,64.135,63.545,63.8,32120.0,,,,,,63.5278774548737,58.27207671967541,58.3842910787206,,,,,,61.235877778938075,59.57138146110071,58.253741782008305,,59.874207712552796,"rgba(38, 166, 154, 1.0)",2.8791750366887796,59.9159139527048,1.3490274116026395,61.57175260693502,14.476348237531852,False,True,True,False,True,14.93726639917573,0.0,0.0,0.0,0.0,0,0.9343695014662764,0.7735483870967745,False,False,False,False,0.28477072905987855,0.27041441720414017,False,False,False,False,292659.0,108771.07446677338,False,False,False,False,32887.939786431496,False,False,False,False
2024-10-08 17:00:00+00:00,63.4,63.46,63.19,63.415,25156.0,,,,,,63.5182017175976,58.31507348549961,58.415525778343664,,,,,,61.280545904632945,59.62185747852299,58.29891507499532,,59.90835323993203,"rgba(38, 166, 154, 1.0)",2.8736317276760164,59.936934601791734,1.2103379026306447,59.76750299584559,14.318229451877613,False,True,True,False,True,13.311781157057975,0.0,0.0,0.0,0.0,0,0.9274198276367481,0.7807938089933756,False,False,False,False,0.2513814747564623,0.26089794598030125,False,False,False,False,267503.0,111232.03455255984,False,False,False,False,32768.06475098294,False,False,False,False
2024-10-09 17:00:00+00:00,63.675,63.675,63.48,63.51,19598.0,,,,,,63.519739192816324,58.34937907932318,58.44056304980018,,,,,,61.31729234196951,59.66231480567829,58.334927399379445,,59.937369311494486,"rgba(38, 166, 154, 1.0)",2.864921617404883,59.9640514359871,1.237712244017658,59.033898325812615,13.37927653469007,False,True,True,False,False,13.591235272084155,0.0,0.0,0.0,0.0,0,0.9395933368901541,0.7739640761159526,False,False,False,False,0.2676790359070978,0.26428849094369955,False,False,False,False,287101.0,113958.68517965193,False,False,False,False,32563.877700580106,False,False,False,False
2024-10-10 17:00:00+00:00,60.275,60.305,59.25,59.455,131740.0,,,,,,62.67559453764379,58.40504884663012,58.479547054056425,,,,,,61.155916549174975,59.66281183439697,58.39370938616998,,59.79543803467871,#000000,2.815860524865433,59.728683797080464,-0.09719366235071064,46.90508802819434,2.1581092602996037,False,True,False,True,False,0.0,0.0,0.0,0.0,0.0,0,0.9323885948437773,0.785840305048091,False,False,False,False,0.03201458947113892,0.14815154020741925,False,False,False,False,155361.0,114600.58153345578,False,False,False,False,34101.491999795915,False,False,False,False
2024-10-11 17:00:00+00:00,57.03,57.745,56.99,57.015,69153.0,,,,,,62.11556352208205,58.380043675647855,58.459416786699876,,,,,,60.96488443431978,59.58359006048783,58.36787338122634,,59.645228643410626,"rgba(239, 83, 80, 0.5)",2.781543040235873,59.55922859974906,-0.9146824488947375,36.62169985060887,-6.726169413945733,False,True,False,True,False,0.0,0.0,0.0,0.0,0.0,0,0.9295232785057158,0.7938109841092836,False,False,False,False,-0.11401389055592602,0.017068824825746613,False,False,False,False,86208.0,114160.38647092158,False,False,False,False,34644.92623235721,False,False,False,False
2024-10-14 17:00:00+00:00,56.38,56.55,56.23,56.5,54079.0,,,,,,61.69065332707212,58.34752429384688,58.43371987674984,,,,,,60.79770395665418,59.50456000250588,58.33417616614351,,59.5180562704954,"rgba(239, 83, 80, 1.0)",2.743401543162605,59.42483057791685,-1.06613287624862,29.420117472423833,-12.5782487015924,False,True,False,True,False,0.0,0.0,0.0,0.0,0.0,0,0.9232956129104194,0.8095768994927256,False,False,False,False,-0.17429170449348802,-0.0786114398338707,False,False,False,False,32129.0,112888.58202951195,False,False,False,False,34946.229701622986,False,False,False,False
2024-10-15 17:00:00+00:00,56.845,56.86,56.075,56.275,64179.0,,,,,,61.260142184313736,58.30985714599092,58.403709402998736,,,,,,60.61363614232466,59.415083000998145,58.295201941002105,,59.38293830293805,"rgba(239, 83, 80, 1.0)",2.725236667134036,59.288452260713875,-1.1057580051874685,24.464899726124425,-16.494328048356657,False,True,False,True,False,0.0,0.0,0.0,0.0,0.0,0,0.9181211784324633,0.8117287381878825,False,False,False,False,-0.16947229197447275,-0.12404186590417172,False,False,False,False,-32050.0,110641.47223060479,False,False,False,False,35399.45094655906,False,False,False,False
2024-10-16 17:00:00+00:00,56.08,56.425,56.07,56.255,119832.0,,,,,,60.59896933819065,58.23794407397513,58.345868117297165,,,,,,60.29711239398578,59.2532916567665,58.22092062960936,,59.15901770163743,"rgba(239, 83, 80, 1.0)",2.7155172420538647,59.06998264639853,-1.0366285298448084,21.14652560796565,-19.177447068017813,False,True,False,True,False,0.0,0.0,0.0,0.0,0.0,0,0.9126420057082103,0.8203592814371259,False,False,False,False,-0.1831743376939224,-0.15360810179904708,False,False,False,False,-151882.0,106571.34087819232,False,False,False,False,36708.482714829464,False,False,False,False
2024-10-17 17:00:00+00:00,56.085,56.59,55.955,56.43,30503.0,,,,,,60.46006461747513,58.22109405621896,58.332146677277144,,,,,,60.22510064950116,59.21567850554681,58.20355315782451,,59.109606277307286,"rgba(239, 83, 80, 0.5)",2.7029680049967246,58.88777161158901,-0.9092862390696289,19.77027944816255,-20.39654644176279,False,True,False,True,False,0.0,0.0,0.0,0.0,0.0,0,0.9086229086229092,0.8232891276369537,False,False,False,False,-0.18161395042357714,-0.16761102611131212,False,False,False,False,-121379.0,103037.22706612732,False,False,False,False,36612.27368049102,False,False,False,False
2024-10-18 17:00:00+00:00,56.515,56.58,56.32,56.37,45825.0,,,,,,60.27214497403087,58.197615003320735,58.312872425861684,,,,,,60.12430145393257,59.162815268931695,58.17938664072034,,59.041522627799644,"rgba(239, 83, 80, 0.5)",2.6817679945469766,58.82822500585275,-0.9166434273401843,18.789311260763245,-21.572170831747954,False,True,False,True,False,0.0,0.0,0.0,0.0,0.0,0,0.910756302521009,0.8267226890756306,False,False,False,False,-0.17055985723424874,-0.16908544167278045,False,False,False,False,-167204.0,98847.44059998581,False,False,False,False,36755.10664668495,False,False,False,False
2024-10-21 17:00:00+00:00,56.745,56.885,56.545,56.685,80168.0,,,,,,60.00351219272388,58.164273591555215,58.28496245395432,,,,,,59.97273038100319,59.08402330604404,58.14518420386587,,58.94244768819109,"rgba(239, 83, 80, 0.5)",2.6637333551591316,58.74809872851871,-0.7745139822358311,19.8539169444,-21.572170831747954,False,True,False,True,False,0.0,0.0,0.0,0.0,0.0,0,0.9167040107550978,0.8211965045933228,False,False,False,False,-0.1541322205475941,-0.16160883111018726,False,False,False,False,-87036.0,95965.5267922341,False,False,False,False,37428.174760689835,False,False,False,False
2024-10-22 17:00:00+00:00,56.795,57.25,56.77,57.245,164340.0,,,,,,59.61366150425075,58.117162653853654,58.243845167718455,,,,,,59.73245838391569,58.96096065382424,58.097208081021805,,58.79421607409743,"rgba(239, 83, 80, 0.5)",2.6431201565880613,58.6332696123321,-0.525238933565618,23.43213199288806,-21.572170831747954,False,True,False,True,True,0.0,0.0,0.0,0.0,0.0,0,0.915561524257177,0.8215544737283866,False,False,False,False,-0.13594104262528606,-0.14877493686773666,False,False,False,False,77304.0,95676.20079545527,False,False,False,False,39395.79995819851,False,False,False,False
2024-10-23 17:00:00+00:00,56.49,56.77,56.255,56.75,20010.0,,,,,,59.56524249227849,58.109072826755366,58.23696161810581,,,,,,59.70092225765418,58.943304042559944,58.08893220315857,,58.77407257341872,"rgba(239, 83, 80, 0.5)",2.627067666148411,58.614010880792016,-0.7095404906432707,24.809769228346,-21.572170831747954,False,True,False,True,True,0.0,0.0,0.0,0.0,0.0,0,0.9019106865141086,0.8259831148633638,False,False,False,False,-0.1666775116862842,-0.15772622427701044,False,False,False,False,57294.0,95081.12791490556,False,False,False,False,39095.24492008691,False,False,False,False
2024-10-24 17:00:00+00:00,56.42,56.865,56.4,56.825,19128.0,,,,,,59.52197021077481,58.10194898560905,58.230851415432184,,,,,,59.672360825808035,58.92741268483012,58.08165457566208,,58.75603311635271,"rgba(239, 83, 80, 0.5)",2.618821858761658,58.597225194390056,-0.6767261348689336,26.128261135204127,-21.572170831747954,False,True,False,True,True,0.0,0.0,0.0,0.0,0.0,0,0.9070309896701105,0.8246695545929136,False,False,False,False,-0.15923723793876715,-0.1584817311078888,False,False,False,False,76422.0,94791.8391100233,False,False,False,False,38785.675231403395,False,False,False,False
2024-10-25 17:00:00+00:00,56.56,56.56,56.325,56.35,13176.0,,,,,,59.48998341133338,58.096096752236555,58.22589397565678,,,,,,59.65114634630493,58.91521442365284,58.075663094993025,,58.74233300069625,"rgba(239, 83, 80, 0.5)",2.624777660253474,58.58376763424678,-0.8510311818301087,25.994805416182842,-21.572170831747954,False,True,False,True,True,0.0,0.0,0.0,0.0,0.0,0,0.9023186154870206,0.8263811848236078,False,False,False,False,-0.17102607884240315,-0.16475390497514597,False,False,False,False,63246.0,94302.75633312372,False,False,False,False,38388.62600300954,False,False,False,False
2024-10-28 17:00:00+00:00,56.04,56.265,56.03,56.225,33139.0,,,,,,59.406359018058566,58.0794978797631,58.211921736753006,,,,,,59.595153149253335,58.88217965166978,58.05865086852579,,58.70562705067059,"rgba(239, 83, 80, 0.5)",2.6397495752096933,58.54666788663703,-0.8795030818226779,25.645872601628913,-21.572170831747954,False,True,False,True,True,0.0,0.0,0.0,0.0,0.0,0,0.9029023452732443,0.8275862068965517,False,False,False,False,-0.1894247970244599,-0.17708935099980294,False,False,False,False,30107.0,93307.4732891993,False,False,False,False,38307.236452575286,False,False,False,False
2024-10-29 17:00:00+00:00,55.44,55.565,55.315,55.515,54469.0,,,,,,59.24951999336648,58.04291886655445,58.18152730118555,,,,,,59.48867465583605,58.81582304129895,58.02107926989486,,58.633257188022725,"rgba(239, 83, 80, 1.0)",2.6776960767195392,58.469383222816916,-1.1033303026818289,24.0638282890867,-21.572170831747954,False,True,False,True,True,0.0,0.0,0.0,0.0,0.0,0,0.9058692006707663,0.824874231414198,False,False,False,False,-0.234097698210182,-0.20559352460499247,False,False,False,False,-24362.0,91483.1403699869,False,False,False,False,38557.806430054734,False,False,False,False
2024-10-30 17:00:00+00:00,55.595,55.775,55.585,55.66,32839.0,,,,,,59.16573375555212,58.02309863611163,58.16490611948685,,,,,,59.430280239645235,58.779458686888596,58.00075273588359,,58.59403836226133,"rgba(239, 83, 80, 1.0)",2.7119817095240015,58.429007408381636,-1.0210273169090243,23.95679840955941,-21.572170831747954,False,True,False,True,True,0.0,0.0,0.0,0.0,0.0,0,0.917084548104957,0.8016909620991255,False,False,False,False,-0.21884911911933255,-0.21222132186216253,False,False,False,False,8477.0,90196.22346502586,False,False,False,False,38469.14276447248,False,False,False,False
2024-10-31 17:00:00+00:00,55.19,55.565,55.1,55.29,30922.0,,,,,,59.08268739056634,58.0019619751937,58.1472539054742,,,,,,59.371861952329795,58.74215168192177,57.97906119801099,,58.554163017249465,"rgba(239, 83, 80, 1.0)",2.7505321319717284,58.38717590549852,-1.1260278945653701,23.14524496233019,-21.646692223576583,False,True,False,True,True,0.0,0.0,0.0,0.0,0.0,0,0.9036087927589049,0.813859174797226,False,False,False,False,-0.2409622116488751,-0.22659176675551881,False,False,False,False,-22445.0,88449.84790742856,False,False,False,False,38352.13279913182,False,False,False,False
2024-11-01 17:00:00+00:00,55.15,55.21,54.985,55.0,56756.0,,,,,,58.929578782322054,57.960431745823726,58.112566304997934,,,,,,59.26240916332556,58.67081374420983,57.93644174459853,,58.47870691421294,"rgba(239, 83, 80, 1.0)",2.7926622110855366,58.30781012527983,-1.1844648135923497,22.05765001737511,-23.16765925595847,False,True,False,True,False,0.0,0.0,0.0,0.0,0.0,0,0.9004722550177102,0.8150531286894925,False,False,False,False,-0.2560472530936939,-0.24131950992460638,False,False,False,False,-79201.0,85850.6099553754,False,False,False,False,38637.46407356388,False,False,False,False
2024-11-04 17:00:00+00:00,54.74,55.085,54.67,55.035,40620.0,,,,,,58.82338979193751,57.93007008354199,58.08713741105683,,,,,54.93,59.185017291770926,58.61958488894759,57.90529821377673,,57.92578538300451,"rgba(239, 83, 80, 1.0)",2.834805398726442,58.05444082424784,-1.065131605013999,21.606008257351284,-24.042482604999726,False,True,False,True,False,0.0,0.0,0.0,0.0,0.0,0,0.8939816187370297,0.8222946931514972,False,False,False,False,-0.27027341689066825,-0.2557964634076373,False,False,False,False,-38581.0,83921.43770800524,False,False,False,False,38668.20106467142,False,False,False,False
2024-11-05 17:00:00+00:00,55.59,55.745,55.48,55.695,40129.0,,,,,,58.7420263820509,57.907625539031585,58.06797226427966,,,,,55.28284139741669,59.12354133868731,58.57981205373084,57.882350628307655,,57.940881371929244,"rgba(239, 83, 80, 0.5)",2.86241739327675,58.03725136765895,-0.8182773669418151,26.021532230298572,-28.326632722168032,False,True,False,True,True,0.0,0.0,0.0,0.0,0.0,0,0.897473733915713,0.8216857513870856,False,False,False,False,-0.22312737562688192,-0.2394619195172596,False,False,False,False,1548.0,82644.33014664082,False,False,False,False,38690.84911018039,False,False,False,False
2024-11-06 17:00:00+00:00,56.16,56.665,56.1,56.54,51012.0,,,,,,58.66942917240871,57.88950416989408,58.05187528703938,,,,,55.7289059736948,59.065552044244214,58.544024952689384,57.86394958138873,,57.97332016876562,"rgba(239, 83, 80, 0.5)",2.8728823897307656,58.03413174132011,-0.5200810679410145,33.40533197902738,-21.505146071696714,False,True,False,True,True,0.0,0.0,0.0,0.0,0.0,0,0.8986724624060157,0.8208999060150376,False,False,False,False,-0.17475852143609832,-0.20711022047667896,False,False,False,False,52560.0,82177.90642343707,False,False,False,False,38881.87470537139,False,False,False,False
2024-11-07 17:00:00+00:00,57.045,57.055,56.57,56.805,63790.0,,,,,,58.59903036056547,57.87314462276297,58.036753501345494,,,,,56.08156583193132,59.00631332588123,58.50858406633537,57.84745585985977,,57.9932639383831,#000000,2.8829631590737517,58.028555292070735,-0.4244089239294487,39.49023707260265,-16.192192748334797,False,True,False,True,True,0.0,0.0,0.0,0.0,0.0,0,0.901895206243033,0.819574018658687,False,False,False,False,-0.14810925640897388,-0.1776097384428264,False,False,False,False,116350.0,82707.70632384889,False,False,False,False,39268.04719055943,False,False,False,False
2024-11-08 17:00:00+00:00,56.365,56.71,56.285,56.695,23543.0,,,,,,58.570977214747785,57.86585940432208,58.03016155669334,,,,,56.1333347178228,58.98286064304126,58.49402041332919,57.84008168673995,,57.98818509095663,#000000,2.8959670652897924,58.0196136050245,-0.4573994023968473,43.02226622250234,-13.280118453524132,False,False,False,True,True,0.0,0.0,0.0,0.0,0.0,0,0.896834220843818,0.8223418573351279,False,False,False,False,-0.167608816391198,-0.1726092774170122,False,False,False,False,92807.0,82864.28452037837,False,False,False,False,39024.248009310446,False,False,False,False
2024-11-11 17:00:00+00:00,57.285,57.315,56.79,56.93,36491.0,,,,,57.01166666666666,58.53836754912109,57.85855834834167,58.023147511384074,,,,,56.25873805192011,58.95395974452756,58.47701606905946,57.832773152108196,,57.8692783866411,#000000,2.9034782651220183,57.95372719424198,-0.3525864844726007,46.51199609556866,-10.284037287980354,False,False,False,False,True,0.0,0.0,0.0,0.0,0.0,0,0.90113225166336,0.8201820940819425,False,False,False,False,-0.1333279098379219,-0.15296859362746706,False,False,False,False,129298.0,83584.18708595389,False,False,False,False,38984.9728463754,False,False,False,False
2024-11-12 17:00:00+00:00,56.09,56.285,56.01,56.14,40061.0,,,,,56.558124847598144,58.484651879651935,57.8426286147916,58.00905448271597,,,,,56.24332617387011,58.90946294494927,58.44801323165578,57.816583170489004,,57.788980668215224,"rgba(239, 83, 80, 0.5)",2.925958763326068,57.899200440709286,-0.601238972592192,45.181631523686946,-10.284037287980354,False,False,False,True,True,0.0,0.0,0.0,0.0,0.0,0,0.898447456841618,0.8249333796779055,False,False,False,False,-0.18942479702446038,-0.1711966953259637,False,False,False,False,89237.0,83671.82759624918,False,False,False,False,39001.65543790447,False,False,False,False
2024-11-13 17:00:00+00:00,56.205,56.32,55.97,56.08,25185.0,,,,,56.450492184095594,58.451798391332154,57.83263898229239,58.00020070955385,,,,,56.23390682321846,58.88199025889492,58.429978490708564,57.80643325675685,,57.7609298871066,"rgba(239, 83, 80, 0.5)",2.9485929030824236,57.87625934455401,-0.6091920463744661,44.05062754604946,-10.284037287980354,False,False,False,True,False,0.0,0.0,0.0,0.0,0.0,0,0.8961596472908698,0.8292145260471053,False,False,False,False,-0.18958124409576996,-0.18038896971086682,False,False,False,False,64052.0,83367.64422266392,False,False,False,False,38787.44372568889,False,False,False,False
2024-11-14 17:00:00+00:00,56.62,56.78,56.475,56.6,36539.0,,,,,56.494843682200816,58.41552108248394,57.82248827939774,57.990851311229626,,,,,56.27321219371147,58.85006340137767,58.409814628156646,57.79618975690516,,57.75662304193288,#000000,2.961263008178019,57.86568525947206,-0.42741399733041535,46.08632553879478,-10.284037287980354,False,False,False,True,False,0.0,0.0,0.0,0.0,0.0,0,0.9010525098311364,0.8221721027064539,False,False,False,False,-0.159546894997065,-0.1699679323539659,False,False,False,False,100591.0,83634.67299440557,False,False,False,False,38752.584133042554,False,False,False,False
2024-11-15 17:00:00+00:00,56.225,56.305,55.885,55.94,25784.0,,,,,56.42388340647731,58.38285603279084,57.81205499058192,57.981597430759656,,,,,56.257742704848006,58.822404251234246,58.391372983380215,57.785589872336494,,57.73218770905109,"rgba(239, 83, 80, 0.5)",2.9709336249070812,57.844271835938535,-0.6409674790355154,44.59578727616214,-10.284037287980354,False,False,False,True,False,0.0,0.0,0.0,0.0,0.0,0,0.8969386580734268,0.8221889745655425,False,False,False,False,-0.1927121227503887,-0.18134002755217732,False,False,False,False,74807.0,83497.80984720547,False,False,False,False,38551.52081315042,False,False,False,False
2024-11-18 17:00:00+00:00,56.435,56.62,56.14,56.25,26568.0,,,,,56.411727929090524,58.35422942503146,57.803193514987235,57.973582912198054,,,,,56.26286044765312,58.797417237857566,58.37500551434577,57.776617423266835,,57.719329300553824,"rgba(239, 83, 80, 0.5)",2.9647831651262693,57.8303194325549,-0.5330303582210189,45.20903280901594,-10.284037287980354,False,False,False,True,False,0.0,0.0,0.0,0.0,0.0,0,0.907371092398201,0.8149728919137156,False,False,False,False,-0.1749141438309567,-0.178127085691567,False,False,False,False,101375.0,83774.97558600848,False,False,False,False,38365.72979279149,False,False,False,False
2024-11-19 17:00:00+00:00,55.885,55.945,55.72,55.83,22719.0,,,,,56.34995808081045,58.324407780463986,57.79311937701593,57.96469587562218,,,,,56.2402069723577,58.772141324375205,58.357798003688124,57.76637244804981,,57.69608748279793,"rgba(239, 83, 80, 0.5)",2.96935917647543,57.80984879898129,-0.6667596209534122,43.887628048610196,-10.284037287980354,False,False,False,True,False,0.0,0.0,0.0,0.0,0.0,0,0.9108466071532765,0.8106657331232859,False,False,False,False,-0.2092121358027591,-0.19366961074716305,False,False,False,False,78656.0,83695.6116234347,False,False,False,False,38123.14483476371,False,False,False,False
2024-11-20 17:00:00+00:00,55.725,55.94,55.555,55.93,21019.0,,,,,56.30138273043019,58.29718630320832,57.7837805256783,57.956450030142584,,,,,56.22018855393346,58.748954877025085,58.34193900788934,57.75687656871537,,57.67584482462783,"rgba(239, 83, 80, 0.5)",2.968914029323422,57.79158551321852,-0.6270257389846864,43.57605744115463,-10.284037287980354,False,False,False,True,False,0.0,0.0,0.0,0.0,0.0,0,0.9025084504536567,0.8137935124236494,False,False,False,False,-0.2145787340529777,-0.20412417240007036,False,False,False,False,99675.0,83943.35407888531,False,False,False,False,37857.96429468985,False,False,False,False
2024-11-21 17:00:00+00:00,55.745,56.215,55.675,55.9,33982.0,,,,,56.25435302294037,58.25649264142103,57.76978517564029,57.94399887849007,,,,,56.19995807022511,58.71374612298534,58.31792392673805,57.742664148013326,,57.649865248306696,"rgba(239, 83, 80, 0.5)",2.9784950731704805,57.76662150037476,-0.6266995427284101,43.22922953794847,-10.284037287980354,False,False,False,True,False,0.0,0.0,0.0,0.0,0.0,0,0.9032467149843855,0.809086088032526,False,False,False,False,-0.2021274515801614,-0.20312581199011587,False,False,False,False,65693.0,83660.40285285609,False,False,False,False,37797.87182500474,False,False,False,False
2024-11-22 17:00:00+00:00,55.915,56.17,55.875,56.16,20634.0,,,,,56.2410707760345,58.23388798187509,57.762021037124576,57.93702705727739,,,,,56.194612521879925,58.693834382687,58.304405132056935,57.73479209679505,,57.637706373216304,"rgba(239, 83, 80, 0.5)",2.988698080471853,57.75403606469088,-0.5333546653997308,44.655588635662454,-10.086871922300823,True,False,False,True,False,0.0,0.0,0.0,0.0,0.0,1,0.9073974885437128,0.8077129084092125,False,False,False,False,-0.19725855190154845,-0.20019218194583216,False,False,False,False,86327.0,83701.74544428466,False,False,False,False,37531.76528508218,False,False,False,False
2024-11-25 17:00:00+00:00,56.175,56.41,55.765,55.855,69577.0,,,,,56.19623237737723,58.159029055679156,57.73547109524459,57.91317358999679,,,,,56.17237636031781,58.62740369408127,58.25883561065101,57.70787460883697,,57.5962995490231,"rgba(239, 83, 80, 0.5)",3.003953588549944,57.71131234102491,-0.617956398561065,43.983342250161904,-10.086871922300823,True,False,False,True,False,0.0,0.0,0.0,0.0,0.0,0,0.9103398841168393,0.8028791589510781,False,False,False,False,-0.1931820751521237,-0.19668712854897794,False,False,False,False,16750.0,82663.73388700893,False,False,False,False,38028.590629499515,False,False,False,False
2024-11-26 17:00:00+00:00,55.64,56.075,55.4,55.895,36982.0,,,,,56.158250762879206,58.11738777014983,57.71992613411178,57.89929562301133,,,,,56.149369140492595,58.59055837124685,58.23304506471893,57.6920964975466,,57.56999117051964,"rgba(239, 83, 80, 0.5)",3.023402320994432,57.68529008212856,-0.5921441780000056,43.82001855372509,-10.086871922300823,True,False,False,True,False,0.0,0.0,0.0,0.0,0.0,0,0.9050149253731348,0.8137313432835818,False,False,False,False,-0.21521089391879059,-0.20594901123388426,False,False,False,False,53732.0,82215.17987325686,False,False,False,False,38012.36441818945,False,False,False,False
2024-11-27 17:00:00+00:00,56.135,56.395,56.025,56.365,23542.0,,,,,56.16406015435288,58.096853139227406,57.71254625598011,57.89250975380253,,,,,56.15351173472772,58.57146475389559,58.220022011329974,57.68464427470949,,57.561951509753214,#000000,3.036880464383621,57.675468980268974,-0.4315181304098351,46.81003698992289,-7.096477421782026,True,False,False,True,True,0.0,0.0,0.0,0.0,0.0,1,0.9083763350534027,0.816152646105844,False,False,False,False,-0.18551657617133088,-0.19573279370260757,False,False,False,False,77274.0,82138.5724333614,False,False,False,False,37788.01768302372,False,False,False,False
2024-11-28 17:00:00+00:00,56.365,56.365,56.365,56.365,0.0,,,,,56.16406015435288,58.096853139227406,57.71254625598011,57.89250975380253,,,,,56.15351173472772,58.57146475389559,58.220022011329974,57.68464427470949,,57.561951509753214,#000000,3.052511743785086,57.675468980268974,-0.4293084155817211,48.803382614054755,-5.078348594784288,True,False,False,False,True,0.0,0.0,0.0,0.0,0.0,1,0.9202014685357126,0.8143091206990715,False,False,False,False,-0.17584805462217615,-0.18579042416239186,False,False,False,False,77274.0,82063.15270571239,False,False,False,False,37202.15694375203,False,False,False,False
2024-11-29 17:00:00+00:00,56.515,56.58,56.465,56.565,5224.0,,,,,56.16864762620776,58.09303153747497,57.71122724133506,57.89126420694179,,,,,56.15662270496937,58.56776961582649,58.217558002390426,57.68331868011307,,57.56117995190737,#000000,3.0660961797999264,57.674092402860225,-0.3617278577779643,51.413157728588295,-2.558420493516387,True,False,True,False,True,0.0,0.0,0.0,0.0,0.0,1,0.9213008329250374,0.8163890249877508,False,False,False,False,-0.16605680109761015,-0.175923612630001,False,False,False,False,82498.0,82069.89452422847,False,False,False,False,36706.37156477913,False,False,False,False
2024-12-02 17:00:00+00:00,55.62,56.22,55.55,56.205,34034.0,,,,,56.155505947900515,58.06002465898331,57.69875191824253,57.87996285025852,,,,,56.148335395031744,58.537648265549045,58.19653192025168,57.67068752045822,,57.54343105958445,#000000,3.0830126719063373,57.65523244212298,-0.4703945771414072,50.48180746672625,-2.558420493516387,True,False,False,False,True,0.0,0.0,0.0,0.0,0.0,1,0.9044399780741831,0.8205128205128204,False,False,False,False,-0.20590341506023116,-0.19091351384511607,False,False,False,False,48464.0,81548.87290369779,False,False,False,False,36664.93944749573,False,False,False,False
2024-12-03 17:00:00+00:00,56.345,56.65,56.2,56.27,39837.0,,,,,56.17292460057784,58.02957376824817,57.687591291867655,57.86954362917327,,,,,56.16083169053487,58.50842681652717,58.176593696498166,57.65944703185471,,57.53311656566024,#000000,3.0984600534301907,57.55372727919077,-0.4143113859962779,50.33942443291336,-2.558420493516387,True,False,False,False,True,0.0,0.0,0.0,0.0,0.0,1,0.9067786296701965,0.8188511622246563,False,False,False,False,-0.17211421603728697,-0.18151386494120153,False,False,False,False,88301.0,81653.55704472573,False,False,False,False,36714.11868086788,False,False,False,False
2024-12-04 17:00:00+00:00,56.505,56.64,56.33,56.625,40374.0,,,,,56.1998186649881,58.00265904216664,57.6778101478113,57.86023197490436,,,,,56.18059301881529,58.48174299328415,58.15856238322989,57.64963024324322,,57.52638105855537,#000000,3.1084177705121867,57.548726001834936,-0.29716919347129134,52.683742115555205,-1.11621107784552,True,False,True,False,True,0.0,0.0,0.0,0.0,0.0,1,0.9122646682507777,0.8153293121306282,False,False,False,False,-0.16838512367844324,-0.17494949430982237,False,False,False,False,128675.0,82382.57166418734,False,False,False,False,36770.86102690094,False,False,False,False
2024-12-05 17:00:00+00:00,53.64,53.815,52.81,52.83,74012.0,,,,,55.83153090126093,57.8479692980132,57.608674208167834,57.80091300693097,,,,,55.91103883046476,58.3530331116659,58.059932357440765,57.578984504211064,,57.37400952726943,"rgba(239, 83, 80, 1.0)",3.186290180934096,57.31924622246199,-1.4089257310349308,42.04639866728017,-3.250768613727338,True,False,False,True,False,0.0,0.0,0.0,0.0,0.0,0,0.903926042946581,0.8202562752325786,False,False,False,False,-0.34282825441539394,-0.25888887436260816,False,False,False,False,54663.0,81952.8108631922,False,False,False,False,37348.24302648387,False,False,False,False
2024-12-06 17:00:00+00:00,51.83,52.1,51.74,51.94,135827.0,,,,,55.12282917396566,57.520604104136304,57.4537374212697,57.668169125677714,,,,,55.35166548835382,58.0803263502416,57.84594252003741,57.420626688885584,,57.05798760907097,"rgba(239, 83, 80, 1.0)",3.2833218429395923,56.609301059349896,-1.422127126949402,33.9573457456539,-10.141186655571943,False,False,False,True,False,0.0,0.0,0.0,0.0,0.0,0,0.9031526291298289,0.830328059562587,False,False,False,False,-0.34282825441539394,-0.30085856438900105,False,False,False,False,-81164.0,79423.8680591117,False,False,False,False,38875.0454601818,False,False,False,False
2024-12-09 17:00:00+00:00,53.1,53.11,52.57,52.635,34897.0,,,,,55.01808032294635,57.454093902175885,57.42116419727983,57.63990496002673,,,,,55.261845221349404,58.023072071080854,57.80086066855059,57.38740238834681,,57.00080296646956,"rgba(239, 83, 80, 1.0)",3.357412332074731,56.56491439727638,-1.1705188426611493,31.643646313763988,-11.692448525163577,False,True,False,True,False,0.0,0.0,0.0,0.0,0.0,0,0.9039319010944475,0.8291736637906072,False,False,False,False,-0.2904345122387268,-0.2956465383138639,False,False,False,False,-46267.0,77475.17243028826,False,False,False,False,38813.37033676813,False,False,False,False
2024-12-10 17:00:00+00:00,53.225,53.38,53.075,53.145,44102.0,,,,,54.92117199869469,57.38010790984849,57.38437472695371,57.60775078174595,,,,,55.174952829347276,57.95821794849121,57.749776314311994,57.34992148011368,,56.940784248688374,"rgba(239, 83, 80, 0.5)",3.414428945962552,56.523487211285655,-0.9894735736939555,32.16596128381853,-11.692448525163577,False,True,False,True,False,0.0,0.0,0.0,0.0,0.0,0,0.9091543156059292,0.8154024992734669,False,False,False,False,-0.2688371885956786,-0.28224186345477126,False,False,False,False,-2165.0,76240.44107477991,False,False,False,False,38895.36459511281,False,False,False,False
2024-12-11 17:00:00+00:00,53.615,53.665,53.31,53.51,37055.0,,,,,54.860038203702956,57.32415357358479,57.35610048783851,57.58287652892722,,,,,55.117501595850875,57.90835576336421,57.710450174442485,57.32114646678908,,56.89757784931251,"rgba(239, 83, 80, 0.5)",3.4620610652932933,56.49529385016953,-0.8622880399472763,33.938214388085825,-11.692448525163577,False,True,False,True,False,0.0,0.0,0.0,0.0,0.0,0,0.9129702740362293,0.8086391082210868,False,False,False,False,-0.25448331691049064,-0.268362590182631,False,False,False,False,34890.0,75599.34896509339,False,False,False,False,38866.831810692456,False,False,False,False
2024-12-12 17:00:00+00:00,53.84,53.905,53.48,53.515,26842.0,,,,,54.823094758852456,57.28604574549956,57.33659916458647,57.56564856196945,,,,,55.08162378048615,57.87403719111455,57.68333404238639,57.3013131663559,,56.86896205140636,"rgba(239, 83, 80, 0.5)",3.507095808358951,56.47655641936486,-0.8444469672901921,35.14023834876936,-11.692448525163577,False,False,False,True,True,0.0,0.0,0.0,0.0,0.0,0,0.9214215087535632,0.8053277496655615,False,False,False,False,-0.24323805503956478,-0.25580032261109786,False,False,False,False,61732.0,75384.35130671985,False,False,False,False,38680.40030975149,False,False,False,False
2024-12-13 17:00:00+00:00,53.35,53.49,53.245,53.28,26964.0,,,,,54.77949545204234,57.2455205635839,57.315669610983754,57.54720595162476,,,,,55.04029411919865,57.83775305661625,57.654497579252165,57.280018176976185,,56.837556813784744,"rgba(239, 83, 80, 0.5)",3.5516803179735916,56.45151782613434,-0.8929626380180095,35.32219387784625,-11.692448525163577,False,False,False,True,True,0.0,0.0,0.0,0.0,0.0,0,0.91645790853481,0.8133993591610833,False,False,False,False,-0.2610950921504804,-0.25844770738078915,False,False,False,False,34768.0,74754.64043374745,False,False,False,False,38498.75069254604,False,False,False,False
2024-12-16 17:00:00+00:00,53.16,53.22,52.925,53.095,27543.0,,,,,54.73000348736969,57.20229452792402,57.293141681001316,57.5273865945242,,,,,54.99394427189566,57.79919043918187,57.62369491887436,57.25709069324389,,56.80334332675187,"rgba(239, 83, 80, 0.5)",3.597001205959707,56.42127373326508,-0.9247352288217007,34.94398372615822,-11.692448525163577,False,False,False,True,True,0.0,0.0,0.0,0.0,0.0,0,0.9097818519378053,0.816314690183337,False,False,False,False,-0.27744570574084,-0.26794670656081454,False,False,False,False,7225.0,73707.66926423198,False,False,False,False,38328.894092661605,False,False,False,False
2024-12-17 17:00:00+00:00,52.68,52.705,52.36,52.52,31750.0,,,,,54.658494657699976,57.147044887878046,57.264106629386994,57.50195003393521,,,,,54.928525032911644,57.75039946807496,57.584449016889835,57.22752007426823,,56.75781122513061,"rgba(239, 83, 80, 1.0)",3.6550036689201466,56.375988393907704,-1.054988925646396,33.23280874566879,-11.692448525163577,False,True,False,True,True,0.0,0.0,0.0,0.0,0.0,0,0.9064340995726008,0.8185861152824303,False,False,False,False,-0.30776168716060737,-0.28785419686071095,False,False,False,False,-24525.0,72184.68214385629,False,False,False,False,38226.895734635844,False,False,False,False
2024-12-18 17:00:00+00:00,52.49,52.71,51.63,51.815,59202.0,,,,,54.50963521601884,57.03715822496387,57.205546223319345,57.45072511242593,,,,,54.792906029695914,57.65370602514357,57.50611279676759,57.167864183263475,,56.66545672644982,"rgba(239, 83, 80, 1.0)",3.724621901120464,56.27932608795097,-1.1985984635401479,30.600568022904703,-13.812616340564531,False,True,False,True,False,0.0,0.0,0.0,0.0,0.0,0,0.8975972540045773,0.822311212814645,False,False,False,False,-0.3284216172850416,-0.30813790707287625,False,False,False,False,-83727.0,69767.446761781,False,False,False,False,38552.09114960273,False,False,False,False
2024-12-19 17:00:00+00:00,51.89,51.94,51.56,51.575,33948.0,,,,,54.42028718911909,56.97186076904505,57.170251545395715,57.4198536487928,,,,51.69166666666666,54.7112795345695,57.59625652151533,57.45928610916183,57.13190851286576,51.69166666666666,56.063627833014635,"rgba(239, 83, 80, 1.0)",3.786953758070684,55.877841032272315,-1.1362275082187572,28.38666649740179,-16.152842724317267,False,True,False,True,False,0.0,1.0,51.94,51.56,0.0,0,0.8956456456456464,0.8373758373758371,True,False,False,False,-0.34282825441539394,-0.3254830807441351,False,False,False,False,-117675.0,66861.36231586192,False,False,False,False,38480.709891469356,True,False,False,False
2024-12-20 17:00:00+00:00,52.43,52.7,52.225,52.27,25442.0,,,,,54.37335637943954,56.9303711740905,57.1474689303322,57.399761018985785,,,,51.99439462311276,54.66653756757372,57.55898875560654,57.428923361711945,57.10873014582304,51.99439462311276,56.06761466185289,"rgba(239, 83, 80, 0.5)",3.8311945576724042,55.86547513747617,-0.9384736492371067,30.724102729476087,-16.152842724317267,False,True,False,True,False,0.0,0.0,0.0,0.0,0.0,0,0.9026111908177914,0.8287517934002868,False,False,False,False,-0.3026351454295043,-0.3140591130868197,False,False,False,False,-92233.0,64394.78305515088,False,False,False,False,38278.55935051634,False,False,False,False
2024-12-23 17:00:00+00:00,51.88,51.88,51.88,51.88,0.0,,,,,54.37335637943954,56.9303711740905,57.1474689303322,57.399761018985785,,,,51.99439462311276,54.66653756757372,57.55898875560654,57.428923361711945,57.10873014582304,51.99439462311276,56.06761466185289,"rgba(239, 83, 80, 1.0)",3.8671052387965648,55.86547513747617,-1.030609432991908,31.258914833382132,-16.152842724317267,False,True,False,True,True,0.0,0.0,0.0,0.0,0.0,0,0.9040389573188206,0.8328845602979087,False,False,False,False,-0.33541827908310845,-0.3247386960849641,False,False,False,False,-92233.0,61966.4453333656,False,False,False,False,37685.09331407423,False,False,False,False
2024-12-24 17:00:00+00:00,52.97,53.045,52.92,53.025,3933.0,,,,,54.36843439669088,56.92486241568999,57.14440770771815,57.39703917204728,,,,52.05664587380046,54.66155895442791,57.553937712687286,57.42481655943831,57.1056198804081,52.05664587380046,56.07081363032316,"rgba(239, 83, 80, 0.5)",3.8830964622495587,55.86586074522446,-0.7315967483276712,36.63867572741597,-18.751664114921006,False,False,False,True,True,0.0,0.0,0.0,0.0,0.0,0,0.9025317892824711,0.8369096276112621,False,False,False,False,-0.2738955358166834,-0.2993171159508238,False,False,False,False,-88300.0,59636.73300261574,False,False,False,False,37161.80504563897,False,False,False,False
2024-12-25 17:00:00+00:00,53.025,53.025,53.025,53.025,0.0,,,,,54.36843439669088,56.92486241568999,57.14440770771815,57.39703917204728,,,,52.05664587380046,54.66155895442791,57.553937712687286,57.42481655943831,57.1056198804081,52.05664587380046,56.07081363032316,"rgba(239, 83, 80, 0.5)",3.887248213797979,55.86586074522446,-0.7308153709198929,40.225182990105196,-15.43595446629368,True,False,False,True,True,0.0,0.0,0.0,0.0,0.0,0,0.9031834778639896,0.837802373345504,False,False,False,False,-0.27156661168974716,-0.28544186382028547,False,False,False,False,-88300.0,57343.14024288527,False,False,False,False,36585.65302942751,False,False,False,False
2024-12-26 17:00:00+00:00,52.86,52.945,52.74,52.91,15244.0,,,,,54.34788558757348,56.90294509834753,57.13220989763059,57.38620651371059,,,,52.21348717230729,54.641035422476044,57.533902915350794,57.408499407462145,57.09322419227207,52.21348717230729,56.073266245236724,"rgba(239, 83, 80, 0.5)",3.8867538425313657,55.86109732096827,-0.7592704453457958,42.18126420942683,-13.62234634364787,True,False,False,True,True,0.0,0.0,0.0,0.0,0.0,0,0.9036867676479002,0.8349242640754501,False,False,False,False,-0.28158798243000766,-0.2835149231251466,False,False,False,False,-103544.0,54848.76597555371,False,False,False,False,36254.774687886,False,False,False,False
2024-12-27 17:00:00+00:00,52.855,53.05,52.74,53.01,13548.0,,,,,54.330908870386466,56.88399019223604,57.121600058912065,57.37676728806743,,,,52.31936000289493,54.62387168340188,57.51649878715497,57.394311988945105,57.08244533546467,52.31936000289493,56.072194911940386,"rgba(239, 83, 80, 0.5)",3.8760421580280457,55.85538052616456,-0.7340943184199424,43.956520197872855,-11.883654313795986,True,False,False,True,True,0.0,0.0,0.0,0.0,0.0,0,0.9028919680331176,0.8395331455183118,False,False,False,False,-0.2786995536865448,-0.2811072384058457,False,False,False,False,-89996.0,52603.11068911102,False,False,False,False,35902.73166946916,False,False,False,False
2024-12-30 17:00:00+00:00,52.93,53.32,52.92,53.165,25832.0,,,,,54.304154817196725,56.850165441424735,57.102485080109886,57.359691769009665,,,,52.49799627516314,54.595875688880426,57.48512081791342,57.36872028347214,57.06303873913135,52.49799627516314,56.069694323589054,"rgba(239, 83, 80, 0.5)",3.845348082277308,55.8459679002909,-0.6971977160265731,45.90514914495655,-9.919682214454156,True,False,False,True,True,0.0,0.0,0.0,0.0,0.0,0,0.8982173663024733,0.8371477860839562,False,False,False,False,-0.26637112093799964,-0.2737391796719227,False,False,False,False,-64164.0,50792.767887729446,False,False,False,False,35746.596294748706,False,False,False,False
2024-12-31 17:00:00+00:00,53.315,53.41,53.155,53.26,14787.0,,,,,54.29114210019268,56.83179577492115,57.09200857742462,57.3503008349748,,,,52.58455702131079,54.58180961187519,57.46793215821227,57.35468863050051,57.05240834847949,52.58455702131079,56.06740478421017,"rgba(239, 83, 80, 0.5)",3.8092785015935235,55.84075101933083,-0.677490768462121,47.69396635533485,-8.06693385329205,True,False,False,False,True,0.0,0.0,0.0,0.0,0.0,0,0.9012097930164562,0.8365919385356344,False,False,False,False,-0.25751639639852714,-0.2656277880352249,False,False,False,False,-49377.0,49239.74823055534,False,False,False,False,35421.641313434775,False,False,False,False
2025-01-01 17:00:00+00:00,53.26,53.26,53.26,53.26,0.0,,,,,54.29114210019268,56.83179577492115,57.09200857742462,57.3503008349748,,,,52.58455702131079,54.58180961187519,57.46793215821227,57.35468863050051,57.05240834847949,52.58455702131079,56.06740478421017,"rgba(239, 83, 80, 0.5)",3.7742724947815787,55.84075101933083,-0.6837744288201385,48.88651116225372,-6.722291582218361,True,False,False,False,True,0.0,0.0,0.0,0.0,0.0,0,0.9070464767616199,0.8373889978087878,False,False,False,False,-0.2587400516921709,-0.26218391986369793,False,False,False,False,-49377.0,47710.806397523476,False,False,False,False,34872.468579893146,False,False,False,False
2025-01-02 17:00:00+00:00,53.155,53.285,52.96,53.13,19761.0,,,,,54.27176492261311,56.80651672478262,57.07755054813594,57.33735876636227,,,,52.65459009585014,54.561368442167506,57.444365594353506,57.3354025871051,57.03773449974864,52.65459009585014,56.05851690901321,"rgba(239, 83, 80, 0.5)",3.6914878674696427,55.829565683324354,-0.7312947462495085,48.85701940034318,-6.433038033481985,True,False,False,False,True,0.0,0.0,0.0,0.0,0.0,0,0.9031177829099315,0.8390877598152424,False,False,False,False,-0.26623458818879897,-0.26420925402624845,False,False,False,False,-69138.0,45899.19699601149,False,False,False,False,34638.182245321164,False,False,False,False
2025-01-03 17:00:00+00:00,53.415,53.875,53.365,53.84,35008.0,,,,,54.25522438790366,56.76935381618898,57.05584016348756,57.317691880416994,,,,52.848530050185865,54.540314421681686,57.40864922164829,57.30621842207077,57.0157432668742,52.848530050185865,56.05750729227311,"rgba(239, 83, 80, 0.5)",3.5890077112415413,55.82398138942517,-0.5527938497348203,52.73976126261039,-2.522971061274461,True,False,True,False,True,0.0,0.0,0.0,0.0,0.0,0,0.9030831945800084,0.834759143365677,False,False,False,False,-0.23924964838221313,-0.2517294512042308,False,False,False,False,-34130.0,44658.43425188728,False,False,False,False,34643.91585392084,False,False,False,False
2025-01-06 17:00:00+00:00,54.435,54.47,54.185,54.29,24405.0,,,,,54.25639270499808,56.749097777224684,57.043637164103835,57.3064368789784,,,,53.01742031919512,54.53656800304501,57.388249423630775,57.289601926372434,57.00341960492341,53.01742031919512,56.06564708916353,#000000,3.4933469753361153,55.82924252720723,-0.4406211401485904,57.17369556399838,1.69556717329192,True,False,True,False,True,0.0,0.0,0.0,0.0,0.0,0,0.9114315139031933,0.8316741045886259,False,False,False,False,-0.20144511677530927,-0.22658728398977002,False,False,False,False,-9725.0,43815.28023247817,False,False,False,False,34485.1729724647,False,False,False,False
2025-01-07 17:00:00+00:00,54.685,54.865,54.52,54.665,23809.0,,,,,54.264381172576336,56.73259801250952,57.03342939501246,57.29687975221919,,,,53.1856887213622,54.53891074673422,57.3709597797782,57.27555356882096,56.99313721840315,53.1856887213622,56.07683759637958,#000000,3.389819648927085,55.838342199950226,-0.3461370578584033,61.44444218251597,5.620510782820183,True,False,True,False,True,0.0,0.0,0.0,0.0,0.0,0,0.9099851309619132,0.8297495138968319,False,False,False,False,-0.182168065503937,-0.2043776747468535,False,False,False,False,14084.0,43354.33015135448,False,False,False,False,34319.650910876095,False,False,False,False
2025-01-08 17:00:00+00:00,54.195,54.35,54.095,54.19,30030.0,,,,,54.26316579820391,56.70745491005814,57.01812080988155,57.282766729009424,,,,53.30162650315275,54.53245226639466,57.34569304770687,57.254864036266255,56.97767550809356,53.30162650315275,56.07597995652968,#000000,3.307122081124214,55.83695656892991,-0.4980029549952528,60.97865157103793,5.620510782820183,True,False,True,False,True,0.0,0.0,0.0,0.0,0.0,0,0.9020314735336202,0.834678111587983,False,False,False,False,-0.20701742981722737,-0.20569755228204045,False,False,False,False,-15946.0,42434.94518776759,False,False,False,False,34253.1446952036,False,False,False,False
2025-01-09 17:00:00+00:00,54.19,54.19,54.19,54.19,0.0,,,,,54.26316579820391,56.70745491005814,57.01812080988155,57.282766729009424,,,,53.30162650315275,54.53245226639466,57.34569304770687,57.254864036266255,56.97767550809356,53.30162650315275,56.07597995652968,"rgba(239, 83, 80, 0.5)",3.2071466858977247,55.83695656892991,-0.5135270476314067,60.66812449671924,5.620510782820183,True,False,True,False,True,0.0,0.0,0.0,0.0,0.0,0,0.9022152994115618,0.8414676358601594,False,False,False,False,-0.20874474989563999,-0.2072211510888402,False,False,False,False,-15946.0,41529.8142546239,False,False,False,False,33722.08818830122,False,False,False,False
2025-01-10 17:00:00+00:00,53.12,54.27,53.07,54.2,48780.0,,,,,54.24813047400489,56.66184592949783,56.99041639453863,57.25742291120693,,,,53.386156795230086,54.5111498437414,57.30081983033362,57.2178853618364,56.94965668378888,53.386156795230086,56.05816491379763,"rgba(239, 83, 80, 0.5)",3.0962912601316215,55.820102189714596,-0.5232395965377379,60.51130886302077,5.620510782820183,True,False,True,False,True,0.0,0.0,0.0,0.0,0.0,0,0.8873450562121658,0.8485442490631309,False,False,False,False,-0.23655701541276714,-0.22188908325080367,False,False,False,False,32834.0,41394.99542897082,False,False,False,False,33955.54418538182,False,False,False,False
2025-01-13 17:00:00+00:00,54.36,54.5,54.255,54.39,23788.0,,,,,54.250440596211135,56.64425509879111,56.97935033630456,57.24711631762185,,,,53.456154249737665,54.509217694222535,57.28267698494044,57.202957739789255,56.938498745522175,53.456154249737665,56.056740862571196,#000000,2.9801857551392725,55.81910797146304,-0.4795365419751339,61.39608189764515,6.380379914980864,True,False,True,False,True,0.0,0.0,0.0,0.0,0.0,0,0.8971914008321784,0.8478386500231164,False,False,False,False,-0.19879598688672825,-0.21034253506876596,False,False,False,False,56622.0,41631.07301921934,False,False,False,False,33797.90784142241,False,False,False,False
2025-01-14 17:00:00+00:00,54.655,54.92,54.595,54.715,39291.0,,,,,54.26413326149833,56.6203374907574,56.96379288133455,57.23238194628648,,,,53.59008896839563,54.51484912469303,57.256874021354754,57.18175969949895,56.922856923159756,53.59008896839563,56.06078603521988,#000000,2.8415288202015367,55.824178301466475,-0.39034561028587506,63.526669444519754,8.712925938523995,True,False,True,False,True,0.0,0.0,0.0,0.0,0.0,0,0.9023148148148157,0.8405671296296299,False,False,False,False,-0.17874956406796133,-0.19454604956836363,False,False,False,False,95913.0,42472.653282487256,False,False,False,False,33883.07206093524,False,False,False,False
2025-01-15 17:00:00+00:00,55.215,55.53,55.205,55.405,33732.0,,,,,54.29012651660172,56.607082595305755,56.95438862617556,57.22307031350707,,,,53.73687161166728,54.532353715879964,57.24064246925328,57.16852630495607,56.91347598899816,53.73687161166728,56.074059793593875,#000000,2.7041168263983555,55.838706312855344,-0.16038741692717504,67.42313791511344,12.541550727366001,True,False,True,False,True,0.0,0.0,0.0,0.0,0.0,0,0.9037045559134844,0.8319144040497011,False,False,False,False,-0.1468577352696637,-0.17070189241901368,False,False,False,False,129645.0,43824.16253392156,False,False,False,False,33880.72985844012,False,False,False,False
2025-01-16 17:00:00+00:00,55.29,55.345,55.145,55.29,26527.0,,,,,54.30757371718146,56.59585615229032,56.94651342122954,57.215340593495355,,,,53.82914668904799,54.54375019459311,57.227263167964466,57.15756613323638,56.905607474824784,53.82914668904799,56.08095750487371,#000000,2.5502820458752042,55.8469010245391,-0.21836840573764238,68.98164656346592,14.096052042072046,True,False,True,False,True,0.0,0.0,0.0,0.0,0.0,0,0.9020499827248656,0.8361165495796387,False,False,False,False,-0.15323646084411083,-0.16196917663156224,False,False,False,False,103118.0,44743.446835721224,False,False,False,False,33766.71854280539,False,False,False,False
2025-01-17 17:00:00+00:00,57.475,57.89,57.43,57.51,123197.0,,,,,54.56220319128874,56.63364533940996,56.960532461440565,57.222428079390696,,,,54.65933976102462,54.75166057020869,57.2389050809722,57.16931930884791,56.920838455577695,54.65933976102462,56.23543024979567,"rgba(38, 166, 154, 0.5)",2.3742837231885545,56.05551829309357,0.6125981038833579,74.42638563054274,19.189176289763225,True,False,True,False,True,5.660823272539112,0.0,0.0,0.0,0.0,0,0.9072286451902577,0.8353911774609948,False,False,False,False,-0.029094033041814283,-0.09553160483668827,False,False,False,False,226315.0,47558.509675477486,False,False,False,False,35153.234534389805,False,False,False,False
2025-01-20 17:00:00+00:00,57.51,57.51,57.51,57.51,0.0,,,,,54.56220319128874,56.63364533940996,56.960532461440565,57.222428079390696,,,,54.65933976102462,54.75166057020869,57.2389050809722,57.16931930884791,56.920838455577695,54.65933976102462,56.23543024979567,"rgba(38, 166, 154, 0.5)",2.1762631270593418,56.05551829309357,0.6683390849303158,78.05621167526061,22.440474619233683,True,False,True,False,True,5.660823272539112,0.0,0.0,0.0,0.0,0,0.9129992655782166,0.8352635444325182,False,False,False,False,-0.03673976402799573,-0.066135684432342,False,False,False,False,226315.0,50329.92813012125,False,False,False,False,34608.22314625973,False,False,False,False
2025-01-21 17:00:00+00:00,57.57,57.68,57.205,57.235,45893.0,,,,,54.64069142948343,56.643772226756674,56.96375626144777,57.223430903433815,,,,54.864549878766404,54.81624976446683,57.24041122885756,57.171274656300284,56.9244541268153,54.864549878766404,56.276510052925346,"rgba(38, 166, 154, 0.5)",1.9728180717298927,56.09744591922459,0.5766137775582769,78.51004238007863,22.83129399805263,True,False,True,False,True,4.645375443846067,0.0,0.0,0.0,0.0,0,0.9087564385577637,0.8395313295975553,False,False,False,False,-0.0401816907855241,-0.05315868760893305,False,False,False,False,180422.0,52346.85947694107,False,False,False,False,34783.18092693787,False,False,False,False
2025-01-22 17:00:00+00:00,57.23,57.23,56.79,56.88,29719.0,,,,,54.68199944425189,56.64660976905537,56.963770906060304,57.222330687990514,,,,54.96267357915249,54.85001872993629,57.23843939336649,57.17001257567402,56.924671428483144,54.96267357915249,56.29561405710783,#000000,1.7304417365526967,56.11432039666864,0.442476384588778,76.39724482909463,22.83129399805263,True,False,True,False,True,3.3461567947724475,0.0,0.0,0.0,0.0,0,0.9031783734871629,0.8464540210383443,False,False,False,False,-0.0622616222928408,-0.057710154950886924,False,False,False,False,150703.0,53871.76088039934,False,False,False,False,34704.66649396209,False,False,False,False
2025-01-23 17:00:00+00:00,57.18,57.31,57.055,57.185,27595.0,,,,,54.72257775112703,56.65095386374458,56.96479197313746,57.22217614473164,,,,55.054924016726154,54.88355214729996,57.238073271483636,57.17008843506385,56.92590192197248,55.054924016726154,56.31478216947631,"rgba(38, 166, 154, 0.5)",1.6728733090428631,56.13437792609426,0.6280344531929065,75.74045826510581,22.83129399805263,True,False,True,False,False,4.356432055609002,0.0,0.0,0.0,0.0,0,0.9094098342103778,0.8426413172636225,False,False,False,False,-0.05344910618859264,-0.05557963056973978,False,False,False,False,178298.0,55800.849858997804,False,False,False,False,34594.439106458805,False,False,False,False
2025-01-24 17:00:00+00:00,57.37,57.48,57.235,57.29,26527.0,,,,,54.76269239088447,56.65623498101596,56.96643961433545,57.222604320685015,,,,55.14248036564582,54.91695826800695,57.23868839549943,57.17098631495088,56.927764225689,55.14248036564582,56.33387209741256,"rgba(38, 166, 154, 0.5)",1.6773973351057077,56.15577103530477,0.6761838360878012,75.56201086297764,22.83129399805263,True,False,True,False,False,4.704601385207674,0.0,0.0,0.0,0.0,0,0.9091899329243829,0.8438342028320818,False,False,False,False,-0.044517332952377316,-0.05004848176105855,False,False,False,False,204825.0,58111.30179916838,False,False,False,False,34469.36253116487,False,False,False,False
2025-01-27 17:00:00+00:00,57.295,57.595,57.185,57.5,16259.0,,,,,54.787530980694854,56.65986350506458,56.967691635198115,57.223077887073146,,,,55.19500610277842,54.93774661830272,57.239416756093036,57.171836715037486,56.929152369082495,55.19500610277842,56.34570250770277,"rgba(38, 166, 154, 0.5)",1.6924614571043246,56.16942185592608,0.786179288449167,75.97269158155694,22.83129399805263,True,False,True,False,False,5.4046082344595625,0.0,0.0,0.0,0.0,0,0.9070608495981637,0.8460390355912746,False,False,False,False,-0.0428593987710328,-0.04645394026604567,False,False,False,False,221084.0,60638.01029840608,False,False,False,False,34187.03132913131,False,False,False,False
2025-01-28 17:00:00+00:00,57.255,57.46,57.19,57.345,20996.0,,,,,54.81779886581856,56.66392463901811,56.96896581504254,57.22340233583718,,,,55.256624485555726,54.96308205524731,57.239876038558094,57.17252025752995,56.93059343918333,55.256624485555726,56.35964310353231,"rgba(38, 166, 154, 0.5)",1.7067072243209902,56.18525178379599,0.6795238220576534,74.9531764191374,22.83129399805263,True,False,True,False,False,4.806062140232331,0.0,0.0,0.0,0.0,0,0.9113652194102629,0.8395635012769912,False,False,False,False,-0.0461755117421467,-0.04631472600409618,False,False,False,False,200088.0,62800.025642616834,False,False,False,False,33982.519215501365,False,False,False,False
2025-01-29 17:00:00+00:00,57.335,57.52,57.19,57.41,18337.0,,,,,54.844078907324594,56.667650328455,56.97019835594438,57.22379255852794,,,,55.30862705009548,54.985155853878766,57.24045382009584,57.17326751791452,56.93197346863483,55.30862705009548,56.371688651207926,"rgba(38, 166, 154, 0.5)",1.7220218893461536,56.1991364554707,0.7031638517609421,74.48369296296315,22.83129399805263,True,False,True,False,False,5.028952159330821,0.0,0.0,0.0,0.0,0,0.9183360829601703,0.8349634692434599,False,False,False,False,-0.04464487636577377,-0.04547980118493498,False,False,False,False,218425.0,65212.8159427313,False,False,False,False,33739.95302611375,False,False,False,False
2025-01-30 17:00:00+00:00,57.65,58.015,57.0,57.33,26243.0,,,,,54.88185071988867,56.67347428396374,56.9722750399042,57.22462583061498,,,,55.38130380263454,55.01702279533039,57.241733895854566,57.174724637055085,56.93426668126559,55.38130380263454,56.38903085405686,"rgba(38, 166, 154, 0.5)",1.7340987014314424,56.219492774359495,0.640394473926897,73.40514526743199,22.83129399805263,True,False,True,False,False,4.711074335118351,0.0,0.0,0.0,0.0,0,0.923371421840029,0.8271881258098719,False,False,False,False,-0.03686722677972022,-0.0411735139823276,False,False,False,False,192182.0,67181.33042423934,False,False,False,False,33623.72119625152,False,False,False,False
2025-01-31 17:00:00+00:00,57.475,57.84,57.0,57.155,27995.0,,,,,54.91917718259195,56.67867090061154,56.97393251604759,57.22504790814251,,,,55.44950094884086,55.04853241191441,57.24232079766699,57.1756065331268,56.936140527834645,55.44950094884086,56.405436636308586,"rgba(38, 166, 154, 0.5)",1.743781145867965,56.23844955254448,0.5256109401270701,70.99120997024303,24.843060916489364,True,False,True,False,False,4.01055488362616,0.0,0.0,0.0,0.0,0,0.9223586069184245,0.8329124331943386,False,False,False,False,-0.0413292071687434,-0.0412513605755355,False,False,False,False,164187.0,68685.29429363097,False,False,False,False,33536.4542009608,False,False,False,False
2025-02-03 17:00:00+00:00,56.475,56.87,56.31,56.665,61307.0,,,,,54.97393410014717,56.677588735327305,56.97034364807893,57.219825123086224,,,,55.53239979402884,55.093879778427606,57.233481780446034,57.16879171622919,56.932858295464925,55.53239979402884,56.42256699680403,#000000,1.743549481027912,56.228863439434576,0.25014292127132404,65.3339858770208,19.53568709519726,True,False,True,False,False,2.075254166183182,0.0,0.0,0.0,0.0,0,0.9148052859314707,0.8397263477955796,False,False,False,False,-0.08376139885510885,-0.06250637971532218,False,False,False,False,102880.0,69215.4447696987,False,False,False,False,33967.00529862032,False,False,False,False
2025-02-04 17:00:00+00:00,57.23,57.405,57.045,57.315,36931.0,,,,,55.017456320402005,56.68344060939942,56.972047918762016,57.22000559839135,,,,55.603175070607634,55.13092075059961,57.23366288567132,57.169418412882976,56.934829521809064,55.603175070607634,56.44055078761394,"rgba(38, 166, 154, 0.5)",1.7446880461498802,56.265193901678664,0.6017156480426463,64.85799742113853,19.16313361021146,True,False,True,False,False,4.415512562503814,0.0,0.0,0.0,0.0,0,0.917145200984414,0.841439118715575,False,False,False,False,-0.05127923198785944,-0.05689280585159081,False,False,False,False,139811.0,70309.94950195144,False,False,False,False,34012.958704843266,False,False,False,False
2025-02-05 17:00:00+00:00,57.725,57.745,57.25,57.46,29472.0,,,,,55.05446416400605,56.689871418614665,56.974487093767266,57.22108620056924,,,,55.662917603827346,55.1626853261825,57.235339729528434,57.1712386433186,56.93750308075103,55.662917603827346,56.45662147339612,"rgba(38, 166, 154, 0.5)",1.7552098768271618,56.293786080496226,0.6644298980426796,65.15664927733542,19.16313361021146,True,False,True,False,False,4.927389724627631,0.0,0.0,0.0,0.0,1,0.9170474516695963,0.8429994141769188,False,False,False,False,-0.03737708980234998,-0.04713494782697039,False,False,False,False,169283.0,71844.41540114599,False,False,False,False,33942.55624430306,False,False,False,False
2025-02-06 17:00:00+00:00,57.68,57.92,57.64,57.91,20517.0,,,,,55.08307461795324,56.69616680301339,56.97728777810672,57.222791014580345,,,,55.70963216290264,55.187445469732054,57.23805804861528,57.173846533472634,56.94048970452307,55.70963216290264,56.469865792544375,"rgba(38, 166, 154, 0.5)",1.7732410343113747,56.31729758626972,0.8981872080062674,67.08682399327799,19.16313361021146,True,False,True,False,True,6.500511180961734,0.0,0.0,0.0,0.0,0,0.9176456835583617,0.8410193465427553,False,False,False,False,-0.02297993857386491,-0.03505744320041765,False,False,False,False,189800.0,73673.1841546166,False,False,False,False,33734.40808547666,False,False,False,False
2025-02-07 17:00:00+00:00,57.68,57.995,57.605,57.97,17967.0,,,,,55.10794683495993,56.701783938728866,56.97982127203954,57.22435846131664,,,,55.749531801852115,55.209022272862235,57.24055236095345,57.176229557007005,56.94318676518832,55.749531801852115,56.48138147387868,"rgba(38, 166, 154, 0.5)",1.7970816231769409,56.336549398511984,0.9089462495311406,68.58899272341903,19.16313361021146,True,False,True,False,True,6.709099248623893,0.0,0.0,0.0,0.0,0,0.9151735886741472,0.8434471009810259,False,False,False,False,-0.021961102148699507,-0.028509272674558578,False,False,False,False,207767.0,75752.15804369231,False,False,False,False,33489.95214616694,False,False,False,False
2025-02-10 17:00:00+00:00,59.715,60.115,59.66,60.09,55048.0,,,,,55.237558594439435,56.74932353498386,57.005853192137764,57.24489094403857,,,,55.97608025367921,55.323723798221714,57.27367691147111,57.20562781019567,56.970108674018945,55.97608025367921,56.55409374590958,"rgba(0, 255, 255, 0.75)",1.8796162081898524,56.472240352151104,1.9247331620602222,74.03356502712785,19.507338259791226,True,False,True,False,True,13.464994522366549,0.0,0.0,0.0,0.0,0,0.9228245856353597,0.8411602209944753,False,False,False,False,0.08453055580285364,0.02801064156414753,False,False,False,False,262815.0,78652.35714379011,False,False,False,False,33824.185446226365,False,False,False,False
2025-02-11 17:00:00+00:00,60.625,60.855,60.45,60.685,20220.0,,,,60.66333333333334,55.29033296950759,56.7702203067891,57.01757032038391,57.25430651796104,,,,56.067028673842,55.37070825761293,57.28880282074018,57.21901261510757,56.982195145708936,56.067028673842,56.99235109609866,"rgba(0, 255, 255, 0.75)",1.980510315072359,56.74738849358115,1.988180256599669,78.31180062883934,23.310977083989314,True,False,True,False,True,15.160362784278089,0.0,0.0,0.0,0.0,0,0.923831506058858,0.8407963069821123,False,False,False,False,0.12391091546414311,0.07596077851414532,False,False,False,False,283035.0,81821.08028884763,False,False,False,False,33613.2678424089,False,False,False,False
2025-02-12 17:00:00+00:00,59.94,60.07,59.64,59.92,26669.0,,,,60.2159018817491,55.34842499472414,56.7919422782556,57.02960023066103,57.26379860240393,,,,56.16209166349319,55.42240298354223,57.303944854831606,57.23251269575362,56.99463508121373,56.16209166349319,56.97652552666282,"rgba(0, 255, 255, 0.75)",2.049488565076245,56.7696135843618,1.5371573519957655,76.60949090244962,23.310977083989314,True,False,True,False,True,12.015114774551545,0.0,0.0,0.0,0.0,0,0.9166666666666672,0.8476043099495646,False,False,False,False,0.08286416286172062,0.07941247068793297,False,False,False,False,256366.0,84527.20307506705,False,False,False,False,33505.60477508473,False,False,False,False
2025-02-13 17:00:00+00:00,60.01,60.045,59.65,59.905,15771.0,,,,60.12800228747739,55.382016689813135,56.80460426682167,57.036641911428184,57.26935822465165,,,,56.21596288892495,55.45235147136404,57.312781687482214,57.240401822535944,57.00191603328787,56.21596288892495,56.98440372837871,"rgba(38, 166, 154, 1.0)",2.114275413119689,56.7920601945106,1.4723435680009873,75.390246505099,23.310977083989314,True,False,True,False,False,11.954422324705412,0.0,0.0,0.0,0.0,0,0.9143398827990353,0.8503389635757785,False,False,False,False,0.08247967617578152,0.08094607343185725,False,False,False,False,240595.0,86946.85884134508,False,False,False,False,33230.649662292715,False,False,False,False
2025-02-14 17:00:00+00:00,60.165,60.24,59.72,59.73,12285.0,,,,60.09008170436098,55.40801197513951,56.81449136823935,57.04216082625537,57.273722359160885,,,,56.25718910151502,55.47555863883595,57.31970349163069,57.24658430764493,57.00762121215036,56.25718910151502,56.993512498493295,"rgba(38, 166, 154, 1.0)",2.170012230629355,56.81095158630175,1.3451760190548123,73.52177916320669,23.310977083989314,True,False,True,False,False,11.238343076163464,0.0,0.0,0.0,0.0,0,0.9160606928142006,0.8478671628972231,False,False,False,False,0.08927596251969416,0.08511101797577571,False,False,False,False,228310.0,89138.53544845601,False,False,False,False,32905.910907838566,False,False,False,False
2025-02-17 17:00:00+00:00,59.73,59.73,59.73,59.73,0.0,,,,60.09008170436098,55.40801197513951,56.81449136823935,57.04216082625537,57.273722359160885,,,,56.25718910151502,55.47555863883595,57.31970349163069,57.24658430764493,57.00762121215036,56.25718910151502,56.993512498493295,"rgba(38, 166, 154, 1.0)",2.2226619723302847,56.81095158630175,1.3133118980921146,72.27613426861181,27.5914521603994,True,False,True,False,False,11.238343076163464,0.0,0.0,0.0,0.0,0,0.9142035652673954,0.8568142610695804,False,False,False,False,0.07645915383182186,0.08078508590379879,False,False,False,False,228310.0,91296.23257328615,False,False,False,False,32395.741746476728,False,False,False,False
2025-02-18 17:00:00+00:00,59.915,60.135,59.705,60.03,13136.0,,,,60.070184792028556,55.43584598417567,56.825198096379445,57.04816207505596,57.278479171553755,,,,56.3009715971935,55.50043990891269,57.32723524269221,57.25331225631018,57.01382294829475,56.3009715971935,57.00536520725967,"rgba(38, 166, 154, 1.0)",2.2809977368852397,56.832265859608626,1.4019014962978273,72.31266797623064,27.372107750888333,True,False,True,False,False,12.16202543014803,0.0,0.0,0.0,0.0,0,0.9212304824050346,0.8499184339314849,False,False,False,False,0.08619741722106919,0.08349125156243399,False,False,False,False,241446.0,93624.13594424295,False,False,False,False,32097.14109924453,False,False,False,False
2025-02-19 17:00:00+00:00,59.555,60.15,59.235,60.11,21170.0,,,,60.02396618795251,55.47877279181745,56.84161768929662,57.05736842686342,57.28575371320154,,,,56.36705201368438,55.53885366904081,57.33871054788557,57.263586891450664,57.02334075856669,56.36705201368438,57.021902268975964,"rgba(38, 166, 154, 1.0)",2.3364186557924596,56.86284777109897,1.3897989646892586,72.56874086528082,27.287648342894087,True,False,True,False,False,12.408753923634261,0.0,0.0,0.0,0.0,0,0.9125430858211142,0.8565169130104577,False,False,False,False,0.07453889515300749,0.07901507335772073,False,False,False,False,262616.0,96244.1648443322,False,False,False,False,31927.728058946162,False,False,False,False
2025-02-20 17:00:00+00:00,59.99,60.405,59.965,60.39,33433.0,,,,60.077710348275446,55.55128813621175,56.87079218090945,57.07397536407577,57.29904692769122,,,,56.478622852393016,55.60397502071289,57.35964977403574,57.28228458609787,57.04047897683311,56.478622852393016,57.06378241672362,"rgba(38, 166, 154, 1.0)",2.395330897414388,56.924222911146515,1.4468886501629392,73.54866440855376,27.287648342894087,True,False,True,False,False,13.274329342849772,0.0,0.0,0.0,0.0,0,0.9227810478466117,0.8508654350486625,False,False,False,False,0.09980743127342603,0.08941125231557338,False,False,False,False,296049.0,99341.91422659061,False,False,False,False,31951.065608419864,False,False,False,False
2025-02-21 17:00:00+00:00,60.345,60.37,59.7,59.825,18501.0,,,,60.06477332464766,55.58807438721554,56.8853652003175,57.08226455579694,57.30563904270063,,,,56.53314404764621,55.63705696532538,57.36996648107905,57.29153684470979,57.04904078407144,56.53314404764621,57.080686163351004,"rgba(38, 166, 154, 1.0)",2.4389856627423976,56.95103401609631,1.1783447634834412,69.92482412787601,24.323431950635452,True,False,True,False,False,10.830355413760138,0.0,0.0,0.0,0.0,0,0.9192872117400427,0.8573841136734219,False,False,False,False,0.09209944436196042,0.0907553483387669,False,False,False,False,277548.0,102104.79927734114,False,False,False,False,31742.537459452113,False,False,False,False
2025-02-24 17:00:00+00:00,59.795,59.845,59.325,59.36,19589.0,,,,60.004657076423236,55.62238135002361,56.898388639200085,57.0896124410748,57.311395250983146,,,,56.58163198607731,55.66791628465585,57.37890150197565,57.29960844105989,57.05664558854033,56.58163198607731,57.0911138560014,"rgba(38, 166, 154, 0.5)",2.470325338751799,56.97081617301211,0.9671535119317891,64.6686467639,19.409507184567047,False,False,True,False,False,8.880064808248456,0.0,0.0,0.0,0.0,0,0.9148219162163739,0.8628202893498345,False,False,False,False,0.06903714415258953,0.07989624624567822,False,False,False,False,257959.0,104521.14347459166,False,False,False,False,31554.110522096264,False,False,False,False
2025-02-25 17:00:00+00:00,59.625,59.955,59.495,59.595,30064.0,,,,59.95860094005825,55.67615572099931,56.91942415160353,57.101597134111735,57.32085651909082,,,,56.65723755840132,55.716406202658085,57.39356322958846,57.312835879541346,57.06903629599144,56.65723755840132,57.11257136320444,"rgba(38, 166, 154, 1.0)",2.508323274350529,57.00544312002346,1.0323856204886692,62.26092038000198,17.271960684893017,False,True,True,False,False,9.64587345608022,0.0,0.0,0.0,0.0,0,0.9147403879660825,0.8640957137878963,False,False,False,False,0.07620308713055064,0.07804966668811443,False,False,False,False,288023.0,107366.1334982414,False,False,False,False,31531.008033381593,False,False,False,False
2025-02-26 17:00:00+00:00,59.61,59.785,59.345,59.735,45460.0,,,,59.89883835093004,55.75363725273358,56.94995707739722,57.119093677325125,57.33466040283378,,,,56.76267217899187,55.786466471139626,57.41480996930476,57.33206089761667,57.087126569918134,56.76267217899187,57.14393228481909,"rgba(38, 166, 154, 1.0)",2.5477605870663984,57.05411013048253,1.0522534507861134,61.306569542121025,16.385518444507866,False,True,True,False,False,10.102801584175616,0.0,0.0,0.0,0.0,0,0.9124745565571392,0.8681011922070369,False,False,False,False,0.06801403270785464,0.07303184969798454,False,False,False,False,333483.0,110871.82135098183,False,False,False,False,31746.961397205134,False,False,False,False
2025-02-27 17:00:00+00:00,59.775,59.81,59.135,59.76,52996.0,,,,59.84220794777785,55.83901372575849,56.98399841025029,57.13875821414159,57.35017451073905,,,,56.87437069392505,55.86393986166225,57.438486549373714,57.35355986614707,57.107457654407895,56.87437069392505,57.17919674341833,"rgba(38, 166, 154, 1.0)",2.585124830136312,57.10656349412961,1.0264249041043307,60.793939095157334,15.764454588542378,False,True,True,False,False,10.185373773023752,0.0,0.0,0.0,0.0,0,0.907039815349106,0.8679746105020196,False,False,False,False,0.06328395723731556,0.06815790346765005,False,False,False,False,386479.0,115144.8008649201,False,False,False,False,32076.403856163193,False,False,False,False
2025-02-28 17:00:00+00:00,59.775,60.19,59.625,59.895,59699.0,,,,59.85209736137723,55.93896228260999,57.026135849454704,57.1635378290332,57.369995453559106,,,,57.004380839158856,55.95505243949605,57.468640040956316,57.38087733629991,57.13302873475344,57.004380839158856,57.22927081666988,"rgba(38, 166, 154, 1.0)",2.6248385587421126,57.17512994121823,1.0362047028466397,61.157108391919564,15.764454588542378,False,True,True,False,False,10.636620816622212,0.0,0.0,0.0,0.0,0,0.9147542883634683,0.8630041724617525,False,False,False,False,0.08555626063179735,0.07685708204972369,False,False,False,False,446178.0,120277.09852592908,False,False,False,False,32504.6611607188,False,False,False,False
2025-03-03 17:00:00+00:00,60.08,60.3,59.06,59.56,49825.0,,,,59.82686503843357,56.01339589139076,57.057249213440755,57.18192611887055,57.384608764206845,,,,57.09553166917241,56.023140977193115,57.490585671823034,57.40089866425801,57.15202019341985,57.09553166917241,57.2626222202209,"rgba(38, 166, 154, 0.5)",2.656593700604216,57.22115136848505,0.880393803155899,58.75955703537699,13.399965329768378,False,True,True,False,False,9.153090648512094,0.0,0.0,0.0,0.0,1,0.9094614766333685,0.8651395108508442,False,False,False,False,0.07389893153429589,0.07537800679200979,False,False,False,False,396353.0,124557.3450604108,False,False,False,False,32773.19354582393,False,False,False,False
2025-03-04 17:00:00+00:00,58.245,59.04,58.245,58.625,66605.0,,,,59.66355764971994,56.082075297384954,57.08198719977714,57.196223786881546,57.39529154830115,,,,57.1636321862644,56.08613975595076,57.5058635404314,57.415367535127075,57.16690405719807,57.1636321862644,57.275704255703644,"rgba(38, 166, 154, 0.5)",2.67298620333947,57.24358454347105,0.5168060556403509,52.00517813155359,7.072556063160725,False,True,False,False,False,5.196396828214382,0.0,0.0,0.0,0.0,0,0.8913719617555587,0.8831931805091582,False,False,False,False,0.020942306212800764,0.04816015650240528,False,False,False,False,329748.0,127738.59552459046,False,False,False,False,33297.71767689643,False,False,False,False
2025-03-05 17:00:00+00:00,58.805,59.47,58.55,59.285,69660.0,,,,59.59304328361706,56.162553154911734,57.11453861715446,57.215610797820396,57.4103837615886,,,,57.24924263446781,56.16029333967807,57.5278062527573,57.43576720411029,57.18697958994791,57.24924263446781,57.30562186360537,"rgba(38, 166, 154, 0.5)",2.698233447783688,57.28449429002436,0.7414131314763877,51.30351411486425,6.511623898694111,False,True,False,False,False,7.482953954413553,0.0,0.0,0.0,0.0,0,0.8977976600137652,0.8751433815095206,False,False,False,False,0.03967171253111147,0.043915934516758376,False,False,False,False,399408.0,131950.5242761472,False,False,False,False,33861.4739919833,False,False,False,False
2025-03-06 17:00:00+00:00,59.325,59.525,59.105,59.21,53999.0,,,,59.56529000200302,56.225655926812244,57.14125931715779,57.23176542209948,57.423114855253445,,,,57.31647882624645,56.218649174342424,57.54628577578024,57.45290097037754,57.203680335434406,57.31647882624645,57.332508060550694,"rgba(38, 166, 154, 0.5)",2.721319852339789,57.31979043167891,0.6945929441906248,50.4505930320735,5.625738918251791,False,True,False,False,False,7.1708399944331696,0.0,0.0,0.0,0.0,0,0.8982825420690458,0.8775226970450473,False,False,False,False,0.05523643304477221,0.049576183780765296,False,False,False,False,345409.0,135259.95800829993,False,False,False,False,34173.68369753395,False,False,False,False
2025-03-07 17:00:00+00:00,59.01,59.71,58.865,59.54,57430.0,,,,59.54860644919622,56.29195575910985,57.17015096247747,57.24942794008982,57.43712505786706,,,,57.38638574155896,56.28015198139631,57.56653325836814,57.471674331971855,57.22192357891564,57.38638574155896,57.36239350609513,"rgba(38, 166, 154, 0.5)",2.7488579659773307,57.35828196133882,0.7936816182081243,51.63885091675387,5.625738918251791,False,True,False,False,False,8.303959308599225,0.0,0.0,0.0,0.0,0,0.9047371160853729,0.8749493897854127,False,False,False,False,0.05383207168101388,0.05170412773088959,False,False,False,False,402839.0,139408.470287241,False,False,False,False,34534.24674098303,False,False,False,False
2025-03-10 17:00:00+00:00,59.285,59.285,58.585,58.775,29585.0,,,,59.520260667694316,56.31976869382426,57.1814961927283,57.25633880848116,57.44245582409318,,,,57.41213590886115,56.306033238561355,57.57400540780961,57.47874541847143,57.229087331691744,57.41213590886115,57.372032749221646,"rgba(38, 166, 154, 0.5)",2.7642035377660066,57.37095864638844,0.5079370366287458,48.623531589300526,3.7183604664152554,False,True,False,True,False,5.137201885146553,0.0,0.0,0.0,0.0,0,0.8931808995900461,0.8858479126970379,False,False,False,False,0.035847552846079406,0.0437758402884845,False,False,False,False,373254.0,143033.9823758109,False,False,False,False,34457.514233370886,False,False,False,False
2025-03-11 17:00:00+00:00,57.195,58.04,57.075,57.695,39886.0,,,,59.416374350132195,56.338088422647935,57.18523266871152,57.258308274512366,57.44325225570965,,,57.60333333333333,57.416474217666895,56.323202919056165,57.57422834986823,57.479582114666535,57.23125247159835,57.416474217666895,57.38812085253665,#000000,2.7687803165728675,57.37329945258507,0.11618854175224744,43.04377443898893,-1.4886797672057384,False,True,False,True,False,0.9765174199523017,0.0,0.0,0.0,0.0,0,0.8770612987603782,0.8944615034686683,False,False,False,False,-0.034318193724475206,0.004728823282004645,False,False,False,False,333368.0,145984.89737773634,False,False,False,False,34541.67680339614,False,False,False,False
2025-03-12 17:00:00+00:00,58.105,58.64,58.065,58.34,44528.0,,,,59.35544281887124,56.36961651154258,57.19662136378496,57.26517155743641,57.44822687375475,,,57.996317435496486,57.4394959143813,56.35268903731223,57.580742431323515,57.486046929925756,57.23842100273453,57.4394959143813,57.4298901705967,#000000,2.778910714067054,57.40653833609889,0.3359091960658758,42.605087078409426,-1.863661396797525,False,True,False,True,False,3.2468093637374515,0.0,0.0,0.0,0.0,0,0.8814747794616609,0.8889391540375481,False,False,False,False,0.006173653467348338,0.005451238374676492,False,False,False,False,377896.0,149580.41834862414,False,False,False,False,34696.50351962256,False,False,False,False
2025-03-13 17:00:00+00:00,57.97,58.02,57.605,57.685,18141.0,,,,59.319430239954336,56.37850765323681,57.198899591685596,57.266463236553804,57.44894579059753,,,57.9562840427088,57.44278930012669,56.36104678418649,57.58138905002096,57.48690519339666,57.239807143929355,57.44278930012669,57.42549709330883,#000000,2.7834221790858344,57.40333637738391,0.10119328096631076,40.34167692239302,-4.081208930371872,False,True,False,True,False,0.8366441657211681,0.0,0.0,0.0,0.0,0,0.871958809550753,0.8978725811927124,False,False,False,False,-0.0213243526650871,-0.007936557145205305,False,False,False,False,359755.0,152838.9389943819,False,False,False,False,34439.82904645011,False,False,False,False
2025-03-14 17:00:00+00:00,58.77,58.995,58.68,58.955,29924.0,,,,59.30343984538937,56.4043995794065,57.209824269057066,57.273230621607425,57.454188224992485,,,58.164177592926684,57.46597689527485,56.38528069498259,57.588648029550896,57.49379985312291,57.24681758707021,57.46597689527485,57.45361665394373,"rgba(38, 166, 154, 0.5)",2.7997775362075035,57.42869101028344,0.5451536666674077,43.88435793770856,-4.081208930371872,False,True,False,True,True,5.096689885703725,0.0,0.0,0.0,0.0,0,0.8734814980686341,0.8927391815484522,False,False,False,False,0.03087769487507037,0.011470568864932532,False,False,False,False,389679.0,156510.87792470155,False,False,False,False,34369.81619301678,False,False,False,False
2025-03-17 17:00:00+00:00,59.555,59.79,59.525,59.755,13827.0,,,,59.309784750687434,56.420059603810195,57.21726409891718,57.27791488261756,57.45797523993949,,,58.308379104980894,57.48247211912859,56.39992580018252,57.59407548996075,57.498822797705,57.25164305750929,57.48247211912859,57.47439244958536,"rgba(38, 166, 154, 0.5)",2.826959229717753,57.4478101689879,0.816138346375252,48.588799983904465,-7.492530784468933,False,True,False,False,True,7.585757732916495,0.0,0.0,0.0,0.0,0,0.878969141323793,0.8911001788908768,False,False,False,False,0.07274714890975001,0.04210885888734127,False,False,False,False,403506.0,160340.25966230305,False,False,False,False,34051.32291870644,False,False,False,False
2025-03-18 17:00:00+00:00,59.36,59.705,59.265,59.66,14901.0,,,,59.313844112862355,56.43602023845206,57.224759397733685,57.282636986761254,57.461774839699004,,,58.42253080408007,57.49881383396515,56.41486670492276,57.599486115048826,57.503849627287785,57.256510532531195,57.49881383396515,57.49228119939493,"rgba(38, 166, 154, 0.5)",2.85169004418573,57.46484344117114,0.7697738971682878,51.36184694321902,-4.973491134916159,False,True,True,False,True,7.230959137384215,0.0,0.0,0.0,0.0,0,0.8722642260246721,0.9017111022682054,False,False,False,False,0.06392298673061984,0.053015922808980556,False,False,False,False,388605.0,163879.2478845929,False,False,False,False,33754.418687408666,False,False,False,False
2025-03-19 17:00:00+00:00,59.715,59.995,59.49,59.875,19335.0,,,,59.32427260632181,56.45809150409407,57.23542649905204,57.289391317449414,57.46725840690821,,,58.56862183499316,57.52211405593973,56.43553461249929,57.60733540121424,57.511109371946,57.26346443557761,57.52211405593973,57.51660182236322,"rgba(38, 166, 154, 0.5)",2.8788746831776724,57.488469043505084,0.8289804938159682,53.86633128757917,-2.6286063801141637,False,True,True,False,True,7.896706340302892,0.0,0.0,0.0,0.0,0,0.8716607934523138,0.9030351256110041,False,False,False,False,0.10113557006082222,0.0770757464349014,False,False,False,False,407940.0,167663.13551428914,False,False,False,False,33530.861808534115,False,False,False,False
2025-03-20 17:00:00+00:00,59.96,60.09,59.79,59.94,19047.0,,,,59.33736621241523,56.480540108203854,57.24647457114578,57.29641586553243,57.472990505429806,,,58.69949397678897,57.54613083647187,56.456568733139754,57.61555304991398,57.518694836335804,57.270691509261276,57.54613083647187,57.54008365496716,"rgba(38, 166, 154, 0.5)",2.8735119643058575,57.511817560927334,0.8450225609759137,55.74559337994339,-0.779616727595851,False,True,True,False,True,8.09945430008252,0.0,0.0,0.0,0.0,0,0.87876192107818,0.8971503626292046,False,False,False,False,0.11475004147294351,0.09591289395392245,False,False,False,False,426987.0,171683.66054507534,False,False,False,False,33306.30581150258,False,False,False,False
2025-03-21 17:00:00+00:00,59.355,59.74,59.355,59.56,20088.0,,,,59.342067009254855,56.50128144736552,57.256363242271775,57.302701738125386,57.47806007858264,,,58.77741949923449,57.566922708116344,56.4760378666087,57.62271985582845,57.52536885792882,57.277168676929875,57.566922708116344,57.55691918002245,"rgba(38, 166, 154, 0.5)",2.8413043223583334,57.52945539644875,0.7146522769746327,55.18603097437657,-0.779616727595851,False,True,True,False,True,6.628169070925814,0.0,0.0,0.0,0.0,0,0.8736410723433322,0.8980021629005633,False,False,False,False,0.09596346602940398,0.09593817999166321,False,False,False,False,406899.0,175330.40999398887,False,False,False,False,33101.37083768083,False,False,False,False
2025-03-24 17:00:00+00:00,60.465,60.665,60.425,60.55,24221.0,,,,59.37310611935881,56.53395769004894,57.273294203159644,57.313567124498,57.48705724840312,,,58.95311973311248,57.60371038310693,56.506679196826624,57.63571214250652,57.537280989077196,57.2883248846396,57.60371038310693,57.59143724679434,"rgba(38, 166, 154, 1.0)",2.83547096680666,57.56459165343644,1.0528791800417414,58.047303599919076,1.7940591177167704,False,True,True,False,True,9.701622357050304,0.0,0.0,0.0,0.0,0,0.8820221527975011,0.890428855438796,False,False,False,False,0.15126735958900084,0.12360276979033202,False,False,False,False,431120.0,179296.14007160143,False,False,False,False,32963.69066965477,False,False,False,False
2025-03-25 17:00:00+00:00,61.0,61.075,60.87,60.955,28079.0,,,,59.41932736547001,56.57508053963055,57.29519577645232,57.32769695759159,57.49884446041746,,,59.16099901829934,57.65116324830906,56.54526219105286,57.65278251570155,57.552884463295115,57.30281802865346,57.65116324830906,57.6347322331703,"rgba(38, 166, 154, 1.0)",2.8428263248945407,57.609280586981924,1.176898983845659,61.02487289800074,4.779225472058151,False,False,True,False,True,10.904362023157365,0.0,0.0,0.0,0.0,0,0.8826269742074766,0.8898420634018859,False,False,False,False,0.17523338974361288,0.14941807976697247,False,False,False,False,459199.0,183635.71929529755,False,False,False,False,32887.95903136554,False,False,False,False
2025-03-26 17:00:00+00:00,61.195,61.22,60.89,61.15,25894.0,,,61.08666666666666,59.46276345583227,56.61335076830041,57.31581674034521,57.34105723642477,57.51001757974335,,,59.32839778517099,57.69529328940117,56.58120558137989,57.668934646631435,57.56764981619097,57.31651695813662,57.69529328940117,57.95730587701865,"rgba(38, 166, 154, 1.0)",2.856407956580134,57.861638026099946,1.151222802864994,63.51398320412525,7.274112760614138,False,False,True,False,True,11.479191161874823,0.0,0.0,0.0,0.0,0,0.880470614982381,0.8901329998863249,False,False,False,False,0.17988060431364578,0.16464934204030912,False,False,False,False,485093.0,188309.4755852929,False,False,False,False,32779.52555801104,False,False,False,False
2025-03-27 17:00:00+00:00,60.95,61.075,60.765,60.995,18241.0,,,61.02811581888901,59.489474813666625,56.63908120396388,57.32966830660732,57.35005818046973,57.5175366793654,,,59.42168257347608,57.72443569655097,56.6054007127434,57.67975420578114,57.57756163164763,57.32574737409726,57.72443569655097,57.97404309977154,"rgba(38, 166, 154, 1.0)",2.8634437592105844,57.882721679077896,1.0869004536621727,64.27519902990467,8.212499090312193,False,False,True,False,True,10.854672747327378,0.0,0.0,0.0,0.0,0,0.883565935630875,0.8876673312446598,False,False,False,False,0.17227997986861388,0.1684646609544615,False,False,False,False,466852.0,192627.96433590853,False,False,False,False,32554.12206098761,False,False,False,False
2025-03-28 17:00:00+00:00,60.55,60.56,60.195,60.285,52171.0,,,60.65896037976173,59.53149040599536,56.701018063648746,57.362246757622884,57.37131163303059,57.53513876928452,,,59.55271589601838,57.790010073107304,56.66380300079869,57.704709534402,57.60061141792679,57.34756801211064,57.790010073107304,57.98496532864231,"rgba(38, 166, 154, 0.5)",2.851185746695932,57.90967368678547,0.8331012162105371,61.08569556390099,8.212499090312193,False,False,True,False,False,8.051301298144558,0.0,0.0,0.0,0.0,0,0.874167283493709,0.893583100836987,False,False,False,False,0.1419254562400663,0.1551950585972639,False,False,False,False,414681.0,196070.6470593828,False,False,False,False,32858.25970345292,False,False,False,False
2025-03-31 17:00:00+00:00,59.94,60.265,59.835,59.965,25442.0,,,60.52578343518305,59.54293361821167,56.72785168572586,57.37617779263423,57.38044700202503,57.54266038338105,,,59.583018887971726,57.81689745101474,56.68917197075204,57.71523441848318,57.610399439190644,57.35695444809024,57.81689745101474,57.98896087772196,"rgba(38, 166, 154, 0.5)",2.8278087018138143,57.92023624743703,0.7230912583483523,57.52352478470227,13.640818967044893,False,True,True,False,False,6.822574297290377,0.0,0.0,0.0,0.0,0,0.8721427349940155,0.8935757852134756,False,False,False,False,0.12372927848592907,0.1394621685415965,False,False,False,False,389239.0,199065.50524450865,False,False,False,False,32743.278932856745,False,False,False,False
2025-04-01 17:00:00+00:00,59.71,59.75,59.045,59.335,36832.0,,,60.25888805860344,59.53749810352899,56.75848055380792,57.391234347422994,57.390358577770215,57.5506567903225,,,59.56536648651244,57.84363649290069,56.71824813969057,57.72608890704458,57.62067690962016,57.367165853923,57.84363649290069,57.977358268428965,"rgba(38, 166, 154, 0.5)",2.781551474196276,57.91866134481964,0.5091901653876851,52.65404977231035,9.072185938992966,False,True,False,False,False,4.460863390321194,0.0,0.0,0.0,0.0,0,0.8656767366444793,0.8985037264607159,False,False,False,False,0.08770558129692131,0.11358387491925889,False,False,False,False,352407.0,201442.89276009766,False,False,False,False,32806.669957153536,False,False,False,False
2025-04-02 17:00:00+00:00,59.805,60.15,59.735,59.905,31563.0,,,60.20429391738499,59.54819431793295,56.78959896452958,57.407503800825374,57.401118665174494,57.559513746234565,,,59.59027111644883,57.87384260476082,56.74775184654301,57.73835903558025,57.63213487044786,57.37822169932908,57.87384260476082,57.98923371543265,"rgba(38, 166, 154, 0.5)",2.71891996807421,57.93606054035271,0.7241623448894203,51.90618412508412,8.334920279799647,False,True,False,False,False,6.2917880474819405,0.0,0.0,0.0,0.0,0,0.8636183353164488,0.8946115927248004,False,False,False,False,0.11777478993312021,0.11567933242618955,False,False,False,False,383970.0,204272.77039172404,False,False,False,False,32787.388252391465,False,False,False,False
2025-04-03 17:00:00+00:00,58.945,59.05,58.625,58.635,50891.0,,,59.90146256683013,59.51544034803619,56.82044142575979,57.421438062296104,57.410406514931466,57.566735640965604,,,59.50889972794606,57.894284934037834,56.77726709219336,57.747537397590825,57.641165450312855,57.38783547330966,57.894284934037834,57.96607621951748,#000000,2.632213939866039,57.92352580216425,0.27029497377099887,47.246701144017166,3.8910201429918345,False,True,False,True,False,1.7618865045130505,0.0,0.0,0.0,0.0,0,0.857086636307416,0.9027941755214482,False,False,False,False,0.06559167999680623,0.0906355062114979,False,False,False,False,333079.0,206269.7661996043,False,False,False,False,33068.06440351718,False,False,False,False
2025-04-04 17:00:00+00:00,56.995,57.52,56.52,57.105,39493.0,,,59.49979487417135,59.43740624640432,56.82316278953742,57.41850024091356,57.40851005287298,57.5643465578218,,,59.33301837935412,57.87957027967936,56.78030290642897,57.74274302789039,57.63753659932291,57.38602528524363,57.87957027967936,57.909243103303396,#000000,2.5584916604469217,57.87509946292029,-0.3009974489366794,40.96360522829103,-1.8915659207948252,False,True,False,True,False,0.0,0.0,0.0,0.0,0.0,0,0.8541021671826632,0.9052963290579392,False,False,False,False,-0.03593810433863918,0.027348700936429358,False,False,False,False,293586.0,207623.50625852513,False,False,False,False,33167.67580811381,False,False,False,False
2025-04-07 17:00:00+00:00,55.49,56.43,55.475,55.695,37418.0,,,59.07222283728318,59.333512032092855,56.812462012523746,57.407008858151876,57.4008963028606,57.556966013254744,,,59.1131521116351,57.84693487448331,56.77071001650799,57.73063352797927,57.62732548676049,57.37838844865998,57.84693487448331,57.83751771018276,"rgba(239, 83, 80, 0.5)",2.4789503009528984,57.81003735685197,-0.8531987737063383,34.818550732538654,-7.387581815767263,False,True,False,True,False,0.0,0.0,0.0,0.0,0.0,0,0.8370547870602338,0.9138438078640674,False,False,False,False,-0.031929172562430976,-0.002290235813000809,False,False,False,False,256168.0,208376.13406847045,False,False,False,False,33233.57230721282,False,False,True,False
2025-04-08 17:00:00+00:00,56.515,56.875,55.36,55.925,27402.0,,,58.832685183308385,59.265077419959034,56.80629314296362,57.399707651225114,57.39604071943508,57.5521940666436,,,58.97733177391451,57.82588896991622,56.76523609566795,57.72274238066155,57.62070697067573,57.37352893088222,57.82588896991622,57.794786108771085,"rgba(239, 83, 80, 0.5)",2.4271356343202695,57.77072185959652,-0.7604527054432316,31.665471452807957,-10.121723161093492,False,True,False,True,False,0.0,0.0,0.0,0.0,0.0,0,0.8429237074047049,0.9043395273115141,False,False,False,False,-0.020217695780420937,-0.011253965796710872,False,False,False,False,283570.0,209541.9304395019,False,False,False,False,33143.16033345758,False,False,False,False
2025-04-09 17:00:00+00:00,55.355,58.08,55.225,57.52,43415.0,,,58.62150567270807,59.190734700681105,56.808013923982685,57.39582662599423,57.39346148309441,57.54913957964405,,56.94166666666667,58.84357487348762,57.80975055534443,56.767343576892536,57.71696335231702,57.61621302918576,57.37103407278361,57.80975055534443,57.694248316367855,#000000,2.3638659871924363,57.68786601249164,-0.07101333722010642,35.082771781914225,-10.121723161093492,False,True,False,True,True,0.0,0.0,0.0,0.0,0.0,0,0.8528310323626411,0.8817841372757256,False,False,False,False,0.017734257127739992,0.00324014566551456,False,False,False,False,326985.0,211362.75322338557,False,False,False,False,33302.41366162102,False,False,False,False
2025-04-10 17:00:00+00:00,56.345,57.09,55.91,56.695,41282.0,,,58.424091763478465,59.113205064474776,56.805111731735835,57.389186314542435,57.389013808248954,57.54447996925801,,56.75807629943603,58.70958439752277,57.78851663398054,56.7650711223364,57.70891556328746,57.60963918963568,57.366630595097476,57.78851663398054,57.64396326561806,#000000,2.297583615120097,57.64009316623253,-0.41134222929385345,35.76352919612697,-10.121723161093492,False,True,False,True,True,0.0,0.0,0.0,0.0,0.0,0,0.8608218874612322,0.8809813912272928,False,False,False,False,0.006915743385775915,0.0050779445256452374,False,False,False,False,285703.0,212515.31518891448,False,False,False,False,33426.12817849511,False,False,False,False
2025-04-11 17:00:00+00:00,58.175,58.535,57.925,58.425,48356.0,,,58.41104334935897,59.08585225751264,56.825666147801904,57.39758786846385,57.39467554139433,57.54861942149414,,57.316646812423116,58.682867636312594,57.79843888529225,56.784936220446085,57.7136727287417,57.61462306971237,57.37253372764488,57.79843888529225,57.68824335896913,#000000,2.2275088942299957,57.678114679273804,0.3353007131243694,40.66930504255457,-17.829036497638775,False,True,False,True,True,1.2718039612975751,0.0,0.0,0.0,0.0,0,0.8727213007061919,0.874746811189577,False,False,False,False,0.13035725608257423,0.06771760030410974,False,False,False,False,334059.0,214399.71340303984,False,False,False,False,33657.59905944867,False,False,False,False
2025-04-14 17:00:00+00:00,59.55,60.04,59.465,59.955,27381.0,,,58.48731873742456,59.09949111570225,56.84887593540571,57.4102437613578,57.40322743984077,57.55569098133433,,57.743889875795226,58.722900424467944,57.82061777488929,56.80708780935661,57.72330927427893,57.623666755977105,57.381314172225096,57.82061777488929,57.74058723523505,"rgba(38, 166, 154, 1.0)",2.168838747697342,57.72658474689411,1.027469310695319,46.81970468169111,-12.015075433026134,False,True,False,False,True,5.279580816975788,0.0,0.0,0.0,0.0,0,0.8799071224148177,0.8643555267563046,False,False,False,False,0.24224400173412688,0.15498080101911832,False,False,False,False,361440.0,216679.40776888418,False,False,False,False,33560.28744612388,False,False,False,False
2025-04-15 17:00:00+00:00,59.845,60.02,59.71,59.855,19534.0,,,58.53842428828417,59.109460612740556,56.865444574042684,57.41934685830415,57.40939627154007,57.56080142228822,,57.9737565845039,58.750800691591046,57.836468977789025,56.8229102990456,57.73026596202677,57.63019499304246,57.38764623120084,57.836468977789025,57.7719167512615,"rgba(38, 166, 154, 0.5)",2.1064149275123136,57.75629024382224,0.9963420448488471,50.670359466659306,-8.411415609661361,False,True,True,False,True,4.989588906302359,0.0,0.0,0.0,0.0,0,0.8833857158339661,0.8658827354503091,False,False,False,False,0.2507183047022386,0.20284955286067846,False,False,False,False,341906.0,218620.90532285496,False,False,False,False,33342.82562525375,False,False,False,False
2025-04-16 17:00:00+00:00,60.395,60.485,59.765,60.46,56247.0,,,58.702673395098024,59.1503747105772,56.917996677983325,57.44915234487534,57.42967741212104,57.57776875183448,,58.512595791969176,58.8487171353623,57.88896896200304,56.87307917710035,57.75352713031201,57.651905226751715,57.40843623257651,57.88896896200304,57.85883638065881,"rgba(38, 166, 154, 1.0)",2.0461164423109826,57.841121276715405,1.2799265325910325,54.3387735855237,-4.904648675056777,False,False,True,False,True,6.516783012357109,0.0,0.0,0.0,0.0,0,0.88062115820123,0.861425644343794,False,False,False,False,0.2704413432465975,0.236645448053638,False,False,False,False,398153.0,221404.34865118278,False,False,False,False,33697.92910393199,False,False,False,False
2025-04-17 17:00:00+00:00,60.86,60.89,60.525,60.68,20895.0,,,58.77188881530133,59.17096939824811,56.9397621721737,57.461871946482404,57.438364645127535,57.58510212261176,,58.69022787911789,58.89291455958941,57.91161272499591,56.89384937499983,57.763644928836186,57.66130253983618,57.41733046706769,57.91161272499591,57.89221858264522,"rgba(38, 166, 154, 1.0)",1.9781674498028001,57.87441807140928,1.4182732249842662,57.18611767255895,-2.0757563042281078,True,False,True,False,True,7.066647772901305,0.0,0.0,0.0,0.0,0,0.8874736898915221,0.8622699552053541,False,False,False,False,0.3154113361744233,0.27602839211403063,False,False,False,False,419048.0,224468.59130775358,False,False,False,False,33499.43407906482,False,False,False,False
2025-04-18 17:00:00+00:00,60.68,60.68,60.68,60.68,0.0,,,58.77188881530133,59.17096939824811,56.9397621721737,57.461871946482404,57.438364645127535,57.58510212261176,,58.69022787911789,58.89291455958941,57.91161272499591,56.89384937499983,57.763644928836186,57.66130253983618,57.41733046706769,57.91161272499591,57.89221858264522,"rgba(38, 166, 154, 1.0)",1.9269944318913823,57.87441807140928,1.4559367075269576,59.084347063915786,-0.00868399130768438,True,False,True,False,True,7.066647772901305,0.0,0.0,0.0,0.0,0,0.8869461337966992,0.8685925282363166,False,False,False,False,0.3132616092285898,0.2946450006713102,False,False,False,False,419048.0,227485.32632623802,False,False,False,False,32980.063008071564,False,False,False,False
2025-04-21 17:00:00+00:00,60.53,60.905,60.47,60.86,22437.0,,,58.84273394367683,59.193139664450264,56.96314330428108,57.475615152707476,57.44777450865743,57.59305586266111,,58.855147989425745,58.93924813601956,57.93592503761868,56.916173193002976,57.774603807030495,57.671483079107674,57.42696276547179,57.93592503761868,57.92576972647009,"rgba(0, 255, 255, 0.75)",1.887171492801619,57.908304536466645,1.564084384907376,60.740045062736954,1.953224919641002,True,False,True,False,True,7.52816923513716,0.0,0.0,0.0,0.0,0,0.894782846216881,0.8652827096421745,False,False,False,False,0.31384761958649077,0.30424631012890047,False,False,False,False,441485.0,230803.15072428083,False,False,False,False,32816.60466686115,False,False,False,False
2025-04-22 17:00:00+00:00,61.975,62.1,61.67,61.92,38467.0,,,59.01982549722799,59.256885123628386,57.01457293114535,57.50711755572201,57.46937475516492,57.61154789902229,,59.22305034264739,59.060875845594495,57.993346993665384,56.96518256473775,57.80041821782894,57.695263356880425,57.44903478653726,57.993346993665384,58.0051150669079,"rgba(0, 255, 0, 1.0)",1.8751811972506462,57.98859059899833,2.096549073106017,63.914779355555865,5.35793357266347,True,False,True,False,True,10.174604738111391,0.0,0.0,0.0,0.0,0,0.8983206933911163,0.8622968580715061,False,False,False,False,0.3428282471074747,0.3235372786181876,False,False,False,False,479952.0,234665.92358126873,False,False,False,False,32904.207695281904,False,False,False,False
2025-04-23 17:00:00+00:00,61.94,61.995,61.625,61.745,24235.0,,,59.117404289728256,59.29393939613571,57.04572081411473,57.52625106550568,57.48254561567177,57.622824404259596,,59.40470064193029,59.129760581008426,58.027696270479325,56.994899784612606,57.81609071067829,57.70972567718377,57.46249303484041,58.027696270479325,58.0487732527807,"rgba(0, 255, 0, 1.0)",1.83924050374889,58.03349540717031,2.0179550120088154,65.30284717926747,7.0966520358498855,True,False,True,False,True,9.615497851516189,0.0,0.0,0.0,0.0,0,0.901377888683954,0.8628078550504505,False,False,False,False,0.3373571487072057,0.33044721366269664,False,False,False,False,455717.0,238093.07205287696,False,False,False,False,32769.801374424824,False,False,False,False
2025-04-24 17:00:00+00:00,62.09,62.215,61.945,62.195,19321.0,,,59.19942374894553,59.32651874447883,57.07197103246504,57.54255450090223,57.49378883416323,57.63247966572756,,59.54970741027555,59.18874777895598,58.05700265939005,57.019943396482574,57.82952810540413,57.722109512780186,57.47397671642153,58.05700265939005,58.08521170049172,"rgba(0, 255, 0, 1.0)",1.807648008967498,58.07115781064273,2.281330308168097,67.10651529394465,9.272617554059934,True,False,True,False,True,10.72260930217611,0.0,0.0,0.0,0.0,0,0.9056542461005205,0.8562066724436745,False,False,False,False,0.3428282472454269,0.33663773045406176,False,False,False,False,475038.0,241766.63682725094,False,False,False,False,32561.29282598413,False,False,False,False
2025-04-25 17:00:00+00:00,62.015,62.21,61.875,62.16,27641.0,,,59.30788091160489,59.371246579805074,57.10878675710123,57.56549296077642,57.50965232799868,57.64610846537597,,59.72952217862975,59.2681917833624,58.09783427540221,57.05509393460524,57.84844350369954,57.739558831791754,57.490178420449105,58.09783427540221,58.13369161004633,"rgba(0, 255, 0, 1.0)",1.7684563763222394,58.12175015718107,2.2834885252963106,68.13993680766669,10.754323164266182,True,False,True,False,True,10.6075668501113,0.0,0.0,0.0,0.0,0,0.9091503624175707,0.854923974058532,False,False,False,False,0.3401418866707738,0.33838980856241774,False,False,False,False,447397.0,244954.70447334007,False,False,False,False,32485.009216278948,False,False,False,False
2025-04-28 17:00:00+00:00,62.585,62.8,62.505,62.715,23813.0,,,59.41355678597063,59.416792538038194,57.143795074704684,57.587634323926885,57.52498843020599,57.659340329488735,,59.89924833262312,59.34689008309167,58.13747908989988,57.08850602819954,57.866863716570776,57.75651316803732,57.505832170334074,58.13747908989988,58.18057231316089,"rgba(0, 255, 0, 1.0)",1.743629248135848,58.17073973930346,2.606207865321664,69.9551992690758,12.970385747020316,True,False,True,False,True,11.97613566466812,0.0,0.0,0.0,0.0,0,0.9104477611940303,0.8543826322930802,False,False,False,False,0.34282824762192815,0.34060902809217297,False,False,False,False,471210.0,248462.53851251307,False,False,False,False,32350.5594609878,False,False,False,False
2025-04-29 17:00:00+00:00,62.995,63.43,62.955,63.28,29190.0,,,59.55469979256633,59.48005413615777,57.1903083127679,57.61741296048427,57.54565265089035,57.67722867744756,,60.11855706362379,59.45363918361903,58.19091105212127,57.13289277116607,57.89180639286003,57.77943758492466,57.526914519958076,58.19091105212127,58.24303962296824,"rgba(0, 255, 0, 1.0)",1.7399656126869745,58.23619599415358,2.898795222773069,72.17754397353892,15.506400599580132,True,False,True,False,True,13.337524389695286,0.0,0.0,0.0,0.0,0,0.9187256176853059,0.847312527091461,False,False,False,False,0.3428282479425286,0.3417186380173508,False,False,False,False,500400.0,252368.54566735783,False,False,False,False,32301.55853911202,False,False,False,False
2025-04-30 17:00:00+00:00,63.14,63.935,62.94,63.775,39269.0,,,59.7444503384412,59.569096616495,57.25511629676223,57.659298894826655,57.57481112050967,57.702527348916576,,60.398420179597885,59.60003431297156,58.26562283706313,57.19476789793215,57.927041869690605,57.81181826597482,57.55665339304896,58.26562283706313,58.327666105556176,"rgba(0, 255, 0, 1.0)",1.7673430840038948,58.32548682132316,3.0834495169613763,74.45218011520055,18.021167756815856,True,False,True,False,True,14.505737254528086,0.0,0.0,0.0,0.0,0,0.9212649241690871,0.8400559320210823,False,False,False,False,0.3428282480782165,0.3422734430477836,False,False,False,False,539669.0,256822.81627716622,False,False,False,False,32409.580887342836,False,False,False,False
2025-05-01 17:00:00+00:00,63.365,63.555,63.105,63.105,19010.0,,,59.82334888789054,59.60772525231811,57.28456935409289,57.6783591643921,57.58813326662823,57.714082312960976,,60.506920363188556,59.662191980738655,58.299069716924635,57.222924216443566,57.94305543952413,57.8265642856871,57.5702412134333,58.299069716924635,58.363629650324825,"rgba(0, 255, 0, 1.0)",1.7627998256254294,58.363864911221185,2.689548194785355,72.43517938591127,18.021167756815856,True,False,True,False,True,12.223411531676977,0.0,0.0,0.0,0.0,0,0.9242692410834007,0.840868865647627,False,False,False,False,0.33603095856928017,0.3391522008085319,False,False,False,False,520659.0,260913.29974573728,False,False,False,False,32201.83544722899,False,False,False,False
2025-05-02 17:00:00+00:00,63.855,64.085,63.8,63.93,17406.0,,,59.9063210873069,59.648886034845546,57.314342459709245,57.69782224366504,57.60174094541541,57.72591979655219,,60.622246274530994,59.72775664634468,58.33347229485052,57.251370946689406,57.95950900448341,57.84168700320765,57.584114519376946,58.33347229485052,58.401168404382915,"rgba(0, 255, 0, 1.0)",1.828112594359952,58.777477206906724,2.8184931327477925,72.74143048578861,18.021167756815856,True,False,True,False,True,14.172274913146989,0.0,0.0,0.0,0.0,0,0.9205839884485805,0.8368361944489013,False,False,False,False,0.34282824834069553,0.3409902245746137,False,False,False,False,538065.0,265210.2253310747,False,False,False,False,31972.44264959753,False,False,False,False
2025-05-05 17:00:00+00:00,63.93,63.99,63.765,63.825,21995.0,,,60.004555542878535,59.698863211776384,57.35114571907277,57.721937689223275,57.61864149227271,57.74062612516376,,60.75415067278638,59.806297329745426,58.3757499435688,57.28655758109632,57.97990102760959,57.86044588158226,57.601344178407025,58.3757499435688,58.44617049193717,"rgba(0, 255, 0, 1.0)",1.8839430568467979,58.8216075890996,2.655808726657962,72.40890329191632,18.021167756815856,True,False,True,False,True,13.814198790786456,0.0,0.0,0.0,0.0,0,0.9172506738544479,0.8431805929919142,False,False,False,False,0.338884812285688,0.33993751843015085,False,False,False,False,516070.0,269099.52416315104,False,False,False,False,31817.75361627044,False,False,False,False
2025-05-06 17:00:00+00:00,63.44,63.62,63.33,63.47,35370.0,,,60.13782645800814,59.76954890483768,57.40600393374473,57.75790606809324,57.643956638188186,57.76264294175961,,60.92133911270882,59.915054975677556,58.43769745818062,57.339079332730556,58.010262309443135,57.888439440605836,57.62715399391026,58.43769745818062,58.50899319752988,"rgba(0, 255, 0, 1.0)",1.9200731921108833,58.87518920627722,2.393039396936401,70.34451045209083,18.021167756815856,True,False,True,False,False,12.600626350342406,0.0,0.0,0.0,0.0,0,0.9087134692116902,0.8494554081742696,False,False,False,False,0.3146852845326254,0.32731140148138815,False,False,False,False,480700.0,272380.1516955053,False,False,False,False,31872.82720361508,False,False,False,False
2025-05-07 17:00:00+00:00,63.835,63.9,63.13,63.135,22111.0,,,60.214065219297595,59.81142409324003,57.439327597804194,57.77983248837948,57.659441962525854,57.776117126013204,,61.012651452884135,59.97827858726045,58.4750230808348,57.37101318195389,58.02877963565135,57.90553358985953,57.64294074240319,58.4750230808348,58.54572528908522,"rgba(0, 255, 0, 1.0)",1.937049646584502,58.90964872691225,2.181333493717152,67.29925626427115,22.37361546771973,True,False,True,False,False,11.462988782772602,0.0,0.0,0.0,0.0,0,0.9108948160894822,0.8441600344160037,False,False,False,False,0.31707388296637545,0.3221926422238818,False,False,False,False,458589.0,275267.1105839471,False,False,False,False,31721.4810454195,False,False,False,False
2025-05-08 17:00:00+00:00,63.28,63.29,62.99,63.045,18505.0,,,60.26978403644509,59.84304658526586,57.46563331172638,57.797142564891175,57.671707527052256,57.78678420314818,,61.07561922777164,60.02524702320135,58.50407577358892,57.39624942684932,58.04337477832951,57.91903200483265,57.65544588171266,58.50407577358892,58.57331864190884,"rgba(0, 255, 0, 1.0)",1.9539039230577202,58.933851160339145,2.1040690850485637,64.81321449715041,19.879521167448303,True,False,True,False,False,11.156259544371277,0.0,0.0,0.0,0.0,0,0.9046514137707754,0.856032808115692,False,False,False,False,0.2948137614807935,0.30850320185233765,False,False,False,False,440084.0,277822.4111950487,False,False,False,False,31516.57436254478,False,False,False,False
2025-05-09 17:00:00+00:00,62.855,63.155,62.85,63.135,20582.0,,,60.32799678280942,59.87686241345421,57.49428964563692,57.816041877153246,57.68513106732322,57.79846162483705,,61.13935924428062,60.07484628424097,58.535537227042234,57.4237584473837,58.0593134235222,57.9337860057307,57.669131012537356,58.535537227042234,58.60265500430399,"rgba(0, 255, 255, 0.75)",1.9713515896688485,59.27338092215866,1.9588687771773994,63.48408617248153,18.475499787217956,True,False,True,False,False,11.38653513660891,0.0,0.0,0.0,0.0,0,0.907002009886469,0.8523548264435874,False,False,False,False,0.28672340486312115,0.2976133033577294,False,False,False,False,460666.0,280657.1955176061,False,False,False,False,31347.04607785416,False,False,False,False
2025-05-12 17:00:00+00:00,63.305,63.42,63.09,63.275,26193.0,,,60.40422839273467,59.92172818673641,57.531731160675704,57.84087813734903,57.70279860143799,57.81385347404709,,61.22324844501789,60.140060155934854,58.57682936205613,57.45970581330253,58.08031906558441,57.953224271198835,57.6871390992126,58.57682936205613,58.64121108963754,"rgba(0, 255, 255, 0.75)",1.9922641766465996,59.31860445193968,1.9858789785196904,63.13526932770446,17.913976526769787,True,False,True,False,False,11.748660349306224,0.0,0.0,0.0,0.0,0,0.910024449877751,0.8498234175495791,False,False,False,False,0.30160912781074706,0.2996112155842382,False,False,False,False,486859.0,283854.1227188835,False,False,False,False,31267.138386724637,False,False,False,False
2025-05-13 17:00:00+00:00,63.605,64.025,63.595,63.96,28875.0,,,60.5004648847774,59.97844657965872,57.57669875999686,57.870989493206814,57.7242283658618,57.83257373746709,,61.333346634756744,60.22212680584185,58.62722932061679,57.5028585589778,58.105931326289976,57.976886030499294,57.70897359423131,58.62722932061679,58.68928877632172,"rgba(0, 255, 0, 1.0)",2.02402391779831,59.38855717724322,2.258591305447367,65.21478730822504,17.913976526769787,True,False,True,False,True,13.496673823122382,0.0,0.0,0.0,0.0,0,0.9108878631550371,0.8495791474341571,False,False,False,False,0.33480042322658776,0.317205819405413,False,False,False,False,515734.0,287449.15957595507,False,False,False,False,31230.050969876193,False,False,False,False
2025-05-14 17:00:00+00:00,64.225,64.32,64.12,64.225,22163.0,,,60.57834012564839,60.0248388826019,57.61274433711691,57.895281275131325,57.741539444268774,57.84772148872752,,61.423040434285696,60.28872385301365,58.66789519365262,57.53744975556867,58.12666253423257,57.996028017354604,57.72660741135746,58.66789519365262,58.72822098099693,"rgba(0, 255, 0, 1.0)",2.05960816924254,59.44440825017493,2.321117104319516,67.3605422694636,17.913976526769787,True,False,True,False,True,14.160402537145757,0.0,0.0,0.0,0.0,0,0.9204644570431751,0.8441452245965986,False,False,False,False,0.3428282484758782,0.3300170339406456,False,False,False,False,537897.0,291332.0718305914,False,False,False,False,31089.4765362347,False,False,False,False
2025-05-15 17:00:00+00:00,64.695,64.95,64.675,64.905,17687.0,,,60.64839960670935,60.06651761385745,57.643910433545386,57.916426111913104,57.75660736158857,57.860932600275916,,61.50575355264477,60.348453325068604,58.70351200602347,57.56734423649165,58.14478354189917,58.01273715614834,57.741951962430946,58.70351200602347,58.76287150066128,"rgba(0, 255, 0, 1.0)",2.1083838437135265,59.49775195884532,2.5646411858434743,70.4615048983347,15.755477095491784,True,False,True,False,True,15.83231503023254,0.0,0.0,0.0,0.0,0,0.9210483299733018,0.8458017762763583,False,False,False,False,0.3428282487452878,0.3364226413429667,False,False,False,False,555584.0,295429.000949497,False,False,False,False,30881.686202339584,False,False,False,False
2025-05-16 17:00:00+00:00,64.405,64.515,64.2,64.265,36840.0,,,60.77008726312232,60.14191192589565,57.70337361627887,57.95680337068084,57.785514484136414,57.88626591350893,,61.64103047738061,60.45422938090262,58.77026129455401,57.624465939371525,58.1793281963445,58.044667068275416,57.77139145510265,58.77026129455401,58.82533310658111,"rgba(0, 255, 0, 1.0)",2.130488371876855,59.57566602315002,2.2010605825174765,68.49969899661338,15.755477095491784,True,False,True,False,False,13.496710418443726,0.0,0.0,0.0,0.0,0,0.9189145094626932,0.8425603654557322,False,False,False,False,0.31724147351863313,0.3268320574307999,False,False,False,False,518744.0,298891.2489967916,False,False,False,False,30974.063160442845,False,False,False,False
2025-05-19 17:00:00+00:00,64.84,64.85,64.645,64.74,15382.0,,,60.824245695184935,60.17567631510639,57.729438043233,57.974609495277306,57.79827619179203,57.8974680641007,,61.70196097423607,60.501341529340834,58.79972799626535,57.64950246274189,58.194611607603356,58.05878501427367,57.784385194280915,58.79972799626535,58.853079121802814,"rgba(0, 255, 0, 1.0)",2.149805989570356,59.612219969189525,2.385229204722455,68.56546960777041,15.755477095491784,True,False,True,False,False,14.671523726133323,0.0,0.0,0.0,0.0,0,0.9215867158671589,0.8379097026264382,False,False,False,False,0.3391471402539417,0.3329895988423708,False,False,False,False,534126.0,302538.29939994216,False,False,False,False,30732.325747102645,False,False,False,False
2025-05-20 17:00:00+00:00,64.66,64.76,64.435,64.7,26640.0,,,60.91201885214668,60.231573876520585,57.773403416767145,58.0047152966069,57.81990896817484,57.91646300921332,,61.798286960356705,60.57841807897732,58.849119608104324,57.691763125247405,58.22045814948203,58.08268350205201,57.80641024744732,58.849119608104324,58.898863314699724,"rgba(0, 255, 0, 1.0)",2.176600637079093,59.66917410230704,2.3113224410538264,68.35970012166074,15.755477095491784,True,False,True,False,False,14.524579303431533,0.0,0.0,0.0,0.0,0,0.9178134348653797,0.8415012238237694,False,False,False,False,0.33068577002786104,0.3318376844351159,False,False,False,False,507486.0,305715.7831301756,False,False,False,False,30668.87883629485,False,False,False,False
2025-05-21 17:00:00+00:00,64.895,64.955,64.56,64.75,57686.0,,,61.09473605187062,60.351196348375865,57.86839018445837,58.07017800314639,57.86712586387086,57.95797819548917,,61.99480204963238,60.740633180991054,58.95547725302408,57.78313892115156,58.2767838833219,58.13480556046439,57.85447394627374,58.95547725302408,58.99613226477465,"rgba(0, 255, 0, 1.0)",2.202716040472474,59.78759098132154,2.252859164549435,68.38382410349806,15.755477095491784,True,False,True,False,False,14.650719815376423,0.0,0.0,0.0,0.0,0,0.917087747894594,0.8390654713393101,False,False,False,False,0.33971288641116953,0.3357752854231427,False,False,False,False,565172.0,309738.36013590934,False,False,False,False,31087.74893185617,False,False,False,False
2025-05-22 17:00:00+00:00,67.26,67.385,66.87,66.97,43633.0,,,61.302338244591745,60.48305347114419,57.96216933778691,58.13574987846316,57.91430157972887,57.99965090881547,,62.237972037344,60.921410301188985,59.06459197529914,57.87318104584888,58.33377519503212,58.187319909009865,57.90246436884273,59.06459197529914,59.10138294254585,"rgba(0, 255, 0, 1.0)",2.30093419531523,59.94159720914456,3.054586613196272,72.9237782339242,18.8027438366108,True,False,True,False,True,19.861333154187548,0.0,0.0,0.0,0.0,0,0.9220337180237199,0.8373663777056853,False,False,False,False,0.34282824959889185,0.33930176751101726,False,False,False,False,608805.0,314375.0522268255,False,False,False,False,31282.248948416538,False,False,False,False
2025-05-23 17:00:00+00:00,67.87,68.05,67.66,67.69,46237.0,,,61.53288234105438,60.632010333804594,58.06722460812384,58.2097524588258,57.967682932298274,58.0468916180608,,62.506474881272815,61.12332821732749,59.18724256449951,57.974080956527395,58.398310077677095,58.24678405509257,57.95675336553744,59.18724256449951,59.219186031546315,"rgba(0, 255, 0, 1.0)",2.4162834110514213,60.11041116153926,3.136879061369111,76.76380324926082,22.37410273960404,True,False,True,False,True,20.0,0.0,0.0,0.0,0.0,0,0.9272929464096591,0.825990256301631,False,False,False,False,0.3428282498164642,0.34106500866374073,False,False,False,False,655042.0,319656.71033183596,False,False,False,False,31514.105553867445,False,False,False,False
2025-05-26 17:00:00+00:00,67.69,67.69,67.69,67.69,0.0,,,61.53288234105438,60.632010333804594,58.06722460812384,58.2097524588258,57.967682932298274,58.0468916180608,,62.506474881272815,61.12332821732749,59.18724256449951,57.974080956527395,58.398310077677095,58.24678405509257,57.95675336553744,59.18724256449951,59.219186031546315,"rgba(0, 255, 0, 1.0)",2.541237325427106,60.11041116153926,2.9826371439695563,79.3238199261519,24.681759457292515,True,False,True,False,True,20.0,0.0,0.0,0.0,0.0,0,0.9219548551959116,0.8336882453151618,False,False,False,False,0.33525882582421057,0.33816191724397565,False,False,False,False,655042.0,324856.48226467567,False,False,False,False,31025.514770086553,False,False,False,False
2025-05-27 17:00:00+00:00,68.645,68.645,68.17,68.23,32530.0,,,61.69887078942605,60.74096837878895,58.143890503839316,58.26407960369055,58.00697043376517,58.08170906697873,,62.69836651257631,61.269522428776035,59.276853088715065,58.047741896664455,58.44580620138089,58.29055713253338,57.99670071853799,59.276853088715065,59.30477205812869,"rgba(0, 255, 0, 1.0)",2.6773122329665915,60.230819527647114,2.9877652572070055,81.62178945488796,26.77410407801969,True,False,True,False,True,20.0,0.0,0.0,0.0,0.0,0,0.919156785243742,0.8300395256916997,False,False,False,False,0.3428282499690027,0.34049508360648917,False,False,False,False,687572.0,330479.9786636729,False,False,False,False,31048.84012248831,False,False,False,False
2025-05-28 17:00:00+00:00,68.505,68.545,68.03,68.125,34542.0,,,61.86359900779704,60.851648046229776,58.22315297010056,58.32048253790683,58.047903344613346,58.118012026915395,,62.88491585436852,61.41599961494601,59.36892454741974,58.12396173540476,58.49516615169867,58.33609748940429,58.038316474496376,59.36892454741974,59.391398446253945,"rgba(0, 255, 0, 1.0)",2.7965126658196726,60.34823660423149,2.7808790179353977,82.45433921090563,27.585706332384618,True,False,True,False,True,20.0,0.0,0.0,0.0,0.0,0,0.9179406356711323,0.8328342526924087,False,False,False,False,0.3375019085857703,0.33899849609612975,False,False,False,False,653030.0,335480.75418826716,False,False,False,False,31102.99763996911,False,False,False,False
2025-05-29 17:00:00+00:00,68.605,68.77,68.475,68.73,39379.0,,,62.05341924210907,60.98094246468181,58.31578161324508,58.386733826452144,58.09610082731519,58.160808758674996,,63.098541995341314,61.58560025642656,59.476529648048256,58.21307007830514,58.553263758965436,58.389716392143235,58.08730957489001,59.476529648048256,59.492139879738325,"rgba(0, 255, 0, 1.0)",2.926696363411032,60.4834516608675,2.8176986318871977,83.73067053938755,28.915743442101444,True,False,True,False,True,20.0,0.0,0.0,0.0,0.0,0,0.9267443700226781,0.825958546490164,False,False,False,False,0.3428282500256613,0.34091337306089553,False,False,False,False,692409.0,341014.5254411623,False,False,False,False,31231.307754078116,False,False,False,False
2025-05-30 17:00:00+00:00,68.86,69.31,68.835,69.04,34003.0,,,62.218493779551416,61.09487535070744,58.39751961563094,58.44548075118906,58.13894333245739,58.198893413269644,,63.28316640594932,61.73377712888653,59.57145305628601,58.29173394242581,58.604879243452366,58.437370120076416,58.130852218366634,59.57145305628601,59.58057218140376,"rgba(0, 255, 0, 1.0)",3.0558355045110632,60.601080940079854,2.761575041412574,84.91453749398877,30.20819248512433,True,False,True,False,True,20.0,0.0,0.0,0.0,0.0,0,0.922683941644283,0.8253015220940644,False,False,False,False,0.34282825013969687,0.3418708116002962,False,False,False,False,726412.0,346989.68008548534,False,False,False,False,31274.279726883105,False,False,False,False
2025-06-02 17:00:00+00:00,69.21,69.37,69.07,69.335,19300.0,,,62.31137025522607,61.15968674065899,58.44420847693414,58.47915096537024,58.16354716828916,58.22078121687601,,63.386356880932595,61.817485667563545,59.62559884213223,58.33668397583102,58.63449785543739,58.46472657096483,58.15585542415453,59.62559884213223,59.63076538772082,"rgba(0, 255, 0, 1.0)",3.184453673426251,60.66722888725428,2.7219020911112177,86.01039210991948,31.4522079764064,True,False,True,False,True,20.0,0.0,0.0,0.0,0.0,0,0.9240739765003427,0.8248063649296592,False,False,False,False,0.3428282501757967,0.3423495308880464,False,False,False,False,745712.0,353171.4214795088,False,False,False,False,31088.63197917949,False,False,False,False
2025-06-03 17:00:00+00:00,69.765,69.995,69.685,69.965,38064.0,,,62.50335084542389,61.29414946596588,58.54036328403698,58.54875018989001,58.21446217240895,58.266119579836776,,63.60030119434136,61.99061898597808,59.737428572724454,58.429262831687815,58.69583164363407,58.52136884297802,58.20758971458842,59.737428572724454,59.73458440949959,"rgba(0, 255, 0, 1.0)",3.3257804651994762,60.80474848494561,2.754316350975671,87.32315930224141,32.91084877506154,True,False,True,False,True,20.0,0.0,0.0,0.0,0.0,0,0.9385219097449317,0.8148572051449751,False,False,False,False,0.3428282503211007,0.34258889060457354,False,False,False,False,783776.0,359847.46145657066,False,False,False,False,31196.777219812364,False,False,False,False
2025-06-04 17:00:00+00:00,69.99,70.035,69.58,69.59,26788.0,,,62.630152541219076,61.38474616409404,58.60620716257992,58.59659694791969,58.24958265759031,58.29741598594098,,63.73928610271955,62.105890003933915,59.813562261307816,58.492708101106665,58.73803580279632,58.56038543754718,58.24327151994385,59.813562261307816,59.8044492837461,"rgba(0, 255, 0, 1.0)",3.4449665161358296,60.89521296333265,2.523910463553698,85.49405268289142,32.91084877506154,True,False,True,False,False,20.0,0.0,0.0,0.0,0.0,0,0.9411119038472093,0.8023160090006037,False,False,False,False,0.34149818835094803,0.3420435394777608,False,False,False,False,756988.0,366004.67910840677,False,False,False,False,31128.42408462147,False,False,False,False
2025-06-05 17:00:00+00:00,69.755,69.97,69.74,69.95,50984.0,,,62.86449593398088,61.55494420992439,58.73108666818806,58.68776382843525,58.31671209716882,58.35729473361304,,63.993397583188205,62.32023730236434,59.95747193848028,58.61311592296873,58.818570942652514,58.63489595552361,58.31146412525916,59.95747193848028,59.935496249365166,"rgba(0, 255, 0, 1.0)",3.5681181440767658,61.06271436786197,2.4907487009339415,84.8120855876127,32.91084877506154,True,False,True,False,False,20.0,0.0,0.0,0.0,0.0,0,0.938493052095444,0.8073963350495491,False,False,False,False,0.342828250324493,0.3424358949011269,False,False,False,False,807972.0,372856.88563385786,False,False,False,False,31436.262470906408,False,False,False,False
2025-06-06 17:00:00+00:00,70.17,70.39,70.125,70.32,24460.0,,,62.97760910036936,61.63792817541325,58.79209159065144,58.732492765145054,58.34972480781312,58.386771429448466,,64.11561388312948,62.424043795271395,60.02773039779261,58.67195951365962,58.85814946034494,58.6715283642217,58.34499478938156,60.02773039779261,59.99927985174169,"rgba(0, 255, 0, 1.0)",3.6897195564710787,61.143980485211046,2.486915163700158,84.87098750065162,32.91084877506154,True,False,True,False,False,20.0,0.0,0.0,0.0,0.0,0,0.9398955671592049,0.8114653927341409,False,False,False,False,0.3428282504134615,0.34263207265729423,False,False,False,False,832432.0,379982.08120542596,False,False,False,False,31328.103362830338,False,False,False,False
2025-06-09 17:00:00+00:00,70.155,70.2,69.965,70.05,27566.0,,,63.09752537925544,61.72738534958933,58.85885190655515,58.781594610200074,58.38607103125283,58.419242625478724,,64.24334281017633,62.5348390661247,60.104199289935316,58.736399492427324,58.90162609916373,58.711806979378025,58.381908223229324,60.104199289935316,60.068060989443566,"rgba(0, 255, 0, 1.0)",3.7902518790056727,61.2301484560672,2.3269829619467353,82.89916995533065,36.67322358607149,True,False,True,False,False,20.0,0.0,0.0,0.0,0.0,0,0.9358895876231292,0.8169068952084149,False,False,False,False,0.3358409035966637,0.33923648812697893,False,False,False,False,804866.0,386569.4287836364,False,False,False,False,31269.776178910488,False,False,False,False
2025-06-10 17:00:00+00:00,70.675,70.74,70.535,70.73,55562.0,,,63.3469729830327,61.91453781844489,58.99807466818984,58.88444574901795,58.46235555207036,58.487469530078684,,64.50955586950599,62.76560718565421,60.26386253937987,58.87081717170796,58.99286760397664,58.79635271506406,58.45937090871567,60.26386253937987,60.211714638064514,"rgba(0, 255, 0, 1.0)",3.904252359477575,61.410802064066786,2.3869353407217284,82.75928604488864,36.31479468104317,True,False,True,False,False,20.0,0.0,0.0,0.0,0.0,0,0.9351348352014208,0.8161691266230165,False,False,False,False,0.3428282504939771,0.341032369310478,False,False,False,False,860428.0,393916.0732986188,False,False,False,False,31646.39980404366,False,False,False,False
2025-06-11 17:00:00+00:00,70.33,70.45,70.145,70.27,50814.0,,,63.550018732930475,62.07182907790433,59.11850377795155,58.97397845233387,58.529150055719015,58.547278242973945,,64.72053798465765,62.95587006096551,60.40053349776952,58.98724885888506,59.07240624780153,58.870192021508146,58.52718535789412,60.40053349776952,60.33267172071498,"rgba(0, 255, 0, 1.0)",3.9983005150949733,61.55858012913531,2.178780668930725,79.55839681180453,33.15190522928606,True,False,True,False,False,20.0,0.0,0.0,0.0,0.0,0,0.9327066629803706,0.8126071329831355,False,False,False,False,0.32955305856464057,0.3352927139375593,False,False,False,False,809614.0,400361.0023947642,False,False,False,False,31943.571900104995,False,False,False,False
2025-06-12 17:00:00+00:00,70.545,70.77,70.525,70.755,29302.0,,,63.66834740684506,62.16410667822753,59.18920347683952,59.026751704698164,58.56860769807369,58.582643325386,,64.84348697691634,63.066951473595175,60.48074543601053,59.05562546623544,59.119362659521094,58.91379998930844,58.5672399284489,60.48074543601053,60.403605555392765,"rgba(0, 255, 0, 1.0)",4.0981951114083,61.64535892469853,2.222842209230746,78.48230166577103,32.063999121205924,True,False,True,False,False,20.0,0.0,0.0,0.0,0.0,0,0.937838136248206,0.805895992050348,False,False,False,False,0.342828250496052,0.3390604822168056,False,False,False,False,838916.0,407160.3046832175,False,False,False,False,31902.61729700259,False,False,False,False
2025-06-13 17:00:00+00:00,70.945,70.955,70.585,70.81,49462.0,,,63.86214730777356,62.31724174187387,59.30762543066669,59.11551734131135,58.6351794589346,58.642364027578715,,65.04327337067073,63.24975318880381,60.614641291035916,59.17022685208327,59.19844766794102,58.98730394373029,58.63480994185397,60.614641291035916,60.52142550494291,"rgba(0, 255, 0, 1.0)",4.193214737863725,61.78844615766566,2.1514647844938324,77.88213723479444,31.373024219399753,True,False,True,False,False,20.0,0.0,0.0,0.0,0.0,0,0.9439609777728509,0.801673964857824,False,False,False,False,0.342828250521295,0.34094436636905034,False,False,False,False,888378.0,414621.0441454931,False,False,False,False,32174.85578852193,False,False,False,False
2025-06-16 17:00:00+00:00,71.29,71.315,71.005,71.05,33547.0,,,63.993857422142526,62.42209201619957,59.388915524505485,59.17669481614363,58.681171658906145,58.68366225631777,,65.17888113342566,63.37426147597329,60.70646189064756,59.24892611848076,59.253034940823916,59.03806322178428,58.681485397374395,60.70646189064756,60.60211599020962,"rgba(0, 255, 0, 1.0)",4.283837651805532,61.88639915548865,2.139110206627256,78.01043778818446,31.31640064741363,True,False,True,False,False,20.0,0.0,0.0,0.0,0.0,0,0.9542563873703003,0.7953810108222695,False,False,False,False,0.3428282505995381,0.34188630848429424,False,False,False,False,921925.0,422486.22175564046,False,False,False,False,32196.129342188255,False,False,False,False
2025-06-17 17:00:00+00:00,70.87,70.975,70.61,70.92,31695.0,,,64.10912245728616,62.51567812022273,59.46283486839707,59.23254370428992,58.72331486597626,58.72153167910208,,65.29560932354731,63.48408726715958,60.78939058257138,59.32055201737234,59.302909867446424,59.08449682102684,58.724250111776485,60.78939058257138,60.67433243739804,"rgba(0, 255, 0, 1.0)",4.352431791021567,61.97268600625116,2.0557045861593624,77.05817772160631,30.2087766328834,True,False,True,False,False,20.0,0.0,0.0,0.0,0.0,0,0.9504961534173265,0.7898873898985397,False,False,False,False,0.3287749685091403,0.3353306384967173,False,False,False,False,890230.0,429738.06327880884,False,False,False,False,32188.359895022546,False,False,False,False
2025-06-18 17:00:00+00:00,71.5,71.62,71.125,71.285,43860.0,,,64.27394946743806,62.64950828016905,59.56806733598685,59.312299076521214,58.783581013490156,58.77573113045755,,65.46352763935101,63.64098743578304,60.90762875170234,59.4225325074755,59.37423446746944,59.15090646125766,58.78539776732587,60.90762875170234,60.77756548726367,"rgba(0, 255, 0, 1.0)",4.431199923921902,62.09681867058669,2.0735199239850957,77.34781032675701,30.2087766328834,True,False,True,False,False,20.0,0.0,0.0,0.0,0.0,0,0.9535652271326953,0.7921357754999161,False,False,False,False,0.34282825061568817,0.33907944455620276,False,False,False,False,934090.0,437557.4731504552,False,False,False,False,32369.31555556483,False,False,False,False
2025-06-19 17:00:00+00:00,71.285,71.285,71.285,71.285,0.0,,,64.27394946743806,62.64950828016905,59.56806733598685,59.312299076521214,58.783581013490156,58.77573113045755,,65.46352763935101,63.64098743578304,60.90762875170234,59.4225325074755,59.37423446746944,59.15090646125766,58.78539776732587,60.90762875170234,60.77756548726367,"rgba(0, 255, 0, 1.0)",4.501900671678282,62.09681867058669,2.0409560315749933,77.5408987301908,30.2087766328834,True,False,True,False,False,20.0,0.0,0.0,0.0,0.0,0,0.9556680731364281,0.7901547116736993,False,False,False,False,0.3393348293525524,0.33920713695437754,False,False,False,False,934090.0,445255.65186130087,False,False,False,False,31867.46570199018,False,False,False,False
2025-06-20 17:00:00+00:00,71.285,71.32,70.82,70.88,32611.0,,,64.38610673673836,62.74266082826785,59.64290713557621,59.36928116936665,58.82682746554665,58.81465753641231,,65.57564759641755,63.748721170534544,60.99105751761343,59.495133208837736,59.425244425723456,59.19846855824364,58.82927122920896,60.99105751761343,60.849691121422104,"rgba(0, 255, 255, 0.75)",4.5608011308271985,62.182053590866076,1.907109334441943,74.14959745487177,26.965290596016686,False,False,True,False,False,20.0,0.0,0.0,0.0,0.0,0,0.9500623512073464,0.7895930166647778,False,False,False,False,0.33078457549846607,0.3349958562264218,False,False,False,False,901479.0,452328.88206500164,False,False,False,False,31878.993365525213,False,False,False,False
2025-06-23 17:00:00+00:00,70.665,71.245,70.645,71.195,22790.0,,,64.4625438395398,62.806704201286216,59.69472840489718,59.40884777227791,58.8569222175781,58.841762346059774,,65.65164904954383,63.82237760840638,61.04867202169953,59.54542641134473,59.46069386673066,59.231541719171005,58.85979963054789,61.04867202169953,60.899359160698694,"rgba(0, 255, 255, 0.75)",4.610514508819567,62.240484018569425,1.9421945130638354,73.0418068444024,25.910818771941152,False,False,True,False,False,20.0,0.0,0.0,0.0,0.0,0,0.9472469316518415,0.7916338250197053,False,False,False,False,0.3258349420723893,0.33041539914940554,False,False,False,False,924269.0,459645.7831182574,False,False,False,False,31738.078739703116,False,False,False,False
2025-06-24 17:00:00+00:00,72.06,72.065,71.725,71.8,25068.0,,,64.55505223209299,62.88305465259322,59.755347023610824,59.45516563745181,58.892113372582266,58.873471151270365,,65.74544590316995,63.910884827717304,61.116525297920724,59.604228611870624,59.502234032703115,59.27026772891958,58.89549571207643,61.116525297920724,60.95840662953687,"rgba(0, 255, 0, 1.0)",4.649374875155736,62.311207963365675,2.040874803909307,74.11555257369336,25.910818771941152,False,False,True,False,False,20.0,0.0,0.0,0.0,0.0,0,0.9560378097209018,0.788634711113597,False,False,False,False,0.34282825051719595,0.3366218248333007,False,False,False,False,949337.0,467237.8950078968,False,False,False,False,31634.666666219346,False,False,False,False
2025-06-25 17:00:00+00:00,71.72,72.105,71.69,72.03,39739.0,,,64.69857613794697,63.002519018833816,59.85082845103975,59.528348245867875,58.9478460821399,58.92372347115091,,65.89029961906758,64.0486100530758,61.22313347184935,59.69689126533842,59.567932033515824,59.33155271014666,58.95202241601796,61.22313347184935,61.050944844306976,"rgba(0, 255, 0, 1.0)",4.6967282296363235,62.421573390824065,2.045770191374248,75.41546861606108,25.910818771941152,False,False,True,False,True,20.0,0.0,0.0,0.0,0.0,0,0.9556983240223468,0.789608938547486,False,False,False,False,0.34282825047100507,0.3397250376521529,False,False,False,False,989076.0,475328.4082635883,False,False,False,False,31760.315245037647,False,False,False,False
2025-06-26 17:00:00+00:00,72.93,73.055,72.725,72.88,28752.0,,,64.81209020684875,63.095939648882194,59.92431052624461,59.58475515560187,58.99078506404149,58.96246368051978,,66.00666990914505,64.15692987530228,61.305652602197476,59.76817897223771,59.618632189859824,59.378820654962716,58.995569419357906,61.305652602197476,61.12313830040013,"rgba(0, 255, 0, 1.0)",4.744621940719835,62.5089119920661,2.185861832093714,78.00303094836084,24.914316272567675,True,False,True,False,True,20.0,0.0,0.0,0.0,0.0,0,0.9577808599167825,0.7895700416088763,False,False,False,False,0.3428282506685488,0.34127664416035086,False,False,False,False,1017828.0,483739.2546470986,False,False,False,False,31713.674698602954,False,False,False,False
2025-06-27 17:00:00+00:00,72.825,72.845,72.035,72.555,44143.0,,,64.97186076145385,63.230140183009404,60.03202567067475,59.667805478669436,59.05427477326456,59.0197929935872,,66.16781907749446,64.3106198152951,61.425708561990184,59.872779281558465,59.6933527622479,59.44857858311357,59.05995021826081,61.425708561990184,61.22728524312459,"rgba(0, 255, 0, 1.0)",4.797840004805432,62.63300393770855,2.068013116809597,77.18428341512643,24.914316272567675,False,False,True,False,True,20.0,0.0,0.0,0.0,0.0,0,0.9474728545444528,0.7938598908670008,False,False,False,False,0.3260591714843381,0.33366790782234446,False,False,False,False,973685.0,491335.31271458545,False,False,False,False,31906.37741645407,False,False,False,False
2025-06-30 17:00:00+00:00,73.445,73.52,73.285,73.455,33973.0,,,65.10522419019003,63.34108990488606,60.119851528043924,59.73564212135918,59.10613082225361,59.066648229199224,,66.30418592242789,64.4382872342883,61.524086156653155,59.95804263485112,59.75446217315728,59.5056048340864,59.11252922205549,61.524086156653155,61.313214228727055,"rgba(0, 255, 0, 1.0)",4.8762869744978445,62.73662557754748,2.198060630661773,78.4503613007318,25.259694351682583,True,False,True,False,True,20.0,0.0,0.0,0.0,0.0,0,0.9525523560209429,0.7886671029668412,False,False,False,False,0.3428282507632359,0.3382480792927902,False,False,False,False,1007658.0,499340.31561823527,False,False,False,False,31938.418076664082,False,False,False,False
2025-07-01 17:00:00+00:00,73.935,74.09,73.83,74.085,25106.0,,,65.20781266329381,63.426184467903376,60.186824117665196,59.787457498877366,59.1457599631226,59.10247401722348,,66.40968267026524,64.53632003245734,61.59926076407078,60.023058561546364,59.8011808411878,59.549198148127054,59.15270793617524,61.59926076407078,61.3790708986089,"rgba(0, 255, 0, 1.0)",4.960688548364385,62.81642614120571,2.2715745503735976,80.23879223722219,26.971216646292916,True,False,True,False,True,20.0,0.0,0.0,0.0,0.0,0,0.9578215023372111,0.7861180563104685,False,False,False,False,0.34282825077400947,0.34053816503339984,False,False,False,False,1032764.0,507610.450259813,False,False,False,False,31832.48911423518,False,False,False,False
2025-07-02 17:00:00+00:00,74.15,74.41,74.145,74.405,28460.0,,,65.32538954062566,63.523873642667574,60.263698082990274,59.84704706466796,59.19138624013287,59.14374188822771,,66.53069964238705,64.64870341130862,61.685549581024055,60.09769790888392,59.85495059981141,59.59938076490492,59.19896365379134,61.685549581024055,61.45469861703256,"rgba(0, 255, 0, 1.0)",5.04717483457929,62.908100876858335,2.277888026460648,81.85430237665341,28.506657264614958,True,False,True,False,True,20.0,0.0,0.0,0.0,0.0,0,0.9585562957300432,0.789450693458556,False,False,False,False,0.34282825082127705,0.3416832079273384,False,False,False,False,1061224.0,516193.60606973834,False,False,False,False,31780.2024613013,False,False,False,False
2025-07-03 17:00:00+00:00,74.985,74.99,74.84,74.99,0.0,,,65.32538954062566,63.523873642667574,60.263698082990274,59.84704706466796,59.19138624013287,59.14374188822771,,66.53069964238705,64.64870341130862,61.685549581024055,60.09769790888392,59.85495059981141,59.59938076490492,59.19896365379134,61.685549581024055,61.45469861703256,"rgba(0, 255, 0, 1.0)",5.1402797913472575,62.908100876858335,2.3504360878330743,83.62200242387341,30.18024861808462,True,False,True,False,True,20.0,0.0,0.0,0.0,0.0,0,0.9561868341983071,0.7911499590275881,False,False,False,False,0.34282825092912594,0.3422557294282322,False,False,False,False,1061224.0,524643.6896965641,False,False,False,False,31287.486144071823,False,False,False,False
2025-07-04 17:00:00+00:00,74.99,74.99,74.99,74.99,0.0,,,65.32538954062566,63.523873642667574,60.263698082990274,59.84704706466796,59.19138624013287,59.14374188822771,,66.53069964238705,64.64870341130862,61.685549581024055,60.09769790888392,59.85495059981141,59.59938076490492,59.19896365379134,61.685549581024055,61.45469861703256,"rgba(0, 255, 0, 1.0)",5.218328537925664,62.908100876858335,2.315281423032888,84.80046912202008,31.318309234647955,True,False,True,False,True,20.0,0.0,0.0,0.0,0.0,0,0.9564046179219358,0.7956019791094007,False,False,False,False,0.3428282509413899,0.342541990184811,False,False,False,False,1061224.0,532962.764274912,False,False,False,False,30802.40883951257,False,False,False,False
2025-07-07 17:00:00+00:00,74.405,74.5,73.88,74.115,66879.0,,,65.58553390341898,63.74348369292744,60.43914023757999,59.983693945896384,59.29644486831429,59.23886156212802,,66.79563346715602,64.89882726645942,61.88135481784487,60.268186297268294,59.97841437423672,59.71474722076947,59.30545583815364,61.88135481784487,61.62536749939643,"rgba(0, 255, 255, 0.75)",5.281280396895273,64.89852321005883,1.745121655604443,79.53645648544168,33.43159113319008,True,False,True,False,False,20.0,0.0,0.0,0.0,0.0,0,0.9542572958793315,0.7946223630997921,False,False,False,False,0.31528182977865515,0.3289119099817331,False,False,False,False,994345.0,540115.97723189,False,False,False,False,31361.735834248808,False,False,False,False
2025-07-08 17:00:00+00:00,74.195,74.245,73.925,74.05,40280.0,,,65.73335817259048,63.870305337473674,60.54199371088737,60.06421865692421,59.358625685929276,59.295223074426865,,66.94463075177754,65.0417984134826,61.995489580762296,60.368224566463496,60.051277834104226,59.78291751295519,59.36847483427036,61.995489580762296,61.72434908708059,"rgba(0, 255, 255, 0.75)",5.34109111317893,65.0013129606232,1.6941645157577496,75.63366090910444,30.02757357521746,False,False,True,False,False,20.0,0.0,0.0,0.0,0.0,0,0.9538721272192576,0.7963729441237336,False,False,False,False,0.31170130892791,0.32030660945482153,False,False,False,False,954065.0,546533.7915383723,False,False,False,False,31500.003495733323,False,False,False,False
2025-07-09 17:00:00+00:00,74.39,74.41,74.075,74.125,45472.0,,,65.89667523577957,64.01156030133127,60.657353523007174,60.15485724011083,59.42881023254257,59.35889221635058,,67.10860460469958,65.2001836775144,62.12315453939981,60.480484301435396,60.13338748895461,59.85979415350383,59.439596886182166,62.12315453939981,61.83487341544705,"rgba(0, 255, 255, 0.75)",5.398440298610082,65.1229795401652,1.6675224623957619,73.26473070152058,28.038997813500814,False,True,True,False,False,20.0,0.0,0.0,0.0,0.0,0,0.967132021545565,0.793283500054963,False,False,False,False,0.31619843327314473,0.31825252136398313,False,False,False,False,999537.0,553557.0970959169,False,False,False,False,31716.623596574667,False,False,False,False
2025-07-10 17:00:00+00:00,73.82,73.98,73.74,73.86,43783.0,,,66.04182497945858,64.13950606350944,60.76383324488446,60.2389315914365,59.49420769433556,59.41827859231253,,67.2523273741454,65.34197411640429,62.24015685902621,60.584204525823836,60.209644560502184,59.931291335947385,59.50585812691518,62.24015685902621,61.93554146651551,"rgba(0, 255, 255, 0.75)",5.442510849906595,65.22151320269845,1.5872245431444216,69.8699825066695,25.03618059901065,False,True,True,False,False,20.0,0.0,0.0,0.0,0.0,0,0.9515677337872718,0.7997364230410189,False,False,False,False,0.3019963826478052,0.31012445200589417,False,False,False,False,955754.0,559792.7079936547,False,False,False,False,31903.699199728548,False,False,False,False
2025-07-11 17:00:00+00:00,73.44,73.685,73.355,73.59,40926.0,,,66.16749367201734,64.25233349770065,60.85945391921359,60.31478688126978,59.553468297006695,59.4721440348663,,67.37506814728438,65.46560340746326,62.34451088975748,60.67743479972609,60.27852746189828,59.9959614079017,59.56589299956111,62.34451088975748,62.02482149351283,"rgba(0, 255, 255, 0.75)",5.46590273199911,65.30301422331831,1.5161239017604675,65.85121104037609,21.463474183083918,False,True,True,False,False,20.0,0.0,0.0,0.0,0.0,0,0.9451279797868837,0.8057783148412611,False,False,False,False,0.2886192832904839,0.299371867648189,False,False,False,False,914828.0,565297.1311255359,False,False,False,False,32043.579832290896,False,False,False,False
2025-07-14 17:00:00+00:00,73.595,74.065,73.56,74.03,43881.0,,,66.30366984523224,64.37467745701323,60.96312098905112,60.397240090617956,59.61799312481506,59.53083553725947,,67.50846052887381,65.59951879948706,62.457629031667196,60.77853313483288,60.35347975522962,60.06635332490351,59.63125431941498,62.457629031667196,62.121751226030625,"rgba(0, 255, 255, 0.75)",5.486281316582695,65.40227001531017,1.5726007265817517,65.03879200147064,20.793288154595388,False,True,True,False,False,20.0,0.0,0.0,0.0,0.0,0,0.9458774250440921,0.8067680776014109,False,False,False,False,0.29926589841521917,0.29931888303170406,False,False,False,False,958709.0,571396.5399452951,False,False,False,False,32227.1057263639,False,False,False,False
2025-07-15 17:00:00+00:00,73.425,73.59,73.335,73.47,49025.0,,,66.44211594202326,64.5018628206427,61.073304524154494,60.48535004223633,59.687296147541375,59.5939422916857,,67.64176958250249,65.7368490500028,62.57686373646574,60.88610650296781,60.43367874793912,60.14179311406704,59.70144453922283,62.57686373646574,62.22325977241936,"rgba(38, 166, 154, 1.0)",5.47945766698895,66.30930477617085,1.3068255398647999,61.1210790261338,17.128195757334055,False,True,True,False,False,20.0,0.0,0.0,0.0,0.0,0,0.9401568756513631,0.8067028687400579,False,False,False,False,0.28447746222492043,0.29189817262831225,False,False,False,False,909684.0,576641.3067678487,False,False,False,False,32487.538195722598,False,False,False,False
2025-07-16 17:00:00+00:00,73.66,74.045,73.64,74.0,28331.0,,,66.52445969316749,64.57720106223637,61.13827631846458,60.53739715521642,59.72827031879599,59.631273514606406,,67.72161196702532,65.81834141868511,62.64727273326124,60.949541048221896,60.48109371284433,60.18639744386958,59.742940017771794,62.64727273326124,62.2833904926282,"rgba(38, 166, 154, 1.0)",5.485222689641198,66.37747750784811,1.3896468609281742,60.77242631965046,16.735800822219375,False,True,True,False,False,20.0,0.0,0.0,0.0,0.0,0,0.9386850667564234,0.8021990351172442,False,False,False,False,0.2988042837503943,0.2953512281893533,False,False,False,False,938015.0,582243.9996861767,False,False,False,False,32423.095743075733,False,False,False,False
2025-07-17 17:00:00+00:00,73.925,74.045,73.795,73.975,60298.0,,,66.69479245982757,64.73431805171045,61.27485204490794,60.647192133799976,59.814959666505125,59.71032122359045,,67.88608209059456,65.98737983732302,62.79481504091556,61.08295806785865,60.581227608294725,60.280671113665335,59.83072173574465,62.79481504091556,62.40925315959524,"rgba(38, 166, 154, 1.0)",5.459547210047588,66.50827251052232,1.3676459241411327,60.38672765529374,16.12214201787151,False,True,True,False,False,20.0,0.0,0.0,0.0,0.0,0,0.9396956813604836,0.7985007831729691,False,False,False,False,0.3017407082218846,0.29854596820561896,False,False,False,False,877717.0,586824.9764352283,False,False,False,False,32855.26480132262,False,False,False,False
2025-07-18 17:00:00+00:00,73.725,73.775,73.34,73.545,31311.0,,,66.7756514351503,64.81051546513129,61.34250716891578,60.70186779280311,59.85834325619244,59.7499234233699,,67.96288301354463,66.06829278308776,62.86732395735506,61.1491196274081,60.63115683334385,60.327751000296686,59.8746450527142,62.86732395735506,62.47076775456254,"rgba(38, 166, 154, 1.0)",5.382928325768423,66.56106111501089,1.2974237185281758,57.566265408278966,13.208414931460766,False,True,True,False,False,20.0,0.0,0.0,0.0,0.0,0,0.936341299977664,0.8015412106321198,False,False,False,False,0.28804830857349545,0.2932971383895572,False,False,False,False,846406.0,590849.4884284805,False,False,False,False,32831.32271137963,False,False,False,False
2025-07-21 17:00:00+00:00,74.515,74.54,74.265,74.37,39431.0,,,66.88707180786135,64.91364397232466,61.432431304596065,60.77451596814783,59.91591008210617,59.80248404889026,,68.07075643374334,66.17890030597466,62.96431362042435,61.237011060682285,60.697534155059415,60.390295451983896,59.93292641131108,62.96431362042435,62.553676509469646,"rgba(38, 166, 154, 1.0)",5.26938804163567,66.65409609430914,1.4642884230055246,59.175962125972674,13.208414931460766,False,True,True,False,False,20.0,0.0,0.0,0.0,0.0,0,0.9436674436674442,0.792207792207792,False,False,False,False,0.32013866922520884,0.306717903807383,False,False,False,False,885837.0,595422.938220287,False,False,False,False,32933.64328949778,False,False,False,False
2025-07-22 17:00:00+00:00,74.905,75.115,74.805,75.09,32934.0,,,66.98504899024849,65.00354374409876,61.51009474445244,60.83730480604713,59.96566026421601,59.84792444266941,,68.1665734526191,66.27576934563439,63.048349542058034,61.31290354936026,60.75494022008775,60.44437332218962,59.98329154308237,63.048349542058034,62.62582907436645,"rgba(0, 255, 255, 0.75)",5.161455105957088,66.74272513180925,1.6172328726751404,62.45722843896874,13.208414931460766,False,True,True,False,True,20.0,0.0,0.0,0.0,0.0,0,0.9440296443780769,0.7904430064708811,False,False,False,False,0.34166154358105266,0.32418972369421784,False,False,False,False,918771.0,600436.0864649336,False,False,False,False,32933.64881989316,False,False,False,False
2025-07-23 17:00:00+00:00,75.335,75.47,75.21,75.32,39340.0,,75.33333333333334,67.10371827081322,65.11232756319137,61.60394789995463,60.91331456238265,60.02595374091978,59.90302281550739,,68.28297243457605,66.39300015441069,63.14993514315777,61.404627237963034,60.82448562674385,60.509899939619274,60.04432587042324,63.14993514315777,63.61463318521402,"rgba(38, 166, 154, 1.0)",5.090717544425029,67.72188518582956,1.4925429957298089,65.25957352926176,9.637829585615123,False,True,True,False,True,20.0,0.0,0.0,0.0,0.0,0,0.9457951154823742,0.7899215382915239,False,False,False,False,0.3428282505951097,0.33350898714466376,False,False,False,False,958111.0,605981.4339616012,False,False,False,False,33032.972094003344,False,False,False,False
2025-07-24 17:00:00+00:00,75.125,75.145,74.835,74.85,23533.0,,75.18735859059798,67.16981827094445,65.17387165948905,61.65790611055086,60.95718393339049,60.06088221544029,59.93496704782624,,68.3470591431351,66.45869129672444,63.20798437994249,61.45740415270589,60.86466132415654,60.54779862333273,60.07967942810225,63.20798437994249,63.65037615545277,"rgba(38, 166, 154, 1.0)",4.973972299121913,67.76524516369147,1.4243655594059574,64.28392387946175,9.637829585615123,False,True,True,False,True,20.0,0.0,0.0,0.0,0.0,0,0.9417545409374485,0.7930215867056809,False,False,False,False,0.3295152086351466,0.3315120978899052,False,False,False,False,934578.0,611075.9543652973,False,False,False,False,32885.68570494903,False,False,False,False
2025-07-25 17:00:00+00:00,74.645,74.91,74.63,74.9,44178.0,,75.03300517198967,67.28891731537557,65.28584015697508,61.75705092601676,61.03804373091513,60.12544395543275,59.994053987066884,,68.46178947815842,66.57747622368603,63.314239514417615,61.55443349417783,60.93877733240176,60.61777247595555,60.14502026803693,63.314239514417615,63.72370457361471,"rgba(38, 166, 154, 1.0)",4.895673501780499,67.8467599148187,1.4407088386543996,63.81183577862893,9.637829585615123,False,True,True,False,True,20.0,0.0,0.0,0.0,0.0,0,0.9398575136687473,0.794499364886508,False,False,False,False,0.3212046229388947,0.3263583604143999,False,False,False,False,978756.0,616776.4201890911,False,False,False,False,33060.760345182374,False,False,False,False
2025-07-28 17:00:00+00:00,74.015,74.175,73.92,74.11,36003.0,,74.79022216552258,67.37392534842549,65.36819739013083,61.83220314031786,61.09971974260639,60.1749947134497,60.039457739920316,,68.54170244331104,66.66327764003893,63.393886572127414,61.628086523279045,60.995386308470664,60.67132601367978,60.19516007971195,63.393886572127414,63.76911041578513,"rgba(38, 166, 154, 1.0)",4.83395179671588,67.88759788838655,1.28722882918296,59.272741959980735,14.688481129855916,False,True,True,False,False,20.0,0.0,0.0,0.0,0.0,0,0.9345287053791743,0.7967319186269671,False,False,False,False,0.29420446776864245,0.3102814140915212,False,False,False,False,942753.0,621830.3206512757,False,False,False,False,33106.376463861714,False,False,False,False
2025-07-29 17:00:00+00:00,73.425,73.54,73.115,73.525,34579.0,,74.51829623437087,67.44555554714334,65.4398308759925,61.89958976912049,61.15535443014892,60.219959060474814,60.08070575990821,,68.60722313220714,66.73651011421086,63.46451301065073,61.694220495249134,61.046514927122004,60.71979004796929,60.24065136091853,63.46451301065073,63.804908197534765,"rgba(38, 166, 154, 1.0)",4.7531108286625585,67.91079218132813,1.1811649298847953,53.840908219316,9.645480817955779,False,True,True,False,False,18.895506536366042,0.0,0.0,0.0,0.0,0,0.9298524653101521,0.8028300334558217,False,False,False,False,0.2677064106479906,0.2889939123697559,False,False,False,False,908174.0,626269.7575404032,False,False,False,False,33129.20783651502,False,False,False,False
2025-07-30 17:00:00+00:00,73.77,74.015,73.475,73.58,26794.0,,74.40973244727947,67.50260810544007,65.49650152524023,61.952601308831404,61.19915532932015,60.255370390483975,60.113200891162116,,68.6598607029169,66.79464897959183,63.52017133073236,61.74624280781205,61.086788543551066,60.7579630208135,60.276476043898704,63.52017133073236,63.84080867336241,"rgba(38, 166, 154, 1.0)",4.6799469302835055,67.93951528485883,1.2052454438408506,50.50442683176922,6.659318059627438,False,True,False,False,False,19.034960645775456,0.0,0.0,0.0,0.0,0,0.9335827876520114,0.7950255874098938,False,False,False,False,0.2830246269797636,0.28600926967475976,False,False,False,False,934968.0,631055.7768033426,False,False,False,False,33030.987559979905,False,False,False,False
2025-07-31 17:00:00+00:00,72.86,73.12,72.71,72.895,39302.0,,74.16762753577402,67.5740957146182,65.57043550687872,62.02438159871291,61.25886629882924,60.30397429811356,60.15785754530305,,68.72343142928429,66.86872027473908,63.59453316732053,61.81679815592254,61.1417655046623,60.810191184729696,60.32563830771527,63.59453316732053,63.88130832304311,"rgba(38, 166, 154, 1.0)",4.596393587260424,67.96048328220301,1.073562701739406,45.74544201520742,2.3542399983072855,False,True,False,True,False,16.155453676669154,0.0,0.0,0.0,0.0,0,0.9358015183188468,0.7923313895918142,False,False,False,False,0.25269125070665266,0.2693502601907062,False,False,False,False,895666.0,635158.2608839109,False,False,False,False,33128.212559049985,False,False,False,False
2025-08-01 17:00:00+00:00,72.385,72.645,72.21,72.515,41009.0,,73.92120874277406,67.64055231545065,65.6413716752139,62.09521675666679,61.318134290874795,60.352489600961455,60.20248378364501,72.45666666666666,68.78082271356098,66.93848048851247,63.66717682922114,61.88651379212605,61.19640660632759,60.862194466989145,60.37470273403814,63.66717682922114,64.4889614308686,"rgba(38, 166, 154, 0.5)",4.501534991453364,68.62205365104992,0.8648041959778704,41.39308138820864,-1.5367361619609596,False,True,False,True,False,14.602298365816452,0.0,0.0,0.0,0.0,0,0.9250288985523202,0.8009027357296197,False,False,False,False,0.2350882494617621,0.25221925482623414,False,False,False,False,854657.0,638561.342110517,False,False,False,False,33250.39531007247,False,False,False,False
2025-08-04 17:00:00+00:00,73.71,73.725,73.37,73.475,37653.0,,73.87473969496666,67.71316271917503,65.715222020469,62.16602198984469,61.377160833101065,60.40059028721773,60.24671563062173,72.96724610781996,68.8468315528382,67.0131034195278,63.740802803964925,61.9561032914367,61.250822094026454,60.913889945553834,60.423350202905226,63.740802803964925,64.57371750623126,"rgba(38, 166, 154, 1.0)",4.413919730510192,68.69343185038157,1.0832929553673,43.36739588391444,-1.5367361619609596,False,True,False,True,False,17.143538236472125,0.0,0.0,0.0,0.0,0,0.9267067176406336,0.8008738394320045,False,False,False,False,0.2757625645048274,0.26399090966553074,False,False,False,False,892310.0,642495.4298297337,False,False,False,False,33318.652747125605,False,False,False,False
2025-08-05 17:00:00+00:00,73.005,73.21,72.855,72.97,34866.0,,73.79050928323308,67.77303646822686,65.7779816466006,62.22788971300455,61.42903037797653,60.443093932626496,60.285843982949366,72.98088826838607,68.8998262694947,67.07539687201222,63.80449005184158,62.016986084863376,61.29870022099288,60.95945679638785,60.466330022251256,63.80449005184158,64.61529733272316,"rgba(38, 166, 154, 0.5)",4.33984119774231,68.71987492318095,0.9793273263155489,42.88638008857748,-1.5367361619609596,False,True,False,True,False,15.10844270052403,0.0,0.0,0.0,0.0,0,0.9195289499509325,0.8078181223421657,False,False,False,False,0.2569566679639679,0.2604737888147493,False,False,False,False,857444.0,645827.9658013658,False,False,False,False,33342.64262701513,False,False,False,False
2025-08-06 17:00:00+00:00,73.37,73.485,73.285,73.455,22631.0,,73.76774198360218,67.81406895105366,65.82034567886393,62.26913405257767,61.463595868405704,60.4713952818985,60.31190113964742,73.05193395221762,68.93675777016296,67.1177986763158,63.84712313713841,62.05755942707427,61.33061451011354,60.98981770449421,60.49494798165827,63.84712313713841,64.64964907434826,"rgba(38, 166, 154, 1.0)",4.260053734381718,68.7468304812337,1.1051901718440686,44.68780480357893,-1.5367361619609596,False,True,False,True,True,16.37729209621335,0.0,0.0,0.0,0.0,0,0.9212718462459849,0.8041051886535636,False,False,False,False,0.2698086827799353,0.2651412357973423,False,False,False,False,880075.0,649459.7027656856,False,False,False,False,33176.57064830172,False,False,False,False
2025-08-07 17:00:00+00:00,72.97,73.03,72.67,72.895,26645.0,,73.70857443717156,67.85700154835288,65.86609606326861,62.31495579263667,61.50219776144311,60.50316559554244,60.341180364845926,73.0213397705216,68.97428149915167,67.16274948195314,63.89401030882435,62.10269127530172,61.36629371359888,61.023818698072,60.52706915996243,63.89401030882435,64.67769503137647,"rgba(38, 166, 154, 0.5)",4.178751740425354,68.7630298581377,0.9888048868492256,43.88235207936293,-1.5367361619609596,False,True,False,True,True,14.151956261390048,0.0,0.0,0.0,0.0,0,0.9101961867919315,0.8067974578612878,False,False,False,False,0.25033552992445074,0.2577383828608965,False,False,False,False,853430.0,652622.0329553649,False,False,False,False,33075.30598708774,False,False,False,False
2025-08-08 17:00:00+00:00,73.17,73.41,73.115,73.245,24924.0,,73.68246905639882,67.89959522981374,65.9107217329699,62.359038587591606,61.53930699990391,60.533673695939626,60.36929774870337,73.0525833120259,69.01220707224684,67.2070097290986,63.93932549323456,62.14609218135329,61.40059918324405,61.05649397816067,60.55791403559975,63.93932549323456,64.71108853575231,"rgba(38, 166, 154, 1.0)",4.093270446225827,68.78783645574136,1.0889003311199108,44.89595762572842,-1.5367361619609596,False,True,False,True,True,15.082559316267673,0.0,0.0,0.0,0.0,0,0.9076752563036854,0.8062621224715987,False,False,False,False,0.2653327080942897,0.2615355454775931,False,False,False,False,878354.0,656121.7533746617,False,False,False,False,32948.92915007863,False,False,False,False
2025-08-11 17:00:00+00:00,72.795,73.12,72.745,73.105,25598.0,,73.64368636524415,67.94050383679864,65.95435312831687,62.40284638258683,61.576314795188864,60.56420169474126,60.397453427666456,73.04507364315648,69.04806164457204,67.24982813302063,63.98409274462483,62.18925513081128,61.43483905924449,61.08914210749241,60.58877583198811,63.98409274462483,64.74056186169689,"rgba(38, 166, 154, 1.0)",4.013746225879959,68.80712916492392,1.0707878857323205,45.02438555597318,-1.5367361619609596,False,True,False,True,True,14.523716244366796,0.0,0.0,0.0,0.0,0,0.9090098126672616,0.805028991971454,False,False,False,False,0.2533259517223651,0.2574307485999791,False,False,False,False,852756.0,659170.3463455972,False,False,False,False,32834.96125627896,False,False,False,False
2025-08-12 17:00:00+00:00,73.51,73.545,73.23,73.23,38314.0,,73.61981121480486,68.00462065342771,66.02181650105523,62.4698603952512,61.6329225422311,60.61087705476443,60.44050986761339,73.0892170163726,69.10512811978339,67.31652659492195,64.05281244915048,62.25526458569415,61.487230369685086,61.139082984694326,60.63596035145319,64.05281244915048,64.7921093800602,"rgba(38, 166, 154, 1.0)",3.9432307065913954,68.84669150383897,1.111603358341174,45.729322043405695,-1.5367361619609596,False,True,False,True,True,14.863609396338344,0.0,0.0,0.0,0.0,0,0.9129562552242965,0.8011702424073558,False,False,False,False,0.26990013863550094,0.26366544361774,False,False,False,False,891070.0,662765.6898131073,False,False,False,False,32919.90759339091,False,False,False,False
2025-08-13 17:00:00+00:00,74.365,74.5,74.29,74.49,45673.0,,73.68792331895366,68.09434006436159,66.11241042513115,62.556599536218606,61.705924014231776,60.67080913382891,60.495777019933094,73.29467502822503,69.18825386901679,67.40822998697716,64.14290349826396,62.34059117674747,61.55478428624456,61.20336786014387,60.69654941974306,64.14290349826396,64.87687590920137,"rgba(38, 166, 154, 1.0)",3.8934639733419387,68.92789830490332,1.4285740752141762,51.09774755951526,-4.302237657592897,False,True,True,False,True,18.150021917730566,0.0,0.0,0.0,0.0,0,0.9129041171594365,0.7991710417242333,False,False,False,False,0.3071364519764457,0.28540094779709285,False,False,False,False,936743.0,667013.400048563,False,False,False,False,33117.62995628408,False,False,False,False
2025-08-14 17:00:00+00:00,74.415,74.52,74.335,74.505,44215.0,,73.74574852016578,68.1791950139829,66.19854649443215,62.63956521235095,61.775952315338714,60.72844628438208,60.54896701944328,73.44467759598042,69.26668620550166,67.4951091742599,64.22886271027015,62.422241688499746,61.619647233653325,61.265135122127084,60.75481224459289,64.22886271027015,64.95423952233207,"rgba(38, 166, 154, 1.0)",3.820705620882266,69.00155437544922,1.4404264998777736,54.723888512532625,-0.8375535470620008,False,True,True,False,True,18.187737554226455,0.0,0.0,0.0,0.0,0,0.9134679020516216,0.7937348334436356,False,False,False,False,0.30835096624172537,0.2968759570194091,False,False,False,False,980958.0,671880.758187345,False,False,False,False,33289.682205023855,False,False,False,False
2025-08-15 17:00:00+00:00,73.955,74.11,73.855,74.04,27633.0,,73.75728694654288,68.22735072119266,66.24858492877188,62.68887113141892,61.81778308040256,60.76304618714431,60.58093059396773,73.48637018807513,69.31036214492208,67.54487185572647,64.27951933629558,62.470819290240314,61.65843930379812,61.30213410179109,60.789782418299595,64.27951933629558,64.9950768152393,"rgba(38, 166, 154, 1.0)",3.7563325246889354,69.03735633654384,1.3317893531990865,54.77490648361142,-0.6725120698986373,False,True,True,False,True,16.2723097000345,0.0,0.0,0.0,0.0,0,0.9092759683098592,0.798855633802817,False,False,False,False,0.2917962380412267,0.29433609753031786,False,False,False,False,953325.0,676244.2348045954,False,False,False,False,33201.981705721155,False,False,False,False
2025-08-18 17:00:00+00:00,73.825,73.965,73.725,73.925,51576.0,,73.76616512608119,68.31315686374496,66.33874587034542,62.77871883601922,61.8942728780093,60.826516010880574,60.6396109629061,73.53360171556102,69.3875625137758,67.63391494269058,64.37143109326512,62.55939578561883,61.729441109134044,61.369918374832544,60.85392409745965,64.37143109326512,65.06642507868828,"rgba(38, 166, 154, 1.0)",3.681841047016482,69.09782107646065,1.3110774913683394,54.24394583570665,-0.6725120698986373,False,True,True,False,True,15.80131288485526,0.0,0.0,0.0,0.0,0,0.9116083296411165,0.7984603455914931,False,False,False,False,0.2867126953992987,0.2905243964648083,False,False,False,False,901749.0,679740.4327146015,False,False,False,False,33486.850206407646,False,False,False,False
2025-08-19 17:00:00+00:00,73.465,73.585,73.315,73.325,38178.0,,73.74672241799071,68.36985541198852,66.40010253932371,62.841562918503804,61.94810423588964,60.871449013111246,60.681205827353935,73.52318040377848,69.43731306850047,67.69345224775263,64.43507704946136,62.62143175795584,61.779483864569166,61.417782976503176,60.89932436825041,64.43507704946136,65.11106987339555,"rgba(38, 166, 154, 1.0)",3.5850658493456002,69.13105587345197,1.1698374040503534,51.16944420337224,-0.6725120698986373,False,True,False,False,False,13.373428683914174,0.0,0.0,0.0,0.0,0,0.8985074626865671,0.8021006080707576,False,False,False,False,0.27218797265558364,0.28135618456019595,False,False,False,False,863571.0,682590.5190291038,False,False,False,False,33559.58121095946,False,False,False,False
2025-08-20 17:00:00+00:00,73.575,73.785,73.5,73.68,44151.0,,73.74129972973395,68.43700505890999,66.47219488498742,62.914993806215286,62.0110598067858,60.92402785317087,60.72989738186457,73.53474939669944,69.4968134767618,67.76369792233793,64.50956448017445,62.69391494872192,61.838040039421934,61.47379262506182,60.95244711770623,64.50956448017445,65.1662332352369,"rgba(38, 166, 154, 1.0)",3.4733689904967053,69.17507742588998,1.2969893456283217,50.81832673610889,-0.6725120698986373,False,True,False,False,False,14.352467706860043,0.0,0.0,0.0,0.0,0,0.9015185103081356,0.7972733318554645,False,False,False,False,0.27925212374376446,0.2803041541519802,False,False,False,False,907722.0,686080.9295867921,False,False,False,False,33723.7892542004,False,False,False,False
2025-08-21 17:00:00+00:00,73.53,73.79,73.52,73.655,30731.0,,73.73788881229267,68.48274576582705,66.52153436850196,62.965518976916634,62.05448142125737,60.9603704263635,60.76357363432386,73.54167229302526,69.53724704241324,67.811622758104,64.56070450237372,62.74380681055164,61.87845797609101,61.51247608406803,60.9891624226939,64.56070450237372,65.20408421965358,"rgba(38, 166, 154, 1.0)",3.3487455255057177,69.20516790141438,1.3288056869933753,50.4624781633562,-0.6725120698986373,False,True,False,False,False,14.250578398111177,0.0,0.0,0.0,0.0,0,0.9056352117372456,0.7908191619428699,False,False,False,False,0.2797117685092819,0.28000796133063105,False,False,False,False,876991.0,689040.77563971,False,False,False,False,33677.38942080194,False,False,False,False
2025-08-22 17:00:00+00:00,74.305,74.605,74.295,74.375,39823.0,,73.77136634615894,68.54948822442438,66.5912654893261,63.034955181138585,62.1139732824452,61.00999561901775,60.80954413403811,73.60299644363865,69.59806983713719,67.88061110235034,64.6316695032132,62.812303019964524,61.93382217842351,61.56539608432574,61.03929898241124,64.6316695032132,65.26298369520089,"rgba(0, 255, 255, 0.75)",3.223693447187779,69.25915180138921,1.586952445206492,53.42531301266729,-0.6725120698986373,False,True,True,False,True,16.220348246879194,0.0,0.0,0.0,0.0,0,0.9071132023249378,0.7894270689177969,False,False,False,False,0.3091923005214531,0.2946001309260421,False,False,False,False,916814.0,692572.1434592493,False,False,False,False,33772.67020497555,False,False,False,False
2025-08-25 17:00:00+00:00,73.965,73.995,73.75,73.765,31810.0,,73.77381253491198,68.59650205063053,66.64197054080776,63.08698428548492,62.15883352433178,61.047646467214406,60.844465851879775,73.61527375033722,69.63978686418271,67.92983058445813,64.68426431893248,62.86369946819671,61.97562998142792,61.60543741487075,61.07733084090933,64.68426431893248,65.30276456523842,"rgba(38, 166, 154, 1.0)",3.0850359555192943,69.29171515375825,1.4499943957667034,52.35295889182593,-0.6725120698986373,False,True,True,False,True,13.733038039612065,0.0,0.0,0.0,0.0,0,0.9053695724229366,0.7905203844879019,False,False,False,False,0.28772824280227677,0.29116418686415946,False,False,False,False,885004.0,695555.5830955401,False,False,False,False,33742.24120954957,False,False,False,False
2025-08-26 17:00:00+00:00,74.735,75.345,74.69,75.225,47521.0,,73.84338935294642,68.68158609563474,66.72934366801292,63.172714033621766,62.23231978054809,61.10894064630561,60.90127396519989,73.72235998311257,69.71871319021729,68.01710613923595,64.77230502870556,62.948239787950435,62.04406724629039,61.67083451423632,61.13925248806555,64.77230502870556,65.38016306133889,"rgba(0, 255, 255, 0.75)",2.9766497326072217,69.36766575558055,1.9677606606703637,56.504022873095764,1.893919816888797,False,False,True,False,True,17.5583105210282,0.0,0.0,0.0,0.0,0,0.9087677077066125,0.7831865667560027,False,False,False,False,0.3305571067454753,0.3108606468048174,False,False,False,False,932525.0,699229.5275436712,False,False,False,False,33955.86537684337,False,False,False,False
2025-08-27 17:00:00+00:00,76.245,76.5,76.15,76.2,62911.0,,74.0033526245383,68.8112664487763,66.85843924106267,63.29555344709254,62.33726752575422,61.196143721402144,60.98207213199289,73.94742206831297,69.84227167378724,68.1484363445229,64.89985079597844,63.06923433924626,62.141789495308615,61.76407711501753,61.22735230995316,64.89985079597844,65.50163528551641,"rgba(0, 255, 0, 1.0)",2.883149254135424,70.27660939194917,2.0544862877128773,61.38893156918391,6.374652026440685,False,False,True,False,True,19.902504639080497,0.0,0.0,0.0,0.0,0,0.9099592944369062,0.7838805970149254,False,False,False,False,0.3428282507798183,0.3268444487923179,False,False,False,False,995436.0,703821.8759538468,False,False,False,False,34404.78219270627,False,False,False,False
2025-08-28 17:00:00+00:00,72.88,73.41,72.735,72.86,83779.0,,73.92292070885686,68.90434914701216,66.96702838506721,63.41516775679952,62.44229720254387,61.285804666540244,61.06556666814531,73.84833455054623,69.91952620804452,68.24899142286851,65.01766058324775,63.18781606669642,62.24014263118169,61.858765509193574,61.31786818463592,65.01766058324775,65.57614931275866,"rgba(38, 166, 154, 0.5)",2.7629815335892123,70.74725785415671,0.7646602484160496,54.91460028728726,10.634414727893628,False,True,True,False,False,8.054497734349038,0.0,0.0,0.0,0.0,0,0.9103868574456808,0.793322734499205,False,False,False,False,0.22852686481307874,0.2776856568026983,False,False,False,False,911657.0,707044.1259390585,False,False,False,False,35170.27394165655,False,False,False,False
2025-08-29 17:00:00+00:00,74.955,75.2,74.77,75.1,46505.0,,73.96987534961958,68.9788798091148,67.04530818261182,63.49403652926276,62.51070234492287,61.34347654671759,61.11918054921168,73.91291361656262,69.98787386549198,68.32601760215692,65.09777641825754,63.26573540200605,62.30408507326673,61.92005247377438,61.376105059052875,65.09777641825754,65.64346792146868,"rgba(0, 255, 255, 0.75)",2.628219222074014,70.85493664944883,1.615186174310545,55.170821416731236,10.634414727893628,False,False,True,False,False,13.323884911355453,0.0,0.0,0.0,0.0,0,0.9262385321100917,0.7775098296199214,False,False,False,False,0.29484555254922873,0.2862656046759635,False,False,False,False,958162.0,710937.4263120963,False,False,False,False,35346.006128607616,False,False,False,False
2025-09-01 17:00:00+00:00,75.1,75.1,75.1,75.1,0.0,,73.96987534961958,68.9788798091148,67.04530818261182,63.49403652926276,62.51070234492287,61.34347654671759,61.11918054921168,73.91291361656262,69.98787386549198,68.32601760215692,65.09777641825754,63.26573540200605,62.30408507326673,61.92005247377438,61.376105059052875,65.09777641825754,65.64346792146868,"rgba(0, 255, 255, 0.75)",2.4979576215939585,70.85493664944883,1.6994136785404583,55.34163550302722,10.634414727893628,False,False,True,False,False,13.323884911355453,0.0,0.0,0.0,0.0,0,0.9257847652321213,0.7809538933883861,False,False,False,False,0.2989092893106073,0.2925874469932854,False,False,False,False,958162.0,714770.3654390405,False,False,False,False,34798.00603359044,False,False,False,False
2025-09-02 17:00:00+00:00,74.365,74.525,74.195,74.515,56554.0,,73.99166916863871,69.05817672893077,67.13133397890996,63.583502932944306,62.58887521359559,61.40985437953534,61.18098322380438,73.94416040951221,70.05876178593283,68.40901756144751,65.18759340715177,63.35426222311917,62.377289483952204,61.99037459434216,61.443118100652306,65.18759340715177,65.7139315461646,"rgba(0, 255, 255, 0.75)",2.3427761156218083,70.9149619445947,1.536654753904985,54.11047833464587,9.862752034383576,False,True,True,False,False,11.473018719746388,0.0,0.0,0.0,0.0,0,0.9168422161365071,0.7826522013903517,False,False,False,False,0.2729209136838133,0.2827541803385494,False,False,False,False,901608.0,717667.0729516135,False,False,False,False,35135.3082656278,False,False,False,False
2025-09-03 17:00:00+00:00,74.965,75.09,74.645,74.83,48325.0,,74.02658887798937,69.12958510389718,67.20764645672017,63.6618804104137,62.65733869843485,61.467957679182724,61.23509399211213,73.99044344435389,70.12354768076095,68.48327442011109,65.26660337783944,63.431789623092804,62.44142303992067,62.05196243125213,61.50177569706495,65.26660337783944,65.7784607288764,"rgba(0, 255, 255, 0.75)",2.1750197845222363,70.9787011993646,1.770695985407498,53.967458843812324,9.405879823813095,False,True,True,False,False,12.196141096187997,0.0,0.0,0.0,0.0,0,0.9225203337910636,0.7791803105524452,False,False,False,False,0.29070322608834454,0.28672870321344696,False,False,False,False,949933.0,721268.0950763946,False,False,False,False,35339.799610346745,False,False,False,False
2025-09-04 17:00:00+00:00,74.77,74.875,74.65,74.72,47110.0,,74.05396818948503,69.19625896501987,67.27958491743372,63.73652691721926,62.72277190827252,61.52367126495126,61.287023731903716,74.0262143497623,70.18365551608272,68.55285111767454,65.34155038258933,63.50567183589478,62.50278087665016,62.110941309153816,61.558013856502484,65.34155038258933,65.83876567590637,"rgba(0, 255, 255, 0.75)",2.084248256036908,71.03065144087753,1.7701099417674806,53.581308453729385,8.639941892906776,False,True,True,False,False,11.843892784604591,0.0,0.0,0.0,0.0,0,0.9276665956993826,0.7779433681073026,False,False,False,False,0.2870097695364026,0.2868692363749248,False,False,False,False,902823.0,724082.8998038924,False,False,False,False,35522.283337318106,False,False,False,False
2025-09-05 17:00:00+00:00,74.505,74.6,74.36,74.465,51361.0,,74.07068965312814,69.26367827234871,67.35365327787014,63.81478034888507,62.79170407667852,61.58263753063325,61.34204612346741,74.048177348937,70.24361289018304,68.62369651536306,65.4195864462574,63.58319762729439,62.56750434810585,62.17324365397622,61.61752579454285,65.4195864462574,65.89971559384475,"rgba(0, 255, 255, 0.75)",2.0077229673223402,71.0735247749837,1.689214737399478,52.60813214934579,7.318673855267491,False,True,True,False,False,11.02187356568301,0.0,0.0,0.0,0.0,0,0.9357451403887689,0.7708963282937364,False,False,False,False,0.2771100324450456,0.2819896344099852,False,False,False,False,851462.0,726057.7695743747,False,False,False,False,35767.84483596434,False,False,False,False
2025-09-08 17:00:00+00:00,74.22,74.765,74.11,74.745,42114.0,,74.0854907904784,69.31836145170814,67.4138021896508,63.87848524228364,62.84793638610127,61.63083016140416,61.38704252092596,74.06715172543306,70.29227585363267,68.68116589959081,65.48303710385505,63.64632729797691,62.62034205488063,62.224130021636896,61.666160245875396,65.48303710385505,65.94950259636227,"rgba(0, 255, 255, 0.75)",1.9271702005744331,71.10925966802851,1.8865694015441825,52.74588546527146,7.059002125265216,False,True,True,False,False,11.693278130769539,0.0,0.0,0.0,0.0,0,0.926118513703824,0.7783555411114722,False,False,False,False,0.27562530833739834,0.2788074713736918,False,False,False,False,893576.0,728654.9514414386,False,False,False,False,35866.234838507524,False,False,False,False
2025-09-09 17:00:00+00:00,75.335,75.545,75.18,75.34,32982.0,,74.11609103175836,69.36696381625337,67.46551743895344,63.931624020367245,62.894644461416284,61.670690172904386,61.42423854227018,74.10492170049226,70.33678963674447,68.73155314890366,65.53653242523005,63.69892328229437,62.664205081258835,62.26630864184666,61.7063890660064,65.53653242523005,65.99435949778,"rgba(0, 255, 0, 1.0)",1.866936776628511,71.15317066307533,2.242619776597707,54.44441389609461,7.059002125265216,False,False,True,False,False,13.101800178200886,0.0,0.0,0.0,0.0,0,0.940514208389716,0.7710960757780784,False,False,False,False,0.3082214903239573,0.29351448084882453,False,False,False,False,926558.0,731723.2157601761,False,False,False,False,35821.51801930586,False,False,False,False
2025-09-10 17:00:00+00:00,76.01,76.075,75.73,75.9,36141.0,,74.16203922332298,69.42411122494696,67.52529138301456,63.992049834579866,62.94765522586065,61.71583720939488,61.466360907449896,74.16086579773298,70.38989333505137,68.7903855090528,65.59771661440126,63.7586946362194,62.71397914899294,62.31413448453498,61.75195511995822,65.59771661440126,66.04739797696759,"rgba(0, 255, 0, 1.0)",1.8062390621259643,71.21072700574416,2.596153019045284,56.95382475687361,7.059002125265216,True,False,True,False,True,14.396755208255332,0.0,0.0,0.0,0.0,0,0.9410130718954249,0.7707516339869283,False,False,False,False,0.32754422168457137,0.31052935126669795,False,False,False,False,962699.0,735304.235670871,False,False,False,False,35826.471228308874,False,False,False,False
2025-09-11 17:00:00+00:00,76.775,76.925,76.65,76.81,40041.0,,74.23502376019063,69.4948418857116,67.59749227629126,64.06325630362697,63.009899709079,61.76865165790501,61.515613828116344,74.24870361533478,70.45690229476325,68.8624971250248,65.67046958249446,63.82905765299752,62.772395155985976,62.3701890468087,61.805263597069064,65.67046958249446,66.11335049942663,"rgba(0, 255, 0, 1.0)",1.7813307152567877,71.29127314426641,3.0980922343429294,60.55253058444773,6.420087533817011,True,False,True,False,True,16.42859562609931,0.0,0.0,0.0,0.0,0,0.9399934775519082,0.7696488748777044,False,False,False,False,0.34282825086052177,0.32667880106360986,False,False,False,False,1002740.0,739450.5265907024,False,False,False,False,35891.81275965292,False,False,False,False
2025-09-12 17:00:00+00:00,76.725,76.85,76.66,76.78,37901.0,,74.29966569392238,69.56026797566464,67.66457403156356,64.12976541857485,63.0681700191701,61.81819908344225,61.561847690630216,74.32564630081875,70.51874043130772,68.9293001254264,65.73827504676203,63.894802941068924,62.82712046856192,62.42273381815148,61.85527021707214,65.73827504676203,66.17429195080916,"rgba(0, 255, 0, 1.0)",1.7591938213002716,71.36239616240618,3.0795946256732,62.82513347465806,8.533353050441505,True,False,True,False,True,16.325594964452808,0.0,0.0,0.0,0.0,0,0.943287163267532,0.7693314429054425,False,False,False,False,0.34167335721846,0.3341760791410349,False,False,False,False,964839.0,742944.9215272806,False,False,False,False,35922.962949425746,False,False,False,False
2025-09-15 17:00:00+00:00,77.285,77.685,77.14,77.685,61699.0,,74.4276772900944,69.6749788583774,67.7804134212711,64.24281340273659,63.167048157541245,61.902119895562905,61.64014973303936,74.47641839578459,70.62848009643785,69.04571234926462,65.85419079181611,64.00648472750783,62.91997995325444,62.51182742558385,61.93997010920121,65.85419079181611,66.28121764049824,"rgba(0, 255, 0, 1.0)",1.7667505980403224,71.49399629388033,3.5041752429498123,66.07796074881048,11.530592895052408,True,False,True,False,True,18.292133769430514,0.0,0.0,0.0,0.0,0,0.9423933108915195,0.7668042132696278,False,False,False,False,0.34282825096405356,0.33850216505254427,False,False,False,False,1026538.0,747341.7134415862,False,False,False,False,36322.59143083,False,False,False,False
2025-09-16 17:00:00+00:00,77.81,77.98,77.715,77.87,40357.0,,74.51497293820395,69.75152591272453,67.85740658141331,64.31766300980036,63.232562907934806,61.957754380504134,61.692078130602354,74.57811621421448,70.70199104901252,69.12325757954166,65.93103476270156,64.08042653014641,62.98153521273525,62.570889521569924,61.996118275542955,65.93103476270156,66.35248886710988,"rgba(0, 255, 0, 1.0)",1.7917985076152019,71.58141478073831,3.509649769510913,68.57039789587425,13.79210508665355,True,False,True,False,True,18.685836599134326,0.0,0.0,0.0,0.0,0,0.9450507683118862,0.7649454308519306,False,False,False,False,0.34282825103262327,0.34066520804258377,False,False,False,False,1066895.0,752296.0279618717,False,False,False,False,36385.14040089465,False,False,False,False
2025-09-17 17:00:00+00:00,78.375,78.745,77.945,78.425,26238.0,,74.57779783154051,69.80365331042125,67.90938977711318,64.36772679945729,63.27633852351211,61.99488612494063,61.726734722730676,74.65093072337412,70.75238157874863,69.17588532766734,65.98261096089918,64.12986483953524,63.022664516357914,62.610335110369995,62.033593204363996,65.98261096089918,66.40098622340216,"rgba(0, 255, 0, 1.0)",1.8179672045328379,71.64247057382383,3.7308315624533344,71.17375316858943,16.178464572969958,True,False,True,False,True,19.857774762320933,0.0,0.0,0.0,0.0,0,0.9526928281461436,0.754966170500677,False,False,False,False,0.34282825110777926,0.3417467295751815,False,False,False,False,1093133.0,757580.3221019978,False,False,False,False,36227.82039467923,False,False,False,False
2025-09-18 17:00:00+00:00,78.565,78.615,78.4,78.43,25835.0,,74.63942595108071,69.8550188075824,67.96060764010974,64.41705883368961,63.319507414166175,62.03152824044925,61.760943167146465,74.7219867105015,70.80206237053362,69.22773568455715,66.03342603915556,64.17858414369287,63.06323656350363,62.64925260487926,62.0705726363421,66.03342603915556,66.44872978715935,"rgba(0, 255, 0, 1.0)",1.8469009055591352,71.70202865556263,3.6428437087156746,72.91783901328384,17.809076073724498,True,False,True,False,True,19.868322011750557,0.0,0.0,0.0,0.0,0,0.9549652948570805,0.7585943050773355,False,False,False,False,0.34282825113160914,0.34228749035339534,False,False,False,False,1118968.0,763183.2318368505,False,False,False,False,36066.691396312104,False,False,False,False
2025-09-19 17:00:00+00:00,78.91,79.025,78.51,78.66,25128.0,,74.70130970757572,69.90582966711678,68.01112250699013,64.46555816398788,63.36194888653393,62.06755095299906,61.79457719633463,74.79304458770471,70.8513279420746,69.27896332966814,66.08344037197202,64.22647664589698,63.1031310801279,62.68751724771571,62.106926412181544,66.08344037197202,66.49591497992533,"rgba(0, 255, 0, 1.0)",1.8861804486010596,71.76114363693189,3.6575802533553152,74.49743805770119,19.362442151160963,True,False,True,False,True,20.0,0.0,0.0,0.0,0.0,0,0.9539620992845833,0.7569220687018738,False,False,False,False,0.3428282511690313,0.34255787076121336,False,False,False,False,1144096.0,769088.8561494575,False,False,False,False,35897.0992816406,False,False,False,False
2025-09-22 17:00:00+00:00,79.175,79.315,78.975,79.27,55804.0,,74.84704825814013,70.022327040156,68.12631840525383,64.57549638273053,63.4581372376344,62.14916588759372,61.87079043524852,74.95941202834156,70.96476931319573,69.39615957851511,66.19706025190388,64.33501784472261,63.193564269427654,62.774238724245116,62.189290011000054,66.19706025190388,66.60391971120727,"rgba(0, 255, 0, 1.0)",1.9320903118056356,71.89783197465935,3.8156435961065296,76.56755188739393,21.41415533527828,True,False,True,False,True,20.0,0.0,0.0,0.0,0.0,0,0.9555398345668266,0.7527753591641277,False,False,False,False,0.3428282512218717,0.3426930609915425,False,False,False,False,1199900.0,775768.0986897759,False,False,False,False,36205.733401305086,False,False,False,False
2025-09-23 17:00:00+00:00,79.12,79.135,78.695,78.755,43050.0,,74.9452180110176,70.1071027298632,68.2110123674777,64.65733097737062,63.53002961771924,62.21040702217586,61.928035306720794,75.07016731101156,71.04681893062421,69.48175436652578,66.28121529248956,64.41587281889929,63.261233432924136,62.8392071162028,62.25108407290058,66.28121529248956,66.68243262492818,"rgba(0, 255, 0, 1.0)",1.9693926557273114,71.99164059747457,3.434236124957857,74.858936265122,21.41415533527828,True,False,True,False,True,19.724846522961197,0.0,0.0,0.0,0.0,0,0.9532964049093083,0.7530140110785277,False,False,False,False,0.33550077990577415,0.33909692044865836,False,False,False,False,1156850.0,781676.3452217174,False,False,False,False,36311.846061749966,False,False,False,False
2025-09-24 17:00:00+00:00,78.275,78.365,77.86,78.125,54879.0,,75.04109027388361,70.20384492255397,68.30964181990535,64.75490135500971,63.61630255019035,62.284363957402086,61.99726664304966,75.17654420312216,71.13923525190583,69.5801592588509,66.38062824951854,64.51239996711762,63.34257419798949,62.917454461968354,62.32569306468449,66.38062824951854,66.77214001181014,"rgba(0, 255, 0, 1.0)",1.9704775270692483,72.08845012238751,3.0634959265893444,70.47058034971154,25.81908001258097,True,False,True,False,False,17.433842100724778,0.0,0.0,0.0,0.0,0,0.953670048282971,0.7565236261053552,False,False,False,False,0.3101984830377036,0.32464770174318097,False,False,False,False,1101971.0,786642.153822931,False,False,False,False,36599.70891350578,False,False,False,False
2025-09-25 17:00:00+00:00,78.65,78.92,78.57,78.865,47220.0,,75.13600388307327,70.29210868053066,68.39862486277224,64.84187233393435,63.69310638629519,62.35011419443672,62.05881398432329,75.28179644940808,71.22427497817478,69.66954268851728,66.46963546845913,64.59840063852589,63.41498726665491,62.98707514976154,62.39202348622079,66.46963546845913,66.85389203007253,"rgba(0, 255, 0, 1.0)",1.9995297037144277,72.18085277245936,3.342859681015903,69.49554623438435,24.867513960635193,True,False,True,False,False,19.05559169042814,0.0,0.0,0.0,0.0,0,0.9608150470219438,0.7480812885093509,False,False,False,False,0.33010709919351994,0.32737740046835045,False,False,False,False,1149191.0,792263.0661667614,False,False,False,False,36764.36458926539,False,False,False,False
2025-09-26 17:00:00+00:00,79.215,79.39,79.155,79.235,79276.0,,75.30436250079389,70.44434111313302,68.55134248259482,64.99037760235655,63.824319172994116,62.462486009421745,62.164040806056086,75.4675126828375,71.37157638453253,69.82338392725201,66.62188241676061,64.7452339297051,63.53875405936634,63.10606845840561,62.50538131208003,66.62188241676061,66.994737523886,"rgba(0, 255, 0, 1.0)",2.034999408991286,72.34219813179246,3.387127208859576,69.70154150563965,24.867513960635193,True,False,True,False,False,19.84831074937616,0.0,0.0,0.0,0.0,0,0.9729142919177118,0.740595994137763,False,False,False,False,0.3428282512393321,0.33510282585384127,False,False,False,False,1228467.0,799025.9178540985,False,False,False,False,37423.45971191244,False,False,False,False
2025-09-29 17:00:00+00:00,78.7,79.83,78.49,79.775,62775.0,,75.43151916737541,70.56266158813177,68.67041546810599,65.10666875806831,63.92735782406157,62.55096368287865,62.24696228361992,75.6064528637043,71.48594346517568,69.94306311546285,66.74087284475439,64.86026048435389,63.636041438726714,63.19967074724962,62.59462475013934,66.74087284475439,67.10423189878723,"rgba(0, 255, 0, 1.0)",2.0867263857557647,72.46495578608732,3.50311581998095,70.98433037481227,24.867513960635193,True,False,True,False,False,20.0,0.0,0.0,0.0,0.0,0,0.962759067357513,0.7459520725388605,False,False,False,False,0.3392593746640534,0.3371811002589473,False,False,False,False,1291242.0,806657.1749416318,False,False,False,False,37816.50684816186,False,False,False,False
2025-09-30 17:00:00+00:00,80.07,80.185,79.815,79.945,23950.0,,75.48523859299733,70.61008520274058,68.71773597606476,65.15243945835502,63.96786606052267,62.585705267369725,62.2795203862702,75.6651604621621,71.53206705831296,69.99087275767711,66.78787575297332,64.90551552582188,63.674287046968495,63.236450095690536,62.62966739377001,66.78787575297332,67.14803246917977,"rgba(0, 255, 0, 1.0)",2.1333018712489333,72.51562347671205,3.4825716057420615,72.18451159005853,24.867513960635193,True,False,True,False,True,20.0,0.0,0.0,0.0,0.0,0,0.9828920126402968,0.7365696850822714,False,False,False,False,0.3428282513354162,0.34000467579718174,False,False,False,False,1315192.0,814541.4357952499,False,False,False,False,37601.52224586478,False,False,False,False
2025-10-01 17:00:00+00:00,80.22,80.59,80.02,80.43,31278.0,,75.55905589675449,70.67368903195694,68.78092558590393,65.21325309879819,64.021660641726,62.631816386512185,62.32273375805646,75.74578542282892,71.59412401470388,70.05488546460334,66.85044434585797,64.96563204068543,63.72507796050157,63.285282503583616,62.67617812583722,66.85044434585797,67.20670295188735,"rgba(0, 255, 0, 1.0)",2.196643914358181,72.5844813320363,3.571593291330524,73.92985956984072,24.867513960635193,True,False,True,False,True,20.0,0.0,0.0,0.0,0.0,0,0.9952380952380955,0.7223698781838322,False,False,False,False,0.34282825137399114,0.3414164635855864,False,False,False,False,1346470.0,822788.3902790444,False,False,False,False,37503.48314127772,False,False,False,False
2025-10-02 17:00:00+00:00,79.39,79.77,79.355,79.61,36924.0,,75.62983355644927,70.7418329076696,68.84974614455703,65.28080740614892,64.08174512003828,62.6835961900957,62.3713189454439,75.8221514664531,71.6599344891636,70.12387594508397,66.91940512006316,65.03248535346685,63.78188701964173,63.33999216934501,62.728397423722086,66.91940512006316,67.26980061715615,"rgba(0, 255, 0, 1.0)",2.226311857419542,72.65348131646914,3.124682941586617,70.57546064442255,24.867513960635193,True,False,True,False,False,19.29068682117204,0.0,0.0,0.0,0.0,0,1.003175664382417,0.7178115772466439,False,False,False,False,0.32025727510235796,0.33083686934397216,False,False,False,False,1309546.0,830335.0198871212,False,False,False,False,37494.498906529225,False,False,False,False
2025-10-03 17:00:00+00:00,81.195,81.355,80.96,81.195,52106.0,81.16999999999999,75.76416871536732,70.85324500864827,68.95957299670575,65.38555721460138,64.17437725117043,62.762963710044545,62.4457163922067,75.96841215995151,71.76928056251143,70.23565660328212,67.02753602159643,65.13600272222122,63.86937330345104,63.4240811587311,62.80845036011895,67.02753602159643,68.23464963628801,"rgba(0, 255, 0, 1.0)",2.2910456324766817,73.6604076301809,3.2887133556017383,71.66016637061097,24.867513960635193,True,False,True,False,False,20.0,0.0,0.0,0.0,0.0,0,1.007279799944429,0.7173103639899977,False,False,False,False,0.3428282514116116,0.33683256037779186,False,False,False,False,1361652.0,838572.4924470107,False,False,False,False,37721.033807203195,False,False,False,False
2025-10-06 17:00:00+00:00,80.765,81.28,80.74,81.22,42017.0,81.12982352878679,75.86611367190946,70.94059725190229,69.04607644764387,65.46854840626558,64.2479535890918,62.82615859867936,62.50499485051424,76.07871021510596,71.85481325730888,70.32343099318653,67.11299494664846,65.21805118046912,63.93891784648487,63.49097201333353,62.872184738165984,67.11299494664846,68.30752134596855,"rgba(0, 255, 0, 1.0)",2.354233392182108,73.7469384296983,3.1743078639178646,72.42577637429821,24.867513960635193,True,False,True,False,False,20.0,0.0,0.0,0.0,0.0,0,1.0065023956194388,0.7244467259867675,False,False,False,False,0.3384041121719967,0.33761833627489424,False,False,False,False,1403669.0,847333.6786106229,False,False,False,False,37787.6379342233,False,False,False,False
2025-10-07 17:00:00+00:00,80.94,81.055,80.81,80.93,50363.0,81.06075265654343,75.97993873058067,71.04185096559371,69.14689103639935,65.56594095410728,64.33453538211388,62.90072303755718,62.57498949640623,76.2010633523464,71.95367193848014,70.42536078800454,67.21299576048325,65.31438200795162,64.02082430825892,63.5698142673609,62.94737787267116,67.21299576048325,68.39069453467866,"rgba(0, 255, 0, 1.0)",2.4118640169040346,73.84322351993661,2.938298523629148,71.46340421175881,24.867513960635193,True,False,True,False,False,20.0,0.0,0.0,0.0,0.0,0,1.002544529262087,0.714839232014805,False,False,False,False,0.33557704145379946,0.3365976888643468,False,False,False,False,1353306.0,855178.2107251869,False,False,False,False,37982.60478795627,False,False,False,False
2025-10-08 17:00:00+00:00,80.68,80.73,80.385,80.49,43314.0,80.93949360134896,76.06629803011474,71.12387801453335,69.22936451427134,65.6465889723753,64.40652070948634,62.9629616469161,62.63347183434632,76.29304298668032,72.0333065075711,70.50821912538945,67.29539608601662,65.39420985369385,64.0890003064907,63.63551729225197,63.01013229699066,67.29539608601662,68.45421261115482,"rgba(0, 255, 0, 1.0)",2.4537284885447175,73.91377451024749,2.6800950147719065,68.6768553930265,23.016835692628817,True,False,True,False,False,19.905811246598116,0.0,0.0,0.0,0.0,0,0.9879058298596843,0.723771502377738,False,False,False,False,0.3222053492125605,0.32940151903845366,False,False,False,False,1309992.0,862229.5873030908,False,False,False,False,38065.262078065476,False,False,False,False
2025-10-09 17:00:00+00:00,79.675,79.97,79.665,79.885,39755.0,80.74740655372693,76.13084170978942,71.19245886877069,69.29942777558719,65.71642944474097,64.46920752938398,63.01745673293071,62.68474366415928,76.36081495720313,72.09923821117955,70.57789361375795,67.36621043041946,65.46341546532345,64.14845740481415,63.69291365596959,63.06506885372394,67.36621043041946,68.50199905446752,"rgba(0, 255, 0, 1.0)",2.488597821488555,73.96279384423968,2.3797361327825777,64.18522657708425,18.797022486884075,False,False,True,False,False,17.726661111906676,0.0,0.0,0.0,0.0,0,0.9770074074074078,0.7321481481481488,False,False,False,False,0.2968903056426684,0.313145912340561,False,False,False,False,1270237.0,868555.2836239731,False,False,False,False,38091.459565227255,False,False,False,False
2025-10-10 17:00:00+00:00,78.475,78.875,78.23,78.335,25305.0,80.52049552453268,76.15614112351044,71.22877549747048,69.3378525881333,65.75628134454169,64.50533755797764,63.04917174831716,62.71464591500924,76.38627901306207,72.13335639184376,70.61527088641118,67.4060012915354,65.50298758498121,64.1828101032473,63.72617718742525,63.09703096676622,67.4060012915354,68.51991342029781,"rgba(38, 166, 154, 1.0)",2.485065391493849,74.61208667422216,1.4981148337267218,56.31099731570252,11.699706305774939,False,True,True,False,False,12.475777344955738,0.0,0.0,0.0,0.0,0,0.9644190387307519,0.7371091927204858,False,False,False,False,0.25355242598000993,0.28334916916028546,False,False,False,False,1244932.0,874390.5815522836,False,False,False,False,37893.219882045436,False,False,False,False
2025-10-13 17:00:00+00:00,78.335,79.095,78.335,78.83,32748.0,80.31787155238415,76.19184124019293,71.27699159880315,69.38857698924963,65.8085870218275,64.55272801556627,63.090746143533664,62.75384372207627,76.42252366629012,72.1788503140988,70.66478327225381,67.45833551203381,65.5549145112636,64.22786856854039,63.76979647083152,63.13892939624704,67.45833551203381,68.54982424969954,"rgba(0, 255, 255, 0.75)",2.499946936373885,74.64344184996872,1.6746588053999976,52.78500602263985,8.807990153790094,False,True,False,False,False,13.608653323294977,0.0,0.0,0.0,0.0,0,0.9650186567164181,0.7400886194029856,False,False,False,False,0.25677541915864904,0.27006229415946725,False,False,False,False,1277680.0,880643.130675504,False,False,False,False,37813.449031161006,False,False,False,False
2025-10-14 17:00:00+00:00,79.065,79.475,78.975,79.375,25005.0,80.23391819831537,76.22386476103839,71.31593333639695,69.42907865338512,65.84984096727965,64.5900231749178,63.123395072973366,62.7846164347728,76.45548855872416,72.21589183566695,70.70459730247705,67.49980247937194,65.59584686268306,64.26331502021125,63.80408586250587,63.17183439513318,67.49980247937194,68.5788458072408,"rgba(0, 255, 255, 0.75)",2.5291455987071916,74.67985842734885,1.8564141088006718,52.193838708037156,8.440956295691471,False,True,False,False,False,14.83342347983477,0.0,0.0,0.0,0.0,0,0.9627798778714748,0.7391683628961915,False,False,False,False,0.27440030995912035,0.2722313020592938,False,False,False,False,1302685.0,887186.4154712325,False,False,False,False,37614.868426026726,False,False,False,False
2025-10-15 17:00:00+00:00,80.295,80.41,79.95,80.395,20263.0,80.23500512276502,76.25748324163447,71.35105138577141,69.46488848778698,65.88550506113988,64.622108114636,63.15134993180635,62.8109413372448,76.49070981557695,72.24974018485516,70.74023787770986,67.53596216801097,65.6311935070218,64.29377792906071,63.83350863719734,63.20001222246249,67.53596216801097,68.60959218904252,"rgba(0, 255, 0, 1.0)",2.5805318293954516,74.72677154475484,2.1965349896781037,54.57552267102018,8.440956295691471,False,True,True,False,False,17.041637368251788,0.0,0.0,0.0,0.0,0,0.9660383863923692,0.7334214458108271,False,False,False,False,0.3078535599602177,0.29004243100975574,False,False,False,False,1322948.0,893942.409029818,False,False,False,False,37345.84721011933,False,False,False,False
2025-10-16 17:00:00+00:00,79.425,79.45,78.42,78.755,28557.0,80.12695253357371,76.28791517082273,71.39249484965869,69.50856564031217,65.93068042997068,64.66314020526536,63.18743339245717,62.8449891998508,76.52148383977675,72.28883786492764,70.78281236321551,67.58109617851724,65.67605627728376,64.3328265622121,63.87133441005696,63.2363728495513,67.58109617851724,68.63956198546579,"rgba(0, 255, 255, 0.75)",2.600747228037486,74.74638086065339,1.5413336198656629,51.5117870407346,8.02616005583888,False,True,False,False,False,11.814139076704315,0.0,0.0,0.0,0.0,0,0.9523433088650487,0.7407679277244503,False,False,False,False,0.25988076003946625,0.27496159552461097,False,False,False,False,1294391.0,900150.9143161774,False,False,False,False,37209.58601306322,False,False,False,False
2025-10-17 17:00:00+00:00,78.9,79.33,78.82,79.185,22751.0,80.06651366444784,76.313830114093,71.42622103248003,69.54394548865415,65.96710073677251,64.69620281909953,63.21649421922066,62.8724105360165,76.54784718593532,72.32076525430995,70.81739600013923,67.61754566339948,65.7122179159166,64.36429060877131,63.901807046220604,63.265656956237414,67.61754566339948,68.66564032760712,"rgba(0, 255, 255, 0.75)",2.6265852407693835,74.76778483716495,1.6817330327879065,50.65022503170657,7.076916173506419,False,True,False,False,False,12.759893588850893,0.0,0.0,0.0,0.0,0,0.9513568868407586,0.74483700290152,False,False,False,False,0.26499312596508506,0.269977360744848,False,False,False,False,1317142.0,906615.8923887948,False,False,False,False,36985.42188882968,False,False,False,False
2025-10-20 17:00:00+00:00,79.725,79.995,79.655,79.875,33189.0,80.04854801186724,76.36043700582626,71.4795186760416,69.5989947388993,66.02280157707554,64.74659260947841,63.2606364849806,62.91403796211671,76.59603782035487,72.37175794241206,70.87172959884296,67.67365741268353,65.76747751890686,64.41221079674209,63.94816548974446,63.31014228322533,67.67365741268353,68.71142162057485,"rgba(0, 255, 255, 0.75)",2.657003875532579,74.81742558736786,1.9034877815593618,51.86043610205293,7.076916173506419,False,True,False,False,False,14.2488017905041,0.0,0.0,0.0,0.0,0,0.9562411548259275,0.7394282479479205,False,False,False,False,0.29201855043249286,0.28099795558867047,False,False,False,False,1350331.0,913495.1963827669,False,False,False,False,36926.5626347393,False,False,False,False
2025-10-21 17:00:00+00:00,80.095,80.41,79.98,80.32,27607.0,80.06027177299201,76.40257071660976,71.52541064753382,69.64608759548821,66.07010926419797,64.78934282146245,63.29804681435209,62.949313229384835,76.63981128026987,72.41586563066559,70.91839732766306,67.7214433182441,65.81439570793607,64.45286055466221,63.98747531876897,63.34784400795907,67.7214433182441,68.75245287551189,"rgba(0, 255, 0, 1.0)",2.693181425227375,74.86389818285556,2.025894641198853,53.74438726781271,7.076916173506419,False,True,True,False,True,15.190373776257015,0.0,0.0,0.0,0.0,0,0.9574046837877592,0.738488516800544,False,False,False,False,0.30597055189948913,0.2934842537440798,False,False,False,False,1377938.0,920695.8600047395,False,False,False,False,36782.073291565044,False,False,False,False
2025-10-22 17:00:00+00:00,80.745,80.895,80.4,80.865,27863.0,80.09931240349755,76.4494213635502,71.57378598914578,69.69534619533319,66.119155554079,64.83359341614295,63.336709857299034,62.98576156648202,76.6887311054703,72.46260387433564,70.96744730011362,67.77115356066693,65.86301809773879,64.49492590657027,64.02813215950552,63.38680953869063,67.77115356066693,68.79724424303883,"rgba(0, 255, 0, 1.0)",2.7389710749750784,74.91709639051226,2.1715832137956617,56.25716429212569,7.076916173506419,False,True,True,False,True,16.326819572029677,0.0,0.0,0.0,0.0,0,0.9621460002256579,0.7327654293128746,False,False,False,False,0.3225494419938986,0.3080168478689892,False,False,False,False,1405801.0,928216.8699271466,False,False,False,False,36643.79308549427,False,False,False,False
2025-10-23 17:00:00+00:00,81.205,81.295,80.875,80.915,21001.0,80.13898020171708,76.48656864945494,71.61113041062923,69.73321519705893,66.15668248568205,64.8674281839893,63.36625275911465,63.01361079600938,76.72759619255486,72.49878782737373,71.00525280079295,67.80925698083844,65.90021303089698,64.52708784101073,64.05920948764889,63.41658383288039,67.80925698083844,68.83236604235327,"rgba(0, 255, 0, 1.0)",2.7792607627547294,74.95927318129628,2.142917605471667,58.04948146894952,2.2352911162956275,False,True,True,False,True,16.43100161305139,0.0,0.0,0.0,0.0,0,0.9640918344266008,0.7313956118525228,False,False,False,False,0.3398733909541792,0.3239451194115842,False,False,False,False,1426802.0,935946.87194378,False,False,False,False,36401.26916168816,False,False,False,False
2025-10-24 17:00:00+00:00,80.985,81.155,80.89,80.995,22960.0,80.17797591251558,76.52636558673711,71.65155774720374,69.77427353373736,66.19745323804067,64.90422351161762,63.39841143022125,63.04393435719974,76.76915236350871,72.53792991148212,71.0461996938947,67.8506179032171,65.9406292257535,64.56207517257077,64.09302607412758,63.448993094037284,67.8506179032171,68.87017617224156,"rgba(0, 255, 0, 1.0)",2.814132564413185,75.00318712999899,2.129186430579702,59.44992621344542,3.8101034543690133,False,True,True,False,True,16.600301917895745,0.0,0.0,0.0,0.0,0,0.9616914857337733,0.7379788564283286,False,False,False,False,0.33733068024641527,0.3306378998289997,False,False,False,False,1449762.0,943912.9979601555,False,False,False,False,36192.8773917395,False,False,False,False
2025-10-27 17:00:00+00:00,81.4,81.64,81.335,81.61,26616.0,80.24435896654475,76.57682821520584,71.70054377926645,69.82366112706167,66.24607004037395,64.94802549450564,63.43663010155112,63.0799626193385,76.82205273414553,72.58558664898393,71.0956803930541,67.90010505876423,65.98880293397228,64.603712123608,64.13324698563689,63.487511110090075,67.90010505876423,68.91704864575644,"rgba(0, 255, 0, 1.0)",2.8647170198126495,75.05991486500238,2.286468467809078,61.919313422660075,6.36974011291484,False,False,True,False,True,17.89515925170554,0.0,0.0,0.0,0.0,0,0.9629080118694366,0.737388724035609,False,False,False,False,0.34282825040859044,0.3367330751187951,False,False,False,False,1476378.0,952168.2693096105,False,False,False,False,36044.398672487725,False,False,False,False
2025-10-28 17:00:00+00:00,82.68,82.89,82.485,82.74,36659.0,80.4004010293864,76.66081377930207,71.77520702035062,69.8977789575723,66.31764580076033,65.01223346529304,63.4924132879587,63.132506478140996,76.91076032347155,72.65893308579221,71.17067261737262,67.97351641378447,66.05965598007325,64.66469033238596,64.19206838150404,63.54373789740224,67.97351641378447,68.99143967815942,"rgba(0, 255, 0, 1.0)",2.9327754004611815,75.1576030788871,2.5853997956749604,65.79116139544085,10.134145868379306,False,False,True,False,True,20.0,0.0,0.0,0.0,0.0,0,0.966904680947524,0.7324606143035254,False,False,False,False,0.3428282506528458,0.33978066288582043,False,False,False,False,1513037.0,960863.9085451204,False,False,False,False,36053.92737523986,False,False,False,False
2025-10-29 17:00:00+00:00,82.445,82.625,81.44,81.77,17775.0,80.44647816691112,76.69569602450503,71.80855372858258,69.93129614829752,66.35052824081447,65.04186922880498,63.51827965187941,63.15689712938179,76.94730002520818,72.69145385990011,71.20431374107567,68.00702734636214,66.09223627609703,64.69287006730217,64.21929007003897,63.56980588837221,68.00702734636214,69.02336847459584,"rgba(0, 255, 0, 1.0)",2.976883865647142,75.19539730794158,2.2085519586197138,64.38029028517656,10.134145868379306,False,False,True,False,True,16.95943900539132,0.0,0.0,0.0,0.0,0,0.9539243365330327,0.7434217955957092,False,False,False,False,0.3183775008855478,0.32907908188568413,False,False,False,False,1495262.0,969149.1502731029,False,False,False,False,35770.53315236793,False,False,False,False
2025-10-30 17:00:00+00:00,82.24,82.27,81.88,81.935,19354.0,80.4962421896334,76.73375167018494,71.84491137186038,69.96783099222702,66.38636519616153,65.07417837456575,63.54648844961905,63.1835001198176,76.98714059483413,72.7269220511309,71.24098755301085,68.043549877035,66.12774480889927,64.7235964552785,64.24897405573884,63.59823404847566,68.043549877035,69.05815111302955,"rgba(0, 255, 0, 1.0)",3.0201616805358826,75.23628169629855,2.2179998994334857,63.82700644291715,10.134145868379306,False,False,True,False,True,17.29775490825963,0.0,0.0,0.0,0.0,0,0.958176189135942,0.7459048691246841,False,False,False,False,0.3199525938454078,0.32451583786554594,False,False,False,False,1514616.0,977606.0006564655,False,False,False,False,35516.01325853277,False,False,False,False
2025-10-31 17:00:00+00:00,82.1,82.475,82.01,82.12,19189.0,80.54782722280632,76.77216822079852,71.88131379947656,70.00435462616478,66.42212719418671,65.1064172243114,63.5746335104975,63.210044291492366,77.02736658244507,72.7624732116128,71.27768451162,68.08002017714651,66.16317682309592,64.75425761709616,64.2785934184872,63.62659780440826,68.08002017714651,69.09306601472787,"rgba(0, 255, 0, 1.0)",3.057291351082881,75.27743605104926,2.238113141074085,63.91450872228837,10.134145868379306,False,False,True,False,True,17.680014674822587,0.0,0.0,0.0,0.0,0,0.9627545853493874,0.7410262180713408,False,False,False,False,0.32617537571289923,0.3253456067892226,False,False,False,False,1533805.0,986229.2409563654,False,False,False,False,35262.88127002838,False,False,False,False
