date,Close,High,Low,Open,Volume,aVWAP_peak_905,aVWAP_peak_893,aVWAP_peak_863,aVWAP_peak_842,aVWAP_peak_782,aVWAP_peak_767,aVWAP_peak_755,aVWAP_peak_737,aVWAP_peak_717,aVWAP_peak_702,aVWAP_peak_700,aVWAP_peak_688,aVWAP_peak_664,aVWAP_peak_646,aVWAP_peak_635,aVWAP_peak_568,aVWAP_peak_565,aVWAP_peak_539,aVWAP_peak_511,aVWAP_peak_462,aVWAP_peak_444,aVWAP_peak_381,aVWAP_peak_358,aVWAP_peak_327,aVWAP_peak_293,aVWAP_peak_272,aVWAP_peak_230,aVWAP_peak_153,aVWAP_peak_138,aVWAP_peak_101,aVWAP_peak_53,aVWAP_peak_21,aVWAP_valley_900,aVWAP_valley_858,aVWAP_valley_817,aVWAP_valley_793,aVWAP_valley_758,aVWAP_valley_744,aVWAP_valley_724,aVWAP_valley_709,aVWAP_valley_708,aVWAP_valley_684,aVWAP_valley_683,aVWAP_valley_654,aVWAP_valley_621,aVWAP_valley_606,aVWAP_valley_575,aVWAP_valley_553,aVWAP_valley_528,aVWAP_valley_503,aVWAP_valley_455,aVWAP_valley_410,aVWAP_valley_368,aVWAP_valley_354,aVWAP_valley_315,aVWAP_valley_287,aVWAP_valley_277,aVWAP_valley_240,aVWAP_valley_223,aVWAP_valley_196,aVWAP_valley_167,aVWAP_valley_145,aVWAP_valley_115,aVWAP_valley_86,aVWAP_valley_48,aVWAP_valley_18,aVWAP_OB_bull_900,aVWAP_OB_bear_755,aVWAP_OB_bear_646,aVWAP_OB_bear_539,aVWAP_OB_bear_272,aVWAP_OB_bear_153,Peaks_Valleys_avg,color,StDev,StDev_Mean,StdDev_ZScore,QQEMOD,QQE1_Value,QQE1_Above_Upper,QQE1_Below_Lower,QQE2_Above_Threshold,QQE2_Below_Threshold,QQE2_Above_TL,banker_RSI,OB,OB_High,OB_Low,OB_Mitigated_Index,TTM_squeeze_Active,VI_plus,VI_minus,VI_Regular_Bullish,VI_Regular_Bearish,VI_Hidden_Bullish,VI_Hidden_Bearish,Fisher,Fisher_Signal,Fisher_Regular_Bullish,Fisher_Regular_Bearish,Fisher_Hidden_Bullish,Fisher_Hidden_Bearish,OBV,OBV_Smoothed,OBV_Regular_Bullish,OBV_Regular_Bearish,OBV_Hidden_Bullish,OBV_Hidden_Bearish,Volume_MA,Vol_Regular_Bullish,Vol_Regular_Bearish,Vol_Hidden_Bullish,Vol_Hidden_Bearish
2022-01-03 00:00:00+00:00,33.88,34.15,32.82,33.06,138147,,,,,,,,,,,,,,,,,,,,,,,,,,,,,,,,,,,,,,,,,,,,,,,,,,,,,,,,,,,,,,,,,,,,,,,,,,#000000,,,,,,False,False,False,False,False,,0.0,0.0,0.0,0.0,0,,,False,False,False,False,,,False,False,False,False,0,0.0,False,False,False,False,138147.0,False,False,False,False
2022-01-04 00:00:00+00:00,32.82,34.45,32.48,34.37,127852,,,,,,,,,,,,,,,,,,,,,,,,,,,,,,,,,,,,,,,,,,,,,,,,,,,,,,,,,,,,,,,,,,,,,,,,,,#000000,,,,0.0,,False,False,False,True,False,,0.0,0.0,0.0,0.0,0,,,False,False,False,False,,,False,False,False,False,-127852,-5013.803921568628,False,False,False,False,137743.27450980392,False,False,False,False
2022-01-05 00:00:00+00:00,31.41,32.72,31.21,32.58,106619,,,,,,,,,,,,,,,,,,,,,,,,,,,,,,,,,,,,,,,,,,,,,,,,,,,,,,,,,,,,,,,,,,,,,,,,,,#000000,,,,0.0,-50.0,False,False,False,True,True,,0.0,0.0,0.0,0.0,0,,,False,False,False,False,,,False,False,False,False,-234471,-14012.125336409073,False,False,False,False,136522.71472510573,False,False,False,False
2022-01-06 00:00:00+00:00,30.26,31.2,30.09,30.53,169533,,,,,,,,,,,,,,,,,,,,,,,,,,,,,,,,,,,,,,,,,,,,,,,,,,,,,,,,,,,,,,,,,,,,,,,,,,#000000,,,,0.0,-50.0,False,False,False,True,True,,0.0,0.0,0.0,0.0,0,,,False,False,False,False,,,False,False,False,False,-404004,-29305.924342824404,False,False,False,False,137817.23571627805,False,False,False,False
2022-01-07 00:00:00+00:00,30.13,30.53,29.97,30.45,76583,,,,,,,,,,,,,,,,,,,,,,,,,,,,,,,,,,,,,,,,,,,,,,,,,,,,,,,,,,,,,,,,,,,,,,,,,,#000000,,,,0.0,-50.0,False,False,False,True,True,,0.0,0.0,0.0,0.0,0,,,False,False,False,False,,,False,False,False,False,-480587,-47003.22142741953,False,False,False,False,135415.89313916911,False,False,False,False
2022-01-10 00:00:00+00:00,29.77,30.06,29.3,29.63,97859,,,,,,,,,,,,,,,,,,,,,,,,,,,,,,,,,,,,,,,,,,,,,,,,,,,,,,,,,,,,,,,,,,,,,,,,,,#000000,,,,0.0,-50.0,False,False,False,True,True,,0.0,0.0,0.0,0.0,0,,,False,False,False,False,,,False,False,False,False,-578446,-67844.11470477562,False,False,False,False,133943.07380037816,False,False,False,False
2022-01-11 00:00:00+00:00,29.87,30.36,29.44,29.92,109327,,,,,,,,,,,,,,,,,,,,,,,,,,,,,,,,,,,,,,,,,,,,,,,,,,,,,,,,,,,,,,,,,,,,,,,,,,#000000,,,,1.1037716406947973,-48.9882093293631,False,False,False,True,True,,0.0,0.0,0.0,0.0,0,,,False,False,False,False,,,False,False,False,False,-469119,-83580.38471635306,False,False,False,False,132977.73757291236,False,False,False,False
2022-01-12 00:00:00+00:00,30.0,30.22,29.64,29.67,66006,,,,,,,,,,,,,,,,,,,,,,,,,,,,,,,,,,,,,,,,,,,,,,,,,,,,,,,,,,,,,,,,,,,,,,,,,,#000000,,,,3.2967495302578427,-47.03930024396891,False,False,False,True,True,,0.0,0.0,0.0,0.0,0,,,False,False,False,False,,,False,False,False,False,-403113,-96111.0755117902,False,False,False,False,130351.39492299424,False,False,False,False
2022-01-13 00:00:00+00:00,29.28,30.232,29.24,30.19,42741,,,,,,,,,,,,,,,,,,,,,,,,,,,,,,,,,,,,,,,,,,,,,,,,,,,,,,,,,,,,,,,,,,,,,,,,,,#000000,,,,4.205691759772261,-46.36626070941388,False,False,False,True,True,,0.0,0.0,0.0,0.0,0,,,False,False,False,False,,,False,False,False,False,-445854,-109826.4843152494,False,False,False,False,126915.6931613082,False,False,False,False
2022-01-14 00:00:00+00:00,29.35,30.28,29.06,29.76,85101,,,,,,,,,,,,,,,,,,,,,,,,,,,,,,,,,,,,,,,,,,,,,,,,,,,,,,,,,,,,,,,,,,,,,,,,,,#000000,,,,5.518793870591639,-45.31051752185163,False,False,False,True,True,,0.0,0.0,0.0,0.0,0,,,False,False,False,False,,,False,False,False,False,-360753,-119666.73983229845,False,False,False,False,125275.90127262945,False,False,False,False
2022-01-18 00:00:00+00:00,28.58,29.38,28.54,28.83,150803,,,,,,,,,,,,,,,,,,,,,,,,,,,,,,,,,,,,,,,,,,,,,,,,,,,,,,,,,,,,,,,,,,,,,,,,,,#000000,,,,5.811709521706729,-45.19769655524571,False,False,False,True,True,,0.0,0.0,0.0,0.0,0,,,False,False,False,False,,,False,False,False,False,-511556,-135034.9461133848,False,False,False,False,126276.96396782045,False,False,False,False
2022-01-19 00:00:00+00:00,28.6,29.23,28.52,28.96,113660,,,,,,,,,,,,,,,,,,,,,,,,,,,,,,,,,,,,,,,,,,,,,,,,,,,,,,,,,,,,,,,,,,,,,,,,,,#000000,,,,6.197076730518189,-44.941469975940116,False,False,False,True,True,,0.0,0.0,0.0,0.0,0,,,False,False,False,False,,,False,False,False,False,-397896,-145343.22273638932,False,False,False,False,125782.18106712162,False,False,False,False
2022-01-20 00:00:00+00:00,27.95,29.33,27.9,28.56,174672,,,,,,,,,,,,,,,,,,,,,,,,,,,,,,,,,,,,,,,,,,,,,,,,,,,,,,,,,,,,,,,,,,,,,,,,,,#000000,,,,6.038588084005008,-44.941469975940116,False,False,False,True,True,,0.0,0.0,0.0,0.0,0,,,False,False,False,False,,,False,False,False,False,-572568,-162097.1355702564,False,False,False,False,127699.42886841098,False,False,False,False
2022-01-21 00:00:00+00:00,27.25,28.195,27.175,28.05,144462,,,,,,,,,,,,,,,,,,,,,,,,,,,,,,,,,,,,,,,,,,,,,,,,,,,,,,,,,,,,,,,,,,,,,,,,,,#000000,,,,5.599494899325442,-44.941469975940116,False,False,False,True,True,,0.0,0.0,0.0,0.0,0,,,False,False,False,False,,,False,False,False,False,-717030,-183859.2086851483,False,False,False,False,128356.78459906153,False,False,False,False
2022-01-24 00:00:00+00:00,27.27,27.48,26.31,26.89,240155,,,,,,,,,,,,,,,,,,,,,,,,,,,,,,,,,,,,,,,,,,,,,,,,,,,,,,,,,,,,,,,,,,,,,,,,,,#000000,,,,5.480319202563085,-44.941469975940116,False,False,False,True,False,,0.0,0.0,0.0,0.0,0,,,False,False,False,False,,,False,False,False,False,-476875,-195350.02403082876,False,False,False,False,132741.02834027482,False,False,False,False
2022-01-25 00:00:00+00:00,27.64,28.12,26.5,27.11,131264,,,,,,,,,,,,,,,,,,,,,,,,,,,,,,,,,,,,,,,,,,,,,,,,,,,,,,,,,,,,,,,,,,,,,,,,,,#000000,,,,8.561858151052537,-42.94100071525398,False,False,False,True,True,,0.0,0.0,0.0,0.0,0,,,False,False,False,False,,,False,False,False,False,-345611,-201242.61132373745,False,False,False,False,132683.10566026403,False,False,False,False
2022-01-26 00:00:00+00:00,26.49,28.27,26.37,28.04,108488,,,,,,,,,,,,,,,,,,,,,,,,,,,,,,,,,,,,,,,,,,,,,,,,,,,,,,,,,,,,,,,,,,,,,,,,,,#000000,,,,9.364956075439824,-42.32229668300136,False,False,False,True,True,,0.0,0.0,0.0,0.0,0,,,False,False,False,False,,,False,False,False,False,-454099,-211158.54813457126,False,False,False,False,131734.2779873125,False,False,False,False
2022-01-27 00:00:00+00:00,26.27,27.265,26.23,26.83,145507,,,,,,,,,,,,,,,,,,,,,,,,,,,,,,,,,,,,,,,,,,,,,,,,,,,,,,,,,,,,,,,,,,,,,,,,,,#000000,,,,9.714158903074882,-42.08337727280605,False,False,False,True,True,,0.0,0.0,0.0,0.0,0,,,False,False,False,False,,,False,False,False,False,-599606,-226391.78154105868,False,False,False,False,132274.38473290807,False,False,False,False
2022-01-28 00:00:00+00:00,26.93,26.93,25.96,26.19,111860,,,,,,,,,,,,,,,,,,,,,,,,,,,,,,,,,,,,,,,,,,,,,,,,,,,,,,,,,,,,,,,,,,26.606666666666662,,,,,,,26.606666666666662,#000000,,26.606666666666662,,14.2426174659868,-37.958944402917695,False,False,False,True,True,,0.0,0.0,0.0,0.0,0,,,False,False,False,False,,,False,False,False,False,-487746,-236640.96657866423,False,False,False,False,131473.8206257352,False,False,False,False
2022-01-31 00:00:00+00:00,28.4,28.45,27.05,27.12,239815,,,,,,,,,,,,,,,,,,,,,,,,,,,,,,,,,,,,,,,,,,,,,,,,,,,,,,,,,,,,,,,,,,27.53408089855691,,,,,,,27.53408089855691,#000000,,27.53408089855691,,23.92401812959814,-29.303746029515207,False,False,False,True,True,,0.0,0.0,0.0,0.0,0,,,False,False,False,False,,,False,False,False,False,-247931,-237083.71298734407,False,False,False,False,135722.49432668678,False,False,False,False
2022-02-01 00:00:00+00:00,29.13,29.18,28.22,28.45,161360,,,,,,,,,,,,,,,,,,,,,,,,,,,,,,,,,,,,,,,,,,,,,,,,,,,,,,,,,,,,,,,,,,27.94586756589057,,,,,,,27.94586756589057,#000000,,27.94586756589057,,32.7339745284946,-21.850933027640895,False,False,False,True,True,,0.0,0.0,0.0,0.0,0,,,False,False,False,False,,,False,False,False,False,-86571,-231181.25365450708,False,False,False,False,136727.8867060324,False,False,False,False
2022-02-02 00:00:00+00:00,29.25,29.86,28.91,29.44,120976,,,,,,,,,,,,,,,,,,,,,,,,,,,,,,,,29.34,,,,,,,,,,,,,,,,,,,,,,,,,,,,,,,,,,28.211882769647005,,,,,,,28.775941384823504,#000000,,28.775941384823504,,38.971943112413435,-16.94789730819913,False,False,False,True,True,,0.0,0.0,0.0,0.0,0,,,False,False,False,False,,,False,False,False,False,34405,-220766.10645236954,False,False,False,False,136110.165658737,False,False,False,False
2022-02-03 00:00:00+00:00,26.55,29.04,26.47,28.98,206316,,,,,,,,,,,,,,,,,,,,,,,,,,,,,,,,28.08765921562397,,,,,,,,,,,,,,,,,,,,,,,,,,,,,,,,,,28.001092820612296,,,,,,,28.044376018118133,#000000,,28.044376018118133,,37.07838477063382,-16.94789730819913,False,False,False,True,True,,0.0,0.0,0.0,0.0,0,,,False,False,False,False,,,False,False,False,False,-171911,-218850.21992482565,False,False,False,False,138863.3356329042,False,False,False,False
2022-02-04 00:00:00+00:00,26.43,26.755,26.07,26.38,326688,,,,,,,,,,,,,,,,,,,,,,,,,,,,,,,,27.253767148842474,,,,,,,,,,,,,,,,,,,,,,,,,,,,,,,,,,27.558023510123405,,,,,,,27.405895329482938,#000000,,27.405895329482938,,35.627796176654606,-16.94789730819913,False,False,False,True,False,,0.0,0.0,0.0,0.0,0,,,False,False,False,False,,,False,False,False,False,-498599,-229820.76031993053,False,False,False,False,146229.00874533932,False,False,False,False
2022-02-07 00:00:00+00:00,26.57,26.83,26.4,26.5,192963,,,,,,,,,,,,,,,,,,,,,,,,,,,,,,,,27.104816309952383,,,,,,,,,,,,,,,,,,,,,,,,,,,,,,,,,,27.42209256816409,,,,,,,27.263454439058236,#000000,,27.263454439058236,,35.1384402957059,-16.94789730819913,False,False,False,True,False,,0.0,0.0,0.0,0.0,0,,,False,False,False,False,,,False,False,False,False,-305636,-232793.90697405091,False,False,False,False,148061.71428473777,False,False,False,False
2022-02-08 00:00:00+00:00,27.01,27.48,26.525,26.53,217851,,,,,,,,,,,,,,,,,,,,,,,,,,,,,,,,27.084394441553954,,,,,,,,,,,,,,,,,,,,,,,,,,,,,,,,,,27.364504557633726,,,,,,,27.224449499593838,#000000,,27.224449499593838,,36.31763944182264,-16.94789730819913,False,False,False,True,False,,0.0,0.0,0.0,0.0,0,,,False,False,False,False,,,False,False,False,False,-87785,-227107.28317114696,False,False,False,False,150798.5490186696,False,False,False,False
2022-02-09 00:00:00+00:00,28.21,28.22,27.245,27.34,158478,,,,,,,,,,,,,,,,,,,,,,,,,,,,,,,,27.1889786122792,,,,,,,,,,,,,,,,,,,,,,,,,,,,,,,,,,27.41262024035304,,,,,,,27.300799426316118,#000000,,27.300799426316118,,40.592382473196565,-16.94789730819913,False,False,False,True,True,,0.0,0.0,0.0,0.0,0,,,False,False,False,False,,,False,False,False,False,70693,-215428.8406938471,False,False,False,False,151099.70395911395,False,False,False,False
2022-02-10 00:00:00+00:00,28.21,28.598,27.69,28.5,289370,,,,,,,,,,,,,,,,,,,,,,,,,,,,,,,,27.375883827766252,,,,,,,,,,,,,,,,,,,,,,,,,,,,,,,,,,27.52024129792986,,,,,,,27.448062562848058,#000000,,27.448062562848058,,43.44221116077918,-14.560493861015694,False,False,False,True,True,,0.0,0.0,0.0,0.0,0,,,False,False,False,False,,,False,False,False,False,70693,-204208.37635291193,False,False,False,False,156522.06850973694,False,False,False,False
2022-02-11 00:00:00+00:00,26.26,28.49,26.12,28.47,372761,,,,,,,,,,,,,,,,,,,,,,,,,,,,,,,,27.293000853575247,,,,,,,,,,,,,,,,,,,,,,,,,,,,,,,,,,27.43265152361662,,,,,,,27.362826188595932,#000000,,27.362826188595932,,41.226373203498696,-14.560493861015694,False,False,False,True,True,,0.0,0.0,0.0,0.0,0,,,False,False,False,False,,,False,False,False,False,-302068,-208046.00865279773,False,False,False,False,165002.02660739433,False,False,False,False
2022-02-14 00:00:00+00:00,25.82,26.63,25.7,26.1,120673,,,,,,,,,,,,,,,,,,,,,,,,,,,,,,,,27.218229687376414,,,,,,,,,,,,,,,,,,,,,,,,,,,,,,,,,,27.36641835353821,,,,,,,27.292324020457315,#000000,,27.292324020457315,,39.02917255298178,-14.560493861015694,False,False,False,True,False,,0.0,0.0,0.0,0.0,0,,,False,False,False,False,,,False,False,False,False,-422741,-216465.42007817823,False,False,False,False,163263.63340710435,False,False,False,False
2022-02-15 00:00:00+00:00,25.84,26.22,25.26,26.18,123345,,,,,,,,,,,,,,,,,,,,,,,,,,,,,,,,27.13453522733801,,,,,,,,,,,,,,,,,,,,,,,,,,,,,,,,,,27.29205606640186,,,,,,,27.213295646869934,#000000,,27.213295646869934,,37.62813623593458,-14.560493861015694,False,False,False,True,False,,0.0,0.0,0.0,0.0,0,,,False,False,False,False,,,False,False,False,False,-299396,-219717.59968295557,False,False,False,False,161698.19680290416,False,False,False,False
2022-02-16 00:00:00+00:00,26.18,26.33,25.59,25.82,91503,,,,,,,,,,,,,,,,,,,,,,,,,,,,,,,,27.08916524758764,,,,,,,,,,,,,,,,,,,,,,,,,,,,,,,,,,27.249927817132587,,,,,,,27.169546532360116,#000000,,27.169546532360116,,37.82132384873535,-14.560493861015694,False,False,False,True,False,,0.0,0.0,0.0,0.0,0,,,False,False,False,False,,,False,False,False,False,-207893,-219253.88989146712,False,False,False,False,158945.443987104,False,False,False,False
2022-02-17 00:00:00+00:00,24.81,25.9,24.8,25.9,77175,,,,,,,,,,,,,,,,,,,,,,,,,,,,,,,,27.02471564033287,,,,,,,,,,,,,,,,,,,,,,,,,,,,,,,,,,27.192826864532243,,,,,,,27.108771252432557,#000000,,27.108771252432557,,35.568787170836245,-14.560493861015694,False,False,False,True,False,,0.0,0.0,0.0,0.0,0,,,False,False,False,False,,,False,False,False,False,-285068,-221834.8353859194,False,False,False,False,155738.75990917836,False,False,False,False
2022-02-18 00:00:00+00:00,24.12,24.87,24.0,24.87,178213,,,,,,,,,,,,,,,,,,,,,,,,,,,,,,,,26.830784763120853,,,,,,,,,,,,,,,,,,,,,,,,,,,,,,,,,,27.022156492705594,,,,,,,26.926470627913226,#000000,,26.926470627913226,,33.09516402711179,-9.599840867749975,False,False,False,True,False,,0.0,0.0,0.0,0.0,0,,,False,False,False,False,,,False,False,False,False,-463281,-231303.31242960884,False,False,False,False,156620.10265783806,False,False,False,False
2022-02-22 00:00:00+00:00,23.62,24.51,23.55,23.84,96284,,,,,,,,,,,,,,,,,,,,,,,,,,,,,,,,26.720845397023083,,,,,,,,,,,,,,,,,,,,,,,,,,,,,,,,,,26.924524724980614,,,,,,,26.82268506100185,#000000,,26.82268506100185,,30.792941344633885,-12.019619562544698,False,False,False,True,False,,0.0,0.0,0.0,0.0,0,,,False,False,False,False,,,False,False,False,False,-559565,-244176.31978531045,False,False,False,False,154253.98098498167,False,False,False,False
2022-02-23 00:00:00+00:00,23.53,23.88,23.1156,23.83,90409,,,,,,,,,,,,,,,,,,,,,,,,,,,,,,,,26.611787426284717,,,,,,,,,,,,,,,,,,,,,,,,,,,,,,,,,,26.82728528034911,,,,,,,26.71953635331691,#000000,,26.71953635331691,,29.13944251668541,-13.816614027073626,False,False,False,True,False,,0.0,0.0,0.0,0.0,0,,,False,False,False,False,,,False,False,False,False,-649974,-260089.95430353357,False,False,False,False,151750.2562404726,False,False,False,False
2022-02-24 00:00:00+00:00,24.2,24.29,22.54,22.54,111410,,,,,,,,,,,,,,,,,,,,,,,,,,,,,,,,26.493924091553236,,,,,,,,,,,,,,,,,,,,,,,,,,,,,,,,,,26.720512426085058,,,,,,,26.607218258819145,#000000,,26.607218258819145,,30.51381899105889,-13.816614027073626,False,False,False,True,False,,0.0,0.0,0.0,0.0,0,,,False,False,False,False,,,False,False,False,False,-538564,-271010.5051151597,False,False,False,False,150168.28540751289,False,False,False,False
2022-02-25 00:00:00+00:00,24.51,24.54,23.78,24.36,113214,,,,,,,,,,,,,,,,,,,,,,,,,,,,,,,,26.40699305501734,,,,,,,,,,,,,,,,,,,,,,,,,,,,,,,,,,26.639152564067878,,,,,,,26.52307280954261,#000000,,26.52307280954261,,32.50929648569804,-13.816614027073626,False,False,False,True,False,,0.0,0.0,0.0,0.0,0,,,False,False,False,False,,,False,False,False,False,-425350,-277063.03432632994,False,False,False,False,148719.09774447317,False,False,False,False
2022-02-28 00:00:00+00:00,24.55,24.75,24.13,24.13,106677,,,,,,,,,,,,,,,,,,,,,,,,,,,,,,,,26.338222051609513,,,,,,,,,,,,,,,,,,,,,,,,,,,,,,,,,,26.573379801146604,,,,,,,26.45580092637806,#000000,,26.45580092637806,,33.98436725943445,-13.816614027073626,False,False,False,True,True,,0.0,0.0,0.0,0.0,0,,,False,False,False,False,,,False,False,False,False,-318673,-278694.7976860817,False,False,False,False,147070.38802900363,False,False,False,False
2022-03-01 00:00:00+00:00,24.19,24.81,24.16,24.42,144899,,,,,,,,,,,,,,,,,,,,,,,,,,,,,,,,26.24814242198264,,,,,,,,,,,,,,,,,,,,,,,,,,,,,,,,,,26.48662412614359,,,,,,,26.367383274063116,#000000,,26.367383274063116,,34.18707181793284,-13.816614027073626,False,False,False,True,True,,0.0,0.0,0.0,0.0,0,,,False,False,False,False,,,False,False,False,False,-463572,-285944.8840513334,False,False,False,False,146985.23555727798,False,False,False,False
2022-03-02 00:00:00+00:00,24.74,24.82,24.02,24.26,59520,,,,,,,,,,,,,,,,,,,,,,,,,,,,,,,,26.21611021009934,,,,,,,,,,,,,,,,,,,,,,,,,,,,,,,,,,26.455195190008695,,,,,,,26.33565270005402,#000000,,26.33565270005402,,36.421835865533865,-19.65925548440711,False,False,False,True,True,,0.0,0.0,0.0,0.0,0,,,False,False,False,False,,,False,False,False,False,-404052,-290576.5356571635,False,False,False,False,143555.22631973767,False,False,False,False
2022-03-03 00:00:00+00:00,24.25,24.82,23.98,24.82,188724,,,,,,,,,,,,,,,,,,,,,,,,,,,,,,,,26.11214413318105,,,,,,,,,,,,,,,,,,,,,,,,,,,,,,,,,,26.353335816392704,,,,,,,26.232739974786877,#000000,,26.232739974786877,,36.736224418027966,-19.074950456954717,False,False,False,True,True,,0.0,0.0,0.0,0.0,0,,,False,False,False,False,,,False,False,False,False,-592776,-302427.495043157,False,False,False,False,145326.5507777872,False,False,False,False
2022-03-04 00:00:00+00:00,23.72,24.31,23.61,24.17,88556,,,,,,,,,,,,,,,,,,,,,,,,,,,,,,,,26.05527719660933,,,,,,,,,,,,,,,,,,,,,,,,,,,,,,,,,,26.298428187851382,,,,,,,26.176852692230355,#000000,,26.176852692230355,,35.786794780699964,-19.074950456954717,False,False,False,True,True,,0.0,0.0,0.0,0.0,0,,,False,False,False,False,,,False,False,False,False,-681332,-317286.4952375431,False,False,False,False,143100.25466885435,False,False,False,False
2022-03-07 00:00:00+00:00,23.12,23.89,23.09,23.69,94728,,,,,,,,,,,,,,,,,,,,,,,,,,,,,,,,25.98395102960653,,,,,,,,,,,,,,,,,,,,,,,,,,,,,,,,,,26.230422388947332,,,,,,,26.10718670927693,#000000,,26.10718670927693,,33.980778028207006,-19.074950456954717,False,False,False,True,False,,0.0,0.0,0.0,0.0,0,,,False,False,False,False,,,False,False,False,False,-776060,-335277.61307136493,False,False,False,False,141203.30350536987,False,False,False,False
2022-03-08 00:00:00+00:00,23.06,23.34,22.5,22.92,100110,,,,,,,,,,,,,,,,,,,,,,,,,,,,,,,,25.901664661713948,,,,,,,,,,,,,,,,,,,,,,,,,,,,,,,,,,26.152328671741067,,,,,,,26.026996666727506,#000000,,26.026996666727506,,32.66243611002725,-19.074950456954717,False,False,False,True,False,,0.0,0.0,0.0,0.0,0,,,False,False,False,False,,,False,False,False,False,-876170,-356489.07922542904,False,False,False,False,139591.80140712007,False,False,False,False
2022-03-09 00:00:00+00:00,24.16,24.38,23.49,23.57,88063,,,,,,,,,,,,,,,,,,,,,,,,,,,,,,,,25.85734706901423,,,,,,,,,,,,,,,,,,,,,,,,,,,,,,,,,,26.108166102590523,,,,,,,25.982756585802377,#000000,,25.982756585802377,,36.11059703885673,-19.074950456954717,False,False,False,True,True,,0.0,0.0,0.0,0.0,0,,,False,False,False,False,,,False,False,False,False,-788107,-373415.2721969809,False,False,False,False,137571.06409703696,False,False,False,False
2022-03-10 00:00:00+00:00,23.85,23.91,23.34,23.74,84628,,,,,,,,,,,,,,,,,,,,,,,,,,,,,,,,25.80984600157043,,,,,,,,,,,,,,,,,,,,,,,,,,,,,,,,,,26.061386565544275,,,,,,,25.93561628355735,#000000,,25.93561628355735,,37.62977408163818,-17.573333300953657,False,False,False,True,True,,0.0,0.0,0.0,0.0,0,,,False,False,False,False,,,False,False,False,False,-872735,-392996.43799317774,False,False,False,False,135494.8655049963,False,False,False,False
2022-03-11 00:00:00+00:00,22.92,24.11,22.82,24.11,100601,,,,,,,,,,,,,,,,,,,,,,,,,,,,,,,,25.745403557045247,,,,,,,,,,,,,,,,,,,,,,,,,,,,,,,,,,25.99868423801051,,,,,,,25.87204389752788,#000000,,25.87204389752788,,36.579950336570626,-17.573333300953657,False,False,False,True,True,,0.0,0.0,0.0,0.0,0,,,False,False,False,False,,,False,False,False,False,-973336,-415754.8521895237,False,False,False,False,134126.47862244744,False,False,False,False
2022-03-14 00:00:00+00:00,22.34,23.4,22.31,22.81,79927,,,,,,,,,,,,,,,,,,,,,,,,,,,,,,,,25.68458389602347,,,,,,,,,,,,,,,,,,,,,,,,,,,,,,,,,22.68333333333333,25.940279920942103,,,,,,,24.769399050099633,#000000,,24.769399050099633,,34.79376111180002,-17.573333300953657,False,False,False,True,False,,0.0,0.0,0.0,0.0,0,,,False,False,False,False,,,False,False,False,False,-1053263,-440755.1717115032,False,False,False,False,132001.00887254754,False,False,False,False
2022-03-15 00:00:00+00:00,23.14,23.25,22.37,22.45,82177,,,,,,,,,,,,,,,,,,,,,,,,,,,,,,,,25.62925706024418,,,,,,,,,,,,,,,,,,,,,,,,,,,,,,,,,22.803309130763786,25.886549065603525,,,,,,,24.7730384188705,#000000,,24.7730384188705,,36.47831556105983,-17.573333300953657,False,False,False,True,False,0.0,0.0,0.0,0.0,0.0,1,,,False,False,False,False,-0.34282825441539394,-0.34282825441539394,False,False,False,False,-971086,-461552.4590953658,False,False,False,False,130047.12617166332,False,False,False,False
2022-03-16 00:00:00+00:00,24.91,24.93,23.38,23.51,115773,,,,,,,,,,,,,,,,,,,,,,,,,,,,,,,,25.59573205898041,,,,,,,,,,,,,,,,,,,,,,,,,,,,,,,,,23.47132235965313,25.850365596891994,,,,,,,24.97247333850851,#000000,,24.97247333850851,,42.2903320897596,-13.12115855466618,False,False,False,True,True,0.0,0.0,0.0,0.0,0.0,0,0.7893710013188154,1.1425083652137897,False,False,False,False,-0.2518820521737797,-0.29735515329458684,False,False,False,False,-855313,-476994.04893476324,False,False,False,False,129487.3565178726,False,False,False,False
2022-03-17 00:00:00+00:00,25.76,25.76,24.75,24.99,103072,,,,,,,,,,,,,,,,,,,,,,,,,,,,,,,,25.591623588150732,,,,,,,,,,,,,,,,,,,,,,,,,,,,,,,,,23.99947094405463,25.841268038632364,,,,,,,25.144120856945907,#000000,,25.144120856945907,,47.85405848529564,-8.096788732623011,True,False,False,False,True,0.0,0.0,0.0,0.0,0.0,0,0.8172470021852711,1.135239067173975,False,False,False,False,-0.15496429926723815,-0.2261597262809125,False,False,False,False,-752241,-487788.04701575293,False,False,False,False,128451.46018383838,False,False,False,False
2022-03-18 00:00:00+00:00,26.38,26.39,25.5,25.8,52903,,,,,,,,,,,,,,,,,,,,,,,,,,,,,,,,25.597645900989043,,,,,,,,,,,,,,,,,,,,,,,,,,,,,,,,,24.254385658396565,25.843958410287254,,,,,,,25.231996656557623,#000000,,25.231996656557623,,52.67163184301059,-3.889931685812172,True,False,True,False,True,0.0,0.0,0.0,0.0,0.0,0,0.8545046412363638,1.0947171974951937,False,False,False,False,-0.06601148116621539,-0.14608560372356394,False,False,False,False,-699338,-496084.12360337045,False,False,False,False,125488.77547074668,False,False,False,False
2022-03-21 00:00:00+00:00,25.9,26.44,25.75,26.44,66407,,,,,,,,,,,,,,,,,,,,,,,,,,,,,,,26.03,25.604106025508386,,,,,,,,,,,,,,,,,,,,,,,,,,,,,,,,,24.49009000670986,25.846450521389205,,,,,,,25.492661638401863,#000000,,25.492661638401863,,54.54209666882355,-2.4171818244775167,True,False,True,False,True,0.0,0.0,0.0,0.0,0.0,0,0.8823460259312771,1.0700614720683208,False,False,False,False,-0.038607884732962165,-0.09234674422826306,False,False,False,False,-765745,-506659.05993265007,False,False,False,False,123171.84309934486,False,False,False,False
2022-03-22 00:00:00+00:00,25.79,26.21,25.76,26.19,34039,,,,,,,,,,,,,,,,,,,,,,,,,,,,,,,25.992723353841864,25.606507024919946,,,,,,,,,,,,,,,,,,,,,,,,,,,,,,,,,24.581186560059493,25.846952087401935,,,,,,,25.50684225655581,#000000,,25.50684225655581,,55.47786736602875,-1.6422696747798753,True,False,True,False,True,0.0,0.0,0.0,0.0,0.0,0,0.8845702212071579,1.061847560489004,False,False,False,False,-0.03570336937497769,-0.06402505680162038,False,False,False,False,-799784,-518154.15562156576,False,False,False,False,119676.43748760584,False,False,False,False
2022-03-23 00:00:00+00:00,25.18,25.75,25.125,25.54,76027,,,,,,,,,,,,,,,,,,,,,,,,,,,,,,,25.71654729996468,25.60225300843568,,,,,,,,,,,,,,,,,,,,,,,,,,,,,,,,,24.677163770668635,25.8395213815636,,,,,,,25.45887136515815,#000000,,25.45887136515815,,54.4000448873047,-1.6422696747798753,True,False,True,False,True,0.0,0.0,0.0,0.0,0.0,0,0.8858273419690305,1.0624232813107553,False,False,False,False,-0.08665586716351532,-0.07534046198256786,False,False,False,False,-875811,-532179.9142246416,False,False,False,False,117964.69484103307,False,False,False,False
2022-03-24 00:00:00+00:00,25.26,25.33,24.93,25.19,62517,,,,,,,,,,,,,,,,,,,,,,,,,,,,,,,25.574448854205897,25.596445145124175,,,,,,,,,,,,,,,,,,,,,,,,,,,,,,,,,24.72326528120024,25.831402866789908,,,,,,,25.431390536830058,#000000,,25.431390536830058,,53.883324790558426,-1.6422696747798753,True,False,True,False,True,0.0,0.0,0.0,0.0,0.0,0,0.8782351899338523,1.076909156713717,False,False,False,False,-0.11545409016635148,-0.09539727607445966,False,False,False,False,-813294,-543203.9960197537,False,False,False,False,115790.27543550235,False,False,False,False
2022-03-25 00:00:00+00:00,25.07,25.38,24.88,25.38,47260,,,,,,,,,,,,,,,,,,,,,,,,,,,,,,,25.497768145560407,25.59151627946864,,,,,,,,,,,,,,,,,,,,,,,,,,,,,,,,,24.748646522761128,25.82481764208383,,,,,,,25.4156871474685,#000000,,25.4156871474685,,52.97403037194567,-1.6422696747798753,True,False,True,False,True,0.0,0.0,0.0,0.0,0.0,0,0.8732271076113866,1.0733643886750834,False,False,False,False,-0.1093538336653476,-0.10237555486990363,False,False,False,False,-860554,-555649.0942150576,False,False,False,False,113102.81365371794,False,False,False,False
2022-03-28 00:00:00+00:00,24.68,25.18,24.44,25.18,35251,,,,,,,,,,,,,,,,,,,,,,,,,,,,,,,25.41760647193425,25.58532905786048,,,,,,,,,,,,,,,,,,,,,,,,,,,,,,,,,24.749487491278913,25.817661629528214,,,,,,,25.392521162650464,#000000,,25.392521162650464,,51.21675832419347,-1.6422696747798753,True,False,False,False,False,0.0,0.0,0.0,0.0,0.0,0,0.8718331253729723,1.077830133843805,False,False,False,False,-0.13845822468212454,-0.12041688977601409,False,False,False,False,-895805,-568988.5415007416,False,False,False,False,110049.80135357214,False,False,False,False
2022-03-29 00:00:00+00:00,25.74,25.79,25.0,25.05,39703,,,,,,,,,,,,,,,,,,,,,,,,,,,,,,,25.427762229469586,25.584697981884805,,,,,,,,,,,,,,,,,,,,,,,,,,,,,,,,,24.78746548041899,25.81533593187599,,,,,,,25.403815405912344,#000000,,25.403815405912344,,52.97269288729958,-1.6422696747798753,True,False,True,False,False,0.0,0.0,0.0,0.0,0.0,0,0.8797143434092393,1.0608709497033149,False,False,False,False,-0.07063435015445096,-0.09552561996523252,False,False,False,False,-856102,-580247.892814438,False,False,False,False,107291.1032612752,False,False,False,False
2022-03-30 00:00:00+00:00,25.92,26.02,25.49,25.79,127795,,,,,,,,,,,,,,,,,,,,,,,,,,,,,,,25.52765624946745,25.590613854953894,,,,,,,,,,,,,,,,,,,,,,,,,,,,,,,,,24.929064502286934,25.815209184152494,,,,,,,25.465635947715196,#000000,,25.465635947715196,,54.584474897041126,-1.6330064766609027,True,False,True,False,False,0.0,0.0,0.0,0.0,0.0,0,0.8987154343222823,1.039165969948664,False,False,False,False,-0.034393788064009195,-0.06495970401462087,False,False,False,False,-728307,-586054.132311911,False,False,False,False,108095.17764318598,False,False,False,False
2022-03-31 00:00:00+00:00,24.71,25.95,24.7,25.71,80677,,,,,,,,,,,,,,,,,,,,,,,,,,,,,,,25.46992434003422,25.582939986710215,,,,,,,,,,,,,,,,,,,,,,,,,,,,,,,,,24.944414450817515,25.804938081200113,,,,,,,25.450554214690513,#000000,,25.450554214690513,,52.12108521799129,-1.6330064766609027,True,False,False,False,False,0.0,0.0,0.0,0.0,0.0,0,0.8848883871616241,1.0372107228738663,False,False,False,False,-0.07769971749788313,-0.071329710756252,False,False,False,False,-808984,-594796.4800643851,False,False,False,False,107019.95499051202,False,False,False,False
2022-04-01 00:00:00+00:00,24.36,24.91,24.29,24.8,51253,,,,,,,,,,,,,,,,,,,,,,,,,,,,,,,25.391515259125175,25.572041851366702,,,,,,,,,,,,,,,,,,,,,,,,,,,,,,,,,24.923791673342617,25.79299005563244,,,,,,,25.420084709866735,#000000,,25.420084709866735,,49.610533152184615,-1.6330064766609027,True,False,False,False,False,0.0,0.0,0.0,0.0,0.0,0,0.8871812797511509,1.0601896218560005,False,False,False,False,-0.15146719811962142,-0.11139845443793671,False,False,False,False,-860237,-605205.912218723,False,False,False,False,104833.0155791194,False,False,False,False
2022-04-04 00:00:00+00:00,24.95,25.1,24.405,24.5,171846,,,,,,,,,,,,,,,,,,,,,,,,,,,,,,,25.26726938706863,25.546992971919156,,,,,,,,,,,,,,,,,,,,,,,,,,,,,,,,,24.909017341865127,25.763521927354777,,,,,,,25.37170040705192,#000000,,25.37170040705192,,49.651686645164126,-1.6330064766609027,True,False,False,False,False,0.0,0.0,0.0,0.0,0.0,0,0.9022558172598455,1.0334699777261738,False,False,False,False,-0.1358408331236664,-0.12361964378080156,False,False,False,False,-688391,-608468.0725238711,False,False,False,False,107460.97575248727,False,False,False,False
2022-04-05 00:00:00+00:00,24.41,25.24,24.33,25.1,59916,,,,,,,,,,,,,,,,,,,,,,,,,,,,,,,25.224598416464268,25.536832707627315,,,,,,,,,,,,,,,,,,,,,,,,,,,,,,,,,24.897420276663894,25.752010450406086,,,,,,,25.352715462790393,#000000,,25.352715462790393,,48.26197796864381,4.030943981772381,True,False,False,False,False,0.0,0.0,0.0,0.0,0.0,0,0.9174314840102892,1.0166724888056144,False,False,False,False,-0.1325193830526818,-0.12806951341674166,False,False,False,False,-748307,-613951.952032739,False,False,False,False,105596.46689944855,False,False,False,False
2022-04-06 00:00:00+00:00,23.97,24.31,23.92,24.11,117956,,,,,,,,,,,,,,,,,,,,,,,,,,,,,,,25.083882999346482,25.50441042830748,,,,,,,,,,,,,,,,,,,,,,,,,,,,,,,,,24.827649936620336,25.718095807434132,,,,,,,25.283509792927106,#000000,,25.283509792927106,,46.25657016147072,1.9121999773484646,True,False,False,True,False,0.0,0.0,0.0,0.0,0.0,0,0.902136748666055,1.0469012677554799,False,False,False,False,-0.20169506512146243,-0.16488228926910203,False,False,False,False,-866263,-623846.5029334158,False,False,False,False,106081.1544720192,False,False,False,False
2022-04-07 00:00:00+00:00,23.69,24.09,23.53,23.81,56337,,,,,,,,,,,,,,,,,,,,,,,,,,,,,,,25.011807653932937,25.48633235160743,,,,,,,,,,,,,,,,,,,,,,,,,,,,,,,,,24.786861768421183,25.699550731017613,,,,,,,25.24613812624479,#000000,,25.24613812624479,,44.251413275357635,-0.16166702234264818,True,False,False,True,False,0.0,0.0,0.0,0.0,0.0,0,0.893973167697715,1.05593541546656,False,False,False,False,-0.233788039745359,-0.19933516450723052,False,False,False,False,-922600,-635562.3263477917,False,False,False,False,104130.40331625375,False,False,False,False
2022-04-08 00:00:00+00:00,23.77,23.89,23.3,23.74,184094,,,,,,,,,,,,,,,,,,,,,,,,,,,,,,,24.805308178608918,25.425956578330478,,,,,,,,,,,,,,,,,,,,,,,,,,,,,,,,,24.660001790349735,25.637818483822503,,,,,,,25.132271257777905,#000000,,25.132271257777905,,43.20734928888334,-1.3216332472149261,True,False,False,True,False,0.0,0.0,0.0,0.0,0.0,0,0.8910831433784028,1.0395007942293024,False,False,False,False,-0.2566948469418228,-0.22801500572452665,False,False,False,False,-738506,-639599.3331576822,False,False,False,False,107266.23063718498,False,False,False,False
2022-04-11 00:00:00+00:00,23.63,24.02,23.485,23.51,110401,,,,,,,,,,,,,,,,,,,,,,,,,,,,,,,24.713941523096466,25.392750077837697,,,,,,,,,,,,,,,,,,,,,,,,,,,,,,,,,24.60035654623923,25.60358926007416,,,,,,,25.07765935181189,#000000,,25.07765935181189,,42.134262407128,-2.53775659504209,True,False,False,True,False,0.0,0.0,0.0,0.0,0.0,0,0.8997499596023166,1.0299793333957017,False,False,False,False,-0.23988977679776358,-0.23395239126114512,False,False,False,False,-848907,-647807.4769554202,False,False,False,False,107389.16276906009,False,False,False,False
2022-04-12 00:00:00+00:00,23.88,24.28,23.6,23.92,237568,,,,,,,,,,,,,,,,,,,,,,,,,,,,,,,24.59296050087008,25.33381858266827,,,,,,,,,,,,,,,,,,,,,,,,,,,,,,,,,24.519253116523547,25.541579546172294,,,,,,,24.99690293655855,#000000,,24.99690293655855,,42.44436861385901,-2.53775659504209,True,False,False,True,False,0.0,0.0,0.0,0.0,0.0,0,0.8794173933374321,1.055203886353599,False,False,False,False,-0.22005485464827565,-0.22700362295471038,False,False,False,False,-611339,-646377.3406042273,False,False,False,False,112494.2152094891,False,False,False,False
2022-04-13 00:00:00+00:00,24.26,24.28,23.73,23.78,84927,,,,,,,,,,,,,,,,,,,,,,,,,,,,,,,24.566977774587674,25.31627715708111,,,,,,,,,,,,,,,,,,,,,,,,,,,,,,,,,24.50170825019355,25.52271521999401,,,,,,,24.976919600464086,#000000,,24.976919600464086,,44.149411185151365,-2.53775659504209,True,False,False,True,False,0.0,0.0,0.0,0.0,0.0,0,0.8556213741525128,1.0716432515551826,False,False,False,False,-0.21321908132609244,-0.2201113521404014,False,False,False,False,-526412,-641672.8174432772,False,False,False,False,111413.1479463719,False,False,False,False
2022-04-14 00:00:00+00:00,23.94,24.25,23.69,24.21,276647,,,,,,,,,,,,,,,,,,,,,,,,,,,,,,,24.479548458545437,25.25670685096347,,,,,,,,,,,,,,,,,,,,,,,,,,,,,,,,,24.438058353893485,25.45924734925186,,,,,,,24.90839025316356,#000000,,24.90839025316356,,44.20576352418302,-2.53775659504209,True,False,False,True,False,0.0,0.0,0.0,0.0,0.0,0,0.8381142847074161,1.0876605641992492,False,False,False,False,-0.18867536386056752,-0.20439335800048447,False,False,False,False,-803059,-648001.6873474624,False,False,False,False,117892.90685043574,False,False,False,False
2022-04-18 00:00:00+00:00,23.11,23.84,22.95,23.78,66825,,,,,,,,,,,,,,,,,,,,,,,,,,,,,,,24.4398878460094,25.236165132070877,,,,,,,,,,,,,,,,,,,,,,,,,,,,,,,,,24.40664927103837,25.438270046731333,,,,,,,24.880243073962493,#000000,,24.880243073962493,,41.838588937596654,-3.5480260508109325,False,False,False,True,False,0.0,0.0,0.0,0.0,0.0,0,0.8729719070723007,1.08437967183645,False,False,False,False,-0.26355250700934235,-0.2339729325049134,False,False,False,False,-869884,-656702.954510307,False,False,False,False,115890.24383669316,False,False,False,False
2022-04-19 00:00:00+00:00,23.5,23.62,22.93,22.98,52718,,,,,,,,,,,,,,,,,,,,,,,,,,,,,,,24.411725057397344,25.22067237513317,,,,,,,,,,,,,,,,,,,,,,,,,,,,,,,,,24.384133476366625,25.422386845743283,,,,,,,24.859729438660104,#000000,,24.859729438660104,,41.88752107277403,-3.6926134195295788,False,False,False,True,False,0.0,0.0,0.0,0.0,0.0,0,0.8816985881781124,1.0370265077698346,False,False,False,False,-0.27952288594522157,-0.2567479092250675,False,False,False,False,-817166,-662995.6229608832,False,False,False,False,113412.90094113657,False,False,False,False
2022-04-20 00:00:00+00:00,23.33,23.91,23.31,23.52,47372,,,,,,,,,,,,,,,,,,,,,,,,,,,,,,,24.391413692187022,25.20818735908397,,,,,,,,,,,,,,,,,,,,,,,,,,,,,,,,,24.367835454122883,25.409450394355584,,,,,,,24.844221724937366,"rgba(239, 83, 80, 0.5)",2.5002372283841785,24.844221724937366,-0.605631220808579,41.41804628181241,-4.38012789749709,False,False,False,True,False,0.0,0.0,0.0,0.0,0.0,0,0.8832997620319999,1.031972667936438,False,False,False,False,-0.23525865127056114,-0.24600328024781432,False,False,False,False,-864538,-670899.2455898682,False,False,False,False,110823.06168854299,False,False,False,False
2022-04-21 00:00:00+00:00,22.71,23.71,22.665,23.5,55306,,,,,,,,,,,,,,,,,,,,,,,,,,,,,,,24.35623306649144,25.189699064612796,,,,,,,,,,,,,,,,,,,,,,,,,,,,,,,,,24.339084463787053,25.39072810171858,,,,,,,24.818936174152466,"rgba(239, 83, 80, 0.5)",2.3550132686453162,24.818936174152466,-0.8955092534852667,39.40738105983887,-6.491371517523888,False,False,False,True,False,0.0,0.0,0.0,0.0,0.0,0,0.8659902364315112,1.051279246263452,False,False,False,False,-0.29125577135796427,-0.2686295258028893,False,False,False,False,-919844,-680661.7849785008,False,False,False,False,108645.9220144825,False,False,False,False
2022-04-22 00:00:00+00:00,21.84,22.75,21.82,22.74,65503,,,,,,,,,,,,,,,,,,,,,,,,,,,,,,,24.290397222052405,25.15933576358839,,,,,,,,,,,,,,,,,,,,,,,,,,,,,,,,,24.284484078969125,25.360704187448444,,,,,,,24.773730313014592,"rgba(239, 83, 80, 1.0)",2.257328421741861,24.773730313014592,-1.2996470893459038,36.14871977656426,-9.662247343135846,False,True,False,True,False,0.0,0.0,0.0,0.0,0.0,0,0.8346231656016182,1.0959919628234709,False,False,False,False,-0.34282825441539394,-0.3057288901091416,False,False,False,False,-985347,-692610.2247832655,False,False,False,False,106954.04271979691,False,False,False,False
2022-04-25 00:00:00+00:00,22.24,22.34,21.56,21.58,91173,,,,,,,,,,,,,,,,,,,,,,,,,,,,,,,24.20143612415007,25.116836150398488,,,,,,,,,,,,,,,,,,,,,,,,,,,,,,,,,24.209840497261617,25.31868359610451,,,,,,,24.71169909197867,"rgba(239, 83, 80, 1.0)",2.1934249248380713,24.71169909197867,-1.1268674227184425,35.75887009065874,-10.075009456291852,False,True,False,True,False,0.0,0.0,0.0,0.0,0.0,0,0.8179178916663216,1.1144023151918359,False,False,False,False,-0.34282825441539394,-0.32427857226226775,False,False,False,False,-894174,-700514.6865564708,False,False,False,False,106335.17829941273,False,False,False,False
2022-04-26 00:00:00+00:00,21.75,22.19,21.66,22.19,124380,,,,,,,,,,,,,,,,,,,,,,,,,,,,,,,24.081629669785332,25.057403201975138,,,,,,,,,,,,,,,,,,,,,,,,,,,,,,,,,24.10785678243373,25.25998686863743,,,,,,,24.626719130707905,"rgba(239, 83, 80, 1.0)",2.1699436784321304,24.626719130707905,-1.3257114271216695,34.415867260652846,-11.437732359750349,False,True,False,True,False,0.0,0.0,0.0,0.0,0.0,0,0.8489661559427437,1.1191235958291141,False,False,False,False,-0.34282825441539394,-0.3335534133388308,False,False,False,False,-1018554,-712986.8164954329,False,False,False,False,107042.81836610242,False,False,False,False
2022-04-27 00:00:00+00:00,21.82,22.25,21.66,21.66,59683,,,,,,,,,,,,,,,,,,,,,,,,,,,,,,,24.029443180364694,25.030026592823486,,,,,,,,,,,,,,,,,,,,,,,,,,,,,,,,,24.062894417798105,25.232875271405568,,,,,,,24.588809865597966,"rgba(239, 83, 80, 1.0)",2.1424657428905265,24.588809865597966,-1.2923473221384636,33.8479420403156,-12.087202762168154,False,True,False,True,False,0.0,0.0,0.0,0.0,0.0,0,0.8578837622219965,1.073658543665365,False,False,False,False,-0.33750908544897623,-0.33553124939390355,False,False,False,False,-958871,-722629.333495612,False,False,False,False,105185.57058703959,False,False,False,False
2022-04-28 00:00:00+00:00,22.86,23.06,21.96,22.05,57429,,,,,,,,,,,,,,,,,,,,,,,,,,,,,,,23.997739230988202,25.0100782452235,,,,,,,,,,,,,,,,,,,,,,,,,,,,,,,,,24.035168384281352,25.212736505323623,,,,,,,24.563930591454167,"rgba(239, 83, 80, 0.5)",2.099804684181771,24.563930591454167,-0.8114709926547936,37.739179481609625,-12.087202762168154,False,True,False,True,True,0.0,0.0,0.0,0.0,0.0,0,0.8732562218580756,1.0404859272358562,False,False,False,False,-0.242027693703699,-0.2887794715488013,False,False,False,False,-901442,-729641.5949271566,False,False,False,False,103312.76389735178,False,False,False,False
2022-04-29 00:00:00+00:00,21.69,23.06,21.6,22.69,66077,,,,,,,,,,,,,,,,,,,,,,,,,,,,,,,23.950063172677652,24.982707317316894,,,,,,,,,,,,,,,,,,,,,,,,,,,,,,,,,23.99348098509484,25.18545242520036,,,,,,,24.527925975072435,"rgba(239, 83, 80, 1.0)",2.071466878090746,24.527925975072435,-1.3700078939655203,37.44020995411021,-12.087202762168154,False,True,False,True,True,0.0,0.0,0.0,0.0,0.0,0,0.8591146780540112,1.0423954992276694,False,False,False,False,-0.2724459032575937,-0.2806126874031975,False,False,False,False,-967519,-738970.1206162877,False,False,False,False,101852.53786216151,False,False,False,False
2022-05-02 00:00:00+00:00,21.58,21.85,21.221,21.52,116652,,,,,,,,,,,,,,,,,,,,,,,,,,,,,,,23.847287802049557,24.92632760202238,,,,,,,,,,,,,,,,,,,,,,,,,,,,,,,,,23.90322291814656,25.129765331107127,,,,,,,24.451650913331406,"rgba(239, 83, 80, 1.0)",2.035151693219552,24.451650913331406,-1.4110254891066807,37.00342338028473,-12.087202762168154,False,True,False,True,True,0.0,0.0,0.0,0.0,0.0,0,0.8731857921920535,1.0686489501880327,False,False,False,False,-0.34282825441539394,-0.3117204709092957,False,False,False,False,-1084171,-752507.4100038842,False,False,False,False,102432.90892639046,False,False,False,False
2022-05-03 00:00:00+00:00,21.46,21.74,21.27,21.5286,92006,,,,,,,,,,,,,,,,,,,,,,,,,,,,,,,23.770262140451873,24.88237784724257,,,,,,,,,,,,,,,,,,,,,,,,,,,,,,,,,23.8348972187423,25.086312577305975,,,,,,,24.39346244593568,"rgba(239, 83, 80, 1.0)",2.017231293156559,24.39346244593568,-1.4542023296423303,36.43911211444389,-12.087202762168154,False,True,False,True,True,0.0,0.0,0.0,0.0,0.0,0,0.8925668392071553,1.0469792465839896,False,False,False,False,-0.34282825441539394,-0.32727436266234483,False,False,False,False,-1176177,-769121.9037292221,False,False,False,False,102024.01053712025,False,False,False,False
2022-05-04 00:00:00+00:00,21.97,21.97,21.03,21.69,141058,,,,,,,,,,,,,,,,,,,,,,,,,,,,,,,23.669430414313478,24.820343028562053,,,,,,,,,,,,,,,,,,,,,,,,,,,,,,,,,23.744278490144232,25.024667600148234,,,,,,,24.314679883291998,"rgba(239, 83, 80, 1.0)",1.980563729013706,24.314679883291998,-1.1838447048909746,38.1299019634801,-15.863116212272033,False,True,False,True,True,0.0,0.0,0.0,0.0,0.0,0,0.8976156469525172,1.0326706891693629,False,False,False,False,-0.34282825441539394,-0.3350513085388694,False,False,False,False,-1035119,-779553.1624065075,False,False,False,False,103554.75522193906,False,False,False,False
2022-05-05 00:00:00+00:00,21.06,21.87,20.8298,21.87,97741,,,,,,,,,,,,,,,,,,,,,,,,,,,,,,,23.59211666114484,24.77343443030824,,,,,,,,,,,,,,,,,,,,,,,,,,,,,,,,,23.67448309230565,24.97827436665934,,,,,,,24.254577137604517,"rgba(255, 0, 0, 1.0)",1.980857881309494,24.254577137604517,-1.6127240463574632,37.065960976476845,-15.863116212272033,False,True,False,True,True,0.0,0.0,0.0,0.0,0.0,0,0.9017720885225856,1.0172105853524678,False,False,False,False,-0.34282825441539394,-0.33893978147713166,False,False,False,False,-1132860,-793408.3325082131,False,False,False,False,103326.76482107872,False,False,False,False
2022-05-06 00:00:00+00:00,21.84,22.2,20.73,21.21,323639,,,,,,,,,,,,,,,,,,,,,,,,,,,,,,,23.400308510403377,24.64060037231434,,,,,,,,,,,,,,,,,,,,,,,,,,,,,,,,21.589999999999996,23.497511993270436,24.84566455377512,,,,,,,23.594817085952656,"rgba(239, 83, 80, 0.5)",1.9581550150749183,23.594817085952656,-0.8961584105666512,39.174005721637286,-14.785023933234896,False,False,False,True,True,0.0,0.0,0.0,0.0,0.0,0,0.912636134954755,1.0192660950654562,False,False,False,False,-0.32496640557111345,-0.33195309352412256,False,False,False,False,-809221,-794028.4371157342,False,False,False,False,111966.46031829133,False,False,False,False
2022-05-09 00:00:00+00:00,21.46,21.88,21.0632,21.24,146076,,,,,,,,,,,,,,,,,,,,,,,,,,,,,,,23.320205756444125,24.58194872750523,,,,,,,,,,,,,,,,,,,,,,,,,,,,,,,,21.551976463174476,23.422602030530893,24.787028997700727,,,,,,,23.532752395071093,"rgba(239, 83, 80, 1.0)",1.9553402782133837,23.532752395071093,-1.0600468972924697,39.63800792776076,-14.267254785803622,False,False,False,True,True,0.0,0.0,0.0,0.0,0.0,0,0.8908109677887758,1.0330340504828053,False,False,False,False,-0.32394832657223677,-0.32795071004817966,False,False,False,False,-955297,-800352.6944837447,False,False,False,False,113304.08932541715,False,False,False,False
2022-05-10 00:00:00+00:00,21.87,22.17,21.17,21.92,131501,,,,,,,,,,,,,,,,,,,,,,,,,,,,,,,23.26324442040324,24.535375511261016,,,,,,,,,,,,,,,,,,,,,,,,,,,,,,,,21.592372837272016,23.368390974253792,24.740096047159422,,,,,,,23.499895958069896,"rgba(239, 83, 80, 0.5)",1.9554542984977947,23.499895958069896,-0.8335126826139593,41.367963740415156,-12.535644284029885,False,False,False,True,True,0.0,0.0,0.0,0.0,0.0,0,0.885973957459054,1.0308146087623797,False,False,False,False,-0.2936349947920351,-0.31079285242010735,False,False,False,False,-823796,-801272.0397981076,False,False,False,False,114017.69366559687,False,False,False,False
2022-05-11 00:00:00+00:00,21.56,21.94,21.42,21.75,185811,,,,,,,,,,,,,,,,,,,,,,,,,,,,,,,23.184730534027185,24.469922768045027,,,,,,,,,,,,,,,,,,,,,,,,,,,,,,,,21.603617242779894,23.293274651186564,24.67413259888939,,,,,,,23.44513555898561,"rgba(239, 83, 80, 0.5)",1.9583774125765643,23.44513555898561,-0.9626007463522607,41.68025242991623,-12.139797006086447,False,False,False,True,True,0.0,0.0,0.0,0.0,0.0,1,0.8909095282769239,1.0378869885256545,False,False,False,False,-0.2921213266734938,-0.30145708954680056,False,False,False,False,-1009607,-809442.0382373976,False,False,False,False,116833.1174434166,False,False,False,False
2022-05-12 00:00:00+00:00,22.18,22.41,21.2,21.31,107023,,,,,,,,,,,,,,,,,,,,,,,,,,,,,,,23.15072221968968,24.43727669705809,,,,,,,,,,,,,,,,,,,,,,,,,,,,,,,,21.642687162612084,23.259982342965554,24.64090883632652,,,,,,,23.42631545173038,"rgba(239, 83, 80, 0.5)",1.9396254677011602,23.42631545173038,-0.6425546954729937,44.007391885103615,-9.842446556968511,True,False,False,True,True,0.0,0.0,0.0,0.0,0.0,1,0.8900693170720089,1.0265596341201972,False,False,False,False,-0.27330747467969035,-0.28738228211324546,False,False,False,False,-902584,-813094.6641888722,False,False,False,False,116448.4069554395,False,False,False,False
2022-05-13 00:00:00+00:00,23.3,23.31,22.18,22.57,71257,,,,,,,,,,,,,,,,,,,,,,,,,,,,,,,23.146809636061974,24.424487212954883,,,,,,,,,,,,,,,,,,,,,,,,,,,,,,,,21.737713978799835,23.254702792036202,24.62722732263531,,,,,,,23.43818818849764,#000000,1.92763135236762,23.43818818849764,-0.07168807890985483,48.63250638922818,-5.516505114567224,True,False,False,False,True,0.0,0.0,0.0,0.0,0.0,1,0.9149535142296139,1.0050862293298004,False,False,False,False,-0.13680141241168084,-0.21209184726246316,False,False,False,False,-831327,-813809.6577500929,False,False,False,False,114676.19491797128,False,False,False,False
2022-05-16 00:00:00+00:00,23.72,23.81,23.09,23.3,81045,,,,,,,,,,,,,,,,,,,,,,,,,,,,,,,23.15458016061206,24.41603288398562,,,,,,,,,,,,,,,,,,,,,,,,,,,,,,,,21.877309708141553,23.25980162271421,24.61742804083993,,,,,,,23.465030483258673,#000000,1.9155038666270168,23.465030483258673,0.13310832788361757,52.684330509856856,-1.8948417550822256,True,False,True,False,True,0.0,0.0,0.0,0.0,0.0,0,0.9452602208507721,0.9812016741150599,False,False,False,False,-0.037913464233019174,-0.12500265574774116,False,False,False,False,-750282,-811318.3770540109,False,False,False,False,113357.32452903123,False,False,False,False
2022-05-17 00:00:00+00:00,24.6,24.63,23.54,24.28,116276,,,,,,,,,,,,,,,,,,,,,,,,,,,,,,,23.184966924675276,24.41387696502182,,,,,,,,,,,,,,,,,,,,,,,,,,,,,,,,22.115272418234092,23.284723334545973,24.612822529632837,,,,,,,23.522332434421998,"rgba(38, 166, 154, 0.5)",1.891039563475767,23.522332434421998,0.5698810254383204,57.17850264474088,2.0532925140155527,True,False,True,False,True,0.0,0.0,0.0,0.0,0.0,0,0.9684131420116954,0.9522087315939032,False,False,False,False,0.05047018984772368,-0.03726623295000874,False,False,False,False,-634006,-804364.9505028732,False,False,False,False,113471.78239063785,False,False,False,False
2022-05-18 00:00:00+00:00,23.69,24.53,23.3284,24.36,73455,,,,,,,,,,,,,,,,,,,,,,,,,,,,,,,23.196343077519135,24.40909433674172,,,,,,,,,,,,,,,,,,,,,,,,,,,,,,,,22.218327988546616,23.293503820491814,24.606715532413254,,,,,,,23.54479695114251,#000000,1.8292527593686025,23.54479695114251,0.07937834075352822,57.19767017464062,2.0532925140155527,True,False,True,False,True,0.0,0.0,0.0,0.0,0.0,0,0.9759000850913453,0.9405988012814848,False,False,False,False,0.02876495697926946,-0.004250637985369642,False,False,False,False,-707461,-800564.7955811919,False,False,False,False,111902.49680669126,False,False,False,False
2022-05-19 00:00:00+00:00,24.2,24.56,23.41,23.41,75382,,,,,,,,,,,,,,,,,,,,,,,,,,,,,,,23.21119712678864,24.406056057375444,,,,,,,,,,,,,,,,,,,,,,,,,,,,,,,,22.323994282526286,23.305489322086622,24.602236365864314,,,,,,,23.56979463092826,#000000,1.7361998680975559,23.56979463092826,0.3629797356005373,58.305458145894974,2.832927118250531,True,False,True,False,True,0.0,0.0,0.0,0.0,0.0,0,0.9646380004948347,0.9669721258747135,False,False,False,False,0.036534541796945125,0.01614195190578774,False,False,False,False,-632079,-793957.5094799687,False,False,False,False,110470.32046133082,False,False,False,False
2022-05-20 00:00:00+00:00,24.63,24.63,24.26,24.45,81454,,,,,,,,,,,,,,,,,,,,,,,,,,,,,,,23.23492327715824,24.406984637399038,,,,,,,,,,,,,,,,,,,,,,,,,,,,,,,,22.451630847450573,23.325533244559445,24.60140276873604,,,,,,,23.604094955060667,"rgba(38, 166, 154, 0.5)",1.6313150832689831,23.604094955060667,0.6288822162322724,59.91918436485994,4.388567577732886,True,False,True,False,True,0.0,0.0,0.0,0.0,0.0,0,0.992344402934096,0.9584242190113207,False,False,False,False,0.10084051042517554,0.05849123116548164,False,False,False,False,-550625,-784415.058127813,False,False,False,False,109332.42554127863,False,False,False,False
2022-05-23 00:00:00+00:00,24.54,24.97,24.1745,24.52,36791,,,,,,,,,,,,,,,,,,,,,,,,,,,,,,,23.2458071575562,24.407626097578852,,,,,,,,,,,,,,,,,,,,,,,,,,,,,,,,22.505924512593467,23.334779172341282,24.601246179984457,,,,,,,23.61907662401085,"rgba(38, 166, 154, 0.5)",1.6065194654260437,23.61907662401085,0.5732413430452408,60.67756344270679,5.197039310205334,True,False,True,False,True,0.0,0.0,0.0,0.0,0.0,0,1.0026097463898507,0.9545975628067044,False,False,False,False,0.11875451553704901,0.08862287335126533,False,False,False,False,-587416,-776689.6048678989,False,False,False,False,106487.66375534615,False,False,False,False
2022-05-24 00:00:00+00:00,23.94,24.28,23.5,24.28,132839,,,,,,,,,,,,,,,,,,,,,,,,,,,,,,,23.26482083484854,24.400227947718825,,,,,,,,,,,,,,,,,,,,,,,,,,,,,,,,22.625007617830438,23.34981971680547,24.591542127396785,,,,,,,23.64628364892001,#000000,1.582294684459395,23.64628364892001,0.18562683295642912,59.11869154341196,5.197039310205334,True,False,True,False,True,0.0,0.0,0.0,0.0,0.0,0,0.992483553298766,0.9478621078025489,False,False,False,False,0.02330888509644293,0.055965879223854126,False,False,False,False,-720255,-774476.4831083735,False,False,False,False,107521.04949043061,False,False,False,False
2022-05-25 00:00:00+00:00,23.86,24.09,23.4,23.86,65904,,,,,,,,,,,,,,,,,,,,,,,,,,,,,,,23.272117881526157,24.395741037393584,,,,,,,,,,,,,,,,,,,,,,,,,,,,,,,,22.671885420232165,23.35540328618257,24.5859787174679,,,,,,,23.656225268560473,#000000,1.5539776686280222,23.656225268560473,0.13113105519684573,57.810732876890704,5.197039310205334,True,False,True,False,False,0.0,0.0,0.0,0.0,0.0,0,0.9893254909674464,0.9492660975194359,False,False,False,False,0.0031365019685072487,0.029551190596180686,False,False,False,False,-786159,-774934.6210256922,False,False,False,False,105889.00833394314,False,False,False,False
2022-05-26 00:00:00+00:00,24.76,24.84,23.87,23.87,51125,,,,,,,,,,,,,,,,,,,,,,,,,,,,,,,23.285270103481352,24.396269892948673,,,,,,,,,,,,,,,,,,,,,,,,,,,,,,,,22.727227362011966,23.366627463586312,24.585468916063313,,,,,,,23.672172747618326,"rgba(38, 166, 154, 0.5)",1.5160334446856356,23.672172747618326,0.7175483207148158,59.19698445089065,5.197039310205334,True,False,True,False,False,0.0,0.0,0.0,0.0,0.0,0,0.981530452736306,0.9702774835425325,False,False,False,False,0.0882099868935018,0.05888058874484124,False,False,False,False,-735034,-773369.8907893907,False,False,False,False,103741.40016398458,False,False,False,False
2022-05-27 00:00:00+00:00,25.3,25.84,24.9,24.99,82554,,,,,,,,,,,,,,,,,,,,,,,,,,,,,,25.346666666666664,23.32060080288426,24.40480300125917,,,,,,,,,,,,,,,,,,,,,,,,,,,,,,,,22.849945292539566,23.39775960046304,24.59194212105005,,,,,,,23.985286247477124,"rgba(38, 166, 154, 0.5)",1.441030262075091,23.985286247477124,0.9123429168168076,61.27143215242543,6.053767092680744,True,False,True,False,True,0.0,0.0,0.0,0.0,0.0,0,0.9698398704701806,0.9656882736927964,False,False,False,False,0.23330180151864507,0.14609119513174315,False,False,False,False,-652480,-768629.1107584342,False,False,False,False,102910.52172618128,False,False,False,False
2022-05-31 00:00:00+00:00,25.07,25.43,24.64,25.34,86641,,,,,,,,,,,,,,,,,,,,,,,,,,,,,,25.193043332643793,23.35110017147576,24.410794800454045,,,,,,,,,,,,,,,,,,,,,,,,,,,,,,,,22.952892564365662,23.42452715403366,24.595964627250495,,,,,,,23.988053775037233,"rgba(38, 166, 154, 0.5)",1.3577871239166555,23.988053775037233,0.7968452535046868,61.76513581057701,6.675626226709291,True,False,True,False,True,0.0,0.0,0.0,0.0,0.0,0,0.9450402833913942,0.9910644558743248,False,False,False,False,0.18463349031523502,0.1653623427234891,False,False,False,False,-739121,-767471.9299443779,False,False,False,False,102272.50126633103,False,False,False,False
2022-06-01 00:00:00+00:00,24.73,25.52,24.59,25.5,58826,,,,,,,,,,,,,,,,,,,,,,,,,,,,,,25.12948184597033,23.370015546273727,24.41416982825364,,,,,,,,,,,,,,,,,,,,,,,,,,,,,,,,23.01437600786818,23.441121198129355,24.598058411143356,,,,,,,23.994537139606432,"rgba(38, 166, 154, 0.5)",1.3327124680599756,23.994537139606432,0.5518541155874218,60.793478532914534,6.675626226709291,True,False,True,False,True,0.0,0.0,0.0,0.0,0.0,0,0.9380599248930955,0.9901431314662881,False,False,False,False,0.200208470617921,0.18278540667070503,False,False,False,False,-797947,-768667.0307308729,False,False,False,False,100568.7169029455,False,False,False,False
2022-06-02 00:00:00+00:00,25.34,25.38,24.97,25.03,84472,,,,,,,,,,,,,,,,,,,,,,,,,,,,,,25.15665355703968,23.401148614037993,24.42148205281949,,,,,,,,,,,,,,,,,,,,,,,,,,,,,,,,23.10832757378293,23.46869369699699,24.603430047267103,,,,,,,24.026622590324028,"rgba(38, 166, 154, 0.5)",1.324266215309066,24.026622590324028,0.991777479854719,61.645095755385974,6.8749944769662505,True,False,True,False,True,0.0,0.0,0.0,0.0,0.0,0,0.941508570266009,0.9821982605157419,False,False,False,False,0.2480669530591287,0.21542617986491686,False,False,False,False,-713475,-766502.6373688779,False,False,False,False,99937.47310282999,False,False,False,False
2022-06-03 00:00:00+00:00,24.93,25.33,24.78,25.14,93978,,,,,,,,,,,,,,,,,,,,,,,,,,,,,,25.12351724969309,23.430621847096894,24.4273254664001,,,,,,,,,,,,,,,,,,,,,,,,,,,,,,,,23.194149446265804,23.494734342073517,24.607270096054656,,,,,,,24.046269741264013,"rgba(38, 166, 154, 0.5)",1.309848722439223,24.046269741264013,0.6746811624859163,60.633866501859785,6.8749944769662505,True,False,True,False,True,0.0,0.0,0.0,0.0,0.0,0,0.9524076623663588,0.9729257875196379,False,False,False,False,0.2290445831973924,0.22223538153115463,False,False,False,False,-807453,-768108.5339426474,False,False,False,False,99703.76827526804,False,False,False,False
2022-06-06 00:00:00+00:00,25.44,25.52,25.03,25.03,52653,,,,,,,,,,,,,,,,,,,,,,,,,,,,,,25.147196988177484,23.44987915897559,24.432291234365174,,,,,,,,,,,,,,,,,,,,,,,,,,,,,,,,23.24673224611626,23.511907002419367,24.61104368652572,,,,,,,24.066508386096597,"rgba(38, 166, 154, 1.0)",1.2946431975679626,24.066508386096597,1.0609035883273177,61.24025527175555,6.8749944769662505,True,False,True,False,True,0.21256689527030304,0.0,0.0,0.0,0.0,0,0.9609649748266383,0.9558892130393902,False,False,False,False,0.26405388704195926,0.24314463428655694,False,False,False,False,-754800,-767586.6306507789,False,False,False,False,97858.64010761047,False,False,False,False
2022-06-07 00:00:00+00:00,25.6,25.72,25.13,25.13,75004,,,,,,,,,,,,,,,,,,,,,,,,,,,,,,25.19439835270447,23.47882941701071,24.440463577797228,,,,,,,,,,,,,,,,,,,,,,,,,,,,,,,,23.322511969325042,23.537838643158846,24.61748363740696,,,,,,,24.09858759956721,"rgba(38, 166, 154, 1.0)",1.3059306439649987,24.09858759956721,1.1496877015415465,62.032966537685404,7.812373152969293,True,False,True,False,True,0.7280261160363466,0.0,0.0,0.0,0.0,0,0.9646673789465815,0.952367285610579,False,False,False,False,0.28828687839504247,0.2657157563407997,False,False,False,False,-679796,-764143.8608213365,False,False,False,False,96962.37971123359,False,False,False,False
2022-06-08 00:00:00+00:00,25.29,25.64,25.26,25.64,62505,,,,,,,,,,,,,,,,,,,,,,,,,,,,,,25.215588566729185,23.501316741468457,24.44661962500394,,,,,,,,,,,,,,,,,,,,,,,,,,,,,,,,23.37946848142227,23.557993711077504,24.62224825272227,,,,,,,24.120539229737272,"rgba(38, 166, 154, 0.5)",1.3163222448368186,24.120539229737272,0.8884304545105539,61.24572498288371,7.812373152969293,True,False,True,False,True,0.0,0.0,0.0,0.0,0.0,1,0.9782254866421267,0.9490306083969332,False,False,False,False,0.2923572212853159,0.27903648881305776,False,False,False,False,-742301,-763287.2780440293,False,False,False,False,95611.1099186362,False,False,False,False
2022-06-09 00:00:00+00:00,24.99,25.32,24.99,25.24,47396,,,,,,,,,,,,,,,,,,,,,,,,,,,,,,25.20708206203965,23.51540544811157,24.44979379251298,,,,,,,,,,,,,,,,,,,,,,,,,,,,,,,,23.414563190576832,23.570568537702638,24.624453252269358,,,,,,,24.13031104720217,"rgba(38, 166, 154, 0.5)",1.3225633723469972,24.13031104720217,0.6500172095891631,59.48858611824089,7.812373152969293,True,False,True,False,False,0.0,0.0,0.0,0.0,0.0,1,0.9651564487849397,0.9790442699098034,False,False,False,False,0.2448846678698953,0.2619605783414765,False,False,False,False,-789697,-764322.9534148517,False,False,False,False,93720.32129437596,False,False,False,False
2022-06-10 00:00:00+00:00,23.67,24.51,23.67,24.48,40874,,,,,,,,,,,,,,,,,,,,,,,,,,,,,,25.132061260256318,23.51868345803289,24.44770860863496,,,,,,,,,,,,,,,,,,,,,,,,,,,,,,,,23.423819109380307,23.573218325420704,24.621779394212915,,,,,,,24.119545025989684,#000000,1.3221767065121177,24.119545025989684,-0.3400037406312921,54.012964175495355,8.238262625636274,True,False,True,False,False,0.0,0.0,0.0,0.0,0.0,1,0.933476191286962,0.9930679029311824,False,False,False,False,0.11153875654475219,0.18674966744311436,False,False,False,False,-830571,-766920.916026034,False,False,False,False,91647.91653773376,False,False,False,False
2022-06-13 00:00:00+00:00,23.29,23.64,23.0,23.17,127985,,,,,,,,,,,,,,,,,,,,,,,,,,,,,,24.845187163955348,23.513868548311013,24.43303760810205,,,,,,,,,,,,,,,,,,,,,,,,,,,,,,,,23.417974641004797,23.567585692970905,24.60569512796729,,,,,,,24.063891463718566,"rgba(239, 83, 80, 0.5)",1.3232935705556277,24.063891463718566,-0.5848222049424929,49.38536493712665,4.074705975432991,False,False,False,False,False,0.0,0.0,0.0,0.0,0.0,0,0.9362249618213261,1.0119655294068304,False,False,False,False,-0.01287040444212376,0.0869396315004953,False,False,False,False,-958556,-774436.0173583465,False,False,False,False,93072.90020292067,False,False,False,False
2022-06-14 00:00:00+00:00,23.16,23.76,23.07,23.53,47713,,,,,,,,,,,,,,,,,,,,,,,,,,,,,,24.761182933012318,23.51230047781931,24.42776028294215,,,,,,,,,,,,,,,,,,,,,,,,,,,,,,,,23.416322184998247,23.56570532718484,24.59989036715719,,,,,,,24.04719359551901,"rgba(239, 83, 80, 0.5)",1.3235012669444604,24.04719359551901,-0.6703383046751844,45.96616324087463,1.1324300779194516,False,False,False,True,False,0.0,0.0,0.0,0.0,0.0,0,0.9481566678406329,0.9833756535831006,False,False,False,False,0.002422620470286584,0.044681125985390945,False,False,False,False,-1006269,-783527.5068737054,False,False,False,False,91294.08058711987,False,False,False,False
2022-06-15 00:00:00+00:00,23.48,23.78,22.94,23.19,65973,,,,,,,,,,,,,,,,,,,,,,,,,,,,,,24.664265340203084,23.510991663598734,24.42100596774497,,,,,,,,,,,,,,,,,,,,,,,,,,,,,,,,23.41590899976926,23.563911580125932,24.59238823649065,,,,,,,24.028078631322103,#000000,1.3215216045722975,24.028078631322103,-0.4147330088481488,44.97212253949378,0.4089171608597084,False,True,False,True,False,0.0,0.0,0.0,0.0,0.0,0,0.9433704066766413,0.9886986494886141,False,False,False,False,-0.006430915304541157,0.019125105340424893,False,False,False,False,-940296,-789675.2909178738,False,False,False,False,90301.0970346838,False,False,False,False
2022-06-16 00:00:00+00:00,22.46,22.95,22.35,22.9,71631,,,,,,,,,,,,,,,,,,,,,,,,,,,,,,24.515177256508764,23.499441323945177,24.40800977806426,,,,,,,,,,,,,,,,,,,,,,,,,,,,,,,,23.393726672985327,23.55255916392199,24.578864079299915,,,,,,,23.991296379120907,"rgba(239, 83, 80, 1.0)",1.3301663920843212,23.991296379120907,-1.1512066371797456,41.705293142437014,-2.54883200903506,False,True,False,True,False,0.0,0.0,0.0,0.0,0.0,0,0.9181391439064978,0.9995112784710833,False,False,False,False,-0.12131234193346811,-0.051093618296521606,False,False,False,False,-1011927,-798391.0442152122,False,False,False,False,89568.93636665698,False,False,False,False
2022-06-17 00:00:00+00:00,22.54,22.77,22.065,22.43,80108,,,,,,,,,,,,,,,,,,,,,,,,,,,,,,24.362374078769335,23.485092590770194,24.392683162480086,,,,,,,,,,,,,,,,,,,,,,,,,,,,,,,22.458333333333336,23.366556458624846,23.538525828143985,24.56299336790285,,,,,,,23.738079831432092,"rgba(239, 83, 80, 0.5)",1.3334939272655293,23.738079831432092,-0.8984516591604452,39.86102282830622,-4.184381718362673,False,True,False,True,False,0.0,0.0,0.0,0.0,0.0,0,0.9230640209440881,0.9837133946390328,False,False,False,False,-0.15948521459427117,-0.10528941644539638,False,False,False,False,-931819,-803623.5130695177,False,False,False,False,89197.91925423907,False,False,False,False
2022-06-21 00:00:00+00:00,23.15,23.57,22.85,22.85,26964,,,,,,,,,,,,,,,,,,,,,,,,,,,,,,24.333773198935653,23.48372997166889,24.389509244141962,,,,,,,,,,,,,,,,,,,,,,,,,,,,,,,22.642589347977683,23.364846973445054,23.537027777064875,24.559543233637648,,,,,,,23.75871710669597,#000000,1.334241330467588,23.75871710669597,-0.45622714031999256,41.07066717315648,-4.184381718362673,False,True,False,True,False,0.0,0.0,0.0,0.0,0.0,0,0.9447223016672234,0.9557778413337786,False,False,False,False,-0.03058611291279746,-0.06793776467909693,False,False,False,False,-904855,-807593.3753020857,False,False,False,False,86757.37340113166,False,False,False,False
2022-06-22 00:00:00+00:00,23.66,23.88,22.86,22.86,62392,,,,,,,,,,,,,,,,,,,,,,,,,,,,,,24.287441138427642,23.48354958342307,24.383908150996387,,,,,,,,,,,,,,,,,,,,,,,,,,,,,,,22.945992029772302,23.367078158270076,23.53633487653371,24.553225440976323,,,,,,,23.793932768342785,#000000,1.334283463271711,23.793932768342785,-0.10037804711629769,43.67372109119634,-4.184381718362673,False,True,False,True,True,0.0,0.0,0.0,0.0,0.0,0,0.9509968338245544,0.9440983298483997,False,False,False,False,-0.004821147208376938,-0.036379455943736934,False,False,False,False,-842463,-808960.8115647489,False,False,False,False,85801.8685618716,False,False,False,False
2022-06-23 00:00:00+00:00,24.45,24.56,23.73,23.76,46549,,,,,,,,,,,,,,,,,,,,,,,,,,,,,,24.285877983470293,23.489521390197382,24.38328949405728,,,,,,,,,,,,,,,,,,,,,,,,,,,,,,,23.226276566688114,23.38122703589564,23.541515735163305,24.551908942423612,,,,,,,23.83708816398509,#000000,1.33451512941241,23.83708816398509,0.4592767983715372,47.79126560821264,-8.594294198638984,False,False,False,False,True,0.0,0.0,0.0,0.0,0.0,0,0.965922302850499,0.929957951187531,False,False,False,False,0.12051197653075747,0.042066260293510266,False,False,False,False,-795914,-808449.1718955431,False,False,False,False,84262.54038297466,False,False,False,False
2022-06-24 00:00:00+00:00,25.58,25.73,24.76,24.81,107860,,,,,,,,,,,,,,,,,,,,,,,,,,,,,,24.373236874072482,23.522774963315836,24.3933514626455,,,,,,,,,,,,,,,,,,,,,,,,,,,,,,,23.935764162701634,23.452211492000856,23.571682239140767,24.559838001333432,,,,,,,23.972694170744358,"rgba(38, 166, 154, 1.0)",1.347884201190818,23.972694170744358,1.1924658125940126,53.1791408419753,-3.6485481600622762,True,False,True,False,True,1.684628528352512,0.0,0.0,0.0,0.0,0,0.9804665245063727,0.9118668189037537,False,False,False,False,0.3062270122038494,0.17414663624867982,False,False,False,False,-688054,-803727.7926055219,False,False,False,False,85187.93095619135,False,False,False,False
2022-06-27 00:00:00+00:00,25.3,26.03,25.16,25.75,55611,,,,,,,,,,,,,,,,,,,,,,,,,,,,,,24.418584593475014,23.540735284980727,24.399200618350008,,,,,,,,,,,,,,,,,,,,,,,,,,,,,,,24.164504634363148,23.489399672398033,23.58803662661827,24.564572961766608,,,,,,,24.0235763417074,"rgba(38, 166, 154, 0.5)",1.358269261739872,24.0235763417074,0.9397427257225628,55.772460928759656,-1.3887142159991512,True,False,True,False,True,0.8004427651253074,0.0,0.0,0.0,0.0,0,0.9868430467810474,0.9055930900604989,False,False,False,False,0.3428282369680406,0.2584874366083602,False,False,False,False,-743665,-801372.3889739328,False,False,False,False,84028.05131085051,False,False,False,False
2022-06-28 00:00:00+00:00,25.56,25.72,25.22,25.3,85137,,,,,,,,,,,,,,,,,,,,,,,,,,,,,,24.481523359579334,23.567652715955234,24.40806296662501,,,,,,,,,,,,,,,,,,,,,,,,,,,,,,,24.409220368142346,23.543872770093635,23.612585523541657,24.571755471437363,,,,,,,24.084953310767794,"rgba(38, 166, 154, 1.0)",1.3729592948172988,24.084953310767794,1.0743557327593536,58.095560251082176,0.7081274288167165,True,False,True,False,True,1.602317971142341,0.0,0.0,0.0,0.0,0,0.9893649241326055,0.9121450254432633,False,False,False,False,0.3211715002856014,0.28982946844698076,False,False,False,False,-658528,-795770.648229857,False,False,False,False,84071.53949473872,False,False,False,False
2022-06-29 00:00:00+00:00,25.2,25.6,25.16,25.6,43160,,,,,,,,,,,,,,,,,,,,,,,,,,,,,,24.505553232234565,23.579772908230648,24.41176977112812,,,,,,,,,,,,,,,,,,,,,,,,,,,,,,,24.486634152649792,23.567936845165665,23.62362724521873,24.574656725295036,,,,,,,24.107135839988935,"rgba(38, 166, 154, 0.5)",1.3773626711683151,24.107135839988935,0.7934469133565732,58.284395812406295,0.9293097734915818,True,False,True,False,True,0.45027317857717364,0.0,0.0,0.0,0.0,0,1.0074936011671285,0.9065641604473681,False,False,False,False,0.3057581334449262,0.2977938009459535,False,False,False,False,-701688,-792081.1326129999,False,False,False,False,82467.16539690584,False,False,False,False
2022-06-30 00:00:00+00:00,25.07,25.22,24.47,24.95,46362,,,,,,,,,,,,,,,,,,,,,,,,,,,,,,24.51793098583565,23.58965693033345,24.413979219754616,,,,,,,,,,,,,,,,,,,,,,,,,,,,,,,24.52289141370849,23.587332200128756,23.6325706312138,24.576089140089152,,,,,,,24.120064360151986,"rgba(38, 166, 154, 0.5)",1.3722140063704593,24.120064360151986,0.6922649349430693,57.9179458266336,0.9293097734915818,True,False,True,False,True,0.03445548535425402,0.0,0.0,0.0,0.0,0,0.9918153735346593,0.9104368018221317,False,False,False,False,0.21672559752894457,0.257259699237449,False,False,False,False,-748050,-790354.4215301372,False,False,False,False,81051.27655781149,False,False,False,False
2022-07-01 00:00:00+00:00,25.59,25.81,25.12,25.12,32685,,,,,,,,,,,,,,,,,,,,,,,,,,,,,,24.53831972583536,23.599572411633098,24.41731791425847,,,,,,,,,,,,,,,,,,,,,,,,,,,,,,,24.577685483083055,23.606548409054962,23.641641379832716,24.578802382391764,,,,,,,24.13712681515563,"rgba(38, 166, 154, 1.0)",1.3826361164929177,24.13712681515563,1.0507993878603512,59.09704309985945,2.175062718208963,True,False,True,False,True,1.6836686365604656,0.0,0.0,0.0,0.0,0,0.996969915926821,0.9025711428777875,False,False,False,False,0.3203113814938618,0.2887855403656554,False,False,False,False,-715365,-787413.6599015044,False,False,False,False,79154.55983005418,False,False,False,False
2022-07-05 00:00:00+00:00,25.54,25.63,24.58,25.03,154197,,,,,,,,,,,,,,,,,,,,,,,,,,,,,,24.601416017433003,23.638886044329634,24.429150286242706,,,,,,,,,,,,,,,,,,,,,,,,,,,,,,,24.71758478683805,23.680672286432387,23.67754651223563,24.587909497226452,,,,,,,24.190452204391125,"rgba(38, 166, 154, 0.5)",1.3904528654978412,24.190452204391125,0.9705814767951007,59.66926668334662,3.0563727960066984,True,False,True,False,True,1.5185020725604446,0.0,0.0,0.0,0.0,0,0.9994173594263085,0.9021163836198762,False,False,False,False,0.25948955613054325,0.2741375482480993,False,False,False,False,-869562,-790635.1634347788,False,False,False,False,82097.40062103244,False,False,False,False
2022-07-06 00:00:00+00:00,25.88,25.99,25.55,25.6,66588,,,,,,,,,,,,,,,,,,,,,,,,,,,,,,24.645858608121085,23.660957833379715,24.437551703539203,,,,,,,,,,,,,,,,,,,,,,,,,,,,,,,24.807380003376203,23.72128910982664,23.697876033512326,24.595009039889497,,,,,,,24.223703190234954,"rgba(38, 166, 154, 1.0)",1.3926239799563758,24.223703190234954,1.189335264654088,60.99680365314378,4.671616580684756,True,False,True,False,True,2.6005275601600175,0.0,0.0,0.0,0.0,0,1.0419533281009516,0.8696618514616495,False,False,False,False,0.34282823765881376,0.30848289295345654,False,False,False,False,-802974,-791119.039378513,False,False,False,False,81489.18883197235,False,False,False,False
2022-07-07 00:00:00+00:00,27.2,27.26,25.85,26.04,77151,,,,,,,,,,,,,,,,,,,,,,,,,,,,,,24.7328911787714,23.697207253585198,24.45391818302395,,,,,,,,,,,,,,,,,,,,,,,,,,,,,,,24.978519533645883,23.787312405487793,23.731491031696045,24.6095902946585,,,,,,,24.28441855440982,"rgba(0, 255, 0, 1.0)",1.4149380020161786,24.28441855440982,2.0605718705948224,64.74409417945576,8.482128936595224,True,False,True,False,True,6.591150676151436,0.0,0.0,0.0,0.0,0,1.0543451754722108,0.8325518311304958,False,False,False,False,0.3428282401859343,0.3256555665696954,False,False,False,False,-725823,-788558.4103832772,False,False,False,False,81319.06377973814,False,False,False,False
2022-07-08 00:00:00+00:00,27.14,27.41,26.82,26.99,34240,,,,,,,,,,,,,,,,,,,,,,,,,,,,,,24.775582789009093,23.714844408760694,24.462205257052155,,,,,,,,,,,,,,,,,,,,,,,,,,,,,,,25.058430420324612,23.819070014867897,23.7478825180427,24.617047228408858,,,,,,,24.313580376638004,"rgba(0, 255, 255, 0.75)",1.4447410316899822,24.313580376638004,1.9563503502463684,66.96118323810359,10.732308100989698,True,False,True,False,True,6.383089653239594,0.0,0.0,0.0,0.0,0,1.0756940751971875,0.8267859506223865,False,False,False,False,0.34282824156813013,0.33424190406891274,False,False,False,False,-760063,-787440.9433094233,False,False,False,False,79472.82598445429,False,False,False,False
2022-07-11 00:00:00+00:00,26.89,27.07,26.36,26.79,46975,,,,,,,,,,,,,,,,,,,,,,,,,,,,,,24.82336055922799,23.736293491145375,24.472006843321434,,,,,,,,,,,,,,,,,,,,,,,,,,,,,,,25.141825156999616,23.857156069715856,23.767809243172497,24.625787298564678,,,,,,,24.346319808878206,"rgba(0, 255, 255, 0.75)",1.468695406882647,24.346319808878206,1.7319317396932812,67.23055874523675,11.17523919866121,True,False,True,False,True,5.510196194737222,0.0,0.0,0.0,0.0,0,1.0631095679190716,0.8351753775593473,False,False,False,False,0.2922530530313584,0.31324747855013557,False,False,False,False,-807038,-788209.4553365047,False,False,False,False,78198.40143604433,False,False,False,False
2022-07-12 00:00:00+00:00,27.18,27.32,26.76,26.94,62828,,,,,,,,,,,,,,,,,,,,,,,,,,,,,,24.893512584039957,23.767426914306586,24.486754312837306,,,,,,,,,,,,,,,,,,,,,,,,,,,,,,,25.26059427731991,23.911897406574052,23.796790143789025,24.63905627032742,,,,,,,24.39371884417061,"rgba(0, 255, 255, 0.75)",1.5080419498550124,24.39371884417061,1.847615151619138,68.06401413552778,12.2279680094845,True,False,True,False,True,6.381362499508594,0.0,0.0,0.0,0.0,0,1.0697541693969432,0.8489833975682333,False,False,False,False,0.33322303917114227,0.3232352588606389,False,False,False,False,-744210,-786483.986499779,False,False,False,False,77595.64059541514,False,False,False,False
2022-07-13 00:00:00+00:00,27.02,27.165,26.69,26.78,116067,,,,,,,,,,,,,,,,,,,,,,,,,,,,,,25.005341196008175,23.82128006405998,24.512242004573054,,,,,,,,,,,,,,,,,,,,,,,,,,,,,,,25.432710579213666,24.00439607404832,23.846981386197037,24.661930712022816,,,,,,,24.46926885944615,"rgba(0, 255, 255, 0.75)",1.5408325233018836,24.46926885944615,1.6554240009730796,67.79168836693404,12.247334027934322,True,False,True,False,True,5.811005985424853,0.0,0.0,0.0,0.0,0,1.0779896222129823,0.8488275119507981,False,False,False,False,0.31892504700064805,0.3210801529306435,False,False,False,False,-860277,-789377.8301664544,False,False,False,False,79104.32135637925,False,False,False,False
2022-07-14 00:00:00+00:00,26.66,26.93,26.15,26.36,72860,,,,,,,,,,,,,,,,,,,,,,,,,,,,,,25.057115924671212,23.85020072166753,24.52554145806644,,,,,,,,,,,,,,,,,,,,,,,,,,,,,,,25.501355707951543,24.05256901285075,23.873949165503443,24.673732886563947,,,,,,,24.50492355389641,"rgba(38, 166, 154, 1.0)",1.5657922267329345,24.50492355389641,1.3763489237650712,65.79403636736015,12.247334027934322,True,False,True,False,True,4.531283261290376,0.0,0.0,0.0,0.0,0,1.0715427571919105,0.8242495059630911,False,False,False,False,0.27058904461295286,0.2958345987717982,False,False,False,False,-933137,-795015.4446697307,False,False,False,False,78859.44600907026,False,False,False,False
2022-07-15 00:00:00+00:00,27.11,27.14,26.7,27.07,51027,,,,,,,,,,,,,,,,,,,,,,,,,,,,,,25.100473035325628,23.87303636632383,24.53656289399328,,,,,,,,,,,,,,,,,,,,,,,,,,,,,,,25.56095784916676,24.090462448469676,23.89528929009515,24.68364298510805,,,,,,,24.534346409783193,"rgba(0, 255, 255, 0.75)",1.6032531455289996,24.534346409783193,1.6065170976894976,65.73863801530155,12.247334027934322,True,False,True,False,True,5.926497136232452,0.0,0.0,0.0,0.0,0,1.0825388027931797,0.8156912117078485,False,False,False,False,0.31797637587375516,0.30690548732277667,False,False,False,False,-882110,-798430.9174277806,False,False,False,False,77767.97753812633,False,False,False,False
2022-07-18 00:00:00+00:00,27.28,27.55,27.11,27.25,55997,,,,,,,,,,,,,,,,,,,,,,,,,,,,,,25.15381591599464,23.90033465014238,24.550160605865297,,,,,,,,,,,,,,,,,,,,,,,,,,,,,,,25.635030072159093,24.13555158083327,23.92084019411279,24.695967512368277,,,,,,,24.570242933067963,"rgba(0, 255, 255, 0.75)",1.634059853127659,24.570242933067963,1.6582973149639837,66.1598597097858,12.247334027934322,True,False,True,False,True,6.44969282987547,0.0,0.0,0.0,0.0,0,1.0992526433118706,0.809110933264989,False,False,False,False,0.34282824203002243,0.3248668646763996,False,False,False,False,-826113,-799516.4892933578,False,False,False,False,76914.21371310177,False,False,False,False
2022-07-19 00:00:00+00:00,27.14,27.7,27.0,27.69,51553,,,,,,,,,,,,,,,,,,,,,,,,,,,,,,25.199977393989624,23.924844533439465,24.562412369136563,,,,,,,,,,,,,,,,,,,,,,,,,,,,,,,25.696646330904382,24.17553727168141,23.94380008739378,24.707069045814627,,,,,,,24.601469576051407,"rgba(0, 255, 255, 0.75)",1.6580747872155774,24.601469576051407,1.5310108105627578,65.65992335600183,12.247334027934322,True,False,True,False,False,5.934535837363477,0.0,0.0,0.0,0.0,0,1.104968608638062,0.8033915867728604,False,False,False,False,0.3428282418298781,0.33384755325313886,False,False,False,False,-877666,-802581.175987736,False,False,False,False,75919.65631258798,False,False,False,False
2022-07-20 00:00:00+00:00,27.88,27.91,27.05,27.05,40437,,,,,,,,,,,,,,,,,,,,,,,,,,,,,,25.240387652126838,23.94570757118929,24.573115017480887,,,,,,,,,,,,,,,,,,,,,,,,,,,,,,,25.75135265293005,24.20948845176651,23.96336837756274,24.716829815100326,,,,,,,24.62860707687952,"rgba(0, 255, 255, 0.75)",1.712307857307844,24.62860707687952,1.8988366544275777,67.31651519202097,13.02729955928018,True,False,True,False,False,8.212885805641815,0.0,0.0,0.0,0.0,0,1.1102734135637538,0.8033932952772217,False,False,False,False,0.3428282420883584,0.3383378976707486,False,False,False,False,-837229,-803939.9141842953,False,False,False,False,74528.17959444727,False,False,False,False
2022-07-21 00:00:00+00:00,28.19,28.34,27.65,27.72,45697,,,,,,,,,,,,,,,,,,,,,,,,,,,,,,25.29275098110933,23.971839159670388,24.58688357371248,,,,,,,,,,,,,,,,,,,,,,,,,,,,,,,25.823490926724315,24.25198776007021,23.987908029176257,24.729470511105845,,,,,,,24.663475848795542,"rgba(0, 255, 255, 0.75)",1.7736797704004825,24.663475848795542,1.9882530150345,69.12794022280406,14.941168647645142,True,False,True,False,True,9.141584165541104,0.0,0.0,0.0,0.0,0,1.1172611685302658,0.7841078490173485,False,False,False,False,0.34282824270539236,0.3405830701880705,False,False,False,False,-791532,-803453.329314323,False,False,False,False,73397.54510054739,False,False,False,False
2022-07-22 00:00:00+00:00,27.49,28.48,27.45,28.11,76310,,,,,,,,,,,,,,,,,,,,,,,,,,,,,27.80666666666667,25.368367824088676,24.0120856714081,24.607975529457903,,,,,,,,,,,,,,,,,,,,,,,,,,,,,,,25.921840657977828,24.316319576209988,24.025729180094213,24.748778094615314,,,,,,,25.10097040006484,"rgba(38, 166, 154, 1.0)",1.811389521886438,25.10097040006484,1.3188933529035487,66.64712467697159,14.941168647645142,True,False,True,False,False,6.5293841224517735,0.0,0.0,0.0,0.0,0,1.1095441421860581,0.7879991345888427,False,False,False,False,0.3393137455688502,0.33994840787846037,False,False,False,False,-867842,-805978.3752235653,False,False,False,False,73511.75901817299,False,False,False,False
2022-07-25 00:00:00+00:00,27.36,27.62,27.18,27.62,29832,,,,,,,,,,,,,,,,,,,,,,,,,,,,,27.688622537104383,25.391825077762437,24.02587442446704,24.615073278981185,,,,,,,,,,,,,,,,,,,,,,,,,,,,,,,25.94969929093297,24.337889668877963,24.038691884731875,24.755232647188546,,,,,,,25.1003636012558,"rgba(38, 166, 154, 1.0)",1.8462174430025367,25.1003636012558,1.2239275537714083,64.37361210785272,18.665700039590817,True,False,True,False,False,6.052534345981147,0.0,0.0,0.0,0.0,0,1.0968053004951144,0.8032746853516262,False,False,False,False,0.2731559007799123,0.30655215432918637,False,False,False,False,-897674,-809574.2820775431,False,False,False,False,71798.82729197013,False,False,False,False
2022-07-26 00:00:00+00:00,27.12,27.315,27.065,27.28,56792,,,,,,,,,,,,,,,,,,,,,,,,,,,,,27.506690479989853,25.430244584634355,24.050117289433242,24.627421087642627,,,,,,,,,,,,,,,,,,,,,,,,,,,,,,,25.99222107274673,24.37522312350003,24.061491425441915,24.766413413128827,,,,,,,25.101227809564698,"rgba(38, 166, 154, 1.0)",1.874068830641489,25.101227809564698,1.0772134712599017,61.70790015967033,16.162644036788507,True,False,True,False,False,5.1692167616383,0.0,0.0,0.0,0.0,0,1.1005938735908567,0.8172990863679362,False,False,False,False,0.23920241719912932,0.2728772857641578,False,False,False,False,-954466,-815256.3102313649,False,False,False,False,71210.32426091247,False,False,False,False
2022-07-27 00:00:00+00:00,27.52,27.69,27.04,27.25,33481,,,,,,,,,,,,,,,,,,,,,,,,,,,,,27.49134497534981,25.455274983863777,24.065367267508368,24.635355946217352,,,,,,,,,,,,,,,,,,,,,,,,,,,,,,,26.0209708544824,24.398704551708157,24.07584721616084,24.773637938389857,,,,,,,25.11456296671007,"rgba(38, 166, 154, 1.0)",1.9077501961239018,25.11456296671007,1.2608763129351046,61.321135154657284,15.79732208100944,True,False,True,False,False,6.4399203736930595,0.0,0.0,0.0,0.0,0,1.0758962338430083,0.8285880977151103,False,False,False,False,0.2612351642658202,0.26705622501498905,False,False,False,False,-920985,-819402.5333595467,False,False,False,False,69730.74291734728,False,False,False,False
2022-07-28 00:00:00+00:00,28.02,28.03,27.43,27.63,30531,,,,,,,,,,,,,,,,,,,,,,,,,,,,,27.536455735431925,25.482213913475093,24.080840266072272,24.643613263464353,,,,,,,,,,,,,,,,,,,,,,,,,,,,,,,26.053603737480948,24.422669502802798,24.090424932181882,24.781208310224475,,,,,,,25.136378707641718,"rgba(38, 166, 154, 1.0)",1.9514044376497797,25.136378707641718,1.4777158628537501,62.591363060409165,15.79732208100944,True,False,True,False,False,7.995125526284852,0.0,0.0,0.0,0.0,0,1.0626665389166972,0.8321986891817357,False,False,False,False,0.3080278022052151,0.28754201361010207,False,False,False,False,-890454,-822188.8653846625,False,False,False,False,68193.49809705916,False,False,False,False
2022-07-29 00:00:00+00:00,27.69,28.13,27.51,28.13,114289,,,,,,,,,,,,,,,,,,,,,,,,,,,,,27.616908992336658,25.57580473205241,24.13689014812487,24.673668133426396,,,,,,,,,,,,,,,,,,,,,,,,,,,,,,,26.162784489672966,24.50820518208004,24.14328620382954,24.808756965667335,,,,,,,25.20328810589878,"rgba(38, 166, 154, 1.0)",1.9842002677912014,25.20328810589878,1.2532565056396319,61.74919108087431,15.79732208100944,True,False,True,False,False,6.746298384144598,0.0,0.0,0.0,0.0,0,1.0537393406051834,0.8490055600556793,False,False,False,False,0.3197620900944245,0.3036520518522633,False,False,False,False,-1004743,-829347.8510558523,False,False,False,False,70001.16483835096,False,False,False,False
2022-08-01 00:00:00+00:00,27.58,27.58,26.68,27.35,54392,,,,,,,,,,,,,,,,,,,,,,,,,,,,,27.570589722137264,25.608257673071158,24.159413342368435,24.685512972228107,,,,,,,,,,,,,,,,,,,,,,,,,,,,,,,26.195489135153718,24.54144333976725,24.164548267641017,24.819526240345546,,,,,,,25.21809758658906,"rgba(38, 166, 154, 1.0)",2.014076472241312,25.21809758658906,1.172697484908583,60.63246448145739,14.979620899132826,True,False,True,False,False,6.330049150072373,0.0,0.0,0.0,0.0,1,1.0367317311372424,0.8587850232938724,False,False,False,False,0.23170150049575877,0.26767677617401103,False,False,False,False,-1059135,-838359.11179876,False,False,False,False,69389.04072704307,False,False,False,False
2022-08-02 00:00:00+00:00,26.67,27.5,26.53,27.5,195280,,,,,,,,,,,,,,,,,,,,,,,,,,,,,27.34897657330172,25.690920864878706,24.228152595875073,24.721065167329755,,,,,,,,,,,,,,,,,,,,,,,,,,,,,,26.9,26.262490254147043,24.638793963795152,24.229537257194686,24.851575187132674,,,,,,,25.430167984850538,"rgba(38, 166, 154, 0.5)",2.0283974324929805,25.430167984850538,0.6112372236764574,55.96513028043471,10.532642848047693,False,False,True,False,False,2.9782242440344504,0.0,0.0,0.0,0.0,1,1.0285823927167828,0.8592052506914026,False,False,False,False,0.21739528002142697,0.24253602809771901,False,False,False,False,-1254415,-854675.0289831224,False,False,False,False,74325.94109068844,False,False,False,False
2022-08-03 00:00:00+00:00,27.29,27.41,26.75,26.88,46025,,,,,,,,,,,,,,,,,,,,,,,,,,,,,27.33459843436976,25.712600393360585,24.24532357511214,24.730221150529793,,,,,,,,,,,,,,,,,,,,,,,,,,,,,,26.947683429684425,26.281947281661814,24.662987890273712,24.24579923615141,24.8598898362112,,,,,,,25.446783469706094,"rgba(38, 166, 154, 0.5)",2.050603057859046,25.446783469706094,0.898865591382827,55.18781860578332,9.846256901306859,False,False,True,False,False,4.984311748081083,0.0,0.0,0.0,0.0,1,1.0112874223989707,0.8640259348216981,False,False,False,False,0.22547027915383,0.2340031536257745,False,False,False,False,-1208390,-868546.2043171177,False,False,False,False,73216.10026360262,False,False,False,False
2022-08-04 00:00:00+00:00,28.17,28.18,27.25,27.25,61263,,,,,,,,,,,,,,,,,,,,,,,,,,,,,27.381284669755583,25.754376600202498,24.27343142629382,24.745879921775707,,,,,,,,,,,,,,,,,,,,,,,,,,,,,,27.133756213479284,26.32688057165161,24.70355213463146,24.272439085221702,24.874298810512116,,,,,,,25.496211048169307,"rgba(38, 166, 154, 1.0)",2.0826751508057497,25.496211048169307,1.2838242924232584,57.297499915005446,9.846256901306859,False,False,True,False,False,7.69931551127981,0.0,0.0,0.0,0.0,1,1.0265629087104367,0.8532566047606591,False,False,False,False,0.3060801373250167,0.2700416454753956,False,False,False,False,-1147127,-879470.941402721,False,False,False,False,72747.35123365743,False,False,False,False
2022-08-05 00:00:00+00:00,29.38,29.735,27.83,28.04,96060,,,,,,,,,,,,,,,,,,,,,,,,,,,,,27.574840510919035,25.84962161773283,24.330043211081904,24.7787811277349,,,,,,,,,,,,,,,,,,,,,,,,,,,,,,27.57905929839349,26.439885735070384,24.786834553873216,24.326146184833796,24.90493174958418,,,,,,,25.618904887691524,"rgba(0, 255, 255, 0.75)",2.146421635615381,25.618904887691524,1.752262952395262,61.32800643054682,6.280512691478513,True,False,True,False,True,11.171981839336798,0.0,0.0,0.0,0.0,0,1.064714157820693,0.8057296329453895,False,False,False,False,0.3428282427789821,0.30643494412718886,False,False,False,False,-1051067,-886200.1986026143,False,False,False,False,73661.57275390616,False,False,False,False
2022-08-08 00:00:00+00:00,30.12,30.21,29.32,29.56,82071,,,,,,,,,,,,,,,,,,,,,,,,,,,,,27.791038951257864,25.948828430790833,24.38651186920293,24.812433055090658,,,,,,,,,,,,,,,,,,,,,,,,,,,,,,27.972474043008205,26.560721502162174,24.87021345327888,24.37977188592134,24.936453012801916,,,,,,,25.739827355946087,"rgba(0, 255, 255, 0.75)",2.226036553774153,25.739827355946087,1.967700232337835,65.2493183706125,9.821154806418221,True,False,True,False,True,13.163164514090631,0.0,0.0,0.0,0.0,0,1.1048479450311743,0.7897951393307037,False,False,False,False,0.342828244334991,0.3246315942310899,False,False,False,False,-968996,-889447.0927750609,False,False,False,False,73991.3542145373,False,False,False,False
2022-08-09 00:00:00+00:00,30.32,30.38,29.65,30.09,52044,,,,,,,,,,,,,,,,,,,,,,,,,,,,,27.921412583345003,26.012832471235537,24.423224286181387,24.83451534334485,,,,,,,,,,,,,,,,,,,,,,,,,,,,,,28.18194157407981,26.638128415763383,24.924083657828056,24.41466392300459,24.957168829768857,,,,,,,25.811996787172387,"rgba(0, 255, 255, 0.75)",2.2983592032202003,25.811996787172387,1.9614006402965694,68.17489516627158,12.389361811773625,True,False,True,False,True,13.690635721345195,0.0,0.0,0.0,0.0,0,1.1021897810218975,0.8035599948777051,False,False,False,False,0.34282824466669215,0.333729919448891,False,False,False,False,-916952,-890525.7165878037,False,False,False,False,73130.67365710447,False,False,False,False
2022-08-10 00:00:00+00:00,31.03,31.29,30.64,30.65,146400,,,,,,,,,,,,,,,,,,,,,,,,,,,,,28.338946751397973,26.218796494240195,24.539420317896695,24.905728854990826,,,,,,,,,,,,,,,,,,,,,,,,,,,,,,28.78654436547237,26.88904369094985,25.094277807949297,24.525211739370494,25.02424182780464,,,,,,,26.035801316674704,"rgba(0, 255, 0, 1.0)",2.3727452075222457,26.035801316674704,2.1048187843736166,71.15885314434139,15.037192419362796,True,False,True,False,True,15.528291621186373,0.0,0.0,0.0,0.0,0,1.096828046744574,0.8109669962758443,False,False,False,False,0.34282824575019827,0.33827908259954464,False,False,False,False,-770552,-885820.8649569094,False,False,False,False,76003.98057251214,False,False,False,False
2022-08-11 00:00:00+00:00,31.37,31.42,30.88,31.2,46707,,,,,,,,,,,,,,,,,,,,,,,,,,,,,28.45907497880028,26.28405015558261,24.57695954083386,24.92897376333899,,,,,,,,,,,,,,,,,,,,,,,,,,,,,,28.943346876076326,26.967390354017393,25.14868408812352,24.560965516988514,25.046164673708898,,,,,,,26.10173443860782,"rgba(0, 255, 0, 1.0)",2.4568839709776302,26.10173443860782,2.144287489203595,73.59924343501027,17.21084119866933,True,False,True,False,True,16.386766426915607,0.0,0.0,0.0,0.0,0,1.1103786997544265,0.7957864805480163,False,False,False,False,0.34282824593377237,0.3405536642666585,False,False,False,False,-723845,-879468.8702527169,False,False,False,False,74855.0793735901,False,False,False,False
2022-08-12 00:00:00+00:00,31.48,31.52,31.1,31.35,37948,,,,,,,,,,,,,,,,,,,,,,,,,,,,31.36666666666667,28.55424050427295,26.33732947475766,24.607801021590312,24.94816116828817,,,,,,,,,,,,,,,,,,,,,,,,,,,,,,29.063745383814396,27.03106389142101,25.19320775842619,24.59035346728647,25.064273125492804,,,,,,31.36666666666667,26.675684246201662,"rgba(0, 255, 255, 0.75)",2.5271156296072737,26.675684246201662,1.9011064224809344,75.37409130958355,18.830003540702677,True,False,True,False,True,16.664760678942468,-1.0,31.52,31.1,0.0,0,1.118925998690242,0.7927963326784546,False,False,False,False,0.34282824608637946,0.341690955176519,False,False,False,False,-685897,-871877.8165173163,False,True,False,False,73407.74292756696,False,True,False,False
2022-08-15 00:00:00+00:00,30.99,31.4,30.7,31.4,31867,,,,,,,,,,,,,,,,,,,,,,,,,,,,31.2129954403304,28.620466944012605,26.378277915786544,24.63220534462493,24.963345215895796,,,,,,,,,,,,,,,,,,,,,,,,,,,,,,29.142495405310864,27.079084511765863,25.228094818469522,24.61362038003915,25.07859176576597,,,,,,31.2129954403304,26.694917774200167,"rgba(0, 255, 255, 0.75)",2.575447257580038,26.694917774200167,1.6677034302133644,74.14304185616533,18.830003540702677,True,False,True,False,True,14.7303145299887,0.0,0.0,0.0,0.0,0,1.1023365095940472,0.7971544184832267,False,False,False,False,0.3213231522616517,0.33150705371908534,False,False,False,False,-717764,-865834.1374382059,False,False,False,False,71778.69418530943,False,False,False,False
2022-08-16 00:00:00+00:00,31.09,31.29,30.5401,30.74,32695,,,,,,,,,,,,,,,,,,,,,,,,,,,,31.136567162553252,28.683317330848556,26.419051654613465,24.656831809098396,24.97870049850693,,,,,,,,,,,,,,,,,,,,,,,,,,,,,,29.214759077977373,27.126479552866652,25.263112367743148,24.637108580846945,25.09307206903955,,,,,,31.136567162553252,26.72090001040943,"rgba(0, 255, 255, 0.75)",2.637280417399704,26.72090001040943,1.656668726148734,73.51288793200007,18.830003540702677,True,False,True,False,True,14.994024518563023,0.0,0.0,0.0,0.0,0,1.102873367640908,0.7999735029835122,False,False,False,False,0.31027457075761644,0.3208908122383509,False,False,False,False,-685069,-858745.3085190606,False,False,False,False,70246.00029568946,False,False,False,False
2022-08-17 00:00:00+00:00,30.97,31.055,30.16,31.02,51957,,,,,,,,,,,,,,,,,,,,,,,,,,,,30.99925236350375,28.766591280521194,26.478971824741997,24.694072699324753,25.001950601898617,,,,,,,,,,,,,,,,,,,,,,,,,,,,,,29.304091418015712,27.194819557472172,25.315539891409152,24.672650087685337,25.11498473260988,,,,,,30.99925236350375,26.754292445718256,"rgba(0, 255, 255, 0.75)",2.669763778058012,26.754292445718256,1.5790563902804355,72.46771713890192,18.830003540702677,True,False,True,False,True,14.514428171059485,0.0,0.0,0.0,0.0,0,1.0874213658333096,0.8143422540034868,False,False,False,False,0.2853621242429453,0.30312646824064815,False,False,False,False,-737026,-853972.0023026268,False,False,False,False,69528.78459781928,False,False,False,False
2022-08-18 00:00:00+00:00,30.9,31.08,30.815,30.89,46366,,,,,,,,,,,,,,,,,,,,,,,,,,,,30.983648959583338,28.842508338816163,26.533546456522583,24.728029432615543,25.02327171426018,,,,,,,,,,,,,,,,,,,,,,,,,,,,,,29.38552612004321,27.257037832711795,25.363209552299672,24.705071906760423,25.13509915554056,,,,,,30.983648959583338,26.79569494691534,"rgba(0, 255, 255, 0.75)",2.692000642544391,26.79569494691534,1.5246300421404815,71.38666028589397,18.830003540702677,True,False,True,False,False,14.231373393974394,0.0,0.0,0.0,0.0,0,1.1025710271904106,0.8173197022064457,False,False,False,False,0.31292451809483207,0.3080254931677401,False,False,False,False,-783392,-851204.159075073,False,False,False,False,68620.44010378714,False,False,False,False
2022-08-19 00:00:00+00:00,30.1,30.82,30.0,30.82,57195,,,,,,,,,,,,,,,,,,,,,,,,,,,,30.833587717224486,28.90321311013733,26.5897430450507,24.765241917889995,25.04660228984935,,,,,,,,,,,,,,,,,,,,,,,,,,,,,,29.439074053388737,27.318412424508992,25.41443323099142,24.74063791744842,25.157065827338847,,,,,,30.833587717224486,26.82080115338283,"rgba(38, 166, 154, 1.0)",2.687381927010297,26.82080115338283,1.2202206220331575,66.72561519671864,22.896776427140125,True,False,True,False,False,11.057905630957851,0.0,0.0,0.0,0.0,0,1.0749425440495617,0.8223157118004405,False,False,False,False,0.2695457774964721,0.2887856353321061,False,False,False,False,-840587,-850787.7998956583,False,False,False,False,68172.38362912883,False,False,False,False
2022-08-22 00:00:00+00:00,29.74,30.22,29.5437,29.76,43664,,,,,,,,,,,,,,,,,,,,,,,,,,,,30.68899901367399,28.931787806250227,26.626223112379847,24.790926358736197,25.062688996127605,,,,,,,,,,,,,,,,,,,,,,,,,,,,,,29.455879974184352,27.356485901706414,25.449124392944327,24.765209988960205,25.172184559742544,,,,,,30.68899901367399,26.82995101047057,"rgba(38, 166, 154, 1.0)",2.6818750197616548,26.82995101047057,1.0850800160657943,62.126911803750914,18.564687980213037,False,False,True,False,False,9.675107736663275,0.0,0.0,0.0,0.0,0,1.0695521660292255,0.8309892777870898,False,False,False,False,0.22786654315487145,0.25832608924348877,False,False,False,False,-884251,-852100.0822526913,False,False,False,False,67211.27054563358,False,False,False,False
2022-08-23 00:00:00+00:00,29.86,29.89,29.55,29.63,30388,,,,,,,,,,,,,,,,,,,,,,,,,,,,30.60459816038304,28.949241747726436,26.65060398920309,24.808409828257002,25.07366251108397,,,,,,,,,,,,,,,,,,,,,,,,,,,,,,29.46480701662681,27.381602679090523,25.4725792584091,24.78194432463598,25.182496510608225,,,,,,30.60459816038304,26.83699460260242,"rgba(38, 166, 154, 1.0)",2.6530636922160213,26.83699460260242,1.1394394361005924,59.49704389851462,16.160297885817357,False,False,True,False,False,10.03019262148252,0.0,0.0,0.0,0.0,0,1.0933686146024864,0.8266755564352724,False,False,False,False,0.21525452358925787,0.23679030641637333,False,False,False,False,-853863,-852169.2162819975,False,False,False,False,65767.22072031461,False,False,False,False
2022-08-24 00:00:00+00:00,30.34,30.51,29.87,29.96,22042,,,,,,,,,,,,,,,,,,,,,,,,,,,,30.58190408136179,28.96852265900153,26.67070370008774,24.82221813133487,25.082389770937713,,,,,,,,,,,,,,,,,,,,,,,,,,,,,,29.48062854138811,27.40304714818203,25.491291282121043,24.79515868276367,25.19071672013339,,,,,,30.58190408136179,26.848658071731187,"rgba(38, 166, 154, 1.0)",2.647359915561629,26.848658071731187,1.3188013869010085,59.40547805103511,16.047853950175394,False,False,True,False,False,11.44035416799204,0.0,0.0,0.0,0.0,0,1.1181722004784214,0.7882802361880541,False,False,False,False,0.2520809249941389,0.24443561570525613,False,False,False,False,-831821,-851371.2470160369,False,False,False,False,64052.50618226306,False,False,False,False
2022-08-25 00:00:00+00:00,30.88,30.88,30.41,30.51,39473,,,,,,,,,,,,,,,,,,,,,,,,,,,,30.59608779015655,29.01424170189051,26.710940278377947,24.848961976617115,25.099402900557006,,,,,,,,,,,,,,,,,,,,,,,,,,,,,,29.52444783242291,27.44706424584645,25.527810016032152,24.820750395128336,25.206773710590678,,,,,,30.59608779015655,26.879648084761964,"rgba(0, 255, 255, 0.75)",2.6391214208281184,26.879648084761964,1.5157892636795702,60.95909880104726,16.047853950175394,False,False,True,False,False,12.985526060003185,0.0,0.0,0.0,0.0,0,1.1290999366926349,0.779078223836008,False,False,False,False,0.28838077052320404,0.2664081931142301,False,False,False,False,-792348,-849056.6098781531,False,False,False,False,63088.60397903706,False,False,False,False
2022-08-26 00:00:00+00:00,29.73,30.88,29.67,30.88,59531,,,,,,,,,,,,,,,,,,,,,,,,,,,,30.530036679496064,29.055038908495238,26.7608398115558,24.884563450067237,25.122015320645055,,,,,,,,,,,,,,,,,,,,,,,,,,,,,,29.553173033576027,27.49893535392482,25.575368757244664,24.8548560555553,25.2280689760871,,,,,,30.530036679496064,26.906289634664734,"rgba(38, 166, 154, 1.0)",2.612575271556688,26.906289634664734,1.0808149323302654,57.34582361180368,13.98889413816567,False,True,True,False,False,8.570566964713937,0.0,0.0,0.0,0.0,0,1.112057663707826,0.7817142620257955,False,False,False,False,0.25881032219327693,0.26260925765375354,False,False,False,False,-851879,-849167.2918437157,False,False,False,False,62949.0900975062,False,False,False,False
2022-08-29 00:00:00+00:00,29.47,29.74,29.18,29.44,45837,,,,,,,,,,,,,,,,,,,,,,,,,,,,30.432044481120514,29.066588235561532,26.79119302492716,24.90837196143818,25.137098318616026,,,,,,,,,,,,,,,,,,,,,,,,,,,,,,29.549810902099612,27.52814244733964,25.606304862618934,24.87769499071474,25.242232736339776,,,,,,30.432044481120514,26.91394819607761,"rgba(38, 166, 154, 0.5)",2.569405806445947,26.91394819607761,0.9948026884308989,54.078936056443005,10.858492020967489,False,True,False,False,False,7.614210848138011,0.0,0.0,0.0,0.0,0,1.1303048950460473,0.8005322645965153,False,False,False,False,0.1951328042251042,0.22887103093942887,False,False,False,False,-897716,-851071.1627518053,False,False,False,False,62278.02774074126,False,False,False,False
2022-08-30 00:00:00+00:00,28.65,29.82,28.47,29.48,67117,,,,,,,,,,,,,,,,,,,,,,,,,,,,30.259883533128416,29.063144474784156,26.826607399799475,24.939138155649648,25.15654913955796,,,,,,,,,,,,,,,,,,,,,,,,,,,,,,29.520208680372257,27.559077133527744,25.645158783368515,24.907249419220175,25.260446729828733,,,,,,30.259883533128416,26.91374634492371,"rgba(38, 166, 154, 0.5)",2.5267800468986916,26.91374634492371,0.68714079692347,49.50422207073935,6.571464756004083,False,True,False,True,False,4.6797476323474605,0.0,0.0,0.0,0.0,0,1.117141438589958,0.7971358530379197,False,False,False,False,0.15481776021476906,0.19184439557709898,False,False,False,False,-964833,-855532.4112713423,False,False,False,False,62467.791358751405,False,False,False,False
2022-08-31 00:00:00+00:00,28.5,29.1,28.43,28.9,39270,,,,,,,,,,,,,,,,,,,,,,,,,,,,30.157177782164588,29.054355532102132,26.84395718522155,24.955589550139315,25.1669430732706,,,,,,,,,,,,,,,,,,,,,,,,,,,,,,29.495324444436097,27.57283818650986,25.665449596148882,24.923071747326777,25.270159220812133,,,,,,30.157177782164588,26.910486631813193,"rgba(38, 166, 154, 0.5)",2.503448957874842,26.910486631813193,0.6349294093601704,46.05715733261401,3.4151255608681126,False,True,False,True,False,4.1549362500423825,0.0,0.0,0.0,0.0,0,1.1047996408360998,0.8388199795360104,False,False,False,False,0.11900956616788237,0.15542698087249068,False,False,False,False,-1004103,-861358.7088685445,False,False,False,False,61558.074050565076,False,False,False,False
2022-09-01 00:00:00+00:00,28.14,28.45,27.7,28.45,38151,,,,,,,,,,,,,,,,,,,,,,,,,,,,30.03501704027396,29.033654544381474,26.855267248347463,24.968964391298126,25.175323196886147,,,,,,,,,,,,,,,,,,,,,,,,,,,,,28.096666666666664,29.456356938749327,27.579030303361744,25.681156645565505,24.935960926554056,25.27794464140579,,,,,,30.03501704027396,27.008667503953657,#000000,2.482624120265182,27.008667503953657,0.4557002756927619,42.81494415884057,0.44060155008912716,False,True,False,True,False,2.8984171491125466,0.0,0.0,0.0,0.0,0,1.0846652245137982,0.8617790985844499,False,False,False,False,0.03202070405619872,0.0937238424643447,False,False,False,False,-1042254,-868452.6418540918,False,False,False,False,60640.1495779939,False,False,False,False
2022-09-02 00:00:00+00:00,28.27,28.6905,28.13,28.4,19589,,,,,,,,,,,,,,,,,,,,,,,,,,,,29.98563709591961,29.026298330033743,26.862226791610418,24.97636978695574,25.179998773075287,,,,,,,,,,,,,,,,,,,,,,,,,,,,,28.187193133010044,29.440943764261473,27.58376295506967,25.690025209620465,24.943093689812525,25.282302346581556,,,,,,29.98563709591961,27.014350170540958,"rgba(38, 166, 154, 0.5)",2.474257103903344,27.014350170540958,0.507485591322806,41.246172336110284,-1.0233678517577118,False,True,False,True,False,3.317710269506989,0.0,0.0,0.0,0.0,0,1.0756257334106805,0.8740321627900202,False,False,False,False,0.03398290750147181,0.06385337498290826,False,False,False,False,-1022665,-874500.185310794,False,False,False,False,59030.30057493532,False,False,False,False
2022-09-06 00:00:00+00:00,28.63,28.83,28.26,28.48,45174,,,,,,,,,,,,,,,,,,,,,,,,,,,,29.89555852328134,29.015115194955637,26.8802432210957,24.994375105496925,25.1914362284325,,,,,,,,,,,,,,,,,,,,,,,,,,,,,28.35668899760966,29.41361439323047,27.59734142611222,25.71184283734694,24.96043204011476,25.292986020173373,,,,,,29.89555852328134,27.028148544349957,"rgba(38, 166, 154, 0.5)",2.4539237709989727,27.028148544349957,0.6527714815680444,41.81777205560529,-1.0233678517577118,False,True,False,True,False,4.476592486594168,0.0,0.0,0.0,0.0,0,1.0611473015547344,0.8970079666969929,False,False,False,False,0.04776249864369412,0.05580793681330119,False,False,False,False,-977491,-878539.0407888022,False,False,False,False,58486.91623866335,False,False,False,False
2022-09-07 00:00:00+00:00,29.63,29.66,28.47,28.47,38406,,,,,,,,,,,,,,,,,,,,,,,,,,,,29.86252478596078,29.02001256428607,26.901297777096037,25.01242332480665,25.20304267967997,,,,,,,,,,,,,,,,,,,,,,,,,,,,,28.600366625389185,29.409433971649506,27.61643713798228,25.734480319859077,24.977793011235086,25.303886245343396,,,,,,29.86252478596078,27.05833622211709,"rgba(38, 166, 154, 1.0)",2.451989315556564,27.05833622211709,1.048807089642305,45.87331438582562,-1.0233678517577118,False,True,False,True,True,7.566697796980886,0.0,0.0,0.0,0.0,0,1.0555381580602594,0.8837044352906854,False,False,False,False,0.10115567611394399,0.0784818064636226,False,False,False,False,-939085,-880913.3921304179,False,False,False,False,57699.42932734322,False,False,False,False
2022-09-08 00:00:00+00:00,29.53,29.57,28.86,29.31,45979,,,,,,,,,,,,,,,,,,,,,,,,,,,,29.83105468111779,29.027218527899066,26.9267183950904,25.03416668695087,25.217078061506903,,,,,,,,,,,,,,,,,,,,,,,,,,,,,28.77702545929236,29.406725978702212,27.6396346708737,25.761710080354284,24.99871468843887,25.317076098880083,,,,,,29.83105468111779,27.085193029918777,"rgba(38, 166, 154, 0.5)",2.4528389288354737,27.085193029918777,0.9967254438683982,48.2024259360007,-1.0233678517577118,False,True,False,True,True,7.199177449724072,0.0,0.0,0.0,0.0,0,1.0623144848624961,0.8770982974460362,False,False,False,False,0.11665153394917677,0.09756667020639968,False,False,False,False,-985064,-884997.729693931,False,False,False,False,57239.80464783956,False,False,False,False
2022-09-09 00:00:00+00:00,30.13,30.17,29.72,29.83,37144,,,,,,,,,,,,,,,,,,,,,,,,,,,,29.838915595335223,29.045863114074418,26.952648511366178,25.05436105509903,25.23023275669057,,,,,,,,,,,,,,,,,,,,,,,,,,,,,28.98052386649023,29.42105072860547,27.665389907163703,25.787594463381577,25.01813195634176,25.329485399859966,,,,,,29.838915595335223,27.120381577673466,"rgba(38, 166, 154, 1.0)",2.4594985059765424,27.120381577673466,1.2236715798010072,51.65318130850093,-6.154086665711674,False,True,False,False,True,8.997880734778416,0.0,0.0,0.0,0.0,0,1.0812810420890415,0.8616239820045093,False,False,False,False,0.19301123003300696,0.14528895011970333,False,False,False,False,-947920,-887465.2697059338,False,False,False,False,56451.73387733605,False,False,False,False
2022-09-12 00:00:00+00:00,30.31,30.58,30.08,30.08,37177,,,,,,,,,,,,,,,,,,,,,,,,,,,,29.859688169063904,29.0697473364557,26.980814215468893,25.075691765211456,25.24419509898799,,,,,,,,,,,,,,,,,,,,,,,,,,,,,29.171341187600337,29.442110333831398,27.694024347985007,25.81510859391847,25.038640432528787,25.34267661099687,,,,,,29.859688169063904,27.157639826549893,"rgba(38, 166, 154, 1.0)",2.4569352109143154,27.157639826549893,1.2830457064746925,54.48326272528695,-3.4044886557677643,False,True,True,False,True,9.529578556046172,0.0,0.0,0.0,0.0,0,1.1097608676563326,0.8396826114837806,False,False,False,False,0.22971877072661848,0.18750386042316092,False,False,False,False,-910743,-888378.1218743286,False,False,False,False,55695.86196057778,False,False,False,False
2022-09-13 00:00:00+00:00,29.31,30.07,29.23,29.43,66262,,,,,,,,,,,,,,,,,,,,,,,,,,,,29.836752767371884,29.08480494736724,27.018320844536763,25.107649571159726,25.265066749614327,,,,,,,,,,,,,,,,,,,,,,,,,,,,,29.245170177584217,29.44588681487714,27.728739110352674,25.85491495208102,25.06941993937074,25.362329530632675,,,,,,29.836752767371884,27.183550491358947,"rgba(38, 166, 154, 0.5)",2.4361036309855213,27.183550491358947,0.872889593691382,52.564967149478605,-3.4044886557677643,False,True,False,False,True,5.837903548918014,0.0,0.0,0.0,0.0,0,1.0647386588681413,0.8651168064722836,False,False,False,False,0.15465402269283424,0.17107894155799758,False,False,False,False,-977005,-891853.6857223941,False,False,False,False,56110.22031506492,False,False,False,False
2022-09-14 00:00:00+00:00,30.1,30.1,29.2,29.2,71236,,,,,,,,,,,,,,,,,,,,,,,,,,,,29.83414629296304,29.108769647662566,27.06152406965661,25.143512077783292,25.28864930932395,,,,,,,,,,,,,,,,,,,,,,,,,,,,,29.344198177397836,29.460465410751084,27.769857366934293,25.89976402957594,25.103966581175108,25.384573247151522,,,,,,29.83414629296304,27.218129655488664,"rgba(38, 166, 154, 1.0)",2.4385038020869954,27.218129655488664,1.181819090068626,53.70581736547116,-3.4044886557677643,False,True,True,False,True,8.19001108280225,0.0,0.0,0.0,0.0,0,1.0784979230482081,0.8590214366840782,False,False,False,False,0.13301726366062203,0.1520481026093098,False,False,False,False,-905769,-892399.384321516,False,False,False,False,56703.38814584669,False,False,False,False
2022-09-15 00:00:00+00:00,29.4,30.2,29.06,30.02,94226,,,,,,,,,,,,,,,,,,,,,,,,,,,,29.81006326171497,29.127637319497758,27.111684761483794,25.187646154604092,25.31778337415617,,,,,,,,,,,,,,,,,,,,,,,,,,,,,29.38414184591955,29.46526144355338,27.81549063589579,25.953889756785166,25.146534837656116,25.41203071596824,,,,,,29.81006326171497,27.248378555203182,"rgba(38, 166, 154, 0.5)",2.4370977200960233,27.248378555203182,0.882862195904086,52.20330152365865,-3.4044886557677643,False,True,False,False,True,5.70829514201608,0.0,0.0,0.0,0.0,0,1.0484897963428557,0.8685705520036817,False,False,False,False,0.09785834106587041,0.1249532218375901,False,False,False,False,-999995,-896618.8202304762,False,False,False,False,58174.86312051937,False,False,False,False
2022-09-16 00:00:00+00:00,29.04,29.145,28.55,28.73,52263,,,,,,,,,,,,,,,,,,,,,,,,,,,,29.769268600188077,29.122670277889988,27.131560270625524,25.208204330270906,25.33134960775916,,,,,,,,,,,,,,,,,,,,,,,,,,,,,29.338884049935825,29.44984562092248,27.830829673089816,25.977995548520507,25.166409186920564,25.42476915929783,,,,,,29.769268600188077,27.250162393220066,"rgba(38, 166, 154, 0.5)",2.42804074798464,27.250162393220066,0.7371530351233034,50.14883663911204,-3.4044886557677643,False,True,False,False,True,4.464264320768269,0.0,0.0,0.0,0.0,0,1.02110723265711,0.9212436381481569,False,False,False,False,-0.010723688180511306,0.057114766828539394,False,False,False,False,-1052258,-902722.3174763399,False,False,False,False,57943.025351087235,False,False,False,False
2022-09-19 00:00:00+00:00,28.93,28.96,28.49,28.92,103084,,,,,,,,,,,,,,,,,,,,,,,,,,,,29.689045297243077,29.10837892350215,27.166981334243697,25.246820656228813,25.356935214523862,,,,,,,,,,,,,,,,,,,,,,,,,,,,,29.252190153966477,29.415663985340604,27.8566815969652,26.022536308735784,25.203781492182607,25.44878116244916,,,,,,29.689045297243077,27.25161782958013,"rgba(38, 166, 154, 0.5)",2.4118545591337694,27.25161782958013,0.6958886322824828,48.45505006807116,-3.4044886557677643,False,True,False,False,False,4.084191551843158,0.0,0.0,0.0,0.0,0,0.9918123063676485,0.9278954722054213,False,False,False,False,-0.027680029479240784,0.014717368674649305,False,False,False,False,-1155342,-912628.971692954,False,False,False,False,59713.259651044595,False,False,False,False
2022-09-20 00:00:00+00:00,28.39,28.93,28.26,28.93,79315,,,,,,,,,,,,,,,,,,,,,,,,,,,,29.61990092688425,29.089583955514144,27.188920875513826,25.273779374882878,25.374857552878634,,,,,,,,,,,,,,,,,,,,,,,,,,,,,29.173145619450025,29.38142223277645,27.870247104902948,26.05265204221259,25.22991882163363,25.465570155713824,,,,,,29.61990092688425,27.247272605669377,#000000,2.3998028973117522,27.247272605669377,0.4761755207524342,45.787872017541055,2.924553730452132,False,True,False,True,False,2.2337431891576927,0.0,0.0,0.0,0.0,0,0.9997351112665126,0.9213280461542132,False,False,False,False,-0.04569215506995899,-0.015487393197654842,False,False,False,False,-1234657,-925257.5218226421,False,False,False,False,60481.955351003635,False,False,False,False
2022-09-21 00:00:00+00:00,29.19,29.68,28.39,28.66,53482,,,,,,,,,,,,,,,,,,,,,,,,,,,,29.59933728880615,29.089521753421447,27.209346706728663,25.29479545338853,25.388955552436315,,,,,,,,,,,,,,,,,,,,,,,,,,,,,29.167227336184304,29.37396059282456,27.886631008992403,26.0770581670049,25.250266836773903,25.478840132222754,,,,,,29.59933728880615,27.255994620798536,"rgba(38, 166, 154, 0.5)",2.386399096682821,27.255994620798536,0.8104283067697275,46.847824165154336,2.924553730452132,False,True,False,True,False,4.719686012813511,0.0,0.0,0.0,0.0,1,0.9927238141766086,0.9098272685458285,False,False,False,False,0.015221293969232969,-0.000133049614210937,False,False,False,False,-1181175,-935293.5013590091,False,False,False,False,60207.44729802311,False,False,False,False
2022-09-22 00:00:00+00:00,28.02,29.21,27.82,29.21,88210,,,,,,,,,,,,,,,,,,,,,,,,,,,,29.5246251152053,29.06439847755493,27.229242602559726,25.322319855217685,25.407389351259148,,,,,,,,,,,,,,,,,,,,,,,,,,,,,29.084339226375132,29.332921178961193,27.896700996870308,26.106819715200075,25.277007519215612,25.49608979230279,,,,,,29.5246251152053,27.249259439156535,#000000,2.3727319184342526,27.249259439156535,0.3248325505529802,44.50198940842739,1.3341356712203734,False,True,False,True,False,0.8524513942337428,0.0,0.0,0.0,0.0,1,0.9805747339500328,0.9202675354288924,False,False,False,False,-0.05679053977916546,-0.0284617946966882,False,False,False,False,-1269385,-948395.1287566951,False,False,False,False,61305.586619669266,False,False,False,False
2022-09-23 00:00:00+00:00,27.25,27.785,27.0,27.61,55890,,,,,,,,,,,,,,,,,,,,,,,,,,,,29.44505347501554,29.02816840763354,27.230507925989595,25.333800046798476,25.415002126973395,,,,,,,,,,,,,,,,,,,,,,,,,,,,,28.979312292834393,29.283689742648992,27.88920752960409,26.117007486899173,25.288249583344644,25.50310119996489,,,,,,29.44505347501554,27.228463619791523,#000000,2.3608049474702337,27.228463619791523,0.009122473346031867,41.3557855437854,-1.8254074463249168,False,True,False,True,False,0.0,0.0,0.0,0.0,0.0,0,0.9716683067006987,0.9470045558374676,False,False,False,False,-0.2649971393723657,-0.14672946703452694,False,False,False,False,-1325275,-963174.7315505502,False,False,False,False,61093.210673799884,False,False,False,False
2022-09-26 00:00:00+00:00,27.39,27.58,27.01,27.02,90338,,,,,,,,,,,,,,,,,,,,,,,,,,,,29.327016307073364,28.972126079259283,27.232177369681594,25.351916387105106,25.427065680913124,,,,,,,,,,,,,,,,,,,,,,,,,,,,,28.83235601789238,29.20836632556866,27.87712276772699,26.132884065809073,25.30600484597497,25.514210667206076,,,,,,29.327016307073364,27.19829513765551,#000000,2.3442061988448533,27.19829513765551,0.08177815690401141,39.762491293085304,-3.484601852035347,False,True,False,True,False,0.0,0.0,0.0,0.0,0.0,0,0.9591133141687512,0.9586085402696001,False,False,False,False,-0.29526471618283523,-0.22099709160868108,False,False,False,False,-1234937,-973832.075411313,False,False,False,False,62240.06515718028,False,False,False,False
2022-09-27 00:00:00+00:00,27.79,28.07,27.4,27.48,65223,,,,,,,,,,,,,,,,,,,,,,,,,,,,29.266156309767556,28.9438162506612,27.238629024328795,25.36757484590901,25.437616334624064,,,,,,,,,,,,,,,,,,,,,,,,,,,,,28.767261293155094,29.16902640549384,27.87523210676418,26.148095271838102,25.32129930067583,25.524016263616712,,,,,,29.266156309767556,27.187156673348582,#000000,2.3221724063222817,27.187156673348582,0.25960317373944014,40.14237088010204,-3.484601852035347,False,True,False,True,False,0.1742384021238017,0.0,0.0,0.0,0.0,0,0.9586068832990063,0.9565999443074431,False,False,False,False,-0.2229833661130044,-0.22199022886084274,False,False,False,False,-1169714,-981513.7195128301,False,False,False,False,62357.0429941536,False,False,False,False
2022-09-28 00:00:00+00:00,28.35,28.5,27.8,27.91,142464,,,,,,,,,,,,,,,,,,,,,,,,,,,,29.184408077291163,28.908705338955084,27.26437894803696,25.407583178623245,25.46487717615795,,,,,,,,,,,,,,,,,,,,,,,,,,,,,28.70315612847635,29.115919983289057,27.886254857899086,26.18965651193464,25.360290048480028,25.54952835308141,,,,,,29.184408077291163,27.184978054747727,"rgba(38, 166, 154, 0.5)",2.2729406915683743,27.184978054747727,0.5125615241849473,42.26822959333249,-3.484601852035347,False,True,False,True,False,1.9160112807475222,0.0,0.0,0.0,0.0,0,0.9711574876416105,0.9493375000313509,False,False,False,False,-0.15686192299064744,-0.1894260759257451,False,False,False,False,-1027250,-983307.299139778,False,False,False,False,65498.492288500514,False,False,False,False
2022-09-29 00:00:00+00:00,27.09,27.97,27.04,27.97,174661,,,,,,,,,,,,,,,,,,,,,,,,,,,,29.025950935371778,28.822521239132207,27.267577385493908,25.440740125526094,25.487476959677576,,,,,,,,,,,,,,,,,,,,,,,,,,,,,28.5362127497901,29.003984008249695,27.86647264905173,26.217952239579688,25.39287743066705,25.570393870527234,,,,,,29.025950935371778,27.148378144824278,#000000,2.2119109018759704,27.148378144824278,-0.0263926294566234,40.73204212484312,-3.484601852035347,False,True,False,True,False,0.0,0.0,0.0,0.0,0.0,0,0.9419667325534389,0.9588311008712432,False,False,False,False,-0.26043584175707946,-0.2249309588414123,False,False,False,False,-1201911,-991879.9932911594,False,False,False,False,69779.37494385344,False,False,False,False
2022-09-30 00:00:00+00:00,26.16,27.16,26.12,27.03,117161,,,,,,,,,,,,,,,,,,,,,,,,,,,,28.885301997577947,28.73787288841349,27.251397343778052,25.452406344698442,25.495326087392428,,,,,,,,,,,,,,,,,,,,,,,,,,,,,28.377243251277687,28.900102586714954,27.83194541451076,26.22211096890524,25.404593896771612,25.577346504555653,,,,,,28.885301997577947,27.103240662236022,#000000,2.1517004212256485,27.103240662236022,-0.4383698831544284,38.02670282160557,-5.770392486622384,False,True,False,True,False,0.0,0.0,0.0,0.0,0.0,0,0.9050937138108316,0.9896734092747538,False,False,False,False,-0.34282825441539394,-0.2838796066284031,False,False,False,False,-1319072,-1004711.0523777807,False,False,False,False,71637.47788723174,False,False,False,False
2022-10-03 00:00:00+00:00,26.59,26.77,26.14,26.58,96879,,,,,,,,,,,,,,,,,,,,,,,,,,,,28.78109970533559,28.672945145752546,27.23884609438512,25.462040924529504,25.501853210292897,,,,,,,,,,,,,,,,,,,,,,,,,,,,,28.264445465647512,28.82110872478722,27.80507147331458,26.225710418463542,25.414269691965497,25.583141391080957,,,,,,28.78109970533559,27.070048385959545,#000000,2.094168669046107,27.070048385959545,-0.2292310037176743,37.655539630039456,-6.3196484970566615,False,True,False,True,False,0.0,0.0,0.0,0.0,0.0,0,0.9096139472632148,1.0027314466486394,False,False,False,False,-0.34282825441539394,-0.3133539305218985,False,False,False,False,-1222193,-1013239.756206103,False,False,False,False,72627.34149949717,False,False,False,False
2022-10-04 00:00:00+00:00,27.31,27.72,26.83,27.1,276808,,,,,,,,,,,,,,,,,,,,,,,,,,,,28.615264602529116,28.566822804635787,27.241024470310883,25.50876038037611,25.53438070659027,,,,,,,,,,,,,,,,,,,,,,,,,,,,,28.121174150301922,28.68921326923208,27.77681478473969,26.263574584940482,25.46036254598255,25.613173052182805,,,,,,28.615264602529116,27.0355059410747,#000000,1.9944886856327475,27.0355059410747,0.13762628031064333,39.61849454995979,-6.3196484970566615,False,True,False,True,False,0.0,0.0,0.0,0.0,0.0,0,0.9287138961517711,0.9555682503411727,False,False,False,False,-0.22210902392474022,-0.26773147722331936,False,False,False,False,-945385,-1010578.7853744911,False,False,False,False,80634.42614657572,False,False,False,False
2022-10-05 00:00:00+00:00,27.83,27.91,26.95,26.95,382260,,,,,,,,,,,,,,,,,,,,,,,,,,,,28.475484029655874,28.470881375535885,27.260099942616282,25.578927662621783,25.584190546999604,,,,,,,,,,,,,,,,,,,,,,,,,,,,,28.02729287859403,28.56974926694243,27.76187052721768,26.3246238723111,25.529502750642987,25.65952148105792,,,,,,28.475484029655874,27.02201312129051,#000000,1.888565717275519,27.02201312129051,0.4278309572806956,42.3774756463734,-6.3196484970566615,False,True,False,True,True,0.46205726087627497,0.0,0.0,0.0,0.0,0,0.9365791667367337,0.9454676926107521,False,False,False,False,-0.200084194506788,-0.23390783586505368,False,False,False,False,-563125,-993031.5781049033,False,False,False,False,92462.88002318058,False,False,False,False
2022-10-06 00:00:00+00:00,27.32,27.92,27.11,27.61,238329,,,,,,,,,,,,,,,,,,,,,,,,,,,,28.39702566774776,28.413451078120854,27.266857807376272,25.61793725986786,25.61231807861117,,,,,,,,,,,,,,,,,,,,,,,,,,,,,27.972471572689713,28.500268687194257,27.748828236886013,26.35664216757397,25.5680787253277,25.685664985242305,,,,,,28.39702566774776,27.012685842421625,#000000,1.800273502744683,27.012685842421625,0.17070414973605194,42.99124770547923,-6.3196484970566615,False,True,False,True,True,0.0,0.0,0.0,0.0,0.0,0,0.9412492491630112,0.9544113318352492,False,False,False,False,-0.18808820167414195,-0.2109980187695978,False,False,False,False,-801454,-985518.7319047111,False,False,False,False,98183.12002227154,False,False,False,False
2022-10-07 00:00:00+00:00,25.11,26.95,24.945,26.95,142717,,,,,,,,,,,,,,,,,,,,,,,,,,,,28.277486895035,28.323989521490137,27.2335040374976,25.61855868371772,25.612819227187654,,,,,,,,,,,,,,,,,,,,,,,,,,,,,27.848494711826298,28.398812095891817,27.698000226007274,26.34511172941284,25.569270279380728,25.68551475663591,,,,,,28.277486895035,26.964687469462092,"rgba(239, 83, 80, 1.0)",1.7586796337178578,26.964687469462092,-1.0545908611799146,39.451889683600164,-6.3196484970566615,False,True,False,True,False,0.0,0.0,0.0,0.0,0.0,0,0.8838429170578741,0.9778475128381123,False,False,False,False,-0.34282825441539394,-0.2769131365924959,False,False,False,False,-944171,-983897.2522221735,False,False,False,False,99929.54668806482,False,False,False,False
2022-10-10 00:00:00+00:00,25.5,26.0,24.95,25.67,91951,,,,,,,,,,,,,,,,,,,,,,,,,,,,28.200786596547562,28.265571014904395,27.210288040740217,25.61749284027166,25.612077119022633,,,,,,,,,,,,,,,,,,,,,,,,,,,,,27.76924947860093,28.333034647412468,27.66368057433779,26.335909849064233,25.568617213335504,25.684391921336395,,,,,,28.200786596547562,26.932827208688526,"rgba(239, 83, 80, 0.5)",1.732636640998237,26.932827208688526,-0.8269634698842685,38.20660519614181,-6.3196484970566615,False,True,False,True,False,0.0,0.0,0.0,0.0,0.0,0,0.8832734356708196,1.0019321826617291,False,False,False,False,-0.34282825441539394,-0.3098706955039449,False,False,False,False,-852220,-978733.4384095393,False,False,False,False,99616.66250421914,False,False,False,False
2022-10-11 00:00:00+00:00,25.25,25.76,24.555,25.37,67929,,,,,,,,,,,,,,,,,,,,,,,,,,,,28.140911401979565,28.219519580331195,27.190666100734997,25.615008384229284,25.61029058221833,,,,,,,,,,,,,,,,,,,,,,,,,,,,,27.70690955963335,28.281480163732436,27.63566330842878,26.326928346027994,25.56649420089873,25.68236503966824,,,,,,28.140911401979565,26.906930606171173,"rgba(239, 83, 80, 0.5)",1.739748381931237,26.906930606171173,-0.9523966933263471,36.97542879302111,-7.330147648368246,False,True,False,True,False,0.0,0.0,0.0,0.0,0.0,0,0.8961225889238167,0.9973974069120347,False,False,False,False,-0.34282825441539394,-0.32634947495966943,False,False,False,False,-920149,-976436.0094523026,False,False,False,False,98374.00907268115,False,False,False,False
2022-10-12 00:00:00+00:00,24.94,25.35,24.86,25.35,38348,,,,,,,,,,,,,,,,,,,,,,,,,,,,28.10661450826957,28.1929668357625,27.179002458739173,25.613167875208845,25.608960198237277,,,,,,,,,,,,,,,,,,,,,,,,,,,,,27.671167903048755,28.251847196619554,27.61924671926553,26.321311315569716,25.564871527951812,25.680909747618472,,,,,,28.10661450826957,26.891824207844653,"rgba(239, 83, 80, 1.0)",1.7482819056495282,26.891824207844653,-1.1164241885346877,35.64933494979714,-8.755890845913257,False,True,False,True,False,0.0,0.0,0.0,0.0,0.0,0,0.9070523326311639,1.0067619141489044,False,False,False,False,-0.34282825441539394,-0.3345888646875317,False,False,False,False,-958497,-975732.5188855457,False,False,False,False,96020.047932576,False,False,False,False
2022-10-13 00:00:00+00:00,25.77,25.95,23.84,24.35,253420,,,,,,,,,,,,,,,,,,,,,,,,,,,,27.907129956746232,28.035262036297002,27.109758261182492,25.60418011059116,25.6024361899536,,,,,,,,,,,,,,,,,,,,,,,,,,,,25.186666666666667,27.468330632529618,28.07671084661548,27.521291793377177,26.289259431930407,25.55717904685306,25.673505756072437,,,,,,27.907129956746232,26.669309227401275,"rgba(239, 83, 80, 0.5)",1.7441976704242665,26.669309227401275,-0.5156005208873621,37.323524581843756,-8.755890845913257,False,True,False,True,False,0.0,0.0,0.0,0.0,0.0,0,0.8841026119693223,0.9929994866290197,False,False,False,False,-0.34282825441539394,-0.33870855955146284,False,False,False,False,-705077,-965118.5769684655,False,False,False,False,102192.59507247499,False,False,False,False
2022-10-14 00:00:00+00:00,25.29,25.87,25.23,25.87,179893,,,,,,,,,,,,,,,,,,,,,,,,,,,,27.794096825245415,27.942927012048912,27.070116628284985,25.602104226101293,25.600927247499104,,,,,,,,,,,,,,,,,,,,,,,,,,,,25.30152681779683,27.358498603316093,27.97484495156443,27.4641006087368,26.27302318081196,25.555843369508516,25.671294288894256,,,,,,27.794096825245415,26.634108646650716,"rgba(239, 83, 80, 0.5)",1.7421497748005945,26.634108646650716,-0.7715230148938045,37.51887337068602,-8.755890845913257,False,True,False,True,False,0.0,0.0,0.0,0.0,0.0,0,0.9032583483012613,1.011966886395104,False,False,False,False,-0.26891082879346095,-0.3038096941724619,False,False,False,False,-884970,-961975.4955187218,False,False,False,False,105239.66977551518,False,False,False,False
2022-10-17 00:00:00+00:00,26.31,26.66,25.81,25.84,173149,,,,,,,,,,,,,,,,,,,,,,,,,,,,27.728711120990166,27.88671554969558,27.05176760076019,25.611306633374582,25.60773752403217,,,,,,,,,,,,,,,,,,,,,,,,,,,,25.575177389514923,27.303480540679647,27.912834932906847,27.432731878297847,26.272781341591003,25.565359339054748,25.677196740875278,,,,,,27.728711120990166,26.63548338264775,#000000,1.7179445082229106,26.63548338264775,-0.18946094072877775,40.48470045513668,-8.755890845913257,False,True,False,True,True,0.0,0.0,0.0,0.0,0.0,0,0.8903143868132762,1.0176583649712372,False,False,False,False,-0.194553711070464,-0.24918170262146294,False,False,False,False,-711821,-952165.5153023013,False,False,False,False,107902.78076471068,False,False,False,False
2022-10-18 00:00:00+00:00,26.53,27.0,26.29,26.9999,53651,,,,,,,,,,,,,,,,,,,,,,,,,,,,27.714085983325553,27.873603445855693,27.04866558112935,25.615602038815133,25.610925651078357,,,,,,,,,,,,,,,,,,,,,,,,,,,,25.659012174178255,27.292831944558774,27.89836205345387,27.426117109124164,26.2746915162302,25.5697014985572,25.680075333979087,,,,,,27.714085983325553,26.638639527523797,#000000,1.7020206539011888,26.638639527523797,-0.06382973512970222,43.024226921593254,-12.29282986367869,False,True,False,True,True,0.0,0.0,0.0,0.0,0.0,0,0.8669067119479356,1.0207993780644986,False,False,False,False,-0.15109259731607488,-0.2001371499687689,False,False,False,False,-658170,-940636.2794080934,False,False,False,False,105775.2599504083,False,False,False,False
2022-10-19 00:00:00+00:00,25.9,26.48,25.62,26.48,40270,,,,,,,,,,,,,,,,,,,,,,,,,,,,27.697478720976306,27.859307893303846,27.043208493109876,25.6168431319902,25.61185546964776,,,,,,,,,,,,,,,,,,,,,,,,,,,,25.678617989490508,27.278170786963102,27.882703860585274,27.41759676993144,26.27351698692962,25.571044088266184,25.680817306944505,,,,,,27.697478720976306,26.63426345817822,#000000,1.6948820682351764,26.63426345817822,-0.4332239227374602,43.27059527929367,-11.946871615158692,False,True,False,True,True,0.0,0.0,0.0,0.0,0.0,0,0.84367819214565,1.035203535295223,False,False,False,False,-0.21439473566496628,-0.2072659428168676,False,False,False,False,-698440,-931138.3860979722,False,False,False,False,103206.42622686288,False,False,False,False
2022-10-20 00:00:00+00:00,25.68,26.62,25.5,25.78,52561,,,,,,,,,,,,,,,,,,,,,,,,,,,,27.67544822745182,27.840316703883822,27.0357209341661,25.61817125791242,25.612855115394616,,,,,,,,,,,,,,,,,,,,,,,,,,,,25.696398984076723,27.258555401959153,27.861940939234277,27.406112029678564,26.27162900843007,25.572513507979867,25.681579383566234,,,,,,27.67544822745182,26.627603457811144,"rgba(239, 83, 80, 0.5)",1.698757892808243,26.627603457811144,-0.5578213716167915,42.94621372119062,-11.946871615158692,False,True,False,True,True,0.0,0.0,0.0,0.0,0.0,0,0.8263830132869451,1.04794491186033,False,False,False,False,-0.2133181217240172,-0.2102920322704424,False,False,False,False,-751001,-924074.1748784438,False,False,False,False,101220.33108071139,False,False,False,False
2022-10-21 00:00:00+00:00,25.63,25.91,25.24,25.91,100914,,,,,,,,,,,,,,,,,,,,,,,,,,,,27.626696215224733,27.798567883499363,27.01727728637805,25.617972741209694,25.612739259741275,,,,,,,,,,,,,,,,,,,,,,,,,,,,25.684218074511996,27.213193386905814,27.81647881252456,27.37957584921648,26.26447766994453,25.57267438221312,25.68107100922801,,,,,,27.626696215224733,26.6070785475498,"rgba(239, 83, 80, 0.5)",1.7209257198767347,26.6070785475498,-0.5677633475196054,42.61287474419262,-11.946871615158692,False,True,False,True,True,0.0,0.0,0.0,0.0,0.0,0,0.8156425963461463,1.0667016109620104,False,False,False,False,-0.2661502051099056,-0.238221118690174,False,False,False,False,-851915,-921244.4033145834,False,False,False,False,101208.31809715409,False,False,False,False
2022-10-24 00:00:00+00:00,25.18,25.64,24.68,25.64,108475,,,,,,,,,,,,,,,,,,,,,,,,,,,,27.566299829777662,27.747032690905254,26.9921856245957,25.614128453005314,25.609911647617807,,,,,,,,,,,,,,,,,,,,,,,,,,,,25.62587923653593,27.15497213686341,27.760602488283375,27.345294732934597,26.252175551423107,25.569329894411688,25.677905160723515,,,,,,27.566299829777662,26.57630978725645,"rgba(239, 83, 80, 0.5)",1.751709106213905,26.57630978725645,-0.7971128210176368,41.32846288226444,-11.946871615158692,False,True,False,True,True,0.0,0.0,0.0,0.0,0.0,1,0.8005187623495001,1.0741247830155343,False,False,False,False,-0.3112612610438441,-0.2747411898670091,False,False,False,False,-960390,-922779.5247532272,False,False,False,False,101493.28601491275,False,False,False,False
2022-10-25 00:00:00+00:00,26.0,26.15,25.11,25.34,165773,,,,,,,,,,,,,,,,,,,,,,,,,,,,27.500738409154636,27.68910676536053,26.967037173652805,25.615917271986937,25.61128767286664,,,,,,,,,,,,,,,,,,,,,,,,,,,,25.64460837013543,27.096573602500815,27.6979370625,27.30847791299539,26.243776596717833,25.571617453645995,25.678607970306,,,,,,27.500738409154636,26.552140521818586,#000000,1.763437960757726,26.552140521818586,-0.3131045912050905,43.16983003868394,-11.315926795090078,False,True,False,True,True,0.0,0.0,0.0,0.0,0.0,1,0.8217746515600519,1.0615446491513025,False,False,False,False,-0.25525420743952126,-0.26499769865326517,False,False,False,False,-794617,-917753.5433903557,False,False,False,False,104014.05911236715,False,False,False,False
2022-10-26 00:00:00+00:00,25.91,26.7499,25.83,25.83,53865,,,,,,,,,,,,,,,,,,,,,,,,,,,,27.485205533526077,27.674836735351413,26.96177041512289,25.61819334549719,25.613003215134732,,,,,,,,,,,,,,,,,,,,,,,,,,,,25.668246280577105,27.084107589006702,27.6825258224709,27.299936529588685,26.243338716805912,25.573998002994404,25.680070989266536,,,,,,27.485205533526077,26.548769431278544,#000000,1.778937500484645,26.548769431278544,-0.35907356559998327,44.15214805090211,-10.21526749829713,False,True,False,True,True,0.0,0.0,0.0,0.0,0.0,1,0.8418134944310758,1.0456852121342883,False,False,False,False,-0.17979926877782318,-0.22239848371554416,False,False,False,False,-848482,-915037.0122770085,False,False,False,False,102047.42934325471,False,False,False,False
2022-10-27 00:00:00+00:00,25.13,26.12,24.3,25.9,220636,,,,,,,,,,,,,,,,,,,,,,,,,,,,27.380674492514633,27.58291247591591,26.915283111405714,25.610910857555854,25.60760234579203,,,,,,,,,,,,,,,,,,,,,,,,,,,,25.591967427678124,26.98550582638945,27.583785471960322,27.237189244851834,26.220229230741555,25.567664216418,25.67400440489931,,,,,,27.380674492514633,26.496477425510232,"rgba(239, 83, 80, 0.5)",1.8081094900275962,26.496477425510232,-0.7557492690829122,42.80528580874339,-10.21526749829713,False,True,False,True,True,0.0,0.0,0.0,0.0,0.0,1,0.8207796302014394,1.0540900031741438,False,False,False,False,-0.30474680515445,-0.26357264443499706,False,False,False,False,-1069118,-921079.4039524199,False,False,False,False,106697.96152587218,False,False,False,False
2022-10-28 00:00:00+00:00,25.28,25.64,24.94,25.19,115752,,,,,,,,,,,,,,,,,,,,,,,,,,,,27.331947550712506,27.53930979643173,26.893251230734123,25.608086916270388,25.605499805430735,,,,,,,,,,,,,,,,,,,,,,,,,,,,25.568692843940948,26.94049704742755,27.537138793554274,27.20731780844434,26.20967227539475,25.565294286077627,25.671538448707256,,,,,,27.331947550712506,26.47318723359385,"rgba(239, 83, 80, 0.5)",1.8299638848402846,26.47318723359385,-0.6520277495520022,42.44253301684839,-10.21526749829713,False,True,False,True,True,0.0,0.0,0.0,0.0,0.0,1,0.8221264816553896,1.0643895718842187,False,False,False,False,-0.2927466554663759,-0.2781596499506865,False,False,False,False,-953366,-922345.5449738937,False,False,False,False,107053.02185819091,False,False,False,False
2022-10-31 00:00:00+00:00,24.88,25.24,24.69,24.95,92293,,,,,,,,,,,,,,,,,,,,,,,,,,,,27.28831570134923,27.50049265000952,26.872372106189868,25.603456577802316,25.602024269971995,,,,,,,,,,,,,,,,,,,,,,,,,,,,25.532476707879788,26.899042945327544,27.49570503567136,27.179925740675873,26.198296851559785,25.561095187802966,25.667826957796905,,,,,,27.28831570134923,26.45008589433643,"rgba(239, 83, 80, 0.5)",1.8639449301689766,26.45008589433643,-0.8423456449403217,41.1869337579642,-10.21526749829713,False,True,False,True,False,0.0,0.0,0.0,0.0,0.0,1,0.8339675299924414,1.068695665281986,False,False,False,False,-0.3338380606867297,-0.3059988553187081,False,False,False,False,-1045659,-927181.3667396232,False,False,False,False,106474.1974715952,False,False,False,False
2022-11-01 00:00:00+00:00,24.62,25.41,24.375,25.23,84386,,,,,,,,,,,,,,,,,,,,,,,,,,,,27.247578645824035,27.46418458034656,26.852363503447563,25.598432565668542,25.598239573026216,,,,,,,,,,,,,,,,,,,,,,,,,,,,25.49609396239691,26.860107373630225,27.4570214858563,27.153979696411508,26.18697841540211,25.556485126172458,25.66384555741635,,,,,,27.247578645824035,26.427942540466564,"rgba(239, 83, 80, 0.5)",1.9039193809111083,26.427942540466564,-0.9495898611008327,39.711162194979096,-6.348580869576438,False,True,False,True,False,0.0,0.0,0.0,0.0,0.0,1,0.8382597434790601,1.0517144847570488,False,False,False,False,-0.34282825441539394,-0.32441355486705103,False,False,False,False,-1130045,-935136.8033380695,False,False,False,False,105607.9936491797,False,False,False,False
2022-11-02 00:00:00+00:00,23.78,24.75,23.75,24.57,120376,,,,,,,,,,,,,,,,,,,,,,,,,,,,27.17554958463438,27.400712638015804,26.814850739833425,25.585098576947473,25.58815618984726,,,,,,,,,,,,,,,,,,,,,,,,,,,,25.403080074939748,26.7887297063696,27.389506212232117,27.107078063535194,26.163051554152563,25.54392383840526,25.65361474726393,,,,,,27.17554958463438,26.384445993848065,"rgba(239, 83, 80, 1.0)",1.9636742266650031,26.384445993848065,-1.326312663517162,36.89289363586539,-9.089040366694789,False,True,False,True,False,0.0,0.0,0.0,0.0,0.0,1,0.8272061767470088,1.0579491480421614,False,False,False,False,-0.34282825441539394,-0.3336209046412225,False,False,False,False,-1250421,-947500.8894816745,False,False,False,False,106187.13115313344,False,False,False,False
2022-11-03 00:00:00+00:00,23.37,23.91,23.365,23.6,222399,,,,,,,,,,,,,,,,,,,,,,,,,,,,27.028713792069478,27.271199868673044,26.73480727056992,25.55229826391393,25.563213744738874,,,,,,,,,,,,,,,,,,,,,,,,,,,,25.200660215714915,26.641309130936495,27.2521559758941,27.00909754283613,26.108985316413523,25.512765468185723,25.62857810602127,,,,,,27.028713792069478,26.291982057997288,"rgba(239, 83, 80, 1.0)",2.034629151414015,26.291982057997288,-1.4361251316814097,34.23889541496821,-11.579450942727092,False,True,False,True,False,0.0,0.0,0.0,0.0,0.0,1,0.8121451983510171,1.0891227951611813,False,False,False,False,-0.34282825441539394,-0.3382245795283082,False,False,False,False,-1472820,-968101.6389137657,False,False,False,False,110744.45934320663,False,False,False,False
2022-11-04 00:00:00+00:00,22.15,24.9,21.94,24.0,318131,,,,,,,,,,,,,,,,,,,,,,,,,,,,26.808010037898928,27.075068644952438,26.60821490726905,25.494751959840507,25.519093460392106,,,,,,,,,,,,,,,,,,,,,,,,,,,,24.90304759344874,26.418616058336212,27.045082790811378,26.857061084077987,26.01957264784451,25.457797316527273,25.584554609048745,,,,,,26.808010037898928,26.14923925920399,"rgba(255, 0, 0, 1.0)",2.1406665376057896,26.14923925920399,-1.868221504352989,30.581024861343117,-14.935053464680173,False,True,False,True,False,0.0,0.0,0.0,0.0,0.0,0,0.7832044749489656,1.0737386076864963,False,False,False,False,-0.34282825441539394,-0.34052641697185104,False,False,False,False,-1790951,-1000370.2413093044,False,False,False,False,118877.26485915932,False,False,False,False
2022-11-07 00:00:00+00:00,20.26,22.0,20.19,21.89,266006,,,,,,,,,,,,,,,,,,,,,,,,,,,,26.54579470024133,26.843832035536682,26.4487352649834,25.40830058885503,25.45245906086691,,,,,,,,,,,,,,,,,,,,,,,,,,,,24.488469952834084,26.146323086782903,26.801572605553414,26.671560762161892,25.897522772770714,25.37453835686406,25.518789928135146,,,,,,26.54579470024133,25.966491592965465,"rgba(255, 26, 202, 1.0)",2.3126136456126454,25.966491592965465,-2.467550774765808,26.201992739265815,-18.863811267755935,False,True,False,True,False,0.0,0.0,0.0,0.0,0.0,0,0.7634618886627976,1.1270773786430828,False,False,False,False,-0.34282825441539394,-0.34167733569362246,False,False,False,False,-2056957,-1041805.0161599199,False,False,False,False,124647.01917840798,False,False,False,False
2022-11-08 00:00:00+00:00,20.8,21.36,20.08,20.34,262352,,,,,,,,,,,,,,,,,,,,,,,,,,,,26.305835878388454,26.629459264295782,26.297970951495273,25.324857459424702,25.38759940117644,,,,,,,,,,,,,,,,,,,,,,,,,,,,24.148120857721093,25.899309828598568,26.5767663271092,26.497382394309277,25.781048381546654,25.294081200688463,25.454742299429167,,,,,,26.305835878388454,25.799764520348585,"rgba(255, 26, 202, 1.0)",2.447510041941676,25.799764520348585,-2.0427963255187036,25.28891945231862,-19.525165614622523,False,True,False,True,False,0.0,0.0,0.0,0.0,0.0,0,0.7742016065448358,1.115533836582072,False,False,False,False,-0.34282825441539394,-0.34225279505450823,False,False,False,False,-1794605,-1071326.5841536487,False,False,False,False,130047.21450474493,False,False,False,False
2022-11-09 00:00:00+00:00,19.33,20.75,18.86,20.75,170786,,,,,,,,,,,,,,,,,,,,,,,,,,,,26.131165865485382,26.473212671034002,26.185425149358498,25.25945427203422,25.336547378743298,,,,,,,,,,,,,,,,,,,,,,,,,,,,23.89647987210188,25.718491981591708,26.41322160428029,26.36873981289313,25.69205794558003,25.23088173704178,25.40443701270702,,,,,,26.131165865485382,25.675842941904268,"rgba(255, 26, 202, 1.0)",2.6292009336582653,25.675842941904268,-2.4136013572285915,23.278748067377947,-21.337071090569353,False,True,False,True,False,0.0,0.0,0.0,0.0,0.0,0,0.7659674631104527,1.126566648144718,False,False,False,False,-0.34282825441539394,-0.3425405247349511,False,False,False,False,-1965391,-1106387.9337946821,False,False,False,False,131644.8139359314,False,False,False,False
2022-11-10 00:00:00+00:00,19.87,20.3,19.355,19.97,187170,,,,,,,,,,,,,,,,,,,,,,,,,,,,25.955418005287143,26.31448280189416,26.069927472742364,25.19191646337558,25.283512606389067,,,,,,,,,,,,,,,,,,,,,,,,,,,,23.662402452087402,25.537960072854027,26.24754554681766,26.237125096189626,25.600501041404588,25.165586841127414,25.352130770967307,,,,,,25.955418005287143,25.551542430928027,"rgba(255, 26, 202, 1.0)",2.7748972678005206,25.551542430928027,-2.0474784767190366,23.755848387703573,-21.337071090569353,False,True,False,True,False,0.0,0.0,0.0,0.0,0.0,0,0.7770974325921151,1.1201793962831668,False,False,False,False,-0.3412457264205784,-0.34189312557776474,False,False,False,False,-1778221,-1132734.3285478319,False,False,False,False,133822.2722129537,False,False,False,False
2022-11-11 00:00:00+00:00,19.87,19.96,19.52,19.84,137505,,,,,,,,,,,,,,,,,,,,,,,,,,,,25.83126335599794,26.201621429042994,25.986951205064187,25.142833415606205,25.244787467765626,,,,,,,,,,,,,,,,,,,,,,,,,,,,23.50458327980394,25.4109557815186,26.12999644781979,26.142915144254733,25.534380655801915,25.118102371631057,25.31392611280857,,,,,,25.83126335599794,25.463526388926297,"rgba(255, 0, 0, 1.0)",2.90871174852992,25.463526388926297,-1.9230253364752616,24.07391526792065,-21.337071090569353,False,True,False,True,False,0.0,0.0,0.0,0.0,0.0,0,0.7938010909709023,1.115992922596696,False,False,False,False,-0.34282825441539394,-0.3423606899965793,False,False,False,False,-1778221,-1158047.5313498776,False,False,False,False,133966.69291048494,False,False,False,False
2022-11-14 00:00:00+00:00,19.97,20.05,19.42,19.9,139606,,,,,,,,,,,,,,,,,,,,,,,,,,,,25.710819775725323,26.091474504301175,25.905315028570836,25.094177354713928,25.20623746360481,,,,,,,,,,,,,,,,,,,,,,,,,,,,23.35815912251126,25.28827782036439,26.01548946084551,26.050476589589522,25.4691124273928,25.071008243201454,25.27587779369464,,,,,,25.710819775725323,25.378035465376303,"rgba(255, 0, 0, 1.0)",3.0303375484684225,25.378035465376303,-1.7846313748478633,24.659998182999544,-21.337071090569353,False,True,False,True,False,0.0,0.0,0.0,0.0,0.0,0,0.7838537497178817,1.1187405839903242,False,False,False,False,-0.34282825441539394,-0.3425944722059866,False,False,False,False,-1638615,-1176893.314434196,False,False,False,False,134187.84220811297,False,False,False,False
2022-11-15 00:00:00+00:00,20.39,20.77,20.19,20.26,126435,,,,,,,,,,,,,,,,,,,,,,,,,,,,25.617160307456835,26.004735487536795,25.8407561720709,25.056093017130106,25.175859938531833,,,,,,,,,,,,,,,,,,,,,,,,,,,,23.25730534686816,25.19411459051032,25.92559380109764,25.977369440062283,25.417784671511292,25.03415103543457,25.24583409753499,,,,,,25.617160307456835,25.312229825478813,"rgba(255, 0, 0, 1.0)",3.131494908244354,25.312229825478813,-1.5718466641986075,26.643359478350803,-21.337071090569353,False,True,False,True,True,0.0,0.0,0.0,0.0,0.0,0,0.7928745782112122,1.1082199120797236,False,False,False,False,-0.2915831772090303,-0.31708882470750843,False,False,False,False,-1512180,-1190041.811907365,False,False,False,False,133883.80918034384,False,False,False,False
2022-11-16 00:00:00+00:00,20.44,20.79,20.26,20.39,109531,,,,,,,,,,,,,,,,,,,,,,,,,,,,25.539386591171695,25.93233449593723,25.78652490297218,25.023931005665826,25.150112545313302,,,,,,,,,,,,,,,,,,,,,,,,,,,,23.176786427708844,25.116228294790798,25.850676135898286,25.916084015110165,25.37457028937972,25.00301379856114,25.220358269017826,,,,,,25.539386591171695,25.257500564293917,"rgba(239, 83, 80, 1.0)",3.2254750498643228,25.257500564293917,-1.4935786170463665,28.159092454883545,-21.337071090569353,False,True,False,True,True,0.0,0.0,0.0,0.0,0.0,0,0.7874922923405804,1.125364958889241,False,False,False,False,-0.2885374294466342,-0.3028131270770713,False,False,False,False,-1402649,-1198379.3486953115,False,False,False,False,132928.79705562448,False,False,False,False
2022-11-17 00:00:00+00:00,20.1,20.36,19.94,20.07,169980,,,,,,,,,,,,,,,,,,,,,,,,,,,,25.414893843495857,25.816406278235313,25.69887642751015,24.97097352292531,25.10763541103243,,,,,,,,,,,,,,,,,,,,,,,,,,,,23.044994162124567,24.991228868797304,25.73080276335193,25.817445982812465,25.304104132164763,24.951701007569778,25.178359646743527,,,,,,25.414893843495857,25.16895183723028,"rgba(255, 0, 0, 1.0)",3.3239414788703656,25.16895183723028,-1.5249822746437016,28.557325596324524,-21.337071090569353,False,True,False,True,True,0.0,0.0,0.0,0.0,0.0,0,0.7720957608442721,1.1322841851470182,False,False,False,False,-0.31408432150629684,-0.3084487242916841,False,False,False,False,-1572629,-1213055.8056092209,False,False,False,False,134381.78540638433,False,False,False,False
2022-11-18 00:00:00+00:00,19.47,20.25,19.46,20.25,441250,,,,,,,,,,,,,,,,,,,,,,,,,,,,25.094036386046653,25.515972112004913,25.46781046180267,24.827589409320716,24.991908219250035,,,,,,,,,,,,,,,,,,,,,,,,,,,,22.709670628094777,24.669361480824822,25.420882948609258,25.559188337970024,25.116012388941755,24.81258364599263,25.06397174371226,,,,,,25.094036386046653,24.93741564688088,"rgba(255, 0, 0, 1.0)",3.4314168428725638,24.93741564688088,-1.5933405637491445,27.77424073970326,-21.337071090569353,False,True,False,True,True,0.0,0.0,0.0,0.0,0.0,0,0.7503407103542802,1.14359552270525,False,False,False,False,-0.3344624576120586,-0.3214555909518714,False,False,False,False,-2013879,-1244460.6367618006,False,False,False,False,146415.8330375065,False,False,False,False
2022-11-21 00:00:00+00:00,19.1,19.49,18.68,19.39,450273,,,,,,,,,,,,,,,,,,,,,,,,,,,,24.767249675738277,25.2079730835718,25.225569814392628,24.67185566329234,24.865163344922927,,,,,,,,,,,,,,,,,,,,,,,,,,,19.09,22.37130758729413,24.341713903656135,25.104100795785843,25.290885526570865,24.915536504861244,24.661215894641025,24.938743448660926,,,,,,24.767249675738277,24.265485787952933,"rgba(239, 83, 80, 1.0)",3.5327981916694635,24.265485787952933,-1.4621513904002321,26.68652934668988,-21.337071090569353,False,True,False,True,True,0.0,0.0,0.0,0.0,0.0,0,0.7297475382704229,1.1654072973009635,False,False,False,False,-0.34282825441539394,-0.33214192268363263,False,False,False,False,-2464152,-1292291.6706142789,False,False,False,False,158331.80036936898,False,False,False,False
2022-11-22 00:00:00+00:00,20.19,20.21,19.06,19.29,328478,,,,,,,,,,,,,,,,,,,,,,,,,,,,24.578317941873742,25.02594416139152,25.079830232645943,24.577650186361463,24.787343117567833,,,,,,,,,,,,,,,,,,,,,,,,,,,19.397914776353417,22.208431601900966,24.155959934076808,24.918008927725715,25.13022157181074,24.79480012888478,24.56956733563581,24.8616456454909,,,,,,24.578317941873742,24.16043350474767,"rgba(239, 83, 80, 1.0)",3.5890027122403287,24.16043350474767,-1.10627765512867,30.325489098546704,-24.19851143956585,False,True,False,True,True,0.0,0.0,0.0,0.0,0.0,0,0.7581764237979944,1.1460231198434676,False,False,False,False,-0.3047366258968316,-0.3184392742902321,False,False,False,False,-2135674,-1325365.4874529347,False,False,False,False,165004.20035488394,False,False,False,False
2022-11-23 00:00:00+00:00,20.07,20.6,19.835,20.07,154060,,,,,,,,,,,,,,,,,,,,,,,,,,,,24.500719702437504,24.95017477720059,25.018499763723238,24.537859064213997,24.75416748491278,,,,,,,,,,,,,,,,,,,,,,,,,,,19.52515457400624,22.149123196674477,24.080581855302327,24.84083171889124,25.062807513415283,24.743951227503015,24.53083352232745,24.82872377148911,,,,,,24.500719702437504,24.117186782469023,"rgba(239, 83, 80, 1.0)",3.639473395231042,24.117186782469023,-1.1120253792134394,32.493616888797,-22.131708466536843,False,True,False,True,True,0.0,0.0,0.0,0.0,0.0,0,0.7731634290548736,1.1394200823131506,False,False,False,False,-0.2651627641041345,-0.29180101919718326,False,False,False,False,-2289734,-1363183.8604939962,False,False,False,False,164575.01602724145,False,False,False,False
2022-11-25 00:00:00+00:00,20.35,20.53,19.98,20.13,27972,,,,,,,,,,,,,,,,,,,,,,,,,,,,24.48729937444929,24.937004673756338,25.007795866689964,24.53090484698777,24.748349097799146,,,,,,,,,,,,,,,,,,,,,,,,,,,19.547325049811803,22.13934410320107,24.067605168612456,24.827435318431135,25.051054635085837,24.73507414384422,24.5240625901132,24.82294629034266,,,,,,24.48729937444929,24.10970778147114,"rgba(239, 83, 80, 1.0)",3.666434294029065,24.10970778147114,-1.0254398360810595,34.995045435663414,-19.780615495109256,False,True,False,True,True,0.0,0.0,0.0,0.0,0.0,0,0.7761306823646724,1.14437166428828,False,False,False,False,-0.2579658705282231,-0.2748834448627032,False,False,False,False,-2261762,-1398422.2189059965,False,False,False,False,159218.03500656533,False,False,False,False
2022-11-28 00:00:00+00:00,19.9,20.45,19.78,20.45,148269,,,,,,,,,,,,,,,,,,,,,,,,,,,,24.413527518992538,24.8648299459636,24.94897449856624,24.492328045121546,24.71609105050578,,,,,,,,,,,,,,,,,,,,,,,,,,,19.613636324837188,22.08258823060488,23.995943482676264,24.753986082049273,24.986577458392112,24.68606240267727,24.48648971282061,24.790936180283737,,,,,,24.413527518992538,24.063997764114696,"rgba(239, 83, 80, 1.0)",3.6912813176139454,24.063997764114696,-1.128062969420688,35.57686743434505,-19.219021120073258,False,True,False,True,True,0.0,0.0,0.0,0.0,0.0,0,0.7864666334416099,1.1307005430917818,False,False,False,False,-0.26790932960144387,-0.27139638723207354,False,False,False,False,-2410031,-1438093.1514979182,False,False,False,False,158788.66108473926,False,False,False,False
2022-11-29 00:00:00+00:00,19.91,19.97,19.6441,19.89,112700,,,,,,,,,,,,,,,,,,,,,,,,,,,,24.35655448429916,24.809138872798993,24.903385484816923,24.462135298744762,24.690818840049758,,,,,,,,,,,,,,,,,,,,,,,,,,,19.63464321455309,22.037389350466935,23.94046033239669,24.697318486898848,24.936710495989146,24.64789686787974,24.457070082980298,24.76586757242649,,,,,,24.35655448429916,24.02610687571545,"rgba(239, 83, 80, 1.0)",3.7071789376391933,24.02610687571545,-1.1103070407323443,36.006642935374614,-18.705888078482893,False,False,False,True,True,0.0,0.0,0.0,0.0,0.0,0,0.7856009402304671,1.1386998227174874,False,False,False,False,-0.2899678555073812,-0.28068212136972737,False,False,False,False,-2297331,-1471788.7533999605,False,False,False,False,156981.26261082792,False,False,False,False
2022-11-30 00:00:00+00:00,21.06,21.11,19.91,20.04,119846,,,,,,,,,,,,,,,,,,,,,,,,,,,,24.30864807815817,24.761182445882994,24.86380081565918,24.436296337665762,24.668901291718218,,,,,,,,,,,,,,,,,,,,,,,,,,,19.72921683196705,22.009170160259963,23.894992005244337,24.6487987009698,24.893422460559762,24.615043494741915,24.431890782093454,24.74405060675873,,,,,,24.30864807815817,24.00041646243687,"rgba(239, 83, 80, 0.5)",3.703658906716071,24.00041646243687,-0.793922047493314,40.519938287227475,-14.379909852398953,True,False,False,True,True,0.0,0.0,0.0,0.0,0.0,0,0.7975359696734728,1.114351057747284,False,False,False,False,-0.23998056034076426,-0.2603313408552458,False,False,False,False,-2177485,-1499463.116011727,False,False,False,False,155524.97780256017,False,False,False,False
2022-12-01 00:00:00+00:00,21.19,21.59,20.89,21.03,174615,,,,,,,,,,,,,,,,,,,,,,,,,,,21.223333333333333,24.250959386122076,24.702124500504016,24.81460302848873,24.404518909948607,24.641594647007082,,,,,,,,,,,,,,,,,,,,,,,,,,,19.901287083894765,21.985844633181802,23.84157525314021,24.589369055026406,24.839671859567787,24.574480232111853,24.400918046133484,24.71678330670561,,,,,,24.250959386122076,23.777647376797557,"rgba(239, 83, 80, 0.5)",3.6911975058274806,23.777647376797557,-0.7010319476842692,43.93859382213891,-11.240116723302265,True,False,False,True,True,0.0,0.0,0.0,0.0,0.0,0,0.8120077336333812,1.1210361167017955,False,False,False,False,-0.18112797720227886,-0.22072965902876232,False,False,False,False,-2002870,-1519204.5624426396,False,False,False,False,156273.6061240284,False,False,False,False
2022-12-02 00:00:00+00:00,21.23,21.25,20.64,20.87,94620,,,,,,,,,,,,,,,,,,,,,,,,,,,21.158902631530076,24.218752456670646,24.669295118511204,24.787162508501062,24.386583304150605,24.626193868365533,,,,,,,,,,,,,,,,,,,,,,,,,,,19.9681748470098,21.970872262395776,23.811547678495547,24.556311381698563,24.80975464243044,24.55172214848264,24.38342911506518,24.70141727912558,,,,,,24.218752456670646,23.757151374459475,"rgba(239, 83, 80, 0.5)",3.6756415043456645,23.757151374459475,-0.6875402216107462,46.35190985606792,-9.077711736643103,True,False,False,False,True,0.0,0.0,0.0,0.0,0.0,0,0.8154959276309436,1.1203199948491773,False,False,False,False,-0.1970910009837239,-0.2089103300062431,False,False,False,False,-1908250,-1534461.2462684184,False,False,False,False,153855.8176485763,False,False,False,False
2022-12-05 00:00:00+00:00,20.55,21.22,20.39,21.22,127605,,,,,,,,,,,,,,,,,,,,,,,,,,,21.017772275980246,24.17205672536933,24.62211978838696,24.747674956070863,24.36041182066437,24.603796906724682,,,,,,,,,,,,,,,,,,,,,,,,,,,20.023360392106785,21.944726893582192,23.767497660343402,24.508723239014614,24.766784193183152,24.518735820556653,24.357899703018187,24.679103395428488,,,,,,24.17205672536933,23.72076169788785,"rgba(239, 83, 80, 0.5)",3.668241854936272,23.72076169788785,-0.8643818546536193,45.6975502154564,-9.077711736643103,True,False,False,False,True,0.0,0.0,0.0,0.0,0.0,0,0.8294655982940501,1.097130902570233,False,False,False,False,-0.20770743478325737,-0.20830888239475023,False,False,False,False,-2035855,-1554123.7464147548,False,False,False,False,152826.37381922037,False,False,False,False
2022-12-06 00:00:00+00:00,19.89,20.61,19.71,20.42,303688,,,,,,,,,,,,,,,,,,,,,,,,,,,20.606900666354523,24.04577353564602,24.496286704522127,24.642032631008885,24.288746320695672,24.54276300432294,,,,,,,,,,,,,,,,,,,,,,,,,,,20.030296246819898,21.855889397616455,23.64622715719946,24.381441146502315,24.652204656444226,24.42941995523236,24.287945482456127,24.618435428484755,,,,,,24.04577353564602,23.60888302380755,"rgba(239, 83, 80, 1.0)",3.6832063147150413,23.60888302380755,-1.0096863183987206,43.42555967244399,-9.077711736643103,True,False,False,True,False,0.0,0.0,0.0,0.0,0.0,0,0.8167531915235061,1.104612162693477,False,False,False,False,-0.257261066942687,-0.2327849746687186,False,False,False,False,-2339543,-1584924.5014573135,False,False,False,False,158742.5160223882,False,False,False,False
2022-12-07 00:00:00+00:00,19.42,19.865,19.23,19.8,116614,,,,,,,,,,,,,,,,,,,,,,,,,,,20.44964887375756,23.992722612266732,24.443862582962645,24.59786610602956,24.258258551100077,24.516855197336582,,,,,,,,,,,,,,,,,,,,,,,,,,,20.00192001970285,21.81387655435263,23.59472043018666,24.328330774120854,24.604435058872372,24.391746550660752,24.258168848185782,24.592720265778503,,,,,,23.992722612266732,23.560366601808113,"rgba(239, 83, 80, 1.0)",3.708743868357733,23.560366601808113,-1.1163797632758892,40.762878172532815,-3.5098522871114,True,False,False,True,False,0.0,0.0,0.0,0.0,0.0,0,0.7989195437360024,1.1291369996066685,False,False,False,False,-0.30548768597891907,-0.26913633032381884,False,False,False,False,-2456157,-1619090.481792321,False,False,False,False,157090.41735484358,False,False,False,False
2022-12-08 00:00:00+00:00,19.59,19.97,19.35,19.61,68143,,,,,,,,,,,,,,,,,,,,,,,,,,,20.387071233181025,23.963185214483627,24.41453854978008,24.57306553349168,24.2411108744889,24.502233529214767,,,,,,,,,,,,,,,,,,,,,,,,,,,19.990743204739537,21.791375184299117,23.566161484032786,24.298660700100275,24.57763947853422,24.370583854320454,24.241417227035427,24.578198859157222,,,,,,23.963185214483627,23.535427494775654,"rgba(239, 83, 80, 1.0)",3.7234783118394477,23.535427494775654,-1.059608023559713,39.72039230732635,-4.534819035284393,True,False,False,True,False,0.0,0.0,0.0,0.0,0.0,0,0.7931275733401952,1.1361055712815231,False,False,False,False,-0.2930963613552779,-0.28111634583954836,False,False,False,False,-2388014,-1649244.3452514457,False,False,False,False,153602.28334092814,False,False,False,False
2022-12-09 00:00:00+00:00,19.52,19.75,19.34,19.4,161197,,,,,,,,,,,,,,,,,,,,,,,,,,,20.256077422577103,23.893303136411184,24.345151907311674,24.514204846533943,24.200178916472808,24.467287516097908,,,,,,,,,,,,,,,,,,,,,,,,,,,19.960092734190923,21.737567434385273,23.498538150201295,24.22847196677438,24.51412898120425,24.320222232024648,24.201419252478313,24.543495529594807,,,,,,23.893303136411184,23.477152859018464,"rgba(239, 83, 80, 1.0)",3.7253993654952544,23.477152859018464,-1.0622090333910819,38.83489927439604,-5.493932391346966,False,False,False,True,False,0.0,0.0,0.0,0.0,0.0,0,0.8124518844900164,1.140046846079507,False,False,False,False,-0.3029235376279934,-0.2920199417337709,False,False,False,False,-2549211,-1684537.155241585,False,False,False,False,153900.11536677412,False,False,False,False
2022-12-12 00:00:00+00:00,19.98,20.26,19.5,19.66,136860,,,,,,,,,,,,,,,,,,,,,,,,,,,20.216437186657227,23.840662586693554,24.292266797480302,24.4690008523385,24.168743788368477,24.440238604856358,,,,,,,,,,,,,,,,,,,,,,,,,,,19.95755822184553,21.701339545256563,23.44817241191833,24.175139480515444,24.465436396835017,24.281583083545,24.17068936651696,24.516592966956765,,,,,,23.840662586693554,23.43884723498457,"rgba(239, 83, 80, 0.5)",3.7017646242479207,23.43884723498457,-0.9343779483784161,40.319597069963606,-5.493932391346966,True,False,False,True,False,0.0,0.0,0.0,0.0,0.0,0,0.8336106489184689,1.1136719329170852,False,False,False,False,-0.27444711077745815,-0.2832335262556145,False,False,False,False,-2412351,-1713078.874643876,False,False,False,False,153231.87554846925,False,False,False,False
2022-12-13 00:00:00+00:00,19.86,20.78,19.73,20.77,64891,,,,,,,,,,,,,,,,,,,,,,,,,,,20.211597062941507,23.817495865644965,24.26881187295561,24.448850498512677,24.154727256700625,24.428115322361762,,,,,,,,,,,,,,,,,,,,,,,,,,,19.961711895486616,21.68661950903408,23.42617271897814,24.151533823838186,24.443756157877164,24.264367877310864,24.15698359017087,24.50452323970502,,,,,,23.817495865644965,23.42323333510843,"rgba(239, 83, 80, 0.5)",3.698183810398763,23.42323333510843,-0.9635089865163355,40.91113942672256,-5.493932391346966,True,False,False,True,False,0.0,0.0,0.0,0.0,0.0,0,0.8393247966550156,1.0941185117433765,False,False,False,False,-0.24307550156577235,-0.26315451391069344,False,False,False,False,-2477242,-1743046.0560303908,False,False,False,False,149767.52748774498,False,False,False,False
2022-12-14 00:00:00+00:00,19.3,19.85,19.05,19.84,78756,,,,,,,,,,,,,,,,,,,,,,,,,,,20.16342926479923,23.784334197086096,24.235791964221157,24.420596450516,24.134816840563584,24.411035851970706,,,,,,,,,,,,,,,,,,,,,,,,,,,19.94513451500738,21.66102162485852,23.39409792462083,24.11817271739784,24.41337576556065,24.240048605534962,24.137512878840205,24.48755959066878,,,,,,23.784334197086096,23.396209156546142,"rgba(239, 83, 80, 1.0)",3.704758143374669,23.396209156546142,-1.1056616918088205,39.56424363664459,-5.493932391346966,True,False,False,True,False,0.0,0.0,0.0,0.0,0.0,0,0.8148406931246505,1.1356327886101334,False,False,False,False,-0.3110846123093228,-0.28711956311000814,False,False,False,False,-2555998,-1774926.524421356,False,False,False,False,146982.76170391185,False,False,False,False
2022-12-15 00:00:00+00:00,19.15,19.15,17.65,18.63,570595,,,,,,,,,,,,,,,,,,,,,,,,,,,19.708347871117518,23.519491416634718,23.974184413036063,24.195746651031016,23.97331365436609,24.272661556042415,,,,,,,,,,,,,,,,,,,,,,,,,,18.649999999999995,19.71699133608423,21.435130087309854,23.135217451546197,23.853478359122995,24.172379743381455,24.044645536891345,23.979468739654553,24.350311289515933,,,,,,23.519491416634718,22.865424540382296,"rgba(239, 83, 80, 0.5)",3.723110745280303,22.865424540382296,-0.9979355422323257,38.23278368907812,-6.640208797517019,False,False,False,True,False,0.0,0.0,0.0,0.0,0.0,1,0.7835901343038002,1.1487311249260395,True,False,False,False,-0.34282825441539394,-0.31497390876270104,False,False,False,False,-3126593,-1827933.0528754205,False,False,False,False,163595.0063429741,False,False,False,False
2022-12-16 00:00:00+00:00,19.5,19.51,18.82,19.07,742202,,,,,,,,,,,,,,,,,,,,,,,,,,,19.586976421573567,23.25271362774313,23.704444332674274,23.95845745664383,23.800061892725676,24.121301914880156,,,,,,,,,,,,,,,,,,,,,,,,,,19.004291831359556,19.634906852324047,21.243224762094258,22.879487018189618,23.58237128349297,23.91983323933754,23.837281540805726,23.809651692149394,24.199752129146585,,,,,,23.25271362774313,22.70231706634269,"rgba(239, 83, 80, 0.5)",3.733145489161021,22.70231706634269,-0.8578066608013105,39.12817037520095,-6.640208797517019,False,False,False,True,False,0.0,0.0,0.0,0.0,0.0,1,0.803578247763595,1.141984286259821,False,False,False,False,-0.2755299127856692,-0.2952519107741851,False,False,False,False,-2384391,-1849754.9331548158,False,False,False,False,186285.47668246535,False,False,False,False
2022-12-19 00:00:00+00:00,19.05,19.325,18.855,19.29,315862,,,,,,,,,,,,,,,,,,,,,,,,,,,19.53244101688248,23.143879101180598,23.59405186580959,23.860254826287754,23.727056595967806,24.0570879560089,,,,,,,,,,,,,,,,,,,,,,,,,,19.01832820129935,19.593874325556413,21.164237192635746,22.775168994448464,23.471580549801992,23.815793560724025,23.75077028273665,23.738018918311035,24.135860535278795,,,,,,23.143879101180598,22.625226928195307,"rgba(239, 83, 80, 0.5)",3.752574482038069,22.625226928195307,-0.9527397644759223,38.29186619295267,-6.930662137775812,False,False,False,True,False,0.0,0.0,0.0,0.0,0.0,0,0.8401079560765289,1.1347345728914036,False,False,False,False,-0.28201234374595696,-0.28863212726007104,True,False,False,False,-2700253,-1883107.7985212936,False,False,False,False,191366.9089694275,True,False,False,False
2022-12-20 00:00:00+00:00,19.4,19.6,18.84,18.84,180905,,,,,,,,,,,,,,,,,,,,,,,,,,,19.517881134693617,23.087053571036993,23.535906881311572,23.80808591129337,23.688035598485023,24.022513019068345,,,,,,,,,,,,,,,,,,,,,,,,,,19.044487948478196,19.581194664940956,21.12569803215464,22.72110542580433,23.413370463575014,23.76066642875481,23.704718293566902,23.699707926269674,24.101422331922905,,,,,,23.087053571036993,22.587456508757093,"rgba(239, 83, 80, 0.5)",3.759986232483905,22.587456508757093,-0.8477308989111407,39.47697889469512,-6.930662137775812,True,False,False,True,False,0.0,0.0,0.0,0.0,0.0,0,0.8387021613698559,1.109614749167563,False,False,False,False,-0.27079047339955603,-0.2797113003298135,False,False,False,False,-2519348,-1908058.3946577136,False,False,False,False,190956.63802944997,False,False,False,False
2022-12-21 00:00:00+00:00,19.49,19.73,19.14,19.54,172938,,,,,,,,,,,,,,,,,,,,,,,,,,,19.514508178649425,23.03667474794353,23.483974186242722,23.761180567984617,23.652809809842523,23.991116481332664,,,,,,,,,,,,,,,,,,,,,,,,,,19.080152428597803,19.5764404916784,21.093625898284262,22.67348938189178,23.361486651128207,23.711196230229177,23.663262929538426,23.665107106492577,24.070121628095688,,,,,,23.03667474794353,22.555676447862123,"rgba(239, 83, 80, 0.5)",3.756278985887479,22.555676447862123,-0.8161471656871117,40.70900490777318,-6.930662137775812,True,False,False,True,False,0.0,0.0,0.0,0.0,0.0,0,0.8514887607895989,1.103120882139592,False,False,False,False,-0.2523748861969217,-0.2660430932633676,False,False,False,False,-2346410,-1925248.6536907444,False,False,False,False,190250.02477339312,False,False,False,False
2022-12-22 00:00:00+00:00,19.5,19.5,19.0383,19.41,297070,,,,,,,,,,,,,,,,,,,,,,,,,,,19.50063651042272,22.950825384565587,23.395490168943876,23.68097513450402,23.5921375683038,23.93692850220442,,,,,,,,,,,,,,,,,,,,,,,,,,19.11481027008579,19.562611661630115,21.03789289764964,22.59223687981798,23.273104934245065,23.626743704889353,23.592141109802046,23.60548824506823,24.016100338888013,,,,,,22.950825384565587,22.49854155406804,"rgba(239, 83, 80, 0.5)",3.7289832539323853,22.49854155406804,-0.8041177312625204,41.58299357965505,-6.930662137775812,True,False,False,True,True,0.0,0.0,0.0,0.0,0.0,0,0.8426649487303375,1.099318194019434,False,False,False,False,-0.2665651692969832,-0.2663041312801754,False,False,False,False,-2049340,-1930114.9809969896,False,False,False,False,194439.04340973063,False,False,False,False
2022-12-23 00:00:00+00:00,19.39,19.51,19.2,19.51,63300,,,,,,,,,,,,,,,,,,,,,,,,,,,19.49832571687774,22.933147597709628,23.37721605481143,23.664339345383944,23.57949129030087,23.925596060972826,,,,,,,,,,,,,,,,,,,,,,,,,,19.12161495677101,19.560136670179283,21.026612416769957,22.575540180379242,23.254868965907757,23.6092535170538,23.577360138913022,23.593057010013514,24.0047987087793,,,,,,22.933147597709628,22.48675724205489,"rgba(239, 83, 80, 0.5)",3.7003433003629,22.48675724205489,-0.836883767446978,41.695795168352376,-6.930662137775812,True,False,False,True,True,0.0,0.0,0.0,0.0,0.0,0,0.8627352432009825,1.1164907578042103,False,False,False,False,-0.25920700676207364,-0.2627555690211245,False,False,False,False,-2112640,-1937272.8248794607,False,False,False,False,189296.33582503532,False,False,False,False
2022-12-27 00:00:00+00:00,19.63,19.89,19.0753,19.42,47298,,,,,,,,,,,,,,,,,,,,,,,,,,,19.49875122733966,22.92065831746799,23.36422708116219,23.65246684216041,23.570459631670797,23.917470361665004,,,,,,,,,,,,,,,,,,,,,,,,,,19.129731264638078,19.55987141837412,21.019111005753082,22.563812854079735,23.241927613001998,23.596783173991156,23.566813474523983,23.584176833365934,23.996689209701643,,,,,,22.92065831746799,22.478863353926382,"rgba(239, 83, 80, 0.5)",3.6488317271385697,22.478863353926382,-0.7807604096230752,43.172993066738314,-10.806042627348916,True,False,False,True,True,0.0,0.0,0.0,0.0,0.0,1,0.8295655308373864,1.1058025641824385,False,False,False,False,-0.2483164797699593,-0.2555360243955419,False,False,False,False,-2065342,-1942295.1454724232,False,False,False,False,183727.77363581827,False,False,False,False
2022-12-28 00:00:00+00:00,19.35,19.96,19.25,19.66,218341,,,,,,,,,,,,,,,,,,,,,,,,,,,19.49993010633126,22.863977256466043,23.305205650320538,23.59837872462294,23.52916411464283,23.88024652617998,,,,,,,,,,,,,,,,,,,,,,,,,,19.16239804884856,19.558221730352553,20.98516981596792,22.510621548305277,23.18314866973408,23.54002774629654,23.51869151475991,23.543564212090104,23.959533812732804,,,,,,22.863977256466043,22.44255196517675,"rgba(239, 83, 80, 0.5)",3.5904390657250755,22.44255196517675,-0.8613297450717828,42.850315296302455,-10.806042627348916,True,False,False,True,True,0.0,0.0,0.0,0.0,0.0,1,0.8296155114244547,1.1353817109357707,False,False,False,False,-0.23793205632343079,-0.24673404035948635,False,False,False,False,-2283683,-1955682.9044735045,False,False,False,False,185085.1550618646,False,False,False,False
2022-12-29 00:00:00+00:00,19.92,19.93,19.46,19.59,96630,,,,,,,,,,,,,,,,,,,,,,,,,,,19.506402331637787,22.84132158442555,23.281346712871702,23.57633039683818,23.512278712300066,23.86490605052644,,,,,,,,,,,,,,,,,,,,,,,,,,19.184102121405132,19.562029912343906,20.973114546242773,22.48958848239319,23.159458896269054,23.51694202518246,23.49906663760249,23.526949208726716,23.944201240193397,,,,,,22.84132158442555,22.429202590597257,"rgba(239, 83, 80, 0.5)",3.542487800941578,22.429202590597257,-0.7083165085086023,45.716794425718504,-8.08998874094334,True,False,False,False,True,0.0,0.0,0.0,0.0,0.0,1,0.8205072453920752,1.141669044804109,False,False,False,False,-0.22541416620760138,-0.23607410328354386,False,False,False,False,-2187053,-1964756.241552975,False,False,False,False,181616.32545159542,False,False,False,False
2022-12-30 00:00:00+00:00,19.79,19.99,19.58,19.82,79885,,,,,,,,,,,,,,,,,,,,,,,,,,,19.511847087166103,22.82294121939708,23.261956583079712,23.558372649642468,23.498495155890957,23.85236138805353,,,,,,,,,,,,,,,,,,,,,,,,,,19.201385934446094,19.565320411159842,20.963463052261712,22.47254754339507,23.140216298567765,23.498153181840866,23.483068857505835,23.513383940190852,23.931660404815,,,,,,22.82294121939708,22.418344913827525,"rgba(239, 83, 80, 0.5)",3.4706088569353244,22.418344913827525,-0.7573152210959466,46.96610926027509,-6.844668446256783,True,False,False,False,True,0.0,0.0,0.0,0.0,0.0,1,0.8376943201029955,1.131150320029689,False,False,False,False,-0.21751024773478508,-0.22679217550916447,False,False,False,False,-2266938,-1976606.5065901135,False,False,False,False,177626.8617083956,False,False,False,False
2023-01-03 00:00:00+00:00,19.84,20.13,19.56,19.75,109371,,,,,,,,,,,,,,,,,,,,,,,,,,,19.520435494440292,22.798595370897957,23.23618299662536,23.534426092589825,23.480074166387276,23.835548699356266,,,,,,,,,,,,,,,,,,,,,,,,,,19.225643294083937,19.57078628187078,20.95112515982683,22.45004713848226,23.114663677351757,23.473122224242747,23.46172086782723,23.495250431749874,23.914845929357032,,,,,,22.798595370897957,22.40416452167263,"rgba(239, 83, 80, 0.5)",3.409904482031229,22.40416452167263,-0.7519754688686164,48.06953179204557,-5.730116841862149,True,False,False,False,True,0.0,0.0,0.0,0.0,0.0,1,0.8379433068381659,1.1328238465785967,False,False,False,False,-0.2122558521064914,-0.21952401380782793,False,False,False,False,-2157567,-1983702.996527756,False,False,False,False,174950.1612492428,False,False,False,False
2023-01-04 00:00:00+00:00,20.38,20.625,20.05,20.13,146080,,,,,,,,,,,,,,,,,,,,,,,,,,,19.548237943191772,22.772179690522734,23.207426637875056,23.50725862953063,23.45915691107966,23.816143224230757,,,,,,,,,,,,,,,,,,,,,,,,,,19.27974319165491,19.590766966377206,20.942434000527413,22.426333332131648,23.08635443464023,23.44482768699214,23.43754652107963,23.47464096413912,23.89537956724432,,,,,,22.772179690522734,22.392561980081148,"rgba(239, 83, 80, 0.5)",3.3465800103636933,22.392561980081148,-0.6013787131485409,51.46088954449016,-2.508097917412613,True,False,True,False,True,0.0,0.0,0.0,0.0,0.0,1,0.8508695611932283,1.0997288116768322,False,False,False,False,-0.16953246587937795,-0.19452823984360296,False,False,False,False,-2011487,-1984792.5652913735,False,False,False,False,173817.998062998,False,False,False,False
2023-01-05 00:00:00+00:00,19.51,20.12,19.36,20.12,88469,,,,,,,,,,,,,,,,,,,,,,,,,,,19.55052306944932,22.75198626700892,23.186157386594648,23.487489785185424,23.44384840851774,23.80218144756306,,,,,,,,,,,,,,,,,,,,,,,,,,19.29058896407928,19.591874312194513,20.93130062136027,22.40755158282669,23.065245259620465,23.42418189044912,23.419862788207066,23.459568121722622,23.88142349072666,,,,,,22.75198626700892,22.379585559700388,"rgba(239, 83, 80, 0.5)",3.2906326235335297,22.379585559700388,-0.8720467727627957,49.42804277052304,-2.508097917412613,True,False,False,False,False,0.0,0.0,0.0,0.0,0.0,1,0.8420646437385041,1.0990128751397965,False,False,False,False,-0.22145880367225249,-0.20799352175792774,False,False,False,False,-2099956,-1989308.778417202,False,False,False,False,170470.97853111572,False,False,False,False
2023-01-06 00:00:00+00:00,19.81,19.85,19.27,19.6,96936,,,,,,,,,,,,,,,,,,,,,,,,,,,19.552499109565513,22.730017942882235,23.16301307962469,23.465949028349172,23.427127948429913,23.7869174330262,,,,,,,,,,,,,,,,,,,,,,,,,,19.3011887405677,19.5927205685194,20.919133192908888,22.387115448336566,23.042278495040346,23.401698534207167,23.400573754119847,23.44310271851679,23.866165031280953,,,,,,22.730017942882235,22.36530006835836,"rgba(239, 83, 80, 0.5)",3.238833278977032,22.36530006835836,-0.788956963281987,49.48239450512688,-2.508097917412613,True,False,False,False,False,0.0,0.0,0.0,0.0,0.0,1,0.8282232373905811,1.1182935829526446,False,False,False,False,-0.23732251731361353,-0.22265801953577063,False,False,False,False,-2003020,-1989846.4733812334,False,False,False,False,167587.25388283667,False,False,False,False
2023-01-09 00:00:00+00:00,20.22,20.54,19.81,19.81,61774,,,,,,,,,,,,,,,,,,,,,,,,,,,19.561033022793012,22.71863038308183,23.150687487461376,23.454292489957776,23.41807749485636,23.778524143340736,,,,,,,,,,,,,,,,,,,,,,,,,,19.31788921858005,19.598915134389244,20.914769896230432,22.37681256902513,23.030130909149864,23.389573455292975,23.390157547340664,23.43418275200559,23.85774990108914,,,,,,22.71863038308183,22.359428426972947,"rgba(239, 83, 80, 0.5)",3.1561699905120952,22.359428426972947,-0.6778558928715438,51.26992616102916,-2.508097917412613,True,False,True,False,False,0.0,0.0,0.0,0.0,0.0,1,0.8232353444858105,1.1167068990998723,False,False,False,False,-0.16135690860062782,-0.19200746406819924,False,False,False,False,-1941246,-1987940.5724643222,False,False,False,False,163437.7145148823,False,False,False,False
2023-01-10 00:00:00+00:00,21.12,21.2,20.01,20.01,139966,,,,,,,,,,,,,,,,,,,,,,,,,,,19.59681878499278,22.699102170585352,23.12859463371537,23.432877795508926,23.401450230372987,23.762736455707728,,,,,,,,,,,,,,,,,,,,,,,,,,19.377457993753886,19.62595573797858,20.912922417098308,22.359990005540777,23.008593432534653,23.367412350306843,23.3710860867074,23.417774271304644,23.84185201399937,,,,,,22.699102170585352,22.353641625340508,#000000,3.09195963984243,22.353641625340508,-0.39898374139300696,55.4879789341023,1.0243235361056122,True,False,True,False,True,0.0,0.0,0.0,0.0,0.0,1,0.861776828510404,1.0877437359068323,False,False,False,False,-0.11934424389499165,-0.15567585398159545,False,False,False,False,-1801280,-1980620.5500147408,False,False,False,False,162517.25512214183,False,False,False,False
2023-01-11 00:00:00+00:00,21.54,21.83,21.04,21.67,163774,,,,,,,,,,,,,,,,,,,,,,,,,,,19.659192588651216,22.684808245002998,23.110728669252254,23.414679428491617,23.387327987767918,23.748713467130788,,,,,,,,,,,,,,,,,,,,,,,,,,19.47288160466478,19.6741997196265,20.92150797320384,22.34917491190804,22.991577311093074,23.34876732839224,23.354990951051676,23.403803281793845,23.827617855600014,,,,,,22.684808245002998,22.35666475490872,#000000,3.040106014035809,22.35666475490872,-0.2686303540528775,59.42506627609414,4.574028295440321,True,False,True,False,True,0.0,0.0,0.0,0.0,0.0,0,0.8713388599411219,1.061182351920888,False,False,False,False,-0.024887091192015473,-0.09028147258680547,False,False,False,False,-1637506,-1967165.0774651433,False,False,False,False,162566.539234999,False,False,False,False
2023-01-12 00:00:00+00:00,22.03,22.11,21.43,21.7,84435,,,,,,,,,,,,,,,,,,,,,,,,,,,19.696280415872113,22.679872536069585,23.10380274711014,23.407267746267852,23.38157964366165,23.742766047696374,,,,,,,,,,,,,,,,,,,,,,,,,,19.527637901053307,19.703245188678718,20.928879857211363,22.34610854701756,22.985142931438386,23.341246213906416,23.348479395979982,23.398103060688186,23.821538521815736,,,,,,22.679872536069585,22.36079671696449,#000000,2.9811812339322263,22.36079671696449,-0.11096162594857165,63.21823925555893,7.916838899233753,True,False,True,False,True,0.0,0.0,0.0,0.0,0.0,0,0.8877358199789931,1.04587775888926,False,False,False,False,0.012580558276110348,-0.03885045715534756,False,False,False,False,-1553071,-1950926.0940351377,False,False,False,False,159502.55730421474,False,False,False,False
2023-01-13 00:00:00+00:00,22.07,22.36,21.64,21.88,63371,,,,,,,,,,,,,,,,,,,,,,,,,,,19.725388609864886,22.676948819043695,23.099342666715824,23.40234416048884,23.377762066174416,23.738719109701762,,,,,,,,,,,,,,,,,,,,,,,,,,19.569934282805086,19.726190124258668,20.935317051611634,22.34460729394939,22.981067645250143,23.33627915928257,23.344171189992778,23.394311990857506,23.817385318465224,,,,,,22.676948819043695,22.364651299230825,#000000,2.909188593108119,22.364651299230825,-0.10128298314136638,65.83980297148369,10.154448443402039,True,False,True,False,True,0.0,0.0,0.0,0.0,0.0,0,0.899432186000291,1.0443119465485649,False,False,False,False,0.07630156930944917,0.018725556077050808,False,False,False,False,-1489700,-1932838.7962298384,False,False,False,False,155732.6923118926,False,False,False,False
2023-01-17 00:00:00+00:00,22.31,22.55,21.92,22.16,137801,,,,,,,,,,,,,,,,,,,,,,,,,,,19.792504774565373,22.672949979928998,23.091875593643095,23.393574598259,23.37097199623295,23.73118951163859,,,,,,,,,,,,,,,,,,,,,,,,,,19.66554776205573,19.77953314370948,20.952045427901272,22.343760158163427,22.974484647358917,23.327530243622572,23.336560344653734,23.387550698566063,23.80960269318233,,,,,,22.672949979928998,22.37531210489877,#000000,2.8173561371618843,22.37531210489877,-0.023182054990238534,68.15812820537477,12.170871580973575,True,False,True,False,True,0.0,0.0,0.0,0.0,0.0,0,0.9203466667309352,1.0242213615538303,False,False,False,False,0.15448218117160337,0.08660386862432709,False,False,False,False,-1351899,-1910056.8434365115,False,False,False,False,155029.4886918184,False,False,False,False
2023-01-18 00:00:00+00:00,22.13,22.5097,22.01,22.35,45590,,,,,,,,,,,,,,,,,,,,,,,,,,,19.81355654243201,22.671506461496385,23.08930689404108,23.390592815897435,23.368656583167624,23.72864223081312,,,,,,,,,,,,,,,,,,,,,,,,,,19.695196760017335,19.796389663833587,20.95730650335752,22.343340214443852,22.972202322960822,23.324550492837073,23.333965207251104,23.385246023073652,23.806973300524493,,,,,,22.671506461496385,22.378495467743143,#000000,2.755418883804304,22.378495467743143,-0.09018427985804303,68.57379095241761,12.508554216218762,True,False,True,False,True,0.0,0.0,0.0,0.0,0.0,0,0.9317200279875503,1.0049533138707263,False,False,False,False,0.17936951451254685,0.13298669156843695,False,False,False,False,-1397489,-1889956.1436939035,False,False,False,False,150737.7440372373,False,False,False,False
2023-01-19 00:00:00+00:00,22.41,22.77,22.13,22.13,122113,,,,,,,,,,,,,,,,,,,,,,,,,,,19.873186854019075,22.669533617510915,23.084216894654507,23.384163472607607,23.363676383539094,23.7228483845891,,,,,,,,,,,,,,,,,,,,,,,,,,19.777963990740822,19.844415594721298,20.973610783396325,22.34415830149077,22.967917360891878,23.318217343715634,23.32843059758835,23.38027161591685,23.800941817277184,,,,,,22.669533617510915,22.3889035341773,#000000,2.7126422211231533,22.3889035341773,0.007777091154308746,69.60350601063419,13.566785629063332,True,False,True,False,True,0.0,0.0,0.0,0.0,0.0,0,0.9671582283333756,1.0238965420298,False,False,False,False,0.3428282361275519,0.23790746384799444,False,False,False,False,-1275376,-1865854.9615882603,False,False,False,False,149615.20505538487,False,False,False,False
2023-01-20 00:00:00+00:00,22.65,22.7,22.29,22.42,67935,,,,,,,,,,,,,,,,,,,,,,,,,,,19.90657567845607,22.668962056213363,23.081894615876166,23.381034935434876,23.361254767532195,23.719921290935392,,,,,,,,,,,,,,,,,,,,,,,,,,19.82369903454577,19.871487008124976,20.983197035260705,22.34514108221085,22.96605054281195,23.315167765749752,23.32575716264066,23.377846712486274,23.79787795880799,,,,,,22.668962056213363,22.395057843139135,#000000,2.659236549656154,22.395057843139135,0.0958704320207348,70.9044610027868,14.946817406516288,True,False,True,False,True,0.0,0.0,0.0,0.0,0.0,0,1.0206243180669023,0.9535620193203288,False,False,False,False,0.3428282363285174,0.29036785008825594,False,False,False,False,-1207441,-1840034.806231858,False,False,False,False,146412.05975909528,False,False,False,False
2023-01-23 00:00:00+00:00,22.95,23.0,22.54,22.7,97433,,,,,,,,,,,,,,,,,,,,,,,,,,,19.958017751974285,22.670029341593047,23.080343500443995,23.378098440731453,23.359005966033674,23.716756252793328,,,,,,,,,,,,,,,,,,,,,,,,,,19.89327332753138,19.913392954113206,20.99919845250776,22.348492504912667,22.965191286827064,23.312432970854648,23.323337523304644,23.375570579665265,23.794498943704223,,,,,,22.670029341593047,22.40584265313271,#000000,2.586010541842911,22.40584265313271,0.21042348361020174,72.49684933539686,16.626911245541606,True,False,True,False,True,1.0430224535312327,0.0,0.0,0.0,0.0,0,1.0308784721277573,0.9269526892836735,False,False,False,False,0.3428282374667076,0.3165980437774818,False,False,False,False,-1110008,-1811406.3040266873,False,False,False,False,144491.31231756214,False,False,False,False
2023-01-24 00:00:00+00:00,22.75,23.16,22.64,22.99,51846,,,,,,,,,,,,,,,,,,,,,,,,,,,19.98484547660375,22.67066180342615,23.079591202875715,23.376605149996056,23.35786202614696,23.71511901263634,,,,,,,,,,,,,,,,,,,,,,,,,,19.929241729345772,19.935361235640233,21.00769239297581,22.350330337643854,22.964805458592913,23.311050073017253,23.322111396734435,23.37441121597777,23.792747588875454,,,,,,22.67066180342615,22.411495740032567,#000000,2.4918520049181416,22.411495740032567,0.13584444794447287,72.1257675872127,16.626911245541606,True,False,True,False,True,0.3239837865737627,0.0,0.0,0.0,0.0,0,1.0708888700229218,0.9036420748790217,False,False,False,False,0.3428282379563361,0.32971314086690895,False,False,False,False,-1161854,-1785933.6646530917,False,False,False,False,140858.16281491265,False,False,False,False
2023-01-25 00:00:00+00:00,22.94,22.97,22.305,22.45,198549,,,,,,,,,,,,,,,,,,,,,,,,,,,20.079308755726604,22.67156044238976,23.075375688016873,23.369767451010382,23.35257547560709,23.7081038646614,,,,,,,,,,,,,,,,,,,,,,,,,,20.054282914225688,20.013425892030206,21.037583516566876,22.3557002051566,22.961937279357304,23.304565398032313,23.316377134282792,23.36908280163089,23.785312891110518,,,,,,22.67156044238976,22.43033064732035,#000000,2.410095508555732,22.43033064732035,0.21147267851848522,72.41275968983132,17.003687691405872,True,False,True,False,True,1.0022635190412217,0.0,0.0,0.0,0.0,0,1.0485270609728248,0.8960949988581868,False,False,False,False,0.30020476160892773,0.31495895123791834,False,False,False,False,-963305,-1753673.7170196373,False,False,False,False,143120.54858687686,False,False,False,False
2023-01-26 00:00:00+00:00,23.14,23.3,22.69,23.0,181850,,,,,,,,,,,,,,,,,,,,,,,,,,,20.16960529754314,22.676027816293203,23.075017218703504,23.366595656805952,23.350177337412532,23.703759687289654,,,,,,,,,,,,,,,,,,,,,,,,,,20.171370692707676,20.088791198081324,21.068818499225273,22.364307376911018,22.96287060221618,23.301884132516676,23.313942587966775,23.366602539217528,23.780551937638798,,,,,,22.676027816293203,22.45068817203528,#000000,2.3831832977408145,22.45068817203528,0.2892399542318737,73.1525992729202,18.018118429289842,True,False,True,False,True,1.7172205650951788,0.0,0.0,0.0,0.0,0,1.05454235554798,0.8775637747855234,False,False,False,False,0.3428282382966213,0.3288935947672698,False,False,False,False,-781455,-1715547.492822789,False,False,False,False,144639.35060307776,False,False,False,False
2023-01-27 00:00:00+00:00,23.42,23.65,22.88,22.88,150072,,,,,,,,,,,,,,,,,,,,,,,,,,,20.2467839976381,22.68231836788912,23.077227810503526,23.36619848347338,23.34996424180128,23.70168333193161,,,,,,,,,,,,,,,,,,,,,,,,,,20.26986450454481,20.153717502289908,21.09733998252779,22.37404443411621,22.966187084176827,23.302008293594927,23.313962485892528,23.366290727392627,23.778108477240487,,,,,,22.68231836788912,22.469713315000877,#000000,2.3501088723103587,22.469713315000877,0.4043585793814356,74.37104431272961,19.46833915226813,True,False,True,False,True,2.7149481330373213,0.0,0.0,0.0,0.0,0,1.0625318318148378,0.8706920943919416,False,False,False,False,0.3428282391911884,0.3358609169792291,False,False,False,False,-631383,-1673031.2382022873,False,False,False,False,144852.39567746688,False,False,False,False
2023-01-30 00:00:00+00:00,23.26,23.79,23.09,23.09,89745,,,,,,,,,,,,,,,,,,,,,,,,,,,20.292070647549636,22.68639123854871,23.07887513802001,23.366263827160587,23.35007802867845,23.700654760104158,,,,,,,,,,,,,,,,,,,,,,,,,,20.327036019234203,20.192063859686012,21.11452991057753,22.380157640007315,22.96849389254692,23.302398073708467,23.314249693888204,23.366341729279807,23.7768583884025,,,,,,22.68639123854871,22.4810975231595,#000000,2.320086414979651,22.4810975231595,0.3357213213316158,73.87372189760305,19.46833915226813,True,False,True,False,True,2.102856583512974,0.0,0.0,0.0,0.0,0,1.0530616877589238,0.8850803019124907,False,False,False,False,0.3428282397198065,0.3393445783495178,False,False,False,False,-721128,-1635701.6994492565,False,False,False,False,142691.32133717404,False,False,False,False
2023-01-31 00:00:00+00:00,23.84,23.85,23.21,23.21,125589,,,,,,,,,,,,,,,,,,,,,,,,,,,20.358312918225927,22.694064405107994,23.083064809621057,23.368021647748215,23.351571774354785,23.700354870238595,,,,,,,,,,,,,,,,,,,,,,,,,,20.40995482435637,20.248365061607704,21.140797222205844,22.390724983709383,22.973640141827506,23.304696490813612,23.3161799569036,23.367724517464314,23.776230468405238,,,,,,22.694064405107994,22.49891360617267,"rgba(38, 166, 154, 0.5)",2.3023187450055134,22.49891360617267,0.5824937996689582,75.07371710554092,20.63336202453742,True,False,True,False,True,4.1664898544511,0.0,0.0,0.0,0.0,0,1.0543109300746776,0.8843064041638379,False,False,False,False,0.34282823997762396,0.3410864091635709,False,False,False,False,-595539,-1594911.0053532072,False,False,False,False,142020.64206904956,False,False,False,False
2023-02-01 00:00:00+00:00,24.0,24.07,23.42,23.89,149662,,,,,,,,,,,,,,,,,,,,,,,,,,,20.43844084912205,22.70492844345806,23.08973074091575,23.371616977342246,23.354559595785947,23.701039451946027,,,,,,,,,,,,,,,,,,,,,,,,,,20.509200973826474,20.316859366361292,21.17380687393878,22.405044068018803,22.981467272484473,23.30900846756321,23.319857547333648,23.370560128639923,23.77650934652248,,,,,,22.70492844345806,22.52150867355061,"rgba(38, 166, 154, 0.5)",2.2680218153613767,22.52150867355061,0.651885848908298,76.24085076211827,21.970086089803317,True,False,True,False,True,4.726479037675862,0.0,0.0,0.0,0.0,0,1.0712635907836179,0.8687397893076446,False,False,False,False,0.3428282405583761,0.3419573248609735,False,False,False,False,-445877,-1549850.8482805323,False,False,False,False,142320.30316438095,False,False,False,False
2023-02-02 00:00:00+00:00,24.13,24.52,23.94,24.26,176432,,,,,,,,,,,,,,,,,,,,,,,,,,24.19666666666667,20.53798902667664,22.721559769885715,23.101255212008766,23.37911758983893,23.360713990543264,23.704105613019532,,,,,,,,,,,,,,,,,,,,,,,,,,20.631174919158923,20.402398910544314,21.216925189839962,22.425813273356404,22.99442131154937,23.317515837362144,23.327193798079126,23.376491000099094,23.779062686391566,,,,,24.19666666666667,22.721559769885715,22.65452529968878,"rgba(38, 166, 154, 0.5)",2.246345725198434,22.65452529968878,0.656833310990401,77.31795785415457,23.193837726656838,True,False,True,False,True,5.184085971712186,-1.0,24.52,23.94,0.0,0,1.1000226680267484,0.8520911254675281,False,False,False,False,0.34282824171114695,0.34239278328606026,False,False,False,False,-269445,-1499638.8542303152,False,True,False,False,143658.01676577778,False,True,False,False
2023-02-03 00:00:00+00:00,23.33,24.15,23.18,23.86,94657,,,,,,,,,,,,,,,,,,,,,,,,,,23.97203194030989,20.58023977418776,22.726505435734268,23.103766336942474,23.379963192429997,23.361466295261454,23.70360684610411,,,,,,,,,,,,,,,,,,,,,,,,,,20.68212895285282,20.43923424202907,21.234669412119274,22.432782431452022,22.99759964720161,23.318722188007186,23.328204389996312,23.377169538589147,23.77832910816304,,,,,23.97203194030989,22.726505435734268,22.651026233211276,#000000,2.1871450806025114,22.651026233211276,0.3104383759497471,72.18593990360682,26.521332811763315,True,False,True,False,False,2.034129021617435,0.0,0.0,0.0,0.0,0,1.1001353943360035,0.84175786979578,False,False,False,False,0.272594885674284,0.30749383448017215,False,False,False,False,-364102,-1455107.9972016755,False,False,False,False,141736.40826515903,False,False,False,False
2023-02-06 00:00:00+00:00,23.05,23.26,22.84,23.2,89327,,,,,,,,,,,,,,,,,,,,,,,,,,23.743511710541895,20.61247103434747,22.7283104747335,23.103485971339445,23.3784587010975,23.360322529195024,23.701572761233983,,,,,,,,,,,,,,,,,,,,,,,,,,20.720462111363283,20.467721997054454,21.247587329488024,22.436361734626175,22.99787934957258,23.31743114847942,23.32703605969837,23.375989159729336,23.776102282532516,,,,,23.743511710541895,22.7283104747335,22.643419022189562,#000000,2.1156255054426447,22.643419022189562,0.19218003222426236,67.14720721078345,21.92878413801722,True,False,True,False,False,0.9682920846538288,0.0,0.0,0.0,0.0,0,1.0793285812830538,0.8830190848470912,False,False,False,False,0.19900103749666795,0.25324743598842003,False,False,False,False,-453429,-1415826.4678996492,False,False,False,False,139681.13735279985,False,False,False,False
2023-02-07 00:00:00+00:00,22.57,23.02,22.24,23.02,131919,,,,,,,,,,,,,,,,,,,,,,,,,,23.43979222819151,20.650241270726752,22.727343526245168,23.09971474960807,23.37331880009812,23.35627537395743,23.696578878528978,,,,,,,,,,,,,,,,,,,,,,,,,,20.76458214925737,20.501696110287153,21.261756024981665,22.437836173305115,22.994845646186313,23.312447191389982,23.32261646832848,23.371929515637273,23.77086069007208,,,,,23.43979222819151,22.727343526245168,22.63011467480009,#000000,2.0560319256469364,22.63011467480009,-0.02923820104650115,61.33899348639869,16.78161665593393,True,False,True,False,False,0.0,0.0,0.0,0.0,0.0,0,1.0388954272755975,0.9003932600396131,False,False,False,False,0.1499824947000728,0.20161496534424642,False,False,False,False,-585348,-1383258.6848447612,False,False,False,False,139376.7398095528,False,False,False,False
2023-02-08 00:00:00+00:00,22.41,22.64,22.24,22.64,190535,,,,,,,,,,,,,,,,,,,,,,,,,,23.158039094800863,20.697554608301893,22.723874485211482,23.09240340545854,23.364293020175257,23.349114943728544,23.688264591051993,,,,,,,,,,,,,,,,,,,,,,,,,,20.818915441472296,20.544875816205657,21.279044125560073,22.4377412312277,22.9885361431566,23.303558263023994,23.314740131847554,23.364774025504143,23.762211663111877,,,,,23.158039094800863,22.723874485211482,22.617996311864903,#000000,1.9990112240490414,22.617996311864903,-0.10404959680196402,56.719737446468216,12.855174532886593,True,False,True,False,False,0.0,0.0,0.0,0.0,0.0,0,1.0348833857064608,0.9088995877418052,False,False,False,False,0.12805385545233475,0.16483441039829058,False,False,False,False,-775883,-1359440.0305371236,False,False,False,False,141382.94609153114,False,False,False,False
2023-02-09 00:00:00+00:00,21.73,22.82,21.12,22.82,564640,,,,,,,,,,,,,,,,,,,,,,,,,,22.584107347168896,20.784635867126507,22.69600769090182,23.05472204827499,23.323642692381913,23.316437459678422,23.653950223589653,,,,,,,,,,,,,,,,,,,,,,,,,21.890000000000004,20.913339627392396,20.628582462862845,21.304711451991977,22.418756380123934,22.95333691538458,23.262585343105567,23.278433877603156,23.332304582295553,23.727095091824722,,,,,22.584107347168896,22.69600769090182,22.536626415394522,#000000,1.9374498238199607,22.536626415394522,-0.4163340931349345,50.88544882769379,7.817768600000591,False,False,False,False,False,0.0,0.0,0.0,0.0,0.0,0,1.0081193829268973,0.904247277206932,False,False,False,False,0.07428728945999927,0.11956084992914492,False,False,False,False,-1340523,-1358698.1862023345,False,False,False,False,157981.26193107895,False,False,False,False
2023-02-10 00:00:00+00:00,21.8,21.93,21.19,21.32,765068,,,,,,,,,,,,,,,,,,,,,,,,,,22.225211284564708,20.861653081343423,22.650262146178367,22.997096449687483,23.26300690702067,23.26706415685159,23.603191183986095,,,,,,,,,,,,,,,,,,,,,,,,,21.74615864535673,20.990877606720073,20.707232572381244,21.322769630523517,22.38382383345902,22.89868996250226,23.201267221892248,23.22374981637519,23.28328269364065,23.675366787860735,,,,,22.225211284564708,22.650262146178367,22.48827670472612,#000000,1.8858982327114906,22.48827670472612,-0.36495962124983433,47.387533515669666,4.9721725466146935,False,True,False,True,False,0.0,0.0,0.0,0.0,0.0,0,1.0137250180592345,0.9166922678800258,False,False,False,False,0.02774295838688062,0.07365190415801277,False,False,False,False,-575455,-1327982.7671355763,False,False,False,False,181788.58499260526,False,False,False,False
2023-02-13 00:00:00+00:00,22.15,22.185,21.4,21.57,290697,,,,,,,,,,,,,,,,,,,,,,,,,,22.185638728187765,20.896387710564895,22.638301938795067,22.980553364261045,23.244764521922843,23.252064577544704,23.58714601645748,,,,,,,,,,,,,,,,,,,,,,,,,21.77585041085408,21.026755202750998,20.741798350940588,21.334579288243717,22.375911291488517,22.883328051138072,23.183012073741164,23.20731893673193,23.26835025997068,23.658912446040212,,,,,22.185638728187765,22.638301938795067,22.484745480566694,#000000,1.8072681289975414,22.484745480566694,-0.18522181362893442,46.96485226431104,4.82702980050847,False,True,False,True,False,0.0,0.0,0.0,0.0,0.0,0,1.0123193741757917,0.9405030224464597,False,False,False,False,0.05410934290480811,0.06388062353141044,False,False,False,False,-284758,-1287071.991953789,False,False,False,False,186059.50322818937,False,False,False,False
2023-02-14 00:00:00+00:00,21.93,22.29,21.865,22.04,267275,,,,,,,,,,,,,,,,,,,,,,,,,,22.169282773466122,20.92979944317601,22.62935367001307,22.967394259723385,23.22985152090252,23.239738648463224,23.573668605696344,,,,,,,,,,,,,,,,,,,,,,,,,21.811599252345037,21.06139533954965,20.77487273593879,21.3471392011726,22.370637063959624,22.871265798479055,23.16817688131006,23.193898892391516,23.256061220131784,23.645044694600266,,,,,22.169282773466122,22.62935367001307,22.484657647136412,#000000,1.725420664205879,22.484657647136412,-0.3214622721536099,45.72530981587914,3.6651238087545863,False,True,False,True,False,0.0,0.0,0.0,0.0,0.0,0,0.9978838128613389,0.9506223000979092,False,False,False,False,0.086536111012228,0.07520836727181922,False,False,False,False,-552033,-1258246.9334457973,False,False,False,False,189244.42467022117,False,False,False,False
2023-02-15 00:00:00+00:00,21.96,22.16,21.72,21.72,120904,,,,,,,,,,,,,,,,,,,,,,,,,,22.15928253650258,20.943198047420957,22.62485314689676,22.961053011561585,23.222774553020095,23.233873697968797,23.56733008817089,,,,,,,,,,,,,,,,,,,,,,,,,21.819729452855018,21.07503211019308,20.788343194058463,21.35200921614023,22.367746692860976,22.86540255402387,23.16111866927651,23.18750971960047,23.250217349526203,23.638535709921424,,,,,22.15928253650258,22.62485314689676,22.483412338235173,#000000,1.665780524786188,22.483412338235173,-0.31421446609982107,45.07410065078106,2.9015458914167525,False,True,False,True,False,0.0,0.0,0.0,0.0,0.0,0,1.0008505547034259,0.9444304260428511,False,False,False,False,0.07087313746311209,0.07304075236746566,False,False,False,False,-431129,-1225810.936055766,False,False,False,False,186564.40801648702,False,False,False,False
2023-02-16 00:00:00+00:00,21.48,21.94,21.39,21.75,146219,,,,,,,,,,,,,,,,,,,,,,,,,,22.130635706322284,20.953552457848406,22.616773311117512,22.950928189973386,23.212044565080294,23.22497839808552,23.55812003492742,,,,,,,,,,,,,,,,,,,,,,,,,21.805045407863275,21.08469403600056,20.799518267949658,21.354454182391663,22.36149577948156,22.855797211206006,23.150308213625234,23.177755742925388,23.24137600301518,23.62914623385893,,,,,22.130635706322284,22.616773311117512,22.476860220098366,"rgba(239, 83, 80, 0.5)",1.5951650709577987,22.476860220098366,-0.6249260582792304,42.595559575250014,0.3340870153291462,False,True,False,True,False,0.0,0.0,0.0,0.0,0.0,0,0.998285768161572,0.9491444554599712,False,False,False,False,0.03964338995121583,0.05634207115934074,False,False,False,False,-577348,-1200381.0169947555,False,False,False,False,184982.2351530954,False,False,False,False
2023-02-17 00:00:00+00:00,21.79,21.96,21.26,21.4,251490,,,,,,,,,,,,,,,,,,,,,,,,,,22.09313516854458,20.97237302069102,22.604066099541104,22.93470694874438,23.194669490951295,23.210523524909867,23.543013005353178,,,,,,,,,,,,,,,,,,,,,,,,,21.79093134543466,21.102543754596365,20.819574585226608,21.35964709988674,22.35190495441723,22.840475442151952,23.132847882841677,23.161955960997876,23.226999253271384,23.61372266177415,,,,,22.09313516854458,22.604066099541104,22.467828835254945,#000000,1.5353257716932338,22.467828835254945,-0.44148860636098264,42.82507448362621,0.3060205979035402,False,True,False,True,False,0.0,0.0,0.0,0.0,0.0,0,1.0140800147121787,0.9307493153952029,False,False,False,False,0.03340864418208838,0.04487535767071456,False,False,False,False,-325858,-1166085.9967204514,False,False,False,False,187590.38279415047,False,False,False,False
2023-02-21 00:00:00+00:00,21.46,21.68,21.37,21.67,104355,,,,,,,,,,,,,,,,,,,,,,,,,,22.07386213782627,20.97809827077392,22.597969794278907,22.92722475903072,23.18679855404217,23.203963697758535,23.536263615636468,,,,,,,,,,,,,,,,,,,,,,,,,21.778977343697726,21.10755212153253,20.82604980605881,21.360621643065105,22.34704921689928,22.83334450975432,23.124911351997753,23.154775110090668,23.22048025907161,23.60685107815967,,,,,22.07386213782627,22.597969794278907,22.46263489821614,"rgba(239, 83, 80, 0.5)",1.4789493714267046,22.46263489821614,-0.6779372692446692,41.59518964375286,-1.2080538180726421,False,True,False,True,False,0.0,0.0,0.0,0.0,0.0,0,1.0287895929238364,0.9143545778346176,False,False,False,False,0.023778059164862184,0.03432670841778837,False,False,False,False,-430213,-1137228.2321431788,False,False,False,False,184326.25013555636,False,False,False,False
2023-02-22 00:00:00+00:00,21.56,21.74,21.44,21.44,121027,,,,,,,,,,,,,,,,,,,,,,,,,,22.0558292998486,20.98553239138608,22.591472866283933,22.919106557084366,23.178172954714384,23.196758851099727,23.52878475540015,,,,,,,,,,,,,,,,,,,,,,,,,21.769826657926988,21.11430134347946,20.83424047743795,21.36233380922122,22.341992294556245,22.82564025924708,23.11623376894363,23.146907538569465,23.213316074899726,23.599225931975067,,,,,22.0558292998486,22.591472866283933,22.457627990122006,"rgba(239, 83, 80, 0.5)",1.4449758625123974,22.457627990122006,-0.6212062176327918,41.40339092131805,-1.7811330897697033,False,True,False,True,False,0.0,0.0,0.0,0.0,0.0,0,1.02759841243418,0.9148683891580586,False,False,False,False,0.0311421329236056,0.032734420670696984,False,False,False,False,-309186,-1104755.987745407,False,False,False,False,181843.92660082865,False,False,False,False
2023-02-23 00:00:00+00:00,22.15,22.36,21.75,21.88,78966,,,,,,,,,,,,,,,,,,,,,,,,,,22.05654687627848,20.994335100830096,22.589379472253427,22.915846491083695,23.174363231042065,23.19355472206337,23.525196488157242,,,,,,,,,,,,,,,,,,,,,,,,,21.779056795053275,21.123280961773446,20.84305541738026,21.36600360807475,22.340898712897356,22.82268831336512,23.112474364592142,23.14346268159072,23.21011492008578,23.59552226538555,,,,,22.05654687627848,22.589379472253427,22.457987083641576,#000000,1.4246548499344136,22.457987083641576,-0.21618364873130963,44.56490488212782,-1.7811330897697033,False,True,False,True,True,0.0,0.0,0.0,0.0,0.0,0,1.0310414627314757,0.8866625663060084,False,False,False,False,0.08397038184688493,0.05835240125879096,False,False,False,False,-230220,-1070460.4588142147,False,False,False,False,177809.4981066785,False,False,False,False
2023-02-24 00:00:00+00:00,21.4,21.89,21.1,21.89,73754,,,,,,,,,,,,,,,,,,,,,,,,,,22.043928321986737,20.997810959298064,22.585034879639778,22.910552863759204,23.168803461487872,23.18890283835663,23.520415902328445,,,,,,,,,,,,,,,,,,,,,,,,21.46333333333333,21.770693804818166,21.12618893100073,20.847106334695763,21.366462008228208,22.337402097632022,22.817635416218547,23.106869191790032,23.138379462076692,23.205491632185755,23.590657089863,,,,,22.043928321986737,22.585034879639778,22.399203807149945,"rgba(239, 83, 80, 0.5)",1.418975966249252,22.399203807149945,-0.704172467269562,43.45651139340251,-1.7811330897697033,False,True,False,True,True,0.0,0.0,0.0,0.0,0.0,0,1.000143179911286,0.9082216768658492,False,False,False,False,0.02038017365703743,0.03936628745791419,False,False,False,False,-303974,-1040402.1663116965,False,False,False,False,173728.89033778917,False,False,False,False
2023-02-27 00:00:00+00:00,21.31,21.7,21.29,21.58,44525,,,,,,,,,,,,,,,,,,,,,,,,,,22.036186759458854,20.999750866428847,22.582358542751656,22.90730989909746,23.165405772730338,23.18605798936772,23.51749866475571,,,,,,,,,,,,,,,,,,,,,,,,21.452040119829665,21.76538401345154,21.12776642843951,20.849408530888446,21.366651602177132,22.33523267191002,22.814535975564624,23.103442347446823,23.13527091017512,23.202664540976702,23.587689467226358,,,,,22.036186759458854,22.582358542751656,22.396369727926473,"rgba(239, 83, 80, 0.5)",1.4170213652411012,22.396369727926473,-0.76665726754348,42.381949084026836,-1.7811330897697033,False,True,False,True,True,0.0,0.0,0.0,0.0,0.0,0,0.9989790292610214,0.9272193716070957,False,False,False,False,0.020380173657037003,0.029873230557475598,False,False,False,False,-348499,-1013268.708809277,False,False,False,False,168662.07110885627,False,False,False,False
2023-02-28 00:00:00+00:00,21.31,21.4325,21.19,21.37,99248,,,,,,,,,,,,,,,,,,,,,,,,,,22.016250697629513,21.002809117697726,22.575806150937964,22.899535666246027,23.157347592958978,23.179308880341303,23.51064480103404,,,,,,,,,,,,,,,,,,,,,,,,21.387613675543722,21.74997736810183,21.1298385251019,20.85341267889433,21.36630105802208,22.32978245663957,22.80706856268264,23.095297461384227,23.12788664142764,23.19596112855348,23.580729340520623,,,,,22.016250697629513,22.575806150937964,22.386976211317645,"rgba(239, 83, 80, 0.5)",1.4173339011635866,22.386976211317645,-0.7598606160718251,41.66557421110972,-2.458132266810381,False,True,False,True,True,0.0,0.0,0.0,0.0,0.0,0,1.016462199231171,0.9066400503061083,False,False,False,False,-0.0004245339804864761,0.014724348288494562,False,False,False,False,-348499,-987199.3084638153,False,False,False,False,165939.95067321486,False,False,False,False
2023-03-01 00:00:00+00:00,21.49,21.75,21.3,21.3,75780,,,,,,,,,,,,,,,,,,,,,,,,,,22.005913578231063,21.006612754228588,22.571642061020537,22.8944006398789,23.15191142169439,23.174743228727493,23.505919288765767,,,,,,,,,,,,,,,,,,,,,,,,21.420095122175738,21.74400759600366,21.13312443226572,20.857756437314823,21.367002730377145,22.326479174652306,22.802181557311624,23.089828248240472,23.12291243679124,23.191421074156594,23.575915124516328,,,,,22.005913578231063,22.571642061020537,22.385659272575133,"rgba(239, 83, 80, 0.5)",1.4049533735972106,22.385659272575133,-0.6375010654495307,42.29945677020701,-2.458132266810381,False,True,False,True,True,0.0,0.0,0.0,0.0,0.0,0,1.068125338319965,0.8765132129324346,False,False,False,False,-0.01733637303906166,-0.0013060123752835487,False,False,False,False,-272719,-959180.4728377834,False,False,False,False,162404.26633308877,False,False,False,False
2023-03-02 00:00:00+00:00,21.56,21.73,21.3,21.3,43438,,,,,,,,,,,,,,,,,,,,,,,,,,22.000371670648526,21.008838472705946,22.569307197896308,22.89150961396232,23.148843053188745,23.172163549096314,23.50324320972575,,,,,,,,,,,,,,,,,,,,,,,,21.434272164397388,21.74095709240641,21.13506414574332,20.86028329216938,21.367447393226715,22.324636281601446,22.79943288873307,23.086743210950374,23.12010433981347,23.188855428024397,23.573187871560563,,,,,22.000371670648526,22.569307197896308,22.384736715325023,"rgba(239, 83, 80, 0.5)",1.3997550879730734,22.384736715325023,-0.5892007269066551,43.16051532205562,-2.458132266810381,False,True,False,True,True,0.0,0.0,0.0,0.0,0.0,1,1.032399484088598,0.8872994022372698,False,False,False,False,-0.01862083497049599,-0.009963423672889769,False,False,False,False,-229281,-930556.9640990469,False,False,False,False,157738.9225553206,False,False,False,False
2023-03-03 00:00:00+00:00,21.92,22.0,21.48,21.59,38783,,,,,,,,,,,,,,,,,,,,,,,,,,21.99830986802384,21.011830999343466,22.56777065034971,22.889448564659318,23.14656858199509,23.170244715196773,23.50118612042334,,,,,,,,,,,,,,,,,,,,,,,,21.472043043394898,21.741699067679054,21.137953119139354,20.863426456655684,21.368498397566544,22.32355469985473,22.79750863859162,23.084475013402884,23.11802982273111,23.186943166506808,23.571079983411398,,,,,21.99830986802384,22.56777065034971,22.386142828273645,#000000,1.3965029296183484,22.386142828273645,-0.3337929469299686,45.87497881970329,-2.458132266810381,False,True,False,True,True,0.0,0.0,0.0,0.0,0.0,1,1.0424855113512574,0.8781459509595813,False,False,False,False,0.001976043849904867,-0.003993689911492451,False,False,False,False,-190498,-901535.0439383,False,False,False,False,153073.98441589627,False,False,False,False
2023-03-06 00:00:00+00:00,21.96,22.52,21.9,21.99,78359,,,,,,,,,,,,,,,,,,,,,,,,,22.12666666666667,22.000924079078906,21.020286217978306,22.56599774472225,22.88654951973785,23.143105619356398,23.16730450349736,23.49784019401899,,,,,,,,,,,,,,,,,,,,,,,,21.585057191180475,21.7512315085641,21.146556834260892,20.87190611785523,21.37220223427104,22.32273799974412,22.79490914080831,23.081075857464118,23.11489211653438,23.184001791557062,23.567619076385967,,,,,22.000924079078906,22.56599774472225,22.378992863878022,#000000,1.3941696485755255,22.378992863878022,-0.3005321944184636,47.912505967641906,-7.177997803098286,False,True,False,False,True,0.0,0.0,0.0,0.0,0.0,1,1.0562700462039603,0.8699536709952923,False,False,False,False,0.06133251333001337,0.028669411709260458,False,False,False,False,-112139,-870578.3363328765,False,False,False,False,150143.9850270376,False,False,False,False
2023-03-07 00:00:00+00:00,22.0,22.22,21.83,21.83,92072,,,,,,,,,,,,,,,,,,,,,,,,,22.0672413273798,22.001292009669665,21.029087071393796,22.563415655060858,22.882682121443004,23.13862944966991,23.16350789639413,23.493615748548617,,,,,,,,,,,,,,,,,,,,,,,,21.657844978591186,21.758736005854775,21.1553634751138,20.880864589227,21.37588045743714,22.321253455831076,22.79138177951694,23.07665575276081,23.110823023859684,23.180209059548382,23.563264813695053,,,,,22.001292009669665,22.563415655060858,22.379565719526084,#000000,1.3954944488449068,22.379565719526084,-0.27199371508805537,49.514252660027964,-5.5264925954579525,False,True,False,False,True,0.0,0.0,0.0,0.0,0.0,1,1.0449846800425313,0.882662338070881,False,False,False,False,0.03665942095113875,0.032664416330199605,False,False,False,False,-20067,-837224.9505943323,False,False,False,False,147866.65228087924,False,False,False,False
2023-03-08 00:00:00+00:00,21.99,22.21,21.85,21.85,137543,,,,,,,,,,,,,,,,,,,,,,,,,22.044654386409245,22.001810692452217,21.041948510383744,22.559603266275165,22.876968389792612,23.132008537852087,23.157882724547665,23.48734969986338,,,,,,,,,,,,,,,,,,,,,,,,21.730051660419424,21.76918829289161,21.16819227014929,20.893989162507406,21.381297672218228,22.319062382347877,22.786171544565548,23.070120679829095,23.104800213444737,23.174588922316644,23.55680549163266,,,,,22.001810692452217,22.559603266275165,22.381920763152557,#000000,1.3967526946780098,22.381920763152557,-0.28059424166201974,50.50889655673565,-4.44016046411916,False,True,False,False,True,0.0,0.0,0.0,0.0,0.0,1,1.0489697635300395,0.8753428072799803,False,False,False,False,0.03216492655994422,0.032414671445071916,False,False,False,False,-157610,-810573.3839043586,False,False,False,False,147461.80317182516,False,False,False,False
2023-03-09 00:00:00+00:00,21.58,22.07,21.57,21.9,113723,,,,,,,,,,,,,,,,,,,,,,,,,21.962495369898292,21.994705998341747,21.049384920376784,22.554905125135342,22.87079974569146,23.125249619389535,23.152155754496533,23.481241726664,,,,,,,,,,,,,,,,,,,,,,,,21.731470776756876,21.768242025208487,21.17514849980757,20.90199558776625,21.383787571510176,22.315638604270074,22.78038632653982,23.063374751779826,23.0986168238889,23.168882406659446,23.550553324358898,,,,,21.994705998341747,22.554905125135342,22.37521236623895,"rgba(239, 83, 80, 0.5)",1.392287598435376,22.37521236623895,-0.5711552463245355,48.40477539948847,-4.44016046411916,False,True,False,False,True,0.0,0.0,0.0,0.0,0.0,1,1.0348214537800102,0.880791419491858,False,False,False,False,-0.0050501303482301495,0.013682270548420883,False,False,False,False,-271333,-789426.702182619,False,False,False,False,146138.71285136143,False,False,False,False
2023-03-10 00:00:00+00:00,20.8,21.71,20.64,21.5,75761,,,,,,,,,,,,,,,,,,,,,,,,,21.82352572478481,21.977930673961964,21.04938925481989,22.549180150154854,22.864242310522013,23.118558473472568,23.14651444598831,23.47559323286865,,,,,,,,,,,,,,,,,,,,,,,,21.672330186280192,21.753057762428956,21.17414239919195,20.902922855838693,21.38225114615664,22.310672908996526,22.77403506039856,23.056595093633362,23.092452196695614,23.163282272377508,23.54483378356455,,,,,21.977930673961964,22.549180150154854,22.359553154322928,"rgba(239, 83, 80, 1.0)",1.3788612353338878,22.359553154322928,-1.1310443098687049,43.33901481914033,-1.470259853651946,False,True,False,True,False,0.0,0.0,0.0,0.0,0.0,1,1.009482699597289,0.9047684254423913,False,False,False,False,-0.10210929406074484,-0.04421351175616198,False,False,False,False,-347094,-772080.3217048693,False,False,False,False,143378.8025434649,False,False,False,False
2023-03-13 00:00:00+00:00,20.78,20.92,20.47,20.66,77329,,,,,,,,,,,,,,,,,,,,,,,,,21.675511282150314,21.955596271581786,21.047060744661636,22.542117910838765,22.856401278877897,23.11070166291135,23.13989518400166,23.469082018481327,,,,,,,,,,,,,,,,,,,,,,,,21.595108446497566,21.731307279665018,21.170473329331738,20.901781713158798,21.379169848933955,22.3043414885041,22.766380990396495,23.04860313504821,23.08519785911522,23.15671781224661,23.53826191124388,,,,,21.955596271581786,22.542117910838765,22.34072158777086,"rgba(239, 83, 80, 1.0)",1.3581220473490894,22.34072158777086,-1.1491762399537095,39.884754408124316,-4.595108247924024,False,True,False,True,False,0.0,0.0,0.0,0.0,0.0,1,0.9987449877950064,0.930974328725347,False,False,False,False,-0.17124773665208073,-0.10773062420412136,False,False,False,False,-424423,-758446.7012458548,False,False,False,False,140788.61420842705,False,False,False,False
2023-03-14 00:00:00+00:00,21.39,21.48,21.03,21.18,68720,,,,,,,,,,,,,,,,,,,,,,,,,21.6354104979951,21.945386162546527,21.048655872682822,22.53786299056385,22.851352037639323,23.105438782948255,23.13543960088342,23.46453132917482,,,,,,,,,,,,,,,,,,,,,,,,21.57520741027868,21.723360359809625,21.17140343749533,20.904017731947974,21.378842205202005,22.300794034460072,22.76153324961251,23.0432967125065,23.08035325992963,23.152289198253218,23.533638498809545,,,,,21.945386162546527,22.53786299056385,22.33414807224943,"rgba(239, 83, 80, 0.5)",1.3531058700248406,22.33414807224943,-0.6977636363606174,41.81321925015435,-4.595108247924024,False,True,False,True,False,0.0,0.0,0.0,0.0,0.0,1,1.0053137952375892,0.91529185238902,False,False,False,False,-0.09069756250076866,-0.099214093352445,False,False,False,False,-355703,-742652.8306087625,False,False,False,False,137962.3940433907,False,False,False,False
2023-03-15 00:00:00+00:00,20.63,21.11,20.45,21.04,178472,,,,,,,,,,,,,,,,,,,,,,,,,21.438823453316125,21.89813903800857,21.043520962727523,22.52192129638538,22.833628090637607,23.08764200570573,23.120405757109378,23.449712593098226,,,,,,,,,,,,,,,,,,,,,,,,21.44924083394363,21.67799692676258,21.16332230480781,20.90151653901363,21.371942585172306,22.28651575638913,22.744239442801987,23.025207507861616,23.063904185828445,23.137376614313276,23.518678309448735,,,,,21.89813903800857,22.52192129638538,22.301775484385878,"rgba(239, 83, 80, 1.0)",1.3482254202409805,22.301775484385878,-1.2399821715919492,39.961718856679255,-4.595108247924024,False,True,False,True,False,0.0,0.0,0.0,0.0,0.0,1,0.9750939358345994,0.9212845379463876,False,False,False,False,-0.1589044091129381,-0.12905925123269155,False,False,False,False,-534175,-734477.2294084189,False,False,False,False,139551.0060416891,False,False,False,False
2023-03-16 00:00:00+00:00,21.17,21.21,20.42,20.46,89640,,,,,,,,,,,,,,,,,,,,,,,,,21.389118330501375,21.87966189582747,21.042636306299347,22.514916544403317,22.825686970726967,23.079565824690647,23.11356176763184,23.44288204353477,,,,,,,,,,,,,,,,,,,,,,,,21.413311799921324,21.66129978211284,21.16122674502912,20.901744582618242,21.369612443863883,22.280365879263055,22.73652967243699,23.0170237441452,23.056441208304644,23.13058242007441,23.511767913213905,,,,,21.87966189582747,22.514916544403317,22.290943993399967,"rgba(239, 83, 80, 0.5)",1.344354736540115,22.290943993399967,-0.8338156313450955,41.674790107160604,-4.595108247924024,False,True,False,True,False,0.0,0.0,0.0,0.0,0.0,1,0.9749558673516138,0.9230351045439832,False,False,False,False,-0.1538359940977429,-0.1414476226652172,False,False,False,False,-444535,-723106.9459022065,False,False,False,False,137593.71168711307,False,False,False,False
2023-03-17 00:00:00+00:00,20.6,21.33,20.37,21.0,87179,,,,,,,,,,,,,,,,,,,,,,,,,21.334788312217956,21.85931098805042,21.040498170697617,22.507451427611752,22.8173526543454,23.0711637928937,23.10644094503794,23.43583567006207,,,,,,,,,,,,,,,,,,,,,,,,21.37229251041359,21.64220704026903,21.157761094977133,20.900809523513832,21.366513207743747,22.27370480357276,22.728407034913193,23.008494122986388,23.04866725478679,23.12351664490137,23.504650447970832,,,,,21.85931098805042,22.507451427611752,22.278940297208713,"rgba(239, 83, 80, 1.0)",1.3373676982642222,22.278940297208713,-1.2554066464950655,40.73129058713927,-4.595108247924024,False,True,False,True,False,0.0,0.0,0.0,0.0,0.0,1,0.9650638571932001,0.9412161423207324,False,False,False,False,-0.14877540900445774,-0.14511151583483747,False,False,False,False,-531714,-715601.3401805513,False,False,False,False,135616.66416997137,False,False,False,False
2023-03-20 00:00:00+00:00,20.46,20.8,20.42,20.55,99767,,,,,,,,,,,,,,,,,,,,,,,,,21.264425333654966,21.832680152973282,21.0362753072856,22.49798125918109,22.806944428310523,23.0607675604775,23.09762964971094,23.427196399626176,,,,,,,,,,,,,,,,,,,,,,,,21.317316340737435,21.616406463748152,21.15181227854801,20.898130882099064,21.36179675236603,22.265117946403535,22.718222707880123,22.99791931076317,23.039035465189084,23.114777760858765,23.49593902602007,,,,,21.832680152973282,22.49798125918109,22.263177632938607,"rgba(239, 83, 80, 1.0)",1.331442867008679,22.263177632938607,-1.3543034234655238,39.634525901851696,-4.595108247924024,False,True,False,True,False,0.0,0.0,0.0,0.0,0.0,0,0.9953527567446993,0.9488803241916898,False,False,False,False,-0.18364296177353984,-0.16437723880418864,False,False,False,False,-631481,-712302.5033107258,False,False,False,False,134210.79498683524,False,False,False,False
2023-03-21 00:00:00+00:00,20.22,20.84,20.1401,20.67,62330,,,,,,,,,,,,,,,,,,,,,,,,,21.218014974940314,21.81456695383752,21.032800987573196,22.491626800514922,22.800030922654106,23.05390334670828,23.091810554324407,23.421525594766337,,,,,,,,,,,,,,,,,,,,,,,,21.28010376981686,21.598554946271904,21.1471670033897,20.895696996544654,21.358295697704808,22.259297590267416,22.71144038942665,22.990928401963462,23.032669837031072,23.109008302529457,23.49022751149619,,,,,21.81456695383752,22.491626800514922,22.252508977987436,"rgba(255, 0, 0, 1.0)",1.3366061903598578,22.252508977987436,-1.520649083212924,38.10736918473883,-6.110279397806323,False,True,False,True,False,0.0,0.0,0.0,0.0,0.0,0,0.9895083201891527,0.9395007577838759,False,False,False,False,-0.28629570257251663,-0.22533647068835264,False,False,False,False,-693811,-711577.3463181484,False,False,False,False,131391.94028146917,False,False,False,False
2023-03-22 00:00:00+00:00,19.89,20.36,19.86,20.15,114002,,,,,,,,,,,,,,,,,,,,,,,,,21.112378151071553,21.77438321864777,21.022950342929647,22.47810158016174,22.78558929532948,23.03973335409715,23.07980408201484,23.40996768424997,,,,,,,,,,,,,,,,,,,,,,,,21.19421418584102,21.557725849062287,21.134756920953617,20.888087683374106,21.349554446793793,22.246683326411002,22.69720353997549,22.976459166903933,23.019510096501055,23.097112162062853,23.478613478348333,,,,,21.77438321864777,22.47810158016174,22.228569924459453,"rgba(255, 0, 0, 1.0)",1.3456776584162147,22.228569924459453,-1.7378381143756338,36.061292822756336,-8.21650835841821,False,True,False,True,False,0.0,0.0,0.0,0.0,0.0,0,0.9639383096393522,0.9754407453578348,False,False,False,False,-0.34282825441539394,-0.2840823625518733,False,False,False,False,-807813,-715351.2935213583,False,False,False,False,130709.98183905863,False,False,False,False
2023-03-23 00:00:00+00:00,19.9,20.64,19.72,20.0,298779,,,,,,,,,,,,,,,,,,,,,,,,,20.91763599855794,21.6800015674303,20.99929770505697,22.444063102623037,22.749122466095756,23.003828075276456,23.049290175021913,23.380491123930582,,,,,,,,,,,,,,,,,,,,,,,,21.02444645489475,21.463404773692403,21.10493365275245,20.869904569629767,21.328036403881008,22.21502579345899,22.66128837463027,22.939835512697215,22.98613207511861,23.066869501188354,23.44897938451993,,,,,21.6800015674303,22.444063102623037,22.175399300550353,"rgba(255, 0, 0, 1.0)",1.354331283410899,22.175399300550353,-1.6800906310158732,34.76355027726457,-9.606828296912333,False,True,False,True,False,0.0,0.0,0.0,0.0,0.0,0,0.9529737813155428,0.9871461668929151,False,False,False,False,-0.3302956516395051,-0.3071890070956892,False,False,False,False,-509034,-707260.4192656188,False,False,False,False,137300.923727723,False,False,False,False
2023-03-24 00:00:00+00:00,19.93,20.07,19.28,19.82,110825,,,,,,,,,,,,,,,,,,,,,,,,,20.841473972212942,21.64098394333467,20.987792751582433,22.429966803923254,22.734216237413555,22.989264221812448,23.03689873288087,23.368618798276863,,,,,,,,,,,,,,,,,,,,,,,,20.956422034673622,21.42383384674829,21.09088659804495,20.860641792849744,21.31818845780414,22.201751570341987,22.64655792559245,22.924957307574054,22.972570440496842,23.054592885584082,23.437063359623124,,,,,21.64098394333467,22.429966803923254,22.153509562145807,"rgba(255, 0, 0, 1.0)",1.360269541387079,22.153509562145807,-1.6346095347238863,34.114481193925855,-10.422476519163993,False,True,False,True,False,0.0,0.0,0.0,0.0,0.0,0,0.9068880870047749,1.024767141840481,False,False,False,False,-0.34282825441539394,-0.32500863075554154,False,False,False,False,-398209,-695140.7557650063,False,False,False,False,136262.6522089888,False,False,False,False
2023-03-27 00:00:00+00:00,20.09,20.23,19.735,19.94,121006,,,,,,,,,,,,,,,,,,,,,,,,,20.78630666677006,21.60576126157479,20.978064650980684,22.416216586306874,22.719508496064915,22.974771284758187,23.024533374523592,23.356666068541678,,,,,,,,,,,,,,,,,,,,,,,,20.904375936653928,21.38906580505332,21.078793214648904,20.85303579118322,21.309335555417974,22.188937038081278,22.632068345206275,22.910183554116326,22.959072869460638,23.042335077894478,23.425048184018486,,,,,21.60576126157479,22.416216586306874,22.1344252505924,"rgba(255, 0, 0, 1.0)",1.3578648714099637,22.1344252505924,-1.5056176013078049,34.870732487695435,-10.422476519163993,False,True,False,True,False,0.0,0.0,0.0,0.0,0.0,0,0.9083945875549081,1.0286956713683422,False,False,False,False,-0.29359966379719227,-0.3093041472763669,False,False,False,False,-277203,-678751.039852653,False,False,False,False,135664.35212236177,False,False,False,False
2023-03-28 00:00:00+00:00,20.09,20.48,20.02,20.07,187813,,,,,,,,,,,,,,,,,,,,,,,,,20.730750079097522,21.55983453553195,20.96608131831055,22.396747052042585,22.69847998192321,22.953894898751315,23.00666721256712,23.339264323008177,,,,,,,,,,,,,,,,,,,,,,,,20.84826553990238,21.344977106489782,21.063621173709837,20.843963695703753,21.297696743434578,22.170952692398075,22.611405871591057,22.888944235807344,22.939621611574115,23.024615060895112,23.407533337614296,,,,,21.55983453553195,22.396747052042585,22.110174551071196,"rgba(239, 83, 80, 1.0)",1.3481618049227029,22.110174551071196,-1.4984659435497238,35.37490001687515,-10.422476519163993,False,True,False,True,False,0.0,0.0,0.0,0.0,0.0,0,0.9100219063273994,1.0289328852445465,False,False,False,False,-0.251879881286742,-0.28059201428155445,False,False,False,False,-277203,-663004.057897647,False,False,False,False,137709.39713717112,False,False,False,False
2023-03-29 00:00:00+00:00,19.9,20.44,19.88,20.24,53671,,,,,,,,,,,,,,,,,,,,,,,,,20.71351296659341,21.546116929876,20.96218594468616,22.390937482661556,22.692241873298627,22.94772232482212,23.001380758349722,23.33413282758971,,,,,,,,,,,,,,,,,,,,,,,,20.831096887578592,21.331681126440635,21.058777674307525,20.84093184626442,21.294047768961175,22.16555549625966,22.60526714774053,22.882660406396024,22.93386560818788,23.019372633619042,23.402372093865413,,,,,21.546116929876,22.390937482661556,22.102834726184113,"rgba(255, 0, 0, 1.0)",1.3435970679788152,22.102834726184113,-1.6395054579107249,34.85140924715974,-10.422476519163993,False,True,False,True,False,0.0,0.0,0.0,0.0,0.0,0,0.8964377782238919,1.036326440869158,False,False,False,False,-0.26581411131658067,-0.2732030627990676,False,False,False,False,-330874,-649979.3497447981,False,False,False,False,134413.77372002715,False,False,False,False
2023-03-30 00:00:00+00:00,20.26,20.34,19.86,19.86,41207,,,,,,,,,,,,,,,,,,,,,,,,,20.702458783921195,21.536318379183456,20.959485293680814,22.386650033166283,22.68761821100677,22.94313252871068,22.99744542979203,23.33030033823956,,,,,,,,,,,,,,,,,,,,,,,,20.819760966790408,21.322297142368654,21.05539030085215,20.838861142836524,21.291443558263552,22.161588227130117,22.600722414511306,22.87799171554371,22.9295851393695,23.015469231379985,23.39851524093446,,,,,21.536318379183456,22.386650033166283,22.097633372509534,"rgba(239, 83, 80, 1.0)",1.333672528927023,22.097633372509534,-1.3778745026621793,37.342480882313346,-10.422476519163993,False,True,False,True,True,0.0,0.0,0.0,0.0,0.0,0,0.892865341938117,1.0382528122847743,False,False,False,False,-0.2751596338624878,-0.2741813483307777,False,False,False,False,-289667,-635849.4536763747,False,False,False,False,130758.60612316334,False,False,False,False
2023-03-31 00:00:00+00:00,20.23,20.58,20.14,20.27,83690,,,,,,,,,,,,,,,,,,,,,,,,,20.68759294263793,21.51913711238443,20.955155621326362,22.378625894922312,22.678881238599946,22.934400110559796,22.989943374426574,23.322943753532506,,,,,,,,,,,,,,,,,,,,,,,,20.803232860671365,21.306290998937442,21.0498197447348,20.83568668435014,21.286944744961243,22.154230212084496,22.592156433454115,22.869124227042075,22.92144117059746,23.008024736803847,23.39110305562791,,,,,21.51913711238443,22.378625894922312,22.088670258823935,"rgba(239, 83, 80, 1.0)",1.330832050240049,22.088670258823935,-1.3966227056890288,38.83867865162781,-10.422476519163993,False,True,False,True,True,0.0,0.0,0.0,0.0,0.0,0,0.8973121454060022,1.039149744563962,False,False,False,False,-0.23497773637765593,-0.2545795423542168,False,False,False,False,-373357,-625555.6319635757,False,False,False,False,128912.77843205888,False,False,False,False
2023-04-03 00:00:00+00:00,20.15,20.42,19.95,20.17,57145,,,,,,,,,,,,,,,,,,,,,,,,,20.674409034919332,21.506315332826954,20.951576416778714,22.37280413333102,22.67259263424657,22.92814608693561,22.984571552492106,23.31770263481416,,,,,,,,,,,,,,,,,,,,,,,,20.789412639724443,21.29411030179725,21.045329851851008,20.83294868837965,21.283446383959653,22.14885038623388,22.58597814091014,22.862766507528654,22.915605034759615,23.00269559435329,23.385827332851143,,,,,21.506315332826954,22.37280413333102,22.081846773089115,"rgba(239, 83, 80, 1.0)",1.327223614362971,22.081846773089115,-1.4555548531408153,39.374964076124954,-10.422476519163993,False,True,False,True,True,0.0,0.0,0.0,0.0,0.0,1,0.8862995797888696,1.0419570564722764,False,False,False,False,-0.26193358074169165,-0.25825656154795423,False,False,False,False,-430502,-617906.4699257885,False,False,False,False,126098.35574844874,False,False,False,False
2023-04-04 00:00:00+00:00,19.7,20.25,19.61,20.07,103399,,,,,,,,,,,,,,,,,,,,,,,,,20.638009943126605,21.47830295912795,20.94255380299792,22.360826635877732,22.659847135189946,22.915595527596444,22.973803108170117,23.307302864152753,,,,,,,,,,,,,,,,,,,,,,,,20.75366999057101,21.266617061796335,21.034382804822062,20.825675908045824,21.275363286851817,22.13762513596259,22.573406756988444,22.849978919232072,22.9038828704571,22.99201888421388,23.37537868599087,,,,,21.47830295912795,22.360826635877732,22.066539067430078,"rgba(255, 0, 0, 1.0)",1.320145364641322,22.066539067430078,-1.792635213375201,37.44205099435601,-10.422476519163993,False,True,False,True,True,0.0,0.0,0.0,0.0,0.0,1,0.8681629429597738,1.0566835655873439,False,False,False,False,-0.3019012949493256,-0.2800789282486399,False,False,False,False,-533901,-614612.137771836,False,False,False,False,125208.18493478409,False,False,False,False
2023-04-05 00:00:00+00:00,19.54,19.63,18.94,19.6,242877,,,,,,,,,,,,,,,,,,,,,,,,,20.518424118296746,21.397592018018777,20.912781773448394,22.32779764779317,22.625278673983626,22.88192424972624,22.944924663260554,23.279734127987336,,,,,,,,,,,,,,,,,,,,,,,19.37,20.63978311159399,21.185252325923845,20.99923677663703,20.800725861214254,21.250398527719355,22.10619597693543,22.539160415854294,22.815588505341324,22.872390977972465,22.963404069386762,23.347742043186667,,,,,21.397592018018777,22.32779764779317,21.888916793214015,"rgba(255, 0, 0, 1.0)",1.3125639855703801,21.888916793214015,-1.789563647210147,35.45614060488251,-10.422476519163993,False,True,False,True,False,0.0,0.0,0.0,0.0,0.0,1,0.8426162364422422,1.0786918817788793,False,False,False,False,-0.34282825441539394,-0.3114535913320169,False,False,False,False,-776778,-620971.5833494111,False,False,False,False,129822.64827067491,False,False,False,False
2023-04-06 00:00:00+00:00,19.56,19.71,19.34,19.39,39901,,,,,,,,,,,,,,,,,,,,,,,,,20.503445166672407,21.385961396712446,20.908514933061355,22.322742958983483,22.619956169651534,22.876713258725264,22.94044370146146,23.27543338200433,,,,,,,,,,,,,,,,,,,,,,,19.39351727032042,20.6250658581037,21.17371472837244,20.99418047353079,20.797176499186534,21.2467176107068,22.101411141702215,22.533896371867915,22.810273732230037,22.86751458380434,22.958962308821164,23.34342690589624,,,,,21.385961396712446,22.322742958983483,21.883953422590743,"rgba(255, 0, 0, 1.0)",1.311506251852744,21.883953422590743,-1.771972813173961,34.32618925093321,-11.330820348628933,False,True,False,True,False,0.0,0.0,0.0,0.0,0.0,1,0.8645820706023467,1.0708192704977126,False,False,False,False,-0.3072877384244524,-0.3093706648782346,False,False,False,False,-736877,-625516.893806297,False,False,False,False,126296.30912280531,False,False,False,False
2023-04-10 00:00:00+00:00,19.97,20.02,19.34,19.5,60506,,,,,,,,,,,,,,,,,,,,,,,,,20.487010515191702,21.370852678547653,20.90321808741825,22.315770125946187,22.61254554172831,22.869407774804817,22.934148721773756,23.269347973170596,,,,,,,,,,,,,,,,,,,,,,,19.461049801330677,20.60824214899453,21.159044218631,20.987831051984482,20.792849672720525,21.241945088342764,22.09486510128391,22.52658545360221,22.80283564097694,22.860677997809407,22.952719547845348,23.337313395861663,,,,,21.370852678547653,22.315770125946187,21.879413026898238,"rgba(239, 83, 80, 1.0)",1.2949247847648842,21.879413026898238,-1.4745358567253972,37.212968615507556,-11.330820348628933,False,True,False,True,True,0.0,0.0,0.0,0.0,0.0,1,0.8526294346444964,1.0712980704959674,False,False,False,False,-0.2847332007774331,-0.2970519328278338,False,False,False,False,-676371,-627511.1724805599,False,False,False,False,123716.29700034237,False,False,False,False
2023-04-11 00:00:00+00:00,20.04,20.19,19.92,19.92,34179,,,,,,,,,,,,,,,,,,,,,,,,,20.481498647610582,21.363884645889797,20.9009684967651,22.312270325669132,22.608778265293584,22.86565958285139,22.93091070443365,23.26618804568354,,,,,,,,,,,,,,,,,,,,,,,19.51437881328766,20.6020581805693,21.15250425938476,20.985076390306983,20.791074767284996,21.239763177404377,22.091617678861304,22.522881519955664,22.799028120336047,22.85717054890961,22.949506470543767,23.33413360586578,,,,,21.363884645889797,22.312270325669132,21.87846761234535,"rgba(239, 83, 80, 1.0)",1.2846080062532352,21.87846761234535,-1.431150672731315,39.694408318624205,-14.906922754651077,False,True,False,True,True,0.0,0.0,0.0,0.0,0.0,1,0.8628603957641976,1.0782730760025097,False,False,False,False,-0.23126620805951803,-0.2641590704436759,False,False,False,False,-642192,-628086.8912068125,False,False,False,False,120205.03045130934,False,False,False,False
2023-04-12 00:00:00+00:00,20.06,20.48,20.05,20.07,71231,,,,,,,,,,,,,,,,,,,,,,,,,20.47420344889085,21.351191514666684,20.897119636750794,22.30548179767654,22.601410523290408,22.858285305809385,22.924528164740437,23.259921877233655,,,,,,,,,,,,,,,,,,,,,,,19.622693268315007,20.59291037947143,21.14090005888574,20.980279553784314,20.788129589625324,21.23579892509818,22.08536671766075,22.515653524730688,22.791548333334152,22.85026932938922,22.94317060413294,23.327821539338203,,,,,21.351191514666684,22.30548179767654,21.877334204641233,"rgba(239, 83, 80, 1.0)",1.2756327947443218,21.877334204641233,-1.4246530914921227,41.51705370932311,-13.216006034023728,False,True,False,True,True,0.0,0.0,0.0,0.0,0.0,1,0.8587616692870237,1.0737179278086206,False,False,False,False,-0.20190062563098807,-0.233029848037332,False,False,False,False,-570961,-625846.6601790943,False,False,False,False,118284.48023753251,False,False,False,False
2023-04-13 00:00:00+00:00,20.62,20.69,20.11,20.11,54555,,,,,,,,,,,,,,,,,,,,,,,,,20.474186708942234,21.34394040438757,20.895353306839013,22.300990193434544,22.59644374115018,22.85324915017999,22.920153710700138,23.25557185695574,,,,,,,,,,,,,,,,,,,,,,,19.714907398391915,20.59087889358806,21.134750105288045,20.977928236026642,20.786939507584776,21.233586032763256,22.081304225671012,22.510804827205057,22.78645636300253,22.84555648604377,22.938824560793375,23.323429992518985,,,,,21.34394040438757,22.300990193434544,21.87826278507334,"rgba(239, 83, 80, 0.5)",1.261100263212269,21.87826278507334,-0.9977499979805704,46.742772603593664,-8.385768075621321,False,False,False,False,True,0.0,0.0,0.0,0.0,0.0,1,0.8551263728733921,1.0672161423154982,False,False,False,False,-0.18320558768239983,-0.20811771785986594,False,False,False,False,-516406,-621554.8695838357,False,False,False,False,115785.28493409987,False,False,False,False
2023-04-14 00:00:00+00:00,20.52,20.83,20.4,20.48,64981,,,,,,,,,,,,,,,,,,,,,,,,,20.476631825539602,21.336530026008667,20.893811931499762,22.295989125679206,22.590862876247876,22.84755419745887,22.915196915266048,23.250612347615515,,,,,,,,,,,,,,,,,,,,,,,19.814217863658495,20.590729232533324,21.12876503350994,20.97576023225666,20.78602678480305,21.23134589210861,22.07682119187603,22.505369637855765,22.7807074202763,22.840226472125824,22.933897933205124,23.318417983235335,,,,,21.336530026008667,22.295989125679206,21.879473746138,"rgba(239, 83, 80, 1.0)",1.2447950444562677,21.879473746138,-1.0921265731193726,49.43887876122771,-6.0465175066092485,False,False,False,False,True,0.0,0.0,0.0,0.0,0.0,1,0.856708098621637,1.0703313460893802,False,False,False,False,-0.15368603154446175,-0.18090187470216385,False,False,False,False,-581387,-619979.6590119206,False,False,False,False,113792.9600347234,False,False,False,False
2023-04-17 00:00:00+00:00,20.53,20.6,20.23,20.26,56218,,,,,,,,,,,,,,,,,,,,,,,,,20.476188860442996,21.32914790444746,20.891937421821385,22.291359275179367,22.58574847645246,22.84236868182088,22.9106873736712,23.246128080117007,,,,,,,,,,,,,,,,,,,,,,,19.87175635120939,20.588411352291402,21.122481546594557,20.973288715037153,20.78474149769609,21.22903395368164,22.072628589437933,22.50037570673571,22.775465081431964,22.83537101048508,22.92941747281393,23.313891241387356,,,,,21.32914790444746,22.291359275179367,21.878521429637747,"rgba(239, 83, 80, 1.0)",1.2327543759206572,21.878521429637747,-1.0939092620382145,51.30440296212146,-4.43189791822644,True,False,True,False,True,0.0,0.0,0.0,0.0,0.0,1,0.8328777459344616,1.0933237141514494,False,False,False,False,-0.1611055421926466,-0.17100370844740523,False,False,False,False,-525169,-616261.5939526296,False,False,False,False,111535.11846473425,False,False,False,False
2023-04-18 00:00:00+00:00,20.5,20.73,20.23,20.61,80071,,,,,,,,,,,,,,,,,,,,,,,,,20.476465113969027,21.319236294940197,20.88949577088145,22.284923891776582,22.57861938355959,22.835124150396098,22.904379644819358,23.2398418621768,,,,,,,,,,,,,,,,,,,,,,,19.941643016961457,20.58602399731496,21.114167103426578,20.97003174887826,20.783110332543185,21.22590518034142,22.066816493603774,22.493419838809125,22.76814568559744,22.8285857067962,22.923149381758517,23.307543309963958,,,,,21.319236294940197,22.284923891776582,21.876831395425693,"rgba(239, 83, 80, 1.0)",1.2150403989873535,21.876831395425693,-1.1331568864485333,52.278214979008496,-3.5541345258695785,True,False,True,False,True,0.0,0.0,0.0,0.0,0.0,1,0.8557857157264165,1.0779900092108892,False,False,False,False,-0.1211065626632178,-0.14605513555531152,False,False,False,False,-605240,-615829.3745819383,False,False,False,False,110301.23146611723,False,False,False,False
2023-04-19 00:00:00+00:00,20.45,20.57,20.2,20.3,54824,,,,,,,,,,,,,,,,,,,,,,,,,20.475227433324445,21.31194405275137,20.887512238027327,22.280349191354883,22.573580410932852,22.830021422514367,22.89993740911993,23.235429642432806,,,,,,,,,,,,,,,,,,,,,,,19.975217378707647,20.583188050674167,21.10788863862584,20.967461819546312,20.781705113952295,21.22354790851248,22.062661270050313,22.488496097606298,22.76298630744622,22.823804496776447,22.918735881065537,23.303090547732694,,,,,21.31194405275137,22.280349191354883,21.87463926555771,"rgba(239, 83, 80, 1.0)",1.2082647374130602,21.87463926555771,-1.179078741144029,52.452740267417205,-3.298843736727612,True,False,True,False,True,0.0,0.0,0.0,0.0,0.0,1,0.8680275690745728,1.056029216198519,False,False,False,False,-0.11344381049347209,-0.1297494730243918,False,False,False,False,-660064,-617564.0657748035,False,False,False,False,108125.6537615636,False,False,False,False
2023-04-20 00:00:00+00:00,20.36,20.48,20.21,20.21,44831,,,,,,,,,,,,,,,,,,,,,,,,,20.47343757796379,21.305699174274576,20.885712598494052,22.27651223314013,22.569369955810192,22.825767501030604,22.896234311668405,23.23175978505251,,,,,,,,,,,,,,,,,,,,,,,19.99611071733232,20.580211497530186,21.102428549588677,20.965167087108224,20.78039135665491,21.22149734567957,22.05916312083616,22.484377938077717,22.75868301732049,22.819817455216395,22.91505718416472,23.2993885177081,,,,,21.305699174274576,22.27651223314013,21.87233934623259,"rgba(239, 83, 80, 1.0)",1.2001822384144751,21.87233934623259,-1.2600914243077754,51.6991365908802,-3.298843736727612,True,False,True,False,True,0.0,0.0,0.0,0.0,0.0,1,0.8875801893603417,1.0529438863562917,False,False,False,False,-0.10868264701145505,-0.11921606001792343,False,False,False,False,-704895,-620988.8082934387,False,False,False,False,105643.51047679641,False,False,False,False
2023-04-21 00:00:00+00:00,20.11,20.52,19.99,20.28,132623,,,,,,,,,,,,,,,,,,,,,,,,,20.46261546713308,21.284989961687547,20.879052872140484,22.26441229082728,22.55620862426072,22.812544546090063,22.884729043905402,23.22042046821542,,,,,,,,,,,,,,,,,,,,,,,20.02591926888465,20.56661919601225,21.083735994346853,20.95691869034231,20.7752724215918,21.214498685189515,22.048036881725945,22.471475650886024,22.745289815085858,22.807417373858602,22.90363128925652,23.2879613964574,,,,,21.284989961687547,22.26441229082728,21.862587496894882,"rgba(239, 83, 80, 1.0)",1.1960125191427222,21.862587496894882,-1.4653588226242835,49.001476211023,-3.298843736727612,True,False,False,False,False,0.0,0.0,0.0,0.0,0.0,1,0.8805506307885027,1.0383333219246067,False,False,False,False,-0.11158909095905892,-0.11540257548849117,False,False,False,False,-837518,-629480.1491446765,False,False,False,False,106701.52967378478,False,False,False,False
2023-04-24 00:00:00+00:00,20.63,21.7524,20.11,20.26,171978,,,,,,,,,,,,,,,,,,,,,,,,20.8308,20.481015882915504,21.274156672333604,20.8784469092709,22.253626515912416,22.54383460390435,22.799654809676692,22.873398485576917,23.208861335743162,,,,,,,,,,,,,,,,,,,,,,,20.15076134989816,20.578522900699163,21.077071842253307,20.955164948124402,20.775907522825985,21.21109774390807,22.038629888693027,22.45951192766937,22.73234897306878,22.795328870770977,22.89235340645494,23.27624462786093,,,,,21.274156672333604,22.253626515912416,21.740524729484985,"rgba(239, 83, 80, 0.5)",1.1936298640082805,21.740524729484985,-0.9303761266124638,51.54338856082727,-3.298843736727612,True,False,True,False,False,0.0,0.0,0.0,0.0,0.0,1,0.9228389769477156,1.0023182600703708,False,False,False,False,0.0414740070812134,-0.036964284203638884,False,False,False,False,-665540,-630894.2609429245,False,False,False,True,109261.39125520499,False,False,False,False
2023-04-25 00:00:00+00:00,20.13,20.57,20.02,20.38,78546,,,,,,,,,,,,,,,,,,,,,,,,20.645568338362793,20.475637427796784,21.263012319471688,20.87480595673655,22.246731107421063,22.536313161126735,22.792073561176313,22.866780271671857,23.202316797771815,,,,,,,,,,,,,,,,,,,,,,,20.15666484104411,20.571696789885,21.067118856898404,20.950651647615434,20.773122604270988,21.20718241371872,22.032303752857587,22.452144628248938,22.724678346692603,22.788211222537267,22.88577882157801,23.26964655186188,,,,,21.263012319471688,22.246731107421063,21.72563964334413,"rgba(239, 83, 80, 1.0)",1.1828171136420444,21.72563964334413,-1.349016365202017,49.53304891197451,-3.298843736727612,True,False,False,False,False,0.0,0.0,0.0,0.0,0.0,1,0.9149150183604433,1.0103342082963025,False,False,False,False,-0.10245961207288952,-0.0697119481382642,False,False,False,False,-744086,-635333.1526706531,False,False,False,False,108056.86610794206,False,False,False,False
2023-04-26 00:00:00+00:00,19.94,20.4,19.9,20.08,73806,,,,,,,,,,,,,,,,,,,,,,,,20.516865052261583,20.467511662783338,21.251153270906094,20.870569547507873,22.239781528423,22.528800895605208,22.78454657027763,22.86021473615805,23.19586270821919,,,,,,,,,,,,,,,,,,,,,,,20.152178119835142,20.562553585597904,21.05621193159362,20.94551910827901,20.769754505747255,21.20292814410011,22.02587274946559,22.444768862226994,22.717052144920657,22.781141462975352,22.87925882155202,23.263146679907056,,,,,21.251153270906094,22.239781528423,21.712627270421784,"rgba(255, 0, 0, 1.0)",1.1806117669006677,21.712627270421784,-1.5014480798165084,47.04250652395746,-3.298843736727612,True,False,False,False,False,0.0,0.0,0.0,0.0,0.0,1,0.9025910773426846,1.0252219531880549,False,False,False,False,-0.1356464037412828,-0.1026791759397735,False,False,False,False,-817892,-642492.3231541568,False,False,False,False,106713.69488802277,False,False,False,False
2023-04-27 00:00:00+00:00,19.98,20.12,19.85,20.12,47731,,,,,,,,,,,,,,,,,,,,,,,,20.448419279992617,20.461164924170653,21.242987059467936,20.86752171945116,22.235110765713603,22.523776249262614,22.779527813324297,22.855838134152755,23.19157392775806,,,,,,,,,,,,,,,,,,,,,,,20.14602074408887,20.555670833663203,21.048599909227736,20.941864817457677,20.7672908720836,21.199958554144562,22.021530782971983,22.43982927246217,22.71196365407918,22.776426086928982,22.874913336685623,23.258830015678054,,,,,21.242987059467936,22.235110765713603,21.704499436854363,"rgba(239, 83, 80, 1.0)",1.1840618287972073,21.704499436854363,-1.4564268477484337,45.71541388963649,1.4219084252583016,False,False,False,True,False,0.0,0.0,0.0,0.0,0.0,1,0.884049556135405,1.038825035502172,False,False,False,False,-0.17377975935141446,-0.138229467645594,False,False,False,False,-770161,-647498.9379324252,False,False,False,False,104400.64802966894,False,False,False,False
2023-04-28 00:00:00+00:00,19.86,20.25,19.78,19.78,35654,,,,,,,,,,,,,,,,,,,,,,,,20.405999319132235,20.456337630760768,21.236859624856336,20.86520749820829,22.231603530035347,22.52000642712537,22.775763900720197,22.85255488629905,23.1883578432307,,,,,,,,,,,,,,,,,,,,,,,20.14117620797236,20.55045939698042,21.042878565447594,20.93909662438432,20.765413948118542,21.19771344447578,22.018267748108308,22.43612248887487,22.708147237377396,22.77288901594227,22.871653462832498,23.255593326534566,,,,,21.236859624856336,22.231603530035347,21.698825440044132,"rgba(255, 0, 0, 1.0)",1.1963326091484285,21.698825440044132,-1.5370520087662263,44.05733804765124,-0.25356678028206403,False,False,False,True,False,0.0,0.0,0.0,0.0,0.0,1,0.8867916617167136,1.0296997183767882,False,False,False,False,-0.16681228527969202,-0.152520876462643,False,False,False,False,-805815,-653707.410954683,False,False,False,False,101704.7010481133,False,False,False,False
2023-05-01 00:00:00+00:00,19.77,19.87,19.355,19.77,101510,,,,,,,,,,,,,,,,,,,,,,,,20.258286930924445,20.43507796135669,21.215718900311224,20.856524901246818,22.22037161515687,22.508088609765434,22.763971694511813,22.842286869366216,23.17839257925232,,,,,,,,,,,,,,,,,,,,,,,20.107748883304218,20.52882160861555,21.022503309125643,20.928916792041058,20.758147986584067,21.189831707417362,22.00769347037447,22.42436352386986,22.696164678984513,22.761803041414765,22.861464206690712,23.24558101890131,,,,,21.215718900311224,22.22037161515687,21.678308963515697,"rgba(255, 0, 0, 1.0)",1.209704200311973,21.678308963515697,-1.5775004856753907,42.37400644728962,-1.9667340600842351,False,True,False,True,False,0.0,0.0,0.0,0.0,0.0,1,0.8839480759536212,1.0360583655408055,False,False,False,False,-0.2619329190326799,-0.20722689774766145,False,False,False,False,-907325,-663653.1987603818,False,False,False,False,101697.06571289318,False,False,False,False
2023-05-02 00:00:00+00:00,19.85,19.9,19.525,19.81,121068,,,,,,,,,,,,,,,,,,,,,,,,20.16225479642008,20.414067150640523,21.192710312934416,20.84713067750766,22.20758812261265,22.494466405409025,22.75044392496124,22.830483882085847,23.166894542528645,,,,,,,,,,,,,,,,,,,,,,,20.080754236025584,20.50700163586392,21.00059416218095,20.91786730094856,20.750335841176682,21.181105672849608,21.99570296056663,22.41093876265881,22.682432507220703,22.749079486518866,22.849748504460216,23.234021777170877,,,,,21.192710312934416,22.20758812261265,21.65958004427853,"rgba(239, 83, 80, 1.0)",1.2184686150106394,21.65958004427853,-1.4851265120708332,42.06399233479754,-2.428834537608637,False,True,False,True,False,0.0,0.0,0.0,0.0,0.0,1,0.8932357877888653,1.0361192359719262,False,False,False,False,-0.237928802178234,-0.22257784996294772,False,False,False,False,-786257,-668461.190965857,False,False,False,False,102456.7101947405,False,False,False,False
2023-05-03 00:00:00+00:00,19.6,20.13,19.58,19.89,110353,,,,,,,,,,,,,,,,,,,,,,,,20.103810555109998,20.396342223485778,21.172527501919504,20.838797074134597,22.196106076604387,22.482219314894138,22.738266732447023,22.81984449560208,23.156516914805145,,,,,,,,,,,,,,,,,,,,,,,20.060310821728866,20.488455941996676,20.9814567727314,20.908075429202412,20.74340320564086,21.173308556419673,21.98494089651692,22.3988726927354,22.670076544095583,22.737620443704795,22.83918650141484,23.223587274304986,,,,,21.172527501919504,22.196106076604387,21.644506934759498,"rgba(255, 0, 0, 1.0)",1.2303325998714696,21.644506934759498,-1.6617514117508405,40.189269812829856,-4.405922745340185,False,True,False,True,False,0.0,0.0,0.0,0.0,0.0,1,0.8956636987218801,1.0218542252677143,False,False,False,False,-0.20417528350069689,-0.21337656673182231,False,False,False,False,-896610,-677408.203084843,False,False,False,False,102766.36861847618,False,False,False,False
2023-05-04 00:00:00+00:00,18.48,19.72,18.22,19.4,346776,,,,,,,,,,,,,,,,,,,,,,,,19.690154799516655,20.26980894577051,21.071560844687237,20.79056361275392,22.14666699935035,22.431022006492523,22.688428799157098,22.77647731688309,23.115154509738904,,,,,,,,,,,,,,,,,,,,,,,19.84554467956942,20.36521374051997,20.880128913960032,20.85321478772325,20.701300152941194,21.13291652185992,21.937370664961513,22.348028345179213,22.619248338479565,22.690673094075812,22.796191585293734,23.182169759814517,,,,,21.071560844687237,22.14666699935035,21.557483432945695,"rgba(255, 26, 202, 1.0)",1.2648975317257736,21.557483432945695,-2.4329903061372127,34.40813206080412,-9.926519839861726,False,True,False,True,False,0.0,0.0,0.0,0.0,0.0,0,0.8515377175361347,1.0368619334591374,False,False,False,False,-0.34282825441539394,-0.2781024105736081,False,False,False,False,-1243386,-699603.410807006,False,False,False,False,112335.3737706928,False,False,False,False
2023-05-05 00:00:00+00:00,17.22,18.47,17.22,18.47,245203,,,,,,,,,,,,,,,,,,,,,,,,19.31231298307226,20.129505844832693,20.9709447745579,20.738504980030985,22.100626554458383,22.384261961665544,22.643550647133,22.737501896603167,23.078564827796836,,,,,,,,,,,,,,,,,,,,,,,19.606883242693517,20.230796103266076,20.77668142512928,20.794914157567202,20.654904925720093,21.09122645021998,21.892331732738576,22.301343092711907,22.573323914885197,22.648350376754976,22.757584664744073,23.145642921115208,,,,,20.9709447745579,22.100626554458383,21.47120572782908,"rgba(255, 26, 202, 1.0)",1.3410247795844994,21.47120572782908,-3.1701172062952234,28.148806751962585,-15.640674474681177,False,True,False,True,False,0.0,0.0,0.0,0.0,0.0,0,0.8161825919586544,1.103896795849456,False,False,False,False,-0.34282825441539394,-0.31046533249450103,False,False,False,False,-1488589,-730544.0221479076,False,False,False,False,117545.86891694013,False,False,False,False
2023-05-08 00:00:00+00:00,17.91,18.09,17.09,17.37,178830,,,,,,,,,,,,,,,,,,,,,,,,19.12115543570048,20.038501162190748,20.902458444178052,20.702322436229792,22.06808041740701,22.351154097956623,22.611706202076448,22.709777278575793,23.05247701201304,,,,,,,,,,,,,,,,,,,,,,,19.467353476031064,20.142906317674043,20.706666256515366,20.75449282887007,20.6225996291659,21.061960156790033,21.860529359510913,22.268304640347424,22.54076150622112,22.6182923180502,22.730116113399507,23.11959222248517,,,,,20.902458444178052,22.06808041740701,21.416580754445178,"rgba(255, 26, 202, 1.0)",1.3833103265210092,21.416580754445178,-2.5349198131587296,28.47131206561525,-15.640674474681177,False,True,False,True,False,0.0,0.0,0.0,0.0,0.0,0,0.8418935416513784,1.1097405586428193,False,False,False,False,-0.34282825441539394,-0.3266467934549475,False,False,False,False,-1309759,-753258.3350048524,False,False,False,False,119949.16817509934,False,False,False,False
2023-05-09 00:00:00+00:00,17.45,17.74,17.24,17.74,162365,,,,,,,,,,,,,,,,,,,,,,,,18.961635643259132,19.954352237535993,20.83861282164122,20.667858260943678,22.037478384461522,22.320095204019605,22.581868394566854,22.683774981156393,23.02804523095015,,,,,,,,,,,,,,,,,,,,,,,19.34354448229416,20.061511613613952,20.641349947578952,20.71612048638226,20.591713942230143,21.03411339456252,21.8305660933977,22.23729215048997,22.51024581358399,22.590110205993856,22.70435479021595,23.095204021113318,,,,,20.83861282164122,22.037478384461522,21.3667322039439,"rgba(255, 26, 202, 1.0)",1.43284284924441,21.3667322039439,-2.733539275440664,27.668007587955046,-15.838793045451283,False,True,False,True,False,0.0,0.0,0.0,0.0,0.0,0,0.836308441193394,1.1084663258354879,False,False,False,False,-0.34282825441539394,-0.33473752393517076,False,False,False,False,-1472124,-781449.145396819,False,False,False,False,121612.53412901702,False,False,False,False
2023-05-10 00:00:00+00:00,17.53,17.76,17.22,17.76,94808,,,,,,,,,,,,,,,,,,,,,,,,18.88346277400712,19.90822623589092,20.802707869689083,20.6482377689835,22.019900569201216,22.30224052897877,22.564695515946088,22.668788042376402,23.013945865144375,,,,,,,,,,,,,,,,,,,,,,,19.27905674428232,20.01670863610601,20.604729055528214,20.694307843054542,20.574110053738963,21.018172670631373,21.813364637708656,22.219468712941158,22.49269009829485,22.57388162395764,22.68950490635367,23.08112765624169,,,,,20.802707869689083,22.019900569201216,21.33941000764074,"rgba(255, 26, 202, 1.0)",1.469771300466808,21.33941000764074,-2.591838612191467,27.617433507014525,-16.03098536944423,False,True,False,True,False,0.0,0.0,0.0,0.0,0.0,0,0.8405229015007873,1.0979949111414562,False,False,False,False,-0.3428282544153934,-0.3387828891752821,False,False,False,False,-1377316,-804816.4730283163,False,False,False,False,120561.3759278791,False,False,False,False
2023-05-11 00:00:00+00:00,17.07,17.56,17.07,17.35,99576,,,,,,,,,,,,,,,,,,,,,,,,18.795510232858227,19.856380277867707,20.762801603904812,20.626143955563712,22.0004899852428,22.28258280223019,22.54582808147243,22.652322572561285,22.998492930464916,,,,,,,,,,,,,,,,,,,,,,,19.206434683053587,19.966434857795427,20.563906299218598,20.669803189119943,20.554228849119436,21.000310261732167,21.794322151766597,22.199829377923106,22.473392891826027,22.556046315415433,22.67319198590237,23.06570751095023,,,,,20.762801603904812,22.0004899852428,21.308922665251934,"rgba(255, 26, 202, 1.0)",1.5204795592477771,21.308922665251934,-2.787885334906472,26.568534613662447,-17.26725483279064,False,True,False,True,False,0.0,0.0,0.0,0.0,0.0,0,0.832228483221213,1.114791037796012,False,False,False,False,-0.34282825441539394,-0.340805571795338,False,False,False,False,-1476892,-831172.3760468138,False,False,False,False,119738.42000913875,False,False,False,False
2023-05-12 00:00:00+00:00,16.89,17.15,16.8662,17.0,67850,,,,,,,,,,,,,,,,,,,,,,,,18.731489904585995,19.81874027919969,20.734116703568244,20.610091160514717,21.986624634435678,22.268577990669844,22.532411809210103,22.640615168820343,22.98752961456482,,,,,,,,,,,,,,,,,,,,,,,19.153585427530583,19.929989608451784,20.534486544302897,20.65203339286139,20.539748397659174,20.987387112919887,21.780689759986434,22.185827491096823,22.45966502592301,22.543360867357674,22.66159435036762,23.054772322240336,,,,,20.734116703568244,21.986624634435678,21.286928262201332,"rgba(255, 26, 202, 1.0)",1.5683626855780988,21.286928262201332,-2.8035149666804418,25.498334993330317,-18.54961767374523,False,True,False,True,False,0.0,0.0,0.0,0.0,0.0,0,0.8247253631975182,1.1281583643049378,False,False,False,False,-0.34282825441539394,-0.341816913105366,False,False,False,False,-1544742,-859155.4985547819,False,False,False,False,117703.58000878038,False,False,False,False
2023-05-15 00:00:00+00:00,17.13,17.34,16.92,16.97,73813,,,,,,,,,,,,,,,,,,,,,,,,18.672674682321436,19.781145966418,20.70471499081302,20.593553205458313,21.97210924070091,22.253887017289163,22.51831049924773,22.628294085845365,22.975966329155074,,,,,,,,,,,,,,,,,,,,,,,19.102895253434617,19.893439763056467,20.504446209024263,20.63373263271845,20.524833017032176,20.97398239163063,21.7664405938651,22.17114815766304,22.445244575650012,22.530023152200393,22.649386790728812,23.04323460102965,,,,,20.70471499081302,21.97210924070091,21.264811427712647,"rgba(255, 26, 202, 1.0)",1.5993412269933525,21.264811427712647,-2.5853216048746517,26.382244197040347,-18.54961767374523,False,True,False,True,False,0.0,0.0,0.0,0.0,0.0,0,0.8191765120499586,1.1301006880514866,False,False,False,False,-0.32556900365575864,-0.33369295838056234,False,False,False,False,-1470929,-883146.616258516,False,False,False,False,115982.38079274978,False,False,False,False
2023-05-16 00:00:00+00:00,16.61,17.15,16.54,16.96,93837,,,,,,,,,,,,,,,,,,,,,,,,18.587656032280844,19.7284988006985,20.66429322616608,20.570572560707497,21.95240561310736,22.234015744702372,22.49928805628056,22.611680033837587,22.960422354450778,,,,,,,,,,,,,,,,,,,,,,,19.030793753748696,19.842398796257537,20.462982940356238,20.6083557001541,20.504049413888975,20.95547707479054,21.747041770362806,22.15127305829366,22.42577894513078,22.512027275471777,22.63292863219752,23.027734374930784,,,,,20.66429322616608,21.95240561310736,21.234096989144206,"rgba(255, 26, 202, 1.0)",1.6356777034458228,21.234096989144206,-2.8270220835087434,25.754557156340418,-18.80477476832082,False,True,False,True,False,0.0,0.0,0.0,0.0,0.0,0,0.7927587467999512,1.1535364451370784,False,False,False,False,-0.34282825441539394,-0.33826060639797817,False,False,False,False,-1564766,-909876.7881699468,False,False,False,False,115113.93448715175,False,False,False,False
2023-05-17 00:00:00+00:00,16.85,16.97,16.44,16.73,72909,,,,,,,,,,,,,,,,,,,,,,,,18.526212572346733,19.68866724865198,20.633349345846135,20.552844900422134,21.937159960281956,22.218637928055124,22.484560558703155,22.59880690594869,22.948372811711916,,,,,,,,,,,,,,,,,,,,,,,18.97746079670415,19.803710193087436,20.43128269486916,20.588799578201563,20.488002040754395,20.941165490393825,21.732032901216076,22.135893241084016,22.410711101887397,22.498090054198702,22.620175569609206,23.015718301110496,,,,,20.633349345846135,21.937159960281956,21.210796794698688,"rgba(255, 26, 202, 1.0)",1.662494511269213,21.210796794698688,-2.6230443259445613,26.89083033872572,-18.80477476832082,False,True,False,True,False,0.0,0.0,0.0,0.0,0.0,0,0.7927264021304576,1.1488959073303355,False,False,False,False,-0.34282825441539394,-0.340544430406686,False,False,False,False,-1491857,-932699.5415750468,False,False,False,False,113458.83901706738,False,False,False,False
2023-05-18 00:00:00+00:00,16.5,16.87,16.29,16.76,60488,,,,,,,,,,,,,,,,,,,,,,,,18.472868749511086,19.654225056144487,20.606742101588264,20.537494242421634,21.924093918366914,22.20548078465399,22.47197487300909,22.587805798479376,22.938089925712255,,,,,,,,,,,,,,,,,,,,,,,18.931261888609317,19.77028388536413,20.403983372404234,20.571886849806543,20.47408499103646,20.928802329925823,21.719151828984092,22.122728290182323,22.397831096842133,22.48617754564515,22.60927781496997,23.005466934888048,,,,,20.606742101588264,21.924093918366914,21.190712267182864,"rgba(255, 26, 202, 1.0)",1.6805262796448162,21.190712267182864,-2.79121625409765,26.771842231345893,-18.80477476832082,False,True,False,True,False,0.0,0.0,0.0,0.0,0.0,0,0.788675755671402,1.1507598229955942,False,False,False,False,-0.34282825441539394,-0.34168634241104,False,False,False,False,-1552345,-956999.3634740647,False,False,False,False,111381.55121247651,False,False,False,False
2023-05-19 00:00:00+00:00,16.4,16.724,16.29,16.575,87677,,,,,,,,,,,,,,,,,,,,,,,,18.397382565159624,19.60433838321381,20.568017499084515,20.51499791525712,21.90497951297727,22.186242597767954,22.453575088543346,22.571714928014124,22.923052838268184,,,,,,,,,,,,,,,,,,,,,,,18.865134586327155,19.72183085048781,20.364260334821168,20.54712696622292,20.45366793077983,20.910671645501612,21.700299561556136,22.103476284684508,22.37900131301419,22.46875745712876,22.593337957503216,22.99047713137732,,,,,20.568017499084515,21.90497951297727,21.161593310815658,"rgba(255, 26, 202, 1.0)",1.691142776909204,21.161593310815658,-2.8156069232179943,26.44878885686677,-18.981743232417656,False,True,False,True,False,0.0,0.0,0.0,0.0,0.0,0,0.7973574894518208,1.1512803025606049,False,False,False,False,-0.34282825441539394,-0.34225729841321695,False,False,False,False,-1640022,-983784.5649064544,False,False,False,False,110451.96096884998,False,False,False,False
2023-05-22 00:00:00+00:00,16.59,16.79,16.515,16.53,19638,,,,,,,,,,,,,,,,,,,,,,,,18.382592046405872,19.593939199230935,20.559778699009076,20.51019167773991,21.90084238820102,22.182071680917705,22.44957937977053,22.56821689233789,22.919777855663252,,,,,,,,,,,,,,,,,,,,,,,18.851767321536272,19.711698459214112,20.355834789808913,20.541838697041655,20.449306378541145,20.906776849152376,21.696224465106596,22.099304406449452,22.374914203087286,22.46497344634449,22.58987227687994,22.987211461439795,,,,,20.559778699009076,21.90084238820102,21.15547505562192,"rgba(255, 26, 202, 1.0)",1.6859129961628874,21.15547505562192,-2.7080134419823993,27.580274242691488,-18.981743232417656,False,True,False,True,False,0.0,0.0,0.0,0.0,0.0,0,0.8274659520575601,1.1366589799466709,False,False,False,False,-0.32029611158313664,-0.3312767049981768,False,False,False,False,-1620384,-1008749.2486356131,False,False,False,False,106890.62916614999,False,False,False,False
2023-05-23 00:00:00+00:00,16.17,16.6,16.13,16.36,65798,,,,,,,,,,,,,,,,,,,,,,,,18.3257380112582,19.555777954997833,20.530114154076102,20.492804829001788,21.886158408801432,22.16731002432353,22.435470524815113,22.55587341140887,22.908252224901798,,,,,,,,,,,,,,,,,,,,,,,18.801602805727256,19.674624303909425,20.325390159416894,20.522729631871485,20.433501767322404,20.89277026863473,21.681727263573393,22.084527484755732,22.360474047703352,22.451611790698838,22.577644916967035,22.97572436566428,,,,,20.530114154076102,21.886158408801432,21.13320519920826,"rgba(255, 26, 202, 1.0)",1.7101492269327498,21.13320519920826,-2.9022059134044396,27.171381078069984,-18.981743232417656,False,True,False,True,False,0.0,0.0,0.0,0.0,0.0,0,0.8204108040326693,1.1165578904189077,False,False,False,False,-0.34282825441539394,-0.33705247970678537,False,False,False,False,-1686182,-1035315.2388851969,False,False,False,False,105279.15351257547,False,False,False,False
2023-05-24 00:00:00+00:00,16.01,16.12,15.68,16.12,192579,,,,,,,,,,,,,,,,,,,,,,,,18.148972140722165,19.437085478573948,20.438360609141803,20.43839287531865,21.840853346705625,22.121878677673557,22.392122480962033,22.517941919539503,22.872906117069437,,,,,,,,,,,,,,,,,,,,,,,18.645729798762,19.559402794065956,20.23104343455801,20.46304908835934,20.383922888774944,20.849055925807004,21.6369060615614,22.039018042657666,22.316091779278896,22.41054508763523,22.540073707835756,22.94051177705313,,,,,20.438360609141803,21.840853346705625,21.064167612750147,"rgba(255, 26, 202, 1.0)",1.7405131064930788,21.064167612750147,-2.903837721126775,26.488447188631547,-19.698804661462113,False,True,False,True,False,0.0,0.0,0.0,0.0,0.0,0,0.7926119475669263,1.15163677032151,False,False,False,False,-0.34282825441539394,-0.33994036706108965,False,False,False,False,-1878761,-1068391.54324264,False,False,False,False,108702.67690423918,False,False,False,False
2023-05-25 00:00:00+00:00,15.56,16.01,15.46,15.98,378939,,,,,,,,,,,,,,,,,,,,,,,,17.834774565610413,19.20912543464385,20.258281613047235,20.329064066536034,21.749852834742548,22.030712563877945,22.305124544271443,22.441659979944742,22.80182326775525,,,,,,,,,,,,,,,,,,,,,,,18.358608326849183,19.337366638059272,20.046208160973087,20.343545845245504,20.28396964634898,20.760816575345117,21.546791167747504,21.94767504850809,22.22703983515139,22.328045620124836,22.464509648727397,22.86970801045734,,,,,20.258281613047235,21.749852834742548,20.930249769175493,"rgba(255, 26, 202, 1.0)",1.7899909205065312,20.930249769175493,-3.000154753665354,24.975778589267108,-21.356820619313716,False,True,False,True,False,0.0,0.0,0.0,0.0,0.0,0,0.8116392321278468,1.154329915501393,False,False,False,False,-0.34282825441539394,-0.3413843107382418,False,False,False,False,-2257700,-1115031.0905664582,False,False,False,False,119300.17977073962,False,False,False,False
2023-05-26 00:00:00+00:00,15.86,15.88,15.5,15.58,355511,,,,,,,,,,,,,,,,,,,,,,,,17.612331870469124,19.022801754007297,20.103693685647542,20.232438704691976,21.66784414563587,21.94841366626693,22.2263705921485,22.37234947825302,22.737042884922,,,,,,,,,,,,,,,,,,,,,,,18.14134924842382,19.154534593153837,19.888507664670545,20.238334241225715,20.195347145514027,20.68182944760549,21.465669490605332,21.865262546167454,22.14650831539487,22.25325911858751,22.395830282139293,22.80515960629114,,,,,20.103693685647542,21.66784414563587,20.817485943776504,"rgba(255, 26, 202, 1.0)",1.827263330579261,20.817485943776504,-2.7130659608896823,26.172183187739943,-21.356820619313716,False,True,False,True,False,0.0,0.0,0.0,0.0,0.0,0,0.8113897795003291,1.1644515463277085,False,False,False,False,-0.34282825441539394,-0.34210628257681786,False,False,False,False,-1902189,-1145900.0281913031,False,False,False,False,128563.34919149494,False,False,False,False
2023-05-30 00:00:00+00:00,15.54,16.09,15.255,15.97,142099,,,,,,,,,,,,,,,,,,,,,,,,17.531303846167848,18.951327279172645,20.04322897639292,20.193958566597246,21.635045729249608,21.91550215913324,22.194853662988002,22.344557971890037,22.71104879447213,,,,,,,,,,,,,,,,,,,,,,,18.060487425795852,19.084200130814217,19.826953773839808,20.196543067740286,20.159968666821037,20.650209366894355,21.43321825792263,21.832306230555638,22.114291840052,22.22330495278816,22.368288539149194,22.77925838457472,,,,,20.04322897639292,21.635045729249608,20.77352996192184,"rgba(255, 26, 202, 1.0)",1.880357527820913,20.77352996192184,-2.783263227598432,26.10860704474842,-21.356820619313716,False,True,False,True,False,0.0,0.0,0.0,0.0,0.0,0,0.8038135049791852,1.1620444989792058,False,False,False,False,-0.34282825441539394,-0.34246726849610587,False,False,False,False,-2044288,-1181130.929046546,False,False,False,False,129094.15902712259,False,False,False,False
2023-05-31 00:00:00+00:00,15.6,15.66,15.32,15.32,86449,,,,,,,,,,,,,,,,,,,,,,,,17.482703443191145,18.908012338574004,20.006407953885077,20.17034711724819,21.61493102894859,21.89532583104068,22.17553195039589,22.327507944645994,22.695101861407302,,,,,,,,,,,,,,,,,,,,,,,18.011838455291343,19.04154800361916,19.789482910203603,20.170929545668997,20.13823542713496,20.630779926462413,21.413309090316908,21.812100616302917,22.094542803409585,22.20493495828195,22.35139123451933,22.76336935042493,,,,,20.006407953885077,21.61493102894859,20.7467481220274,"rgba(255, 26, 202, 1.0)",1.925664205055228,20.7467481220274,-2.67271319086486,26.518044750374045,-21.356820619313716,False,True,False,True,True,0.0,0.0,0.0,0.0,0.0,0,0.804061770004269,1.158798476923023,False,False,False,False,-0.34282825441539394,-0.34264776145574993,False,False,False,False,-1957839,-1211590.0690839365,False,False,False,False,127421.79984958837,False,False,False,False
2023-06-01 00:00:00+00:00,15.35,15.6,15.22,15.6,97897,,,,,,,,,,,,,,,,,,,,,,,,17.42678454699199,18.858335867052798,19.96417899223905,20.143117244013037,21.591804255270134,21.872143958847808,22.15333933766079,22.30791680283844,22.676785755015647,,,,,,,,,,,,,,,,,,,,,,15.39,17.956046485692994,18.992635328636958,19.746495338437057,20.14141768885801,20.11314692541835,20.608370319591376,21.390405208727138,21.788880929719813,22.071858589978913,22.183830398618795,22.331975632539464,22.745121842974346,,,,,19.96417899223905,21.591804255270134,20.351634192556645,"rgba(255, 26, 202, 1.0)",1.9677884234031975,20.351634192556645,-2.541754048896453,26.08540822729136,-21.356820619313716,False,True,False,True,True,0.0,0.0,0.0,0.0,0.0,0,0.8081761447796082,1.1640915121690965,False,False,False,False,-0.34282825441539394,-0.34273800793557196,False,False,False,False,-2055736,-1244693.8310806449,False,False,False,False,126263.96456136923,False,False,False,False
2023-06-02 00:00:00+00:00,15.75,15.98,15.47,15.51,717184,,,,,,,,,,,,,,,,,,,,,,,,17.149552955834665,18.565372177142944,19.69845891060097,19.966468899397547,21.436578508787626,21.715961353644822,22.003115721731017,22.174658978228166,22.551547012612033,,,,,,,,,,,,,,,,,,,,,,15.692096568725484,17.656273350234223,18.701378501016364,19.47841568139897,19.95070177047338,19.949929797620307,20.46029535525053,21.237086862637025,21.632623661712454,21.91854855529303,22.040734803951846,22.19985019411304,22.620261556832794,,,,,19.69845891060097,21.436578508787626,20.181405130389724,"rgba(255, 26, 202, 1.0)",1.9979390281889813,20.181405130389724,-2.2179881707433995,28.786610576589972,-24.280997513260157,False,True,False,True,True,0.0,0.0,0.0,0.0,0.0,0,0.8233764963207801,1.129104618416363,False,False,False,False,-0.30112865129307076,-0.32193332961432136,False,False,False,False,-1338552,-1248374.5435872863,False,False,False,False,149437.29928445278,False,False,False,False
2023-06-05 00:00:00+00:00,16.05,16.08,15.64,15.64,107500,,,,,,,,,,,,,,,,,,,,,,,,17.120184042246642,18.52876044940527,19.663251252553504,19.94233716394454,21.414769131726853,21.69395495896182,21.981866250816502,22.155724338764845,22.533675346742534,,,,,,,,,,,,,,,,,,,,,,15.719040492560186,17.62193505555311,18.664659563504625,19.443172278743155,19.92475227356879,19.927562838825445,20.439732948037527,21.21558772632699,21.610626316083493,21.896891802072556,22.02046095346583,22.18106883875977,22.60243401845756,,,,,19.663251252553504,21.414769131726853,20.158316933796073,"rgba(255, 26, 202, 1.0)",2.0166496790291335,20.158316933796073,-2.0371991112377636,32.56259560125654,-20.747534885459576,False,True,False,True,True,0.0,0.0,0.0,0.0,0.0,0,0.8313800186210472,1.1377033567636332,False,False,False,False,-0.28357149415431415,-0.3027524118843178,False,False,False,False,-1231052,-1247695.228152491,False,False,False,False,147792.69931251346,False,False,False,False
2023-06-06 00:00:00+00:00,16.19,16.39,15.92,15.92,267675,,,,,,,,,,,,,,,,,,,,,,,,17.066519147112434,18.449975189771262,19.58389536973816,19.887045863251352,21.363579648293456,21.64215901167132,21.93169431847412,22.110893215808765,22.491213653738154,,,,,,,,,,,,,,,,,,,,,,15.819706514116856,17.553508981345704,18.58506596167067,19.36424117304875,19.8654104113282,19.876253814637135,20.392048786668724,21.16523022502957,21.55889473522098,21.845809471201413,21.972549770861228,22.13658767289398,22.560055458204197,,,,,19.58389536973816,21.363579648293456,20.108553464107203,"rgba(255, 0, 0, 1.0)",2.0366004619074967,20.108553464107203,-1.9240658820420047,35.96179329945217,-17.708073924195077,False,False,False,True,True,0.0,0.0,0.0,0.0,0.0,0,0.8553209538392962,1.1076555883854173,False,False,False,False,-0.24577528178102356,-0.2742638468326707,False,False,False,False,-963377,-1236545.4937151382,False,False,False,False,152493.96600614037,False,False,False,False
2023-06-07 00:00:00+00:00,15.99,16.69,15.95,16.28,131877,,,,,,,,,,,,,,,,,,,,,,,16.210000000000004,17.043410118501566,18.41376142645194,19.54658763566219,19.860706764028123,21.338932500316016,21.61719485319445,21.907476223814868,22.089211111711062,22.470643285255846,,,,,,,,,,,,,,,,,,,,,,15.858636586989867,17.523090711709624,18.548358088280434,19.327243934761157,19.837192403918003,19.851775762239598,20.36918207581899,21.140999756002362,21.53396959176029,21.821165350067457,21.949406344538367,22.11507124926841,22.53952124949967,,,,,19.54658763566219,21.338932500316016,19.78941506198832,"rgba(255, 0, 0, 1.0)",2.0533367702089906,19.78941506198832,-1.8503613811004855,37.30265106943085,-16.62683072392658,False,False,False,True,True,0.0,0.0,0.0,0.0,0.0,0,0.8414406453543887,1.1017274061827456,False,False,False,False,-0.22493778892529365,-0.24960081787898217,False,False,False,False,-1095254,-1231004.6508243484,False,False,False,False,151685.45753531135,False,False,False,False
2023-06-08 00:00:00+00:00,15.75,16.0,15.625,16.0,98075,,,,,,,,,,,,,,,,,,,,,,,16.03157997466138,17.018788224466146,18.38261002232768,19.515960914379782,19.83914542603329,21.319272478174604,21.597352770033666,21.88828540017201,22.07204946163501,22.454416172689474,,,,,,,,,,,,,,,,,,,,,,15.854011859530438,17.494420230197584,18.517032615613296,19.296669946339062,19.81410004408577,19.83171579422468,20.350643717632835,21.1216172279051,21.51413850396543,21.801621169146458,21.931069342088712,22.0980443875114,22.52333253877197,,,,,19.515960914379782,21.319272478174604,19.75960425613065,"rgba(255, 0, 0, 1.0)",2.0774312967684874,19.75960425613065,-1.9300779103346144,37.14462003917838,-16.62683072392658,False,False,False,True,True,0.0,0.0,0.0,0.0,0.0,0,0.8191578330390773,1.1356316252206913,False,False,False,False,-0.28972910356581777,-0.2696649607224,False,False,False,False,-1193329,-1229527.1743214328,False,False,False,False,149583.08665157366,False,False,False,False
2023-06-09 00:00:00+00:00,15.69,15.95,15.63,15.7,82550,,,,,,,,,,,,,,,,,,,,,,,15.958959339993559,16.99823241360265,18.356611294128175,19.4903282695526,19.821018099745743,21.302728175501127,21.58065604509667,21.872133336219125,22.057596687409745,22.440747329263093,,,,,,,,,,,,,,,,,,,,,,15.848664461166294,17.47053292101182,18.490880864591865,19.271089709426466,19.794699142352567,19.81483931639075,20.335037015728584,21.105305018951743,21.497451036445828,21.785173483888638,21.915631964175766,22.08370459593402,22.509696006478205,,,,,19.4903282695526,21.302728175501127,19.738378429768982,"rgba(255, 0, 0, 1.0)",2.0982416319257324,19.738378429768982,-1.9294147862529283,36.77847585046867,-16.62683072392658,False,False,False,True,True,0.0,0.0,0.0,0.0,0.0,0,0.8228203113171495,1.1371655575662754,False,False,False,False,-0.29265331721813953,-0.2811591389702698,False,False,False,False,-1275879,-1231344.8929754943,False,False,False,False,146954.3381554335,False,False,False,False
2023-06-12 00:00:00+00:00,15.54,15.84,15.54,15.68,129042,,,,,,,,,,,,,,,,,,,,,,,15.865742919542937,16.964511209468636,18.31520767923889,19.449721879714367,19.792197578121556,21.276522495464967,21.554227124100567,21.84657580177173,22.03472031797694,22.419120630170596,,,,,,,,,,,,,,,,,,,,,,15.832163370715367,17.432026124703338,18.449276149585323,19.2305319733909,19.76387506921938,19.78798585713477,20.310235677278815,21.079451707093657,21.47103193521572,21.759146931701032,21.89120013418567,22.06100718188493,22.48812279701259,,,,,19.449721879714367,21.276522495464967,19.70531759678123,"rgba(255, 0, 0, 1.0)",2.108625973352297,19.70531759678123,-1.9753705253659584,35.87118577614062,-16.62683072392658,False,False,False,True,True,0.0,0.0,0.0,0.0,0.0,0,0.819123228423596,1.1384242494611791,False,False,False,False,-0.30570967728205367,-0.2934344081261617,False,False,False,False,-1404921,-1238151.799133318,False,False,False,False,146251.8935218871,False,False,False,False
2023-06-13 00:00:00+00:00,15.42,15.75,15.29,15.58,459291,,,,,,,,,,,,,,,,,,,,,,,15.672470776187277,16.844522725015885,18.169665748357087,19.30634463786564,19.689093278367064,21.182701676638608,21.459648483593895,21.755080928857527,21.952683583017283,22.341533538527216,,,,,,,,,,,,,,,,,,,,,,15.756277851290708,17.296519666041775,18.30299011633686,19.08738482392463,19.653835620797185,19.69171641339917,20.221218901375956,20.986846476536364,21.376480571974323,21.665997377585438,21.803668232145217,21.979604474284578,22.41073095520649,,,,,19.30634463786564,21.182701676638608,19.593757394465396,"rgba(255, 0, 0, 1.0)",2.1313294755466057,19.593757394465396,-1.9582882151033847,34.740469485735666,-16.62683072392658,False,False,False,True,False,0.0,0.0,0.0,0.0,0.0,0,0.8000377082109625,1.1502889754243981,False,False,False,False,-0.32814243393013204,-0.31078842102814686,False,False,False,False,-1864212,-1262703.1795594625,False,False,False,False,158527.93691318564,False,False,False,False
2023-06-14 00:00:00+00:00,15.31,15.81,15.3,15.54,99608,,,,,,,,,,,,,,,,,,,,,,,15.65264387709578,16.82079621234467,18.13990897449833,19.276504402511296,19.667312039821553,21.16270755844706,21.439479726055797,21.73554294562061,21.93512637449443,22.324903285413654,,,,,,,,,,,,,,,,,,,,,,15.743412762319243,17.26938741484316,18.27300936454495,19.057662914270676,19.630639981955717,19.671339605153996,20.202292188908352,20.96711837306668,21.356322266721286,21.646116808823006,21.784960270450004,21.962179969235027,22.394140060148967,,,,,19.276504402511296,21.16270755844706,19.571614203097333,"rgba(255, 0, 0, 1.0)",2.154626181494699,19.571614203097333,-1.9778902900646003,33.50354709215749,-16.62683072392658,False,True,False,True,False,0.0,0.0,0.0,0.0,0.0,0,0.8075683738712968,1.1421061397093428,False,False,False,False,-0.3234984582550166,-0.31714343964158176,False,False,False,False,-1963820,-1290197.9568316406,False,False,False,False,156217.35115188424,False,False,False,False
2023-06-15 00:00:00+00:00,15.42,15.56,15.09,15.21,201711,,,,,,,,,,,,,,,,,,,,,,,15.602981471869104,16.771229063672067,18.079067484597562,19.21566677118736,19.622678216757695,21.12182287553778,21.398259875687057,21.695617296829614,21.89922533707248,22.29090242723156,,,,,,,,,,,,,,,,,,,,,,15.71080508148687,17.21343137035476,18.211751322811175,18.997036313217606,19.583151039033602,19.629542540655116,20.163488915285313,20.926758052623835,21.31511828543076,21.605492585262382,21.74671836532457,21.926549521413854,22.360222299250783,,,,,19.21566677118736,21.12182287553778,19.525492113234833,"rgba(255, 0, 0, 1.0)",2.172339354306948,19.525492113234833,-1.8898944610542345,33.754624143592395,-16.62683072392658,False,True,False,True,False,0.0,0.0,0.0,0.0,0.0,0,0.8111124873407111,1.1459005763163834,False,False,False,False,-0.34282825441539394,-0.3299858470284879,False,False,False,False,-1762109,-1308704.2722500076,False,False,False,False,158001.41581259467,False,False,False,False
2023-06-16 00:00:00+00:00,15.44,15.65,15.39,15.64,267524,,,,,,,,,,,,,,,,,,,,,,,15.583022332102678,16.71631694060798,18.006213425158958,19.140590319425932,19.56673947768546,21.069743184841354,21.345662526704025,21.644554766563477,21.853192952176126,22.247195292564594,,,,,,,,,,,,,,,,,,,,,,15.688932767379443,17.149184795299753,18.13807284852622,18.922533851395194,19.523756770422903,19.577075164486175,20.1144100108255,20.875408144091647,21.262569300731425,21.553577249643297,21.697765398691235,21.880853314955775,22.316607248581438,,,,,19.140590319425932,21.069743184841354,19.47146611133794,"rgba(255, 0, 0, 1.0)",2.183670659589036,19.47146611133794,-1.8461877910182007,34.12517980547909,-16.62683072392658,False,True,False,True,False,0.0,0.0,0.0,0.0,0.0,1,0.8461978018715998,1.1248599268280008,False,False,False,False,-0.31727763476623727,-0.3236317408973626,False,False,False,False,-1494585,-1315993.7125539288,False,False,False,False,162296.41911406154,False,False,False,False
2023-06-20 00:00:00+00:00,15.36,15.6,15.02,15.42,200986,,,,,,,,,,,,,,,,,,,,,,,15.552181959787644,16.672857657942497,17.950669415521695,19.08366150733692,19.52402154149176,21.03009570083763,21.305651484471035,21.6057175812251,21.818147577681884,22.213925646776236,,,,,,,,,,,,,,,,,,,,,,15.663482767198433,17.099439398323007,18.081968486891235,18.865992402563094,19.478458748055953,19.536951427312797,20.07690562775271,20.836288860107278,21.22258745235853,21.51409388399831,21.660514689764913,21.84606267465937,22.283411270155305,,,,,19.08366150733692,21.03009570083763,19.42898440853112,"rgba(255, 0, 0, 1.0)",2.1922941786553745,19.42898440853112,-1.8560394166748189,33.91669973531744,-16.62683072392658,False,True,False,True,False,0.0,0.0,0.0,0.0,0.0,1,0.8190366786695235,1.128680937548324,False,False,False,False,-0.34282825441539394,-0.3332299976563783,False,False,False,False,-1695571,-1330879.0963753434,False,False,False,False,163813.65758017678,False,False,False,False
2023-06-21 00:00:00+00:00,14.75,15.33,14.73,15.32,146211,,,,,,,,,,,,,,,,,,,,,,,15.502649049420937,16.634237053434273,17.90589461416853,19.039114611536537,19.49064493773733,20.999646814252873,21.27500044792924,21.57602716345072,21.7913712142078,22.188564154469805,,,,,,,,,,,,,,,,,,,,,,15.628143931319698,17.057331143158173,18.036960445002578,18.821554250879725,19.44307727177184,19.505575437693143,20.047779625121876,20.806185625976617,21.191937032698654,21.483893451589644,21.632036719457034,21.819484562095962,22.258116930469086,,,,,19.039114611536537,20.999646814252873,19.39345304204036,"rgba(255, 26, 202, 1.0)",2.203802226211041,19.39345304204036,-2.1070189451726655,31.015018274269533,-15.57150763167337,False,True,False,True,False,0.0,0.0,0.0,0.0,0.0,1,0.8068992482534246,1.149205833966551,False,False,False,False,-0.34282825441539394,-0.3380291260358861,False,False,False,False,-1841782,-1350914.5043606241,False,False,False,False,163123.35728291495,False,False,False,False
2023-06-22 00:00:00+00:00,14.61,14.84,14.33,14.75,264561,,,,,,,,,,,,,,,,,,,,,,,15.387070441592565,16.555268882092037,17.8191824841485,18.954349445258856,19.42700890759996,20.942241188024713,21.21731847875507,21.520226859612713,21.741046354991262,22.140968897930076,,,,,,,,,,,,,,,,,,,,,14.593333333333334,15.544465355642687,16.97348058406266,17.950046824222063,18.73676440443398,19.375665733742895,19.445691364727907,19.99242372086418,20.749348201286452,21.134227123023912,21.427117535983054,21.578504656184332,21.769535824948445,22.210662485064784,,,,,18.954349445258856,20.942241188024713,18.966186776229595,"rgba(255, 0, 0, 1.0)",2.2134380578720823,18.966186776229595,-1.9680635564825666,28.58651381870662,-17.880575420797697,False,True,False,True,False,0.0,0.0,0.0,0.0,0.0,0,0.7727621735855675,1.172027992482687,False,False,False,False,-0.34282825441539394,-0.34042869022564004,False,False,False,False,-2106343,-1380539.151248443,False,False,False,False,167101.30405613396,False,False,False,False
2023-06-23 00:00:00+00:00,14.61,14.715,14.39,14.54,112091,,,,,,,,,,,,,,,,,,,,,,,15.34540265061702,16.52327498492233,17.78356018127238,18.91922899599047,19.400424579163808,20.918146345806818,21.19309970474434,21.496779963084244,21.719871990748317,22.120925473187558,,,,,,,,,,,,,,,,,,,,,14.58688536987281,15.512240482521092,16.939342991015764,17.914302612507278,18.701674516944998,19.347539402142075,19.420646030961894,19.969214811912014,20.725495711935245,21.10999952859095,21.403268157524504,21.555999028166532,21.748517586660512,22.190676734074987,,,,,18.91922899599047,20.918146345806818,18.938326302484825,"rgba(255, 0, 0, 1.0)",2.217765111568536,18.938326302484825,-1.9516612827512532,26.967510848331347,-19.379855757517554,False,True,False,True,False,0.0,0.0,0.0,0.0,0.0,0,0.7695996357654796,1.1883591822347548,False,False,False,False,-0.34282825441539394,-0.34162847232051696,False,False,False,False,-2106343,-1409002.047277916,False,False,False,False,164944.03723040322,False,False,False,False
2023-06-26 00:00:00+00:00,14.66,14.75,14.57,14.59,78521,,,,,,,,,,,,,,,,,,,,,,,15.32171543030781,16.502457648917186,17.759741850510558,18.895453204053766,19.382312195060223,20.901609329800607,21.17646398295282,21.4806574825246,21.70529583129607,22.107111487008535,,,,,,,,,,,,,,,,,,,,,14.599498231075513,15.492912666440228,16.916872342198737,17.890360455768228,18.67796199849073,19.32839275898475,19.403571075145294,19.95333886796561,20.709134460802648,21.093361952976554,21.386874741447297,21.540517805336563,21.734047357642183,22.176900260428663,,,,,18.895453204053766,20.901609329800607,18.920660424037983,"rgba(255, 0, 0, 1.0)",2.2167763300111765,18.920660424037983,-1.9220073610297443,26.51805604282305,-19.810177316810318,False,True,False,True,False,0.0,0.0,0.0,0.0,0.0,0,0.7720756238519776,1.1999238385376998,False,False,False,False,-0.3303965437386969,-0.3360125080296069,False,False,False,False,-2027822,-1433269.4964042723,False,False,False,False,161554.89851548546,False,False,False,False
2023-06-27 00:00:00+00:00,14.81,15.05,14.52,14.7,452388,,,,,,,,,,,,,,,,,,,,,,,15.233978474810932,16.3990970329144,17.634904309163517,18.767635748952053,19.283469819384504,20.810009779032455,21.0841736362422,21.391018462704785,21.6240432104544,22.029917198400632,,,,,,,,,,,,,,,,,,,,,14.696118374779585,15.412068172072457,16.802742413630053,17.76442538327864,18.55094736222917,19.224124001393623,19.31023288317637,19.865947933877393,20.618604647898803,21.001106624005427,21.295799074871052,21.45436394260358,21.653366326070902,22.0998911441183,,,,,18.767635748952053,20.810009779032455,18.830038403851056,"rgba(255, 0, 0, 1.0)",2.217348534291138,18.830038403851056,-1.8129934657007891,28.092318126222324,-19.810177316810318,False,True,False,True,False,0.0,0.0,0.0,0.0,0.0,0,0.7602770297412701,1.193228988439736,False,False,False,False,-0.3160637003181864,-0.32603810417389667,False,False,False,False,-1575434,-1438844.5749766538,False,False,False,False,172960.11818154488,False,False,False,False
2023-06-28 00:00:00+00:00,14.74,14.89,14.565,14.77,83421,,,,,,,,,,,,,,,,,,,,,,,15.219054868178826,16.38070722937079,17.612547804597874,18.74457859164605,19.26546232139086,20.793247813992863,21.06728184716589,21.374598625632345,21.60913488337315,22.015740273871046,,,,,,,,,,,,,,,,,,,,,14.69911083484194,15.397871531311566,16.782418065098394,17.74185393028363,18.528057693271307,19.20515772368873,19.293203005969957,19.84996317936401,20.602039015456732,20.984222798542095,21.2791219769555,21.438571887376938,21.638561121029124,22.085747262120506,,,,,18.74457859164605,20.793247813992863,18.812953537206816,"rgba(255, 0, 0, 1.0)",2.2303597899875567,18.812953537206816,-1.8261419325666461,28.75289195178659,-19.810177316810318,False,True,False,True,True,0.0,0.0,0.0,0.0,0.0,0,0.767885485205028,1.1909449258947398,False,False,False,False,-0.32264087874693437,-0.3243394914604155,False,False,False,False,-1658855,-1447472.4347814908,False,False,False,False,169448.78021364115,False,False,False,False
2023-06-29 00:00:00+00:00,14.84,15.05,14.5,14.5,191454,,,,,,,,,,,,,,,,,,,,,,,15.192092705624725,16.34160253531386,17.563646951678717,18.69348607858096,19.2252532452154,20.755534687455988,21.029246498439175,21.33758474263403,21.57548350413836,21.983699577519268,,,,,,,,,,,,,,,,,,,,,14.714906577043779,15.370397790909342,16.738679769102138,17.692392334293718,18.477430374819516,19.162852942130463,19.25514398333892,19.81411244508806,20.564787668952178,20.946214855346984,21.241542842209647,21.402956165371688,21.605138510039243,22.0537760942801,,,,,18.69348607858096,20.755534687455988,18.775993259677467,"rgba(255, 0, 0, 1.0)",2.238741667154298,18.775993259677467,-1.758127486268022,30.485437846941938,-23.238975363790903,False,True,False,True,True,0.0,0.0,0.0,0.0,0.0,0,0.7658998445530338,1.1894742322481793,False,False,False,False,-0.3172056432281999,-0.3207725673443077,False,False,False,False,-1467401,-1448253.947143001,False,False,False,False,170311.73000918463,False,False,False,False
2023-06-30 00:00:00+00:00,15.18,15.26,14.86,14.94,405810,,,,,,,,,,,,,,,,,,,,,,,15.181117430188237,16.279864469775237,17.476180823471555,18.597543532716173,19.148049614256006,20.681135246808104,20.953982553660015,21.264065534840423,21.508386156359165,21.919544044842713,,,,,,,,,,,,,,,,,,,,,14.813301134291121,15.346519417594395,16.66558730973355,17.60328294784753,18.38301444887632,19.08186062066429,19.181911889757146,19.744273232276967,20.491458550069055,20.87107502038529,21.166994303922817,21.33212191216136,21.538472395787572,21.98972216770581,,,,,18.597543532716173,20.681135246808104,18.713166999664782,"rgba(255, 0, 0, 1.0)",2.226613701695276,18.713166999664782,-1.5867893909818018,35.42134295515729,-18.630932115121457,False,False,False,True,True,0.0,0.0,0.0,0.0,0.0,0,0.7800684478957094,1.1746460679579214,False,False,False,False,-0.2849598596185936,-0.30286621348145065,False,False,False,False,-1061591,-1433090.6943138638,False,False,False,False,179546.95628333426,False,False,False,False
2023-07-03 00:00:00+00:00,15.05,15.29,14.84,14.91,31242,,,,,,,,,,,,,,,,,,,,,,,15.180016280294021,16.27521248021847,17.469594826365306,18.590287129879137,19.14216803339286,20.675448073028477,20.948228310692162,21.258441047829916,21.503246264682467,21.914625778540994,,,,,,,,,,,,,,,,,,,,,14.81806027172374,15.344584648458556,16.66009266395208,17.59657042568267,18.375878142333658,19.075697653776025,19.176326656859505,19.738936656910088,20.485853399118554,20.86533070187709,21.16129266661278,21.32669998074942,21.533365055713105,21.98481140342586,,,,,18.590287129879137,20.675448073028477,18.70823600248773,"rgba(255, 0, 0, 1.0)",2.2280942610304013,18.70823600248773,-1.6418677012326879,37.694935138671006,-16.661924597410803,True,False,False,True,True,0.0,0.0,0.0,0.0,0.0,0,0.7804219732892822,1.1690621750577057,False,False,False,False,-0.28439944080696894,-0.2936328271442098,False,False,False,False,-1092833,-1419747.2553211632,False,False,False,False,173731.07564477212,False,False,False,False
2023-07-05 00:00:00+00:00,14.91,15.01,14.69,14.89,188917,,,,,,,,,,,,,,,,,,,,,,,15.163861019010946,16.243538674134374,17.42744167454899,18.544707107594807,19.10532151052427,20.64014670533758,20.91255591801439,21.223610576900704,21.47142825210431,21.88421496245083,,,,,,,,,,,,,,,,,,,,,14.823486212067174,15.325966345525542,16.62380006516333,17.55373890171288,18.330934643624463,19.037085199157637,19.14132909181673,19.70562431290895,20.451026314120714,20.829706991540434,21.12597441073002,21.293124819879253,21.501750828047193,21.954453496055987,,,,,18.544707107594807,20.64014670533758,18.675149024715658,"rgba(255, 0, 0, 1.0)",2.2191463986720934,18.675149024715658,-1.696665450719552,38.17008738308064,-16.31686162084071,True,False,False,True,True,0.0,0.0,0.0,0.0,0.0,0,0.7801500545450496,1.180518140867229,False,False,False,False,-0.30866033784902075,-0.3011465824966153,False,False,False,False,-1281750,-1414335.598249745,False,False,False,False,174326.60209007518,False,False,False,False
2023-07-06 00:00:00+00:00,14.71,14.82,14.65,14.67,91000,,,,,,,,,,,,,,,,,,,,,,,15.15315550541581,16.227246178261684,17.406509991753516,18.522306827004382,19.087205660733378,20.622876437816746,20.89511771595423,21.206592720418058,21.45587999989393,21.869362356920153,,,,,,,,,,,,,,,,,,,,,14.818847612805065,15.31485132042919,16.605452008610648,17.532507426104623,18.308814703721133,19.018106660930894,19.124114295559032,19.689269298858623,20.43397714516595,20.812288868794795,21.108716433232015,21.2767180700649,21.486302459618294,21.939628573628195,,,,,18.522306827004382,20.622876437816746,18.658233744081734,"rgba(255, 0, 0, 1.0)",2.2216126923826183,18.658233744081734,-1.777192648214195,37.130070143060706,-16.31686162084071,True,False,False,True,True,0.0,0.0,0.0,0.0,0.0,0,0.7584852822691038,1.2423908197029072,False,False,False,False,-0.31946690615174334,-0.3103067443241793,False,False,False,False,-1372750,-1412704.7904752453,False,False,False,False,171058.89220418988,False,False,False,False
2023-07-07 00:00:00+00:00,14.84,15.0,14.64,14.69,156148,,,,,,,,,,,,,,,,,,,,,,,15.139990488740741,16.201900136281317,17.37265157877521,18.485472954146676,19.057172205410172,20.59397468978411,20.865904676539103,21.178045829668665,21.429760942145634,21.84437451913664,,,,,,,,,,,,,,,,,,,,,14.81944157930575,15.299794276119153,16.576414279879685,17.498081968906003,18.272526992814214,18.98667749811716,19.095550641029153,19.662014982835277,20.40546616879743,20.783118777032826,21.07977978524082,21.249182656573204,21.460347668319557,21.91468223629282,,,,,18.485472954146676,20.59397468978411,18.631158108299836,"rgba(255, 0, 0, 1.0)",2.2215124139662166,18.631158108299836,-1.7065662494008866,37.93582162176379,-16.31686162084071,True,False,False,True,True,0.0,0.0,0.0,0.0,0.0,0,0.7616301574386397,1.1933422335273993,False,False,False,False,-0.3078272030636314,-0.30906697369390534,False,False,False,False,-1216602,-1405014.4849664122,False,False,False,False,170474.15133343736,False,False,False,False
2023-07-10 00:00:00+00:00,14.79,15.01,14.72,14.9,177536,,,,,,,,,,,,,,,,,,,,,,,15.126839973968492,16.174443175053945,17.335415314262914,18.444625233250864,19.023641306004915,20.561537533607655,20.833102654731125,21.145965063414252,21.40037267182282,21.816232148165827,,,,,,,,,,,,,,,,,,,,,14.821076023690354,15.284216678879897,16.544772883929696,17.46018027156238,18.23233302982593,18.951623872547373,19.063632374730698,19.631480802672872,20.37347680632177,20.750370143889224,21.04727123692014,21.218224277209472,21.431141291207485,21.886583620719353,,,,,18.444625233250864,20.561537533607655,18.601211432823696,"rgba(255, 0, 0, 1.0)",2.223770574400196,18.601211432823696,-1.713851004549636,38.09780272120047,-16.29129304309032,True,False,False,True,True,0.0,0.0,0.0,0.0,0.0,1,0.7676020997458953,1.1877902484486889,False,False,False,False,-0.30101648922655216,-0.3050417314602287,False,False,False,False,-1394138,-1404587.9561442,False,False,False,False,170751.08657526335,False,False,False,False
2023-07-11 00:00:00+00:00,15.22,15.29,14.8,14.81,179448,,,,,,,,,,,,,,,,,,,,,,,15.125842620282283,16.15305211212916,17.302730463590763,18.40720646364399,18.99238627642379,20.53061257099901,20.80174925121553,21.11520753500767,21.37211478463531,21.789080670151737,,,,,,,,,,,,,,,,,,,,,14.842070731626777,15.278227538107501,16.518703868528824,17.426694583798106,18.195731897468317,18.91902086400491,19.03383461154781,19.602682980626607,20.34303553164574,20.719092112971857,21.01613445129466,21.18851437215114,21.403050103131402,21.85946122561005,,,,,18.40720646364399,20.53061257099901,18.575626541853218,"rgba(255, 0, 0, 1.0)",2.2223814675676192,18.575626541853218,-1.5099237420864235,42.55994778110466,-11.9904312138788,True,False,False,True,True,0.0,0.0,0.0,0.0,0.0,1,0.7744476631751765,1.1635895776271021,False,False,False,False,-0.27739704611976673,-0.29121938878999776,False,False,False,False,-1214690,-1397140.9774718785,False,False,False,False,171092.1420036844,False,False,False,False
2023-07-12 00:00:00+00:00,14.56,15.4,14.49,15.36,182081,,,,,,,,,,,,,,,,,,,,,,14.816666666666666,15.113081619231101,16.126509506556097,17.26633314993094,18.366864811023312,18.95887754849703,20.497951383869996,20.768701718459653,21.08284414508157,21.34240095189843,21.760582705509837,,,,,,,,,,,,,,,,,,,,,14.84028796531898,15.263224819307924,16.488033015433537,17.38960236737671,18.15609612901459,18.88405602121779,19.00188250093979,19.57199659467386,20.310834607689728,20.68610522434846,20.983356813805766,21.157255869374193,21.37351503580862,21.83100332812977,,,,,18.366864811023312,20.497951383869996,18.228665330422174,"rgba(255, 0, 0, 1.0)",2.2291682931712233,18.228665330422174,-1.6457552090888197,41.00916221716392,-11.9904312138788,True,False,False,True,True,0.0,0.0,0.0,0.0,0.0,1,0.7689872681144235,1.1615731365748818,False,False,False,False,-0.28892565582974944,-0.29007252230987357,False,False,False,False,-1396771,-1397126.4685514127,False,False,False,False,171523.07761138302,False,False,False,False
2023-07-13 00:00:00+00:00,14.71,14.87,14.38,14.59,133362,,,,,,,,,,,,,,,,,,,,,,14.747613113409818,15.099590990618328,16.105386208964816,17.238610695682762,18.336554581989173,18.933719495159362,20.47358421814854,20.74406935175686,21.058737981751513,21.32026746061834,21.739369733167333,,,,,,,,,,,,,,,,,,,,,14.83114836619037,15.249042644219674,16.46413318999383,17.361414207089304,18.12625922936667,18.85780913716554,18.977883835171838,19.54900593646061,20.2867925801067,20.661511679593264,20.958938398461342,21.133970241913378,21.351515405975604,21.80982335861178,,,,,18.336554581989173,20.47358421814854,18.203090292065017,"rgba(255, 0, 0, 1.0)",2.2307162183584626,18.203090292065017,-1.5659052744214628,41.255418284536944,-11.9904312138788,True,False,False,True,True,0.0,0.0,0.0,0.0,0.0,1,0.7809946879562606,1.1675545960050941,False,False,False,False,-0.33273478136512374,-0.31140365183749863,False,False,False,False,-1263409,-1391882.6462552787,False,False,False,False,170026.5647638778,False,False,False,False
2023-07-14 00:00:00+00:00,10.1,11.02,10.04,11.0,2526556,,,,,,,,,,,,,,,,,,,,,,10.870702737756066,13.415702551914084,14.883765707593291,16.091880933174288,17.271881162488352,18.081864634530195,19.735189307208607,20.00973488799225,20.35096540405124,20.675298529875416,21.131783476544438,,,,,,,,,,,,,,,,,,,,,12.694093466419616,13.762046714664244,15.261159768567245,16.22246349791547,17.05082234382762,17.96688314286606,18.164665071121977,18.803659625063837,19.549133527866214,19.924852139846514,20.238918515617016,20.451305300345105,20.711189357295332,21.205038939051867,,,,,17.271881162488352,19.735189307208607,17.017519257024208,"rgba(255, 26, 202, 1.0)",2.3585331981652278,17.017519257024208,-2.9329751484547897,32.00585195922817,-12.73659523671914,False,False,False,True,False,0.0,0.0,0.0,0.0,0.0,0,0.7630442162154963,1.149927781734436,False,False,False,False,-0.34282825441539394,-0.32711595312644626,False,False,False,False,-3789965,-1485925.0915001698,False,False,False,False,262439.48379274533,False,False,False,False
2023-07-17 00:00:00+00:00,9.93,10.57,9.87,10.15,1486185,,,,,,,,,,,,,,,,,,,,,,10.614075663141861,12.843921674770968,14.352364708772793,15.55696961535976,16.749863129121717,17.641123713781013,19.338388884165802,19.613930561355737,19.966954250230888,20.321432591610762,20.79580037850804,,,,,,,,,,,,,,,,,,,,,12.127295768014529,13.20727821318994,14.725333465614627,15.687953416560536,16.527383999524943,17.50991384195937,17.740541450462533,18.407261138382527,19.15335895772898,19.528218995542325,19.84928852173368,20.079311283410473,20.359562162912656,20.87034628711054,,,,,16.749863129121717,19.338388884165802,16.557070998470728,"rgba(255, 26, 202, 1.0)",2.47905185304599,16.557070998470728,-2.6732280691620476,25.719231059406006,-18.213665659525603,False,True,False,True,False,0.0,0.0,0.0,0.0,0.0,0,0.7567703607547567,1.1717012497599157,False,False,False,False,-0.34282825441539394,-0.3349721037709201,False,False,False,False,-5276150,-1634561.362421732,False,False,False,False,310429.50403616705,False,False,False,False
2023-07-18 00:00:00+00:00,9.83,9.9785,9.64,9.88,662447,,,,,,,,,,,,,,,,,,,,,,10.508162719270034,12.626381775894828,14.137355304540346,15.336447299074809,16.531288456487705,17.452619787709732,19.166335745293637,19.442153247588905,19.799868804341806,20.166712424894826,20.648437189294253,,,,,,,,,,,,,,,,,,,,,11.920492337402042,12.991488861639166,14.50726282520391,15.467206507112486,16.30871698467094,17.31517330268577,17.55852280024723,18.235876719070337,18.98181667304767,19.3561426513779,19.679939498633757,19.917144248672116,20.205763909084265,20.723508858249268,,,,,16.531288456487705,19.166335745293637,16.366162615064653,"rgba(255, 26, 202, 1.0)",2.593513196940279,16.366162615064653,-2.5201963972173926,21.45371032139382,-21.730069151472215,False,True,False,True,False,0.0,0.0,0.0,0.0,0.0,0,0.7859575772395241,1.1848203800070938,False,False,False,False,-0.34282825441539394,-0.33890017909315706,False,False,False,False,-5938597,-1803347.0736993111,False,False,False,False,324234.1117210232,False,False,False,False
2023-07-19 00:00:00+00:00,10.4,10.46,9.79,9.93,826724,,,,,,,,,,,,,,,,,,,,,,10.466737229061431,12.428092185426417,13.918388330189558,15.102237723347983,16.29226873280515,17.241426870439298,18.96897698738018,19.244621180955267,19.606970706927527,19.9871297523699,20.476585232549734,,,,,,,,,,,,,,,,,,,,,11.749336558709803,12.78734118797894,14.281899007853497,15.231904672575425,16.070679658686032,17.097808910647235,17.353929237941003,18.041078950964398,18.785354644691378,19.15842631398966,19.48471060166895,19.729556698686398,20.02716799630899,20.55217177557423,,,,,16.29226873280515,18.96897698738018,16.16560948461196,"rgba(255, 26, 202, 1.0)",2.671234137963297,16.16560948461196,-2.1584066340990957,21.404053106474045,-21.730069151472215,False,True,False,True,False,0.0,0.0,0.0,0.0,0.0,0,0.8222967486105397,1.1281361723668804,False,False,False,False,-0.313058088333245,-0.32597913371320103,False,False,False,False,-5111873,-1933093.188456201,False,False,False,False,343939.59753588506,False,False,False,False
2023-07-20 00:00:00+00:00,10.25,10.6171,10.07,10.33,427594,,,,,,,,,,,,,,,,,,,,,,10.45616741876248,12.34172209206525,13.817149202045886,14.99152635508651,16.177445101437556,17.138383041604296,18.871356050617035,19.146785478627727,19.511202529557817,19.897651920685014,20.39071220831611,,,,,,,,,,,,,,,,,,,,,11.678364488524728,12.696615169673667,14.176911892770992,15.120458497980472,15.956613031500117,16.992018502783278,17.253880561312386,17.945181258428253,18.688254211923603,19.06054273665086,19.387872859767608,19.636299771579147,19.93815515859469,20.466528299141483,,,,,16.177445101437556,18.871356050617035,16.070422524056024,"rgba(255, 26, 202, 1.0)",2.7455877790107106,16.070422524056024,-2.119918572100156,21.178429013806756,-21.730069151472215,False,True,False,True,False,0.0,0.0,0.0,0.0,0.0,0,0.8340680303214326,1.1110225981838573,False,False,False,False,-0.2921234664497278,-0.3090513000814644,False,False,False,False,-5539467,-2074519.6124383109,False,False,False,False,347220.1623383994,False,False,False,False
2023-07-21 00:00:00+00:00,9.99,10.39,9.9,10.39,421203,,,,,,,,,,,,,,,,,,,,,,10.433241628098688,12.254803407512146,13.716936999266931,14.882486080165231,16.064502845154003,17.036670210470376,18.774916783771115,19.05014709111747,19.416575081577534,19.809137563249728,20.305721794838163,,,,,,,,,,,,,,,,,,,,,11.60482745276328,12.605888175616824,14.073224092231554,15.010725920288914,15.844392829349658,16.887672643860256,17.155045245318878,17.8503706893446,18.592311685247275,18.963855530783277,19.292206596348773,19.544109078916552,19.850094033569736,20.381764269105933,,,,,16.064502845154003,18.774916783771115,15.97554004941434,"rgba(255, 26, 202, 1.0)",2.8210085219796506,15.97554004941434,-2.1217731186483513,20.68844561976692,-22.23011429844911,False,True,False,True,False,0.0,0.0,0.0,0.0,0.0,0,0.8276010843694044,1.1134345315567313,False,False,False,False,-0.3107830530366499,-0.30991717655905715,False,False,False,False,-5960670,-2226917.6668524947,False,False,False,False,350121.4500898347,False,False,False,False
2023-07-24 00:00:00+00:00,9.82,10.2,9.73,10.05,474810,,,,,,,,,,,,,,,,,,,,,,10.398894020950305,12.157166275618257,13.605045690177212,14.76092167187145,15.93848975273098,16.922648102770406,18.666552050801368,18.94155314535601,19.31018015043203,19.709475020666638,20.20995263231849,,,,,,,,,,,,,,,,,,,,,11.520925667370667,12.504231708969481,13.957561558280897,14.888390757750173,15.719200839355278,16.77080609255126,17.044145567795685,17.743829474999185,18.48449930256541,18.855211239869224,19.184672636431035,19.440394677139153,19.75093171351629,20.286245531011904,,,,,15.93848975273098,18.666552050801368,15.868746285332316,"rgba(255, 26, 202, 1.0)",2.900596347507167,15.868746285332316,-2.085345756754722,20.137494643555122,-23.017003746872383,False,True,False,True,False,0.0,0.0,0.0,0.0,0.0,0,0.821759409445129,1.1212901086384508,False,False,False,False,-0.32753541259077595,-0.3187262945749165,False,False,False,False,-6435480,-2391959.3269759263,False,False,False,False,355011.1971451353,False,False,False,False
2023-07-25 00:00:00+00:00,9.89,10.15,9.75,9.82,374904,,,,,,,,,,,,,,,,,,,,,,10.375504800861714,12.086076128122865,13.521550011531394,14.66931412974232,15.84279536913404,16.835332140503027,18.582971445107532,18.85774020592688,19.22795790890237,19.63229553189336,20.13566930515874,,,,,,,,,,,,,,,,,,,,,11.46085111193613,12.429624061181652,13.870972593113331,14.796118695686516,15.624244333495813,16.681436215744647,16.959112141492604,17.66184623578203,18.401376330567405,18.771378539546923,19.101612002359158,19.360181007857168,19.67412650206236,20.212143659327715,,,,,15.84279536913404,18.582971445107532,15.787890720036916,"rgba(255, 0, 0, 1.0)",2.9725422552859064,15.787890720036916,-1.984123424839134,20.18119085667554,-23.32366516640469,False,True,False,True,False,0.0,0.0,0.0,0.0,0.0,0,0.8273268386527514,1.1162605683207125,False,False,False,False,-0.3286538983236721,-0.3236900964492943,False,False,False,False,-6060576,-2535826.6474866746,False,False,False,False,355791.30706101237,False,False,False,False
2023-07-26 00:00:00+00:00,9.73,10.02,9.72,9.89,276449,,,,,,,,,,,,,,,,,,,,,,10.355915339959946,12.034042590605605,13.460614138723049,14.602487854254335,15.772923378635575,16.771357443578275,18.521610276007703,18.796203005731225,19.167560753865367,19.575543117790982,20.08101249346122,,,,,,,,,,,,,,,,,,,,,11.416490826027331,12.375089744461524,13.807806184752277,14.728804730505747,15.554921542609899,16.615999857357806,16.896768486912038,17.601667550779997,18.340351164053136,18.70982961562722,19.040611721474676,19.301234650247768,19.61764491867636,20.15761783975608,,,,,15.772923378635575,18.521610276007703,15.728552810296133,"rgba(255, 0, 0, 1.0)",3.041468783394158,15.728552810296133,-1.9722552613550044,19.961169935998676,-23.94907558794842,False,True,False,True,False,0.0,0.0,0.0,0.0,0.0,0,0.833709197097175,1.1060730910457683,False,False,False,False,-0.3366943970664891,-0.3301922467578917,False,False,False,False,-6337025,-2684893.2495460208,False,False,False,False,352679.8440390119,False,False,False,False
2023-07-27 00:00:00+00:00,9.43,9.81,9.42,9.79,360286,,,,,,,,,,,,,,,,,,,,,,10.320447019991942,11.961860077514592,13.378473069532566,14.513346190914117,15.680236382535018,16.68654030974522,18.440476442220753,18.714875206237753,19.08776091650195,19.50053734882691,20.008791629739296,,,,,,,,,,,,,,,,,,,,,11.352954546575727,12.300184116645001,13.723001806728908,14.639083982456931,15.462883656592123,16.529253944974233,16.81409515679528,17.52193721049013,18.259630154107178,18.6284757660408,18.960012082146328,19.223339353473065,19.54299679711819,20.08557520750495,,,,,15.680236382535018,18.440476442220753,15.648776401937326,"rgba(255, 26, 202, 1.0)",3.104938855645646,15.648776401937326,-2.002865979350883,19.354547464400724,-24.955826520183344,False,True,False,True,False,0.0,0.0,0.0,0.0,0.0,0,0.8216200162262398,1.1218778975428834,False,False,False,False,-0.34282825441539394,-0.33651025058664286,False,False,False,False,-6697311,-2842242.9652500986,False,False,False,False,352978.124664933,False,False,False,False
2023-07-28 00:00:00+00:00,9.35,9.56,9.31,9.56,554521,,,,,,,,,,,,,,,,,,,,,,10.262252085396298,11.85233240917802,13.253988684901314,14.378254753845216,15.53956890474592,16.557217429245924,18.31641719480981,18.590501982659593,18.9656457134244,19.385593527989755,19.898019087204556,,,,,,,,,,,,,,,,,,,,,11.255896039524831,12.186604443564322,13.59452202183204,14.503102386141151,15.323233688440101,16.397107497115805,16.68792883357097,17.400060855665064,18.13620407839763,18.50407103550097,18.836708502573067,19.10407072773378,19.42858878375945,19.975068628247328,,,,,15.53956890474592,18.31641719480981,15.527080927026622,"rgba(255, 0, 0, 1.0)",3.1617816279850635,15.527080927026622,-1.9536709532223913,18.82729939407235,-25.87504940496602,False,True,False,True,False,0.0,0.0,0.0,0.0,0.0,0,0.829171804356761,1.1256899183841227,False,False,False,False,-0.34282825441539394,-0.3396692525010184,False,False,False,False,-7251832,-3015168.0254363692,False,False,False,False,360881.7668349357,False,False,False,False
2023-07-31 00:00:00+00:00,9.32,9.45,9.3,9.39,374633,,,,,,,,,,,,,,,,,,,,,,10.224895629273563,11.782093733326814,13.173175702907669,14.290083890038913,15.44730542164855,16.471824075029602,18.234054334825203,18.507892841383672,18.88445146623679,19.309026464115117,19.82413196235331,,,,,,,,,,,,,,,,,,,,,11.19399453244271,12.113495199101036,13.510979633581913,14.41430231115515,15.231708961147703,16.30995179916682,16.60452733624957,17.319270486245546,18.054280969470057,18.421454601008904,18.754758696570224,19.024713102267565,19.352367374536914,19.901349056452133,,,,,15.44730542164855,18.234054334825203,15.44722508104052,"rgba(255, 0, 0, 1.0)",3.2116550811631677,15.44722508104052,-1.907809190649893,18.426573722093394,-26.66174298101115,False,True,False,True,False,0.0,0.0,0.0,0.0,0.0,0,0.8301053979218147,1.1248622979128826,False,False,False,False,-0.34282825441539394,-0.34124875345820616,False,False,False,False,-7626465,-3196003.2009094525,False,False,False,False,361421.0308806245,False,False,False,False
2023-08-01 00:00:00+00:00,9.09,9.31,8.98,9.31,436796,,,,,,,,,,,,,,,,,,,,,,10.174499091192207,11.697726331333596,13.077655923087299,14.186499853254121,15.339216795973853,16.37164703576277,18.137477713768106,18.41104908511867,18.789256457435428,19.219188510658967,19.737417571796648,,,,,,,,,,,,,,,,,,,,,11.118309855365524,12.02615983765981,13.412472901495292,14.31002480898223,15.124439389239148,16.207747745385273,16.506640889304997,17.224437733300785,17.95819865408082,18.32459752958606,18.658687044152973,18.931641158133875,19.262930800107597,19.814832455904902,,,,,15.339216795973853,18.137477713768106,15.35283723377395,"rgba(255, 0, 0, 1.0)",3.249352523168373,15.35283723377395,-1.9274108269629033,17.774686263827657,-27.66377539827002,False,True,False,True,False,0.0,0.0,0.0,0.0,0.0,0,0.8218148226034185,1.1271141887223237,False,False,False,False,-0.34282825441539394,-0.3420385039368,False,False,False,False,-8063261,-3386876.0557757486,False,False,False,False,364376.9120225608,False,False,False,False
2023-08-02 00:00:00+00:00,8.97,9.15,8.74,9.09,733019,,,,,,,,,,,,,,,,,,,,,,10.0871819580448,11.558806732441672,12.920500323830321,14.01605790376319,15.161065663756345,16.20565743959552,17.976897194225028,18.249993585851538,18.63081749457088,19.06940639947155,19.592686396078708,,,,,,,,,,,,,,,,,,,,,10.992997511968275,11.882428997034781,13.25044939504121,14.138422966853794,14.947686399380311,16.038572768221126,16.344279845595782,17.06682874598578,17.798446033570155,18.163533887910223,18.498845074294607,18.776629937782282,19.11379831942621,19.670418806477432,,,,,15.161065663756345,17.976897194225028,15.196473496096766,"rgba(255, 0, 0, 1.0)",3.284598035110708,15.196473496096766,-1.895657681560691,17.141223183356878,-28.614315508499637,False,True,False,True,False,0.0,0.0,0.0,0.0,0.0,0,0.8126334305559729,1.1277550590853052,False,False,False,False,-0.34282825441539394,-0.34243337917609695,False,False,False,False,-8796280,-3599009.543784543,False,False,False,False,378833.46449226426,False,False,False,False
2023-08-03 00:00:00+00:00,9.04,9.06,8.81,9.06,318669,,,,,,,,,,,,,,,,,,,,,,10.053501427511085,11.503064036034814,12.856125122919842,13.94560763567978,15.08687963584296,16.135950810387246,17.908950974787775,18.18179768385079,18.563635227900768,19.00575041309227,19.5310678795846,,,,,,,,,,,,,,,,,,,,,10.943341984202762,11.824386080584043,13.183886171369892,14.06743228247177,14.874169503483506,15.967629806657369,16.27600679270504,17.000305394122687,17.730877736368722,18.095351295362033,18.431104963655415,18.7108448513461,19.050406507556417,19.608923672724856,,,,,15.08687963584296,17.908950974787775,15.131500228294914,"rgba(255, 0, 0, 1.0)",3.3102204929147248,15.131500228294914,-1.8402098111993772,17.35587766973689,-28.719867233035583,False,True,False,True,False,0.0,0.0,0.0,0.0,0.0,0,0.8101308868871288,1.1386705761441265,False,False,False,False,-0.34282825441539394,-0.3426308167957455,False,False,False,False,-8477611,-3790327.2479498554,False,False,False,False,376474.07372786175,False,False,False,False
2023-08-04 00:00:00+00:00,9.38,9.93,9.16,9.3,594750,,,,,,,,,,,,,,,,,,,,,,10.023484158885722,11.42529096545989,12.75677234838815,13.832456090450503,14.964448544819112,16.01856689908864,17.792062757022055,18.064199979556587,18.447378965500366,18.895112989420138,19.423526656242778,,,,,,,,,,,,,,,,,,,,,10.879679786457416,11.740671589447604,13.079702870022455,13.953021507275672,14.753357105637505,15.848525186001536,16.16074152718473,16.886882037422794,17.61482184598514,17.97786582278142,18.314029145151654,18.59682789981042,18.940184710009003,19.501540674962413,,,,,14.964448544819112,17.792062757022055,15.02669795662695,"rgba(255, 0, 0, 1.0)",3.321025229741184,15.02669795662695,-1.7002875816956715,20.46492972351941,-28.719867233035583,False,True,False,True,True,0.0,0.0,0.0,0.0,0.0,0,0.8359716725682148,1.1000535602701818,False,False,False,False,-0.2827886713535908,-0.3127097440746681,False,False,False,False,-7882861,-3950818.7676380966,False,False,False,False,385033.91397382796,False,False,False,False
2023-08-07 00:00:00+00:00,9.29,9.48,9.16,9.2,290893,,,,,,,,,,,,,,,,,,,,,,10.005367042505618,11.38606165073901,12.707722633462907,13.776972362327584,14.90459181612446,15.96110970874491,17.7348525021714,18.00665067491599,18.390475013682753,18.840913851900137,19.370824611245876,,,,,,,,,,,,,,,,,,,,,10.846755423404788,11.69877278610969,13.028408403826687,13.896946735209397,14.694266539485772,15.790247420274214,16.104296268794087,16.83132512766051,17.558009634324684,17.92037001252915,18.25673117753976,18.54100064004801,18.88618610653152,19.44891574417398,,,,,14.90459181612446,17.7348525021714,14.97499664669167,"rgba(255, 0, 0, 1.0)",3.328277004670847,14.97499664669167,-1.7080899933249076,22.26590562243113,-31.578948981783697,False,True,False,True,True,0.0,0.0,0.0,0.0,0.0,0,0.8528949377891569,1.101438859692464,False,False,False,False,-0.30468309689753476,-0.30869642048610146,False,False,False,False,-8173754,-4116424.0708679752,False,False,False,False,381342.1134258347,False,False,False,False
2023-08-08 00:00:00+00:00,8.98,9.15,8.905,9.14,519957,,,,,,,,,,,,,,,,,,,,,,9.962223387491544,11.30987749951955,12.616039848726606,13.674714823579098,14.795159131277252,15.856324369649109,17.630937775197953,17.90218232689417,18.28722384963633,18.742562099301,19.27522481865311,,,,,,,,,,,,,,,,,,,,,10.78044027813146,11.6184543661552,12.933033304603285,13.79371460114324,14.586101643479632,15.683947830173052,16.00135679014189,16.730163813656105,17.45476972249759,17.815981254770865,18.152754871590155,18.43969492454915,18.788199451864873,19.353464433714162,,,,,14.795159131277252,17.630937775197953,14.879270074415706,"rgba(255, 0, 0, 1.0)",3.3379475702867065,14.879270074415706,-1.7673345522047845,22.572016106842117,-31.186604761317692,False,True,False,True,True,0.0,0.0,0.0,0.0,0.0,0,0.8461428366967223,1.1050823710198638,False,False,False,False,-0.3335792800335391,-0.3211378502598203,False,False,False,False,-8693711,-4295925.519069231,False,False,False,False,386777.99133070395,False,False,False,False
2023-08-09 00:00:00+00:00,9.01,9.1,8.78,9.0,375818,,,,,,,,,,,,,,,,,,,,,,9.931830634327039,11.256691933772988,12.551703466190087,13.602756880662293,14.717919467922153,15.782012036308716,17.556945247949134,17.827769875025602,18.21361796457717,18.672344336641338,19.206897600481827,,,,,,,,,,,,,,,,,,,,,10.734186381861866,11.562305357777207,12.866054291809137,13.721048143055578,14.509794467439832,15.608626649618861,15.92829279349594,16.65821251613826,17.38127043453372,17.741634866679455,18.078656839830128,18.367434775466204,18.718233949231585,19.285235944884942,,,,,14.717919467922153,17.556945247949134,14.811566512448758,"rgba(255, 0, 0, 1.0)",3.3455663170804053,14.811566512448758,-1.734105966702715,23.055776613517708,-30.578866956044642,False,True,False,True,True,0.0,0.0,0.0,0.0,0.0,0,0.8395657327504851,1.1023004386461612,False,False,False,False,-0.34232687654069066,-0.33173236340025547,False,False,False,False,-8317893,-4453649.734007693,False,False,False,False,386348.1877491077,False,False,False,False
2023-08-10 00:00:00+00:00,9.0,9.1,8.95,9.07,507451,,,,,,,,,,,,,,,,,,,,,,9.895716086525338,11.190173413630907,12.46958428484147,13.510090042674825,14.617752485170982,15.684942429288522,17.45962571942003,17.729830700393332,18.11661813180514,18.579629045870085,19.11653522015209,,,,,,,,,,,,,,,,,,,,,10.677116099191236,11.491633946330252,12.780309838589996,13.627391556298901,14.410947068316105,15.510357705153426,15.832748653404506,16.563807774190927,17.284639199099793,17.643805330093485,17.981055513293754,18.272139281572255,18.625836554739024,19.194987979985292,,,,,14.617752485170982,17.45962571942003,14.723907298885646,"rgba(255, 0, 0, 1.0)",3.3344237856011896,14.723907298885646,-1.71661062508095,23.346339578824637,-30.12545990355499,False,True,False,True,True,0.0,0.0,0.0,0.0,0.0,0,0.8513888458319123,1.1131537340732243,False,False,False,False,-0.33382852358289156,-0.33278044349157354,False,False,False,False,-8825344,-4625088.724830921,False,False,False,False,391097.31764129957,False,False,False,False
2023-08-11 00:00:00+00:00,8.89,9.07,8.87,8.94,206319,,,,,,,,,,,,,,,,,,,,,,9.880676803289068,11.163369706552343,12.436590936181275,13.472878178608859,14.577505852869884,15.64584251294431,17.42035072387757,17.690300523264234,18.07744946951865,18.542154909258898,19.0799889181672,,,,,,,,,,,,,,,,,,,,,10.654005028092413,11.463191418219203,12.745872215816615,13.589781670120763,14.371234989179392,15.470794529959482,15.79424364593381,16.525721916952385,17.245643543443233,17.6043215519595,17.941651668644237,18.23364462442725,18.588488142911707,19.158485913713747,,,,,14.577505852869884,17.42035072387757,14.688571344271361,"rgba(255, 0, 0, 1.0)",3.3305830022889595,14.688571344271361,-1.7410079077105312,23.17279404896803,-30.103942514734435,False,True,False,True,True,0.0,0.0,0.0,0.0,0.0,0,0.8449286204101988,1.0981858986347484,False,False,False,False,-0.3393220758868548,-0.3360512596892142,False,False,False,False,-9031663,-4797895.559151277,False,False,False,False,383851.1091063467,False,False,False,False
2023-08-14 00:00:00+00:00,8.84,8.86,8.65,8.85,207384,,,,,,,,,,,,,,,,,,,,,,9.863531115147099,11.13516863385297,12.402552928074222,13.43478057381833,14.536490130336675,15.606067827375783,17.38049810608352,17.650202836705553,18.037730495755547,18.50415692126825,19.042941956841975,,,,,,,,,,,,,,,,,,,,,10.629271921836441,11.433459690871752,12.710443684241135,13.551300434631324,14.33073541404642,15.430541570309716,15.755077367954874,16.48702142925474,17.20606396950639,17.564266932958578,17.901691044817795,18.194609198444766,18.550618224726314,19.121485852757836,,,,,14.536490130336675,17.38049810608352,14.652344805378949,"rgba(255, 0, 0, 1.0)",3.325480887801967,14.652344805378949,-1.7478208420018067,22.88586743659164,-30.103942514734435,False,True,False,True,True,0.0,0.0,0.0,0.0,0.0,0,0.8389851756667813,1.1034255805936,False,False,False,False,-0.34282825441539394,-0.33943975705230406,False,False,False,False,-9239047,-4972058.360753187,False,False,False,False,376930.8303178625,False,False,False,False
2023-08-15 00:00:00+00:00,8.56,8.82,8.55,8.82,151555,,,,,,,,,,,,,,,,,,,,,,9.849755635930965,11.113776606663649,12.377129769897797,13.406501970310128,14.506160920959015,15.576700593350072,17.35113536274256,17.620668181136335,18.008482262733388,18.47617758514157,19.01566926522399,,,,,,,,,,,,,,,,,,,,,10.610267011420522,11.411019824751962,12.684041967143395,13.522751638337558,14.300770264033764,15.400816932929885,15.726161275510036,16.458473588064976,17.17689590762503,17.534761505586516,17.87226290045531,18.165864336570795,18.522733554464015,19.094248975637278,,,,,14.506160920959015,17.35113536274256,14.625426705979143,"rgba(255, 0, 0, 1.0)",3.3188226068135274,14.625426705979143,-1.827583882768199,21.789076467135047,-30.103942514734435,False,True,False,True,False,0.0,0.0,0.0,0.0,0.0,0,0.8268852042436948,1.1254685216949367,False,False,False,False,-0.34282825441539394,-0.341134005733849,False,False,False,False,-9390602,-5145334.581900122,False,False,False,False,368092.5624622601,False,False,False,False
2023-08-16 00:00:00+00:00,8.41,8.562,8.32,8.55,199453,,,,,,,,,,,,,,,,,,,,,,9.82898014323052,11.083801397870225,12.342315128522308,13.368151795053976,14.46528821076906,15.537253538616067,17.311855720646328,17.581179395940488,17.9693989218865,18.43880545609026,18.979263012103708,,,,,,,,,,,,,,,,,,,,,10.583158120375561,11.379804933359457,12.64801267292744,13.484066856213413,14.260348276478798,15.36087381966324,15.687330968503444,16.42020478020061,17.137861834307767,17.4953055637368,17.8329321948931,18.127458501378623,18.48548961659376,19.05789408235318,,,,,14.46528821076906,17.311855720646328,14.588906213659758,"rgba(255, 0, 0, 1.0)",3.3113173231231516,14.588906213659758,-1.865996402855154,20.620619276621085,-30.103942514734435,False,True,False,True,False,0.0,0.0,0.0,0.0,0.0,0,0.8095055147353089,1.1407898317565512,False,False,False,False,-0.34282825441539394,-0.3419811300746215,False,False,False,False,-9590055,-5319637.343394235,False,False,False,False,361479.2462872695,False,False,False,False
2023-08-17 00:00:00+00:00,8.37,8.5,8.31,8.42,165184,,,,,,,,,,,,,,,,,,,,,,9.811781954017997,11.059136504938607,12.313673020144227,13.336598647968147,14.431645206774649,15.504742370502845,17.279450179842073,17.54859898583493,17.937145596185736,18.407949605100814,18.94919490371656,,,,,,,,,,,,,,,,,,,,,10.56083159971007,11.354122921065182,12.618372536482914,13.452237462382982,14.227078738061223,15.32796211371459,15.655319991043436,16.388639436979517,17.105659707255324,17.46275319809579,17.80047794773187,18.095758436994426,18.454738455739733,19.02786751917968,,,,,14.431645206774649,17.279450179842073,14.558811405936606,"rgba(255, 0, 0, 1.0)",3.2997531002369866,14.558811405936606,-1.8755377199258116,19.724275180836948,-27.472851940198282,False,True,False,True,False,0.0,0.0,0.0,0.0,0.0,0,0.7956094481050365,1.157441435024041,False,False,False,False,-0.34282825441539394,-0.3424046922450077,False,False,False,False,-9755239,-5493582.506398383,False,False,False,False,353781.39349169034,False,False,False,False
2023-08-18 00:00:00+00:00,8.45,8.57,8.25,8.28,209242,,,,,,,,,,,,,,,,,,,,,,9.791027797601297,11.028879147822822,12.278255645436145,13.297438777299037,14.389769503439018,15.464154136649505,17.23887539061433,17.50779309849316,17.896727682672225,18.369251212277337,18.911458903588017,,,,,,,,,,,,,,,,,,,,,10.533577906848073,11.322541552103637,12.581676883956847,13.412721173485528,14.185687311153336,15.286894329186037,15.615338023402904,16.349158307380762,17.0653468124838,17.421986508511182,17.759816559182603,18.056021753730533,18.41616867561297,18.990180744294133,,,,,14.389769503439018,17.23887539061433,14.52138332738611,"rgba(255, 0, 0, 1.0)",3.277260677692675,14.52138332738611,-1.8525787004714593,20.238648852911027,-27.472851940198282,False,True,False,True,False,0.0,0.0,0.0,0.0,0.0,0,0.7883693736721619,1.1696338872511074,False,False,False,False,-0.3423283992059737,-0.3423665457254907,False,False,False,False,-9545997,-5652500.72183374,False,False,False,False,348113.1819822123,False,False,False,False
2023-08-21 00:00:00+00:00,8.23,8.58,8.21,8.5,140140,,,,,,,,,,,,,,,,,,,,,,9.776645176421024,11.008363920886469,12.254388197353057,13.271116133086647,14.361660904869662,15.436910626692697,17.211652720630777,17.480417941743994,17.86961279444382,18.343284472835617,18.88613650447263,,,,,,,,,,,,,,,,,,,,,10.51500443958953,11.301170642989533,12.556971449113375,13.386164270296891,14.157897769624928,15.259330581147253,15.588498927834898,16.322658184756772,17.038297552486483,17.394637021595397,17.732538853293192,18.029361477306118,18.390287908373622,18.964891541841865,,,,,14.361660904869662,17.211652720630777,14.496196905442819,"rgba(255, 0, 0, 1.0)",3.2585980127978553,14.496196905442819,-1.9229732789478433,19.805351863110275,-27.559930599904227,False,True,False,True,False,0.0,0.0,0.0,0.0,0.0,0,0.8000625962623441,1.1408415902745173,False,False,False,False,-0.34282825441539394,-0.3425974000704423,False,False,False,False,-9686137,-5810682.53666379,False,False,False,False,339957.37092408637,False,False,False,False
2023-08-22 00:00:00+00:00,8.31,8.34,8.14,8.22,287033,,,,,,,,,,,,,,,,,,,,,,9.746533713567262,10.966127440326895,12.205455197073565,13.217240825381289,14.304174191931065,15.381160366346688,17.155934897054493,17.424389688505094,17.814110995543057,18.290112828426178,18.834274024876,,,,,,,,,,,,,,,,,,,,8.263333333333332,10.476620686179924,11.25723233219045,12.506354054232588,13.331816198751813,14.101057116441346,15.202934129001008,15.533566002451007,16.26840863424468,16.982932093054934,17.338661213453747,17.676707208523283,17.974781933363886,18.33729087604943,18.91309654348982,,,,,14.304174191931065,17.155934897054493,13.967031966102223,"rgba(255, 0, 0, 1.0)",3.257731897673327,13.967031966102223,-1.7364940221577092,20.650253449034707,-27.559930599904227,False,True,False,True,False,0.0,0.0,0.0,0.0,0.0,0,0.7959656659465455,1.149404451507702,False,False,False,False,-0.34282825441539394,-0.3427128272429181,False,False,False,False,-9399104,-5951404.9469907,False,False,False,False,337881.90539765166,False,False,False,False
2023-08-23 00:00:00+00:00,8.46,8.5,8.27,8.34,162048,,,,,,,,,,,,,,,,,,,,,,9.731686541672147,10.944114471998668,12.179363996097218,13.188219169322263,14.272971907869348,15.350707602701364,17.125297861060087,17.39355966820606,17.783535948268927,18.260776620111326,18.80562060861634,,,,,,,,,,,,,,,,,,,,8.316257059788025,10.456921175011951,11.234171142868341,12.479270679652481,13.302512804312297,14.070242679441149,15.172159035616355,15.503533621980166,16.238657971326734,16.952502893131907,17.30786726675848,17.645963169896223,17.944698269310887,18.30804705964993,18.884475534676692,,,,,14.272971907869348,17.125297861060087,13.943299035935564,"rgba(255, 0, 0, 1.0)",3.272533729239496,13.943299035935564,-1.6755515724538694,23.275360848554662,-29.393456416931855,False,True,False,True,True,0.0,0.0,0.0,0.0,0.0,0,0.8045042876235854,1.1386317790524887,False,False,False,False,-0.328216477599474,-0.33546465242119605,False,False,False,False,-9237056,-6080254.007893026,False,False,False,False,330986.4581271555,False,False,False,False
2023-08-24 00:00:00+00:00,8.58,9.04,8.55,8.69,454086,,,,,,,,,,,,,,,,,,,,,,9.701245595487753,10.891785713347467,12.114048541772426,13.113943659225603,14.191851980320758,15.270563114756527,17.043625796179732,17.311255840004016,17.70173788932367,18.182077479146713,18.728556562093292,,,,,,,,,,,,,,,,,,,,8.520923125697314,10.411820111950082,11.178449328744817,12.410951032031386,13.227369745536329,13.990329441575886,15.091316795350359,15.42436944518518,16.159768099822628,16.871460291532674,17.225697294939252,17.563776018946857,17.864135496812345,18.22957651655136,18.80747373059352,,,,,14.191851980320758,17.043625796179732,13.885727548620352,"rgba(255, 0, 0, 1.0)",3.2680100951470683,13.885727548620352,-1.6235346263156454,26.585956558699486,-26.35473716305409,False,False,False,True,True,0.0,0.0,0.0,0.0,0.0,0,0.8236455399254933,1.1123382040755638,False,False,False,False,-0.28760049088923134,-0.3115325716552137,False,False,False,False,-8782970,-6186242.870328594,False,False,False,False,335813.89114177687,False,False,False,False
2023-08-25 00:00:00+00:00,8.86,8.9484,8.53,8.64,217701,,,,,,,,,,,,,,,,,,,,,,9.688094742390078,10.868189742623898,12.084106267812134,13.079647591797201,14.154186716488226,15.233146722996254,17.005290887892517,17.272603124096175,17.663285168315817,18.14502697686787,18.692231209041207,,,,,,,,,,,,,,,,,,,,8.571138840136989,10.391710944888247,11.153193614265465,12.379555861161196,13.192650083137128,13.953257351411487,15.053608720542424,15.387380422676772,16.122811692187806,16.833433515004565,17.187114539300577,17.5251546786144,17.8262428143899,18.19262898983169,18.77117258539228,,,,,14.154186716488226,17.005290887892517,13.856813802971178,"rgba(255, 0, 0, 1.0)",3.2627915312777436,13.856813802971178,-1.5314535896856316,31.997319759108603,-21.501438053926925,True,False,False,True,True,0.0,0.0,0.0,0.0,0.0,0,0.8217321006591766,1.1190497906388623,False,False,False,False,-0.29283587454300436,-0.30218422309910903,False,False,False,False,-8565269,-6279538.01266865,False,False,False,False,331182.01305778563,False,False,False,False
2023-08-28 00:00:00+00:00,8.75,8.97,8.73,8.87,139211,,,,,,,,,,,,,,,,,,,,,,9.680216529741754,10.853639284952008,12.065452028528526,13.05818696996399,14.130539686156837,15.209582346799337,16.98107315383242,17.24817678430192,17.638971703384268,18.12158084837499,18.66922798207561,,,,,,,,,,,,,,,,,,,,8.5982642618439,10.379400379692305,11.137569241583892,12.359967422615421,13.170915737196104,13.92999496621391,15.029872773116729,15.364074476202894,16.099491686420308,16.80941516014308,17.162735006862903,17.5007397017832,17.802276187167205,18.169246375719865,18.748182828556892,,,,,14.130539686156837,16.98107315383242,13.83846537989757,"rgba(255, 0, 0, 1.0)",3.253775309662142,13.83846537989757,-1.563865016981131,34.76915070489533,-19.250949811095012,True,False,False,True,True,0.0,0.0,0.0,0.0,0.0,0,0.8371771796910971,1.1088275919802435,False,False,False,False,-0.2819380103481778,-0.29206111672364343,False,False,False,False,-8704480,-6374633.776877723,False,False,False,False,323653.7380359117,False,False,False,False
2023-08-29 00:00:00+00:00,8.88,9.0,8.72,8.72,333092,,,,,,,,,,,,,,,,,,,,,,9.662990836937341,10.82048234169305,12.022344484443883,13.008299536664047,14.075325125738402,15.154331475714772,16.924055735626805,17.190643627774552,17.581662104509633,18.066255406620602,18.61489753386563,,,,,,,,,,,,,,,,,,,,8.654380456418886,10.351629385686755,11.101806796796566,12.314610010025024,13.120364913665023,13.875716782219872,14.974257325943451,15.309396208605328,16.044672220020363,16.75288199722293,17.105320245110857,17.443206793112314,17.74576142548422,18.114065644190855,18.693878352385024,,,,,14.075325125738402,16.924055735626805,13.795335814971011,"rgba(255, 0, 0, 1.0)",3.2471107046001904,13.795335814971011,-1.5137567709063449,38.02435106906746,-16.517390228878348,True,False,False,True,True,0.0,0.0,0.0,0.0,0.0,0,0.824348626155326,1.1112458701016268,False,False,False,False,-0.27915371264587435,-0.2856074146847589,False,False,False,False,-8371388,-6452937.864058988,False,False,False,False,324023.86595607206,False,False,False,False
2023-08-30 00:00:00+00:00,8.88,8.97,8.83,8.87,243245,,,,,,,,,,,,,,,,,,,,,,9.651271420872995,10.797280776725461,11.991851359874994,12.972842112899517,14.035932888897271,15.114756590899853,16.883057769796967,17.14925877539384,17.540408434103988,18.026385231835107,18.57570842903599,,,,,,,,,,,,,,,,,,,,8.686031287464278,10.332337674006972,11.076697497396797,12.28247475831585,13.084420019915868,13.837016019105636,14.93444793471779,15.270207389267537,16.00530844028877,16.712241565860587,17.06402597070128,17.401803791445236,17.70506290715376,18.074295973622707,18.65470393333025,,,,,14.035932888897271,16.883057769796967,13.764163202192375,"rgba(255, 0, 0, 1.0)",3.2399780168314076,13.764163202192375,-1.5074680065171941,40.19448464518221,-14.764192179965953,True,False,False,True,True,0.0,0.0,0.0,0.0,0.0,0,0.8415065399855141,1.1124792296876997,False,False,False,False,-0.27274350964179345,-0.27917546216327616,False,False,False,False,-8371388,-6528171.202723341,False,False,False,False,320856.06729112804,False,False,False,False
2023-08-31 00:00:00+00:00,8.79,8.99,8.71,8.9,333962,,,,,,,,,,,,,,,,,,,,,,9.63445387031704,10.76529171135053,11.950105137996866,12.924404274008545,13.982160854654255,15.060685510544987,16.82700613858649,17.092676816834405,17.483993247202335,17.97183121099115,18.52206719720074,,,,,,,,,,,,,,,,,,,,8.708184147093272,10.30553805569592,11.042166168851923,12.23851934143949,13.035323103998717,13.784182743894984,14.880069158250366,15.216649948919855,15.951489713807183,16.656677848780447,17.00756882339598,17.345190340002993,17.649394589584098,18.019877116719456,18.60108130525843,,,,,13.982160854654255,16.82700613858649,13.720417185421212,"rgba(255, 0, 0, 1.0)",3.2261131887005376,13.720417185421212,-1.5282840052512727,40.81082918831361,-14.351007219731912,True,False,False,True,True,0.0,0.0,0.0,0.0,0.0,0,0.8477574499372863,1.10293672419013,False,False,False,False,-0.2779546305842714,-0.2785650463737738,False,False,False,False,-8705350,-6613550.763400857,False,False,False,False,321370.025436574,False,False,False,False
2023-09-01 00:00:00+00:00,8.87,8.96,8.78,8.83,274934,,,,,,,,,,,,,,,,,,,,,,9.621780317466808,10.740255560751,11.916986108725425,12.885751153014763,13.939056964190122,15.01714620229732,16.781671818894225,17.046892888926116,17.438307162986852,17.927597434225277,18.478528681738894,,,,,,,,,,,,,,,,,,,,8.726377604493823,10.284761399659534,11.01502475964169,12.203579247166353,12.996122982389716,13.74186184198011,14.836314871913428,15.173494786520289,15.908031144589707,16.611750363417105,16.96189280742582,17.299357866032143,17.604292590717467,17.975748266665274,18.55755276514925,,,,,13.939056964190122,16.781671818894225,13.685405534474777,"rgba(239, 83, 80, 1.0)",3.2168620320639483,13.685405534474777,-1.4969263482478914,42.223590137139155,-13.053675048985951,True,False,False,False,True,0.0,0.0,0.0,0.0,0.0,0,0.866175244614102,1.0842437804396472,False,False,False,False,-0.2758684302992251,-0.2772167383364994,False,False,False,False,-8430416,-6684800.380522393,False,False,False,False,319549.00483121816,False,False,False,False
2023-09-05 00:00:00+00:00,8.7,8.93,8.6892,8.88,168483,,,,,,,,,,,,,,,,,,,,,,9.613244483800516,10.724458957402598,11.896405472741046,12.861863106214487,13.912501435359216,14.990350133292885,16.753807511377378,17.01875739744295,17.410234835550327,17.900414428373608,18.45177409308206,,,,,,,,,,,,,,,,,,,,8.729387141684793,10.271471620128803,10.997988208363749,12.181911195736875,12.971907353506285,13.715776510214148,14.809384591422507,15.146935343845273,15.881298617071769,16.584132008198313,16.933822217042195,17.27119513494523,17.576577598240696,17.948629639187548,18.530804858534168,,,,,13.912501435359216,16.753807511377378,13.663329921989552,"rgba(255, 0, 0, 1.0)",3.2022485174590747,13.663329921989552,-1.5499515090502296,41.54192653951323,-13.053675048985951,True,False,False,True,True,0.0,0.0,0.0,0.0,0.0,0,0.8590378212693994,1.080372399457431,False,False,False,False,-0.2821759818444939,-0.27969636009049664,False,False,False,False,-8598899,-6759863.071482299,False,False,False,False,313624.84777901357,False,False,False,False
2023-09-06 00:00:00+00:00,8.47,8.71,8.425,8.71,176433,,,,,,,,,,,,,,,,,,,,,,9.602006829007985,10.7062014493303,11.87351972742969,12.835704261523862,13.88370928552267,14.961470020910625,16.72397124675679,16.98865394481729,17.38022728620188,17.87138330808141,18.423229468729907,,,,,,,,,,,,,,,,,,,,8.717095563158281,10.255631253999892,10.978543652490917,12.15794789372987,12.945424001439084,13.687450667179643,14.780336666292566,15.118327893607859,15.85258817343749,16.55454316191079,16.90378111660813,17.24108164606866,17.546960889122353,17.91966980721307,18.50227157178467,,,,,13.88370928552267,16.72397124675679,13.638399422761116,"rgba(255, 0, 0, 1.0)",3.1939785294907876,13.638399422761116,-1.6181697450499481,39.23122666149983,-13.053675048985951,True,False,False,True,False,0.0,0.0,0.0,0.0,0.0,0,0.8402142750681665,1.0911808800708405,False,False,False,False,-0.3076850857358918,-0.2936907229131942,False,False,False,False,-8775332,-6838901.068679072,False,False,False,False,308244.7753170915,False,False,False,False
2023-09-07 00:00:00+00:00,8.29,8.37,8.19,8.37,173444,,,,,,,,,,,,,,,,,,,,,,9.588633232733349,10.686501355655974,11.849650214941889,12.808808179438838,13.854386157452659,14.932227959287038,16.693955908108954,16.958393172436175,17.350091524630063,17.842254337976744,18.3946180289589,,,,,,,,,,,,,,,,,,,,8.691710346376613,10.238101643055792,10.957787335708078,12.133080336585554,12.918227572365566,13.658559559344766,14.750901637358266,15.08937947101481,15.823618834998223,16.524760680585874,16.87357587340442,17.21083007659146,17.517226645158665,17.8906149388141,18.47367577038829,,,,,13.854386157452659,16.693955908108954,13.612154477372211,"rgba(255, 0, 0, 1.0)",3.1867188242557845,13.612154477372211,-1.6701048228235607,36.46098089495001,-8.120933361542583,True,False,False,True,False,0.0,0.0,0.0,0.0,0.0,0,0.8306872678598337,1.1161254864416847,False,False,False,False,-0.3384935861341058,-0.31609215452365,False,False,False,False,-8948776,-6921641.262064206,False,False,False,False,302958.47040269576,False,False,False,False
2023-09-08 00:00:00+00:00,8.16,8.25,8.09,8.25,221993,,,,,,,,,,,,,,,,,,,,,,9.570411937834015,10.66054795373322,11.818574128845707,12.773968189955689,13.81652354631315,14.894522057523892,16.655320385210413,16.919450884842995,17.311317919222002,17.80477717203496,18.357812824396326,,,,,,,,,,,,,,,,,,,,8.655122688355492,10.214802575962096,10.930544241563027,12.100763439394928,12.88301344760154,13.621236269891522,14.71294168804215,15.052054871087648,15.786293890158044,16.486418025174203,16.83470241277741,17.171905464915344,17.47896946965714,17.853233429507824,18.43689198087371,,,,,13.81652354631315,16.655320385210413,13.577955904959126,"rgba(255, 0, 0, 1.0)",3.1741249315492297,13.577955904959126,-1.7069132506749585,33.80945131798798,-10.624992616582631,True,False,False,True,False,0.0,0.0,0.0,0.0,0.0,0,0.8214986094273694,1.1132068744205945,False,False,False,False,-0.34282825441539394,-0.32946020446952196,False,False,False,False,-9170769,-7009842.349826395,False,False,False,False,299783.35391631554,False,False,False,False
2023-09-11 00:00:00+00:00,8.45,8.545,8.18,8.26,337116,,,,,,,,,,,,,,,,,,,,,,9.547912070563934,10.625607068025646,11.77521909472713,12.72458487767167,13.762231966647485,14.839947586727716,16.598851385685574,16.8624722435254,17.254492349058356,17.749732464487327,18.303647528304303,,,,,,,,,,,,,,,,,,,,8.629911004686354,10.184184992091396,10.893461688456897,12.055432012872322,12.833028773366419,13.567816163301064,14.658078715268513,14.997964855817152,15.731956778371261,16.430416028974914,16.77784418421879,17.114892570139677,17.422856874224745,17.798318636164705,18.38274475051493,,,,,13.762231966647485,16.598851385685574,13.530590703056964,"rgba(255, 0, 0, 1.0)",3.161139964296932,13.530590703056964,-1.6072020728088632,35.8733421721882,-10.624992616582631,True,False,False,True,False,0.0,0.0,0.0,0.0,0.0,0,0.8262376637721245,1.1070860909311326,False,False,False,False,-0.3222872564342051,-0.3258737304518635,False,False,False,False,-8833653,-7081364.336107712,False,False,False,False,301247.37925293064,False,False,False,False
2023-09-12 00:00:00+00:00,8.53,8.7199,8.39,8.39,173962,,,,,,,,,,,,,,,,,,,,,,9.53814570097656,10.609215952288153,11.754278045367412,12.70043036617329,13.735434959795109,14.812810505561634,16.570557030562437,16.833898827439263,17.225958725654753,17.722045012056682,18.276359665596228,,,,,,,,,,,,,,,,,,,,8.6259921089817,10.170115628455596,10.875905784964388,12.033441553112498,12.808552767989982,13.541487027708953,14.630829569604197,14.971041714683135,15.704813772946807,16.402370607457836,16.74933880377771,17.086278369997984,17.394663504995496,17.770692293616108,18.355460710160866,,,,,13.735434959795109,16.570557030562437,13.507746954892232,"rgba(255, 0, 0, 1.0)",3.1465379058250895,13.507746954892232,-1.5819758426164459,38.17962784056312,-10.624992616582631,True,False,False,True,True,0.0,0.0,0.0,0.0,0.0,0,0.8196711703791866,1.1100050942894366,False,False,False,False,-0.3020111332776398,-0.3139424318647517,False,False,False,False,-8659691,-7143259.499397606,False,False,False,False,296255.7957528157,False,False,False,False
2023-09-13 00:00:00+00:00,8.49,8.67,8.43,8.49,198565,,,,,,,,,,,,,,,,,,,,,,9.527045231920422,10.590671390980729,11.730582676612746,12.673089799318323,13.705085708654192,14.782038650559532,16.538436676259415,16.801458405380046,17.193555369115742,17.69058777711182,18.245345568269858,,,,,,,,,,,,,,,,,,,,8.621098869956711,10.15418753023092,10.856044461796614,12.008557372933396,12.780846879925418,13.511670717926288,14.599937890767466,14.94050537734438,15.674010137059797,16.37053440195064,16.716976831289273,17.05378685945908,17.36264082859554,17.73930328318763,18.324449865226537,,,,,13.705085708654192,16.538436676259415,13.48182829351627,"rgba(255, 0, 0, 1.0)",3.137184127885007,13.48182829351627,-1.5911811643907576,39.361305138026744,-10.624992616582631,True,False,False,True,True,0.0,0.0,0.0,0.0,0.0,0,0.8206784181469801,1.1146929914389871,False,False,False,False,-0.302413785716149,-0.3081781087904504,False,False,False,False,-8858256,-7210514.264127112,False,False,False,False,292424.78415466606,False,False,False,False
2023-09-14 00:00:00+00:00,8.58,8.61,8.39,8.57,127642,,,,,,,,,,,,,,,,,,,,,,9.520014343451807,10.578905205108462,11.715518126178484,12.655689176577543,13.685750252619115,14.762406016571129,16.517915618099515,16.780730130903784,17.172845010483243,17.670472487086347,18.225506220663412,,,,,,,,,,,,,,,,,,,,8.618102681763384,10.144090256462178,10.843435734316872,11.992731921924326,12.763211780258604,13.49267805359224,14.580233868641473,14.921018231140502,15.654338976939894,16.35019634762003,16.696299639878124,17.033022456855356,17.342170095732154,17.719230819303885,18.304611806450918,,,,,13.685750252619115,16.517915618099515,13.465314440945141,"rgba(255, 0, 0, 1.0)",3.118366758937219,13.465314440945141,-1.5666259996338987,41.27872539111834,-14.554109764723876,True,False,False,True,True,0.0,0.0,0.0,0.0,0.0,0,0.8263992268123875,1.1071835908335126,False,False,False,False,-0.3076744706880651,-0.30792628973925773,False,False,False,False,-8730614,-7270126.018475069,False,False,False,False,285962.7141878164,False,False,False,False
2023-09-15 00:00:00+00:00,8.26,8.61,8.23,8.61,181596,,,,,,,,,,,,,,,,,,,,,,9.508596139637298,10.561107599001428,11.693265149342253,12.63023394976039,13.6576438157676,14.733974895758244,16.488319932871878,16.750850203836727,17.143008323422084,17.64150811428512,18.19695667762496,,,,,,,,,,,,,,,,,,,,8.607243061105768,10.128539028505646,10.824508033874297,11.969435456696843,12.737434773923155,13.465042706765447,14.551685197835898,14.892808471040631,15.625914686442437,16.320854486272204,16.666488905966013,17.00310227194591,17.31268372285644,17.690329611886284,18.276066718424083,,,,,13.6576438157676,16.488319932871878,13.440852438317503,"rgba(255, 0, 0, 1.0)",3.106503158516865,13.440852438317503,-1.6677441399386803,39.77050573051712,-14.554109764723876,True,False,False,True,True,0.0,0.0,0.0,0.0,0.0,1,0.8259815868474878,1.1020422108538293,False,False,False,False,-0.3161261750499413,-0.3120262323945995,False,False,False,False,-8912210,-7334521.468730949,False,False,False,False,281869.9018667256,False,False,False,False
2023-09-18 00:00:00+00:00,8.16,8.29,7.94,8.27,195937,,,,,,,,,,,,,,,,,,,,,,9.494025779040733,10.54018621496954,11.667899388952664,12.601599311415466,13.62630733925795,14.702450936800341,16.45570358254231,16.717944351279293,17.110179274168274,17.60966564877912,18.165600227414032,,,,,,,,,,,,,,,,,,,,8.585993217926308,10.10984874297929,10.802471886897987,11.943003350042208,12.708471235973237,13.434188493431794,14.520007294945398,14.861548052615316,15.594501515090656,16.28850158038205,16.633651982803332,16.970171748256814,17.280249339860482,17.658559210324277,18.24471951430369,,,,,13.62630733925795,16.45570358254231,13.412923800280135,"rgba(255, 0, 0, 1.0)",3.0917920865264703,13.412923800280135,-1.6989899880951007,38.031387275639474,-14.554109764723876,True,False,False,True,False,0.0,0.0,0.0,0.0,0.0,1,0.8131411877839911,1.124876376944357,False,False,False,False,-0.34282825441539394,-0.32742724340499674,False,False,False,False,-9108147,-7404075.411133657,False,False,False,False,278499.9841464618,False,False,False,False
2023-09-19 00:00:00+00:00,8.1,8.2789,8.06,8.11,158234,,,,,,,,,,,,,,,,,,,,,,9.48261994508204,10.523664113469962,11.647769865614432,12.578822605084667,13.60133318091282,14.677274360507766,16.42959982023468,16.691603252891145,17.083889172006543,17.584149583284358,18.140460627061554,,,,,,,,,,,,,,,,,,,,8.570731376349972,10.095130340083031,10.785044316690557,11.922011699639336,12.685427750305136,13.409606415879209,14.494716865701813,14.836573660053846,15.569379491906584,16.262611931167385,16.607367967419684,16.943804427850285,17.254269233671216,17.633099531869988,18.219585861632552,,,,,13.60133318091282,16.42959982023468,13.390754669342218,"rgba(255, 0, 0, 1.0)",3.079205308733853,13.390754669342218,-1.7182208196171689,36.43407531190747,-14.554109764723876,True,False,False,True,False,0.0,0.0,0.0,0.0,0.0,0,0.8143626603751156,1.1262471079897214,False,False,False,False,-0.3370198908666381,-0.3322235671358174,False,False,False,False,-9266381,-7477107.002853906,False,False,False,False,273783.671042679,False,False,False,False
2023-09-20 00:00:00+00:00,8.04,8.28,8.03,8.08,145001,,,,,,,,,,,,,,,,,,,,,,9.472108135900045,10.508536496719007,11.62937035598615,12.558016050696901,13.578523394677065,14.654268557919632,16.40573763011156,16.667523580884588,17.059853306794835,17.560814891298218,18.117465972930468,,,,,,,,,,,,,,,,,,,,8.556733973238478,10.081633089077648,10.769096699856192,11.90282897301831,12.664378302824364,13.387154247998618,14.47160968626368,14.813749765473327,15.546415440339631,16.238945465847777,16.583340747021833,16.919699251699168,17.230514220593598,17.60981589932952,18.196596289357704,,,,,13.578523394677065,16.40573763011156,13.370483492277696,"rgba(255, 0, 0, 1.0)",3.056582658713972,13.370483492277696,-1.7439356586942252,34.924425920585406,-9.428935380623976,True,False,False,True,False,0.0,0.0,0.0,0.0,0.0,0,0.8075909086704348,1.1410691655180707,False,False,False,False,-0.3384967548943287,-0.33536016101507304,False,False,False,False,-9411382,-7552960.924310615,False,False,False,False,268733.37021747587,False,False,False,False
2023-09-21 00:00:00+00:00,7.84,8.09,7.82,8.0,165161,,,,,,,,,,,,,,,,,,,,,,9.458592341701573,10.490114076360722,11.607464882408902,12.53349519206287,13.551829376256206,14.627464288889295,16.37807235216992,16.639622576732236,17.03202338479871,17.533815722375753,18.090881249297134,,,,,,,,,,,,,,,,,,,,8.535021756438532,10.064939749149243,10.74981019278639,11.880071645807927,12.63959324404157,13.360849717412494,14.444671028922006,14.787169975194617,15.51973092655575,16.211495875578823,16.555495482757394,16.89178236607795,17.203016003743993,17.582877652669595,18.17002048229924,,,,,13.551829376256206,16.37807235216992,13.34636435236522,"rgba(255, 0, 0, 1.0)",3.0265893747326675,13.34636435236522,-1.8193298365264978,32.5534640585951,-11.8072484116027,True,False,False,True,False,0.0,0.0,0.0,0.0,0.0,0,0.8064878983441847,1.1596713154056604,False,False,False,False,-0.34282825441539394,-0.33909420771523346,False,False,False,False,-9576543,-7632317.084141572,False,False,False,False,264671.70864032,False,False,False,False
2023-09-22 00:00:00+00:00,7.67,7.87,7.61,7.87,148948,,,,,,,,,,,,,,,,,,,,,,9.445048101042454,10.472449401482724,11.586871698278564,12.510654172696958,13.527123937873611,14.602758506873323,16.352690933081277,16.614039180492682,17.006522775139093,17.509092562030272,18.066555803005574,,,,,,,,,,,,,,,,,,,,8.510729895855984,10.048723204597232,10.731427100830842,11.858745527635774,12.616524905949387,13.336479827406983,14.419827468549434,14.762681776867133,15.495196621734669,16.186302548913684,16.52995881547159,16.86619626660144,17.17782491798996,17.558211870594658,18.145705845201093,,,,,13.527123937873611,16.352690933081277,13.323721494611785,"rgba(255, 0, 0, 1.0)",2.9914329206787125,13.323721494611785,-1.889971008719473,29.979811013850664,-14.328182223577116,False,False,False,True,False,0.0,0.0,0.0,0.0,0.0,0,0.7995238691893246,1.1465017879001087,False,False,False,False,-0.34282825441539394,-0.34096123106531373,False,False,False,False,-9725491,-7714402.335743863,False,False,False,False,260133.52398775844,False,False,False,False
2023-09-25 00:00:00+00:00,7.56,7.685,7.54,7.59,118881,,,,,,,,,,,,,,,,,,,,,,9.433637750477606,10.457895848353328,11.570079467915793,12.492120016569949,13.507145456273989,14.582820124489757,16.332255665117653,16.593447357136668,16.986004497818055,17.48920519508929,18.046995185330083,,,,,,,,,,,,,,,,,,,,8.489536772604819,10.035273091870035,10.716328287354823,11.84138510453466,12.597814417912923,13.316761955635098,14.399772639526818,14.742922814602508,15.475420744725373,16.16601447267523,16.509402772288638,16.845607015994222,17.157557444981148,17.53837121956287,18.12615498278823,,,,,13.507145456273989,16.332255665117653,13.305282088802997,"rgba(255, 0, 0, 1.0)",2.957854408638831,13.305282088802997,-1.942381637183727,27.67766532500228,-16.559983159002627,False,False,False,True,False,0.0,0.0,0.0,0.0,0.0,0,0.8200374716497387,1.1888990237649149,False,False,False,False,-0.34282825441539394,-0.3418947427403538,False,False,False,False,-9844372,-7797930.557871555,False,False,False,False,254594.20932157183,False,False,False,False
2023-09-26 00:00:00+00:00,7.42,7.525,7.36,7.51,164646,,,,,,,,,,,,,,,,,,,,,,9.41671017181695,10.436868152436055,11.54612803250013,12.465849322916199,13.478954346561428,14.554764807789155,16.30359513058617,16.564578871012152,16.957253067700485,17.46135001863703,18.019611933040007,,,,,,,,,,,,,,,,,,,,8.456785656293345,10.015681331108638,10.694595766655523,11.816676508203887,12.571308713659466,13.288918597834458,14.371542755826257,14.715128039254687,15.447642018541,16.13755235341401,16.480580901747988,16.816751594062072,17.12916158416746,17.51058269686898,18.098787514611328,,,,,13.478954346561428,16.30359513058617,13.27903065361098,"rgba(255, 26, 202, 1.0)",2.9273067473010532,13.27903065361098,-2.001508949826644,25.448951218987343,-18.71418588619475,False,True,False,True,False,0.0,0.0,0.0,0.0,0.0,0,0.8133616523375898,1.1742381848705299,False,False,False,False,-0.34282825441539394,-0.3423614985778739,False,False,False,False,-10009018,-7884639.869327573,False,False,False,False,251066.82856386315,False,False,False,False
2023-09-27 00:00:00+00:00,7.41,7.62,7.38,7.5,167210,,,,,,,,,,,,,,,,,,,,,,9.400108434961842,10.416055830296411,11.522290607953224,12.439631085438794,13.450755126981969,14.526636063616873,16.274790764744004,16.53555817871103,16.928337198089512,17.43331678663775,17.99203798762506,,,,,,,,,,,,,,,,,,,,8.426613122957573,9.996350118046957,10.673051318273128,11.792063323428449,12.544848886003683,13.26107761180106,14.343249993696277,14.68725065203216,15.41974883900633,16.108951786683782,16.45160951100455,16.78773601407553,17.100596286024153,17.482614934168886,18.071227641137078,,,,,13.450755126981969,16.274790764744004,13.25291886348568,"rgba(255, 26, 202, 1.0)",2.8936962677675044,13.25291886348568,-2.0191887201739767,23.913885956831173,-20.231720110511443,False,True,False,True,False,0.0,0.0,0.0,0.0,0.0,0,0.8281830921924094,1.1314063389880402,False,False,False,False,-0.32821785219678484,-0.33528967538732934,False,False,False,False,-10176228,-7974506.070530414,False,False,False,False,247778.32548292735,False,False,False,False
2023-09-28 00:00:00+00:00,7.53,7.68,7.4,7.4,166404,,,,,,,,,,,,,,,,,,,,,,9.384426513741328,10.396093885312796,11.4992290236873,12.414157379721317,13.423263276357552,14.499126157914239,16.246526771403143,16.507071701690286,16.899936773098304,17.40576005094095,17.96491264650072,,,,,,,,,,,,,,,,,,,,8.400332467927653,9.97790140289316,10.652334987684354,11.768217541202809,12.519130066140768,13.233949993696761,14.315593848349518,14.65997411661351,15.392414252211505,16.080894060144907,16.423174774415845,16.759243919857415,17.07253155181114,17.45512053073723,18.0441137267906,,,,,13.423263276357552,16.246526771403143,13.22765280704831,"rgba(255, 0, 0, 1.0)",2.8572623323799906,13.22765280704831,-1.9940950967223168,25.13379532378481,-20.231720110511443,False,True,False,True,False,0.0,0.0,0.0,0.0,0.0,0,0.8152535587480559,1.1624324838716031,False,False,False,False,-0.3181336422100675,-0.32671165879869846,False,False,False,False,-10009824,-8054322.459921379,False,False,False,False,244587.17546398903,False,False,False,False
2023-09-29 00:00:00+00:00,7.62,7.775,7.49,7.6,172354,,,,,,,,,,,,,,,,,,,,,,9.36925183560051,10.37636142392653,11.476168620390203,12.388541050552336,13.395495829269004,14.47123210961827,16.217750361698588,16.478055739281803,16.8709875906591,17.37764291886599,17.937211053717114,,,,,,,,,,,,,,,,,,,,8.37742050629648,9.95978918195752,10.631787340305436,11.744328211931737,12.493253642621278,13.206569870942948,14.287568922746708,14.632301548394452,15.364629460199511,16.052335785849557,16.39421575229814,16.730208979491948,17.043914210340898,17.427064543523105,18.016420792109532,,,,,13.395495829269004,16.217750361698588,13.202363308668648,"rgba(255, 0, 0, 1.0)",2.8179520900795145,13.202363308668648,-1.9810000774396166,27.5294420362916,-20.231720110511443,False,False,False,True,True,0.0,0.0,0.0,0.0,0.0,0,0.7993322203672789,1.1694223706176963,False,False,False,False,-0.29159101182567126,-0.30915133531218486,False,False,False,False,-9837470,-8124249.814434266,False,False,False,False,241754.50191638162,False,False,False,False
2023-10-02 00:00:00+00:00,7.32,7.625,7.3,7.61,156397,,,,,,,,,,,,,,,,,,,,,,9.354047500555163,10.357326521102642,11.454332669790864,12.364501371350418,13.3696048924983,14.445332833108116,16.191159529424365,16.45125903125903,16.844271884083195,17.351713292329705,17.91168479851919,,,,,,,,,,,,,,,,,,,,8.352181275554178,9.942111911700774,10.612074920271994,11.721776725593262,12.468989440299381,13.181013762549357,14.261532939752097,14.606619683673213,15.338898083112767,16.025935959421368,16.367466869235958,16.70340772205071,17.017511041165324,17.401193079017705,17.990905427630953,,,,,13.3696048924983,16.191159529424365,13.178478682115198,"rgba(255, 26, 202, 1.0)",2.7809823074942654,13.178478682115198,-2.1066220616821663,27.03903124294753,-20.231720110511443,False,False,False,True,True,0.0,0.0,0.0,0.0,0.0,0,0.7957461174881837,1.1661039837947333,False,False,False,False,-0.3369671364046754,-0.3230592358584301,False,False,False,False,-9993867,-8197568.135436844,False,False,False,False,238407.14890005294,False,False,False,False
2023-10-03 00:00:00+00:00,7.13,7.38,7.11,7.32,163039,,,,,,,,,,,,,,,,,,,,,,9.336771193954398,10.336355312113241,11.430656739378103,12.338642435846818,13.341915981672436,14.417741172351052,16.16295591682926,16.422852311146393,16.8159700382747,17.32426204460473,17.884680452750594,,,,,,,,,,,,,,,,,,,,8.321698015677027,9.922445691112728,10.590458473249683,11.697391086111791,12.442907832778689,13.15365737384617,14.233780895887254,14.57927104474479,15.31155005620402,15.997924523563071,16.339106156997044,16.675008947366795,16.989546445626548,17.37380514981422,17.96391548245954,,,,,13.341915981672436,16.16295591682926,13.152654558041538,"rgba(255, 26, 202, 1.0)",2.739296286301592,13.152654558041538,-2.1986137783484927,25.679030602004307,-20.231720110511443,False,True,False,True,True,0.0,0.0,0.0,0.0,0.0,0,0.7915811088295688,1.172142368240931,False,False,False,False,-0.34282825441539394,-0.33294374513691205,False,False,False,False,-10156906,-8274404.914439321,False,False,False,False,235451.5352176979,False,False,False,False
2023-10-04 00:00:00+00:00,7.33,7.38,7.05,7.16,469483,,,,,,,,,,,,,,,,,,,,,,9.289597029485844,10.278374852074544,11.364668289996477,12.26627154103599,13.264151723641337,14.3399577446334,16.083139776225647,16.342428923022606,16.73578476324721,17.246398329403117,17.808011485053882,,,,,,,,,,,,,,,,,,,,8.245657880672749,9.868309342867056,10.530555364335203,11.629334277009427,12.369884348815447,13.076871102363345,14.155595434697485,14.5021272714505,15.234264523558293,15.918671353256991,16.258823919711443,16.594571584688747,16.910283444568613,17.296113478419148,17.88727904377938,,,,,13.264151723641337,16.083139776225647,13.080662814177126,"rgba(255, 26, 202, 1.0)",2.6889675971904725,13.080662814177126,-2.138613652386745,27.880782534182167,-20.231720110511443,False,False,False,True,True,0.0,0.0,0.0,0.0,0.0,0,0.7850756533700137,1.1695323246217335,False,False,False,False,-0.34282825441539394,-0.33788599977615297,False,False,False,False,-9687423,-8329817.388382876,False,False,False,False,244629.23971896467,False,False,False,False
2023-10-05 00:00:00+00:00,7.45,7.49,7.29,7.38,178382,,,,,,,,,,,,,,,,,,,,,,9.27356460233267,10.258024128362875,11.341073714431579,12.240153615026507,13.235879725784283,14.311488189296524,16.053718386445794,16.312760690845664,16.70616701468998,17.21758728909581,17.779598007160956,,,,,,,,,,,,,,,,,,,,8.223654246807046,9.849509433274404,10.509416194620707,11.604925428523437,12.343507811786377,13.048988066968862,14.127009666717049,14.473864731599841,15.205855637356528,15.889471740765465,16.229215263724484,16.56487454015981,16.8809875432972,17.267361644391944,17.85887221106077,,,,,13.235879725784283,16.053718386445794,13.054847790741494,"rgba(255, 26, 202, 1.0)",2.6338145050189894,13.054847790741494,-2.128034369945534,31.018447638108,-24.55664576355538,False,False,False,True,True,0.0,0.0,0.0,0.0,0.0,0,0.8022853185595566,1.1540858725761771,False,False,False,False,-0.28971774229009256,-0.31380187103312274,False,False,False,False,-9509041,-8376061.4515835475,False,False,False,False,242031.3087495935,False,False,False,False
2023-10-06 00:00:00+00:00,7.52,7.56,7.38,7.38,440144,,,,,,,,,,,,,,,,,,,,,,9.236731988346884,10.21034335802958,11.28515506556425,12.177899725475768,13.16817793525511,14.243001680092524,15.982606528629239,16.24101600635895,16.634482094754468,17.1477651581207,17.710663201778054,,,,,,,,,,,,,,,,,,,,8.178693590215737,9.805749243251476,10.459722323439719,11.546968490456358,12.280603231846639,12.982268118477691,14.058295488613817,14.405829793515469,15.137314289739427,15.818917772517839,16.157626629198287,16.493021173528405,16.8100481431438,17.197675240103578,17.789944560794815,,,,,13.16817793525511,15.982606528629239,12.99349712162766,"rgba(255, 26, 202, 1.0)",2.5887612258928545,12.99349712162766,-2.114330617625761,34.0574680188925,-21.66296071594566,True,False,False,True,True,0.0,0.0,0.0,0.0,0.0,0,0.8267744202389318,1.1366830639494028,False,False,False,False,-0.2637163296595163,-0.2887591003463195,False,False,False,False,-9068897,-8403231.473090075,False,False,False,False,249800.43389666826,False,False,False,False
2023-10-09 00:00:00+00:00,7.64,7.815,7.39,7.51,119481,,,,,,,,,,,,,,,,,,,,,,9.227708122494025,10.198278395114732,11.270757781670412,12.161735387309108,13.15048290424724,14.224995608781233,15.963794377292304,16.22202367666106,16.615484860064605,17.12923338252375,17.692342186092088,,,,,,,,,,,,,,,,,,,,8.169510552792872,9.79479043867387,10.447083380125537,11.532004413749215,12.264257062652849,12.964848238915502,14.04024663142256,14.38792746892294,15.119226273064871,15.80026111850967,16.138679770698104,16.47398695183495,16.791238053888648,17.179177017155467,17.771622440491356,,,,,13.15048290424724,15.963794377292304,12.977629927746653,"rgba(255, 26, 202, 1.0)",2.54143711915763,12.977629927746653,-2.100240799786474,37.65450836451864,-18.307700248969788,True,False,False,True,True,0.0,0.0,0.0,0.0,0.0,0,0.8372093023255814,1.0999652898299204,False,False,False,False,-0.22390418500024759,-0.25633164267328357,False,False,False,False,-8949416,-8424650.474145366,False,False,False,False,244689.86786150478,False,False,False,False
2023-10-10 00:00:00+00:00,7.71,7.82,7.592,7.69,170914,,,,,,,,,,,,,,,,,,,,,7.707333333333334,9.21570208038297,10.181823478447129,11.250873390836341,12.139276410531902,13.125784794536324,14.199765300737345,15.937326720800574,16.195290537944185,16.588725936112592,17.103105188593812,17.66648888536297,,,,,,,,,,,,,,,,,,,,8.158985455894669,9.779959444414697,10.429780866750928,11.511295615907507,12.24153291467199,12.940551973317369,14.014971859406744,14.362829083639697,15.09381911259475,15.774019753450377,16.112014510878023,16.447182823412373,16.764733579383904,17.15309393176212,17.745764833629423,,,,,13.125784794536324,15.937326720800574,12.518646831923842,"rgba(255, 0, 0, 1.0)",2.4889331120055536,12.518646831923842,-1.9320112737176331,40.93658550708679,-15.301415322525884,True,False,False,True,True,0.0,0.0,0.0,0.0,0.0,0,0.8527238831733757,1.091486570461921,False,False,False,False,-0.19329020116699666,-0.22481092192014013,False,False,False,False,-8778502,-8438527.004571037,False,False,False,False,241796.69657281833,False,False,False,False
2023-10-11 00:00:00+00:00,7.65,7.731,7.54,7.72,144930,,,,,,,,,,,,,,,,,,,,,7.676589326798462,9.205223229910313,10.16766636651805,11.23386953502362,12.12012332003111,13.104759665181998,14.178304084656197,15.914833896174311,16.172574902497875,16.56599057227994,17.080905347724514,17.644523938592055,,,,,,,,,,,,,,,,,,,,8.149159658750946,9.767146096499646,10.414922278228328,11.493603859503972,12.222158214554137,12.91986319157157,13.993471157629438,14.341480919629033,15.072216487939958,15.751717108968068,16.089355758054996,16.424408549358787,16.742214095990718,17.130932453603076,17.72379657677497,,,,,13.104759665181998,15.914833896174311,12.499451952906103,"rgba(255, 0, 0, 1.0)",2.431016455931682,12.499451952906103,-1.994824815386764,42.43787097178933,-13.943481551367817,True,False,False,True,True,0.0,0.0,0.0,0.0,0.0,0,0.8705874145388586,1.0895772289660948,False,False,False,False,-0.21410093210277678,-0.21945592701145844,False,False,False,False,-8923432,-8457542.886744723,False,False,False,False,237998.00258957056,False,False,False,False
2023-10-12 00:00:00+00:00,7.21,7.7,7.09,7.7,246716,,,,,,,,,,,,,,,,,,,,,7.526051169653015,9.184264702897462,10.141042120365663,11.202847469802805,12.085682323331294,13.067346537881267,14.14039122333845,15.875413054157994,16.132800610975377,16.526230396236727,17.04213175901129,17.606212635371573,,,,,,,,,,,,,,,,,,,,8.12367120725235,9.742585102506446,10.387230377033537,11.461485986042462,12.187364125743725,12.882987002126589,13.95544933953519,14.303799190650851,15.034221445917954,15.712604731399123,16.0496695690265,16.384563844288774,16.702849095156555,17.09223058576922,17.685486726317382,,,,,13.067346537881267,15.875413054157994,12.459845364481904,"rgba(255, 26, 202, 1.0)",2.3686892106349062,12.459845364481904,-2.2163504358913886,39.51274252994997,-13.943481551367817,True,False,False,True,True,0.0,0.0,0.0,0.0,0.0,0,0.8579193614971792,1.0794688317049677,False,False,False,False,-0.28661129695664245,-0.25303361198405044,False,False,False,False,-9170148,-8485488.185303753,False,False,False,False,238339.88484095994,False,False,False,False
2023-10-13 00:00:00+00:00,6.97,7.23,6.965,7.22,158959,,,,,,,,,,,,,,,,,,,,,7.422273136258366,9.16901447896875,10.122477093732194,11.181701032602149,12.062468995061476,13.042339483112082,14.115195923829047,15.849384149052359,16.106558508966064,16.500023689777667,17.016601423940607,17.581014414541038,,,,,,,,,,,,,,,,,,,,8.10258384134,9.725223325783487,10.368048387417366,11.439676243002229,12.163936982168165,12.85830575092798,13.930160998327942,14.278773876836505,15.009060594011872,15.686765894756466,16.02347934877623,16.358292647667156,16.676911990934688,17.06674996165788,17.660293369375754,,,,,13.042339483112082,15.849384149052359,12.432871402246537,"rgba(255, 26, 202, 1.0)",2.305618480273401,12.432871402246537,-2.3693735320853033,36.05248243009403,-7.1783186668034915,True,False,False,True,False,0.0,0.0,0.0,0.0,0.0,0,0.8446628634270398,1.1055055330263248,False,False,False,False,-0.34282825441539394,-0.2979309331997222,False,False,False,False,-9329107,-8518571.276076155,False,False,False,False,235226.9089648439,False,False,False,False
2023-10-16 00:00:00+00:00,7.18,7.2,6.87,7.01,228967,,,,,,,,,,,,,,,,,,,,,7.340624348315844,9.147717167257891,10.096368367720872,11.151824132189832,12.029593278466741,13.006851116625626,14.07936194446926,15.812280500848344,16.069142029661425,16.462641510106828,16.98015965450622,17.54502645275588,,,,,,,,,,,,,,,,,,,,8.074414592808091,9.700866988028553,10.341036315968179,11.408838487465363,12.130750679761768,12.823291479402666,13.89420812214799,14.243169424051388,14.97322425844627,15.649938438533514,15.98613983629205,16.32082466337234,16.639905245785044,17.030377059125147,17.6243100258258,,,,,13.006851116625626,15.812280500848344,12.397982075423084,"rgba(255, 26, 202, 1.0)",2.2297652039769855,12.397982075423084,-2.340148669517466,36.454776971355166,-7.1783186668034915,True,False,False,True,False,0.0,0.0,0.0,0.0,0.0,0,0.8152119522481951,1.168346558009865,False,False,False,False,-0.34282825441539394,-0.3203795938075581,False,False,False,False,-9100140,-8541377.89270062,False,False,False,False,234981.4223387716,False,False,False,False
2023-10-17 00:00:00+00:00,7.19,7.41,7.13,7.15,101822,,,,,,,,,,,,,,,,,,,,,7.33121040702912,9.139108568871867,10.0855102567708,11.139194322662782,12.015580864471946,12.991627428281053,14.063905336533916,15.796181751665598,16.05289686020644,16.44639472713604,16.964300300409423,17.52934524069534,,,,,,,,,,,,,,,,,,,,8.064324353620249,9.69083265369096,10.329749190315505,11.39576678620858,12.116594958339501,12.808286843864574,13.878713578594546,14.227800306799136,14.957712744229099,15.633966287219765,15.969931526064626,16.304546575197328,16.62381383717129,17.014545782094842,17.608628401309797,,,,,12.991627428281053,15.796181751665598,12.384444751272003,"rgba(255, 26, 202, 1.0)",2.1337027411026743,12.384444751272003,-2.4344744238307396,36.84785576887241,-7.1783186668034915,True,False,False,True,False,0.0,0.0,0.0,0.0,0.0,0,0.8333213850455232,1.1215140870313287,False,False,False,False,-0.25771611135720895,-0.2890478525823835,False,False,False,False,-8998318,-8559297.112594713,False,False,False,False,229759.48420783938,False,False,False,False
2023-10-18 00:00:00+00:00,6.91,7.09,6.9,7.09,102781,,,,,,,,,,,,,,,,,,,,,7.298772932359902,9.129240772584176,10.07357458772158,11.125628570927423,12.00070424183708,12.975605998087335,14.047743866399546,15.779468924957897,16.036046137757697,16.429561620246552,16.94788975366823,17.513140223240594,,,,,,,,,,,,,,,,,,,,8.051034934820786,9.679650960070605,10.317425013810555,11.381781297819412,12.101582316938112,12.792473569329527,13.862497053379066,14.21174290670046,14.94155886371725,15.617375550119432,15.953114617894826,16.28767437823257,16.607149248014228,16.99816624986158,17.59242582712688,,,,,12.975605998087335,15.779468924957897,12.36885115586163,"rgba(255, 26, 202, 1.0)",2.0364418448335515,12.36885115586163,-2.6805828851487825,35.16113168987093,-8.376945219981586,True,False,False,True,False,0.0,0.0,0.0,0.0,0.0,0,0.8412010971560562,1.1245127760935472,False,False,False,False,-0.34282825441539394,-0.3159380534988887,False,False,False,False,-9101099,-8580544.245434135,False,False,False,False,224779.93580753196,False,False,False,False
2023-10-19 00:00:00+00:00,6.62,6.91,6.605,6.9,177820,,,,,,,,,,,,,,,,,,,,,7.22044857851011,9.11039039720111,10.051461938056189,11.100939486559943,11.973879070934984,12.946920068102065,14.01895560079751,15.749870883495197,16.006224513637537,16.39979865371778,16.918902854232677,17.484546216837188,,,,,,,,,,,,,,,,,,,,8.023555743496205,9.658722840722058,10.294708585862308,11.356407156127643,12.0745352081693,12.764127798515576,13.833589180514961,14.183157404380758,14.912876237839322,15.587979954743368,15.923346407678068,16.25783291509744,16.577694462604672,16.96923685442155,17.563840259214643,,,,,12.946920068102065,15.749870883495197,12.339604852767208,"rgba(255, 26, 202, 1.0)",1.938468356091807,12.339604852767208,-2.950579427718202,32.44333162901991,-11.152754559573744,False,False,False,True,False,0.0,0.0,0.0,0.0,0.0,0,0.8287448515066119,1.1340414769853313,False,False,False,False,-0.34282825441539394,-0.32938315395714135,False,False,False,False,-9278919,-8607931.490711229,False,False,False,False,222938.36969743267,False,False,False,False
2023-10-20 00:00:00+00:00,6.73,6.955,6.705,6.72,341932,,,,,,,,,,,,,,,,,,,,,7.133930158743427,9.076212318736518,10.01081017595524,11.055136988112267,11.923874933000802,12.89323347202196,13.964865129006403,15.69402627917564,15.949932527784272,16.34357411916225,16.86408283493803,17.430416273348605,,,,,,,,,,,,,,,,,,,,7.976990254375332,9.620435353611542,10.2528390677455,11.30926068154069,12.024093937474264,12.711112615297177,13.77930933318472,14.12941635396809,14.858846064586942,15.532532849232526,15.867163666255985,16.201476316113933,16.52202925577868,16.914520232727625,17.509719979313978,,,,,12.89323347202196,15.69402627917564,12.288201107990464,"rgba(255, 26, 202, 1.0)",1.8355103568958657,12.288201107990464,-3.028150229231203,32.067880693723204,-11.715088633038356,False,False,False,True,False,0.0,0.0,0.0,0.0,0.0,0,0.8199515116942386,1.1230034227039363,False,False,False,False,-0.31874630327099307,-0.3240647286140672,False,False,False,False,-8936987,-8620835.628330396,False,False,False,False,227604.78657204317,False,False,False,False
2023-10-23 00:00:00+00:00,6.56,6.81,6.545,6.74,236575,,,,,,,,,,,,,,,,,,,,,7.072590388138078,9.051548445470953,9.981916886952341,11.0228564441933,11.888788756856531,12.8556837001112,13.927096704907195,15.655114297413135,15.910719677550677,16.304418626184205,16.82590927359529,17.39273190388233,,,,,,,,,,,,,,,,,,,,7.942737142744246,9.593087130654935,10.223151868203907,11.276083040328249,11.988715280852377,12.674013293258007,13.74140132873818,14.091896509246748,14.821156996227645,15.493889915748863,15.828023731454753,16.162225951552642,16.483264138318564,16.87641922597122,17.472043990980797,,,,,12.8556837001112,15.655114297413135,12.252023576952565,"rgba(255, 26, 202, 1.0)",1.7164343619610543,12.252023576952565,-3.316190646783216,30.865450354945892,-13.119791697124121,False,False,False,True,False,0.0,0.0,0.0,0.0,0.0,0,0.8151039818297963,1.1305983391298178,False,False,False,False,-0.34282825441539394,-0.3334464915147306,False,False,False,False,-9173562,-8642511.17231744,False,False,False,False,227956.55964764935,False,False,False,False
2023-10-24 00:00:00+00:00,6.48,6.81,6.43,6.61,270603,,,,,,,,,,,,,,,,,,,,,7.010675044228916,9.023198316118393,9.948838031038084,10.98596765106487,11.848732933386325,12.81283863186128,13.88398943304619,15.61069546844981,15.865958006499902,16.259718179838508,16.782316572659987,17.349689978231748,,,,,,,,,,,,,,,,,,,,7.903797001716465,9.561739123134192,10.189181964694846,11.23818264226414,11.948328786924812,12.631678615713588,13.698138976450934,14.049067892023151,14.778129305322885,15.449776978265168,15.78334535414906,16.11741943794778,16.439004067577873,16.832908373964504,17.4290111108238,,,,,12.81283863186128,15.61069546844981,12.21111300781765,"rgba(255, 26, 202, 1.0)",1.584746548071132,12.21111300781765,-3.6164224587163485,29.63611122564662,-14.554229678999597,False,True,False,True,False,0.0,0.0,0.0,0.0,0.0,0,0.8250052709255746,1.116663152716284,False,False,False,False,-0.34282825441539394,-0.3381373729650623,False,False,False,False,-9444165,-8673948.577324599,False,False,False,False,229628.96907323174,False,False,False,False
2023-10-25 00:00:00+00:00,6.39,6.48,6.025,6.45,465857,,,,,,,,,,,,,,,,,,,,,6.885348415484714,8.97057100936109,9.888851508784331,10.920004702621391,11.777648988288188,12.737240533672134,13.808202682335189,15.53293936793962,15.787644678978925,16.181560907402172,16.70613328022953,17.27451730933711,,,,,,,,,,,,,,,,,,,6.298333333333334,7.828871415923104,9.50444150148083,10.127822174235224,11.170583451084736,11.876708705089046,12.556910975049203,13.62204344103301,13.973797553425351,14.702649447954462,15.37252634338606,15.7051647760494,16.039061295737568,16.36162887771479,16.7568720184032,17.353861831843716,,,,,12.737240533672134,15.53293936793962,11.663033016326521,"rgba(255, 26, 202, 1.0)",1.407712130175486,11.663033016326521,-3.7458177018544143,28.33782323812848,-16.048136178940084,False,True,False,True,False,0.0,0.0,0.0,0.0,0.0,0,0.807211338057524,1.1368625816312354,True,False,False,False,-0.34282825441539394,-0.34048281369022815,False,False,False,False,-9910022,-8722422.044880498,False,False,False,False,238892.8134233011,False,False,False,False
2023-10-26 00:00:00+00:00,6.12,6.45,6.1,6.32,318244,,,,,,,,,,,,,,,,,,,,,6.814318811893428,8.934796192742182,9.848160757694115,10.875285997413092,11.729476138233176,12.68600759186865,13.75678626456477,15.48013822479748,15.734461879109654,16.128470291981465,16.65435259824227,17.223402424484636,,,,,,,,,,,,,,,,,,,6.267892994652475,7.779266114291581,9.465553500648694,10.086206438872527,11.12476312414167,11.82817342503286,12.506241220292678,13.570430070491735,13.922718288488458,14.651400933969851,15.320069080587414,15.652073610047475,15.985840419165905,16.30905745507763,16.705188742271186,17.302760980901276,,,,,12.68600759186865,15.48013822479748,11.614987939036215,"rgba(255, 26, 202, 1.0)",1.247032990454165,11.614987939036215,-4.406449533492261,26.198170365525783,-18.30127640642284,False,True,False,True,False,0.0,0.0,0.0,0.0,0.0,0,0.8296786650117225,1.12012136257068,False,False,False,False,-0.33654667930983584,-0.338514746500032,True,False,False,False,-10228266,-8781474.749002833,False,False,False,False,242004.624661603,False,False,False,False
2023-10-27 00:00:00+00:00,6.21,6.295,6.09,6.12,224454,,,,,,,,,,,,,,,,,,,,,6.770984789675254,8.90989229299201,9.819806859949246,10.844088304961826,11.695847809014216,12.650217614722049,13.720821077373094,15.443157297820564,15.697209258267478,16.09127156009427,16.618052016329194,17.1875537923733,,,,,,,,,,,,,,,,,,,6.252412486180724,7.745550894555113,9.438468718216322,10.057198284896861,11.092791400291503,11.7942896989951,12.470848937227148,13.53433625200019,13.886979983525903,14.615520757266252,15.283331141663675,15.614886782168483,15.948554820905267,16.272214983966908,16.668954821885784,17.266920678307443,,,,,12.650217614722049,15.443157297820564,11.582071569174776,"rgba(255, 26, 202, 1.0)",1.0353670716102412,11.582071569174776,-5.1885671434575675,26.115663135128692,-18.60851184262164,False,True,False,True,False,0.0,0.0,0.0,0.0,0.0,0,0.8298546531652545,1.1264035268994972,False,False,False,False,-0.34282825441539394,-0.340671500457713,False,False,False,False,-10003812,-8829409.543159584,False,False,False,False,241316.36487095192,False,False,False,False
2023-10-30 00:00:00+00:00,6.4,6.58,6.25,6.25,434042,,,,,,,,,,,,,,,,,,,,,6.727757435362348,8.866658142084281,9.769340856025169,10.787620357753458,11.634424489663465,12.584350585351705,13.654164635003648,15.37409260270255,15.627577726247992,16.02164498634294,16.54997687005265,17.120210602123034,,,,,,,,,,,,,,,,,,,6.299826697962079,7.692654428153624,9.390686353809995,10.005324196895995,11.034751512378602,11.732345227784771,12.405794876722634,13.467517528194193,13.820677111824816,14.548717046414973,15.214757203389219,15.54539757983416,15.878800932970318,16.203207553482283,16.600993238273457,17.199578929273653,,,,,12.584350585351705,15.37409260270255,11.527842943365584,"rgba(255, 26, 202, 1.0)",1.0366090421697596,11.527842943365584,-4.946747264168497,28.703504286212013,-18.60851184262164,False,True,False,True,True,0.0,0.0,0.0,0.0,0.0,0,0.8427953593739274,1.1084643372005218,False,False,False,False,-0.28308918556818574,-0.31188034301294937,False,False,False,False,-9569770,-8858443.28656509,False,False,False,False,248874.23291522832,False,False,False,False
2023-10-31 00:00:00+00:00,6.39,6.45,6.28,6.36,123309,,,,,,,,,,,,,,,,,,,,,6.716096667978504,8.854467714384693,9.75512154471125,10.77170732939081,11.617113332069039,12.565781362335011,13.635354301586215,15.35458443928817,15.607907895117442,16.00197198911169,16.530733050677906,17.101167024554506,,,,,,,,,,,,,,,,,,,6.305615059269202,7.6779746207836075,9.377221818490954,9.990707556620722,11.018395542300626,11.714886816030948,12.387455851803168,13.44866526013618,13.801962629107658,14.529851808647916,15.195388293358201,15.525768562470837,15.859093910229003,16.183705968276758,16.58178077326,17.18053511194463,,,,,12.565781362335011,15.35458443928817,11.512206025538188,"rgba(255, 26, 202, 1.0)",1.0397178584726876,11.512206025538188,-4.926534620711955,30.359159023514678,-18.60851184262164,False,True,False,True,True,0.0,0.0,0.0,0.0,0.0,0,0.8454792232198789,1.1197188000278415,False,False,False,False,-0.29632962890485187,-0.3041049859589006,False,False,False,False,-9693079,-8891174.098856656,False,False,False,False,243950.10613423897,False,False,False,False
2023-11-01 00:00:00+00:00,6.5,6.66,6.29,6.37,338402,,,,,,,,,,,,,,,,,,,,,6.696820780862618,8.823073768120192,9.717953361290325,10.729697812976195,11.571170094348833,12.516282094096038,13.585002604423051,15.302129704140107,15.554992197906936,15.949004575185539,16.478861337115813,17.049782368011677,,,,,,,,,,,,,,,,,,,6.337196200229515,7.642576315448216,9.342211262883069,9.952393966622193,10.975142398957427,11.668528964223622,12.338605587546601,13.398235681126657,13.751837028841976,14.479215890444925,15.143324171468104,15.47297125003177,15.806050894896423,16.13117802419229,16.529988324468977,17.12914341106925,,,,,12.516282094096038,15.302129704140107,11.47221844690407,"rgba(255, 26, 202, 1.0)",1.0404389579533428,11.47221844690407,-4.778962195614982,32.99674735582394,-22.156863304477216,False,False,False,True,True,0.0,0.0,0.0,0.0,0.0,0,0.8527894338584303,1.0873632799064457,False,False,False,False,-0.26732687210316397,-0.28571592903103227,False,False,False,False,-9354677,-8909350.68321522,False,False,False,False,247654.10197211194,False,False,False,False
2023-11-02 00:00:00+00:00,6.87,6.94,6.58,6.58,666208,,,,,,,,,,,,,,,,,,,,,6.710817127631183,8.771596171399167,9.65404886593193,10.655282301604569,11.488508340636727,12.426091485449897,13.492202683227104,15.204259962070871,15.456127853521958,15.849827547257568,16.38144408632632,16.953018725437705,,,,,,,,,,,,,,,,,,,6.456278478069514,7.595950858923063,9.282993452854083,9.88595751003734,10.89813182247325,11.584996817493819,12.249781023624465,13.305462784699442,13.659303783539945,14.385203382374787,15.046266968580955,15.37437181073257,15.706811664008724,16.03271680939158,16.432694160907847,17.032334373100795,,,,,12.426091485449897,15.204259962070871,11.406375281567735,"rgba(255, 26, 202, 1.0)",1.0173001364245393,11.406375281567735,-4.459229994317642,38.957828209759,-16.571116650164683,True,False,False,True,True,0.0,0.0,0.0,0.0,0.0,0,0.8603105716416901,1.0725571302637826,False,False,False,False,-0.1940620383101228,-0.23988898367057754,False,False,False,False,-8688469,-8900688.656422466,False,False,False,False,264067.98032614676,False,False,False,False
2023-11-03 00:00:00+00:00,6.49,7.3,6.35,7.18,947371,,,,,,,,,,,,,,,,,,,,6.713333333333334,6.71123534160037,8.6998348051477,9.565329900195264,10.551999809691711,11.37376878966998,12.300800530825976,13.362934944801378,15.067560438111254,15.318005747524907,15.711175069060744,16.245066135290795,16.817417520272038,,,,,,,,,,,,,,,,,,,6.525503645133191,7.531798920267476,9.200707996595986,9.79373754656852,10.791255460723441,11.469043218134866,12.126406499867322,13.176306208453381,13.530332359090869,14.25398359526744,14.91071661259538,15.236632585657123,15.568111740642077,15.894994247100147,16.296473248502778,16.896655818606764,,,,,12.300800530825976,15.067560438111254,10.882829497803742,"rgba(255, 26, 202, 1.0)",1.0030825103272156,10.882829497803742,-4.37933016733664,39.75210652070234,-15.950095146539944,True,False,False,True,True,0.0,0.0,0.0,0.0,0.0,0,0.835946285638685,1.0820268571806575,False,False,False,False,-0.17766314169540123,-0.20877606268298937,False,False,False,False,-9635840,-8929518.120876487,False,False,False,False,290864.1771761018,False,False,False,False
2023-11-06 00:00:00+00:00,6.91,7.02,6.48,6.48,727395,,,,,,,,,,,,,,,,,,,,6.752422704624606,6.721658319876414,8.650390039862936,9.502799449287469,10.478074577240731,11.29097603174632,12.209760074245633,13.268278979242279,14.966651677490908,15.215960034782102,15.608576890415431,16.143902112166693,16.71662115385956,,,,,,,,,,,,,,,,,,,6.573107532471734,7.493294372152437,9.143179253947984,9.728454501690425,10.71455988556365,11.385307677021515,12.036861958326188,13.081856949658052,13.435777383846291,14.157406033934356,14.810706700918574,15.134898962443067,15.46554010056848,15.792991628588217,16.19540431784453,16.79577803531113,,,,,12.209760074245633,14.966651677490908,10.820076205157427,"rgba(255, 26, 202, 1.0)",0.9859964914151129,10.820076205157427,-3.965608639789015,43.91128793926009,-12.099434916076518,True,False,False,True,True,0.0,0.0,0.0,0.0,0.0,0,0.8470988148517582,1.0937356450067592,False,False,False,False,-0.19659390596723925,-0.2026849843251143,False,False,False,False,-8908445,-8928691.72397937,False,False,False,False,307983.03297311737,False,False,False,False
2023-11-07 00:00:00+00:00,7.0,7.11,6.81,6.87,305828,,,,,,,,,,,,,,,,,,,,6.786534014543112,6.733089745891793,8.63220613479969,9.4789493671726,10.449254657476825,11.258340308931318,12.173552422890682,13.230317553170789,14.925825678384841,15.174634686471512,15.56696181688016,16.102775252478274,16.675561803951172,,,,,,,,,,,,,,,,,,,6.600002126587433,7.4819903000016765,9.12150595203759,9.703396288407314,10.68455119657238,11.352265605895376,12.001300785773978,13.04402994556625,13.397810257531802,14.118465735902541,14.77026837316777,15.093712900948736,15.42396031700855,15.751583749181128,16.154307943521506,16.75467567392239,,,,,12.173552422890682,14.925825678384841,10.797182822535287,"rgba(255, 26, 202, 1.0)",0.9701151227319305,10.797182822535287,-3.9141569217497434,47.351611245731604,-8.993091519783789,True,False,False,False,True,0.0,0.0,0.0,0.0,0.0,0,0.8561959917900986,1.08889702325703,False,False,False,False,-0.14389355983293542,-0.17328927207902486,False,False,False,False,-8602617,-8915904.479901748,False,False,False,False,307898.5218761324,False,False,False,False
2023-11-08 00:00:00+00:00,6.84,7.02,6.81,7.0,217110,,,,,,,,,,,,,,,,,,,,6.7967553637796545,6.737991273057899,8.618898177253163,9.461735049267402,10.428597500153105,11.235024988040092,12.147743652538335,13.203289868270412,14.896794079541612,15.14525251856682,15.53737739608953,16.073537642376323,16.64637425869037,,,,,,,,,,,,,,,,,,,6.613206516967197,7.472992636030029,9.105794071671518,9.685347511094022,10.663066459051414,11.328666833357339,11.975943839760548,13.017094581108202,13.370780582045716,14.090757471770383,14.741509069235764,15.064428471497862,15.394400078755705,15.722146307241651,16.125092071058305,16.72545808626767,,,,,12.147743652538335,14.896794079541612,10.779599476199692,"rgba(255, 26, 202, 1.0)",0.9528942729901037,10.779599476199692,-4.13435109000871,48.27546243685848,-8.201916677610662,True,False,False,False,True,0.0,0.0,0.0,0.0,0.0,0,0.8561916394153107,1.0971855587512969,False,False,False,False,-0.15511020832529765,-0.16419974020216127,False,False,False,False,-8819727,-8912132.814023249,False,False,False,False,304338.18768491154,False,False,False,False
2023-11-09 00:00:00+00:00,6.6,6.88,6.53,6.85,361713,,,,,,,,,,,,,,,,,,,,6.778841493980856,6.734627830935797,8.594407922959459,9.431147815014134,10.392602477812837,11.19478965337666,12.103524823456121,13.157217494794457,14.847573221651277,15.095468628436759,15.487291565869743,16.024079620061077,16.597043700331746,,,,,,,,,,,,,,,,,,,6.617211041222824,7.453161357243973,9.077552415885238,9.653459944530871,10.625751503586491,11.287978472780786,11.932449003740292,12.971146527380055,13.324731521046322,14.04366721960228,14.692728847879593,15.01480049564333,15.34434154560073,15.672323564661992,16.075674645164526,16.676082766020095,,,,,12.103524823456121,14.847573221651277,10.745728529444015,"rgba(255, 26, 202, 1.0)",0.9420491752825313,10.745728529444015,-4.400755967118877,47.034713294151175,-8.201916677610662,True,False,False,False,True,0.0,0.0,0.0,0.0,0.0,0,0.8328864016167271,1.1029886129571336,False,False,False,False,-0.20655786423939002,-0.18537880222077563,False,False,False,False,-9181440,-8922693.880139984,False,False,False,False,306588.18032471894,False,False,False,False
2023-11-10 00:00:00+00:00,6.61,6.66,6.53,6.61,163146,,,,,,,,,,,,,,,,,,,,6.768124653130157,6.7316895427547125,8.583167674975975,9.417225867562893,10.376290959486926,11.176596023706766,12.083559314202505,13.136427164092487,14.825376611386849,15.07302015903086,15.464707796923053,16.001776392817238,16.574797302990916,,,,,,,,,,,,,,,,,,,6.616680553668919,7.443762571991138,9.064663407205785,9.638964818609052,10.608854527140265,11.269583506431912,11.912805845887434,12.95041141825564,13.303951854172892,14.022422999534722,14.670729281530086,14.99242178584428,15.321770093815125,15.64985733928301,16.053389563745878,16.65381629849557,,,,,12.083559314202505,14.825376611386849,10.730064429786353,"rgba(255, 26, 202, 1.0)",0.9364663887717227,10.730064429786353,-4.399586017379934,46.301204794197,-8.201916677610662,True,False,False,False,True,0.0,0.0,0.0,0.0,0.0,0,0.839095796868255,1.1196970291589814,False,False,False,False,-0.23501774996798894,-0.2101982760943823,False,False,False,False,-9018294,-8926442.90444822,False,False,False,False,300962.9967825731,False,False,False,False
2023-11-13 00:00:00+00:00,6.49,6.62,6.48,6.59,165859,,,,,,,,,,,,,,,,,,,,6.754451056666928,6.727311553731642,8.571470857874278,9.402863861551314,10.35954665775253,11.157966295635998,12.063152523203069,13.115200905530815,14.80274202459119,15.05013213309654,15.441685457348488,15.979042219605997,16.552124224412868,,,,,,,,,,,,,,,,,,,6.6140469370293875,7.43364212646616,9.051328539333948,9.624032842140174,10.59152392457008,11.25075190825916,11.892722662875551,12.929238552471988,13.282738654249547,14.000746932769792,14.648293227514705,14.96960387411101,15.298759218537562,15.62695550523913,16.030674125553798,16.631123300113515,,,,,12.063152523203069,14.80274202459119,10.713688602210913,"rgba(255, 26, 202, 1.0)",0.9333466279629382,10.713688602210913,-4.525316185508981,44.87521941564859,-8.201916677610662,True,False,False,True,False,0.0,0.0,0.0,0.0,0.0,0,0.8308041393964039,1.120666815314193,False,False,False,False,-0.24460748030302942,-0.22740287819870586,False,False,False,False,-9184153,-8936549.182705155,False,False,False,False,295664.80083031533,False,False,False,False
2023-11-14 00:00:00+00:00,6.96,6.99,6.66,6.69,424842,,,,,,,,,,,,,,,,,,,,6.769267275411799,6.734827243732043,8.546999136348875,9.370997244639995,10.321063889198001,11.11437758589213,12.014729240534162,13.064222994261456,14.747683648082214,14.994378208880587,15.385481523412173,15.923381737624831,16.496466605047395,,,,,,,,,,,,,,,,,,,6.6325281873784085,7.418092898058472,9.022324098833014,9.590563379534355,10.551457221547512,11.206616573348526,11.845175930538918,12.878484568492926,13.231708573925355,13.948293350752762,14.593767588552776,14.914046183428297,15.242627673477294,15.570987584913617,15.975045275702104,16.575398387616676,,,,,12.014729240534162,14.747683648082214,10.680159031453183,"rgba(255, 26, 202, 1.0)",0.9219925543474492,10.680159031453183,-4.0349122277740825,48.034549311202454,-8.201916677610662,True,False,False,False,False,0.0,0.0,0.0,0.0,0.0,0,0.8401320625749625,1.0870529668940792,False,False,False,False,-0.15547226447077628,-0.19143757133474107,False,False,False,False,-8759311,-8929598.665736327,False,False,False,False,300730.57334677357,False,False,False,False
2023-11-15 00:00:00+00:00,7.09,7.181,6.98,7.0,321832,,,,,,,,,,,,,,,,,,,,6.7971025196216734,6.748212154103267,8.531227433346425,9.349403135779285,10.294242454495352,11.08357589445114,11.980142586328931,13.027469234037799,14.70759874221773,14.953743619088968,15.344449449285086,15.88265227925678,16.455654642622722,,,,,,,,,,,,,,,,,,,6.6559248804146955,7.411247083833512,9.002991348672625,9.567694866553785,10.52340354445872,11.17538846732649,11.811273982633455,12.841946412430984,13.19486929050566,13.910252914538807,14.55409743539828,14.873568637148212,15.201673840083316,15.530093468521736,15.93433066562703,16.53452668716906,,,,,11.980142586328931,14.70759874221773,10.65840321905743,"rgba(255, 26, 202, 1.0)",0.9128798111205094,10.65840321905743,-3.9089518418393028,51.065478474237494,-5.258810757794144,True,False,False,False,True,0.0,0.0,0.0,0.0,0.0,0,0.8760020202281823,1.0595060801098175,False,False,False,False,-0.08210255332345373,-0.13677006232909739,False,False,False,False,-8437479,-8910299.855315294,False,False,False,False,301558.08027435106,False,False,False,False
2023-11-16 00:00:00+00:00,6.96,7.06,6.77,7.04,140225,,,,,,,,,,,,,,,,,,,,6.802038669206318,6.751201322856922,8.523743151445519,9.339491894589466,10.282141917702413,11.069792135367623,11.964755985410667,13.011185848961638,14.689914860939455,14.935825901081357,15.326367797317099,15.864715382223105,16.437693248776714,,,,,,,,,,,,,,,,,,,6.66198116324135,7.4069927382353145,8.994023188406823,9.557252485887249,10.510782042304454,11.161424128762752,11.796177901361082,12.825749133778277,13.178555674968534,13.893439782907866,14.536590731816581,14.855717487991315,15.183622869972929,15.512076620421038,15.916401370626387,16.51654065379359,,,,,11.964755985410667,14.689914860939455,10.647861737907515,"rgba(255, 26, 202, 1.0)",0.9065779037111851,10.647861737907515,-4.067892811870676,51.89285798944644,-4.378014258102532,True,False,True,False,True,0.0,0.0,0.0,0.0,0.0,0,0.8753535953706454,1.0497293945930588,False,False,False,False,-0.128863047011599,-0.1328165546703482,False,False,False,False,-8577704,-8897256.880597048,False,False,False,False,295231.2928126118,False,False,False,False
2023-11-17 00:00:00+00:00,6.96,7.05,6.92,7.03,244902,,,,,,,,,,,,,,,,,,,,6.812676573082306,6.757495456768935,8.511216213861035,9.322706863969604,10.261507200383539,11.04620595300933,11.938354076250889,12.983171290972695,14.65940676651616,14.904905206179324,15.295148483388024,15.833723218401484,16.406638894671453,,,,,,,,,,,,,,,,,,,6.673674405707766,7.4004497646014,8.978895019623819,9.539532323744835,10.4892345535077,11.137521132544359,11.77028614689164,12.797894781351246,13.150478173558403,13.864464696387248,14.506393852383843,14.824914692748271,15.152462395573702,15.480960832483074,15.885420357721136,16.485441335700408,,,,,11.938354076250889,14.65940676651616,10.630078262255838,"rgba(255, 26, 202, 1.0)",0.898063321671476,10.630078262255838,-4.086658672826195,52.44444433291907,-3.6611074193744173,True,False,True,False,True,0.0,0.0,0.0,0.0,0.0,0,0.8936018373146141,1.0454138499266892,False,False,False,False,-0.10902846854225545,-0.12092251160630182,False,False,False,False,-8577704,-8884725.395083439,False,False,False,False,293257.59505525447,False,False,False,False
2023-11-20 00:00:00+00:00,7.11,7.13,6.92,6.95,328287,,,,,,,,,,,,,,,,,,,,6.830844746974635,6.768166729022144,8.4955620947459,9.301300551247026,10.23488372337765,11.015599878201442,11.90393823690039,12.946497903664918,14.619292107985615,14.864228645721518,15.254046253253517,15.792872906264822,16.36566530244131,,,,,,,,,,,,,,,,,,,6.691688081386022,7.393516282376794,8.959731351730813,9.516856276678656,10.461380850865174,11.106487222498204,11.73656013206203,12.761456322781351,13.113699615796252,13.826430880913927,14.466700162208577,14.78439958710196,15.11144983916366,15.439977620300494,15.84458063055131,16.444403479413623,,,,,11.90393823690039,14.619292107985615,10.607529657570877,"rgba(255, 26, 202, 1.0)",0.8791689769844984,10.607529657570877,-3.9782223316923817,54.05783400729844,-1.8977623252577445,True,False,True,False,True,0.0,0.0,0.0,0.0,0.0,0,0.8877864398771556,1.0613565372601517,False,False,False,False,-0.09773365429117137,-0.1093280829487366,False,False,False,False,-8249417,-8859811.340374285,False,False,False,False,294631.2972099504,False,False,False,False
2023-11-21 00:00:00+00:00,6.95,7.08,6.92,7.07,182414,,,,,,,,,,,,,,,,,,,,6.836983903798283,6.772394614442741,8.486593084727192,9.289214697857904,10.21995908410402,10.998498540594555,11.884750748747019,12.926075841491024,14.596980041888234,14.841607257297998,15.231190888845239,15.770157631086812,16.34288296125753,,,,,,,,,,,,,,,,,,,6.699179544665119,7.389013668841315,8.9488619646323,9.504081146199368,10.445784235194767,11.089151776635005,11.717750750268383,12.7411623830766,13.093220751309305,13.805263730093124,14.444619859285744,14.76186706536691,15.088643653817485,15.417188305209638,15.82187129614132,16.42158577384895,,,,,11.884750748747019,14.596980041888234,10.594477018392599,"rgba(255, 26, 202, 1.0)",0.8627193545334243,10.594477018392599,-4.2244062327355625,53.486479350073935,-1.8977623252577445,True,False,True,False,True,0.0,0.0,0.0,0.0,0.0,0,0.8708515189848265,1.0748332659995101,False,False,False,False,-0.10431095056850367,-0.10681951675862014,False,False,False,False,-8431831,-8843027.79761451,False,False,False,False,290230.6188879916,False,False,False,False
2023-11-22 00:00:00+00:00,6.94,7.05,6.91,7.03,160620,,,,,,,,,,,,,,,,,,,,6.841423731149773,6.775698692800007,8.478696689364423,9.27860050709337,10.2068634601068,10.983498034806225,11.86792213184244,12.908159068140282,14.577398625862562,14.821753799360106,15.211130051713967,15.750215284677695,16.322878399002658,,,,,,,,,,,,,,,,,,,6.705095742209052,7.384970513913575,8.939309387892296,9.492864852399531,10.432100836930223,11.073946259534852,11.701253577113691,12.723359346497498,13.075252674468572,13.786688385209807,14.42524202090669,14.742091840369255,15.068626870406352,15.397183751010008,15.801933796696433,16.401549835305605,,,,,11.86792213184244,14.577398625862562,10.582917226912084,"rgba(255, 26, 202, 1.0)",0.8523593540698404,10.582917226912084,-4.273921802486127,53.00272444586539,-1.8977623252577445,True,False,True,False,True,0.0,0.0,0.0,0.0,0.0,0,0.8666568881717992,1.0740054270646513,False,False,False,False,-0.10514197623977602,-0.10598074649919809,False,False,False,False,-8592451,-8833201.256531589,False,False,False,False,285147.849519835,False,False,False,False
2023-11-24 00:00:00+00:00,6.97,6.98,6.8,6.92,123697,,,,,,,,,,,,,,,,,,,,6.843356619949033,6.777521197367776,8.472471950904383,9.27031682087168,10.196695349005296,10.971878824442873,11.854908922649013,12.894318727710559,14.562288291779465,14.806435424469772,15.195653723049734,15.734831645033934,16.30744851247574,,,,,,,,,,,,,,,,,,,6.708639141841971,7.381543245025961,8.93183038031289,9.484124662767442,10.421485105249701,11.062170769401634,11.688493273264683,12.709605047060137,13.061374061118972,13.772347366640698,14.410287453858986,14.726833264824505,15.053183907449734,15.381751253807575,15.78655403037019,16.386096037425027,,,,,11.854908922649013,14.562288291779465,10.573782860561156,"rgba(255, 26, 202, 1.0)",0.8399967395915376,10.573782860561156,-4.290234343425613,52.98530291847982,-1.8977623252577445,True,False,True,False,True,0.0,0.0,0.0,0.0,0.0,1,0.8616208411046266,1.0748718154409749,False,False,False,False,-0.12396445850857085,-0.11497260250388447,False,False,False,False,-8468754,-8818909.20725584,False,False,False,False,278816.44365631207,False,False,False,False
2023-11-27 00:00:00+00:00,6.92,6.9725,6.84,6.86,167712,,,,,,,,,,,,,,,,,,,,6.845627693859446,6.779817748392958,8.464079727103723,9.2591503072585,10.182984739241936,10.956208275827274,11.83735337823679,12.875637178120218,14.541880645567856,14.785745603720647,15.174747747814365,15.7140456871112,16.286595944017556,,,,,,,,,,,,,,,,,,,6.7131285217869205,7.376918469299507,8.921748916209985,9.47234202867391,10.407170176165252,11.046289028630357,11.671279771738488,12.691041622691511,13.042638857853241,13.75298228271389,14.390090784553408,14.706224643426912,15.0323241474494,15.360902547530896,15.765772868794768,16.365210716795016,,,,,11.83735337823679,14.541880645567856,10.561418507696256,"rgba(255, 26, 202, 1.0)",0.827287590115222,10.561418507696256,-4.401635599524817,52.377104447262674,-1.8977623252577445,True,False,True,False,True,0.0,0.0,0.0,0.0,0.0,1,0.8728876925377597,1.0766412442051743,False,False,False,False,-0.09197476675630556,-0.10347368463009501,False,False,False,False,-8636466,-8811754.57167718,False,False,False,False,274459.4066501822,False,False,False,False
2023-11-28 00:00:00+00:00,7.28,7.4,6.865,6.95,427575,,,,,,,,,,,,,,,,,,,,6.872183672092632,6.7967241230981905,8.446747161880047,9.23438305805278,10.151393107372252,10.919437131866975,11.795585032747177,12.830671743732529,14.492170576022918,14.735282433480537,15.123654358826478,15.663109954582822,16.23537321716396,,,,,,,,,,,,,,,,,,,6.738229899162732,7.372147176755713,8.899897101819251,9.44591034882561,10.373984116778258,11.008959719648388,11.630415847060979,12.646440841295924,12.997473727564156,13.706037618234364,14.34093586821155,14.655980678949996,14.981380930122567,15.30989987202214,15.714836877027142,16.313892131130878,,,,,11.795585032747177,14.492170576022918,10.53498639361112,"rgba(255, 26, 202, 1.0)",0.8133224707601157,10.53498639361112,-4.002085901510962,55.40943402490099,0.724280160935642,True,False,True,False,True,0.0,0.0,0.0,0.0,0.0,1,0.8956123627185092,1.025509519078435,False,False,False,False,-0.016184690983479,-0.059829187806787004,False,False,False,False,-8208891,-8788112.862983957,False,False,False,False,280463.93972272414,False,False,False,False
2023-11-29 00:00:00+00:00,7.28,7.495,7.21,7.27,209279,,,,,,,,,,,,,,,,,,,,6.889170473410684,6.807450210216104,8.439397163092972,9.223325456981428,10.136923334005377,10.902395219055682,11.776054485033525,12.809485751649616,14.468566897256537,14.711301160262185,15.09934121115249,15.638827498435646,16.210914220612903,,,,,,,,,,,,,,,,,,,6.753308212508835,7.371629329031358,8.890296425217139,9.4340179928402,10.358723570770106,10.991640450361794,11.611335214417043,12.625451772666725,12.97617129584583,13.68381497426602,14.317608158892964,14.63211005657257,14.957151068953117,15.285613746469512,15.690550402932084,16.28938251140744,,,,,11.776054485033525,14.468566897256537,10.523338319375998,"rgba(255, 26, 202, 1.0)",0.7996603558302645,10.523338319375998,-4.055894850518796,57.430987076659875,2.7824688655937067,True,False,True,False,True,0.0,0.0,0.0,0.0,0.0,1,0.911111111111111,1.0183057644110274,False,False,False,False,0.0601872006769886,0.00017900643510079806,False,False,False,False,-8208891,-8765398.28012184,False,False,False,False,277672.3734590879,False,False,False,False
2023-11-30 00:00:00+00:00,7.35,7.41,7.12,7.21,322472,,,,,,,,,,,,,,,,,,,,6.911103338859273,6.8221006475661925,8.427908110346255,9.206225947924972,10.114641112800959,10.87619608647431,11.746058285828434,12.776951927981827,14.43232281670497,14.674477840059067,15.062005849964425,15.601530677826034,16.1733404385722,,,,,,,,,,,,,,,,,,,6.773764828786159,7.3702289086254185,8.875404114041809,9.415652367717854,10.335237956708001,10.96501851491301,11.582025923506619,12.593221120796496,12.943457096910759,13.649687371087415,14.28178694351011,14.595456619699794,14.919944938791705,15.248316589620979,15.653246723395922,16.251730502282204,,,,,11.746058285828434,14.43232281670497,10.504949671054542,"rgba(255, 26, 202, 1.0)",0.7906920677152699,10.504949671054542,-3.9901117007166524,59.386524553136,4.7296118171841925,True,False,True,False,True,0.0,0.0,0.0,0.0,0.0,0,0.9073487752041326,1.0239960006665556,False,False,False,False,0.0717398177386338,0.0359594120868673,False,False,False,False,-7886419,-8730928.50443079,False,False,False,False,279429.2215587316,False,False,False,False
2023-12-01 00:00:00+00:00,7.65,7.72,7.31,7.35,191555,,,,,,,,,,,,,,,,,,,,6.9313678911645376,6.835084619582524,8.422770370372774,9.197607295816827,10.102805082858215,10.861957543521585,11.729485008307403,12.758738223676405,14.411763678725706,14.653560629630721,15.040751975594313,15.580239065548016,16.15183613801153,,,,,,,,,,,,,,,,,,,6.7910673589259005,7.37222398933033,8.868157606055341,9.406243368160746,10.322664756856728,10.950520634073559,11.565874111070919,12.575213340017795,12.925110683114326,13.630430170865557,14.261486223918478,14.574645366674,14.898781085235674,15.227062842046857,15.631945918401511,16.23017462708589,,,,,11.729485008307403,14.411763678725706,10.496028597820782,"rgba(255, 26, 202, 1.0)",0.7838528083939801,10.496028597820782,-3.630820183768878,62.922084947719654,8.094071334825074,True,False,True,False,True,0.0,0.0,0.0,0.0,0.0,0,0.9346210995542347,0.9907544989268614,False,False,False,False,0.23845799740174184,0.13720870474430458,False,False,False,False,-7694864,-8690298.523864876,False,False,False,False,275983.1736544676,False,False,False,False
2023-12-04 00:00:00+00:00,7.61,7.64,7.485,7.59,239588,,,,,,,,,,,,,,,,,,,,6.955688445547778,6.85108984707263,8.416564059583559,9.187072958110333,10.088260247709403,10.844417756189419,11.709030077549913,12.736215318031032,14.38629011483307,14.627638027940863,15.014402274807189,15.553827205864415,16.125147308355686,,,,,,,,,,,,,,,,,,,6.812156445218351,7.3748990043429465,8.85933108590782,9.394724026337556,10.307201544363283,10.93265733670927,11.545945493207293,12.552952293600702,12.902416928015889,13.606587151700788,14.236335978762993,14.548855871238539,14.872546740719914,15.200707655051767,15.605521329451193,16.203420273675135,,,,,11.709030077549913,14.38629011483307,10.4849918056397,"rgba(255, 26, 202, 1.0)",0.7773480443044081,10.4849918056397,-3.698461489296367,64.67113849561403,9.712661856209508,True,False,True,False,True,0.0,0.0,0.0,0.0,0.0,0,0.9591294234922745,0.9807276956305033,False,False,False,False,0.2740864281444373,0.20564756644437093,False,False,False,False,-7934452,-8660657.483713312,False,False,False,False,274555.9119425277,False,False,False,False
2023-12-05 00:00:00+00:00,7.27,7.62,7.26,7.54,201951,,,,,,,,,,,,,,,,,,,,6.968822805033266,6.860578545629665,8.410202518827358,9.177235867013746,10.075187383705067,10.828904141548147,11.691137770732507,12.716670093423975,14.364354448322278,14.605334339961608,14.991757305848292,15.531158423457912,16.1022694337065,,,,,,,,,,,,,,,,,,,6.8247686411166075,7.374990275746634,8.850866071229747,9.384096079173716,10.293380396157895,10.916879709851639,11.528483522362599,12.533612210036296,12.882742087950248,13.585989673830909,14.21466656099941,14.52666086944759,14.849991897618246,15.178068557415136,15.582844287562311,16.180490002671707,,,,,11.691137770732507,14.364354448322278,10.474178440134583,"rgba(255, 26, 202, 1.0)",0.7695687806232893,10.474178440134583,-4.1636024236059255,61.38533757600874,9.712661856209508,True,False,True,False,False,0.0,0.0,0.0,0.0,0.0,0,0.9495495495495494,0.9701883701883701,False,False,False,False,0.21736370651470105,0.211505636479536,False,False,False,False,-8136403,-8640098.484352006,False,False,False,False,271708.6604938011,False,False,False,False
2023-12-06 00:00:00+00:00,7.29,7.44,7.25,7.25,117967,,,,,,,,,,,,,,,,,,,,6.975129636424665,6.865382286486033,8.40631955202121,9.171359196210714,10.067449816915104,10.819758265568964,11.6806179495038,12.705198301756173,14.351500989755301,14.592267636296025,14.978493565350437,15.517883170133938,16.08887444998004,,,,,,,,,,,,,,,,,,,6.831159867877911,7.374686731877813,8.845776914337895,9.377765345663985,10.285211206679227,10.907581388738066,11.518212443805808,12.522258198266773,12.87119630271643,13.573911546950352,14.201967471792152,14.513657110433698,14.836780017533988,15.164809096039555,15.56956442928785,16.167064743760292,,,,,11.6806179495038,14.351500989755301,10.467622170667418,"rgba(255, 26, 202, 1.0)",0.7647426229007961,10.467622170667418,-4.155152433656919,59.38335513066623,14.748729186743617,True,False,True,False,False,0.0,0.0,0.0,0.0,0.0,0,0.9609900016390753,0.9737747910178658,False,False,False,False,0.17432132774612194,0.19291348211282897,False,False,False,False,-8018436,-8615719.563397026,False,False,False,False,265679.575768554,False,False,False,False
2023-12-07 00:00:00+00:00,7.36,7.47,7.29,7.29,194521,,,,,,,,,,,,,,,,,,,,6.986375360071871,6.873870584099257,8.40025132092567,9.161993076066807,10.055001335808068,10.804981193488317,11.663566410512862,12.686551437367966,14.33054870382404,14.57096126444537,14.956855141662885,15.496210770864645,16.066993114091943,,,,,,,,,,,,,,,,,,,6.8423102084356895,7.374672857338809,8.8377145178705,9.367646559546559,10.272049416399433,10.892552164948077,11.501572580711064,12.503811014863366,12.852421749553907,13.554244882354077,14.181270778813262,14.492455484447225,14.815230160673424,15.143172116197226,15.547883184259556,16.14513232912358,,,,,11.663566410512862,14.33054870382404,10.45717030764998,"rgba(255, 26, 202, 1.0)",0.7583524816919888,10.45717030764998,-4.0840775001352485,58.73257644510614,14.128294453709202,True,False,True,False,False,0.0,0.0,0.0,0.0,0.0,0,0.9621523778180021,0.97794964620701,False,False,False,False,0.19009661204597306,0.19150504707940103,False,False,False,False,-7823915,-8584668.404048122,False,False,False,False,262889.0433854735,False,False,False,False
2023-12-08 00:00:00+00:00,7.52,7.53,7.2602,7.37,248321,,,,,,,,,,,,,,,,,,,,7.002046673146322,6.885627163110478,8.393079496338329,9.15059617422759,10.039647854778542,10.786645390697169,11.642312795446955,12.663217754802433,14.304225717744384,14.544182094874758,14.929639754601146,15.468925958097008,16.039421599912075,,,,,,,,,,,,,,,,,,,6.857517001188251,7.375474550493816,8.827989741562982,9.355282616360578,10.255783014633762,10.873893257180391,11.48084692967952,12.480741617101007,12.828915291628423,13.529575096739702,14.15527581990766,14.46581165767978,14.788133114518335,15.115948818907501,15.520584902738415,16.117493606403052,,,,,11.642312795446955,14.304225717744384,10.444434697838414,"rgba(255, 26, 202, 1.0)",0.7491396386523087,10.444434697838414,-3.903724415249779,59.76913698528807,14.128294453709202,True,False,True,False,False,0.0,0.0,0.0,0.0,0.0,0,0.9588468150411991,0.9779348320083252,False,False,False,False,0.1969310486584876,0.1942180478689443,False,False,False,False,-7575594,-8545096.858791333,False,False,False,False,262317.7475664353,False,False,False,False
2023-12-11 00:00:00+00:00,7.61,7.63,7.42,7.54,197501,,,,,,,,,,,,,,,,,,,,7.016893192510957,6.896538155806886,8.388137410957048,9.14224805279265,10.02810578007337,10.772706664753263,11.626025269357712,12.6452177171488,14.283785965437596,14.523373571602825,14.908469007768133,15.447669760676611,16.017913698758388,,,,,,,,,,,,,,,,,,,6.871392370757763,7.377283327248688,8.820991237216088,9.346152285232627,10.24350787834281,10.859694791003975,11.46498409747627,12.462963599459739,12.810765857858602,13.510468476115825,14.135099809896284,14.445112991269834,14.767062860984124,15.094760505664961,15.499315449934972,16.095929801589666,,,,,11.626025269357712,14.283785965437596,10.435148096972346,"rgba(255, 26, 202, 1.0)",0.7374226360412727,10.435148096972346,-3.8311111686761756,61.226574727903966,14.128294453709202,True,False,True,False,False,0.0,0.0,0.0,0.0,0.0,0,0.9632627934839446,0.9774943239361101,False,False,False,False,0.25655482186050754,0.22538643486472593,False,False,False,False,-7378093,-8499332.00158383,False,False,False,False,259775.9143285359,False,False,False,False
2023-12-12 00:00:00+00:00,7.46,7.58,7.36,7.58,204376,,,,,,,,,,,,,,,,,,,,7.029087698225764,6.906018623922217,8.382559552394088,9.133234500947228,10.015859867292761,10.758023791123525,11.608951056024967,12.626409355066487,14.26249392067447,14.50170459538006,14.886432234216041,15.425553329099406,15.995544882795672,,,,,,,,,,,,,,,,,,,6.88342767538781,7.3782141785328355,8.813339942320681,9.33634898323618,10.230516841950294,10.844747559863151,11.448342709292772,12.444378916062837,12.791808209736656,13.490539174038316,14.114077681872473,14.423556191603657,14.745127570288107,15.072708724006961,15.477186079440843,16.07350416370251,,,,,11.608951056024967,14.26249392067447,10.424919011898275,"rgba(255, 26, 202, 1.0)",0.718049710945771,10.424919011898275,-4.129127784193473,60.07130634976325,14.128294453709202,True,False,True,False,False,0.0,0.0,0.0,0.0,0.0,0,0.9697318440957138,0.9687339928021659,False,False,False,False,0.2311150695321697,0.22825075219844781,False,False,False,False,-7582469,-8463376.589757012,False,False,False,False,257603.36866859332,False,False,False,False
2023-12-13 00:00:00+00:00,8.13,8.13,7.42,7.55,427039,,,,,,,,,,,,,,,,,,,,7.07542317228656,6.939171167810865,8.376449080034456,9.11945286137397,9.99486655198571,10.731684341020847,11.577352021933404,12.590760921312688,14.221197607919901,14.459574659523375,14.843429276947342,15.382191179017713,15.951500809424346,,,,,,,,,,,,,,,,,,,6.92436208151387,7.3891845193575625,8.802606373574722,9.32079167480646,10.207891327400565,10.817828379922137,11.417692734954407,12.409280026445073,12.755766841678255,13.452238292569549,14.07336951581028,14.381677120448293,14.702379072277326,15.029602841144238,15.43378055275997,16.029324823757094,,,,,11.577352021933404,14.221197607919901,10.409868474685563,"rgba(255, 26, 202, 1.0)",0.7058262553239443,10.409868474685563,-3.2300703714105956,63.92357102791836,14.128294453709202,True,False,True,False,True,0.0,0.0,0.0,0.0,0.0,0,0.9867505154372652,0.9182409855031248,False,False,False,False,0.3428282076123888,0.2855394799054183,False,False,False,False,-7155430,-8412084.566629287,False,False,False,False,264247.90323060926,False,False,False,False
2023-12-14 00:00:00+00:00,8.13,8.49,7.99,8.28,413853,,,,,,,,,,,,,,,,,,,,7.131132891066356,6.9790126072860295,8.374378677053832,9.109689679781285,9.977857178847506,10.70935415985374,11.549771394538487,12.55896825056757,14.183619955515285,14.42115854461648,14.80409228977346,15.342361621356124,15.910895808852642,,,,,,,,,,,,,,,,,,,6.972702890201566,7.405648034866477,8.795906391125659,9.30923695893228,10.18925984573338,10.794920962711418,11.391057978308632,12.37807743817616,12.72353561599054,13.417659149762722,14.036377075196667,14.34351532058657,14.663319569654979,14.99011238399514,15.393896743810172,15.988576700497669,,,,,11.549771394538487,14.183619955515285,10.39940835677578,"rgba(255, 26, 202, 1.0)",0.6896621969833249,10.39940835677578,-3.2906086004169524,66.49174748002177,11.026458093711106,True,False,True,False,True,0.0,0.0,0.0,0.0,0.0,0,1.0271699174673798,0.8961150214482523,False,False,False,False,0.34282821824164206,0.31418384907353014,False,False,False,False,-7155430,-8362803.995388922,False,False,False,False,270114.76977058535,False,False,False,False
2023-12-15 00:00:00+00:00,8.18,8.21,8.03,8.16,589671,,,,,,,,,,,,,,,,,,,,7.197464115304818,7.028906402455711,8.370451668656127,9.095185584371523,9.953326859635691,10.677423238132812,11.510514448365386,12.513809638054106,14.130323151184433,14.366680663895389,14.74831197774013,15.285871953465673,15.853300852351826,,,,,,,,,,,,,,,,,,,7.032353901744364,7.42621406328684,8.785621712763918,9.292260686515128,10.162475825199014,10.76218573139259,11.35312252762413,12.333747937215117,12.677759562026917,13.368580458703063,13.983903709587372,14.289395930050532,14.607932769652866,14.934110198046657,15.33732930667614,15.930778705857442,,,,,11.510514448365386,14.130323151184433,10.382781561110953,"rgba(255, 26, 202, 1.0)",0.6737396508437357,10.382781561110953,-3.2694848200671762,68.4761583943868,12.896469280400432,True,False,True,False,True,0.0,0.0,0.0,0.0,0.0,0,1.0144024887500558,0.9209463395274702,False,False,False,False,0.3000065985024284,0.30709522378797927,False,False,False,False,-6565759,-8292331.642628573,False,False,False,False,282646.3866423271,False,False,False,False
2023-12-18 00:00:00+00:00,8.24,8.38,8.09,8.3,358759,,,,,,,,,,,,,,,,,,,,7.237434956865169,7.059680369049549,8.369101650868972,9.087443346918802,9.939498955743597,10.659107111919065,11.48774191712807,12.48738100726174,14.098870448517822,14.334503387934783,14.715319292330848,15.252393928339913,15.819109557229034,,,,,,,,,,,,,,,,,,,7.068667717810411,7.439791859998209,8.780434247539084,9.283017743792092,10.14728276680314,10.7433812336818,11.33115393333863,12.307839777899883,12.650937647940388,13.339708662040113,13.952953703780793,14.257439349403928,14.575189749830244,14.90096240801635,15.30379947129089,15.896459917517733,,,,,11.48774191712807,14.098870448517822,10.373571452944867,"rgba(255, 26, 202, 1.0)",0.6610350060936274,10.373571452944867,-3.2276224909073474,70.1353964837635,14.492984637942783,True,False,True,False,True,0.0,0.0,0.0,0.0,0.0,0,1.012394881867241,0.9151427318319633,False,False,False,False,0.3410206076035475,0.32405791569576337,False,False,False,False,-6207000,-8210553.931152943,False,False,False,False,285631.1950092947,False,False,False,False
2023-12-19 00:00:00+00:00,8.38,8.45,8.2,8.2,180728,,,,,,,,,,,,,,,,,,,,7.258455624779509,7.075948360377928,8.368971322590053,9.084078170102615,9.933048151306572,10.650385650955753,11.476762095449597,12.474521671716916,14.0834386817392,14.318702728766706,14.699096810580668,15.23590381933307,15.80224207018906,,,,,,,,,,,,,,,,,,,7.087740068128616,7.447353613184699,8.778363342091305,9.27889100914082,10.140141810345309,10.734412570956504,11.320581402801006,12.29525074183845,12.63787175666234,13.325588390368955,13.937776870695158,14.241751361666111,14.559097744413592,14.884653174872502,15.287281312438845,15.879526364500899,,,,,11.476762095449597,14.0834386817392,10.369479065261567,"rgba(255, 26, 202, 1.0)",0.6483138212414838,10.369479065261567,-3.068697596870336,72.00168197066355,16.31692254398901,True,False,True,False,True,0.0,0.0,0.0,0.0,0.0,0,1.0189621592435703,0.9260797182030299,False,False,False,False,0.3428282196835032,0.3334430676896333,False,False,False,False,-6026272,-8124895.816205769,False,False,False,False,281517.3442246165,False,False,False,False
2023-12-20 00:00:00+00:00,8.38,8.52,8.34,8.42,217651,,,,,,,,,,,,,,,,,,,,7.284300421293555,7.096053157023438,8.369239895239978,9.080444843842368,9.925687358151423,10.640285237054128,11.463933567131258,12.459401309851225,14.065188967156248,14.300005869455177,14.679883322429895,15.21634956514236,15.782218978621678,,,,,,,,,,,,,,,,,,,7.111203814368946,7.45699240000887,8.77629238352601,9.274337304048025,10.131948753769377,10.724013778841854,11.308244818110733,12.280462136770236,12.622496082062396,13.308926336774732,13.919835372119026,14.22319132297816,14.5400450937461,14.865328333400447,15.2676917224642,15.859422258223619,,,,,11.463933567131258,14.065188967156248,10.364964396857191,"rgba(255, 26, 202, 1.0)",0.6404073309632503,10.364964396857191,-3.099534157223908,73.2458722952636,17.585932283353742,True,False,True,False,True,0.0,0.0,0.0,0.0,0.0,0,1.0150232441180451,0.9216599072814374,False,False,False,False,0.3428282213133796,0.33813564450150646,False,False,False,False,-6026272,-8042596.843021229,False,False,False,False,279012.78170600405,False,False,False,False
2023-12-21 00:00:00+00:00,8.47,8.61,8.165,8.44,147994,,,,,,,,,,,,,,,,,,,,7.3012480537189814,7.109398730810438,8.369427496990077,9.078002842538282,9.920728375463334,10.63347439369884,11.455276603546501,12.44918841937521,14.052850479125398,14.287363805415533,14.666889321177736,15.203120589534077,15.768669008087473,,,,,,,,,,,,,,,,,,,7.126709264885231,7.463448497906343,8.774903988840482,9.271274175821,10.126427423701179,10.717001133036671,11.299920854012608,12.27047497119881,12.61210911829229,13.297665050649211,13.907705953987076,14.210642205286996,14.527160886098658,14.852257376277777,15.254438454092638,15.845817038271827,,,,,11.455276603546501,14.052850479125398,10.361861791379898,"rgba(255, 26, 202, 1.0)",0.6404073309632503,10.361861791379898,-2.9541538641263014,74.58195824245384,18.98513399552887,True,False,True,False,True,0.0,0.0,0.0,0.0,0.0,0,1.0069782342529798,0.9115667404667802,False,False,False,False,0.3288239612285045,0.33347980286500545,False,False,False,False,-5878278,-7957721.5942752985,False,False,False,False,273874.79026655294,False,False,False,False
2023-12-22 00:00:00+00:00,8.33,8.54,8.27,8.48,140989,,,,,,,,,,,,,,,,,,,,7.3164348795970096,7.121529659905275,8.36946862862053,9.075571106213792,9.915925191919932,10.626922837281327,11.446980583796453,12.43942279893978,14.041073365198706,14.27529906314978,14.654491380159724,15.190500823869765,15.755745458478088,,,,,,,,,,,,,,,,,,,7.140749516854069,7.4692953195117235,8.773463533672347,9.26825782621327,10.121093465786242,10.710258947718721,11.291939648279373,12.26092247408274,12.602179268312915,13.286908336396271,13.896126955243417,14.198665515717801,14.51486684423393,14.839786847238456,15.241795728718005,15.832841136357978,,,,,11.446980583796453,14.041073365198706,10.358726217177196,"rgba(255, 26, 202, 1.0)",0.6412086841103299,10.358726217177196,-3.1639094532726606,72.97994057068061,18.98513399552887,True,False,True,False,True,0.0,0.0,0.0,0.0,0.0,0,1.0431165833511635,0.912145909111539,False,False,False,False,0.3345750685679684,0.33402743571648696,False,False,False,False,-6019267,-7881703.767048816,False,False,False,False,268663.5828051195,False,False,False,False
2023-12-26 00:00:00+00:00,8.34,8.39,8.25,8.39,97763,,,,,,,,,,,,,,,,,,,,7.32620133018792,7.129455491337023,8.369353474078538,9.07376631439997,9.912497126141595,10.62229495061865,11.441154703593584,12.43259010170546,14.032859014579039,14.266886735965693,14.645850379815101,15.181709228550353,15.746746060777438,,,,,,,,,,,,,,,,,,,7.149890778165224,7.473071079853052,8.772336308788098,9.266053356960157,10.117301230321072,10.705500173506223,11.2863300851418,12.254235534669126,12.59523450724841,13.279396353295661,13.888049061768731,14.190313765146966,14.506297020379549,14.831096690001338,15.232988493848891,15.823805784473409,,,,,11.441154703593584,14.032859014579039,10.356378548817966,"rgba(255, 26, 202, 1.0)",0.6445705323493274,10.356378548817966,-3.1282512116535646,71.9879759285212,18.98513399552887,True,False,True,False,False,0.0,0.0,0.0,0.0,0.0,0,1.0503323898733845,0.8905107103403646,False,False,False,False,0.3068328031429527,0.32043011942971983,False,False,False,False,-5921504,-7804833.187948863,False,False,False,False,261961.59916570308,False,False,False,False
2023-12-27 00:00:00+00:00,8.48,8.57,8.37,8.41,155414,,,,,,,,,,,,,,,,,,,,7.343564181976485,7.143360358462287,8.369796295630012,9.071474812372356,9.907579066606942,10.615443792510662,11.432371973901434,12.422161093053756,14.020183542400426,14.25389149260487,14.632479938502476,15.168077513096,15.732766394522082,,,,,,,,,,,,,,,,,,,7.165911538113623,7.480025086706214,8.771141899279774,9.263113922727964,10.111796679353132,10.698438148987297,11.277895861638543,12.244047181569444,12.58461847243035,13.267853517028366,13.875593133621015,14.177416636517204,14.49304448986682,14.817639997509094,15.21933005595542,15.809767079917803,,,,,11.432371973901434,14.020183542400426,10.353318527918503,"rgba(255, 26, 202, 1.0)",0.6452633515044202,10.353318527918503,-2.903184449497858,72.36791307728937,18.98513399552887,True,False,True,False,False,0.0,0.0,0.0,0.0,0.0,0,1.0628359750761596,0.8739990656849778,False,False,False,False,0.342828221894754,0.3316291706622369,False,False,False,False,-5766090,-7724882.474695967,False,False,False,False,257783.26194351865,False,False,False,False
2023-12-28 00:00:00+00:00,8.58,8.64,8.5,8.5,109251,,,,,,,,,,,,,,,,,,,,7.356511208632871,7.153686135941217,8.370403814862762,9.070141965913567,9.904381551328713,10.610877353996596,11.426436648419939,12.41504748897045,14.011467654847573,14.24494852943008,14.623267610693198,15.15867061524444,15.723106194947203,,,,,,,,,,,,,,,,,,,7.1777871911588,7.485342272596653,8.770587987904067,9.261320595265715,10.108183995373487,10.693722370449803,11.272207413804493,12.237106973987292,12.577369140352697,13.25994095820997,13.867032715243736,14.168543482684854,14.483917369445594,14.808362992833365,15.209903447674908,15.800064461325267,,,,,11.426436648419939,14.011467654847573,10.35147777186302,"rgba(255, 26, 202, 1.0)",0.6465099094870759,10.35147777186302,-2.7400628294598994,73.29869437707276,18.98513399552887,True,False,True,False,False,0.0,0.0,0.0,0.0,0.0,0,1.053387981403739,0.8809547495407306,False,False,False,False,0.3428282232626042,0.3372286969624205,False,False,False,False,-5656839,-7643782.730590243,False,False,False,False,251958.46735749833,False,False,False,False
2023-12-29 00:00:00+00:00,8.58,8.64,8.41,8.52,114947,,,,,,,,,,,,,,,,,,,,7.369513506430889,7.1641642869623405,8.370945187374872,9.068663090330263,9.900958378179837,10.606024415404756,11.420153036143487,12.407533111529247,14.002276988110772,14.235520047147434,14.613557261333172,15.148757243567847,15.712927917508384,,,,,,,,,,,,,,,,,,,7.189803560323283,7.490728402703627,8.769920409091382,9.25936197049665,10.10432729178387,10.688713388056948,11.266181922481685,12.229773641828332,12.569713149244713,13.25159150126579,13.858004900492954,14.159188100871328,14.474296137498126,14.79858520580111,15.199969488348835,15.789841766605484,,,,,11.420153036143487,14.002276988110772,10.349417606911782,"rgba(255, 26, 202, 1.0)",0.6487084326818593,10.349417606911782,-2.727600749071105,73.91921524359502,19.14109344452166,True,False,True,False,False,0.0,0.0,0.0,0.0,0.0,0,1.0642549423037226,0.8658303536352316,False,False,False,False,0.32887311697729765,0.33305090696985906,False,False,False,False,-5656839,-7565863.368606312,False,False,False,False,246585.46863759644,False,False,False,False
2024-01-02 00:00:00+00:00,8.61,8.77,8.5,8.5,181008,,,,,,,,,,,,,,,,,,,,7.390833856179216,7.181325602172465,8.372199652785214,9.066717810701622,9.895931391958428,10.598735344166238,11.41059853744499,12.396013020966413,13.988086811044653,14.220952425235502,14.598538070119346,15.133402848004138,15.69714408557962,,,,,,,,,,,,,,,,,,,7.209441943568089,7.499762442043742,8.769260792574784,9.256655722224211,10.098614663580417,10.6811773860059,11.257036035378263,12.21854434025969,12.557964235429226,13.238734954366583,13.84407256676759,14.144736694903052,14.459420509199651,14.783454063066362,15.184581359361962,15.773986712888549,,,,,11.41059853744499,13.988086811044653,10.346585355480887,"rgba(255, 26, 202, 1.0)",0.6494765737282165,10.346585355480887,-2.6738229302287166,74.55414931411369,20.015895187774547,True,False,True,False,False,0.13203992732315584,0.0,0.0,0.0,0.0,0,1.0901003116803372,0.8448272409949744,False,False,False,False,0.34282822409164465,0.3379395655307519,False,False,False,False,-5475831,-7483901.3149354765,False,False,False,False,244013.80320082797,False,False,False,False
2024-01-03 00:00:00+00:00,8.27,8.44,8.21,8.44,266739,,,,,,,,,,,,,,,,,,,,7.413163960621693,7.200454119811711,8.371729312743156,9.061820166051266,9.88674581526816,10.586364086405242,11.395032472673421,12.377733637137824,13.966071766616473,14.198402423307869,14.575363523731225,15.10980112536316,15.672965362449103,,,,,,,,,,,,,,,,,,,7.231104739414823,7.509109561345331,8.766143069719373,9.250705248820855,10.088463677467182,10.668457806779257,11.242047648836472,12.20066054857116,12.539378776018815,13.218613375518895,13.8224252006268,14.122350692409897,14.436441634764977,14.760139152471359,15.160935665018027,15.749709355640594,,,,,11.395032472673421,13.966071766616473,10.339811249522395,"rgba(255, 26, 202, 1.0)",0.6496637245197538,10.339811249522395,-3.1859732526276523,68.66165204969968,23.398310227387356,True,False,True,False,False,0.0,0.0,0.0,0.0,0.0,0,1.0661204255630206,0.8647687778685965,False,False,False,False,0.2513990553415435,0.2946693104361477,False,False,False,False,-5742570,-7415613.812388987,False,False,False,False,244904.9873890308,False,False,False,False
2024-01-04 00:00:00+00:00,8.35,8.41,8.16,8.28,166862,,,,,,,,,,,,,,,,,,,,7.42658750551805,7.212093049668177,8.371438502880714,9.058788345535747,9.88105345281382,10.578692759852,11.385374054763458,12.366381591691118,13.952386511147948,14.184383203579568,14.560952989216768,15.095119561543754,15.657920327444248,,,,,,,,,,,,,,,,,,8.306666666666667,7.24422656625559,7.514847458442757,8.764214015819038,9.247020607726085,10.082171865922072,10.660569965666589,11.23274865603946,12.189556016122275,12.527834801128217,13.206109329040268,13.808969258830412,14.108433921560643,14.422153971481677,14.745639365463857,15.146226285545726,15.734602443276797,,,,,11.385374054763458,13.952386511147948,10.053267223519127,"rgba(255, 26, 202, 1.0)",0.6531648523353408,10.053267223519127,-2.6077141435722173,65.6065315697616,20.603989873722597,True,False,True,False,False,0.0,0.0,0.0,0.0,0.0,0,1.0735034889212616,0.8569841618274099,False,False,False,False,0.23992482944473414,0.2672970699404409,False,False,False,False,-5575708,-7343460.643275694,False,False,False,False,241844.47807965707,False,False,False,False
2024-01-05 00:00:00+00:00,8.3,8.53,8.23,8.27,126211,,,,,,,,,,,,,,,,,,,,7.437000232595721,7.22110354797759,8.371377499487918,9.05665254597711,9.87690185325423,10.573043010240655,11.378218785954843,12.35793532099664,13.942164346579062,14.173907428453434,14.550178090395873,15.084132800536736,15.646653311517797,,,,,,,,,,,,,,,,,,8.326763525356025,7.254367613139917,7.519385511910713,8.762913368076356,9.24439003355989,10.07756661533246,10.654756262372567,11.225865682082299,12.181299195840259,12.51924098525821,13.196783412513891,13.798920940925413,14.09803603691762,14.411473369125364,14.734794403149504,15.135217906765831,15.723288088702073,,,,,11.378218785954843,13.942164346579062,10.051724297142636,"rgba(255, 26, 202, 1.0)",0.656593035613642,10.051724297142636,-2.667899600100845,62.77472422980424,18.050459391341477,True,False,True,False,False,0.0,0.0,0.0,0.0,0.0,0,1.0862685828546206,0.8481940441240393,False,False,False,False,0.2672833320241629,0.2672902009823019,False,False,False,False,-5701919,-7279086.461186452,False,False,False,False,237309.83188045485,False,False,False,False
2024-01-08 00:00:00+00:00,8.64,8.7,8.335,8.44,255404,,,,,,,,,,,,,,,,,,,,7.461929239693593,7.242132820971837,8.37264360459952,9.053618119329723,9.8696903948115,10.562745162190964,11.3648163472671,12.341820947805456,13.922346857513263,14.153565691921171,14.529205293733538,15.062682714024561,15.62459696552981,,,,,,,,,,,,,,,,,,8.434596406655762,7.278056454779848,7.530641080200706,8.761611207432585,9.240327693765112,10.069421091711495,10.644120680855055,11.213024167414904,12.165587745281586,12.502808579581187,13.178814616381125,13.779460943388187,14.077855901482943,14.39070191538003,14.713661838257194,15.113719939851027,15.70113176879536,,,,,11.3648163472671,13.922346857513263,10.053393365205862,"rgba(255, 26, 202, 1.0)",0.6684074120402842,10.053393365205862,-2.1145686593922415,64.18489850052988,18.050459391341477,True,False,True,False,False,0.5631232315825763,0.0,0.0,0.0,0.0,0,1.118469892538075,0.8117234852298585,False,False,False,False,0.30759732463867817,0.28744376281049,False,False,False,False,-5446515,-7207220.913688945,False,False,False,False,238019.40710082918,False,False,False,False
2024-01-09 00:00:00+00:00,8.67,8.72,8.44,8.59,135347,,,,,,,,,,,,,,,,,,,,7.475297451213636,7.253438035109109,8.373492387854673,9.052191197951448,9.866050001817044,10.557470122281773,11.357895273495075,12.333452554668646,13.912004531080044,14.142944552240898,14.518246182980784,15.051462510187594,15.613049189083235,,,,,,,,,,,,,,,,,,8.469313453949164,7.2907570296281685,7.536802408061158,8.761101535013086,9.238355984251834,10.065286202359015,10.638666695363051,11.206400489912387,12.157435308029658,12.494268996487191,13.16945452857983,13.769308391382575,14.06732081651227,14.379851071350519,14.702615020763991,15.102473675001235,15.689530391136525,,,,,11.357895273495075,13.912004531080044,10.053321902370424,"rgba(255, 26, 202, 1.0)",0.682863551987182,10.053321902370424,-2.025766199330537,65.36588033597383,18.050459391341477,True,False,True,False,False,0.8440664978748309,0.0,0.0,0.0,0.0,1,1.1210523121328808,0.8074627570254176,False,False,False,False,0.3262399303876716,0.30684184659908076,False,False,False,False,-5311168,-7132865.897465848,False,False,False,False,233993.03819491432,False,False,False,False
2024-01-10 00:00:00+00:00,8.67,8.76,8.55,8.74,131859,,,,,,,,,,,,,,,,,,,,7.488585959191351,7.26467300734232,8.37448706650238,9.050966043193077,9.862663978850737,10.552489600718653,11.351308004872237,12.325444830457565,13.902062042102203,14.132729348414012,14.507698476686588,15.04065347976024,15.601915576212166,,,,,,,,,,,,,,,,,,8.500138832528487,7.303359724187557,7.543014204687732,8.760771501002077,9.23659882372239,10.061417974029531,10.633511583582383,11.200103492218803,12.149640276633884,12.486092068364457,13.16047206220872,13.759551239440906,14.057189874658066,14.369410233800613,14.691979281069738,15.091638666493957,15.678344005056742,,,,,11.351308004872237,13.902062042102203,10.053264513686763,"rgba(255, 0, 0, 1.0)",0.6980048271614293,10.053264513686763,-1.9817406124712258,66.15320155960313,18.050459391341477,True,False,True,False,True,0.8440664978748309,0.0,0.0,0.0,0.0,1,1.129101413711042,0.794381560408001,False,False,False,False,0.3428282220722684,0.32483503433567457,False,False,False,False,-5311168,-7061426.764231893,False,False,False,False,229987.78179511378,False,False,False,False
2024-01-11 00:00:00+00:00,8.74,8.75,8.42,8.64,169642,,,,,,,,,,,,,,,,,,,,7.504918001479778,7.278628612699472,8.375652892304883,9.049307644036293,9.85825160946222,10.546041753529337,11.34280731333502,12.315128516872527,13.88926916675105,14.11958712836384,14.49413023371406,15.026750220014899,15.587596094477206,,,,,,,,,,,,,,,,,,8.523644635018902,7.318963300607778,7.550740741401522,8.760252470190636,9.234262958901304,10.056390212042558,10.626840749861689,11.191973810551255,12.139595896323513,12.475559429613341,13.148908608342051,13.74699575640698,14.044155598114473,14.355978934320756,14.678298193762611,15.07770209656622,15.663956847988603,,,,,11.34280731333502,13.88926916675105,10.052243245649054,"rgba(255, 0, 0, 1.0)",0.7146894241381279,10.052243245649054,-1.8361027900077567,67.30450050301346,18.050459391341477,True,False,True,False,True,1.5178755210759682,0.0,0.0,0.0,0.0,1,1.1125509521202166,0.8164709699661333,False,False,False,False,0.32035214681197477,0.32259359057382464,False,False,False,False,-5141526,-6986136.538183584,False,False,False,False,227621.28054824658,False,False,False,False
2024-01-12 00:00:00+00:00,8.87,9.06,8.815,8.84,187061,,,,,,,,,,,,,,,,,,,,7.526695237496864,7.296778933022529,8.37828454597235,9.048717425746352,9.854523062155407,10.540011083538523,11.33445303648001,12.304675299945657,13.87597826728684,14.105900086519977,14.479948797393941,15.012153904823453,15.57250391514177,,,,,,,,,,,,,,,,,,8.586087657989774,7.3392970851747465,7.561286604561707,8.760962832372957,9.232898113742506,10.05196602985619,10.620557965845718,11.184038887343672,12.129461302902635,12.464849144148074,13.137008453178817,13.733972392952102,14.030591483642814,14.341958486537933,14.663975511034323,15.063065170952125,15.648786063251935,,,,,11.33445303648001,13.87597826728684,10.05432625472133,"rgba(255, 0, 0, 1.0)",0.7340717494463646,10.05432625472133,-1.613365799207703,69.14907480456161,13.834593924671573,True,False,True,False,True,2.7617522860199486,0.0,0.0,0.0,0.0,1,1.1308278626541657,0.7925491691928823,False,False,False,False,0.34282822433792876,0.3327109074558767,False,False,False,False,-4954465,-6906463.144529326,False,False,False,False,226030.68131106044,False,False,False,False
2024-01-16 00:00:00+00:00,9.03,9.09,8.8,8.88,326676,,,,,,,,,,,,,,,,,,,,7.564687416934486,7.3286371941335355,8.383312160291524,9.048143302166922,9.848481798141629,10.529959860972461,11.320348961533577,12.286885037312214,13.853208020474913,14.08243609316658,14.455612815747218,14.987072250209296,15.546540106966333,,,,,,,,,,,,,,,,,,8.670476341205367,7.374861391285471,7.580094695221191,8.762651781597707,9.23097464853821,10.044713717066344,10.610067353074827,11.170666327590968,12.112233002127764,12.446603660878848,13.116671051987895,13.711669742103915,14.007343055247869,14.31790755346294,14.63938498676748,15.03791081410582,15.622683415004813,,,,,11.320348961533577,13.853208020474913,10.057106972208242,"rgba(239, 83, 80, 1.0)",0.7567176154626368,10.057106972208242,-1.357318702803419,71.51796072814926,16.192307560480586,True,False,True,False,True,4.265508523773288,0.0,0.0,0.0,0.0,1,1.129850033303506,0.8035429547946956,False,False,False,False,0.3428282234902342,0.3377695654730555,False,False,False,False,-4627789,-6817103.374155627,False,False,False,False,229977.55655376398,False,False,False,False
2024-01-17 00:00:00+00:00,8.93,9.115,8.74,8.9,238661,,,,,,,,,,,,,,,,,,,8.928333333333333,7.590358632788296,7.350540945488449,8.38665576140244,9.047480363847388,9.843896044574501,10.522487912438189,11.309955417096337,12.273832698991669,13.836553751238096,14.065279283099416,14.437824295562585,14.96874342167936,15.52757142907815,,,,,,,,,,,,,,,,,,8.705890735558352,7.399176097373591,7.593088038828039,8.76360885395391,9.22934502920764,10.039256750486137,10.602278857528995,11.160800512886802,12.099586135691663,12.43322292720268,13.101778211799136,13.695354162508801,13.990342401493763,14.300325546436454,14.621412096259917,15.019529276130147,15.603613989793148,,,,,11.309955417096337,13.836553751238096,9.819078663023877,"rgba(239, 83, 80, 1.0)",0.7755086212438443,9.819078663023877,-1.1464458790901344,71.07352289010032,16.192307560480586,True,False,True,False,True,3.226974534387992,0.0,0.0,0.0,0.0,1,1.1121750471337923,0.8253177729874377,False,False,False,False,0.3374259160739716,0.33759774077351357,False,False,False,False,-4866450,-6740607.163404426,False,False,False,False,230318.08374773402,False,False,False,False
2024-01-18 00:00:00+00:00,8.79,8.96,8.46,8.91,225417,,,,,,,,,,,,,,,,,,,8.835234920997475,7.610384767636168,7.368238297237013,8.38867217060795,9.045864436872272,9.838708568295848,10.514653501120415,11.299437864115287,12.26089652881311,13.820316547546188,14.048578396405114,14.42054689018821,14.950987168544154,15.509237502168142,,,,,,,,,,,,,,,,,,8.709424573217737,7.418660551600805,7.603403535043994,8.7634626545502,9.226852022230064,10.033270544964381,10.594153784253868,11.150768372068187,12.087016608581365,12.419991826029255,13.0871672006484,13.679430365279803,13.973785304231594,14.283235485637796,14.603972125650323,15.001725953437209,15.58518798396367,,,,,11.299437864115287,13.820316547546188,9.81281313644419,"rgba(239, 83, 80, 1.0)",0.79002736866842,9.81281313644419,-1.294655320825312,68.22213183390978,16.192307560480586,True,False,True,False,False,1.7896945919783143,0.0,0.0,0.0,0.0,1,1.1122084149341736,0.855732037941777,False,False,False,False,0.2717366586969264,0.30466719973522,False,False,False,False,-5091867,-6675950.686408174,False,False,False,False,230125.8843850778,False,False,False,False
2024-01-19 00:00:00+00:00,8.81,8.87,8.55,8.74,475986,,,,,,,,,,,,,,,,,,,8.78870205822866,7.650691817397389,7.404337078213934,8.392934696374525,9.042579270581596,9.827978225106303,10.498395453551709,11.277566280298695,12.233940324333492,13.786412311625616,14.013698626445583,14.38444849016195,14.913863700426148,15.470885113449983,,,,,,,,,,,,,,,,,,8.71604173653459,7.458193165285087,7.624710196485681,8.76323461960217,9.221740326001905,10.02087328072437,10.577288173759785,11.129912879472693,12.06083351605084,12.392412133173622,13.056680749005436,13.646184615411507,13.939208317541132,14.24753411462124,14.567525170420058,14.964501957904417,15.54664058428018,,,,,11.277566280298695,13.786412311625616,9.806952299009124,"rgba(239, 83, 80, 1.0)",0.8041999437648893,9.806952299009124,-1.2396821297224387,66.5320075876525,16.192307560480586,True,False,True,False,False,1.985250667790126,0.0,0.0,0.0,0.0,1,1.111124480652308,0.8400373717998627,False,False,False,False,0.2717366586969264,0.28820192921607324,False,False,False,False,-4615881,-6595163.639882363,False,False,False,False,239767.45754644732,False,False,False,False
2024-01-22 00:00:00+00:00,8.78,8.81,8.57,8.74,319899,,,,,,,,,,,,,,,,,,,8.771258911306655,7.6756624988399285,7.42714720008888,8.395555368440586,9.04024213182263,9.820731350715104,10.487492414080506,11.262942593310886,12.215935085081659,13.763775114550336,13.990410673098731,14.360345156841948,14.889068970626443,15.445264198804475,,,,,,,,,,,,,,,,,,8.716500682910329,7.483003582126271,7.638298444225208,8.762907935050043,9.218200558922602,10.012524658163624,10.565982820564388,11.115963184259547,12.043343518625562,12.373990748149255,13.036321294375808,13.623986280745815,13.91612246031762,14.22369687238953,14.5431865641248,14.93963949784279,15.52088890073704,,,,,11.262942593310886,13.763775114550336,9.803200249052974,"rgba(239, 83, 80, 1.0)",0.8160387069086058,9.803200249052974,-1.2538623969556024,64.83507589907445,20.090472825289652,True,False,True,False,False,1.6717779042784393,0.0,0.0,0.0,0.0,1,1.0895630602133874,0.8500174150394859,False,False,False,False,0.26581732704005023,0.27700962812806174,False,False,False,False,-4935780,-6530089.771651682,False,False,False,False,242909.8709759984,False,False,False,False
2024-01-23 00:00:00+00:00,8.88,9.02,8.74,8.83,147963,,,,,,,,,,,,,,,,,,,8.782686825633354,7.688531660495949,7.438705024401877,8.397344144729644,9.03970693679743,9.817893996801981,10.482946945721995,11.25665713768359,12.208047677204457,13.753702982161016,13.980033349227405,14.349580164818674,14.877963376661056,15.433759780168195,,,,,,,,,,,,,,,,,,8.724822646900046,7.4955941367381484,7.64538290732545,8.763315737179141,9.2171005520774,10.009172839594553,10.561249376781365,11.109992734202207,12.035702149787113,12.36590302246082,13.027315624520893,13.614119189495133,13.90584015981773,14.21305933158044,14.53230504716053,14.928500803649762,15.509322240888144,,,,,11.25665713768359,13.753702982161016,9.803403603851873,"rgba(239, 83, 80, 1.0)",0.8302580083096192,9.803403603851873,-1.1121887348390587,64.86497010973078,19.978431171254314,True,False,True,False,False,2.673488965873023,0.0,0.0,0.0,0.0,1,1.1011437018594883,0.8295410339291145,False,False,False,False,0.32285667755203973,0.29993315284005073,False,False,False,False,-4787817,-6461765.34923397,False,False,False,False,239186.4642710573,False,False,False,False
2024-01-24 00:00:00+00:00,8.86,8.97,8.792,8.94,106278,,,,,,,,,,,,,,,,,,,8.789095857405387,7.697561118055389,7.446859787745594,8.398604975383188,9.039310361485793,9.81585356762665,10.479685722715619,11.252151534357496,12.202395160745816,13.746485154016852,13.972596816648668,14.3418655566423,14.870003858998452,15.425513760398859,,,,,,,,,,,,,,,,,,8.730084137499533,7.504459868276455,7.650397323554907,8.763591930444848,9.21630086641436,10.006764804413178,10.557853759819487,11.105712466760721,12.030225901488013,12.360106925918354,13.020861806473468,13.607048253646381,13.89847173490594,14.205436191759475,14.52450663457312,14.920517492587411,15.501031544104217,,,,,11.252151534357496,13.746485154016852,9.803393893829215,"rgba(239, 83, 80, 1.0)",0.8436685229273813,9.803393893829215,-1.1182044466419165,64.463142157737,19.36948172418184,True,False,True,False,False,2.457546046624852,0.0,0.0,0.0,0.0,1,1.1261608299979236,0.8209976872901197,False,False,False,False,0.32316201765242597,0.3115475852462384,False,False,False,False,-4894095,-6400288.08063656,False,False,False,False,233974.36763297665,False,False,False,False
2024-01-25 00:00:00+00:00,8.7,8.94,8.62,8.91,242032,,,,,,,,,,,,,,,,,,,8.784167319767958,7.715562366847541,7.463548274398996,8.400729045419412,9.03776017132954,9.810648430792556,10.471753451794047,11.241436607255155,12.18912956236445,13.729721956806957,13.955342911670366,14.323991642443044,14.851592577605356,15.406467394333442,,,,,,,,,,,,,,,,,,8.731812719449957,7.522488803608847,7.660554326705234,8.763533963073247,9.213856430105215,10.000738683312003,10.549621013645101,11.095501941360478,12.017350994705296,12.34652431830178,13.005813297419165,13.59061519348119,13.881370463369596,14.187765533422994,14.506449351759011,14.902053786617946,15.481885456111762,,,,,11.241436607255155,13.729721956806957,9.8011265860828,"rgba(239, 83, 80, 1.0)",0.8535673524843341,9.8011265860828,-1.2900289389910917,61.08885923006979,15.996267458725427,False,False,True,False,False,0.7386576894053221,0.0,0.0,0.0,0.0,1,1.1123174840883563,0.8099785961020888,False,False,False,False,0.29260451852285707,0.3020760518845477,False,False,False,False,-5136127,-6350713.136297872,False,False,False,False,234290.3532159972,False,False,False,False
2024-01-26 00:00:00+00:00,8.8,8.89,8.7,8.7,127849,,,,,,,,,,,,,,,,,,,8.7850154922239,7.725212439306293,7.472483161211575,8.401977442485293,9.037071801050994,9.808031289044466,10.467697646143645,11.235911578867226,12.182251215463602,13.720989164802425,13.946350353003854,14.314669229140614,14.841980609233474,15.396515565820199,,,,,,,,,,,,,,,,,,8.73426354771657,7.532131689666399,7.666054211371197,8.763632564384341,9.212696112701064,9.997688592695468,10.545406643202133,11.0902432393536,12.010680559260894,12.339476792143211,12.99798752088931,13.582056921439566,13.872458780695062,14.178551545494749,14.497027956759561,14.892413644504815,15.471880524375353,,,,,11.235911578867226,13.720989164802425,9.800295676959058,"rgba(239, 83, 80, 1.0)",0.8649003900372415,9.800295676959058,-1.1565443702898386,60.2310604765829,15.074377165990626,False,False,True,False,False,1.7749859497690643,0.0,0.0,0.0,0.0,1,1.1210730450574746,0.8113513018871908,False,False,False,False,0.29126843061128965,0.2966722412479187,False,False,False,False,-5008278,-6298068.621148936,False,False,False,False,230116.18250164436,False,False,False,False
2024-01-29 00:00:00+00:00,8.82,8.9,8.585,8.9,243443,,,,,,,,,,,,,,,,,,,8.783106631420754,7.742645677510414,7.488812464837274,8.404163841813796,9.035618647013186,9.802946475325733,10.459898831511588,11.225338474049117,12.169121705061306,13.704350680305003,13.929219883141997,14.296913972337267,14.823676768208049,15.377567468342304,,,,,,,,,,,,,,,,,,8.73655055860556,7.549692823237741,7.6761221114247595,8.763659051863678,9.210355191126341,9.991787290363519,10.53730853078458,11.08017326358821,11.997943882232713,12.326027657390911,12.983066332612111,13.565748947051002,13.855481489528355,14.16100167122961,14.479085211959768,14.874056408601875,15.452831739176972,,,,,11.225338474049117,13.704350680305003,9.798216972088664,"rgba(239, 83, 80, 1.0)",0.8761191041671049,9.798216972088664,-1.1165342331150505,59.93189058840723,14.62109351375723,False,False,True,False,False,1.9829378157005557,0.0,0.0,0.0,0.0,1,1.1137555005598627,0.8409562594053333,False,False,False,False,0.27143916736046,0.28405570430418936,False,False,False,False,-4764835,-6237941.81247643,False,False,False,False,230638.80279569753,False,False,False,False
2024-01-30 00:00:00+00:00,8.69,8.85,8.66,8.84,214369,,,,,,,,,,,,,,,,,,,8.778550559083797,7.757013802189466,7.502470468770885,8.405884657023622,9.03418612746703,9.79835985311235,10.452949575150628,11.21597127639538,12.15752543627311,13.689688359564197,13.914127187846548,14.281274671222189,14.807557394395769,15.360883901300369,,,,,,,,,,,,,,,,,,8.736371001009557,7.564316237481753,7.684557299286087,8.763509325603822,9.208152557956813,9.986490161031393,10.530098543846233,11.071244818822667,11.98669024231004,12.31415264297153,12.969905666669627,13.551375723530485,13.840522794187445,14.145542064011629,14.463281881521324,14.857890289278195,15.43605997250215,,,,,11.21597127639538,13.689688359564197,9.79592001262279,"rgba(239, 83, 80, 1.0)",0.8847665137117631,9.79592001262279,-1.2499569044303533,57.28837705673663,11.960593692314916,False,True,True,False,False,0.5596890981670946,0.0,0.0,0.0,0.0,1,1.097924990886543,0.8592596298864213,False,False,False,False,0.2757618667504135,0.2799087855273014,False,False,False,False,-4979204,-6188579.545320492,False,False,False,False,230000.7713135133,False,False,False,False
2024-01-31 00:00:00+00:00,8.61,8.9,8.6,8.62,196210,,,,,,,,,,,,,,,,,,,8.772735842893939,7.76941127389219,7.514413015648406,8.407301144539963,9.032757240816933,9.794078817711123,10.446527723770815,11.207356218511247,12.146887486376027,13.676262908017243,13.900310082337707,14.26696004232694,14.792805588293229,15.345618064092575,,,,,,,,,,,,,,,,,,8.73476534101,7.577052291482285,7.691943324902518,8.763238611351849,9.206028006108864,9.98156554743133,10.523440295614568,11.063027932067957,11.976363323184575,12.303261664782251,12.957846279857403,13.538213333498184,13.826827637843918,14.131391010826688,14.44881790952904,14.84309590143206,15.420713765314188,,,,,11.207356218511247,13.676262908017243,9.793500069097712,"rgba(239, 83, 80, 1.0)",0.8904248808688744,9.793500069097712,-1.3291408343653386,54.18797007567836,8.97697412968175,False,True,False,False,False,0.0,0.0,0.0,0.0,0.0,1,1.1109496574876705,0.8489653049683972,False,False,False,False,0.27403158895786633,0.2769701872425839,False,False,False,False,-5175414,-6148847.563151061,False,False,False,False,228675.64302670886,False,False,False,False
2024-02-01 00:00:00+00:00,8.98,9.12,8.61,8.61,240768,,,,,,,,,,,,,,,,,,,8.784051104133868,7.787351587901239,7.531158229664992,8.410182904173295,9.032074965577664,9.789825998160019,10.439608393564704,11.197703062666593,12.134675900085368,13.660545683039208,13.88410365357697,14.250122571989841,14.775392221075352,15.32754201880938,,,,,,,,,,,,,,,,,,8.744252572443212,7.595003737700213,7.702625192052298,8.764007735421536,9.204472839902156,9.976511470306779,10.516226555460722,11.053870653021791,11.964548582954658,12.29072436263227,12.943832388388529,13.522823284539353,13.810773976601903,14.11476270313633,14.431782604103818,14.825626912705095,15.402535695685385,,,,,11.197703062666593,13.660545683039208,9.793135411810594,"rgba(239, 83, 80, 0.5)",0.8997632321204011,9.793135411810594,-0.9037215378253914,57.00994425800196,8.97697412968175,False,True,True,False,True,3.561668577582143,0.0,0.0,0.0,0.0,1,1.0982557855933326,0.836937206887661,False,False,False,False,0.3142588279540056,0.2956145075982948,False,False,False,False,-4934646,-6101231.81557651,False,False,False,False,229149.85310409282,False,False,False,False
2024-02-02 00:00:00+00:00,8.93,9.03,8.82,8.91,143660,,,,,,,,,,,,,,,,,,,8.791061508359467,7.798006433398069,7.541125355644959,8.411967084745747,9.031744449113114,9.78737402372087,10.435571545720707,11.192039895388366,12.127485565015666,13.651262591961865,13.874528744076448,14.240169976542965,14.765092173783422,15.316843750258803,,,,,,,,,,,,,,,,,,8.750179301807318,7.605672203631596,7.709031641653834,8.764538826886579,9.203623812504869,9.973583418154943,10.51201465103485,11.048502523480437,11.957595614944625,12.283338854899533,12.93556473674865,13.513735169209166,13.801290254116148,14.104935512674656,14.42171053530827,14.815293356657039,15.391776304903644,,,,,11.192039895388366,13.651262591961865,9.793001072342712,"rgba(239, 83, 80, 0.5)",0.9092453063001757,9.793001072342712,-0.9491399805563617,58.051069834963926,8.97697412968175,False,True,True,False,True,3.0090059735613366,0.0,0.0,0.0,0.0,1,1.1128896260008503,0.848783649122318,False,False,False,False,0.3356368545100667,0.31562568105418076,False,False,False,False,-5078306,-6061117.077710764,False,False,False,False,225797.3098451088,False,False,False,False
2024-02-05 00:00:00+00:00,8.84,8.93,8.7572,8.93,174339,,,,,,,,,,,,,,,,,,,8.793951616673244,7.809726365315827,7.552307293888795,8.413764007705378,9.031026687677002,9.7841275720431,10.43042948229807,11.184950927234546,12.118574303121,13.63984579646158,13.8627615975209,14.227951092904824,14.752461437727634,15.303738199181574,,,,,,,,,,,,,,,,,,8.753677536835442,7.617580196145538,7.716184857523345,8.764846120563007,9.202289040398078,9.96976768517896,10.506663067894186,11.041767017196607,11.948967046228303,12.274195679879,12.925367159678906,13.502552696520718,13.789632506477194,14.092866327999293,14.409350257185515,14.802622805307273,15.37859757720152,,,,,11.184950927234546,13.63984579646158,9.792008183173916,"rgba(239, 83, 80, 1.0)",0.9165726405513507,9.792008183173916,-1.038660921191418,57.26630098679513,8.97697412968175,False,True,True,False,True,2.013909969131266,0.0,0.0,0.0,0.0,1,1.110736686411174,0.8541836727574635,False,False,False,False,0.3067017019197461,0.31116369148696343,False,False,False,False,-5252645,-6029412.290349557,False,False,False,False,223779.3369100065,False,False,False,False
2024-02-06 00:00:00+00:00,9.06,9.1,8.87,8.88,115003,,,,,,,,,,,,,,,,,,,8.80168734635023,7.818546044407686,7.560523548800842,8.415401436630534,9.03097423974244,9.782377188866352,10.427411716548441,11.180630941365797,12.113021759722931,13.632606382885228,13.855287588852784,14.220171018444436,14.744394444718553,15.295345597599145,,,,,,,,,,,,,,,,,,8.75993485670974,7.626368387928718,7.721549153373242,8.765482706265109,9.201821474751162,9.967636798325096,10.503505247670232,11.037683265853472,11.943606982060139,12.268484178137921,12.918943067906227,13.49546966197923,13.782231917018068,14.08518830033988,14.401471283965686,14.794528243983121,15.370155372378333,,,,,11.180630941365797,13.632606382885228,9.792279517070815,"rgba(239, 83, 80, 0.5)",0.9242956899847518,9.792279517070815,-0.7922567691329333,59.187804295710116,4.156646454864145,False,True,True,False,True,4.264577200711642,0.0,0.0,0.0,0.0,1,1.1162380388982296,0.8394808034262546,False,False,False,False,0.34282821906181066,0.3269959552743871,False,False,False,False,-5137642,-5994440.906414281,False,False,False,False,219513.5982076533,False,False,False,False
2024-02-07 00:00:00+00:00,8.96,9.2,8.95,9.04,144118,,,,,,,,,,,,,,,,,,,8.81177816879942,7.829660572724997,7.570877082761788,8.417532215084895,9.030991977904971,9.780270157158128,10.423718815306195,11.175307655281062,12.10615099327669,13.62361823781774,13.846005215172381,14.210503710516077,14.734363957652782,15.284904298704978,,,,,,,,,,,,,,,,,,8.768149391572539,7.63743533701728,7.728346876316684,8.766362296166584,9.201319748316733,9.965053750700825,10.499637056289618,11.032655759765722,11.936978272512551,12.2614132117807,12.910977023790927,13.486677487384949,13.773041675081725,14.075649518392904,14.391678692637415,14.784462903082282,15.3596516487862,,,,,11.175307655281062,13.62361823781774,9.792730818126417,"rgba(239, 83, 80, 0.5)",0.9249705522471424,9.792730818126417,-0.9002781938336987,58.862703873553144,4.156646454864145,False,True,True,False,True,3.1468548468525555,0.0,0.0,0.0,0.0,1,1.1287603886222641,0.8285490012462906,False,False,False,False,0.34282822026403614,0.3349120877692116,False,False,False,False,-5281760,-5966492.635574505,False,False,False,False,216556.90808186296,False,False,False,False
2024-02-08 00:00:00+00:00,9.17,9.19,8.9,9.02,225189,,,,,,,,,,,,,,,,,,,8.829063476101759,7.847329860115616,7.587309228219326,8.421099044836861,9.031261744679485,9.77722136491898,10.418194235148192,11.16723580014104,12.09565031153585,13.60979646513271,13.831722638265875,14.195615497173213,14.718898305995436,15.26878899866942,,,,,,,,,,,,,,,,,,8.78226811469366,7.654989933421823,7.739229568487122,8.767977445032988,9.200778079555333,9.961262060925439,10.493838741594347,11.025046022972724,11.926858529139965,12.250596686838145,12.898754858849605,13.473162219486953,13.758903518357462,14.060963996463183,14.376591024307768,14.768941946509305,15.343438046477338,,,,,11.16723580014104,13.60979646513271,9.79379825536041,"rgba(239, 83, 80, 0.5)",0.9302267087821042,9.79379825536041,-0.6705873412053674,60.73649569148063,5.870754870261933,False,True,True,False,True,5.254343169342409,0.0,0.0,0.0,0.0,1,1.1212484503358178,0.8305586965110419,False,False,False,False,0.33143201249521453,0.33317205013221307,False,False,False,False,-5056571,-5930809.434179426,False,False,False,False,216895.4214904174,False,False,False,False
2024-02-09 00:00:00+00:00,9.4,9.75,8.42,8.595,697698,,,,,,,,,,,,,,,,,,,8.887916393955244,7.903364611514981,7.639390095954368,8.433591440476208,9.03360954528082,9.76933159963005,10.402669870820926,11.14384101342739,12.064676545922541,13.568468677643452,13.788962397992577,14.150954050718195,14.672383997399486,15.220212845382136,,,,,,,,,,,,,,,,,9.19,8.83150253456939,7.710514373902345,7.77436978600958,8.77446936335973,9.200622590860501,9.951083197297173,10.477469596090454,11.003079246728456,11.897080317982727,12.218626533055517,12.86239147528312,13.432784462530257,13.716593081036248,14.0169419973357,14.33128791742568,14.722250885556573,15.294552619161529,,,,,11.14384101342739,13.568468677643452,9.61536043284192,#000000,0.9360942048545172,9.61536043284192,-0.23006277757631174,63.798498951097656,8.85186860858036,False,False,True,False,True,7.468005802338336,0.0,0.0,0.0,0.0,1,1.0823877587944892,0.8307012329085786,False,False,False,False,0.34282821371992334,0.3380001319260682,False,False,False,False,-4358873,-5869164.868133175,False,False,False,False,235750.42456922456,False,False,False,False
2024-02-12 00:00:00+00:00,10.05,10.11,9.37,9.37,444024,,,,,,,,,,,,,,,,,,,8.977739915975462,7.95355695820293,7.684045898578197,8.448018785529028,9.041160235738461,9.769959000859739,10.398206331859674,11.134121276915392,12.049708367123905,13.546432100016036,13.765965065991958,14.126632421380263,14.646666444565918,15.193006371525257,,,,,,,,,,,,,,,,,9.444086091009895,8.903710742421048,7.758507788454378,7.805778775417384,8.784831940715938,9.206469722012102,9.950185726045666,10.472443075048997,10.994310750192291,11.88295704752467,12.202940350415068,12.843669783821458,13.411377901479195,13.693899705105274,13.99307406643171,14.306477966204131,14.696402267629797,15.267130313013793,,,,,11.134121276915392,13.546432100016036,9.64313693900201,#000000,0.9557265431215504,9.64313693900201,0.4257107474164238,69.07320518914199,13.768249113178001,True,False,True,False,True,13.130769329588414,0.0,0.0,0.0,0.0,0,1.1180118765143814,0.8189019873702185,False,False,False,False,0.34282822448983535,0.3404141782079518,False,False,False,False,-3914849,-5792525.030167168,False,False,False,False,243918.01576258833,False,False,False,False
2024-02-13 00:00:00+00:00,10.17,10.19,9.77,9.81,252681,,,,,,,,,,,,,,,,,,,9.031855181227863,7.983879181622103,7.710939289227595,8.457255921474559,9.046450289911482,9.771271614914374,10.396602061802767,11.129501671817529,12.042044121829626,13.534678766681141,13.753658431361885,14.113554480883474,14.632757562488427,15.178220769137932,,,,,,,,,,,,,,,,,9.552676213404588,8.948185890941733,7.787396011464579,7.824943611568443,8.791737132198413,9.210780001992825,9.950625154330673,10.47051614995227,10.990236627969209,11.875785923619842,12.194854757742169,12.833822417885296,13.399986125866914,13.681768518868154,13.980261777907218,14.293108638531196,14.682415670331086,15.252218815035555,,,,,11.129501671817529,13.534678766681141,9.658376840450634,"rgba(38, 166, 154, 0.5)",0.9743024855429494,9.658376840450634,0.5251173707765445,73.00719109381652,17.272925435235123,True,False,True,False,True,14.092888066002175,0.0,0.0,0.0,0.0,0,1.1475660934211673,0.8100942679601011,False,False,False,False,0.3428282263069468,0.3416212022574493,False,False,False,False,-3662168,-5708981.617219437,False,False,False,False,244261.66220327115,False,False,False,False
2024-02-14 00:00:00+00:00,10.33,10.51,10.16,10.21,319874,,,,,,,,,,,,,,,,,,,9.110471381484382,8.026256132962317,7.7482425553287095,8.470907296525775,9.054992502864279,9.77466738182685,10.396242045909812,11.12525592969794,12.033820992521589,13.521139134012913,13.739404021465049,14.098289563744173,14.616375126165597,15.160674945703068,,,,,,,,,,,,,,,,,9.698342237961931,9.013396157061601,7.827503522186887,7.851849619178266,8.802371039605653,9.218051797602842,9.952897134271703,10.469740723320701,10.986693207715653,11.86821169265376,12.18607347432372,12.822740570484486,13.38691150845839,13.667741411384112,13.965347165578121,14.277450660458031,14.665929221396448,15.234507879284463,,,,,11.12525592969794,13.521139134012913,9.680799341250218,"rgba(38, 166, 154, 0.5)",0.9883708134433616,9.680799341250218,0.6568391639247698,76.15703669884829,20.021437409101637,True,False,True,False,True,15.354837188114551,0.0,0.0,0.0,0.0,0,1.1606189767883706,0.8087571716060648,False,False,False,False,0.3428282296442373,0.3422247159508433,False,False,False,False,-3342294,-5616170.338112793,False,False,False,False,247226.85192078995,False,False,False,False
2024-02-15 00:00:00+00:00,11.38,11.39,10.44,10.45,568869,,,,,,,,,,,,,,,,,,,9.30055534430475,8.12085631968853,7.830202213699705,8.504111778093058,9.07850206297639,9.788437164845543,10.402991940259307,11.124736817091152,12.02564205037538,13.502840389737296,13.719764878930247,14.076697196246155,14.59250508628452,15.134497321319378,,,,,,,,,,,,,,,,,10.040104691800991,9.172281922144938,7.915870667352118,7.9120899475551845,8.829852023465135,9.239144012714027,9.964567974350341,10.475714778835163,10.987484776447344,11.861301312603944,12.176788347070232,12.809034006309364,13.369476319849426,13.64853120870918,13.944441140168069,14.255052361304463,14.641849251479666,15.208010694684756,,,,,11.124736817091152,13.502840389737296,9.737561807283663,"rgba(0, 255, 255, 0.75)",1.0400446109636883,9.737561807283663,1.57919975297452,80.44290448834242,23.841878952543894,True,False,True,False,True,20.0,0.0,0.0,0.0,0.0,0,1.152406543715524,0.7561495300551624,False,False,False,False,0.3428282336686827,0.342526474809763,False,False,False,False,-2773425,-5504690.128775037,False,False,False,False,259840.2694925237,False,True,False,False
2024-02-16 00:00:00+00:00,11.29,11.42,11.17,11.26,494281,,,,,,,,,,,,,,,,,,,9.455462178076314,8.204276558593293,7.902888184267339,8.53473319875013,9.100729513482037,9.802209926483645,10.410675230356444,11.12610191003024,12.020282033364948,13.488600639158758,13.704352470194985,14.059559509560462,14.573322703312673,15.113257461472912,,,,,,,,,,,,,,,,,10.26313381413805,9.305705063140193,7.99399737107553,7.966204278317574,8.855521798263652,9.259272858187972,9.976521453732191,10.482724541787611,10.989989186774253,11.857060835532351,12.170447999075064,12.798804725041746,13.355989619250519,13.633494821329823,13.927912250162404,14.237190224999305,14.62247882294349,15.186487866698036,,,,,11.12610191003024,13.488600639158758,9.78389689667144,"rgba(38, 166, 154, 1.0)",1.0856226178881294,9.78389689667144,1.3873173591928236,82.289971881029,25.395173212076102,True,False,True,False,True,20.0,0.0,0.0,0.0,0.0,0,1.2102993041654755,0.7515727766657135,False,False,False,False,0.34282823566456877,0.3426773552371659,False,False,False,False,-3267706,-5416965.260979937,False,False,False,False,269034.0236300718,False,False,False,False
2024-02-20 00:00:00+00:00,11.21,11.3,11.08,11.16,169214,,,,,,,,,,,,,,,,,,,9.50059760623689,8.23097350173609,7.9263860841882225,8.544700387792773,9.107905805481593,9.806565279348414,10.412990436763474,11.126296967100036,12.018223433611437,13.483555021620473,13.698911271177275,14.05353758642539,14.566614855033453,15.105857353972674,,,,,,,,,,,,,,,,,10.316742933168083,9.345568235099526,8.019160102123132,7.983807409896059,8.863843592329319,9.265750310662057,9.980267597955804,10.48481386278259,10.990566935306797,11.85537720089708,12.168061359943545,12.795111619351736,13.351198205369641,13.62818040947059,13.922095057445082,14.230925463551406,14.615707811259586,15.178992333906011,,,,,11.126296967100036,13.483555021620473,9.797429952121146,"rgba(38, 166, 154, 1.0)",1.122398445415917,9.797429952121146,1.258528157846309,82.59798597906402,25.665032533610784,True,False,True,False,True,20.0,0.0,0.0,0.0,0.0,0,1.2051666309855136,0.748447869835153,False,False,False,False,0.32309066096402755,0.3328840081005967,False,False,False,False,-3436920,-5339316.427216019,False,False,False,False,265119.5128994807,False,False,False,False
2024-02-21 00:00:00+00:00,10.95,11.4,10.86,11.17,227157,,,,,,,,,,,,,,,,,,,9.553373578039636,8.264572949470585,7.956206541299686,8.557330311646359,9.116882985652056,9.811840538765003,10.415578170048377,11.126088834506419,12.015052455653736,13.476443251945172,13.691276006884092,14.04513666605945,14.55731497353316,15.095646658692843,,,,,,,,,,,,,,,,,10.370655505905964,9.393025790016788,8.051001955913529,8.006219006487024,8.874320844280241,9.273812034976473,9.984740571948878,10.487103798120335,10.990863903645776,11.85269847090929,12.164460425560948,12.789789838204916,13.344423238087888,13.620712798264561,13.913963634120975,14.222206584157766,14.606325020669699,15.168655671268276,,,,,11.126088834506419,13.476443251945172,9.813291433642357,"rgba(38, 166, 154, 0.5)",1.1481697460600298,9.813291433642357,0.9900178699693866,79.93859041073353,25.665032533610784,True,False,True,False,True,17.763309853997445,0.0,0.0,0.0,0.0,0,1.1857285917231424,0.7496448450126926,False,False,False,False,0.31180269928496257,0.32234335369277967,False,False,False,False,-3664077,-5273620.763403626,False,False,False,False,263630.7869034226,False,False,False,False
2024-02-22 00:00:00+00:00,11.14,11.16,10.9,11.08,190155,,,,,,,,,,,,,,,,,,,9.594806921581725,8.29206110318249,7.98071163189423,8.567792291242704,9.124322215255962,9.816211137040778,10.41771780616488,11.125905500418476,12.012404960714234,13.470513876313797,13.684910399572692,14.038132640198498,14.549560514969366,15.087131800238955,,,,,,,,,,,,,,,,,10.409999100264876,9.430714525312977,8.077121504685277,8.0247110230769,8.883002022182202,9.28049296034404,9.988445382749934,10.488996102753244,10.991100396727882,11.850460604410804,12.161455038590455,12.78535152765422,13.338774457101318,13.614486915482356,13.907184383299144,14.21493715884368,14.59850134082198,15.160035665978448,,,,,11.125905500418476,13.470513876313797,9.825921611429703,"rgba(38, 166, 154, 1.0)",1.1832357985442858,9.825921611429703,1.1105803172850124,78.81417499345143,25.665032533610784,True,False,True,False,False,19.034468407798016,0.0,0.0,0.0,0.0,0,1.189900849363269,0.7669785270712697,False,False,False,False,0.2923262596366658,0.30733480666472274,False,False,False,False,-3473922,-5203044.341309367,False,False,False,False,260749.38349544525,False,False,False,False
2024-02-23 00:00:00+00:00,11.21,11.26,11.04,11.16,150725,,,,,,,,,,,,,,,,,,,9.628265996285347,8.314266479458775,8.000504075445555,8.576363491536934,9.130490222379747,9.81993838657651,10.419672273587128,11.12601307159292,12.010545064773092,13.466035831984124,13.68008491279075,14.032796557638093,14.543620068322387,15.08058089767564,,,,,,,,,,,,,,,,,10.442591313723002,9.461215528366896,8.098210293607497,8.039703120277089,8.890157719169919,9.286057595656475,9.99164370785395,10.490754006645952,10.991541710696355,11.848928474388567,12.15930825228256,12.782060282857824,13.334519585182772,13.609772811770364,13.902028397776013,14.209387197303977,14.592505206062159,15.153400610337645,,,,,11.12601307159292,13.466035831984124,9.836308539215214,"rgba(38, 166, 154, 1.0)",1.2095442518978239,9.836308539215214,1.1357099656580647,78.29992557738458,25.665032533610784,True,False,True,False,False,19.49786545470716,0.0,0.0,0.0,0.0,0,1.1886375016010902,0.7671141955542102,False,False,False,False,0.3150015999897668,0.31116820332724476,False,False,False,False,-3323197,-5129324.8377286075,False,False,False,False,256434.70178974152,False,False,False,False
2024-02-26 00:00:00+00:00,11.27,11.33,11.1,11.16,187530,,,,,,,,,,,,,,,,,,,9.669592658054562,8.342022475450275,8.025274497803608,8.58720764400238,9.138349340349496,9.824763431902959,10.42229392575965,11.12633783154815,12.008415939657132,13.460641603697844,13.67425773319586,14.026331395751905,14.536396343531582,15.072592386750605,,,,,,,,,,,,,,,,,10.482645208841138,9.499055208707421,8.124583324388006,8.05853111088979,8.899244061288444,9.293166664069677,9.995811510370352,10.493131291756187,10.992281544407525,11.847208752018632,12.156820357260909,12.778144181621087,13.32940319900354,13.604084507076847,13.895788529740093,14.202653491669743,14.585211625856136,15.14530687198182,,,,,11.12633783154815,13.460641603697844,9.849336838926314,"rgba(38, 166, 154, 1.0)",1.2418914229142843,9.849336838926314,1.1439511819317394,78.16637287608953,25.665032533610784,True,False,True,False,False,19.89692307967138,0.0,0.0,0.0,0.0,0,1.197600811387403,0.7615966611874704,False,False,False,False,0.326086532832489,0.3186273680798669,False,False,False,False,-3135667,-5051142.177425524,False,False,False,False,253732.55662151639,False,False,False,False
2024-02-27 00:00:00+00:00,11.22,11.51,11.14,11.4,233267,,,,,,,,,,,,,,,,,,11.29,9.71987930261747,8.376482294030353,8.056096458070067,8.60085991707931,9.14830584583739,9.830959096240662,10.425757700241235,11.126951565196185,12.005976202874264,13.454137822393701,13.667215350812658,14.018493308732006,14.527608093475322,15.062847708018298,,,,,,,,,,,,,,,,,10.530499465333493,9.545392969007505,8.15736250880571,8.08205605854132,8.910720634578272,9.3021936313641,10.001192531217724,10.496291980535268,10.99341038173561,11.845279197245045,12.153933033677516,12.773478202677115,13.32324475527221,13.597214982107918,13.888231747837244,14.194478936643614,14.57633591712649,15.135430823937451,,,,11.29,11.126951565196185,13.454137822393701,9.822283387027548,"rgba(38, 166, 154, 1.0)",1.270748704611585,9.822283387027548,1.0999158274961027,77.43606789222133,25.665032533610784,True,False,True,False,False,19.320258088865387,-1.0,11.51,11.14,0.0,0,1.2004067603087574,0.7787794812022029,False,False,False,False,0.34282823130595286,0.3307277996929099,False,False,False,False,-3368934,-4985173.22929119,False,False,False,False,252929.9857736138,False,False,False,False
2024-02-28 00:00:00+00:00,10.66,11.15,10.5716,11.04,301538,,,,,,,,,,,,,,,,,,11.010266166048062,9.76130164101348,8.41246633840684,8.089105374871364,8.615086299660812,9.158090551924001,9.836193727494615,10.427647461027677,11.125344715876077,12.000678406197945,13.443873894061179,13.656286149447517,14.00659721339833,14.514587920733831,15.048678450909264,,,,,,,,,,,,,,,,,10.549242674088246,9.585797798565721,8.19218898192133,8.107337912930555,8.922334134407135,9.310859895677028,10.005430157117235,10.497809934666172,10.992437121496886,11.840593638973777,12.148101950628643,12.765487043017172,13.313409663841343,13.586498557060484,13.876675070172443,14.182186204842527,14.563211671001783,15.121101573951883,,,,11.010266166048062,11.125344715876077,13.443873894061179,9.82201064661825,"rgba(38, 166, 154, 0.5)",1.2797406127953348,9.82201064661825,0.6548118775033109,71.04135990067516,27.265937396952353,True,False,True,False,False,13.195224532891736,0.0,0.0,0.0,0.0,0,1.1274212753917074,0.8190306645759896,False,False,False,False,0.2388487957941167,0.2847882977435133,False,False,False,False,-3670472,-4933616.318338594,False,False,False,False,254836.18240994267,False,False,False,False
2024-02-29 00:00:00+00:00,10.29,10.78,10.19,10.61,253468,,,,,,,,,,,,,,,,,,10.82046696630905,9.781986215466905,8.437275253826577,8.112491521758173,8.624875118025969,9.164366478236678,9.83884938024118,10.42761460169676,11.122496026012763,11.994892313728462,13.434098680366489,13.645971802131124,13.995509448310745,14.502620718479452,15.035800375584124,,,,,,,,,,,,,,,,,10.541947490762498,9.607890536514796,8.216653960081407,8.125320521465301,8.930057909080755,9.316250159638864,10.007284796519642,10.497477718641962,10.990099776143294,11.835291936947804,12.141896444012742,12.757555223938398,13.303983423744958,13.576356175112624,13.865857248482568,14.170789087471773,14.551162633927692,15.10809524449897,,,,10.82046696630905,11.122496026012763,13.434098680366489,9.819679434054942,#000000,1.2745503641019316,9.819679434054942,0.3690090083466042,63.96337015440684,20.69702321542458,False,True,True,False,False,9.495864771618088,0.0,0.0,0.0,0.0,0,1.1001484960458614,0.8284813113697322,False,False,False,False,0.15173640612741593,0.21826235193546462,False,False,False,False,-3923940,-4894021.168599826,False,False,False,False,254782.52819778805,False,False,False,False
2024-03-01 00:00:00+00:00,10.12,10.3,9.99,10.28,283607,,,,,,,,,,,,,,,,,,10.639541348160865,9.794025303927867,8.460452838133687,8.134962896780985,8.633993800243347,9.16974711646691,9.840357519328181,10.426222510823104,11.118061153144435,11.987312492384664,13.422214637627091,13.633501877995425,13.982207579708136,14.488389650937938,15.020596399983024,,,,,,,,,,,,,,,,,10.517871587955648,9.623108674234098,8.239959574709127,8.14266890376733,8.936980618145586,9.32068723336283,10.007929203934,10.49576222400024,10.986218462248729,11.82822832082714,12.13387182597397,12.747675565704352,13.292479826698303,13.564072734340252,13.852844424697357,14.157161216288973,14.536844735429938,15.092753039192363,,,,10.639541348160865,11.118061153144435,13.422214637627091,9.815204589128939,#000000,1.2648024451379565,9.815204589128939,0.24098262305131385,58.11134204540775,15.499142894883647,False,True,True,False,False,7.866267100870104,0.0,0.0,0.0,0.0,0,1.085085833208771,0.8660473031240299,False,False,False,False,0.07395028457436713,0.14610631825491588,False,False,False,False,-4207547,-4867100.612968461,False,False,False,False,255912.89964101207,False,False,False,False
2024-03-04 00:00:00+00:00,9.99,10.15,9.82,10.15,187406,,,,,,,,,,,,,,,,,,10.542381026708787,9.79825139640442,8.474084856692327,8.148447722646518,8.639363771438052,9.172723535212286,9.840845473109162,10.424837152960302,11.114707864539524,11.981934400173548,13.41405223780283,13.62495894874286,13.973127083734232,14.478714244629996,15.010294392396315,,,,,,,,,,,,,,,,,10.497806867635703,9.62989364866381,8.253858254546726,8.153119254257772,8.940945152590123,9.323058827172067,10.007859454331586,10.494167766063565,10.983223592518208,11.82318181744037,12.128208737061266,12.74081519995148,13.28456491708443,13.555650797956586,13.8439502616733,14.147872308101602,14.527113604749346,15.082361579697668,,,,10.542381026708787,11.114707864539524,13.41405223780283,9.812234591755244,#000000,1.24851804043795,9.812234591755244,0.14238112905633335,53.36994640906383,11.401916168845538,False,True,False,False,False,6.637685578335745,0.0,0.0,0.0,0.0,0,1.0686726717102932,0.8792505522427351,False,False,False,False,0.03909884677941185,0.09260258251716386,False,False,False,False,-4394953,-4848585.0203030305,False,False,False,False,253226.35455705083,False,False,False,False
2024-03-05 00:00:00+00:00,9.43,9.94,9.42,9.9,163246,,,,,,,,,,,,,,,,,,10.433853354628697,9.794471452909537,8.482751599728307,8.157576672948123,8.642662817369075,9.174064771328581,9.840138155651283,10.422569711726496,11.110798738339788,11.976362049267722,13.406168193488558,13.616755709071294,13.964480249365673,14.469591212824382,15.000660791685505,,,,,,,,,,,,,,,,,10.469101502437196,9.629362126925015,8.263101548232417,8.16021048970187,8.943095381965387,9.323904927763005,10.006687820323071,10.491725884553068,10.979614172807382,11.817879648440433,12.122406072899942,12.734024686679602,13.276889520388533,13.547548712143948,13.835456028849459,14.139059367417964,14.517945660665372,15.072654024102201,,,,10.433853354628697,11.110798738339788,13.406168193488558,9.805996641352321,#000000,1.234606374883354,9.805996641352321,-0.30454778867300564,47.215066559743356,5.9841722235757615,False,True,False,True,False,1.6429012639777127,0.0,0.0,0.0,0.0,0,1.0341465053011054,0.8947615902195454,False,False,False,False,-0.027144833043498268,0.032728874736832794,False,False,False,False,-4558199,-4837197.333232324,False,False,False,False,249697.71320187236,False,False,False,False
2024-03-06 00:00:00+00:00,9.16,9.56,9.11,9.52,217236,,,,,,,,,,,,,,,,,,10.280549590104618,9.781865398491117,8.490825105537052,8.166885888064293,8.645557047351579,9.17449491912901,9.837974457222726,10.418409897031031,11.104535047665717,11.967995289429865,13.394849978156783,13.605026276291184,13.952187377093335,14.456709909246676,14.987138152185231,,,,,,,,,,,,,,,,,10.420610125092288,9.622010705030078,8.27230166875705,8.167461391572669,8.944544661826457,9.323711333222768,10.003930243835669,10.487342528695152,10.97373537726297,11.809852077751524,12.113752330071756,12.724116668992199,13.265841252578788,13.535949225252349,13.823355693660956,14.126562072764942,14.505008502431501,15.059037275855118,,,,10.280549590104618,11.104535047665717,13.394849978156783,9.794729637653681,"rgba(239, 83, 80, 0.5)",1.2205298952614543,9.794729637653681,-0.5200443185520771,41.97257425987939,1.4468679469625414,False,True,False,True,False,0.0,0.0,0.0,0.0,0.0,0,1.0265820517986257,0.9210932778188167,False,False,False,False,-0.10239585713134493,-0.03483349119725607,False,False,False,False,-4775435,-4834775.280948704,False,False,False,False,248424.7048410146,False,False,False,False
2024-03-07 00:00:00+00:00,9.19,9.38,9.07,9.14,112880,,,,,,,,,,,,,,,,,,10.21181509746015,9.774763183415153,8.494622863584999,8.171389671444881,8.646900661728385,9.174579342746174,9.836730587571038,10.41614103798511,11.101184986278763,11.96356637552372,13.388903206265795,13.598867618331516,13.945739003283416,14.449960206663834,14.9800590726542,,,,,,,,,,,,,,,,,10.395627356664717,9.617631867338982,8.276719282422675,8.170979027714585,8.94515011477935,9.323476779103139,10.002381495550345,10.4849588170875,10.97058323488046,11.80559700049719,12.109176508313732,12.718896489719882,13.260033658498887,13.52985749616666,13.817006222785633,14.120009097292037,14.498230162746843,15.051909760667261,,,,10.21181509746015,11.101184986278763,13.388903206265795,9.789239939188864,#000000,1.203212786256328,9.789239939188864,-0.49803322075169876,38.74764940804638,-1.2827740868236646,False,True,False,True,False,0.0,0.0,0.0,0.0,0.0,0,1.0184262836977647,0.9274116096754742,False,False,False,False,-0.12659300319768846,-0.08071324719747226,False,False,False,False,-4662555,-4828021.544440912,False,False,False,False,243109.22621979835,False,False,False,False
2024-03-08 00:00:00+00:00,9.13,9.295,9.05,9.18,129022,,,,,,,,,,,,,,,,,,10.139580155004156,9.76608533572386,8.498586633989985,8.176221015864357,8.648280281824048,9.174539078623154,9.83518999508448,10.413440064609162,11.097259233982808,11.958420642272674,13.382037460668373,13.591761367230632,13.938304551942066,14.442185732343859,14.97191193581931,,,,,,,,,,,,,,,,,10.367038238227984,9.612074953760851,8.281424553867803,8.174760194475013,8.945697574927177,9.32307663623313,10.000495813861734,10.482127761046529,10.966881793452927,11.80064766110299,12.103864988309851,12.712855482103114,13.253325979409366,13.522827184313043,13.809683706816335,14.1124566944937,14.49042333867564,15.043707714712486,,,,10.139580155004156,11.097259233982808,13.382037460668373,9.783091380896742,"rgba(239, 83, 80, 0.5)",1.18465111753291,9.783091380896742,-0.5512942766279022,36.32470850096861,-3.4367895309216223,False,True,False,True,False,0.0,0.0,0.0,0.0,0.0,0,1.0183188817710473,0.9242264435833955,False,False,False,False,-0.13819210458636866,-0.10945267589192045,False,False,False,False,-4791577,-4826592.3466197,False,False,False,False,238635.21734843374,False,False,False,False
2024-03-11 00:00:00+00:00,9.01,9.19,9.0,9.06,70825,,,,,,,,,,,,,,,,,,10.10066118322113,9.760721873910613,8.500442902205911,8.178607400257965,8.64889890868922,9.174392519014638,9.8342331480639,10.411854398427147,11.095009415866338,11.955511765041852,13.378196471867362,13.587789685314384,13.934155236547312,14.437853867255356,14.967378990042489,,,,,,,,,,,,,,,,,10.350751119955667,9.608476562940975,8.283718388294432,8.17663123380686,8.94586786327872,9.322736044423271,9.999351990107453,10.480471562399872,10.964753694925411,11.797844662668643,12.100866932260875,12.709462759397532,13.24957098673769,13.5188967357353,13.805594858013679,14.10824413524345,14.486074070969917,15.039145027716321,,,,10.10066118322113,11.095009415866338,13.378196471867362,9.779546831875,"rgba(239, 83, 80, 0.5)",1.167890097261287,9.779546831875,-0.658920589942149,34.154991827516795,-5.523345520297298,False,True,False,True,False,0.0,0.0,0.0,0.0,0.0,0,1.0105707069021155,0.9415829355409422,False,False,False,False,-0.15538330584797413,-0.1324179908699473,False,False,False,False,-4862402,-4827996.646752262,False,False,False,False,232054.42451124027,False,False,False,False
2024-03-12 00:00:00+00:00,8.76,8.99,8.735,8.99,114335,,,,,,,,,,,,,,,,,,10.03027725966819,9.74932057843475,8.502163453680545,8.181406258633274,8.649326190304862,9.17363517114242,9.832215428637824,10.408850335543123,11.090962440135842,11.950441803659508,13.371668289290188,13.581055550110555,13.927144510606682,14.430565868995048,14.959781008695604,,,,,,,,,,,,,,,,,10.320578734605897,9.600255036418377,8.286274603650472,8.178830800140544,8.945601372125388,9.321678149640158,9.99704104192413,10.47735673547194,10.960898167324105,11.792937993645372,12.095660361024718,12.703641618912105,13.243178797977192,13.512227424702292,13.798677735590257,14.101137711169336,14.478759484826567,15.031500677970522,,,,10.03027725966819,11.090962440135842,13.371668289290188,9.772502577739337,"rgba(239, 83, 80, 0.5)",1.146806769149651,9.772502577739337,-0.8828885606335409,31.635073919546244,-8.062232645667038,False,True,False,True,False,0.0,0.0,0.0,0.0,0.0,0,0.9897729031687414,0.9568803484952346,False,False,False,False,-0.2075515173884729,-0.1699847541292101,False,False,False,False,-4976737,-4833829.601781584,False,False,False,False,227437.97649119166,False,False,False,False
2024-03-13 00:00:00+00:00,8.5,8.78,8.46,8.72,142386,,,,,,,,,,,,,,,,,,9.936805558442455,9.731781154086772,8.502668791518696,8.183533151886747,8.649121212008637,9.172021664634478,9.829095176624572,10.404539845756906,11.08539180282473,11.943650534372562,13.363121687244517,13.572259054501638,13.918016726654288,14.42111511677026,14.94996302368529,,,,,,,,,,,,,,,,,10.278654141867229,9.58703866132565,8.287981496852376,8.180509921303772,8.944571961420946,9.31970704590462,9.993567033276774,10.472912406978553,10.955559276090291,11.786340188739526,12.088708468021355,12.695953704677024,13.234797821010677,13.503509385353395,13.789661347681218,14.09189894713381,14.469277552908396,15.02162707047852,,,,9.936805558442455,11.08539180282473,13.363121687244517,9.762272551295816,"rgba(239, 83, 80, 1.0)",1.125373563604259,9.762272551295816,-1.121647595179957,28.980210742550142,-10.79521622096253,False,True,False,True,False,0.0,0.0,0.0,0.0,0.0,0,0.9796470691779617,0.9686454849498332,False,False,False,False,-0.2631824185722842,-0.21658358635074715,False,False,False,False,-5119123,-4845017.578182307,False,False,False,False,224102.6048640861,False,False,False,False
2024-03-14 00:00:00+00:00,8.34,8.465,8.13,8.45,257892,,,,,,,,,,,,,,,,,,9.766926364228889,9.694220396649744,8.500448909050242,8.184759662724883,8.647323679103376,9.167806965112538,9.822277540646564,10.395643494535781,11.074290931470351,11.930443766863373,13.346855226999956,13.555553077932485,13.90073633686413,14.403292465816483,14.93151138354792,,,,,,,,,,,,,,,,,10.19642941323371,9.557801235508842,8.28822819434331,8.181496736222197,8.941360660569371,9.314878047883742,9.986131790511514,10.463781934177835,10.944864680860546,11.773464531363087,12.075229213145132,12.681198910876565,13.21882384130347,13.486941018985913,13.772572711884163,14.074433210703278,14.451402127593624,15.003078797826491,,,,9.766926364228889,11.074290931470351,13.346855226999956,9.741628946752995,"rgba(239, 83, 80, 1.0)",1.104792720358278,9.741628946752995,-1.268680469127688,26.663629508021245,-13.257015213557693,False,True,False,True,False,0.0,0.0,0.0,0.0,0.0,0,0.954866733773907,0.9912468817016064,False,False,False,False,-0.3397858355988717,-0.27818471097480946,False,False,False,False,-5377015,-4865880.222175158,False,False,False,False,225427.67918314156,False,False,False,False
2024-03-15 00:00:00+00:00,8.25,8.48,8.21,8.39,201881,,,,,,,,,,,,,,,,,,9.656977310609625,9.666209525559763,8.498761866938128,8.185715923089198,8.645936776749648,9.164542718871521,9.816989052238723,10.3887374518379,11.06566804888334,11.920176910008845,13.33419875322588,13.54255342630077,13.887287204423867,14.389416870971365,14.917142255504498,,,,,,,,,,,,,,,,,10.136760669714029,9.53586212927052,8.288431234416201,8.182268684531673,8.93887605862636,9.31113624039063,9.980362854051913,10.45669363765421,10.936558265394938,11.763456524691374,12.06474907836291,12.669722175207546,13.206395589571038,13.474048859807548,13.75927379554683,14.06083823179249,14.437485062400496,14.988633984896891,,,,9.656977310609625,11.06566804888334,13.33419875322588,9.727006094176428,"rgba(239, 83, 80, 1.0)",1.082979739939212,9.727006094176428,-1.3638353883326872,24.817365967624923,-15.330251215312032,False,True,False,True,False,0.0,0.0,0.0,0.0,0.0,0,0.977684966830494,0.9815418861437416,False,False,False,False,-0.3282791661722528,-0.30323193857353115,False,False,False,False,-5578896,-4893841.625227112,False,False,False,False,224504.27999948896,False,False,False,False
2024-03-18 00:00:00+00:00,8.39,8.39,8.02,8.25,342393,,,,,,,,,,,,,,,,,,9.49889951366737,9.619662250400056,8.49526627368182,8.186724317543272,8.643284357822209,9.158762752507453,9.807828198176127,10.376867823311866,11.050920123450178,11.902673211478723,13.312679926973463,13.520457171287978,13.864434972542966,14.36584803088845,14.892742929603152,,,,,,,,,,,,,,,,8.266666666666667,10.041385900628427,9.499015454276282,8.288136736639588,8.183098577599706,8.934395749281872,9.30455976572828,9.970397732314048,10.444518592276,10.92234121889985,11.746386712030333,12.046888037675146,12.6501877048793,13.185260795600678,13.452133457217792,13.7366741583552,14.037741037123935,14.413846489298429,14.964107199895555,,,,9.49889951366737,11.050920123450178,13.312679926973463,9.52195593584507,"rgba(239, 83, 80, 1.0)",1.0677214604562377,9.52195593584507,-1.0601603299809892,25.31435569561591,-15.330251215312032,False,True,False,True,False,0.0,0.0,0.0,0.0,0.0,0,0.9701683708098876,0.9849473430692095,False,False,False,False,-0.34282825441539394,-0.32303009649446257,False,False,False,False,-5236503,-4907279.326198598,False,False,False,False,229127.36705833251,False,False,False,False
2024-03-19 00:00:00+00:00,8.42,8.47,8.27,8.31,191438,,,,,,,,,,,,,,,,,,9.432419464284601,9.597152481518904,8.494359404957152,8.188107257577592,8.642284844684694,9.155993750848205,9.803148388482573,10.370663114248282,11.043094317343721,11.893280074498351,13.301012072047346,13.508463591343343,13.85201086660579,14.353006909373999,14.87942435980772,,,,,,,,,,,,,,,,8.309700061130458,9.995509744773422,9.481248165251232,8.28887656359224,8.184211646109192,8.932362188834398,9.301339686937734,9.965265293625967,10.438141970036419,10.914814227063722,11.737241751258898,12.037289333811673,12.639637929842563,13.173808975657424,13.44024208367031,13.724394603141706,14.025173930503968,14.400964980663375,14.950716004856956,,,,9.432419464284601,11.043094317343721,13.301012072047346,9.51379671612797,"rgba(239, 83, 80, 1.0)",1.051820421079511,9.51379671612797,-1.039908233579814,26.02038730981546,-15.330251215312032,False,True,False,True,False,0.0,0.0,0.0,0.0,0.0,0,0.9799110582744426,0.9870660238205313,False,False,False,False,-0.30413940941303913,-0.3135847529537509,False,False,False,False,-5045065,-4912682.685955516,False,False,False,False,227649.3526638881,False,False,False,False
2024-03-20 00:00:00+00:00,8.57,8.62,8.22,8.35,210151,,,,,,,,,,,,,,,,,,9.373159244130703,9.57500736348732,8.494138134624635,8.190231483533283,8.641551345972115,9.153303647798236,9.798346639167569,10.364180515730665,11.034824147058902,11.883270054526811,13.288483282532876,13.495575168451204,13.838644006390826,14.339169932176846,14.86505339490699,,,,,,,,,,,,,,,,8.354979641084507,9.950452916494909,9.4638223836015,8.290357290214255,8.185916790163564,8.930485421296694,9.298150448808752,9.959964735073253,10.431469885729914,10.90687342779818,11.727508283435572,12.027049369426543,12.628342614245138,13.161518258739338,13.427466649653164,13.711188904828829,14.011645533723001,14.387082613536286,14.936264297145952,,,,9.373159244130703,11.034824147058902,13.288483282532876,9.506236187260228,"rgba(239, 83, 80, 0.5)",1.036033983234186,9.506236187260228,-0.9036732408502475,28.36342801639683,-15.330251215312032,False,True,False,True,False,0.0,0.0,0.0,0.0,0.0,0,0.9733064746934375,0.990093124628492,False,False,False,False,-0.2925925348823901,-0.3030886439180705,False,False,False,False,-4834914,-4909632.933565103,False,False,False,False,226963.14275550036,False,False,False,False
2024-03-21 00:00:00+00:00,8.59,8.74,8.53,8.53,182607,,,,,,,,,,,,,,,,,,9.334908884913636,9.558977258649792,8.495123783444107,8.193027263074063,8.641471911511733,9.151492591573069,9.794670237816009,10.35902661359063,11.028098733483354,11.87499959935741,13.277986524675754,13.48476209333288,13.827405923538784,14.327505216846045,14.85290989953316,,,,,,,,,,,,,,,,8.407208377536678,9.917161995697509,9.45137388823468,8.292682464272078,8.188155664591989,8.929394166280021,9.295897376367728,9.955849951258708,10.426149479984824,10.900437332643053,11.719484821401275,12.01857236143092,12.618929577760046,13.151230290020603,13.416753147754623,13.700094692977336,14.000260405448417,14.375376899895343,14.924049065021574,,,,9.334908884913636,11.028098733483354,13.277986524675754,9.502029639816246,"rgba(239, 83, 80, 0.5)",1.025509726038654,9.502029639816246,-0.8893427499115399,30.175966745418272,-15.330251215312032,False,True,False,True,True,0.0,0.0,0.0,0.0,0.0,0,0.9845297029702972,0.9845297029702972,False,False,False,False,-0.24375405696872457,-0.27342135044339755,False,False,False,False,-4652307,-4899541.720484119,False,False,False,False,225223.68617685328,False,False,False,False
2024-03-22 00:00:00+00:00,8.37,8.6,8.28,8.59,169308,,,,,,,,,,,,,,,,,,9.293615269785061,9.541472058137325,8.494558223705203,8.194368066500138,8.640706280661758,9.149186180917692,9.790695524940341,10.353719647718975,11.021372804498084,11.866892155809571,13.267873310536652,13.474362027499001,13.816624280073471,14.316348669696652,14.841326986793476,,,,,,,,,,,,,,,,8.408669613415617,9.883139943321101,9.43741202777109,8.293488041910239,8.189243221622121,8.927728765466773,9.293197298694238,9.951480073422331,10.420692191129572,10.893973053407183,11.7115970229616,12.010282336201762,12.609799728476377,13.141306961301991,13.406443203307935,13.689441579982343,13.989349996773088,14.364184131768305,14.91240164370176,,,,9.293615269785061,11.021372804498084,13.267873310536652,9.494515765499322,"rgba(239, 83, 80, 1.0)",1.0154927441962298,9.494515765499322,-1.1073597245536067,30.036983397038433,-15.330251215312032,False,True,False,True,True,0.0,0.0,0.0,0.0,0.0,0,0.9648529314851835,0.99450827054456,False,False,False,False,-0.28799510242631654,-0.28070822643485704,False,False,False,False,-4821615,-4896485.7706612125,False,False,False,False,223030.91416991787,False,False,False,False
2024-03-25 00:00:00+00:00,8.32,8.4,8.28,8.4,188977,,,,,,,,,,,,,,,,,,9.247718080250463,9.521154780314824,8.493271369426596,8.195291823953925,8.639542255691145,9.146337940510916,9.786018621240512,10.347576937262854,11.013667426540888,11.85767013688899,13.256441740644219,13.462613614457771,13.804455801897769,14.303770475105406,14.828280534452848,,,,,,,,,,,,,,,,8.397589286316533,9.844885621523973,9.421030095738558,8.293774929184108,8.19000461590363,8.925581590557396,9.289918396404659,9.946368503977624,10.414383972095528,10.88655604477686,11.702615706032647,12.000860656343734,12.599454382172478,13.130085325840971,13.394794269716984,13.677414360317673,13.977040985015615,14.351566271770041,14.899284099091913,,,,9.247718080250463,11.013667426540888,13.256441740644219,9.485164399885182,"rgba(239, 83, 80, 1.0)",0.9985506253330498,9.485164399885182,-1.1668556108475328,29.656380391974267,-15.330251215312032,False,True,False,True,True,0.0,0.0,0.0,0.0,0.0,0,0.9716654073514379,1.0050002222320993,False,False,False,False,-0.31110531402880476,-0.2959067702318309,False,False,False,False,-5010592,-4900960.52475293,False,False,False,False,221695.4665554113,False,False,False,False
2024-03-26 00:00:00+00:00,8.26,8.42,8.25,8.33,103203,,,,,,,,,,,,,,,,,,9.223864556783976,9.510132755737613,8.49247596806786,8.195706735670083,8.638862122635778,9.144746454723835,9.78343632731306,10.344199381589531,11.009441561662666,11.852620946563682,13.250191649177518,13.456191197934631,13.797804953994744,14.296896889541008,14.821152225214096,,,,,,,,,,,,,,,,8.391077056003859,9.824470721779727,9.412099727705291,8.293838476898515,8.190349896269932,8.924369583807493,9.288093733532733,9.943550430705676,10.410916589002406,10.882486771763054,11.697697186147039,11.995703094366105,12.593794960981768,13.123949415943159,13.388425956758486,13.670840323367493,13.97031375336382,14.344671115741566,14.892117103614835,,,,9.223864556783976,11.009441561662666,13.250191649177518,9.480090801890006,"rgba(239, 83, 80, 1.0)",0.9821932618407007,9.480090801890006,-1.2422105193467405,29.04720694453124,-15.330251215312032,False,True,False,True,True,0.0,0.0,0.0,0.0,0.0,0,0.9518185688994465,1.0182080989624185,False,False,False,False,-0.312269130936189,-0.30408795058400995,False,False,False,False,-5113795,-4909306.9747626195,False,False,False,False,217048.70316108142,False,False,False,False
2024-03-27 00:00:00+00:00,8.33,8.36,8.28,8.29,98882,,,,,,,,,,,,,,,,,,9.20243831939187,9.499874025733417,8.491775533567825,8.196147518755033,8.638239408489657,9.143251540012862,9.780992925609675,10.340994870822206,11.005424940567789,11.847814781766962,13.244234163490633,13.450068586443177,13.791463102550923,14.290340500515944,14.814350936812058,,,,,,,,,,,,,,,,8.38657213368582,9.805581370735492,9.40377880842884,8.293948747015442,8.190715519791205,8.923237896355925,9.286375575995816,9.940881401755682,10.407626099700469,10.878620060051988,11.693016454471318,11.990792805413511,12.588403319015908,13.118101289397645,13.382355204799348,13.664572251868641,13.963898297009333,14.338093964587054,14.885278673293424,,,,9.20243831939187,11.005424940567789,13.244234163490633,9.475474657546918,"rgba(239, 83, 80, 1.0)",0.9663332385515866,9.475474657546918,-1.1853826525348983,29.72888437385791,-15.330251215312032,False,True,False,True,True,0.0,0.0,0.0,0.0,0.0,0,0.9527158648183385,1.0223679441877322,False,False,False,False,-0.31576551798387703,-0.30992673428394346,False,False,False,False,-5014913,-4913448.387517027,False,False,False,False,212414.71480182334,False,False,False,False
2024-03-28 00:00:00+00:00,8.46,8.535,8.34,8.35,140995,,,,,,,,,,,,,,,,,,9.177584599935349,9.48703053171893,8.491500957423256,8.197367010036482,8.637697143597807,9.141444251004605,9.77781263394061,10.336717597712342,10.999977269607278,11.841220099075223,13.235973723258539,13.441570210709942,13.782646320216465,14.281206766389591,14.804858940914759,,,,,,,,,,,,,,,,8.391632495963236,9.781599429356108,9.393443238823114,8.294749711634799,8.191708506984542,8.921957360160272,9.284244404314249,9.937375943631555,10.403224954174698,10.873388272923162,11.686604825600863,11.984045455119338,12.580957563615463,13.109998067644566,13.373931670188503,13.655863042932479,13.954972496548368,14.328929675607583,14.875732740098005,,,,9.177584599935349,10.999977269607278,13.235973723258539,9.470353056927163,"rgba(239, 83, 80, 1.0)",0.9524769416243062,9.470353056927163,-1.0607637967635801,32.125644251988305,-15.330251215312032,False,True,False,True,True,0.0,0.0,0.0,0.0,0.0,0,0.9585458454360405,1.0134368638931455,False,False,False,False,-0.28856913026776326,-0.29924793227585333,False,False,False,False,-4873918,-4911898.176241849,False,False,False,False,209613.9416723401,False,False,False,False
2024-04-01 00:00:00+00:00,8.43,8.565,8.3,8.41,247491,,,,,,,,,,,,,,,,,,9.13696172473844,9.464947601320253,8.490890721333836,8.19936523467656,8.636687265428067,9.138234103252442,9.772211193332659,10.329203518983794,10.990421115851815,11.829660735909258,13.221502422387331,13.426682823263594,13.767201700488917,14.265206529246402,14.788230922237094,,,,,,,,,,,,,,,,8.396915560484757,9.741086429110581,9.375582276412416,8.296012348087032,8.193342116570632,8.919663743731514,9.280470494099175,9.93120769781294,10.395494814554526,10.864208892371211,11.675365342022516,11.97221921626309,12.56791048182489,13.095801631376343,13.359175179979097,13.640606755694014,13.939336758003902,14.312875879717733,14.859010250060738,,,,9.13696172473844,10.990421115851815,13.221502422387331,9.461413609708757,"rgba(239, 83, 80, 1.0)",0.9404380424639243,9.461413609708757,-1.0967374384456832,33.464872128082135,-15.330251215312032,False,True,False,True,True,0.0,0.0,0.0,0.0,0.0,0,0.9718909019253286,1.0028978451623374,False,False,False,False,-0.2897177417874125,-0.2944828370316329,False,False,False,False,-5121409,-4920114.2869774625,False,False,False,False,211099.3165087189,False,False,False,False
2024-04-02 00:00:00+00:00,8.49,8.525,8.32,8.35,171338,,,,,,,,,,,,,,,,,,9.111820700534292,9.450383604852247,8.490568976709351,8.200807018399216,8.636038998551198,9.136070292626737,9.768398844650775,10.324072460550886,10.983881198705943,11.821735217163695,13.21156265079532,13.416455382908048,13.756588103514959,14.254205944963248,14.776794121600151,,,,,,,,,,,,,,,,8.400940751087601,9.714706126877628,9.36377004967418,8.296957500360287,8.194522642434487,8.918131445722766,9.277918062348993,9.9270046493693,10.39021474610298,10.857928944417646,11.667661407617363,11.964108591130548,12.558954910196702,13.086051756358732,13.349038279570625,13.63012382346991,13.928589972894805,14.301838023412591,14.847507932092036,,,,9.111820700534292,10.983881198705943,13.21156265079532,9.455589921079692,"rgba(239, 83, 80, 1.0)",0.9242310073550979,9.455589921079692,-1.0447495413976127,35.29827545892374,-20.224686208293306,False,True,False,True,True,0.0,0.0,0.0,0.0,0.0,0,0.9676180918595967,1.0,False,False,False,False,-0.29201720131701825,-0.2932500191743256,False,False,False,False,-4950071,-4921289.060037171,False,False,False,False,209540.0491946515,False,False,False,False
2024-04-03 00:00:00+00:00,8.86,8.865,8.45,8.45,109561,,,,,,,,,,,,,,,,,,9.103037791091309,9.4438202587418,8.491615288484617,8.202767111939137,8.636230964573173,9.135251466359279,9.766485874218365,10.321292785716679,10.980176137679189,11.817105343613555,13.205600473076071,13.410304591397068,13.750180063936122,14.247531458603067,14.769824967731871,,,,,,,,,,,,,,,,8.417405774928925,9.70199048083537,9.358627091057002,8.298686848902674,8.196109117830444,8.91773359797823,9.276840013343065,9.924834904472869,10.387337240476944,10.854394337983951,11.663180750222313,11.959352922579056,12.553637062438392,13.080213502476182,13.342947038498135,13.623803507075046,13.922089786586321,14.295138065546576,14.84049516136155,,,,9.103037791091309,10.980176137679189,13.205600473076071,9.453890891841768,"rgba(239, 83, 80, 0.5)",0.9180481056709321,9.453890891841768,-0.6469060697072496,41.21250183709148,-14.515875307886084,False,True,False,True,True,0.0,0.0,0.0,0.0,0.0,0,0.9742985526330991,0.9768975754005383,False,False,False,False,-0.23871204010821023,-0.2659810296412679,False,False,False,False,-4840510,-4918121.253761203,False,False,False,False,205619.30216741026,False,False,False,False
2024-04-04 00:00:00+00:00,8.47,8.96,8.44,8.95,121125,,,,,,,,,,,,,,,,,8.623333333333333,9.091291163009975,9.435694118287085,8.492262031052451,8.204498546742805,8.636200268866956,9.13412660591468,9.764173487282873,10.318035940257015,10.97591011084137,11.811835114167842,13.198878267221572,13.403376190506576,13.742971691941829,14.240035722319643,14.762009617544354,,,,,,,,,,,,,,,,8.428357834215674,9.686883833522225,9.352139872229737,8.30013045485187,8.197517000967112,8.917064650587271,9.275434385247134,9.922242760024314,10.38397371752931,10.850314348974726,11.658072165873174,11.953946772432895,12.547619406396647,13.073626949280161,13.336083681270631,13.616690401249178,13.914782180294551,14.287614795191004,14.832632299288282,,,,9.091291163009975,10.97591011084137,13.198878267221572,9.299479223186895,"rgba(239, 83, 80, 0.5)",0.9141387518639168,9.299479223186895,-0.9073887541640662,41.4251309662755,-14.304493322773936,False,True,False,True,True,0.0,0.0,0.0,0.0,0.0,0,0.964395985006437,0.9837645691629353,False,False,False,False,-0.22922041475312901,-0.24760072219719848,False,False,False,False,-4961635,-4919827.675182332,False,False,False,False,202305.80012162947,False,False,False,False
2024-04-05 00:00:00+00:00,8.42,8.54,8.3,8.42,76245,,,,,,,,,,,,,,,,,8.544784668389319,9.081100913910298,9.429401171739151,8.49203937541862,8.205055572814612,8.635876860429596,9.133140211428215,9.762464115284615,10.315747035084831,10.973001259185464,11.808315564955128,13.194469328225003,13.398840139287147,13.738264798219761,14.235157150286579,14.756937630225373,,,,,,,,,,,,,,,,8.42808709483537,9.67581282570485,9.346991723276549,8.300465042933928,8.197977559885178,8.916354707569859,9.274277748273457,9.92036176317229,10.381619280104916,10.84751995307961,11.65465037307665,11.950345513889706,12.54364511132729,13.069301884951376,13.331587646850764,13.61204135196365,13.910016198411844,14.282719689119197,14.827531281952542,,,,9.081100913910298,10.973001259185464,13.194469328225003,9.293103944126035,"rgba(239, 83, 80, 0.5)",0.911355351428979,9.293103944126035,-0.9580279994593028,41.16381069973641,-14.304493322773936,False,True,False,True,True,0.0,0.0,0.0,0.0,0.0,0,0.9536222340799948,1.004825104165484,False,False,False,False,-0.2925925348823901,-0.2700966285397943,False,False,False,False,-5037880,-4924457.178116359,False,False,False,False,197362.23933254596,False,False,False,False
2024-04-08 00:00:00+00:00,8.63,8.63,8.44,8.44,68475,,,,,,,,,,,,,,,,,8.550420921965808,9.074181909098444,9.424627208261242,8.492245315910127,8.205893064962746,8.63578400596293,9.132438372716193,9.761099959927778,10.313854762475614,10.970544237353872,11.805297459410227,13.190638047879935,13.394893180554243,13.734161047980251,14.230893040816404,14.752494697091866,,,,,,,,,,,,,,,,8.432004723138176,9.667175790637797,9.343140333946677,8.30113069249322,8.198661727771896,8.915906730953715,9.273419528304174,9.918841210821494,10.379667323697747,10.84516709749883,11.651722509169778,11.947251609970591,12.540209065196631,13.065546745285033,13.32767716592443,13.607990908178104,13.905857111554067,14.278440197662821,14.823061716543942,,,,9.074181909098444,10.970544237353872,13.190638047879935,9.291810245894926,"rgba(239, 83, 80, 0.5)",0.9075739763370164,9.291810245894926,-0.7292080460107527,43.319801443023664,-12.20281006254671,False,True,False,True,True,0.0,0.0,0.0,0.0,0.0,0,0.970010624807211,0.9968582559321842,False,False,False,False,-0.26631467054350005,-0.26820564954164716,False,False,False,False,-4969405,-4926219.83779807,False,False,False,False,192307.83779009318,False,False,False,False
2024-04-09 00:00:00+00:00,8.79,8.96,8.67,8.71,143099,,,,,,,,,,,,,,,,8.806666666666667,8.640087257260978,9.066868355827047,9.417562831056376,8.494048181207619,8.208786791528839,8.636261776480259,9.131597069413697,9.75882997898097,10.31045487010266,10.965936746033146,11.799474391934604,13.18306639596089,13.387074584365248,13.726003356870438,14.222379286911671,14.743589857396536,,,,,,,,,,,,,,,,8.452904423077122,9.65339654800144,9.337663390334496,8.303758708551289,8.20101045785807,8.915615055464572,9.272239489824804,9.916236618437981,10.376139854074951,10.84078201211334,11.646096355853897,11.941261928644206,12.53348010499841,13.058137004047705,13.319936642308098,13.599949228417499,13.897576082021864,14.269892490690678,14.814099313864553,,,,9.066868355827047,10.965936746033146,13.18306639596089,9.18704551681316,#000000,0.9044682475424279,9.18704551681316,-0.4389822615575417,46.325287787865975,-9.245417180746188,False,True,False,False,True,0.0,0.0,0.0,0.0,0.0,0,0.9764821887998552,0.9776155772914285,False,False,False,False,-0.2037343619449703,-0.23597000574330873,False,False,False,False,-4826306,-4922301.648080499,False,False,False,False,190378.07944538366,False,False,False,False
2024-04-10 00:00:00+00:00,8.56,8.66,8.48,8.59,68611,,,,,,,,,,,,,,,,8.72888744036654,8.629538817518402,9.060396535548177,9.412924380558298,8.494247277539003,8.20961138380696,8.636168606623855,9.13089842866616,9.757472057763824,10.308570877759783,10.963489796694224,11.796467196330076,13.179246742183716,13.383139353775643,13.721911244570927,14.218126231300525,14.739157534738212,,,,,,,,,,,,,,,,8.455867840161423,9.645116611409065,9.333907794183009,8.304412374262974,8.201686466828287,8.91516890565623,9.27138524559969,9.914722945698275,10.3741963879467,10.83843892093932,11.643179354514816,11.93817891770931,12.530055183126887,13.054393389005071,13.316037868056377,13.595910491348722,13.893428418433011,14.265624002666165,14.809640321177625,,,,9.060396535548177,10.963489796694224,13.179246742183716,9.1811809649418,"rgba(239, 83, 80, 0.5)",0.9027809886761978,9.1811809649418,-0.6880749292834303,46.15904343294636,-9.245417180746188,False,True,False,False,True,0.0,0.0,0.0,0.0,0.0,0,0.9659887082511395,0.9878126204566583,False,False,False,False,-0.25838939564050867,-0.2471797006919087,False,False,False,False,-4894917,-4921227.740312637,False,False,False,False,185602.8998592902,False,False,False,False
2024-04-11 00:00:00+00:00,8.72,8.75,8.47,8.52,95247,,,,,,,,,,,,,,,,8.703374804940106,8.6323868806324,9.053096508998015,9.407169257498195,8.49482519263386,8.211004890313006,8.636188080703356,9.130068530431007,9.755718386532806,10.306082031551423,10.96021426478036,11.792404990245698,13.174046481930754,13.377777597339062,13.71632923876158,14.212316084166908,14.733094651405542,,,,,,,,,,,,,,,,8.46252670554574,9.634666525968672,9.32929179017411,8.305589606212182,8.202825573962041,8.914693181910613,9.270337024574347,9.91275162629973,10.371624447843894,10.835308455288214,11.639244132006256,11.934009686766913,12.52540620966327,13.049299228253005,13.31072710002075,13.590403591511812,13.88776755995346,14.259792025740202,14.803539996468686,,,,9.053096508998015,10.96021426478036,13.174046481930754,9.178476475100684,"rgba(239, 83, 80, 0.5)",0.900890450390758,9.178476475100684,-0.5089147908070518,47.61757679513157,-7.740781031950846,False,False,False,False,True,0.0,0.0,0.0,0.0,0.0,0,0.9613675329362934,0.9799787944414365,False,False,False,False,-0.24937059989800633,-0.2482751502949575,False,False,False,False,-4799670,-4916460.770104298,False,False,False,False,182059.53123735724,False,False,False,False
2024-04-12 00:00:00+00:00,8.57,8.7,8.555,8.7,99410,,,,,,,,,,,,,,,,8.680124706648588,8.628829724352833,9.045054026891398,9.40095591967944,8.495272611552016,8.212322716774633,8.636134255478094,9.12913694149689,9.753830903140711,10.30343251915027,10.95674895006492,11.788124866578004,13.168585795379828,13.372149186663405,13.71047238518017,14.206223223209616,14.72673985820809,,,,,,,,,,,,,,,,8.467651100066606,9.623576251840674,9.32427284863255,8.306672562037654,8.203906119376887,8.914127704613502,9.269179719832632,9.910638575084175,10.368888777282095,10.831993629354345,11.63509544920962,11.929618868536709,12.520518061661514,13.043948774188934,13.305151630324724,13.584624588952789,13.881829175235112,14.253676564999669,14.797146347761881,,,,9.045054026891398,10.95674895006492,13.168585795379828,9.175300080664298,"rgba(239, 83, 80, 0.5)",0.8985367885412479,9.175300080664298,-0.6736508603581915,47.20440975001888,-7.740781031950846,False,False,False,False,True,0.0,0.0,0.0,0.0,0.0,0,0.9681749468635275,0.9843716256919111,False,False,False,False,-0.24543742171395838,-0.24685628600445794,False,False,False,False,-4899080,-4915779.171276678,False,False,False,False,178818.37314961772,False,False,False,False
2024-04-15 00:00:00+00:00,8.44,8.61,8.41,8.57,122698,,,,,,,,,,,,,,,,8.635258925336837,8.606886205146914,9.032863626525282,9.392262132016803,8.495230945195411,8.213441219697678,8.635778618838435,9.127724148386786,9.751263267644472,10.29993980383873,10.952265037904121,11.782656385133958,13.161684520758826,13.365043586556055,13.703090044739634,14.198558228818628,14.71875892755791,,,,,,,,,,,,,,,,8.468441669767044,9.60861274789931,9.317137198739003,8.307463765238168,8.204833043255233,8.913156078918616,9.267494912489834,9.907797161114441,10.365291389781126,10.827692732555137,11.629785317893162,11.92401746653105,12.51431449298512,13.037182007626779,13.298110452822339,13.577336303682253,13.874349368665095,14.245984426851876,14.78911830081118,,,,9.032863626525282,10.952265037904121,13.161684520758826,9.168928479619264,"rgba(239, 83, 80, 0.5)",0.8974605213540292,9.168928479619264,-0.8122123060293569,45.804886583091786,-7.740781031950846,False,False,False,True,True,0.0,0.0,0.0,0.0,0.0,1,0.9586375258877026,1.0020247364950077,False,False,False,False,-0.2719956053712046,-0.2594259456878313,False,False,False,False,-5021778,-4919935.9880893575,False,False,False,False,176617.57420257392,False,False,False,False
2024-04-16 00:00:00+00:00,8.43,8.53,8.19,8.4,103200,,,,,,,,,,,,,,,,8.594138950176482,8.581198197696644,9.021151877800362,9.38425699840635,8.49477712370859,8.214021810918673,8.635274421343555,9.126349896828298,9.7489358892504,10.296845679856133,10.94834872066934,11.777927149327583,13.155767711340555,13.358956870733309,13.696774291909787,14.192010827512307,14.711950999994038,,,,,,,,,,,,,,,,8.465566137734163,9.595197352444586,9.310493793032354,8.30774323631664,8.205323850098628,8.91214509145096,9.265896655015478,9.905242906703458,10.362110450028894,10.823928351670926,11.625186492295263,11.919179072072374,12.50897800257086,13.031377201584835,13.292077257649266,13.571098213989643,13.867953866722452,14.239414724461561,14.78227134306874,,,,9.021151877800362,10.94834872066934,13.155767711340555,9.16252993352408,"rgba(239, 83, 80, 0.5)",0.8979501581313659,9.16252993352408,-0.8157801709712657,44.78421207085299,-7.740781031950846,False,True,False,True,False,0.0,0.0,0.0,0.0,0.0,1,0.9342566116604082,1.0014354451602532,False,False,False,False,-0.30645816663195186,-0.28294205615989154,False,False,False,False,-5124978,-4927976.85130154,False,False,False,False,173738.45364561022,False,False,False,False
2024-04-17 00:00:00+00:00,7.94,8.52,7.93,8.44,114309,,,,,,,,,,,,,,,,8.523073979717125,8.53025484837141,9.003702236226092,9.373330141477501,8.493145778152702,8.213704964218515,8.634159095529778,9.124316647342257,9.745890689036239,10.292977937114662,10.94359768783526,11.772314386551175,13.148884083079517,13.351889904751916,13.68946345724692,14.184460277162382,14.70412611630411,,,,,,,,,,,,,,,,8.453461026169098,9.57764117357585,9.30126402807639,8.307020974402938,8.205095140576688,8.91049546244665,9.263626863531714,9.901954388162519,10.35814943922128,10.819340862239823,11.619710937380962,11.913452389793662,12.502721162821459,13.024614897261404,13.285067892826632,13.563869528064075,13.860560882450013,14.23184093448272,14.774404832958007,,,,9.003702236226092,10.94359768783526,13.148884083079517,9.151630283779461,"rgba(239, 83, 80, 1.0)",0.9060134438086557,9.151630283779461,-1.3373204250546966,40.571908703717625,-4.474383936972089,False,True,False,True,False,0.0,0.0,0.0,0.0,0.0,1,0.9247367299561498,0.9963551538125093,False,False,False,False,-0.33808784094951644,-0.31051494855470396,False,False,False,False,-5239287,-4940185.09242697,False,False,False,False,171407.88683597845,False,False,False,False
2024-04-18 00:00:00+00:00,7.82,7.96,7.74,7.89,160836,,,,,,,,,,,,,,,,8.402000940405477,8.435631063437475,8.972500691318247,9.354762526812015,8.489061577141635,8.2117325840842,8.631700211537318,9.120639521191274,9.740859864851478,10.286832727290694,10.936253687661173,11.763819796540721,13.138672691548587,13.341428349807918,13.678674475702968,14.173360890668775,14.692663454275392,,,,,,,,,,,,,,,7.84,8.423827842832326,9.548831655697807,9.285363669954164,8.304365972374972,8.203542005697784,8.907328085615946,9.25963544917449,9.896594028660102,10.35187764694373,10.812219341720516,11.611397838017542,11.90480866552379,12.493365979183004,13.014569810928526,13.274684689586097,13.553189945147114,13.849666166388307,14.220711180212751,14.762886167146718,,,,8.972500691318247,10.936253687661173,13.138672691548587,8.983354403251058,"rgba(239, 83, 80, 1.0)",0.9160645754028303,8.983354403251058,-1.2699480303989312,37.09291561582898,-7.729610103718343,False,True,False,True,False,0.0,0.0,0.0,0.0,0.0,0,0.909236008857217,1.0390594265289377,False,False,False,False,-0.34282825441539394,-0.3266716014850489,False,False,False,False,-5400123,-4958221.873116109,False,False,False,False,170993.3030384891,False,False,False,False
2024-04-19 00:00:00+00:00,7.81,8.14,7.76,7.79,309710,,,,,,,,,,,,,,,,8.275109307217038,8.324463281331658,8.920009223343603,9.321689219849283,8.482092633824239,8.208629772132062,8.627383320960542,9.113964995484274,9.7315671022473,10.275389723341513,10.922496621516077,11.74782770069734,13.119353324335869,13.321625391127952,13.65823478716108,14.152309290640666,14.670901153190723,,,,,,,,,,,,,,,7.88168554544437,8.37953307299087,9.497922412406858,9.257000032704354,8.300023353548033,8.20110276199496,8.9016401990419,9.252352275719447,9.886665559380255,10.340190400886321,10.798891592604551,11.595759587037666,11.888524728710975,12.475700479259979,12.99557137573035,13.255033367071885,13.532963646876386,13.829017622200851,14.199599894283255,14.741014906176039,,,,8.920009223343603,10.922496621516077,13.119353324335869,8.958920709692444,"rgba(239, 83, 80, 1.0)",0.9262888658861911,8.958920709692444,-1.2403481807948316,34.71627572115137,-9.89662170861429,False,True,False,True,False,0.0,0.0,0.0,0.0,0.0,0,0.9065467489427231,1.03431268620909,False,False,False,False,-0.32166007158730026,-0.3241658365361746,False,False,False,False,-5709833,-4987696.819268418,False,False,False,False,176433.17350756796,False,False,False,False
2024-04-22 00:00:00+00:00,8.01,8.12,7.82,7.9,95974,,,,,,,,,,,,,,,,8.25378341027629,8.303728087869978,8.905972259912343,9.312305049705095,8.48026048032571,8.207929538569193,8.626202614625296,9.112047197721775,9.728831650702404,10.271984833733907,10.918371118738369,11.743001435022236,13.113486855222808,13.315608194754484,13.652017838437798,14.145897556795733,14.664265047583672,,,,,,,,,,,,,,,7.898905669702747,8.369353155213853,9.483539445016135,9.248950971451427,8.298964222117117,8.200555827742404,8.900030873449008,9.250244091270817,9.883732226640063,10.336709481751418,10.794899718684723,11.591044702617562,11.883606229262538,12.470349095203298,12.989804747343108,13.249063492742057,13.526813862690725,13.822734046244893,14.193169222779687,14.73434460846397,,,,8.905972259912343,10.918371118738369,13.113486855222808,8.953701554389848,"rgba(239, 83, 80, 1.0)",0.9298253832010109,8.953701554389848,-1.0149234162021559,35.73540021861767,-9.89662170861429,False,True,False,True,False,0.0,0.0,0.0,0.0,0.0,0,0.912223993223135,1.0342744407414426,False,False,False,False,-0.31746021689410003,-0.32081302671513734,False,False,False,False,-5613859,-5012252.19890495,False,False,False,False,173277.9118013888,False,False,False,False
2024-04-23 00:00:00+00:00,8.04,8.14,7.89,7.89,84388,,,,,,,,,,,,,,,,8.239867509325105,8.289502410931025,8.894493135757871,9.304406898783128,8.478789372814601,8.207426439839267,8.625232388248639,9.110425853342415,9.726488442808977,10.269051509363988,10.914802510817255,11.738813050299388,13.108379781751301,13.310368196679093,13.646601137896138,14.140307372260912,14.658475795775422,,,,,,,,,,,,,,,7.915037291496392,8.361708538510255,9.471447847582755,9.242178222505574,8.298156066062587,8.200165323152131,8.898682021541909,9.248454529667704,9.881214597351057,10.333709142137955,10.791448888309763,11.586955009209502,11.879335965279346,12.465696106505828,12.984785643318494,13.243865252433151,13.521456668392425,13.81725794522302,14.187562197048083,14.728525106804108,,,,8.894493135757871,10.914802510817255,13.108379781751301,8.949821877061165,"rgba(239, 83, 80, 0.5)",0.9337607386899395,8.949821877061165,-0.9743629597638045,36.78959789303366,-9.89662170861429,False,True,False,True,False,0.0,0.0,0.0,0.0,0.0,0,0.9392174769026411,1.0684915260267795,False,False,False,False,-0.3080497805610286,-0.314431403638083,False,False,False,False,-5529471,-5032535.289143972,False,False,False,False,169792.03290721672,False,False,False,False
2024-04-24 00:00:00+00:00,8.32,8.34,8.02,8.05,168013,,,,,,,,,,,,,,,,8.238450760515578,8.283737658399497,8.877637338792718,9.291417406293776,8.477183553599522,8.207530276963285,8.623959404846183,9.107813259641091,9.722397013763524,10.263760832530258,10.908221486873108,11.730956992888986,13.098647627148402,13.300366453601733,13.6362365307289,14.129576842535037,14.647331935786658,,,,,,,,,,,,,,,7.978972379509135,8.356018822370746,9.451258464139771,9.231127135029503,8.297741166145784,8.200281077227745,8.896629784276216,9.24549585475528,9.87676870744945,10.32828239401621,10.785106749114995,11.57930345362545,11.871308955016675,12.456883828613657,12.975231256970003,13.233948405894957,13.511215015997594,13.806767532489907,14.176796365962602,14.717319164595462,,,,8.877637338792718,10.908221486873108,13.098647627148402,8.947823164513265,"rgba(239, 83, 80, 0.5)",0.9335411995047864,8.947823164513265,-0.6725178972779183,40.679420643190845,-14.947664916373988,False,True,False,True,True,0.0,0.0,0.0,0.0,0.0,0,0.8877969276427016,1.0799712954741718,False,False,False,False,-0.2739793653872323,-0.29420538451265765,False,False,False,False,-5361458,-5045434.218981463,False,False,False,False,169722.26691085528,False,False,False,False
2024-04-25 00:00:00+00:00,8.07,8.18,8.05,8.16,101168,,,,,,,,,,,,,,,,8.230046670102675,8.274118877300035,8.865995748780318,9.282833166137664,8.475742516017023,8.20718196814588,8.622953663546756,9.106022464568497,9.71973641128023,10.260391015689303,10.904087832607326,11.726073069204443,13.092654292624271,13.294213045964618,13.629868957790196,14.122996036617637,14.640508324484204,,,,,,,,,,,,,,,7.992279920746797,8.349684302994255,9.438189298182701,9.223763447918245,8.297052539199662,8.20001802199879,8.895167582465323,9.243502090753406,9.87389853227879,10.324832038215424,10.78111465345828,11.57453946496571,11.866325144163946,12.45143686197119,12.969343658203048,13.22784534788347,13.504919797283064,13.800326805871968,14.170194921621656,14.710458870183187,,,,8.865995748780318,10.904087832607326,13.092654292624271,8.944170513816088,"rgba(239, 83, 80, 0.5)",0.9393789974778903,8.944170513816088,-0.9305834132582496,41.12087936505404,-14.502663859590193,False,True,False,True,True,0.0,0.0,0.0,0.0,0.0,0,0.8554629481876096,1.086844980176022,False,False,False,False,-0.2873230223784935,-0.2907642034455756,False,False,False,False,-5462626,-5061794.68098219,False,False,False,False,167033.86428690018,False,False,False,False
2024-04-26 00:00:00+00:00,8.27,8.32,8.02,8.02,240550,,,,,,,,,,,,,,,,8.22667741183951,8.266283162560166,8.843218592711763,9.264651004653969,8.47329018488905,8.207152553031419,8.621047194634617,9.102224637386184,9.713846489020034,10.252801737622443,10.894668226756309,11.714842448470677,13.078755074114323,13.27993013900873,13.615069081997706,14.107673670748838,14.624596039236964,,,,,,,,,,,,,,,8.036022116552463,8.341552758325514,9.410429674413553,9.20820886487384,8.296282883638945,8.200038572105994,8.892161341614157,9.239215099339031,9.867506510867653,10.31704983463588,10.772034042171827,11.563599541287651,11.854851401904703,12.438846247018809,12.95569735926232,13.213683293549245,13.490295183502061,13.785347289273735,14.154822152616239,14.694458028767036,,,,8.843218592711763,10.894668226756309,13.078755074114323,8.938983031235809,"rgba(239, 83, 80, 0.5)",0.9427579437704073,8.938983031235809,-0.7096021154277633,43.443612620331685,-12.21482222009515,False,False,False,True,True,0.0,0.0,0.0,0.0,0.0,0,0.8291613824691876,1.0981937279141065,False,False,False,False,-0.27602593992834523,-0.28339507168696043,False,False,False,False,-5222076,-5068080.222904458,False,False,False,False,169916.8500011394,False,False,False,False
2024-04-29 00:00:00+00:00,8.45,8.49,8.31,8.37,269590,,,,,,,,,,,,,,,,8.250206965597409,8.282880678400382,8.82739657367477,9.248940590407972,8.472724606356111,8.208931943873317,8.620011801193469,9.099007299769216,9.708224278465064,10.245240984998317,10.885019870206458,11.703100329111084,13.06394902068701,13.264686572734796,13.599228238615982,14.091212587970176,14.607445375270586,,,,,,,,,,,,,,,8.107771440797244,8.34595588808736,9.386008165426016,9.194913782141523,8.297380764836353,8.20153307383256,8.889856951776357,9.235433223025753,9.861311610436998,10.309269153091849,10.762771826165318,11.552196038453756,11.84282391614427,12.42553031550411,12.941178581562534,13.198577891329327,13.474658124818374,13.769292363932282,14.138301595105125,14.67720506395205,,,,8.82739657367477,10.885019870206458,13.06394902068701,8.9396499888094,"rgba(239, 83, 80, 0.5)",0.9443149001431128,8.9396499888094,-0.518524052448175,46.62039778321321,-9.16982069729093,False,False,False,False,True,0.0,0.0,0.0,0.0,0.0,0,0.8250386278354129,1.1541867379929103,False,False,False,False,-0.22948496331546467,-0.25644001750121254,False,False,False,False,-4952486,-5063547.116123891,False,False,False,False,173825.60098148687,False,False,False,False
2024-04-30 00:00:00+00:00,8.41,8.4739,8.315,8.37,207323,,,,,,,,,,,,,,,,8.263201045120939,8.292014933333233,8.815532820939456,9.237009934172592,8.472167443621819,8.210169395787233,8.619156557125592,9.096492282106432,9.70387708077057,10.23941498617814,10.877600091536141,11.69408048683232,13.05258502509012,13.252987687199,13.58707183611216,14.078580335403068,14.594284198852188,,,,,,,,,,,,,,,8.144722745639019,8.348271293752767,9.367712663769302,9.184772166766987,8.29809291245359,8.202578545669413,8.88803669505204,9.232488401489137,9.856527660628831,10.30327530898026,10.75564694294578,11.543435119602208,11.833585795530793,12.415306519802568,12.930034422681338,13.186984777858285,13.462657879094213,13.756971717191123,14.125623713056399,14.66396544947955,,,,8.815532820939456,10.877600091536141,13.05258502509012,8.938775743667868,"rgba(239, 83, 80, 0.5)",0.9465575942756714,8.938775743667868,-0.5586302902915274,48.3412087027253,-7.5230877022223055,False,False,False,False,True,0.0,0.0,0.0,0.0,0.0,0,0.7766501440018807,1.158114718233054,False,False,False,False,-0.23059583654743504,-0.2435179270243238,False,False,False,False,-5159809,-5067322.091962171,False,False,False,False,175139.22447240894,False,False,False,False
2024-05-01 00:00:00+00:00,8.27,8.47,8.26,8.41,428286,,,,,,,,,,,,,,,,8.27388108673267,8.29776367109699,8.789403012871366,9.21152547408256,8.470015090707061,8.2117985472732,8.616883360524062,9.090864741788474,9.694535625356558,10.227065865238835,10.86200543122334,11.675230612391768,13.02895183656688,13.228669800235966,13.561819710772511,14.05235890106222,14.566982798574532,,,,,,,,,,,,,,,8.183825170011717,8.3470490956681,9.329541209646534,9.162918015344639,8.298592739134959,8.203988685404825,8.883814220399469,9.225991173767094,9.846298262619163,10.290584542436626,10.740653244307346,11.525111762183071,11.814292434967212,12.394003868781684,12.906850848575306,13.1628830935914,13.437724432995244,13.731385254590474,14.09930923238798,14.636503643744957,,,,8.789403012871366,10.86200543122334,13.02895183656688,8.932816979505246,"rgba(239, 83, 80, 0.5)",0.9506114296029469,8.932816979505246,-0.6972533244020563,48.113210653943526,-7.5230877022223055,False,False,False,False,True,0.0,0.0,0.0,0.0,0.0,0,0.7787914235114981,1.1506309509028052,False,False,False,False,-0.23649990839126753,-0.24000891770779564,False,False,False,False,-5588095,-5087744.5589440465,False,False,False,False,185066.5490029027,False,False,False,False
2024-05-02 00:00:00+00:00,8.12,8.44,7.9,8.44,180908,,,,,,,,,,,,,,,,8.26659551319828,8.289746708609925,8.775169588163257,9.199068629076598,8.467954795083761,8.211473699747872,8.615331318556347,9.087953604384047,9.690111202426213,10.221406284090722,10.85501070605539,11.666906355004452,13.018660184517637,13.218094951890263,13.55086128228951,14.041008388681371,14.555191149514847,,,,,,,,,,,,,,,8.18136996715843,8.34057791611093,9.311488208707335,9.152089624675519,8.297727666859364,8.20375897541544,8.881472986358771,9.222727136943808,9.84150935582208,10.284784466292479,10.733906124584983,11.517001716192194,11.805788551407753,12.384676360708267,12.896745556075516,13.152397538736901,13.426896385164994,13.720291937982985,14.087920931935543,14.624646002899333,,,,8.775169588163257,10.85501070605539,13.018660184517637,8.927115882384058,"rgba(239, 83, 80, 0.5)",0.9565332863678075,8.927115882384058,-0.8437927815861762,46.59760479038099,-7.5230877022223055,False,False,False,False,True,0.0,0.0,0.0,0.0,0.0,0,0.7696424720466858,1.159126405834417,False,False,False,False,-0.27602593992834523,-0.25801742881807044,False,False,False,False,-5769003,-5114460.576240358,False,False,False,False,184903.4686498477,False,False,False,False
2024-05-03 00:00:00+00:00,8.03,8.35,7.94,8.24,117373,,,,,,,,,,,,,,,,8.26056106090615,8.28338260023531,8.765602966912468,9.190788595632288,8.466436202369104,8.211097238646161,8.614228747844683,9.085980685260527,9.68716744422231,10.217668359249275,10.850413767144477,11.661455143765675,13.01194235108601,13.211194535137022,13.543713915377182,14.033609332123723,14.547508299078093,,,,,,,,,,,,,,,8.17766112234621,8.335615788763734,9.299608791672725,9.144865055618439,8.296992280108116,8.203474153160437,8.879865166426974,9.220528085282668,9.83833129180524,10.280956166631634,10.729468564895548,11.511688046369867,11.800222112035994,12.378580093753271,12.89014792086442,13.145554675494116,13.419832899799852,13.713058034668288,14.080497595707538,14.616920634033212,,,,8.765602966912468,10.850413767144477,13.01194235108601,8.923040590154724,"rgba(239, 83, 80, 0.5)",0.9634017619646681,8.923040590154724,-0.9269659091483743,44.80858436079905,-7.5230877022223055,False,False,False,True,False,0.0,0.0,0.0,0.0,0.0,0,0.7718786200112603,1.1478744264607854,False,False,False,False,-0.28115229985882756,-0.26958486433844897,False,False,False,False,-5886376,-5144731.769328972,False,False,False,False,182255.21497730465,False,False,False,False
2024-05-06 00:00:00+00:00,7.95,8.1825,7.885,8.1,518168,,,,,,,,,,,,,,,,8.224188282466592,8.246456283195702,8.720455426690178,9.152421454338967,8.458044856354737,8.20789309554836,8.608462051266049,9.076477682013508,9.673480520764263,10.200542474386758,10.829562947677081,11.6369107860868,12.981898205076881,13.180355153899828,13.511802315337077,14.000611961826387,14.51328080680357,,,,,,,,,,,,,,,8.14677049217051,8.307375613031347,9.245641659824773,9.11114358579851,8.29212755041127,8.200947300979479,8.871930779128023,9.210053042127413,9.8236301769734,10.263438552916087,10.709309541644458,11.487737429391835,11.775181354487554,12.351242813584511,12.86062775038182,13.114965813071308,13.388284946932421,13.680773616703647,14.047395271858127,14.582508230746592,,,,8.720455426690178,10.829562947677081,12.981898205076881,8.902074044019297,"rgba(239, 83, 80, 0.5)",0.970919560413975,8.902074044019297,-0.980590033239579,42.93129866735049,-7.5230877022223055,False,False,False,True,False,0.0,0.0,0.0,0.0,0.0,0,0.7604605339411968,1.1643614212674984,False,False,False,False,-0.3041444103762476,-0.2868646373573483,False,False,False,False,-6404544,-5194136.170531758,False,False,False,False,195428.26537035155,False,False,False,False
2024-05-07 00:00:00+00:00,7.86,8.14,7.83,8.07,148597,,,,,,,,,,,,,,,,8.213140058270227,8.23531609385528,8.707434482803592,9.141297967708242,8.455369724020528,8.206714071187507,8.60665900269768,9.073625953245518,9.669450923479188,10.195541573074664,10.823508656737692,11.629812693326754,12.973241371703496,13.171472527847472,13.502615538498826,13.99111777046211,14.503437606690081,,,,,,,,,,,,,,,8.136796454400761,8.298650020971623,9.23024737839135,9.101312289256168,8.290464285725365,8.200006229409809,8.86951963068155,9.206928143368009,9.819314244532855,10.25832692372426,10.703451025975363,11.480807074601936,11.767943127117057,12.343354300042682,12.85211972416442,13.106154304451454,13.379201277592978,13.671481349841944,14.037871336370118,14.572612499950923,,,,8.707434482803592,10.823508656737692,12.973241371703496,8.895805772540209,"rgba(239, 83, 80, 1.0)",0.9796546183083334,8.895805772540209,-1.0573172965068411,40.92151880171689,-3.5567827642691583,False,False,False,True,False,0.0,0.0,0.0,0.0,0.0,1,0.7543210034721777,1.1707260823328933,False,False,False,False,-0.3143174300969756,-0.30059103372716195,False,False,False,False,-6553141,-5247430.477569728,False,False,False,False,193591.74515974955,False,False,False,False
2024-05-08 00:00:00+00:00,7.77,7.91,7.72,7.78,261305,,,,,,,,,,,,,,,,8.18641019991352,8.20889086026726,8.681463102755353,9.119944116820552,8.449434265732853,8.20355153380641,8.602831953426247,9.068014377418635,9.661825652492576,10.186244865530936,10.81239691137225,11.616914035639798,12.957658679928965,13.15549922833324,13.486119448440917,13.97410042570273,14.485823241910552,,,,,,,,,,,,,,,8.110064514795473,8.27848275402242,9.201122810775237,9.082328819555768,8.286385690944895,8.197453076719455,8.86465842008427,9.200851201121015,9.811196406472785,10.248839470331202,10.692677030693563,11.468194542714965,11.7548064098442,12.329101105852825,12.836794933339219,13.090303879383825,13.36288185432095,13.654806814395817,14.020803374421693,14.554907706662421,,,,8.681463102755353,10.81239691137225,12.957658679928965,8.882499704649344,"rgba(239, 83, 80, 1.0)",0.9895043258179764,8.882499704649344,-1.124299991038133,38.84318170869276,-5.6311831466283095,False,False,False,True,False,0.0,0.0,0.0,0.0,0.0,1,0.741733528626424,1.1992896861916549,False,False,False,False,-0.34282825441539394,-0.32170964407127794,False,False,False,False,-6814446,-5308882.066684641,False,False,False,False,196247.16691819075,False,False,False,False
2024-05-09 00:00:00+00:00,6.36,7.74,6.35,7.69,1056104,,,,,,,,,,,,,,,,7.902479014970688,7.934611335502946,8.488118288812455,8.980700904333663,8.39177907628671,8.161293695781904,8.569226793786408,9.028625024196963,9.615682680382232,10.134209222343653,10.753914829973418,11.552449958216153,12.883796521236423,13.08021899544603,13.40904542254309,13.89546088163626,14.405231961193238,,,,,,,,,,,,,,,7.795926842610038,8.07310583290852,9.019801684812336,8.956184159279022,8.238595368728848,8.16272872986094,8.827714995535112,9.159944362425783,9.763319680873384,10.19612664515708,10.635405186795879,11.404655518090754,11.689602879807738,12.26008251660899,12.763883827360965,13.015464959567648,13.286396568321273,13.577209517120167,13.942006354253875,14.474003454264368,,,,8.488118288812455,10.753914829973418,12.883796521236423,8.770008716929436,"rgba(255, 26, 202, 1.0)",1.0346593119928773,8.770008716929436,-2.3292775592841966,31.57816289825174,-12.4415397611452,False,True,False,True,False,0.0,0.0,0.0,0.0,0.0,0,0.70702531879961,1.1805399533373662,False,False,False,False,-0.34282825441539394,-0.33226894924333594,False,False,False,False,-7870550,-5409339.632697008,False,False,False,False,229967.04272532053,False,False,False,False
2024-05-10 00:00:00+00:00,6.38,6.47,6.09,6.41,829756,,,,,,,,,,,,,,,,7.679915796313115,7.717298985294811,8.324304430381412,8.859752169258682,8.335672755344179,8.1180891903,8.536366311186251,8.991806423738995,9.574133078464703,10.08840616831963,10.703431889407538,11.497748657540589,12.822287559675829,13.017662741729099,13.34519964770497,13.830569716728037,14.338970094467893,,,,,,,,,,,,,,,7.558348777998559,7.898166971202098,8.867219338011909,8.845420795036397,8.190634902096662,8.126895679015705,8.79257740762788,9.12208157533606,9.720520494373691,10.149832510473969,10.585805470862004,11.350594638198993,11.634401457746684,12.20215369937994,12.703082166479748,12.95323301929659,13.222967781720506,13.513019736440674,13.877007696893559,14.407515072800745,,,,8.324304430381412,10.703431889407538,12.822287559675829,8.674872187988736,"rgba(255, 26, 202, 1.0)",1.0762136999358514,8.674872187988736,-2.1323573451309197,26.952474969588827,-16.532135430266756,False,True,False,True,False,0.0,0.0,0.0,0.0,0.0,0,0.7107820453493753,1.2391910651975435,False,False,False,False,-0.34282825441539394,-0.33754860182936497,False,False,False,False,-7040794,-5473318.23533634,False,False,False,False,253488.17830471974,False,False,False,False
2024-05-13 00:00:00+00:00,6.47,6.6,6.32,6.37,411870,,,,,,,,,,,,,,,,7.600838328851622,7.639073539540084,8.257232306434092,8.807001931287031,8.310916393055022,8.09910600472158,8.521484956217463,8.974901797803852,9.554825767156442,10.066963369946274,10.679639029443926,11.471791722212409,12.79287556567214,12.987724132697984,13.314599973360199,13.799404669552397,14.307087989128584,,,,,,,,,,,,,,,7.477667106011136,7.830695069558791,8.801780048725657,8.796875307917853,8.16953724427603,8.111048718759996,8.776531534695671,9.104642899123569,9.700586033355357,10.128143341066933,10.56245542068002,11.324970760405568,11.608180324775532,12.174538223042456,12.67402399245322,12.923458068624655,13.192584178516032,13.482232110842709,13.845785333415696,14.375516836034745,,,,8.257232306434092,10.679639029443926,12.79287556567214,8.636492584925223,"rgba(255, 0, 0, 1.0)",1.1123518304009241,8.636492584925223,-1.9476684675786045,24.89752015359311,-18.225235209140898,False,True,False,True,False,0.0,0.0,0.0,0.0,0.0,0,0.7371784429937224,1.2014234340346084,False,False,False,False,-0.30725215863106176,-0.32240038023021333,False,False,False,False,-6628924,-5518636.108460405,False,False,False,False,259699.23013590722,False,False,False,False
2024-05-14 00:00:00+00:00,6.42,6.59,6.385,6.56,158085,,,,,,,,,,,,,,,,7.573190804683537,7.611619130918287,8.232777705097535,8.787380728712993,8.301595740380078,8.09194229762521,8.515834320039982,8.968477562548651,9.547482642716027,10.058804131361912,10.670581135800813,11.46190309953225,12.781661660244891,12.97630844374736,13.302930110990072,13.787515432579754,14.294921948803704,,,,,,,,,,,,,,,7.449816137317695,7.806482717136529,8.77761660393976,8.778776785364709,8.161583496427975,8.105052256881834,8.770435718398637,9.098014326416138,9.693003291760295,10.11988992791818,10.55356685478105,11.315210298566837,11.59818978349403,12.16401230446268,12.66294553049046,12.91210512914933,13.180997549600763,13.470489210625654,13.833873903555126,14.36330611408422,,,,8.232777705097535,10.670581135800813,12.781661660244891,8.6224888162823,"rgba(255, 0, 0, 1.0)",1.148108118712671,8.6224888162823,-1.9183635934496,23.372298656737122,-19.563101267626294,False,True,False,True,False,0.0,0.0,0.0,0.0,0.0,0,0.7499431689020232,1.1941729180874439,False,False,False,False,-0.29826122394885596,-0.3103308020895347,False,False,False,False,-6787009,-5568376.221854115,False,False,False,False,255714.35836587162,False,False,False,False
2024-05-15 00:00:00+00:00,6.4,6.5,6.38,6.48,138387,,,,,,,,,,,,,,,,7.54927027504291,7.5878495218595665,8.211459107373562,8.770193221921375,8.293344706933963,8.08557603010842,8.51082122011464,8.962795047794724,9.541003506483756,10.051615985014399,10.662611806177509,11.453212483610207,12.771818249866683,12.966289303976719,13.29268986420981,13.777084916471209,14.28425079912309,,,,,,,,,,,,,,,7.4257622500045715,7.785395433168044,8.756526657978501,8.762903773231283,8.154525552147323,8.099716869026572,8.765037504793346,9.09215488461816,9.686316022344585,10.112619932654402,10.54574477721872,11.306630877569292,11.589410834956396,12.154767997782056,12.653220107845202,12.902140625499895,13.170829664109458,13.46018566201684,13.823424119097952,14.352596068639789,,,,8.211459107373562,10.662611806177509,12.771818249866683,8.610244375130705,"rgba(255, 0, 0, 1.0)",1.182473404078524,8.610244375130705,-1.8691704756379701,22.289356059665494,-20.62192959595228,False,True,False,True,False,0.0,0.0,0.0,0.0,0.0,0,0.771551500025997,1.1953023449279883,False,False,False,False,-0.3045092105825486,-0.3074200063360416,False,False,False,False,-6925396,-5621592.683742189,False,False,False,False,251113.28548877864,False,False,False,False
2024-05-16 00:00:00+00:00,6.34,6.43,6.33,6.37,133848,,,,,,,,,,,,,,,,7.525878298971761,7.564607543819136,8.190635868546366,8.753386326496539,8.285178795885791,8.079243672142015,8.505856451919662,8.95719357753247,9.534642184777253,10.04457599175543,10.654823510678007,11.444735411911633,12.762236910046356,12.956539261730125,13.28272816661435,13.766942477548142,14.27387855480789,,,,,,,,,,,,,,,7.402215373271171,7.76473007604453,8.735969210087434,8.747364789249133,8.147518361864318,8.094404738368244,8.759706589452787,9.08638501028689,9.6797555130714,10.105501548149723,10.53809762378388,11.29825978175469,11.580849787512765,12.145761835491657,12.643752122227676,12.89244300679685,13.16093712588919,13.450163931044356,13.813263334133888,14.34218655936389,,,,8.190635868546366,10.654823510678007,12.762236910046356,8.598237496084604,"rgba(255, 0, 0, 1.0)",1.2165655838554392,8.598237496084604,-1.8562398328974457,21.35804556063098,-21.655793598560063,False,True,False,True,False,0.0,0.0,0.0,0.0,0.0,0,0.7835253119097657,1.1792317309994416,False,False,False,False,-0.31788042523677257,-0.31265021578640706,False,False,False,False,-7059244,-5677971.166732691,False,False,False,False,246514.64684215988,False,False,False,False
2024-05-17 00:00:00+00:00,6.34,6.4,6.31,6.32,158225,,,,,,,,,,,,,,,,7.499011537539577,7.537881858166792,8.16639906968217,8.733682516890152,8.275531417234602,8.071745684825538,8.49997155551984,8.950560637474634,9.527115727467953,10.036250903726918,10.645617477977899,11.434718058622087,12.750918059717655,12.94502153341524,13.270960807157035,13.754961680424945,14.2616264967687,,,,,,,,,,,,,,,7.375269067937705,7.740782260689008,8.711951536415693,8.72912693828179,8.139228644296612,8.088106816246416,8.753391591613964,9.079554125286268,9.67199469516713,10.097084190948518,10.529057780334535,11.288367303211613,11.570733459782051,12.135120912466718,12.632566881985461,12.88098708451163,13.149251355661711,13.43832567074137,13.801260875157443,14.329890528583654,,,,8.16639906968217,10.645617477977899,12.750918059717655,8.584232038770564,"rgba(255, 0, 0, 1.0)",1.2488396343943216,8.584232038770564,-1.7970538225742656,20.73717189460797,-22.490205526585058,False,True,False,True,False,0.0,0.0,0.0,0.0,0.0,0,0.7816608622877352,1.1717691207040846,False,False,False,False,-0.3237422756027011,-0.31819624569455407,False,False,False,False,-7059244,-5732138.728821605,False,False,False,False,243052.3077503105,False,False,False,False
2024-05-20 00:00:00+00:00,6.32,6.38,6.22,6.32,95706,,,,,,,,,,,,,,,,7.482757625103551,7.521710412087192,8.151703833916699,8.721706429317582,8.269612250830797,8.067128479622436,8.496356078867425,8.946498327218832,9.522518562807818,10.031174487983542,10.640012104761148,11.428626455762135,12.744044751238977,12.938028596627317,13.263817976430314,13.747691292130291,14.254193442637492,,,,,,,,,,,,,,,7.358968639129425,7.726247214528933,8.697394921935844,8.718030938920277,8.134130884802742,8.084224973442485,8.74951927939059,9.075373504211475,9.667256916469071,10.091952381300654,10.523552239470082,11.282350449421777,11.564582705897632,12.128655381573466,12.625773978034244,12.874031313079948,13.142157469157551,13.431140512012066,13.79397752164016,14.322431052379459,,,,8.151703833916699,10.640012104761148,12.744044751238977,8.575713307094366,"rgba(255, 0, 0, 1.0)",1.279802912755402,8.575713307094366,-1.7625474083644952,20.24247095455759,-23.280100252988376,False,True,False,True,False,0.0,0.0,0.0,0.0,0.0,0,0.7756492933461856,1.1683478827538454,False,False,False,False,-0.3375751074004158,-0.3278856765474849,False,False,False,False,-7154950,-5787935.249259975,False,False,False,False,237274.02117186695,False,False,False,False
2024-05-21 00:00:00+00:00,6.16,6.37,6.09,6.27,231442,,,,,,,,,,,,,,,,7.4420332085479695,7.481226892595504,8.115233768538841,8.69204865842832,8.254722430710947,8.055433481159607,8.487264938699672,8.936355821593393,9.511111465799276,10.018627248969873,10.626205091891029,11.413668578739275,12.727226483840127,12.920924499251976,13.24635775035326,13.729932633463175,14.236050216372686,,,,,,,,,,,,,,,7.317974636857121,7.689893986422896,8.661468553660784,8.690517913393933,8.121251406498155,8.07438303506385,8.739824220946833,9.064952316967734,9.655515391066999,10.079273239059798,10.509983239675309,11.267568804019549,11.549486060285222,12.112811634149132,12.609148104487042,12.857015923474696,13.124813167539815,13.413581575851902,13.776188391392557,14.304224969528228,,,,8.115233768538841,10.626205091891029,12.727226483840127,8.554455630749075,"rgba(255, 0, 0, 1.0)",1.313232282206293,8.554455630749075,-1.8233298580859398,19.279829026726176,-24.54744628270265,False,True,False,True,False,0.0,0.0,0.0,0.0,0.0,0,0.7716140175691906,1.160915972850068,False,False,False,False,-0.34282825441539394,-0.33535696548143945,False,False,False,False,-7386392,-5850619.827720368,False,False,False,False,237045.31445924472,False,False,False,False
2024-05-22 00:00:00+00:00,6.06,6.17,6.05,6.15,96631,,,,,,,,,,,,,,,,7.424298895985571,7.463614352140646,8.099528114239595,8.679316744757546,8.248228582355736,8.05029734476678,8.483302993484118,8.931968441630676,9.506209448552942,10.013257863001662,10.62031866783224,11.407313357807269,12.720108546020459,12.91368883293427,13.238976396037653,13.722431492895685,14.228392714458407,,,,,,,,,,,,,,,7.300050680740872,7.674104695896546,8.646095095993608,8.678692296889643,8.115609489288184,8.070056826695621,8.735618086390181,9.060452029554684,9.650476326001035,10.07384972675403,10.504194620226013,11.26128502407491,11.543074927572201,12.106095201880102,12.602109549994507,12.849816748896666,13.117479057353394,13.406160760902745,13.768674950884876,14.296541716624438,,,,8.099528114239595,10.62031866783224,12.720108546020459,8.545251401755984,"rgba(255, 0, 0, 1.0)",1.3475657065000803,8.545251401755984,-1.844252484140992,18.27079096828444,-25.855462481764317,False,True,False,True,False,0.0,0.0,0.0,0.0,0.0,0,0.7845415371188567,1.1639802541864395,False,False,False,False,-0.34282825441539394,-0.3390926099484167,False,False,False,False,-7483023,-5914635.638398001,False,False,False,False,231538.87075496063,False,False,False,False
2024-05-23 00:00:00+00:00,5.85,6.11,5.79,6.11,202733,,,,,,,,,,,,,,,,7.383824184867124,7.423496468226734,8.064524747098357,8.651208897455534,8.23362379769859,8.038643639838929,8.47442195622483,8.922237387755688,9.495440502662737,10.001534871116043,10.607538409135383,11.39358760734676,12.704827755202817,12.898166117211037,13.223157972847542,13.706378475939616,14.212026020688956,,,,,,,,,,,,,,,7.258837075972052,7.638381815642726,8.612240866539132,8.652556988349815,8.102848902740357,8.060235785642572,8.726249747103212,9.050494988421296,9.639427732619172,10.06201606917169,10.491614749821741,11.247702067302905,11.529238685599827,12.091640043684835,12.586992405532648,12.834368853463422,13.101755861226323,13.390265650204432,13.752597589130787,14.280122646537281,,,,8.064524747098357,10.607538409135383,12.704827755202817,8.524612321257328,"rgba(255, 0, 0, 1.0)",1.3847453598815362,8.524612321257328,-1.931483143937842,16.905178711845316,-27.47805705198489,False,True,False,True,False,0.0,0.0,0.0,0.0,0.0,0,0.7855642829869633,1.1537527955053728,False,False,False,False,-0.34282825441539394,-0.3409604321819053,False,False,False,False,-7685756,-5984091.338852982,False,False,False,False,230409.22876457003,False,False,False,False
2024-05-24 00:00:00+00:00,5.82,5.92,5.81,5.89,146387,,,,,,,,,,,,,,,,7.354656380434568,7.394573096455093,8.039176813785264,8.630779931264522,8.222891218604303,8.030045817730793,8.467881209163808,8.915094874105684,9.487560572681527,9.992974233111322,10.598222749554777,11.383599151371978,12.693728649261061,12.88689379188804,13.21167459183566,13.694729245824629,14.200153518461908,,,,,,,,,,,,,,,7.229168731355275,7.612512982700676,8.587721538785376,8.633538533556212,8.093448404982238,8.052981016108784,8.71936419517861,9.043192337256102,9.631348324169137,10.0533764182303,10.48244229618261,11.237814980282971,11.51917204399863,12.081132110110122,12.576010563581004,12.823150069245104,13.090340323346839,13.378728175682234,13.740931095469673,14.26821272300308,,,,8.039176813785264,10.598222749554777,12.693728649261061,8.509614331482979,"rgba(255, 0, 0, 1.0)",1.420849891584665,8.509614331482979,-1.8929616333244523,15.90168104255897,-28.732411084405875,False,True,False,True,False,0.0,0.0,0.0,0.0,0.0,0,0.8084184806752553,1.1502804309195909,False,False,False,False,-0.34282825441539394,-0.34189434329864965,False,False,False,False,-7832143,-6056563.953015611,False,False,False,False,227114.23940125355,False,False,False,False
2024-05-28 00:00:00+00:00,5.75,5.86,5.7,5.83,181261,,,,,,,,,,,,,,,,7.318201350344709,7.358419604811581,8.007465068617389,8.605177394930497,8.209291436904586,8.01910562147702,8.459581168718447,8.906067041281936,9.477636923482674,9.98221923667361,10.58654474160476,11.37110281088304,12.679875021835805,12.872827794600681,13.197350996442033,13.680205973516673,14.185358849703071,,,,,,,,,,,,,,,7.192086952838113,7.58009251876147,8.557087833545577,8.609677368910926,8.081505346781002,8.043739831520591,8.710647397254869,9.033970626273078,9.62118111544326,10.042524846758411,10.470939512360745,11.225441518744992,11.506581354802229,12.068003361013306,12.562300864982898,12.80914966137893,13.076099318392528,13.364339660262475,13.726386949014294,14.253372327700868,,,,8.007465068617389,10.58654474160476,12.679875021835805,8.490783934266485,"rgba(255, 0, 0, 1.0)",1.4555511386134339,8.490783934266485,-1.8829870428856048,15.009735146141434,-29.873286960327537,False,True,False,True,False,0.0,0.0,0.0,0.0,0.0,0,0.7936543465487814,1.1566828012646537,False,False,False,False,-0.34282825441539394,-0.3423612988570218,False,False,False,False,-8013404,-6133302.7783875475,False,False,False,False,225316.073150224,False,False,False,False
2024-05-29 00:00:00+00:00,5.59,5.67,5.55,5.65,189713,,,,,,,,,,,,,,,,7.277882061148029,7.318470903035434,7.972807624895241,8.577320649669854,8.194256524324496,8.006928018123121,8.450413691683112,8.89617437761539,9.46684278342124,9.970578188102332,10.573961704333364,11.357695817713326,12.665086365730645,12.857821290584223,13.182083364825363,13.664743328815469,14.169624264347506,,,,,,,,,,,,,,,7.150924245437852,7.544346322905446,8.523855965580093,8.583684823469794,8.068244340518524,8.033444408638944,8.701065199754536,9.023884398310893,9.610138962591325,10.03078525572686,10.458535649259398,11.212157119532861,11.493081358992375,12.053958720776778,12.547660288804346,12.794210296258274,13.060914832447676,13.349009173121138,13.710903681052491,14.237591288053656,,,,7.972807624895241,10.573961704333364,12.665086365730645,8.470102437247627,"rgba(255, 0, 0, 1.0)",1.4903888240484766,8.470102437247627,-1.9324503718594368,13.93913966326453,-31.169672469107315,False,True,False,True,False,0.0,0.0,0.0,0.0,0.0,0,0.7925869294370824,1.1599841431645712,False,False,False,False,-0.34282825441539394,-0.34259477663620785,False,False,False,False,-8203117,-6214471.9635488205,False,False,False,False,223919.8742031564,False,False,False,False
2024-05-30 00:00:00+00:00,5.72,5.73,5.535,5.57,378274,,,,,,,,,,,,,,,,7.2055062031394685,7.246541164964045,7.908232274475625,8.524351238841296,8.165453359800821,7.983590046162978,8.432679886212718,8.876971283545847,9.445820851587145,9.947858129927416,10.549352991546133,11.331417541666761,12.636024648298118,12.82832269908939,13.152056231309182,13.634309803165955,14.138634701719518,,,,,,,,,,,,,,,7.077768047656651,7.478825643951528,8.461056897332458,8.534164974073304,8.042837828489576,8.01365979987268,8.682490799088727,9.004289152954096,9.58861979868749,10.00786769994729,10.434285874142056,11.186129039121063,11.466611592669897,12.026387688346084,12.518894826479013,12.764846569917188,13.031056904444071,13.31885021215052,13.68042754014085,14.206507715070506,,,,7.908232274475625,10.549352991546133,12.636024648298118,8.431429254035558,"rgba(255, 0, 0, 1.0)",1.511920823515021,8.431429254035558,-1.7933672265534615,15.812675024943843,-31.169672469107315,False,True,False,True,True,0.0,0.0,0.0,0.0,0.0,0,0.7737476454175934,1.1614570793264125,False,False,False,False,-0.33763749014942135,-0.3401161333928146,False,False,False,False,-7824843,-6277623.768899848,False,False,False,False,229972.97717558162,False,False,False,False
2024-05-31 00:00:00+00:00,5.73,5.77,5.55,5.71,182271,,,,,,,,,,,,,,,,7.173354932983802,7.214509932442609,7.878675728116256,8.499697147542093,8.151925293085414,7.972613092777695,8.42428132870594,8.867861267000714,9.435831680411518,9.937050721123349,10.537635292843333,11.318889806676928,12.622150457953108,12.81423771079437,13.137714728456782,13.619767546844164,14.123820824354539,,,,,,,,,,,,,,,7.045525397086159,7.449213203545716,8.431997433225876,8.511073746149862,8.030895928534406,8.004330711397786,8.673685167060139,8.994989191356105,9.578391078855631,9.996965136537884,10.42274111118627,11.173723231248056,11.453990048113726,12.013232281568968,12.505163366309679,12.750826724454985,13.016797796746241,13.304443348057166,13.665864335385669,14.191648200679694,,,,7.878675728116256,10.537635292843333,12.622150457953108,8.413643405896948,"rgba(255, 0, 0, 1.0)",1.528848120834227,8.413643405896948,-1.755336824715197,17.259880167363388,-31.169672469107315,False,True,False,True,True,0.0,0.0,0.0,0.0,0.0,0,0.7754888318246375,1.1714318504597816,False,False,False,False,-0.3313169168304352,-0.33571652511162486,False,False,False,False,-7642572,-6331151.150511619,False,False,False,False,228102.3114039902,False,False,False,False
2024-06-03 00:00:00+00:00,5.61,5.75,5.53,5.73,228031,,,,,,,,,,,,,,,,7.13362213193953,7.174906267421449,7.841914663529925,8.468876774826855,8.134845983894223,7.958710451373111,8.413643203477692,8.85634740737095,9.423232561556473,9.923438390580994,10.522894845437426,11.303147376489235,12.604738046649867,12.796563413036406,13.119722276713178,13.601527364153927,14.105244140655902,,,,,,,,,,,,,,5.63,7.005729177866084,7.412435816853249,8.395798528123791,8.48217177579775,8.015789525668088,7.992498381239483,8.662546197785245,8.983241320008947,9.56549540288859,9.983234910490305,10.40821510114346,11.158131428335698,11.438131946164946,11.996712761693818,12.487928346552287,12.733233333571341,12.998907441806068,13.286370347337515,13.647598255613639,14.173014860181699,,,,7.841914663529925,10.522894845437426,12.604738046649867,8.173762198110122,"rgba(255, 0, 0, 1.0)",1.5432929343073083,8.173762198110122,-1.6612284946803317,17.62750831314878,-31.169672469107315,False,True,False,True,True,0.0,0.0,0.0,0.0,0.0,0,0.7519962154335766,1.181343807789899,True,False,False,False,-0.335911136701156,-0.33581383090639044,False,False,False,False,-7870603,-6391521.811275869,False,False,False,False,228099.51487834353,False,False,False,False
2024-06-04 00:00:00+00:00,5.59,5.71,5.555,5.56,164861,,,,,,,,,,,,,,,,7.105933992817983,7.1472778395359935,7.815940867777004,8.446913637784967,8.12258458501135,7.948711666452439,8.405970379502813,8.848044114333769,9.414147673169067,9.913623870151428,10.512267603819106,11.291796835592459,12.592182236973565,12.783818668839334,13.106747601824353,13.588372706670816,14.09184575113935,,,,,,,,,,,,,,5.62510456223763,6.978090981568613,7.386591387363827,8.370096769808454,8.461550895212463,8.004932988116188,7.983975192541248,8.65451284643821,8.974769476296885,9.556196993493783,9.973335476283301,10.397742354272289,11.14688976483592,11.426697675457751,11.984800908237858,12.475500452696533,12.72054697728065,12.9860066269198,13.273337094278098,13.6344248077727,14.159575505513159,,,,7.815940867777004,10.512267603819106,12.592182236973565,8.158248535980707,"rgba(255, 0, 0, 1.0)",1.5312199340683488,8.158248535980707,-1.6772564664548502,17.774443057575958,-31.169672469107315,False,True,False,True,True,0.0,0.0,0.0,0.0,0.0,0,0.7689752219578716,1.176260662682063,False,False,False,False,-0.33763749014942135,-0.33672566052790587,False,False,False,False,-8035464,-6455990.1324023055,False,False,False,False,225619.5731184085,True,False,False,False
2024-06-05 00:00:00+00:00,6.04,6.05,5.59,5.7,279122,,,,,,,,,,,,,,,,7.069545817478313,7.110694587237904,7.778655021542941,8.414031227448985,8.104345286469133,7.933951229543043,8.394347397923458,8.835271455689991,9.399972003211396,9.898166135166417,10.495384668125695,11.273609002440502,12.571861106762485,12.763167902810753,13.085685491542506,13.566964518167177,14.069990545800728,,,,,,,,,,,,,,5.736513775506661,6.942698415219387,7.351039246640773,8.331891482962524,8.430619164154416,7.988866853213664,7.971344845486735,8.642231202908246,8.9616901089652,9.541646025102295,9.957728886174609,10.381129468770702,11.128902023035328,11.408352423877709,11.965601137320762,12.45540104559396,12.699998547879762,12.965078529857466,13.252160633579464,13.612981227442916,14.137647192374022,,,,7.778655021542941,10.495384668125695,12.571861106762485,8.141876064093573,"rgba(239, 83, 80, 1.0)",1.508308305999721,8.141876064093573,-1.3935321152398146,25.63175063484745,-28.988515021418767,False,True,False,True,True,0.0,0.0,0.0,0.0,0.0,0,0.7770132517838939,1.1337920489296633,False,False,False,False,-0.29502700015272443,-0.31587633034031515,False,False,False,False,-7756342,-6506984.32328849,False,False,False,False,227717.70750592192,False,False,False,False
2024-06-06 00:00:00+00:00,5.97,6.16,5.86,6.05,230551,,,,,,,,,,,,,,,,7.0435960885489735,7.084480690138718,7.750559992732551,8.38859021671149,8.090197081935603,7.922527568798204,8.385221074172195,8.825172039286112,9.388691397469865,9.885814745059418,10.481843420228744,11.25896501993788,12.555427140569005,12.746458931921632,13.06862961959526,13.549608178633182,14.052253146669793,,,,,,,,,,,,,,5.80296717133946,6.917872294743038,7.324918578467334,8.302512140030505,8.40664417904085,7.976425003549949,7.961539946332477,8.632547075606679,8.951331184088916,9.530051977345476,9.945253263186114,10.36781341374745,11.11442843354071,11.393573179108186,11.950101744897157,12.43915151985562,12.68337512437039,12.94813634718236,13.23500492698966,13.59559439951941,14.119848167952915,,,,7.750559992732551,10.481843420228744,12.555427140569005,8.12858302226989,"rgba(239, 83, 80, 1.0)",1.48532945961676,8.12858302226989,-1.4532688409929206,30.230996870269145,-24.90527208809874,False,True,False,True,True,0.0,0.0,0.0,0.0,0.0,0,0.8000897842372549,1.1262590836396285,False,False,False,False,-0.2528850264933171,-0.28438067841681614,False,False,False,False,-7986893,-6565019.957669334,False,False,False,False,227828.81701549364,False,False,False,False
2024-06-07 00:00:00+00:00,5.85,5.92,5.81,5.92,105553,,,,,,,,,,,,,,,,7.0306330630059675,7.07142988311074,7.737011371714769,8.37646507873563,8.083364087031335,7.9169743558496455,8.380828174011688,8.820349919802823,9.383344643460552,9.879988179550589,10.475482929292733,11.252114248013166,12.547774365084964,12.73868224963896,13.060697925424341,13.54154516619388,14.04402109904074,,,,,,,,,,,,,,5.8089386807893515,6.905313348131069,7.312096887799535,8.288524019828593,8.395211080584298,7.970390821157937,7.95677342130201,8.627908363619756,8.946394429374678,9.524564820765656,9.939370960765554,10.361554121373782,11.10765298009494,11.38666304891887,11.942870218353056,12.43158202723289,12.675636927655798,12.94025522550233,13.227029799723693,13.587517976119527,14.111588537479314,,,,7.737011371714769,10.475482929292733,12.547774365084964,8.12082523148133,"rgba(255, 0, 0, 1.0)",1.4683115264617934,8.12082523148133,-1.5465554758351336,32.24050534334646,-23.278884143171584,False,False,False,True,True,0.0,0.0,0.0,0.0,0.0,0,0.7932441116481798,1.1362074264479896,False,False,False,False,-0.28495877621610344,-0.2846697273164598,False,False,False,False,-8092446,-6624919.01815289,False,False,False,False,223033.6869364547,False,False,False,False
2024-06-10 00:00:00+00:00,5.87,5.915,5.7795,5.84,171075,,,,,,,,,,,,,,,,7.010125657882821,7.050770854999435,7.715400811544097,8.35701848034769,8.072352467512173,7.908014771505916,8.37372622424659,8.81255411043727,9.374700563518601,9.87056841885352,10.465199763885506,11.241037105510491,12.535398662420159,12.726105988588216,13.047870440391977,13.528504125508228,14.030705687905705,,,,,,,,,,,,,,5.815596986668,6.885482253317627,7.291713872132063,8.266142402215673,8.376860013678582,7.960659896352674,7.94907490608773,8.620409076104735,8.938413247818751,9.515693786022721,9.929861083737666,10.351434607429628,11.096697922891236,11.37548960002467,11.931176202571242,12.419341080326593,12.663122974963265,12.92750975926566,13.214131642033305,13.57445514296132,14.098228408968643,,,,7.715400811544097,10.465199763885506,12.535398662420159,8.108263940062333,"rgba(255, 0, 0, 1.0)",1.4419417963794439,8.108263940062333,-1.552256787120233,33.88879095682665,-21.880695211849083,False,False,False,True,True,0.0,0.0,0.0,0.0,0.0,0,0.786585151857597,1.1502081154496766,False,False,False,False,-0.28892331082185135,-0.2867965190691556,False,False,False,False,-7921371,-6675760.272342972,False,False,False,False,220996.09137031925,False,False,False,False
2024-06-11 00:00:00+00:00,5.81,5.84,5.77,5.84,95044,,,,,,,,,,,,,,,,6.998576273591411,7.039143518686232,7.70330242616514,8.346138115133423,8.066149781141082,7.902954677236793,8.369722709833994,8.808170439927697,9.369850988224517,9.865291573690467,10.459447027213347,11.234847753195355,12.528493429372157,12.719090002838854,13.040716010316231,13.5212326707591,14.02328327805149,,,,,,,,,,,,,,5.814930883475103,6.874284959865652,7.280262778685262,8.253639999470863,8.366586298848448,7.955169504089811,7.944724355575542,8.616187944753124,8.9339279459074,9.51071921897672,9.924534575925447,10.34577211766485,11.09057560830234,11.369247468236384,11.924647413114707,12.41251030165979,12.656141384196152,12.920400476648704,13.206938533493647,13.56717172514274,14.090781338118578,,,,7.70330242616514,10.459447027213347,12.528493429372157,8.100986719663934,"rgba(255, 0, 0, 1.0)",1.410478329191541,8.100986719663934,-1.6242622607162525,34.420688887108355,-21.406536855903802,False,False,False,True,True,0.0,0.0,0.0,0.0,0.0,0,0.7841200406195186,1.1572941151407123,False,False,False,False,-0.2983959423551686,-0.2925962307121621,False,False,False,False,-8016415,-6728334.967545209,False,False,False,False,216056.79366952242,False,False,False,False
2024-06-12 00:00:00+00:00,5.88,5.98,5.86,5.87,216773,,,,,,,,,,,,,,,,6.9751883662339935,7.015507561256993,7.6776995312056115,8.322630193461348,8.052749708748093,7.892050683114779,8.360992630794032,8.798551512076052,9.359148454288015,9.853602725342034,10.446660251980214,11.221042996620398,12.513030631154702,12.703372023317074,13.024676049136808,13.504913633354207,14.006609952503565,,,,,,,,,,,,,,5.828268044815259,6.851908606450056,7.256523103952073,8.226741171549826,8.34436232700225,7.943329315466562,7.935328590578581,8.60694874945602,8.924071527360637,9.49972813795122,9.9127311745443,10.3331933156142,11.076928193323125,11.355317856450887,11.910051273862315,12.39721862217863,12.640502790329538,12.90446605396355,13.190805882936916,13.550824352858893,14.074050696148511,,,,7.6776995312056115,10.446660251980214,12.513030631154702,8.086266547055171,"rgba(255, 0, 0, 1.0)",1.371101904467457,8.086266547055171,-1.6091193075193753,35.967655609003266,-19.86671357237232,False,False,False,True,True,0.0,0.0,0.0,0.0,0.0,0,0.7850059443720678,1.1441599214061464,False,False,False,False,-0.27272889782431264,-0.2826625642682374,False,False,False,False,-7799642,-6770347.008033632,False,False,False,False,216084.88019228625,False,False,False,False
2024-06-13 00:00:00+00:00,5.82,5.99,5.75,5.88,139299,,,,,,,,,,,,,,,,6.959956703108373,7.000127007752205,7.661144692392295,8.307433343926384,8.044014379206208,7.884919845579822,8.355294043856698,8.792290571160576,9.352200111680881,9.846026791905231,10.438385187351061,11.212121059849833,12.503052335262206,12.693230866532131,13.014329787102698,13.494390486258855,13.995861417547022,,,,,,,,,,,,,,5.830409706074124,6.83728674749969,7.2411104213435875,8.209389010825557,8.329984001075356,7.93559538529847,7.9291788963334,8.600928186719146,8.917660212102671,9.49259623318568,9.905082311884449,10.325050755315175,11.06810610841439,11.346316825740233,11.900626064482196,12.387349589504442,12.630412281148473,12.894186951856978,13.180400940007162,13.540283217025262,14.063265618268726,,,,7.661144692392295,10.438385187351061,12.503052335262206,8.076377314551317,"rgba(255, 0, 0, 1.0)",1.3295552599238043,8.076377314551317,-1.6970917889344652,36.35210456115509,-19.35719694339176,True,False,False,True,True,0.0,0.0,0.0,0.0,0.0,0,0.7649925388735501,1.1697676598014688,False,False,False,False,-0.28384358370876456,-0.28325307398850097,False,False,False,False,-7938941,-6816174.223404862,False,False,False,False,213073.66920435347,False,False,False,False
2024-06-14 00:00:00+00:00,5.89,5.89,5.7399,5.78,223947,,,,,,,,,,,,,,,,6.93603212289375,6.975957227741263,7.634958481425336,8.283259096711642,8.030030557621899,7.87348503766799,8.346138025386548,8.782235117286314,9.341044555250095,9.833866574541382,10.425105319255408,11.197803899458863,12.487040921922102,12.676958273256117,12.997727900119685,13.477503774734283,13.978612315700541,,,,,,,,,,,,,,5.831563944029303,6.814349120432856,7.216797361726236,8.18186282271844,8.30709021134242,7.923201987896026,7.919304827234343,8.591257272802984,8.907364138291067,9.481146871642549,9.89280532443777,10.311983114596329,11.053949195212732,11.331872634759266,11.885501404193288,12.371513345151616,12.614220928459574,12.877692954778993,13.163704524108887,13.523367556429664,14.04595781846291,,,,7.634958481425336,10.425105319255408,12.487040921922102,8.060547267732122,"rgba(255, 0, 0, 1.0)",1.3005570947707878,8.060547267732122,-1.6689365476220506,37.864621346175376,-17.725278961976905,True,False,False,True,True,0.0,0.0,0.0,0.0,0.0,0,0.7585468819434157,1.1888609094948894,False,False,False,False,-0.2961604805340853,-0.2897067772612931,False,False,False,False,-7714994,-6851422.057781142,False,False,False,False,213500.07433359453,False,False,False,False
2024-06-17 00:00:00+00:00,5.75,5.865,5.64,5.85,284327,,,,,,,,,,,,,,,,6.9047592906656465,6.944409056457365,7.601194474550666,8.252156290590802,8.011824475399266,7.858527701673522,8.334202778717987,8.769186614617572,9.326628311930516,9.818194716075553,10.408032501146838,11.179438396220647,12.466554510561819,12.656143918523304,12.976501571666319,13.455924529858843,13.956580931969278,,,,,,,,,,,,,,5.820941511708142,6.784198906463941,7.185215177162466,8.146539711929643,8.277604552265686,7.90701868736794,7.906375526008517,8.578685148534637,8.89401744162544,9.466363555137749,9.876987400601749,10.295176088192857,11.035782889352108,11.313349755795459,11.866128406063847,12.351247084129854,12.593508513305888,12.85660133961223,13.142361320208026,13.501752332427557,14.023852898788336,,,,7.601194474550666,10.408032501146838,12.466554510561819,8.039402196444152,"rgba(255, 0, 0, 1.0)",1.2816127649493678,8.039402196444152,-1.7863447205401384,37.28513663801191,-17.725278961976905,True,False,False,True,True,0.0,0.0,0.0,0.0,0.0,0,0.7598431024274719,1.1576376554174066,False,False,False,False,-0.3102397897014034,-0.2999732834813483,False,False,False,False,-7999321,-6896437.702574039,False,False,False,False,216277.60083031634,False,False,False,False
2024-06-18 00:00:00+00:00,5.74,5.865,5.72,5.72,503629,,,,,,,,,,,,,,,,6.854280555681733,6.893362672917466,7.544986373770185,8.199396619243759,7.980605838219115,7.832832695028532,8.313517786772222,8.746524080961438,9.301539832443407,9.790886065392515,10.378245592035782,11.14734829843754,12.430696163087838,12.619704434984184,12.939327431373115,13.418110456789673,13.917955102927463,,,,,,,,,,,,,,5.812184652833812,6.73590842696195,7.133350661602011,8.08701452083973,8.227480504111437,7.879241491061389,7.884092380539953,8.556868792930022,8.870824947724424,9.440626173138186,9.849420484691143,10.265859193459878,11.004049305602127,11.280976584387918,11.832241471815742,12.31577818174315,12.55724988545637,12.8196682540818,13.104974624544212,13.463873289794062,13.985095866020018,,,,7.544986373770185,10.378245592035782,12.430696163087838,8.004276253608664,"rgba(255, 0, 0, 1.0)",1.2644968375817098,8.004276253608664,-1.7906539473352772,36.78958907771139,-17.725278961976905,True,False,False,True,True,0.0,0.0,0.0,0.0,0.0,0,0.7557075927716219,1.1665799062988027,False,False,False,False,-0.3012084258344002,-0.3005908546578743,False,False,False,False,-8502950,-6959438.184826037,False,False,False,False,227546.28315069608,False,False,False,False
2024-06-20 00:00:00+00:00,5.88,5.9,5.65,5.79,456140,,,,,,,,,,,,,,,,6.8136644292352,6.85216045957808,7.497932604623132,8.15417704074815,7.953510469100653,7.810488081267489,8.295324083212389,8.726530821759178,9.279343482675838,9.766681676315303,10.351798653909578,11.118798428510901,12.398718140213532,12.587199502325348,12.90615111547025,13.384337270994344,13.883433869539498,,,,,,,,,,,,,,5.811863027807471,6.697447916069056,7.090691064516362,8.036401607987981,8.184408334844967,7.85510904747783,7.864637029993176,8.537645476540172,8.850349163772155,9.417843083580859,9.824982524824138,10.239837364106542,10.97582677134087,11.252165207205607,11.802049094062045,12.284152493896938,12.524909175523732,12.786713170735998,13.071599351661899,13.430039809745196,13.950454656183453,,,,7.497932604623132,10.351798653909578,12.398718140213532,7.9748104450552715,"rgba(255, 0, 0, 1.0)",1.24547862647695,7.9748104450552715,-1.6819320705492975,39.082114699906796,-15.957959367083546,True,False,False,True,True,0.0,0.0,0.0,0.0,0.0,0,0.734794643525099,1.1866536994089922,False,False,False,False,-0.30284117898692264,-0.30171601682239846,False,False,False,False,-8046810,-7002080.216793643,False,False,False,False,236510.7426349825,False,False,False,False
2024-06-21 00:00:00+00:00,5.93,6.0,5.74,6.0,253122,,,,,,,,,,,,,,,,6.794150102078889,6.832274082972866,7.474092366689573,8.130645886762059,7.939314843851218,7.798787640111127,8.285662954120859,8.71585425735035,9.267428799561763,9.753645704663839,10.337510547459866,11.103323629740782,12.381319605309924,12.56950667936712,12.888079781128733,13.365921424628327,13.864592381568512,,,,,,,,,,,,,,5.81776436753898,6.679255254966699,7.069589987476554,8.010249051734522,8.161945559164117,7.842473125908842,7.854411749679821,8.527403149141874,8.839400338957482,9.405600801752803,9.81181619124733,10.225786404659837,10.960537890055853,11.23654079162869,11.785646884729168,12.266950234538562,12.507308235854142,12.768767185931875,13.053412700052375,13.411589368462772,13.931545530111634,,,,7.474092366689573,10.337510547459866,12.381319605309924,7.959997501224211,"rgba(255, 0, 0, 1.0)",1.236886850557879,7.959997501224211,-1.6412152011387395,41.47306229789219,-13.543378025556386,True,False,False,True,True,0.0,0.0,0.0,0.0,0.0,0,0.7630847788540961,1.1670796725989334,False,False,False,False,-0.2802449081064661,-0.29098046246443227,False,False,False,False,-7793688,-7033123.659272324,False,False,False,False,237162.16449243418,False,False,False,False
2024-06-24 00:00:00+00:00,5.85,5.97,5.81,5.97,155549,,,,,,,,,,,,,,,,6.782391038276699,6.820288927771388,7.459669165077603,8.116341961470791,7.930631675523507,7.791618191842213,8.279731555475891,8.709302284950393,9.260119691307642,9.745650721824935,10.328749313921405,11.093835179052759,12.370652026765105,12.558658741680315,12.876999588482288,13.354629211538125,13.853038589768593,,,,,,,,,,,,,,5.820376894952405,6.668294509260613,7.056844451303283,7.994392446523982,8.148278841384672,7.834735893565462,7.848138164797965,8.521116611749088,8.832681897043956,9.398091339367294,9.803741451236874,10.217170310901764,10.951163468955679,11.22696050383543,11.775589747368672,12.256402904021646,12.496516623213786,12.757763956727825,13.042261511653196,13.400275876351357,13.919950213081748,,,,7.459669165077603,10.328749313921405,12.370652026765105,7.950934813173488,"rgba(255, 0, 0, 1.0)",1.2334151372927182,7.950934813173488,-1.7033476804775807,41.91370174986331,-12.983700641471962,True,False,False,True,True,0.0,0.0,0.0,0.0,0.0,0,0.766992498295067,1.177691899674168,False,False,False,False,-0.2755238380640864,-0.2832521502642593,False,False,False,False,-7949237,-7069049.672634194,False,False,False,False,233961.64823782892,False,False,False,False
2024-06-25 00:00:00+00:00,5.81,5.85,5.62,5.85,206825,,,,,,,,,,,,,,,,6.765259804492651,6.802897249912215,7.4395060151160965,8.096625442720788,7.918549341086531,7.781592038420747,8.271509288367698,8.700280291373826,9.250116402878561,9.734752141120325,10.316849266135767,11.080991197959023,12.356268154030424,12.544038288373713,12.862076356111364,13.339433780166209,13.837503867116979,,,,,,,,,,,,,5.759999999999999,5.817014492587384,6.652095286559228,7.038679134802113,7.972528653387387,8.129437746781953,7.823934578913716,7.839367901936222,8.512437042922704,8.82344509017327,9.387826607133038,9.792738651808703,10.205460184418852,10.938466883798457,11.213998421300431,11.76200679623976,12.242177024644997,12.481969967055397,12.742940730994356,13.027247410733011,13.385053005827054,13.90436127781156,,,,7.4395060151160965,10.316849266135767,12.356268154030424,7.739155120478307,"rgba(255, 0, 0, 1.0)",1.2283883090618206,7.739155120478307,-1.5704766206637832,41.643772440586176,-12.983700641471962,True,False,False,True,True,0.0,0.0,0.0,0.0,0.0,1,0.7489066505806062,1.1836072990499167,False,False,False,False,-0.31122567104756854,-0.2972389106559139,False,False,False,False,-8156062,-7111677.607040696,False,False,False,False,232897.4659539925,False,False,False,False
2024-06-26 00:00:00+00:00,5.71,5.755,5.64,5.66,260319,,,,,,,,,,,,,,,,6.743292033634563,6.780621951181926,7.413939601492739,8.071665539751681,7.903126008640788,7.768752376990042,8.260997741997167,8.688779237176417,9.23739772544415,9.72091906326984,10.301768560528599,11.064736595206709,12.338093394533145,12.525568021514953,12.843228498346964,13.320247826525538,13.817895158543058,,,,,,,,,,,,,5.727493374633946,5.809458888936139,6.631228827467948,7.0155156778992485,7.944901029287162,8.105568394018439,7.810118641891377,7.828126682271904,8.50135992730584,8.811678000381766,9.374782585959709,9.778775772497697,10.190616219611579,10.922395392163121,11.197597323252078,11.744832329480895,12.224199690488387,12.463591851272115,12.724217484364733,13.00828679558475,13.365832922571087,13.884684893449057,,,,7.413939601492739,10.301768560528599,12.338093394533145,7.721440212318147,"rgba(255, 0, 0, 1.0)",1.224589992058802,7.721440212318147,-1.6425417693774218,40.12086555146978,-12.983700641471962,True,False,False,True,True,0.0,0.0,0.0,0.0,0.0,1,0.7566505441354293,1.180244860943168,False,False,False,False,-0.3197723629082031,-0.3085056367820585,False,False,False,False,-8416381,-7162842.445980277,False,False,False,False,233972.82023030653,False,False,False,False
2024-06-27 00:00:00+00:00,5.82,5.835,5.67,5.67,179810,,,,,,,,,,,,,,,,6.729672171851909,6.766765178183296,7.397452656420513,8.05525074598992,7.892948094177727,7.760287178789627,8.253993784621958,8.681080265549827,9.228846776055585,9.711592753049972,10.291574436354058,11.053719042529123,12.325735495075081,12.513004661842201,12.830400651130203,13.307178729888252,13.804527826881,,,,,,,,,,,,,5.740697043375572,5.807967293575932,6.61843823936959,7.000846292849228,7.92681820141174,8.08984800233509,7.80100841160692,7.820696224956056,8.493958561260284,8.803792224169058,9.366005277980559,9.769359197851534,10.18058662998284,10.911506942848233,11.186475876722914,11.733169415186113,12.211978776031195,12.451092652031278,12.711477266622527,12.995378221102127,13.352739588654053,13.871270170108394,,,,7.397452656420513,10.291574436354058,12.325735495075081,7.711818631226519,"rgba(255, 0, 0, 1.0)",1.2196564573173085,7.711818631226519,-1.5511077893095098,41.329474545331045,-12.983700641471962,True,False,False,True,True,0.0,0.0,0.0,0.0,0.0,1,0.7725358045492839,1.170406678410048,False,False,False,False,-0.30544799386906246,-0.3069768153255605,False,False,False,False,-8236571,-7204949.448098698,False,False,False,False,231848.78806441216,False,False,False,False
2024-06-28 00:00:00+00:00,5.78,5.91,5.725,5.77,224489,,,,,,,,,,,,,,,,6.713714301625836,6.750499584317953,7.377700950292187,8.035348975126897,7.880555080057503,7.749977108377108,8.245409842971545,8.67162381830351,9.218322410643312,9.700099011948797,10.278995659547428,11.040105918975236,12.310442444093834,12.497454599536217,12.814518380164921,13.290990381231047,13.787963351876124,,,,,,,,,,,,,5.7572618748443665,5.807815157013134,6.603545265373758,6.9834482107203675,7.904969748730978,8.070767139554755,7.789915060116994,7.811629546299827,8.484875660642171,8.794101247339928,9.355197936924155,9.757752623279476,10.16821350121731,10.898056449362633,11.172731472202788,11.718745312954571,12.1968568835306,12.4356229107792,12.695705300058256,12.979393354781942,13.336520565199457,13.854646161486977,,,,7.377700950292187,10.278995659547428,12.310442444093834,7.7003339459638145,"rgba(255, 0, 0, 1.0)",1.2184672397796972,7.7003339459638145,-1.576024273177026,41.541940146949806,-12.705048598146774,True,False,False,True,True,0.0,0.0,0.0,0.0,0.0,1,0.7901517546632942,1.1691432184634838,False,False,False,False,-0.2886740802891831,-0.2978254478073718,False,False,False,False,-8461060,-7254208.685428161,False,False,False,False,231560.1689246313,False,False,False,False
2024-07-01 00:00:00+00:00,5.89,5.95,5.76,5.76,170377,,,,,,,,,,,,,,,,6.702763158773375,6.739298811623858,7.36360938718169,8.020889010350787,7.871523649529494,7.742470316818543,8.239098689330753,8.66464170745188,9.210521506967057,9.691558216953391,10.269626854674849,11.029942363154744,12.298993075724367,12.485809145949679,12.8026179286612,13.278851538429093,13.775534141974493,,,,,,,,,,,,,5.77515369897551,5.810019441412538,6.593446331797612,6.971251548081914,7.889163953034705,8.056885393875703,7.781836691913256,7.805012406852974,8.478180689389625,8.786938817061115,9.34718105338758,9.74912574130372,10.159001526381672,10.888018365168206,11.162466164627295,11.707958503886895,12.185537878147269,12.424038808292316,12.683889784654136,12.96741279362294,13.324357918396082,13.842171261787493,,,,7.36360938718169,10.269626854674849,12.298993075724367,7.692494313190498,"rgba(239, 83, 80, 1.0)",1.2185174125496234,7.692494313190498,-1.479251994781891,43.80342814410636,-10.381334658406253,True,False,False,True,True,0.0,0.0,0.0,0.0,0.0,1,0.8074790049120585,1.1220091903026461,False,False,False,False,-0.27906879777639043,-0.2884471227918811,False,False,False,False,-8290683,-7294854.736979999,False,False,False,False,229160.82896680263,False,False,False,False
2024-07-02 00:00:00+00:00,5.73,5.87,5.71,5.82,104837,,,,,,,,,,,,,,,,6.695401336137792,6.731798736192782,7.354516844879215,8.011691911780161,7.865740528620995,7.737644368491978,8.235074347734761,8.660214863062064,9.205601203667959,9.686189409840926,10.263755620863758,11.023591595134477,12.291862635003513,12.47855937715947,12.795213764154147,13.2713047736062,13.767812279424932,,,,,,,,,,,,,5.774682504590881,5.809117892922017,6.586560261829891,6.963232891444992,7.879100466071302,8.048057016211699,7.776650320887589,7.8007611100560945,8.473926244864627,8.782403684387551,9.342129862150898,9.743704705941632,10.153225548469646,10.881743050562275,11.156054456053917,11.701231350663864,12.178486879629013,12.416826339083206,12.676536911800982,12.959960822190308,13.316796865682154,13.834421703150449,,,,7.354516844879215,10.263755620863758,12.291862635003513,7.686715319799262,"rgba(255, 0, 0, 1.0)",1.2221860049242015,7.686715319799262,-1.6009963392770274,42.9079932562493,-10.381334658406253,True,False,False,True,True,0.0,0.0,0.0,0.0,0.0,1,0.7971341168893897,1.1432941555305105,False,False,False,False,-0.2957509524779275,-0.2920990376349043,False,False,False,False,-8395520,-7338018.080627842,False,False,False,False,224285.38469359468,False,False,False,False
2024-07-03 00:00:00+00:00,5.82,5.83,5.715,5.77,71222,,,,,,,,,,,,,,,,6.690563724528477,6.726865219935905,7.348469488919523,8.00553728129287,7.861864044200721,7.7344096860823806,8.232368126153462,8.657234188501182,9.202284364103726,9.682567473818844,10.259791912728792,11.019300907762691,12.287040973196058,12.47365653627395,12.790205666322535,13.266198964940264,13.762586857392739,,,,,,,,,,,,,5.775480809943626,5.808804591629625,6.582051038139083,6.957928898351457,7.872377044637143,8.04214611202296,7.773174189932632,7.797909052279582,8.471063110443701,8.779349172729452,9.338723987884109,9.740047245367947,10.149326624281503,10.877503886258689,11.151722089412534,11.69668398368656,12.173719230581298,12.41194888331124,12.67156381976655,12.954919938190868,13.311681279135106,13.829177399599685,,,,7.348469488919523,10.259791912728792,12.287040973196058,7.682930206585581,"rgba(255, 0, 0, 1.0)",1.2246911285554063,7.682930206585581,-1.5211428932150546,43.96965599076259,-10.04594146624428,True,False,False,True,True,0.0,0.0,0.0,0.0,0.0,1,0.7902183691829558,1.1480330416291813,False,False,False,False,-0.3002694111107841,-0.2961842243728442,False,False,False,False,-8324298,-7376695.7245247895,False,False,False,False,218282.89901933607,False,False,False,False
2024-07-05 00:00:00+00:00,5.78,5.835,5.72,5.83,77076,,,,,,,,,,,,,,,,6.685328909717805,6.721527733294085,7.341935863190713,7.998885187016944,7.857665050795012,7.730903280822022,8.22943425155694,8.654004265040548,9.198691655031286,9.67864536777752,10.255500740118045,11.01465660830055,12.281823032918195,12.468350878089524,12.78478626504425,13.26067395674638,13.756932562008277,,,,,,,,,,,,,5.77565059274904,5.8083155009456515,6.577167472548638,6.952194025775683,7.865114870496139,8.035755882688584,7.769407127088429,7.794816353745343,8.467959990520312,8.776039585263847,9.335035158970301,9.736086780855137,10.1451054158688,10.872915233561649,11.147032774991946,11.691762409788105,12.168559652040363,12.40667065535524,12.666182247980275,12.949465102340323,13.306145702413541,13.823502695541196,,,,7.341935863190713,10.255500740118045,12.281823032918195,7.678791637862867,"rgba(255, 0, 0, 1.0)",1.2249714098528643,7.678791637862867,-1.5500701670179693,44.06786437351738,-9.785810902562488,True,False,False,True,True,0.0,0.0,0.0,0.0,0.0,1,0.7825008269930533,1.1509262322196494,False,False,False,False,-0.2989772150508602,-0.2975807197118522,False,False,False,False,-8401374,-7416879.186308131,False,False,False,False,212745.37356759742,False,False,False,False
2024-07-08 00:00:00+00:00,5.92,5.95,5.67,5.76,203825,,,,,,,,,,,,,,,,6.672792269842472,6.708700078964951,7.325660837462033,7.982019411393798,7.847004322379117,7.722013395381325,8.22192477056441,8.645699796502356,9.189416170151738,9.668492408580052,10.244364968582127,11.002574237815478,12.268209150888527,12.454503571153271,12.770634499211662,13.246235539643658,13.742146212426334,,,,,,,,,,,,,5.785308348567947,5.80987707385475,6.565615143761108,6.938161029127,7.846771800500358,8.01953599547264,7.759853018611188,7.786958881205695,8.459995863276598,8.767521268280847,9.325503615827694,9.725831689022094,10.134155822967257,10.860982618563012,11.13482872074056,11.678936764369123,12.155100821336655,12.392896424069392,12.652132049805425,12.935216920093637,13.291678700645999,13.808661735705709,,,,7.325660837462033,10.244364968582127,12.268209150888527,7.669016654556401,"rgba(239, 83, 80, 1.0)",1.2219523589606642,7.669016654556401,-1.4313296600564962,46.595106093170656,-7.2496801651232445,True,False,False,False,True,0.0,0.0,0.0,0.0,0.0,1,0.7668436773979423,1.1584799203451708,False,False,False,False,-0.2906013201292621,-0.29409101992055714,False,False,False,False,-8197549,-7447493.688805851,False,False,False,False,212395.5549963191,False,False,False,False
2024-07-09 00:00:00+00:00,5.99,6.085,5.775,5.92,231874,,,,,,,,,,,,,,,,6.66070637330009,6.696252396522516,7.308835499960941,7.964064308822997,7.835632584632155,7.7125532550935825,8.213808388045704,8.636658633618577,9.179250740362964,9.657318014101158,10.232061033983166,10.989171785969527,12.253039781396538,12.439066188817634,12.75484451625196,13.23010685569158,13.72561140889743,,,,,,,,,,,,,5.807373829007224,5.816080370349934,6.5547356419163725,6.924094829780717,7.827363063018696,8.002237568792115,7.749679777391721,7.778568794367497,8.451350331850405,8.758231462415054,9.31504374839059,9.714539940170258,10.122065637434979,10.847754949487175,11.121283340585657,11.664671708095227,12.140109045050158,12.377543084086431,12.636460216922957,12.919312621521396,13.275516411005237,13.792063715289622,,,,7.308835499960941,10.232061033983166,12.253039781396538,7.659626079881993,"rgba(239, 83, 80, 1.0)",1.2147065489252824,7.659626079881993,-1.3745098199719121,49.374712260623355,-4.588735297654289,True,False,False,False,True,0.0,0.0,0.0,0.0,0.0,1,0.7853953026794577,1.145137280846841,False,False,False,False,-0.26000592875411516,-0.27704847433733615,False,False,False,False,-7965675,-7467814.524538955,False,False,False,False,213159.41558469876,False,False,False,False
2024-07-10 00:00:00+00:00,6.14,6.145,6.03,6.08,251885,,,,,,,,,,,,,,,,6.650792503947511,6.685899318436331,7.293050751855943,7.94638945053548,7.824435763964903,7.70328421335827,8.205656207422233,8.627468353568243,9.168806650365585,9.645759452963922,10.219255826873004,10.975138379478322,12.237046806904944,12.422777950561246,12.738163295699476,13.213038169689888,13.708085438724046,,,,,,,,,,,,,5.845187747462556,5.829337260592618,6.54626436604757,6.911621876555519,7.808428453619855,7.985165741544062,7.739698092783474,7.770306295817061,8.442603720497974,8.748762288559119,9.304274402006818,9.702851888692871,10.10949598613341,10.833918425560954,11.10708759105949,11.649673971326125,12.12431107485519,12.361347640722142,12.619911452239535,12.902500051967017,13.258409529321199,13.774467342550038,,,,7.293050751855943,10.219255826873004,12.237046806904944,7.651871672947057,"rgba(239, 83, 80, 1.0)",1.2045319527630636,7.651871672947057,-1.255152816393945,53.30107505599903,-0.9618773169298152,True,False,True,False,True,0.0,0.0,0.0,0.0,0.0,1,0.8032978990541559,1.1502469239139534,False,False,False,False,-0.22055083935906047,-0.24879965684819833,False,False,False,False,-7713790,-7477460.621615859,False,False,False,False,214678.06595392627,False,False,False,False
2024-07-11 00:00:00+00:00,6.33,6.36,6.1506,6.26,341520,,,,,,,,,,,,,,,,6.642040080493547,6.676490733094473,7.275358760586541,7.92518450434533,7.811007365326737,7.692245158520563,8.195616668407402,8.615971795259858,9.155562085421023,9.630976837591321,10.202754134085545,10.956919263040882,12.216110803602595,12.401435492338242,12.716273024970025,13.190592876513287,13.6849956920511,,,,,,,,,,,,,5.9091127099900085,5.85574379076359,6.539638542741299,6.898848869014662,7.785984044603973,7.96461529309076,7.727786200392815,7.7603979430694965,8.431729251391095,8.736874572625391,9.290580926655549,9.68789076280729,10.093318596294953,10.815976798551242,11.088637687632596,11.630106414654266,12.10364253488546,12.340133235300346,12.598206979897364,12.8804208007542,13.235909881860763,13.751279525369839,,,,7.275358760586541,10.202754134085545,12.216110803602595,7.6445394647897045,"rgba(239, 83, 80, 1.0)",1.1956497423193317,7.6445394647897045,-1.0994352428326957,58.00711672115739,3.2624200985389322,True,False,True,False,True,0.0,0.0,0.0,0.0,0.0,0,0.7915794760190844,1.1498786306185655,False,False,False,False,-0.17892950629435572,-0.21386458157127702,False,False,False,False,-7372270,-7473335.499199551,False,False,False,False,219652.25944592914,False,False,False,False
2024-07-12 00:00:00+00:00,6.37,6.49,6.31,6.42,144223,,,,,,,,,,,,,,,,6.639551167697984,6.673712194479498,7.268875744136903,7.9169778918548195,7.805808202409657,7.687993170029044,8.191649607748994,8.61137721545722,9.150217537386496,9.624976391900839,10.19602086594431,10.94944741536739,12.207476439407541,12.392627973623778,12.707230272319212,13.181307788674951,13.675431954255433,,,,,,,,,,,,,5.937211204257322,5.868638870305923,6.538081245271595,6.894538777633886,7.777379388565829,7.956640975810447,7.723191173655925,7.756560592419814,8.427402454666122,8.732111575794887,9.285044941643397,9.681814238356258,10.086723443530394,10.808624871874551,11.081065579629003,11.622054567782229,12.095121847240858,12.331380353658833,12.589244320827571,12.871295321537815,13.226601153974864,13.741673686632486,,,,7.268875744136903,10.19602086594431,12.207476439407541,7.642148196561287,"rgba(239, 83, 80, 1.0)",1.1866176930888614,7.642148196561287,-1.072079241672002,61.5355115125836,6.294034501245683,True,False,True,False,True,0.0,0.0,0.0,0.0,0.0,0,0.8048478873004071,1.1374069401158082,False,False,False,False,-0.1416846414740357,-0.17777461152265636,False,False,False,False,-7228047,-7463716.342368196,False,False,False,False,216694.24927157897,False,False,False,False
2024-07-15 00:00:00+00:00,6.37,6.47,6.28,6.38,153408,,,,,,,,,,,,,,,,6.636783890433832,6.670645070052516,7.261954439866462,7.908250154325864,7.80025490817344,7.683443074783608,8.187410129250294,8.606474284692249,9.144521051829743,9.618585381891725,10.188853586206363,10.941497548316393,12.198293999326305,12.383261886883245,12.697614650294925,13.171434987801474,13.665263414295575,,,,,,,,,,,,,5.962730858975192,5.881271892636078,6.536277478628709,6.88988479517326,7.768233839694805,7.948157679254385,7.718277356151929,7.752452878551712,8.422782698888497,8.7270305139278,9.279145770715596,9.675342651847805,10.079702492564152,10.800802093572809,11.073009453550737,11.613489848321489,12.086059963120428,12.322072216922216,12.57971367001339,12.861591909844838,13.216703263192935,13.731460465098147,,,,7.261954439866462,10.188853586206363,12.198293999326305,7.6392991383002995,"rgba(239, 83, 80, 1.0)",1.1778928659286418,7.6392991383002995,-1.077601516246211,63.88777470686774,8.250885965265908,True,False,True,False,True,0.0,0.0,0.0,0.0,0.0,0,0.8066136038365934,1.1389844410408352,False,False,False,False,-0.13356201470467852,-0.15566831311366744,False,False,False,False,-7228047,-7454474.407373365,False,False,False,False,214212.43557465432,False,False,False,False
2024-07-16 00:00:00+00:00,6.6,6.66,6.38,6.4,213086,,,,,,,,,,,,,,,6.546666666666667,6.635501251219975,6.668911271490856,7.254357265065177,7.8976403307403125,7.793540725211342,7.678004235689076,8.18211366075786,8.600225418799068,9.137139711713882,9.610221666949812,10.17939284576242,10.93091804256707,12.185965419908193,12.370674330756204,12.684671484182887,13.158117382663514,13.6515206855803,,,,,,,,,,,,,6.006624466624525,5.903629320050458,6.536433108869011,6.885680051240376,7.757280639828168,7.937804436618758,7.712383075530692,7.747499561462758,8.416939967154352,8.720526136347498,9.271477703329177,9.66686508447714,10.07044824202396,10.790405420199516,11.062276042165816,11.60203157827662,12.0739008617771,12.309566551307187,12.566892211172817,12.848520497166843,13.203349314140956,13.717654112989358,,,,7.254357265065177,10.17939284576242,12.185965419908193,7.50094506505404,"rgba(239, 83, 80, 0.5)",1.1663645220085304,7.50094506505404,-0.7724386742341699,67.55321957923042,11.492865861737357,True,False,True,False,True,0.0,0.0,0.0,0.0,0.0,0,0.8409485301031794,1.1222933638796044,False,False,False,False,-0.09334712320761808,-0.12450771816064277,False,False,False,False,-7014961,-7437238.587476371,False,False,False,False,214168.2616305502,False,False,False,False
2024-07-17 00:00:00+00:00,6.13,6.48,5.97,6.37,655180,,,,,,,,,,,,,,,6.280046836645298,6.616962180955966,6.64930494983518,7.220803126391379,7.857762195703334,7.767615264233548,7.656480146689787,8.16256806501253,8.577981841516873,9.111644552279735,9.581855183015278,10.14780954042235,10.896109707267104,12.14603906626838,12.329981417904463,12.642942521899885,13.115332269784506,13.607511098783672,,,,,,,,,,,,,6.041675887126754,5.9307564952817495,6.521325971044575,6.860547291943139,7.715320176798185,7.899060708428223,7.6892433256240444,7.728114023468504,8.395849746677545,8.697556426842727,9.245145176216818,9.638164920993153,10.039472344189173,10.756119256314603,11.0270328128958,11.56468313921513,12.034478468231557,12.269115275860562,12.525515132658716,12.806431844909833,13.160460803079484,13.673458494483368,,,,7.220803126391379,10.14780954042235,12.14603906626838,7.469030960624954,"rgba(239, 83, 80, 1.0)",1.154559984045329,7.469030960624954,-1.159776000492654,62.24665510594538,11.492865861737357,True,False,True,False,False,0.0,0.0,0.0,0.0,0.0,0,0.796058096508672,1.1175187320126534,False,False,False,False,-0.16398655150703323,-0.144247134833838,False,False,False,False,-7670141,-7446372.015418475,False,False,False,False,231462.83960582275,False,False,False,False
2024-07-18 00:00:00+00:00,6.24,6.55,6.09,6.19,311404,,,,,,,,,,,,,,,6.283554146498597,6.610638907288496,6.642463852140042,7.207068875121458,7.840555273980161,7.7563494424109205,7.647151503632882,8.153877148980486,8.56799041490504,9.10009096213851,9.568930237268175,10.133348143215004,10.880092170597939,12.127563865156317,12.311139766173584,12.623601073847173,13.095471593298836,13.587054815340647,,,,,,,,,,,,,6.062291439291903,5.946205586780733,6.516652376096832,6.850926789427188,7.697415184586828,7.882287637166022,7.679209314260928,7.719658074345281,8.386414077705249,8.687214931325377,9.233191719293439,9.625080674641543,10.025300817571154,10.74035511228385,11.010802992958551,11.54743897860345,12.016243532626719,12.250389344755868,12.506344189086343,12.786913073469453,13.140549505845076,13.652912439466041,,,,7.207068875121458,10.133348143215004,12.127563865156317,7.461900796904146,"rgba(239, 83, 80, 1.0)",1.1415368493309255,7.461900796904146,-1.0703997839581991,59.90226743734529,16.9362160470896,True,False,True,False,False,0.0,0.0,0.0,0.0,0.0,0,0.8132874194990319,1.0962783305464963,False,False,False,False,-0.13348190321876824,-0.13886451902630312,False,False,False,False,-7358737,-7442935.348147162,False,False,False,False,234597.78707226107,False,False,False,False
2024-07-19 00:00:00+00:00,6.26,6.305,6.07,6.24,166237,,,,,,,,,,,,,,,6.27467510880519,6.606520450050449,6.6380890948201055,7.199261812421153,7.831047042605188,7.7500738152961,7.641926407759608,8.149068479582429,8.562502165294077,9.093783667474952,9.561901024468526,10.12550930408555,10.87143564249546,12.117611521147767,12.300993741336784,12.613191596199199,13.084789901902457,13.576059652063464,,,,,,,,,,,,,6.06855006124194,5.952109492736755,6.513351063853568,6.8451906799076845,7.687495041868125,7.8730234526502185,7.673599504938008,7.714928576874577,8.381216434970376,8.681543568941695,9.22667398387883,9.617967540995968,10.017614839804473,10.731831530731235,11.002035297445184,11.538137258611552,12.006418272922216,12.240304449853587,12.496024472145583,12.776410731947427,13.129841232003276,13.641869901058836,,,,7.199261812421153,10.12550930408555,12.117611521147767,7.456897796104609,"rgba(239, 83, 80, 1.0)",1.1262642065985515,7.456897796104609,-1.0627149376604792,58.55711754094851,15.789476906398932,True,False,True,False,False,0.0,0.0,0.0,0.0,0.0,0,0.815036316385687,1.1137469181048845,False,False,False,False,-0.15845586342117002,-0.14866019122373658,False,False,False,False,-7192500,-7433114.354102176,False,False,False,False,231916.97189295673,False,False,False,False
2024-07-22 00:00:00+00:00,6.23,6.37,6.17,6.34,198567,,,,,,,,,,,,,,,6.272359833617572,6.602259213623621,6.633517892710949,7.190513104543911,7.82014570473428,7.742861528897573,7.635929572860635,8.14348841940918,8.556104816804973,9.086402799220707,9.553655503290228,10.116294116015583,10.861237013244306,12.105857676504236,12.289007890125493,12.600888975333373,13.072157440273818,13.563049014500454,,,,,,,,,,,,,6.077516042895416,5.959990833873852,6.510074590170132,6.838949692125405,7.676173916204036,7.862387444132851,7.667159183598305,7.709485968153167,8.375168517843473,8.674926003340952,9.219041078891989,9.609621527348498,10.008582659818675,10.721793169359211,10.991702331254318,11.52716245329648,11.994816489949397,12.228391879231376,12.483829973885571,12.763995460008246,13.117176615861263,13.628802296976565,,,,7.190513104543911,10.116294116015583,12.105857676504236,7.4517707539380496,"rgba(239, 83, 80, 1.0)",1.1014700741855548,7.4517707539380496,-1.1092182916012918,57.22265783012064,14.503108547229004,True,False,True,False,False,0.0,0.0,0.0,0.0,0.0,0,0.8326675322081297,1.0891008355804124,False,False,False,False,-0.026452182147422336,-0.08755618668557946,False,False,False,False,-7391067,-7431465.438255032,False,False,False,False,230609.12985793885,False,False,False,False
2024-07-23 00:00:00+00:00,6.38,6.435,6.17,6.21,234752,,,,,,,,,,,,,,,6.279745006161855,6.598370774830818,6.629254269404788,7.18115518594007,7.808032867097298,7.734831150182525,7.6292714814258815,8.137182764910138,8.54882161405285,9.077946040111003,9.54417105213562,10.105657350043247,10.849424635027876,12.092192102813708,12.27506664337513,12.586569337004512,13.057439526793056,13.547877270579185,,,,,,,,,,,,,6.090895044122633,5.9709253059825915,6.507372759560758,6.832627390356593,7.663682857499211,7.8505456122006905,7.660003401024091,7.703418557036774,8.368303132997509,8.667379434006515,9.21028476701696,9.600017678316515,9.998163243357602,10.710172998989357,10.979728296944668,11.514422022152031,11.981331311105333,12.214537796946745,12.469639822036799,12.749539579990127,13.102419970843462,13.61356250772255,,,,7.18115518594007,10.105657350043247,12.092192102813708,7.44698823244523,"rgba(239, 83, 80, 0.5)",1.0836713041773813,7.44698823244523,-0.9846050442898688,58.067135901687884,14.503108547229004,True,False,True,False,False,0.0,0.0,0.0,0.0,0.0,0,0.9437784284477839,1.0797009373331126,False,False,False,False,0.173987315148551,0.04321556423148577,False,False,False,False,-7156315,-7420675.224990129,False,False,False,False,230771.59535370598,False,False,False,False
2024-07-24 00:00:00+00:00,6.27,6.48,6.25,6.34,225535,,,,,,,,,,,,,,,6.285773676596196,6.594804857692935,6.625334989931257,7.172405640933353,7.796618148629775,7.727228601504566,7.622962697511619,8.131182446163203,8.541884738251682,9.069884704318344,9.535125462485773,10.095507778567592,10.838146370630097,12.07913516382314,12.261745263191964,12.572884314645812,13.043370321316534,13.533371077433644,,,,,,,,,,,,,6.10271367563027,5.980974602808099,6.504922015958767,6.826757826287131,7.651942496332416,7.839376458451835,7.653225796202922,7.697660381725831,8.361766601095823,8.660190141364632,9.201936580028699,9.590857724753544,9.988221902996877,10.69907948941781,10.968294474032682,11.502252235976178,11.968447318682173,12.201300060469894,12.45607934911758,12.735723079557593,13.08831342879918,13.598990889828116,,,,7.172405640933353,10.095507778567592,12.07913516382314,7.442380524869533,"rgba(239, 83, 80, 1.0)",1.0664615568571927,7.442380524869533,-1.0993181304392052,56.946290632079254,13.953802383635413,True,False,True,False,False,0.0,0.0,0.0,0.0,0.0,0,0.9747353089462779,0.9580415662988071,False,False,False,False,0.22111691478341572,0.13216623950745074,False,False,False,False,-7381850,-7419152.667147378,False,False,False,False,230566.2386731685,False,False,False,False
2024-07-25 00:00:00+00:00,6.42,6.59,6.26,6.28,164461,,,,,,,,,,,,,,,6.296202852912243,6.5931388963898785,6.62340275364684,7.166810673304884,7.78891041214045,7.722091194756087,7.6187192533396955,8.12704987485518,8.537058686253458,9.064228487088267,9.528745959880405,10.088317267295077,10.830121266280392,12.069799812221856,12.252215758203375,12.563086244060504,13.0332851731613,13.5229615944147,,,,,,,,,,,,,6.1137198117324365,5.989741935786835,6.5040927527433645,6.8233289355548425,7.644086657002368,7.831815545023729,7.648661071863878,7.69376689912084,8.357236861866033,8.655177235755012,9.196069565366027,9.584394221963523,9.981184250082583,10.691191482557068,10.960153509141868,11.493567853396524,11.959238719591632,12.191832039061781,12.44637352242621,12.725826591440626,13.078200455471737,13.588533097695711,,,,7.166810673304884,10.088317267295077,12.069799812221856,7.439962039556816,"rgba(239, 83, 80, 0.5)",1.0425050910508227,7.439962039556816,-0.9783760753904005,57.89813985465319,13.953802383635413,True,False,True,False,False,0.0,0.0,0.0,0.0,0.0,0,0.9544077467799195,0.9600951619798155,False,False,False,False,0.267287271578275,0.19972675554286284,False,False,False,False,-7217389,-7411240.366474932,False,False,False,False,227973.87637225995,False,False,False,False
2024-07-26 00:00:00+00:00,6.38,6.46,6.23,6.44,149079,,,,,,,,,,,,,,,6.300090995517839,6.59107447420339,6.621109821641458,7.161362397584987,7.781660499562439,7.717231889824597,7.6146854745006305,8.123175156581576,8.532565594854487,9.058993240669457,9.522862029926335,10.081705450511876,10.82276224719242,12.061264585164535,12.243505895125145,12.554135378284341,13.024077865590408,13.513463652768046,,,,,,,,,,,,,6.121051459540447,5.996217688278169,6.502746869494247,6.819761021249374,7.636667702496426,7.824710117079207,7.64432892743053,7.690073946774616,8.353008124468746,8.650517406080496,9.19064530221075,9.578434914210732,9.974709706507351,10.683955046175198,10.952691056699834,11.485618170488697,11.95081758108794,12.18317745314431,12.437505342075148,12.716787885883312,13.06896825957775,13.578991768539737,,,,7.161362397584987,10.081705450511876,12.061264585164535,7.437051640391656,"rgba(239, 83, 80, 1.0)",1.0128212848064455,7.437051640391656,-1.0436704443801876,57.895718213448646,13.953802383635413,True,False,True,False,False,0.0,0.0,0.0,0.0,0.0,0,0.9457053849577215,0.9713136033229491,False,False,False,False,0.2059396880432768,0.20283322179306984,False,False,False,False,-7366468,-7409484.587397484,False,False,False,False,224879.95965177918,False,False,False,False
2024-07-29 00:00:00+00:00,6.54,6.555,6.34,6.42,183960,,,,,,,,,,,,,,,6.313194928506658,6.589872889985937,6.619611205261813,7.155740876902459,7.773570063743323,7.711815048690368,7.610221260657417,8.118744862127386,8.527355277112399,9.05285051004629,9.515909265224705,10.073844277000912,10.813961170178752,12.050991283279137,12.233014933524863,12.543341879185324,13.012957894455814,13.50197671674585,,,,,,,,,,,,,6.13387858718139,6.006493468747946,6.502474909140944,6.816569929785934,7.628488970039298,7.81675485980703,7.639524375395014,7.68595819933983,8.348131060189175,8.645096873155621,9.184266520670725,9.571388089274608,9.96701968060192,10.67530881949624,10.943758733299859,11.476074196253933,11.940686167626767,12.172755485630745,12.426815993008734,12.705882320953238,13.057816706684516,13.567450393340112,,,,7.155740876902459,10.073844277000912,12.050991283279137,7.434817407790812,"rgba(239, 83, 80, 0.5)",0.9874049161668663,7.434817407790812,-0.9062314691165585,59.62436415768996,13.953802383635413,True,False,True,False,False,0.0,0.0,0.0,0.0,0.0,0,0.9567487087109166,0.9545613293384557,False,False,False,False,0.2848820871833899,0.24385765448822988,False,False,False,False,-7182508,-7400583.544754446,False,False,False,False,223275.2553517094,False,False,False,False
2024-07-30 00:00:00+00:00,6.65,6.715,6.53,6.58,553865,,,,,,,,,,,,,,,6.370911903937643,6.591172302066027,6.61998051092709,7.143068518534123,7.7526199443856765,7.6977806275875915,7.598782185106066,8.106782550489239,8.512988535263563,9.035622398187884,9.496213452730544,10.05138225863599,10.78860653365063,12.021132369561037,12.202493623112115,12.511890980583798,12.980485221046681,13.468367441387949,,,,,,,,,,,,,6.182437292613922,6.044192720010298,6.506667313784891,6.811509196615708,7.607739135243191,7.796041012792245,7.627173977016278,7.675285811228545,8.334790950439876,8.630082344232301,9.166319305925697,9.551405942214792,9.945078220256164,10.65043343886005,10.917995536788316,11.448432605948321,11.91125778933966,12.142444548719322,12.395686551469193,12.674079760554298,13.025245590274244,13.533673876052227,,,,7.143068518534123,10.05138225863599,12.021132369561037,7.432281461523108,"rgba(239, 83, 80, 0.5)",0.9559254371777504,7.432281461523108,-0.8183498744762935,61.82617817278262,13.953802383635413,True,False,True,False,True,0.0,0.0,0.0,0.0,0.0,0,0.9789705989640333,0.9339388633544906,False,False,False,False,0.3428281812640335,0.2933429178761317,False,False,False,False,-6628643,-7370311.366528781,False,False,False,False,236239.55906340707,False,False,False,False
2024-07-31 00:00:00+00:00,6.76,6.86,6.64,6.64,410946,,,,,,,,,,,,,,6.753333333333333,6.416239649287161,6.594828738058021,6.622944144807574,7.136199534260958,7.73919983418743,7.688762778649163,7.591512367793592,8.098752472861314,8.503149228966189,9.023636389585187,9.48238623174651,10.035491091699074,10.770536978470929,11.999685342482781,12.18055199977731,12.489249432475006,12.957062188443038,13.444082425524426,,,,,,,,,,,,,6.220968515274535,6.074562147679077,6.512466749981561,6.810351321843281,7.59474385437005,7.782691741930214,7.619300545954263,7.668412902345178,8.325723903377853,8.619755541995536,9.153796828406293,9.537365169589751,9.929575135704042,10.632726574513448,10.89961528787517,11.428639531868763,11.890131397125513,12.120660272514266,12.373287978770943,12.651168691213295,13.001747507580227,13.509262892775663,,,6.753333333333333,7.136199534260958,10.035491091699074,11.999685342482781,7.318694965347814,"rgba(239, 83, 80, 0.5)",0.9273700681202075,7.318694965347814,-0.6024509357739968,64.25939357308121,8.388167326559191,True,False,True,False,True,0.0,-1.0,6.86,6.64,0.0,1,0.9909333429467538,0.918940841414615,False,False,False,False,0.34282818944543475,0.3180855536607832,False,False,False,False,-6217697,-7325110.803135496,False,True,False,False,243090.79204131267,False,False,False,False
2024-08-01 00:00:00+00:00,6.48,6.76,6.4,6.76,321173,,,,,,,,,,,,,,6.6626708135335,6.4272974442430915,6.593994703135961,6.6216418946904065,7.128189325789474,7.726813117936351,7.680303111041133,7.584537535785091,8.091588752394273,8.494636410338456,9.01351127377118,9.470865257354253,10.022402295587831,10.755806321214965,11.982389192130517,12.16287791726006,12.471044485530848,12.938272571592668,13.424642031846366,,,,,,,,,,,,,6.237287784093495,6.089851838799761,6.513083839227392,6.806312502864398,7.582431617462455,7.770446914100616,7.611800048714983,7.661915227231282,8.317787735742995,8.610878501541603,9.143265223801054,9.525682044080328,9.916781648662273,10.618268194411698,10.884652448903221,11.412607463280795,11.87308080120268,12.103106241744326,12.355266691159489,12.632762583401657,12.982901532682828,13.48972674371357,,,6.6626708135335,7.128189325789474,10.022402295587831,11.982389192130517,7.310673455933336,"rgba(239, 83, 80, 0.5)",0.9007265735851248,7.310673455933336,-0.9222259898773058,61.42002978524629,8.388167326559191,True,False,True,False,True,0.0,0.0,0.0,0.0,0.0,1,0.977814370197245,0.9274584794079113,False,False,False,False,0.23585719477184464,0.2769713742163139,False,False,False,False,-6538870,-7294277.830463516,False,False,False,False,246152.8394122416,False,False,False,False
2024-08-02 00:00:00+00:00,4.15,4.77,4.14,4.77,2731030,,,,,,,,,,,,,,4.841533479115876,5.558480251254933,6.306398438247563,6.33408976045858,6.84079414218536,7.453038285436151,7.483169920117274,7.410975137867572,7.95041290875039,8.346880894474982,8.856969572623742,9.30560569133102,9.847142773847425,10.571408840494593,11.782028534317691,11.959965450714426,12.26494977518528,12.729503559951178,13.21232234934473,,,,,,,,,,,,,5.674422033742244,5.714892269421297,6.225792388640454,6.52364315936172,7.289165209887234,7.504957467846315,7.4289249170947205,7.506600859661797,8.172902949437447,8.46130151100439,8.98419776555545,9.359390688927396,9.743447515096518,10.435271047494822,10.699168351756898,11.220837504328662,11.674434507623076,11.90098603225668,12.150208533992483,12.425793687607708,12.773854814815282,13.276819830617931,,,4.841533479115876,6.84079414218536,9.847142773847425,11.782028534317691,6.951418799200316,"rgba(255, 26, 202, 1.0)",0.9140442357276325,6.951418799200316,-3.0648612941256865,47.648702758055016,4.524865162503076,True,False,False,False,False,0.0,0.0,0.0,0.0,0.0,0,0.9378088592051277,0.9588636976249667,False,False,False,False,-0.34282825441539394,-0.03292844009954002,False,False,False,False,-9269900,-7371753.209661025,False,False,False,False,343599.00257254584,False,False,False,False
2024-08-05 00:00:00+00:00,3.32,3.9,3.265,3.9,2271225,,,,,,,,,,,,,,4.3082092660274105,5.025333338831694,6.035244326823736,6.0633216212810375,6.575462721225431,7.202793715205729,7.295874106550563,7.243525063499211,7.8147431557105955,8.207066530855428,8.71124942967504,9.153637869677889,9.687922196223555,10.405879777900722,11.604899076649124,11.780922358405524,12.083611329094436,12.546448977046689,13.026786303750756,,,,,,,,,,,,,5.240679009082979,5.376947176766853,5.953789138812317,6.258779747470541,7.022719466757241,7.261586124916086,7.253500645900275,7.355874530863502,8.034921288061208,8.320318998632148,8.836673642020196,9.206676576429864,9.585636821367839,10.270676993408799,10.532947505459374,11.0501516987171,11.498603103921022,11.72253293835098,11.969601323220914,12.243910586420556,12.590614916405848,13.090854362174364,,,4.3082092660274105,6.575462721225431,9.687922196223555,11.604899076649124,6.6925344986637,"rgba(255, 26, 202, 1.0)",0.967764154875306,6.6925344986637,-3.484872302485974,37.125246642487326,-4.623274785394607,False,False,False,True,False,0.0,0.0,0.0,0.0,0.0,0,0.8983329320283843,0.9908360834525447,False,False,False,False,-0.34282825441539394,-0.187878347257467,False,False,False,False,-11541125,-7535257.985752749,False,False,False,False,419192.17894225,False,False,False,False
2024-08-06 00:00:00+00:00,3.05,3.63,2.955,3.49,2421929,,,,,,,,,,,,,,3.982602392284838,4.633574166073501,5.771927147185186,5.800080684520889,6.3131829592883975,6.950709115092851,7.101095397967283,7.06769742010093,7.6699771366145075,8.058141110817807,8.556360865913764,8.992419010188488,9.519325754483436,10.230796030544727,11.417858904852908,11.591909976229365,11.892211728533312,12.353213009550105,12.830935659988224,,,,,,,,,,,,,4.885461316257292,5.074535971060422,5.690499429888742,5.998858397140323,6.757211943307956,7.015412026844707,7.0700294379949025,7.196230232459932,7.887838494143927,8.170216442604765,8.679959855403734,9.04470008440069,9.418476203029657,10.096561949307928,10.357141392870151,10.869736789943499,11.312897329068376,11.534129625005047,11.77896627352338,12.051925054989946,12.397181975085482,12.894555030337498,,,3.982602392284838,6.3131829592883975,9.519325754483436,11.417858904852908,6.454764061082457,"rgba(255, 26, 202, 1.0)",1.0285956839706971,6.454764061082457,-3.3101092238099,29.75112988682912,-10.657008877535958,False,True,False,True,False,0.0,0.0,0.0,0.0,0.0,0,0.8973721296526571,1.0055679902732877,False,False,False,False,-0.34282825441539394,-0.2653533008364305,False,False,False,False,-13963054,-7787328.417684015,False,False,False,False,497730.8778072598,False,False,False,False
2024-08-07 00:00:00+00:00,2.96,3.25,2.96,3.11,981437,,,,,,,,,,,,,,3.8831524647597035,4.506654994951288,5.673053088131067,5.701157181902728,6.213440602593961,6.853529169393086,7.024415958050361,6.998045816666611,7.611923117511022,7.99843999931793,8.494302441652623,8.927866492859081,9.45186065418378,10.160735932411058,11.343029787266447,11.516296443250496,11.815638606027735,12.275877573057263,12.75253546277223,,,,,,,,,,,,,4.764315222616913,4.966450117180557,5.591858122810099,5.900555346636558,6.655608662298312,6.9202449553536995,6.997538654009213,7.132603395322994,7.828867102421927,8.110048539359843,8.617182896825813,8.979848857853822,9.351577980535208,10.026892822286518,10.286786642265222,10.797537795928562,11.23859743050085,11.458758806993757,11.702702358735193,11.975107093544983,12.31976546109341,12.815974021573838,,,3.8831524647597035,6.213440602593961,9.45186065418378,11.343029787266447,6.366595125564393,"rgba(255, 26, 202, 1.0)",1.0861099607539382,6.366595125564393,-3.1365103430224117,24.715337510407718,-14.608771185025397,False,True,False,True,False,0.0,0.0,0.0,0.0,0.0,0,0.8976091050519939,1.0184639318758701,False,False,False,False,-0.34282825441539394,-0.3040907776259122,False,False,False,False,-14944491,-8068001.460127779,False,False,False,False,516699.74534423003,False,False,False,False
2024-08-08 00:00:00+00:00,3.0,3.08,2.93,2.98,980757,,,,,,,,,,,,,,3.7978741104863034,4.394743387090975,5.579315722472948,5.607326064311782,6.118105754146659,6.759846369769869,6.949648519306574,6.929908036474507,7.554688429654615,7.939558573110579,8.433075802126428,8.86417282951359,9.385284244272144,10.09156266539193,11.269105889825589,11.441593872928271,11.739975088283277,12.199430747630657,12.675011901937882,,,,,,,,,,,,,4.654979878680129,4.866708780886371,5.498475740348778,5.806947290347503,6.558076199355675,6.828356242468861,6.9267221123146925,7.070138199810019,7.770714684604119,8.05070051330477,8.555245757847917,8.915859748874533,9.285562365909787,9.958113707932007,10.217313608155763,10.726221600638908,11.165197649592175,11.384297560073978,11.627350030996398,11.899190636360206,12.243235911582138,12.738269230789133,,,3.7978741104863034,6.118105754146659,9.385284244272144,11.269105889825589,6.283141730447287,"rgba(255, 26, 202, 1.0)",1.1314255219473335,6.283141730447287,-2.901774501954459,21.6872700856167,-16.92825353500794,False,True,False,True,False,0.0,0.0,0.0,0.0,0.0,0,0.9030015840935164,1.0259873272518711,False,False,False,False,-0.34282825441539394,-0.32345951602065304,False,False,False,False,-13963734,-8299206.657769827,False,False,False,False,534898.069056221,False,False,False,False
2024-08-09 00:00:00+00:00,2.98,3.09,2.94,3.03,653366,,,,,,,,,,,,,,3.7496813392446593,4.328999914111397,5.520438999351828,5.54835753049219,6.057676793925544,6.699926099393708,6.901363784736685,6.885791204288263,7.517342027341569,7.901097048298954,8.393039713336353,8.822495711115982,9.341689754456288,10.046217758248373,11.220581939113803,11.39255150886308,11.690286166496668,12.149198748572177,12.624047484597652,,,,,,,,,,,,,4.589378009078476,4.805703402208775,5.439917350471182,5.747873324339623,6.495941997627543,6.769497262760053,6.880922558960318,7.029563202764212,7.732746070256286,8.011923420677933,8.514737113080672,8.873986223310077,9.24234048981625,9.91303682883678,10.171762594688529,10.679431711344892,11.117021657418082,11.335416171774748,11.57787172950138,11.849325240502928,12.192947038629702,12.687182860632626,,,3.7496813392446593,6.057676793925544,9.341689754456288,11.220581939113803,6.23070706701646,"rgba(255, 26, 202, 1.0)",1.1712176308188127,6.23070706701646,-2.775493624309472,19.635618157095088,-18.63309695585173,False,True,False,True,False,0.0,0.0,0.0,0.0,0.0,0,0.9150017813587658,1.0178546959357615,False,False,False,False,-0.34085181787569857,-0.3321556669481758,False,False,False,False,-14617100,-8546967.18099454,False,False,False,False,539543.8702697026,False,False,False,False
2024-08-12 00:00:00+00:00,2.83,3.02,2.83,2.98,393796,,,,,,,,,,,,,,3.7194792330066075,4.289246834111658,5.484740402216187,5.512607510164677,6.021103139800775,6.663678045736906,6.872022920183473,6.85893686213489,7.494585871956462,7.877689530087656,8.368706419600985,8.797191747232675,9.315249990425404,10.0187441667783,11.191222005079773,11.362883147317376,11.66023399211976,12.118826199263365,12.593240615622783,,,,,,,,,,,,2.893333333333333,4.549724932196791,4.76869773858114,5.404397883811051,5.71207619959249,6.458383950561427,6.733877890072023,6.853062619884436,7.004839083270914,7.709626882431851,7.988331183838775,8.490124429216419,8.848565966428689,9.216121662626026,9.885721231495085,10.144167883140247,10.65110318864292,11.087868848347536,11.30584354385586,11.547944430628815,11.819169143847528,12.162540856997698,12.656303472924323,,,3.7194792330066075,6.021103139800775,9.315249990425404,11.191222005079773,5.944105543156736,"rgba(255, 26, 202, 1.0)",1.204609360628505,5.944105543156736,-2.5851580146546023,18.011196954818274,-20.207179507802913,False,True,False,True,False,0.0,0.0,0.0,0.0,0.0,0,0.9084616122709144,1.02677066056228,False,False,False,False,-0.34282825441539394,-0.3374919606817849,False,False,False,False,-15010896,-8800454.58566142,False,False,False,False,533828.267514028,True,False,False,False
2024-08-13 00:00:00+00:00,3.17,3.18,2.86,2.86,920434,,,,,,,,,,,,,,3.670017196900051,4.215133770464334,5.410406612053549,5.438078516073472,5.943475986235272,6.585434479927809,6.808062717676995,6.800290884930238,7.4442697498680515,7.825731790742034,8.314470823141823,8.740626768167479,9.255966000943179,9.95691684705571,11.124842812267474,11.295769249896491,11.592185893899021,12.049951524791746,12.523287499553177,,,,,,,,,,,,3.017063583492489,4.47305323013833,4.695191831349938,5.330697091805321,5.636839105573169,6.377782254972079,6.6568377237388745,6.7922771460261915,6.950621666211981,7.658392462909628,7.935910314325603,8.435218035463262,8.791722639088558,9.157364863347574,9.824289471831099,10.082030445745483,10.587176801946775,11.021980228605956,11.238958601501814,11.480203890048514,11.750849590581204,12.093580858528581,12.586174255691622,,,3.670017196900051,5.943475986235272,9.255966000943179,11.124842812267474,5.886482890054491,"rgba(255, 26, 202, 1.0)",1.2275008375998853,5.886482890054491,-2.2130191742809653,20.05369077725799,-20.207179507802913,False,True,False,True,False,0.0,0.0,0.0,0.0,0.0,0,0.9082510223768053,1.016344442481964,False,False,False,False,-0.3245417943620363,-0.33101687752191056,False,False,False,False,-14090462,-9007905.856811952,False,False,False,False,548989.2766311249,False,False,False,False
2024-08-14 00:00:00+00:00,3.12,3.27,3.09,3.18,498591,,,,,,,,,,,,,,3.6498108902323914,4.1814986708915125,5.373496409144748,5.401038373745977,5.904371733316554,6.545505812732536,6.775119235148349,6.770022962981416,7.418039885717555,7.798576756030932,8.286049184457502,8.710929030673151,9.224780375775067,9.9243144398818,11.089733609793914,11.260258684722212,11.556157627627044,12.013448273448038,12.486178621956755,,,,,,,,,,,,3.0563762408606996,4.437205097458363,4.660031077924859,5.2941978589876015,5.599213092797304,6.336846800520968,6.617456901642869,6.760935385556011,6.922538595532431,7.631644065115775,7.908494937949116,8.406428859517144,8.761872632695876,9.126467173120057,9.791909867782005,10.049250987948586,10.553405789961342,10.987137975322113,11.203573448051172,11.444347366922855,11.714664225778119,12.057029058163785,12.54896787261788,,,3.6498108902323914,5.904371733316554,9.224780375775067,11.089733609793914,5.856696292316942,"rgba(255, 26, 202, 1.0)",1.243184852135313,5.856696292316942,-2.201359104091681,21.27467827570063,-20.207179507802913,False,True,False,True,False,0.0,0.0,0.0,0.0,0.0,0,0.9250303121125841,1.0088960941650886,False,False,False,False,-0.294204472481791,-0.3126106750018508,False,False,False,False,-14589053,-9226774.37223109,False,False,False,False,547012.8736259828,False,False,False,False
2024-08-15 00:00:00+00:00,3.38,3.47,3.17,3.2,1094612,,,,,,,,,,,,,,3.6250199420593963,4.126458855155651,5.302818868072764,5.330003191119849,5.827646031652315,6.465521034508375,6.708340382435805,6.708533158244904,7.363953500445534,7.7423259746366355,8.226891186578104,8.6489048412645,9.159421064035588,9.855700150419327,11.015455018965328,11.185083877449548,11.479803436797088,11.935958881085668,12.407284891567565,,,,,,,,,,,,3.163157023165567,4.375160001777814,4.596835078676714,5.2246272587950005,5.5262983091204125,6.255421369419205,6.538379025220476,6.697335702996676,6.86520173654498,7.576341262819176,7.8516374054064695,8.346445050108537,8.699507219928746,9.061751377217016,9.72381509886077,9.98021647448856,10.482110206092862,10.91345215170248,11.128679742758404,11.368388520992438,11.637931179733991,11.979425110357845,12.469852383941811,,,3.6250199420593963,5.827646031652315,9.159421064035588,11.015455018965328,5.800968885343361,"rgba(255, 0, 0, 1.0)",1.242648319859235,5.800968885343361,-1.948233338952733,24.400387507393344,-20.207179507802913,False,True,False,True,True,0.0,0.0,0.0,0.0,0.0,0,0.9263491892763991,0.9892844658366723,False,False,False,False,-0.26808619454826654,-0.2903484347750587,False,False,False,False,-13494441,-9394133.84782987,False,False,False,False,568487.3491700619,False,False,False,False
2024-08-16 00:00:00+00:00,3.46,3.55,3.33,3.33,650490,,,,,,,,,,,,,,3.616923727495535,4.101024582815483,5.265256479977343,5.292203303030269,5.786050959972284,6.421410655293664,6.671090095294546,6.674149628042865,7.333320273784505,7.710359215238689,8.193154083333475,8.613447015457972,9.12196292752927,9.816254803633948,10.972588619037667,11.141680573948765,11.435683197850075,11.891125375455191,12.361586525122272,,,,,,,,,,,,3.2149906879191406,4.34497269449549,4.565017728821957,5.187791672276186,5.487162481416129,6.210790692914634,6.494675680551529,6.661814194422215,6.832994575157749,7.5449573835456984,7.819297548212028,8.312212121993191,8.663844819141143,9.024678469384304,9.684690230504446,9.940508807013762,10.441028282781359,10.870939386674918,11.085445315016724,11.324510392928438,11.593571530885553,11.934520222235559,12.424019280980248,,,3.616923727495535,5.786050959972284,9.12196292752927,10.972588619037667,5.770847835623295,"rgba(255, 0, 0, 1.0)",1.23744100960587,5.770847835623295,-1.8674408054080167,27.17425469193548,-20.207179507802913,False,True,False,True,True,0.0,0.0,0.0,0.0,0.0,0,0.9336822542294133,1.006873650550712,False,False,False,False,-0.24598122986033943,-0.26816483231769905,False,False,False,False,-12843951,-9529420.794973798,False,False,False,False,571703.1393986869,False,False,False,False
2024-08-19 00:00:00+00:00,3.44,3.56,3.35,3.47,429333,,,,,,,,,,,,,,3.6120680267794665,4.085335416754958,5.241330541163618,5.26811875621696,5.75942266762817,6.3930284112564415,6.6469919124548555,6.651873378070239,7.3133801220379535,7.689536335502323,8.171162218149545,8.590322858183661,9.097522307662501,9.790498691817174,10.944573580469445,11.113311785610648,11.40683976459564,11.861804695128232,12.33169060059866,,,,,,,,,,,,3.2402956226872144,4.326171376595039,4.545024630497598,5.164349467142615,5.462170167963669,6.182137315071506,6.466532238577669,6.638815578695528,6.812088371293936,7.524520206141154,7.798227719892625,8.289894027606016,8.64058606749005,9.00049127971571,9.659146984954774,9.914577823759608,10.414188225855439,10.843157019005885,11.05718789786569,11.295827634757144,11.564567645465447,11.905151893824891,12.39403411494381,,,3.6120680267794665,5.75942266762817,9.097522307662501,10.944573580469445,5.751159527126546,"rgba(255, 0, 0, 1.0)",1.233122353516021,5.751159527126546,-1.8742337453673605,28.934686993975703,-20.207179507802913,False,True,False,True,True,0.0,0.0,0.0,0.0,0.0,0,0.9160845891541085,1.0137911120888794,False,False,False,False,-0.24323501760349123,-0.2556999249605951,False,False,False,False,-13273284,-9676238.959876787,False,False,False,False,566119.9966771698,False,False,False,False
2024-08-20 00:00:00+00:00,3.39,3.49,3.36,3.45,224247,,,,,,,,,,,,,,3.6090936845121004,4.07698183056744,5.228832000799282,5.255539023543558,5.745537219859564,6.378236410344663,6.6344051452284045,6.6402282548506735,7.302948202678478,7.678647586751618,8.159667838312599,8.57824135002121,9.084757820896945,9.777051253022387,10.929952521423264,11.098506881575494,11.39178804804348,11.846504499704057,12.316090985522193,,,,,,,,,,,,3.249509242504002,4.316263850845191,4.534524124633998,5.152098397000802,5.449125094981945,6.167208717902676,6.451862178013794,6.626796891460677,6.801153175647374,7.513831122359649,7.787211099412182,8.278230518168463,8.628434748290939,8.987858299325428,9.64581010515714,9.901039534588213,10.400177655648518,10.82865685733908,11.042440880229982,11.2808594919856,11.549432386255301,11.889826891615312,12.378388062721813,,,3.6090936845121004,5.745537219859564,9.084757820896945,10.929952521423264,5.7406411077242945,"rgba(255, 0, 0, 1.0)",1.2307633315875717,5.7406411077242945,-1.909905054363444,29.871368363803185,-30.16705554193639,False,True,False,True,True,0.0,0.0,0.0,0.0,0.0,0,0.9234892116068232,1.0055526468075726,False,False,False,False,-0.248731084110823,-0.25221550453570907,False,False,False,False,-13497531,-9826093.54968554,False,False,False,False,552713.2124937514,False,False,False,False
2024-08-21 00:00:00+00:00,3.54,3.63,3.38,3.44,1941500,,,,,,,,,,,,,,3.5984911157740727,4.022537492132524,5.133142614512191,5.15909508404312,5.63689259649786,6.260314574407899,6.532762507277171,6.545921799329123,7.21724929953576,7.588871629440886,8.064542529235878,8.477998615781704,8.978566425408724,9.664806413949995,10.80740775788454,10.97436125242917,11.265461789380193,11.717913819139548,12.184820712049833,,,,,,,,,,,,3.333807289979651,4.247580942636218,4.458836932662906,5.058690069342665,5.34816353038394,6.048997683926771,6.33463620242995,6.529597771669445,6.712140329257547,7.425834038248227,7.696295640527145,8.181631058434554,8.527584273789337,8.882810268242913,9.534554963830672,9.78797249511126,10.282940557210923,10.707160348525601,10.918800741243045,11.155276924890398,11.422340987846125,11.761011796983505,12.246707528955355,,,3.5984911157740727,5.63689259649786,8.978566425408724,10.80740775788454,5.659678175174397,"rgba(255, 0, 0, 1.0)",1.2239940087008199,5.659678175174397,-1.7317716917783614,32.029358165562506,-27.599743461021074,False,True,False,True,True,0.0,0.0,0.0,0.0,0.0,0,0.9275397980875046,0.9955981162124662,False,False,False,False,-0.23410665896445504,-0.24316108175008205,False,False,False,False,-11556031,-9893934.234011598,False,False,False,False,607175.4394547809,False,False,False,False
2024-08-22 00:00:00+00:00,3.51,3.72,3.49,3.63,964455,,,,,,,,,,,,,,3.597134801073035,4.001853417117334,5.0910077825590525,5.116575796659836,5.588106713447308,6.206413362476555,6.485598389187863,6.501997434837805,7.176733959926652,7.5463000793283435,8.01929368950526,8.430216052307626,8.927838522444764,9.611031301635824,10.748488148154388,10.914647387231275,11.204651021824251,11.655931402485717,12.121473379478253,,,,,,,,,,,,3.3662643961744014,4.219988219853208,4.42729289311038,5.017709492930396,5.30326627883223,5.995338633790054,6.2809189739421045,6.484403744503272,6.6704450722805095,7.3841586285428455,7.653149725590119,8.135652502902214,8.479501029078506,8.832647707828105,9.481282640367894,9.733775620216907,10.226649707996337,10.648758670568938,10.859338354088827,11.09484274663654,11.36113267834639,11.698913979828593,12.183153637544166,,,3.597134801073035,5.588106713447308,8.927838522444764,10.748488148154388,5.62307540352866,"rgba(255, 0, 0, 1.0)",1.217039577555106,5.62307540352866,-1.7362421424072245,33.29099232602204,-25.891518852669734,False,True,False,True,True,0.0,0.0,0.0,0.0,0.0,0,0.9383066510389497,0.986490606432206,False,False,False,False,-0.2159626843732257,-0.22956188306165387,False,False,False,False,-12520486,-9996936.264050359,False,False,False,False,621186.402613417,False,False,False,False
2024-08-23 00:00:00+00:00,3.56,3.6,3.495,3.51,1231263,,,,,,,,,,,,,,3.5942068972195966,3.976858803898325,5.03969222903099,5.064780710356603,5.528443888516592,6.1401240113032545,6.427095772463714,6.447372121319759,7.125998124722591,7.492956406490197,7.962560186882287,8.370285060486756,8.86418799177208,9.543502696830123,10.674426385662326,10.839579332746155,11.128184302939847,11.577951406528175,12.041741765630645,,,,,,,,,,,,3.3936073814979157,4.186805449975267,4.3892038606854005,4.967829171417853,5.248468502908632,5.929541191502308,6.21477990949259,6.428262064502498,6.618436835174508,7.331951413690201,7.599077226878122,8.077998424252458,8.419190558370786,8.769710919764227,9.414396655963753,9.665705676293575,10.155914936638878,10.575351810820921,10.78458932000243,11.018857689630593,11.284151672935685,11.620785294719816,12.103158277389506,,,3.5942068972195966,5.528443888516592,8.86418799177208,10.674426385662326,5.5773207373084395,"rgba(255, 0, 0, 1.0)",1.208427658326137,5.5773207373084395,-1.6693765021091513,34.690277568455244,-24.043638703328554,False,True,False,True,True,0.0,0.0,0.0,0.0,0.0,0,0.9356520200611089,1.0048043225292786,False,False,False,False,-0.22637762452934523,-0.22796975379549955,False,False,False,False,-11289223,-10047614.17526407,False,False,False,False,645110.9750599498,False,False,False,False
2024-08-26 00:00:00+00:00,3.86,3.86,3.56,3.56,628365,,,,,,,,,,,,,3.76,3.59948204290095,3.9708835338186796,5.018285297097873,5.043107480766981,5.502392000062736,6.110175030669809,6.400228231643263,6.422216918051767,7.102126456092503,7.467688435216102,7.935499904532729,8.341561686327772,8.833533047056141,9.510795017236914,10.63830239379888,10.802934201110386,11.090803008403627,11.539748508882036,12.00260497824932,,,,,,,,,,,,3.4192535987364563,4.1762579184047475,4.375539224588683,4.9472146623572035,5.2250774466999825,5.900133019450147,6.184791739568967,6.402446617174813,6.594315741175056,7.307290611491136,7.573419906094539,8.050459199942813,8.390270170942284,8.73942572413938,9.382032590394846,9.632705359559257,10.121511308186705,10.539565311489225,10.748109940356128,10.981731834674616,11.246489824068309,11.582502250046748,12.063882793249794,,,3.59948204290095,5.502392000062736,8.833533047056141,10.63830239379888,5.373060878537587,"rgba(239, 83, 80, 1.0)",1.1934923694930895,5.373060878537587,-1.2677591555782026,38.68404515306047,-19.828552057871455,False,False,False,True,True,0.0,0.0,0.0,0.0,0.0,0,0.9477739900102339,0.9878414920942591,False,False,False,False,-0.19706083320326648,-0.21251529349938303,False,False,False,False,-10660858,-10071662.952704696,False,False,False,False,644454.2701556381,False,False,False,False
2024-08-27 00:00:00+00:00,3.73,3.83,3.68,3.82,359044,,,,,,,,,,,,,3.755151701743317,3.6021101398997573,3.9674081708726625,5.006245753504287,5.030918372290329,5.487736528062319,6.093303131891457,6.385041598391835,6.407982747391447,7.0885839111443305,7.453352076088556,7.920144819947737,8.325262135476345,8.816136138738846,9.492228647575523,10.617790628006228,10.78212588341078,11.069574810389243,11.518049627993571,11.980372160696874,,,,,,,,,,,,3.4318450790995123,4.170276249906813,4.3678310959008675,4.935619739000392,5.211920391271893,5.8835820611322,6.167890906864863,6.3878455474166245,6.5806509961437465,7.293299456467446,7.558862121079571,8.034832169813587,8.373858725016415,8.722238868196694,9.363662276691555,9.613971784302695,10.101978076906741,10.519245452447885,10.727395987165908,10.960649486954113,11.225100825276014,11.56075748711494,12.0415708126744,,,3.6021101398997573,5.487736528062319,8.816136138738846,10.617790628006228,5.362762178919804,"rgba(239, 83, 80, 1.0)",1.2049596157871323,5.362762178919804,-1.3550347725580933,40.32850925112661,-17.930971808748907,False,False,False,True,True,0.0,0.0,0.0,0.0,0.0,0,0.9546499830909708,0.9811024687182957,False,False,False,False,-0.18900315383469796,-0.2007592236670405,False,False,False,False,-11019902,-10108848.79769667,False,False,False,False,633261.7105416915,False,False,False,False
2024-08-28 00:00:00+00:00,3.62,3.805,3.53,3.74,597390,,,,,,,,,,,,,3.7161430166643634,3.6035399407165443,3.9594700884386884,4.985237997398799,5.009674590778796,5.462585685471677,6.064643523678743,6.359259046822877,6.383798587992005,7.065658297249503,7.429136880333688,7.894268548561449,8.297839720391657,8.786915245286755,9.461094499520403,10.583463549872832,10.747311071813684,11.034070549566431,11.481774735864443,11.94322083786226,,,,,,,,,,,,3.445064886196769,4.158533466973939,4.353517737225237,4.9153137369868585,5.189154454082416,5.8554011777825234,6.139200847029895,6.3630432051385375,6.5574509573876085,7.269645501951635,7.534286753918937,8.008510864290235,8.34625298968417,8.693362488515325,9.332848606930895,9.58256465189307,10.069260060977152,10.485234145688578,10.69273632448404,10.925384538646698,11.189333485155986,11.524407389110959,12.004289321668336,,,3.6035399407165443,5.462585685471677,8.786915245286755,10.583463549872832,5.34281683729837,"rgba(239, 83, 80, 1.0)",1.2171553455238728,5.34281683729837,-1.4154453198057941,40.590100667691814,-17.28597454255621,False,False,False,True,True,0.0,0.0,0.0,0.0,0.0,0,0.9530317353139772,0.9828224172856179,False,False,False,False,-0.20469411361211218,-0.20272666863957634,False,False,False,False,-11617292,-10168003.433081117,False,False,False,False,631854.9767949585,False,False,False,False
2024-08-29 00:00:00+00:00,3.62,3.68,3.49,3.59,699107,,,,,,,,,,,,,3.6795711294597937,3.6033154479114744,3.949100831516264,4.960485574871836,4.984656153710948,5.433145871958863,6.0312016221669085,6.329096953410153,6.355471065711586,7.038788533790843,7.4007804856249075,7.863994510958967,8.265778902480802,8.752774306924232,9.42473709746037,10.543403435501148,10.706685173010785,10.992643854335748,11.439450706916684,11.899876885317333,,,,,,,,,,,,3.455032871149027,4.144029347082434,4.336220205743426,4.891351625805093,5.162418303299852,5.822511660916837,6.1057214248511835,6.334005488094255,6.530257966733649,7.2419363665807674,7.5055147985770265,7.977722680888419,8.313980228773005,8.659620131964806,9.296862815264445,9.545890498291973,10.031065636906614,10.445540177649272,10.652290449181548,10.88423597210626,11.147600432491409,11.481995799425487,11.960793993549926,,,3.6033154479114744,5.433145871958863,8.752774306924232,10.543403435501148,5.319415922238259,"rgba(239, 83, 80, 1.0)",1.227038227119685,5.319415922238259,-1.3849739027507078,40.76449494540195,-16.64107919212927,False,False,False,True,True,0.0,0.0,0.0,0.0,0.0,0,0.9450959272972065,0.9912891282396502,False,False,False,False,-0.21957993212616458,-0.21115330038287045,False,False,False,False,-11617292,-10224838.278842643,False,False,False,False,634492.3110382934,False,False,False,False
2024-08-30 00:00:00+00:00,3.66,3.72,3.58,3.68,277026,,,,,,,,,,,,,3.676732884746647,3.603954529363476,3.9457886610615525,4.951317130226796,4.975380608556644,5.422087615741443,6.018502055904181,6.317570533430398,6.344632049911648,7.028429395992752,7.389825465556391,7.852273616814563,8.25334794870596,8.7395169724781,9.410593498532387,10.52778458800409,10.690841582893936,10.976480423059403,11.422925213317006,11.882942190652452,,,,,,,,,,,,3.4600682635521647,4.1390608210268685,4.33009128580078,4.882500786871406,5.152445122974217,5.8100674946703545,6.092991757362601,6.322901752469222,6.519825719310252,7.231240634552366,7.494393294303167,7.965797464334533,8.30146509067851,8.646521031660889,9.282868310126341,9.531619367581474,10.016187433710801,10.430066524186394,10.636518447893696,10.868183906399675,11.131313211704228,11.465435053921206,11.943798835929966,,,3.603954529363476,5.422087615741443,8.7395169724781,10.52778458800409,5.311279455176288,"rgba(239, 83, 80, 1.0)",1.23555607352035,5.311279455176288,-1.3364666246764967,41.36438990579914,-15.558728229669299,False,False,False,True,True,0.0,0.0,0.0,0.0,0.0,0,0.9555374703289251,0.99088504577823,False,False,False,False,-0.20784403113917832,-0.20949866576102438,False,False,False,False,-11340266,-10268580.54241744,False,False,False,False,620474.0243309095,False,False,False,False
2024-09-03 00:00:00+00:00,3.55,3.68,3.525,3.58,290682,,,,,,,,,,,,,3.667382005418686,3.6037037697214758,3.9415984176567322,4.941334752638286,4.965289846412959,5.410188417533966,6.004940690319773,6.305274725523948,6.333065414615638,7.017408848759728,7.3781901041426385,7.83984588450746,8.240183350861821,8.725494127947773,9.39565176691363,10.511309609634258,10.67413264820809,10.959439037735248,11.4055085043438,11.865100392387586,,,,,,,,,,,,3.463310613625991,4.1332360316586705,4.323139898698754,4.872839903002016,5.141650469797498,5.796753606640997,6.079405727512435,6.3110534159804175,6.508701232304644,7.219872951984356,7.4825860075241915,7.95315774567607,8.288213082083107,8.632662613253405,9.268081033248452,9.516545660702032,10.00048340092297,10.413742759530122,10.619884014161121,10.851258198207137,11.114143579043482,11.447981768477353,11.925894132958579,,,3.6037037697214758,5.410188417533966,8.725494127947773,10.511309609634258,5.302007536990349,"rgba(239, 83, 80, 1.0)",1.2451444722436733,5.302007536990349,-1.4070716901094535,40.78020008325056,-15.558728229669299,False,False,False,True,True,0.0,0.0,0.0,0.0,0.0,0,0.9453142076502733,1.0003825136612023,False,False,False,False,-0.21641453425791327,-0.2129566000094688,False,False,False,False,-11630948,-10322006.7172246,False,False,False,False,607541.0037689131,False,False,False,False
2024-09-04 00:00:00+00:00,3.58,3.675,3.45,3.54,407625,,,,,,,,,,,,,3.6549942317823274,3.6030595343254803,3.935616640448525,4.927410583347044,4.951215824678335,5.393609389791776,5.986046894189811,6.288112955552974,6.316910433374447,7.001998495586838,7.361921958766334,7.822472048477963,8.221781482065598,8.705894500205785,9.374767801964667,10.48828264215414,10.650778762559446,10.935620027657556,11.381163154681042,11.840159482685875,,,,,,,,,,,,3.4669985903351375,4.125029052361343,4.313392351704363,4.859359989259827,5.12660169051798,5.778210922492259,6.060474370378519,6.294509583572726,6.493154480583226,7.203978309977124,7.4660779186986215,7.935488195362504,8.269689247790742,8.613292464849659,9.247413129028585,9.495476945762375,9.978533413097608,10.390927005253745,10.596634258395987,10.827601122350634,11.09014468181453,11.423585141782569,11.90086516738975,,,3.6030595343254803,5.393609389791776,8.705894500205785,10.48828264215414,5.289034216213002,"rgba(239, 83, 80, 1.0)",1.2536940012023958,5.289034216213002,-1.3631988464281535,40.80106947638091,-15.133703534409833,False,False,False,True,True,0.0,0.0,0.0,0.0,0.0,0,0.9356953417205034,0.9986807208432508,False,False,False,False,-0.22365611204391828,-0.21830635602669354,False,False,False,False,-11223323,-10357352.453804027,False,False,False,False,599701.1604838577,False,False,False,False
2024-09-05 00:00:00+00:00,3.6,3.65,3.56,3.63,288870,,,,,,,,,,,,,3.6507882494590786,3.6030630233806016,3.9318853535956864,4.917962511104663,4.9416606353242045,5.382261797727685,5.973025209262092,6.276235558332118,6.305720112412228,6.991271281061765,7.350582727226414,7.810345716555862,8.208925650920767,8.692188873387837,9.360147107038742,10.47213854002541,10.634402709967503,10.918912789784356,11.364078684087211,11.822649701463924,,,,,,,,,,,,3.4703089694201448,4.1197126219552,4.306953042285337,4.850229109455286,5.116345899466473,5.765461265036125,6.047416267586785,6.283054825414093,6.482366843198798,7.1929054693596335,7.454567542969633,7.923152022719607,8.256746894994276,8.599749577879091,9.232946711087113,9.48072403296114,9.963153122021717,10.374932593180617,10.58033214004383,10.811009375186975,11.073308399946344,11.406463971477317,11.883292682021633,,,3.6030630233806016,5.382261797727685,8.692188873387837,10.47213854002541,5.2804314022419,"rgba(239, 83, 80, 1.0)",1.260754485963109,5.2804314022419,-1.332877591118142,41.10541506443842,-14.335920910007111,False,False,False,True,True,0.0,0.0,0.0,0.0,0.0,0,0.9556745623069002,0.9921455544112598,False,False,False,False,-0.21596268437322577,-0.21713452019995966,False,False,False,False,-10934453,-10379983.847772498,False,False,False,False,587511.703209981,False,False,False,False
2024-09-06 00:00:00+00:00,3.67,3.76,3.575,3.62,276139,,,,,,,,,,,,,3.6520551343253196,3.603848545720448,3.9290863416776163,4.909496398679816,4.933089871940273,5.371939456529969,5.961047587792855,6.265253177750415,6.295364140834715,6.981275476784166,7.339993929229336,7.798996894741306,8.196875629412522,8.679322402410229,9.346396882138642,10.456921928766743,10.618963432018495,10.903154165357918,11.347953372004067,11.806112879642203,,,,,,,,,,,,3.4748010740025705,4.115357908674278,4.301464414412045,4.842072481266064,5.107086044069768,5.753774697092891,6.035391292198267,6.272459091520679,6.472360786889602,7.182574629467649,7.443813024918917,7.9116014837534,8.244613752202703,8.587039352735664,9.219345882154323,9.466845411697777,9.948669441771287,10.359859481033748,10.564963901451968,10.795362337896766,11.05742419027686,11.390303050363004,11.866695411818878,,,3.603848545720448,5.371939456529969,8.679322402410229,10.456921928766743,5.272989927581469,"rgba(239, 83, 80, 1.0)",1.2658229812347594,5.272989927581469,-1.2663618462810788,42.35088976776433,-12.700422935206255,False,False,False,True,True,0.0,0.0,0.0,0.0,0.0,0,0.9591495198902608,0.9818655692729767,False,False,False,False,-0.20469411361211218,-0.2109143169060359,False,False,False,False,-10658314,-10390898.755702987,False,False,False,False,575301.0089664523,False,False,False,False
2024-09-09 00:00:00+00:00,3.63,3.81,3.615,3.7,354679,,,,,,,,,,,,,3.6548512712314274,3.6050838813741626,3.9258015681174143,4.898932960252653,4.922392071040746,5.358990160854364,5.945955219267948,6.251371802732975,6.28226505389132,6.968588679814497,7.326543791594807,7.784569584387713,8.181548447333327,8.662947439080822,9.328884510495012,10.43752468682962,10.599280313824883,10.883060055038632,11.32738527577675,11.78501406820853,,,,,,,,,,,,3.480752162736373,4.110090379592293,4.294733573806054,4.831906084160042,5.095500594925339,5.739072388439857,6.02023083985776,6.259061330591656,6.459688481319897,7.169456497314528,7.430149574895902,7.896915313809921,8.229179912010979,8.570864856625645,9.202026071233876,9.449167301767424,9.930212888439353,10.340646332614217,10.54537203393992,10.775411995065102,11.03716765614879,11.369688964778263,11.845518787012294,,,3.6050838813741626,5.358990160854364,8.662947439080822,10.43752468682962,5.263736250066065,"rgba(239, 83, 80, 1.0)",1.2724033866587348,5.263736250066065,-1.2839766596002011,42.693480431554526,-11.975217757569567,False,False,False,True,True,0.0,0.0,0.0,0.0,0.0,0,0.9599178644763862,0.9839561943874061,False,False,False,False,-0.19661253029841588,-0.20376342360222588,False,False,False,False,-11012993,-10415294.608420517,False,False,False,False,566649.1654775719,False,False,False,False
2024-09-10 00:00:00+00:00,3.64,3.65,3.5,3.65,335254,,,,,,,,,,,,,3.650530083973151,3.6049644850146243,3.9216674314094653,4.888399790526008,4.911737492186544,5.346295210718518,5.931322085374642,6.237940378471959,6.269586655872619,6.956365973043454,7.31361478785847,7.770733306176735,8.166873399160668,8.647294797237317,9.312173043701495,10.419053157592296,10.580541276354234,10.863937212451287,11.307821358358842,11.764954942819575,,,,,,,,,,,,3.4837733162132976,4.104218247300253,4.2876027832308194,4.821731792700981,5.084046850588485,5.724776705306768,6.0055441072721685,6.246094039989077,6.447437714236859,7.156834908536575,7.417022982107189,7.8828378230627125,8.214405377989667,8.555399385328094,9.185493667293171,9.432301927352832,9.91262153385826,10.322347173385284,10.526718348793358,10.75642328850375,11.017893781055356,11.35008220158461,11.825386912010206,,,3.6049644850146243,5.346295210718518,8.647294797237317,10.419053157592296,5.254043502598314,"rgba(239, 83, 80, 1.0)",1.2789728705511494,5.254043502598314,-1.2619841591344876,43.089725820732255,-11.216602233176474,False,False,False,True,True,0.0,0.0,0.0,0.0,0.0,0,0.9481578044596914,1.000041166380789,False,False,False,False,-0.2213906734052357,-0.21257704850373077,False,False,False,False,-10677739,-10425586.545345204,False,False,False,False,557574.8452627651,False,False,False,False
2024-09-11 00:00:00+00:00,3.68,3.75,3.58,3.64,476899,,,,,,,,,,,,,3.652390439544147,3.6062508073547583,3.9172497019448405,4.8745407481675,4.897701984999265,5.329292399388333,5.911461832425852,6.219590690417071,6.252245688594214,6.939507252180145,7.29573677475986,7.7515510205381615,8.14649164236695,8.625515709016156,9.28887103332836,10.39322920974781,10.554335226247716,10.837180016971168,11.280424718979006,11.73684423069586,,,,,,,,,,,,3.490430935713858,4.0972668588262255,4.278756984928218,4.808393571641893,5.068840859821998,5.7054562476789314,5.985583053270644,6.228368788685026,6.43063420711429,7.139400251606011,7.398860006322966,7.863310569976791,8.193881435907292,8.533887620088223,9.1624500262381,9.408777106857977,9.88805412915546,10.296769021560584,10.500634346742052,10.729859175546512,10.990917330429136,11.322623576649427,11.797171747396453,,,3.6062508073547583,5.329292399388333,8.625515709016156,10.39322920974781,5.241668165215161,"rgba(239, 83, 80, 1.0)",1.2860761189704253,5.241668165215161,-1.2142890628164082,44.0583039915064,-9.957472759014266,False,False,False,False,True,0.0,0.0,0.0,0.0,0.0,1,0.9511782892476812,0.9959189282033666,False,False,False,False,-0.20514385523335546,-0.20886045186854313,False,False,False,False,-10200840,-10416772.955331666,False,False,False,False,554411.0866250097,False,False,False,False
2024-09-12 00:00:00+00:00,3.67,3.73,3.58,3.73,343910,,,,,,,,,,,,,3.6528809754095137,3.607006663048132,3.9140339521003793,4.864659177238044,4.887694909776287,5.317170911679803,5.897292042178951,6.206468676916119,6.239835470272258,6.92741987613052,7.282917494823335,7.737795322180847,8.13187528913811,8.60989643532815,9.272156465480288,10.374701365900135,10.53553278452143,10.817980828511173,11.260763817505195,11.716668406094486,,,,,,,,,,,,3.4946926814419466,4.092276366703735,4.272431357633254,4.798882186930651,5.0579996839669645,5.691680140806402,5.971337570648349,6.215687690593226,6.418598751551756,7.126899341116514,7.385836054516627,7.849307378311585,8.17916305226936,8.518460210178262,9.1459214787093,9.391901964151879,9.870429001646029,10.278417722135359,10.481919645126029,10.710799084977728,10.971559781501751,11.30291793841394,11.776920689588858,,,3.607006663048132,5.317170911679803,8.60989643532815,10.374701365900135,5.23274742130714,"rgba(239, 83, 80, 1.0)",1.2928776758405789,5.23274742130714,-1.2087357145300714,44.54687755370912,-9.196292567683365,False,False,False,False,True,0.0,0.0,0.0,0.0,0.0,1,0.955896729776248,0.9931566265060241,False,False,False,False,-0.2069436423426925,-0.20790204710561783,False,False,False,False,-10544750,-10421791.662965719,False,False,False,False,546156.1420514799,False,False,False,False
2024-09-13 00:00:00+00:00,3.65,3.7,3.6,3.69,538124,,,,,,,,,,,,,3.6526170060720773,3.6079323262474667,3.90896857249443,4.849390130284779,4.87223231422981,5.298441053501739,5.8753771162102995,6.186124594727206,6.220579216076022,6.908626896913052,7.262984394995984,7.716403748865739,8.109144148120427,8.585603817172997,9.246154802120504,10.345871266744384,10.506274583826151,10.788102974642308,11.230162486082975,11.685261355702766,,,,,,,,,,,,3.5005691801843195,4.0845167390715265,4.262631486682222,4.784183655766977,5.041248072798673,5.670388518268731,5.949299256488027,6.196017956082251,6.3999074742413065,7.1074622059832,7.36558404034416,7.827530643868296,8.156273092724348,8.494466301331249,9.120210407388115,9.365649195767112,9.843005751191356,10.24986269506539,10.452798283220103,10.681138656755532,10.941433707898721,11.272246540981339,11.745396067436447,,,3.6079323262474667,5.298441053501739,8.585603817172997,10.345871266744384,5.218825688616205,"rgba(239, 83, 80, 1.0)",1.2998506081876715,5.218825688616205,-1.2069276874852213,44.53796290183706,-8.912663000278187,False,False,False,False,True,0.0,0.0,0.0,0.0,0.0,1,0.9568849069607168,0.9924603721571331,False,False,False,False,-0.20784403113917832,-0.20787303912239807,False,False,False,False,-11082874,-10447716.460496474,False,False,False,False,545841.1560886768,False,False,False,False
2024-09-16 00:00:00+00:00,3.69,3.73,3.64,3.66,241352,,,,,,,,,,,,,3.653961024287867,3.608685353902607,3.9070721151122645,4.842871433347784,4.865626348974419,5.290360439757443,5.865846038436052,6.177235353544921,6.212157241462779,6.900362012306709,7.2542051632097015,7.7069679055425375,8.099107034099642,8.574865922091485,9.23464675484565,10.333091298990828,10.493302459046399,10.774851745837667,11.21658339219213,11.671318316116377,,,,,,,,,,,,3.503674650683836,4.081410527221902,4.258592825742892,4.777921940184484,5.034058279475827,5.661153371371708,5.939705750849372,6.187419232840871,6.391716740446248,7.09890664986801,7.356660969443322,7.817921921181003,8.146164712079585,8.48386240777704,9.108833582411892,9.354027520395071,9.830856995650475,10.237206058506745,10.43988762359207,10.667985512701188,10.928069900990987,11.258635733897206,11.731400063215702,,,3.608685353902607,5.290360439757443,8.574865922091485,10.333091298990828,5.2129368664909,"rgba(239, 83, 80, 1.0)",1.306782473265804,5.2129368664909,-1.1654096206883622,45.38769407051476,-7.834736334989017,False,False,False,False,True,0.0,0.0,0.0,0.0,0.0,1,0.959226786330687,0.990721435968243,False,False,False,False,-0.20154819715517425,-0.20471061813878616,False,False,False,False,-10841522,-10463159.814986808,False,False,False,False,533900.404869513,False,False,False,False
2024-09-17 00:00:00+00:00,3.74,3.835,3.69,3.73,435954,,,,,,,,,,,,,3.660685531360331,3.6111701205765065,3.904764315938743,4.831965175054523,4.854559621225751,5.276581208193285,5.849372104817619,6.161774126507781,6.197493476773198,6.885855287316704,7.238757666126443,7.690323273910373,8.081370990401096,8.555858380557222,9.214234623516191,10.310366808110132,10.470229550799681,10.751270523380693,11.192400453885995,11.646470314770509,,,,,,,,,,,,3.511028517013162,4.076871282204562,4.252294217307172,4.76748768152302,5.021911882505237,5.64525788381568,5.923100992108212,6.172456156943734,6.377417070976124,7.083868047642863,7.340950528719367,7.800963460997125,8.128299372427039,8.465097834519145,9.088661389402464,9.333407068678666,9.809276506835342,10.214704874304331,10.416926265243015,10.64458327641721,10.904281847627086,11.234394690490927,11.706455615346401,,,3.6111701205765065,5.276581208193285,8.555858380557222,10.310366808110132,5.203295734990211,"rgba(239, 83, 80, 1.0)",1.3116057416860774,5.203295734990211,-1.1156521266132418,47.00917595527953,-6.10039689004379,False,False,False,False,True,0.0,0.0,0.0,0.0,0.0,1,0.9658118466898955,0.9913310104529618,False,False,False,False,-0.187662589364328,-0.19618660375155708,False,False,False,False,-10405568,-10460901.312438307,False,False,False,False,530059.3693844341,False,False,False,False
2024-09-18 00:00:00+00:00,3.67,3.8,3.66,3.74,403638,,,,,,,,,,,,,3.6635479166744567,3.612700016744237,3.902065647679915,4.8216466800012325,4.844096705648626,5.263671240429576,5.834024112420979,6.147369553812797,6.183824600376589,6.872351355378531,7.224393168554542,7.674862178739337,8.06490883565684,8.538229275952162,9.19531603095555,10.289322878337407,10.448865186000363,10.729438593239164,11.170014833196275,11.623472493793633,,,,,,,,,,,,3.516276743590167,4.07220760575449,4.246086225950594,4.757593874528846,5.010477535423487,5.630430450680137,5.907636104141534,6.158510601466144,6.364090157661757,7.069877710614327,7.326345352021375,7.785214576440029,8.111718583087415,8.447691785707583,9.069963119361345,9.31429718215104,9.789284445430662,10.193866301462432,10.395664494888974,10.622915997616031,10.882259621301309,11.211955590490499,11.683369003058688,,,3.612700016744237,5.263671240429576,8.538229275952162,10.289322878337407,5.19392424194892,"rgba(239, 83, 80, 1.0)",1.3166699737679473,5.19392424194892,-1.1574079095825878,46.677314326694315,-6.10039689004379,False,False,False,False,True,0.0,0.0,0.0,0.0,0.0,1,0.9558815232722143,1.0032157968970383,False,False,False,False,-0.193476583096599,-0.19483159342407802,False,False,False,False,-10809206,-10474560.319793668,False,False,False,False,525101.6686242602,False,False,False,False
2024-09-19 00:00:00+00:00,3.65,3.78,3.63,3.78,252122,,,,,,,,,,,,,3.664356770392451,3.613408368887772,3.9002174012381583,4.81516397574799,4.8375253496205595,5.255595281030327,5.824444531276469,6.138372362484161,6.175282838057373,6.863912780844658,7.215420767053044,7.66520912769161,8.054634183880182,8.527229746196756,9.183514880994446,10.27619990872013,10.43554290150558,10.715825301695268,11.156056549529563,11.609132849289674,,,,,,,,,,,,3.519038512899139,4.06917043567931,4.24211451061784,4.751371786410952,5.003309610972583,5.621172478621432,5.897984147941076,6.149797485643912,6.35576061407664,7.061137448568116,7.31722359639974,7.775382848283167,8.10137025213322,8.436830829637666,9.0582989934271,9.302377024922482,9.776815610749587,10.18087103989862,10.382406033459494,10.609405211113806,10.868527757965586,11.19796398611249,11.668974064190017,,,3.613408368887772,5.255595281030327,8.527229746196756,10.27619990872013,5.187956834550546,"rgba(239, 83, 80, 1.0)",1.3223359347482755,5.187956834550546,-1.1630606067158848,46.059987211306805,-6.10039689004379,False,False,False,False,False,0.0,0.0,0.0,0.0,0.0,1,0.9385820105820107,1.0116825396825397,False,False,False,False,-0.19795767385223578,-0.1963946336381569,False,False,False,False,-11061328,-10497570.817056661,False,False,False,False,514396.58358017163,False,False,False,False
2024-09-20 00:00:00+00:00,3.57,3.69,3.555,3.64,387166,,,,,,,,,,,,,3.6613303149450416,3.613286506078788,3.8963780352535,4.804641787948354,4.826872334399768,5.242716158470642,5.809343454758238,6.124227405944237,6.161852294779514,6.850710088722852,7.201413913705944,7.650173837311555,8.038656425991718,8.51015196624402,9.165223020562873,10.255900641236275,10.414940371060057,10.694780792733459,11.13448963207132,11.586987113225094,,,,,,,,,,,,3.521126157187354,4.063622386157675,4.23524327008539,4.741234293444833,4.991778766136118,5.606533134100165,5.882783167249285,6.136096631787482,6.342681643955433,7.04748051106212,7.302991536317805,7.760076719576443,8.085280711946837,8.419963472166348,9.040214470473806,9.283905297880542,9.757511553235078,10.160766190752696,10.36190057541796,10.588516263906497,10.84730381391441,11.176346562576288,11.646744260870369,,,3.613286506078788,5.242716158470642,8.51015196624402,10.255900641236275,5.177996917123339,"rgba(239, 83, 80, 1.0)",1.3286322710644909,5.177996917123339,-1.2102648356079924,44.12389070619589,-6.10039689004379,False,False,False,True,False,0.0,0.0,0.0,0.0,0.0,1,0.9250816181689141,1.0333569907735984,False,False,False,False,-0.21280215451273954,-0.20459839407544822,False,False,False,False,-11448494,-10534861.922270127,False,False,False,False,509407.1489299688,False,False,False,False
2024-09-23 00:00:00+00:00,3.44,3.58,3.44,3.56,354062,,,,,,,,,,,,,3.6535489401072656,3.6116302593360694,3.891562517448644,4.794244703963057,4.816362134351427,5.23027454780452,5.794980605799462,6.110828316689855,6.1491296223728895,6.838292781374817,7.188281152253562,7.636121886989349,8.023757631788454,8.494263535743997,9.148246096954278,10.237116504866275,10.39588242021787,10.675325008668484,11.114566050329692,11.566543264160114,,,,,,,,,,,3.486666666666666,3.520377464284105,4.057384088542468,4.227932322993848,4.731170000995942,4.980513383973078,5.592549813179486,5.868344216844489,6.123115996660036,6.330317072727327,7.03465935639553,7.289658130463386,7.745781498005368,8.070281384753047,8.404264527944175,9.023423133568516,9.266767694863175,9.739625959228709,10.142157760268248,10.342930215109718,10.569200315221481,10.827687515676587,11.156377682960763,11.626224635615083,,,3.6116302593360694,5.23027454780452,8.494263535743997,10.237116504866275,4.9904612728057725,"rgba(239, 83, 80, 1.0)",1.3316681674164883,4.9904612728057725,-1.1643000191359647,40.763547994278234,-6.1984143086399115,False,False,False,True,False,0.0,0.0,0.0,0.0,0.0,1,0.905338078291815,1.0505338078291815,False,False,False,False,-0.23319595068411966,-0.21889717237978396,False,False,False,False,-11802556,-10584575.415514436,False,False,False,False,503315.18230526417,False,False,False,False
2024-09-24 00:00:00+00:00,3.59,3.605,3.44,3.48,424900,,,,,,,,,,,,,3.6480400117864753,3.610600495090391,3.8867422507656384,4.782529033451138,4.804508594062821,5.2160662861801175,5.778406617607594,6.095280544056013,6.134351378678756,6.82376885456574,7.172889393882512,7.61961855409357,8.006234476583638,8.475549021592995,9.12821462836246,10.214904960015659,10.373341387739764,10.652303205342415,11.090974724503262,11.542321129495173,,,,,,,,,,3.545,3.518485719885351,3.5210031503842654,4.050820707404456,4.220020766413642,4.719859482592096,4.96773404998702,5.576468580257611,5.85166332302757,6.1080462015956964,6.315920798673513,7.019645378590237,7.2740231173505565,7.72898518825548,8.052637216674038,8.385777981815187,9.00361676853861,9.246540830949604,9.718495164310173,10.12015735760581,10.320494675343015,10.546347819373617,10.804470094491187,11.132731295961953,11.601910932348947,,,3.610600495090391,5.2160662861801175,8.475549021592995,10.214904960015659,4.817577399595008,"rgba(239, 83, 80, 0.5)",1.3326757207133553,4.817577399595008,-0.9211373633624163,42.122934674417706,-6.1984143086399115,False,False,False,True,False,0.0,0.0,0.0,0.0,0.0,1,0.9073083778966132,1.047415329768271,False,False,False,False,-0.23092083778984132,-0.22490900508481265,False,False,False,False,-11377656,-10615676.614906028,False,False,False,False,500240.0771168225,False,False,False,False
2024-09-25 00:00:00+00:00,3.51,3.555,3.48,3.55,369429,,,,,,,,,,,,,3.6424176922732863,3.609332919596564,3.882300489251611,4.7722773549270805,4.7941394962820985,5.203687902809013,5.764002638964743,6.081757648141375,6.121490795137439,6.811130157179611,7.159502554210884,7.60527272143601,7.991008334219131,8.459294038539586,9.110821360386261,10.195626306192624,10.353777731054734,10.632323413121608,11.070501374636237,11.521301228637888,,,,,,,,,,3.5310475067635703,3.517364389248377,3.520873385702517,4.04491889167497,4.212990399802127,4.709952747276903,4.956576141025401,5.562487191453256,5.837167477523069,6.094934536964267,6.303390158508337,7.00658428571349,7.260426477171888,7.714386498357831,8.03730659195413,8.369719899936227,8.986418157807684,9.228978539125624,9.700151110545628,10.101061297120275,10.301022281044668,10.526514616811276,10.784320774638338,11.11221022991735,11.580811718871857,,,3.609332919596564,5.203687902809013,8.459294038539586,10.195626306192624,4.8081554881663005,"rgba(239, 83, 80, 0.5)",1.335289555939268,4.8081554881663005,-0.9721902507154364,41.7192970300395,-6.1984143086399115,False,False,False,True,False,0.0,0.0,0.0,0.0,0.0,1,0.8999638858793788,1.0635608522932465,False,False,False,False,-0.23183059984238072,-0.22836980246359667,False,False,False,False,-11747085,-10660045.571184224,False,False,False,False,495110.2309553785,False,False,False,False
2024-09-26 00:00:00+00:00,3.61,3.67,3.535,3.55,354891,,,,,,,,,,,,,3.640957898355303,3.6092784239869857,3.8791536730105376,4.763277948764527,4.785024182192968,5.19258989517276,5.7508839594556775,6.069350577086562,6.1096771839195245,6.7994084643653485,7.147049778827656,7.5918867204005425,7.976770448309747,8.444061163195608,9.094480880074023,10.177458607275621,10.335334729647501,10.613476317570425,11.051170683599032,11.501437752916226,,,,,,,,,,3.5538848001253025,3.538053181860312,3.5225847746964916,4.040312810352795,4.207221456249375,4.701293403882625,4.946676747421565,5.549816038828078,5.823943634602587,6.0828981806494475,6.291842904838967,6.994449597576468,7.247768852202329,7.70075577409958,8.022967666200055,8.354677281564605,8.970267662231318,9.212472572668574,9.682885759983321,10.083069678785336,10.282667532017527,10.507810198812878,10.765307360889246,11.092832878616555,11.560871250539659,,,3.6092784239869857,5.19258989517276,8.444061163195608,10.177458607275621,4.80293608377262,"rgba(239, 83, 80, 0.5)",1.3357377689463155,4.80293608377262,-0.8930915270245422,43.568299973297584,-6.1984143086399115,False,False,False,True,True,0.0,0.0,0.0,0.0,0.0,1,0.9383177570093457,1.0508411214953268,False,False,False,False,-0.21641453425791327,-0.22239216836075498,False,False,False,False,-11392194,-10688757.27427504,False,False,False,False,489611.43758457934,False,False,False,False
2024-09-27 00:00:00+00:00,3.79,3.82,3.59,3.62,488122,,,,,,,,,,,,,3.645662296703966,3.6113879249758947,3.87691265147551,4.75247092737634,4.77405168588937,5.178788614532482,5.734162264221753,6.053365557601291,6.094431923540754,6.784067700769076,7.130679333276917,7.574209055184431,7.957908243006584,8.423816674943652,9.072685489122048,10.153118240949539,10.310612584513407,10.588189960687716,11.025201362513071,11.474720909827056,,,,,,,,,,3.607381734135772,3.5859191789645224,3.5283210322195853,4.035954761823741,4.201116569414099,4.6909711169923,4.934575447588943,5.533786083289196,5.8070465029594365,6.067379672205687,6.276872080439453,6.978526727103031,7.231110207371686,7.682737758964453,8.003965096060686,8.33469679782564,8.948739317922154,9.190443641181956,9.659795975931594,10.058972957311884,10.258067945432053,10.482723645379302,10.739785736480966,11.066797828089928,11.534046963231628,,,3.6113879249758947,5.178788614532482,8.423816674943652,10.153118240949539,4.799527901317505,"rgba(239, 83, 80, 0.5)",1.334328295436433,4.799527901317505,-0.7565813486607569,47.886746213870154,-5.821293809897099,True,False,False,False,True,0.0,0.0,0.0,0.0,0.0,1,0.9322936477748194,1.0456447318372004,False,False,False,False,-0.19795767385223578,-0.21017492110649538,False,False,False,False,-10904072,-10697200.989009352,False,False,False,False,489553.028267537,False,False,False,False
2024-09-30 00:00:00+00:00,3.91,3.95,3.77,3.79,531147,,,,,,,,,,,,3.876666666666667,3.6577914512507723,3.61620731510061,3.876908605531085,4.742584144517261,4.763978199010308,5.165524474752774,5.71755986675057,6.037277631882996,6.079057237572463,6.768324341225816,7.113787440774642,7.5558673285329565,7.938262981956509,8.402651675953821,9.049800696298316,10.12742716191511,10.284502500610145,10.561456026348871,10.997702964484175,11.446391564893263,,,,,,,,,,3.6733400507603835,3.6471388156935842,3.53834142574734,4.033531531194799,4.196631283835816,4.681630380143469,4.9232176267011,5.518024829556339,5.790217197717646,6.051747322649984,6.261686304754759,6.962133580437593,7.213897204182616,7.664021422691534,7.98416552082467,8.31382169327399,8.926151880708531,9.167297695980185,9.63547647480859,10.033548631610195,10.232092579909956,10.456211344115475,10.71278801150429,11.03922605290549,11.505598872893518,,,3.61620731510061,5.165524474752774,8.402651675953821,10.12742716191511,4.679368802851799,"rgba(239, 83, 80, 0.5)",1.3305214719761902,4.679368802851799,-0.5782460629583634,52.41858064915277,-1.7996708136247577,True,False,True,False,True,0.0,0.0,0.0,0.0,0.0,1,0.9472880061115354,1.0171886936592818,False,False,False,True,-0.17029397396196902,-0.1902344475342322,False,False,False,False,-10372925,-10684484.283558005,False,False,False,False,491184.1644139081,False,False,False,True
2024-10-01 00:00:00+00:00,3.74,3.9,3.67,3.9,313895,,,,,,,,,,,,3.837044809607097,3.6611684795184156,3.617840957759726,3.875879421942696,4.73613863790658,4.7574276760897005,5.157173677589953,5.707326571279445,6.027417488130665,6.069635751828496,6.758760041301176,7.1035607034108335,7.544801324625473,7.926439194928455,8.389943439285862,9.036093944867094,10.112085587659395,10.26891625673568,10.545506301558229,10.981309371167217,11.429514184749442,,,,,,,,,,3.6855626056779824,3.6607352358080028,3.542213748767008,4.031183376910175,4.193174031130761,4.6754920725635785,4.915946847886502,5.508254259077492,5.779861978088558,6.042165494081026,6.252404535011239,6.952194721204271,7.203485040488076,7.652737719257209,7.972251955399336,8.30128230227044,8.912617593478084,9.153439678201211,9.620935726701832,10.018362930831572,10.216584965687716,10.440390631424416,10.696685235451163,11.022789805409888,11.48865221586685,,,3.617840957759726,5.157173677589953,8.389943439285862,10.112085587659395,4.674082156082194,"rgba(239, 83, 80, 0.5)",1.328353624361245,4.674082156082194,-0.7031878702716367,52.34702396468948,-1.7996708136247577,True,False,True,False,True,0.0,0.0,0.0,0.0,0.0,1,0.9314546839299315,1.025133282559025,False,False,False,False,-0.18364487292728524,-0.1869396602307587,False,False,False,False,-10686820,-10684575.880281221,False,False,False,False,484231.64816238225,False,False,False,False
2024-10-02 00:00:00+00:00,3.69,3.75,3.68,3.73,207495,,,,,,,,,,,,3.811342328108181,3.6620559846071026,3.6184603196243446,3.8748094273103444,4.731648401185544,4.752870052327914,5.151458640728042,5.700401641673476,6.020765007905407,6.063279571841952,6.752337885556744,7.096706980514105,7.537399640507432,7.918541503124462,8.381466444818498,9.0269638322037,10.101884016094036,10.258554106659242,10.534905901214973,10.970418613265474,11.418306448915411,,,,,,,,,,3.687190555163758,3.663866223644501,3.5440110280159995,4.0292831570896315,4.190581816937412,4.671198983698914,4.910927889422048,5.501622186752763,5.772861049218801,6.035700325556435,6.246151278428706,6.945528631397441,7.196510428855422,7.645193568107639,7.9642954713194465,8.292915951687641,8.903600219333613,9.144210760544471,9.611259708818903,10.008263701117645,10.206274407008145,10.429874748690777,10.685984759908566,11.011871126080067,11.477399035276969,,,3.6184603196243446,5.151458640728042,8.381466444818498,10.101884016094036,4.669716729540629,"rgba(239, 83, 80, 0.5)",1.3251926665982996,4.669716729540629,-0.7393013515955463,51.48926661835084,-1.7996708136247577,True,False,True,False,True,0.0,0.0,0.0,0.0,0.0,1,0.9311944337069966,1.0421337456513335,False,False,False,False,-0.19616430540577454,-0.19155198281826663,False,False,False,False,-10894315,-10692800.943799604,False,False,False,False,473379.2305873869,False,False,False,False
2024-10-03 00:00:00+00:00,3.69,3.72,3.63,3.65,228507,,,,,,,,,,,,3.787914060719226,3.6624333461809906,3.6189292741524173,3.8734622134972994,4.726621086586653,4.747769655476881,5.145101544251746,5.692729451335435,6.013398936108931,6.056240418951534,6.745234937202164,7.0891320224206344,7.529224871398862,7.909823334937323,8.372113412206089,9.016895068871431,10.090640223676905,10.247134138492344,10.523224565324028,10.958418776215034,11.40595878824992,,,,,,,,,,3.6866275411591656,3.664992805589781,3.5456282654024833,4.027045236154783,4.187603315676067,4.666385462433357,4.905327339632031,5.4942671140051385,5.765106873476182,6.028540702461222,6.239228292211775,6.93815892934526,7.188803207394224,7.6368627368523745,7.955512880287776,8.283684196693947,8.893655004202119,9.134033727466075,9.600592455115688,9.997132193263047,10.194911040284024,10.418286128050987,10.674193661197215,10.999840655799494,11.465001497465956,,,3.6189292741524173,5.145101544251746,8.372113412206089,10.090640223676905,4.664806232162567,"rgba(239, 83, 80, 0.5)",1.3231015568474107,4.664806232162567,-0.7367584348440068,50.917428387458415,-1.7996708136247577,True,False,False,False,True,0.0,0.0,0.0,0.0,0.0,1,0.9202813599062134,1.0484564282923017,False,False,False,False,-0.2033453778545012,-0.1974486803363839,False,False,False,False,-10894315,-10700703.455807462,False,False,False,False,463776.39801533247,False,False,False,False
2024-10-04 00:00:00+00:00,3.75,3.8,3.7156,3.74,263467,,,,,,,,,,,,3.7823336048755887,3.6646294445546137,3.620116150955485,3.8725266998441024,4.721296172848059,4.742358742367359,5.138212427528574,5.6842832903906535,6.005235102543639,6.048430978363667,6.737285863159307,7.080631468637383,7.520025620953014,7.899993676270474,8.361547608608586,9.00549573769704,10.077876481015057,10.234166321215888,10.509952845795299,10.944774428318652,11.39190893728518,,,,,,,,,,3.692305547029776,3.6717142960355855,3.54846301677453,4.025051723445063,4.184714386621349,4.66131192800365,4.899325306887863,5.486208606582118,5.75655725799705,6.020602134967657,6.2315255446138496,6.929898063315395,7.180148215694567,7.6274824161544545,7.945608522348408,8.27325892608481,8.88239985608384,9.122507771373122,9.588496325275313,9.984498355987178,10.182008839612461,10.405122387125642,10.66079341402778,10.986160517440082,11.450893668976224,,,3.620116150955485,5.138212427528574,8.361547608608586,10.077876481015057,4.661283840930819,"rgba(239, 83, 80, 0.5)",1.3200194238273903,4.661283840930819,-0.6903563875511437,51.5961939472977,-1.7996708136247577,True,False,True,False,True,0.0,0.0,0.0,0.0,0.0,1,0.9228628230616301,1.0496540755467194,False,False,False,False,-0.1885025981457383,-0.1929756392410611,False,False,False,False,-10630848,-10697964.026167953,False,False,False,False,455921.1275049273,False,False,False,False
2024-10-07 00:00:00+00:00,3.7,3.76,3.635,3.75,240915,,,,,,,,,,,,3.770999096798187,3.6653435735500777,3.620734164166456,3.871275740369266,4.716194282528678,4.737180304631647,5.131715930444631,5.676398516318558,5.9976341965556585,6.041160323798995,6.729916205080033,7.072764115980067,7.511526498131526,7.890923269087616,8.351809694696632,8.995002870219404,10.066145641031616,10.222250093243671,10.497760838009182,10.932244834709385,11.379011471374637,,,,,,,,,,3.6927298188873254,3.673412261093739,3.5502940526237343,4.022875487340171,4.18176102247799,4.656433807776576,4.8936215280405655,5.47866503859828,5.748582547678541,6.013210454727313,6.224363035346318,6.922247109557106,7.172141397201984,7.618819234934274,7.936470393077311,8.263648495214253,8.872037515436862,9.111900346283917,9.57737192285335,9.972885565625845,10.17015220651183,10.393028321818875,10.648485009151075,10.973598480050518,11.437943552369436,,,3.620734164166456,5.131715930444631,8.351809694696632,10.066145641031616,4.6570111074203195,"rgba(239, 83, 80, 0.5)",1.3150048401933925,4.6570111074203195,-0.727762421984375,51.08047416703145,-1.7996708136247577,True,False,False,False,True,0.0,0.0,0.0,0.0,0.0,1,0.9181555733761025,1.0428548516439455,False,False,False,False,-0.19930352493891887,-0.19613958208999,False,False,False,False,-10871763,-10704779.672200583,False,False,False,False,447489.51466159686,False,False,False,False
2024-10-08 00:00:00+00:00,3.66,3.7208,3.64,3.71,270032,,,,,,,,,,,,3.7582034702728055,3.6655351078720697,3.621198244134937,3.8696972767279787,4.710398434560361,4.731299976286966,5.124379143341414,5.667525296753786,5.989082953733418,6.032978753614978,6.721631172532618,7.0639249873440555,7.501983491708179,7.880743344910625,8.340885327171478,8.983236351770671,10.052997311666877,10.208894769197652,10.484097554381831,10.918204473188865,11.364560131514311,,,,,,,,,,3.691330971602397,3.673424788210388,3.551959802278551,4.020287145919515,4.1783258598885755,4.650884888060391,4.887161479992904,5.4701686415876285,5.7396101989052255,6.004893219658559,6.2163047178668425,6.913648946427916,7.163146944478562,7.609093342418201,7.926214951840741,8.252866326617085,8.860416620231195,9.100006015747839,9.564900616310377,9.959869037414053,10.156863424735816,10.379474415786841,10.634691721173427,10.959521875248972,11.423433389678957,,,3.621198244134937,5.124379143341414,8.340885327171478,10.052997311666877,4.6519172826701425,"rgba(239, 83, 80, 0.5)",1.3089506559920983,4.6519172826701425,-0.7577957794889789,49.96843868682396,-1.7996708136247577,True,False,False,False,False,0.0,0.0,0.0,0.0,0.0,1,0.9087533844582435,1.0541999708166474,False,False,False,False,-0.20237474005921857,-0.19925716107460428,False,False,False,False,-11141795,-10721917.528192716,False,False,False,False,440530.39643957344,False,False,False,False
2024-10-09 00:00:00+00:00,3.64,3.7,3.61,3.62,236101,,,,,,,,,,,,3.747055187581904,3.665226269957554,3.6214176249406678,3.8681740418355672,4.705269259445874,4.726098031709319,5.117921126449872,5.659740155968428,5.9815819393051815,6.025800345568517,6.714368115355497,7.056180590768649,7.49362722261074,7.871833065937387,8.3313273009447,8.972945378653325,10.041503016936757,10.197220164538603,10.472154649234131,10.905932946459556,11.351930389999682,,,,,,,,,,3.6888472531970984,3.67213348218667,3.5531042944608733,4.01790334607972,4.175221507297564,4.64596838289599,4.881460214925255,5.462708406981128,5.731739727911263,5.997596268712073,6.209235569194776,6.906113910527615,7.1552675744685255,7.600578010921397,7.917238973826853,8.243432047215727,8.850252406848902,9.08960378042269,9.553995983911769,9.94848954544595,10.145246785906801,10.367626809548462,10.622635524910603,10.947218759561137,11.410752376370946,,,3.6214176249406678,5.117921126449872,8.3313273009447,10.041503016936757,4.647248343370526,"rgba(239, 83, 80, 0.5)",1.3034908363171138,4.647248343370526,-0.7727314341667394,48.833971913481236,-1.7996708136247577,True,False,False,False,False,0.0,0.0,0.0,0.0,0.0,1,0.8900725442781519,1.0693908894843474,False,False,False,False,-0.2069436423426925,-0.2031004017086484,False,False,False,False,-11377896,-10747642.174145943,False,False,False,False,432513.5573635117,False,False,False,False
2024-10-10 00:00:00+00:00,3.63,3.65,3.595,3.6,288464,,,,,,,,,,,,3.7334085931016894,3.664272381978137,3.6214506559282675,3.866131411445841,4.698922599562077,4.71966383855982,5.1099741361598126,5.650192263123988,5.972384806430491,6.016996704188064,6.705468709905853,7.046697083870309,7.483400673236722,7.860933291048972,8.319640127133091,8.960367027685496,10.02746066919884,10.182958376735323,10.45756628970424,10.890944475503924,11.336505706097114,,,,,,,,,,3.684480158092395,3.6691592877380885,3.5541153032535555,4.0148370922485475,4.171299631137609,4.639877506455742,4.874425459714582,5.453551645888172,5.722089309030897,5.988647840180859,6.200567435256807,6.896884506713128,7.145620221825317,7.590158192960405,7.9062593468829965,8.231895323008919,8.837828204082165,9.076890120745382,9.540671162487175,9.934586906327725,10.13105554549744,10.35315445434945,10.607909237962653,10.93219182342232,11.395265254484734,,,3.6214506559282675,5.1099741361598126,8.319640127133091,10.02746066919884,4.641294031210931,"rgba(239, 83, 80, 0.5)",1.2979857992818982,4.641294031210931,-0.7791256512747848,47.869617315984286,1.912397267368064,True,False,False,False,False,0.0,0.0,0.0,0.0,0.0,1,0.8782192484141838,1.0864870236340451,False,False,False,False,-0.20695411023612692,-0.20502725597238766,False,False,False,False,-11666360,-10783670.324179435,False,False,False,False,426864.5551139622,False,False,False,False
2024-10-11 00:00:00+00:00,3.82,3.835,3.66,3.67,318575,,,,,,,,,,,,3.7376134072173284,3.6670130837710095,3.6229648683250346,3.8652631467110266,4.692945036691961,4.713585266758463,5.10215252625426,5.640507456464542,5.962940141217337,6.007940393148881,6.696164858598918,7.036730710282789,7.472596211797996,7.8493751342485565,8.307201399921588,8.946924257102602,10.012377401326527,10.167630290947464,10.44187149779183,10.874795682321547,11.31986496574033,,,,,,,,,,3.6906035728573716,3.6758374625613652,3.5574422135858574,4.012759184894801,4.168178353674841,4.634194727029988,4.8676486741560865,5.4443471851346885,5.712271997561326,5.9794518222346085,6.191603111275235,6.8872060601321445,7.135468236779386,7.579137307584582,7.894611884264181,8.219624641096145,8.824559716174019,9.063293806011833,9.526387992354241,9.919659173808121,10.115806272992952,10.337590283605406,10.592057704356364,10.915999488078908,11.378554455708679,,,3.6229648683250346,5.10215252625426,8.307201399921588,10.012377401326527,4.637783026012539,"rgba(239, 83, 80, 0.5)",1.2917687015796266,4.637783026012539,-0.6330723333151831,51.169966356347786,1.912397267368064,True,False,False,False,True,0.0,0.0,0.0,0.0,0.0,1,0.8997047178041742,1.0628649083954096,False,False,False,False,0.024808986986073416,-0.09010913449315712,False,False,False,False,-11347785,-10805792.468329262,False,False,False,False,422617.9058938069,False,False,False,False
2024-10-14 00:00:00+00:00,3.91,3.92,3.78,3.81,70154,,,,,,,,,,,,3.7407418089935884,3.668147456006034,3.6235120191608163,3.8652727150144286,4.691778441928958,4.712395802353887,5.100568775305909,5.638499660552886,5.960964038773911,6.006043154719687,6.694192585689494,7.034609993045012,7.470288379147812,7.8468998301965005,8.304530568840871,8.94402942138104,10.00911783576498,10.164316449656381,10.438476018585845,10.871298458157783,11.316257918964416,,,,,,,,,,3.693335904622586,3.6785836017254296,3.5584912493246925,4.012491055902142,4.167666387091684,4.633094822857784,4.8663004122301095,5.442452137024258,5.710232246240343,5.97752672955261,6.1897177973603865,6.885149814441481,7.133305964349842,7.576781377633334,7.892116749465598,8.21699109410711,8.821703850286896,9.060364558041817,9.523305748802702,9.916434042777198,10.112509919865337,10.334223935320885,10.58862706470376,10.912492520461775,11.37493181980952,,,3.6235120191608163,5.100568775305909,8.304530568840871,10.00911783576498,4.637404920969087,"rgba(239, 83, 80, 0.5)",1.282936215614663,4.637404920969087,-0.5669844783519361,54.81094654535287,0.43223468607190796,True,False,True,False,True,0.0,0.0,0.0,0.0,0.0,0,0.9623899267549993,1.0395440704468768,False,False,False,False,0.3349271936544754,0.12240902958065913,False,False,False,False,-11277631,-10824295.940159487,False,False,False,False,408795.791937187,False,False,False,False
2024-10-15 00:00:00+00:00,3.79,3.92,3.73,3.85,357366,,,,,,,,,,,,3.7485412143926746,3.6721661243277106,3.625629802761778,3.8647437138655363,4.6854804840574795,4.705984224803049,5.092195278228015,5.628016711877244,5.9506841303049685,5.99617560172066,6.683987628083383,7.0236582960087155,7.458393658738951,7.834159234551688,8.290801831004538,8.929170040824602,9.992414319520595,10.147338168272425,10.421084940145636,10.853393835097242,11.297798206988281,,,,,,,,,,3.7019756440601244,3.6876395064468,3.562775052562556,4.0106036631613575,4.1645941410691245,4.627128227769403,4.8591010724069905,5.432523755743453,5.699593611847658,5.967512336950157,6.179927850319107,6.874522561853529,7.122145100728654,7.564643765357154,7.879275950530948,8.203450858211104,8.807041058941847,9.045331697218499,9.507499867425175,9.899904913271532,10.095620148396687,10.316980083455446,10.571058584639719,10.894538689567758,11.356393229767022,,,3.625629802761778,5.092195278228015,8.290801831004538,9.992414319520595,4.634153214917837,"rgba(239, 83, 80, 0.5)",1.2748082632735211,4.634153214917837,-0.6621805327415864,54.536763493849946,0.43223468607190796,True,False,True,False,True,0.0,0.0,0.0,0.0,0.0,0,1.025416029604024,0.9738970506769483,False,False,False,False,0.3153474784379475,0.21887825400930333,False,False,False,False,-11634997,-10856088.138584606,False,False,False,False,406778.937351415,False,False,False,False
2024-10-16 00:00:00+00:00,3.85,3.93,3.79,3.87,443642,,,,,,,,,,,3.856666666666667,3.76126589498182,3.678295303878614,3.628785995516031,3.8646428640390065,4.678168869681435,4.698531130230749,5.082297720041399,5.615476085825237,5.938314511172044,5.984289420280764,6.671608841790252,7.010347911119176,7.443908784467774,7.818623575465367,8.2740388251446,8.910997839777389,9.971947637655413,10.12653017118402,10.399762642971176,10.831428669054567,11.275139856302472,,,,,,,,,,3.7146677358037627,3.7006555475479144,3.5687825757495126,4.008813683917339,4.161314981676361,4.620228960784054,4.850664178246253,5.420690926450783,5.686851072873161,5.9554559602402,6.168106538805263,6.861616836021946,7.108573819240847,7.549857160483719,7.863615845933782,8.186921895904213,8.789114286341956,9.02694256944189,9.488147826804243,9.87965464106936,10.074922167766912,10.29584144524984,10.549514085128688,10.872511979059267,11.333636589481722,,,3.628785995516031,5.082297720041399,8.2740388251446,9.971947637655413,4.524528533266117,"rgba(239, 83, 80, 0.5)",1.2639844764707768,4.524528533266117,-0.5336525454406652,55.38124559875862,0.9301850988613083,True,False,True,False,True,0.0,0.0,0.0,0.0,0.0,0,1.0705940547416026,0.9392754510764592,False,False,False,False,0.3428281752006864,0.2808532146049949,False,False,False,False,-11191355,-10869235.858640112,False,False,False,False,408224.5476513595,False,False,False,False
2024-10-17 00:00:00+00:00,3.84,3.875,3.78,3.85,259562,,,,,,,,,,,3.8474388323540065,3.765800991730122,3.6812194383820893,3.6303946915953547,3.864403713976782,4.673822195804485,4.694103186175013,5.076463508235815,5.608117801783001,5.931058832218841,5.977315205892258,6.66435263183195,7.002550821399622,7.435429317033404,7.809533259538859,8.264234745259222,8.900373771771022,9.9599876725578,10.11437143651899,10.387304275357971,10.818595487818214,11.261902527098616,,,,,,,,,,3.720026881236179,3.7063036218998615,3.571889408309772,4.007616660354481,4.159273826935815,4.616119100602367,4.845671024764931,5.413740571345657,5.67937643661333,5.948382509311033,6.161171646420767,6.854054732475251,7.100625196095376,7.5412023127680285,7.854453171642531,8.177253944815762,8.778633074888043,9.016192210329248,9.476836858747927,9.867820685908232,10.062827508226531,10.28349009752278,10.536926171043476,10.8596429132714,11.32034196200072,,,3.6303946915953547,5.076463508235815,8.264234745259222,9.9599876725578,4.522061161681446,"rgba(239, 83, 80, 0.5)",1.2550703221397055,4.522061161681446,-0.5434445780843855,55.71346967162459,1.3596247972467381,True,False,True,False,True,0.0,0.0,0.0,0.0,0.0,1,1.07044528556619,0.8986716169628004,False,False,False,False,0.31729472776656686,0.2990739711857809,False,False,False,False,-11450917,-10892046.88379148,False,False,False,False,402394.6438218945,False,False,False,False
2024-10-18 00:00:00+00:00,3.91,3.93,3.78,3.84,280601,,,,,,,,,,3.873333333333334,3.8548244655529644,3.7728019712339793,3.685099151926784,3.6324594589788197,3.864473177909481,4.669403152817479,4.689595757815523,5.0704263994532965,5.600416053206674,5.923425614886303,5.969971774971699,6.656664632284673,6.9942748442204445,7.426412676979698,7.79985508287929,8.253783723032564,8.889032444305585,9.947198133542104,10.10136671376905,10.373974404519574,10.804857349374549,11.24772504699367,,,,,,,,,,3.7272601126063822,3.7137415320508413,3.575692131347701,4.006642841711401,4.1573725234779895,4.611957478482343,4.840547456531671,5.406491015622765,5.6715440940685875,5.940938009449296,6.153854070359632,6.846034140244774,7.0921845289689545,7.531995734820208,7.844696652024927,8.16695026792209,8.767447057039805,9.004713406299548,9.464749723860864,9.855167453976682,10.049892186775866,10.270276476358328,10.523455124513372,10.845865716519034,11.30610230295439,,,3.6324594589788197,5.0704263994532965,8.253783723032564,9.947198133542104,4.417375386150716,#000000,1.243813157662165,4.417375386150716,-0.4079192948114197,57.177103999148045,2.889740583931136,True,False,True,False,True,0.0,0.0,0.0,0.0,0.0,0,1.0740615733262615,0.8715494587622653,False,False,False,False,0.33887258938745357,0.3189732802866172,False,False,False,False,-11170316,-10902959.398152597,False,False,False,False,397618.4224955457,False,False,False,False
2024-10-21 00:00:00+00:00,3.8,3.91,3.735,3.89,597465,,,,,,,,,,3.8336414138193105,3.839777241289175,3.777939499641493,3.690454552916898,3.635704110939503,3.8636670851672252,4.65947693096996,4.679487198640694,5.057155039075468,5.5836966634173715,5.906902765761781,5.954075099547943,6.640095229472052,6.976471725317881,7.407052689673227,7.779101911998718,8.231401824604143,8.864774902659253,9.919884657761365,10.073598712226575,10.345519892917912,10.775541295279297,11.217481044842629,,,,,,,,,,3.735269841322713,3.7225109500233278,3.581951881725055,4.003728656865596,4.152592914664773,4.602562252795751,4.829168854011205,5.390701347465795,5.654557737360821,5.924821311661998,6.138033554000488,6.828767096335483,7.074035604628436,7.512235830899697,7.823778419906854,8.144879014586788,8.743516685395281,8.980166339690133,9.43891962436796,9.82814192957449,10.022270766128617,10.242067371328584,10.494702779136635,10.81646720461879,11.275726894199646,,,3.635704110939503,5.057155039075468,8.231401824604143,9.919884657761365,4.4100473468936965,#000000,1.2330999974073318,4.4100473468936965,-0.49472658192876373,55.575075905885875,2.889740583931136,True,False,True,False,True,0.0,0.0,0.0,0.0,0.0,1,1.0672291125853284,0.8755408133833286,False,False,False,False,0.3134025415785083,0.3161879109325627,False,False,False,False,-11767781,-10936873.970774064,False,False,False,False,405455.54318199493,False,False,False,False
2024-10-22 00:00:00+00:00,3.77,3.84,3.67,3.8,293430,,,,,,,,,,3.8151961096466964,3.827290424245657,3.7769273535945054,3.691834731246036,3.6367797901474246,3.8628441101113964,4.6543738521846105,4.674297270328494,5.050455279948426,5.5753476943868066,5.898671572573076,5.946154871431526,6.631871079547673,6.967650131533111,7.397475896267033,7.768848141807334,8.220356092338108,8.852817311842795,9.906439174263799,10.05993172462881,10.331518444159906,10.76112024857603,11.20260770964113,,,,,,,,,,3.736331028902512,3.724040437285353,3.5842102031001106,4.001921932997386,4.149919535931152,4.597712061368511,4.823374414729887,5.382794119107167,5.646082580984682,5.9167911257852355,6.130159703160262,6.820205204060905,7.0650464344097825,7.502464751799371,7.813444409626863,8.133984388109365,8.731718148728135,8.96806802384023,9.426196886622714,9.814836783832854,10.008675207411388,10.228185469486398,10.480556310971112,10.80200598310086,11.260789479993557,,,3.6367797901474246,5.050455279948426,8.220356092338108,9.906439174263799,4.405520225140995,"rgba(239, 83, 80, 0.5)",1.2193957002861031,4.405520225140995,-0.521176370387303,53.858266450482105,2.889740583931136,True,False,True,False,False,0.0,0.0,0.0,0.0,0.0,1,1.0728122590593678,0.8752409406322282,False,False,False,False,0.25274784226515784,0.2844678765988603,False,False,False,False,-12061211,-10980965.618979001,False,False,False,False,401062.38462583825,False,False,False,False
2024-10-23 00:00:00+00:00,3.74,3.77,3.69,3.75,418796,,,,,,,,,,3.793637928338527,3.8101337107193562,3.773678553710866,3.692977787842139,3.6379578323595227,3.861393146041409,4.646975814489034,4.666777543752367,5.040816954856345,5.563390127309632,5.8868872619268195,5.934812631791926,6.620106002725573,6.955039082883738,7.3837947070353795,7.754207065384435,8.204591650991476,8.835758775294412,9.887267735013525,10.040445648204214,10.3115571100497,10.740562293268253,11.18140662107062,,,,,,,,,,3.7361580331018494,3.724551778566284,3.586861752587116,3.999110031520156,4.145909756814026,4.590668287211028,4.815007610047697,5.371457211598401,5.633947800702512,5.905292308512868,6.118886267919847,6.807961959968381,7.052198006560174,7.488508121625714,7.7986895363132485,8.118434318387191,8.71488540484287,8.950809681604994,9.408051877509422,9.795864661636003,9.989290600298343,10.208394034495887,10.460388785609913,10.781390899269429,11.239497282247989,,,3.6379578323595227,5.040816954856345,8.204591650991476,9.887267735013525,4.398914946174754,"rgba(239, 83, 80, 0.5)",1.2036415167745198,4.398914946174754,-0.5474345450799115,52.05356888752123,6.346022950753252,True,False,False,False,False,0.0,0.0,0.0,0.0,0.0,1,1.0777506599591575,0.9034218259700155,False,False,False,False,0.2067185115328914,0.24559319406587585,False,False,False,False,-12480007,-11039751.55548963,False,False,False,False,401757.82052286423,False,False,False,False
2024-10-24 00:00:00+00:00,3.7,3.81,3.665,3.73,210104,,,,,,,,,,3.7856279664770045,3.8029892255152586,3.771924170591671,3.6934142605678417,3.638487378618493,3.860630819690373,4.6432754663924785,4.663016819491349,5.036004004322151,5.557422424222252,5.8810007349698825,5.929144703756214,6.614222599613067,6.948733002453211,7.376953880670525,7.746886650682378,8.196709845298654,8.827229593423118,9.877681518682179,10.030702049775712,10.301575590072744,10.730281686887118,11.170803758588217,,,,,,,,,,3.735844074544287,3.7245638194366486,3.588083112158613,3.997677862741184,4.1438869973440715,4.5871436632568825,4.810826333135882,5.365799511508585,5.627891329447741,5.899547057902737,6.11325078128151,6.801839660549716,7.045773298212654,7.481529688652755,7.79131226050847,8.110659645455451,8.706469235309022,8.942180451391277,9.398978981477335,9.786378115393912,9.97959776588651,10.198497598897111,10.450303893459392,10.771081658017485,11.228848789818276,,,3.638487378618493,5.036004004322151,8.196709845298654,9.877681518682179,4.395775498721632,"rgba(239, 83, 80, 0.5)",1.183920392381965,4.395775498721632,-0.5876877391407885,49.970899218131485,4.34131862708783,True,False,False,False,False,0.0,0.0,0.0,0.0,0.0,1,1.0461992546086696,0.9092523574876812,False,False,False,False,0.18226968491578238,0.2139314394908291,False,False,False,False,-12690111,-11104471.533705723,False,False,False,False,394241.9844239284,False,False,False,False
2024-10-25 00:00:00+00:00,3.68,3.81,3.67,3.71,229637,,,,,,,,,,3.7782041416732306,3.796016761444398,3.7699563521089843,3.6938045078492285,3.63902580753515,3.8597769502129102,4.639243090866241,4.658918943550119,5.030763803825739,5.550926395179235,5.874588668586117,5.922969023391913,6.60780843560219,6.9418581135725175,7.369496076590237,7.738906124926668,8.188117347844054,8.81793086684629,9.86722965722455,10.020078518986853,10.290692382864787,10.719071722470327,11.159241843736003,,,,,,,,,,3.7353713541362827,3.7244336426664866,3.5893456978320653,3.996101177237497,4.1416721808753,4.583301891874858,4.806271992328235,5.359641423391338,5.621298324272137,5.893287854689835,6.107108811565921,6.795165104549882,7.038769085124013,7.4739219106375,7.783269756385351,8.102183934529798,8.697293841192428,8.932772506122815,9.389086961685845,9.77603494942515,9.969029614549378,10.187707279858003,10.439307743225012,10.759840412589861,11.217237058402187,,,3.63902580753515,5.030763803825739,8.188117347844054,9.86722965722455,4.392433155372277,"rgba(239, 83, 80, 0.5)",1.158452182639333,4.392433155372277,-0.6149871061135397,48.13835881253419,2.5942319840167514,True,False,False,False,False,0.0,0.0,0.0,0.0,0.0,1,1.0442343754013714,0.9389144339695342,False,False,False,False,0.14902440346590645,0.18147792147836778,False,False,False,False,-12919748,-11175658.84610942,False,False,False,False,387786.88699553907,False,False,False,False
2024-10-28 00:00:00+00:00,3.76,3.8,3.66,3.72,202518,,,,,,,,,,3.77473858753208,3.7921525416800796,3.7689875204963967,3.6943948808693596,3.639610615223954,3.859139000130964,4.6357927738920095,4.655410801538608,5.026246941913984,5.54529767662022,5.869017528260635,5.917600428860845,6.602214312171805,6.935856850935071,7.362980104714518,7.731929157601507,8.18060070432569,8.809790389633296,9.858071402307301,10.010768860214549,10.281153376861395,10.709243473101337,11.149102402927916,,,,,,,,,3.7399999999999998,3.7354900221435505,3.724815608224467,3.5906066928386435,3.9948251268287716,4.139829778221378,4.58001979234858,4.802360310565103,5.354314470270735,5.6155823838610806,5.887848114799733,6.101763443402957,6.789340853605059,7.03265354936198,7.467273675286488,7.776238135849387,8.094770262370913,8.689262393625656,8.924535402733666,9.380422369896193,9.766972512575558,9.959768812429925,10.178250362153587,10.429668734617618,10.74998448492333,11.207053614906611,,,3.639610615223954,5.026246941913984,8.18060070432569,9.858071402307301,4.2834807762599985,#000000,1.1298450503676236,4.2834807762599985,-0.46332085633306175,49.01662649430384,2.5942319840167514,True,False,False,False,False,0.0,0.0,0.0,0.0,0.0,1,1.0226323029406421,0.9499597705624335,False,False,False,False,0.13354681590257655,0.15751236869047217,False,False,False,False,-12717230,-11236112.616850227,False,False,False,False,380521.44044669444,False,False,False,False
2024-10-29 00:00:00+00:00,3.68,3.82,3.66,3.72,269631,,,,,,,,,,3.7688400477396664,3.786083206515534,3.7669652367867084,3.6948232641572076,3.640225751866082,3.8581592852218667,4.631138281000834,4.650680305563579,5.0201893108508635,5.537775299094604,5.861575872849667,5.910428297001392,6.594748313177311,6.927851856266311,7.354293320402242,7.722631420270893,8.17058754195694,8.798950041873127,9.845880852102256,9.998377405319326,10.268457546075155,10.696163665396918,11.135609434094352,,,,,,,,3.7199999999999998,3.7285785631230817,3.7349787393796707,3.7246632614830526,3.5920327497548357,3.9930140062026025,4.137281492551487,4.575586373903531,4.797099441333258,5.347189152586017,5.607945333902925,5.88058115397341,6.09462406406927,6.78157023107647,7.024497230809866,7.45841161980294,7.766867955814906,8.084893621565307,8.678566636988586,8.913566905153614,9.368886803816489,9.754909100223303,9.94744218964408,10.165663481404646,10.416840155248048,10.736867930562974,11.19350222413258,,,3.640225751866082,5.0201893108508635,8.17058754195694,9.845880852102256,4.185265188455724,#000000,1.099736790787411,4.185265188455724,-0.45944192527555106,47.72429266642331,2.1786820844001795,True,False,False,True,False,0.0,0.0,0.0,0.0,0.0,1,1.0201677159800413,0.9483267587972519,False,False,False,False,0.14902440346590645,0.15326838607818932,False,False,False,False,-12986861,-11304769.416189434,False,False,False,False,376172.79572329466,False,False,False,False
2024-10-30 00:00:00+00:00,3.81,3.845,3.67,3.67,217960,,,,,,,,,,3.769333633440215,3.785377553130768,3.767224702870233,3.6958931241054302,3.641054282749921,3.8576886292124977,4.627635238444301,4.647115095879379,5.015538861880311,5.531922266423489,5.855751398056422,5.904809449301043,6.588856207411409,6.9215204253787,7.347407270268147,7.71524974826684,8.162625683423864,8.790315316354633,9.836149943890778,9.988483660393069,10.258316444524663,10.685709225109447,11.124818606095543,,,,,,,,3.744585769630694,3.7432400388924063,3.7360188294884447,3.7259184452390772,3.5936484223587395,3.9918587591086077,4.135512596578688,4.572264069311552,4.793099231852841,5.341667711077088,5.601995191650321,5.874890951933081,6.089017002112607,6.775429767844379,7.018042505293682,7.451383375924302,7.7594275366774115,8.077042428187461,8.67004969546888,8.904827639789064,9.359686633681601,9.745281147732596,9.937601021878256,10.155611018319536,10.406590667161273,10.726383529535621,11.182663923996216,,,3.641054282749921,5.015538861880311,8.162625683423864,9.836149943890778,4.185829863083734,#000000,1.0599381589995194,4.185829863083734,-0.3545771608397247,49.889324804845806,2.1786820844001795,True,False,False,False,False,0.0,0.0,0.0,0.0,0.0,1,1.020049864949096,0.9362923332640766,False,False,False,False,0.1403508440858419,0.14680961508201562,False,False,False,False,-12768901,-11362186.34104475,False,False,False,False,369968.37236159685,False,False,False,False
2024-10-31 00:00:00+00:00,3.79,3.875,3.77,3.83,276697,,,,,,,,,,3.7732422262257,3.787343508350219,3.768974870288341,3.6978216271180626,3.642375468297646,3.8573603250102226,4.623418734104647,4.64281925773921,5.009858011792718,5.524701590388257,5.848533464680875,5.897840930086934,6.581508652611267,6.913612543514026,7.338792939382992,7.706005331539737,8.152643795901012,8.779476151834686,9.823916005163055,9.976042773251224,10.24556055728331,10.672553053005792,11.111233415631322,,,,,,,,3.7688712261172057,3.7628235361247926,3.738434887935438,3.7285495630213554,3.5960653247451715,3.990654715616978,4.133517616372403,4.568278119605033,4.788247181603013,5.334876689344859,5.594647479119095,5.867836838999428,6.082050021615092,6.767765399496467,7.009977402357308,7.442588269633096,7.750108450763249,8.067201164008925,8.659360760336558,8.893854995084022,9.348127054266268,9.73317796557273,9.925226983548665,10.142968104425714,10.3936962642176,10.713189106637097,11.169018277851308,,,3.642375468297646,5.009858011792718,8.152643795901012,9.823916005163055,4.186911723990063,#000000,1.0318486864429812,4.186911723990063,-0.384660783315341,50.840264152682764,2.1786820844001795,True,False,False,False,True,0.0,0.0,0.0,0.0,0.0,1,1.0310225257418142,0.9496281002673443,False,False,False,False,0.26534230658187613,0.20607596083194588,False,False,False,False,-13045598,-11428202.48453319,False,False,False,False,366310.6714846715,False,False,False,False
2024-11-01 00:00:00+00:00,3.82,3.895,3.755,3.85,276060,,,,,,,,,,3.7774672728978196,3.7898422743743483,3.7710298885229574,3.6998734315309316,3.6437628223743603,3.8571198589025273,4.619314981154184,4.638636656053347,5.00429808703829,5.517606346853295,5.841423726254213,5.89097316281159,6.57424736957599,6.905792367057565,7.330268458940266,7.696853228274161,8.142757069339112,8.768734158964234,9.811783235527397,9.963703765954047,10.232907228691584,10.659499492912975,11.097751288491928,,,,,,,,3.7833229377733866,3.7762637095766287,3.7410566117083497,3.7313650421946947,3.598551470417375,3.9895466352596456,4.131622840159048,4.56440344436645,4.783511139851933,5.328212549983306,5.5874241169590375,5.860886532495399,6.075176932006558,6.760188101181276,7.002000402884113,7.433883727052268,7.740881973664236,8.057454501938075,8.648768754012215,8.882979648484161,9.336666192776082,9.721175446102169,9.91295461367894,10.130427566431045,10.380904410562946,10.700097313026978,11.155475810906466,,,3.6437628223743603,5.00429808703829,8.142757069339112,9.811783235527397,4.187340400049644,#000000,0.9986449918876167,4.187340400049644,-0.3678388246410823,52.15192329792252,2.1786820844001795,True,False,False,False,True,0.0,0.0,0.0,0.0,0.0,1,1.0146534865654049,0.9583969567896274,False,False,False,False,0.27040304556017747,0.23823950319606169,False,False,False,False,-12769538,-11480803.877296595,False,False,False,False,362771.4294656648,False,False,False,False
2024-11-04 00:00:00+00:00,3.79,3.91,3.765,3.82,252042,,,,,,,,,,3.780627638873956,3.791739343534025,3.7727193445078626,3.7016644921112625,3.6449994395580294,3.8568925784967334,4.615597089413007,4.634847334252525,4.9992601011379385,5.511173571496153,5.834970684579674,5.88473747866748,6.567647150103423,6.8986832101904705,7.322517973489859,7.688531402441403,8.133766400058962,8.758964041924456,9.800745747150314,9.952478381419576,10.221395246528674,10.647622110022732,11.085482821865822,,,,,,,,3.7908007348143107,3.7839186636680426,3.7432670112492135,3.7337493493400373,3.6007578023060027,3.9885376840626767,4.1299037743997244,4.560893032256,4.779220130627584,5.322172637812734,5.580874282423689,5.854576904799679,6.068933629959282,6.753300120042678,6.9947484211607405,7.425969336716069,7.732492440793235,8.048591353919893,8.639135393490937,8.873087890489638,9.326240753780347,9.71025659105363,9.901789950629455,10.119018461425158,10.369265947075712,10.688185029034607,11.143152309039818,,,3.6449994395580294,4.9992601011379385,8.133766400058962,9.800745747150314,4.18713708769589,#000000,0.9626195865817769,4.18713708769589,-0.4125587025567473,52.20135252922497,-2.1314477758783426,True,False,False,False,True,0.0,0.0,0.0,0.0,0.0,1,1.0152415465373443,0.9406325774734206,False,False,False,False,0.2959165341488752,0.26707801867246844,False,False,False,False,-13021580,-11541226.470343787,False,False,False,False,358429.09889838385,False,False,False,False
2024-11-05 00:00:00+00:00,3.93,3.935,3.79,3.79,294182,,,,,,,,,,3.788667303985758,3.797806044690415,3.7769279422356914,3.7047582455157144,3.6469309455966235,3.8571013317737903,4.611643877589508,4.630809703554916,4.993747161535655,5.504005875328619,5.827725990281666,5.877728566569824,6.560160090818612,6.890596722785963,7.313677721006231,7.679021654824345,8.123473179269526,8.747754768103194,9.78805010612772,9.939562776337176,10.208143161034993,10.633939121336782,11.071339759069685,,,,,,,,3.808267151863683,3.8005395769171293,3.7476625657874596,3.7382712905723112,3.604001119761618,3.9878164486233585,4.128328600393363,4.5571849009277985,4.774587937491442,5.315478835596366,5.573563567065079,5.847489451815051,6.06189423530636,6.74547404016885,6.986493781902844,7.4169370075831065,7.7229033843725805,8.038447436589408,8.628087089683083,8.861735220775076,9.314261416184785,9.697699694565967,9.888945474110908,10.105887303575143,10.355864621169479,10.674460920379184,11.128944639955437,,,3.6469309455966235,4.993747161535655,8.123473179269526,9.78805010612772,4.1887268429870606,#000000,0.9249045141866089,4.1887268429870606,-0.27973357143206634,55.227931762648,0.8579206011232188,True,False,True,False,True,0.0,0.0,0.0,0.0,0.0,1,1.0101213473363444,0.9713500571366382,False,False,False,False,0.3428280442998329,0.30495303148615066,False,False,False,False,-12727398,-11587743.000918541,False,False,False,False,355909.6048239374,False,False,False,False
2024-11-06 00:00:00+00:00,3.98,4.035,3.865,4.0,446802,,,,,,,,,,3.806612249394915,3.8123898044640563,3.7867886445816503,3.711136463945342,3.6507114235206197,3.8582490878976476,4.606332257660006,4.625368251233191,4.986037084366018,5.493738415866183,5.817246010891533,5.867574078080549,6.54918495746055,6.878702088410246,7.300629628345193,7.664952640942011,8.10820988879731,8.731089521856441,9.769115592041132,9.92029315622709,10.188359137112338,10.613492829599002,11.050188382484581,,,,,,,,3.841608062101053,3.8324048172571246,3.757214233563206,3.7479021053855788,3.610065503529375,3.9875252370092524,4.126700174034721,4.552249968661859,4.768229129267313,5.305957577890848,5.563067729407756,5.837229774679392,6.051654591292415,6.733978700214856,6.974341319626486,7.403595994963153,7.708713483575085,8.023411605712447,8.611668651361315,8.844849713008719,9.296417766202696,9.67897630112454,9.869784296312101,10.086288417466251,10.335851071354378,10.653951497562336,11.107694502175324,,,3.6507114235206197,4.986037084366018,8.10820988879731,9.769115592041132,4.193361024581499,#000000,0.8790029568781945,4.193361024581499,-0.24273072452367747,58.134541305037715,3.617861008063457,True,False,True,False,True,0.0,0.0,0.0,0.0,0.0,1,1.0080917611159548,0.957688535309503,False,False,False,False,0.3428280860841655,0.32389055878515804,False,False,False,False,-12280596,-11614913.706764873,False,False,False,False,359474.01247790066,False,False,False,False
2024-11-07 00:00:00+00:00,3.97,4.075,3.95,4.02,372456,,,,,,,,,,3.822007204669043,3.825355203870513,3.795878837057523,3.7169969473107707,3.6541757891819175,3.8595396221023255,4.602228909316241,4.621156717647273,4.979934143395934,5.485494530200858,5.808777786890596,5.85935953770165,6.540241007586247,6.868989475558114,7.289953953272959,7.653426252815248,8.095688403003676,8.717396619673162,9.753529011494937,9.904427284426434,10.172063506650769,10.596641863778077,11.032747237427683,,,,,,,,3.865871317452466,3.8560983855170656,3.7659290189352235,3.7566528021781442,3.6155018306184523,3.987618743642547,4.125673258631187,4.548460352537706,4.763251613336042,5.2983454017406695,5.554628885226196,5.82893503256325,6.0433497628160895,6.724599822451583,6.964413195408293,7.392676239588959,7.697086381260809,8.011079588359944,8.598182242276884,8.83097230060607,9.281740065221651,9.663565531416806,9.8540088514931,10.0701476142607,10.319362897735177,10.637047627993406,11.090170828169049,,,3.6541757891819175,4.979934143395934,8.095688403003676,9.753529011494937,4.197308531467096,#000000,0.8337122453883733,4.197308531467096,-0.27264626701171574,59.75412370316113,5.126087981641518,True,False,True,False,True,0.0,0.0,0.0,0.0,0.0,1,1.0409412026478277,0.9477665906436002,False,False,False,False,0.3428281070208804,0.3333593329030192,False,False,False,False,-12653052,-11655625.012381937,False,False,False,False,359983.11002778687,False,False,False,False
2024-11-08 00:00:00+00:00,3.76,4.6,3.72,4.34,1295987,,,,,,,,,4.026666666666666,3.866702107677403,3.864661299342592,3.825897638016974,3.737526868398023,3.666659769507845,3.8647306034913393,4.589022865525424,4.607580281918631,4.959870280635285,5.458037662529848,5.780368398208441,5.83175739883306,6.509944322683507,6.836026903796354,7.253654316169885,7.614184610872033,8.053004612280983,8.670644939505426,9.700208282874591,9.850138993392608,10.116281491116307,10.538919856482536,10.972967926822252,,,,,,,,3.922164938191164,3.9127160361495616,3.7950568242779323,3.7859235430185665,3.634602852488585,3.9887598756965166,4.122991944144615,4.536327641279255,4.747045921411965,5.273097817494002,5.526483561365525,5.801084899299046,6.01536203152583,6.692794650928016,6.930703034071674,7.355532615956307,7.657496459189821,7.969051035974878,8.552148969975326,8.78357763069975,9.231566243114965,9.610853176150572,9.800034051644918,10.014904467160662,10.262907958430777,10.579140939528587,11.03010443810097,,,3.666659769507845,4.959870280635285,8.053004612280983,9.700208282874591,4.136400288766618,#000000,0.7779101131535466,4.136400288766618,-0.4838609016673406,55.450284908415426,5.126087981641518,True,False,True,False,False,0.0,0.0,0.0,0.0,0.0,1,1.0132473860521773,0.8698609278245863,False,False,False,False,0.3428281404680905,0.33809373668555487,False,False,False,False,-13949039,-11745562.81581794,False,False,False,False,396689.144928658,False,False,False,False
2024-11-11 00:00:00+00:00,4.44,4.5,3.725,3.73,875421,,,,,,,,,4.1052825209879185,3.9123339810283895,3.90625990001588,3.8578619309215805,3.758278387728288,3.6789463167818726,3.87206546586586,4.583416198939632,4.60171756059964,4.94952216543129,5.442516455612099,5.763762786893174,5.81554214504046,6.491464117240325,6.815706114182382,7.231042279202413,7.589569360714423,8.026047505865268,8.640892723054863,9.665967964178044,9.815241036026706,10.080359424977587,10.501650445199678,10.934279268065083,,,,,,,,3.979446229363647,3.969300905736611,3.824990268890258,3.8156541252319185,3.6524645790194747,3.9932685289869365,4.124764634345952,4.531461888129016,4.73935236361248,5.259183753575807,5.51044781696024,5.784768980359886,5.998703269425391,6.673272239021058,6.909866552660927,7.332345834993562,7.632644301244814,7.942539115418209,8.5228926150046,8.75337967190249,9.199462784764052,9.577025120297128,9.765349569413283,9.979353159208408,10.226517817360781,10.541743581729659,10.991218946968234,,,3.6789463167818726,4.94952216543129,8.026047505865268,9.665967964178044,4.155778585259624,#000000,0.7219199127069315,4.155778585259624,0.3937021402757157,61.03880668798933,5.561239297642281,True,False,True,False,True,0.0,0.0,0.0,0.0,0.0,1,1.0022781183212381,0.8960050729232721,False,False,False,False,0.2896027432921734,0.31384823998886413,False,False,False,False,-13073618,-11797643.41127606,False,True,False,False,415462.94316674984,False,True,False,False
2024-11-12 00:00:00+00:00,3.9,4.43,3.875,4.36,622140,,,,,,,,,4.0970537138912,3.925392964374839,3.9186545794641594,3.8692867464409724,3.7674439096656256,3.684977530002447,3.8748905105759484,4.577889313973272,4.596020422036889,4.940830157632822,5.43036481295052,5.75102285794561,5.80312584770589,6.477636077636051,6.800613255518108,7.214368005426844,7.571505327424887,8.00635630412433,8.61926402261067,9.641215192599057,9.790029146102242,10.054434286945348,10.474789993846821,10.906430715212407,,,,,,,,3.9900821598275793,3.9807065371121544,3.8365482624940457,3.8273396878608725,3.661266451233433,3.994287209924137,4.124053243128305,4.526427655704138,4.732440996584128,5.248088525955489,5.497961515406294,5.772259584097407,5.986045747615579,6.658728521792615,6.894418775358644,7.315273008445536,7.614415737478244,7.923157557088523,8.501607319424807,8.731442656251199,9.176201502933516,9.552560390892955,9.740286635224766,9.953685995317738,10.200268002745874,10.514794198947131,10.963233049770022,,,3.684977530002447,4.940830157632822,8.00635630412433,9.641215192599057,4.158684028894124,#000000,0.6467381218086853,4.158684028894124,-0.3999826516653772,57.68103738351161,5.561239297642281,True,False,True,False,False,0.0,0.0,0.0,0.0,0.0,1,1.0240202558874274,0.9030226982455354,False,False,False,False,0.33430592045780133,0.3240770802233327,False,False,False,False,-13695758,-11872079.277500529,False,False,False,False,423567.92578766163,False,False,False,False
2024-11-13 00:00:00+00:00,3.76,3.93,3.71,3.93,372588,,,,,,,,,4.062096703468623,3.9194066984969513,3.9134582087259333,3.8671052556937218,3.7680102405563067,3.6860346801335426,3.87425045749237,4.572922475948929,4.5909608667158315,4.934130465009868,5.421776219485965,5.742282275617083,5.794636938495247,6.468516088441816,6.7907736384661925,7.203621439924769,7.5599537092618885,7.993859974851134,8.605650703953254,9.625787015050086,9.774332700378553,10.038323792418563,10.458141608747185,10.889210409478048,,,,,,,,3.977371685326148,3.9690467788983392,3.835537405017917,3.8266028878190426,3.663002935163887,3.9927209226229197,4.121625073218148,4.521729290480985,4.726724623562684,5.240053296074001,5.489202475030836,5.763688767164732,5.977494961634825,6.649201836167787,6.8843767475128015,7.304295719363741,7.6027686454295935,7.910841336432861,8.488191382330665,8.71765272030355,9.161644919322839,9.537300890742381,9.724677103266133,9.937724865762616,10.183971095416027,10.498094536092072,10.945932824966944,,,3.6860346801335426,4.934130465009868,7.993859974851134,9.625787015050086,4.153139547521308,"rgba(239, 83, 80, 0.5)",0.55128933232048,4.153139547521308,-0.7131274350376235,54.12724297237809,10.589007155519589,True,False,True,False,False,0.0,0.0,0.0,0.0,0.0,1,1.013944937673751,0.9584566406600303,False,False,False,False,-0.015231995557973194,0.15442254233267977,False,False,False,False,-14068346,-11958207.384265214,False,False,False,False,421568.71301167493,False,False,False,False
2024-11-14 00:00:00+00:00,3.87,3.92,3.72,3.79,461147,,,,,,,,,4.033437129572373,3.914790576010187,3.909509863266283,3.8659635981095604,3.7694572737806347,3.687728898341932,3.873857060975822,4.567149724436689,4.585073293946931,4.926211118195495,5.411508248094608,5.731774219172849,5.784420763941299,6.457467993516445,6.778832496967494,7.190556162508592,7.545892524902228,7.9786302099546,8.58903556567049,9.606923739524435,9.755137510000994,10.018615148477197,10.437763628205456,10.868121939369619,,,,,,,,3.966616757109196,3.9592568006883875,3.835574782520193,3.826927734153508,3.6656522436876835,3.9911792168450484,4.119006615552087,4.516288869754821,4.720021994917193,5.230480944807598,5.478718497746039,5.753379549011301,5.967180615620658,6.637648968247093,6.872184447540982,7.29094502365269,7.588589374867293,7.895834296395206,8.471821354564868,8.70081800159465,9.143859695735028,9.518646146190356,9.705589499835648,9.918201619946464,10.164030397189038,10.477652785107287,10.924745227548769,,,3.687728898341932,4.926211118195495,7.9786302099546,9.606923739524435,4.148209224833581,"rgba(239, 83, 80, 0.5)",0.4218625368558316,4.148209224833581,-0.6594783857962162,52.86565168549264,9.586440892895197,True,False,False,False,False,0.0,0.0,0.0,0.0,0.0,1,1.0027018647295918,0.9573016786995613,False,False,False,False,-0.015231995557973194,0.06959527338735329,False,False,False,False,-13607199,-12022873.722137168,False,False,False,False,423120.8026974916,False,False,False,False
2024-11-15 00:00:00+00:00,3.62,3.86,3.62,3.86,331061,,,,,,,,,4.005549702518697,3.906518962938406,3.902051683226113,3.8616119530734103,3.7684219847491294,3.6878271888681065,3.872560360702393,4.562295955330698,4.580141367532064,4.9198915266569525,5.403585825230984,5.723762691894304,5.776641966327221,6.449182876928041,6.769923765818027,7.180859183796567,7.535493675486437,7.967406778533895,8.57683766687072,9.593138325938318,9.741117040996278,10.004232137116743,10.422910007286138,10.852767215453676,,,,,,,,3.9527474929713313,3.946186320804041,3.8324280182360586,3.8240530316765446,3.666024343880904,3.9891285950761217,4.116260631209805,4.511661377203482,4.714537161203058,5.223023047433788,5.47065399616815,5.745523356590741,5.959365866171052,6.629011597279518,6.863100103801767,7.281046967424559,7.5781072274860755,7.884768174850439,8.459795636316008,8.688466096185232,9.130837717914297,9.505008556190159,9.691645172997887,9.903949360035483,10.149484361070519,10.462754269303467,10.90932041476788,,,3.6878271888681065,4.9198915266569525,7.967406778533895,9.593138325938318,4.142146035264554,"rgba(255, 0, 0, 1.0)",0.2661658360020968,4.142146035264554,-1.9617319905039983,49.75007824048113,6.72368846827699,False,False,False,False,False,0.0,0.0,0.0,0.0,0.0,1,0.9889399503067348,0.9751973438290198,False,False,False,False,-0.09676244225611706,-0.013583584434381887,False,False,False,False,-13938260,-12097986.90950434,False,False,False,False,419510.6143564135,False,False,False,False
2024-11-18 00:00:00+00:00,3.53,3.72,3.495,3.64,635807,,,,,,,,,3.946886458455545,3.884147704010124,3.8815496251779114,3.848190664261573,3.7632246985999904,3.6862188465808097,3.8684524390393236,4.551866455511538,4.569569086878158,4.906775790067146,5.387531885106941,5.707662922764837,5.761022274382221,6.43273111330923,6.752304261828267,7.161758309855511,7.51506812814712,7.945423184424159,8.553017023726403,9.56631489377774,9.713847941375985,9.9762771499685,10.39406743189898,10.822977175860176,,,,,,,,3.919042289067165,3.9140080243907933,3.8217270500323197,3.813949554270089,3.664305009279435,3.98369114886841,4.109615760913379,4.501645317943997,4.702957668106257,5.207804850277824,5.45434784598417,5.729739642924378,5.943729434355682,6.611900608183938,6.845151362818174,7.261566720113234,7.55752434055629,7.863082059868923,8.436299281062935,8.664355734073784,9.105461618969594,9.478465600325665,9.664520371782405,9.87624152334063,10.121222108055072,10.433826930374954,10.87939759657411,,,3.6862188465808097,4.906775790067146,7.945423184424159,9.56631489377774,4.12728142208659,"rgba(255, 26, 202, 1.0)",0.25982405689809496,4.12728142208659,-2.298791840975866,46.93406974561029,4.124206105813059,False,True,False,True,False,0.0,0.0,0.0,0.0,0.0,1,0.9708957022945932,0.9960989721449078,False,False,False,False,-0.2352455944287132,-0.12441458943154754,False,False,False,False,-14574067,-12195088.089523777,False,False,False,False,427992.8255581228,False,False,False,False
2024-11-19 00:00:00+00:00,3.49,3.5,3.39,3.45,261150,,,,,,,,,3.9206985045829295,3.8724803474563396,3.8707534189032495,3.8406941056587725,3.7597978346114185,3.68481985588919,3.8660969434668218,4.547117481147659,4.564764389816524,4.900975031724047,5.380580844042904,5.700745600795522,5.754316316125227,6.425742279507156,6.7448480137661715,7.153706837434891,7.50648198004866,7.936207433397696,8.543060834194973,9.555144145932275,9.702496477561066,9.964648232263517,10.382080711309605,10.810607483813987,,,,,,,3.46,3.9025326167048444,3.8981224708807534,3.8154959904565064,3.807991613361378,3.6626088798442926,3.9808363602429866,4.106316078500006,4.4970577335519035,4.697761168946683,5.201174030493634,5.447301711551122,5.722959759046073,5.937038631266425,6.604648065842522,6.837563165837902,7.253362174741306,7.548874632481936,7.853986621811132,8.426473658366369,8.654283048701068,9.094877713124736,9.467408674734019,9.653227389868407,9.864712485301219,10.109469414601518,10.421806001173394,10.866974121104743,,,3.68481985588919,4.900975031724047,7.936207433397696,9.555144145932275,4.032846041287315,"rgba(255, 26, 202, 1.0)",0.2577562924716872,4.032846041287315,-2.1060437985115064,44.72219623271623,2.0472947453815706,False,True,False,True,False,0.0,0.0,0.0,0.0,0.0,1,0.9686697821365102,0.9993856820026767,False,False,False,False,-0.34282825441539394,-0.23362142192347074,False,False,False,False,-14835217,-12298622.556601277,False,False,False,False,421449.96965388267,False,False,False,False
2024-11-20 00:00:00+00:00,3.49,3.535,3.445,3.49,209172,,,,,,,,,3.9029098684107906,3.864234919952418,3.8630999007180895,3.835352243781321,3.75737752617705,3.683859600235735,3.8643677136936985,4.543447559926765,4.561049595587952,4.8964583039013245,5.375135761917985,5.695309470341185,5.749043069871517,6.420224510698298,6.738954456250803,7.14733528085685,7.4996817494096675,7.928902497081296,8.535161207038186,9.546270097256759,9.693477583457163,9.955406590919942,10.372551097864827,10.8007700442833,,,,,,,3.473342263385511,3.890981509273006,3.8869964725707358,3.8110661412370472,3.8037613463515734,3.6614686869843522,3.9787025448523403,4.103818786740346,4.493517737543107,4.693730313353996,5.195990038833644,5.441778469730523,5.717630058595063,5.931770067399995,6.5989182511048305,6.831563545800398,7.246867889703817,7.54202345248907,7.846778106893987,8.41867898997871,8.646289693314067,9.086473936256143,9.458625804313693,9.644255386025586,9.855551084254092,10.100128123846753,10.412248868789568,10.85709350189227,,,3.683859600235735,4.8964583039013245,7.928902497081296,9.546270097256759,4.028477151733858,"rgba(255, 26, 202, 1.0)",0.24902715218418534,4.028477151733858,-2.162323051968203,43.24761389078685,0.5858430235823846,False,True,False,True,False,0.0,0.0,0.0,0.0,0.0,0,0.9656256225237386,1.0065738506828392,False,False,False,False,-0.29688735971023594,-0.2652543908168533,False,False,False,False,-14835217,-12398096.848499266,False,False,False,False,413125.34339294606,False,False,False,False
2024-11-21 00:00:00+00:00,3.59,3.6,3.48,3.52,217364,,,,,,,,,3.8886608850923143,3.857495726740414,3.856830023320171,3.8310097198139395,3.755523749612445,3.6832114406652177,3.862904540050899,4.53990045243993,4.557455018480223,4.89201625191774,5.369709493005289,5.689858609384541,5.7437502099765725,6.414642531702902,6.732977859891363,7.140857890512352,7.492756635759791,7.921450485504002,8.527086454799775,9.537177184865097,9.684233597768404,9.94592965890232,10.362771800511416,10.790668270852416,,,,,,,3.499679466112926,3.881528965159391,3.8778963300607017,3.80751846009142,3.800392067345573,3.660754194041878,3.9768045456591246,4.101524577020711,4.490108011355389,4.689800414074376,5.190845413639443,5.436266766694729,5.712283460600204,5.926467973356133,6.5931135300738575,6.825475630869691,7.2402623037354275,7.535045148154552,7.8394267044022286,8.41071429915424,8.638116518325587,9.077871404356872,9.449627903970132,9.635060334818707,9.84615815836332,10.090546504311147,10.402440702268857,10.846946583329835,,,3.6832114406652177,4.89201625191774,7.921450485504002,9.537177184865097,4.025550741952739,"rgba(255, 0, 0, 1.0)",0.23589011031958484,4.025550741952739,-1.8464137447841857,43.62718377316158,0.5858430235823846,False,True,False,True,False,0.0,0.0,0.0,0.0,0.0,0,0.9693974993892824,0.9971573874614137,False,False,False,False,-0.2472243102720021,-0.2562393505444277,False,False,False,False,-14617853,-12485146.109342432,False,False,False,False,405448.4279657717,False,False,False,False
2024-11-22 00:00:00+00:00,3.74,3.835,3.58,3.61,235029,,,,,,,,,3.8814046069513624,3.8542750076224968,3.853832290167356,3.8291427460315037,3.755156013946663,3.683403902357469,3.8621650109363452,4.5367195834918475,4.5542203491109,4.887823715307387,5.364398493681498,5.684440249896426,5.738476802529837,6.4089713788653055,6.726868392016973,7.134195058537025,7.485602470800952,7.913718773941867,8.51866791993884,9.527641252332025,9.674532529272001,9.935972563668791,10.352479692924085,10.780020583289636,,,,,,,3.5553738026729094,3.8766877209475155,3.8732808292803114,3.8061936459677135,3.799199793953662,3.661175538791699,3.975553751267036,4.099795119488062,4.487082717511176,4.686183496532121,5.1858656284181,5.430852769305566,5.706963383155774,5.921150843579465,6.58719478496973,6.819242677887071,7.233458747787854,7.527832671239627,7.831805142380682,8.402417484456798,8.629588825596173,9.068871299238365,9.440195634104015,9.625412819017201,9.83629359779426,10.08047328181488,10.392116668264048,10.836249321767314,,,3.683403902357469,4.887823715307387,7.913718773941867,9.527641252332025,4.025933482116777,"rgba(239, 83, 80, 1.0)",0.22333564608734374,4.025933482116777,-1.2802859155092141,45.76201291595399,0.5858430235823846,False,True,False,True,False,0.0,0.0,0.0,0.0,0.0,0,0.978648152999738,0.968277879661165,False,False,False,False,-0.08791816760123228,-0.17207875907283,False,False,False,False,-14382824,-12559564.850152534,False,False,False,False,398765.3131435846,False,False,False,False
2024-11-25 00:00:00+00:00,3.86,3.92,3.75,3.79,270190,,,,,,,,,3.879627109477888,3.853991438600288,3.853577388140506,3.829407998104062,3.75614707536664,3.6844050895642564,3.8620549168810188,4.533647047020791,4.551083937745632,4.883552036831105,5.358795461179326,5.678641660995601,5.732821330488265,6.402782727409458,6.720166001995342,7.12684655552789,7.477683241801268,7.905129230826225,8.509277362427166,9.516952316933546,9.663652296513664,9.924794464426302,10.340909376850268,10.768035490633787,,,,,,,3.6205959164113377,3.875587739574715,3.872317026474644,3.8068172296830607,3.799924853106061,3.6626951406503743,3.9748222573220042,4.09847133498107,4.484194771983035,4.682591351713408,5.1806663970249796,5.425122064920796,5.701264613175073,5.915414880182957,6.580715780355311,6.812395685507452,7.225946748242821,7.519845758796654,7.823343327599443,8.393169189471086,8.620070408418684,9.058802876221863,9.429626606362394,9.614594680765526,9.825223342309492,10.069159106280932,10.380509026814186,10.824206586679196,,,3.6844050895642564,4.883552036831105,7.905129230826225,9.516952316933546,4.028275582981595,"rgba(239, 83, 80, 0.5)",0.2096546280564823,4.028275582981595,-0.8026323317616479,48.55109276932936,0.5858430235823846,False,True,False,False,True,0.0,0.0,0.0,0.0,0.0,0,0.9918277338176156,0.9615600812902667,False,False,False,False,0.030008954468127545,-0.07103490230235122,False,False,False,False,-14112634,-12620469.522695571,False,False,False,False,393723.1440006989,False,False,False,False
2024-11-26 00:00:00+00:00,3.74,3.84,3.71,3.84,231263,,,,,,,,,3.875158345433889,3.852024050440881,3.851740214970128,3.828367510407743,3.7562155493144873,3.684825753588648,3.861563380018461,4.5307364487760555,4.5481203272939155,4.879644381790364,5.353780915788493,5.673492342964921,5.72780357949332,6.397344527890988,6.714295098700715,7.120430176727349,7.470783654854516,7.897661711074311,8.501132341639078,9.50770668927175,9.654244245845158,9.915133919345893,10.330917117633868,10.75769183498069,,,,,,,3.6437742796729977,3.872506088152049,3.8693954003324804,3.8062011669449185,3.7994174447903415,3.6634086370359387,3.9738255100561566,4.096997188370136,4.481437393154932,4.679250198421003,5.17598380837296,5.420003339327304,5.696205650522612,5.910341824663315,6.575033116826724,6.8064028975465165,7.219391973454083,7.512888837163907,7.815984086167024,8.385144409415306,8.61181741088834,9.050084087253033,9.420482843462233,9.605239333388216,9.815654154672222,10.05938352729821,10.370485177391465,10.81381402923069,,,3.684825753588648,4.879644381790364,7.897661711074311,9.50770668927175,4.027730463448276,"rgba(255, 0, 0, 1.0)",0.18497460259733187,4.027730463448276,-1.555513348362919,48.9175870645299,0.5858430235823846,False,True,False,False,True,0.0,0.0,0.0,0.0,0.0,0,0.979947708463882,0.9794075066444824,False,False,False,False,-0.025390112559799997,-0.04821250743107561,False,False,False,False,-14343897,-12688054.91396241,False,False,False,False,387352.1579614559,False,False,False,False
2024-11-27 00:00:00+00:00,3.84,3.97,3.76,3.79,402350,,,,,,,,,3.8739995679058783,3.8521929579544962,3.8519087335074853,3.829122142220955,3.7578536276681973,3.6864045236378633,3.8615213266634543,4.5263342287327255,4.543623978701759,4.873473464998719,5.345638945186603,5.665033801655459,5.719546272976278,6.388269765416761,6.704457612541837,7.1096338903986105,7.459141347356414,7.885025592397675,8.487305964825653,9.491952028209212,9.638205682293325,9.89865246737585,10.313850838749257,10.740007793535408,,,,,,,3.690670752583148,3.871784058813504,3.8688281839909413,3.807415153613174,3.800766070464469,3.6657633623073873,3.9728726616550554,4.095171978081567,4.477307084120236,4.674081285381679,5.168443797094978,5.41167007353475,5.687888741208092,5.901953735952074,6.565527273637267,6.7963506978018,7.208353347144015,7.50114619984077,7.803537315369406,8.3715296500597,8.597800664919287,9.035250010824942,9.404906018265066,9.589292960930795,9.799333174836981,10.042699128308996,10.353363263679116,10.796044235498602,,,3.6864045236378633,4.873473464998719,7.885025592397675,9.491952028209212,4.029054757150134,"rgba(239, 83, 80, 1.0)",0.17560705521212377,4.029054757150134,-1.076578369369991,50.345101253840426,0.5858430235823846,False,False,False,False,True,0.0,0.0,0.0,0.0,0.0,0,0.9865608080635151,0.9598108241135053,False,False,False,False,0.057756389157151915,0.004771940863038154,False,False,False,False,-13941547,-12737211.466356043,False,False,False,False,387940.3086296341,False,False,False,False
2024-11-29 00:00:00+00:00,3.88,3.91,3.84,3.85,68561,,,,,,,,,3.874027746743451,3.8523437488064602,3.8520522087165325,3.829337205528322,3.7581828672258606,3.686701921918445,3.8615434582751655,4.525612044222459,4.54288575649689,4.87244988578366,5.344278882137363,5.663616156199326,5.718161506682938,6.386742039086996,6.702799766772267,7.107812573912143,7.457175929947089,7.882890907535259,8.484968276196621,9.4892856645535,9.635490957145027,9.895862209809867,10.310960668797293,10.737012171345476,,,,,,,3.697399794414903,3.8718216927897804,3.8688872562199155,3.807697866203414,3.80106952967315,3.6662003391859463,3.972739517364151,4.094889569788533,4.476631218113812,4.673228358564529,5.167187012687541,5.410277074218583,5.686494418336803,5.900545132227912,6.563926000706487,6.7946562242353,7.2064907537108125,7.499163695049798,7.801434875796556,8.369228076329584,8.595430468758424,9.03274043950678,9.402269935685824,9.586593944099747,9.79657029797491,10.039874192791112,10.3504635917802,10.793033986836818,,,3.686701921918445,4.87244988578366,7.882890907535259,9.4892856645535,4.029285099301769,"rgba(239, 83, 80, 0.5)",0.1634252728994341,4.029285099301769,-0.9134762124193234,51.76611844380103,-4.594553500027743,False,False,False,False,True,0.0,0.0,0.0,0.0,0.0,0,0.9983163893025967,0.9637807852532971,False,False,False,False,0.06702319992193383,0.03589757039248599,False,False,False,False,-13872986,-12781751.644146001,False,False,False,False,375415.6298598446,False,False,False,False
2024-12-02 00:00:00+00:00,3.78,3.89,3.705,3.89,205439,,,,,,,,,3.8715003360634164,3.851243829625153,3.851021527129622,3.8288334423182397,3.7584586055764935,3.687191256493663,3.861238826466121,4.52317545519846,4.540402489440528,4.869134603053058,5.339983409068265,5.659180269214974,5.713833615087521,6.382020762563222,6.697694688882753,7.102224128712702,7.451160060740608,7.876372616997261,8.477848760923168,9.48119043413978,9.627251899819012,9.88739897864349,10.302201762502776,10.727940580834632,,,,,,,3.7066194687850014,3.8700122350433754,3.867181989993139,3.8075041315557825,3.800958215871866,3.666974480175598,3.97199172291193,4.093719788888964,4.474329468712686,4.6704119456306,5.1631886543288354,5.405887622367298,5.682133615148309,5.896159265869082,6.558987872131961,6.789443029791238,7.200779899278205,7.493097114951906,7.79501235131807,8.362215420431655,8.588214867503673,9.025111529486129,9.39426482398839,9.57840158245585,9.788188264297114,10.0313083887542,10.341676543536694,10.783918955177459,,,3.687191256493663,4.869134603053058,7.876372616997261,9.48119043413978,4.028595190946684,"rgba(255, 0, 0, 1.0)",0.1591080996989825,4.028595190946684,-1.5624295143804947,51.32251409208183,-4.594553500027743,False,False,False,False,True,0.0,0.0,0.0,0.0,0.0,1,0.9918847549324803,0.956461066145688,False,False,False,False,-0.004615462897066102,0.015641053747709945,False,False,False,False,-14078425,-12832601.579669688,False,False,False,False,368749.87966926245,False,False,False,False
2024-12-03 00:00:00+00:00,3.93,3.95,3.73,3.78,252777,,,,,,,,,3.8714457475931923,3.851653047584203,3.8514119013940173,3.829499843833277,3.7595774631980334,3.688233886055198,3.8612855715415737,4.520518203698525,4.537686774085037,4.865377746883457,5.334996410709427,5.653978744274872,5.708751012984868,6.37641007285134,6.691606453802169,7.095535857082825,7.443942900686825,7.868534064101662,8.469264261257754,9.471398084505063,9.617281845291414,9.877151170407995,10.291586119934232,10.716936834577268,,,,,,,3.7241688370277983,3.870011904385159,3.86725653409858,3.808419797481226,3.801949447663038,3.6685042057447763,3.9714760821349806,4.092662861933623,4.4718410331475615,4.667277880636799,5.158579930092364,5.400779805146557,5.677016636984067,5.890987698637319,6.5531072775533294,6.78322034076218,7.193940143239288,7.485817234329148,7.787292176620553,8.353763688218876,8.579510818211366,9.015895203656582,9.384583712259275,9.568489257704732,9.778041173757344,10.020932905313181,10.331025921506434,10.772861399506017,,,3.688233886055198,4.865377746883457,7.868534064101662,9.471398084505063,4.0290129385060025,"rgba(239, 83, 80, 0.5)",0.15832376453598979,4.0290129385060025,-0.6253826694696547,52.876640449401165,-2.9608201875517537,True,False,True,False,True,0.0,0.0,0.0,0.0,0.0,1,1.0068541263117563,0.938738585325358,False,False,False,False,0.03462916917869891,0.025135111463204428,False,False,False,False,-13825648,-12871544.576545388,False,False,False,False,364201.9236038012,False,False,False,False
2024-12-04 00:00:00+00:00,3.95,4.03,3.89,3.92,203979,,,,,,,,,3.873876490815933,3.853469919974369,3.8531304433439195,3.8311395904333883,3.7611599797978346,3.689463651619942,3.8616944723395736,4.5186732218893395,4.53579368800662,4.862628849417791,5.331233356189581,5.650006201920679,5.704862331918665,6.37205667663238,6.686862934536612,7.090303360157619,7.438280883874888,7.862367667543148,8.462490359881969,9.463642884415643,9.609382567919402,9.869026029368454,10.28316058223087,10.708195115332794,,,,,,,3.742713848157582,3.8718613634354218,3.8691252035267625,3.8101520634049537,3.803721380338331,3.6702456743237257,3.971415909372346,4.092146370983306,4.47013489533945,4.665039652603281,5.155133315731816,5.396914701877403,5.6731055309560725,5.887011835088982,6.548533311348124,6.77836704349801,7.1885846077083855,7.480104306009348,7.781221809871049,8.347098072792152,8.57263926755452,9.00860691000223,9.376918607068014,9.560636816006436,9.769998031668473,10.012703436548188,10.322571843746168,10.76407593729644,,,3.689463651619942,4.862628849417791,7.862367667543148,9.463642884415643,4.030379333456194,"rgba(239, 83, 80, 0.5)",0.15718205432119284,4.030379333456194,-0.5113772930588071,54.14976721190077,-1.466642995936624,True,False,True,False,True,0.0,0.0,0.0,0.0,0.0,1,1.023946728134204,0.9327058522217953,False,False,False,False,0.146422053599173,0.08577858253118872,False,False,False,False,-13621669,-12900961.22060243,False,False,False,False,357918.6716977698,False,False,False,False
2024-12-05 00:00:00+00:00,3.99,4.085,3.86,3.96,295415,,,,,,,,,3.8780202777285395,3.8565221211097427,3.856022653428134,3.833837975336937,3.7636564012454867,3.6913676380370255,3.862414182987108,4.516124700801238,4.533175530515885,4.8587715912436495,5.325905084449574,5.644358970312095,5.699330429146334,6.3658358256347,6.680076462871093,7.082808370780999,7.430164148430089,7.85352084872657,8.452762954211263,9.452493952523941,9.598025053177881,9.857341135258158,10.271039509203955,10.695615323140354,,,,,,,3.7671138196277263,3.875053738394432,3.872333668616307,3.81295082364117,3.8065703332317655,3.6729187734297803,3.9714563767814104,4.0915237942713505,4.467787323885149,4.661921381857901,5.150266225542337,5.391437218626303,5.66754375331347,5.881346939685769,6.541992645626487,6.771421417839298,7.180911516833981,7.471913881096238,7.772513972241841,8.337527729276541,8.562770144229017,8.99813381349776,9.365900051560812,9.54934712369098,9.758432048877316,10.000867030234984,10.310409342267027,10.751432732878127,,,3.6913676380370255,4.8587715912436495,7.85352084872657,9.452493952523941,4.032477155308537,#000000,0.15518161403904937,4.032477155308537,-0.27372543823295825,55.4939758331853,0.07506687734434792,True,False,True,False,True,0.0,0.0,0.0,0.0,0.0,0,1.0199666870480084,0.9261422336545151,False,False,False,False,0.1582304486804749,0.12200451560583181,False,False,False,False,-13326254,-12917639.3688141,False,False,False,False,355467.5473174651,False,False,False,False
2024-12-06 00:00:00+00:00,3.96,4.08,3.88,4.08,217992,,,,,,,,,3.8807310329828493,3.8585918170318605,3.8579888205696227,3.8356998340184187,3.7654200078030287,3.6927324065576905,3.8629169377992683,4.5142421216146715,4.531241991702134,4.855930717494484,5.321985602564725,5.640203749025892,5.6952592226610825,6.361256471810681,6.675081143328068,7.077291922543538,7.424190400959978,7.84701003221071,8.445603955181019,9.444288485798563,9.589666043566167,9.848741016796728,10.262117912091085,10.686355697499604,,,,,,,3.781753635431359,3.877181122419427,3.87447683352834,3.8148964187085608,3.8085542407266626,3.674829937828178,3.9714644445322977,4.091048632186845,4.4660517793986,4.659621754531469,5.146685236143297,5.387408126478952,5.663450890227389,5.877177300472959,6.53717810585809,6.766309036003209,7.175264081561872,7.465885930799369,7.766105396980841,8.330484375611597,8.55550677367802,8.99042577959367,9.357790541059096,9.541038045049849,9.749919523862225,9.992155239644948,10.30145721208351,10.742126390481289,,,3.6927324065576905,4.855930717494484,7.84701003221071,9.444288485798563,4.033768724343289,#000000,0.15571711473775202,4.033768724343289,-0.47373549444147434,55.856046507700086,0.69464389164267,True,False,True,False,True,0.0,0.0,0.0,0.0,0.0,0,1.018833063889647,0.9416741900942703,False,False,False,False,0.16533634235883468,0.14367042898233323,False,False,False,False,-13544246,-12942212.177880215,False,False,False,False,350076.3493834469,False,False,False,False
2024-12-09 00:00:00+00:00,3.93,4.095,3.92,3.94,378848,,,,,,,,3.981666666666667,3.885484984277511,3.8622684008800574,3.8614893194120565,3.8390089103896035,3.768535470225476,3.6951425800313427,3.8638450471177577,4.5110512009007,4.527963002432807,4.851082904695625,5.31526946951218,5.6330672056603355,5.688263405933845,6.353367214903977,6.666470151494585,7.067776932134227,7.413882558421591,7.835770955186138,8.433239712144767,9.430108167082013,9.575219356135266,9.833875655693289,10.246693536438606,10.67034385234616,,,,,,,3.8037092856251777,3.8809692559746827,3.8782891267277937,3.818339741059211,3.812060846257834,3.6781852552166425,3.9715400904228506,4.090289695227734,4.463114914843809,4.6557096538994305,5.140557243861999,5.380501119158265,5.656419599450528,5.870005612199964,6.528880779603082,6.757494916481222,7.165521999574645,7.455484113519837,7.755043587420655,8.318320984912768,8.542961175790511,8.97710826677478,9.343776632714057,9.526677996407148,9.735206322426478,9.977095672533588,10.285979752132917,10.726033401489904,,,3.6951425800313427,4.851082904695625,7.835770955186138,9.430108167082013,3.9924331723794575,#000000,0.1549522449034794,3.9924331723794575,-0.4029187987456865,55.542925993136215,0.69464389164267,True,False,True,False,True,0.0,0.0,0.0,0.0,0.0,0,1.0173586180681673,0.9555898128985933,False,False,False,False,0.19153917470639364,0.16760480184436344,False,False,False,False,-13923094,-12980678.131688833,False,False,False,False,351204.6494076255,False,False,False,False
2024-12-10 00:00:00+00:00,3.97,4.05,3.85,3.9,167108,,,,,,,,3.9740145848139172,3.88693369158559,3.8634960838064063,3.8626629069561,3.8401737984317843,3.7697234663584855,3.6961013141233034,3.8641639461890085,4.509589925854266,4.5264634384631846,4.84890060595598,5.312273226443893,5.629891434137292,5.685150768840081,6.349867397644912,6.662654154587373,7.063564632978154,7.409322437526639,7.830802176898299,8.427777141183494,9.423848076975132,9.568842247546964,9.827314623750764,10.239886920104922,10.663279079658201,,,,,,,3.8107767358644695,3.8821607505641946,3.879499714518178,3.819588161040338,3.813341446358517,3.6795220506464603,3.971491604497536,4.089881989882635,4.46176408538692,4.653934887459022,5.137816788681939,5.377421932760537,5.653290764472706,5.866817782239465,6.5252022169154476,6.7535899051492905,7.16121008632202,7.450882758476377,7.750152612668059,8.312946566527085,8.537419010934066,8.971227173107104,9.337589648266945,9.520338948885634,9.72871213412459,9.970449330551693,10.279149811529173,10.718932965831339,,,3.6961013141233034,4.84890060595598,7.830802176898299,9.423848076975132,3.9927642291400156,#000000,0.15561351988177796,3.9927642291400156,-0.14628696245229691,55.955406126893095,1.3965070708276528,True,False,True,False,True,0.0,0.0,0.0,0.0,0.0,0,0.9909807392422135,0.9741223079192481,False,False,False,False,0.13700459746870672,0.1523046996565351,False,False,False,False,-13755986,-13011082.361818684,False,False,False,False,343985.17296026764,False,False,False,False
2024-12-11 00:00:00+00:00,4.01,4.01,3.9,3.99,143786,,,,,,,,3.9738725687769243,3.888420668526406,3.864711593192876,3.8638247551740617,3.841298587840707,3.7708237865232612,3.696973043090604,3.864485713861295,4.508376455952809,4.525217001093903,4.847066296487076,5.3097372708567185,5.627195618658049,5.682507219996998,6.3468851090772365,6.659399489669149,7.059968725610647,7.405427249916896,7.826555379330115,8.423105080110414,9.418489495925673,9.563382979984345,9.82169697285242,10.234057535572939,10.657227250677556,,,,,,,3.816992356533649,3.883379045061877,3.880730404722391,3.820772879942868,3.8145513432459506,3.6807306057914513,3.9714967559929684,4.089576812001651,4.460645698050186,4.652451338339437,5.1355020621704215,5.374814080531218,5.650634158283289,5.864107202493915,6.522065937987849,6.750258562022257,7.15752846673273,7.446952093998658,7.745972749921335,8.308350456598514,8.532678345371844,8.96619465853085,9.332293951495158,9.514912436149956,9.723152063692728,9.964758119165337,10.273300321805069,10.71285042415726,,,3.696973043090604,4.847066296487076,7.826555379330115,9.418489495925673,3.993466570685764,#000000,0.15800239478940004,3.993466570685764,0.10464037166191617,56.85700061005611,2.5623830946200314,True,False,True,False,True,0.0,0.0,0.0,0.0,0.0,0,1.007948038629177,0.9737629262456199,False,False,False,False,0.14171020436142767,0.14700745200898138,False,False,False,False,-13612200,-13034655.602531677,False,False,False,False,336134.2250010415,False,False,False,False
2024-12-12 00:00:00+00:00,3.94,4.05,3.86,3.97,750294,,,,,,,,3.9614343761776327,3.8934951630636854,3.86936779784266,3.8683003706861485,3.845887570342712,3.7757378217065423,3.7010576636776844,3.8657810022621963,4.501860167746111,4.518531825534161,4.837365652337746,5.296430296845681,5.613073179219575,5.668657717993589,6.331291984755919,6.642396800885634,7.041198938989435,7.385106874513191,7.80441259621539,8.398756784764961,9.390578697955041,9.534949572086422,9.792441128744398,10.203701436530704,10.62571519591871,,,,,,,3.8391162975494435,3.8877215534627005,3.885167492002197,3.825768179654729,3.819693340970124,3.686388785739212,3.971187511163605,4.087695416348861,4.454616417555367,4.644551318083716,5.123331740593824,5.361137651477945,5.636715873884314,5.849915010056414,6.505676012029393,6.7328589104817205,7.138314659170851,7.426447873856795,7.724176943339483,8.284396191035613,8.507974062545012,8.939975947443354,9.304709498609656,9.486649056726874,9.694195271685231,9.935120043369343,10.24283973971657,10.681178785844333,,,3.7010576636776844,4.837365652337746,7.80441259621539,9.390578697955041,3.995168003578474,#000000,0.15947549164326388,3.995168003578474,-0.34593405550917655,55.94739611580837,2.5623830946200314,True,False,True,False,True,0.0,0.0,0.0,0.0,0.0,0,1.0025736224791155,0.9540545101679182,False,False,False,False,0.14171020436142767,0.1443588281852045,False,False,False,False,-14362494,-13086727.696550043,False,False,False,False,352375.78480492224,False,False,False,False
2024-12-13 00:00:00+00:00,3.75,4.0,3.7301,3.9,254318,,,,,,,,3.9412111069666276,3.8916801321112042,3.8685925781911483,3.867580699379646,3.845616877794795,3.7762072106935283,3.701741412612308,3.8655813771986436,4.499199987323352,4.515817138427224,4.833674684914422,5.291571045899657,5.607989173199738,5.663680241526054,6.325781219380576,6.636420213650935,7.034636357886531,7.378027964682999,7.79672615680909,8.390336706055358,9.38096971413343,9.525165766561564,9.782382791719968,10.19327688398977,10.61490498231118,,,,,,,3.8384536186897544,3.8864024834815356,3.8839250191894172,3.82578023091097,3.819782355528516,3.687381091360968,3.970486390241636,4.086508375579534,4.45211343028817,4.641445474760319,5.118835459946874,5.356161441732763,5.631708618818916,5.844842991963467,6.499902071469971,6.726750985752357,7.131604274323535,7.4193076965697955,7.716606268008005,8.276107070069562,8.49943579562869,8.930932936253654,9.295209761666449,9.47692210189093,9.684236676186575,9.924934561305387,10.232380375643682,10.670315231097362,,,3.701741412612308,4.833674684914422,7.79672615680909,9.38096971413343,3.9932753495364643,"rgba(255, 0, 0, 1.0)",0.15870398532293706,3.9932753495364643,-1.532887463672939,51.95913938861639,6.088444360129181,False,False,False,False,False,0.0,0.0,0.0,0.0,0.0,0,0.9942550746840289,0.9569803430393241,False,False,False,False,0.05780269725187136,0.10108076271853794,False,False,False,False,-14616812,-13146731.00256769,False,False,False,False,348530.38147923903,False,False,False,False
2024-12-16 00:00:00+00:00,3.76,3.785,3.64,3.75,343272,,,,,,,,3.905348304317541,3.8859009386006442,3.865235238254424,3.8644033805008413,3.8434252716964936,3.7756193439809786,3.7019353194806213,3.8646415829216196,4.49512204319611,4.511668285595966,4.828252743102473,5.284625854920685,5.600796201336147,5.656646790439585,6.318090000423684,6.628112269905726,7.025550410488834,7.36825415241587,7.786142282255957,8.37877664385155,9.36782349300601,9.511785852806259,9.768636618720222,10.179043449251266,10.600157374658107,,,,,,,3.8310536698231594,3.8819211965060627,3.879586532400884,3.824108318557626,3.8182406327411473,3.687768318677682,3.9689106718160945,4.084322973283452,4.448240013005166,4.636788861841363,5.1123574486569305,5.349066932679735,5.624627785258829,5.837705375263358,6.491862575368083,6.718269001862247,7.122321469219196,7.409452210807837,7.706176850759047,8.264721115044374,8.487718758208072,8.9185432576133,9.28220967387929,9.463618150544702,9.67062346827271,9.911019306465477,10.218100584069392,10.655496390992102,,,3.7019353194806213,4.828252743102473,7.786142282255957,9.36782349300601,3.9887120448598936,"rgba(239, 83, 80, 1.0)",0.15790725982401985,3.9887120448598936,-1.4483947420453154,49.50075144489757,3.7630739265391213,False,True,False,False,False,0.0,0.0,0.0,0.0,0.0,1,0.9787947234340996,0.9902018420536939,False,False,False,False,-0.08326887932104464,0.008905941698746651,False,False,False,False,-14273540,-13190919.59070229,False,False,False,False,348324.1704408375,False,False,False,False
2024-12-17 00:00:00+00:00,3.68,3.86,3.67,3.74,315678,,,,,,,,3.8827209336037054,3.881198469349321,3.862466076280834,3.8617780938599093,3.8416216950458217,3.7751843865321177,3.7021666689392427,3.8638407696686934,4.491450147514722,4.507931519830166,4.823350806395036,5.27832711270262,5.594259082371877,5.650251455496988,6.311079766581141,6.620535786909901,7.017259812189335,7.359332574261263,7.776477573358588,8.368215286170958,9.355805675748858,9.499553539450906,9.756067782670218,10.1660262177961,10.586667278321853,,,,,,,3.8255603101655584,3.8782304539951253,3.8760133557845555,3.8227500958568763,3.816995248795983,3.6881898485398357,3.967529180959776,4.082383150314661,4.444755186678089,4.632587196621342,5.106488772438281,5.342630348409371,5.618190900814095,5.831209642060832,6.484532564049991,6.710532713383394,7.1138503007469005,7.400455714577207,7.696653826621614,8.254319771744225,8.477013057754805,8.907219708392887,9.27032593626414,9.451455575437594,9.65817685335461,9.898294855872463,10.205040701977058,10.641940826819672,,,3.7021666689392427,4.823350806395036,7.776477573358588,9.355805675748858,3.985267639416817,"rgba(255, 0, 0, 1.0)",0.15775702609299863,3.985267639416817,-1.9350494046259472,46.57907845134157,1.0588491066566164,False,True,False,True,False,0.0,0.0,0.0,0.0,0.0,1,0.9902670914995851,0.9784851496306618,False,False,False,False,-0.03462926159711715,-0.012861659949185249,False,False,False,False,-14589218,-13245754.822439454,False,False,False,False,347043.92846276547,False,False,False,False
2024-12-18 00:00:00+00:00,3.48,3.75,3.46,3.68,549008,,,,,,,,3.8223048420018246,3.8646840258446367,3.8516656422977835,3.851478807154656,3.8336786873948094,3.771148663096618,3.7005767581311395,3.860605614099338,4.4837009631714375,4.500076484390815,4.813586485878625,5.26627595691577,5.5819479480194705,5.638231641834089,6.298163470633381,6.606667061097836,7.002183851188785,7.343183259953439,7.75906224104607,8.349278494542856,9.334385780087604,9.477766654364116,9.733707271250163,10.14290533000303,10.56274152180404,,,,,,3.563333333333333,3.8014577022943112,3.864904208338556,3.86298432933409,3.8159265720779603,3.810434390692292,3.686345610506237,3.9633905191982466,4.0773947494016936,4.437311358559146,4.623976788280364,5.095124198611709,5.330362716787974,5.606078472799426,5.8190808105773515,6.4710788278340265,6.6963947711220175,7.09846730652998,7.384178815776924,7.679480154048873,8.235654049776173,8.457832206175134,8.886987666681286,9.249135734316575,9.42978791105236,9.636024370185849,9.875670711213964,10.181847377181871,10.617903295885975,,,3.7005767581311395,4.813586485878625,7.75906224104607,9.334385780087604,3.921170163065946,"rgba(255, 26, 202, 1.0)",0.15920387519247695,3.921170163065946,-2.771101912767971,42.02650533986379,-3.0877753097946226,False,True,False,True,False,0.0,0.0,0.0,0.0,0.0,1,0.9689064082889499,0.986037974302651,False,False,False,False,-0.18436870396472396,-0.09861518195695461,False,False,False,False,-15138226,-13319969.378422223,False,False,False,False,354964.0881308923,False,False,False,False
2024-12-19 00:00:00+00:00,3.57,3.63,3.505,3.54,548765,,,,,,,,3.7819201519602914,3.85005392336935,3.8417964032188485,3.84203749574105,3.826318441792462,3.7673589401819534,3.6990801167521092,3.85749399174765,4.476124837030211,4.492395621380468,4.804014990573698,5.254433081879119,5.569820634769646,5.626383343524115,6.285397057624072,6.592952220825095,6.9872672337209,7.327199000984552,7.7418184781867065,8.33051828572949,9.313151506856615,9.45616692060057,9.711535427514884,10.119973370365289,10.539005673343205,,,,,,3.5658327799402363,3.7818417499187595,3.85286820348576,3.8512026967240076,3.809583693807473,3.8043330593894082,3.6846285899380558,3.959388183658951,4.072551039421696,4.430037274200753,4.615547591394233,5.083967247591998,5.318302629902178,5.594142556613227,5.807112891000753,6.4577772325747205,6.682411807406449,7.0832453152061285,7.36806764967491,7.662476788773235,8.217164254701254,8.438828343934548,8.866935949177993,9.228130073321962,9.408306940571027,9.614060134012451,9.853235279772143,10.158843025009903,10.594055911434982,,,3.6990801167521092,4.804014990573698,7.7418184781867065,9.313151506856615,3.9123423596829747,"rgba(255, 26, 202, 1.0)",0.15935817214518666,3.9123423596829747,-2.1482573191858436,40.93051118648614,-3.9462422274651843,False,True,False,True,False,0.0,0.0,0.0,0.0,0.0,0,0.9740775082503316,0.993519377062583,False,False,False,False,-0.2204249922044475,-0.15952008708070106,False,False,False,False,-14589461,-13369753.363582136,False,False,False,False,362564.1238904652,False,False,False,False
2024-12-20 00:00:00+00:00,3.64,3.75,3.53,3.53,688865,,,,,,,,3.758305370526125,3.837796272700068,3.83334240036457,3.8339205211983116,3.820049134301953,3.7644400709087353,3.698252543832557,3.8546256650001327,4.467527150373506,4.483665270529871,4.792891063610527,5.240420570570864,5.555340190786607,5.6122120888760945,6.269957681699805,6.576314053093915,6.969113528143611,7.307703484299047,7.720740489546773,8.307527252807885,9.287046255858003,9.429602580626144,9.684249890027628,10.091724750850041,10.509741121791404,,,,,,3.5944290608020952,3.7682909350921094,3.842549327877502,3.841108412801428,3.8043000561967495,3.7992937123168216,3.68382811305339,3.955377376506273,4.067445560630531,4.421821942381963,4.605866291720359,5.0708420639748955,5.30400579703153,5.579878986268049,5.792743712669829,6.441661201343516,6.6654348648642765,7.064707799997056,7.348412698488193,7.6417006798312475,8.19451497978974,8.415528838086098,8.842315599210625,9.202311650880247,9.38189190366308,9.587036672521728,9.825615576734906,10.130502768155022,10.564650739915695,,,3.698252543832557,4.792891063610527,7.720740489546773,9.287046255858003,3.9065184448697345,"rgba(255, 0, 0, 1.0)",0.15889256385770448,3.9065184448697345,-1.6773500181444225,41.61030035558777,-3.9462422274651843,False,True,False,True,False,0.0,0.0,0.0,0.0,0.0,0,0.9784205828404398,0.976949258943197,False,False,False,False,-0.15114046169076065,-0.15533027438573085,False,False,False,False,-13900596,-13390570.721873032,False,False,False,False,375360.2366790744,False,False,False,False
2024-12-23 00:00:00+00:00,3.66,3.66,3.53,3.62,669368,,,,,,,,3.7385918532180287,3.8259303598275536,3.8248669813679728,3.825757914188216,3.813609880036486,3.761220879584389,3.697156975808,3.851614848590903,4.459109675160685,4.475121710589419,4.782069094232235,5.226840577747273,5.541307355680413,5.598473648972334,6.254995373187674,6.560198373538898,6.951538948974759,7.288836963765634,7.70034962808891,8.285291213860356,9.261805118739721,9.403918420438407,9.657869075926167,10.064412171112501,10.481445921351806,,,,,,3.600489771469071,3.755411169961997,3.8323881108288824,3.8311475825454995,3.798786435948452,3.7940093400138757,3.682677624006929,3.951294132366874,4.0623341486050295,4.4137677545016105,4.596418461137889,5.058110649943853,5.290153471641605,5.56605285369274,5.778813223897337,6.426047964115667,6.648993106529193,7.0467637366997185,7.329392637377201,7.621600642919227,8.172608790761977,8.392994931531321,8.818506943024959,9.177347202844555,9.35635185269957,9.56090911996018,9.798911459277559,10.103101532536135,10.53621959158309,,,3.697156975808,4.782069094232235,7.70034962808891,9.261805118739721,3.899764357430994,"rgba(255, 0, 0, 1.0)",0.15897101555381613,3.899764357430994,-1.5082268713935898,42.46739237462957,-3.9462422274651843,False,True,False,True,False,0.0,0.0,0.0,0.0,0.0,0,0.974802122550618,1.0049407602841924,False,False,False,False,-0.19393375487271625,-0.17463201462922356,False,False,False,False,-13231228,-13384321.987681933,False,False,False,False,386889.9528877382,False,False,False,False
2024-12-24 00:00:00+00:00,3.73,3.755,3.63,3.66,207464,,,,,,,,3.7372026935237663,3.8239520065991637,3.823431178707005,3.8243678762138567,3.812554452895875,3.760843825652925,3.697189483185407,3.851042134176844,4.4568044879239626,4.472776762480232,4.779006420064258,5.22290596494817,5.537196893226131,5.594441958737192,6.25054626962528,6.5553878713891764,6.946272518208483,7.283168283032918,7.694206568391493,8.278571694768237,9.254149135381027,9.396124683628612,9.649857983608047,10.056108953554672,10.47283544068211,,,,,,3.6086303212225657,3.754117993930106,3.8306364250537115,3.8294359304329277,3.797939974706768,3.793218180218687,3.6827955150882894,3.950377302806611,4.061082720177512,4.411577071923448,4.59378744286411,5.054448854511198,5.286130325809015,5.561999420542532,5.774706659059918,6.421394824951574,6.644080486949109,7.0413822538877975,7.3236761749952235,7.615548032440249,8.165992497815509,8.386182038928114,8.81129622588138,9.169777150263352,9.348602958460647,9.552977152005223,9.790798943689692,10.094770546932107,10.527566701683241,,,3.697189483185407,4.779006420064258,7.694206568391493,9.254149135381027,3.898998816845983,"rgba(239, 83, 80, 1.0)",0.15830771723375023,3.898998816845983,-1.0675336603865422,44.445677416801146,-3.9462422274651843,False,True,False,True,True,0.0,0.0,0.0,0.0,0.0,0,0.972785480311532,1.0039584755910498,False,False,False,False,-0.10188962435173361,-0.13826081949047858,False,False,False,False,-13023764,-13370182.45875323,False,False,False,False,379853.6410097877,False,False,False,False
2024-12-26 00:00:00+00:00,3.81,3.83,3.67,3.68,433599,,,,,,,,3.7398118506017846,3.822168310796514,3.8221262194916568,3.8230906304545207,3.8117073865527957,3.760970392578665,3.697814788524426,3.8503858599569867,4.452444507281379,4.468332683554253,4.773045362298843,5.215097323848837,5.528967861417217,5.586358912086468,6.241533771310045,6.545614177170529,6.935540308885101,7.271592646025145,7.681636606168501,8.264790082103447,9.238402715422819,9.380089696134538,9.633366566482701,10.039001972479003,10.455082197757607,,,,,,3.631222562902753,3.754926159439901,3.8289424727324346,3.8277969013916042,3.7974226982006303,3.7927947240225777,3.683747560023031,3.9489847995599052,4.058967642922053,4.407459194471106,4.588736968558441,5.047224922074885,5.27813052974721,5.553879061341078,5.766444154048653,6.41195246897839,6.634091790773292,7.030408788564725,7.312000385955799,7.603167572906897,8.15242811882349,8.372203693418992,8.796482329764338,9.154210584373752,9.332661957799635,9.536652050307977,9.774093716296,10.077605093640397,10.509724411634666,,,3.697814788524426,4.773045362298843,7.681636606168501,9.238402715422819,3.899055867272949,"rgba(239, 83, 80, 0.5)",0.15780384677339598,3.899055867272949,-0.5643453508508702,47.25753817943145,-8.031141502697068,False,True,False,False,True,0.0,0.0,0.0,0.0,0.0,0,0.9816375348638696,0.9965260201093807,False,False,False,False,-0.0484995691207187,-0.09338019430559864,False,False,False,False,-12590165,-13339593.538802125,False,False,False,False,381961.30214665877,False,False,False,False
2024-12-27 00:00:00+00:00,3.85,3.92,3.755,3.8,702918,,,,,,,,3.751447182588959,3.8231601781660207,3.8228704195875887,3.8237721351111773,3.812643928410724,3.762739081223028,3.6997900528958523,3.85027287959684,4.4462228725110675,4.461973703381243,4.764209834644349,5.203234349726069,5.516326125862425,5.5739174280316925,6.22748135636909,6.530320064694605,6.918685728023135,7.25336907511014,7.661799561271813,8.242979878098899,9.213399069739499,9.354617885617294,9.607151956476157,10.011781159829347,10.426807329673753,,,,,,3.670150314110724,3.7615362688221525,3.8294937603842087,3.828390413392302,3.798711910373186,3.7941981903535105,3.6864938765313,3.947658314494708,4.056437750743748,4.401632762126584,4.581385064826811,5.036332618450785,5.265947525056185,5.541392791450682,5.753669012628071,6.397198676086678,6.618447070374871,7.013162603021778,7.293614312877617,7.583637882444915,8.130972237798524,8.350072124435425,8.77299103036712,9.129498407843682,9.307342732777657,9.510708436635886,9.74752943862565,10.050288778032929,10.48130460983838,,,3.6997900528958523,4.764209834644349,7.661799561271813,9.213399069739499,3.9014797997402466,#000000,0.1578484847775588,3.9014797997402466,-0.3261342661146999,49.847812975304976,-5.576381625743835,False,True,False,False,True,0.0,0.0,0.0,0.0,0.0,0,0.9841582589926634,0.9886137486509767,False,False,False,False,0.03231888941027653,-0.030530652447661056,False,False,False,False,-11887247,-13282638.77257459,False,False,False,False,394547.83931737806,False,False,False,False
2024-12-30 00:00:00+00:00,3.77,3.815,3.6,3.78,1186295,,,,,,,,3.7477112983302687,3.8156628789111755,3.8171610055301524,3.818207475882775,3.808418821696064,3.7615118050101577,3.700436528576402,3.8476633373045126,4.434089982664627,4.449621395545786,4.747886676834616,5.182043291419951,5.494000128332907,5.551970196049128,6.203026051122571,6.503825664622778,6.889620922191102,7.222041742087135,7.627802399139743,8.20571984023749,9.170843205055643,9.311284209526367,9.562585247667332,9.965545755203346,10.378821134848813,,,,,,3.683992737140285,3.7577526505580194,3.822600917226069,3.821651141787345,3.795413153933767,3.7911535910415006,3.68768683968892,3.943176652036758,4.0501152340771025,4.390131146148532,4.567448746018764,5.016687491652011,5.244249366025993,5.519350192922732,5.73123367743395,6.371592189339406,6.591376203980858,6.983450844132133,7.262018204536932,7.550149664585391,8.09429804045055,8.312280966209507,8.732946968079093,9.0874269228901,9.264262514188362,9.466591436996563,9.702383106044497,10.003894872755712,10.433077422516705,,,3.700436528576402,4.747886676834616,7.627802399139743,9.170843205055643,3.897207929654511,"rgba(239, 83, 80, 0.5)",0.157473635724755,3.897207929654511,-0.8078046148426723,49.903356546715976,-5.468902195615932,False,False,False,False,True,0.0,0.0,0.0,0.0,0.0,0,0.9668451179436172,0.9902485641010639,False,False,False,False,-0.08791816760123228,-0.059224410024446665,False,False,False,False,-13073542,-13274438.899140295,False,False,False,False,425596.74757944164,False,False,False,False
2024-12-31 00:00:00+00:00,3.92,3.95,3.76,3.81,1371393,,,,,,,,3.768013090981698,3.820771643753501,3.8210443643165855,3.82189901077152,3.8121561014107948,3.7660723157880502,3.7049330115106227,3.848363539418221,4.423407857739002,4.438682272966171,4.7323000144284055,5.160715758162637,5.470986254971116,5.529251731935578,6.177003979936417,6.475418877558174,6.858220130385415,7.188021697840945,7.590693209367718,8.164807174948468,9.123781529850639,9.263322758119136,9.51318821039686,9.914188173167421,10.325415738326853,,,,,,3.725553791808064,3.7715943205173703,3.826548676121183,3.8256253976767334,3.799589575356952,3.7954913897846234,3.6937171745730093,3.941641796767638,4.046335602491133,4.380187687959953,4.55464440112309,4.997231492261605,5.222297538597786,5.496582841336368,5.707784848821957,6.344223143032642,6.562295663958761,6.951301044730516,7.227687228306224,7.513628774772477,8.054070522035063,8.270745235764469,8.68878867434969,9.04092429258878,9.216594678260176,9.417719313146886,9.652304393328427,9.952351366634783,10.379391350831641,,,3.7049330115106227,4.7323000144284055,7.590693209367718,9.123781529850639,3.901581431085643,#000000,0.1579086290788491,3.901581431085643,0.1166406739251722,52.57622475240195,-2.833477029007831,True,False,True,False,True,0.0,0.0,0.0,0.0,0.0,1,0.9825156145275816,0.9825156145275813,False,False,False,False,0.04849947659574225,-0.005362466714352209,False,False,False,False,-11702149,-13212780.47172303,False,False,False,False,462686.79669397336,False,False,False,False
2025-01-02 00:00:00+00:00,4.0,4.11,3.92,3.92,404176,,,,,,,,3.778743056729881,3.825329547172275,3.824610057697518,3.8253357423664727,3.8152983809480023,3.768886556408859,3.7072099066132798,3.8495054822384183,4.421086115917418,4.436283609017871,4.728511511641599,5.155201396345686,5.464884884833989,5.523204013801989,6.169883586504218,6.4675872271559856,6.849498487578474,7.178525366950717,7.580283705901301,8.15326689469545,9.110419161945424,9.24969457700354,9.499133798572737,9.899547611149222,10.31016508727331,,,,,,3.7425559899698078,3.779501685585353,3.830413334179792,3.8294689350031006,3.8027294218888126,3.798651087114368,3.69666393589297,3.942103577768032,4.046103735203908,4.378086881811844,4.551685217746473,4.992290781607625,5.216589522036316,5.490535201165021,5.701481743992232,6.336700833205225,6.554263182626479,6.942357848829818,7.218098991882703,7.503393032102556,8.042734443634247,8.259018819000893,8.676283543052913,9.0277267816852,9.203053333280009,9.403821054907638,9.638046017834151,9.937655289099347,10.364057360078442,,,3.7072099066132798,4.728511511641599,7.580283705901301,9.110419161945424,3.9049283519763995,"rgba(38, 166, 154, 0.5)",0.15988419233113949,3.9049283519763995,0.5946281908013494,55.549316565502494,0.016124516458305038,True,False,True,False,True,0.0,0.0,0.0,0.0,0.0,1,1.002424853781317,0.9650821055490353,False,False,False,False,0.19872925357457794,0.09668339343011287,False,False,False,False,-11297973,-13137689.982635852,False,False,False,False,460392.25564715086,False,False,False,False
2025-01-03 00:00:00+00:00,4.16,4.2,3.96,4.04,389351,,,,,,,,3.792176409862858,3.8317094605278315,3.829645844464522,3.83020166797544,3.819689152066601,3.7725993845859827,3.7100614305702684,3.8512438254692314,4.419394225909417,4.434516434111833,4.725385331657414,5.150383243731192,5.45944264224258,5.517792753878321,6.163373489741195,6.460384652398701,6.841431423769325,7.169708330061499,7.570583050564493,8.142468329103162,9.097855506160181,9.23687394313698,9.48589984968837,9.885742918055094,10.295767663697308,,,,,,3.7623801896054214,3.789631317259935,3.8359080257838234,3.8349259542934733,3.807036644008832,3.802960568794507,3.7003110253588063,3.9431675531915866,4.046473753543765,4.376611143918866,4.5493681401633355,4.988041633156312,5.211577947640333,5.485133086585803,5.695798418170196,6.329799309326211,6.5468651767351504,6.934076277064346,7.209193023273503,7.493860416365857,8.032134432805167,8.248039009380259,8.664548392914647,9.01532232952934,9.19031670567547,9.390738705682747,9.624613364410449,9.923796584330184,10.349579136395699,,,3.7100614305702684,4.725385331657414,7.570583050564493,9.097855506160181,3.90953220056515,"rgba(0, 255, 255, 0.75)",0.16598252378073813,3.90953220056515,1.5090010305284711,59.55190370404256,3.7531053756251396,True,False,True,False,True,0.4886782917222341,0.0,0.0,0.0,0.0,0,1.0125242054355053,0.9499031782579794,False,False,False,False,0.2619877110222375,0.1793355522261752,False,False,False,False,-10908622,-13050275.55194425,False,False,False,False,457606.32405314496,False,False,False,False
2025-01-06 00:00:00+00:00,4.19,4.275,4.0907,4.2,509094,,,,,,,4.185233333333334,3.812159524966045,3.8418900513461822,3.8377575518601157,3.838053290788912,3.826752668192128,3.7784458720160474,3.7144556305627385,3.8541699843391104,4.417758205110333,4.432781089674003,4.721857895429415,5.144618929991125,5.452801597794979,5.511169829824124,6.15524577959464,6.451345152165282,6.831255672017224,7.158549486295023,7.558266292606615,8.128708546621317,9.081779921214766,9.220461755341105,9.46894485225978,9.86803565714775,10.277280595045744,,,,,,3.790482497708531,3.8050237268826623,3.8447626910994623,3.8437168705860003,3.813917049376434,3.8098282354182786,3.705886301648663,3.9451967922362337,4.047573469136283,4.375260195646953,4.546905875777581,4.983036622834872,5.205554088711503,5.478531863273532,5.688792429858364,6.32115608660202,6.537568435991738,6.923619323358918,7.197917645259443,7.481763761286206,8.018635953026692,8.234040415954537,8.649557714486953,8.999455078508026,9.174014617846083,9.373983008204046,9.607396358805824,9.90601818126905,10.330985952309096,,4.185233333333334,3.7144556305627385,4.721857895429415,7.558266292606615,9.081779921214766,3.9044161971127225,"rgba(0, 255, 255, 0.75)",0.17216689996589243,3.9044161971127225,1.6587613701812267,62.56038199973127,6.487506072897759,True,False,True,False,True,0.9164159884326075,-1.0,4.275,4.0907,918.0,0,1.022958356383892,0.9365712214570497,False,True,False,False,0.342828154034898,0.2610818531305366,False,False,False,False,-10399528,-12946324.66755428,False,True,False,False,459625.44860008045,False,False,False,False
2025-01-07 00:00:00+00:00,3.8,4.27,3.785,4.24,362625,,,,,,,4.088072307245798,3.817034976034154,3.8440965598190835,3.8395788621040787,3.839815240975194,3.8284486263233486,3.780176599924706,3.7160079189023656,3.8547746465830532,4.415450132429284,4.430407241983542,4.718291856889772,5.139565432780964,5.447249388666726,5.505668414192434,6.148815492160406,6.4442909043791685,6.823419339781859,7.150031459309491,7.54894391817806,8.118388681579587,9.069850234415103,9.208297059996777,9.456402946676393,9.854974162552068,10.263678167844576,,,,,,3.7977678005637436,3.8089782719682885,3.846658630277884,3.8456125811308683,3.8156792477545345,3.8116203562274644,3.707882754399079,3.9452351956552025,4.047035097949168,4.373140966107151,4.544052644197461,4.978476851599057,5.200333877731335,5.4730287694112105,5.683072527533227,6.314373335772771,6.530337837402767,6.9155880999169534,7.189318702701186,7.472594499675118,8.008496363386303,8.223556147778154,8.638385523710834,8.987671086879278,9.161926711815223,9.361579354556035,9.594673679757872,9.892907462765049,10.317309646093156,,4.088072307245798,3.7160079189023656,4.718291856889772,7.54894391817806,9.069850234415103,3.901153338618722,"rgba(239, 83, 80, 0.5)",0.1714511460968383,3.901153338618722,-0.5899834496387035,57.475040626862175,6.487506072897759,True,False,True,False,False,0.0,0.0,0.0,0.0,0.0,0,0.9963045767816558,0.9427209401156667,False,False,False,False,0.1934171622908144,0.2272495077106755,False,False,False,False,-10762153,-12860670.876669798,False,False,False,False,455821.50943929295,False,False,False,False
2025-01-08 00:00:00+00:00,3.2,3.85,3.1576,3.78,1005531,,,,,,,3.7208699154614466,3.7804154727442754,3.820785008548512,3.8210243591368007,3.8217859890967105,3.812995550851364,3.7699958552911137,3.710421061253067,3.847128796765145,4.401729730193867,4.416533921990668,4.701613201365764,5.119398361123328,5.4264913977760045,5.485294921909977,6.126771787662351,6.420672878379374,6.7977984769682305,7.122631617402418,7.519436110629696,8.086301006198232,9.033540265807073,9.171363987291771,9.418481885590648,9.815714294114269,10.223008922892937,,,,,,3.7537491239325047,3.780699789551064,3.825841314767718,3.82503852267523,3.8015256562159014,3.797772853813609,3.701156503313349,3.936447336807326,4.037156707602501,4.359860093729603,4.52907884668613,4.959390840764678,5.179816406320835,5.452540777923185,5.662438439588356,6.291442352556944,6.506272873194204,6.889459251757004,7.161707007712875,7.443489368498166,7.976872453282317,8.191048009513485,8.60408458488341,8.951749078052291,9.125196689520983,9.324018699091065,9.556288123724197,9.85352019071093,10.276446084630406,,3.7208699154614466,3.710421061253067,4.701613201365764,7.519436110629696,9.033540265807073,3.8663199820875556,"rgba(255, 26, 202, 1.0)",0.1827224548267674,3.8663199820875556,-3.6466234142884595,48.656708476698675,6.038119610308598,False,True,False,False,False,0.0,0.0,0.0,0.0,0.0,0,0.9408962255858515,0.9824200552010266,False,False,False,False,-0.2848673916113559,-0.028808941950340186,False,False,False,False,-11767684,-12817808.64621216,False,False,False,False,477378.74436324224,True,False,False,False
2025-01-10 00:00:00+00:00,3.22,3.29,2.995,3.19,659022,,,,,,,3.5772994453276303,3.7469146810446956,3.7989648259759528,3.8033552043459102,3.8045928592429887,3.7980220937893296,3.7595498839425323,3.7041621928774884,3.8396898205857264,4.390876432959906,4.40558920506305,4.688979879086411,5.1046644154970995,5.411565823671957,5.470677425666649,6.111289764733438,6.404205864459827,6.780069827444466,7.103773238112606,7.4992362888005335,8.06446689663478,9.009014851663853,9.146439618764079,9.392927648585694,9.789311407687277,10.19570864175722,,,,,3.1683333333333334,3.7139243063224394,3.7539940315756413,3.8062445709581407,3.8056433455717116,3.7876210056506032,3.7841117848938506,3.6935735497848428,3.9283811711472656,4.028515844401346,4.349269657948718,4.517480066239121,4.945286430535776,5.164882726468256,5.437822477416991,5.647735668651721,6.275405800456314,6.4895256007262505,6.871408209329073,7.142713889344066,7.423546190607488,7.955331603202417,8.168948593267729,8.580845343292973,8.927472428868423,9.10040220507693,9.298693848785438,9.530439797524886,9.827036392648973,10.249021629718735,,3.5772994453276303,3.7041621928774884,4.688979879086411,7.4992362888005335,9.009014851663853,3.782608180436007,"rgba(255, 26, 202, 1.0)",0.18990723198230683,3.782608180436007,-2.962542155784903,43.06443206228752,1.3062132068857153,False,True,False,True,False,0.0,0.0,0.0,0.0,0.0,0,0.9284574560338549,1.0303513822886678,True,False,False,False,-0.34282825441539394,-0.18581859818286706,False,False,False,False,-11108662,-12750783.287537174,False,False,False,False,484502.00929017394,False,False,False,False
2025-01-13 00:00:00+00:00,3.28,3.31,3.17,3.18,460703,,,,,,,3.5274985094859534,3.728725283513742,3.786499777677092,3.7931395279888016,3.7946364560393553,3.7893191872636356,3.7534795306283395,3.7005525203998086,3.8352317948290406,4.383921633114095,4.398569219383782,4.680758011651037,5.09494218663896,5.40163937310999,5.460941052999678,6.100872445026129,6.393092732543625,6.768068018764589,7.090978808799023,7.485501176726795,8.049581083886808,8.992239052120478,9.129384282624269,9.375429429554092,9.77121350128369,10.176978287628645,,,,,3.2033059873331995,3.6930145761286326,3.7391819659381067,3.794959516370835,3.7944708025613783,3.7795429956879496,3.7761790065255663,3.689236776495317,3.923461675641498,4.0231635289405085,4.342502187442347,4.509991928056123,4.936023027436736,5.15501291345059,5.428026646737779,5.6379087664824805,6.264596596577356,6.4782146143592545,6.8591801841186495,7.129824976001376,7.409990933114478,7.94065264102747,8.153875321271274,8.564970410420397,8.910870716345588,9.083437945099234,9.281357143766696,9.512733635017364,9.808881367767045,10.23020397504427,,3.5274985094859534,3.7005525203998086,4.680758011651037,7.485501176726795,8.992239052120478,3.7734050803445554,"rgba(255, 26, 202, 1.0)",0.19730161664404433,3.7734050803445554,-2.5007655220317693,40.233373891854235,-0.9203826401751058,False,True,False,True,False,0.0,0.0,0.0,0.0,0.0,0,0.9435352166510302,1.0304041141109836,False,False,False,False,-0.2748649233915255,-0.2303417607871963,False,False,False,False,-10647959,-12668319.589986699,False,False,False,False,483568.71480820636,False,False,False,False
2025-01-14 00:00:00+00:00,3.31,3.345,3.215,3.31,1086518,,,,,,,3.464305942355397,3.693644112430878,3.761116997122249,3.7720254081217464,3.7740194741532718,3.771187181841964,3.74073240412599,3.6929437170067443,3.8256276280238293,4.3683726664672315,4.382866663058516,4.662224235623693,5.0728613661658235,5.378980101451142,5.43868983899258,6.076915027507159,6.367493984055468,6.740375912714806,7.061423752778113,7.453735278568851,8.015102276395892,8.953310101139733,9.089797996244233,9.33479895270046,9.729163781305214,10.13343433089817,,,,,3.246000561437098,3.654038654554782,3.709885269485138,3.771769378779861,3.7714997411793156,3.762688335488737,3.7596258833084133,3.680172165415761,3.9127582840147497,4.011416189819898,4.327394401078887,4.493183613872346,4.915040284506198,5.132575919183031,5.405652239103085,5.6154009566520475,6.239714628904447,6.452149213541142,6.830956400125153,7.1000478907100435,7.378647604576359,7.906662194520879,8.118953366229228,8.528159036643975,8.872350748393233,9.04406594926598,9.241107868744919,9.471610852009972,9.766696547743372,10.186454103780072,,3.464305942355397,3.6929437170067443,4.662224235623693,7.453735278568851,8.953310101139733,3.755142586487236,"rgba(255, 26, 202, 1.0)",0.20221743716682236,3.755142586487236,-2.2013066366774723,38.8098470711077,-2.051245708738854,False,True,False,True,False,0.0,0.0,0.0,0.0,0.0,0,0.9463659672439956,1.0296513351821812,False,False,False,False,-0.2477152336311664,-0.23902849720918135,False,False,False,False,-9561441,-12546481.21390879,False,False,False,False,507213.7848157277,False,False,False,False
2025-01-15 00:00:00+00:00,3.35,3.47,3.2706,3.44,296466,,,,,,,3.4574849533218615,3.686595470496462,3.7556472113343955,3.7674009426978086,3.7694939556439,3.767187595322721,3.737922811589943,3.691286298296784,3.823417259338165,4.364490547828206,4.378942144023837,4.657519017298113,5.067174565289295,5.3730961949993,5.4329024641252035,6.070619401864969,6.360747465501221,6.733055691158708,7.05359472384136,7.445302635554569,8.005926066210318,8.942916848982817,9.079225330755067,9.323940334245531,9.717914674956575,10.121775074135284,,,,,3.259923263098773,3.6465697665077554,3.703829198183647,3.7667170946717725,3.7664931203324383,3.7589734294684214,3.7559800033722044,3.6782225967813824,3.9102377554365852,4.008595998781706,4.323634013810971,4.488952842007229,4.909662417335398,5.126787822189728,5.3998376492975595,5.6095260856027584,6.233164938680536,6.445274557159306,6.823490958315045,7.092158246459136,7.370330270304714,7.89762006428261,8.109655292679596,8.518343531729752,8.862068991408847,9.033551815119555,9.230353779933397,9.46061670882266,9.755410302105238,10.174738451532628,,3.4574849533218615,3.691286298296784,4.657519017298113,7.445302635554569,8.942916848982817,3.751780636924385,"rgba(255, 0, 0, 1.0)",0.20719942955044524,3.751780636924385,-1.9391010766589316,38.5065256746046,-2.379910139299568,False,True,False,True,False,0.0,0.0,0.0,0.0,0.0,0,0.9429634114695961,1.0211919384136319,False,False,False,False,-0.18765540712062623,-0.2133419521649038,False,False,False,False,-9264975,-12417794.695716288,False,False,False,False,498949.1658033462,False,False,False,False
2025-01-16 00:00:00+00:00,3.64,3.7196,3.43,3.43,803546,,,,,,,3.479040207838776,3.681668386082589,3.7499273429394786,3.7623141046931896,3.7644755520785638,3.762767023563458,3.735124828053628,3.6900115014083243,3.8205133752028684,4.356532235277602,4.370861773505012,4.64720149529884,5.0540318056743585,5.359148967182791,5.419125418789528,6.0551577445345375,6.344022802872223,6.714734513259629,7.0338699616235365,7.42391530307573,7.98247500007198,8.916108516517292,9.05192456517238,9.295849361900444,9.688734580646765,10.09145721961945,,,,,3.3417323417986013,3.6433101369331267,3.698974270635097,3.7611937582357506,3.7610218066036993,3.7549765975395175,3.7520989017128645,3.676881724572946,3.9063836011765054,4.003791066960136,4.316025842872417,4.4799848714440165,4.897440523430969,5.113336573260749,5.386027316356258,5.595391815740628,6.216990936784593,6.428191571314117,6.804769020607609,7.072266495207414,7.349260052004326,7.874542325901979,8.085863809312023,8.493120162209017,8.835565938256057,9.006411941197936,9.202552429245046,9.43214724751175,9.726126838011114,10.144264914777079,,3.479040207838776,3.6900115014083243,4.64720149529884,7.42391530307573,8.916108516517292,3.753111618545077,"rgba(239, 83, 80, 0.5)",0.2077127260882278,3.753111618545077,-0.5445579607723782,42.327437551100275,-2.379910139299568,False,True,False,True,False,0.0,0.0,0.0,0.0,0.0,0,0.9520804708835853,0.9945210591488134,False,False,False,False,-0.05580595207838051,-0.13457395212164214,False,False,False,False,-8461429,-12262643.099805847,False,False,False,False,510894.13969341107,False,False,False,False
2025-01-17 00:00:00+00:00,3.55,3.71,3.515,3.7,721583,,,,,,,3.4928028034242113,3.6774538875889045,3.7449782181566147,3.7578708055978116,3.760087323415428,3.75887745746565,3.732619994081818,3.688837523918361,3.817913019898766,4.349480080998178,4.363701820554739,4.638063772924562,5.042389478062624,5.3467756271328115,5.406896074492171,6.041409813621418,6.3291493223663,6.698438181100804,7.016323188761447,7.404886907122228,7.9616044157041195,8.892240948645979,9.027617526698613,9.270836170480415,9.662746229295399,10.06445070583145,,,,,3.3865078168651936,3.6404559532250995,3.694784325258508,3.7563928697628994,3.75626360603155,3.751446233926235,3.748667148108481,3.6756438988168565,3.9029492959729777,3.9995203197265177,4.309282837947807,4.472040350396257,4.886617220251027,5.101419207564355,5.373771452932393,5.5828368624821225,6.202608226360315,6.412998676660637,6.788115699090476,7.054570938534285,7.3305142589100445,7.854005253192402,8.064688924355472,8.470666633378977,8.811970682201332,8.982248531815173,9.1777981890591,9.406795145305662,9.700045944470926,10.117119178041396,,3.4928028034242113,3.688837523918361,4.638063772924562,7.404886907122228,8.892240948645979,3.752667766959484,"rgba(239, 83, 80, 0.5)",0.20851063447007182,3.752667766959484,-0.9719780838735774,43.838348220746745,-2.379910139299568,False,True,False,True,True,0.0,0.0,0.0,0.0,0.0,0,0.9586169619782782,0.9966217928145532,False,False,False,False,-0.03184190039771284,-0.08320792625967749,False,False,False,False,-9183012,-12141873.252754638,False,False,False,False,519156.4479407283,False,False,False,False
2025-01-21 00:00:00+00:00,3.78,3.7905,3.5,3.55,520535,,,,,,,3.5087911050337066,3.677869292037747,3.7437690052676924,3.7566225518856395,3.7588295316575344,3.7577688580180486,3.7320919221969926,3.6888488719262207,3.816874404392216,4.345123826628568,4.35926656590865,4.632180939958153,5.0346678509907274,5.3384517083207035,5.398648436678643,6.031982180592396,6.318901809907478,6.6871569259066295,7.004136857507824,7.391628680397233,7.947008167069098,8.875473300018417,9.010532171784025,9.253238548079588,9.644437847920335,10.045402045106764,,,,,3.421259817059859,3.642361860255742,3.6946578226033524,3.7550670233058168,3.754950574523495,3.7505052854336753,3.7477781574021125,3.6757945002319397,3.9012873640481014,3.99722491143397,4.3051530414860375,4.467028402681841,4.879505720848207,5.093490881972913,5.365516713265564,5.574320445057877,6.1927180410689475,6.402518620465672,6.776576026762682,7.042276970513659,7.317460355347814,7.83965165068927,8.049870923585358,8.454920864836671,8.795399649919556,8.965267090213636,9.160388670185268,9.388950364849068,9.681670173205783,10.097969526458494,,3.5087911050337066,3.6888488719262207,4.632180939958153,7.391628680397233,8.875473300018417,3.754375295009995,#000000,0.20850544962889977,3.754375295009995,0.12289705154283406,47.48258372164713,-2.379910139299568,False,True,False,False,True,0.0,0.0,0.0,0.0,0.0,0,0.9557821142823771,0.9920324375735226,False,False,False,False,-0.01105493381078995,-0.04713143003523372,False,False,False,False,-8662477,-12005426.340881906,False,False,False,False,519210.5088057978,False,False,False,False
2025-01-22 00:00:00+00:00,3.89,3.9,3.73,3.79,501466,,,,,,,3.5327679876352107,3.6828172619456594,3.745771649560327,3.758077614866959,3.7602122415388206,3.7590274332295714,3.7333696946467847,3.6900819581882165,3.8170541268856804,4.341928942480301,4.355993205456222,4.627472766875464,5.028131780400078,5.331233241540324,5.391467814742976,6.023547680201482,6.309663103012338,6.676908027105931,6.993008093352557,7.379458759865164,7.933532292857741,8.859885637482433,8.994636469730889,9.23684401270581,9.627347177500738,10.027588677617908,,,,,3.4628421258380713,3.6494016925326136,3.698395035651224,3.7566740939825114,3.756547644530488,3.751809838812517,3.7491087690543514,3.677418708745212,3.900829660782984,3.996109014112937,4.302183003342935,4.463180048520657,4.873587309484954,5.086743343727457,5.358344961669081,5.566834883841492,6.1838295907594425,6.393052021390933,6.7660758563901835,7.031043648601622,7.305488716904803,7.826413086487129,8.036177740511137,8.440323633672428,8.780002323500955,8.949472236706562,9.144177609129432,9.372313572911525,9.664513580287307,10.080057861422478,,3.5327679876352107,3.6900819581882165,4.627472766875464,7.379458759865164,8.859885637482433,3.759024977794154,"rgba(38, 166, 154, 0.5)",0.20884737304465195,3.759024977794154,0.6271327251879948,51.00706553144157,-8.07648951097923,False,False,False,False,True,0.0,0.0,0.0,0.0,0.0,0,0.9687137601054553,0.9912398528295275,False,False,False,False,0.09693772777505738,0.02490314886991183,False,False,False,False,-8161011,-11854664.95496497,False,False,False,False,518514.6457153743,False,False,False,False
2025-01-23 00:00:00+00:00,3.93,3.96,3.83,3.89,390671,,,,,,,3.552729201290195,3.688015816693977,3.748338593884556,3.7600706956830936,3.7621303784112774,3.7607671018515036,3.734953756710422,3.6914497755175186,3.817593421971218,4.339794702567265,4.353797330495378,4.6241506879496015,5.0233720991710875,5.325906914716245,5.386157797385852,6.017220815839203,6.302706206763304,6.669160967945074,6.984574416434557,7.370212824582185,7.923264917053449,8.847969052605992,8.982479655971257,9.224297304529602,9.614254718107452,10.013930509093615,,,,,3.4947121852975798,3.6563480073207737,3.7024852132584147,3.7588530217795553,3.7587121096770284,3.7535486817402033,3.7508601189203783,3.6791717633204213,3.900863424746679,3.9956171773319262,4.300225307155602,4.46053178307379,4.869317419353943,5.081815163221655,5.35304758768068,5.561271245059359,6.177147019541915,6.385916643899804,6.758132702413496,7.022528403129795,7.296397410637454,7.81633152206371,8.025740039702917,8.42917925927985,8.76823405353971,8.93739411031472,9.131774430029818,9.359576877202876,9.651369467977455,10.066322861260076,,3.552729201290195,3.6914497755175186,4.6241506879496015,7.370212824582185,8.847969052605992,3.7633722876281164,"rgba(38, 166, 154, 0.5)",0.2095212905019381,3.7633722876281164,0.7952781885444833,53.751437684161736,-5.330891659219489,True,False,True,False,True,0.0,0.0,0.0,0.0,0.0,0,0.9699777334856684,0.989575601904746,False,False,False,False,0.14846873528843252,0.08668594207917217,False,False,False,False,-7770340,-11694495.348887913,False,False,False,False,513501.16941281065,False,False,False,False
2025-01-24 00:00:00+00:00,3.96,4.08,3.89,3.92,404615,,,,,,3.976666666666667,3.5749414685723853,3.6947954806193097,3.7520500685897615,3.7630384471165814,3.76500153723333,3.7633701329178875,3.7372205908650544,3.6933032003270987,3.818578764251417,4.337959927311817,4.351898109231337,4.621074709772682,5.018791286202631,5.320702323116543,5.380956458032916,6.0109238875518844,6.295752601288662,6.661385101135725,6.976085721182544,7.360881125050904,7.912870486456813,8.835861415571626,8.970122819939021,9.211535128926364,9.600923510493898,10.000010354122166,,,,,3.5280743482075523,3.6650618314634964,3.707950792265922,3.7620815419407285,3.761918927402864,3.7561136021647217,3.7534300938553127,3.6815093852198775,3.901314852040865,3.995509861656915,4.29857507897449,4.45815873876181,4.8652533931960615,5.0770557495124145,5.34786530107242,5.555790321131251,6.170479261651986,6.37877707015218,6.7501532416126215,7.013955052676732,7.287226128393707,7.806130616011629,8.01516803742025,8.417872484492154,8.75628014635176,8.92511893970854,9.11916159404287,9.346616541881541,9.63798443379887,10.0523228345598,,3.5749414685723853,3.6933032003270987,4.621074709772682,7.360881125050904,8.835861415571626,3.752596579668887,"rgba(38, 166, 154, 0.5)",0.2106757039971108,3.752596579668887,0.9844676742314677,55.890264984379684,-3.1171618612594187,True,False,True,False,True,0.0,0.0,0.0,0.0,0.0,0,0.9938059126987638,1.0247763492049446,False,False,False,False,0.20740730449278347,0.1470466232859778,False,False,False,False,-7365725,-11524739.648931526,False,False,False,False,509231.12355348474,False,False,False,False
2025-01-27 00:00:00+00:00,3.93,3.9599,3.82,3.89,479958,,,,,,3.936858851370473,3.5941553073700705,3.7004471619901587,3.754911276059297,3.765281683962649,3.7671627360848152,3.7653431556633996,3.7390478170358215,3.6949095452634304,3.819196729593124,4.33537029112438,4.349234222361912,4.617052514954984,5.013030300700187,5.314246240322661,5.374516387087335,6.003237042023424,6.287298640814733,6.651968857257675,6.9658334866681,7.349639572147158,7.900382794275974,8.821361365458943,8.955329698793213,9.196265735134501,9.584986213903846,9.983381032321212,,,,,3.5565471055425943,3.6725092574077127,3.71246333346649,3.764521607686499,3.76434412149732,3.758093697225383,3.7554264776251385,3.683557573651522,3.9013287770992884,3.994894580974261,4.296198062778749,4.454949470684067,4.860086242861764,5.071090084548978,5.34144218359373,5.549037973174646,6.16235935149989,6.370105721997841,6.740498276081847,7.003603491408783,7.276172918102318,7.793869785336858,8.002472267963359,8.404314184997993,8.741960947286476,8.910421841846059,9.10406761631594,9.33111462637595,9.621983927953872,10.03559958352412,,3.5941553073700705,3.6949095452634304,4.617052514954984,7.349639572147158,8.821361365458943,3.7550500398284727,"rgba(38, 166, 154, 0.5)",0.2113022684475352,3.7550500398284727,0.827960634104438,56.826269836201305,-1.9569354890564838,True,False,True,False,True,0.0,0.0,0.0,0.0,0.0,0,0.9863961522955907,1.0281264942200055,False,False,False,False,0.14519543421615635,0.14612102875106708,False,False,False,False,-7845683,-11380462.917600878,False,False,False,False,508083.1579239364,False,False,False,False
2025-01-28 00:00:00+00:00,3.95,3.995,3.88,3.92,289089,,,,,,3.9380430820230465,3.6059862717653974,3.7043221444521595,3.7570152250115214,3.7669646015828193,3.7687899409555423,3.7668280222440096,3.740381695306603,3.696041236084298,3.8197324347359283,4.333962522749452,4.347781656977145,4.614780601084925,5.009707938573271,5.310490876995988,5.370764864385161,5.99871818560601,6.282316893188744,6.646406947519734,6.959768240396791,7.34297873612912,7.892970492554178,8.81273655232937,8.94652844558177,9.18717732850589,9.575494321738928,9.973471467444483,,,,,3.5733797232619096,3.6774835153253913,3.715608602949182,3.766346221505118,3.7661574789354275,3.759569235619778,3.7569088616330375,3.684985314530584,3.9014984898981586,3.994681511254705,4.294918547367185,4.453167509451937,4.857124388564108,5.067643104567362,5.337703369640025,5.5450916480090875,6.157579148950457,6.364992814731727,6.734792634289289,6.997478451308975,7.269625443402896,7.786594388219893,7.994934314130652,8.396256234034588,8.733444955000778,8.901678417170697,9.095085030421378,9.321885723715068,9.612453862792796,10.025633379711506,,3.6059862717653974,3.696041236084298,4.614780601084925,7.34297873612912,8.81273655232937,3.7580361804537312,"rgba(38, 166, 154, 0.5)",0.21184066765117016,3.7580361804537312,0.9061707635021636,57.692534348521455,-0.7631723712410476,True,False,True,False,True,0.0,0.0,0.0,0.0,0.0,0,0.9779661514668027,1.0200565773631818,False,False,False,False,0.1761489955775421,0.1611350121643046,False,False,False,False,-7556594,-11230507.273773393,False,False,False,False,499495.15173084085,False,False,False,False
2025-01-29 00:00:00+00:00,3.94,3.96,3.805,3.96,437683,,,,,,3.9281623062720894,3.620479805247373,3.709007842903559,3.759441096813067,3.76888271790974,3.7706397447769455,3.768525552433489,3.7419733585307187,3.6974591761627957,3.820271477437001,4.331634827071114,4.345387382684322,4.611167162137177,5.004529964607748,5.30467916504711,5.364964333713865,5.991781872102896,6.274686422734531,6.637905588670523,6.950510478992289,7.332825568611394,7.881687813870627,8.799629632229859,8.933155901640042,9.173372613204062,9.561082533472142,9.958430936106007,,,,,3.593755300220061,3.6835854606569387,3.7193954958867437,3.7684240664092714,3.768223542948426,3.7612776881151233,3.75863253555528,3.6867849052988992,3.9014995543791704,3.9941211881226755,4.292781455606111,4.450283882472636,4.852481942992338,5.062280228932065,5.331919527931716,5.539005488553905,6.150250985851003,6.357165576281255,6.726075306521711,6.988130809593088,7.259642743803014,7.7755174807357985,7.983462801290731,8.384002610049563,8.72050187654983,8.888392926000423,9.08143956110648,9.307869654206714,9.597984626406003,10.010507556479498,,3.620479805247373,3.6974591761627957,4.611167162137177,7.332825568611394,8.799629632229859,3.761027140803969,"rgba(38, 166, 154, 0.5)",0.2120345034022887,3.761027140803969,0.8440742252994061,58.08017016569025,0.05447079052881065,True,False,True,False,True,0.0,0.0,0.0,0.0,0.0,0,0.9866910975165252,0.9743771610958417,False,False,False,False,0.14037211933098748,0.15075356574764603,False,False,False,False,-7994277,-11103596.282645024,False,False,False,False,497071.1457806118,False,False,False,False
2025-01-30 00:00:00+00:00,3.91,4.02,3.815,4.01,394665,,,,,,3.925572737124939,3.6329465233948652,3.7133257047556194,3.7617584411777325,3.7707350988586934,3.772429425617518,3.7701696651887047,3.7434994888982756,3.6988034838431747,3.820830126027353,4.3296217235174845,4.343314575645088,4.608000771796906,4.999958178974193,5.2995290340337995,5.359820348799313,5.985606174055856,6.267886161859647,6.630321954778868,6.942246849281011,7.323756922345226,7.871602514610067,8.787902786278542,8.921190121031119,9.161017714497,9.548180317080881,9.94496213629787,,,,,3.6107812451498607,3.689129094914395,3.7229206980968694,3.770425814391518,3.7702140801374333,3.7629263799997417,3.7602936145879857,3.688481293440097,3.9015761699945934,3.9936937282583376,4.290939246336424,4.447771977482413,4.848392458470802,5.0575416412185925,5.326792206149878,5.533600409835037,6.143722719656096,6.350188264580629,6.718297527145024,6.979786380031094,7.250727346212388,7.765617487471106,7.97320737485878,8.373043186374483,8.708922357632087,8.876505467890798,9.069228097006127,9.295324188619018,9.58503062397118,9.996961938216808,,3.6329465233948652,3.6988034838431747,4.608000771796906,7.323756922345226,8.787902786278542,3.7640256406928856,"rgba(38, 166, 154, 0.5)",0.21178928845701037,3.7640256406928856,0.6892433530071794,57.73704484180031,0.20430399493104545,True,False,True,False,True,0.0,0.0,0.0,0.0,0.0,0,0.9866976496883647,0.9674973661149457,False,False,False,False,0.1630922254945964,0.15692289562112122,False,False,False,False,-8388942,-10997139.251953064,False,False,False,False,493055.2184950976,False,False,False,False
2025-01-31 00:00:00+00:00,3.86,4.01,3.81,3.94,367435,,,,,,3.920581728134982,3.642818900205565,3.7167713235715336,3.7635583013108356,3.772165207464441,3.773808971942269,3.771443430361484,3.7447198511776953,3.699916251888291,3.821226029317174,4.327667893212345,4.341305932884576,4.604987268422572,4.995651864938817,5.294693933121124,5.354992647027993,5.979829675010715,6.261532247359243,6.623243393055239,6.934538936301686,7.315303730510833,7.862207876668564,8.776987217605086,8.910053110299314,9.149520026399912,9.536175186535393,9.932431609185045,,,,,3.6240676700808585,3.69358402729689,3.725732809130759,3.7719689001788272,3.771749201455641,3.764215639270929,3.761596490522521,3.689889213228348,3.9015328479203406,3.9931914575446457,4.2891422968799295,4.445360233563136,4.8445294325090105,5.0530820482348435,5.321979139588024,5.528533567619162,6.137620303001527,6.343670618153814,6.711039297248779,6.972003672631176,7.242416049955389,7.756394473499716,7.963655161113277,8.36283876259123,8.698143322383089,8.865441047592673,9.05786336758507,9.28364982987141,9.572977474897591,9.984360173101624,,3.642818900205565,3.699916251888291,4.604987268422572,7.315303730510833,8.776987217605086,3.766226912600201,#000000,0.2119274055606051,3.766226912600201,0.44247739999337965,56.496166263262076,0.20430399493104545,True,False,True,False,True,0.0,0.0,0.0,0.0,0.0,0,0.9970216008153492,0.9633785535468679,False,False,False,False,0.15821034399982853,0.15756661981047487,False,False,False,False,-8756377,-10909266.222464709,False,False,False,False,488128.93541685847,False,False,False,False
2025-02-03 00:00:00+00:00,3.77,3.83,3.6,3.64,559082,,,,,,3.8848830944779023,3.647755834195993,3.717240046353982,3.7629420187925007,3.771487991237924,3.7731182404038197,3.7708530106643896,3.7445804662964233,3.700204600725208,3.8205017831559007,4.323645450472973,4.337204387761216,4.599430411080764,4.988221582529406,5.286567653866612,5.34691012608867,5.970431868715964,6.251280423919972,6.611915590694901,6.922272091694442,7.301923468039091,7.847425139737781,8.759930285456372,8.892664130582817,9.131591713124374,9.51749070217697,9.91296212549166,,,,,3.631363525281608,3.694861108902807,3.725918974652326,3.77124467149621,3.771033947702697,3.763757961539932,3.7611815233842343,3.6903388331156166,3.9001984264195477,3.991227590181779,4.285346287435928,4.440678528028491,4.837732414936338,5.045434419228095,5.31390408329338,5.52013521315478,6.1277407516577815,6.33317632018865,6.69944351531685,6.959625125938896,7.229247975935904,7.741867130700431,7.9486382276382495,8.346848135110099,8.681291321734626,8.848160847953814,9.040133667147467,9.265458427935252,9.554221356485622,9.96478401649854,,3.647755834195993,3.700204600725208,4.599430411080764,7.301923468039091,8.759930285456372,3.7647346824490397,#000000,0.2114376359031147,3.7647346824490397,0.024902461326104457,53.952441129075986,0.20430399493104545,True,False,True,False,False,0.0,0.0,0.0,0.0,0.0,0,0.985691887467829,0.9644910315449016,False,False,False,False,0.03320724439637353,0.0953869321034242,False,False,False,False,-9315459,-10846763.978446485,False,False,False,False,490911.40853776596,False,False,False,False
2025-02-04 00:00:00+00:00,3.8,3.865,3.74,3.76,327667,,,,,,3.8765193967189266,3.652523438663092,3.718617557744419,3.7633993170829063,3.7717933286024348,3.7734009449872445,3.7711302760662195,3.7449871047248915,3.7007151290236884,3.8204112585588876,4.321583160757238,4.3350952886110905,4.596460817542258,4.9841422815375624,5.282052001554004,5.342409483100256,5.965127581624379,6.245472595381239,6.605474391068631,6.915279452947873,7.29427719162693,7.838953451668979,8.750122238954129,8.8826612434055,9.121271649245715,9.506724621309889,9.90173372957111,,,,,3.6377771119785254,3.696835069575036,3.7269909682535083,3.7715752602787425,3.771364605568081,3.7640843917321902,3.761526925343005,3.6910100288258354,3.8997424030855607,3.9903916744467463,4.283417955393756,4.43822549478817,4.834031423761032,5.041224637283685,5.309412455123664,5.515436369876013,6.122152357764073,6.327225573526173,6.692844938226318,6.952566912873156,7.221726215172096,7.733545912349646,7.9400284190769685,8.337665632721333,8.671603428328744,8.838221822979746,9.029930504562424,9.254983131612628,9.543413046715,9.95349288875913,,3.652523438663092,3.7007151290236884,4.596460817542258,7.29427719162693,8.750122238954129,3.7652398095629964,#000000,0.21144445312937618,3.7652398095629964,0.16439395747938934,52.832323040812675,0.20430399493104545,True,False,False,False,False,0.0,0.0,0.0,0.0,0.0,0,1.012828235944737,0.9422186231619281,False,False,False,False,0.08893897013773777,0.09216295112058098,False,False,False,False,-8987792,-10773863.116546623,False,False,False,False,484509.66702648107,False,False,False,False
2025-02-05 00:00:00+00:00,3.84,3.86,3.725,3.77,479588,,,,,,3.8677752459189683,3.659281229478186,3.7207100832254967,3.764162767205113,3.772326540488045,3.7739000191707714,3.7716138738840517,3.7456407305221004,3.701501904399768,3.82032688975827,4.318632243253701,4.332076305096204,4.592190156920382,4.978255330580702,5.275521531721601,5.33589750820565,5.957434383360207,6.237044534719455,6.596122112430951,6.905122825540052,7.2831670469355245,7.826638053018229,8.73585574967219,8.868110356299798,9.106257434645677,9.491058156168295,9.885391420211132,,,,,3.646687146331148,3.6997717482014867,3.728641679950152,3.772150747421085,3.7719395894213377,3.764635136637995,3.7621041973457774,3.692036270774203,3.8991273625799328,3.9892241504703634,4.280661799669012,4.434706140313746,4.828696586866224,5.03514700363113,5.302915062824635,5.5086316523604415,6.114044539975361,6.318588921553554,6.683263113968762,6.9423146353123055,7.210797705536203,7.721450322959117,7.927511178942184,8.324312064990304,8.657512268283785,8.82376416809347,9.015087109780437,9.239741893311718,9.527684832404619,9.937058912231809,,3.659281229478186,3.701501904399768,4.592190156920382,7.2831670469355245,8.73585574967219,3.7661778656592126,#000000,0.21140567722458303,3.7661778656592126,0.3491965556930791,52.86291058944431,0.20430399493104545,True,False,True,False,False,0.0,0.0,0.0,0.0,0.0,0,1.0058892351859683,0.9464069766298633,False,False,False,False,0.08254817525113485,0.08735556318585791,False,False,False,False,-8508204,-10685013.73942715,False,False,False,False,484316.660476423,False,False,False,False
2025-02-06 00:00:00+00:00,3.8,3.89,3.75,3.87,229169,,,,,,3.8646317456174186,3.6624091528022062,3.721731013246282,3.7645587592653262,3.772610500227178,3.7741674015908933,3.771871412691081,3.7459728551981097,3.701891220100388,3.8203036234245267,4.3172478079941135,4.330659538266584,4.59017865383279,4.975474975382462,5.272431933224801,5.332815392503917,5.953786076045855,6.233046020267822,6.591683189922225,6.9003007345159,7.2778906842157465,7.820787018235474,8.729074503755688,8.861193546646343,9.09911962425207,9.48360894167113,9.877619631784894,,,,,3.650745842151143,3.7011832308841024,3.729455056216959,3.772456554207215,3.772244960322262,3.7649230572276067,3.76240434007984,3.692541155056681,3.8988524054591727,3.9886868006026894,4.279369865743238,4.433051595008314,4.826179300844647,5.032275691145292,5.299840452649007,5.505408672261362,6.110198642676012,6.314490992259863,6.67871484722426,6.937446978633507,7.20560787453611,7.715704133401588,7.921563840061849,8.317965918905283,8.650814575648113,8.816891805935136,9.008030799076627,9.23249568983058,9.52020613925587,9.92924338734697,,3.6624091528022062,3.701891220100388,4.59017865383279,7.2778906842157465,8.729074503755688,3.7666820543185535,#000000,0.2113136092254016,3.7666820543185535,0.15767061006424388,52.01259054777653,0.20430399493104545,True,False,False,False,False,0.0,0.0,0.0,0.0,0.0,0,1.0048964292372757,0.9499465219652442,False,False,False,False,0.10014063948310298,0.09374810133448044,False,False,False,False,-8737373,-10608635.67121432,False,False,False,False,474310.8698695045,False,False,False,False
2025-02-07 00:00:00+00:00,3.76,3.825,3.735,3.8,381335,,,,,,3.856628759135989,3.6660343761157623,3.722660413288865,3.764674791017798,3.772618734290314,3.774158095885417,3.771886276848258,3.7461944212215745,3.70230268672208,3.820045036612455,4.314779324480348,4.328138164748163,4.586683298556517,4.970719559631035,5.2671795613892805,5.327580062149074,5.947629833395286,6.226312186325156,6.584222279840879,6.892206533159447,7.269045386988939,7.8109918718564995,8.717740409785858,8.84963503153028,9.08719539229433,9.471169614110407,9.864646441930109,,,,,3.655520418288769,3.7026452106251355,3.7301452415071865,3.7724672556212258,3.7722581587659225,3.7650049921693234,3.762509858507852,3.693096885335653,3.8981865828243913,3.987597583396712,4.277052697799139,4.430141442663174,4.821853775883784,5.027371841449931,5.294615452798733,5.499946600967434,6.103716572610926,6.3075931326051595,6.6710732374584625,6.929277448596735,7.196905683496987,7.706082265002038,7.911609559014784,8.307352057968782,8.639618819810973,8.80540686560142,8.996241415846134,9.220392191838389,9.507718038703581,9.916197784284261,,3.6660343761157623,3.70230268672208,4.586683298556517,7.269045386988939,8.717740409785858,3.766831788909034,#000000,0.2108116447257459,3.766831788909034,-0.03240707560496435,50.5820878990317,0.20430399493104545,True,False,False,False,False,0.0,0.0,0.0,0.0,0.0,0,0.993506946868673,0.9790446933503558,False,False,False,False,0.07456907035535276,0.0841585858449166,False,False,False,False,-9118708,-10550207.135088269,False,False,False,False,470664.75732560235,False,False,False,False
2025-02-10 00:00:00+00:00,3.77,3.915,3.75,3.8,267516,,,,,,3.8540240395899747,3.6692984844869487,3.723770978650813,3.7651067141168664,3.772928305451387,3.7744493924522833,3.7721680125486716,3.7465642660735976,3.702742781823991,3.820012802799016,4.313182609307737,4.326504206240796,4.58436374787819,4.967511993152169,5.263610793817556,5.3240183436258945,5.943407557956511,6.221683676145826,6.579082855537414,6.886622697157275,7.262934545434829,7.804213550392276,8.709881557577704,8.841618734234434,9.078922180149684,9.462533904456794,9.855635355000059,,,,,3.659673363612106,3.7041732320243836,3.7310349852507563,3.7728000460594426,3.7725905878630486,3.7653217331471356,3.762840565438152,3.6936662902738386,3.8978658119789835,3.986975555794659,4.275562516113043,4.4282334336346,4.818950629076408,5.024058871214806,5.291063108005345,5.496219952452183,6.099265107994191,6.302849277655363,6.665807004041884,6.923640759678757,7.190895229800229,7.699425788757513,7.9047192700187,8.299998412995192,8.63185697259469,8.797442200864076,8.988062982626818,9.211992797440715,9.49904801578542,9.907135824575041,,3.6692984844869487,3.702742781823991,4.58436374787819,7.262934545434829,8.709881557577704,3.7674003974718033,#000000,0.21080497798003572,3.7674003974718033,0.01233178909296384,49.87175472940825,5.014127794950767,False,False,False,False,False,0.0,0.0,0.0,0.0,0.0,1,0.9790132952422812,0.9795127408576481,False,False,False,False,0.10815703206910002,0.09615780895700832,False,False,False,False,-8851192,-10483579.090575004,False,False,False,False,462698.139391265,False,False,False,False
2025-02-11 00:00:00+00:00,3.57,3.78,3.56,3.75,393376,,,,,,3.8369615497061433,3.6682573101403126,3.722201608933829,3.763393894286115,3.7713580855432522,3.772893691138244,3.7707714028236152,3.7456589170041767,3.7023540836407185,3.818981391228985,4.310040102077318,4.3233098461400035,4.5802112124218795,4.962118199096366,5.257765990127497,5.318208679508377,5.936721823085402,6.214417817793323,6.571084251057148,6.87798326155906,7.253534179347117,7.793852757207117,8.697959680809419,8.82946867930125,9.066401011983915,9.449491277916277,9.842051133680357,,,,,3.6588074477507058,3.702810025052865,3.7295443795100875,3.77112152843378,3.7709252240918674,3.7640502358408723,3.7616045839100942,3.6932666021496927,3.8964495375673858,3.9851636956630863,4.272568363313145,4.424658743661408,4.813975370827513,5.018521421901516,5.2852560048073425,5.490203599359058,6.092252298559431,6.295418478689786,6.657625613674831,6.914925036079636,7.181639962120314,7.689240084091991,7.894197820819872,8.288808729221836,8.620075847207438,8.785366919420815,8.975678554496103,9.19929025069291,9.485955969028021,9.893478017502675,,3.6682573101403126,3.7023540836407185,4.5802112124218795,7.253534179347117,8.697959680809419,3.7653287597207923,"rgba(239, 83, 80, 0.5)",0.21221058723767364,3.7653287597207923,-0.9204477602336885,45.602757245221746,0.7519690863465271,False,True,False,True,False,0.0,0.0,0.0,0.0,0.0,1,0.9662636021862697,0.9870946622888377,False,False,False,False,0.004646995083050376,0.050402402020029345,False,False,False,False,-9244568,-10434990.420356378,False,False,False,False,459979.6241210193,False,False,False,False
2025-02-12 00:00:00+00:00,3.46,3.55,3.45,3.52,338472,,,,,,3.814798415734362,3.663405225280202,3.718605979986874,3.7602546641600036,3.7685630249669746,3.7701397279692976,3.7682739902970344,3.7438360207377936,3.7012678705037767,3.8173806259666936,4.30676233825523,4.319989638152451,4.576103870139279,4.956990827915303,5.252308226522511,5.312798739005215,5.930627024182856,6.207836784274648,6.563886719754907,6.870244011443354,7.2451509276089086,7.784658999912979,8.687443827884785,8.81875905931577,9.055377107433369,9.43802729235301,9.830128900142546,,,,,3.6534076358429046,3.699118622506628,3.726287689827107,3.7681354146691786,3.767959797130307,3.761711362452094,3.759306600901087,3.6920275718862676,3.8945466072201587,3.9829550679146406,4.269412055874867,4.421028125020783,4.809186744030508,5.013278732943112,5.279840272592589,5.484641616891548,6.08588352452799,6.288699029797441,6.650273619912734,6.907121240533376,7.173379623629431,7.680193922042871,7.884868804085248,8.278914643432646,8.60967963626928,8.774720757473006,8.964770332294826,9.188113373423914,9.474450231480514,9.881493388174121,,3.663405225280202,3.7012678705037767,4.576103870139279,7.2451509276089086,8.687443827884785,3.7615990957976697,"rgba(239, 83, 80, 1.0)",0.21533991567218733,3.7615990957976697,-1.4005721830819098,41.21881234916443,-3.4049315809162337,False,True,False,True,False,0.0,0.0,0.0,0.0,0.0,0,0.9518508489534755,1.02305663367131,False,False,False,False,-0.10357009015170582,-0.026583844065838236,False,False,False,False,-9583040,-10401580.599950247,False,False,False,False,455214.6192535284,False,False,False,False
2025-02-13 00:00:00+00:00,3.89,3.9,3.35,3.35,1127776,,,,,,3.7971324655915275,3.6674869188498085,3.7183507678427676,3.758545716501245,3.766813540740566,3.768375151971441,3.7667105970931174,3.7431370708857896,3.701466987054162,3.815737034713354,4.298994020536633,4.312072597859703,4.565439911892155,4.942755387419271,5.236667137640098,5.297210494797484,5.912399740028935,6.1879439653190005,6.541894148226227,6.846420644199,7.219154003881543,7.755907697866993,8.654223469880263,8.78488665098325,9.020440567932063,9.4015886008382,9.792133261663828,,,,,3.659078312662529,3.699883957786262,3.7257336736837208,3.7662833374607496,3.7661247913305322,3.7603893331338956,3.758060973199734,3.6924449754313744,3.89178545150557,3.9790326800455964,4.262069041219251,4.412017345379973,4.796170007751059,4.998621996422213,5.264279825083881,5.468407530790043,6.066717001940607,6.268332773753173,6.627758846986945,6.883079993487379,7.147796971612186,7.651945617557713,7.855655247815668,8.247785612266721,8.576860987954626,8.741062187166229,8.930226394763327,9.152654115218366,9.437869275984541,9.843286652145249,,3.6674869188498085,3.701466987054162,4.565439911892155,7.219154003881543,8.654223469880263,3.7601286868741868,"rgba(38, 166, 154, 0.5)",0.21556395761408015,3.7601286868741868,0.602472299002412,46.146446137879266,-3.4049315809162337,False,True,False,True,True,0.0,0.0,0.0,0.0,0.0,1,0.9368391843920736,0.9827673642008976,False,False,False,False,-0.02390567324198658,-0.02524475865391241,False,False,False,False,-8455264,-10325254.458775727,False,False,False,False,481589.5753612332,False,False,False,False
2025-02-14 00:00:00+00:00,3.74,4.01,3.72,3.88,375788,,,,,3.8233333333333337,3.798569159628363,3.67161967729012,3.7200170989296377,3.759322556532515,3.7674038751315027,3.7689381715191383,3.7672424441444203,3.743744756161507,3.7021334646920887,3.8157768092535167,4.29692823473617,4.309956513429247,4.562396053208364,4.938502041029464,5.231896988179775,5.292439646204901,5.906693065970831,6.181677257876026,6.534923215391715,6.838837995857823,7.210845465831952,7.746675652364933,8.643496657282888,8.773942229972704,9.009139777904775,9.389782437128291,9.77980451622662,,,,,3.6640991725506997,3.7020596641465358,3.7271049650963617,3.7669186309366367,3.7667580500094355,3.7609573100141738,3.758644994842269,3.6932938710609973,3.891439664682851,3.978281572123776,4.260147036583555,4.409530321177027,4.792334753891485,4.994223054558916,5.259526225544529,5.463398946650575,6.060694401482403,6.2619069586558185,6.620613415373823,6.875424582831733,7.13962669696527,7.6428825000224805,7.846267714400615,8.237756475772757,8.566268066027662,8.7301891857997,8.919057257448591,9.141177373008425,9.426015290612499,9.830887213117334,,3.67161967729012,3.7021334646920887,4.562396053208364,7.210845465831952,8.643496657282888,3.753468883497805,#000000,0.21530853621765855,3.753468883497805,-0.06255619834872148,47.2288542868843,-8.786537525736257,False,True,False,True,True,0.0,0.0,0.0,0.0,0.0,0,0.9853070736351492,0.9706236204658918,False,False,False,False,0.1290672563967128,0.051911248871400195,False,False,False,False,-8831052,-10266658.283921776,False,False,False,False,477440.4939745182,False,False,False,False
2025-02-18 00:00:00+00:00,3.88,3.945,3.7,3.75,614414,,,,,3.8347090492646947,3.802115093047841,3.678686062760072,3.723094230411215,3.760905839521202,3.7686507793312,3.770136290164641,3.768368110072885,3.744943082654241,3.7033700710536412,3.8159965693558324,4.293718314205216,4.306664776320433,4.557594896439858,4.931730197738072,5.224267380405849,5.284801998896561,5.897511024492426,6.171581520888013,6.523678957324814,6.826596835263967,7.197421270727918,7.731744357820913,8.626126863056683,8.756217600544089,8.990833406118279,9.370649842038016,9.759818044732567,,,,,3.6725512013661468,3.7059698660897915,3.7296775833000586,3.768255228622222,3.7680896706515936,3.7621307418024883,3.7598420164167496,3.6948507137162934,3.8910319453210276,3.9772124684590993,4.257170952810448,4.40563475580235,4.786246245225761,4.98721278931685,5.251919636447376,5.4553660843783875,6.05099691166917,6.251551628085986,6.609084789824298,6.863064847200735,7.126427817602147,7.628227045059098,7.831082399893615,8.221524095967062,8.549116505400706,8.71258104291967,8.900965888635469,9.122583311109988,9.406804526340904,9.81078530332973,,3.678686062760072,3.7033700710536412,4.557594896439858,7.197421270727918,8.626126863056683,3.756168707246192,"rgba(38, 166, 154, 0.5)",0.2156166100395499,3.756168707246192,0.5743123998243637,49.77319372832109,-6.4400282906649835,False,False,False,False,True,0.0,0.0,0.0,0.0,0.0,1,0.9810889227017986,0.9825065446881706,False,False,False,False,0.10174285951018647,0.07682705419079333,False,False,False,False,-8216638,-10186265.33161112,False,False,False,False,482812.0040147332,False,False,False,False
2025-02-19 00:00:00+00:00,3.74,3.91,3.74,3.83,243540,,,,,3.827199503623934,3.801943016682643,3.68059790878631,3.72382457379183,3.7611763258835116,3.7688360021936846,3.770308406135301,3.7685367548069144,3.7451927671364458,3.7036966633685156,3.81593175080772,4.292333052090954,4.305247743863533,4.5555909721131815,4.92895921831914,5.221168622097469,5.281703106826298,5.893814854299308,6.1675270388454235,6.519173578953184,6.8216996071616816,7.192058819741841,7.72578937906354,8.619212161730001,8.749163149786673,8.983549912837303,9.36304115037313,9.751873081873288,,,,,3.6748495453812065,3.7069657258441073,3.7302686010292305,3.7684551853447252,3.7682896223507023,3.7623286294244997,3.7600512750505404,3.695272422786678,3.890726536828956,3.976654161215347,4.255876487468277,4.403983361269845,4.783740477327835,4.984349390072057,5.248831603777645,5.452115838552475,6.047098643689012,6.2473952992138,6.604467652096154,6.858120997684778,7.121153994574541,7.622380511363972,7.825027567784689,8.215057303135819,8.542287763046199,8.705572466220588,8.893767036755444,9.115186602865267,9.399165059337761,9.802794861206706,,3.68059790878631,3.7036966633685156,4.5555909721131815,7.192058819741841,8.619212161730001,3.7562225608628723,#000000,0.21535221517087136,3.7562225608628723,-0.0753303644914927,49.52671717468501,-6.4400282906649835,False,False,False,False,True,0.0,0.0,0.0,0.0,0.0,1,0.9698334762654204,0.9933937103599063,False,False,False,False,0.1033456002819097,0.09008632723635152,False,False,False,False,-8460178,-10118575.632332252,False,False,False,False,473428.7881710182,False,False,False,False
2025-02-20 00:00:00+00:00,3.57,3.8,3.56,3.8,185451,,,,,3.8031730568005897,3.7982180903075937,3.6801436836889643,3.7232206961883594,3.7605014774462115,3.768207334541116,3.76968421883983,3.7679711446595503,3.744819714951452,3.703536185145599,3.8154921507106074,4.290958652124096,4.303850236691351,4.553765210992965,4.926573714998615,5.218564962230065,5.27910924576821,5.890803852858639,6.1642498258017016,6.515560131178774,6.8177925807456825,7.18780285359426,7.72109036085293,8.613793023004398,8.743638866737088,8.97785380633322,9.357101978945272,9.74568192330348,,,,,3.6744113166559322,3.706438098557183,3.7296884468688716,3.767788204180028,3.7676273788176453,3.7618116831458654,3.759548393106517,3.69510912408569,3.890118336676407,3.9758711179741053,4.254568138175322,4.402415873406692,4.781545791650895,4.981897878900779,5.246241537237101,5.449420916540551,6.043937577421741,6.244042331305942,6.600770499755489,6.854179012343065,7.116964563413237,7.617762484863647,7.820254071724314,8.20997517634763,8.53693336647539,8.700082675042637,8.88813435769224,9.109405929946137,9.393202861346854,9.796569546883234,,3.6801436836889643,3.703536185145599,4.553765210992965,7.18780285359426,8.613793023004398,3.754375436768701,"rgba(239, 83, 80, 0.5)",0.21668942361991606,3.754375436768701,-0.8508741852214465,47.331361938502326,-6.4400282906649835,False,True,False,True,True,0.0,0.0,0.0,0.0,0.0,1,0.9557598742718402,1.0089308401012604,False,False,False,False,0.01099142247161893,0.05053887485398522,False,False,False,False,-8645629,-10060813.019299615,False,False,False,False,462135.5415760763,False,False,False,False
2025-02-21 00:00:00+00:00,3.36,3.59,3.35,3.59,520045,,,,,3.703993224830233,3.77567275721117,3.6719862520187174,3.7172476032871966,3.755330574571787,3.763568559659296,3.7651106534266776,3.7637849385542053,3.7416531996936557,3.701536696778596,3.8127820476814023,4.285895668584459,4.298726610090764,4.5475121439308355,4.918844186686503,5.2103420832999285,5.270950908343053,5.881618217337438,6.154343243213234,6.504738173403406,6.806166081827201,7.175218585254558,7.707295161041537,8.598019954361467,8.727575921807421,8.961319046625396,9.339903141030419,9.727792157063869,,,,,3.665363916382471,3.7002321609249402,3.72424443017014,3.7628623023653174,3.762731923524116,3.7578582408897936,3.7556541015996894,3.6928213274716106,3.886990827478137,3.9723204227038473,4.249678546314446,4.3968479996886165,4.774309017010769,4.973999821595161,5.238077060308762,5.441032687547973,6.034345874287881,6.233930252751313,6.5897192579375785,6.842456595473,7.1045631497809705,7.604188287322425,7.806256012119769,8.195131270092608,8.52133904546019,8.684114736504357,8.871773505214687,9.092640335618945,9.375941020375254,9.77858584094713,,3.6719862520187174,3.701536696778596,4.5475121439308355,7.175218585254558,8.598019954361467,3.7440712869259585,"rgba(255, 0, 0, 1.0)",0.22197743575509624,3.7440712869259585,-1.7302267035361991,43.80005734331874,-6.4400282906649835,False,True,False,True,False,0.0,0.0,0.0,0.0,0.0,0,0.9343621379885807,1.0281171187219322,False,False,False,False,-0.12284768250142962,-0.0361544038237222,False,False,False,False,-9165674,-10025709.52834669,False,False,False,False,464406.5007299557,False,False,False,False
2025-02-24 00:00:00+00:00,3.36,3.41,3.28,3.36,523046,,,,,3.6287968866846114,3.7507674266167466,3.6616270988925925,3.7097913666262756,3.748988164141587,3.757885798413698,3.759510164212894,3.758643447375676,3.737689276148252,3.6989396591282557,3.8095046376679105,4.2803715334309675,4.293143489678429,4.54082784948306,4.910718746956957,5.201763534799428,5.262449095629452,5.872136468781758,6.144148790093364,6.493636905545179,6.794265853545273,7.162366517865601,7.6932408132155965,8.58199803922146,8.71126524751237,8.944538845953609,9.32246286184709,9.709664284384637,,,,,3.65389331057754,3.692406534129744,3.7174553558152246,3.7568357860981374,3.7567411687825074,3.7529801347307785,3.7508413228419997,3.689834198501513,3.883318239945039,3.9682508659895452,4.244323063212348,4.39083337162903,4.766660951561377,4.965711743962973,5.229563552735186,5.432318897665574,6.024462841928287,6.223532496707129,6.578390349310309,6.830461066093295,7.091892894675698,7.5903532941769125,7.792000408709535,8.180034823110443,8.50549525136619,8.667898681031028,8.855166305119143,9.075630766595912,9.358438084201879,9.760364395513811,,3.6616270988925925,3.6989396591282557,4.54082784948306,7.162366517865601,8.58199803922146,3.7338224988665494,"rgba(255, 0, 0, 1.0)",0.22692563373420369,3.7338224988665494,-1.647334823814594,41.44585427986303,-2.126896215835245,False,True,False,True,False,0.0,0.0,0.0,0.0,0.0,0,0.9237272975492182,1.0465959269755487,False,False,False,False,-0.2043305981265738,-0.120242500975148,False,False,False,False,-9165674,-9991982.644882113,False,False,False,False,466706.08893662406,False,False,False,False
2025-02-25 00:00:00+00:00,3.17,3.35,3.16,3.35,345146,,,,,3.579358917824012,3.731285026362641,3.6525848579986846,3.703404275866434,3.743650090556402,3.75311239150522,3.754808242410214,3.754317077396894,3.734298994168255,3.6966485191342096,3.806793570739643,4.276283348416261,4.289018080105702,4.536005146262751,4.904982817601778,5.195771796128075,5.256520892490383,5.865614421038925,6.137167054699836,6.4860684003668645,6.786178357676289,7.153660092718436,7.683754273099467,8.571231051390892,8.700309933907699,8.933277937262842,9.310773429579193,9.697527559617283,,,,,3.6438795990515063,3.6856392745550766,3.7116497866671683,3.751777827023162,3.751712263467008,3.7488588244698766,3.746769469012529,3.6871863247497556,3.8803680657355653,3.965064567449395,4.240341323770506,4.386436337311616,4.761223526102007,4.9598748537538615,5.2236217249326335,5.426270314557316,6.017682104271474,6.216419491688287,6.570674017767559,6.8223116186732495,7.083304780804678,7.5810089727866705,7.782383507518109,8.169871382491603,8.494844516713643,8.657005048524503,8.844017909560383,9.064221030738436,9.346707940220556,9.748166698609067,,3.6525848579986846,3.6966485191342096,4.536005146262751,7.153660092718436,8.571231051390892,3.7259051699347125,"rgba(255, 26, 202, 1.0)",0.23709009197800643,3.7259051699347125,-2.344700131907161,38.204177657149,-5.203608085901685,False,True,False,True,False,0.0,0.0,0.0,0.0,0.0,0,0.9180781651618006,1.0470666880078334,False,False,False,False,-0.2646394206637974,-0.1924409608194727,False,False,False,False,-9510820,-9973113.521553403,False,False,False,False,461939.02662538394,False,False,False,False
2025-02-26 00:00:00+00:00,3.1,3.215,3.065,3.16,327569,,,,,3.5320581218686193,3.710681044384394,3.642409275391853,3.696257554843368,3.737723185268603,3.7478151456955437,3.7495913578382907,3.7495096854610104,3.7304970075176005,3.694036210502324,3.8038042722319476,4.2720657198882535,4.284766390428575,4.531113588537418,4.89925280503068,5.189831633049941,5.2506508270968615,5.859220755959673,6.130345104123929,6.478698306929151,6.778321882706008,7.14522309519597,7.674586875097448,8.560861903681486,8.689763720525715,8.922444888369032,9.299539020672453,9.685873508518538,,,,,3.63262445691156,3.6780358047801256,3.705155296930335,3.7461685938324347,3.7461345615867137,3.7442689619372778,3.742231205556707,3.6841615017583718,3.877167961907275,3.9616596329317133,4.236221105383659,4.381936655783548,4.755764422918436,4.954053805500803,5.217734244336525,5.420300776796308,6.011047524427917,6.20947513038876,6.563165420475625,6.814397049707469,7.074978821047741,7.571974641386553,7.773094234139632,8.160069673581516,8.484584737287884,8.646516806194558,8.833290399866652,9.0532486496903,9.335435373408744,9.736455365728478,,3.642409275391853,3.694036210502324,4.531113588537418,7.14522309519597,8.560861903681486,3.717516560310218,"rgba(255, 26, 202, 1.0)",0.2480397381754404,3.717516560310218,-2.489587212325808,35.48859961298018,-7.761446166410877,False,True,False,True,False,0.0,0.0,0.0,0.0,0.0,0,0.9047846845072274,1.0558009961448631,False,False,False,False,-0.34282825441539394,-0.2676346076174333,False,False,False,False,-9838389,-9967830.206982682,False,False,False,False,456669.61381654534,False,False,False,False
2025-02-27 00:00:00+00:00,2.95,3.1,2.94,3.07,376205,,,,,3.4746940546129856,3.683788890108052,3.628372171286638,3.6864410388236677,3.7296366506613965,3.7405904940090364,3.742477516845499,3.742944994120502,3.725261275160745,3.6903847363365716,3.7997504754925373,4.266714447013814,4.2793778053393,4.525021337505414,4.892238114291752,5.182624221787754,5.243538803539099,5.851566925410243,6.122210858295418,6.469947005192959,6.7690206865505385,7.135264867918407,7.663804087114775,8.548718087876477,8.677418893725523,8.909775210581088,9.286416164589015,9.672275750442257,,,,,3.617118051468413,3.6675550315051453,3.696235521205368,3.738523407788249,3.7385314715324163,3.737988326239178,3.7360168235310915,3.6799268568113233,3.872895246852603,3.957179575758473,4.230976559646465,4.3762772749172845,4.749042858223824,4.94694155558881,5.210595435081062,5.413096611116094,6.003123610104171,6.201203414774232,6.5542575782132655,6.805030121659829,7.065146367595779,7.561341928572383,7.762174146865389,8.14857002208367,8.472565185094764,8.634237755065524,8.820740141815465,9.040421743841591,9.32226939214147,9.722792660247176,,3.628372171286638,3.6903847363365716,4.525021337505414,7.135264867918407,8.548718087876477,3.7064566517195714,"rgba(255, 26, 202, 1.0)",0.26298747958191004,3.7064566517195714,-2.876397967394358,32.576039175251196,-10.50925032124907,False,True,False,True,False,0.0,0.0,0.0,0.0,0.0,0,0.8965205858283716,1.0705383262315282,False,False,False,False,-0.34282825441539394,-0.3052314310164136,False,False,False,False,-10214594,-9977507.218473557,False,False,False,False,453514.13876491616,False,False,False,False
2025-02-28 00:00:00+00:00,2.89,2.97,2.825,2.93,402731,,,,,3.4150454487193413,3.6532183288021645,3.6116942284393083,3.6747286036893696,3.71999935410086,3.7319727628027266,3.733991562234492,3.735102885430713,3.7189679152122697,3.6859512490320383,3.7949120400982346,4.260580798213013,4.273205749981838,4.518122629715815,4.884386231545977,5.174604523837809,5.235632634785923,5.843128487757804,6.113268016038084,6.46035447539275,6.758847258449537,7.12439675961398,7.652065714152783,8.535539649057744,8.66402738492019,8.896039940892857,9.27220235317555,9.65755959767426,,,,,3.5987488186098378,3.6550398336779453,3.6855804194711443,3.7294119821810194,3.7294691826833897,3.730474576716462,3.728578930465891,3.6747850828197564,3.8678415806446913,3.9519267283320167,4.224952781181827,4.369827179691887,4.741489886845806,4.938990958493194,5.2026553446474875,5.40510931531097,5.994401731924763,6.192116101565416,6.5444997251539245,6.794787212103771,7.054411324247,7.549761844457474,7.750291076156589,8.136074354196287,8.45951854266992,8.620915941712783,8.807131163672116,9.026520521489678,9.308010008865587,9.708007712183692,,3.6116942284393083,3.6859512490320383,4.518122629715815,7.12439675961398,8.535539649057744,3.6937757392915835,"rgba(255, 26, 202, 1.0)",0.2788959572266834,3.6937757392915835,-2.881991360808015,30.222650430673998,-12.744184543534544,False,True,False,True,False,0.0,0.0,0.0,0.0,0.0,0,0.8967086101540043,1.0789914526660447,False,False,False,False,-0.34282825441539394,-0.32402984271590374,False,False,False,False,-10617325,-10002598.111866752,False,False,False,False,451522.6431270763,False,False,False,False
2025-03-03 00:00:00+00:00,2.7,2.91,2.685,2.9,609869,,,,,3.327410668838291,3.603978668876116,3.5835063991755747,3.6547880730744016,3.7035876341379996,3.7172761498340994,3.7195179111378462,3.7217041341562895,3.7081419568310063,3.678242642182634,3.7866384338750962,4.250521777238418,4.263091469021394,4.50695827295735,4.871843339000791,5.161880012381305,5.223101521581492,5.8298817313505005,6.099276289440915,6.44539969524155,6.743027688094407,7.107541847887361,7.633916732212115,8.515242386719578,8.643411525437301,8.874911172412206,9.250361523054877,9.634969638453292,,,,,3.5678227999368284,3.6337283452005384,3.6674076272377585,3.7138907250215185,3.7140295192341704,3.717616536872411,3.7158445949877805,3.6658487940623714,3.8592778436234694,3.943104018912321,4.215051869448925,4.359314215560444,4.729371544916592,4.9263093834533045,5.190062980213403,5.3924884337558785,5.980736604012333,6.177910737956847,6.52929890947555,6.778864120290252,7.037754892019842,7.531848034597411,7.731927337627276,8.116797944186512,8.43941850062601,8.60040424561643,8.78619067596089,9.005144962829622,9.286101305046344,9.685314977337647,,3.5835063991755747,3.678242642182634,4.50695827295735,7.107541847887361,8.515242386719578,3.6730129729148104,"rgba(255, 26, 202, 1.0)",0.3025968685682319,3.6730129729148104,-3.215542108940918,27.475403500486305,-15.375599839776001,False,True,False,True,False,0.0,0.0,0.0,0.0,0.0,0,0.8927755001794792,1.0637528102624172,False,False,False,False,-0.34282825441539394,-0.3334290485656488,False,False,False,False,-11227194,-10050621.48002884,False,False,False,False,457732.3041809165,False,False,False,False
2025-03-04 00:00:00+00:00,2.71,2.745,2.605,2.65,395466,,,,,3.2759004920106713,3.572147890177995,3.564554759776793,3.6412206321420792,3.692380411531549,3.707218175160472,3.7096099961555233,3.7125165163503544,3.7006800663327577,3.6728897681996826,3.7809382035080454,4.243730914400536,4.25626594805149,4.499472351651082,4.863489554248825,5.153433139141045,5.214786722369017,5.8211347289094775,6.0900540779663865,6.435561853774804,6.73263570622078,7.096485963932279,7.622031820147689,8.50197862700862,8.629943015524244,8.861113346020593,9.23610703534674,9.620234159479416,,,,2.686666666666666,3.547126534095583,3.619248501163202,3.6550121612775617,3.7032812661910697,3.703474453791113,3.7087896074626725,3.70709986980184,3.659651571728951,3.85340301084305,3.9370769909064207,4.208360174121131,4.3522391082592335,4.721282381797446,4.917869680856279,5.1817053172627645,5.384126718085241,5.971722822682694,6.168552143834321,6.519303448436111,6.7684057715440575,7.026826340896142,7.520113734424048,7.719904951727817,8.104190170991858,8.42628152789245,8.587002663389054,8.772513694189946,8.99118891529006,9.271803265941841,9.670513451530685,,3.564554759776793,3.6728897681996826,4.499472351651082,7.096485963932279,8.50197862700862,3.601020377176229,"rgba(255, 26, 202, 1.0)",0.31154008606865224,3.601020377176229,-2.86005049436842,25.850835676623294,-16.982931617513813,False,True,False,True,False,0.0,0.0,0.0,0.0,0.0,0,0.8818264649494127,1.0868339629088288,False,False,False,False,-0.34282825441539394,-0.3381286514905214,False,False,False,False,-10831728,-10081253.108263005,False,False,False,False,455290.4883306845,False,False,False,False
2025-03-05 00:00:00+00:00,2.75,2.86,2.685,2.73,569836,,,,,3.222862803766831,3.533712199273774,3.5409285314406853,3.623877009107269,3.6778837826859307,3.694152135728604,3.6967311825935094,3.7005503578680456,3.6909337244811797,3.665882161125239,3.7734083240702083,4.234535963900799,4.247019875312026,4.4892548087850255,4.851993243355228,5.141746036749581,5.203269427692706,5.808929092926263,6.077156740073025,6.421770820256993,6.718043059909405,7.080933446776635,7.6052768736134295,8.483228404202615,8.610897073943942,8.84159046485652,9.215920320864948,9.599349690455231,,,,2.7329083126316944,3.5215228815230843,3.6008345631104905,3.639093477549753,3.689522288490369,3.6897839917041564,3.6972878851671176,3.695705022981363,3.6515664673326587,3.845602051768997,3.929031218743341,4.1993114461822785,4.342623589590356,4.7101829905083825,4.90624301765308,5.170135260716499,5.372515871097106,5.959128716591712,6.155456426265686,6.505284373325202,6.753717167865322,7.011457813896877,7.503577528292958,7.702950081063397,8.086387152341917,8.407714241006492,8.568053443807216,8.753166014595758,8.971435920484982,9.251553291906324,9.649533351420589,,3.5409285314406853,3.665882161125239,4.4892548087850255,7.080933446776635,8.483228404202615,3.586957355131598,"rgba(255, 26, 202, 1.0)",0.3284535427304291,3.586957355131598,-2.548175757746391,25.64048496621679,-17.362845645184578,False,True,False,True,False,0.0,0.0,0.0,0.0,0.0,0,0.9083502859555523,1.0662015890684375,False,False,False,False,-0.2956462974741988,-0.3168874744823601,False,False,False,False,-10261892,-10088336.986370338,False,False,False,False,459782.4691804616,False,False,False,False
2025-03-06 00:00:00+00:00,2.79,2.8,2.65,2.68,293573,,,,,3.198687446885201,3.5148660867695116,3.5290184565460376,3.6150219789633606,3.6704442994033224,3.6874310477379426,3.690104398991801,3.6943842216466685,3.6858934872665365,3.6622413627366384,3.76950267724837,4.229784775969116,4.242242636947915,4.483982218532109,4.846067902138867,5.135723403015477,5.1973337167724205,5.80264121822482,6.070514589169342,6.414670788190495,6.710532238903495,7.072930627316878,7.596657429915407,8.473585442265568,8.60110240137808,8.831551026103794,9.205540017309408,9.588611109004347,,,,2.7361167974050904,3.508671527851811,3.591452992408352,3.630945186801137,3.6824526713430683,3.682748801612085,3.6913566760359657,3.6898279142720294,3.647372924233979,3.8415591242343887,3.9248644822992547,4.194634762098326,4.33765807317699,4.704460293444684,4.900251104872962,5.164172525186387,5.366532407477491,5.952641889610997,6.1487126477432925,6.4980674899405395,6.746157167789305,7.003549308769845,7.495070285575108,7.694228071182903,8.07723005991813,8.398165116928414,8.558308395638363,8.743216502309611,8.96127832580408,9.241140504672735,9.638745671406552,,3.5290184565460376,3.6622413627366384,4.483982218532109,7.072930627316878,8.473585442265568,3.5789270478079453,"rgba(255, 26, 202, 1.0)",0.3434417741840588,3.5789270478079453,-2.297120231463573,26.394470507990217,-17.362845645184578,False,True,False,True,False,0.0,0.0,0.0,0.0,0.0,0,0.9030725828119602,1.0628430507043336,False,False,False,False,-0.3184608325590287,-0.3176741535206944,False,False,False,False,-9968319,-10083630.39866954,False,False,False,False,453264.45078122785,False,False,False,False
2025-03-07 00:00:00+00:00,2.97,2.98,2.74,2.79,411586,,,,,3.1786192830518765,3.494786507294093,3.5159982318390517,3.604997383431234,3.661873620720883,3.6796442155541462,3.682420516904157,3.6872196021601056,3.680031234437347,3.658013640919429,3.7648724856659026,4.223843078102506,4.236262629663498,4.47727722090353,4.838406128240688,5.12785751524955,5.189566465311569,5.794299618846364,6.061665092381566,6.405167874781375,6.700446534839662,7.062147691411139,7.584996590141362,8.460473250632749,8.587775772874178,8.817877008760044,9.19137959238509,9.573941113466294,,,,2.775674786780416,3.494764182587933,3.5809166090476894,3.6216646058535438,3.6742782335070623,3.674612927973667,3.684465465304943,3.6830008873100546,3.6425269335653976,3.836710523775101,3.9198094335088496,4.188802577180137,4.331399737568389,4.697103499153893,4.892487508354492,5.156377715015335,5.358667104049837,5.944014868262253,6.1397176441584715,6.488398748440407,6.736001757238498,6.992899892789009,7.4835694913529025,7.682420643518541,8.064804452149858,8.385185365872326,8.545051973275271,8.729670314596321,8.947435566388425,9.226933785939382,9.624006047899622,,3.5159982318390517,3.658013640919429,4.47727722090353,7.062147691411139,8.460473250632749,3.5720190676954466,"rgba(255, 0, 0, 1.0)",0.3513769567974103,3.5720190676954466,-1.7133140237267925,30.52117791596993,-17.362845645184578,False,True,False,True,True,0.0,0.0,0.0,0.0,0.0,0,0.9094835842623454,1.056976209631077,False,False,False,False,-0.2543717821874252,-0.2860229678540598,False,False,False,False,-9556733,-10062967.755584462,False,False,False,False,451630.0017309836,False,False,False,False
2025-03-10 00:00:00+00:00,2.96,2.975,2.815,2.89,682635,,,,,3.1526165748132637,3.4652346723750784,3.496207064997377,3.5894264190612817,3.648430565589533,3.6673834441338253,3.6703155156163385,3.6759098563736377,3.6707414616566183,3.651285288618014,3.7574748794712214,4.21425115827053,4.226607168569878,4.466419820757995,4.825960158391961,5.1150485589839025,5.176910454567882,5.780664523856282,6.047188141276765,6.38960872279285,6.68392334060416,7.044471196022859,7.565865535825656,8.438939149014365,8.565886866650635,8.79541252160575,9.168107653367507,9.54982396765233,,,,2.816576642006956,3.4737674791433855,3.5646194604354453,3.607189545952636,3.6614283587819423,3.661821739778903,3.6735793848966694,3.672214890746246,3.634837957039429,3.828946443424177,3.911695854810409,4.179392261142386,4.321282013643759,4.685167112104159,4.879870723215271,5.1436805138448385,5.34583706220628,5.929906632106176,6.124999534261903,6.472565288840114,6.7193632688766565,6.975444215435076,7.464703800896223,7.663046380624801,8.044406124842215,8.363870287411489,8.523279264912729,8.707417738877707,8.924690913731867,9.203585019042473,9.59977350919364,,3.496207064997377,3.651285288618014,4.466419820757995,7.044471196022859,8.438939149014365,3.5605530600743904,"rgba(255, 0, 0, 1.0)",0.36005890409328717,3.5605530600743904,-1.6679300338002305,33.154295751451976,-23.5973652430468,False,True,False,True,True,0.0,0.0,0.0,0.0,0.0,0,0.9169054167621667,1.048695469478188,False,False,False,False,-0.23810384679811175,-0.2620634073260858,False,False,False,False,-10239368,-10069885.412228208,False,False,False,False,460689.021270945,False,False,False,False
2025-03-11 00:00:00+00:00,2.85,2.96,2.83,2.96,518474,,,,,3.1335040044402533,3.4433624503633,3.4811301938897965,3.5774434132845108,3.638044425640374,3.6578891607971866,3.660939219469966,3.6671350399233265,3.6634995986823893,3.646005005096308,3.75170062724782,4.206856235566424,4.2191649137976395,4.458081107199807,4.816434926124741,5.105258026296734,5.167237342738374,5.770262961944991,6.036153626498253,6.377759892750359,6.671348563640366,7.03102760520931,7.551325818798706,8.42258719514237,8.5492672340884,8.778358570438792,9.150444206839401,9.53152237287555,,,,2.828027995138548,3.4578275392790436,3.5520952782716897,3.596023529911343,3.6514898563494307,3.6519273878286116,3.6651246276804756,3.6638356341035467,3.6288133665748803,3.8229029657229594,3.905396732124657,4.172132602296832,4.313495499371521,4.676021845543705,4.870218212948241,5.13397533376383,5.336036396750953,5.919149392932533,6.113783630965524,6.4605099268186885,6.70670165284503,6.962167003726596,7.450364097641603,7.648323333667742,8.028910888638707,8.347683560594602,8.506747299918418,8.690523703465567,8.907425503381608,9.185863570943932,9.581384784119646,,3.4811301938897965,3.646005005096308,4.458081107199807,7.03102760520931,8.42258719514237,3.5507909176986403,"rgba(255, 0, 0, 1.0)",0.37105241124986327,3.5507909176986403,-1.8886574954143986,33.63548683620789,-22.98324446672594,False,True,False,True,True,0.0,0.0,0.0,0.0,0.0,0,0.908831446516867,1.0591722189343467,False,False,False,False,-0.23810384679811175,-0.25008362706209875,False,False,False,False,-10757842,-10096864.101944748,False,False,False,False,462955.0988681629,False,False,False,False
2025-03-12 00:00:00+00:00,2.7,2.92,2.635,2.92,272810,,,,,3.119919426381353,3.430022514740143,3.471858353313888,3.5701687731301517,3.6317851513377386,3.65217572569913,3.6552982272400225,3.66185498163994,3.659126627984755,3.642794926146263,3.748249921347043,4.202624833977899,4.214909778218059,4.453374594299301,4.811130613327107,5.099845701291025,5.161896449512279,5.764578089535598,6.030143483600602,6.371329785378799,6.6645424702966025,7.0237710487094445,7.543502314073127,8.413823385777777,8.540364213751861,8.769230185097834,9.141000459489174,9.52174771121241,,,,2.821402799067967,3.4479916071159926,3.54446402907698,3.5892562337576965,3.6455081431515253,3.6459721541085974,3.6600324350261833,3.658787152606031,3.6251451134544856,3.819325208201522,3.9017020855524773,4.167969038517019,4.309068310514016,4.6709057183777585,4.864851490497352,5.128613156415925,5.330642882520998,5.9132818457399,6.107680163708593,6.453972885549109,6.6998505480960215,6.954996780646003,7.442643951631662,7.6404051929123575,8.020592614841648,8.339005749437321,8.49788984955033,8.681478227085575,8.89818776867321,9.176389785080834,9.571564858937126,,3.471858353313888,3.642794926146263,4.453374594299301,7.0237710487094445,8.413823385777777,3.5440907148162943,"rgba(255, 26, 202, 1.0)",0.3857935778199682,3.5440907148162943,-2.187933556556485,32.458631745724176,-22.98324446672594,False,True,False,True,True,0.0,0.0,0.0,0.0,0.0,0,0.8877391238727693,1.0693223408670716,False,False,False,False,-0.29326244788370864,-0.2716730374729037,False,False,False,False,-11030652,-10133483.235201817,False,False,False,False,455498.4283243134,False,False,False,False
2025-03-13 00:00:00+00:00,2.67,2.73,2.615,2.66,328906,,,,,3.101483592573465,3.412790312394555,3.4597812372343935,3.5607261814340316,3.6236800268857787,3.64477904336992,3.6479957676126276,3.6550171998190373,3.6534500256548195,3.6386105890578233,3.7437897723808238,4.197276485978573,4.209533693459814,4.447469579230537,4.804524724268391,5.0931322997045925,5.155275977761829,5.757571450901327,6.022750596540133,6.363437087920526,6.6562011235466505,7.014891814397276,7.5339470551030265,8.403144707460118,8.529518977849508,8.758115671207232,9.129509763158708,9.50986175079159,,,,2.80722339882175,3.4351702364151246,3.534545791563129,3.5804746511848533,3.637765283702323,3.638263344544312,3.6534340693564498,3.6522441229199374,3.6203618394116064,3.8147225935738938,3.89697139750132,4.162699977171171,4.303491579692003,4.664518047661866,4.85817370460275,5.121963894776888,5.323969411353364,5.9060583659769375,6.100176373302433,6.445952614284047,6.6914554645183895,6.946220686336872,7.433211872045257,7.630737221419098,8.010446971800977,8.32843001106265,8.4870991191813,8.670462727937577,8.886942862607619,9.164863236692225,9.559624774250915,,3.4597812372343935,3.6386105890578233,4.447469579230537,7.014891814397276,8.403144707460118,3.5350793243168384,"rgba(255, 26, 202, 1.0)",0.4006391290352958,3.5350793243168384,-2.1592482152202015,31.39532943842751,-22.98324446672594,False,True,False,True,True,0.0,0.0,0.0,0.0,0.0,0,0.8772556676017895,1.0961881113048755,False,False,False,False,-0.34282825441539394,-0.30725064594414886,False,False,False,False,-11359558,-10181564.598527238,False,False,False,False,450534.0193704188,False,False,False,False
2025-03-14 00:00:00+00:00,2.77,2.78,2.68,2.69,107662,,,,,3.096725991944808,3.407847629807654,3.4562591170242905,3.557923961824214,3.6212540826291906,3.6425585755000918,3.645802660683235,3.652961064083393,3.6517406392661305,3.637349673000694,3.7424348886561165,4.19561575968021,4.207863676885319,4.445622827290783,4.8024436069845615,5.091007634942455,5.1531788284118845,5.755337937742137,6.020389323407263,6.36091086442279,6.653527259526906,7.012041037184497,7.530873415782962,8.399701439870226,8.52602099514477,8.754529048817465,9.125798977061637,9.506020713453232,,,,2.805302529758414,3.431450229158377,3.531613599722191,3.5778603514959464,3.6354434974086214,3.6359515535730464,3.651449570867008,3.6502763301318937,3.618924013981426,3.8133179694952344,3.895520888190156,4.1610658011894905,4.301754179534661,4.662510880260051,4.856068022195575,5.119858610198423,5.321851059464504,5.90375310329337,6.0977784396073975,6.443384403080107,6.688763924808244,6.94340381532411,7.430178879124557,7.627626353475726,8.007178785766706,8.32502053502093,8.483619049975374,8.666908724088186,8.88331318576298,9.161140624612296,9.555765926983188,,3.4562591170242905,3.637349673000694,4.445622827290783,7.012041037184497,8.399701439870226,3.532556498025838,"rgba(255, 0, 0, 1.0)",0.4119808444802578,3.532556498025838,-1.8509513445651957,32.86573544839682,-22.98324446672594,False,True,False,True,True,0.0,0.0,0.0,0.0,0.0,0,0.8991374673428616,1.0849950053788229,False,False,False,False,-0.3148836310162162,-0.3110671384801825,False,False,False,False,-11251896,-10223538.37897715,False,False,False,False,437088.0578264808,False,False,False,False
2025-03-17 00:00:00+00:00,2.73,2.81,2.68,2.78,384660,,,,,3.0805625379786803,3.3906833985063054,3.443895589894272,3.5480267772053806,3.6126622099343058,3.6346846826027908,3.6380245158223143,3.6456633159142107,3.645663146628355,3.632856790986242,3.7376078775724517,4.189699554519914,4.201914402651778,4.439044377618089,4.795030315898968,5.083437082216015,5.145705408024058,5.747376100670645,6.011972005880181,6.351905491242027,6.643995610379189,7.001878723571044,7.519916290579865,8.38742608780533,8.513550524366941,8.741742372467296,9.112569150553163,9.492326073795986,,,,2.7989682498455055,3.418417019495463,3.521268982376336,3.568614988599806,3.6272150401422047,3.6277580678223105,3.644403642978539,3.6432891892163335,3.6138057587666803,3.8083138661558986,3.8903531948871564,4.155244096598967,4.29556498762591,4.655361312812366,4.848567054813052,5.112356587621651,5.314301088800226,5.895535472317853,6.089230415350342,6.434229365778615,6.679169268111175,6.933362370914339,7.419366743877413,7.616536408262207,7.995527737593233,8.312865670941447,8.4712124651002,8.654238424088854,8.870372841568852,9.14786859157976,9.54200774199808,,3.443895589894272,3.632856790986242,4.439044377618089,7.001878723571044,8.38742608780533,3.5237035891144246,"rgba(255, 0, 0, 1.0)",0.4233743897265467,3.5237035891144246,-1.8747085519912292,33.37955893767105,-22.385254123178644,False,True,False,True,True,0.0,0.0,0.0,0.0,0.0,0,0.8830956797279543,1.095631424375918,False,False,False,False,-0.30767293753111735,-0.30937003800564994,False,False,False,False,-11636556,-10278950.834703537,False,False,False,False,435032.0555587757,False,False,False,False
2025-03-18 00:00:00+00:00,2.77,2.815,2.66,2.71,289389,,,,,3.0696107602469476,3.378498928321748,3.43497877489549,3.5408125204125604,3.6063686431713164,3.6289052668540194,3.632313805928266,3.640299302030244,3.641185624534598,3.62953750371376,3.734037012077011,4.185305657515883,4.197495643944982,4.43415271392891,4.789510625855466,5.077793772574482,5.140132785066006,5.741430399371867,6.005683929365437,6.345175565669708,6.636870510903503,6.994280068847682,7.511720274879752,8.378239661493913,8.504217554037202,8.732171734369507,9.102665078699042,9.482072422052278,,,,2.7955244899898486,3.409047675532945,3.5137440823818933,3.561861473198963,3.621180786353446,3.6217489582296616,3.6392223974986577,3.6381507391475325,3.610030642464668,3.8046089352800467,3.8865237234326955,4.150921237726193,4.2909657197092415,4.650040724605508,4.842981020089501,5.106763453735624,5.308668398479692,5.889397486947292,6.082844093163584,6.42738706050069,6.671996859574087,6.925854466728351,7.411279743209081,7.60824049185212,7.986810137251611,8.30376971176233,8.461927484433756,8.644755283153868,8.86068657073101,9.137932767406646,9.531706320276506,,3.43497877489549,3.62953750371376,4.43415271392891,6.994280068847682,8.378239661493913,3.5173529693491785,"rgba(255, 0, 0, 1.0)",0.4321437448565814,3.5173529693491785,-1.7294082773249624,34.623283179615015,-20.902521826551826,False,True,False,True,True,0.0,0.0,0.0,0.0,0.0,0,0.8652507706325973,1.110980787499273,False,False,False,False,-0.31127436395826524,-0.3103222009819576,False,False,False,False,-11347167,-10320841.664715163,False,False,False,False,429320.5631839218,False,False,False,False
2025-03-19 00:00:00+00:00,2.79,2.825,2.72,2.81,219498,,,,,3.062505549289556,3.3699865550553083,3.428655373224705,3.5356306917159857,3.6018206137581092,3.6247193072493435,3.6281763055381573,3.636408745588452,3.6379322799620484,3.627121579031599,3.731427609616462,4.182059970620119,4.194230957845642,4.430526973612768,4.78540506414997,5.073586440111041,5.135976065168401,5.7369814006057425,6.000974413825274,6.340130175793507,6.6315251281605105,6.988575258130716,7.50556148461601,8.371328828858191,8.497195528698656,8.72496917464557,9.095208864306958,9.47435047936015,,,,2.794681171469257,3.402428867861099,3.5083534370031435,3.5569988970851574,3.6168142720287406,3.6174002866172814,3.6354632679527987,3.6344225485996535,3.6072880803562106,3.801895340931134,3.883712308626095,4.147729830190091,4.2875629134433115,4.6460882324639385,4.838824257144295,5.102592488502743,5.304462403352683,5.884802156370398,6.078059839245286,6.422256354752395,6.6666155691557085,6.920218520376908,7.405203846261694,7.602005698963745,7.980254994464625,8.296927494858618,8.45494188103517,8.637619215181706,8.853396029123006,9.130452404979616,9.523948092589757,,3.428655373224705,3.627121579031599,4.430526973612768,6.988575258130716,8.371328828858191,3.5129117719501535,"rgba(255, 0, 0, 1.0)",0.44070574032114124,3.5129117719501535,-1.640350251447529,35.91711607598705,-19.39703593895418,False,True,False,True,True,0.0,0.0,0.0,0.0,0.0,0,0.8654284367265154,1.1203099831061172,False,False,False,False,-0.2945328848934258,-0.3024275429376917,False,False,False,False,-11127669,-10352481.952373393,False,False,False,False,421092.2273727876,False,False,False,False
2025-03-20 00:00:00+00:00,2.72,2.81,2.705,2.76,163671,,,,,3.0568335758212113,3.3634458821001347,3.4237813131019674,3.53164434881266,3.598325748578151,3.62150284481676,3.62499714441495,3.6334186818151064,3.635428858322846,3.6252586294227593,3.7294234102925885,4.179592279915401,4.1917492891223675,4.427779382613237,4.782303939519471,5.070413789112738,5.1328423857277805,5.73363536539669,5.9974354189150745,6.33634218611679,6.627514518689604,6.984297844759297,7.500947229505972,8.36615613911419,8.491940226693,8.719579800185254,9.089631213826932,9.468575493500941,,,,2.792928028736646,3.397324383987608,3.5042037978767673,3.553258623850577,3.6134593950716947,3.6140590638438144,3.6325733499288995,3.631556132231915,3.6051730423722668,3.7998156506839136,3.8815622764776796,4.145302074395335,4.284979701772504,4.643099457660368,4.835685633750471,5.099447612249578,5.301293983705999,5.8813477520278985,6.074465469628727,6.418405059284685,6.662578307783506,6.915992235258186,7.400651086690135,7.597335071808983,7.975346559330387,8.291805791942089,8.449713636600501,8.632279212404054,8.847941358642464,9.124856826655032,9.518146150362535,,3.4237813131019674,3.6252586294227593,4.427779382613237,6.984297844759297,8.36615613911419,3.509429812769966,"rgba(255, 0, 0, 1.0)",0.4496225444024021,3.509429812769966,-1.7557611881299344,35.770443035450896,-19.26133515521331,False,True,False,True,True,0.0,0.0,0.0,0.0,0.0,0,0.8499490194913829,1.1301636325839695,False,False,False,False,-0.29703597674729987,-0.2997317598424958,False,False,False,False,-11291340,-10389299.915025417,False,False,False,False,410997.2772797371,False,False,False,False
2025-03-21 00:00:00+00:00,2.73,2.75,2.63,2.66,277167,,,,,3.046453537719249,3.3519508492338024,3.4151869415246883,3.5246318658913145,3.5921861474475465,3.615852872531104,3.619412852802963,3.6281653335327424,3.6310244390260817,3.6219732332165435,3.72590505853538,4.175311852956688,4.187445581699657,4.42303217133051,4.776966848413812,5.064964851214433,5.127462106550283,5.727907331008716,5.991383304231121,6.329871412684801,6.6206689511180725,6.977002933001153,7.49308535263768,8.357353387463606,8.482998189343258,8.710411844444758,9.080146226704414,9.458758009134227,,,,2.787875941128166,3.3883179336403773,3.4968985147182203,3.546680169049135,3.607566848716639,3.6081903977568985,3.6274942483702883,3.62651776986773,3.60144256222654,3.796174041621843,3.877806981979096,4.141088161186021,4.2805070362589905,4.63794888664072,4.830286467672391,5.094047134315513,5.295859143031007,5.875437742970488,6.068320315254149,6.411827718524311,6.655687858706337,6.908783453895295,7.392892696366153,7.589378356181914,7.966989326537188,8.28308902234565,8.440817212875,8.623194432559224,8.838663472134328,9.115341643138668,9.508283223598731,,3.4151869415246883,3.6219732332165435,4.42303217133051,6.977002933001153,8.357353387463606,3.50318637584677,"rgba(255, 0, 0, 1.0)",0.4572357997565767,3.50318637584677,-1.6910013963438542,35.935173444529156,-18.77446773029185,False,True,False,True,True,0.0,0.0,0.0,0.0,0.0,0,0.8680175415173207,1.140691595887808,False,False,False,False,-0.3329845808258881,-0.31635817033419195,False,False,False,False,-11014173,-10413804.741887165,False,False,False,False,405749.0311119043,False,False,False,False
2025-03-24 00:00:00+00:00,2.75,2.805,2.725,2.75,195228,,,,,3.040648925660037,3.3447781283119498,3.4097275609236695,3.5200992463627143,3.5881844114100434,3.612159315324878,3.6157607038846256,3.624725067525812,3.6281349830952014,3.6198150037228354,3.723577818670749,4.172427215693161,4.184544266219112,4.419813705668597,4.773326264795279,5.061233551627374,5.12377493794281,5.723961006729477,5.9872069483904,6.325398417928544,6.61593100356744,6.971947458266444,7.48762846681359,8.351231384629658,8.476777846501275,8.704031728202718,9.07354140359583,9.451917820874462,,,,2.786811055250751,3.382626418217094,3.4921941432061323,3.542414563893416,3.603719159798098,3.604357926012101,3.6241672134279432,3.6232174353955093,3.5989980236174266,3.793755741445881,3.875303134785159,4.138251165384341,4.277484428035573,4.6344431533935,4.826600726031731,5.0903476093642315,5.292128012094215,5.871362219100817,6.064077951625783,6.407279380272427,6.650918194144086,6.9037888188931475,7.387509136402068,7.583854218732437,7.961181834409616,8.2770276885733,8.434629086723055,8.616873177336538,8.832205414585626,9.108715427914303,9.501410905394874,,3.4097275609236695,3.6198150037228354,4.419813705668597,6.971947458266444,8.351231384629658,3.499305855185549,"rgba(255, 0, 0, 1.0)",0.46471198093839455,3.499305855185549,-1.6124091607719542,36.600554021537356,-17.81000590773153,False,True,False,True,True,0.0,0.0,0.0,0.0,0.0,0,0.9383308674447915,1.0980766069373664,False,False,False,False,-0.2914683462077684,-0.30391325827098015,False,False,False,False,-10818945,-10429692.595146492,False,False,False,False,397493.30440163356,False,False,False,False
2025-03-25 00:00:00+00:00,2.73,2.775,2.7,2.76,124131,,,,,3.036760979526626,3.340116097486383,3.406171657992441,3.517151257968727,3.5855837537433786,3.6097589780211297,3.6133873044614915,3.6224889702255747,3.626255121299322,3.618408620667836,3.72206568247585,4.170566840102931,4.182673393956301,4.417743067628774,4.77098965621763,5.05884166552211,5.121411775948742,5.721436166983687,5.98453659585809,6.322540295995227,6.612905044803454,6.968720314192941,7.484147063823772,8.34732844326187,8.472812554090764,8.699965164064023,9.06933246037668,9.44755969193525,,,,2.7855824522881827,3.378917758280823,3.4891330254311774,3.5396404616310213,3.6012188617835466,3.6018674837829563,3.6220042230153138,3.6210716441464803,3.597405001372412,3.7921869419594185,3.87368139423355,4.1364207738838035,4.275537258435466,4.632191277934441,4.824235786445251,5.087976279140843,5.28973800120059,5.868755659593414,6.061365834137774,6.404373534587394,6.647872140893802,6.9006002285509185,7.384074174398673,7.580330227861349,7.957478297006676,8.27316321754405,8.430684219455538,8.612843917938607,8.82808947004473,9.104492928045019,9.497032405383731,,3.406171657992441,3.618408620667836,4.417743067628774,6.968720314192941,8.34732844326187,3.496749466780033,"rgba(255, 0, 0, 1.0)",0.47052866568115587,3.496749466780033,-1.6295488940510274,36.69061200962508,-17.39724188898245,False,True,False,True,True,0.0,0.0,0.0,0.0,0.0,1,0.9522600932112978,1.0409792801392554,False,False,False,False,-0.3065708748094108,-0.3052420665401955,False,False,False,False,-10943076,-10449825.277689768,False,False,False,False,386773.2140329421,False,False,False,False
2025-03-26 00:00:00+00:00,2.71,2.755,2.675,2.74,123155,,,,,3.0327301013093186,3.33539752862585,3.402567861426481,3.514167828500291,3.5829538379550434,3.60733179591845,3.6109874013959544,3.62022764336159,3.6243526933309953,3.61698359292642,3.720537169208287,4.168698059110415,4.180794289150216,4.41566734713751,4.7686520936350485,5.0564513615088575,5.119050565844299,5.718917247874516,5.981873933464574,6.319692041279079,6.609890789993398,6.965507037912905,7.480682335600053,8.343446618169937,8.468869012926941,8.695921410928811,9.065147866275497,9.443227476276462,,,,2.7839217403931094,3.3751575930146456,3.486033781555162,3.5368333396235574,3.598690712111496,3.5993492781798566,3.619816447955036,3.6189011383783884,3.595790737092324,3.7906032599227872,3.872046428075744,4.134581483561163,4.273583148798213,4.629936923699528,4.821870442446869,5.085606687270978,5.287351120302725,5.866156022217858,6.058661906225065,6.401478081151394,6.6448380088879295,6.897425096249922,7.380655369916712,7.576823391714371,7.953793840231488,8.269319474803392,8.426760894136972,8.608837075313405,8.823996874247745,9.100294921858296,9.492680027186857,,3.402567861426481,3.61698359292642,4.41566734713751,6.965507037912905,8.343446618169937,3.4941366111131122,"rgba(255, 0, 0, 1.0)",0.4758922203691413,3.4941366111131122,-1.6477189110275245,36.38392153667205,-17.391836993983198,False,True,False,True,True,0.0,0.0,0.0,0.0,0.0,1,0.9293233082706767,1.045779863191814,False,False,False,False,-0.3190288883845759,-0.3121354774623857,False,False,False,False,-11066231,-10473998.051113699,False,False,False,False,376435.2448551796,False,False,False,False
2025-03-27 00:00:00+00:00,2.79,2.82,2.685,2.71,234067,,,,,3.02653511034346,3.3273513597784716,3.396326625351905,3.5089200860331604,3.57829330063424,3.603019284658536,3.606721784424814,3.6162037471222837,3.6209625539336545,3.614441682044078,3.717793194833979,4.165285078187038,4.177361377260102,4.4118554735072735,4.764335271292138,5.052021658819539,5.114671723249614,5.714223525781331,5.976905043134046,6.314368430923102,6.604250549180925,6.959487321476774,7.474182380388692,8.33615115986447,8.461455977961894,8.688317181467848,9.057274412097625,9.43507215584017,,,,2.78312971193763,3.3686757921601815,3.4806004663077257,3.5318818441535256,3.5942033101702076,3.5948791491943313,3.61592264229188,3.6150381195809,3.592917559978846,3.7877498574056756,3.869089689133901,4.13122542751995,4.270005173523415,4.625782000777449,4.817499276456076,5.081213881172425,5.2829176242153295,5.8613077439588075,6.053614055624286,6.396064434502796,6.639159866007832,6.891478083553158,7.374243181783695,7.570242906889665,7.94687435484811,8.262096529718573,8.419386385361374,8.601303306404793,8.816299253977022,9.09239584104863,9.48448624789405,,3.396326625351905,3.614441682044078,4.4118554735072735,6.959487321476774,8.33615115986447,3.48969086624669,"rgba(239, 83, 80, 1.0)",0.4784478282182838,3.48969086624669,-1.4624183139304954,38.66417288489863,-14.979991515623759,False,False,False,True,True,0.0,0.0,0.0,0.0,0.0,1,0.9254082151533984,1.0423639753658398,False,False,False,False,-0.2983167256891108,-0.30522610157574825,False,False,False,False,-10832164,-10488043.774599437,False,False,False,False,370852.1764294863,False,False,False,False
2025-03-28 00:00:00+00:00,2.71,2.79,2.68,2.79,129977,,,,,3.0227309759529892,3.322682662209603,3.3927061094294633,3.5058891192808916,3.5756072708656728,3.600534897256768,3.6042645880497637,3.613885700249634,3.619007749471802,3.6129732988407435,3.716215235158199,4.1633453265716245,4.175410722160017,4.409697245813371,4.761900363801243,5.049528134748903,5.1122076322334085,5.711589751743905,5.974119598343232,6.311387266629772,6.601094472612547,6.956121546840169,7.470551380226089,8.332080420537071,8.457320202258257,8.684075707712,9.05288420504119,9.43052613896365,,,,2.78184711196584,3.364910776396101,3.47745883407124,3.5290235510914685,3.5916180276217435,3.5923038104380116,3.613678980608542,3.6128119897033804,3.5912571798070356,3.786113082479732,3.867397858894322,4.129316818326554,4.267975229818789,4.62343539829608,4.815034805297526,5.078741485660442,5.280425056795314,5.858588794116741,6.05078507299399,6.393033537547531,6.635982846802639,6.888152494245304,7.370660643424765,7.566567452888532,7.943011574618869,8.258065908322383,8.415271917350951,8.597100777270398,8.81200619466021,9.087991472926294,9.479918961675406,,3.3927061094294633,3.6129732988407435,4.409697245813371,6.956121546840169,8.332080420537071,3.4870703934234455,"rgba(255, 0, 0, 1.0)",0.4824512111847596,3.4870703934234455,-1.6106714532132422,38.553213025704096,-14.90758642825552,False,False,False,True,True,0.0,0.0,0.0,0.0,0.0,1,0.9177292496660998,1.0604901770527733,False,False,False,False,-0.3079504858203908,-0.3065882936980695,False,False,False,False,-10962141,-10506635.82265436,False,False,False,False,361406.0910793104,False,False,False,False
2025-03-31 00:00:00+00:00,2.69,2.73,2.58,2.68,636742,,,,,3.001897306029277,3.298620667190748,3.373972546360457,3.49025614969838,3.56177686014125,3.587743055800973,3.591613043845428,3.6019459169446972,3.60891787462298,3.6053672247080004,3.7080926885175916,4.153524075405656,4.165537347598279,4.3988296261474895,4.749706440400533,5.037075976388791,5.099907674508206,5.698496000925215,5.960291880530163,6.296610938632899,6.585468874080316,6.93947723693646,7.452619523416492,8.312010864952944,8.436934182217767,8.663175733314763,9.031261632734292,9.408145940672572,,,,2.770313150641026,3.345411036154249,3.4612387748558113,3.5142837543539227,3.5783091409692096,3.579045730369346,3.602116577528515,3.6013380689123387,3.582656133006885,3.7777171236662626,3.858749508795544,4.119644444813706,4.25772330458863,4.611661948783735,4.8027006440973405,5.066397085597675,5.267998916870656,5.845082968327506,6.036746546333552,6.378015776983604,6.620255526300729,6.871703472913637,7.352963990709971,7.548419916987401,7.923953856097292,8.238191613799408,8.394989562945296,8.576390120554056,8.79085565896957,9.066300075170732,9.457435273356547,,3.373972546360457,3.6053672247080004,4.3988296261474895,6.93947723693646,8.312010864952944,3.4732457850325544,"rgba(255, 0, 0, 1.0)",0.4866793161407512,3.4732457850325544,-1.6093673165391604,38.09347022584515,-14.90758642825552,False,False,False,True,True,0.0,0.0,0.0,0.0,0.0,1,0.8946080440255254,1.1076634857443945,False,False,False,False,-0.34282825441539394,-0.32470827405673175,False,False,False,False,-11598883,-10549469.045295367,False,False,False,False,372203.57770365116,False,False,False,False
2025-04-01 00:00:00+00:00,2.67,2.73,2.57,2.66,275933,,,,,2.993360169690256,3.288576533473925,3.366040676317504,3.483580938340835,3.555847785775751,3.582248879235364,3.586177767526603,3.596810443948249,3.6045658079994123,3.60207425376233,3.7045782620207763,4.149279584643034,4.161270448866503,4.39413515680312,4.7444410001121105,5.031697549774172,5.094594065550597,5.692838115058782,5.954317379580726,6.290227203976122,6.578718799229878,6.932287664953819,7.444874088894674,8.303342461390493,8.428129151241247,8.654148694277023,9.021922218466607,9.398479064334817,,,,2.7655865693902713,3.337175432929633,3.4543236629110656,3.5079780580545075,3.5725979606339786,3.5733558632696427,3.5971405888623607,3.5963995290863124,3.5789382062477233,3.774085314257299,3.8550091902927033,4.115463949990898,4.253293607771686,4.60657778903637,4.797374676783862,5.061064648838612,5.26263009170733,5.839247329284831,6.030681095844183,6.371527904471647,6.613461570332236,6.864598154680402,7.3453201319752575,7.540581315440527,7.915722229989763,8.22960749349538,8.38622929285586,8.567444876494715,8.781720301828978,9.056930908816533,9.447723677370886,,3.366040676317504,3.60207425376233,4.39413515680312,6.932287664953819,8.303342461390493,3.467367869473825,"rgba(255, 0, 0, 1.0)",0.4901084638207967,3.467367869473825,-1.6269212395511181,37.38866883718877,-14.90758642825552,False,False,False,True,True,0.0,0.0,0.0,0.0,0.0,1,0.8830051143377813,1.1069778378696138,False,False,False,False,-0.34282825441539394,-0.3337682642360629,False,False,False,False,-11874816,-10601443.435675941,False,False,False,False,368428.26093095896,False,False,False,False
2025-04-02 00:00:00+00:00,2.72,2.765,2.65,2.65,185182,,,,,2.9887615601650466,3.2825817265135497,3.3612202956024833,3.4794547477145428,3.5521528139694496,3.578814836166088,3.582779134434975,3.593594942426152,3.6018355007923817,3.600004911962429,3.7023559331483944,4.146548994137924,4.158524570316897,4.391098084490952,4.741014830165885,5.028184903176644,5.091121137323275,5.689121396867421,5.950386593736721,6.286020201904658,6.574265077193844,6.927538069141861,7.43974959365402,8.297596394530201,8.422291183608136,8.64816115493431,9.015723779760668,9.392059813096662,,,,2.7641224397147814,3.3321958304057486,3.450064543573014,3.5040680291704813,3.569032426035425,3.569803280169854,3.594023993063756,3.5933063572080077,3.5766075600972758,3.771780449232597,3.852626652881636,4.112777013334684,4.250436437775817,4.603276373917645,4.793906607195317,5.057580758429363,5.259115153720809,5.835410398847871,6.0266888464449035,6.367250761185441,6.608978305532484,6.859905257732629,7.340264195431329,7.535393889433196,7.910269921254291,8.223918085604327,8.380421443919726,8.561512477914366,8.775659610123496,9.050712392604124,9.441274304595826,,3.3612202956024833,3.600004911962429,4.391098084490952,6.927538069141861,8.297596394530201,3.4638390431166917,"rgba(255, 0, 0, 1.0)",0.4912831883686316,3.4638390431166917,-1.5140738798465785,38.651989591961126,-14.369873936079912,False,False,False,True,True,0.0,0.0,0.0,0.0,0.0,1,0.8919447779111646,1.1146938775510205,False,False,False,False,-0.3112491136313996,-0.32250868893373125,False,False,False,False,-11689634,-10644117.575453356,False,False,False,False,361242.1330513135,False,False,False,False
2025-04-03 00:00:00+00:00,2.6,2.7,2.57,2.65,249253,,,,,2.9809046108052937,3.2734883375167323,3.3539759043859245,3.473339082478582,3.5467128334197544,3.5737686861870843,3.577786437851876,3.5888738010737917,3.5978247217248684,3.5969592819575813,3.6991150488359006,4.142664730084847,4.154620386602226,4.386813384995086,4.736221494239574,5.0232940295039334,5.086289622396969,5.683985358490378,5.944966927262187,6.280233659972096,6.568149865229342,6.921028420898746,7.432741033978021,8.289758859388773,8.414330885530559,8.640001380034803,9.007283313021244,9.383325012003016,,,,2.7591582153310394,3.324680707680234,3.4437317118292805,3.498285432014324,3.5637899488341844,3.5645800556035794,3.589447059780174,3.588763236617974,3.573171880455055,3.7684366813556056,3.849188350206157,4.108949635733192,4.246387589977453,4.598644162641097,4.78905953521734,5.052731802118618,5.2542358279830745,5.8301151491702345,6.021187678473356,6.361370800072011,6.602823716803767,6.853471237818134,7.333346812194162,7.528301701738489,7.90282479219801,8.216156280620561,8.372501364360433,8.55342619705915,8.76740251314493,9.042245187223275,9.432499301676138,,3.3539759043859245,3.5969592819575813,4.386813384995086,6.921028420898746,8.289758859388773,3.4584178497191624,"rgba(255, 0, 0, 1.0)",0.4953405598906169,3.4584178497191624,-1.732985180758712,37.07075621806679,-14.369873936079912,False,False,False,True,False,0.0,0.0,0.0,0.0,0.0,1,0.851973525872443,1.1335619735258726,False,False,False,False,-0.34282825441539394,-0.3326684716745626,False,False,False,False,-11938887,-10694892.847004205,False,False,False,False,356850.4023434189,False,False,False,False
2025-04-04 00:00:00+00:00,2.37,2.52,2.31,2.52,331990,,,,,2.964732045847888,3.25772994655011,3.3416621137770948,3.4632228856978577,3.5378365629999085,3.565569689262612,3.569679326289081,3.5812183121043457,3.591320725907321,3.5920082870974617,3.693938607850537,4.136765800443164,4.148697042718946,4.3804198979742,4.729199370202823,5.0162071523292475,5.079302764468422,5.67667390096602,5.937292104752594,6.272085700085282,6.5595746403458035,6.911939496812791,7.423005651093764,8.278943177486273,8.403354534733047,8.6287651634026,8.995683590763413,9.371342521747318,,,,2.7430472734439664,3.31180530560726,3.4331903056678352,3.48876413207971,3.555259970820127,3.5560822807031687,3.5820236318136995,3.581393131903322,3.5675670658138308,3.7631503608459926,3.8438095785142674,4.1031204593156385,4.24028819404416,4.591814110962953,4.781974748525941,5.045712227991501,5.247215533881617,5.8225999372416855,6.013408222545264,6.353101461730277,6.5941972315556825,6.84448095250824,7.323729336312957,7.518458411392904,7.892522719763097,8.205439876245547,8.361577596127065,8.542285557146428,8.756040395470347,9.030610778302597,9.420464346444858,,3.3416621137770948,3.5920082870974617,4.3804198979742,6.911939496812791,8.278943177486273,3.448902580061857,"rgba(255, 26, 202, 1.0)",0.5065974466728539,3.448902580061857,-2.129703943728286,32.950566596480755,-13.796015115379511,False,True,False,True,False,0.0,0.0,0.0,0.0,0.0,1,0.8146280991735536,1.1499291617473435,False,False,False,False,-0.34282825441539394,-0.33774836304497824,False,False,False,False,-12270877,-10756696.147121688,False,False,False,False,355875.48460446135,False,False,False,False
2025-04-07 00:00:00+00:00,2.29,2.385,2.13,2.23,659757,,,,,2.928222686963085,3.223485790914947,3.3148181710434996,3.4412540030205645,3.518603924348858,3.5478086198938996,3.5521182602140176,3.564630060750522,3.5771972858033965,3.581216381348899,3.6827386461664204,4.124280928609433,4.136166185266509,4.366998957072927,4.71458719035245,5.001533494852948,5.064848193230514,5.661660210751497,5.921574242820487,6.255447410852091,6.542101452250496,6.893461367468076,7.403265876013529,8.257088121304829,8.381184138175568,8.606085860599903,8.972294402509574,9.347204158347875,,,2.268333333333333,2.704192834006637,3.2837086511772475,3.41027050259949,3.468094402578536,3.5367840575505323,3.5376756776338576,3.5659298519104956,3.5654121425843264,3.555347885559446,3.751762176017104,3.832274048147067,4.090766997732301,4.227427092154442,4.577558222893396,4.767247886523554,5.031183294826879,5.232725808328991,5.807191637763201,5.9974873262715835,6.336226073876502,6.576623795336499,6.826195948603505,7.3042194668003795,7.498508454417724,7.8716756474399725,8.183779821005434,8.339510350970125,8.519793271108284,8.733115367743013,9.007153786770436,9.39622311036332,,3.3148181710434996,3.581216381348899,4.366998957072927,6.893461367468076,8.257088121304829,3.3572552261617794,"rgba(255, 26, 202, 1.0)",0.5189324801179857,3.3572552261617794,-2.056636011527214,29.429282663016412,-16.94182381726406,False,True,False,True,False,0.0,0.0,0.0,0.0,0.0,0,0.7879203280609254,1.1786643233743408,True,False,False,False,-0.34282825441539394,-0.3402883087301861,False,False,False,False,-12930634,-10841948.611940445,False,False,False,False,367792.4067768354,False,False,False,False
2025-04-08 00:00:00+00:00,2.2,2.415,2.19,2.38,228721,,,,,2.9164434520360256,3.2121609848386856,3.3058227963558524,3.4338253250238524,3.512071774276353,3.5417643000176504,3.546140404624119,3.558976758106986,3.572371178024161,3.5775160629562968,3.6788968711212635,4.119991597668035,4.131860950917735,4.362385984404895,4.709561942094582,4.9964830245549265,5.059871799410571,5.656486174175262,5.916156648673746,6.24971157209748,6.536077110682166,6.887089749662041,7.396457841747379,8.2495485812101,8.373535581603152,8.598261229082585,8.964223883027229,9.338874251992282,,,2.268333333333333,2.6921667053301803,3.274318181909345,3.4025339020663354,3.4610912117187875,3.530502149070419,3.531416799032699,3.560442204398823,3.559962362370325,3.55116528312555,3.747854579523003,3.828314304754964,4.086523106645173,4.223007546471111,4.572656816949141,4.762182656894524,5.026181901101207,5.227735437223764,5.80188110965288,5.9919995072547945,6.330408306880383,6.570564813560425,6.819891064297164,7.297490994496426,7.491627655824232,7.864484526208026,8.176307674951143,8.331897461209412,8.512033365206044,8.72520561572349,8.999059784894472,9.387857602553423,,3.3058227963558524,3.5775160629562968,4.362385984404895,6.887089749662041,8.2495485812101,3.350451258430789,"rgba(255, 26, 202, 1.0)",0.5335168715745918,3.350451258430789,-2.1563540343821015,26.303954113559552,-19.64676423010576,False,True,False,True,False,0.0,0.0,0.0,0.0,0.0,0,0.8051044083526682,1.1595011600928076,False,False,False,False,-0.32311569852301747,-0.3317020036266018,False,False,False,False,-13159355,-10932827.293825133,True,False,False,False,362338.6261189203,False,False,False,False
2025-04-09 00:00:00+00:00,2.5,2.54,2.17,2.17,551483,,,,,2.8952704872925974,3.189680861446252,3.287497735259034,3.418325328540789,3.4982783988453376,3.5289430765412018,3.5334521079315473,3.5469512112409607,3.5620693780132275,3.569590439325811,3.6705973839951267,4.110478534164726,4.122307632380708,4.352058032412305,4.6981951315103,4.98498075867045,5.048522203853111,5.64456989648726,5.903640796150284,6.236415831690163,6.522078348772453,6.872245649383076,7.380546773309482,8.231855930778057,8.355578218434598,8.579874687034412,8.945234970026677,9.319251853641862,,,2.320036264871063,2.6741497887708623,3.255319677428602,3.3864737518350703,3.4464106128953724,3.5172013471677563,3.5181626385558573,3.5487622601230986,3.5483624358836576,3.5422409104270858,3.7393688907862694,3.8196678379091704,4.077125008147374,4.2131632145362685,4.5616112528755925,4.750710194576642,5.014783561678542,5.216317424962791,5.789628588849204,5.979311005344486,6.316912865822994,6.556481715386925,6.8052092483414945,7.281774787036057,7.475538047316324,7.847637705999621,8.158778445449643,8.314026777478995,8.493804820184197,8.706610389503702,8.980013414752802,9.368148492387883,,3.287497735259034,3.569590439325811,4.352058032412305,6.872245649383076,8.231855930778057,3.3393589356197593,"rgba(255, 0, 0, 1.0)",0.5413365841136052,3.3393589356197593,-1.5505305945544796,31.58903114546946,-23.080129756831177,False,True,False,True,True,0.0,0.0,0.0,0.0,0.0,0,0.8016901408450704,1.1447887323943662,False,False,False,False,-0.29991512916599483,-0.3158085663962983,False,False,False,False,-12607872,-10998515.321518265,False,False,False,False,369756.05254562927,False,False,False,False
2025-04-10 00:00:00+00:00,2.36,2.54,2.285,2.46,372924,,,,,2.8816901104601844,3.1750207569890216,3.2754091344782896,3.4080216122074396,3.4890744009035135,3.5203725541634054,3.524968415501738,3.538901913843818,3.555156018438793,3.5642534709580285,3.665009539049221,4.1040740283226445,4.115876081074464,4.345105956341654,4.69054427344153,4.977235429938579,5.040878174865885,5.6365406309421315,5.895207717457177,6.2274575215769605,6.512646682403698,6.862244732493092,7.369826814442684,8.219935350149937,8.343479268518534,8.56748637465835,8.932440177614716,9.306029684380393,,,2.335456865714042,2.6628514322673036,3.242814272943854,3.3758134003033717,3.4366346147584546,3.508317601028166,3.5093093429143094,3.5409402794766174,3.540593173825548,3.5362407224797474,3.7336557288593,3.8138460938477534,4.070797733130734,4.206536049383715,4.55417695390756,4.7429880039586525,5.00710733851488,5.2086257925726525,5.781372867060073,5.970761636517738,6.3078201006493515,6.54699326205206,6.795317613099726,7.271186193381608,7.464697691933426,7.836286981648909,8.146967956918086,8.301986241750996,8.481523058058603,8.694081252356707,8.967179852295429,9.354867840789266,,3.2754091344782896,3.5642534709580285,4.345105956341654,6.862244732493092,8.219935350149937,3.3310920046827825,"rgba(255, 0, 0, 1.0)",0.5511470430525364,3.3310920046827825,-1.7619472279201112,33.36565161298404,-21.752333779577476,False,True,False,True,True,0.0,0.0,0.0,0.0,0.0,0,0.8250696378830085,1.1392757660167134,False,False,False,False,-0.2751102535804565,-0.2954594099883774,False,False,False,False,-12980796,-11076251.818713626,False,False,False,False,369880.285779134,False,False,False,False
2025-04-11 00:00:00+00:00,2.41,2.45,2.32,2.32,270023,,,,,2.8722761785664166,3.1647170101491664,3.2668423717201973,3.4006775139897427,3.482495333998765,3.5142382509610295,3.518895182573325,3.5331351303149208,3.550194050313367,3.560413840687102,3.6609887400423666,4.099461993891832,4.11124452230699,4.340098642245767,4.685032169734033,4.971652522565075,5.035367326965835,5.630748627961181,5.8891239433539395,6.220994305746905,6.50584160726098,6.8550285216097775,7.362090955176892,8.211331903498888,8.334746951398067,8.558544889685635,8.92320465635819,9.296485085066859,,,2.3429598266782152,2.655177786056136,3.2339666842014334,3.3682236673841706,3.4296576765330107,3.5019629420155396,3.502976103140828,3.5353343539450814,3.5350246116208517,3.531928907229561,3.7295441041103468,3.8096554384834485,4.066241447353514,4.201763207756995,4.548821637656509,4.737424178220177,5.001573707245707,5.203079355912084,5.775417238736511,5.964593835953095,6.301259783423565,6.54014717528634,6.788180327400549,7.263545298143752,7.456874777047675,7.82809520921749,8.13844403604753,8.293296133156515,8.472658608929978,8.6850378943016,8.957916287801943,9.345280958701268,,3.2668423717201973,3.560413840687102,4.340098642245767,6.8550285216097775,8.211331903498888,3.325054871103943,"rgba(255, 0, 0, 1.0)",0.5586793629919795,3.325054871103943,-1.6378891573932712,35.529037586308284,-19.93874738358471,False,False,False,True,True,0.0,0.0,0.0,0.0,0.0,0,0.8264044943820222,1.1573033707865168,False,False,False,False,-0.286681006120231,-0.29107020805430417,False,False,False,False,-12710773,-11140350.688567994,False,False,False,False,365964.3137877955,False,False,False,False
2025-04-14 00:00:00+00:00,2.49,2.5,2.415,2.46,145193,,,,,2.8681321734435126,3.159815970059345,3.262694039723372,3.3970630815606127,3.4792316450874177,3.5111861832693623,3.515872248875431,3.5302606966669927,3.547715291943747,3.5584916493104175,3.6589645187304964,4.097100904722173,4.108872664016633,4.337520106049,4.682175841275174,4.968747555256573,5.032497433097808,5.6277147294740555,5.885931388109985,6.217595915399756,6.502258326520557,6.851223011046297,7.358003908078376,8.206775773934508,8.33012125735188,8.553806055622852,8.918306351653808,9.2914194255849,,,2.351129723622643,2.6523604376888983,3.229702738842398,3.3645011476520916,3.4262132958399776,3.498804997561543,3.499828476733294,3.5325390780730017,3.5322478860859614,3.5297756771737583,3.7274671781458175,3.8075310866797407,4.063911100641073,4.199313199207075,4.546052824696846,4.734538727441318,4.9986931972054585,5.200185395147902,5.772294332462083,5.961355621094304,6.297808868670814,6.5365417244809985,6.784417455657714,7.2595097490727225,7.452740474821047,7.823761274711461,8.13393080292833,8.288693233733783,8.467961476241808,8.680243787233595,8.953002783584594,9.340192437681251,,3.262694039723372,3.5584916493104175,4.337520106049,6.851223011046297,8.206775773934508,3.322378321960689,"rgba(239, 83, 80, 1.0)",0.5639037040044009,3.322378321960689,-1.476100114345396,38.48965084733112,-17.31588535163028,False,False,False,True,True,0.0,0.0,0.0,0.0,0.0,0,0.8350398179749714,1.1518771331058018,False,False,False,False,-0.25315799403497025,-0.2721141010446372,False,False,False,False,-12565580,-11196242.034114348,False,False,False,False,357306.6152078819,False,False,False,False
2025-04-15 00:00:00+00:00,2.45,2.49,2.395,2.49,170982,,,,,2.8630813076598387,3.1539403449450405,3.25772193388443,3.392736388218875,3.475327003118811,3.5075348635761276,3.512255817394672,3.5268216040112588,3.5447479968696234,3.5561884347585586,3.6565430070911775,4.094289484435448,4.106048683306157,4.334454875981719,4.6787862465099455,4.965303401269445,5.029095330068032,5.624123077898584,5.882153791255098,6.213576933683231,6.49802237359505,6.846726214759614,7.353176743633798,8.201397872038038,8.324661651719987,8.548213601807293,8.91252670679712,9.285443271481094,,,2.3578198329667353,2.6487426178278515,3.224589904657507,3.3600436211557545,3.42209060510046,3.4950271468962244,3.4960629460321755,3.5291942664687297,3.5289251319297623,3.527195649231536,3.724984943005237,3.8049945844356032,4.061135536725667,4.196398116271661,4.542765141826587,4.731115272424565,4.995278239953552,5.196756214932838,5.768598374793225,5.957524499348088,6.293728252865296,6.5322797510550945,6.779970713653954,7.254743009673327,7.447857870674213,7.818644332868105,8.12860328770816,8.2832603988672,8.462417983149061,8.674586458283047,8.947205294545116,9.33418943279539,,3.25772193388443,3.5561884347585586,4.334454875981719,6.846726214759614,8.201397872038038,3.319002370835199,"rgba(255, 0, 0, 1.0)",0.5686119657288838,3.319002370835199,-1.5282871680712078,39.87141145742042,-16.122556029263663,True,False,False,True,True,0.0,0.0,0.0,0.0,0.0,0,0.8573913043478263,1.1385507246376811,False,False,False,False,-0.2597306151324029,-0.26592235808852005,False,False,False,False,-12736562,-11256646.738658885,False,False,False,False,349999.76755267085,False,False,False,False
2025-04-16 00:00:00+00:00,2.44,2.48,2.4,2.43,164834,,,,,2.8582680306572454,3.148327406462108,3.252956382217898,3.388580527341139,3.4715724389502207,3.5040219795400085,3.50877624581779,3.5235115145045786,3.5418895389489187,3.553967088828204,3.6542080973498825,4.091580008939667,4.1033271370684155,4.331501452938581,4.6755209486154525,4.9619854070630005,5.0258176856196215,5.620662803653775,5.878514583320043,6.209705431036672,6.493942070654397,6.8423948761303865,7.3485273897028085,8.196218344022496,8.319403470775638,8.542827512262742,8.906960342894363,9.279687666740815,,,2.3631031887277687,2.645289712826919,3.2196923844442513,3.355763840084173,3.418128648468266,3.4913934707870524,3.4924410287926966,3.525974363622028,3.525726336876836,3.524708545282653,3.7225917291945696,3.8025492546005406,4.0584605184952345,4.19358901106698,4.53959786899472,4.727817395874627,4.991988272276138,5.1934524171117555,5.765037729182427,5.953833782037942,6.289797438571668,6.528174406873182,6.775687547882612,7.250151827467402,7.443155140329741,7.813716008007882,8.123472261918172,8.278027989999813,8.457079036925359,8.669137890686617,8.941621745818713,9.328407972185534,,3.252956382217898,3.553967088828204,4.331501452938581,6.8423948761303865,8.196218344022496,3.3157046336590374,"rgba(255, 0, 0, 1.0)",0.5719060906994057,3.3157046336590374,-1.5312035453025252,40.6380002321519,-15.384205616492665,True,False,False,True,True,0.0,0.0,0.0,0.0,0.0,0,0.8409090909090908,1.1445221445221443,False,False,False,False,-0.26082817468596287,-0.26337526638724146,False,False,False,False,-12901396,-11321146.70969187,False,False,False,False,342738.3649035465,False,False,False,False
2025-04-17 00:00:00+00:00,2.48,2.5,2.43,2.43,125785,,,,,2.8549262602058763,3.1442820942911016,3.249489811734261,3.385533023103831,3.46880838683876,3.50143195198947,3.506210241986645,3.521068676742579,3.539777295298448,3.552323406880394,3.6524762201191625,4.089555816981222,4.101293646181321,4.3292895275512615,4.673068949416881,4.959489350693867,5.023351042140447,5.618052177694378,5.875766856380143,6.206779891810596,6.490856903883726,6.839117835063948,7.345007026093957,8.192292668128749,8.315417706257659,8.538743940203764,8.902738756176936,9.27532130134301,,,2.368102261266614,2.6431046481809193,3.216138241611692,3.352630740201395,3.4152187853395652,3.48871604291043,3.489772118921176,3.5235975549029166,3.5233650467342468,3.522870554759513,3.7208140300560517,3.800730062578153,4.056462868547229,4.19148798667459,4.5372217738129725,4.725340079071594,4.989512834204988,5.190964018472077,5.762350186115328,5.95104659865458,6.286826553025111,6.525070099752675,6.772447318901727,7.246675991626307,7.4395939019930335,7.809982231072554,8.119583628109917,8.274061918624906,8.453031526277844,8.665006478629559,8.937387006237309,9.324021838152465,,3.249489811734261,3.552323406880394,4.3292895275512615,6.839117835063948,8.192292668128749,3.3133683571949915,"rgba(239, 83, 80, 1.0)",0.5733028380765675,3.3133683571949915,-1.4536267777618972,42.02949036308726,-13.960999474256575,True,False,False,True,True,0.0,0.0,0.0,0.0,0.0,0,0.844979448032883,1.1426893716970052,False,False,False,False,-0.24987973060373753,-0.2566274984954895,False,False,False,False,-12775611,-11378184.52499807,False,False,False,False,334230.38980928983,False,False,False,False
2025-04-21 00:00:00+00:00,2.4,2.48,2.37,2.44,157847,,,,,2.8502433228154813,3.138877239913655,3.2448881316107263,3.3815160945696032,3.465177237147793,3.498032922716338,3.5028432413311337,3.5178644139227426,3.5370068385936855,3.550166503807619,3.6502123485177904,4.086939392637905,4.098665785754582,4.326441810678318,4.66992534661232,4.956297174108943,5.0201978765562565,5.614726831737264,5.872271109995412,6.203062810530214,6.486940765233347,6.834962320976382,7.340548268573253,8.187328121297753,8.310378102342064,8.533582281974445,8.897405077465633,9.269807006453881,,,2.3707943117630874,2.639617072773292,3.211410146226767,3.3484945597480897,3.411387768144562,3.485201080415143,3.4862684325104665,3.5204797862443873,3.520267502641809,3.5204567354150003,3.718495514088411,3.7983629694438523,4.053879088900881,4.188777197999629,4.534171002517314,4.722165653511642,4.986347674005871,5.187786683690256,5.758929264779075,5.947501788067979,6.283052931806506,6.521130085064559,6.768337745603571,7.2422727054923035,7.435084247118224,7.805257384875494,8.11466536672543,8.269046908218524,8.447914852994712,8.6597852071469,8.93203692764427,9.318482862568741,,3.2448881316107263,3.550166503807619,4.326441810678318,6.834962320976382,8.187328121297753,3.310049667115569,"rgba(255, 0, 0, 1.0)",0.5766814662497995,3.310049667115569,-1.5780803101471015,41.59323021043959,-13.960999474256575,True,False,False,True,True,0.0,0.0,0.0,0.0,0.0,0,0.834413671184443,1.1490866234531523,False,False,False,False,-0.26742655565524825,-0.26202702707536885,False,False,False,False,-12933458,-11439175.641664814,False,False,False,False,327313.39413049415,False,False,False,False
2025-04-22 00:00:00+00:00,2.48,2.515,2.43,2.43,241144,,,,,2.844216230654285,3.13142804472625,3.238443756433683,3.3758104622752105,3.459983987390175,3.49315904221056,3.4980135418580933,3.513262397163863,3.5330196873705733,3.5470559256624754,3.646932581454801,4.083097073741641,4.094805658843913,4.322240053688811,4.665263610847895,4.951547567579754,5.015503064832219,5.609752414229559,5.867034175718121,6.197485523195396,6.481058100092862,6.82871258606983,7.333832662206611,8.179836705629617,8.302771705203398,8.525788602398311,8.889346884725258,9.261471438303728,,,2.378929978365175,2.635832743388647,3.2048163289706983,3.3426369763649912,3.405931431144942,3.4801662605400363,3.481249301320369,3.5160004421751037,3.5158170646409452,3.5169832103880743,3.715127376324896,3.7949143502453895,4.050087594352462,4.184787653344343,4.529655156142669,4.717455158571645,4.981636670873429,5.183048558347399,5.753807563000626,5.942189305913526,6.277388895099143,6.515210804689183,6.762158429805701,7.235642383412749,7.4282903286277415,7.798133132422058,8.107244814771155,8.26147820009979,8.440190241757909,8.651899832688105,8.923953529634545,9.310109435082458,,3.238443756433683,3.5470559256624754,4.322240053688811,6.82871258606983,8.179836705629617,3.3056378406522073,"rgba(239, 83, 80, 1.0)",0.5757088228012112,3.3056378406522073,-1.4341240014959702,43.10590462096233,-12.590784770761857,True,False,False,True,True,0.0,0.0,0.0,0.0,0.0,0,0.8401880141010576,1.1333725029377204,False,False,False,False,-0.24660672061622554,-0.2543168738457972,False,False,False,False,-12692314,-11488318.322383841,False,False,False,False,323934.2022038081,False,False,False,False
2025-04-23 00:00:00+00:00,2.47,2.59,2.45,2.54,341989,,,,,2.8366242684396368,3.121589614983098,3.2298196068393614,3.36809150544308,3.4529208614517657,3.4865161801127558,3.491428964879888,3.5069812723762133,3.5275662566161707,3.5427910351272787,3.6424241995265803,4.077774681695161,4.08945782516293,4.316404643001061,4.6587713029903695,4.944919505226493,5.008948457690597,5.602788212159463,5.8596966175679865,6.189664387691995,6.472803655598261,6.8199373915604715,7.324395707427802,8.169298653612364,8.292070578426973,8.514821567781167,8.878003742727813,9.249734200586685,,,2.391331179922826,2.6316493323176697,3.196020236299971,3.3347301480635596,3.398533652049429,3.473310223216784,3.4744140716261094,3.5098844027835296,3.5097401302883373,3.5122293496911774,3.7104902914765328,3.790158572931565,4.044837803181559,4.179254683785931,4.523372515556611,4.710892504940768,4.975060958023771,5.176427295902194,5.746633860491567,5.934744327868697,6.269444663190843,6.506904415219864,6.753483114898423,7.226326637464427,7.418742016920529,7.788115757952293,8.096807226372555,8.250830539580274,8.429321312782733,8.64080239556554,8.912574558723747,9.298318445221318,,3.2298196068393614,3.5427910351272787,4.316404643001061,6.8199373915604715,8.169298653612364,3.299808614626431,"rgba(239, 83, 80, 1.0)",0.5726985906025841,3.299808614626431,-1.448944747276783,43.923765083224204,-11.584415784049746,True,False,False,True,True,0.0,0.0,0.0,0.0,0.0,0,0.8403064230995874,1.1355332940483205,False,False,False,False,-0.22599438670300082,-0.240155630274399,False,False,False,False,-13034303,-11548945.172486436,False,False,False,False,324642.2334899333,False,False,False,False
2025-04-24 00:00:00+00:00,2.51,2.52,2.4501,2.47,144565,,,,,2.833422790972652,3.1174572440237425,3.2261853863002328,3.3648323440189913,3.4499354047024418,3.4837066619178203,3.488643873276746,3.5043234242931893,3.525256059607235,3.5409814648581173,3.6405125137910317,4.075521404095833,4.087193853144554,4.313935653958167,4.656025960380528,4.942117088517112,5.006176998930202,5.599844261224367,5.85659533304795,6.186359288559608,6.46931590857422,6.816230114027286,7.320409388757557,8.1648479675091,8.287551114640712,8.51018993723084,8.873213419669703,9.244777594525383,,,2.395456981620198,2.6298280495102238,3.1923154002506444,3.3313928743802896,3.3954084032253644,3.4704114224734326,3.4715239820321235,3.5072958191393377,3.5071679562306843,3.510213468051281,3.7085246694777054,3.78814324503973,4.042615042122387,4.176912886627577,4.520715382676724,4.708117563135176,4.972280599188392,5.173627797074645,5.74360162856406,5.931597771453941,6.266087678674342,6.503394771192482,6.749817944810957,7.22239143438832,7.414708733683174,7.783884655087837,8.09239890861334,8.246333626304416,8.424731068495072,8.636115744533198,8.90776911788619,9.293339160278956,,3.2261853863002328,3.5409814648581173,4.313935653958167,6.816230114027286,8.1648479675091,3.297287950544237,"rgba(239, 83, 80, 1.0)",0.5646686663037149,3.297287950544237,-1.394247631443363,45.40746745710318,-9.940441553034859,True,False,False,False,True,0.0,0.0,0.0,0.0,0.0,0,0.8602382752042617,1.130175527000924,False,False,False,False,-0.24114140839621068,-0.24064851933530484,False,False,False,False,-12889738,-11601525.283369321,False,False,False,False,317580.38119621045,False,False,False,False
2025-04-25 00:00:00+00:00,2.44,2.5,2.415,2.46,204509,,,,,2.8284514572983754,3.111318919870547,3.22081598084304,3.360044388013547,3.4455608817159256,3.4795930011783596,3.4845664173946904,3.5004331041728993,3.521874150710068,3.538330714243195,3.6377210718407413,4.072261001355563,4.083918562766318,4.310374556544681,4.652079471200118,4.938096247660375,5.002201875979235,5.595633329876066,5.852163569525767,6.181641128514712,6.464340754939039,6.810945962640108,7.314732742908062,8.158517503141287,8.281123743912934,8.50360462753555,8.86640483587839,9.237734903684391,,,2.3984982854713377,2.626569268478513,3.186831848684251,3.326484079901291,3.3908212605652404,3.466166025131038,3.467291414925113,3.503506630954544,3.5034026264103972,3.507258894390635,3.7056597677883403,3.78521145883805,4.039397123037147,4.173529369849139,4.516891253662199,4.704130141024432,4.968291999996853,5.169615986466781,5.73926680986807,5.927102440000224,6.261296521391963,6.4983887997609235,6.744593076229275,7.2167866691763685,7.4089660644497055,7.77786357114778,8.086128154067875,8.239938024179663,8.418204019793444,8.629453036675113,8.900939258034708,9.286264523324176,,3.22081598084304,3.538330714243195,4.310374556544681,6.810945962640108,8.158517503141287,3.293390967517651,"rgba(255, 0, 0, 1.0)",0.5559119445493204,3.293390967517651,-1.5351189624275798,44.936680505623976,-9.940441553034859,True,False,False,True,True,0.0,0.0,0.0,0.0,0.0,0,0.8676277692872357,1.1064994765279967,False,False,False,False,-0.25315799403497025,-0.24690325668513755,False,False,False,False,-13094247,-11660063.389903858,False,False,False,False,313146.20938459435,False,False,False,False
2025-04-28 00:00:00+00:00,2.49,2.5,2.42,2.42,286828,,,,,2.822022123430797,3.1031320927051222,3.2135860419040165,3.3535469919073133,3.43960171239528,3.473980372823211,3.4790019807936727,3.495119585549103,3.5172473363352372,3.534697001284098,3.6338882075433805,4.067761698797769,4.07939828943195,4.305451967437912,4.646614107184754,4.932520181709623,4.99668740903073,5.589780685688067,5.846000739167552,6.175076289522608,6.457415510747847,6.803587431658323,7.306823328715709,8.14969094499149,8.272161317863173,8.494420586258519,8.856907170569345,9.227908573588357,,,2.4035415094093717,2.622653144089603,3.179464865815112,3.3198333363501193,3.3845864542114947,3.4603775673259545,3.461520095956525,3.4983296534454844,3.4982579807958594,3.5032142136298665,3.7017220431593674,3.7811774065695007,4.03495765694855,4.168856506646336,4.51159899111433,4.6986067107107194,4.962759726989901,5.164047043145934,5.733240133859462,5.920850334228732,6.254629309315296,6.491420342144366,6.737317661296035,7.20897818218413,7.400963912572121,7.769470741573168,8.077385287824884,8.231020147321132,8.40910175340682,8.62016026416457,8.891411712919504,9.27639336672205,,3.2135860419040165,3.534697001284098,4.305451967437912,6.803587431658323,8.14969094499149,3.288185703007862,"rgba(239, 83, 80, 1.0)",0.5540661488485072,3.288185703007862,-1.4405964065241996,45.86263322812166,-9.046184342679105,True,False,False,False,True,0.0,0.0,0.0,0.0,0.0,0,0.8730851158815801,1.1575275194836672,False,False,False,False,-0.25206465071529355,-0.24948395370021553,False,False,False,False,-12807419,-11705057.727554688,False,False,False,False,312114.12274206127,False,False,False,False
2025-04-29 00:00:00+00:00,2.5,2.53,2.45,2.47,208434,,,,,2.817793067251249,3.0975272307282786,3.2085810358008917,3.349007750878566,3.435419855596966,3.470034630342497,3.4750891486589515,3.4913796843079097,3.513984894211408,3.5321294316460152,3.6311741886418516,4.064555455019495,4.076176715938566,4.30193654369471,4.642702038518257,4.928522157033947,4.992732033069365,5.585573087395461,5.841567221820889,6.170350213072713,6.452427437489797,6.798284427306575,7.3011194976253995,8.143320250944155,8.265691891407812,8.487789971130367,8.850048172727051,9.220810389568877,,,2.407919425251543,2.6203445945299744,3.174378642880221,3.31519569651102,3.380222661838186,3.456311313164091,3.4574656022180297,3.494684662048391,3.4946355666074345,3.5003606644772858,3.698930170833389,3.778313299086668,4.03179514896341,4.165523270629521,4.507814070731557,4.694651857961917,4.958792334110775,5.160049486591871,5.7289057674275305,5.916351807249527,6.249828810067456,6.486400859510472,6.732075058406955,7.203347818629918,7.395192546796025,7.763415199403727,8.071075390831282,8.22458310037465,8.402530636488153,8.613450459002049,8.884530961447567,9.26926257935086,,3.2085810358008917,3.5321294316460152,4.30193654369471,6.798284427306575,8.143320250944155,3.2846232779474454,"rgba(239, 83, 80, 1.0)",0.5578728260926591,3.2846232779474454,-1.4064554522989519,46.73091183031197,-7.962190443950703,True,False,False,False,True,0.0,0.0,0.0,0.0,0.0,1,0.82503047222113,1.1723482614451042,False,False,False,False,-0.2364134660849489,-0.24294870989258222,False,False,False,False,-12598985,-11740113.699023131,False,False,False,False,308048.23557570594,False,False,False,False
2025-04-30 00:00:00+00:00,2.44,2.455,2.39,2.45,241260,,,,,2.8120780475925544,3.0904827153049297,3.2023553132107616,3.3434184797616924,3.4302945178786937,3.465205621020488,3.470301398898112,3.486805839668195,3.509995675896556,3.5289882882456753,3.627870287262127,4.060707675714179,4.072311623258311,4.2977388443022475,4.638055172243355,4.923787736843823,4.988050649184255,5.580615020872601,5.836350754316961,6.164798525991004,6.44657491652264,6.792070095833105,7.294445202108716,8.13587951172211,8.258137547652515,8.480050358016573,8.842046406370534,9.212533779853763,,,2.4090099381614682,2.6164574088940453,3.1680317747163413,3.3094728041824863,3.3748583763292337,3.451332335801849,3.4525012177610317,3.4902267681028376,3.490205059619924,3.496865885412924,3.6955413114097073,3.774847099337563,4.027996768573273,4.161532279120355,4.503309966949107,4.68995718850008,4.95409535840775,5.155324856311589,5.7238027488112815,5.911060938592246,6.244191681997913,6.480512259047351,6.725930147077053,7.19675779432389,7.388440824290057,7.756337074585496,8.063704633457185,8.217066004456509,8.394859383041075,8.60561997131265,8.876504213714249,9.26094847357908,,3.2023553132107616,3.5289882882456753,4.2977388443022475,6.792070095833105,8.13587951172211,3.27994437332299,"rgba(239, 83, 80, 1.0)",0.5622741788974253,3.27994437332299,-1.4938341557317352,45.9075450053583,-7.962190443950703,True,False,False,False,True,0.0,0.0,0.0,0.0,0.0,1,0.8105378323926936,1.1707827989699664,False,False,False,False,-0.26667296879344865,-0.2548108393430154,False,False,False,False,-12840245,-11783256.10298301,False,False,False,False,305429.089082541,False,False,False,False
2025-05-01 00:00:00+00:00,2.55,2.59,2.42,2.46,284305,,,,,2.807113182265098,3.083492564960395,3.195999040524504,3.3375695957775133,3.424867765630272,3.4600702206465788,3.465206775788378,3.481928632160053,3.505727391564949,3.5256159569030014,3.624295884129048,4.056449873684393,4.06803281017333,4.293057659937609,4.632830319747818,4.918435673564278,4.9827526890764435,5.574961620806964,5.830388800116459,6.15843740992878,6.439856851058733,6.784923022974442,7.28675124534661,8.127276470827978,8.249400017412592,8.471092968114718,8.832776945656006,9.202937765537266,,,2.4155831042812923,2.6142098854486586,3.1615996044126278,3.30351473294173,3.3692188293891587,3.4460468068923173,3.4472303632339747,3.4854704861235564,3.4854777445514666,3.4931275110279265,3.6918581563319224,3.77106176548516,4.023798900653011,4.157100195626266,4.49826060893396,4.684673033447419,4.94878276163158,5.149964651999516,5.717976187989674,5.905010214335894,6.237729168329162,6.473751408229494,6.718865336202001,7.189164143227653,7.380654604298394,7.748163247562739,8.055184366887051,8.208372593505988,8.385983189604168,8.59655435271123,8.867205037016411,9.251307984156888,,3.195999040524504,3.5256159569030014,4.293057659937609,6.784923022974442,8.127276470827978,3.275453509726172,"rgba(239, 83, 80, 1.0)",0.564704116100867,3.275453509726172,-1.2846612748907116,48.12627713625508,-6.2687682981095705,True,False,False,False,True,0.0,0.0,0.0,0.0,0.0,1,0.8092035917757409,1.148100708481768,False,False,False,False,-0.21858288537663426,-0.23669686235982484,False,False,False,False,-12555940,-11813557.432277793,False,False,False,False,304600.6934322453,False,False,False,False
2025-05-02 00:00:00+00:00,2.58,2.64,2.56,2.58,245152,,,,,2.8040249724375133,3.0783678745203487,3.1911967891012205,3.333038927726795,3.4206150880564348,3.4560285923717924,3.4611948575785085,3.478080040214294,3.5023479739331047,3.522936832952926,3.6214356479403125,4.052971618767947,4.064536033773836,4.289207026036339,4.6285013159149075,4.91398028954264,4.978338054078692,5.570220136928973,5.825378582918011,6.153080308544352,6.434190422275711,6.778885017650635,7.280238502392252,8.119976072782341,8.24198327251096,8.463485645005722,8.824898421564033,9.19477588738833,,,2.4242192740667776,2.6137986987233965,3.1567772087586796,3.298923051980825,3.3648301372308738,3.4418942295663024,3.443088683877405,3.4817151833161066,3.481745103227377,3.4901680596554985,3.68889829621416,3.76800627254406,4.020373467555987,4.1534679807651536,4.4940878572018095,4.680290866268342,4.944358126957183,5.145488496110342,5.71308384021321,5.899922731237566,6.232284184655468,6.468047918658322,6.712898545423649,7.182738551786442,7.374061623981005,7.741234113589718,8.047955525136578,8.200994033220935,8.378446301472911,8.588852940200683,8.859300703932513,9.243107567504198,,3.1911967891012205,3.522936832952926,4.289207026036339,6.778885017650635,8.119976072782341,3.2722495789648094,"rgba(239, 83, 80, 1.0)",0.566432076510345,3.2722495789648094,-1.2221228416822656,50.28181773773904,-4.110698914786305,True,False,False,False,True,0.0,0.0,0.0,0.0,0.0,1,0.8475132404797885,1.1279799588830344,False,False,False,False,-0.14456578343555548,-0.19063132289769016,False,False,False,False,-12310788,-11833056.670227684,False,False,False,False,302269.37212117686,False,False,False,False
2025-05-05 00:00:00+00:00,2.51,2.57,2.505,2.55,198287,,,,,2.8008409401280625,3.073755526627774,3.1869519501489103,3.329096043194145,3.4169393018213015,3.4525428256987065,3.4577357726036553,3.4747645654975385,3.499438700285785,3.5206303740811786,3.618988246739275,4.0500456220344185,4.061595409542579,4.285986360041944,4.624901893864667,4.910288512571627,4.974682277633167,5.5663125883709155,5.821256214771441,6.14868016714607,6.4295420700139685,6.773938345621767,7.2749111170073,8.114016063814633,8.235929712168193,8.457279008476931,8.81847423450031,9.188124166329782,,,2.428156035672619,2.6124585126036117,3.152493050581022,3.2949142076484526,3.3610205477149817,3.4383099355257185,3.4395140276574803,3.4784802680518907,3.4785295684767745,3.4876161019371907,3.6863745589884434,3.7654103503890277,4.017489190092388,4.150420559239572,4.490611187364404,4.676649859964042,4.94069286962851,5.14178756672241,5.709055728514236,5.895738562342797,6.227813535907951,6.463369816541944,6.708009070298357,7.177481028309452,7.3686699506351445,7.735572620847156,8.042053074612332,8.194971168740992,8.372296217554512,8.582570847952521,8.852855804559933,9.23642487368516,,3.1869519501489103,3.5206303740811786,4.285986360041944,6.773938345621767,8.114016063814633,3.26920941279784,"rgba(239, 83, 80, 1.0)",0.5685044391205955,3.26920941279784,-1.335450280691284,49.91853306297871,-4.110698914786305,True,False,False,False,True,0.0,0.0,0.0,0.0,0.0,1,0.8642042368278109,1.1100293875959275,False,False,False,False,-0.16145749038907117,-0.17604440664338067,False,False,False,False,-12509075,-11859567.192963853,False,False,False,False,298191.63203799346,False,False,False,False
2025-05-06 00:00:00+00:00,2.54,2.54,2.46,2.5,225860,,,,,2.7971078171692025,3.068453230613992,3.1820739710185126,3.3245684348253026,3.4127190409439,3.448540192975847,3.4537637127732164,3.4709567337047305,3.496095114819796,3.517976668603161,3.6161756797823945,4.0466936813419565,4.0582269242109685,4.282300978520858,4.620787726014818,4.906070873351827,4.970505960599838,5.561851967926889,5.816551814703956,6.1436604438598525,6.42424049059868,6.768297959293353,7.268838329656521,8.107224549887668,8.229031895530747,8.450207251101741,8.81115526495367,9.180546607494772,,,2.4316731397801026,2.6107190491662844,3.147568187221431,3.290310061773193,3.3566458552551253,3.4341945984274083,3.4354097068548444,3.474764408707589,3.4748358126058085,3.4846805308955986,3.6834761569020986,3.762430969607293,4.014184435449367,4.14693129831555,4.486635859804203,4.672488678017952,4.936505585288708,5.137560609481642,5.704458300021554,5.890964019767173,6.222713751806049,6.45803445170472,6.702433648318774,7.17148759085036,7.362524144324106,7.729120293061216,8.03532696428962,8.188108231867771,8.36528872124761,8.575413350615495,8.845513297097229,9.228812112413713,,3.1820739710185126,3.517976668603161,4.282300978520858,6.768297959293353,8.107224549887668,3.265652813406752,"rgba(239, 83, 80, 1.0)",0.5666886588229585,3.265652813406752,-1.2805140920130114,50.43102351674332,-3.7263584437002706,True,False,False,False,True,0.0,0.0,0.0,0.0,0.0,1,0.8667582995553933,1.0897628297732085,False,False,False,False,-0.17120216330017224,-0.17362328497177645,False,False,False,False,-12283215,-11876180.832455467,False,False,False,False,295355.0974482682,False,False,False,False
2025-05-07 00:00:00+00:00,2.47,2.57,2.47,2.54,169670,,,,,2.79426998228286,3.064465010070873,3.178401661102544,3.321158616239574,3.40953958364702,3.4455238014595886,3.4507702440994117,3.4680863404126248,3.4935728244341666,3.515972585821958,3.614053151299784,4.044168888275182,4.055689767070495,4.279526925533047,4.617693005585949,4.9028990579783,4.967365218102024,5.558498672076245,5.813015906752968,6.13988828637025,6.4202571238183195,6.764060680329401,7.264276952691186,8.102124368536858,8.223852015824953,8.44489695169604,8.805659580850431,9.174856998478475,,,2.4338290885221614,2.6093218577759125,3.143860627407993,3.2868428118878197,3.35335047666629,3.431093780561637,3.432317137462375,3.471962917293032,3.4720508750014494,3.4824643046307218,3.6812897031312297,3.7601842727469346,4.0116949042255925,4.144303886485922,4.483644941939715,4.669358810650313,4.93335657189586,5.134382110543192,5.701002527031614,5.887375563618518,6.2188816028088265,6.454025766326553,6.698245057744592,7.166985693490484,7.357908031144488,7.724274396038699,8.030275816308727,8.1829545030546,8.360026606109251,8.570038756092103,8.839999961275192,9.223096103942375,,3.178401661102544,3.515972585821958,4.279526925533047,6.764060680329401,8.102124368536858,3.2629427263390007,"rgba(239, 83, 80, 1.0)",0.5665890672910134,3.2629427263390007,-1.3995023414945749,49.01230658067358,-3.7263584437002706,True,False,False,False,True,0.0,0.0,0.0,0.0,0.0,1,0.8847778773524515,1.0796597391143543,False,False,False,False,-0.1344877427798994,-0.15405551387583793,False,False,False,False,-12452885,-11898796.682163097,False,False,False,False,290426.27009735577,False,False,False,False
2025-05-08 00:00:00+00:00,2.64,2.66,2.52,2.53,240725,,,,,2.7917335809612753,3.059926617595108,3.1740462882275633,3.316974281923461,3.4055766313408316,3.4417428328643354,3.447015071325092,3.464476051374443,3.4903872983570903,3.5134315366368387,3.611334468728053,4.040840175807873,4.052342935319581,4.275834066476737,4.613531584786259,4.8986064531942555,4.963109177352221,5.55391415618293,5.8081683740377406,6.134701499457802,6.414768184981812,6.758208776147236,7.257960446266986,8.095037481593126,8.216651410461651,8.437509787204785,8.798006380091385,9.16692606471677,,,2.4409046609822407,2.609273732033719,3.1395099231926102,3.282617541341668,3.3492815768473485,3.4272157431420296,3.428448654333072,3.468436896035755,3.468545504649494,3.4796671143353475,3.6784723717712735,3.7572713608664676,4.008417854885306,4.14082437161327,4.479637542055089,4.665144780212366,4.9290921557650496,5.13006224428383,5.696270344519908,5.882452412016261,6.213608974977603,6.448500629566344,6.692462706355959,7.160754547407522,7.351512880610284,7.7175502891638645,8.023258828966878,8.175791232453903,8.352708431769253,8.56255927939538,8.832321449477844,9.21512742905783,,3.1740462882275633,3.5134315366368387,4.275834066476737,6.758208776147236,8.095037481593126,3.259960576874966,"rgba(239, 83, 80, 1.0)",0.560612052917528,3.259960576874966,-1.1058638030498582,51.927210842518264,-2.1982367761347135,True,False,True,False,True,0.0,0.0,0.0,0.0,0.0,1,0.8988670278221758,1.040311744154797,False,False,False,False,-0.04222183055801116,-0.09813867221692454,False,False,False,False,-12212160,-11911085.43972533,False,False,False,False,288477.2006817732,False,False,False,False
2025-05-09 00:00:00+00:00,2.71,2.91,2.59,2.69,572676,,,,,2.79001761988647,3.052478541968766,3.1662609612145842,3.3090004657803673,3.3978131322678715,3.434262741829619,3.439575956652069,3.457291097972947,3.4840016267462666,3.5083017088843365,3.6057547288228893,4.0336951294292325,4.045153155324201,4.26779321679685,4.604337426382222,4.88903430733091,4.953600812805225,5.543543339346843,5.797160859405721,6.122875738841163,6.402217098391778,6.7447871673148,7.24342041264295,8.078648881408464,8.199990643198383,8.420401043945324,8.780256120528803,9.14850778208334,,,2.46715245828796,2.6145397325483635,3.1318950211895977,3.2746668780872894,3.341441474325443,3.419573706668506,3.4208228176911057,3.4614111441838453,3.4615601744386555,3.474064280295276,3.6726348213693742,3.751176731962917,4.0014003166281915,4.133305774726933,4.470829465344141,4.655817390442775,4.919574188720033,5.120370938832378,5.68554186402451,5.87126203321475,6.2015770993559975,6.435862714150295,6.6792077707896444,7.146420302454648,7.336782964368246,7.7020297639499375,8.00703731984571,8.159219886463456,8.335765555792978,8.545227799128458,8.814510215416979,9.196618576511396,,3.1662609612145842,3.5083017088843365,4.26779321679685,6.7447871673148,8.078648881408464,3.2553065770459666,"rgba(239, 83, 80, 0.5)",0.5513153803869272,3.2553065770459666,-0.9891009691462926,55.12099468754789,0.7997707260527633,True,False,True,False,True,0.0,0.0,0.0,0.0,0.0,1,0.9280764602553285,0.9889348400392813,False,False,False,False,0.17980345106780318,0.04083238942543932,False,False,False,False,-11639484,-11900434.402873356,False,False,False,False,299622.2516354291,False,False,False,False
2025-05-12 00:00:00+00:00,2.98,3.025,2.79,2.85,615315,,,,,2.794606599727139,3.0495599737759247,3.161858487988589,3.303510656790585,3.3920717238111058,3.428598314302867,3.4339244397583375,3.4517742877883117,3.479019075996239,3.504238847831126,3.6011658206481223,4.027245986189465,4.03865339274997,4.260335235876196,4.595579564879656,4.879766745391595,4.944365287408843,5.5332533533336505,5.786169346229287,6.110987319712616,6.389538971778741,6.731162483047728,7.228573125672036,8.061790129017673,8.182836846411444,8.402759296260617,8.76191138787783,9.129433666720018,,,2.5075898837122006,2.6280257693569524,3.127909271328738,3.2693825496900293,3.3358832404699967,3.413840381046942,3.415096958975426,3.4560021583436074,3.456181269681251,3.469704943972815,3.6677328058091643,3.7459521097090946,3.9950953971313727,4.126432051136855,4.462517335744985,4.646903689228245,4.91034458656092,5.110889854088165,5.674857487216441,5.8600693307129,6.189464190274112,6.423090154140643,6.665764099199521,7.131798446117685,7.321727225454632,7.68611176852204,7.990359385242633,8.142163131714193,8.318304796581408,8.527341759400457,8.79609875966338,9.177445897055327,,3.161858487988589,3.504238847831126,4.260335235876196,6.731162483047728,8.061790129017673,3.253938941717409,"rgba(239, 83, 80, 0.5)",0.5397054585461566,3.253938941717409,-0.5075711897658738,60.76162199188061,5.954423960314465,True,False,True,False,True,0.0,0.0,0.0,0.0,0.0,0,0.9614859660265678,0.9452695306693332,False,False,False,False,0.3428281404680905,0.19183026494676492,False,False,False,False,-11024169,-11866071.053741068,False,False,False,False,312002.3594144319,False,False,False,False
2025-05-13 00:00:00+00:00,2.96,3.03,2.915,3.03,302887,,,,2.9683333333333337,2.797333574515205,3.048605403701607,3.160087129836422,3.301127294333694,3.389518129710966,3.4260589484219044,3.4313881758863154,3.449289432701551,3.476761398805803,3.5023866019069647,3.59905227449306,4.024204378318689,4.035586749712198,4.256795031632456,4.591396388932378,4.875322230262815,4.9399323018768415,5.528288828763998,5.7808588200976665,6.105234869505669,6.383397976195015,6.724555847348026,7.221364129213954,8.05359097853507,8.174492576072124,8.394174705105726,8.752979973969405,9.120142705709785,,,2.5265222221619275,2.635003410732154,3.1263608105849645,3.267116679998397,3.3334454245608227,3.411278243913476,3.4125374373299495,3.453563335894139,3.4537557310371723,3.4677291999316293,3.665462566870007,3.7435194033231656,3.992125108479778,4.1231802381898035,4.45855581449319,4.6426427856730434,4.905916355683074,5.106330941248959,5.669698417995586,5.854659596119461,6.183601284647377,6.416902704825343,6.659246488028957,7.124700587171632,7.314415401092502,7.678375262934151,7.982249127249142,8.133866606511939,8.309809388348599,8.518636622986202,8.787134437133078,9.168106389162558,,3.160087129836422,3.5023866019069647,4.256795031632456,6.724555847348026,8.05359097853507,3.226790765869571,"rgba(239, 83, 80, 0.5)",0.5267467723343914,3.226790765869571,-0.5064877088609971,63.99820754206872,8.717345333536635,True,False,True,False,True,0.0,0.0,0.0,0.0,0.0,0,0.9972564781409894,0.9355272363132552,False,False,False,False,0.34282815082693435,0.26732920788684966,False,False,False,False,-11327056,-11844933.208496321,False,False,False,False,311644.89433935616,False,False,False,False
2025-05-14 00:00:00+00:00,2.85,3.0,2.81,2.94,256509,,,,2.930885380541394,2.7985055366778506,3.04700959398143,3.1579839885325245,3.2986463714707495,3.3869648116330824,3.423550416798384,3.4288867517608628,3.4468510011942373,3.4745603540037737,3.5005896094285407,3.5970430269557547,4.021443954953965,4.032805699446898,4.25362296887744,4.587693114495728,4.8714138897677834,4.9360387573824065,5.5239658290406455,5.776246934010489,6.100253276025856,6.3780905476246055,6.718857682852437,7.215161160211973,8.046556714725508,8.167336311725093,8.386816659976205,8.745331162505586,9.112192097704165,,,2.538633438822161,2.6392987977855196,3.1244071107612945,3.264707010101629,3.330949873493574,3.4087355296577537,3.4099983362462862,3.4511725228530667,3.451377948331337,3.4657964803861496,3.663327558023963,3.7412552698400874,3.989423449347737,4.120246851388379,4.455034313974853,4.638876006851275,4.902024536420907,5.102338335937687,5.66521303976329,5.849964822645234,6.178527080678869,6.41155630210462,6.653623062294919,7.118590712907414,7.308126345556974,7.671729926694405,7.975289628588728,8.12675046943154,8.302526189750076,8.511177547813281,8.779458022061641,9.160114991188744,,3.1579839885325245,3.5005896094285407,4.25362296887744,6.718857682852437,8.046556714725508,3.223946062751652,"rgba(239, 83, 80, 0.5)",0.5139798082082428,3.223946062751652,-0.7275501036806195,63.417294665799645,8.717345333536635,True,False,True,False,True,0.0,0.0,0.0,0.0,0.0,0,0.9938691262823743,0.9175738089074782,False,False,False,False,0.27437624779309305,0.2708527278399714,False,False,False,False,-11583565,-11834683.474829799,False,False,False,False,309482.7024044795,False,False,False,False
2025-05-15 00:00:00+00:00,2.83,2.85,2.8,2.85,128846,,,,2.9113745625327527,2.7986898968589737,3.0459242850338053,3.156708797782899,3.2972314974266412,3.3855393798411306,3.4221593128345313,3.427500839400559,3.445503782978223,3.473348734386921,3.4996030905215245,3.59595315683512,4.019989379913098,4.0313409714001756,4.251965464191163,4.585773602025796,4.86939732459313,4.934031476907697,5.521750413967482,5.773887910431005,6.097710194844529,6.3753849590652285,6.715957126794343,7.212008968299157,8.042989581305442,8.163708220960139,8.38308784530742,8.74145736944745,9.108167691451191,,,2.5434180557793824,2.640891514186057,3.1231930732070436,3.263317816132623,3.329538961299086,3.407321865200607,3.4085869924506875,3.449852359969985,3.4500649782012096,3.4647304284128646,3.6621770326594913,3.740042959227395,3.987997800607034,4.118707226487802,4.453203946896927,4.636925441484067,4.900017276005022,5.100284078786422,5.662916923941877,5.8475645743968245,6.175937817308578,6.408831268916125,6.650759811951441,7.1154849105226745,7.304931274314652,7.66835711640685,7.971759864337283,8.123142423860296,8.298834723704903,8.50739837052522,8.775570460446222,9.156070213267949,,3.156708797782899,3.4996030905215245,4.251965464191163,6.715957126794343,8.042989581305442,3.2222448566957995,"rgba(239, 83, 80, 0.5)",0.49995224997472815,3.2222448566957995,-0.7845646393543121,62.55717425620723,8.717345333536635,True,False,True,False,True,0.0,0.0,0.0,0.0,0.0,0,0.9812887219504078,0.9528752997269537,False,False,False,False,0.1963303418053785,0.23359153482267495,False,False,False,False,-11712411,-11829888.475816866,False,False,False,False,302398.91015332344,False,False,False,False
2025-05-16 00:00:00+00:00,2.86,2.885,2.81,2.82,175711,,,,2.899231154163865,2.7991586783314606,3.0446281421202435,3.1551160563064107,3.295417396082821,3.3836935619398116,3.420351848425218,3.425699294377463,3.4437497900160965,3.47176729435346,3.4983121998472377,3.5945199698110817,4.018052870747457,4.029390538055253,4.249750812604491,4.58319974829616,4.866687256931575,4.931332641117467,5.518763018594818,5.770704154660904,6.094274940599164,6.371727853762119,6.712033896990929,7.207741989516634,8.038156105977718,8.158791565825668,8.378033649978258,8.736205026172412,9.102709601120074,,,2.5502462406808895,2.6433068928306307,3.121691570500773,3.2615451298360627,3.3277225615287644,3.4054875696006253,3.406755488941568,3.4481328494434926,3.4483547625341875,3.4633390790132528,3.6606599137029203,3.738439976860545,3.986100959252917,4.116654005189831,4.4507527083764575,4.634308799404403,4.897319098108071,5.09751933763044,5.659819173002942,5.8443244606934766,6.172439513827119,6.405147621894787,6.646887495259105,7.111281322809686,7.300605682690779,7.663788790150401,7.966977368081341,8.118253125886081,8.293831541898323,8.50227533455687,8.770299302630285,9.150584306912165,,3.1551160563064107,3.4983121998472377,4.249750812604491,6.712033896990929,8.038156105977718,3.2207697680513547,"rgba(239, 83, 80, 0.5)",0.4853011696130228,3.2207697680513547,-0.7433935680374132,62.456774223311065,8.717345333536635,True,False,True,False,True,0.0,0.0,0.0,0.0,0.0,0,0.9873947814395159,0.9390747769576604,False,False,False,False,0.21800451819774844,0.2257980265102117,False,False,False,False,-11536700,-11818390.88852993,False,False,False,False,297430.75681397744,False,False,False,False
2025-05-19 00:00:00+00:00,2.85,2.87,2.8,2.8,38417,,,,2.8967094798512067,2.799237540704275,3.044330062972441,3.1547567333288447,3.2950123556967745,3.3832828837402795,3.4199501178912164,3.4252989350814125,3.443360151725543,3.471416118578412,3.49802556807113,3.5942024468282745,4.0176261058809315,4.028960743404476,4.24926350700788,4.5826342403291696,4.866092279270739,4.930740201337353,5.518107899303342,5.770006212088529,6.093522135055244,6.370926638015233,6.7111746040538645,7.206807684969958,8.037098151750477,8.157715452832251,8.37692751371817,8.73505564085252,9.101515301917384,,,2.5516428001748426,2.6437984711206175,3.1213514070599278,3.2611486122749844,3.327317579118078,3.405079721764615,3.406348274880478,3.447750888535896,3.4479748613557124,3.463029932773206,3.6603241984438912,3.738085674495894,3.9856828257145867,4.116201848345144,4.450213872403944,4.6337339875986565,4.896726763126644,5.096912631822146,5.659139987936738,5.843614225986603,6.171672950741372,6.404340614075847,6.646039313957965,7.110360850978184,7.299658588606355,7.662788718516337,7.965930543319813,8.117182985035106,8.292736540882942,8.501154173290569,8.769145810462286,9.149383934962897,,3.1547567333288447,3.49802556807113,4.24926350700788,6.7111746040538645,8.037098151750477,3.220439846431438,"rgba(239, 83, 80, 0.5)",0.47065248938926296,3.220439846431438,-0.7870772061827086,62.1177478518665,8.717345333536635,True,False,True,False,True,0.0,0.0,0.0,0.0,0.0,0,0.972739924532633,0.9655662204622735,False,False,False,False,0.20593967137974084,0.21586884894497627,False,False,False,False,-11575117,-11808850.73603856,False,False,False,False,287273.3545859783,False,False,False,False
2025-05-20 00:00:00+00:00,2.85,2.87,2.785,2.84,187701,,,,2.8860836297207553,2.7995717838245104,3.042850746943336,3.152985138438585,3.293022057066237,3.3812668608786445,3.4179784258109396,3.423334026625136,3.4414479166334866,3.469692370374412,3.4966180857825937,3.592644641726235,4.015536586197257,4.0268564629497945,4.2468789941902925,4.57986858893864,4.863183141892362,4.927843518192132,5.514905697155709,5.7665951090596606,6.08984337213779,6.36701167633899,6.706976261061265,7.202243302668854,8.031930329185126,8.152459007002056,8.371524533141365,8.729441557269443,9.095681983935563,,,2.558162072022259,2.646105043329844,3.1196718243004584,3.259199076507236,3.3253283105378166,3.403077896666598,3.4043495677358697,3.445876253044627,3.4461103008905623,3.461511792147324,3.6586779005830024,3.7363489893178943,3.983635356188933,4.1139886225799485,4.4475781987588245,4.6309229973251504,4.893830556999694,5.093946463784698,5.655820390335741,5.840143156071632,6.16792706457836,6.400397391366091,6.641895190257235,7.105863971956198,7.295031792260223,7.657903381537547,7.96081703666473,8.111955686360753,8.287387909263332,8.495677855014463,8.76351168056075,9.14352097464022,,3.152985138438585,3.4966180857825937,4.2468789941902925,6.706976261061265,8.031930329185126,3.218881254674932,"rgba(239, 83, 80, 0.5)",0.45659235273832927,3.218881254674932,-0.8079006414860737,61.89173027090345,8.717345333536635,True,False,True,False,False,0.0,0.0,0.0,0.0,0.0,0,0.9593902739706159,0.964466489724289,False,False,False,False,0.19872925357457763,0.20729905125977693,False,False,False,False,-11575117,-11799684.707174303,False,False,False,False,283368.55636692035,False,False,False,False
2025-05-21 00:00:00+00:00,2.73,2.84,2.73,2.79,157036,,,,2.871046618293378,2.79931648517939,3.0412274405938304,3.1512027005662393,3.291123641653557,3.3793819876656874,3.416146875642741,3.4215103802709983,3.4396780701987466,3.4681028961564824,3.4953239834189613,3.5912291356945345,4.013693238118864,4.025001042782546,4.24479395703021,4.577471130506255,4.860673883488633,4.925347288302939,5.512164348174449,5.763680990151301,6.086707508358221,6.363679722918661,6.703408923517488,7.198372290770156,8.027557917820491,8.148012873340383,8.366956642289406,8.72469850157474,9.090756825141053,,,2.562099684880919,2.6473096802721447,3.1179480126451895,3.257321150230616,3.3234461185644912,3.4012137202613415,3.402488695941031,3.4441422129017085,3.4443855909823564,3.4601093825099816,3.6571917506365246,3.7347913887636137,3.9818264009380453,4.112044225419441,4.44528655766669,4.62848875830788,4.891333538017974,5.091395965991604,5.652981977036491,5.837179414039046,6.164735484523027,6.397041966841137,6.638372906678282,7.102048937513018,7.291109049496831,7.653765957142508,7.956489827505306,8.107533792796595,8.282865158627303,8.491049127940604,8.758751983972974,9.138571172184319,,3.1512027005662393,3.4953239834189613,4.24479395703021,6.703408923517488,8.027557917820491,3.2169600672705414,"rgba(239, 83, 80, 1.0)",0.4445439813493143,3.2169600672705414,-1.095414824406086,58.46563982971612,13.480570221558246,True,False,True,False,False,0.0,0.0,0.0,0.0,0.0,0,0.947711658847623,0.9651411058984153,False,False,False,False,0.15823044868047498,0.18276474997012596,False,False,False,False,-11732153,-11797036.404932175,False,False,False,False,278414.33847017837,False,False,False,False
2025-05-22 00:00:00+00:00,2.7,2.745,2.69,2.71,115757,,,,2.857509431119564,2.7988180514779146,3.0398057410206354,3.1497128699807435,3.2895871567155344,3.3778759073233133,3.4146895808308972,3.4200602139064205,3.4382732525736093,3.46684432013647,3.4943012046100446,3.590119425165101,4.012278142568226,4.023577211353159,4.243203707316769,4.575654377036371,4.858779577947309,4.9234641263755785,5.510106686994311,5.761497153687421,6.084361503861246,6.361190068930995,6.7007467604562,7.195487789489601,8.024305852572613,8.144706713434255,8.363561224624524,8.721174819010395,9.087099683201759,,,2.5641531962137476,2.647780228137019,3.1164907991171265,3.2557918575976506,3.3219305319673644,3.399728043292877,3.4010058614050216,3.442766334778058,3.4430171180977642,3.458997528342953,3.656031957961146,3.733581377803212,3.9804361948147386,4.11055608122834,4.443546084092458,4.62664557034683,4.88944909322326,5.089475081497809,5.6508534449231975,5.8349593207584425,6.162348669090642,6.394535113206832,6.63574377358939,7.099205405856013,7.288186702386203,7.650686315511262,7.953270941195025,8.104245415608872,8.279502821085394,8.48760917260541,8.755216111750572,9.134895956461428,,3.1497128699807435,3.4943012046100446,4.243203707316769,6.7007467604562,8.024305852572613,3.215241901201734,"rgba(239, 83, 80, 1.0)",0.4309426917887733,3.215241901201734,-1.1956158232154908,55.456776984570205,10.558819960514555,True,False,True,False,False,0.0,0.0,0.0,0.0,0.0,0,0.9691956302874573,0.9722009346496566,False,False,False,False,0.0948991854915929,0.13883196773085943,False,False,False,False,-11847910,-11799031.44787601,False,False,False,False,272035.6193144851,False,False,False,False
2025-05-23 00:00:00+00:00,2.66,2.685,2.62,2.64,85909,,,,2.8455010745874842,2.7982136407496214,3.0385776881711424,3.14847151528736,3.2883408182692353,3.3766678555117817,3.4135250795586085,3.4189020123553955,3.437153131534762,3.465843086685957,3.4934890395174287,3.589244652832215,4.011184246618455,4.02247695298642,4.241982046833196,4.574267439931441,4.857338831050563,4.922032855226462,5.508550665343419,5.759848363700601,6.082593307491206,6.359315911412794,6.6987452984259725,7.193322430494141,8.021869188984802,8.142230082346474,8.361018713171605,8.718537754456282,9.084364146783352,,,2.565069542403284,2.6478191929651445,3.1152656293890657,3.254544801727499,3.3207065919676353,3.398539114883324,3.399819358322427,3.441669678202917,3.441926370442572,3.458112093050736,3.6551215176491234,3.7326355239756404,3.9793604272339875,4.10940904314329,4.442214460064867,4.625239528495158,4.888016322844414,5.088017575535283,5.6492453288054785,5.833283860884288,6.160550372932644,6.392648264462683,6.633766694543813,7.0970702353899595,7.285993469397765,7.648377046770114,7.950858800774037,8.101781920137658,8.276984716642275,8.48503383692884,8.752570057975717,9.13214707414032,,3.14847151528736,3.4934890395174287,4.241982046833196,6.6987452984259725,8.021869188984802,3.213733413803298,"rgba(239, 83, 80, 1.0)",0.4152747055668491,3.213733413803298,-1.333414740605144,52.4918649525231,7.75975536521058,True,False,False,False,False,0.0,0.0,0.0,0.0,0.0,0,0.960724482242934,0.9501503043852626,False,False,False,False,0.03462916917869912,0.08673056845477928,False,False,False,False,-11933819,-11804317.234233813,False,False,False,False,264736.53620411316,False,False,False,False
2025-05-27 00:00:00+00:00,2.78,2.79,2.67,2.7,264157,,,,2.830259470614678,2.7975560294951003,3.035741019990898,3.1453951113361476,3.2850892606837805,3.373447078292894,3.4103967051092576,3.4157873109853054,3.4341302244436984,3.4631261613954116,3.491273512972463,3.586828000862398,4.0080583071250695,4.019330924267476,4.238453672934256,4.570218427577987,4.853104433485225,4.917820702617555,5.5039301010703,5.754938889582665,6.0773128787078035,6.353707331659449,6.692742723745032,7.1868114261410465,8.014518391935924,8.134755784378802,8.353340414526707,8.710565895690221,9.076087067084348,,,2.570532367812077,2.649432772692249,3.11228107175973,3.2513238678624394,3.3174855135915404,3.3953547897604834,3.3966406836104612,3.438707382991808,3.4389798146030834,3.4557110552413275,3.6525880375266238,3.7299840444238965,3.9762917176580244,4.106114956276823,4.438341688464455,4.621129265228679,4.883802640966797,5.083715319820519,5.644462464289273,5.8282913884410315,6.155176711344038,6.387000401743865,6.627839539934293,7.09065296502326,7.279395835712633,7.641419861407148,7.943583722533137,8.09434823093997,8.269382053945856,8.4772535872933,8.74457030845041,9.123828688957413,,3.1453951113361476,3.491273512972463,4.238453672934256,6.692742723745032,8.014518391935924,3.2108688846136184,"rgba(239, 83, 80, 1.0)",0.39935610337122834,3.2108688846136184,-1.0789089761653072,53.38487477136752,7.75975536521058,True,False,False,False,False,0.0,0.0,0.0,0.0,0.0,0,0.9585837136101444,0.9420171990542024,False,False,False,False,0.10655523873881154,0.09664290359679541,False,False,False,False,-11669662,-11799036.63681288,False,False,False,False,264713.80929414794,False,False,False,False
2025-05-28 00:00:00+00:00,2.75,2.79,2.73,2.78,128972,,,,2.825106421695255,2.7973029173395143,3.034423201367954,3.14394738201594,3.283545083761876,3.3719113989882534,3.4089027991465057,3.4142996226765585,3.432685245322233,3.461825505177285,3.490211036462806,3.5856671081758833,4.00654976166924,4.017812562620119,4.236748529770767,4.568258854254078,4.8510529834146565,4.915779526968705,5.501687930717717,5.752555644639675,6.074748553457987,6.350982895116147,6.689826056714578,7.183646560073275,8.010943675714389,8.131120810631582,8.34960586032512,8.706687956432289,9.072060088191682,,,2.5732266051601713,2.6502806687907343,3.1108807591262426,3.249796944391277,3.3159532731418353,3.3938351439742154,3.395123646112476,3.4372909943708763,3.437570892581915,3.4545611012813304,3.65136981555076,3.7287077730552594,3.9748111348608433,4.104524218504791,4.436468406350602,4.6191396692583435,4.881760970369759,5.08162948921577,5.6421410395257,5.8258676176902835,6.1525668957415025,6.384256799291716,6.62495966775627,7.087533867395876,7.276188661408036,7.638037180658783,7.940045943974997,8.090733072746414,8.265684426959613,8.473469233741161,8.740678747652627,9.119781546191234,,3.14394738201594,3.490211036462806,4.236748529770767,6.689826056714578,8.010943675714389,3.209623480321123,"rgba(239, 83, 80, 1.0)",0.3837064380919173,3.209623480321123,-1.1978518854328415,53.20004221030627,7.75975536521058,True,False,False,False,False,0.0,0.0,0.0,0.0,0.0,0,0.9672749965752903,0.9459656920196655,False,False,False,False,0.13465406596784757,0.11564848478232148,False,False,False,False,-11798634,-11799020.847133944,False,False,False,False,259390.6010865343,False,False,False,False
2025-05-29 00:00:00+00:00,2.84,2.89,2.76,2.79,195683,,,,2.825576384952448,2.797607152531233,3.0329690048541127,3.1421833419773004,3.281543044918371,3.369871924086848,3.406902546108428,3.412305482982466,3.4307411360649582,3.4600654811148397,3.488765420872052,3.5840671918039755,4.004401735840204,4.015649339752066,4.234296692727147,4.565413788746896,4.848056788772718,4.912794839840678,5.498383670531479,5.749035223520282,6.070951203204704,6.346941287653426,6.685491339545841,7.178932688267192,8.005604773033202,8.125690139381147,8.344023279306075,8.700886181910677,9.066030772577202,,,2.5787446151942057,2.652411180104043,3.1092125967072413,3.2478399904636737,3.3139471392581745,3.3918070020573015,3.3930984087204132,3.435383512673798,3.435673315961919,3.4530061181784,3.6496787599846128,3.726923334758082,3.972706393752244,4.102248743652179,4.433757855414886,4.616247587704547,4.878777354899018,5.07857148602409,5.638715306479128,5.822285135629082,6.148700138192943,6.380185965255131,6.620681029682148,7.08288996328361,7.271410063185101,7.632990709494756,7.934763260235243,8.085332590851461,8.260158213283667,8.467810500099231,8.734856160430652,9.113721482146243,,3.1421833419773004,3.488765420872052,4.234296692727147,6.685491339545841,8.005604773033202,3.208544468945509,"rgba(239, 83, 80, 1.0)",0.3665580346893929,3.208544468945509,-1.0054191534985706,55.00769292061287,7.75975536521058,True,False,True,False,False,0.0,0.0,0.0,0.0,0.0,0,0.9733024149872613,0.9298234908236586,False,False,False,False,0.1963303418053785,0.15598941329385,False,False,False,False,-11602951,-11791331.833520848,False,False,False,False,256892.26378902316,False,False,False,False
2025-05-30 00:00:00+00:00,2.86,2.88,2.79,2.83,203519,,,,2.827188927867694,2.798045415383299,3.0315762858490296,3.140447036573395,3.279540433774969,3.3678189874058964,3.4048845490762303,3.410293037944412,3.4287770202245467,3.4582838676042864,3.487298912455202,3.5824396747275022,4.00220126809209,4.013433042109091,4.231779849585394,4.562487316161667,4.844970549783896,4.909719495433886,5.4949728814909715,5.745399498733825,6.0670274173826995,6.342763566806501,6.681008913292405,7.174055867209826,8.00007801278866,8.12006798290044,8.338243125472973,8.694877895949285,9.059785742294242,,,2.584528982961114,2.654736460871617,3.1075803780270994,3.2458882667285898,3.3119351704172186,3.3897627608380616,3.3910569257207985,3.4334557325415958,3.4337554562092656,3.451431496248542,3.6479558476430416,3.725102419360122,3.9705510105611386,4.099915464558329,4.430971805708698,4.613271975279001,4.875703589067086,5.075418633506984,5.635178107029232,5.818584835498808,6.144704194276324,6.375977861927113,6.61625689585393,7.07808594071773,7.266465881213476,7.627767920719581,7.929294929857486,8.07974182082302,8.25443669710988,8.461951082660526,8.728826215465824,9.107444470008417,,3.140447036573395,3.487298912455202,4.231779849585394,6.681008913292405,8.00007801278866,3.2075493596133833,"rgba(239, 83, 80, 0.5)",0.35504888637238446,3.2075493596133833,-0.9788774812515948,56.614755649316166,7.75975536521058,True,False,True,False,True,0.0,0.0,0.0,0.0,0.0,0,0.9686539549534396,0.9327206838025048,False,False,False,False,0.20593967137974084,0.18096454233679543,False,False,False,False,-11399432,-11775963.212598464,False,False,False,False,254799.19462082617,False,False,False,False
2025-06-02 00:00:00+00:00,2.93,2.945,2.76,2.84,325352,,,,2.8336725514353907,2.799257030293673,3.029797992918509,3.1380349327932455,3.2766305847242827,3.364786944794024,3.4018875717061947,3.4073020714622952,3.4258503517418815,3.455617896881094,3.4850949680212064,3.579975183009107,3.998806522826702,4.010012811800794,4.227876156634795,4.557924393609647,4.840142404380015,4.904905042968218,5.4896101810452125,5.739676042803654,6.060842393915284,6.336172174167808,6.673930001356548,7.166345196148599,7.991327095643246,8.111164489549864,8.329086672250313,8.685355715668749,9.049884294460655,,,2.5944503707457875,2.6590067653260627,3.1053524313541754,3.243074899337323,3.3089918459277974,3.386733542345284,3.3880311972297115,3.430581105699532,3.4308953946497844,3.4490749954947963,3.6453359313809752,3.722321911892589,3.967228841002562,4.096306717368796,4.426635896790227,4.60862941472847,4.870893296006279,5.070475559613098,5.629612640296769,5.812757836606099,6.138403691362973,6.3693378575927335,6.609271229584928,7.0704919366781755,7.2586472080165745,7.619503126517168,7.920637429284105,8.07088853844502,8.245374160914228,8.452667538557998,8.719269321860345,9.097491821003878,,3.1380349327932455,3.4850949680212064,4.227876156634795,6.673930001356548,7.991327095643246,3.2064515238430418,"rgba(239, 83, 80, 0.5)",0.3464508857237571,3.2064515238430418,-0.7979530006555402,59.037009752835274,3.92406639672096,True,False,True,False,True,0.0,0.0,0.0,0.0,0.0,0,0.9667668695901749,0.9214489644858684,False,False,False,False,0.22284781672395088,0.20190617953037315,False,False,False,False,-11074080,-11748438.380731858,False,False,False,False,257565.9713023624,False,False,False,False
2025-06-03 00:00:00+00:00,3.02,3.07,2.91,2.95,409734,,,,2.8565709587313535,2.803000954584119,3.0293687951611723,3.136453540585385,3.2741267720995038,3.3619633107646925,3.3990273870609453,3.4044383310886444,3.4230178651194723,3.452995449486975,3.482894027772919,3.577429895214667,3.9950214618371422,4.006194671571202,4.223432269646075,4.552626821125813,4.834470676523717,4.899236362819825,5.4832010368733926,5.732805707922849,6.053383775106694,6.328197682671224,6.665337102901026,7.156948414996152,7.980610256102542,8.100254463840352,8.317855454048088,8.673658485025605,9.037704819322862,,,2.610993570169076,2.6670155315100623,3.104078602677844,3.240754159194933,3.3063727841874484,3.3838701703441183,3.385168692877101,3.427791304859113,3.4281191014149717,3.446761530887217,3.6425811562413677,3.719347191528385,3.963537960833075,4.092243204295987,4.42163616401513,4.603226639500525,4.865236177054378,5.06462577263483,5.6229441604137325,5.805755245605553,6.130798443791266,6.361301695079756,6.600796525914757,7.0612437902279765,7.249112660392035,7.60940168828611,7.910038746245157,8.060042128624298,8.234262316537201,8.441274297978683,8.707527895427432,9.085247368559514,,3.136453540585385,3.482894027772919,4.223432269646075,6.665337102901026,7.980610256102542,3.2070944406402075,"rgba(239, 83, 80, 0.5)",0.3221715171908398,3.2070944406402075,-0.5807293030481687,62.15514284494476,6.908470364409837,True,False,True,False,True,0.535190116338569,0.0,0.0,0.0,0.0,0,1.0007507620234537,0.8941425546930134,False,False,False,False,0.3428281533017437,0.2723671664160584,False,False,False,False,-10664346,-11705924.954036493,False,False,False,False,263533.34497677954,False,False,False,False
2025-06-04 00:00:00+00:00,3.06,3.0998,2.98,3.01,266580,,,,2.8721927702756185,2.8059214043611505,3.0295287733296536,3.135788747928556,3.2727947552421974,3.360383066643706,3.3974030415774266,3.402808857602752,3.421395938159365,3.451479247410048,3.4816099060591665,3.5759185275021514,3.9926888150612103,4.003840318812207,4.220667702509163,4.549302300424559,4.830892550988501,4.895656352088542,5.47912674747197,5.728430129016463,6.04862432026508,6.323102138631793,6.659838770090959,7.150925714851618,7.973727378493198,8.093245814974056,8.310637425263598,8.666136171301826,9.029867897523632,,,2.6222556722061676,2.672728577012079,3.1036299656357107,3.239555572958292,3.3049480642903903,3.382253273252967,3.383551460544848,3.4261911578661164,3.4265264578867516,3.445424776321645,3.6409305104299454,3.717549435684839,3.9612671062288762,4.089727656310263,4.418508038243941,4.5998325527512245,4.861665388554731,5.060923020685224,5.618700422570255,5.801293290161014,6.125943454895013,6.356165981994958,6.595375155942341,7.055318100922599,7.242999991582095,7.602919410037899,7.903232755355621,8.053074908223037,8.227122142914833,8.433950454781682,8.6999767332008,9.077368092243223,,3.135788747928556,3.4816099060591665,4.220667702509163,6.659838770090959,7.973727378493198,3.2078380790252723,#000000,0.30319458266518756,3.2078380790252723,-0.4876013209923583,64.84007181701682,9.422528710198655,True,False,True,False,True,1.2835104603386185,0.0,0.0,0.0,0.0,0,0.9970147917070912,0.8985327701240354,False,False,False,False,0.342828159750581,0.3075976630833197,False,False,False,False,-10397766,-11654624.602897808,False,False,False,False,263652.8216443568,False,False,False,False
2025-06-05 00:00:00+00:00,2.66,2.82,2.49,2.58,2442668,,,,2.7795950290901072,2.7911482310790814,3.0002958656919425,3.1053696156007446,3.2414264132568165,3.329490685589672,3.367387599677639,3.3729229953622712,3.3923497777716527,3.4252061477627427,3.4599463093710976,3.552546236820031,3.96324328553743,3.9742200625721327,4.187711485338476,4.511778797015964,4.7917391958176525,4.856701586258275,5.436534700918055,5.683256323747167,6.000130266323351,6.271668105889014,6.604870703935957,7.091384799671864,7.9066212132588385,8.025026515275307,8.240575870046573,8.593415882340675,8.954383257684054,,2.6566666666666667,2.6288462769305383,2.6707819382499283,3.0737969262180727,3.2083488322919522,3.2739280612836494,3.351720936566275,3.3530708360676735,3.397688536790637,3.3981636915657534,3.4219985138299314,3.616570034953264,3.6921936475628523,3.9323191026296125,4.058818927587725,4.382531956644254,4.561770345064906,4.822696359372042,5.021169587145519,5.574658564710448,5.755376983295573,6.076614458147296,6.304379804031394,6.541083841923205,6.99662136714027,7.1826781808936575,7.539358187476871,7.83680853792351,7.985221778480284,8.157744152594322,8.362965679365153,8.627003781911394,9.001509563746012,,3.1053696156007446,3.4599463093710976,4.187711485338476,6.604870703935957,7.9066212132588385,3.140910253175691,"rgba(255, 0, 0, 1.0)",0.2729542746296538,3.140910253175691,-1.7618711186267115,57.55944875703446,13.5518833008029,True,False,True,False,False,0.0,0.0,0.0,0.0,0.0,0,0.9437085632479463,0.9068758947558617,False,False,False,False,0.005314424352145432,0.15645604371773256,False,False,False,False,-12840434,-11701126.932195934,False,False,False,False,349104.3972661467,False,False,False,False
2025-06-06 00:00:00+00:00,2.85,2.95,2.64,2.66,1299897,,,,2.785873370854798,2.7922583206182825,2.9928077786563043,3.0958251630009848,3.2301338304819303,3.317707809506742,3.355692272629133,3.3612441853669957,3.380878133673215,3.414628746747609,3.451034453131449,3.542677898932395,3.9499126772152526,3.960794034532874,4.172470671383422,4.494046117333571,4.772959778526638,4.837956082499112,5.415636777410213,5.660970532346594,5.9760675162444485,6.246041686088851,6.577366182051536,7.061434802590701,7.872640977348396,7.990455316580835,8.205021297313616,8.556432191439633,8.915918825423464,,2.7110813608670346,2.645910525234466,2.679418882431428,3.064862662471081,3.1974062259250355,3.2624908165567685,3.339928802667997,3.341289338198831,3.386393004601411,3.3869181825267383,3.4125280415881587,3.6061281351577454,3.6811557820781244,3.9192600418717802,4.04468563679868,4.365663488387377,4.5437329011543355,4.803974510878521,5.001912058867309,5.552980784655829,5.732692448224079,6.052107551054532,6.278566247928738,6.513938596371699,6.967123983945977,7.1523084869064535,7.507258808782399,7.803189612011575,7.95084521768658,8.122555196715519,8.32691447480033,8.58988444983753,8.96284553499013,,3.0958251630009848,3.451034453131449,4.172470671383422,6.577366182051536,7.872640977348396,3.1371374706508393,"rgba(239, 83, 80, 1.0)",0.24668636396186994,3.1371374706508393,-1.16397787879034,55.90550054816485,12.26853775878321,True,False,True,False,False,0.0,0.0,0.0,0.0,0.0,1,0.9690223174000295,0.8895578272522794,False,False,False,False,0.1240448583898838,0.14025045105380818,False,False,False,False,-11540537,-11694829.287796095,False,False,False,False,386390.3816870821,False,False,False,False
2025-06-09 00:00:00+00:00,2.84,2.96,2.84,2.89,1129168,,,,2.7989714962210255,2.7959132078414326,2.989015044871828,3.089867058576728,3.222290517181738,3.3091969112104156,3.3471269328456046,3.352674968485897,3.3724037957254858,3.4067192899860075,3.444278803559381,3.5350812983309616,3.9392459164586437,3.950044022041069,4.160139373332845,4.479539460359579,4.757479048324944,4.822476619337291,5.398210159967767,5.6423374727408815,5.955892603819799,6.224513695047092,6.554213422635224,7.036159717363751,7.843873716544885,7.961176769452617,8.17488965741891,8.525056441225288,8.883256042413889,,2.750233244172727,2.663320149870315,2.6894477597886493,3.0595138266545128,3.1899478396012935,3.2544146565845273,3.33134158792498,3.332705465428577,3.3780305194487386,3.3785901478741867,3.4054264655385564,3.598019978593119,3.6725096981050336,3.9088301291656307,4.0333171423615415,4.351918915875326,4.528955989144256,4.7885277148691685,4.985955745929987,5.534876093459615,5.713712884027179,6.031548285256226,6.256876375884685,6.491096516109927,6.94224222043922,7.126668249086898,7.480118221635656,7.774734628203211,7.92173516934414,8.092741054524522,8.296350351959143,8.558390681190986,8.930009545180638,,3.089867058576728,3.444278803559381,4.160139373332845,6.554213422635224,7.843873716544885,3.135586221014733,"rgba(239, 83, 80, 1.0)",0.2263201113364875,3.135586221014733,-1.3060537098060303,54.63358062026646,11.183223087671621,True,False,True,False,False,0.0,0.0,0.0,0.0,0.0,1,0.9946016707828927,0.8967569537228228,False,False,False,False,0.2152500126295911,0.17775023184169964,False,False,False,False,-12669705,-11733059.707882524,False,False,False,False,415518.9157385691,False,False,False,False
2025-06-10 00:00:00+00:00,2.89,2.925,2.81,2.86,649083,,,,2.8046026167826734,2.7977626347054123,2.986853303175271,3.0865106110219527,3.21787538741825,3.3043974526962065,3.342290257922795,3.3478351721479105,3.367612851476158,3.402235547049148,3.440433523040911,3.5307601072321786,3.933181541088317,3.943932379636637,4.153129588946603,4.471292280073951,4.748670891504053,4.813666178175112,5.3882810849781055,5.631719976586366,5.94439530727767,6.212244566369433,6.541017295934232,7.021751277475129,7.8274703973931805,7.944481434502512,8.157706633850767,8.507161288032867,8.864624403554732,,2.7649020866359852,2.6719987160168777,2.6946317484363203,3.0564951488751135,3.1857504157615457,3.249864773837609,3.326495880588157,3.3278613246009194,3.373300308695263,3.3738788408002947,3.4013912881947923,3.593408692022434,3.6675927655121576,3.902900205950294,4.02685415361916,4.344106135217585,4.520554543210529,4.779737169358822,4.976870164553309,5.524560107698651,5.70289763208887,6.019831761233101,6.244514900625171,6.478077643952841,6.928058573948559,7.112051028115466,7.464643740478394,7.758509598567699,7.905136090791389,8.075739599584766,8.278919767663421,8.54042797737604,8.911278833040022,,3.0865106110219527,3.440433523040911,4.153129588946603,6.541017295934232,7.8274703973931805,3.134157753932193,"rgba(239, 83, 80, 1.0)",0.21432004358820295,3.134157753932193,-1.1392203446977673,54.590973114351954,11.09181867814624,True,False,True,False,False,0.0,0.0,0.0,0.0,0.0,1,0.9912336304907816,0.8975009103537568,False,False,False,False,0.18671027205793278,0.1822302519498162,False,False,False,False,-12020622,-11744336.660514582,False,False,False,False,424678.29159195855,False,False,False,False
2025-06-11 00:00:00+00:00,2.96,2.9889,2.855,2.92,678822,,,,2.8139506253701385,2.801030062256867,2.985837974531302,3.084069312573881,3.214158941455994,3.300171795454415,3.3379689976699787,3.343502709167739,3.3632948558467954,3.398147863040538,3.4368855480598475,3.52670654235175,3.927266083338922,3.937967072930004,4.1462182219870325,4.463076288314277,4.73983730954967,4.804817762552683,5.378224752309819,5.620941151148782,5.932694513137445,6.199736661562503,6.527540298624587,7.007004213275638,7.810636161885162,7.927342035516341,8.140056642996239,8.488763974944053,8.845455107516683,,2.7834866079169998,2.6827967085518893,2.701445090051648,3.054445198511574,3.1822984638994645,3.2459603355279647,3.3221919995534384,3.323556552072354,3.369028353703929,3.369622869693646,3.397707087478463,3.589043757858726,3.6628970408531516,3.8971265191317994,4.020517715806118,4.336351429291055,4.512174112175981,4.770914986824104,4.9677188199800035,5.5140976305317135,5.691911333413945,6.007901704447665,6.231910456435085,6.464785883792818,6.913547215324519,7.097084870770907,7.448779961566992,7.7418615492428575,7.888097324377199,8.058279834371525,8.261009914972217,8.521959804955172,8.892005807979652,,3.084069312573881,3.4368855480598475,4.1462182219870325,6.527540298624587,7.810636161885162,3.133848265842528,"rgba(239, 83, 80, 0.5)",0.20246436679669996,3.133848265842528,-0.8586610503027123,55.655381560410234,11.09181867814624,True,False,True,False,False,0.0,0.0,0.0,0.0,0.0,1,1.0108128564863623,0.8805314518963047,False,False,False,False,0.23471981232306585,0.20847503213644103,False,False,False,False,-11341800,-11728550.909121854,False,False,False,False,434644.71152952884,False,False,False,False
2025-06-12 00:00:00+00:00,3.67,3.79,3.5,3.56,11929819,,,3.6533333333333333,3.282487843215091,3.0529252860258573,3.1558344968048675,3.209459952251282,3.296453333756799,3.359237605224466,3.387492873332933,3.3917113412673383,3.406547530044796,3.4321313351491742,3.4606400575093152,3.5402234403899375,3.9014358442839017,3.9111840717726847,4.101539987884805,4.3935250784390405,4.65418515396449,4.716806991642412,5.262330812780897,5.491815115808036,5.786923197703121,6.039692138383775,6.350410167936581,6.8070246878161775,7.573594032732685,7.684944807675845,7.888537709824004,8.223595897195791,8.566343600070846,,3.355876282464867,3.089903767219945,3.018280570884627,3.191097574355237,3.273950836144678,3.318783259746241,3.3757679359813175,3.3767655743746134,3.4105756410922425,3.4109042335455686,3.428847127081639,3.5957491130478068,3.6619292273377595,3.8740018045522313,3.9865448151197063,4.276132301200565,4.439193427921835,4.684284405673862,4.871765889281402,5.390750489137501,5.558998078090023,5.858073114149053,6.070163776926687,6.290909785248337,6.717842458830767,6.893101712044834,7.228735570903687,7.508064393531195,7.64747326366541,7.81018145835139,8.004733156334689,8.255502714987594,8.611041414060452,,3.209459952251282,3.4606400575093152,4.101539987884805,6.350410167936581,7.573594032732685,3.3008694635533056,"rgba(0, 255, 255, 0.75)",0.22510642128439795,3.3008694635533056,1.6398045615070984,62.63657667918016,5.944152362625786,True,False,True,False,True,10.582597985631065,0.0,0.0,0.0,0.0,0,1.024167761445604,0.8509282899139876,False,False,False,False,0.34282820103466977,0.27565161658555537,False,False,False,False,588019,-11245548.167587664,False,False,False,False,885435.8600969983,False,False,False,False
2025-06-13 00:00:00+00:00,3.61,3.74,3.56,3.58,2118484,,,3.650820000109622,3.314429071840354,3.082033970556225,3.176639445591611,3.2255411056553527,3.307409529077311,3.3672395473225705,3.3942529340905025,3.3982976429321505,3.412484298799855,3.4368565399324424,3.4640050192747918,3.5420175920155663,3.897075394022374,3.9066724032255356,4.094175520671712,4.382154323446811,4.64013752347491,4.702342794697275,5.243163110005624,5.47044468031632,5.762777697879687,6.013167895229603,6.321033160806973,6.773805412505788,7.534131278487082,7.644580090667966,7.846628364881016,8.179358386446552,8.519729583477691,,3.3852545751162215,3.1278077971376814,3.052791690090904,3.208448701607603,3.2860650679120122,3.3285638022519297,3.3830544186177964,3.3840048668567357,3.416294460223116,3.4165907019649437,3.433247573787627,3.596493180123975,3.6614832641943904,3.870070344676193,3.9808892100966484,4.266274865305732,4.427263395589685,4.6700595210662055,4.855959422022898,5.370342651449582,5.536996126909164,5.833251913596263,6.043355645046037,6.26207627399981,6.685344346634611,6.859205436046633,7.1921310205868325,7.469147022459931,7.607407564773337,7.768852499813145,7.962012354936589,8.211045293819405,8.564112208101578,,3.2255411056553527,3.4640050192747918,4.094175520671712,6.321033160806973,7.534131278487082,3.315901181387725,"rgba(38, 166, 154, 1.0)",0.24404681282371601,3.315901181387725,1.2050918232016135,66.27496988580167,9.244869150419724,True,False,True,False,True,9.526208471973256,0.0,0.0,0.0,0.0,0,1.0215156880102292,0.862570079669519,False,False,False,False,0.3428282012263419,0.30923990890594866,False,False,False,False,-1530465,-10864564.513956776,False,False,False,False,933790.6891128024,False,False,False,False
2025-06-16 00:00:00+00:00,3.63,3.68,3.56,3.67,1121019,,,3.6487887243741017,3.328499092367745,3.0959500295170153,3.186638050792038,3.2333099699136367,3.312702994636806,3.3710894685964905,3.397495087145863,3.4014545248882304,3.41532397006444,3.439108641227876,3.4656005732444504,3.542810267631942,3.8947104281150655,3.904229529911696,4.090261308260948,4.376169341727095,4.632763157558038,4.6947507174125045,5.233119376480454,5.459253490036793,5.750140180684522,5.999290402751035,6.305667915922487,6.756433648116202,7.513497171966578,7.623474637255024,7.8247149177061495,8.156225394626675,8.49535176853915,,3.3977442241893536,3.1453423165862153,3.069157397273135,3.216825335165592,3.291922189776821,3.3332860810810123,3.3865536938929117,3.3874811544350285,3.4190290258213247,3.4193100109348475,3.4353538178709946,3.596748989324987,3.6611301907326457,3.8679263502810377,3.9778567509112124,4.261072775871181,4.420988807333044,4.662592326201988,4.8476681540053725,5.359652985978939,5.525475827478092,5.8202622309103536,6.029330138734363,6.246994502200548,6.668349430157922,6.841479745984201,7.172990023640313,7.448797807340862,7.586458407075749,7.747242766434814,7.9396738739918336,8.187797097239933,8.539569345564553,,3.2333099699136367,3.4656005732444504,4.090261308260948,6.305667915922487,7.513497171966578,3.3228951670726303,"rgba(38, 166, 154, 1.0)",0.2647005447311059,3.3228951670726303,1.1601972079027634,68.82731230074542,11.545299427026293,True,False,True,False,True,9.799949075247156,0.0,0.0,0.0,0.0,0,1.0339355348240287,0.8639123352584036,False,False,False,False,0.32695373601008587,0.3180968224580173,False,False,False,False,-409446,-10454559.866350628,False,False,False,False,941132.9758142611,False,False,False,False
2025-06-17 00:00:00+00:00,3.63,3.655,3.595,3.6,756045,,,3.6477384960735915,3.3373854887391583,3.1049950719017825,3.193181968870927,3.238423719846002,3.316211253653101,3.373654711664489,3.399661869494193,3.4035653090453506,3.417226324610647,3.4406239823089098,3.466681096265912,3.543357971587431,3.8931576814862643,3.902624908721195,4.087676585526747,4.3722035736516,4.627866016795371,4.689706201964861,5.226429530997166,5.451795677813187,5.741714294549981,5.990034704384988,6.295416393119184,6.744837789466481,7.499715309442252,7.609376966865814,7.810075484606051,8.140767454374652,8.479058479846561,,3.405566851484704,3.1565614060496427,3.079738056856844,3.2223311141201005,3.2957974407028083,3.336422022367654,3.3888891297434354,3.389801524023428,3.4208622928309387,3.4211332583725067,3.436772890160155,3.5969400674935685,3.6609164125669187,3.8665207200788076,3.975859415815633,4.257629713179061,4.416829526468456,4.657632080797609,4.842154052873074,5.352530851308643,5.517797711809478,5.811600687865018,6.019975380412213,6.23693272424577,6.657006160819301,6.829646587213976,7.160208356104996,7.435206769332935,7.572465474106785,7.732807029992591,7.9247491765555615,8.172261836264175,8.52316533236203,,3.238423719846002,3.466681096265912,4.087676585526747,6.295416393119184,7.499715309442252,3.327457365522565,"rgba(38, 166, 154, 1.0)",0.2840980670724041,3.327457365522565,1.064923241453558,70.52887391070792,13.132403386583292,True,False,True,False,True,9.799949075247156,0.0,0.0,0.0,0.0,0,1.069853688274741,0.8504115017272911,False,False,False,False,0.32958825963849026,0.3238425410482538,False,False,False,False,-409446,-10060633.832376095,False,False,False,False,933874.623821545,False,False,False,False
2025-06-18 00:00:00+00:00,3.62,3.64,3.59,3.6,768370,,,3.646308339269192,3.3455960063454913,3.1137067936601057,3.1994872229056175,3.2433559815685165,3.31958498793346,3.3761085681249003,3.4017272183350373,3.4055759930604386,3.4190342691744173,3.442057701302211,3.4676967629121425,3.54384138046633,3.8915394176286764,3.9009546168373515,4.085022747135247,4.36816243807581,4.622888423471934,4.68458026927325,5.219645331070751,5.44423703631671,5.733179121704398,5.980662327341497,6.285039086154672,6.733103091002135,7.4857726476992585,7.595115290461866,7.7952663270878375,8.125130682809713,8.462577038154567,,3.4126519913992586,3.167208517296582,3.0898982768098233,3.2276424336229694,3.299528716727225,3.339433670468641,3.3911186635342823,3.3920164130028905,3.422603639316945,3.4228650980063775,3.438118867155882,3.5970672854196426,3.660639203178377,3.8650499949162835,3.9737951957875413,4.254113748804054,4.412593899557798,4.65259098032119,4.836555169426528,5.345310748440672,5.51001686194792,5.802827778794879,6.0105030498794685,6.226746910920993,6.645526573694829,6.817672176742207,7.14727588283403,7.421456838655756,7.558309608092307,7.71820375033362,7.909651592033441,8.156546878790786,8.506571941253979,,3.2433559815685165,3.4676967629121425,4.085022747135247,6.285039086154672,7.4857726476992585,3.3317726400281087,"rgba(38, 166, 154, 0.5)",0.3019681983178951,3.3317726400281087,0.9544957435168782,71.45074420954978,14.103424195632428,True,False,True,False,True,9.615769744188597,0.0,0.0,0.0,0.0,0,1.0945413765224423,0.8307644159298959,False,False,False,False,0.32370937324134574,0.3237759571447998,False,False,False,False,-1177816,-9712288.035028014,False,False,False,False,927384.2464167785,False,False,False,False
2025-06-20 00:00:00+00:00,3.66,3.69,3.55,3.56,827560,,,3.645695508157872,3.354427133311242,3.123063895081424,3.206334542560146,3.2487571381102174,3.323334032870483,3.3788759283857743,3.404077251745887,3.4078672193266466,3.42110632684416,3.4437208917340225,3.468896071761646,3.5444724812193233,3.8899219529950315,3.8992815399136087,4.082298252742129,4.36395353905382,4.617669807988174,4.679199277992177,5.212477502575908,5.436239075735469,5.724134602231724,5.970720997104692,6.274021189791655,6.720629576762079,7.470931705542242,7.579932385411454,7.779496076867465,8.108471627436519,8.445011119194662,,3.420350973388415,3.178543336255194,3.1007525597758354,3.2334434751447425,3.303657719976617,3.342796441368162,3.3936455063981756,3.3945274797019054,3.424602937597465,3.4248538431458826,3.4396794142513287,3.597317446243319,3.6604561986601656,3.8635902168414162,3.971700860574592,4.250467718200041,4.4081763429871925,4.647302354625313,4.8306635374526445,5.337675668907637,5.501780698806463,5.793528607228041,6.000454650444482,6.215934147622431,6.6333267492876775,6.80494140489257,7.133517606028623,7.406822424470859,7.5432401461591105,7.70265443476772,7.893571577580189,8.139803862013855,8.488885876386092,,3.2487571381102174,3.468896071761646,4.082298252742129,6.274021189791655,7.470931705542242,3.3365356624573126,"rgba(38, 166, 154, 1.0)",0.31987683440935566,3.3365356624573126,1.0112152639623189,72.39072314314114,15.203296072788362,True,False,True,False,True,10.190308290274274,0.0,0.0,0.0,0.0,0,1.082414684318793,0.8262302864075107,False,False,False,False,0.32576505695941754,0.32477050705210864,False,False,False,False,-350256,-9345149.523850445,False,False,False,False,923469.5700867089,False,False,False,False
2025-06-23 00:00:00+00:00,3.64,3.69,3.59,3.61,1003723,,,3.6453869140222257,3.36467605768396,3.1341127714238195,3.214480069526287,3.2552207227241228,3.327857859893893,3.3822393699780906,3.406945364010139,3.410665424261348,3.423643591170486,3.445769291005524,3.470385610788404,3.5452826188025788,3.888037436508924,3.8973303450354635,4.0790859979958265,4.358958939999392,4.611456070908616,4.672787435045893,5.203906646411848,5.426668407852195,5.713303432828428,5.95880994629824,6.260813590951317,6.705667261837444,7.453115304118742,7.561703778574148,7.760558953111837,8.088461289736273,8.423905953273067,,3.4292678522361495,3.19176341519708,3.113506973390737,3.240374199275625,3.308629152728399,3.3468644426326857,3.3967236723427954,3.397586912529654,3.4270533381261044,3.427291606721573,3.4416030123583012,3.5976715785311266,3.6602912574628426,3.8618947434714332,3.969244396025375,4.246149777856399,4.4029306980028355,4.641002818976707,4.823634080882913,5.328542072743988,5.491923097892924,5.782390822944259,5.988414667529506,6.202973597583902,6.618694499754669,6.7896687433909575,7.117006004029016,7.389254900082501,7.525148307891943,7.683983898333,7.874260417451794,8.119692143825201,8.467635706169704,,3.2552207227241228,3.470385610788404,4.0790859979958265,6.260813590951317,7.453115304118742,3.3422144854937583,"rgba(38, 166, 154, 0.5)",0.33570777726211715,3.3422144854937583,0.8870378784037939,72.52945396689003,15.641153512876713,True,False,True,False,True,9.81008598738812,0.0,0.0,0.0,0.0,0,1.09366112448042,0.836906584992343,False,False,False,False,0.3369844200531945,0.3308774635526516,False,False,False,False,-1353979,-9031770.287621016,False,False,False,False,926616.7634166419,False,False,False,False
2025-06-24 00:00:00+00:00,3.68,3.69,3.61,3.69,556403,,,3.645813022959557,3.370436824092809,3.1402706914183685,3.219071082541644,3.258894067425756,3.3304674870112105,3.3842085857716437,3.408639308898392,3.412320465252241,3.4251526071356846,3.447001523396769,3.4712962534995584,3.5458194011016277,3.8870882190307485,3.8963444062198143,4.077405536569363,4.356296011964804,4.6081156777589545,4.669335242073799,5.199255862414988,5.421465718584346,5.707405104375023,5.952315982581015,6.253604443083041,6.697489214083858,7.443361612523109,7.55172259204813,7.750186410434096,8.077495318607212,8.412334790875335,,3.434345964235177,3.199083248750423,3.1205795136404486,3.2443025533131555,3.3114847533923353,3.3492224884855095,3.398534683870069,3.399387477956218,3.4285131577554395,3.428744140775476,3.4427594050281245,3.5979569325396152,3.6602899614180484,3.861049626092737,3.96798006122876,4.243860499427718,4.400129002221885,4.637613663141566,4.819838259956303,5.323580646637483,5.48656201260537,5.776323378987789,5.981849589699736,6.1959007140020015,6.610698782345143,6.781319198138188,7.1079723047118435,7.379638517323459,7.51524261804325,7.673758652580021,7.863681043635863,8.108670119108059,8.455984421823578,,3.258894067425756,3.4712962534995584,4.077405536569363,6.253604443083041,7.443361612523109,3.3454736062340777,"rgba(38, 166, 154, 0.5)",0.3517882245862032,3.3454736062340777,0.9509311863960618,72.99862789790026,16.47029811248332,True,False,True,False,True,10.398514653181621,0.0,0.0,0.0,0.0,0,1.0826492589583392,0.8329084134143949,False,False,False,False,0.3428281958653904,0.336852829709021,False,False,False,False,-797576,-8708860.70771431,False,False,False,False,912098.5766159892,False,False,False,False
2025-06-25 00:00:00+00:00,3.71,3.755,3.605,3.7,698881,,,3.647374244602106,3.3780793944312903,3.1482389418283394,3.2250887093534706,3.263752752735655,3.333980998881448,3.3869076385924384,3.4109852971811683,3.4146164972588635,3.42725961932217,3.4487445411689333,3.472607652197387,3.546661851853046,3.8860631119377724,3.895273274512843,4.075464100451096,4.3531226806397685,4.604084712461436,4.665160145996578,5.193566787830485,5.415084597087598,5.700152090497194,5.944316985387811,6.244709768842815,6.687379875435177,7.431277724457653,7.539353737830647,7.737326906213326,8.063891025675476,8.397971254357838,,3.441223260118646,3.2085371789013877,3.129687758240525,3.2494825010007,3.3153096354172713,3.3524156139439354,3.4010314265651687,3.401870751337895,3.4305553713473627,3.430776509023221,3.4443928834563793,3.5984832071429156,3.6604550964812397,3.860154981667545,3.966559816775104,4.241156672730953,4.3967811107026264,4.6335193048517045,4.815227807897035,5.317502031103211,5.479982283989762,5.768858562633494,5.973761535042931,6.187176672984581,6.600818117856905,6.770994694738107,7.096790171701524,7.367726566826999,7.502968351934743,7.661083874875036,7.850561934164151,8.094995484239126,8.441520414947721,,3.263752752735655,3.472607652197387,4.075464100451096,6.244709768842815,7.431277724457653,3.349858705004153,"rgba(38, 166, 154, 0.5)",0.36719153261503495,3.349858705004153,0.9807995637345496,73.59938937297632,17.452318256312097,True,False,True,False,True,10.841716272896218,0.0,0.0,0.0,0.0,0,1.0768306652138684,0.8117229625904506,False,False,False,False,0.34282819551618576,0.3398405126126034,False,False,False,False,-98695,-8371207.150549043,False,False,False,False,903737.1030232053,False,False,False,False
2025-06-26 00:00:00+00:00,3.61,3.74,3.61,3.74,435757,,,3.6475026927022705,3.3821235624109036,3.152762918930623,3.2284736924799713,3.2664712697449794,3.335915087107713,3.388365847743909,3.4122387012385658,3.4158409019282128,3.4283754893815357,3.449655467464001,3.4732808130760233,3.547049062981841,3.8853108042128706,3.8944927338922524,4.07414920708571,4.3510507799913425,4.601489143899158,4.662477708981191,5.189955293561041,5.4110456139322896,5.695574114871423,5.9392774670281,6.239115901366076,6.681034274143442,7.423709185171593,7.531608617507661,7.729277800172776,8.055380524398787,8.38899022785921,,3.4447222570285447,3.2138146158233445,3.134858707102105,3.252387938888065,3.3174260232710004,3.3541634634906505,3.4023718288327727,3.403203404115075,3.4316349517272906,3.4318507878266935,3.4452500632530754,3.598678054527864,3.6604305006071565,3.859482699682586,3.9655651725132324,4.239372871272392,4.394602142001727,4.630885790190533,4.812279101812594,5.313649943569865,5.475820577911675,5.764149558566036,5.968666904760388,6.18168843359011,6.594614043473048,6.764515933718913,7.089780351067003,7.360264575674961,7.495281841388273,7.6531492121662925,7.84235202152942,8.086441398172179,8.432477108754039,,3.2664712697449794,3.4732808130760233,4.07414920708571,6.239115901366076,7.423709185171593,3.3522252070887113,"rgba(38, 166, 154, 0.5)",0.378719368877426,3.3522252070887113,0.6806485595795296,71.29781612194341,17.452318256312097,True,False,True,False,True,8.884260381879223,0.0,0.0,0.0,0.0,0,1.0645958936459867,0.8224932625788348,False,False,False,False,0.33988608592532815,0.33986329926896575,False,False,False,False,-534452,-8063883.419154963,False,False,False,False,885384.9421203345,False,False,False,False
2025-06-27 00:00:00+00:00,3.6,3.645,3.55,3.62,560344,,,3.646176584768476,3.3861327155129053,3.1578363428392766,3.2321952085189825,3.269422635992772,3.3379429634013693,3.389833287299004,3.413468168665081,3.4170366567040444,3.4294474216189665,3.4505018732437445,3.4738769233696956,3.547287334189827,3.8841228486093526,3.893269172285577,4.072250942582448,4.348195862212944,4.597979828979522,4.658862309907267,5.185170720883674,5.4057173192710355,5.689559532836753,5.932674460648282,6.231805843562955,6.672765790864826,7.41387986195789,7.521553754563879,7.7188348541945855,8.044348811319068,8.37735774276809,,3.4479130528372903,3.2195930986239807,3.1406702181908117,3.255559033641392,3.319669589698892,3.355973665268943,3.4037014835693653,3.4045241774181223,3.4326673008232036,3.4328777815493066,3.446053408830957,3.5986764869975625,3.660155943666468,3.8583956652903018,3.9640717241536323,4.236881127098879,4.391612378330181,4.627330689787235,4.80833035349427,5.308559417358382,5.4703361269306265,5.757967950151774,5.96199361552036,6.1745131377544515,6.586525983346526,6.756077723399459,7.080664594960998,7.350571366491469,7.485301829801566,7.6428523470475955,7.831703910945254,8.075354053410475,8.420765068204334,,3.269422635992772,3.4738769233696956,4.072250942582448,6.231805843562955,7.41387986195789,3.3546320693471094,"rgba(38, 166, 154, 0.5)",0.38980068827431635,3.3546320693471094,0.6294702344912656,69.50153802969238,17.452318256312097,True,False,True,False,False,8.68952779455714,0.0,0.0,0.0,0.0,0,1.0590392576334287,0.8343011141055203,False,False,False,False,0.2949667254076844,0.3174150123383251,False,False,False,False,-1094796,-7790585.873305749,False,False,False,False,872638.2385077724,False,False,False,False
2025-06-30 00:00:00+00:00,3.63,3.66,3.58,3.63,231807,,,3.645924529734691,3.387938418109933,3.160018734083785,3.2338165739911666,3.2707199232200055,3.3388523999718176,3.3905064392966735,3.4140401870772275,3.4175943375170705,3.4299519812865213,3.4509079473797675,3.4741710707300717,3.5474332161709015,3.883677016573775,3.892808607147951,4.071511269026434,4.347060307137885,4.596571367923648,4.657408927840123,5.183230857602794,5.403552584612397,5.6871110790909345,5.929982900384074,6.2288221844276075,6.669385892269354,7.409854900191932,7.517435615699482,7.714556284190491,8.03982665964648,8.372587124847755,,3.4494076085982543,3.2220875705440246,3.1431609793242474,3.256948381876951,3.320669608315448,3.356791136933762,3.4043162609916786,3.4051351578906943,3.4331545253468936,3.4333625760178506,3.4464374380354537,3.598722782745955,3.660088715170229,3.857991590301784,3.963499438655925,4.2358961161402515,4.390420878709275,4.625902697058383,4.806737905597012,5.3064930119774,5.468106814019011,5.755450489028284,5.959273020323119,6.171585145882606,6.583220698609904,6.752627615996577,7.076934402572943,7.346602623276276,7.481214618805775,7.638634179791579,7.827340455671248,8.070808888585503,8.415961559675896,,3.2707199232200055,3.4741710707300717,4.071511269026434,6.2288221844276075,7.409854900191932,3.3557198665064347,"rgba(38, 166, 154, 0.5)",0.40089283239491275,3.3557198665064347,0.6841732037338508,68.72925345821616,17.452318256312097,True,False,True,False,False,9.157435365455079,0.0,0.0,0.0,0.0,0,1.0625121551412773,0.8308282165976716,False,False,False,False,0.3078818323726916,0.3126484223555084,False,False,False,False,-862989,-7518915.407685916,False,False,False,False,847507.6017035461,False,False,False,False
2025-07-01 00:00:00+00:00,3.68,3.75,3.62,3.62,532835,,,3.6468498663659834,3.3930184438737823,3.1655981610957094,3.238059293728588,3.274167453277815,3.3413573261699336,3.39243411917611,3.4157168613121702,3.4192353983280235,3.4314586473236126,3.4521564605058,3.4751130463185746,3.5480298398556704,3.8828928293883807,3.8919902751222883,4.0700466362086996,4.344678825986325,4.593547883822603,4.654276525353349,5.178960886235965,5.398763608536997,5.681667952309237,5.923980076418663,6.222147050617773,6.661797614040165,7.400781479561957,7.508147851692997,7.704899046559378,8.029607706073316,8.361795606398804,,3.4539007858049176,3.2285463552360043,3.149493334664974,3.260619031037363,3.3233942559197054,3.359070117897356,3.406100011937259,3.4069093626432605,3.4346154540237963,3.434816647544243,3.4476111763966855,3.599086382824188,3.6601858575327935,3.8573041712221756,3.9624219814193955,4.233864504114722,4.387909172350891,4.622831162502898,4.803278424976755,5.301930936749579,5.463168831577776,5.749848477287085,5.9532033657469485,6.165038104109284,6.575804451035696,6.744877390023496,7.06853900059075,7.337658469565448,7.471998019662596,7.629116105748633,7.81748743458976,8.060536879369703,8.405094302165578,,3.274167453277815,3.4751130463185746,4.0700466362086996,6.222147050617773,7.400781479561957,3.35876804636803,"rgba(38, 166, 154, 0.5)",0.41250445807345965,3.35876804636803,0.7787357138689751,68.91664312606395,17.452318256312097,True,False,True,False,False,9.938211665345577,0.0,0.0,0.0,0.0,0,1.063373102251123,0.8225828672195741,False,False,False,False,0.34282819574945,0.3277383090524792,False,False,False,False,-330154,-7237003.195619802,False,False,False,False,835167.4996759561,False,False,False,False
2025-07-02 00:00:00+00:00,3.73,3.75,3.66,3.7,635500,,,3.648755043184437,3.3994563578482175,3.172475691684532,3.2433498804116327,3.2785006629103166,3.344555611699417,3.3949339977637183,3.4179106261661905,3.421385688999794,3.433443608945921,3.453819082699702,3.476385761982393,3.548890868199427,3.8821049381376325,3.8911617213798193,4.068448587349803,4.3419885735616655,4.59008591174462,4.650681444871979,5.174001388271618,5.393185938080002,5.675311484114671,5.9169577557242405,6.214324942365374,6.652888178775405,7.390104293937551,7.49721564314007,7.693526882871041,8.017566002751524,8.349071697623259,,3.4597109179264236,3.2365097628080814,3.157267997383598,3.265220024972351,3.3268572492638606,3.361994608426749,3.408424866202475,3.4092225144852777,3.436543209280148,3.436735616573441,3.449172185789167,3.599668950862688,3.6604494496370727,3.8566315107041502,3.961284684821972,4.231591875741314,4.385063314389757,4.6193100335928605,4.799289921363399,5.296623503720606,5.457413693613048,5.743302988776235,5.946101545460144,6.1573683574549145,6.567099940567119,6.73577497632815,7.058668409919062,7.3271350342101815,7.461150498146018,7.6179097013967265,7.805881888780958,8.048431943807252,8.39228019086803,,3.2785006629103166,3.476385761982393,4.068448587349803,6.214324942365374,7.390104293937551,3.3626626968468285,"rgba(38, 166, 154, 0.5)",0.4251381121670503,3.3626626968468285,0.8640422785921225,69.71676550839256,17.452318256312097,True,False,True,False,False,10.7160624216618,0.0,0.0,0.0,0.0,0,1.0773630259995026,0.8193297046390186,False,False,False,False,0.34282819666431835,0.3352832528583988,False,False,False,False,305346,-6941224.795791574,False,False,False,False,827337.401649448,False,False,False,False
2025-07-03 00:00:00+00:00,3.73,3.76,3.7,3.74,307689,,,3.6498668523434237,3.402641930459922,3.1758446053528933,3.2459586673112506,3.280647330749662,3.3461535362311396,3.3961930451029074,3.4190204686122967,3.422474325748545,3.4344512863678855,3.4546677010767914,3.477040097878142,3.549346462520149,3.881763503231031,3.8908006566880378,4.067716068360224,4.340728573396853,4.588451177976731,4.648981447022807,5.171639457461796,5.390525311190497,5.67227462950691,5.913599369144721,6.21058034506312,6.648618177505481,7.3849802561725,7.491968427450413,7.688067049595543,8.011782380957875,8.342958236224824,,3.462610281428513,3.2404036430556213,3.1610662495084254,3.2674958532642604,3.3285832730561826,3.3634596245184363,3.4095987309519984,3.4103906609060486,3.4375226445289924,3.437710664878616,3.4499686766104602,3.599989928997045,3.6606160611929752,3.8563457001335215,3.960774527539887,4.23053381276105,4.383728023285318,4.617646174442678,4.797398760466665,5.29409345005885,5.454667315906246,5.74017485963903,5.942704770725398,6.153697329883167,6.562928987123602,6.7314116803926645,7.0539339243946975,7.322085242835756,7.455944192055459,7.612529990569194,7.800309187975456,8.042617744867826,8.386123129450738,,3.280647330749662,3.477040097878142,4.067716068360224,6.21058034506312,7.3849802561725,3.3646046837188512,"rgba(38, 166, 154, 0.5)",0.4368891668909763,3.3646046837188512,0.8363570076168345,70.25018042994496,17.452318256312097,True,False,True,False,False,10.716062421661789,0.0,0.0,0.0,0.0,0,1.0793474024166156,0.8256027618464279,False,False,False,False,0.3428281977685453,0.33905572531347206,False,False,False,False,305346,-6657045.548897786,False,False,False,False,806959.0329573128,False,False,False,False
2025-07-07 00:00:00+00:00,3.79,3.815,3.7,3.8,1143115,,,3.6555983798183735,3.4152827038019846,3.1888535573510266,3.2561590736428023,3.2891122266943347,3.352557251196971,3.4013166479407064,3.4235753247575675,3.42694825810216,3.438613622069532,3.4582079518746527,3.4798057175427193,3.5513741172696416,3.8808253703891444,3.8897897258271206,4.065327967101123,4.336383551467763,4.582700705642857,4.642981460084617,5.163163304519636,5.38094124266321,5.661295831043552,5.901429701403158,6.196980339992834,6.6330700365580215,7.366266974115092,7.472798876107621,7.6681091347051735,7.990622414041556,8.32057434066336,,3.4743270727706825,3.2554388700711843,3.175668488715943,3.2764440879198915,3.3354684987715917,3.3693604068294456,3.4143986801544157,3.4151686876712866,3.4415743425138063,3.4417447564633474,3.453288318384059,3.601516250535378,3.661566271623164,3.8556138339496777,3.9592103401371954,4.226939803788583,4.379102638855676,4.611783433363615,4.7906812296562045,5.284993659966681,5.444765205384676,5.7288580033691865,5.930392938013679,6.140369750875962,6.5477482783351055,6.715517307224074,7.036663376399869,7.3036468703418285,7.436926211340699,7.592869268611562,7.779932218660468,8.021344278477104,8.363577536334917,,3.2891122266943347,3.4798057175427193,4.065327967101123,6.196980339992834,7.366266974115092,3.3723805468628525,"rgba(38, 166, 154, 0.5)",0.4496794453898788,3.3723805468628525,0.9287047860839297,71.44146893113628,17.452318256312097,True,False,True,False,True,11.66221729860207,0.0,0.0,0.0,0.0,0,1.0768306652138688,0.8277875562260777,False,False,False,False,0.3428281989354279,0.34094196212444994,False,False,False,False,1448461,-6339182.546980226,False,False,False,False,820141.6199001633,False,False,False,False
2025-07-08 00:00:00+00:00,3.88,3.97,3.8,3.82,920398,,,3.664137117759081,3.4279567512716507,3.200917712697843,3.265867174262339,3.297302298169061,3.3589613754187377,3.4066014497955606,3.4283521490240894,3.431652693841314,3.4430331778355137,3.4620365604520296,3.482867072798242,3.5538306391909225,3.880841960915015,3.889747097337324,4.064166545430068,4.333631340465498,4.578774496838716,4.638836978611707,5.156969216210568,5.373850846734645,5.653079122365432,5.892253856537125,6.186652977109622,6.621170327045561,7.351816927825063,7.457981752289981,7.6526563164455235,7.974197737717747,8.30316143278901,,3.4865703422299488,3.269514247005335,3.189109288490669,3.285050708851266,3.342289226104556,3.3753218212496887,3.419396811637851,3.420146936961216,3.4458882105271162,3.4460408221148087,3.4568687475626536,3.6035586658494076,3.6631302959162473,3.8557981915474913,3.9587169917717246,4.22480191427146,4.376120422462711,4.607757084077212,4.785937175915774,5.278294920187762,5.437417622562126,5.720368991891102,5.921102638189654,6.130261603693962,6.53614541174115,6.703337629891339,7.023373763450782,7.289417796462966,7.4222310933970075,7.577656282626612,7.764140497214624,8.004827881336567,8.34603424685697,,3.297302298169061,3.482867072798242,4.064166545430068,6.186652977109622,7.351816927825063,3.3802055157623827,"rgba(38, 166, 154, 1.0)",0.46425761721018494,3.3802055157623827,1.0765455766584515,73.33540743025513,19.048563572805605,True,False,True,False,True,13.057661709776948,0.0,0.0,0.0,0.0,0,1.0880349993809073,0.7980656788696743,False,False,False,False,0.34282820377214257,0.3418850829482962,False,False,False,False,2368859,-5997690.7216084525,False,False,False,False,824073.2426491765,False,False,False,False
2025-07-09 00:00:00+00:00,3.85,3.9,3.825,3.9,587289,,,3.668674580612663,3.4352665864891625,3.2081249050436798,3.271661692560006,3.3021933240185026,3.3627765814930877,3.4097397601118415,3.431183970846587,3.434440792143885,3.4456500668184957,3.4643008510238285,3.4846758718767887,3.5552616977538105,3.88074735136998,3.889615307967004,4.063331792141151,4.331796081317701,4.576202977381919,4.636129284443323,5.152971153456246,5.369286280616436,5.6478022613554,5.886370079842791,6.180040320862074,6.613562176009469,7.34259310896216,7.448525305285013,7.642796971177422,7.963722302858995,8.292059378678692,,3.493538096269662,3.2778177898954985,3.197122628430051,3.290191807853532,3.3463563174609,3.37887028532493,3.4223618453630174,3.4231000247067906,3.448442241363402,3.4485844120523934,3.4589902500097605,3.604731415942564,3.6640047947546375,3.8558089046427257,3.9583022434277213,4.223352755074664,4.374140613953849,4.605123262852564,4.782852794900495,5.273977932965685,5.432690456013169,5.71491984322668,5.915146424507381,6.123787725645617,6.528725228345647,6.6955521863558,7.0148852422062635,7.2803340081256565,7.412851966738514,7.567948948153552,7.754066329960405,7.994294293695752,8.334849511782496,,3.3021933240185026,3.4846758718767887,4.063331792141151,6.180040320862074,7.34259310896216,3.3848048854429047,"rgba(38, 166, 154, 0.5)",0.4768318116266133,3.3848048854429047,0.975595803833176,73.46243160117463,19.369941072204213,True,False,True,False,True,12.402683096562836,0.0,0.0,0.0,0.0,1,1.097948597679584,0.8057858650516644,False,False,False,False,0.3314756713757575,0.33668037716202687,False,False,False,False,1781570,-5692621.673702239,False,False,False,False,814787.5860746991,False,False,False,False
2025-07-10 00:00:00+00:00,3.89,3.92,3.82,3.82,637561,,,3.6738198762957524,3.443258050938341,3.215987869987499,3.278017866633238,3.307579269050489,3.3670037229836827,3.4132349499550676,3.434346417229446,3.4375557292056977,3.448578439630613,3.466842869320297,3.4867152594998125,3.556893165961577,3.880728815556417,3.8895566021648076,4.062513576254233,4.329896230450125,4.573502802852049,4.633279786039717,5.14871970123473,5.3644217620449846,5.642167047470436,5.880078462422735,6.172960363292886,6.605404704145442,7.332687110936428,7.43836760870405,7.632203076946976,7.952460883603862,8.280119179706057,,3.5011780945116024,3.2868474284162397,3.205842708476361,3.2958463682916714,3.3508551217307674,3.3828090007786975,3.4256691329681836,3.4263943206578933,3.451301750623165,3.4514324106529206,3.461372689097617,3.606083550161721,3.665034054846992,3.8559041540971886,3.957937718361292,4.221870833377803,4.372084187379638,4.602354545731161,4.779593468133703,5.26938133844892,5.427649967959875,5.709098297415775,5.908776465225658,6.116857859268671,6.520771274751429,6.687202705604434,7.005774721176079,7.270579482470761,7.402777941048516,7.557519665111018,7.743239671160118,7.982969870131038,8.322819776043534,,3.307579269050489,3.4867152594998125,4.062513576254233,6.172960363292886,7.332687110936428,3.389877926450867,"rgba(38, 166, 154, 1.0)",0.4897155637059871,3.389877926450867,1.0212501105016827,74.08019430915022,20.18487143620817,True,False,True,False,True,13.029810038293348,0.0,0.0,0.0,0.0,0,1.0963033279678625,0.8035687261821234,False,False,False,False,0.33525056672504594,0.33596547194353643,False,False,False,False,2419131,-5374513.725713916,False,False,False,False,807837.5238756913,False,False,False,False
2025-07-11 00:00:00+00:00,3.75,3.84,3.74,3.84,504808,,,3.6757956375477496,3.4479699268673896,3.221160969125037,3.2821316213785527,3.311035782885354,3.369654592340694,3.4153762758329202,3.4362597705187365,3.439436500677235,3.4503339261681885,3.468347745195384,3.487904770005737,3.5577729252456707,3.8803558946431047,3.8891528077287414,4.0615249365701125,4.328073756043465,4.571074908409867,4.6307425378320515,5.145110472050236,5.360335186881445,5.6374792836710474,5.874877497242296,6.167142612373718,6.598744755505076,7.324658028163683,7.43014117616763,7.623634999419649,7.943370552526075,8.270497222830262,,3.5054601600484285,3.2926262493562364,3.211584127429142,3.2994891563443893,3.3536961891338795,3.38526107932944,3.4276807117779993,3.4283971385808765,3.4530129678058037,3.453136653997568,3.462790260711891,3.6067524920492393,3.665460212195922,3.8556186827667425,3.957299090110032,4.220369126520941,4.370141737452281,4.599877179009049,4.776745407869185,5.265503456255906,5.423426287520328,5.704264883414689,5.903514219784041,6.111157593995431,6.514270351997845,6.680392783166498,6.998369296591315,7.262669213817919,7.394617095896698,7.549080470402886,7.734489536805962,7.973830223292656,8.31312763167091,,3.311035782885354,3.487904770005737,4.0615249365701125,6.167142612373718,7.324658028163683,3.3929749718572806,"rgba(38, 166, 154, 0.5)",0.49854353637390114,3.3929749718572806,0.7161361086726743,69.727178770387,23.74012754173566,True,False,True,False,False,9.988897668754255,0.0,0.0,0.0,0.0,0,1.073582514614305,0.8136182157602844,False,False,False,False,0.29543356636765417,0.3156995191555953,False,False,False,False,1914323,-5088676.991372194,False,False,False,False,795954.0131354682,False,False,False,False
2025-07-14 00:00:00+00:00,3.75,3.7781,3.69,3.72,409852,,,3.6767719353918427,3.451275507751936,3.225013964822979,3.2851738003266293,3.313583048960253,3.3715867850634162,3.4169187586453464,3.4376290523936994,3.4407810105685948,3.4515841050560194,3.469412322145009,3.4887395498400906,3.558361201138031,3.87994687049587,3.888719079012128,4.060622832091387,4.326503407176757,4.569022519821007,4.6286040991643285,5.142114594714025,5.356954968155361,5.633614652584716,5.870598999892165,6.162366557558812,6.593289423404029,7.318097609367811,7.42342138818117,7.61663938670969,7.935953392571621,8.262650785397033,,3.5083752131028563,3.296864818943313,3.215859173292202,3.302178340210203,3.355774139039356,3.387041977072177,3.4291242721807875,3.4298340923886315,3.4542305198032457,3.4543492261495317,3.463796179377589,3.607173376217034,3.665688571187901,3.855279632063438,3.9566775031634003,4.219055456338364,4.368475431337752,4.5977860792572685,4.774359146768591,5.262291297137635,5.419935643639599,5.700282805905765,5.899186293571393,6.1064763321388265,6.508943280132316,6.6748165018252825,6.992312471346104,7.256204752016489,7.387950269563342,7.54218890202795,7.7273469898148495,7.966373249891754,8.305224503386883,,3.313583048960253,3.4887395498400906,4.060622832091387,6.162366557558812,7.318097609367811,3.3951974870581507,"rgba(38, 166, 154, 0.5)",0.506751960580406,3.3951974870581507,0.7001502520789025,66.82516841121152,21.05016523162527,True,False,True,False,False,9.988897668754255,0.0,0.0,0.0,0.0,0,1.0813197026022305,0.8174201836868576,False,False,False,False,0.2640364892807044,0.28986800421814984,False,False,False,False,1914323,-4814049.540730148,False,False,False,False,780812.757718391,False,False,False,False
2025-07-15 00:00:00+00:00,3.74,3.86,3.735,3.78,805284,,,3.6797467700144497,3.4584062721603,3.232980978176099,3.291537564148786,3.3189507883640825,3.3757210267815467,3.420268199012286,3.4406265499515705,3.4437281355137226,3.454337613448114,3.4717782850426024,3.490616217938609,3.5597524803709617,3.8793709426345875,3.8880946002575465,4.059078212957345,4.323645395521379,4.56520733314045,4.624615017948796,5.1364277701464625,5.350513356961017,5.626222278330638,5.862395067361832,6.153187046002524,6.582776626279045,7.305416861550299,7.410428154536735,7.60310482988744,7.921590614502031,8.247444989489004,,3.5148275396795086,3.30567596730821,3.224670736420875,3.307829967130928,3.3602005820342273,3.390870735812435,3.4322734055401023,3.432969713445443,3.4569157183651353,3.4570236989149,3.4660279482837475,3.6082340871454295,3.666368306993288,3.8548412100851763,3.955683623162995,4.2167031078605,4.365428164151348,4.593892080292022,4.769877735555412,5.256179697622014,5.413277196777095,5.692660125007762,5.89088544631506,6.097482655774991,6.498682337052572,6.664066119212337,6.980619027908912,7.243712085252995,7.375060903413884,7.528858605028319,7.713523721876154,7.951932261522531,8.289907434191958,,3.3189507883640825,3.490616217938609,4.059078212957345,6.153187046002524,7.305416861550299,3.3999780981111356,"rgba(38, 166, 154, 0.5)",0.5141325941105643,3.3999780981111356,0.6613506044624411,64.56222141501465,19.0056917186174,True,False,True,False,False,9.77110572974943,0.0,0.0,0.0,0.0,0,1.0838856954261666,0.8235925080447755,False,False,False,False,0.29671465719312295,0.2932913307056364,False,False,False,False,1109039,-4581771.55874073,False,False,False,False,781772.4142784541,False,False,False,False
2025-07-16 00:00:00+00:00,3.89,3.93,3.725,3.75,1258908,,,3.687128483488829,3.47125866020329,3.2465272921869546,3.3025477239982606,3.328339688464403,3.383113254930398,3.4263814807174757,3.4461580327428205,3.4491762498269347,3.4594606120372595,3.4762334616591435,3.4942038283198236,3.56257791997081,3.8790983472127807,3.88774603364475,4.0572907812146735,4.319802602560656,4.559840302493085,4.618962964526939,5.128085277487684,5.34099149806453,5.615216344633012,5.850124379268979,6.139396253975517,6.566904602529542,7.286163795425705,7.390688197072535,7.582520089400169,7.899710917937722,8.224248268342222,,3.5268401299503624,3.3207692858203504,3.239579345374752,3.317676510940325,3.3680655275443105,3.3977630523207645,3.438057382208949,3.4387311256406474,3.461920556155103,3.462009227426682,3.4702220774259143,3.6105378795646454,3.6680688368748036,3.85478375380162,3.954756460415311,4.213654813246677,4.361287429846242,4.588394338218345,4.763441063986075,5.247173400397053,5.403416591989669,5.681295263659369,5.878463755214975,6.083981344371949,6.483203732955338,6.647822729572387,6.962903974159631,7.224751888692651,7.355482843706282,7.508592808754697,7.6924874967660415,7.929930312766793,8.266537027075971,,3.328339688464403,3.4942038283198236,4.0572907812146735,6.139396253975517,7.286163795425705,3.4085751810989438,"rgba(38, 166, 154, 0.5)",0.5247627348911696,3.4085751810989438,0.917414265326784,65.85495905784039,19.0056917186174,True,False,True,False,False,12.233036888618738,0.0,0.0,0.0,0.0,0,1.0636270103427736,0.8249851085720473,False,False,False,False,0.3123783608578668,0.30283484578175157,False,False,False,False,2367947,-4309233.576045015,False,False,False,False,800483.6137185148,False,False,False,False
2025-07-17 00:00:00+00:00,3.95,4.0,3.85,3.9,1028504,,,3.695631608254614,3.4833753613212957,3.2586612369002204,3.3125761197527646,3.336980614661812,3.3900555690115444,3.432228108891441,3.451498798667963,3.4544444407954233,3.464441620517288,3.4806095068120793,3.4977726611315245,3.565520023476024,3.8794847290812497,3.888070210553951,4.056437763386337,4.317266680060025,4.556031566491175,4.614908693369885,5.121796793577977,5.3337393656752035,5.606753056285879,5.840630874359351,6.1286648155014065,6.554474754226262,7.270977840749955,7.375105777949701,7.56624853149935,7.882380709433094,8.205842387757164,,3.53846004698645,3.3343794820849744,3.252868732527767,3.3267051028458217,3.3754097276067956,3.404275211368911,3.443619307835779,3.4442732302455368,3.4667941547010837,3.4668646291380725,3.4743359758118535,3.613048613885626,3.670078782103082,3.855346267090071,3.9546063558352875,4.2117723993923795,4.358505895735033,4.584471614586082,4.75873107003025,5.240342442354047,5.395887739099757,5.672539594389775,5.868847280893504,6.073485573902541,6.471095198431694,6.63508935997641,6.948970092187126,7.20980423882709,7.340032309940721,7.4925815991774565,7.675846770423601,7.912500192500764,8.247989434660678,,3.336980614661812,3.4977726611315245,4.056437763386337,6.1286648155014065,7.270977840749955,3.4166771552057775,"rgba(38, 166, 154, 0.5)",0.5356931352347768,3.4166771552057775,0.9955752831525173,67.6077387216796,19.0056917186174,True,False,True,False,True,13.185309952210414,0.0,0.0,0.0,0.0,0,1.088450507920341,0.8093221474711195,False,False,False,False,0.34282820243942547,0.3228315241105885,False,False,False,False,3396451,-4007049.867180505,False,False,False,False,809425.5896511221,False,False,False,False
2025-07-18 00:00:00+00:00,4.0,4.035,3.93,3.99,556009,,,3.7009963559665806,3.4904334977643967,3.26556432260275,3.318334489888386,3.3419713110558997,3.3941087340358633,3.4356737678355525,3.454661573981515,3.457566597897537,3.467401759412842,3.48322366708939,3.499918505700939,3.5673260987286595,3.879902334858651,3.888454173157279,4.05618534322779,4.316103982105854,4.554171950018876,4.61291211539383,5.118580782174891,5.330002651799327,5.602362388895714,5.835684612217654,6.123051023332862,6.547943892597807,7.262959802751187,7.366873957195072,7.55764467191763,7.873204523756055,8.19608502089012,,3.5453063443614994,3.3421410681214274,3.260406848565116,3.3319091560945786,3.3796846943365875,3.4080893372368433,3.446906262689704,3.4475490392659864,3.469692770924209,3.4697526325460384,3.476792518700513,3.614620017539593,3.671377097575495,3.8558591238623254,3.9547336247751406,4.210964197354025,4.357209779460486,4.582547968623744,4.756375225445154,5.236833279849483,5.3920015209729435,5.667991242527789,5.863834711776245,6.067998834773674,6.4647379246681265,6.628394445831716,6.941627092189322,7.201914639792499,7.331871624357646,7.484118349976454,7.667043307725765,7.903270003255864,8.238155551633554,,3.3419713110558997,3.499918505700939,4.05618534322779,6.123051023332862,7.262959802751187,3.421407528229165,"rgba(38, 166, 154, 1.0)",0.546938638127168,3.421407528229165,1.0578745611245461,69.46994345381466,14.673626869918124,True,False,True,False,True,13.972623567129858,0.0,0.0,0.0,0.0,0,1.1048512047870918,0.8012769140353689,False,False,False,False,0.34282820377214257,0.33282986394136554,False,False,False,False,3952460,-3694912.225330289,False,False,False,False,799487.6841746076,False,False,False,False
2025-07-21 00:00:00+00:00,3.87,4.01,3.87,3.88,478961,,,3.7043485519457438,3.4955046003337253,3.2708276229495565,3.3226945579539597,3.345739597305145,3.3971406492770773,3.4382274123969734,3.456994465076128,3.45986776021022,3.469577878560118,3.485137627820425,3.5014829646092687,3.5686068341735253,3.8800234380801277,3.8885469366681784,4.055741310522547,4.31489141556018,4.552378107969515,4.611006201883426,5.115650282788768,5.326629294013208,5.598432112148707,5.831280423858157,6.118077150795965,6.542187853263129,7.255933712266115,7.359665122846785,7.550118035227344,7.865189331804495,8.187573346076283,,3.550111672235601,3.347955581817827,3.266150360946405,3.335844558739973,3.382891723466947,3.4109343094220503,3.449335490620262,3.449969650528428,3.4718225275758225,3.4718746296454146,3.4785960592450547,3.61570558183608,3.672236070563818,3.8560604601797923,3.954610285304352,4.210050053209458,4.35588501538103,4.580702155391618,4.754169070398328,5.2336535094784,5.388500947261868,5.663926485439667,5.859373945047373,6.063133429280524,6.459129913603274,6.622498544042395,6.9351779858174645,7.194998369736168,7.324723587078304,7.476711797643469,7.6593463180642365,7.8952086970032305,8.229578472682881,,3.345739597305145,3.5014829646092687,4.055741310522547,6.118077150795965,7.255933712266115,3.4248906800503685,"rgba(38, 166, 154, 0.5)",0.5543637534811384,3.4248906800503685,0.8029192333635788,66.54323580438995,14.673626869918124,True,False,True,False,False,11.064405868804535,0.0,0.0,0.0,0.0,0,1.0949938885050752,0.8096402189509485,False,False,False,False,0.32038646976949214,0.3266081668554288,False,False,False,False,3473499,-3413798.059631062,False,False,False,False,786918.0102854074,False,False,False,False
2025-07-22 00:00:00+00:00,4.0,4.0,3.85,3.88,461783,,,3.70797545739362,3.500658893200596,3.2760799896031245,3.327071060713635,3.3495356411646635,3.4002161256695427,3.440833681405465,3.4593829807798313,3.4622249646636765,3.471811026629924,3.4871083172914075,3.503100441865793,3.569950182764006,3.880244973064355,3.8887411336383297,4.055417840145958,4.313826563828508,4.55074832128012,4.609266241156373,5.112916559561321,5.323468664917456,5.594734872201827,5.82712688509829,6.1133751455773915,6.536732204466094,7.249254835860297,7.352810313395971,7.542957051075567,7.857557272382551,8.179462740712705,,3.5550390904972438,3.353773307215003,3.271872401826773,3.339803878673096,3.3861385076710637,3.4138260844218453,3.451819290229958,3.4524449186704804,3.474009202218734,3.474053426734997,3.4804522177255977,3.6168599548308498,3.6731707231970065,3.8563593882496323,3.9545959282634806,4.209273584204966,4.354711649051235,4.579021054006723,4.752137209825132,5.230679480109198,5.385217695442032,5.660099760998222,5.855165935893977,6.058535838153772,6.453816940037553,6.616908052661223,6.9290545370902485,7.188425190954602,7.3179273184534495,7.469666533124895,7.652021063990452,7.887532178527122,8.221404850992016,,3.3495356411646635,3.503100441865793,4.055417840145958,6.1133751455773915,7.249254835860297,3.428428496469164,"rgba(38, 166, 154, 1.0)",0.5644317241028308,3.428428496469164,1.0126495005916865,66.66499393349017,14.673626869918124,True,False,True,False,False,13.128065806723669,0.0,0.0,0.0,0.0,0,1.0928300475503552,0.82865843885238,False,False,False,False,0.3111315032964019,0.3188698350759154,False,False,False,False,3935282,-3125598.8416063148,False,False,False,False,774167.6177251954,False,False,False,False
2025-07-23 00:00:00+00:00,4.05,4.12,3.96,4.02,619507,,,3.714488974801556,3.508791496320524,3.283958417154681,3.3337128117927968,3.35533397738587,3.4049800745783863,3.4449220521260773,3.463153897268748,3.465950222490073,3.4753529254915554,3.4902538170316744,3.5057015145051196,3.5721765129597824,3.8809347050262235,3.8893937493106283,4.055368449082844,4.312771707720534,4.548913221626483,4.607274760064082,5.109561927665522,5.3195378275700556,5.590080787771179,5.8218590380750355,6.107369854964001,6.5297119077876085,7.240589309443903,7.343908437073135,7.5336432225609125,7.847608507332205,8.168869600306062,,3.562979631991266,3.362598233878864,3.280436164330694,3.3458363174569032,3.391147691265419,3.4183240646514896,3.455730059838612,3.456343126775592,3.477480618831594,3.4775125193794447,3.4834099490972017,3.618826527358721,3.6748342090955513,3.857154187739333,3.9549651111232222,4.2086115338390755,4.35350870289408,4.57711234658416,4.74974272944881,5.227000433463105,5.381121415383927,5.655271489831962,5.849824846012208,6.0526708842501025,6.446988916297856,6.609705930368241,6.921135087374755,7.179901572924458,7.309104114760401,7.460508486506032,7.642485775682781,7.877523511408126,8.210726939006273,,3.35533397738587,3.5057015145051196,4.055368449082844,6.107369854964001,7.240589309443903,3.4339516638905074,"rgba(38, 166, 154, 1.0)",0.573810340015607,3.4339516638905074,1.0736096810188824,67.4381129916722,14.673626869918124,True,False,True,False,False,13.902033372327452,0.0,0.0,0.0,0.0,0,1.100316645738931,0.8426598242070207,False,False,False,False,0.34282820103466977,0.33084901805529254,False,False,False,False,4554789,-2824407.161543322,False,False,False,False,768102.4954614623,False,False,False,False
2025-07-24 00:00:00+00:00,4.07,4.078,3.985,4.04,407055,,,3.7186453588259027,3.5140134736103703,3.2890542490143684,3.338016265103303,3.359096836048009,3.408076895062206,3.447582735571447,3.4656094500350694,3.468376252693472,3.477660428592592,3.4923050140190672,3.5074001437005324,3.573631067284003,3.881387506158522,3.8898223335541533,4.055338893571722,4.3120856243506145,4.5477170255332835,4.605976151313839,5.10737121255304,5.316970149640977,5.587039901037625,5.8184165738633595,6.10344483697179,6.525122460006719,7.234922744618793,7.338087134126232,7.527552139545625,7.84110146041696,8.161940411611795,,3.5680685315336014,3.368283160086395,3.28596757962212,3.34974960821747,3.394402659272288,3.4212493636375783,3.45827597642077,3.4588809304024943,3.479742593681501,3.4797665434110883,3.48533994149732,3.620111865984929,3.675922052468814,3.8576755378811023,3.955208745862526,4.20818200819605,4.35272587091187,4.575867929160195,4.74818040804079,5.22459748730386,5.378445491430262,5.652116639496476,5.846334457668381,6.048837699153092,6.442525353292863,6.604997423626391,6.915956932633657,7.174327904807059,7.303334322009949,7.454519432751629,7.636249610548311,7.870977220135837,8.203742219695302,,3.359096836048009,3.5074001437005324,4.055338893571722,6.10344483697179,7.234922744618793,3.4375259445421023,"rgba(38, 166, 154, 1.0)",0.5796419522388886,3.4375259445421023,1.0911460997861584,68.23121897866069,14.673626869918124,True,False,True,False,False,14.21240210725097,0.0,0.0,0.0,0.0,0,1.0900799459520323,0.8711012273392634,False,False,False,False,0.33829759232768425,0.3345733051914884,False,False,False,False,4961844,-2519063.9787377017,False,False,False,False,753943.7701492481,False,False,False,False
2025-07-25 00:00:00+00:00,4.1,4.15,3.97,3.99,379231,,,3.7227609763932494,3.519048770653329,3.2939206235306133,3.3421416203102052,3.3627124975463802,3.411065438601411,3.4501598162898044,3.4679922627548825,3.470731096344993,3.4799025842764504,3.4943020598559382,3.509058005705068,3.5750611496743843,3.881881781251892,3.8902940368279593,4.055383682258568,4.311518474665382,4.546671595931219,4.604833879217526,5.105393792357655,5.31464157004258,5.584270671883379,5.8152736233282925,6.0998528375251535,6.520911750942544,7.229709383779546,7.332729783033859,7.521943599418032,7.835105353077562,8.155551098561364,,3.572996554553408,3.3737184033163787,3.291243626831537,3.3535067379249477,3.3975400938231064,3.4240759167734467,3.460744522815795,3.461341774443718,3.481941181591615,3.481957466277154,3.4872187620796233,3.6213837624601948,3.677009114449963,3.8582337026719764,3.9555080036741908,4.207854328171359,4.352068355481716,4.57477676107469,4.746790807232236,5.222422353704882,5.376016082621986,5.649241350544893,5.843146910951279,6.045331147431057,6.438431897246349,6.600675793677302,6.911198022415872,7.169200967936625,7.29802490985921,7.449005910461512,7.630505884499504,7.864944551160238,8.197301199330369,,3.3627124975463802,3.509058005705068,4.055383682258568,6.0998528375251535,7.229709383779546,3.440975098252621,"rgba(38, 166, 154, 1.0)",0.5837626631169219,3.440975098252621,1.1289260916904211,69.18692052033964,14.673626869918124,True,False,True,False,False,14.681396521699138,0.0,0.0,0.0,0.0,0,1.0697369522162403,0.8629250467237578,False,False,False,False,0.34282820179318796,0.3387007534923382,False,False,False,False,5341075,-2210823.234473478,False,False,False,False,739249.1517120227,False,False,False,False
2025-07-28 00:00:00+00:00,4.05,4.16,4.04,4.11,284049,,4.083333333333333,3.72586776850272,3.522828266149179,3.2975724885206397,3.345243218425648,3.3654345617818837,3.4133199033160824,3.4521069748020414,3.469794099248802,3.472512002937047,3.4815990773392667,3.495814582543949,3.5103153115328105,3.5761483399734577,3.8822695861207346,3.8906649793408468,4.055435692265955,4.3111131949141805,4.545908047893684,4.603997543486584,5.103931928541413,5.312917141959567,5.582216794555223,5.812940389415602,6.097183932920134,6.517780182909608,7.2258280918216995,7.32874083533885,7.517766791274662,7.8306385815868325,8.150790175335844,,3.576697722807915,3.377792306151117,3.295199311466344,3.3563341606769708,3.3999056390261675,3.4262094054637107,3.462610527851954,3.4632020142895374,3.4836049801098814,3.4836155020220914,3.4886420536184826,3.6223527392356676,3.677839897023817,3.858669234990077,3.955750100016845,4.2076281005842295,4.351595487413696,4.573978797784939,4.7457691201362735,5.220812657578012,5.374216262688401,5.647108194478046,5.840780341687426,6.042726114651221,6.43538802290692,6.597461257630216,6.907656483865618,7.165384283875474,7.294071806682622,7.444900172348935,7.62622793388798,7.8604504262441734,8.192501599990804,,3.3654345617818837,3.5103153115328105,4.055435692265955,6.097183932920134,7.2258280918216995,3.473558388110012,"rgba(38, 166, 154, 0.5)",0.5839168150082317,3.473558388110012,0.9871981711673463,68.11326541822632,14.673626869918124,True,False,True,False,False,13.519904320081572,0.0,0.0,0.0,0.0,0,1.0950731006507226,0.8559396039325051,False,False,False,False,0.3428282032473421,0.34076447836984014,False,False,False,False,5057026,-1925809.5390039298,False,False,False,False,721398.1653703748,False,False,False,False
2025-07-29 00:00:00+00:00,3.96,4.03,3.87,4.03,543181,,3.9979719102708233,3.7295549056203012,3.528272515919794,3.3033226809479115,3.3500706126132216,3.3696507461857728,3.4167608722840326,3.4550373099388967,3.4724866099779876,3.4751702169436367,3.4841216562963018,3.4980501944652707,3.512162363027256,3.577684873864018,3.882530229227329,3.890894418496469,4.0550736536207195,4.3099021445533445,4.544046534430671,4.602008225185662,5.100793449487387,5.309285742247156,5.577965528351335,5.808162011742029,6.091771672791499,6.5114955106525985,7.218126638605529,7.320835599292148,7.509506492105065,7.8218311160332705,8.141426898475782,,3.5818496885206117,3.3840422143273114,3.301424967904241,3.360724423755188,3.4035322000370187,3.4294514576415307,3.4654070420348453,3.46598923569027,3.4860769859493583,3.4860790018408974,3.4907540908804124,3.623675051713335,3.6789128544568133,3.8590181971258386,3.955741378595697,4.206747689499599,4.350259885058012,4.572057662803798,4.743442405234508,5.21739674772683,5.370443218102888,5.642707375493512,5.835939027931843,6.037434541742193,6.4292686315490215,6.5910202982872965,6.90059812378578,7.157805200466738,7.286234396714795,7.436774129289853,7.617776842697438,7.85159131521816,8.183065159000872,,3.3696507461857728,3.512162363027256,4.0550736536207195,6.091771672791499,7.218126638605529,3.4730459126429523,"rgba(38, 166, 154, 0.5)",0.5868333710755664,3.4730459126429523,0.8297995842747373,64.64768598159569,19.224829316858262,False,False,True,False,False,11.463108364680455,0.0,0.0,0.0,0.0,0,1.071232952502144,0.8529973166615952,False,False,False,False,0.2678318067427078,0.30429814255627397,False,False,False,False,4513845,-1673274.0668861289,False,False,False,False,714409.2569244778,False,False,False,False
2025-07-30 00:00:00+00:00,3.86,3.96,3.83,3.95,604302,,3.949578775279444,3.7322789638230893,3.5331986291916433,3.3089262681043787,3.3547391054558933,3.3737167711415155,3.420045127518724,3.4578050245702174,3.4750160995661354,3.4776653083205984,3.486482591196268,3.500133353649501,3.5138760492474943,3.579063846352095,3.882533492932634,3.890863746115348,4.054398828818554,4.308301803734217,4.541745461682477,4.599572015906872,5.097110093669683,5.30506106081799,5.573059229393063,5.802675187077586,6.085586372002831,6.5043494272440645,7.209418275696177,7.31190231851065,7.5001815742840705,7.811903044776035,8.130885703916263,,3.5863689288926337,3.390002201609363,3.3074851858601733,3.364965386104315,3.4070047635070067,3.4325360517109123,3.4680400077100475,3.468612993897141,3.4883893048547376,3.4883834499793696,3.4927291649544903,3.6248240441757495,3.6797947708204695,3.8591175091240357,3.9554518385017965,4.205506759581468,4.348524288176911,4.569694050865697,4.740641968598453,5.21340878348107,5.36606290604234,5.637636395404225,5.83038286563292,6.031382271283101,6.422304545633357,6.583702159490992,6.8925994888746684,7.149231932096907,7.277375965022378,7.427597265710369,7.608241652256048,7.841606295685797,8.172443210139797,,3.3737167711415155,3.5138760492474943,4.054398828818554,6.085586372002831,7.209418275696177,3.474142874415711,"rgba(38, 166, 154, 0.5)",0.5849928620514562,3.474142874415711,0.6595928781612189,59.78658554757244,14.690053134554773,False,True,True,False,False,9.2437901065821,0.0,0.0,0.0,0.0,0,1.0638315396441906,0.8685207555457939,False,False,False,False,0.2410936256763067,0.2726958841162903,False,False,False,False,3909543,-1454340.0642631436,False,False,False,False,710091.3252803806,False,False,False,False
2025-07-31 00:00:00+00:00,3.77,3.89,3.76,3.82,666616,,3.9041732566053495,3.7337047000972676,3.5373208717871623,3.314174956469435,3.3590617746330946,3.3774644199290247,3.423024098622187,3.4602742872820738,3.4772533567586477,3.4798690126758864,3.488557878100527,3.5019507901201012,3.5153596938611447,3.580190983260232,3.8821949060305916,3.8904886496302176,4.053329664455495,4.306234332825657,4.538932215947563,4.596618058756987,5.09281766986954,5.300179938147727,5.567435781590619,5.79641842557751,6.078567189101972,6.496282134525531,7.1996443214955015,7.301882411728807,7.489733703334947,7.800796520704517,8.119109111550998,,3.5899524566693906,3.3954174487108686,3.3131547927983163,3.3688843165669984,3.4101703181651057,3.4353199697510943,3.4703771253160496,3.4709412750629056,3.4904199062112706,3.4904072308711735,3.494461840990559,3.625707363270013,3.6803957067669426,3.8588822497984943,3.954798419513102,4.203825734683752,4.346311549864381,4.566816310900093,4.737299461972565,5.208785173365944,5.361012441461024,5.631833323481625,5.824050432753993,6.024508351394181,6.41443576217858,6.57544724783242,6.883601562021219,7.139605746462135,7.267437893653827,7.417311144892762,7.597564210139531,7.830437561192128,8.160578308298021,,3.3774644199290247,3.5153596938611447,4.053329664455495,6.078567189101972,7.1996443214955015,3.4749758111106326,"rgba(38, 166, 154, 0.5)",0.5820869567579471,3.4749758111106326,0.5068386870108983,54.60958641099799,10.034877223417404,False,True,False,False,False,7.30368850463767,0.0,0.0,0.0,0.0,0,1.0551410521729658,0.8770831064154232,False,False,False,False,0.20754071238507305,0.24011829825068168,False,False,False,False,3242927,-1270133.5127234124,False,False,False,False,708386.4105635029,False,False,False,False
2025-08-01 00:00:00+00:00,3.68,3.815,3.6,3.6,1819317,,3.8085787658600654,3.731946454505814,3.543683113414903,3.324921495555824,3.3676929842989676,3.3848696927368773,3.4286942637833993,3.4647857981720085,3.481249990166439,3.4837909565197815,3.492204162323396,3.5050779196647865,3.517855604261566,3.581766441487963,3.879982402068008,3.888180401427534,4.049196971986626,4.2994725816300665,4.530242960420238,4.587576650131151,5.080272252432606,5.286064215415345,5.551335847661118,5.778621566294615,6.058725694633032,6.473631559012019,7.17241027785588,7.2739868867860435,7.460688104641703,7.769982173645361,8.086493384651622,,3.5945594892809454,3.4057939005425695,3.3247354068404222,3.3766730875262168,3.4162676517849353,3.4405549179846076,3.4745915582298745,3.4751366440076907,3.493978162277701,3.493953891272829,3.497487154515059,3.6266575890053163,3.6806246259876505,3.85694069185462,3.95176090330565,4.198077222270277,4.339169473173822,4.557968048092978,4.727249841414925,5.19535666026897,5.346444639455113,5.615252229843115,5.806050702124113,6.005056626850006,6.392317163701359,6.552294015508613,6.8584542060487665,7.112769242052586,7.239762419758016,7.388700108085245,7.567902314550294,7.799456068607638,8.127724980030278,,3.3848696927368773,3.517855604261566,4.049196971986626,6.058725694633032,7.17241027785588,3.475735424790622,#000000,0.5789215509589041,3.475735424790622,0.3528363642207513,49.48858411033665,5.552299831797498,False,True,False,True,False,5.413991728870851,0.0,0.0,0.0,0.0,0,1.0347835393589127,0.8892545619949698,False,False,False,False,0.1522006931105486,0.19615949568061514,False,False,False,False,1423610,-1164496.5122244551,False,False,False,False,751952.3160316008,False,False,False,False
2025-08-04 00:00:00+00:00,3.74,3.74,3.675,3.68,397619,,3.8002629836792674,3.7318001521018194,3.545178467770226,3.327312152986302,3.3696318012984516,3.3865432308081918,3.429992161118838,3.4658316264737494,3.4821830128337514,3.4847075996367782,3.4930599469582484,3.5058175130352263,3.5184515030915446,3.582163305359587,3.8795583840030625,3.887735659348517,4.048357292689436,4.298063257790116,4.528412837938733,4.585668696185397,5.077599647402673,5.283050676241383,5.547891587243313,5.77480912976502,6.054469596097704,6.468765256210049,7.166548429997857,7.267981400977958,7.454432664828254,7.763341892416532,8.079461266615608,,3.5956987947427397,3.408116375883841,3.3273048360945228,3.3784293753483245,3.417658110540743,3.44175803182181,3.4755724592015604,3.4761133494067145,3.494814204303471,3.494787258453085,3.4982010856234633,3.626918990420877,3.6807295096970636,3.856575314457742,3.9511582347511345,4.196887813929162,4.337677520935397,4.5561026141041,4.725121481256918,5.192492323217436,5.343332940301271,5.611703578787173,5.80219424932534,6.000885099355548,6.387566473392338,6.547318432418029,6.853045383615594,7.10699368755908,7.233804726839137,7.3825391448233795,7.561512777909999,7.792779421904094,8.120641199037262,,3.3865432308081918,3.5184515030915446,4.048357292689436,6.054469596097704,7.166548429997857,3.476598433650467,#000000,0.5752725323609541,3.476598433650467,0.4578726630115933,47.626632103990396,4.120424576107183,False,True,False,True,False,6.484146423449392,0.0,0.0,0.0,0.0,0,1.0539098088897276,0.8958462492250465,False,False,False,False,0.1522006931105486,0.17418009439558185,False,False,False,False,1821229,-1047409.2372352609,False,False,False,False,738056.8918734989,False,False,False,False
2025-08-05 00:00:00+00:00,3.58,3.75,3.57,3.75,3040939,,3.731255194552818,3.7243215649940873,3.5505961823906906,3.3409025933008083,3.3803307348533553,3.395665403150988,3.4367299104793148,3.4709540124271836,3.486599352141222,3.489021031030218,3.4970057218026427,3.509112309776828,3.521005005501631,3.583275820641684,3.8747160154436253,3.882741060058505,4.040455426796724,4.285959077814739,4.51324402349534,4.569945996038095,5.056244841788856,5.259149604615216,5.520768104642923,5.744926048570739,6.021258418156461,6.430976429689541,7.121278197458787,7.221630551867422,7.406201790220435,7.712216515539348,8.025386361769769,,3.5981739003956665,3.420227440750709,3.3418570051781913,3.3880714796919933,3.4249926261659303,3.4479003976584743,3.480282992476425,3.4807984161290655,3.4986524997475024,3.4986139546109136,3.501461399199589,3.627055882213213,3.679742301203625,3.852163640188967,3.9450041551593573,4.186401075463551,4.324966100868296,4.540685399716764,4.707786712672476,5.16970601732171,5.318698197914255,5.58379786277302,5.771981088959126,5.968308604032894,6.3506450878197,6.508709708962673,6.8111823974448304,7.062372705516472,7.187813411398467,7.335018836254824,7.512273584688747,7.741380414502557,8.066177207560914,,3.395665403150988,3.521005005501631,4.040455426796724,6.021258418156461,7.121278197458787,3.4792169229658647,#000000,0.5692964838192688,3.4792169229658647,0.17703091429268406,43.699252289806864,0.6386076990578786,False,True,False,True,False,3.211219194886244,0.0,0.0,0.0,0.0,0,1.0444014420528045,0.8836549676598451,False,False,False,False,0.13010741959904965,0.15214375699731575,False,False,False,False,-1219710,-1054166.1298927017,False,False,False,False,828365.9941529696,False,False,False,False
2025-08-06 00:00:00+00:00,3.64,3.65,3.545,3.61,1187586,,3.7146320483533364,3.7210763550995556,3.5520275732227526,3.3455185612162115,3.3839390208652604,3.398739091310194,3.438964738336432,3.4726146985701845,3.4880103521606207,3.4903955277267387,3.4982516270863826,3.510136818490009,3.521785217015818,3.58351485156726,3.8727110938532197,3.88067849191733,4.037290672768457,4.281197857073324,4.5073163325182755,4.563807025407799,5.047951182695749,5.249880542463489,5.510263806272351,5.733363517914715,6.008418993430038,6.416378549450338,7.103804236833668,7.203741059716064,7.387588755169217,7.692488176120826,8.004521380000192,3.6116666666666672,3.598511772142565,3.424165147718822,3.3467761502796347,3.3913264451966123,3.427439336753407,3.449925624890093,3.4817973716065156,3.4823038951398653,3.4998623857212334,3.499820402580833,3.5024900955121945,3.626928680070375,3.679193018122899,3.8503217841452457,3.942502399109749,4.182254549061025,4.319973944265804,4.534662992521096,4.701031942741097,5.160864075705922,5.309147956032971,5.572993654100612,5.760291950686435,5.955712727978024,6.336380620193793,6.493796571251182,6.79501816352012,7.045148314995042,7.170062197890767,7.316679355685178,7.493272064231354,7.721546623607085,8.045162311498805,3.6116666666666672,3.398739091310194,3.521785217015818,4.037290672768457,6.008418993430038,7.103804236833668,3.4859041002170925,#000000,0.5641146455604815,3.4859041002170925,0.2731641537684315,42.58617940188453,-0.2650502810069071,False,True,False,True,False,4.297896890730769,1.0,3.65,3.545,0.0,0,1.0508599963010912,0.8913049221908107,False,False,True,False,0.10082466390838492,0.12648421045285033,False,False,False,False,-32124,-1014086.0463674979,False,False,False,False,842453.0532057943,False,False,False,False
2025-08-07 00:00:00+00:00,3.7,3.71,3.62,3.71,318947,,3.713265744479734,3.7207354159380905,3.5528072406358446,3.347027819545745,3.3851601443659685,3.3997972042422693,3.4397774971071033,3.4732594232176934,3.4885802461660824,3.490954493770151,3.4987707723412305,3.5105824167052266,3.522142357387543,3.5837250065235264,3.872310614591224,3.880262445264856,4.036577253815003,4.280053611064422,4.505852175293417,4.562283314209317,5.045840042723995,5.247506981669581,5.507558265216488,5.730373999458113,6.0050869019595625,6.4125740122153765,7.099227700039523,7.199053081288328,7.382706481145899,7.68730596034429,7.9990337053415175,3.6254277691450065,3.5990338671971838,3.42555234236442,3.3483835877451895,3.3924376798055693,3.428313558740589,3.4506761977887472,3.4823987499000415,3.482902537221054,3.5003692724252935,3.500325801177953,3.5029256481473623,3.6270388483533615,3.6791875553688445,3.84996533731941,3.941967646262503,4.181276801688215,4.318767040350895,4.533171815936247,4.699339388616122,5.158605404976712,5.306698766260496,5.5702076271263525,5.757268464750345,5.952445959393887,6.332665709963949,6.489907244722385,6.790792834492229,7.040638676536572,7.165411315559594,7.311870573077639,7.488285297421656,7.716336055744639,8.039634379311158,3.6254277691450065,3.3997972042422693,3.522142357387543,4.036577253815003,6.0050869019595625,7.099227700039523,3.4872631145858852,#000000,0.5574188584774252,3.4872631145858852,0.38164637270292595,43.272690943833084,-0.2650502810069071,False,True,False,True,False,5.373355170997446,0.0,0.0,0.0,0.0,0,1.0557783739275945,0.8980318202342693,False,False,False,False,0.13207753327822314,0.12928087186553672,False,False,False,False,286823,-963070.0053334783,False,False,False,False,821923.404060469,False,False,False,False
2025-08-08 00:00:00+00:00,3.79,3.88,3.69,3.71,765075,,3.7190986654280103,3.7219276209553462,3.5562644622595667,3.3517822732036073,3.389138007012993,3.403298285288063,3.442599501455123,3.4756169077067427,3.490724690620014,3.493067883518451,3.5007662994443725,3.5123431754146446,3.5235974647499395,3.5848173546746533,3.8718929912346955,3.879806818610997,4.035396921996652,4.277823602842065,4.502824119830363,4.559100895477177,5.041207071539598,5.24223914964996,5.501488739438777,5.723620393918771,5.997508499607809,6.403855997932486,7.088650618122044,7.188208014560084,7.371393375161655,7.6752689092975475,7.986260248772448,3.6797328470992063,3.601993130126159,3.4302493118733315,3.3534471684945717,3.3960863832819927,3.431303645454341,3.4533231145841543,3.4846346009946076,3.4851303529683184,3.502324712701716,3.5022753760737273,3.5046174956935396,3.6278824959516025,3.6797421563576784,3.8496551999132103,3.9412218694643752,4.179454695288483,4.316383166763085,4.530072576382325,4.695736337897633,5.1536154229857525,5.301248065589586,5.563944188463475,5.750433069237735,5.945024757329249,6.324164035297067,6.480984430804598,6.7810602129936735,7.030222354748559,7.154655490681222,7.3007346072428465,7.476719916991953,7.704230603971637,8.026763977285198,3.6797328470992063,3.403298285288063,3.5235974647499395,4.035396921996652,5.997508499607809,7.088650618122044,3.4930092575884495,"rgba(38, 166, 154, 0.5)",0.5527584227095627,3.4930092575884495,0.537288497488168,45.68620864573168,-0.2650502810069071,False,True,False,True,False,6.957542050503786,0.0,0.0,0.0,0.0,0,1.0561372359591634,0.8775686049244105,False,False,False,False,0.18831960432132594,0.15880023809343133,False,False,False,False,1051898,-884051.6521831459,False,False,False,False,819694.0548816271,False,False,False,False
2025-08-11 00:00:00+00:00,3.86,3.87,3.76,3.78,356519,,3.723058785508365,3.72283066479876,3.5581373020700053,3.354180144053928,3.3911640007307926,3.4050901827252273,3.4440625627299912,3.4768547685617106,3.491858265086237,3.4941862587129546,3.501826296371689,3.5132844282530185,3.5243808739137767,3.5854307921654973,3.871798013368113,3.879694089452049,4.034945858921919,4.27688238377874,4.501506616073155,4.557709511748236,5.039133938625643,5.2398700304101045,5.498746090785228,5.720559320152163,5.994063552799996,6.399880150443124,7.083809198451497,7.183241890370284,7.366209267753283,7.669747300633453,7.980395486931179,3.700117362415642,3.6036566241811414,3.432657644976654,3.3559990524117276,3.3979497697026413,3.4328478619291785,3.4547008618810873,3.4858131824870955,3.4863049657100214,3.5033643203174125,3.503311874407853,3.50551908122637,3.6283790503363074,3.680102593353112,3.8496104259789505,3.940973537415676,4.178704383838133,4.315369859557829,4.528720800545144,4.694146615083256,5.151375829032782,5.298793701184272,5.561111274437166,5.747333929200751,5.941652961460302,6.320289008891759,6.476913108434018,6.776611716569057,7.02545571810426,7.149730902690145,7.295633025034725,7.471418188582182,7.69867711209603,8.020854062297863,3.700117362415642,3.4050901827252273,3.5243808739137767,4.034945858921919,5.994063552799996,7.083809198451497,3.4956648278522424,"rgba(38, 166, 154, 0.5)",0.5481813667147927,3.4956648278522424,0.664625239510035,48.66679454200341,-0.2650502810069071,False,True,False,False,True,8.16443301445464,0.0,0.0,0.0,0.0,0,1.06291121654565,0.8928150148103491,False,False,False,False,0.20255230320997092,0.1806762706517011,False,False,False,False,1408417,-794150.9207249833,False,False,False,False,801530.3272392104,False,False,False,False
2025-08-12 00:00:00+00:00,3.89,3.94,3.83,3.86,486891,,3.7306663581331927,3.7246791868687557,3.5611785626776724,3.3578016899394876,3.3942543913213026,3.4078363027168517,3.446333643937916,3.4788004228094054,3.4936515780620705,3.495957378433353,3.5035110043711075,3.5147892911446963,3.5256414900131836,3.5864565738591687,3.871843907710645,3.879715575153553,4.034502483029234,4.275765539112334,4.499866775600611,4.55596518348195,5.0364462904076355,5.236776908964508,5.495141714562607,5.716519647834144,5.98949923921877,6.394589504379195,7.077335302703576,7.176597642350339,7.35926696282151,7.662343022327089,7.97252177220398,3.7292758383204636,3.60644864371455,3.436362594341442,3.359851680163506,3.400799255422443,3.435235707978037,3.4568478767945723,3.4876726825902704,3.488158607920224,3.50501795143176,3.504960559497812,3.5069559419307588,3.629242746244121,3.68077708356279,3.849725349582287,3.9408084461209913,4.177850562285616,4.314153576988036,4.527032154611,4.692126719898788,5.148460115834564,5.295583829543558,5.557383495119392,5.7432422297876835,5.93718860046399,6.3151363498340745,6.471491744776614,6.770674530191527,7.019083941070191,7.143143407665557,7.288803596897344,7.464314862248381,7.691229201282949,8.012918613430616,3.7292758383204636,3.4078363027168517,3.5256414900131836,4.034502483029234,5.98949923921877,7.077335302703576,3.499766170325831,"rgba(38, 166, 154, 0.5)",0.5441660120322964,3.499766170325831,0.7171227549048188,51.224325994187694,-6.0367118388399135,False,True,False,False,True,8.678875775663467,0.0,0.0,0.0,0.0,0,1.0679756333498915,0.8826374545739759,False,False,False,False,0.2360900662470626,0.20838316844938187,False,False,False,False,1895308,-688681.9434416506,False,False,False,False,789191.5300925748,False,False,False,False
2025-08-13 00:00:00+00:00,3.91,4.035,3.91,3.92,976118,3.9516666666666667,3.749511416471692,3.72969999520504,3.5682935104726603,3.3657901312936827,3.401138026872029,3.413983137578492,3.4514790627061736,3.4832587903391867,3.4977847470534953,3.500043177759343,3.5074099625691124,3.5182909867307157,3.528592823571698,3.5889328941730176,3.872334821968151,3.880157338296542,4.0340088719116425,4.273916478008904,4.496951140103609,4.552832311156185,5.031398164616171,5.230914727669971,5.488254057414325,5.708760077886766,5.980689023406038,6.384322810144004,7.064697901995649,7.163619201005425,7.345691111658237,7.647839949284683,7.957077117381642,3.782336819569593,3.6131440187648436,3.4446573633623454,3.3683418329348576,3.407163981690357,3.440626461544271,3.4617298605921416,3.491948047731126,3.492421346491699,3.50884790706583,3.5087791302948004,3.5102917398085065,3.6313898515901806,3.682538856818159,3.8503552571242126,3.9408742209672187,4.176532541390135,4.312103465574222,4.5240143061880405,4.688431870270606,5.142954051831658,5.289487304471849,5.550248644312476,5.735378469508085,5.928578499367424,6.305146492696324,6.460962676910628,6.759111467033259,7.0066508823028,7.130278615835096,7.275454083423056,7.450415781264418,7.676638574059937,7.997350219093882,3.782336819569593,3.413983137578492,3.528592823571698,4.0340088719116425,5.980689023406038,7.064697901995649,3.530750919754985,"rgba(38, 166, 154, 0.5)",0.5382344510776009,3.530750919754985,0.7046168811485765,53.321078958198726,-3.9475456440788577,False,True,True,False,True,9.02433426567113,0.0,0.0,0.0,0.0,0,1.0801597939499068,0.875450077531604,False,False,False,False,0.2787682275117118,0.24357569798054685,False,False,False,False,2871426,-549069.8672282526,False,False,False,False,796521.979892866,False,False,False,False
2025-08-14 00:00:00+00:00,3.87,3.89,3.805,3.88,450655,3.921133907309245,3.7535070208415324,3.730966632142461,3.570685202447127,3.36880954511444,3.403711015965739,3.4162725538764063,3.453367115714602,3.484869932245185,3.4992668201509933,3.501506407670669,3.5088005169530447,3.5195323854903497,3.529633457056615,3.5897632030792512,3.8722857414886267,3.8800862285158844,4.033517749162975,4.2728159511869865,4.495378704512571,4.551166039242334,5.028876119857185,5.228023125214514,5.484896111444567,5.705004784749198,5.9764546060304795,6.379424737991939,7.058717767607543,7.157483211530472,7.339282357163234,7.641008224180658,7.949815456063511,3.789546756261278,3.6152904092355778,3.4476843720568673,3.3715438856405124,3.4095401820508133,3.4426138517782685,3.463513098383581,3.4934859470998756,3.493954322759181,3.51021286910704,3.5101401470386047,3.511481376319274,3.632075223516618,3.6830551409487557,3.8503684698655927,3.9406347278827187,4.1756698397910466,4.310913021482379,4.522398160557195,4.686516257376536,5.140224176519062,5.286489247877801,5.546778071173803,5.731575672965724,5.924435381351396,6.30037453593699,6.455945116711264,6.753622253756562,7.000764165263157,7.124194552610434,7.269148638912509,7.44385961780664,7.669766892289148,7.990032012937069,3.789546756261278,3.4162725538764063,3.529633457056615,4.033517749162975,5.9764546060304795,7.058717767607543,3.531563448937218,"rgba(38, 166, 154, 0.5)",0.5321155127614666,3.531563448937218,0.6360208318423795,53.64711083423483,-3.4520454418505366,False,True,True,False,True,8.140520724594168,0.0,0.0,0.0,0.0,0,1.0496373166728437,0.9076348811351724,False,False,False,False,0.21806315377864746,0.23081942587959714,False,False,False,False,2420771,-432605.51949381136,False,False,False,False,782958.5689166752,False,False,False,False
2025-08-15 00:00:00+00:00,3.84,3.955,3.83,3.87,447267,3.9101233769467747,3.7579087578823236,3.732397341265184,3.5731840089744846,3.3718913975142484,3.4063478779492913,3.418623892282919,3.4553160318522713,3.4865408731022582,3.5008076588804484,3.503028250012513,3.5102487555018502,3.5208283497441806,3.5307228109966666,3.590643914646061,3.8722933472835317,3.8800719997728197,4.033087286880698,4.27178141146936,4.493874191579615,4.549567428122867,5.026426169919472,5.225206882731057,5.481617762445109,5.7013328672405486,5.972308133079156,6.37462057568834,7.052841498450665,7.1514525581616875,7.332981385469886,7.63428783987967,7.942668840509574,3.7972076044549223,3.6175579445328756,3.4507901502373812,3.374810229692233,3.4119784861608147,3.444662291566792,3.465356614322073,3.4950831876137767,3.4955465840202713,3.5116349341032804,3.5115581197021886,3.5127222481357028,3.6328119565833004,3.6836237427548735,3.850437815783951,3.940453557964236,4.174871306101042,4.309789203688676,4.520849703325565,4.684669252858794,5.137568226123651,5.283567495255464,5.543388165930968,5.727856706033461,5.9203793308962815,6.295695382864931,6.451022492157231,6.748232235746876,6.9949804142613194,7.118215341093381,7.2629500675297605,7.437412471622471,7.663006889891891,7.982829353473833,3.7972076044549223,3.418623892282919,3.5307228109966666,4.033087286880698,5.972308133079156,7.052841498450665,3.5334581279631934,"rgba(38, 166, 154, 0.5)",0.525136618863078,3.5334581279631934,0.5837373761907336,53.06646740719157,-3.4520454418505366,False,True,False,False,True,7.4765919888996315,0.0,0.0,0.0,0.0,0,1.0436507936507937,0.9030423280423281,False,False,False,False,0.23971323991337498,0.23526633289648607,False,False,False,False,1973504,-338248.28343523055,False,False,False,False,769794.1936650409,False,False,False,False
2025-08-18 00:00:00+00:00,3.8,3.88,3.78,3.88,183359,3.9020914238479425,3.7588174893814936,3.7327526255292947,3.574012063139993,3.373007062799384,3.407294498098055,3.4194655502971614,3.456005776823514,3.4871253505420627,3.5013433765405906,3.503556838375721,3.510750135805686,3.52127482786159,3.5310963853866326,3.5909338655130583,3.8722333437804615,3.8800031852109553,4.032850331315724,4.2713002775763025,4.493204890260202,4.548860997427888,5.02537697472894,5.224008846242314,5.4802317681952415,5.699786599784792,5.970568540736556,6.372613193478,7.050397176453426,7.148945272114638,7.330363915164764,7.631499510414383,7.939706778427007,3.798015580852562,3.6182799666063556,3.4518869774453043,3.3759911682224146,3.4128528505252347,3.44538984743659,3.4660067757580215,3.4956398893721006,3.4961014418003384,3.5121269588819555,3.5120487553717656,3.5131516455541583,3.633044397302631,3.683789159244038,3.850402726264789,3.9403174084036734,4.174485350768903,4.3092720949416705,4.520163168787865,4.683863223067791,5.136435337060088,5.282326570025337,5.541956747686734,5.726291273712304,5.918676584336888,6.293738892688516,6.448966892974112,6.745986217970247,6.99257383320961,7.115729032256329,7.260374328710972,7.434735461906584,7.660202417048511,7.979844437369235,3.798015580852562,3.4194655502971614,3.5310963853866326,4.032850331315724,5.970568540736556,7.050397176453426,3.5337818276697073,"rgba(38, 166, 154, 0.5)",0.515538972760457,3.5337818276697073,0.5163880645236683,51.6285278612749,-3.4520454418505366,False,True,False,False,True,6.590132233905912,0.0,0.0,0.0,0.0,0,1.0973201692524683,0.9015796897038083,False,False,False,False,0.19591699685520875,0.2155916648758474,False,False,False,False,1790145,-254781.88016326074,False,False,False,False,746796.7350899413,False,False,False,False
2025-08-19 00:00:00+00:00,3.79,3.82,3.73,3.78,151775,3.893703480727789,3.759071032050062,3.7329107062372553,3.5745825174485524,3.373844093566056,3.4079991626336117,3.420090256416238,3.456512216549377,3.4875496527531946,3.50172996417196,3.5039379058034217,3.511110404244256,3.5215940406458066,3.531362168953677,3.5911315040707215,3.872145824480749,3.879908450639841,4.032617805412178,4.2708675645799925,4.492619024281344,4.548245250832858,5.0244811111913545,5.222990509855776,5.479058663734217,5.698481407262178,5.969103979818251,6.370927971886514,7.048351670284877,7.14684782148194,7.328175604231763,7.629170369477883,7.937234381323923,3.7975020165814204,3.61875599332283,3.4526918364062973,3.376876321402964,3.413502947107549,3.4459258723847763,3.466482537030913,3.4960426078880737,3.4965027482983095,3.5124802848894228,3.512401100369082,3.5134599563885707,3.633195291347777,3.6838856590042175,3.85033560854527,3.940167554119103,4.174130533906002,4.308809958398936,4.5195635006477435,4.683166328906834,5.135470614603655,5.281272934212434,5.54074621028045,5.724970283731744,5.917242402997885,6.292095601079162,6.447241951760679,6.74410430660902,6.990559468191389,7.1136488857099005,7.258220425370139,7.432498081028223,7.657859967704174,7.97735318889667,3.7975020165814204,3.420090256416238,3.531362168953677,4.032617805412178,5.969103979818251,7.048351670284877,3.5338106934390323,"rgba(38, 166, 154, 0.5)",0.5077090391857733,3.5338106934390323,0.504598671262236,50.40293022459307,-3.4520454418505366,False,True,False,False,True,6.367036765190488,0.0,0.0,0.0,0.0,0,1.0713245997088792,0.92608442503639,False,False,False,False,0.15724681527009846,0.18641924007297295,False,False,False,False,1638370,-180540.62996077992,False,False,False,False,723462.5494001397,False,False,False,False
2025-08-20 00:00:00+00:00,3.73,3.78,3.715,3.78,214331,3.8802575821657745,3.7587817395819916,3.7329518820895387,3.5752334019908667,3.3749092617571343,3.408887662317584,3.4208751965803197,3.457140271738424,3.4880684819435728,3.5021991123262524,3.504399773798249,3.5115452272911227,3.5219768092841726,3.5316788162897095,3.591353395233718,3.8719712180581407,3.879723762867266,4.03224045138223,4.270210181643589,4.491748907391741,4.5473340906336706,5.023179297997703,5.221516759642375,5.477367490182893,5.696604515083074,5.967002955915261,6.368516738087447,7.045433608747076,7.14385665144206,7.325056607080225,7.625853329064076,7.933715807869433,3.795341287740432,3.6192647854080797,3.4536893969762756,3.378001480799218,3.4143214655128733,3.44659338660592,3.4670700922318187,3.4965328615864673,3.4969911624574053,3.5129063853155253,3.5128260429023217,3.5138316879252,3.633352348085924,3.6839673844660235,3.8501895074010952,3.939905878781833,4.173581932805175,4.308111511021527,4.518674517228632,4.682142337237036,5.13407214264033,5.279749615833215,5.53900240924827,5.72307117607882,5.9151841117290545,6.289743306497605,6.444774894127445,6.741416488841749,6.987685242925618,7.110682067661814,7.255149827966061,7.429310085941381,7.654524209126639,7.973808086684306,3.795341287740432,3.4208751965803197,3.5316788162897095,4.03224045138223,5.967002955915261,7.045433608747076,3.53357551428041,#000000,0.49937618743693324,3.53357551428041,0.3933397119469107,48.022328501326584,-3.4520454418505366,False,True,False,True,False,5.027309173937741,0.0,0.0,0.0,0.0,0,1.0388278388278387,0.9314578754578754,False,False,False,False,0.14218781962784893,0.16430352985041094,False,False,False,False,1424039,-117615.93858976895,False,False,False,False,703496.6062864087,False,False,False,False
2025-08-21 00:00:00+00:00,3.82,3.875,3.71,3.73,414696,3.868774484846797,3.7601179695282427,3.7335714660506207,3.5769273211261665,3.3772870827083037,3.4109009446458596,3.4226651354108086,3.458602240849276,3.4893024298343636,3.503327785075527,3.5055130375210846,3.5126000474740766,3.5229148740986944,3.532463063535572,3.591951499290215,3.871789656312617,3.8795225133247118,4.0316632926746125,4.269086741156954,4.490205294562324,4.545707831030889,5.020785564777931,5.218788874829718,5.474217461318356,5.693094376873747,5.963058348066071,6.363970198216791,7.039904498890078,7.138185916191639,7.3191380139565085,7.619550326359129,7.927021863622794,3.795781908073599,3.6207140923453767,3.4559981841262823,3.3805148382723154,3.4161817958908696,3.4481372883340735,3.468446671425444,3.497706707813049,3.4981610477563256,3.5139413988269657,3.513858185764466,3.514736009320459,3.6338225586514223,3.684288605561929,3.8500636116761036,3.939554180588463,4.172671325632976,4.306907627970323,4.517092609319638,4.68029338574574,5.131490530160464,5.276925424803397,5.535750327401315,5.7195179718649936,5.9113223181627745,6.285311173629838,6.44011995572868,6.736333379327779,6.982241020881123,7.1050585173417575,7.249325112597161,7.423257545794728,7.648184882326208,7.967062711560615,3.795781908073599,3.4226651354108086,3.532463063535572,4.0316632926746125,5.963058348066071,7.039904498890078,3.5344316215817195,"rgba(38, 166, 154, 0.5)",0.48947984894680874,3.5344316215817195,0.5834119198833714,49.06362660506278,-3.4520454418505366,False,True,False,False,False,6.74740388355805,0.0,0.0,0.0,0.0,1,1.0421818181818183,0.9130472727272728,False,False,False,False,0.15905150090141032,0.16167751537591063,False,False,False,False,1838735,-40896.29393918978,False,False,False,False,692171.0923143927,False,False,False,False
2025-08-22 00:00:00+00:00,3.93,3.965,3.84,3.84,936137,3.879412895718401,3.770077012576032,3.7371241836849802,3.582486311470801,3.3839249576694113,3.4166289611420297,3.427799499902066,3.4629010173667547,3.493021029397982,3.506772626321645,3.5089178667369456,3.515848703067521,3.5258360811839666,3.5349333785703454,3.5939909053842674,3.8720207821956536,3.879708513668417,4.030989049118573,4.267162567338081,4.487298649456789,4.542601563787748,5.015900745564093,5.213144318478301,5.467614743838575,5.685676241228244,5.954656896380291,6.354203871395471,7.027913730286925,7.125874959034681,7.306265723650113,7.605805754430829,7.91239117310298,3.8115285192597588,3.6258408417272587,3.4627222988151463,3.387533952598069,3.421496127707189,3.452642824390444,3.472525108942241,3.50127067387124,3.5017144838761904,3.5171336822668353,3.5170414736100004,3.5175313462131204,3.635563771428017,3.685680867526148,3.8504223190807356,3.9393949336182343,4.1712366586315826,4.30479803143099,4.514092270696338,4.6766669555623,5.126178433924538,5.271062010197817,5.528916493948815,5.712002358695672,5.903108211365137,6.275804439161703,6.430107506903879,6.725350808796585,6.970442035182754,7.092854280021218,7.236665557761184,7.410081232142617,7.634357920222107,7.952315572820763,3.8115285192597588,3.427799499902066,3.5349333785703454,4.030989049118573,5.954656896380291,7.027913730286925,3.5403170596587294,"rgba(38, 166, 154, 0.5)",0.48079138965129775,3.5403170596587294,0.8105031594344795,52.32144764041651,-3.4520454418505366,False,True,False,False,True,8.777667167105726,0.0,0.0,0.0,0.0,0,1.0515531287666458,0.9064927898229767,False,False,False,False,0.07071457050689499,0.11619604294140282,False,False,False,False,2774872,69525.9920976412,False,False,False,False,701738.3828118674,False,False,False,False
2025-08-25 00:00:00+00:00,3.86,3.94,3.84,3.92,330816,3.879460207826551,3.7725717845660918,3.7381243299025164,3.584222120501688,3.3860930185347042,3.4184944544103764,3.429471153072252,3.4642948716768367,3.4942212957235705,3.5078819959091105,3.5100139346341135,3.5168932781319766,3.526774052666856,3.535725936994937,3.5946341698148188,3.872037091851389,3.879709108494345,4.030689837241448,4.266427409859444,4.486222336231411,4.541456394540566,5.0141355921161175,5.211113011111061,5.465247555795481,5.683023011029106,5.9516586243603085,6.350726678128666,7.023655498468052,7.121504256487237,7.301697868035995,7.600931548257181,7.907205659725148,3.8146657660417693,3.627413653856106,3.464887007917114,3.3898230465561445,3.4232274001207323,3.4541057360159666,3.4738458341770793,3.5024194408543416,3.5028597780330313,3.5181600002340314,3.51806495418936,3.5184311702536983,3.636103906767627,3.68610042971441,3.8504830565329846,3.9392753195180954,4.170672042596949,4.303998291723068,4.512983737013965,4.675340892276629,5.1242636123805205,5.268954010254996,5.526468240096985,5.709314927924825,5.900175688776349,6.272418338182519,6.4265439504279165,6.721446686653779,6.966251172608364,7.088521063186741,7.232172417394564,7.405406612042103,7.629454773563529,7.947089141118769,3.8146657660417693,3.429471153072252,3.535725936994937,4.030689837241448,5.9516586243603085,7.023655498468052,3.541904841516505,"rgba(38, 166, 154, 0.5)",0.46840603776924067,3.541904841516505,0.6791013198685619,52.54660367623451,-3.230082589334181,False,True,False,False,True,7.19010048461919,0.0,0.0,0.0,0.0,0,1.0406101265411543,0.951267848150615,False,False,False,False,0.054232133364084376,0.08521408815274359,False,False,False,False,2444056,162644.8159369494,False,False,False,False,687192.4070153235,False,False,False,False
2025-08-26 00:00:00+00:00,3.8,3.91,3.795,3.85,158532,3.8778070922671133,3.773243454278681,3.7384482183789136,3.584921321579807,3.387031233292041,3.4192964628751206,3.430188284314793,3.464887581795177,3.494727059944256,3.5083472813641565,3.5104732894706467,3.5173299593212706,3.5271647442992755,3.5360549780533024,3.594892958344888,3.8720008486467123,3.8796654293982944,4.030504176598172,4.266035189459555,4.485669715227701,4.540871774809045,5.013258161124934,5.210108936433688,5.46408353317156,5.6817226403928,5.950193733290551,6.349033530424558,7.021589818321072,7.119384900334626,7.299484465633552,7.598572078817305,7.904697693485241,3.8151026485590602,3.628027436068346,3.46580483486262,3.3908124743719457,3.4239711469764327,3.454729542823751,3.4744059278144164,3.502902165515064,3.5033409713518116,3.518588862137926,3.5184926518088075,3.5188073274467526,3.636314301111065,3.686254335705868,3.8504678352093453,3.9391747824974646,4.170360477012813,4.303575548923341,4.5124162153365415,4.674671120109782,5.123314974284961,5.26791343261165,5.525265579273213,5.707998251494402,5.898742154369775,6.270768600098565,6.42480965358268,6.71954999784906,6.964217649925411,7.086419594880766,7.229994650254063,7.403142310706569,7.627081502710303,7.944561649135753,3.8151026485590602,3.430188284314793,3.5360549780533024,4.030504176598172,5.950193733290551,7.021589818321072,3.5424234213952084,"rgba(38, 166, 154, 0.5)",0.45911293238934764,3.5424234213952084,0.561030980469867,51.18490167019892,-3.230082589334181,False,True,False,False,True,5.850080412115492,0.0,0.0,0.0,0.0,0,1.0238052240153666,0.9474643332074666,False,False,False,False,0.0049253463101913975,0.04506971723146749,False,False,False,False,2285524,245894.98001785335,False,False,False,False,666460.626348056,False,False,False,False
2025-08-27 00:00:00+00:00,3.89,3.89,3.77,3.79,350899,3.8756926050771625,3.7750288488746397,3.7392676645468375,3.5865471732377046,3.3891630916495568,3.4211243725109948,3.4318251009991405,3.466245683245246,3.4958903248878426,3.5094195409742843,3.5115322166190217,3.5183377095971813,3.528067965867109,3.5368171346253,3.5954994519251033,3.8719532981912206,3.8796014182904353,4.030125914376307,4.265199692911199,4.48447797981319,4.539608621735559,5.011345333689046,5.207915879168729,5.4615366252998925,5.678874189069984,5.946981446654323,6.345316276897407,7.017048568535176,7.114724947342375,7.29461646698533,7.593380838431283,7.899177884728933,3.816686875552772,3.629470704113837,3.467902162332323,3.393060366484406,3.4256675892841337,3.456157232253914,3.475690811133751,3.504013709643936,3.50444906224318,3.5195788059679467,3.519479907453875,3.5196761006337347,3.6368134530860696,3.686628105859275,3.8504668194055904,3.9389848820872273,4.16970365590305,4.302672410796972,4.511191160838283,4.67321883431822,5.121244579611121,5.26563960694275,5.5226332196153,5.7051137402825844,5.8955992088273055,6.267147393928833,6.421001343074813,6.7153824525479955,6.959747506729297,7.081799203306144,7.225205491183711,7.3981616708838445,7.621859721762281,7.938998644464685,3.816686875552772,3.4318251009991405,3.5368171346253,4.030125914376307,5.946981446654323,7.017048568535176,3.543741756783234,"rgba(38, 166, 154, 0.5)",0.45174149508412137,3.543741756783234,0.7664964298935772,52.40277832274417,-3.0445293706096663,False,True,False,False,True,7.5336996182286065,0.0,0.0,0.0,0.0,0,1.0197008750471999,0.9408973748584001,False,False,False,False,-0.024631906879514092,0.0102189051759767,False,False,False,False,2636423,339641.1768798983,False,False,False,False,654085.6606089165,False,False,False,False
2025-08-28 00:00:00+00:00,3.83,3.9,3.81,3.9,345137,3.873672748862402,3.7766311585931733,3.7400380834773563,3.5881069997236783,3.3912258482891104,3.422893337726405,3.4334099024098497,3.4675606499492795,3.4970163803660093,3.510457389918982,3.5125571376112132,3.519313071388867,3.5289422916117754,3.5375552343689787,3.5960854035258842,3.8718996576230404,3.8795316677230782,4.029748550368798,4.264374611658931,4.483304029175489,4.538364724569141,5.009464660439672,5.2057604433725375,5.4590342026436875,5.6760760494540845,5.9438264721986656,6.341665965485772,7.012589869681937,7.110149787798047,7.289837168291022,7.588284314493739,7.893758898563756,3.817968295780008,3.63085089850904,3.469925029473083,3.3952340071315037,3.427310042390237,3.457539652733192,3.476934870631926,3.505089612061832,3.5055216215760447,3.5205369773143786,3.5204354968216505,3.520517595023745,3.637294498054977,3.6869866105769913,3.8504587209753063,3.9387919200264165,4.1690535338445125,4.301781088995647,4.509984582369967,4.671789613423253,5.119209417232709,5.263404972574459,5.520046998754086,5.702280236091496,5.892512243217141,6.26359130614996,6.417261698949807,6.711290378302251,6.955358567729985,7.077262858816856,7.220503555102717,7.393271829568914,7.616733224853275,7.933537265836052,3.817968295780008,3.4334099024098497,3.5375552343689787,4.029748550368798,5.9438264721986656,7.012589869681937,3.544997183360716,"rgba(38, 166, 154, 0.5)",0.44870375869332807,3.544997183360716,0.6351692204880164,51.69403458893388,-3.0445293706096663,False,True,False,False,True,6.188979385936314,0.0,0.0,0.0,0.0,1,1.0204211661302705,0.9354691150283444,False,False,False,False,0.008209072313689876,0.009213988744833288,False,False,False,False,2291286,416176.2679826474,False,False,False,False,641970.0268595474,False,False,False,False
2025-08-29 00:00:00+00:00,3.88,3.91,3.83,3.84,482132,3.873642677660958,3.7795610599663565,3.741360552490749,3.590476433664974,3.3942433327733412,3.4254939361599273,3.4357451482626886,3.469510564285801,3.4986964006288,3.5120106905076387,3.514091868419594,3.5207761261654857,3.5302574977687002,3.5386688831071345,3.596985996421679,3.871903893493878,3.879513384201892,4.029300395420399,4.263300697209807,4.481739708406019,4.5367012486378995,5.006907654931892,5.202819709132071,5.455609051749807,5.672238293314188,5.939490870993718,6.3366388683396675,7.0064346234166095,7.103832066504619,7.283234500165334,7.581238575193117,7.886262894889185,3.821087806774874,3.632984459394625,3.4729124014090944,3.3984131041022407,3.429727636489946,3.459585713717602,3.478783169391391,3.5066977653070213,3.5071249470857997,3.5219747946079694,3.5218694360534615,3.5217813996204126,3.6380479221237705,3.6875679228965557,3.850526615853838,3.9386013479054673,4.168224487458117,4.300614407498488,4.5083738608639825,4.669865605299323,5.116436644094418,5.260353639495953,5.516504924846621,5.698393140683872,5.8882715164104305,6.258695776802741,6.412109837478836,6.70564657717058,6.949300623140982,7.070999295362446,7.2140088932488275,7.386514757160499,7.60964562581134,7.925982085563908,3.821087806774874,3.4357451482626886,3.5386688831071345,4.029300395420399,5.939490870993718,7.0064346234166095,3.5471074834246714,"rgba(38, 166, 154, 0.5)",0.44548182236372974,3.5471074834246714,0.7472639732166813,52.3959048047347,-2.6113803313684727,False,True,False,False,True,7.1292993077666935,0.0,0.0,0.0,0.0,1,1.0243858821999314,0.9317195298401912,False,False,False,False,0.027917627217675545,0.018565807981254415,False,False,False,False,2773418,508617.12021862203,False,False,False,False,635701.8689434867,False,False,False,False
2025-09-02 00:00:00+00:00,4.48,4.5,4.45,4.465,22045748,4.357283080325934,4.184428392412939,3.9708355068598555,3.8344307297583415,3.635095647402097,3.6450391937519457,3.639054507014849,3.6509469074314618,3.664490750035135,3.6699156381722573,3.670837727908326,3.6727009902738086,3.6709533819335,3.6621880692058792,3.7107490281589732,3.9438822865841527,3.950484242320214,4.081121235419924,4.287105049463787,4.4812072481513185,4.530539511503393,4.957431627903883,5.136254982458216,5.367611951747413,5.566182131433527,5.811665973201464,6.178182910174798,6.798288209683457,6.8885728832192195,7.05535980432503,7.333487594501876,7.6184151124289174,4.293358688787648,3.875038286145154,3.726820048843119,3.649816590354993,3.6376707636317493,3.646402489034538,3.654148783704023,3.668148722838647,3.668258419282088,3.6719389463162497,3.671472722014998,3.656171396569796,3.7448580483268885,3.786075109090502,3.9253508994144455,4.001814834204684,4.203271253119176,4.3201079421320845,4.505086147932407,4.65069107208024,5.057344022074872,5.18886870433219,5.423389571604292,5.590180362385162,5.76458750930884,6.106097479122628,6.24807473346884,6.519852198270267,6.745394448564918,6.858117273376542,6.990934761649941,7.15170686411466,7.360019736950458,7.6555085421167774,4.293358688787648,3.639054507014849,3.6621880692058792,4.081121235419924,5.811665973201464,6.798288209683457,3.7871010436847548,"rgba(0, 255, 255, 0.75)",0.4509922194278241,3.7871010436847548,1.536387827697626,60.30633287503557,4.939842190789449,False,False,True,False,True,16.85815222998219,0.0,0.0,0.0,0.0,0,1.036193090135875,0.9321379559952346,False,False,False,False,0.34282817000997984,0.18069698899561712,False,False,False,False,24819166,1461971.9782492644,False,False,False,False,1475311.5211417815,False,False,False,False
2025-09-03 00:00:00+00:00,4.46,4.49,4.46,4.48,4286044,4.372487809341532,4.213401798589883,3.999389107200981,3.866718164882526,3.6697158557601863,3.677229794422499,3.6694534012974813,3.678662306406528,3.690192532880953,3.6945922319973694,3.6953617837181754,3.696598758455832,3.6933990309917015,3.682352967533374,3.729370286538645,3.9557809196196203,3.9622171075972576,4.089685997683358,4.290987853753955,4.480983130182569,4.529355129715072,4.948746839766027,5.124589127681929,5.352194682760403,5.547597722314828,5.789253826053535,6.150351573576865,6.761630558321069,6.850649977582023,7.0151833671243375,7.289739967037789,7.5710535355689315,4.31505893022062,3.906470947936918,3.7616557485328697,3.6853829896400567,3.6686161255077936,3.674799257053268,3.6811023988056735,3.693283617330951,3.6933527075686436,3.6955887568603765,3.6950785612198223,3.6778462913352996,3.7623798925258893,3.8022806055054006,3.9377173531528484,4.0122696465408705,4.209036082152368,4.323266651057597,4.504392824767812,4.6472705805644665,5.0469829622807865,5.176342513242226,5.407075518145425,5.571217261340737,5.742904084826589,6.079305476910611,6.219251649113206,6.487163375764442,6.7094897395537085,6.820617632833146,6.951617189791707,7.1102854385648735,7.315934934478558,7.6076750995093985,4.31505893022062,3.6694534012974813,3.682352967533374,4.089685997683358,5.789253826053535,6.761630558321069,3.815346375454746,"rgba(38, 166, 154, 1.0)",0.45441763543004915,3.815346375454746,1.4186368976088934,65.1381195129511,9.268600830564026,True,False,True,False,True,16.41245764269156,0.0,0.0,0.0,0.0,0,1.0320068281233328,0.9329380744082545,False,False,False,False,0.34282817000997984,0.26176257950279846,False,False,False,False,20533122,2209860.214396352,False,False,False,False,1585536.3242342607,False,False,False,False
2025-09-04 00:00:00+00:00,4.47,4.49,4.46,4.48,3556085,4.3826383325703775,4.2335835246037625,4.020863567795735,3.8912522381676724,3.69644392934975,3.702195468776119,3.6931347226504827,3.700363670710957,3.710390163048644,3.714022750580159,3.714677795569926,3.7154463590677946,3.711162504050775,3.6984025665142255,3.7442071423676193,3.9653134966930907,3.971618194617332,4.0965706883102,4.29414410232748,4.48085827789549,4.52846031618867,4.9418212081681325,5.1152634721319235,5.339846319221314,5.532696347004504,5.771264853992064,6.1279838656754935,6.732123944042823,6.820119648797436,6.982827567347121,7.254486677932548,7.532867464583459,4.329699089031205,3.930275170087151,3.788297297924033,3.7127478027641474,3.692696592851633,3.6970074619503497,3.7022387121538203,3.7130565229513883,3.713095361846123,3.7142523462233705,3.7137098785209717,3.6950443892425997,3.7763529941862104,3.8152187194635205,3.947620930945465,4.020656562851361,4.2136920067137,4.325845364523941,4.503891813742937,4.6445809546613095,5.038708047753123,5.166323793691429,5.394004437185839,5.556010529002877,5.725503046542151,6.057778222617711,6.1960815569657015,6.460866352565252,6.680592027362449,6.790429858905114,6.919957413900856,7.076919662677858,7.280408013866627,7.569106181160241,4.329699089031205,3.6931347226504827,3.6984025665142255,4.0965706883102,5.771264853992064,6.732123944042823,3.836934008769172,"rgba(38, 166, 154, 1.0)",0.45769981114215447,3.836934008769172,1.3831467171704979,68.43898381611433,12.108110295376513,True,False,True,False,True,16.5571331769447,0.0,0.0,0.0,0.0,0,1.0291809371688347,0.9324230928721722,False,False,False,False,0.34282817000997984,0.3022953747563891,False,False,False,False,24089207,3067873.813831789,False,False,False,False,1662812.7428917408,False,False,False,False
2025-09-05 00:00:00+00:00,4.47,4.5,4.47,4.48,3329332,4.391023153354751,4.250282090046732,4.0395479455405034,3.9127320089655435,3.720106186274852,3.724380590888926,3.7142542555080484,3.719799923509016,3.728535049961547,3.7315076694355582,3.7320639364400727,3.732429597368775,3.7272143927242367,3.7129737122689206,3.757693571181278,3.97403835839736,3.9802245309036817,4.102906270446537,4.297107950793563,4.480845360541986,4.527746312723011,4.935607318559661,5.106859531501551,5.328682335972934,5.51920052005478,5.7549473428823115,6.107658796247057,6.705259822478041,6.792317593318194,6.95335126610034,7.22234918393167,7.498035965177044,4.341677847642736,3.9510701913823523,3.8117190950516937,3.736909116377427,3.714152596728784,3.716877523789925,3.721192415426996,3.7308356440595167,3.730848548626356,3.7310782952251746,3.730508492779808,3.7106174722570735,3.7890667171465635,3.8270058632011286,3.95668015021393,4.028348397123106,4.218012945292723,4.328286146670187,4.503536364740407,4.6422322871044,5.0312631162362536,5.157287111545808,5.382180478004041,5.542235727460078,5.709722919573204,6.038222891008169,6.175021285349357,6.4369416459101805,6.6542855416527615,6.7629417290753455,6.891119719501539,7.046515859622001,7.24801915610094,7.5339230753142115,4.341677847642736,3.7142542555080484,3.7129737122689206,4.102906270446537,5.7549473428823115,6.705259822478041,3.8559757894505666,"rgba(38, 166, 154, 1.0)",0.45971699089130424,3.8559757894505666,1.335656986179598,70.63956001822314,13.98077744069763,True,False,True,False,True,16.5571331769447,0.0,0.0,0.0,0.0,0,1.032075855486536,0.9397599787204081,False,False,False,False,0.3428281709610266,0.32256177285870785,False,False,False,False,24089207,3892239.821132503,False,False,False,False,1728166.4392489274,False,False,False,False
2025-09-08 00:00:00+00:00,4.49,4.52,4.47,4.48,1838274,4.395667264738913,4.259048207367583,4.049520128617736,3.9241968992207434,3.7327875106335426,3.7363028312337696,3.7256313077606533,3.7303029734128708,3.738363083585214,3.7409900404481014,3.741494481285378,3.7416489664268338,3.735945375250278,3.7209245143222724,3.765063895878402,3.97885380981824,3.9849762453695874,4.106436069752875,4.298820648502191,4.480948279799657,4.527468616022414,4.9323458014977035,5.102410611162911,5.32273644230552,5.511989822485378,5.746205590133644,6.0967399714042525,6.690787000416768,6.777334951767155,6.937457803826969,7.205006359582525,7.479225846778802,4.3480701723934265,3.9621644874230393,3.8242288222844922,3.749836617842485,3.725703388524811,3.7276067514093145,3.731444041660583,3.7404720488363785,3.7404713925210076,3.7402154294620558,3.739631394635763,3.7190986325717676,3.7960233157255985,3.8334659683588805,3.9616753775233366,4.032608180019611,4.22045756886981,4.329716533370321,4.5034532347745735,4.641068219579764,5.027334216956804,5.152495020642328,5.37587665817666,5.534873689182507,5.701272777675472,6.027722441902385,6.163702711635832,6.424066067559592,6.640115717461946,6.74812975709431,6.875573778250394,7.0301172881208585,7.230539416574377,7.514921493838072,4.3480701723934265,3.7256313077606533,3.7209245143222724,4.106436069752875,5.746205590133644,6.690787000416768,3.866215122560001,"rgba(38, 166, 154, 1.0)",0.46118660115350474,3.866215122560001,1.3525650482468676,72.29330551163548,15.453962369598756,True,False,True,False,True,16.85613343799241,0.0,0.0,0.0,0.0,0,1.03169019663767,0.9334505870608928,False,False,False,False,0.34282817189088016,0.332694972374794,False,False,False,False,25927481,4756366.92618613,False,False,False,False,1732484.382807793,False,False,False,False
2025-09-09 00:00:00+00:00,4.53,4.53,4.48,4.49,2010554,4.401232678108322,4.268698344843946,4.060406258598702,3.9366516076919904,3.7465418674214566,3.749259666939332,3.738014540049087,3.7417612254226915,3.749104185179168,3.7513630523260493,3.751812251258114,3.751741478369943,3.74551578322237,3.7296574076420623,3.7731744749780867,3.984220134902707,3.9902740662272445,4.110420140892902,4.30084906813299,4.481237585966716,4.5273449523151985,4.928993277216325,5.097775411028334,5.316483971309132,5.504371105400528,5.7369326651963455,6.085112591756912,6.675315227487321,6.761311723455839,6.9204486528324916,7.186426885225183,7.45905670173828,4.355353147472468,3.974227864387372,3.837789096655527,3.763845999481929,3.738269944464211,3.7393048202196755,3.7426354783887956,3.7510091630952633,3.7509940648554463,3.7502201316612234,3.7496208897762475,3.7284009018834894,3.8036899630995746,3.840599435716213,3.9672349061276275,4.037377111554518,4.223274429254247,4.331440647734001,4.5035405002039575,4.639985280823266,5.0232607968253005,5.1474890464323915,5.36923758597498,5.527091480911655,5.692314926754092,6.016547716589273,6.151642700675975,6.410321593102082,6.624971587842651,6.73229116772487,6.858940900961374,7.012560888726778,7.211811593248112,7.49454496392588,4.355353147472468,3.738014540049087,3.7296574076420623,4.110420140892902,5.7369326651963455,6.675315227487321,3.877413762842978,"rgba(38, 166, 154, 1.0)",0.4594745530138773,3.877413762842978,1.420288094033605,73.77842490105104,16.87991428293124,True,False,True,False,True,17.45694309633165,0.0,0.0,0.0,0.0,0,1.0430890027289703,0.9162158280270024,False,False,False,False,0.342828172800241,0.3377615725875175,False,False,False,False,27938035,5665451.948688636,False,False,False,False,1743389.0736780758,False,False,False,False
2025-09-10 00:00:00+00:00,4.49,4.53,4.49,4.5,957560,4.403481993395935,4.272863930540137,4.065302751099866,3.9423004088499614,3.7528403908416217,3.7552010768852506,3.743702088782803,3.747032125905442,3.754050251940749,3.756142484404684,3.756566636849347,3.756394071892929,3.7499332021532985,3.7336970659609285,3.7769244232219106,3.9866906439517726,3.9927125421914558,4.112243904923977,4.301756877970215,4.481331197244387,4.527245319210657,4.927377407882531,5.095556031774202,5.313503305989356,5.500747079260349,5.732529448110713,6.079599829160787,6.667989843308344,6.753726263904767,6.912398086208183,7.177635206622971,7.449514649135991,4.358395192986714,3.979686361538056,3.843968681497142,3.7702523983164493,3.7440396558238884,3.744684221394435,3.747786015263593,3.7558627687264536,3.7558411542894095,3.754833312779658,3.7542273083534745,3.732699613519846,3.807233365379164,3.843894782092828,3.969795751485354,4.039568263677164,4.224551446300119,4.332205933194092,4.503539632386382,4.639435726804862,5.021305772139474,5.14509516843068,5.36607489000657,5.523390455492536,5.688060138062409,6.011248319164777,6.145925983919635,6.403810691251957,6.617800706997929,6.724792792350896,6.85106785977414,7.004252068744422,7.202949892851158,7.48490501723999,4.358395192986714,3.743702088782803,3.7336970659609285,4.112243904923977,5.732529448110713,6.667989843308344,3.8825000294665974,"rgba(38, 166, 154, 1.0)",0.45464085420113814,3.8825000294665974,1.3362194904390137,73.50973617275892,16.87991428293124,True,False,True,False,True,16.49224547547794,0.0,0.0,0.0,0.0,0,1.0401535471643566,0.9180867637847128,False,False,False,False,0.3428281732474473,0.3402948729174824,False,False,False,False,26980475,6501335.205602807,False,False,False,False,1712572.2472593277,False,False,False,False
2025-09-11 00:00:00+00:00,4.5,4.54,4.485,4.5,1257690,4.406430589553925,4.278229487243178,4.071643399312193,3.9496154581530165,3.7610095794101905,3.7629151427498964,3.751093440185105,3.753890289757598,3.7604915588843824,3.7623697992937832,3.762761763421459,3.762458455127879,3.755695524804432,3.738973284703598,3.7818251000855465,3.9899310460064803,3.995911336531891,4.114644026636262,4.3029662005329765,4.4814806194946835,4.5271428091420765,4.925298425709583,5.092690482031449,5.309645401224375,5.49605050630363,5.726816986547878,6.072440086438214,6.658465239465671,6.743862332684828,6.901927110875322,7.1661965184484275,7.437096129395828,4.362337144426203,3.986753751109521,3.8519731447479835,3.7785562780244994,3.7515359035085534,3.7516814824581175,3.7544899388383635,3.762185315809914,3.76215533999507,3.760847141178083,3.760232480687008,3.7383099127146635,3.811866254872678,3.8482059727668587,3.9731534846825696,4.042445769059826,4.226240900247108,4.333229858886511,4.5035658627174735,4.63874687647867,5.018784779731402,5.1420021599899846,5.361979708224355,5.518593501658039,5.682541200731085,6.0043669478417305,6.138500109548485,6.395348630057851,6.608477658966258,6.7150424911056295,6.8408286139889505,6.993443887295136,7.191419768679025,7.47235867829853,4.362337144426203,3.751093440185105,3.738973284703598,4.114644026636262,5.726816986547878,6.658465239465671,3.889105940344148,"rgba(38, 166, 154, 1.0)",0.4474448780814792,3.889105940344148,1.3652945638247058,73.45088630465398,16.952673563360563,True,False,True,False,True,16.647564479710216,0.0,0.0,0.0,0.0,0,1.0333273723399063,0.9300938043601955,False,False,False,False,0.3428281734692175,0.34156152319335,False,False,False,False,28238165,7353759.903422304,False,False,False,False,1694733.727758962,False,False,False,False
2025-09-12 00:00:00+00:00,4.48,4.5,4.45,4.5,2846432,4.410633322621303,4.287961257784075,4.08435097873054,3.9645928214275226,3.778105025928779,3.779086025169544,3.766627372161103,3.7683319483046573,3.774070705655289,3.7755074180105086,3.7758327810023578,3.775261117130666,3.767883726540531,3.7501724164308645,3.792204505373704,3.996679167693282,4.002567927989184,4.119541673466676,4.305237494090008,4.481421075105535,4.526531096505508,4.9203169385099566,5.085961339861383,5.300709447793548,5.4852479531177165,5.713752292014795,6.056151246258012,6.636903155092867,6.72154319818055,6.878253393671353,7.140362594195424,7.4090741021510675,4.368757857392989,4.001141536814031,3.868555115919571,3.7958906656780083,3.767282700699569,3.7664105885629238,3.7686151477443506,3.7755186713061355,3.775471574458048,3.773547727328784,3.772915980335893,3.7502023490244643,3.8216621359342655,3.8573012628924563,3.9801596879169616,4.048395629955859,4.229570219119263,4.335092599696973,4.503236818639421,4.636842128860703,5.012821367531072,5.1347674077208065,5.352515741303109,5.507567472401589,5.669907536199604,5.988698402084526,6.121618182304565,6.37615656293864,6.58736521423746,6.692976878227629,6.817672029450114,6.969017537435599,7.165381686779554,7.444051166366803,4.368757857392989,3.766627372161103,3.7501724164308645,4.119541673466676,5.713752292014795,6.636903155092867,3.902637175768566,"rgba(38, 166, 154, 1.0)",0.4420660747182961,3.902637175768566,1.3060554909112976,72.71418860427022,16.952673563360563,True,False,True,False,True,16.15372081382189,0.0,0.0,0.0,0.0,0,1.0212727659504834,0.9361817021485492,False,False,False,False,0.31276535593959653,0.32716343956647326,False,False,False,False,25391733,8061131.397405744,False,False,False,False,1739898.3658860617,False,False,False,False
2025-09-15 00:00:00+00:00,4.5,4.5,4.47,4.48,481173,4.411428088684963,4.2896224440309725,4.086491090350196,3.967104694726724,3.780968159750026,3.7817983645704834,3.769235889573503,3.7707612788988984,3.7763580632223226,3.777721980233904,3.778036353226963,3.777420398628461,3.769941464134424,3.7520661824334263,3.7939621052001544,3.9978326289985127,4.003706150077264,4.120386951271552,4.305644994130659,4.481438975606493,4.526456411117024,4.919510737261982,5.084862891826037,5.299241921835188,5.483468268258674,5.711594227458296,6.0534534798947846,6.633322487176121,6.717835776738324,6.874319044721154,7.136066091021635,7.404410773394207,4.369898042566119,4.003556485604766,3.871331169386085,3.798791972197367,3.769926043234996,3.768887160368177,3.7709924547761284,3.777765510535459,3.777715591702966,3.7756901605468136,3.775055594720744,3.7522111509041536,3.8233227484112104,3.8588453601521655,3.9813561147668355,4.049416158352464,4.230154191803149,4.335431921731496,4.503209503607444,4.6365509923657235,5.011850974103049,5.133584396359923,5.350959919967675,5.505750412013643,5.66782157052678,5.986104504058079,6.118821080021613,6.3729726351745795,6.583859811943795,6.689311909690315,6.813824331142337,6.964957015172876,7.16105095526419,7.439339985114099,4.369898042566119,3.769235889573503,3.7520661824334263,4.120386951271552,5.711594227458296,6.633322487176121,3.9049195418820517,"rgba(38, 166, 154, 1.0)",0.43494007043188077,3.9049195418820517,1.368189547417541,72.51477928258154,16.952673563360563,True,False,True,False,True,16.47551639364812,0.0,0.0,0.0,0.0,0,1.0180888326125206,0.9375113055203828,False,False,False,False,0.3207267055451633,0.3239450725558183,False,False,False,False,25872906,8759632.362213362,False,False,False,False,1690536.5868317066,False,False,False,False
2025-09-16 00:00:00+00:00,4.49,4.525,4.48,4.49,1343733,4.413792268801269,4.2943071391512175,4.0924707537369525,3.9741036794279334,3.7889357530213017,3.7893523010891315,3.7765049347216952,3.7775372769904116,3.782742759917751,3.7839058459711965,3.784189886682549,3.7834516545137573,3.775692119213843,3.757362919281178,3.7988820591594186,4.0010794882112535,4.006910793499148,4.122779955743608,4.306824538464969,4.481536848505974,4.526296758867934,4.9173186112228935,5.081859352054321,5.295213588898696,5.478573231908549,5.705648523087992,6.046008522981678,6.623424636042164,6.707585779775486,6.863438399639244,7.124178586229745,7.391503437398824,4.373184738276963,4.0102892829658545,3.8790565825988184,3.8068634072833283,3.777290786623199,3.7757932529706437,3.7776251409344885,3.7840384398295672,3.78398073546511,3.781674882637807,3.7810325294798637,3.7578263485903607,3.8279742317914,3.8631742044197535,3.9847219923549067,4.052294722545022,4.231823081143212,4.336422361135885,4.5031815644604025,4.635789924684144,5.009202984020734,5.130346049319752,5.346686445795835,5.500751599482593,5.6620760696060115,5.978948139182945,6.111100087944611,6.364176894265436,6.57417103552049,6.679179863768762,6.803184521743444,6.953725588874086,7.14906828666528,7.426299624382555,4.373184738276963,3.7765049347216952,3.757362919281178,4.122779955743608,5.705648523087992,6.623424636042164,3.911298248322969,"rgba(38, 166, 154, 1.0)",0.4290144582736425,3.911298248322969,1.3489096707969512,71.98612843076691,16.952673563360563,True,False,True,False,True,16.22100931362458,0.0,0.0,0.0,0.0,0,1.0199630683236012,0.9417743840561629,False,False,False,False,0.33475494558517876,0.3293500090704985,False,False,False,False,24529173,9378045.720557936,False,False,False,False,1676936.4461716395,False,False,False,False
2025-09-17 00:00:00+00:00,4.51,4.51,4.48,4.48,1292741,4.415990934828674,4.298654999771821,4.098084836083634,3.980686046481081,3.796453337454112,3.7964875034909347,3.783378470259551,3.7839528789040258,3.788793551234327,3.7897693456361954,3.7900250702851483,3.7891728591048714,3.7811520583806204,3.762399477141023,3.8035620007216404,4.004173960767351,4.009965202516619,4.125063814357792,4.307955529551994,4.48163918048431,4.526153919632189,4.915239405041469,5.079006851572255,5.291384210110426,5.4739175752585645,5.699991008999927,6.038920697402932,6.61399602001244,6.697821078013741,6.853071604826291,7.1128500723148,7.379200751970109,4.376231810189754,4.0166174176199485,3.8863307878915,3.814472983575,3.784252906051875,3.78233001195344,3.7839074478287555,3.789984942615756,3.7899199897203983,3.787352853696605,3.7867033012799407,3.7631612463139454,3.832400071813904,3.8672946070643714,3.987929408320074,4.055039641705538,4.233419071126522,4.337373606675019,4.5031641228669175,4.635074388997254,5.0066893542783735,5.127269733908826,5.3426233762495885,5.495996998123133,5.656609469263932,5.972135698703634,6.103748820123652,6.35579997336663,6.564941930049668,6.6695277425718675,6.793047686735839,6.943023754027779,7.137648869028402,7.413869877281923,4.376231810189754,3.783378470259551,3.762399477141023,4.125063814357792,5.699991008999927,6.61399602001244,3.917316263593798,"rgba(38, 166, 154, 1.0)",0.4229004099775445,3.917316263593798,1.4014735441795212,71.97236890739413,16.952673563360563,True,False,True,False,True,16.55287478820046,0.0,0.0,0.0,0.0,0,1.0051184931156267,0.970995205678115,False,False,False,False,0.3287275694234582,0.3290387892469784,False,False,False,False,25821914,10022903.300143898,False,False,False,False,1661869.9580864774,False,False,False,False
2025-09-18 00:00:00+00:00,4.51,4.52,4.485,4.5,829044,4.417423345211264,4.3014147436317804,4.101648280326394,3.984861150636307,3.801224996099612,3.8010204235532354,3.787748477390222,3.788035935603159,3.792647432106871,3.793505496319444,3.7937434099251446,3.7928195427617393,3.7846344976998734,3.765615311769807,3.80655185194097,4.006158155126305,4.011923964426946,4.12653330956221,4.308692601612294,4.481721921096639,4.526080486512133,4.9139327895681255,5.07720786637816,5.288963146281661,5.470970322021003,5.696405666537916,6.034423985207092,6.60800752100837,6.691618382706422,6.846485059815287,7.105650154375189,7.371379505818915,4.378185901165563,4.0206314245735975,3.890944043645179,3.819300696246482,3.788678301067139,3.7864891115207384,3.787906878196326,3.793773257380463,3.793703751501004,3.7909723920580887,3.7903183289974423,3.76656531809532,3.835228871960149,3.869929766069781,3.989985295914758,4.056801915562792,4.234451641654808,4.337996423773449,4.503170554643249,4.634636305941223,5.005106143951117,5.125328224831297,5.34005350120216,5.4929867313359155,5.653145724861591,5.967814491541193,6.09908419189095,6.350481670236264,6.559080567630152,6.663396802995765,6.786607763537486,6.9362235303115165,7.130390971237533,7.405967596872768,4.378185901165563,3.787748477390222,3.765615311769807,4.12653330956221,5.696405666537916,6.60800752100837,3.9211443528049954,"rgba(38, 166, 154, 1.0)",0.4176507442188505,3.9211443528049954,1.4099236152358965,71.96319589181226,17.350234556511822,True,False,True,False,True,16.55287478820046,0.0,0.0,0.0,0.0,0,1.0017178883716136,0.9570527907096597,False,False,False,False,0.3347549455851781,0.33189686741607827,False,False,False,False,25821914,10642472.347197078,False,False,False,False,1629210.1165928901,False,False,False,False
2025-09-19 00:00:00+00:00,4.5,4.51,4.49,4.51,462407,4.418157954666956,4.302885162144542,4.1035845395369215,3.9871389863830675,3.8038399067523727,3.803505815345407,3.7901461419833935,3.7902775305447447,3.794764044449987,3.7955579358185743,3.795786133656899,3.794823252149119,3.7865489617148365,3.7673848549656195,3.808196563794169,4.007247018500517,4.012998752443175,4.12733724343261,4.309090909699647,4.481757958286707,4.526030087319963,4.913198755448563,5.076200630791494,5.2876106693553355,5.469325771579589,5.694406885941764,6.03191917481599,6.6046742246852,6.688166115849796,6.842819570230073,7.101643890077788,7.367028019601713,4.379208299429722,4.022818924186698,3.8934666560581395,3.8219447643241584,3.791106013564144,3.7887721585959673,3.7901029640384536,3.795854105296852,3.7957821222137795,3.7929613801244306,3.7923048848429675,3.768437669437799,3.836784647143749,3.871378613675121,3.9911138360019573,4.057767957923229,4.23501358287259,4.338331458993899,4.503164371325275,4.634383865685929,5.004218641735138,5.124241898063409,5.338618426731341,5.491307201479467,5.6512144518926295,5.965407137724785,6.09648613432357,6.3475205931738925,6.555817883303328,6.659984392164588,6.783023723437415,6.932439330113808,7.126352493039789,7.401571085750172,4.379208299429722,3.7901461419833935,3.7673848549656195,4.12733724343261,5.694406885941764,6.6046742246852,3.923235007949539,"rgba(38, 166, 154, 1.0)",0.41362157924028053,3.923235007949539,1.3944267441506177,71.46050230727346,17.350234556511822,True,False,True,False,True,16.284553520268098,0.0,0.0,0.0,0.0,0,1.0034836529584923,0.9616798174565848,False,False,False,False,0.3327432325799808,0.33232004999802955,False,False,False,False,25359507,11219610.961032487,False,False,False,False,1583453.1316284633,False,False,False,False
2025-09-22 00:00:00+00:00,4.48,4.5,4.47,4.48,1030278,4.4194246984913175,4.3058138296020525,4.107653140752493,3.9919798424818667,3.809458514932745,3.808849391635851,3.7953066251680787,3.795105464775436,3.799324384208328,3.7999811319864247,3.800188537830926,3.799142535916261,3.790679110785754,3.7712080284016265,3.8117455852152156,4.009574428606624,4.015295147717541,4.1290365264525555,4.309895474979783,4.481764848469299,4.525847038526869,4.911507004603412,5.0739044764914585,5.284550444139121,5.465618887319038,5.689915569891854,6.02630716959975,6.597226650133502,6.680454888006613,6.834635813242496,7.092704879722374,7.357323761035569,4.381119741856451,4.027454015983457,3.898860368480634,3.8276197080710186,3.7963302152066305,3.793688811822191,3.7948338898873506,3.800337882436712,3.800260627313461,3.7972495915116746,3.7965880311839713,3.7724809636645786,3.840138525038678,3.8744979603773597,3.993528669742676,4.059824750698309,4.23617890419069,4.33899653755578,4.503078573007269,4.633755462783495,5.002187397973211,5.121770738438293,5.335375340283235,5.487522862785675,5.646872644478565,5.960010981914305,6.09066759907655,6.34089783569038,6.548526792885605,6.652361490028746,6.775020470550907,6.923992492778072,7.117342080475972,7.391767011310782,4.381119741856451,3.7953066251680787,3.7712080284016265,4.1290365264525555,5.689915569891854,6.597226650133502,3.9276795411461713,"rgba(38, 166, 154, 1.0)",0.40928115405607585,3.9276795411461713,1.3494891064008174,70.1021356707757,17.350234556511822,True,False,True,False,False,15.741810220863446,0.0,0.0,0.0,0.0,0,1.0231271459322906,0.95730373058654,False,False,False,False,0.3207267055451633,0.32652337777159646,False,False,False,False,24329229,11733713.629227292,False,False,False,False,1561759.9892116608,False,False,False,False
2025-09-23 00:00:00+00:00,4.47,4.49,4.46,4.47,1652576,4.4210545124442335,4.310064218131167,4.113831271877573,3.9993963253563454,3.8181484073424965,3.8171227816686755,3.8033075168288115,3.802600091150199,3.8064092716163116,3.8068562757391162,3.807031831870893,3.8058590355552213,3.797108437516008,3.777170959505254,3.817277363512477,4.01318265929228,4.018854414095029,4.1316525883191,4.31109708157416,4.481706109910518,4.525488384754109,4.908758324136816,5.070196598466034,5.279629491737172,5.459670927259779,5.682721480665302,6.017332122173516,6.5853332696819615,6.6681422359757425,6.821571564347763,7.078438931911204,7.3418400176971526,4.383757316903966,4.034538105283608,3.907164362047196,3.836385989765404,3.8044275696359873,3.8013191629124083,3.8021806675268324,3.8073054924802703,3.8072202072662567,3.8039191178493375,3.8032500033688925,3.7787818858837543,3.845363590639643,3.879354449050542,3.997274910558251,4.063005738413558,4.237950708869309,4.339977647965678,4.5028735727747105,4.632692057579112,4.998899981335348,5.117785061150518,5.330163997526153,5.48145187522703,5.639916085285337,5.951379019843728,6.081364244553262,6.330315923252394,6.5368822361066385,6.6401893036979605,6.762243352575705,6.910509679542292,7.102962510777313,7.376124419078762,4.383757316903966,3.8033075168288115,3.777170959505254,4.1316525883191,5.682721480665302,6.5853332696819615,3.934506068892387,"rgba(38, 166, 154, 1.0)",0.38971345444952693,3.934506068892387,1.3740709359495982,68.67089414056701,17.350234556511822,True,False,True,False,False,15.467379255830085,0.0,0.0,0.0,0.0,0,1.0305590508718314,0.9475283120618369,False,False,False,False,0.31276535593959653,0.3196443668555965,False,False,False,False,22676653,12162848.506512497,False,False,False,False,1565321.401399439,False,False,False,False
