date,Open,High,Low,Close,Volume,aVWAP_peak_858,aVWAP_peak_775,aVWAP_peak_743,aVWAP_peak_702,aVWAP_peak_684,aVWAP_peak_655,aVWAP_peak_606,aVWAP_peak_535,aVWAP_peak_504,aVWAP_peak_483,aVWAP_peak_432,aVWAP_peak_403,aVWAP_peak_402,aVWAP_peak_378,aVWAP_peak_361,aVWAP_peak_312,aVWAP_peak_276,aVWAP_peak_257,aVWAP_peak_204,aVWAP_peak_147,aVWAP_peak_115,aVWAP_peak_92,aVWAP_peak_64,aVWAP_valley_859,aVWAP_valley_825,aVWAP_valley_732,aVWAP_valley_714,aVWAP_valley_695,aVWAP_valley_666,aVWAP_valley_609,aVWAP_valley_566,aVWAP_valley_514,aVWAP_valley_497,aVWAP_valley_480,aVWAP_valley_409,aVWAP_valley_385,aVWAP_valley_341,aVWAP_valley_317,aVWAP_valley_294,aVWAP_valley_210,aVWAP_valley_174,aVWAP_valley_122,aVWAP_valley_97,aVWAP_valley_76,aVWAP_valley_59,aVWAP_valley_24,aVWAP_OB_bull_825,aVWAP_OB_bull_714,aVWAP_OB_bull_609,aVWAP_OB_bull_385,aVWAP_OB_bull_294,aVWAP_OB_bull_174,Peaks_Valleys_avg,color,StDev,StDev_Mean,StdDev_ZScore,QQEMOD,QQE1_Value,QQE1_Above_Upper,QQE1_Below_Lower,QQE2_Above_Threshold,QQE2_Below_Threshold,QQE2_Above_TL,banker_RSI,OB,OB_High,OB_Low,OB_Mitigated_Index,TTM_squeeze_Active,VI_plus,VI_minus,VI_Regular_Bullish,VI_Regular_Bearish,VI_Hidden_Bullish,VI_Hidden_Bearish,Fisher,Fisher_Signal,Fisher_Regular_Bullish,Fisher_Regular_Bearish,Fisher_Hidden_Bullish,Fisher_Hidden_Bearish,OBV,OBV_Smoothed,OBV_Regular_Bullish,OBV_Regular_Bearish,OBV_Hidden_Bullish,OBV_Hidden_Bearish,Volume_MA,Vol_Regular_Bullish,Vol_Regular_Bearish,Vol_Hidden_Bullish,Vol_Hidden_Bearish
2025-04-03 14:00:00+00:00,155.37,157.23,154.505,156.76,23347.0,,,,,,,,,,,,,,,,,,,,,,,,,,,,,,,,,,,,,,,,,,,,,,,,,,,,,,#000000,,,,,,False,False,False,False,False,,0.0,0.0,0.0,0.0,0,,,False,False,False,False,,,False,False,False,False,0.0,0.0,False,False,False,False,23347.0,False,False,False,False
2025-04-03 15:00:00+00:00,156.53,156.965,155.31,156.23,23996.0,,,,,,,,,,,,,,,,,,,,,,,,,,,,,,,,,,,,,,,,,,,,,,,,,,,,,,#000000,,,,0.0,,False,False,False,True,False,,0.0,0.0,0.0,0.0,0,,,False,False,False,False,,,False,False,False,False,-23996.0,-372.031007751938,False,False,False,False,23357.062015503878,False,False,False,False
2025-04-03 16:00:00+00:00,156.23,156.34,155.07,155.19,10333.0,,,,,,,,,,,,,,,,,,,,,,,,,,,,,,,,,,,,,,,,,,,,,,,,,,,,,,#000000,,,,0.0,-50.0,False,False,False,True,True,,0.0,0.0,0.0,0.0,0,,,False,False,False,False,,,False,False,False,False,-34329.0,-898.4956432906675,False,False,False,False,23155.13857340304,False,False,False,False
2025-04-03 17:00:00+00:00,155.19,155.325,154.33,154.33,7087.0,,,,,,,,,,,,,,,,,,,,,,,,,,,,,,,,,,,,,,,,,,,,,,,,,,,,,,#000000,,,,0.0,-50.0,False,False,False,True,True,,0.0,0.0,0.0,0.0,0,,,False,False,False,False,,,False,False,False,False,-41416.0,-1526.674005410192,False,False,False,False,22906.02014590842,False,False,False,False
2025-04-03 18:00:00+00:00,154.375,154.59,152.94,153.845,17326.0,,,,,,,,,,,,,,,,,,,,,,,,,,,,,,,,,,,,,,,,,,,,,,,,,,,,,,#000000,,,,0.0,-50.0,False,False,False,True,True,,0.0,0.0,0.0,0.0,0,,,False,False,False,False,,,False,False,False,False,-58742.0,-2413.7333231557704,False,False,False,False,22819.508205661776,False,False,False,False
2025-04-03 19:00:00+00:00,153.8,153.81,151.9,152.28,42680.0,,,,,,,,,,,,,,,,,,,,,,,,,,,,,,,,,,,,,,,,,,,,,,,,,,,,,,#000000,,,,0.0,-50.0,False,False,False,True,True,,0.0,0.0,0.0,0.0,0,,,False,False,False,False,,,False,False,False,False,-101422.0,-3948.7452096184716,False,False,False,False,23127.42280712438,False,False,False,False
2025-04-04 14:00:00+00:00,151.54,151.54,147.795,149.67,25024.0,,,,,,,,,,,,,,,,,,,,,,,,,,,,,,,,,,,,,,,,,,,,,,,,,,,,,,#000000,,,,0.0,-50.0,False,False,False,True,True,,0.0,0.0,0.0,0.0,0,,,False,False,False,False,,,False,False,False,False,-126446.0,-5847.927454430588,False,False,False,False,23156.827104688342,False,False,False,False
2025-04-04 15:00:00+00:00,149.67,150.125,146.43,147.91,13094.0,,,,,,,,,,,,,,,,,,,,,,,,,,,,,,,,,,,,,,,,,,,,,,,,,,,,,,#000000,,,,0.0,-50.0,False,False,False,True,True,,0.0,0.0,0.0,0.0,0,,,False,False,False,False,,,False,False,False,False,-139540.0,-7920.67276521461,False,False,False,False,23000.81428135984,False,False,False,False
2025-04-04 16:00:00+00:00,147.91,148.3,146.43,146.55,11622.0,,,,,,,,,,,,,,,,,,,,,,,,,,,,,,,,,,,,,,,,,,,,,,,,,,,,,,#000000,,,,0.0,-50.0,False,False,False,True,True,,0.0,0.0,0.0,0.0,0,,,False,False,False,False,,,False,False,False,False,-151162.0,-10141.468536296554,False,False,False,False,22824.39855606744,False,False,False,False
2025-04-04 17:00:00+00:00,146.59,147.475,145.525,147.18,11511.0,,,,,,,,,,,,,,,,,,,,,,,,,,,,,,,,,,,,,,,,,,,,,,,,,,,,,,#000000,,,,2.8395520546392277,-47.4444031508247,False,False,False,True,True,,0.0,0.0,0.0,0.0,0,,,False,False,False,False,,,False,False,False,False,-139651.0,-12149.368248912111,False,False,False,False,22648.997028066395,False,False,False,False
2025-04-04 18:00:00+00:00,147.29,147.51,143.67,143.96,23777.0,,,,,,,,,,,,,,,,,,,,,,,,,,,,,,,,,,,,,,,,,,,,,,,,,,,,,,#000000,,,,3.7990010966480083,-46.75127213629515,False,False,False,True,True,,0.0,0.0,0.0,0.0,0,,,False,False,False,False,,,False,False,False,False,-163428.0,-14494.77339233983,False,False,False,False,22666.485446235907,False,False,False,False
2025-04-04 19:00:00+00:00,144.0,145.27,143.005,143.25,33171.0,,,,,,,,,,,,,,,,,,,,,,,,,,,,,,,,,,,,,,,,,,,,,,,,,,,,,,#000000,,,,4.294911111092036,-46.4533857315645,False,False,False,True,True,,0.0,0.0,0.0,0.0,0,,,False,False,False,False,,,False,False,False,False,-196599.0,-17318.09473509425,False,False,False,False,22829.34613699194,False,False,False,False
2025-04-07 14:00:00+00:00,139.22,144.93,138.315,141.29,14420.0,,,,,,,,,,,,,,,,,,,,,,,,,,,,,,,,,,,,,,,,,,,,,,,,,,,,,,#000000,,,,4.291133559349818,-46.4533857315645,False,False,False,True,True,,0.0,0.0,0.0,0.0,0,,,False,False,False,False,,,False,False,False,False,-211019.0,-20321.209545402868,False,False,False,False,22698.96867750369,False,False,False,False
2025-04-07 15:00:00+00:00,141.125,142.45,138.575,140.42,9806.0,,,,,,,,,,,,,,,,,,,,,,,,,,,,,,,,,,,,,,,,,,,,,,,,,,,,,,#000000,,,,4.165030515088818,-46.4533857315645,False,False,False,True,True,,0.0,0.0,0.0,0.0,0,,,False,False,False,False,,,False,False,False,False,-220825.0,-23429.795443923755,False,False,False,False,22499.07769025557,False,False,False,False
2025-04-07 16:00:00+00:00,140.42,141.11,139.18,139.615,12827.0,,,,,,,,,,,,,,,,,,,,,,,,,,,,,,,,,,,,,,,,,,,,,,,,,,,,,,#000000,,,,3.9731633894875493,-46.4533857315645,False,False,False,True,False,,0.0,0.0,0.0,0.0,0,,,False,False,False,False,,,False,False,False,False,-233652.0,-26689.054429289277,False,False,False,False,22349.12299738339,False,False,False,False
2025-04-07 17:00:00+00:00,139.75,141.87,139.165,141.33,10308.0,,,,,,,,,,,,,,,,,,,,,,,,,,,,,,,,,,,,,,,,,,,,,,,,,,,,,,#000000,,,,9.158716616389352,-42.22678067536929,False,False,False,True,True,,0.0,0.0,0.0,0.0,0,,,False,False,False,False,,,False,False,False,False,-223344.0,-29737.968314106496,False,False,False,False,22162.438919904576,False,False,False,False
2025-04-07 18:00:00+00:00,141.3,141.805,139.37,139.99,11806.0,,,,,,,,,,,,,,,,,,,,,,,,,,,,,,,,,,,,,,,,,,,,,,,,,,,,,,#000000,,,,11.789690477712211,-40.11649078342818,False,False,False,True,True,,0.0,0.0,0.0,0.0,0,,,False,False,False,False,,,False,False,False,False,-235150.0,-32922.65097590329,False,False,False,False,22001.873975409933,False,False,False,False
2025-04-07 19:00:00+00:00,140.48,140.48,138.02,138.77,84522.0,,,,,,,,,,,,,,,,,,,,,,,,,,,,,,,,,,,,,,,,,,,,,,,,,,,,,,#000000,,,,12.889909193681735,-39.38328442901432,False,False,False,True,True,,0.0,0.0,0.0,0.0,0,,,False,False,False,False,,,False,False,False,False,-319672.0,-37368.37731736215,False,False,False,False,22971.178254860944,False,False,False,False
2025-04-08 14:00:00+00:00,141.27,141.57,140.41,141.23,20502.0,,,,,,,,,,,,,,,,,,,,,,,,,,,,,,,,,,,,,,,,,,,,,,,,,,,,,,#000000,,,,19.480086740514714,-33.59608480335241,False,False,False,True,True,,0.0,0.0,0.0,0.0,0,,,False,False,False,False,,,False,False,False,False,-299170.0,-41427.317203914674,False,False,False,False,22932.896421452246,False,False,False,False
2025-04-08 15:00:00+00:00,141.19,141.6,139.795,140.96,21455.0,,,,,,,,,,,,,,,,,,,,,,,,,,,,,,,,,,,,,,,,,,,,,,,,,,,,,,#000000,,,,23.60230576418023,-30.276946689848256,False,False,False,True,True,,0.0,0.0,0.0,0.0,0,,,False,False,False,False,,,False,False,False,False,-320625.0,-45755.963448815215,False,False,False,False,22909.983298639032,False,False,False,False
2025-04-08 16:00:00+00:00,140.9,141.2,139.01,139.01,12154.0,,,,,,,,,,,,,,,,,,,,,,,,,,,,,,,,,,,,,,,,,,,,,,,,,,,,,,#000000,,,,24.563345894271116,-29.770812257108588,False,False,False,True,True,,0.0,0.0,0.0,0.0,0,,,False,False,False,False,,,False,False,False,False,-332779.0,-50205.93300774832,False,False,False,False,22743.22386765238,False,False,False,False
2025-04-08 17:00:00+00:00,138.96,139.44,137.715,139.44,16985.0,,,,,,,,,,,,,,,,,,,,,,,,,,,,,,,,,,,,,,,,,,,,,,,,,,,,,,#000000,,,,26.186411562981895,-28.427826475518476,False,False,False,True,True,,0.0,0.0,0.0,0.0,0,,,False,False,False,False,,,False,False,False,False,-315794.0,-54323.57745724059,False,False,False,False,22653.949079006605,False,False,False,False
2025-04-08 18:00:00+00:00,139.38,139.38,138.01,138.37,14531.0,,,,,,,,,,,,,,,,,,,,,,,,,,,,,,,,,,,,,,,,,,,,,,,,,,,,,,#000000,,,,26.27852324828066,-28.3396075649668,False,False,False,True,True,,0.0,0.0,0.0,0.0,0,,,False,False,False,False,,,False,False,False,False,-330325.0,-58602.669279608956,False,False,False,False,22528.011883983247,False,False,False,False
2025-04-08 19:00:00+00:00,138.33,138.58,135.31,136.59,36959.0,,,,,,,,,,,,,,,,,,,,,,,,,,,,,,,,,,,,,,,,,,,,,,,,,,,,,,#000000,,,,24.938799569805447,-28.3396075649668,False,False,False,True,True,,0.0,0.0,0.0,0.0,0,,,False,False,False,False,,,False,False,False,False,-367284.0,-63388.42634504138,False,False,False,False,22751.748133843972,False,False,False,False
2025-04-09 14:00:00+00:00,134.54,135.36,132.71,132.76,13774.0,,,,,,,,,,,,,,,,,,,,,,,,,,,,,,,,,,,,,,,,,,,,,,133.61,,,,,,,133.61,#000000,,133.61,,21.985045323867332,-28.3396075649668,False,False,False,True,False,,0.0,0.0,0.0,0.0,0,,,False,False,False,False,,,False,False,False,False,-381058.0,-68313.5360141105,False,False,False,False,22612.558240296003,False,False,False,False
2025-04-09 15:00:00+00:00,132.9,134.65,132.87,134.01,10694.0,,,,,,,,,,,,,,,,,,,,,,,,,,,,,,,,,,,,,,,,,,,,,,133.71198081848402,,,,,,,133.71198081848402,#000000,,133.71198081848402,,22.604416200859312,-28.3396075649668,False,False,False,True,False,,0.0,0.0,0.0,0.0,0,,,False,False,False,False,,,False,False,False,False,-370364.0,-72996.4889441243,False,False,False,False,22427.774391609244,False,False,False,False
2025-04-09 16:00:00+00:00,133.9,135.39,133.61,135.04,9160.0,,,,,,,,,,,,,,,,,,,,,,,,,,,,,,,,,,,,,,,,,,,,,,133.9756615518814,,,,,,,133.9756615518814,#000000,,133.9756615518814,,25.02283721420975,-28.3396075649668,False,False,False,True,True,,0.0,0.0,0.0,0.0,0,,,False,False,False,False,,,False,False,False,False,-361204.0,-77464.82244886656,False,False,False,False,22222.072463057164,False,False,False,False
2025-04-09 17:00:00+00:00,135.125,141.42,134.31,141.185,11956.0,,,,,,,,,,,,,,,,,,,,,,,,,,,,,,,,,,,,,,,,,,,,,,135.28603881478884,,,,,,,135.28603881478884,#000000,,135.28603881478884,,34.73652081548078,-20.651658941571064,False,False,False,True,True,,0.0,0.0,0.0,0.0,0,,,False,False,False,False,,,False,False,False,False,-349248.0,-81678.51512407794,False,False,False,False,22062.90854890124,False,False,False,False
2025-04-09 18:00:00+00:00,141.51,141.73,138.42,138.96,10986.0,,,,,,,,,,,,,,,,,,,,,,,,,,,,,,,,,,,,,,,,,,,,,,136.143885687349,,,,,,,136.143885687349,#000000,,136.143885687349,,38.97914373755241,-17.12707305238046,False,False,False,True,True,,0.0,0.0,0.0,0.0,0,,,False,False,False,False,,,False,False,False,False,-360234.0,-85997.20481207673,False,False,False,False,21891.173532639204,False,False,False,False
2025-04-09 19:00:00+00:00,138.68,142.1,138.68,141.55,30132.0,,,,,,,,,,,,,,,,,,,,,,,,,,,,,,,,,,,,,,,,,,,,,,137.75394031664013,,,,,,,137.75394031664013,#000000,,137.75394031664013,,44.24868129509716,-12.59978428003673,False,False,False,True,True,,0.0,0.0,0.0,0.0,0,,,False,False,False,False,,,False,False,False,False,-330102.0,-89781.77528010654,False,False,False,False,22018.938284071155,False,False,False,False
2025-04-10 14:00:00+00:00,142.965,143.12,141.35,141.37,7600.0,,,,,,,,,,,,,,,,,,,,,,,,,,,,,,,,,,,,,,,,,,,,,,138.09184110623315,,,,,,,138.09184110623315,#000000,,138.09184110623315,,47.56481037078805,-9.816368711438216,False,False,False,False,True,,0.0,0.0,0.0,0.0,0,,,False,False,False,False,,,False,False,False,False,-337702.0,-93625.49969436845,False,False,False,False,21795.38885331036,False,False,False,False
2025-04-10 15:00:00+00:00,141.53,141.77,139.7,140.06,10644.0,,,,,,,,,,,,,,,,,,,,,,,,,,,,,,,,,,,,,,,,,,,,,,138.337099460675,,,,,,,138.337099460675,#000000,,138.337099460675,,48.31020854831087,-9.19119983291776,False,False,False,False,True,,0.0,0.0,0.0,0.0,0,,,False,False,False,False,,,False,False,False,False,-348346.0,-97574.65473786661,False,False,False,False,21622.499103646634,False,False,False,False
2025-04-10 16:00:00+00:00,139.99,140.46,138.08,140.045,6153.0,,,,,,,,,,,,,,,,,,,,,,,,,,,,,,,,,,,,,,,,,,,,,,138.40307361002348,,,,,,,138.40307361002348,#000000,,138.40307361002348,,48.78981364305927,-8.536445663756567,False,False,False,False,True,,0.0,0.0,0.0,0.0,0,,,False,False,False,False,,,False,False,False,False,-354499.0,-101557.97792022527,False,False,False,False,21382.66190824126,False,False,False,False
2025-04-10 17:00:00+00:00,140.28,142.21,139.07,141.6,8930.0,,,,,,,,,,,,,,,,,,,,,,,,,,,,,,,,,,,,,,,,,,,,,,138.59330557615243,,,,,,,138.59330557615243,#000000,,138.59330557615243,,50.927297891183954,-6.207564060547526,False,False,False,False,True,,0.0,0.0,0.0,0.0,0,,,False,False,False,False,,,False,False,False,False,-345569.0,-105341.09454161713,False,False,False,False,21189.597382532094,False,False,False,False
2025-04-10 18:00:00+00:00,141.64,143.35,140.93,142.4,14260.0,,,,,,,,,,,,,,,,,,,,,,,,,,,,,,,,,,,,,,,,,,,,,,138.97912816140314,,,,,,,138.97912816140314,#000000,,138.97912816140314,,53.23476147525387,-3.722958049561356,False,False,True,False,True,,0.0,0.0,0.0,0.0,0,,,False,False,False,False,,,False,False,False,False,-331309.0,-108844.47292081686,False,False,False,False,21082.161764198263,False,False,False,False
2025-04-10 19:00:00+00:00,142.05,142.81,140.475,141.715,19762.0,,,,,,,,,,,,,,,,,,,,,,,,,,,,,,,,,,,,,,,,,,,,,,139.3238914926442,,,,,,,139.3238914926442,#000000,,139.3238914926442,,53.734454668053836,-2.8815542418223714,False,False,True,False,True,,0.0,0.0,0.0,0.0,0,,,False,False,False,False,,,False,False,False,False,-351071.0,-112599.92295305226,False,False,False,False,21061.694139947125,False,False,False,False
2025-04-11 14:00:00+00:00,141.3,141.85,140.135,140.485,9197.0,,,,,,,,,,,,,,,,,,,,,,,,,,,,,,,,,,,,,,,,,,,,,,139.4083664424679,,,,,,,139.4083664424679,#000000,,139.4083664424679,,52.27729757781465,-2.8815542418223714,False,False,True,False,True,,0.0,0.0,0.0,0.0,0,,,False,False,False,False,,,False,False,False,False,-360268.0,-116439.73810106695,False,False,False,False,20877.745393591355,False,False,False,False
2025-04-11 15:00:00+00:00,140.41,141.51,139.795,141.05,12329.0,,,,,,,,,,,,,,,,,,,,,,,,,,,,,,,,,,,,,,,,,,,,,,139.50503351805762,,,,,,,139.50503351805762,#000000,,139.50503351805762,,52.120466351093434,-2.8815542418223714,False,False,True,False,True,,0.0,0.0,0.0,0.0,0,,,False,False,False,False,,,False,False,False,False,-347939.0,-120028.87394446126,False,False,False,False,20745.206705318622,False,False,False,False
2025-04-11 16:00:00+00:00,141.07,142.07,140.83,142.05,8092.0,,,,,,,,,,,,,,,,,,,,,,,,,,,,,,,,,,,,,,,,,,,,,,139.59953541425062,,,,,,,139.59953541425062,#000000,,139.59953541425062,,53.424296428623585,-2.010894232064274,False,False,True,False,True,,0.0,0.0,0.0,0.0,0,,,False,False,False,False,,,False,False,False,False,-339847.0,-123436.90690656262,False,False,False,False,20549.03295794934,False,False,False,False
2025-04-11 17:00:00+00:00,142.04,142.9,141.63,142.62,6436.0,,,,,,,,,,,,,,,,,,,,,,,,,,,,,,,,,,,,,,,,,,,,,,139.69378082287858,,,,,,,139.69378082287858,#000000,,139.69378082287858,,55.07360864605234,-0.05843686756747957,False,False,True,False,True,,0.0,0.0,0.0,0.0,0,,,False,False,False,False,,,False,False,False,False,-333411.0,-126692.31920258491,False,False,False,False,20330.226245422997,False,False,False,False
2025-04-11 18:00:00+00:00,142.515,142.61,141.82,142.27,8812.0,,,,,,,,,,,,,,,,,,,,,,,,,,,,,,,,,,,,,,,,,,,,,,139.80628270417645,,,,,,,139.80628270417645,#000000,,139.80628270417645,,55.48310259059316,0.7094023971875885,False,False,True,False,True,,0.0,0.0,0.0,0.0,1,,,False,False,False,False,,,False,False,False,False,-342223.0,-130033.88014518049,False,False,False,False,20151.649094331166,False,False,False,False
2025-04-11 19:00:00+00:00,142.25,143.04,142.25,142.595,30238.0,,,,,,,,,,,,,,,,,,,,,,,,,,,,,,,,,,,,,,,,,,,,,,140.17866457201458,,,,,,,140.17866457201458,#000000,,140.17866457201458,,56.276456808151195,1.8437102056631716,True,False,True,False,True,,0.0,0.0,0.0,0.0,1,,,False,False,False,False,,,False,False,False,False,-311985.0,-132854.82773982885,False,False,False,False,20308.026627752388,False,False,False,False
2025-04-14 14:00:00+00:00,144.66,145.26,144.05,144.835,14027.0,,,,,,,,,,,,,,,,,,,,,,,,,,,,,,,,,,,,,,,,,,,,,,140.44032529134557,,,,,,,140.44032529134557,#000000,,140.44032529134557,,59.85206093880434,5.4572740855377475,True,False,True,False,True,,0.0,0.0,0.0,0.0,1,,,False,False,False,False,,,False,False,False,False,-297958.0,-135414.56684463768,False,False,False,False,20210.646369957776,False,False,False,False
2025-04-14 15:00:00+00:00,144.835,145.13,144.16,144.16,15369.0,,,,,,,,,,,,,,,,,,,,,,,,,,,,,,,,,,,,,,,,,,,,,,140.68065308198385,,,,,,,140.68065308198385,#000000,,140.68065308198385,,60.70592254597812,6.42583524562653,True,False,True,False,True,,0.0,0.0,0.0,0.0,0,,,False,False,False,False,,,False,False,False,False,-313327.0,-138172.89914162003,False,False,False,False,20135.58208515223,False,False,False,False
2025-04-14 16:00:00+00:00,144.11,145.025,143.845,144.43,5802.0,,,,,,,,,,,,,,,,,,,,,,,,,,,,,,,,,,,,,,,,,,,,,,140.7630166292798,,,,,,,140.7630166292798,#000000,,140.7630166292798,,61.64980682663635,7.519942304098606,True,False,True,False,True,,0.0,0.0,0.0,0.0,0,,,False,False,False,False,,,False,False,False,False,-307525.0,-140798.5131084166,False,False,False,False,19913.356006312657,False,False,False,False
2025-04-14 17:00:00+00:00,144.42,145.145,144.42,145.1,8332.0,,,,,,,,,,,,,,,,,,,,,,,,,,,,,,,,,,,,,,,,,,,,,,140.88906734266035,,,,,,,140.88906734266035,#000000,,140.88906734266035,,63.21549585471794,9.190399588074406,True,False,True,False,True,,0.0,0.0,0.0,0.0,0,,,False,False,False,False,,,False,False,False,False,-299193.0,-143254.24158735588,False,False,False,False,19733.800099238044,False,False,False,False
2025-04-14 18:00:00+00:00,145.095,145.6,144.82,145.57,9075.0,,,,,,,,,,,,,,,,,,,,,,,,,,,,,,,,,,,,,,,,,,,,,,141.0321020667708,,,,,,,141.0321020667708,#000000,,141.0321020667708,,64.90226811302095,10.936550154985149,True,False,True,False,True,,0.0,0.0,0.0,0.0,0,,,False,False,False,False,,,False,False,False,False,-290118.0,-145531.19908212556,False,False,False,False,19568.547384521175,False,False,False,False
2025-04-14 19:00:00+00:00,145.575,146.48,145.41,145.55,23148.0,,,,,,,,,,,,,,,,,,,,,,,,,,,,,,,,,,,,,,,,,,,,,,141.3950834951308,,,,,,,141.3950834951308,#000000,,141.3950834951308,,65.96450515413608,12.089194327819143,True,False,True,False,True,,0.0,0.0,0.0,0.0,0,,,False,False,False,False,,,False,False,False,False,-313266.0,-148131.7386312399,False,False,False,False,19624.042773908444,False,False,False,False
2025-04-15 14:00:00+00:00,145.855,147.43,145.82,147.095,8657.0,,,,,,,,,,,,,,,,,,,,,,,,,,,,,,,,,,,,,,,,,,,,,,141.54379795789285,,,,,,,141.54379795789285,#000000,,141.54379795789285,,68.71629404045572,14.77867732285958,True,False,True,False,True,,0.0,0.0,0.0,0.0,0,,,False,False,False,False,,,False,False,False,False,-304609.0,-150557.7426834687,False,False,False,False,19454.011102995133,False,False,False,False
2025-04-15 15:00:00+00:00,147.06,147.91,146.95,147.17,12662.0,,,,,,,,,,,,,,,,,,,,,,,,,,,,,,,,,,,,,,,,,,,,,,141.76889801682063,,,,,,,141.76889801682063,#000000,,144.55611567507697,,70.64004755121067,16.627684380824178,True,False,True,False,True,0.0,0.0,0.0,0.0,0.0,0,,,False,False,False,False,,,False,False,False,False,-291947.0,-152749.82419225216,False,False,False,False,19348.708605274278,False,False,False,False
2025-04-15 16:00:00+00:00,147.26,147.48,146.74,146.85,10679.0,,,,,,,,,,,,,,,,,,,,,,,,,,,,,,,,,,,,,,,,,,,,,,141.93544926478012,,,,,,,141.93544926478012,#000000,,144.5661879230231,,70.74381542797614,16.833732266942746,True,False,True,False,True,0.0,0.0,0.0,0.0,0.0,0,,,False,False,False,False,,,False,False,False,False,-302626.0,-155073.48583268235,False,False,False,False,19214.2945183708,False,False,False,False
2025-04-15 17:00:00+00:00,146.85,147.16,146.64,146.8,3891.0,,,,,,,,,,,,,,,,,,,,,,,,,,,,,,,,,,,,,,,,,,,,,,141.99175071963666,,,,,,,141.99175071963666,#000000,,144.57074432525116,,70.61726448979289,16.91638876736849,True,False,True,False,True,0.0,0.0,0.0,0.0,0.0,0,,,False,False,False,False,,,False,False,False,False,-306517.0,-157421.44729264075,False,False,False,False,18976.724060721637,False,False,False,False
2025-04-15 18:00:00+00:00,146.8,147.1,146.61,146.825,7721.0,,,,,,,,,,,,,,,,,,,,,,,,,,,,,,,,,,,,,,,,,,,,,,142.09926866044225,,,,,,,142.09926866044225,#000000,,144.5908455042739,,70.57867114387645,17.155863876467123,True,False,True,False,True,0.0,0.0,0.0,0.0,0.0,0,,,False,False,False,False,,,False,False,False,False,-298796.0,-159613.3008229874,False,False,False,False,18802.216710943005,False,False,False,False
2025-04-15 19:00:00+00:00,146.825,147.27,146.44,146.475,29585.0,,,,,,,,,,,,,,,,,,,,,,,,,,,,,,,,,,,,,,,,,,,,,,142.46147387528447,,,,,,,142.46147387528447,#000000,,144.6907887675719,,68.95453144686402,17.155863876467123,True,False,True,False,False,0.0,0.0,0.0,0.0,0.0,0,,,False,False,False,False,,,False,False,False,False,-328381.0,-162229.8542986,False,False,False,False,18969.39164565707,False,False,False,False
2025-04-16 14:00:00+00:00,147.31,147.6,146.64,147.05,3242.0,,,,,,,,,,,,,,,,,,,,,,,,,,,,,,,,,,,,,,,,,,,,,,142.50087991189085,,,,,,,142.50087991189085,#000000,,144.714714397767,,69.14830326582238,17.155863876467123,True,False,True,False,False,0.0,0.0,0.0,0.0,0.0,0,,,False,False,False,False,,,False,False,False,False,-325139.0,-164755.57748776898,False,False,False,False,18725.55611626704,False,False,False,False
2025-04-16 15:00:00+00:00,147.21,147.87,147.12,147.31,5937.0,,,,,,,,,,,,,,,,,,,,,,,,,,,,,,,,,,,,,,,,,,,,,,142.57649400178684,,,,,,,142.57649400178684,#000000,,144.77284854011322,,69.82332829869262,17.155863876467123,True,False,True,False,False,0.0,0.0,0.0,0.0,0.0,0,,,False,False,False,False,,,False,False,False,False,-319202.0,-167150.09566625318,False,False,False,False,18527.28392841794,False,False,False,False
2025-04-16 16:00:00+00:00,147.31,147.31,146.73,146.92,3569.0,,,,,,,,,,,,,,,,,,,,,,,,,,,,,,,,,,,,,,,,,,,,,,142.61676486265443,,,,,,,142.61676486265443,#000000,,144.79338719717526,,68.30032148877731,17.155863876467123,True,False,True,False,False,0.0,0.0,0.0,0.0,0.0,0,,,False,False,False,False,,,False,False,False,False,-322771.0,-169562.82286522601,False,False,False,False,18295.372549682776,False,False,False,False
2025-04-16 17:00:00+00:00,146.89,147.245,145.26,145.43,4046.0,,,,,,,,,,,,,,,,,,,,,,,,,,,,,,,,,,,,,,,,,,,,,,142.65120651714247,,,,,,,142.65120651714247,#000000,,144.7859417067425,,61.55734547985212,14.855938340524986,True,False,True,False,False,0.0,0.0,0.0,0.0,0.0,0,,,False,False,False,False,,,False,False,False,False,-326817.0,-172000.8721231295,False,False,False,False,18074.45204503653,False,False,False,False
2025-04-16 18:00:00+00:00,145.43,146.2,145.41,145.92,3105.0,,,,,,,,,,,,,,,,,,,,,,,,,,,,,,,,,,,,,,,,,,,,,,142.67610979341816,,,,,,,142.67610979341816,#000000,,144.7785847789487,,58.598633531444754,12.387146012355949,True,False,True,False,False,0.0,0.0,0.0,0.0,0.0,0,,,False,False,False,False,,,False,False,False,False,-323712.0,-174352.9826328484,False,False,False,False,17842.36751720651,False,False,False,False
2025-04-16 19:00:00+00:00,145.92,145.99,145.01,145.68,13597.0,,,,,,,,,,,,,,,,,,,,,,,,,,,,,,,,,,,,,,,,,,,,,145.56,142.77137789450416,,,,,,,144.16568894725208,#000000,,145.0097369750738,,55.8072441548232,10.03690363111263,True,False,True,False,False,0.0,0.0,0.0,0.0,0.0,0,,,False,False,False,False,,,False,False,False,False,-337309.0,-176879.43251450965,False,False,False,False,17776.547865776953,False,False,False,False
2025-04-17 14:00:00+00:00,148.01,148.15,146.26,146.975,5035.0,,,,,,,,,,,,,,,,,,,,,,,,,,,,,,,,,,,,,,,,,,,,,145.98381699942752,142.82403147206745,,,,,,,144.40392423574747,#000000,,145.1755705911418,,57.60693968872587,10.03690363111263,True,False,True,False,True,0.0,0.0,0.0,0.0,0.0,0,,,False,False,False,False,,,False,False,False,False,-332274.0,-179288.65061505986,False,False,False,False,17579.00448801297,False,False,False,False
2025-04-17 15:00:00+00:00,147.12,147.71,147.03,147.565,3229.0,,,,,,,,,,,,,,,,,,,,,,,,,,,,,,,,,,,,,,,,,,,,,146.19816537822302,142.85949260433367,,,,,,,144.52882899127835,#000000,,145.26609175743815,,60.12047011452276,5.339656372496009,True,False,True,False,True,0.0,0.0,0.0,0.0,0.0,0,,,False,False,False,False,,,False,False,False,False,-329045.0,-181610.45448149304,False,False,False,False,17356.52379827634,False,False,False,False
2025-04-17 16:00:00+00:00,147.58,148.24,147.5,148.1,2747.0,,,,,,,,,,,,,,,,,,,,,,,,,,,,,,,,,,,,,,,,,,,,,146.39335121369746,142.89255965705183,,,,,,,144.64295543537463,#000000,,145.3523034248884,,62.88711324824135,7.8557240533356065,True,False,True,False,True,0.840014534592008,0.0,0.0,0.0,0.0,0,,,False,False,False,False,,,False,False,False,False,-326298.0,-183853.67224146987,False,False,False,False,17130.01955334182,False,False,False,False
2025-04-17 17:00:00+00:00,148.1,148.28,147.35,147.88,6761.0,,,,,,,,,,,,,,,,,,,,,,,,,,,,,,,,,,,,,,,,,,,,,146.7044308074851,142.97041099655078,,,,,,,144.83742090201793,#000000,,145.50268570796996,,63.782004340764836,8.702013314560418,True,False,True,False,True,0.3551583004682506,0.0,0.0,0.0,0.0,0,,,False,False,False,False,,,False,False,False,False,-333059.0,-186166.93313695095,False,False,False,False,16969.25956026675,False,False,False,False
2025-04-17 18:00:00+00:00,147.95,148.36,147.38,147.38,4587.0,,,,,,,,,,,,,,,,,,,,,,,147.70666666666665,,,,,,,,,,,,,,,,,,,,,,146.83228863054845,143.02047391683067,,,,,,,145.8531430713486,#000000,,146.1064808059853,,62.275733055929024,8.702013314560418,True,False,True,False,True,0.0,0.0,0.0,0.0,0.0,0,,,False,False,False,False,,,False,False,False,False,-337646.0,-188515.44580149432,False,False,False,False,16777.286543828504,False,False,False,False
2025-04-17 19:00:00+00:00,147.41,147.815,146.995,147.18,12474.0,,,,,,,,,,,,,,,,,,,,,,,147.43127014829142,,,,,,,,,,,,,,,,,,,,,,146.96048296510426,143.14088873557452,,,,,,,145.84421394965673,#000000,,146.11066283930634,,60.451794962299346,8.702013314560418,True,False,True,False,False,0.0,0.0,0.0,0.0,0.0,0,,,False,False,False,False,,,False,False,False,False,-350120.0,-191020.94276581224,False,False,False,False,16710.568922993953,False,False,False,False
2025-04-18 14:00:00+00:00,147.18,147.18,147.18,147.18,0.0,,,,,,,,,,,,,,,,,,,,,,,147.43127014829142,,,,,,,,,,,,,,,,,,,,,,146.96048296510426,143.14088873557452,,,,,,,145.84421394965673,#000000,,146.11066283930634,,59.23583623321289,8.702013314560418,True,False,True,False,False,0.0,0.0,0.0,0.0,0.0,0,,,False,False,False,False,,,False,False,False,False,-350120.0,-193487.59481595468,False,False,False,False,16451.49033504056,False,False,False,False
2025-04-18 15:00:00+00:00,147.18,147.18,147.18,147.18,0.0,,,,,,,,,,,,,,,,,,,,,,,147.43127014829142,,,,,,,,,,,,,,,,,,,,,,146.96048296510426,143.14088873557452,,,,,,,145.84421394965673,#000000,,146.11066283930634,,58.42519708048859,13.168574041645911,False,False,True,False,False,0.0,0.0,0.0,0.0,0.0,0,,,False,False,False,False,,,False,False,False,False,-350120.0,-195916.00419865307,False,False,False,False,16196.428469381015,False,False,False,False
2025-04-18 16:00:00+00:00,147.18,147.18,147.18,147.18,0.0,,,,,,,,,,,,,,,,,,,,,,,147.43127014829142,,,,,,,,,,,,,,,,,,,,,,146.96048296510426,143.14088873557452,,,,,,,145.84421394965673,#000000,,146.11066283930634,,57.884770978672385,12.37693312123735,False,False,True,False,False,0.0,0.0,0.0,0.0,0.0,0,,,False,False,False,False,,,False,False,False,False,-350120.0,-198306.76382348014,False,False,False,False,15945.321051251076,False,False,False,False
2025-04-18 17:00:00+00:00,147.18,147.18,147.18,147.18,0.0,,,,,,,,,,,,,,,,,,,,,,,147.43127014829142,,,,,,,,,,,,,,,,,,,,,,146.96048296510426,143.14088873557452,,,,,,,145.84421394965673,#000000,,146.11066283930634,,57.52448691079492,11.71221349054592,False,False,True,False,False,0.0,0.0,0.0,0.0,0.0,0,,,False,False,False,False,,,False,False,False,False,-350120.0,-200660.45740761224,False,False,False,False,15698.106771386718,False,False,False,False
2025-04-18 18:00:00+00:00,147.18,147.18,147.18,147.18,0.0,,,,,,,,,,,,,,,,,,,,,,,147.43127014829142,,,,,,,,,,,,,,,,,,,,,,146.96048296510426,143.14088873557452,,,,,,,145.84421394965673,#000000,,146.11066283930634,,57.28429753220993,11.133695226428458,False,False,True,False,False,0.0,0.0,0.0,0.0,0.0,0,,,False,False,False,False,,,False,False,False,False,-350120.0,-202977.65961834692,False,False,False,False,15454.72527105514,False,False,False,False
2025-04-18 19:00:00+00:00,147.18,147.18,147.18,147.18,0.0,,,,,,,,,,,,,,,,,,,,,,,147.43127014829142,,,,,,,,,,,,,,,,,,,,,,146.96048296510426,143.14088873557452,,,,,,,145.84421394965673,#000000,,146.11066283930634,,57.12417127981995,10.619075204767945,False,False,True,False,False,0.0,0.0,0.0,0.0,0.0,0,,,False,False,False,False,,,False,False,False,False,-350120.0,-205258.9362134113,False,False,False,False,15215.117127317852,False,False,False,False
2025-04-21 14:00:00+00:00,146.745,146.8,145.85,145.9,10316.0,,,,,,,,,,,,,,,,,,,,,,,146.96103176632454,,,,,,,,,,,,,,,,,,,,,,146.82401281221985,143.20960465435354,,,,,,,145.66488307763265,#000000,,145.96307585592217,,49.87480286782886,3.7279714646449094,False,True,False,False,False,0.0,0.0,0.0,0.0,0.0,0,,,False,False,False,False,,,False,False,False,False,-360436.0,-207664.78216359098,False,False,False,False,15139.16182301835,False,False,False,False
2025-04-21 15:00:00+00:00,145.895,146.0,144.275,144.275,4382.0,,,,,,,,,,,,,,,,,,,,,,,146.66975870356958,,,,,,,,,,,,,,,,,,,,,,146.6869876547121,143.22519291016997,,,,,,,145.5273130894839,#000000,,145.84499384703196,,40.91319046284554,-4.262317053717169,False,True,False,True,False,0.0,0.0,0.0,0.0,0.0,0,,,False,False,False,False,,,False,False,False,False,-364818.0,-210101.2661610547,False,False,False,False,14972.384120335895,False,False,False,False
2025-04-21 16:00:00+00:00,144.275,144.275,143.48,143.48,2532.0,,,,,,,,,,,,,,,,,,,,,,,146.45379856716534,,,,,,,,,,,,,,,,,,,,,,146.57353787186514,143.22803151146024,,,,,,,145.4184559834969,#000000,4.733603513732981,145.75047553126444,-0.4796505505113431,33.70062541925779,-10.324958004846039,False,True,False,True,False,0.0,0.0,0.0,0.0,0.0,0,,,False,False,False,False,,,False,False,False,False,-367350.0,-212539.23102677477,False,False,False,False,14779.509947927587,False,False,False,False
2025-04-21 17:00:00+00:00,143.41,143.41,141.81,141.85,3766.0,,,,,,,,,,,,,,,,,,,,,,,146.04835939073845,,,,,,,,,,,,,,,,,,,,,,146.34479450542062,143.22101105054327,,,,,,,145.2047216489008,"rgba(239, 83, 80, 0.5)",4.519684198287777,145.56331283001947,-0.8215867894987475,27.147841881149276,-15.725488433005872,False,True,False,True,False,0.0,0.0,0.0,0.0,0.0,0,,,False,False,False,False,,,False,False,False,False,-371116.0,-214997.7855844992,False,False,False,False,14608.757855711656,False,False,False,False
2025-04-21 18:00:00+00:00,141.82,142.46,141.6,142.23,5223.0,,,,,,,,,,,,,,,,,,,,,,,145.5714718884781,,,,,,,,,,,,,,,,,,,,,142.09666666666666,146.04756384323076,143.20858655399724,,,,,,,144.2310722380932,"rgba(239, 83, 80, 0.5)",4.303992618425294,144.68284835742156,-0.5699006887049446,24.68391597463643,-17.490646545934062,False,True,False,True,False,0.0,0.0,0.0,0.0,0.0,0,,,False,False,False,False,,,False,False,False,False,-365893.0,-217337.24627311158,False,False,False,False,14463.242230041707,False,False,False,False
2025-04-21 19:00:00+00:00,142.23,143.88,142.08,143.65,15998.0,,,,,,,,,,,,,,,,,,,,,,,144.93235652349946,,,,,,,,,,,,,,,,,,,,,142.93095597128632,145.54559466943198,143.20841456751165,,,,,,,144.15433043293234,#000000,4.104048437406229,144.5613930700823,-0.22207171381687849,28.883356859240415,-17.490646545934062,False,True,False,True,True,0.0,0.0,0.0,0.0,0.0,0,,,False,False,False,False,,,False,False,False,False,-349895.0,-219392.40524562146,False,False,False,False,14487.036924149586,False,False,False,False
2025-04-22 14:00:00+00:00,145.26,146.66,144.9,146.47,10988.0,,,,,,,,,,,,,,,,,,,,,,,145.100875387812,,,,,,,,,,,,,,,,,,,,,143.9813622486469,145.59580262704776,143.27002693955814,,,,,,,144.48701680076618,#000000,3.932240590689102,144.825420486631,0.41822962645344974,38.53889130080394,-20.82570288708857,False,True,False,True,True,0.0,0.0,0.0,0.0,0.0,0,,,False,False,False,False,,,False,False,False,False,-338907.0,-221245.34469917772,False,False,False,False,14432.788289666647,False,False,False,False
2025-04-22 15:00:00+00:00,146.56,146.71,145.86,146.36,13162.0,,,,,,,,,,,,,,,,,,,,,,,145.29163266529224,,,,,,,,,,,,,,,,,,,,,144.65689353698767,145.67768861555615,143.34805385735933,,,,,,,144.74356716879885,#000000,3.7665873088187998,145.0323911667358,0.3524699481028478,44.70234446581682,-15.534423259084065,False,True,False,True,True,0.0,0.0,0.0,0.0,0.0,0,,,False,False,False,False,,,False,False,False,False,-352069.0,-223273.61842477188,False,False,False,False,14413.086145640807,False,False,False,False
2025-04-22 16:00:00+00:00,146.345,146.85,146.05,146.245,10270.0,,,,,,,,,,,,,,,,,,,,,,,145.41110852597353,,,,,,,,,,,,,,,,,,,,,144.97524547246337,145.73549646722688,143.40761617810782,,,,,,,144.8823666609429,#000000,3.644339759034435,145.14533255664495,0.3017466855632625,48.49932823972921,-12.265858217252244,False,True,False,False,True,0.0,0.0,0.0,0.0,0.0,0,,,False,False,False,False,,,False,False,False,False,-362339.0,-225429.67085229477,False,False,False,False,14348.85225190994,False,False,False,False
2025-04-22 17:00:00+00:00,146.245,146.74,145.58,145.66,29133.0,,,,,,,,,,,,,,,,,,,,,,,145.54920033759123,,,,,,,,,,,,,,,,,,,,,145.325116348566,145.78420957630783,143.5440331014134,,,,,,,145.0506398409696,#000000,3.5840078313439845,145.27497355306838,0.107429019424669,49.42529549226247,-11.340068220224609,False,True,False,False,True,0.0,0.0,0.0,0.0,0.0,0,,,False,False,False,False,,,False,False,False,False,-391472.0,-228003.9705290034,False,False,False,False,14578.063844903585,False,False,False,False
2025-04-22 18:00:00+00:00,145.79,147.07,145.68,146.91,16562.0,,,,,,,,,,,,,,,,,,,,,,,145.6685065486311,,,,,,,,,,,,,,,,,,,,,145.52585181968897,145.85880595995204,143.6316617671536,,,,,,,145.17120652385643,#000000,3.5696425831126346,145.37637247904044,0.4296305541106227,52.82111210845139,-7.853332160678704,False,False,True,False,True,0.0,0.0,0.0,0.0,0.0,0,,,False,False,False,False,,,False,False,False,False,-374910.0,-230281.5833890188,False,False,False,False,14608.8225449826,False,False,False,False
2025-04-22 19:00:00+00:00,146.975,147.98,146.835,147.32,28362.0,,,,,,,,,,,,,,,,,,,,,,,145.9575835196169,,,,,,,,,,,,,,,,,,,,,145.93094735462384,146.07523810958665,143.8096193489035,,,,,,,145.44334708318272,#000000,3.5793327867352693,145.6177157829773,0.4755870209473713,55.88438974569108,-4.611216072649306,False,False,True,False,True,0.49537184612211504,0.0,0.0,0.0,0.0,0,,,False,False,False,False,,,False,False,False,False,-346548.0,-232084.16349151463,False,False,False,False,14822.05010242473,False,False,False,False
2025-04-23 14:00:00+00:00,147.985,148.6,147.25,147.37,6465.0,,,,,,,,,,,,,,,,,,,,,,,146.0237258829832,,,,,,,,,,,,,,,,,,,,,146.01684091860494,146.1275886031516,143.85171724451382,,,,,,,145.5049681623134,#000000,3.5819589775871234,145.6733647615311,0.47366127001593594,58.02890253346353,-2.146873722415073,False,False,True,False,True,0.6057133715622207,0.0,0.0,0.0,0.0,0,,,False,False,False,False,,,False,False,False,False,-340083.0,-233758.56405753765,False,False,False,False,14692.483434170083,False,False,False,False
2025-04-23 15:00:00+00:00,147.37,147.825,146.84,147.09,5582.0,,,,,,,,,,,,,,,,,,,,,,,146.0618476249801,,,,,,,,,,,,,,,,,,,,,146.06546907004366,146.1573019811748,143.88287180598397,,,,,,,145.54187262054563,#000000,3.6042109343737554,145.70630509760022,0.3839106333104235,58.45228795791789,-1.154104870195468,True,False,True,False,True,0.0,0.0,0.0,0.0,0.0,0,,,False,False,False,False,,,False,False,False,False,-345665.0,-235493.54756052155,False,False,False,False,14551.23562898915,False,False,False,False
2025-04-23 16:00:00+00:00,147.08,147.52,146.34,147.41,7518.0,,,,,,,,,,,,,,,,,,,,,,,146.1031120364439,,,,,,,,,,,,,,,,,,,,,146.11707210315578,146.18936588793522,143.9219694898526,,,,,,,145.58287987934688,#000000,3.629803741002823,145.7427119186263,0.45933284561359466,59.53000495974016,0.5645015383388738,True,False,True,False,True,0.6983879144959069,0.0,0.0,0.0,0.0,0,,,False,False,False,False,,,False,False,False,False,-338147.0,-237085.07395493204,False,False,False,False,14442.193216136606,False,False,False,False
2025-04-23 17:00:00+00:00,147.42,147.77,146.875,147.08,3307.0,,,,,,,,,,,,,,,,,,,,,,,146.1228636989164,,,,,,,,,,,,,,,,,,,,,146.14144802385795,146.2050416599098,143.93967638336468,,,,,,,145.6022574415122,#000000,3.6391755909796233,145.760069372402,0.3627004508575257,58.938900883548044,0.6830764116793162,True,False,True,False,True,0.0,0.0,0.0,0.0,0.0,0,,,False,False,False,False,,,False,False,False,False,-341454.0,-238703.1968393517,False,False,False,False,14269.554561622861,False,False,False,False
2025-04-23 18:00:00+00:00,147.12,147.14,146.39,146.54,4493.0,,,,,,,,,,,,,,,,,,,,,,,146.135923064439,,,,,,,,,,,,,,,,,,,,,146.15714009664913,146.21466207336044,143.95946402483517,,,,,,,145.61679731482093,#000000,3.6312341522502227,145.77256448756214,0.21134288791657455,56.52444097279652,0.6830764116793162,False,False,True,False,True,0.0,0.0,0.0,0.0,0.0,0,,,False,False,False,False,,,False,False,False,False,-345947.0,-240365.89146199738,False,False,False,False,14117.980072295373,False,False,False,False
2025-04-23 19:00:00+00:00,146.54,147.99,146.43,147.91,15783.0,,,,,,,,,,,,,,,,,,,,,,,146.23376357061463,,,,,,,,,,,,,,,,,,,,,146.2745856137834,146.29470482900763,144.0453427412847,,,,,,,145.7120991886726,"rgba(38, 166, 154, 0.5)",3.6262092273282183,145.8589286655677,0.5656241010515319,58.62600633591612,1.3590287314108735,True,False,True,False,True,1.8320387175565749,0.0,0.0,0.0,0.0,0,,,False,False,False,False,,,False,False,False,False,-330164.0,-241758.11019902065,False,False,False,False,14143.794334740405,False,False,False,False
2025-04-24 14:00:00+00:00,147.35,148.2,146.85,147.92,5981.0,,,,,,,,,,,,,,,,,,,,,,,146.2730029032417,,,,,,,,,,,,,,,,,,,,,146.3208103269268,146.3275177003568,144.07876504114734,,,,,,,145.75002399291816,"rgba(38, 166, 154, 0.5)",3.6409291520283746,145.89362062209008,0.5565555640600701,60.05045665330377,3.2170669464323254,True,False,True,False,True,1.8544574887480323,0.0,0.0,0.0,0.0,0,,,False,False,False,False,,,False,False,False,False,-324183.0,-243036.01546725287,False,False,False,False,14017.239383814196,False,False,False,False
2025-04-24 15:00:00+00:00,148.03,148.37,147.85,148.31,8663.0,,,,,,,,,,,,,,,,,,,,,,,146.34612043166172,,,,,,,,,,,,,,,,,,,,,146.40656041211088,146.38986950987874,144.1329704863815,,,,,,,145.81888021000822,"rgba(38, 166, 154, 0.5)",3.6417381220441354,145.95737821178724,0.6460161904481516,61.94666402132809,5.474485420414702,True,False,True,False,True,2.7356152906915554,0.0,0.0,0.0,0.0,1,,,False,False,False,False,,,False,False,False,False,-315520.0,-244159.79817318692,False,False,False,False,13934.227920499246,False,False,False,False
2025-04-24 16:00:00+00:00,148.31,148.945,148.1,148.82,5673.0,,,,,,,,,,,,,,,,,,,,,,148.62166666666664,146.40195112879508,,,,,,,,,,,,,,,,,,,,,146.47161582014502,146.43808548720628,144.17151835250556,,,,,,,146.42096749106372,"rgba(38, 166, 154, 0.5)",3.624870034327546,146.44178428326344,0.6560830303472477,64.36662095239808,8.142508910227384,True,False,True,False,True,3.87887250832355,0.0,0.0,0.0,0.0,0,,,False,False,False,False,,,False,False,False,False,-309847.0,-245178.20440306,False,False,False,False,13806.146867468251,False,False,False,False
2025-04-24 17:00:00+00:00,148.79,148.835,148.01,148.245,2831.0,,,,,,,,,,,,,,,,,,,,,,148.53566694104734,146.42567533002065,,,,,,,,,,,,,,,,,,,,,146.49894039273315,146.45862040037176,144.18940595377703,,,,,,,146.42166180358998,#000000,3.6347281061181786,146.4448139945239,0.49527391125787873,63.35548585975405,8.142508910227384,True,False,True,False,True,2.468874555151455,0.0,0.0,0.0,0.0,0,,,False,False,False,False,,,False,False,False,False,-312678.0,-246224.71286192726,False,False,False,False,13635.98955169355,False,False,False,False
2025-04-24 18:00:00+00:00,148.245,148.505,147.98,148.02,3270.0,,,,,,,,,,,,,,,,,,,,,,148.43364716040992,146.44968707643517,,,,,,,,,,,,,,,,,,,,,146.5263357823457,146.4794278784721,144.20892185096966,,,,,,,146.4196039497265,#000000,3.6356764207002925,146.4455804567834,0.4330472135122924,61.70634017626995,8.142508910227384,True,False,True,False,False,1.9198587291060214,0.0,0.0,0.0,0.0,0,,,False,False,False,False,,,False,False,False,False,-315948.0,-247305.69405786638,False,False,False,False,13475.276535388224,False,False,False,False
2025-04-24 19:00:00+00:00,147.97,148.46,147.63,147.87,15989.0,,,,,,,,,,,,,,,,,,,,,,148.17622645247272,146.54670166989064,,,,,,,,,,,,,,,,,,,,,146.63480920900832,146.56408196600384,144.29740001552702,,,,,,,146.4438438625805,#000000,3.5986036794069887,146.4759685705102,0.3873812049565669,59.934545825063395,8.142508910227384,True,False,True,False,False,1.5508046225887888,0.0,0.0,0.0,0.0,1,,,False,False,False,False,,,False,False,False,False,-331937.0,-248617.80732828705,False,False,False,False,13514.248992203911,False,False,False,False
2025-04-25 14:00:00+00:00,147.46,147.99,146.145,146.39,3950.0,,,,,,,,,,,,,,,,,,,,,,148.0100008934296,146.5512305968022,,,,,,,,,,,,,,,,,,,,,146.63853674447887,146.5678808204766,144.31203648441934,,,,,,,146.41593710792134,#000000,3.5526267873349964,146.453074827772,-0.017754419911736017,53.54455209463397,9.254522528648799,False,False,True,False,False,0.0,0.0,0.0,0.0,0.0,0,,,False,False,False,False,,,False,False,False,False,-335887.0,-249970.81806738334,False,False,False,False,13365.966062092222,False,False,False,False
2025-04-25 15:00:00+00:00,146.39,146.6,145.985,146.385,9271.0,,,,,,,,,,,,,,,,,,,,,,147.62845943945604,146.54330343062034,,,,,,,,,,,,,,,,,,,,146.32333333333332,146.62574644525563,146.5602702137183,144.33883154045637,,,,,,,146.3366574004733,#000000,3.4790712647005337,146.37872274352904,0.0018042908561955605,49.27026027663438,5.358986741767509,False,False,False,True,False,0.0,0.0,0.0,0.0,0.0,0,,,False,False,False,False,,,False,False,False,False,-345158.0,-251446.58832990454,False,False,False,False,13302.47821616831,False,False,False,False
2025-04-25 16:00:00+00:00,146.46,147.24,146.455,146.69,6376.0,,,,,,,,,,,,,,,,,,,,,,147.5162521466779,146.5491838855972,,,,,,,,,,,,,,,,,,,,146.51553290300592,146.63034155134486,146.5651888964844,144.36113115698723,,,,,,,146.35627175668293,#000000,3.349311092268516,146.39591907512116,0.08780340696261145,47.751291766482254,3.9907698839409917,False,True,False,True,False,0.0,0.0,0.0,0.0,0.0,0,,,False,False,False,False,,,False,False,False,False,-338782.0,-252800.62572013857,False,False,False,False,13195.090957002909,False,False,False,False
2025-04-25 17:00:00+00:00,146.68,147.17,146.52,146.775,4687.0,,,,,,,,,,,,,,,,,,,,,,147.4537024868548,146.55378458588203,,,,,,,,,,,,,,,,,,,,146.58609693124816,146.63408519351918,146.56907969023263,144.37744388807556,,,,,,,146.36236546263538,#000000,3.036150431293152,146.40146199784706,0.12303013655151605,47.119673990946794,3.2692158187491174,False,True,False,True,False,0.0,0.0,0.0,0.0,0.0,0,,,False,False,False,False,,,False,False,False,False,-334095.0,-254061.00361595038,False,False,False,False,13063.18257007263,False,False,False,False
2025-04-25 18:00:00+00:00,146.81,147.605,146.75,147.05,6568.0,,,,,,,,,,,,,,,,,,,,,,147.41799084420938,146.56721855256274,,,,,,,,,,,,,,,,,,,,146.7201090996952,146.64745350561753,146.58085972006978,144.40282691667147,,,,,,,146.3894097731377,#000000,2.7500565104759183,146.4258133438249,0.22697230176811606,47.96169905394107,3.2692158187491174,False,True,False,True,False,0.0,0.0,0.0,0.0,0.0,0,,,False,False,False,False,,,False,False,False,False,-327527.0,-255200.0113118271,False,False,False,False,12962.482065110264,False,False,False,False
2025-04-25 19:00:00+00:00,147.06,147.44,146.82,147.02,15520.0,,,,,,,,,,,,,,,,,,,,,,147.35002450484475,146.59446510523378,,,,,,,,,,,,,,,,,,,,146.85665240519856,146.67390378722726,146.60488499254396,144.46010212106208,,,,,,,146.42333881935173,#000000,2.4798914390653763,146.45729188027053,0.22690836819113036,48.38211990149178,3.2692158187491174,False,False,False,False,False,0.0,0.0,0.0,0.0,0.0,0,,,False,False,False,False,,,False,False,False,False,-343047.0,-256561.980128698,False,False,False,False,13002.133505961267,False,False,False,False
2025-04-28 14:00:00+00:00,147.38,148.41,146.95,148.37,7041.0,,,,,,,,,,,,,,,,,,,,,,147.39859535659144,146.6246639530347,,,,,,,,,,,,,,,,,,,,147.00659519910505,146.70629848337094,146.63206491625556,144.49310161700365,,,,,,,146.47688658756024,"rgba(38, 166, 154, 0.5)",2.450583379708006,146.5061632668092,0.7605685848619752,53.761261052979435,-1.9327801624782026,True,False,True,False,True,2.934065653459527,0.0,0.0,0.0,0.0,0,,,False,False,False,False,,,False,False,False,False,-336006.0,-257793.6703592608,False,False,False,False,12909.712831450239,False,False,False,False
2025-04-28 15:00:00+00:00,148.32,148.44,147.71,147.81,6798.0,,,,,,,,,,,,,,,,,,,,,,147.4440372913209,146.6541959283961,,,,,,,,,,,,,,,,,,,,147.1250169448345,146.73789587145083,146.65876497337317,144.5250702681772,,,,,,,146.5241635462588,"rgba(38, 166, 154, 0.5)",2.3385315866975613,146.54963794561783,0.5389544710670487,54.69655602509695,-0.9268564972074245,True,False,True,False,True,1.499002250398032,0.0,0.0,0.0,0.0,0,,,False,False,False,False,,,False,False,False,False,-342804.0,-259111.65996609395,False,False,False,False,12814.957593753335,False,False,False,False
2025-04-28 16:00:00+00:00,147.795,147.795,147.27,147.68,6154.0,,,,,,,,,,,,,,,,,,,,,,147.45303537027593,146.67205048356405,,,,,,,,,,,,,,,,,,,,147.17004173676202,146.75633420093888,146.6749439623903,144.55018260338264,,,,,,,146.5460980595523,#000000,2.298753289216773,146.5702138378017,0.4827774113055989,54.732057744320954,-0.6247660853955637,True,False,True,False,True,1.166772470291324,0.0,0.0,0.0,0.0,0,,,False,False,False,False,,,False,False,False,False,-348958.0,-260504.62647824755,False,False,False,False,12711.686933385066,False,False,False,False
2025-04-28 17:00:00+00:00,147.67,147.74,147.25,147.7,8884.0,,,,,,,,,,,,,,,,,,,,,,147.46254772906715,146.69615013336013,,,,,,,,,,,,,,,,,,,,147.21904666732118,146.7810134812612,146.6968718234388,144.58550094555787,,,,,,,146.57352179666773,#000000,2.2507526268756513,146.59614306902066,0.49043902817149465,54.83660614687413,-0.14578280665281085,True,False,True,False,True,1.2170760877381213,0.0,0.0,0.0,0.0,0,,,False,False,False,False,,,False,False,False,False,-340074.0,-261738.2601762592,False,False,False,False,12652.34294992173,False,False,False,False
2025-04-28 18:00:00+00:00,147.7,148.66,147.7,148.28,11200.0,,,,,,,,,,,,,,,,,,,,,,147.5361722060729,146.74616338345712,,,,,,,,,,,,,,,,,,,,147.35403025087174,146.83418509544742,146.74263600428966,144.63832910561285,,,,,,,146.6419193409586,"rgba(38, 166, 154, 0.5)",2.1632535389718295,146.65997261351012,0.7488846579027725,57.139693056310065,2.3659292907419314,True,False,True,False,True,2.675239807070678,0.0,0.0,0.0,0.0,0,,,False,False,False,False,,,False,False,False,False,-328874.0,-262779.124359573,False,False,False,False,12629.826004961704,False,False,False,False
2025-04-28 19:00:00+00:00,148.235,149.345,148.235,149.05,33501.0,,,,,,,,,,,,,,,,,,,,,,147.84019355100767,146.93738127578635,,,,,,,,,,,,,,,,,,,,147.7937702729885,147.03831565250513,146.91932171198806,144.81523299623365,,,,,,,146.89070257675155,"rgba(38, 166, 154, 1.0)",2.078578375492093,146.89384732377425,1.0373208446928543,60.99675922262286,6.161759511339817,True,False,True,False,True,4.561058361889977,0.0,0.0,0.0,0.0,0,,,False,False,False,False,,,False,False,False,False,-295373.0,-263284.45576485095,False,False,False,False,12953.410097908034,False,False,False,False
2025-04-29 14:00:00+00:00,151.93,152.14,149.89,152.0,25484.0,,,,,,,,,,,,,,,,,,,,,,148.3556413602237,147.21896866577723,,,,,,,,,,,,,,,,,,,,148.43311511077815,147.34248261881726,147.1814423922706,145.01612551598106,,,,,,,147.25796261064133,"rgba(0, 255, 0, 1.0)",2.1218956657235797,147.23998937846744,2.2432821266494103,68.15403122972668,12.75751330092703,True,False,True,False,True,11.076973863138857,0.0,0.0,0.0,0.0,0,,,False,False,False,False,,,False,False,False,False,-269889.0,-263386.8517995044,False,False,False,False,13147.682809568374,False,False,False,False
2025-04-29 15:00:00+00:00,151.96,152.25,151.225,151.405,20819.0,,,,,,,,,,,,,,,,,,,,,,148.70664063788553,147.43768162349875,,,,,,,,,,,,,,,,,,,,148.8427597251232,147.57627298565862,147.3866731680165,145.1782404226948,,,,,,,147.5213780938129,"rgba(0, 255, 255, 0.75)",2.1571855245638236,147.4907425294043,1.81452055283338,70.43172646446226,14.66392807013041,True,False,True,False,True,9.468818819936853,0.0,0.0,0.0,0.0,0,,,False,False,False,False,,,False,False,False,False,-290708.0,-263810.43549253535,False,False,False,False,13266.617959807625,False,False,False,False
2025-04-29 16:00:00+00:00,151.42,152.02,150.79,151.055,22211.0,,,,,,,,,,,,,,,,,,,,,,148.97183405248498,147.63128021718498,,,,,,,,,,,,,,,,,,,,149.13714733480026,147.78049666804554,147.56983084747463,145.33402536508464,,,,,,,147.73743574751254,"rgba(0, 255, 255, 0.75)",2.156054040841128,147.6985916344069,1.556736659663541,70.53456977576116,14.749579488132085,True,False,True,False,True,8.532078492432685,0.0,0.0,0.0,0.0,0,,,False,False,False,False,,,False,False,False,False,-312919.0,-264571.8085856743,False,False,False,False,13405.290549578049,False,False,False,False
2025-04-29 17:00:00+00:00,151.065,151.7,150.81,151.41,13416.0,,,,,,,,,,,,,,,,,,,,,,149.10823757600565,147.73960637682436,,,,,,,,,,,,,,,,,,,,149.284200693848,147.8939067715413,147.67286745629346,145.4246114927819,,,,,,,147.85390506121578,"rgba(0, 255, 255, 0.75)",2.1151332609819318,147.81131541727183,1.701398511911023,71.19516668398171,15.564513505325522,True,False,True,False,True,9.286324101701922,0.0,0.0,0.0,0.0,0,,,False,False,False,False,,,False,False,False,False,-299503.0,-265113.37744481117,False,False,False,False,13405.456587569086,False,False,False,False
2025-04-29 18:00:00+00:00,151.36,151.385,150.54,151.04,25881.0,,,,,,,,,,,,,,,,,,,,,,149.29866492645178,147.9143837015049,,,,,,,,,,,,,,,,,,,,149.48126275443715,148.07468402428216,147.84031646957044,145.5827705901822,,,,,,,148.0320137444048,"rgba(38, 166, 154, 1.0)",2.0742817339291384,147.985242573623,1.4726820259804454,70.02944327111608,15.564513505325522,True,False,True,False,True,8.281256539233969,0.0,0.0,0.0,0.0,0,,,False,False,False,False,,,False,False,False,False,-325384.0,-266047.8057014808,False,False,False,False,13598.875865281192,False,False,False,False
2025-04-29 19:00:00+00:00,151.16,151.535,150.63,151.45,38447.0,,,,,,,,,,,,,,,,,,,,,,149.54798497697618,148.15790620665055,,,,,,,,,,,,,,,,,,,,149.73396248477962,148.32465496339964,148.07514137503097,145.81057158072932,,,,,,,148.27503693126104,"rgba(0, 255, 255, 0.75)",2.070718644022667,148.22380927569444,1.558005349311105,70.07594940916361,15.564513505325522,True,False,True,False,True,9.168873287328704,0.0,0.0,0.0,0.0,0,,,False,False,False,False,,,False,False,False,False,-286937.0,-266371.6691789772,False,False,False,False,13984.118099927995,False,False,False,False
2025-04-30 14:00:00+00:00,151.44,152.69,151.29,152.555,13157.0,,,,,,,,,,,,,,,,,,,,,,149.66066598725394,148.25721020947734,,,,,,,,,,,,,,,,,,,,149.85073385618065,148.42716406398475,148.17085322835337,145.89765748034225,,,,,,,148.37738080426536,"rgba(0, 255, 0, 1.0)",2.112471252536509,148.3238853500172,2.00292176516124,71.9790451077601,17.13449401609337,True,False,True,False,True,11.492441323051796,0.0,0.0,0.0,0.0,0,,,False,False,False,False,,,False,False,False,False,-273780.0,-266486.5270211636,False,False,False,False,13971.294563495003,False,False,False,False
2025-04-30 15:00:00+00:00,152.555,153.79,152.27,152.315,17039.0,,,,,,,,,,,,,,,,,,,,,152.79166666666669,149.8252389406283,148.39776075680567,,,,,,,,,,,,,,,,,,,,150.0220789366305,148.57250901157093,148.30634857097294,146.01763380775589,,,,,,,149.1333195272901,"rgba(0, 255, 255, 0.75)",2.126705712878387,149.0073441956318,1.5552954902685938,72.13678058821358,17.619767154846087,True,False,True,False,True,10.821103543307196,0.0,0.0,0.0,0.0,0,,,False,False,False,False,,,False,False,False,False,-290819.0,-266863.77466424636,False,False,False,False,14018.855888091979,False,False,False,False
2025-04-30 16:00:00+00:00,152.5,152.77,151.17,151.685,10661.0,,,,,,,,,,,,,,,,,,,,,152.4388658243081,149.8905038009565,148.46391439958362,,,,,,,,,,,,,,,,,,,,150.08724889343426,148.63991594839416,148.3706422400002,146.08072613748038,,,,,,,149.1388310348796,"rgba(38, 166, 154, 1.0)",2.1233645789490594,149.01955628762335,1.2552925384560643,69.46586874876998,17.619767154846087,True,False,True,False,False,9.073175241525892,0.0,0.0,0.0,0.0,0,,,False,False,False,False,,,False,False,False,False,-301480.0,-267400.46032836655,False,False,False,False,13966.79610688125,False,False,False,False
2025-04-30 17:00:00+00:00,151.685,152.19,151.25,152.04,4382.0,,,,,,,,,,,,,,,,,,,,,152.35524707520315,149.91551563927948,148.4900062947427,,,,,,,,,,,,,,,,,,,,150.112036545614,148.66642884311122,148.39604676695868,146.1060535715723,,,,,,,149.14876210521166,"rgba(38, 166, 154, 1.0)",2.1746101814904266,149.0311772588646,1.383614758518795,68.49748451906586,17.619767154846087,True,False,True,False,False,9.836302499918542,0.0,0.0,0.0,0.0,0,,,False,False,False,False,,,False,False,False,False,-297098.0,-267860.8873000198,False,False,False,False,13818.194616852083,False,False,False,False
2025-04-30 18:00:00+00:00,151.97,152.475,150.33,150.4,6345.0,,,,,,,,,,,,,,,,,,,,,152.14275409651202,149.93668340785112,148.5186517644834,,,,,,,,,,,,,,,,,,,,150.1313701692784,148.69501945739418,148.42419029297676,146.137524350982,,,,,,,149.14088479135398,"rgba(38, 166, 154, 0.5)",2.170104825798824,149.02758714142743,0.6324177718315442,62.063424385202914,16.672446078611586,True,False,True,False,False,5.446630361959468,0.0,0.0,0.0,0.0,0,,,False,False,False,False,,,False,False,False,False,-303443.0,-268412.547962035,False,False,False,False,13702.331134420267,False,False,False,False
2025-04-30 19:00:00+00:00,150.43,152.89,150.36,152.58,17954.0,,,,,,,,,,,,,,,,,,,,,152.07925042715337,150.03579345123964,148.62303357688688,,,,,,,,,,,,,,,,,,,,150.22941832732565,148.8008639822093,148.52602805603686,146.23987581502323,,,,,,,149.21918051941068,"rgba(0, 255, 255, 0.75)",2.2209206961841597,149.10790465632104,1.5633585429882748,62.526889100844805,16.672446078611586,True,False,True,False,False,10.008015274949503,0.0,0.0,0.0,0.0,0,,,False,False,False,False,,,False,False,False,False,-285489.0,-268677.299156422,False,True,False,False,13768.24848117344,False,True,False,False
2025-05-01 14:00:00+00:00,150.65,151.57,150.4,150.5,11747.0,,,,,,,,,,,,,,,,,,,,,151.86269837658526,150.06044657069663,148.66605420301389,,,,,,,,,,,,,,,,,,,,150.2497264680113,148.84308186997333,148.56871650964192,146.29214065132038,,,,,,,149.22040923560613,"rgba(38, 166, 154, 0.5)",2.2280611091948765,149.11409087628257,0.6220247362148125,57.939149544159406,12.983704999199531,False,False,True,False,False,4.906033692877092,0.0,0.0,0.0,0.0,0,,,False,False,False,False,,,False,False,False,False,-297236.0,-269120.0697121364,False,False,False,False,13736.911295418811,False,False,False,False
2025-05-01 15:00:00+00:00,150.45,150.83,148.915,149.055,13450.0,,,,,,,,,,,,,,,,,,,,,151.48964077324771,150.0445142043944,148.68650436112375,,,,,,,,,,,,,,,,,,,,150.2252474978501,148.86075042173152,148.59020085023954,146.33477162592402,,,,,,,149.17594710493015,#000000,2.221094726432032,149.0780193910722,-0.010363984389427946,52.390227611269964,8.00218637936186,False,True,False,False,False,1.6451009113117934,0.0,0.0,0.0,0.0,0,,,False,False,False,False,,,False,False,False,False,-310686.0,-269764.50273985526,False,False,False,False,13732.463058280535,False,False,False,False
2025-05-01 16:00:00+00:00,149.09,149.9,148.9,149.775,14286.0,,,,,,,,,,,,,,,,,,,,,151.19686289952435,150.0260975114477,148.70556244454735,,,,,,,,,,,,,,,,,,,149.525,150.19830351299157,148.87682113934045,148.61043782365627,146.37785241970803,,,,,,,149.18961721890196,#000000,2.220311424062,149.10346648949306,0.3024501442587701,50.238713503143856,6.204483451677817,False,True,False,False,False,3.1362152017963787,0.0,0.0,0.0,0.0,0,,,False,False,False,False,,,False,False,False,False,-296400.0,-270177.456185749,False,False,False,False,13741.045026369207,False,False,False,False
2025-05-01 17:00:00+00:00,149.78,150.56,149.78,150.07,5617.0,,,,,,,,,,,,,,,,,,,,,151.13818075961674,150.02761746559668,148.71823836721566,,,,,,,,,,,,,,,,,,,149.69762380880604,150.19738491962417,148.88869257735158,148.6233191239999,146.39770453406447,,,,,,,149.21109519453438,#000000,2.2354969578706787,149.12399139298623,0.42317597600975665,49.438259258513966,5.4718829890524745,False,True,False,False,False,3.741807100494949,0.0,0.0,0.0,0.0,0,,,False,False,False,False,,,False,False,False,False,-290783.0,-270496.92198131874,False,False,False,False,13615.090839913872,False,False,False,False
2025-05-01 18:00:00+00:00,150.12,150.665,149.97,150.63,9538.0,,,,,,,,,,,,,,,,,,,,,151.07662272523925,150.0366057909459,148.74347908581825,,,,,,,,,,,,,,,,,,,149.9321919545305,150.2029206626056,148.91283493797994,148.64872806933084,146.4334717530314,,,,,,,149.24835687243524,"rgba(38, 166, 154, 0.5)",2.2587209208307724,149.1598959427864,0.6508568826080956,50.11947783129581,5.4718829890524745,False,True,False,False,False,4.886299194554127,0.0,0.0,0.0,0.0,0,,,False,False,False,False,,,False,False,False,False,-281245.0,-270663.5588498254,False,False,False,False,13551.880129217532,False,False,False,False
2025-05-01 19:00:00+00:00,150.65,151.32,150.22,150.39,17935.0,,,,,,,,,,,,,,,,,,,,,151.01636057560577,150.0615590301824,148.79497907437556,,,,,,,,,,,,,,,,,,,150.20140676010354,150.22245430947146,148.96260703922994,148.7003490630565,146.50267786434463,,,,,,,149.3077992145462,"rgba(38, 166, 154, 0.5)",2.275379738627241,149.21835003029466,0.5149250253991432,50.01437339911864,5.4718829890524745,False,True,False,False,False,4.329103594428005,0.0,0.0,0.0,0.0,0,,,False,False,False,False,,,False,False,False,False,-299180.0,-271105.6742164948,False,False,False,False,13619.835476051368,False,False,False,False
2025-05-02 14:00:00+00:00,150.835,151.12,150.0,150.34,12314.0,,,,,,,,,,,,,,,,,,,,,150.97018840077016,150.0732334774024,148.8258888709184,,,,,,,,,,,,,,,,,,,150.26025565421344,150.23026242971275,148.99212061595952,148.7315362751993,146.54714284721604,,,,,,,149.328828571424,#000000,2.2898877780442555,149.24047987121293,0.48016332473993717,49.818462305974336,5.011787377795571,False,True,False,False,False,4.211652481536319,0.0,0.0,0.0,0.0,0,,,False,False,False,False,,,False,False,False,False,-311494.0,-271731.84981003747,False,False,False,False,13599.589964794757,False,False,False,False
2025-05-02 15:00:00+00:00,150.37,150.76,149.91,150.32,6109.0,,,,,,,,,,,,,,,,,,,,,150.94365162135202,150.07668467526943,148.83940050662795,,,,,,,,,,,,,,,,,,,150.26673095335798,150.23170355635867,149.00485140850012,148.7452623458309,146.5679730214114,,,,,,,149.33453226108855,#000000,2.3032114907605843,149.24708186868486,0.46583569751157633,49.63184655258975,4.378954930715473,False,True,False,False,False,4.163813138166745,0.0,0.0,0.0,0.0,0,,,False,False,False,False,0.16021858219321294,0.16021858219321294,False,False,False,False,-317603.0,-272443.03043313767,False,False,False,False,13483.456787046001,False,False,False,False
2025-05-02 16:00:00+00:00,150.295,150.53,149.885,150.12,4411.0,,,,,,,,,,,,,,,,,,,,,150.92141126659112,150.07766169988986,148.84802921657808,,,,,,,,,,,,,,,,,,,150.26117730142906,150.2311524926869,149.0128591138284,148.7540930157728,146.5822707527932,,,,,,,149.33608185744617,#000000,2.310157209657767,149.249458076779,0.37683232967074226,48.902614915562296,3.247183438300617,False,True,False,False,False,3.6789395160617033,0.0,0.0,0.0,0.0,0,0.9327931485422704,1.0117182491858765,False,False,False,False,0.15636309213083824,0.15829083716202558,False,False,False,False,-322014.0,-273211.572596965,False,False,False,False,13342.798542285598,False,False,False,False
2025-05-02 17:00:00+00:00,150.125,151.18,150.125,150.95,15833.0,,,,,,,,,,,,,,,,,,,,,150.90537767741907,150.1001399371036,148.89106857671615,,,,,,,,,,,,,,,,,,,150.35143354679252,150.24975436909565,149.05443102364356,148.79731987999978,146.64070748282455,,,,,,,149.37377906169937,"rgba(38, 166, 154, 0.5)",2.3323500173867626,149.2876987614867,0.712715169730737,50.987139733123804,3.247183438300617,False,True,False,False,True,5.4820439003793595,0.0,0.0,0.0,0.0,0,0.9296553497942388,1.0070216049382716,False,False,False,False,0.17996307147800764,0.16912695432001662,False,False,False,False,-306181.0,-273722.7265101904,False,False,False,False,13381.406316823804,False,False,False,False
2025-05-02 18:00:00+00:00,150.95,151.09,150.52,150.69,8069.0,,,,,,,,,,,,,,,,,,,,,150.89900702942683,150.1112791327857,148.9124335523824,,,,,,,,,,,,,,,,,,,150.387034915845,150.25900047660744,149.07504248793097,148.8188014655719,146.66996942465852,,,,,,,149.39157106065107,"rgba(38, 166, 154, 0.5)",2.3504714248251037,149.30587185691775,0.5888725676319345,51.472815890381526,3.247183438300617,False,True,False,False,True,4.836871519372387,0.0,0.0,0.0,0.0,1,0.9326794011357772,1.0042849767681983,False,False,False,False,0.2068856303988118,0.1880062923594142,False,False,False,False,-314250.0,-274351.05633173784,False,False,False,False,13299.043428190877,False,False,False,False
2025-05-02 19:00:00+00:00,150.655,151.22,150.455,150.48,27343.0,,,,,,,,,,,,,,,,,,,,,150.87467521700083,150.1438152988305,148.9795508294958,,,,,,,,,,,,,,,,,,,150.46161968081458,150.28525105828288,149.13944790207907,148.88651161704325,146.76497964658756,,,,,,,149.4419814062668,#000000,2.362367012320765,149.3581666898159,0.47487680971383417,51.04896325553247,3.247183438300617,False,True,False,False,True,4.312860697600044,0.0,0.0,0.0,0.0,1,0.9360882824210472,0.9983718405954412,False,False,False,False,0.23779995677304788,0.21290312456623106,False,False,False,False,-341593.0,-275393.5670862845,False,False,False,False,13516.779188994118,False,False,False,False
2025-05-05 14:00:00+00:00,150.22,151.3,150.21,151.115,7891.0,,,,,,,,,,,,,,,,,,,,,150.87468736764583,150.15495274927355,148.99966515106487,,,,,,,,,,,,,,,,,,,150.48683873744324,150.29481991642317,149.1588588536662,148.90675911349462,146.79262926303878,,,,,,,149.45865139400627,"rgba(38, 166, 154, 0.5)",2.3654067665354344,149.37521602479853,0.7355115406851161,52.87467788193155,3.247183438300617,False,True,True,False,True,5.715991335939709,0.0,0.0,0.0,0.0,1,0.9418381628738791,0.99414234617179,False,False,False,False,0.2576337299189643,0.2352684272425977,False,False,False,False,-333702.0,-276297.573798125,False,False,False,False,13429.557806219016,False,False,False,False
2025-05-05 15:00:00+00:00,151.095,151.285,150.65,150.945,7642.0,,,,,,,,,,,,,,,,,,,,,150.8776702613093,150.16665570021087,149.01960665973593,,,,,,,,,,,,,,,,,,,150.51323446822593,150.30511040573083,149.17815867060023,148.9268085210599,146.81960429562514,,,,,,,149.47585612281227,"rgba(38, 166, 154, 0.5)",2.3706296308886587,149.39271479320394,0.6547987026611848,53.39762135411398,0.12581641332948834,False,True,True,False,True,5.280662166724667,0.0,0.0,0.0,0.0,1,0.9493475991649271,0.9902922755741128,False,False,False,False,0.2654211683258895,0.2503447977842436,False,False,False,False,-341344.0,-277306.0455221851,False,False,False,False,13339.828227828022,False,False,False,False
2025-05-05 16:00:00+00:00,150.945,151.13,150.785,150.795,6752.0,,,,,,,,,,,,,,,,,,,,,150.8784392946857,150.1759975816014,149.03638639582866,,,,,,,,,,,,,,,,,,,150.53155885626825,150.31317698254358,149.19433841341456,148.94371520713355,146.8428266086333,,,,,,,149.4895549175136,"rgba(38, 166, 154, 0.5)",2.3682822622893434,149.40675954406686,0.5861803206646328,53.1059603872457,0.12581641332948834,False,True,True,False,True,4.892706963164532,0.0,0.0,0.0,0.0,0,0.9709538034780754,0.9827429851701697,False,False,False,False,0.2650540013569216,0.25769939957058263,False,False,False,False,-348096.0,-278403.5641962598,False,False,False,False,13237.69135607875,False,False,False,False
2025-05-05 17:00:00+00:00,150.795,151.175,150.62,151.14,5366.0,,,,,,,,,,,,,,,,,,,,,150.88076295567382,150.18400285787598,149.05003723018922,,,,,,,,,,,,,,,,,,,150.5476372960623,150.32022941493,149.20753693863617,148.9574529398738,146.86143193346354,,,,,,,149.50113644583809,"rgba(38, 166, 154, 0.5)",2.3843330644359693,149.4185692220049,0.7219758026558728,54.23542402834269,1.3227475293904902,False,True,True,False,True,5.678915480285319,0.0,0.0,0.0,0.0,1,0.9769694010416666,0.9745279947916667,False,False,False,False,0.26285246168393656,0.2602759306272596,False,False,False,False,-342730.0,-279400.8732784883,False,False,False,False,13115.649629627917,False,False,False,False
2025-05-05 18:00:00+00:00,151.135,151.38,150.98,151.17,8229.0,,,,,,,,,,,,,,,,,,,,,150.89095491524805,150.1989625962153,149.07271777166056,,,,,,,,,,,,,,,,,,,150.58053704939567,150.3339319979987,149.22962730500373,148.98019626206639,146.89100002581264,,,,,,,149.52224099042513,"rgba(38, 166, 154, 0.5)",2.4033784404309673,149.4398208768837,0.7198945842278796,55.106114489464375,2.3162371638065125,False,True,True,False,True,5.7478257647472475,0.0,0.0,0.0,0.0,1,0.9787530762920426,0.96322121957889,False,False,False,False,0.2732401922122009,0.26675806141973024,False,False,False,False,-334501.0,-280255.13880905433,False,False,False,False,13039.887619866244,False,False,False,False
2025-05-05 19:00:00+00:00,151.14,151.29,150.7,150.96,11648.0,,,,,,,,,,,,,,,,,,,,,150.89524937373864,150.21534511469056,149.1011317491365,,,,,,,,,,,,,,,,,,,150.6083018015619,150.34831331340845,149.25703973586664,149.00883902832254,146.93030995752673,,,,,,,149.5455662592815,"rgba(38, 166, 154, 0.5)",2.420288658236792,149.4637256110165,0.6182214604408166,54.54806500572425,2.3162371638065125,False,True,True,False,True,5.178515948791741,0.0,0.0,0.0,0.0,1,0.9820375778279794,0.9588958069315114,False,False,False,False,0.2664312384900127,0.2665946499548715,False,False,False,False,-346149.0,-281276.7490600768,False,False,False,False,13018.307966845063,False,False,False,False
2025-05-06 14:00:00+00:00,150.11,151.15,149.89,151.11,16636.0,,,,,,,,,,,,,,,,,,,,,150.88413060401126,150.22986648384335,149.1347321738145,,,,,,,,,,,,,,,,,,,150.6180139425382,150.3596066987092,149.2889140801901,149.04301855097782,146.98155273882648,,,,,,,149.56747940911384,"rgba(38, 166, 154, 0.5)",2.437892417938476,149.48705489990235,0.6657164558024496,54.890956786107395,2.3933959603346224,False,True,True,False,True,5.53548186492398,0.0,0.0,0.0,0.0,1,0.9876194734782852,0.9592812028394165,False,False,False,False,0.24905715683778124,0.2578259033963264,False,False,False,False,-329513.0,-282024.5979118585,False,False,False,False,13074.396215421108,False,False,False,False
2025-05-06 15:00:00+00:00,151.105,151.4,150.81,150.81,10364.0,,,,,,,,,,,,,,,,,,,,,150.88870604419688,150.2436357818715,149.1586767147679,,,,,,,,,,,,,,,,,,,150.6385667294272,150.3717340415015,149.31196934044226,149.06720002455629,147.01520556649535,,,,,,,149.58696178040736,"rgba(38, 166, 154, 0.5)",2.448048224220385,149.507062315678,0.5322353013437584,53.380047414522785,2.3933959603346224,False,True,True,False,False,4.703869379867172,0.0,0.0,0.0,0.0,1,0.9964453973537958,0.9448472367196097,False,False,False,False,0.2704768582304781,0.2641513808134023,False,False,False,False,-339877.0,-282921.53437834134,False,False,False,False,13032.374568670391,False,False,False,False
2025-05-06 16:00:00+00:00,150.81,151.145,150.64,150.71,9298.0,,,,,,,,,,,,,,,,,,,,,150.88685721905185,150.2528405475765,149.1776575753213,,,,,,,,,,,,,,,,,,,150.64731300022893,150.3793396813653,149.33005067327642,149.08648073086283,147.0436188207536,,,,,,,149.6005197810546,#000000,2.454642503465687,149.52128294794284,0.4842729849168801,51.80181546771067,4.27747334018963,False,True,False,False,False,4.424908610177042,0.0,0.0,0.0,0.0,1,1.0227319211102994,0.9423813002191381,False,False,False,False,0.2626691127047894,0.26341024675909586,False,False,False,False,-349175.0,-283948.71989185543,False,False,False,False,12974.477288535967,False,False,False,False
2025-05-06 17:00:00+00:00,150.71,150.93,150.09,150.16,13464.0,,,,,,,,,,,,,,,,,,,,,150.86473168888162,150.2559545351532,149.19730691230154,,,,,,,,,,,,,,,,,,,150.63168026697753,150.37966693183358,149.34805960442353,149.1068372037958,147.07934574069333,,,,,,,149.60794786050752,#000000,2.4549782516789627,149.53026014170288,0.25651545298474,47.93036679086702,0.7120548120007939,False,True,False,True,False,2.894846478921579,0.0,0.0,0.0,0.0,1,1.0183235171634244,0.9278660241537272,False,False,False,False,0.24869299979243595,0.2560516232757659,False,False,False,False,-362639.0,-285168.7242346174,False,False,False,False,12982.06678793851,False,False,False,False
2025-05-06 18:00:00+00:00,150.24,150.965,150.2,150.945,12388.0,,,,,,,,,,,,,,,,,,,,,150.85833791690516,150.26489577401014,149.2193757131851,,,,,,,,,,,,,,,,,,,150.6355206454004,150.3864844834837,149.36885550170174,149.12939469597174,147.11456340044938,,,,,,,149.62217851638843,"rgba(38, 166, 154, 0.5)",2.4625930850839306,149.54547947758795,0.5683117242913674,49.700710984310916,0.7120548120007939,False,True,False,False,True,4.8626537635618625,0.0,0.0,0.0,0.0,1,1.0152427155391848,0.9189051597640226,False,False,False,False,0.2513346095198987,0.2536931163978323,False,False,False,False,-350251.0,-286177.7517658636,False,False,False,False,12972.856450141013,False,False,False,False
2025-05-06 19:00:00+00:00,150.94,151.02,150.41,150.47,33547.0,,,,,,,,,,,,,,,,,,,,,150.8365384819027,150.28381257786364,149.27334346303988,,,,,,,,,,,,,,,,,,,150.63524341343003,150.39980505292442,149.41930222371278,149.184818752458,147.204790270457,,,,,,,149.65470677947354,#000000,2.464099524870893,149.5807690772473,0.36087459689733087,48.58533613548779,0.7120548120007939,False,True,False,False,True,3.539224468528669,0.0,0.0,0.0,0.0,1,1.0168011160308121,0.9221507854673381,False,False,False,False,0.2561712989191869,0.2549322076585096,False,False,False,False,-383798.0,-287691.2439865479,False,False,False,False,13291.835419906267,False,False,False,False
2025-05-07 14:00:00+00:00,150.78,151.63,150.735,151.36,15051.0,,,,,,,,,,,,,,,,,,,,,150.85341485173817,150.30538029761968,149.30648190012354,,,,,,,,,,,,,,,,,,,150.66787217600717,150.41970513388324,149.45134748835673,149.2182736804225,147.25070314088055,,,,,,,149.68414733362894,"rgba(38, 166, 154, 0.5)",2.475048053041671,149.61066870191215,0.7067868019524122,51.67279992485712,-1.8091211886125649,False,True,True,False,True,5.733790976328098,0.0,0.0,0.0,0.0,1,1.0160457226687858,0.9157981600904674,False,False,False,False,0.2733323732942848,0.2641322904763972,False,False,False,False,-368747.0,-288947.9223743534,False,False,False,False,13319.109289365084,False,False,False,False
2025-05-07 15:00:00+00:00,151.36,152.11,151.36,151.895,15145.0,,,,,,,,,,,,,,,,,,,,,150.89102725698223,150.33823564449233,149.34782657173335,,,,,,,,,,,,,,,,,,,150.72541970184074,150.45150274058133,149.4919797789391,149.25965979016792,147.30204599427216,,,,,,,149.72596218487615,"rgba(38, 166, 154, 0.5)",2.4926676382854307,149.65237795267396,0.8996875527571851,55.50922653220349,1.6028684227120706,False,False,True,False,True,7.014455276153814,0.0,0.0,0.0,0.0,1,1.028415233035797,0.90375884115267,False,False,False,False,0.29381906427348325,0.2789756773749402,False,False,False,False,-353602.0,-289950.311174751,False,False,False,False,13347.417672475702,False,False,False,False
2025-05-07 16:00:00+00:00,151.85,152.175,151.69,152.175,14006.0,,,,,,,,,,,,,,,,,,,,,150.93128495022964,150.37186784319687,149.38826820562542,,,,,,,,,,,,,,,,,,,150.78381908517383,150.4843542506727,149.53187917524411,149.3000660657263,147.35083416265803,,,,,,,149.76779671731586,"rgba(38, 166, 154, 0.5)",2.513221031854436,149.69398243206967,0.9871863781514127,58.91787414068052,4.5552659172671355,False,False,True,False,True,7.679179428095672,0.0,0.0,0.0,0.0,0,1.0261954001378704,0.9190637337845459,False,False,False,False,0.3012000949848594,0.2900878861798998,False,False,False,False,-339596.0,-290720.0117766928,False,False,False,False,13357.62825119701,False,False,False,False
2025-05-07 17:00:00+00:00,152.22,152.4,151.45,151.94,11321.0,,,,,,,,,,,,,,,,,,,,151.93,150.95942578585513,150.39675060550792,149.41906146463828,,,,,,,,,,,,,,,,,,,150.82434310942327,150.5085217819755,149.56216605179915,149.33089306033705,147.38884538874797,,,,,,,150.03555636092048,"rgba(38, 166, 154, 0.5)",2.5109812930515,149.94539431931565,0.7943530627663004,59.8438168588613,5.2711186196563204,True,False,True,False,True,6.992611752193742,0.0,0.0,0.0,0.0,0,1.0286992407774942,0.9173991116151592,False,False,False,False,0.30091922459283427,0.295503555386367,False,False,False,False,-350917.0,-291653.2984158139,False,False,False,False,13326.052619395505,False,False,False,False
2025-05-07 18:00:00+00:00,151.99,152.15,151.37,152.105,7241.0,,,,,,,,,,,,,,,,,,,,151.90854460726217,150.9756343831546,150.41169720030723,149.43794593696276,,,,,,,,,,,,,,,,,,,150.8475770258935,150.52297843580445,149.58069912981574,149.349824847441,147.41253804698232,,,,,,,150.04971551262486,"rgba(38, 166, 154, 0.5)",2.4731331425018515,149.96001443419632,0.8673150381357034,61.05217852712288,6.4070944405533155,True,False,True,False,True,7.394825710354393,0.0,0.0,0.0,0.0,0,1.033438225104097,0.9157051587679984,False,False,False,False,0.29475163797706394,0.2951275966817155,False,False,False,False,-343676.0,-292459.851928747,False,False,False,False,13231.710718319606,False,False,False,False
2025-05-07 19:00:00+00:00,152.08,152.105,151.11,151.31,20975.0,,,,,,,,,,,,,,,,,,,,151.69622623534076,151.0016191236993,150.4429021423323,149.48305618805438,,,,,,,,,,,,,,,,,,,150.88735488975436,150.5522773688757,149.62442773839206,149.39537097229055,147.47425259612427,,,,,,,150.06194302831818,"rgba(38, 166, 154, 0.5)",2.3952902831475544,149.97560059080027,0.5570929830877336,57.61396284030205,6.4070944405533155,False,False,True,False,False,5.066680973693273,0.0,0.0,0.0,0.0,0,1.0402043749002075,0.9043589334184896,False,False,False,False,0.289070620022187,0.29209910835195124,False,False,False,False,-364651.0,-293579.0945345029,False,False,False,False,13351.761714934806,False,False,False,False
2025-05-08 14:00:00+00:00,150.15,150.15,148.945,149.16,8665.0,,,,,,,,,,,,,,,,,,,,151.28674235508902,150.97034408420757,150.4309981362046,149.48247881528243,,,,,,,,,,,,,,,,,,,150.85170761408145,150.53851747313902,149.62251426331505,149.39556940419226,147.48627898534167,,,,,,,150.00723901453924,#000000,2.2338907056266755,149.92654218020834,-0.343142203993059,48.91206544247351,4.568488141415358,False,True,False,True,False,0.0,0.0,0.0,0.0,0.0,0,1.0295536791314837,0.9099739699066726,False,False,False,False,0.21392878529004128,0.25301394682099626,False,False,False,False,-373316.0,-294815.3256269912,False,False,False,False,13279.098742610237,False,False,False,False
2025-05-08 15:00:00+00:00,149.13,150.22,149.095,149.92,11867.0,,,,,,,,,,,,,,,,,,,,150.98216168073384,150.93806834114267,150.42025351181343,149.48564737328164,,,,,,,,,,,,,,,,,,,150.81611129029778,150.525545850185,149.62405215978748,149.3996565353109,147.50525443250797,,,,,,,149.96630568611786,#000000,2.0741176893295528,149.8902903779071,0.01432398086460486,46.101063829429265,2.3288055992152366,False,True,False,True,False,1.200604558310161,0.0,0.0,0.0,0.0,0,1.048305602935024,0.9031313358864611,False,False,False,False,0.21787466693139038,0.23544430687619333,False,False,False,False,-361449.0,-295848.40584982856,False,False,False,False,13257.205738848837,False,False,False,False
2025-05-08 16:00:00+00:00,149.99,150.59,149.345,149.91,7867.0,,,,,,,,,,,,,,,,,,,,150.86244418766685,150.9210824919938,150.4154037670058,149.48932011766394,,,,,,,,,,,,,,,,,,,150.79799429698156,150.5193577024602,149.62672905644618,149.40387824061395,147.5187852220177,,,,,,,149.95055500920554,#000000,1.960917768672639,149.87664226503813,0.01701128700794425,44.200953199364264,0.7352405667055422,False,True,False,True,False,1.1745981625963466,0.0,0.0,0.0,0.0,0,1.0758528121521638,0.8860079879525962,False,False,False,False,0.2290313356157473,0.2322378212459703,False,False,False,False,-369316.0,-296987.43831727304,False,False,False,False,13173.636657626374,False,False,False,False
2025-05-08 17:00:00+00:00,149.92,149.98,149.19,149.335,8982.0,,,,,,,,,,,,,,,,,,,,150.70354115204938,150.89380437247792,150.40480709424247,149.48943100848987,,,,,,,,,,,,,,,,,,,150.76781385432864,150.5070515809923,149.62556136927805,149.40472981799235,147.53124495484423,,,,,,,149.92533168941057,#000000,1.9283046981765093,149.8541749024019,-0.2692390382561641,41.436048845185894,-1.818355664313252,False,True,False,True,False,0.0,0.0,0.0,0.0,0.0,0,1.0750511112576666,0.8852469827870476,False,False,False,False,0.21034455632504576,0.22129118878550802,False,False,False,False,-378298.0,-298248.0671805711,False,False,False,False,13108.650042779453,False,False,False,False
2025-05-08 18:00:00+00:00,149.35,150.09,149.21,149.47,12198.0,,,,,,,,,,,,,,,,,,,,150.55112211424813,150.8606421505663,150.39217335024782,149.4906429021392,,,,,,,,,,,,,,,,,,,150.73171574982788,150.49223525181097,149.6251161011051,149.40689528595973,147.54866470429369,,,,,,,149.89991195668873,#000000,1.891659426902206,149.83170397779583,-0.19120988305392567,40.20263473778335,-3.063014981773442,False,True,False,True,False,0.03176862377622669,0.0,0.0,0.0,0.0,0,1.07072248391163,0.8887414582365819,False,False,False,False,0.18497947371073087,0.20313533124811944,False,False,False,False,-366100.0,-299300.0351312599,False,False,False,False,13094.531437465042,False,False,False,False
2025-05-08 19:00:00+00:00,149.415,149.54,148.13,148.19,35915.0,,,,,,,,,,,,,,,,,,,,149.99640967706677,150.70453338661582,150.31480143703627,149.460810661988,,,,,,,,,,,,,,,,,,,150.55692893506298,150.40721714717048,149.58937862646508,149.38071610307523,147.57470601977025,,,,,,,149.7761668882501,"rgba(239, 83, 80, 0.5)",1.8580613431626938,149.7184887719738,-0.8226255702473662,36.44436205837001,-6.7220313389000665,False,True,False,True,False,0.0,0.0,0.0,0.0,0.0,0,1.06122871130111,0.9297386747569469,False,False,False,False,0.12950551782204453,0.166320424535082,False,False,False,False,-402015.0,-300892.51520674425,False,False,False,False,13448.337151612872,False,False,False,False
2025-05-09 14:00:00+00:00,148.72,148.99,148.3,148.96,7382.0,,,,,,,,,,,,,,,,,,,,149.92692257054318,150.67693898900876,150.30088414752916,149.45583959074654,,,,,,,,,,,,,,,,,,,150.52670255724627,150.39189238094525,149.58328884972937,149.37643247675152,147.5805487762856,,,,,,,149.7577167043095,#000000,1.8010476105578386,149.70160039866724,-0.41176057441231934,37.17061376609137,-6.7220313389000665,False,True,False,True,False,0.0,0.0,0.0,0.0,0.0,0,1.0338899803536346,0.9337636822902048,False,False,False,False,0.12024922530148245,0.14328482491828223,False,False,False,False,-394633.0,-302345.8560562521,False,False,False,False,13354.285412828176,False,False,False,False
2025-05-09 15:00:00+00:00,148.97,149.24,148.79,149.21,4041.0,,,,,,,,,,,,,,,,,,,,149.90184148748543,150.66469177133266,150.29496886647595,149.4544062351849,,,,,,,,,,,,,,,,,,,150.51357510958016,150.38528492052515,149.581297928014,149.37533446597698,147.58461824920298,,,,,,,149.75066878153092,#000000,1.772758290054108,149.69521719710178,-0.27370747598476364,38.62580413154209,-6.7220313389000665,False,True,False,True,False,0.0,0.0,0.0,0.0,0.0,0,1.0362594052310998,0.9332139018273019,False,False,False,False,0.13829501602334554,0.1407899204708139,False,False,False,False,-390592.0,-303714.01332669775,False,False,False,False,13209.893390923864,False,False,False,False
2025-05-09 16:00:00+00:00,149.23,149.53,148.68,148.79,3439.0,,,,,,,,,,,,,,,,,,,,149.8796714512759,150.65389730990486,150.2896512557698,149.45293618637828,,,,,,,,,,,,,,,,,,,150.501976458136,150.37937255512756,149.57934754739404,149.37415502631433,147.58787977500205,,,,,,,149.7443208405892,"rgba(239, 83, 80, 0.5)",1.7540975837546628,149.68944682676465,-0.5127689788155257,38.45619388876284,-6.7220313389000665,False,True,False,True,False,0.0,0.0,0.0,0.0,0.0,0,1.0164466565678425,0.9380365000360672,False,False,False,False,0.14269765676000476,0.14174378861540932,False,False,False,False,-394031.0,-305114.27668597375,False,False,False,False,13058.406671684734,False,False,False,False
2025-05-09 17:00:00+00:00,148.92,149.34,148.745,149.3,9183.0,,,,,,,,,,,,,,,,,,,,149.83338943447194,150.62793193595974,150.27705548875747,149.4501561104422,,,,,,,,,,,,,,,,,,,150.47443208765867,150.36527564233924,149.57534266656612,149.37210951932195,147.59730049596578,,,,,,,149.73033259794255,#000000,1.7331684961470581,149.67680542826878,-0.2174084222661727,40.428289159612476,-6.7220313389000665,False,True,False,True,True,0.0,0.0,0.0,0.0,0.0,0,1.0291276293244869,0.9289125442018155,False,False,False,False,0.13963969452016775,0.14069174156778852,False,False,False,False,-384848.0,-306350.45844278036,False,False,False,False,12998.322847317528,False,False,False,False
2025-05-09 18:00:00+00:00,149.24,149.555,148.84,149.475,6395.0,,,,,,,,,,,,,,,,,,,,149.81103815716975,150.61225948883646,150.2696559772927,149.4492065530262,,,,,,,,,,,,,,,,,,,150.4581202662629,150.35690354613038,149.5735890092634,149.3716364542745,147.60447886362545,,,,,,,149.72298759065353,#000000,1.7054157718737042,149.6702457530413,-0.11448572029259908,42.43941322715532,-6.7220313389000665,False,True,False,True,True,0.18472582022626938,0.0,0.0,0.0,0.0,0,1.0421433316111888,0.9167835264595173,False,False,False,False,0.12651821260591772,0.13360497708685312,False,False,False,False,-378453.0,-307468.3273041326,False,False,False,False,12895.945748909504,False,False,False,False
2025-05-09 19:00:00+00:00,149.515,149.775,148.995,149.14,13738.0,,,,,,,,,,,,,,,,,,,,149.76981783868865,150.58012973442035,150.25434057993587,149.44737196035928,,,,,,,,,,,,,,,,,,,150.4249373306197,150.3395712207794,149.57006741364862,149.3708014116297,147.6198160737501,,,,,,,149.7085392848702,#000000,1.6845141037600126,149.6573648175428,-0.3071300005075648,42.621274682928124,-6.7220313389000665,False,True,False,True,True,0.0,0.0,0.0,0.0,0.0,0,1.0366183429730338,0.9268008713287764,False,False,False,False,0.1364803966623482,0.13504268687460066,False,False,False,False,-392191.0,-308781.85711337085,False,False,False,False,12909.000853577572,False,False,False,False
2025-05-12 14:00:00+00:00,144.77,145.33,142.98,145.25,28733.0,,,,,,,,,,,,,,,,,,,,149.0077611960406,150.28419989791553,150.0703547750122,149.321084311485,,,,,,,,,,,,,,,,,,,150.09017306467985,150.1459957992646,149.4360868897466,149.2498603202811,147.56237008701137,,,,,,,149.46309848238187,"rgba(255, 26, 202, 1.0)",1.736912524313687,148.9796398389159,-2.1472813320806665,35.659793131341814,-8.814799979601048,False,True,False,True,False,0.0,0.0,0.0,0.0,0.0,0,1.0037992255424855,0.9417695623584423,False,False,False,False,-0.14422957513868806,-0.0045934441320436975,False,False,False,False,-420924.0,-310520.49498758215,False,False,False,False,13154.334173677144,False,False,False,False
2025-05-12 15:00:00+00:00,145.295,146.035,144.935,145.77,18068.0,,,,,,,,,,,,,,,,,,,,148.72104859342934,150.14405201961068,149.981550147512,149.26174690374506,,,,,,,,,,,,,,,,,,,149.93492244753836,150.0524479873604,149.3728114949335,149.1932125260071,147.5395348320748,,,,,,,149.35570299469015,"rgba(255, 0, 0, 1.0)",1.7584499265389295,148.92438130868592,-1.793841986103367,32.82392546091059,-11.418302949854038,False,True,False,True,False,0.0,0.0,0.0,0.0,0.0,0,1.021602093854831,0.9320603089173151,False,False,False,False,-0.0724451982794653,-0.0385193212057545,False,False,False,False,-402856.0,-311952.05320482893,False,False,False,False,13230.51503920153,False,False,False,False
2025-05-12 16:00:00+00:00,145.785,146.375,145.51,146.25,6522.0,,,,,,,,,,,,,,,,,,,,148.64261857470686,150.10043967675483,149.95364706958514,149.24343475605625,,,,,,,,,,,,,,,,,,,149.88718175157842,150.0230283905162,149.3532161621269,149.17576816398707,147.53334618381692,,,,,,,149.3236311921254,"rgba(239, 83, 80, 1.0)",1.7922649066184697,148.9091406998252,-1.4836761518933588,32.5612154607207,-11.736339405480273,False,True,False,True,False,0.0,0.0,0.0,0.0,0.0,0,1.0285269132321846,0.9219868679749231,False,False,False,False,-0.04796039308495086,-0.04323985714535268,False,False,False,False,-396334.0,-313260.30044196337,False,False,False,False,13126.507054097628,False,False,False,False
2025-05-12 17:00:00+00:00,146.27,146.29,145.79,145.895,5123.0,,,,,,,,,,,,,,,,,,,,148.5829632777668,150.06638574806732,149.9317098859435,149.22895878048993,,,,,,,,,,,,,,,,,,,149.84998632278229,149.99991482285617,149.33773965692282,149.16196955316502,147.52834794365887,,,,,,,149.29866399907255,"rgba(255, 0, 0, 1.0)",1.8348780748458895,148.89497728506223,-1.6349736400410046,31.821911541240308,-12.665219669843857,False,True,False,True,False,0.0,0.0,0.0,0.0,0.0,0,1.0334281650071124,0.9193681215841882,False,False,False,False,-0.0685007270424081,-0.05587029209388039,False,False,False,False,-401457.0,-314627.69113278564,False,False,False,False,13002.421673413945,False,False,False,False
2025-05-12 18:00:00+00:00,145.895,146.155,145.48,145.64,17252.0,,,,,,,,,,,,,,,,,,,,148.38398768376024,149.94941001552377,149.85531787082869,149.17769758421932,,,,,,,,,,,,,,,,,,,149.72252045153172,149.91957093830723,149.2830912165501,149.11301258006364,147.50923185279365,,,,,,,149.2126489103976,"rgba(255, 0, 0, 1.0)",1.8877085303340917,148.8332980566329,-1.6916266496225283,30.91490853203227,-13.823365990412967,False,True,False,True,False,0.0,0.0,0.0,0.0,0.0,0,1.023457764745686,0.9242509680087216,False,False,False,False,-0.10311390656661933,-0.07949209933024987,False,False,False,False,-418709.0,-316241.3548361533,False,False,False,False,13068.30660870985,False,False,False,False
2025-05-12 19:00:00+00:00,145.64,146.0,145.08,145.68,42089.0,,,,,,,,,,,,,,,,,,,,147.97375045296798,149.6783614089574,149.67284155541836,149.05279961838846,,,,,,,,,,,,,,,,,,,149.43039026724705,149.72818342846688,149.15035317024925,148.99346334675798,147.4598761056711,,,,,,,149.01555770601382,"rgba(255, 0, 0, 1.0)",1.9411603755496842,148.67204916124476,-1.5413714389247632,30.47977668316593,-14.586185392765941,False,True,False,True,False,0.0,0.0,0.0,0.0,0.0,0,1.0144736346161096,0.931476386114357,False,False,False,False,-0.11997230851003629,-0.09973220392014308,False,False,False,False,-376620.0,-317177.45786194934,False,False,False,False,13518.239839582566,False,False,False,False
2025-05-13 14:00:00+00:00,144.58,144.58,143.62,144.13,11614.0,,,,,,,,,,,,,,,,,,,,147.8234755199089,149.58450889846696,149.60798814091177,149.00581299289135,,,,,,,,,,,,,,,,,,,149.328675326863,149.66053117639638,149.1008987010654,148.94820286502267,147.4363129755874,,,,,,,148.9440451774571,"rgba(255, 26, 202, 1.0)",2.0369341429470116,148.5993171882658,-2.194139267457924,27.838412887007742,-17.37049436050249,False,True,False,True,False,0.0,0.0,0.0,0.0,0.0,0,1.0013441362058022,0.9324198185416124,False,False,False,False,-0.20878160485810268,-0.15425690438912287,False,False,False,False,-388234.0,-318279.1096780431,False,False,False,False,13488.716741294464,False,False,False,False
2025-05-13 15:00:00+00:00,144.12,145.08,143.86,144.86,15745.0,,,,,,,,,,,,,,,,,,,,147.66202231553498,149.47315898025246,149.53006796825514,148.94975635762717,,,,,,,,,,,,,,,,,,,149.20921356027748,149.57924610720613,149.0418152424243,148.8942469454841,147.40952145079882,,,,,,,148.86100543642894,"rgba(255, 0, 0, 1.0)",2.1014209049641575,148.52022474846,-1.7417856364774413,28.97072262518288,-17.37049436050249,False,True,False,True,False,0.0,0.0,0.0,0.0,0.0,0,0.9999255647772527,0.9321150768543675,False,False,False,False,-0.18570574617251853,-0.16998132528082072,False,False,False,False,-372489.0,-319119.57309388736,False,False,False,False,13523.697877088347,False,False,False,False
2025-05-13 16:00:00+00:00,144.86,145.18,144.56,145.09,9581.0,,,,,,,,,,,,,,,,,,,,147.5816121137097,149.4124079968719,149.48704841654887,148.91897580143126,,,,,,,,,,,,,,,,,,,149.14462722035927,149.53437220674786,149.009336251138,148.86463765344223,147.3954269886263,,,,,,,148.81649384987503,"rgba(255, 0, 0, 1.0)",2.1551719941398813,148.47988967785122,-1.5729091167984037,30.60137735834234,-17.37049436050249,False,True,False,True,True,0.0,0.0,0.0,0.0,0.0,0,1.0026077097505668,0.942819349962207,False,False,False,False,-0.1609762156279083,-0.1654787704543645,False,False,False,False,-362908.0,-319798.463433517,False,False,False,False,13462.57077821876,False,False,False,False
2025-05-13 17:00:00+00:00,145.11,145.37,144.83,144.98,16344.0,,,,,,,,,,,,,,,,,,,,147.46049647839035,149.3150604364525,149.41733273081613,148.8690546745659,,,,,,,,,,,,,,,,,,,149.04178825675766,149.46169042377497,148.95665944020715,148.8166118840414,147.37287823249164,,,,,,,148.7457302841664,"rgba(255, 0, 0, 1.0)",2.1886164702968394,148.41690900327183,-1.5703569126507086,31.4611112019208,-17.37049436050249,False,True,False,True,True,0.0,0.0,0.0,0.0,0.0,0,1.0038295290816714,0.9402062637445968,False,False,False,False,-0.14684650349446987,-0.15616263697441718,False,False,False,False,-379252.0,-320720.2236903617,False,False,False,False,13507.244099486687,False,False,False,False
2025-05-13 18:00:00+00:00,145.005,145.43,144.94,145.265,19091.0,,,,,,,,,,,,,,,,,,,,147.34103105147605,149.21058637435186,149.34136916852972,148.81461189265391,,,,,,,,,,,,,,,,,,,148.93236734689802,149.38255116983305,148.89920778325725,148.7642309428218,147.34877621464625,,,,,,,148.67052577160754,"rgba(239, 83, 80, 1.0)",2.2137502076753197,148.35137343881047,-1.3941832407783321,33.269473335861825,-20.93891880491419,False,True,False,True,True,0.0,0.0,0.0,0.0,0.0,0,1.007089495349901,0.9386339381003201,False,False,False,False,-0.14163964361300244,-0.14890114029370982,False,False,False,False,-360161.0,-321331.7085943871,False,False,False,False,13593.813958409373,False,False,False,False
2025-05-13 19:00:00+00:00,145.26,145.665,145.02,145.27,37416.0,,,,,,,,,,,,,,,,,,,,147.15029582622415,149.02559673351138,149.2038240776699,148.71550243120427,,,,,,,,,,,,,,,,,,,148.74074394180082,149.23945131816762,148.79468663756845,148.66881721997703,147.30534664004256,,,,,,,148.53825164735179,"rgba(239, 83, 80, 1.0)",2.2437417911216433,148.23732438167517,-1.3224892424862282,34.49804999033235,-19.59759908922217,False,True,False,True,True,0.0,0.0,0.0,0.0,0.0,0,1.0033180778032038,0.9377192982456142,False,False,False,False,-0.13201155090605596,-0.1404563455998829,False,False,False,False,-322745.0,-321353.62008904776,False,False,False,False,13963.150176108451,False,False,False,False
2025-05-14 14:00:00+00:00,143.62,143.63,142.65,143.1,15147.0,,,,,,,,,,,,,,,,,,,,147.00234515723392,148.91424109809725,149.12085978917048,148.65209440111335,,,,,,,,,,,,,,,,,,143.12666666666667,148.62277149323359,149.15354523544212,148.72849334213305,148.6073823400696,147.26947437147194,,,,,,143.12666666666667,147.9197873894632,"rgba(255, 0, 0, 1.0)",2.3410543497469245,147.73148894036487,-1.9783773669609823,31.029839304483758,-19.59759908922217,False,True,False,True,False,0.0,1.0,143.63,142.65,0.0,0,0.9910109823980746,0.9449751767714757,False,False,False,False,-0.26975838787741085,-0.20510736673864688,False,False,False,False,-337892.0,-321610.02907991526,False,False,False,False,13981.504436943978,True,False,False,False
2025-05-14 15:00:00+00:00,143.105,143.67,142.87,143.63,12584.0,,,,,,,,,,,,,,,,,,,,146.895264299747,148.82894180170098,149.05659033549415,148.60295846185926,,,,,,,,,,,,,,,,,,143.2461642205474,148.5329852967912,149.08702935241388,148.67719538442898,148.5597721211119,147.24200186379022,,,,,,143.2461642205474,147.87289031378847,"rgba(255, 0, 0, 1.0)",2.419537080659275,147.68182828555157,-1.6746295470898664,30.926153938186424,-19.59759908922217,False,True,False,True,False,0.0,0.0,0.0,0.0,0.0,0,0.9882038139745235,0.9511946936006631,False,False,False,False,-0.26139515082349263,-0.23325125878106975,False,False,False,False,-325308.0,-321667.3619623972,False,False,False,False,13959.837701487482,False,False,False,False
2025-05-14 16:00:00+00:00,143.625,143.9,143.03,143.28,6779.0,,,,,,,,,,,,,,,,,,,,146.84037915094856,148.78418380169967,149.0226422989646,148.57693407765518,,,,,,,,,,,,,,,,,,143.2770378634212,148.48600488980819,149.05191200042773,148.65003632197005,148.53454808205987,147.2274137428105,,,,,,143.2770378634212,147.84510922297656,"rgba(255, 0, 0, 1.0)",2.505418799394798,147.65331307360321,-1.7455417332462018,30.233480004350888,-15.798149439632965,False,True,False,True,False,0.0,0.0,0.0,0.0,0.0,0,0.9882652286191707,0.9583396627677347,False,False,False,False,-0.24891662165808184,-0.2410839402195758,False,False,False,False,-332087.0,-321828.906738174,False,False,False,False,13848.506884410155,False,False,False,False
2025-05-14 17:00:00+00:00,143.27,143.6,143.23,143.59,11368.0,,,,,,,,,,,,,,,,,,,,146.75391065478408,148.7117171872968,148.96731725766122,148.53445513984477,,,,,,,,,,,,,,,,,,143.32567744888618,148.41018255234425,148.99470406721147,148.60571391953613,148.49336774577733,147.20364086206826,,,,,,143.32567744888618,147.80006868354104,"rgba(255, 0, 0, 1.0)",2.589041836400318,147.60749146684137,-1.5517290645357416,31.12849860991888,-15.798149439632965,False,True,False,True,False,0.0,0.0,0.0,0.0,0.0,0,0.9811169604028382,0.9641031509880214,False,False,False,False,-0.25210886525211407,-0.24659640273584493,False,False,False,False,-320719.0,-321811.69888176816,False,False,False,False,13810.049413334029,False,False,False,False
2025-05-14 18:00:00+00:00,143.59,143.875,143.145,143.665,16613.0,,,,,,,,,,,,,,,,,,,,146.63844083176926,148.61102992922523,148.88969022629527,148.47469518756935,,,,,,,,,,,,,,,,,,143.38841430499326,148.30532367605707,148.9144847100794,148.54338165262772,148.43541655526334,147.17024608801782,,,,,,143.38841430499326,147.73711231618978,"rgba(239, 83, 80, 1.0)",2.6632797263714885,147.54422672031464,-1.4565600007776098,32.06800423940162,-15.798149439632965,False,True,False,True,False,0.0,0.0,0.0,0.0,0.0,0,0.9820692812452313,0.9587211963985957,False,False,False,False,-0.24604784811382255,-0.24632212542483373,False,False,False,False,-304106.0,-321537.1919223609,False,False,False,False,13853.506011576912,False,False,False,False
2025-05-14 19:00:00+00:00,143.665,143.79,143.01,143.18,38466.0,,,,,,,,,,,,,,,,,,,,146.38250463759147,148.38217674092888,148.7106711217748,148.3353278909276,,,,,,,,,,,,,,,,,,143.364887608916,148.06790383027575,148.72976702425788,148.3982681393556,148.30010001620474,147.09033952078545,,,,,,143.364887608916,147.57619465310182,"rgba(255, 0, 0, 1.0)",2.747137474955846,147.38516443658878,-1.5307440835869934,31.55885508883331,-15.798149439632965,False,True,False,True,False,0.0,0.0,0.0,0.0,0.0,0,0.9818382576911362,0.9570134023758754,False,False,False,False,-0.2530675176163873,-0.2496948215206105,False,False,False,False,-342572.0,-321863.31297782814,False,False,False,False,14235.095065660991,False,False,False,False
2025-05-15 14:00:00+00:00,145.27,146.05,144.85,145.56,8972.0,,,,,,,,,,,,,,,,,,,,146.3666427775453,148.35322086561982,148.68665246205828,148.31745316936286,,,,,,,,,,,,,,,,,,143.53805939894536,148.03950888591356,148.7049526632332,148.3794989189013,148.2828253251849,147.08260071775538,,,,,,143.53805939894536,147.57514151845197,"rgba(239, 83, 80, 0.5)",2.7731860267099298,147.38484386722186,-0.6580315383266331,39.47325395673473,-14.491000764689247,False,False,False,True,True,0.0,0.0,0.0,0.0,0.0,0,0.9836574420344054,0.9437920718025428,False,False,False,False,-0.12545404658931136,-0.18757443405496094,False,False,False,False,-333600.0,-322045.2771177068,False,False,False,False,14153.496692549967,False,False,False,False
2025-05-15 15:00:00+00:00,145.66,146.19,145.5,145.875,12656.0,,,,,,,,,,,,,,,,,,,,146.35417512239138,148.31846996295286,148.65720416995353,148.29584855509654,,,,,,,,,,,,,,,,,,143.77726648176096,148.00612885459452,148.6745210309187,148.35674975850569,148.261977874439,147.07430075660199,,,,,,143.77726648176096,147.57766425672153,"rgba(239, 83, 80, 0.5)",2.796624168303492,147.38895268785063,-0.5413500694907596,45.500514120123256,-9.244560078640376,True,False,False,True,True,0.0,0.0,0.0,0.0,0.0,0,0.9897798742138366,0.9439577717879604,False,False,False,False,-0.10144658487249417,-0.14451050946372757,False,False,False,False,-320944.0,-322028.20305386634,False,False,False,False,14130.279689564697,False,False,False,False
2025-05-15 16:00:00+00:00,145.89,146.085,145.44,145.8,6346.0,,,,,,,,,,,,,,,,,,,,146.34718383556708,148.30085235983984,148.6422524999196,148.2848071969114,,,,,,,,,,,,,,,,,,143.8755951762312,147.9891641484943,148.65907921440734,148.34513660963975,148.25131571593087,147.06991077830259,,,,,,143.8755951762312,147.57652975352437,"rgba(239, 83, 80, 0.5)",2.8220001979301075,147.3887812177288,-0.5629982658733071,49.26311672757747,-6.16813922947842,True,False,False,False,True,0.0,0.0,0.0,0.0,0.0,0,0.9890291553952512,0.9482642019837688,False,False,False,False,-0.10645027396866862,-0.1254803917161981,False,False,False,False,-327290.0,-322109.78130109323,False,False,False,False,14009.59318274974,False,False,False,False
2025-05-15 17:00:00+00:00,145.765,146.12,145.68,145.835,4451.0,,,,,,,,,,,,,,,,,,,,146.34324763110126,148.2891401150735,148.6322324355172,148.27743694597504,,,,,,,,,,,,,,,,,,143.94242718907597,147.97796660751254,148.6487308493667,148.33737842934838,148.24420159411085,147.06709366371425,,,,,,143.94242718907597,147.57598554607958,"rgba(239, 83, 80, 0.5)",2.824005006950184,147.38897175257296,-0.5502723078565565,51.871555692809494,-4.042450247794406,True,False,True,False,True,0.0,0.0,0.0,0.0,0.0,0,0.9877166541070084,0.9504144687264504,False,False,False,False,-0.09811361770204098,-0.11179700470911955,False,False,False,False,-322839.0,-322121.0870173553,False,False,False,False,13861.397939606333,False,False,False,False
2025-05-15 18:00:00+00:00,145.835,146.73,145.725,146.635,6861.0,,,,,,,,,,,,,,,,,,,,146.34350424246938,148.27489418214753,148.61962374461845,148.26844298646614,,,,,,,,,,,,,,,,,,144.06086331106243,147.96487068394822,148.63569564512574,148.32785459332203,148.23554967123334,147.0645382746522,,,,,,144.06086331106243,147.57958373350453,#000000,2.821550955200563,147.39384256849397,-0.26894519381098136,55.77795323903794,-0.5990922080353798,True,False,True,False,True,0.0,0.0,0.0,0.0,0.0,0,0.9910234741784039,0.9417840375586852,False,False,False,False,-0.07830968622375262,-0.09505334546643608,False,False,False,False,-315978.0,-322025.8453581715,False,False,False,False,13752.864638217086,False,False,False,False
2025-05-15 19:00:00+00:00,146.635,146.98,146.58,146.74,19017.0,,,,,,,,,,,,,,,,,,,,146.3579765439492,148.24459122330845,148.59151533606936,148.2491355041728,,,,,,,,,,,,,,,,,,144.38395926995685,147.9385260408658,148.60660759852098,148.30725325006506,148.217057248205,147.06157025418378,,,,,,144.38395926995685,147.59581922692973,#000000,2.8206097960586507,147.41417557743574,-0.2390176685827955,58.64781707325046,1.9425217764983955,True,False,True,False,True,0.0,0.0,0.0,0.0,0.0,0,1.0085905428006692,0.9386878516040746,False,False,False,False,-0.04503041455525681,-0.07004188001084645,False,False,False,False,-296961.0,-321637.24310455646,False,False,False,False,13834.479139950156,False,False,False,False
2025-05-16 14:00:00+00:00,147.08,148.06,147.04,147.675,11289.0,,,,,,,,,,,,,,,,,,,,146.38252483243323,148.2368955706643,148.58259203978525,148.2441557590408,,,,,,,,,,,,,,,,,,144.59628422525682,147.93405718097554,148.5973166757351,148.30169129807342,148.21241810461896,147.0646873119419,,,,,,144.59628422525682,147.61526229985253,#000000,2.8072612362673057,147.43649485634538,0.08496008158177856,62.69559615087507,5.643654854436228,True,False,True,False,True,0.0,0.0,0.0,0.0,0.0,0,1.0086317861739988,0.9214810327856437,False,False,False,False,0.0011999975650877296,-0.03442094122287936,False,False,False,False,-285672.0,-321079.64243626874,False,False,False,False,13795.014347082712,False,False,False,False
2025-05-16 15:00:00+00:00,147.67,148.145,147.45,147.77,8621.0,,,,,,,,,,,,,,,,,,,,146.4035671586594,148.23289413541636,148.577215469418,148.2415344088288,,,,,,,,,,,,,,,,,,144.74987386281182,147.93263739128437,148.5917005816138,148.29866217213595,148.21002925915784,147.0679222987425,,,,,,144.74987386281182,147.6306036738069,#000000,2.7969571352125864,147.45414757063656,0.11292716123067754,65.59020071753739,8.309023176490328,True,False,True,False,True,0.11033219087710577,0.0,0.0,0.0,0.0,0,1.0147968281670905,0.9190727321015288,False,False,False,False,0.016051375239707875,-0.009184782991585741,False,False,False,False,-277051.0,-320397.0278248537,False,False,False,False,13714.797070383753,False,False,False,False
2025-05-16 16:00:00+00:00,147.76,148.24,147.76,148.125,8558.0,,,,,,,,,,,,,,,,,,,,146.4275508983231,148.23121560552835,148.57364069683427,148.24039988281984,,,,,,,,,,,,,,,,,,144.89993758700527,147.93368180103585,148.58793600396672,148.29716558938426,148.2090930478008,147.07222442262278,,,,,,144.89993758700527,147.64728455353213,#000000,2.7795552061695985,147.47322256132824,0.23448983392200648,68.26461800190802,10.860534637516523,True,False,True,False,True,1.0138770701924749,0.0,0.0,0.0,0.0,0,1.0122500866751416,0.9340498478369736,False,False,False,False,0.028207475565845564,0.00951134628712991,False,False,False,False,-268493.0,-319592.3142151661,False,False,False,False,13634.84672820726,False,False,False,False
2025-05-16 17:00:00+00:00,148.09,148.335,148.015,148.165,7138.0,,,,,,,,,,,,,,,,,,,,146.44859279003063,148.23078280367602,148.57141513107322,148.24007599743328,,,,,,,,,,,,,,,,,,145.01978200404378,147.93556816410987,148.5855731694774,148.2965589715843,148.208920264889,147.0762610362629,,,,,,145.01978200404378,147.66135303325802,#000000,2.7429497947605492,147.48933112976562,0.2463292880988946,70.13373806310366,12.76024630022782,True,False,True,False,True,1.1163671022908694,0.0,0.0,0.0,0.0,0,1.0087339619724842,0.9301283042201268,False,False,False,False,0.038719334224152586,0.02411534025564125,False,False,False,False,-261355.0,-318689.41011880693,False,False,False,False,13534.12042234358,False,False,False,False
2025-05-16 18:00:00+00:00,148.13,148.355,148.0,148.305,7817.0,,,,,,,,,,,,,,,,,,,,146.47169167764858,148.2306976570734,148.56929725193476,148.2399729279754,,,,,,,,,,,,,,,,,,145.1432067810324,147.93801589765496,148.58331474551733,148.29615584451744,148.20897599959844,147.08084132181946,,,,,,145.1432067810324,147.6762170104772,#000000,2.7089607278854335,147.50644553084746,0.2947825935357455,71.70332807079451,14.487395602634635,True,False,True,False,True,1.4800963774462446,0.0,0.0,0.0,0.0,0,1.0050001938059616,0.9338734059459671,False,False,False,False,0.03886956008771287,0.03149245017167706,False,False,False,False,-253538.0,-317679.31073712005,False,False,False,False,13445.482896415771,False,False,False,False
2025-05-16 19:00:00+00:00,148.34,148.7,148.325,148.62,26826.0,,,,,,,,,,,,,,,,,,,,146.56064001686102,148.23907812854478,148.56887245785884,148.24531171120236,,,,,,,,,,,,,,,,,,145.5412126321843,147.95552312679155,148.58258851705125,148.3006318466949,148.21473485576922,147.10073565217735,,,,,,145.5412126321843,147.73093289451353,#000000,2.684394133666889,147.56908946779242,0.3914889095559283,73.47042515505787,16.467258225816266,True,False,True,False,True,2.301790484811292,0.0,0.0,0.0,0.0,0,1.0085629768021176,0.9310680367429554,False,False,False,False,0.05901842495027844,0.045255437560977746,False,False,False,False,-226712.0,-316268.96483421896,False,False,False,False,13652.93277399072,False,False,False,False
2025-05-19 14:00:00+00:00,149.11,150.43,149.11,149.91,12277.0,,,,,,,,,,,,,,,,,,,,146.62323934251316,148.25789973531786,148.5803375204535,148.257664548473,,,,,,,,,,,,,,,,,,145.75830439589825,147.97963958534532,148.59420322108147,148.31284747841423,148.22708009510316,147.11748209220553,,,,,,145.75830439589825,147.7708698014806,"rgba(38, 166, 154, 0.5)",2.6579223800515157,147.6130752109256,0.8641805367656715,76.82264878391588,19.900556113865846,True,False,True,False,True,5.5456195863964375,0.0,0.0,0.0,0.0,0,1.010557661072009,0.9213009513496796,False,False,False,False,0.13521811954334242,0.09023677855216009,False,False,False,False,-214435.0,-314690.14367399854,False,False,False,False,13631.600482921098,False,False,False,False
2025-05-19 15:00:00+00:00,149.91,150.305,149.845,150.04,8521.0,,,,,,,,,,,,,,,,,,,,146.66853885216057,148.27272701147763,148.5897349893878,148.2674631853061,,,,,,,,,,,,,,,,,,145.9048570355603,147.9982123888745,148.60373768662217,148.32258260604337,148.23684953402787,147.13003540208032,,,,,,145.9048570355603,147.79947386915404,"rgba(38, 166, 154, 0.5)",2.654775650927417,147.6445109455853,0.9023320119641214,79.2285374168864,22.394627116223916,True,False,True,False,True,5.862848889505507,0.0,0.0,0.0,0.0,0,1.0192740246645469,0.9178236252229897,False,False,False,False,0.15390373170832847,0.12207025513024428,False,False,False,False,-205914.0,-313003.6918340916,False,False,False,False,13552.366366906816,False,False,False,False
2025-05-19 16:00:00+00:00,149.99,150.485,149.765,150.225,7579.0,,,,,,,,,,,,,,,,,,,,146.70893940689982,148.28640087912254,148.59852649254344,148.27654597918968,,,,,,,,,,,,,,,,,,146.0298622582588,148.015203174702,148.6126599525348,148.33161858313454,148.24589945564304,147.14147009227037,,,,,,146.0298622582588,147.82471262742988,"rgba(38, 166, 154, 0.5)",2.6195526490378866,147.6722539225102,0.9744969540609778,81.08520504119839,24.39542110653923,True,False,True,False,True,6.318378378695741,0.0,0.0,0.0,0.0,0,1.0171230235248747,0.9119938295410726,False,False,False,False,0.15697680462781513,0.13952352987902972,False,False,False,False,-198335.0,-311225.88265836926,False,False,False,False,13459.756035636941,False,False,False,False
2025-05-19 17:00:00+00:00,150.225,150.57,150.2,150.44,9232.0,,,,,,,,,,,,,,,,,,,,146.7603121857294,148.30493669965648,148.61076451121426,148.28891775359577,,,,,,,,,,,,,,,,,,146.18101599917136,148.03786714700476,148.6250917056455,148.34396608505924,148.2582062517365,147.15640431026537,,,,,,146.18101599917136,147.85674826490785,"rgba(38, 166, 154, 1.0)",2.6189327875961754,147.70736029173796,1.0434172733276725,82.61932057699217,26.135957320382133,True,False,True,False,True,6.8508617393822355,0.0,0.0,0.0,0.0,0,1.0204199353945547,0.9115905245346876,False,False,False,False,0.173005652415373,0.15626459114720137,False,False,False,False,-189103.0,-309332.5046326581,False,False,False,False,13394.209430433268,False,False,False,False
2025-05-19 18:00:00+00:00,150.385,150.675,150.255,150.525,10852.0,,,,,,,,,,,,,,,,,,,,146.82021569493412,148.32714630289726,148.62558527678289,148.30383233138826,,,,,,,,,,,,,,,,,,146.34904432732543,148.06486514700345,148.64014708610063,148.3588615708285,148.27303823123896,147.17422238341376,,,,,,146.34904432732543,147.8936958351913,"rgba(38, 166, 154, 1.0)",2.628873158043463,147.74786524854207,1.0563973932940973,83.76301143949681,27.556722860852148,True,False,True,False,True,7.063344672405016,0.0,0.0,0.0,0.0,0,1.0207758356332415,0.9110702238577129,False,False,False,False,0.1779549930195684,0.1671097920833849,False,False,False,False,-178251.0,-307300.2332430045,False,False,False,False,13354.795330736628,False,False,False,False
2025-05-19 19:00:00+00:00,150.53,150.715,150.19,150.54,28108.0,,,,,,,,,,,,,,,,,,,,146.9666393522701,148.38253629067293,148.66283803407418,148.34147966687166,,,,,,,,,,,,,,,,,,146.72855461135174,148.13200787845182,148.67796393398302,148.39643710448044,148.31049526589027,147.21945297385884,,,,,,146.72855461135174,147.9818405111905,"rgba(38, 166, 154, 1.0)",2.635414860413217,147.84478562301464,1.022690741207536,84.54875766002222,28.689473796368645,True,False,True,False,True,7.101466203736514,0.0,0.0,0.0,0.0,0,1.0201962356354752,0.911121291948231,False,False,False,False,0.17718109559485282,0.17214544383911884,False,False,False,False,-150143.0,-304863.68699117494,False,False,False,False,13583.527186074043,False,False,False,False
2025-05-20 14:00:00+00:00,149.97,150.31,149.77,150.285,6553.0,,,,,,,,,,,,,,,,,,,,146.99578281069836,148.39289791382922,148.66963239318096,148.34862526362082,,,,,,,,,,,,,,,,,,146.7996769994018,148.1448118007136,148.68484289287198,148.40352738838268,148.31762817608035,147.2286764982608,,,,,,146.7996769994018,147.99861021370404,"rgba(38, 166, 154, 0.5)",2.6372652929171836,147.8634355395044,0.9182104155388229,82.56352338287351,28.689473796368645,True,False,True,False,True,6.309998902795055,0.0,0.0,0.0,0.0,0,1.0151440391695452,0.9129692185068515,False,False,False,False,0.15175429880452931,0.1619498713218241,False,False,False,False,-156696.0,-302566.51354945125,False,False,False,False,13474.526764584522,False,False,False,False
2025-05-20 15:00:00+00:00,150.27,150.58,150.13,150.435,5290.0,,,,,,,,,,,,,,,,,,,,147.02084385044895,148.40241735947234,148.67604511495227,148.3551916982682,,,,,,,,,,,,,,,,,,146.85927899278957,148.15637205652004,148.69134463725345,148.41006848624338,148.32416944442446,147.23674499914694,,,,,,146.85927899278957,148.01324766395197,"rgba(38, 166, 154, 0.5)",2.6352322187707062,147.87960813305972,0.9697027262866166,81.63019569750017,28.689473796368645,True,False,True,False,False,6.705178795722151,0.0,0.0,0.0,0.0,0,1.017815939781367,0.9112229072890273,False,False,False,False,0.17115182381021365,0.16655084756601887,False,False,False,False,-151406.0,-300222.9396959714,False,False,False,False,13347.634876761505,False,False,False,False
2025-05-20 16:00:00+00:00,150.43,150.6,149.88,150.54,5939.0,,,,,,,,,,,,,,,,,,,,147.04819769827208,148.41277397076368,148.6830130913894,148.36236282953982,,,,,,,,,,,,,,,,,,146.92310904917758,148.16896865783607,148.6984064539425,148.41720660968303,148.33131627337872,147.24563495152867,,,,,,146.92310904917758,148.02909895855117,"rgba(38, 166, 154, 1.0)",2.6367446008459794,147.8971483344608,1.0023161381239747,81.28643953266922,28.689473796368645,True,False,True,False,False,6.984677655735737,0.0,0.0,0.0,0.0,0,1.0232186965608971,0.9106593197795941,False,False,False,False,0.16405614624130946,0.16530349690366417,False,False,False,False,-145467.0,-297823.62280146015,False,False,False,False,13232.772320532646,False,False,False,False
2025-05-20 17:00:00+00:00,150.55,151.13,150.55,150.815,18445.0,,,,,,,,,,,,,,,,,,,,147.14261907629,148.45227323753133,148.710598855231,148.38976360529176,,,,,,,,,,,,,,,,,,147.1337204783258,148.21583381362515,148.72641279474888,148.44462659389103,148.35854765737125,147.27725878889402,,,,,,147.1337204783258,148.08516549012,"rgba(38, 166, 154, 1.0)",2.6417913353366487,147.95854936730674,1.0812552053166795,81.7585674028134,28.689473796368645,True,False,True,False,False,7.720532466100334,0.0,0.0,0.0,0.0,0,1.0405550444648881,0.8996090156393749,False,False,False,False,0.20127463990824687,0.18328906840595552,False,False,False,False,-127022.0,-295175.5356262437,False,False,False,False,13313.582051997255,False,False,False,False
2025-05-20 18:00:00+00:00,150.815,151.125,150.78,151.05,15619.0,,,,,,,,,,,,,,,,,,,,147.2221384521139,148.48681712600126,148.73505929449328,148.4139225550696,,,,,,,,,,,,,,,,,,147.3017816724593,148.25649937523093,148.75124541562423,148.4688236657277,148.38254847595726,147.30474110797945,,,,,,147.3017816724593,148.1323577140657,"rgba(38, 166, 154, 1.0)",2.6498989441891463,148.01010884491888,1.14717248434971,82.61766126959418,28.689473796368645,True,False,True,False,False,8.349313010716134,0.0,0.0,0.0,0.0,0,1.0485806600507732,0.8860296945918922,False,False,False,False,0.2083117419384983,0.1958004051722269,False,False,False,False,-111403.0,-292326.34902738716,False,False,False,False,13349.324965919779,False,False,False,False
2025-05-20 19:00:00+00:00,151.045,151.415,150.84,151.135,20802.0,,,,,,,,,,,,,,,,,,,,147.32696111262268,148.53397386989235,148.768878806228,148.44718420963807,,,,,,,,,,,,,,,,,,147.51205135991012,148.31162187210379,148.78557541758354,148.50215986356662,148.41558427075185,147.34213411785004,,,,,,147.51205135991012,148.1946124900147,"rgba(38, 166, 154, 1.0)",2.660774446971783,148.0779583994328,1.1489292540547396,83.38355857218718,29.484491097985654,True,False,True,False,False,8.578426519861633,0.0,0.0,0.0,0.0,0,1.0618720664106445,0.8766437798207848,False,False,False,False,0.21929918033204793,0.20754979275213742,False,False,False,False,-90601.0,-289198.82423626486,False,False,False,False,13464.870315285363,False,False,False,False
2025-05-21 14:00:00+00:00,151.14,151.64,150.51,150.71,9745.0,,,,,,,,,,,,,,,,,,,150.95333333333335,147.3719641527583,148.55402685706377,148.7832346525982,148.4614797629507,,,,,,,,,,,,,,,,,,147.59837773390203,148.33515037685606,148.80013287089002,148.5164603908036,148.42979906830166,147.35859577421385,,,,,,147.59837773390203,148.46932317942466,"rgba(38, 166, 154, 0.5)",2.6579661414339633,148.32569365842926,0.8970416531658392,79.01848693690069,32.998918524864365,True,False,True,False,False,7.13785979758671,0.0,0.0,0.0,0.0,0,1.060813687918554,0.8678047458676892,False,False,False,False,0.20441221866530734,0.20598100570872238,False,False,False,False,-100346.0,-286270.8734729119,False,False,False,False,13407.197907296442,False,False,False,False
2025-05-21 15:00:00+00:00,150.74,151.34,150.57,150.945,10644.0,,,,,,,,,,,,,,,,,,,150.95246325633104,147.41983732503084,148.5755384008703,148.79868891768047,148.47689859884727,,,,,,,,,,,,,,,,,,147.68780661379967,148.36035910488684,148.81579936839424,148.5318801671247,148.44513422981103,147.37639716323272,,,,,,147.68780661379967,148.494618467819,"rgba(38, 166, 154, 0.5)",2.6609335505346055,148.35379202136687,0.9737965753081376,77.06695456836914,31.135395162475206,True,False,True,False,False,7.7914664494993495,0.0,0.0,0.0,0.0,0,1.0580247395325242,0.8801654505014246,False,False,False,False,0.19392161820735695,0.19995131195803967,False,False,False,False,-89702.0,-283223.29403922334,False,False,False,False,13364.35762966394,False,False,False,False
2025-05-21 16:00:00+00:00,150.98,151.045,150.36,150.46,4904.0,,,,,,,,,,,,,,,,,,,150.88832588726788,147.43944478437976,148.5839615515482,148.80465522753025,148.48299970242599,,,,,,,,,,,,,,,,,,147.72341793331498,148.37035241136846,148.8218374729519,148.537959062822,148.45121504463594,147.3837880112124,,,,,,147.72341793331498,148.4989051899507,"rgba(38, 166, 154, 0.5)",2.660736389636425,148.36017159938814,0.7891906950236433,71.29124651962091,25.830846058768685,True,False,True,False,False,6.145573644272506,0.0,0.0,0.0,0.0,0,1.0449487322152455,0.8961131865511489,False,False,False,False,0.17648625314158745,0.18821878254981356,False,False,False,False,-94606.0,-280298.9949068323,False,False,False,False,13233.189294320313,False,False,False,False
2025-05-21 17:00:00+00:00,150.48,150.55,148.91,148.98,4623.0,,,,,,,,,,,,,,,,,,,150.67069349734814,147.45115715972486,148.5874254062598,148.80673246210785,148.48566615410246,,,,,,,,,,,,,,,,,,147.7432902883208,148.37495606403115,148.82390549245198,148.54053524573789,148.4539174616306,147.38827878040803,,,,,,147.7432902883208,148.48423254655668,#000000,2.6440619770986977,148.34945807602801,0.23847471407000173,59.74511225363469,15.55928296264186,False,False,True,False,False,1.4152596901377912,0.0,0.0,0.0,0.0,0,1.0256319115323855,0.9010663507109007,False,False,False,False,0.11022174537134771,0.14922026396058063,False,False,False,False,-99229.0,-277491.7081640907,False,False,False,False,13099.697987431626,False,False,False,False
2025-05-21 18:00:00+00:00,148.965,148.97,148.17,148.17,3350.0,,,,,,,,,,,,,,,,,,,150.44571935309324,147.45523918565314,148.58700427104185,148.80590947513673,148.48557137556097,,,,,,,,,,,,,,,,,,147.74892828825153,148.37514103113554,148.8230257945253,148.54032982123044,148.45388468744568,147.3899037856336,,,,,,147.74892828825153,148.46460518806435,#000000,2.6287618261719845,148.33350349006736,-0.06219790946426849,49.699334780286335,7.101241956978079,False,True,False,True,False,0.0,0.0,0.0,0.0,0.0,0,1.0182055129926546,0.9145802069346816,False,False,False,False,0.032377331511409334,0.09079879773599499,False,False,False,False,-102579.0,-274779.8832313141,False,False,False,False,12948.539879099351,False,False,False,False
2025-05-21 19:00:00+00:00,148.12,148.745,148.06,148.35,24943.0,,,,,,,,,,,,,,,,,,,149.56268540947278,147.48305544094237,148.58288838587723,148.7990534204918,148.48414351215453,,,,,,,,,,,,,,,,,,147.78523926518434,148.3753562520348,148.81574005216063,148.53807569525247,148.45292385209325,147.4012569861575,,,,,,147.78523926518434,148.389128933802,#000000,2.6145777258832843,148.27409470030864,0.02903157130879083,44.07796476172711,2.762083992525227,False,True,False,True,False,0.0,0.0,0.0,0.0,0.0,0,1.021128156340429,0.9151702540928374,False,False,False,False,0.021191236741421142,0.05599501723870806,False,False,False,False,-77636.0,-271723.38891765027,False,False,False,False,13134.50050112882,False,False,False,False
2025-05-22 14:00:00+00:00,147.72,148.19,146.645,147.315,5969.0,,,,,,,,,,,,,,,,,,,149.3599905211547,147.4823465596273,148.57706784505856,148.7935564136373,148.48041612445016,,,,,,,,,,,,,,,,,147.38333333333333,147.7798227945559,148.3702008245594,148.8100611010521,148.5340794168185,148.4493654953893,147.40120818293238,,,,,,147.7798227945559,148.28512071771408,#000000,2.5982709808814017,148.19324173690595,-0.33801006260248734,37.82674948938185,-2.390758807189357,False,True,False,True,False,0.0,0.0,0.0,0.0,0.0,0,1.0079886102981892,0.9212607767143878,False,False,False,False,-0.04457449586308305,0.005710260687812507,False,False,False,False,-83605.0,-268806.82474838436,False,False,False,False,13023.407470103566,False,False,False,False
2025-05-22 15:00:00+00:00,147.315,147.84,147.02,147.43,5181.0,,,,,,,,,,,,,,,,,,,149.21582349322608,147.48202555535042,148.57225702618135,148.7889763365014,148.47733796585646,,,,,,,,,,,,,,,,,147.4050176382661,147.77577795507545,148.36597879761774,148.80532827910073,148.53077282676762,148.44643040420678,147.4012760685689,,,,,,147.77577795507545,148.2722501955599,#000000,2.5798198100356844,148.1823109742561,-0.29161376749242207,34.35122570160657,-5.207071501840616,False,True,False,True,False,0.0,0.0,0.0,0.0,0.0,0,1.0018238769279573,0.9310495222235442,False,False,False,False,-0.043738692350249006,-0.019014215831218248,False,False,False,False,-78424.0,-265855.153046859,False,False,False,False,12901.819757388783,False,False,False,False
2025-05-22 16:00:00+00:00,147.43,147.71,147.02,147.065,6828.0,,,,,,,,,,,,,,,,,,,149.04098759193388,147.48028568157804,148.56507119587383,148.78225988970414,148.47267395842428,,,,,,,,,,,,,,,,,147.3518392850521,147.76811145207984,148.35950145846365,148.79839790564986,148.52579654490478,148.44196423825878,147.40085392427017,,,,,,147.76811145207984,148.24897859384944,#000000,2.5653217612492645,148.16233156246895,-0.42775591703341403,31.209504753459765,-8.030393367435487,False,True,False,True,False,0.0,0.0,0.0,0.0,0.0,0,0.9985252501096102,0.9366654709235126,False,False,False,False,-0.04808556396878243,-0.03354988990000034,False,False,False,False,-85252.0,-263055.1041624116,False,False,False,False,12807.652009212212,False,False,False,False
2025-05-22 17:00:00+00:00,147.065,147.47,146.84,147.305,5181.0,,,,,,,,,,,,,,,,,,,148.92408350539117,147.4786212087793,148.5594219557175,148.77700292833111,148.4689842057599,,,,,,,,,,,,,,,,,147.31898923384716,147.76177039909234,148.35437050812786,148.7929765547905,148.5218681821252,148.43842622081996,147.40039464792716,,,,,,147.76177039909234,148.23307579589243,#000000,2.546109278774133,148.14863007161907,-0.33134087317149247,30.6818647230305,-8.731898057152776,False,True,False,True,False,0.0,0.0,0.0,0.0,0.0,0,1.0003597409864902,0.9322088096570473,False,False,False,False,-0.06214256085720899,-0.04784622537860467,False,False,False,False,-80071.0,-260218.1413071804,False,False,False,False,12689.40934240272,False,False,False,False
2025-05-22 18:00:00+00:00,147.305,147.76,147.305,147.405,7283.0,,,,,,,,,,,,,,,,,,,148.80626836320704,147.47871710693806,148.55321403995669,148.77100118008488,148.46499497845628,,,,,,,,,,,,,,,,,147.35990216367736,147.75753547992306,148.34900395778735,148.78677437416076,148.51757198070172,148.43462817292655,147.40068905159535,,,,,,147.75753547992306,148.2233584041179,#000000,2.529737546476772,148.1404911212202,-0.2907381132262291,30.998945488706095,-8.917832085646623,False,True,False,True,False,0.0,0.0,0.0,0.0,0.0,0,1.0081212559803807,0.9270293088891575,False,False,False,False,-0.03688730072022488,-0.04236676304941477,False,False,False,False,-72788.0,-257312.2476435032,False,False,False,False,12605.589042520505,False,False,False,False
2025-05-22 19:00:00+00:00,147.4,147.56,146.88,146.95,15198.0,,,,,,,,,,,,,,,,,,,148.56095134923464,147.47269023451094,148.53618015097126,148.75518588097273,148.4537387856956,,,,,,,,,,,,,,,,,147.28334534764824,147.7377721597679,148.33341252862766,148.77047936120258,148.50562013254438,148.42381618395237,147.39884578299427,,,,,,147.7377721597679,148.18600315817687,#000000,2.5161783727716633,148.1080927313728,-0.4602585984781104,29.86739816019576,-10.661483046600267,False,True,False,True,False,0.0,0.0,0.0,0.0,0.0,0,1.0004027386226342,0.9305275875956509,False,False,False,False,-0.05778922250690373,-0.05007799277815925,False,False,False,False,-87986.0,-254687.03450174344,False,False,False,False,12645.781460465923,False,False,False,False
2025-05-23 14:00:00+00:00,147.65,148.745,147.65,148.5,6802.0,,,,,,,,,,,,,,,,,,,148.54480754805653,147.4790276893818,148.53491287567832,148.75322376125382,148.4531545440158,,,,,,,,,,,,,,,,,147.41499456542465,147.74556357028084,148.33321286377256,148.7684101237146,148.50482410082864,148.4233524749348,147.40157879604104,,,,,,147.74556357028084,148.19642190944862,#000000,2.5053730333098665,148.1179389842204,0.15249665846162194,37.028326590500015,-10.661483046600267,False,True,False,True,True,0.41763828368842937,0.0,0.0,0.0,0.0,0,1.0048324613602784,0.9124565677543035,False,False,False,False,0.007507721061555518,-0.021285135858301864,False,False,False,False,-81184.0,-251997.06497458462,False,False,False,False,12555.180197512964,False,False,False,False
2025-05-23 15:00:00+00:00,148.5,149.295,148.44,149.115,3859.0,,,,,,,,,,,,,,,,,,,148.55846257968736,147.4854055943873,148.53616382646234,148.75370206450654,148.45421199549807,,,,,,,,,,,,,,,,,147.5202073675423,147.75498688930517,148.33519815998764,148.76886051013622,148.50579189578505,148.4244542927988,147.40424335798252,,,,,,147.75498688930517,148.2084740445066,#000000,2.486223116976356,148.12912356311946,0.3965357856054079,43.873332541143526,-15.816244921858328,False,True,False,True,True,2.1961984112747466,0.0,0.0,0.0,0.0,0,1.0108844083862158,0.914370632179292,False,False,False,False,0.0522669526185098,0.015490908380103967,False,False,False,False,-77325.0,-249288.9709439709,False,False,False,False,12420.355698326717,False,False,False,False
2025-05-23 16:00:00+00:00,149.02,149.02,148.63,148.67,6170.0,,,,,,,,,,,,,,,,,,,148.56944826538503,147.49427256182543,148.53730114620384,148.7537780629835,148.4552942515038,,,,,,,,,,,,,,,,,147.64397339031976,147.76756823105848,148.33744141789236,148.76887817730508,148.50671861084956,148.42561741333128,147.40799987904109,,,,,,147.76756823105848,148.22235761730826,#000000,2.471534917181443,148.14222447325602,0.21354160245724754,46.629745352583114,-13.122582711128594,False,True,False,False,True,0.8605044389390102,0.0,0.0,0.0,0.0,0,1.008331648129424,0.9169261880687565,False,False,False,False,0.049423414013243,0.03245716119667348,False,False,False,False,-83495.0,-246718.52178204886,False,False,False,False,12323.450958817775,False,False,False,False
2025-05-23 17:00:00+00:00,148.71,149.175,148.705,148.99,3095.0,,,,,,,,,,,,,,,,,,,148.57913068067057,147.49930555432005,148.53830749495248,148.75417129340866,148.45614572650436,,,,,,,,,,,,,,,,,147.70593821492844,147.77489211630092,148.339027703055,148.76924951586506,148.50749905008274,148.4265040270609,147.41012845905672,,,,,,147.77489211630092,148.2300249863505,#000000,2.4437821226662764,148.14946796018526,0.3439472087215731,49.59662895053313,-10.102454734879416,False,True,False,False,True,1.7899958383903645,0.0,0.0,0.0,0.0,0,1.0005662972251437,0.9167543079038915,False,False,False,False,0.0571196697194771,0.04478841545807529,False,False,False,False,-80400.0,-244139.94004899383,False,False,False,False,12180.374199766336,False,False,False,False
2025-05-23 18:00:00+00:00,149.035,149.33,149.025,149.07,4048.0,,,,,,,,,,,,,,,,,,,148.59694551580438,147.5066652496967,148.5401952716399,148.75515109087,148.45766504368254,,,,,,,,,,,,,,,,,147.78942470863137,147.78581446217444,148.3417079821176,148.77021021817114,148.50893446185648,148.42806227662226,147.41323562111168,,,,,,147.78581446217444,148.2411676585315,#000000,2.404858788534789,148.1599894305088,0.3784049915236956,51.86391531785734,-7.6398572547596615,False,True,True,False,True,2.0233918101279897,0.0,0.0,0.0,0.0,0,1.000852930425247,0.9195402298850576,False,False,False,False,0.0730365634423785,0.058912489450226896,False,False,False,False,-76352.0,-241538.5766373815,False,False,False,False,12054.290878839727,False,False,False,False
2025-05-23 19:00:00+00:00,149.07,149.69,149.01,149.325,17826.0,,,,,,,,,,,,,,,,,,,148.6880920340453,147.54217554566952,148.55108791379425,148.7616099181467,148.4662093361318,,,,,,,,,,,,,,,,,148.10587330359863,147.83870527771157,148.35619954787524,148.7766289611815,148.5171527962323,148.43674501217163,147.42835489614131,,,,,,147.83870527771157,148.289069545225,#000000,2.3599642938969816,148.2056758597626,0.47429706590562626,54.32626592252555,-4.918591695464443,False,True,True,False,True,2.7723379720991055,0.0,0.0,0.0,0.0,0,1.0014638906961615,0.9156229668184779,False,False,False,False,0.0846199987119361,0.0717662440810815,False,False,False,False,-58526.0,-238701.17234842986,False,False,False,False,12143.774741183297,False,False,False,False
2025-05-26 14:00:00+00:00,149.325,149.325,149.325,149.325,0.0,,,,,,,,,,,,,,,,,,,148.6880920340453,147.54217554566952,148.55108791379425,148.7616099181467,148.4662093361318,,,,,,,,,,,,,,,,,148.10587330359863,147.83870527771157,148.35619954787524,148.7766289611815,148.5171527962323,148.43674501217163,147.42835489614131,,,,,,147.83870527771157,148.289069545225,#000000,2.319242362310446,148.2056758597626,0.48262491166395505,55.96783299230436,-2.9056814569826344,False,False,True,False,True,2.7723379720991055,0.0,0.0,0.0,0.0,0,1.004287989545473,0.9155470249520156,False,False,False,False,0.08293990875094404,0.07735307641601277,False,False,False,False,-58526.0,-235907.758823648,False,False,False,False,11955.49916380061,False,False,False,False
2025-05-26 15:00:00+00:00,149.325,149.325,149.325,149.325,0.0,,,,,,,,,,,,,,,,,,,148.6880920340453,147.54217554566952,148.55108791379425,148.7616099181467,148.4662093361318,,,,,,,,,,,,,,,,,148.10587330359863,147.83870527771157,148.35619954787524,148.7766289611815,148.5171527962323,148.43674501217163,147.42835489614131,,,,,,147.83870527771157,148.289069545225,#000000,2.273194842681329,148.2056758597626,0.4924013195970001,57.06221103882356,-1.3281410091739474,False,False,True,False,True,2.772337972099084,0.0,0.0,0.0,0.0,0,1.0071954278195798,0.9146005509641877,False,False,False,False,0.08293990875094404,0.0801464925834784,False,False,False,False,-58526.0,-233157.65403568448,False,False,False,False,11770.142587617654,False,False,False,False
2025-05-26 16:00:00+00:00,149.325,149.325,149.325,149.325,0.0,,,,,,,,,,,,,,,,,,,148.6880920340453,147.54217554566952,148.55108791379425,148.7616099181467,148.4662093361318,,,,,,,,,,,,,,,,,148.10587330359863,147.83870527771157,148.35619954787524,148.7766289611815,148.5171527962323,148.43674501217163,147.42835489614131,,,,,,147.83870527771157,148.289069545225,#000000,2.2441122926409403,148.2056758597626,0.49878258940426123,57.7917964031697,-0.026676162517262014,False,False,True,False,True,2.772337972099084,0.0,0.0,0.0,0.0,0,1.019706078824315,0.9093603874415501,False,False,False,False,0.08293990875094404,0.08154320066721121,False,False,False,False,-58526.0,-230450.18653125525,False,False,False,False,11587.659756801877,False,False,False,False
2025-05-26 17:00:00+00:00,149.325,149.325,149.325,149.325,0.0,,,,,,,,,,,,,,,,,,,148.6880920340453,147.54217554566952,148.55108791379425,148.7616099181467,148.4662093361318,,,,,,,,,,,,,,,,,148.10587330359863,147.83870527771157,148.35619954787524,148.7766289611815,148.5171527962323,148.43674501217163,147.42835489614131,,,,,,147.83870527771157,148.289069545225,#000000,2.2454889212587292,148.2056758597626,0.49847680371094155,58.27818664606712,1.0898168273966533,False,False,True,False,True,2.7723379720991055,0.0,0.0,0.0,0.0,0,1.02115069872844,0.8972260690754965,False,False,False,False,0.08293990875094404,0.08224155470907762,False,False,False,False,-58526.0,-227784.69526720478,False,False,False,False,11408.006117161538,False,False,False,False
2025-05-26 18:00:00+00:00,149.325,149.325,149.325,149.325,0.0,,,,,,,,,,,,,,,,,,,148.6880920340453,147.54217554566952,148.55108791379425,148.7616099181467,148.4662093361318,,,,,,,,,,,,,,,,,148.10587330359863,147.83870527771157,148.35619954787524,148.7766289611815,148.5171527962323,148.43674501217163,147.42835489614131,,,,,,147.83870527771157,148.289069545225,#000000,2.239146328241965,148.2056758597626,0.49988878623944305,58.60244680799874,2.0724515239724823,False,False,True,False,True,2.7723379720991055,0.0,0.0,0.0,0.0,0,1.017922055964156,0.9024854171950297,False,False,False,False,0.08293990875094404,0.08259073173001083,False,False,False,False,-58526.0,-225160.52944910858,False,False,False,False,11231.13780526756,False,False,False,False
2025-05-26 19:00:00+00:00,149.325,149.325,149.325,149.325,0.0,,,,,,,,,,,,,,,,,,,148.6880920340453,147.54217554566952,148.55108791379425,148.7616099181467,148.4662093361318,,,,,,,,,,,,,,,,,148.10587330359863,147.83870527771157,148.35619954787524,148.7766289611815,148.5171527962323,148.43674501217163,147.42835489614131,,,,,,147.83870527771157,148.289069545225,"rgba(38, 166, 154, 0.5)",2.2328826195734037,148.2056758597626,0.5012910801604208,58.81862024928648,2.9495671346647967,False,False,True,False,True,2.7723379720991055,0.0,0.0,0.0,0.0,0,1.017468548112887,0.9013515810948661,False,False,False,False,0.08293990875094404,0.08276532024047743,False,False,False,False,-58526.0,-222577.04837237822,False,False,False,False,11057.011637744032,False,False,False,False
2025-05-27 14:00:00+00:00,151.62,152.85,151.5,152.79,11887.0,,,,,,,,,,,,,,,,,,,148.96666778810342,147.60380919973122,148.5854770097269,148.78798721910513,148.49127324661774,,,,,,,,,,,,,,,,,148.6173811920894,147.93936945000766,148.39471289199372,148.80341777136786,148.54240827327607,148.46157794244715,147.45410803065332,,,,,,147.93936945000766,148.38734916792663,"rgba(0, 255, 255, 0.75)",2.298770382241443,148.29757707572716,1.9542721443506856,68.05913931676811,11.923799408402054,True,False,True,False,True,12.768984613002896,0.0,0.0,0.0,0.0,0,1.0151691463718728,0.8959354999584411,False,False,False,False,0.28004027969467893,0.1814027999675782,False,False,False,False,-46639.0,-219849.3266921863,False,False,False,False,11069.879674368154,False,False,False,False
2025-05-27 15:00:00+00:00,152.79,153.07,152.425,152.94,13535.0,,,,,,,,,,,,,,,,,,,149.27088100847016,147.67827522790725,148.62825905504977,148.82111057926622,148.52254881526756,,,,,,,,,,,,,,,,,149.12038179369495,148.05931652652404,148.44233144107446,148.83706306020798,148.57395580352704,148.49254886587747,147.48564857762557,,,,,,148.05931652652404,148.49436006287436,"rgba(0, 255, 255, 0.75)",2.36500667008568,148.39852529199248,1.920279872970922,74.36119322704936,17.670637975993415,True,False,True,False,True,13.147141923390667,0.0,0.0,0.0,0.0,0,1.022271159679229,0.8927577180371469,False,False,False,False,0.3218155385859159,0.25160916927674704,False,False,False,False,-33104.0,-216954.05030936172,False,False,False,False,11108.098594145391,False,False,False,False
2025-05-27 16:00:00+00:00,152.97,153.145,152.46,152.485,13592.0,,,,,,,,,,,,,,,,,,,149.52303373352177,147.74931426287128,148.66920109735955,148.8528862471779,148.55267374409567,,,,,,,,,,,,,,,,,149.50478136977344,148.17119457722225,148.48789667480392,148.86932510624405,148.60432337679975,148.52239321017956,147.5162745598688,,,,,,148.17119457722225,148.58527482999318,"rgba(0, 255, 255, 0.75)",2.4225818220825697,148.76600713948503,1.5351361207350096,75.74211020532098,18.825747647158607,True,False,True,False,True,11.519813353784087,0.0,0.0,0.0,0.0,0,1.0216209434593513,0.8995483439277354,False,False,False,False,0.3258845083125135,0.28874683879463026,False,False,False,False,-46696.0,-214314.39061464294,False,False,False,False,11146.608693460965,False,False,False,False
2025-05-27 17:00:00+00:00,152.485,152.815,152.45,152.815,11567.0,,,,,,,,,,,,,,,,,,,149.70991064057483,147.80816466733833,148.70337158264954,148.87949717781152,148.57794978269484,,,,,,,,,,,,,,,,,149.7720014345643,148.2621712415095,148.52588147584186,148.8963352533985,148.6297957180579,148.54743946042916,147.54203902780347,,,,,,148.2621712415095,148.6545464552228,"rgba(0, 255, 255, 0.75)",2.4835364787821557,148.82811439190624,1.6053259705083112,77.18972009947187,20.26073437767276,True,False,True,False,True,12.375447517317838,0.0,0.0,0.0,0.0,0,1.0152271487897981,0.90226100088091,False,False,False,False,0.31334070000981273,0.3010437694022215,False,False,False,False,-35129.0,-211536.32254309807,False,False,False,False,11153.126388135988,False,False,False,False
2025-05-27 18:00:00+00:00,152.82,152.895,152.555,152.79,12716.0,,,,,,,,,,,,,,,,,,,149.89472102042313,147.87195400891932,148.7407661784682,148.9087323461631,148.6057384022316,,,,,,,,,,,,,,,,,150.0229407732231,148.35920639687896,148.56737981578974,148.92600246879314,148.65779737353864,148.5749786002449,147.57035868387695,,,,,,148.35920639687896,148.72504800571258,"rgba(0, 255, 255, 0.75)",2.540031566803963,148.89302305660036,1.5342238239594292,77.9885032950959,21.248719857878854,True,False,True,False,True,12.284500795994461,0.0,0.0,0.0,0.0,0,1.0199588217992355,0.8961300894995593,False,False,False,False,0.32015393197235953,0.31059885068729054,False,False,False,False,-47845.0,-208998.47258118956,False,False,False,False,11177.356986769539,False,False,False,False
2025-05-27 19:00:00+00:00,152.79,153.085,152.46,152.52,26796.0,,,,,,,,,,,,,,,,,,,150.21226153308842,147.9995773090533,148.8162301704222,148.9679994573326,148.6622922583691,,,,,,,,,,,,,,,,,150.42524264972332,148.5479929331823,148.65102649068493,148.98611433719108,148.71475057826515,148.6310492851192,147.62837692206043,,,,,,148.5479929331823,148.85357616037433,"rgba(38, 166, 154, 1.0)",2.5899355308683454,149.0098791234042,1.3552927610591696,76.65445897876462,21.248719857878854,True,False,True,False,True,11.294628708147911,0.0,0.0,0.0,0.0,0,1.019306639805255,0.8941912196759849,False,False,False,False,0.32366378583628647,0.31713131826178853,False,False,False,False,-74641.0,-206915.41099078354,False,False,False,False,11419.50649085063,False,False,False,False
2025-05-28 14:00:00+00:00,150.94,151.03,149.98,150.35,6702.0,,,,,,,,,,,,,,,,,,,150.21892560068852,148.01573228698925,148.82402038127438,148.97380210759067,148.66847617818559,,,,,,,,,,,,,,,,,150.42626451723794,148.56855025462698,148.66013012756886,148.99195417258568,148.72087341973915,148.63724101600317,147.63636390935716,,,,,,148.56855025462698,148.86186116432063,"rgba(38, 166, 154, 0.5)",2.599110159578056,149.00431797395234,0.517747207092644,66.17601403824725,23.282408443246425,True,False,True,False,False,3.951637908180466,0.0,0.0,0.0,0.0,0,1.0061303951619587,0.9078783862148957,False,False,False,False,0.16292284666964754,0.24002708246571802,False,False,False,False,-81343.0,-204968.5519056551,False,False,False,False,11346.366855333565,False,False,False,False
2025-05-28 15:00:00+00:00,150.33,150.4,149.895,150.36,13896.0,,,,,,,,,,,,,,,,,,,150.21889349431743,148.045394791377,148.83764282076683,148.98380187393883,148.67949251947664,,,,,,,,,,,,,,,,,150.41168117726824,148.60464947212833,148.67628006901688,149.0019921555946,148.7317286372505,148.64830189722522,147.65141157924057,,,,,,148.60464947212833,148.87427254063346,"rgba(38, 166, 154, 0.5)",2.6071831439210778,148.99303356858445,0.5243077896552027,59.2271184414735,17.14343452484303,False,False,True,False,False,3.9800552688971322,0.0,0.0,0.0,0.0,0,1.000999125764956,0.9183630989550815,False,False,False,False,0.1385182074011219,0.18927264493341994,False,False,False,False,-67447.0,-202836.4348218465,False,False,False,False,11385.896051374904,False,False,False,False
2025-05-28 16:00:00+00:00,150.16,150.88,150.1,150.875,6903.0,,,,,,,,,,,,,,,,,,,150.22936797306417,148.06249312318457,148.84624341480458,148.99030010854221,148.6863144163802,,,,,,,,,,,,,,,,,150.41863865667807,148.6263023240478,148.6862278396226,149.00853762094746,148.7384980530198,148.65512445273905,147.65997637091482,,,,,,148.6263023240478,148.88400202949543,"rgba(38, 166, 154, 0.5)",2.6235860198598138,148.99530839673056,0.7164589188388316,56.49681810412953,14.887861452055688,False,False,True,False,False,5.442088871586005,0.0,0.0,0.0,0.0,0,0.9958402309096314,0.9342926270215209,False,False,False,False,0.1618951991511095,0.17558392204226472,False,False,False,False,-60544.0,-200630.35056104264,False,False,False,False,11316.393787012503,False,False,False,False
2025-05-28 17:00:00+00:00,150.875,151.32,150.83,151.06,11197.0,,,,,,,,,,,,,,,,,,,150.26366529417479,148.09456603930528,148.86352970872474,149.0036253465107,148.6998415005649,,,,,,,,,,,,,,,,,150.45236783039124,148.66819379249173,148.70587047237768,149.02199013148945,148.75198922049998,148.66861407187415,147.67586926838982,,,,,,148.66819379249173,148.90584355639953,"rgba(38, 166, 154, 0.5)",2.6213985126574,149.00972496271478,0.7821302359734631,55.33726697118308,13.812449147803086,False,False,True,False,False,5.9630401478604576,0.0,0.0,0.0,0.0,0,0.9906617772471433,0.9311785775200415,False,False,False,False,0.2022480992586424,0.18891601065045355,False,False,False,False,-49347.0,-198284.87225777065,False,False,False,False,11314.542720547191,False,False,False,False
2025-05-28 18:00:00+00:00,151.06,151.295,150.79,151.26,26253.0,,,,,,,,,,,,,,,,,,,150.33799389521315,148.1682465918855,148.90383053355933,149.0348747017222,148.7315545280503,,,,,,,,,,,,,,,,,150.52410898588496,148.762739284104,148.7515331865797,149.05353159717217,148.78361958203573,148.70024092640833,147.71304432212077,,,,,,148.762739284104,148.95544317789467,"rgba(38, 166, 154, 0.5)",2.6273802593129356,149.0472487174415,0.8421892014736855,55.2990276235887,13.492875298267407,False,False,True,False,False,6.5287464867816105,0.0,0.0,0.0,0.0,0,0.9939932209207535,0.9289912901703359,False,False,False,False,0.19999032379358245,0.194453167222018,False,False,False,False,-23094.0,-195568.7347033866,False,False,False,False,11546.146709375918,False,False,False,False
2025-05-28 19:00:00+00:00,151.275,151.78,151.165,151.72,34645.0,,,,,,,,,,,,,,,,,,,150.4637272642329,148.27387198343135,148.96501023993918,149.08315376502424,148.77964643643892,,,,,,,,,,,,,,,,,150.65298477724573,148.89821435706975,148.81994471730482,149.10230860207668,148.8317247373696,148.7481276713527,147.7670781282074,,,,,,148.89821435706975,149.03214938997442,"rgba(38, 166, 154, 0.5)",2.6444453632623177,149.11810843226814,0.9839082341720358,56.88942988638547,13.492875298267407,False,False,True,False,False,7.820699224135314,0.0,0.0,0.0,0.0,0,0.9970325133321865,0.9218991914674011,False,False,False,False,0.23003511479999314,0.21224414101100558,False,False,False,False,11551.0,-192357.57602581472,False,False,False,False,11904.268465819703,False,False,False,False
2025-05-29 14:00:00+00:00,152.105,153.155,152.01,152.825,13277.0,,,,,,,,,,,,,,,,,,,150.54749924702034,148.3257156154222,148.99743003707937,149.10924676971234,148.80483309341952,,,,,,,,,,,,,,,,,150.7448954050536,148.96694344651726,148.85555414826135,149.12872181219802,148.85704432497218,148.77313555421708,147.79332648802094,,,,,,148.96694344651726,149.07536216182453,"rgba(38, 166, 154, 1.0)",2.6761579122263086,149.16340142890442,1.3682296378577545,60.962377767571596,13.492875298267407,False,False,True,False,True,10.790426080653045,0.0,0.0,0.0,0.0,0,1.0043227049004924,0.9094799914401888,False,False,False,False,0.30966960561914986,0.2609568733150777,False,False,False,False,24828.0,-188990.35779285635,False,False,False,False,11925.551125264357,False,False,False,False
2025-05-29 15:00:00+00:00,152.99,153.24,151.875,152.175,18483.0,,,,,,,,,,,,,,,,,,,150.6422811892192,148.39210696670463,149.0388137633547,149.1426004895847,148.83726881394583,,,,,,,,,,,,,,,,,150.8457270572924,149.0527648658843,148.9010703737462,149.16246137376785,148.88961289921681,148.8053654631879,147.82767342907496,,,,,,149.0527648658843,149.12814555708164,"rgba(38, 166, 154, 1.0)",2.687965342909949,149.21735583786833,1.1003282352330432,60.676637982562525,13.492875298267407,False,False,True,False,True,8.57288623972648,0.0,0.0,0.0,0.0,0,1.002387347060579,0.9103892228332698,False,False,False,False,0.307837093275353,0.28439698329521534,False,False,False,False,6345.0,-185961.90263327718,False,False,False,False,12027.216999291266,False,False,False,False
2025-05-29 16:00:00+00:00,152.175,152.83,152.085,152.215,18851.0,,,,,,,,,,,,,,,,,,,150.72699419698802,148.45677798900581,149.07935823986855,149.175394325955,148.8692755706099,,,,,,,,,,,,,,,,,150.9337838784809,149.13470670110394,148.945630330952,149.19561945242356,148.9217326968119,148.83718194747303,147.86178407468455,,,,,,149.13470670110394,149.17818661702975,"rgba(38, 166, 154, 1.0)",2.6981789103824747,149.26796494766964,1.0922311493097443,60.60501089738588,13.492875298267407,False,False,True,False,True,8.680531324377437,0.0,0.0,0.0,0.0,0,0.9985423990396985,0.9233044671182375,False,False,False,False,0.30052691290379085,0.2924619480995031,False,False,False,False,25196.0,-182688.1367009783,False,False,False,False,12133.012084573573,False,False,False,False
2025-05-29 17:00:00+00:00,152.14,152.795,152.045,152.655,14440.0,,,,,,,,,,,,,,,,,,,150.79087741338213,148.50640802549873,149.11087713546846,149.20100601284233,148.89424111151925,,,,,,,,,,,,,,,,,150.99980788376487,149.1970476502185,148.9801815056376,149.22151356905133,148.94679170427017,148.8619974173937,147.88826388779023,,,,,,149.1970476502185,149.2165844430698,"rgba(38, 166, 154, 1.0)",2.6834539931464585,149.30695554787866,1.2476623264912492,61.86988535952629,13.492875298267407,True,False,True,False,True,9.865284685650735,0.0,0.0,0.0,0.0,0,0.9897289832556534,0.9325910581736584,False,False,False,False,0.31378135156976866,0.30312164983463585,False,False,False,False,39636.0,-179241.25086065306,False,False,False,False,12168.779339076307,False,False,False,False
2025-05-29 18:00:00+00:00,152.655,153.22,152.65,152.785,20330.0,,,,,,,,,,,,,,,,,,,150.8920696870516,148.5808223321229,149.15923429478855,149.2405533815252,148.93252241353198,,,,,,,,,,,,,,,,,151.1055317416531,149.29083280275688,149.03292499217113,149.26151056124414,148.98525967619756,148.90002516347894,147.92812033641744,,,,,,149.29083280275688,149.27578394857827,"rgba(38, 166, 154, 1.0)",2.6825119698649664,149.36807184722193,1.2737792752328605,63.09339177237497,13.492875298267407,True,False,True,False,True,10.214209034642579,0.0,0.0,0.0,0.0,0,1.0044848907080035,0.9194025951406433,False,False,False,False,0.34282824685380536,0.3229749483442206,False,False,False,False,59966.0,-175532.6113124259,False,False,False,False,12295.309891958845,False,False,False,False
2025-05-29 19:00:00+00:00,152.815,153.34,152.815,153.11,53793.0,,,,,,,,,,,,,,,,,,,151.14104887055893,148.77479648407035,149.28807303734362,149.3468289234052,149.03539267472252,,,,,,,,,,,,,,,,,151.36174139188682,149.53024893992063,149.17286443749796,149.36895681489986,149.08863484884182,149.00222461804768,148.03477933019815,,,,,,149.53024893992063,149.4287991976161,"rgba(38, 166, 154, 1.0)",2.6884686655726777,149.52559873270158,1.3332501558224072,64.85868226288888,9.284035441704482,True,False,True,False,True,11.087618097046807,0.0,0.0,0.0,0.0,0,1.0049805583468043,0.9127528507143174,False,False,False,False,0.3428282469622357,0.33290159765322813,False,False,False,False,113759.0,-171047.47005176815,False,False,False,False,12938.684932393591,False,False,False,False
2025-05-30 14:00:00+00:00,154.04,154.25,153.42,153.575,7263.0,,,,,,,,,,,,,,,,,,,151.18035499282166,148.8035272109493,149.30773312525133,149.36318194350943,149.0510915038045,,,,,,,,,,,,,,,,,151.40266492510415,149.56585139354863,149.19408284328435,149.38549592866886,149.10443205160402,149.01780971266737,148.05068002685266,,,,,,149.56585139354863,149.45224213817218,"rgba(38, 166, 154, 1.0)",2.69771251615516,149.5500730478307,1.4919777137356767,67.27302532498257,11.897984508258013,True,False,True,False,True,12.32129507154551,0.0,0.0,0.0,0.0,0,1.015735190409027,0.9051480959097324,False,False,False,False,0.34282824749012397,0.33786492257167605,False,False,False,False,121022.0,-166519.26121375622,False,False,False,False,12850.689817162682,False,False,False,False
2025-05-30 15:00:00+00:00,153.56,154.2,153.56,153.65,8300.0,,,,,,,,,,,,,,,,,,,151.22477823462395,148.83631702154784,149.33026476788916,149.38195420668686,149.06911279164456,,,,,,,,,,,,,,,,,151.44880318972395,149.60633373657103,149.2183810382753,149.40448052762764,149.12256637866287,149.03570079378093,148.068917348524,,,,,,149.60633373657103,149.47896750296317,"rgba(0, 255, 255, 0.75)",2.7094951027289396,149.57794655216088,1.5028827487962049,69.07662468960427,13.863973411940819,True,False,True,False,True,12.519786244122976,0.0,0.0,0.0,0.0,0,1.0169878978036757,0.9077095472882121,False,False,False,False,0.34282824751914054,0.34034658504540827,False,False,False,False,129322.0,-161932.5749933879,False,False,False,False,12780.136486664034,False,False,False,False
2025-05-30 16:00:00+00:00,153.66,153.78,152.66,153.245,7775.0,,,,,,,,,,,,,,,,,,,151.25606806266947,148.86313414033026,149.34848033715122,149.39712738841976,149.08383529069152,,,,,,,,,,,,,,,,,151.48027397353746,149.63845992627373,149.2380855588104,149.41981152648617,149.13735591336527,149.0503325998964,148.08419399000226,,,,,,149.63845992627373,149.49976322563614,"rgba(38, 166, 154, 1.0)",2.708383825447633,149.599186073314,1.3461215845517889,67.55343052001105,13.863973411940819,True,False,True,False,True,11.018781199897564,0.0,0.0,0.0,0.0,0,1.017784414879175,0.9078197121911491,False,False,False,False,0.29795640859915296,0.3191514968222806,False,False,False,False,121547.0,-157537.54282294778,False,False,False,False,12702.537471366917,False,False,False,False
2025-05-30 17:00:00+00:00,153.2,153.59,153.175,153.21,5729.0,,,,,,,,,,,,,,,,,,,151.27960540451448,148.88311865239822,149.3621256031558,149.40851151847207,149.0948685005376,,,,,,,,,,,,,,,,,151.50400353638545,149.6623974400387,149.2528300904171,149.43131445931988,149.14844146254688,149.06129678927317,148.09560324689915,,,,,,149.6623974400387,149.5153430586632,"rgba(38, 166, 154, 1.0)",2.644525599923182,149.61513327332315,1.3593616665239614,66.3053344781473,13.863973411940819,True,False,True,False,False,10.888883994252076,0.0,0.0,0.0,0.0,0,1.0363794843563638,0.9015047252041479,False,False,False,False,0.3088904574408252,0.3140209771315529,False,False,False,False,115818.0,-153299.47239158425,False,False,False,False,12594.420611345724,False,False,False,False
2025-05-30 18:00:00+00:00,153.33,154.23,153.33,154.14,7881.0,,,,,,,,,,,,,,,,,,,151.31998261838658,148.91384038618787,149.38344567264383,149.42634791691125,149.11200306651682,,,,,,,,,,,,,,,,,151.5456644442042,149.69991380827528,149.27577976069253,149.4493484848795,149.16568186474444,149.07830959823963,148.1129341106079,,,,,,149.69991380827528,149.54027097769082,"rgba(0, 255, 255, 0.75)",2.608922291392165,149.64105774098422,1.724444715681835,68.42133230214418,13.863973411940819,True,False,True,False,False,13.410628730782271,0.0,0.0,0.0,0.0,0,1.036831483350152,0.8860196312264937,False,False,False,False,0.33594754424558887,0.3249842606885709,False,False,False,False,123699.0,-149004.92243202482,False,False,False,False,12521.344322797728,False,False,False,False
2025-05-30 19:00:00+00:00,154.16,154.7,154.1,154.41,20862.0,,,,,,,,,,,,,,,,,,,151.44082087533488,149.00140632674103,149.44511039895895,149.47812246510253,149.1614827690795,,,,,,,,,,,,,,,,,151.67140807149352,149.8076169568819,149.34194534355734,149.50171181683223,149.21550959842,149.12741393015517,148.16226248940765,,,,,,149.8076169568819,149.6129009201637,"rgba(0, 255, 255, 0.75)",2.559877384802962,149.71713431799654,1.8332384628510927,70.50578913758083,15.776862878869593,True,False,True,False,True,14.120038064651741,0.0,0.0,0.0,0.0,0,1.0359292441994032,0.8876177348954751,False,False,False,False,0.3428282478376177,0.3339062542630943,False,False,False,False,144561.0,-144453.5127819159,False,False,False,False,12650.656813917143,False,False,False,False
2025-06-02 14:00:00+00:00,153.02,154.97,152.795,154.825,12391.0,,,,,,,,,,,,,,,,,,,151.50351019099355,149.05016651694487,149.47952731340916,149.50709811954914,149.18929414837825,,,,,,,,,,,,,,,,,151.73572507454546,149.86651063037192,149.3788703675058,149.53100296846262,149.24349735758275,149.15502736588516,148.19023847134687,,,,,,149.86651063037192,149.65253904374796,"rgba(0, 255, 0, 1.0)",2.522275958139681,149.75827957635028,2.008789088798476,72.85212522451005,18.10683077994213,True,False,True,False,True,15.20034719599025,0.0,0.0,0.0,0.0,0,1.0218938398078061,0.8876297538642859,False,False,False,False,0.3091536631647674,0.32152995871393086,False,False,False,False,156952.0,-139780.55909537454,False,False,False,False,12646.631126879667,False,False,False,False
2025-06-02 15:00:00+00:00,154.775,155.01,154.19,154.845,23647.0,,,,,,,,,,,,,,,,,,,151.63573952835057,149.14925927648426,149.5504565924383,149.56703706642773,149.24658469739262,,,,,,,,,,,,,,,,,151.8722781359506,149.98673624324155,149.45474079239412,149.59160645928407,149.30119103934243,149.21188855077588,148.24716770960853,,,,,,149.98673624324155,149.73455717430755,"rgba(0, 255, 0, 1.0)",2.4780869419558984,149.84385907565954,2.0181458687616396,74.4620593129005,19.735107598327957,True,False,True,False,True,15.252484593356769,0.0,0.0,0.0,0.0,0,1.0323562826630317,0.8929334242217684,False,False,False,False,0.34282824795241307,0.33217910333317197,False,False,False,False,180599.0,-134813.43414815943,False,False,False,False,12817.179481501687,False,False,False,False
2025-06-02 16:00:00+00:00,154.855,155.18,154.32,154.32,8569.0,,,,,,,,,,,,,,,,,,,151.67986605804182,149.18383711710624,149.57531551401055,149.5881024098834,149.26676882756914,,,,,,,,,,,,,,,,,151.91744889343,150.028161426805,149.4813140874387,149.6128984817548,149.32150934740247,149.23192710116894,148.2673139551419,,,,,,150.028161426805,149.76287193497942,"rgba(0, 255, 255, 0.75)",2.3924668278835086,149.8732457801937,1.8586482236579611,71.57905629797845,19.735107598327957,True,False,True,False,False,13.192863359493813,0.0,0.0,0.0,0.0,0,1.035621555140528,0.889308978271763,False,False,False,False,0.34282824803591416,0.3375036756845431,False,False,False,False,172030.0,-130056.17160322671,False,False,False,False,12751.316233726466,False,False,False,False
2025-06-02 17:00:00+00:00,154.225,154.34,153.835,154.155,5486.0,,,,,,,,,,,,,,,,,,,151.7027564623164,149.20373870951434,149.58954420872254,149.6001709757225,149.27841689086765,,,,,,,,,,,,,,,,,151.94039471123946,150.05145974246582,149.49654855982388,149.6250889464043,149.3332211572327,149.24349981246291,148.27913972756141,,,,,,150.05145974246582,149.7786649920278,"rgba(0, 255, 255, 0.75)",2.3725212232887234,149.88943650921718,1.7979031963600385,68.5326872789656,23.515170443996112,True,False,True,False,False,12.552106361411298,0.0,0.0,0.0,0.0,0,1.0321239261560964,0.893346737342351,False,False,False,False,0.3011213830074666,0.31931252934600485,False,False,False,False,166544.0,-125457.71933030846,False,False,False,False,12638.675671963265,False,False,False,False
2025-06-02 18:00:00+00:00,154.155,154.83,154.155,154.715,15087.0,,,,,,,,,,,,,,,,,,,151.7750705520651,149.26266777736106,149.63212482172983,149.63635827019147,149.31316367325013,,,,,,,,,,,,,,,,,152.01386602459144,150.1212394730876,149.542028676548,149.66165471653687,149.36818738422198,149.27800462996575,148.31394405265385,,,,,,150.1212394730876,149.8265258376836,"rgba(0, 255, 0, 1.0)",2.368092892170073,149.93889729762495,2.0168561453678158,68.550856822163,23.44340869634931,True,False,True,False,False,14.084828372486381,0.0,0.0,0.0,0.0,0,1.0352672453174971,0.8867976244860672,False,False,False,False,0.3264882043480587,0.3229003668470318,False,False,False,False,181631.0,-120696.65391433469,False,False,False,False,12676.634188677011,False,False,False,False
2025-06-02 19:00:00+00:00,154.685,155.315,154.685,155.18,29985.0,,,,,,,,,,,,,,,,,,155.06000000000003,151.9320436997101,149.38656870871947,149.72287389738273,149.71377844838364,149.38724316014904,,,,,,,,,,,,,,,,,152.17431193546912,150.26841381331127,149.63868041430428,149.73989500815657,149.4427779363291,149.35154560006401,148.38735361430284,,,,,,150.26841381331127,150.32349894125247,"rgba(0, 255, 0, 1.0)",2.3673255484307045,150.35844373175678,2.036710274782202,69.95154838353508,23.44340869634931,True,False,True,False,False,15.325825762763845,0.0,0.0,0.0,0.0,0,1.038112272977436,0.8879104751421764,False,False,False,False,0.3428282481703888,0.3328643075087103,False,False,False,False,211616.0,-115544.5197451202,False,False,False,False,12944.980945441708,False,True,False,False
2025-06-03 14:00:00+00:00,153.27,153.42,151.93,152.33,10842.0,,,,,,,,,,,,,,,,,,154.39610110955988,151.94270951969906,149.41090406023687,149.73992210838318,149.7283935358185,149.40196261594926,,,,,,,,,,,,,,,,,152.1815201510032,150.2928425584982,149.65706580102213,149.7545968057192,149.45747915325455,149.36623351416276,148.4037072444729,,,,,,150.2928425584982,150.2871875521369,"rgba(38, 166, 154, 0.5)",2.3099919523280406,150.33107124039975,0.8653401400752562,59.30212484799472,14.882814688814747,False,True,True,False,False,5.117831579581448,0.0,0.0,0.0,0.0,0,1.015890778871979,0.8910026857654437,False,False,False,False,0.2033737924728122,0.26811904999076125,False,False,False,False,200774.0,-110640.35664829663,False,False,False,False,12912.376589698426,False,False,False,False
2025-06-03 15:00:00+00:00,152.33,152.39,151.43,152.26,8717.0,,,,,,,,,,,,,,,,,,153.9792118790032,151.94384058990136,149.42693264157532,149.75091678208187,149.73784290271692,149.41171646500635,,,,,,,,,,,,,,,,,152.17922773761384,150.30757657809602,149.66899563908524,149.76408029094202,149.46718414912453,149.37598966946462,148.41508763998914,,,,,,150.30757657809602,150.26373868958464,"rgba(38, 166, 154, 0.5)",2.268704978457926,150.3127614879117,0.8583039798378098,52.03749880379943,8.634272878832917,False,True,False,False,False,4.891546247168616,0.0,0.0,0.0,0.0,0,1.0119755127574963,0.9015594977434207,False,False,False,False,0.15937978546778694,0.21374941772927408,False,False,False,False,192057.0,-105947.37437467962,False,False,False,False,12847.331991408528,False,False,False,False
2025-06-03 16:00:00+00:00,152.16,152.32,151.63,151.93,8885.0,,,,,,,,,,,,,,,,,,153.67216062799866,151.9440594793253,149.44265543861076,149.76168996463772,149.74711653778178,149.42133240875188,,,,,,,,,,,,,,,,,152.17596896773637,150.321766577394,149.68069205328965,149.77338299912088,149.47674532265754,149.3856122311411,148.4264012578051,,,,,,150.321766577394,150.24842952817312,"rgba(38, 166, 154, 0.5)",2.224119372242076,150.30097588056466,0.7324355606835827,46.38648549991167,3.9347838522292093,False,True,False,True,False,3.8206265053839346,0.0,0.0,0.0,0.0,0,1.0160096865330288,0.9025516839320155,False,False,False,False,0.16309184408607247,0.18842063090767328,False,False,False,False,183172.0,-101464.90345414195,False,False,False,False,12785.90048766576,False,False,False,False
2025-06-03 17:00:00+00:00,151.935,152.54,151.915,152.28,6798.0,,,,,,,,,,,,,,,,,,153.5234210270798,151.9471464027277,149.45590101086378,149.7709213985293,149.75506689514924,149.42946126419736,,,,,,,,,,,,,,,,,152.1767452414036,150.3343203034857,149.6906696882038,149.78136832140666,149.48484519495088,149.39373600109104,148.43570300566964,,,,,,150.3343203034857,150.24456198113523,"rgba(38, 166, 154, 0.5)",2.20018375972942,150.2987365345641,0.900499086348835,44.16811835822821,2.2452970280831863,False,True,False,True,False,4.838475018721795,0.0,0.0,0.0,0.0,0,1.0146208010046198,0.900435036103512,False,False,False,False,0.177555098328731,0.18298786461820216,False,False,False,False,189970.0,-96946.53285795372,False,False,False,False,12693.064821190323,False,False,False,False
2025-06-03 18:00:00+00:00,152.28,152.5,152.045,152.43,7609.0,,,,,,,,,,,,,,,,,,153.39822489336777,151.95143541516865,149.47100005925006,149.78150456449552,149.7641899077448,149.4387615109024,,,,,,,,,,,,,,,,,152.17858810533943,150.3487589667234,149.70209286161108,149.79053356985386,149.49411649318074,149.40302795489276,148.4462783757278,,,,,,150.3487589667234,150.2437317444814,"rgba(38, 166, 154, 0.5)",2.177451374080946,150.2991966598036,0.9785767735436843,43.359440864012974,1.5328835397192293,False,True,False,True,False,5.274506375332926,0.0,0.0,0.0,0.0,0,1.0145615843003724,0.8995026658900492,False,False,False,False,0.18014027425232657,0.18156406943526437,False,False,False,False,197579.0,-92380.24552682265,False,False,False,False,12614.24211078427,False,False,False,False
2025-06-03 19:00:00+00:00,152.46,152.66,151.925,152.3,18682.0,,,,,,,,,,,,,,,,,,153.17301840439404,151.9607507813029,149.50702380667883,149.80681847227098,149.78605759884235,149.46110978019834,,,,,,,,,,,,,,,,,152.18203574182016,150.38281170490615,149.7294077829123,149.8124957676338,149.51638660754196,149.4253623886971,148.47180227418454,,,,,,150.38281170490615,150.24731393164487,"rgba(38, 166, 154, 0.5)",2.1582830346500375,150.3047812389454,0.9244472244939543,42.381981626674104,0.3878414828308152,False,True,False,True,False,4.835731221596429,0.0,0.0,0.0,0.0,0,1.014940729143369,0.8986356519794234,False,False,False,False,0.18129000440450047,0.18142703691988243,False,False,False,False,178897.0,-88174.39675896493,False,False,False,False,12708.315876508545,False,False,False,False
2025-06-04 14:00:00+00:00,150.825,152.08,150.71,151.78,7985.0,,,,,,,,,,,,,,,,,,153.04063309648956,151.9557396575347,149.5179576163642,149.81417570953602,149.7924499809379,149.4679834196911,,,,,,,,,,,,,,,,,152.17380191015593,150.39127763663348,149.73744892780962,149.81888422754838,149.5231839848727,149.4322647974898,148.4804275019728,,,,,,150.39127763663348,150.2420175743874,"rgba(38, 166, 154, 0.5)",2.134877440202412,150.30043902621742,0.6930425821738518,40.0571511604131,-2.131993335562065,False,True,False,True,False,3.0934709839020194,0.0,0.0,0.0,0.0,0,0.9988934625769051,0.9047049971230029,False,False,False,False,0.13011380161777322,0.15577041926882784,False,False,False,False,170912.0,-84157.55339836082,False,False,False,False,12635.086172996784,False,False,False,False
2025-06-04 15:00:00+00:00,151.86,152.425,151.72,152.425,6718.0,,,,,,,,,,,,,,,,,,152.9868343830316,151.9579759933951,149.53009278663674,149.82271227782485,149.79984917399537,149.47559527788727,,,,,,,,,,,,,,,,,152.17397048708466,150.40244104187207,149.74666321797557,149.82631002311766,149.53076151898605,149.43987714108053,148.48922805938295,,,,,,150.40244104187207,150.2447931832516,"rgba(38, 166, 154, 1.0)",2.1168712570488175,150.30353147909352,1.0021717257685672,41.686841185609836,-2.131993335562065,False,True,False,True,False,5.026245496998381,0.0,0.0,0.0,0.0,0,1.0103024407499122,0.9009550760523525,False,False,False,False,0.16866833017440802,0.16221937472161793,False,False,False,False,177630.0,-80098.8316402467,False,False,False,False,12543.348402872803,False,False,False,False
2025-06-04 16:00:00+00:00,152.35,152.61,152.18,152.51,4533.0,,,,,,,,,,,,,,,,,,152.96418039077597,151.96101838883112,149.538962354203,149.82902631161934,149.80532172328202,149.48116568144525,,,,,,,,,,,,,,,,,152.17577911289487,150.41091039532705,149.75345688591923,149.83180750859208,149.53631584901854,149.44544228367099,148.49553161923058,,,,,,150.41091039532705,150.24837834652388,"rgba(38, 166, 154, 1.0)",2.1033955452601734,150.3072181671626,1.0472504031879186,43.1664711466914,-2.131993335562065,False,True,False,True,False,5.2782534563665955,0.0,0.0,0.0,0.0,0,1.0216926503340764,0.8973273942093545,False,False,False,False,0.1871898879121682,0.17470463131689307,False,False,False,False,182163.0,-76032.75673109558,False,False,False,False,12419.15695476625,False,False,False,False
2025-06-04 17:00:00+00:00,152.545,153.1,152.53,152.865,6053.0,,,,,,,,,,,,,,,,,,152.95731346009515,151.96839619595065,149.55234028740801,149.83869240535907,149.81369622369223,149.4895705483631,,,,,,,,,,,,,,,,,152.1818301529238,150.4243160389802,149.7638156796968,149.84023083871864,149.54471483781774,149.45382775115374,148.50476581930957,,,,,,150.4243160389802,150.25642386457454,"rgba(38, 166, 154, 1.0)",2.1078699209401246,150.31523606417255,1.20964007811746,45.79530102097764,-2.131993335562065,False,True,False,True,True,6.332192786526498,0.0,0.0,0.0,0.0,0,1.0164365256124726,0.8950111358574614,False,False,False,False,0.21150481219297687,0.19310472175493498,False,False,False,False,188216.0,-71935.87678177626,False,False,False,False,12320.456846940415,False,False,False,False
2025-06-04 18:00:00+00:00,152.875,152.91,152.465,152.74,11521.0,,,,,,,,,,,,,,,,,,152.93466132358748,151.98008820706409,149.576533155093,149.8561480969918,149.8288448167162,149.50485011069048,,,,,,,,,,,,,,,,,152.19085838871652,150.44810456569584,149.78253455970022,149.85546004293673,149.55997184626406,149.4690798232409,148.5217221817505,,,,,,150.44810456569584,150.26991208603442,"rgba(38, 166, 154, 1.0)",2.111341685211618,150.32871384026595,1.1420634455442866,46.952878110837275,-2.131993335562065,False,True,False,True,True,5.892840366441359,0.0,0.0,0.0,0.0,0,1.0173812282734653,0.8943756127997151,False,False,False,False,0.20409868365560574,0.19860170270527036,False,False,False,False,176695.0,-68081.1345060898,False,False,False,False,12308.062167142889,False,False,False,False
2025-06-04 19:00:00+00:00,152.67,152.77,151.99,152.13,29292.0,,,,,,,,,,,,,,,,,,152.81609680455105,151.99236862829227,149.6285887730692,149.89336003598643,149.8612865595888,149.5381775580705,,,,,,,,,,,,,,,,,152.19530562399225,150.49586059742288,149.82256895877197,149.88801524387927,149.59315594747113,149.50240821003035,148.5600746847506,,,,,,150.49586059742288,150.29132827891357,"rgba(38, 166, 154, 0.5)",2.1108238325954103,150.35025481808873,0.8431519269530615,45.079991791758175,-2.131993335562065,False,True,False,True,True,3.773862461248804,0.0,0.0,0.0,0.0,0,1.0180593953446897,0.8936502274146083,False,False,False,False,0.18632569477920582,0.1924636987422381,False,False,False,False,147403.0,-64740.29521142174,False,False,False,False,12571.37903276858,False,False,False,False
2025-06-05 14:00:00+00:00,151.115,152.43,150.6,152.365,13373.0,,,,,,,,,,,,,,,,,,152.73649968127353,151.98899211445746,149.64738141792884,149.90652913876065,149.87284266805136,149.5504285962886,,,,,,,,,,,,,,,,,152.18783157770247,150.51104334590582,149.83682878908084,149.89957544132423,149.6052962492888,149.5146968869204,148.57502549558993,,,,,,150.51104334590582,150.29484395404407,"rgba(38, 166, 154, 0.5)",2.11275779385523,150.43879627688156,0.911701156053307,45.107168154761034,-2.131993335562065,False,True,False,True,True,4.499832080229879,0.0,0.0,0.0,0.0,0,1.0049931509875838,0.8982811188193188,False,False,False,False,0.13691148218625349,0.1646875904642458,False,False,False,False,160776.0,-61243.91854147722,False,False,False,False,12583.80726481868,False,False,False,False
2025-06-05 15:00:00+00:00,152.36,153.1,152.23,153.04,22389.0,,,,,,,,,,,,,,,,,,152.74269373571482,152.0116677098032,149.69229984373914,149.9395198116163,149.90169101974317,149.5795628930792,,,,,,,,,,,,,,,,,152.20623257242295,150.55466776817352,149.8720867694887,149.9285655085939,149.6343817314066,149.54378599490155,148.6073558142676,,,,,,150.55466776817352,150.32419316715004,"rgba(38, 166, 154, 1.0)",2.120904284021913,150.50248354869228,1.1964313856237616,48.30789661536822,-7.443849467565613,False,True,False,False,True,6.544840378695074,0.0,0.0,0.0,0.0,1,1.0175020940792667,0.8930917427148087,False,False,False,False,0.202794031323716,0.18374081089398092,False,False,False,False,183165.0,-57454.632982694624,False,False,False,False,12735.825756836995,False,False,False,False
2025-06-05 16:00:00+00:00,153.04,153.38,152.75,153.36,13045.0,,,,,,,,,,,,,,,,,,152.76927574073807,152.03035527805727,149.7209679631584,149.9608684103744,149.92037681834083,149.5982437510081,,,,,,,,,,,,,,,,,152.22297529009992,150.58344204494696,149.89482349868632,149.94735908931042,149.65306089556316,149.5624197759805,148.62762654442253,,,,,,150.58344204494696,150.34552270005284,"rgba(38, 166, 154, 1.0)",2.132360792537245,150.53395325858742,1.3253135920070784,51.7244647997685,-4.014714550944831,False,True,True,False,True,7.492122857199167,0.0,0.0,0.0,0.0,0,1.0216592107011564,0.8978606546485365,False,False,False,False,0.22609406820895717,0.20491743955146904,False,False,False,False,196210.0,-53521.847975210985,False,False,False,False,12740.619155955801,False,False,False,False
2025-06-05 17:00:00+00:00,153.37,153.815,153.135,153.54,9057.0,,,,,,,,,,,,,,,,,,152.79984868172733,152.04669059286792,149.74249552040436,149.97705051662686,149.93454533299328,149.61230153822834,,,,,,,,,,,,,,,,,152.2382590398665,150.60558252469284,149.91201661571046,149.9616185150881,149.66713425469808,149.57643174296948,148.64262104337345,,,,,,150.60558252469284,150.36281507071132,"rgba(38, 166, 154, 1.0)",2.1439087461252226,150.55809891669858,1.3908712713126086,54.707045055925164,-1.092782437754181,False,True,True,False,True,8.024094353497645,0.0,0.0,0.0,0.0,0,1.0195452732349426,0.8981961618579094,False,False,False,False,0.250230051882802,0.2275737457171355,False,False,False,False,205267.0,-49509.61777404492,False,False,False,False,12683.508781444858,False,False,False,False
2025-06-05 18:00:00+00:00,153.51,153.595,153.105,153.25,12489.0,,,,,,,,,,,,,,,,,,152.8281614197003,152.06590465893373,149.77037694327927,149.9979943053162,149.95292162915936,149.63063020766683,,,,,,,,,,,,,,,,,152.25581257781957,150.63369969935812,149.93428026427628,149.98010273595418,149.6854680440235,149.59471072563196,148.6623854836565,,,,,,150.63369969935812,150.38403451498274,"rgba(38, 166, 154, 1.0)",2.151893848482225,150.5836802545046,1.2390572831350442,54.98338336226526,-0.6508996737991666,False,True,True,False,True,6.9622829741103445,0.0,0.0,0.0,0.0,0,1.016353483424925,0.9007268214855526,False,False,False,False,0.24284243756213864,0.23520809163963707,False,False,False,False,192778.0,-45753.220599253524,False,False,False,False,12680.493141422457,False,False,False,False
2025-06-05 19:00:00+00:00,153.21,153.57,152.74,153.03,17557.0,,,,,,,,,,,,,,,,,,152.84855307565948,152.0877184278493,149.80663931802954,150.02521972651473,149.97687852122482,149.65468745278713,,,,,,,,,,,,,,,,,152.27499587380422,150.6693327197367,149.96323836994435,150.00418330327463,149.70950641996288,149.61871977370038,148.68868772195427,,,,,,150.6693327197367,150.40987390034172,"rgba(38, 166, 154, 1.0)",2.157484546310372,150.61074250992888,1.1213324768459723,53.92027309992115,-0.6508996737991666,False,True,True,False,True,6.158798581661408,0.0,0.0,0.0,0.0,0,1.0152617568766644,0.9028393966282169,False,False,False,False,0.231369143784319,0.23328861771197804,False,False,False,False,175221.0,-42327.263690737964,False,False,False,False,12756.097898919783,False,False,False,False
2025-06-06 14:00:00+00:00,154.06,154.565,153.37,153.4,11090.0,,,,,,,,,,,,,,,,,153.77833333333334,152.88873413347883,152.1096695300359,149.83366750939123,150.04582372281175,149.99499373144155,149.67260180966818,,,,,,,,,,,,,,,,,152.29594290246962,150.6972995224608,149.98506402488775,150.0224168652427,149.72745013380586,149.63657102488165,148.70761512003173,,,,,,150.6972995224608,150.6711559545672,"rgba(38, 166, 154, 1.0)",2.167929622208098,150.81175896034074,1.1938768736519543,55.028426567906706,-0.131286496582959,False,True,True,False,True,7.297786800623861,0.0,0.0,0.0,0.0,0,1.0184214005552867,0.8895156670045395,False,False,False,False,0.27960790992391193,0.256448263817945,False,False,False,False,186311.0,-38782.48440871102,False,False,False,False,12730.26692374273,False,False,False,False
2025-06-06 15:00:00+00:00,153.3,153.97,152.61,153.6,19692.0,,,,,,,,,,,,,,,,,153.5320393953176,152.92469553741185,152.13859777748274,149.87616783795258,150.07814041041215,150.02350780350656,149.70108372511103,,,,,,,,,,,,,,,,,152.3224383412722,150.73968563212892,150.01933801669452,150.05108826717205,149.7559335734949,149.66498230171874,148.73835339329887,,,,,,150.73968563212892,150.6832894294982,"rgba(38, 166, 154, 1.0)",2.181081602085407,150.8298625576581,1.2700751038811577,56.68409015867116,1.724918440720188,False,False,True,False,True,7.910039240829562,0.0,0.0,0.0,0.0,0,1.0139694254085403,0.8947021613073275,False,False,False,False,0.23930564265142815,0.24787695323468656,False,False,False,False,206003.0,-34987.36061942867,False,False,False,False,12838.200769886254,False,False,False,False
2025-06-06 16:00:00+00:00,153.66,153.84,153.035,153.18,3200.0,,,,,,,,,,,,,,,,,153.51505414631274,152.92958372687642,152.14302395590792,149.8828978921374,150.08326784588775,150.02803954274574,149.7056192058585,,,,,,,,,,,,,,,,,152.32646070391198,150.7463417387358,150.02477464499583,150.05564392700944,149.7604679064183,149.66950752215834,148.743266019042,,,,,,150.7463417387358,150.68671062699988,"rgba(38, 166, 154, 1.0)",2.189072112040213,150.833729944413,1.071810308432595,55.14928779080144,1.724918440720188,False,False,True,False,True,6.333907499918254,0.0,0.0,0.0,0.0,1,1.0304649919828972,0.8873151612328526,False,False,False,False,0.24801099127411627,0.2479439722544014,False,False,False,False,202803.0,-31300.68836176311,False,False,False,False,12688.771300585691,False,False,False,False
2025-06-06 17:00:00+00:00,153.24,153.61,153.095,153.38,3760.0,,,,,,,,,,,,,,,,,153.49977310864992,152.93531896316384,152.14822630814862,149.8907951772047,150.08929046596054,150.03336456552137,149.71094859300518,,,,,,,,,,,,,,,,,152.33119270007026,150.75414929866358,150.03115919207627,150.06099697537607,149.7657959515195,149.67482488321227,148.7490374983146,,,,,,150.75414929866358,150.69106240577761,"rgba(38, 166, 154, 1.0)",2.197098592513705,150.83852261978743,1.1567425280195822,55.180581019058415,1.724918440720188,False,False,True,False,True,6.962384098322602,0.0,0.0,0.0,0.0,1,1.0298253470667267,0.8893864755933722,False,False,False,False,0.24298993282828485,0.24546695254134313,False,False,False,False,206563.0,-27612.879239875307,False,False,False,False,12550.340737785913,False,False,False,False
2025-06-06 18:00:00+00:00,153.47,153.92,153.47,153.82,4140.0,,,,,,,,,,,,,,,,,153.52318983493305,152.94686190323768,152.15565770044694,149.90038422144835,150.09665320094834,150.0398665049487,149.7173995598583,,,,,,,,,,,,,,,,,152.33823107799432,150.76392076989237,150.03894913308847,150.06753837564221,149.77225416109312,149.68125565518426,148.75589088163147,,,,,,150.76392076989237,150.69986092716766,"rgba(38, 166, 154, 1.0)",2.210995937589327,150.8477538586316,1.3443019459407393,57.296687051783536,2.9692592126402317,False,False,True,False,True,8.332191663148343,0.0,0.0,0.0,0.0,1,1.0303303438640772,0.8884131777006629,False,False,False,False,0.2632980727914435,0.25438251266639333,False,False,False,False,210703.0,-23918.059406698947,False,False,False,False,12419.947858130317,False,False,False,False
2025-06-06 19:00:00+00:00,153.82,154.49,153.82,154.46,33441.0,,,,,,,,,,,,,,,,,153.84883006076055,153.083376696909,152.23216388905522,149.9863876415794,150.16339653995598,150.0988322622982,149.77540393788874,,,,,,,,,,,,,,,,,152.41281656059934,150.85396982275338,150.10937464403113,150.12690443337823,149.830403202833,149.73902938169812,148.8162746175179,,,,,,150.85396982275338,150.79122597794702,"rgba(0, 255, 255, 0.75)",2.230954704132819,150.94388051395913,1.5760604549824817,61.103774523339695,6.670708415707303,True,False,True,False,True,10.266565218769795,0.0,0.0,0.0,0.0,0,1.0349199187908869,0.8776449357094519,False,False,False,False,0.29091459238793854,0.2726485525271659,False,False,False,False,244144.0,-19762.058485664857,False,False,False,False,12745.855643275585,False,False,False,False
2025-06-09 14:00:00+00:00,150.94,151.06,148.72,149.705,34736.0,,,,,,,,,,,,,,,,,152.57991089627686,152.7654051447036,152.14455477493755,149.98321156744603,150.15790413597702,150.0949595058154,149.77609727742183,,,,,,,,,,,,,,,,,152.31249650791943,150.82721951914826,150.10458332229032,150.12257315056843,149.8303756941357,149.74018552675975,148.82768442487713,,,,,,150.82721951914826,150.66194010344836,#000000,2.220703579361245,150.7501603820075,-0.4706438048377924,49.676778647681104,5.142830190407075,False,True,False,False,False,0.0,0.0,0.0,0.0,0.0,0,1.0075204218351559,0.8839953321519646,False,False,False,False,0.04566408784290323,0.15915632018503456,False,False,False,False,209408.0,-16209.03432309641,False,False,False,False,13086.788113922474,False,False,False,False
2025-06-09 15:00:00+00:00,149.83,150.18,148.97,149.06,27893.0,,,,,,,,,,,,,,,,,151.93762750811877,152.52086102259474,152.0666117201368,149.97400315799013,150.14810084536705,150.08709851940742,149.7722170786884,,,,,,,,,,,,,,,,,152.2245603496699,150.79801001316469,150.09511292197058,150.11429128625437,149.82586645530287,149.7367197153376,148.83284896637278,,,,,,150.79801001316469,150.5809949685983,"rgba(239, 83, 80, 0.5)",2.2040294446293696,150.65216697783035,-0.7223891594143765,41.29774888592951,-1.9558279784185117,False,True,False,True,False,0.0,0.0,0.0,0.0,0.0,0,1.0190500930856823,0.8866519461401914,False,False,False,False,0.028110265542567087,0.09363329286380083,False,False,True,False,181515.0,-13143.545418862357,False,False,False,False,13316.341786574838,False,False,False,False
2025-06-09 16:00:00+00:00,149.17,150.06,149.17,149.465,22018.0,,,,,,,,,,,,,,,,,151.61106307432644,152.3603625071928,152.01169609000445,149.9689397025047,150.142181591151,150.0824559156061,149.77052829382043,,,,,,,,,,,,,,,,,152.16258042414225,150.77836185197097,150.0895212562185,150.10934350969632,149.8237100606837,149.7353362911125,148.8379976068509,,,,,,150.77836185197097,150.53457701252006,"rgba(239, 83, 80, 0.5)",2.184886044403112,150.59944246471431,-0.5192227153541223,37.138347703218805,-5.149708148811577,False,True,False,True,False,0.0,0.0,0.0,0.0,0.0,0,1.01927648355448,0.8831309158490734,False,False,False,False,0.030338137728248192,0.06198571529602451,False,False,False,False,203533.0,-9784.2191332986,False,False,False,False,13451.251216240344,False,False,False,False
2025-06-09 17:00:00+00:00,149.465,150.325,149.3,150.17,14122.0,,,,,,,,,,,,,,,,,151.47483374690776,152.27862693884816,151.98281644945288,149.96864607372646,150.14081981393102,150.0816007937703,149.77136621250483,,,,,,,,,,,,,,,,,152.12972562044948,150.76979572423025,150.0884604889765,150.10832291171786,149.8242794129821,149.73634555039828,148.8429082880068,,,,,,150.76979572423025,150.5141820018502,#000000,2.131623745597059,150.5784186336197,-0.19159977667883746,36.737307287430326,-5.201188841056705,False,True,False,True,False,0.0,0.0,0.0,0.0,0.0,0,1.016084637880613,0.8835799071047657,False,False,False,False,0.04134309758048467,0.05166440643825459,False,False,False,False,217655.0,-6258.029689371489,False,False,False,False,13461.650422190105,False,False,False,False
2025-06-09 18:00:00+00:00,150.14,150.39,149.9,150.16,14378.0,,,,,,,,,,,,,,,,,151.37376482552483,152.2081075883257,151.9572690099809,149.97008906493127,150.14087987955875,150.0819934483296,149.7733602408903,,,,,,,,,,,,,,,,,152.10048006441357,150.76347658794663,150.08887866391103,150.1085652327169,149.82601902992704,149.73849926495768,148.84885645693336,,,,,,150.76347658794663,150.49858852559623,#000000,2.079688674292962,150.563346277615,-0.19394550857576862,36.45086931022213,-5.557724952336855,False,True,False,True,False,0.0,0.0,0.0,0.0,0.0,0,1.0222605694564284,0.8851596203623818,False,False,False,False,0.05989444900810801,0.0557794277231813,False,False,False,False,203277.0,-3009.4245779083653,False,False,False,False,13475.857392388707,False,False,False,False
2025-06-09 19:00:00+00:00,150.155,150.33,149.595,150.21,55791.0,,,,,,,,,,,,,,,,,151.07026521494086,151.9617128292136,151.85914697632865,149.9723326458401,150.1385058880458,150.08118736087752,149.77880007389484,,,,,,,,,,,,,,,,,151.9890437887804,150.73613415424137,150.08775141426088,150.10716277511213,149.83046505723436,149.74456887835086,148.86961153277397,,,,,,150.73613415424137,150.44476347070682,#000000,2.014057012263822,150.5058218320751,-0.14687857904408805,36.449695636079795,-5.923300294368644,False,True,False,True,False,0.0,0.0,0.0,0.0,0.0,0,1.0190451568424683,0.8841778697001037,False,False,False,False,0.0497078446368181,0.0527436361799997,False,False,False,False,259068.0,1053.7913070204463,False,False,False,False,14131.90611498733,False,False,False,False
2025-06-10 14:00:00+00:00,150.61,150.64,149.94,150.38,11682.0,,,,,,,,,,,,,,,,,151.03602087834662,151.92346851841145,151.84278598997548,149.97449934417656,150.1394419864533,150.0822720136056,149.78105995577914,,,,,,,,,,,,,,,,,151.97030973180648,150.73284439590066,150.08899404742823,150.10814151888266,149.83253739295722,149.74694505557693,148.8748620656458,,,,,,150.73284439590066,150.43815592106756,#000000,1.9512348411725897,150.4993226925358,-0.0611523995051752,37.144761854114826,-5.923300294368644,False,True,False,True,False,0.0,0.0,0.0,0.0,0.0,0,1.0212023270846804,0.8833441068735192,False,False,False,False,0.06799667267760116,0.060370154428800435,False,False,False,False,270750.0,5235.12787590385,False,False,False,False,14093.92307444489,False,False,False,False
2025-06-10 15:00:00+00:00,150.385,150.49,149.97,150.205,12518.0,,,,,,,,,,,,,,,,,150.99804856198853,151.88202196471667,151.82452841058526,149.97613900008804,150.13989393109128,150.0829471456639,149.78302267395125,,,,,,,,,,,,,,,,,151.94952757439268,150.72855044795438,150.0897503682641,150.10869818713314,149.8342945980954,149.7490363961415,148.880066337152,,,,,,150.72855044795438,150.430466114087,#000000,1.890683826908598,150.49123492779387,-0.15139227602209443,37.13741924987127,-6.289987556419376,False,True,False,True,False,0.0,0.0,0.0,0.0,0.0,0,1.0201701723318795,0.8862782360817176,False,False,False,False,0.06464300779735878,0.0625065811130796,False,False,False,False,258232.0,9157.560001858828,False,False,False,False,14069.490158562025,False,False,False,False
2025-06-10 16:00:00+00:00,150.25,150.49,149.84,149.86,6543.0,,,,,,,,,,,,,,,,,150.97580946095331,151.85916144126358,151.81422149793622,149.97644029280474,150.1396746079664,150.0828976179183,149.7836738199954,,,,,,,,,,,,,,,,,151.93788287302232,150.72564249359624,150.089671888321,150.10858221485248,149.83483392937111,149.74975844901763,148.88245142180276,,,,,,150.72564249359624,150.42576442920154,#000000,1.8161665102058209,150.4859927729518,-0.34467807298177394,36.202390361146186,-7.7692142551655365,False,True,False,True,False,0.0,0.0,0.0,0.0,0.0,0,1.0426284522243894,0.8748356083624328,False,False,False,False,0.06101150636648105,0.06175904373978033,False,False,False,False,251689.0,12917.737366171095,False,False,False,False,13952.800388661837,False,False,False,False
2025-06-10 17:00:00+00:00,149.86,150.7,149.84,150.65,7892.0,,,,,,,,,,,,,,,,,150.95965301147183,151.83731919890397,151.80428538947424,149.9781844576474,150.14055954205705,150.08385038348297,149.78538655123222,,,,,,,,,,,,,,,,,151.9264910383724,150.72391699575678,150.09076801897282,150.10946779438135,149.83642515626127,149.75154608836422,148.8861239421949,,,,,,150.72391699575678,150.42242696918382,#000000,1.7777524224919696,150.48275310158192,0.09407772212941015,39.12999543321659,-7.7692142551655365,False,True,False,True,True,0.0,0.0,0.0,0.0,0.0,0,1.0249511430259513,0.8790619460982596,False,False,False,False,0.06687861839885126,0.0643188310693158,False,False,False,False,259581.0,16741.973996152938,False,False,False,False,13858.834491163203,False,False,False,False
2025-06-10 18:00:00+00:00,150.68,151.24,150.57,150.97,13598.0,,,,,,,,,,,,,,,,,150.95814017034633,151.81447324903206,151.79381273734282,149.98491928710945,150.14519605878527,150.08823700882928,149.79085454826472,,,,,,,,,,,,,,,,,151.91391784123738,150.72573289326593,150.09587905925318,150.11377335057784,149.84171961504944,149.757114671802,148.89461573036226,,,,,,150.72573289326593,150.42274187294697,#000000,1.7502539378179482,150.4850512626574,0.27707335882196615,42.344067975876726,-13.289939796243665,False,True,False,True,True,0.0,0.0,0.0,0.0,0.0,0,1.0264068475687491,0.8770260426151886,False,False,False,False,0.1024735392492094,0.0833961851592626,False,False,False,False,273179.0,20717.74184117382,False,False,False,False,13854.790545563774,False,False,False,False
2025-06-10 19:00:00+00:00,150.97,151.28,150.3,150.89,37277.0,,,,,,,,,,,,,,,,,150.94308435524158,151.7506951394871,151.76307134669096,150.00092774086443,150.15598621677876,150.09857783086983,149.80423947872293,,,,,,,,,,,,,,,,,151.87757425392945,150.72807180922595,150.10787151324212,150.12387584786592,149.85461582000949,149.7707878380269,148.91637085244932,,,,,,150.72807180922595,150.42112500310034,#000000,1.7116964821040055,150.48649954801766,0.23573130879275084,44.17801467574516,-11.35148300426836,False,True,False,True,True,0.0,0.0,0.0,0.0,0.0,0,1.021305530371714,0.8764279238440618,False,False,False,False,0.09601061732143726,0.08970340124034992,False,False,False,False,235902.0,24053.931890147873,False,False,False,False,14217.92557586511,False,False,False,False
2025-06-11 14:00:00+00:00,150.01,151.38,148.695,151.3,4652.0,,,,,,,,,,,,,,,,,150.93642091406318,151.74039967543055,151.75793391764108,150.0020150610537,150.15658539118846,150.09920828756296,149.8052959842061,,,,,,,,,,,,,,,,150.45833333333331,151.87169637075638,150.72726752857528,150.10859104383198,150.12446905768536,149.85560401438497,149.7718864100359,148.91853832965597,,,,,150.45833333333331,150.72726752857528,150.42228302129368,#000000,1.6768755802718602,150.48365006704205,0.4868279689692977,47.11644474852541,-8.418829572617199,False,True,False,False,True,0.2601300966913378,1.0,151.38,148.695,0.0,0,1.0093936425963854,0.8765470572522485,False,False,False,False,0.053892752915925234,0.07179807707813758,False,False,False,False,240554.0,27410.522093401392,False,False,False,False,14069.616652208288,False,False,False,False
2025-06-11 15:00:00+00:00,151.3,151.48,150.56,150.63,6373.0,,,,,,,,,,,,,,,,,150.93556289806145,151.73121899029806,151.75327723093463,150.00489745795568,150.15857113735052,150.10110225601662,149.80769088327776,,,,,,,,,,,,,,,,150.70785820105817,151.86615790958422,150.72792955110395,150.11078269459765,150.12632464075475,149.85791835283598,149.77432853355816,148.9223274445413,,,,,150.70785820105817,150.72792955110395,150.43906321212856,#000000,1.648848814905353,150.49671004895208,0.08083818834267399,46.362526019220226,-8.418829572617199,False,True,False,True,True,0.0,0.0,0.0,0.0,0.0,0,1.0295610364170602,0.8742765559611791,False,False,False,False,0.10894500324054238,0.09037154015933999,False,False,False,False,234181.0,30616.265936914548,False,False,False,False,13950.28926225157,False,False,False,False
2025-06-11 16:00:00+00:00,150.62,150.975,150.53,150.89,6596.0,,,,,,,,,,,,,,,,,150.93298695379139,151.72091058519098,151.7480037183892,150.00755414344056,150.16035891773012,150.102826302159,149.80994947815563,,,,,,,,,,,,,,,,150.74172540340123,151.85995893236165,150.72822474440883,150.11277279737155,150.1280063120334,149.86009101294857,149.77663814953584,148.92605185300894,,,,,150.74172540340123,150.72822474440883,150.4410706202618,#000000,1.6233313678143777,150.49844085718115,0.24120715621113312,47.01491981819626,-8.136467630650131,False,False,False,True,True,0.0,0.0,0.0,0.0,0.0,0,1.04381408374362,0.8741135552644657,False,False,False,False,0.09390489636905779,0.09213821826419888,False,False,False,False,240777.0,33874.57189138099,False,False,False,False,13836.26927368953,False,False,False,False
2025-06-11 17:00:00+00:00,150.875,151.13,150.69,150.82,6028.0,,,,,,,,,,,,,,,,,150.93209331225634,151.7125035713299,151.7436450881279,150.01021568027107,150.16219206116122,150.10457857826896,149.8121743978016,,,,,,,,,,,,,,,,150.77697083738565,151.85478735989915,150.72880409723714,150.1147969353455,150.12972216838767,149.86223988361357,149.7789077743756,148.92959053471296,,,,,150.77697083738565,150.72880409723714,150.44354815201163,#000000,1.5978746215853956,150.5006740571858,0.19984417957484718,47.14904084401154,-7.655101722932194,False,False,False,True,True,0.0,0.0,0.0,0.0,0.0,0,1.0433971705408727,0.876359004685439,False,False,False,False,0.10275472559020465,0.09744647192720177,False,False,False,False,234749.0,36988.90411011927,False,False,False,False,13715.210835337753,False,False,False,False
2025-06-11 18:00:00+00:00,150.795,150.87,150.29,150.35,10303.0,,,,,,,,,,,,,,,,,150.9200801554431,151.69218882201423,151.73309057296203,150.01277353811275,150.16367089194335,150.10610934975645,149.81462198258544,,,,,,,,,,,,,,,,150.69393339616715,151.84270625351752,150.72734259799273,150.1165410873654,150.13117356668423,149.8645402632308,149.7814458006265,148.93444688978647,,,,,150.69393339616715,150.72734259799273,150.4356443445459,#000000,1.5779753021053329,150.49388983661703,-0.09118636801542918,45.28437851923003,-7.655101722932194,False,True,False,True,True,0.0,0.0,0.0,0.0,0.0,1,1.033401592718999,0.8795904436860069,False,False,False,False,0.08422897505770352,0.09083772349245264,False,False,False,False,224446.0,39895.215674303465,False,False,False,False,13662.308341766624,False,False,False,False
2025-06-11 19:00:00+00:00,150.33,150.39,149.63,150.19,13190.0,,,,,,,,,,,,,,,,,150.89064414971395,151.6580330080577,151.7151680644691,150.01315104893433,150.16315392062268,150.105932755689,149.8157745330944,,,,,,,,,,,,,,,,150.51936122070907,151.82264854278037,150.72193266116383,150.11627514866385,150.1308708355266,149.8654797605808,149.7827342497974,148.93891529861295,,,,,150.51936122070907,150.72193266116383,150.41733834656105,#000000,1.560291287196484,150.47701611445294,-0.18395034107294592,43.41507127209692,-7.655101722932194,False,True,False,True,False,0.0,0.0,0.0,0.0,0.0,1,1.0248875970752533,0.8859167082973798,False,False,False,False,0.052358075300631884,0.07159789939654226,False,False,False,False,211256.0,42551.9720204383,False,False,False,False,13654.985731816754,False,False,False,False
2025-06-12 14:00:00+00:00,151.96,151.96,151.12,151.32,6843.0,,,,,,,,,,,,,,,,,150.9008096199672,151.6559651905564,151.71378643329854,150.01810863374942,150.16687558403476,150.1093764999229,149.81963092554335,,,,,,,,,,,,,,,,150.63943922694577,151.82057108447842,150.72509896776302,150.12026650881018,150.13429158733055,149.86926927485698,149.78662614728088,148.94406516361312,,,,,150.63943922694577,150.72509896776302,150.4282787232101,#000000,1.5283810754232945,150.61317950790868,0.4624635200324972,47.48268976235158,-7.090035492531548,False,False,False,False,True,0.5107585352954018,0.0,0.0,0.0,0.0,1,1.0286419753086422,0.8784287317620655,False,False,False,False,0.13832922922084795,0.1049635643086951,False,False,False,False,218099.0,45273.63136895864,False,False,False,False,13549.373549928123,False,False,False,False
2025-06-12 15:00:00+00:00,151.32,151.575,150.97,151.32,5466.0,,,,,,,,,,,,,,,,,150.90619641067894,151.652819250142,151.71190532582028,150.02155985260723,150.16942733624535,150.11175499150164,149.82236625618162,,,,,,,,,,,,,,,,150.6990993703498,151.8181015595046,150.72700526941517,150.12301774489234,150.1366473885107,149.8719468789896,149.78939336965502,148.94787394185903,,,,,150.6990993703498,150.72700526941517,150.43394099642356,#000000,1.4953107634467253,150.61434632518572,0.47191105157815094,50.194435422521366,-4.555205357649996,True,False,False,False,True,0.5107585352954018,0.0,0.0,0.0,0.0,1,1.026586428346881,0.8839538330264521,False,False,False,False,0.12318681011140856,0.11407518721005183,False,False,False,False,218099.0,47953.09444850967,False,False,False,False,13424.049928999004,False,False,False,False
2025-06-12 16:00:00+00:00,151.32,151.53,151.03,151.15,3933.0,,,,,,,,,,,,,,,,,150.90946903601866,151.6502725466857,151.7103982033892,150.02393074862334,150.17117179724818,150.11338558789186,149.82425899378492,,,,,,,,,,,,,,,,150.7324556144558,151.8161668505392,150.72824344483004,150.12490194652918,150.13826075969033,149.87379722497434,149.79130977872225,148.95054652832988,,,,,150.7324556144558,150.72824344483004,150.43723793744755,#000000,1.4625429846614169,150.61553900965154,0.3654326716914875,51.1141081714874,-3.650740188558167,True,False,False,False,True,0.0,0.0,0.0,0.0,0.0,1,1.0389140685803233,0.8784965435150854,False,False,False,False,0.12128170963454347,0.11767844842229766,False,False,False,False,214166.0,50530.038720625795,False,False,False,False,13276.90186808429,False,False,False,False
2025-06-12 17:00:00+00:00,151.145,151.49,150.95,151.18,5042.0,,,,,,,,,,,,,,,,,150.91319474867623,151.64681945480123,151.7083585669784,150.0268818203083,150.17333709286905,150.11541342233403,149.82662665367243,,,,,,,,,,,,,,,,150.767398065063,151.81357793044762,150.72972883690338,150.12724320748757,150.14026584734626,149.8761099379865,149.79370831297086,148.953918755257,,,,,150.767398065063,150.72972883690338,150.44083884354012,#000000,1.4657962138513283,150.61715976268178,0.3839825973075642,51.87496972743472,-2.7851037049232588,True,False,True,False,True,0.06075976295957375,0.0,0.0,0.0,0.0,1,1.0362534991510255,0.8789408471387273,False,False,False,False,0.11544112630782015,0.1165597873650589,False,False,False,False,219208.0,53145.20091100369,False,False,False,False,13149.228970904687,False,False,False,False
2025-06-12 18:00:00+00:00,151.19,151.655,151.19,151.535,10918.0,,,,,,,,,,,,,,,,,150.9276459783192,151.64372265028967,151.70619991927694,150.03458329805844,150.17913688215282,150.1207922652442,149.83266198613887,,,,,,,,,,,,,,,,150.86270240976003,151.81035542323556,150.73460572982333,150.13346016008256,150.14560733781022,149.88203879127983,149.79980060148515,148.9620038772723,,,,,150.86270240976003,150.73460572982333,150.45168782068194,"rgba(38, 166, 154, 0.5)",1.4651009035755902,150.62990677150904,0.6177685279437531,54.113423754185334,-0.5170361898333269,True,False,True,False,True,1.2232391686784538,0.0,0.0,0.0,0.0,1,1.037030213706706,0.8790070007369204,False,False,False,False,0.12713312658461462,0.12184645697483676,False,False,False,False,230126.0,55889.089268972624,False,False,False,False,13114.636273681359,False,False,False,False
2025-06-12 19:00:00+00:00,151.54,151.83,151.25,151.81,24694.0,,,,,,,,,,,,,,,,,150.96726126766086,151.64322675129043,151.70473082138997,150.05374207132303,150.1937794393035,150.1343250033346,149.84755832068294,,,,,,,,,,,,,,,,151.04482477556277,151.80671271077475,150.7479290039712,150.1490846283415,150.1590726239416,149.896713328746,149.8148112542449,148.98133101193162,,,,,151.04482477556277,150.7479290039712,150.47634020083333,"rgba(38, 166, 154, 0.5)",1.4652407728844015,150.65989649403457,0.7849245852621172,56.82763290338725,2.1299230747463085,True,False,True,False,True,2.1169169948508753,0.0,0.0,0.0,0.0,1,1.0356716006251725,0.8748735864668571,False,False,False,False,0.1339330555148144,0.12788975624482557,False,False,False,False,254820.0,58973.28943534514,False,False,False,False,13294.16129269405,False,False,False,False
2025-06-13 14:00:00+00:00,150.95,151.75,150.7,151.47,8624.0,,,,,,,,,,,,,,,,,150.97381775466118,151.63903217127702,151.70206855039362,150.05897467995626,150.1976881266533,150.13798474377322,149.85176945673294,,,,,,,,,,,,,,,,151.06486813063262,151.80321027335768,150.75081749431976,150.15329001008203,150.16269671173558,149.90083509375188,149.81907217087786,148.98719898225318,,,,,151.06486813063262,150.75081749431976,150.48022162336386,"rgba(38, 166, 154, 0.5)",1.4654144265161992,150.6626737740952,0.5509200750971845,56.36207455378035,2.1299230747463085,True,False,True,False,True,0.9561514771683726,0.0,0.0,0.0,0.0,1,1.030737517178195,0.8780119102153007,False,False,False,False,0.11572942669885754,0.12180959147184156,False,False,False,False,246196.0,61875.967118518085,False,False,False,False,13221.755691256934,False,False,False,False
2025-06-13 15:00:00+00:00,151.46,151.79,151.315,151.61,18345.0,,,,,,,,,,,,,,,,,150.99741512435324,151.6372923342175,151.70023936835878,150.07229490658278,150.20787723229296,150.14744239807266,149.8622640368389,,,,,,,,,,,,,,,,151.13583547698468,151.79981105435516,150.75974613744785,150.16416705438428,150.1720985641388,149.91116099150125,149.8296558367763,149.00099828939872,,,,,151.13583547698468,150.75974613744785,150.49321992038028,"rgba(38, 166, 154, 0.5)",1.4647577606203903,150.67707510626897,0.6369141156390977,56.76970683621811,2.376442383721738,True,False,True,False,True,1.4214898555485078,0.0,0.0,0.0,0.0,1,1.0377141807156969,0.8765216592402046,False,False,False,False,0.09200215612017437,0.10690587379600797,False,False,False,False,264541.0,65018.06065156431,False,False,False,False,13301.185835578532,False,False,False,False
2025-06-13 16:00:00+00:00,151.6,151.895,151.49,151.705,7511.0,,,,,,,,,,,,,,,,,151.00853560002452,151.63791360589047,151.70021896682758,150.0781302126329,150.21238387174867,150.15161544773352,149.86683548337757,,,,,,,,,,,,,,,,151.16624598728444,151.799194786675,150.76390021941546,150.16896370723313,150.17625244146794,149.9156674866954,149.83426061901832,149.00687838406893,,,,,151.16624598728444,150.76390021941546,150.49913312133958,"rgba(38, 166, 154, 0.5)",1.464862020375675,150.68396985665302,0.6970145509575979,57.54453016702226,3.3814389157807625,True,False,True,False,True,1.740287126161359,0.0,0.0,0.0,0.0,0,1.03863508178229,0.8896879112615158,False,False,False,False,0.09396160682478835,0.10043374031039816,False,False,False,False,272052.0,68227.88916859432,False,False,False,False,13211.415512546306,False,False,False,False
2025-06-13 17:00:00+00:00,151.72,151.81,151.49,151.665,6762.0,,,,,,,,,,,,,,,,,151.0176607083588,151.63807306107486,151.699987687359,150.08321355256214,150.21630459148295,150.15525237694547,149.8708383450893,,,,,,,,,,,,,,,,151.18899484902715,151.79842331329436,150.76744301388345,150.1731393437491,150.1798708224789,149.91961071564197,149.83829451033714,149.0120685489878,,,,,151.18899484902715,150.76744301388345,150.50394502935148,"rgba(38, 166, 154, 0.5)",1.4511847381172753,150.68941051617017,0.6722710473757622,57.73457987530027,3.8663181520837497,True,False,True,False,True,1.5976969429494545,0.0,0.0,0.0,0.0,0,1.0326384303367608,0.891425337232337,False,False,False,False,0.09089905246703546,0.09566639638871681,False,False,False,False,265290.0,71283.11569311224,False,False,False,False,13111.424574367293,False,False,False,False
2025-06-13 18:00:00+00:00,151.67,151.82,151.16,151.65,8529.0,,,,,,,,,,,,,,,,,151.0268560441363,151.63697085930718,151.6989835591943,150.08912647872282,150.2208380754778,150.15947497122565,149.87554732013757,,,,,,,,,,,,,,,,151.2086435882599,151.7967134285809,150.77131443576408,150.1779784123469,150.1840659782347,149.92424053521833,149.84304591147767,149.01831065962222,,,,,151.2086435882599,150.77131443576408,150.50880735051376,"rgba(38, 166, 154, 0.5)",1.4374001336247684,150.69450542416283,0.6647380596992551,57.7267615771088,4.20113939093779,True,False,True,False,True,1.5432744494361899,0.0,0.0,0.0,0.0,0,1.0300872435746287,0.8903560481018634,False,False,False,False,0.07557210678269242,0.08561925158570462,False,False,False,False,256761.0,74158.74180639732,False,False,False,False,13040.379232129038,False,False,False,False
2025-06-13 19:00:00+00:00,151.685,152.44,151.48,152.38,47489.0,,,,,,,,,,,,,,,,,151.1221008318553,151.66513998437955,151.71280248085347,150.1334679311149,150.25591548306642,150.1917959337851,149.90988129840943,,,,,,,,,,,,,,,,151.4189269722832,151.8076255153199,150.80723029359186,150.21504441496216,150.21633629060676,149.95824353427943,149.87752996025247,149.0600509152567,,,,,151.4189269722832,150.80723029359186,150.55680612266778,"rgba(38, 166, 154, 1.0)",1.4297648392291122,150.75285051388875,1.13805392430028,61.604540396080544,8.051454519168317,True,False,True,False,True,4.0467343449784465,0.0,0.0,0.0,0.0,0,1.030691257215261,0.8854005349852181,False,False,False,False,0.10163376100751563,0.09362650629661012,False,False,False,False,304250.0,77726.0481349803,False,False,False,False,13574.46637581696,False,False,False,False
2025-06-16 14:00:00+00:00,153.85,154.0,153.17,153.53,8364.0,,,,,,,,,,,,,,,,153.56666666666666,151.15972524671852,151.68529855857207,151.7239861169713,150.1467498767333,150.26676437455745,150.20166715858278,149.919795150129,,,,,,,,,,,,,,,,151.50460627899508,151.8187021603265,150.82030532389985,150.22638984469646,150.22624563287647,149.96814845597413,149.8874308483091,149.070776055603,,,,,151.50460627899508,150.82030532389985,150.76207860935074,"rgba(0, 255, 255, 0.75)",1.4321627317069934,150.96454560787168,1.791314866202777,67.54012660462952,13.518028779864508,True,False,True,False,True,7.7319814467333075,0.0,0.0,0.0,0.0,0,1.0384938409854423,0.8834453154162003,False,False,False,False,0.21986234374877062,0.15674442502269037,False,False,False,False,312614.0,81367.7218073062,False,False,False,False,13493.683951385688,False,False,False,False
2025-06-16 15:00:00+00:00,153.23,153.51,152.72,153.04,14537.0,,,,,,,,,,,,,,,,153.2640902144011,151.21001541301501,151.71071255341218,151.73816007519378,150.16640792046005,150.2827526004993,150.2162761320662,149.93466304421466,,,,,,,,,,,,,,,,151.6074027612374,151.8324651578215,150.83884442173192,150.2431390001946,150.2408918978981,149.98297157449298,149.90230004832293,149.08733233522835,,,,,151.6074027612374,150.83884442173192,150.7661515718869,"rgba(38, 166, 154, 1.0)",1.4309775906230002,150.9794257222095,1.4399766224804316,67.90038259269959,13.702975435492391,True,False,True,False,True,5.904968678194415,0.0,0.0,0.0,0.0,0,1.0260295621455795,0.8905828762666174,False,False,False,False,0.17312404082254157,0.16493423292261597,False,False,False,False,298077.0,84727.55557773555,False,False,False,False,13509.859393999863,False,False,False,False
2025-06-16 16:00:00+00:00,153.035,153.25,152.9,152.9,4897.0,,,,,,,,,,,,,,,,153.22050315370407,151.22573346219735,151.7186235888225,151.74261334443892,150.17280639863847,150.287958138404,150.22103942225309,149.93952448510737,,,,,,,,,,,,,,,,151.63752622626905,151.8367681019621,150.84482035254845,150.24859296064375,150.24566590524006,149.98781620299866,149.90716339712756,149.09277726921408,,,,,151.63752622626905,150.84482035254845,150.77062077559808,"rgba(38, 166, 154, 1.0)",1.4317544457039872,150.9864706221325,1.336492709073898,67.18333835424782,13.702975435492391,True,False,True,False,True,5.387407065872228,0.0,0.0,0.0,0.0,0,1.0264540337711068,0.903846153846154,False,False,False,False,0.16965901223975363,0.1672966225811848,False,False,False,False,293180.0,87959.37642149159,False,False,False,False,13376.326690216918,False,False,False,False
2025-06-16 17:00:00+00:00,152.87,152.87,151.42,151.455,6830.0,,,,,,,,,,,,,,,,152.96300671903276,151.23399696095757,151.7202688371869,151.7434467674503,150.17824418033598,150.29226755295235,150.22504858105523,149.94386098877334,,,,,,,,,,,,,,,,151.6455590241573,151.83716257665688,150.84890045893798,150.2531508280459,150.2496606790588,149.99209908448626,149.9115269454377,149.09822125484968,,,,,151.6455590241573,150.84890045893798,150.75852633996092,#000000,1.4330340081340747,150.97773901130694,0.33304233255043775,59.53826331678873,14.357891467965374,True,False,True,False,False,0.3131615361928901,0.0,0.0,0.0,0.0,0,1.0089397960609021,0.908599897564837,False,False,False,False,0.09005141980972459,0.12867402119545468,False,False,False,False,286350.0,91035.20004286381,False,False,False,False,13274.833253159291,False,False,False,False
2025-06-16 18:00:00+00:00,151.4,151.4,150.73,150.76,12842.0,,,,,,,,,,,,,,,,152.42203756758653,151.22803021485825,151.70853000172693,151.73641925586307,150.18282470288887,150.29559291680945,150.22831940741597,149.94805149649665,,,,,,,,,,,,,,,,151.610340899955,151.82895574105464,150.8497149296005,150.25678440863342,150.25285744058422,149.99614054122887,149.91580738307198,149.104961416014,,,,,151.610340899955,150.8497149296005,150.7228355202368,#000000,1.4430457654147457,150.94513307582488,-0.12829328096304995,52.22407965429396,7.970318571208729,True,False,False,False,False,0.0,0.0,0.0,0.0,0.0,0,0.9994889900585333,0.9228374988386138,False,False,False,False,-0.0010516298197763615,0.06381119568783916,False,False,False,False,273508.0,93864.23570111398,False,False,False,False,13268.122660087054,False,False,False,False
2025-06-16 19:00:00+00:00,150.82,150.835,150.07,150.515,24321.0,,,,,,,,,,,,,,,,151.76186518272948,151.197784387393,151.67328648857918,151.71523180692077,150.1859996128046,150.29724545800337,150.2303580656311,149.95210905319078,,,,,,,,,,,,,,,150.4733333333333,151.50908028151994,151.8052649346151,150.84470897603185,150.2588625814677,150.2547120496804,149.99987173213935,149.92007152667995,149.11426298148086,,,,,151.50908028151994,150.84470897603185,150.65847343836475,#000000,1.4562728558312774,150.91869445818674,-0.2772107277631771,46.64280488813312,3.3103526150597844,False,True,False,True,False,0.0,0.0,0.0,0.0,0.0,0,0.9910247513300944,0.9292620865139949,False,False,False,False,-0.05262980474240027,0.005590695472719447,False,False,False,False,249187.0,96272.34057396492,False,False,False,False,13439.48509946555,False,False,False,False
2025-06-17 14:00:00+00:00,150.7,151.48,150.68,151.33,10469.0,,,,,,,,,,,,,,,,151.6856917092147,151.19720014773318,151.66709926728086,151.71127537072454,150.19057576813367,150.3006978269583,150.23368768710824,149.95612306739233,,,,,,,,,,,,,,,150.68096799846697,151.49631525707852,151.80047202918558,150.84652274470977,150.26258352929187,150.25799019545335,150.0037744770399,149.92415120245937,149.12024108790035,,,,,151.49631525707852,150.84652274470977,150.66678643330187,#000000,1.4585702767616686,150.92406040231987,0.27831336216545993,46.662966755248604,3.3103526150597844,False,True,False,True,False,0.0,0.0,0.0,0.0,0.0,0,0.995307540138933,0.9223903942586371,False,False,False,False,0.00021032084171893024,0.0029005081572191886,False,False,False,False,259656.0,98805.42056506623,False,False,False,False,13393.431066915697,False,False,False,False
2025-06-17 15:00:00+00:00,151.4,151.78,151.145,151.27,14066.0,,,,,,,,,,,,,,,,151.64373021475683,151.20168092345781,151.66278822400244,151.70828991081507,150.19812633299856,150.30654517623591,150.23924553275376,149.96251627574722,,,,,,,,,,,,,,,150.88750272910866,151.49168453596934,151.7964779527822,150.8507111564273,150.26882681496926,150.26349125316017,150.01003149530027,149.93062216773538,149.1291360569087,,,,,151.49168453596934,150.8507111564273,150.6794945148899,#000000,1.4604368499846736,150.93403362687582,0.23004512186043477,46.4553134830463,3.3103526150597844,False,True,False,True,False,0.0,0.0,0.0,0.0,0.0,0,0.996786779894422,0.9231581363323383,False,False,False,False,0.03240138684629977,0.01765094750175948,False,False,False,False,245590.0,101081.15047878613,False,False,False,False,13403.858492234833,False,False,False,False
2025-06-17 16:00:00+00:00,151.31,151.44,151.12,151.33,14006.0,,,,,,,,,,,,,,,,151.59967253380705,151.2037422315738,151.65703256107003,151.7044165788226,150.20492250036003,150.31176956225485,150.24424640068287,149.96837935559213,,,,,,,,,,,,,,,150.9786667090876,151.48291958947044,151.79158336503,150.85405637388143,150.27442218510785,150.26843034494823,150.01575409767173,149.9365668986624,149.13753059213832,,,,,151.48291958947044,150.85405637388143,150.68435952236243,#000000,1.459095539295889,150.9368666276645,0.2694363472080968,46.599737541351914,3.2454349128619526,False,True,False,True,False,0.0,0.0,0.0,0.0,0.0,0,0.9937636710569172,0.938288267324428,False,False,False,False,0.017037972922187308,0.017344460211973396,False,False,False,False,259596.0,103538.74504500651,False,False,False,False,13413.194019487006,False,False,False,False
2025-06-17 17:00:00+00:00,151.35,151.63,151.11,151.395,10822.0,,,,,,,,,,,,,,,,151.57990155779697,151.20662147369615,151.65368787239964,151.70206282787117,150.21050489471165,150.31610028110165,150.24837547835227,149.9731507704684,,,,,,,,,,,,,,,151.03736591390262,151.47940950901219,151.7884799305504,150.8570775574052,150.2790460801579,150.2725149516619,150.0204207277823,149.94139857476648,149.14421604442708,,,,,151.47940950901219,150.8570775574052,150.68884320270968,#000000,1.4515491103714668,150.94005639717847,0.31341936664142145,47.02895298390666,3.2454349128619526,False,False,False,True,False,0.21641229939533702,0.0,0.0,0.0,0.0,0,0.9868365970510249,0.9353923438299449,False,False,False,False,0.024612995048716547,0.020978727630344973,False,False,False,False,270418.0,106126.02031562656,False,False,False,False,13373.020468797284,False,False,False,False
2025-06-17 18:00:00+00:00,151.31,151.45,150.945,151.15,11108.0,,,,,,,,,,,,,,,,151.54645587293908,151.20620609063064,151.64794415944303,151.69823556213527,150.21522416424457,150.3196927715105,150.25185029772993,149.9773340514154,,,,,,,,,,,,,,,151.05626973456614,151.46949426889714,151.78383821780147,150.8589861682889,150.28291014357922,150.2759362623518,150.02448862655632,149.94565020511996,149.15043639223882,,,,,151.46949426889714,150.8589861682889,150.68887958761457,#000000,1.4441055244566279,150.93869941301094,0.14631935368336352,46.13620355675613,1.945760891784353,False,True,False,True,False,0.0,0.0,0.0,0.0,0.0,0,0.9860178970917218,0.9386185682326617,False,False,False,False,0.010095940965051139,0.015537334297698057,False,False,False,False,259310.0,108500.9657370897,False,False,False,False,13337.903872381823,False,False,False,False
2025-06-17 19:00:00+00:00,151.12,152.04,151.09,151.82,19061.0,,,,,,,,,,,,,,,,151.55949853404087,151.21853017906187,151.6479862084309,151.69763440898882,150.22708924437705,150.32910028590715,150.26072620433354,149.98721074736454,,,,,,,,,,,,,,,151.16524196059174,151.47925154296917,151.78210421545,150.86688780843576,150.29287950249548,150.28475238026948,150.03420139351485,149.95561713240602,149.16346302913445,,,,,151.47925154296917,150.86688780843576,150.70306910457484,"rgba(38, 166, 154, 0.5)",1.4377218591036778,150.95157822990268,0.6040262687796343,48.97546020786869,1.945760891784353,False,False,False,False,True,1.6653151203946308,0.0,0.0,0.0,0.0,0,0.9834044131281283,0.934266641943259,False,False,False,False,0.041036398994021686,0.028286866645859873,False,False,False,False,278371.0,111134.60967915032,False,False,False,False,13426.634044903036,False,False,False,False
2025-06-18 14:00:00+00:00,151.35,152.59,151.29,152.58,18308.0,,,,,,,,,,,,,,,,151.62359016531963,151.24281622439807,151.65772268819126,151.70302483569506,150.24226873546846,150.3414074669133,150.27219650120784,149.99942662237115,,,,,,,,,,,,,,,151.31332503826917,151.5125223021117,151.78666706052874,150.87911348097563,150.30582005921445,150.29619721356113,150.04629402494697,149.96789256539572,149.17835482826047,,,,,151.5125223021117,150.87911348097563,150.72756704781347,"rgba(38, 166, 154, 1.0)",1.4326567395345358,150.97612251011,1.1195127525181665,53.75705949381859,-1.9466732077576623,True,False,True,False,True,4.1496002641404495,0.0,0.0,0.0,0.0,0,0.9848721721537604,0.9307062718410881,False,False,False,False,0.07268989313323043,0.05048837988954515,False,False,False,False,296679.0,114011.26689342706,False,False,False,False,13502.31413723012,False,False,False,False
2025-06-18 15:00:00+00:00,152.62,153.21,152.47,152.94,10568.0,,,,,,,,,,,,,,,,151.69688294607627,151.2669069216014,151.67109342095492,151.7109615745791,150.2541827537168,150.35122931390012,150.2812645242249,150.0087517470343,,,,,,,,,,,,,,,151.43753427409735,151.55021866925995,151.7943225222114,150.88999351841434,150.31608741139883,150.30527654931663,150.055575529481,149.9772300769664,149.18894765347218,,,,,151.55021866925995,150.88999351841434,150.75037996510034,"rgba(38, 166, 154, 1.0)",1.4154496691038376,150.99995799630443,1.3706188542358158,58.074900672332625,2.0946200189189526,True,False,True,False,True,5.291015333700312,0.0,0.0,0.0,0.0,0,0.9963287595796422,0.9255197099720059,False,False,False,False,0.14938044118325447,0.09993441053639981,False,False,False,False,307247.0,117007.16973228866,False,False,False,False,13456.820894792441,False,False,False,False
2025-06-18 16:00:00+00:00,152.94,153.24,152.9,153.22,6794.0,,,,,,,,,,,,,,,,151.74858893113645,151.28434297885775,151.68126699752236,151.71707814461408,150.26250126356112,150.35811710831942,150.28761249360224,150.0152283069556,,,,,,,,,,,,,,,151.51946106854547,151.5776854257932,151.80029952296732,150.89778779156507,150.3232773948737,150.3116372164099,150.0620298794416,149.98370997365487,149.19617937631475,,,,,151.5776854257932,150.89778779156507,150.76628258083147,"rgba(0, 255, 255, 0.75)",1.394826709505504,151.016755339379,1.5795830733712488,61.78375548122651,5.494809883884045,True,False,True,False,True,6.171054234042746,0.0,0.0,0.0,0.0,0,1.0062658373646616,0.9233356369500105,False,False,False,False,0.16922616892095993,0.13458028972867986,False,False,False,False,314041.0,120061.95779845472,False,False,False,False,13353.52134603597,False,False,False,False
2025-06-18 17:00:00+00:00,153.21,153.75,153.17,153.54,6554.0,,,,,,,,,,,,,,,,151.80744472057606,151.30415317991003,151.69341362588358,151.72445758528625,150.27150413130303,150.36560701061248,150.29449864449688,150.02218541634556,,,,,,,,,,,,,,,151.6077231870863,151.6093724499487,151.80760239428213,150.90648741130335,150.33108331265717,150.31854358693352,150.06897400377878,149.9906635495525,149.20378002083248,,,,,151.6093724499487,150.90648741130335,150.78397024886993,"rgba(0, 255, 255, 0.75)",1.3673413474186935,151.0356143459858,1.8315731172337015,65.15729262464532,8.585005572740243,True,False,True,False,True,7.169680186885195,0.0,0.0,0.0,0.0,0,1.00543003083153,0.9212185357323631,False,False,False,False,0.20319068334313578,0.16888548653590782,False,False,False,False,320595.0,123170.99721243216,False,False,False,False,13248.102410438512,False,False,False,False
2025-06-18 18:00:00+00:00,153.66,153.92,153.155,153.38,16273.0,,,,,,,,,,,,,,,,151.93755079750898,151.35179641306735,151.72285014221254,151.74249960797795,150.2936300795086,150.38403977604074,150.31145998242846,150.03933107241417,,,,,,,,,,,,,,,151.79589026793965,151.68361412052013,151.82544646639363,150.92782328670745,150.35028900773708,150.33555332255634,150.0860861434404,150.00780170495446,149.22252851858028,,,,,151.68361412052013,150.92782328670745,150.82459945352875,"rgba(0, 255, 255, 0.75)",1.3360816955926422,151.07920222144008,1.7220487236293978,66.2787824515172,9.675899368081069,True,False,True,False,True,6.565892499956593,0.0,0.0,0.0,0.0,0,1.0075896964121427,0.9198712051517931,False,False,False,False,0.20999304244402425,0.18943926448996604,False,False,False,False,304322.0,125979.53989130919,False,False,False,False,13295.000047485977,False,False,False,False
2025-06-18 19:00:00+00:00,153.34,153.43,153.0,153.07,13809.0,,,,,,,,,,,,,,,,152.01344820364682,151.38482871753098,151.74270386306694,151.754777784021,150.31031906007647,150.39792323634433,150.32428265434203,150.05241605153506,,,,,,,,,,,,,,,151.90334462048492,151.7318093931428,151.8374455967881,150.9434339280112,150.36476761878166,150.3484002920688,150.0991258585528,150.02089416553335,149.2371312716575,,,,,151.7318093931428,150.9434339280112,150.85100307738733,"rgba(38, 166, 154, 1.0)",1.313964110881687,151.1075881954991,1.493504874485574,64.90220308801392,9.675899368081069,True,False,True,False,True,5.397918709679466,0.0,0.0,0.0,0.0,0,1.000092131932927,0.9292426755113314,False,False,False,False,0.18180484122416635,0.18562205285706618,False,False,False,False,290513.0,128530.44624958347,False,False,False,False,13302.969038997822,False,False,False,False
2025-06-19 14:00:00+00:00,153.07,153.07,153.07,153.07,0.0,,,,,,,,,,,,,,,,152.01344820364682,151.38482871753098,151.74270386306694,151.754777784021,150.31031906007647,150.39792323634433,150.32428265434203,150.05241605153506,,,,,,,,,,,,,,,151.90334462048492,151.7318093931428,151.8374455967881,150.9434339280112,150.36476761878166,150.3484002920688,150.0991258585528,150.02089416553335,149.2371312716575,,,,,151.7318093931428,150.9434339280112,150.85100307738733,"rgba(0, 255, 255, 0.75)",1.2952176310227306,151.1075881954991,1.5151212873402147,63.984483512345065,9.675899368081069,True,False,True,False,True,5.397918709679466,0.0,0.0,0.0,0.0,0,0.9986136143074995,0.9322981653495996,False,False,False,False,0.16922616892095993,0.17742411088901305,False,False,False,False,290513.0,131041.80367207056,False,False,False,False,13096.721456997855,False,False,False,False
2025-06-19 15:00:00+00:00,153.07,153.07,153.07,153.07,0.0,,,,,,,,,,,,,,,,152.01344820364682,151.38482871753098,151.74270386306694,151.754777784021,150.31031906007647,150.39792323634433,150.32428265434203,150.05241605153506,,,,,,,,,,,,,,,151.90334462048492,151.7318093931428,151.8374455967881,150.9434339280112,150.36476761878166,150.3484002920688,150.0991258585528,150.02089416553335,149.2371312716575,,,,,151.7318093931428,150.9434339280112,150.85100307738733,"rgba(0, 255, 255, 0.75)",1.261020429066457,151.1075881954991,1.5562093676418003,63.37267046189916,9.675899368081069,True,False,True,False,False,5.397918709679466,0.0,0.0,0.0,0.0,0,0.9980486898346024,0.9346311094592076,False,False,False,False,0.16922616892095993,0.1733251399049865,False,False,False,False,290513.0,133514.22532056557,False,False,False,False,12893.67151192812,False,False,False,False
2025-06-19 16:00:00+00:00,153.07,153.07,153.07,153.07,0.0,,,,,,,,,,,,,,,,152.01344820364682,151.38482871753098,151.74270386306694,151.754777784021,150.31031906007647,150.39792323634433,150.32428265434203,150.05241605153506,,,,,,,,,,,,,,,151.90334462048492,151.7318093931428,151.8374455967881,150.9434339280112,150.36476761878166,150.3484002920688,150.0991258585528,150.02089416553335,149.2371312716575,,,,,151.7318093931428,150.9434339280112,150.85100307738733,"rgba(0, 255, 255, 0.75)",1.209694019833966,151.1075881954991,1.6222381629779812,62.964795094935226,9.675899368081069,True,False,True,False,False,5.397918709679466,0.0,0.0,0.0,0.0,0,1.0011268663724286,0.9360503333646344,False,False,False,False,0.16922616892095993,0.1712756544129732,False,False,False,False,290513.0,135948.31485047928,False,False,False,False,12693.769628022257,False,False,False,False
2025-06-19 17:00:00+00:00,153.07,153.07,153.07,153.07,0.0,,,,,,,,,,,,,,,,152.01344820364682,151.38482871753098,151.74270386306694,151.754777784021,150.31031906007647,150.39792323634433,150.32428265434203,150.05241605153506,,,,,,,,,,,,,,,151.90334462048492,151.7318093931428,151.8374455967881,150.9434339280112,150.36476761878166,150.3484002920688,150.0991258585528,150.02089416553335,149.2371312716575,,,,,151.7318093931428,150.9434339280112,150.85100307738733,"rgba(0, 255, 255, 0.75)",1.21635395956744,151.1075881954991,1.6133558731528905,62.692878183625936,9.675899368081069,True,False,True,False,False,5.397918709679466,0.0,0.0,0.0,0.0,0,1.000567536889897,0.9327468785471049,False,False,False,False,0.16922616892095993,0.17025091166696657,False,False,False,False,290513.0,138344.66655822378,False,False,False,False,12496.96699813044,False,False,False,False
2025-06-19 18:00:00+00:00,153.07,153.07,153.07,153.07,0.0,,,,,,,,,,,,,,,,152.01344820364682,151.38482871753098,151.74270386306694,151.754777784021,150.31031906007647,150.39792323634433,150.32428265434203,150.05241605153506,,,,,,,,,,,,,,,151.90334462048492,151.7318093931428,151.8374455967881,150.9434339280112,150.36476761878166,150.3484002920688,150.0991258585528,150.02089416553335,149.2371312716575,,,,,151.7318093931428,150.9434339280112,150.85100307738733,"rgba(0, 255, 255, 0.75)",1.223196734892913,151.1075881954991,1.6043304797348938,62.511600242753076,9.675899368081069,True,False,True,False,False,5.397918709679466,0.0,0.0,0.0,0.0,0,1.0025705717141895,0.9294996905793299,False,False,False,False,0.16922616892095993,0.16973854029396324,False,False,False,False,290513.0,140703.86552631334,False,False,False,False,12303.215571802835,False,False,False,False
2025-06-19 19:00:00+00:00,153.07,153.07,153.07,153.07,0.0,,,,,,,,,,,,,,,,152.01344820364682,151.38482871753098,151.74270386306694,151.754777784021,150.31031906007647,150.39792323634433,150.32428265434203,150.05241605153506,,,,,,,,,,,,,,,151.90334462048492,151.7318093931428,151.8374455967881,150.9434339280112,150.36476761878166,150.3484002920688,150.0991258585528,150.02089416553335,149.2371312716575,,,,,151.7318093931428,150.9434339280112,150.85100307738733,"rgba(0, 255, 255, 0.75)",1.2305365489080868,151.1075881954991,1.5947610871389748,62.39074828217117,9.675899368081069,True,False,True,False,False,5.397918709679466,0.0,0.0,0.0,0.0,0,1.016635233812079,0.9235939842352139,False,False,False,False,0.16922616892095993,0.16948235460746158,False,False,False,False,290513.0,143026.48776621546,False,False,False,False,12112.46804355783,False,False,False,False
2025-06-20 14:00:00+00:00,154.02,154.1,153.5,153.61,4927.0,,,,,,,,,,,,,,,,152.05059576208893,151.40000305778358,151.75243899268858,151.7608554761014,150.3174057141178,150.4038562273605,150.32974178977693,150.0579079207516,,,,,,,,,,,,,,,151.95322576933984,151.75478912995263,151.84348872010338,150.9503657178489,150.37094116972344,150.35387724153236,150.10461125897592,150.02638095001186,149.2430673182894,,,,,151.75478912995263,150.9503657178489,150.86315013037924,"rgba(0, 255, 255, 0.75)",1.245245292236939,151.12077474191307,1.9989838737838885,65.714218692334,11.755787077371608,True,False,True,False,True,7.341907647207897,0.0,0.0,0.0,0.0,0,1.0238382473580072,0.9028132992327359,False,False,False,False,0.23318027186286358,0.20133131323516257,False,False,False,False,295440.0,145389.48795588655,False,False,False,False,12001.065438231351,False,False,False,False
2025-06-20 15:00:00+00:00,153.61,153.835,152.61,152.61,8097.0,,,,,,,,,,,,,,,,152.0837065661538,151.41698277358944,151.76251510605695,151.76716095558,150.32655507313618,150.41146913618869,150.3367918376996,150.0651423476535,,,,,,,,,,,,,,,151.99881219066552,151.77815000232138,151.8496001507612,150.9587652672713,150.3788829077856,150.36093650153248,150.11181428877464,150.03362384898693,149.25123461267884,,,,,151.77815000232138,150.9587652672713,150.876008445108,"rgba(38, 166, 154, 1.0)",1.2463738322550546,151.13462471728064,1.183734161082301,59.250683678170205,13.61008850993116,True,False,True,False,False,3.213943554451653,0.0,0.0,0.0,0.0,0,1.0162258172915357,0.9037012145360273,False,False,False,False,0.18245697933761218,0.19189414628638737,False,False,False,False,287343.0,147590.31759998132,False,False,False,False,11940.537291902183,False,False,False,False
2025-06-20 16:00:00+00:00,152.58,152.9,152.375,152.74,4400.0,,,,,,,,,,,,,,,,152.0944387472188,151.4240958423203,151.7664305947622,151.76961892136262,150.33086401922827,150.41503984198923,150.34011415401807,150.06859906598802,,,,,,,,,,,,,,,152.01410568076744,151.78703768048447,151.85191739619268,150.96253764907468,150.3826143913056,150.3642585316587,150.11524850407574,150.0370895986897,149.25525094740308,,,,,151.78703768048447,150.96253764907468,150.88113303332585,"rgba(38, 166, 154, 1.0)",1.2491085181402413,151.14009662003838,1.28083617774353,55.83615720611737,10.619261350564244,False,False,True,False,False,3.6881787600302545,0.0,0.0,0.0,0.0,0,1.029424617625636,0.9078417091527061,False,False,False,False,0.132004247237477,0.1619491967619322,False,False,False,False,291743.0,149825.24290850875,False,False,False,False,11823.62973698897,False,False,False,False
2025-06-20 17:00:00+00:00,152.68,153.17,152.68,153.125,4620.0,,,,,,,,,,,,,,,,152.11131155370487,151.4333718607854,151.77194627740013,151.7730959203682,150.335987586451,150.41930690130678,150.34406981015803,150.07266374299627,,,,,,,,,,,,,,,152.03689207529655,151.79948901606588,151.85528080916473,150.96721908531,150.38706530316236,150.36821872220776,150.11929465969826,150.0411596632984,149.25985201164704,,,,,151.79948901606588,150.96721908531,150.88801323523657,"rgba(0, 255, 255, 0.75)",1.256282858922319,151.14751383744476,1.574077166229579,55.9867838079867,10.619261350564244,False,False,True,False,False,5.0839740599701635,0.0,0.0,0.0,0.0,0,1.028837254615421,0.9015051877831354,False,False,False,False,0.15670032216478139,0.15932475946335678,False,False,False,False,296363.0,152097.14611922952,False,False,False,False,11711.94555502015,False,False,False,False
2025-06-20 18:00:00+00:00,153.125,153.45,152.68,152.74,7833.0,,,,,,,,,,,,,,,,152.137431908252,151.44850291136964,151.78092013867064,151.77877799310738,150.34451552823845,150.4264113054854,150.35066124200188,150.07944712592072,,,,,,,,,,,,,,,152.0718597235435,151.81941885955263,151.86076394529545,150.97497070800375,150.39447608101904,150.37481662189487,150.12604550971716,150.04795315547878,149.26755414722987,,,,,151.81941885955263,150.97497070800375,150.8990898179283,"rgba(38, 166, 154, 1.0)",1.258359571351219,151.15945247136216,1.2560380710107115,53.49044951252678,8.483712607986647,False,True,True,False,False,3.5158108957202145,0.0,0.0,0.0,0.0,0,1.0288147967875385,0.8975906546605007,False,False,False,False,0.16879338840478356,0.16405907393407015,False,False,False,False,288530.0,154212.38416389262,False,False,False,False,11651.806864244643,False,False,False,False
2025-06-20 19:00:00+00:00,152.77,152.96,151.55,151.71,37217.0,,,,,,,,,,,,,,,,152.12922630820404,151.4766629248043,151.79107837481789,151.78534696988217,150.37083817206874,150.44803313488288,150.37106678548972,150.1014833783324,,,,,,,,,,,,,,152.07333333333335,152.07208518154627,151.83862522466856,151.86567585466832,150.99493493931772,150.41717025476962,150.39514118383778,150.1478127603998,150.070130884322,149.29505664969554,,,,,151.83862522466856,150.99493493931772,150.98020568416894,#000000,1.2571206841090596,151.2748183017399,0.3461733656610025,47.07250131202326,2.5815905574654536,False,True,False,True,False,0.0,0.0,0.0,0.0,0.0,0,1.0194193517221382,0.9007777402057863,False,False,False,False,0.09744089545148155,0.13074998469277585,False,False,False,False,251313.0,155717.8200683284,False,False,False,False,12048.166447744727,False,False,False,False
2025-06-23 14:00:00+00:00,154.47,154.47,153.39,154.2,21751.0,,,,,,,,,,,,,,,,152.26084115798437,151.5419340965591,151.83543156465,151.81409809778722,150.40302393304697,150.4752316455619,150.39615404042632,150.12663122343966,,,,,,,,,,,,,,152.79138289693847,152.231966146423,151.93097568895666,151.89438185839856,151.02673224195027,150.44541025368437,150.4203152692629,150.17294548872437,150.09524747324434,149.32197028408885,,,,,151.93097568895666,151.02673224195027,151.0658151867293,"rgba(0, 255, 0, 1.0)",1.2793551303488644,151.36258077144515,2.217851135502233,52.53482628430327,2.5815905574654536,False,True,True,False,True,7.927424017243503,0.0,0.0,0.0,0.0,0,1.016113788866836,0.8836593894716935,False,False,False,False,0.2439559205177141,0.18735295260524498,False,False,False,False,273064.0,157537.14068742408,False,False,False,False,12198.597975686667,False,False,False,False
2025-06-23 15:00:00+00:00,154.24,154.83,153.98,154.14,18105.0,,,,,,,,,,,,,,,,152.37343367243534,151.59996753876862,151.8758596162511,151.84061506055355,150.43154687860402,150.49942558516332,150.41846257803405,150.14889517680712,,,,,,,,,,,,,,153.14968298452982,152.36528406609003,152.01218419233516,151.9209533440252,151.0552673054499,150.47050413671903,150.4427095293392,150.19521204784849,150.1174735648415,149.34553975826614,,,,,152.01218419233516,151.0552673054499,151.1257231686701,"rgba(0, 255, 0, 1.0)",1.3006547207860766,151.42604926074858,2.086603535803239,55.92459810394674,-0.752701015080504,False,False,True,False,True,7.7012027108276975,0.0,0.0,0.0,0.0,0,1.0256652198528016,0.8785619928288346,False,False,False,False,0.27931525486057973,0.23333410373291236,False,False,False,False,254959.0,159047.55711087486,False,False,False,False,12290.170100094625,False,False,False,False
2025-06-23 16:00:00+00:00,154.09,154.14,153.47,153.55,8676.0,,,,,,,,,,,,,,,,152.40787033352495,151.62100482201103,151.89014698046947,151.8501096229708,150.44299177172968,150.50911636398988,150.4274406456504,150.15796510337805,,,,,,,,,,,,,,153.2073871026679,152.40556549057243,152.0395950289179,151.9303609063372,151.0662970365663,150.48056663910052,150.45171113634612,150.20426519766787,150.12654003932846,149.35540948932157,,,,,152.0395950289179,151.0662970365663,151.14301909503058,"rgba(0, 255, 255, 0.75)",1.31289464937624,151.44480990431748,1.6034722181880416,55.75252083247504,-0.752701015080504,False,False,True,False,True,5.497799266782874,0.0,0.0,0.0,0.0,0,1.0204091364264931,0.900100138286204,False,False,False,False,0.2051037814881719,0.21921894261054214,False,False,False,False,246283.0,160400.04459752797,False,False,False,False,12234.136455131918,False,False,False,False
2025-06-23 17:00:00+00:00,153.58,154.79,153.575,154.5,11664.0,,,,,,,,,,,,,,,,152.47037398943917,151.65612010546414,151.91486814762706,151.86655792394922,150.46090012589173,150.5243429247209,150.4415042779457,150.17202031964584,,,,,,,,,,,,,,153.33681702305307,152.47793549053276,152.08709317472415,151.94682200839392,151.08412737825145,150.4963530732816,150.46582615286943,150.21831889608174,150.14057375940178,149.37032705269507,,,,,152.08709317472415,151.08412737825145,151.17393787910936,"rgba(0, 255, 0, 1.0)",1.3433580251683375,151.47826622912132,2.249388260065686,58.22524969251779,1.4430791291991056,True,False,True,False,True,8.412670113889376,0.0,0.0,0.0,0.0,0,1.0135879893576583,0.8992778411250468,False,False,False,False,0.24755980159932203,0.2333893721049321,False,False,False,False,257947.0,161912.40049524073,False,False,False,False,12225.297130246152,False,False,False,False
2025-06-23 18:00:00+00:00,154.505,154.6,153.4,153.72,7694.0,,,,,,,,,,,,,,,,152.50118948095394,151.67549579529776,151.92832033897116,151.87559602502196,150.47145320400318,150.5333082726453,150.4498103514792,150.18038461109285,,,,,,,,,,,,,,153.37853092562818,152.5132654117239,152.11209678859672,151.95580562464812,151.094393146737,150.50565400876033,150.4741562275219,150.22667203121293,150.14893215779742,149.3793581027029,,,,,152.11209678859672,151.094393146737,151.1891345835997,"rgba(0, 255, 255, 0.75)",1.352432486533439,151.49489120680425,1.6452642297133464,56.956959061538925,1.4430791291991056,False,False,True,False,True,5.581279166505741,0.0,0.0,0.0,0.0,0,1.010948043980935,0.9000519088292194,False,False,False,False,0.22480089105713633,0.22909513158103423,False,False,False,False,250253.0,163282.02219298892,False,False,False,False,12155.044461560165,False,False,False,False
2025-06-23 19:00:00+00:00,153.77,154.545,153.72,154.13,24351.0,,,,,,,,,,,,,,,,152.6048643693228,151.7406461949988,151.974431882932,151.90679168003453,150.50659103853036,150.5632442096754,150.47753214532992,150.2081954929016,,,,,,,,,,,,,,153.52019546880072,152.6307330533482,152.19626886568008,151.98692064097023,151.12895757264764,150.53668485587562,150.50196741997456,150.25446282151094,150.17671253305798,149.40911407244826,,,,,152.19626886568008,151.12895757264764,151.2402396843355,"rgba(0, 255, 255, 0.75)",1.365345737160507,151.55090763788763,1.888966502708735,57.26172306563454,1.4430791291991056,False,False,True,False,True,6.822564587443541,0.0,0.0,0.0,0.0,0,1.013549752999294,0.9026581980710419,False,False,False,False,0.23594917258283413,0.23252215208193416,False,False,False,False,274604.0,165007.94432953175,False,False,False,False,12344.129043551478,False,False,False,False
2025-06-24 14:00:00+00:00,153.61,154.205,153.55,154.1,16343.0,,,,,,,,,,,,,,,,152.65998684387367,151.7793187503389,152.00181876635372,151.92559399886426,150.5286453328037,150.58205828376725,150.4949994959763,150.22579577016782,,,,,,,,,,,,,,153.5685595663496,152.6920910630017,152.24403481212,152.00559785303116,151.150353058607,150.55618691375093,150.51948279988326,150.2720379873098,150.19430209674232,149.428123245337,,,,,152.24403481212,151.150353058607,151.2682770354599,"rgba(0, 255, 255, 0.75)",1.3750250218854911,151.58183293615477,1.8313609016308745,57.34542006984097,1.4557184931021538,False,False,True,False,True,6.713470797932381,0.0,0.0,0.0,0.0,0,1.009241016980955,0.9079181911999245,False,False,False,False,0.20216359287237712,0.21734287247715564,False,False,False,False,258261.0,166453.7281383762,False,False,False,False,12406.127042876262,False,False,False,False
2025-06-24 15:00:00+00:00,154.1,154.59,153.9,154.23,17145.0,,,,,,,,,,,,,,,,152.72503473789695,151.8236565842127,152.03387556030057,151.94770562827253,150.55340390934185,150.60324215809393,150.51464907749303,150.24549790912874,,,,,,,,,,,,,,153.6392077948114,152.76401570627652,152.29943072170508,152.0276607765128,151.1747272861269,150.57812512707181,150.53919523203083,150.29172767570125,150.21398208339357,149.4491552689579,,,,,152.29943072170508,151.1747272861269,151.30134962429602,"rgba(0, 255, 255, 0.75)",1.390942635199164,151.61826866839473,1.8776700530365809,57.81630796526312,2.4018977091328964,True,False,True,False,True,7.113696635929802,0.0,0.0,0.0,0.0,0,1.0126641651031894,0.9076923076923071,False,False,False,False,0.24710332833883347,0.23222310040799454,False,False,False,False,275406.0,168142.91064785872,False,False,False,False,12479.59794143632,False,False,False,False
2025-06-24 16:00:00+00:00,154.23,154.84,154.03,154.69,9244.0,,,,,,,,,,,,,,,,152.76401245646346,151.8495994511318,152.05292706455168,151.96088798148205,150.56761980981992,150.6154338461676,150.52594801445343,150.25677959872786,,,,,,,,,,,,,,153.68649302127497,152.80693268927396,152.3321693801429,152.04085929975076,151.18889607196195,150.59074156369562,150.5505346654607,150.30300994240054,150.2252460688838,149.46107721258235,,,,,152.3321693801429,151.18889607196195,151.3210648965681,"rgba(0, 255, 0, 1.0)",1.4191169599248403,151.63998665789322,2.1492332402738077,59.56659486158338,4.49791877125584,True,False,True,False,True,8.520540709325068,0.0,0.0,0.0,0.0,0,1.0108462899171398,0.9026626943487565,False,False,False,False,0.2707157735928548,0.2514694370004247,False,False,False,False,284650.0,169949.2221106826,False,False,False,False,12429.433632266764,False,False,False,False
2025-06-24 17:00:00+00:00,154.64,155.04,154.56,154.99,8484.0,,,,,,,,,,,,,,,,152.80503378015263,151.8759791721907,152.0725549036766,151.97447546949581,150.5817031694434,150.6275346203961,150.5371486532362,150.26791112599156,,,,,,,,,,,,,,153.74175450442974,152.85204789980435,152.36596188748203,152.05451088856861,151.2031241989033,150.60325544808364,150.5617803649766,150.3141505152891,150.2363545448933,149.47270900227562,,,,,152.36596188748203,151.2031241989033,151.34155500829385,"rgba(0, 255, 0, 1.0)",1.4502381817426249,151.6625584372949,2.2944103972678525,61.61000018806854,6.761000474819298,True,False,True,False,True,9.424898170238073,0.0,0.0,0.0,0.0,0,1.0157104458244508,0.9012420057465932,False,False,False,False,0.3169429127651391,0.2842061748827819,False,False,False,False,293134.0,171859.06362834643,False,False,False,False,12368.26411858821,False,False,False,False
2025-06-24 18:00:00+00:00,155.0,155.145,154.685,154.79,8554.0,,,,,,,,,,,,,,,,152.8449950986371,151.9022005761897,152.0921389896837,151.988093853461,150.59584249299397,150.63969427786,150.54840926174637,150.27910446932114,,,,,,,,,,,,,,153.7929072159864,152.89579100719183,152.39926466645548,152.06819059554704,151.2173974874986,150.61582803140078,150.5730858533173,150.32535260599147,150.24752502357174,149.48440782439664,,,,,152.39926466645548,151.2173974874986,151.3616794072917,"rgba(0, 255, 0, 1.0)",1.4728977169800526,151.68475040009943,2.1082588180443316,61.862137867259335,7.3224772559510996,True,False,True,False,True,8.650783450815453,0.0,0.0,0.0,0.0,0,1.0167974157821873,0.9006922011998146,False,False,False,False,0.3317747052581559,0.3079904400704689,False,False,False,False,284580.0,173606.67504496122,False,False,False,False,12309.12824078064,False,False,False,False
2025-06-24 19:00:00+00:00,154.76,155.39,154.41,154.41,21518.0,,,,,,,,,,,,,,,,152.93267374902712,151.96323405925958,152.1378512448478,152.02019616490432,150.62987870973274,150.66899916431922,150.57559194105335,150.30619224008495,,,,,,,,,,,,,,153.8892687880197,152.9908334093123,152.4748355720832,152.10037424669758,151.25149246304755,150.64612520961825,150.60036934855694,150.3524505715763,150.27456515375874,149.51287319383005,,,,,152.4748355720832,151.25149246304755,151.40710029054057,"rgba(0, 255, 255, 0.75)",1.4913274001421606,151.73490249104117,1.7937694356744365,59.99783672881492,7.3224772559510996,True,False,True,False,True,7.189684534198694,0.0,0.0,0.0,0.0,0,1.0141315284002559,0.8993414433366865,False,False,False,False,0.32983224401345806,0.3189113420419635,False,False,False,False,263062.0,174993.57930783005,False,False,False,False,12451.901446349932,False,False,False,False
2025-06-25 14:00:00+00:00,154.29,154.76,153.635,153.75,14742.0,,,,,,,,,,,,,,,,152.9670104079244,151.99354631155396,152.16021110787378,152.03629593262593,150.64902127028907,150.68547849734105,150.5909649562167,150.3217070407881,,,,,,,,,,,,,,153.89966814198542,153.02696040081202,152.5089334359363,152.1163379113518,151.2699335762269,150.66317621171575,150.61577942799755,150.3679393626946,150.29007425704387,149.5296510710442,,,,,152.5089334359363,151.2699335762269,151.42737162896785,"rgba(38, 166, 154, 1.0)",1.4960227541990936,151.75728521402993,1.3320083403657048,55.74667884488995,10.220855482778148,False,False,True,False,False,4.721821338184498,0.0,0.0,0.0,0.0,0,1.006971164727717,0.9060703453895246,False,False,False,False,0.2412431300655728,0.2800772360537681,False,False,False,False,248320.0,176130.42303949158,False,False,False,False,12487.40685028249,False,False,False,False
2025-06-25 15:00:00+00:00,153.75,154.07,153.55,153.77,14039.0,,,,,,,,,,,,,,,,152.99063467692156,152.01816838860995,152.17824944201573,152.04950388285033,150.6657177899684,150.69985993688502,150.60442239754872,150.3353731296943,,,,,,,,,,,,,,153.89363108682252,153.05121265305544,152.53497071041522,152.12935010733113,151.28570024875614,150.6780605429123,150.6292605387475,150.38156893538797,150.30374462266826,149.54463040090405,,,,,152.53497071041522,151.28570024875614,151.44300330508304,"rgba(38, 166, 154, 1.0)",1.4952861457453617,151.77448609632887,1.3345364760779124,53.008202248408395,7.658955072384472,False,True,False,False,False,4.787011372766877,0.0,0.0,0.0,0.0,1,1.0061725613877,0.9127280919125923,False,False,False,False,0.18738877899672082,0.23373300752524445,False,False,False,False,262359.0,177467.30020166998,False,False,False,False,12511.462558030047,False,False,False,False
2025-06-25 16:00:00+00:00,153.75,154.14,153.595,154.055,8213.0,,,,,,,,,,,,,,,,153.00602633570477,152.03332002978505,152.1894732072391,152.0577219046473,150.675816081325,150.70857138275554,150.61256956906306,150.34362430681608,,,,,,,,,,,,,,153.89483677780473,153.06711803474258,152.55127912035877,152.13747070970638,151.2953180219003,150.68707218385845,150.6374240848285,150.3898016401228,150.31199605849298,149.55361811016678,,,,,152.55127912035877,151.2953180219003,151.4529476421843,"rgba(0, 255, 255, 0.75)",1.487594442455869,151.78540915856144,1.5256784891530684,52.58499857538275,7.205050412798599,False,True,False,False,False,5.721444711504027,0.0,0.0,0.0,0.0,1,1.0067595722024167,0.9221723227927213,False,False,False,False,0.19464255919740286,0.21418778336132366,False,False,False,False,270572.0,178910.78391947353,False,False,False,False,12444.819727672992,False,False,False,False
2025-06-25 17:00:00+00:00,154.055,154.75,154.055,154.56,6861.0,,,,,,,,,,,,,,,,153.02559191600722,152.04924749195408,152.2015347475168,152.06644190000955,150.68555751585777,150.71699298250434,150.62041728869428,150.35149300464687,,,,,,,,,,,,,,153.90993208327285,153.08778996983165,152.56969092878302,152.1461690560735,151.30488941693952,150.69577471083582,150.6452953493552,150.39766544237014,150.31985650690055,149.56199540949393,,,,,152.56969092878302,151.30488941693952,151.46424087339153,"rgba(0, 255, 255, 0.75)",1.4850077289210657,151.79783602664642,1.8600333988567412,54.51995602815109,7.205050412798599,False,True,True,False,False,7.349328578837298,0.0,0.0,0.0,0.0,1,1.002452681752973,0.91859873200981,False,False,False,False,0.2632241894076313,0.2387059863844775,False,False,False,False,277433.0,180438.26013777626,False,False,False,False,12358.248879181938,False,False,False,False
2025-06-25 18:00:00+00:00,154.54,154.86,154.42,154.65,10274.0,,,,,,,,,,,,,,,,153.0576545790323,152.07454687771923,152.2208476227502,152.08040194950433,150.70077542934516,150.73016516650847,150.63268332857004,150.36375803193016,,,,,,,,,,,,,,153.93837932987265,153.12172770438576,152.59929385184228,152.16012556078448,151.31996459810844,150.70938051117162,150.6576013535577,150.40992833152418,150.3321050697472,149.5749673694536,,,,,152.59929385184228,151.31996459810844,151.48246148143377,"rgba(0, 255, 255, 0.75)",1.4642231128911503,151.81788996307776,1.9342066191880847,56.18287640969588,7.205050412798599,False,False,True,False,True,7.63718101248454,0.0,0.0,0.0,0.0,1,1.0055194805194803,0.9180890538033388,False,False,False,False,0.29442530061660827,0.2665656435005429,False,False,False,False,287707.0,182101.34137595026,False,False,False,False,12325.93494307059,False,False,False,False
2025-06-25 19:00:00+00:00,154.66,154.88,153.34,153.45,29243.0,,,,,,,,,,,,,,,,153.10210163968952,152.12358136455427,152.25759674015586,152.10788150956128,150.73530126309979,150.76005264259308,150.66070880307876,150.392209268564,,,,,,,,,,,,,,153.93356916271708,153.16664704271085,152.64969178365703,152.18721326350078,151.35257780848156,150.740279895818,150.68567437445657,150.43830500993212,150.36056537177217,149.60609525992103,,,,,152.64969178365703,151.35257780848156,151.51444734468132,"rgba(38, 166, 154, 1.0)",1.4319790155240444,151.8527627037692,1.1154055184574512,51.590352308073186,6.434204903139992,False,True,False,False,False,3.115030019270229,0.0,0.0,0.0,0.0,1,0.9956412021105758,0.9157604955264963,False,False,False,False,0.22546798483726138,0.24601681416890214,False,False,False,False,258464.0,183285.25856392,False,False,False,False,12588.215021472595,False,False,False,False
2025-06-26 14:00:00+00:00,155.595,155.61,154.79,155.475,27906.0,,,,,,,,,,,,,,,,153.20826813256187,152.20318578382776,152.32003088570485,152.1533592423543,150.7818909384529,150.80058958925548,150.69842155976391,150.42964459542466,,,,,,,,,,,,,,154.05125936265625,153.27894639813658,152.74459947375738,152.23291964269694,151.399707906351,150.7820869768724,150.72353419818847,150.4757786101683,150.39792163185328,149.64496717585615,,,,,152.74459947375738,151.399707906351,151.5737284502157,"rgba(0, 255, 0, 1.0)",1.45364262247437,151.91799821311696,2.446957547810724,55.30592891474572,6.434204903139992,False,False,True,False,True,9.305404397520995,0.0,0.0,0.0,0.0,1,0.9957579313145898,0.8991831761361065,False,False,False,False,0.3428282412481477,0.29442252770852495,False,False,False,False,286370.0,184883.47160944063,False,False,False,False,12825.700059899376,False,True,False,False
2025-06-26 15:00:00+00:00,155.485,155.92,155.26,155.415,23167.0,,,,,,,,,,,,,,,155.53166666666664,153.29817366714715,152.2711988629047,152.37397432216633,152.1929511723841,150.8218711784387,150.83546481963413,150.73087810106895,150.46180356207103,,,,,,,,,,,,,,154.1506147804163,153.37362385490312,152.82530996027057,152.2727520780462,151.4403464600657,150.8180316274297,150.75612165975352,150.50798021373748,150.43000671600817,149.67819086575602,,,,,152.82530996027057,151.4403464600657,151.8300505562562,"rgba(0, 255, 0, 1.0)",1.469704395111234,152.22495561617683,2.170534696932526,57.53976289017017,2.115720452516605,True,False,True,False,True,9.086474481562977,0.0,0.0,0.0,0.0,0,1.0008571686366505,0.8981322746548763,False,True,False,False,0.3428282421018844,0.31862538490520464,False,False,False,False,263203.0,186097.7278635578,False,False,False,False,12986.030291528843,False,False,False,False
2025-06-26 16:00:00+00:00,155.415,155.485,153.98,153.98,6940.0,,,,,,,,,,,,,,,155.28962993102377,153.311735324405,152.28464724185434,152.38452619419306,152.20095811963736,150.83107620570453,150.84349877602517,150.73840823847056,150.469379587492,,,,,,,,,,,,,,154.1571393411354,153.38740076595954,152.83955536484763,152.28071345761774,151.4492806754585,150.8263186303635,150.763670369596,150.51554741855992,150.43757816863697,149.68629837844665,,,,,152.83955536484763,151.4492806754585,151.82617695733833,"rgba(38, 166, 154, 1.0)",1.4550002879168427,152.22265924504012,1.2077940943062595,54.10262907585915,2.115720452516605,False,True,True,False,False,4.075022281624069,0.0,0.0,0.0,0.0,0,0.9993169087845529,0.8959879775946075,False,False,False,False,0.24043884598149895,0.27953211544335177,False,False,False,False,256263.0,187185.5615400918,False,False,False,False,12892.293387784208,False,False,False,False
2025-06-26 17:00:00+00:00,153.98,153.995,153.58,153.63,6064.0,,,,,,,,,,,,,,,155.0289991521753,153.31593129105016,152.2923165557755,152.3904080250904,152.20563317271427,150.83744415795903,150.84905495903004,150.74365566597342,150.47474843407565,,,,,,,,,,,,,,154.14999280652538,153.3911365439569,152.8462343106613,152.2852790123661,151.4551326653797,150.83205614289943,150.76892165060312,150.52089554421482,150.44295358232924,149.69226059162517,,,,,152.8462343106613,151.4551326653797,151.81700285602128,"rgba(38, 166, 154, 0.5)",1.4380320574307246,152.21446627182692,0.9843547790597605,50.84484129424105,6.8222591543769795,False,True,False,False,False,2.9192499875387945,0.0,0.0,0.0,0.0,0,0.9964450116220772,0.9037418531516334,False,False,False,False,0.1329981137167864,0.20626511458006908,False,False,False,False,250199.0,188162.51407435394,False,False,False,False,12786.428374020112,False,False,False,False
2025-06-26 18:00:00+00:00,153.6,153.61,151.72,152.06,15540.0,,,,,,,,,,,,,,,154.2579746733448,153.29480803497648,152.2946030376291,152.3912129882184,152.20763016898525,150.84652996710236,150.8569652063365,150.75133835358702,150.48309149367745,,,,,,,,,,,,,,154.07986106019868,153.36626799776695,152.83905265573898,152.28670005764027,151.46170439000332,150.84026074009958,150.77656111106265,150.5291295962946,150.45135885243332,149.70267886150438,,,,,152.83905265573898,151.46170439000332,151.77461732876841,#000000,1.4122564112693594,152.17264162949465,-0.07976004116235695,45.178225656089076,1.6595452992928017,False,True,False,True,False,0.0,0.0,0.0,0.0,0.0,0,0.9776695087291921,0.912347182749131,False,False,False,False,0.009052610718852216,0.10765886264946065,False,False,False,False,234659.0,188883.38982513914,False,False,False,False,12829.119406981039,False,False,False,False
2025-06-26 19:00:00+00:00,152.06,153.69,151.92,153.6,39522.0,,,,,,,,,,,,,,,153.7433458105437,153.28148266575482,152.3201018084613,152.4097481026401,152.22429757594307,150.8776874976879,150.88420531884148,150.7773869770354,150.51040269182155,,,,,,,,,,,,,,153.98328259009128,153.3473607861438,152.8495674708728,152.3022828238085,151.48793121017437,150.8684219613439,150.8025607495766,150.55623025737273,150.47877532872332,149.73457126443915,,,,,152.8495674708728,151.48793121017437,151.759981204804,"rgba(38, 166, 154, 1.0)",1.3794816332872297,152.15816744467776,1.045198805500895,45.964545096046635,1.6595452992928017,False,True,False,True,False,2.578628354935727,0.0,0.0,0.0,0.0,0,0.9731971636266331,0.9165588904250096,False,False,False,False,0.02441881150737653,0.0660388370784186,False,False,False,False,274181.0,190205.83339374163,False,False,False,False,13242.962516950325,False,False,False,False
2025-06-27 14:00:00+00:00,152.34,153.27,152.33,152.71,6704.0,,,,,,,,,,,,,,,153.6767181793738,153.27639113225547,152.32259748709734,152.4114090511252,152.22608079202504,150.88217483392464,150.88813452053387,150.7811769719841,150.5144420165842,,,,,,,,,,,,,,153.96391449047258,153.34117764675128,152.84895768387318,152.30385583496664,151.49146781486786,150.87248711746057,150.80633683857826,150.56022823061542,150.48283721552377,149.7394400503367,,,,,152.84895768387318,151.49146781486786,151.75735936359737,#000000,1.3592775207361434,152.15529011375568,0.40809170885420876,44.60937706494647,1.1939628046216626,False,True,False,True,False,0.0,0.0,0.0,0.0,0.0,0,0.9744418851878104,0.9177002126151661,False,False,False,False,0.023869863189254648,0.04495435013383662,False,False,False,False,267477.0,191403.83597678438,False,False,False,False,13141.583253121638,False,False,False,False
2025-06-27 15:00:00+00:00,152.68,153.06,152.56,152.665,4800.0,,,,,,,,,,,,,,,153.633965838338,153.27274849973048,152.32433446025394,152.41256147811615,152.22733096329705,150.8853605471651,150.89092533451085,150.78387039429055,150.51731462173967,,,,,,,,,,,,,,153.95032852200026,153.3367679036732,152.84848131557456,152.30495559329026,151.49397160095933,150.87537433366765,150.80902015415967,150.56307112032528,150.4857260874598,149.74290691125526,,,,,152.84848131557456,151.49397160095933,151.7557376673583,#000000,1.3443428616725501,152.15346716489583,0.38050771844598064,43.612339357368796,0.008534908320640966,False,True,False,True,False,0.0,0.0,0.0,0.0,0.0,0,0.973129960537401,0.9237795415244089,False,False,False,False,0.02496777453990696,0.03496106233687179,False,False,False,False,262677.0,192508.84627171795,False,False,False,False,13012.256380980216,False,False,False,False
2025-06-27 16:00:00+00:00,152.665,153.395,152.65,153.395,5282.0,,,,,,,,,,,,,,,153.61013749124382,153.27177422540302,152.32789879191017,152.41520980574828,152.2296863248692,150.88957046352283,150.8946168516789,150.78740113518595,150.5210080092056,,,,,,,,,,,,,,153.94045755114416,153.33518930300588,152.85026130129464,152.3071747342031,151.4975487281467,150.87918768220618,150.8125449371849,150.56673733959366,150.48943292356628,149.74719809965896,,,,,152.85026130129464,151.4975487281467,151.75647556309326,"rgba(38, 166, 154, 0.5)",1.329545888741894,152.15413202371528,0.9333021047200752,45.0682919797967,0.008534908320640966,False,True,False,True,False,1.9342549138753498,0.0,0.0,0.0,0.0,0,0.9688155253178677,0.9310729422261876,False,False,False,False,0.048316859253252666,0.04163896079506223,False,False,False,False,267959.0,193678.61609696265,False,False,False,False,12892.407444840988,False,False,False,False
2025-06-27 17:00:00+00:00,153.36,153.36,153.02,153.1,5220.0,,,,,,,,,,,,,,,153.58938741658497,153.27092711780006,152.3314479285657,152.41785570848603,152.23203588598534,150.89374007830745,150.89827471568103,150.79089974183393,150.5246663473657,,,,,,,,,,,,,,153.93109771946317,153.3337633095743,152.85207783421546,152.30939101056205,151.50109714564456,150.88296579680426,150.81603775767525,150.57036898888185,150.4931044471431,149.75144489282079,,,,,152.85207783421546,151.50109714564456,151.75739914965237,"rgba(38, 166, 154, 0.5)",1.3193419121218268,152.15497995020544,0.716281383250173,45.2839996493435,0.008534908320640966,False,True,False,True,False,1.0594414825954992,0.0,0.0,0.0,0.0,0,0.9727686006211461,0.9312238376018362,False,False,False,False,0.06675734003143191,0.05419815041324707,False,False,False,False,262739.0,194749.31972336635,False,False,False,False,12773.4553914326,False,False,False,False
2025-06-27 18:00:00+00:00,153.1,153.1,152.03,152.31,4061.0,,,,,,,,,,,,,,,153.5509797243535,153.26629112480697,152.33193923115826,152.41802698784042,152.2325221321553,150.89600318326998,150.9002591385677,150.7928352311716,150.52677284519035,,,,,,,,,,,,,,153.91768413896506,153.32839090843356,152.85038791053032,152.30973524245601,151.5027199542629,150.88502122812866,150.81796165771567,150.57244723243397,150.49522728145712,149.7540838054752,,,,,152.85038791053032,151.5027199542629,151.7552257346512,#000000,1.2966250369658443,152.15252093778832,0.12145304750568862,43.53058131536847,-0.9717511891638679,False,True,False,True,False,0.0,0.0,0.0,0.0,0.0,0,0.9620770128354726,0.9300780899380666,False,False,False,False,-0.001920207315662626,0.02613897154879222,False,False,False,False,258678.0,195740.4620532366,False,False,False,False,12638.378563658453,False,False,False,False
2025-06-27 19:00:00+00:00,152.275,152.69,151.94,152.2,28694.0,,,,,,,,,,,,,,,153.3005232749291,153.22693514468452,152.33067709539472,152.4153266809709,152.2331254223968,150.9097822637846,150.91235329027018,150.80475247845283,150.5399923934728,,,,,,,,,,,,,,153.81707400142733,153.2836197545004,152.83254876346683,152.30927043287596,151.51168060066274,150.897562567132,150.82978202706389,150.58545203653188,150.508574905522,149.7712051602106,,,,,152.83254876346683,151.51168060066274,151.73790727861845,#000000,1.2793934303214687,152.1325632532715,0.05270993670143416,42.10642248278002,-2.662159463256593,False,True,False,True,False,0.0,0.0,0.0,0.0,0.0,0,0.9616282200879636,0.9334440355443854,False,False,False,False,-0.029360059289817737,-0.001610543870512758,False,False,False,False,229984.0,196271.3696183027,False,False,False,False,12887.302927012584,False,False,False,False
2025-06-30 14:00:00+00:00,151.745,152.02,151.14,151.27,14692.0,,,,,,,,,,,,,,,153.13376262814847,153.1920066121899,152.32080745859506,152.40623473967935,152.2278689296196,150.91266432454495,150.9148807778173,150.80750425236187,150.54360155810497,,,,,,,,,,,,,,153.74584020771618,153.2450746961386,152.81130041969152,152.30332103015337,151.51147425656106,150.90022244943162,150.83245492291016,150.58892065758062,150.51227468919188,149.777111491169,,,,,152.81130041969152,151.51147425656106,151.72038558429503,"rgba(239, 83, 80, 0.5)",1.2709742946487315,152.11266353770154,-0.6630059642035633,39.14252192471511,-5.709326330236273,False,True,False,True,False,0.0,0.0,0.0,0.0,0.0,0,0.9476318141197498,0.9419124218051832,False,False,False,False,-0.11044691949241807,-0.05602873168146541,False,False,False,False,215292.0,196566.26311259257,False,False,False,False,12915.282726593783,False,False,False,False
2025-06-30 15:00:00+00:00,151.345,151.99,151.225,151.635,14936.0,,,,,,,,,,,,,,,153.00473924109735,153.16068235634512,152.31263075578252,152.39853571500853,152.2235815494917,150.91628423023855,150.9180617050241,150.81085918355964,150.54778852648826,,,,,,,,,,,,,,153.6819366778795,153.2105109268107,152.79256657567325,152.29836900133455,151.5121007186795,150.90355225121098,150.8357352825444,150.59297106556357,150.5165488650271,149.78356529447336,,,,,152.79256657567325,151.5121007186795,151.70636946959118,#000000,1.2457272813339355,152.09637661156304,-0.3703672693665406,38.58340597168775,-6.4717471954683035,False,True,False,True,False,0.0,0.0,0.0,0.0,0.0,0,0.9472839175809475,0.9436267951119437,False,False,False,False,-0.10739352116841284,-0.08171112642493913,False,False,False,False,230228.0,197088.1505061958,False,False,False,False,12946.611676569073,False,False,False,False
2025-06-30 16:00:00+00:00,151.65,151.81,151.445,151.49,3299.0,,,,,,,,,,,,,,,152.97850019468555,153.15377776908863,152.31076071845854,152.39678016894132,152.2225885246096,150.91703906091044,150.91872540554735,150.81156443553112,150.54867878645496,,,,,,,,,,,,,,153.66810523776732,153.20291021729489,152.78838686028791,152.29722917007132,151.51219210563963,150.90424766193942,150.8364238300959,150.59383096111404,150.51745857657593,149.78495758119428,,,,,152.78838686028791,151.51219210563963,151.70337669822146,#000000,1.2172066196645206,152.0928712743583,-0.4952908278829757,37.86527320701401,-7.4459757007994085,False,True,False,True,False,0.0,0.0,0.0,0.0,0.0,0,0.9462433197107829,0.9543719405398124,False,False,False,False,-0.10517412334720008,-0.09344262488606961,False,False,False,False,226929.0,197550.7993355571,False,False,False,False,12797.036301738544,False,False,False,False
2025-06-30 17:00:00+00:00,151.52,151.65,151.31,151.555,11779.0,,,,,,,,,,,,,,,152.88748625240342,153.1284316545511,152.303467194447,152.38998932224143,152.21864674732268,150.9194109656771,150.92081153674496,150.8138223846823,150.55160997800567,,,,,,,,,,,,,,153.61841141302796,153.17508495649918,152.77276249197266,152.29275595738565,151.51215852898545,150.9064393195127,150.83862008660824,150.59665169176475,150.52046095282776,149.78969979090348,,,,,152.77276249197266,151.51215852898545,151.69245901187173,#000000,1.213517139082518,152.08004881719887,-0.4326669976790185,37.67800681208277,-7.965966773945709,False,True,False,True,False,0.0,0.0,0.0,0.0,0.0,0,0.9436213806457424,0.9552393389471788,False,False,False,False,-0.12156792730154303,-0.10750527609380632,False,False,False,False,238708.0,198188.89546988954,False,False,False,False,12781.252793184458,False,False,False,False
2025-06-30 18:00:00+00:00,151.565,152.56,151.565,152.545,19202.0,,,,,,,,,,,,,,,152.82672902116227,153.10630408912974,152.3023019318678,152.3879458580322,152.2186883421699,150.92793002842865,150.928323469007,150.8212648243768,150.5599214558647,,,,,,,,,,,,,,153.568050480706,153.150320084232,152.76207047013872,152.29212277540174,151.51753012117692,150.91422489815037,150.8459959108673,150.60481971688148,150.52885908703703,149.80058877262428,,,,,152.76207047013872,151.51753012117692,151.68757849143446,#000000,1.2008086689642226,152.07318197632955,0.392916903304347,41.5394430692034,-7.965966773945709,False,True,False,True,True,0.0,0.0,0.0,0.0,0.0,0,0.9538856833754059,0.9431121529029933,False,False,False,False,-0.05711939992724461,-0.08231233801052547,False,False,False,False,257910.0,199114.80406725558,False,False,False,False,12880.79926150718,False,False,False,False
2025-06-30 19:00:00+00:00,152.535,153.87,152.29,153.74,37189.0,,,,,,,,,,,,,,,152.8979597597646,153.1150606820557,152.32963025678418,152.40910226918328,152.23696093600185,150.9575697948358,150.95452135105785,150.84635631148612,150.58605408266797,,,,,,,,,,,,,,153.55053463711207,153.1575011965411,152.78160820826645,152.30961715984915,151.5432287482954,150.94123294391028,150.8710533523149,150.6307774829442,150.55507704742877,149.8306528499472,,,,,152.78160820826645,151.5432287482954,151.7107631089709,"rgba(38, 166, 154, 1.0)",1.1879245736968964,152.09569891084246,1.384179707673175,47.593164095939045,-7.192327404300087,False,True,False,False,True,3.170017846715364,0.0,0.0,0.0,0.0,0,0.9562385689432127,0.9303207387250749,False,False,False,False,0.05464284234111515,-0.01383474783470516,False,False,False,False,295099.0,200602.9311359803,False,False,False,False,13257.670590786138,False,False,False,False
2025-07-01 14:00:00+00:00,154.0,154.14,152.05,152.42,17117.0,,,,,,,,,,,,,,152.87,152.89614835659782,153.11006542913785,152.33635811669077,152.41397112452535,152.24184665117707,150.96850571811572,150.96421079244348,150.8557411047952,150.5960360645479,,,,,,,,,,,,,,153.53066415685262,153.15128971509645,152.78306157039714,152.31405869523942,151.55197505101282,150.95123063205082,150.88040395280194,150.64066003124967,150.56511402349352,149.84262390495346,,,,,152.78306157039714,151.55197505101282,151.77319825455896,#000000,1.172159583883631,152.20020195521562,0.18751546103997904,47.57721699202375,-7.192327404300087,False,True,False,False,True,0.0,0.0,0.0,0.0,0.0,0,0.9542220847510055,0.9353099730458224,False,False,False,False,0.05629379711963632,0.02122952464246558,False,False,False,False,277982.0,201802.60662224414,False,False,False,False,13317.505155270073,False,False,False,False
2025-07-01 15:00:00+00:00,152.35,152.45,150.11,150.51,19852.0,,,,,,,,,,,,,,151.87835763297178,152.76526360041305,153.06187291227994,152.3176681229366,152.39713956338773,152.23103643368685,150.96886694085978,150.96455562691648,150.8566376899234,150.59819103783144,,,,,,,,,,,,,,153.44853769994484,153.09927253772025,152.75013243465222,152.30230201182357,151.54796399490846,150.9516615007357,150.88117518768502,150.64260879493403,150.56740667449984,149.8479928927177,,,,,152.75013243465222,151.54796399490846,151.70393216454144,"rgba(239, 83, 80, 1.0)",1.1942747544804544,152.12594023012582,-1.3530724182718008,43.621423080060744,-7.192327404300087,False,True,False,True,False,0.0,0.0,0.0,0.0,0.0,0,0.9313286043779107,0.9550894294790899,False,False,False,False,-0.1439028645522821,-0.06133666995490826,False,False,False,False,258130.0,202675.8995428295,False,False,False,False,13418.815152862784,False,False,False,False
2025-07-01 16:00:00+00:00,150.53,152.27,150.01,152.22,40722.0,,,,,,,,,,,,,,151.6800402019968,152.6066216056719,152.99122785952724,152.2944707409856,152.3754053268337,152.21797064374772,150.9759492344171,150.97088603406615,150.86362127041673,150.6074248576188,,,,,,,,,,,,,,153.3258604950068,153.02290953463051,152.70392016987256,152.2875865430984,151.54722892241108,150.9583016182705,150.88794968557,150.65147263072924,150.5768809737644,149.86325990090546,,,,,152.70392016987256,151.54722892241108,151.670449412477,#000000,1.190126865067382,152.084500728564,0.11385279621289121,45.28014409051002,-7.192327404300087,False,True,False,True,False,0.0,0.0,0.0,0.0,0.0,0,0.9418594538180556,0.9590363541485477,False,False,False,False,-0.1596212905988218,-0.11047898027686504,False,False,False,False,298852.0,204167.0018754988,False,False,False,False,13842.120344291267,False,False,False,False
2025-07-01 17:00:00+00:00,152.08,152.185,150.95,151.68,10423.0,,,,,,,,,,,,,,151.67116370081183,152.5754767778921,152.97536303278858,152.28950025153247,152.37065763375736,152.21517927161807,150.97808887194847,150.97279912676302,150.8656753692755,150.610032448197,,,,,,,,,,,,,,153.298569354568,153.0057897961036,152.69362007542338,152.28439703649838,151.54745465210047,150.96029986186332,150.88995326911547,150.6539891010349,150.57954742725508,149.8673701008221,,,,,152.69362007542338,151.54745465210047,151.66524635796844,#000000,1.1869353261524516,152.07742938147075,-0.3348365936323116,45.30899998381145,-7.192327404300087,False,True,False,True,False,0.0,0.0,0.0,0.0,0.0,0,0.9378411158277745,0.9599757428744696,False,False,False,False,-0.11183550278186818,-0.11115724152936661,False,False,False,False,288429.0,205473.3894433205,False,False,False,False,13789.110726550316,False,False,False,False
2025-07-01 18:00:00+00:00,151.69,151.695,150.9,151.1,19761.0,,,,,,,,,,,,,,151.59065477018154,152.50066670704612,152.9383320472809,152.27523691318137,152.35750371740514,152.20676065520885,150.9797136359165,150.9742713899369,150.86758783135676,150.6130979243012,,,,,,,,,,,,,,153.23823749735354,152.96608717448112,152.66809452809724,152.27515285067875,151.54513253213938,150.96188031929725,150.891753969238,150.65686512665388,150.58273825665597,149.87344677377232,,,,,152.66809452809724,151.54513253213938,151.6481607310091,"rgba(239, 83, 80, 0.5)",1.195928366440824,152.056179503991,-0.799529077846577,44.20376000728871,-7.192327404300087,False,True,False,True,False,0.0,0.0,0.0,0.0,0.0,0,0.9362458284575048,0.9656741646079837,False,False,False,False,-0.14194317279593596,-0.12655020716265128,False,False,False,False,268668.0,206453.15084730004,False,False,False,False,13881.698157146435,False,False,False,False
2025-07-01 19:00:00+00:00,151.055,151.92,150.935,151.63,30767.0,,,,,,,,,,,,,,151.5694273620788,152.42045229040122,152.89213553592168,152.25919398346534,152.3422690708755,152.19739967501133,150.98480334429465,150.97884192256922,150.8726511146112,150.61981743904335,,,,,,,,,,,,,,153.16245698500106,152.91655632986175,152.63704875987867,152.26463056580252,151.5445650646838,150.96667110428422,150.89666306420864,150.66331192309238,150.589635511314,149.88461445921843,,,,,152.63704875987867,151.5445650646838,151.6331572752809,#000000,1.196977300393712,152.0356306681977,-0.33887916509719557,44.8400303861726,-7.192327404300087,False,True,False,True,False,0.0,0.0,0.0,0.0,0.0,1,0.9409987483275067,0.9566230739349998,False,False,False,False,-0.12741828464994456,-0.12698424590629792,False,False,False,False,299435.0,207894.72990393106,False,False,False,False,14143.485782617032,False,False,False,False
2025-07-02 14:00:00+00:00,150.485,151.74,150.2,150.2,22857.0,,,,,,,,,,,,,,151.44826412753844,152.3249540696868,152.84153105481718,152.23593569441763,152.3211707633529,152.18303975510048,150.98282580571407,150.97712185563861,150.87170164373842,150.6203438024389,,,,,,,,,,,,,,153.08583701973052,152.86279124361644,152.5999560520705,152.24924088864697,151.53763334959285,150.9649910385529,150.8955613821854,150.66359613706356,150.59032641959396,149.88883294805322,,,,,152.5999560520705,151.53763334959285,151.60728275257753,"rgba(239, 83, 80, 1.0)",1.2290153973189322,152.00418870952575,-1.467995204503992,42.538494955035105,-2.8768538270768076,False,True,False,True,False,0.0,0.0,0.0,0.0,0.0,0,0.9323965384285837,0.9626852883214809,False,False,False,False,-0.17881444744508415,-0.15289934667569105,False,False,False,False,276578.0,208959.5868046453,False,False,False,False,14278.579026297388,False,False,False,False
2025-07-02 15:00:00+00:00,150.2,150.27,149.0,150.02,24587.0,,,,,,,,,,,,,,151.2256391399675,152.17955722487574,152.7665006967666,152.19655571037072,152.2860233101549,152.15811386169307,150.97334426939364,150.96872183931396,150.86464151572815,150.61518616118568,,,,,,,,,,,,,149.76333333333332,152.97766661458348,152.78351176140745,152.5423165854686,152.22299291333542,151.52185892248409,150.9564795346166,150.88828952592803,150.65812725160026,150.58538735149855,149.8881494979394,,,,149.76333333333332,152.5423165854686,151.52185892248409,151.47725700103075,"rgba(239, 83, 80, 1.0)",1.2650467355965203,151.895798828071,-1.4827901414934554,40.69437890210597,-4.794131958252102,False,True,False,True,False,0.0,1.0,150.27,149.0,0.0,0,0.9180230080954412,0.9795483596080105,True,False,False,False,-0.3354579841563243,-0.24417866541600766,False,False,False,False,251991.0,209626.74049759653,True,False,False,False,14438.399506509832,True,False,False,False
2025-07-02 16:00:00+00:00,150.0,150.78,149.08,150.74,17360.0,,,,,,,,,,,,,,151.1381215900042,152.1032813287255,152.72307814044632,152.17435379642342,152.26597900497381,152.14397472639178,150.96912206706682,150.96498388859143,150.86166566424274,150.61342940880922,,,,,,,,,,,,,149.94405026978487,152.91525045271513,152.73768108322426,152.50918657449083,152.2080228490779,151.51361302059408,150.95271509501183,150.88518237934895,150.65617065612,150.583769058069,149.88934400397275,,,,149.94405026978487,152.50918657449083,151.51361302059408,151.46442738371832,"rgba(239, 83, 80, 0.5)",1.287500504679405,151.877777483273,-0.8837103202194949,41.54982177377849,-4.794131958252102,False,True,False,True,False,0.0,0.0,0.0,0.0,0.0,0,0.9347582037996548,0.9737046632124355,False,False,False,False,-0.2997101987080827,-0.27194443206204516,False,False,False,False,269351.0,210552.6980092617,False,False,False,False,14483.69563819185,False,False,False,False
2025-07-02 17:00:00+00:00,150.73,151.205,150.53,150.67,10522.0,,,,,,,,,,,,,,151.12157622479373,152.07357669336608,152.70357466170296,152.16516387471063,152.25750024855253,152.13812562551158,150.9685697618615,150.96450397081946,150.86150328168347,150.6139109234397,,,,,,,,,,,,,150.11603448385395,152.88685100004307,152.71708624712159,152.49467270975993,152.2017432823208,151.51093132208013,150.95226088153512,150.88495449175724,150.6565463134116,150.5843222259136,149.8914571613546,,,,150.11603448385395,152.49467270975993,151.51093132208013,151.46499358979014,"rgba(239, 83, 80, 0.5)",1.309025839564991,151.87611821893285,-0.9213861044436441,41.965200335705134,-4.794131958252102,False,True,False,True,False,0.0,0.0,0.0,0.0,0.0,0,0.9514781630091331,0.9610440202571097,False,False,False,False,-0.1904492185302463,-0.2311968252961457,False,False,False,False,258829.0,211301.1678075677,False,False,False,False,14422.274000390425,False,False,False,False
2025-07-02 18:00:00+00:00,150.74,151.165,150.235,150.54,9086.0,,,,,,,,,,,,,,151.10223100684138,152.04600029778047,152.6857019325635,152.15643566468276,152.24948609847155,152.13253459890677,150.96765555513525,150.9636994940314,150.8610023663392,150.61398311850817,,,,,,,,,,,,,150.19435994909702,152.8611565903236,152.69824058685342,152.4812073156355,152.19577032694485,151.50812928709172,150.95146940670784,150.88439433876533,150.65652433534981,150.58445859804112,149.89296466192638,,,,150.19435994909702,152.4812073156355,151.50812928709172,151.46130502523798,"rgba(239, 83, 80, 0.5)",1.3345171546429155,151.87022425869355,-0.9967831841393584,41.928960218845496,-4.794131958252102,False,True,False,True,False,0.0,0.0,0.0,0.0,0.0,0,0.9473024923329448,0.9608656213554495,False,False,False,False,-0.20957388925165493,-0.22038535727390032,False,False,False,False,249743.0,211897.16520589998,False,False,False,False,14339.541070151814,False,False,False,False
2025-07-02 19:00:00+00:00,150.54,151.02,150.42,150.69,28693.0,,,,,,,,,,,,,,151.05752626645003,151.96915399388178,152.63293712985993,152.13064864815044,152.2256730200591,152.11589145877068,150.9653652973694,150.9616877443385,150.85989865123608,150.61464679827935,,,,,,,,,,,,,150.35829998079365,152.78596351761934,152.64268629893135,152.4413683205478,152.17796473858306,151.5000405741509,150.9495104731196,150.88310926415622,150.65689738540155,150.58531984645808,149.898082718115,,,,150.35829998079365,152.4413683205478,151.5000405741509,151.4482224822034,"rgba(239, 83, 80, 0.5)",1.3558511438666554,151.8503849379616,-0.8558350547629999,42.441784341972415,-4.794131958252102,False,True,False,True,False,0.0,0.0,0.0,0.0,0.0,0,0.9464270284282382,0.9640110602263894,False,False,False,False,-0.20728265133521948,-0.2138340043045599,False,False,False,False,278436.0,212928.77504766895,False,False,False,False,14562.075317126204,False,False,False,False
2025-07-03 14:00:00+00:00,151.79,152.87,151.6,152.43,18019.0,,,,,,,,,,,,,,151.14051720750578,151.9806881593942,152.62744530860704,152.1325236862522,152.22638808031667,152.11723429136262,150.97277403898923,150.9683192051282,150.86647874520716,150.6219308924758,,,,,,,,,,,,,150.68145932432472,152.77552511619652,152.636776868402,152.43939928189624,152.1788763053527,151.5050996777824,150.95635583787137,150.88963578855763,150.6640642940984,150.59267534816243,149.90749450057012,,,,150.68145932432472,152.43939928189624,151.5050996777824,151.47055533135494,#000000,1.3480037893924508,151.87203780047346,0.4139173820705785,47.78780823152348,-5.9568228725270345,False,False,False,False,True,0.3451580853717324,0.0,0.0,0.0,0.0,0,0.9484057724234816,0.9505768166531865,False,False,False,False,-0.03814817536421024,-0.12599108983438506,False,False,False,False,296455.0,214223.75527948805,False,False,False,False,14615.671048643626,False,False,False,False
2025-07-03 15:00:00+00:00,152.43,152.69,152.065,152.56,16135.0,,,,,,,,,,,,,,151.21376026433393,151.9945422226475,152.62469270494105,152.13552579483982,152.22819830669042,152.11931781308755,150.98002290881385,150.9748128545651,150.87288370519414,150.62893346253236,,,,,,,,,,,,,150.90932673911993,152.76916197279746,152.6337592156966,152.43938615102323,152.18060020380923,151.51035478807867,150.963051885578,150.8959973376686,150.67096720071186,150.59973777027832,149.91634352603444,,,,150.90932673911993,152.43938615102323,151.51035478807867,151.4886369918306,"rgba(38, 166, 154, 0.5)",1.3278927219776704,151.8895745661069,0.5048792141089758,51.65399277878315,-2.456922528058783,True,False,True,False,True,0.6756003520942393,0.0,0.0,0.0,0.0,0,0.9533427074012528,0.9534279262005201,False,False,False,False,-0.022497565572766894,-0.07424432770357597,False,False,False,False,312590.0,215748.8133371704,False,False,False,False,14639.226536261554,False,False,False,False
2025-07-03 16:00:00+00:00,152.56,153.1,152.43,152.64,26449.0,,,,,,,,,,,,,,151.3415870551198,152.0289976810185,152.62699139449376,152.14483510574593,152.23503482340328,152.1256748161877,150.99404377718676,150.9873831324886,150.88516178299324,150.642085994558,,,,,,,,,,,,,151.22738005272308,152.76778685105674,152.63593773860129,152.44500636598363,152.18644767820712,151.52144894802464,150.97599368157273,150.90821928699907,150.68397328956996,150.61297505543715,149.93234021160112,,,,151.22738005272308,152.44500636598363,151.52144894802464,151.5194907010939,#000000,1.3013555752881345,152.00689325524905,0.4864978924847314,54.43302860340461,-0.02577556341229581,True,False,True,False,True,0.8816083862749693,0.0,0.0,0.0,0.0,0,0.9684346145587289,0.9464462100064422,False,False,False,False,0.020027609132682055,-0.02710835928544696,False,False,False,False,339039.0,217660.28909938483,False,False,False,False,14822.32379926525,False,False,False,False
2025-07-03 17:00:00+00:00,152.64,152.64,152.64,152.64,0.0,,,,,,,,,,,,,,151.3415870551198,152.0289976810185,152.62699139449376,152.14483510574593,152.23503482340328,152.1256748161877,150.99404377718676,150.9873831324886,150.88516178299324,150.642085994558,,,,,,,,,,,,,151.22738005272308,152.76778685105674,152.63593773860129,152.44500636598363,152.18644767820712,151.52144894802464,150.97599368157273,150.90821928699907,150.68397328956996,150.61297505543715,149.93234021160112,,,,151.22738005272308,152.44500636598363,151.52144894802464,151.5194907010939,#000000,1.2900117849870907,152.00689325524905,0.4907759387308762,56.28571915315224,1.5973492276492607,True,False,True,False,True,0.8816083862749693,0.0,0.0,0.0,0.0,0,0.9613290701693744,0.9530763912893194,False,False,False,False,0.006309305059023578,-0.01039952711321169,False,False,False,False,339039.0,219542.12957846414,False,False,False,False,14592.5203295092,False,False,False,False
2025-07-03 18:00:00+00:00,152.64,152.64,152.64,152.64,0.0,,,,,,,,,,,,,,151.3415870551198,152.0289976810185,152.62699139449376,152.14483510574593,152.23503482340328,152.1256748161877,150.99404377718676,150.9873831324886,150.88516178299324,150.642085994558,,,,,,,,,,,,,151.22738005272308,152.76778685105674,152.63593773860129,152.44500636598363,152.18644767820712,151.52144894802464,150.97599368157273,150.90821928699907,150.68397328956996,150.61297505543715,149.93234021160112,,,,151.22738005272308,152.44500636598363,151.52144894802464,151.5194907010939,#000000,1.2773471488749286,152.00689325524905,0.495641881933635,57.520846186317335,2.749576268958876,True,False,True,False,True,0.8816083862749693,0.0,0.0,0.0,0.0,0,0.9571948998178507,0.9545060282765205,False,False,False,False,0.006309305059023578,-0.0020451110270940562,False,False,False,False,339039.0,221394.7942361624,False,False,False,False,14366.279704245491,False,False,False,False
2025-07-03 19:00:00+00:00,152.64,152.64,152.64,152.64,0.0,,,,,,,,,,,,,,151.3415870551198,152.0289976810185,152.62699139449376,152.14483510574593,152.23503482340328,152.1256748161877,150.99404377718676,150.9873831324886,150.88516178299324,150.642085994558,,,,,,,,,,,,,151.22738005272308,152.76778685105674,152.63593773860129,152.44500636598363,152.18644767820712,151.52144894802464,150.97599368157273,150.90821928699907,150.68397328956996,150.61297505543715,149.93234021160112,,,,151.22738005272308,152.44500636598363,151.52144894802464,151.5194907010939,"rgba(38, 166, 154, 0.5)",1.265288369367957,152.00689325524905,0.5003655767951026,58.3442642084274,3.6284472907647682,True,False,True,False,True,0.8816083862749693,0.0,0.0,0.0,0.0,0,0.95409764603313,0.9587183958151704,False,False,False,False,0.006309305059023578,0.002132097015964761,False,False,False,False,339039.0,223218.73541079555,False,False,False,False,14143.546685575018,False,False,False,False
2025-07-04 14:00:00+00:00,152.64,152.64,152.64,152.64,0.0,,,,,,,,,,,,,,151.3415870551198,152.0289976810185,152.62699139449376,152.14483510574593,152.23503482340328,152.1256748161877,150.99404377718676,150.9873831324886,150.88516178299324,150.642085994558,,,,,,,,,,,,,151.22738005272308,152.76778685105674,152.63593773860129,152.44500636598363,152.18644767820712,151.52144894802464,150.97599368157273,150.90821928699907,150.68397328956996,150.61297505543715,149.93234021160112,,,,151.22738005272308,152.44500636598363,151.52144894802464,151.5194907010939,"rgba(38, 166, 154, 0.5)",1.253927972556846,152.00689325524905,0.50489881285604,58.89320955650077,4.346620700542637,True,False,True,False,True,0.8816083862749693,0.0,0.0,0.0,0.0,0,0.954487768587808,0.9568946654413377,False,False,False,False,0.006309305059023578,0.0042207010374941695,False,False,False,False,339039.0,225014.39842768243,False,False,False,False,13924.26689200021,False,False,False,False
2025-07-04 15:00:00+00:00,152.64,152.64,152.64,152.64,0.0,,,,,,,,,,,,,,151.3415870551198,152.0289976810185,152.62699139449376,152.14483510574593,152.23503482340328,152.1256748161877,150.99404377718676,150.9873831324886,150.88516178299324,150.642085994558,,,,,,,,,,,,,151.22738005272308,152.76778685105674,152.63593773860129,152.44500636598363,152.18644767820712,151.52144894802464,150.97599368157273,150.90821928699907,150.68397328956996,150.61297505543715,149.93234021160112,,,,151.22738005272308,152.44500636598363,151.52144894802464,151.5194907010939,"rgba(38, 166, 154, 0.5)",1.2379082291446086,152.00689325524905,0.5114326973885679,59.25917312188302,4.966157423115867,True,False,True,False,True,0.8816083862749693,0.0,0.0,0.0,0.0,0,0.9583608724388633,0.9553646177572158,False,False,False,False,0.006309305059023578,0.005265003048258873,False,False,False,False,339039.0,226782.2217078734,False,False,False,False,13708.386785147493,False,False,False,False
2025-07-04 16:00:00+00:00,152.64,152.64,152.64,152.64,0.0,,,,,,,,,,,,,,151.3415870551198,152.0289976810185,152.62699139449376,152.14483510574593,152.23503482340328,152.1256748161877,150.99404377718676,150.9873831324886,150.88516178299324,150.642085994558,,,,,,,,,,,,,151.22738005272308,152.76778685105674,152.63593773860129,152.44500636598363,152.18644767820712,151.52144894802464,150.97599368157273,150.90821928699907,150.68397328956996,150.61297505543715,149.93234021160112,,,,151.22738005272308,152.44500636598363,151.52144894802464,151.5194907010939,"rgba(38, 166, 154, 0.5)",1.231881162368494,152.00689325524905,0.5139349184735327,59.50314883213785,5.519743010898125,True,False,True,False,True,0.8816083862749693,0.0,0.0,0.0,0.0,0,0.9701285324018095,0.9515876214787948,False,False,False,False,0.006309305059023578,0.005787154053641226,False,False,False,False,339039.0,228522.6368751932,False,False,False,False,13495.853656695594,False,False,False,False
2025-07-04 17:00:00+00:00,152.64,152.64,152.64,152.64,0.0,,,,,,,,,,,,,,151.3415870551198,152.0289976810185,152.62699139449376,152.14483510574593,152.23503482340328,152.1256748161877,150.99404377718676,150.9873831324886,150.88516178299324,150.642085994558,,,,,,,,,,,,,151.22738005272308,152.76778685105674,152.63593773860129,152.44500636598363,152.18644767820712,151.52144894802464,150.97599368157273,150.90821928699907,150.68397328956996,150.61297505543715,149.93234021160112,,,,151.22738005272308,152.44500636598363,151.52144894802464,151.5194907010939,"rgba(38, 166, 154, 0.5)",1.231685313589419,152.00689325524905,0.5140166386379258,59.66579930564107,6.023614991518173,True,False,True,False,True,0.8816083862749693,0.0,0.0,0.0,0.0,0,0.9551794177386597,0.9572556984879264,False,False,False,False,0.006309305059023578,0.0060482295563324025,False,False,False,False,339039.0,230236.0688616243,False,False,False,False,13286.615615506515,False,False,False,False
2025-07-04 18:00:00+00:00,152.64,152.64,152.64,152.64,0.0,,,,,,,,,,,,,,151.3415870551198,152.0289976810185,152.62699139449376,152.14483510574593,152.23503482340328,152.1256748161877,150.99404377718676,150.9873831324886,150.88516178299324,150.642085994558,,,,,,,,,,,,,151.22738005272308,152.76778685105674,152.63593773860129,152.44500636598363,152.18644767820712,151.52144894802464,150.97599368157273,150.90821928699907,150.68397328956996,150.61297505543715,149.93234021160112,,,,151.22738005272308,152.44500636598363,151.52144894802464,151.5194907010939,"rgba(38, 166, 154, 0.5)",1.2320668454722197,152.00689325524905,0.5138574640471549,59.774232954643225,6.485274412739791,True,False,True,False,True,0.8816083862749693,0.0,0.0,0.0,0.0,0,0.9502020064460485,0.959553316083345,False,False,False,False,0.006309305059023578,0.006178767307677991,False,False,False,False,339039.0,231922.9360110565,False,False,False,False,13080.621574956025,False,False,False,False
2025-07-04 19:00:00+00:00,152.64,152.64,152.64,152.64,0.0,,,,,,,,,,,,,,151.3415870551198,152.0289976810185,152.62699139449376,152.14483510574593,152.23503482340328,152.1256748161877,150.99404377718676,150.9873831324886,150.88516178299324,150.642085994558,,,,,,,,,,,,,151.22738005272308,152.76778685105674,152.63593773860129,152.44500636598363,152.18644767820712,151.52144894802464,150.97599368157273,150.90821928699907,150.68397328956996,150.61297505543715,149.93234021160112,,,,151.22738005272308,152.44500636598363,151.52144894802464,151.5194907010939,"rgba(38, 166, 154, 0.5)",1.2318764087710437,152.00689325524905,0.5139369016592652,59.84652205397799,6.907957438037677,True,False,True,False,True,0.8816083862749693,0.0,0.0,0.0,0.0,0,0.9463755538299915,0.9632759329466044,False,False,False,False,0.006309305059023578,0.006244036183350784,False,False,False,False,339039.0,233583.6501814277,False,False,False,False,12877.821240460582,False,False,False,False
2025-07-07 14:00:00+00:00,154.065,154.6,153.675,154.21,24556.0,,,,,,,,,,,,,154.16166666666666,151.54713363173508,152.11867249032673,152.6594921348676,152.17406054697793,152.25942002907712,152.1453766069468,151.01752124092104,151.00842959685266,150.90522243878013,150.66248759799086,,,,,,,,,,,,,151.63816378479763,152.80556534929477,152.66962827744737,152.47598339120256,152.20601011500403,151.54367985219434,150.99759138700472,150.9282975309305,150.7043148292962,150.63339420257927,149.9545997911258,,,,151.63816378479763,152.47598339120256,151.54367985219434,151.69166870418275,"rgba(0, 255, 255, 0.75)",1.2390168763257323,152.25642851756817,1.5767109550800458,66.38810372507018,13.137175639274652,True,False,True,False,True,5.507940827356762,0.0,0.0,0.0,0.0,0,0.9473565601478345,0.9534412043088301,False,False,False,False,0.17230872014433324,0.08927637816384201,False,False,False,False,363595.0,235599.33002357613,False,False,False,False,13058.878275492201,False,False,False,False
2025-07-07 15:00:00+00:00,154.17,154.6,153.56,153.56,14067.0,,,,,,,,,,,,153.90666666666664,154.0687923430771,151.64170373029646,152.16072771197287,152.674441090076,152.1883246647622,152.2712775162603,152.1550862576966,151.02973616968532,151.0193960147418,150.9157127384012,150.67322458250226,,,,,,,,,,,,,151.80658282930636,152.82239981755376,152.68508076671247,152.4906212112175,152.21560436807474,151.5550229784957,151.00884577343604,150.93878985443905,150.71500913716048,150.6441481075015,149.96647951812156,,,,151.80658282930636,152.4906212112175,151.5550229784957,151.80668147165903,"rgba(38, 166, 154, 0.5)",1.2401229705082222,152.42598397125283,0.9144383708032044,65.8522163968278,13.137175639274652,True,False,True,False,True,3.43954550023383,0.0,0.0,0.0,0.0,0,0.9497053398713392,0.9533042422061276,False,False,False,False,0.1658174154283216,0.1275468967960818,False,False,False,False,349528.0,237365.66599220285,False,False,False,False,13074.508069670617,False,False,False,False
2025-07-07 16:00:00+00:00,153.64,153.76,153.185,153.4,10166.0,,,,,,,,,,,,153.71439098199423,153.93950938394585,151.6925600392093,152.1822488450093,152.68108719109728,152.19577697568127,152.2773690450676,152.16021813244348,151.0371034766655,151.0260198549613,150.9220936215342,150.67984626915072,,,,,,,,,,,,,151.89018348861282,152.82924014301477,152.6919093277244,152.4976505929715,152.22060982516734,151.56156840397276,151.01564722416632,150.94516268286077,150.72158990439672,150.65079026904613,149.97402694489696,,,,151.89018348861282,152.4976505929715,151.56156840397276,151.80463489667787,"rgba(38, 166, 154, 0.5)",1.2412920724024477,152.42178967723657,0.7880581407969217,64.44339312385023,13.137175639274652,True,False,True,False,False,2.9366047080993987,0.0,0.0,0.0,0.0,0,0.9432318373644326,0.9726369288015616,False,False,False,False,0.0979680788250603,0.11275748781057104,False,False,False,False,339362.0,238947.00450395164,False,False,False,False,13029.41492130363,False,False,False,False
2025-07-07 17:00:00+00:00,153.44,153.73,152.955,153.495,12781.0,,,,,,,,,,,,153.6035292051656,153.82613150343784,151.75069435529883,152.20717412144606,152.68869513595158,152.20461612988294,152.28458307117012,152.1663395448117,151.04609260516793,151.03410853384622,150.929896714457,150.68796204836707,,,,,,,,,,,,,151.9806253854374,152.8368853259247,152.69971119568183,152.5058401778268,152.2265661050118,151.5694955527609,151.02395247119205,150.95295397652237,150.72965263737157,150.6589331772079,149.98332001427846,,,,151.9806253854374,152.5058401778268,151.5694955527609,151.80859821687906,"rgba(38, 166, 154, 0.5)",1.2429923463051273,152.4237796860943,0.8618076507791717,63.90716002786391,13.137175639274652,True,False,True,False,False,3.2154672729974116,0.0,0.0,0.0,0.0,0,0.947764598540146,0.9673357664233583,False,False,False,False,0.0835856304687727,0.09817155913967188,False,False,False,False,352143.0,240701.98117830895,False,False,False,False,13025.563527174892,False,False,False,False
2025-07-07 18:00:00+00:00,153.54,153.605,152.835,153.37,27866.0,,,,,,,,,,,,153.46027820591863,153.65285496518928,151.85606629731583,152.25281714151268,152.7019249209345,152.22148932788318,152.2982786053175,152.17815683883896,151.06443808125124,151.05064181385902,150.94589660997076,150.70469035804945,,,,,,,,,,,,,152.13015371201936,152.84931622619956,152.71321376023806,152.52077600087904,152.23799413643331,151.58539039929988,151.0409283342505,150.96892046143944,150.74625776889846,150.67572707639692,150.0026807798934,,,,152.13015371201936,152.52077600087904,151.58539039929988,151.81995181834736,"rgba(38, 166, 154, 0.5)",1.2439717234120722,152.43034262738252,0.7553687555213205,62.61643936300085,16.01781782438465,True,False,True,False,False,2.8111913344208546,0.0,0.0,0.0,0.0,0,0.9427736959795556,0.9672796969835264,False,False,False,False,0.07006454324407392,0.0841180511918729,False,False,False,False,324277.0,241997.71790422662,False,False,False,False,13255.64781357528,False,False,False,False
2025-07-07 19:00:00+00:00,153.38,154.255,153.25,154.13,47797.0,,,,,,,,,,,,153.63761502643248,153.7313870206146,152.07106174314126,152.364339600253,152.7461228584409,152.26530792802188,152.33506824165133,152.2088187196064,151.1036975373472,151.08605725569956,150.9798883338191,150.73957015861058,,,,,,,,,,,,,152.42020016152694,152.89759739556445,152.75868422177112,152.56481202378183,152.26824120004292,151.62157219916193,151.07724167849267,151.0029066884213,150.78098461356214,150.71067313087943,150.04144846603123,,,,152.42020016152694,152.56481202378183,151.62157219916193,151.88753461751625,"rgba(38, 166, 154, 1.0)",1.2516782499674548,152.50838942507025,1.2955490558151912,64.86762639370755,16.01781782438465,True,False,True,False,True,5.054167191210173,0.0,0.0,0.0,0.0,0,0.9462541456544455,0.9594293762209811,False,False,False,False,0.12909138156418803,0.10660471637803047,False,False,False,False,372074.0,244014.4044483471,False,False,False,False,13791.172653674888,False,False,False,False
2025-07-08 14:00:00+00:00,153.69,153.93,151.325,151.61,17991.0,,,,,,,,,,,,153.4518394200059,153.56413209297534,152.0794217742361,152.36242621601264,152.73973925646894,152.2655348815294,152.33466221008297,152.2093548473132,151.10988626111367,151.09169852628145,150.98557246262547,150.74595077587435,,,,,,,,,,,,,152.41244906749435,152.8870240512504,152.7518749253991,152.56147702447586,152.26837969257977,151.62550905933716,151.0830478453106,151.00853391201525,150.78724920555018,150.71712644257013,150.04987654167837,,,,152.41244906749435,152.56147702447586,151.62550905933716,151.87359854313829,"rgba(239, 83, 80, 0.5)",1.2608813126876128,152.48329230876402,-0.6926046884639397,55.60182876322486,9.908033147025186,True,False,True,False,False,0.0,0.0,0.0,0.0,0.0,0,0.9258814102564104,0.964921652421653,False,False,False,False,0.004937690419845182,0.055771203398937826,False,False,False,False,354083.0,245720.8943018611,False,False,False,False,13856.286255943494,False,False,False,False
2025-07-08 15:00:00+00:00,151.585,152.25,150.65,151.875,11121.0,,,,,,,,,,,,153.30593965916492,153.43226285731464,152.0680902906165,152.35061609987883,152.7299278691724,152.2614539897679,152.33069333842474,152.20679111413656,151.11143705371734,151.09314445132134,150.98719566417282,150.74809903233503,,,,,,,,,,,,151.59166666666664,152.38367215643743,152.8732756908855,152.7415844463089,152.55429935876185,152.26550860201345,151.62538599077925,151.08455067008302,151.0101076383538,150.78931047515732,150.71933211382682,150.0534431514013,,,,152.38367215643743,152.55429935876185,151.62538599077925,151.84657451586244,#000000,1.2664504912735448,152.47839500884453,-0.4764457931851362,50.5197797477347,5.695308928949167,False,False,False,False,False,0.0,0.0,0.0,0.0,0.0,0,0.9174392935982343,0.9850772626931575,False,False,False,False,-0.12490994927892422,-0.034569372939993195,False,False,False,False,365204.0,247573.34555299502,False,False,False,False,13813.878717091657,False,False,False,False
2025-07-08 16:00:00+00:00,152.06,152.06,151.47,151.545,5712.0,,,,,,,,,,,,153.24342667733328,153.3744780218184,152.0636516021995,152.34547060506887,152.72539043922546,152.25968718531104,152.32894488415153,152.2056953042727,151.11239475796677,151.09403218654467,150.98816336878903,150.7493284877401,,,,,,,,,,,,151.6256000118814,152.37143109905398,152.86686922690436,152.73682314880827,152.55103258623572,152.26426083461487,151.6255095590358,151.08547063944053,151.01105106477604,150.79049652915202,150.7205900507027,150.05538731200454,,,,152.37143109905398,152.55103258623572,151.6255095590358,151.84146606595965,"rgba(239, 83, 80, 0.5)",1.275896611078783,152.46895324441397,-0.7241599643663669,46.21492330458648,2.1702848332122358,False,True,False,True,False,0.0,0.0,0.0,0.0,0.0,0,0.9486586493987053,0.985846438482887,False,False,False,False,-0.08994250446127579,-0.06225593870063449,False,False,False,False,359492.0,249308.51849015788,False,False,False,False,13688.268194346048,False,False,False,False
2025-07-08 17:00:00+00:00,151.535,152.42,151.26,152.265,10661.0,,,,,,,,,,,,153.15837702271511,153.2932120170609,152.06188610453512,152.3402446173933,152.71937320819504,152.25808742066326,152.3271804299505,152.20480934160292,151.11506444938198,151.09648264018267,150.99070402976065,150.7523181663578,,,,,,,,,,,,151.7636674668412,152.35897407033224,152.85800125542326,152.73048508957905,152.54703649537484,152.2631185999595,151.62674454721753,151.0879981204623,151.01355222207013,150.79341157832607,150.72362776513597,150.05964454196535,,,,152.35897407033224,152.54703649537484,151.62674454721753,151.83933338335362,#000000,1.27494941429422,152.4613042434582,-0.15397022129452081,46.32573987325006,2.1702848332122358,False,True,False,True,False,0.0,0.0,0.0,0.0,0.0,0,0.9443776029615921,0.9743637204997696,False,False,False,False,-0.08442596415301214,-0.07334095142682331,False,False,False,False,370153.0,251182.07634302363,False,False,False,False,13641.333803736032,False,False,False,False
2025-07-08 18:00:00+00:00,152.25,152.34,151.85,152.11,10799.0,,,,,,,,,,,,153.0907317467739,153.22662615343012,152.06269974123634,152.33679900472535,152.7143384534398,152.25717133059692,152.32601721503187,152.20439116356408,151.11811901786135,151.09928104185286,150.99357010049377,150.75562187422221,,,,,,,,,,,,151.85851652608395,152.3508529296179,152.85038656461234,152.72517009128677,152.54388079443788,152.26245346966817,151.62840100227464,151.0908809098112,151.01638072125272,150.79664246149684,150.7269779485339,150.06420205698856,,,,152.3508529296179,152.54388079443788,151.62840100227464,151.83750467997058,#000000,1.2775897810521244,152.45458372243013,-0.269713899986225,45.87914060464661,2.076083435890972,False,True,False,True,False,0.0,0.0,0.0,0.0,0.0,0,0.9487632508833925,0.974893063046309,False,False,False,False,-0.05741818488038937,-0.06537956815360635,False,False,False,False,359354.0,252859.1604307287,False,False,False,False,13597.266612980433,False,False,False,False
2025-07-08 19:00:00+00:00,152.1,152.495,151.69,151.76,25575.0,,,,,,,,,,,,152.94492665453524,153.08129981164686,152.05880012306142,152.32513282031718,152.70050004197245,152.2534415585217,152.3218916132858,152.20230630372106,151.12441527350808,151.10507022072332,150.99957936975025,150.76269870248004,,,,,,,,,,,,151.90783018621738,152.32533024456916,152.8301990492088,152.71061689829963,152.53463623557485,152.25976788876395,151.63130524169387,151.09685012075005,151.02229587171783,150.80354177503634,150.7341691996208,150.07429203866053,,,,152.32533024456916,152.53463623557485,151.63130524169387,151.82545405181818,"rgba(239, 83, 80, 0.5)",1.2837825059264099,152.42980732841028,-0.521745175150939,44.403920496249945,0.4810653239987914,False,True,False,True,False,0.0,0.0,0.0,0.0,0.0,0,0.9459560193812897,0.9758665672754384,False,False,False,False,-0.05769618188962958,-0.06153787502161796,False,False,False,False,333779.0,254113.7315868414,False,False,False,False,13782.967905802441,False,False,False,False
2025-07-09 14:00:00+00:00,151.14,152.76,151.07,152.705,11240.0,,,,,,,,,,,,152.9030534092087,153.0372358378341,152.0612758883963,152.32304357918878,152.69620124983246,152.25299732105074,152.32113967071496,152.2022080840687,151.1277816612326,151.10815600073016,151.00272159169728,150.7662807706888,,,,,,,,,,,,151.94831129839696,152.32099572471313,152.82360884376084,152.70607697004604,152.53207984462324,152.25942701057704,151.63327460099345,151.10002580246936,151.02540089129073,150.80705055674824,150.73779783302305,150.0791467647133,,,,152.32099572471313,152.53207984462324,151.63327460099345,151.82397046691662,#000000,1.2834488201225809,152.4243274202395,0.21868622679765187,47.178773433041826,0.4810653239987914,False,True,False,True,False,0.7596057512575172,0.0,0.0,0.0,0.0,0,0.9353114633247329,0.9742904533726507,False,False,False,False,-0.07745933659174867,-0.06949860580668332,False,False,False,False,345019.0,255523.11559324697,False,False,False,False,13743.542046797753,False,False,False,False
2025-07-09 15:00:00+00:00,152.72,153.11,152.49,152.86,11695.0,,,,,,,,,,,,152.89858702233093,153.02673877294683,152.07728174449278,152.33029515422533,152.69725268664152,152.25646534614103,152.3238436842777,152.20483052212148,151.1333870615065,151.11326175129312,151.007748097299,150.77167358855357,,,,,,,,,,,,152.0657542366047,152.3358498397297,152.8235712774695,152.70707907743702,152.53421330134944,152.26185792214974,151.6377032954934,151.10526479964975,151.03040217845697,150.81238187387848,150.74322720304218,150.0857110702629,,,,152.3358498397297,152.53421330134944,151.6377032954934,151.8326825628064,#000000,1.2834013963465658,152.4324850274756,0.3331108831121886,49.56940603533389,0.4810653239987914,False,False,False,False,True,1.2063556087634524,0.0,0.0,0.0,0.0,0,0.9511553895115542,0.9704810663714779,False,False,False,False,0.020783842668102695,-0.024357381569290314,False,False,False,False,356714.0,257091.9665142819,False,False,False,False,13711.781704986935,False,False,False,False
2025-07-09 16:00:00+00:00,152.83,153.035,152.21,152.385,10943.0,,,,,,,,,,,,152.8815673076081,153.0058275750748,152.08630318816483,152.33316473230096,152.69603913398817,152.2580977850695,152.32495128442784,152.20616970506342,151.13774363426978,151.11724171406598,151.0117120846516,150.77601594436936,,,,,,,,,,,,152.11922085473233,152.3414723602784,152.82086804297595,152.70574233111594,152.53427609902178,152.26299543152516,151.6408546597607,151.1093518121016,151.03433712345375,150.81666092791815,150.7476084981684,150.09120625318457,,,,152.3414723602784,152.53427609902178,151.6408546597607,151.83580952013713,#000000,1.2777361561311684,152.43359450484817,-0.03803172087993559,49.246527899384745,0.4810653239987914,False,True,False,False,True,0.0,0.0,0.0,0.0,0.0,0,0.9454528701741457,0.9740624712061187,False,False,False,False,0.001108307236192622,-0.011624537166548845,False,False,False,False,345771.0,258466.83525049457,False,False,False,False,13668.854856847602,False,False,False,False
2025-07-09 17:00:00+00:00,152.385,152.48,152.01,152.355,6688.0,,,,,,,,,,,,152.86450179780124,152.9871753935305,152.0885874061202,152.33274424703242,152.69405199399506,152.25817947074268,152.32481820066673,152.20635180850633,151.13989978796067,151.11921893196816,151.0137125072413,150.7782680000065,,,,,,,,,,,,152.12962395707655,152.34049800775782,152.81770784131078,152.7036369983053,152.53321749679023,152.26304143346093,151.6422145869506,151.11138452863202,151.03631669307782,150.81887099986665,150.74988705857405,150.09419555119703,,,,152.34049800775782,152.53321749679023,151.6422145869506,151.8353376957738,#000000,1.269072946738807,152.43115151351668,-0.06000562356354818,48.91040954082429,0.4810653239987914,False,True,False,False,True,0.0,0.0,0.0,0.0,0.0,0,0.943307522123894,0.9777839233038356,False,False,False,False,-0.040753029474229374,-0.02618878332038911,False,False,False,False,339083.0,259716.69826986673,False,False,False,False,13560.624548989499,False,False,False,False
2025-07-09 18:00:00+00:00,152.31,152.85,152.24,152.835,7465.0,,,,,,,,,,,,152.85764404611234,152.97751983168803,152.0957123915466,152.33553423771986,152.69377308511412,152.25965726683808,152.3259018499929,152.2075206565246,151.1430526592734,151.12209895946305,151.01656974496942,150.78137377331595,,,,,,,,,,,,152.16378332246043,152.3458768687366,152.81656369966146,152.70329549503526,152.5337224095334,152.2640798066803,151.64457644081622,151.1143404841565,151.03915542384607,150.82193513528154,150.75301820513087,150.09807005053162,,,,152.3458768687366,152.5337224095334,151.64457644081622,151.8381156601845,#000000,1.2596796389530838,152.43288505554236,0.31922000802668166,50.72909617610823,-4.452131460468308,False,False,False,False,True,1.1435160378191327,0.0,0.0,0.0,0.0,0,0.9466064182958321,0.9743637034304692,False,False,False,False,-0.007481253298280259,-0.016835018309334687,False,False,False,False,346548.0,261062.92000211685,False,False,False,False,13466.11874202842,False,False,False,False
2025-07-09 19:00:00+00:00,152.8,152.905,152.2,152.23,28003.0,,,,,,,,,,,,152.8149369048059,152.92699174250998,152.11181360525632,152.339121282084,152.6889018122547,152.26229834273533,152.32741047238812,152.2098887709009,151.1532260330143,151.13142045011813,151.02591278137768,150.79171060870502,,,,,,,,,,,,152.2200720861746,152.35210083330153,152.80772044122958,152.69806411394154,152.53219948367294,152.26592210793078,151.65160963675308,151.1239131413601,151.04841935347733,150.83210582926748,150.76345855804536,150.11138410851873,,,,152.35210083330153,152.53219948367294,151.65160963675308,151.8412751041593,#000000,1.258355397455937,152.4300443740598,-0.15897287401019725,49.33654750567109,-4.452131460468308,False,True,False,False,True,0.0,0.0,0.0,0.0,0.0,0,0.9461605947268783,0.9757584152929774,False,False,False,False,-0.006649977509118709,-0.011742497909226698,False,False,False,False,318545.0,261954.1150408437,False,False,False,False,13691.49674602798,False,False,False,False
2025-07-10 14:00:00+00:00,151.45,152.31,150.8,152.035,8159.0,,,,,,,,,,,,152.78273937528328,152.89438663303494,152.10655464141362,152.33321882227574,152.6833770205026,152.26003545791994,152.32515856451482,152.20845507571178,151.15450211310534,151.13261608823638,151.02722349770053,150.7933790715624,,,,,,,,,,,,152.19223975253445,152.34065469007814,152.80019521980734,152.69229700088056,152.52813281030487,152.26429240079446,151.6517715110999,151.1251494869877,151.04969670369323,150.83371485701116,150.7651662104789,150.11403032758835,,,,152.34065469007814,152.52813281030487,151.6517715110999,151.835791138855,#000000,1.2451508573895165,152.42390165846433,-0.31233296444068986,47.63944777068874,-4.452131460468308,False,True,False,True,False,0.0,0.0,0.0,0.0,0.0,1,0.9270561282932421,0.9863459335624291,False,False,False,False,-0.11774516982558128,-0.06474383386740398,False,False,False,False,310386.0,262704.9969781949,False,False,False,False,13605.721602678708,False,False,False,False
2025-07-10 15:00:00+00:00,152.075,152.53,151.58,152.06,17040.0,,,,,,,,,,,,152.74090849052246,152.84982330445644,152.10521099564022,152.3278623425623,152.67603889518008,152.25829436811836,152.3231123584366,152.20754222287468,151.15876181589445,151.1365531637899,151.03129681007619,150.79812889655767,,,,,,,,,,,,152.17824731527975,152.3303843114533,152.78965284006918,152.68460347846016,152.52328323153807,152.26301755292488,151.653919440507,151.12920101722256,151.05371065250446,150.83835196303738,150.7699887332159,150.12070231865258,,,,152.3303843114533,152.52328323153807,151.653919440507,151.83119152162394,#000000,1.2425141505892838,152.42519386739977,-0.2939152582097903,46.63990109865914,-4.452131460468308,False,True,False,True,False,0.0,0.0,0.0,0.0,0.0,1,0.9366607085567626,0.9846922407076407,False,False,False,False,-0.061867230332615264,-0.06330553210000962,False,False,False,False,327426.0,263708.42338163377,False,False,False,False,13658.966228993766,False,False,False,False
2025-07-10 16:00:00+00:00,152.0,152.91,152.0,152.79,8420.0,,,,,,,,,,,,152.7360854490684,152.84257093897503,152.11127165240723,152.33012620667293,152.67540973340002,152.25959340465994,152.3240261015053,152.20860627021364,151.1620389730362,151.13955770137653,151.0342928842061,150.80140853598323,,,,,,,,,,,,152.19709512585413,152.33453258923478,152.7881014204147,152.68390230934457,152.52350262220014,152.26393604631104,151.65630578704676,151.1322837495784,151.05668484814518,150.8415841023292,150.77329769592097,150.1248463225614,,,,152.33453258923478,152.52350262220014,151.65630578704676,151.8333775196019,#000000,1.2317382173320086,152.43384124197038,0.2891513415903105,49.46132406790635,-4.452131460468308,False,True,False,False,True,1.0670699250749927,0.0,0.0,0.0,0.0,1,0.9544819232202761,0.9818300409988825,False,False,False,False,-0.01745769796233947,-0.040381615031174545,False,False,False,False,335846.0,264826.8354222286,False,False,False,False,13577.741946373706,False,False,False,False
2025-07-10 17:00:00+00:00,152.81,153.33,152.775,153.19,11909.0,,,,,,,,,,,,152.7497331471042,152.8515121941912,152.12927294728158,152.3402902212174,152.67882292926726,152.2645611191956,152.32811311805324,152.2123192263961,151.16839273743054,151.1453608868889,151.0399738734642,150.8074172860138,,,,,,,,,,,,152.25497597476138,152.3530392230665,152.79112449087754,152.68735813806393,152.52758489606654,152.26749060787913,151.6616185050852,151.1382291444743,151.06234569714942,150.84753752265655,150.77933835950222,150.13195452597432,,,,152.3530392230665,152.52758489606654,151.6616185050852,151.84243194883587,"rgba(38, 166, 154, 0.5)",1.2223557487805166,152.4560318862374,0.6004537668308342,52.903954236158626,-1.7779132649790412,False,False,True,False,True,2.265941112273463,0.0,0.0,0.0,0.0,1,0.9441353840400171,0.9787761207984671,False,False,False,False,0.04880444851585135,0.004211416742338402,False,False,False,False,347755.0,266112.54340017855,False,False,False,False,13551.869978212873,False,False,False,False
2025-07-10 18:00:00+00:00,153.22,153.595,152.42,153.235,13464.0,,,,,,,,,,,,152.76336212407176,152.8603263177811,152.14854689447455,152.35124116413573,152.68248041923619,152.27000730921196,152.33259315450695,152.2164094101425,151.17547065736616,151.15183046449312,151.04631257097728,150.81412863531287,,,,,,,,,,,,152.31105108751396,152.3725110716367,152.79430865564416,152.69105634822145,152.53201145457615,152.2714011029859,151.6675157521019,151.14485658202122,151.06866113986246,150.85418597910686,150.78608614969912,150.13990962139923,,,,152.3725110716367,152.53201145457615,151.6675157521019,151.85192766943663,"rgba(38, 166, 154, 0.5)",1.210901655717765,152.47367378940402,0.6287267070790469,55.37375826058382,0.5407862749023025,True,False,True,False,True,2.4010833765467794,0.0,0.0,0.0,0.0,1,0.9414960300877561,0.9717695129312353,False,False,False,False,0.04380633113397866,0.02400887393815853,False,False,False,False,361219.0,267587.06210715254,False,False,False,False,13550.507652969261,False,False,False,False
2025-07-10 19:00:00+00:00,153.225,153.46,152.43,152.69,26802.0,,,,,,,,,,,,152.7706302217209,152.86030335766043,152.17605185810243,152.3657417169222,152.6856190880479,152.2777173494363,152.33874844291356,152.22236986718224,151.1877744300661,151.16310700502748,151.05744364844062,150.826068052362,,,,,,,,,,,,152.37624023022119,152.39708119347108,152.79570336439895,152.6941399514626,152.5371307215843,152.27696416180873,151.67728162952008,151.15641133370542,151.07973547801262,150.8659894367204,150.79810711224823,150.15442648771577,,,,152.39708119347108,152.5371307215843,151.67728162952008,151.86419942244797,#000000,1.1880569078189924,152.489001445561,0.1691825981703055,53.98818889671952,0.5407862749023025,False,False,True,False,True,0.6636875130674689,0.0,0.0,0.0,0.0,1,0.94042946201801,0.9746017086123302,False,False,False,False,0.0368680745233825,0.030438474230770514,False,False,False,False,334417.0,268623.1851752587,False,False,False,False,13755.957146721676,False,False,False,False
2025-07-11 14:00:00+00:00,152.93,154.62,152.87,154.47,12741.0,,,,,,,,,,,,152.81260613736833,152.896758568921,152.20872704769002,152.38741012679301,152.6964631938884,152.28826816239362,152.3478407018036,152.23010325911133,151.197458923168,151.17194019201642,151.065964800264,150.83481199492502,,,,,,,,,,,,152.46229416994845,152.43427579802338,152.8076034146169,152.7052583050785,152.54780660874522,152.2846113923093,151.68623741766362,151.16544644438022,151.08825345860117,150.87469487311748,150.80686873133118,150.16412439778563,,,,152.43427579802338,152.54780660874522,151.68623741766362,151.88190950499765,"rgba(0, 255, 255, 0.75)",1.1757457016528554,152.51822743213813,1.660029515836696,58.86252168466717,3.668323416310578,True,False,True,False,True,5.837601603190265,0.0,0.0,0.0,0.0,0,0.9471835803876856,0.9603192702394532,False,False,False,False,0.1261818100052494,0.07831014211800995,False,False,False,False,347158.0,269840.77920354926,False,False,False,False,13740.221377005058,False,False,False,False
2025-07-11 15:00:00+00:00,154.435,154.695,153.795,154.63,15278.0,,,,,,,,,,,,152.87464007253183,152.9519235427941,152.25457670688633,152.41874176803873,152.71305692149585,152.3035908884441,152.3611533955486,152.24130933228284,151.21058149092914,151.1839047409024,151.07746165778394,150.84651195568995,,,,,,,,,,,,152.5773715455005,152.48719728826876,152.8261411916992,152.7222886238896,152.56378773953207,152.2957544440339,151.69867507973714,151.17767937731048,151.0997558333155,150.88635903212477,150.81858156843992,150.17685863780346,,,,152.48719728826876,152.56378773953207,151.69867507973714,151.90699595145762,"rgba(0, 255, 255, 0.75)",1.1719601544437486,152.55831404821464,1.7677102279715697,62.47620766140477,6.9240686585196585,True,False,True,False,True,6.276332713017741,0.0,0.0,0.0,0.0,0,0.9616908850726553,0.9553136245615639,False,False,False,False,0.18294604457655061,0.1306280933472803,False,False,False,False,362436.0,271276.36402209883,False,False,False,False,13764.062906043739,False,False,False,False
2025-07-11 16:00:00+00:00,154.57,155.18,154.1,155.0,13335.0,,,,,,,,,,,,152.9378538939651,153.0090208292878,152.3000555091221,152.450543949449,152.73058530396094,152.31924638542142,152.374836352782,152.2527515064095,151.2233363532989,151.19553203209335,151.08860087501702,150.85777359372204,,,,,,,,,,,,152.6863599388379,152.5400789880043,152.84592122988838,152.74028659126913,152.58044157767725,152.3071757682492,151.7109930884623,151.18956328861313,151.11090783751834,150.8975983076646,150.82984731877593,150.1889289092662,,,,152.5400789880043,152.58044157767725,151.7109930884623,151.93200997619817,"rgba(0, 255, 0, 1.0)",1.1858065905831694,152.59731623943316,2.026202063344264,65.72376142484636,9.83987053563424,True,False,True,False,True,7.289865328406773,0.0,0.0,0.0,0.0,0,0.9591107036442816,0.9601191840476739,False,False,False,False,0.2286114387346452,0.17961976604096275,False,False,False,False,375771.0,272896.43589772517,False,False,False,False,13757.41076796554,False,False,False,False
2025-07-11 17:00:00+00:00,155.0,155.28,154.6,154.69,13414.0,,,,,,,,,,,,153.0004589807329,153.06590630986702,152.34590128442673,152.4829776642023,152.74874281326075,152.33541037034854,152.38899527189272,152.26459679661954,151.2364227980422,151.20746730468292,151.10003154516457,150.86931575909261,,,,,,,,,,,,152.79016111990606,152.59305876790228,152.8663988352151,152.7589245425223,152.59767296836208,152.31900703187725,151.72367415319945,151.2017598257443,151.12235292067595,150.90911987392582,150.84139216366438,150.2012621296561,,,,152.59305876790228,152.59767296836208,151.72367415319945,151.95712546795767,"rgba(0, 255, 255, 0.75)",1.2023185296946288,152.6351554067855,1.709068389502748,66.14169918739819,10.239048950250094,True,False,True,False,True,6.265228277503443,0.0,0.0,0.0,0.0,0,0.965093907466789,0.9557031607879067,False,False,False,False,0.2639214106992408,0.22177058837010177,False,False,False,False,362357.0,274283.4213876829,False,False,False,False,13752.086570012587,False,False,False,False
2025-07-11 18:00:00+00:00,154.75,155.0,154.59,154.63,13870.0,,,,,,,,,,,,153.05722914637266,153.1175563294021,152.38948417000475,152.51400336372978,152.76617306362542,152.3511452682694,152.40278244771528,152.2761857707509,151.24942246546829,151.2193348125261,151.11141329091706,150.88083328506323,,,,,,,,,,,,152.88204403274284,152.64265508456174,152.88592280148433,152.7768012255873,152.61431180063911,152.33056843171147,151.73619494999429,151.21388611387368,151.13374632664983,150.920612793548,150.85291523170892,150.2136283906695,,,,152.64265508456174,152.61431180063911,151.73619494999429,151.98078544154234,"rgba(0, 255, 255, 0.75)",1.2169234469250234,152.66924747653405,1.6112373612493531,66.07300518911046,10.387585578940488,True,False,True,False,True,6.065874139256568,0.0,0.0,0.0,0.0,0,0.9644232532550893,0.9578213827251058,False,False,False,False,0.24677970585498546,0.2342751471125436,False,False,False,False,348487.0,275433.86446694366,False,False,False,False,13753.91468520619,False,False,False,False
2025-07-11 19:00:00+00:00,154.62,155.51,154.59,155.16,27576.0,,,,,,,,,,,,153.1808846688674,153.23136122836218,152.4836944447259,152.58244391385088,152.80586646548042,152.38627737124858,152.43371431025315,152.3021043265915,151.2775222376744,151.2449943289256,151.13597391089897,150.90556855328254,,,,,,,,,,,,153.07090015325196,152.74997622023875,152.93059213572224,152.81751158257356,152.6519083292572,152.35649006973742,151.76361984549794,151.2400962376438,151.15834373591073,150.9453146030669,150.87764921770287,150.23988337232797,,,,152.74997622023875,152.6519083292572,151.76361984549794,152.03219546929554,"rgba(0, 255, 255, 0.75)",1.240193515123812,152.74240131637993,1.9493721376044408,67.54757126574933,12.081139433588262,True,False,True,False,True,7.557139805931158,0.0,0.0,0.0,0.0,0,0.9652777777777781,0.9529422514619887,False,False,False,False,0.277026836435708,0.2556509917741258,False,False,False,False,376063.0,276994.0061031151,False,False,False,False,13968.21058155958,False,False,False,False
2025-07-14 14:00:00+00:00,157.7,158.24,156.465,157.03,18106.0,,,,,,,,,,,157.245,153.3372207078776,153.3781000693267,152.59044192597727,152.66248730184765,152.85516986962628,152.42690584974383,152.4698486960814,152.3318539233962,151.306077245468,151.27101940931195,151.1606558641957,150.92995408997166,,,,,,,,,,,,153.2931727869669,152.87594438967054,152.98733389869295,152.8681604918303,152.69731488624953,152.38649287329966,151.79292151529836,151.26666173268686,151.18311057374646,150.96974477516446,150.90198000040374,150.26457699928866,,,,152.87594438967054,152.69731488624953,151.79292151529836,152.29808599504491,"rgba(0, 255, 0, 1.0)",1.3204433360064334,153.07772220316863,2.9931445667215755,71.94352105439172,16.396303694578563,True,False,True,False,True,12.430443581527214,0.0,0.0,0.0,0.0,0,0.9691195501807311,0.9366326029720204,False,False,False,False,0.3428282448182755,0.29923961829620066,False,False,False,False,394169.0,278810.6726751598,False,False,False,False,14032.362355488889,False,False,False,False
2025-07-14 15:00:00+00:00,157.0,157.71,156.52,157.49,18664.0,,,,,,,,,,,157.24246206146316,153.48607484176225,153.51835681048084,152.69546937745534,152.74208398045363,152.9048027827054,152.4680385844753,152.50649453132655,152.36211701050814,151.335203098111,151.29758902743623,151.18586985030097,150.95487581393124,,,,,,,,,,,,153.49854688952084,152.9984718379954,153.04421617149305,152.91911325679638,152.74314015500173,152.41700582935607,151.8227727098064,151.2937783284456,151.20840971774,150.99471040093928,150.92684713921864,150.28983197914513,,,,152.9984718379954,152.74314015500173,151.8227727098064,152.35425128743475,"rgba(0, 255, 0, 1.0)",1.4135891097385265,153.16160547570814,3.061989155457271,75.43682761355512,19.71046555452081,True,False,True,False,True,13.545082728087081,0.0,0.0,0.0,0.0,0,0.9692423771692337,0.943233766810173,False,False,False,False,0.3202013926286531,0.3097205054624269,False,False,False,False,412833.0,280888.5382150798,False,False,False,False,14104.170691062704,False,False,False,False
2025-07-14 16:00:00+00:00,157.43,157.45,157.02,157.145,12127.0,,,,,,,,,,,157.23317105343887,153.57600834870465,153.60334785085547,152.76069876345002,152.79194411739778,152.93619858575326,152.494196723755,152.52983117634702,152.38144167374384,151.35386369908085,151.31462538370286,151.20204686519776,150.97087396495363,,,,,,,,,,,,153.61976401020834,153.07383588523055,153.08006552771738,152.95132516739673,152.7721950732965,152.43648455127888,151.84186970686162,151.3111629337518,151.2246402269304,151.0107353127671,150.94281133381693,150.3060615635422,,,,153.07383588523055,152.7721950732965,151.84186970686162,152.38876797996718,"rgba(0, 255, 0, 1.0)",1.4993563393778715,153.21209726399096,2.6230607312741516,75.8742933120665,20.218586558040883,True,False,True,False,True,12.354142654824376,0.0,0.0,0.0,0.0,0,0.9786189349640675,0.9446949069321076,False,False,False,False,0.33159296605279454,0.3206567357576107,False,False,False,False,400706.0,282746.1732815127,False,False,False,False,14073.51688189894,False,False,False,False
2025-07-14 17:00:00+00:00,157.18,157.67,157.02,157.51,19892.0,,,,,,,,,,,157.2814136707904,153.72190719141537,153.74168788150223,152.86822280323392,152.87487014684757,152.98902400944579,152.53823457040275,152.56918834625978,152.41407630120347,151.38522880336484,151.34327655262706,151.2292505439719,150.99775453902973,,,,,,,,,,,,153.81223047239263,153.19734229702402,153.14026789492422,153.00550157215764,152.82110416206214,152.46938734718168,151.87403122543486,151.34039483007865,151.25193573858039,151.0376646352031,150.9696323977332,150.33326654571073,,,,153.19734229702402,152.82110416206214,151.87403122543486,152.4482757791431,"rgba(0, 255, 0, 1.0)",1.5650203723165834,153.29751574358608,2.691648192527033,76.7528795682658,21.280761853986846,True,False,True,False,True,13.250755187520852,0.0,0.0,0.0,0.0,0,0.9731705143060879,0.9431767537213658,False,False,False,False,0.3421086317550304,0.3313826837563206,False,False,False,False,420598.0,284883.4109050551,False,False,False,False,14163.725922489655,False,False,False,False
2025-07-14 18:00:00+00:00,157.555,157.955,157.42,157.75,15603.0,,,,,,,,,,,157.3603456488767,153.83774272616097,153.85190819006306,152.9546426666941,152.94214824343626,153.03242837938018,152.5743836473281,152.6015593481238,152.440943648568,151.41085388274075,151.36669650738065,151.25148005581124,151.0196903791116,,,,,,,,,,,,153.96185044211774,153.29614530882753,153.18966219124036,153.049999499705,152.86128523365278,152.4964870595271,151.9003920927585,151.3642849747522,151.27424297595243,151.05964526653523,150.99151634695664,150.35538486944805,,,,153.29614530882753,152.86128523365278,151.9003920927585,152.49782878340596,"rgba(0, 255, 0, 1.0)",1.6382957800907716,153.36768964868125,2.674920124054732,77.7186109411463,22.486301783588303,True,False,True,False,True,13.83809006122901,0.0,0.0,0.0,0.0,0,0.9752047720797719,0.9416399572649574,False,False,False,False,0.34282824521753485,0.3371054644869277,False,False,False,False,436201.0,287229.4200383101,False,False,False,False,14186.04024927276,False,False,False,False
2025-07-14 19:00:00+00:00,157.825,158.11,157.54,157.98,29008.0,,,,,,,,,,,157.49242184009407,154.04474919225362,154.04961093688087,153.1127782324935,153.06662095842663,153.1138663724533,152.64242328054735,152.66261839160177,152.49174889037675,151.45920514426075,151.4109259769327,151.2934716915458,151.0611099225488,,,,,,,,,,,,154.22272427695202,153.47536631214996,153.28202680957443,153.13343754550212,152.93679175124117,152.54773431893005,151.9501747593279,151.40939269275873,151.31638232892413,151.10115239916954,151.0328361686461,150.39708842090172,,,,153.47536631214996,152.93679175124117,151.9501747593279,152.58826634457972,"rgba(0, 255, 0, 1.0)",1.7367813505043213,153.4938651415543,2.5830164845695887,78.72940470187689,23.758786010849576,True,False,True,False,True,14.401734015977784,0.0,0.0,0.0,0.0,0,0.9763258416984986,0.9396375588522697,False,False,False,False,0.3428282453719555,0.33996685492944156,False,False,False,False,465209.0,289988.7933710495,False,False,False,False,14415.83807486543,False,False,False,False
2025-07-15 14:00:00+00:00,157.82,157.89,155.855,156.2,8257.0,,,,,,,,,,,157.4351325858767,154.08218646837383,154.08544589570207,153.14481836510484,153.09215487484371,153.13069918670112,152.65700206552776,152.6757072234258,152.5027779484508,151.47022713736283,151.42103512383358,151.30311518985377,151.07070011030697,,,,,,,,,,,,154.26787699114973,153.51031524603292,153.30080436762296,153.1506483811819,152.95262908902055,152.5588222306784,151.96128826920992,151.41970138513875,151.32605144653778,151.1107497830256,151.042412440691,150.4069391254103,,,,153.51031524603292,152.95262908902055,151.96128826920992,152.60316963724256,"rgba(0, 255, 255, 0.75)",1.7756569194232432,153.51349792662805,1.512962354374488,70.78448693981969,26.18329076083198,True,False,True,False,False,8.336791602976554,0.0,0.0,0.0,0.0,0,0.9639584338141798,0.9416407243390189,False,False,False,False,0.258873685361211,0.2994202701453263,False,False,False,False,456952.0,292577.37021801,False,False,False,False,14320.35221323961,False,False,False,False
2025-07-15 15:00:00+00:00,156.17,156.92,155.62,155.855,41650.0,,,,,,,,,,,157.1026951794269,154.22078515198993,154.21851841153207,153.27538449320642,153.1976616381166,153.20109991371015,152.7196382787827,152.73202181315605,152.55070646978993,151.51964115406707,151.46645668643592,151.34658308430298,151.11414245631988,,,,,,,,,,,,154.42786075096294,153.64829122287762,153.37827657336703,153.22250230428259,153.01961256920174,152.6068979514344,152.01046281834266,151.4660104022235,151.3696114435689,151.15418905816458,151.08581699405954,150.45208415190893,,,,153.64829122287762,153.01961256920174,152.01046281834266,152.66027803884924,"rgba(38, 166, 154, 1.0)",1.8033388278213456,153.58402053665174,1.259319340499021,64.29369600119972,20.399665246423922,True,False,True,False,False,7.233469370524915,0.0,0.0,0.0,0.0,0,0.9592131147540984,0.9557158469945357,False,False,False,False,0.20762136643748563,0.25352081829140594,False,False,False,False,415302.0,294480.07765649044,False,False,False,False,14744.067682801786,False,False,False,False
2025-07-15 16:00:00+00:00,155.85,156.095,155.295,155.52,16050.0,,,,,,,,,,,156.9715056656092,154.25674596807158,154.25318953344373,153.3145019323776,153.22985589791753,153.22292055315714,152.7397619331099,152.75014718028336,152.56633312278905,151.53639070704835,151.48189465539355,151.3614141902148,151.12905276188718,,,,,,,,,,,,154.46656534341975,153.6878202277762,153.4018449725914,153.24471991652865,153.04069073128065,152.62252709163494,152.02686525111113,151.48174610836924,151.38446439610098,151.16908377282925,151.10072462639647,150.4677917991642,,,,153.6878202277762,153.04069073128065,152.02686525111113,152.67634233354025,"rgba(38, 166, 154, 1.0)",1.8252240464720906,153.60188272025596,1.0508941537623897,58.82827253635822,15.689131229753215,False,False,True,False,False,6.168704186419834,0.0,0.0,0.0,0.0,0,0.9481308616969749,0.9704988771960726,False,False,False,False,0.15969548805665493,0.20660815317403042,False,False,False,False,399252.0,296104.4485455371,False,False,False,False,14764.314695471527,False,False,False,False
2025-07-15 17:00:00+00:00,155.52,156.48,155.35,156.25,19862.0,,,,,,,,,,,156.87730585436128,154.31068019132744,154.30527003404043,153.36898646003905,153.27480696216358,153.25366491766977,152.7675852780559,152.7752552679999,152.5878821934988,151.55888434026784,151.50262026111037,151.38128780479352,151.14895353001742,,,,,,,,,,,,154.52602611509496,153.74397828306758,153.43531114674505,153.27604622037876,153.0701584872868,152.64412030661572,152.0491300195348,151.5028680115212,151.40437524577206,151.1889767611075,151.1206128699826,150.48855560459745,,,,153.74397828306758,153.0701584872868,152.0491300195348,152.702533686682,"rgba(38, 166, 154, 1.0)",1.8619134906990091,153.63293732942853,1.4055769420248199,57.62060209755411,14.810922733923022,False,False,True,False,False,8.094968960744602,0.0,0.0,0.0,0.0,0,0.952886937431394,0.9630735455543362,False,False,False,False,0.1779349562251099,0.19227155469957016,False,False,False,False,419114.0,298011.57337428845,False,False,False,False,14843.34857616189,False,False,False,False
2025-07-15 18:00:00+00:00,156.25,156.82,156.13,156.605,16683.0,,,,,,,,,,,156.84956762790526,154.36577574746687,154.35854365189303,153.4212455464866,153.31801074989798,153.28345936767928,152.79406505687226,152.79919363637134,152.60833431687266,151.57966444152592,151.52175923433248,151.39960315051812,151.16721689791152,,,,,,,,,,,,154.58782775083733,153.7988251586606,153.46797804193207,153.30642530034478,153.09850607473993,152.6646525714453,152.0699286726619,151.52236992259407,151.4227326930458,151.20724574706585,151.13885595954986,150.5074143197815,,,,153.7988251586606,153.09850607473993,152.0699286726619,152.73036806553569,"rgba(0, 255, 255, 0.75)",1.904857453700678,153.66732806030612,1.5422004066428614,57.879594603926904,14.810922733923022,False,False,True,False,False,9.011355417903516,0.0,0.0,0.0,0.0,0,0.9582804360197871,0.9579302193232067,False,False,False,False,0.22492673011115083,0.20859914240536048,False,False,False,False,435797.0,300147.78153902816,False,False,False,False,14871.870303663256,False,False,False,False
2025-07-15 19:00:00+00:00,156.55,157.06,156.41,156.7,25029.0,,,,,,,,,,,156.83645383948104,154.45086088524687,154.44097117716828,153.50145396272373,153.38472810303824,153.3299218246884,152.8352465190322,152.83648707015215,152.64020987968013,151.6117962445766,151.55136736288142,151.42792817207223,151.19542584379093,,,,,,,,,,,,154.68279163801736,153.88306519464095,153.5189169349747,153.35379094145546,153.1426691959536,152.69666865273967,152.1021930730704,151.55253420204033,151.45112606353084,151.2354693433485,151.16702962321526,150.53644468146348,,,,153.88306519464095,153.1426691959536,152.1021930730704,152.7746220171593,"rgba(0, 255, 255, 0.75)",1.9485131360710768,153.72221367396173,1.5282351814381783,58.343532544760265,14.810922733923022,False,False,True,False,False,9.25724321363376,0.0,0.0,0.0,0.0,0,0.973232790933545,0.9524187502756101,False,False,False,False,0.24706863631227488,0.22783388935881768,False,False,False,False,460826.0,302638.9167089657,False,False,False,False,15029.345182676228,False,False,False,False
2025-07-16 14:00:00+00:00,157.035,157.23,156.72,157.05,15463.0,,,,,,,,,,,156.84631723051243,154.50645876235828,154.4949163063078,153.55317894152088,153.42796421259905,153.3602940212081,152.86203984590136,152.86078983299225,152.6609748136512,151.6325111759249,151.57046103146612,151.44618376637263,151.21357581931844,,,,,,,,,,,,154.74475038791593,153.93756350689765,153.55224710261908,153.38475218955875,153.1714864694461,152.71753886991903,152.12308354981954,151.5719833502462,151.46942863548273,151.2536338976819,151.18515342517475,150.55504059605585,,,,153.93756350689765,153.1714864694461,152.12308354981954,152.80409310963805,"rgba(0, 255, 255, 0.75)",1.9988814935421555,153.75902773345538,1.6464068916425851,59.740077120049015,14.810922733923022,False,False,True,False,False,10.165466266271082,0.0,0.0,0.0,0.0,0,0.9819772064670027,0.9381570810142243,False,False,False,False,0.26771979124050216,0.2477768402996599,False,False,False,False,476289.0,305331.1660623151,False,False,False,False,15036.068513177372,False,False,False,False
2025-07-16 15:00:00+00:00,157.05,157.415,156.33,156.96,10185.0,,,,,,,,,,,156.84843192824644,154.54038069109617,154.52787626857852,153.5854727984978,153.45511346701923,153.37949303519557,152.8790853344702,152.87626630937743,152.6742368025522,151.6458202985823,151.58273806073035,151.45793121511443,151.2252666655634,,,,,,,,,,,,154.78208021447014,153.97131110984415,153.57323793455245,153.40431286021186,153.18975195698818,152.7308620930064,152.13647090280654,151.58448751376343,151.48120498861994,151.26533225342124,151.1968287809167,150.56704481877765,,,,153.97131110984415,153.18975195698818,152.13647090280654,152.8224415320961,"rgba(0, 255, 255, 0.75)",2.041343405921939,153.78165918928636,1.5569848764755994,60.19912885887629,14.810922733923022,False,False,True,False,True,9.857867130599349,0.0,0.0,0.0,0.0,0,0.9844066602061496,0.9317240771738177,False,False,False,False,0.258873685361211,0.25332526283043544,False,False,False,False,466104.0,307823.7681388684,False,False,False,False,14960.858148631985,False,False,False,False
2025-07-16 16:00:00+00:00,156.98,157.15,156.41,156.58,6515.0,,,,,,,,,,,156.84520898176697,154.55988921073615,154.54685483612982,153.60465069544696,153.47132161001494,153.3910143491483,152.8894065574557,152.8856437984674,152.68230063790233,151.65399469225227,151.59028463286555,151.4651601099652,151.23247245537428,,,,,,,,,,,,154.803226482511,153.99113653556824,153.58577566163902,153.41604378919126,153.20075419311257,152.73895727661608,152.14465817514753,151.5921730645011,151.48845038218604,151.27254072473704,151.2040264066951,150.57447214216035,,,,153.99113653556824,153.20075419311257,152.14465817514753,152.83321669606363,"rgba(38, 166, 154, 1.0)",2.0718465672434023,153.79471599781405,1.3443485855672164,58.52681059350212,14.32776430244067,False,False,True,False,True,8.557629577836352,0.0,0.0,0.0,0.0,0,0.9811537273248888,0.9410778125965489,False,False,False,False,0.25092453150730837,0.2521248971688719,False,False,False,False,459589.0,310176.7174700487,False,False,False,False,14829.914611443892,False,False,False,False
2025-07-16 17:00:00+00:00,156.585,157.37,156.51,156.64,4303.0,,,,,,,,,,,156.84512817970878,154.57332983093025,154.55993236858393,153.6176996747216,153.48235336952894,153.39886879188273,152.89641786113918,152.89201643932824,152.6877757768207,151.65951404436566,151.59537973560535,151.47003869678414,151.23733108838024,,,,,,,,,,,,154.8178504339178,154.00467630053757,153.59433492909932,153.424042175525,153.20824399352728,152.74445575602954,152.15019910573065,151.5973618075344,151.49334054188384,151.27740189239023,151.20887903542078,150.5794688907043,,,,154.00467630053757,153.20824399352728,152.15019910573065,152.8406416288032,"rgba(38, 166, 154, 1.0)",2.091364273033891,153.80377537030117,1.3561600273415675,57.66525989662304,13.100408412580038,False,False,True,False,True,8.721253371741827,0.0,0.0,0.0,0.0,0,0.9779755087657478,0.9418993921240424,False,False,False,False,0.26469463096282553,0.2584097640658487,False,False,False,False,463892.0,312559.9001449316,False,False,False,False,14666.706632971895,False,False,False,False
2025-07-16 18:00:00+00:00,156.625,157.775,156.625,157.515,7428.0,,,,,,,,,,,156.85712125574184,154.60084646161368,154.5866928141803,153.64319445026211,153.50384165405376,153.41416442356862,152.90988289468874,152.90425893675356,152.69824796518466,151.66986689318753,151.60492961651605,151.4791669376503,151.24639292061258,,,,,,,,,,,,154.84829955417106,154.0315327158262,153.61110651095927,153.43962929539794,153.22274704258393,152.75498656023453,152.16067869182316,151.60708701826024,151.50249346202406,151.28647329184977,151.21792629860883,150.58871501004057,,,,154.0315327158262,153.22274704258393,152.16067869182316,152.85561130703175,"rgba(0, 255, 255, 0.75)",2.1329296141079697,153.82250462508492,1.7311848222705362,60.28732173130294,13.100408412580038,False,False,True,False,True,11.064271689240329,0.0,0.0,0.0,0.0,0,0.9793598040930561,0.9358054923911147,False,False,False,False,0.28728464724905384,0.27284720565745124,False,False,False,False,471320.0,315021.2970419094,False,False,False,False,14554.478623158375,False,False,False,False
2025-07-16 19:00:00+00:00,157.515,158.04,157.195,157.52,18932.0,,,,,,,,,,,156.90248712512525,154.6755435135665,154.65938407537033,153.7114559430781,153.56148743868434,153.4553794271195,152.94599542377986,152.9371226754872,152.72633449485215,151.69738525181117,151.63031444098442,151.5034157481417,151.2704289428917,,,,,,,,,,,,154.93110912034675,154.10373536701502,153.65636381537212,153.48163341347356,153.26175504055757,152.78324637678475,152.18864001689218,151.63293548669756,151.5268114088409,151.31054078766044,151.24191951500595,150.6131440227946,,,,154.10373536701502,153.26175504055757,152.18864001689218,152.89634275489334,"rgba(0, 255, 255, 0.75)",2.1691251651257923,153.87381960449503,1.6809451359131387,62.051416543800315,13.100408412580038,True,False,True,False,True,11.077447925640644,0.0,0.0,0.0,0.0,0,0.9844765185540489,0.9353333624035238,False,False,False,False,0.3241764360047277,0.29851182083108946,False,False,False,False,490252.0,317738.05212653097,False,False,False,False,14622.34717163654,False,False,False,False
2025-07-17 14:00:00+00:00,157.11,157.86,156.83,157.105,10270.0,,,,,,,,,,,156.91434281659434,154.71023376228086,154.69320737498435,153.74452756399043,153.58964900960214,153.47569205537317,152.96401759141173,152.95354370148598,152.7404412768914,151.71140068401303,151.6432597550686,151.51580162492286,151.282734701265,,,,,,,,,,,,154.96880005409338,154.1382000954694,153.67852100628997,153.5023157793508,153.2810803888574,152.79742606544707,152.20279554157398,151.64611530110687,151.53922942469828,151.32285790023295,151.25420675473,150.62571975766215,,,,154.1382000954694,153.2810803888574,152.20279554157398,152.91584479949586,"rgba(38, 166, 154, 1.0)",2.193306632001548,153.8978382079812,1.462249621290762,60.70463470676758,13.100408412580038,False,False,True,False,True,9.60080906211035,0.0,0.0,0.0,0.0,1,0.9828110078999919,0.9356280927163819,False,False,False,False,0.30000662337194645,0.29925922210151795,False,False,False,False,479982.0,320253.4621710809,False,False,False,False,14554.868920913492,False,False,False,False
2025-07-17 15:00:00+00:00,157.105,157.295,156.53,157.295,11444.0,,,,,,,,,,,156.9187610928982,154.74450132746566,154.72666928314675,153.77835259420036,153.61863908536617,153.4967441019088,152.9828822253094,152.97074840901223,152.75528112710217,151.72630600265435,151.65704045980078,151.52900309849386,151.29587428517286,,,,,,,,,,,,155.00541344277943,154.1730293881766,153.70136374180808,153.52373534958713,153.30119240856024,152.8123308983133,152.21777955057954,151.6601440752938,151.55246254605856,151.3360056997867,151.2673293535041,150.63920416661762,,,,154.1730293881766,153.30119240856024,152.21777955057954,152.93563174854387,"rgba(0, 255, 255, 0.75)",2.228857587228066,153.9217532938468,1.5134420097016419,60.592082651578934,13.100408412580038,False,False,True,False,True,10.12076917943537,0.0,0.0,0.0,0.0,1,0.9789139602625977,0.9455675840180867,False,False,False,False,0.2623210389861531,0.2807901305438355,False,False,False,False,491426.0,322907.299966878,False,False,False,False,14506.638395007856,False,False,False,False
2025-07-17 16:00:00+00:00,157.32,157.555,156.57,156.77,14316.0,,,,,,,,,,,156.9207092433397,154.78462003411727,154.76589454794282,153.81875037671793,153.6534457008161,153.52218175493317,153.00580498045613,152.99167499423305,152.77337916376,151.7445734569623,151.67394199970957,151.5452055154447,151.31201367625954,,,,,,,,,,,,155.04780964701365,154.21433028475022,153.72887351677812,153.5496041668636,153.32555211182796,152.830501294299,152.2361042626847,151.67734789095707,151.56870226495562,151.3521530449475,151.2834494506927,150.6557963055046,,,,154.21433028475022,153.32555211182796,152.2361042626847,152.9592967874387,"rgba(38, 166, 154, 1.0)",2.2563858888229285,153.9500442063039,1.2497666324119714,57.52864895634036,12.092378397619385,False,False,True,False,False,8.254454954934584,0.0,0.0,0.0,0.0,1,0.9774609817769644,0.947946638765368,False,False,False,False,0.27530381241530755,0.2780469714795715,False,False,False,False,477110.0,325298.03950227523,False,False,False,False,14503.682760976726,False,False,False,False
2025-07-17 17:00:00+00:00,156.77,157.53,156.41,156.69,6395.0,,,,,,,,,,,156.91989564737622,154.80136929323783,154.7822896959774,153.83596967770453,153.66835251240818,153.5331361916478,153.01573302943243,153.0007460259391,152.7812441133945,151.7525551024533,151.68133177237445,151.55229456254762,151.31908134288074,,,,,,,,,,,,155.065315530396,154.23180741255516,153.74068156555012,153.56073896663054,153.336067732921,152.83839446534193,152.24409228043422,151.68486910237382,151.57580691623036,151.359223169639,151.29050941216363,150.66307659519745,,,,154.23180741255516,153.336067732921,152.24409228043422,152.9693832846723,"rgba(38, 166, 154, 1.0)",2.2757147614926647,153.96196658118052,1.198758941577605,55.0609748351748,9.64637950854673,False,True,True,False,False,7.97158733692639,0.0,0.0,0.0,0.0,1,0.9658903276266624,0.9537238202833064,False,False,False,False,0.26728733354103024,0.2726671525103009,False,False,False,False,470715.0,327552.5660216198,False,False,False,False,14377.966749178637,False,False,False,False
2025-07-17 18:00:00+00:00,156.84,157.6,156.84,157.6,4463.0,,,,,,,,,,,156.92532757727426,154.8155118939572,154.79611562586953,153.8497121933863,153.68018647967398,153.5418075896914,153.0234713630839,153.00781615949467,152.78734300282576,151.75862029005842,151.68694201800045,151.55766650699175,151.3244193959888,,,,,,,,,,,,155.08045432219916,154.2460125941367,153.75009713846205,153.56956096410624,153.3443389464252,152.8445238022707,152.2502146942156,151.69057920358162,151.5811925414712,151.36456602082615,151.29583959031592,150.6685308960839,,,,154.2460125941367,153.3443389464252,152.2502146942156,152.97763403241564,"rgba(0, 255, 255, 0.75)",2.283420308726847,153.97201479821626,1.5888381074295357,57.424211576303996,9.64637950854673,False,True,True,False,True,10.514678622110598,0.0,0.0,0.0,0.0,1,0.964761328260118,0.9523088896575586,False,False,False,False,0.2890339452385405,0.2808505488744207,False,False,False,False,475178.0,329841.3324398892,False,False,False,False,14224.246334462689,False,False,False,False
2025-07-17 19:00:00+00:00,157.57,157.83,157.115,157.83,9355.0,,,,,,,,,,,156.94264313888888,154.84747304463897,154.8273560007518,153.88016584397866,153.706387648354,153.56101875322736,153.0405166367925,153.0233942679635,152.80075843097413,151.77184662681407,151.69917330889663,151.56936969559112,151.33603195167314,,,,,,,,,,,,155.11490519032324,154.27769181380955,153.77100828931012,153.58911106001923,153.3626207610831,152.8580139486762,152.2636151217917,151.7030278259531,151.59292725552277,151.3761918213808,151.30743307003115,150.68035332673136,,,,154.27769181380955,153.3626207610831,152.2636151217917,152.9961213933271,"rgba(0, 255, 255, 0.75)",2.3186291810634914,153.9947582019268,1.6540988224404616,59.809148928003026,5.0618192892480565,False,False,True,False,True,11.139556732638201,0.0,0.0,0.0,0.0,1,0.9648456057007131,0.9547829842366663,False,False,False,False,0.31127151404833087,0.29606103146137575,False,False,False,False,484533.0,332239.65286717773,False,False,False,False,14148.754143230708,False,False,False,False
2025-07-18 14:00:00+00:00,158.5,158.95,158.25,158.575,4763.0,,,,,,,,,,,156.9641757479057,154.86929208249677,154.84865244402422,153.89960785112137,153.72299219626765,153.57313942896886,153.05104242927547,153.0330123999067,152.8089796979744,151.7797107944463,151.706434836663,151.57629735001063,151.34287033854486,,,,,,,,,,,,155.13902120320247,154.2983893747456,153.78433154690273,153.60146059720878,153.37405512634646,152.86629765385817,152.27168769052275,151.71041865644105,151.59987732112782,151.38304395886655,151.31425605924306,150.68722578121023,,,,154.2983893747456,153.37405512634646,152.27168769052275,153.00825090269126,"rgba(0, 255, 255, 0.75)",2.361938669669286,154.01020550216518,1.9326473445112629,63.63643187045991,8.635374112023513,True,False,True,False,True,13.121435275471384,0.0,0.0,0.0,0.0,1,0.971239128562818,0.9503573581331269,False,False,False,False,0.34282824615373636,0.319444638807556,False,False,False,False,489296.0,334674.634993268,False,False,False,False,14003.238575118603,False,False,False,False
2025-07-18 15:00:00+00:00,158.57,159.935,158.4,159.24,5269.0,,,,,,,,,,,156.99589367946555,154.89697785301254,154.8756640827575,153.92365569340998,153.74347726834858,153.58807483455152,153.06389594587554,153.04475798447635,152.81898803001457,151.78915372161737,151.71514845750661,151.58459914322842,151.3510451240318,,,,,,,,,,,,155.1698812882197,154.32422328143372,153.80081351948454,153.61668533396193,153.38809401241633,152.87639095386507,152.28143942100886,151.71928748672823,151.6082080695163,151.39123854845474,151.32241008620056,150.69539046792687,,,,154.32422328143372,153.38809401241633,152.28143942100886,153.0234157715005,"rgba(0, 255, 0, 1.0)",2.409433324652446,154.0297709587924,2.162429226780605,67.71781855688332,12.34627844354592,True,False,True,False,True,14.822491264911104,0.0,0.0,0.0,0.0,0,0.9741118266729224,0.9382436985541864,False,False,False,False,0.34282824664557904,0.3311364427265675,False,False,False,False,494565.0,337153.55538096925,False,False,False,False,13867.824023566376,False,False,False,False
2025-07-18 16:00:00+00:00,159.175,159.715,158.55,158.8,7012.0,,,,,,,,,,,157.03356758539232,154.93183989616153,154.90969887423933,153.95429983820932,153.7696587670841,153.60722892804918,153.08044597772468,153.05988935515683,152.83190455911108,151.80139540205397,151.72645019705982,151.59537289031294,151.36166247129322,,,,,,,,,,,,155.2085229142404,154.35699693574347,153.82190577305744,153.6362043837662,153.40612805361963,152.8894130570358,152.29405628599852,151.7307898151506,151.61901844278276,151.40188020597031,151.33300148491327,150.70601485204813,,,,154.35699693574347,153.40612805361963,152.29405628599852,153.042693877847,"rgba(0, 255, 255, 0.75)",2.4482484693280866,154.0544875022358,1.9383296087862414,67.74894371106251,12.35204397970405,True,False,True,False,True,13.185743660752657,0.0,0.0,0.0,0.0,0,0.9750422297297303,0.9376689189189191,False,False,False,False,0.3401112430248636,0.33562384287571556,False,False,False,False,487553.0,339485.32971614803,False,False,False,False,13761.532178239766,False,False,False,False
2025-07-18 17:00:00+00:00,158.8,159.42,158.5,159.29,5818.0,,,,,,,,,,,157.06451336687022,154.96065802251906,154.93784392601827,153.97968751688208,153.79138384913642,153.62316022019417,153.09421938857795,153.07248744280153,152.84266427082608,151.81158894571405,151.73586292824103,151.60434644871015,151.3705050617975,,,,,,,,,,,,155.24039999460817,154.38412295167646,153.83943898925486,153.65243743721646,153.4211318928576,152.90026077479217,152.3045639099587,151.7403691486987,151.62802253601777,151.41074316648508,151.3418223956684,150.71486067935294,,,,154.38412295167646,153.4211318928576,152.3045639099587,153.05868381059503,"rgba(0, 255, 0, 1.0)",2.467967623205152,154.07496132158727,2.113090394451751,69.0311477287996,13.705673429388284,True,False,True,False,True,14.439755298129242,0.0,0.0,0.0,0.0,0,0.9748156218571913,0.9406218571907479,False,False,False,False,0.32678982890812286,0.33120683589191924,False,False,False,False,493371.0,341871.1540616341,False,False,False,False,13638.376640592638,False,False,False,False
2025-07-18 18:00:00+00:00,159.28,159.41,158.805,158.88,6084.0,,,,,,,,,,,157.09528411827517,154.99009035789035,154.96660202868097,154.0057698816787,153.81374892173923,153.6396042554638,153.10846296902366,153.0855213062991,152.85380727077882,151.82216186864628,151.7456289236635,151.6136591981084,151.37968433376645,,,,,,,,,,,,155.27284829135576,154.41192784302308,153.85751549840876,153.66918986807653,153.43663102290643,152.91149357025003,152.31545508129844,151.7503074901342,151.63736666984735,151.41994317898076,151.35097946456642,150.72404859954403,,,,154.41192784302308,153.43663102290643,152.31545508129844,153.07510928049624,"rgba(0, 255, 255, 0.75)",2.466993927036645,154.09592532701714,1.9392324482652812,67.50797134205652,13.705673429388284,True,False,True,False,True,12.916940166280263,0.0,0.0,0.0,0.0,0,0.9774859287054415,0.9410047946633315,False,False,False,False,0.33817348504712663,0.33469016046952293,False,False,False,False,487287.0,344125.6633009886,False,False,False,False,13521.254522133837,False,False,False,False
2025-07-18 19:00:00+00:00,158.9,159.11,158.52,158.98,10030.0,,,,,,,,,,,157.13989933396158,155.03578974243948,155.01128943283376,154.0468215183234,153.84907626177448,153.66569016116216,153.13115928166064,153.10630388929496,152.8716116887989,151.83913545649784,151.761316082914,151.62862770122578,151.39445052409363,,,,,,,,,,,,155.32289702532714,154.45546840954358,153.8861203770347,153.69575527518782,153.4612636427425,152.92943542072146,152.33290298223832,151.7662702232835,151.6523842169073,151.43474068966387,151.36571141305492,150.73885753845104,,,,154.45546840954358,153.4612636427425,152.33290298223832,153.10091913156546,"rgba(0, 255, 255, 0.75)",2.4794172974984954,154.1286281619229,1.956658059525387,66.80778393629598,13.705673429388284,True,False,True,False,True,13.178905208272393,0.0,0.0,0.0,0.0,0,0.9752312990084228,0.9437829315852799,False,False,False,False,0.31567830758363485,0.3251842340265789,False,False,False,False,497317.0,346500.7227846942,False,False,False,False,13467.12654504649,False,False,False,False
2025-07-21 14:00:00+00:00,159.35,160.53,159.165,160.02,11349.0,,,,,,,,,,,157.21637804585794,155.0998301585848,155.0738711647524,154.1022340611436,153.8965769034948,153.70070246189,153.16121845990958,153.1338306834025,152.89508505926483,151.86105560310173,151.781555344453,151.64790050418233,151.41339204899444,,,,,,,,,,,,155.39391560086582,154.51503321583468,153.92473609192186,153.73143636158042,153.49414984281665,152.95312125422592,152.35564177164972,151.78686508800055,151.67172756745126,151.4537342987713,151.38460069859974,150.75767378336084,,,,154.51503321583468,153.49414984281665,152.35564177164972,153.13625064296446,"rgba(0, 255, 0, 1.0)",2.512004466843361,154.1742590061944,2.327122053708563,69.07889658923179,14.17244449746076,True,False,True,False,True,15.82856194625062,0.0,0.0,0.0,0.0,0,0.9793142997583258,0.9322492114856837,False,False,False,False,0.34282824716293275,0.3340062405947558,False,False,False,False,508666.0,349014.9131291176,False,False,False,False,13434.28737380546,False,False,False,False
2025-07-21 15:00:00+00:00,160.105,160.84,159.98,160.735,10648.0,,,,,,,,,,,157.29989698864296,155.16587807313672,155.13842097136904,154.15867441800904,153.9449516139434,153.73640897857018,153.19172238323335,153.16177638726845,152.9188810393709,151.88307362909254,151.80188003806722,151.66723853737554,151.43236517955162,,,,,,,,,,,,155.467365659644,154.57597287180863,153.96418862513013,153.76783170192715,153.52762384442025,152.97714603769202,152.3785754176775,151.80754602304387,151.69113969678304,151.4727651007438,151.40351769478013,150.776436698658,,,,154.57597287180863,153.52762384442025,152.3785754176775,153.1724511043976,"rgba(0, 255, 0, 1.0)",2.555819903353498,154.22130457195104,2.54857371581712,71.95722448197685,17.026884213013403,True,False,True,False,True,17.555775050069318,0.0,0.0,0.0,0.0,0,0.9860890787065287,0.930201342281879,False,False,False,False,0.3428282475415414,0.3384172440681486,False,False,False,False,519314.0,351655.20904959633,False,False,False,False,13391.089119948012,False,False,False,False
2025-07-21 16:00:00+00:00,160.695,160.845,160.48,160.54,7845.0,,,,,,,,,,,157.36066701957472,155.21443815454873,155.1859025846108,154.20029149997288,153.98069549260845,153.76287487001397,153.2143497488865,153.18251797256954,152.93655519235904,151.89941733100287,151.81697082789793,151.68159783699977,151.44645167633502,,,,,,,,,,,,155.52122736641408,154.6208520667207,153.9934083960263,153.7948041639307,153.55244421937013,152.99499029997196,152.39560314484444,151.82290030752176,151.70555410940457,151.48689474103833,151.41756232535977,150.79036048275324,,,,154.6208520667207,153.55244421937013,152.39560314484444,153.19917327322946,"rgba(0, 255, 0, 1.0)",2.589437183622607,154.25597377609535,2.4267923020682556,72.69898853541443,17.876397038462613,True,False,True,False,True,16.80996860380586,0.0,0.0,0.0,0.0,0,0.9901030590544745,0.9346883690495663,False,False,False,False,0.3428282476989341,0.34062274588354136,False,False,False,False,511469.0,354132.9422426258,False,False,False,False,13305.10324211936,False,False,False,False
2025-07-21 17:00:00+00:00,160.58,160.93,160.34,160.51,5425.0,,,,,,,,,,,157.40105273621757,155.24734277266774,155.2180904846915,154.22863299439607,154.00508570287644,153.78098285417087,153.22985711788021,153.1967395597914,152.94868503322243,151.9106470741083,151.82734280820648,151.6914693370493,151.456137581753,,,,,,,,,,,,155.5576170585406,154.65135466208758,154.01337925390717,153.81325552551655,153.56943836499772,153.0072357165067,152.40729671305328,151.8334528125907,151.715463237534,151.49660998995736,151.42721969000596,150.79993840877,,,,154.65135466208758,153.56943836499772,152.40729671305328,153.21737309961995,"rgba(0, 255, 0, 1.0)",2.6472027987400333,154.2795215517595,2.35360828841899,73.00054066459874,18.40965682869401,True,False,True,False,True,16.693977684264716,0.0,0.0,0.0,0.0,0,0.9962178828365883,0.9314696813977389,False,False,False,False,0.34098234426944246,0.3408025450764919,False,False,False,False,506044.0,356488.15244041453,False,False,False,False,13182.931098830686,False,False,False,False
2025-07-21 18:00:00+00:00,160.525,160.76,160.415,160.425,11038.0,,,,,,,,,,,157.47869834254473,155.31232710072888,155.2816948824553,154.28499293522788,154.0537130980788,153.81720962182118,153.2609534225282,153.22527435545535,152.97305402310263,151.93324911897398,151.84822677186506,151.71135214138957,151.47565286265348,,,,,,,,,,,,155.62920543254546,154.7118478488402,154.05327506356673,153.85016065928468,153.60347033789012,153.03183335563932,152.43081275481984,151.85469878343417,151.73542102815142,151.51618334661794,151.44667825249957,150.81924947146632,,,,154.7118478488402,153.60347033789012,152.43081275481984,153.25356940046322,"rgba(0, 255, 0, 1.0)",2.6989475893557953,154.32617732587033,2.259704003954145,72.60613417714262,18.40965682869401,True,False,True,False,True,16.360272361866308,0.0,0.0,0.0,0.0,0,0.9987648729877726,0.9250689612581827,False,False,False,False,0.33779922025593745,0.33930088266621466,False,False,False,False,495006.0,358635.71596847015,False,False,False,False,13149.676353112382,False,False,False,False
2025-07-21 19:00:00+00:00,160.425,160.555,159.92,160.285,18110.0,,,,,,,,,,,157.5871351479276,155.41001776806857,155.37742479111844,154.37126382786258,154.1285648763594,153.87336882444816,153.30946092959454,153.269838051022,153.01123041088277,151.96887759047792,151.88117712867924,151.74275152478717,151.50650616899352,,,,,,,,,,,,155.73584346851288,154.8038017695093,154.11490166704178,153.90734013189845,153.65636445955747,153.0703507105325,152.46777880587476,151.88821564985852,151.7669347900622,151.54712272277297,151.47744607655318,150.84985911188917,,,,154.8038017695093,153.65636445955747,152.46777880587476,153.3089430561714,"rgba(0, 255, 0, 1.0)",2.743292209033422,154.39685430357653,2.1463793310221617,71.31298448509642,18.40965682869401,True,False,True,False,True,15.80486139007543,0.0,0.0,0.0,0.0,0,0.9921868574718319,0.9290648902047863,False,False,False,False,0.31454213152272215,0.32692150709446843,False,False,False,False,476896.0,360469.20874415274,False,False,False,False,13226.580595699786,False,False,False,False
2025-07-22 14:00:00+00:00,160.52,161.02,159.89,161.02,11989.0,,,,,,,,,,,157.6642119287026,155.4776309793475,155.44370515813944,154.43071357210474,154.18022352958036,153.9122505910223,153.3429877115973,153.30066031248282,153.03763324201645,151.9933990765128,151.90385836640883,151.76435829502844,151.52771772154387,,,,,,,,,,,,155.80963831855405,154.8672532510396,154.1575790189892,153.94692700870672,153.6929632851463,153.0969965699912,152.49327536370606,151.9112850002376,151.7886221155168,151.56839675779165,151.4985966191026,150.87084986158294,,,,154.8672532510396,153.6929632851463,152.49327536370606,153.3472693461941,"rgba(0, 255, 0, 1.0)",2.8016469866557285,154.44586497656272,2.346525117100749,72.56352466976938,18.679710990504617,True,False,True,False,True,17.671918927176062,0.0,0.0,0.0,0.0,0,0.9919639196391967,0.9277572775727755,False,False,False,False,0.328954506117421,0.32793800660594474,False,False,False,False,488885.0,362460.1512442434,False,False,False,False,13207.393299642425,False,False,False,False
2025-07-22 15:00:00+00:00,161.02,161.25,159.96,160.225,6578.0,,,,,,,,,,,157.7026204427218,155.51282985888184,155.47823550990591,154.46200185956837,154.2075057593963,153.93287637557555,153.36084010679838,153.3170847592982,153.05172961684227,152.00653894038223,151.91601904564973,151.77594928717994,151.53910416326605,,,,,,,,,,,,155.84784194876104,154.90050692693228,154.18016887732,153.96791974678578,153.71240866396775,153.11121891130188,152.50691525249132,151.923652675919,151.80025543503615,151.5798154915504,151.50995122366294,150.8821348546407,,,,154.90050692693228,153.71240866396775,152.50691525249132,153.36744502935343,"rgba(0, 255, 0, 1.0)",2.8352770889580463,154.47151094679685,2.029251065305058,68.44739612535032,22.469217567891988,True,False,True,False,False,14.554377777498146,0.0,0.0,0.0,0.0,0,1.0018057949601908,0.9217762455881146,False,False,False,False,0.33897117979719915,0.33345459320157195,False,False,False,False,482307.0,364318.2419226272,False,False,False,False,13104.6120081751,False,False,False,False
2025-07-22 16:00:00+00:00,160.225,160.67,159.8,160.32,8190.0,,,,,,,,,,,157.74540800601721,155.55410019984598,155.51875104847053,154.49913199133292,154.23999182781245,153.95753869856142,153.3822752669818,153.33681861168512,153.06870002687472,152.02242833403065,151.9307327117383,151.78998225514633,151.55290053501932,,,,,,,,,,,,155.8923743275316,154.9397880753005,154.20711746298085,153.99301214694376,153.73569969292353,153.12833560773538,152.52337644637228,151.93861559821423,151.8143383772113,151.59364913713972,151.52371035894876,150.89583437418773,,,,154.9397880753005,153.73569969292353,152.52337644637228,153.39138444476026,"rgba(0, 255, 0, 1.0)",2.8669629958928704,154.50174163517073,2.0294152289947003,66.04685451360254,20.236182228114544,False,False,True,False,False,14.801312103627009,0.0,0.0,0.0,0.0,0,0.999166249791563,0.9448057362014343,False,False,False,False,0.31437721567772575,0.32391590443964885,False,False,False,False,490497.0,366274.5017377803,False,False,False,False,13028.416473164632,False,False,False,False
2025-07-22 17:00:00+00:00,160.4,160.795,160.39,160.56,8350.0,,,,,,,,,,,157.79291624038612,155.5982398690185,155.56208228956547,154.5385651235809,154.2744872458834,153.98374517535206,153.40499725148607,153.35774225564327,153.0866818537773,152.03918865370423,151.9462515755657,151.80477738813445,151.5674339997233,,,,,,,,,,,,155.94010130122246,154.98160822370744,154.2357791246231,154.01967803093655,153.76042558915816,153.1464773961193,152.54077475050175,151.95439690459344,151.82918742895657,151.60822393745153,151.538203169576,150.91023364216696,,,,154.98160822370744,153.76042558915816,152.54077475050175,153.41688793683335,"rgba(0, 255, 0, 1.0)",2.8998669975712277,154.5340590397217,2.078005979351913,65.3323659403575,19.532773417674534,False,False,True,False,False,15.428670144188942,0.0,0.0,0.0,0.0,0,0.9985781792330535,0.9460126291138714,False,False,False,False,0.3381339744812282,0.33102493946043854,False,False,False,False,498847.0,368329.8893077372,False,False,False,False,12955.882884433398,False,False,False,False
2025-07-22 18:00:00+00:00,160.575,161.08,160.505,160.9,6464.0,,,,,,,,,,,157.8317725030134,155.63354630441893,155.59674391810984,154.56997397470937,154.3019689483072,154.00464362488304,153.42309000556546,153.37440735808303,153.10099934442835,152.05249169160595,151.9585691125126,151.8165175466544,151.57895971670914,,,,,,,,,,,,155.9783146303176,155.0149665636021,154.25864624322298,154.04094359513803,153.7801321304743,153.16092491114003,152.5546034145487,151.96692236282502,151.84097104472553,151.61978359086726,151.5496958538309,150.92163475623337,,,,155.0149665636021,153.7801321304743,152.5546034145487,153.43724892583705,"rgba(0, 255, 0, 1.0)",2.9361534605914703,154.55991210862643,2.1593176162176477,66.04151511326035,19.532773417674534,False,False,True,False,False,16.312794737430803,0.0,0.0,0.0,0.0,0,1.0038084874863986,0.9378086548924416,False,False,False,False,0.34282824777718995,0.3369265936188143,False,False,False,False,505311.0,370453.6274580048,False,False,False,False,12855.23353738792,False,False,False,False
2025-07-22 19:00:00+00:00,160.9,161.44,160.88,161.435,16331.0,,,,,,,,,,,157.9389105071428,155.7277574716432,155.68923995778692,154.65322133360593,154.37482204846623,154.0601190370168,153.4710008418068,153.41855411656235,153.13890581913884,152.08753514996755,151.99101518084973,151.8474298405755,151.60927843462628,,,,,,,,,,,,156.0804479387921,155.10358876761464,154.31939601849476,154.09739727833377,153.83239487924783,153.19918694636138,152.5911133182099,151.99991467274907,151.8720006382135,151.65019649600055,151.57992430020872,150.95154861609328,,,,155.10358876761464,153.83239487924783,152.5911133182099,153.49139598438032,"rgba(0, 255, 0, 1.0)",2.980443021364892,154.6288897237705,2.283590133225446,68.12512394939107,19.532773417674534,True,False,True,False,True,17.67876272456724,0.0,0.0,0.0,0.0,0,1.0063136627662264,0.9401043858910682,False,False,False,False,0.3428282479888637,0.339877420803839,False,False,False,False,521642.0,372797.63323384966,False,False,False,False,12909.12138952144,False,False,False,False
2025-07-23 14:00:00+00:00,160.35,160.65,159.72,160.52,9799.0,,,,,,,,,,,157.98241267363593,155.77327145621328,155.73401977334447,154.69509709147118,154.41183766173978,154.0886334154071,153.49597397719285,153.44160587013153,153.15882429765014,152.10625630845746,152.00837860594493,151.86400722489316,151.62558659514858,,,,,,,,,,,,156.1288824410728,155.1474917786595,154.35039117859313,154.12638322962243,153.85941280816,153.21926965396122,152.6104738958016,152.0175667118208,151.88863544090157,151.66654705102061,151.59618981816925,150.96775815288817,,,,155.1474917786595,153.85941280816,152.6104738958016,153.51859628447608,"rgba(0, 255, 255, 0.75)",2.9994518463174944,154.66279012915717,1.9527600944932277,64.1588031908938,18.479557939674734,False,True,True,False,False,14.061113536529398,0.0,0.0,0.0,0.0,0,0.9953061481077909,0.9388122878337034,False,False,False,False,0.28136165428551846,0.31061953754467875,False,False,False,False,511843.0,374953.3753542551,False,False,False,False,12860.90245324979,False,False,False,False
2025-07-23 15:00:00+00:00,160.48,161.175,160.205,161.045,8438.0,,,,,,,,,,,158.0266087675075,155.8160952739016,155.77613502264924,154.73391044287968,154.44608260765196,154.11498585339376,153.518939546994,153.46280487619123,153.17711080894819,152.12331179721917,152.02419177025936,151.8790931099026,151.64040647390593,,,,,,,,,,,,156.17471872291352,155.18840447017809,154.37909950974537,154.1531787969734,153.88433276609817,153.23771586490142,152.62817229940225,152.0336426508768,151.90377576144405,151.68140900338895,151.61096847164995,150.98243442879135,,,,155.18840447017809,153.88433276609817,152.62817229940225,153.54390116391068,"rgba(0, 255, 0, 1.0)",3.0253798480892002,154.6945705652314,2.0990519384795445,63.34515767760194,17.717819089018406,False,True,True,False,False,15.422681452131464,0.0,0.0,0.0,0.0,1,0.9966931770615322,0.9340309753034741,False,False,False,False,0.31291273054115615,0.3117661340429174,False,False,False,False,520281.0,377206.516821631,False,False,False,False,12792.330322191654,False,False,False,False
2025-07-23 16:00:00+00:00,161.045,161.17,160.46,160.59,7777.0,,,,,,,,,,,158.0651649044016,155.85439288518177,155.81381799114507,154.76885184994012,154.4769862959067,154.13884546657465,153.53978147801638,153.482054717936,153.19373734551183,152.1388489129595,152.03860296242678,151.8928461694846,151.6539216310702,,,,,,,,,,,,156.21556490113127,155.22513981631795,154.40505499921483,154.17743405990012,153.90691771896323,153.25448509912718,152.6442810414958,152.0482923022987,151.91757786674864,151.69496176458432,151.6244466062208,150.99582850854367,,,,155.22513981631795,153.90691771896323,152.6442810414958,153.56671349180405,"rgba(0, 255, 255, 0.75)",3.037823141896251,154.72311181479967,1.9312803646423424,60.560548934914564,15.069985028229866,False,True,True,False,False,13.670615161722036,0.0,0.0,0.0,0.0,1,1.0002510355215264,0.9312581063553829,False,False,False,False,0.3208142054108612,0.3162901697268893,False,False,False,False,512504.0,379304.1522197452,False,False,False,False,12714.573262932869,False,False,False,False
2025-07-23 17:00:00+00:00,160.58,160.845,160.35,160.43,2898.0,,,,,,,,,,,158.07820895544992,155.8679389060245,155.82715468474052,154.78133953726072,154.488062465076,154.14742674115502,153.5473041373374,153.48900659970585,153.19975198595122,152.1444911267358,152.04383880349178,151.8978455156118,151.658837911859,,,,,,,,,,,,156.22994034808096,155.23821690474367,154.41437177590444,154.18615507240906,153.91505252915616,153.26054972495382,152.65012075149872,152.05361442800688,151.92259465071407,151.69989115142292,151.62934983300525,151.0007088438362,,,,155.23821690474367,153.91505252915616,152.65012075149872,153.57487093536528,"rgba(0, 255, 255, 0.75)",3.0643161399249177,154.7332597099085,1.8590576265512475,57.94647001323139,12.624472351397635,False,True,True,False,False,13.058368679913514,0.0,0.0,0.0,0.0,1,0.9963959433408767,0.9370966390076272,False,False,False,False,0.3070899576045888,0.31169006366573904,False,False,False,False,509606.0,381324.3359062608,False,False,False,False,12562.378328623832,False,False,False,False
2025-07-23 18:00:00+00:00,160.43,160.975,160.325,160.71,3040.0,,,,,,,,,,,158.0924504664901,155.88245265817145,155.84144287360928,154.7946717344552,154.49988335681607,154.15658397795596,153.55532252093732,153.49641685016738,153.206160866436,152.1504919980037,152.04940711291505,151.90316138787475,151.6640636683256,,,,,,,,,,,,156.24536365177212,155.2521960795103,154.4243187746142,154.1954619682577,153.9237293751896,153.2670126129932,152.6563367975658,152.05927447204007,151.92792924873456,151.7051311419725,151.63456150329654,151.0058917408831,,,,155.2521960795103,153.9237293751896,152.6563367975658,153.58358867355952,"rgba(0, 255, 255, 0.75)",3.0859187572869584,154.7441240276093,1.9332576265344437,57.38977673556591,12.044210704676665,False,True,True,False,False,13.812799004374117,0.0,0.0,0.0,0.0,1,0.9950902224087285,0.9380193033990769,False,False,False,False,0.31039227324111374,0.3110411684534264,False,False,False,False,512646.0,383360.3306984118,False,False,False,False,12414.74455608703,False,False,False,False
2025-07-23 19:00:00+00:00,160.76,161.66,160.58,161.63,11686.0,,,,,,,,,,,158.1585940554392,155.9445578564907,155.90254447339336,154.85071394168943,154.54943003543747,154.19487507632712,153.5886499330472,153.52721030936328,153.23273304751226,152.17515441369451,152.0722800323087,151.9249771006595,151.68547464954622,,,,,,,,,,,,156.31183737182496,155.31134339299663,154.46602976991963,154.23439326761113,153.95992371901244,153.29382375425905,152.68198410358124,152.082524717651,151.94982549838792,151.7266063372808,151.65591063603185,151.02703845744625,,,,155.31134339299663,153.95992371901244,152.68198410358124,153.6203374380365,"rgba(0, 255, 0, 1.0)",3.1205034648070415,154.7903486602165,2.1918422513933775,60.19049422798107,12.044210704676665,False,True,True,False,True,16.21339245374176,0.0,0.0,0.0,0.0,1,0.9928183716075157,0.9342797494780793,False,False,False,False,0.3402598090712294,0.3256504887623279,False,False,False,False,524332.0,385545.93797440536,False,False,False,False,12403.446190876377,False,False,False,False
2025-07-24 14:00:00+00:00,160.82,160.88,159.44,160.32,26969.0,,,,,,,,,,,158.25221504477108,156.05478000174884,156.01129467662705,154.95540929241974,154.64322933112265,154.26851910196825,153.65387675299525,153.5876263819255,153.28528866957043,152.22490214227832,152.11852106293924,151.96919461326362,151.7290267295793,,,,,,,,,,,160.21333333333334,156.42698105003586,155.4197157122734,154.54549611663487,154.30916415453504,154.0300388786778,153.34677997115136,152.73326448037508,152.12951490956488,151.99418875288782,151.77026297819606,151.699355626429,151.0704254562436,,,,155.4197157122734,154.0300388786778,152.73326448037508,154.05487919061216,"rgba(0, 255, 255, 0.75)",3.1280940761985403,155.21784589265224,1.6310743804573236,56.38852943040259,11.36307953535728,False,True,True,False,False,11.29416554224563,0.0,0.0,0.0,0.0,1,0.9763335528482054,0.9363269674020416,False,False,False,False,0.27981427971398026,0.3027323842381541,False,False,False,False,497363.0,387279.5358352673,False,False,False,False,12629.268730552712,False,False,False,False
2025-07-24 15:00:00+00:00,160.215,161.395,160.13,161.395,10201.0,,,,,,,,,,,158.29831715664534,156.10235292444426,156.05819619143804,154.99952362473962,154.68263516298114,154.2994086443027,153.68103510440645,153.61278381174526,153.30712025122952,152.24533401597733,152.13750438043428,151.98732764797347,151.74684982043246,,,,,,,,,,,160.42190906645146,156.47717237853945,155.46577139728436,154.5789384420531,154.34053908428788,154.0593613499848,153.3687936422062,152.7544320058953,152.1488053821545,152.01238537661357,151.78813511671706,151.71713053952865,151.08808521256768,,,,155.46577139728436,154.0593613499848,152.7544320058953,154.09167050073864,"rgba(0, 255, 255, 0.75)",3.1499673071374654,155.2632609311038,1.946604034588678,57.143049941013935,11.36307953535728,False,True,True,False,False,14.046783680368382,0.0,0.0,0.0,0.0,1,0.9843140475506098,0.934258612901901,False,False,False,False,0.31749091786391764,0.3101116510510359,False,False,False,False,507564.0,389144.411248674,False,False,False,False,12591.621153334841,False,False,False,False
2025-07-24 16:00:00+00:00,161.4,162.0,161.4,161.89,6150.0,,,,,,,,,,,158.3333517878858,156.13517162521006,156.09052259490102,155.0292842229273,154.70910987443855,154.3200824177145,153.69907447550452,153.62948712104438,153.3215724762957,152.2587167542681,152.14992954945984,151.9991824734462,151.75847907331763,,,,,,,,,,,160.61234672206834,156.51212319874367,155.49710037161185,154.60140280312862,154.36154809471532,154.07892625384704,153.3833763548016,152.76836265559479,152.16143216320583,152.0242842207117,151.79980024489848,151.7287256317036,151.0995499905468,,,,155.49710037161185,154.07892625384704,152.76836265559479,154.1185357264578,"rgba(0, 255, 0, 1.0)",3.1881994551415,155.29673523450202,2.068021420324011,58.89681719511745,11.36307953535728,False,True,True,False,True,15.259628770845936,0.0,0.0,0.0,0.0,1,1.0010722091632647,0.9238319105942512,False,False,False,False,0.3428282482764995,0.3264699496637677,False,False,False,False,513714.0,391075.7227021829,False,False,False,False,12491.7510579343,False,False,False,False
2025-07-24 17:00:00+00:00,161.84,162.2,161.66,161.765,5327.0,,,,,,,,,,161.875,158.36409989167362,156.16385041682452,156.1187737841581,155.05527532520537,154.7322426970913,154.33816452822208,153.71485030588298,153.6440978086333,153.33421588345294,152.2704140519965,152.16079078417053,152.00954482752041,151.76864246758208,,,,,,,,,,,160.7506112401587,156.54266131865572,155.5244651298403,154.62104934208924,154.37992286260967,154.09603791844012,153.39613447701254,152.78054368141358,152.17246932195482,152.03468520663571,151.8099952992203,151.7388589688041,151.10956443490232,,,,155.5244651298403,154.09603791844012,152.78054368141358,154.54634154281777,"rgba(0, 255, 255, 0.75)",3.175842247653484,155.74150799734633,1.8966596993613887,59.5431950516298,11.36307953535728,False,True,True,False,True,14.799202679100116,0.0,0.0,0.0,0.0,1,1.0039170411907805,0.9165051746175731,False,False,False,False,0.3428282483913385,0.33464909902755313,False,False,False,False,508387.0,392894.5021951723,False,False,False,False,12380.669646183382,False,False,False,False
2025-07-24 18:00:00+00:00,161.765,162.185,161.765,161.905,10165.0,,,,,,,,,,161.92530445821498,158.42256566406354,156.21851176058686,156.17263207727413,155.10487940012464,154.77644232912004,154.37277835225544,153.74506674264646,153.6720931413681,153.3584542961177,152.29283364073612,152.18161209743582,152.02941128617425,151.78812643013066,,,,,,,,,,,160.95820031059424,156.6008037232825,155.57665897995938,154.65863908447693,154.41509355787724,154.12880266303307,153.42059267269272,152.80389255532523,152.19362689173028,152.0546257400841,151.82954014852473,151.758285213329,151.12875819724755,,,,155.57665897995938,154.12880266303307,152.80389255532523,154.58804752015317,"rgba(0, 255, 255, 0.75)",3.1664989590486807,155.79315290249133,1.9301591999717158,60.37483210857509,11.36307953535728,False,True,True,False,True,15.148130861580729,0.0,0.0,0.0,0.0,1,1.0044163777447581,0.917120686808651,False,False,False,False,0.34282824841330634,0.33873867372042976,False,False,False,False,518552.0,394842.68045571225,False,False,False,False,12346.318178800693,False,False,False,False
2025-07-24 19:00:00+00:00,161.86,162.13,161.32,161.35,23059.0,,,,,,,,,,161.73072596473935,158.53584369714378,156.33138605092563,156.28398154639882,155.2091559758989,154.8699118349603,154.44655407829254,153.80989439541847,153.73223765309243,153.4107065326775,152.34147113143095,152.22682955855947,152.07259788065826,151.8305302119051,,,,,,,,,,,161.1389634506317,156.71980345379563,155.6856122565312,154.7384539650674,154.4900117027979,154.19882867281402,153.4732944180437,152.8544012398065,152.23956695605088,152.09796753246488,151.8720682888606,151.80056936539944,151.17064115195524,,,,155.6856122565312,154.19882867281402,152.8544012398065,154.65363193795864,"rgba(0, 255, 255, 0.75)",3.133126605217704,155.8732352646745,1.7480189680828275,58.439212461009994,11.36307953535728,False,True,True,False,True,13.082920094678624,0.0,0.0,0.0,0.0,1,0.996948579440023,0.9226836006762608,False,False,False,False,0.3278958553149799,0.3333172645177048,False,False,False,False,495493.0,396403.1505261663,False,False,False,False,12512.406269051846,False,False,False,False
2025-07-25 14:00:00+00:00,161.19,161.19,160.21,160.93,7105.0,,,,,,,,,,161.58225497926523,158.56019126827923,156.3599302415607,156.31220380163052,155.23656169164602,154.89473759062008,154.46640192108435,153.82756575764867,153.74866596249637,153.42506809247325,152.35503156941323,152.23945856200206,152.08468305214504,151.84242711306,,,,,,,,,,,161.11003296769167,156.74934179256965,155.71382987672385,154.75977141765878,154.51014505322274,154.2177705726751,153.4877650954033,152.8683932727608,152.25239470075257,152.11009262247046,151.88399490559064,151.81243643436233,151.18246534642657,,,,155.71382987672385,154.2177705726751,152.8683932727608,154.66394855523376,"rgba(0, 255, 255, 0.75)",3.104349226023996,155.8851657585579,1.6250859275595955,55.45753494080294,10.037509845668595,False,True,True,False,False,11.551783601391001,0.0,0.0,0.0,0.0,1,0.9856914435652496,0.9304251568201387,False,False,False,False,0.2680475315550433,0.3006823980363741,False,False,False,False,488388.0,397829.27222343505,False,False,False,False,12428.570512942515,False,False,False,False
2025-07-25 15:00:00+00:00,160.83,161.095,160.4,160.64,7022.0,,,,,,,,,,161.46620518369465,158.58304948791775,156.387373170233,156.33934907235655,155.2630687535205,154.91880025908625,154.48569518684434,153.84478028168257,153.76467777234538,153.4390819525984,152.36828771529449,152.25180867856807,152.09650504452424,151.85406866938956,,,,,,,,,,,161.08089352555956,156.77765105305474,155.74105807809258,154.78046645552828,154.52971181686988,154.2361998450492,153.50188345933105,152.88206011282603,152.2649383881001,152.12195319785488,151.8956649185217,151.82404926274765,151.1940438666859,,,,155.74105807809258,154.2361998450492,152.88206011282603,154.67500928315374,"rgba(0, 255, 255, 0.75)",3.063096403408685,155.89798178337008,1.5481126259535525,52.35842119550819,7.0901606544162235,False,True,False,False,False,10.504572647322462,0.0,0.0,0.0,0.0,1,0.9960779456692264,0.9308892742135249,False,False,False,False,0.2707769546618771,0.2857296763491256,False,False,False,False,481366.0,399124.41528973833,False,False,False,False,12344.747714292243,False,False,False,False
2025-07-25 16:00:00+00:00,160.56,161.11,160.45,161.11,4829.0,,,,,,,,,,161.4178198596113,158.59978269130826,156.4068156141505,156.35857669257751,155.2817408719649,154.93573873325604,154.49927211747746,153.8568749096436,153.77592793044357,153.44892353836096,152.37757386269473,152.26045952280165,152.10478409482678,151.8622176281555,,,,,,,,,,,161.07175088683258,156.797757539308,155.76027691872852,154.79504043506168,154.54348240870564,154.24916035908936,153.51179998082148,152.89164457698934,152.27372473160779,152.1302596475581,151.90383442755686,151.83217767540083,151.20213894099155,,,,155.76027691872852,154.24916035908936,152.89164457698934,154.6846095991813,"rgba(0, 255, 255, 0.75)",3.0147498857902773,155.90930964698117,1.7250818641810977,52.255411414528545,6.90531158776534,False,True,False,False,False,11.769765504031486,0.0,0.0,0.0,0.0,1,0.9955271298386423,0.9472034110860296,False,False,False,False,0.27264672433308185,0.2791882003411037,False,False,False,False,486195.0,400474.34683563386,False,False,False,False,12228.224493915619,False,False,False,False
2025-07-25 17:00:00+00:00,161.12,161.45,160.95,161.28,6126.0,,,,,,,,,,161.39941738825246,158.62373368766038,156.43307386702853,156.38453095889994,155.30666177855267,154.95829603461362,154.5173159955383,153.87288995591211,153.79082168630836,153.46193426567896,152.38978981408044,152.27183613179852,152.11566599827205,151.8729188813803,,,,,,,,,,,161.08062407474935,156.82505846617437,155.7860388251944,154.81444475526274,154.561788171708,154.26635925951422,153.5249139746846,152.90428072407482,152.28527975017292,152.14117859134484,151.91456429663913,151.84285080179842,151.21274500330358,,,,155.7860388251944,154.26635925951422,152.90428072407482,154.70013669333986,"rgba(0, 255, 255, 0.75)",2.986760716323818,155.92793891955904,1.7919283092180267,52.867847171338674,6.90531158776534,False,True,True,False,False,12.224276631294263,0.0,0.0,0.0,0.0,1,0.995772289660946,0.9468815403934701,False,False,False,False,0.29698322233075614,0.2880857113359299,False,False,False,False,492321.0,401898.32595446124,False,False,False,False,12133.616362227003,False,False,False,False
2025-07-25 18:00:00+00:00,161.32,161.575,161.18,161.38,9596.0,,,,,,,,,,161.39665451301173,158.6625215291229,156.47491891361227,156.42589117687166,155.34627101456365,154.99415441977504,154.54602141625455,153.8983516188266,153.8145059426069,153.48262387951118,152.40918495776768,152.28989981655718,152.13294262328048,151.8899036642785,,,,,,,,,,,161.10513580840106,156.8686040721952,155.82702018636107,154.8453195766766,154.5909102635737,154.29371385017535,153.5457696248425,152.92435695553928,152.30362614548957,152.1585144908261,151.93159535629266,151.8597903651866,151.22956464940884,,,,155.82702018636107,154.29371385017535,152.92435695553928,154.72633647265653,"rgba(0, 255, 255, 0.75)",2.9592154380861784,155.95947909268503,1.8317425752619736,53.695829093618784,6.90531158776534,False,True,True,False,False,12.493967760760164,0.0,0.0,0.0,0.0,1,1.0084924792969412,0.9416511745817139,False,False,False,False,0.30737037728099637,0.2977280443084631,False,False,False,False,501917.0,403449.0030714463,False,False,False,False,12094.27347289015,False,False,False,False
2025-07-25 19:00:00+00:00,161.43,161.77,161.23,161.61,19274.0,,,,,,,,,,161.42582755874585,158.74157391181498,156.55950871619504,156.5095197449446,155.42633452508926,155.06673732206158,154.604277322281,153.95004565190328,153.86261938904627,153.52468166953864,152.4485724302672,152.32659420461422,152.16804046143776,151.92440185229293,,,,,,,,,,,161.1663723129858,156.95658237048855,155.9098413621235,154.90794556834118,154.65000497486312,154.34923968749777,153.58816629601105,152.96514478471636,152.34089198708776,152.19373316754817,151.96618871893392,151.89419599240745,151.26370450182637,,,,155.9098413621235,154.34923968749777,152.96514478471636,154.78131383963319,"rgba(0, 255, 255, 0.75)",2.91883240879451,156.02570299167374,1.9131954926568095,55.23399939311507,6.90531158776534,False,True,True,False,True,13.117906134806837,0.0,0.0,0.0,0.0,1,1.0122821086396825,0.9274891318110834,False,False,False,False,0.31457654743880376,0.30615229587363346,False,False,False,False,521191.0,405274.4603881681,False,False,False,False,12205.587062457746,False,False,False,False
2025-07-28 14:00:00+00:00,160.25,160.84,159.925,160.575,8915.0,,,,,,,,,,161.3397558618786,158.76299361862127,156.58932510903446,156.53909471636544,155.45618889021554,155.09420316882023,154.6267105569564,153.97031886129795,153.8815393517587,153.54136047524136,152.46450468242443,152.3414714564312,152.18230767485989,151.93847532957926,,,,,,,,,,,161.12204272547643,156.9867439979552,155.94007772936794,154.93181950469352,154.67272719624708,154.3707842813577,153.6049562846603,152.9814978841192,152.35599627285518,152.20804383442993,151.9802926160399,151.90823775899526,151.2777517902121,,,,155.94007772936794,154.3707842813577,152.9814978841192,154.7953292832275,"rgba(0, 255, 255, 0.75)",2.857259286559259,156.0415576171172,1.5866401779524884,51.37704755443524,5.61425936950414,False,True,False,False,False,9.255954707272686,0.0,0.0,0.0,0.0,1,1.0172530446549388,0.9256173883626521,False,False,False,False,0.24990117713588816,0.27802673650476084,False,False,False,False,512276.0,406933.39898680116,False,False,False,False,12154.570208776231,False,False,False,False
2025-07-28 15:00:00+00:00,160.47,160.48,159.98,160.075,6185.0,,,,,,,,,,161.27299751555873,158.77522219614613,156.60832323290242,156.55796220777856,155.47559082079903,155.11214703134905,154.641460295621,153.98373003628805,153.8940678845305,153.55243684128166,152.4751505048189,152.3514202787624,152.19185659961772,151.94790479769358,,,,,,,,,,,161.08336841744912,157.00576564453314,155.9595842408701,154.94746203215988,154.68765915775091,154.38498595832704,153.61610156911573,152.99239501000372,152.36609576334595,152.21762066561905,151.98974075824933,151.91764721753074,151.2871877434867,,,,155.9595842408701,154.38498595832704,152.99239501000372,154.8036419784229,"rgba(38, 166, 154, 1.0)",2.7979556050027012,156.0507000219972,1.438300154158063,47.057476802086995,1.6369625987090188,False,True,False,True,False,7.474134082085552,0.0,0.0,0.0,0.0,0,1.0153760731217696,0.9278178789561353,False,False,False,False,0.24124288618337833,0.25963481134406957,False,False,False,False,506091.0,408470.7261342926,False,False,False,False,12062.018732671173,False,False,False,False
2025-07-28 16:00:00+00:00,159.92,159.92,158.935,159.12,8074.0,,,,,,,,,,161.13703157642976,158.7813538915472,156.62696695271137,156.57656329842536,155.4961272839121,155.1314679725056,154.65764795203387,153.99875054537725,153.90813734987012,153.5649855740262,152.4874689977481,152.36295787059578,152.20295943182305,151.95890887409337,,,,,,,,,,,160.99407700564586,157.02367042346262,155.97968343870252,154.9644338368723,154.70401959439187,154.40070549723328,153.6287094989641,153.00488736319664,152.37780480851515,152.2287514455373,152.00075990492527,151.92863276263515,151.298296198907,,,,155.97968343870252,154.40070549723328,153.00488736319664,154.80795321554186,"rgba(38, 166, 154, 1.0)",2.710461800352406,156.0541468611528,1.1311183719499769,41.55052092613954,-3.283421773314572,False,True,False,True,False,4.209403033374137,0.0,0.0,0.0,0.0,0,1.0054731260956935,0.930431436268012,False,False,False,False,0.19622840248371948,0.22793160691389452,False,False,False,False,498017.0,409859.04045779194,False,False,False,False,12000.188984877821,False,False,False,False
2025-07-28 17:00:00+00:00,159.17,159.41,158.63,158.7,5106.0,,,,,,,,,,161.04302659866593,158.78227824765375,156.63684683438103,156.58645540947307,155.50761760150354,155.14240482462426,154.66692955793465,154.0074751785454,153.91632398522887,153.57232811273278,152.49476872329421,152.36980429000732,152.20955822206835,151.96546295776744,,,,,,,,,,,160.9293354884839,157.03285133016917,155.99072176341423,154.9740921823904,154.71339006412882,154.40976824991156,153.63607990617953,153.01224919224148,152.38475171614817,152.23536526756035,152.00732063144724,151.9351774862762,151.30494587520974,,,,155.99072176341423,154.40976824991156,153.01224919224148,154.80908825343823,"rgba(38, 166, 154, 1.0)",2.6093523444824505,156.05424160946137,1.013952138787676,36.94123416987281,-7.2630163834651995,False,True,False,True,False,2.826858940214965,0.0,0.0,0.0,0.0,0,1.0008957897879958,0.9331570191528384,False,False,False,False,0.1736784695804678,0.20080503824718116,False,False,False,False,492911.0,411146.6677375161,False,False,False,False,11893.302333949481,False,False,False,False
2025-07-28 18:00:00+00:00,158.71,158.75,158.35,158.57,8724.0,,,,,,,,,,160.87553755138075,158.7796103871459,156.65091723821396,156.6006032703593,155.52503455575476,155.15919198932784,154.68137042812012,154.02123187941126,153.92925573445723,153.58399221934553,152.50651164940618,152.3808330767232,152.22020453663484,151.9760591937166,,,,,,,,,,,160.80956738048263,157.0453965471575,156.00711233128536,154.98900108378496,154.72795262798326,154.4239490647593,153.64777747152067,153.02402741218185,152.39594036313574,152.24603334228343,152.01792393693663,151.94576122990037,151.31574918734105,,,,156.00711233128536,154.4239490647593,153.02402741218185,154.80900141086036,"rgba(38, 166, 154, 1.0)",2.5017301976792696,156.05173344970495,1.0066099664268788,33.58107418676401,-10.11598737261528,False,True,False,True,False,2.400169252001941,0.0,0.0,0.0,0.0,0,0.9977325233165049,0.9414734320184818,False,False,False,False,0.14788394034985164,0.1743444892985164,False,False,False,False,484187.0,412279.07598964765,False,False,False,False,11844.165863655691,False,False,False,False
2025-07-28 19:00:00+00:00,158.655,158.855,158.24,158.36,21017.0,,,,,,,,,,160.54175737202485,158.77145009390136,156.68273861266425,156.63264799700735,155.5652149091334,155.19812507032057,154.71508823868504,154.05351565816665,153.95963768440166,153.61146754678145,152.53428268627007,152.40693531007605,152.24541808292796,152.00117074388376,,,,,,,,,,158.485,160.55753258634095,157.07339373946462,156.0446658842674,155.0237022793329,154.7619379618751,154.45713149128886,153.675322902634,153.05183298580377,152.42241746038368,152.27129635580812,152.04304949911,151.97084522906067,151.3413874627077,,,,156.0446658842674,154.45713149128886,153.05183298580377,155.0714224963468,"rgba(38, 166, 154, 0.5)",2.411437554878715,156.27596086595057,0.8642310184782148,30.862138088397504,-12.490546442636393,False,True,False,True,False,1.7069553615085127,0.0,0.0,0.0,0.0,0,0.9939373238835277,0.9406967808043718,False,False,True,False,0.14774728597985384,0.16104588763918512,False,False,True,False,463170.0,413068.0825634516,False,False,False,False,11986.380346389711,False,False,True,False
2025-07-29 14:00:00+00:00,164.31,165.9,163.14,163.775,39567.0,,,,,,,,,,161.31812932577907,159.04404889132726,156.92277883610996,156.86962074420322,155.78217078256685,155.39378123370162,154.87195754079374,154.19077567676894,154.08750047633296,153.72280099130333,152.63603703879787,152.50168752236584,152.33585409979506,152.08965067282685,,,,,,,,,,162.26423280073945,161.1871393450466,157.32763480746593,156.27288686021274,155.19334725660102,154.92117414388727,154.60581817903372,153.78771631613114,153.1583618963699,152.51863020971095,152.3620849719766,152.1318432875358,152.0590396422499,151.4278586135056,,,,156.27288686021274,154.60581817903372,153.1583618963699,155.4163205293823,"rgba(0, 255, 0, 1.0)",2.4026980855047944,156.70208237934304,2.94373964974088,44.1648673891702,-13.767229689255586,False,True,False,True,True,15.684910092686795,0.0,0.0,0.0,0.0,0,1.0032367697038351,0.9153584722446995,False,False,False,False,0.34282824943952817,0.25193706853935666,False,False,False,False,502737.0,414458.29833766166,False,False,False,False,12413.986852647235,False,False,False,False
2025-07-29 15:00:00+00:00,163.77,164.66,163.59,163.59,29486.0,,,,,,,,,,161.67110369027722,159.21867283219862,157.08452937193357,157.029528677208,155.93102166949438,155.52904725712918,154.98162320509087,154.28746878881665,154.17776735593182,153.80175809417452,152.7086400240742,152.56939743028707,152.4005578768385,152.15302499340476,,,,,,,,,,162.81500714259278,161.49664239226772,157.49738545796228,156.42831140400585,155.31139390353925,155.03240916508787,154.71009692576447,153.86738672899233,153.2341594055096,152.5873649293713,152.42703183797244,152.19543075376262,152.1222183279617,151.4899383787306,,,,156.42831140400585,154.71009692576447,153.2341594055096,155.55974945281133,"rgba(0, 255, 0, 1.0)",2.381835347294162,156.8764842413554,2.81863134085711,52.49463140025455,-6.775418426196836,False,True,True,False,True,15.085967489929043,0.0,0.0,0.0,0.0,0,1.0075867635189666,0.9222760290556898,False,False,False,False,0.32329775660613674,0.2876174125727467,False,False,False,False,473251.0,415369.8130921165,False,False,False,False,12678.669227024797,False,False,False,False
2025-07-29 16:00:00+00:00,163.63,165.72,163.54,165.36,26732.0,,,,,,,,,,162.01864276850083,159.39555963302752,157.24381653786108,157.18698270648764,156.07642281167657,155.6611327271718,155.08882268096139,154.38174140957653,154.2658149768545,153.87873686200936,152.77902247966688,152.63503820993262,152.46325636732408,152.21436612407675,,,,,,,,,,163.28608790945358,161.80830214400726,157.66498330457495,156.58058491085708,155.42688934007916,155.14115095103963,154.811928786119,153.94508553680834,153.3078279237496,152.6539946270774,152.4899725944419,152.25699001172848,152.18336201845577,151.54983755707482,,,,156.58058491085708,154.811928786119,153.3078279237496,155.6979515284395,"rgba(0, 255, 0, 1.0)",2.38918016772953,157.04486706006222,3.4803289648263656,60.07649236877565,-0.4372313202061804,False,False,True,False,True,18.715215510043166,0.0,0.0,0.0,0.0,0,1.0149576067829142,0.910574308110702,False,False,False,False,0.34282824947603,0.31522283102438836,False,False,False,False,499983.0,416681.64544727746,False,False,False,False,12896.550324280226,False,False,False,False
2025-07-29 17:00:00+00:00,165.365,166.01,165.365,165.735,18579.0,,,,,,,,,,162.27708356613613,159.52977895844762,157.3623707711877,157.30416291989349,156.18399883497338,155.75883010230856,155.16817384061028,154.45138447516325,154.33088168506583,153.93560187868292,152.83078538582834,152.6833143092164,152.5093521003178,152.25942398764846,,,,,,,,,,163.6178183792408,162.04309742662966,157.7899526616342,156.69349466577486,155.51243972858833,155.2216484813606,154.88724918128972,154.0024964902701,153.3621165235879,152.7029955171451,152.53625032965834,152.30221494057852,152.2282701697714,151.59372702832496,,,,156.69349466577486,154.88724918128972,153.3621165235879,155.79989972614356,"rgba(0, 255, 0, 1.0)",2.453326662250646,157.16929310489056,3.4914661088187104,65.50176193116316,4.070108961482376,True,False,True,False,True,19.442761868675074,0.0,0.0,0.0,0.0,0,1.0288619350706534,0.9078899963972616,False,False,False,False,0.3428282498014234,0.3290255404129059,False,False,False,False,518562.0,418261.18582793983,False,False,False,False,12984.650319252625,False,False,False,False
2025-07-29 18:00:00+00:00,165.79,165.83,165.17,165.7,26036.0,,,,,,,,,,162.57148205373224,159.7045796461571,157.5203930192868,157.46046688037833,156.32866222744394,155.89074632743558,155.275981476246,154.54638261462068,154.41974731402152,154.01346167252157,152.90186768802596,152.74966593602207,152.57274816244902,152.32142570066586,,,,,,,,,,163.9321608215574,162.31756652325848,157.95576792087905,156.84477017470334,155.62838218011794,155.33096815027687,154.98975289312745,154.08108464415946,153.436565844452,152.77033239400666,152.5998921644012,152.36444106805095,152.29007011545832,151.65418494310939,,,,156.84477017470334,154.98975289312745,153.436565844452,155.92831479189326,"rgba(0, 255, 0, 1.0)",2.509624378770787,157.32502205562648,3.337144002591963,68.99914387841174,7.0875440931460005,True,False,True,False,True,19.326639809456317,0.0,0.0,0.0,0.0,0,1.0254792332268365,0.9081070287539932,False,False,False,False,0.33420146913382703,0.3316135047733665,False,False,False,False,492526.0,419412.5782957237,False,False,False,False,13186.996825930877,False,False,False,False
2025-07-29 19:00:00+00:00,165.75,167.2,165.73,166.18,53389.0,,,,,,,,,,163.16047832931082,160.0781609774601,157.85663780244272,157.79317425195157,156.6364017285019,156.17201217880373,155.50692689452987,154.75002921591022,154.61046806962366,154.18078140579684,153.05426425177677,152.8920054538529,152.70875979905466,152.4543779714012,,,,,,,,,,164.53807404510735,162.87571139454073,158.30824858072162,157.16652071527042,155.87651882551495,155.56510254784533,155.20941567753115,154.2499822112032,153.5963491963585,152.9147622374306,152.736435759005,152.49788647444504,152.42258229626216,151.78360183604906,,,,157.16652071527042,155.20941567753115,153.5963491963585,156.19740432095958,"rgba(0, 255, 0, 1.0)",2.5814708775986577,157.650793803113,3.3040102334298123,71.87111079569905,9.841612348140828,True,False,True,False,True,20.0,0.0,0.0,0.0,0.0,0,1.0305080721747384,0.8966049382716047,False,False,False,False,0.34282825001457623,0.33722087739397133,False,False,False,False,545915.0,421373.8561516039,False,False,False,False,13810.283696846676,False,False,False,False
2025-07-30 14:00:00+00:00,167.65,168.75,167.115,168.24,22204.0,,,,,,,,,168.035,163.45578217381458,160.25940785226157,158.0149738710866,157.94980293550572,156.77985882874628,156.3029723291022,155.61445955470833,154.8445151132427,154.698985006656,154.25836553867276,153.12443262404602,152.95753625175487,152.77133779539008,152.51546116719408,,,,,,,,,,164.86567939468094,163.15522945707684,158.4748071160817,157.31708896504946,155.99221726300817,155.67413668028811,155.3115540593937,154.3283290109166,153.67015627383714,152.98125168577158,152.79926716400655,152.55921117138152,152.4834530022376,151.84282495428215,,,,157.31708896504946,155.3115540593937,153.67015627383714,156.94548587780392,"rgba(0, 255, 0, 1.0)",2.7142901781440405,158.4699075271489,3.5995018334891644,75.6204071373009,13.621703849617639,True,False,True,False,True,20.0,0.0,0.0,0.0,0.0,0,1.0317373461012307,0.8856361149110803,False,False,False,False,0.3428282503675315,0.3400245638807514,False,False,False,False,568119.0,423648.9746608814,False,False,False,False,13940.418833329673,False,False,False,False
2025-07-30 15:00:00+00:00,168.23,168.33,167.01,167.12,16084.0,,,,,,,,,167.80465646329574,163.62523480510157,160.37672429384003,158.12051602202158,158.05429365697856,156.87658680440094,156.391694901962,155.68781942165532,154.90931265334763,154.7597722588308,154.31180962196487,153.17299747724417,153.00293845228433,152.8147324506551,152.55785717664483,,,,,,,,,,165.03224185480494,163.31879696391272,158.58522069372307,157.41812908691028,156.07090659264665,155.74848365693128,155.3813852663187,154.38227926565622,153.72112777911315,153.02730977663782,152.84283276772132,152.60176844394243,152.52570628880426,151.8840121172696,,,,157.41812908691028,155.3813852663187,153.72112777911315,157.01751211951833,"rgba(0, 255, 0, 1.0)",2.785311356266895,158.55531662523452,3.074946488655608,74.49787884723871,13.621703849617639,True,False,True,False,True,20.0,0.0,0.0,0.0,0.0,0,1.025300591391532,0.8989542944424856,False,False,False,False,0.3322393442284571,0.3361319540546043,False,False,False,False,552035.0,425639.455673891,False,False,False,False,13973.652649867197,False,False,False,False
2025-07-30 16:00:00+00:00,167.13,167.35,166.9,167.35,10165.0,,,,,,,,,167.67780502067296,163.71775169354441,160.4460124253634,158.1840089169725,158.1171871671658,156.93519469969576,156.44561463727777,155.73260160770667,154.9489972966487,154.79703369398973,154.3446337601282,153.2029098702619,153.03092131945334,152.84149262165505,152.58401548178028,,,,,,,,,,165.11594369043414,163.40926634119572,158.65141424155172,157.47916812666074,156.11884966240282,155.79385405931916,155.4240712260432,154.41540707330313,153.75248117388395,153.05569359041587,152.8696965731578,152.62802391232256,152.55177829340016,151.90945432348207,,,,157.47916812666074,155.4240712260432,153.75248117388395,157.06032041955618,"rgba(0, 255, 0, 1.0)",2.8653365319695627,158.60578360408735,3.0517240464951887,74.02067933645228,13.621703849617639,True,False,True,False,True,20.0,0.0,0.0,0.0,0.0,0,1.0266613767109696,0.9075580242015469,False,False,False,False,0.31047929461389906,0.3233056243342517,False,False,False,False,562200.0,427756.67341538105,False,False,False,False,13914.60377157468,False,False,False,False
2025-07-30 17:00:00+00:00,167.365,167.43,166.64,167.19,7288.0,,,,,,,,,167.6005151205277,163.77912503895308,160.4940108862563,158.22842217229802,158.1611940678816,156.97634743102034,156.48353959482552,155.76418003480384,154.97703086441092,154.82336906831682,154.36785838945218,153.22410474057094,153.05075646118104,152.8604667061552,152.6025677675486,,,,,,,,,,165.16903106176252,163.46971393977395,158.6976294170491,157.52195971577976,156.15262097308002,155.8258415981978,155.4541937601861,154.43884389106898,153.7746822893071,153.07581155674845,152.88874348524965,152.64664428502368,152.57027000129867,151.9275088377923,,,,157.52195971577976,155.4541937601861,153.7746822893071,157.09039969059427,"rgba(0, 255, 0, 1.0)",2.9632596004159564,158.64115207661297,2.88494734723445,73.15627918543531,13.621703849617639,True,False,True,False,True,20.0,0.0,0.0,0.0,0.0,0,1.0404900582446266,0.8921871861819637,False,False,False,False,0.30691363888922263,0.31510963161173716,False,False,False,False,554912.0,429728.0738275457,False,False,False,False,13811.865728604529,False,False,False,False
2025-07-30 18:00:00+00:00,167.13,167.95,166.6,166.625,10665.0,,,,,,,,,167.5134391219669,163.8642751207841,160.5627160482317,158.29241668863895,158.22461745974877,157.03580395004053,156.5384059077601,155.80996061685826,155.0177261362719,154.86161595060582,154.40161692618804,153.25494102855993,153.07962341889404,152.88808666180114,152.62957819039258,,,,,,,,,,165.24068308488495,163.5540076366421,158.764128214307,157.5837133305605,156.2015404460047,155.87220879610737,155.49788791648103,154.47290817328187,153.80696882131818,153.10508838331026,152.91646881344133,152.67375309984803,152.59719281003436,151.95380264844113,,,,157.5837133305605,155.49788791648103,153.80696882131818,157.13443394610758,"rgba(0, 255, 0, 1.0)",3.041276070193722,158.69286966022327,2.6081586007650652,70.6321171623463,13.621703849617639,True,False,True,False,False,18.47102545493187,0.0,0.0,0.0,0.0,0,1.0412738234937073,0.885728159268401,False,False,False,False,0.31643914936701667,0.31577439048937694,False,False,False,False,544247.0,431503.5610550256,False,False,False,False,13763.07711265717,False,False,False,False
2025-07-30 19:00:00+00:00,166.53,166.785,165.62,166.36,24213.0,,,,,,,,,167.17718969899616,163.99736861930904,160.69483790156343,158.4213129693402,158.35251161106532,157.15760698024607,156.65152863297882,155.9052066837949,155.10301067090626,154.94190613709566,154.4727744476585,153.3203968078367,153.14098006095097,152.9468633185567,152.68713405374032,,,,,,,,,,165.3210944967395,163.69075380413116,158.89699570285683,157.709348732942,156.30289203252707,155.96861066288636,155.58906737156423,154.54467342401276,153.87528167783472,153.16730257796462,152.97546041357776,152.7315058020341,152.65457146520643,152.0100032589953,,,,157.709348732942,155.58906737156423,153.87528167783472,157.21299901749342,"rgba(0, 255, 0, 1.0)",3.1008847444231122,158.78312424898925,2.443456102210068,68.04466848594768,13.621703849617639,True,False,True,False,False,17.62335293184539,0.0,0.0,0.0,0.0,0,1.026040822938603,0.8946622387817912,False,False,False,False,0.2742747847513061,0.29502458762034156,False,False,False,False,520034.0,432876.12599990895,False,False,False,False,13925.091420988068,False,False,False,False
2025-07-31 14:00:00+00:00,165.92,167.255,165.65,166.77,13386.0,,,,,,,,,167.09753957341798,164.07383459583,160.76912434177666,158.49348761806058,158.42413116815965,157.22577302042066,156.71488427775003,155.9586424924889,155.15087373269344,154.98698737434444,154.51275129125463,153.35714347629164,153.17543495708333,152.9798718748391,152.71945193069325,,,,,,,,,,165.3730427641037,163.76883039621293,158.97139267627577,157.77966556924457,156.35973252447323,156.02269040168832,155.64022975020913,154.58499238865974,153.91364464045986,153.20223658671728,153.00858995745318,152.76393510713456,152.68678930451358,152.04154179232535,,,,157.77966556924457,155.64022975020913,153.91364464045986,157.26182109799637,"rgba(0, 255, 0, 1.0)",3.170103303514368,158.83966570691322,2.501601220469768,67.15128871512039,13.621703849617639,True,False,True,False,False,18.43323971588607,0.0,0.0,0.0,0.0,0,1.0265148467047551,0.887623722539631,False,False,False,False,0.28401357820912354,0.28951908291473255,False,False,False,False,533420.0,434434.94575184834,False,False,False,False,13916.73341446112,False,False,False,False
2025-07-31 15:00:00+00:00,166.65,166.75,165.81,166.35,13090.0,,,,,,,,,167.00875559730704,164.13708477457402,160.83684947258888,158.56064593861967,158.4908102624807,157.289687019772,156.77447537643022,156.00913612395934,155.1962555402577,155.02977057431602,154.5507670181152,153.39219050368612,153.20831852326833,153.01139278252074,152.75033021603542,,,,,,,,,,165.40973293241055,163.83456212388984,159.04036166250705,157.84538889582655,156.41333545076358,156.07377567006583,155.6886435636835,154.62332478978712,153.9501834936657,153.23557342358268,153.0402242398231,152.79491702934163,152.7175741393923,152.07171153229976,,,,157.84538889582655,155.6886435636835,153.9501834936657,157.30604983015607,"rgba(0, 255, 0, 1.0)",3.2255374578339038,158.89045838292915,2.3126507487779304,64.98985313833218,13.621703849617639,True,False,True,False,False,17.07471085813342,0.0,0.0,0.0,0.0,0,1.0273652863294291,0.8933156263833548,False,False,False,False,0.27728830568825985,0.2834036943014962,False,False,False,False,520330.0,435766.6520192615,False,False,False,False,13903.915842143893,False,False,False,False
2025-07-31 16:00:00+00:00,166.32,166.71,166.15,166.56,7013.0,,,,,,,,,166.97850036527328,164.17206209442642,160.8735632176435,158.59693279603286,158.52683884925145,157.32419909250171,156.80666190779723,156.0364293561721,155.22078715453546,155.05290260313876,154.5713265130321,153.41113528833162,153.2260961265028,153.02843410868513,152.76702243472658,,,,,,,,,,165.43174155292098,163.87072436707894,159.07763329214873,157.88088446727596,156.44230584672795,156.10138779462858,155.71481348292593,154.64405588779394,153.96993893068293,153.25359545624278,153.05732697125848,152.81166556757725,152.73421565855506,152.0880150436722,,,,157.88088446727596,155.71481348292593,153.96993893068293,157.3308111009204,"rgba(0, 255, 0, 1.0)",3.2836353617883436,158.91897970637388,2.3270002456864307,64.05831694089383,13.621703849617639,True,False,True,False,False,17.501260627998967,0.0,0.0,0.0,0.0,0,1.0363038981057067,0.8913316837707372,False,False,False,False,0.2831349604606584,0.2832693273810773,False,False,False,False,527343.0,437186.44036004815,False,False,False,False,13797.07993761453,False,False,False,False
2025-07-31 17:00:00+00:00,166.5,166.5,165.47,165.55,5088.0,,,,,,,,,166.93366391632355,164.18998460078546,160.89692258603262,158.62095144507484,158.55070792818495,157.3473539536622,156.82835895959175,156.0549457136866,155.2375204030186,155.06869921278997,154.58540693774626,153.42418084534236,153.23834895016267,153.0401896469419,152.7785489914937,,,,,,,,,,165.43777994507784,163.8901111940958,159.1021454081087,157.90456985885803,156.46189946711405,156.1201114012334,155.73260762750394,154.65824831739116,153.98350870156813,153.26601499520032,153.0691234639869,152.82322902269723,152.74570866546827,152.09930057088843,,,,157.90456985885803,155.73260762750394,153.98350870156813,157.3457342191793,"rgba(0, 255, 0, 1.0)",3.2881061555381277,158.93583585870468,2.0115421547917958,59.83596040648234,16.919025501280075,False,False,True,False,False,14.27494324694667,0.0,0.0,0.0,0.0,0,1.040094243815249,0.8804484705691183,False,False,False,False,0.26460918325476696,0.2739392553179221,False,False,False,False,522255.0,438505.3327575668,False,False,False,False,13662.055442457715,False,False,False,False
2025-07-31 18:00:00+00:00,165.55,165.885,164.92,165.49,6214.0,,,,,,,,,166.86473687319994,164.20606849160868,160.92282292897926,158.64842327620224,158.57802762599553,157.37411136671676,156.8535223962043,156.07652543191034,155.25710109140823,155.08720005652168,154.60193358883953,153.4395535763523,153.25279728458204,153.05406043427922,152.79215965693734,,,,,,,,,165.43166666666664,165.4376714751277,163.90842560745483,159.13004248694688,157.93182772432203,156.48468159271505,156.14192464412724,155.75338050633678,154.67490167673688,153.99947019000768,153.28065833878108,153.0830413726822,152.83688156808014,152.75928095701062,152.11264969535563,,,,157.93182772432203,155.75338050633678,153.99947019000768,157.85682065081704,"rgba(0, 255, 255, 0.75)",3.2796688582564872,159.4623169962043,1.8378937826668595,56.82446455242973,13.783911392150763,False,False,True,False,False,14.08658893463543,0.0,0.0,0.0,0.0,0,1.035185941969758,0.8889252145484261,False,False,False,False,0.23746688549935646,0.25570307040863927,False,False,False,False,516041.0,439707.43612566654,False,False,False,False,13546.581714667673,False,False,False,False
2025-07-31 19:00:00+00:00,165.395,165.66,164.925,165.115,19600.0,,,,,,,,,166.65845657269423,164.24639187126033,160.9991031630091,158.73114870110942,158.66034183900123,157.45531117744773,156.93012355329168,156.14251610024579,155.31717767857927,155.14401389023018,154.65278439952044,153.48698722814316,153.29740775672153,153.0969107031723,152.83422815223435,,,,,,,,,165.2810765476098,165.42684169064253,163.9562806271035,159.21372618021604,158.01428502478637,156.55421182198774,156.20860790517023,155.8169917827724,154.72613119107623,154.0486567023477,153.32586569474518,153.12603442189624,152.87907587174675,152.80123358963937,152.15395610426867,,,,158.01428502478637,155.8169917827724,154.0486567023477,157.89681894086434,"rgba(0, 255, 255, 0.75)",3.2520359915117236,159.5043296425938,1.7252792933567938,53.552406252768805,10.481565365618003,False,True,True,False,False,12.90379913125777,0.0,0.0,0.0,0.0,0,1.0233641042398491,0.8942896822155048,False,False,False,False,0.2330164372592131,0.24435975383392616,False,False,False,False,496441.0,440587.0262632531,False,False,False,False,13640.433160951894,False,False,False,False
2025-08-01 14:00:00+00:00,166.36,167.46,165.57,165.69,19312.0,,,,,,,,,166.6120984920626,164.3206262753831,161.0889189915099,158.8229589204523,158.75159902931384,157.54383787664523,157.01322758610706,156.21371115312186,155.3816058028871,155.20489759650047,154.70713642946694,153.53732568437457,153.34471880464582,153.14231509985422,152.87874394316106,,,,,,,,,165.69145481540576,165.46719785434783,164.03476233565556,159.30738422455607,158.1048073524112,156.62946954484417,156.28058439880908,155.88545074537475,154.78091370992144,154.1010251971943,153.37381309165363,153.1715966805073,152.92373497934486,152.84561953437154,152.19751492647606,,,,158.1048073524112,155.88545074537475,154.1010251971943,157.97484490372608,"rgba(0, 255, 255, 0.75)",3.2453448296075678,159.5938701534464,1.878422838441716,53.386549862299425,10.03574410448362,False,True,True,False,False,14.167491800368168,0.0,0.0,0.0,0.0,0,1.027013930950938,0.8769634564910149,False,False,False,False,0.28296502847250293,0.26366239115321455,False,False,False,False,515753.0,441752.3901971562,False,False,False,False,13728.364429774345,False,False,False,False
2025-08-01 15:00:00+00:00,165.7,166.72,165.19,166.45,9418.0,,,,,,,,,166.58687489568595,164.3527187012162,161.13061797429793,158.8662116811275,158.79461004079485,157.58577930263698,157.0526994492868,156.2476571299979,155.4124067391347,155.23402715201186,154.73318419116077,153.56150011740039,153.3674524815037,153.16414230113472,152.90015214351257,,,,,,,,,165.76545082868876,165.4826241554718,164.06913352281842,159.3513840869721,158.14759347438726,156.66529531275043,156.31489380606783,155.91812822313105,154.80716336909853,154.12615034151366,153.3968500858615,153.1934986734071,152.9452107448386,152.8669663351675,152.2184792491968,,,,158.14759347438726,155.91812822313105,154.12615034151366,158.00655622945698,"rgba(0, 255, 0, 1.0)",3.2559259653575294,159.629573251886,2.0947732905115504,55.54587041725701,10.03574410448362,False,False,True,False,False,15.792562911464799,0.0,0.0,0.0,0.0,0,1.0222836760049694,0.8826499939882165,False,False,False,False,0.25628341591093917,0.25997290353207686,False,False,False,False,525171.0,443045.7019770452,False,False,False,False,13661.537074273967,False,False,False,False
2025-08-01 16:00:00+00:00,166.5,167.25,166.5,166.99,9561.0,,,,,,,,,166.60302209162566,164.39825701773634,161.178868458908,158.91434510228595,158.8424370039661,157.63185923141856,157.09589766805357,156.28463161854566,155.44579849646496,155.26558393284603,154.76133999553366,153.58749109655855,153.39187931893176,153.18757820494704,152.9231146932696,,,,,,,,,165.93665283519223,165.51614235155648,164.1159433056652,159.40064217948932,158.1948405577322,156.7044180517935,156.3522786724468,155.95365226355545,154.8355476280627,154.1532297997008,153.42160479096427,153.21701750863002,152.96824973177084,152.88986018109506,152.24090828516188,,,,158.1948405577322,155.95365226355545,154.1532297997008,158.04813523910653,"rgba(0, 255, 0, 1.0)",3.2747399979313587,159.6775091421136,2.2329989136559516,58.375469359174474,10.03574410448362,False,False,True,False,True,16.91751983070893,0.0,0.0,0.0,0.0,0,1.0305572441742648,0.8896048632218843,False,False,False,False,0.29600792716157664,0.2779904153468268,False,False,False,False,534732.0,444467.1949696492,False,False,False,False,13597.962856068169,False,False,False,False
2025-08-01 17:00:00+00:00,167.01,167.17,166.015,166.015,5099.0,,,,,,,,,166.59780430107529,164.41706417265348,161.20199911262787,158.93814825450985,158.8661063492492,157.65489965805148,157.11758487810587,156.30329863821729,155.46273395321862,155.28160529475875,154.77567061402138,153.60077870995536,153.40437726883678,153.1995780066547,152.93488195008808,,,,,,,,,165.97079258424367,165.5270492361356,164.1358165979276,159.42487352957545,158.21835899923676,156.72411780523822,156.37114498188689,155.97162099924444,154.8499898778526,154.1670456665374,153.4342688449318,153.22905858867315,152.98005450873728,152.90159344779846,152.2524244810612,,,,158.21835899923676,155.97162099924444,154.1670456665374,158.06584835667059,"rgba(0, 255, 255, 0.75)",3.2747745263140753,159.69749129826533,1.9291431061806044,56.54207694261915,10.03574410448362,False,False,True,False,True,13.808669786395576,0.0,0.0,0.0,0.0,0,1.0227593720995918,0.8892700052459543,False,False,False,False,0.28371845138033785,0.2808544333635823,False,False,False,False,529633.0,445787.5950476391,False,False,False,False,13466.195990082615,False,False,False,False
2025-08-01 18:00:00+00:00,166.035,166.4,165.595,166.23,7279.0,,,,,,,,,166.57930220554033,164.43900651888262,161.2326235787021,158.97039835793876,158.89819285705985,157.6863670610238,157.14729168052514,156.32897346831533,155.48610367769047,155.30373041238494,154.79549677522053,153.61921911562263,153.42173183022842,153.2162496001991,152.9512399683124,,,,,,,,,165.98071015781284,165.53653479117364,164.15960731172353,159.45757708831448,158.25037534308794,156.75116164489748,156.39708604890382,155.99636906672842,154.86996593027962,154.186191822715,153.4518523773432,153.24578637653764,152.99646309057368,152.91790539487675,152.26845491843497,,,,158.25037534308794,155.99636906672842,154.186191822715,158.0876662199461,"rgba(0, 255, 255, 0.75)",3.2725499906706967,159.72167484133467,1.9887626399043818,55.97077992028622,10.03574410448362,False,False,True,False,True,14.270844823670501,0.0,0.0,0.0,0.0,1,1.0164059980651396,0.8989035794904865,False,False,False,False,0.25810029573255966,0.269477364548071,False,False,False,False,536912.0,447200.37651976873,False,False,False,False,13370.270470856527,False,False,False,False
2025-08-01 19:00:00+00:00,166.21,166.91,166.17,166.24,27136.0,,,,,,,,,166.56306568878009,164.53309129574947,161.35183217491337,159.0941470950295,159.02129233275167,157.80664810504155,157.26078049845623,156.4270518901986,155.57529803727067,155.38818731613188,154.8711712590372,153.68948730867365,153.48786679030093,153.27977582397025,153.01355125086107,,,,,,,,,166.10099011764248,165.591305304413,164.25934288342182,159.58328292716257,158.37292859477373,156.8545101477556,156.4961853672989,156.09087355855385,154.9462194578943,154.25920381919454,153.51885764616333,153.30952857022208,153.05897042715404,152.980038867333,152.32946113762853,,,,158.37292859477373,156.09087355855385,154.25920381919454,158.17812592747322,"rgba(0, 255, 255, 0.75)",3.257784138873045,159.8230856964281,1.9697174613268524,55.62249512572187,10.03574410448362,False,False,True,False,True,14.292606564873388,0.0,0.0,0.0,0.0,1,1.019233851578778,0.8917294438211248,False,False,False,False,0.2814438375062065,0.27546060102713876,False,False,False,False,564048.0,449011.9675814778,False,False,False,False,13583.692634099061,False,False,False,False
2025-08-04 14:00:00+00:00,167.8,168.4,167.47,168.22,5964.0,,,,,,,,,166.5997054110007,164.56885848774002,161.385263850685,159.12656557908394,159.0534941146926,157.83742922358525,157.2896090393214,156.45173577323368,155.59754739005388,155.40922380668195,154.88993924540088,153.70674083862565,153.5040853832235,153.29533299143168,153.02878171003445,,,,,,,,,166.20597551627532,165.62337068392176,164.29524289658136,159.61657294583253,158.40458576371785,156.88064824088823,156.52114480836462,156.11457105248405,154.96514384131964,154.2772134849323,153.53529239233575,153.32514192168009,153.0742537343621,152.99522231757194,152.34430177549393,,,,158.40458576371785,156.11457105248405,154.2772134849323,158.20740406766646,"rgba(0, 255, 0, 1.0)",3.282145883960802,159.85706005297112,2.54800982122608,60.27668071530194,4.783902542177408,True,False,True,False,True,18.391064698177118,0.0,0.0,0.0,0.0,1,1.019458011659051,0.8809673861666926,False,False,False,False,0.3428282499224754,0.3091444254748071,False,False,False,False,570012.0,450887.93707633857,False,False,False,False,13465.557864578146,False,False,False,False
2025-08-04 15:00:00+00:00,168.15,168.665,168.14,168.66,17456.0,,,,,,,,,166.7283681191094,164.68278502301226,161.48783771192174,159.22492917621943,159.1511815989524,157.93047019032508,157.37667022880532,156.52621928880498,155.66459845376207,155.4726164890974,154.94647015384206,153.75861068382224,153.55283955000988,153.34208970119138,153.07453922291904,,,,,,,,,166.51958659676689,165.72954145888218,164.4089223878186,159.71774531061527,158.50041733540795,156.9595700718524,156.59646632057363,156.18604092589905,155.02215239614162,154.33140393606928,153.5846962388486,153.37206926686363,153.1201729706848,153.04083654296883,152.38884249714658,,,,158.50041733540795,156.18604092589905,154.33140393606928,158.2972883565369,"rgba(0, 255, 0, 1.0)",3.3283984353050813,159.96163561814402,2.6133783412437785,64.14179334902545,8.48084561233265,True,False,True,False,True,19.24461117919186,0.0,0.0,0.0,0.0,0,1.024634213313458,0.8793786529635584,False,False,False,False,0.34282825004637696,0.32598633776059205,False,False,False,False,587468.0,453005.45743174414,False,False,False,False,13527.425184507167,False,False,False,False
2025-08-04 16:00:00+00:00,168.75,168.99,167.935,167.935,9501.0,,,,,,,,,166.7840827926965,164.7389124480164,161.54085886754763,159.27645631817518,159.20237571422223,157.9794765688607,157.4226399061294,156.56569632849968,155.70023155331677,155.50633184658165,154.97658659114032,153.78630541369648,153.57888599868616,153.36708059298468,153.09900623746495,,,,,,,,,166.64254710463356,165.78009946754565,164.4653108121138,159.77060389600547,158.55077746664244,157.00133296001655,156.6363769162175,156.22396286124794,155.05251796999917,154.36030784832036,153.61108694992268,153.39715001880262,153.14472476401954,153.0652282363251,152.4126797308724,,,,158.55077746664244,156.22396286124794,154.36030784832036,158.34203658476147,"rgba(0, 255, 0, 1.0)",3.349950681363038,160.01330062956157,2.3647211926162526,63.78778107057781,8.48084561233265,True,False,True,False,True,16.91445379882859,0.0,0.0,0.0,0.0,0,1.0228369125427945,0.877840024898848,False,False,False,False,0.34282825006178563,0.33440729391118884,False,False,False,False,577967.0,454942.84568861633,False,False,False,False,13464.99998784814,False,False,False,False
2025-08-04 17:00:00+00:00,167.96,168.11,167.72,168.06,10211.0,,,,,,,,,166.82771916950233,164.79199431958637,161.59424047078124,159.32922074718624,159.2548239893608,158.0299946134654,157.47015731632274,156.6066667628901,155.7373258118971,155.54145774829732,155.00801976643615,153.81529118969948,153.60616325916618,153.39326595884347,153.12465610763115,,,,,,,,,166.73444799921865,165.82552558007794,164.519137491586,159.82456082788693,158.60254790296702,157.0445986061669,156.6777852607778,156.263369206033,155.08420456588482,154.3905204019567,153.63872181560552,153.42342785248672,153.1704612643188,153.0908008289382,152.43769853170718,,,,158.60254790296702,156.263369206033,154.3905204019567,158.38567690700958,"rgba(0, 255, 0, 1.0)",3.3598291998625927,160.06324516794535,2.3801075460567143,63.83702175676767,8.531040918426413,True,False,True,False,True,17.166023141589438,0.0,0.0,0.0,0.0,0,1.0210999922426494,0.8850360716779144,False,False,False,False,0.319173861888673,0.32679057789993093,False,False,False,False,588178.0,457008.5069957695,False,False,False,False,13414.550375633438,False,False,False,False
2025-08-04 18:00:00+00:00,168.11,168.52,168.11,168.365,21793.0,,,,,,,,,166.93780020599627,164.91214028800317,161.71167489399906,159.44443149221922,159.36933555647147,158.1400571979376,157.57366295578686,156.69593525069286,155.8181117567209,155.61797062528194,155.07649318989152,153.87836015305342,153.6655203117565,153.4502443857307,153.1804563374134,,,,,,,,,166.94097084440858,165.9320844698167,164.6403655649308,159.94248075325618,158.71543079011445,157.1388830905814,156.76800854358376,156.34921436242672,155.1532340167929,154.45629305365642,153.69885497237343,153.48060861294343,153.22645219708426,153.14643146074033,152.49208742552634,,,,158.71543079011445,156.34921436242672,154.45629305365642,158.4823169181078,"rgba(0, 255, 0, 1.0)",3.3742479335570654,160.1740721708978,2.427482505847605,64.58895561667913,9.593818217824236,True,False,True,False,True,17.783013488013747,0.0,0.0,0.0,0.0,0,1.0236530880420496,0.88188915513643,False,False,False,False,0.33642016944382974,0.33160537367188037,False,False,False,False,609971.0,459380.01851521496,False,False,False,False,13544.448819422067,False,False,False,False
2025-08-04 19:00:00+00:00,168.365,168.795,168.16,168.71,48757.0,,,,,,,,,167.1653629564854,165.1692513764035,161.96852195675692,159.6980248346453,159.62148435841783,158.38319362363114,157.8029011805208,156.89455409275885,155.99831202167022,155.78882948038867,155.22970621126333,154.01964742101325,153.79859719951207,153.57804992843208,153.30564459164825,,,,,,,,,167.3031192907534,166.15992129325278,164.90035471011038,160.20153572765946,158.96438586226446,157.3483213227678,156.9686926743157,156.54041898048212,155.30767054402634,154.6035534832635,153.83364965486592,153.60886307964205,153.35206427139371,153.27124291277826,152.6141295829732,,,,158.96438586226446,156.54041898048212,154.6035534832635,158.69115493347488,"rgba(0, 255, 0, 1.0)",3.378125377048641,160.41225712009313,2.456315842000023,65.88973964348789,11.16326913917758,True,False,True,False,True,18.478996051813198,0.0,0.0,0.0,0.0,0,1.023922156840121,0.8803507557401636,False,False,False,False,0.34282825006562073,0.3372168118687505,False,False,False,False,658728.0,462470.68489482405,False,False,False,False,14090.379845477537,False,False,False,False
2025-08-05 14:00:00+00:00,169.61,170.14,169.4,169.895,13672.0,,,,,,,,,167.2658165333496,165.25934750639473,162.05020762663332,159.77635307886254,159.69932264054628,158.45751995789846,157.8727872242948,156.95493444993096,156.05289620116014,155.84056972857283,155.27603839569502,154.06216204695173,153.83862905333507,153.61647521773844,153.34324636827995,,,,,,,,,167.45160790077918,166.24675404727742,164.99014780650492,160.28191395715552,159.04080295282466,157.41210929728456,157.02971689520902,156.59846012084373,155.35438697475072,154.6479661705112,153.87419873695092,153.64742716741802,153.38979958654232,153.30872713669157,152.650690967297,,,,159.04080295282466,156.59846012084373,154.6479661705112,158.7592830588454,"rgba(0, 255, 0, 1.0)",3.4026523014674295,160.49077478422413,2.763792589598476,69.01149576834275,14.333855284227923,True,False,True,False,True,20.0,0.0,0.0,0.0,0.0,0,1.0278464640316503,0.8753756609731046,False,False,False,False,0.3428282503725029,0.34002253112062675,False,False,False,False,672400.0,465725.4029584702,False,False,False,False,14083.893336245328,False,False,False,False
2025-08-05 15:00:00+00:00,169.895,169.895,169.01,169.3,13768.0,,,,,,,,,167.34445647707145,165.33875084812618,162.12650978401066,159.8508417988558,159.77338522668572,158.52872982558952,157.93995798484696,157.01325006255817,156.10580439544114,155.89077109758682,155.32109163883493,154.1036359619837,153.87771065245454,153.65401195744877,153.38000102875603,,,,,,,,,167.56130921395817,166.32053299147503,165.0699011997146,160.3580847393843,159.11378806073137,157.47358642136248,157.0886338760959,156.65460022822373,155.39980274030898,154.6912271324781,153.91377995175787,153.68509663439025,153.42668103129532,153.3453697205847,152.68647641937503,,,,159.11378806073137,156.65460022822373,154.6912271324781,158.82180955775706,"rgba(0, 255, 0, 1.0)",3.4238430254700534,160.56222903760374,2.552036088511002,68.37988833390618,14.333855284227923,True,False,True,False,True,18.82448976542258,0.0,0.0,0.0,0.0,0,1.0247128174123332,0.8780607617896008,False,False,False,False,0.33004551958431727,0.335034025352472,False,False,False,False,658632.0,468716.20291260246,False,False,False,False,14078.99576514075,False,False,False,False
2025-08-05 16:00:00+00:00,169.3,169.5,169.04,169.42,19775.0,,,,,,,,,167.44368223896316,165.44542636992873,162.2321725671407,159.95493729711615,159.8769188845807,158.6286461868375,158.03439961415975,157.09551329370146,156.18060458381657,155.96179661832917,155.38492873370632,154.1624982259045,153.93320792991483,153.70733676811787,153.4322308033684,,,,,,,,,167.692787499937,166.41800662429048,165.17746662059224,160.46432101895905,159.2160176246538,157.56019405702682,157.17172651104772,156.7338672298675,155.46414456721212,154.75257839915716,153.96998082136884,153.73860774039557,153.4790883277558,153.39744231035607,152.73735860329097,,,,159.2160176246538,156.7338672298675,154.75257839915716,158.9077772503443,"rgba(0, 255, 0, 1.0)",3.4456031023226634,160.6599858147327,2.5423747091945135,68.22132552328603,14.333855284227923,True,False,True,False,True,19.06072143707623,0.0,0.0,0.0,0.0,0,1.0252255006879676,0.8867527900932577,False,False,False,False,0.3227450487582325,0.3288895370553523,False,False,False,False,678407.0,471967.22302248457,False,False,False,False,14167.305908316863,False,False,False,False
2025-08-05 17:00:00+00:00,169.44,170.0,169.44,169.87,15355.0,,,,,,,,,167.53100438721935,165.53356758430888,162.31717602272562,160.038009472264,159.95953317217445,158.70817493718377,158.10953917428287,157.16095849239267,156.24007359580654,156.01827132368328,155.4356849475291,154.20923839182672,153.97727866490501,153.74967922634244,153.47369300780562,,,,,,,,,167.8067528551845,166.50050716251542,165.26597967449058,160.54919492506167,159.29746871841937,157.62911527701718,157.23783345054773,156.796912166925,155.51530559238023,154.80132365604962,154.01460902974696,153.7810991036943,153.52069330809442,153.4387784922711,152.77772002623718,,,,159.29746871841937,156.796912166925,154.80132365604962,158.9773844711334,"rgba(0, 255, 0, 1.0)",3.486212935353693,160.73933904117615,2.6190772417340895,69.09736241874346,15.091199296315978,True,False,True,False,True,19.94661253173001,0.0,0.0,0.0,0.0,0,1.029111690702669,0.8823642221540348,False,False,False,False,0.3408081497482999,0.3348488434018261,False,False,False,False,693762.0,475405.9017353142,False,False,False,False,14185.719770203423,False,False,False,False
2025-08-05 18:00:00+00:00,169.86,170.07,169.51,169.51,11334.0,,,,,,,,,167.58939058581367,165.59526982200748,162.3780946528134,160.0979758606982,160.01918439679892,158.76576869558545,158.16404273222284,157.2085552711775,156.28340058541266,156.05944088288174,155.472730015624,154.24339782098545,154.00950129170076,153.78064816604376,153.50402568244496,,,,,,,,,167.88031025680652,166.55753624409047,165.3281273147747,160.61036607026077,159.35637299366132,157.6791868211766,157.28590276416136,156.8427969540871,155.55264193737375,154.83692624667574,154.0472365263678,153.81217589053696,153.55112918554875,153.46901995282812,152.807261503412,,,,159.35637299366132,156.8427969540871,154.83692624667574,159.02705330534778,"rgba(0, 255, 0, 1.0)",3.5230752230152236,160.79574357783855,2.4734800906985304,67.8797529934669,15.091199296315978,True,False,True,False,True,18.734819822714506,0.0,0.0,0.0,0.0,0,1.032529057501246,0.8753692124745864,False,False,False,False,0.3428282503769117,0.3388385468893689,False,False,False,False,682428.0,478615.5466696504,False,False,False,False,14141.507060587865,False,False,False,False
2025-08-05 19:00:00+00:00,169.54,170.03,169.5,169.68,22047.0,,,,,,,,,167.69638846071553,165.71132206180357,162.49439074000793,160.21299283751623,160.13362062752228,158.87649235338498,158.26897076477223,157.30040646018557,156.36713536311586,156.13905133859043,155.5444429866429,154.30958613776474,154.07196298956376,153.84069650753614,153.56285029097168,,,,,,,,,168.01096254240466,166.6641773423973,165.44521837828674,160.7275569206599,159.4694993772441,157.77572596855563,157.37865098439121,156.93139869218933,155.62491245800513,154.90588057885086,154.11047772209832,153.8724317664519,153.61015231129522,153.52766901653538,152.864566741289,,,,159.4694993772441,156.93139869218933,154.90588057885086,159.12174623412483,"rgba(0, 255, 0, 1.0)",3.550299314877822,160.9029655435009,2.472195631426968,67.51664748300915,15.091199296315978,True,False,True,False,True,19.078730946952486,0.0,0.0,0.0,0.0,0,1.0342813220599532,0.8752113758647192,False,False,False,False,0.34181896578947346,0.34032875633942117,False,False,False,False,704475.0,482117.2436205085,False,False,False,False,14264.072842594254,False,False,False,False
2025-08-06 14:00:00+00:00,170.485,170.92,170.0,170.86,20913.0,,,,,,,,,167.82713707382936,165.83773135778375,162.6140109080636,160.32917357727902,160.2491711580745,158.987598409184,158.37406328032628,157.39221366807257,156.45063359826204,156.218419110919,155.61587015115987,154.37530697947074,154.133970342262,153.90028726597836,153.62119122221014,,,,,,,,,168.17257468117052,166.78534283590912,165.5717322292127,160.84628107002865,159.5833168836527,157.8723388011783,157.4713713630997,157.01987283886945,155.6969088244914,154.97444515652882,154.1732596776701,153.93223220736851,153.66869616161733,153.5858316028774,152.9213088876645,,,,159.5833168836527,157.01987283886945,154.97444515652882,159.22019904735464,"rgba(0, 255, 0, 1.0)",3.6088376781706404,161.01519603030945,2.727970844807018,69.85623110253704,16.35809828814213,True,False,True,False,True,20.0,0.0,0.0,0.0,0.0,0,1.0364555410890706,0.8654361645094585,False,False,False,False,0.3428282505192464,0.3415785034293338,False,False,False,False,725388.0,485888.8832542991,False,False,False,False,14367.156984569536,False,False,False,False
2025-08-06 15:00:00+00:00,170.86,171.09,170.58,170.835,18316.0,,,,,,,,170.83499999999998,167.94151251080424,165.94854380400082,162.7189971943348,160.43115724225092,160.35061124234298,159.0851810722999,158.46643540231253,157.47303773548174,156.52419783335188,156.28837498840468,155.67887318460367,154.43328352878345,154.18868824524802,153.9528813607507,153.6726828488424,,,,,,,,,168.31092251308112,166.89184008080596,165.6826270912179,160.95045968332633,159.68325056112505,157.9573505105915,157.55299135075958,157.09778712660645,155.76041183966615,155.03492640975725,154.22865724321,153.985010898704,153.7203668366573,153.63716601126154,152.97138273259762,,,,159.68325056112505,157.09778712660645,155.03492640975725,159.98060473577468,"rgba(0, 255, 0, 1.0)",3.651819921454969,161.82625283989404,2.4669198793670737,71.27861239982087,17.81948336245543,True,False,True,False,True,20.0,0.0,0.0,0.0,0.0,0,1.037862771477993,0.8686142610032672,False,False,False,False,0.34282825059461697,0.3422033770119754,False,False,False,False,707072.0,489318.0788627596,False,False,False,False,14428.37935690179,False,False,False,False
2025-08-06 16:00:00+00:00,170.835,171.03,170.14,170.17,11034.0,,,,,,,,170.6890078364565,167.997614101708,166.00783993848043,162.77799434363698,160.48938679479738,160.40855930415083,159.14127778431592,158.51969803775418,157.51985920406813,156.56695989374768,156.3290793774537,155.71561053806795,154.46719100776795,154.2207139539126,153.983682731886,153.7028556961115,,,,,,,,,168.37575010201326,166.94727896997526,165.74233830941841,161.00975237076662,159.74053403416195,158.0064993362756,157.60025815057608,157.14298690910874,155.79743218835847,155.07024959839347,154.26107636204136,154.01591815727036,153.75064174028776,153.66724890646836,153.00076069906802,,,,159.74053403416195,157.14298690910874,155.07024959839347,160.0217979378963,"rgba(0, 255, 0, 1.0)",3.6736624310971004,161.87132673556047,2.2589645674007133,68.71979924326284,17.81948336245543,True,False,True,False,False,19.02539929465435,0.0,0.0,0.0,0.0,0,1.0515761548064912,0.8661438826466915,False,False,False,False,0.3333060349294455,0.33775470597071044,False,False,False,False,696038.0,492523.03888039116,False,False,False,False,14375.753320360678,False,False,False,False
2025-08-06 17:00:00+00:00,170.17,170.28,169.8,169.97,5548.0,,,,,,,,170.58212065638907,168.02009579020813,166.03423646089985,162.80567529027775,160.5171567438145,160.43620814675845,159.16821010096683,158.5453413734621,157.54249515496298,156.5876989252633,156.34883694238835,155.73347627580608,154.4837284938949,154.23634368717296,153.99872315116497,153.71759735487706,,,,,,,,,168.40041744905346,166.97116033133958,165.76910677975795,161.03794068819155,159.76795935860036,158.03021681565355,157.62310251930788,157.1648674943669,155.81543163001606,155.08745435711975,154.27689632717164,154.0310092588924,153.7654318954091,153.68194764145326,153.01513176871288,,,,159.76795935860036,157.1648674943669,155.08745435711975,160.03944711171374,"rgba(0, 255, 0, 1.0)",3.703122736285765,161.89019252643394,2.1818902717953437,66.04240785255243,19.778996846474016,True,False,True,False,False,18.345037459900926,0.0,0.0,0.0,0.0,0,1.0546678211586897,0.8576432619647353,False,False,False,False,0.31258315913283685,0.32516893255177365,False,False,False,False,690490.0,495592.29409154784,False,False,False,False,14238.888927796947,False,False,False,False
2025-08-06 18:00:00+00:00,169.97,170.0,169.19,169.41,7574.0,,,,,,,,170.39509119733785,168.04275398204544,166.06541011779152,162.8406145297428,160.55289165478348,160.47180645345728,159.20313429996222,158.57869768010764,157.57207292705462,156.61489301879433,156.37476702723032,155.75697131848662,154.5055476317268,154.2569791544959,154.01859228638682,153.7370838512477,,,,,,,,,168.42319987591947,166.99808906863674,165.80101650202693,161.07408282766204,159.8034096943896,158.06114501168398,157.6529427883442,157.19349967245367,155.8390967925279,155.11011970422285,154.29778053025373,154.05094385684677,153.78498047833034,153.7013789052679,153.0341550391168,,,,159.8034096943896,157.19349967245367,155.11011970422285,160.0594405384455,"rgba(0, 255, 0, 1.0)",3.7271505286290227,161.91087386075097,2.0120266358030543,61.7057739474007,15.844902752684646,False,False,True,False,False,16.454301645642435,0.0,0.0,0.0,0.0,0,1.0433364765047928,0.8585965739431084,False,False,False,False,0.2958953982836595,0.31053216541771655,False,False,False,False,682916.0,498496.5375940044,False,False,False,False,14135.557316513272,False,False,False,False
2025-08-06 19:00:00+00:00,169.39,169.63,168.92,168.96,19025.0,,,,,,,,170.0160912456434,168.0836142823392,166.13336547123635,162.92211904136616,160.63783491191703,160.55647178523745,159.28678118251634,158.6588487410023,157.6434918085089,156.68079302815192,156.43766660913204,155.81408951871856,154.5587583323939,154.30734129792523,154.06711419872306,153.78469949961146,,,,,,,,,168.459108991176,167.05395308996154,165.87125819323148,161.1596839419665,159.8880486172032,158.13566701492468,157.72497037147357,157.26273851643094,155.89661467266632,155.16531361342288,154.34874285072897,154.09962201969546,153.83274313113367,153.74886315393448,153.08069853217833,,,,159.8880486172032,157.26273851643094,155.16531361342288,160.108134685171,"rgba(0, 255, 255, 0.75)",3.737059073993751,161.9610018885961,1.8728625833372696,57.005212840345244,11.706458083395276,False,True,True,False,False,14.960171926597283,0.0,0.0,0.0,0.0,0,1.0430171122151244,0.8638514312751358,False,False,False,False,0.28399392736518464,0.2972630463914506,False,False,False,False,663891.0,501060.79282510513,False,False,False,False,14211.362629435547,False,False,False,False
2025-08-07 14:00:00+00:00,169.12,169.865,169.12,169.53,9574.0,,,,,,,,169.947241959918,168.10907747851923,166.1700997103824,162.9645028152956,160.68160443994395,160.60009069494717,159.3297550838722,158.6999971977541,157.68013536398686,156.714577622034,156.4699130843451,155.8433660125975,154.58600049529932,154.33312507822865,154.09195365961463,153.80906961174026,,,,,,,,,168.4838189392519,167.08527334216006,165.90898811905885,161.20385321109362,159.93158219624664,158.17391911826303,157.7619283141814,157.29825161998107,155.9260980144874,155.19358589370896,154.3748335591976,154.12454199029375,153.8571894080385,153.7731653823824,153.104504891156,,,,159.93158219624664,157.29825161998107,155.19358589370896,160.13886477459016,"rgba(0, 255, 0, 1.0)",3.7526414624824493,161.99394700847196,2.008199575384637,56.09475975220886,11.058755014520827,False,True,True,False,False,16.201780234105183,0.0,0.0,0.0,0.0,0,1.0385537433680483,0.8605619964629592,False,False,False,False,0.2920744824452143,0.29466876441833245,False,False,False,False,673465.0,503733.7262696771,False,False,False,False,14139.465534405539,False,False,False,False
2025-08-07 15:00:00+00:00,169.53,170.08,169.49,170.005,3792.0,,,,,,,,169.94273851346236,168.12140167476736,166.18594695746467,162.9820381089285,160.69951056568854,160.61793045489944,159.34726368316296,158.71673892050075,157.69501816100882,156.7282779085288,156.48298608400216,155.85522604991962,154.5970178279352,154.34355042509242,154.1019948349272,153.81891788580407,,,,,,,,,168.49656173090028,167.0992375182042,165.92516331355708,161.22195759948238,159.94934825250272,158.1894688834243,157.7769408240148,157.3126659894461,155.93804321108388,155.20502867689217,154.38538330354496,154.13461606805043,153.86706899738957,153.78298583783962,153.11411759996028,,,,159.94934825250272,157.3126659894461,155.20502867689217,160.1526177855366,"rgba(0, 255, 0, 1.0)",3.771558604383967,162.00894869865718,2.120092020325073,57.112837565069896,11.058755014520827,False,True,True,False,False,17.21786843181264,0.0,0.0,0.0,0.0,0,1.0427919061491218,0.8598535548382015,False,False,False,False,0.3030004329013596,0.298834598659846,False,False,False,False,677257.0,506424.00958332553,False,False,False,False,13979.039712166692,False,False,False,False
2025-08-07 16:00:00+00:00,169.94,170.415,169.78,170.15,3860.0,,,,,,,,169.95118495653534,168.1355974258602,166.2030568357068,163.0004593244251,160.7181749576063,160.63652210876586,159.36546029447217,158.73412075045678,157.71044942635191,156.74246661606944,156.4965221809946,155.86749907540658,154.60840475420557,154.3543236792301,154.11236923351484,153.82909058033232,,,,,,,,,168.51169215784108,167.11461735302794,165.94255868183546,161.2408544052359,159.96783445136296,158.20560227464838,157.79250816721884,157.32760439555915,155.95040540710485,155.21686203612694,154.3962853695952,154.14502473546182,153.87727444445972,153.79312950368015,153.12404118477193,,,,159.96783445136296,157.32760439555915,155.21686203612694,160.16764268342575,"rgba(0, 255, 0, 1.0)",3.7864665063354237,162.0254833459767,2.1456723941515268,58.272521393454255,11.058755014520827,False,True,True,False,True,17.527238017205132,0.0,0.0,0.0,0.0,0,1.0503751339764196,0.8581239331507282,False,False,False,False,0.3147516175006747,0.3067931080802604,False,False,False,False,681117.0,509132.428039398,False,False,False,False,13822.15537554395,False,False,False,False
2025-08-07 17:00:00+00:00,170.18,170.325,169.65,170.22,4117.0,,,,,,,,169.95684136085626,168.15014033295435,166.2209112658532,163.0198651111637,160.7378951598975,160.65616736567335,159.38471082401145,158.75252034572623,157.7267997350153,156.7575104415261,156.51087702313285,155.88052012439678,154.62049232112133,154.36576160936923,154.12338503152358,153.83989332030077,,,,,,,,,168.52702762956486,167.1305787375587,165.96073331555715,161.2608079979494,159.9873807217585,158.22268975123006,157.8090015565495,157.34343688283138,155.9635204843622,155.22942029190938,154.40785972127665,154.15607677095647,153.88811177988495,153.80390156029665,153.13458161591092,,,,159.9873807217585,157.34343688283138,155.22942029190938,160.18333880444982,"rgba(0, 255, 0, 1.0)",3.8093156026190194,162.04270929408295,2.146656134318435,59.29288865504343,11.058755014520827,False,True,True,False,True,17.678422129810585,0.0,0.0,0.0,0.0,0,1.0380525355130539,0.8616776446313784,False,False,False,False,0.31060574663139323,0.3086994273558268,False,False,False,False,685234.0,511862.6849690197,False,False,False,False,13671.68785034172,False,False,False,False
2025-08-07 18:00:00+00:00,170.3,170.34,169.72,169.9,5041.0,,,,,,,,169.95855218989317,168.16693500616182,166.2421083704146,163.04321895244465,160.76172640016816,160.67991116759381,159.40801553445053,158.77481280170187,157.7466340592956,156.77577627057227,156.5283109462058,155.89634319846056,154.63519210618276,154.37967418729897,154.13678628648938,153.85303724947482,,,,,,,,,168.54446184381172,167.1493733029784,165.98234932410242,161.28490104065102,160.01102581663335,158.24340736723153,157.82900768012175,157.3626501797145,155.97945687285937,155.2446871252534,154.4219377126838,154.16952186373274,153.90129749067478,153.81700839493723,153.1474102119626,,,,160.01102581663335,157.3626501797145,155.2446871252534,160.2020187782754,"rgba(0, 255, 0, 1.0)",3.8098189583616424,162.06313217797793,2.0570184325483547,58.16879606866064,11.058755014520827,False,True,True,False,True,16.554976895045137,0.0,0.0,0.0,0.0,0,1.0408966257302963,0.860736854656015,False,False,False,False,0.3122063269601222,0.3104528771579745,False,False,False,False,680193.0,514472.4572950814,False,False,False,False,13537.878736382934,False,False,False,False
2025-08-07 19:00:00+00:00,169.9,170.06,169.495,169.9,24131.0,,,,,,,,169.92834452261067,168.23619423979457,166.3359424448489,163.15021962402022,160.8720739521454,160.78989194397602,159.5164168041399,158.8787277741991,157.83940421179094,156.8614144851681,156.61010918537735,155.9706993097976,154.70440408009122,154.4452165308847,154.19994702769563,153.9150078963567,,,,,,,,,168.6133578041899,167.23087973948518,166.07847139408614,161.39621849266445,160.1207979408964,158.3401719800713,157.92255907272883,157.45260453640373,156.05433374948305,155.31650376087245,154.48825237627412,154.2328861569251,153.9634613565928,153.87880706399957,153.2079392881184,,,,160.1207979408964,157.45260453640373,155.31650376087245,160.28612839824004,"rgba(0, 255, 0, 1.0)",3.8075687863857843,162.15429755337328,2.0342908772448176,57.41940101107211,11.058755014520827,False,True,True,False,True,16.554976895045137,0.0,0.0,0.0,0.0,0,1.0406671961874498,0.8586576648133436,False,False,False,False,0.30271941177488204,0.3065861444664283,False,False,False,False,680193.0,517041.7680346925,False,False,False,False,13702.113174578548,False,False,False,False
2025-08-08 14:00:00+00:00,170.47,170.55,169.78,169.78,4808.0,,,,,,,,169.93280277349768,168.2511148790923,166.3551887374787,163.17182141517338,160.8942685077776,160.81201192874462,159.53819818803402,158.899607761976,157.8580519812817,156.87862861745975,156.6265544094447,155.98565175368915,154.7183170779933,154.4583936610859,154.21264587487443,153.92746658026863,,,,,,,,,168.62853185434852,167.24784885161642,166.09813529941357,161.41861795500145,160.14286247317648,158.3596220166125,157.9413635556504,157.4706862741877,156.06939107119746,155.33094260358914,154.50158431190073,154.24562597213193,153.97595904337666,153.89123108231686,153.22010481002516,,,,160.14286247317648,157.4706862741877,155.33094260358914,160.30360791837694,"rgba(0, 255, 0, 1.0)",3.8032622021594293,162.1733403558085,2.0000355589137557,56.17041612329338,10.47111580366132,False,True,True,False,False,16.123672774366092,0.0,0.0,0.0,0.0,0,1.0410518800571151,0.8578851340631443,False,False,False,False,0.3173008628803622,0.31194350367339524,False,False,False,False,675385.0,519496.70186361193,False,False,False,False,13564.219947065701,False,False,False,False
2025-08-08 15:00:00+00:00,169.76,169.78,168.78,169.43,6024.0,,,,,,,,169.90324264921364,168.26220179231953,166.37444711082065,163.19592956122713,160.91978733825223,160.83746571304934,159.56353298374364,158.9240055445021,157.87998463071955,156.89897810772817,156.64601926555272,156.0034011017946,154.73491072056956,154.4741245433671,154.2278184487055,153.9423655009837,,,,,,,,,168.6377781582712,167.26350766094347,166.11812707726196,161.44423127435374,160.16840451277193,158.38243084068037,157.9634699736162,157.4919979807124,156.08725868229297,155.34812586755652,154.51749745785497,154.2608458623034,153.9909023758692,153.9060902072303,153.2346828626153,,,,160.16840451277193,157.4919979807124,155.34812586755652,160.32163442196702,"rgba(0, 255, 255, 0.75)",3.795529775838343,162.19242773034992,1.9068674722888923,53.25273257262346,7.549264538974803,False,True,True,False,False,14.86374146279054,0.0,0.0,0.0,0.0,0,1.0333583949982188,0.8647461517154048,False,False,False,False,0.2841792784724078,0.2980613910729015,False,False,False,False,669361.0,521820.17935409857,False,False,False,False,13447.317312227473,False,False,False,False
2025-08-08 16:00:00+00:00,169.43,169.89,169.05,169.2,4285.0,,,,,,,,169.88560627394224,168.27031330194697,166.38822412494036,163.2131024805353,160.93795301772403,160.85558519471124,159.58156637105165,158.94137390880636,157.89560272345508,156.91347075663992,156.65988320420115,156.01604514300968,154.74673157023904,154.4853316086567,154.23862817158883,153.95298026998034,,,,,,,,,168.6446727213737,167.2747695692019,166.1324168194252,161.46246474641507,160.1865855250259,158.39867144003796,157.97921152020052,157.50717472471734,156.09998689400416,155.36036665583592,154.52883418526045,154.2716892752509,154.00154878685316,153.91667663083282,153.2450686584863,,,,160.1865855250259,157.50717472471734,155.36036665583592,160.3346377792543,"rgba(0, 255, 255, 0.75)",3.789691912647906,162.2062261565257,1.8454729314889473,50.053842286820355,4.495734666127333,False,True,False,False,False,14.038224765909678,0.0,0.0,0.0,0.0,0,1.0468234077256628,0.8584158809722718,False,False,False,False,0.28988476912935324,0.2939730801011274,False,False,False,False,665076.0,524041.1998292288,False,False,False,False,13305.265881030147,False,False,False,False
2025-08-08 17:00:00+00:00,169.14,169.21,168.62,168.94,4516.0,,,,,,,,169.8525960980921,168.27526961912986,166.4004122667592,163.22976563795712,160.9559826722822,160.87357989941574,159.599617909271,158.9588181809974,157.91136422786113,156.92815013345097,156.6739385061378,156.0288904913626,154.7587808929019,154.49676304012198,154.24966085924996,153.96382079564603,,,,,,,,,168.6473743192862,167.28396295477634,166.14524327855904,161.48048755625445,160.20472119757946,158.41502608875592,157.99509211100613,157.5225141434739,156.1129145346712,155.37282477291095,154.54039654402766,154.28275550868526,154.01242048564285,153.92748905901425,153.2556905037833,,,,160.20472119757946,157.5225141434739,155.37282477291095,160.34657948308168,"rgba(0, 255, 255, 0.75)",3.7623792405266197,162.2185998189937,1.7864759906727252,46.58777985420943,1.291633445896828,False,True,False,True,False,13.10462760690497,0.0,0.0,0.0,0.0,0,1.0373030121683617,0.8651905046878114,False,False,False,False,0.2672407568169722,0.2806069184590498,False,False,False,False,660560.0,526157.7703745121,False,False,False,False,13168.99819295216,False,False,False,False
2025-08-08 18:00:00+00:00,169.0,169.19,168.71,169.01,5253.0,,,,,,,,169.81872944333253,168.28134935919326,166.41470238372509,163.24918411070243,160.97697479955377,160.8945313258688,159.620632497505,158.9791274336095,157.92971883615272,156.9452463195692,156.69030924977412,156.04385399880417,154.7728169828622,154.510080238776,154.2625139627411,153.97645000721215,,,,,,,,,168.65097203912575,167.2948292692403,166.16026359156666,161.5014731626672,160.2258344774047,158.43407014281468,158.01358512394836,157.5403779598678,156.1279738391582,155.38733706811212,154.55386606524274,154.2956476743403,154.02508602047396,153.94008554084667,153.26806446178563,,,,160.2258344774047,157.5403779598678,155.38733706811212,160.3607135887431,"rgba(0, 255, 255, 0.75)",3.7417782928427052,162.23329221471494,1.8110928160141342,44.82027518238972,-0.3196197264849374,False,True,False,True,False,13.282410757784096,0.0,0.0,0.0,0.0,0,1.0347892229472753,0.8679290604107448,False,False,False,False,0.26660005418250704,0.2736034863207784,False,False,False,False,665813.0,528322.9677330467,False,False,False,False,13046.269538797862,False,False,False,False
2025-08-08 19:00:00+00:00,169.0,169.13,168.05,168.13,11256.0,,,,,,,,169.71372722527462,168.28420824509618,166.43851339362308,163.2865161787437,161.0186111768139,160.93612143694298,159.66279549913617,159.02006100709036,157.96695414896215,156.98009908423572,156.72372452654935,156.07448306558183,154.8016736659937,154.53748418748467,154.28898385579848,154.0024800636223,,,,,,,,,168.6459707406648,167.31038317836936,166.18590863415628,161.542863933282,160.26799616936367,158.47259276709025,158.05108366355435,157.57669158809253,156.15878885350992,155.41711264614375,154.5815790767223,154.322195371284,154.05118738625399,153.96605079795114,153.29361519794165,,,,160.26799616936367,157.57669158809253,155.41711264614375,160.3862377636991,"rgba(0, 255, 255, 0.75)",3.7010094215949767,162.25892451413333,1.5863443771879095,39.83853811021575,-4.897586335446242,False,True,False,True,False,10.145148098242217,0.0,0.0,0.0,0.0,0,1.0232020411417633,0.8723090416201562,False,False,False,False,0.2524040710769841,0.26300377869888125,False,False,False,False,654557.0,530280.0845123793,False,False,False,False,13018.513421917274,False,False,False,False
2025-08-11 14:00:00+00:00,168.9,169.12,168.33,168.945,9381.0,,,,,,,,169.6592167349055,168.29197606362416,166.46144881056844,163.31937774289355,161.05463299553116,160.9720892637288,159.69906401858591,159.05520611920284,157.9988508982448,157.00989692392938,156.75228408818535,156.10063801192578,154.8262659608651,154.56083313247703,154.3115310582081,154.0246443785262,,,,,,,,,168.64887762185623,167.32708585516528,166.21020853639308,161.57877436683424,160.3043464270059,158.50562954167492,158.0832114191361,157.60777351293336,156.18510617642858,155.44251112349366,154.60519202489712,154.34480976413076,154.07341381040862,153.9881589407452,153.31535109268685,,,,160.3043464270059,157.60777351293336,155.44251112349366,160.41041989481946,"rgba(0, 255, 255, 0.75)",3.6613572140184107,162.28386330872405,1.8193080603477132,41.74345935496086,-4.897586335446242,False,True,False,True,False,12.252429210071877,0.0,0.0,0.0,0.0,0,1.0267097856030658,0.8727192877390502,False,False,False,False,0.25771560939233257,0.2603596940456069,False,False,False,False,663938.0,532352.3002563734,False,False,False,False,12962.117864988324,False,False,False,False
2025-08-11 15:00:00+00:00,168.88,169.36,168.57,169.21,7460.0,,,,,,,,169.63152120771338,168.30093593971145,166.4812764448474,163.34640350977062,161.08395221354203,161.0013578579571,159.72848225942363,159.083682313306,158.02466237971845,157.03398277108903,156.77536530926602,156.1217657108263,154.84610724606603,154.57966918849857,154.32971768681074,154.0425181146879,,,,,,,,,168.65482262200507,167.34230009970406,166.2310355115393,161.60805206192876,160.3338713314214,158.5323809037013,158.10921235574236,157.63291376709503,156.2063667582778,155.46301416082733,154.6242412691361,154.36305102768424,154.091338319225,154.00598689158448,153.3328690915034,,,,160.3338713314214,157.63291376709503,155.46301416082733,160.43109500772456,"rgba(0, 255, 255, 0.75)",3.6263837595002473,162.30546742495838,1.90397184439,44.385474451636306,-4.897586335446242,False,True,False,True,True,12.921669716600487,0.0,0.0,0.0,0.0,0,1.028601144045761,0.8694747789911593,False,False,False,False,0.26373141394618527,0.2620455539958961,False,False,False,False,671398.0,534508.0475392203,False,False,False,False,12876.813712042767,False,False,False,False
2025-08-11 16:00:00+00:00,169.21,169.56,168.995,169.34,6394.0,,,,,,,,169.61909098600262,168.31098298017594,166.49967389398498,163.3703790050361,161.1097000241516,161.02705521685863,159.7542268232303,159.10857379256527,158.04719267414924,157.05498116698558,156.7954837754503,156.14017108609028,154.8633698957829,154.59605488593775,154.34553578687746,154.05806035041326,,,,,,,,,168.66296143109022,167.35702176195565,166.25021844227322,161.63380684944946,160.35974538726677,158.55574802276934,158.13191045127968,157.6548469925609,156.22488950085534,155.48086295824152,154.64081271972452,154.37891706103485,154.10692533364656,154.02148886377242,153.34809280109067,,,,160.35974538726677,157.6548469925609,155.48086295824152,160.44999042895472,"rgba(0, 255, 255, 0.75)",3.6064317819964575,162.3254231698201,1.9450185818562036,46.81876161131146,-9.021354398424606,False,True,False,True,True,13.251343353057031,0.0,0.0,0.0,0.0,0,1.0302515570654365,0.8772547116395694,False,False,False,False,0.27474872031851044,0.26839713715720326,False,False,False,False,677792.0,536729.5041665193,False,False,False,False,12776.304972321173,False,False,False,False
2025-08-11 17:00:00+00:00,169.34,169.34,168.73,169.02,9143.0,,,,,,,,169.58925661378592,168.3211927085194,166.52308477348507,163.40279197623232,161.14504119825511,161.06234227402288,159.78977187407406,159.14302517781792,158.07848887705268,157.0842275315953,156.8235248050906,156.16586551922387,154.8875252944574,154.61899559697488,154.36769177451998,154.07983945477517,,,,,,,,,168.66948144895616,167.3748348024162,166.27485722285877,161.6690573484288,160.39538225166882,158.5881555594887,158.16343159420876,157.6853476653002,156.25074316422337,155.50581160979183,154.66401127267594,154.40113897841923,154.1287655968525,154.04321274678034,153.36944596085604,,,,160.39538225166882,157.6853476653002,155.50581160979183,160.4750499264242,"rgba(0, 255, 255, 0.75)",3.553329756771285,162.35155121445877,1.8766760312165613,46.72087482927701,-8.985814754204377,False,True,False,True,True,12.089650574217508,0.0,0.0,0.0,0.0,0,1.0206745581319923,0.8793578725474295,False,False,False,False,0.26251246682540386,0.26545480199130356,False,False,False,False,668649.0,538774.7676678136,False,False,False,False,12719.974662672783,False,False,False,False
2025-08-11 18:00:00+00:00,169.075,169.11,168.31,168.56,8215.0,,,,,,,,169.5488117691937,168.32546086946746,166.5407025862227,163.4297058651238,161.17504989265603,161.09232333768534,159.82020803782214,159.17262557042196,158.10551192337357,157.1095737134023,156.8478499232997,156.1882032863549,154.9085928256122,154.63901813377905,154.38704110187794,154.098871078523,,,,,,,,,168.6693324944415,167.3870132100762,166.29370225052836,161.6988669251209,160.42579168527305,158.61607747485817,158.19063921702772,157.71172414004977,156.2732138458856,155.5275386426689,154.68425630181875,154.42054444254097,154.14784875282717,154.06219755321354,153.38813015331525,,,,160.42579168527305,157.71172414004977,155.5275386426689,160.49527175688658,"rgba(0, 255, 255, 0.75)",3.514555561203818,162.37221344993375,1.7606170801143308,44.499736686117345,-8.985814754204377,False,True,False,True,True,10.439921668128985,0.0,0.0,0.0,0.0,0,1.0148301641475697,0.8848935478628308,False,False,False,False,0.247494846997274,0.25647482449428877,False,False,False,False,660434.0,540660.9573163745,False,False,False,False,12650.130094259252,False,False,False,False
2025-08-11 19:00:00+00:00,168.555,168.75,167.9,168.09,25863.0,,,,,,,,169.39188814593916,168.32245505584558,166.58386216713419,163.50611088385094,161.26284792599665,161.18011358440694,159.910262495873,159.26061666372976,158.18639684588294,157.18582062258727,156.92112610635363,156.25569636558288,154.97251913518755,154.69983582997173,154.44586302341483,154.15677294803854,,,,,,,,,168.6494128437582,167.41191664883837,166.34110214645085,161.78560214414915,160.51535090531263,158.6994045951103,158.27203677582116,157.79083857781427,156.34108611731378,155.59333661835004,154.74573855557503,154.47953114491608,154.20589977253218,154.11996277189786,153.44507192185418,,,,160.51535090531263,157.79083857781427,155.59333661835004,160.55141511027344,"rgba(0, 255, 255, 0.75)",3.478810643810807,162.42806003284943,1.6275504897697715,41.179334273064256,-8.985814754204377,False,True,False,True,False,8.785191244453099,0.0,0.0,0.0,0.0,0,1.0074251399821468,0.8887851984094779,False,False,False,False,0.23072973828900048,0.24360228139164464,False,False,False,False,634571.0,542116.9269703842,False,False,False,False,12854.980790472286,False,False,False,False
2025-08-12 14:00:00+00:00,165.36,165.605,163.02,163.91,12011.0,,,,,,,,169.11556773938278,168.25031542610296,166.55592738370896,163.51102646237402,161.27956192250832,161.1971027607941,159.9313411005073,159.2826637063675,158.2085095544808,157.20798243669725,156.9427273246185,156.27623681165463,154.9929639607155,154.71946880679215,154.4650080471965,154.17578437707286,,,,,,,,,168.5536505815054,167.3689910472582,166.31699611951697,161.80023168755113,160.53472790652643,158.7213320304974,158.29415605376408,157.81303803721272,156.36166373048994,155.61391226400661,154.76555523964413,154.49870954928033,154.224932407413,154.13894995952222,153.46414033917128,,,,160.53472790652643,157.81303803721272,155.61391226400661,160.5446260037871,#000000,3.447843871226801,162.41382649901382,0.4339446787228826,32.293296846811124,-11.349410786782215,False,True,False,True,False,0.0,0.0,0.0,0.0,0.0,0,0.9855344436625221,0.8958088982719521,False,False,False,False,0.0573450036536266,0.15047364252263562,False,False,False,False,622560.0,543364.1063971999,False,False,False,False,12841.895816976592,False,False,False,False
2025-08-12 15:00:00+00:00,163.89,163.96,162.3,162.49,9508.0,,,,,,,,168.86596200946659,168.17781641624617,166.52277736316137,163.50760576732557,161.28695779594722,161.20478156304972,159.9429667542891,159.29551490307276,158.22222370192972,157.22226906799668,156.95677024517497,156.2898373439517,155.0068697787201,154.73288751042398,154.47814846035507,154.18889106602174,,,,,,,,,168.45967020811503,167.32269017728757,166.28725676855328,161.80560922421412,160.5446608391348,158.73458139590772,158.30781942964765,157.8270406062848,156.37525977641462,155.62774113922364,154.7790885793421,154.5118657897913,154.238044094384,154.15204708798217,153.47741521607395,,,,160.5446608391348,157.8270406062848,155.62774113922364,160.53226633459525,#000000,3.437836781863646,162.39406326409696,0.02790613458124825,25.491551541564093,-17.281558173996785,False,True,False,True,False,0.0,0.0,0.0,0.0,0.0,0,0.9800202130140709,0.9131617818549322,False,False,False,False,-0.005885142738849063,0.07229424989189327,False,False,False,False,613052.0,544444.538856158,False,False,False,False,12790.207509736643,False,False,False,False
2025-08-12 16:00:00+00:00,162.47,163.045,162.465,163.03,6335.0,,,,,,,,168.70869232820817,168.12996768084636,166.50060107655685,163.50508099828605,161.2916384734263,161.20965219292887,159.9504814165877,159.30386252716806,158.23118132306635,157.23163182425313,156.96598072092314,156.2987728424753,155.01602614383765,154.7417275121154,154.48680857069655,154.19753214190777,,,,,,,,,168.39800425403524,167.29188998813493,166.26732354908305,161.80893957932614,160.55103915122083,158.74321585523944,158.3167407399595,157.83619994851858,156.38419069478397,155.63683781182846,154.78800331793107,154.52053592295178,154.24668793908845,154.1606822604979,153.48617389820333,,,,160.55103915122083,157.83619994851858,155.63683781182846,160.52430727802962,#000000,3.4087846464336247,162.38125615299603,0.1903152924848762,23.071504793254903,-19.192133191311854,False,True,False,True,False,0.0,0.0,0.0,0.0,0.0,0,0.9764132244509629,0.9355426940458254,False,False,False,False,-0.02223616287317103,0.025029043509361124,False,False,False,False,619387.0,545606.4374785431,False,False,False,False,12690.12677315158,False,False,False,False
2025-08-12 17:00:00+00:00,163.01,164.08,162.95,164.05,11032.0,,,,,,,,168.49042679174423,168.06169053474642,166.4714165182455,163.50632502226816,161.3041245762447,161.2224168182662,159.9672739085081,159.32175783888826,158.24954426182632,157.25030959620645,156.98425099916915,156.31627999301227,155.03363894735597,154.75867926222176,154.503369941294,154.21400794371624,,,,,,,,,168.30968474738572,167.24927878964814,166.2416137100984,161.81937914557315,160.56612825145695,158.7612506423341,158.3350813529514,157.85475267914788,156.40171452365334,155.65447835003476,154.80510694335763,154.53712239274924,154.26317714752864,154.17714079975855,153.502763653015,,,,160.56612825145695,157.85475267914788,155.65447835003476,160.5174641681738,"rgba(38, 166, 154, 0.5)",3.357530239074868,162.36756314202563,0.5010935831326893,25.074613553257546,-19.192133191311854,False,True,False,True,False,0.0,0.0,0.0,0.0,0.0,0,0.9798128024113582,0.923098278734036,False,False,False,False,0.01089871194602346,0.01796387772769229,False,False,False,False,630419.0,546921.3609284882,False,False,False,False,12664.41938131977,False,False,False,False
2025-08-12 18:00:00+00:00,164.05,164.34,163.795,164.25,8129.0,,,,,,,,168.35489135849656,168.01758725455855,166.45360398572637,163.50933912352338,161.31490232903064,161.23338000142948,159.9809848067221,159.33615387893593,158.2640712187146,157.26492802487192,156.9985189650736,156.32988485616355,155.04722100083592,154.7717353911479,154.516111050135,154.22666713893733,,,,,,,,,168.25263409926333,167.22228327828563,166.2261736931809,161.8287664244346,160.57868809770116,158.77562049545895,158.3496065405482,157.86936127947504,156.41534052297692,155.66812824855006,154.8182826244766,154.54988472962262,154.27584931209773,154.18978476885616,153.51547379364376,,,,160.57868809770116,157.86936127947504,155.66812824855006,160.5152834999833,"rgba(38, 166, 154, 0.5)",3.2959022811428538,162.36099372527252,0.5731378280039496,27.08224647477786,-19.192133191311854,False,True,False,True,True,0.0,0.0,0.0,0.0,0.0,0,0.9828768480716632,0.9193388560783221,False,False,False,False,0.034997766973909245,0.026480822350800768,False,False,False,False,638548.0,548341.9289761086,False,False,False,False,12594.102801764424,False,False,False,False
2025-08-12 19:00:00+00:00,164.35,164.79,164.15,164.75,25830.0,,,,,,,,168.01419127051767,167.89875204222258,166.40901956603582,163.52532185810952,161.3538209781143,161.27282606532225,160.02846515961835,159.3854313471086,158.31314697698846,157.31388664462315,157.04622285862953,156.3751956215709,155.09216463443047,154.81489853275065,154.55819519541026,154.2684359615119,,,,,,,,,168.0993336282618,167.15115743703709,166.18844590169016,161.86364234998445,160.62283536183025,158.82444402514426,158.39871909451676,157.91852703640436,156.4607440908618,155.71342576718453,154.8618470909935,154.5920442200188,154.3176683725785,154.23149792569671,153.55730650191552,,,,160.62283536183025,157.91852703640436,155.71342576718453,160.51785861359807,"rgba(38, 166, 154, 0.5)",3.2392106187199747,162.3518366311144,0.740354256381537,30.12151529742693,-19.192133191311854,False,True,False,True,True,0.0,0.0,0.0,0.0,0.0,0,0.9856899353866886,0.9175090181155108,False,False,False,False,0.052578116551493824,0.0395294694511473,False,False,False,False,664378.0,550140.9378291921,False,False,False,False,12799.3105102642,False,False,False,False
2025-08-13 14:00:00+00:00,163.355,163.67,162.785,163.03,26014.0,,,,,,,,167.61149251866476,167.74011947272896,166.33367089211626,163.5198516609479,161.37537455338568,161.29509466984638,160.06082365574414,159.42094692432696,158.35089332711675,157.35312861058208,157.08481659299062,156.4126020241828,155.130365855382,154.85179091795013,154.59433624385636,154.30448139066388,,,,,,,,,167.90099866076636,167.04649946485736,166.1208279223985,161.88010349108015,160.6508517128557,158.86098183782602,158.43633361404343,157.9570262883631,156.49814018140364,155.75143011189672,154.89904758934708,154.62822837722334,154.35372807229948,154.26751702723834,153.59379331949776,,,,160.6508517128557,157.9570262883631,155.75143011189672,160.50172850203214,#000000,3.2056219379404074,162.31999694670142,0.22148683377015788,29.459813873928674,-19.192133191311854,False,True,False,True,True,0.0,0.0,0.0,0.0,0.0,0,0.9710735703366912,0.9209814604319364,False,False,False,False,-0.0016347460293139244,0.018947361710916686,False,False,False,False,638364.0,551508.7372426931,False,False,False,False,13004.189417081809,False,False,False,False
2025-08-13 15:00:00+00:00,162.99,163.06,161.56,161.72,23256.0,,,,,,,,167.23176071967725,167.57656638161404,166.2479069494118,163.50118849932005,161.38315695474574,161.3036286616402,160.07960046493753,159.44339550353007,158.37689798563855,157.3815153585564,157.11302725613623,156.44055484571598,155.15979409616602,154.88037093446644,154.6224673580698,154.33267397748503,,,,,,,,,167.70037270888935,166.9334571790233,166.04235961957326,161.8827180181179,160.66513843575353,158.88529255239098,158.46211141289757,157.98413162769424,156.52601569303584,155.78031814323504,154.92783911201565,154.65637629649353,154.3819093596515,154.2957057934963,153.62262959181558,,,,160.66513843575353,157.98413162769424,155.78031814323504,160.47636476456734,#000000,3.1981661651352047,162.27841611553515,-0.17460509764086787,27.515524684922156,-19.192133191311854,False,True,False,True,True,0.0,0.0,0.0,0.0,0.0,0,0.9608155959375851,0.9275069068835359,False,False,False,False,-0.04165551839308394,-0.011354078341083628,False,False,False,False,615108.0,552494.7723242018,True,False,False,False,13163.132216816974,True,False,False,False
2025-08-13 16:00:00+00:00,161.76,162.42,161.3,162.2,15413.0,,,,,,,,167.0016005514883,167.4706648035948,166.1911011885259,163.4878694989941,161.387253244296,161.30822610146612,160.09101300386666,159.45729887778757,158.39329712852555,157.39959183526656,157.1310316042691,156.45847663929882,155.17877154780084,154.89882457451927,154.6406493786009,154.35091263265926,,,,,,,,161.97333333333333,167.5717547982938,166.85925547289392,165.99023241977324,161.88338628218324,160.67355362942092,158.90051516761343,158.47835004701915,158.00129933664053,156.5438791898401,155.79889961803207,154.9464251889205,154.67456702201412,154.4001379263606,154.3139440883667,153.6413202705627,,,,160.67355362942092,158.00129933664053,155.79889961803207,160.74308322036578,#000000,3.186059764005632,162.45023623154373,-0.07854097226008462,27.796992276164254,-19.192133191311854,False,True,False,True,True,0.0,0.0,0.0,0.0,0.0,0,0.9723899913718724,0.9309357596674244,True,False,False,False,-0.06132511158250043,-0.03633959496179203,False,False,False,False,630521.0,553704.4812804157,False,False,False,False,13198.013887874074,False,False,False,False
2025-08-13 17:00:00+00:00,162.2,162.97,162.09,162.84,6322.0,,,,,,,,166.92455936041208,167.4334527956819,166.17181334649356,163.48482485105168,161.3907906709721,161.31194684640315,160.09728186905554,159.4644419498441,158.4012125539031,157.40802922298678,157.1393792905151,156.46666988065357,155.1872782003128,154.90706958534338,154.64875009084537,154.35901406039073,,,,,,,,162.16530572808833,167.52667889069377,166.83348315578633,165.97268539770835,161.8856479701887,160.67871092296363,158.90804756370727,158.48621696735387,158.00946139050964,156.55205904627655,155.80730028436238,154.9547337458719,154.6826745777471,154.40823890487965,154.32204237217485,153.64956787293434,,,,160.67871092296363,158.00946139050964,155.80730028436238,160.74648047607184,#000000,3.1370378493834377,162.45176752842892,0.12375766255016364,30.01567156854669,-19.192133191311854,False,True,False,True,True,0.0,0.0,0.0,0.0,0.0,0,0.9803651530652396,0.9187455733060512,False,False,False,False,-0.03205192450609784,-0.03419575973394494,False,False,False,False,636843.0,554993.4505628898,False,False,False,False,13091.409021395406,False,False,False,False
2025-08-13 18:00:00+00:00,162.88,163.0,162.48,162.73,4939.0,,,,,,,,166.86764120154427,167.40539456029168,166.15732561647874,163.48274813356082,161.3937689744741,161.31506531401578,160.1023565657691,159.4701813310777,158.40752635491822,157.41473192354448,157.1460055649195,156.47316266172973,155.1940024817359,154.91358468271332,154.65514903064624,154.36541110546622,,,,,,,,162.2710998225488,167.49276390887923,166.81405646881714,165.95952433986906,161.8876483096758,160.68293316589885,158.91407369938668,158.49249484667743,158.01595998248698,156.55854253085278,155.8139479997367,154.96129942047412,154.6890792134108,154.41463600140636,154.3284366377122,153.65607470325077,,,,160.68293316589885,158.01595998248698,155.8139479997367,160.74777020717454,#000000,3.074642142803304,162.45124994929697,0.09066097378372438,31.308980800289728,-24.986801296873658,False,True,False,True,True,0.0,0.0,0.0,0.0,0.0,0,0.9859610379367458,0.9118226989510209,False,False,False,False,-0.028097205829467488,-0.031146482781706213,False,False,False,False,631904.0,556185.8621820698,False,False,False,False,12965.015083079197,False,False,False,False
2025-08-13 19:00:00+00:00,162.71,163.18,162.435,163.03,21480.0,,,,,,,,166.64518496722343,167.29084010028618,166.09832517436675,163.47557843052323,161.40795211893354,161.32983770775738,160.1254040342233,159.4960075266647,158.43568548072452,157.44447620233282,157.17538478643655,156.50189452954592,155.2236675036342,154.94231640832265,154.68335823684035,154.39359890356818,,,,,,,,162.54345468012346,167.35501661001751,166.7345982582127,165.90602986040363,161.89770690179333,160.70237857494692,158.94104838319154,158.52050884743434,158.0448779109776,156.5872402737829,155.8433140248037,154.99025563514328,154.71731501903423,154.44282618531417,154.35661063254798,153.6847153861232,,,,160.70237857494692,158.0448779109776,155.8433140248037,160.74866674093934,#000000,2.973785617844144,162.44307412635573,0.19736657213029696,33.2132952016865,-22.79271179557393,False,True,False,True,True,0.0,0.0,0.0,0.0,0.0,0,0.9851271706024287,0.9131759028519435,False,False,False,False,-0.038971669849756994,-0.0350590763157316,False,False,False,False,653384.0,557692.8100552161,False,False,False,False,13097.030353108978,False,False,False,False
2025-08-14 14:00:00+00:00,163.66,164.23,162.675,162.675,11906.0,,,,,,,,166.541608104305,167.23412308298055,166.06960951625024,163.47372462592838,161.41733580380657,161.33952691755425,160.13944094547404,159.51145714334191,158.4522249303979,157.4617610250705,157.1924222755873,156.51848200898507,155.24067710281855,154.95877451426318,154.6995021962176,154.40971343202943,,,,,,,,162.6722834387834,167.28722948218086,166.69537576251463,165.8801459780404,161.90493335347742,160.7145297480158,158.95701267573332,158.53698174206878,158.06178237872544,156.60381709169116,155.8602023644241,155.0068448459179,154.7334762235576,154.45894491746753,154.37271519392579,153.70104934471314,,,,160.7145297480158,158.06178237872544,155.8602023644241,160.75094129376293,#000000,2.859363392261427,162.44070041838341,0.08194116992988874,33.751893933200776,-21.882276593382766,False,True,False,True,True,0.0,0.0,0.0,0.0,0.0,0,0.9809853068280036,0.9081873182996774,False,False,False,False,-0.01556508889050825,-0.025312082603119925,False,False,False,False,641478.0,558991.8052481585,False,False,False,False,13078.564766239071,False,False,False,False
2025-08-14 15:00:00+00:00,162.61,162.745,161.92,162.19,5590.0,,,,,,,,166.48247312001655,167.20216692309594,166.05212595385248,163.4700701296082,161.41947164855767,161.34182939914632,160.14404012819574,159.5168878905966,158.45847061061323,157.46856018851724,157.19918254213644,156.52518572019386,155.24772897083605,154.9656292710487,154.70625252821432,154.41647873248414,,,,,,,,162.63930682914443,167.24926486002133,166.67255943467873,165.86411170081058,161.90592604697667,160.71811842583074,158.9628685273492,158.5431750097673,158.0682828515072,156.61050252892957,155.86712602212495,155.0137488966242,154.74023042097446,154.46570747612313,154.3794796684204,153.70796697049306,,,,160.71811842583074,158.0682828515072,155.86712602212495,160.74572737436526,#000000,2.744646815920019,162.43187198958677,-0.0881249959680852,33.142248652827114,-21.882276593382766,False,True,False,True,True,0.0,0.0,0.0,0.0,0.0,0,0.9728902663894228,0.921848640590058,False,False,False,False,-0.06937469188019736,-0.047343387241658645,False,False,False,False,635888.0,560183.9943140785,False,False,False,False,12962.462986917533,False,False,False,False
2025-08-14 16:00:00+00:00,162.19,162.26,161.92,162.165,4480.0,,,,,,,,166.43438158967362,167.17597743931782,166.03760318471873,163.46673965956757,161.42084108888946,161.34333545732582,160.14742029965836,159.5209585786539,158.4632396936144,157.473803586893,157.20440682058495,156.53038880367959,155.2532340938057,154.97098625390572,154.7115326315081,154.42177531016011,,,,,,,,162.6058133941727,167.21822452835298,166.65374150631658,165.8507587304464,161.90636277737107,160.72067192624888,158.9673073411458,158.54789889980034,158.07326865470392,156.61568892330106,155.87251739888487,155.01914342767844,154.74551295887738,154.4710011229751,154.3847761861028,153.71339320314556,,,,160.72067192624888,158.07326865470392,155.87251739888487,160.74094911219225,#000000,2.6153748030360977,162.42407039991105,-0.09905670101673658,32.684578395143475,-21.882276593382766,False,True,False,True,True,0.0,0.0,0.0,0.0,0.0,0,0.9705709009469176,0.9270362657655884,False,False,False,False,-0.08082656846274043,-0.06408497785219953,False,False,False,False,631408.0,561288.2424642479,False,False,False,False,12830.951932856797,False,False,False,False
2025-08-14 17:00:00+00:00,162.165,162.42,161.76,161.915,3559.0,,,,,,,,166.39620242811728,167.1550239878688,166.0258986707035,163.4639431224615,161.42179501930082,161.3443989691508,160.14998394131922,159.52407973775448,158.46693323394751,157.47788597814252,157.2084788856936,156.5344537605967,155.257548148046,154.9751866527326,154.71567473378718,154.42593230187745,,,,,,,,162.5780834995725,167.19343339211392,166.63863012337464,165.8399833519368,161.90657036808423,160.72257299158548,158.97073160084554,158.551555291587,158.07713924182923,156.61973980680082,155.87673669990767,155.02337285048355,154.7496567266432,154.4751554913055,154.38893337322185,153.71765621163058,,,,160.72257299158548,158.07713924182923,155.87673669990767,160.73700700404896,#000000,2.6551318709713843,162.41770000297748,-0.189331463522969,31.83527038429407,-21.882276593382766,False,True,False,True,True,0.0,0.0,0.0,0.0,0.0,0,0.9722857368130567,0.9269888827564453,False,False,False,False,-0.08082656846274043,-0.07245577315746998,False,False,False,False,627849.0,562320.1921934843,False,False,False,False,12687.200740099326,False,False,False,False
2025-08-14 18:00:00+00:00,161.96,162.165,161.76,161.96,7352.0,,,,,,,,166.31816183381764,167.111691343397,166.00151540127075,163.45791989580937,161.42353109513067,161.34636283578376,160.15506156343622,159.53032345840663,158.47438964755915,157.4861667803355,157.216747264907,156.542725261685,155.2663506253336,154.98376189744783,154.7241347226089,154.43442633588563,,,,,,,,162.52216246508968,167.14227983019734,166.60725499794844,165.81750992570167,161.90675828226094,160.72627364784535,158.97761987058416,158.55893278828083,158.08496987236066,156.62798076724005,155.88533551729566,155.03200653618097,154.75811966122302,154.4836435677984,154.3974282566111,153.7263746663509,,,,160.72627364784535,158.08496987236066,155.88533551729566,160.72880126031433,#000000,2.68987231854708,162.40448245877877,-0.16524295808168687,31.508907324590638,-21.882276593382766,False,True,False,True,True,0.0,0.0,0.0,0.0,0.0,0,0.9715799043440453,0.9267164710067589,False,False,False,False,-0.09085248984482173,-0.08165413150114587,False,False,False,False,635201.0,563450.1271982364,False,False,False,False,12604.48444955515,False,False,False,False
2025-08-14 19:00:00+00:00,161.96,162.315,161.74,161.94,18980.0,,,,,,,,166.1304317917813,167.00386912333764,165.94045852686386,163.44296691551455,161.42826366262386,161.35167418160177,160.16830276169773,159.54653627913083,158.49369376740876,157.50757784030804,157.2381245292426,156.5641066515489,155.2890925552811,155.005918643889,154.74599424929372,154.45637274055602,,,,,,,,162.42276057028022,167.01563472523648,166.52879386852007,165.76121908149156,161.90755756013073,160.73600643337892,158.99547359871136,158.57803550321037,158.10523013947181,156.64928408268523,155.9075556475025,155.05431374303936,154.77998685738626,154.50557476077879,154.4193767588015,153.74889713340525,,,,160.73600643337892,158.10523013947181,155.9075556475025,160.7106785416,#000000,2.7460927738367262,162.3742101838156,-0.15811926965924525,31.23863835117037,-21.882276593382766,False,True,False,True,True,0.0,0.0,0.0,0.0,0.0,0,0.9705649314634341,0.9271056176214243,False,False,False,False,-0.087746507031098,-0.08470031926612193,False,False,False,False,616221.0,564268.2802649305,False,False,False,False,12703.329651887629,False,False,False,False
2025-08-15 14:00:00+00:00,161.46,163.24,161.46,163.04,26842.0,,,,,,,,165.9248598396277,166.8757655329474,165.86950428786508,163.4306425751422,161.44151996641642,161.36566470356686,160.1925571079074,159.57445869889168,158.52510746498254,157.54139073801042,157.2716871084342,156.5972663901825,155.32375942771984,155.0396021870123,154.77914675596432,154.48957039880167,,,,,,,,162.4560296934488,166.86638889689763,166.43596000747385,165.69626285769922,161.91575666587778,160.75574582113327,159.02518716564893,158.60922485135188,158.1377550527372,156.68236980351975,155.94168037421866,155.08824061620797,154.8131613785557,154.53876364802474,154.45256709384526,153.7827715744239,,,,160.75574582113327,158.1377550527372,155.94168037421866,160.70179142591638,#000000,2.7794180024653006,162.35201940712395,0.24752685355920434,36.618679106777364,-17.194202238526707,False,True,False,True,True,0.0,0.0,0.0,0.0,0.0,0,0.9675969725638601,0.9233680227057706,False,False,False,False,-0.07235982278734854,-0.07853007102673523,False,False,False,False,643063.0,565489.9038267145,False,False,False,False,12922.533843331232,False,False,False,False
2025-08-15 15:00:00+00:00,163.07,163.295,162.63,162.645,11038.0,,,,,,,,165.8535053073367,166.82846976734936,165.8435698718448,163.42729141133984,161.44818643218818,161.37261566185256,160.20352951733844,159.58683568968343,158.53875760660884,157.55592120150175,157.28607966838305,156.61142223941897,155.3384596153176,155.0538718431283,154.79317912256337,154.50360753568634,,,,,,,,162.48809785039023,166.8116660896739,166.4016882519238,165.67261847789456,161.92045087951078,160.76495353716075,159.038203453211,158.6227938061802,158.15181768591094,156.69650172896152,155.95619275475036,155.10261541952312,154.8272047469647,154.55279944210264,154.46659940701838,153.79706189473492,,,,160.76495353716075,158.15181768591094,155.95619275475036,160.7008897570102,#000000,2.8193062417340293,162.3462877693502,0.10595238865079364,38.805825566472926,-15.16730093142123,False,False,False,True,True,0.0,0.0,0.0,0.0,0.0,0,0.9722880151586927,0.924917100900047,False,False,False,False,-0.04322496311915853,-0.06087751707294688,False,False,False,False,632025.0,566521.45570537,False,False,False,False,12893.316264364856,False,False,False,False
2025-08-15 16:00:00+00:00,162.71,162.91,162.5,162.56,7000.0,,,,,,,,165.8070421378137,166.79756709704301,165.82626720959686,163.42444860331375,161.45178596295494,161.37640073525543,160.20992018960186,159.59415944361865,158.54697076579606,157.56474880245264,157.29484234309305,156.6200799347567,155.347505175455,155.06266304520778,154.80183273702994,154.51227256826738,,,,,,,,162.4962412152665,166.77601358068438,166.37908495021665,165.65677625529653,161.9227728443978,160.7701967773706,159.04598234622705,158.63094966783044,158.16031521588982,156.7051404575887,155.9650987585072,155.11146957439558,154.8358640893305,154.56146224844278,154.47526251198653,153.8059015773878,,,,160.7701967773706,158.16031521588982,155.9650987585072,160.6992712017769,#000000,2.8617190968340984,162.34139082229666,0.07639085818911732,39.96161950695608,-14.070718222728281,False,False,False,True,True,0.0,0.0,0.0,0.0,0.0,0,0.9740161853379878,0.9261742304030464,False,False,False,False,-0.05546171897492664,-0.05816961802393676,False,False,False,False,625025.0,567428.4873998604,False,False,False,False,12801.947019956098,False,False,False,False
2025-08-15 17:00:00+00:00,162.55,163.105,162.48,162.87,9406.0,,,,,,,,165.749791704003,166.75834984295435,165.80448196640856,163.4214589605324,161.4572335382466,161.38208961962167,160.21901912187218,159.60446222938984,158.5583875684299,157.57693765774553,157.30692561111215,156.63198494414007,155.35989273463395,155.07469474542532,154.81366948423678,154.52411748128205,,,,,,,,162.51587479289122,166.7309020007749,166.35043933068704,165.63688215926263,161.92655218249152,160.77779646700662,159.05684810182416,158.64229504792053,158.17209184998242,156.71702333396846,155.97731689357616,155.1235886177145,154.8477095577521,154.57330534737946,154.487103887073,153.81796830150918,,,,160.77779646700662,158.17209184998242,155.97731689357616,160.6983450510876,#000000,2.8924352640556275,162.33634345100558,0.18450077539372922,42.25877585263656,-11.879879190774211,False,False,False,True,True,0.0,0.0,0.0,0.0,0.0,0,0.9762112787926925,0.9200555996822871,False,False,False,False,-0.05288733826438373,-0.055528478144160245,False,False,False,False,634431.0,568467.2860448237,False,False,False,False,12749.29667856143,False,False,False,False
2025-08-15 18:00:00+00:00,162.885,163.185,162.82,163.05,14387.0,,,,,,,,165.67203940031274,166.70280821583165,165.77395532405797,163.4184403608446,161.46669448209897,161.39190444315105,160.23387573895016,159.62106693140245,158.57654694747276,157.59617939628146,157.32597269239162,156.6506919499275,155.37926687993416,155.0934993025392,154.83215765199992,154.5426050187905,,,,,,,,162.55872676759893,166.667283916797,166.3099361403959,165.6091081243937,161.93355426759518,160.79044081534136,159.0742245891673,158.6603554157002,158.19076055129497,156.735702620456,155.99646506344837,155.14253170211964,154.86621292804458,154.59179226323138,154.505584284552,153.83677139182805,,,,160.79044081534136,158.19076055129497,155.99646506344837,160.69914130947862,#000000,2.9231690149708904,162.33133916307156,0.2458499092073903,44.66309104358413,-9.618492397969867,True,False,False,True,True,0.0,0.0,0.0,0.0,0.0,0,0.9784881864623245,0.9210967432950188,False,False,False,False,-0.04286792937034913,-0.049198203757254685,False,False,False,False,648818.0,569713.0335480047,False,False,False,False,12774.68742773102,False,False,False,False
2025-08-15 19:00:00+00:00,163.045,163.135,162.46,162.93,44696.0,,,,,,,,165.4420759568454,166.53252536485,165.67742959448526,163.40532797399845,161.49210393359624,161.41842673437642,160.27617543342035,159.66900778488093,158.62982421571346,157.6531791777266,157.38253243939081,156.70652287638666,155.43745833928682,155.15006573515242,154.8878387367072,154.59834367659838,,,,,,,,162.61799047128105,166.47391780129985,166.18372915177454,165.52082551155306,161.95129459924092,160.82578418737936,159.12487357424385,158.7132880384064,158.24576254490427,156.79142130306488,156.05381365512935,155.19949925512856,154.92193210177373,154.64751924975621,154.5613089155082,153.89358502022907,,,,160.82578418737936,158.24576254490427,156.05381365512935,160.69699159673456,#000000,2.9539280810649258,162.31041728445933,0.20974874761246942,45.678296845683036,-8.625018013230353,True,False,False,True,True,0.0,0.0,0.0,0.0,0.0,0,0.9768093883926785,0.9210157407778263,False,False,False,False,-0.059696226138346256,-0.05444721494780047,False,False,False,False,604122.0,570246.5058960976,False,False,False,False,13269.591498618911,False,False,False,False
2025-08-18 14:00:00+00:00,164.06,164.44,163.35,163.42,19677.0,,,,,,,,165.38318194183142,166.47927660924054,165.64970593950525,163.40861129758164,161.51021751743193,161.43694836120144,160.300711344872,159.69549077322782,158.65775426308863,157.6821431120089,157.4110884643117,156.73432317381113,155.46585186088,155.17757491904766,154.9148379209524,154.62528395208207,,,,,,,,162.71243623793444,166.41433433596222,166.1451454735291,165.4961160242757,161.96651836208073,160.84769848156625,159.1520080473856,158.74112894580608,158.27420189938738,156.81921096163785,156.08204622438046,155.22721823673263,154.94896017194725,154.6744682102681,154.588231839732,153.92084908257036,,,,160.84769848156625,158.27420189938738,156.08204622438046,160.70773471558684,#000000,2.9761561202746183,162.58369284063826,0.2810024493219647,48.807157411162734,-5.6508190170521,True,False,False,False,True,0.0,0.0,0.0,0.0,0.0,0,0.9784350460397817,0.9128233746561961,False,False,False,False,-0.01278086663069293,-0.0336140407892467,False,False,False,False,623799.0,571076.7771225148,False,False,False,False,13368.931165306989,False,False,False,False
2025-08-18 15:00:00+00:00,163.42,163.73,163.03,163.21,4500.0,,,,,,,,165.36704151372473,166.46559019890725,165.64213073379992,163.40841847898994,161.5135575525849,161.4403887847061,160.305604604596,159.70088436866502,158.663582477728,157.68827870712087,157.4171586403223,156.7402765929721,155.47199485250223,155.18353872496974,154.92070110970877,154.63114423148554,,,,,,,,162.72400786585118,166.3990232045473,166.1350068944372,165.48925598207416,161.96915907661355,160.85195344616906,159.15761330123854,158.746929446008,158.28017544339355,156.8251571782535,156.08812662856224,155.23322542737458,154.9548284043238,154.68032874497766,154.5940895713742,153.92680132627277,,,,160.85195344616906,158.28017544339355,156.08812662856224,160.7089816560457,#000000,3.001374910161537,162.57924334323312,0.21015590375976836,49.727192249828455,-4.743452009477288,True,False,False,False,True,0.0,0.0,0.0,0.0,0.0,0,0.9736884069526393,0.9203077659065539,False,False,False,False,-0.07054814254923003,-0.05208109166923837,False,False,False,False,619299.0,571824.4084849564,False,False,False,False,13231.42835654254,False,False,False,False
2025-08-18 16:00:00+00:00,163.3,163.55,163.22,163.395,5115.0,,,,,,,,165.3495734949699,166.45049559601625,165.63381963033632,163.40836699105708,161.51747496708074,161.44441866271706,160.31126679464643,159.70710530534092,158.67028172171382,157.69531690559617,157.42411905690838,156.74709728318186,155.47902344352315,155.19036103649967,154.92740715703917,154.637845574365,,,,,,,,162.7380098304228,166.38216664732872,166.1238351977696,165.4817432500862,161.9722917128782,160.85689893431356,159.16406547123376,158.75359826650092,158.28703552360577,156.83197033118753,156.0950876128268,155.24009755873732,154.96154038104672,154.68703060759114,154.6007878348599,153.93360463665832,,,,160.85689893431356,158.28703552360577,156.0950876128268,160.71060640759916,#000000,3.0230663881865403,162.5764387238935,0.27077184917449176,51.29665692690375,-3.160215441635472,True,False,True,False,True,0.0,0.0,0.0,0.0,0.0,0,0.9692313863928115,0.9267891527599484,False,False,False,False,-0.07027824317919032,-0.061179667424214344,False,False,False,False,624414.0,572639.7509890656,False,False,False,False,13105.592257991491,False,False,False,False
2025-08-18 17:00:00+00:00,163.395,163.52,163.15,163.29,5811.0,,,,,,,,165.3294205748969,166.43314706060934,165.62416661641143,163.40811038741353,161.52174377880232,161.44881647746936,160.317531963247,159.71401658909755,158.6777596232902,157.7031960125838,157.43191654374857,156.75474955067253,155.48692443279072,155.19803341939874,154.93495139622584,154.64538698273444,,,,,,,,162.7516196499164,166.36281209064492,166.1109388230824,165.47299670707847,161.97566293723528,160.8623429751867,159.1712535635178,158.76103994135374,158.2947026369588,156.83961291591154,156.10290574681596,155.24782538813338,154.96909097869212,154.694572194728,154.60832608555054,153.94126603911093,,,,160.8623429751867,158.2947026369588,156.10290574681596,160.71220851947473,#000000,3.045311648424816,162.5732415994698,0.2353645482888178,51.68181486998015,-2.6264843880345694,True,False,True,False,True,0.0,0.0,0.0,0.0,0.0,0,0.9671593439967606,0.9343186879935208,False,False,False,False,-0.07297770344434133,-0.06707868543427783,False,False,False,False,618603.0,573352.359500863,False,False,False,False,12992.49780437922,False,False,False,False
2025-08-18 18:00:00+00:00,163.28,163.32,162.9,163.14,8488.0,,,,,,,,165.2978332878563,166.40654326704617,165.60899916273,163.40689350681785,161.52725346494412,161.4545206778016,160.32603013095215,159.7235070789698,158.68817057989153,157.71425687116272,157.4428835538413,156.76555555211095,155.49814272179734,155.20893898611845,154.94568449648864,154.65612560725782,,,,,,,,162.76378713471686,166.33314741848102,166.09097842709133,165.45917222029942,161.9798289085773,160.86960824534984,159.18120447534773,158.7713913961637,158.30541588827109,156.85040043888367,156.11397954032194,155.25880771393975,154.97983193491905,154.7053094973775,154.6190613984096,153.95219626747974,,,,160.86960824534984,158.30541588827109,156.11397954032194,160.71353246653464,#000000,3.0690875584507653,162.56659213475285,0.18683333542187458,50.971376706884975,-2.6264843880345694,True,False,False,False,True,0.0,0.0,0.0,0.0,0.0,0,0.9637008066487412,0.9337570276216084,False,False,False,False,-0.08513899740202628,-0.07610884141815205,False,False,False,False,610115.0,573922.3229194543,False,False,False,False,12922.660629117525,False,False,False,False
2025-08-18 19:00:00+00:00,163.17,163.275,162.51,162.51,15416.0,,,,,,,,165.2337309274661,166.35419928489935,165.5780539235476,163.4020069879859,161.5349548324168,161.46259457382715,160.33938907405891,159.73882172423646,158.70545014432557,157.7329189353425,157.46145538985786,156.78399678241553,155.5174883268176,155.22778382961553,154.9642627935116,154.67474464969507,,,,,,,,162.76385577545523,166.27483371268067,166.05114799007833,165.43072697420382,161.98498630922222,160.88062181747776,159.19753236301918,158.7885420714148,158.32332648985934,156.8687943580892,156.13298816668225,155.27777855623785,154.99841995164343,154.7239211049568,154.63767856117434,153.97121530838152,,,,160.88062181747776,158.32332648985934,156.13298816668225,160.71280781966473,#000000,3.1016777166000833,162.5493978929135,-0.012702123338816514,47.07512189760056,1.2865147546283282,True,False,False,True,False,0.0,0.0,0.0,0.0,0.0,0,0.96088109320824,0.9316336936569446,False,False,False,False,-0.09691880721568426,-0.08651382431691815,False,False,False,False,594699.0,574244.4419439589,False,False,False,False,12961.317053472292,False,False,False,False
2025-08-19 14:00:00+00:00,163.16,163.42,162.66,163.06,10071.0,,,,,,,,165.19815894236532,166.32342930853028,165.56018708587874,163.4002485482414,161.541074732068,161.46894472900544,160.3490417588036,159.74966698332167,158.717437454012,157.74571449179865,157.47415885055904,156.79654748529643,155.5305599499404,155.24050232285725,154.9767885808226,154.6872839087272,,,,,,,,162.77393900075998,166.24073228350042,166.02782514105564,165.41439580588494,161.98952260784907,160.88881310323586,159.20895483329943,158.80045499232878,158.3356867599269,156.8813202110279,156.14587251382437,155.29058445977614,155.01095397088955,154.73645766435845,154.65021485197155,153.9839923932535,,,,160.88881310323586,158.3356867599269,156.14587251382437,160.71413088129162,#000000,3.123554378420649,162.54461602702548,0.16499919980106456,47.90013989114086,1.2865147546283282,True,False,False,True,False,0.0,0.0,0.0,0.0,0.0,1,0.95849609375,0.9293212890625,False,False,False,False,-0.08892747297194815,-0.08772064864443316,False,False,False,False,604770.0,574717.706409944,False,False,False,False,12916.505936364194,False,False,False,False
2025-08-19 15:00:00+00:00,163.05,163.3,162.72,162.79,8143.0,,,,,,,,165.16880412835656,166.2981441851709,165.54529985389178,163.39840103719817,161.54562803263084,161.47368670783746,160.3564801373462,159.75809332109466,158.72683656301467,157.75580173180117,157.48418625184524,156.80648079577486,155.54094179442845,155.25061127886806,154.9867504051289,154.69726215832603,,,,,,,,162.7784986746315,166.21274998673957,166.0085442175672,165.4007478731631,161.99278351121333,160.89505575987135,159.21787782174076,158.80979039769082,158.3454013161808,156.89123099076804,156.15608970984576,155.3007615522654,155.0209216193514,154.746432824703,154.66019145236376,153.9941720719694,,,,160.89505575987135,158.3454013161808,156.15608970984576,160.71473265408275,#000000,3.1486156646373122,162.53997346029274,0.0794084024021554,47.03938218522635,1.1327246234911712,True,False,False,True,False,0.0,0.0,0.0,0.0,0.0,1,0.9613005615691381,0.9278505737771628,False,False,False,False,-0.09055187876362109,-0.08913626370402712,False,False,False,False,596627.0,575057.3853803325,False,False,False,False,12842.498092389555,False,False,False,False
2025-08-19 16:00:00+00:00,162.84,162.95,162.465,162.95,4934.0,,,,,,,,165.15022781933882,166.28233831006975,165.53585304706286,163.3969314144079,161.5480798777018,161.4762552707654,160.36070850978334,159.76294010196338,158.73231136701017,157.76172028411966,157.49007935180092,156.81233869799826,155.54709232053753,155.25660561780003,154.99266194599426,154.70318780101877,,,,,,,,162.77866286013975,166.19526710194347,165.99641962057945,165.3920578130393,161.99443965843986,160.89854634404261,159.22304884983762,158.8152238476025,158.3510780921095,156.89707339663474,156.16213045617462,155.30679534453415,155.0268360726456,154.7523559153873,154.66611665557087,154.00022675361848,,,,160.89854634404261,158.3510780921095,156.16213045617462,160.7147047903055,#000000,3.169260959123261,162.5364214943491,0.1304968290668311,47.447548299353834,1.1327246234911712,True,False,False,True,False,0.0,0.0,0.0,0.0,0.0,1,0.955092155494438,0.9423668979105951,False,False,False,False,-0.10695943524664654,-0.09804784947533683,False,False,False,False,601561.0,575468.2941341258,False,False,False,False,12719.885718864134,False,False,False,False
2025-08-19 17:00:00+00:00,162.94,163.06,162.88,162.93,16519.0,,,,,,,,165.0943769391898,166.23294140328795,165.5066002752329,163.39340902178213,161.55732332072188,161.4858761906036,160.3757329169175,159.7799514701791,158.75129030646707,157.78209483332262,157.51033829001452,156.8324177801033,155.56808540263344,155.277052410321,155.01281466823286,154.7233755325085,,,,,,,,162.78808543012545,166.14084091252838,165.95857836657729,165.3652337815981,162.0010997054137,160.91117237079476,159.24106520788496,158.83407364516347,158.3706957874145,156.9171062584968,156.18278674178123,155.3273787849294,155.04700027538703,154.77253710626027,154.6863013080788,154.02082437124042,,,,160.91117237079476,158.3706957874145,156.18278674178123,160.71634220572653,#000000,3.1917623870098795,162.5289687716714,0.12564570281320386,47.59868980666524,1.1327246234911712,True,False,False,True,False,0.0,0.0,0.0,0.0,0.0,1,0.9515376676986587,0.9436945304437567,False,False,False,False,-0.09271849622997494,-0.09538317285265588,False,False,False,False,585042.0,575616.7236824338,False,False,False,False,12778.786715470891,False,False,False,False
2025-08-19 18:00:00+00:00,162.925,163.055,162.76,163.02,9610.0,,,,,,,,165.06300460662914,166.2047739549161,165.4898091750319,163.39133161695082,161.56260076040408,161.49137194236917,160.38435453424256,159.78972874561347,158.76222271562372,157.79384789317288,157.52202997832114,156.84401647043256,155.58022437991164,155.28887954150719,155.0244745953591,154.73505788230509,,,,,,,,162.79277324765656,166.1098987957788,165.93691053415986,165.34982464253284,162.00488517954977,160.91840510528834,159.25143386845565,158.8449300473021,158.3820029248454,156.92867724223035,156.1947253442301,155.33928417324964,155.05866654252313,154.78421531523358,154.69798215956595,154.03274800607315,,,,160.91840510528834,158.3820029248454,156.1947253442301,160.71732271515594,#000000,3.2127870923696107,162.52492330080923,0.1540957072339421,48.336279057608934,1.1327246234911712,True,False,False,False,False,0.0,0.0,0.0,0.0,0.0,1,0.9463880054520674,0.9437445789104129,False,False,False,False,-0.09610558225528136,-0.09574437755396861,False,False,False,False,594652.0,575911.8442454968,False,False,False,False,12729.65823926204,False,False,False,False
2025-08-19 19:00:00+00:00,163.04,163.49,162.97,163.44,44836.0,,,,,,,,164.95060110773784,166.0931342398454,165.42482691324662,163.3893992737688,161.59289079473362,161.52260555751133,160.42929846003847,159.83960191999654,158.8167500092687,157.8517134601589,157.5794477249314,156.90066938539923,155.6390401787925,155.34611734123033,155.08084274077365,154.79146460308868,,,,,,,,162.85482344729112,165.9884561291049,165.8513246433695,165.2906918264082,162.02867301361013,160.95727498245148,159.30362883397046,158.8991533459382,158.43807407154074,156.98523153804166,156.25277322215672,155.39691097783705,155.11507354954847,154.84061356445824,154.75437322172664,154.09015914426735,,,,160.95727498245148,158.43807407154074,156.25277322215672,160.731079802286,#000000,3.226584393262127,162.5238439211001,0.2839399089678359,51.52879846213426,-1.9135090692293062,True,False,True,False,True,0.0,0.0,0.0,0.0,0.0,1,0.9492499070132663,0.9408191098070011,False,False,False,False,-0.07865007501071584,-0.08719722628234222,False,False,False,False,639488.0,576897.5210788999,False,False,False,False,13227.430979738598,False,False,False,False
2025-08-20 14:00:00+00:00,166.65,166.78,165.96,166.755,13530.0,,,,,,,,164.97981684373542,166.0977797978069,165.43435470797226,163.40912266433466,161.61856342811137,161.54840101222663,160.4573987859724,159.86802890102288,158.84450368400246,157.87904815277625,157.60611336383084,156.92601762460134,155.66394964783424,155.37011044434206,155.10426280110985,154.81468426331816,,,,,,,,162.98453792144687,165.99502044696925,165.857600237861,165.3011139573535,162.05331022705664,160.98443157259246,159.3315109004154,158.92696180346613,158.46571034565088,157.01064520472832,156.2779698693099,155.42110869057032,155.1385362005969,154.86386546255622,154.77755982577517,154.11331244240668,,,,160.98443157259246,158.46571034565088,156.2779698693099,160.75772079166592,"rgba(38, 166, 154, 1.0)",3.227398567501292,162.56269234076436,1.298974257921108,61.92100986197326,7.55771917157314,True,False,True,False,True,7.620733732772607,0.0,0.0,0.0,0.0,0,0.9536618809485403,0.933860300048395,False,False,False,False,0.0904164881122526,0.0016096309149551888,False,False,False,False,653018.0,578077.6835427929,False,False,False,False,13232.12197230079,False,False,False,False
2025-08-20 15:00:00+00:00,166.755,167.265,165.79,165.92,9282.0,,,,,,,,164.99701406382786,166.09955299751363,165.43974484711794,163.42175829796088,161.6354007001856,161.56532907539187,160.4759776336401,159.88688456234885,158.86299930005003,157.89732575979775,157.62395999846515,156.94301651949712,155.68069999401328,155.38625538669984,155.1200306260087,154.8303249414247,,,,,,,,163.06417937251598,165.99790936938405,165.86068979870583,165.3071402497884,162.06940264725876,161.00232757463985,159.35005460823402,158.94548780056812,158.4841535846792,157.0276843000026,156.29489205370527,155.43738935181796,155.15433169987173,154.8795265649397,154.79317922156577,154.1289248126922,,,,161.00232757463985,158.4841535846792,156.29489205370527,160.77483897844442,"rgba(38, 166, 154, 1.0)",3.227463640313463,162.58632383252245,1.0329089771414919,64.90557165859677,9.828927194366912,True,False,True,False,True,5.039753601686758,0.0,0.0,0.0,0.0,0,0.9565774715590452,0.9287774395128989,False,False,False,False,0.09895242579005287,0.05028102835250403,False,False,False,False,643736.0,579095.6419374783,False,False,False,False,13170.879771179847,False,False,False,False
2025-08-20 16:00:00+00:00,165.935,166.285,165.73,166.285,9902.0,,,,,,,,165.01185444915345,166.09955668815124,165.44398023783432,163.43408241607077,161.65237488986804,161.5824086398114,160.4949107487086,159.9061799216485,158.8820378709164,157.91621898460625,157.64242810443565,156.96064993835176,155.6981347700547,155.40307317487648,155.13646610324528,154.84663787221658,,,,,,,,163.1394771899151,165.99885403642358,165.86236550961868,165.31208743267183,162.0855362203544,161.02048574466065,159.36909419613835,158.9645497696899,158.5031717040198,157.0453547070726,156.31247828638294,155.45434616456325,155.17079475665395,154.8958591390057,154.8094712121107,154.1452296231913,,,,161.02048574466065,158.5031717040198,156.31247828638294,160.79170474484488,"rgba(38, 166, 154, 1.0)",3.2274898552530953,162.60846040845485,1.1391328110795382,67.53334008249666,11.940438139194981,True,False,True,False,True,6.001183379980471,0.0,0.0,0.0,0.0,0,0.9561350557366495,0.9400780715521754,False,False,False,False,0.07081804678259869,0.06054953756755136,False,False,False,False,653638.0,580251.3374113159,False,False,False,False,13120.199464649928,False,False,False,False
2025-08-20 17:00:00+00:00,166.32,166.35,165.95,166.1,8751.0,,,,,,,,165.02503299315163,166.09980136074807,165.44786624013707,163.44501496789115,161.66738056196422,161.59750673709513,160.5116361768328,159.92322415394727,158.89885754436017,157.93291149223384,157.6587466950005,156.97623386109925,155.7135436667754,155.41793836725012,155.15099426946594,154.86105792839606,,,,,,,,163.20369493637276,165.9999448386345,165.86403203180615,165.31659125538266,162.09980480973408,161.03653048711246,159.38591434077523,158.9813899432524,158.51997368538935,157.06097120108262,156.32802063498625,155.46933388380774,155.1853472427113,154.91029652618778,154.82387279712216,154.15964232513838,,,,161.03653048711246,158.51997368538935,156.32802063498625,160.8065583399829,"rgba(38, 166, 154, 1.0)",3.218151933153677,162.62747282891138,1.0790438870565253,68.40877009832889,12.621636444570072,True,False,True,False,True,5.429527670367843,0.0,0.0,0.0,0.0,0,0.9570345750070932,0.9409833407644606,False,False,False,False,0.07851495586627591,0.06953224671691363,False,False,False,False,644887.0,581253.4407072645,False,False,False,False,13052.459938066208,False,False,False,False
2025-08-20 18:00:00+00:00,166.11,166.11,165.46,165.65,9345.0,,,,,,,,165.03389369334724,166.09703946889263,165.44961430748205,163.45489834652085,161.68189264282927,161.61213086955908,160.5281456613281,159.94017628475515,158.9157610897018,157.94981091511738,157.67529824177663,156.9921049078558,155.72932906834106,155.4331861374114,155.16591212357514,154.87588025269818,,,,,,,,163.26049013147386,165.99771256313892,165.86322273867273,165.31905646321775,162.11345619906785,161.0522397900133,159.40274238933696,158.9983018284398,158.53691187970608,157.07686811380782,156.34390012647498,155.48470393482577,155.20028813096394,154.92513409195755,154.83867807307172,154.17449078109647,,,,161.0522397900133,158.53691187970608,156.34390012647498,160.8203880662273,"rgba(38, 166, 154, 0.5)",3.2044764818170246,162.6439852874287,0.9380673347512941,66.88866592829706,12.621636444570072,True,False,True,False,True,4.044903949386583,0.0,0.0,0.0,0.0,0,0.9542778251512568,0.9381167011816299,False,False,False,False,0.05881645422967925,0.06417435047329645,False,False,False,False,635542.0,582095.1237970743,False,False,False,False,12994.979939026422,False,False,False,False
2025-08-20 19:00:00+00:00,165.65,166.47,165.65,165.96,21955.0,,,,,,,,165.06198174828182,166.09579283060654,165.4576141764866,163.48065797491543,161.71796350895923,161.64844371742998,160.56863659319023,159.98156668163756,158.95680175760987,157.99067823988347,157.71529150922933,157.03038140133208,155.76727662730417,155.46982382718772,155.20174075674578,154.9114598746739,,,,,,,,163.39874385825132,165.99828516932175,165.86569041359527,165.32860510446457,162.147632879644,161.09096923246958,159.4437020498008,159.0393787046306,158.57796658642366,157.115216243859,156.3821289713077,155.52163808171636,155.23617436315433,154.96075356439522,154.87421439109798,154.21008711243957,,,,161.09096923246958,158.57796658642366,156.3821289713077,160.85532176249401,"rgba(38, 166, 154, 1.0)",3.1969267646811423,162.68561668219883,1.0242284415069371,66.66061102009098,12.621636444570072,True,False,True,False,True,4.893300463918717,0.0,0.0,0.0,0.0,0,0.951733074182054,0.9369533527696793,False,False,False,False,0.07365272750485045,0.06891353898907346,False,False,False,False,657497.0,583264.1451335538,False,False,False,False,13133.894978731438,False,False,False,False
2025-08-21 14:00:00+00:00,166.79,167.8,166.79,167.35,18423.0,,,,,,,,165.11419152852662,166.11362637649498,165.47895365469958,163.51260288952986,161.7566741221248,161.68727719106585,160.61005809547558,160.02316703280826,158.99707756511344,158.03009313550226,157.75370617943628,157.0668088326102,155.802870773537,155.50409572702128,155.23517548929317,154.94457670684218,,,,,,,,163.5563116909695,166.0197519333894,165.8838013103896,165.350827220901,162.1852150294322,161.13135723973662,159.4843252972563,159.07975797683514,158.6179620189388,157.15175208716383,156.41822423413043,155.5562029447917,155.26967322534065,154.99392172759295,154.90728033736312,154.2430268273237,,,,161.13135723973662,158.6179620189388,156.41822423413043,160.89530385443436,"rgba(38, 166, 154, 1.0)",3.191878373238155,162.73643716696432,1.4454068399715434,69.29570522364229,13.724355202359135,True,False,True,False,True,8.529686974575402,0.0,0.0,0.0,0.0,0,0.9537857228746645,0.9276924926850777,False,False,False,False,0.14077823152473737,0.10484588525690541,False,False,False,False,675920.0,584700.6700152041,False,False,False,False,13215.89660696816,False,False,False,False
2025-08-21 15:00:00+00:00,167.33,167.52,166.81,166.865,10131.0,,,,,,,,165.13875624466064,166.12122812123317,165.4889201330911,163.52881080463564,161.77679290353078,161.70747345708963,160.63178428162297,160.04507051054938,159.01840420066478,158.05105007540666,157.77415468921708,157.08624805695726,155.8219307229729,155.5224632670696,155.25310663671738,154.96234861165308,,,,,,,,163.63229355882888,166.02905133751176,165.8918720964137,165.3613169707754,162.20466016608782,161.15246115216246,159.50578328599346,159.10113077747909,158.63917655664372,157.17124390325475,156.43752188200136,155.57472465110303,155.28763731797073,155.0117193089996,154.92502636044583,154.26072741999135,,,,161.15246115216246,158.63917655664372,156.43752188200136,160.9156744215955,"rgba(38, 166, 154, 1.0)",3.181665972467296,162.761254742495,1.2898102104422569,68.85222088890424,13.724355202359135,True,False,True,False,True,7.015062401838879,0.0,0.0,0.0,0.0,0,0.950998839024781,0.9329036390568077,False,False,False,False,0.13366318889758155,0.11925453707724348,False,False,False,False,665789.0,585957.853425821,False,False,False,False,13168.06875259656,False,False,False,False
2025-08-21 16:00:00+00:00,166.865,166.97,166.565,166.605,5330.0,,,,,,,,165.14911883471382,166.1237067649981,165.49295468539606,163.5364365735484,161.7866166371775,161.7173446357051,160.6425343667542,160.05596494874104,159.02909072784522,158.06160807889415,157.78447095814892,157.09608552186546,155.8316195996523,155.53180946725885,155.26223833787088,154.97140657276654,,,,,,,,163.6670005854269,166.03223933298898,165.89481446088425,165.36565578868522,162.2140926144785,161.16284713262414,159.51650088336308,159.11183481099673,158.64983092576816,157.18110455653687,156.4473114459929,155.58414765441174,155.29678487292,155.020789132507,154.93407205389576,154.26976501288894,,,,161.16284713262414,158.64983092576816,156.4473114459929,160.9253973010239,"rgba(38, 166, 154, 1.0)",3.166681437138923,162.77262206546843,1.21021896600818,67.40838977333385,13.724355202359135,True,False,True,False,True,6.20954164213607,0.0,0.0,0.0,0.0,0,0.9605130072419795,0.9366023384714975,False,False,False,False,0.11198768648093838,0.11562111177909093,False,False,False,False,660459.0,587112.9099618549,False,False,False,False,13046.54830681987,False,False,False,False
2025-08-21 17:00:00+00:00,166.605,166.705,166.17,166.6,5203.0,,,,,,,,165.15768881113308,166.1252042802419,165.49615681956033,163.5433285410387,161.79573888584565,161.7265172569475,160.6526098759939,160.0662125583803,159.03919392860897,158.07162629073628,157.79426903815025,157.10544831972152,155.8408686763392,155.54073735700075,155.27096614358115,154.98006857767655,,,,,,,,163.69772363119705,166.03431929492697,165.8968940950434,165.36917220511282,162.22281055329273,161.1725448860795,159.5266111119005,159.12195094275108,158.6599191761974,157.19048723525367,156.4566438214976,155.59314786127834,155.30552724339378,155.02946170331072,154.94272291446515,154.27841768721478,,,,161.1725448860795,158.6599191761974,156.4566438214976,160.93428352388912,"rgba(38, 166, 154, 1.0)",3.1342015205099822,162.78270653549586,1.2179476780685756,66.42228012599128,13.724355202359135,True,False,True,False,False,6.193892985426629,0.0,0.0,0.0,0.0,0,0.9532277710109623,0.9427933414535121,False,False,False,False,0.09407306635957559,0.10484708906933327,False,False,False,False,655256.0,588169.3919779501,False,False,False,False,12924.942906714135,False,False,False,False
2025-08-21 18:00:00+00:00,166.65,166.87,166.53,166.62,7907.0,,,,,,,,165.17225052268506,166.12857353400372,165.5018648696934,163.55438251301922,161.81006813804112,161.74091847618584,160.66832966638412,160.08216206217043,159.05486849731412,158.08713296092904,157.8094271720014,157.11991599199987,155.85513303299865,155.55450187419578,155.28441816942592,154.99341466225854,,,,,,,,163.74610867304588,166.03868575105068,165.90098379965013,165.37533234607014,162.23655230786588,161.18771621175082,159.5423189228426,159.13764909783507,158.67555516606703,157.20498773460378,156.4710492263434,155.60702459351765,155.31900225539857,155.04282482204863,154.95605127255612,154.2917389703124,,,,161.18771621175082,158.67555516606703,156.4710492263434,160.94835965072275,"rgba(38, 166, 154, 1.0)",3.110418575000418,162.79881997070822,1.2285099053883022,65.82299167485897,13.724355202359135,True,False,True,False,False,6.24796710584695,0.0,0.0,0.0,0.0,0,0.953942010099365,0.9412363577129825,False,False,False,False,0.10831787637339452,0.10658248272136389,False,False,False,False,663163.0,589332.0835751912,False,False,False,False,12847.145342268956,False,False,False,False
2025-08-21 19:00:00+00:00,166.655,167.21,166.655,166.89,26107.0,,,,,,,,165.22593669657675,166.14428313861026,165.52418518607934,163.59315587105837,161.8591413214238,161.79021055603368,160.721748658541,160.13621823775804,159.1078178241421,158.13938719875196,157.86048341896156,157.16859267868662,155.90302545263182,155.60070434676965,155.32955960686428,155.03818446728044,,,,,,,,163.90774245215755,166.05809386336918,165.9183742931823,165.39902697888448,162.2838001938715,161.23943022915108,159.59546062713449,159.190690430563,158.72831916161846,157.25378226823312,156.51946052905123,155.65360530516998,155.36422264067528,155.08765446860033,155.00075967132054,154.3363863077841,,,,161.23943022915108,158.72831916161846,156.51946052905123,160.99687890286566,"rgba(38, 166, 154, 1.0)",3.0852539428526495,162.85431642010013,1.3080555619251326,66.24091472720993,13.724355202359135,True,False,True,False,False,6.984308621487639,0.0,0.0,0.0,0.0,0,0.9556052899287898,0.9355849440488302,False,False,False,False,0.1209711983448923,0.11377684053312809,False,False,False,False,689270.0,590881.5086360408,False,False,False,False,13052.724484249282,False,False,False,False
2025-08-22 14:00:00+00:00,168.23,168.34,165.415,165.7,10513.0,,,,,,,166.48499999999999,165.24133492474533,166.14699063978284,165.53024355520256,163.60651620341372,161.8769674089002,161.80814088100306,160.7415165563195,160.15636994227862,159.12776726298338,158.1592251189108,157.87990604602197,157.18719277993895,155.92144020969343,155.6184953320402,155.34696275643216,155.0554638442047,,,,,,,,163.95955977591169,166.06185340698187,165.92224801515945,165.40570111718557,162.30080426731504,161.25842324419108,159.61539100056194,159.21065959771622,158.74826221428435,157.27241829725222,156.538021651335,155.67153726453256,155.38165374460277,155.10495370062884,155.01801780825767,154.35366010442493,,,,161.25842324419108,158.74826221428435,156.538021651335,161.44647816468355,"rgba(38, 166, 154, 0.5)",3.049341018752181,163.24043032406013,0.8065905586861319,60.80008920976837,15.22483831758828,True,False,True,False,False,3.2168276937690408,0.0,0.0,0.0,0.0,0,0.9467039552536959,0.9287654814222933,False,False,False,False,0.11797460554328887,0.11587572303820848,False,False,False,False,678757.0,592243.919354862,False,False,False,False,13013.348910850067,False,False,False,False
2025-08-22 15:00:00+00:00,165.765,166.065,165.25,165.84,5132.0,,,,,,,166.233511771599,165.24416576274038,166.14533424515747,165.530820728844,163.61126824590946,161.8841800301887,161.81541735909536,160.7498356879919,160.1649746692488,159.13645586594257,158.1679863432437,157.8885137029805,157.1954991421098,155.9297555276783,155.62654777517972,155.35485511221992,155.06331543326107,,,,,,,,163.9766538420505,166.0603829516954,165.92156975906394,165.4066362405337,162.30754325417726,161.26629225949486,159.62399720456764,159.21934483150807,158.75699933163568,157.28073350857304,156.54636088500362,155.6796502386783,155.3895568651812,155.11281175671093,155.0258616663813,154.36154283490401,,,,161.26629225949486,158.75699933163568,156.54636088500362,161.44256932604137,"rgba(38, 166, 154, 0.5)",3.018329363098086,163.2334853869118,0.8635620237324945,57.719551811943276,12.379882384156751,True,False,True,False,False,3.6106576107319164,0.0,0.0,0.0,0.0,1,0.9432277695479844,0.9523161308403733,False,False,False,False,0.051946977806705714,0.08391135042245709,False,False,False,False,683889.0,593664.7733183525,False,False,False,False,12891.157454867895,False,False,False,False
2025-08-22 16:00:00+00:00,165.89,166.11,165.13,165.17,4397.0,,,,,,,166.06600547184246,165.24530825959215,166.1431057755424,165.53066124289845,163.61484487624287,161.88993930308493,161.82123489158286,160.75658612268282,160.17199715672842,159.14360171077868,158.1752302965407,157.8956401288191,157.20239603130875,155.93668825476732,155.63326722863843,155.36144577916886,155.06987676159827,,,,,,,,163.98898671407306,166.0582256371603,165.92028653060254,165.40679821045256,162.312877139738,161.2726373905086,159.6310518762189,159.22648411751945,158.76420130133093,157.28763551281543,156.55330061637764,155.68641917081933,155.396155933061,155.11937770871629,155.0324171222864,154.3681404241329,,,,161.2726373905086,158.76420130133093,156.55330061637764,161.44062898276837,"rgba(38, 166, 154, 0.5)",2.98377293051882,163.22916024732598,0.6504649642814927,53.08993764983563,8.177588552583217,True,False,False,False,False,1.559468704493657,0.0,0.0,0.0,0.0,0,0.9569840307256926,0.9512431776834446,False,False,False,False,0.04992750434698764,0.06691942738472237,False,False,False,False,679492.0,594995.4279955873,False,False,False,False,12759.465091226532,False,False,False,False
2025-08-22 17:00:00+00:00,165.29,165.29,163.97,164.34,6295.0,,,,,,,165.69967023578994,165.2401886712709,166.13553666507573,165.526931141045,163.61736821490084,161.89600363370297,161.82740165271383,160.76430303419806,160.18024689312125,159.15229356134952,158.1842477404905,157.90456064142546,157.2111336337743,155.94562257013067,155.64195672862604,155.36999349980562,155.07841123253505,,,,,,,164.53333333333333,163.99534754436345,166.05028981271826,165.91466678145343,165.40361334050027,162.3182259003683,161.27966844023618,159.63950672089197,159.2351476634584,158.77304874504426,157.29636775944982,156.56217547289188,155.69516746481742,155.40471147368618,155.12791407933534,155.04094704227148,154.37677651690393,,,164.53333333333333,161.27966844023618,158.77304874504426,156.56217547289188,161.7736510893427,#000000,2.9256205809673554,163.47758811475865,0.2947791285212388,47.47899198109489,3.1977164261484745,False,False,False,True,False,0.0,1.0,165.29,163.97,0.0,0,0.9420512406045425,0.9620544734502549,False,False,False,False,-0.00328994331806728,0.03181474203332754,False,False,False,False,673197.0,596207.8554685239,False,False,False,False,12659.240826246274,False,False,False,False
2025-08-22 18:00:00+00:00,164.34,164.895,164.33,164.415,7894.0,,,,,,,165.4337764501962,165.23399093055238,166.12622308004376,165.5223550438811,163.62055875948903,161.90360740863213,161.8351332287131,160.77396974905525,160.19057970295472,159.16318060818728,158.1955433020326,157.91573566716912,157.2220811907875,155.9568174441249,155.65284581191196,155.38070551051328,155.08910688525108,,,,,,,164.5407512862076,164.00330959598642,166.04054062966898,165.90775099546437,165.39971284137656,162.32493715203947,161.28847867321295,159.6500968372366,159.2459991911438,158.7841308524573,157.30730851277082,156.57329535147807,155.70613001445366,155.41543323744136,155.13861207289403,155.05163702938094,154.38759974678737,,,164.5407512862076,161.28847867321295,158.7841308524573,156.57329535147807,161.7681218816295,#000000,2.8638392110981066,163.4665032104697,0.3311976405150872,44.10514373357597,0.3363910926551412,False,True,False,True,False,0.0,0.0,0.0,0.0,0.0,0,0.9347158218125964,0.9700865065890534,False,False,False,False,-0.004229936322440904,0.013792402855443319,False,False,False,False,681091.0,597523.873213198,False,False,False,False,12585.361123513774,False,False,False,False
2025-08-22 19:00:00+00:00,164.46,164.765,164.035,164.18,18582.0,,,,,,,165.04424519846754,165.21529746369023,166.10173031684707,165.50935876558165,163.62621959146708,161.9198595782993,161.8516978518218,160.79521511496125,160.21349183245323,159.18759517947345,158.2210591368939,157.94102530359376,157.24695238297082,155.98238283501183,155.67774177901043,155.40521963396728,155.1136052236053,,,,,,,164.419359799823,164.0139407673068,166.01477592856128,165.8891571961606,165.38833783252358,162.33902793788343,161.3076432972008,159.67373385235027,159.27031589307924,158.80906074049088,157.33215380569345,156.59863014090055,155.7311888045356,155.43996693376548,155.16311219464833,155.07612510588834,154.41243650740498,,,164.419359799823,161.3076432972008,158.80906074049088,156.59863014090055,161.75719539633982,#000000,2.8155476512701023,163.44276123141645,0.26184560160115966,41.14164720234405,-2.251991014840371,False,True,False,True,False,0.0,0.0,0.0,0.0,0.0,0,0.9303358088472719,0.9727962544397807,False,False,False,False,-0.015645226044233504,-0.0009264115943950924,False,False,False,False,662509.0,598531.3945587298,False,False,False,False,12678.332268885653,False,False,False,False
2025-08-25 14:00:00+00:00,165.75,165.83,164.955,165.06,6753.0,,,,,,,165.0711616806008,165.21579070403868,166.0976940363705,165.50846290354494,163.63102870812017,161.9280341888805,161.85996510543856,160.8049441669589,160.22367442220718,159.1980489341701,158.23172165426368,157.95153372857385,157.25716131763923,155.99269397736813,155.687749123008,155.4150453026774,155.12339569164698,,,,,,,164.566692009918,164.02890898610934,166.01079253672265,165.88657193295998,165.3879284636832,162.34653658111722,161.31673250294008,159.6840157981671,159.2807536103362,158.8196237082614,157.34236633331358,156.60892895507232,155.74126732178036,155.44980399246936,155.17290814987743,155.0859079067369,154.42229835289513,,,164.566692009918,161.31673250294008,158.8196237082614,156.60892895507232,161.77036291877633,"rgba(38, 166, 154, 0.5)",2.7654530410980667,163.4561896135738,0.5799448996571592,43.36869754918177,-2.251991014840371,False,True,False,True,False,1.2662044043083824,0.0,0.0,0.0,0.0,0,0.9313404204300221,0.9612740788106471,False,False,False,False,0.03768415281310423,0.01837887060935457,False,False,False,False,669262.0,599627.993092703,False,False,False,False,12586.466652313782,False,False,False,False
2025-08-25 15:00:00+00:00,165.1,165.2,164.5,164.785,3888.0,,,,,,,165.05628292411302,165.21413991668086,166.09410713541624,165.5069256990396,163.63302791806953,161.93208889146982,161.86407864909427,160.80996120278064,160.2289946662586,159.20360408543414,158.23745212990102,157.9571969259547,157.262695902083,155.99833097179774,155.69322953322072,155.42043399697292,155.12877277609968,,,,,,,164.59012473509628,164.03430669352647,166.00710493936097,165.8839854145895,165.38669475491366,162.3501772625915,161.3213505532226,159.6894404463986,159.28629390132758,158.82526410491727,157.34789918512453,156.6145380007623,155.7467850581096,155.45519797515018,155.17828697251383,155.0912817393496,154.42773144900997,,,164.59012473509628,161.3213505532226,158.82526410491727,156.6145380007623,161.77350944152508,#000000,2.7255498874878854,163.458218899222,0.4867939151907708,43.832578085765014,-2.251991014840371,False,True,False,True,True,0.44079827392558,0.0,0.0,0.0,0.0,0,0.9312000000000002,0.9658400000000006,False,False,False,False,0.008527162206963385,0.013453016408158977,False,False,False,False,665374.0,600647.3110292503,False,False,False,False,12451.606704215894,False,False,False,False
2025-08-25 16:00:00+00:00,164.785,165.36,164.695,165.36,4770.0,,,,,,,165.0620196216385,165.21374572988495,166.09080512392634,165.50590646042883,163.63610530233217,161.93757874439243,161.86963596611707,160.81657282421966,160.23594385366206,159.21077927208086,158.24479902460126,157.9644449907186,157.2697527445829,156.00547936216742,155.70017207702952,155.4272542708019,155.13557210630867,,,,,,,164.64439718152005,164.04337697783905,166.00379365396455,165.8817561583929,165.38602480566757,162.35518619028605,161.32749900407543,159.6964806094905,159.29345527938023,158.83252618839026,157.3549568541925,156.62166834204857,155.75377612036633,155.46202570919087,155.18508953571836,155.0980761845971,154.43458775208933,,,164.64439718152005,161.32749900407543,158.83252618839026,156.62166834204857,161.77996843615333,"rgba(38, 166, 154, 0.5)",2.69196151231399,163.46408948448115,0.7042858922188502,46.55237838577462,-2.251991014840371,False,True,False,True,True,2.123594676135262,0.0,0.0,0.0,0.0,0,0.94061433447099,0.9581610118450115,False,False,False,False,0.0180629990340961,0.015758007721127537,False,False,False,False,670144.0,601724.7790753085,False,False,False,False,12332.512026631151,False,False,False,False
2025-08-25 17:00:00+00:00,165.4,165.4,164.885,165.37,2859.0,,,,,,,165.06830665091044,165.21375998351058,166.08900222134687,165.50543062759397,163.63804168027542,161.94094221880522,161.87303912957393,160.82059914284,160.2401673894343,159.21512949146134,158.2492460636547,157.96883062973023,157.27401929507855,156.00979602751812,155.70436357670295,155.4313711971732,155.13967556056858,,,,,,,164.6765455222272,164.04913436648224,166.00200337784787,165.88056948171374,165.38575412145659,162.35826582879952,161.33125188618624,159.70075347136145,159.29779784232625,158.83692598832516,157.3592243069267,156.62597643820598,155.75799705206842,155.46614723809031,155.1891950788611,155.10217658905484,154.43872369885756,,,164.6765455222272,161.33125188618624,158.83692598832516,156.62597643820598,161.78402868624298,"rgba(38, 166, 154, 0.5)",2.6453664658672125,163.46786373278118,0.7190445224742265,48.40646246055792,-8.121687361692338,False,True,False,False,True,2.1527722672435274,0.0,0.0,0.0,0.0,0,0.9405283686517353,0.9570147573284014,False,False,False,False,0.024242792064143048,0.020000399892635294,False,False,False,False,673003.0,602829.8677718153,False,False,False,False,12185.635871179506,False,False,False,False
2025-08-25 18:00:00+00:00,165.4,165.58,165.305,165.31,5022.0,,,,,,,165.09008437903773,165.21476184402903,166.08650429423528,165.50512025260448,163.64181771189502,161.94715726059275,161.879321018428,160.82794255015924,160.24783659136313,159.22298433485898,158.2572452340026,157.97671239210206,157.2816722168691,156.01751674021776,155.71185638774594,155.43872729092377,155.147004022768,,,,,,,164.74120168381995,164.06064820841004,165.9995961198091,165.87905904718778,165.38578968772282,162.36399883066008,161.33813099869903,159.70848734547303,159.3056418578755,158.84485741641953,157.3668805605831,156.63369172546768,155.76554315418187,155.47351198988082,155.19652786208113,155.10949916474922,154.44610223925494,,,164.74120168381995,161.33813099869903,158.84485741641953,156.63369172546768,161.7922857424922,"rgba(38, 166, 154, 0.5)",2.5852401076902836,163.47597421955902,0.7094218347399635,49.348024736793676,-6.937304480787475,False,True,False,False,True,1.9641139571819224,0.0,0.0,0.0,0.0,0,0.9433284930622786,0.9555501774766059,False,False,False,False,0.04037390360384743,0.030187151748241364,False,False,False,False,667981.0,603839.9628451203,False,False,False,False,12074.571749145714,False,False,False,False
2025-08-25 19:00:00+00:00,165.3,165.3,164.73,164.865,10321.0,,,,,,,165.07514679224616,165.21200640031415,166.07822983207618,165.50192235337934,163.6476254274663,161.95826525690995,161.89058010433482,160.84153676855138,160.26220656053414,159.23793639526326,158.2726345410799,157.991915542336,157.29651772477126,156.032613093536,155.7265317273929,155.45315489733366,155.16139708131988,,,,,,,164.77599655037358,164.07623568948227,165.99118615380743,165.87321283134634,165.38335872253012,162.37404046851861,161.350694753181,159.72311045095253,159.32055731695107,158.86002384876954,157.38172317394685,156.6487234842974,155.78031856828218,155.48795412218425,155.2109261505361,155.1238831153862,154.46063640770544,,,164.77599655037358,161.350694753181,158.86002384876954,156.6487234842974,161.80101548573677,"rgba(38, 166, 154, 0.5)",2.518207654818969,163.48196941408372,0.5492122872669578,47.85953914181464,-6.937304480787475,False,True,False,True,True,0.5657124914431115,0.0,0.0,0.0,0.0,0,0.9346984843598842,0.9604966139954858,False,False,False,False,0.01739137395960803,0.023789262853924697,False,False,False,False,657660.0,604674.3820258161,False,False,False,False,12047.38459024423,False,False,False,False
2025-08-26 14:00:00+00:00,165.705,166.1,165.05,165.18,14291.0,,,,,,,165.1273897488342,165.21548695469383,166.0718093390859,165.50144593830294,163.65847295472636,161.9759371643613,161.90843961651055,160.86237972999515,160.28396921843677,159.26023019021017,158.29534190672388,158.0142943166821,157.31825544890978,156.05454727545657,155.74782342817534,155.47406112001892,155.1822259324899,,,,,,,164.89421049478358,164.10810229443172,165.98508843704843,165.86943920449716,165.38383467291416,162.39036075403578,161.37023156412337,159.74506002089322,159.34281995735105,158.88253612181379,157.40346989439516,156.67063994326892,155.80176061299397,155.5088847196089,155.23176709650798,155.1446954172043,154.48160840033879,,,164.89421049478358,161.37023156412337,158.88253612181379,156.67063994326892,161.82156983548117,"rgba(38, 166, 154, 0.5)",2.4453085934321623,163.50139462295184,0.6864595256225436,48.51743095441542,-6.937304480787475,False,True,False,False,True,1.5299376788283041,0.0,0.0,0.0,0.0,0,0.9343770019218454,0.9538757206918648,False,False,False,False,0.047504671733761716,0.03564696729384321,False,False,False,False,671951.0,605717.4303665011,False,False,False,False,12082.169325279203,False,False,False,False
2025-08-26 15:00:00+00:00,165.18,166.07,165.18,165.76,8736.0,,,,,,,165.17069822968153,165.21962926275765,166.0693406919542,165.50227962924373,163.66587360988797,161.98735233318604,161.91996326698842,160.87565402260816,160.29776330229114,159.27427623791877,158.3095900175592,158.0283236176025,157.3318556585024,156.06822771296063,155.7610962307829,155.48708751804534,155.1951973150162,,,,,,,164.97000986082995,164.13004520535392,165.98295911692082,165.86837469754056,165.38521620039919,162.40098641986248,161.38274221439457,159.75892532873235,159.3568521089599,158.8966948981212,157.41707900277567,156.6843283959072,155.81512824671614,155.52192711616993,155.24474714208125,155.1576556600496,154.49465332898063,,,164.97000986082995,161.38274221439457,158.8966948981212,156.6843283959072,161.83547253319918,"rgba(38, 166, 154, 0.5)",2.3792684222721254,163.5150706463561,0.9435376574703839,51.579234283593735,-3.968561709601282,False,False,True,False,True,3.2756136798725777,0.0,0.0,0.0,0.0,1,0.935199233410525,0.9558013255609685,False,False,False,False,0.050196743607870506,0.04292185545085686,False,False,False,False,680687.0,606879.7492755476,False,False,False,False,12030.290731088828,False,False,False,False
2025-08-26 16:00:00+00:00,165.67,165.98,165.55,165.74,6994.0,,,,,,,165.20589246610044,165.22351932270593,166.0678102641013,165.50328299088696,163.67201393003398,161.99665441859253,161.9293503228437,160.88641979534887,160.3089332946758,159.28562892432146,158.32109121296787,158.0396453661018,157.34282487840386,156.0792507852906,155.7717895224461,155.49758097971474,155.20564476909374,,,,,,,165.02708032086855,164.14813708574064,165.98174139470285,165.86789938036702,165.38664634875857,162.4096679968518,161.39290724331977,159.77014120984842,159.36819500758727,158.90813233811926,157.42805621279496,156.6953627376389,155.82589812322453,155.5324336572646,155.2552018551618,155.1680939388749,154.50515595472422,,,165.02708032086855,161.39290724331977,158.90813233811926,156.6953627376389,161.8466813785473,"rgba(38, 166, 154, 0.5)",2.3099060996467484,163.5261461898365,0.9584172319827466,53.50409532976759,-1.925214087975725,False,False,True,False,True,3.2102264854937737,0.0,0.0,0.0,0.0,0,0.9479733817301881,0.9547892720306521,False,False,False,False,0.05773853905927846,0.05033019725506766,False,False,False,False,673693.0,607915.6136278646,False,False,False,False,11952.20870425024,False,False,False,False
2025-08-26 17:00:00+00:00,165.74,165.885,165.6,165.675,4052.0,,,,,,,165.223180275355,165.22559413675748,166.06682675709018,165.50377708314338,163.6754925938734,162.00197029201075,161.9347158632353,160.89258849187516,160.31534036702612,159.29215080643627,158.32770545724156,158.04615840617933,157.34913924078413,156.08560142197777,155.77795154825088,155.50362890757606,155.21166708814047,,,,,,,165.05502969761523,164.15820098228986,165.98092792284916,165.86753568313964,165.38738827639034,162.41462230425964,161.39872550171282,159.77658032025656,159.37471056995167,158.91470584634945,157.43437474917823,156.70171743456115,155.83210402397705,155.53848900393243,155.2612282084303,155.17411108490367,154.51121193314452,,,165.05502969761523,161.39872550171282,158.91470584634945,156.70171743456115,161.85276636238245,"rgba(38, 166, 154, 0.5)",2.240282066779718,163.53203476478538,0.9565604559317955,54.37368457312152,-0.849579983958364,False,False,True,False,True,2.9941609007316323,0.0,0.0,0.0,0.0,0,0.9485707354546563,0.953301257429346,False,False,False,False,0.056526044547394,0.053428120901230836,False,False,False,False,669641.0,608872.5963623163,False,False,False,False,11829.724848370392,False,False,False,False
2025-08-26 18:00:00+00:00,165.71,166.285,165.71,166.03,8889.0,,,,,,,165.27712055986643,165.2327048643368,166.06646614534571,165.50628805247146,163.68415300988042,162.0144791297856,161.94732592083898,160.90687093933286,160.33008976274775,159.3070515585559,158.3427383270639,158.06094303712587,157.36343394984226,156.09991980827886,155.7918339347291,155.51724513921346,155.22521614011106,,,,,,,165.1325260488114,164.1838269545607,165.98111350617407,165.86829115096916,165.39040529300715,162.4263824983077,161.41228254828917,159.79134020852052,159.38960461969538,158.92969111180463,157.4486834305501,156.71607133743706,155.84608706503215,155.55212309962116,155.27478791834608,155.1876473203527,154.52481539687096,,,165.1325260488114,161.41228254828917,158.92969111180463,156.71607133743706,161.86839535861284,"rgba(38, 166, 154, 1.0)",2.1798261667190766,163.5479617251629,1.1386404625892195,56.67001212273757,1.557914103803867,True,False,True,False,True,4.085961165727429,0.0,0.0,0.0,0.0,0,0.9577293214764289,0.9462784748446833,False,False,False,False,0.07027823778130385,0.06185317934126734,False,False,False,False,678530.0,609952.5561086369,False,False,False,False,11784.132215062324,False,False,False,False
2025-08-26 19:00:00+00:00,166.03,166.58,165.71,165.83,25339.0,,,,,,,165.40205416637042,165.25308290862583,166.06600906336314,165.51375352975958,163.70882280340177,162.0499912881442,161.98312444128243,160.94740031041647,160.37195020408944,159.34936608961274,158.3854455815329,158.10295511627425,157.40407298373233,156.140639690606,155.83132313259912,155.55598315477883,155.26376600061477,,,,,,,165.30325391345235,164.25433116275403,165.98222870249202,165.87087791878093,165.39927950319037,162.45978027690975,161.45075755254115,159.83324598925674,159.43189828400253,158.97225229237958,157.4893608483206,156.75688527503783,155.88586062216487,155.5909114302631,155.31336761991625,155.22616114232486,154.56352382274574,,,165.30325391345235,161.45075755254115,158.97225229237958,156.75688527503783,161.90968720822895,"rgba(38, 166, 154, 1.0)",2.121850601001174,163.5891806987024,1.0560683679804372,56.787293300660494,1.9390976691054078,True,False,True,False,True,3.402551303235853,0.0,0.0,0.0,0.0,0,0.9602353418543321,0.9397849462365597,False,False,False,False,0.0782447369638642,0.07004895815256577,False,False,False,False,653191.0,610622.9195798208,False,False,False,False,11994.285203976086,False,False,False,False
2025-08-27 14:00:00+00:00,166.78,166.86,166.44,166.71,6245.0,,,,,,,165.45124484382376,165.2618433123151,166.0685690174563,165.51772589731493,163.71644546079585,162.06001428368282,161.9932064967536,160.95851454929618,160.38330919088207,159.36068758358414,158.3967587449878,158.11405793925414,157.41475679738053,156.15125966163055,155.84160659003837,155.56605776102697,155.2737777241652,,,,,,,165.36381823127317,164.27673540526845,165.98542391922666,165.8738339661422,165.4035435353303,162.46934858202428,161.46143022789144,159.84452738296844,159.44322529533542,158.98359173265288,157.5000613233121,156.7675683033846,155.896220736735,155.6010008185087,155.32338941215605,155.2361617809374,154.57354539073586,,,165.36381823127317,161.46143022789144,158.98359173265288,156.7675683033846,161.92280968089347,"rgba(38, 166, 154, 1.0)",2.0775678239371955,163.603224322982,1.4953907358511047,60.521596523573585,5.662795922911705,True,False,True,False,True,6.076634537195254,0.0,0.0,0.0,0.0,0,0.9636671914739017,0.92757660167131,False,False,False,False,0.10560137640274374,0.08782516727765476,False,False,False,False,659436.0,611379.7115243197,False,False,False,False,11905.148999263278,False,False,False,False
2025-08-27 15:00:00+00:00,166.76,167.54,166.71,167.43,8186.0,,,,,,,165.53716216988454,165.27763894385748,166.07496754565952,165.525387399209,163.7282501028407,162.07466537594712,162.0079218610494,160.97443153988976,160.3994496732079,159.37660115396284,158.41253608136861,158.1295121646355,157.4295640465256,156.16588300037364,155.85574816339133,155.57989666918962,155.28751432768794,,,,,,,165.46608275883648,164.31216744138962,165.9929369573941,165.88036197767144,165.41152751928172,162.4834785085946,161.47684225299125,159.86046032513158,159.4591588124728,158.99947788434557,157.51489906198339,156.78232213205212,155.91047086642624,155.61486198626466,155.3371424804572,155.24988119513827,154.58726001487295,,,165.46608275883648,161.47684225299125,158.99947788434557,156.78232213205212,161.9435121476073,"rgba(0, 255, 255, 0.75)",2.0412197532546936,163.62623960720066,1.8634742225741787,65.04079207913666,9.917636766716598,True,False,True,False,True,8.1608007960814,0.0,0.0,0.0,0.0,0,0.9667929394696549,0.9230676231159838,False,False,False,False,0.05723790854140976,0.07253153790953226,False,False,False,False,667622.0,612251.6849890589,False,False,False,False,11847.487774468498,False,False,False,False
2025-08-27 16:00:00+00:00,167.43,167.735,167.345,167.54,5102.0,,,,,,,165.59580143655072,165.28891801948032,166.07999511341063,165.53100092024448,163.73622274236524,162.08430764724756,162.01759970671802,160.98480624303787,160.40993084255481,159.38688149000362,158.4226895158067,158.1394485074127,157.43906464883509,156.1752352482658,155.86478665466836,155.58873689013177,155.29628410239775,,,,,,,165.53469424234953,164.33615162182005,165.99875129586232,165.885338371354,165.41732122783563,162.492821696347,161.48692751471907,159.87077685957672,159.46945583175432,159.0097240471461,157.52442156619435,156.7917717898443,155.91957969156238,155.6237170461909,155.34592361589168,155.25863936363032,154.59600427993644,,,165.53469424234953,161.48692751471907,159.0097240471461,156.7917717898443,161.95739291593884,"rgba(0, 255, 255, 0.75)",2.0289362299543314,163.64187040320718,1.9212676767473145,68.32713483938491,12.911084447911591,True,False,True,False,True,8.474409951935446,0.0,0.0,0.0,0.0,0,0.969166951761889,0.9445347245980164,False,False,False,False,0.08791942434496772,0.08022548112724999,False,False,False,False,672724.0,613189.2402605463,False,False,False,False,11742.906568662784,False,False,False,False
2025-08-27 17:00:00+00:00,167.54,167.82,167.4,167.82,5126.0,,,,,,,165.65535793391527,165.3008352204096,166.08549274121765,165.5370002684949,163.74449295304277,162.09420879257434,162.02753467399336,160.9954186941489,160.42063653450398,159.39736105300858,158.43302428325782,158.14955884318942,157.44872402776662,156.1847315735635,155.87396231539452,155.59770943442624,155.30518310149455,,,,,,,165.6037074296281,164.36092974895996,166.00507578726393,165.89072870560364,165.42349234176876,162.50243354774554,161.49726006274577,159.88130275019807,159.47995390009984,159.0201622260088,157.5341041433665,156.80137264226335,155.92882709059364,155.63270489559378,155.35483448455602,155.2675263333953,154.60487268946886,,,165.6037074296281,161.49726006274577,159.0201622260088,156.80137264226335,161.97160677220702,"rgba(0, 255, 0, 1.0)",2.0010638544398383,163.65792625069884,2.079930503000493,71.21351245762457,15.53801346939214,True,False,True,False,True,9.275395622187027,0.0,0.0,0.0,0.0,0,0.9655973165906946,0.932828760643331,False,False,False,False,0.09310935706897915,0.08666741909811457,False,False,False,False,677850.0,614191.7326596077,False,False,False,False,11640.318869923825,False,False,False,False
2025-08-27 18:00:00+00:00,167.835,168.015,167.575,167.98,11005.0,,,,,,,165.7825982057975,165.32789355762245,166.09846258527398,165.5508203197041,163.76292341585963,162.1160162058967,162.0494096891523,161.0186884438077,160.44407115623406,159.42024836825317,158.45555663176097,158.1715935080828,157.46975732528668,156.20537887105058,155.89390752399254,155.61720866930548,155.3245173452032,,,,,,,165.74925460867587,164.41567134152103,166.01990973607928,165.90332442295002,165.4376564685835,162.5236493914232,161.5199574825685,159.9043149451917,159.50288537561212,159.04294269727941,157.55519028981246,156.82226141639734,155.9489290067805,155.65223799918408,155.3741953795648,155.28683380831984,154.6241284177854,,,165.74925460867587,161.5199574825685,159.04294269727941,156.82226141639734,162.00260230355306,"rgba(0, 255, 0, 1.0)",1.9682126501046855,163.69302060408685,2.178107835901329,73.52690086838678,17.68103589668158,True,False,True,False,True,9.73360242127226,0.0,0.0,0.0,0.0,0,0.9670392037020873,0.9393608661486081,False,False,False,False,0.10685046714868421,0.09675894312339939,False,False,False,False,688855.0,615349.3026958929,False,False,False,False,11630.468964963766,False,False,False,False
2025-08-27 19:00:00+00:00,167.97,168.13,167.72,167.975,23680.0,,,,,,,166.02142897294195,165.38611005243436,166.12705487423685,165.5810821592655,163.80283820748704,162.1630716956461,162.09660784289184,161.06884357972672,160.49457161864552,159.46957059319007,158.5041121715524,158.21908217447026,157.51509670641144,156.24988223111757,155.9369036158655,155.65924643682487,155.36619928414675,,,,,,,166.01682449530736,164.53060824579546,166.0524768291401,165.93104329005817,165.46863338567985,162.5694538642709,161.56889924640976,159.95390837019576,159.5523026814504,159.09203338652696,157.6006435309877,156.86728641821014,155.9922614929259,155.69434864641835,155.41593481076515,155.3284580786795,154.66563768983335,,,166.01682449530736,161.56889924640976,159.09203338652696,156.86728641821014,162.0661433757173,"rgba(0, 255, 0, 1.0)",1.9303393087338088,163.7643299693214,2.1813108253183437,75.02278381331239,19.152130916560267,True,False,True,False,True,9.714769546079658,0.0,0.0,0.0,0.0,0,0.9523142882141924,0.9408084696823875,False,False,False,False,0.11653018213519718,0.10664456262929828,False,False,False,False,665175.0,616121.7941269643,False,False,False,False,11817.28339961549,False,False,False,False
2025-08-28 14:00:00+00:00,167.52,167.805,167.2,167.335,5402.0,,,,,,,166.0565090694527,165.3965268572884,166.1317081675572,165.58645345746754,163.8107609159834,162.1727895137467,162.10636631660077,161.07936684765926,160.5052374602181,159.4800896165052,158.51454202689467,158.22930266589267,157.524896383458,156.25955949829782,155.94626647610363,155.6684112931956,155.3752966595025,,,,,,,166.0555547198446,164.55213255967652,166.05784590599782,165.93573053188763,165.47419991720355,162.57884191268386,161.5791006481211,159.9644404670399,159.56283465056978,159.10253426090225,157.6104632035175,156.87704989062524,156.00169521047076,155.70352810972884,155.4250430542754,155.33754414234613,154.6747190557402,,,166.0555547198446,161.5791006481211,159.10253426090225,156.87704989062524,162.07781111867178,"rgba(0, 255, 255, 0.75)",1.8880884322308638,163.77687017525784,1.8845143924419219,70.71397548208299,19.152130916560267,True,False,True,False,False,7.3248900089360625,0.0,0.0,0.0,0.0,0,0.9480354879594429,0.9406494471395489,False,False,False,False,0.08514106294253032,0.0958928127859143,False,False,False,False,659773.0,616798.5570087167,False,False,False,False,11717.821641481916,False,False,False,False
2025-08-28 15:00:00+00:00,167.345,167.37,166.94,167.1,2463.0,,,,,,,166.0684964359094,165.40052855316864,166.13332131667713,165.58848579513642,163.8140547764702,162.176948677911,162.11054621825113,161.08392029656525,160.50987291888805,159.4846902120248,158.51912460560789,158.2337986370378,157.52921865186525,156.2638441107634,155.9504154104209,155.67247535359164,155.37933358775257,,,,,,,166.06874371369793,164.56080150081533,166.05973683380287,165.93742153288008,165.47633029678843,162.58283850717768,161.58349503592407,159.96903412532012,159.56743884695348,159.10713574661693,157.61479300913692,156.88136510468468,156.00587492111237,155.70759829724565,155.4290843407572,155.34157640165088,154.6787549561021,,,166.06874371369793,161.58349503592407,159.10713574661693,156.88136510468468,162.08248565397244,"rgba(0, 255, 255, 0.75)",1.8541773582027556,163.78173934075159,1.789613407028539,66.2324245162797,22.655476776594682,True,False,True,False,False,6.463810194719219,0.0,0.0,0.0,0.0,0,0.9405744033175989,0.9562800547050785,False,False,False,False,0.05945155596850557,0.07767218437720994,False,False,False,False,657310.0,617426.6413961784,False,False,False,False,11574.336034637236,False,False,False,False
2025-08-28 16:00:00+00:00,167.12,167.51,167.01,167.04,3330.0,,,,,,,166.0850258139266,165.40606468739276,166.13560237029355,165.59131354559577,163.81856460808606,162.1826174165582,162.11624256285862,161.0901164957607,160.51617701915043,159.49094206468408,158.52534846041638,158.2399041203392,157.53508660435594,156.2696581988638,155.95604497183527,155.67798936972522,155.38481034211202,,,,,,,166.08688332423756,164.57265566720267,166.0624010802264,165.9397952307915,165.479288401846,162.5882900173363,161.5894786485186,159.97527870755502,159.57369593336705,159.11338731369216,157.62067140095257,156.88722196460358,156.01154630623816,155.71312067910372,155.4345670828355,155.34704676688588,154.68422926154113,,,166.08688332423756,161.5894786485186,159.11338731369216,156.88722196460358,162.08888213838992,"rgba(0, 255, 255, 0.75)",1.8313252917819924,163.7884214172822,1.7755330510145533,62.8277960675817,19.552296521893055,True,False,True,False,False,6.242423034574738,0.0,0.0,0.0,0.0,0,0.9360535658113518,0.9765424886532162,False,False,False,False,0.06720405030880894,0.07243811734300944,False,False,False,False,653980.0,617993.3601342221,False,False,False,False,11446.516871309526,False,False,False,False
2025-08-28 17:00:00+00:00,167.065,167.215,166.76,166.76,2230.0,,,,,,,166.09312885354757,165.40918330319215,166.13672618235915,165.59287615917947,163.82133193274382,162.18619820492793,162.11984358457678,161.09407202079055,160.52021826310434,159.49497366508587,158.52937921794876,158.2438625923686,157.5389003579361,156.2734502674152,155.95971952967437,155.68159082404105,155.38838972433678,,,,,,,166.09574922633448,164.57970552789317,166.0637435194598,165.9410303104387,165.48094549794706,162.59171562148236,161.59328203023844,159.97929523810518,159.57772921941816,159.11742597273917,157.62449089526027,156.8910357813947,156.01524766349974,155.7167273138788,155.43815000165404,155.35062225754533,154.68781198284478,,,166.09574922633448,161.59328203023844,159.11742597273917,156.8910357813947,162.0926737271389,"rgba(0, 255, 255, 0.75)",1.8465260736140747,163.79224993533506,1.6072072347488489,58.63722356756651,15.704728097864617,False,False,True,False,False,5.204495278498808,0.0,0.0,0.0,0.0,0,0.9342391304347832,0.9752264492753633,False,False,False,False,0.04709885828079085,0.05976848781190014,False,False,False,False,651750.0,618516.718891831,False,False,False,False,11303.62513687062,False,False,False,False
2025-08-28 18:00:00+00:00,166.74,166.975,166.67,166.835,7425.0,,,,,,,166.11631332093197,165.4188923441284,166.14003680946053,165.59771884770768,163.8302579661355,162.19786803950288,162.1315826542845,161.10701180133182,160.5334587800293,159.50821226725742,158.5426363204229,158.25688770293783,157.55146133116259,156.28595614177308,155.9718417585042,155.69347495007344,155.40020382327995,,,,,,,166.12100558919204,164.60203090382186,166.06773784768873,165.9447619475928,165.48610926903615,162.60285881956452,161.60570489650456,159.99247163482482,159.5909712601854,159.13069665843648,157.63706947764305,156.90360582404222,156.0274575958173,155.72862817397535,155.4499753076974,155.3624238674434,154.69964303575713,,,166.12100558919204,161.60570489650456,159.13069665843648,156.90360582404222,162.10469449255305,"rgba(0, 255, 255, 0.75)",1.8466956562582026,163.8042014363879,1.6412008948746595,56.342040449779134,13.575885719275576,False,False,True,False,False,5.447365907092983,0.0,0.0,0.0,0.0,0,0.9343340438075376,0.968482155004309,False,False,False,False,0.034944574985186695,0.047356531398543414,False,False,False,False,659175.0,619147.0798392445,False,False,False,False,11243.491413818361,False,False,False,False
2025-08-28 19:00:00+00:00,166.835,167.4,166.75,167.4,12376.0,,,,,,,166.16971243080178,165.43880912770737,166.1483149074099,165.6080249521376,163.84677561165498,162.21867821781117,162.1524963073004,161.12978737703327,160.55664875265504,159.53124268464228,158.5655867088944,158.2794102478946,157.57312483314482,156.3074383077291,155.99264904321822,155.71385998875112,155.42045440326382,,,,,,,166.17885852163133,164.6440834696859,166.07738901980093,165.9533998726448,165.49689541020328,162.62285998128354,161.62768641218207,160.0154620501266,159.6140186089727,159.153735434237,157.65876999515083,156.9252375859119,156.0484180802752,155.74904365864379,155.4702474850343,155.38265126393003,154.71989035628022,,,166.17885852163133,161.62768641218207,159.153735434237,156.9252375859119,162.12748034083674,"rgba(0, 255, 255, 0.75)",1.8626076896119235,163.82771131272793,1.9178964562399978,58.07777735192222,13.575885719275576,False,False,True,False,False,7.259364759776329,0.0,0.0,0.0,0.0,0,0.9373382372973716,0.9653089951414439,False,False,False,False,0.053549730256782536,0.05045313082766298,False,False,False,False,671551.0,619959.5437177059,False,False,False,False,11261.049686472339,False,False,False,False
2025-08-29 14:00:00+00:00,167.6,168.17,167.29,167.515,5450.0,,,,,,,166.20181166014493,165.44978741774435,166.15357273586687,165.61387677300038,163.85502615274154,162.22865889699005,162.16251558729536,161.14054571104293,160.5675380018126,159.5419676126027,158.57620965254264,158.289819650243,157.5831038810544,156.31728353039975,156.0021753297994,155.7231848181082,155.4297092793895,,,,,,,166.2135081326142,164.66555408520378,166.08338906750853,165.9586199900937,165.50292756061845,162.63252420428614,161.6381344586371,160.02620757416128,159.62475774020302,159.16443692929283,157.66876998050674,156.93517444733496,156.05801614587784,155.758383448689,155.47951363823825,155.39189449469148,154.72912484196564,,,166.2135081326142,161.6381344586371,159.16443692929283,156.93517444733496,162.13913751614172,"rgba(0, 255, 255, 0.75)",1.8879514781317448,163.84018270327857,1.9464574907178727,59.804421629579664,13.575885719275576,False,False,True,False,True,7.623928388719801,0.0,0.0,0.0,0.0,0,0.9423594327146707,0.9628802042956823,False,False,False,False,0.10201819140908348,0.07623566111837324,False,False,False,False,677001.0,620843.9073809972,False,False,False,False,11170.95589288362,False,False,False,False
2025-08-29 15:00:00+00:00,167.515,167.97,167.515,167.77,3814.0,,,,,,,166.2248515882512,165.45772778962595,166.15745740183547,165.61813819423244,163.8609199755286,162.2357414736573,162.1696242920454,161.14816101597745,160.5752386817501,159.54954238890247,158.58370525856145,158.29716302582264,157.5901402299275,156.32421984577581,156.00888604112993,155.7297527960575,155.43622704237723,,,,,,,166.23831179172353,164.6808614945048,166.0878082170058,165.96245369838326,165.5073109018652,162.63939054152917,161.64553769051795,160.03380125677828,159.6323432386526,159.1719921241649,157.6758215209178,156.94217792212632,156.0647775636977,155.7649620753914,155.48603950071998,155.39840394068133,154.73562604572817,,,166.23831179172353,161.64553769051795,159.1719921241649,156.94217792212632,162.1474488685715,"rgba(0, 255, 0, 1.0)",1.9178467256428797,163.84910767886407,2.0444242330270783,62.17756583244858,13.575885719275576,True,False,True,False,True,8.434496583669183,0.0,0.0,0.0,0.0,0,0.9530453940423192,0.9537797769311983,False,False,False,False,0.10294709965088895,0.0895913803846311,False,False,False,False,680815.0,621773.6917626872,False,False,False,False,11056.894561211006,False,False,False,False
2025-08-29 16:00:00+00:00,167.78,167.87,167.62,167.78,3305.0,,,,,,,166.2443333551394,165.46457920449097,166.16081890568216,165.62182581053693,163.86601937891464,162.24186971601168,162.17577519648398,161.1547508269028,160.58190296348852,159.5560989674395,158.59019417319874,158.30352053455923,157.59623266380146,156.33022629518797,156.01469744696104,155.73544080670837,155.44187168982646,,,,,,,166.2592361481753,164.69402516093837,166.09163016619416,165.96577178972964,165.51110389611495,162.64533145262646,161.65194367504137,160.0403737118656,159.63890900748834,159.17853210112887,157.68192704976522,156.94824221676774,156.07063281553073,155.770659288564,155.4916911423649,155.40404140237922,154.74125654167008,,,166.2592361481753,161.65194367504137,159.17853210112887,156.94824221676774,162.15459792289943,"rgba(0, 255, 0, 1.0)",1.947660081428184,163.85676949830182,2.0143301899073434,63.807983611331906,7.02684856813903,True,False,True,False,True,8.466526648175712,0.0,0.0,0.0,0.0,0,0.953151143335193,0.9584960029745314,False,False,False,False,0.10313290249457768,0.09636214143960439,False,False,False,False,684120.0,622740.301192723,False,False,False,False,10936.710149409284,False,False,False,False
2025-08-29 17:00:00+00:00,167.78,168.07,167.745,167.805,5051.0,,,,,,,166.27539243737968,165.47550058736343,166.16630262923502,165.62774370190434,163.87401993180606,162.2514067897594,162.1853454090689,161.1649741456382,160.59222928591228,159.56624137785633,158.60021939512453,158.31333987046665,157.60563632944198,156.3394873123216,156.0236559986988,155.74420761686847,155.45056999686588,,,,,,,166.2925298893993,164.71468491932904,166.09784442412789,165.9711479609155,165.5171759307322,162.65459091919064,161.66189457929377,160.0505482911933,159.64906684970552,159.18864353158455,157.6913516851765,156.95759698953879,156.07965924344393,155.77944048251587,155.5004005058437,155.41272843017188,154.74992922248396,,,166.2925298893993,161.66189457929377,159.18864353158455,156.95759698953879,162.16581711444576,"rgba(0, 255, 0, 1.0)",1.9644095392340868,163.8688582787514,2.0037276558854926,65.02859020177384,8.522124376035102,True,False,True,False,True,8.54809655211647,0.0,0.0,0.0,0.0,0,0.952732713076816,0.9518444060030867,False,False,False,False,0.11522591616657785,0.10579402880309112,False,False,False,False,689171.0,623770.2345075645,False,False,False,False,10845.458829263403,False,False,False,False
2025-08-29 18:00:00+00:00,167.805,168.12,167.77,167.99,2828.0,,,,,,,166.2931857488779,165.4817916645029,166.1695126999185,165.6311708529919,163.8785821885726,162.25681449974525,162.1907710697403,161.1707582691074,160.59806678543725,159.5719683403477,158.60587532901917,158.3188785758395,157.6109382056693,156.34470488191064,156.02870252780065,155.7491455636523,155.4554687098355,,,,,,,166.31156722634225,164.7264494418174,166.10147373911488,165.9742813496801,165.52068653447432,162.65984674177835,161.667529636897,160.05629637719707,159.65480299568398,159.19435094138743,157.69666567790856,156.96286916194626,156.08474410981128,155.78438660787194,155.50530555405507,155.41762071106987,154.7548119959371,,,166.31156722634225,161.667529636897,159.19435094138743,156.96286916194626,162.1722053621599,"rgba(0, 255, 0, 1.0)",1.9588635080676933,163.87576373679548,2.100317988598905,66.84034250903684,10.588748384772003,True,False,True,False,True,9.157634604836296,0.0,0.0,0.0,0.0,0,0.9496884808169774,0.9509064505551141,False,False,False,False,0.11802125550683608,0.1119076421549636,False,False,False,False,691999.0,624828.0448252766,False,False,False,False,10721.157141988,False,False,False,False
2025-08-29 19:00:00+00:00,168.02,168.535,168.0,168.4,11129.0,,,,,,,166.37373708795602,165.50971221141137,166.18449384249047,165.64658234438852,163.89797595293314,162.27930238377633,162.21331945784127,161.1945992575913,160.62204255766807,159.59537160927388,158.6289011333012,158.341406155257,157.6324572020605,156.36581238740385,156.04910484065417,155.76909763547712,155.47525047305618,,,,,,,166.3975655058107,164.77687583359668,166.11829650375486,165.9886837395214,165.5363819889717,162.68179484857683,161.6908415164274,160.0798387319681,159.6782522874131,159.21763750344348,157.71823919289685,156.98422961450603,156.105303662667,155.8043731636305,155.52511486538845,155.43737503481137,154.77450290878838,,,166.3975655058107,161.6908415164274,159.21763750344348,156.98422961450603,162.19954153851347,"rgba(0, 255, 0, 1.0)",1.9688239344036582,163.90579118432305,2.2826870077837698,69.88576873231531,13.742813639636509,True,False,True,False,True,10.495672164517352,0.0,0.0,0.0,0.0,0,0.9584706657877398,0.9452396647518609,False,False,False,False,0.14214181321227623,0.12702472768361991,False,False,False,False,703128.0,626041.9976186831,False,False,False,False,10727.480287073457,False,False,False,False
2025-09-01 14:00:00+00:00,168.4,168.4,168.4,168.4,0.0,,,,,,,166.37373708795602,165.50971221141137,166.18449384249047,165.64658234438852,163.89797595293314,162.27930238377633,162.21331945784127,161.1945992575913,160.62204255766807,159.59537160927388,158.6289011333012,158.341406155257,157.6324572020605,156.36581238740385,156.04910484065417,155.76909763547712,155.47525047305618,,,,,,,166.3975655058107,164.77687583359668,166.11829650375486,165.9886837395214,165.5363819889717,162.68179484857683,161.6908415164274,160.0798387319681,159.6782522874131,159.21763750344348,157.71823919289685,156.98422961450603,156.105303662667,155.8043731636305,155.52511486538845,155.43737503481137,154.77450290878838,,,166.3975655058107,161.6908415164274,159.21763750344348,156.98422961450603,162.19954153851347,"rgba(0, 255, 0, 1.0)",1.9868709271306704,163.90579118432305,2.2619530812538713,71.91605288116762,15.885316557525798,True,False,True,False,True,10.495672164517352,0.0,0.0,0.0,0.0,0,0.9671180803041113,0.9401758137324789,False,False,False,False,0.15209804464540927,0.13956138616451458,False,False,False,False,703128.0,627237.1294385486,False,False,False,False,10561.16276324286,False,False,False,False
2025-09-01 15:00:00+00:00,168.4,168.4,168.4,168.4,0.0,,,,,,,166.37373708795602,165.50971221141137,166.18449384249047,165.64658234438852,163.89797595293314,162.27930238377633,162.21331945784127,161.1945992575913,160.62204255766807,159.59537160927388,158.6289011333012,158.341406155257,157.6324572020605,156.36581238740385,156.04910484065417,155.76909763547712,155.47525047305618,,,,,,,166.3975655058107,164.77687583359668,166.11829650375486,165.9886837395214,165.5363819889717,162.68179484857683,161.6908415164274,160.0798387319681,159.6782522874131,159.21763750344348,157.71823919289685,156.98422961450603,156.105303662667,155.8043731636305,155.52511486538845,155.43737503481137,154.77450290878838,,,166.3975655058107,161.6908415164274,159.21763750344348,156.98422961450603,162.19954153851347,"rgba(0, 255, 0, 1.0)",2.000138907337351,163.90579118432305,2.2469483490323134,73.26957564706916,17.41653651196654,True,False,True,False,True,10.495672164517352,0.0,0.0,0.0,0.0,0,0.9668389319552119,0.9376016843717112,False,False,False,False,0.15209804464540927,0.14582971540496192,False,False,False,False,703128.0,628413.7320829122,False,False,False,False,10397.423805673203,False,False,False,False
2025-09-01 16:00:00+00:00,168.4,168.4,168.4,168.4,0.0,,,,,,,166.37373708795602,165.50971221141137,166.18449384249047,165.64658234438852,163.89797595293314,162.27930238377633,162.21331945784127,161.1945992575913,160.62204255766807,159.59537160927388,158.6289011333012,158.341406155257,157.6324572020605,156.36581238740385,156.04910484065417,155.76909763547712,155.47525047305618,,,,,,,166.3975655058107,164.77687583359668,166.11829650375486,165.9886837395214,165.5363819889717,162.68179484857683,161.6908415164274,160.0798387319681,159.6782522874131,159.21763750344348,157.71823919289685,156.98422961450603,156.105303662667,155.8043731636305,155.52511486538845,155.43737503481137,154.77450290878838,,,166.3975655058107,161.6908415164274,159.21763750344348,156.98422961450603,162.19954153851347,"rgba(0, 255, 0, 1.0)",2.015377042048862,163.90579118432305,2.229959318732775,74.17192415767019,18.576497937576647,True,False,True,False,True,10.495672164517352,0.0,0.0,0.0,0.0,0,0.9642175338978911,0.9582456312105351,False,False,False,False,0.15209804464540927,0.1489638800251856,False,False,False,False,703128.0,629572.0928258129,False,False,False,False,10236.223436592998,False,False,False,False
2025-09-01 17:00:00+00:00,168.4,168.4,168.4,168.4,0.0,,,,,,,166.37373708795602,165.50971221141137,166.18449384249047,165.64658234438852,163.89797595293314,162.27930238377633,162.21331945784127,161.1945992575913,160.62204255766807,159.59537160927388,158.6289011333012,158.341406155257,157.6324572020605,156.36581238740385,156.04910484065417,155.76909763547712,155.47525047305618,,,,,,,166.3975655058107,164.77687583359668,166.11829650375486,165.9886837395214,165.5363819889717,162.68179484857683,161.6908415164274,160.0798387319681,159.6782522874131,159.21763750344348,157.71823919289685,156.98422961450603,156.105303662667,155.8043731636305,155.52511486538845,155.43737503481137,154.77450290878838,,,166.3975655058107,161.6908415164274,159.21763750344348,156.98422961450603,162.19954153851347,"rgba(0, 255, 0, 1.0)",2.0218974519748287,163.90579118432305,2.222767930830206,74.7734898314042,19.506596358346812,True,False,True,False,True,10.49567216451733,0.0,0.0,0.0,0.0,0,0.9674501813844862,0.9502559260547642,False,False,False,False,0.15209804464540927,0.15053096233529745,False,False,False,False,703128.0,630712.4944874282,False,False,False,False,10077.522298041169,False,False,False,False
2025-09-01 18:00:00+00:00,168.4,168.4,168.4,168.4,0.0,,,,,,,166.37373708795602,165.50971221141137,166.18449384249047,165.64658234438852,163.89797595293314,162.27930238377633,162.21331945784127,161.1945992575913,160.62204255766807,159.59537160927388,158.6289011333012,158.341406155257,157.6324572020605,156.36581238740385,156.04910484065417,155.76909763547712,155.47525047305618,,,,,,,166.3975655058107,164.77687583359668,166.11829650375486,165.9886837395214,165.5363819889717,162.68179484857683,161.6908415164274,160.0798387319681,159.6782522874131,159.21763750344348,157.71823919289685,156.98422961450603,156.105303662667,155.8043731636305,155.52511486538845,155.43737503481137,154.77450290878838,,,166.3975655058107,161.6908415164274,159.21763750344348,156.98422961450603,162.19954153851347,"rgba(0, 255, 0, 1.0)",2.015581589551794,163.90579118432305,2.2297330155096007,75.17453361389354,20.28847245961265,True,False,True,False,True,10.49567216451733,0.0,0.0,0.0,0.0,0,0.9545659470019545,0.9556679857736824,False,False,False,False,0.15209804464540927,0.15131450349035336,False,False,False,False,703128.0,631835.2155031271,False,False,False,False,9921.281642257585,False,False,False,False
2025-09-01 19:00:00+00:00,168.4,168.4,168.4,168.4,0.0,,,,,,,166.37373708795602,165.50971221141137,166.18449384249047,165.64658234438852,163.89797595293314,162.27930238377633,162.21331945784127,161.1945992575913,160.62204255766807,159.59537160927388,158.6289011333012,158.341406155257,157.6324572020605,156.36581238740385,156.04910484065417,155.76909763547712,155.47525047305618,,,,,,,166.3975655058107,164.77687583359668,166.11829650375486,165.9886837395214,165.5363819889717,162.68179484857683,161.6908415164274,160.0798387319681,159.6782522874131,159.21763750344348,157.71823919289685,156.98422961450603,156.105303662667,155.8043731636305,155.52511486538845,155.43737503481137,154.77450290878838,,,166.3975655058107,161.6908415164274,159.21763750344348,156.98422961450603,162.19954153851347,"rgba(0, 255, 0, 1.0)",2.005212931560359,163.90579118432305,2.2412626334799177,75.44189613555311,20.968273859294456,True,False,True,False,True,10.49567216451733,0.0,0.0,0.0,0.0,0,0.9589499290492611,0.9543381309547951,False,False,False,False,0.15209804464540927,0.1517062740678813,False,False,False,False,703128.0,632940.5299914507,False,False,False,False,9767.463322222584,False,False,False,False
2025-09-02 14:00:00+00:00,168.645,169.26,168.44,168.86,13999.0,,,,,,,166.4922589996346,165.55070031804584,166.2077669188467,165.66960768388276,163.92509588533397,162.30987224339088,162.24394632556988,161.22662864243503,160.65410005469505,159.62645124521075,158.65932187839238,158.37113111372489,157.66076976012522,156.3934568159133,156.0758019381066,155.795185207261,155.50109374133936,,,,,,,166.52357132559467,164.84774376207446,166.14423429184748,166.01071622473205,165.55968090890906,162.71179522959102,161.72231401289773,160.11119841884258,159.70940835782073,159.24849561068996,157.74663320671277,157.01226408739043,156.13221051036544,155.8305084488959,155.55099773384796,155.46317976853538,154.80017856841988,,,166.52357132559467,161.72231401289773,159.24849561068996,157.01226408739043,162.23782826025564,"rgba(0, 255, 0, 1.0)",1.9944064844512523,163.94860506534144,2.4625847202908147,78.20844564329538,23.901074189247083,True,False,True,False,True,12.14643336231386,0.0,0.0,0.0,0.0,0,0.963227473028416,0.9382565972749847,False,False,False,False,0.18614855572928016,0.16892741489858074,False,False,False,False,717127.0,634245.7465807305,False,False,False,False,9833.068542033085,False,False,False,False
2025-09-02 15:00:00+00:00,168.815,168.94,167.89,167.95,8624.0,,,,,,,166.54282334484253,165.57100715019502,166.2187327848271,165.68101546754826,163.93966197848215,162.3268686611235,162.26099241416932,161.24470244102594,160.67230474441718,159.64426946795305,158.676886912403,158.38832766578335,157.67721968265855,156.4096180852425,156.09143204101548,155.81047669550077,155.51625943260183,,,,,,,166.57677685005888,164.88390087478842,166.15652336658005,166.02132328648023,165.57131542375603,162.72836051531516,161.73996336733754,160.12910238840988,159.72725814771553,159.26623910997588,157.76312260299127,157.02860663813175,156.14795935898783,155.84582570282817,155.5661837635021,155.4783250443109,154.81528348793395,,,166.57677685005888,161.73996336733754,159.26623910997588,157.02860663813175,162.2574922114788,"rgba(0, 255, 0, 1.0)",1.9637719313082591,163.96982816515631,2.026799431944266,68.37409745048252,23.386208339435555,True,False,True,False,False,7.8656108769802735,0.0,0.0,0.0,0.0,0,0.9519818227720281,0.9468316081797536,False,False,False,False,0.15322701699116967,0.1610772159448752,False,False,False,False,708503.0,635397.0218275408,False,False,False,False,9814.323293319394,False,False,False,False
2025-09-02 16:00:00+00:00,167.9,167.92,167.06,167.38,5690.0,,,,,,,166.55968864784856,165.58026992554343,166.22307006847373,165.68615023525572,163.9474345812989,162.33651216508292,162.2706811835452,161.25521115426727,160.68299643721568,159.65488853978127,158.68746836718412,158.3987165367853,157.6872200236383,156.4195327923996,156.1010404613265,155.81989289419954,155.5256136983723,,,,,,,166.59414649393162,164.90173973609515,166.1614741088784,166.0257650074091,165.5766503402777,162.73765006359437,161.75012182475376,160.13970449150628,159.73788492631755,159.27686123606512,157.77313989867145,157.03859068916833,156.15763731566213,155.85525581968,155.57554798715017,155.4876686706608,154.82463412617074,,,166.59414649393162,161.75012182475376,159.27686123606512,157.03859068916833,162.26736146730357,"rgba(0, 255, 255, 0.75)",1.9213798485771845,163.9797714388357,1.769680557273572,58.121228456945836,14.409175048033433,False,False,True,False,False,5.343097034904204,0.0,0.0,0.0,0.0,0,0.9418444069357075,0.9726356708096783,False,False,False,False,0.08421523589824564,0.12264622592156042,False,False,False,False,702813.0,636442.2307914549,False,False,False,False,9750.380296523745,False,False,False,False
2025-09-02 17:00:00+00:00,167.41,167.52,166.98,167.41,7414.0,,,,,,,166.5772136452204,165.59124764329707,166.22799247888176,165.69223217776144,163.9570796320553,162.34865646671867,162.2828875951811,161.2685205340519,160.6965695666337,159.66841649664954,158.70098237440783,158.41199377615845,157.7000200239396,156.43224959258833,156.11337065601336,155.83198135440887,155.5376272144527,,,,,,,166.611996606226,164.92327046177422,166.16712597535928,166.03090755097134,165.58300446403163,162.74931628593166,161.7629573890691,160.15319054950126,159.75141935886296,159.29040729974534,157.78595950576448,157.05138417444164,156.1700556142649,155.86736156369895,155.58757353372349,155.4996691005065,154.83665268354517,,,166.611996606226,161.7629573890691,159.29040729974534,157.05138417444164,162.27939008130542,"rgba(0, 255, 255, 0.75)",1.9022099333739644,164.34914503359573,1.609104711684058,51.56260615276527,9.071431959993546,False,True,False,False,False,5.456790179111238,0.0,0.0,0.0,0.0,0,0.9341822644983132,0.979441546486653,False,False,False,False,0.06646538450928864,0.09455580521542453,False,False,False,False,710227.0,637586.1807016649,False,False,False,False,9714.157346190043,False,False,False,False
2025-09-02 18:00:00+00:00,167.4,167.475,166.985,167.22,8845.0,,,,,,,166.5949736792746,165.60358427565527,166.233392093769,165.69908599511535,163.96825205243348,162.3628443295353,162.29715156970596,161.28412162611556,160.71250279697523,159.6843316251554,158.7169062161741,158.427645859465,157.7151245324907,156.44727536361415,156.12794473897395,155.84627363322062,155.55183429462951,,,,,,,166.62991580532884,164.94764591424172,166.17334590153934,166.03662236664698,165.59018899460565,162.76292349079947,161.77798215344814,160.16904151753712,159.76733962348354,159.30635418921867,157.80108558560266,157.0664914885744,156.18473288476133,155.88167382994197,155.6017942760057,155.51386114073702,154.85087274094207,,,166.62991580532884,161.77798215344814,159.30635418921867,157.0664914885744,162.29315414731565,"rgba(0, 255, 255, 0.75)",1.8703276366627346,164.3596527730731,1.5293294986704487,46.08072426726917,4.618747929087959,False,True,False,True,False,4.616978177911644,0.0,0.0,0.0,0.0,0,0.9359600843578014,0.9831284398950682,False,False,False,False,0.0649882693446862,0.07977203728005536,False,False,False,False,701382.0,638575.2631714065,False,False,False,False,9700.682038497174,False,False,False,False
2025-09-02 19:00:00+00:00,167.23,167.79,167.135,167.63,31110.0,,,,,,,166.6759925277436,165.6530733270913,166.25737175203477,165.7272249661211,164.0104126065405,162.4150510059155,162.34960422105226,161.341012964157,160.77041316241798,159.74192468275666,158.7743482999759,158.48406947282467,157.76948983574178,156.5012149685659,156.18024218411267,155.89754053536612,155.6027723865953,,,,,,,166.7125391612907,165.0398954627737,166.2005548756619,166.06111776482112,165.61938352466348,162.81321796727647,161.83297172724485,160.2265141333858,159.82496890377982,159.36398458299925,157.85553920635306,157.1207882306026,156.23740373495397,155.9330151206927,155.65278522573107,155.56474248294046,154.9018025068343,,,166.7125391612907,161.83297172724485,159.36398458299925,157.1207882306026,162.34565857460905,"rgba(0, 255, 255, 0.75)",1.838012721871559,164.41755118516184,1.7477837757113424,46.18223833247713,4.618747929087959,False,True,False,True,False,6.198308753242735,0.0,0.0,0.0,0.0,0,0.9398789371088547,0.9709141274238238,False,False,False,False,0.0821789210301729,0.08097547915511413,False,False,False,False,732492.0,640031.3366106094,False,False,False,False,10032.609448753032,False,False,False,False
2025-09-03 14:00:00+00:00,167.465,169.13,167.255,168.87,5911.0,,,,,,,166.7045637326024,165.66658678966382,166.26500712921276,165.73511055523664,164.02033654060398,162.42657946053444,162.3611661193348,161.3532631317869,160.78275778740317,159.7540273530745,158.78629248035392,158.49577117239514,157.78069864766604,156.51223667879145,156.19090907522494,155.90798100571777,155.61312912531116,,,,,,,166.74215787128833,165.06277465897838,166.20904681595422,166.06849883325788,165.62741268967721,162.8244589943531,161.8449361765061,160.2386679298571,159.83709153515125,159.37604169257406,157.8667738961293,157.13192854666335,156.24815007296894,155.94347279479462,155.66315550438463,155.57508559660246,154.91212005890884,,,166.74215787128833,161.8449361765061,159.37604169257406,157.13192854666335,162.35847802161035,"rgba(0, 255, 0, 1.0)",1.830350419360614,164.43604836808032,2.4224605217773387,52.88790136968055,4.618747929087959,False,True,True,False,True,10.659500981689,0.0,0.0,0.0,0.0,0,0.9385144359609655,0.9624311068412814,False,False,False,False,0.1365187158559735,0.10874709750554382,False,False,False,False,738403.0,641556.478678662,False,False,False,False,9968.708527066938,False,False,False,False
2025-09-03 15:00:00+00:00,168.99,169.465,168.98,169.085,10450.0,,,,,,169.17666666666668,166.77421132400684,165.69665219420267,166.28308199064708,165.75284710564196,164.04077842793512,162.4494183569849,162.38404444220302,161.3771301028067,160.8066423123499,159.77720660642262,158.80899303529475,158.51796707477504,157.80186550012561,156.53290994979096,156.21088827566192,155.92751233158415,155.63247969124592,,,,,,,166.8146640826505,165.1114449999415,166.2290004684134,166.08561010210633,165.6453216656076,162.84690114079368,161.8684099123306,160.26205035687866,159.86032609004448,159.39906002627507,157.88800048611628,157.15288943483404,156.26828301575333,155.9630392825203,155.6825353905403,155.5944076894131,154.93134385081677,,,166.8146640826505,161.8684099123306,159.39906002627507,157.15288943483404,162.86633177884883,"rgba(0, 255, 0, 1.0)",1.8278505764218345,164.89636371868835,2.2915638375163323,58.11724251211071,-1.757115696087567,False,False,True,False,True,11.389249200571506,0.0,0.0,0.0,0.0,0,0.9543224239971683,0.9606960392533774,False,False,False,False,0.21465795742806348,0.16170252746680364,False,False,False,False,748853.0,643219.9906371323,False,False,False,False,9976.170410368226,False,False,False,False
2025-09-03 16:00:00+00:00,169.05,169.18,168.17,168.17,9133.0,,,,,,168.86419615653034,166.81584404245052,165.71753153463928,166.29508072320914,165.76519506585004,164.05619838459586,162.46727730727835,162.40195416280991,161.39608858873726,160.8257436129425,159.7959340598079,158.8274747199471,158.53607560539226,157.8192145784954,156.54996810249983,156.22739954366247,155.94367429367068,155.64851201629492,,,,,,,166.8575882943342,165.14619136488628,166.24230675158879,166.09720308744184,165.65788457054677,162.86432307623517,161.88693300094317,160.28085759791526,159.87908439162058,159.4177165617094,157.90538958577966,157.17013152155195,156.28491672565988,155.9792278216071,155.69858868408653,155.61041894180613,154.94731430246836,,,166.8575882943342,161.88693300094317,159.4177165617094,157.17013152155195,162.87277147302748,"rgba(0, 255, 255, 0.75)",1.8025434982432333,164.90399948160217,1.8118844408364487,56.01690200860299,-1.757115696087567,False,True,True,False,True,7.333939084918754,0.0,0.0,0.0,0.0,0,0.9403098806197622,0.9718059436118878,False,False,False,False,0.1728601599965292,0.16728134373166642,False,False,False,False,739720.0,644716.1148133008,False,False,False,False,9963.098000905151,False,False,False,False
2025-09-03 17:00:00+00:00,168.17,168.4,167.94,168.285,10398.0,,,,,,168.63673004013654,166.85292735097457,165.73842571236264,166.30676307908237,165.77760394934992,164.07245683758654,162.48648403244218,162.42122715535004,161.41665015170966,160.84653536514097,159.8164309569119,158.84778480052393,158.5559980676856,157.83834886467756,156.56884678776441,156.24568845966348,155.96158858611687,155.66629404101585,,,,,,,166.8955062732965,165.18145865085552,166.25529687838247,166.10864979399108,165.6705700624192,162.88298611017814,161.90695149992737,160.30139282303372,159.89960697302686,159.4381702088318,157.9245628412806,157.18918322929525,156.3033384647767,155.99717011299063,155.71639206488953,155.62817904147443,154.96505207130699,,,166.8955062732965,161.90695149992737,159.4381702088318,157.18918322929525,162.8831807391663,"rgba(0, 255, 255, 0.75)",1.787394822709334,164.91345731884968,1.886288713782739,55.153150043387654,-1.757115696087567,False,True,True,False,True,7.738868393191694,0.0,0.0,0.0,0.0,0,0.9416836734693889,0.977142857142858,False,False,False,False,0.1348334742393412,0.1510574089855038,False,False,False,False,750118.0,646350.2525681334,False,False,False,False,9969.840667557784,False,False,False,False
2025-09-03 18:00:00+00:00,168.285,168.595,167.825,167.91,9131.0,,,,,,168.51376082361764,166.88165341104843,165.75576790157078,166.31638046343525,165.78796068186705,164.08629258683118,162.50295670161168,162.43776073272375,161.43434424629285,160.86445470318472,159.83413816149962,158.86536110379686,158.57324787220494,157.8549348206921,156.58523511749414,156.26157124215223,155.97715094780432,155.68174574600414,,,,,,,166.92472487969988,165.2107808334841,166.2659961535506,166.11813385200455,165.681178582961,162.8989672332691,161.92415377408062,160.3191151140567,159.91733334909662,159.45585273146756,157.94118064377864,157.20571051303168,156.31933539772075,156.01275623870362,155.73186162268766,155.64361223872322,154.9804740347235,,,166.92472487969988,161.92415377408062,159.45585273146756,157.20571051303168,162.89465725431305,"rgba(0, 255, 255, 0.75)",1.7598256670404173,164.92381014173037,1.6968668625521546,52.63336593594353,-1.757115696087567,False,True,True,False,False,6.12353367352711,0.0,0.0,0.0,0.0,0,0.9403926355406378,0.9712135082901034,False,False,False,False,0.1378299918606698,0.1444437004230868,False,False,False,False,740987.0,647817.4889624259,False,False,False,False,9956.835385890221,False,False,False,False
2025-09-03 19:00:00+00:00,167.875,167.955,167.155,167.44,19779.0,,,,,,168.17887900245086,166.91160378085866,165.7832254833096,166.33008885161283,165.80442979809098,164.11156816920877,162.53456886949857,162.46953524119323,161.46897488140982,160.89981496929508,159.86950488332846,158.90077704472688,158.6080890804597,157.88861115575446,156.6187559441555,156.29411454778386,156.00908294953794,155.71349338535742,,,,,,,166.95404505871704,165.25973055077952,166.2814314721774,166.13234386488898,165.6983075869104,162.92934798681256,161.9575480947322,160.35432683079136,159.95270791760012,159.49130012789257,157.97490227663204,157.2394012045077,156.35210245004714,156.04473158269076,155.76363884249517,155.67532724311582,155.0122522968493,,,166.95404505871704,161.9575480947322,159.49130012789257,157.2394012045077,162.90982651916528,"rgba(38, 166, 154, 1.0)",1.7294128775098117,164.928308660967,1.452337594854504,48.837432405759884,-1.757115696087567,False,True,False,True,False,4.147338737173165,0.0,0.0,0.0,0.0,0,0.9298690754085063,0.9830508474576278,False,False,False,False,0.08903114571390904,0.11673742306849791,False,False,False,False,721208.0,648955.3263428534,False,False,False,False,10109.117007814404,False,False,False,False
2025-09-04 14:00:00+00:00,168.22,168.47,166.995,167.04,6762.0,,,,,,168.10912880345654,166.92096735270187,165.79233770721578,166.33464555885206,165.8099397809299,164.1200864160968,162.5452528593477,162.48027522399116,161.48069490389193,160.9117905761545,159.88149783423438,158.91279758400984,158.6199183774763,157.90005270723108,156.63015315352965,156.30518244180493,156.01994511483488,155.72429441892493,,,,,,,166.96316403909265,165.27588402614396,166.28655841523837,166.13708401932098,165.7040428084648,162.93960933572646,161.9688430179466,160.36626099256455,159.96470243965405,159.50332488298685,157.98635849974522,157.25085211967001,156.363245839422,156.05560826708998,155.77444967882923,155.6861173828568,155.02306666588987,,,166.96316403909265,161.9688430179466,159.50332488298685,157.25085211967001,162.91660872649896,"rgba(38, 166, 154, 1.0)",1.6916360171178295,164.93208776118755,1.2460790722603898,44.74985323258115,3.961904998649125,False,True,False,True,False,2.5076421030965648,0.0,0.0,0.0,0.0,0,0.9282015184272726,0.9787319623912724,False,False,False,False,0.10220395897131809,0.109470691019908,False,False,False,False,714446.0,649970.6856243595,False,False,False,False,10057.223720871545,False,False,False,False
2025-09-04 15:00:00+00:00,167.12,167.12,166.56,166.815,7074.0,,,,,,167.9848727891063,166.9195090844594,165.7980713434377,166.33665965974976,165.8133980599712,164.12719544304514,162.55487648208484,162.48996918033916,161.4915481111165,160.92300329424594,159.89290428138645,158.92435868304344,158.63132886158445,157.91115986361302,156.64131747710883,156.31604617317026,156.03062469731188,155.7349310459955,,,,,,,166.96091253743575,165.28752315005767,166.28894393407,166.13959030490432,165.70778201640752,162.9487256365344,161.97918501866246,160.37753491918997,159.97609783193033,159.51481535765146,157.9974720518468,157.26202287690595,156.37417977801746,156.06629996775968,155.78509310950466,155.69674543723877,155.03375362606238,,,166.96091253743575,161.97918501866246,159.51481535765146,157.26202287690595,162.91909751583498,"rgba(38, 166, 154, 1.0)",1.6466453148108866,164.92850741313202,1.1456581267986254,41.20953922028117,0.35548951457242595,False,True,False,True,False,1.596818304161669,0.0,0.0,0.0,0.0,0,0.9239507413923108,0.9919075144508679,False,False,False,False,0.03623311386851648,0.07285190244421225,False,False,False,False,707372.0,650860.6284828965,False,False,False,False,10010.972190315397,False,False,False,False
2025-09-04 16:00:00+00:00,166.815,166.95,166.14,166.6,3717.0,,,,,,167.9157520973959,166.91647893583203,165.80028320368194,166.33714128719268,165.81472944844643,164.130546788594,162.5595996912362,162.4947317963854,161.4969475818967,160.9286111689178,159.89865155616636,158.93021420352443,158.6371159740859,157.9168097794333,156.6470197180656,156.3216000550781,156.03608858353826,155.74037690034342,,,,,,,166.9573675343253,165.29251867454207,166.2895734365238,166.14039219354925,165.7092701190357,162.95316881663214,161.98430203920697,160.38319737673385,159.98183657356148,159.5206176541154,158.00312339713827,157.267717773463,156.37976863235062,156.07176955540427,155.7905417927988,155.70218739850208,155.03923374882353,,,166.9573675343253,161.98430203920697,159.5206176541154,157.267717773463,162.91971925312612,"rgba(38, 166, 154, 1.0)",1.5785636075429164,164.9255083796141,1.0607691779948647,38.08637601292354,-2.8635003257581957,False,True,False,True,False,0.7290925975655895,0.0,0.0,0.0,0.0,0,0.9175627240143379,1.005805441970822,False,False,False,False,0.014524694364501973,0.04368829840435711,False,False,False,False,703655.0,651679.1458707586,False,False,False,False,9913.39122612446,False,False,False,False
2025-09-04 17:00:00+00:00,166.55,166.98,166.48,166.95,3169.0,,,,,,167.87147220512563,166.91566417848264,165.80274885114406,166.3379842698968,165.8162235363596,164.13367792673063,162.56385863288833,162.49902247159235,161.50175957313067,160.93358673859865,159.90371985988182,158.9353560985763,158.64219241726667,157.92175444148907,156.65199363682353,156.32644122007252,156.04084854904414,155.7451184067806,,,,,,,166.95620541474815,165.29754543866943,166.2905763681927,166.14146005773594,165.7108901203562,162.95719957542343,161.98888382535412,160.3882039928259,159.98689948562844,159.52572529603611,158.0080705952448,157.27269277785206,156.38464086009398,156.07653482865553,155.7952862186554,155.70692517260844,155.04399903762229,,,166.95620541474815,161.98888382535412,159.52572529603611,157.27269277785206,162.92122725485513,"rgba(38, 166, 154, 1.0)",1.5247098911753962,164.92454166509884,1.3284221127074365,38.4895509060992,-2.8635003257581957,False,True,False,True,False,2.100913228917829,0.0,0.0,0.0,0.0,0,0.9151310142878789,1.007219669813703,False,False,False,False,0.038408556441006284,0.041048427422681694,False,False,False,False,706824.0,652534.1048495064,False,False,False,False,9808.827021068268,False,False,False,False
2025-09-04 18:00:00+00:00,166.945,167.285,166.65,167.22,5952.0,,,,,,167.81444558717544,166.9174790411151,165.80848846154547,166.3403998809967,165.81972046095208,164.1400842334124,162.57230190304236,162.5075217521404,161.51119612524764,160.94330348827287,159.91356093674938,158.945299691328,158.65199953419972,157.93128587830103,156.66155068253832,156.3357370317444,156.04998334904892,155.7542126467179,,,,,,,166.9575392145355,165.30843905553098,166.2933567125229,166.14420548404533,165.71460858715878,162.9652346974976,161.9979084720782,160.39794951433663,159.99673403040552,159.5356257909322,158.01760930855116,157.2822658943516,156.3939973776556,156.08568044917573,155.8043869108623,155.71601161428285,155.05312754118106,,,166.9575392145355,161.9979084720782,159.5356257909322,157.2822658943516,162.92585191368292,"rgba(0, 255, 255, 0.75)",1.4586901195458517,164.92564557523986,1.572886793443468,40.51272160707745,-2.8635003257581957,False,True,False,True,False,3.1456367899609603,0.0,0.0,0.0,0.0,0,0.9210872646284686,1.003543227373963,False,False,False,False,0.07604025464019813,0.05854434103143991,False,False,False,False,712776.0,653468.0877200566,False,False,False,False,9749.031253299769,False,False,False,False
2025-09-04 19:00:00+00:00,167.18,167.71,166.97,167.69,15956.0,,,,,,167.7582136700781,166.93610133812996,165.82854684922236,166.35043744352714,165.83204799058063,164.1594898504371,162.59681288563647,162.5321674789471,161.53817351239786,160.97091734910478,159.941298778239,158.97316225458133,158.679439965248,157.9578699481565,156.68807986071997,156.36151657232315,156.0752958544316,155.7793916758406,,,,,,,166.97555969130462,165.3436180233123,166.30463872346363,166.154732852383,165.72746483676465,162.98873980569317,162.02386971551013,160.42551670948765,160.02446944985485,159.56346202892823,158.0442234287934,157.3088971569519,156.41994944215435,156.1110255240962,155.82958730916246,155.74116643237386,155.07835441703355,,,166.97555969130462,162.02386971551013,159.56346202892823,157.3088971569519,162.94523898319127,"rgba(0, 255, 255, 0.75)",1.3962638951361166,164.94000464671313,1.9695383966214899,44.54385729780186,-2.8635003257581957,False,True,False,True,True,4.92934373981058,0.0,0.0,0.0,0.0,0,0.9279584006462045,0.9916700323101784,False,False,False,False,0.10589069484450382,0.08221751793797187,False,False,False,False,728732.0,654634.9700809859,False,False,False,False,9845.26332689202,False,False,False,False
2025-09-05 14:00:00+00:00,166.125,166.125,164.46,165.55,11608.0,,,,,,167.514017655361,166.89791991134493,165.82459577161922,166.34411951627555,165.82957578280963,164.1646560746,162.6069306749812,162.54244135956418,161.55080821645763,160.98446930010098,159.95580511180478,158.9883800872297,158.6945940899746,157.9729056132132,156.7035889587685,156.37669717129359,156.09029040090036,155.7943933419194,,,,,,165.37833333333336,166.93468119929852,165.34402673199645,166.29814901401974,166.1502285754221,165.72560039582442,162.99780306713558,162.0354358453482,160.43954873152643,160.03891145319312,159.57829038028868,158.0592366659324,157.32423390471303,156.43521225099076,156.12602854618783,155.84458738479069,155.75616449620097,155.093571991623,,,166.93468119929852,162.0354358453482,159.57829038028868,157.32423390471303,163.2351423578177,#000000,1.3308233311505133,165.1092089949641,0.3312167698884944,39.753531366784614,-2.8635003257581957,False,True,False,True,False,0.0,0.0,0.0,0.0,0.0,0,0.9121821407451224,0.989306130494777,True,False,False,False,-0.05728111306460415,0.01246820243668386,False,False,False,False,717124.0,655603.7922502729,True,False,False,False,9872.592577637879,False,False,False,False
2025-09-05 15:00:00+00:00,165.4,166.18,164.845,165.76,10118.0,,,,,,167.35647531650537,166.87066632004303,165.8228528065286,166.33989966740455,165.82846695311207,164.1699211123399,162.6163746869258,162.55201575345677,161.5623730954664,160.99679306962125,159.968889129668,159.0020334684528,158.7081736032393,157.98634368198148,156.71739874664425,156.3902050470588,156.10362484696313,155.807725951654,,,,,,165.47923701248888,166.9054473995985,165.3465760473451,166.29388113934584,166.14743501350748,165.72499529949732,163.00636100717,162.04610170357378,160.45224864646758,160.0519445198559,159.59163434340695,158.07265866617888,157.33791290080046,156.4487948540652,156.13937152621767,155.85791993179205,155.7694928976976,155.10707827372656,,,166.9054473995985,162.04610170357378,159.59163434340695,157.33791290080046,163.236538231248,"rgba(38, 166, 154, 0.5)",1.2621080320957043,165.10011734009385,0.5228416610346928,37.60647755927698,-4.335984122396496,False,True,False,True,False,0.0,0.0,0.0,0.0,0.0,0,0.9191360141058933,0.9852084047607392,False,False,False,False,-0.039756034964458065,-0.013643916263887102,False,False,False,False,727242.0,656714.4621378656,False,False,False,False,9876.397343876051,False,False,False,False
2025-09-05 16:00:00+00:00,165.7,166.115,165.605,165.765,7908.0,,,,,,167.26433588756308,166.85389984242627,165.82288513237518,166.33765727371897,165.82846646127317,164.17467860181392,162.6242894205643,162.5600277714041,161.57188633794047,161.0068657229837,159.9794954708282,159.01304169414522,158.71910822630363,157.99713470854365,156.72844523800416,156.40100189160415,156.1142762976592,155.81836901684616,,,,,,165.5723953341882,166.88738510256294,165.35037061328808,166.2916830508468,166.1461850909823,165.72536815656397,163.01360990654277,162.05493866986473,160.4625795154783,160.06251538104158,159.60242630516237,158.0834401220911,157.34887386201237,156.4596528084882,156.1500306428655,155.86856409171216,155.7801317478483,155.11784462957908,,,166.88738510256294,162.05493866986473,159.60242630516237,157.34887386201237,163.24038140367813,"rgba(38, 166, 154, 0.5)",1.2053879305264616,165.09738240432705,0.5538611917089215,36.20184701078746,-5.976448839424648,False,True,False,True,False,0.0,0.0,0.0,0.0,0.0,0,0.9259022519421781,0.9896745009342125,False,False,False,False,-0.012119802515098718,-0.012881859389492909,False,False,False,False,735150.0,657930.5169884413,False,False,False,False,9845.879555598902,False,False,False,False
2025-09-05 17:00:00+00:00,165.8,166.67,165.69,166.65,12555.0,,,,,,167.18329151300074,166.84101971794288,165.82765172664702,166.33765042752032,165.83141907363049,164.18448061349537,162.6387562314136,162.57463367994964,161.58869641902575,161.02444836990844,159.99771247003568,159.0317441068223,158.73763596154157,158.0153141473948,156.74690471158883,156.4190142223681,156.1320214664986,155.8360756697979,,,,,,165.7998343960116,166.8731034043534,165.3625519230183,166.29201774025358,166.14736232993425,165.72884996497706,163.0271069794817,162.0707626675357,160.48044596454324,160.08069141101572,159.62087615394682,158.10161511319248,157.3672575793243,156.4777722503935,156.16779162339012,155.88627662915533,155.79782833713372,155.13570245480113,,,166.8731034043534,162.0707626675357,159.62087615394682,157.3672575793243,163.25537433436793,"rgba(38, 166, 154, 1.0)",1.205555152293344,165.10632007956087,1.280472251727819,39.55574191663562,-5.976448839424648,False,True,False,True,False,0.8211857749289884,0.0,0.0,0.0,0.0,0,0.9233934169279007,0.9863832288401264,False,False,False,False,0.01331204043271376,0.00021509052161042524,False,False,False,False,747705.0,659322.3694382329,False,False,False,False,9887.881422953958,False,False,False,False
2025-09-05 18:00:00+00:00,166.65,167.485,166.215,167.38,12593.0,,,,,,167.1706725825267,166.84554368803649,165.83870635416284,166.34239382884914,165.83834405238136,164.1973469951307,162.65584051298126,162.59183701092076,161.60787171733017,161.04424370540914,160.01785758031428,159.052170293185,158.75780868618543,158.03497456370707,156.76667603586992,156.43826799126046,156.1509578801018,155.85493923754953,,,,,,166.08185218989206,166.87699652526123,165.38291462856907,166.29745964497226,166.15277958710485,165.73622227033817,163.04333482295033,162.08906580755,160.5003562767965,160.10081612170237,159.64117149260937,158.12128561476877,157.3870342526932,156.4971471826479,156.1867488423149,155.90515172856445,155.81667723115595,155.15465720344292,,,166.87699652526123,162.08906580755,159.64117149260937,157.3870342526932,163.27939567959712,"rgba(0, 255, 255, 0.75)",1.2022184823379978,165.12893169467552,1.8724286295671868,44.51523550414419,-13.284089769168766,False,True,False,True,True,3.4136249939200773,0.0,0.0,0.0,0.0,0,0.9261548946113042,0.9817942851579619,False,False,False,False,0.06665482431238778,0.0334349574169991,False,False,False,False,760298.0,660887.8830903532,False,False,False,False,9929.821245853896,False,False,False,False
2025-09-05 19:00:00+00:00,167.38,167.93,167.37,167.87,18763.0,,,,,,167.22990495013312,166.87629803392127,165.86424469571028,166.3564147368725,165.85447684662307,164.22097016524197,162.68506810708143,162.6212120211787,161.63983356466767,161.07690343495955,160.0506218790585,159.0850534402995,158.7902006792261,158.0663663876879,156.79798445151607,156.46870491169838,156.1808500175158,155.8846727665216,,,,,,166.5006313141614,166.9078017527625,165.4248202483867,166.31302497170023,166.1670651628538,165.75289953725152,163.0714570595683,162.11989981801807,160.5329409293901,160.13358013870638,159.67403817044882,158.1527136935077,157.41846958174222,156.52778456864988,156.21667920120044,155.93491068001575,155.84638219912938,155.18443779478437,,,166.9078017527625,162.11989981801807,159.67403817044882,157.41846958174222,163.32408301406917,"rgba(0, 255, 0, 1.0)",1.2058403970090146,165.17666953602912,2.23357126751721,49.385894669610096,-8.656385056066682,False,True,False,False,True,5.0871524120618865,0.0,0.0,0.0,0.0,0,0.9385964912280712,0.9765594541910337,False,False,False,False,0.13087457397471552,0.0821547656958573,False,False,False,False,779061.0,662720.0244377896,False,False,False,False,10066.769753670116,False,False,False,False
2025-09-08 14:00:00+00:00,169.36,169.725,168.92,169.225,13342.0,,,,,,167.37578935077067,166.93497006604412,165.8969394109771,166.37744257577575,165.87525836223634,164.24500476917981,162.71204608591287,162.64824757966213,161.66815929743842,161.105362029266,160.07847357715596,159.1124979754052,158.81710656560267,158.09216634617513,156.8233154693329,156.4932472008928,156.20488427338242,155.90851119333269,,,,,,166.92895496449412,166.96790255777023,165.47341311496214,166.33595543800035,166.1871342027018,165.77388336290238,163.09791522299437,162.14769373002676,160.56094253085683,160.1614810064369,159.7017640693156,158.17857452046655,157.44408728140198,156.55250307468864,156.24075267666313,155.95878084887016,155.8701891803656,155.20816364217285,,,166.96790255777023,162.14769373002676,159.7017640693156,157.44408728140198,163.3745164946542,"rgba(0, 255, 0, 1.0)",1.2320729547236846,165.23787891923544,3.2361079475677146,55.939060327278625,-2.5923356246507865,False,False,True,False,True,9.413618194077149,0.0,0.0,0.0,0.0,0,0.9434680021187472,0.9686521885684024,False,False,False,False,0.2693784104592329,0.17576658807754508,False,False,False,False,792403.0,664730.6132061959,False,False,False,False,10117.548517179106,False,False,False,False
2025-09-08 15:00:00+00:00,169.225,169.34,168.81,168.99,13648.0,,,,,,167.48864981325312,166.98620430038707,165.92739190936592,166.39687183541918,165.8947615477206,164.2681814078789,162.73840326710925,162.674672390665,161.69600031204217,161.13341054056926,160.10604282000364,159.13975206257714,158.84385106175245,158.11786475052082,156.8486176862519,156.5177798099619,156.22892324028885,155.93236695863695,,,,,,167.21644220089192,167.02020111303432,165.51878273989774,166.35714688029316,166.20580922765322,165.79362463011134,163.1236937962996,162.17494195928433,160.5886083379438,160.18909028097795,159.7292453340752,158.2043278908904,157.46964243172843,156.57720847006595,156.2648292259384,155.9826662729521,155.8940150941231,155.23193324464057,,,167.02020111303432,162.17494195928433,159.7292453340752,157.46964243172843,163.41664430640387,"rgba(0, 255, 0, 1.0)",1.2456115759714075,165.28743094020837,2.9724908881840975,59.26743290623491,0.43142114968536305,True,False,True,False,True,8.499166198877024,0.0,0.0,0.0,0.0,0,0.9445568400770724,0.969653179190752,False,False,False,False,0.2483611230962692,0.21206385558690716,False,False,False,False,778755.0,666498.4331564874,False,False,False,False,10172.284199083304,False,False,False,False
2025-09-08 16:00:00+00:00,168.985,169.43,168.92,169.3,13026.0,,,,,,167.59330360823625,167.03668480297355,165.95746672984015,166.41632651416407,165.91414544364227,164.29087363356592,162.76402790679123,162.7003575901322,161.72298725631367,161.16056772930287,160.1326953048502,159.16606892207284,158.86966973032898,158.1426595410917,156.87300446135134,156.54142158730542,156.25208603862978,155.95534895209178,,,,,,167.44587769275253,167.07170570307838,165.56305843540073,166.37832483518739,166.22446012737515,165.81321844424403,163.14879022034884,162.2013867969225,160.61537290825927,160.21578440225704,159.75579963886096,158.2291775982467,157.49428476447468,156.60101720356295,156.28802871903363,156.00567755701707,155.9169678114664,155.254821762703,,,167.07170570307838,162.2013867969225,159.75579963886096,157.49428476447468,163.4555252790059,"rgba(0, 255, 0, 1.0)",1.268485860533788,165.3330223221282,3.1273329891138806,62.20045054108922,3.229623376359342,True,False,True,False,True,9.45494215939885,0.0,0.0,0.0,0.0,0,0.9427274483291492,0.9734402163415111,False,False,False,False,0.31437862137119293,0.26322123847905005,False,False,False,False,791781.0,668440.7985339062,False,False,False,False,10216.52785491147,False,False,False,False
2025-09-08 17:00:00+00:00,169.3,169.43,168.84,168.89,8946.0,,,,,,167.65160625755115,167.0675506576902,165.9767857169431,166.42876256991246,165.9266754711986,164.30582525682968,162.7810668042761,162.7174419349166,161.74100791745732,161.17873729616218,160.1505820635796,159.18377091657584,158.88704843013537,158.15937383060307,156.88947630849353,156.55739880050038,156.26774618519664,155.97089269570688,,,,,,167.56326117419144,167.10311246463385,165.59152486330058,166.3918620871261,166.23644400042366,165.82590608964117,163.16544580664058,162.21901365758492,160.63331108349257,160.2336951223896,159.77363731677096,158.24592629594272,157.5109138599261,156.61710565782425,156.30371291233087,156.0212401409735,155.93249250106732,155.27031441075061,,,167.10311246463385,162.21901365758492,159.77363731677096,157.5109138599261,163.47920005021467,"rgba(0, 255, 0, 1.0)",1.2863174688335661,165.36006615284714,2.7442166748724905,62.21497005728693,3.51524216629106,True,False,True,False,True,7.847975014959275,0.0,0.0,0.0,0.0,0,0.9514205371860771,0.965868321535926,False,False,False,False,0.31055961603068394,0.286890427254867,False,False,False,False,782835.0,670214.3520450084,False,False,False,False,10196.829748633772,False,False,False,False
2025-09-08 18:00:00+00:00,168.915,169.02,168.515,168.95,10507.0,,,,,,167.70432278764363,167.0986439037179,165.9975329979926,166.44198027153686,165.94021487548127,164.32243977681333,162.80024766352128,162.73668197658168,161.76141243404598,161.19936405889948,160.1709699036978,159.20400884932008,158.90693390696492,158.17853524491488,156.90840875048985,156.57577492725042,156.28576722194637,155.98878847534414,,,,,,167.66319135579715,167.13463969377574,165.62223627945176,166.40625811932367,166.2492760063517,165.83965126165327,163.18414508966964,162.23892302198036,160.65372177606602,160.25410432952748,159.7939944571772,158.2651232694955,157.53000406541898,156.63560749392633,156.32176049992708,156.03915616593375,155.95036745001357,155.28816971125556,,,167.13463969377574,162.23892302198036,159.7939944571772,157.53000406541898,163.50360072265946,"rgba(0, 255, 0, 1.0)",1.3049730175648586,165.3869957774072,2.730327887730212,62.39942721555974,4.202746259566183,True,False,True,False,True,8.038236171061829,0.0,0.0,0.0,0.0,0,0.9454740016537779,0.9708157011527802,False,False,False,False,0.2886747147827468,0.2877825710188069,False,False,False,False,793342.0,672123.3078272564,False,False,False,False,10201.638589740225,False,False,False,False
2025-09-08 19:00:00+00:00,168.955,169.765,168.44,169.58,24415.0,,,,,,167.8511563493596,167.18390181681588,166.0518011945831,166.47761534150607,165.97584159127757,164.36424723305905,162.8475220273811,162.78407268076856,161.81125520639543,161.24956559282987,160.22032984858615,159.25281179191498,158.95484062632067,158.22459666129265,156.95376174971358,156.61976621762474,156.3288833574903,156.0315779395684,,,,,,167.91109215371162,167.22128221897805,165.70074594765418,166.44493091963483,166.28353697988604,165.87567112536314,163.2304228043512,162.28773833893064,160.7032529790341,160.30353471363432,159.84319854283578,158.31128219265844,157.57580789813485,156.67990456040593,156.36494341563144,156.08199854306778,155.99310376090148,155.33080085978835,,,167.22128221897805,162.28773833893064,159.84319854283578,157.57580789813485,163.56566600869883,"rgba(0, 255, 0, 1.0)",1.335699948097289,165.4572458931478,3.086587008351001,64.27137558586293,6.537317069480281,True,False,True,False,True,10.011083762554438,0.0,0.0,0.0,0.0,0,0.9492900608519281,0.9572587655751964,False,False,False,False,0.3211459249336145,0.3044642479762107,False,False,False,False,817757.0,674381.194527609,False,False,False,False,10422.000782147354,False,False,False,False
2025-09-09 14:00:00+00:00,168.75,168.79,168.35,168.52,7166.0,,,,,,167.87006464599398,167.19956350289314,166.0639487677128,166.48528643481717,165.98393068892392,164.37462864734934,162.85974856968224,162.79634506896684,161.82438003966033,161.26288951035218,160.23358875067711,159.26603870352554,158.9678570390007,158.23718048567198,156.96624761941507,156.63189994553358,156.34079381418715,156.0434150660278,,,,,,167.93905351519388,167.23701978376835,165.71869360091105,166.45327902585618,166.2910887374908,165.88391813134433,163.24229265072543,162.30049528013745,160.71648849028878,160.31680105562742,159.85646457189344,158.32388512947696,157.58837309773477,156.6921185175773,156.37687016437107,156.09384749221041,156.0049283262776,155.34263040178703,,,167.23701978376835,162.30049528013745,159.85646457189344,157.58837309773477,163.57871001369077,"rgba(0, 255, 0, 1.0)",1.3442969728996252,165.4704881800377,2.2684807609025266,60.745106898982144,6.537317069480281,True,False,True,False,True,5.917996420604048,0.0,0.0,0.0,0.0,0,0.9403528960490994,0.959148446490219,False,False,False,False,0.2698091370898631,0.28713669253303686,False,False,False,False,810591.0,676492.9744574135,False,False,False,False,10371.520149865999,False,False,False,False
2025-09-09 15:00:00+00:00,168.52,169.135,168.19,168.84,9550.0,,,,,,167.89956701225395,167.22241420426226,166.08103779606455,166.49624686077237,165.9953334048582,164.38893817436409,162.8764407902786,162.8130951913683,161.84222763079495,161.28097892976007,160.25154939824782,159.28392604317764,158.98545267416245,158.25417601099224,156.98308672340065,156.64825983536554,156.35684892744877,156.05936725251104,,,,,,167.98197151798792,167.26003323102157,165.7436637080482,166.46518576097571,166.3018181488314,165.89551823994347,163.25852811507704,162.31787121796864,160.73443539046113,160.33477467164855,159.87442226976762,158.3409083007551,157.60533026049097,156.70858728726319,156.39294772849973,156.10981629196456,156.02086308078154,155.35856302159044,,,167.26003323102157,162.31787121796864,159.87442226976762,157.60533026049097,163.59705354731406,"rgba(0, 255, 0, 1.0)",1.357320283259294,165.4895009391501,2.4684660666857803,59.42451708924649,6.537317069480281,True,False,True,False,False,6.927631332184731,0.0,0.0,0.0,0.0,0,0.9450765759277939,0.9552066829900624,False,False,False,False,0.27862081400759686,0.28287875327031686,False,False,False,False,820141.0,678720.0756286165,False,False,False,False,10358.783403356449,False,False,False,False
2025-09-09 16:00:00+00:00,168.82,169.39,168.75,169.135,7572.0,,,,,,167.93143624796107,167.24440250580616,166.09630868980975,166.5062933030088,166.0055249455186,164.4011803033694,162.89044179117914,162.82713631327096,161.85707067058027,161.29596953569632,160.26635581191923,159.29861465223993,158.99988730409777,158.26808724266752,156.99682361068432,156.6615963784392,156.3699291692925,156.0723556654296,,,,,,168.02821161476365,167.28227140833,165.7655921701565,166.4760713817206,166.31154868577363,165.90584388030834,163.27219986786935,162.33237370534326,160.74926455886936,160.34959733229968,159.88920223462532,158.3548457315594,157.61918486518505,156.72201421255627,156.40604724382086,156.12281956029523,156.033836304208,155.37151775322226,,,167.28227140833,162.33237370534326,159.88920223462532,157.61918486518505,163.61350578584305,"rgba(0, 255, 0, 1.0)",1.3759481579365795,165.50728297453577,2.636521590249791,59.476739342711085,6.537317069480281,True,False,True,False,False,7.850810868500304,0.0,0.0,0.0,0.0,0,0.9495158726335576,0.954429404113879,False,False,False,False,0.3179679019067746,0.30042332758854573,False,False,False,False,827713.0,681030.0434483278,False,False,False,False,10315.577459118364,False,False,False,False
2025-09-09 17:00:00+00:00,169.01,169.595,168.95,169.535,5495.0,,,,,,167.95862384971585,167.26230948089952,166.1082782364826,166.5142870951605,166.01351845820818,164.41053054395914,162.90100083244127,162.83772147260487,161.86820237275597,161.3071854504947,160.27739556460492,159.30953797631747,159.01061456435258,158.27841000709287,157.00699370254276,156.6714653644309,156.3796045498316,156.08195909004417,,,,,,168.06730193577337,167.30041807198398,165.7825960261461,166.48471939361139,166.31924521058892,165.91392314999464,163.28253702975812,162.34327559867745,160.7603382609866,160.36065196486342,159.9002102967471,158.36518973018983,157.6294529149724,156.73195089175894,156.41573737649432,156.13243464097857,156.0434279943887,155.38108727439908,,,167.30041807198398,162.34327559867745,159.9002102967471,157.6294529149724,163.62638450269276,"rgba(0, 255, 0, 1.0)",1.3910664714253058,165.5215152205913,2.8851854759294238,60.7224986938747,6.537317069480281,True,False,True,False,False,9.08759628594979,0.0,0.0,0.0,0.0,0,0.9490593342981198,0.9547033285094073,False,False,False,False,0.33787378749806046,0.31914855754330307,False,False,False,False,833208.0,683389.3916119196,False,False,False,False,10240.839824093273,False,False,False,False
2025-09-09 18:00:00+00:00,169.535,169.6,169.1,169.49,16053.0,,,,,,168.03436519393935,167.31381294785587,166.14313699438844,166.53768320595574,166.03690735713207,164.4378461829061,162.9318253466424,162.86862196726176,161.90069219463717,161.33992183100258,160.30962350020027,159.3414296899121,159.04193671856547,158.30855641809742,157.0366967311418,156.70029184678708,156.40786727622196,156.11001228201857,,,,,,168.17228947433154,167.3525732253996,165.83186169130235,166.51000746994401,166.34177719392426,165.93755962195272,163.31271674042722,162.37509675832564,160.7926634938089,160.39292291465424,159.93234706605548,158.39539784377254,157.6594406519058,156.76097446994083,156.44404306145998,156.16052177751544,156.07144701071027,155.40904179811977,,,167.3525732253996,162.37509675832564,159.93234706605548,157.6594406519058,163.6634006649719,"rgba(0, 255, 0, 1.0)",1.405220184085568,165.56218966334967,2.795156503680823,61.31600582461801,6.537317069480281,True,False,True,False,False,8.910179511079928,0.0,0.0,0.0,0.0,0,0.9463725442873013,0.9565574166143753,False,False,False,False,0.34282824452677424,0.3309884010350387,False,False,False,False,817155.0,685463.2770132852,False,False,False,False,10330.950834572446,False,False,False,False
2025-09-09 19:00:00+00:00,169.49,169.49,168.64,168.865,24247.0,,,,,,168.105401641578,167.37305089678506,166.18813238021647,166.56748566156605,166.06751148309553,164.47527287400186,162.9749982639215,162.9119325258524,161.9466580186307,161.38644871761787,160.3557571044534,159.3873263405662,159.08708397213755,158.3521572096661,157.07985494973255,156.74222729649625,156.44902229150566,156.15089774375556,,,,,,168.26032476675223,167.4121807666301,165.8957430217427,166.54222422164156,166.3708345949298,165.96861701041388,163.35479268683002,162.41992386904053,160.83879312756608,160.4390941810512,159.97845156321196,158.4390720767307,157.70291909848467,156.8031872853247,156.48525602255756,156.20145079746553,156.11228720140116,155.44985806408093,,,167.4121807666301,162.41992386904053,159.97845156321196,157.70291909848467,163.7098844706785,"rgba(0, 255, 0, 1.0)",1.3946888541878073,165.61018963417965,2.333717915682197,58.597506268516426,6.537317069480281,True,False,True,False,False,6.473924167839527,0.0,0.0,0.0,0.0,0,0.9446183481820383,0.955598362629425,False,False,False,False,0.31489810818742564,0.3229432546112322,False,False,False,False,792908.0,687129.086671994,False,False,False,False,10546.703534811631,False,False,False,False
2025-09-10 14:00:00+00:00,169.75,170.5,169.56,169.59,13550.0,,,,,169.88333333333333,168.17572321160125,167.42143198918993,166.2203908221559,166.58977763301175,166.0894217459628,164.49996200568984,163.00236377361367,162.9393510231113,161.9752781738682,161.41519848546102,160.38394347042916,159.41512965316127,159.11437275825529,158.3783807815742,157.1056185989226,156.76722106592186,156.4735177205014,156.1751991938457,,,,,,168.35155343853447,167.4612052543064,165.94019809241095,166.56622445726669,166.39217431325937,165.99068992160966,163.38168086378886,162.44804608338592,160.86711823166752,160.46732660983685,160.00652052429808,158.4653547583224,157.7289636628725,156.82835328100367,156.50979008253066,156.22578372811827,156.13655754716785,155.47404385556933,,,167.4612052543064,162.44804608338592,160.00652052429808,157.7289636628725,164.1999366347684,"rgba(0, 255, 0, 1.0)",1.3738086632566147,166.0191108042966,2.599262394545263,59.333608578158334,6.537317069480281,True,False,True,False,False,8.750705519540723,0.0,0.0,0.0,0.0,1,0.9512230078348952,0.9388018345117529,False,False,False,False,0.3428282453498174,0.3328857499805248,False,False,False,False,806458.0,688979.1473437459,False,False,False,False,10593.266270706024,False,False,False,False
2025-09-10 15:00:00+00:00,169.575,169.915,169.16,169.67,13580.0,,,,,169.73233321046808,168.22932988079427,167.46236801882884,166.24954405854737,166.60980129535778,166.10940345410918,164.52310671094628,163.02838032731606,162.96543027233992,162.00266903067333,161.44279785391464,160.41113362703612,159.4420483797799,159.14082164729066,158.40385702706004,157.13072832422466,156.79160103145176,156.49742766641907,156.19893422949275,,,,,,168.41715509748323,167.5025437011069,165.9804347903916,166.58777811346874,166.4114770204944,166.01086824731817,163.40716720406573,162.4748838125454,160.8943847327711,160.49455160224753,160.03363812277044,158.49088204504608,157.7543093012278,156.8528974544624,156.53373586663514,156.24954710934125,156.1602640455227,155.49769624228645,,,167.5025437011069,162.4748838125454,160.03363812277044,157.7543093012278,164.22256200848264,"rgba(0, 255, 0, 1.0)",1.3529777902451199,166.0421613068308,2.68137342632353,60.0838066623828,6.537317069480281,True,False,True,False,False,8.997622494446844,0.0,0.0,0.0,0.0,1,0.9512743269736539,0.9408980060249611,False,False,False,False,0.2988001376924017,0.3158429438364633,False,False,False,False,820038.0,691011.0675399669,False,False,False,False,10639.572219997402,False,False,False,False
2025-09-10 16:00:00+00:00,169.685,169.74,169.355,169.45,7224.0,,,,,169.68663212435231,168.25488853022625,167.48285310757873,166.26454108880003,166.62010772885944,166.11973771007578,164.53517191166367,163.04199645760605,162.97908113806426,162.0170321462764,161.4572840643687,160.42542759467094,159.4562162609012,159.1547474848173,158.41728163691454,157.14397322278722,156.80446500278478,156.51004663888148,156.2114633506014,,,,,,168.44744093671315,167.5231997630996,166.00108927950302,166.59886616818386,166.4214364318475,166.02131147354999,163.42049422997732,162.48894510577534,160.9087092009722,160.5088622434171,160.0479007887152,158.50433245587317,157.7676722678597,156.86584730578767,156.546373422147,156.26209078516447,156.17277842138915,155.51018664451334,,,167.5231997630996,162.48894510577534,160.0479007887152,157.7676722678597,164.23535891880064,"rgba(0, 255, 0, 1.0)",1.3157461898222198,166.05526344449382,2.5800846559661013,59.395675436952885,6.537317069480281,True,False,True,False,False,8.128212258881618,0.0,0.0,0.0,0.0,1,0.9787244693632368,0.9332699239086909,False,False,False,False,0.29968249412550707,0.3077627189809852,False,False,False,False,812814.0,692899.4850974869,False,False,False,False,10586.617611935428,False,False,False,False
2025-09-10 17:00:00+00:00,169.45,169.46,168.535,168.62,8351.0,,,,,169.5272649182375,168.26874429481694,167.49869290931724,166.27830952179198,166.62930373421858,166.12935744683227,164.54725441971829,163.05610842030188,162.99324458426213,162.03214895672548,161.4726337140821,160.44073013336418,159.47150052144025,159.16980258141635,158.43186292927444,157.15845476825922,156.81855243816108,156.52388369578702,156.22521877457766,,,,,,168.46055154437605,167.5390122205169,166.020350534303,166.60877504018603,166.43049246955673,166.03109781414025,163.43420944756485,162.5036482593957,160.9239757880052,160.52417128137188,160.0632183682373,158.51893429071478,157.78223825638756,156.88002476326724,156.56022871203268,156.27585937599423,156.18651979461097,155.52393592978643,,,167.5390122205169,162.5036482593957,160.0632183682373,157.78223825638756,164.24218395696715,"rgba(0, 255, 255, 0.75)",1.2887238187744976,166.0598949577506,1.986542814645823,55.122597240200015,9.632209213615262,True,False,True,False,False,4.94279436268771,0.0,0.0,0.0,0.0,1,0.9775581219426103,0.9190075142468109,False,False,False,False,0.25178002372040287,0.279771371350694,False,False,False,False,804463.0,694629.1519952002,False,False,False,False,10551.956873765885,False,False,False,False
2025-09-10 18:00:00+00:00,168.57,168.66,168.33,168.58,13157.0,,,,,169.29081209050872,168.27744700069715,167.5167796833395,166.29683474206266,166.64141349065818,166.1424697467297,164.564632003693,163.07688028990177,163.01410735664652,162.0546245856001,161.49555610178132,160.4637356436596,159.49459185108518,159.1925792441315,158.4539896514133,157.18052167294073,156.84004108150143,156.5450080203522,156.2462346477311,,,,,,168.46346649069193,167.5568673918638,166.04653384488662,166.62183605737698,166.44260861131525,166.0445064910158,163.4543029695023,162.52541650484986,160.94686089780842,160.54717553186802,160.08629352480932,158.54108497233565,157.80439117988524,156.90164667557457,156.58137879913346,156.29689267761228,156.20751625345866,155.54497679759973,,,167.5568673918638,162.52541650484986,160.08629352480932,157.80439117988524,164.25033328585934,"rgba(0, 255, 0, 1.0)",1.2508399988401127,166.06348080354877,2.01186338683187,52.10962075128856,6.761361983254247,False,False,False,False,False,4.792433258194883,0.0,0.0,0.0,0.0,1,0.9737600485363276,0.9176399211284701,False,False,False,False,0.20898789470341775,0.2443796330270559,False,False,False,False,791306.0,696128.0178557397,False,False,False,False,10592.345139288893,False,False,False,False
2025-09-10 19:00:00+00:00,168.62,168.78,168.07,168.1,31932.0,,,,,168.93650072897918,168.28045151425732,167.54963982525697,166.3364913279575,166.66701178271538,166.1709925437611,164.60401312430426,163.1247548941342,163.0622174680125,162.10680875987742,161.5489557854108,160.5176112122694,159.54887585122296,159.24618532932567,158.5061958089087,157.2327539503909,156.8909505291773,156.59508945977015,156.2960890469761,,,,,,168.44859962491464,167.58890680601257,166.10274193010616,166.64944007409457,166.4685755507265,166.0737932193935,163.5004546884923,162.5758009279883,161.00033441954585,160.6010278900778,160.1404177561886,158.59333427123684,157.85674881312815,156.95286326465228,156.63151734932097,156.34678343359823,156.25732845945797,155.59495208735046,,,167.58890680601257,162.5758009279883,160.1404177561886,157.85674881312815,164.27402412140103,"rgba(0, 255, 255, 0.75)",1.2228774588138016,166.0764877043524,1.654713872647898,48.18115550013397,3.1306363334087663,False,True,False,True,False,2.996110796936037,0.0,0.0,0.0,0.0,0,0.9660827621223672,0.9265803503427273,False,False,False,False,0.20308956994170532,0.22373460148438062,False,False,False,False,759374.0,697108.5757184414,False,False,False,False,10923.192501470461,False,False,False,False
2025-09-11 14:00:00+00:00,168.98,169.18,168.395,168.46,5985.0,,,,,168.92002441911302,168.28608362187765,167.55826412214972,166.34507751769408,166.67275569834257,166.17714258577885,164.6120125884166,163.1342491180082,163.07175172841357,162.11705699774882,161.55940145936557,160.52809138931275,159.55939264919877,159.25656050161524,158.5162778047987,157.2428070104633,156.9007426927914,156.60471698240886,156.30566720506408,,,,,,168.45287909817998,167.59744965412662,166.1146393214243,166.65561482532402,166.4742994768483,166.0800702330781,163.5096498299564,162.585735850545,161.01076188143273,160.6115076867103,160.15092834726676,158.603427192863,157.86684150307454,156.9627155550463,156.64115654279996,156.35636952898312,156.26689780311872,155.60454049720843,,,167.59744965412662,162.585735850545,160.15092834726676,157.86684150307454,164.28165602407714,"rgba(0, 255, 255, 0.75)",1.195669769708095,166.0830945997689,1.9879279885209287,47.45969212571898,2.4738934079421213,False,True,False,True,False,4.215647962142878,0.0,0.0,0.0,0.0,0,0.9580345419654592,0.922583577416423,False,False,False,False,0.2337953267108653,0.22876496409762298,False,False,False,False,765359.0,698166.7218313337,False,False,False,False,10846.631377416654,False,False,False,False
2025-09-11 15:00:00+00:00,168.425,168.8,168.09,168.455,8692.0,,,,,168.88001369493156,168.2893518986305,167.5680327646677,166.3562174917778,166.68008941759302,166.18520434064348,164.6229204499274,163.14741026145137,163.0849751339155,162.131363958815,161.574028927955,160.54283571123534,159.57423894699076,159.2712209186644,158.53055373147984,157.25708262076256,156.91465773629616,156.6184058855865,156.31929308735732,,,,,,168.45275935932054,167.60703069194184,166.1301907570097,166.66350365551082,166.4816977235493,166.0883304247694,163.52235424502652,162.59956432984842,161.02540257117423,160.62624656867243,160.16573638031102,158.61771538954056,157.88115450388557,156.9767142394546,156.6548611209594,156.37000551216943,156.2805120557217,155.61819618109465,,,167.60703069194184,162.59956432984842,160.16573638031102,157.88115450388557,164.29082882497332,"rgba(0, 255, 0, 1.0)",1.1646270639967955,166.09013857957285,2.030573986758793,46.95588811074556,1.861322830504058,False,True,False,True,False,4.196637737146698,0.0,0.0,0.0,0.0,0,0.9514029067420277,0.9310153411384743,False,False,False,False,0.20477336642592456,0.21676916526177376,False,False,False,False,756667.0,699073.7028882123,False,False,False,False,10813.226239782287,False,False,False,False
2025-09-11 16:00:00+00:00,168.49,168.95,168.01,168.155,12494.0,,,,,168.82476829179893,168.29166821697396,167.58051385703536,166.3714458056105,166.69007302408957,166.19630348591227,164.6381792779324,163.1659425104013,163.10359901549592,162.1515678580452,161.59471288332918,160.56372888825385,159.595308933645,159.29203690366228,158.55084432769485,157.27739883827005,156.93446819948863,156.63790000187618,156.33870216951334,,,,,,168.44980099393538,167.61920953150698,166.15145756144187,166.67424041448947,166.49182464287296,166.0997208498366,163.54021922454265,162.61906862050404,161.04613029432556,160.64712888363417,160.18673312793604,158.63802133154303,157.90151173405852,156.99664238926363,156.67437693347023,156.3894282013831,156.29990517923162,155.63765726892996,,,167.61920953150698,162.61906862050404,160.18673312793604,157.90151173405852,164.3034153238885,"rgba(0, 255, 255, 0.75)",1.1147964707365898,166.09944538674253,1.8438833161171426,45.22185027696992,0.03486079133826081,False,True,False,True,False,3.0498747605206447,0.0,0.0,0.0,0.0,0,0.9652235990005615,0.9283565345979303,False,False,False,False,0.20772277418724652,0.21224596972451015,False,False,False,False,744173.0,699772.9167969221,False,False,False,False,10839.28474769264,False,False,False,False
2025-09-11 17:00:00+00:00,168.16,168.365,167.58,167.8,7915.0,,,,,168.76616790093314,168.28507108669146,167.58377274797502,166.37879902328115,166.6946358560622,166.2018128536551,164.64660716688016,163.17659094111096,163.11431270525392,162.16336482289387,161.60687265570743,160.57613643156688,159.60791288550146,159.3045139384765,158.56305956033435,157.28970266337845,156.94648311452744,156.64973684628134,156.35050017747704,,,,,,168.4377203817439,167.62216430782482,166.16199417226014,166.67916143360776,166.4966392273539,166.10543948762347,163.55040550608805,162.63038113701546,161.05838616502913,160.65952110504844,160.19924010424455,158.65024006377996,157.9138065841928,157.0087255430537,156.6862253196164,156.40123235569763,156.3116951060807,155.6495142165788,,,167.62216430782482,162.63038113701546,160.19924010424455,157.9138065841928,164.30830496175315,"rgba(0, 255, 255, 0.75)",1.0714995470250344,166.10122674227622,1.585416683040461,42.55770449804287,-2.6145423217205135,False,True,False,True,False,1.7086781696430542,0.0,0.0,0.0,0.0,0,0.9731354016848169,0.9275734538730229,False,False,False,False,0.1652769061995984,0.18876143796205427,False,False,False,False,736258.0,700338.5770016209,False,False,False,False,10793.946999666397,False,False,False,False
2025-09-11 18:00:00+00:00,167.83,168.055,167.62,167.77,11233.0,,,,,168.68650023984748,168.27367012777827,167.58692638411483,166.3884437357493,166.7005275267333,166.20911853777181,164.6581302217579,163.1913043147784,163.1291209446965,162.1797348085659,161.62377745009104,160.5934345772358,159.6255205062391,159.3219546076572,158.58015607241168,157.3069516405959,156.96333461447878,156.6663444069029,156.3670583057205,,,,,,168.41837708952647,167.62485992940674,166.17589265081276,166.68551900405234,166.50293863024123,166.1130487249978,163.56445139428672,162.64605095556257,161.0754522728489,160.6767944258172,160.21669157261405,158.66733921216954,157.9310297948458,157.02567134983596,156.7028484117446,156.4177982723805,156.32824253948053,155.66616551015517,,,167.62485992940674,162.64605095556257,160.21669157261405,157.9310297948458,164.31472962532735,"rgba(0, 255, 255, 0.75)",1.043433227809267,166.1030600681623,1.597553046434524,40.6550693415366,-4.51058878362992,False,True,False,True,False,1.5951800940549852,0.0,0.0,0.0,0.0,0,0.9760488334799035,0.9236459572707055,False,False,False,False,0.15178720990962954,0.1702743239358419,False,False,False,False,725025.0,700721.3122419058,False,False,False,False,10800.754022927384,False,False,False,False
2025-09-11 19:00:00+00:00,167.77,168.445,167.565,168.38,29450.0,,,,,168.58630073223569,168.26508076598265,167.60567472742338,166.41857528123035,166.7199675998508,166.23165782479455,164.69092164142845,163.23203748534002,163.17008527102024,162.2245798594166,161.66989628282815,160.64035693426817,159.67308829555773,159.36902531722743,158.6261988558181,157.35325432280095,157.00854305271665,156.71087507872332,156.41143145317352,,,,,168.13,168.39666078118012,167.6427182728086,166.21803914101375,166.70640952092396,166.52306900594922,166.1363137227178,163.6035372796135,162.68916337121658,161.12186078525016,160.72366819077956,160.26394845413927,158.71340060042115,157.9773314289151,157.07113729911882,156.74742374216234,156.46219644489565,156.3725839432435,155.71073155337862,,,167.6427182728086,162.68916337121658,160.26394845413927,157.9773314289151,164.6913444490788,"rgba(0, 255, 255, 0.75)",1.0147050874071575,166.3721163437584,1.9787854433373169,43.367903386361704,-4.51058878362992,False,True,False,True,True,3.781527434015615,0.0,0.0,0.0,0.0,0,0.9673063990481616,0.9253013294707989,False,False,False,False,0.1658390841066665,0.16805670402125422,False,False,False,False,754475.0,701554.7027497832,False,False,False,False,11089.889619471145,False,False,False,False
2025-09-12 14:00:00+00:00,168.18,168.95,168.155,168.92,14685.0,,,,,168.59360824057867,168.27694729351188,167.62377104297556,166.43787552079428,166.73313589593062,166.24587060076962,164.70959716372775,163.25433094621297,163.19247910288385,162.24873034104337,161.69456918694019,160.6652234763697,159.69812510906038,159.39375770023872,158.6502993174891,157.37735521487545,157.0320473777234,156.7340045285632,156.4344561360286,,,,,168.31133737396624,168.40673425177448,167.6606007192745,166.24418206021102,166.72050437897232,166.5362635343564,166.15083198103108,163.6250948026891,162.71253684739352,161.1465565407282,160.74852557654657,160.28892052690395,158.7375212287487,158.00149358927214,157.09478012660628,156.77057920701364,156.48523792806662,156.39558929773347,155.73380515720993,,,167.6606007192745,162.71253684739352,160.28892052690395,158.00149358927214,164.71705410058584,"rgba(0, 255, 0, 1.0)",0.9870859286942395,166.39719483093293,2.5558110958023,47.88190810370881,-7.3418629583159,False,True,False,False,True,5.647455218308579,0.0,0.0,0.0,0.0,0,0.9694624987104105,0.9206128133704743,False,False,False,False,0.21225732223799634,0.1901570131296253,False,False,False,False,769160.0,702602.8468931974,False,False,False,False,11145.627764905701,False,False,False,False
2025-09-12 15:00:00+00:00,168.915,168.97,168.5,168.655,17958.0,,,,,168.60410859844583,168.29169644676043,167.64576092405375,166.4613783550563,166.74927233117162,166.2632634173733,164.73238847194875,163.2815123363426,163.2197826775667,162.2781707449541,161.72464894381994,160.69554955446378,159.7286664813104,159.42393233366448,158.67971211645508,157.4067751739052,157.0607438738475,156.76224643757837,156.46257168788415,,,,,168.4261531090461,168.41951661246398,167.68233569067593,166.2758334430074,166.7377580838859,166.5524286606487,166.16859344422357,163.65138164640445,162.74103131080386,161.1766706280821,160.77883970219074,160.31937816256007,158.76695799040192,158.03098489865923,157.12364470467992,156.79885261396035,156.51337373930156,156.42368147427254,155.7619824203142,,,167.68233569067593,162.74103131080386,160.31937816256007,158.03098489865923,164.7442447910904,"rgba(0, 255, 0, 1.0)",0.9643809011578617,166.42257787011607,2.3148759242365986,49.364819425251085,-5.994965650069304,False,False,False,False,True,4.603076371539778,0.0,0.0,0.0,0.0,0,0.973410584036005,0.9220423154518657,False,False,False,False,0.2279228435119941,0.2090399283208097,False,False,False,False,751202.0,703356.3221351632,False,False,False,False,11251.245939093209,False,False,False,False
2025-09-12 16:00:00+00:00,168.72,168.98,168.475,168.93,14739.0,,,,,168.6174464275838,168.30543439732728,167.6645723281266,166.48103788354246,166.7628978383036,166.27785553908805,164.7513047189502,163.3039728653942,163.24234156828237,162.30245712656657,161.74944874473053,160.72053666092046,159.7538194304971,159.44878224687054,158.70393191033244,157.4309919455868,157.08436576249878,156.78549403434374,156.48571405350975,,,,,168.49691053206996,168.43213871599724,167.70096302299436,166.30211419328185,166.75230985646934,166.56604363860149,166.18347904730047,163.6731205361081,162.76455325082637,161.20149043781373,160.80381804022997,160.34446861278278,158.7911981030486,158.055264212099,157.14740470398624,156.82212623559224,156.53653298735404,156.4468044693762,155.785171784833,,,167.70096302299436,162.76455325082637,160.34446861278278,158.055264212099,164.76618141655155,"rgba(0, 255, 0, 1.0)",0.9368291738072712,166.44299776701845,2.654701948354557,51.7179249834713,-3.7498282131675325,False,False,True,False,True,5.5553612023510475,0.0,0.0,0.0,0.0,0,0.9703467391872815,0.9320642225825015,False,False,False,False,0.227276933765072,0.21815843104294086,False,False,False,False,765941.0,704326.627218339,False,False,False,False,11305.319645463856,False,False,False,False
2025-09-12 17:00:00+00:00,168.97,169.4,168.85,169.39,17051.0,,,,,168.66201066392978,168.33322574168787,167.6933549319742,166.50740969879766,166.78163468250682,166.29729903663343,164.77521093229416,163.33169163663536,163.2701615001519,162.332124088349,161.77961318421134,160.75073935991273,159.78408272723243,159.4786456749316,158.73296215492826,157.4599058394777,157.11254663893047,156.81320941849464,156.51328466331677,,,,,168.6270270087946,168.46138112100485,167.72969700396894,166.3368300262774,166.77228494708123,166.58450715351944,166.20321553227126,163.7000767356878,162.79340981746876,161.23157330352277,160.83402362333217,160.3747378847094,158.82026135852487,158.08430451927143,157.1757542509154,156.84987502116675,156.56412692584922,156.4743495924517,155.81275527612164,,,167.72969700396894,162.79340981746876,160.3747378847094,158.08430451927143,164.7978928936782,"rgba(0, 255, 0, 1.0)",0.9370714011249683,166.4748793224449,3.11088426565514,55.30736227877597,-0.3697241171715788,True,False,True,False,True,7.122608014524825,0.0,0.0,0.0,0.0,0,0.9821147592573175,0.9118850309451386,False,False,False,False,0.26178269131415005,0.23997056117854546,False,False,False,False,782992.0,705546.2454010004,False,False,False,False,11394.39996103806,False,False,False,False
2025-09-12 18:00:00+00:00,169.38,169.675,169.35,169.66,26286.0,,,,,168.75501118181126,168.38858313546996,167.74539072229243,166.5521890840991,166.81402298835303,166.33029472468147,164.8144207495951,163.3764181756125,163.31502886507707,162.37965332238534,161.82779707194064,160.79878088963653,159.83206899220346,159.5259618798757,158.77887967129388,157.505515654323,157.15697815918287,156.8568878496998,156.55671394268325,,,,,168.83147189929736,168.5214111459808,167.78182764089456,166.39504352778567,166.80675604875879,166.61617693558077,166.23660598368738,163.74371594814423,162.83977937650883,161.27951403535238,160.88208428416695,160.42282180829656,158.86624044106046,158.1301704156745,157.22045530968614,156.89360860418944,156.60759645512292,156.51773613194345,155.85615655540224,,,167.78182764089456,162.83977937650883,160.42282180829656,158.1301704156745,164.8514747415045,"rgba(0, 255, 0, 1.0)",0.9520196644171443,166.53023357580832,3.2875018669995764,58.75237258370274,2.823895365542832,True,False,True,False,True,8.02786662023318,0.0,0.0,0.0,0.0,0,0.9873577086502657,0.9038976026858317,False,False,False,False,0.296017054290749,0.2679938077346472,False,False,False,False,809278.0,707154.4896583492,False,False,False,False,11625.277481021965,False,False,False,False
2025-09-12 19:00:00+00:00,169.655,169.66,168.96,169.15,49578.0,,,,,168.8368616248711,168.45658490719072,167.82081759550073,166.6249627219609,166.86654282218385,166.38504048976125,164.88201178026995,163.45497753638494,163.39388656599345,162.4638824521703,161.91355070201254,160.88487591805432,159.91850827018843,159.61133105324217,158.86201323540826,157.5884584014616,157.23788356048746,156.9365020268223,156.63594122865294,,,,,168.95565851924727,168.59001185923734,167.85695166944407,166.48926559060376,166.8625587767491,166.66811248493107,166.2921957628152,163.82005630400386,162.92163888968227,161.3651741085723,160.9681703794503,160.50917484080406,158.94945605977307,158.21340611239702,157.30183160104684,156.9733143631929,156.68688601043448,156.5968941277859,155.9354691187165,,,167.85695166944407,162.92163888968227,160.50917484080406,158.21340611239702,164.92805890288335,"rgba(0, 255, 0, 1.0)",0.957555389687619,166.60310735048608,2.6597862399842875,57.730437732502836,2.823895365542832,True,False,True,False,True,5.947073033179066,0.0,0.0,0.0,0.0,0,0.9849509726810349,0.9057731634418758,False,False,False,False,0.2780474465866314,0.2730206271606393,False,False,False,False,759700.0,707969.1487334134,False,False,False,False,12213.69178364178,False,False,False,False
2025-09-15 14:00:00+00:00,170.13,170.38,169.42,170.01,13150.0,,,,169.93666666666667,168.88248301315411,168.48671150114362,167.8484610518855,166.6484314914783,166.8839523159401,166.402576684433,164.90232905990743,163.47786464780611,163.4168380550079,162.48808009523057,161.93804031589093,160.90924934115077,159.94282010509264,159.63530217087074,158.8852706121288,157.61153258858252,157.26036544056046,156.9586035956601,156.65791308424167,,,,,169.02619142650417,168.62253306263722,167.88467507477853,166.51911202025696,166.8810193493156,166.68507588404884,166.30990237031267,163.84243967257794,162.94529502982547,161.38951791866398,160.99255655731224,160.53355497938784,158.9727463073595,158.23662147557454,157.32444866918934,156.9954440796576,156.7088788521428,156.6188439899985,155.95741440985833,,,167.88467507477853,162.94529502982547,160.53355497938784,158.23662147557454,165.35414230341266,"rgba(0, 255, 0, 1.0)",0.9815955020909595,166.95625126908072,3.1110052199855045,60.34953993123929,4.354780345756936,True,False,True,False,True,8.80173020711111,0.0,0.0,0.0,0.0,0,0.9870555208983165,0.8936369307548355,False,False,False,False,0.33084332958711193,0.30193197837387564,False,False,False,False,772850.0,708975.0534042132,False,False,False,False,12228.208190096946,False,False,False,False
2025-09-15 15:00:00+00:00,170.0,170.12,169.655,170.03,8563.0,,,,169.93600937994134,168.91016560034151,168.50565678184026,167.86606277413867,166.66352819711759,166.89517711871153,166.41389774044035,164.9154673100822,163.49267772968295,163.43169340753326,162.50374950783245,161.95390391035625,160.92504743601594,159.95858548789906,159.65084939021025,158.90036060101266,157.6265096787435,157.27496049681474,156.97295346733287,156.67217991393179,,,,,169.06683765973744,168.6428530033057,167.9023196831723,166.53826175865774,166.89291525632166,166.69602213406205,166.32133507392547,163.85692342153126,162.96061016728402,161.40529281133053,161.00836220179133,160.5493603277928,158.98785711349805,158.25168731228138,157.33913100171762,157.0098120553208,156.72315911447242,156.63309669681624,155.97166607071452,,,167.9023196831723,162.96061016728402,160.5493603277928,158.25168731228138,165.37016521571786,"rgba(0, 255, 0, 1.0)",1.005279755780873,166.97255557115264,3.041386650099628,62.16227277502486,6.200214067966954,True,False,True,False,True,8.866608308625356,0.0,0.0,0.0,0.0,0,0.9896950140522544,0.8977828666597282,False,False,False,False,0.3291467636347239,0.31553937100429974,False,False,False,False,781413.0,710098.1223436827,False,False,False,False,12171.383256917148,False,False,False,False
2025-09-15 16:00:00+00:00,169.96,170.085,168.795,168.795,10090.0,,,,169.71043051494092,168.91962949446318,168.51657631960072,167.87943789264077,166.6773177435695,166.905233442062,166.42447368283683,164.92868332437234,163.50813130499435,163.44720958799297,162.5203727561825,161.97086008350192,160.94213056513274,159.97578097814446,159.6678483341729,158.9169480308695,157.64309560465713,157.29115307534255,156.98889764909484,156.6880537417415,,,,,169.07475558587612,168.65328291087732,167.91559753170674,166.55589330416984,166.90357022193916,166.7060194216155,166.33208560804155,163.87191855114338,162.9767420933833,161.42226515886145,161.02543921125326,160.5665124050538,159.00445783416515,158.26831424022262,157.35541502586395,157.02577355622827,156.7390442419031,156.64895759190244,155.9875699188536,,,167.91559753170674,162.9767420933833,160.5665124050538,158.26831424022262,165.37418274864848,"rgba(0, 255, 255, 0.75)",1.007594101744018,166.97295116071786,1.8083163013046586,57.063613948070355,6.200214067966954,True,False,True,False,False,3.9887664925252615,0.0,0.0,0.0,0.0,0,0.9835739694496763,0.9073027830089986,False,False,False,False,0.2842560758336653,0.2998977234189825,False,False,False,False,771323.0,711047.3452530829,False,False,False,False,12139.113749057968,False,False,False,False
2025-09-15 17:00:00+00:00,168.795,169.095,168.62,169.09,13692.0,,,,169.47705993332602,168.9202318987849,168.5250214233349,167.8933500905644,166.69369110473627,166.91705301539528,166.437225479758,164.94528637028188,163.5279118180179,163.46708224819696,162.54182920490433,161.9928285134864,160.96439229824227,159.99828481031037,159.69012235283645,158.93874105145554,157.66496512414636,157.31252388899452,157.00995623984718,156.70903344245323,,,,,169.06586543673322,168.65996949614615,167.92929745367073,166.57689258079552,166.91608724352403,166.71791253900668,166.34509756658576,163.89103816151191,162.99749063040298,161.44432731579187,161.0476837116964,160.5889034492386,159.026262138761,158.29020130066067,157.37690287085235,157.04685320918662,156.7600365468386,156.66992198775918,156.00861883615184,,,167.92929745367073,162.99749063040298,160.5889034492386,158.29020130066067,165.3793411593653,"rgba(0, 255, 0, 1.0)",1.0080772886119758,166.9730030679759,2.100034348496241,54.93518026034654,11.272327943448893,True,False,True,False,False,4.981382211900957,0.0,0.0,0.0,0.0,0,0.9694412412202548,0.9180731732886055,False,False,False,False,0.2282371943316362,0.26406745887530936,False,False,False,False,785015.0,712194.1305979964,False,False,False,False,12163.189504886526,False,False,False,False
2025-09-15 18:00:00+00:00,169.085,169.38,168.695,168.825,15791.0,,,,169.34555159416504,168.92224000354196,168.53506785233586,167.909420641302,166.7125447429027,166.93072600757276,166.45195665052879,164.96441525297277,163.55067896701786,163.48995514124235,162.56651909459427,162.0181080438429,160.99001468841763,160.02419000644974,159.71576595739955,158.96383677809078,157.69015288993913,157.33714056054166,157.03421538462325,156.73320271982632,,,,,169.05908524611922,168.66814124953459,167.94513065868676,166.60097451620547,166.93055640034112,166.73166593142403,166.36012518539252,163.91304762051212,163.02136789704204,161.46971816225835,161.07328584109612,160.61467616032627,159.0513704622983,158.31540716792304,157.40165364217225,157.07113643908832,156.78422017972423,156.69407378267996,156.03286901760012,,,167.94513065868676,163.02136789704204,160.61467616032627,158.31540716792304,165.390998941975,"rgba(0, 255, 255, 0.75)",1.0022175861984934,166.98022663053567,1.8406914774482468,52.37423235032648,8.79375467955343,False,False,False,False,False,3.9695430155866838,0.0,0.0,0.0,0.0,0,0.9716719803480905,0.9113050750013075,False,False,False,False,0.2453502106129905,0.25470883474414996,False,False,False,False,769224.0,713078.3146197329,False,False,False,False,12219.434628841775,False,False,False,False
2025-09-15 19:00:00+00:00,168.85,169.13,168.58,168.945,37086.0,,,,169.17192478550808,168.91880645580991,168.55281461121024,167.9425609505507,166.75405664818499,166.9608717467615,166.4847860541499,165.007730501176,163.602611542624,163.54214248340844,162.62303465322734,162.0760744113106,161.04894032699235,160.08389495909466,159.77491065888708,159.02180721234058,157.7484432992902,157.3941440886122,157.09041673310892,156.78921605404284,,,,,169.03500591777035,168.68091219077382,167.97765498418383,166.65377979433637,166.9624168658611,166.76215793114426,166.39366505278923,163.96317169421098,163.0759407164611,161.52803890917838,161.1321523513092,160.6739998893007,159.10936127050044,158.3736887598148,157.45896097761738,157.1273908230735,156.84026344391845,156.75004923807543,156.08910914570575,,,167.97765498418383,163.0759407164611,160.6739998893007,158.3736887598148,165.42101005872934,"rgba(0, 255, 255, 0.75)",0.99585631131616,167.00047002464467,1.952621029017089,51.25229935830438,7.579953867084214,False,False,False,False,False,4.38234821834045,0.0,0.0,0.0,0.0,0,0.97065592635213,0.9158907835547659,False,False,False,False,0.2279619547241421,0.24133539473414603,False,False,False,False,806310.0,714523.7671062486,False,False,False,False,12604.962774131049,False,False,False,False
2025-09-16 14:00:00+00:00,168.315,168.72,168.17,168.6,13786.0,,,,169.08892483520273,168.90481759202726,168.55177568157526,167.94947074433276,166.7663473410079,166.96962800974376,166.49482691010695,165.0220007418189,163.62025927762696,163.55989424704106,162.64249939984376,162.09615879860132,161.06954670631362,160.10491424111677,159.79577356957967,159.04234259141336,157.7692069689227,157.4144795488465,157.11048943574062,156.80924222896877,,,,,169.0086795137842,168.67696519716773,167.98424665001033,166.66948294820304,166.97165809078834,166.77124030146524,166.4039986163452,163.98009777147294,163.09463012147717,161.54835326682513,161.15272449151962,160.69480320464953,159.12989479692916,158.39439591470693,157.47939923780294,157.14747978289193,156.86029689902637,156.77006450583318,156.10925936866317,,,167.98424665001033,163.09463012147717,160.69480320464953,158.39439591470693,165.42772121835802,"rgba(0, 255, 255, 0.75)",0.9811580168604251,167.00234565656535,1.628335411809529,48.91626978146526,5.1656256624916566,False,True,False,True,False,3.0516052916189267,0.0,0.0,0.0,0.0,0,0.960625000000001,0.9190104166666676,False,False,False,False,0.1893706295683718,0.2153530121512589,False,False,False,False,792524.0,715733.0730425859,False,False,False,False,12623.273428795683,False,False,False,False
2025-09-16 15:00:00+00:00,168.62,168.72,167.56,167.585,4747.0,,,,169.0428811142951,168.89410190961704,168.5479974717635,167.9494943849741,166.76922711649252,166.9715587104945,166.49733191244076,165.02612570392694,163.6256348571489,163.5653099441693,162.64855457457682,162.10246268887883,161.07610027590889,160.11166201717282,159.80248852822044,159.0489891085225,157.77597799424242,157.4211231191696,157.117056795318,156.81580323601156,,,,,168.991230423417,168.6716786162911,167.98411930556097,166.67324369962301,166.9736933473613,166.7733708178565,166.40661842433002,163.98520132437116,163.1003934452683,161.55477765607844,161.15926110802738,160.70144536820504,159.13653676006751,158.40112525737442,157.4860741905161,157.1540513281972,156.86685882005443,156.77662306268215,156.11587991671146,,,167.98411930556097,163.1003934452683,160.70144536820504,158.40112525737442,165.42767256804308,"rgba(38, 166, 154, 0.5)",0.9700254802982539,166.99999083552888,0.6030863893299571,43.76882073397111,0.23283616274366636,False,True,False,True,False,0.0,0.0,0.0,0.0,0.0,0,0.9582318495102875,0.9188993107736962,False,False,False,False,0.16102581533094315,0.18818941374110104,False,False,False,False,787777.0,716850.0331504528,False,False,False,False,12501.160662457763,False,False,False,False
2025-09-16 16:00:00+00:00,167.585,167.71,166.95,166.95,4597.0,,,,168.97328225049796,168.87582932498282,168.53980359316625,167.9464176791985,166.77024321826167,166.97199765805206,166.49850287694002,165.02908693325537,163.62992626636037,163.56964593020206,162.6535765102434,162.1077720738669,161.08174268974338,160.11756034309,159.8083821863153,159.05487371876552,157.7820429167177,157.42709026627094,157.1229684949819,156.82172131789562,,,,,168.96301071133863,168.6613397403889,167.98084089165337,166.67474121998953,166.9741527016773,166.77411890280447,166.4079195093685,163.98919769393137,163.10509948626947,161.56025755091585,161.16488037605782,160.7072007127401,159.14241187722305,158.40712093521515,157.49206658520333,157.15996525712615,156.87277572170572,156.7825404614825,156.121877603887,,,167.98084089165337,163.10509948626947,160.7072007127401,158.40712093521515,165.42442346007624,#000000,0.9769505644610855,166.9936364631663,-0.04466598900055844,38.705122851891716,-4.445670437721155,False,True,False,True,False,0.0,0.0,0.0,0.0,0.0,0,0.9466234919308516,0.9423408366845987,False,False,False,False,0.08685825869393914,0.1375238362175201,False,False,False,False,783180.0,717878.4047295154,False,False,False,False,12378.615535908031,False,False,False,False
2025-09-16 17:00:00+00:00,166.95,167.11,166.315,166.34,6348.0,,,,168.85486491982792,168.8421932624524,168.52351960079378,167.93872855813507,166.76965713619163,166.97099690645805,166.4987081493721,165.03200997114985,163.63481839399697,163.57460601107317,162.65955819395614,162.11420296202266,161.08873617766378,160.12498369811738,159.81582976837728,159.0623735755247,157.7898592874254,157.4348007371201,157.13062322545395,156.82939905932935,,,,,168.91235680019176,168.64137765679342,167.9728133808828,166.67440544503526,166.9730899085086,166.77367360297757,166.40832544454906,163.9936471716593,163.11060779497026,161.5669844919089,161.17183431999473,160.71438071694337,159.14989287854152,158.41480902473467,157.49980607895142,157.16762099798362,156.8804494938202,156.79021917461122,156.12969009911396,,,167.9728133808828,163.11060779497026,160.71438071694337,158.41480902473467,165.41664387910035,"rgba(239, 83, 80, 0.5)",0.9985758417401978,166.98067396053375,-0.641587682931781,34.029062320584394,-8.681570764079893,False,True,False,True,False,0.0,0.0,0.0,0.0,0.0,0,0.943389335281228,0.9412501304393202,False,False,False,False,0.03099318578585489,0.08425851100168749,False,False,False,False,776832.0,718792.4139585152,False,False,False,False,12285.117620622634,False,False,False,False
2025-09-16 18:00:00+00:00,166.33,166.53,166.08,166.335,5401.0,,,,168.75191777172407,168.81096693593463,168.50795044621722,167.93094436470673,166.76841424087462,166.96954428929908,166.49835167430368,165.03405306395308,163.6385839640429,163.57843173969195,162.66428014321198,162.1193265886246,161.09437736597934,160.13101970079856,159.82189822430354,159.06851152585014,157.79629242907555,157.44115515225408,157.13693833336043,156.8357392347816,,,,,168.86605839532493,168.62247255461617,167.96472183840316,166.67322108615465,166.97155114969337,166.77274014062692,166.40814712719805,163.99702335799165,163.11491340437817,161.57238296721818,161.17743898370927,160.720192189045,159.1560125786322,158.4211204655997,157.50618289983066,157.17393616290587,156.8867853875663,156.79656091882745,156.1361544646671,,,167.96472183840316,163.11491340437817,160.720192189045,158.4211204655997,165.40912023131693,"rgba(239, 83, 80, 0.5)",1.0216679658420693,166.96849813970243,-0.6200626435226334,30.901348148500922,-11.506385664401364,False,True,False,True,False,0.0,0.0,0.0,0.0,0.0,0,0.9391286220554523,0.9455909943714829,False,False,False,False,-0.0057460560587777945,0.03925622747145485,False,False,False,False,771431.0,719608.5160676854,False,False,False,False,12178.387114876545,False,False,False,False
2025-09-16 19:00:00+00:00,166.33,166.5,165.03,165.06,23679.0,,,,168.26576604218442,168.64236515187685,168.41867109044261,167.88152033979833,166.75374756946835,166.95570328166767,166.4901831426538,165.0374915532462,163.65016309219777,163.59030374442827,162.68041821886098,162.13746749452457,161.11526901367526,160.15400265528564,159.8451698628218,159.09239741455357,157.8217938312511,157.4664521057817,157.16216346562078,156.8611423791702,,,,,168.6242460646653,168.51608515835588,167.91371376016588,166.65693980530867,166.95692347858815,166.76174996084748,166.40085209658815,164.00673627176943,163.1290570052374,161.5920130640505,161.19813482836813,160.74197408995718,159.17979108902713,158.44593252413515,157.5315497984378,157.1991515961909,156.91215853555067,156.8219801447697,156.16222065084128,,,167.91371376016588,163.1290570052374,160.74197408995718,158.44593252413515,165.36469981275707,"rgba(255, 0, 0, 1.0)",1.0847549771058038,166.90063743027173,-1.6968232173339883,26.638762282539084,-15.452548057323241,False,True,False,True,False,0.0,0.0,0.0,0.0,0.0,0,0.9297197032151698,0.9462077493816989,False,False,False,False,-0.05447170550555047,-0.00760773901704781,False,False,False,False,747752.0,720044.8491519074,True,False,False,False,12356.691190614893,True,False,False,False
2025-09-17 14:00:00+00:00,165.205,166.53,164.44,166.25,9939.0,,,,168.1153271428486,168.5810844420746,168.3853820469923,167.86317519357524,166.7487331432203,166.9508167532189,166.4875363341101,165.03953000920126,163.65551940564052,163.59577880882708,162.68763318124007,162.14549235664884,161.12439387298113,160.16396585582334,159.85524018417217,159.10269605437023,157.8327379747164,157.47729844336382,157.17297090014623,156.87201812238405,,,,165.74,168.53908516430195,168.47656941753158,167.89476551653365,166.65149114006795,166.9517623826807,166.75797128765794,166.39855578016108,164.01133358952697,163.1354593308892,161.6006309780078,161.20718144020543,160.75145655274056,159.1900473941675,158.4566027833792,157.54242784550337,157.20995586292494,156.92302274448778,156.8328617896948,156.17336289603307,,165.74,167.89476551653365,163.1354593308892,160.75145655274056,158.4566027833792,165.54980834872575,"rgba(239, 83, 80, 0.5)",1.1072195026382476,166.98178319672806,-0.6609197137373302,29.739553684385946,-15.452548057323241,False,True,False,True,True,0.0,1.0,166.53,164.44,0.0,0,0.9274642893323886,0.9447877621314968,False,False,False,False,-0.07982428940161312,-0.04371601420933047,False,False,False,False,757691.0,720628.5104053662,False,False,False,False,12319.207606264275,False,False,False,False
2025-09-17 15:00:00+00:00,166.24,166.95,166.11,166.375,7207.0,,,,168.04755321430488,168.54937616473055,168.36835028978805,167.8546260694376,166.7477667481431,166.9494436370637,166.48751284931149,165.042551005663,163.66075590770404,163.60109254724355,162.69410403046368,162.15247971990382,161.13204286281334,160.1721218800533,159.86343439397257,159.11097239963195,157.8413941624046,157.4858468064307,157.1814645309827,156.88054293704775,,,,166.05034458960301,168.4958889893928,168.45615503197968,167.8858686365218,166.650748230556,166.95031090003482,166.75722339448052,166.3987562860408,164.01606931287927,163.1413926906734,161.60796830910732,161.21478369241183,160.75932438787504,159.19830051933707,158.4651028955729,157.55100657607363,157.21844985081484,156.93154221954282,156.84138841784429,156.18204850479663,,166.05034458960301,167.8858686365218,163.1413926906734,160.75932438787504,158.4651028955729,165.5565266044101,"rgba(239, 83, 80, 0.5)",1.1266715189917522,166.9867906388376,-0.5430071041336659,32.342324241989374,-15.452548057323241,False,True,False,True,True,0.0,0.0,0.0,0.0,0.0,0,0.9483727286531366,0.9401224882320198,False,False,False,False,0.014534989429437805,-0.014590512389946332,False,False,False,False,764898.0,721314.8590812519,False,False,False,False,12239.948573609016,False,False,False,False
2025-09-17 16:00:00+00:00,166.36,166.61,165.93,166.2,3954.0,,,,168.00755599243575,168.5304819910491,168.35800511885836,167.84919843946076,166.74678612030453,166.94832489885346,166.48717612715907,165.04393648207903,163.6633850429357,163.60376546571098,162.6974280165172,162.1560988676257,161.13604863450774,160.1764235479921,159.86776425858443,159.1153626586408,157.8460086895527,157.49040918355303,157.18600188112072,156.88510077367678,,,,166.0871340442338,168.47031678345607,168.44383998776433,167.88023923117362,166.64979932286715,166.94912932221678,166.75647534070646,166.39854686048048,164.01841604435944,163.14441361634022,161.6117934094054,161.21876206921308,160.7634572830035,159.20267668648367,158.46962409024962,157.55558420384335,157.22298690266018,156.9360965699802,156.84594770632032,156.1867004241714,,166.0871340442338,167.88023923117362,163.14441361634022,160.7634572830035,158.46962409024962,165.55428228918856,"rgba(239, 83, 80, 0.5)",1.1489490183825957,166.98212154009147,-0.6807278021721913,33.60186102240722,-15.452548057323241,False,True,False,True,True,0.0,0.0,0.0,0.0,0.0,0,0.946425853584294,0.9464258535842934,False,False,False,False,-0.008900888123235001,-0.011745700256590667,False,False,False,False,760944.0,721929.2643668139,False,False,False,False,12111.484254638333,False,False,False,False
2025-09-17 17:00:00+00:00,166.2,166.255,165.58,166.255,7204.0,,,,167.93064617366863,168.49365170430767,168.33750591900767,167.83807882952055,166.74423952073673,166.94566915262723,166.48601455107496,165.04599931177077,163.66776087141017,163.60822343312876,162.70309946908935,162.16232796786744,161.1430221201378,160.18396615549298,159.8753705440273,159.12310502646474,157.8541866200676,157.49850403083013,157.19405964647612,156.89320161162922,,,,166.07259215423028,168.42079288750665,168.41957378950218,167.86873424613938,166.64715880628677,166.94632585053037,166.7545411961143,166.39762456162052,164.022264493533,163.14951916177202,161.6184213370944,161.22568267490377,160.77067432841747,159.21039108293354,158.47761888398531,157.56370443486549,157.2310432833951,156.94419010905904,156.85405196711068,156.19498264957306,,166.07259215423028,167.86873424613938,163.14951916177202,160.77067432841747,158.47761888398531,165.54597880734326,"rgba(239, 83, 80, 0.5)",1.1688618665430741,166.9683434469821,-0.6102889207018256,34.7238681871293,-22.970293727577108,False,True,False,True,True,0.0,0.0,0.0,0.0,0.0,0,0.9423213380638631,0.9488596046629506,False,False,False,False,-0.040695038409372206,-0.026220369332981434,False,False,False,False,768148.0,722645.8339115145,False,False,False,False,12035.399227434638,False,False,False,False
2025-09-17 18:00:00+00:00,166.385,166.75,165.835,166.305,8211.0,,,,167.86128999629526,168.45737729696395,168.3172268914173,167.8274144530904,166.74243441740447,166.9435369436987,166.48546779822155,165.04897432116462,163.67328947906495,163.61384191214051,162.71005645772598,162.16989124424126,161.151378579495,160.1929304953886,159.88439183698952,159.13224842545912,157.86379115396937,157.5079995116987,157.20350250220937,156.90268629892114,,,,166.12297900406224,168.3727709035441,168.39552469795825,167.8576709480274,166.6454651132909,166.94407513670842,166.75315596890732,166.39733741441228,164.0272131946345,163.155853081773,161.62640670896366,161.23398291047923,160.77929197448776,159.21950558426693,158.48703164342933,157.57323170527533,157.24048560492417,156.95366767424093,156.86353958299011,156.20466110762098,,166.12297900406224,167.8576709480274,163.155853081773,160.77929197448776,158.48703164342933,165.5413845949474,"rgba(239, 83, 80, 0.5)",1.1867183230968867,166.95878661972424,-0.5509197987422098,35.75296542496056,-21.537167426564515,False,True,False,True,True,0.0,0.0,0.0,0.0,0.0,0,0.9477190149374252,0.9405530884134038,False,False,False,False,-0.016333503083038457,-0.021276936208009946,False,False,False,False,776359.0,723478.5961764522,False,False,False,False,11976.10621615658,False,False,False,False
2025-09-17 19:00:00+00:00,166.275,166.675,165.825,165.925,14392.0,,,,167.7422119738064,168.39224557371517,168.27998465817404,167.80721686506595,166.73821734775478,166.93894582094615,166.4837365055828,165.05351125610403,163.6823547223585,163.62306766924726,162.72166151750267,162.1825859713597,161.16552107406224,160.20818226022493,159.89976234755378,159.14787309155975,157.88026462463307,157.52430090038092,157.21972516088584,156.91899116096627,,,,166.1282622232699,168.28773008566748,168.35164329934656,167.83676197874112,166.64123379822942,166.93923200737456,166.74993050915694,166.39606914723976,164.0352464960971,163.16634884288572,161.6398753138803,161.24802254042288,160.79390954334016,159.23507612455748,158.50314912829316,157.5895849467731,157.25670601087185,156.9699585890716,156.87985078873047,156.22132069761508,,166.1282622232699,167.83676197874112,163.16634884288572,160.79390954334016,158.50314912829316,165.52926468791964,"rgba(239, 83, 80, 0.5)",1.2118843268303887,166.9369949259833,-0.8350590098232398,35.14531831646798,-21.537167426564515,False,True,False,True,True,0.0,0.0,0.0,0.0,0.0,0,0.9438095238095245,0.9428070175438602,False,False,False,False,-0.020273051547572144,-0.020774993877791047,False,False,False,False,761967.0,724075.3156155769,False,False,False,False,12013.561933735547,False,False,False,False
2025-09-18 14:00:00+00:00,167.09,167.52,166.375,166.46,10962.0,,,,167.69425490975738,168.35853597342307,168.2607429348481,167.79797258170473,166.73846614287714,166.938277382361,166.48488761272776,165.05896986115684,163.69100949302367,163.63183304761196,162.73210111721033,162.19376327422515,161.1776250665614,160.22100062335988,159.91262050809925,159.16081775273307,157.89374177539813,157.5375998578956,157.23293020445072,156.93223518158553,,,,166.24462355945627,168.2453337485566,168.32875046045058,167.82709060016757,166.64214764753015,166.93852620724937,166.75007084206547,166.39753311982182,164.04318070093004,163.176011695821,161.65153854300908,161.2600611191329,160.80632297141014,159.24798920231413,158.51641002483578,157.60293280115002,157.26991274717196,156.98319588265156,156.89309646903013,156.2347928941145,,166.24462355945627,167.82709060016757,163.176011695821,160.80632297141014,158.51641002483578,165.53053230566718,#000000,1.2249121240755376,166.93366402275757,-0.38669224791537027,37.82001923451629,-18.662907668916137,False,True,False,True,True,0.0,0.0,0.0,0.0,0.0,0,0.9467095497278585,0.9306778822365173,False,False,False,False,0.030825931445637153,0.005025468783923053,False,False,False,False,772929.0,724832.7370789014,False,False,False,False,11997.258647941198,False,False,False,False
2025-09-18 15:00:00+00:00,166.45,167.13,166.395,167.05,10053.0,,,,167.6575345856711,168.33022510912713,168.24438261512006,167.79024381340275,166.73904791147785,166.93796030903133,166.48619163036633,165.0641570611661,163.69909136958,163.64001492544088,162.7418003710942,162.20412907024817,161.18882418774345,160.23284304910607,159.92449566792772,159.17276430512808,157.90616719566907,157.54985894746622,157.24510096477653,156.94443992007422,,,,166.33040571730484,168.21035243858282,168.30930605540823,167.81898948568002,166.64340057600617,166.93819106431252,166.7504666852157,166.39911831417217,164.0506103753385,163.18500716931584,161.66234037312165,161.27120142898818,160.81780099079845,159.25990756790586,158.52864154112262,157.615237287076,157.2820852989009,156.99539474353037,156.90530250037125,156.24720343519002,,166.33040571730484,167.81898948568002,163.18500716931584,160.81780099079845,158.52864154112262,165.53171970571665,#000000,1.229201887110014,166.93068531580576,0.09706679223766276,42.403870837994035,-14.074740633204165,False,True,False,True,True,0.0,0.0,0.0,0.0,0.0,0,0.944946427689726,0.9389720041475346,False,False,False,False,-0.053096025781407145,-0.024035278498742048,False,False,False,False,782982.0,725734.2760389184,False,False,False,False,11967.115103011876,False,False,False,False
2025-09-18 16:00:00+00:00,167.07,167.62,166.955,167.58,8155.0,,,,167.64815714303796,168.315973341567,168.2363262118251,167.78755781540517,166.74158112635874,166.93939399123326,166.48873039785835,165.0695717524944,163.7067050488297,163.64770281611675,162.75063733256908,162.21345173149203,161.19871744932652,160.24317980539703,159.93482844825184,159.1830903801894,157.91681293168295,157.56034118239566,157.25549096271993,156.95484317005577,,,,166.43780505013925,168.19380496975242,168.29949616226713,167.8160653254291,166.64687081992778,166.9397007084343,166.7523431551554,166.4018618628508,164.0577337154006,163.19331369409582,161.67195478724864,161.28105473955216,160.82788906122343,159.27021659361984,158.5391631296593,157.62576205300368,157.29247881530094,157.00579558501164,156.91570487715094,156.25774821799627,,166.43780505013925,167.8160653254291,163.19331369409582,160.82788906122343,158.5391631296593,165.5374604459347,"rgba(38, 166, 154, 0.5)",1.2292836191098298,166.934310225647,0.5252569580489247,47.55817217854511,-9.173963091230362,False,False,False,False,True,0.4243607199207773,0.0,0.0,0.0,0.0,0,0.9443655543158547,0.9411705041079226,False,False,False,False,0.008499310540729646,-0.007767983979006201,False,False,False,False,791137.0,726748.2717592452,False,False,False,False,11908.012543275257,False,False,False,False
2025-09-18 17:00:00+00:00,167.68,167.76,166.985,167.415,7991.0,,,,167.63962821465208,168.30244326705025,168.22859218855186,167.78497090502097,166.74405057776,166.94079517044207,166.491208836232,165.07485690121322,163.7141385310745,163.6552088894795,162.7592671135008,162.22255735569416,161.2083837592718,160.25328210034002,159.9449279649489,159.19318568619198,157.92722323969429,157.57059270287334,157.2656530519801,156.9650187413174,,,,166.52390162525927,168.17825362572185,168.29010061568582,167.81324887659136,166.6502475228486,166.9411756297979,166.7541759695636,166.4045399983144,164.06468782225187,163.2014245850871,161.68134730520447,161.29068176441328,160.83774674253456,159.28029502604423,158.5494508406383,157.6360549460046,157.302644269461,157.01596871469977,156.92587966488824,156.26806313570168,,166.52390162525927,167.81324887659136,163.2014245850871,160.83774674253456,158.5494508406383,165.5423954820273,#000000,1.2268423358821092,166.93701635871963,0.38960478237546836,50.15444408841326,-6.730288192647464,True,False,False,False,True,0.0,0.0,0.0,0.0,0.0,0,0.9460108284809493,0.9442741853100427,False,False,False,False,0.018465680263732347,0.0053488481423630725,False,False,False,False,783146.0,727622.6551428228,False,False,False,False,11847.28366663533,False,False,False,False
2025-09-18 18:00:00+00:00,167.42,167.665,167.155,167.31,6618.0,,,,167.63271180423078,168.2914134664084,168.2222179819538,167.78280045559106,166.7460498611084,166.94192309517064,166.4932282927332,165.0791968921955,163.72025540725147,163.6613859066591,162.7663744631335,162.23005968006257,161.21635346710517,160.26161533216097,159.95326028689206,159.20151746221035,157.9358184588622,157.5790580127183,157.27404538797285,156.97342287550026,,,,166.58350493561173,168.16566376259902,168.28238005563304,167.8108901363937,166.6529831397846,166.9423625294899,166.75566200161322,166.40672450737753,164.07040785861813,163.20810216819598,161.68908908226408,161.29861869627325,160.84587585765127,159.28861259758025,158.5579432195936,157.64455418694936,157.3110392923537,157.0243707227686,156.93428323932002,156.27658362759044,,166.58350493561173,167.8108901363937,163.20810216819598,160.84587585765127,158.5579432195936,165.5460143858983,#000000,1.2292373047328606,166.9386840851624,0.3020701644897524,51.327550211657154,-5.496765477708095,True,False,True,False,True,0.0,0.0,0.0,0.0,0.0,0,0.9483366549133846,0.9352036384076865,False,False,False,False,0.02286365715184707,0.01410625264710507,False,False,False,False,776528.0,728380.8775437092,False,False,False,False,11766.209501261139,False,False,False,False
2025-09-18 19:00:00+00:00,167.225,167.225,166.35,166.57,23956.0,,,,167.5529333652669,168.2262383276496,168.18247301216886,167.76264159151154,166.74569867183385,166.9398171905052,166.4950441830528,165.09028567685297,163.73825150749084,163.67962342881518,162.7882536217671,162.2535670544332,161.24195081722348,160.28882774037518,159.98059173190566,159.229106129153,157.9646298806552,157.60751792523314,157.3023259949911,157.0018035829267,,,,166.61005620550338,168.08762509571795,168.23584875158625,167.78986895429804,166.65381717629222,166.9401413806445,166.75531363636372,166.40921187030864,164.08683836125434,163.2282877508574,161.71369803867384,161.32406784087297,160.87216933923108,159.3161269456715,158.58625171824147,157.67311302442403,157.33932123473667,157.05273427365867,156.9626696838042,156.3054853166344,,166.61005620550338,167.78986895429804,163.2282877508574,160.87216933923108,158.58625171824147,165.5412621404378,#000000,1.237980864802515,166.92237090262978,-0.2846335615098521,48.65037025626625,-5.496765477708095,False,False,False,False,True,0.0,0.0,0.0,0.0,0.0,0,0.9373507443727463,0.9398404552614205,False,False,False,False,-0.05015747721909287,-0.0180256122859939,False,False,False,False,752572.0,728755.9337058222,False,False,False,False,11955.198501241586,False,False,False,False
2025-09-19 14:00:00+00:00,166.13,166.525,165.62,166.23,17756.0,,,,167.46649639084347,168.16376287980782,168.1430304916429,167.74004251224844,166.7405384590895,166.93425079609372,166.49281194690298,165.09545849975532,163.74883492803883,163.69040072952197,162.8019012989041,162.26854892749776,161.25874137887743,160.3070114763324,159.99894510362486,159.2478228807444,157.9844312962389,157.627138904886,157.3218712213396,157.0214613875321,,,,166.54691262579607,168.0123708254603,168.19040164302172,167.76653061576263,166.64859797465058,166.93428149404147,166.75133637128664,166.407522271175,164.09618092988197,163.24059342710245,161.72964958343795,161.34072920455583,160.88955372455067,159.33477341988245,158.6055935563431,157.69279116585122,157.3588618201877,157.0723730343061,156.98233694397487,156.32559564298361,,166.54691262579607,167.76653061576263,163.24059342710245,160.88955372455067,158.6055935563431,165.52839704821588,"rgba(239, 83, 80, 0.5)",1.252414881751093,166.89864677529712,-0.533886002985089,45.55429451366992,-5.496765477708095,False,False,False,True,False,0.0,0.0,0.0,0.0,0.0,0,0.9346537662732395,0.944227749354137,False,False,False,False,-0.13474387101482674,-0.07638474165041031,False,False,False,False,734816.0,728849.888222011,False,False,False,False,12045.13340819908,False,False,False,False
2025-09-19 15:00:00+00:00,166.23,167.26,166.23,166.925,13719.0,,,,167.436940430401,168.13324944986172,168.12350111709253,167.73017802503364,166.74094987783263,166.93357215829306,166.4942602540753,165.10203643849147,163.7592698244645,163.70097054503563,162.8145119895511,162.28207249639718,161.2734373834308,160.3226165940232,160.0146164900202,159.26363780174583,158.00093748544995,157.64344522490882,157.33807538833398,157.03772207318846,,,,166.5704988997471,167.97763062244914,168.1677323987171,167.75622789855493,166.64978161294914,166.93356738521283,166.7515967305296,166.40933963272374,164.1057407471718,163.25225458126678,161.7437901764245,161.35534194088655,160.9046413768704,159.3505464314351,158.62181532387348,157.70915370991787,157.3750667885702,157.08862402890367,156.9986008480599,156.3421516782828,,166.5704988997471,167.75622789855493,163.25225458126678,160.9046413768704,158.62181532387348,165.52793810466375,#000000,1.255164556167291,166.89230802347373,0.026045968527112256,46.983630108787665,-5.496765477708095,False,False,False,True,False,0.0,0.0,0.0,0.0,0.0,1,0.9390385684678774,0.940555021988577,False,False,False,False,-0.05515355198741871,-0.06576914681891452,False,False,False,False,748535.0,729155.0837534526,False,False,False,False,12071.084828227002,False,False,False,False
2025-09-19 16:00:00+00:00,166.845,167.41,166.7,167.41,5662.0,,,,167.43216748372024,168.1244344671886,168.11781177845782,167.72776402191099,166.74208582308293,166.93409058934202,166.49555796390234,165.10532049646767,163.76407399905503,163.7058271176523,162.82017170731987,162.288082978671,161.27988228443178,160.32939989823254,160.02141293885538,159.2704633834559,158.00801604915497,157.6504280530666,157.34500648668885,157.0446697953784,,,,166.59240973858266,167.9681915622012,168.16106208211454,167.7536615846064,166.65141176939645,166.9341127335883,166.75243950801956,166.41077858693015,164.11020226448883,163.25754172699732,161.75002627816923,161.36175611516438,160.91123313971576,159.35735744063481,158.62879205393082,157.71616238316722,157.38199918156667,157.09556885669778,157.00554899976893,156.34920932497218,,166.59240973858266,167.7536615846064,163.25754172699732,160.91123313971576,158.62879205393082,165.52963458645846,#000000,1.2561444550239684,166.89207792901226,0.4123109160863625,49.93404318314137,-5.496765477708095,True,False,False,False,True,0.020196446203328833,0.0,0.0,0.0,0.0,0,0.9399703430996583,0.9538784067085964,False,False,False,False,-0.018758866348799495,-0.04226400658385701,False,False,False,False,754197.0,729543.3305169649,False,False,False,False,11971.71917197542,False,False,False,False
2025-09-19 17:00:00+00:00,167.41,167.48,166.92,167.14,5730.0,,,,167.42762997518102,168.11573831068347,168.11216321256228,167.72537136278748,166.74324702824455,166.93462752561592,166.4968790874003,165.10864409031282,163.76893160599715,163.7107376287393,162.82589320255008,162.29415890630187,161.28639763046849,160.33625768045493,160.0282842856334,159.27736477387307,158.0151737138606,157.657489273681,157.3520156393783,157.05169588991615,,,,166.61325620656848,167.95894029802852,168.1544470986294,167.75111692575817,166.65307214220132,166.93467742189765,166.75330243996834,166.41224199789244,164.11471396918907,163.26288695922048,161.7563304476643,161.36824037011533,160.91789705710656,159.36424405419794,158.6358464932858,157.72324966200185,157.3890096220406,157.10259200268715,157.0125755475521,156.3563467687555,,166.61325620656848,167.75111692575817,163.26288695922048,160.91789705710656,158.6358464932858,165.53134583375916,#000000,1.2545776540675633,166.89184644147662,0.19779848438939768,50.605309912110364,-5.496765477708095,True,False,False,False,True,0.0,0.0,0.0,0.0,0.0,0,0.9419265632201574,0.9502227684744211,False,False,False,False,-0.001758444587603533,-0.022011225585730272,False,False,False,False,748467.0,729836.720741508,False,False,False,False,11874.948332099832,False,False,False,False
2025-09-19 18:00:00+00:00,167.16,167.54,167.155,167.29,11001.0,,,,167.42431415938157,168.10206036633508,168.10320278773906,167.72206941588544,166.74621057697087,166.93627106526802,166.49994893063615,165.11545010636894,163.77862295824866,163.720527926884,162.83720867800844,162.30613471741162,161.29917997982412,160.3496700299331,160.04171250011834,159.29082909042287,158.02910632309516,157.6712275080313,157.3656471954526,157.06535514562194,,,,166.6588568295558,167.94504308672575,168.14388953491974,167.7475467751237,166.65712000919808,166.9364054724285,166.75552200625864,166.41557586188082,164.12375627450712,163.2734955883933,161.76872275195382,161.3809657420664,160.93095356877728,159.37768198743012,158.64959227080564,157.73703974776296,157.40264433629022,157.1162463937642,157.02623503022986,156.37021101377275,,166.6588568295558,167.7475467751237,163.2734955883933,160.93095356877728,158.64959227080564,165.53592406407893,#000000,1.2489554446409579,166.89304909328786,0.31782631511426584,51.72068324187405,-4.377571157542711,True,False,True,False,True,0.0,0.0,0.0,0.0,0.0,0,0.9466864693229549,0.9438184984123741,False,False,False,False,0.015534102925274023,-0.0032385613302281244,False,False,False,False,759468.0,730296.1204199342,False,False,False,False,11861.398745555647,False,False,False,False
2025-09-19 19:00:00+00:00,167.295,168.18,164.92,165.08,38400.0,,,,167.28188901877627,167.98531908590147,168.02480126900312,167.6751817685375,166.73428890378895,166.9236857762875,166.49435112451238,165.12545243824658,163.80010103819643,163.74242113820537,162.86523479085656,162.33704927431666,161.33407954779238,160.387650538966,160.08010840105015,159.33011554616334,158.0708255616979,157.71261945097075,157.4069181993158,157.10689345462293,,,,166.5498240560745,167.8103938959338,168.0548989986047,167.6992289809751,166.6448816968194,166.92317913332977,166.74627556660957,166.4111156210036,164.14258839150077,163.2986475541528,161.8017800902405,161.41557944401384,160.9671610717079,159.41680859408604,158.6902717889525,157.77854200118145,157.44390145763154,157.15773958986614,157.0677972053344,156.4127623296954,,166.5498240560745,167.6992289809751,163.2986475541528,160.9671610717079,158.6902717889525,165.51288994414716,"rgba(239, 83, 80, 1.0)",1.2897401896321454,166.84853491613808,-1.3712334703956772,45.11476268671587,1.4434851341822252,False,False,False,True,False,0.0,0.0,0.0,0.0,0.0,1,0.92979921279458,0.936326042548952,False,False,False,False,-0.07811587888832805,-0.04067722010927809,False,False,False,False,721068.0,730153.0487855165,False,False,False,False,12272.849927795094,False,False,False,False
2025-09-22 14:00:00+00:00,164.965,166.55,164.795,166.1,15743.0,,,,167.2216850112405,167.93561702570253,167.9905762588918,167.65391375556814,166.72778752052236,166.91719585001158,166.4908257392415,165.12843311909936,163.80784806231304,163.7503424281127,162.87571400697087,162.34875235507735,161.34750591572688,160.40240967733328,160.09506934399474,159.34550891801445,158.0872836709193,157.72897663949595,157.42324934359618,157.12334941837872,,,165.81500000000003,166.4987842061066,167.75362219350723,168.01635860051405,167.67736783056876,166.63796659801767,166.916364820867,166.7412273551521,166.4080657242453,164.14923056598505,163.30792515680494,161.81441467915906,161.4288817957604,160.98115086529998,159.43213065801262,158.70627038830892,157.7949376223286,157.4602246354345,157.17417454662686,157.08426504218824,156.42965915043288,,166.4987842061066,167.67736783056876,163.30792515680494,160.98115086529998,158.70627038830892,165.6805560263776,"rgba(239, 83, 80, 0.5)",1.304245016497545,166.91171994696907,-0.6223676814567345,44.6842966732313,0.9504163748991914,False,False,False,True,False,0.0,0.0,0.0,0.0,0.0,0,0.9260096295568445,0.9548491696963748,False,False,False,False,-0.18283641149888655,-0.11175681580408231,False,False,False,False,736811.0,730256.2728353535,False,False,False,False,12326.650704108348,False,False,False,False
2025-09-22 15:00:00+00:00,166.08,166.36,165.775,166.17,17468.0,,,,167.17290198752778,167.89017094120157,167.95866401533024,167.63446851872695,166.72291253920952,166.91193307492952,166.4885978086336,165.13307876366403,163.81759229315384,163.76027165011783,162.88838021099193,162.3627122655705,161.36325949978203,160.4195547247783,160.11240589349555,159.36325672245349,158.10613785286105,157.74768970694896,157.44191232174734,157.14213568801082,,,165.96577815583188,166.47036858770858,167.70306777820997,167.9804887874566,167.65734093245695,166.6330535756398,166.9108439013113,166.7374035791293,166.40633614972265,164.15779680093183,163.31930753920028,161.82933878845557,161.44450642844632,160.99749433048774,159.44980563662867,158.7246505818062,157.81369909504784,157.47888093639315,157.192940014886,157.10306246017134,156.44890694412712,,166.47036858770858,167.65734093245695,163.31930753920028,160.99749433048774,158.7246505818062,165.67829260294235,"rgba(239, 83, 80, 0.5)",1.3179372635396036,166.9023555171176,-0.5556831401448602,44.64701937600576,0.6261562620184762,False,False,False,True,False,0.0,0.0,0.0,0.0,0.0,0,0.9347516336657994,0.960398958384514,False,False,False,False,-0.13534077100831665,-0.12354879340619948,False,False,False,False,754279.0,730628.7182177511,False,False,False,False,12406.361545905118,False,False,False,False
2025-09-22 16:00:00+00:00,166.24,167.07,166.24,167.025,19935.0,,,,167.15421793123764,167.85959274567747,167.93633707633097,167.62240141851186,166.72340065027677,166.91095636118632,166.49047851528272,165.1419928255872,163.8318766800985,163.77474656237706,162.90573279865507,162.3813777437843,161.38366013591292,160.44131071049634,160.134290544398,159.3854199765961,158.12935855182943,157.77066522975417,157.4647698546141,157.16509128219047,,,166.27056661523602,166.49361849380438,167.67186149523843,167.9553249635816,167.64477336004194,166.63455672553357,166.909826968,166.73768095564782,166.4087172395732,164.1708527154546,163.3353163537021,161.84892171305998,161.46478287722852,161.01847480493313,159.47190305694116,158.747429134725,157.83674663255414,157.50173697888343,157.21587890313705,157.126025058351,156.47231300774527,,166.49361849380438,167.64477336004194,163.3353163537021,161.01847480493313,158.747429134725,165.69119647140434,#000000,1.3203035925771796,166.9111105292307,0.08626006276858374,47.48330464547363,0.6261562620184762,False,False,False,True,True,0.0,0.0,0.0,0.0,0.0,0,0.9498195307800288,0.9631040705835177,False,False,False,False,-0.06574287014243081,-0.09464583177431515,False,False,False,False,774214.0,731304.4590205767,False,False,False,False,12523.084622712791,False,False,False,False
2025-09-22 17:00:00+00:00,167.02,167.14,166.81,167.045,15937.0,,,,167.1485319571946,167.8410638495574,167.92236367749214,167.61544770860024,166.72532292496584,166.91146407400873,166.49310032615745,165.14999878629902,163.84404283112497,163.78705932551577,162.9202761175376,162.39692766454118,161.40051976788197,160.45919681637636,160.1522590096308,159.403567718418,158.14830297223543,157.78939560883222,157.48339267019463,157.18378275784153,,,166.43845767651473,166.5223464991387,167.6541681556695,167.93957400379014,167.6374680025139,166.63754104125675,166.9103666655317,166.7390855018224,166.4117190213664,164.182069818283,163.34881936821012,161.86515987429922,161.48154887200317,161.0357748571717,159.4900022241314,158.7660432590468,157.8555381252806,157.520359971689,157.23455862949734,157.1447208433564,156.49134659698754,,166.5223464991387,167.6374680025139,163.34881936821012,161.0357748571717,158.7660432590468,165.7009569497358,#000000,1.3202655240707017,166.91747353718253,0.09659152685003963,49.43753654573505,0.6261562620184762,True,False,False,False,True,0.0,0.0,0.0,0.0,0.0,0,0.9569794972545469,0.9392977683743898,False,False,False,False,-0.028142423690244053,-0.061394127732279605,False,False,False,False,790151.0,732216.8084931258,False,False,False,False,12576.013543290888,False,False,False,False
2025-09-22 18:00:00+00:00,167.045,167.265,167.01,167.06,15687.0,,,,167.1472542439039,167.82593826148647,167.9106479991303,167.60998230253733,166.72796361637626,166.91260261143543,166.49622770213693,165.15829108411864,163.85635418072704,163.79951192735973,162.93488574663144,162.4125061805289,161.4173503261226,160.4770107914815,160.1701452471451,159.42161178695991,158.16710913059165,157.80798404319196,157.50186993170337,157.20232341212437,,,166.56303747394912,166.55361227791312,167.6404939769297,167.92637520300167,167.6316835270317,166.64133894453116,166.9115676962181,166.74105126464826,166.41520912049398,164.19346522044725,163.36242343459597,161.88139429776933,161.4982899325218,161.0530278678278,159.50800029369282,158.7845346609926,157.87418806162185,157.53883797784235,157.25308841058364,157.16326519372024,156.51021586766646,,166.55361227791312,167.6316835270317,163.36242343459597,161.0530278678278,158.7845346609926,165.7100843290569,#000000,1.318130928299527,166.92318397999506,0.10379547059216983,50.79343173383634,-4.744866113897984,True,False,False,False,True,0.0,0.0,0.0,0.0,0.0,0,0.959910687100376,0.9380391758855179,False,False,False,False,-0.009085513233268405,-0.035239820482774006,False,False,False,False,805838.0,733358.2223149379,False,False,False,False,12624.245891456922,False,False,False,False
2025-09-22 19:00:00+00:00,167.055,168.0,166.95,167.44,43605.0,,,,167.17502976196477,167.80617587934466,167.8933731627089,167.60568938119926,166.74167470611587,166.9211730240061,166.5096307377332,165.1850612701589,163.8937384531693,163.83726498429914,162.9783406901499,162.45847429315887,161.46647451683276,160.52862892237218,160.22187839955873,159.47360130541904,158.22101133905628,157.86120528127427,157.55472640218565,157.25531491117474,,,166.8688400129828,166.670529874098,167.6288940810437,167.90672631611724,167.62668812359658,166.6592430117754,166.9205692569568,166.75149102223756,166.42953770505002,164.22844184606225,163.40322586862337,161.9289966703825,161.5471890070303,161.10322922720601,159.5598790363948,158.83765984706355,157.92759512399846,157.59170229636595,157.3060564829886,157.21626151213675,156.5640443420545,,166.670529874098,167.62668812359658,163.40322586862337,161.10322922720601,158.83765984706355,165.74303996559863,#000000,1.3114375682780783,166.948718569447,0.3746128999476825,53.071181255756464,-2.361764601752874,True,False,True,False,True,0.5077780172247692,0.0,0.0,0.0,0.0,0,0.9709953185426423,0.9220435579075925,False,False,False,False,0.03048901112087144,-0.0023754046809512826,False,False,False,False,849443.0,735157.986310055,False,False,False,False,13104.567660581619,False,False,False,False
2025-09-23 14:00:00+00:00,169.82,170.87,169.82,170.63,17815.0,,,,167.28818550149472,167.86354493473044,167.93292957330172,167.6391865144388,166.76963393240217,166.94340394342223,166.53175964959692,165.20987739157079,163.92134124963644,163.86494502672826,163.00747974637758,162.48804200922808,161.49616394630712,160.55845718340848,160.25140512998928,159.50249045414623,158.24988867847705,157.88946895572278,157.58259901873006,157.28307494777175,,,167.30402857012564,166.85858114907126,167.70213411682468,167.94989657088848,167.66038511386256,166.6925905311144,166.94387162585397,166.77314446306644,166.45181259824034,164.2554692270066,163.43171421119726,161.95854706622373,161.576873083094,161.13300723671856,159.58878974863265,158.86660335882414,157.95600190492755,157.61960236274692,157.33383462462595,157.24400093461324,156.59184887831304,,166.85858114907126,167.66038511386256,163.43171421119726,161.13300723671856,158.86660335882414,165.8007751119799,"rgba(0, 255, 0, 1.0)",1.3475188644637566,167.01428199237233,2.683241105545883,61.02591098869503,5.082235265936205,True,False,True,False,True,9.894522477904541,0.0,0.0,0.0,0.0,0,0.9731025957972809,0.9044252163164405,False,False,False,False,0.3428282419568976,0.17022641863797316,False,False,False,False,867258.0,737206.0485378061,False,False,False,False,13177.597619332291,False,False,False,False
2025-09-23 15:00:00+00:00,170.63,170.7,169.57,169.735,5924.0,,,,167.31910104868254,167.87892004748647,167.9435599505687,167.64843464960558,166.7777385888312,166.94981533214252,166.53824392469744,165.21739036278717,163.9298547324717,163.87348789151724,163.01655049063476,162.49728634946476,161.50551133749937,160.56789798010203,160.2607650615249,159.51167959460312,158.25911680524567,157.8985120570424,157.59152570010167,157.29197340189276,,,167.40908667183825,166.90987152823692,167.72188532905326,167.961457862103,167.6696732756434,166.70226771124908,166.95058916355794,166.7794346290722,166.45835684315324,164.26377127532868,163.44054705905714,161.96782252005195,161.58621403587577,161.14240286496238,159.59798241404758,158.87583263050087,157.9650887576173,157.6285368254279,157.34273758076688,157.25289378059162,156.60077814040218,,166.90987152823692,167.6696732756434,163.44054705905714,161.14240286496238,158.87583263050087,165.81645445092443,"rgba(0, 255, 255, 0.75)",1.3628371076462404,167.0316974361096,1.9835845008353925,63.10436614139103,6.863724818513283,True,False,True,False,True,6.938561621217474,0.0,0.0,0.0,0.0,0,0.9736518098990401,0.9051957645900028,False,False,False,False,0.31477744776363353,0.24250193320080335,False,False,False,False,861334.0,739130.5129015611,False,False,False,False,13065.138741513185,False,False,False,False
2025-09-23 16:00:00+00:00,169.75,170.57,169.74,170.495,16674.0,,,,167.4107390159788,167.92632236272263,167.97670452119564,167.6769866321391,166.8022026491374,166.96928197857494,166.55776075440824,165.23958248726706,163.95473654602415,163.89844668341698,163.04292551078294,162.524104532346,161.5325333604951,160.59511776161685,160.28773238507844,159.5381129960904,158.28560123160875,157.924452114083,157.61712086532674,157.3174768427168,,,167.6915420527526,167.05735450717856,167.78199429953403,167.99747363139824,167.69836970439113,166.73138131596528,166.97097799051141,166.79846276966455,166.47802430928255,164.28809041936807,163.4662867231035,161.99467799354224,161.61322432277436,161.16953454305082,159.6244306287492,158.90234854180437,157.99115665294073,157.65415564268196,157.3682557203012,157.27837979338284,156.62634604173266,,167.05735450717856,167.69836970439113,163.4662867231035,161.16953454305082,158.90234854180437,165.8619061485384,"rgba(0, 255, 0, 1.0)",1.3955519041270703,167.08233716922456,2.4453858152342214,65.660315781881,9.223647163793252,True,False,True,False,True,8.931874511399425,0.0,0.0,0.0,0.0,0,0.9736371760500453,0.920166815609175,False,False,False,False,0.31742776278292517,0.2799648479918643,False,False,False,False,878008.0,741283.6522364207,False,False,False,False,13121.090078854066,False,False,False,False
2025-09-23 17:00:00+00:00,170.56,171.34,170.47,171.28,14711.0,,,,167.50730927191196,167.97971134203854,168.01463376967797,167.7089191831763,166.82818440485153,166.99018987379444,166.57831101080322,165.26194179982372,163.97915625543277,163.92291967887596,163.0684729153064,162.54992427693978,161.5583027467971,160.6208874704215,160.3132110320542,159.56297459390873,158.31034999224664,157.94865473000075,157.64097147595535,157.34121315535998,,,167.95918413724328,167.20552959406777,167.84825742468078,168.03867714314654,167.73051569741037,166.76212252834733,166.99286693438773,166.81872670615718,166.49866171011175,164.31209550012682,163.4913604178732,162.0203959288027,161.63900044997607,161.19533109389178,159.64931853291083,158.92720136324456,158.0154852289634,157.67803192344968,157.39201050991093,157.3020962433377,156.6500796147679,,167.20552959406777,167.73051569741037,163.4913604178732,161.19533109389178,158.92720136324456,165.90828271819856,"rgba(0, 255, 0, 1.0)",1.4206242188442082,167.1347799621804,2.9178863649051876,68.44382754114969,11.860817022924188,True,False,True,False,True,10.910180163082373,0.0,0.0,0.0,0.0,0,0.9854282315622528,0.9064234734337826,False,False,False,False,0.342828241840562,0.31139654491621316,False,False,False,False,892719.0,743631.4870854684,False,False,False,False,13145.739845073382,False,False,False,False
2025-09-23 18:00:00+00:00,171.265,171.92,171.245,171.62,12387.0,,,,167.5971299029434,168.0313287962231,168.05169652440188,167.73983390662636,166.85272387114284,167.0100674932081,166.59764654725274,165.2824664709808,164.00122509702453,163.94502449886946,163.09137563510188,162.572984283271,161.58118084843997,160.64366009882363,160.33569721989082,159.58485271215062,158.33203694859108,157.96984188384857,157.66183325148262,157.36195835133944,,,168.18909771499753,167.3391896347719,167.91153296485808,168.0789038363081,167.76165948187986,166.79105026572128,167.0136695985286,166.83790858258604,166.51804299177735,164.33386501246048,163.51391718090642,162.04328865928505,161.6618945948888,161.21818982086526,159.6712268492162,158.94902239809204,158.03678642725552,157.6989182360424,157.4127746218368,157.32282198153854,156.67078607458166,,167.3391896347719,167.76165948187986,163.51391718090642,161.21818982086526,158.94902239809204,165.95070094184064,"rgba(0, 255, 0, 1.0)",1.4566055876019945,167.18308811452872,3.0460626563816526,70.74327576595766,14.099982029892217,True,False,True,False,True,11.747254394818746,0.0,0.0,0.0,0.0,0,0.9911785112498768,0.9022697987907624,False,False,False,False,0.34282824313777516,0.32711239402699416,False,False,False,False,905106.0,746134.9679058488,False,False,False,False,13133.97643662263,False,False,False,False
2025-09-23 19:00:00+00:00,171.68,172.695,171.655,172.53,51412.0,,,172.29333333333335,167.9896291645127,168.26976041115796,168.22642858764453,167.88537621536773,166.96653927132414,167.10305858633248,166.68732561820514,165.37551938278082,164.09976966870713,164.0436769909287,163.19283183015483,162.6747627984011,161.68157647919688,160.74313909616455,160.43380504294868,159.68004416136208,158.42599628065216,158.0615512960648,157.7520635418901,157.451612399616,,,169.0423474849507,167.89505604441655,168.19855223589022,168.2678880137693,167.90833173219775,166.92443083291766,167.11089775675893,166.92735221367505,166.60778483280768,164.43140252236117,163.61418741100672,162.14400786959072,161.762403522344,161.3183133635559,159.7665799806754,159.0437496168425,158.12900409991857,157.7892634989251,157.50252244861096,157.41238290643176,156.76011089889192,,167.89505604441655,167.90833173219775,163.61418741100672,161.3183133635559,159.0437496168425,166.5552100323677,"rgba(0, 255, 0, 1.0)",1.519695462022827,167.76420605212462,3.136019068933559,73.37459450732234,16.69531938714549,True,False,True,False,True,13.92581188082308,0.0,0.0,0.0,0.0,0,0.9930507639231155,0.8952193198620011,False,False,False,False,0.3428282440710138,0.334970319049004,False,False,False,False,956518.0,749396.720341417,False,False,False,False,13727.434166287396,False,False,False,False
2025-09-24 14:00:00+00:00,172.05,172.65,171.92,172.17,13544.0,,,172.28360284910812,168.08134057971017,168.327519974078,168.26958900580615,167.92179285431567,166.9954789342423,167.1267985532366,166.7102899114732,165.3994610320684,164.12519606822,164.0691344038001,163.2190531015158,162.70109327483732,161.70759740661617,160.76895903799237,160.4592826236366,159.704792678756,158.4504562793047,158.08543757017515,157.7755732530973,157.47497830884336,,,169.2087290454247,168.0199907861193,168.26722166279035,168.31434152203255,167.94500988972112,166.958203206526,167.13569319958228,166.95022858816702,166.6307739556397,164.45655113030602,163.64008263284325,162.17009233334866,161.78845022005052,161.34427851926625,159.7913678796139,159.0683940915562,158.15302037361747,157.81280226856182,157.52591174901443,157.4357253888979,156.78340274639967,,168.0199907861193,167.94500988972112,163.64008263284325,161.34427851926625,159.0683940915562,166.5970907397965,"rgba(0, 255, 0, 1.0)",1.577857776276939,167.81132015868437,2.76240349849542,73.65737886676926,17.193968229623493,True,False,True,False,True,12.706384661897907,0.0,0.0,0.0,0.0,0,0.9915607673813851,0.8978950983759384,False,False,False,False,0.34282824422753144,0.3388992816382677,False,False,False,False,942974.0,752397.9184756586,False,False,False,False,13724.5902257248,False,False,False,False
2025-09-24 15:00:00+00:00,172.145,172.2,171.69,171.75,9275.0,,,172.2331735618093,168.13656775979157,168.36250474526014,168.29593874178693,167.9442975981982,167.01374357064023,167.14177452236294,166.72487255121416,165.41488754840117,164.14173483874887,164.0856992053081,163.23619634698423,162.71835169264924,161.72472546774222,160.78601117914175,160.47612574051357,159.72119059415667,158.4667128715914,158.10132632732933,157.79122206113084,157.49054074453184,,,169.30045240272426,168.0944181788826,168.30870780013475,168.34262396639437,167.96766091656187,166.97949807722784,167.15132729016474,166.96470457340874,166.64538835084554,164.47287364303023,163.656974695837,162.18723037095367,161.8055898467271,161.36139290872137,159.80778798507387,159.0847496520547,158.168993103577,157.82846920491824,157.54148820716628,157.45127342126,156.79893548624113,,168.0944181788826,167.96766091656187,163.656974695837,161.36139290872137,159.0847496520547,166.62086411797281,"rgba(0, 255, 0, 1.0)",1.6256635595978732,167.83748544069635,2.4067184973202274,72.14814788546167,17.193968229623493,True,False,True,False,True,11.297590862200675,0.0,0.0,0.0,0.0,0,0.9949427996268481,0.899592478028183,False,False,False,False,0.3072227930662011,0.3230610373522344,False,False,False,False,933699.0,755208.7879566562,False,False,False,False,13655.604330752321,False,False,False,False
2025-09-24 16:00:00+00:00,171.75,171.835,170.97,171.245,14722.0,,,172.08700557223102,168.20905078657862,168.4084849981722,168.3309129710354,167.9747578429186,167.03932865490526,167.16271536216044,166.74548864594462,165.43722845184115,164.16605398669566,164.11007025965168,163.26160857380702,162.74403568064773,161.75038162021696,160.81168250762857,160.5015208932941,159.74599752205052,158.4914195395274,158.12550397384766,157.81505815640057,157.51426642836202,,,169.40638396310433,168.19109749759124,168.36314905535576,168.38001643510285,167.9982850788367,167.00930815976852,167.1731746553778,166.98504938066196,166.66608725073982,164.4967918221424,163.68192633076674,162.21282864334427,161.83125100535094,161.38708128248777,159.83261962408048,159.1095530984878,158.19329299084117,157.85233017974235,157.5652317469026,157.47497985449363,156.82266058220898,,168.19109749759124,167.9982850788367,163.68192633076674,161.38708128248777,159.1095530984878,166.64963360237525,"rgba(0, 255, 0, 1.0)",1.6600196134722378,167.86790197493173,2.0343723638327704,69.18474446822452,17.193968229623493,True,False,True,False,False,9.6297474302893,0.0,0.0,0.0,0.0,0,0.9864978071256103,0.912531414773567,False,False,False,False,0.2518997285046762,0.2874803829284553,False,False,False,False,918977.0,757747.8300038398,False,False,False,False,13672.137596942208,False,False,False,False
2025-09-24 17:00:00+00:00,171.28,171.58,171.205,171.28,13458.0,,,171.99081150136865,168.27260856000095,168.4493657420246,168.362242627191,168.0021705462558,167.0624811508262,167.18169939479884,166.76419483283246,165.45752171282984,164.18815739153987,164.132221523243,163.28471436508264,162.7673946946825,161.77372777136802,160.83505191601841,160.52464276651762,159.76859189347826,158.5139309332959,158.14753702957967,157.83678255202267,157.53589192930167,,,169.49429793684374,168.27471732190125,168.41131881337606,168.4134502788705,168.02583976585709,167.0362362171576,167.1929719460728,167.0035040817256,166.68487030171138,164.5185271858365,163.70460926189847,162.236117021337,161.8546007821236,161.41046050524184,159.85523579016748,159.1321485932705,158.21543669719316,157.8740769947332,157.5868732368004,157.4965880441522,156.8442885457312,,168.27471732190125,168.02583976585709,163.70460926189847,161.41046050524184,159.1321485932705,166.67648176701056,"rgba(0, 255, 0, 1.0)",1.6914456820988621,167.8963888760392,2.000425529339013,67.28971854374669,17.193968229623493,True,False,True,False,False,9.718973994291346,0.0,0.0,0.0,0.0,0,0.987469044081229,0.9143140168400196,False,False,False,False,0.25089493960830683,0.26918766126838106,False,False,False,False,932435.0,760456.1582208344,False,False,False,False,13668.817634198918,False,False,False,False
2025-09-24 18:00:00+00:00,171.29,171.52,170.91,171.26,23875.0,,,171.8469762813508,168.37493681027772,168.51616271679518,168.41399820092894,168.04795034312076,167.10177061710047,167.21396192234516,166.79611591246342,165.4924264815756,164.22635891599197,164.17051284305103,163.3247520221061,162.8079254461358,161.81432994341228,160.87576661605067,160.56494970432578,159.80802938242317,158.55328685037202,158.18607621594546,157.8747966129735,157.57374503700166,,,169.62292452996124,168.40707477148612,168.48959192634217,168.46850677591974,168.07183143653586,167.08183621784775,167.2265946235045,167.03493320179163,166.71694242523043,164.5560505713717,163.7438692416406,162.2765785019287,161.89520232692243,161.45114943313735,159.89470627049744,159.17162148875775,158.25416569352666,157.9121286613399,157.62475232332784,157.5344124236522,156.88217022019484,,168.40707477148612,168.07183143653586,163.7438692416406,161.45114943313735,159.17162148875775,166.72122330947212,"rgba(0, 255, 255, 0.75)",1.7227129322212174,167.94335173475858,1.9252472093333735,65.93722291215344,21.736146083666895,True,False,True,False,False,9.651601122645566,0.0,0.0,0.0,0.0,0,0.9809156531197474,0.9141698803520218,False,False,False,False,0.23314027388762357,0.2511639675780023,False,False,False,False,908560.0,762752.3418143098,False,False,False,False,13827.053019715215,False,False,False,False
2025-09-24 19:00:00+00:00,171.25,171.495,170.81,170.98,52495.0,,,171.62617544183482,168.56724438063662,168.6455399459909,168.5163242075032,168.1400973058419,167.1828643004479,167.28079693060263,166.862633370001,165.56593684459946,164.30732257640537,164.25168719803014,163.4099017227663,162.89428430314592,161.90112647792387,160.96302309137704,160.65140729467305,159.8927813681367,158.63805704769743,158.26915185314027,157.9567883637358,157.65542730914174,,,169.82917862172724,168.64803818854458,168.63951825916908,168.57674135848063,168.16432410550794,167.17554096094895,167.29616046385473,167.10024867497063,166.78383086357388,164.63545787960572,163.82723666008627,162.36295292632212,161.98197637223282,161.53821998054454,159.97951353259597,159.25655128762648,158.337637936453,157.9941963634215,157.70648440709263,157.61603764739885,156.96398761736975,,168.64803818854458,168.16432410550794,163.82723666008627,161.53821998054454,159.25655128762648,166.81160149962395,"rgba(0, 255, 255, 0.75)",1.7453454264566155,168.03672912031143,1.686354365773861,63.7244103828329,19.39485433910295,True,False,True,False,False,8.700699867595905,0.0,0.0,0.0,0.0,0,0.9795134443021775,0.9138185757904066,False,False,False,False,0.2269233816467107,0.23904367461235648,False,False,False,False,856065.0,764199.0496931577,False,False,False,False,14426.556073673119,False,False,False,False
2025-09-25 14:00:00+00:00,171.62,172.605,171.53,172.0,13174.0,,,171.65491965130715,168.62787307519093,168.68780776455716,168.54980227557186,168.169509531223,167.20751798593002,167.30129784509992,166.8826792262609,165.58720085887958,164.33014421599805,164.2745472532477,163.4335839496656,162.9181528585871,161.9248789315957,160.9867186364457,160.67483550684108,159.91563789132707,158.6607598658024,158.2913645286811,157.97868171185232,157.6772094476478,,,169.90444459628216,168.72277973370126,168.68799725100175,168.61224171421065,168.19389267335214,167.20390824278172,167.31749561465892,167.12013146195926,166.80392593729766,164.65797029327723,163.85055841827426,162.38669370755602,162.00574001353723,161.56197236708215,160.002397099278,159.27937060851988,158.35996309404695,158.01611356884902,157.72828458819424,157.63780096760382,156.98574308216752,,168.72277973370126,168.19389267335214,163.85055841827426,161.56197236708215,159.27937060851988,166.84348304543488,"rgba(0, 255, 0, 1.0)",1.7928983405243062,168.07148179579335,2.1911550227983465,65.00529765677494,19.39485433910295,True,False,True,False,False,11.358114642850694,0.0,0.0,0.0,0.0,0,0.9806426446925745,0.9034082597883855,False,False,False,False,0.31996011053201323,0.27950189257218483,False,False,False,False,869239.0,765827.576054504,False,False,False,False,14407.136599662683,False,False,False,False
2025-09-25 15:00:00+00:00,171.99,172.02,171.165,171.53,10196.0,,,171.65072057521357,168.6670633361058,168.71529473132182,168.57182943466992,168.1892273942244,167.2245774544302,167.3154726325725,166.89667476138854,165.6023632907028,164.3466367746811,164.29107577306928,163.45082122685997,162.93558697261864,161.94232964591154,161.00420631883088,160.69214961964633,159.93258070900768,158.67765844217158,158.30791693020157,157.99501077595423,157.6934685987421,,,169.94715167182954,168.770480520746,168.71942215391374,168.63550193396435,168.21369481378827,167.2235126669904,167.33223664569482,167.13394183283873,166.81797832789698,164.67418963112297,163.86748022031506,162.40409151271822,162.02319143028438,161.57945518351573,160.0193545264744,159.29632298845968,158.37659586249774,158.03245873875733,157.74455503746748,157.65404774239056,157.00200977859276,,168.770480520746,168.21369481378827,163.86748022031506,161.57945518351573,159.29632298845968,166.8638810515871,"rgba(0, 255, 255, 0.75)",1.8267799834964926,168.0931052778267,1.881394997330225,63.71342274633378,18.996707269617332,True,False,True,False,False,9.760704023574874,0.0,0.0,0.0,0.0,0,0.9770798790597878,0.91197698234663,False,False,False,False,0.27108818472637736,0.27529503864928107,False,False,False,False,859043.0,767272.776425752,False,False,False,False,14341.84766013303,False,False,False,False
2025-09-25 16:00:00+00:00,171.56,172.1,171.56,172.04,22704.0,,,171.67589075181783,168.76014266976594,168.78148187407834,168.62498748364953,168.23650695131496,167.26492298805323,167.3491098509148,166.92970903819926,165.63769383425503,164.38474986359734,164.32926082146855,163.49048464014905,162.9756236307939,161.98227947297138,161.04414375321238,160.731664531982,159.9711911407226,158.71608313282584,158.34553599171974,158.03210698171006,157.73039072534405,,,170.0525311533699,168.88296765407907,168.79477405787307,168.6916533000291,168.2611968970222,167.269790042091,167.36721110083275,167.16664106236072,166.85111475154207,164.7117404247514,163.90649031690597,162.4439754224319,162.063152044342,161.61943860598114,160.05800470074536,159.33490952838827,158.41440079961552,158.0695934196065,157.78150536429047,157.69093984807742,157.03891505782605,,168.88296765407907,168.2611968970222,163.90649031690597,161.61943860598114,159.33490952838827,166.9136260232539,"rgba(0, 255, 0, 1.0)",1.8680805367775808,168.14654603249338,2.0842002744821606,64.20211157384561,18.996707269617332,True,False,True,False,False,11.070078374556214,0.0,0.0,0.0,0.0,0,0.9793768982071132,0.9192221024786909,False,False,False,False,0.2953527173456016,0.2853238779974413,False,False,False,False,881747.0,769047.5705896938,False,False,False,False,14471.493432844145,False,False,False,False
2025-09-25 17:00:00+00:00,172.06,172.15,171.84,171.95,17797.0,,,171.69819525493298,168.83120586953848,168.83275378792655,168.66647317866702,168.27352508717,167.29660261281776,167.3755914240731,166.95571213098296,165.66546273371185,164.4146729171712,164.35923952313914,163.52160952393317,163.0070371256122,162.013622354447,161.07547462509552,160.76266532460292,160.00148478779246,158.74622915683037,158.37505238125746,158.06121446123814,157.7593616372871,,,170.130752796793,168.9678364729227,168.85284804029544,168.73540041736746,168.29838501163485,167.3060458697106,167.39473161506555,167.19238894168922,166.87719564476376,164.74122819057595,163.9371086712714,162.47526829908554,162.0945035515041,161.65080670272442,160.0883295539654,159.36518311976505,158.44406244631267,158.09873102255486,157.81049840432902,157.71988723337503,157.06787147808484,,168.9678364729227,168.29838501163485,163.9371086712714,161.65080670272442,159.36518311976505,166.95229084563405,"rgba(0, 255, 255, 0.75)",1.9093328559866818,168.18800356932067,1.970319852237204,64.08761270261911,18.69992314172663,True,False,True,False,False,10.760132212398126,0.0,0.0,0.0,0.0,0,0.9793697685869033,0.9250123092072865,False,False,False,False,0.3124098154790733,0.2988668467382573,False,False,False,False,863950.0,770518.9260844272,False,False,False,False,14523.051674195398,False,False,False,False
2025-09-25 18:00:00+00:00,171.9,172.615,171.745,172.58,19064.0,,,171.74300333822413,168.91162736247168,168.89151023080333,168.71414654726104,168.31586884113818,167.33245060071533,167.4056537604836,166.98509939260933,165.69649611834782,164.4478666088676,164.39248620320302,163.55600203208826,163.04168581066764,162.04809496676555,161.10985730358186,160.7966653009666,160.03466431176312,158.77917924605475,158.407299852415,158.09300317104297,157.79098901377395,,,170.22168053606995,169.06324022356125,168.91913765124016,168.78567238766695,168.34093708906866,167.34699466392814,167.42596615843934,167.2215651645065,166.90664650078338,164.77399332832167,163.97099888443512,162.50972955539874,162.128992893288,161.6852754911585,160.1215483802688,159.3983042098943,158.47647110981765,158.13055412873243,157.84215197217958,157.75148739748695,157.09945567835067,,169.06324022356125,168.34093708906866,163.97099888443512,161.6852754911585,159.3983042098943,166.99681835961204,"rgba(0, 255, 0, 1.0)",1.9643432366433917,168.2361972638604,2.2113257271484676,65.66926588255876,18.69992314172663,True,False,True,False,False,12.37107814454572,0.0,0.0,0.0,0.0,0,0.9723120650788988,0.9227188081936681,False,False,False,False,0.3317466798182623,0.3153067632782598,False,False,False,False,883014.0,772263.0357575368,False,False,False,False,14593.453973820275,False,False,False,False
2025-09-25 19:00:00+00:00,172.59,172.65,171.65,171.72,60390.0,,,171.79243622182346,169.12262608861877,169.0496388028722,168.84506905792682,168.43447688155325,167.43591306175702,167.49271055592712,167.07086163181586,165.78844861684405,164.54716967463133,164.49198530177605,163.65944071510606,163.14618625951664,162.1525710611329,161.2144539202665,160.90022657682005,160.13600244672855,158.88016715093067,158.50624280200074,158.19062079498255,157.88817884461176,,,170.4297828087435,169.3071049994833,169.09577613802475,168.92292563032558,168.46000946579522,167.46465704787266,167.51629507191075,167.30639583321113,166.992694425361,164.8717919455809,164.07268650697947,162.6139525437608,162.23348195951098,161.7898992685168,160.22297863547095,159.49964905310443,158.57588788851518,158.22826830858688,157.93941104932728,157.84860240745382,157.19664887798322,,169.3071049994833,168.46000946579522,164.07268650697947,161.7898992685168,159.49964905310443,167.11724141148872,"rgba(0, 255, 255, 0.75)",1.9958071071634853,168.36340623924232,1.6818227316206877,62.720477842961955,17.015473104791155,True,False,True,False,False,9.422147572206416,0.0,0.0,0.0,0.0,0,0.9710067244907907,0.923642919793392,False,False,False,False,0.3285950105300708,0.3219508869041653,False,False,False,False,822624.0,773043.8259008308,False,False,False,False,15303.477943218411,False,False,False,False
2025-09-26 14:00:00+00:00,173.88,174.43,173.8,174.005,21875.0,,,171.93780471402005,169.24205460021793,169.140432537642,168.91937624734945,168.49941902187905,167.48874726804578,167.5375399314379,167.1139463004073,165.8319765045252,164.59231127597815,164.53714815149033,163.70543198434143,163.1921512753969,162.19771940144668,161.25902630444742,160.94417839989046,160.17862063360764,158.92208189692317,158.5471738699078,158.2308951723178,157.92817452492932,,,170.57761929944476,169.4461218044773,169.19693446000173,169.00129140698087,168.52534662750355,167.52460218382345,167.56283498409553,167.34960518492707,167.03573563014766,164.9166655993768,164.1183414847096,162.65934572219894,162.27869543392512,161.83485447798057,160.26567827495367,159.5419725647889,158.61703927626306,158.26859545383144,157.9794522571639,157.88855432498679,157.23642421177306,,169.4461218044773,168.52534662750355,164.1183414847096,161.83485447798057,159.5419725647889,167.18611136801675,"rgba(0, 255, 0, 1.0)",2.086915053718451,168.44025799498377,2.666491860845514,65.68783031518616,17.015473104791155,True,False,True,False,True,14.919946372548281,0.0,0.0,0.0,0.0,0,0.9706331045003819,0.9122807017543854,False,False,False,False,0.34282824602029494,0.3323895664622301,False,False,False,False,844499.0,774151.658057407,False,False,False,False,15405.36200611425,False,False,False,False
2025-09-26 15:00:00+00:00,173.985,174.235,173.73,174.02,23647.0,,,172.0701300454082,169.36273148555756,169.23336862546353,168.9961053539924,168.56693762640398,167.54421360532945,167.5847105388566,167.15937887798444,165.8780488184629,164.64020661194112,164.58507098434626,163.7542985175334,163.24102987605352,162.2458024326745,161.30655220900897,160.9910626238015,160.2241245862665,158.96688500562922,158.59094313540132,158.27397523265495,157.97096646045526,,,170.7210244347671,169.5850215837836,169.29997664761603,169.08202165112715,168.59325380170435,167.5873842300996,167.6117739753796,167.39512791685095,167.08113546350546,164.96424805226468,164.16681941649503,162.70765823819826,162.32684235762648,161.8827545465212,160.31126508486145,159.58718827725272,158.66104068390516,158.31173057518313,158.02229124505286,157.93130075624325,157.2789995804669,,169.5850215837836,168.59325380170435,164.16681941649503,161.8827545465212,159.58718827725272,167.25646705516502,"rgba(0, 255, 0, 1.0)",2.173244879506569,168.51823688151632,2.5315891321611486,67.6899494282051,13.217847107530197,True,False,True,False,True,14.953667114410386,0.0,0.0,0.0,0.0,0,0.9686115741843297,0.9153131698023333,False,False,False,False,0.33174496851363655,0.33206726748793336,False,False,False,False,868146.0,775608.934676672,False,False,False,False,15533.139339352789,False,False,False,False
2025-09-26 16:00:00+00:00,173.99,174.73,173.965,174.715,19114.0,,,172.18873912927307,169.4654391310386,169.31316671024908,169.06218505550316,168.62498346904485,167.59161168854163,167.62512629505778,167.1981877142061,165.91706812274003,164.68051325393856,164.62539130381896,163.79527612211635,163.28194750832898,162.28594243577396,161.34613764524008,161.03008923070377,160.26194836640695,159.00404392811978,158.62722658974153,158.30967231178008,158.00640957986025,,,170.84401529506536,169.70268636788666,169.38819170129545,169.1515202597221,168.6516428984304,167.64094424295922,167.65369408786572,167.43408653539603,167.11989335074693,165.00435010629553,164.2075350561252,162.74804033041084,162.36704409961928,161.92270511814206,160.3491639374167,159.62472827419492,158.6975197193279,158.34747515252283,158.05777588266918,157.96670426965736,157.31422912896957,,169.70268636788666,168.6516428984304,164.2075350561252,161.92270511814206,159.62472827419492,167.31664942944226,"rgba(0, 255, 0, 1.0)",2.278712843958274,168.5852327793792,2.6900130206722306,70.1220807407781,15.531778847218433,True,False,True,False,True,16.505863309282862,0.0,0.0,0.0,0.0,0,0.9774210451102752,0.9091125613299668,False,False,False,False,0.34282824623585106,0.3374477568618922,False,False,False,False,887260.0,777339.9589452507,False,False,False,False,15588.656558897706,False,False,False,False
2025-09-26 17:00:00+00:00,174.715,174.93,174.54,174.85,14075.0,,,172.27949916046475,169.54289406140177,169.37375616424745,169.11250595224675,168.6691828110653,167.62762258562282,167.65589075531335,167.22768416578194,165.94658600780014,164.71089636375262,164.65578074414464,163.82610282279882,163.31269969627047,162.31606394438612,161.37580557671777,161.05932848275185,160.2902644513561,159.03182744647964,158.65434838509444,158.3363496929701,158.03289075111746,,,170.93669984900365,169.7910571049088,169.4550140028858,169.20441565752952,168.69610573290166,167.68158272000858,167.68559588059955,167.46372637191507,167.14934174512956,165.03460385982135,164.2381918788913,162.77836464286005,162.3972154326645,161.95266910821564,160.37753881987496,159.65281316882187,158.72478892794987,158.37418880894216,158.0842891501645,157.99315504496244,157.3405360383382,,169.7910571049088,168.69610573290166,164.2381918788913,161.95266910821564,159.65281316882187,167.36223202949463,"rgba(0, 255, 0, 1.0)",2.3801924689369844,168.63606269831178,2.610686901493903,71.95016431390037,17.285018412124614,True,False,True,False,True,16.804041474993678,0.0,0.0,0.0,0.0,0,0.9853705027400524,0.9030259709316173,False,False,False,False,0.3428282465715219,0.34013800171670705,False,False,False,False,901335.0,779262.3626825337,False,False,False,False,15565.189015348906,False,False,False,False
2025-09-26 18:00:00+00:00,174.83,175.04,174.785,174.96,24757.0,,,172.43359031175152,169.6776634135247,169.48009618943775,169.20126384879393,168.7473393227616,167.69144989872623,167.7105302681763,167.28006728883292,165.9989347733488,164.76471314660907,164.7096066220512,163.88066876374367,163.36711946129583,162.3693494546137,161.4282727033899,161.11103552903765,160.34033354209564,159.0809388786662,158.70229002211067,158.38350479216308,158.07969639088498,,,171.0957138968451,169.94385399521852,169.57192295193093,169.2976027681621,168.77472075564367,167.75348861833393,167.74223284909385,167.5163773877034,167.2016353391235,165.08820576698682,164.29247278340426,162.832018136193,162.4505904761053,162.0056692405716,160.42771290413043,159.70246460896402,158.77299096049742,158.42140827368925,158.13115196957344,158.03990665772804,157.38702602715318,,169.94385399521852,168.77472075564367,164.29247278340426,162.0056692405716,159.70246460896402,167.4421315423077,"rgba(0, 255, 0, 1.0)",2.4787745573773803,168.72503492919995,2.5153417249033097,73.34952777279676,18.683151195944106,True,False,True,False,True,17.049655051729445,0.0,0.0,0.0,0.0,0,0.9870080244554835,0.9030855941918222,False,False,False,False,0.3428282467162505,0.34148312421647875,False,False,False,False,926092.0,781538.7911680758,False,False,False,False,15707.697712785357,False,False,False,False
2025-09-26 19:00:00+00:00,174.955,175.1,174.64,174.9,48051.0,,,172.68178758159584,169.91864016615398,169.67355626246228,169.36463456037953,168.89245129497328,167.81139419401924,167.81357614408037,167.379100713422,166.0982760657058,164.86707570018697,164.81199731566178,163.9846030598605,163.47086534540114,162.47110391408577,161.52859520486933,161.20995432219053,160.43622305330496,159.17511053772395,158.7942638588298,158.47400246419576,158.1695470461593,,,171.36731321566538,170.21325551071592,169.78322179447457,169.4685952055695,168.92062481691408,167.8881422886175,167.8489470070882,167.61582413265143,167.30052900990665,165.1900986801286,164.39579731518828,162.93440285060294,162.55250304360658,162.10693136049704,160.52379375702895,159.79761493483912,158.86545531395092,158.51202610301658,158.22110847079617,158.12965675923576,157.47631413904162,,170.21325551071592,168.92062481691408,164.39579731518828,162.10693136049704,159.79761493483912,167.58778840925706,"rgba(0, 255, 0, 1.0)",2.5703404916933352,168.88594795274537,2.339788081264125,73.94106312310649,19.40140044224775,True,False,True,False,True,16.83393266522305,0.0,0.0,0.0,0.0,0,0.9880116540096481,0.8996990972918752,False,False,False,False,0.3395596285542247,0.34052137638535174,False,False,False,False,878041.0,783034.9494445396,False,False,False,False,16209.144259873956,False,False,False,False
2025-09-29 14:00:00+00:00,175.42,176.74,175.42,176.24,22803.0,,,172.84033141429038,170.0523128668099,169.78154804007386,169.45579956532012,168.97285680139822,167.87677151005795,167.86993882259816,167.43290319792706,166.15126374461434,164.92092145977804,164.8658292536148,164.03883684897855,163.52478431026535,162.52363442593517,161.58010256253212,161.260659945707,160.48519741986735,159.2229440317286,158.84091824362147,158.5198567955009,158.21502393089492,,,171.52429336736415,170.36271515150176,169.90095614335357,169.5640859631992,169.00150687100674,167.9614170943935,167.90731021416354,167.67006501140446,167.35418788513502,165.24387333125017,164.4499062166538,162.98741814788517,162.6051419117512,162.15909166991065,160.5728858906128,159.8460708364204,158.91236974354004,158.55794753333674,158.2666472284034,158.175076451833,157.5213969623065,,170.36271515150176,169.00150687100674,164.4499062166538,162.15909166991065,159.8460708364204,167.6684733293215,"rgba(0, 255, 0, 1.0)",2.6995612806719476,168.9761857626199,2.690738783885679,76.4296690712982,21.903829196290744,True,False,True,False,True,19.78292678262345,0.0,0.0,0.0,0.0,0,0.991479947279232,0.8845791752965538,False,False,False,False,0.3428282475495065,0.3416748119674291,False,False,False,False,900844.0,784861.4463523761,False,False,False,False,16311.374581426297,False,False,False,False
2025-09-29 15:00:00+00:00,176.235,177.17,176.22,176.58,24661.0,,,173.02094287156322,170.2024490366253,169.90364089869837,169.5591818535707,169.0640379748256,167.95073822671097,167.93384701901155,167.49380554759776,166.21091415947208,164.98126936416375,164.92615158420867,164.099461707339,163.58498111972193,162.58215949720585,161.63738787306843,161.31702667322847,160.53957931945308,159.2759637968638,158.89261074023423,158.57064558354637,158.26537674113655,,,171.7008259632484,170.52999357319786,170.03375354771893,169.67230990803245,169.0932326709044,168.0441923610074,167.97346743714417,167.7315327931501,167.41490573463525,165.304204349407,164.5104613677702,163.04653936183894,162.66379700169966,162.21716340832276,160.6274056600704,159.89982588755473,158.96435387270122,158.60881282563668,158.31707155242114,158.22536368282738,157.57127262440852,,170.52999357319786,169.0932326709044,164.5104613677702,162.21716340832276,159.89982588755473,167.75947361726256,"rgba(0, 255, 0, 1.0)",2.830633986540963,169.07817433428153,2.6502280766033346,78.50550947786765,23.96196575294836,True,False,True,False,True,20.0,0.0,0.0,0.0,0.0,0,0.9982632369508077,0.8848573037927148,False,False,False,False,0.3428282479198218,0.34225152994362545,False,False,False,False,925505.0,787041.9665639672,False,False,False,False,16440.826138303408,False,False,False,False
2025-09-29 16:00:00+00:00,176.58,176.58,176.055,176.2,15143.0,,,173.11293041382586,170.28609506302362,169.9724047751679,169.6178990259404,169.11622597235578,167.99359574384215,167.97094881544518,167.52927776235597,166.2458932544104,165.01682833595441,164.96170258624548,164.13528742898947,163.620610094424,162.61689744746727,161.6714678398143,161.3505857690539,160.57201183362693,159.30765568328698,158.92353108623922,158.60104210632824,158.2955264296562,,,171.7955063209301,170.6222995375889,170.10822885630915,169.7336310464467,169.14571192563517,168.09204510071663,168.01184905173605,167.7672795481174,167.45028782567755,165.33971123326492,164.54619925934824,163.08158764832882,162.69860464219104,162.25166389840675,160.65991470152073,159.93192254596988,158.99544450485553,158.6392532620821,158.3472617100786,158.2554759372633,157.60116540736777,,170.6222995375889,169.14571192563517,164.54619925934824,162.25166389840675,159.93192254596988,167.81096146504322,"rgba(0, 255, 0, 1.0)",2.9374776104179388,169.13541718754738,2.404982692428923,77.74141661785025,23.96196575294836,True,False,True,False,True,19.107778797568194,0.0,0.0,0.0,0.0,0,0.9916168228700611,0.8972825319078785,False,False,False,False,0.3184994905837009,0.3303755102636632,False,False,False,False,910362.0,788953.9050668513,False,False,False,False,16420.704802825836,False,False,False,False
2025-09-29 17:00:00+00:00,176.195,176.51,176.04,176.125,18570.0,,,173.217095741664,170.38469381484714,170.05403559132012,169.68795292222708,169.17873399062822,168.04521943343937,168.01570993229865,167.57212573309602,166.28823176329257,165.05992515603432,165.00479227818371,164.17874245557542,163.66384718616771,162.65909174746875,161.7128926477284,161.3913883479097,160.61146768479395,159.34623719420136,158.96118311671967,158.6380634543336,158.33225253208914,,,171.9050800687725,170.7304966715128,170.1963998137044,169.8066928813867,169.20855707749672,168.14959608357495,168.05813466178927,167.81043787075907,167.49303366296937,165.38273046794967,164.58953186800906,163.12414237139728,162.74088068195684,162.29358176002944,160.69946144576113,159.97098379871377,159.03330195947103,158.67632734056656,158.38403621471704,158.29215715486453,157.6375887402316,,170.7304966715128,169.20855707749672,164.58953186800906,162.29358176002944,159.97098379871377,167.87223757992385,"rgba(0, 255, 0, 1.0)",3.0363978139696415,169.20329844349953,2.2795766498894174,76.79974842707558,23.96196575294836,True,False,True,False,True,18.832608105783855,0.0,0.0,0.0,0.0,0,0.9893576944810702,0.8960727067244298,False,False,False,False,0.3157836728866287,0.32307959157514593,False,False,False,False,891792.0,790548.2941355822,False,False,False,False,16454.027208983574,False,False,False,False
2025-09-29 18:00:00+00:00,176.12,176.48,175.92,176.34,22782.0,,,173.33659296598705,170.50170625275635,170.15165768502436,169.77217136652337,169.2541656227894,168.10783998001196,168.07010809759151,167.62424923523005,166.3397973860012,165.11244822977153,165.05730843772145,164.2317241307875,163.71657851494155,162.71058249571692,161.76346772248922,161.4412135865084,160.65966874391557,159.39339041106072,159.0072097225589,158.6833256750937,158.37715806518452,,,172.03295836511654,170.8581601600331,170.3015342048439,169.8944055983145,169.2843823350174,168.21928412905055,168.1143597174067,167.86292214668848,167.54503822311585,165.43514953774903,164.64235400310136,163.17606005683973,162.7924688343085,162.34474450189833,160.74777176499336,160.01871328287723,159.07957775966534,158.7216533881233,158.42900022352364,158.33700839046188,157.68213124203635,,170.8581601600331,169.2843823350174,164.64235400310136,162.34474450189833,160.01871328287723,167.94571825529658,"rgba(0, 255, 0, 1.0)",3.1349471783118936,169.2844421714869,2.2506145804703457,76.60692615795564,23.96196575294836,True,False,True,False,False,19.30894391029525,0.0,0.0,0.0,0.0,0,0.9872758005446522,0.8957179077847682,False,False,False,False,0.31100200377977205,0.31704079767745896,False,False,False,False,914574.0,792471.1732962708,False,False,False,False,16552.13531427065,False,False,False,False
2025-09-29 19:00:00+00:00,176.32,176.92,175.825,176.15,55230.0,,,173.5950842770019,170.7692674823519,170.3779179463254,169.96919411916144,169.43182185487913,168.25669183886424,168.19986192651325,167.74879047272432,166.46325845816517,165.23833634606646,165.18318723988216,164.35880016531888,163.84311774686006,162.83427586052116,161.8850594323523,161.56104464099255,160.7756805816202,159.50696544046502,159.118111721434,158.7924141989038,158.48540503854343,,,172.31723091187,171.14717312101016,170.54394536433415,170.09909711547806,169.4629103832293,168.3844063769455,168.24835871502722,167.98825620741385,167.66931717178736,165.56075017403427,164.76900578559543,163.30072506697744,162.9163863253483,162.46768902366165,160.8640390545562,160.133634005542,159.19107185193255,158.83089300423555,158.53738516644964,158.4451269590644,157.7895329576786,,171.14717312101016,169.4629103832293,164.76900578559543,162.46768902366165,160.133634005542,168.11706025071268,"rgba(0, 255, 0, 1.0)",3.2200535332120825,169.47259153615835,2.0736948609611403,75.22898048921368,23.96196575294836,True,False,True,False,False,18.59319236347705,0.0,0.0,0.0,0.0,0,0.9853160544471379,0.8942289763192239,False,False,False,False,0.3220208446962745,0.3195308211868667,False,False,False,False,859344.0,793507.9613071813,False,False,False,False,17151.792131103663,False,False,False,False
2025-09-30 14:00:00+00:00,176.96,177.96,176.92,177.86,12168.0,,,173.67026227346915,170.83783076916288,170.4358557940315,170.01948095434346,169.47684636441736,168.29387300244602,168.2323378251621,167.77979099737067,166.49353955614097,165.26886142240105,165.21369643518324,164.3894047829215,163.87348846560357,162.86379059944142,161.9139327765874,161.58945927489407,160.80310001743248,159.53367717125744,159.1441626485673,158.81801297593833,158.5107812236737,,,172.39338718641534,171.22159437479522,170.6060545465757,170.15140943807177,169.50817508055962,168.4256273353463,168.28189969241842,168.01955194973053,167.7002213622719,165.59128893154676,164.79960083183533,163.33054988222003,162.94596770262723,162.4969680122449,160.89152889253552,160.16072520986174,159.21726764535597,158.85653039414342,158.56279790030385,158.4704698459118,157.814655794276,,171.22159437479522,169.50817508055962,164.79960083183533,162.4969680122449,160.16072520986174,168.16058517017763,"rgba(0, 255, 0, 1.0)",3.3467551745224826,169.52093162286695,2.491687602551592,77.36031292472919,23.96196575294836,True,False,True,False,True,20.0,0.0,0.0,0.0,0.0,0,0.9882726269315676,0.8794610007358349,False,False,False,False,0.34282824831819186,0.33117953475252926,False,False,False,False,871512.0,794717.3262481552,False,False,False,False,17074.52403604779,False,False,False,False
2025-09-30 15:00:00+00:00,177.965,178.225,177.73,177.935,11996.0,,,173.74865101774083,170.90785391053032,170.49508559387033,170.070891510758,169.52282692219669,168.33174064788116,168.26543924625355,167.81135050523505,166.52425821688482,165.29973999838052,165.24455554167847,164.4203112192534,163.9041324186053,162.89352764030707,161.94298815516552,161.61804293051662,160.83066006577675,159.560491880406,159.1703059883445,158.84369594024952,158.53623434763557,,,172.47173153437518,171.29761982808384,170.66952885550566,170.20489561050238,169.55440437014752,168.46759206633317,168.31608491374115,168.05143514039034,167.73167544760796,165.62220229223075,164.8305211012827,163.36061912199617,162.9757752001732,162.52645306981935,160.91916227021304,160.18793717321367,159.24355779354966,158.88225290972792,158.588288776922,158.4958887429963,157.8398402897061,,171.29761982808384,169.55440437014752,164.8305211012827,162.52645306981935,160.18793717321367,168.20500588125861,"rgba(0, 255, 0, 1.0)",3.4656339240448153,169.5703767389058,2.413591119090755,78.88004849383998,25.097311167393542,True,False,True,False,True,20.0,0.0,0.0,0.0,0.0,0,0.9936965123769212,0.8808778871813745,False,False,False,False,0.34282824857654803,0.33700389166453865,False,False,False,False,883508.0,796093.9258412072,False,False,False,False,16995.787229287358,False,False,False,False
2025-09-30 16:00:00+00:00,177.935,178.525,177.87,178.21,7614.0,,,173.7996676732993,170.9530662173802,170.53338265092785,170.10415357617515,169.55257051501906,168.3562131405962,168.2868459917642,167.83174829457352,166.54407494380433,165.31962857118367,165.26443037323133,164.44019891855004,163.92384198347875,162.91263894065222,161.96164897138593,161.63639737484195,160.84834957177043,159.57769093877013,159.1870717805234,158.860164253988,158.55255298478846,,,172.52243326771094,171.34668460445707,170.7105496215603,170.23949682709258,169.58430952028394,168.49470025220182,168.33819065746758,168.07204996462121,167.7520026091091,165.64212072231206,164.85042610476088,163.3799508377353,162.99493293330067,162.54539736335698,160.9368997404891,160.20539680810043,159.26041819520103,158.89874686590042,158.60463200460018,158.51218514603184,157.8559814757611,,171.34668460445707,169.58430952028394,164.85042610476088,162.54539736335698,160.20539680810043,168.23370951357185,"rgba(0, 255, 0, 1.0)",3.588303801403373,169.602356505441,2.3988056672326854,80.26933457807682,26.523356100230387,True,False,True,False,True,20.0,0.0,0.0,0.0,0.0,0,0.9913560484793051,0.8776126229133315,False,False,False,False,0.3428282486760866,0.3399160701703126,False,False,False,False,891122.0,797567.2293165373,False,False,False,False,16850.333163717012,False,False,False,False
2025-09-30 17:00:00+00:00,178.2,178.2,177.37,177.63,17591.0,,,173.9011024974237,171.04879686772202,170.6151073030884,170.17558468020215,169.61683604039226,168.4096241377599,168.33363251890424,167.8764548693496,166.58777329045574,165.36368244960076,165.3084620099306,164.4843714326445,163.9676839726132,162.9552638237635,162.00336001290336,161.67745308623842,160.8879817966977,159.61630948347425,159.22474261551181,158.89718618217736,158.58925521893164,,,172.6268270488994,171.44985237701252,170.79781502238777,170.31366859733112,169.64890384880252,168.55376193876756,168.38647941267715,168.11717142121094,167.79657365884452,165.68619189646245,164.89458254615886,163.4230166600886,163.03765268809056,162.5876866563317,160.97663272345045,160.24455914032015,159.298296851172,158.9358242300607,158.641386740115,158.54883955093004,157.89231940974582,,171.44985237701252,169.64890384880252,164.89458254615886,162.5876866563317,160.24455914032015,168.2953582599492,"rgba(0, 255, 0, 1.0)",3.689015500151096,169.67058227366493,2.1575994261908242,77.62500657388378,26.523356100230387,True,False,True,False,False,20.0,0.0,0.0,0.0,0.0,0,0.9867925384650299,0.8814051649798027,False,False,False,False,0.3193328110604084,0.3296244406153605,False,False,False,False,873531.0,798744.9621953507,False,False,False,False,16861.816370481087,False,False,False,False
2025-09-30 18:00:00+00:00,177.605,177.85,176.84,177.35,19627.0,,,173.9974620362586,171.14646954597367,170.6992927576384,170.24972325802008,169.6839986657198,168.46606155829627,168.38316516761046,167.9239235782748,166.63445066471084,165.41094257845202,165.3557068003904,164.53188300404676,164.01490804149338,163.0012968779853,162.04850148286474,161.72191691223435,160.93097209549788,159.65828883100386,159.26571898241724,158.93747757271262,158.62921621597366,,,172.73002043750523,171.55425085046753,170.88736830994307,170.39048758478447,169.71638658364196,168.61603599237702,168.43756985967934,168.16501596866914,167.84391897371503,165.7334201409238,164.94202071905931,163.46947284421086,163.08377905552993,162.63339592651477,161.0197252860445,160.28708660432994,159.33949408404197,158.97617361969978,158.68140197427294,158.5887507544865,157.93191956037737,,171.55425085046753,169.71638658364196,164.94202071905931,162.63339592651477,160.28708660432994,168.3593582368745,"rgba(0, 255, 0, 1.0)",3.7748084755417275,169.7408883764713,2.015760977763699,74.28364583225984,28.359630042277118,True,False,True,False,False,19.713423342487438,0.0,0.0,0.0,0.0,0,0.9821452664717789,0.8856307623116705,False,False,False,False,0.29464082868310904,0.3121326346492348,False,False,False,False,853904.0,799600.1410760429,False,False,False,False,16904.687434504638,False,False,False,False
2025-09-30 19:00:00+00:00,177.39,178.12,177.27,177.985,26007.0,,,174.13303990792556,171.28027975710708,170.81490703707254,170.351645754912,169.7762809734154,168.54344850868097,168.45118353619023,167.989030467904,166.69822434481947,165.47530740420083,165.42004297605445,164.59646822974736,164.07904335072521,163.06371995891837,162.1096372451391,161.78211395590114,160.98912703353446,159.71500055778355,159.32105993631126,158.99187988679455,158.6831581527927,,,172.8725318654012,171.69722160184432,171.01024610104773,170.4960780617856,169.80911360270372,168.7013441175037,168.5077140757367,168.2306899126509,167.9088402294473,165.7977898414404,165.00656036613717,163.53251346866767,163.1463359333552,162.695347926998,161.07802416249498,160.3445748736254,159.3951360323402,159.03065597505002,158.7354195217855,158.6426236827975,157.98534159347625,,171.69722160184432,169.80911360270372,165.00656036613717,162.695347926998,160.3445748736254,168.44718181972482,"rgba(0, 255, 0, 1.0)",3.8727803000230776,169.8375725985464,2.1037670020695667,73.60169455410487,27.735754673277384,True,False,True,False,False,20.0,0.0,0.0,0.0,0.0,0,0.9861191698281636,0.8840883731309971,False,False,False,False,0.31425234268104135,0.31319248866513805,False,False,False,False,879911.0,800845.2706717631,False,False,False,False,17045.808559551075,False,False,False,False
2025-10-01 14:00:00+00:00,178.175,180.125,178.175,179.865,8444.0,,,174.1933116019093,171.33294521022134,170.86004476632328,170.3911235237917,169.811672115762,168.5725895501427,168.4767959002636,168.0133982503157,166.7217316971794,165.49875237321882,165.44346628651294,164.61982384844373,164.10214841704814,163.0860594009087,162.13139554610527,161.80350156481742,161.00970877454762,159.73495728362903,159.3405042010955,159.01097030597396,158.70206484765643,,,172.93155627635275,171.75403744520182,171.05838036792147,170.53707832635027,169.84469480777977,168.73350728433752,168.53414093113048,168.25534959205964,167.9331132349822,165.82130457393555,165.02997558177307,163.55514101244128,163.16873463445856,162.71746979204335,161.09866563289478,160.36485988807024,159.41469158272287,159.0497773163868,158.75435642969626,158.66150334651917,158.00401828772885,,171.75403744520182,169.84469480777977,165.02997558177307,162.71746979204335,160.36485988807024,168.48104331901595,"rgba(0, 255, 0, 1.0)",4.019894025091645,169.87535090290143,2.485052848344885,76.13433054364017,27.735754673277384,True,False,True,False,True,20.0,0.0,0.0,0.0,0.0,0,0.9926422283536989,0.8679980729645685,False,False,False,False,0.3428282490705798,0.32801036886785895,False,False,False,False,888355.0,802202.0106613481,False,False,False,False,16912.44718653478,False,False,False,False
2025-10-01 15:00:00+00:00,179.86,180.39,179.71,179.89,21646.0,,179.9966666666667,174.35905677081752,171.47484157225696,170.98171328021715,170.49750306894518,169.90690540244964,168.65074322486421,168.54553806870115,168.07870665406446,166.78447144615197,165.56111020810926,165.50575797027827,164.6818122931179,164.16340489063893,163.1451743354408,162.1888803928572,161.8599801101138,161.06399932608772,159.78750925222727,159.39168473669346,159.06120142485915,158.75179505228584,,,173.09189649640965,171.907226672093,171.1881113185998,170.64758113082976,169.9404483044154,168.81973668983426,168.60506702095728,168.3214962045352,167.9981498363175,165.88390031692964,165.09218156226459,163.61506964639474,163.22801501326737,162.77597140441122,161.15312053959053,160.41831978353687,159.46616899393987,159.10009199000584,158.80416904077956,158.71116022052607,158.05310478903883,,171.907226672093,169.9404483044154,165.09218156226459,162.77597140441122,160.41831978353687,169.22736108281862,"rgba(0, 255, 0, 1.0)",4.158861457372209,170.63782084147908,2.224690399849704,77.85287280228802,23.51220922034406,True,False,True,False,True,20.0,0.0,0.0,0.0,0.0,0,1.0060516348121382,0.866472201663111,False,False,False,False,0.34282824939653844,0.3354193091321987,False,False,False,False,910001.0,803873.3128216373,False,False,False,False,16985.835602247418,False,False,False,False
2025-10-01 16:00:00+00:00,179.89,180.2,179.5,179.95,5848.0,,179.97256055866734,174.4013556354241,171.51188380473997,171.0136236374451,170.52550197904407,169.93204376847294,168.67146542954632,168.56378687060607,168.0960621395664,166.80117540732576,165.57773366253542,165.52236473388015,164.69835046802837,164.1797554624248,163.16096736480907,162.20424895526398,161.8750835703565,161.07852604266958,159.80158087637463,159.405392644544,159.0746576615721,158.7651191442847,,,173.13328314268915,171.94707480494233,171.22207385359258,170.67663704804337,169.9657203910467,168.842572890934,168.62388930617712,168.33906681480877,168.015435501419,165.9005817358857,165.1087717254601,163.63107391087217,163.24385116802935,162.79160503958528,161.16769040736386,160.43262956047016,159.47995572891273,159.11357032890587,158.81751487135028,158.72446493478995,158.06626039149262,,171.94707480494233,169.9657203910467,165.1087717254601,162.79160503958528,160.43262956047016,169.2497108309082,"rgba(0, 255, 0, 1.0)",4.288290905697315,170.66250590903627,2.165779863167536,79.07845944454954,24.73668218215289,True,False,True,False,True,20.0,0.0,0.0,0.0,0.0,0,1.0042289750185291,0.8750926450712819,False,False,False,False,0.33282334408937997,0.3341213266107893,False,False,False,False,915849.0,805609.3699871933,False,False,False,False,16813.15598050715,False,False,False,False
2025-10-01 17:00:00+00:00,179.95,180.245,179.545,179.61,8291.0,,179.93258013133993,174.45933166331196,171.56332729313087,171.0580530255163,170.564561373655,169.9671706849017,168.70049624010161,168.5893689215035,168.12040725067936,166.82463416836487,165.60109862757497,165.54570708411188,164.72160754497918,164.20275556693358,163.18319559129228,162.22588954082062,161.89635427559128,161.09899179834537,159.82141452858673,159.42471666481705,159.0936291743881,158.78390617129432,,,173.1903881350481,172.0023057882227,171.269313101772,170.71714908259167,170.0010312763902,168.874544656687,168.6502704662172,168.36370704845632,168.0396847741102,165.9240232498818,165.13209643595235,163.653593991266,163.26613914393076,162.81361288353975,161.18821622417636,160.4527944547906,159.49939028546822,159.13257275534113,158.83633224625385,158.74322487828223,158.08481345257908,,172.0023057882227,170.0010312763902,165.13209643595235,162.81361288353975,160.4527944547906,169.28062454365735,"rgba(0, 255, 0, 1.0)",4.403798725669757,170.69655469244043,2.024035579919464,77.84373680393847,24.73668218215289,True,False,True,False,True,20.0,0.0,0.0,0.0,0.0,0,1.009445926444221,0.8715179079022168,False,False,False,False,0.335068786841054,0.33459505672592166,False,False,False,False,907558.0,807189.9689021205,False,False,False,False,16681.02953119696,False,False,False,False
2025-10-01 18:00:00+00:00,179.62,179.915,179.52,179.825,12625.0,,179.88583378089925,174.54450974569812,171.64001006998188,171.1244942110499,170.6231132494485,170.0199303450357,168.74422807282565,168.62793942061683,168.15713715350208,166.86006558047126,165.636413751987,165.58098918674975,164.75677547460126,164.237544436309,163.2168347224349,162.25865314560525,161.92856297325784,161.12999237790117,159.85147011709657,159.45400456831817,159.12238619499172,158.8123860934256,,,173.27488825398902,172.08443707910786,171.33986685386895,170.77783836205398,170.0540622528317,168.9226659975785,168.69003649574304,168.40087249242387,168.0762731531652,165.95944745662456,165.16735933887935,163.6876671167077,163.2998673449117,162.84692406341503,161.219306745919,160.4833458603187,159.52884480919155,159.16137627861718,158.86485775062155,158.77166408152118,158.11294351308848,,172.08443707910786,170.0540622528317,165.16735933887935,162.84692406341503,160.4833458603187,169.3274692886177,"rgba(0, 255, 0, 1.0)",4.518264884616867,170.74813171302486,2.0089278780176727,77.43899198133596,24.73668218215289,True,False,True,False,True,20.0,0.0,0.0,0.0,0.0,0,1.0168218552354182,0.8651616303583974,False,False,False,False,0.326230425533075,0.33041274112949837,False,False,False,False,920183.0,808941.7988416224,False,False,False,False,16618.145352418713,False,False,False,False
2025-10-01 19:00:00+00:00,179.825,179.85,179.055,179.525,32014.0,,179.7229585695812,174.73784998295957,171.8217550171652,171.2832492148433,170.76389559483638,170.14746916685158,168.85083742285357,168.7221578691129,168.24704641587854,166.94713726461123,165.72343972371576,165.66794427250875,164.84358796581583,164.32350624798985,163.30010946580197,162.3398821229857,162.0084584310898,161.2069815245407,159.92622528947507,159.52688771256058,159.19397644874186,158.88330923133802,,,173.47096708115618,172.27786455204458,171.5079087626337,170.92350567332514,170.1822228259922,169.03973410859993,168.78711818994302,168.49176634780298,168.16586181365165,166.04668104163378,165.2543380983556,163.7719485334413,163.3833508188156,162.92943616466738,161.29651015688262,160.5592790209307,159.60213534050266,159.23307921915006,158.9358906128369,158.84248879957508,158.18304053993117,,172.27786455204458,170.1822228259922,165.2543380983556,162.92943616466738,160.5592790209307,169.43803212895452,"rgba(0, 255, 255, 0.75)",4.612073600984178,170.86886909307077,1.8768414504664648,75.27678003863916,24.73668218215289,True,False,True,False,False,20.0,0.0,0.0,0.0,0.0,0,1.013409877733468,0.8625268416670318,False,False,False,False,0.3131257035274184,0.3217692223284584,False,False,False,False,888169.0,810170.1275417523,False,False,False,False,16856.840773311444,False,False,False,False
2025-10-02 14:00:00+00:00,176.25,176.93,174.89,176.34,18118.0,,179.0482587458478,174.76640034435272,171.87657528612803,171.33401574591159,170.8110714317359,170.19220470724176,168.8911012992944,168.75801468642334,168.2819799906011,166.98256545266557,165.76006899640856,165.7045941913163,164.8808783234574,164.36083326659042,163.33696736544687,162.37639844560127,162.0445547142334,161.24215635727472,159.9609164494541,159.5608628570169,159.22746881636567,158.91659557692176,,,173.51636129003677,172.3329579786496,171.56042120455842,170.97166473306137,170.2270709043767,169.08348782623716,168.82394156850083,168.52672296491318,168.20078502180533,166.08309536152268,165.29135983872294,163.8089385778173,163.4202475315637,162.96618532736724,161.3317410466743,160.5942561736265,159.6362717728512,159.26661050178848,158.96921070559543,158.87574266458833,158.21616272179565,,172.3329579786496,170.2270709043767,165.29135983872294,162.96618532736724,160.5942561736265,169.4506572464144,"rgba(38, 166, 154, 1.0)",4.641477506294269,171.2689630585154,1.0925479946003867,62.73228481157066,17.865835711108573,False,True,True,False,False,11.773105904500902,0.0,0.0,0.0,0.0,0,0.9916694857916102,0.8697141407307168,False,False,False,False,0.14587261930932316,0.23382092081889078,False,False,False,False,870051.0,811098.5131612599,False,False,False,False,16876.393629539172,False,False,False,False
2025-10-02 15:00:00+00:00,176.31,176.47,175.93,176.345,18911.0,,178.59744531855293,174.79922730367937,171.93490178772998,171.38800671779083,170.86122136339148,170.23971070045897,168.9337813116616,168.7960591259314,168.3190172199243,167.02004010129264,165.79874449211357,165.7432889708051,164.9202118547103,164.40018703635593,163.37579839616566,162.4148466590941,162.0825552118568,161.27917444078835,159.99740400483535,159.59659390044106,159.26268895911667,158.95159522375553,,,173.56558415904473,172.39169901468455,171.61627669371458,171.0228687896352,170.27469935267385,169.12983960026128,168.86300670327154,168.56380291723428,168.2378054726121,166.12155974125082,165.33042746872644,163.8479218105564,163.4591215715741,163.00489234494066,161.3688196796463,160.63105457740286,159.67217295757854,159.30187200948959,159.00424648306955,158.91070768681593,158.25098042679176,,172.39169901468455,170.27469935267385,165.33042746872644,163.00489234494066,160.63105457740286,169.47477652870032,"rgba(38, 166, 154, 1.0)",4.666808620748968,171.29349007990822,1.082433485194228,54.38650710156201,10.825998608284984,False,True,False,False,False,11.78466568746721,0.0,0.0,0.0,0.0,0,0.9991957671957674,0.8761481481481479,False,False,False,False,0.15914648707069054,0.19648370394479064,False,False,False,False,888962.0,812305.699003721,False,False,False,False,16907.937914352515,False,False,False,False
2025-10-02 16:00:00+00:00,176.35,176.51,175.945,176.29,18938.0,,178.27126923086323,174.83067531501675,171.99177244894219,171.44089883107944,170.91052429494889,170.28654344350426,168.9760288834961,168.83377254823372,168.35576380278252,167.05726570352277,165.8371904149753,165.78175541583892,164.95932969995766,164.43933673498168,163.41445150068392,162.45313677084854,162.1204067416365,161.31606279963776,160.03378019040574,159.63222294486945,159.2978136194473,158.98650346770998,,,173.6131312784384,172.44878374241603,171.67089379303192,171.0731596535806,170.3216466357858,169.17566040608898,168.90171779125262,168.6005806317538,168.27453901041528,166.15978842389728,165.36927267845996,163.8867166083272,163.49781571654617,163.0434291995478,161.40576698002369,160.66773255051592,159.70797022741462,159.33703741550926,159.0391901870131,158.94558186715136,158.28571335774114,,172.44878374241603,170.3216466357858,165.36927267845996,163.0434291995478,160.66773255051592,169.50325203253058,"rgba(38, 166, 154, 1.0)",4.690008938887109,171.32012113036663,1.0596736454861988,48.695150558929306,6.282000048245067,False,True,False,True,False,11.60693308462307,0.0,0.0,0.0,0.0,0,0.9982878911098747,0.8858879424731411,False,False,False,False,0.1604080358244074,0.17844586988459904,False,False,False,False,870024.0,813200.5563835083,False,False,False,False,16939.411745137746,False,False,False,False
2025-10-02 17:00:00+00:00,176.305,176.45,175.86,176.0,16185.0,,178.04129831471965,174.85384938408276,172.0375849974608,171.4838620024903,170.9508251280934,170.3250339210732,169.01103786143395,168.86507797365098,168.38632769338622,167.08834449562784,165.86936949007915,165.8139551201603,164.99212088181665,164.47218249342382,163.44693098804265,162.48535089581594,162.15226551442376,161.34714021251776,160.0644627318971,159.66228734922197,159.3274615098669,159.01597598871655,,,173.6502872346212,172.4944362421046,171.71511409245667,171.11419595820087,170.3602209101215,169.21356204697364,168.93383464919214,168.6311434847541,168.30510063270356,166.19176553161265,165.40181302672033,163.91929332436837,163.53032588653636,163.07582698378835,161.43689111872993,160.6986519661199,159.73817425014164,159.3667187087151,159.0686914314202,158.97502658594985,158.31505236214832,,172.4944362421046,170.3602209101215,165.40181302672033,163.07582698378835,160.6986519661199,169.52809374267844,"rgba(38, 166, 154, 0.5)",4.704437321668513,171.34133438051532,0.9902705256645657,44.19475907905523,2.662482845645151,False,True,False,True,False,10.663031364128763,0.0,0.0,0.0,0.0,0,0.9837342693262565,0.8902063179522298,False,False,False,False,0.1570832157030503,0.1677645427938247,False,False,False,False,853839.0,813830.6097729112,False,False,False,False,16927.71543901158,False,False,False,False
2025-10-02 18:00:00+00:00,176.0,176.27,175.605,175.82,23547.0,,177.75479174592,174.88080564762205,172.0991718988874,171.54226049034537,171.0060640138175,170.3781766931095,169.0599068313842,168.90886830725677,168.42919601477863,167.13216094560718,165.91489650812767,165.85951799660884,165.03861065632628,164.51880322878253,163.49312786902263,162.5312460778657,162.19768007539187,161.3914962206092,160.108325169618,159.70528860332112,159.3698840665174,159.0581615032516,,,173.69805063296852,172.55519486852947,171.77496270838438,171.17031206921567,170.41346025140012,169.26635025584824,168.97873059856144,168.67395853026483,168.34798228832034,166.23696770723444,165.4479039245081,163.96558678525992,163.57655916400745,163.12193819549347,161.4813082439823,160.74281931074913,159.78137087584935,159.40918719086682,159.11091574747132,159.0171741213743,158.3570746133649,,172.55519486852947,170.41346025140012,165.4479039245081,163.12193819549347,160.74281931074913,169.56348419255238,"rgba(38, 166, 154, 0.5)",4.703869565781553,171.36952446614202,0.9461307273979475,40.74713952927108,-0.21532416236871654,False,True,False,True,False,10.075774017528474,0.0,0.0,0.0,0.0,0,0.988451466105697,0.8889795217447297,False,False,False,False,0.14712908831760518,0.15744681555571494,False,False,False,False,830292.0,814085.8251252691,False,False,False,False,17030.340005848608,False,False,False,False
2025-10-02 19:00:00+00:00,175.92,176.08,175.435,175.55,27885.0,,177.4723361910644,174.90475401720147,172.16571717769452,171.606210995904,171.06716458622688,170.43746891144158,169.11513949334264,168.95848890117298,168.47792367715988,167.18225959731768,165.96715622596454,165.9118275167962,165.09210034255756,164.57251330124475,163.54647543373173,162.58434434224287,162.25025623152385,161.44291999732894,160.15926834894813,159.75526160370416,159.41920721269412,159.10722729639733,,,173.74689875061063,172.62005258964246,171.840160534499,171.23221000848164,170.47283499972207,169.32584959253836,169.02956367055094,168.72255832244002,168.39674658304455,166.28880410497086,165.5008788753862,164.01899143410586,163.62993927600837,163.17522673544835,161.5327955629854,160.79407249194134,159.83156512181782,159.45856126358103,159.16002363530492,159.06619813151175,158.40598681059308,,172.62005258964246,170.47283499972207,165.5008788753862,163.17522673544835,160.79407249194134,169.60430475867904,"rgba(38, 166, 154, 0.5)",4.689301458763893,171.40110649885122,0.8847572581188767,37.76649847119197,-2.8947225402413466,False,True,False,True,False,9.192342687046867,0.0,0.0,0.0,0.0,0,0.9889841405915131,0.8840977282468919,False,False,False,False,0.13891310916970723,0.14817996236271108,False,False,False,False,802407.0,813904.7580690633,False,False,False,False,17198.62930808351,False,False,False,False
2025-10-03 14:00:00+00:00,176.36,176.38,175.655,176.19,4945.0,,177.43926737910758,174.9108762989122,172.17852842503126,171.61840106740956,171.07872652692026,170.44860969841073,169.12540878376936,168.96771389276714,168.48695634486037,167.19148376224604,165.97673174449181,165.92141036954547,165.10187401464748,164.58231357122273,163.5561868882455,162.59399237062203,162.2598041465375,161.45224714359313,160.16849170274673,159.76430525934953,159.4281299913739,159.11610039695373,,,173.7569876654106,172.63268911965645,171.85263533245532,171.2439472312731,170.48399528440095,169.33692028430255,169.03901667794494,168.73158108222358,168.40578166022001,166.29831294651427,165.51057044440998,164.0287233459981,163.63965835439186,163.18492009598532,161.5421355011775,160.80335983097697,159.84064954260896,159.46749364798612,159.1689048697211,159.07506327942716,158.41482529316443,,172.63268911965645,170.48399528440095,165.51057044440998,163.18492009598532,160.80335983097697,169.61282958432614,"rgba(38, 166, 154, 1.0)",4.669482461628206,171.40920662397411,1.0238379553435273,38.93549489054213,-2.8947225402413466,False,True,False,True,False,10.804696245954968,0.0,0.0,0.0,0.0,0,0.9909605003855713,0.8823579813212232,False,False,False,False,0.15078690966739017,0.14948343601505062,False,False,False,False,807352.0,813803.1649207057,False,False,False,False,17008.650559120975,False,False,False,False
2025-10-03 15:00:00+00:00,176.28,176.385,175.925,176.105,6036.0,,177.40274254341693,174.91866492509854,172.19430516501032,171.63340094159125,171.09294517185788,170.46230131383243,169.1380166190262,168.97904185591602,168.49804457552275,167.2027972105056,165.98846847074398,165.93315580216927,165.11384919218207,164.59431923243457,163.56808043274938,162.6058055657345,162.27149407545687,161.46366524622857,160.1797802669473,159.77537342438228,159.43904981402557,159.1269589736343,,,173.76951782962092,172.64827038013934,171.86799006622064,171.25838393241682,170.4977113422556,169.3505108977619,169.05062450439317,168.74265926447032,168.4168721787289,166.30996970655667,165.5224469590641,164.040643448863,163.65156148438274,163.19679038470835,161.55356944606118,160.81472786805108,159.85176767447285,159.47842527963547,159.17977347563135,159.08591206816664,158.42564045300992,,172.64827038013934,170.4977113422556,165.5224469590641,163.19679038470835,160.81472786805108,169.62348040323744,"rgba(38, 166, 154, 1.0)",4.644746548035685,171.41951894479055,1.0087700172124523,39.43522161918011,-2.8947225402413466,False,True,False,True,False,10.520729084240855,0.0,0.0,0.0,0.0,0,0.9990117727936755,0.8764715992094181,False,False,False,False,0.1570832157030503,0.15328332585905047,False,False,False,False,801316.0,813609.5654645707,False,False,False,False,16838.531945801267,False,False,False,False
2025-10-03 16:00:00+00:00,176.105,176.175,175.79,175.9,8606.0,,177.34702004368012,174.92795663099463,172.21554756597718,171.65375271280843,171.1123485240187,170.48108210611656,169.1554456771151,168.99471925526797,168.51342045232107,167.21854835254717,166.00485422231458,165.9495555584711,165.1305950860446,164.61112241128632,163.5847524084675,162.62238527607977,162.2879074044546,161.47971126203973,160.19566310648304,159.79095180615533,159.45442375014974,159.14225037295242,,,173.78579158237739,172.66909332197713,171.88876146238178,171.27805302373352,170.51652083650387,169.3692736137309,169.06668280584952,168.75800698488297,168.43225575919783,166.32623285600997,165.5390427689483,164.05734141054617,163.66824495928506,163.21343799284884,161.56963624327213,160.8307134870585,159.86741531605884,159.49381535375053,159.1950783835209,159.10119016252838,158.440878304258,,172.66909332197713,170.51652083650387,165.5390427689483,163.21343799284884,160.8307134870585,169.63782734458226,"rgba(38, 166, 154, 0.5)",4.5892251333224205,171.43264729004068,0.9734437906569074,39.06399909268269,-2.8947225402413466,False,True,False,True,False,9.829830155121105,0.0,0.0,0.0,0.0,0,0.9992192921582235,0.8815926439972237,False,False,False,False,0.14918612568965645,0.15123472577435346,False,False,False,False,792710.0,813285.541193802,False,False,False,False,16710.895791602798,False,False,False,False
2025-10-03 17:00:00+00:00,175.895,176.19,175.89,176.07,6061.0,,177.31278954900657,174.9349973030809,172.2307410563554,171.66828536140932,171.12618741761213,170.4944602952645,169.16783790871617,169.0058683744996,168.52434907308478,167.229727781167,166.0164718896112,165.96118269969352,165.14246104013264,164.62302554445472,163.59655714031408,162.63412029996323,162.29952349479265,161.49106480433315,160.20689714516544,159.80196967281304,159.4652963190036,159.1530638303402,,,173.79760371164477,172.68402118772585,171.90360282709293,171.29208628919892,170.5299203330242,169.3826135896045,169.0781028850488,168.76891903735168,168.44318876332025,166.33776640908363,165.5508054622828,164.06916700072514,163.68005824223243,163.22522367848876,161.5810047910891,160.84202212216843,159.87848230698245,159.50469942516438,159.2059015176604,159.11199411854733,158.4516521938229,,172.68402118772585,170.5299203330242,165.5508054622828,163.22522367848876,160.84202212216843,169.64828063157867,"rgba(38, 166, 154, 1.0)",4.554170183804826,171.4425187579026,1.0160975666990368,39.772293530498246,-2.8947225402413466,False,True,False,True,False,10.272318828652928,0.0,0.0,0.0,0.0,0,1.0038688923665449,0.8694574856546685,False,False,False,False,0.15181638973837455,0.151525557756364,False,False,False,False,798771.0,813060.5095473864,False,False,False,False,16545.781128167095,False,False,False,False
2025-10-03 18:00:00+00:00,176.07,176.275,175.82,175.93,13013.0,,177.2428387570449,174.94926525049456,172.26260675311497,171.69887109381492,171.15538986940763,170.52275350392105,169.1941340062988,169.02954606643635,168.5475768197525,167.2535217813133,166.04122131818946,165.98595329680805,165.16775340012728,164.64840525166346,163.6217420368399,162.6591682596414,162.3243218046619,161.51531165353725,160.23089969281637,159.82551418626363,159.48853319627017,159.17617658331898,,,173.8220911416483,172.71523895657103,171.93479575193464,171.32167727002718,170.55825551787626,169.41089751471162,169.10235033087935,168.7921038549115,168.46642829275885,166.36233097408157,165.5758714290179,164.0943899595772,163.7052602504023,163.25037266769925,161.60528280472906,160.86617877282492,159.9021310444774,159.527960581355,159.22903458681415,159.13508685488034,158.47468465092567,,172.71523895657103,170.55825551787626,165.5758714290179,163.25037266769925,160.86617877282492,169.67047512811223,"rgba(38, 166, 154, 0.5)",4.5158942705799525,171.46325037292675,0.9891174060856864,39.67757095338977,-3.2714934493061207,False,True,False,True,False,9.788543718664389,0.0,0.0,0.0,0.0,0,1.0069332403087254,0.8668294597305188,False,False,False,False,0.1521596206353975,0.15184258919588076,False,False,False,False,785758.0,812637.2148257215,False,False,False,False,16491.009327730393,False,False,False,False
2025-10-03 19:00:00+00:00,175.92,176.075,175.26,175.38,49786.0,,176.95834721581093,174.9793871470195,172.3660609805569,171.80054846397536,171.25419241222855,170.61996326349293,169.28657092257535,169.11309762071875,168.63000345269717,167.33889424994388,166.13068887019648,166.07552494274543,165.25958683520818,164.74077628398575,163.71379605436113,162.75103185809309,162.41537300886725,161.60456132273697,160.3195379169867,159.91255063992568,159.57450090910203,159.2617418955893,,,173.89321985700934,172.8143047323882,172.03754594238575,171.42130462538933,170.65553573405145,169.5098976538254,169.18780418395218,168.87416599198818,168.5489644334275,166.4509679757606,165.66670326826878,164.1864125726362,163.79734727667616,163.34242048882558,161.69462444956244,160.95524796952688,159.98953563875364,159.6140105315903,159.3146656531557,159.22058546548325,158.56006792119575,,172.8143047323882,170.65553573405145,165.66670326826878,163.34242048882558,160.95524796952688,169.74456228238407,"rgba(38, 166, 154, 0.5)",4.465292058887628,171.5249355261378,0.8633398270532286,37.583022134430635,-5.883288636046537,False,True,False,True,False,7.903094809129243,0.0,0.0,0.0,0.0,0,0.9990867977039486,0.8691946425465296,False,False,False,False,0.13481216468400778,0.14332737693994427,False,False,False,False,735972.0,811448.6068439273,False,False,False,False,17007.210733502012,False,False,False,False
2025-10-06 14:00:00+00:00,173.535,174.57,173.155,174.26,11254.0,,176.84853976997712,174.96873463497343,172.37749212444254,171.81349506034604,171.267983523869,170.6345885405115,169.3019470824071,169.1271507416857,168.6441971691714,167.35430078033787,166.14734185598576,166.0922176130353,165.27698172005188,164.75843234259366,163.73166774530924,162.76908507479243,162.43333592633417,161.62231945856615,160.33737602547833,159.93012430352871,159.5919037538272,159.27910229740826,,,173.89414669130815,172.8234890403839,172.0499676486173,171.43487064190305,170.6701194075779,169.526130632004,169.20211518225173,168.88813915848195,168.5632272983504,166.46734541932162,165.68377530972452,164.20415754989955,163.81520466540954,163.36037935321053,161.71238516592734,160.97307680195883,160.0071727750291,159.6314249169721,159.33203289631516,159.23793737206225,158.57747266892693,,172.8234890403839,170.6701194075779,165.68377530972452,163.36037935321053,160.97307680195883,169.75266917557252,"rgba(38, 166, 154, 0.5)",4.404831601938392,171.52513533638438,0.6208783696548364,33.27909998100168,-10.349203818693539,False,True,False,True,False,4.241586596415104,0.0,0.0,0.0,0.0,0,0.9844728489319722,0.8795573475165134,False,False,False,False,0.05332678944533798,0.09832708319264112,False,False,False,False,724718.0,810103.9462727036,False,False,False,False,16918.013667866322,False,False,False,False
2025-10-06 15:00:00+00:00,174.24,174.595,173.91,174.185,12494.0,,176.7450744774717,174.95996497584082,172.39181298609694,171.8292195533103,171.28443797835234,170.65180264668874,169.31974913677814,169.14340642846926,168.66055528079403,167.37192384869303,166.16629845661177,166.11121592444283,165.2967306299133,164.7784517544327,163.75188858909516,162.78947780752648,162.45361690091286,161.6423480316003,160.35746497428593,159.949908103106,159.6114893895114,159.298634673961,,,173.89750804929173,172.83553140975565,172.06521864806365,171.4511320332855,170.68729531439945,169.54495559578717,169.21867765006272,168.90427262370906,168.57965571835584,166.48600930224768,165.7031801888854,164.22425370885088,163.83541249101276,163.38068519453583,161.73241893487267,160.9931692187353,160.02702934992402,159.6510242362503,159.35157388447314,159.2574594934192,158.5970430252739,,172.83553140975565,170.68729531439945,165.7031801888854,163.38068519453583,160.9931692187353,169.76336322446957,"rgba(38, 166, 154, 0.5)",4.341590496123478,171.5285441664998,0.6118623660780736,30.251115705187907,-13.432933053637669,False,True,False,True,False,4.003162081056619,0.0,0.0,0.0,0.0,0,0.9881989443419302,0.8829335278719476,False,False,False,False,0.07083652026218717,0.08458180172741414,False,False,False,False,712224.0,808586.4277258399,False,False,False,False,16849.424308674596,False,False,False,False
2025-10-06 16:00:00+00:00,174.18,175.02,174.09,174.965,12218.0,,176.66868308766283,174.95688605768356,172.4090688656242,171.8473192055485,171.30284752228914,170.67062927764772,169.33865912398312,169.1606369014183,168.6777779939729,167.39022472606786,166.18580692105112,166.1307605468107,165.3169529179156,164.79889951985092,163.77245548951194,162.8101519054867,162.47415739588078,161.6625888053826,160.3777059466228,159.96982575697155,159.6311950168594,159.31827533586576,,,173.9052053968264,172.85094330213116,172.08306468574744,171.4694639245664,170.70610029585487,169.56501929288086,169.2362514693255,168.92131522840492,168.59693450525086,166.5052572229739,165.72309419229072,164.24473133956502,163.85597254267233,163.40131109130073,161.75266964739166,161.0134422076667,160.04702317217334,159.6707450902451,159.37122509971323,159.27708839001036,158.61669757182204,,172.85094330213116,170.70610029585487,165.72309419229072,163.40131109130073,161.0134422076667,169.7767120873512,"rgba(38, 166, 154, 0.5)",4.270381011335595,171.53684325836286,0.8027753805895076,32.88683059419846,-13.432933053637669,False,True,False,True,True,6.199977606683817,0.0,0.0,0.0,0.0,0,1.010418946723285,0.8766799457164116,False,False,False,False,0.08117680813369144,0.08287930493055279,False,False,False,False,724442.0,807281.8629548966,False,False,False,False,16777.61928063313,False,False,False,False
2025-10-06 17:00:00+00:00,174.965,175.25,174.765,175.21,14521.0,,176.60120266206332,174.95847531619782,172.432631652575,171.87139431220683,171.32691593630784,170.69488908651513,169.3625581441389,169.1823861751898,168.69941616679066,167.41299221229406,166.20991647510823,166.15490864249773,165.34185216346597,164.824029533218,163.79765335005783,162.83541942866512,162.49924326903994,161.6872686640508,160.4023302191189,159.9940424150431,159.65514253894415,159.34213345545135,,,173.91852728057935,172.87267651144674,172.10703250608503,171.49354338244797,170.73034907381958,169.59043019872448,169.25844894191434,168.94277708339294,168.61862723104483,166.529081820778,165.74765408671382,164.2698541018295,163.88116783457963,163.42655617778735,161.77736591367727,161.038131661404,160.07133503644624,159.69471244978376,159.39509777994635,159.30093088530464,158.64055006500632,,172.87267651144674,170.73034907381958,165.74765408671382,163.42655617778735,161.038131661404,169.79530866382066,"rgba(38, 166, 154, 0.5)",4.207939559134249,171.55130438342852,0.8694743746091831,35.903721910600886,-13.432933053637669,False,True,False,True,True,6.875597910255742,0.0,0.0,0.0,0.0,0,1.0130551757597142,0.8742116173422129,False,False,False,False,0.10185436907003867,0.09236683700029573,False,False,False,False,738963.0,806222.6557773013,False,False,False,False,16742.632935196958,False,False,False,False
2025-10-06 18:00:00+00:00,175.21,175.405,174.39,174.57,12192.0,,176.53896558294423,174.95657465598308,172.44998429017176,171.8895483017277,171.34536057908736,170.7137328208131,169.38147151088958,169.19964158829524,168.71665929428283,167.43129281895804,166.22940704567046,166.17443483870161,165.36204709248184,164.84444686392555,163.81818757280294,162.85605907041153,162.51975028506558,161.70747792271794,160.42253872042633,160.01392976228706,159.6748191436166,159.36174530600675,,,173.92676532293,172.88826577074175,172.124946360504,171.51191530455392,170.7491720117276,169.61047945594086,169.27604414078843,168.95984444587074,168.6359250905738,166.54831558848764,165.7675447517865,164.29030039192577,163.90169535030262,163.44714851321035,161.7975851009698,161.0583723729606,160.0912980412561,159.71440420333593,159.41472015161781,159.32053102052188,158.66017516799027,,172.88826577074175,170.7491720117276,165.7675447517865,163.44714851321035,161.0583723729606,169.80931142111348,"rgba(38, 166, 154, 0.5)",4.150258884793139,171.56108360753302,0.7249948680290447,35.78665375454724,-13.432933053637669,False,True,False,True,True,4.787097366928268,0.0,0.0,0.0,0.0,0,1.0030297707912532,0.8728374462105908,False,False,False,False,0.09682045760535918,0.09459364730282746,False,False,False,False,726771.0,804990.847160599,False,False,False,False,16672.080486589253,False,False,False,False
2025-10-06 19:00:00+00:00,174.56,174.56,174.03,174.145,19589.0,,176.41904635779846,174.9440280883133,172.47098050010652,171.91286865092812,171.36997531421133,170.73965942422797,169.40855909337367,169.2244708136166,168.74169942082708,167.45834960235925,166.25856169750833,166.20365620284778,165.39245438508505,164.87529403044152,163.84939376931794,162.88756888061224,162.5511032999808,161.7384747874054,160.4536657410614,160.04460024314352,159.70519409377525,159.39204561687936,,,173.93153542178388,172.90577625764826,172.14746232631077,171.53618384765392,170.7750326802939,169.63902439049957,169.30131767608268,168.9845220551956,168.66107894085206,166.5770063932055,165.79740672841606,164.32129404476854,163.9328777730257,163.4785009395243,161.82858694804995,161.089486800494,160.12207803615047,159.74479921278748,159.44503250505812,159.35081650293876,158.69054840287495,,172.90577625764826,170.7750326802939,165.79740672841606,163.4785009395243,161.089486800494,169.8270380119835,"rgba(38, 166, 154, 0.5)",4.098343756878272,171.56979157457945,0.6283534467060187,34.498334543158386,-13.432933053637669,False,True,False,True,True,3.4314300620709943,0.0,0.0,0.0,0.0,0,0.9990302389138677,0.884598430750242,False,False,False,False,0.06932815868638452,0.08196090299460598,False,False,False,False,707182.0,803474.4309255509,False,False,False,False,16717.304044936704,False,False,False,False
2025-10-07 14:00:00+00:00,172.815,173.43,171.84,173.19,21080.0,,176.2273654023171,174.90447686850447,172.47531908628628,171.92243148884398,171.38310141182805,170.75596702303702,169.4288835910737,169.24341161928416,168.76148130298313,167.48116340436837,166.28414361216852,166.22933555594014,165.41971447038998,164.90324952414144,163.87819247277625,162.9170528024013,162.58056728230204,161.76787903200005,160.48356086321348,160.07416060899914,159.73455014448467,159.42139959362692,,,173.9138908066318,172.90460125569146,172.1550617972199,171.54833511661928,170.791183361008,169.6599690793287,169.32047208082335,169.00369754374452,168.68105277597104,166.60194956229546,165.8239262548441,164.34967343759283,163.96161622495268,163.50759831691656,161.85796735691684,161.1191967619946,160.151724597916,159.77416550160495,159.47438649853558,159.38016513618388,158.72011919137586,,172.90460125569146,170.791183361008,165.8239262548441,163.50759831691656,161.1191967619946,169.83296735981378,#000000,4.039737539417744,171.55978003324202,0.4035460103165376,31.456083039700204,-13.432933053637669,False,True,False,True,False,0.4903929280717563,0.0,0.0,0.0,0.0,0,0.979557069846678,0.8963875420434191,False,False,False,False,-0.006004193838996413,0.03797835457780478,False,False,False,False,686102.0,801654.703314302,False,False,False,False,16784.942741914427,False,False,False,False
2025-10-07 15:00:00+00:00,173.185,173.805,173.065,173.38,12055.0,,176.1442899857303,174.88880056911327,172.48196368522912,171.93138558751582,171.39357444603655,170.76784125479801,169.44242403659482,169.25594594004275,168.77435842944058,167.4955712101726,166.300011040864,166.2452527829752,165.43646360733058,164.92034640244356,163.89567201568914,162.93484636893288,162.5983183805355,161.78552840632878,160.50141582006285,160.09179234343392,159.7520417665212,159.43887359251616,,,173.9094176613769,172.90858145352905,172.163161877909,171.55839342576746,170.8029880149025,169.67406145459955,169.33318414013138,169.01627852576257,168.6940234495112,166.617484589575,165.84028788365222,164.36695494608813,163.97906883124944,163.52521782542635,161.87560930396864,161.1369823769491,160.16941200507486,159.7916653328473,159.49186322704534,159.39763386374403,158.73768750441275,,172.90858145352905,170.8029880149025,165.84028788365222,163.52521782542635,161.1369823769491,169.83984365820015,#000000,3.976454632135888,171.55978436475874,0.4577483722638513,30.520229391552665,-13.91965838438697,False,True,False,True,False,1.053321380532072,0.0,0.0,0.0,0.0,0,0.9801997470452265,0.8971608007326962,False,False,False,False,0.030256394748253073,0.03411737466302893,False,False,False,False,698157.0,800050.0877590415,False,False,False,False,16711.61029630335,False,False,False,False
2025-10-07 16:00:00+00:00,173.34,173.6,172.51,173.475,9580.0,,176.0766052084381,174.87473571385024,172.48594108621927,171.9373745628813,171.4009171361776,170.77641891063536,169.4525225840566,169.26532546307337,168.784054860914,167.50654440184056,166.31217929082334,166.25746243818705,165.44935571062135,164.9335310485166,163.90919489031134,162.94864567804075,162.61209540479538,161.79924953419825,160.5153269473419,160.10553838666763,159.76568536541217,159.4525092116487,,,173.90434638302392,172.9103397992304,172.1683998791138,171.56536546058481,170.81150442647254,169.68452652018732,169.3426848364339,169.02572440851185,168.70379913040793,166.6293788734816,165.85286117184376,164.38030625609437,163.99256769976645,163.538862484916,161.88932230292713,161.15082532080353,160.1831997898731,159.80531457470636,159.50550001897506,159.41126611457827,158.7514085822559,,172.9103397992304,170.81150442647254,165.85286117184376,163.538862484916,161.15082532080353,169.8444759722211,#000000,3.8934293135760556,171.55870523959834,0.4921868630617484,30.46961418419079,-14.313396150069963,False,True,False,True,False,1.337265378467194,0.0,0.0,0.0,0.0,0,0.9708025992272566,0.9058658236740428,False,False,False,False,0.013028541147354895,0.023572957905191913,False,False,False,False,707737.0,798618.8770961105,False,False,False,False,16601.042694810276,False,False,False,False
2025-10-07 17:00:00+00:00,173.46,173.61,172.445,173.04,6187.0,,176.0321341910101,174.8649045164783,172.4878999981822,171.94071388655442,171.4051986663866,170.78155448725028,169.458732261884,169.2711084968758,168.7900634330244,167.51340589224108,166.31982909982304,166.26513984946078,165.4574839102562,164.9418558067391,163.91775416408674,162.95739615437327,162.62083689528507,161.8079666925648,160.52417938207927,160.11429001794684,159.77437503994474,159.46119657933608,,,173.90036395131332,172.91081893241048,172.1712208082744,171.56938855146353,170.81659767834788,169.6909391942275,169.34853671793027,169.0315640322728,168.7098611884312,166.63684713171241,165.8607783561911,164.38874804270532,164.00111024450788,163.54750538611822,161.8980331606644,161.1596275458739,160.19197719787874,159.81400747752102,159.51418767329025,159.41995169473725,158.76015610760936,,172.91081893241048,170.81659767834788,165.8607783561911,163.54750538611822,161.1596275458739,169.84707764154965,#000000,3.7981880080029757,171.55750485065775,0.39031642094034025,29.3177774461869,-15.778327238228556,False,True,False,True,False,0.0,0.0,0.0,0.0,0.0,0,0.9713574640876739,0.9029384796751515,False,False,False,False,0.011782211210396068,0.01767758455779399,False,False,False,False,701550.0,797113.9332651631,False,False,False,False,16439.58466853415,False,False,False,False
2025-10-07 18:00:00+00:00,173.05,173.35,172.435,173.0,8107.0,,175.9738514749891,174.85146284124417,172.48996187603194,171.94464722977276,171.4104206870585,170.78794106764124,169.4666020546438,169.27845185803278,168.79771977074853,167.52220306519936,166.32967261704076,166.2750202497092,165.46796323262203,164.95259909712587,163.92881845397224,162.96872181331273,162.63215546977656,161.81926359720381,160.53566436351363,160.12564801307994,159.78565553209768,159.4724765194272,,,173.89458612775277,172.91090909639328,172.17444879722643,171.5742566567879,170.82292655331517,169.69904604182406,169.35596221674396,169.0389931317145,168.7175895068383,166.6464489642819,165.87097695895463,164.39965269630883,164.0121515669068,163.55868349778765,161.90932090266767,161.17104140823852,160.20336793015292,159.82529183713737,159.52546758038463,159.43122962993615,158.77151915301536,,172.91090909639328,170.82292655331517,165.87097695895463,163.55868349778765,161.17104140823852,169.8501864469477,#000000,3.7165044581408533,171.55558044993558,0.3886500248642192,28.448159345801578,-16.957519725297736,False,True,False,True,False,0.0,0.0,0.0,0.0,0.0,0,0.9704142011834319,0.9063261399234249,False,False,False,False,0.005664321919411994,0.011670953238602993,False,False,False,False,693443.0,795506.6319742303,False,False,False,False,16310.39730933207,False,False,False,False
2025-10-07 19:00:00+00:00,172.96,173.205,172.61,173.0,23161.0,,175.81929724865697,174.81426362726117,172.49587950648106,171.95582628290455,171.42524118498704,170.8060636607429,169.48895433321448,169.29932670057218,168.81949058213578,167.54722527490063,166.35767619541767,166.3031291296323,165.4977803438025,164.9831714031823,163.96031395424245,163.0009692970449,162.66438641123295,161.85144072909839,160.56838548286967,160.15801143362526,159.8178010313783,159.50462235040712,,,173.87861847651592,172.9113065886501,172.18364139908684,171.58807550961143,170.84088527054612,169.72205553848318,169.37706641890756,169.06011638032257,168.7395655153371,166.67376321480924,165.89999304793685,164.43068982315225,164.0435809386611,163.59050605573518,161.94147124896918,161.20355582131694,160.23582378956448,159.85744807387283,159.55761300241923,159.46337000928773,158.80390506573346,,172.9113065886501,170.84088527054612,165.89999304793685,163.59050605573518,161.20355582131694,169.85953651336393,#000000,3.6431403788233645,171.55134981654467,0.39763776105800314,27.868413945544702,-17.861191030162615,False,True,False,True,False,0.0,0.0,0.0,0.0,0.0,0,0.972634326734827,0.9075919077659341,False,False,False,False,0.006344058082504739,0.009007505660553866,False,False,False,False,693443.0,793924.250083157,False,False,False,False,16416.60820376103,False,False,False,False
2025-10-08 14:00:00+00:00,171.245,171.35,170.8,170.94,13108.0,,175.68515627815606,174.7730731490877,172.4850113622567,171.94996884021748,171.4230833015048,170.8071266768984,169.4945492125772,169.30489536126302,168.82604887792098,167.55630780857135,166.36885439526876,166.31438737135173,165.51024906901097,164.9962445511252,163.97427339354894,163.0156404938438,162.67916674686518,161.86644869445556,160.58398254753797,160.17353108552686,159.83328832795664,159.52017264425825,,,173.8519500878955,172.89599977364776,172.17583747777704,171.5848940792221,170.84178955334917,169.72729255174437,169.38255913717632,169.06613725850022,168.74629495583986,166.68443982655617,165.91188548899473,164.44423784564162,164.0574753182707,163.60476337532634,161.95644069873077,161.21889832703312,160.25137048228328,159.8729323523825,159.5731526729246,159.47892573462633,158.8197026002046,,172.89599977364776,170.84178955334917,165.91188548899473,163.60476337532634,161.21889832703312,169.85456145783652,#000000,3.5748223820291374,171.53422262257217,-0.16622437678564697,23.706377085737568,-21.985152583909873,False,True,False,True,False,0.0,0.0,0.0,0.0,0.0,0,0.9677585319842226,0.9071771565769164,False,False,False,False,-0.07684503579846226,-0.0339187650689542,False,False,False,False,680335.0,792163.1764384569,False,False,False,False,16365.311952539927,False,False,False,False
2025-10-08 15:00:00+00:00,171.0,171.41,170.7,170.805,13775.0,,175.55038759022167,174.73008235792508,172.47331153282832,171.94350740761885,171.4205080841053,170.80794341127702,169.50016346073906,169.3105123147287,168.83271777802653,167.5656421691766,166.38039761215146,166.3260152001749,165.5231540027191,165.0097899153118,163.98876308265838,163.03088876646638,162.69453489505742,161.88206747812913,160.600231979024,160.18970540180072,159.84943310324843,159.53638646700645,,,173.8238892216903,172.87968567333795,172.16733767356232,171.58124223546548,170.84243891982368,169.73250662281578,169.38808915360946,169.07223820739063,168.75314478870087,166.6954536087101,165.9241820376865,164.45828986519447,164.07189562116386,163.61957016352,161.97201802730808,161.23487443475267,160.2675719227989,159.88907352779015,159.58935486105605,159.49514566009012,158.83618095638792,,172.87968567333795,170.84243891982368,165.9241820376865,163.61957016352,161.23487443475267,169.8493736391919,#000000,3.50988628444329,171.51669647312374,-0.20276909718646938,20.77623513435291,-24.770250957491843,False,True,False,True,False,0.0,0.0,0.0,0.0,0.0,0,0.9673720960303436,0.9125899745700613,False,False,False,False,-0.0777567442562011,-0.05583775466257765,False,False,False,False,666560.0,790215.8403696435,False,False,False,False,16325.15207730675,False,False,False,False
2025-10-08 16:00:00+00:00,170.815,171.26,170.805,171.035,9659.0,,175.46160631280495,174.70099787868222,172.4655474496425,171.93931161374312,171.418965495408,170.808725174897,169.50423868489995,169.3145737590114,168.8375034299159,167.57227498154387,166.38856546990098,166.33424180827902,165.53226860465276,165.01934918982258,163.99897689122227,163.04162876999442,162.70535710859437,161.8930614984002,160.6116633235121,160.20108262861962,159.86078851021267,159.54778936914866,,,173.80495530757392,172.86877468860868,172.16175256186503,171.57896383622486,170.8431058357507,169.7363173850531,169.39209399768694,169.0766310641111,168.75805559030204,166.70325364219292,165.93287367057354,164.46820002615314,164.08206133381145,163.6300039879292,161.98298337218193,161.24611641567873,160.2789684405859,159.90042653291133,159.60074975736035,159.50655272264046,158.84776749380464,,172.86877468860868,170.8431058357507,165.93287367057354,163.6300039879292,161.24611641567873,169.84619789732588,#000000,3.372001871531954,171.505313638307,-0.13947609053174503,20.38033531068997,-25.211873465320977,False,True,False,True,False,0.0,0.0,0.0,0.0,0.0,0,0.9757007723683073,0.9116983424455437,False,False,False,False,-0.07878257057100409,-0.06731016261679088,False,False,False,False,676219.0,788448.4474956954,False,False,False,False,16221.800882309746,False,False,False,False
2025-10-08 17:00:00+00:00,171.035,171.12,170.33,170.33,11063.0,,175.3544263758263,174.6643135091921,172.45405647758517,171.93224223160666,171.4152149611546,170.8078728816035,169.5075442631158,169.3180172497658,168.84186597291787,167.57887897689287,166.39700253839897,166.34274998578005,165.541839059624,165.02946243831704,164.00990954935247,163.053219223104,162.71706487043676,161.90501655823996,160.6241740683545,160.21355619332266,159.87325511293452,159.56032273320514,,,173.7801894777686,172.85347698800712,172.15295470140782,171.5742917289563,170.84211036410005,169.73918332642634,169.39543376648712,169.08051235918813,168.7625715931115,166.71124875691578,165.9419367695954,164.47875578072126,164.09293359053126,163.6412103076872,161.9949010344804,161.25838339994394,160.29145907257606,159.9128885886506,159.61327190619213,159.51909253198042,158.86053298839107,,172.85347698800712,170.84211036410005,165.9419367695954,163.6412103076872,161.25838339994394,169.8407758701498,#000000,3.2720951590262612,171.4899085714326,-0.35448497524068673,19.076757983988188,-26.59066722617851,False,True,False,True,False,0.0,0.0,0.0,0.0,0.0,0,0.97293069737128,0.9157940473604169,False,False,False,False,-0.09281971691754434,-0.08006493976716761,False,False,False,False,665156.0,786536.9366818087,False,False,False,False,16141.819473281688,False,False,False,False
2025-10-08 18:00:00+00:00,170.365,170.395,169.08,169.17,32702.0,,174.99966020490777,174.53273040620198,172.4022781256988,171.89579675434913,171.3904788249706,170.79331082472146,169.50790696345425,169.31983608101316,168.84701675041396,167.59152336156436,166.41558386077116,166.3615678820779,165.5641098579078,165.05356888990823,164.03691912759106,163.08255365802248,162.7469056232266,161.93593671887018,160.65711551065976,160.24655879512565,159.90636156691986,159.5937119854475,,,173.6858762991985,172.78907397476473,172.11047134386152,171.5462962758729,170.8270457313292,169.7373152269598,169.39668011611383,169.08402460236113,168.76824569595044,166.72838080955412,165.96254940350167,164.50445027943044,164.11972795958508,163.66917837029297,162.02567920264005,161.29041858842794,160.32447745792467,159.9459691964804,159.64661386455273,159.55251244744287,158.89475932609187,,172.78907397476473,170.8270457313292,165.96254940350167,163.66917837029297,161.29041858842794,169.81245313069715,"rgba(239, 83, 80, 0.5)",3.1918233753534695,171.42811742242162,-0.7074694169665843,16.958000549662238,-28.718990426524876,False,True,False,True,False,0.0,0.0,0.0,0.0,0.0,0,0.9574514038876895,0.9247516198704101,False,False,False,False,-0.13817443831365925,-0.10911968904041343,False,False,False,False,632454.0,784148.0539425558,False,False,False,False,16398.56645819205,False,False,False,False
2025-10-08 19:00:00+00:00,169.1,169.55,168.895,169.2,38272.0,,174.6136073281113,174.37733982040612,172.33716674166172,171.84867483359133,171.3572592590081,170.77224039373723,169.50489017748865,169.3188760387254,168.8501300835133,167.60363083907123,166.4347692366785,166.38103783445553,165.58770707189777,165.07938851494114,164.06630480084618,163.11479714940506,162.7798041940231,161.97023646777538,160.69392641251738,160.2835139302322,159.94349075571338,159.63120686589266,,,173.57222910311307,172.70938586045838,172.05623526621088,171.50919455393475,170.80537342814935,169.73139960256813,169.3949632974782,169.08516538323744,168.77198962034328,166.74583078478344,165.9841607686338,164.53222683199076,164.14884866949996,163.69973878878517,162.05980061592624,161.32609645408465,160.3614361365212,159.98306300205726,159.68404764513838,159.59004799060108,158.93329333133005,,172.70938586045838,170.80537342814935,165.9841607686338,163.69973878878517,161.32609645408465,169.7773058336879,"rgba(239, 83, 80, 0.5)",3.1361663376311295,171.35564980672703,-0.6873518731647661,15.736914966196391,-29.99700990284972,False,True,False,True,False,0.0,0.0,0.0,0.0,0.0,0,0.9541292328956467,0.9338286109191429,False,False,False,False,-0.16204205861175677,-0.1355808738260851,False,False,False,False,670726.0,782389.572486082,False,False,False,False,16737.689458840236,False,False,False,False
2025-10-09 14:00:00+00:00,169.26,170.04,169.18,169.735,26820.0,,174.39191647009562,174.282511890662,172.299264353638,171.82194160168677,171.33920126952825,170.76185423728853,169.50594195918862,169.3209980621008,168.85485431545357,167.6142786173038,166.45014500797774,166.39660231169825,165.6060313264401,165.09918250194235,164.0884292276457,163.13879423453832,162.80421080844178,161.99551800161416,160.72084665638144,160.31048742075888,159.97055103794366,159.65849787511607,,,173.50361333142786,172.66234534890418,172.02508081218963,171.48870686966734,170.79460559419667,169.73077176113443,169.39665202565843,169.08860213601724,168.7771255159747,166.7600509201437,166.0011589468864,164.55329447270103,164.17080002949936,163.72263453588414,162.08496714092516,161.3522810630784,160.38842160220784,160.01010209977974,159.71130006144392,159.61736408254302,158.961265487581,,172.66234534890418,170.79460559419667,166.0011589468864,163.72263453588414,161.3522810630784,169.75893748748823,"rgba(239, 83, 80, 0.5)",3.0688377821785684,171.31515883189394,-0.514904646009725,18.293067607649455,-29.99700990284972,False,True,False,True,True,0.0,0.0,0.0,0.0,0.0,0,0.9554340337581816,0.9298570444367895,False,False,False,False,-0.14406782998881834,-0.13982435190745174,False,False,False,False,697546.0,781074.1682614915,False,False,False,False,16894.004350951236,False,False,False,False
2025-10-09 15:00:00+00:00,169.735,169.74,168.83,168.83,8587.0,,174.31775484948565,174.24964096550045,172.2850224688376,171.81150782940753,171.33174903351056,170.75703582927957,169.5050890369373,169.3206157142198,168.85537883811247,167.61680300025367,166.45424487187927,166.4007657954293,165.61111614845223,165.104766354166,164.09481930144702,163.14583171187988,162.81139976233533,162.00303166828013,160.72893333024336,160.3186133754478,159.97872094911608,159.66675269827644,,,173.47926098802571,172.6450481267581,172.01313465597826,171.48041850084573,170.7896561028026,169.72926933016896,169.39609857515333,169.088688851744,168.77779012770594,166.76376357720903,166.00579999633035,164.55932108803384,164.17713009319178,163.72929031110493,162.09243997210916,161.36010843604095,160.39654687286895,160.01826362113374,159.71954070066926,159.6256284400212,158.96975780607934,,172.6450481267581,170.7896561028026,166.00579999633035,163.72929031110493,161.36010843604095,169.75161678272772,"rgba(239, 83, 80, 0.5)",3.0199607538755013,171.30038595967065,-0.8180192264089532,18.58028443502588,-29.99700990284972,False,True,False,True,True,0.0,0.0,0.0,0.0,0.0,0,0.9564038560853853,0.9315286624203821,False,False,False,False,-0.1591362574040022,-0.14948030465572698,False,False,False,False,688959.0,779646.0261179024,False,False,False,False,16765.21358582021,False,False,False,False
2025-10-09 16:00:00+00:00,168.89,168.925,168.365,168.37,8452.0,,174.238833022047,174.21407249870467,172.26857228343627,171.7991098627246,171.32254070937663,170.7506367382445,169.5029494858608,169.3190801102182,168.85481990765246,167.61833236792523,166.4573970763488,166.40398426743047,165.6152849390497,165.10945823746806,164.10037092504123,163.1520730016712,162.817812051755,162.00981145763282,160.73632944927564,160.32607166152832,159.98623962752316,159.67436676263972,,,173.45239133222069,172.62540292727138,171.99912347722773,171.47031525223696,170.7831172649664,169.72636577940835,169.39435867548104,169.08766927538105,168.77737867634494,166.7665148514125,166.00951000762907,164.56448726895584,164.18261760202267,163.73512407665234,162.09917523167155,161.36722367615556,160.40399972541422,160.02577233057602,159.7271388493217,159.6332534924047,158.97762655865733,,172.62540292727138,170.7831172649664,166.00951000762907,163.73512407665234,161.36722367615556,169.7426887610427,"rgba(239, 83, 80, 0.5)",2.9937163803137885,171.28354009471852,-0.9732184764988087,18.171077144163533,-29.99700990284972,False,True,False,True,True,0.0,0.0,0.0,0.0,0.0,0,0.9500021719299773,0.9515659615134007,False,False,False,False,-0.18902708749407843,-0.1692536960749027,False,False,False,False,680507.0,778108.9869532837,False,False,False,False,16636.32655348191,False,False,False,False
2025-10-09 17:00:00+00:00,168.41,168.65,168.25,168.34,7546.0,,174.16848442440136,174.1819138360695,172.25345867898554,171.78764632139297,171.31395784600858,170.7445928939428,169.5007669708171,169.31746458848522,168.8540917200201,167.61948976478723,166.46001594530563,166.40666298110986,165.6188200158141,165.11346655626699,164.10516031637297,163.15748898722165,162.82338544932193,162.01572339697327,160.74280289569268,160.33260594500277,159.99283170479012,159.68104661951142,,,173.42796991568528,172.60742472381136,171.98620538769902,171.46092365242325,170.77694705565995,169.72347761324556,169.392553766233,169.0865246238962,168.77678385252304,166.76877216859575,166.01263141827857,164.56892689946426,164.18734871123814,163.7401695987114,162.1050464808196,161.37344079635633,160.41052806891483,160.032355124361,159.7338040628982,159.63994351745748,158.98453836918173,,172.60742472381136,170.77694705565995,166.01263141827857,163.7401695987114,161.37344079635633,169.7344418688583,"rgba(239, 83, 80, 0.5)",3.0418104376722868,171.2682060206065,-0.9626523679257522,17.85862022088532,-29.99700990284972,False,True,False,True,True,0.0,0.0,0.0,0.0,0.0,0,0.9523311546840961,0.9487145969498909,False,False,False,False,-0.19819879104761035,-0.18372624356125652,False,False,False,False,672961.0,776478.7856051706,False,False,False,False,16495.39125807909,False,False,False,False
2025-10-09 18:00:00+00:00,168.365,168.625,167.73,168.19,15725.0,,174.0215246752273,174.1133856769579,172.2204640936335,171.762382200858,171.29481829935733,170.73085645376477,169.49528386795492,169.3132585843277,168.85178840490815,167.6211901445317,166.46480630250363,166.41158042243373,165.62554975439704,165.12120403679972,164.11457190195972,163.16824362805582,162.83448430797264,162.02756334261812,160.75585143173848,160.34579936542622,160.0061587252368,159.69456548702433,,,173.37551518922172,172.5684065900489,171.9578561715608,171.44006316307852,170.76294153519657,169.71644258981192,169.3879289896205,169.08333515981556,168.77476440304272,166.77279648099895,166.0184849129449,164.57759021501954,164.19663526824675,163.7501294926865,162.1167984401699,161.38593618779916,160.42370541867177,160.04566149535557,159.7472909374618,159.65348479332687,158.99855620759504,,172.5684065900489,170.76294153519657,166.0184849129449,163.7501294926865,161.38593618779916,169.71626512411984,"rgba(239, 83, 80, 0.5)",3.0772065663919266,171.23514297600371,-0.9895802931339106,17.437026315377736,-29.99700990284972,False,True,False,True,True,0.0,0.0,0.0,0.0,0.0,0,0.9463387124761411,0.9476401179941003,False,False,False,False,-0.2110713827344162,-0.19739881314783636,False,False,False,False,657236.0,774630.060246951,False,False,False,False,16483.447207566234,False,False,False,False
2025-10-09 19:00:00+00:00,168.19,168.19,167.07,167.24,24175.0,,173.7843656594617,173.99927128552778,172.16238219704763,171.7169612365617,171.25950196144706,170.70445257253132,169.48261427592718,169.302994061783,168.84470710482148,167.6206292240634,166.469215570819,166.41619642810778,165.63308635727148,165.1303909247877,164.12654551878458,163.18245198718517,162.84929405115506,162.04367078471515,160.77398939677474,160.36423914937458,160.0248614988946,159.7136026443289,,,173.2865688275292,172.50063005231678,171.9073674774536,171.40190377313846,170.73609353993524,169.70100317197335,169.37690837013668,169.0748014290985,168.76814869230788,166.77596689666115,166.0246060547797,164.58832433091365,164.20840034954944,163.76301266424994,162.13275632513614,161.403138944088,160.44210442951896,160.06432678915826,159.76627237837766,159.6725617710407,159.01843000616452,,172.50063005231678,170.73609353993524,166.0246060547797,163.76301266424994,161.403138944088,169.68323068581955,"rgba(239, 83, 80, 1.0)",3.1513572465667616,171.17796795757414,-1.2496101360340344,15.998816957086168,-30.69604985327085,False,True,False,True,False,0.0,0.0,0.0,0.0,0.0,0,0.9478151660820235,0.9490710666493439,False,False,False,False,-0.23714918757890574,-0.21727400036337105,False,False,False,False,633061.0,772435.1910958354,False,False,False,False,16602.696088069082,False,False,False,False
2025-10-10 14:00:00+00:00,166.84,167.75,165.68,165.735,12707.0,,173.64564447524464,173.9308627758188,172.1252788266765,171.68728081107048,171.23578958272998,170.68599143247573,169.47232115344815,169.29434730474898,168.83796211799367,167.617638541949,166.4690348936043,166.4161344542056,165.6346791174696,165.13293932613908,164.13074246639607,163.18796965794473,162.85518907803612,162.05038209084123,160.78191483876424,160.37238947639588,160.03319836551532,159.7221485660051,,,173.23211170137748,172.45796748420756,171.87470644030256,171.37651061797547,170.71737075462417,169.68891830430985,169.36776659444084,169.0672122341757,168.76167453412884,166.7750806307041,166.02539425516582,164.59179280722068,164.21247364430886,163.76774506874946,162.1393768667182,161.41050075913125,160.45021989824036,160.07263913034902,159.77478350140825,159.6811331474501,159.02747468647306,,172.45796748420756,170.71737075462417,166.02539425516582,163.76774506874946,161.41050075913125,169.6612247345995,"rgba(255, 0, 0, 1.0)",3.280699974748937,171.14186521567993,-1.6480828046745382,13.852059175913022,-32.86856104405188,False,True,False,True,False,0.0,0.0,0.0,0.0,0.0,0,0.9384786040360086,0.9467554076539101,False,False,False,False,-0.2814684791662529,-0.24937123976481196,False,False,False,False,620354.0,770077.343171869,False,False,False,False,16542.29769910677,False,False,False,False
2025-10-10 15:00:00+00:00,165.645,167.62,165.54,166.81,8501.0,,173.55903427188636,173.88738370038186,172.10187030330746,171.6686046589154,171.2209254626209,170.67449446274085,169.46606901875177,169.2891227009809,168.83396238446042,167.6160808256543,166.4693148787933,166.416491837269,165.63611898217863,165.1350016321885,164.13387423880212,163.19195900592712,162.85942059546792,162.05513741549217,160.78745766212623,160.37807241135954,160.03899853517794,159.72808323631855,,,173.19756701760627,172.43100426616778,171.8541292889597,171.36057183748696,170.7057057790889,169.68153590831008,169.36222989344643,169.06266511486862,168.7578504180819,166.77489978473906,166.02630810620795,164.59445123626682,164.21552520933218,163.7712247448824,162.14407351707027,161.41567853166416,160.4558815825528,160.07842365864,159.78069577754619,159.68708412626665,159.03373333463284,,172.43100426616778,170.7057057790889,166.02630810620795,163.7712247448824,161.41567853166416,169.6475577014037,"rgba(239, 83, 80, 1.0)",3.373975052908811,171.11930623846254,-1.277219354288749,17.82152753861935,-35.70714170433593,False,True,False,True,True,0.0,0.0,0.0,0.0,0.0,0,0.9402015771939445,0.9494791886307088,False,False,False,False,-0.2880955869325099,-0.26873341334866097,False,False,False,False,628855.0,767887.8494792819,False,False,False,False,16417.626416950076,False,False,False,False
2025-10-10 16:00:00+00:00,166.78,167.19,166.38,166.58,5909.0,,173.50059822506526,173.85771481503522,172.08589486687882,171.65585888245533,171.21078528856202,170.6666603198871,169.46183198968694,169.2855857784186,168.83126719762856,167.6150685650844,166.46957117222485,166.41680152975727,165.63717613772488,165.13648823845102,164.13609821040498,163.19477450625587,162.86240274299075,162.0584800605497,160.79134361492248,160.38205422908905,160.04306072083577,159.73223808456822,,,173.17398655370562,172.41260267349557,171.84008558364357,171.3496966554682,170.69775648728242,169.6765269515407,169.35847971787828,169.05959309776452,168.75527614063688,166.7748380315868,166.02700207590058,164.59634871322854,164.2176938751283,163.77368870714506,162.14737571471642,161.4193126905796,160.45984892869237,160.08247508820858,159.78483519649993,159.69125020067537,159.03811183567802,,172.41260267349557,170.69775648728242,166.02700207590058,163.77368870714506,161.4193126905796,169.63828587903055,"rgba(239, 83, 80, 1.0)",3.4763954356802658,171.10400123164678,-1.301348283113685,20.112888020908237,-33.663315756826634,False,True,False,True,True,0.0,0.0,0.0,0.0,0.0,0,0.9469123800667825,0.9588740014370855,False,False,False,False,-0.27804169577477716,-0.27338755456171904,False,False,False,False,622946.0,765640.6890222387,False,False,False,False,16254.701976377206,False,False,False,False
2025-10-10 17:00:00+00:00,166.47,166.575,166.16,166.48,6170.0,,173.43788214022396,173.82565565800402,172.06835221089628,171.64178457666995,171.19951492506115,170.65787033944852,169.456921016,169.28145619228704,168.8280465716447,167.61364818792654,166.46950138713362,166.4167888299165,165.63795971945385,165.13773195411036,164.13813636115685,163.19744983472683,162.8652602958945,162.06173205387915,160.79518263742395,160.38600228937392,160.04709921869664,159.7363778267857,,,173.14836738720732,172.39246988021614,171.82461620962852,171.337635098993,170.6888426473903,169.67076595028948,169.35411459696968,169.05596840138463,168.75218519206138,166.7744289676374,166.02739841851363,164.59803568491537,164.21967240266628,163.77598510857376,162.15058384240484,161.4228791108335,160.46378006498287,160.08650170400963,159.78895808456713,159.69540227524357,159.0424930579264,,172.39246988021614,170.6888426473903,166.02739841851363,163.77598510857376,161.4228791108335,169.6279962583627,"rgba(239, 83, 80, 1.0)",3.574873497414403,171.08723915158697,-1.288783828272317,21.477319357689534,-32.442701504873014,False,True,False,True,True,0.0,0.0,0.0,0.0,0.0,0,0.9474598533960427,0.9607220033049448,False,False,False,False,-0.298577508304047,-0.285982531432883,False,False,False,False,616776.0,763332.7093474752,False,False,False,False,16098.350007751202,False,False,False,False
2025-10-10 18:00:00+00:00,166.43,166.43,166.07,166.23,7155.0,,173.36488779844743,173.7880196753799,172.04756730896153,171.62505663617537,171.1860728672427,170.64733663357754,169.45094512986705,169.27641382906046,168.82407401126295,167.61178546703468,166.46921828981058,166.41657264226393,165.63867529748512,165.1389875681073,164.1403270749617,163.2003905963745,162.86841718959124,162.06535697384382,160.79949985700242,160.39045135757522,160.05165710041106,159.7410557990801,,,173.1181936089223,172.36866549602627,171.80625531678172,171.32326545251127,170.67816366036783,169.6637811352813,169.34879213544053,169.05152183884786,168.7483647770433,166.7737486367981,166.02766065972943,164.59981336010992,164.22179290832005,163.77847965273384,162.1541569379575,161.42687450661367,160.4682084060586,160.09104541573498,159.79361606751542,159.700094914953,159.0474557741995,,172.36866549602627,170.67816366036783,166.02766065972943,163.77847965273384,161.42687450661367,169.61576103489705,"rgba(239, 83, 80, 1.0)",3.67317279206325,171.06745507359454,-1.3169691020381642,21.960940767582393,-31.942684335756653,False,True,False,True,True,0.0,0.0,0.0,0.0,0.0,0,0.9467120663971061,0.9626303468823153,False,False,False,False,-0.30440073638353726,-0.2951916339082101,False,False,False,False,609621.0,760949.5820707702,False,False,False,False,15959.693418483741,False,False,False,False
2025-10-10 19:00:00+00:00,166.295,166.64,165.78,165.96,22839.0,,173.13782658570236,173.66852546587637,171.98088858646307,171.57120464455753,171.14264766221538,170.61316459064577,169.43132929777147,169.25981500970542,168.8109051963941,167.60536929924936,166.4678550689965,166.41542384588934,165.640509627768,165.14255511223615,164.14690325430396,163.20938128382284,162.87810775497485,162.07656397157422,160.81294054929828,160.40432563825019,160.06588795907453,159.75567602964043,,,173.02201302650374,172.29247509016466,171.74723420596686,171.2768935171565,170.64352884950384,169.6409205909101,169.3312901421618,169.03683606845343,168.73568300998986,166.7711135072445,166.0280429795041,164.60506116225207,164.2281430751068,163.7860333847241,162.16519653697742,161.43927589903865,160.48201388479364,160.10523014501385,159.80817148907101,159.7147628021646,159.06299517286615,,172.29247509016466,170.64352884950384,166.0280429795041,163.7860333847241,161.43927589903865,169.57656203924122,"rgba(239, 83, 80, 1.0)",3.7708626119007853,171.00458799383665,-1.3377809040074808,21.82264588817064,-31.928170413072976,False,True,False,True,True,0.0,0.0,0.0,0.0,0.0,0,0.9479370480646535,0.9558911101658871,False,False,False,False,-0.30638767246526505,-0.30078965318673756,False,False,False,False,586782.0,758249.3094805258,False,False,False,False,16066.34933447624,False,False,False,False
2025-10-13 14:00:00+00:00,165.96,165.96,165.96,165.96,0.0,,173.13782658570236,173.66852546587637,171.98088858646307,171.57120464455753,171.14264766221538,170.61316459064577,169.43132929777147,169.25981500970542,168.8109051963941,167.60536929924936,166.4678550689965,166.41542384588934,165.640509627768,165.14255511223615,164.14690325430396,163.20938128382284,162.87810775497485,162.07656397157422,160.81294054929828,160.40432563825019,160.06588795907453,159.75567602964043,,,173.02201302650374,172.29247509016466,171.74723420596686,171.2768935171565,170.64352884950384,169.6409205909101,169.3312901421618,169.03683606845343,168.73568300998986,166.7711135072445,166.0280429795041,164.60506116225207,164.2281430751068,163.7860333847241,162.16519653697742,161.43927589903865,160.48201388479364,160.10523014501385,159.80817148907101,159.7147628021646,159.06299517286615,,172.29247509016466,170.64352884950384,166.0280429795041,163.7860333847241,161.43927589903865,169.57656203924122,"rgba(239, 83, 80, 1.0)",3.865067337384421,171.00458799383665,-1.3051746718727106,21.73044930189614,-31.78175637258411,False,True,False,True,True,0.0,0.0,0.0,0.0,0.0,0,0.9489390769756226,0.9588865644878966,False,False,False,False,-0.31886003834598664,-0.3098248457663621,False,False,False,False,586782.0,755590.9015816029,False,False,False,False,15817.258647120017,False,False,False,False
2025-10-13 15:00:00+00:00,165.96,165.96,165.96,165.96,0.0,,173.13782658570236,173.66852546587637,171.98088858646307,171.57120464455753,171.14264766221538,170.61316459064577,169.43132929777147,169.25981500970542,168.8109051963941,167.60536929924936,166.4678550689965,166.41542384588934,165.640509627768,165.14255511223615,164.14690325430396,163.20938128382284,162.87810775497485,162.07656397157422,160.81294054929828,160.40432563825019,160.06588795907453,159.75567602964043,,,173.02201302650374,172.29247509016466,171.74723420596686,171.2768935171565,170.64352884950384,169.6409205909101,169.3312901421618,169.03683606845343,168.73568300998986,166.7711135072445,166.0280429795041,164.60506116225207,164.2281430751068,163.7860333847241,162.16519653697742,161.43927589903865,160.48201388479364,160.10523014501385,159.80817148907101,159.7147628021646,159.06299517286615,,172.29247509016466,170.64352884950384,166.0280429795041,163.7860333847241,161.43927589903865,169.57656203924122,"rgba(239, 83, 80, 1.0)",3.955587532810153,171.00458799383665,-1.2753068796970437,21.668984911046472,-31.556168174410978,False,True,False,True,True,0.0,0.0,0.0,0.0,0.0,0,0.9490256807329982,0.9619305716866692,False,False,False,False,-0.31886003834598664,-0.31434244205617434,False,False,False,False,586782.0,752973.7093090198,False,False,False,False,15572.029830885598,False,False,False,False
2025-10-13 16:00:00+00:00,165.96,165.96,165.96,165.96,0.0,,173.13782658570236,173.66852546587637,171.98088858646307,171.57120464455753,171.14264766221538,170.61316459064577,169.43132929777147,169.25981500970542,168.8109051963941,167.60536929924936,166.4678550689965,166.41542384588934,165.640509627768,165.14255511223615,164.14690325430396,163.20938128382284,162.87810775497485,162.07656397157422,160.81294054929828,160.40432563825019,160.06588795907453,159.75567602964043,,,173.02201302650374,172.29247509016466,171.74723420596686,171.2768935171565,170.64352884950384,169.6409205909101,169.3312901421618,169.03683606845343,168.73568300998986,166.7711135072445,166.0280429795041,164.60506116225207,164.2281430751068,163.7860333847241,162.16519653697742,161.43927589903865,160.48201388479364,160.10523014501385,159.80817148907101,159.7147628021646,159.06299517286615,,172.29247509016466,170.64352884950384,166.0280429795041,163.7860333847241,161.43927589903865,169.57656203924122,"rgba(239, 83, 80, 1.0)",4.040650952149974,171.00458799383665,-1.2484592343103746,21.628008650480027,-31.28852228064118,False,True,False,True,True,0.0,0.0,0.0,0.0,0.0,0,0.9435637560637564,0.9660429660429659,False,False,False,False,-0.31886003834598664,-0.3166012402010805,False,False,False,False,586782.0,750397.0936608181,False,False,False,False,15330.6030118021,False,False,False,False
2025-10-13 17:00:00+00:00,165.96,165.96,164.91,165.825,1466.0,,173.1226087672692,173.6604207517928,171.97625412394095,171.5674310928982,171.13957644106608,170.61071638518484,169.42986543420258,169.2585656019196,168.80988834661144,167.60480363365627,166.46762449826304,166.41520759009504,165.6404914131597,165.14265303411887,164.14720454839477,163.2098457497355,162.8786206033875,162.07718175166437,160.81371002297098,160.40512672759067,160.06671469782927,159.75652966114234,,165.565,173.01543411822598,172.28720830678805,171.7431131999976,171.2736236934683,170.64104947978504,169.6392303838082,169.32997744565466,169.0357174846747,168.73469883578815,166.77079831593727,166.0279282339754,164.6052728934163,164.22842907628882,163.78640063650306,162.1658028844409,161.43997457421543,160.48280978965204,160.10605364725356,159.80902064597203,159.71561975109526,159.06391116626662,165.565,172.28720830678805,170.64104947978504,166.0279282339754,163.78640063650306,161.43997457421543,169.5906893431265,"rgba(239, 83, 80, 1.0)",4.132461668477377,170.83799134408477,-1.213076308081483,21.269919575076536,-31.28852228064118,False,True,False,True,True,0.0,1.0,165.96,164.91,0.0,0,0.9318220996379938,0.9663851060162041,True,False,False,False,-0.34282825441539394,-0.32971474730823724,False,False,False,False,585316.0,747837.6968598751,False,False,False,False,15115.647926347803,False,False,False,False
2025-10-13 18:00:00+00:00,165.835,166.23,165.36,165.415,7482.0,,173.0469338218865,173.6198328623845,171.9530847446867,171.54857597921227,171.12424401079303,170.59851354611166,169.4226108609614,169.25238018581655,168.80487352418515,167.60206753662015,166.46658407703234,166.4142395345551,165.64052564782477,165.1432741915055,164.14885219398744,163.2123172677886,162.8813355364398,162.08042461214242,160.81771862011982,160.4092931636242,160.07100946770205,159.76095985774086,,165.6514036656236,172.98250064354,172.26086747536306,171.72251652664127,171.25729471278427,170.62869000522986,169.6308441223325,169.32347557131615,169.03018943216213,168.7298488624475,166.76932987751445,166.02747401757966,164.60646824125354,164.22999953425744,163.78838137250506,162.16898809596137,161.4436259413277,160.48695046947782,160.11033215986086,159.81342830752223,159.72006663337177,159.06865633294032,165.6514036656236,172.26086747536306,170.62869000522986,166.02747401757966,163.78838137250506,161.4436259413277,169.58035604978417,"rgba(239, 83, 80, 1.0)",4.22841641816399,170.82087956459853,-1.2784643303759116,20.099685095799614,-31.28852228064118,False,True,False,True,False,0.0,0.0,0.0,0.0,0.0,0,0.936117197233321,0.9642565622717705,False,False,False,False,-0.3246914011150425,-0.32720307421163985,False,False,False,False,577834.0,745201.9806294894,False,False,False,False,14997.296795706752,False,False,False,False
2025-10-13 19:00:00+00:00,165.42,166.89,165.31,166.89,15336.0,,172.91069299378913,173.54507439637473,171.91131540475897,171.51482619037225,171.0970532138498,170.57718808453527,169.41056474803526,169.24221385093517,168.79691100488319,167.59849038594618,166.4663093290011,166.4141046489522,165.6423427981612,165.14622203649117,164.1537578946633,163.21879684698067,162.88826751277563,162.08833731100418,160.8270887700313,160.41893847707576,160.08088248403078,159.77108569412658,,166.10100642398285,172.9222381248359,172.21314951012081,171.68552929782794,171.22824576644132,170.60707032853912,169.6167604713986,169.31274082919626,169.0212457869165,168.72220146801183,166.7682244669818,166.02834133508458,164.61050812947175,164.23475810031482,163.7939244394884,162.17679189628345,161.4523185336144,160.4965527255553,160.1201754142676,159.82351205218626,159.7302233244121,159.07938332594998,166.10100642398285,172.21314951012081,170.60707032853912,166.02834133508458,163.7939244394884,161.4523185336144,169.5741536343573,"rgba(239, 83, 80, 0.5)",4.290287690640553,170.80516763442125,-0.9125652908923503,29.050042579469164,-24.11097102358568,False,False,False,True,True,0.0,0.0,0.0,0.0,0.0,0,0.9330579568198275,0.9625260826981222,False,False,False,False,-0.30948576929547095,-0.3183444217535554,False,False,False,False,593170.0,742844.8956584895,False,False,False,False,15002.548008176414,False,False,False,False
2025-10-14 14:00:00+00:00,167.965,168.85,167.965,168.545,23108.0,,172.77786603262615,173.46724209080526,171.87281409168295,171.48509262750034,171.0744964799957,170.56119548691777,169.40491893910126,169.23805307180737,168.7952309134923,167.60219386670065,166.47424451197443,166.42221389781406,165.65295085183,165.15821826150685,164.16806189972021,163.23496577060496,162.90491115370014,162.1060069188448,160.84645537764396,160.43850209743522,160.10063016465008,159.7911032381866,,167.2479841886113,172.8617628183543,172.1678633411294,171.65226272174885,171.20364761732327,170.59074610619749,169.6092533014556,169.30807034608856,169.01839044849604,168.72089864864495,166.77510942701855,166.03774061716405,164.6237768690717,164.24888920562628,163.8089889723182,162.19433865141815,161.47090798603404,160.51609534887717,160.139894245854,159.84348456092118,159.75027233016422,159.10010780375285,167.2479841886113,172.1678633411294,170.59074610619749,166.03774061716405,163.8089889723182,161.47090798603404,169.6008896977792,"rgba(239, 83, 80, 0.5)",4.321780233582079,170.82872102978953,-0.5284213695189909,40.488393377931345,-14.131303256731243,True,False,False,True,True,0.0,0.0,0.0,0.0,0.0,0,0.9430491390172199,0.957916841663167,False,False,False,False,-0.19832456735198267,-0.258334494552769,False,False,False,False,616278.0,740882.6182064199,False,False,False,False,15128.213930530268,False,False,False,False
2025-10-14 15:00:00+00:00,168.545,168.62,167.705,168.17,16722.0,,172.68049280333054,173.40923229106758,171.8431786446442,171.46192144692242,171.0566426555041,170.54820928234983,169.39964932615268,169.2339731102371,168.79300863007094,167.60395279857786,166.47911651163233,166.4272146655641,165.65979226672493,165.16609026081656,164.17766123315116,163.2459611189748,162.91627062382543,162.11815432407286,160.85987981370408,160.45209274106037,160.11437119033366,159.8050511151114,,167.4871571991557,172.81621482645227,172.13327524804563,171.62648180634696,171.18427972517452,170.57751380127795,169.6025408199332,169.30359262647343,169.01529678839864,168.7189562150925,166.77920672706966,166.0436905800144,164.63260308195302,164.2583589814967,163.81915672010265,162.2063930906315,161.48374575218187,160.5296659591973,160.1536126992946,159.85739793186406,159.764244559104,159.11458735840023,167.4871571991557,172.13327524804563,170.57751380127795,166.0436905800144,163.81915672010265,161.48374575218187,169.59538363184853,"rgba(239, 83, 80, 0.5)",4.359775732928797,170.8148246495248,-0.6066423622547413,46.56981459310712,-9.406793437915503,True,False,False,False,True,0.0,0.0,0.0,0.0,0.0,0,0.9442418144468203,0.9597954135748125,False,False,False,False,-0.209855934930403,-0.234095214741586,False,False,False,False,599556.0,738691.5078466304,False,False,False,False,15152.923792072434,False,False,False,False
2025-10-14 16:00:00+00:00,168.24,169.02,168.08,168.96,24077.0,,172.56268640859994,173.33599269033152,171.80726613824427,171.43431105074632,171.0358862952594,170.53379571815762,169.39531292872383,169.23099316351505,168.7924714508516,167.6088030935013,166.48823773367425,166.43651116149294,165.6716152390955,165.17931164804324,164.19319974264533,163.26337662286133,162.93415758074255,162.13706087799991,160.88049671925046,160.472895172714,160.13535072354472,159.8263004982902,,167.81463494007326,172.7593471997572,172.09092147848955,171.59551835249883,171.16156675950523,170.5627783648816,169.5964525613856,169.30013252774808,169.01359037056085,168.71879457571538,166.78726880992386,166.05429179632563,164.64709981225923,164.27372379132228,163.83546092563662,162.22517637019325,161.50358033281785,160.55045032485717,160.17456373080077,159.87860226290775,159.78552523821133,159.13655155491477,167.81463494007326,172.09092147848955,170.5627783648816,166.05429179632563,163.83546092563662,161.50358033281785,169.59156723236237,#000000,4.3832787565532545,170.8007010552473,-0.4199370283022328,52.65550473766885,-4.559031280239459,True,False,True,False,True,0.0,0.0,0.0,0.0,0.0,0,0.9456608531204037,0.9646564404286614,False,False,False,False,-0.1916416048558051,-0.21286840979869553,False,False,False,False,623633.0,736907.6550117988,False,False,False,False,15291.281562737977,False,False,False,False
2025-10-14 17:00:00+00:00,168.965,169.435,168.88,169.2,25025.0,,172.46181526668678,173.26993250228992,171.77646378543616,171.41115363820452,171.01906960224034,170.52292126810016,169.39390802453926,169.2306593164554,168.79445195095548,167.6160462819761,166.4997124820047,166.4481582292528,165.68576727222828,165.19483452533697,164.21096793164767,163.282968310321,162.95418923291982,162.1580434875714,160.90313482534836,160.4956757001782,160.15827831769923,159.8494821174786,,168.11459006088657,172.70872092131535,172.054105870778,171.56927141244586,171.14293447822183,170.551601069251,169.59353776134182,169.29938798344352,169.01443892343505,168.7211386894288,166.79769771177087,166.06723424306597,164.66385375781425,164.29132374210764,163.85397439062984,162.2460409102131,161.5254645925713,160.57322215212554,160.19746546833014,159.90174143334679,159.80873583175128,159.16042793938414,168.11459006088657,172.054105870778,170.551601069251,166.06723424306597,163.85397439062984,161.5254645925713,169.5905887498302,#000000,4.40458531757681,170.79046807116293,-0.36109371404751084,57.27595003315034,-0.9043229851966288,True,False,True,False,True,0.0,0.0,0.0,0.0,0.0,0,0.9504472347037333,0.9590139839583421,False,False,False,False,-0.16333241310170046,-0.188100411450198,False,False,False,False,648658.0,735539.4433061895,False,False,False,False,15442.19192610638,False,False,False,False
2025-10-14 18:00:00+00:00,169.21,169.295,168.72,168.885,21068.0,,172.3764247943391,173.21321973206184,171.749087375233,171.39027103289067,171.00360033895942,170.51253140650638,169.39166043579488,169.22941455164198,168.79520587236263,167.62129556556042,166.50856165584338,166.45715471861013,165.6968976705363,165.207140765192,164.22521443034228,163.29879097328177,162.97040119781946,162.17509799006135,160.92162758204077,160.51431084824205,160.17705358203352,159.86848202183478,,168.24827352228613,172.66478774644668,172.0216703459013,171.54575945280814,171.1259134316195,170.54095210334586,169.58993724711357,169.2977724394469,169.0142240024128,168.72220397228003,166.8056550201345,166.07733314734298,164.6772255624487,164.30542469978832,163.86886413957663,162.26299230796715,161.54330049033794,160.591845343711,160.21621737012762,159.92070381405145,159.82776161485242,159.18003122372832,168.24827352228613,172.0216703459013,170.54095210334586,166.07733314734298,163.86886413957663,161.54330049033794,169.58399230325915,#000000,4.42855406516636,170.7747847352186,-0.4267272584708994,58.88745640730609,0.25517199199668994,True,False,True,False,True,0.0,0.0,0.0,0.0,0.0,0,0.9560625264047318,0.9596535699197298,False,False,False,False,-0.1702965530583006,-0.1791984822542493,False,False,False,False,627590.0,733865.8085262486,False,False,False,False,15529.41375670938,False,False,False,False
2025-10-14 19:00:00+00:00,168.925,169.44,168.47,169.43,58273.0,,172.16987794391065,173.06902506685267,171.67991996239465,171.33771171903834,170.9649980182198,170.48716226109704,169.38766863078428,169.22792012671968,168.79901191681404,167.63716446632117,166.5341515017563,166.48314201309734,165.72865755641888,165.2420764352981,164.26538388698793,163.34322103219571,163.0158764380007,162.22283710055504,160.97326310377716,160.56631729891112,160.2294302043272,159.9214652625731,,168.51006421475202,172.5530875372372,171.9395460922731,171.48646067791788,171.08329708420214,170.51490523035437,169.5824840477882,169.2953282132138,169.01544212472297,168.72684215235336,166.82883683411313,166.10630279217983,164.71503207344927,164.34520128348714,163.91077233584969,162.31045285183583,161.59315723902688,160.64382294810858,160.2685313148106,159.9735856965373,159.88081455402104,159.23465344504567,168.51006421475202,171.9395460922731,170.51490523035437,166.10630279217983,163.91077233584969,161.59315723902688,169.56596032738133,#000000,4.442016778790514,170.73297691718412,-0.29333003049549256,61.4042914006974,2.5763275686052864,True,False,True,False,True,0.0,0.0,0.0,0.0,0.0,0,0.955614455803778,0.9502713618578822,False,False,False,False,-0.17273783870759393,-0.17596816048092162,False,False,False,False,685863.0,733121.5789366943,False,False,False,False,16192.105016295282,False,False,False,False
2025-10-15 14:00:00+00:00,171.01,172.49,170.905,171.91,14385.0,,172.16370016934042,173.05782965776535,171.68048901552157,171.34015160293905,170.96902746802522,170.49287095532173,169.39606747774596,169.23596799747952,168.80775554462448,167.6479823853214,166.54681452330615,166.49587585247505,165.74248577756904,165.2564533040692,164.28057356568172,163.35908314788608,163.0318418023307,162.23902271788805,160.99003441194128,160.5830166234658,160.24610113494973,159.93820199385965,,168.73655376868882,172.5470415809075,171.93836090075175,171.48814682621875,171.0868592561559,170.52052519580698,169.59088976025944,169.30339197099423,169.02376919494122,168.7357195725682,166.8410554410393,166.1196083870061,164.72983974321548,164.36033044663586,163.9262416775879,162.32660070180873,161.6096732479113,160.66054812753438,160.28519884146698,159.99031130787418,159.8975571349534,159.25164400435568,168.73655376868882,171.93836090075175,170.52052519580698,166.1196083870061,163.9262416775879,161.6096732479113,169.5803576113109,#000000,4.437307313922665,170.74715735591067,0.26206042579939054,67.20987888702041,8.029240032838736,True,False,True,False,True,3.3560261163203258,0.0,0.0,0.0,0.0,0,0.9637848539844911,0.9404388714733543,False,False,False,False,-0.047226322539832714,-0.11159724151037717,False,False,False,False,700248.0,732611.9110462029,False,False,False,False,16164.087884259696,False,False,False,False
2025-10-15 15:00:00+00:00,172.04,172.575,171.54,171.575,25138.0,,172.1567087908196,173.04062302461466,171.68289342846091,171.345607826619,170.9770879067005,170.50371736051238,169.41138953617718,169.2506165781893,168.8235691772602,167.66733605254512,166.56933714575905,166.51851980145588,165.76701081273316,165.28191775770244,164.30742304802274,163.38708035550619,163.06000991145675,162.26755508693788,161.01956523158054,160.61241317620144,160.27544167355066,159.9676524823006,,169.07884486671264,172.53840169600952,171.93786255910658,171.4923731277479,171.09415173710266,170.53122383632558,169.606281358588,169.31808509650426,169.03887537102773,168.7517604739065,166.8628155085053,166.1432354569715,164.75603674969085,164.38707681327847,163.95356885891812,162.3550690871679,161.6387698554013,160.6899914977188,160.31453411764647,160.01974319852096,159.92701718493694,159.28152822632802,169.07884486671264,171.93786255910658,170.53122383632558,166.1432354569715,163.95356885891812,161.6387698554013,169.6043331412142,#000000,4.432604703721373,170.77053628902794,0.18148780790144906,69.68533247207279,10.398661799415834,True,False,True,False,True,2.389036946812883,0.0,0.0,0.0,0.0,0,0.9700916149706256,0.9379236678854609,False,False,False,False,-0.030943846679300325,-0.07127054409483875,False,False,False,False,675110.0,731720.4085493624,False,False,False,False,16303.218304658769,False,False,False,False
2025-10-15 16:00:00+00:00,171.58,172.585,171.58,171.85,7628.0,,172.15551301140974,173.03598710486,171.68397689254527,171.3475637365862,170.97979106780588,170.50722897877708,169.41620292560606,169.25521045425813,168.8285038065799,167.67332354228998,166.57627228522998,166.52549114374776,165.77454504673042,165.28973215755965,164.31564875689313,163.39564738399156,163.06862637024946,162.2762768131945,161.02858354593852,160.62138857365193,160.28439843360664,159.97664131732625,,169.17196112214307,172.53626013050774,171.93810517745928,171.4939773606839,171.09663392369646,170.5346924319153,169.61113029965998,169.32269671645923,169.0436004751224,168.7567624232513,166.869522802391,166.15050107916798,164.7640682959419,164.3952719014407,163.96193672666033,162.36377191164402,161.64765945319576,160.69898152191024,160.3234894565525,160.02872660363246,159.9360087521794,159.29064616354717,169.17196112214307,171.93810517745928,170.5346924319153,166.15050107916798,163.96193672666033,161.64765945319576,169.61141815755533,#000000,4.426963172189408,170.77741053386623,0.24228560853450726,71.73079966052018,12.543188732100575,True,False,True,False,True,3.1319650534814585,0.0,0.0,0.0,0.0,0,0.9756437592258488,0.9364031490897161,False,False,False,False,-0.029813827264924608,-0.05054218567988168,False,False,False,False,682738.0,730960.9913625506,False,False,False,False,16168.718796059407,False,False,False,False
2025-10-15 17:00:00+00:00,171.85,172.405,171.085,171.87,8778.0,,172.1521975097896,173.02958442924518,171.6843728506224,171.34905748134048,170.98222548575484,170.51066362048968,169.4212546301782,169.26005973641352,168.8337744609303,167.67984702330077,166.58391101259096,166.53317281490126,165.78288961621294,165.29841056592122,164.32482468991975,163.40523544631253,163.07827957613833,162.28606930558828,161.03873709389305,160.6315018581659,160.29449691815248,159.98678125517466,,169.26432803726033,172.53281277762267,171.9374780182686,171.4950276201916,171.09879108775013,170.53807407513398,169.61617935046195,169.32755365912325,169.0486198282498,168.76211384666553,166.87689243937032,166.15852883322395,164.77301066562643,164.40441074051802,163.97128382632573,162.3735410164394,161.65765515340584,160.70910978226632,160.3335856446318,160.0388595405943,159.94615245330615,159.30094266273738,169.26432803726033,171.9374780182686,170.53807407513398,166.15852883322395,163.97128382632573,161.65765515340584,169.6183764098037,#000000,4.409108086349267,170.78379794817315,0.24635414477358222,73.12514753261205,14.229004490431947,True,False,True,False,True,3.1864933527162833,0.0,0.0,0.0,0.0,0,0.9766175266175264,0.9379606879606879,False,False,False,False,-0.04507669315039581,-0.047809439415138745,False,False,False,False,691516.0,730349.4411088678,False,False,False,False,16054.134008523602,False,False,False,False
2025-10-15 18:00:00+00:00,171.87,173.29,171.59,172.985,13413.0,,172.15855838182867,173.026414840613,171.68986290712797,171.35563835907945,170.98974893798965,170.51928752003062,169.4316425584295,169.26987077417206,168.8440591138995,167.69179379410863,166.59740637305777,166.54672612266873,165.79736282678329,165.3133275364894,164.34036641907923,163.4212993703854,163.09439907028042,162.30230527009135,161.05541746935162,160.64807395682402,160.3110121321816,160.00333578013232,,169.43627211889572,172.53343282586863,171.94178039150242,171.50117132260397,171.10603108856537,170.54663827483054,169.62680000377628,169.33744579957335,169.05858231862385,168.7725019737199,166.8900187607321,166.17256472157484,164.78825246454196,164.4199061146324,163.98704473276413,162.38975007410266,161.67414679472213,160.7257141957751,160.35010080353965,160.05540734826272,159.96270947669046,159.3176932322572,169.43627211889572,171.94178039150242,170.54663827483054,166.17256472157484,163.98704473276413,161.67414679472213,169.63366448440226,#000000,4.385726863030858,170.799557741425,0.4983078807294265,75.60308013536961,17.00152900179424,True,False,True,False,True,6.157880303978416,0.0,0.0,0.0,0.0,0,0.9858582574772431,0.9230331599479844,False,False,False,False,-0.013661474656163993,-0.030735457035651368,False,False,False,False,704929.0,729955.3257428388,False,False,False,False,16013.186194437965,False,False,False,False
2025-10-15 19:00:00+00:00,172.985,173.03,172.42,172.635,22186.0,,172.17031708958118,173.02220942261243,171.6995076812291,171.36699737702884,171.00259525533988,170.53389060673805,169.44906926738804,169.28632610263892,168.86127644801994,167.71172033823558,166.619866791608,166.56928126462344,165.8214243013627,165.3381145093456,164.3661725837963,163.44795842538355,163.1211469100019,162.32923901765116,161.08307698927854,160.67555226278446,160.33839463183654,160.03078164302468,,169.69076685381725,172.53527644452905,171.94953416388276,171.51184319838052,171.11842878136426,170.56114574937726,169.64462961988022,169.35404075316197,169.075276215293,168.78988746237127,166.91187551612865,166.19591016414026,164.81356869912915,164.44563664688613,164.0132089817976,162.41664003885262,161.7014984443108,160.7532463216013,160.37748341916503,160.0828423756972,159.9901592640721,159.34545973234822,169.69076685381725,171.94953416388276,170.56114574937726,166.19591016414026,164.0132089817976,161.7014984443108,169.6581238747493,#000000,4.36591928340213,170.8245961088343,0.4146672839436783,75.54284355249993,17.467869627487644,True,False,True,False,True,5.096348773804998,0.0,0.0,0.0,0.0,0,0.9977615888649218,0.9201497700541288,False,False,False,False,-0.0007902863719133877,-0.015762871703782377,False,False,False,False,682743.0,729223.3517003141,False,False,False,False,16108.88873405908,False,False,False,False
2025-10-16 14:00:00+00:00,173.32,173.33,172.12,172.635,8592.0,,172.1747335890314,173.02060931461045,171.70319328855427,171.37134481160567,171.0075184229044,170.53949344091868,169.45576823710775,169.2926563841895,168.86790294175304,167.71939474404633,166.6285206811716,166.5779718313766,165.83069758537943,165.34766913282675,164.37612379580463,163.45824158372662,163.1314655860757,162.33963222046302,161.09375344615765,160.68616017757506,160.34896658622435,160.04137877652823,,169.77896090798617,172.5359791724914,171.95249426469834,171.51592503326364,171.12317823909973,170.56671158213018,169.65147897829627,169.3604235195943,169.08170018107904,168.79657903447242,166.92029586081586,166.20490635283434,164.82332945404966,164.4555584105792,164.02329945693228,162.42701609093825,161.71205451752533,160.7638747285281,160.38805531536798,160.09343520703905,160.00075800991328,159.3561819609616,169.77896090798617,171.95249426469834,170.56671158213018,166.20490635283434,164.02329945693228,161.71205451752533,169.66713753597642,#000000,4.34633753037213,170.833713227161,0.4144378480160865,75.50268583058681,18.08370450386407,True,False,True,False,True,5.096348773804998,0.0,0.0,0.0,0.0,0,0.997249524734053,0.9135218217853819,False,False,False,False,-0.0007902863719120533,-0.008276579037847216,False,False,False,False,682743.0,728502.7260925572,False,False,False,False,15992.347823453514,False,False,False,False
2025-10-16 15:00:00+00:00,172.63,173.02,172.41,172.92,9229.0,,172.180186951518,173.01936948388038,171.7074717529826,171.37629248707177,171.0130499310798,170.54572469594328,169.4631285117578,169.29960570150158,168.87515894236907,167.7277577130728,166.63792368816092,166.5874136836749,165.84075836872816,165.35802757153607,164.3868995421855,163.46936706357624,163.14262667238506,162.35086780179316,161.10528674602017,160.69761737165783,160.36038330280414,160.05282115398379,,169.87080192179025,172.53714262937555,171.95602290697303,171.5206043630072,171.12853295486045,170.5729045994539,169.65901449510008,169.36743328214158,169.08874312839774,168.8039034982773,166.92945114194606,166.21467294835546,164.83390431407454,164.46630317999282,164.03422207143174,162.43823377933288,161.72346165871883,160.77535442377854,160.39947216253267,160.104873192889,160.012201934929,159.36775609465792,169.87080192179025,171.95602290697303,170.5729045994539,166.21467294835546,164.03422207143174,161.72346165871883,169.6769227912568,#000000,4.323899201681242,170.8436428949192,0.4802047892960672,75.98106451435663,19.230839835231123,True,False,True,False,True,5.8630690770920815,0.0,0.0,0.0,0.0,0,1.008146307686041,0.9151969369883098,False,False,False,False,-0.001241877674067973,-0.004759228355957594,False,False,False,False,691972.0,727936.3582461609,False,False,False,False,15887.489717663537,False,False,False,False
2025-10-16 16:00:00+00:00,172.865,173.055,171.92,172.335,7013.0,,172.18192150516995,173.01706494559664,171.7096599954757,171.3791084278999,171.01641164989877,170.5497066436579,169.4681180553147,169.30434428056782,168.88016723550112,167.73365968140214,166.64464774051544,166.5941688782822,165.8480032093761,165.36551295413224,164.39473212897846,163.4774894371222,163.15078624447605,162.359106255708,161.11377583710404,160.70605973517905,160.3688030128341,160.0612659406275,,169.9290515259124,172.5367847860267,171.9575691006043,171.52316722124476,171.1317313046078,170.57685307374624,169.664083762719,169.37220210999826,169.09357659069218,168.80896800047879,166.93597816669651,166.22168443688156,164.8415716369696,164.47410992248348,164.0421756830512,162.44645661931332,161.73184288843927,160.78381163134446,160.40789116288386,160.11331371864287,160.02064865632425,159.3763108739768,169.9290515259124,171.9575691006043,170.57685307374624,166.22168443688156,164.0421756830512,161.73184288843927,169.68314529313065,#000000,4.302797970898908,170.84963789431336,0.3452084238517796,73.10350689969599,19.230839835231123,True,False,True,False,False,4.047101936057249,0.0,0.0,0.0,0.0,0,1.009031198686371,0.9144909688013135,False,False,False,False,-0.011516077438815601,-0.008137652897386598,False,False,False,False,684959.0,727270.0426144375,False,False,False,False,15749.900729792784,False,False,False,False
2025-10-16 17:00:00+00:00,172.355,173.03,171.57,171.69,14596.0,,172.18073815449168,173.0095507506103,171.71206212400853,171.3830526175396,171.02169482983987,170.55645700794042,169.47726591020893,169.31309527791947,168.88955365864314,167.74501138602764,166.65777390187102,166.6073631286813,165.86225533680346,165.3802948106235,164.41029798921846,163.4937075065658,163.16710259851408,162.3756326417252,161.130873960229,160.72308361095088,160.38579652008457,160.07832314234005,,170.02684764230406,172.53354644388656,171.9584942078316,171.5264872445126,171.13661667704966,170.583524957407,169.67328865134203,169.38098405594067,169.10257318580489,168.818479815554,166.9486766221792,166.23543118089427,164.85676783173528,164.48961728636135,164.05801265237554,162.46294636477887,161.7486918720057,160.8008617248693,160.42488152165885,160.13036014692096,160.0377114516066,159.3936173014331,170.02684764230406,171.9584942078316,170.583524957407,166.23543118089427,164.05801265237554,161.7486918720057,169.69363299077165,#000000,4.25673213492015,170.85897499403922,0.19522605125736228,68.17917143517457,24.495408705329297,True,False,True,False,False,2.0991198509130946,0.0,0.0,0.0,0.0,0,0.992484888090181,0.9185590589772911,False,False,False,False,-0.0199855568764457,-0.014061604886916148,False,False,False,False,670363.0,726387.7628839811,False,False,False,False,15732.010795997547,False,False,False,False
2025-10-16 18:00:00+00:00,171.72,172.265,171.29,171.97,23364.0,,172.17336835864174,172.99448533880147,171.71333714608699,171.38705258866221,171.02806417411702,170.56537182583182,169.49036451497798,169.3257166724422,168.90327950112967,167.76200215237583,166.6776751012616,166.62737710276593,165.8840064573144,165.40292840806103,164.43426162660566,163.5187755766006,163.1923545498424,162.4012793059117,161.15749872761648,160.7496196818851,160.41230588952038,160.10494922172634,,170.14908459433983,172.52549243164046,171.95726356488495,171.529381077161,171.14228464340871,170.59230425797585,169.68634364300584,169.39361522301937,169.11564549717792,168.83241597494333,166.96787319584053,166.25635082864918,164.88010840673124,164.51348149784414,164.08243380200088,162.48852915137758,161.77488670914767,160.82743359668189,160.451383688806,160.1569665372986,160.0643485048371,159.42066797144156,170.14908459433983,171.95726356488495,170.59230425797585,166.25635082864918,164.08243380200088,161.77488670914767,169.70720623465823,#000000,4.206769435216824,170.8698505236549,0.261518843209054,65.7488234593057,22.040258881802984,True,False,True,False,False,2.8863267023936174,0.0,0.0,0.0,0.0,0,0.9916880576946581,0.9222181477407001,False,False,False,False,-0.04360613512750753,-0.02883387000721184,False,False,False,False,693727.0,725881.3944671752,False,False,False,False,15850.336210013087,False,False,False,False
2025-10-16 19:00:00+00:00,171.975,172.505,171.695,172.03,33686.0,,172.17043003497727,172.97772675680417,171.71841854914942,171.39561686396542,171.03967791362805,170.58033653099042,169.51085868557212,169.34537301736466,168.924410971496,167.78764956571942,166.70739456047107,166.65725354878018,165.91631600552213,165.4364644960624,164.46962891388188,163.55566767381117,163.2294870656888,162.4389271624171,161.19649313073316,160.7884628160784,160.45109304693696,160.14389139198278,,170.3197059853989,172.51808388255412,171.95904988127387,171.5365313136752,171.1529906929136,170.6070893841226,169.70691423675893,169.41332659031448,169.13588086806394,168.85383589585797,166.99660879744425,166.28749677798874,164.91461413351226,164.5487119258896,164.11843371701596,162.5260900611655,161.81329181370901,160.86633293374084,160.49016229872996,160.1958825165742,160.10330474034146,159.460197061485,170.3197059853989,171.95904988127387,170.6070893841226,166.28749677798874,164.11843371701596,161.81329181370901,169.72875909243226,#000000,4.1493743715973705,170.8881383793344,0.2751888642494351,64.31868747431537,20.485605895911036,True,False,True,False,False,3.0561966802328193,0.0,0.0,0.0,0.0,0,0.9978428978428975,0.9174603174603174,False,False,False,False,-0.029022859134549644,-0.028928364570880744,False,False,False,False,727413.0,725905.1402893895,False,False,False,False,16126.858129237691,False,False,False,False
2025-10-17 14:00:00+00:00,173.29,175.06,172.565,174.47,12126.0,,172.1905677780365,172.98460882816997,171.7300061186626,171.40734878308572,171.05155913941525,170.59259477716313,169.5237174198926,169.3573957190413,168.93662397840538,167.80098172364208,166.7218789813592,166.67177895731868,165.93152898063875,165.4519841690793,164.48553148690425,163.57189910229118,163.24571477300577,162.45514220921524,161.2129718956268,160.8047904393908,160.46732959497817,160.16013401860354,,170.43432851359808,172.5270242793595,171.97015178273523,171.54821099321387,171.1648150654832,170.61932443522318,169.7202702336857,169.42550792207948,169.14789502014702,168.86611278890456,167.01082420434798,166.30238566509183,164.93032282372846,164.56458632769335,164.1344774222752,162.54229197660973,161.8296666069482,160.88270030821369,160.50640291729403,160.21212395260133,160.1195456975093,159.4765616036667,170.43432851359808,171.97015178273523,170.61932443522318,166.30238566509183,164.1344774222752,161.8296666069482,169.74549768354802,"rgba(38, 166, 154, 0.5)",4.109419625403453,170.90616824165653,0.8672348125055688,68.50604408995473,20.485605895911036,True,False,True,False,True,9.462417839059203,0.0,0.0,0.0,0.0,0,0.9985195854839353,0.899051734485656,False,False,False,False,0.04835787584734227,0.009714755638230762,False,False,False,False,739539.0,726116.5179593215,False,False,False,False,16064.829321032455,False,False,False,False
2025-10-17 15:00:00+00:00,174.46,175.245,174.205,175.0,11362.0,,172.21692361732488,172.99574999339885,171.7444260298448,171.42150713997324,171.06551648928172,170.6066057225049,169.5377863541012,169.37048758984264,168.9497695868464,167.81498970825686,166.73685082726934,166.68678348810408,165.94710821411468,165.46780111412733,164.5016055611692,163.5882002791308,163.261979290844,162.47132198765283,161.22931727019085,160.820958651677,160.48338637296467,160.1761781559028,,170.5575601839363,172.5396268303994,171.98436704161335,171.5624840161502,171.17881633355495,170.63332865744852,169.7349750831719,169.43879887759255,169.16089969342147,168.87930359839558,167.02557539697722,166.31769621907887,164.94625803668362,164.58064176893578,164.1506518441708,162.5584661433291,161.84595444434066,160.8989129398257,160.52246614232752,160.22817001249635,160.1355857885859,159.49268695903763,170.5575601839363,171.98436704161335,170.63332865744852,166.31769621907887,164.1506518441708,161.84595444434066,169.76431746770416,"rgba(38, 166, 154, 0.5)",4.078193516785805,170.92704002183922,0.9987167017446617,71.984044023206,15.56821347455211,True,False,True,False,True,10.730860921355607,0.0,0.0,0.0,0.0,0,1.011705485198354,0.8971275618233391,False,False,False,False,0.08976823224597621,0.04974149394210349,False,False,False,False,750901.0,726500.7734948358,False,False,False,False,15991.917238535829,False,False,False,False
2025-10-17 16:00:00+00:00,174.99,175.38,174.185,174.265,8225.0,,172.2341843661283,173.0028251439529,171.7540843193026,171.43106384729694,171.07500276583232,170.61619540155576,169.5475274377602,169.37956758836216,168.95891520697492,167.82479701016499,166.7473781611339,166.69733564362525,165.95809005219178,165.47896539255066,164.5129779670681,163.59975465773982,163.27351466424946,162.48281256232775,161.2409456660593,160.8324671401641,160.4948202653225,160.18760703336594,,170.6384068880707,172.5478434571799,171.99382482267984,171.57208752064133,171.18831309740742,170.64291025135145,169.7451363807959,169.44801126638694,169.1699340197072,168.8884849416292,167.03593677217134,166.3284766043161,164.95752072745015,164.59199899935894,164.16210376855395,162.56995116737824,161.85753234808598,160.91045188528736,160.53390409891966,160.23959959683083,160.1470123011007,159.5041818890947,170.6384068880707,171.99382482267984,170.64291025135145,166.3284766043161,164.16210376855395,161.85753234808598,169.77705331866477,"rgba(38, 166, 154, 0.5)",4.028387388887563,170.94101054309652,0.8251414613382998,71.09221050971634,15.56821347455211,True,False,True,False,True,8.445427844257434,0.0,0.0,0.0,0.0,0,1.0107811310167927,0.906095948058194,False,False,False,False,0.09238647999932277,0.07106398697071313,False,False,False,False,742676.0,726751.5522003422,False,False,False,False,15871.499917008141,False,False,False,False
2025-10-17 17:00:00+00:00,174.265,175.14,174.215,174.96,6599.0,,172.2487840127528,173.00902342878805,171.76222230895254,171.43907780042193,171.08292346401763,170.62416624664303,169.55556451320246,169.38705430799567,168.9664407941682,167.8328320527715,166.75597726151477,166.70595400355828,165.96704504137062,165.48806115047284,164.5222294725836,163.60914321123755,163.28288440895517,162.49213853756447,161.25037328440345,160.8417948184012,160.50408533331873,160.1968660972058,,170.70352237848664,172.5549018653425,172.0018296446742,171.5801565667395,171.19625272667287,170.65087626063288,169.7535282207569,169.4556095009,169.177375481542,168.89603752312343,167.0444063648713,166.3372740200083,164.96668896098618,164.60123918555246,164.17141553829273,162.57927341784637,161.86692380922966,160.91980474903508,160.54317270930818,160.2488595561103,160.15626920074047,159.5134903221218,170.70352237848664,172.0018296446742,170.65087626063288,166.3372740200083,164.17141553829273,161.86692380922966,169.7875534315963,"rgba(38, 166, 154, 1.0)",3.939191274981999,170.95257210494592,1.0173224947225763,71.67294330623668,15.56821347455211,True,False,True,False,True,10.114407295316873,0.0,0.0,0.0,0.0,0,1.0108447716995475,0.9050382168153988,False,False,False,False,0.08760625892250597,0.07933512294660955,False,False,False,False,749275.0,727100.752941422,False,False,False,False,15727.740228372355,False,False,False,False
2025-10-17 18:00:00+00:00,174.965,175.305,174.76,174.94,13144.0,,172.2799748968245,173.02283493026917,171.77953048549654,171.45601988499942,171.09957675966612,170.64082734362924,169.57220207682613,169.40253903294982,168.98196406005695,167.84930979223054,166.7735401872405,166.72355344407026,165.98529215791308,165.50657282050835,164.54101954849176,163.62818089854918,163.30187451024227,162.51101920066193,161.269431038657,160.86064284984397,160.5228007840621,160.21556395222083,,170.83429104140774,172.5702731859114,172.01894971826823,171.5972575274365,171.21297323394305,170.66753236117302,169.77092231449456,169.47133135074185,169.19274572579656,168.91160986472497,167.0617215902513,166.3552186993532,164.98532663181314,164.62000914104138,164.19031563937426,162.59814873135468,161.8859219125472,160.9387050851249,160.561896018008,160.26756012899278,160.174961985437,159.53227620914905,170.83429104140774,172.01894971826823,170.66753236117302,166.3552186993532,164.19031563937426,161.8859219125472,169.80927966662702,"rgba(38, 166, 154, 1.0)",3.8458948009290674,170.9766155518812,1.0305493658228384,71.97013858148904,16.228060017362566,True,False,True,False,True,10.051778276570555,0.0,0.0,0.0,0.0,0,1.0107350290406565,0.9075505707991186,False,False,False,False,0.10378533650449043,0.09156022972554999,False,False,False,False,736131.0,727240.7567717875,False,False,False,False,15687.682240335573,False,False,False,False
2025-10-17 19:00:00+00:00,174.985,175.665,174.625,175.305,18051.0,,172.3246892221854,173.04334794024138,171.80443359144604,171.48030207714405,171.12335895738045,170.664525481517,169.59570756505275,169.4244080164206,169.00384513800554,167.8724348954407,166.79811183868281,166.7481732040886,166.01077559915464,165.53240243136136,164.5671979990405,163.6546727020059,163.32829073733745,162.53726262271357,161.29589123031755,160.8868045773631,160.54877264413076,160.24150589071738,,171.00931932001993,172.592753227025,172.04367459120417,171.6218067563139,171.23687753635258,170.69122844362812,169.79551413459964,169.49354054957146,169.21443254156804,168.93355322069718,167.0859645691592,166.38029959545324,165.01131004741015,164.64616250644758,164.21663460644402,162.62438694237738,161.9123130007881,160.96494072073824,160.5878794768577,160.2935067548832,160.2008961904837,159.55832826657036,171.00931932001993,172.04367459120417,170.69122844362812,166.38029959545324,164.21663460644402,161.9123130007881,169.83972312049409,"rgba(38, 166, 154, 1.0)",3.751617128795861,171.01036592692785,1.1447421007086054,72.81481149708213,17.453195753691574,True,False,True,False,True,10.929720506893862,0.0,0.0,0.0,0.0,0,1.0093932368694536,0.9059876888640178,False,False,False,False,0.10892342690334851,0.10024182831444925,False,False,False,False,754182.0,727658.4504652482,False,False,False,False,15724.322825756726,False,False,False,False
2025-10-20 14:00:00+00:00,175.69,175.765,175.12,175.76,13954.0,,172.3624237525767,173.06147465832098,171.82539702988672,171.50060490584363,171.14311793458532,170.68407791413273,169.61487063501525,169.44221859574623,169.02160440091288,167.89106115189344,166.81779584671057,166.767891492339,166.0311254892565,165.55299498194992,164.58801015144817,163.6756871227163,163.349230821217,162.55803409973953,161.31679023188136,160.90745608532816,160.5692649787742,160.261966194097,,171.14581469213653,172.61216833056292,172.06461722725385,171.64239071504278,171.25677606071406,170.71078643311532,169.8155938530801,169.5116373715551,169.23206441047705,168.9513532744799,167.10541067538685,166.40035633388223,165.0319926279007,164.66695908586428,164.2375396105074,162.64515765396877,161.93317810783861,160.9856527267657,160.60838204290388,160.31397215742751,160.2213493165358,159.5788573915095,171.14581469213653,172.06461722725385,170.71078643311532,166.40035633388223,164.2375396105074,161.93317810783861,169.86450532739624,"rgba(38, 166, 154, 1.0)",3.6700233202480588,171.0380054125212,1.2866388508832804,74.14452830708575,19.107901717701424,True,False,True,False,True,12.012758570217066,0.0,0.0,0.0,0.0,0,1.0119784388101416,0.9045318426831702,False,False,False,False,0.12253920336380696,0.1113905158391281,False,False,False,False,768136.0,728286.0093727637,False,False,False,False,15696.87596024112,False,False,False,False
2025-10-20 15:00:00+00:00,175.77,176.345,175.535,175.645,9012.0,,172.38852902404687,173.0744072723819,171.83986860958507,171.5145523010629,171.1566289892882,170.69737908683405,169.6277900127946,169.45421630030145,169.03353602584875,167.9035016836333,166.83088704254817,166.78100325556508,166.04462575366378,165.56663843529168,164.60176812939358,163.68955391898496,163.36304086080264,162.57171599040325,161.33053255239307,160.9210292885882,160.5827285315324,160.2754041650191,,171.23527688755095,172.62581152030032,172.07913793880638,171.65656004625293,171.2704016657571,170.7240950560016,169.8291474895673,169.52383270564016,169.24392605196394,168.96330727390978,167.11835693954725,166.4136769916465,165.04567847389671,164.68070909060452,164.2513489543112,162.65884083920153,161.94690924200899,160.99926686593963,160.62185290075544,160.32741423305913,160.23478199184336,159.59233087561262,171.23527688755095,172.07913793880638,170.7240950560016,166.4136769916465,164.2513489543112,161.94690924200899,169.88121823697995,"rgba(38, 166, 154, 1.0)",3.5776961382502956,171.0567351728655,1.282463532349743,74.39079332668356,19.738998357478835,True,False,True,False,True,11.635063628703247,0.0,0.0,0.0,0.0,0,1.0224265440735556,0.8969418348990605,False,False,False,False,0.14541247539406202,0.12840149561659506,False,False,False,False,759124.0,728764.1177545813,False,False,False,False,15593.234472485441,False,False,False,False
2025-10-20 16:00:00+00:00,175.645,176.53,175.53,176.53,6813.0,,172.4100081601069,173.0853486783563,171.85170437357326,171.5258972560209,171.16756183982227,170.7080800028143,169.6380773884382,169.4637590932831,169.04299746744456,167.9133002562715,166.84114761387139,166.79127790566363,166.055176138583,165.57728431280174,164.61247454039298,163.70032177555106,163.37375732638003,162.58231690585671,161.34115812531533,160.93151790804026,160.59312755738915,160.28577911962742,,171.3057194802831,172.63717955745082,172.09107036284948,171.66811190227142,171.28144466803636,170.73480529397705,169.83995613075652,169.53353743491166,169.25334611674,168.9727819041631,167.12851603508346,166.42410062717124,165.05634134427413,164.6914114650777,164.26208600335406,162.669444454855,161.95753664464394,161.0097882678141,160.6322581269209,160.33779307503875,160.24515230304712,159.60272411985827,171.3057194802831,172.09107036284948,170.73480529397705,166.42410062717124,164.26208600335406,161.95753664464394,169.89459622751772,"rgba(0, 255, 255, 0.75)",3.5061235042451724,171.0718254903376,1.5567547757669422,76.0449773561327,21.66012801966619,True,False,True,False,True,13.72373387117478,0.0,0.0,0.0,0.0,0,1.0285714285714282,0.8902697302697302,False,False,False,False,0.14956585268423547,0.13898367415041527,False,False,False,False,765937.0,729340.4415103242,False,False,False,False,15457.106806245356,False,False,False,False
2025-10-20 17:00:00+00:00,176.53,177.26,176.525,177.15,9858.0,,172.44698941313615,173.1049886439703,171.871777148072,171.54494667768174,171.1857430531994,170.72568471668353,169.654672956112,169.4791167185923,169.05813450714606,167.9287713314313,166.85719142526602,166.80733733187876,166.07157678589786,165.593781633069,164.62897407932013,163.71684196368656,163.39017506067347,162.59850562689763,161.3573133916215,160.94744465248561,160.6089023700855,160.30150346685963,,171.41991102539126,172.65708504851824,172.1114779147733,171.68759028120687,171.2998630372551,170.7524356090814,169.8574459523947,169.54917119229106,169.26846067613252,168.98792593810776,167.14443907587946,166.44034697245922,165.07281384551464,164.70791169506396,164.278603040833,162.68564275611786,161.9737284268144,161.02576858008257,160.64804415831483,160.3535256382897,160.26086781313347,159.61844681279416,171.41991102539126,172.1114779147733,170.7524356090814,166.44034697245922,164.278603040833,161.9737284268144,169.91652333730235,"rgba(0, 255, 255, 0.75)",3.5216849890578774,171.0968932459017,1.718809823395828,77.9943529083263,23.760805195051546,True,False,True,False,True,15.134388322486576,0.0,0.0,0.0,0.0,0,1.031723143475126,0.8900504686373467,False,False,False,False,0.18965173156575343,0.16431770285808434,False,False,False,False,775795.0,730060.6672233425,False,False,False,False,15370.298948784188,False,False,False,False
2025-10-20 18:00:00+00:00,177.145,177.7,177.135,177.615,14396.0,,172.50583163374753,173.13700951454902,171.90368045666077,171.5750907936386,171.21438724845137,170.75327876959653,169.68043556558527,169.50293428148558,169.08153907912578,167.95252517297197,166.8816942517255,166.83185866730915,166.09654382965408,165.61885255783892,164.65397209770583,163.74180916578356,163.4149678208141,162.62290925698514,161.38160640003125,160.97137724263717,160.63259342017736,160.32510690396404,,171.59306746610326,172.6891870442158,172.14403625909745,171.71847062822914,171.3289201938162,170.78007756834,169.88463400939682,169.57342806885143,169.29186588150134,169.01132990470336,167.16878918412263,166.46511511322734,165.09780453859102,164.73291654809924,164.30360262292996,162.71006542709537,161.9981049814608,161.049784779978,160.67175358315717,160.3771433805433,160.28445646297587,159.64202262551476,171.59306746610326,172.14403625909745,170.78007756834,166.46511511322734,164.30360262292996,161.9981049814608,169.95062922344422,"rgba(0, 255, 255, 0.75)",3.5470164940414963,171.13609211241308,1.8265795770813609,79.86147171969154,25.707387072653958,True,False,True,False,True,16.170856712360287,0.0,0.0,0.0,0.0,0,1.0328828648193444,0.8875967437943617,False,False,False,False,0.21434195590585262,0.18932982938196846,False,False,False,False,790191.0,730992.920444686,False,False,False,False,15355.193538725518,False,False,False,False
2025-10-20 19:00:00+00:00,177.615,177.94,177.415,177.63,20193.0,,172.58896436662837,173.18295420971796,171.94923507668585,171.6181221281075,171.2552601738145,170.7926224700716,169.71710728055234,169.53684611507992,169.11484215438628,167.98626563723766,166.9164490518614,166.86663778271466,166.13192670675937,165.65436734516246,164.689358094002,163.77713049132817,163.45003650361974,162.65741441221851,161.41593470808075,161.0051918433478,160.66606303971795,160.35844890919304,,171.82679565819436,172.73515140362213,172.19054911964386,171.76255842753196,171.3703887308004,170.81949143389954,169.92333252178364,169.6079653648256,169.325181937764,169.04462822275417,167.20333918372393,166.50022957327613,165.1331916861664,164.76831415710464,164.3389823077564,162.7445990135112,162.03256097075163,161.08371826838334,160.70524962842885,160.41050623589697,160.31777709777157,159.6753168156196,171.82679565819436,172.19054911964386,170.81949143389954,166.50022957327613,164.3389823077564,162.03256097075163,169.99867378925748,"rgba(0, 255, 255, 0.75)",3.5733600245228976,171.19124255980574,1.8018776154675127,81.12481350860192,27.061414430946613,True,False,True,False,True,16.204363744497094,0.0,0.0,0.0,0.0,0,1.0333734456478136,0.8862013638186922,False,False,False,False,0.22666364632264846,0.20799673785230846,False,False,False,False,810384.0,732223.7898951559,False,False,False,False,15430.198290063106,False,False,False,False
2025-10-21 14:00:00+00:00,177.65,178.09,176.26,176.71,13024.0,177.02,172.63457106824293,173.20792056700813,171.9749786222921,171.64264234118355,171.2787354295774,170.81541302550048,169.73868545347062,169.55685367302877,169.1345826847861,168.0064683066058,166.93741490715945,166.8876248896915,166.15336949893077,165.67594444755417,164.71095537035984,163.79876851818264,163.47154640801978,162.67863737396536,161.43712746471658,161.02609147086352,160.68676804921247,160.37909079577804,,171.95267230822483,172.7605462534325,172.2166651310927,171.78759318624395,171.39414938262482,170.84231217764048,169.94603570498393,169.6283226996189,169.34488650106823,169.06438003067368,167.2241428285823,166.52146563246478,165.15474643473337,164.78991101374208,164.36060784145295,162.76583338206305,162.05379485464053,161.1046868186365,160.72596889895567,160.4311583924845,160.33840781156292,159.6959618172631,171.95267230822483,172.2166651310927,170.84231217764048,166.52146563246478,164.36060784145295,162.05379485464053,170.4607625122079,"rgba(38, 166, 154, 1.0)",3.585584660882208,171.60602151815576,1.4234717527457441,76.66751374987467,30.956068075891835,True,False,True,False,False,13.06517008110649,0.0,0.0,0.0,0.0,0,1.0220891497461926,0.8868972081218274,False,False,False,False,0.20290717719894125,0.20545195752562484,False,False,False,False,797360.0,733233.6536177116,False,False,False,False,15392.892890217166,False,False,False,False
2025-10-21 15:00:00+00:00,176.705,176.8,173.11,173.74,28192.0,175.33050465838508,172.6763157662142,173.22656047648587,172.0029691182401,171.6709310447219,171.30731899157348,170.84476564706375,169.76926254277495,169.58558521712587,169.1636979315855,168.03799205563286,166.97145618180264,166.92175587132562,166.18901210040798,165.7122624627642,164.7481178151718,163.83666003072736,163.509428404411,162.71648760465618,161.47556487555923,161.06418712487954,160.72465682160083,160.41699174354162,174.55,172.08215427027446,172.7832123132645,172.24366200941282,171.81577601250115,171.42262032825693,170.8716171228595,169.97769845709257,169.657410025677,169.37357973417878,169.0936310593593,167.25759527691102,166.55639509017334,165.19148027735494,164.8270111904678,164.39808289721475,162.8036545818493,162.09200087511533,161.14287233343782,160.76386704713215,160.46905691294697,160.37630478850997,159.73413488517798,172.08215427027446,172.24366200941282,170.8716171228595,166.55639509017334,164.39808289721475,162.09200087511533,170.7455228845088,"rgba(38, 166, 154, 0.5)",3.5620304653426897,171.8034955389045,0.5436518524861048,64.47320042309954,19.953743267705136,True,False,True,False,False,4.096977499761941,0.0,0.0,0.0,0.0,0,1.0147814402023556,0.9025373488261796,False,False,False,False,0.10024895301450575,0.1528504552700653,False,False,False,False,769168.0,733790.7752670494,False,False,False,False,15591.328659361086,False,False,False,False
2025-10-21 16:00:00+00:00,173.78,174.38,173.28,173.825,11185.0,175.00986600128496,172.68619141086543,173.2298582570071,172.01080739284436,171.67922730801456,171.3160282895623,170.85404031076746,169.77947136085112,169.59524910061296,169.1736265992044,168.04903819774313,166.98359958218464,166.93393991743355,166.20185604535806,165.72541929377178,164.76170430584008,163.85061166925314,163.52340845193012,162.73052592811698,161.48991401689483,161.07843630866472,160.73884996699877,160.4312076346652,174.3450112586874,172.1160211797373,172.78843814262933,172.2509029798289,171.8238893758653,171.4312003361271,170.88085979970919,169.9881763942412,169.66716701524192,169.38330125663737,169.10362646438927,167.26947777163394,166.56892554591934,165.20485701877394,164.84056571032244,164.41182313009435,162.8176749628893,162.1062198955839,161.15714992671175,160.77806131357494,160.48326887264213,160.39052154375509,159.74849045510925,172.1160211797373,172.2509029798289,170.88085979970919,166.56892554591934,164.41182313009435,162.1062198955839,170.73396062812415,"rgba(38, 166, 154, 0.5)",3.5428192825011395,171.78638744313469,0.5754209837725888,56.60284597304741,13.414075200770576,False,False,True,False,False,4.307215992086338,0.0,0.0,0.0,0.0,0,1.017202336021612,0.908307178896349,False,False,False,False,0.04915003979088611,0.1010002475304757,False,False,False,False,780353.0,734512.6702241495,False,False,False,False,15523.013486347734,False,False,False,False
2025-10-21 17:00:00+00:00,173.825,174.49,173.765,174.435,13778.0,174.84750341246215,172.70232340185626,173.23656449594029,172.02248422265194,171.6912533012455,171.32837636024118,170.86691835401425,169.79321707196237,169.60821683761344,169.1868494589799,168.06352903062864,166.99937351784968,166.94976057392554,166.21844849407802,165.74236821994552,164.7791237145224,163.86843392137135,163.54124670339215,162.74839417180513,161.50811786369667,161.09649677644887,160.75682648539367,160.44920158164317,174.31519985576773,172.16534808016792,172.797262951852,172.26198036338553,171.83577897194778,171.4434426089683,170.8937068234295,170.00234714826294,169.68027749960322,169.39629519829816,169.11692305331908,167.28494879776545,166.58515245139316,165.22204288010963,164.85795022663083,164.42941342532606,162.83552496971325,162.12428655499818,161.17524946601878,160.7960407262211,160.50125973213835,160.40851512467526,159.7666372331891,172.16534808016792,172.26198036338553,170.8937068234295,166.58515245139316,164.42941342532606,162.12428655499818,170.73959525568551,"rgba(38, 166, 154, 0.5)",3.5188004226451715,171.79014133767254,0.751636451248138,53.225465937855034,10.95362328518376,False,False,False,False,False,5.809590544407104,0.0,0.0,0.0,0.0,0,1.013254494225961,0.906028016984801,False,False,False,False,0.06262707681553724,0.08181366217300648,False,False,False,False,794131.0,735436.9854144726,False,False,False,False,15495.95901369118,False,False,False,False
2025-10-21 18:00:00+00:00,174.5,174.77,174.42,174.525,14572.0,174.7977270250523,172.7227569229876,173.2459659696423,172.03659184151178,171.70554476905906,171.34284709339025,170.88180496016227,169.80877526921256,169.62286122332662,169.2017016556858,168.07962627302487,167.01676671566796,166.9672002265067,166.23666788505378,165.76093916618737,164.79814088243594,163.88783611327617,163.560649372346,162.76779237241647,161.52782979395272,161.11603965460986,160.77626772074902,160.46865206035383,174.37038071965392,172.22330185654383,172.8086773940877,172.27557265727697,171.85000288100557,171.45784771901495,170.90856791828938,170.0184348165224,169.69509693253121,169.41092841154426,169.13184575917117,167.3020380280867,166.60300353045332,165.2408347743521,164.8769344128946,164.44859514609104,162.85490724461553,162.14387350458392,161.19483716467866,160.81548633139684,160.52070846886286,160.42796397697256,159.786232571021,172.22330185654383,172.27557265727697,170.90856791828938,166.60300353045332,164.44859514609104,162.14387350458392,170.75531460155835,"rgba(38, 166, 154, 0.5)",3.4968844795126546,171.806288100441,0.7774668895947892,51.25040692236472,9.453777873896883,False,True,False,False,False,6.0302630883140935,0.0,0.0,0.0,0.0,0,1.0153852285862328,0.9096018175295947,False,False,False,False,0.08385318134099984,0.08283342175700316,False,False,False,False,808703.0,736572.892617349,False,False,False,False,15481.634067742478,False,False,False,False
2025-10-21 19:00:00+00:00,174.56,175.36,174.245,175.14,23548.0,174.82420421097035,172.76080855732164,173.26474475166071,172.0621055371155,171.73107295710898,171.3684182019648,170.9078251313288,169.83550090318016,169.6479736037717,169.22705353111076,168.106838211924,167.04597511791198,166.9964790196703,166.26714845763576,165.79194781620876,164.8297906219185,163.92004414468056,163.59283291516851,162.7999130831372,161.56039350871688,161.14830370381603,160.80834790198347,160.500733009697,174.51088682552725,172.32413610787194,172.83034798189917,172.3004368156546,171.8755388394876,171.4833836865209,170.9345581393001,170.04613636523817,169.7205286440425,169.43596281727642,169.15729982403448,167.33078130379582,166.6329180198277,165.27215439559933,164.9085369554751,164.48048556492247,162.88700742113858,162.17626641522918,161.22717894578446,160.84757558215603,160.5527889525899,160.46004039193167,159.81852152654642,172.32413610787194,172.3004368156546,170.9345581393001,166.6329180198277,164.48048556492247,162.17626641522918,170.78915988342757,"rgba(38, 166, 154, 0.5)",3.485643634903455,171.84288169735945,0.9459137674387831,51.803764909413985,9.453777873896883,False,True,False,False,False,7.530691200388482,0.0,0.0,0.0,0.0,0,1.009387625762497,0.90604452190446,False,False,False,False,0.09329746920487186,0.0880654454809375,False,False,False,False,832251.0,738056.2741271576,False,False,False,False,15606.694004676703,False,False,False,False
2025-10-22 14:00:00+00:00,175.83,176.36,175.42,176.05,7387.0,174.89822429251052,172.77804359152177,173.2741656465758,172.07286766835756,171.74155716571622,171.37866864103356,170.91799558327912,169.84551281004372,169.65733079019887,169.23638955440603,168.11661263493588,167.05628489945013,167.0068063744284,166.27779789942218,165.80272355878276,164.8406865701686,163.93105040996082,163.6038048743899,162.81080667385405,161.5713602001855,161.15914756595328,160.81911288658264,160.51148332510138,174.61813665173352,172.3661733445076,172.84036267267203,172.3111703672918,171.8861426408911,171.49369401941527,170.94473033963135,170.05658361922087,169.73002485028726,169.4452343941622,169.16665653504532,167.3409699025382,166.64341753709704,165.2829809094356,164.9194242930571,164.49143153811696,162.89789996595277,162.1872117951966,161.23805301385246,160.85834555178886,160.5635415934469,160.47078726549424,159.82931021133433,172.3661733445076,172.3111703672918,170.94473033963135,166.64341753709704,164.49143153811696,162.1872117951966,170.80721355959417,"rgba(38, 166, 154, 1.0)",3.485305055992482,171.86361885838534,1.2011520008605252,54.53552667969323,9.453777873896883,False,True,True,False,True,9.67638159561331,0.0,0.0,0.0,0.0,0,1.0147804552065725,0.8986202287825775,False,False,False,False,0.14310720335976274,0.11558632442035012,False,False,False,False,839638.0,739631.1846058064,False,False,False,False,15479.256888325126,False,False,False,False
2025-10-22 15:00:00+00:00,176.055,176.19,175.2,175.38,5035.0,174.92806545808662,172.78838501170245,173.27970405702078,172.07950248913735,171.7480749608804,171.38509030351807,170.9244185267281,169.85192383358927,169.66333514677535,169.2424036983765,168.12296081254735,167.06301954944402,167.01355410072955,166.28477830708684,165.80979977359843,164.84786508310725,163.93832044645862,163.6110584050887,162.81802193741626,161.57864201394446,161.16635323982382,160.82627034552584,160.51863462101926,174.66532540317783,172.39149547569312,172.8463787858114,172.31774203393084,171.89271191295714,171.50013842280663,170.95115166851446,170.06325717279884,169.73611376123262,169.4511959993645,169.17268756903252,167.34761600174528,166.65028909370628,165.29010354079878,164.9265953740959,164.49865054772812,162.90511313892753,162.19447085991783,161.2452777373692,160.86550585346794,160.57069383881205,160.4779367371317,159.83649447785368,172.39149547569312,172.31774203393084,170.95115166851446,166.65028909370628,164.49865054772812,162.19447085991783,170.81705008622404,"rgba(38, 166, 154, 1.0)",3.476838962500938,171.87467119451568,1.0081941796242642,54.13946573465429,9.453777873896883,False,True,True,False,True,7.70043179091855,0.0,0.0,0.0,0.0,0,1.0135289259448617,0.9056908011169227,False,False,False,False,0.1341308290486233,0.12485857673448672,False,False,False,False,834603.0,741103.615852228,False,False,False,False,15317.33042494024,False,False,False,False
2025-10-22 16:00:00+00:00,175.305,175.67,174.84,175.62,4771.0,174.94568206137026,172.79737340909125,173.28444533276087,172.08538571315492,171.75388885754484,171.39084941368031,170.93021087643288,169.8577601534533,169.66880907895208,169.24790083089636,168.12879461924976,167.06923186879757,167.0197794401049,166.29123163988908,165.81634947342417,164.85452345290133,163.94507495590102,163.61780125466584,162.824737295693,161.585430092198,161.17307357261785,160.83294821132046,160.525308867354,174.69661397831618,172.4135494742873,172.8516138376999,172.32354047663043,171.898557338948,171.50590869482073,170.95694087781175,170.06932245478478,169.74166190973065,169.45663841382654,169.17820230445298,167.35374100947575,166.65663547176217,165.2967040319196,164.9332458006396,164.50535097817806,162.91182571999002,162.20123262979666,161.25201522671213,160.87218609122203,160.57736861687266,160.48460955704925,159.8432039049223,172.4135494742873,172.32354047663043,170.95694087781175,166.65663547176217,164.50535097817806,162.20123262979666,170.82505609705098,"rgba(38, 166, 154, 1.0)",3.4803932805619557,171.88350284043636,1.0735847527439006,54.54047007701163,9.453777873896883,False,True,True,False,True,8.26960919184772,0.0,0.0,0.0,0.0,0,1.0069859878748946,0.9208254707511944,False,False,False,False,0.11395288070650722,0.11940572872049697,False,False,False,False,839374.0,742627.1876994803,False,False,False,False,15153.821426103957,False,False,False,False
2025-10-22 17:00:00+00:00,175.615,175.83,175.29,175.5,3620.0,174.9628781012213,172.8045810598382,173.28830822525816,172.0900564559754,171.75848606459465,171.3953866783795,170.9347568523612,169.86231105843572,169.67307408592123,169.2521761972425,168.13331437701927,167.07403183270648,167.02458893935085,166.29620991847986,165.82139788345967,164.859648214671,163.9502677742565,163.62298323536692,162.82989402979823,161.5906370427365,161.17822697834507,160.83806781606836,160.53042460779645,174.72385201805724,172.43097721778227,172.85582750876952,172.32815998386587,171.90318715531967,171.51045970692724,170.9614853055322,170.07405660455552,169.7459861028965,169.46087493120072,169.1824901639885,167.35847661777106,166.6615347149158,165.30178745592534,164.9383650024345,164.51050572997823,162.9169807522418,162.2064220457964,161.2571820819698,160.8773076556543,160.58248494611777,160.4897240640007,159.8483443122497,172.43097721778227,172.32815998386587,170.9614853055322,166.6615347149158,164.51050572997823,162.2064220457964,170.83159132979887,"rgba(38, 166, 154, 1.0)",3.4956817350534384,171.89077593216555,1.0324807409217054,54.37446290760128,9.453777873896883,False,True,True,False,True,7.911845813695713,0.0,0.0,0.0,0.0,0,1.0126669087095082,0.9177861148089875,False,False,False,False,0.12792906414476146,0.12366739643262922,False,False,False,False,835754.0,744071.0142467752,False,False,False,False,14975.002489265136,False,False,False,False
2025-10-22 18:00:00+00:00,175.5,175.945,174.75,175.865,7329.0,174.99370802848057,172.81895233982542,173.29601950378853,172.09941961376913,171.76771036017237,171.40449826188635,170.94389332092499,169.8714700949475,169.6816606423483,169.26078680232396,168.14242349200856,167.08371021601647,167.03428674613127,166.3062507073734,165.8315817877301,164.86998929666137,163.96074873371663,163.6334432346265,162.84030507559496,161.60115197406526,161.18863466447172,160.8484079033982,160.54075740972104,174.77271414455228,172.46544973726242,172.8642548683381,172.33741407665693,171.91247331172806,171.51959667690258,170.9706182805547,170.08358127432092,169.7546909329462,169.46940592310477,169.19112637550458,167.3680241103599,166.671414818501,165.31204377596717,164.9486946264587,164.52090833735457,162.9273881652028,162.21690036882447,161.26761675775955,160.88765162995497,160.59281885104969,160.50005444311503,159.85872795414437,172.46544973726242,172.33741407665693,170.9706182805547,166.671414818501,164.52090833735457,162.21690036882447,170.8443155653942,"rgba(38, 166, 154, 1.0)",3.517099493451994,171.90486462870334,1.1259662624470836,55.403561529418,9.453777873896883,False,True,True,False,True,8.79469734426155,0.0,0.0,0.0,0.0,0,1.0069586903181689,0.9160934797473953,False,False,False,False,0.11818663134329735,0.12092701388796329,False,False,False,False,843083.0,745606.0837933369,False,False,False,False,14856.459815012964,False,False,False,False
2025-10-22 19:00:00+00:00,175.83,176.415,175.72,175.94,12513.0,175.08273321191547,172.84766270071296,173.3120244705551,172.11763072933147,171.78546066955744,171.42185953504165,170.96112057555072,169.88843115756404,169.6975255868724,169.27661507274283,168.1589849308636,167.10116929876406,167.0517753199467,166.32428001782617,165.84982342613793,164.8884336094422,163.97937919653918,163.6520163493857,162.85874707589133,161.61971777458956,161.20699403680527,160.8666346889988,160.55895964130067,174.89148813764874,172.5320026238248,172.88123324734764,172.35557789419147,171.93042212815723,171.53705777674958,170.98784849359953,170.10126968469373,169.77078892574505,169.4851267601586,169.20698914579404,167.3852798864682,166.6891923570063,165.33037110067673,164.9671244068402,164.53943699040008,162.94582834496725,162.2354299006802,161.28602691808106,160.90588678823124,160.61102497435516,160.51825089817498,159.87699508821393,172.5320026238248,172.35557789419147,170.98784849359953,166.6891923570063,164.53943699040008,162.2354299006802,170.87072311855187,"rgba(38, 166, 154, 1.0)",3.5309993123955103,171.93473201161805,1.1343157089613478,56.32937522785039,9.453777873896883,False,True,True,False,True,8.976868776061462,0.0,0.0,0.0,0.0,0,1.0089019576250704,0.9183920083783129,False,False,False,False,0.15129793135602193,0.1361124726219926,False,False,False,False,855596.0,747311.3538120448,False,False,False,False,14820.127104702686,False,False,False,False
2025-10-23 14:00:00+00:00,175.12,176.155,174.97,175.56,5534.0,175.1003453653004,172.85836902154946,173.31784443727634,172.12468233369637,171.79241100931233,171.42872751712483,170.96800859136707,169.89533845533663,169.70400480528411,169.28311268089516,168.1658570914855,167.1084692502645,167.059089885231,166.33185251995812,165.85750375451767,164.8962327855156,163.98728414079505,163.6599058188762,162.8666003476019,161.62764984540496,161.21484573682113,160.8744357460988,160.56675536216287,174.91846805951616,172.55684925788816,172.8875859564341,172.36254693786867,171.9374176935609,171.54394422933058,170.99473382653073,170.10844976211632,169.77735660682478,169.49156455776412,169.21350599560526,167.39248141596804,166.69664398359623,165.3381062663779,164.97491491306673,164.5472826496128,162.9536788306603,162.24333410395315,161.2938988613914,160.91369074866574,160.61882150111484,160.52604481574255,159.88482932503877,172.55684925788816,172.36254693786867,170.99473382653073,166.69664398359623,164.5472826496128,162.24333410395315,170.87964658974124,"rgba(38, 166, 154, 1.0)",3.5358735582332748,171.9445045433672,1.0225183104226467,55.241791244606176,9.453777873896883,False,True,True,False,True,7.798968080531292,0.0,0.0,0.0,0.0,0,0.9966302952503208,0.9254653401797173,False,False,False,False,0.12804382129588274,0.13207814695893766,False,False,False,False,850062.0,748904.3870862767,False,False,False,False,14676.156141839077,False,False,False,False
2025-10-23 15:00:00+00:00,175.72,175.795,175.0,175.165,6180.0,175.1090099658726,172.8691657712477,173.3236121191357,172.13197173310368,171.79964679868482,171.43592343416617,170.97527293816142,169.90270407427178,169.7109256439847,169.29007423104366,168.17326611809702,167.11637383868322,167.06701170677383,166.34007328800575,165.86585304928883,164.90473187706348,163.99591505720576,163.66852525804796,162.87519215613057,161.63634374404495,161.22345631606174,160.88299447685074,160.57531137795695,174.93574317989842,172.58192579854696,172.89400681112147,172.36970856789688,171.94467928298724,171.5511458547751,171.00199285877693,170.11609135494982,169.78436767542644,169.49845217104547,169.2204913487657,167.40027115573577,166.70472423432034,165.34652670549278,164.98340301107763,164.5558390182671,162.96226636648873,162.25198994665507,161.3025307397324,160.92225225152436,160.6273778792638,160.53459925939217,159.89343410650898,172.58192579854696,172.36970856789688,171.00199285877693,166.70472423432034,164.5558390182671,162.25198994665507,170.88815337732612,"rgba(38, 166, 154, 0.5)",3.5429558560884753,171.95359988528594,0.9064183255897325,52.86787962803207,7.937321037134787,False,True,True,False,False,6.58516669308403,0.0,0.0,0.0,0.0,0,0.9938485043422322,0.9347056931489223,False,False,False,False,0.120476892779423,0.12627751986918034,False,False,False,False,843882.0,750376.908216722,False,False,False,False,14544.432790802812,False,False,False,False
2025-10-23 16:00:00+00:00,175.18,175.865,175.145,175.83,4682.0,175.12364425162684,172.8782540771088,173.32859846298416,172.13797821025943,171.80556407018105,171.44176778812806,170.9811307985077,169.90857243741118,169.71643117047512,169.29559370316636,168.17909899383457,167.12256603919354,167.07321616580714,166.34649449616907,165.87236467087695,164.91134269663465,164.0026142883258,163.6752110969285,162.88184670650378,161.64306397640726,161.23010833896586,160.88960347497752,160.5819156797376,174.95713172336607,172.60262599759642,172.8994342129139,172.3756483640969,171.95063627819565,171.55700680417814,171.00784863086488,170.12219125305043,169.78994833738537,169.5039218152652,169.22602685217188,167.40638072426464,166.71104388634217,165.3530839691772,164.99000659637605,164.5624887270948,162.9689186340052,162.25868706003354,161.3091999257464,160.92886372822352,160.6339828931448,160.5412020127501,159.90007058538097,172.60262599759642,172.3756483640969,171.00784863086488,166.71104388634217,164.5624887270948,162.25868706003354,170.89564868648134,"rgba(38, 166, 154, 1.0)",3.5636057632725673,171.96179495252255,1.0854750228951167,53.88021946673385,7.937321037134787,False,True,True,False,False,8.265787436726914,0.0,0.0,0.0,0.0,0,0.9928829915560917,0.933775633293124,False,False,False,False,0.12540524903801628,0.12584138445359833,False,False,False,False,848564.0,751899.1887094859,False,False,False,False,14391.526856061682,False,False,False,False
2025-10-23 17:00:00+00:00,175.79,176.41,175.73,176.38,3558.0,175.14629199311125,172.8865262776259,173.33329846259818,172.14326215109816,171.81070804636673,171.44679291845375,170.98610945475028,169.91346090827682,169.7210047965991,169.30015290528152,168.18385890240666,167.12757561495175,167.0782338887175,166.35166275444305,165.8775913877105,164.91662360400937,164.00794537609357,163.68052497203436,162.8871212924427,161.64837111212552,161.2353559662945,160.89481276730018,160.58711745298785,174.98562218535196,172.62105963964328,172.90439227817814,172.38092589106347,171.95584042316636,171.56206275859043,171.01282856609208,170.1272895314779,169.79458925578516,169.5084522303781,169.23059529785345,167.41133389371032,166.71614212271191,165.3583331113152,164.99528363101487,164.5677925110154,162.9741929085769,162.26398514402655,161.31446214806036,160.9340754721403,160.6391858623503,160.54640207363707,159.90528971185444,172.62105963964328,172.38092589106347,171.01282856609208,166.71614212271191,164.5677925110154,162.26398514402655,170.90289073086115,"rgba(38, 166, 154, 1.0)",3.5995622456562377,171.96994360522598,1.2251646433106806,56.35586257212663,7.937321037134787,False,True,True,False,True,9.62119955138052,0.0,0.0,0.0,0.0,0,0.9994378413106326,0.9258753613877285,False,False,False,False,0.15141343519521033,0.13862740982440433,False,False,False,False,852122.0,753453.0307449978,False,False,False,False,14223.565199378554,False,False,False,False
2025-10-23 18:00:00+00:00,176.38,176.76,176.38,176.64,3471.0,175.1761216066136,172.89558238400068,173.33854445333543,172.14893939304847,171.8161965708541,171.45211960078913,170.99134969287172,169.91854197497685,169.72575037374932,169.30486623674162,168.18874078206994,167.13268401810458,167.08334938937134,166.35691478301553,165.88289298704066,164.92196265317983,164.01332100563727,163.68587869448083,162.89242540622377,161.65369434299149,161.24061556470951,160.900030867221,160.592325343241,175.02154227414627,172.64096467762027,172.9098342486647,172.38662887563947,171.96140932492287,171.56743269567252,171.0180721292498,170.13259980264027,169.79940787204302,169.5131440792927,169.23531550994133,167.41639192085051,166.72133105083688,165.363647671541,165.0006200840882,164.57314901961632,162.97949775420653,162.26930574252262,161.31973711293992,160.93929637693967,160.6443953958195,160.55160790364667,159.91050936232455,172.64096467762027,172.38662887563947,171.0180721292498,166.72133105083688,164.57314901961632,162.26930574252262,170.91102119548842,"rgba(38, 166, 154, 1.0)",3.6381448841671507,171.97921581022766,1.2810881199524526,58.79523166912296,4.129605291068323,False,True,True,False,True,10.255522083759498,0.0,0.0,0.0,0.0,0,1.010480912645624,0.9198210182609746,False,False,False,False,0.17459922908640682,0.15661331945540558,False,False,False,False,855593.0,755036.5961598039,False,False,False,False,14056.858762178887,False,False,False,False
2025-10-23 19:00:00+00:00,176.645,176.89,176.09,176.09,17333.0,175.28630504939542,172.9372987519829,173.36260388147335,172.17557601533457,171.84206842071535,171.477338178558,171.01627242033754,169.94290429906457,169.74853714513674,169.32755082226143,168.2123505631647,167.157475275697,167.1081787005892,166.38245672451933,165.90870579895363,164.94801200934666,164.03959277933268,163.71205809272962,162.9183945684449,161.6797998994755,161.2664223528834,160.9256442824115,160.61789724632453,175.15555107091012,172.7316736290099,172.93504037819358,172.41328882625479,171.98760883764913,171.59282301404306,171.04300464320542,170.15802088274393,169.82253388300634,169.53570082534623,169.25804112024113,167.44091758936264,166.7465421819189,165.3895539886028,165.0266526693202,164.59930110554484,163.00546718679482,162.29537797978406,161.34561676868503,160.96492242050698,160.6699739353372,160.57717081049336,159.93615666873538,172.7316736290099,172.41328882625479,171.04300464320542,166.7465421819189,164.59930110554484,162.29537797978406,170.94674656894713,"rgba(38, 166, 154, 1.0)",3.666231148990915,172.01942715391803,1.1102881080486013,57.72439042248682,4.129605291068323,False,True,True,False,True,8.506652079829209,0.0,0.0,0.0,0.0,1,1.0062269002089024,0.9170014462477905,False,False,False,False,0.17087762350795702,0.16374547148168128,False,False,False,False,838260.0,756326.8814906597,False,False,False,False,14107.651649586966,False,False,False,False
2025-10-24 14:00:00+00:00,177.79,178.815,177.275,178.485,9132.0,175.42247430422964,172.97045442348434,173.38280071638562,172.19557426803016,171.86107321847234,171.4954783550489,171.03379009897048,169.95931682088343,169.76379590655802,169.3425484647758,168.22752498776285,167.17307792044508,167.12379168635368,166.39832733534593,165.92463389342763,164.96388837670304,164.05544470491543,163.72780272528902,162.93389912016863,161.695231468537,161.28163245947462,160.9407054271006,160.6329035353334,175.30804148791842,172.8010071631657,172.9552154561735,172.4336606065216,172.00703178520112,171.6112032354256,171.06055107348791,170.17527096070177,169.83805578048302,169.5507063409277,169.27303601762455,167.45643337037288,166.76229796136556,165.40542935014733,165.04253372672628,164.61517600812851,163.02098375043013,162.31086305428013,161.36087822425796,160.97999496159557,160.6849891889388,160.59216788634288,159.9511433951485,172.8010071631657,172.4336606065216,171.06055107348791,166.76229796136556,164.61517600812851,162.31086305428013,170.97687657797618,"rgba(0, 255, 255, 0.75)",3.7422900417725713,172.05463517328468,1.7182967527737454,62.69106525207913,7.861169959415257,False,True,True,False,True,14.061164170901122,0.0,0.0,0.0,0.0,0,1.0084534860754493,0.8994272170649814,False,False,False,False,0.24419697949483749,0.20397122548825938,False,False,False,False,847392.0,757738.74379313,False,False,False,False,14030.509763546857,False,False,False,False
2025-10-24 15:00:00+00:00,178.48,179.12,178.35,178.99,6608.0,175.53391946137702,172.99704238913702,173.39920614145038,172.21147022442372,171.8761123867802,171.50976973324194,171.0475208560451,169.972055753277,169.7756235600443,169.35413762298933,168.23916719794926,167.184982905782,167.13570181007807,166.41039532354705,165.93672291725426,164.97589752557374,164.06740204485098,163.73966835338402,162.94555995574635,161.70680455380642,161.29302992501553,160.95198379222666,160.64413425586076,175.43120270518887,172.8558104765185,172.97145821694042,172.4499113283389,172.02243094620627,171.62570348123356,171.0743082197044,170.1886819135723,169.8500938371525,169.56231926854065,169.28461733627074,167.46828833871615,166.77429725401447,165.4174556869603,165.05454952559663,164.62717070104065,163.0326561365764,162.3224919917993,161.37231595302953,160.99128271466319,160.6962277145589,160.60339086253788,159.96234562842238,172.8558104765185,172.4499113283389,171.0743082197044,166.77429725401447,164.62717070104065,162.3224919917993,171.00086144443833,"rgba(0, 255, 255, 0.75)",3.827521014587706,172.08280563279865,1.804613048726889,66.7634049152314,11.556029957317826,False,False,True,False,True,15.137097281828318,0.0,0.0,0.0,0.0,0,1.0177246170851095,0.8968893099636823,False,False,False,False,0.27752816535598707,0.2407496954221232,False,False,False,False,854000.0,759231.1663699807,False,False,False,False,13915.432092794194,False,False,False,False
2025-10-24 16:00:00+00:00,178.985,179.595,178.88,179.145,5739.0,175.63565117854213,173.0214588921539,173.41438461605026,172.2260181272153,171.8898455373355,171.52279064467226,171.0599979837783,169.98357193963355,169.78630884186632,169.36458995642812,168.24962637312123,167.19564552295668,167.14636765940156,166.42118325404715,165.94751833311008,164.98660134162947,164.0780429804807,163.7502222793852,162.9559197676999,161.71706982510943,161.30313463908018,160.96197915107314,160.65408406646716,175.54279420979532,172.90563701345246,172.98641993917286,172.46481064413445,172.03650618473742,171.6389238976542,171.0868111544918,170.20081577954048,169.86097220646562,169.57280169497335,169.2950598002308,167.4789142629482,166.78503309331086,165.42818382062504,165.06526082281408,164.63785494013368,163.04302747816897,162.3328147579896,161.38245725853145,161.0012868247587,160.70618499519028,160.61333338237952,159.97226316796934,172.90563701345246,172.46481064413445,171.0868111544918,166.78503309331086,164.63785494013368,162.3328147579896,171.02266896243003,"rgba(0, 255, 255, 0.75)",3.9129566618902403,172.10847166223127,1.798263805551476,69.7124739779494,14.17690012632076,True,False,True,False,True,15.466303638157449,0.0,0.0,0.0,0.0,0,1.0207157057654075,0.905009940357853,False,False,False,False,0.3021820777026448,0.271465886562384,False,False,False,False,859739.0,760789.4273564925,False,False,False,False,13788.665703758623,False,False,False,False
2025-10-24 17:00:00+00:00,179.145,179.495,178.935,179.02,6511.0,175.7427251655732,173.04867673152532,173.43134155633223,172.24231650485328,171.90524368995142,171.53740131427332,171.07400924437076,169.9965224735161,169.79832946329245,169.37635337728815,168.2614071259732,167.20766261325255,167.1583887112821,166.4333462067451,165.95969242815167,164.99867722114666,164.0900520670866,163.76213464062678,162.96761626267718,161.728663703484,161.31454858582453,160.97327064250317,160.66532496117344,175.65983004282148,172.96072786359528,173.00315373373004,172.4814934150725,172.05228249253824,171.653755087189,171.10085082450328,170.2144560243141,169.87320867940983,169.5845968519963,169.30681280245457,167.49088816085788,166.79713520772006,165.44028491531705,165.07734475208585,164.64991038510547,163.05473666603825,162.3444715728184,161.39391226439633,161.01258808613517,160.7174341862611,160.6245661532391,159.98346931527513,172.96072786359528,172.4814934150725,171.10085082450328,166.79713520772006,164.64991038510547,162.3444715728184,171.04649735799867,"rgba(0, 255, 255, 0.75)",3.990174870289378,172.13644350888143,1.7251265207380169,71.05417005699078,15.395802259545505,True,False,True,False,True,15.05874643152029,0.0,0.0,0.0,0.0,0,1.0241122314774223,0.9009206488382291,False,False,False,False,0.30107071927378404,0.286268302918084,False,False,False,False,853228.0,762222.5835215081,False,False,False,False,13675.83367734376,False,False,False,False
2025-10-24 18:00:00+00:00,179.02,179.165,178.76,179.045,7264.0,175.8494755452573,173.07796956243547,173.44961563561995,172.25999040015625,171.92196804595406,171.55329458098305,171.0892751880597,170.01067582620752,169.8114750771344,169.38922961037315,168.2743276232193,167.22086176430267,167.17159305639566,166.4467180202035,165.97308356264455,165.01197335247736,164.10328534197885,163.77526497953528,162.98051671408626,161.74146160575268,161.32715126220947,160.98574072321898,160.67774134390552,175.77616226319515,173.01949446549588,173.02123272426294,172.4995633475375,172.06940604709317,171.6698808442732,171.11614639025103,170.22935316875623,169.8865875161325,169.5975023415152,169.31967940357416,167.5040349567949,166.81043449084643,165.4536030769998,165.0906487459514,164.66318828309508,163.06765029056461,162.3573338125919,161.40655962613118,161.02506866658575,160.7298593692681,160.63697384751865,159.99585177531912,173.01949446549588,172.4995633475375,171.11614639025103,166.81043449084643,164.66318828309508,162.3573338125919,171.07155181539926,"rgba(0, 255, 255, 0.75)",4.062925906155841,172.16573573500295,1.6931798472066861,71.99715725608321,16.392237325303853,True,False,True,False,True,15.113805944343028,0.0,0.0,0.0,0.0,0,1.0198339851544416,0.9043020193151889,False,False,False,False,0.28864749523257177,0.2874578990753279,False,False,False,False,860492.0,763746.140366136,False,False,False,False,13576.425403276415,False,False,False,False
2025-10-24 19:00:00+00:00,179.04,179.165,178.025,178.025,12587.0,175.98720182713697,173.12309435279454,173.47768433558193,172.28775426349978,171.9483785208283,171.5785205940857,171.1136405732593,170.03350452295143,169.8327187316738,169.41010541146667,168.29542438429144,167.2425298852061,167.1932746809384,166.46874378100355,165.9951826577395,165.03399131296084,164.1252613719301,163.79709083946943,163.00200636254442,161.76284223127638,161.34822470997446,161.00660718616464,160.69853051537453,175.92620684052133,173.10894128045396,173.04925750065345,172.52783747932338,172.09638701911354,171.69543649573492,171.14055170486893,170.2533316614753,169.9081937191749,169.61839360159945,169.3405499282672,167.52558794278698,166.83230723605635,165.4756241297588,165.11267392236408,164.68520089674408,163.089157111018,162.37879215554474,161.4277041901098,161.0459510439348,160.75066117869082,160.65775010663887,160.01661018995696,173.10894128045396,172.52783747932338,171.14055170486893,166.83230723605635,164.68520089674408,162.37879215554474,171.10858029030751,"rgba(38, 166, 154, 1.0)",4.1122448462693715,172.2085375963123,1.4144251184275638,67.63088297059838,16.392237325303853,True,False,True,False,False,11.794606353185351,0.0,0.0,0.0,0.0,0,1.0116555661274975,0.9053282588011421,False,False,False,False,0.2707187747737878,0.27908833692455787,False,False,False,False,847905.0,765050.9288875912,False,False,False,False,13561.085474543448,False,False,False,False
2025-10-27 14:00:00+00:00,178.55,179.49,178.385,178.935,23573.0,176.25760518837714,173.21388267630874,173.5349859014738,172.34354231885112,172.00129130854265,171.62890854787116,171.16213399594537,170.07862004300736,169.87467281887461,169.45123836331973,168.33676452909094,167.28480712144935,167.23557069996602,166.51160389717742,166.03812341478016,165.07666442142923,164.1677626530592,163.83927306655093,163.0434752538832,161.80401124708035,161.38877742549215,161.04674191129126,160.73849883500597,176.21692780750118,173.28474464780535,173.10609819851152,172.58479246864994,172.1505106248312,171.7465306719676,171.18913435517263,170.3007667789442,169.95087806289303,169.65960479362144,169.38165703057757,167.56768547826096,166.87492116722223,165.5183520798306,165.15536942290998,164.72782731534303,163.13066594280272,162.4201535612701,161.4683983545666,161.08611866029014,160.79065675904627,160.69769131767475,160.05648139518038,173.28474464780535,172.58479246864994,171.18913435517263,166.87492116722223,164.72782731534303,162.4201535612701,171.1817341772726,"rgba(0, 255, 255, 0.75)",4.172117241793739,172.29329774215802,1.591926082831384,67.03726042980173,16.392237325303853,True,False,True,False,False,13.845237112118266,0.0,0.0,0.0,0.0,0,1.0123505504478554,0.9040366176064399,False,False,False,False,0.2874222344089485,0.2832552856667532,False,False,False,False,871478.0,766700.9609978611,False,False,False,False,13716.308955558277,False,False,False,False
2025-10-27 15:00:00+00:00,178.935,180.1,178.68,180.1,16208.0,176.45738182955648,173.2820081820902,173.57863581336056,172.38531810547832,172.04078343910524,171.66638868087105,171.19805748805268,170.1117713208137,169.9054747962861,169.48135688125654,168.36684093261368,167.31540951486653,167.26618018836092,166.54252955133646,166.069053664152,165.10730648074897,164.19820253909973,163.86945934812158,163.07309531103806,161.83333875900303,161.41764390236065,161.07529342891462,160.7669163401455,176.4292325496523,173.41361343953096,173.14909754050686,172.6275596163044,172.19096350800436,171.78457636156045,171.22513217135946,170.33566397886028,169.9822286591464,169.6898212026812,169.41174348550956,167.59819637287475,166.9057136006278,165.54907597442954,165.18603487547807,164.75840426093623,163.16032049032484,162.4496556571045,161.49736960637713,161.11469559105987,160.81909625882386,160.7260875330708,160.08479646464477,173.41361343953096,172.6275596163044,171.22513217135946,166.9057136006278,164.75840426093623,162.4496556571045,171.2357374423481,"rgba(0, 255, 255, 0.75)",4.242505169956827,172.35606850052477,1.8253204626157307,68.87127111065018,16.392237325303853,True,False,True,False,False,16.33177308906783,0.0,0.0,0.0,0.0,0,1.0153773547803517,0.8998308884256896,False,False,False,False,0.30973390459800165,0.2964945951323774,False,False,False,False,887686.0,768576.6980366539,False,False,False,False,13754.939824464349,False,False,False,False
2025-10-27 16:00:00+00:00,180.12,181.255,180.12,180.94,40060.0,177.00886095989924,173.47363246367547,173.7038102004436,172.50255046956516,172.15113159443735,171.77064590044301,171.29743793474663,170.20247171352335,169.98964663814797,169.5633547611935,168.44798517463923,167.3973742661151,167.3481387893245,166.62497844275308,166.15130635472502,165.1884202055575,164.27847205099735,163.94896107161333,163.15088543343833,161.91005074449086,161.49306212956236,161.14981923091798,160.84103009236014,177.0083779727225,173.7654893226468,173.27134442226136,172.7480011717336,172.3042050762472,171.89055554492566,171.32474891867932,170.43129908118703,170.0679473760617,169.77224018640905,169.49360403694172,167.68006520909842,166.98797977288476,165.63057265212663,165.2672392012684,164.8392217967747,163.23822477249252,162.52697320778162,161.5730779342263,161.18929575903414,160.89327778133526,160.80013772476443,160.15851024937132,173.7654893226468,172.7480011717336,171.32474891867932,166.98797977288476,164.8392217967747,162.52697320778162,171.38459676740277,"rgba(0, 255, 255, 0.75)",4.327251012400088,172.52986117826435,1.9435292285184544,71.34894304989075,16.392237325303853,True,False,True,False,True,18.035865905749002,0.0,0.0,0.0,0.0,0,1.0263178850135373,0.9019748367574459,False,False,False,False,0.3428282495594187,0.31966142234589806,False,False,False,False,927746.0,771044.4391523647,False,False,False,False,14162.770214782731,False,False,False,False
2025-10-27 17:00:00+00:00,180.945,181.355,180.545,181.155,16269.0,177.2067300141862,173.55121986208752,173.75514134976507,172.5506222887809,172.19641300460654,171.8134495846586,171.33824678924955,170.23971681496923,170.02423253880698,169.59704172730483,168.48129037635823,167.4309857315191,167.38174657492846,166.65876916147806,166.18500745184795,165.221640064485,164.31133342467479,163.9815051350255,163.18272184874033,161.94143265101684,161.52391285037166,161.18030301359914,160.87134287188584,177.2144105958731,173.90366485901185,173.32147466926742,172.79737595391842,172.35066039311408,171.93406078133359,171.36565467000966,170.47055400097221,170.10316476865694,169.80610564710977,169.52723279354552,167.71364461843478,167.02170422736992,165.66395627380624,165.30049730022571,164.87231517742987,163.27010883149575,162.55860909881685,161.60404759422394,161.21981023496105,160.9236186945354,160.83042420710044,160.18865324666424,173.90366485901185,172.79737595391842,171.36565467000966,167.02170422736992,164.87231517742987,162.55860909881685,171.44299361633873,"rgba(0, 255, 255, 0.75)",4.415840216743928,172.59774178082768,1.9378550398461023,73.3007077211252,17.73800168493871,True,False,True,False,True,18.46475270286338,0.0,0.0,0.0,0.0,0,1.0301862811296025,0.8998689279898325,False,False,False,False,0.3428282496415775,0.3312448359937378,False,False,False,False,944015.0,773726.1532740336,False,False,False,False,14195.424940134935,False,False,False,False
2025-10-27 18:00:00+00:00,181.165,181.565,180.53,181.26,20471.0,177.43542654621754,173.6478859129645,173.81959109370771,172.6110498521321,172.25337539846885,171.86732804015804,171.38963706857695,170.28665023301335,170.06783743502447,169.63951765763582,168.52328009539147,167.47335303966574,167.42410900256004,166.70135721329217,166.22748091450507,165.26350582385857,164.35274586604092,164.0225182012758,163.2228439265764,161.9809800333754,161.56279195755246,161.21872026583392,160.9095444343539,177.45147624909768,174.07256476013376,173.38444601140125,172.85941762303352,172.40908159962743,171.98881311418572,171.4171659302587,170.52000049793432,170.14756070149932,169.84880675892018,169.5696352779127,167.75597332293864,167.06421101120546,165.70602930413546,165.34241135177732,164.91402086390553,163.31029101881384,162.5984773346818,161.6430763029728,161.25826615376693,160.9618557463268,160.86859262041168,160.22663960522925,174.07256476013376,172.85941762303352,171.4171659302587,167.06421101120546,164.91402086390553,162.5984773346818,171.51455932889837,"rgba(0, 255, 255, 0.75)",4.489420473644945,172.68067054026386,1.9110104544898203,74.75720006267515,19.30273322382415,True,False,True,False,True,18.676081558545565,0.0,0.0,0.0,0.0,0,1.0281399865245135,0.9023423566247872,False,False,False,False,0.34282824967139,0.3370365428325639,False,False,False,False,964486.0,776683.670277537,False,False,False,False,14292.720677497184,False,False,False,False
2025-10-27 19:00:00+00:00,181.265,182.655,181.04,182.5,52200.0,178.03608106283167,173.9134180400356,173.99960747418078,172.7780718981015,172.41055231688344,172.015706601776,171.53078416142847,170.41481620569053,170.18688543520312,169.75524146394216,168.63705292837585,167.58762321583177,167.53834398100184,166.81588442081625,166.34151674584766,165.37558495059358,164.46333838462533,164.13195848125238,163.32971470771216,162.0860415370998,161.66600251622356,161.32064402851015,161.01083990197915,178.07007309941517,174.52280295557816,173.5596116357544,173.03117418289315,172.5704037954944,172.13969365414357,171.55866736761809,170.65511107491628,170.26879508024908,169.96527246944854,169.68511735915533,167.87027084070078,167.17867317916787,165.81881012693555,165.4546449622154,165.0255619968156,163.41734289259247,162.7045254471187,161.74669792368132,161.3602996440685,161.06325470857794,160.96979297913407,160.32724267988476,174.52280295557816,173.03117418289315,171.55866736761809,167.17867317916787,165.0255619968156,162.7045254471187,171.708047132026,"rgba(0, 255, 0, 1.0)",4.580511009494606,172.9050569354579,2.0947320167233388,77.31781926240178,21.894742263426863,True,False,True,False,True,20.0,0.0,0.0,0.0,0.0,0,1.027359083058565,0.8962945517349666,False,False,False,False,0.34282824990262856,0.3399323963675962,False,False,False,False,1016686.0,780404.6366298231,False,False,False,False,14880.430434435211,False,False,False,False
2025-10-28 14:00:00+00:00,179.085,180.91,177.76,180.3,34365.0,178.1636092327514,174.03026843215082,174.07976397302457,172.85715506562534,172.48617337078372,172.0882042011614,171.6009041423577,170.48055065542417,170.24834669880107,169.8155804951681,168.69766811691687,167.6495265452001,167.60027309387087,166.87859281931242,166.4043359301655,165.43802751215196,164.52553534481623,164.19370598659046,163.3904527391247,162.1463437110894,161.72542894145568,161.37947448393268,161.0694305488524,178.19876440274575,174.70638857179918,173.63954645044527,173.11156826660346,172.64749644826983,172.213071608434,171.62890019500173,170.72393281826166,170.33124861134462,170.0257197850931,169.74542047800477,167.9319268998896,167.24104125017652,165.8813313275555,165.5171191736847,165.08793744073438,163.47813802534816,162.76510557650337,161.80632535505674,161.41917719415986,161.12188467831518,161.0283446611918,160.3856868058233,174.70638857179918,173.11156826660346,171.62890019500173,167.24104125017652,165.08793744073438,162.76510557650337,171.78808034236513,"rgba(0, 255, 255, 0.75)",4.611263010232958,172.99417084198814,1.584344493428231,70.81204018217024,26.64868251168862,True,False,True,False,False,14.147280725398929,0.0,0.0,0.0,0.0,0,0.9896105865847646,0.9018314184961895,False,False,False,False,0.23309608778576957,0.28651424207668286,False,False,False,False,982321.0,783535.1228836243,False,False,False,False,15182.516784288928,False,False,False,False
2025-10-28 15:00:00+00:00,180.39,180.55,179.2,179.37,36219.0,178.28178616236497,174.14943412273442,174.16255815984744,172.9391587210713,172.564728354722,172.16363380090985,171.67395970367286,170.5491989257673,170.31260585419523,169.8787030068035,168.76112408738646,167.7143547773419,167.66512972342494,166.94428084441438,166.47015321233883,165.503479902442,164.5907538324755,164.2584640770448,163.45417565475012,162.209633010845,161.78781144181244,161.44124013154467,161.1309499832048,178.3175194030218,174.8879992482404,173.72223753594182,173.1948459179456,172.72752006202606,172.28938269237605,171.70206834394594,170.79573724392236,170.3965265127188,170.08894395259875,169.80850918108203,167.99648910102007,167.30636482165139,165.94685392662484,165.58260245023467,165.15332863306173,163.5419188179721,162.82867474295358,161.8689162934051,161.4809914437138,161.18344448134093,161.08982395390575,160.44706151425538,174.8879992482404,173.1948459179456,171.70206834394594,167.30636482165139,165.15332863306173,162.82867474295358,171.86976618380325,"rgba(38, 166, 154, 1.0)",4.61716321686426,173.08461894216885,1.3613079639189944,64.0771872777087,20.618531016040322,False,False,True,False,False,11.448034537671312,0.0,0.0,0.0,0.0,0,1.0016195246883357,0.905653271063237,False,False,False,False,0.2561375904647973,0.2713259162707401,False,False,False,False,946102.0,786055.5395831029,False,False,False,False,15508.663810889098,False,False,False,False
2025-10-28 16:00:00+00:00,179.43,179.62,178.06,178.355,15072.0,178.29403387022955,174.18865596074946,174.19004001846073,172.96760982815596,172.59228186441408,172.1903649498652,171.70013172998878,170.57429159070276,170.33619070060644,169.90201005787233,168.7848546551027,167.738831420096,167.6896271564136,166.9692315461808,166.49523764532591,165.52858112968588,164.61589362506308,164.28346990974111,163.47887802930168,162.23429571444163,161.8121611720488,161.46538033235234,161.1550202817005,178.32896903848552,174.94443369706377,173.75018832041843,173.22350896724004,172.75546038053065,172.31634299958523,171.72826550606095,170.8218711385596,170.4204529787693,170.1122239714204,169.83182465588206,168.02080654219816,167.33110939127758,165.97191346543696,165.6077035528774,165.1784575538105,163.56663369811523,162.85338457725294,161.89333967315486,161.50514715445217,161.20752618182678,161.11388198174242,160.47112940219955,174.94443369706377,173.22350896724004,171.72826550606095,167.33110939127758,165.1784575538105,162.85338457725294,171.89613087995488,"rgba(38, 166, 154, 1.0)",4.58612370719007,173.11286079040602,1.1430435688804925,57.35137204478286,14.754652458514272,False,True,True,False,False,8.628070995582046,0.0,0.0,0.0,0.0,0,0.9910549160218909,0.9239479147008873,False,False,False,False,0.2121867617498891,0.2417563390103146,False,False,False,False,931030.0,788303.205636078,False,False,False,False,15501.893829324925,False,False,False,False
