date,Close,High,Low,Open,Volume,aVWAP_peak_194,aVWAP_peak_177,aVWAP_peak_161,aVWAP_peak_155,aVWAP_peak_143,aVWAP_peak_133,aVWAP_peak_116,aVWAP_peak_103,aVWAP_peak_89,aVWAP_peak_81,aVWAP_peak_65,aVWAP_peak_57,aVWAP_peak_48,aVWAP_peak_33,aVWAP_peak_13,aVWAP_valley_171,aVWAP_valley_159,aVWAP_valley_147,aVWAP_valley_136,aVWAP_valley_126,aVWAP_valley_121,aVWAP_valley_108,aVWAP_valley_95,aVWAP_valley_85,aVWAP_valley_63,aVWAP_valley_52,aVWAP_valley_45,aVWAP_valley_41,aVWAP_valley_24,aVWAP_valley_8,aVWAP_valley_4,aVWAP_OB_bull_171,aVWAP_OB_bull_136,aVWAP_OB_bull_95,aVWAP_OB_bull_63,Peaks_Valleys_avg,color,StDev,StDev_Mean,StdDev_ZScore,QQEMOD,QQE1_Value,QQE1_Above_Upper,QQE1_Below_Lower,QQE2_Above_Threshold,QQE2_Below_Threshold,QQE2_Above_TL,banker_RSI,OB,OB_High,OB_Low,OB_Mitigated_Index,TTM_squeeze_Active,VI_plus,VI_minus,VI_Regular_Bullish,VI_Regular_Bearish,VI_Hidden_Bullish,VI_Hidden_Bearish,Fisher,Fisher_Signal,Fisher_Regular_Bullish,Fisher_Regular_Bearish,Fisher_Hidden_Bullish,Fisher_Hidden_Bearish,OBV,OBV_Smoothed,OBV_Regular_Bullish,OBV_Regular_Bearish,OBV_Hidden_Bullish,OBV_Hidden_Bearish,Volume_MA,Vol_Regular_Bullish,Vol_Regular_Bearish,Vol_Hidden_Bullish,Vol_Hidden_Bearish
2021-12-31 00:00:00+00:00,198.0037260582,200.224730483,197.073949219,197.1611157976,19146305,,,,,,,,,,,,,,,,,,,,,,,,,,,,,,,,,,,,,#000000,,,,,,False,False,False,False,False,,0.0,0.0,0.0,0.0,0,,,False,False,False,False,,,False,False,False,False,0,0.0,False,False,False,False,19146305.0,False,False,False,False
2022-01-07 00:00:00+00:00,193.1998790554,205.1417003345,192.5703426538,201.7325185906,38580612,,,,,,,,,,,,,,,,,,,,,,,,,,,,,,,,,,,,,#000000,,,,0.0,,False,False,False,True,False,,0.0,0.0,0.0,0.0,0,,,False,False,False,False,,,False,False,False,False,-38580612,-2857823.111111111,False,False,False,False,20585883.2962963,False,False,False,False
2022-01-14 00:00:00+00:00,190.3330671344,196.7349680796,186.5171080233,190.6623630983,44259445,,,,,,,,,,,,,,,,,,,,,,,,,,,,,,,,,,,,,#000000,,,,0.0,-50.0,False,False,False,True,True,,0.0,0.0,0.0,0.0,0,,,False,False,False,False,,,False,False,False,False,-82840057,-8782433.028806584,False,False,False,False,22339480.45953361,False,False,False,False
2022-01-21 00:00:00+00:00,174.7399347262,188.5413096838,174.6624533229,187.6405883708,45517235,,,,,,,,,,,,,,,,,,,,,,,,,,,,,,,,,,,,,#000000,,,,0.0,-50.0,False,False,False,True,True,,0.0,0.0,0.0,0.0,0,,,False,False,False,False,,,False,False,False,False,-128357292,-17639829.989635725,False,False,False,False,24056351.166234825,False,False,False,False
2022-01-28 00:00:00+00:00,172.4929740313,179.1079488356,166.0813879107,171.1176791233,98960322,,,,,,,,,,,,,,,,,,,,,,,,,,,,,,,172.5607702592,,,,,172.5607702592,#000000,,172.5607702592,,0.0,-50.0,False,False,False,True,True,,0.0,0.0,0.0,0.0,0,,,False,False,False,False,,,False,False,False,False,-227317614,-33171517.694107153,False,False,False,False,29604793.450217433,False,False,False,False
2022-02-04 00:00:00+00:00,178.5946345389,181.6260944419,172.6866775395,173.3646398181,51521610,,,,,,,,,,,,,,,,,,,,,,,,,,,,,,,174.298346402379,,,,,174.298346402379,#000000,,174.298346402379,,6.280392014474987,-44.06306692381661,False,False,False,True,True,,0.0,0.0,0.0,0.0,0,,,False,False,False,False,,,False,False,False,False,-175796004,-43736294.45750662,False,False,False,False,31228261.34279392,False,False,False,False
2022-02-11 00:00:00+00:00,174.7980457786,184.1829807498,174.0135465705,179.2144857651,52633943,,,,,,,,,,,,,,,,,,,,,,,,,,,,,,,175.1707191980974,,,,,175.1707191980974,#000000,,175.1707191980974,,9.963673598979705,-40.8388090046832,False,False,False,True,True,,0.0,0.0,0.0,0.0,0,,,False,False,False,False,,,False,False,False,False,-228429947,-57417305.75695057,False,False,False,False,32813867.391475853,False,False,False,False
2022-02-18 00:00:00+00:00,174.333157359,180.7447434797,172.5995109608,174.5752867442,53051571,,,,,,,,,,,,,,,,,,,,,,,,,,,,,,,175.3201919212378,,,,,175.3201919212378,#000000,,175.3201919212378,,12.504251875694418,-38.77606980559399,False,False,False,True,True,,0.0,0.0,0.0,0.0,0,,,False,False,False,False,,,False,False,False,False,-281481518,-74014654.81199127,False,False,False,False,34312956.547662824,False,False,False,False
2022-02-25 00:00:00+00:00,170.6431055282,173.5777136771,156.4058976773,171.892493156,61773615,,,,,,,,,,,,,,,,,,,,,,,,,,,,,,166.8755722942,173.67946429700032,,,,,170.27751829560015,#000000,,170.27751829560015,,13.656292595743587,-38.03287182995941,False,False,False,True,True,,0.0,0.0,0.0,0.0,0,,,False,False,False,False,,,False,False,False,False,-343255133,-93958393.93702896,False,False,False,False,36347079.3959841,False,False,False,False
2022-03-04 00:00:00+00:00,166.1976100156,173.9746121654,164.4736487928,168.9675701825,61823237,,,,,,,,,,,,,,,,,,,,,,,,,,,,,,167.54570024621768,172.78993117268084,,,,,170.16781570944926,#000000,,170.16781570944926,,13.831824965643923,-38.03287182995941,False,False,False,True,True,,0.0,0.0,0.0,0.0,0,,,False,False,False,False,,,False,False,False,False,-405078370,-117004318.08984162,False,False,False,False,38234202.18146676,False,False,False,False
2022-03-11 00:00:00+00:00,161.4712444161,166.9822060755,156.6189715363,166.6043873828,82492066,,,,,,,,,,,,,,,,,,,,,,,,,,,,,,165.20213797944209,170.8092344709466,,,,,168.00568622519432,#000000,,168.00568622519432,,13.406741895839675,-38.03287182995941,False,False,False,True,True,,0.0,0.0,0.0,0.0,0,,,False,False,False,False,,,False,False,False,False,-487570436,-144453660.15726075,False,False,False,False,41512562.46432108,False,False,False,False
2022-03-18 00:00:00+00:00,176.1539703359,176.3622016072,157.7908777607,161.2872260833,73505411,,,,,,,,,,,,,,,,,,,,,,,,,,,,,,166.49040477866183,170.71225136530438,,,,,168.60132807198312,#000000,,168.60132807198312,,20.86794299424392,-31.877751507688505,False,False,False,True,True,,0.0,0.0,0.0,0.0,0,,,False,False,False,False,,,False,False,False,False,-414065025,-164424872.36783403,False,False,False,False,43882403.09659359,False,False,False,False
2022-03-25 00:00:00+00:00,177.8622787542,179.7926121678,173.0703958078,176.3393523927,44627848,,,,,,,,,,,,,,,,,,,,,,,,,,,,,,167.92440291442387,171.18869349776944,,,,,169.55654820609664,#000000,,169.55654820609664,,26.84037010340356,-26.603457711374393,False,False,False,True,True,,0.0,0.0,0.0,0.0,0,,,False,False,False,False,,,False,False,False,False,-369437177,-179610969.00725374,False,False,False,False,43937621.237586655,False,False,False,False
2022-04-01 00:00:00+00:00,179.6762101529,186.4275270166,178.6867930263,179.7344111604,42746072,,,,,,,,,,,,,,,181.5968433986,,,,,,,,,,,,,,,169.51702878040803,171.90267526549292,,,,,174.338849148167,#000000,,174.338849148167,,31.782085525749018,-22.412690859229908,False,False,False,True,True,,0.0,0.0,0.0,0.0,0,,,False,False,False,False,,,False,False,False,False,-326691105,-190505793.8956053,False,False,False,False,43849358.33109875,False,False,False,False
2022-04-08 00:00:00+00:00,174.098613606,183.7696810099,172.0906788492,179.7538114962,50309730,,,,,,,,,,,,,,,178.92399693241478,,,,,,,,,,,,,,,170.37738652374713,172.25754754013565,,,,,173.85297699876585,#000000,,173.85297699876585,,33.82367640293215,-20.992151101187552,False,False,False,True,True,,0.0,0.0,0.0,0.0,0,,,False,False,False,False,,,False,False,False,False,-377000835,-204320241.38481975,False,False,False,False,44327904.38064699,False,False,False,False
2022-04-15 00:00:00+00:00,173.050995472,176.1453490345,170.5677524877,171.479568271,38275482,,,,,,,,,,,,,,,177.2717241118827,,,,,,,,,,,,,,,170.61913756121584,172.3111731289078,,,,,173.40067826733545,#000000,,173.40067826733545,,35.023937581870776,-20.257774163812417,False,False,False,True,True,,0.0,0.0,0.0,0.0,0,,,False,False,False,False,,,False,False,False,False,-415276317,-219946617.35631457,False,False,False,False,43879576.79689536,False,False,False,False
2022-04-22 00:00:00+00:00,170.5483521518,182.2467546484,170.3737491295,172.4786855655,46233661,,,,,,,,,,,,,,,176.52129284177033,,,,,,,,,,,,,,,170.96654214078754,172.4379540065135,,,,,173.30859632969046,#000000,,173.30859632969046,,35.27234039504658,-20.257774163812417,False,False,False,True,True,,0.0,0.0,0.0,0.0,0,,,False,False,False,False,,,False,False,False,False,-461509978,-237840199.6262172,False,False,False,False,44053953.40453274,False,False,False,False
2022-04-29 00:00:00+00:00,157.9963348794,171.9257759947,157.6859295063,169.0545262941,56455218,,,,,,,,,,,,,,,173.1474724574079,,,,,,,,,,,,,,,170.11396020563447,171.7515474556854,,,,,171.67099337290924,#000000,,171.67099337290924,,33.07593819613782,-20.257774163812417,False,False,False,True,True,,0.0,0.0,0.0,0.0,0,,,False,False,False,False,,,False,False,False,False,-517965196,-258590199.3576085,False,False,False,False,44972565.596789576,False,False,False,False
2022-05-06 00:00:00+00:00,153.4081554591,164.7704471377,150.7115087808,157.511326484,62308252,,,,,,,,,,,,,,,169.6043024905159,,,,,,,,,,,,,,,168.72659694205043,170.65317346103026,,,,,169.66135763119885,#000000,,169.66135763119885,,30.851974999539145,-20.257774163812417,False,False,False,True,False,,0.0,0.0,0.0,0.0,0,,,False,False,False,False,,,False,False,False,False,-580273448,-282418588.1459338,False,False,False,False,46256690.515545905,False,False,False,False
2022-05-13 00:00:00+00:00,147.7529575689,152.156833799,137.771484792,150.0615975309,54715359,,,,,,,,,,,,,,,165.90866391043724,,,,,,,,,,,,,,,166.87650078592094,169.1987267227551,,,,,167.3279638063711,#000000,,167.3279638063711,,28.54866819636971,-15.200347894211149,False,False,False,True,False,,0.0,0.0,0.0,0.0,0,,,False,False,False,False,,,False,False,False,False,-634988807,-308534900.6536424,False,False,False,False,46883258.55143139,False,False,False,False
2022-05-20 00:00:00+00:00,136.200057591,148.2767666359,132.2423890846,147.1612473266,34370318,,,,,,,,,,,,,,,163.5006662163238,,,,,,,,,,,,,,,165.5218052214566,168.1207056572489,,,,,165.71439236500976,#000000,,165.71439236500976,,25.744606668164966,-17.792953390183364,False,False,False,True,False,,0.0,0.0,0.0,0.0,0,,,False,False,False,False,,,False,False,False,False,-669359125,-335262620.9755948,False,False,False,False,45956374.066140175,False,False,False,False
2022-05-27 00:00:00+00:00,149.1497817476,149.1885824193,131.9222835437,136.7432669938,36364378,,,,,,,,,,,,,,,161.7693946187372,,,,,,,,,,,,,,,164.444446171448,167.2244309180478,,,,,164.47942390274434,#000000,,164.47942390274434,,27.83043292787416,-17.792953390183364,False,False,False,True,False,,0.0,0.0,0.0,0.0,0,,,False,False,False,False,,,False,False,False,False,-632994747,-357316852.5329582,False,False,False,False,45245855.83901868,False,False,False,False
2022-06-03 00:00:00+00:00,148.4125689867,152.9667978193,147.0254449759,149.3049844342,24359469,,,,,,,,,,,,,,,161.09774394043308,,,,,,,,,,,,,,,163.97088623870843,166.80307775327668,,,,,163.95723597747272,#000000,,163.95723597747272,,29.21997599212012,-17.792953390183364,False,False,False,True,False,,0.0,0.0,0.0,0.0,0,,,False,False,False,False,,,False,False,False,False,-657354216,-379541842.41940576,False,False,False,False,43698716.07316545,False,False,False,False
2022-06-10 00:00:00+00:00,140.1383257614,151.8173279222,139.7018182056,151.0510146575,24925228,,,,,,,,,,,,,,,160.18701463742727,,,,,,,,,,,,,,,163.34139550259528,166.25981249088213,,,,,163.26274087696822,#000000,,163.26274087696822,,29.15405075988591,-17.792953390183364,False,False,False,True,False,,0.0,0.0,0.0,0.0,0,,,False,False,False,False,,,False,False,False,False,-682279444,-401966849.94389427,False,False,False,False,42308087.32700504,False,False,False,False
2022-06-17 00:00:00+00:00,132.0192852228,138.8579035976,129.051033843,135.2688414718,49029006,,,,,,,,,,,,,,,157.65326691472097,,,,,,,,,,,,,,133.30940755446665,161.59744964013217,164.7917958392646,,,,,154.3379799871461,#000000,,154.3379799871461,,28.22529639978269,-17.792953390183364,False,False,False,True,False,,0.0,0.0,0.0,0.0,0,,,False,False,False,False,,,False,False,False,False,-731308450,-426362524.02212435,False,False,False,False,42805933.154634304,False,False,False,False
2022-06-24 00:00:00+00:00,142.9035655208,142.9521754825,133.8621126373,134.6204280404,25030210,,,,,,,,,,,,,,,156.83836909949585,,,,,,,,,,,,,,135.53887853699243,160.97290698372854,164.2383606793651,,,,,154.39712882489547,#000000,,154.39712882489547,,30.36948913946707,-17.792953390183364,False,False,False,True,True,,0.0,0.0,0.0,0.0,0,,,False,False,False,False,-0.29281060764302336,-0.29281060764302336,False,False,False,False,-706278240,-447097021.501967,False,False,False,False,41489212.920957685,False,False,False,False
2022-07-01 00:00:00+00:00,136.117614862,144.3424203883,131.0135688794,143.6035489698,30884101,,,,,,,,,,,,,,,155.78314732815164,,,,,,,,,,,,,,136.0153360843433,160.1558855981395,163.51511657240093,,,,,153.86737139575882,#000000,,153.86737139575882,,31.07029002156486,-17.792953390183364,False,False,False,True,True,,0.0,0.0,0.0,0.0,0,0.7670013540981077,1.154475218700737,False,False,False,False,-0.3008983831951108,-0.29685449541906705,False,False,False,False,-737162341,-468583341.46478426,False,False,False,False,40703649.07496082,False,False,False,False
2022-07-08 00:00:00+00:00,142.3008019952,143.3507771688,133.2204611424,134.1634944001,21081025,,,,,,,,,,,,,,,155.21262608891058,,,,,,,,,,,,,,136.61898627008253,159.6860838399084,163.08738092572062,,,,,153.65126928115552,#000000,,153.65126928115552,,32.98351152620098,-23.463335693762026,False,False,False,True,True,,0.0,0.0,0.0,0.0,0,0.7869475701024601,1.1748889470983763,False,False,False,False,-0.2881528613214568,-0.2925036783702619,False,False,False,False,-716081316,-486916524.7636891,False,False,False,False,39250121.36570447,False,False,False,False
2022-07-15 00:00:00+00:00,140.813337166,141.7855364008,134.299602293,141.3966567069,27380358,,,,,,,,,,,,,,,154.50028503976586,,,,,,,,,,,,,,137.0379201047474,159.0880813902736,162.53922671859522,,,,,153.29137831334552,#000000,,153.29137831334552,,34.149210908028465,-22.20664375960878,False,False,False,True,True,,0.0,0.0,0.0,0.0,0,0.8070485787942389,1.1520916779996115,False,False,False,False,-0.28170856549697104,-0.2871061219336165,False,False,False,False,-743461674,-505919869.151564,False,False,False,False,38370879.634911545,False,False,False,False
2022-07-22 00:00:00+00:00,150.4478315827,153.4130392488,140.6772292731,142.7382916509,22390433,,,,,,,,,,,,,,,154.28149199258587,,,,,,,,,,,,,,138.45696856923712,158.83655656700776,162.27723932584783,,,,,153.46306411366965,#000000,,153.46306411366965,,37.039274019401766,-19.305654572582466,False,False,False,True,True,,0.0,0.0,0.0,0.0,0,0.8713157748216095,1.0940165086977347,False,False,False,False,-0.15342805231136572,-0.2202670871224911,False,False,False,False,-721071241,-521857007.8070037,False,False,False,False,37187142.84714032,False,False,False,False
2022-07-29 00:00:00+00:00,158.3032013998,158.9351309024,144.0896485872,150.5742174832,26201241,,,,,,,,,,,,,,,154.26181366753192,,,,,,,,,,,,,,140.44402140364517,158.70360213024205,162.09953512077936,,,,,153.87724308054962,#000000,,153.87724308054962,,40.550643266820316,-15.878808544960528,False,False,False,True,True,,0.0,0.0,0.0,0.0,0,0.9114610631286207,1.044353568602869,False,False,False,False,-0.0918295559923081,-0.15604832155739962,False,False,False,False,-694870000,-534672785.00648487,False,False,False,False,36373372.339944735,False,False,False,False
2022-08-05 00:00:00+00:00,159.7420562672,163.1933635507,157.4768320502,158.3323673768,31190588,,,,,,,,,,,,,,,154.52203872717115,,,,,,,,,,,,,,143.07816780756133,158.747085593662,162.05189561033157,,,,,154.5997969346815,#000000,,154.5997969346815,,43.31241920667905,-13.232320132410521,False,False,False,True,True,,0.0,0.0,0.0,0.0,0,0.9336186066344826,1.0397220824549325,False,False,False,False,0.028243125256331648,-0.06390259815053398,False,False,False,False,-663679412,-544228831.450449,False,False,False,False,35989462.38883772,False,False,False,False
2022-08-12 00:00:00+00:00,165.186371982,165.2349819438,156.9712884481,161.4045169587,17450356,,,,,,,,,,,,,,,154.71407654754222,,,,,,,,,,,,,,144.4279006101817,158.80910281397843,162.05742142211352,,,,,155.00212534845394,#000000,,155.00212534845394,,46.22842703429028,-10.461786943794252,False,False,False,False,True,,0.0,0.0,0.0,0.0,0,0.9270727354442073,1.0416968456006475,False,False,False,False,0.038684463340494815,-0.012609067405019582,False,False,False,False,-646229056,-551784403.6393046,False,False,False,False,34616195.248923816,False,False,False,True
2022-08-19 00:00:00+00:00,162.8725378032,169.9015382707,162.3232452356,164.7683263111,17627082,,,,,,,,,,,,,,165.0324404365,154.96008745596072,,,,,,,,,,,,,,145.78178100985744,158.91224729142743,162.09715789331776,,,,,157.35674281741268,#000000,,156.17163904843642,,47.86305348849092,-8.923398550880655,False,False,False,False,True,,0.0,0.0,0.0,0.0,0,0.9495862943386972,1.0146418142627036,False,False,False,False,0.1070959289695515,0.04724343078226596,False,False,False,False,-663856138,-560086013.5919487,False,False,False,False,33357742.415670197,False,False,False,False
2022-08-26 00:00:00+00:00,155.2407738102,162.2114423236,155.1970248446,160.4031517469,18902233,,,,,,,,,,,,,,161.16049225076506,155.0246461793926,,,,,,,,,,,,,,146.5563864458088,158.88845473651094,162.0329453031585,,,,,156.7325849831272,#000000,,155.40749490311936,,47.63738069968321,-8.923398550880655,False,False,False,False,True,,0.0,0.0,0.0,0.0,0,0.9803326317221764,1.0173027303599753,False,False,False,False,0.006089381004772324,0.026666405893519145,False,False,False,False,-682758371,-569172854.8814341,False,False,False,False,32286963.94043537,False,False,False,False
2022-09-02 00:00:00+00:00,151.1672590165,156.0671431598,148.6784289754,153.082491509,25836956,,,,,,,,,,,,,,157.35346711821026,154.9240190637189,,,,,,,,,,,,,,147.0033323687876,158.72719044656557,161.8424141170769,,,,,155.97008462287187,#000000,,154.50200224932058,,46.79097753809104,-8.923398550880655,False,False,False,False,True,,0.0,0.0,0.0,0.0,0,0.9292449713393753,1.0402753965510454,False,False,False,False,-0.08005916171070862,-0.026696377908594738,False,False,False,False,-708595327,-579500445.4087353,False,False,False,False,31809185.574477196,False,False,False,False
2022-09-09 00:00:00+00:00,159.9073301372,160.1698239305,148.6006530366,151.8283544961,24439959,,,,,,,,,,,,,,157.03601499988605,154.96337407296846,,,,,,,,,,,,,,147.6712960879313,158.67322293161,161.74358276555907,,,,,156.01749817159097,#000000,,154.58597702309896,,47.84362392415523,-8.743821822832949,False,False,False,False,True,,0.0,0.0,0.0,0.0,0,0.9565885066135735,1.0015195901027913,False,False,False,False,-0.05260894781396962,-0.039652662861282176,False,False,False,False,-684155368,-587252661.8969772,False,False,False,False,31263316.939330734,False,False,False,False
2022-09-16 00:00:00+00:00,153.5491471417,162.5419900634,151.3616988634,160.7920314408,32898074,,,,,,,,,,,,,,156.70116395475654,154.99677391054448,,,,,,,,,,,,,,148.3949471401854,158.59262759387988,161.60646517501954,,,,,156.0583955548772,#000000,,154.6713781498416,,47.50607026468675,-8.743821822832949,False,False,False,False,True,,0.0,0.0,0.0,0.0,0,0.9611157616289714,1.0265747685988191,False,False,False,False,-0.017709104419653895,-0.028680883640468037,False,False,False,False,-717053442,-596867534.4972011,False,False,False,False,31384410.054935865,False,False,False,False
2022-09-23 00:00:00+00:00,142.6433415845,155.7464213845,140.8215750993,152.2295352821,25956998,,,,,,,,,,,,,,154.86615913355456,154.73961669448218,,,,,,,,,,,,,,148.26452847208816,158.32711050159853,161.33389345955055,,,,,155.5062616522548,#000000,,154.04935370043086,,45.63970843548573,-8.743821822832949,False,False,False,True,True,,0.0,0.0,0.0,0.0,0,0.8726781791714359,1.0612829680718285,False,False,False,False,-0.13624911456181166,-0.08246499910113984,False,False,False,False,-743010440,-607692934.9048158,False,False,False,False,30982379.532348026,False,False,False,False
2022-09-30 00:00:00+00:00,138.7757410785,147.3974701662,138.3665742744,142.0588175786,32905137,,,,,,,,,,,,,,152.40556845782734,154.25618782810386,,,,,,,,,,,,,,147.74693898262277,157.87527961697472,160.8934127821111,,,,,154.63547753352796,#000000,,153.07099372138217,,43.78833678504192,-8.743821822832949,False,False,False,True,False,,0.0,0.0,0.0,0.0,0,0.8477914467486635,1.115919973350907,False,False,False,False,-0.1985825758759776,-0.14052378748855873,False,False,False,False,-775915577,-620153871.356311,False,False,False,False,31124806.01143336,False,False,False,False
2022-10-07 00:00:00+00:00,137.0221690607,145.1665368769,136.2233195859,138.6490942106,37560406,,,,,,,,,,,,,,150.15763001552764,153.66402140212915,,,,,,,,,,,,,,147.08094991697078,157.32753215437953,160.36341822462487,,,,,153.7187103427264,#000000,,152.05753337225178,,42.2303778516336,-8.743821822832949,False,False,False,True,False,,0.0,0.0,0.0,0.0,0,0.8619011277254335,1.1155362278565575,False,False,False,False,-0.22888307322302592,-0.18470343035579234,False,False,False,False,-813475983,-634474027.774362,False,False,False,False,31601517.121697553,False,False,False,False
2022-10-14 00:00:00+00:00,131.7809371407,138.9803244806,130.105301657,137.2267524628,37079218,,,,,,,,,,,,,,147.73619799736886,152.901758064908,,,,,,,,,,,,,133.6221877594333,146.090482651014,156.65094359493153,159.725890831132,,,,,149.4545768164646,#000000,,145.08765661818103,,40.42574858734435,-3.509701930080105,False,False,False,True,False,,0.0,0.0,0.0,0.0,0,0.8475953494951285,1.109249928548075,False,False,False,False,-0.3325745778963177,-0.258639004126055,False,False,False,False,-850555201,-650480040.6058908,False,False,False,False,32007272.74231255,False,False,False,False
2022-10-21 00:00:00+00:00,138.7270307447,141.8152659094,133.9047076956,134.596394436,28207737,,,,,,,,,,,,,,146.77521769441884,152.48690814716292,,,,,,,,,,,,,135.5780328440859,145.6694493977553,156.257751715587,159.34153104656247,,,,,149.3514818075954,#000000,,145.12740202085575,,40.643723690145244,-3.509701930080105,False,False,False,True,False,,0.0,0.0,0.0,0.0,0,0.8531230730579181,1.1139226371823172,False,False,False,False,-0.25524670245934344,-0.2569428532926992,False,False,False,False,-822347464,-663210960.8573062,False,False,False,False,31725825.650289398,False,False,False,False
2022-10-28 00:00:00+00:00,141.2209998367,144.49433427,135.6290535132,138.0937964049,25102802,,,,,,,,,,,,,,146.25704788401046,152.1929944514203,,,,,,,,,,,,,136.93054300416907,145.4342006411167,155.96430724521338,159.04669370531192,,,,,149.30429782187363,#000000,,145.20369649517914,,41.315108890226206,-3.509701930080105,False,False,False,True,False,,0.0,0.0,0.0,0.0,0,0.9014032249539353,1.0700194344552063,False,False,False,False,-0.20758840814178656,-0.23226563071724288,False,False,False,False,-797244662,-673139383.1641725,False,False,False,False,31235231.305823516,False,False,False,False
2022-11-04 00:00:00+00:00,133.9534180295,143.1109607893,131.4253517037,140.4708606958,32741798,,,,,,,,,,,,,,145.28289572168455,151.6983071691736,,,,,,,,,,,,,136.72651110409728,144.91962188342592,155.49626559573454,158.590212159639,,,,,148.78563560562583,#000000,,144.65683396959534,,40.720549519993924,-3.6745914320216784,False,False,False,True,False,,0.0,0.0,0.0,0.0,0,0.9104698082381755,1.0499835964932893,False,False,False,False,-0.2682447598739862,-0.2502551952956146,False,False,False,False,-829986460,-684757685.1520116,False,False,False,False,31346828.838725477,False,False,False,False
2022-11-11 00:00:00+00:00,141.3476467047,142.1270120459,128.4978606406,134.762009571,26991322,,,,,,,,,,,,,,144.69636573608628,151.34169445122438,,,,,,,,,,,,137.3241731304,136.83396766582513,144.58729004674572,155.14893632864016,158.24615845020813,,,,,146.88265511558998,#000000,,140.86044914476426,,41.80675872028096,-3.6745914320216784,False,False,False,True,False,,0.0,0.0,0.0,0.0,0,0.9503723332029651,1.0129830848923063,False,False,False,False,-0.3118613201182851,-0.2810582577069498,False,False,False,False,-802995138,-693516014.9926034,False,False,False,False,31024198.702523593,False,False,False,False
2022-11-18 00:00:00+00:00,137.3533993307,143.1694131899,135.7654424479,140.1201462922,24566775,,,,,,,,,,,,,,144.32337799591363,151.0639242577047,,,,,,,,,,,,138.00963743220194,137.10521442699175,144.36421845410078,154.8687492748974,157.9634231418757,,,,,146.81407785481227,#000000,,140.95061207730203,,41.97264169551279,-3.6745914320216784,False,False,False,True,False,,0.0,0.0,0.0,0.0,0,0.9963258609770325,0.99511042154047,False,False,False,False,-0.22035207659290962,-0.25070516714992974,False,False,False,False,-827561913,-703445340.7709291,False,False,False,False,30545871.02085518,False,False,False,False
2022-11-25 00:00:00+00:00,138.9510982803,139.3407809509,134.6353627031,136.5837760562,10589945,,,,,,,,,,,,,,144.1471201333265,150.93737080828595,,,,,,,,,,,,137.9470630363481,137.13591890709841,144.25504857307683,154.74270610832215,157.8370956953136,,,,,146.7146176088245,#000000,,140.87128766246246,,42.422600222662275,-3.6745914320216784,False,False,False,True,False,,0.0,0.0,0.0,0.0,0,0.9929892963389372,1.0133459536242058,False,False,False,False,-0.27442684947512225,-0.26256600831252597,False,False,False,False,-816971968,-711854720.565675,False,False,False,False,29067654.278569613,False,False,False,False
2022-12-02 00:00:00+00:00,142.1952065133,143.5201275935,136.8370697921,138.2009591393,27249586,,,,,,,,,,,,,140.85080129963336,143.937573742573,150.69844066779044,,,,,,,,,,,,138.8321610786237,137.61222529385597,144.11848852962993,154.48598962560385,157.56965642139085,,,,,146.0131670823876,#000000,,140.3081903536715,,43.42094393550818,-3.6745914320216784,False,False,False,True,False,,0.0,0.0,0.0,0.0,0,0.9428737383446691,1.0117486683054366,False,False,False,False,-0.20508547749298253,-0.23382574290275426,False,False,False,False,-789722382,-717622695.4867362,False,False,False,False,28932982.554231122,False,False,False,False
2022-12-09 00:00:00+00:00,135.8336369153,140.7436385652,134.596394436,140.3052455607,21978977,,,,,,,,,,,,,139.15738784717428,143.60202854595198,150.442707259936,,,,,,,,,,,,138.48202772844138,137.56027092567666,143.8971982716074,154.23003436916227,157.31244116289247,,,,,145.5855120138553,#000000,,139.70042876181108,,43.07094910001082,-3.6745914320216784,False,False,False,True,False,0.0,0.0,0.0,0.0,0.0,0,0.9562170102743657,1.0126525607824628,False,False,False,False,-0.25940952869676737,-0.24661763579976081,False,False,False,False,-811701359,-724591485.3766075,False,False,False,False,28417871.03169548,False,False,False,False
2022-12-16 00:00:00+00:00,130.4560160605,141.5717142403,129.7740713869,135.551116979,26757419,,,,,,,,,,,,,137.31802034381752,143.06014047551395,150.07431865321328,,,,,,,,,,,,137.6010336850866,137.18888094115462,143.53101647417668,153.87352817459998,156.9609072178897,,,,,144.95098074568153,#000000,,138.79201886139316,,41.996620275631074,-3.6745914320216784,False,False,False,True,False,0.0,0.0,0.0,0.0,0.0,0,0.9777224902706368,0.9632841970497418,False,False,False,False,-0.31653922239655297,-0.2815784290981569,False,False,False,False,-838458778,-733026099.645007,False,False,False,False,28294874.584903225,False,False,False,False
2022-12-23 00:00:00+00:00,126.442603707,130.7117389786,123.707230993,130.4382017072,23252613,,,,,,,,,,,,,134.88959158038034,142.31207921836634,149.63449937399477,,,,,,,,,,,,136.06698685914364,136.3524105969739,143.01794405797327,153.46879149507828,156.57386073068838,,,,,144.03952048907487,#000000,,137.40526706371605,,40.64698959285282,-4.996439160222863,False,False,False,True,False,0.0,0.0,0.0,0.0,0.0,0,0.9411729465488613,1.0300034778755587,False,False,False,False,-0.34282825441539394,-0.31220334175677544,False,False,False,False,-861711391,-742558343.4490806,False,False,False,False,27921373.726762243,False,False,False,False
2022-12-30 00:00:00+00:00,126.1788356239,126.8040636728,123.0917721323,125.8564524111,16816622,,,,,,,,,,,,,133.508478235488,141.76110781228817,149.3050469680204,,,,,,,,,,,125.35822380966665,135.05642610227991,135.73885691910533,142.63130529274352,153.16641876137413,156.2853602460577,,,,,141.42346934966932,#000000,,132.415496266635,,39.64423456428682,-6.106764811145084,False,False,False,True,False,0.0,0.0,0.0,0.0,0.0,0,0.948120931712554,1.0532823850017854,False,False,False,False,-0.34282825441539394,-0.32751579808608466,False,False,False,False,-878528013,-752630170.8232229,False,False,False,False,27098799.524779856,False,False,False,False
2023-01-06 00:00:00+00:00,129.0216694088,129.5198980103,123.9026147582,126.9310631202,17331526,,,,,,,,,,,,,132.72535268824188,141.29833222514986,149.00402101234974,,,,,,,,,,,126.43581608144902,134.38500150226716,135.28975259182616,142.29700317506322,152.88479909248616,156.01358648080284,,,,,141.14818498329288,#000000,,132.20898071594607,,39.65192749290716,-6.247400567991171,False,False,False,True,False,0.0,0.0,0.0,0.0,0.0,0,0.9411977184976301,1.0385583404428824,False,False,False,False,-0.3114195527930376,-0.3194676754395611,False,False,False,False,-861196487,-760672120.1696508,False,False,False,False,26375297.78220357,False,False,False,False
2023-01-13 00:00:00+00:00,136.4755600546,136.6025595021,129.1682072328,130.5847395311,24234345,,,,,,,,,,,,,132.9339548445703,140.98550247070872,148.7216638207899,,,,,,,,,,,129.60976240228837,134.3516009828298,135.20440294272356,142.0511204721533,152.60088319116963,155.72800808292087,,,,,141.35409991223938,#000000,,133.024930293103,,41.41068553843992,-6.247400567991171,False,False,False,True,False,0.0,0.0,0.0,0.0,0.0,1,0.9604725379069535,1.0034036147099845,False,False,False,False,-0.2055849068502783,-0.2625262911449197,False,False,False,False,-836962142,-766323232.8978248,False,False,False,False,26216708.687225528,False,False,False,False
2023-01-20 00:00:00+00:00,135.7721784996,138.7517809202,131.874272382,136.8760967735,18778308,,,,,,,,,,,,,133.2035077785673,140.80612479807746,148.53011609022707,,,,,,,,,,,131.03498975677812,134.43933187234725,135.21798902639736,141.90185740129672,152.4027203436497,155.52561136072958,,,,,141.45136093645226,#000000,,133.47395460852252,,42.533715838694064,-6.247400567991171,False,False,False,True,True,0.0,0.0,0.0,0.0,0.0,1,0.9434422596597558,1.044846642528352,False,False,False,False,-0.16530306048089335,-0.21391467581290652,False,False,False,False,-855740450,-772946730.4609488,False,False,False,False,25665716.04372734,False,False,False,False
2023-01-27 00:00:00+00:00,144.4765252432,145.5902127054,134.6194142844,136.1336384654,21834049,,,,,,,,,,,,,134.1241437322185,140.83364952501566,148.41497461463044,,,,,,,,,,,133.35681119929023,135.03660088196838,135.57916723740703,141.89313159381294,152.25888156257867,155.36529361451196,,,,,141.8736282179371,#000000,,134.52418076272102,,45.19297715248142,-8.797307791666647,False,False,False,True,True,0.0,0.0,0.0,0.0,0.0,1,0.9395080801151471,1.0397755863494504,False,False,False,False,-0.08720621002497964,-0.15056044291894308,False,False,False,False,-833906401,-777462261.6119897,False,False,False,False,25381888.85530309,False,False,False,False
2023-02-03 00:00:00+00:00,147.8566643827,154.3775975492,141.8974595414,143.3921453459,29050564,,,,,,,,,,,,148.04390715776665,135.90331411925064,141.16682151845623,148.40699194930252,,,,,,,,,,,136.68897599760047,136.34215630379234,136.45686880762204,142.09633625249612,152.18576175791762,155.2551358833089,,,,,143.25462697475137,#000000,,139.24458839460252,,47.74114382706654,-6.352802280546008,False,False,False,False,True,0.0,0.0,0.0,0.0,0.0,1,0.9149472202037982,1.0191005858203641,False,False,False,False,0.041829033305947595,-0.054365704806497744,False,False,False,True,-804855837,-779491415.3444349,False,False,False,False,25653642.569725085,False,False,False,False
2023-02-10 00:00:00+00:00,144.7305241381,149.6541950234,143.5582215464,147.2998206516,22240566,,,,,,,,,,,,147.14939260218034,136.80155429617426,141.33130840246542,148.3676836035822,,,,,,,,,,,138.06408386551777,137.0299706581278,136.94403439262348,142.19216557296673,152.10443603451415,155.14952388140648,,,,,143.51341533095584,#000000,,139.76125035550004,,48.871242442694246,-5.29990360330649,False,False,False,False,True,0.0,0.0,0.0,0.0,0.0,1,0.9235677535618935,1.048705501963305,False,False,False,False,0.017254337466511043,-0.01855568366999335,False,False,False,False,-827096403,-783017710.7263286,False,False,False,False,25400822.083078783,False,False,False,False
2023-02-17 00:00:00+00:00,147.0946676981,150.377114955,143.7438361234,144.7207549498,20502606,,,,,,,,,,,,147.12725480191008,137.58135837208883,141.50659979181748,148.34861329611448,,,,,,,,,,,139.1454392087134,137.64977957650228,137.40009411565967,142.30066776384567,152.0443549322435,155.06560652467394,,,,,143.81697683835694,#000000,,140.37595798980365,,50.160127275480434,-4.075436705672992,False,False,False,False,True,0.0,0.0,0.0,0.0,0.0,1,0.9006882589082185,1.0661303832663078,False,False,False,False,0.10270201642235952,0.04207316637618308,False,False,False,False,-806593797,-784764087.4873413,False,False,False,False,25037991.262109984,False,False,False,False
2023-02-24 00:00:00+00:00,140.5395423726,145.2873678692,139.3867781574,144.8966003386,20624648,,,,,,,,,,,,145.92453278189896,137.876306208866,141.51349286111792,148.252172716039,,,,,,,,,,,139.4247747092042,137.8887704942799,137.58807422122788,142.2883552348335,151.9220480180401,154.92776355452813,,,,,143.76062908000358,#000000,,140.27859604856226,,49.64792617245611,-4.075436705672992,False,False,False,False,True,0.0,0.0,0.0,0.0,0.0,1,0.9068131156206151,1.0497602525646803,False,False,False,False,0.02861512782641651,0.035344147101299794,False,False,False,False,-827218445,-787908854.7105012,False,False,False,False,24711076.946398135,False,False,False,False
2023-03-03 00:00:00+00:00,142.9329934974,143.3432994045,137.7748620938,142.1319200597,28068806,,,,,,,,,,,,144.85893513001844,138.1822582962695,141.5071353124335,148.1178120299205,,,,,,,,,,,139.67103441065274,138.1438804359347,137.79760502025502,142.26123464333762,151.75402672631873,154.7393066432217,,,,,143.70332286483625,#000000,,140.21402706821885,,49.80501082003393,-4.075436705672992,True,False,False,False,True,0.0,0.0,0.0,0.0,0.0,1,0.9276650535761565,1.031670056189179,False,False,False,False,-0.008059445535625865,0.013642350782836965,False,False,False,False,-799149639,-788741505.3986123,False,False,False,False,24959797.61703531,False,False,False,False
2023-03-10 00:00:00+00:00,135.0101818149,143.7926820647,134.5510299665,143.2944534632,37504459,,,,,,,,,,,,143.1796189110941,138.1403949174568,141.3228630202285,147.8558422028652,,,,,,,,,,,139.39573384400788,138.1116760614089,137.7967064628809,142.09471895007064,151.4635366377614,154.43058729330647,,,,,143.3791678301081,#000000,,139.7068559334919,,48.31544285316978,-4.075436705672992,True,False,False,False,True,0.0,0.0,0.0,0.0,0.0,1,0.9129243653272968,1.0482457319365568,False,False,False,False,-0.03668371691532263,-0.011520683066242831,False,False,False,False,-836654098,-792290586.3320484,False,False,False,False,25889031.793551214,False,False,False,False
2023-03-17 00:00:00+00:00,138.07770693,140.4613888665,132.5776539371,133.017267409,47522477,,,,,,,,,,,,141.75966111512903,138.01074713052517,141.07001233205048,147.5191715509478,,,,,,,,,,137.03891657786664,139.02792270164142,138.00225200490215,137.7355682771777,141.8671510160528,151.09321503829005,154.0383710980733,,,,137.03891657786664,141.3124617744583,#000000,,138.95931188129055,,47.95243067818124,-4.075436705672992,True,False,False,False,True,0.0,1.0,140.4614,132.57765,0.0,1,0.8902593485855675,1.0747068502234065,False,False,False,False,-0.0027274671714429904,-0.007124075118842911,False,False,False,False,-789131621,-792056588.9000449,False,False,False,False,27491509.216251124,False,False,False,False
2023-03-24 00:00:00+00:00,138.7325838569,143.6124275326,136.9393882893,137.9094776947,28590294,,,,,,,,,,,,141.5156291151703,138.12652135998982,141.02514041144758,147.3765788548851,,,,,,,,,,138.06158995297542,139.09088361584855,138.10396665564525,137.82934967273764,141.81163353374464,150.92085577152474,153.8472603568575,,,,138.06158995297542,141.38621489439691,#000000,,139.19865601099602,,47.844836504684636,-4.075436705672992,True,False,False,False,True,0.0,0.0,0.0,0.0,0.0,1,0.955877306976029,1.0309649457507697,False,False,False,False,0.1066528005927572,0.04976436273695714,False,False,False,False,-760541327,-789722125.0555972,False,False,False,False,27572900.681714006,False,False,False,False
2023-03-31 00:00:00+00:00,146.5324946317,146.6206845776,137.9094776947,140.0652319289,19392910,,,,,,,,,,,143.68755230133334,141.68178435978837,138.3652577457335,141.08566046980943,147.33115134203743,,,,,,,,,,139.20396996998292,139.34377655128168,138.31468165366027,138.00769464376447,141.84459273208958,150.84699037910013,153.75584248104383,,,,139.20396996998292,140.8866121769481,#000000,,140.97927079559656,,49.46706125216636,-4.075436705672992,True,False,False,False,True,0.0,0.0,0.0,0.0,0.0,0,0.9718928127324946,0.9776862268822039,False,False,False,False,0.16432748390941965,0.1070459233231884,False,False,False,False,-741148417,-786124072.6070344,False,False,False,False,26966975.446031485,False,False,False,False
2023-04-07 00:00:00+00:00,142.0152096226,146.003354956,140.0162375145,145.2096454425,18609888,,,,,,,,,,,143.19330765026746,141.74993557328946,138.53590985442793,141.1196591326851,147.27681027036058,,,,,,,,,,139.7705559840979,139.5109933520475,138.46718412102183,138.14026961212537,141.85841561774015,150.76771759552543,153.6610090542352,,,,139.7705559840979,140.9623041168063,#000000,,141.05619813992558,,49.62018469827947,-4.075436705672992,True,False,False,False,True,0.0,0.0,0.0,0.0,0.0,0,0.9892407329906134,0.9672522929802065,False,False,False,False,0.18618131578048053,0.14661361955183447,False,False,False,False,-759758305,-784171052.7842911,False,False,False,False,26347931.931510635,False,False,False,False
2023-04-14 00:00:00+00:00,143.9455895506,144.8274890101,139.722271028,140.564974956,24544685,,,,,,,,,,,143.05143937006721,141.8394465754257,138.74897103799424,141.166545142676,147.20937991791905,,,,,,,,,,140.31243338203842,139.7170047499895,138.65950241176623,138.30956931500134,141.87924602516173,150.66742742941597,153.5401019735681,,,,140.31243338203842,141.08935379280393,#000000,,141.2300810193802,,50.14708229493313,-3.605482603840379,True,False,False,False,True,0.0,0.0,0.0,0.0,0.0,0,1.0172095726029942,0.9424253509425878,False,False,False,False,0.16461398243898903,0.15561380099541175,False,False,False,False,-735213620,-780544576.2817512,False,False,False,False,26214358.084732067,False,False,False,False
2023-04-21 00:00:00+00:00,144.4061370461,146.0229527218,142.0250085055,144.3081482173,21459408,,,,,,,,,,,143.33241365677733,141.99540589669212,138.9734958313137,141.23633801320506,147.16935240929584,,,,,,,,,,140.8269312410772,139.94514515676482,138.86322516126867,138.48824256078603,141.9209773079097,150.59621864996453,153.4493402090398,,,,140.8269312410772,141.27515272350905,#000000,,141.52497398782788,,50.62627731218437,-3.0137972465335565,True,False,False,False,True,0.0,0.0,0.0,0.0,0.0,0,1.0208509003416486,0.9594403283942848,False,False,False,False,0.21623245307120867,0.1859231270333102,False,False,False,False,-713754212,-775597141.8905103,False,False,False,False,25862139.559937097,False,False,False,False
2023-04-28 00:00:00+00:00,144.8862823074,145.4742152803,140.5159805416,144.6217124695,20924366,,,,,,,,,,,143.3908566178836,142.09601045073305,139.15467148673434,141.28959554884224,147.12469203404515,,,,,,,,,,141.15037811248882,140.1209523995468,139.02946569483922,138.63701273990918,141.95096597166747,150.52272366294522,153.35760469953445,,,,141.15037811248882,141.394460105669,#000000,,141.68954939516306,,51.08164480320885,-2.440331083589456,True,False,False,False,True,0.0,0.0,0.0,0.0,0.0,0,1.0048383560807865,0.9750333894293541,False,False,False,False,0.1857483518658721,0.18583573944959114,False,False,False,False,-692829846,-769466231.0838059,False,False,False,False,25496378.55549731,False,False,False,False
2023-05-05 00:00:00+00:00,144.2297571542,144.915678956,141.1431090461,144.5335225236,22155842,,,,,,,,,,,143.39759617026306,142.1778089307637,139.32397526240382,141.33894002083892,147.07603336801216,,,,,,,,,,141.3988831825481,140.28024436540048,139.18630454950414,138.77959535531704,141.97800628989143,150.44441012579537,153.260400627617,,,,141.3988831825481,141.4937387494943,#000000,,141.81363316224383,,51.22946332347449,-2.155146219731165,True,False,False,False,True,0.0,0.0,0.0,0.0,0.0,0,1.0306108438976358,0.9696217784584977,False,False,False,False,0.18675870839381245,0.18629722392170178,False,False,False,False,-714985688,-765430635.2998203,False,False,False,False,25248931.40323825,False,False,False,False
2023-05-12 00:00:00+00:00,144.8568856587,146.9734443614,143.6908185956,144.6707068839,20094960,,,,,,,,,,,143.64009217351523,142.3357023787613,139.52681610598543,141.41749808259087,147.05358159751947,,,,,,,,,,141.73859153404703,140.48498711708586,139.3738108675699,138.94759964818877,142.03014948293512,150.39215444121166,153.18922216620373,,,,141.73859153404703,141.6548828988199,#000000,,142.04984330085236,,51.50134796246086,-1.740074641013642,True,False,False,False,True,0.0,0.0,0.0,0.0,0.0,1,1.0630439501649898,0.9508289907697596,False,False,False,False,0.255578719694098,0.2209379718078999,False,False,False,False,-694890728,-760205456.981315,False,False,False,False,24867155.743739124,False,False,False,False
2023-05-19 00:00:00+00:00,148.5020700912,149.8151203975,143.7790085416,145.0234666677,19224932,,,,,,,,,,,144.07047543445105,142.5771326748253,139.77850300502843,141.53182878827448,147.05706312910604,,,,,,,,,,142.18463767490064,140.74979954071193,139.60628083644642,139.15401110961673,142.11215360486852,150.36371502227337,153.14059017172752,,,,142.18463767490064,141.88218857982298,#000000,,142.39551133122222,,52.64746916090162,-0.4963572167016608,True,False,False,False,True,0.0,0.0,0.0,0.0,0.0,1,1.0230176781777927,0.9402962481317956,False,False,False,False,0.30058625111769516,0.26076211146279754,False,False,False,False,-675665796,-753943259.871588,False,False,False,False,24449213.244202893,False,False,False,False
2023-05-26 00:00:00+00:00,148.9136231722,149.9915002894,145.0038689019,148.5706622713,20531847,,,,,,,,,,,144.4987307204916,142.84009527663702,140.05007735293168,141.66133092683106,147.06781700880188,,,,,,,,,,142.6361736998549,141.0348501026731,139.85827595001427,139.37898186534662,142.20675249887023,150.3399299895181,153.09488245472102,,,,142.6361736998549,142.12330854024523,#000000,,142.75246244991416,,53.572360161797135,0.5017982051650804,True,False,False,False,True,0.0,0.0,0.0,0.0,0.0,1,1.0362487422007522,0.9178270581112614,False,False,False,False,0.3225262546985409,0.2916441830806692,False,False,False,False,-655133949,-746624051.6588777,False,False,False,False,24159037.96685453,False,False,False,False
2023-06-02 00:00:00+00:00,153.8424612624,154.4181456317,146.503097983,150.5402377308,21763691,,,,,,,,,,,145.2379959597123,143.27004461401484,140.44179313969818,141.8685729749808,147.12357976949937,,,,,,,,,,143.32020521253756,141.45875669153665,140.2213080132311,139.7005415032619,142.36464510793954,150.35293557549926,153.0808935665571,,,,143.32020521253756,142.50074429864122,"rgba(38, 166, 154, 0.5)",16.588078292038393,143.32175061945034,0.6342332401456763,55.45382023553918,2.3844365340028375,True,False,True,False,True,0.0,0.0,0.0,0.0,0.0,1,1.0320684155746074,0.917009819005056,False,False,False,False,0.3428282515123004,0.31723621729648477,False,False,False,False,-633370258,-738234881.7582201,False,False,False,False,23981604.85819864,False,False,False,False
2023-06-09 00:00:00+00:00,157.9579920732,160.064751893,153.4015115326,153.8130646137,22581188,,,,,,,,,,,146.40017644393825,143.94310023495922,141.0100347249779,142.1923944973395,147.2501880922404,,,,,,,,,,144.33550443620095,142.08622623400234,140.7477508171717,140.16447739130382,142.61826362880385,150.42555309809725,153.11962905493522,,,,144.33550443620095,143.07481165009378,"rgba(38, 166, 154, 0.5)",15.678837478905209,144.1912518372752,0.878045981052294,57.70546517518419,4.56180586290516,True,False,True,False,True,0.0,0.0,0.0,0.0,0.0,1,1.0918051286684565,0.8773612175449004,False,False,False,False,0.34282825208519835,0.33003223469084153,False,False,False,False,-610789070,-728794451.2576112,False,False,False,False,23877870.276109852,False,False,False,False
2023-06-16 00:00:00+00:00,163.0338134066,164.4889475147,158.4577351002,158.9280814786,28839312,,,,,,,,,,,148.12897641460322,144.99638263227706,141.88394496150573,142.7144415523129,147.4843775997088,,,,,,,,,,145.8500498983834,143.05401190545987,141.55971145251672,140.88169843998108,143.03385791244918,150.5814616648115,153.22644075780065,,,,145.8500498983834,143.95874527691976,"rgba(38, 166, 154, 1.0)",14.940987876943293,145.5073552126809,1.1730454731822428,60.31242195638003,7.018447107408846,True,False,True,False,True,2.0838839305349204,0.0,0.0,0.0,0.0,0,1.1489698468149363,0.8498766340567376,False,False,False,False,0.3428282523876074,0.33643024353922446,False,False,False,False,-581949758,-717917066.5718621,False,False,False,False,24245384.47787949,False,False,False,False
2023-06-23 00:00:00+00:00,162.4465656036,164.5968102616,161.091616915,162.6822088538,22169553,,,,,,,,,,,149.27421256917017,145.75692127490305,142.5300708420877,143.11167706759196,147.6680720401871,,,,,,,,,,146.89304339758175,143.7621807970607,142.16339621652733,141.41948617494782,143.35306212989386,150.70584936170985,153.31340193288003,,,,146.89304339758175,144.59321225099515,"rgba(38, 166, 154, 1.0)",14.260347885457517,146.4215895096789,1.1237436998478212,61.95153721117426,8.504306270941768,True,False,True,False,True,1.8200035957243337,0.0,0.0,0.0,0.0,0,1.2035298603320372,0.7818798491464978,False,False,False,False,0.3428282524609611,0.33962924800009275,False,False,False,False,-604119311,-709487603.1961687,False,False,False,False,24091619.18322175,False,False,False,False
2023-06-30 00:00:00+00:00,166.7274179822,167.2576152951,160.2963209456,161.454900259,22788885,,,,,,,,,,,150.43099904801673,146.5601122953476,143.21706881492423,143.54488769567013,147.87743015372993,,,,,,,,,,147.9612083009273,144.5120109727453,142.80744662282714,141.99596302536872,143.70416935628185,150.8524514621932,153.42027390499229,,,,147.9612083009273,145.2611296285839,"rgba(0, 255, 255, 0.75)",14.10034685767313,147.36608265425923,1.3731105712058926,63.93317953795181,10.314103821542858,True,False,True,False,True,3.637184601028139,0.0,0.0,0.0,0.0,0,1.1986474901478803,0.7478654181071644,False,False,False,False,0.3428282524171654,0.3412287502086291,False,False,False,False,-581330426,-699994478.9594154,False,False,False,False,23995120.354834955,False,False,False,False
2023-07-07 00:00:00+00:00,166.2954053568,169.6729586096,165.313558481,168.396557671,22935084,,,,,,,,,,,151.59608273805898,147.39791389101333,143.93728404347644,144.0097856755033,148.11143179775746,,,,,,,,,,149.04702803236697,145.29541261869585,143.4846647192187,142.60468160511854,144.08398232034764,151.02118066805005,153.5475573600461,,,,149.04702803236697,145.9568267441557,"rgba(0, 255, 255, 0.75)",13.982789485174953,148.33410932003378,1.2845288170725457,65.17233902020013,11.410476170914507,True,False,True,False,True,3.4366151618054097,0.0,0.0,0.0,0.0,0,1.2247050704739884,0.7477679723363289,False,False,False,False,0.34282825227525193,0.3420285012419405,False,False,False,False,-604265510,-692903444.221681,False,False,False,False,23916599.1433657,False,False,False,False
2023-07-14 00:00:00+00:00,171.7446555176,172.500677612,165.3822877623,166.4230454507,22857102,,,,,,,,,,,152.78689043022345,148.27620496248122,144.69427110802286,144.50886962551482,148.37239138100645,,,,,,,,,,150.1620214411078,146.1168458738203,144.19823866163856,143.24830177688312,144.4947300803375,151.2143910655536,153.69764252496267,,,,150.1620214411078,146.6858765341036,"rgba(0, 255, 255, 0.75)",13.812463568079206,149.3354906769082,1.6223872541086508,67.03639041563522,13.12204496407314,True,False,True,False,True,5.711260521850001,0.0,0.0,0.0,0.0,0,1.195703077850383,0.7728909755071891,False,False,False,False,0.342828252212921,0.34242837672743076,False,False,False,False,-581408408,-684644552.6497046,False,False,False,False,23838117.87348676,False,True,False,False
2023-07-21 00:00:00+00:00,167.8761788269,174.5723745199,167.1447029044,171.8428402052,30418434,,,,,,,,,,169.86441875039998,154.14928866979253,149.34328878375106,145.63528424667132,145.14364575353676,148.70994565755828,,,,,,,,,,151.47227440784494,147.12800589294469,145.08970317708753,144.05880618972583,145.02124986034897,151.46530433827485,153.89301133746196,,,,151.47227440784494,149.69059657321037,"rgba(38, 166, 154, 1.0)",13.66382150949079,156.20731765294713,0.8539968972697551,66.81306600753203,13.12204496407314,True,False,True,False,True,3.8947084145652653,0.0,0.0,0.0,0.0,0,1.189558750322283,0.7740743001960146,False,False,False,False,0.3428282522584958,0.34262831449296327,False,False,False,False,-611826842,-679250648.1571338,False,False,False,False,24325548.697672926,False,False,False,False
2023-07-28 00:00:00+00:00,169.6238662658,170.5664392666,166.4721377945,167.6405355767,21188988,,,,,,,,,,169.46330745363574,154.92519442569758,149.9938245875062,146.22546074684607,145.55061672318814,148.92831018491628,,,,,,,,,,152.24330522842843,147.75480521183974,145.6518764132761,144.57453528435514,145.361362829443,151.62706347370806,154.01818003351508,,,,152.24330522842843,150.17442889042158,"rgba(38, 166, 154, 1.0)",13.55838760881654,156.65640792381697,0.9564159630272511,66.99521608889398,13.12204496407314,True,False,True,False,True,4.6248894096261,0.0,0.0,0.0,0.0,0,1.1766850985369435,0.8306470008002597,False,False,False,False,0.2931585362347797,0.3178934253638715,False,False,False,False,-590637854,-672686737.4788276,False,False,False,False,24093210.868215673,False,False,False,False
2023-08-04 00:00:00+00:00,168.4358315461,171.4501014548,164.2924377301,170.0460604224,22559835,,,,,,,,,,169.03629103287793,155.62231977887848,150.612136916858,146.79996919655537,145.95401812463894,149.14623425932407,,,,,,,,,,152.9552819848732,148.35900692035554,146.20162799138896,145.08267483523574,145.70060863067212,151.78791339658252,154.14187558653086,,,,152.9552819848732,150.63239354123343,"rgba(38, 166, 154, 1.0)",13.513969561430757,157.0565074283719,0.8420415678754372,66.64043852923412,13.12204496407314,True,False,True,False,True,4.0617263125799425,0.0,0.0,0.0,0.0,0,1.123084863179934,0.874713249773872,False,False,False,False,0.2796534714863861,0.29877344842512876,False,False,False,False,-613197689,-668280141.2952107,False,False,False,False,23979627.470570065,False,False,False,False
2023-08-11 00:00:00+00:00,166.6390517633,170.1933374538,165.4068339342,169.0249396716,19347468,,,,,,,,,,168.70046015516593,156.13565734283682,151.09122173687254,147.25485622220836,146.27885013085876,149.322957553082,,,,,,,,,,153.49269035817966,148.8331597399746,146.63873420131168,145.4894868078445,145.9753924343409,151.91799089348237,154.2413879599382,,,,153.49269035817966,150.98905091295939,"rgba(38, 166, 154, 1.0)",13.52149285580542,157.35500739826372,0.6866138572154912,65.65108085583054,13.12204496407314,True,False,True,False,True,3.208082633334712,0.0,0.0,0.0,0.0,0,1.1206406951243004,0.8516751686396103,False,False,False,False,0.2781760854089262,0.28847476691702745,False,False,False,False,-632545157,-665633105.4214914,False,False,False,False,23636504.54682413,False,False,False,False
2023-08-18 00:00:00+00:00,159.7072128201,167.2674337639,158.0086177249,165.6179310125,17970780,,,,,,,,,,167.5657565316929,156.35041744627034,151.36395494086858,147.54421811467338,146.49212848553424,149.4328422768795,,,,,,,,,161.6610881029667,153.76529970124545,149.12296480124814,146.92087331340377,145.7585817898473,146.15763640767244,151.99275139869266,154.2927073844499,,,,153.76529970124545,152.6545283227751,"rgba(38, 166, 154, 0.5)",13.501684215670261,159.83564044554385,-0.009511970758046528,62.42886742537647,16.411503548309923,True,False,True,False,False,0.019398862158460872,0.0,0.0,0.0,0.0,0,1.0713302057542249,0.8768794503313375,False,False,False,False,0.17372769189950873,0.2311012294082681,False,False,False,False,-650515937,-664513315.1680477,False,False,False,False,23216821.24705938,False,False,False,False
2023-08-25 00:00:00+00:00,161.6709065717,163.5756895108,159.1573785696,160.6399673521,20211400,,,,,,,,,,166.62993828192583,156.56475571357566,151.64890520675598,147.85181059863166,146.722075868796,149.55219722483557,,,,,,,,,161.55887414722915,154.0439587876455,149.42886096790625,147.2217951496267,146.04717715597437,146.3551176807419,152.07382193737448,154.34809321662374,,,,154.0439587876455,152.7718151878067,"rgba(38, 166, 154, 0.5)",13.213637999097083,159.69938173259402,0.14920378772603624,60.65631716671499,14.738245458527814,True,False,True,False,False,0.8928112955221366,0.0,0.0,0.0,0.0,0,1.1194261410671733,0.876906737855923,False,False,False,False,0.1486477968685127,0.1898745131383904,False,False,False,False,-630304537,-661979331.6000441,False,False,False,False,22994197.45098091,False,False,False,False
2023-09-01 00:00:00+00:00,166.5899594195,168.9954842653,161.3468971027,162.7116642601,20328936,,,,,,,,,,166.49811354200682,156.93177474523432,152.03493802183846,148.23855583014108,147.00986001417172,149.71112668102438,,,,,,,,,162.97823814116407,154.4512365241296,149.82316637491397,147.59728303253445,146.40271382549886,146.6021594673343,152.1896086719358,154.43511831398592,,,,154.4512365241296,153.19658800516333,"rgba(38, 166, 154, 1.0)",12.944075500546743,160.21484073813372,0.492512476545505,60.61866778931088,14.714895468689178,True,False,True,False,False,3.0355543252060784,0.0,0.0,0.0,0.0,0,1.1417704875705705,0.8322067869656181,False,False,False,False,0.2243797345679651,0.20712712385317775,False,False,False,False,-609975601,-658127203.4074483,False,False,False,False,22796770.676834177,False,False,False,False
2023-09-08 00:00:00+00:00,165.6866602938,167.100519795,163.0553106666,166.2954053568,18365463,,,,,,,,,,166.3669098320639,157.22593276973157,152.35698833398837,148.56677346237333,147.2575002604699,149.84881795684552,,,,,,,,,163.52831686165416,154.78417579117666,150.15544521457724,147.91701353306806,146.70713976355256,146.8158070041129,152.28974743178406,154.5100822101057,,,,154.78417579117666,153.48661958226558,"rgba(38, 166, 154, 1.0)",12.592157162513256,160.4763338136566,0.41377552812432367,60.26393244526565,14.326504124885957,True,False,True,False,False,2.615041089196449,0.0,0.0,0.0,0.0,0,1.178626074435149,0.841779440793402,False,False,False,False,0.22249596650942566,0.2148115451813017,False,False,False,False,-628341064,-655920822.7106004,False,False,False,False,22468525.663735352,False,False,False,False
2023-09-15 00:00:00+00:00,168.6714747963,172.0490280491,168.072548202,168.1510959521,25150314,,,,,,,,,169.59768368246668,166.78244785221375,157.79537772615754,152.91252704312336,149.1071896064307,147.66460001678578,150.08512777731679,,,,,,,,,165.02445652479784,155.38264581946726,150.71140919190313,148.44086312946828,147.20171723622187,147.16715140106095,152.46917252472596,154.65155222929047,,,,155.38264581946726,156.29563178122504,"rgba(38, 166, 154, 1.0)",12.459826633820363,164.79999144640897,0.31071727269322236,60.740580619972164,14.326504124885957,True,False,True,False,False,3.906780800654232,0.0,0.0,0.0,0.0,0,1.2106462996327485,0.7829303963354065,False,False,False,False,0.32362817250673437,0.269219858844018,False,False,False,False,-603190750,-652014891.398704,False,False,False,False,22667176.651606806,False,False,False,False
2023-09-22 00:00:00+00:00,158.2929931804,168.3947084601,158.1552872272,168.1979856699,25541147,,,,,,,,,165.57523067806514,166.18538788954862,157.96591591526152,153.18825563378158,149.42527037927695,147.91806228520105,150.2235450338916,,,,,,,,,164.3416949765406,155.6282435963313,151.01909533446994,148.75636584003428,147.51116808900426,147.3899305035818,152.5644472732916,154.71722839554477,,,,155.6282435963313,155.95966283323142,#000000,12.18431304003906,163.51705736485397,-0.4287532803275069,57.72183556907554,11.775454180727273,True,False,True,False,False,0.0,0.0,0.0,0.0,0.0,0,1.1122371297979583,0.8300865824826842,False,False,False,False,0.15621356094630362,0.2127167098951608,False,False,False,False,-628731897,-650290225.1469482,False,False,False,False,22880063.344080374,False,False,False,False
2023-09-29 00:00:00+00:00,158.342173878,160.4077631757,154.1716507245,157.6438079726,28523805,,,,,,,,,162.71810619401396,165.20892368302182,157.95045951026114,153.3404220866021,149.6521549052586,148.11142235281264,150.32167489010857,,,,,,,,,163.1171419309385,155.7130775280549,151.22140107437878,148.98779778849294,147.74836410895972,147.56346762794087,152.62282653932982,154.7477013764801,,,,155.7130775280549,155.56578488099825,#000000,11.96608175263223,162.24865782955885,-0.32646308393301043,55.57929708913115,9.728264605316717,True,False,True,False,False,0.0,0.0,0.0,0.0,0.0,0,1.0818071398509488,0.8989042551001051,False,False,False,False,0.016695648110545067,0.11470617900285293,False,False,False,False,-600208092,-646580437.5064335,False,False,False,False,23298118.281555902,False,False,False,False
2023-10-06 00:00:00+00:00,157.978236716,159.7585779678,154.0732893294,157.3979044847,36902813,,,,,,,,,160.98668619160463,164.1863835708331,157.91106468927734,153.50682007359384,149.91495354010934,148.34116355049224,150.4386079289816,,,,,,,,,161.99910732812586,155.79360511873432,151.4514017587231,149.2578271419702,148.0283452155497,147.7715097817718,152.69095989079958,154.7812657094394,,,,155.79360511873432,155.30361946285214,#000000,11.965885554061849,161.2708104449602,-0.2751633979854115,53.94018977960171,8.186969864370482,True,False,False,False,False,0.0,0.0,0.0,0.0,0.0,0,1.071285690152921,0.9020252728814313,False,False,False,False,0.008063802861894221,0.061384990932373575,False,False,False,False,-637110905,-645878990.6541051,False,False,False,False,24305873.445885092,False,False,False,False
2023-10-13 00:00:00+00:00,156.3651098359,161.391377127,155.0765755597,156.0700256505,26221623,,,,,,,,,160.36482579034276,163.6350577371758,157.89920877993464,153.6267016786185,150.09909036382388,148.50349758794866,150.52336147392447,,,,,,,,,161.4742250108298,155.85802916495427,151.61345109423402,149.44696113757382,148.22446523522453,147.9191127417364,152.7416866719854,154.8077712951218,,,,155.85802916495427,155.2242015992712,#000000,11.987502303594244,160.84332932957074,-0.37357402570242004,52.27478076240807,6.6211697118016275,False,False,False,False,False,0.0,0.0,0.0,0.0,0.0,0,1.0791474344734973,0.8845613126126632,False,False,False,False,0.030972489092634375,0.04617874001250397,False,False,False,False,-663332528,-647171845.2723196,False,False,False,False,24447780.820263974,False,False,False,False
2023-10-20 00:00:00+00:00,149.2044002705,160.0536621532,149.1257111544,157.211017834,34699341,,,,,,,,,158.88107312594545,162.55237440662074,157.64555583460705,153.59573489959632,150.18181514637647,148.6006865078893,150.55832995611775,,,,,,,,,160.2880925025652,155.72076550691867,151.65318800824,149.54434673426857,148.344974219682,148.0140121939649,152.742398763792,154.78312323188726,,,,155.72076550691867,154.84079203848205,#000000,11.987570620627766,159.84177396743462,-0.887366926425461,49.136387328879486,3.66275787881321,False,False,False,False,False,0.0,0.0,0.0,0.0,0.0,0,1.0244660119458149,0.9052680274939621,False,False,False,False,-0.05541618490187878,-0.004618722444687404,False,False,False,False,-698031869,-650939254.437333,False,False,False,False,25207155.64839257,False,False,False,False
2023-10-27 00:00:00+00:00,147.1388109728,151.9388470551,145.4076504186,148.6043957602,34508382,,,,,,,,,157.13250149992112,161.2521750441619,157.19896113957307,153.4018016118392,150.1219872335236,148.59101796764668,150.522188291072,,,,,,,,148.16176948216668,158.83724312373437,155.39830214749506,151.5401549965513,149.50547231849887,148.34029267395454,148.01681809411917,152.68189298219025,154.70347166767536,,,148.16176948216668,155.39830214749506,154.25503685974655,#000000,11.902801116042705,156.34592228749602,-0.7735247547979771,46.39945576358838,1.142576131569811,False,True,False,False,False,0.0,1.0,151.93884,145.40765,0.0,0,1.0106388342699077,0.9527328033683176,False,False,True,False,-0.19872484075761324,-0.10167178160115031,False,False,True,False,-732540251,-656983772.7012342,False,False,False,False,25896135.37814127,False,False,False,False
2023-11-03 00:00:00+00:00,157.594627275,158.4405352731,147.1879916704,148.830626969,39746649,,,,,,,,,156.70152830284732,160.6070394928054,157.05535715075712,153.44151876702026,150.26336318024903,148.73494740609692,150.58852700877034,,,,,,,,151.50505172125526,158.30075768292662,155.35190918683844,151.643239306573,149.6592536371132,148.51376692623637,148.1536112961137,152.7077564508815,154.6994298437121,,,151.50505172125526,155.35190918683844,154.45290184283854,#000000,11.948001969121213,156.77859429995863,0.06829869773626984,47.64703489616763,1.142576131569811,False,True,False,False,False,0.0,0.0,0.0,0.0,0.0,0,1.0166593850368075,0.9130231507379424,False,False,False,False,-0.13740338779387493,-0.11953758469751262,False,False,False,False,-692793602,-659636352.6492909,False,False,False,False,26922099.350130804,False,False,False,False
2023-11-10 00:00:00+00:00,158.7552917375,159.876611642,155.5585463958,158.1847956458,25099142,,,,,,,,,156.82520681175782,160.464149405406,157.08707888468646,153.5539548486111,150.42253143397588,148.87846701507158,150.66825789651503,,,,,,,,153.16186189317335,158.28389978973104,155.4297993743456,151.7857478663176,149.82250087550642,148.68312594037747,148.28577071370327,152.7579648269757,154.7282128904793,,,153.16186189317335,155.4297993743456,154.68367311835112,"rgba(38, 166, 154, 0.5)",12.004136168847038,157.18377947501705,0.13091423159304927,48.84172712141754,1.142576131569811,False,False,False,False,False,0.0,0.0,0.0,0.0,0.0,0,1.0505888015805702,0.9171827937930599,False,False,False,False,-0.030462537782464716,-0.07500006123998867,False,False,False,False,-667694460,-660233249.4900842,False,False,False,False,26787065.472343337,False,False,False,False
2023-11-17 00:00:00+00:00,164.4012358179,166.37829986,157.3487237872,158.0569258321,29367945,,,,,,,,,157.3903774942575,160.60263231359772,157.28672989426857,153.80734232748426,150.70905754339523,149.12304426380402,150.81668538818792,,,,,,,,155.3401367730917,158.62356421722652,155.66651544927348,152.06227469738434,150.10888671208727,148.968264387648,148.50738378148236,152.86593930858896,154.807322805907,,,155.3401367730917,155.66651544927348,155.15975174220665,"rgba(38, 166, 154, 0.5)",12.092988561216467,157.98917769954338,0.5302294040797145,51.08656759378087,1.142576131569811,False,False,False,False,True,2.12542079278877,0.0,0.0,0.0,0.0,0,1.0594948235892292,0.8975844440576147,False,False,False,False,0.07601505028518198,0.0005074945225966507,False,False,False,False,-638326515,-658610528.4167446,False,False,False,False,26978241.733651236,False,False,False,False
2023-11-24 00:00:00+00:00,165.4832111643,166.5946949293,163.4864748432,164.3618912598,14667626,,,,,,,,,157.74731943494186,160.73966484753316,157.42442218216013,153.96250999595594,150.8757516613498,149.2636860647849,150.90462145327893,,,,,,,,156.3475075456551,158.86591320035666,155.81868198388818,152.2261547085035,150.27441584316836,149.13129121652602,148.63441250868595,152.93235359883246,154.85845977088547,,,156.3475075456551,155.81868198388818,155.42823414035126,"rgba(38, 166, 154, 0.5)",12.069095728553066,158.4251012571217,0.5848085114181529,52.9416254822642,-2.3227407427498505,False,False,False,False,True,2.581056749892646,0.0,0.0,0.0,0.0,0,1.088670560258823,0.8962344653788671,False,False,False,False,0.1582264588255615,0.07936697667407908,False,False,False,False,-623658889,-656021518.0895784,False,False,False,False,26066344.27189929,False,False,False,False
2023-12-01 00:00:00+00:00,168.2865109255,168.7881540406,164.6471393057,165.5815725594,27455890,,,,,,,,,158.4965519342759,161.08405472104076,157.7345091072872,154.29295230553527,151.22098088198638,149.55352925393282,151.08960862651784,,,,,,,,158.0980912760048,159.40723968765477,156.1504406173385,152.56904127388788,150.61601864759766,149.4657129496732,148.8959130471712,153.0752680726282,154.97159272388853,,,158.0980912760048,156.1504406173385,155.96698804526093,"rgba(38, 166, 154, 1.0)",12.23319492200625,159.27148440474406,0.7369314866829151,54.91433581348042,-0.4677638586655064,True,False,True,False,True,3.758662968327659,0.0,0.0,0.0,0.0,0,1.088647294890908,0.9071670452636432,False,False,False,False,0.20983730604341996,0.14460214135874952,False,False,False,False,-596202999,-651590516.6755356,False,False,False,False,26169273.585091937,False,False,False,False
2023-12-08 00:00:00+00:00,170.3521002232,170.6766928271,166.6045310688,167.0668296259,27001426,,,,,,,,,159.26827510963048,161.48649580142433,158.0803040860994,154.64934206452367,151.5866287079023,149.8603585969373,151.2891954895054,,,,,,,,159.61475419625074,159.9932075782507,156.51315764297627,152.93459703034972,150.9770718499064,149.8179159560217,149.1728785516644,153.2322274569491,155.09840310020664,,,159.61475419625074,156.51315764297627,156.5103834067314,"rgba(38, 166, 154, 1.0)",12.348207151381821,160.09068317138906,0.8310046086862619,56.78781706344596,1.297217022359476,True,False,True,False,True,4.619162614045894,0.0,0.0,0.0,0.0,0,1.060241314528216,0.9283752592333833,False,False,False,False,0.27042248354319776,0.20751231245097362,False,False,False,False,-569201573,-645487631.9588292,False,False,False,False,26230914.504714757,False,False,False,False
2023-12-15 00:00:00+00:00,176.2734562099,176.7062463485,169.6340620387,170.1553774329,31874800,,,,,,,,,160.43872189778233,162.18888703659343,158.63412306183673,155.18570151596853,152.11659207133135,150.30080620142945,151.58330951857576,,,,,,,,161.63915031106495,160.92982835697543,157.07474425390728,153.47219373536785,151.49754026029188,150.32082648482708,149.56935925679753,153.47031967176588,155.29717385805006,,,161.63915031106495,157.07474425390728,157.31774825011198,"rgba(0, 255, 255, 0.75)",12.665832912878246,161.29914690060403,1.1822601334074543,59.34331185875332,3.7156782267203283,True,False,True,False,True,7.021004947456099,0.0,0.0,0.0,0.0,0,1.0508688936064663,0.9219638344847265,False,False,False,False,0.34282825139191964,0.27517028192144666,False,False,False,False,-537326773,-637475716.4803973,False,False,False,False,26648980.09695811,False,False,False,False
2023-12-22 00:00:00+00:00,176.85331755,179.523656811,175.4540991918,176.8336102492,19956299,,,,,,,,177.27702451759998,161.22619941253592,162.69315616004164,159.02658120268526,155.55865308733235,152.48035489744177,150.60295442051907,151.7881293391567,,,,,,,,162.8890557679135,161.57763130193095,157.46842137661704,153.84301818881843,151.85419501614464,150.6644302648929,149.8414278977021,153.63833688274292,155.43941204284857,,,162.8890557679135,157.46842137661704,160.4040095912917,"rgba(0, 255, 255, 0.75)",12.959754626948175,165.7424777499951,0.8573341178004509,61.280959675989266,5.530376361383283,True,False,True,False,True,7.2520322171999645,0.0,0.0,0.0,0.0,0,1.0697800003607483,0.9059991359982587,False,False,False,False,0.3428282518450609,0.30899926688325374,False,False,False,False,-517370474,-628579031.8522197,False,False,False,False,26153225.94162788,False,False,False,False
2023-12-29 00:00:00+00:00,176.1931229725,178.8043403311,175.5920502976,177.2474635664,13426405,,,,,,,,177.1105741830998,161.70319899371455,163.00477201911892,159.2756753860488,155.79791697851888,152.7152423632766,150.79936126228185,151.92189464837443,,,,,,,,163.60216439081566,161.9745787613876,157.71940586939164,154.08177912125745,152.08483030570278,150.8871972747447,150.01877006667857,153.74809321550663,155.53228304748788,,,163.60216439081566,157.71940586939164,160.69853080666297,"rgba(0, 255, 255, 0.75)",13.272954677448194,166.0976290822544,0.7606063710440177,62.404310625978184,6.588013569865453,True,False,True,False,True,6.9285536461446995,0.0,0.0,0.0,0.0,0,1.0771007931082355,0.9245497514725028,False,False,False,False,0.3353749774313246,0.3221871221572892,False,False,False,False,-530796879,-621335909.418722,False,False,False,False,25210498.46447026,False,False,False,False
2024-01-05 00:00:00+00:00,170.093713369,175.7201477529,169.3251286371,175.6413185496,27412051,,,,,,,,174.67683343755323,162.290057643404,163.37895719465072,159.62046237559346,156.15465591295282,153.08168102228376,151.11391007817215,152.13512503470793,,,,,,,,164.36747189584756,162.4649060931189,158.07960964124138,154.44738965320337,152.44756604989382,151.2425660132093,150.30561291890427,153.9197707399826,155.6742336117853,,,164.36747189584756,158.07960964124138,160.85620248698493,"rgba(38, 166, 154, 1.0)",13.42140326085125,165.9498172674809,0.3087528197298398,60.96768822321728,6.588013569865453,True,False,True,False,True,3.9995932148462003,0.0,0.0,0.0,0.0,0,1.0049888322511098,0.9560231230529888,False,False,False,False,0.21972093699974604,0.2709540295785176,False,False,False,False,-558208930,-616659836.869187,False,False,False,False,25373576.430065054,False,False,False,False
2024-01-12 00:00:00+00:00,171.4141025239,174.1484905126,170.3449814545,170.3893228813,20066828,,,,,,,,174.0048977285198,162.68837708068503,163.64092549507941,159.8660792925421,156.4099653601917,153.34466032325807,151.3410305243075,152.29033378449748,,,,,,,,164.8586197763241,162.80276468720285,158.33649424503687,154.7093944707202,152.70813811612575,151.49827850895716,150.5132877524155,154.04516031904888,155.7782135921826,,,164.8586197763241,158.33649424503687,161.06621784595603,"rgba(38, 166, 154, 1.0)",13.58097428043115,166.08866481818296,0.3921248649583608,60.27175912660519,6.588013569865453,True,False,True,False,True,4.555895625908715,0.0,0.0,0.0,0.0,0,1.009385400196896,0.9806967747717246,False,False,False,False,0.21310097970191202,0.24202750464021483,False,False,False,False,-538142102,-610843708.3603584,False,False,False,False,24980483.95376394,False,False,False,False
2024-01-19 00:00:00+00:00,172.330492012,172.6755668494,168.4580074011,170.3794692309,18323630,,,,,,,,173.47834570439173,162.99499780108118,163.84449166456196,160.0674481333055,156.62416779996428,153.5682529433895,151.5361228657211,152.42417409413272,,,,,,,,165.20937793227432,163.0653446582713,158.54937449296284,154.93091560318945,152.93026365958823,151.71725378862754,150.692406289336,154.15301096293206,155.86729003532616,,,165.20937793227432,158.54937449296284,161.2332716733392,"rgba(38, 166, 154, 1.0)",13.699270316311388,166.18701652400463,0.4484527530404658,60.008846250250635,6.588013569865453,True,False,True,False,True,4.944621691224121,0.0,0.0,0.0,0.0,0,0.9866867685828886,1.002538665673604,False,False,False,False,0.17316512962460626,0.20759631713241056,False,False,False,False,-519818472,-604101098.2595911,False,False,False,False,24487383.660892535,False,False,False,False
2024-01-26 00:00:00+00:00,169.1674702306,173.197613248,167.2406874295,172.7049307276,22482237,,,,,,,,172.81131950755054,163.28743808136798,164.0382973366511,160.2773681156697,156.8561079558599,153.81552712619606,151.75495404653262,152.57471870411962,,,,,,,169.8685903027,165.50747896655236,163.31803082165987,158.7754181223085,155.17378090900655,153.1768745903542,151.96200878945237,150.89442520941859,154.27362479860184,155.96610586055002,,,165.50747896655236,158.7754181223085,162.99138301193267,"rgba(38, 166, 154, 0.5)",13.785224551749447,167.86870671454272,0.0942141719332715,58.66596596749108,6.588013569865453,True,False,True,False,False,3.4204828503601767,0.0,0.0,0.0,0.0,0,0.9834634474137719,0.9744394727442125,False,False,False,False,0.1649729568177425,0.18628463697507652,False,False,False,False,-542300709,-599523291.6477695,False,False,False,False,24338854.2786042,False,False,False,False
2024-02-02 00:00:00+00:00,174.7249290615,175.434391891,168.2707880433,169.5123479949,31383062,,,,,,,,172.81105639193316,163.82127551892466,164.41529405492375,160.6411846913005,157.2368032385278,154.2094086197684,152.1000375104959,152.81558391558636,,,,,,,171.58233894642484,166.1062071593915,163.78590236979724,159.15603808930638,155.56516065063664,153.56794052307194,152.34717233561227,151.2120388429218,154.47010564324393,156.1304293837398,,,166.1062071593915,159.15603808930638,163.51212611111666,"rgba(38, 166, 154, 1.0)",14.025259669107891,168.58021950416855,0.43811734700825694,59.158022312019654,6.588013569865453,True,False,True,False,False,5.786269266992964,0.0,0.0,0.0,0.0,0,1.0033615310801425,0.9660524786283016,False,False,False,False,0.20367556716306803,0.1949801020690723,False,False,False,False,-510917647,-592959910.5627495,False,False,False,False,24860647.443152033,False,False,False,False
2024-02-09 00:00:00+00:00,177.2671708672,177.5529267291,170.2316644748,172.931564687,24100305,,,,,,,,173.1111963332345,164.28337704471443,164.75403122117604,160.954679956648,157.55676167587154,154.53556841008512,152.38489280489773,153.01668994564332,,,,,,,172.64412128074025,166.63403554266515,164.19553280791328,159.47963375194178,155.89110740943292,153.89109304447,152.664305921506,151.47406107175368,154.6360079823875,156.27087266559963,,,166.63403554266515,159.47963375194178,163.95044770243376,"rgba(38, 166, 154, 1.0)",14.314174271598116,169.1681825503386,0.5658019920109014,60.10667503044574,6.588013569865453,True,False,True,False,False,6.837854664331562,0.0,0.0,0.0,0.0,0,1.0084756636915881,0.9459779286454449,False,False,False,False,0.2528789699733621,0.2239295360212172,False,False,False,False,-486817342,-585097498.0766199,False,False,False,False,24804325.780696325,False,False,False,False
2024-02-16 00:00:00+00:00,176.4000496311,178.2328286073,172.6655161259,177.3262927696,25741370,,,,,,,,173.44803368660854,164.76821315025813,165.1174291877153,161.29181053322824,157.90015098723984,154.88516170088693,152.69123812368454,153.2346805248302,,,,,,,173.4190433128244,167.17741285872555,164.62937139397758,159.82696271580966,156.2405638958891,154.23752597647928,153.00440346923452,151.7563304097122,154.81667663102473,156.4244914890566,,,167.17741285872555,159.82696271580966,164.38189917222763,"rgba(38, 166, 154, 1.0)",14.549829738332589,169.70317575210416,0.4602716320007806,60.44657427251578,6.588013569865453,True,False,True,False,False,6.407374715212679,0.0,0.0,0.0,0.0,0,1.0700599598878144,0.9222190470333799,False,False,False,False,0.29124694519205313,0.25758824060663515,False,False,False,False,-512558712,-579724254.6635369,False,False,False,False,24873736.46360771,False,False,False,False
2024-02-23 00:00:00+00:00,178.6368282741,179.7305834696,173.6311738661,174.784050964,17009332,,,,,,,,173.74852425453923,165.10925207972554,165.3781096703952,161.52949766640975,158.13931873381622,155.12677961045082,152.90274518728148,153.3863037350904,,,,,,,173.97051346156826,167.56159529208762,164.9365013281493,160.0702256926581,156.48280524861946,154.47670830604991,153.23878484340077,151.95121369613707,154.94317484250246,156.53279331960874,,,167.56159529208762,160.0702256926581,164.69263434279688,"rgba(38, 166, 154, 1.0)",14.84786352634927,170.09747127198017,0.5751236187594088,61.2388233175825,6.588013569865453,True,False,True,False,False,7.344119643775805,0.0,0.0,0.0,0.0,0,1.0682008501727904,0.8909616338896542,False,False,False,False,0.3221984198346821,0.28989333022065866,False,False,False,False,-495549380,-573489078.7625341,False,False,False,False,24291187.984821953,False,False,False,False
2024-03-01 00:00:00+00:00,182.3122398768,182.5782884379,178.9127304856,179.1590717458,19824551,,,,,,,,174.3703395307226,165.60475320756942,165.7637302115568,161.8645877126254,158.4663927762746,155.45065709560853,153.1836967735417,153.5892773973018,,,,,,,174.99985467349214,168.14039946569406,165.3840767270585,160.40806907668596,156.81018644364391,154.79622962769028,153.55001551077305,152.2092744252457,155.11442564792617,156.6812257857646,,,168.14039946569406,160.40806907668596,165.18123898253236,"rgba(0, 255, 255, 0.75)",15.1648941146991,170.77883671936954,0.7605330489087494,62.65005410901679,7.731164372619503,True,False,True,False,True,8.85863601114831,0.0,0.0,0.0,0.0,0,1.0876081941639284,0.9029259549299838,False,False,False,False,0.34282825210605355,0.31636079116335614,False,False,False,False,-475724829,-566247282.483828,False,False,False,False,23960325.98594625,False,False,False,False
2024-03-08 00:00:00+00:00,177.671170534,182.026484015,176.4788788344,181.4155576896,26377687,,,,,,,,174.80204840441203,166.11911406822543,166.1691845629846,162.23703652726397,158.84055322122168,155.8281234891431,153.51593339657583,153.83041860938602,,,,,,,175.58861010752747,168.70352237163112,165.85346024559507,160.78844667833857,157.18869917342707,155.17002643849395,153.91655196122636,152.51624547689784,155.31704342209997,156.85584546732966,,,168.70352237163112,160.78844667833857,165.62906753606268,"rgba(38, 166, 154, 1.0)",15.306226943618285,171.30332373794903,0.41602981711348225,61.80225303553465,7.731164372619503,True,False,True,False,True,6.507635540765296,0.0,0.0,0.0,0.0,0,1.058940047524782,0.8938257095617577,False,False,False,False,0.3087283529371071,0.3125445720502316,False,False,False,False,-502102516,-561495818.2998407,False,False,False,False,24139389.764765047,False,False,False,False
2024-03-15 00:00:00+00:00,175.4442455414,179.4645349085,174.9663434966,177.1784880135,21199994,,,,,,,,174.93656610090082,166.44001442429897,166.42560491426664,162.4880183287619,159.10067616081602,156.0957105718278,153.75502333126434,154.0048268412791,,,,,,,175.70541058675738,169.0283344322099,166.14966629124123,161.04841624102886,157.45480783482571,155.4360470599435,154.17919993680144,152.73849352227182,155.46299816415404,156.9809085290343,,,169.0283344322099,161.04841624102886,165.87775153151074,"rgba(38, 166, 154, 1.0)",15.360102171160891,171.52758138604176,0.2549894598169993,60.37757043894479,7.731164372619503,True,False,True,False,True,5.403953985847476,0.0,0.0,0.0,0.0,0,1.0334177361936299,0.9428858745252219,False,False,False,False,0.2632751588524807,0.28790986545135616,False,False,False,False,-523302510,-558666684.3517044,False,False,False,False,23921656.74515282,False,False,False,False
2024-03-22 00:00:00+00:00,180.4353684697,182.904109829,175.971884092,177.2062547717,18749967,,,,,,,179.7704541302333,175.23270771167415,166.79066001603937,166.70890858709848,162.7505987220639,159.36464692698146,156.3620908010544,153.99091792195455,154.1780121579581,,,,,,,176.07385445545424,169.4042649488636,166.47307032878794,161.31634452870605,157.72179563405265,155.70000543091172,154.4383325925492,152.95710764817946,155.60936974268122,157.10770797520863,,,169.4042649488636,161.31634452870605,168.38855103559027,"rgba(38, 166, 154, 1.0)",15.397957024645406,175.12032031155633,0.34517878895470333,60.63597499575967,7.731164372619503,True,False,True,False,True,7.494460398891366,0.0,0.0,0.0,0.0,0,1.102926994492932,0.8943746782720081,False,True,False,False,0.312922331241915,0.3004160983466356,False,False,False,False,-504552543,-554658229.4367633,False,False,False,False,23538568.61588224,False,False,False,False
2024-03-29 00:00:00+00:00,181.5907394258,182.4597363843,179.7342459236,179.7342459236,11411289,,,,,,,180.3346083138193,175.4494154842744,167.01867143937022,166.89453509543657,162.9201977879039,159.5335256495785,156.5314377625778,154.140585136421,154.28835326819492,,,,,,,176.34505942993215,169.65154277567572,166.68372488369698,161.48856013867498,157.89195963458755,155.8676458555317,154.60262135334742,153.09573774301404,155.70303692066577,157.189222387954,,,169.65154277567572,161.48856013867498,168.63198409983627,"rgba(38, 166, 154, 1.0)",15.5598431904562,175.44515650092538,0.3949643225610447,61.09720466193987,7.731164372619503,True,False,True,False,True,7.970050638097661,0.0,0.0,0.0,0.0,1,1.1564438570811333,0.8421381120373399,False,False,False,False,0.3428282521310875,0.3216221752388615,False,False,False,False,-493141254,-550101416.4414475,False,False,False,False,22640251.60729837,False,False,False,False
2024-04-05 00:00:00+00:00,176.60388188,181.9857380433,175.6015728881,181.7882387346,25763839,,,,,,,179.28844971325404,175.64565424219825,167.3980941381807,167.20718968832173,163.22710367238676,159.8506654054148,156.85707579604517,154.43338911066357,154.50505299268283,,,,,,,176.52650065608134,170.02981312102983,167.0383077634823,161.80550413438414,158.21589205595964,156.1915078986101,154.92262620085282,153.36881527554357,155.8858714624252,157.3470719358717,,,170.02981312102983,161.80550413438414,168.80172825347339,"rgba(38, 166, 154, 0.5)",15.638250751505385,175.37260443314088,0.07873498554437641,59.58288851242784,7.731164372619503,True,False,True,False,False,5.473023406473661,0.0,0.0,0.0,0.0,1,1.1292170794424785,0.8417119286546303,False,False,False,False,0.2910647939516572,0.30634348459525934,False,False,False,False,-518905093,-547790577.6680069,False,False,False,False,22871628.451202195,False,False,False,False
2024-04-12 00:00:00+00:00,174.8955128594,179.2207477209,174.322764864,177.6506282164,23338235,,,,,,,178.36328983755547,175.67753152970127,167.66210716284627,167.42825546040092,163.46000484636886,160.09944736528985,157.11775643348494,154.67148201310582,154.68226800930685,,,,,,,176.49331876367296,170.26920878011967,167.28832458099598,162.04967750942123,158.47298307556318,156.45181537686452,155.18165839824783,153.59226754556298,156.03483330918635,157.47496905559782,,,170.26920878011967,162.04967750942123,168.87911658363723,"rgba(38, 166, 154, 0.5)",15.551726609572539,175.20083722776235,-0.01963282766136253,57.91688025308325,7.731164372619503,True,False,True,False,False,4.635232150672792,0.0,0.0,0.0,0.0,1,1.1152954033287288,0.8693927177740881,False,False,False,False,0.24685269727117212,0.27659809093321575,False,False,False,False,-542243328,-547379670.2851915,False,False,False,False,22906191.899261292,False,False,False,False
2024-04-19 00:00:00+00:00,167.637413263,176.2977579515,166.970853096,176.1693834008,29708505,,,,,,,176.165578578471,175.27453227810238,167.75977085729755,167.51596088177908,163.61349383378064,160.29394280021907,157.3407301562106,154.88665797119825,154.84340690431216,,,,,,,175.8741987906932,170.27076536612313,167.3900755780578,162.2247431448166,158.68501547412262,156.67804771743556,155.4129775243811,153.79836415366015,156.16712438662907,157.58510119173297,,,170.27076536612313,162.2247431448166,168.63830621093405,#000000,15.487195043169335,174.3962687533474,-0.43641572741271895,54.53080669688819,8.871048526211439,False,False,True,False,False,1.1962171054687722,0.0,0.0,0.0,0.0,1,1.1071407093208065,0.878618069373213,False,False,False,False,0.13825697887441424,0.207427534903815,False,False,False,False,-571951833,-549199830.4862884,False,False,False,False,23410066.943760455,False,False,True,False
2024-04-26 00:00:00+00:00,173.7105170069,174.8856378939,166.7881662354,167.9929120187,21577880,,,,,,,175.44315108860104,175.0948381535432,167.865355735118,167.60875202086478,163.74466062715484,160.4510099535644,157.51612358899348,155.05404526089302,154.96947849919,,,,,,171.79477371206667,175.59797000421415,170.3215469013167,167.4955054195695,162.36996263767602,158.8534993313685,156.8552880247703,155.59300554097,153.95815126035845,156.271668395918,157.67316547021528,,,170.3215469013167,162.36996263767602,169.7336516300125,"rgba(38, 166, 154, 0.5)",15.417333675430555,174.48268323960627,-0.05008429141913248,53.86317689418247,8.232288966343475,False,False,False,False,False,3.8207028705183745,0.0,0.0,0.0,0.0,1,1.1294811290948152,0.8354136045835895,False,False,True,False,0.09082153352240312,0.14912453421310906,False,False,False,False,-550373953,-549286802.5243411,False,False,False,False,23274349.39237079,False,False,False,False
2024-05-03 00:00:00+00:00,175.6855100943,178.025876903,171.4590248872,177.2852544952,24557636,,,,,,,175.38198202049549,175.0927269274923,168.07332887461916,167.7881489713559,163.9473693296254,160.67455281556948,157.7550650459791,155.27690373177924,155.13807629923522,,,,,,173.5311312611309,175.55924985192243,170.4945583824147,167.6960214837246,162.5853432942222,159.0870810125968,157.09496882361324,155.83343400762487,154.16921900926215,156.41360801730366,157.7949190427496,,,170.4945583824147,162.5853432942222,170.01498603970032,"rgba(38, 166, 154, 0.5)",15.388387963743307,174.89127251526028,0.05161278627176801,53.90648100088037,8.231797669921555,False,False,False,False,False,4.650846574843946,0.0,0.0,0.0,0.0,1,1.1538145926443357,0.8534359909253684,False,False,False,False,0.1517661163404352,0.15044532527677212,False,False,False,False,-525816317,-547548248.0410566,False,False,False,False,23369407.659602586,False,False,False,False
2024-05-10 00:00:00+00:00,175.8731344377,177.5617535274,174.6190138271,176.7816312579,14497067,,,,,,,175.43634334430877,175.12208352923523,168.20668314045605,167.90352736700504,164.07372066717755,160.81193961290344,157.90075514218552,155.41242792327648,155.2410212586085,,,,,,174.12572621930002,175.57783981643655,170.61117610264802,167.8242914995603,162.7186269437786,159.2299468071654,157.24093299637605,155.97955585882195,154.2974904867474,156.50066481526045,157.86995401173735,,,170.61117610264802,162.7186269437786,170.16000186299064,"rgba(38, 166, 154, 0.5)",15.398685693269108,175.06549822732012,0.0524483859510755,53.98814655279713,8.216815378241392,False,False,False,False,False,4.730291336462681,0.0,0.0,0.0,0.0,1,1.1192499915193586,0.86518076099666,False,False,False,False,0.15953732368600085,0.15499132448138647,False,False,False,False,-511319250,-544864618.5565339,False,False,False,False,22712197.240372762,False,False,False,False
2024-05-17 00:00:00+00:00,176.4656323639,177.3642542187,175.0337623755,176.6335067763,16768611,,,,,,,175.51295924243402,175.1633539448867,168.36059579008503,168.03732078115755,164.219839059746,160.97058306213884,158.0688684381461,155.56901959988286,155.3603682459311,,,,,,174.59414749122988,175.60963342343163,170.74650546508252,167.9725423707038,162.8725958186721,159.39482897301812,157.40937135954323,156.14819798610017,154.44581544207946,156.6017823984086,157.95725856334877,,,170.74650546508252,162.8725958186721,170.30894933874293,"rgba(38, 166, 154, 0.5)",15.290202925514906,175.22002352549555,0.08146450668263476,54.215267575852806,8.216815378241392,False,False,True,False,False,4.985073254632233,0.0,0.0,0.0,0.0,1,1.115069854891914,0.9072024651237013,False,False,False,False,0.12938516820367535,0.1421882463425309,False,False,False,False,-494550639,-541137657.1079018,False,False,False,False,22271931.59293774,False,False,False,False
2024-05-24 00:00:00+00:00,173.3451432857,176.5446320874,171.3553377501,176.0508838155,13607399,,,,,,,175.39289021384542,175.123840581268,168.44259792738043,168.11032893891854,164.31145046147512,161.07599771909057,158.18434349569227,155.6790096893004,155.44459360449505,,,,,,174.4676889092125,175.54437445059395,170.8034751144508,168.05349020453036,162.9718238926248,159.5065387271231,157.52578761249057,156.26600473381262,154.55089143186567,156.67259335477735,158.01776749812223,,,170.8034751144508,162.9718238926248,170.32219606943,"rgba(38, 166, 154, 0.5)",14.990175434765087,175.13219853873,-0.11921509930333885,53.3156988033583,7.304105364920346,False,True,False,False,False,3.456317425676648,0.0,0.0,0.0,0.0,1,1.0432491179255639,0.9159813589446065,False,False,False,False,0.0019583344895674143,0.07207329041604917,False,False,False,False,-508158038,-538694722.3591683,False,False,False,False,21630114.36383124,False,False,False,False
2024-05-31 00:00:00+00:00,173.7697667995,173.8092666613,171.0442763388,172.7131454977,10512663,,,,,,,175.2671110065607,175.07633681263755,168.49410423163988,168.15692041074865,164.37458579199014,161.15071968142001,158.2674536428913,155.75901162220694,155.50605540419,,,,,172.87443659986664,174.30270548345462,175.47395965380025,170.83340055845974,168.10512991546761,163.04113634451252,159.5864355091246,157.6098132600106,156.35144831578884,154.62762990818987,156.72412112674672,158.061618759049,,,170.83340055845974,163.04113634451252,171.29586904646257,"rgba(38, 166, 154, 0.5)",14.547019863370695,174.47955318592057,-0.048792563225118886,52.810070596472094,6.677589762608569,False,True,False,False,False,3.645684609229221,0.0,0.0,0.0,0.0,1,1.0330625043364365,0.9507001325748361,False,False,False,False,-0.1301201443721598,-0.029023426978055315,False,False,False,False,-497645375,-535654029.9621929,False,False,False,False,20806599.44799189,False,False,False,False
2024-06-07 00:00:00+00:00,175.4386359584,176.5051322256,172.0712727443,173.8882663848,13647590,,,,,,,175.23085612417364,175.0655387949038,168.58592359087234,168.23859508147643,164.47221234597066,161.2609797885632,158.3870589341573,155.8725567086069,155.59339163358692,,,,,173.889659630778,174.34642926223833,175.4474006854309,170.9040773673109,168.19519042830612,163.1458675858316,159.7025817188406,157.7302158659463,156.47299248154843,154.73601700490224,156.79791769192772,158.12502239272266,,,170.9040773673109,163.1458675858316,171.43758833114612,"rgba(38, 166, 154, 0.5)",14.073725849139318,174.72858642565524,0.05045213615470455,52.99721783922617,6.677589762608569,False,True,False,False,False,4.395164607841959,0.0,0.0,0.0,0.0,1,1.026282783956391,0.9450201479137262,False,False,False,False,-0.08330731006106736,-0.05616536851956133,False,False,False,False,-483997785,-531827641.4464749,False,False,False,False,20276302.451844342,False,False,False,False
2024-06-14 00:00:00+00:00,176.1002586427,178.9146237923,173.9870160391,174.9251377557,14293718,,,,,,,175.29698560806142,175.1000246754359,168.70468868253727,168.34351299152908,164.58883964091592,161.38862541114472,158.52306857087444,156.00041181382298,155.6919091984742,,,,,174.7982323294506,174.56586946970316,175.47710934701706,171.00681384325742,168.31044322563736,163.26908467382745,159.83562173470764,157.86670593228592,156.61004457010603,154.8576471392476,156.8816880682661,158.1975300875797,,,171.00681384325742,163.26908467382745,171.6192519813545,"rgba(38, 166, 154, 0.5)",13.657813465288806,175.03454918855806,0.07802928754668001,53.350873528397855,6.677589762608569,False,True,False,False,False,4.6939055862972054,0.0,0.0,0.0,0.0,1,1.0185559935926942,0.9706110658200466,False,False,False,False,0.048136249975321004,-0.004014559272120164,False,False,False,False,-469704067,-527225895.19118047,False,False,False,False,19833148.04800402,False,False,False,False
2024-06-21 00:00:00+00:00,180.3267438499,180.5637430204,175.5472605782,175.8731344377,12591643,,,,,,,175.47333042243346,175.18686215524002,168.83935828700373,168.46168861926373,164.71097937667702,161.5176471097883,158.65762336521115,156.12529452071163,155.7882515179672,,,,,175.78846949279222,174.94229685833227,175.5727477514858,171.1347836896424,168.43983992110677,163.3959710154452,159.96841256592614,158.00121093525343,156.74419525999676,154.97590000540362,156.96421769353617,158.26959107694648,,,171.1347836896424,163.3959710154452,171.85503565739774,"rgba(38, 166, 154, 1.0)",13.490582628855142,175.44421113126094,0.361921560614866,54.9335682841329,6.677589762608569,False,True,True,False,False,6.580942230955962,0.0,0.0,0.0,0.0,1,0.9875152452254417,0.9792912887053614,False,False,False,False,0.1465004235582044,0.07124293214304211,False,False,False,False,-457112424,-522032304.73257446,False,False,False,False,19296740.266670387,False,False,False,False
2024-06-28 00:00:00+00:00,180.5083346938,182.7943777483,178.1629138976,180.7458456605,13482700,,,,,,,175.72896883404994,175.31640065115377,169.00320849547947,168.60531973333056,164.85472760747325,161.66688131415748,158.8115525509385,156.26727447413833,155.89796998313162,,,,,176.77051388836747,175.42307252978276,175.71917768085535,171.29615077250145,168.59672730433917,163.54408235698125,160.1210194439221,158.15477737123155,156.89682679722802,155.1100457895791,157.05862784576198,158.35244466198006,,,171.29615077250145,163.54408235698125,172.1314267497333,"rgba(38, 166, 154, 1.0)",13.279105303643911,175.91043323326386,0.34625084713157916,56.118808817814994,6.677589762608569,False,False,True,False,True,6.661358185611494,0.0,0.0,0.0,0.0,1,1.005439858997415,0.9583128804065632,False,False,False,False,0.3012789931785604,0.18626096266080125,False,False,False,False,-443629724,-516224706.1597912,False,False,False,False,18866070.617287397,False,False,False,False
2024-07-05 00:00:00+00:00,187.3367749865,187.4555304698,180.1817571146,181.2109713036,10326989,,,,,,,176.07700419080547,175.49413792450594,169.173617556387,168.75384920934147,164.99427636448493,161.806576146214,158.95218093718384,156.3949185309508,155.9966192013379,,,,,177.9046556788137,176.01881121577782,175.92600948095068,171.47475554526528,168.75862332742886,163.68549130502464,160.26188526869697,158.29441955458634,157.0344746966216,155.22990530160791,157.14422882856414,158.4283133172771,,,171.47475554526528,163.68549130502464,172.45757404937612,"rgba(0, 255, 255, 0.75)",13.387712639949427,176.48162014158692,0.8108296866576664,58.81367316593446,5.320020504975794,False,False,True,False,True,9.61036346534953,0.0,0.0,0.0,0.0,1,1.0681552715932943,0.9063483841747048,False,False,False,False,0.34282824896917924,0.26454460581499023,False,False,False,False,-433302735,-510082337.92573255,False,False,False,False,18233546.053043887,False,False,False,False
2024-07-12 00:00:00+00:00,189.5040625576,191.6515575482,186.4955903127,187.0992640198,13170939,,,,,,,176.67791738169177,175.80830553994846,169.4424280642087,168.9877134823048,165.2064956418698,162.01436565185736,159.1581128138632,156.57989227935497,156.1396645917783,,,,,179.59727730412877,176.98975892654343,176.29367694790625,171.76503327543182,169.01308056204178,163.89839774032671,160.4695522208312,158.4982817136006,157.2343258262555,155.4028928107274,157.2690970019728,158.53974442943596,,,171.76503327543182,163.89839774032671,172.97816871260756,"rgba(0, 255, 255, 0.75)",13.584294737399537,177.38965764006758,0.8917949110880015,61.24073740479322,7.628417382895805,True,False,True,False,True,10.511642913949057,0.0,0.0,0.0,0.0,1,1.107026946640479,0.8678811060848994,False,False,False,False,0.3428282504870976,0.3036864281510439,False,False,False,False,-420131796,-503419334.8201228,False,False,False,False,17858538.123188786,False,False,False,False
2024-07-19 00:00:00+00:00,185.8622277349,192.7698383498,185.1101096736,190.5629656175,11624059,,,,,,187.91405858609997,177.11381916228774,176.04805629994453,169.6585056737921,169.1767036619862,165.38072729958432,162.1864916735088,159.32976644626473,156.73496933356466,156.25995732664572,,,,,180.5674174375914,177.65578976891456,176.5706143231189,171.99489400608348,169.21830364980033,164.07385131104277,160.6421746619524,158.66844338197427,157.40155209268772,155.54828026425227,157.37403306978862,158.63327167042206,,,171.99489400608348,164.07385131104277,175.59181625696195,"rgba(38, 166, 154, 1.0)",13.615956374540607,180.81277123872343,0.3708484631764932,61.356513530322744,7.703449803683853,True,False,True,False,True,8.537362077258202,0.0,0.0,0.0,0.0,0,1.1079501042891988,0.8530619452642685,False,False,False,False,0.33758907567546764,0.3206377519132558,False,False,False,False,-431755855,-498110928.9075211,False,False,False,False,17396724.85480443,False,False,False,False
2024-07-26 00:00:00+00:00,180.7161567896,188.9300777214,178.1728101879,187.2081232128,16301667,,,,,,184.81567802083796,177.39722593231718,176.2252855520585,169.86748788593627,169.36217278575603,165.56410959147203,162.37505179152674,159.52300697891897,156.91329723110653,156.39909917560456,,,,,180.85407036324293,178.04573051489567,176.76581785844047,172.20256881290288,169.41910661230915,164.2618041131115,160.8342257670156,158.86107729800187,157.59275881200776,155.71691623908194,157.4946244987874,158.73984130102778,,,172.20256881290288,164.2618041131115,175.4955144338697,"rgba(38, 166, 154, 1.0)",13.578712128484224,180.27817620782344,0.032254942709759225,59.4493392470023,7.703449803683853,True,False,True,False,True,5.8460027740772915,0.0,0.0,0.0,0.0,1,1.066073870221362,0.8870772637401438,False,False,False,False,0.13089204354017359,0.22576489772671468,False,False,False,False,-448057522,-494403269.13659364,False,False,False,False,17315609.45815225,False,False,False,False
2024-08-02 00:00:00+00:00,174.3330495595,187.0992640198,172.2449323106,181.933400494,18227606,,,,,,182.08143328264032,177.42423729386292,176.2741826663122,170.00974786206817,169.4918939848403,165.70913508706485,162.53363293886,159.6919572740306,157.07375109806304,156.5252763010397,,,,,180.45174473309848,178.03332058488238,176.8051362922861,172.32441330642104,169.55886587356295,164.41464186275917,160.99938660517145,159.03079348456944,157.76349986334097,155.87038093919438,157.60304850482,158.83456989748913,,,172.32441330642104,164.41464186275917,175.2454975879975,"rgba(38, 166, 154, 0.5)",13.305804058621012,179.49768397362104,-0.38814899057338725,56.0475542286349,9.966798228444858,False,True,True,False,False,2.67846463955561,0.0,0.0,0.0,0.0,1,1.018414971977936,0.9185857663158845,False,False,False,False,-0.01024742144771986,0.1077587381394974,False,False,False,False,-466285128,-492320443.86721635,False,False,False,False,17383164.757548377,False,False,False,False
2024-08-09 00:00:00+00:00,172.5319247287,173.7194795622,164.7534405692,165.3274254054,23317157,,,,,,178.13882918137244,176.9618243518422,176.0594026405059,170.0169589394251,169.50798130520383,165.77771364018778,162.63430445817914,159.81572106047287,157.20223929838033,156.62820993135242,,,,170.33494828669998,178.95396805176713,177.31098533414476,176.52861946787692,172.2713675416708,169.574902509974,164.49836014672798,161.11359934852968,159.15829393731426,157.8973234543707,155.997309307696,157.68903661901442,158.9068756599191,,170.33494828669998,172.2713675416708,164.49836014672798,174.61518063052793,#000000,13.058214170731311,176.18468271349607,-0.2797287544098765,53.101957405889166,7.26480919547042,False,True,False,False,False,1.8119464807473413,1.0,173.71948,164.75343,0.0,1,0.9548120565709741,1.0134069543909476,True,False,False,False,-0.34282825441539394,-0.11753475813794827,False,False,False,False,-489602285,-492119098.765941,True,False,False,False,17822719.73847072,False,False,False,False
2024-08-16 00:00:00+00:00,181.2307638842,181.9828819454,170.8000739298,172.8683985982,13306354,,,,,,178.11724757904256,176.99924561122194,176.09873348639508,170.11677225269128,169.59950903153302,165.8802882421228,162.7466658835126,159.93562850803943,157.31662753302678,156.71875146049106,,,,173.12153925146578,178.88000578535735,177.34623634529405,176.56375901248785,172.35729599485884,169.6731470154075,164.60647929788178,161.23070847041845,159.2788242559498,158.01873311555548,156.10696555949696,157.7670351402419,158.97515193788848,,173.12153925146578,172.35729599485884,164.60647929788178,174.92739823342225,"rgba(38, 166, 154, 1.0)",12.656112945148935,176.86625724028994,0.3448536420957723,53.5437717705756,7.26480919547042,False,True,False,False,False,5.6258201937211325,0.0,0.0,0.0,0.0,1,0.9783123151123148,0.9668579106097238,False,False,False,False,-0.0922060485069956,-0.10487040332247194,False,False,False,False,-476295931,-490947012.2647602,False,False,False,False,17488174.12821363,False,False,False,False
2024-08-23 00:00:00+00:00,185.9216054765,186.1294275724,181.5187459313,181.6958895273,12897643,,,,,,178.98082636926188,177.25216928394195,176.26066936587407,170.28917814816336,169.7537238254598,166.0306627078676,162.89988415057945,160.09174276820085,157.46086787688924,156.83243593435395,,,,176.09108473935865,179.27621909723038,177.6831986448609,176.74329530620741,172.53150613944058,169.83902934475196,164.75982889687768,161.38619599651702,159.43435051955584,158.17295199483476,156.24354760310146,157.866237267623,159.0633779169235,,176.09108473935865,172.53150613944058,164.75982889687768,175.4947176439091,"rgba(38, 166, 154, 1.0)",12.396753280204265,178.00783221267795,0.638374668346359,54.98217823591229,7.26480919547042,False,True,True,False,False,7.559611336646434,0.0,0.0,0.0,0.0,1,1.0361029430591855,0.9486337445371228,False,False,False,False,0.15661246928554662,0.02587103298153734,False,False,False,False,-463398288,-488906366.0229261,False,False,False,False,17148134.78538299,False,False,False,False
2024-08-30 00:00:00+00:00,185.1793837056,186.1393238627,180.7557419508,185.7434722515,10748030,,,,,,179.4902388446567,177.43672108210941,176.38307695667882,170.42480689287277,169.87556665838082,166.15080598971286,163.0230231148012,160.21770810535492,157.57771246624978,156.92477265581323,,,,177.50593693055066,179.53869476401414,177.9219730144304,176.87763967848917,172.6670372102404,169.96986265191407,164.88265003503952,161.51143446685685,159.5599533382954,158.29769814591864,156.35437846743656,157.94681017940547,159.13500510002044,,177.50593693055066,172.6670372102404,164.88265003503952,175.82159880259567,"rgba(38, 166, 154, 1.0)",12.10485883509975,178.61421088841297,0.5423584782459739,55.767303802146586,7.26480919547042,False,True,True,False,True,7.189709916406411,0.0,0.0,0.0,0.0,1,1.0007772210948709,0.967980290121643,False,False,False,False,0.1437992010853267,0.08483511703343202,False,False,False,False,-474146318,-487813029.132339,False,False,False,False,16674052.949428692,False,False,False,False
2024-09-06 00:00:00+00:00,180.5083346938,186.4560051516,180.4291643716,184.6449840305,17425829,,,,,,179.90872639722966,177.64944943790687,176.53465034412383,170.61451475653874,170.04744688885688,166.32551245026696,163.20503884037157,160.40594048326955,157.75393572999465,157.064610157278,,,,178.61806875590793,179.7793305426906,178.18331906531816,177.03990632610663,172.8508379386917,170.15394290978418,165.06252369422998,161.69769552947452,159.74807431737125,158.4852989073988,156.52217467648097,158.06864056863347,159.24303958213412,,178.61806875590793,172.8508379386917,165.06252369422998,176.13327464742983,"rgba(38, 166, 154, 1.0)",11.926451168218334,179.1223611902866,0.11621005141971832,54.86112469862168,7.26480919547042,False,True,True,False,True,4.8910683930272825,0.0,0.0,0.0,0.0,1,1.0152824730999879,0.9644854293505382,False,False,False,False,0.14363114775981053,0.11423313239662128,False,False,False,False,-491572147,-488091482.30772126,False,False,False,False,16729740.064285826,False,False,False,False
2024-09-13 00:00:00+00:00,190.4837952953,190.9588172287,181.1120084008,182.3985261371,14954220,,,,,,180.72855164069477,177.99522351970563,176.7646566953031,170.8400365879659,170.24977681404243,166.51850478893954,163.39882206228626,160.60138389107698,157.933710554908,157.2070332611463,,,,180.05461194842107,180.28953408452105,178.62252467005732,177.29472456657126,173.08322929859827,170.3707401742444,165.25795911515877,161.89317859834617,159.94243725948698,158.67742780773406,156.69217944668108,158.19368871667976,159.35496019260896,,180.05461194842107,173.08322929859827,165.25795911515877,176.6043833186083,"rgba(0, 255, 255, 0.75)",11.788937722346981,179.92380558592356,0.8957541347732334,56.504061828736624,7.26480919547042,False,False,True,False,True,8.918482311712495,0.0,0.0,0.0,0.0,1,1.0240629037688356,0.9208562585643444,False,False,False,False,0.23304673316359067,0.17363993278010598,False,False,False,False,-476617927,-487241589.3219641,False,False,False,False,16598220.059523912,False,False,False,False
2024-09-20 00:00:00+00:00,194.6501335029,195.5309033377,189.128003527,190.3848323925,12719023,,,,,,181.76728853962297,178.43241117301278,177.0505658639234,171.08982935910424,170.47268659999324,166.7228298754092,163.59883044558296,160.79944340568693,158.1134577145003,157.3492509415073,,,,181.62968707243598,180.9698781261856,179.1796993522082,177.615073513232,173.3494266382395,170.6095998141287,165.4625621733572,162.0928602713518,160.13866930763328,158.8701074860012,156.8612447059351,158.31931027109596,159.46819604334587,,181.62968707243598,173.3494266382395,165.4625621733572,177.16934594520933,"rgba(0, 255, 0, 1.0)",11.782989071570118,180.8866382726132,1.1680818124066008,58.46924008441766,3.827290593712192,False,False,True,False,True,10.497634716959936,0.0,0.0,0.0,0.0,0,1.06859044850744,0.9168028165315363,False,False,False,False,0.342828251208111,0.2582340919941085,False,False,False,False,-463898904,-485512501.5203371,False,False,False,False,16310872.129188808,False,False,False,False
2024-09-27 00:00:00+00:00,199.1619393692,200.2130828452,195.0565299438,195.4631043072,11214668,,,,,198.1438507194,182.89584902357285,178.92283983548015,177.371079720371,171.35485369412885,170.70863792457834,166.9343310610784,163.8027119483014,160.999025493767,158.2930418982524,157.49126411293543,,,,183.21826330850956,181.73793715578577,179.8019774415063,177.97543868437833,173.63674868239625,170.86235538950106,165.67293577665478,162.2950939600875,160.3359402923624,159.06297166269445,157.02956989637534,158.44526960866844,159.5822794841956,,183.21826330850956,173.63674868239625,165.67293577665478,180.5058838265529,"rgba(0, 255, 0, 1.0)",11.888069811156205,186.49897505181704,1.0651825332906084,60.66241845965718,5.920340462649186,True,False,True,False,True,12.15710704255256,0.0,0.0,0.0,0.0,0,1.0776532900125846,0.8861316813806753,False,False,False,False,0.34282825180729265,0.30053117190070056,False,False,False,False,-452684236,-483080778.14846027,False,False,False,False,15933375.527026674,False,False,False,False
2024-10-04 00:00:00+00:00,196.5142477833,199.2511874002,193.1575301734,198.6165347354,17607128,,,,,197.0221256551512,184.20525878064373,179.57640369298042,177.8123118093495,171.7328144732054,171.0468155500975,167.2415034331298,164.1011390233382,161.29282436476004,158.55892010084847,157.70226099620254,,,,184.93572740971484,182.69382360584785,180.61064520218042,178.46712661160134,174.04184246102608,171.22386737141744,165.9794431883642,162.5920345456615,160.62671643696467,159.34792917697638,157.27941056161188,158.632354373789,159.7515754669059,,184.93572740971484,174.04184246102608,165.9794431883642,181.1098079701701,"rgba(0, 255, 0, 1.0)",11.88148257478257,187.21423386283942,0.7827317729017299,61.37292939289257,6.589429410288645,True,False,True,False,True,10.834750890820736,0.0,0.0,0.0,0.0,0,1.09073982297924,0.8887697005152215,False,False,False,False,0.3059577569056999,0.3032444644032002,False,False,False,False,-470291364,-482133414.1374632,False,False,False,False,16057357.191691365,False,False,False,False
2024-10-11 00:00:00+00:00,194.9375325692,197.1389840002,192.7658304818,195.0664463917,11861690,,,,,196.4172322806945,184.86819929440702,179.9560832341169,178.07712950617713,171.9673119040416,171.25764972464273,167.4353290432834,164.29075380732078,161.480429338266,158.72957280965278,157.83815541540912,,,,185.74883608234342,183.21249763585527,181.06872828624614,178.75962342154492,174.2905052522727,171.44878133185506,166.17339160076344,162.7812202947546,160.81260539711684,159.53048061503097,157.44013681132498,158.75283921157808,159.8605396005208,,185.74883608234342,174.2905052522727,166.17339160076344,181.43661468976993,"rgba(0, 255, 0, 1.0)",11.770749464308835,187.56169132332502,0.6266246060405863,61.37363258646516,6.633122627469035,True,False,True,False,True,10.050630123448283,0.0,0.0,0.0,0.0,0,1.0961779786345047,0.8846322335371565,False,False,False,False,0.274340376284431,0.2887924203438156,False,False,False,False,-482153054,-482134868.9420955,False,False,False,False,15746567.029343856,False,False,False,False
2024-10-18 00:00:00+00:00,197.8430518002,198.3686235382,194.5308590413,195.3341904847,11147214,,,,,196.52411028331358,185.52852677437892,180.3408030193588,178.34679775877595,172.20190150863255,171.46859209532937,167.62786975936586,164.4781309744687,161.66508698170932,158.89712376956768,157.97168422592242,,,,186.54058725116258,183.73668026725775,181.53064922885153,179.05745919618485,174.54059924493055,171.6736630435822,166.3656026554912,162.96775311847745,160.99543141174655,159.7097702914825,157.597791601567,158.87145338881302,159.96803273454978,,186.54058725116258,174.54059924493055,166.3656026554912,181.8348114532847,"rgba(0, 255, 0, 1.0)",11.719781771914814,188.0824761440282,0.8328291299384052,61.95400266272791,7.288738420120197,True,False,True,False,True,11.147467775573542,0.0,0.0,0.0,0.0,0,1.154141801300866,0.8558699097170719,False,False,False,False,0.312223063893544,0.3005077421186798,False,False,False,False,-471005840,-481310496.4278662,False,False,False,False,15405874.212355424,False,False,False,False
2024-10-25 00:00:00+00:00,199.1321900255,200.8824430776,191.4171935692,197.4067280931,11616700,,,,,196.63759644202983,186.15621171586812,180.72888746061363,178.6231060943134,172.44395200724546,171.6867111122886,167.827414837407,164.67249024838625,161.85672603664065,159.0712198451765,158.11068456529117,,,197.1439422241,187.2702351797535,184.25070862332808,181.99098725135318,179.36147744522597,174.79802662503914,171.9059235577858,166.5648554100314,163.16128614837746,161.18520368222033,159.89593293261726,157.76170422731204,158.9950229973712,160.08008404124215,,187.2702351797535,174.79802662503914,166.5648554100314,184.6961179061625,"rgba(0, 255, 0, 1.0)",11.774550400661415,191.80199639043786,0.6225455228125203,62.62335983826955,8.05199488052503,True,False,True,False,True,11.631960584138756,0.0,0.0,0.0,0.0,0,1.1354140751148702,0.83364324149294,False,False,False,False,0.30456835984622793,0.3025380509824539,False,False,False,False,-459389140,-479686692.2480243,False,False,False,False,15125194.641069837,False,False,False,False
2024-11-01 00:00:00+00:00,198.4182057776,201.3832236959,195.125945079,200.6989887917,13517645,,,,,196.93117293039052,186.87519804481585,181.1889968302345,178.95417052368612,172.7327743823672,171.94730891129836,168.06533808673203,164.90377452715228,162.08441271840206,159.2779593396901,158.27598544551515,,,197.770595717889,188.0886254077011,184.8511160469618,182.53226619848076,179.72497910147214,175.10553399144658,172.18314860648758,166.8022022186847,163.39137520925271,161.41061175796963,160.1169455179851,157.95632987685704,159.14217392110783,160.21369634409015,,188.0886254077011,175.10553399144658,166.8022022186847,185.20226547930784,"rgba(0, 255, 0, 1.0)",11.78145524123917,192.41639802519913,0.509428388047724,62.83959661958093,8.399725430296584,True,False,True,False,True,11.262053989792747,0.0,0.0,0.0,0.0,0,1.129918880078324,0.8490980839992844,False,False,False,False,0.3428282518629973,0.32268315142272563,False,False,False,False,-472906785,-479184476.8963188,False,False,False,False,15006116.889879478,False,False,False,False
2024-11-08 00:00:00+00:00,213.3226269523,214.4630184593,197.2480649269,197.5852241551,17199828,,,,,199.01590434009253,188.37820926218166,182.06416490449266,179.56989736609893,173.23166493620323,172.39506275762474,168.4614426348232,165.28054018624564,162.44916980986315,159.6047163602924,158.53659355729735,,,202.06666501560377,189.83469517893084,186.06198804981418,183.57758036518686,180.40694652312345,175.64964316293182,172.65988771999497,167.1936918244716,163.76272098819166,161.77043029997643,160.46744528828307,158.2622054078527,159.37539109289307,160.4267911161387,,189.83469517893084,175.64964316293182,167.1936918244716,186.66256941684568,"rgba(0, 255, 0, 1.0)",12.400475978716688,194.82386844920222,1.491778100683212,65.52347608827675,11.106878144357992,True,False,True,False,True,16.575870896489917,0.0,0.0,0.0,0.0,0,1.114004191763969,0.7864198377908403,False,False,False,False,0.34282825239279363,0.3327557019077596,False,False,False,False,-455706957,-477445401.3484433,False,False,False,False,15168614.009147666,False,False,False,False
2024-11-15 00:00:00+00:00,211.6566637072,218.5485949889,210.6848518143,216.6743863382,19037085,,,,,201.4735516057086,190.1941459070593,183.15135386156328,180.34177778485295,173.84850035816265,172.9489728372739,168.94778272016552,165.74025945194674,162.89196909087855,160.00001307176404,158.85216963823873,,,205.65357034263351,191.90722799781207,187.54977147561738,184.86682062025463,181.26065760902227,176.32553196339813,173.24912171139707,167.67304644022056,164.21453272005303,162.20677760684953,160.89166895792852,158.63172819418,159.65854012253098,160.686233264997,,191.90722799781207,176.32553196339813,167.67304644022056,188.2724409167922,"rgba(0, 255, 0, 1.0)",12.960262755877437,197.30712396330335,1.1071951251442944,66.85982124315274,12.456969844933461,True,False,True,False,True,15.713282463915327,0.0,0.0,0.0,0.0,0,1.18017598630586,0.7698583212402458,False,False,False,False,0.3428282527832799,0.33779197734551974,False,False,False,False,-474744042,-477245300.65596604,False,False,False,False,15455167.415877469,False,False,False,False
2024-11-22 00:00:00+00:00,216.2777284227,216.9024646396,210.6055202312,214.2051908143,12343674,,,,,202.763678659069,191.28124355481532,183.8382251877038,180.8378179471275,174.24795159051843,173.30857912202447,169.2642600263944,166.0396129165228,163.1803933518645,160.25780479015944,159.05843629075835,,,207.15086573011268,193.12003247091855,188.46416861989698,185.67137277199748,181.8069604860423,176.76208033260832,173.63112560412222,167.9850244399871,164.50877553226593,162.49104024892517,161.16810496754354,158.87286157335126,159.84381543126815,160.8561502086249,,193.12003247091855,176.76208033260832,167.9850244399871,189.16964457602919,"rgba(0, 255, 0, 1.0)",13.711158461525924,198.5789551037289,1.2908299009623863,68.47139269802932,14.059727738019816,True,False,True,False,True,17.252867064898037,0.0,0.0,0.0,0.0,0,1.198223405486096,0.7755994017260353,False,False,False,False,0.3288117081177251,0.33330184273162244,False,False,False,False,-462400368,-476145676.0147834,False,False,False,False,15224686.422108768,False,False,False,False
2024-11-29 00:00:00+00:00,220.4426365354,220.4922187748,217.6759475748,218.8560048734,8470192,,,,,203.82379746788533,192.11942137531747,184.36542951215006,181.21859249650922,174.55057366000818,173.5808760853537,169.50229762797287,166.2636057420751,163.39529891568841,160.4492568462724,159.2116108440388,,,208.4274030614886,194.05474889188991,189.16871331641914,186.2888177660538,182.2265427445452,177.09430231544812,173.9203299629865,168.21915727841105,164.72842916511328,162.70265373082347,161.37354731466854,159.05169578284014,159.98163922128143,160.98279338672754,,194.05474889188991,177.09430231544812,168.21915727841105,189.8787768947707,"rgba(0, 255, 0, 1.0)",14.541400095623207,199.60634269914533,1.4328946111953933,70.1674244789658,15.725192162690846,True,False,True,False,True,18.59985489536466,0.0,0.0,0.0,0.0,0,1.228231193110932,0.7447741921518992,False,False,False,False,0.3428282529295505,0.33806504783058644,False,False,False,False,-453930176,-474500083.4210957,False,False,False,False,14724353.501952562,False,False,False,False
2024-12-06 00:00:00+00:00,230.8549068171,230.9044890565,220.9979576171,221.9995188537,16468646,,,,,206.42425020986883,194.05343217968615,185.57181149758782,182.08897951116882,175.23076484244905,174.1923624153469,170.03214527128455,166.7587857458704,163.86772137432007,160.86820773946235,159.54666034808056,,,211.62558394999152,196.213063810107,190.79082806339815,187.70263753867775,183.18654181910745,177.8454292789576,174.56972545943572,168.73880186768602,165.21250856625227,163.16726986631824,161.82358610382724,159.4422741425815,160.28376837310194,161.2611014027335,,196.213063810107,177.8454292789576,168.73880186768602,191.55025578585511,"rgba(0, 255, 0, 1.0)",15.770555313743376,202.07908253741337,1.8246551061274106,72.52442360366109,17.99929964555541,True,False,True,False,True,20.0,0.0,0.0,0.0,0.0,0,1.2300893932961297,0.7155582753258682,False,False,False,False,0.34282825310945947,0.340446650470023,False,False,False,False,-437461530,-471756486.871385,False,False,False,False,14853560.35365978,False,False,False,False
2024-12-13 00:00:00+00:00,233.5224312988,234.6826557016,229.2980244988,232.183710834,15067164,,,,,208.7975473871538,195.88044351192045,186.74040154477618,182.94014565056077,175.89497159918483,174.7902017706078,170.5491877485573,167.24091890291223,164.32676504676752,161.27485470343754,159.87227142722801,,,214.39142367819807,198.23121332946084,192.34218672189598,189.06319765175093,184.12329302898428,178.5793219524701,175.20406206834787,169.24536910890595,165.68329712697158,163.6185486749138,162.2603773130917,159.8212302587395,160.5778459254917,161.53241525944918,,198.23121332946084,178.5793219524701,169.24536910890595,193.10891744571714,"rgba(0, 255, 0, 1.0)",16.97672388957083,204.3251569766833,1.7198415025205902,74.46224079425451,19.83838360710702,True,False,True,False,True,20.0,0.0,0.0,0.0,0.0,0,1.2620769080991352,0.7092481634904656,False,False,False,False,0.342828253235136,0.3416374518525795,False,False,False,False,-422394366,-468100033.47350466,False,False,False,False,14869382.845981278,False,True,False,False
2024-12-20 00:00:00+00:00,226.9974085889,238.2724098368,223.6158998593,234.732237941,27380971,,,,229.62857276166667,211.75388388444932,198.5631124039538,188.59714848523106,184.33003872679603,177.00409325293398,175.79328211864637,171.4246392407603,168.0614380107633,165.1109432321382,161.97280991369837,160.43350070308423,,,217.34820826007265,201.11317010695,194.7028425394239,191.18496009581256,185.64170641248995,179.79532413048125,176.2659073892508,170.10474223611502,166.4861271382354,164.39019909579926,163.00857260319552,160.47309950656145,161.08507531119022,162.0004660839453,,201.11317010695,179.79532413048125,170.10474223611502,200.28636436768457,"rgba(0, 255, 0, 1.0)",17.85076809729601,214.96095875328467,0.674281900364756,73.63672746581786,19.83838360710702,True,False,True,False,True,19.137783816868993,0.0,0.0,0.0,0.0,0,1.2146418808136876,0.7134349086959347,False,False,False,False,0.33053005877221536,0.3360837553123974,False,False,False,False,-449775337,-466742648.54954135,False,False,False,False,15796167.153686369,False,False,False,False
2024-12-27 00:00:00+00:00,228.2510511784,232.980201538,224.7141235986,227.4065600428,9341637,,,,229.37924762895275,212.53412651102013,199.35748690177206,189.18010788796047,184.77563533324133,177.3652391305961,176.12108367968722,171.71248314084954,168.33208264921993,165.37019293284362,162.20428085907665,160.6202333084906,,,218.04988569258333,201.94928564062377,195.42056952655125,191.84177365473153,186.12579279022114,180.18914289082895,176.61228215540123,170.38763146220222,166.75125800168232,164.6454605079627,163.25634878063065,160.68961029514108,161.25397724818694,162.15639059531128,,201.94928564062377,180.18914289082895,170.38763146220222,200.86139115676576,"rgba(0, 255, 0, 1.0)",18.668728723019658,215.478136368295,0.6841877130259666,73.2069100581439,19.83838360710702,True,False,True,False,True,19.516938785411487,0.0,0.0,0.0,0.0,0,1.2036788953371067,0.7543004125046349,False,False,False,False,0.30616289521529844,0.3211233252638479,False,False,False,False,-440433700,-464793837.5458716,False,False,False,False,15318053.80896886,False,False,False,False
2025-01-03 00:00:00+00:00,224.4160679036,226.4726521986,218.5642410931,224.7836699274,13166007,,,,227.73555954136987,213.1829452021508,200.2111598402604,189.8629816876352,185.31183932867842,177.81208913787026,176.5286037976298,172.07458568280177,168.67505224093966,165.7005718314743,162.5010309222845,160.86055500317224,,,218.46038212624973,202.81940518239392,196.2230056524117,192.59675503843746,186.70399402091303,180.67176983617284,177.04199302518742,170.7445359129208,167.0882644952414,164.97119180690868,163.57331018931148,160.96793721897478,161.47129566199126,162.35684708981523,,202.81940518239392,180.67176983617284,170.7445359129208,201.31080276205006,"rgba(0, 255, 0, 1.0)",19.311870166358133,215.54957301304108,0.45912150476263197,71.65114238868152,19.83838360710702,True,False,True,False,False,17.555987655411535,0.0,0.0,0.0,0.0,0,1.1544374420207357,0.801393519606083,False,False,False,False,0.23459227333701033,0.2778577993004291,False,False,False,False,-453599707,-463964642.69062185,False,False,False,False,15158642.934230426,False,False,False,False
2025-01-10 00:00:00+00:00,219.3888618491,227.0091524495,218.1966390694,226.8402542224,12259829,,,,226.51171422147962,213.632450893466,200.9004251823292,190.4448683147465,185.7770384341576,178.20582739395692,176.88881408434636,172.3966655104734,168.98120009329986,165.9962560931436,162.76746080223324,161.07690620884378,,,218.67447287447638,203.508175882075,196.88706093097284,193.23218991739915,187.20318318911387,181.09476520200533,177.4212489810341,171.0624250385252,167.38951388487123,165.26290722150773,163.85751349777775,161.2181949448444,161.66701188791725,162.53738489877307,,203.508175882075,181.09476520200533,171.0624250385252,201.67715798402165,"rgba(0, 255, 255, 0.75)",19.75887994644918,215.58170346787426,0.19268088026973018,69.02147587279195,23.757337202722496,True,False,True,False,False,15.056733347625979,0.0,0.0,0.0,0.0,0,1.1208352262824506,0.8217313192255771,False,False,False,False,0.23553043381095448,0.2566941165556918,False,False,False,False,-465859536,-464105005.1579832,False,False,False,False,14943915.976139283,False,False,False,False
2025-01-17 00:00:00+00:00,227.7344213072,229.1650886429,216.8851940117,217.7197499575,13559335,,,,226.1684112135371,214.24856587075976,201.7183907631245,191.12503888409194,186.32073130747523,178.66333470748683,177.30742950927723,172.76994060926475,169.3351936728521,166.3374946444676,163.0745602469667,161.32643432271905,,224.5949013206,219.09825800912236,204.33304359993159,197.66845492084974,193.97588654776726,187.7866832574974,181.5871899622257,177.86185697160536,171.4304676906408,167.73746886993086,165.59943416496262,164.18513700319346,161.50651781284722,161.89299416787267,162.74608250173733,,204.33304359993159,181.5871899622257,171.4304676906408,206.07176343872817,"rgba(0, 255, 0, 1.0)",20.3845066488213,221.0275341035048,0.32901886316110657,68.45662115556765,23.205337622098867,True,False,True,False,False,17.678685514302646,0.0,0.0,0.0,0.0,0,1.1186367684810934,0.8207596508171162,False,False,False,False,0.24022738382411213,0.24846075018990196,False,False,False,False,-452300201,-463230575.2203548,False,False,False,False,14841354.422351187,False,False,False,False
2025-01-24 00:00:00+00:00,228.5193013038,230.2082835751,226.8899301716,229.7910056022,9209190,,,,226.4255186429412,214.77400060616503,202.33282781401292,191.62439457266075,186.7185594006459,178.99519572243685,177.61094650377626,173.03949517257138,169.5900374653273,166.5825371225961,163.2946626443262,161.50528892522178,,226.19024116731012,219.5359547753883,204.9595071802149,198.2486279047697,194.52371124652498,188.21407287999492,181.94541835529884,178.18130720826383,171.6958933944982,167.9876154006053,165.8409630471496,164.42004057146178,161.71299832053242,162.0551496170385,162.89601492855826,,204.9595071802149,181.94541835529884,171.6958933944982,206.68288567899828,"rgba(0, 255, 0, 1.0)",20.892303693888483,221.73142879795117,0.32489823072189306,68.16788866306987,22.86803870695492,True,False,True,False,False,17.91829446007847,0.0,0.0,0.0,0.0,0,1.2023885686857352,0.7915512466772712,False,False,False,False,0.302728519976122,0.27559463508301196,False,False,False,False,-443091011,-461738755.64847666,False,False,False,False,14424157.05773258,False,False,False,False
2025-01-31 00:00:00+00:00,230.6653023073,234.3214521652,225.0817256223,225.0916608121,14649501,,,230.02282669826667,226.95480091993463,215.61659750812942,203.306438043988,192.42269269801528,187.35809348483704,179.52963730647883,178.10027590029458,173.4742804948401,170.00102964982406,166.9776241091052,163.64964942825486,161.79410222467382,,227.69073361895184,220.2562384763474,205.9505426513805,199.1709730159409,195.3967456029352,188.90011842330597,182.52193157420177,178.69598515363535,172.12396076892176,168.3909685033318,166.2303799534703,164.79876478618903,162.04608280414902,162.31719859599997,163.1384755472935,,205.9505426513805,182.52193157420177,172.12396076892176,211.67885892338896,"rgba(0, 255, 0, 1.0)",21.43881288101504,226.23114992837515,0.20682826066603205,68.28222595915284,22.86803870695492,True,False,True,False,False,18.576329179613136,0.0,0.0,0.0,0.0,0,1.2277539888656097,0.7572175257543234,False,False,False,False,0.31604736313595305,0.2958209991094825,False,False,False,False,-428441510,-459272293.00784874,False,False,False,False,14440849.201604242,False,False,False,False
2025-02-07 00:00:00+00:00,224.1180122087,230.5262096497,223.7504101849,225.6679018223,14466671,,,228.08940267690102,226.85035946812576,216.16067674738449,204.07238196631087,193.10082650925793,187.91543986584338,180.00670006972402,178.5390648368481,173.86807625273502,170.37548390901628,167.33919557480579,163.9761826532267,162.06080097081474,,227.25599497076837,220.62943097463295,206.7089518173284,199.92228338799376,196.1254789163517,189.49380894522432,183.03229982348557,179.156528530745,172.5125647996731,168.75934710048693,166.5871506096636,165.1464372945773,162.35319020776066,162.55924227956436,163.36236693934987,,206.7089518173284,183.03229982348557,172.5125647996731,211.89157874350553,"rgba(0, 255, 255, 0.75)",21.82510093527243,225.70629702260703,-0.07277330898113428,66.38018543863673,20.928264769986157,True,False,True,False,False,15.334348861112428,0.0,0.0,0.0,0.0,0,1.2631569200057393,0.7095168780647247,False,False,False,False,0.2794573577763367,0.2876391784429096,False,False,False,False,-442908181,-458060136.5628229,False,False,False,False,14442761.927411335,False,False,False,False
2025-02-14 00:00:00+00:00,225.5288091647,227.4363656123,220.0843251373,225.0121792935,14658366,,,226.83716840913704,226.56554170081893,216.56863750270216,204.73917833652408,193.7250800293179,188.43848527931343,180.46193292028858,178.95922471460446,174.24772823967425,170.73787571932556,167.6901106465769,164.29419496336126,162.3213355693969,,226.6158143203011,220.85439887973465,207.35604671839172,200.59308523106827,196.78764793915065,190.04803168034798,183.5165091101594,179.59678535323653,172.88775958716496,169.11639976586486,166.93365211456043,165.48454412500195,162.65276979816346,162.79580639198159,163.58121412061146,,207.35604671839172,183.5165091101594,172.88775958716496,212.06425990671465,"rgba(0, 255, 255, 0.75)",22.200551786172916,225.2182308274979,0.013989667472838417,65.2720426381494,19.773139460279268,True,False,True,False,False,15.785424985261905,0.0,0.0,0.0,0.0,0,1.2197890401928275,0.7605366044068855,False,False,False,False,0.22167542525161096,0.25465730184726026,False,False,False,False,-428249815,-455851964.5952064,False,False,False,False,14458732.59945494,False,False,False,False
2025-02-21 00:00:00+00:00,216.9746107202,225.7661608498,216.1102492049,225.4691980257,12669563,,,225.21651560090348,225.94277548165863,216.69447624427036,205.1503508641771,194.16455135484225,188.8206088725651,180.8063103884233,179.27899460599792,174.54073341697634,171.01989415578905,167.96490650517347,164.54492367759536,162.52772359018468,,225.4963989480591,220.79293936835873,207.73283105443696,201.03415052199358,197.24137658210722,190.44889004699786,183.87851119329332,179.93093895023256,173.17827628667672,169.39520452069317,167.20539697844444,165.75043457594734,162.88969557997396,162.98321013654788,163.7544736244604,,207.73283105443696,183.87851119329332,173.17827628667672,211.94663660208076,"rgba(38, 166, 154, 1.0)",22.397099854276483,224.36215734974496,-0.32984389396890595,62.172896567153536,16.737177318574,False,False,True,False,False,11.728687000075546,0.0,0.0,0.0,0.0,0,1.1445950167727759,0.7957914165929102,False,False,False,False,0.1817220100701547,0.21818965595870748,False,False,False,False,-440919378,-454745847.06963557,False,False,False,False,14326201.518013831,False,False,False,False
2025-02-28 00:00:00+00:00,214.5603595912,218.2661853982,210.2882279639,217.9482593236,17299584,,,222.67239695025165,224.68110995121626,216.57052983581434,205.4856719882178,194.62226357307432,189.24116332739484,181.20462519149456,179.6518533594318,174.88890564515282,171.35875866680576,168.29783080872815,164.8513714108344,162.78147194089553,,223.5023035911026,220.3851046957707,208.000179719708,201.443424190453,197.69397240413184,190.88367370492642,184.2903877816794,180.31916858912788,173.52502265078056,169.73171652823038,167.53526843235738,166.07435716613924,163.18041841075643,163.21359577362898,163.9672744460311,,208.000179719708,184.2903877816794,173.52502265078056,211.50569568997403,"rgba(38, 166, 154, 1.0)",22.384225781597017,222.8102287970853,-0.36855727271424515,59.37444473905302,14.068824133944887,False,False,True,False,False,10.626773625357785,0.0,0.0,0.0,0.0,0,1.118477776078239,0.83443110060235,False,False,False,False,0.0894300596202704,0.15380985778948894,False,False,False,False,-458218962,-455003114.8422551,False,False,False,False,14546452.07223503,False,False,False,False
2025-03-07 00:00:00+00:00,204.3370492551,216.9547403405,198.9720467463,215.8121935099,27254402,,,218.37697195989898,222.0531572236624,215.8093567995014,205.55442946391605,195.0402939349289,189.68382228087248,181.67352867101954,180.0980577619471,175.32177717145657,171.78934264336752,168.727622389147,165.25349115549903,163.1179512356996,,219.81432741793373,219.14529727383018,207.9258701675551,201.68834753136343,198.05604564229935,191.32545388843133,184.7584607002262,180.7804436486588,173.95992293636306,170.163035072134,167.962689771722,166.49689547412672,163.56466347363596,163.51897069641961,164.24880475634305,,207.9258701675551,184.7584607002262,173.95992293636306,210.34640974148897,"rgba(38, 166, 154, 0.5)",22.21285797266095,219.84743846883134,-0.6982617559983122,55.194334879132526,10.143571127851416,False,True,True,False,False,6.170557584712988,0.0,0.0,0.0,0.0,0,1.0620923883600246,0.8508277348798133,False,False,False,False,-0.015073709308684263,0.06936807424040234,False,False,False,False,-485473364,-457260170.3354214,False,False,False,False,15487781.696513917,False,False,False,False
2025-03-14 00:00:00+00:00,195.4251839766,201.9029277465,190.4476538713,201.6247424312,26801218,,,213.6685476425184,218.76116839318465,214.40051896134034,205.06730467075624,195.06929632051444,189.8351914029533,181.92617337513295,180.35021269328263,175.59337783305756,172.07465635119706,169.02327861931,165.5402291695929,163.36297239066448,,215.56204967453652,217.23888037530085,207.26084318679867,201.43834112253182,197.97547874199864,191.44800928718215,184.98267317477263,181.03592916575047,174.2390272884755,170.4548327093183,168.25918737717956,166.79444065796093,163.84286755195214,163.74094204831098,164.45244485235204,,207.26084318679867,184.98267317477263,174.2390272884755,208.64424290894803,#000000,21.952948636582178,216.3076615213851,-0.9512379357544138,50.67676861016694,5.990852226544959,False,True,False,False,False,2.5792450694508204,0.0,0.0,0.0,0.0,0,1.0117428985975743,0.9324395489136417,False,False,False,False,-0.2725554832207029,-0.10159370449015027,False,False,False,False,-512274582,-461335311.940205,False,False,False,False,16325814.015290663,False,False,False,False
2025-03-21 00:00:00+00:00,196.170323214,197.9636249785,191.4511080442,195.4450543563,21256420,,,211.03408936112237,216.62018362214712,213.3787033914595,204.68648439808422,195.072481351721,189.9363412232895,182.11014374788084,180.53544653515405,175.79619341067203,172.289407938537,169.2469939899123,165.75848645900368,163.55041498800813,,213.04243929602956,215.89121811321442,206.75286140988848,201.23067962299865,197.89452519624854,191.52555041439103,185.14275089530392,181.22286873742732,174.44810985502411,170.67510155434746,168.48382016367685,167.02037430059428,164.05519142576637,163.91089444005218,164.60839790277043,,206.75286140988848,185.14275089530392,174.44810985502411,207.5603665762914,#000000,21.649687740067765,214.14698259812837,-0.8303426635968699,47.63386440870811,3.310660557961519,False,True,False,False,False,2.8515930508093774,0.0,0.0,0.0,0.0,0,0.9803712179513019,0.9705426929933888,False,False,False,False,-0.34282825441539394,-0.2222109794527721,False,False,False,False,-491018162,-463534041.5742639,False,False,False,False,16691044.088232094,False,False,False,False
2025-03-28 00:00:00+00:00,196.2823153069,205.6362076168,195.6945840542,198.9818944506,19400605,,,209.67169631759882,215.28666765296674,212.72228349102463,204.5000403553383,195.1658599084858,190.0932727148572,182.32375695227816,180.74566562336506,176.0151810345439,172.51566099068936,169.47890269523432,165.98165560982702,163.741008788043,,211.63850602637996,215.00933292031084,206.47354189400465,201.17097836524593,197.9284309924394,191.66789491116577,185.34108466676625,181.43696790127635,174.67150973120332,170.90506090921093,168.7158820313176,167.25236839552477,164.27111283385383,164.0840886877431,164.76783823549127,,206.47354189400465,185.34108466676625,174.67150973120332,206.9567337923795,"rgba(38, 166, 154, 0.5)",21.16243782270668,212.9015507293141,-0.785317625580081,45.48961532800752,1.4726769420123844,False,True,False,True,False,2.8931804063838555,0.0,0.0,0.0,0.0,0,0.9751389187718733,0.9597727175910715,False,False,False,False,-0.22841972827376794,-0.22531535386327,False,False,False,False,-471617557,-464132820.49468875,False,False,False,False,16891752.303918608,False,False,False,False
2025-04-04 00:00:00+00:00,182.0871113223,203.7036675655,180.9913411902,192.4471198444,34878516,,,206.11337262423132,212.09718880174356,210.89344954193152,203.60275132583658,194.9222895177615,190.0588295350844,182.46885262351066,180.90800936365764,176.22875639761943,172.75999449922264,169.7458582298018,166.25364821915926,163.98075703585823,,208.1351057869129,212.7462440762984,205.37909395519983,200.5550729994805,197.5281765379723,191.57950866756755,185.42977455120044,181.59394589469088,174.89909544368086,171.1624946298786,168.98668762267943,167.52966652547985,164.5404401785184,164.3013468569703,164.96636564260305,,205.37909395519983,185.42977455120044,174.89909544368086,205.19727451673685,#000000,20.595318002321545,209.77297782229653,-1.3442796317529901,41.8000526064112,-1.8741136595151318,False,True,False,True,False,0.0,0.0,0.0,0.0,0.0,0,0.9244739957179298,0.966474983456415,False,False,False,False,-0.34282825441539394,-0.284071804139332,False,False,False,False,-506496073,-467270839.19878584,True,False,False,False,18224105.170295008,True,False,False,False
2025-04-11 00:00:00+00:00,188.9904631548,195.3907568812,172.4344722283,175.1737979432,56413945,,,201.65927994868088,207.7610578666473,208.09737045763615,202.06844374648847,194.3688655147029,189.85572925789612,182.5764900210559,181.05407294763322,176.47307303534458,173.0620354246135,170.09031239449095,166.61769116584003,164.3086471837404,185.60523075476667,203.63626957780644,209.40598212540255,203.56696329389095,199.43021477565875,196.72817492748956,191.28331111732433,185.4365228267275,181.72545872567036,175.16858435734608,171.4886414665532,169.33919599466535,167.89611513732757,164.90614681133863,164.59848226525128,165.23708041888767,185.60523075476667,203.56696329389095,185.4365228267275,175.16858435734608,201.79589874744676,#000000,20.245550863685757,199.6654595369753,-0.5272761632444849,40.885130985921194,-2.57540675155181,False,True,False,True,False,0.06876680977945782,1.0,195.39076,172.43448,0.0,0,0.8987791561312503,0.9924056081846214,True,False,False,False,-0.34282825441539394,-0.313450029277363,False,False,False,False,-450082128,-465997601.3322091,False,False,False,False,21052982.1947176,False,False,False,False
2025-04-18 00:00:00+00:00,184.6870749995,192.8256586173,181.1806105766,191.8095808584,15300062,,,200.80106192013773,206.84594469562563,207.46075018079543,201.71054397985503,194.23984769749183,189.81144702794717,182.61019241104117,181.09736837691673,176.5415468624111,173.14548517410506,170.18483301674124,166.7172514465254,164.3984307124338,185.7387620416632,202.74209761893002,208.65743489776145,203.14653919363363,199.16625423174062,196.54056767096446,191.21627910708744,185.44472574192937,181.76516917185396,175.24359357228317,171.57838208117096,169.43581685890874,167.996375092199,165.0060848270371,164.68000373571485,165.311499885493,185.7387620416632,203.14653919363363,185.44472574192937,175.24359357228317,201.2809956431107,#000000,19.91769227022123,199.03196656908915,-0.7202085148707752,39.61081818096329,-3.718650330743486,False,True,False,True,False,0.0,0.0,0.0,0.0,0.0,0,0.9274600598163167,1.0066292329333473,False,False,False,False,-0.295919583278511,-0.304684806277937,False,False,False,False,-465382190,-465952015.30760103,False,False,False,False,20626839.958071854,False,False,False,False
2025-04-25 00:00:00+00:00,196.8401619196,196.9696620262,177.2856458342,182.0273420424,19317304,,,200.1162224747082,206.00656015118489,206.85462002421465,201.39581676041823,194.16381011318964,189.81985817484744,182.69944558716398,181.19420245570333,176.66294331027345,173.28215952323455,170.3329427921546,166.86784425010828,164.5320096155442,186.72050633378436,201.988193533531,207.94069130571225,202.76680879073695,198.94950607748237,196.40429454481446,191.20225637704507,185.50803344037044,181.859812918841,175.37194717836599,171.72166658653208,169.58588056581118,168.14974995631047,165.15524981557863,164.80163260762905,165.4231285520946,186.72050633378436,202.76680879073695,185.50803344037044,175.37194717836599,200.91432199965874,"rgba(38, 166, 154, 0.5)",19.690191258790883,198.7078706233021,-0.09485477714028041,41.34424276727762,-3.718650330743486,False,True,False,True,False,2.8245323965929643,0.0,0.0,0.0,0.0,0,0.9273176927850959,1.0005906256515418,False,False,False,False,-0.2940570986693814,-0.2993709524736592,False,False,False,False,-446064886,-464478894.6181491,False,False,False,False,20529837.294510975,False,False,False,False
2025-05-02 00:00:00+00:00,200.6554342888,201.8010121543,190.8931185661,197.6072010121,15698678,,,199.9981002384336,205.67971961096956,206.60055938231233,201.3161691372831,194.22062606115932,189.91696638627664,182.83921958953107,181.3338767286333,176.81260532478916,173.43918521540738,170.49569832258314,167.02701396031776,164.67044033333582,188.34769175938632,201.7898569768286,207.62722853760096,202.64931959752454,198.92662134389937,196.42858705511864,191.28920609124964,185.6350555987022,182.0009622863886,175.52548251871212,171.88220531554822,169.74923130837266,168.31395905169072,165.31047731492407,164.92806959299736,165.5398795990573,188.34769175938632,202.64931959752454,185.6350555987022,175.52548251871212,200.9363853639357,"rgba(38, 166, 154, 0.5)",19.48929798685576,198.9538421464045,0.08730905256531606,43.30674002099352,-3.718650330743486,False,True,False,True,False,4.10488654181637,0.0,0.0,0.0,0.0,0,0.9631318859758098,0.9854301109774445,False,False,False,False,-0.16067116716538424,-0.2300210598195217,False,False,False,False,-430366208,-461952028.94273067,False,False,False,False,20171973.643065717,False,False,False,False
2025-05-09 00:00:00+00:00,201.6316658611,203.1358594061,195.9236996273,199.0416637306,13236190,,,200.0076111071887,205.50302940876009,206.45360749437017,201.29635456288312,194.29912876075704,190.02192602404443,182.97404337339677,181.46707740506622,176.95168755811682,173.5831772255031,170.64360489681073,167.17052574276255,164.79482445087623,189.65874371698382,201.7302124371515,207.43964774446073,202.60217575485905,198.94783959229235,196.48423250319942,191.38771269468458,185.7612948297052,182.13619551182188,175.66736362179907,172.02867768944463,169.8973906356588,168.46238344679273,165.44999001297606,165.04180741447365,165.64508625186355,189.65874371698382,202.60217575485905,185.7612948297052,175.66736362179907,201.0123454322149,"rgba(38, 166, 154, 0.5)",19.33034242053913,199.22489916752102,0.12450719398647166,44.895442734950734,-3.718650330743486,False,True,False,True,True,4.431738544129246,0.0,0.0,0.0,0.0,0,0.9723394089876177,1.0274826911903427,False,False,False,False,-0.11613039254751173,-0.17307572618351671,False,False,False,False,-417130018,-458631879.98400986,False,False,False,False,19658211.891727515,False,False,False,False
2025-05-16 00:00:00+00:00,216.8329860579,216.9824092578,209.5809800925,212.3602516095,21241917,,,200.8989728395871,205.94632846729434,206.73963063939664,201.67106936090215,194.7131983795609,190.41473157642608,183.36102491967995,181.8361929587175,177.30587007337567,173.9327855881464,170.9906549490804,167.4963236949049,165.07209445488675,193.390414851573,202.46670193855766,207.71440280928056,202.96197891652938,199.34280726277737,196.8969042061297,191.78865508705616,186.1542730799853,182.51655703693515,176.02168529968023,172.37767091598232,170.24235733531697,168.80316739581576,165.76225879552692,165.29603767089364,165.88154505870241,193.390414851573,202.96197891652938,186.1542730799853,176.02168529968023,201.80292112920276,"rgba(0, 255, 255, 0.75)",19.37105824502785,200.675604524253,0.8340990631110339,48.573339323848394,-8.414495792990188,False,True,False,False,True,9.24837347368165,0.0,0.0,0.0,0.0,0,0.9457902649826176,1.0097432876375811,False,False,False,False,0.07330301379526684,-0.04988635619412494,False,False,False,False,-395888101,-453984192.65186095,False,False,False,False,19775523.38122918,False,False,False,False
2025-05-23 00:00:00+00:00,209.8399803055,217.3410249374,207.8775556143,213.3065985418,20399113,,211.68618695240005,201.501944178811,206.20660561101053,206.90359491248503,201.93745471178912,195.04140118504452,190.73801054270925,183.69138912874143,182.1534353400403,177.61478858264022,174.24030204710127,171.29782241467518,167.78673293682886,165.32064578661533,195.69982620033912,202.95177850417312,207.85816390723483,203.20888695185408,199.6373174648803,197.21582465906047,192.11518223158689,186.48559633012482,182.8424462127059,176.33174752184448,172.68567920486615,170.54814122451702,169.10607947927335,166.04151515831558,165.52406962420773,166.0936086618941,195.69982620033912,203.20888695185408,186.48559633012482,176.33174752184448,203.7591759394977,"rgba(38, 166, 154, 1.0)",19.37538679614418,202.95993395893083,0.35509207733279136,49.89619110987886,-7.146982298498678,False,True,False,False,True,6.63286661689196,0.0,0.0,0.0,0.0,0,0.9407203219932796,1.0026377319901132,False,False,False,False,0.06402874393984585,0.0070711938728604574,False,False,False,False,-416287214,-451191823.8628342,False,False,False,False,19821715.204841834,False,False,False,False
2025-05-30 00:00:00+00:00,212.9778675021,216.3349087251,211.563327877,212.2108284096,16847120,,212.56331233567838,202.03691161604013,206.4744074867963,207.0827030584718,202.1886831656666,195.3335176234721,191.02171958227325,183.9769746188186,182.42727065008026,177.88004607151913,174.5034781742416,171.56004320176345,168.03418043447797,165.53243047164491,197.3921009467201,203.39626205658627,208.02555923333722,203.44679572769996,199.90762814463952,197.5029553911457,192.40281090515967,186.77337555904944,183.12387884064316,176.5976084497301,172.94890793698448,170.8090438718769,169.36428626401533,166.27928811638054,165.71855261532087,166.27465824254512,197.3921009467201,203.44679572769996,186.77337555904944,176.5976084497301,204.25143637716366,"rgba(38, 166, 154, 1.0)",19.41513297208046,203.8471467387562,0.47028886057458563,51.33043639391845,-5.723491098383619,False,True,False,False,True,7.591073127224579,0.0,0.0,0.0,0.0,0,0.9283411956734271,1.012049556087612,False,False,False,False,0.08252104649431971,0.04479612018359008,False,False,False,False,-399440094,-447358362.39151317,False,False,False,False,19601374.81929799,False,False,False,False
2025-06-06 00:00:00+00:00,211.3541353972,216.3946780051,206.9112855887,212.3702131561,23133881,,212.1763642304781,202.5806014051006,206.71427361347776,207.24050761808448,202.4571648974259,195.67621670492693,191.36535186379172,184.33357297891902,182.7711554758856,178.21723674044947,174.84034471136002,171.89738916215555,168.35439978622222,165.80783839724197,199.0172209286572,203.83748065418465,208.16077651065763,203.69330771649135,200.20866651053623,197.8326284648119,192.74810583265258,187.1290062846083,183.47636186462245,176.9364766691172,173.28676382161723,171.1451091903441,169.69763376958412,166.58782388671324,165.97162141201395,166.5102525898776,199.0172209286572,203.69330771649135,187.1290062846083,176.9364766691172,204.60863640850937,"rgba(38, 166, 154, 1.0)",19.41420145639913,204.40291680460513,0.3580481333834966,52.04284969022916,-4.948053882652395,False,True,False,False,True,6.984345659773858,0.0,0.0,0.0,0.0,0,0.9023185415066213,1.0464788843052943,False,False,False,False,0.05085720573563948,0.04782666295961478,False,False,False,False,-422573975,-445522481.84399366,False,False,False,False,19863041.943794437,False,False,False,False
2025-06-13 00:00:00+00:00,210.925788891,216.9326015245,209.4315568926,210.6269424913,20893035,,212.2415623200132,203.06386980889516,206.9480914604749,207.40083045248392,202.70886922779087,195.98992252199457,191.67901363039098,184.65791494779901,183.08407404295906,178.52387096548978,175.14649909798382,172.20383203807808,168.64536522314725,166.05846394562298,200.276802587418,204.23768038030664,208.3036159666914,203.9268329026996,200.48747336079114,198.13553924415794,193.06347066576978,187.4527456868029,183.79698074162536,177.24453167590733,173.593725684611,171.45037448295096,170.00040796916326,166.86824404195957,166.20213674535805,166.72502927836098,200.276802587418,203.9268329026996,187.4527456868029,177.24453167590733,204.95956284675648,"rgba(38, 166, 154, 1.0)",19.30565219108165,204.95497877415826,0.30927782484344046,52.46575438406838,-4.390791232624906,False,True,False,False,True,6.822542018535625,0.0,0.0,0.0,0.0,0,0.8830943422280708,1.057316738184585,False,False,False,False,0.08091852815020079,0.06437259555490779,False,False,False,False,-443467010,-445370224.6703645,False,False,False,False,19939337.72573559,False,False,False,False
2025-06-20 00:00:00+00:00,209.8698649455,213.5556372082,208.813941,212.5893671825,15174376,,212.00633673674372,203.32822661562193,207.0576890586436,207.4742522388957,202.85355314526097,196.18791021119762,191.88301753642668,184.87482806329317,183.29443319871842,178.73226480735107,175.3558476642045,172.41431541561735,168.84626014691597,166.23226050753686,200.94529440318294,204.45065088954408,208.36156985843343,204.05670282786022,200.65468376501227,198.322780214579,193.26688773434412,187.6672269511787,184.01199504820642,177.45439170794688,173.80413341353176,171.66027778449222,170.2090145541343,167.06232255226143,166.362083551566,166.8740644198609,200.94529440318294,204.05670282786022,187.6672269511787,177.45439170794688,205.1188959539199,"rgba(38, 166, 154, 1.0)",19.192129922712105,205.18262716127316,0.2442270765726706,52.54534073324126,-4.10555592645494,False,True,False,False,True,6.418346987009951,0.0,0.0,0.0,0.0,0,0.8970430648302924,1.0842290585689238,False,False,False,False,0.06318371366334738,0.06377815460912759,False,False,False,False,-458641386,-446353273.6577449,False,False,False,False,19586377.597903322,False,False,False,False
2025-06-27 00:00:00+00:00,218.2034742313,218.2234388659,209.342171149,210.2874965989,23478757,,212.64261544397635,203.9311896623775,207.40807033585727,207.7298188677721,203.18963642446704,196.57571158363015,192.26364490669707,185.26071325514417,183.66612974265024,179.09412738915606,175.71562124414447,172.77328402489835,169.18639995756533,166.5254973056077,202.23201148487854,204.97135079871495,208.60569502153348,204.3772588592115,201.01386070898366,198.70305914787187,193.6514337065464,188.05476018599876,184.39299437167233,177.81726025877668,174.16420911037054,172.01763854561628,170.56305186150107,167.38990739292288,166.63222991103646,167.126183694252,202.23201148487854,204.3772588592115,188.05476018599876,177.81726025877668,205.6101507607773,"rgba(0, 255, 255, 0.75)",19.18753936209905,205.94429184748685,0.6389137321082754,54.08127852307696,-2.392244491492235,False,True,True,False,True,9.04231088264693,0.0,0.0,0.0,0.0,0,0.8952374409377359,1.0485488134978078,False,False,False,False,0.10088834748661717,0.08233325104787237,False,False,False,False,-435162629,-445524337.01643044,False,False,False,False,19874701.998058632,False,False,False,False
2025-07-04 00:00:00+00:00,220.8188413683,221.4477273593,214.3403174296,218.1335980101,19715247,,213.52168030506567,204.5394327803173,207.80510730528033,208.0287503866421,203.5384635697281,196.95002935503948,192.62254723498097,185.61537475648854,184.00656918103917,179.42229943292395,176.03989849335875,173.09533801849582,169.49028652791762,166.78708815874788,203.39990191651248,205.51182465080436,208.90202808302232,204.71737820820996,201.37520068695957,199.0762962978039,194.01638257794872,188.41397678182608,184.74243364641003,178.14551166065772,174.48792979654064,172.33791816562112,170.87975365228257,167.68206446400998,166.87346138413696,167.35160773929064,203.39990191651248,204.71737820820996,188.41397678182608,178.14551166065772,206.1339767892542,"rgba(0, 255, 255, 0.75)",19.148718381405562,206.74320991317495,0.7350691140140877,55.605504352122324,-0.7144242683197746,False,False,True,False,True,9.840673048659347,0.0,0.0,0.0,0.0,0,0.9407602077638652,1.0203917220375227,False,False,False,False,0.16118793639009582,0.1217605937189841,False,False,False,False,-415447382,-443296414.4226208,False,False,False,False,19862890.516720958,False,False,False,False
2025-07-11 00:00:00+00:00,221.0384523493,221.5126124219,216.6362504125,217.8041815386,18030754,,214.23153587779157,205.08477913901802,208.17129173943545,208.3090356923738,203.86132104068525,197.2945350979596,192.95289292221807,185.9414649139419,184.31974770228427,179.72416838818046,176.33810245452187,173.39142169503342,169.76975701497338,167.02796318713422,204.38500453818205,206.00012221359455,209.18057483373784,205.0328284693879,201.7087263631904,199.4200664945619,194.35225846572905,188.7443201714409,185.06377180143548,178.44739888076109,174.78557276097516,172.6323670645582,171.17090879223412,167.95081245727891,167.0957568642267,167.55947205561992,204.38500453818205,205.0328284693879,188.7443201714409,178.44739888076109,206.59652199073972,"rgba(0, 255, 255, 0.75)",19.1868991354192,207.42536044214654,0.7094993209206777,56.73118127357698,0.5660367891907896,False,False,True,False,True,9.908181203375303,0.0,0.0,0.0,0.0,0,0.9496274406383476,1.0224052726607833,False,False,False,False,0.17869883901084155,0.15022971636491284,False,False,False,False,-397416628,-439897911.72464883,False,False,False,False,19727176.700667553,False,False,False,False
2025-07-18 00:00:00+00:00,221.7771438308,222.5208264709,217.0854546918,221.0883639359,25198987,,215.08995259483186,205.81943654977985,208.67705035193643,208.70269493578343,204.31139278851822,197.77405679005807,193.4135649322185,186.39653785752918,184.75720432321856,180.1461329924479,176.75502051616147,173.80541008708576,170.1608108683708,167.36557586285414,205.63501429800212,206.66245313865613,209.57208785470192,205.47299534424423,202.17317263450977,199.8984091600832,194.8203506376487,189.2051221020376,185.51237331954772,178.86938596658266,175.20171327747647,173.04410036633794,171.57809505624837,168.32703113459715,167.4075904722801,167.85126292167007,205.63501429800212,205.47299534424423,189.2051221020376,178.86938596658266,207.2116250490964,"rgba(0, 255, 255, 0.75)",19.25587781422352,208.3017141453175,0.6998086410544597,57.666448390041865,1.6649934719603365,False,False,True,False,True,10.138827986841058,0.0,0.0,0.0,0.0,0,0.9549256033953092,1.0272738653998854,False,False,False,False,0.18956267041444264,0.16989619338967774,False,False,False,False,-372217641,-434884558.3376378,False,False,False,False,20132495.982099585,False,False,False,False
2025-07-25 00:00:00+00:00,224.4723695063,226.4887976044,221.936960731,222.5258176295,29144134,,216.3559014984555,206.78713712238303,209.38681913008648,209.26593729332328,204.91911627572992,198.39421179929343,194.00041172815466,186.9657608230704,185.30311443850744,180.6688252076971,177.26898364557465,174.3138723128376,170.63957274823676,167.7786080160183,207.17499297136234,207.54971189948932,210.14043556325274,206.0743559783441,202.78932453038612,200.52354579910065,195.41919108259734,189.78507376983487,186.07267844803636,179.3910640490809,175.7136692725312,173.5493788847269,172.0770445406886,168.78702632777663,167.78949581413184,168.20907758731045,207.17499297136234,206.0743559783441,189.78507376983487,179.3910640490809,208.04437322628127,"rgba(0, 255, 255, 0.75)",19.340073917956808,209.46693587292256,0.7758726102615999,58.82006794258221,2.974622012518168,False,False,True,False,True,10.98336714645449,0.0,0.0,0.0,0.0,0,0.9353812146047668,1.0156498004646108,False,False,False,False,0.2563581123932841,0.21312715289148093,False,False,False,False,-343073507,-428083739.720035,False,False,False,False,20800024.72416628,False,False,False,False
2025-08-01 00:00:00+00:00,215.707894902,226.9380018836,214.3709631438,225.3408311129,36240319,,216.742706852801,207.53410526261663,209.9011770607319,209.68451064579435,205.43228988501428,198.97650569745593,194.57757059756815,187.55312391944992,185.87192976400422,181.22497736007733,177.8225787894173,174.8665642222362,171.1656440753941,168.23659524391383,208.27585440115027,208.22415616794416,210.5463772699148,206.56836355080898,203.33206143999303,201.09415641899605,196.00031252816987,190.37344441073517,186.65381441951297,179.94876081028167,176.2678161284865,174.09985091516614,172.62288762302603,169.29503314380392,168.2134740736391,168.60633675188072,208.27585440115027,206.56836355080898,190.37344441073517,179.94876081028167,208.62416025367693,"rgba(38, 166, 154, 1.0)",19.305584352627942,210.19420567112803,0.2856007427779009,57.370602023733774,2.974622012518168,False,False,True,False,True,7.422266652804765,0.0,0.0,0.0,0.0,0,0.9150002625126828,1.0289308123248955,False,False,False,False,0.23524601086127395,0.22418658187637744,False,False,False,False,-379313826,-424471153.51855093,False,False,False,False,21943750.226079892,False,False,False,False
2025-08-08 00:00:00+00:00,223.3842969188,224.6420689007,216.6761796818,217.3649595767,28813985,,217.24446489556794,208.18460435153742,210.37695851725115,210.07713084357292,205.88648962013366,199.4727944194681,195.0639558671509,188.04178263395946,186.34458652779344,181.684992114336,178.2790967404886,175.32128356953706,171.59778199861424,168.61301166115302,209.19147963938346,208.820814420804,210.93353080597885,207.01051971918915,203.80473357334802,201.5846774326313,196.49153024849008,190.86497247778868,187.13687724644953,180.40945165051457,176.72419631284143,174.5525288908275,173.07137367382927,169.71210451974946,168.56234631409106,168.93361462380162,209.19147963938346,207.01051971918915,190.86497247778868,180.40945165051457,209.15307263867666,"rgba(0, 255, 255, 0.75)",19.415229734325898,210.86034082682323,0.6450583517863074,57.7618652242878,2.974622012518168,False,False,True,False,True,9.83436044735014,0.0,0.0,0.0,0.0,0,0.9258733023769077,1.0202187352211827,False,False,False,False,0.2788063044311352,0.2514964431537563,False,False,False,False,-350499841,-418991797.0356953,False,False,False,False,22452656.505629532,False,False,False,False
2025-08-15 00:00:00+00:00,228.6349958275,230.6214769736,223.5789521065,223.9433066885,26312484,,218.14362959511723,208.97355042925713,210.9957708198757,210.59069288333595,206.4309593374659,200.026195406477,195.5909071836361,188.55418052190637,186.8376186666201,182.15829001152838,178.74479476095846,175.7821284407938,172.03293698809634,168.99084558760262,210.2816622553921,209.55801794020854,211.45191737684877,207.55055917078118,204.35522165732755,202.14193230501783,197.02811613901213,191.3862273782299,187.64188675189018,180.8818134368964,177.18809676493495,175.0106134321034,173.52396073521368,170.13091667937186,168.91284632835752,169.2628832756041,210.2816622553921,207.55055917078118,191.3862273782299,180.8818134368964,209.83319814656102,"rgba(0, 255, 255, 0.75)",19.539547551814053,211.73921505499374,0.8646966224628709,58.90559999619505,3.5133986455569612,False,False,True,False,True,11.418362029689195,0.0,0.0,0.0,0.0,0,0.9637231283152826,0.9864004901805368,False,False,False,False,0.34282825270041645,0.2971623479270864,False,False,False,False,-324187357,-411969245.9219401,False,False,False,False,22738569.653360676,False,False,False,False
2025-08-22 00:00:00+00:00,232.6878166582,232.7964242706,224.5522280449,228.1758092309,30745432,,219.23573618939412,209.92665059203782,211.76145512013116,211.23335364234313,207.1018582146105,200.6997931733082,196.22998604495763,189.17211989834755,187.4320416262336,182.7276744848958,179.3041206767443,176.33489386249826,172.5545083902536,169.44407736059608,211.55786039957997,210.4545623855977,212.10236426598146,208.21811504444068,205.03019582989472,202.82216178494906,197.67952782142038,192.01600690645893,188.25073278356047,181.4496597759005,177.74484853439165,175.55992496869706,174.066422663811,170.63279359850142,169.33369446517727,169.6586098311338,211.55786039957997,208.21811504444068,192.01600690645893,181.4496597759005,210.66221516840113,"rgba(0, 255, 0, 1.0)",19.685776374272784,212.7937023916524,1.0105831686957034,60.34703175225409,5.077519163206382,False,False,True,False,True,12.612754276884942,0.0,0.0,0.0,0.0,0,0.9816937875588093,0.9722168801957708,False,False,False,False,0.3428282527607261,0.3199953003439062,False,False,False,False,-293441925,-403189444.37216675,False,False,False,False,23331670.567926552,False,False,False,False
2025-08-29 00:00:00+00:00,231.3302215031,234.1152880345,230.7213001467,231.8493020036,24701618,,220.118249154714,210.7037938274264,212.39738711575828,211.7725875083909,207.65950147344915,201.2556683341878,196.75653155243438,189.67958100919785,187.92024340051822,183.19475781387416,179.76248762516857,176.78749996174545,172.9814648659494,169.81548771513584,212.57043961063948,211.18937955351097,212.64878530251804,208.77402469332787,205.58958719691063,203.38438139873512,198.2164556431515,192.53372339509392,188.75068474851642,181.9152599559037,178.20088377184922,176.00963546276628,174.5104047579525,171.0436275540379,169.67888306163715,169.98346934252834,212.57043961063948,208.77402469332787,192.53372339509392,181.9152599559037,211.3423735436646,"rgba(0, 255, 255, 0.75)",19.852881021198336,213.64546553657274,0.8907904070771385,61.0092958527875,5.8798354130383785,True,False,True,False,True,12.053782719279429,0.0,0.0,0.0,0.0,0,1.026145471955855,0.938819085841094,False,False,False,False,0.34282825288844365,0.33141177661617494,False,False,False,False,-318143543,-396889747.9742285,False,False,False,False,23433148.15548755,False,False,False,False
2025-09-05 00:00:00+00:00,234.6942624389,237.4393997011,227.9024933828,228.4054025292,42097210,,221.5070962111653,211.98238129638713,213.45936538592483,212.68444607424888,208.6018475519726,202.1967476134477,197.65060832949288,190.5427798103925,188.75169401294346,183.99119842957796,180.5443831040104,177.5597431982317,173.71072970534848,170.45131235097284,214.18363185112105,212.4034644070577,213.57163497633746,209.71326000533494,206.5353217659648,204.335214397904,199.12729807646477,193.41365387075143,189.6015305142782,182.7092230363924,178.97887011187686,176.77703096826028,175.2682001398013,171.74579771334825,170.27047429790008,170.54072146357868,214.18363185112105,209.71326000533494,193.41365387075143,182.7092230363924,212.46424495255147,"rgba(0, 255, 0, 1.0)",20.081803342815558,215.0191434414328,0.97974861428499,62.02284672649965,7.0253329695222035,True,False,True,False,True,13.053107866427936,0.0,0.0,0.0,0.0,0,1.0597516835067555,0.918958488142979,False,False,False,False,0.34282825289635577,0.33712001475626535,False,False,False,False,-276046333,-387938383.9020634,False,False,False,False,24815671.25508106,False,False,False,False
2025-09-12 00:00:00+00:00,238.2080381345,238.5574192406,231.8493020036,235.9121051516,36945937,,222.7472403210235,213.12617838958627,214.42826256656733,213.52576610219643,209.46288825895755,203.05008460267797,198.46007145226088,191.3214775150062,189.50193055928563,184.70893287039058,181.24819518888543,178.25418091469214,174.36639221194878,171.02383693448627,215.588612916846,213.49559642714337,214.4239923061496,210.5731390392921,207.39679908092316,205.1988063560611,199.95225569471086,194.20833235354988,190.36904483684842,183.42432891089453,179.67876460323924,177.46699386112886,175.9493255560698,172.37714043287562,170.80382044469602,171.04367305488503,215.588612916846,210.5731390392921,194.20833235354988,183.42432891089453,213.47684754086853,"rgba(0, 255, 0, 1.0)",20.28261855886575,216.23940701364978,1.083125980853566,63.2902357306437,8.402519468951965,True,False,True,False,True,14.083864668442018,0.0,0.0,0.0,0.0,0,1.1205444494059476,0.8621964903168757,False,False,False,False,0.3428282529713564,0.33997413386381087,False,False,False,False,-239100396,-376913347.7611698,False,False,False,False,25714209.45840839,False,False,False,False
2025-09-19 00:00:00+00:00,240.9631577139,242.9696034947,238.5773838752,242.0113010322,30584568,240.83671502793334,223.92826402232754,214.16863213795017,215.32777914640224,214.311208805006,210.2526518513799,203.81900693071552,199.1840121142272,192.01076282086987,190.16511263443732,185.34044054673154,181.86547947632488,178.86169083222902,174.9387248856027,171.52344176494844,216.85521380218083,214.49613231367493,215.22252090260227,211.36503610396997,208.18170511631092,205.980693409589,200.69166922145206,194.91431905998854,191.04783726457177,184.05269579884975,180.29175332181464,178.07024589656172,176.54422549293713,172.92774976618654,171.2696597072248,171.48341745814173,216.85521380218083,211.36503610396997,194.91431905998854,184.05269579884975,217.6764154113427,"rgba(0, 255, 0, 1.0)",20.481514476100774,223.947206247598,0.8307955686654602,64.60890753534437,9.809510683250124,True,False,True,False,True,14.88418848959562,0.0,0.0,0.0,0.0,0,1.1427663050306904,0.8265775201491332,False,False,False,False,0.3428282531128154,0.3414011934883131,False,False,False,False,-208515828,-364439457.40849054,False,False,False,False,26074976.757785548,False,False,False,False
2025-09-26 00:00:00+00:00,239.71,242.02,235.15,240.8,26591686,239.96388735485277,224.7356982185529,214.95382851375487,216.0075139024546,214.91250855244422,210.86749398471096,204.42992829055598,199.7661658501201,192.57220802696202,190.70709853957027,185.85988573920406,182.37512301671705,179.36467686978887,175.41444275781316,171.94044187504946,217.77906025855532,215.2504987092406,215.8304978459325,211.9788717699921,208.79726003331092,206.59801363417276,201.2840982243531,195.4866052285541,191.6016511095621,184.57026468818324,180.798601538734,178.57007896453655,177.03782345428516,173.38629545597541,171.65888387851345,171.85104849569174,217.77906025855532,211.9788717699921,195.4866052285541,184.57026468818324,218.2279859110491,"rgba(0, 255, 0, 1.0)",20.451252112101702,224.35811858642896,0.7506572863813468,65.1513469550042,10.464895570934353,True,False,True,False,True,14.339415320644214,0.0,0.0,0.0,0.0,0,1.113535090256437,0.8592731603411726,False,False,False,False,0.3145795643634584,0.3279903789258858,False,False,False,False,-235107514,-354859313.45230603,False,False,False,False,26113251.5164681,False,False,False,False
2025-10-03 00:00:00+00:00,237.86,242.7,236.54,240.97,31305674,239.63464926640293,225.58607046670963,215.81940148481775,216.76167593056573,215.58590044245133,211.56021083456628,205.12394264020267,200.43129222182606,193.2172295055296,191.3308787376638,186.45948821261072,182.96433567813608,179.94685908801227,175.96614632627532,172.42533313036088,218.77579004895168,216.0836263514395,216.50965308032977,212.66928882248948,209.49279323231895,207.29736893374908,201.95977386492993,196.14267468757927,192.2384373985506,185.16802132413738,181.3849277352896,179.148804421623,177.60968616422582,173.91862771409143,172.11190193380457,172.279216616913,218.77579004895168,212.66928882248948,196.14267468757927,185.16802132413738,218.89862667287244,"rgba(0, 255, 0, 1.0)",20.475292257833306,224.95397781672048,0.6303217566206913,64.93948347028507,10.464895570934353,True,False,True,False,True,13.531123277981557,0.0,0.0,0.0,0.0,0,1.1913833655328545,0.837867242591039,False,False,False,False,0.3278761094212392,0.3279332441735625,False,False,False,False,-266413188,-348307748.60398704,False,False,False,False,26497875.404137127,False,False,False,False
2025-10-10 00:00:00+00:00,228.75,240.24,228.68,239.45,30366889,237.82616418951636,225.9662882827127,216.38334122997313,217.24804169256524,216.03335613365076,212.0494453796329,205.64745605551772,200.95059701270796,193.73996302265402,191.84066831960692,186.9582527603692,183.45960560509988,180.4401074553199,176.43821224440916,172.8439453969866,219.37539569578962,216.62498706449844,216.95269060345717,213.1496939706298,209.9961985799214,207.81484305683367,202.48194039709094,196.6671667760771,192.75674153487415,185.6672213935825,181.87985767120955,179.64010797404217,178.0969722221538,174.37626521647627,172.50358323309604,172.64956894839028,219.37539569578962,213.1496939706298,196.6671667760771,185.6672213935825,219.1609404242426,"rgba(0, 255, 255, 0.75)",20.3424268679825,224.88779734949796,0.18985948311707426,62.16271755904704,10.464895570934353,True,False,True,False,False,9.681363654255968,0.0,0.0,0.0,0.0,0,1.2044964708166488,0.8027798276080604,False,False,False,False,0.2580871622715743,0.29301020322256843,False,False,False,False,-296780077,-344490884.04072875,False,False,False,False,26784469.003830675,False,False,False,False
2025-10-17 00:00:00+00:00,234.35,235.68,229.83,230.85,11697056,237.41942014226,226.11692889653992,216.59991028389672,217.4360452981768,216.206819920014,212.2383595612699,205.84914404809436,201.15069459409096,193.94134544839721,192.03714777507017,187.150534781991,183.65054762867425,180.63027059613873,176.6202915794166,173.0055926629446,219.60470075716887,216.8332657942647,217.12456860471758,213.33533682757042,210.19037837458973,208.01427283818202,202.68311806176277,196.8692156624725,192.9564470591741,185.85966446711282,182.07066518990044,179.82952834507356,178.28485777795703,174.55283110295014,172.65492209958165,172.79273771061693,219.60470075716887,213.33533682757042,196.8692156624725,185.85966446711282,219.2915356085879,"rgba(0, 255, 255, 0.75)",20.27895997636243,224.9352400199664,0.46426246666533416,61.27820849061719,10.464895570934353,True,False,True,False,False,11.415691378033575,0.0,0.0,0.0,0.0,0,1.1685860476521959,0.8027099764706676,False,False,False,False,0.2356144764863728,0.2643123398544706,False,False,False,False,-285083021,-340090301.5932674,False,False,False,False,25666882.855398774,False,False,False,False
