date,Close,High,Low,Open,Volume,aVWAP_OB_bull_576,aVWAP_OB_bull_291,aVWAP_OB_bear_788,Peaks_Valleys_avg,color,StDev,StDev_Mean,StdDev_ZScore,QQEMOD,QQE1_Value,QQE1_Above_Upper,QQE1_Below_Lower,QQE2_Above_Threshold,QQE2_Below_Threshold,QQE2_Above_TL,banker_RSI,SMA_50,SMA_200,OB,OB_High,OB_Low,OB_Mitigated_Index,TTM_squeeze_Active,VI_plus,VI_minus,VI_Regular_Bullish,VI_Regular_Bearish,VI_Hidden_Bullish,VI_Hidden_Bearish,Fisher,Fisher_Signal,Fisher_Regular_Bullish,Fisher_Regular_Bearish,Fisher_Hidden_Bullish,Fisher_Hidden_Bearish,OBV,OBV_Smoothed,OBV_Regular_Bullish,OBV_Regular_Bearish,OBV_Hidden_Bullish,OBV_Hidden_Bearish,Volume_MA,Vol_Regular_Bullish,Vol_Regular_Bearish,Vol_Hidden_Bullish,Vol_Hidden_Bearish
2022-01-03 00:00:00+00:00,178.6649357263,179.5189464624,174.4439631225,174.5617577068,104701220,,,,,#000000,,,,,,False,False,False,False,False,,,,0.0,0.0,0.0,0.0,0,,,False,False,False,False,,,False,False,False,False,0,0.0,False,False,False,False,104701220.0,False,False,False,False
2022-01-04 00:00:00+00:00,176.3973899787,179.5778437546,175.8280494879,179.2735410785,99310438,,,,,#000000,,,,0.0,,False,False,False,True,False,,,,0.0,0.0,0.0,0.0,0,,,False,False,False,False,,,False,False,False,False,-99310438,-3894526.9803921566,False,False,False,False,104489816.78431372,False,False,False,False
2022-01-05 00:00:00+00:00,171.7052390377,176.8587521005,171.4303850076,176.3090440404,94537602,,,,,#000000,,,,0.0,-50.0,False,False,False,True,True,,,,0.0,0.0,0.0,0.0,0,,,False,False,False,False,,,False,False,False,False,-193848040,-11343684.353710111,False,False,False,False,104099533.85159555,False,False,False,False
2022-01-06 00:00:00+00:00,168.8389041532,172.0782552213,168.4855204003,169.5260392282,96903955,,,,,#000000,,,,0.0,-50.0,False,False,False,True,True,,,,0.0,0.0,0.0,0.0,0,,,False,False,False,False,,,False,False,False,False,-290751995,-22300873.006505795,False,False,False,False,103817354.28878789,False,False,False,False
2022-01-07 00:00:00+00:00,169.0057798143,170.9395742398,167.8867312635,169.71254732,86709147,,,,,#000000,,,,0.33631485902077946,-49.67377458674984,False,False,False,True,True,,,,0.0,0.0,0.0,0.0,0,,,False,False,False,False,,,False,False,False,False,-204042848,-29428009.28076047,False,False,False,False,103146444.1990315,False,False,False,False
2022-01-10 00:00:00+00:00,169.025412245,169.3297149211,165.0792936712,165.9725692687,106765552,,,,,#000000,,,,0.6523796741681649,-49.37526327267338,False,False,False,True,True,,,,0.0,0.0,0.0,0.0,0,,,False,False,False,False,,,False,False,False,False,-97277296,-32088765.622691434,False,False,False,False,103288369.99514793,False,False,False,False
2022-01-11 00:00:00+00:00,171.8622984834,171.960460637,167.680590741,169.1530230446,75937685,,,,,#000000,,,,5.522700184935767,-44.664994283627834,False,False,False,True,True,,,,0.0,0.0,0.0,0.0,0,,,False,False,False,False,,,False,False,False,False,-21339611,-31667230.147291772,False,False,False,False,102215794.11298527,False,False,False,False
2022-01-12 00:00:00+00:00,172.3040281745,173.9237037085,171.6070768841,172.8831848806,74805173,,,,,#000000,,,,10.046224154215807,-40.40494082133543,False,False,False,True,True,,,,0.0,0.0,0.0,0.0,0,,,False,False,False,False,,,False,False,False,False,53465562,-28328689.27877053,False,False,False,False,101140867.794829,False,False,False,False
2022-01-13 00:00:00+00:00,169.025412245,173.3739956485,168.6327636307,172.5494335584,84505760,,,,,#000000,,,,12.407520287757999,-38.32338303270397,False,False,False,True,True,,,,0.0,0.0,0.0,0.0,0,,,False,False,False,False,,,False,False,False,False,-31040198,-28435022.95411286,False,False,False,False,100488510.62640435,False,False,False,False
2022-01-14 00:00:00+00:00,169.8892391965,170.5861904869,167.9456285556,168.1910339396,80440780,,,,,#000000,,,,15.223213139991945,-35.81143999221012,False,False,False,True,True,,,,0.0,0.0,0.0,0.0,0,,,False,False,False,False,,,False,False,False,False,49400582,-25382646.28924569,False,False,False,False,99702325.1116434,False,False,False,False
2022-01-18 00:00:00+00:00,166.6793367745,169.3689797825,166.2915962679,168.3579096007,90500236,,,,,#000000,,,,16.52012620962679,-34.78912513085177,False,False,False,True,True,,,,0.0,0.0,0.0,0.0,0,,,False,False,False,False,,,False,False,False,False,-41099654,-25998999.532804683,False,False,False,False,99341458.87197112,False,False,False,False
2022-01-19 00:00:00+00:00,163.1749478918,167.9358123403,162.8902776464,166.8756610816,92914792,,,,,#000000,,,,16.82444385431221,-34.7032690508061,False,False,False,True,True,,,,0.0,0.0,0.0,0.0,0,,,False,False,False,False,,,False,False,False,False,-134014446,-30234899.39426332,False,False,False,False,99089432.7201291,False,False,False,False
2022-01-20 00:00:00+00:00,161.4865588502,166.5615421902,161.1626237434,163.9111640436,91420515,,,,,#000000,,,,16.787306101140597,-34.7032690508061,False,False,False,True,False,,,,0.0,0.0,0.0,0.0,0,,,False,False,False,False,,,False,False,False,False,-225434961,-37889803.77095888,False,False,False,False,98788690.8487515,False,False,False,False
2022-01-21 00:00:00+00:00,159.4251536251,163.2731100454,159.3171752562,161.3933048043,122848858,,,,,#000000,,,,16.45385280704552,-34.7032690508061,False,False,False,True,False,,,,0.0,0.0,0.0,0.0,0,,,False,False,False,False,,,False,False,False,False,-348283819,-50062118.093666375,False,False,False,False,99732226.81546713,False,False,False,False
2022-01-24 00:00:00+00:00,158.6496726119,159.3171752562,151.8568515843,157.0790781546,162706686,,,,156.60789981746666,#000000,,156.60789981746666,,16.076898775908443,-34.7032690508061,False,False,False,True,False,,,,0.0,0.0,0.0,0.0,0,,,False,False,False,False,,,False,False,False,False,-510990505,-68137741.10960102,False,False,False,False,102201813.45015469,False,False,False,False
2022-01-25 00:00:00+00:00,156.843488986,159.7687211626,154.1342135473,156.0581917574,115798367,,,,156.73578494251515,#000000,,156.73578494251515,,15.543472394790278,-34.7032690508061,False,False,False,True,False,,,,0.0,0.0,0.0,0.0,0,,,False,False,False,False,,,False,False,False,False,-626788872,-90045628.59549902,False,False,False,False,102735011.62858,False,False,False,False
2022-01-26 00:00:00+00:00,156.7551430478,161.368175293,154.9195107759,160.4951210991,108275308,,,,157.00037253359702,#000000,,157.00037253359702,,15.096462013002542,-32.86737134406422,False,False,False,True,False,,,,0.0,0.0,0.0,0.0,0,,,False,False,False,False,,,False,False,False,False,-735064180,-115340473.74861671,False,False,False,False,102952278.15294942,False,False,False,False
2022-01-27 00:00:00+00:00,156.293780926,160.8288724213,155.3710566824,159.4644184866,121954638,,,,157.11964128825772,#000000,,157.11964128825772,,14.674095979275306,-33.25450787316153,False,False,False,True,False,,,,0.0,0.0,0.0,0.0,0,,,False,False,False,False,,,False,False,False,False,-857018818,-144425899.01337683,False,False,False,False,103697468.7351867,False,False,False,False
2022-01-28 00:00:00+00:00,167.1995961885,167.2192286192,159.8079860241,162.6645046932,179935660,,,,159.1112794684934,#000000,,159.1112794684934,,20.238061984567807,-32.00807508042873,False,False,False,True,True,,,,0.0,0.0,0.0,0.0,0,,,False,False,False,False,,,False,False,False,False,-677083158,-165314418.97363657,False,False,False,False,106687201.7259637,False,False,False,False
2022-01-31 00:00:00+00:00,171.5678120227,171.7837687605,166.3946665291,167.0327205274,115541590,,,,160.6635153222666,#000000,,160.6635153222666,,26.144570125318552,-26.39784095637158,False,False,False,True,True,,,,0.0,0.0,0.0,0.0,0,,,False,False,False,False,,,False,False,False,False,-561541568,-180852738.5432979,False,False,False,False,107034432.63867101,False,False,False,False
2022-02-01 00:00:00+00:00,171.4009363616,171.6267093148,169.1432068293,170.8119634401,86213911,,,,161.63756661694757,#000000,,161.63756661694757,,30.92484433982095,-21.975532811009167,False,False,False,False,True,,,,0.0,0.0,0.0,0.0,0,,,False,False,False,False,,,False,False,False,False,-647755479,-199162649.9337568,False,False,False,False,106217941.59401725,False,False,False,False
2022-02-02 00:00:00+00:00,172.6083308506,172.647595712,170.1444607958,171.5334552689,84914256,,,,162.52233097183196,#000000,,162.52233097183196,,35.182049898154396,-18.106992163920808,True,False,True,False,True,,,,0.0,0.0,0.0,0.0,0,,,False,False,False,False,,,False,False,False,False,-562841223,-213424554.759884,False,False,False,False,105382502.94327147,False,False,False,False
2022-02-03 00:00:00+00:00,169.7223635354,173.0008813027,168.9566987375,171.2733255619,89418074,,,,163.19733024059684,#000000,,163.19733024059684,,37.75916465191119,-15.889119010264487,True,False,True,False,True,,,,0.0,0.0,0.0,0.0,0,,,False,False,False,False,,,False,False,False,False,-652259297,-230633760.33792776,False,False,False,False,104756446.90628044,False,False,False,False
2022-02-04 00:00:00+00:00,169.43769329,171.1184082707,167.7569783093,168.739852567,82465400,,,,163.64590356573416,#000000,,163.64590356573416,,39.78283716233641,-14.18065953461165,True,False,True,False,True,,,,0.0,0.0,0.0,0.0,0,,,False,False,False,False,,,False,False,False,False,-734724697,-250402032.36389136,False,False,False,False,103882288.20407337,False,False,False,False
2022-02-07 00:00:00+00:00,168.7201950819,170.9668490602,168.0223543589,169.8996441912,77251204,,,,163.99860791562367,#000000,,163.99860791562367,,41.220384566090814,-13.001926144166028,True,False,True,False,True,,,,0.0,0.0,0.0,0.0,0,,,False,False,False,False,,,False,False,False,False,-811975901,-272424537.0162878,False,False,False,False,102837931.96077637,False,False,False,False
2022-02-08 00:00:00+00:00,171.8359064789,172.3470010929,168.4941340026,168.7889962799,74829217,,,,164.39563046672754,#000000,,164.39563046672754,,43.35842363259667,-11.095444493332892,True,False,True,False,True,,,,0.0,0.0,0.0,0.0,0,,,False,False,False,False,,,False,False,False,False,-737146684,-290648934.9372177,False,False,False,False,101739550.98192239,False,False,False,False
2022-02-09 00:00:00+00:00,173.2610741526,173.6247376279,171.9047076769,173.0350130733,71285038,,,,168.88484472784222,#000000,,168.88484472784222,,45.50573930675824,-9.15557111483178,True,False,True,False,True,,,,0.0,0.0,0.0,0.0,0,,,False,False,False,False,,,False,False,False,False,-665861646,-305363158.90046406,False,False,False,False,100545256.35518034,False,False,False,False
2022-02-10 00:00:00+00:00,169.1723172404,172.4747747464,168.6120789135,171.157723241,90865899,,,,168.25115939185287,#000000,,168.25115939185287,,46.02318956047666,-8.775059523993981,True,False,True,False,True,,,,0.0,0.0,0.0,0.0,0,,,False,False,False,False,,,False,False,False,False,-756727545,-323063723.0612302,False,False,False,False,100165673.71380071,False,False,False,False
2022-02-11 00:00:00+00:00,165.7519148235,170.1158765279,165.1621902689,169.3787208346,98670687,,,,167.4910906641594,#000000,,167.4910906641594,,45.5817116873955,-8.775059523993981,True,False,False,False,False,,,,0.0,0.0,0.0,0.0,0,,,False,False,False,False,,,False,False,False,False,-855398232,-343939586.1568682,False,False,False,False,100107046.78384775,False,False,False,False
2022-02-14 00:00:00+00:00,165.9878046454,166.6758166258,163.7075363675,164.5036645162,86185530,,,,166.96878099489558,#000000,,166.96878099489558,,45.29342444639928,-8.775059523993981,True,False,False,False,False,,,,0.0,0.0,0.0,0.0,0,,,False,False,False,False,,,False,False,False,False,-769212702,-360616963.24875575,False,False,False,False,99561104.94918706,False,False,False,False
2022-02-15 00:00:00+00:00,169.8308429931,169.9881028743,167.3343423785,168.042011844,64286320,,,,167.07108152925883,#000000,,167.07108152925883,,46.166996031020965,-8.723799391979846,True,False,False,False,False,,,,0.0,0.0,0.0,0.0,0,,,False,False,False,False,,,False,False,False,False,-704926382,-374119293.3958634,False,False,False,False,98177780.04921894,False,False,False,False
2022-02-16 00:00:00+00:00,169.5949531713,170.3714238349,167.1377675269,168.9069411908,61177398,,,,167.15433115012368,#000000,,167.15433115012368,,46.817885309324396,-8.039278217027217,True,False,False,False,False,,,,0.0,0.0,0.0,0.0,0,,,False,False,False,False,,,False,False,False,False,-766103780,-389491234.047006,False,False,False,False,96726784.67473978,False,False,False,False
2022-02-17 00:00:00+00:00,165.9878046454,168.9659136463,165.5848261997,168.1009842995,69589344,,,,167.05638781749758,#000000,,167.05638781749758,,46.4310480887058,-8.039278217027217,True,False,False,False,False,,,,0.0,0.0,0.0,0.0,0,,,False,False,False,False,,,False,False,False,False,-835693124,-406989347.37849593,False,False,False,False,95662571.31494607,False,False,False,False
2022-02-18 00:00:00+00:00,164.4348633182,167.6206536498,163.3438728921,166.9117064477,82772674,,,,166.8227559868343,#000000,,166.8227559868343,,45.75578457094888,-8.039278217027217,True,False,False,True,False,,,,0.0,0.0,0.0,0.0,0,,,False,False,False,False,,,False,False,False,False,-918465798,-427047247.4028687,False,False,False,False,95157085.1457325,False,False,False,False
2022-02-22 00:00:00+00:00,161.5058980301,163.835310021,159.3730608909,162.1545950402,90457637,,,,166.32235755972502,#000000,,166.32235755972502,,44.57575257538177,-8.039278217027217,True,False,False,True,False,,,,0.0,0.0,0.0,0.0,0,,,False,False,False,False,,,False,False,False,False,-1008923435,-449865921.4262856,False,False,False,False,94972793.06158613,False,False,False,False
2022-02-23 00:00:00+00:00,157.3286824348,163.3045579218,157.0141626723,162.7050046246,90009247,,,,165.7415985987435,#000000,,165.7415985987435,,42.836065496553005,-8.039278217027217,True,False,False,True,False,,,,0.0,0.0,0.0,0.0,0,,,False,False,False,False,,,False,False,False,False,-1098932682,-475319519.88015676,False,False,False,False,94778144.1964259,False,False,False,False
2022-02-24 00:00:00+00:00,159.9529567029,160.0610728713,149.3968871749,149.9669542444,141147540,,,,161.97875753361268,#000000,,161.97875753361268,,42.205462992513645,-8.039278217027217,True,False,False,True,False,,,,0.0,0.0,0.0,0.0,0,,,False,False,False,False,,,False,False,False,False,-957785142,-494239740.3554448,False,False,False,False,96596551.87499744,False,False,False,False
2022-02-25 00:00:00+00:00,162.0268213867,162.2921974363,158.1187167632,161.0341183864,91974222,,,,162.38040191782213,#000000,,162.38040191782213,,42.273760793606456,-8.039278217027217,True,False,False,True,False,,,,0.0,0.0,0.0,0.0,0,,,False,False,False,False,,,False,False,False,False,-865810920,-508811159.1650352,False,False,False,False,96415284.03676225,False,False,False,False
2022-02-28 00:00:00+00:00,162.2921974363,162.5870597136,159.648265683,160.2674764654,95056629,,,,162.57932511400614,#000000,,162.57932511400614,,42.40384203172418,-8.039278217027217,True,False,False,True,False,,,,0.0,0.0,0.0,0.0,0,,,False,False,False,False,,,False,False,False,False,-770754291,-519083438.8448377,False,False,False,False,96362003.4470853,False,False,False,False
2022-03-01 00:00:00+00:00,160.4050788615,163.7468513378,159.1961435245,161.8744758768,83474425,,,,162.60500465682523,#000000,,162.60500465682523,,42.11439417212529,-8.039278217027217,True,False,False,True,False,,,,0.0,0.0,0.0,0.0,0,,,False,False,False,False,,,False,False,False,False,-854228716,-532226390.8901382,False,False,False,False,95856608.21386626,False,False,False,False
2022-03-02 00:00:00+00:00,163.7075363675,164.4938357736,160.1593602971,161.5746992282,79724750,,,,162.73979644805374,#000000,,162.73979644805374,,42.79826340666034,-8.039278217027217,True,False,False,True,True,,,,0.0,0.0,0.0,0.0,0,,,False,False,False,False,,,False,False,False,False,-774503966,-541727472.2669955,False,False,False,False,95223986.3231264,False,False,False,False
2022-03-03 00:00:00+00:00,163.3831878624,166.0172908731,162.7148333671,165.5848261997,76678441,,,,162.91824667508232,#000000,,162.91824667508232,,43.28446269022798,-8.039278217027217,True,False,False,True,True,,,,0.0,0.0,0.0,0.0,0,,,False,False,False,False,,,False,False,False,False,-851182407,-553862959.903584,False,False,False,False,94496710.03594498,False,False,False,False
2022-03-04 00:00:00+00:00,160.3755926338,162.7148333671,159.323917178,161.672986654,83819592,,,,162.8318318303067,#000000,,162.8318318303067,,43.02719469654063,-8.039278217027217,True,False,False,True,True,,,,0.0,0.0,0.0,0.0,0,,,False,False,False,False,,,False,False,False,False,-935001999,-568809588.8877572,False,False,False,False,94077999.52473146,False,False,False,False
2022-03-07 00:00:00+00:00,156.5718692563,162.1939100106,156.3163219493,160.5623387427,96418845,,,,162.55759702424572,#000000,,162.55759702424572,,42.088518756150364,-8.039278217027217,True,False,False,True,False,,,,0.0,0.0,0.0,0.0,0,,,False,False,False,False,,,False,False,False,False,-1031420844,-586951206.7352961,False,False,False,False,94169797.3865067,False,False,False,False
2022-03-08 00:00:00+00:00,154.743723137,160.090559099,153.1318093543,156.1000896126,131148280,,,,162.03202877861858,#000000,,162.03202877861858,,41.001887088226,-5.4633303878932225,False,True,False,True,False,,,,0.0,0.0,0.0,0.0,0,,,False,False,False,False,,,False,False,False,False,-1162569124,-609524458.3927355,False,False,False,False,95619933.95958488,False,False,False,False
2022-03-09 00:00:00+00:00,160.1593602971,160.6114824556,156.6799854247,158.7096207669,91454905,,,,161.90774093288,#000000,,161.90774093288,,41.58136567982398,-5.4633303878932225,False,True,False,True,False,,,,0.0,0.0,0.0,0.0,0,,,False,False,False,False,,,False,False,False,False,-1071114219,-627626017.6322361,False,False,False,False,95456599.49058154,False,False,False,False
2022-03-10 00:00:00+00:00,155.8052273353,157.6432021973,153.3087267207,157.4564560883,105342033,,,,161.55677380668226,#000000,,161.55677380668226,,41.27699478310783,-5.4633303878932225,False,True,False,True,False,,,,0.0,0.0,0.0,0.0,0,,,False,False,False,False,,,False,False,False,False,-1176456252,-649148771.9211681,False,False,False,False,95844263.54977442,False,False,False,False
2022-03-11 00:00:00+00:00,152.0801338985,156.5522117712,151.8540728192,156.208205781,96970102,,,,161.15971154597983,#000000,,161.15971154597983,,40.44414577139959,-6.321069134064459,False,True,False,True,False,,,,0.0,0.0,0.0,0.0,0,,,False,False,False,False,,,False,False,False,False,-1273426354,-673630245.7281811,False,False,False,False,95888414.07723425,False,False,False,False
2022-03-14 00:00:00+00:00,148.0405206992,151.4805806013,147.5294260852,148.8563063332,108732111,,,,157.63896007431617,#000000,,157.63896007431617,,39.20003548039261,-7.636499348932624,False,True,False,True,False,,,,0.0,0.0,0.0,0.0,0,,,False,False,False,False,,,False,False,False,False,-1382158465,-701415666.0917819,False,False,False,False,96392088.46636231,False,False,False,False
2022-03-15 00:00:00+00:00,152.4339686313,152.905748275,147.8046308774,148.3157254914,92964302,,,,157.5725423053347,#000000,,157.5725423053347,,39.24777982460091,-7.67672646443237,False,True,False,True,False,0.0,164.667077710762,,0.0,0.0,0.0,0.0,0,,,False,False,False,False,-0.32065667884765614,-0.32065667884765614,False,False,False,False,-1289194163,-724465803.2254375,False,False,False,False,96257665.46768145,False,False,False,False
2022-03-16 00:00:00+00:00,156.8569027911,157.2598812367,151.8147578489,154.3604021764,102300157,,,,157.87627020748323,#000000,,157.87627020748323,,40.23075017441161,-7.67672646443237,False,True,False,True,True,0.0,164.230917052058,,0.0,0.0,0.0,0.0,0,0.8492080996006262,1.0440824604440389,False,False,False,False,-0.21548840676442974,-0.2680725428060429,False,False,False,False,-1186894006,-742600242.5499301,False,False,False,False,96494625.91992924,False,False,False,False
2022-03-17 00:00:00+00:00,157.8692632765,158.2427554945,154.9304692459,155.8936860185,75615376,,,,158.0809917783634,#000000,,158.0809917783634,,41.239261960515634,-7.67672646443237,False,True,False,True,True,0.0,163.860354518014,,0.0,0.0,0.0,0.0,0,0.8563619659714669,1.0401968746333208,False,False,False,False,-0.14124249905359834,-0.20465752092982065,False,False,False,False,-1111278630,-757058218.5283642,False,False,False,False,95675831.8054222,False,False,False,False
2022-03-18 00:00:00+00:00,161.1717207825,161.6631579114,157.0239914149,157.7611471082,122055535,,,,158.54354217380637,#000000,,158.54354217380637,,42.708467117085355,-10.203218378302353,False,False,False,False,True,0.0,163.64968415291,,0.0,0.0,0.0,0.0,0,0.883847475402842,1.0138751858811952,False,False,False,False,-0.050880102079191754,-0.1277688115045062,False,False,False,False,-989223095,-766162723.4880362,False,False,False,False,96710329.96991545,False,False,False,False
2022-03-21 00:00:00+00:00,162.5477447433,163.5011327733,160.2232471238,160.7097698814,89029269,,,,158.90264601585952,#000000,,158.90264601585952,,44.16791026530275,-8.731899787306297,True,False,False,False,True,0.0,163.523860964712,,0.0,0.0,0.0,0.0,0,0.9102039742073506,0.9853327084939528,False,False,False,False,0.02063093380380709,-0.05356893885034955,False,False,False,False,-900193826,-771418845.155172,False,False,False,False,96409111.89266387,False,False,False,False
2022-03-22 00:00:00+00:00,165.9288321899,166.5185567446,162.0857938422,162.6755183968,80979755,,,,159.30637562842043,#000000,,159.30637562842043,,45.967043797684866,-6.948123051718838,True,False,True,False,True,0.0,163.462322012224,,0.0,0.0,0.0,0.0,0,0.9212942989716655,0.9675904634519397,False,False,False,False,0.09010423303557026,0.018267647092610355,False,False,False,False,-819214071,-773293167.7373221,False,False,False,False,95804039.07334372,False,False,False,False
2022-03-23 00:00:00+00:00,167.2950274082,169.6834118545,164.7788693084,165.113046556,98062674,,,,159.84840666713234,#000000,,159.84840666713234,,47.67295400062288,-5.2766774917785995,True,False,True,False,True,0.0,163.427714315488,,0.0,0.0,0.0,0.0,0,0.9450448880776223,0.9472556557911513,False,False,False,False,0.17472548591035522,0.09649656650148279,False,False,False,False,-721151397,-771248392.4142898,False,False,False,False,95892612.99203612,False,False,False,False
2022-03-24 00:00:00+00:00,171.088922043,171.157723241,167.2950274082,168.1304705272,90131418,,,,160.39613023042025,#000000,,160.39613023042025,,49.6845437225968,-3.32385550736808,True,False,True,False,True,2.492164460446965,163.41224678668002,,0.0,0.0,0.0,0.0,0,0.9445817768690843,0.952117252857096,False,False,False,False,0.23374869069634613,0.16512262859891447,False,False,False,False,-631019979,-765749238.9470628,False,False,False,False,95666683.77666216,False,False,False,False
2022-03-25 00:00:00+00:00,171.7277903105,172.2781998949,169.7915280228,170.902175934,80281664,,,,160.88033561035962,#000000,,160.88033561035962,,51.43020579054617,-1.6480811765839007,True,False,True,False,True,3.023537122933689,163.40072202940001,,0.0,0.0,0.0,0.0,0,0.9384983992652489,0.9557611619673432,False,False,False,False,0.2886750251289277,0.22689882686392107,False,False,False,False,-550738315,-757317438.0079625,False,False,False,False,95063349.66777344,False,False,False,False
2022-03-28 00:00:00+00:00,172.5927196573,172.7204933108,169.0543723295,169.2214609533,90371916,,,,161.36996154462773,#000000,,161.36996154462773,,52.99659385230733,-0.15451095410807625,True,False,True,False,True,3.744932347486504,163.472068177646,,0.0,0.0,0.0,0.0,0,0.9478385922479079,0.9512887727244039,False,False,False,False,0.2841389803141526,0.25551890358903684,False,False,False,False,-460366399,-745672299.2233365,False,False,False,False,94879371.87688036,False,False,False,False
2022-03-29 00:00:00+00:00,175.8951771633,175.9443208762,173.3200466081,173.6640525983,100589440,,,,162.01928633787432,#000000,,162.01928633787432,,54.786253721445505,1.5539877171989858,True,False,True,False,True,6.42282333354558,163.592186936982,,0.0,0.0,0.0,0.0,0,0.9661210206969907,0.9276765584602434,False,False,False,False,0.34282825146775864,0.29917357752839774,False,False,False,False,-359776959,-730539148.6263429,False,True,False,False,95103296.11700271,False,True,False,False
2022-03-30 00:00:00+00:00,174.7255567966,176.5340454308,173.6738813408,175.4921987176,92633154,,,,165.03457918178566,#000000,,165.03457918178566,,55.95940249874148,2.6585241209753434,True,False,True,False,True,5.331769750809517,163.753111337424,,0.0,0.0,0.0,0.0,0,0.9768912142750336,0.9219109242069251,False,False,False,False,0.34282825152208246,0.3210009145252401,False,False,False,False,-452410113,-719632127.6213883,False,False,False,False,95006427.79868889,False,False,False,False
2022-03-31 00:00:00+00:00,171.6196741422,174.9811041036,171.4132705481,174.7943579946,103049285,,,,165.1355376696205,#000000,,165.1355376696205,,56.17704981325267,2.8470747772779745,True,False,True,False,True,2.5171998176451567,163.922005862432,,0.0,0.0,0.0,0.0,0,0.9816828429967995,0.9219298972873541,False,False,False,False,0.28859260234252876,0.30479675843388443,False,False,False,False,-555459398,-713193981.361726,False,False,False,False,95321833.9634462,False,False,False,False
2022-04-01 00:00:00+00:00,171.3248118649,171.8850501918,168.995399874,171.0496070727,78751328,,,,165.15242492595536,#000000,,165.15242492595536,,56.28616666554816,2.962649581215402,True,False,True,False,False,2.254983743431584,164.118770922726,,0.0,0.0,0.0,0.0,0,0.9784600189069402,0.9286098703351919,False,False,False,False,0.2129183093248765,0.2588575338793805,False,False,False,False,-634210726,-710096598.798521,False,False,False,False,94672010.2001738,False,False,False,False
2022-04-04 00:00:00+00:00,175.3840825493,175.4332262622,171.4525855184,171.5803591719,76545983,,,,165.45653681533582,#000000,,165.45653681533582,,57.066581393204444,3.7581179787153047,True,False,True,False,False,5.554919186300843,164.43794950121,,0.0,0.0,0.0,0.0,0,0.9967387740565041,0.8981893702537499,False,False,False,False,0.29548365264205595,0.27717059326071825,False,False,False,False,-557664743,-704118878.963285,False,False,False,False,93961185.60408854,False,False,False,False
2022-04-05 00:00:00+00:00,172.0619675582,175.2464801532,171.4280136619,174.460180747,70902999,,,,165.64165914312156,#000000,,165.64165914312156,,56.927396095042404,3.7581179787153047,True,False,True,False,False,2.614654029538343,164.70619540013598,,0.0,0.0,0.0,0.0,0,1.0296073529593328,0.8796685410888903,False,False,False,False,0.2925171931368108,0.2848438931987645,False,False,False,False,-628567742,-701156089.2784504,False,False,False,False,93056942.99216351,False,False,False,False
2022-04-06 00:00:00+00:00,168.8872837057,170.6564573696,167.2163974676,169.4082070623,89058782,,,,165.61958373758384,#000000,,165.61958373758384,,56.13290347229266,3.7581179787153047,True,False,True,False,False,0.0,164.94707129453,,0.0,0.0,0.0,0.0,0,1.0013797212419508,0.8954645719351358,False,False,False,False,0.1726829569414597,0.2287634250701121,False,False,False,False,-717626524,-701801988.6792954,False,False,False,False,92900152.36501984,False,False,False,False
2022-04-07 00:00:00+00:00,169.1919747256,170.39108132,166.9411926754,168.228757953,77594650,,,,165.62581118859538,#000000,,165.62581118859538,,55.54057719999467,3.7581179787153047,True,False,True,False,False,0.19889647299565283,165.195807928086,,0.0,0.0,0.0,0.0,0,0.9966036669935298,0.9024785716684467,False,False,False,False,0.1655130501392047,0.1971382376046584,False,False,False,False,-640031874,-699379631.2408917,False,False,False,False,92299936.58599946,False,False,False,False
2022-04-08 00:00:00+00:00,167.1770824972,168.8381399928,166.3023244079,168.8381399928,76575508,,,,165.58642013947764,#000000,,165.58642013947764,,54.62699336590305,3.7581179787153047,True,False,True,False,False,0.0,165.41347395951001,,0.0,0.0,0.0,0.0,0,0.98995729483361,0.9043510859886924,False,False,False,False,0.1366065593968874,0.1668723985007729,False,False,False,False,-716607382,-700055229.3098763,False,False,False,False,91683292.32772496,False,False,False,False
2022-04-11 00:00:00+00:00,162.9114082187,166.135235784,162.6656896543,165.8207160216,72246706,,,,165.42927543501983,#000000,,165.42927543501983,,53.04674522129417,6.160288069336403,True,False,False,False,False,0.0,165.327710200114,,0.0,0.0,0.0,0.0,0,0.9648323410721623,0.9559640447951426,False,False,False,False,0.05409185612428832,0.11048212731253061,False,False,False,False,-788854088,-703537537.4938028,False,False,False,False,90921073.25604948,False,False,False,False
2022-04-12 00:00:00+00:00,164.788698051,166.9608501605,163.7861663081,165.1425327837,79265181,,,,165.3383983816372,#000000,,165.3383983816372,,52.151112399560944,5.244719721120035,True,False,False,True,False,0.0,165.19212792068,,0.0,0.0,0.0,0.0,0,0.9345366401295645,0.9692676974516861,False,False,False,False,0.07929227049986554,0.09488719890619807,False,False,False,False,-709588907,-703774846.101889,False,False,False,False,90463979.44208676,False,False,False,False
2022-04-13 00:00:00+00:00,167.4817735171,168.1108130421,163.9139399616,164.5233220014,70618925,,,,165.31743666292755,#000000,,165.31743666292755,,51.96232134213862,5.014508545753451,True,False,False,False,False,0.0,165.11374466379002,,0.0,0.0,0.0,0.0,0,0.9227353802759922,0.9633667632575093,False,False,False,False,0.09589083185627059,0.09538901538123433,False,False,False,False,-638969982,-701233478.882207,False,False,False,False,89685742.0129853,False,False,False,False
2022-04-14 00:00:00+00:00,162.4592860601,168.3368741214,162.2135674957,167.6980058538,75329376,,,,165.22919390902388,#000000,,165.22919390902388,,50.86034793135529,3.881522169722615,False,False,False,True,False,0.0,164.91076376798,,0.0,0.0,0.0,0.0,0,0.9115327160738655,0.9676566916085294,False,False,False,False,0.0767427379597354,0.08606587667048486,False,False,False,False,-714299358,-701745866.2985911,False,False,False,False,89122747.26737805,False,False,False,False
2022-04-18 00:00:00+00:00,162.2430537234,163.745278739,160.7687423368,161.1127483271,69023941,,,,165.0976668593893,#000000,,165.0976668593893,,49.92024266078674,2.914287813036971,False,False,False,True,False,0.0,164.76117757174,,0.0,0.0,0.0,0.0,0,0.90989870079368,0.9904824310884343,False,False,False,False,-0.0012239604282368408,0.04242095812112401,False,False,False,False,-783323299,-704944981.3064895,False,False,False,False,88334558.7863044,False,False,False,False
2022-04-19 00:00:00+00:00,164.5331507439,164.9459579322,161.1029195845,162.1939100106,67723833,,,,165.01783633522228,#000000,,165.01783633522228,,49.635228046962,2.585908626349621,False,True,False,True,False,0.0,164.663086720818,,0.0,0.0,0.0,0.0,0,0.9172143541916178,0.9762036855109616,False,False,False,False,0.01856423499862357,0.03049259655987379,False,False,False,False,-715599466,-705362804.2356467,False,False,False,False,87526295.02997874,False,False,False,False
2022-04-20 00:00:00+00:00,164.3660621201,165.9878046454,163.2554142089,165.8698597345,67718110,,,,164.97372861048188,#000000,6.438250513733782,164.97372861048188,-0.09438379092047469,49.36896176951016,2.262998227408751,False,True,False,True,False,0.0,164.57600406158198,,0.0,0.0,0.0,0.0,0,0.9258941189400958,0.970639651483267,False,False,False,False,0.05981205524897498,0.04515232590442439,False,False,False,False,-783317576,-708419854.1087586,False,False,False,False,86749503.46017566,False,False,False,False
2022-04-21 00:00:00+00:00,163.5699339714,168.5924214284,163.0686680999,166.0172908731,87227768,,,,164.94241345949504,#000000,6.25575600612252,164.94241345949504,-0.21939466417037434,48.98847509319746,1.8191040484003267,False,True,False,True,False,0.0,164.410684611432,,0.0,0.0,0.0,0.0,0,0.9234307723159804,0.9652246204252323,False,False,False,False,0.09116165662705757,0.06815699126574098,False,False,False,False,-870545344,-714777716.4574348,False,False,False,False,86768258.93232563,False,False,False,False
2022-04-22 00:00:00+00:00,159.0192261581,164.9950033577,158.7341926233,163.6092489417,84882424,,,,164.78827016752402,"rgba(239, 83, 80, 0.5)",6.161738833173495,164.78827016752402,-0.9362688302147296,47.811154340026796,0.5974365510892241,False,True,False,True,False,0.0,164.125847651542,,0.0,0.0,0.0,0.0,0,0.8903262616242569,0.9882433479233379,False,False,False,False,-0.011341743054078644,0.02840762410583117,False,False,False,False,-955427768,-724214973.3806727,False,False,False,False,86694304.62125404,False,False,False,False
2022-04-25 00:00:00+00:00,160.090559099,160.3755926338,155.7462548798,158.3607004054,96046376,,,,164.55781010859306,"rgba(239, 83, 80, 0.5)",6.139575535188318,164.55781010859306,-0.727615611859403,47.10318361052945,-0.15307874138758848,False,True,False,True,False,0.0,163.94421248871402,,0.0,0.0,0.0,0.0,0,0.895241636412753,1.0074542164682712,False,False,False,False,-0.10984842950733838,-0.040720402700753604,False,False,False,False,-859381392,-729515617.2480974,False,False,False,False,87061052.51845977,False,False,False,False
2022-04-26 00:00:00+00:00,154.114683612,159.5598069998,154.0360536714,159.4713483166,94008394,,,,164.2635268069953,"rgba(255, 0, 0, 1.0)",6.2480611328043985,164.2635268069953,-1.62431880535075,45.51999272513446,-1.7506723727149236,False,True,False,True,False,0.0,163.711467864484,,0.0,0.0,0.0,0.0,0,0.9011902207450104,0.9981015100501852,False,False,False,False,-0.14293714917304176,-0.09182877593689769,False,False,False,False,-953389786,-738294996.4148387,False,False,False,False,87333497.28244175,False,False,False,False
2022-04-27 00:00:00+00:00,153.8886225327,157.0534776426,152.719002166,153.2399255226,88063191,,,,163.97137215558968,"rgba(255, 0, 0, 1.0)",6.352072093240531,163.97137215558968,-1.5873166228102318,44.18978205892907,-3.079936292160852,False,True,False,True,False,0.0,163.46948422223,,0.0,0.0,0.0,0.0,0,0.9024072583712512,0.9939443352765666,False,False,False,False,-0.19364401926853583,-0.14273639760271675,False,False,False,False,-1041452977,-750183544.6730803,False,False,False,False,87362112.722346,False,False,False,False
2022-04-28 00:00:00+00:00,160.8375435349,161.6975585104,156.208205781,156.5227255435,130216792,,,,163.77808872010323,#000000,6.344542579547112,163.77808872010323,-0.46347631028321307,44.668540579952534,-3.079936292160852,False,True,False,True,True,0.0,163.289618233066,,0.0,0.0,0.0,0.0,0,0.8991632752380284,0.9781455707773171,False,False,False,False,-0.08662802928581897,-0.11468221344426786,False,False,False,False,-911236185,-756499334.4898223,False,False,False,False,89042688.3802932,False,False,False,False
2022-04-29 00:00:00+00:00,154.9501267311,163.3537016347,154.556977028,159.068369871,131747571,,,,163.5268581050078,"rgba(239, 83, 80, 1.0)",6.377809169101027,163.5268581050078,-1.344777045926683,44.11611376593189,-3.1862463499963383,False,True,False,True,True,0.0,162.996721704262,,0.0,0.0,0.0,0.0,0,0.8953335175343641,0.9732121195778533,False,False,False,False,-0.08656420113757664,-0.10062320729092225,False,False,False,False,-1042983756,-767734017.6862999,False,False,False,False,90717389.6594974,False,False,False,False
2022-05-02 00:00:00+00:00,155.254817751,155.5201938006,150.6451374822,154.0262249288,123055265,,,,163.18179389096437,"rgba(239, 83, 80, 1.0)",6.3895860646100395,163.18179389096437,-1.2406087123341956,43.72803657961042,-3.606237160341493,False,True,False,True,True,0.0,162.78206196637402,,0.0,0.0,0.0,0.0,0,0.888334407605135,1.0034410291524736,False,False,False,False,-0.242398179310942,-0.17151069330093213,False,False,False,False,-919928491,-773702428.4044843,False,False,False,False,91985541.63363476,False,False,False,False
2022-05-03 00:00:00+00:00,156.7487866227,157.9577219597,153.6429039683,155.44156386,88966526,,,,163.00585635661352,"rgba(239, 83, 80, 0.5)",6.416095751281581,163.00585635661352,-0.9752145193069623,43.72935584713938,-3.6573856128463262,False,True,False,True,True,0.0,162.628340432464,,0.0,0.0,0.0,0.0,0,0.9107155968683935,0.9872924966276675,False,False,False,False,-0.16929140187330566,-0.17040104758711888,False,False,False,False,-830961965,-775947900.4278378,False,False,False,False,91867148.86368829,False,False,False,False
2022-05-04 00:00:00+00:00,163.1767842683,163.6289064268,156.532554286,156.9355327317,107521649,,,,162.94798689241298,#000000,6.377107403994696,162.94798689241298,0.03587792417353531,44.96521816738876,-3.6573856128463262,False,True,False,True,True,0.0,162.661758157228,,0.0,0.0,0.0,0.0,0,0.9430554948940616,0.9499187844073627,False,False,False,False,-0.057396407343843776,-0.11389872746548133,False,False,False,False,-723440316,-773888779.4698834,False,False,False,False,92481050.82981816,False,False,False,False
2022-05-05 00:00:00+00:00,154.0851973843,161.2700082083,152.2963662352,161.043947129,130525275,,,,162.71018481926995,"rgba(239, 83, 80, 1.0)",6.463857400864379,162.71018481926995,-1.3343406111985996,44.57368427338794,-3.6573856128463262,False,True,False,True,True,0.0,162.59688845621798,,0.0,0.0,0.0,0.0,0,0.9284313865492602,0.9505466593488999,False,False,False,False,-0.14332510100244472,-0.128611914233963,False,False,False,False,-853965591,-777029046.5887115,False,False,False,False,93972981.18943314,False,False,False,False
2022-05-06 00:00:00+00:00,154.812524335,156.9386373345,151.7611584561,153.5624486362,116124647,,,,162.47435022689712,"rgba(239, 83, 80, 1.0)",6.542427527143202,162.47435022689712,-1.1710983209381765,44.38569832974753,-3.6573856128463262,False,True,False,True,True,0.0,162.49407980886,,0.0,0.0,0.0,0.0,0,0.9568490418211768,0.9540154997004053,False,False,False,False,-0.20803769379405024,-0.16832480401400662,False,False,False,False,-737840944,-775492258.2518992,False,False,False,False,94841673.96631812,False,False,False,False
2022-05-09 00:00:00+00:00,149.6744179195,153.3852725529,149.1133603224,152.4944705786,131577921,,,,162.10763191348332,"rgba(255, 0, 0, 1.0)",6.730048845820242,162.10763191348332,-1.847418091431101,43.545602026117145,-4.005931943835577,False,True,False,True,False,0.0,162.24703173951602,,0.0,0.0,0.0,0.0,0,0.9031137112824966,0.9727026975075451,False,False,False,False,-0.29314576896882344,-0.23073528649141503,False,False,False,False,-869418865,-779175654.5949621,False,False,False,False,96282311.10489388,False,False,False,False
2022-05-10 00:00:00+00:00,152.0859812754,154.2809960851,150.5307689888,153.080135965,115366736,,,,161.84842250477521,"rgba(239, 83, 80, 1.0)",6.839643720436713,161.84842250477521,-1.4273318360436293,43.30925655959614,-4.293467860499099,False,True,False,True,False,0.0,162.042907416298,,0.0,0.0,0.0,0.0,0,0.8997317213529258,0.9667858875539054,False,False,False,False,-0.2609765120647216,-0.24585589927806833,False,False,False,False,-754052129,-778190418.2971205,False,False,False,False,97030719.9243098,False,False,False,False
2022-05-11 00:00:00+00:00,144.2016455689,153.0112341549,143.522470583,151.0918265859,142689825,,,,161.37836087422153,"rgba(255, 26, 202, 1.0)",7.165364598907808,161.37836087422153,-2.3971865029645123,42.16011105208363,-5.473576023200735,False,True,False,True,False,0.0,161.718838750446,,0.0,0.0,0.0,0.0,0,0.8748431372885266,0.9774358980938533,False,False,False,False,-0.34282825441539394,-0.29434207684673114,False,False,False,False,-896741954,-782839498.128606,False,False,False,False,98821273.06453295,False,False,False,False
2022-05-12 00:00:00+00:00,140.3234579679,143.9063520968,136.6224464503,140.5301633985,182602041,,,,160.56667181170263,"rgba(255, 26, 202, 1.0)",7.598367919075031,160.56667181170263,-2.6641528890676427,40.81177033072439,-6.830209402869535,False,True,False,True,False,0.0,161.251157182454,,0.0,0.0,0.0,0.0,0,0.8434277458485214,1.0164589327298155,False,False,False,False,-0.34282825441539394,-0.31858516563106254,False,False,False,False,-1079343995,-794467125.456896,False,False,False,False,102106793.37572773,False,False,False,False
2022-05-13 00:00:00+00:00,144.802075629,145.7814656449,140.8648293336,142.3216104629,113990852,,,,160.17705837393686,"rgba(255, 0, 0, 1.0)",7.847941845351414,160.17705837393686,-1.9591101779180422,40.5258196856872,-7.137878784450415,False,True,False,True,False,0.0,160.879534937786,,0.0,0.0,0.0,0.0,0,0.8493854574804284,1.0127288982379807,False,False,False,False,-0.27908188952375085,-0.29883352757740667,False,False,False,False,-965353143,-801168537.9095668,False,False,False,False,102572834.89040507,False,False,False,False
2022-05-16 00:00:00+00:00,143.256706458,145.2055449431,141.9180427176,143.2665495738,86643781,,,,159.88776514576824,"rgba(255, 26, 202, 1.0)",8.12955278459898,159.88776514576824,-2.045753207885547,40.11725534825459,-7.575141383659066,False,True,False,True,False,0.0,160.53715721427,,0.0,0.0,0.0,0.0,0,0.8695189682275646,1.0044745686729712,False,False,False,False,-0.27420605953636196,-0.2865197935568843,False,False,False,False,-1051996924,-811004945.2072309,False,False,False,False,101948166.11038919,False,False,False,False
2022-05-17 00:00:00+00:00,146.8986592813,147.4203444154,144.3788216522,146.5246208832,78336254,,,,159.67866147948106,"rgba(255, 0, 0, 1.0)",8.305605348983606,159.67866147948106,-1.5387201367260963,40.42697998797878,-7.575141383659066,False,True,False,True,True,0.0,160.34369301477,,0.0,0.0,0.0,0.0,0,0.8862475532670073,0.9888515276705804,False,False,False,False,-0.22707103648388025,-0.2567954150203823,False,False,False,False,-973660670,-817383601.0814573,False,False,False,False,101022208.77272688,False,False,False,False
2022-05-18 00:00:00+00:00,138.6107558294,145.0482519536,137.7051891815,144.5461546198,109742890,,,,159.27414917974681,"rgba(255, 26, 202, 1.0)",8.666592194064178,159.27414917974681,-2.3842581821836895,39.75919517049214,-8.002897843527684,False,True,False,True,True,0.0,160.021033668618,,0.0,0.0,0.0,0.0,0,0.8657979978960865,0.9825913762798922,False,False,False,False,-0.3193601025421308,-0.2880777587812565,False,False,False,False,-1083403560,-827815756.3331648,False,False,False,False,101364196.27183563,False,False,False,False
2022-05-19 00:00:00+00:00,135.1951946682,139.4375775515,134.4569609878,137.68550295,136095640,,,,158.69245230430397,"rgba(255, 26, 202, 1.0)",9.118227519820518,158.69245230430397,-2.576954521591767,38.87827647473003,-8.906227829505276,False,True,False,True,False,0.0,159.52175035604,,0.0,0.0,0.0,0.0,0,0.8457035115974489,1.0150884079606721,False,False,False,False,-0.34282825441539394,-0.3154530065983252,False,False,False,False,-1219499200,-843175891.378923,False,False,False,False,102726213.67294012,False,False,False,False
2022-05-20 00:00:00+00:00,135.4314294459,138.4926384406,130.5295578081,136.9078968067,137426125,,,,153.10383696481958,"rgba(255, 0, 0, 1.0)",9.495944167356045,154.2177073153862,-1.9783475490586078,38.200618997852715,-9.603863684108454,False,True,False,True,False,0.0,159.11427439825198,,0.0,0.0,0.0,0.0,0,0.8542677763608213,1.0170009374608353,False,False,False,False,-0.34282825441539394,-0.3291406305068596,False,False,False,False,-1082073075,-852544408.3836712,False,False,False,False,104086994.5092954,False,False,False,False
2022-05-23 00:00:00+00:00,140.8648293336,141.0124760696,135.4904881403,135.6282917607,117726265,,,,153.16658142098467,"rgba(239, 83, 80, 1.0)",9.710495291643909,154.22058768895988,-1.3753941435770842,38.603918215607784,-9.603863684108454,False,True,False,True,False,0.0,158.889968306954,,0.0,0.0,0.0,0.0,0,0.880230917051691,1.0022486409548712,False,False,False,False,-0.27598499032645113,-0.30256281041665534,False,False,False,False,-964346810,-856928816.2901939,False,False,False,False,104621867.86187206,False,False,False,False
2022-05-24 00:00:00+00:00,138.1579725055,139.7427141394,135.1755084367,138.5959911558,104132746,,,,152.91254496158726,"rgba(255, 0, 0, 1.0)",9.984284903393634,153.96336803699327,-1.583027295837788,38.6328392430475,-9.603863684108454,False,True,False,True,True,0.0,158.69231734308002,,0.0,0.0,0.0,0.0,0,0.8916945472935137,0.9850043581285293,False,False,False,False,-0.28992763899562146,-0.2962452247061384,False,False,False,False,-1068479556,-865224923.7297943,False,False,False,False,104602686.61238688,False,False,False,False
2022-05-25 00:00:00+00:00,138.3154623573,139.5606164982,136.1696631263,136.2582511679,92482696,,,,152.6950417821969,"rgba(255, 0, 0, 1.0)",10.238139476181853,153.74322448581458,-1.5068911851031082,38.684443308993735,-9.603863684108454,False,True,False,True,True,0.0,158.4099472176,,0.0,0.0,0.0,0.0,0,0.893836207748618,0.9913508158578257,False,False,False,False,-0.2827697303214037,-0.28950747751377104,False,False,False,False,-975996860,-869568921.2305866,False,False,False,False,104127392.86288153,False,False,False,False
2022-05-26 00:00:00+00:00,141.524318088,142.0755325694,134.9884892377,135.2345671311,90601548,,,,152.54844768029233,"rgba(239, 83, 80, 1.0)",10.34480927577848,153.58647609217357,-1.1660106709184208,39.295395018671904,-9.603863684108454,False,True,False,True,True,0.0,158.103295523538,,0.0,0.0,0.0,0.0,0,0.8738366529483212,0.9987392200121723,False,False,False,False,-0.2710740087922351,-0.28029074315300306,False,False,False,False,-885395312,-870189564.0058577,False,False,False,False,103596967.57414109,False,False,False,False
2022-05-27 00:00:00+00:00,147.2923839108,147.3317563737,142.9810992173,143.1090597219,90978503,,,,152.65201972433871,"rgba(239, 83, 80, 0.5)",10.30089507391144,153.64998659366188,-0.6171893449301763,40.728446361415536,-11.28507909810073,False,True,False,True,True,0.0,157.891757936224,,0.0,0.0,0.0,0.0,0,0.8885787562674926,0.9832829377127593,False,False,False,False,-0.15822472592295517,-0.21925773453797912,False,False,False,False,-794416809,-867218083.4173927,False,False,False,False,103102125.82613556,False,False,False,False
2022-05-31 00:00:00+00:00,146.5049346517,148.2963817161,144.536311504,146.7313263137,103718416,,,,152.7288906504432,"rgba(239, 83, 80, 0.5)",10.325312458866216,153.68978485598242,-0.6958482111708757,41.792856512200466,-10.220752572613364,False,True,False,False,True,0.0,157.598422213608,,0.0,0.0,0.0,0.0,0,0.8860586263061745,0.9929516940578755,False,False,False,False,-0.13728847811264594,-0.1782731063253125,False,False,False,False,-898135225,-868430520.3422009,False,False,False,False,103126294.06824788,False,False,False,False
2022-06-01 00:00:00+00:00,146.3769741471,149.3594382159,145.363133226,147.54830492,74286635,,,,150.70622963847728,"rgba(239, 83, 80, 0.5)",10.383873932757181,152.754436675381,-0.6141698723982508,42.6454708245929,-9.373648335235586,False,False,False,False,True,0.0,157.27500680168401,,0.0,0.0,0.0,0.0,0,0.8770117405400047,0.9960323196913712,False,False,False,False,-0.1216653919822735,-0.149969249153793,False,False,False,False,-972421860,-872508612.0934871,False,False,False,False,101995327.04596364,False,False,False,False
2022-06-02 00:00:00+00:00,148.8377530817,148.8968117762,144.5559977355,145.5107799621,72348055,,,,150.79618688277787,#000000,10.40002375264449,152.79225358201262,-0.38023956429013867,43.7511982056423,-8.285364744781262,True,False,False,False,True,0.0,156.93318521952,,0.0,0.0,0.0,0.0,0,0.8664190222700966,1.0097807176915146,False,False,False,False,-0.13215517419305423,-0.14106221167342362,False,False,False,False,-900073805,-873589600.0506053,False,False,False,False,100832688.92651409,False,False,False,False
2022-06-03 00:00:00+00:00,143.0992166062,145.6485835825,142.1936499583,144.5953701984,88570289,,,,150.4625197634345,"rgba(239, 83, 80, 0.5)",10.447825040766178,152.5105463296129,-0.9007931973105416,43.82677644409291,-8.20581769436194,True,False,False,False,True,0.0,156.44926900348,,0.0,0.0,0.0,0.0,0,0.8349784635420563,1.0223648342156055,False,False,False,False,-0.178886397116254,-0.1599743043948388,False,False,False,False,-988644094,-878101540.9897972,False,False,False,False,100351810.49802335,False,False,False,False
2022-06-06 00:00:00+00:00,143.8472934023,146.238087784,142.6267470507,144.723330703,71598380,,,,150.34368655969052,"rgba(239, 83, 80, 0.5)",10.473549827862392,152.39273793703128,-0.8159071828730072,44.0176764697194,-7.997103990425046,True,False,False,False,True,0.0,155.90443643066598,,0.0,0.0,0.0,0.0,0,0.8266333769611703,1.0258623934775215,False,False,False,False,-0.17031708304081697,-0.1651456937178279,False,False,False,False,-917045714,-879628763.4607856,False,False,False,False,99224224.98829694,False,False,False,False
2022-06-07 00:00:00+00:00,146.3769741471,146.6624245035,141.8392977917,142.0804541273,67808150,,,,150.29554642853338,"rgba(239, 83, 80, 0.5)",10.499068275870421,152.32936201652342,-0.5669443909707266,44.60895011255967,-7.388991672837108,True,False,False,False,True,0.0,155.397420107398,,0.0,0.0,0.0,0.0,0,0.815428091132005,1.0283367364567888,False,False,False,False,-0.17335703697573213,-0.16925136534678,False,False,False,False,-849237564,-878436951.7172254,False,False,False,False,97992222.04757942,False,False,False,False
2022-06-08 00:00:00+00:00,145.6387404667,147.5184802793,145.1465846798,146.2490136425,53950201,,,,150.30517867396605,"rgba(239, 83, 80, 0.5)",10.544917232160794,152.3156020216423,-0.6331829267069661,44.979307282475645,-6.996126473619029,True,False,False,False,True,0.0,154.85834052358598,,0.0,0.0,0.0,0.0,0,0.830315213986966,1.0268615917669444,False,False,False,False,-0.138677324092269,-0.1539643447195245,False,False,False,False,-903187765,-879407571.8459617,False,False,False,False,96265083.9672822,False,False,False,False
2022-06-09 00:00:00+00:00,140.4022028938,145.628897351,140.2939286207,144.7725462817,69472976,,,,150.12294515077642,"rgba(239, 83, 80, 1.0)",10.698389528803867,152.1499055214123,-1.0980814071111658,44.519717394334606,-6.996126473619029,True,False,False,False,False,0.0,154.148481038196,,0.0,0.0,0.0,0.0,0,0.7990187612055183,1.0446328285392792,False,False,False,False,-0.19504237852458559,-0.17450336162205504,False,False,False,False,-972660741,-883064558.8716103,False,False,False,False,95214413.06660448,False,False,False,False
2022-06-10 00:00:00+00:00,134.9786461219,138.551697135,134.9097443118,138.0792275796,91566637,,,,149.59639797394448,"rgba(255, 0, 0, 1.0)",10.983307773491456,151.70967414363776,-1.5233141387623315,43.45284430331531,-6.996126473619029,True,False,False,True,False,0.0,153.353542824702,,0.0,0.0,0.0,0.0,0,0.7852820759334079,1.0665304510483307,False,False,False,False,-0.30115732042795457,-0.2378303410250048,False,False,False,False,-1064227378,-890168983.151155,False,False,False,False,95071363.02477686,False,False,False,False
2022-06-13 00:00:00+00:00,129.8110103592,133.0789247844,129.3779132667,130.7854788173,122207099,,,,148.68612495660506,"rgba(255, 0, 0, 1.0)",11.389254555767453,150.95437563083374,-1.856431004163206,41.99956827238529,-6.0379021803506845,True,False,False,True,False,0.0,152.517369549042,,0.0,0.0,0.0,0.0,0,0.7811918801039544,1.073716718397685,False,False,False,False,-0.34282825441539394,-0.2903292977201994,False,False,False,False,-1186434477,-901787237.811894,False,False,False,False,96135509.53360914,False,False,False,False
2022-06-14 00:00:00+00:00,130.6772045442,131.7894766227,129.4172857297,131.0413998265,84784326,,,,148.15306258743823,"rgba(255, 0, 0, 1.0)",11.72894690424424,150.50207007705967,-1.6902511107528189,40.97952005652115,-7.032069762150002,False,True,False,True,False,0.0,151.704417402628,,0.0,0.0,0.0,0.0,0,0.7901464148729552,1.0669609110179283,False,False,False,False,-0.34282825441539394,-0.31657877606779666,False,False,False,False,-1101650151,-909624999.1133884,False,False,False,False,95690365.08131073,False,False,False,False
2022-06-15 00:00:00+00:00,133.3053164464,135.1853515524,130.0866175999,132.1832012522,91532972,,,,147.7368168196347,"rgba(239, 83, 80, 1.0)",11.974174537222583,150.13562049638568,-1.4055502529771435,40.654856114032576,-7.345914574584704,False,True,False,True,False,0.0,150.86284208056998,,0.0,0.0,0.0,0.0,0,0.7846194615109929,1.0677744394115565,False,False,False,False,-0.3079902045659799,-0.3122844903168883,False,False,False,False,-1010117179,-913565868.9128634,False,False,False,False,95527330.05851424,False,False,False,False
2022-06-16 00:00:00+00:00,128.0195632948,130.3130092619,127.0155654895,130.007872674,107961508,,,,141.9944373896386,"rgba(255, 0, 0, 1.0)",12.355406261604385,146.94630203238734,-1.5318588751228677,39.779297385885485,-8.20643533865757,False,True,False,True,False,0.0,149.981993995302,,0.0,0.0,0.0,0.0,0,0.7642546947126237,1.0740844059200927,True,False,False,False,-0.34282825441539394,-0.3275563723661411,False,False,False,False,-1118078687,-921585979.4260845,False,False,False,False,96014944.87974897,True,False,False,False
2022-06-17 00:00:00+00:00,129.4960306556,130.9911999363,127.7734854014,128.0244848527,134520290,,,,141.54743311239275,"rgba(239, 83, 80, 1.0)",12.642560433254243,146.5162747131828,-1.346265588164701,39.35007630557763,-8.630741708410639,False,True,False,True,False,0.0,149.1941689343,,0.0,0.0,0.0,0.0,0,0.7811380509271201,1.0598809870605,False,False,False,False,-0.32959034487482863,-0.32857335862048487,False,False,False,False,-983558397,-924016270.3113362,False,False,False,False,97524958.41387646,False,False,False,False
2022-06-21 00:00:00+00:00,133.7384135389,134.9097443118,131.2284190256,131.326850183,81000488,,,,141.5701240290807,"rgba(239, 83, 80, 0.5)",12.811859550128393,146.455556080068,-0.9926070834144092,39.789347427820466,-8.630741708410639,False,True,False,True,False,0.0,148.485097710566,,0.0,0.0,0.0,0.0,0,0.7902838401827641,1.0389357667923156,False,False,False,False,-0.2610497325206105,-0.2948115455705477,False,False,False,False,-902557909,-923174765.9461857,False,False,False,False,96876939.96627347,False,False,False,False
2022-06-22 00:00:00+00:00,133.2265715205,135.5987624135,131.8091628541,132.6753570391,73409234,,,,141.54089372460962,"rgba(239, 83, 80, 1.0)",13.00398938274921,146.37140348519543,-1.0108307210811067,40.08215700969595,-8.630741708410639,False,True,False,True,True,0.0,147.806087491032,,0.0,0.0,0.0,0.0,0,0.7969004003214025,1.0317147501950235,False,False,False,False,-0.24577280446055288,-0.27029217501555025,False,False,False,False,-975967143,-925245055.2424138,False,False,False,False,95956637.77151765,False,False,False,False
2022-06-23 00:00:00+00:00,136.1007613161,136.4157410198,133.5021787612,134.673509534,72433768,,,,141.57645742556707,"rgba(239, 83, 80, 0.5)",13.150103000512356,146.3352230761467,-0.7782799693392461,40.84818705657316,-8.630741708410639,False,True,False,True,True,0.0,147.26987455298,,0.0,0.0,0.0,0.0,0,0.8176288263013898,1.0214821398376983,False,False,False,False,-0.22235671983639882,-0.24632444742597454,False,False,False,False,-903533375,-924393616.8015349,False,False,False,False,95034172.29028167,False,False,False,False
2022-06-24 00:00:00+00:00,139.4375775515,139.6836554449,137.5772286769,137.7051891815,89116837,,,,141.78233578506791,"rgba(239, 83, 80, 0.5)",13.242801081936959,146.4066827776612,-0.5262561283705285,42.053198580296545,-9.950398415412252,False,False,False,True,True,0.0,146.76285214299,,0.0,0.0,0.0,0.0,0,0.8262013620395204,1.01879441246468,False,False,False,False,-0.1551144177230781,-0.20071943257452632,False,False,False,False,-814416538,-920080790.1818669,False,False,False,False,94802119.9259569,False,False,False,False
2022-06-27 00:00:00+00:00,139.4375775515,141.2388677316,138.7534810077,140.4563400304,70207908,,,,141.93402963468125,"rgba(239, 83, 80, 0.5)",13.305373951250944,146.4598844872848,-0.5277797498599861,43.03911709970659,-8.981740068131955,True,False,False,False,True,0.0,146.201968223678,,0.0,0.0,0.0,0.0,0,0.8290588317176114,1.0173749205903466,False,False,False,False,-0.129486735542512,-0.16510308405851915,False,False,False,False,-814416538,-915937094.0178722,False,False,False,False,93837641.02689977,False,False,False,False
2022-06-28 00:00:00+00:00,135.2837827098,141.1719345446,135.1705868788,139.9002039912,67315328,,,,141.94857666565582,"rgba(239, 83, 80, 0.5)",13.44934954955698,146.42244099003204,-0.8281930839249365,43.21237456320672,-8.807452496283531,True,False,False,False,True,0.0,145.658458156672,,0.0,0.0,0.0,0.0,0,0.8218136031473252,1.0184982775105114,False,False,False,False,-0.16259255160398006,-0.1638478178312496,False,False,False,False,-881731866,-914595712.5269753,False,False,False,False,92797550.31996253,False,False,False,False
2022-06-29 00:00:00+00:00,137.045700427,138.4631090934,134.525862798,135.3034689413,66242411,,,,141.9328826678174,"rgba(239, 83, 80, 0.5)",13.565014371857139,146.3660664269705,-0.6870885459072653,43.67805292007062,-8.334711831768537,True,False,False,False,True,0.0,145.154511090744,,0.0,0.0,0.0,0.0,0,0.825497360753852,1.0112901738416862,False,False,False,False,-0.19332396807764654,-0.17858589295444807,False,False,False,False,-815489455,-910709192.6239567,False,False,False,False,91756172.30741498,False,False,False,False
2022-06-30 00:00:00+00:00,134.5750783767,136.1991924735,131.6750011866,135.0967635108,98964467,,,,141.77606660696728,"rgba(239, 83, 80, 0.5)",13.708524127869934,146.18956501121662,-0.8472455915880794,43.68484233883341,-8.302277978852842,True,False,False,False,True,0.0,144.55534964339998,,0.0,0.0,0.0,0.0,0,0.8113003881047718,1.0210974494138274,False,False,False,False,-0.24092072374207069,-0.2097533083482594,False,False,False,False,-914453922,-910856044.7563505,False,False,False,False,92038850.53065361,False,False,False,False
2022-07-01 00:00:00+00:00,136.7504069549,136.858681228,133.5317081084,133.9057465064,71051552,,,,141.7199683236066,"rgba(239, 83, 80, 0.5)",13.82055854909669,146.10366741692582,-0.6767642876949531,44.10090477339195,-7.8580542224903525,True,False,False,False,True,0.0,144.003036540096,,0.0,0.0,0.0,0.0,0,0.8106096530155186,1.0224888275000097,False,False,False,False,-0.21738460244102106,-0.21356895539464021,False,False,False,False,-843402370,-908210802.6090426,False,False,False,False,91215819.21572602,False,False,False,False
2022-07-05 00:00:00+00:00,139.3391463941,139.3883619728,134.7817838072,135.6086055292,73429641,,,,141.72955519857368,#000000,13.881213854050463,146.06417269129918,-0.48446961252144766,44.91255178996256,-7.028356355796831,True,False,False,False,True,0.0,143.51842078855,,0.0,0.0,0.0,0.0,0,0.8153784311857952,1.022849613428502,False,False,False,False,-0.1640565708025999,-0.18881276309862005,False,False,False,False,-769972729,-902789701.683198,False,False,False,False,90518322.03079559,False,False,False,False
2022-07-06 00:00:00+00:00,140.6778101345,141.8589840231,138.8666768386,139.1373625215,74064254,,,,141.8141985938807,#000000,13.917017020606561,146.07965153368932,-0.38814649656538885,45.81525568382432,-6.118703308693782,True,False,True,False,True,0.0,143.151592468078,,0.0,0.0,0.0,0.0,0,0.845255403858453,0.999939571487122,False,False,False,False,-0.08443584364403622,-0.13662430337132814,False,False,False,False,-695908475,-894676712.4015039,False,False,False,False,89873064.46096046,False,False,False,False
2022-07-07 00:00:00+00:00,144.0539988328,144.2508611476,141.0321623011,141.0420054169,66253709,,,,141.94993352470982,#000000,13.893294490217963,146.13841132430923,-0.1500301093435273,47.13351529299279,-4.815023083749736,True,False,True,False,True,0.0,142.83086126275398,,0.0,0.0,0.0,0.0,0,0.863047225110286,0.9716694827609125,False,False,False,False,-0.03638101689043079,-0.08650266013087946,False,False,False,False,-629654766,-884283694.8955626,False,False,False,False,88946815.22719732,False,False,False,False
2022-07-08 00:00:00+00:00,144.7331738188,145.2351727214,142.7251782081,142.9860207752,64547798,,,,142.09710300622675,#000000,13.846665791759056,146.2081635990056,-0.10652310111243103,48.32581675433488,-3.650814583702264,True,False,True,False,True,0.0,142.64323106689,,0.0,0.0,0.0,0.0,0,0.8764655018544403,0.9663397300065282,False,False,False,False,-0.008242369800031664,-0.04737251496545556,False,False,False,False,-565106968,-871766960.5075014,False,False,False,False,87989991.0222092,False,False,False,False
2022-07-11 00:00:00+00:00,142.5972177035,144.3394491892,141.524318088,143.3846669626,63305113,,,,142.19510738441699,#000000,13.764829827655051,146.24442965418598,-0.26496600367396644,48.88775465268235,-3.10872380757349,True,False,True,False,True,0.0,142.417402970306,,0.0,0.0,0.0,0.0,0,0.8748374331095424,0.9583584915523379,False,False,False,False,-0.030274055597145383,-0.03882328528130047,False,False,False,False,-628412081,-862223631.899364,False,False,False,False,87021956.5899657,False,False,False,False
2022-07-12 00:00:00+00:00,143.5716861616,146.1210531379,142.7743937868,143.4732550043,77588759,,,,142.34068125299638,#000000,13.646298781043033,146.30923031999407,-0.2006070805218599,49.524138969389796,-2.4875424047618537,True,False,True,False,True,0.0,142.07208582284002,,0.0,0.0,0.0,0.0,0,0.8723212402262015,0.9775420860529308,False,False,False,False,0.0015801165569569382,-0.018621584362171765,False,False,False,False,-550823322,-850011855.0405654,False,False,False,False,86652027.27271216,False,False,False,False
2022-07-13 00:00:00+00:00,143.2074908793,144.1524299902,139.8904593066,140.7467119447,71185560,,,,142.41855921315135,#000000,13.448102016823903,146.32950431460296,-0.2321527180116009,49.97027358942779,-2.046989369839082,True,False,True,False,True,0.0,141.837233105804,,0.0,0.0,0.0,0.0,0,0.8649881431858987,0.9918016146344626,False,False,False,False,-0.0494316323891046,-0.03402660837563818,False,False,False,False,-622008882,-841070561.980151,False,False,False,False,86045499.1443705,False,False,False,False
2022-07-14 00:00:00+00:00,146.1407393694,146.6132089248,141.0026329539,141.8196115602,78140744,,,,142.55241009910034,#000000,13.207637521077375,146.38889734285902,-0.01878897517160109,50.879972881194064,-1.148929511176469,True,False,True,False,True,0.0,141.65495153817199,,0.0,0.0,0.0,0.0,0,0.8856639259178792,0.9502820761531628,False,False,False,False,-0.011861480916297719,-0.02294404464596795,False,False,False,False,-543868138,-829415564.9613216,False,False,False,False,85735508.74655205,False,False,False,False
2022-07-15 00:00:00+00:00,147.8140690449,148.4932440309,145.8749752445,147.4301875311,76259931,,,,142.7414046582159,#000000,12.929023525501458,146.49178136186958,0.10227281901238082,51.92066388160254,-0.12859815767049554,True,False,True,False,True,0.0,141.476257186616,,0.0,0.0,0.0,0.0,0,0.8924929479804913,0.9522046714751418,False,False,False,False,0.05913524424607039,0.01809559980005122,False,False,False,False,-467608207,-815227041.1197011,False,False,False,False,85363917.46237354,False,False,False,False
2022-07-18 00:00:00+00:00,144.762703166,149.1921052483,144.3985078837,148.375126642,81420868,,,,142.89483222917892,#000000,12.553527698417259,146.56777192855571,-0.14378976220232517,52.101665596542915,0.05097481222336597,True,False,True,False,True,0.0,141.10797556457,,0.0,0.0,0.0,0.0,0,0.873568432970391,0.9721488278328919,False,False,False,False,0.09585942837073866,0.05697751408539494,False,False,False,False,-549029075,-804787905.1934384,False,False,False,False,85209288.07169223,False,False,False,False
2022-07-19 00:00:00+00:00,148.6310476512,148.8574393132,144.6052133142,145.5993680038,82982367,,,,143.0701606327907,#000000,12.179908734436642,146.66123383410752,0.16172648416676186,52.93622308625613,0.8798452016007019,True,False,True,False,True,0.0,140.998892569908,,0.0,0.0,0.0,0.0,0,0.8968081265805347,0.9708752068336755,False,False,False,False,0.13505351200615331,0.09601551304577413,False,False,False,False,-466046708,-791503936.6760488,False,False,False,False,85121957.83358665,False,False,False,False
2022-07-20 00:00:00+00:00,150.6390432619,151.3083751321,148.0109313597,148.7491650401,64823413,,,,143.2483175650844,#000000,11.876598723890918,146.76643416960107,0.3260705512015674,53.9504501681414,1.879602698603911,True,False,True,False,True,0.3481036530606616,140.915422948446,,0.0,0.0,0.0,0.0,0,0.9127331189438729,0.9418166407767976,False,False,False,False,0.25931713378913074,0.17766632341745242,False,False,False,False,-401223295,-776198813.4730664,False,False,False,False,84325936.46756366,False,False,False,False
2022-07-21 00:00:00+00:00,152.9128029975,153.1293515437,149.5563005306,152.0761381597,65086636,,,,143.45284875850422,"rgba(38, 166, 154, 0.5)",11.577014711724795,146.8926500646843,0.5200090941163532,55.141544987658385,3.0439527844762893,True,False,True,False,True,1.6856290777026253,140.980190650006,,0.0,0.0,0.0,0.0,0,0.9360428275249647,0.9243573739297299,False,False,False,False,0.31001171923404447,0.24383902132574845,False,False,False,False,-336136659,-758941474.0819658,False,False,False,False,83571454.09628665,False,False,False,False
2022-07-22 00:00:00+00:00,151.6725704144,153.8282127612,151.0032385442,152.9521754604,66675408,,,,143.6570644727894,#000000,11.130826785758416,147.01938015034986,0.41804533963315116,55.820867926034374,3.702208722480684,True,False,True,False,True,0.9284506550323037,140.971922432786,,0.0,0.0,0.0,0.0,0,0.9393790757222165,0.9283268464933531,False,False,False,False,0.3428282512970243,0.29333363631138637,False,False,False,False,-402812067,-744975614.9807123,False,False,False,False,82908864.05329503,False,False,False,False
2022-07-25 00:00:00+00:00,150.5504552202,152.6076664096,149.8909664658,151.5938254885,53623945,,,,143.7965487476375,#000000,10.761972021264985,147.10360208204466,0.3202808120430513,56.109167301635914,3.985981438548727,True,False,True,False,True,0.24255819590663563,141.098898625812,,0.0,0.0,0.0,0.0,0,0.9638018508611111,0.9259467179575464,False,False,False,False,0.30687122254211413,0.30010242942675025,False,False,False,False,-456436012,-733660336.4324491,False,False,False,False,81760435.8551266,False,False,False,False
2022-07-26 00:00:00+00:00,149.2216345955,150.6833372827,148.4341853365,149.8762017921,55138691,,,,143.91048752912374,#000000,10.463680612515626,147.16868895901203,0.1961972763228691,56.02889239443647,3.985981438548727,True,False,True,False,False,0.0,141.276862158364,,0.0,0.0,0.0,0.0,0,0.9890923716628633,0.892746667312263,False,False,False,False,0.2560649394283375,0.2780836844275439,False,False,False,False,-511574703,-724951095.9056865,False,False,False,False,80716445.86080791,False,False,False,False
2022-07-27 00:00:00+00:00,154.3302116638,154.8617399137,149.7728490769,150.1862599379,78620688,,,,144.13857027000293,"rgba(38, 166, 154, 0.5)",10.174683399759722,147.31256398529752,0.6897165644159694,56.845535965983075,4.746365285327322,True,False,True,False,False,2.5010862639012252,141.46742487906,,0.0,0.0,0.0,0.0,0,0.9758252424135865,0.8822954515169129,False,False,False,False,0.3397619004362976,0.3089227924319208,False,False,False,False,-432954015,-713500229.9878165,False,False,False,False,80634259.27803113,False,False,False,False
2022-07-28 00:00:00+00:00,154.8814261452,155.1668765016,151.9875501181,154.5172308628,81378731,,,,144.38298409732755,"rgba(38, 166, 154, 0.5)",9.938442363863,147.46962087061536,0.7457713194106341,57.60208826721759,5.508387838174691,True,False,True,False,True,2.824022496011249,141.699919272804,,0.0,0.0,0.0,0.0,0,0.9811084615462745,0.8782207248232573,False,False,False,False,0.3428282514424085,0.3258755219371646,False,False,False,False,-351575284,-699307094.8510394,False,False,False,False,80663454.2475201,False,False,False,False
2022-07-29 00:00:00+00:00,159.9604738662,161.0629028289,156.9976960289,158.7103981674,101786860,,,,144.80571590648407,"rgba(38, 166, 154, 1.0)",9.878852803431684,147.7581469838354,1.2351967505908996,58.97937437764163,6.869723273382853,True,False,True,False,True,5.725340115097296,141.961155564502,,0.0,0.0,0.0,0.0,0,0.9883061399993516,0.8747513292814475,False,False,False,False,0.34282825197629313,0.3343518869567289,False,False,False,False,-249788424,-681678911.6804104,False,False,False,False,81491823.10055853,False,False,False,False
2022-08-01 00:00:00+00:00,158.9761622924,161.023530366,158.3658891166,158.4840065055,67829379,,,,145.07429552665891,"rgba(38, 166, 154, 1.0)",9.756349452989706,147.9422264380243,1.1309492251729967,59.852515671531116,7.7248467925733735,True,False,True,False,True,5.088694084228411,142.36846369376198,,0.0,0.0,0.0,0.0,0,1.0339968055838387,0.868695814726548,False,False,False,False,0.34282825202851813,0.3385900694926235,False,False,False,False,-317617803,-667402005.4576492,False,False,False,False,80956040.97896801,False,False,False,False
2022-08-02 00:00:00+00:00,157.4996949316,159.8620427088,157.1256565335,157.5882829733,59907025,,,,145.2835788067726,"rgba(38, 166, 154, 0.5)",9.532208138233182,148.0844929642641,0.9877251766641605,60.18665841874858,8.055647548657731,True,False,True,False,True,4.133452001330294,142.81455369903,,0.0,0.0,0.0,0.0,0,1.0438012036538085,0.8463809371227925,False,False,False,False,0.3144261565841677,0.3265081130383956,False,False,False,False,-377524828,-656034273.0083297,False,False,False,False,80130589.37194966,False,False,False,False
2022-08-03 00:00:00+00:00,163.5236817636,163.9764650875,158.2280854963,158.3166735379,82507488,,,,145.63224239847438,"rgba(0, 255, 255, 0.75)",9.557202027239075,148.3286291263943,1.5899059781197595,61.32193824511399,9.17547207611527,True,False,True,False,True,7.485964384095208,143.37639874538402,,0.0,0.0,0.0,0.0,0,1.0644858061293836,0.8178823849758645,False,False,False,False,0.3428282521320906,0.3346681825852431,False,False,False,False,-295017340,-641876746.2236894,False,False,False,False,80223801.0828536,False,False,False,False
2022-08-04 00:00:00+00:00,163.2087020599,164.5670520318,161.850352088,163.4006428168,55474144,,,,145.8740057077332,"rgba(0, 255, 255, 0.75)",9.579440496546345,148.49960452122423,1.5354860802130148,62.168874905706595,10.00594650646471,True,False,True,False,True,7.278288130716145,143.82327619991003,,0.0,0.0,0.0,0.0,0,1.0592278727413018,0.8249256224583871,False,False,False,False,0.3428282522713204,0.33874821742828176,False,False,False,False,-350491484,-630449873.1953095,False,False,False,False,79253226.29529071,False,False,False,False
2022-08-05 00:00:00+00:00,162.982310398,163.4751507681,160.6659606584,160.8729536138,56696985,,,,146.10250535277723,"rgba(0, 255, 255, 0.75)",9.541425373289355,148.660907016453,1.5009710626295856,62.80040311150626,10.626823743585845,True,False,True,False,True,7.126638062307258,144.31976295776,,0.0,0.0,0.0,0.0,0,1.0612891032982683,0.8270683207036672,False,False,False,False,0.31861577100674215,0.328681994217512,False,False,False,False,-407188469,-621694524.0111798,False,False,False,False,78368667.81312245,False,False,False,False
2022-08-08 00:00:00+00:00,162.5091836426,165.4070850189,161.8487775467,163.987704753,60362338,,,,146.34982490111602,"rgba(38, 166, 154, 1.0)",9.49649409736499,148.83675732598743,1.439734093069807,63.183816954218834,11.011843680066633,True,False,True,False,True,6.805102685965366,144.803637383466,,0.0,0.0,0.0,0.0,0,1.0621571536292786,0.8169230792619251,False,False,False,False,0.34282825229702885,0.3357551232572704,False,False,False,False,-467550807,-615649672.3636826,False,False,False,False,77662537.23221569,False,False,False,False
2022-08-09 00:00:00+00:00,162.5584676796,163.4455803459,160.9123808435,161.6713550134,63135503,,,,146.5866646538741,"rgba(38, 166, 154, 1.0)",9.472441025669463,149.004765419384,1.4308563361320155,63.50534425056565,11.346745826216818,True,False,True,False,True,6.833470024742834,145.224320375298,,0.0,0.0,0.0,0.0,0,1.0647835686440927,0.8350487367139906,False,False,False,False,0.31243261396319655,0.3240938686102335,False,False,False,False,-404415304,-607365971.6435382,False,False,False,False,77092849.61526605,False,False,False,False
2022-08-10 00:00:00+00:00,166.8166084775,166.9151765515,164.5101155453,165.2789465227,70170540,,,,146.8979996909308,"rgba(0, 255, 255, 0.75)",9.654226513504288,149.23016068637475,1.8216319833106696,64.40947668904832,12.256173904129227,True,False,True,False,True,9.244949115268863,145.614804866632,,0.0,0.0,0.0,0.0,0,1.0407470246168258,0.8419172307936242,False,False,False,False,0.3428282524162295,0.3334610605132315,False,False,False,False,-334244764,-596655336.049674,False,False,False,False,76821386.49309877,False,False,False,False
2022-08-11 00:00:00+00:00,166.0773479223,168.5415497729,165.7816437002,167.6248666845,57149159,,,,147.15202874247032,"rgba(0, 255, 255, 0.75)",9.792122870916613,149.41510502574474,1.7015965910766346,64.92384017735938,12.780928983578235,True,False,True,False,True,8.720269282697526,146.006253132044,,0.0,0.0,0.0,0.0,0,1.0395233128229102,0.8377873725824218,False,False,False,False,0.34282825249147336,0.3381446565023524,False,False,False,False,-391393923,-588605868.8712555,False,False,False,False,76049926.59140863,False,False,False,False
2022-08-12 00:00:00+00:00,169.6356553945,169.7046530464,166.9743173959,167.3883033068,68039382,,,,147.47309302548837,"rgba(0, 255, 255, 0.75)",10.112890393222356,149.65102703765717,1.9761539559685612,65.84638502523269,13.705643786774893,True,False,True,False,True,10.687545961059854,146.47142675699197,,0.0,0.0,0.0,0.0,0,1.0369165371553288,0.8324536807353352,False,False,False,False,0.3428282525485912,0.34048645452547177,False,False,False,False,-323354541,-578203856.0135592,False,False,False,False,75735787.58782397,False,False,False,False
2022-08-15 00:00:00+00:00,170.7100474014,170.9071835494,168.8914664357,169.0639605652,54091694,,,,147.73631630324917,"rgba(0, 255, 255, 0.75)",10.453956974378986,149.84575887292354,1.9958268988108114,66.74379797850581,14.599299427646315,True,False,True,False,True,11.270345889759227,146.908872643386,,0.0,0.0,0.0,0.0,0,1.0512666764174943,0.8219610666431918,False,False,False,False,0.34282825261920874,0.3416573535723403,False,False,False,False,-269262847,-566088522.326753,False,False,False,False,74886999.60398774,False,False,False,False
2022-08-16 00:00:00+00:00,170.552338483,171.2226013863,169.2037300942,170.3059182979,56377050,,,,148.00513152487642,"rgba(0, 255, 255, 0.75)",10.685572933704254,150.04524489381154,1.919138423032548,67.42612663577033,15.279559787656112,True,False,True,False,True,11.153405572820223,147.457935080922,,0.0,0.0,0.0,0.0,0,1.083175158866974,0.8156956482332693,False,False,False,False,0.3428282526327762,0.3422428031025583,False,False,False,False,-325639897,-556659164.470802,False,False,False,False,74161119.22736077,False,False,False,False
2022-08-17 00:00:00+00:00,172.0505732081,173.6276623925,170.0989253425,170.2960614905,79542037,,,,152.4263368824454,"rgba(0, 255, 255, 0.75)",11.031916475433079,152.7372098865197,1.7506807058038483,68.19296485100111,16.043183204134777,True,False,True,False,True,11.981478275322182,148.022000677038,,0.0,0.0,0.0,0.0,0,1.0856289845734879,0.8061162941181419,False,False,False,False,0.3428282527008692,0.3425355279017137,False,False,False,False,-246097860,-544480289.7856724,False,False,False,False,74372135.61060153,False,True,False,False
2022-08-18 00:00:00+00:00,171.656300912,172.3955614672,170.6410497496,171.2620286159,62290075,,,,152.66154922124412,"rgba(0, 255, 255, 0.75)",11.348946665371717,152.91466163515508,1.6513990090401989,68.6811941121636,16.535659416941854,True,False,True,False,True,11.679595776352116,148.52758721233602,,0.0,0.0,0.0,0.0,0,1.0940966609512737,0.8117610172829356,False,False,False,False,0.33692479834170935,0.33973016312171156,False,False,False,False,-308387935,-535221766.0685873,False,False,False,False,73898329.31214657,False,False,False,False
2022-08-19 00:00:00+00:00,169.0639605652,171.2521718085,168.8570661778,170.552338483,70346295,,,,152.79555438231108,"rgba(38, 166, 154, 1.0)",11.570640315870083,153.03608651357862,1.3852192803571843,68.1909769202348,16.535659416941854,True,False,True,False,False,9.707168505836623,148.996091614306,,0.0,0.0,0.0,0.0,0,1.06472630183065,0.8206521085833672,False,False,False,False,0.31212255343000195,0.32592635827585675,False,False,False,False,-378734230,-529084999.9482506,False,False,False,False,73759033.84892514,False,False,False,False
2022-08-22 00:00:00+00:00,165.1705216413,167.4277305364,164.7417505193,167.2601648106,69026809,,,,152.7441013238667,"rgba(38, 166, 154, 1.0)",11.608852733782346,153.04212841102367,1.0447538192109294,66.60635605133315,16.535659416941854,True,False,True,False,False,6.8526546111854145,149.49145798925602,,0.0,0.0,0.0,0.0,0,1.0755866699765833,0.8213193138110558,False,False,False,False,0.24659421594194741,0.28626028710890206,False,False,False,False,-447761039,-525895825.0091035,False,False,False,False,73573456.40386926,False,False,False,False
2022-08-23 00:00:00+00:00,164.8353901896,166.2941976851,164.2636953603,164.6875380786,54147079,,,,152.7472953347907,"rgba(38, 166, 154, 1.0)",11.753605724102293,153.06936276165257,1.0010568419714518,65.21378383641996,17.401831318819262,True,False,True,False,False,6.611099089784027,150.08859287061,,0.0,0.0,0.0,0.0,0,1.0947932576320751,0.7957108196914344,False,False,False,False,0.23355972963867064,0.25991000837378636,False,False,False,False,-501908118,-524955130.6165896,False,False,False,False,72811637.68214889,False,False,False,False
2022-08-24 00:00:00+00:00,165.1310944117,165.702789241,163.8644946605,164.9241014562,53841524,,,,152.77971137327376,"rgba(38, 166, 154, 1.0)",11.89523998434713,153.1119459691604,1.0104166421489202,64.13565722819123,16.362331296378812,True,False,True,False,False,6.792330584558776,150.79499455165998,,0.0,0.0,0.0,0.0,0,1.115474525686583,0.7749024823073464,False,False,False,False,0.22558648367789538,0.24274824602584089,False,False,False,False,-448066594,-521939893.8865273,False,False,False,False,72067711.65539795,False,False,False,False
2022-08-25 00:00:00+00:00,167.5952962623,167.7037211437,165.9393526187,166.363195337,51218209,,,,152.9023253431868,"rgba(38, 166, 154, 1.0)",12.10682672703417,153.20761839791965,1.1883938036589812,63.75193692475487,15.999143395852158,False,False,True,False,False,8.295459141309635,151.533356386022,,0.0,0.0,0.0,0.0,0,1.122147945441427,0.7550587587594533,False,False,False,False,0.2585848125055367,0.2506665292656888,False,False,False,False,-396848385,-517034344.5184282,False,False,False,False,71250084.10028431,False,False,False,False
2022-08-26 00:00:00+00:00,161.2770827173,168.6006906173,161.2179418729,168.127563862,78960980,,,,152.95092626158788,"rgba(38, 166, 154, 0.5)",12.192200726109286,153.26615847976393,0.6570531782979002,61.69988843790029,14.002815545249106,False,True,False,False,False,3.7546715689752297,152.09279171144001,,0.0,0.0,0.0,0.0,0,1.0911172408767496,0.771797280881249,False,False,False,False,0.22760683922471153,0.23913668424520015,False,False,False,False,-475809365,-515417678.65496045,False,False,False,False,71552472.17478296,False,False,False,False
2022-08-29 00:00:00+00:00,159.0691578592,160.5673925844,157.5314959044,158.8375228853,72724452,,,,152.85517260833038,#000000,12.243911406018425,153.22849476593464,0.4770259192168295,59.50779718199568,11.898591471311882,False,True,False,False,False,2.252951947640515,152.71378360272803,,0.0,0.0,0.0,0.0,0,1.1088790758977172,0.7987884784891165,False,False,False,False,0.13167498829271995,0.18540583626896007,False,False,False,False,-548533817,-516716350.7469228,False,False,False,False,71598432.16792873,False,False,False,False
2022-08-30 00:00:00+00:00,156.6345264308,160.2322611327,155.46156635,159.8084184144,77906197,,,,152.74204554205554,#000000,12.239957589642437,153.17721060619084,0.28246142188717877,57.1824296917473,9.690249480271383,False,True,False,True,False,0.6302786473256745,153.25655351823198,,0.0,0.0,0.0,0.0,0,1.0923872344677117,0.8060842211107037,False,False,False,False,0.09179846145462317,0.13860214886179162,False,False,False,False,-626440014,-521019239.50194544,False,False,False,False,71845795.49467662,False,False,False,False
2022-08-31 00:00:00+00:00,154.9687259798,158.280613267,154.8898715206,158.0095510635,87991091,,,,152.61149053971832,#000000,12.25129242077425,153.11284133245738,0.15148480532516317,54.93313794074709,7.5781489382743175,False,True,False,True,False,0.0,153.68115976705,,0.0,0.0,0.0,0.0,0,1.0806601874182482,0.8435682433575538,False,False,False,False,0.06584734310140272,0.10222474598159717,False,False,False,False,-714431105,-528604018.5410848,False,False,False,False,72478944.33802263,False,False,False,False
2022-09-01 00:00:00+00:00,155.6981297276,156.1515428681,152.4552400922,154.3970311505,74229896,,,,152.49777682541156,#000000,12.257488205906233,153.0528408000411,0.21581003245707844,53.27860975360807,6.057931366066747,False,True,False,True,False,0.021383963338877265,154.130590931192,,0.0,0.0,0.0,0.0,0,1.0639132624052745,0.8591773673838354,False,False,False,False,0.024423581092039244,0.0633241635368182,False,False,False,False,-640201209,-532980378.9512384,False,False,False,False,72547609.10908057,False,False,False,False
2022-09-02 00:00:00+00:00,153.5789161361,158.0657348657,152.7460159106,157.4624982526,76957768,,,,152.408497062789,#000000,12.265479979512104,153.0065682213275,0.04666331164605966,51.477109184235815,4.391474195745538,False,True,False,True,False,0.0,154.48015402759202,,0.0,0.0,0.0,0.0,0,1.0569647288826087,0.8563074093244984,False,False,False,False,0.043632059890143106,0.05347811171348066,False,False,False,False,-717158977,-540203069.0707977,False,False,False,False,72720556.51656762,False,False,False,False
2022-09-06 00:00:00+00:00,152.3172447886,154.8405874836,151.4892729668,154.2294654247,73295539,,,,152.29417662766758,#000000,12.207578224608266,152.94090978476635,-0.05108834731111195,49.745568546979285,2.7921212807229594,False,True,False,True,False,0.0,154.737747372334,,0.0,0.0,0.0,0.0,0,1.035796540074516,0.8872336943291823,False,False,False,False,0.004607006100716567,0.029042558907098615,False,False,False,False,-790454516,-550016851.3033154,False,False,False,False,72743104.84925124,False,False,False,False
2022-09-07 00:00:00+00:00,153.7267682471,154.4266015727,151.4104185076,152.608020607,87449574,,,,152.19192514723855,#000000,12.103680725853607,152.88256907330793,0.06974731017060437,48.72032078938546,1.874237483529015,False,True,False,True,False,0.0,155.023531186246,,0.0,0.0,0.0,0.0,0,1.0287973290085428,0.8983801467349432,False,False,False,False,0.0003187154164966015,0.014680637161797608,False,False,False,False,-703004942,-556016384.2718129,False,False,False,False,73319829.12967277,False,False,False,False
2022-09-08 00:00:00+00:00,152.2482471368,154.1210405432,150.4937354192,152.42566967,84923847,,,,152.08818823612302,#000000,11.992393804169636,152.82063423369766,-0.04772917786427743,47.565121623449066,0.8091199335531769,False,True,False,True,False,0.0,155.362820474786,,0.0,0.0,0.0,0.0,0,1.0440180199703843,0.898365552581542,False,False,False,False,-0.010316530669725668,0.00218205324603597,False,False,False,False,-787928789,-565110988.3788006,False,False,False,False,73774888.65399933,False,False,False,False
2022-09-09 00:00:00+00:00,155.1165780909,155.560134424,152.5340945515,153.2437846844,68081006,,,,152.0614878494062,#000000,11.960936924233918,152.80769560240756,0.19303525326803025,47.403198006499785,0.692580150939385,False,True,False,True,False,0.0,155.724238028064,,0.0,0.0,0.0,0.0,0,1.0575725930152025,0.8732459506910575,False,False,False,False,0.019961588420727164,0.011071820833381566,False,False,False,False,-719847783,-571179097.9717888,False,False,False,False,73551599.1381562,False,False,False,False
2022-09-12 00:00:00+00:00,161.0898033767,161.9079183911,157.0189419195,157.3047893342,104955962,,,,152.201746400399,"rgba(38, 166, 154, 0.5)",11.946136238696795,152.90994893250982,0.6847280393214829,48.63891833519834,0.692580150939385,False,True,False,True,True,3.668414786905597,156.254532528064,,0.0,0.0,0.0,0.0,0,1.091919054600444,0.8368391305291399,False,False,False,False,0.1072201646546056,0.05914599274399358,False,False,False,False,-614891821,-572893322.4042675,False,False,False,False,74783142.77979714,False,False,False,False
2022-09-13 00:00:00+00:00,151.6371250778,158.2411860374,151.1738551299,157.6103503637,122656614,,,,152.1483598533217,#000000,11.86356835268377,152.88017481787975,-0.10477873967814691,47.77013555721299,0.692580150939385,False,True,False,True,True,0.0,156.552266890522,,0.0,0.0,0.0,0.0,0,1.0322756595013827,0.8504863913648045,False,False,False,False,0.0044281600396084385,0.03178707639180101,False,False,False,False,-737548435,-579350385.6433159,False,False,False,False,76660533.80804038,False,False,False,False
2022-09-14 00:00:00+00:00,153.086075766,154.850444291,151.411009916,152.5685933774,87965409,,,,152.10639005498845,#000000,11.820065560248452,152.85497990976447,0.019551148431250262,47.36492290310065,0.692580150939385,False,True,False,True,True,0.0,156.82720547796,,0.0,0.0,0.0,0.0,0,1.0270289619325985,0.8813985465742361,False,False,False,False,-0.06256761852659432,-0.015390271067396651,False,False,False,False,-649583026,-582104606.8337741,False,False,False,False,77103862.24694076,False,False,False,False
2022-09-15 00:00:00+00:00,150.1881743897,153.0170781142,149.2123504569,152.4355264774,90481110,,,,152.0177616480394,#000000,11.813579883530707,152.7963918696285,-0.2207812962406603,46.54112005902728,-0.11222541715817158,False,True,False,True,True,0.0,157.01741276306402,,0.0,0.0,0.0,0.0,0,0.9928869520392706,0.9046343558954092,False,False,False,False,-0.12960876503930938,-0.07249951805335302,False,False,False,False,-740064136,-588299098.1736262,False,False,False,False,77628460.19804113,False,False,False,False
2022-09-16 00:00:00+00:00,148.5420875535,149.1827800347,146.2454514288,149.044784731,162278841,,,,151.77339003596057,#000000,11.806101610743818,152.62813013265506,-0.3460958336523766,45.599046994508626,-1.06693587870339,False,True,False,True,True,0.0,157.10717453747802,,0.0,0.0,0.0,0.0,0,0.9623111199832656,0.9346155783001892,False,False,False,False,-0.20700447401943903,-0.13975199603639601,False,False,False,False,-902342977,-600614544.4021115,False,False,False,False,80948082.97458853,False,False,False,False
2022-09-19 00:00:00+00:00,152.2679607516,152.3468152108,146.9649983691,147.1719913246,81474246,,,,151.71250905945118,#000000,11.796239039650091,152.5855174138502,-0.02692016168736704,45.63840469906124,-1.0699739058736029,False,True,False,True,True,0.0,157.25787027613399,,0.0,0.0,0.0,0.0,0,0.9577573054107106,0.9241317269804523,False,False,False,False,-0.1625688960243065,-0.15116044603035125,False,False,False,False,-820868731,-609251963.4843817,False,False,False,False,80968716.81872232,False,False,False,False
2022-09-20 00:00:00+00:00,154.653308143,155.8164114164,150.8880077153,151.2034255521,107689796,,,,151.71863549483493,#000000,11.802120143629773,152.58962346608567,0.17485711480646246,46.15177717917966,-1.0699739058736029,False,True,False,True,True,0.0,157.498992084924,,0.0,0.0,0.0,0.0,0,0.9869154090713776,0.9040967387801966,False,False,False,False,-0.0795696002275831,-0.11536502312896718,False,False,False,False,-713178935,-613327530.9947982,False,False,False,False,82016602.27681164,False,False,False,False
2022-09-21 00:00:00+00:00,151.518843389,156.466960705,151.4005617002,155.0870076687,101696790,,,,151.7123456901684,#000000,11.766894848159069,152.58448184673716,-0.09056241867444496,46.012759665578216,-1.0699739058736029,False,True,False,True,True,0.0,157.65793522947197,,0.0,0.0,0.0,0.0,0,0.9841204657762458,0.9116313437763096,False,False,False,False,-0.06663862330519715,-0.09100182321708217,False,False,False,False,-814875725,-621231381.7401001,False,False,False,False,82788374.34438767,False,False,False,False
2022-09-22 00:00:00+00:00,150.5528762636,152.2581039442,148.7490805089,150.1980311971,86264792,,,,151.66156376656227,#000000,11.737145521842585,152.5472111042115,-0.16991651308233935,45.732143396686865,-1.1784842383580667,False,True,False,True,True,0.0,157.804842937158,,0.0,0.0,0.0,0.0,0,0.9852658383491071,0.922922628429263,False,False,False,False,-0.1742267010179577,-0.13261426211751992,False,False,False,False,-901140517,-632208210.5738218,False,False,False,False,82924704.44852933,False,False,False,False
2022-09-23 00:00:00+00:00,148.2759537536,149.3010617235,146.4327307694,149.0250711162,96029909,,,,151.55994670356426,#000000,11.728857987740179,152.4726257732745,-0.35780738619745955,45.115231658142605,-1.8727146161555197,False,True,False,True,True,0.0,157.847547224842,,0.0,0.0,0.0,0.0,0,0.9606491292852752,0.9441304377751554,False,False,False,False,-0.3097156304353628,-0.22116494627644137,False,False,False,False,-997170426,-646520454.3160248,False,False,False,False,83438634.03878309,False,False,False,False
2022-09-26 00:00:00+00:00,148.6110852053,151.5682259941,147.4972659689,147.5169795837,93339409,,,,151.49071031444504,#000000,11.715071933431377,152.42062514893874,-0.3251828042786016,44.687934389695435,-2.379941601601381,False,True,False,True,True,0.0,157.86348754805,,0.0,0.0,0.0,0.0,0,0.9411625673279862,0.9425407732428103,False,False,False,False,-0.2622842990436923,-0.24172462266006683,False,False,False,False,-903831017,-656611064.6173571,False,False,False,False,83826899.7235367,False,False,False,False
2022-09-27 00:00:00+00:00,149.5869091381,152.5045241292,147.7978985946,150.5528762636,84442741,,,,151.44438865813103,#000000,11.648830782030629,152.38488823121975,-0.24019398560033037,44.56936404732834,-2.5890191445534327,False,True,False,True,True,0.0,157.959971667492,,0.0,0.0,0.0,0.0,0,0.9503731126998879,0.9412806302595296,False,False,False,False,-0.24497480141571623,-0.24334971203789152,False,False,False,False,-819388276,-662994484.6715785,False,False,False,False,83851050.36182939,False,False,False,False
2022-09-28 00:00:00+00:00,147.6944021169,148.4843266621,142.7659984157,145.5259044884,146691387,,,,151.26955821906603,#000000,11.499794981025303,152.25299504290388,-0.3964064518998447,44.124279547953144,-3.1224781095023673,False,True,False,True,True,0.0,157.941238756806,,0.0,0.0,0.0,0.0,0,0.9185005646815924,0.9553032547315939,False,False,False,False,-0.34282825441539394,-0.29308898322664273,False,False,False,False,-966079663,-674880177.9393597,False,False,False,False,86315377.28881648,False,False,False,False
2022-09-29 00:00:00+00:00,140.4397918688,144.6190782074,138.6655665363,144.0079561484,128138237,,,,151.00949474813353,"rgba(239, 83, 80, 1.0)",11.293033097938535,152.05748293441013,-1.0287485182108305,42.61447183924021,-4.686107327494092,False,True,False,True,False,0.0,157.73725372894398,,0.0,0.0,0.0,0.0,0,0.8681016856834612,0.9727286271177823,False,False,False,False,-0.34282825441539394,-0.31795861882101834,False,False,False,False,-1094217900,-691324794.4907573,False,False,False,False,87955489.4343531,False,False,False,False
2022-09-30 00:00:00+00:00,136.2210783006,141.0509139277,136.0239421525,139.2569749805,124925274,,,,150.69454034824525,"rgba(239, 83, 80, 1.0)",11.171713655622831,151.81959312799012,-1.3962508625110737,40.831437452535866,-6.486240313445784,False,True,False,True,False,0.0,157.403419235006,,0.0,0.0,0.0,0.0,0,0.8483370775379936,0.9995851770294153,False,False,False,False,-0.34282825441539394,-0.33039343661820614,False,False,False,False,-1219143174,-712023554.471512,True,False,False,False,89405284.90751572,True,False,False,False
2022-10-03 00:00:00+00:00,140.4102214466,141.0213435055,135.7134527193,136.230935108,114311663,,,,150.44795986052742,"rgba(239, 83, 80, 1.0)",11.043220000034433,151.6307500601046,-1.0160558798493204,40.36227904555343,-6.981997055949279,False,True,False,True,False,0.0,157.17817225565,,0.0,0.0,0.0,0.0,0,0.8415887667931854,1.0031500784910472,False,False,False,False,-0.34282825441539394,-0.33661084551680004,False,False,False,False,-1104831511,-727427788.0608644,False,False,False,False,90382005.6170249,False,False,False,False
2022-10-04 00:00:00+00:00,144.0079561484,144.1262378372,142.1943035864,142.9532777564,87830064,,,,150.33307584062703,"rgba(239, 83, 80, 0.5)",10.728371098762109,151.5399978796357,-0.7020675983239224,40.746519748858326,-6.981997055949279,False,True,False,True,True,0.0,157.047322274214,,0.0,0.0,0.0,0.0,0,0.870609631454113,0.9848313149932478,False,False,False,False,-0.24006980950226614,-0.2883403275095331,False,False,False,False,-1017001447,-738783617.8231835,False,False,False,False,90281929.47518079,False,False,False,False
2022-10-05 00:00:00+00:00,144.3036603705,145.2696274959,140.9622026611,142.0119526494,79470968,,,,150.2340159848756,"rgba(239, 83, 80, 0.5)",10.441353826137583,151.4610652774171,-0.6854862909635472,41.12261174653701,-6.981997055949279,False,True,False,True,True,0.0,156.948962789714,,0.0,0.0,0.0,0.0,0,0.8729738407273043,0.9702103323183798,False,False,False,False,-0.2409953363936747,-0.2646678319516039,False,False,False,False,-937530479,-746577612.3791372,False,False,False,False,89857970.20164429,False,False,False,False
2022-10-06 00:00:00+00:00,143.3475500525,145.4273364144,143.140557097,143.7221087337,68402169,,,,150.1567721078815,"rgba(239, 83, 80, 0.5)",10.269536060182956,151.39879246225036,-0.783992807714716,41.276651271905465,-6.981997055949279,False,True,False,True,True,0.0,156.729309557488,,0.0,0.0,0.0,0.0,0,0.8776963824324805,0.9920968337703936,False,False,False,False,-0.21675275277213324,-0.24071029236186858,False,False,False,False,-1005932648,-756748398.0897593,False,False,False,False,89016566.23295236,False,False,False,False
2022-10-07 00:00:00+00:00,138.0840148996,141.0509139277,137.4482508221,140.4989327132,85925559,,,,149.99153659866337,"rgba(239, 83, 80, 1.0)",10.162321432072156,151.26914216051304,-1.297452294640175,40.61740522074088,-6.981997055949279,False,True,False,True,True,0.0,156.393361332576,,0.0,0.0,0.0,0.0,0,0.8502065753559328,1.0037193835460583,False,False,False,False,-0.32344383056559983,-0.28207706146373424,False,False,False,False,-1091858207,-769889959.2234943,False,False,False,False,88895350.26303266,False,False,False,False
2022-10-10 00:00:00+00:00,138.4092895439,139.858240232,136.5886386486,138.4092895439,74899002,,,,149.84532786069923,"rgba(239, 83, 80, 1.0)",10.115755789383172,151.15394611479255,-1.2598817959077753,40.1536122955763,-7.433339194636567,False,True,False,True,True,0.0,155.96233764613,,0.0,0.0,0.0,0.0,0,0.8296826277242426,1.0309275813784116,False,False,False,False,-0.34282825441539394,-0.3124526579395641,False,False,False,False,-1016959205,-779578949.2539456,False,False,False,False,88346473.86056079,False,False,False,False
2022-10-11 00:00:00+00:00,136.9899092779,139.3259726323,136.2407919154,137.896735559,77033672,,,,149.69017181709086,"rgba(239, 83, 80, 1.0)",10.161998129486431,151.03134777287664,-1.381759602398811,39.567906808457025,-8.068243953092036,False,True,False,True,False,0.0,155.52261258584002,,0.0,0.0,0.0,0.0,0,0.8216497895943031,1.03327244382224,False,False,False,False,-0.34282825441539394,-0.32764045617747906,False,False,False,False,-1093992877,-791908907.2047713,False,False,False,False,87902834.57191135,False,False,False,False
2022-10-12 00:00:00+00:00,136.3590736042,138.3501486995,136.1816510709,137.137761389,70433744,,,,149.54627716528762,"rgba(239, 83, 80, 1.0)",10.220995326857512,150.9172570344799,-1.4243410709743332,38.996116589845045,-8.686370367312485,False,True,False,True,False,0.0,155.09980015929202,,0.0,0.0,0.0,0.0,0,0.8269430932388552,1.0324549311565507,False,False,False,False,-0.34282825441539394,-0.3352343552964365,False,False,False,False,-1164426621,-806517445.0006626,False,False,False,False,87217772.19654228,False,False,False,False
2022-10-13 00:00:00+00:00,140.9424890463,141.5338974904,132.4459210655,133.0570431244,113223975,,,,146.930309930466,"rgba(239, 83, 80, 0.5)",10.113779574455926,149.5116637928789,-0.8472771908359356,39.633636340612085,-8.686370367312485,False,True,False,True,True,0.0,154.648176304946,,0.0,0.0,0.0,0.0,0,0.8092385087071682,1.0400748178251824,True,False,False,False,-0.34282825441539394,-0.33903130485591526,False,False,False,False,-1051202646,-816112943.0790681,False,False,False,False,88237623.28687397,False,False,False,False
2022-10-14 00:00:00+00:00,136.3985008338,142.4505805788,136.2112214932,142.2435876234,88597969,,,,146.80210542056895,"rgba(239, 83, 80, 1.0)",10.127329809097253,149.4043402202529,-1.2842318391536838,39.45229479309441,-8.686370367312485,False,True,False,True,True,0.0,154.111972280424,,0.0,0.0,0.0,0.0,0,0.8131171793113968,1.037851108321484,False,False,False,False,-0.2938726681804926,-0.31645198651820394,False,False,False,False,-1139800615,-828806577.2720459,False,False,False,False,88251754.49131028,False,False,False,False
2022-10-17 00:00:00+00:00,140.3707942169,140.8537777797,138.2614374328,139.0450536213,85250939,,,,146.784816799236,"rgba(239, 83, 80, 0.5)",10.010940115695291,149.35910266394302,-0.8978485879613859,40.16790122213357,-8.686370367312485,False,True,False,True,True,0.0,153.65974195680198,,0.0,0.0,0.0,0.0,0,0.8210467964642002,1.0311442730036755,False,False,False,False,-0.28920697421275654,-0.30282948036548024,False,False,False,False,-1054549676,-837659247.810397,False,False,False,False,88134075.45243537,False,False,False,False
2022-10-18 00:00:00+00:00,141.6916064089,144.5993645926,138.5965688845,143.4066908969,99136610,,,,146.83501959522422,"rgba(239, 83, 80, 0.5)",9.921920408415135,149.34851791654847,-0.7717166831084825,41.02575056788074,-8.686370367312485,False,True,False,True,True,0.0,153.24339041212798,155.281013180989,0.0,0.0,0.0,0.0,0,0.8191317695481624,1.022322560399746,False,False,False,False,-0.247736446579094,-0.2752829634722871,False,False,False,False,-955413066,-842277044.6021461,False,False,False,False,88565547.39547713,False,False,False,False
2022-10-19 00:00:00+00:00,141.8000312903,142.8736347526,139.4738247433,139.661104084,61758340,,,,146.82656022574093,"rgba(239, 83, 80, 0.5)",9.881659637162342,149.32177249280863,-0.7611819753658907,41.750549737612786,-10.377868720025347,False,True,False,True,True,0.0,152.828221684342,155.096688658809,0.0,0.0,0.0,0.0,0,0.8282927204823157,1.0211364326900834,False,False,False,False,-0.2562862346034153,-0.26578459903785123,False,False,False,False,-893654726,-844291855.6373562,False,False,False,False,87514284.36036038,False,False,False,False
2022-10-20 00:00:00+00:00,141.3367613424,143.800963193,140.6073575946,140.9720594685,64521989,,,,146.82361845869394,"rgba(239, 83, 80, 0.5)",9.871227223745382,149.2981905224803,-0.8065288134517831,42.25999583224456,-9.842792294747724,False,True,False,True,True,0.0,152.31862474164,154.9213855156275,0.0,0.0,0.0,0.0,0,0.8249631734467947,1.0323059988242453,False,False,False,False,-0.23558060907355516,-0.2506826040557032,False,False,False,False,-958176715,-848757928.5535383,False,False,False,False,86612625.71877763,False,False,False,False
2022-10-21 00:00:00+00:00,145.1612026145,145.7308275143,140.6063719139,140.8242073575,86548609,,,,146.87951381642335,#000000,9.859120752604248,149.30257167922343,-0.4200546041217209,43.5005814738914,-8.597635773257231,False,False,False,False,True,0.0,151.90030183548402,154.78866533351152,0.0,0.0,0.0,0.0,0,0.8209933199594964,1.0305496336424897,False,False,False,False,-0.21637942627274082,-0.233531015164222,False,False,False,False,-871628106,-849654798.2573211,False,False,False,False,86610115.25921771,False,False,False,False
2022-10-24 00:00:00+00:00,147.3099866282,148.0788176056,143.9093880744,145.0774197516,75981918,,,,146.98956232879115,#000000,9.835807651076719,149.34398258708035,-0.206795011760696,44.943500489889445,-7.173319742594288,True,False,True,False,True,0.0,151.45378846015802,154.68102074588649,0.0,0.0,0.0,0.0,0,0.8353103330396189,1.0291454033518912,False,False,False,False,-0.1609661213959611,-0.19724856828009155,False,False,False,False,-795646188,-847536813.5413479,False,False,False,False,86193323.20983662,False,False,False,False
2022-10-25 00:00:00+00:00,150.1586039675,150.3064560785,147.2212753616,147.940822302,74732290,,,,147.15344298324956,#000000,9.770096882949955,149.41987229539333,0.07561149914448097,46.66047003588448,-5.501759498775691,True,False,True,False,True,0.0,151.04275959147998,154.5867848666525,0.0,0.0,0.0,0.0,0,0.8425194784514076,1.0242978529381863,False,False,False,False,-0.10758387486172467,-0.15241622157090812,False,False,False,False,-720913898,-842571209.0103147,False,False,False,False,85743870.92709793,False,False,False,False
2022-10-26 00:00:00+00:00,147.2114185542,149.8136157084,145.9201767845,148.798364546,88436172,,,,147.26059671706088,#000000,9.73294794316452,149.46157855741185,-0.2311899761872394,47.450042874970784,-4.751033084278291,True,False,True,False,True,0.0,150.575941192904,154.4777148981985,0.0,0.0,0.0,0.0,0,0.8352106381700627,1.0261574822480655,False,False,False,False,-0.1247901698638933,-0.1386031957174007,False,False,False,False,-809350070,-841268419.2452043,False,False,False,False,85849451.36132939,False,False,False,False
2022-10-27 00:00:00+00:00,142.7265711861,146.9117716092,142.0661650902,145.9497472067,109180150,,,,147.2286036916226,"rgba(239, 83, 80, 0.5)",9.739496586327302,149.41721277727868,-0.6869596936428195,47.25352249667249,-4.751033084278291,True,False,True,False,True,0.0,149.989461152464,154.332036261712,0.0,0.0,0.0,0.0,0,0.8136422758878823,1.048548920103734,False,False,False,False,-0.1888719855850038,-0.16373759065120225,False,False,False,False,-918530220,-844298293.784608,False,False,False,False,86764380.71970864,False,False,False,False
2022-10-28 00:00:00+00:00,153.5099184843,155.2447165871,145.7033270216,146.0778857029,164762371,,,,148.3887974799724,#000000,9.708790976455555,149.74735013602123,0.3875424197928695,48.919903229580214,-3.3367842122758518,True,False,True,False,True,1.915770760502724,149.62653350391003,154.238065713261,0.0,0.0,0.0,0.0,0,0.8227785206331565,0.9923578684797486,False,False,False,False,-0.06092078965968744,-0.11232919015544485,False,False,False,False,-753767849,-840748080.263643,False,False,False,False,89823125.43658282,False,False,False,True
2022-10-31 00:00:00+00:00,151.1442847077,152.0313973739,149.7446180566,150.9619337708,97943171,,,,148.4801881162632,#000000,9.692944747532263,149.79088114983335,0.1396276975798512,49.856711581173755,-2.438124668627708,True,False,True,False,True,0.5476048040101453,149.26813998676,154.1486600755745,0.0,0.0,0.0,0.0,0,0.8438612882811528,0.9966536728756791,False,False,False,False,-0.02251991494034866,-0.06742455254789675,False,False,False,False,-851711020,-841177999.4689903,False,False,False,False,90141558.59593251,False,False,False,False
2022-11-01 00:00:00+00:00,148.4928035165,153.2240710696,146.9945687913,152.8593691957,80379345,,,,148.465053610295,#000000,9.660052230572111,149.78110540069778,-0.13336386320154292,50.162159322033204,-2.1497925319317943,True,False,True,False,True,0.0,148.934585624264,154.04167789717448,0.0,0.0,0.0,0.0,0,0.8457333316022664,0.982316805819541,False,False,False,False,-0.03976487569758469,-0.05359471412274072,False,False,False,False,-932090365,-844743190.2741281,False,False,False,False,89758726.69020967,False,False,False,False
2022-11-02 00:00:00+00:00,142.9532777564,149.9910382416,142.9237073342,146.8122178544,93604623,,,,148.19880042565268,"rgba(239, 83, 80, 0.5)",9.716573133011112,149.64089930927534,-0.688269563901576,49.533861259391344,-2.1497925319317943,True,False,True,False,False,0.0,148.4969433756,153.923047602084,0.0,0.0,0.0,0.0,0,0.8340208370832402,0.9914203140044461,False,False,False,False,-0.12112918615850515,-0.08736195014062294,False,False,False,False,-1025694988,-851839339.2045544,False,False,False,False,89909546.1533387,False,False,False,False
2022-11-03 00:00:00+00:00,136.8913412039,140.7552097056,136.7632027077,140.0258059579,97918516,,,,147.59287874345048,"rgba(239, 83, 80, 1.0)",9.887800973107172,149.3182133755406,-1.2567882591325614,48.1902579196053,-2.1497925319317943,True,False,False,False,False,0.0,147.932148311444,153.79162956864448,0.0,0.0,0.0,0.0,0,0.8221722501954167,1.0179101929116392,False,False,False,False,-0.29950087041074674,-0.19343141027568483,False,False,False,False,-1123613504,-862497149.5886896,False,False,False,False,90223623.40222737,False,False,False,False
2022-11-04 00:00:00+00:00,136.6252074041,140.8608060438,132.6759312831,140.2881610062,140814796,,,,144.67921099047385,"rgba(239, 83, 80, 1.0)",10.060594771900936,147.89470300885966,-1.1201619646022491,47.056415434405395,-0.5664863662458473,True,False,False,True,False,0.0,147.31274653428,153.667322811414,0.0,0.0,0.0,0.0,0,0.804774792723652,1.0264172945465166,False,False,False,False,-0.34282825441539394,-0.2681298323455394,False,False,False,False,-1264428300,-878259155.4871724,False,False,False,False,92207590.9550812,False,False,False,False
2022-11-07 00:00:00+00:00,137.1583596804,137.3805064622,133.9505601511,135.3713122357,83374628,,,,144.2956652774379,"rgba(239, 83, 80, 1.0)",10.214957483961193,147.68473823571608,-1.0304867711729455,46.2283477136867,-1.368623934149504,True,False,False,True,False,0.0,146.830372073542,153.5559888416905,0.0,0.0,0.0,0.0,0,0.8259757655854943,1.0446044688965197,False,False,False,False,-0.34282825441539394,-0.30547904338046666,False,False,False,False,-1181053672,-890133450.2523813,False,False,False,False,91861200.25096036,False,False,False,False
2022-11-08 00:00:00+00:00,137.7310047179,139.6365304463,135.7464934671,138.6294650354,89908477,,,,144.10569753077277,"rgba(239, 83, 80, 0.5)",10.350929731302788,147.55834290237752,-0.9494159886679704,45.661532440751174,-1.921461608638431,True,False,False,True,False,0.0,146.403609010716,153.4513955022205,0.0,0.0,0.0,0.0,0,0.8459141630639443,1.0057259601859425,False,False,False,False,-0.28098063104031884,-0.29322983721039275,False,False,False,False,-1091145195,-898016263.7718959,False,False,False,False,91784622.86856976,False,False,False,False
2022-11-09 00:00:00+00:00,133.1597176079,136.7930516392,132.8865264323,136.7436856877,74917794,,,,143.7191439245711,"rgba(239, 83, 80, 1.0)",10.575560899219102,147.34715416380968,-1.3415304106430201,44.55570975451816,-3.0069578190488073,False,False,False,True,False,0.0,145.934112834258,153.33297664533,0.0,0.0,0.0,0.0,0,0.8389540964179154,1.012091433241954,False,False,False,False,-0.34282825441539394,-0.3180290458128934,False,False,False,False,-1166062989,-908527900.0553509,False,False,False,False,91123178.59921409,True,False,False,False
2022-11-10 00:00:00+00:00,145.0075459708,145.0075459708,137.7310047179,139.4489398305,118854028,,,,143.9607717505446,#000000,10.601511872329562,147.4123702418839,-0.22683786049050222,45.66208365572624,-3.0069578190488073,False,False,False,True,True,0.0,145.734889234078,153.274238659945,0.0,0.0,0.0,0.0,0,0.8476052210307924,0.9612721576682633,False,False,False,False,-0.1562460262283643,-0.23713753602062884,False,False,False,False,-1047208961,-913966373.0335724,False,False,False,False,92210662.889441,False,False,False,False
2022-11-11 00:00:00+00:00,147.8016588263,148.1077277257,142.5392483952,143.970860989,93979665,,,,144.2949334119539,#000000,10.605113043094498,147.5384599860589,0.024818107942044428,46.95846185198204,-3.0069578190488073,True,False,False,False,True,0.0,145.576959816052,153.23177804944652,0.0,0.0,0.0,0.0,0,0.876901425446553,0.9412044909628753,False,False,False,False,-0.049039347276247945,-0.1430884416484384,False,False,False,False,-953229296,-915506095.5028441,False,False,False,False,92280035.52122763,False,False,False,False
2022-11-14 00:00:00+00:00,146.3996658034,148.3743038639,145.5604446277,147.0809159343,73374114,,,,144.5261627671612,#000000,10.5778274272801,147.6266347809748,-0.11599442191791157,47.802549014803745,-4.72330122296907,True,False,False,False,True,0.0,145.433374809398,153.12777839752098,0.0,0.0,0.0,0.0,0,0.8864193572997577,0.9471003895283583,False,False,False,False,-0.0049381954168249,-0.07401331853263166,False,False,False,False,-1026603410,-919862852.9341052,False,False,False,False,91538626.83412066,False,False,False,False
2022-11-15 00:00:00+00:00,148.1373472966,151.6423298539,146.6773986466,150.2847661874,89868332,,,,144.85989085621267,#000000,10.548481550362837,147.7635948582296,0.03543187107888158,48.745495222494746,-3.806463079722917,True,False,True,False,True,0.0,145.34977685955798,153.01062607389048,0.0,0.0,0.0,0.0,0,0.8954334161206726,0.9210782887200989,False,False,False,False,0.05388035066518125,-0.010066483933725202,False,False,False,False,-936735078,-920524508.8190422,False,False,False,False,91473125.07591985,False,False,False,False
2022-11-16 00:00:00+00:00,146.9031985088,147.9695030615,145.4222199635,147.2388869791,64218266,,,,144.99223839218706,#000000,10.53620313400718,147.81165552098233,-0.08622242762671853,49.31424885537197,-3.250400005010164,True,False,True,False,True,0.0,145.213305464792,152.8881373846265,0.0,0.0,0.0,0.0,0,0.8900608868435196,0.9330572322092462,False,False,False,False,-0.01221625705742233,-0.011141370495573767,False,False,False,False,-1000953344,-923678580.7869229,False,False,False,False,90404307.07294261,False,False,False,False
2022-11-17 00:00:00+00:00,148.8087242372,149.5590867001,144.296676269,144.5731255975,80389400,,,,145.16682123233198,#000000,10.440697838100089,147.8782847790227,0.0891165966686602,50.0697532864462,-2.502193570377557,True,False,True,False,True,0.15657103793703087,145.14451500680002,152.7691393515595,0.0,0.0,0.0,0.0,0,0.8899479648661174,0.9261275736201495,False,False,False,False,-0.005996771758631447,-0.008569071127102607,False,False,False,False,-920563944,-923556438.1678278,False,False,False,False,90011565.61910173,False,False,False,False
2022-11-18 00:00:00+00:00,149.3714960844,150.763615917,148.0682349645,150.3736249001,74829573,,,,145.37310899151652,#000000,10.344406675601657,147.96438295318538,0.1360264706658768,50.774454823047414,-1.7988249884238598,True,False,True,False,True,0.46593247771466295,145.02961336667,152.6673850143045,0.0,0.0,0.0,0.0,0,0.8975303038808153,0.927974803863867,False,False,False,False,0.0607662935357806,0.026098611204338998,False,False,False,False,-845734371,-920504592.3965405,False,False,False,False,89416193.35952911,False,False,False,False
2022-11-21 00:00:00+00:00,146.1330896652,148.4631625766,145.8418305513,148.2558255802,58724070,,,,145.4497713887404,#000000,10.259893496635685,147.99008866908397,-0.18099593377776269,50.777125804559816,-1.7715810315066065,True,False,True,False,True,0.0,144.73047909244,152.55086199618052,0.0,0.0,0.0,0.0,0,0.8736878184575725,0.9535441196599937,False,False,False,False,0.07918951535304976,0.05264406327869438,False,False,False,False,-904458441,-919875331.5574605,False,False,False,False,88212580.67876327,False,False,False,False
2022-11-22 00:00:00+00:00,148.2755719608,148.5125285281,145.0618485174,146.2515679489,51804132,,,,145.52219769292216,#000000,10.168263782487056,148.01581427242868,0.025545923466176516,51.13056202677825,-1.3833567175161292,True,False,True,False,True,0.0,144.6632480301,152.448638880575,0.0,0.0,0.0,0.0,0,0.9023809719312665,0.9488226362459925,False,False,False,False,0.08316360172105945,0.06790383249987691,False,False,False,False,-852654309,-917239213.0257955,False,False,False,False,86784798.3776353,False,False,False,False
2022-11-23 00:00:00+00:00,149.1542858977,149.9046483607,147.4462239754,147.5548290688,58301395,,,,145.63536441983132,#000000,10.069557742703992,148.0617298774272,0.10850089429840196,51.56339086214285,-0.9101952054341638,True,False,True,False,True,0.37114723522291015,144.584612232734,152.335230777669,0.0,0.0,0.0,0.0,0,0.9107079339231041,0.9292049709917757,False,False,False,False,0.14934179075858,0.10862281162922846,False,False,False,False,-794352914,-912420142.4757643,False,False,False,False,85667802.16674764,False,False,False,False
2022-11-25 00:00:00+00:00,146.2318215682,146.9920572215,145.2543757283,146.4243487791,35195860,,,,145.66049392789708,#000000,9.890939058498308,148.0675701549027,-0.18559901904616863,51.37836518912373,-0.9101952054341638,True,False,True,False,True,0.0,144.505485176304,152.200084514747,0.0,0.0,0.0,0.0,0,0.9059360193128749,0.9250970298954276,False,False,False,False,0.060093860059126,0.08435833584417723,False,False,False,False,-829548774,-909170284.8884794,False,False,False,False,83688510.31707126,False,False,False,False
2022-11-28 00:00:00+00:00,142.3911505406,144.7804625938,141.5618025552,143.2994840484,69346522,,,,145.6167378087261,"rgba(239, 83, 80, 0.5)",9.747061674263092,148.03103309467033,-0.5786238707160671,50.570938878618094,-0.9101952054341638,True,False,False,False,False,0.0,144.382466436046,152.066178681248,0.0,0.0,0.0,0.0,0,0.9050678418140912,0.9169462528274704,False,False,False,False,-0.042044516076859405,0.021156909883658915,False,False,False,False,-898895296,-908767344.1477547,False,False,False,False,83126079.40267631,False,False,False,False
2022-11-29 00:00:00+00:00,139.3798274984,142.9736687685,138.5751624888,142.4602628727,83763803,,,,145.4841115401402,"rgba(239, 83, 80, 0.5)",9.533014567329122,147.94500639168646,-0.8984753807720421,49.43424881968081,-0.9101952054341638,True,False,False,True,False,0.0,144.124703770982,151.9343182446225,0.0,0.0,0.0,0.0,0,0.8896309357573852,0.9368101384866736,False,False,False,False,-0.12551945913114024,-0.05218127462374066,False,False,False,False,-982659099,-911665060.0243133,False,False,False,False,83151088.17119882,False,False,False,False
2022-11-30 00:00:00+00:00,146.1528360458,146.8340861767,138.7676896997,139.6019742802,111380880,,,,145.46680049256446,#000000,9.202286596911332,147.9136953001069,-0.1913501862567409,49.68821309235766,-0.9101952054341638,True,False,False,False,False,0.0,143.954694329038,151.8351434016245,0.0,0.0,0.0,0.0,0,0.8760547779099237,0.9360377592727227,False,False,False,False,-0.05487259911923875,-0.05352693687148971,False,False,False,False,-871278219,-910081262.3370854,False,False,False,False,84258138.83115181,False,False,False,False
2022-12-01 00:00:00+00:00,146.4292853743,147.2388869791,144.7508430229,146.3305534713,71250416,,,,145.51035826839225,#000000,8.851273415819813,147.92298508004626,-0.16875534576489004,49.9408211143795,-0.9101952054341638,True,False,False,False,False,0.0,143.852903168744,151.7181356135305,0.0,0.0,0.0,0.0,0,0.8969350960519409,0.9363654182623464,False,False,False,False,0.1294831302921568,0.037978096710333545,False,False,False,False,-800027803,-905765440.4022977,False,False,False,False,83748032.05345958,False,False,False,False
2022-12-02 00:00:00+00:00,145.9356258592,146.1232164749,143.8030167539,144.1090856532,65447446,,,,145.5284081504592,#000000,8.419847460299891,147.92020280085436,-0.2357022441334903,50.06056226263972,-0.9101952054341638,True,False,False,False,True,0.0,143.760558160656,151.59983897696998,0.0,0.0,0.0,0.0,0,0.9022506025008943,0.9223081057701067,False,False,False,False,0.08654802430615138,0.062263060508242464,False,False,False,False,-865475249,-904185432.8963253,False,False,False,False,83030362.01214744,False,False,False,False
2022-12-05 00:00:00+00:00,144.7705894035,149.0060893113,143.9214950375,145.896133098,68826442,,,,145.55934874125072,#000000,7.970726651019367,147.92403141853939,-0.395627921155231,49.94887641205619,-0.9101952054341638,True,False,False,False,True,0.0,143.69045087365402,151.4937529007605,0.0,0.0,0.0,0.0,0,0.9175719450542922,0.9040194640228895,False,False,False,False,0.149145577110337,0.10570431880928972,False,False,False,False,-934301691,-905366462.6258812,False,False,False,False,82473345.54108284,False,False,False,False
2022-12-06 00:00:00+00:00,141.097762611,145.4320931538,140.1203167711,145.209946372,64727186,,,,145.51059580578539,"rgba(239, 83, 80, 0.5)",7.613582751015499,147.8858096005246,-0.8915706588490417,49.22378496984759,-0.9101952054341638,True,False,False,False,True,0.0,143.540184421768,151.37706739722452,0.0,0.0,0.0,0.0,0,0.8983657314894677,0.9280512634183438,False,False,False,False,-0.003606502213339409,0.051048908297975155,False,False,False,False,-999028877,-909039498.4836898,False,False,False,False,81777417.71594234,False,False,False,False
2022-12-07 00:00:00+00:00,139.1527441215,141.5519293649,138.224664233,140.3868929093,69721094,,,,145.40503075905542,"rgba(239, 83, 80, 1.0)",7.388386709850942,147.81562495901278,-1.1724996508321022,48.313741494701155,0.38595213570532394,False,False,False,True,False,0.0,143.331501121436,151.2653016276815,0.0,0.0,0.0,0.0,0,0.8888923547664312,0.9471775032029398,False,False,False,False,-0.12299119571554673,-0.03597114370878579,False,False,False,False,-1068749971,-915302654.2686431,False,False,False,False,81304620.70747401,False,False,False,False
2022-12-08 00:00:00+00:00,140.8410596632,141.7000272195,139.3107151663,140.5547371444,62128338,,,,145.33355793409473,"rgba(239, 83, 80, 0.5)",7.128648709059215,147.76508469613546,-0.9712955870775721,47.909608657563176,-0.05528391342506467,False,False,False,True,False,0.0,143.194434272362,151.1828635138235,0.0,0.0,0.0,0.0,0,0.9160736808734583,0.9329449803196785,False,False,False,False,-0.09730285552412332,-0.06663699961645456,False,False,False,False,-1006621633,-918883790.6894807,False,False,False,False,80552609.62090641,False,False,False,False
2022-12-09 00:00:00+00:00,140.3572733383,143.7240312314,139.1132513602,140.5349907638,76097011,,,,145.2599559180871,"rgba(239, 83, 80, 1.0)",6.838844193096299,147.71055561064603,-1.0752229565003182,47.49472365897557,-0.5081270380590084,False,True,False,True,False,0.0,143.19278390175202,151.0848850970005,0.0,0.0,0.0,0.0,0,0.9438427899586498,0.9198739315286042,False,False,False,False,-0.05950787415699601,-0.06307243688672529,False,False,False,False,-1082718644,-925308686.8977363,False,False,False,False,80377880.26322381,False,False,False,False
2022-12-12 00:00:00+00:00,142.6577266788,142.6675998691,139.2712224051,140.8904256147,70462654,,,,145.20428265134436,"rgba(239, 83, 80, 0.5)",6.392664946059026,147.6667587304398,-0.7835592970859171,47.63005845155705,-0.5081270380590084,False,True,False,True,False,0.0,143.321516869316,150.98803962346102,0.0,0.0,0.0,0.0,0,0.9553022436368007,0.9086922432741302,False,False,False,False,-0.07807102766324733,-0.07057173227498631,False,False,False,False,-1012255990,-928718385.0586095,False,False,False,False,79989047.86074445,False,False,False,False
2022-12-13 00:00:00+00:00,143.6252993284,148.0674451093,142.4108969212,147.6041950203,93886161,,,,145.21554014431314,"rgba(239, 83, 80, 0.5)",6.150465273107216,147.65579405864779,-0.6553154194481923,47.93726368709258,-0.5081270380590084,False,True,False,True,True,0.0,143.385818426952,150.8947051329215,0.0,0.0,0.0,0.0,0,0.9699465170867537,0.8858851488555205,False,False,False,False,0.09799811390387729,0.01371319081444549,False,False,False,False,-918369829,-928312559.3308209,False,False,False,False,80534032.68973486,False,False,False,False
2022-12-14 00:00:00+00:00,141.3939583201,144.7952723793,139.3699543081,143.5068210448,82291182,,,,145.16140383718937,"rgba(239, 83, 80, 1.0)",5.977799016053328,147.6106608786335,-1.0399651346320917,47.754938302745266,-0.5081270380590084,False,True,False,True,True,0.0,143.333538470386,150.7996495302145,0.0,0.0,0.0,0.0,0,0.9377013199244392,0.9110990773213385,False,False,False,False,-0.03214224113901164,-0.009214525162283074,False,False,False,False,-1000661011,-931149753.513926,False,False,False,False,80602940.5058237,False,False,False,False
2022-12-15 00:00:00+00:00,134.7690476272,140.0018384875,134.3000710878,139.3205883566,98931907,,,,144.9584991215982,"rgba(255, 26, 202, 1.0)",5.971985224819772,147.47854309995492,-2.1281860209455696,46.482600840323116,-1.6903431703744545,False,True,False,True,False,0.0,143.14284621552,150.654957086513,0.0,0.0,0.0,0.0,0,0.9167345395193419,0.9309716113051694,False,False,False,False,-0.23942319568946277,-0.12431886042587292,False,False,False,False,-1099592918,-937755367.8074975,False,False,False,False,81321723.50559533,False,False,False,False
2022-12-16 00:00:00+00:00,132.804282757,135.904464512,132.0341739135,134.9517016478,160156900,,,,144.5448697949213,"rgba(255, 26, 202, 1.0)",6.042000627753804,147.21370546565763,-2.384876069437701,45.14835288571461,-3.0213461289997596,False,True,False,True,False,0.0,142.93198086961002,150.502062560986,0.0,0.0,0.0,0.0,0,0.8989691487381194,0.9489511817194306,False,False,False,False,-0.34282825441539394,-0.23357355742063343,False,False,False,False,-1259749818,-950382601.14838,False,False,False,False,84413299.05439551,False,False,False,False
2022-12-19 00:00:00+00:00,130.6914200323,133.4855328879,129.6547350506,133.3966741752,79592614,,,,144.30904682186934,"rgba(255, 26, 202, 1.0)",6.140828380265338,147.06331736885127,-2.6660730967771933,43.75074308110844,-4.392702202574206,False,True,False,True,False,0.0,142.784128972264,150.3536416979785,0.0,0.0,0.0,0.0,0,0.9040433951972583,0.9499215880018982,False,False,False,False,-0.34282825441539394,-0.2882009059180137,False,False,False,False,-1339342432,-965635927.8484435,False,False,False,False,84224252.58167413,False,False,False,False
2022-12-20 00:00:00+00:00,130.6223077002,131.5602607789,128.2428688373,129.7238473827,77432819,,,,144.06882833889557,"rgba(255, 26, 202, 1.0)",6.26861615965261,146.9097485138628,-2.5982514160773595,42.59714947388321,-5.508988026610147,False,True,False,True,False,0.0,142.62838933539,150.22389389019799,0.0,0.0,0.0,0.0,0,0.9017682782084521,0.9529748818293403,False,False,False,False,-0.34282825441539394,-0.3155145801667038,False,False,False,False,-1416775251,-983327666.0112497,False,False,False,False,83957921.85298103,False,False,False,False
2022-12-21 00:00:00+00:00,133.7323626455,135.0751165266,131.0666012638,131.2936846408,85927993,,,,143.87603097698812,"rgba(255, 26, 202, 1.0)",6.322658837898725,146.7807522307263,-2.063750380933542,42.40179395805877,-5.687202197571608,False,True,False,True,False,0.0,142.563238402742,150.1188370877405,0.0,0.0,0.0,0.0,0,0.9135888709719697,0.9346877542653278,False,False,False,False,-0.2345371557132206,-0.2750258679399622,False,False,False,False,-1330847258,-996955885.3049262,False,False,False,False,84035179.545021,False,False,False,False
2022-12-22 00:00:00+00:00,130.5531953681,132.8536487085,128.6476696397,132.6482863503,77852108,,,,143.6630353801211,"rgba(255, 26, 202, 1.0)",6.41905814032208,146.6408807029563,-2.506237672751332,41.74170198649061,-6.332716959097404,False,True,False,True,False,0.0,142.44712083802,149.9708062630955,0.0,0.0,0.0,0.0,0,0.901399257736618,0.9369627846374801,False,False,False,False,-0.31314657141973906,-0.2940862196798506,False,False,False,False,-1408699366,-1013102688.4694389,False,False,False,False,83792706.15109861,False,False,False,False
2022-12-23 00:00:00+00:00,130.1878873269,130.7358493887,127.9960390798,129.2598074385,63814893,,,,143.4799555887467,"rgba(255, 26, 202, 1.0)",6.537848806936058,146.5206201708338,-2.4981814854155493,41.14542274574318,-6.918556093032208,False,True,False,True,False,0.0,142.232028803632,149.8427195630535,0.0,0.0,0.0,0.0,0,0.9116992697920514,0.9575001508765144,False,False,False,False,-0.34282825441539394,-0.3184572370476223,False,False,False,False,-1472514259,-1031118828.4902453,False,False,False,False,83009262.49811435,False,False,False,False
2022-12-27 00:00:00+00:00,128.3810935016,129.7435937633,127.087705572,129.7139741924,69007830,,,,143.2699797894812,"rgba(255, 26, 202, 1.0)",6.632513037522509,146.38285534884616,-2.7141690857452883,40.37810418884259,-7.673758818319811,False,True,False,True,False,0.0,142.07168065698798,149.724224361069,0.0,0.0,0.0,0.0,0,0.888791750842391,0.963152517220693,False,False,False,False,-0.34282825441539394,-0.3306427457315081,False,False,False,False,-1541522089,-1051134642.6278827,False,False,False,False,82460186.71387458,False,False,False,False
2022-12-28 00:00:00+00:00,124.4416905709,129.3659442342,124.2738463358,128.0256586507,85438391,,,,142.97659944687177,"rgba(255, 26, 202, 1.0)",6.653831288683072,146.1915842553732,-3.2687774517916783,39.18485196078805,-8.840881025854564,False,True,False,True,False,0.0,141.753098584068,149.6062302104275,0.0,0.0,0.0,0.0,0,0.8763832539493508,0.965977995394923,False,False,False,False,-0.34282825441539394,-0.336735500073451,False,False,False,False,-1626960480,-1073716048.0150247,False,False,False,False,82576979.03882068,False,False,False,False
2022-12-29 00:00:00+00:00,127.9664195089,128.8267693118,126.110259732,126.3669626799,75703710,,,,142.75194497537285,"rgba(255, 26, 202, 1.0)",6.7893559451138685,146.04185027766098,-2.6623189172707056,39.09522652588356,-8.926395051224468,False,True,False,True,False,0.0,141.478594846068,149.48389246481548,0.0,0.0,0.0,0.0,0,0.8748173393544348,0.97689806382734,False,False,False,False,-0.32299605162412454,-0.32986577584878773,False,False,False,False,-1551256770,-1092443135.1516905,False,False,False,False,82307439.07651399,False,False,False,False
2022-12-30 00:00:00+00:00,128.2823615986,128.3021079792,125.814064023,126.7816366726,77034209,,,,142.52873558525656,"rgba(255, 26, 202, 1.0)",6.86995179742642,145.8918147107425,-2.5632571568754288,39.09907012332372,-8.938889688367006,False,True,False,True,True,0.0,141.208241452234,149.341019758853,0.0,0.0,0.0,0.0,0,0.8693059841930851,0.9716668879060444,False,False,False,False,-0.33551587374974784,-0.3326908247992678,False,False,False,False,-1474222561,-1107414877.3418202,False,False,False,False,82100645.7401801,False,False,False,False
2023-01-03 00:00:00+00:00,123.4839911116,129.2400610579,122.5954039844,128.6279232591,112117471,,,,138.00764382677977,"rgba(255, 26, 202, 1.0)",7.135192423373017,144.06855190478393,-2.884934220660162,38.39171093776385,-9.657882470255167,False,True,False,True,True,0.0,140.851186047618,149.1690933980285,0.0,0.0,0.0,0.0,0,0.8528506505037541,0.9720345103978749,False,False,False,False,-0.34282825441539394,-0.33775953960733085,False,False,False,False,-1586340032,-1126196255.9558666,False,False,False,False,83277776.14252599,False,False,False,False
2023-01-04 00:00:00+00:00,124.7576326606,127.0242209583,123.4938643019,125.2809117466,89113633,,,,137.762242881645,"rgba(255, 26, 202, 1.0)",7.356826074555913,143.89530005803434,-2.601348353690632,38.133715696053144,-9.937065133660269,False,True,False,True,True,0.0,140.44311464854,148.987022957419,0.0,0.0,0.0,0.0,0,0.85563824521552,0.9894089234551654,False,False,False,False,-0.34282825441539394,-0.34029389701136237,False,False,False,False,-1497226399,-1140746457.643872,False,False,False,False,83506633.27419163,False,False,False,False
2023-01-05 00:00:00+00:00,123.4346251601,126.1497524932,123.1779222122,125.5178683139,80962708,,,,137.48879602237724,"rgba(255, 26, 202, 1.0)",7.537042672776621,143.7166061112884,-2.690973347470327,37.727754000940294,-10.367301981195062,False,True,False,True,True,0.0,139.96560741917799,148.791457359503,0.0,0.0,0.0,0.0,0,0.8394541070631875,1.0031086992527922,False,False,False,False,-0.34282825441539394,-0.3415610757133781,False,False,False,False,-1578189107,-1157901071.3441124,False,False,False,False,83406871.49873315,False,False,False,False
2023-01-06 00:00:00+00:00,127.9762926992,128.6377964494,123.3062736862,124.412071,87754715,,,,137.37455153720052,"rgba(255, 26, 202, 1.0)",7.518403454306358,143.60206236964723,-2.078336147483169,38.50345153054306,-10.367301981195062,False,True,False,True,True,0.0,139.521961193812,148.60169466204948,0.0,0.0,0.0,0.0,0,0.8275200103080037,1.0019782843279754,False,False,False,False,-0.3063092538376168,-0.32393516477549744,False,False,False,False,-1490434392,-1170941593.7227747,False,False,False,False,83577375.1654495,False,False,False,False
2023-01-09 00:00:00+00:00,128.4995717852,131.7182318238,128.2428688373,128.8105772797,70790813,,,,137.3886797213441,"rgba(255, 0, 0, 1.0)",7.542571778295751,143.5589881663135,-1.9965890711770167,39.25864665041803,-10.367301981195062,False,True,False,True,True,0.0,139.147724258432,148.40771738393448,0.0,0.0,0.0,0.0,0,0.853915413558594,0.9871764498543613,False,False,False,False,-0.19876794958024813,-0.2613515571778728,False,False,False,False,-1419643579,-1180694612.7532542,False,False,False,False,83075941.35503972,False,False,False,False
2023-01-10 00:00:00+00:00,129.0722168227,129.5990502573,126.4953141538,128.6081768785,63896155,,,,137.33260877094892,"rgba(255, 0, 0, 1.0)",7.561216767181011,143.49129520433704,-1.9069785757528,40.01238150622928,-11.865094089044561,False,True,False,True,True,0.0,138.87463717116398,148.19763385783298,0.0,0.0,0.0,0.0,0,0.8629233155650283,0.985000423805411,False,False,False,False,-0.2499261668261019,-0.2556388620019873,False,False,False,False,-1355747424,-1187559428.8805776,False,False,False,False,82323792.87052836,False,False,False,False
2023-01-11 00:00:00+00:00,131.7972173462,131.8169637268,128.8056406846,129.5856227185,69458949,,,,137.34553658630747,"rgba(255, 0, 0, 1.0)",7.5614513649263815,143.45304619615678,-1.5414803702926756,41.261175377295416,-10.632332204333771,False,True,False,True,True,0.0,138.440383148402,147.9979809930115,0.0,0.0,0.0,0.0,0,0.8644679201996809,1.02486398523738,False,False,False,False,-0.19012494236780425,-0.22288190218489579,False,False,False,False,-1286288475,-1191431156.1793785,False,False,False,False,81819289.18933116,False,False,False,False
2023-01-12 00:00:00+00:00,131.7182318238,132.5574529995,129.7732133342,132.182271768,71379648,,,,137.35526321548514,"rgba(255, 0, 0, 1.0)",7.551101586357602,143.4142612074933,-1.5489169692570721,42.26692599096086,-9.650804942209831,False,False,False,False,True,0.0,138.051862090724,147.793608553844,0.0,0.0,0.0,0.0,0,0.8567361481349561,1.0138987222725158,False,False,False,False,-0.16278834664647893,-0.19283512441568734,False,False,False,False,-1357668123,-1197950252.917442,False,False,False,False,81409891.4956319,False,False,False,False
2023-01-13 00:00:00+00:00,133.0511125146,133.2090835594,129.9904235209,130.3557315621,57809719,,,,137.36889632484593,"rgba(239, 83, 80, 1.0)",7.500035731140335,143.3869718827854,-1.3781080169085929,43.40261509899228,-8.549630112836262,True,False,False,False,True,0.0,137.74302827068598,147.5793882306005,0.0,0.0,0.0,0.0,0,0.8682367084541723,1.0165421715312284,False,False,False,False,-0.14608830500929817,-0.16946171471249277,False,False,False,False,-1299858404,-1201946650.9991112,False,False,False,False,80484394.53501889,False,False,False,False
2023-01-17 00:00:00+00:00,134.2161489703,135.5490296611,132.4291015255,133.1202248467,63646627,,,,137.42451428565144,"rgba(239, 83, 80, 1.0)",7.462148827805479,143.37763349109102,-1.2277273922296312,44.60299545253801,-7.393695283491475,True,False,True,False,True,0.0,137.568285694964,147.376841191469,0.0,0.0,0.0,0.0,0,0.8958942754724506,0.9911091376305022,False,False,False,False,-0.08152838338276797,-0.12549504904763037,False,False,False,False,-1236211777,-1203290381.4305186,False,False,False,False,79824089.92580247,False,False,False,False
2023-01-18 00:00:00+00:00,133.4954060782,136.852290781,133.3176886528,135.0800531217,69672800,,,,137.48178001647753,"rgba(239, 83, 80, 1.0)",7.49095953233616,143.36759778740205,-1.3178807957227425,45.41633110685446,-6.620793666046993,True,False,True,False,True,0.0,137.50036699245,147.186219851149,0.0,0.0,0.0,0.0,0,0.9175572001893864,0.9520039298736811,False,False,False,False,-0.05217333630072424,-0.0888341926741773,False,False,False,False,-1305884577,-1207313683.217557,False,False,False,False,79426000.12479061,False,False,False,False
2023-01-19 00:00:00+00:00,133.55464522,134.5222178696,132.0736666747,132.379735574,58280413,,,,137.49238050669922,"rgba(239, 83, 80, 1.0)",7.511667786648076,143.34248463416083,-1.3030181435284756,46.09667689430223,-5.973238574359932,True,False,True,False,True,0.0,137.438955748768,146.9973690179245,0.0,0.0,0.0,0.0,0,0.928944023374201,0.9623820184227215,False,False,False,False,-0.1001097228970153,-0.0944719577855963,False,False,False,False,-1247604164,-1208893702.0717704,False,False,False,False,78596761.41401452,False,False,False,False
2023-01-20 00:00:00+00:00,136.1216746986,136.2697725532,132.5179602383,133.5645184103,80223626,,,,137.54208515572628,"rgba(239, 83, 80, 0.5)",7.518504775787437,143.326558842217,-0.9582868347466605,47.286689541100706,-4.824787615844961,True,False,True,False,True,0.0,137.418222049132,146.801056978671,0.0,0.0,0.0,0.0,0,0.9250710348364016,0.9373647970302799,False,False,False,False,-0.07067187121359791,-0.08257191449959711,False,False,False,False,-1167380538,-1207265734.8532696,False,False,False,False,78660560.02522963,False,False,False,False
2023-01-23 00:00:00+00:00,139.3205883566,141.4976268183,136.1512942695,136.3685044562,81760313,,,,137.68951880545347,"rgba(239, 83, 80, 0.5)",7.496808124592454,143.3602191092816,-0.5388467579195485,48.9722148747407,-3.2023782381543526,True,False,True,False,True,0.0,137.450013721906,146.637350082663,0.0,0.0,0.0,0.0,0,0.9342109099122679,0.9235135351185039,False,False,False,False,0.04762072555515101,-0.01747559447222305,False,False,False,False,-1085620225,-1202495322.702161,False,False,False,False,78782118.9654167,False,False,False,False
2023-01-24 00:00:00+00:00,140.7225813795,141.3445923686,138.5208599421,138.5257965373,66435142,,,,137.819409837569,#000000,7.474339285003354,143.39460749782623,-0.35749328688990817,50.642254288374964,-1.6118180001191647,True,False,True,False,True,0.07628008725296098,137.601270997338,146.496526571032,0.0,0.0,0.0,0.0,0,0.9632299144015792,0.9143428782236801,False,False,False,False,0.07728955152928192,0.029906978528529436,False,False,False,False,-1019185083,-1195306685.851096,False,False,False,False,78297923.79030232,False,False,False,False
2023-01-25 00:00:00+00:00,140.0610776293,140.6238494765,137.0497545871,139.1033781699,65799349,,,,137.9152026631739,#000000,7.4582043022242575,143.4138252140232,-0.4495381795485698,51.81814313770755,-0.5130432256168689,True,False,True,False,True,0.0,137.502341630508,146.35087208555052,0.0,0.0,0.0,0.0,0,0.9524997986095801,0.9685616897714234,False,False,False,False,0.04795055614972383,0.03892876733912663,False,False,False,False,-1084984432,-1190980322.9549744,False,False,False,False,77807783.60244733,False,False,False,False
2023-01-26 00:00:00+00:00,142.1344475928,142.4207701115,140.1005703905,141.3544655589,54105068,,,,138.02429139603015,#000000,7.466363356423279,143.4460140671886,-0.17566336002925226,53.21891257327101,0.8065525899003987,True,False,True,False,True,1.0086079074215917,137.388997405838,146.2256589110285,0.0,0.0,0.0,0.0,0,0.9425829125492232,0.9744776668923643,False,False,False,False,0.11302369434023875,0.07597623083968269,False,False,False,False,-1030879364,-1184701853.976348,False,False,False,False,76878265.34352782,False,False,False,False
2023-01-27 00:00:00+00:00,144.0794660823,145.3629808216,141.2656068462,141.3396557734,70555843,,,,138.19644729203566,#000000,7.488729880876493,143.50482764230952,0.07673376515527666,54.75331517314808,2.253296079377442,True,False,True,False,True,2.27019616035399,137.342593411416,146.1314992003465,0.0,0.0,0.0,0.0,0,0.9335737950018959,0.9611197635850632,False,False,False,False,0.16889126792880607,0.12243374938424438,False,False,False,False,-960323521,-1175902703.66355,False,False,False,False,76630327.21240908,False,False,False,False
2023-01-30 00:00:00+00:00,141.1866213237,143.7042848508,141.0385234692,143.1168300279,64015274,,,,138.3113692753115,#000000,7.4884330262486,143.53861848221666,-0.3140840213529855,55.15113843996237,2.5931809597009874,True,False,True,False,True,0.3211212409852706,137.20357889195802,146.01348881671,0.0,0.0,0.0,0.0,0,0.9254585761272516,0.9853655311841949,False,False,False,False,0.14313142653780914,0.13278258796102677,False,False,False,False,-1024338795,-1169959020.9708617,False,False,False,False,76135619.243295,False,False,False,False
2023-01-31 00:00:00+00:00,142.4602628727,142.5096288243,140.475751622,140.8904256147,65874459,,,,138.41774611775344,#000000,7.490783890051621,143.56851035333585,-0.14794813158442377,55.74540273352691,3.148266806203708,True,False,True,False,True,1.157911286680342,137.114720179236,145.88838126348801,0.0,0.0,0.0,0.0,0,0.9296103807980258,0.9734646327618156,False,False,False,False,0.11929424371940148,0.12603841584021414,False,False,False,False,-958464336,-1161665111.756318,False,False,False,False,75733220.80238147,False,False,False,False
2023-02-01 00:00:00+00:00,143.5858065672,144.7508430229,139.5279253529,142.1443207831,77663633,,,,138.5498858222781,#000000,7.505122370981122,143.60872227617565,-0.0030533424830305666,56.46621429464001,3.8416908376365697,True,False,True,False,True,1.8965728812264722,137.01026182583598,145.7940138660235,0.0,0.0,0.0,0.0,0,0.9305078247076438,0.9701163386137358,False,False,False,False,0.1368227166130163,0.1314305662266152,False,False,False,False,-880800703,-1150650821.2168546,False,False,False,False,75808923.24150378,False,False,False,False
2023-02-02 00:00:00+00:00,148.9074561402,149.2628909911,146.2910607101,147.0118036021,118338980,,,,138.89806964891696,"rgba(38, 166, 154, 0.5)",7.579030099295717,143.7502967229169,0.6804511065027096,58.038310557226275,5.370685547874288,True,False,True,False,True,5.262212042352992,137.000981026952,145.7273358781075,0.0,0.0,0.0,0.0,0,0.9330015170694734,0.9557500712144043,False,False,False,False,0.3153587533122629,0.22339465976943904,False,False,False,False,-762461723,-1135427719.3259974,False,False,False,False,77476768.60458206,False,False,False,False
2023-02-03 00:00:00+00:00,152.5407901715,155.3842689785,145.9553722398,146.1528360458,154357337,,,,140.91002343308975,"rgba(38, 166, 154, 1.0)",7.72806733720847,144.50016158808586,1.0404449434208172,59.88356333762915,7.15234473755627,True,False,True,False,True,7.429515992529684,137.129135037078,145.6673740752455,0.0,0.0,0.0,0.0,0,0.9486744243617194,0.9201655982526572,False,False,False,False,0.3428282515673662,0.2831114556684026,False,False,False,False,-608104386,-1114748372.9210563,False,False,False,False,80491692.85538277,False,False,False,False
2023-02-06 00:00:00+00:00,149.8059164577,151.1585435291,148.867963379,150.6402010383,69858306,,,,141.0111933767318,"rgba(38, 166, 154, 0.5)",7.814050236365387,144.54746590120624,0.6729481379607385,60.58204931521514,7.805677513331489,True,False,True,False,True,5.507772840870015,137.159741927016,145.59457334693352,0.0,0.0,0.0,0.0,0,0.9600536746989631,0.9344309257631772,False,False,False,False,0.32424157733459075,0.3036765165014967,False,False,False,False,-677962692,-1097619522.688858,False,False,False,False,80074697.29242659,False,False,False,False
2023-02-07 00:00:00+00:00,152.688888026,153.2615330635,148.7297387147,148.7297387147,83322551,,,,141.285062867692,"rgba(38, 166, 154, 1.0)",7.953337156086007,144.66383761982405,1.0090167496589866,61.60117426494603,8.785418339122572,True,False,True,False,True,7.2078514283519866,137.230433969582,145.5401681172065,0.0,0.0,0.0,0.0,0,0.94821613941472,0.9316414717349667,False,False,False,False,0.3428282516026061,0.32325238405205137,False,False,False,False,-594640141,-1077894841.0540009,False,False,False,False,80202064.10448828,False,False,False,False
2023-02-08 00:00:00+00:00,149.9935070734,152.6197756939,149.2510431627,151.9286523727,64120079,,,,141.43043757836625,"rgba(38, 166, 154, 0.5)",8.037510148287572,144.7274889642838,0.6551802749808225,61.679564196719326,8.857712991809649,True,False,True,False,False,5.332942565472834,137.305667679686,145.495039521783,0.0,0.0,0.0,0.0,0,0.9670546459813647,0.9306236715873659,False,False,False,False,0.3411351539567998,0.33219376900442554,False,False,False,False,-658760220,-1061458189.2479616,False,False,False,False,79571398.02195933,False,False,False,False
2023-02-09 00:00:00+00:00,148.9568220917,152.3729459363,148.5125285281,151.8249838745,56007143,,,,141.5302311889695,"rgba(38, 166, 154, 0.5)",8.082462908185056,144.77178746756547,0.5177919987602244,61.46340234563104,8.857712991809649,True,False,True,False,False,4.620268299090846,137.436981110708,145.43937083674652,0.0,0.0,0.0,0.0,0,0.9838044424992223,0.9278430072066698,False,False,False,False,0.3273545573640646,0.3297741631842451,False,False,False,False,-714767363,-1047862470.571571,False,False,False,False,78647309.58972563,False,False,False,False
2023-02-10 00:00:00+00:00,149.3221301329,149.6485405372,147.5521373315,147.7894548021,57450708,,,,141.59557142454662,"rgba(38, 166, 154, 0.5)",8.110277962832361,144.80141466470783,0.5574057373754185,61.35233881773566,8.857712991809649,True,False,True,False,False,4.844062168823651,137.635827163398,145.415408069351,0.0,0.0,0.0,0.0,0,0.9936249717293983,0.9315535376740655,False,False,False,False,0.27682334589647933,0.3032987545403622,False,False,False,False,-657316655,-1032546948.3922937,False,False,False,False,77816070.31169719,False,False,False,False
2023-02-13 00:00:00+00:00,152.1303868681,152.5358042136,149.2331360814,149.2647784108,62199013,,,,141.75826224416613,"rgba(38, 166, 154, 0.5)",8.14661231879916,144.87229252018346,0.8909340550264958,61.75388027420607,9.033812676342976,True,False,True,False,False,6.551389209425288,137.755378179844,145.406616891028,0.0,0.0,0.0,0.0,0,1.0009977794501166,0.9348255261770453,False,False,False,False,0.3397046082146835,0.3215016813775229,False,False,False,False,-595117642,-1015392857.9455371,False,False,False,False,77203636.69163063,False,False,False,False
2023-02-14 00:00:00+00:00,151.4876520519,152.0512810445,149.1738067138,150.4197234343,61707573,,,,141.8983284764574,"rgba(38, 166, 154, 0.5)",8.211945670297672,144.933919341572,0.798073072260163,61.89244118594176,9.233214738875304,True,False,True,False,False,6.090505631735301,137.856545513396,145.359867433613,0.0,0.0,0.0,0.0,0,0.9701151386363828,0.9390667037902721,False,False,False,False,0.33209045516578894,0.3267960682716559,False,False,False,False,-656825215,-1001331381.7515945,False,False,False,False,76595947.91940983,False,False,False,False
2023-02-15 00:00:00+00:00,153.5938446033,153.7619444783,151.1712287578,151.3986580004,65669252,,,,142.1023755680076,"rgba(38, 166, 154, 1.0)",8.353031835029816,145.0240016455874,1.0259559794533,62.37248170424277,9.774727638243228,True,False,True,False,False,7.368558112431597,138.009709888278,145.353086022974,0.0,0.0,0.0,0.0,0,0.9865139520796895,0.9263400452878786,False,False,False,False,0.34282825175142134,0.33481216001153863,False,False,False,False,-591155963,-985246071.2123163,False,False,False,False,76167450.04021728,False,False,False,False
2023-02-16 00:00:00+00:00,151.9919516769,154.5826673974,151.633503414,151.7941871181,68167942,,,,142.29666475421314,"rgba(38, 166, 154, 0.5)",8.322313858379426,145.11080619197313,0.8268308071556919,62.27943539016763,9.774727638243228,True,False,True,False,False,6.199775377471017,138.15413713374602,145.33677169260352,0.0,0.0,0.0,0.0,0,0.9881205497861322,0.9360554587341215,False,False,False,False,0.34282825181150145,0.33882020591152007,False,False,False,False,-659323905,-972464809.7922255,False,False,False,False,75853743.84256169,False,False,False,False
2023-02-17 00:00:00+00:00,150.8449172358,151.2898874931,149.1639184858,150.6471526769,59144118,,,,142.39732675686437,"rgba(38, 166, 154, 0.5)",8.31709083083858,145.1564557626164,0.6839484609319911,61.86200347660053,9.774727638243228,True,False,True,False,False,5.3665460892260874,138.349080226242,145.307252345669,0.0,0.0,0.0,0.0,0,0.9947702345900759,0.9301556043074554,False,False,False,False,0.26948665311294756,0.3041534295122338,False,False,False,False,-718468023,-962504151.486648,False,False,False,False,75198464.39775535,False,False,False,False
2023-02-21 00:00:00+00:00,146.8204084639,149.6088887432,146.7462467543,148.5211836697,58867230,,,,142.43020011805172,#000000,8.296913698719234,145.1716153127826,0.19872367135407656,60.418624174224,9.774727638243228,True,False,True,False,False,2.518636684492698,138.50243351309,145.225470466647,0.0,0.0,0.0,0.0,0,0.985745342234395,0.9127577866368481,False,False,False,False,0.21903256884478778,0.26159299917851075,False,False,False,False,-777335253,-955242626.0557991,False,False,False,False,74558023.8331375,False,False,False,False
2023-02-22 00:00:00+00:00,147.2456022653,148.2739779712,145.5151623757,147.2060493536,51011305,,,,142.4471227879684,#000000,8.33069452835641,145.17919417023003,0.24804751729117214,59.33101526172143,11.721102204077603,True,False,True,False,False,2.7944842849840548,138.63052436513198,145.19127249105202,0.0,0.0,0.0,0.0,0,0.9746634110004856,0.9212867596140146,False,False,False,False,0.18801041067243876,0.22480170492547474,False,False,False,False,-726323948,-946265422.9947875,False,False,False,False,73634623.09458308,False,False,False,False
2023-02-23 00:00:00+00:00,147.7301254344,148.6596188609,145.5942681992,148.4124131623,48394249,,,,142.4717018212449,#000000,8.36494845012916,145.19000157594684,0.3036628227414778,58.55070507962724,10.921318693622226,True,False,True,False,False,3.1126087938600264,138.777981407054,145.15586049654902,0.0,0.0,0.0,0.0,0,0.9758934132308994,0.9291446278261534,False,False,False,False,0.1936009418670662,0.20920132339627046,False,False,False,False,-677929699,-935742453.4263644,False,False,False,False,72644804.50263865,False,False,False,False
2023-02-24 00:00:00+00:00,145.0701921184,145.5448270595,144.0914553168,145.465721236,55469606,,,,142.45273991969265,#000000,8.369867342014324,145.18039027821592,-0.013166058112147095,57.19999418119981,9.5716495900351,False,False,False,False,False,1.2311726632624413,138.826230715846,145.13283936754348,0.0,0.0,0.0,0.0,0,0.9565343356175967,0.9285766391044221,False,False,False,False,0.13852537698520193,0.17386335019073618,False,False,False,False,-733399305,-927807427.9978796,False,False,False,False,71971267.30645674,False,False,False,False
2023-02-27 00:00:00+00:00,146.2666676992,147.5026961918,145.801920986,146.0590149124,44998470,,,,142.4671075597429,#000000,8.386152042119067,145.1860094219712,0.1288622328573658,56.38538300112974,8.758604045099425,False,True,False,False,False,2.0378006177931667,138.879058083262,145.1037427996625,0.0,0.0,0.0,0.0,0,0.9444257953389171,0.9443323081568819,False,False,False,False,0.18219432079708195,0.17802883549390908,False,False,False,False,-688400835,-918418934.1548256,False,False,False,False,70913510.5493408,False,False,False,False
2023-02-28 00:00:00+00:00,145.7623680742,147.4137021403,145.1888508537,145.4063918684,50546998,,,,142.47800029540048,#000000,8.399450260532667,145.18966702123055,0.06818315904083116,55.581471759339934,7.956346094582479,False,True,False,False,False,1.6772009105067198,138.96642627834402,145.111546412189,0.0,0.0,0.0,0.0,0,0.9564684445644245,0.9263415123845447,False,False,False,False,0.17378839740745564,0.17590861645068234,False,False,False,False,-738947833,-911380851.7565972,False,False,False,False,70114823.78269999,False,False,False,False
2023-03-01 00:00:00+00:00,143.6858402067,145.5828967371,143.3891933685,145.1888508537,55478991,,,,142.45688684508968,#000000,8.358379457582934,145.1778708623987,-0.17850716915527093,54.36957147329275,6.758393239695309,False,True,False,True,False,0.1982549691296569,139.144762129934,145.128358323383,0.0,0.0,0.0,0.0,0,0.9799555302109012,0.9148230271935637,False,False,False,False,0.13067916190050347,0.1532938891755929,False,False,False,False,-794426824,-906794419.2955542,False,False,False,False,69540869.55592744,False,False,False,False
2023-03-02 00:00:00+00:00,144.2791338831,145.0701921184,142.291600067,142.7662350082,52279761,,143.8803086895,,143.00875346534832,#000000,8.353978557992528,145.07968751071138,-0.09582902590113336,53.53945708594978,5.940591485548204,False,True,False,True,False,0.6165361521621087,139.374259152456,145.1257436146535,1.0,145.07019,142.2916,0.0,0,0.9862884992984209,0.8945072091108442,False,False,False,False,0.11172074221838997,0.13250731569699142,False,False,False,False,-742147063,-900337660.2251403,False,False,False,False,68863963.33804794,False,False,False,False
2023-03-03 00:00:00+00:00,149.3419065888,149.4210124123,145.6832622507,146.3902705485,70732297,,146.3346618846585,,143.55628333262518,#000000,8.373039424045043,145.2714034768543,0.4861440279686661,54.095729167414085,5.940591485548204,False,True,False,False,True,4.070184104560916,139.747268883586,145.1561696153075,0.0,0.0,0.0,0.0,0,1.010337311574656,0.8571615766268602,False,False,False,False,0.20386171612976856,0.16818451591338,False,False,False,False,-671414766,-891360291.8241544,False,False,False,False,68937231.32479116,False,False,False,False
2023-03-06 00:00:00+00:00,152.1106104122,154.5530027135,151.7447459784,152.0661133864,87558028,,149.02419977382868,,144.27444965385968,"rgba(38, 166, 154, 0.5)",8.449140173369459,145.53977674067332,0.7776925860736764,55.12280143846185,5.940591485548204,False,True,True,False,True,5.861545975801199,140.17703493782602,145.182229370962,0.0,0.0,0.0,0.0,0,1.0377539081040297,0.8325067251738137,False,False,False,False,0.34282825181523,0.255506383864305,False,False,False,False,-583856738,-879301328.9290894,False,False,False,False,69667458.64538759,False,False,False,False
2023-03-07 00:00:00+00:00,149.9055355814,152.3082760887,149.4407888682,151.9820634489,56182028,,149.3458793496702,,144.4148240619525,"rgba(38, 166, 154, 0.5)",8.471763720944214,145.59944415522702,0.5082874792089972,55.33926894839,5.940591485548204,False,True,True,False,True,4.235271668593164,140.500498396544,145.23870326972198,0.0,0.0,0.0,0.0,0,1.0124393637077502,0.8650199893732626,False,False,False,False,0.28475841954393294,0.270132401704119,False,False,False,False,-640038766,-869918483.3240272,False,False,False,False,69138618.22792141,False,False,False,False
2023-03-08 00:00:00+00:00,151.1613405299,151.7546342063,150.132964824,151.1020111622,47204791,,149.59703636804474,,144.53277726850152,"rgba(38, 166, 154, 0.5)",8.525801211120092,145.6504299684493,0.6463803723529121,55.78145984376695,5.940591485548204,False,True,True,False,True,5.052785235656479,140.91266129977998,145.3185339990305,0.0,0.0,0.0,0.0,0,1.033634835676387,0.8569195681956815,False,False,False,False,0.28649787590324294,0.278315138803681,False,False,False,False,-592833975,-859052424.1740654,False,False,False,False,68278468.14055195,False,False,False,False
2023-03-09 00:00:00+00:00,148.9068245594,152.807730482,148.5459042395,151.842639435,53833582,,149.66872608091438,,144.60934357372165,#000000,8.527010463616403,145.6869840177555,0.3776048540556082,55.518478786166135,5.940591485548204,False,True,True,False,True,3.3937163128014056,141.28704004443,145.385910974598,0.0,0.0,0.0,0.0,0,1.0281817780164584,0.8405976661799791,False,False,False,False,0.2798025115232295,0.27905882516345526,False,False,False,False,-646667557,-850723605.8535138,False,False,False,False,67712002.01739305,False,False,False,False
2023-03-10 00:00:00+00:00,146.8401849198,149.2529125373,145.9597371039,148.5310718976,68572400,,149.30449753132345,,144.5670311584451,#000000,8.498714413298265,145.67873295856822,0.13666207672708972,54.765685433170326,5.940591485548204,False,True,False,False,False,1.9029271881874443,141.65622187279402,145.41578775252898,0.0,0.0,0.0,0.0,0,1.0213412459733968,0.8573686802297652,False,False,False,False,0.2043776760586783,0.24171825061106678,False,False,False,False,-715239957,-845410521.5847486,False,False,False,False,67745743.11475019,False,False,False,False
2023-03-13 00:00:00+00:00,148.7881658241,151.4283226843,146.0491266845,146.1529530779,84457122,,149.21542326363132,,144.6151456272708,#000000,8.525673203256522,145.7069140917809,0.36140861359102455,54.60384432010696,5.940591485548204,False,True,False,False,False,3.2159040196583497,142.143151377858,145.468938719122,0.0,0.0,0.0,0.0,0,1.037311243334874,0.8435210062465027,False,False,False,False,0.23188529777322164,0.2368017741921442,False,False,False,False,-630782835,-836993749.5618173,False,False,False,False,68401091.30632862,False,False,False,False
2023-03-14 00:00:00+00:00,150.8844701475,151.6854166107,148.4223013903,149.5891122873,73695893,,149.3536760507249,,144.72556590808202,"rgba(38, 166, 154, 0.5)",8.560668415385878,145.75908154104727,0.5987136001250786,54.933762240285574,5.940591485548204,False,True,True,False,False,4.604404777993789,142.60151239063,145.531783758073,0.0,0.0,0.0,0.0,0,1.0497756797231603,0.8473855748484387,False,False,False,False,0.26427348959997193,0.25053763189605804,False,False,False,False,-557086942,-826017012.0103735,False,False,False,False,68608730.58843338,False,False,False,False
2023-03-15 00:00:00+00:00,151.2799992651,151.5321490776,148.2443132873,149.5001182358,77167866,,149.46838837034173,,144.83238328364496,"rgba(38, 166, 154, 0.5)",8.5911018965511,145.81063209517345,0.6366316260458086,55.28975286613644,5.940591485548204,False,True,True,False,False,4.865589093886086,143.06146514396,145.58056216395852,0.0,0.0,0.0,0.0,0,1.0502086039059741,0.8460087090628742,False,False,False,False,0.2601659044014395,0.25535176814874877,False,False,False,False,-479919076,-812444543.9315354,False,False,False,False,68944382.95751444,False,False,False,False
2023-03-16 00:00:00+00:00,154.1080324562,154.7112143606,149.9450884932,150.4592763461,76254419,,149.820437295674,,145.0254641415516,"rgba(38, 166, 154, 0.5)",8.701543625744273,145.89875500800233,0.9434277182625168,56.174791673536284,4.017460007631939,False,True,True,False,True,6.7140610255476645,143.673945970852,145.6146404066855,0.0,0.0,0.0,0.0,0,1.0781856439300537,0.831888986173537,False,False,False,False,0.32163417064325894,0.2884929693960039,False,False,False,False,-403664657,-796413960.1302986,False,False,False,False,69231051.0376119,False,False,False,False
2023-03-17 00:00:00+00:00,153.2675330812,154.9880847429,152.5555806695,154.3354616988,98944633,,150.2624545139394,,145.2797935143605,"rgba(38, 166, 154, 0.5)",8.810754549193309,146.01674310848426,0.8229476751658705,56.64500246094365,4.523097836870782,False,False,True,False,True,6.066101598913512,144.244143979264,145.648453398833,0.0,0.0,0.0,0.0,0,1.0883400203698363,0.8169028527479149,False,False,False,False,0.3428282518708779,0.31566061063344086,False,False,False,False,-502609290,-784892208.360483,False,False,False,False,70396289.54594085,False,False,False,False
2023-03-20 00:00:00+00:00,155.640707787,156.0560133605,152.4270337063,153.3367506768,73641415,,150.6180890860185,,145.48549092287178,"rgba(38, 166, 154, 1.0)",8.959297884531924,146.11305926856912,1.0634369613806682,57.51492120032508,5.416833964194993,False,False,True,False,True,7.605814286490023,144.888265631802,145.6947720670325,0.0,0.0,0.0,0.0,0,1.089063578527891,0.806709940274692,False,False,False,False,0.34282825179540444,0.32924443121442265,False,False,False,False,-428967875,-770934391.3659544,False,False,False,False,70523549.36766866,False,False,False,False
2023-03-21 00:00:00+00:00,157.4996946399,157.6183533752,154.7903201841,155.5616019635,73938285,,151.06552986733124,,145.73345518576224,"rgba(38, 166, 154, 1.0)",9.13116102352209,146.22913251937183,1.2342967221249241,58.58284358812054,6.492991636951544,True,False,True,False,True,8.787942183103489,145.478733670616,145.7380817748235,0.0,0.0,0.0,0.0,0,1.1030087008514984,0.809216552835051,False,False,False,False,0.34282825178495197,0.3360363414996873,False,False,False,False,-355029590,-754624399.1555248,False,False,False,False,70657460.56893656,False,False,False,False
2023-03-22 00:00:00+00:00,156.0659015885,160.3277278309,156.0461251326,157.5194710957,75701811,,151.51927402415183,,145.99253628257367,"rgba(38, 166, 154, 1.0)",9.264524971126697,146.3519407525349,1.0485114850722623,58.998973822900204,6.924207065017988,True,False,True,False,True,7.647027028271683,146.030060266682,145.802915199735,0.0,0.0,0.0,0.0,0,1.083382577005256,0.8134055580531803,False,False,False,False,0.3428282519579821,0.3394322967288347,False,False,False,False,-430731401,-741922712.9533474,False,False,False,False,70855278.23289983,False,False,False,False
2023-03-23 00:00:00+00:00,157.1536066619,159.7444212647,155.9175781694,157.0547243825,67622060,,151.8809789910575,,146.21124744216144,"rgba(38, 166, 154, 1.0)",9.41993814428487,146.4574010998277,1.135485753540934,59.55867574718606,7.500084605716381,True,False,True,False,True,8.349570790747173,146.591688063466,145.869446766033,0.0,0.0,0.0,0.0,0,1.09216315515189,0.8055137105460509,False,False,False,False,0.3334003909746797,0.3364163438517572,False,False,False,False,-363109341,-727067286.6022358,False,False,False,False,70728485.36102141,False,False,False,False
2023-03-24 00:00:00+00:00,158.4588527501,158.5478468016,156.0856780443,157.0843890664,59256343,,152.16890801518105,,146.39398618112043,"rgba(38, 166, 154, 1.0)",9.604321688292345,146.5467980374594,1.2402806881366084,60.275639225500456,8.229227340390203,True,False,True,False,True,9.19011949797644,147.124920771544,145.929856159048,0.0,0.0,0.0,0.0,0,1.0803440609047288,0.824204455611311,False,False,False,False,0.31915903506087984,0.32778768945631853,False,False,False,False,-303852998,-710470647.8335207,False,False,False,False,70278597.42529508,False,False,False,False
2023-03-27 00:00:00+00:00,156.5108718458,158.973040603,156.1054545002,158.152317684,52390266,,152.37971928549194,,146.53884583818382,"rgba(38, 166, 154, 1.0)",9.743778293427399,146.6189998118352,1.0151988003090442,60.217134909008166,8.229227340390203,True,False,True,False,True,7.603672706964456,147.620773571984,145.9842168159435,0.0,0.0,0.0,0.0,0,1.0749530458406669,0.8260680127006876,False,False,False,False,0.3248902733673077,0.3263389814118131,False,False,False,False,-356243264,-696579377.879265,False,False,False,False,69577094.23214626,False,False,False,False
2023-03-28 00:00:00+00:00,155.8879134855,156.7185246325,154.2365794194,156.2043367796,45992152,,152.4945596755993,,146.6364752052812,"rgba(38, 166, 154, 0.5)",9.858660517060025,146.6694509552096,0.9350623763074312,59.967475371031526,8.229227340390203,True,False,True,False,False,7.0988374940868475,148.07750959140202,146.061645368902,0.0,0.0,0.0,0.0,0,1.0634346983498413,0.84182388262773,False,False,False,False,0.26412901597230215,0.29523399869205763,False,False,False,False,-402235416,-685036477.4134115,False,False,False,False,68652194.53676797,False,False,False,False
2023-03-29 00:00:00+00:00,158.973040603,159.2499109854,157.5689122355,157.5886886913,51305691,,152.72705207917383,,146.79206236061,"rgba(38, 166, 154, 1.0)",10.034382424400645,146.74729986546498,1.2183849708384271,60.4234453869133,8.476607593487081,True,False,True,False,False,9.133093097701455,148.572647424056,146.18161734130751,0.0,0.0,0.0,0.0,0,1.0588883153514999,0.8410684689490959,False,False,False,False,0.34282825146591445,0.319031125078986,False,False,False,False,-350929725,-671934251.8285718,False,False,False,False,67971939.49611041,False,False,False,False
2023-03-30 00:00:00+00:00,160.5452688456,160.654039353,159.4684408229,159.7245459265,49501689,,152.99279681179075,,146.9622847698012,"rgba(38, 166, 154, 1.0)",10.234178099526051,146.83215525638084,1.3399330611467675,61.10566148550945,9.186310227170239,True,False,True,False,True,10.14350451236977,149.113644679404,146.3352886337395,0.0,0.0,0.0,0.0,0,1.0624640548602373,0.8384709141369477,False,False,False,False,0.34282825164795605,0.33092968836347103,False,False,False,False,-301428036,-657404596.3058828,False,False,False,False,67247615.94724333,False,False,False,False
2023-03-31 00:00:00+00:00,163.0568787426,163.155761022,160.1002985883,160.6243746691,68749792,,153.42038888416764,,147.22849270901298,"rgba(0, 255, 255, 0.75)",10.488453808355887,146.96476938809639,1.534268982686793,62.12618898715154,10.217679509766924,True,False,True,False,True,11.725730917400583,149.703689349856,146.4971870047315,0.0,0.0,0.0,0.0,0,1.072948098173416,0.8114688610596847,False,False,False,False,0.3428282516958038,0.3368789700296374,False,False,False,False,-232678244,-640748660.9213384,False,False,False,False,67306524.81205733,False,False,False,False
2023-04-03 00:00:00+00:00,164.312683691,164.4313424263,162.3844792426,162.4339203823,56976187,,153.80557311656162,,147.46661074627946,"rgba(0, 255, 255, 0.75)",10.761960572801787,147.08381858672385,1.6009039419655435,63.17967708328614,11.267429900364561,True,False,True,False,True,12.50361339155667,150.267509529704,146.6522238409545,0.0,0.0,0.0,0.0,0,1.0842625556488417,0.8123359803439943,False,False,False,False,0.3428282514025636,0.33985361071610054,False,False,False,False,-175702057,-622511539.198933,False,False,False,False,66901413.52530999,False,False,False,False
2023-04-04 00:00:00+00:00,163.7787193822,164.9751949631,163.2645315293,164.7329333785,46278295,,154.1065896726946,,147.65682956331244,"rgba(0, 255, 255, 0.75)",11.004480359319443,147.17976395177962,1.5083815762698054,63.84466992901859,11.928567891069314,True,False,True,False,True,12.039347860156226,150.756672150216,146.8310196213915,0.0,0.0,0.0,0.0,0,1.0700528184900995,0.836025265211961,False,False,False,False,0.34282825148593216,0.3413409311010164,False,False,False,False,-221980352,-606804433.8185828,False,False,False,False,66092663.779219404,False,False,False,False
2023-04-05 00:00:00+00:00,161.9296207573,163.2052021617,159.9915280809,162.8986670955,51511744,,154.34835699568686,,147.8267457903424,"rgba(38, 166, 154, 1.0)",11.14230207808238,147.26770571567903,1.3158784368682568,63.71933426472537,11.928567891069314,True,False,True,False,True,10.437538044988134,151.180812937772,146.9931875719,0.0,0.0,0.0,0.0,0,1.0339804766042195,0.8430550684469102,False,False,False,False,0.2705942682411035,0.3059675996710599,False,False,False,False,-273492096,-593733361.7472658,False,False,False,False,65520863.00356374,False,False,False,False
2023-04-06 00:00:00+00:00,162.819561272,163.1146259937,160.1892926397,160.6144864412,45390123,,154.55805561046958,,147.97599959498316,"rgba(38, 166, 154, 1.0)",11.259610903121247,147.345448571052,1.3743026143699553,63.7991560028039,11.928567891069314,True,False,True,False,False,11.015824113609654,151.635982610626,147.1385933105655,0.0,0.0,0.0,0.0,0,1.0445178237212096,0.8392424094054681,False,False,False,False,0.26476359814025224,0.28536559890565605,False,False,False,False,-228101973,-579394875.9140397,False,False,False,False,64731422.219110265,False,False,False,False
2023-04-10 00:00:00+00:00,160.2189573236,160.2189573236,158.2907528751,159.6157754192,47716882,,154.69785214905087,,148.0951420294947,"rgba(38, 166, 154, 1.0)",11.276813421560592,147.40978673792605,1.1358856537595605,62.96080259902605,11.928567891069314,True,False,True,False,False,8.778231605150019,151.997672805242,147.27355523958101,0.0,0.0,0.0,0.0,0,1.0003745620469222,0.8536347830082921,False,False,False,False,0.19036172546857658,0.2378636621871163,False,False,False,False,-275818855,-567489933.9174107,False,False,False,False,64064185.347772606,False,False,False,False
2023-04-11 00:00:00+00:00,159.0027052869,160.5452688456,158.7159466766,160.5353806177,47644217,,154.82568250066794,,148.20872406853633,"rgba(38, 166, 154, 1.0)",11.258333096214695,147.4717833745896,1.0242121825465773,61.87848977527189,13.742134991725969,True,False,True,False,False,7.75092801739968,152.296137589334,147.388064959435,0.0,0.0,0.0,0.0,0,0.996029024548984,0.8670651196148254,False,False,False,False,0.20174867154196316,0.21980616686453974,False,False,False,False,-323463072,-557920253.0579045,False,False,False,False,63420265.02040897,False,False,False,False
2023-04-12 00:00:00+00:00,158.310529331,160.2486220074,157.9941060369,159.4180108604,50133062,,154.93713844522952,,148.31716708210314,"rgba(38, 166, 154, 0.5)",11.267561523123433,147.53204282573458,0.956594422239956,60.76857800133238,12.648155703854101,True,False,True,False,False,7.165833894225891,152.63861574947998,147.48242971833253,0.0,0.0,0.0,0.0,0,0.9953041600152825,0.8606174223549138,False,False,False,False,0.18632822365659332,0.20306719526056655,False,False,False,False,-373596134,-550691856.2321043,False,False,False,False,62899198.23529489,False,False,False,False
2023-04-13 00:00:00+00:00,163.7095017866,163.9468192572,159.6157754192,159.8234282059,68445649,,155.2098494062403,,148.52513656421533,"rgba(38, 166, 154, 1.0)",11.308760487452341,147.6435068181431,1.4206680728876475,61.07686591007747,12.648155703854101,True,False,True,False,False,10.779870656761972,153.063600527758,147.603789339508,0.0,0.0,0.0,0.0,0,1.0004877729958719,0.8276686363390962,False,False,False,False,0.26587323615256836,0.23447021570656745,False,False,False,False,-305150485,-541062782.8504531,False,False,False,False,63116706.10842059,False,False,False,False
2023-04-14 00:00:00+00:00,163.3634138087,164.4610071101,161.988950125,162.7503436764,49386480,,155.41629233800026,,148.68096915730328,"rgba(38, 166, 154, 1.0)",11.318272355081275,147.72723384993176,1.38149882492874,61.21403141305538,12.648155703854101,True,False,True,False,True,10.481972417778724,153.459152672588,147.7441874950025,0.0,0.0,0.0,0.0,0,1.0200168291185205,0.8350336977168948,False,False,False,False,0.31073218289160537,0.27260119929908644,False,False,False,False,-354536965,-533748044.8955334,False,False,False,False,62578265.868874684,False,False,False,False
2023-04-17 00:00:00+00:00,163.3831902646,163.5414019116,162.1966029117,163.2447550734,40713618,,155.57392402426447,,148.80372836430587,"rgba(38, 166, 154, 1.0)",11.271873313068562,147.79383434118398,1.3830315059823972,61.33049627845375,12.648155703854101,True,False,True,False,True,10.495034474711826,153.748667355076,147.8758749441905,0.0,0.0,0.0,0.0,0,0.9973164717624259,0.8612220719553295,False,False,False,False,0.29813845853060705,0.28536982891484675,False,False,False,False,-313823347,-525123546.9388458,False,False,False,False,61720828.697546266,False,False,False,False
2023-04-18 00:00:00+00:00,164.6093305292,165.5388239557,163.7984958381,164.2434660954,49923008,,155.79830563736883,,148.970710962808,"rgba(0, 255, 255, 0.75)",11.128138735983283,147.88388199872244,1.5029870607557358,61.69235064614978,12.648155703854101,True,False,True,False,True,11.310793601248363,153.99003816223,148.026046204953,0.0,0.0,0.0,0.0,0,1.0067965462963313,0.8814940900598018,False,False,False,False,0.34282825088639646,0.3140990399006216,False,False,False,False,-263900339,-514879499.568695,False,False,False,False,61258169.06234837,False,False,False,False
2023-04-19 00:00:00+00:00,165.7563649704,166.2804410512,163.6897253308,163.9468192572,47720166,,156.01635207200823,,149.13303157759492,"rgba(0, 255, 255, 0.75)",11.075258012442584,147.97173093932844,1.6057986198688354,62.23226271998422,12.648155703854101,True,False,True,False,True,12.070478427895424,154.309047132484,148.17107599503052,0.0,0.0,0.0,0.0,0,0.9964319117231425,0.8579077018118944,False,False,False,False,0.3428282509388114,0.3284636454197165,False,False,False,False,-216180173,-503165800.48756975,False,False,False,False,60727266.98147196,False,False,False,False
2023-04-20 00:00:00+00:00,164.7873186322,165.9936824409,163.7095017866,164.2335778675,52456377,,156.2345116538996,,149.30132582731522,"rgba(0, 255, 255, 0.75)",10.98709594944748,148.06384941214716,1.5221009534274454,62.302761990754405,12.648155703854101,True,False,True,False,True,11.184266450949885,154.55101574460798,148.29831685622102,0.0,0.0,0.0,0.0,0,0.9973983630138596,0.8712488261591625,False,False,False,False,0.338194387277128,0.33332901634842227,False,False,False,False,-268636550,-493968574.9782533,False,False,False,False,60402918.35474758,False,False,False,False
2023-04-21 00:00:00+00:00,163.1755374778,164.5916306012,162.651461397,163.2052021617,58337341,,156.42842419864328,,149.46405442188356,"rgba(38, 166, 154, 1.0)",10.705992237202466,148.15484589029464,1.4030172313510236,61.762393828050705,12.648155703854101,False,False,True,False,True,9.720768813899642,154.814656352696,148.4108054929375,0.0,0.0,0.0,0.0,0,0.9862907243986396,0.8742776068580135,False,False,False,False,0.2961199692114806,0.3147244927799514,False,False,False,False,-326973891,-487419763.84185123,False,False,False,False,60321915.321228065,False,False,False,False
2023-04-24 00:00:00+00:00,163.482072544,163.7490546984,162.0581677205,163.155761022,41949581,,156.5544489431605,,149.57436971639453,"rgba(38, 166, 154, 1.0)",10.43784542775018,148.21727354299185,1.4624473131614866,61.39743399292648,12.648155703854101,False,False,True,False,False,9.935185335758614,155.105161361742,148.5079458614935,0.0,0.0,0.0,0.0,0,0.9870518706429912,0.8764064991120684,False,False,False,False,0.27203389112417603,0.29337919195206374,False,False,False,False,-285024310,-479482687.2206022,False,False,False,False,59601431.62235638,False,False,False,False
2023-04-25 00:00:00+00:00,161.9395089853,164.4461747682,161.8999560735,163.3436373528,48714063,,156.68776110148158,,149.69582297815342,"rgba(38, 166, 154, 1.0)",10.064007469712298,148.2867578234944,1.3565919145920384,60.528253935559675,12.20932084230985,False,True,True,False,False,8.526403234806459,155.35750893879,148.593977537326,0.0,0.0,0.0,0.0,0,0.9923618832347446,0.8542863845419109,False,False,False,False,0.28103638042494683,0.2872077861885053,False,False,False,False,-333738373,-473767223.9178335,False,False,False,False,59174475.990107104,False,False,False,False
2023-04-26 00:00:00+00:00,161.9296207573,163.4326314043,160.980350875,161.2325006875,44105745,,156.79126341153952,,149.79677184325178,"rgba(38, 166, 154, 1.0)",9.806216979374712,148.3454272509643,1.3852634032988629,59.81344993165306,11.48629186779845,False,True,True,False,False,8.517342108596349,155.553493616574,148.690639552595,0.0,0.0,0.0,0.0,0,0.9751323467020608,0.8792467428772848,False,False,False,False,0.24893756722241459,0.2680726767054599,False,False,False,False,-377844118,-470005533.48968315,False,False,False,False,58583545.363044076,False,False,False,False
2023-04-27 00:00:00+00:00,166.5276467497,166.6759701689,163.3436373528,163.3436373528,64902329,,157.029450700594,,149.9914454500773,"rgba(0, 255, 255, 0.75)",9.620987168821332,148.455173431652,1.878442721201764,60.40025683253107,11.48629186779845,False,True,True,False,True,11.771924261576657,155.85429351053,148.8054193555355,0.0,0.0,0.0,0.0,0,0.9825273305106746,0.8475910979434107,False,False,False,False,0.34282825094284086,0.3054504638241504,False,False,False,False,-312941789,-463846170.96067595,False,False,False,False,58831340.79978745,False,False,False,False
2023-04-28 00:00:00+00:00,167.7834516982,167.9515515732,166.0036695512,166.6067525733,55275851,,157.26160947469552,,150.17374902525384,"rgba(0, 255, 0, 1.0)",9.451005352342483,148.55743191934397,2.0342830272644754,61.15619203618899,11.48629186779845,False,True,True,False,True,12.622937809485112,156.138085652428,148.92829915963,0.0,0.0,0.0,0.0,0,0.986799709440384,0.8498021869714074,False,False,False,False,0.3428282512361575,0.324139357530154,False,False,False,False,-257665938,-455760671.6288848,False,False,False,False,58691909.82724676,False,False,False,False
2023-05-01 00:00:00+00:00,167.6944576468,168.5448452497,166.7550759924,167.3879225806,52472936,,157.4812785604589,,150.34717458474668,"rgba(0, 255, 0, 1.0)",9.333350160351939,148.65517705159053,2.039919243155402,61.738755664224776,10.06851693806859,False,True,True,False,True,12.537738800006181,156.452135771826,149.036067751017,0.0,0.0,0.0,0.0,0,0.9886095017745988,0.8501543981434887,False,False,False,False,0.3428282513253374,0.3334838044277457,False,False,False,False,-310138874,-450050012.89834034,False,False,False,False,58448028.50068807,False,False,False,False
2023-05-02 00:00:00+00:00,166.656193713,168.4459629702,165.6673709189,168.1888690438,48425696,,157.66175512078735,,150.49566470677198,"rgba(0, 255, 255, 0.75)",9.164442105148778,148.73995763564804,1.95497291289409,61.790319673416626,10.133727592734168,False,True,True,False,True,11.53604612465249,156.76836130137,149.1302783743575,0.0,0.0,0.0,0.0,0,0.997840007582593,0.8336308988770351,False,False,False,False,0.3246033716355981,0.3290435880316719,False,False,False,False,-358564570,-446462348.4709545,False,False,False,False,58054995.85360226,False,False,False,False
2023-05-03 00:00:00+00:00,165.5783768674,169.0095919629,165.2916182572,167.6054635953,65136018,,157.88646465410983,,150.68612469363,"rgba(0, 255, 255, 0.75)",8.988596866396213,148.84984732386866,1.8610835252908946,61.400823902929076,10.133727592734168,False,True,True,False,True,10.499676280447748,157.14352066944,149.2343567428645,0.0,0.0,0.0,0.0,0,1.0195610783951345,0.8265260177568682,False,False,False,False,0.32747485186041364,0.3282592199460428,False,False,False,False,-423700588,-445569730.41327,False,False,False,False,58332682.99659825,False,False,False,False
2023-05-04 00:00:00+00:00,163.9369310293,165.1729595219,162.473473294,163.0469905146,81235427,,158.06757808945108,,150.86922596586558,"rgba(0, 255, 255, 0.75)",8.795082835167017,148.9599350000231,1.7028828846718296,60.45344783032154,10.133727592734168,False,True,True,False,False,8.937502738680411,157.47734724472,149.310886159755,0.0,0.0,0.0,0.0,0,1.0079095786585863,0.8407857266656025,False,False,False,False,0.22852549291535906,0.2783923564307009,False,False,False,False,-504936015,-447897820.0049065,False,False,False,False,59230829.82026107,False,False,False,False
2023-05-05 00:00:00+00:00,171.6299723672,172.3518130068,168.8513803158,169.0639772165,113453171,,158.59058748732429,,151.27737522254182,"rgba(0, 255, 0, 1.0)",8.721505609692027,149.19310282536009,2.572591310026366,61.45358095045246,10.133727592734168,False,False,True,False,True,14.246151981688712,157.955344183376,149.4158408052815,0.0,0.0,0.0,0.0,0,1.0164811464046486,0.8184370825817656,False,False,False,False,0.34282825166413694,0.31061030404741896,False,False,False,False,-391482844,-445685468.0047141,False,False,False,False,61357196.14103515,False,False,False,False
2023-05-08 00:00:00+00:00,171.5607547716,171.9068427495,170.1862910878,170.5521555216,55962793,,158.8386048329715,,151.4743731601268,"rgba(0, 255, 0, 1.0)",8.61705560363915,149.30673344318836,2.582555150162118,62.24654288716022,10.576196775829636,True,False,True,False,True,14.180357325753327,158.48515543644,149.50908056415201,0.0,0.0,0.0,0.0,0,1.0485259787963452,0.8130521545273318,False,False,False,False,0.3428282517088729,0.3267192778781459,False,False,False,False,-447445637,-445754494.23982334,False,False,False,False,61145650.91981809,False,False,False,False
2023-05-09 00:00:00+00:00,169.8500913378,171.6003076833,169.6819914628,171.1157845142,45326874,,159.01929464744887,,151.62296828691439,"rgba(0, 255, 0, 1.0)",8.520613067041715,149.39348558132932,2.400837310122456,62.2704002112289,10.601706505385586,True,False,True,False,True,12.552590812639178,158.956823909212,149.599968168769,0.0,0.0,0.0,0.0,0,1.03906627396766,0.8285307742511188,False,False,False,False,0.3318946994540678,0.32930698866610686,False,False,False,False,-492772511,-447598338.0343401,False,False,False,False,60525306.72688405,False,False,False,False
2023-05-10 00:00:00+00:00,171.6151400253,172.0848308524,169.9786383011,171.0861198304,53724501,,159.24173129274263,,151.80435430834424,"rgba(0, 255, 0, 1.0)",8.532319192789496,149.49945196995805,2.5919902380154176,62.65804901040731,10.995751226091755,True,False,True,False,True,13.73002501282323,159.473879348234,149.70529159279448,0.0,0.0,0.0,0.0,0,1.0441314861173614,0.8239872421808495,False,False,False,False,0.3424268644224246,0.33586692654426575,False,False,False,False,-439048010,-447263031.0526013,False,False,False,False,60258608.463084675,False,False,False,False
2023-05-11 00:00:00+00:00,171.8079604701,172.6385716171,170.2456204555,171.9068427495,49514676,,159.4452580724315,,151.97119574005035,"rgba(0, 255, 0, 1.0)",8.561983929422171,149.59734668839826,2.5940966445145714,63.01513396635897,11.363927307645497,True,False,True,False,True,13.858532489114403,160.036321753502,149.81822322216752,0.0,0.0,0.0,0.0,0,1.058695249205902,0.8097065782739574,False,False,False,False,0.3428282517474342,0.33934758914584995,False,False,False,False,-389533334,-444999121.364264,False,False,False,False,59837277.778257824,False,False,False,False
2023-05-12 00:00:00+00:00,170.8784670437,172.353862048,169.3238562002,171.9181749326,45533138,,159.6159212763126,,152.11547187989018,"rgba(0, 255, 0, 1.0)",8.53252576555876,149.68292607048357,2.484087544015569,62.949789929688066,11.363927307645497,True,False,True,False,True,12.951152095169974,160.568308416714,149.90096449906702,0.0,0.0,0.0,0.0,0,1.059738345105269,0.808539918604523,False,False,False,False,0.32423874192892144,0.3317931655373857,False,False,False,False,-435066472,-444609605.7029203,False,False,False,False,59276331.120286934,False,False,False,False
2023-05-15 00:00:00+00:00,170.3833680489,171.5121937569,169.7892492552,171.4626838575,37266659,,159.7483328314916,,152.22955337014733,"rgba(0, 255, 0, 1.0)",8.52315930164747,149.75109162449047,2.4207310569006313,62.70471505885853,11.363927307645497,True,False,True,False,True,12.465698558028599,160.989137645916,149.97847420858548,0.0,0.0,0.0,0.0,0,1.0510104517127021,0.8397712589689145,False,False,False,False,0.3184306873597617,0.3251119264485737,False,False,False,False,-472333131,-445696802.77339405,False,False,False,False,58413206.72341294,False,False,False,False
2023-05-16 00:00:00+00:00,170.3833680489,171.4411965611,170.1151234136,170.3041522098,42110293,,159.89529665922282,,152.35711752271925,"rgba(0, 255, 0, 1.0)",8.539807672439581,149.82763436216152,2.407048785545575,62.50419925545255,11.363927307645497,True,False,True,False,True,12.465698558028599,161.35459279865,150.030588679499,0.0,0.0,0.0,0.0,0,1.0297031434339174,0.8556492503673767,False,False,False,False,0.3223341627335598,0.3237230445910667,False,False,False,False,-472333131,-446741364.6646335,False,False,False,False,57773876.77347518,False,False,False,False
2023-05-17 00:00:00+00:00,170.9972908024,171.2299873299,168.7496403861,170.0268967727,57951604,,160.08533643092403,,152.52582310478874,"rgba(0, 255, 0, 1.0)",8.487095667303217,149.92974277647824,2.4823035879146613,62.49869510766375,11.363927307645497,True,False,True,False,True,12.90819517474668,161.77642790307,150.090694322049,0.0,0.0,0.0,0.0,0,1.036177598010848,0.8414091307685895,False,False,False,False,0.298333793024737,0.3110284188079019,False,False,False,False,-414381527,-445472351.4228832,False,False,False,False,57780846.46863301,False,False,False,False
2023-05-18 00:00:00+00:00,173.3341580576,173.5222956756,170.8883690236,171.3042521791,65496657,,160.33746836083435,,152.73896485803783,"rgba(0, 255, 0, 1.0)",8.501178588840242,150.0575230616176,2.738047995667139,63.06472136863745,11.57189563624015,True,False,True,False,True,14.569100762677142,162.219884253624,150.169866637679,0.0,0.0,0.0,0.0,0,1.0473332831270734,0.8245015734225621,False,False,False,False,0.3428282514044691,0.32692833510618546,False,False,False,False,-348884870,-441684607.05335844,False,False,False,False,58083427.27378466,False,False,False,False
2023-05-19 00:00:00+00:00,173.4430798364,174.6610233635,173.2252362787,174.6610233635,55809475,,160.56461136041096,,152.92840952258234,"rgba(0, 255, 0, 1.0)",8.524832389070772,150.17103575689515,2.7299122161440583,63.55345102985369,12.08701584091429,True,False,True,False,True,14.64588501412927,162.71060935916398,150.219463628043,0.0,0.0,0.0,0.0,0,1.0753782667420049,0.8204818332471394,False,False,False,False,0.3428282516031407,0.33487829335466307,False,False,False,False,-293075395,-435856794.81597185,False,False,False,False,57994252.67481271,False,False,False,False
2023-05-22 00:00:00+00:00,172.4924897665,172.9974907411,171.7498412744,172.2746462088,43570932,,160.7189228100722,,153.0629285840077,"rgba(0, 255, 0, 1.0)",8.611441080908785,150.25285896505522,2.5825678411420747,63.51850314038665,12.087060206853529,True,False,True,False,True,13.64286555780685,163.223655456098,150.265882566576,0.0,0.0,0.0,0.0,0,1.0840533371912024,0.8021424709033048,False,False,False,False,0.2973680521129537,0.3161231727338084,False,False,False,False,-336646327,-431966188.2349534,False,False,False,False,57428632.25619261,False,False,False,False
2023-05-23 00:00:00+00:00,169.8783670743,171.6799332963,169.5961606473,171.4329779178,50747263,,160.8633498857821,,153.19868798145836,"rgba(0, 255, 0, 1.0)",8.68094954931942,150.33730911307157,2.251027707304259,62.38978523504531,12.087060206853529,True,False,True,False,False,10.944482403705013,163.645459481102,150.3003628499575,0.0,0.0,0.0,0.0,0,1.0647996267394206,0.8177123157869999,False,False,False,False,0.2440501827340566,0.2800866777339325,False,False,False,False,-387393590,-430218243.2061317,False,False,False,False,57166617.77555761,False,False,False,False
2023-05-24 00:00:00+00:00,170.1556225114,170.7282540087,168.8485611652,169.4129740192,45143488,,160.9820308657521,,153.31363162120542,"rgba(0, 255, 0, 1.0)",8.71525418496168,150.4095415690536,2.26569191480595,61.548391080897055,12.974927495421767,True,False,True,False,False,11.154819550034109,164.03088252837998,150.3385950443015,0.0,0.0,0.0,0.0,0,1.043027240062754,0.8245834516063846,False,False,False,False,0.21946270075771762,0.24977468924582505,False,False,False,False,-342250102,-426768512.1784403,False,False,False,False,56695122.490241624,False,False,False,False
2023-05-25 00:00:00+00:00,171.2943501992,172.1904793797,170.0070928129,170.7200353653,56058258,,161.145227871913,,153.46597861753543,"rgba(0, 255, 0, 1.0)",8.796694849688619,150.50466188815724,2.363352221065014,61.196710200042844,12.622682657885008,False,False,True,False,False,12.02151275271061,164.431169547062,150.3822744568995,0.0,0.0,0.0,0.0,0,1.0530482088139115,0.811483947274054,False,False,False,False,0.24811904130260382,0.24894686527421445,False,False,False,False,-286191844,-421255701.66163874,False,False,False,False,56670147.41219293,False,False,False,False
2023-05-26 00:00:00+00:00,173.7104332936,174.04710061,171.413173958,171.6211155358,54834975,,161.32910013008464,,153.62986389260237,"rgba(0, 255, 0, 1.0)",8.884225789433003,150.60601705517323,2.6006111039982156,61.56557478613117,12.622682657885008,False,False,True,False,False,13.819619037513661,164.82321756381,150.41674358098,0.0,0.0,0.0,0.0,0,1.0507946503323415,0.8175387588288042,False,False,False,False,0.29890604194600723,0.2739264536101108,False,False,False,False,-231356869,-413808688.6160843,False,False,False,False,56598179.86661674,False,False,False,False
2023-05-30 00:00:00+00:00,175.5621035339,177.2355381361,174.8392590016,175.2254362175,55964401,,161.55476708239868,,153.82060458148425,"rgba(0, 255, 0, 1.0)",8.984283674007743,150.72249548141477,2.7647844785164364,62.31842037699853,12.622682657885008,True,False,True,False,True,15.155816927809514,165.269108972864,150.46416735903802,0.0,0.0,0.0,0.0,0,1.0481069829720766,0.8010896197302106,False,False,False,False,0.34282825101723885,0.3083773523136748,False,False,False,False,-175392468,-404459032.9056496,False,False,False,False,56573325.79341608,False,False,False,False
2023-05-31 00:00:00+00:00,175.5125936344,177.5920094123,175.0273966196,175.5868584836,99313268,,161.94287988518204,,154.1526334614785,"rgba(0, 255, 0, 1.0)",9.074138423654858,150.92677565937268,2.709438276909677,62.911682913823576,11.47605708512738,True,False,True,False,True,15.102126610763076,165.66654668981198,150.4935520502375,0.0,0.0,0.0,0.0,0,1.050809471594737,0.8047607139487907,False,False,False,False,0.3428282508600355,0.3256028015868552,False,False,False,False,-274705736,-399370668.32111436,False,False,False,False,58249401.95838016,False,False,False,False
2023-06-01 00:00:00+00:00,178.3247559245,178.3544618642,175.1963243966,175.9581827297,68901809,,162.2229187486591,,154.39042774632134,"rgba(0, 255, 0, 1.0)",9.25770644080517,151.07333072771783,2.943647583883859,64.03714181905816,12.575710459046896,True,False,True,False,True,17.10060075076784,166.08304791550398,150.531625592853,0.0,0.0,0.0,0.0,0,1.0346058974564012,0.811094733065828,False,False,False,False,0.3428282509377757,0.33421552626231543,False,False,False,False,-205803927,-391779815.72028637,False,False,False,False,58667143.41099271,False,False,False,False
2023-06-02 00:00:00+00:00,179.1763261955,179.9981905267,177.5028915933,179.2555420346,61996913,,162.4921533045267,,154.61570890084926,"rgba(0, 255, 0, 1.0)",9.437773035627078,151.21194105336687,2.9630279342985997,65.1358215258715,13.635141607890745,True,False,True,False,True,17.6914283163604,166.54525640764402,150.5747455314155,0.0,0.0,0.0,0.0,0,1.0428672232389606,0.8165019246305362,False,False,False,False,0.3428282512329164,0.3385218887476159,False,False,False,False,-143807014,-382055392.12341243,False,False,False,False,58797722.610561624,False,False,False,False
2023-06-05 00:00:00+00:00,177.8197549499,183.1381083514,176.2898990561,180.8398588178,121946497,,163.00298915131515,,155.04891722710323,"rgba(0, 255, 0, 1.0)",9.593528199902288,151.4807782197857,2.745494272939393,65.39073433443235,13.865622499419281,True,False,True,False,True,16.178990555142317,166.95857937340398,150.60359144012452,0.0,0.0,0.0,0.0,0,1.0340508734556528,0.7934885959778083,False,False,False,False,0.34282825135942824,0.34067507005352204,False,False,False,False,-265753511,-377494534.04014134,False,False,False,False,61274145.13563764,False,False,False,False
2023-06-06 00:00:00+00:00,177.4533816938,178.3544618642,175.6908292725,178.2009811758,64848374,,163.23116113438078,,155.2527601934637,"rgba(0, 255, 0, 1.0)",9.708038219804621,151.60996559434145,2.6620636954989925,65.42746292981377,13.896710502493221,True,False,True,False,True,15.770822240516583,167.338469952278,150.6325768440335,0.0,0.0,0.0,0.0,0,1.0284377323642044,0.819803186139187,False,False,False,False,0.2625827938091661,0.3016289319313441,False,False,False,False,-330601885,-375655606.6268025,False,False,False,False,61414310.97345577,False,False,False,False
2023-06-07 00:00:00+00:00,176.0770064884,179.4337776727,175.5819074937,176.6909292419,61944615,,163.44030384742874,,155.4422191732774,"rgba(0, 255, 0, 1.0)",9.764498650852174,151.7309171392393,2.4933271250988356,64.82159897806508,13.896710502493221,True,False,True,False,False,14.239423571667881,167.72979264513,150.66764207364952,0.0,0.0,0.0,0.0,0,1.0273095013263682,0.8163703218441916,False,False,False,False,0.27678018719857667,0.2892045595649604,False,False,False,False,-392546500,-376317994.602222,False,False,False,False,61435107.20979084,False,False,False,False
2023-06-08 00:00:00+00:00,178.8000509595,179.0674044166,175.7205352122,176.1512713376,50214881,,163.61534253393856,,155.59948833309534,"rgba(0, 255, 0, 1.0)",9.790136529277019,151.8313175604295,2.7546840964292527,65.01642408150231,13.896710502493221,True,False,True,False,False,16.240714914942714,168.18803539461,150.7357897202405,0.0,0.0,0.0,0.0,0,1.0415059252996155,0.8039955357510169,False,False,False,False,0.26410078510141133,0.27665267233318586,False,False,False,False,-342331619,-374985195.55899763,False,False,False,False,60995098.338818654,False,False,False,False
2023-06-09 00:00:00+00:00,179.1862281754,180.443779622,178.8594628388,179.7209350897,48899973,,163.80084643136675,,155.76241695090803,"rgba(0, 255, 0, 1.0)",9.814777003471544,151.93479237118476,2.7765720805043514,65.2674651211858,13.896710502493221,True,False,True,False,False,16.519458993715837,168.592299146058,150.8075439101695,0.0,0.0,0.0,0.0,0,1.0523697470849207,0.8093498128083225,False,False,False,False,0.3405861902463665,0.3086194312897762,False,False,False,False,-293431646,-371787017.1449193,False,False,False,False,60520779.69808067,False,False,False,False
2023-06-12 00:00:00+00:00,181.9884884856,182.0875082845,179.1961301553,179.4931895521,54754995,,164.02406707428509,,155.95506024407612,"rgba(0, 255, 0, 1.0)",9.89752342421726,152.05668598934022,3.0241709176482097,66.09408508475916,14.569146353171902,True,False,True,False,True,18.503922850911025,169.02116353885802,150.891830880539,0.0,0.0,0.0,0.0,0,1.0441737566008056,0.8096477371822446,False,False,False,False,0.3428282509737492,0.32572384113176267,False,False,False,False,-238676651,-366567002.786295,False,False,False,False,60294670.49423437,False,False,False,False
2023-06-13 00:00:00+00:00,181.5131934506,182.3449597618,180.6517211998,181.008192476,54929129,,164.24755561872598,,156.14840243351833,"rgba(0, 255, 0, 1.0)",9.883716201788754,152.17940873626685,2.9678902262515714,66.5434689555341,15.019550457429744,True,False,True,False,True,17.957979959207766,169.390289833018,150.9614203664805,0.0,0.0,0.0,0.0,0,1.0505842281929523,0.8240435591278942,False,False,False,False,0.3428282511054846,0.3342760461186236,False,False,False,False,-293605780,-363705778.36330307,False,False,False,False,60084257.10230361,False,False,False,False
2023-06-14 00:00:00+00:00,182.1469201639,182.5826072793,180.2358380442,181.57260533,57462882,,164.47732140159556,,156.34845169248416,"rgba(0, 255, 0, 1.0)",9.891348907636528,152.30697249262914,3.0167723280121272,67.05142907870535,15.528337351008076,True,False,True,False,True,18.407540940383704,169.74697456247603,151.0657695537135,0.0,0.0,0.0,0.0,0,1.030934944064568,0.831936637914265,False,False,False,False,0.3398813921423545,0.33707871913048904,False,False,False,False,-236142898,-358703312.46670294,False,False,False,False,59981458.07868386,False,False,False,False
2023-06-15 00:00:00+00:00,184.1867280222,184.6917289968,181.9785865057,182.1568221438,65433166,,164.7607602114138,,156.59080558370187,"rgba(0, 255, 0, 1.0)",9.913793359225288,152.4609071119739,3.2001696788145773,67.89616663199007,16.363633379000945,True,False,True,False,True,19.835496199506842,170.155134735276,151.1913574045285,0.0,0.0,0.0,0.0,0,1.0369102311768894,0.8219013228740996,False,False,False,False,0.34282825135656864,0.33995348524352886,False,False,False,False,-170709732,-351331015.1934989,False,False,False,False,60195250.546186455,False,False,False,False
2023-06-16 00:00:00+00:00,183.1074122137,185.1571220519,182.4637835205,184.8996705746,101256225,,165.18223907746446,,156.9558267907118,"rgba(0, 255, 0, 1.0)",9.823706968551159,152.6946132506984,3.0958577103696934,68.04998060725596,16.520510632052364,True,False,True,False,True,18.56086812557677,170.57869056440398,151.32372183344302,0.0,0.0,0.0,0.0,0,1.0677113373430007,0.8084562147502611,False,False,False,False,0.34282825141545487,0.34139086832949184,False,False,False,False,-271965957,-348218659.9702245,False,False,False,False,61805484.83849287,False,False,False,False
2023-06-20 00:00:00+00:00,183.1965300327,184.2758458413,182.602411239,182.602411239,49799092,,165.38030223827894,,157.12977078154788,"rgba(0, 255, 0, 1.0)",9.724167952775867,152.80688560066503,3.125166551998922,68.19617257760108,16.680092798045422,True,False,True,False,True,18.624707893497714,170.986229939618,151.4648608537075,0.0,0.0,0.0,0.0,0,1.0678986407184674,0.812482084906227,False,False,False,False,0.33172909390299143,0.33655998111624164,False,False,False,False,-222166865,-343275452.32433337,False,False,False,False,61334645.903650016,False,False,False,False
2023-06-21 00:00:00+00:00,182.1568221438,183.5926092285,180.800349918,183.0876082539,49515697,,165.56040974377999,,157.2919534179986,"rgba(0, 255, 0, 1.0)",9.709719790640674,152.91271939205237,3.011837970848182,67.78721348497523,16.680092798045422,True,False,True,False,False,17.38072882472765,171.424987236022,151.59715431578852,0.0,0.0,0.0,0.0,0,1.0887342139280116,0.8129449677862302,False,False,False,False,0.29513537110175203,0.31584767610899683,False,False,False,False,-271682562,-340467887.9978889,False,False,False,False,60871157.71135002,False,False,False,False
2023-06-22 00:00:00+00:00,185.1670240318,185.2115829413,181.8696647268,181.9389785861,51245327,,165.76362778825919,,157.47104098823857,"rgba(0, 255, 0, 1.0)",9.807392937569821,153.0289128800161,3.2769270443596015,68.16021251295028,16.680092798045422,True,False,True,False,False,19.55707000371209,171.94827361092,151.755094855267,0.0,0.0,0.0,0.0,0,1.0924665420839026,0.8055540975626315,False,False,False,False,0.3347549373615639,0.32530130673528035,False,False,False,False,-220437235,-335760803.56659913,False,False,False,False,60493674.15404217,False,False,False,False
2023-06-23 00:00:00+00:00,184.8501606752,185.7215349059,183.1965300327,183.731236947,53116996,,165.9753115043685,,157.65762751262403,"rgba(0, 255, 0, 1.0)",9.827566593460487,153.15022715584584,3.225613707919119,68.30617052234196,16.841403831706117,True,False,True,False,False,19.174998051199314,172.479066237804,151.9177594347,0.0,0.0,0.0,0.0,0,1.1072501051706451,0.8000459269839615,False,False,False,False,0.3428282511493816,0.334064778942331,False,False,False,False,-273554231,-333321330.13261485,False,False,False,False,60204392.65780523,False,False,False,False
2023-06-26 00:00:00+00:00,183.45398151,186.2067319207,183.4143735904,184.9986903736,48088661,,166.1605633303141,,157.82256432078188,"rgba(0, 255, 0, 1.0)",9.823168319682795,153.25807643487587,3.0739476401539663,67.73462162133244,16.841403831706117,True,False,True,False,False,17.494606006630637,172.873955832272,152.0663955010145,0.0,0.0,0.0,0.0,0,1.1087901358488017,0.8295107582459109,False,False,False,False,0.3428282511387367,0.33844651504053386,False,False,False,False,-321642892,-332863352.16662997,False,False,False,False,59729265.92612659,False,False,False,False
2023-06-27 00:00:00+00:00,186.2166339006,186.5433992372,183.8500607058,184.0679042635,50730846,,166.36438429586386,,158.0023382815835,"rgba(0, 255, 0, 1.0)",9.807296890930417,153.37543687109377,3.3486492144310502,67.92078398121986,16.841403831706117,True,False,True,False,False,19.494335794157113,173.33102023411,152.2362374348335,0.0,0.0,0.0,0.0,0,1.090962264272371,0.8286693505809248,False,False,False,False,0.34282825119377613,0.34063738311715497,False,False,False,False,-270912046,-330433889.17970335,False,False,False,False,59376386.71333732,False,False,False,False
2023-06-28 00:00:00+00:00,187.3949695081,188.0385982013,185.7611428255,186.087908162,51216801,,166.5819124284748,,158.19189662668012,"rgba(0, 255, 0, 1.0)",9.735944596302605,153.49884649656494,3.4815443613357964,68.32534429507912,16.91783997932717,True,False,True,False,False,20.0,173.81125581898,152.3976293919195,0.0,0.0,0.0,0.0,0,1.1028992957631347,0.8120387664025157,False,False,False,False,0.342828251415976,0.34173281726656546,False,False,False,False,-219695245,-326091197.25108755,False,False,False,False,59056402.95987311,False,False,False,False
2023-06-29 00:00:00+00:00,187.7316368245,188.2069318595,187.0880081314,187.2266358499,46347308,,166.78060742585535,,158.3649162185242,"rgba(0, 255, 0, 1.0)",9.70020956841265,153.61165716359628,3.5174476819563325,68.72808330143059,17.338550426815203,True,False,True,False,True,20.0,174.27370194488597,152.5308385591585,0.0,0.0,0.0,0.0,0,1.1047346049060482,0.8234490883797422,False,False,False,False,0.3428282515041159,0.3422805343853407,False,False,False,False,-173347937,-320101265.4765351,False,False,False,False,58558007.07909378,False,False,False,False
2023-06-30 00:00:00+00:00,192.0687040184,192.5737049931,189.385267467,189.7516407231,85213216,,167.1987498037975,,166.5324873749654,"rgba(0, 255, 0, 1.0)",9.81556970296496,156.18435150196126,3.6558603934725538,69.87353277592369,18.4780886131403,True,False,True,False,True,20.0,174.799948725846,152.73299645386152,0.0,0.0,0.0,0.0,0,1.1085107096087987,0.8049953377011825,False,False,False,False,0.3428282518412523,0.3425543931132965,False,False,False,False,-88134721,-311004538.2421612,False,False,False,False,59603309.38971755,False,False,False,False
2023-07-03 00:00:00+00:00,190.5735050543,191.9795861994,189.8803664617,191.8805664004,31458198,,167.34622109835627,,166.60913899521103,"rgba(0, 255, 0, 1.0)",9.866088484289444,156.25249243655458,3.4786848579756304,70.094235853089,18.701336896202392,True,False,True,False,True,20.0,175.315672454288,152.920433600303,0.0,0.0,0.0,0.0,0,1.1114117108863177,0.8064549826925503,False,False,False,False,0.3415543320497167,0.34205436258150657,False,False,False,False,-119592919,-303498200.2326647,False,False,False,False,58499579.53129726,False,False,False,False
2023-07-05 00:00:00+00:00,189.4545813262,191.0884080088,188.7515407537,189.6872778537,46920261,,167.55312847669154,,166.67647181415444,"rgba(0, 255, 0, 1.0)",9.92850055895009,156.337395773506,3.3355676777235406,69.75993483770854,18.701336896202392,True,False,True,False,False,20.0,175.841253331256,153.1167656349855,0.0,0.0,0.0,0.0,0,1.112160412991958,0.804437066216884,False,False,False,False,0.3157916076497604,0.32892298511563345,False,False,False,False,-166513180,-298126238.6549132,False,False,False,False,58045488.60850129,False,False,False,False
2023-07-06 00:00:00+00:00,189.9298763612,190.137817939,187.3454596086,187.9791863219,45156009,,167.74315993856345,,166.7439047557397,"rgba(0, 255, 0, 1.0)",9.959915654772928,156.41860045230985,3.364614427515869,69.58769796159893,18.701336896202392,True,False,True,False,False,20.0,176.37020940760002,153.323704579024,0.0,0.0,0.0,0.0,0,1.1053761839627603,0.8067804339614727,False,False,False,False,0.2862371929610211,0.3075800890383273,False,False,False,False,-121357171,-291194118.35472053,False,False,False,False,57540018.81993262,False,False,False,False
2023-07-07 00:00:00+00:00,188.8109526331,190.7814466321,188.3752655177,189.5337971654,46814998,,167.9383440235926,,166.84628759688786,"rgba(0, 255, 0, 1.0)",9.995501743031891,156.51291695603322,3.231257070169841,68.9240012238737,18.701336896202392,True,False,True,False,False,19.270700086988665,176.90763828055597,153.5064195384315,0.0,0.0,0.0,0.0,0,1.1140998097481056,0.8069721531434475,False,False,False,False,0.3071702996238606,0.30737519433109395,False,False,False,False,-168172169,-286369728.1839472,False,False,False,False,57119429.76817055,False,False,False,False
2023-07-10 00:00:00+00:00,186.7612427948,188.1277160203,185.2016809614,187.404871488,59922163,,168.15303187577817,,166.87472417504162,"rgba(0, 255, 0, 1.0)",10.006594355947282,156.59553684881263,3.014582671481912,67.48476912376397,18.879008165036964,True,False,True,False,False,16.820591631125666,177.40427072130598,153.6669592116905,0.0,0.0,0.0,0.0,0,1.0955852193500613,0.8154614078292455,False,False,False,False,0.22905806249023206,0.268216628410663,False,False,False,False,-228094332,-284084418.52967477,False,False,False,False,57229340.87530112,False,False,False,False
2023-07-11 00:00:00+00:00,186.2364378604,187.4444794076,184.770944836,187.3058516891,46638119,,168.31193227816522,,166.90876211766482,"rgba(0, 255, 0, 1.0)",9.961881244494299,156.6623194199464,2.9687282667416377,66.08754840308345,17.5305107903837,False,True,True,False,False,16.201308720452484,177.79844654352001,153.8405471840475,0.0,0.0,0.0,0.0,0,1.0869558500161112,0.8516624133161547,False,False,False,False,0.21484310669138518,0.2415298675510241,False,False,False,False,-274732451,-283717674.7049817,False,False,False,False,56813998.84097559,False,False,False,False
2023-07-12 00:00:00+00:00,187.9098724626,189.8209545823,186.6226150763,187.8207546436,60750248,,168.5371205507378,,167.04946384231786,"rgba(0, 255, 0, 1.0)",9.956849628044596,156.7831768720526,3.1261590516417495,65.40110912289765,16.88970097501256,False,True,True,False,False,17.463932440692332,178.200974958808,154.0273321650425,0.0,0.0,0.0,0.0,0,1.0773101803741088,0.8426845651818309,False,False,False,False,0.2693043685309348,0.25541711804097944,False,False,False,False,-213982203,-280982950.32439417,False,False,False,False,56968361.55309419,False,False,False,False
2023-07-13 00:00:00+00:00,188.6723249145,189.3159536077,187.9197744425,188.6327169949,41342338,,168.6914409678753,,167.15945939278026,"rgba(0, 255, 0, 1.0)",9.97761041464339,156.8703263822621,3.1873361667403333,65.03940414889513,16.560921098208837,False,True,True,False,False,18.032667645434497,178.620532304162,154.22931402084703,0.0,0.0,0.0,0.0,0,1.0814018036305404,0.8501226172208509,False,False,False,False,0.27967434419869913,0.26754573111983926,False,False,False,False,-172639865,-276734201.8803003,False,False,False,False,56355576.31571795,False,False,False,False
2023-07-14 00:00:00+00:00,188.820854613,189.305952608,187.7712447441,188.3653635378,41616242,,168.84438322364034,,167.2697674752121,"rgba(0, 255, 0, 1.0)",9.942113228218354,156.95767252528196,3.204870167569795,64.78313679969395,16.32379592872158,False,True,True,False,False,18.144384258837842,179.063825522162,154.4303628678855,0.0,0.0,0.0,0.0,0,1.0889979155270835,0.8481125862569194,False,False,False,False,0.27759442134015444,0.27257007622999685,False,False,False,False,-131023623,-271020061.53205323,False,False,False,False,55777563.20529764,False,False,False,False
2023-07-17 00:00:00+00:00,192.0885079782,192.4152733147,189.9298763612,190.0189941802,50520159,,169.0531705115887,,167.4701726780426,"rgba(0, 255, 0, 1.0)",9.944862230064832,157.08916512416468,3.519339136567119,65.37786431465967,16.32379592872158,False,True,True,False,True,20.0,179.59402814437803,154.642870862086,0.0,0.0,0.0,0.0,0,1.0994941473411024,0.8303872084756114,False,False,False,False,0.3428282517072586,0.30769916396862773,False,False,False,False,-80503464,-263548822.41314918,False,False,False,False,55571390.491364405,False,False,False,False
2023-07-18 00:00:00+00:00,191.831056501,192.4251752946,190.5289461448,191.454781265,48353774,,169.25045395552002,,167.6551980370772,"rgba(0, 255, 0, 1.0)",9.98982578314285,157.21273418676122,3.465357961762941,65.74053654076504,16.32379592872158,False,True,True,False,True,20.0,180.15191065381202,154.8635541340065,0.0,0.0,0.0,0.0,0,1.1268140108426505,0.8035056262233266,False,False,False,False,0.34282825100043934,0.32526370748453354,False,False,False,False,-128857238,-258266799.49498647,False,False,False,False,55288346.707389325,False,False,False,False
2023-07-19 00:00:00+00:00,193.1876277465,196.2869474536,190.7616426723,191.2072317676,80507323,,169.59746931579525,,175.80067287313128,"rgba(0, 255, 0, 1.0)",10.079373056917213,159.55205940510587,3.337069493455341,66.35028429638422,14.771291718754554,False,True,True,False,True,20.0,180.583063761398,155.12729331339497,0.0,0.0,0.0,0.0,0,1.1203029571870302,0.8058175695630743,False,False,False,False,0.34282825129498123,0.3340459793897574,False,False,False,False,-48349915,-250034764.80890858,False,False,False,False,56277326.16984464,False,False,False,False
2023-07-20 00:00:00+00:00,191.2369377073,194.5441989921,190.608161984,193.1777257666,59581196,,169.83444848359431,,175.86636310671983,"rgba(0, 255, 0, 1.0)",10.15135501841529,159.65891313357974,3.110720146860734,65.91764932644679,14.771291718754554,False,True,True,False,True,18.742306572481013,180.97658742011197,155.4023726104285,0.0,0.0,0.0,0.0,0,1.1072999222731774,0.8186210350843917,False,False,False,False,0.3135208259121226,0.32378340265093997,False,False,False,False,-107931111,-244462072.50267687,False,False,False,False,56406889.69259583,False,False,False,False
2023-07-21 00:00:00+00:00,190.0586020998,193.0589020079,189.3555615273,192.1974297571,71951683,,170.09769687925143,,175.89724658708033,"rgba(0, 255, 0, 1.0)",10.20574660653615,159.76937947960855,2.967859558730674,65.03858794478256,14.771291718754554,False,True,True,False,False,17.29101611853377,181.38075763535198,155.6506145136945,0.0,0.0,0.0,0.0,0,1.1004271511888948,0.8296086474246491,False,False,False,False,0.2720934785507296,0.29793844060083474,False,False,False,False,-179882794,-241929551.7770817,False,False,False,False,57016489.43014109,False,False,False,False
2023-07-24 00:00:00+00:00,190.8606624713,192.9994901285,190.3655634765,191.5141931443,45505097,,170.26540126846493,,175.98296698227506,"rgba(0, 255, 0, 1.0)",10.25486775332392,159.85926055830654,3.0230913414700007,64.5416598310347,16.15278667261714,False,True,True,False,False,17.90496054699532,181.765668084272,155.884878045309,0.0,0.0,0.0,0.0,0,1.1038030124243083,0.8331432387677278,False,False,False,False,0.2863672303612832,0.29215283548105897,False,False,False,False,-134377697,-237711831.98190203,False,False,False,False,56565062.27601791,False,False,False,False
2023-07-25 00:00:00+00:00,191.7221347221,192.5340970735,191.0240451395,191.4349773052,37283201,,170.4031020300923,,176.07033289416182,"rgba(0, 255, 0, 1.0)",10.27448448384636,159.93817290941695,3.0934848227815324,64.370803735664,15.980021054935364,False,True,True,False,False,18.563008657558143,182.16395156931202,156.121970417067,0.0,0.0,0.0,0.0,0,1.1060175653903885,0.8385237191528488,False,False,False,False,0.28928034353842697,0.290716589509743,False,False,False,False,-97094496,-232197426.64927843,False,False,False,False,55808910.853428975,False,False,False,False
2023-07-26 00:00:00+00:00,192.5935089528,193.7223346609,191.4250753253,191.7716446216,47471868,,170.5825369268771,,176.2153292787739,"rgba(0, 255, 0, 1.0)",10.312934141666664,160.04968849543252,3.155631560360968,64.46542510113173,15.980021054935364,False,True,True,False,False,19.226483772374667,182.598252407494,156.3682002115685,0.0,0.0,0.0,0.0,0,1.1163151012478312,0.8268233300039921,False,False,False,False,0.31344500341888726,0.3020807964643151,False,False,False,False,-49622628,-225037630.62381655,False,False,False,False,55481967.99643176,False,False,False,False
2023-07-27 00:00:00+00:00,191.3260555263,195.2670435244,190.6626228734,194.0986098969,47460180,,170.75775065556343,,176.34657842988506,"rgba(0, 255, 0, 1.0)",10.257504652440854,160.1564820387399,3.0387091737894596,63.934289530089075,15.516708301757859,False,True,True,False,False,17.610553977233273,183.017106157042,156.634410414702,0.0,0.0,0.0,0.0,0,1.105060973524455,0.8132336500843985,False,False,False,False,0.3254689859851885,0.3137748912247518,False,False,False,False,-97082808,-220019794.44249043,False,False,False,False,55167388.075003065,False,False,False,False
2023-07-28 00:00:00+00:00,193.9104722788,194.6986698785,192.2370376766,192.7618426111,48291443,,170.9428628818426,,176.51738732684416,"rgba(0, 255, 0, 1.0)",10.206226957084832,160.27785304271333,3.2953038745371024,64.19838389524233,15.516708301757859,False,True,True,False,False,19.58779405754471,183.48764824164002,156.9119163283765,0.0,0.0,0.0,0.0,0,1.1059305361560268,0.8130109805493035,False,False,False,False,0.34106807153811686,0.32742148138143434,False,False,False,False,-48791365,-213304954.0721967,False,False,False,False,54897743.17010099,False,False,False,False
2023-07-31 00:00:00+00:00,194.5243950323,194.5640029519,193.3460594249,194.1382178164,38824113,,171.09294922813706,,176.66105490766589,"rgba(0, 255, 0, 1.0)",10.127986411484011,160.37776576216646,3.3715121528416594,64.56828731427751,15.516708301757859,False,True,True,False,True,20.0,183.958190326238,157.1995887571485,0.0,0.0,0.0,0.0,0,1.1246051917957227,0.8107728137999355,False,False,False,False,0.3428282513505983,0.33512486636601635,False,False,False,False,-9967252,-205330926.53995368,False,False,False,False,54267404.73205781,False,True,False,False
2023-08-01 00:00:00+00:00,193.6876777312,194.8016504694,193.3658633846,194.3115024646,35281426,,171.22653762795957,,176.7808218906675,"rgba(0, 255, 0, 1.0)",10.136556620813327,160.46491507241421,3.2775195662173595,64.46186414394373,15.516708301757859,False,True,True,False,True,18.964435065270706,184.36526071971,157.4862317777835,0.0,0.0,0.0,0.0,0,1.110380829451329,0.8239739129511046,False,False,False,False,0.34282825136683664,0.3389765588664265,False,False,False,False,-45248678,-199053191.30309275,False,False,False,False,53522856.54648692,False,False,False,False
2023-08-02 00:00:00+00:00,190.6923288131,193.2668435857,189.9701774193,193.1282158672,50389327,,171.392776344595,,176.8626900091917,"rgba(0, 255, 0, 1.0)",10.06935406143149,160.55791660497607,2.992685729817304,63.0513906362558,14.574696055419281,False,True,True,False,False,15.212002904705045,184.710245699244,157.7349809766175,0.0,0.0,0.0,0.0,0,1.0662800628663525,0.8428323993038253,False,False,False,False,0.26936070514421945,0.30416863200532296,False,False,False,False,-95638005,-194997693.8010107,False,False,False,False,53399973.034859985,False,False,False,False
2023-08-03 00:00:00+00:00,189.2961496479,190.4843872353,188.820854613,189.6922288437,62243282,,171.57638617354377,,176.90390347124293,"rgba(0, 255, 0, 1.0)",9.968640245516786,160.65059832392467,2.873566566599506,61.350898194281726,12.913908525973,False,True,True,False,False,13.530453280627874,185.046318896872,157.999469220688,0.0,0.0,0.0,0.0,0,1.0669642041606076,0.8526571100552477,False,False,False,False,0.2127792015813119,0.25847391679331744,False,False,False,False,-157881287,-193542148.43626517,False,False,False,False,53746769.464865476,False,False,False,False
2023-08-04 00:00:00+00:00,180.2061321045,185.5432992678,180.1368182453,183.7015310074,115956841,,171.76858961063724,,176.56624403817298,"rgba(0, 255, 255, 0.75)",9.817586559982708,160.66805014223488,1.9901104862068604,57.35271682997265,9.052203478423792,False,True,False,True,False,3.7753235065553135,185.25287419747602,158.198645910126,0.0,0.0,0.0,0.0,0,1.0433572285826596,0.8635683570949807,False,False,False,False,0.024562084762394357,0.1415180007778559,False,False,False,False,-273838128,-196691010.37994105,False,False,False,False,56186380.11330213,False,False,False,False
2023-08-07 00:00:00+00:00,177.0969104176,181.3349578125,175.6116134334,180.344759823,97576069,,171.86436559368255,,176.1901959733178,"rgba(0, 255, 255, 0.75)",9.687935396420908,160.64065304433547,1.698634094870625,53.45223382422707,5.362285912941566,False,True,False,True,False,0.8578832293034679,185.39169995560002,158.37567243016952,0.0,0.0,0.0,0.0,0,1.0172424531499358,0.8886026073489739,False,False,False,False,-0.11880133188197423,0.011358334447940835,False,False,False,False,-371414197,-203542900.0513159,False,False,False,False,57809505.16768244,False,False,False,False
2023-08-08 00:00:00+00:00,178.0375985076,178.5029915626,175.8393589709,177.9286767287,67823003,,171.92337735587373,,175.96078570455919,"rgba(0, 255, 255, 0.75)",9.53087224420855,160.62913387044148,1.8265342553234618,50.57924649869355,2.726945692900223,False,True,False,True,False,1.6960053484776871,185.526564921768,158.556860266256,0.0,0.0,0.0,0.0,0,1.0110446327338762,0.9172972672715676,False,False,False,False,-0.19517708926739338,-0.09190937740972627,False,False,False,False,-303591194,-207466362.55910745,False,False,False,False,58202191.35718509,False,False,False,False
2023-08-09 00:00:00+00:00,176.4433797445,179.1565222357,175.2749461169,179.0971103563,60378492,,171.9702078541034,,175.77155159475257,"rgba(0, 255, 255, 0.75)",9.336848705123291,160.62185386013553,1.6945252497968524,47.90972934222679,0.3085312146340584,False,True,False,True,False,0.22544357100414913,185.58122385078602,158.7323933582665,0.0,0.0,0.0,0.0,0,0.9988323478572366,0.9265689514824041,False,False,False,False,-0.29519075064498224,-0.19355006402735425,False,False,False,False,-363969686,-213603747.79208362,False,False,False,False,58287536.480432734,False,False,False,False
2023-08-10 00:00:00+00:00,176.2255361868,178.9782865976,175.8591629307,177.7207351509,54686851,,172.01240216235303,,175.6211080846303,"rgba(0, 255, 255, 0.75)",9.144189056476339,160.62126815991851,1.7064682204738355,45.682018245142416,-1.6729433989193723,False,True,False,True,False,0.024864102772522045,185.594492503844,158.887715026128,0.0,0.0,0.0,0.0,0,0.9875768721692442,0.9454956405240962,False,False,False,False,-0.2972772392927234,-0.24541365166003884,False,False,False,False,-418656537,-221645033.64337447,False,False,False,False,58146333.1282589,False,False,False,False
2023-08-11 00:00:00+00:00,176.2849480662,177.107921838,175.0554450818,175.8189267737,52036672,,172.04502878128494,,175.47531834618613,"rgba(0, 255, 255, 0.75)",8.90227554153356,160.61808012855735,1.7598722781101177,43.88177985539723,-3.2461734688715183,False,True,False,True,False,0.08045700307695114,185.60993959248,159.03258983331799,0.0,0.0,0.0,0.0,0,0.9809978052818606,0.9599883268921694,False,False,False,False,-0.34282825441539394,-0.2941209530377164,False,False,False,False,-366619865,-227330321.14755586,False,False,False,False,57906738.574209526,False,False,False,False
2023-08-14 00:00:00+00:00,177.9408109565,178.1688639294,175.8040537537,176.4634243059,43675627,,172.0796143967761,,175.38233929779918,"rgba(0, 255, 0, 1.0)",8.63981799612395,160.62566324063275,2.004110239779968,43.03241467153603,-3.9149014249418315,False,True,False,True,False,1.6277023882771893,185.60226069312,159.171500868263,0.0,0.0,0.0,0.0,0,0.9847385767115042,0.9578003895664999,False,False,False,False,-0.3060383109882078,-0.30007963201296206,False,False,False,False,-322944238,-231079886.51431838,False,False,False,False,57348655.76737778,False,False,False,False
2023-08-15 00:00:00+00:00,175.9478262801,177.9606416498,175.5512124142,177.3657208509,43622593,,172.1083694471383,,175.28414443344184,"rgba(0, 255, 255, 0.75)",8.498594954081895,160.63024157234616,1.802366719500706,41.88451726827495,-4.912572590629686,False,True,False,True,False,0.0,185.537690694812,159.3151829068925,0.0,0.0,0.0,0.0,0,0.9677629891935614,0.9700533704828368,False,False,False,False,-0.3153326279913033,-0.30770613000213265,False,False,False,False,-366566831,-236393100.02356082,False,False,False,False,56810378.79610806,False,False,False,False
2023-08-16 00:00:00+00:00,175.0752757751,177.0285990648,175.0058683485,175.6305351874,46964857,,172.1334468152457,,175.17383627324836,"rgba(0, 255, 255, 0.75)",8.388589078740006,160.63234559230594,1.721735329651342,40.75489112846734,-5.918655795219706,False,True,False,True,False,0.0,185.482801111316,159.4769264298375,0.0,0.0,0.0,0.0,0,0.9712699306942975,0.9969497448318907,False,False,False,False,-0.34282825441539394,-0.3252671922087633,False,False,False,False,-413531688,-243339711.31675452,False,False,False,False,56424279.90214304,False,False,False,False
2023-08-17 00:00:00+00:00,172.5270316864,176.0027573006,172.0114336606,175.640450534,66062882,,172.14685942009191,,174.9838243195618,"rgba(38, 166, 154, 1.0)",8.30388354436387,160.61967312827053,1.4339505719840437,39.306432394452486,-7.256855520450998,False,True,False,True,False,0.0,185.38427411116803,159.572011995848,0.0,0.0,0.0,0.0,0,0.9552724388997211,0.9714745421329017,False,False,False,False,-0.34282825441539394,-0.33404772331207866,False,False,False,False,-479594570,-252604607.73570532,False,False,False,False,56802264.298137434,False,False,False,False
2023-08-18 00:00:00+00:00,173.0128836721,173.6177198177,170.50430097,170.8414227561,61172150,,172.14892332557113,,176.66077052694928,"rgba(38, 166, 154, 1.0)",8.18744973946513,161.25743983082467,1.4357882143217038,38.31693096850497,-8.161729227356368,False,True,False,True,False,0.0,185.322991654842,159.68135499067,0.0,0.0,0.0,0.0,0,0.9455102731198812,0.9949604379383168,True,False,False,False,-0.34282825441539394,-0.3384379888637363,False,False,False,False,-418422420,-259107267.04018748,False,False,False,False,56973632.36487715,False,False,False,False
2023-08-21 00:00:00+00:00,174.3514554697,174.6390005225,172.2642750002,173.5879737778,46311879,,172.1596707315593,,176.66110503310014,"rgba(0, 255, 255, 0.75)",8.024417115785718,161.2889821296818,1.6278407704307334,38.042177928055544,-8.394904622209559,False,True,False,True,False,0.0,185.234019745046,159.810648250436,0.0,0.0,0.0,0.0,0,0.9562792083025652,0.9853987453693617,False,False,False,False,-0.29673763157073907,-0.3175878102172377,False,False,False,False,-372110541,-263538767.97978798,False,False,False,False,56555524.38978393,False,False,False,False
2023-08-22 00:00:00+00:00,175.7296886539,176.1758792531,174.7579846823,175.5611277608,42084245,,172.18023308407538,,176.72758753945558,"rgba(0, 255, 255, 0.75)",7.79440980494199,161.33881421744334,1.8463071350613665,38.3471939203612,-8.394904622209559,False,True,False,True,True,0.0,185.164888954616,159.9745303049235,0.0,0.0,0.0,0.0,0,0.9495281538589413,0.9835676169650079,False,False,False,False,-0.23200271549415763,-0.27479526285569766,False,False,False,False,-330026296,-266146122.01979628,False,False,False,False,55988023.23724338,False,False,False,False
2023-08-23 00:00:00+00:00,179.5867585002,180.0131184061,176.8154191119,177.0087683715,52722752,,172.23012442849043,,176.9498183335474,"rgba(0, 255, 0, 1.0)",7.714369767980953,161.44622403024334,2.3515251427602366,39.910695148926834,-8.394904622209559,False,True,False,True,True,3.274530157266348,185.11685435490799,160.188007391405,0.0,0.0,0.0,0.0,0,0.9543833878391554,0.9702012741463203,False,False,False,False,-0.14051669669492975,-0.2076559797753137,False,False,False,False,-277303544,-266583667.97980428,False,False,False,False,55859973.38480246,False,False,False,False
2023-08-24 00:00:00+00:00,174.8868841887,179.5708939456,174.5200163627,179.1445340397,54945798,,172.26201988361524,,176.9255185938899,"rgba(0, 255, 255, 0.75)",7.666255678824649,161.48155293875914,1.7486152055909656,40.049583302381535,-8.394904622209559,False,True,False,True,True,0.0,184.98432816967,160.379315775328,0.0,0.0,0.0,0.0,0,0.9303889151943838,0.9754102190442643,False,False,False,False,-0.1826246662202532,-0.19514032299778344,False,False,False,False,-332249342,-269158792.4511845,False,False,False,False,55824123.36971217,False,False,False,False
2023-08-25 00:00:00+00:00,177.0980064914,177.6334352104,174.3316247764,175.8784188536,51449594,,172.29164449816753,,176.8912629185354,"rgba(0, 255, 0, 1.0)",7.562678652091764,161.5112542103227,2.0610094647835084,40.83431210159927,-8.394904622209559,False,True,False,True,True,0.9003391397990406,184.88334989621998,160.579014009383,0.0,0.0,0.0,0.0,0,0.9323289449891747,0.9899194792581498,False,False,False,False,-0.2157629122287722,-0.20545161761327782,False,False,False,False,-280799748,-269615300.51192236,False,False,False,False,55652573.19835091,False,False,False,False
2023-08-28 00:00:00+00:00,178.6646312619,179.0612451278,177.0335567382,178.5654777954,43820697,,172.32817577467972,,176.92677348359948,"rgba(0, 255, 0, 1.0)",7.480584872010232,161.55751356535956,2.2868690068004427,41.92610841570549,-11.59222002672746,False,True,False,True,True,2.26739077444752,184.772907961014,160.783682142103,0.0,0.0,0.0,0.0,0,0.93838018887575,0.9943903161128491,False,False,False,False,-0.15174793761745464,-0.17859977761536622,False,False,False,False,-236979051,-268335447.5898862,False,False,False,False,55188578.05331754,False,False,False,False
2023-08-29 00:00:00+00:00,182.5613624948,183.3347595334,177.9804723431,178.1738216028,53003948,,172.39412869598564,,177.0736705404624,"rgba(0, 255, 0, 1.0)",7.391556662231076,161.6482248532131,2.8293279206594697,43.82976802996646,-9.690834412588131,False,True,False,False,True,5.520758504129905,184.761986966636,161.0306903665375,0.0,0.0,0.0,0.0,0,0.9424561673790872,0.9696798628963275,False,False,False,False,-0.07249494197832854,-0.1255473597968474,False,False,False,False,-183975103,-265027198.78243968,False,False,False,False,55102906.28652078,False,False,False,False
2023-08-30 00:00:00+00:00,186.0614798618,186.2597867947,183.176113987,183.37442092,60813888,,172.50103970051487,,177.36354482339533,"rgba(0, 255, 0, 1.0)",7.295350496227052,161.7945609595226,3.3263540819358224,46.16777223298007,-7.389606251337909,False,False,True,False,True,8.25706878475114,184.819285963218,161.2359600359925,0.0,0.0,0.0,0.0,0,0.9717673565262384,0.941649007312182,False,False,False,False,0.04935604914249588,-0.03809565532717575,False,False,False,False,-123161215,-259463826.86940283,False,False,False,False,55326866.353716046,False,False,False,False
2023-08-31 00:00:00+00:00,186.279617488,187.5190358191,185.8929189687,186.2498714481,60794467,,172.6177446712784,,177.65250792155885,"rgba(0, 255, 0, 1.0)",7.182915845871956,161.94337345742485,3.388073110248295,48.12712266691836,-5.483251139402931,True,False,True,False,True,8.423813120748193,184.901741870102,161.428349829301,0.0,0.0,0.0,0.0,0,1.0008280731837684,0.9286244375597739,False,False,False,False,0.10932874091357565,0.03561654279319995,False,False,False,False,-62366748,-251734529.65883803,False,False,False,False,55541282.06533503,False,False,False,False
2023-09-01 00:00:00+00:00,187.8561576052,188.312263551,186.6861467006,187.8809459718,45766503,,172.7108769078573,,177.86782213728537,"rgba(0, 255, 0, 1.0)",7.076169298727968,162.05628638203845,3.6460223228123447,50.06724197975164,-3.608157878714117,True,False,True,False,True,9.628250677460976,184.95552454157,161.63563228831,0.0,0.0,0.0,0.0,0,0.9963752222582216,0.930752863586604,False,False,False,False,0.13345414188814433,0.08453534234067214,False,False,False,False,-16600245,-242513577.31927577,False,False,False,False,55157957.396106206,False,False,False,False
2023-09-05 00:00:00+00:00,188.0941259247,188.3717556309,186.0218184752,186.6861467006,45280027,,172.80114147477502,,181.6264379109199,"rgba(0, 255, 0, 1.0)",6.976613917374837,163.49379339544058,3.5261135015646734,51.70564683049271,-2.03482227714764,True,False,True,False,True,9.809900533047596,185.02040384656001,161.8354161814505,0.0,0.0,0.0,0.0,0,0.9833465329806907,0.933620056713875,False,False,False,False,0.12423961159491637,0.10438747696779425,False,False,False,False,28679782,-231878543.62048063,False,False,False,False,54770587.57665107,False,False,False,False
2023-09-06 00:00:00+00:00,181.3616055503,187.2513214596,179.9337956329,186.8051308604,81755816,,172.91069230525835,,181.10264579403184,"rgba(0, 255, 0, 1.0)",6.89224796003635,163.43746170030744,2.6006237665741248,51.23028416687476,-2.03482227714764,True,False,True,False,False,3.511763043314822,184.97855632736602,162.007708216658,0.0,0.0,0.0,0.0,0,0.9387376305303886,0.9406921932076028,False,False,False,False,0.015590389898026923,0.05998893343291059,False,False,False,False,-53076034,-224866680.49810883,False,False,False,False,55828831.8285471,False,False,False,False
2023-09-07 00:00:00+00:00,176.0568950933,176.7013926254,172.0709257405,173.6970425909,112488803,,172.94073056357053,,180.29237660584832,"rgba(0, 255, 255, 0.75)",6.850807449524555,163.7805545870287,1.7919552690279286,49.74109967135276,-2.03482227714764,True,False,False,False,False,0.0,184.77536155122002,162.1439490709385,0.0,0.0,0.0,0.0,0,0.9039671729346431,0.9831991642918706,False,False,False,False,-0.26644904582221485,-0.10323005619465213,False,False,False,False,-165564837,-222541118.0079869,False,False,False,False,58050791.48232957,False,False,False,False
2023-09-08 00:00:00+00:00,176.6716465855,178.7132164605,176.2849480662,176.8402074785,65602066,,172.9773281447823,,180.23833827206607,"rgba(0, 255, 255, 0.75)",6.782248340578279,163.8153940806697,1.8955738361733503,48.67651966543484,-2.03482227714764,True,False,False,False,False,0.0,184.560895092768,162.280449823444,0.0,0.0,0.0,0.0,0,0.9167760856389712,0.9787198803723457,False,False,False,False,-0.16860609964400095,-0.13591807791932653,False,False,False,False,-99962771,-217734124.00767368,False,False,False,False,58346919.89478723,False,False,False,False
2023-09-11 00:00:00+00:00,177.84165749,178.773700075,175.838757467,178.5456471021,58953052,,173.01167928422055,,180.1818344173644,"rgba(0, 255, 0, 1.0)",6.636646233551912,163.84508527664025,2.10898271819874,48.10115125991703,-2.03482227714764,True,False,False,True,False,0.547618510395047,184.36309550607803,162.438992662568,0.0,0.0,0.0,0.0,0,0.9070432600820016,0.9795989693088882,False,False,False,False,-0.1745575752160147,-0.1552378265676706,False,False,False,False,-41009719,-210803755.18384337,False,False,False,False,58370689.78126616,False,False,False,False
2023-09-12 00:00:00+00:00,174.8075614156,178.605139182,173.3400901116,177.9705569965,90370192,,173.04138647311382,,179.837085076044,"rgba(0, 255, 255, 0.75)",6.536040449468509,163.8177374218955,1.6814192137685078,47.022254959756836,0.8263230406080524,True,False,False,True,False,0.0,184.017872654022,162.571652609842,0.0,0.0,0.0,0.0,0,0.8884700392738999,1.0025892469032087,False,False,False,False,-0.21607413554190869,-0.18565598105478964,False,False,False,False,-131379911,-207689094.62761423,False,False,False,False,59625572.22121651,False,False,False,False
2023-09-13 00:00:00+00:00,172.735253966,175.7990960804,172.5072009931,175.0157836952,84267928,,173.04819522025255,,179.39696794509166,"rgba(38, 166, 154, 1.0)",6.503043796523501,163.75484797018163,1.3809542541631419,45.753744006954044,-0.4505065647365072,True,False,False,True,False,0.0,183.66110763225598,162.68955745018351,0.0,0.0,0.0,0.0,0,0.8818351749265638,1.0162550229762257,False,False,False,False,-0.27395453092063915,-0.2298052559877144,False,False,False,False,-215647839,-208001202.25006074,False,False,False,False,60591939.11450214,False,False,False,False
2023-09-14 00:00:00+00:00,174.2523020032,174.6092544826,172.1105871271,172.5270316864,60895757,,173.05284916982166,,179.13630049013096,"rgba(0, 255, 255, 0.75)",6.492794967699154,163.72340841916235,1.621627301711754,45.12385637054544,-1.106193174894777,False,False,False,True,False,0.0,183.357062045796,162.8296598523585,0.0,0.0,0.0,0.0,0,0.8862985459000655,1.0180136443639416,False,False,False,False,-0.29973811752077284,-0.2647716867542436,False,False,False,False,-154752082,-205913001.4559407,False,False,False,False,60603853.54138441,False,False,False,False
2023-09-15 00:00:00+00:00,173.5284816979,175.0009106752,172.3485554467,174.9860376552,109259461,,173.06059890875005,,178.74686347115616,"rgba(0, 255, 255, 0.75)",6.528760392379154,163.68584310298684,1.5075815320780037,44.46624265683475,-1.802675150476972,False,False,False,True,False,0.0,183.02903415253002,162.985346508145,0.0,0.0,0.0,0.0,0,0.8959787028213391,1.0100482274847729,False,False,False,False,-0.2894606538030042,-0.2771161702786239,False,False,False,False,-264011543,-208191375.63413912,False,False,False,False,62511916.578977175,False,False,False,False
2023-09-18 00:00:00+00:00,176.4634243059,177.8614881833,174.6786619091,174.9860376552,67257573,,173.08762494518328,,178.70013475281348,"rgba(0, 255, 255, 0.75)",6.514829596906186,163.7186123745357,1.9562770970121237,44.70853353726261,-1.802675150476972,False,False,False,True,False,0.0,182.78208358598602,163.17076449218249,0.0,0.0,0.0,0.0,0,0.8980393210280984,0.9901416830365459,False,False,False,False,-0.20675506227042914,-0.24193561627452653,False,False,False,False,-196753970,-207742849.92299643,False,False,False,False,62698020.75235062,False,False,False,False
2023-09-19 00:00:00+00:00,177.5541124372,178.1093718495,175.6305351874,176.0172337067,51826941,,173.11297388365597,,178.69571265232403,"rgba(0, 255, 0, 1.0)",6.523009895943535,163.7532561724692,2.1157190445645533,45.18247750261358,-1.802675150476972,False,False,False,True,False,0.5209567274901978,182.597940978834,163.3277708741395,0.0,0.0,0.0,0.0,0,0.9228831593403606,0.976948387744846,False,False,False,False,-0.18806705165203694,-0.21500133396328175,False,False,False,False,-144927029,-205279484.39660442,False,False,False,False,62271703.899317265,False,False,False,False
2023-09-20 00:00:00+00:00,174.004418337,178.1738216028,173.9151802172,177.7425040235,58436181,,173.12890653289696,,178.610140335824,"rgba(0, 255, 255, 0.75)",6.591544710659129,163.76749978494297,1.5530378691815598,44.815929972003644,-1.802675150476972,False,False,False,True,False,0.0,182.353300588366,163.465646538953,0.0,0.0,0.0,0.0,0,0.9160686410128266,0.9727792492495139,False,False,False,False,-0.2138186962265863,-0.21441001509493401,False,False,False,False,-203363210,-205204336.38105133,False,False,False,False,62121291.23659894,False,False,False,False
2023-09-21 00:00:00+00:00,172.4576242598,174.8075614156,172.3882168333,173.072375752,63149116,,173.1295811650325,,178.4266985369304,"rgba(38, 166, 154, 1.0)",6.676865072776905,163.7540073693846,1.303548416142486,44.2117622931639,-2.3592300310621965,False,True,False,True,False,0.0,182.04425562430998,163.598256530956,0.0,0.0,0.0,0.0,0,0.8978272726141823,1.008770240680097,False,False,False,False,-0.2919637663729426,-0.2531868907339383,False,False,False,False,-266512326,-207608571.2680689,False,False,False,False,62161598.09006564,False,False,False,False
2023-09-22 00:00:00+00:00,173.3103440716,175.5799669195,172.5766084196,173.1913599118,56725385,,173.13427160644656,,178.29890173828852,"rgba(38, 166, 154, 1.0)",6.739502231747614,163.75242969544328,1.4181929239718165,43.95212539615692,-2.713964306053377,False,True,False,True,False,0.0,181.737016007452,163.7409553042965,0.0,0.0,0.0,0.0,0,0.8917352719673245,1.0005800929381916,False,False,False,False,-0.27637223571036423,-0.26477956322215124,False,False,False,False,-209786941,-207693997.53206623,False,False,False,False,61948413.26300424,False,False,False,False
2023-09-25 00:00:00+00:00,174.5894237893,175.471889641,172.6757618861,172.7253386193,46172740,,173.14036349763964,,178.2143410765691,"rgba(0, 255, 255, 0.75)",6.761883944677948,163.7567159513927,1.6020251052124876,44.090812826461146,-2.713964306053377,False,True,False,True,False,0.0,181.452387390978,163.908413610188,0.0,0.0,0.0,0.0,0,0.8939642758343667,1.0011447802502624,False,False,False,False,-0.27651643661425074,-0.270647999918201,False,False,False,False,-163614201,-205965378.06022048,False,False,False,False,61329759.409553096,False,False,False,False
2023-09-26 00:00:00+00:00,170.50430097,173.7168732842,170.2068405706,173.3400901116,64588945,,173.127699345877,,177.99188688470673,"rgba(38, 166, 154, 0.5)",6.895384409920187,163.72878781457405,0.9826157256262934,43.373720734248266,-3.4953685493983073,False,True,False,True,False,0.0,181.020703250814,164.0651713944305,0.0,0.0,0.0,0.0,0,0.8690905156931694,1.0233885410758943,False,False,False,False,-0.34282825441539394,-0.3067381271667975,False,False,False,False,-228203146,-206837447.39119223,False,False,False,False,61457570.60917846,False,False,False,False
2023-09-27 00:00:00+00:00,168.9872529328,171.5751584081,167.6189350953,171.1587138489,66921808,,173.09849194694667,,177.69758099054738,"rgba(38, 166, 154, 0.5)",7.064682980746386,163.6777631724712,0.7515538595006924,42.505952045995386,-4.446814986579369,False,True,False,True,False,0.0,180.56382717945,164.20590236077848,0.0,0.0,0.0,0.0,0,0.8524425507202352,1.035392074813161,False,False,False,False,-0.34282825441539394,-0.32478319079109574,False,False,False,False,-295124954,-210299702.55232194,False,False,False,False,61671854.42842636,False,False,False,False
2023-09-28 00:00:00+00:00,169.2450519457,170.5737083966,166.2010405245,167.9064801481,56294419,,173.06956431158937,,174.8898485648063,"rgba(38, 166, 154, 0.5)",7.2307087392470155,164.26385056773236,0.6888953154661799,41.872532984553196,-5.159482782484375,False,True,False,True,False,0.0,180.08497566343397,164.3503412538155,0.0,0.0,0.0,0.0,0,0.8419838602161093,1.063562777937706,False,False,False,False,-0.34282825441539394,-0.3338057226032448,False,False,False,False,-238830535,-211418558.72674072,False,False,False,False,61460974.60770376,False,False,False,False
2023-09-29 00:00:00+00:00,169.7606499714,171.604904448,168.8990063476,170.5637930499,51861083,,173.0517173941061,,174.8801590517341,"rgba(38, 166, 154, 0.5)",7.376566285667516,164.2712543056751,0.7441667915857643,41.51253570802787,-5.602551457958448,False,True,False,True,False,0.0,179.655449908716,164.4858558702785,0.0,0.0,0.0,0.0,0,0.8573557658931509,1.0479670463526338,False,False,False,False,-0.2899720413709971,-0.31188888198712095,False,False,False,False,-186969452,-210459770.22765285,False,False,False,False,61084508.27014676,False,False,False,False
2023-10-02 00:00:00+00:00,172.2791480201,172.8244920858,169.4830202652,169.770565318,52164535,,173.04260306928188,,174.92100121307288,"rgba(38, 166, 154, 1.0)",7.466179953735003,164.2955238733292,1.069305079202779,41.96716708081194,-5.602551457958448,False,True,False,True,False,0.0,179.29986082712202,164.629125113737,0.0,0.0,0.0,0.0,0,0.8677041599470311,1.0323862895889426,False,False,False,False,-0.26497910806734704,-0.288433995027234,False,False,False,False,-134804917,-207492913.23833314,False,False,False,False,60734705.39680767,False,False,False,False
2023-10-03 00:00:00+00:00,170.9405762226,172.1601638604,169.3739514521,170.7968036962,49594613,,173.03005514822402,,174.8505926443693,"rgba(38, 166, 154, 0.5)",7.572889248694891,164.2894873451826,0.8782762640512174,42.042772768983134,-5.602551457958448,False,True,False,True,True,0.0,178.901459102148,164.7768582032495,0.0,0.0,0.0,0.0,0,0.8622777101953208,1.0369906909407118,False,False,False,False,-0.275654972970592,-0.282044483998913,False,False,False,False,-184399530,-206587290.36624163,False,False,False,False,60297839.02830541,False,False,False,False
2023-10-04 00:00:00+00:00,172.1899099003,172.735253966,169.5226816518,169.6416658116,53020286,,173.02075113935845,,174.8089677735148,"rgba(38, 166, 154, 1.0)",7.654980175695559,164.29339107983188,1.0315531378565082,42.473398547997434,-5.602551457958448,False,True,False,True,True,0.0,178.510814605712,164.963962514615,0.0,0.0,0.0,0.0,0,0.8615052953542914,1.0316224799503828,False,False,False,False,-0.26566166659305057,-0.2738530752959818,False,False,False,False,-131379244,-203637955.21462432,False,False,False,False,60012444.791901276,False,False,False,False
2023-10-05 00:00:00+00:00,173.4293282314,173.9647569504,171.2182059287,172.3188094067,48527918,,173.01993026371133,,174.83308683635337,"rgba(38, 166, 154, 1.0)",7.7139695214234,164.3161387701238,1.181387797289949,43.185053789264984,-5.602551457958448,False,True,False,True,True,0.0,178.127530991284,165.16708774198702,0.0,0.0,0.0,0.0,0,0.8692827332100868,1.0313044783426182,False,False,False,False,-0.2257792217786842,-0.249816148537333,False,False,False,False,-82851326,-198901224.65718806,False,False,False,False,59562071.19221888,False,False,False,False
2023-10-06 00:00:00+00:00,175.9874876667,176.4832549992,171.7139732612,172.3287247534,57266675,,173.03089260178862,,174.9419576069145,"rgba(0, 255, 255, 0.75)",7.741683542874283,164.3686899458556,1.500810212210073,44.46805843790248,-8.026140768420504,False,True,False,False,True,0.1406708753872863,177.82075963409198,165.393568080159,0.0,0.0,0.0,0.0,0,0.8766121334558796,1.0256979107058022,False,False,False,False,-0.185405007512708,-0.21761057802502048,False,False,False,False,-25584651,-192104496.2784748,False,False,False,False,59472055.65526912,False,False,False,False
2023-10-09 00:00:00+00:00,177.474789664,177.5342817439,174.3117940831,175.3132440946,42390772,,173.04701113942326,,175.06623332982457,"rgba(0, 255, 255, 0.75)",7.744741064429572,164.42226949791404,1.6853397754037545,45.900052001632275,-6.57216433331935,False,False,True,False,True,1.3700138545150082,177.492045981796,165.627830489978,0.0,0.0,0.0,0.0,0,0.8875939666731912,1.021659334771941,False,False,False,False,-0.13730630362730553,-0.17745844082616302,False,False,False,False,16806121,-183911923.05186796,False,False,False,False,58802201.39427818,False,False,False,False
2023-10-10 00:00:00+00:00,176.8798688651,178.1986099694,176.4435936126,176.5923238123,43698019,,173.06702648454146,,175.19989992743723,"rgba(0, 255, 255, 0.75)",7.75279228869329,164.48048707636025,1.5993439946563612,46.904872479663474,-5.554960180468768,True,False,True,False,True,0.8615236266042388,177.139155458452,165.84356802107598,0.0,0.0,0.0,0.0,0,0.8937835719867857,1.0170270351642738,False,False,False,False,-0.1008820864013087,-0.13917026361373586,False,False,False,False,-26891898,-177754275.01061824,False,False,False,False,58209880.51607119,False,False,False,False
2023-10-11 00:00:00+00:00,178.2779327426,178.3275094758,176.0965564799,176.6914772788,47551098,,173.09065204824446,,175.33822722514367,"rgba(0, 255, 255, 0.75)",7.757217697515356,164.54292223784452,1.7706104224914063,48.09497571378528,-4.3659309401655975,True,False,True,False,True,2.026630933091834,176.83096055868,166.08219170794848,0.0,0.0,0.0,0.0,0,0.8921772140853172,1.017568640352642,False,False,False,False,-0.07945694500497198,-0.10931360430935391,False,False,False,False,20659200,-169973354.42196655,False,False,False,False,57791889.04485272,False,False,False,False
2023-10-12 00:00:00+00:00,179.1802292876,180.7964307913,177.5243663973,178.5456471021,56743119,,173.12848095791,,175.55959998592897,"rgba(0, 255, 255, 0.75)",7.739752170045152,165.79197904795166,1.7298034802024227,49.30230337751034,-3.1710839748058746,True,False,True,False,True,2.7741310223704474,176.60071856817,166.327153417752,0.0,0.0,0.0,0.0,0,0.9206826124574825,0.9971798048646607,False,False,False,False,0.004357586380730976,-0.05247800896431147,False,False,False,False,77402319,-160272347.62110513,False,False,False,False,57750760.807799675,False,False,False,False
2023-10-13 00:00:00+00:00,177.335974811,180.3899015787,176.6319851989,179.8842188997,51456082,,173.15649848846817,,175.58856073203154,"rgba(38, 166, 154, 1.0)",7.718573019497151,165.82800036739164,1.490945854180451,49.73078669432857,-2.7408306496449484,True,False,True,False,True,1.1472838952763276,176.361515071432,166.571927824299,0.0,0.0,0.0,0.0,0,0.9241499029433637,0.98497727135677,False,False,False,False,0.019605622630664205,-0.016436193166823633,False,False,False,False,25946237,-152969658.02812064,False,False,False,False,57503910.6584742,False,False,False,False
2023-10-16 00:00:00+00:00,177.2070753045,177.5590701105,175.0157836952,175.2537520147,52516984,,173.1760815640162,,175.5202573655423,"rgba(38, 166, 154, 1.0)",7.691894421010616,165.83513087375883,1.4784322051637104,50.042579195481736,-2.4122420433290657,True,False,True,False,True,1.0338552039772395,176.30153393543202,166.835754747967,0.0,0.0,0.0,0.0,0,0.9462098105121313,0.9940222238338097,False,False,False,False,-0.057245330460816424,-0.036840761813820025,False,False,False,False,-26570747,-148012837.98780218,False,False,False,False,57308344.90716149,False,False,False,False
2023-10-17 00:00:00+00:00,175.6503658807,176.9096149051,173.3202594183,175.1496408749,57549350,,173.18921770379404,,175.40004218050777,"rgba(38, 166, 154, 1.0)",7.604426089018235,165.8268673240309,1.2918132731746184,49.82992376697254,-2.4122420433290657,True,False,True,False,False,0.0,176.272603044694,167.07417447982598,0.0,0.0,0.0,0.0,0,0.9606277375335788,0.9711085822697579,False,False,False,False,-0.09798554515066994,-0.06741315348224498,False,False,False,False,-84120097,-145507240.30200604,False,False,False,False,57317796.08727281,False,False,False,False
2023-10-18 00:00:00+00:00,174.3514554697,176.0717681133,173.6276351644,174.0936564568,54764375,,173.19798867071805,,175.2958034106586,"rgba(38, 166, 154, 1.0)",7.55132172870754,165.8194768728538,1.129865592193023,49.281067353171174,-2.4122420433290657,True,False,False,False,False,0.0,176.19888018393598,167.3045199491815,0.0,0.0,0.0,0.0,0,0.961048884453456,0.9592405495696812,False,False,False,False,-0.10724192720685612,-0.08732754034455055,False,False,False,False,-138884472,-145247523.8980058,False,False,False,False,57217661.926987596,False,False,False,False
2023-10-19 00:00:00+00:00,173.9746722971,176.3345247994,173.7069579376,174.5497624027,59302863,,173.20729808090792,,175.2202682587068,"rgba(38, 166, 154, 1.0)",7.515244876172071,165.8207971429664,1.0849779732376226,48.72346640567265,-2.4122420433290657,True,False,False,False,False,0.0,176.14950603498798,167.556973355109,0.0,0.0,0.0,0.0,0,0.9646046143037086,0.9612707442686291,False,False,False,False,-0.10127086100630775,-0.09429920067542916,False,False,False,False,-198187335,-147323594.92161345,False,False,False,False,57299434.51808613,False,False,False,False
2023-10-20 00:00:00+00:00,171.4165128617,173.9350109105,171.1785445421,173.8259420973,64244028,,173.2002948924631,,175.00272327744167,"rgba(38, 166, 154, 0.5)",7.499102307870841,165.77856868208056,0.7518158771753274,47.563626155025766,-0.09767368469066895,True,False,False,True,False,0.0,176.053325568486,167.79026775611453,0.0,0.0,0.0,0.0,0,0.9456580905749424,0.9742608294080171,False,False,False,False,-0.18820672956395448,-0.14125296511969182,False,False,False,False,-262431363,-151837625.0423345,False,False,False,False,57571771.51737687,False,False,False,False
2023-10-23 00:00:00+00:00,171.5354970215,172.536947033,168.4914856004,169.4631895719,55980109,,173.1864877880699,,174.78248306701832,"rgba(38, 166, 154, 0.5)",7.492156555998141,165.72978394719988,0.7749054669248899,46.65758654028649,-1.0133189502485038,True,False,False,True,False,0.0,175.95833654759198,168.03077211542148,0.0,0.0,0.0,0.0,0,0.9351533352832253,0.9717693146366143,False,False,False,False,-0.2624145253517132,-0.20183374523570252,False,False,False,False,-206451254,-153979335.9818508,False,False,False,False,57509353.37944052,False,False,False,False
2023-10-24 00:00:00+00:00,171.971772274,172.199825247,169.998618291,171.5850737547,43816644,,173.17824915771988,,174.65438857672407,"rgba(38, 166, 154, 0.5)",7.502018391910161,165.70422017786734,0.8354487777437727,46.079139074444456,-1.6054845143729608,False,False,False,True,False,0.0,175.838955773942,168.25074951329552,0.0,0.0,0.0,0.0,0,0.9395838179102128,0.9800237764642231,False,False,False,False,-0.2409048067991498,-0.22136927601742618,False,False,False,False,-162634610,-154318758.49236646,False,False,False,False,56972384.38416835,False,False,False,False
2023-10-25 00:00:00+00:00,169.6515811583,171.5949891014,169.2053905591,170.4249781969,57156962,,173.1602444686931,,174.4508631908816,"rgba(38, 166, 154, 0.5)",7.549169875822444,165.65769158315896,0.5290501658907115,44.96938200440458,-2.716214296032227,False,True,False,True,False,0.0,175.713030871506,168.45650956016098,0.0,0.0,0.0,0.0,0,0.9342896530402888,0.9801831519877814,False,False,False,False,-0.26663429685349066,-0.24400178643545842,False,False,False,False,-219791572,-156886319.80639133,False,False,False,False,56979622.7220441,False,False,False,False
2023-10-26 00:00:00+00:00,165.4772202192,169.9267320278,164.267547928,168.9277608529,70625258,,173.1120779243919,,172.2782406318593,#000000,7.651818143849697,166.07373111678658,-0.07795675307129804,43.097393409410515,-4.555975166583806,False,True,False,True,False,0.0,175.52106976038803,168.6385345771435,0.0,0.0,0.0,0.0,0,0.9102535633789082,0.984860560512953,False,False,False,False,-0.34282825441539394,-0.29341502042542617,False,False,False,False,-290416830,-162122810.40221915,True,False,False,False,57514745.674120806,True,False,False,False
2023-10-27 00:00:00+00:00,166.7959613234,167.5296969754,165.4177281393,165.4970509125,58499129,,173.07285422312995,,172.02138332461024,#000000,7.6994852903232935,165.99258214479684,0.10434193303971266,42.06883922396844,-5.5510345839042685,False,True,False,True,False,0.0,175.40644835312798,168.81352829702948,0.0,0.0,0.0,0.0,0,0.9335149041844624,0.9927162824981557,False,False,False,False,-0.34282825441539394,-0.31812163742041005,False,False,False,False,-231917701,-164859864.93546548,False,False,False,False,57553348.941802345,False,False,False,False
2023-10-30 00:00:00+00:00,168.8484380797,169.7209885848,167.4404588556,167.5891890553,51130955,,173.0498625254538,,172.00225144132685,#000000,7.694510765993097,165.98143337456185,0.3726038980683817,41.96727618251725,-5.646221233854682,False,True,False,True,False,0.0,175.32315944128,168.999179328309,0.0,0.0,0.0,0.0,0,0.950341038769176,0.962130033190185,False,False,False,False,-0.2702526799675463,-0.29418715869397816,False,False,False,False,-180786746,-165484448.50662372,False,False,False,False,57301490.35584931,False,False,False,False
2023-10-31 00:00:00+00:00,169.3243747189,169.4532742253,166.4786702307,167.9163954947,44846017,,173.0287484751413,,171.9345016119433,#000000,7.602059459647412,165.95841788753097,0.4427690745167031,42.05086439457088,-5.646221233854682,False,True,False,True,True,0.0,175.22261782626398,169.1805456393305,0.0,0.0,0.0,0.0,0,0.9346294404803762,0.9697857922051174,False,False,False,False,-0.29111123731004285,-0.2926491980020105,False,False,False,False,-135940729,-164325871.27106985,False,False,False,False,56813040.420325816,False,False,False,False
2023-11-01 00:00:00+00:00,172.4972856464,172.7550846593,168.6798771867,169.5524276918,56934906,,173.01886158830536,,172.0455472797916,"rgba(38, 166, 154, 0.5)",7.4620279927233,165.99077614788445,0.8719492214261951,43.15914180471384,-5.646221233854682,False,True,False,True,True,0.0,175.157969766114,169.371951322711,0.0,0.0,0.0,0.0,0,0.9361339353818198,0.9609812103203327,False,False,False,False,-0.19938700656910854,-0.24601810228555954,False,False,False,False,-79005823,-160979987.02514556,False,False,False,False,56817819.46266598,False,False,False,False
2023-11-02 00:00:00+00:00,176.0668104399,176.2750327196,173.9746722971,174.034164377,77334752,,173.037631501538,,172.46532775385063,"rgba(38, 166, 154, 1.0)",7.24994442494276,166.12508425906884,1.3712830882713485,45.06074839837551,-7.3364795101360585,False,True,False,False,True,0.9823180169028767,175.08757080490798,169.5848083445195,0.0,0.0,0.0,0.0,0,0.9523887270545357,0.9671401441924028,False,False,False,False,-0.058503344820567175,-0.15226072355306336,False,False,False,False,-1671071,-154732578.55357122,False,False,False,False,57622405.052365355,False,False,False,False
2023-11-03 00:00:00+00:00,175.1545985483,175.3231594413,171.8825341542,172.7650000059,79829246,,173.0462293402318,,172.67053486597177,"rgba(38, 166, 154, 1.0)",7.082143813803945,166.19913678718495,1.2645128363052676,46.346797543047586,-6.089735272175069,False,False,False,False,True,0.18559678592553297,175.09292509210002,169.79280811116098,0.0,0.0,0.0,0.0,0,0.9490987191204269,0.9657049741043858,False,False,False,False,-0.10661528898563141,-0.12943800626934737,False,False,False,False,-81500317,-151860725.15931353,False,False,False,False,58493261.56011573,False,False,False,False
2023-11-06 00:00:00+00:00,177.7127579836,177.9110649166,174.7183232957,174.8868841887,63841310,,173.06980130268798,,172.94109140660834,"rgba(0, 255, 255, 0.75)",6.929439873056127,166.29680575705353,1.6474567116074317,48.05802813904859,-4.437313240337851,True,False,True,False,True,2.365039018703822,175.105220121944,170.00076352758597,0.0,0.0,0.0,0.0,0,0.9666396826463315,0.9393867809031174,False,False,False,False,-0.021090135614195493,-0.07526407094177143,False,False,False,False,-17659007,-146597912.6824777,False,False,False,False,58702988.94991512,False,False,False,False
2023-11-07 00:00:00+00:00,180.2808327656,180.8955842578,177.4549589707,177.6631812504,70529966,,173.11463359126856,,173.34269647345238,"rgba(0, 255, 0, 1.0)",6.757073540740357,166.44353224232705,2.0478244671815165,50.05562108805925,-2.5223296029763134,True,False,True,False,True,4.469736282607016,175.13754415201802,170.20556474963098,0.0,0.0,0.0,0.0,0,0.9671113727226557,0.9309081661529675,False,False,False,False,0.06881627525626498,-0.0032238978427532247,False,False,False,False,52870959,-138775603.98904723,False,False,False,False,59166791.971487075,False,False,False,False
2023-11-08 00:00:00+00:00,181.341774857,181.8970342693,180.0527797927,180.806346138,49340282,,173.15311848405867,,173.64363776323768,"rgba(0, 255, 0, 1.0)",6.56007294652172,166.5560772477718,2.2538922554310696,51.923648761056825,-0.7514767956940887,True,False,True,False,True,5.320883148630685,175.113152399262,170.4086607170185,0.0,0.0,0.0,0.0,0,0.9761438832991998,0.9487297638608555,False,False,False,False,0.125859625152604,0.06131786365492538,False,False,False,False,102211241,-129325139.47967283,False,False,False,False,58781438.63927189,False,False,False,False
2023-11-09 00:00:00+00:00,180.8658382179,182.5613624948,180.270917419,181.4111822835,53763540,,173.1953413632994,,173.94277876371547,"rgba(0, 255, 0, 1.0)",6.321484941465858,166.6716183316038,2.2453932925140796,53.291455095912575,0.5233349634540545,True,False,True,False,True,4.879621302206381,175.009239566384,170.6126845199615,0.0,0.0,0.0,0.0,0,0.9500660198988049,0.965357933710382,False,False,False,False,0.1399564602159365,0.10063716193543093,False,False,False,False,48447701,-122353655.53929351,False,False,False,False,58584658.300476916,False,False,False,False
2023-11-10 00:00:00+00:00,185.0600298502,185.2238437179,182.2106613649,182.6474983452,66177922,,173.26545237262792,,174.401203089738,"rgba(0, 255, 0, 1.0)",6.168544439629897,166.84885096984743,2.952265167022971,55.2943031060688,2.4184531283070214,True,False,True,False,True,8.180605846152211,174.98484781362797,170.82731243124852,0.0,0.0,0.0,0.0,0,0.9384765731508451,0.9498695938048238,False,False,False,False,0.21451364962377334,0.15757540577960213,False,False,False,False,114625623,-113060350.4985369,False,False,False,False,58882433.347517036,False,False,False,False
2023-11-13 00:00:00+00:00,183.4715317399,184.6926896622,182.8857730618,184.4841992853,43627519,,173.30916429204257,,174.6617771783569,"rgba(0, 255, 0, 1.0)",5.890387300796726,166.9534152849181,2.8042496378375135,56.39837558261714,3.4309007556408844,True,False,True,False,True,6.694316250809674,174.89715529632198,171.0242727595365,0.0,0.0,0.0,0.0,0,0.9380670597261127,0.9578637634520405,False,False,False,False,0.2252058911669112,0.19139064847325665,False,False,False,False,70998104,-105842371.89075115,False,False,False,False,58284201.41232029,False,False,False,False
2023-11-14 00:00:00+00:00,186.0925536219,186.7577372056,184.9607487184,186.3506845649,60108378,,173.38174497499364,,175.07522681301353,"rgba(0, 255, 0, 1.0)",5.6205018972814695,167.1194817706374,3.3756899647057352,57.81983470539467,4.765174725141129,True,False,True,False,True,8.689226317811674,174.857123850266,171.2488024210275,0.0,0.0,0.0,0.0,0,0.945654710801168,0.9409305328060543,False,False,False,False,0.34282825059472144,0.2671094495339891,False,False,False,False,131106482,-96550259.9734668,False,False,False,False,58355737.74909204,False,False,False,False
2023-11-15 00:00:00+00:00,186.6584560737,188.137744939,186.4301094704,186.4946422061,53790499,,173.4518186190368,,175.45054333563948,"rgba(0, 255, 0, 1.0)",5.385753747644806,167.2727742013614,3.599437104010925,59.09041157079734,5.9575609102296525,True,False,True,False,True,9.113171723899793,174.963060860734,171.46979338703247,0.0,0.0,0.0,0.0,0,0.9921444380461062,0.9267591717267832,False,False,False,False,0.3428282508562878,0.3049688501951384,False,False,False,False,184896981,-85513113.26862496,False,False,False,False,58176708.77853942,False,False,False,False
2023-11-16 00:00:00+00:00,188.3462353159,189.5872494646,187.2938553179,188.2072417313,54412915,,173.52884532498138,,175.84313520849625,"rgba(0, 255, 0, 1.0)",5.308624381695291,167.43511235057295,3.9390850551474044,60.446529938020255,7.240989781987096,True,False,True,False,True,10.37065887724517,175.208847665186,171.693595530776,0.0,0.0,0.0,0.0,0,1.0311434877081171,0.8739785384374039,False,False,False,False,0.3428282510436863,0.32389855061941236,False,False,False,False,239309896,-72774956.04240438,False,False,False,False,58029109.02251826,False,False,False,False
2023-11-17 00:00:00+00:00,188.3263790896,189.0114188996,187.2144304123,188.8823534282,50941404,,173.59916244177762,,176.17896819663747,"rgba(0, 255, 0, 1.0)",5.27811652832413,167.57775388146527,3.931066147704529,61.54865210714079,8.283225196267317,True,False,True,False,True,10.351103369704731,175.441942315268,171.890690145523,0.0,0.0,0.0,0.0,0,1.0057526458333474,0.8910000202810581,False,False,False,False,0.3318212804155856,0.327859915517499,False,False,False,False,188368492,-62534036.511329696,False,False,False,False,57751159.80594892,False,False,False,False
2023-11-20 00:00:00+00:00,190.0737270109,190.525456161,188.5150132402,188.5249413533,46538614,,173.66945146258064,,176.50481568886232,"rgba(0, 255, 0, 1.0)",5.490896827446052,167.71682645383606,4.071630056007202,62.778948667696355,9.460758857694294,True,False,True,False,True,11.654077291020563,175.686583705686,172.07835482971998,0.0,0.0,0.0,0.0,0,1.0156209222030088,0.8801209940572423,False,False,False,False,0.3428282512016438,0.3353440833595714,False,False,False,False,234907106,-50869677.98147363,False,False,False,False,57311452.12728426,False,False,False,False
2023-11-21 00:00:00+00:00,189.2695498425,190.1432238032,188.3760196555,190.0340145581,38134485,,173.72501738747553,,176.7493731800469,"rgba(0, 255, 0, 1.0)",5.681952099342503,167.8236755739358,3.7743849109614733,63.46829812589974,10.119871781957443,True,False,True,False,True,10.841586184832494,175.97582347422403,172.27567299664398,0.0,0.0,0.0,0.0,0,1.0312147548139272,0.878792740475555,False,False,False,False,0.33447569264403837,0.3349098880018049,False,False,False,False,196772621,-41158215.276317805,False,False,False,False,56559414.200724095,False,False,False,False
2023-11-22 00:00:00+00:00,189.9347334262,191.5430877629,189.4532199366,190.1134394636,39630011,,173.78620882224715,,177.01310006520882,"rgba(0, 255, 0, 1.0)",5.880261961628003,167.93936410941035,3.7405424214638305,64.16490312806228,10.804571305002938,True,False,True,False,True,11.345345956915125,176.319813063428,172.461902223645,0.0,0.0,0.0,0.0,0,1.0426460451783293,0.8494506214330286,False,False,False,False,0.34282825133246003,0.3388690696671325,False,False,False,False,236402632,-30273476.1674426,False,False,False,False,55895516.03598982,False,False,False,False
2023-11-24 00:00:00+00:00,188.6043662589,189.5276807855,187.8895421092,189.4978964459,24048344,,173.81946578205833,,177.1475939302377,"rgba(0, 255, 0, 1.0)",6.032238240185196,168.00048861343583,3.415627305335276,64.19614254517579,10.858833419748827,True,False,True,False,True,9.983560450608394,176.60685434854202,172.65495651957247,0.0,0.0,0.0,0.0,0,1.0325074947643818,0.8517345160146733,False,False,False,False,0.2885912099945998,0.3137301398308662,False,False,False,False,212354288,-20758661.886366423,False,False,False,False,54646607.32869611,False,False,False,False
2023-11-27 00:00:00+00:00,188.4256602214,189.2993341821,187.5420581476,188.5547256929,40552609,,173.8742676890901,,177.36133615106874,"rgba(0, 255, 0, 1.0)",6.171321837399469,168.09935533085286,3.293671181976863,64.14913366219895,10.862435746619184,True,False,True,False,False,9.8002410233942,176.90479791901197,172.852300710221,0.0,0.0,0.0,0.0,0,1.0288582562822166,0.8549307637354893,False,False,False,False,0.28002479907037453,0.2968774694506203,False,False,False,False,171801679,-13207275.969254013,False,False,False,False,54093901.511884496,False,False,False,False
2023-11-28 00:00:00+00:00,189.031275126,189.7063868229,188.0384638071,188.4157321083,38415419,,173.92758534458997,,177.5645308261015,"rgba(0, 255, 0, 1.0)",6.317893156451835,168.19406466300066,3.2981264397800665,64.25301922400831,11.037066800706285,True,False,True,False,False,10.282992102745503,177.156154935414,173.05084643518651,0.0,0.0,0.0,0.0,0,1.0248085918745904,0.8764076407935958,False,False,False,False,0.29348358826236465,0.2951805288564925,False,False,False,False,210217098,-4445535.813596993,False,False,False,False,53479059.060438044,False,False,False,False
2023-11-29 00:00:00+00:00,188.0086794675,190.709126255,187.6115549399,189.5276807855,43014224,,173.98625090548802,,177.7794520857498,"rgba(0, 255, 0, 1.0)",6.43478362284306,168.29616684888688,3.063430532245869,63.89964992916636,11.037066800706285,True,False,True,False,False,9.20871671432554,177.36524627601997,173.2302378981835,0.0,0.0,0.0,0.0,0,1.0155398129742474,0.8718974515193278,False,False,False,False,0.3021156878740946,0.29864810836529354,False,False,False,False,167202874,2285774.375171517,False,False,False,False,53068673.37179342,False,False,False,False
2023-11-30 00:00:00+00:00,188.5845100325,188.9518502205,186.8371621111,188.4753007874,48794366,,174.0493322977072,,177.99755260613796,"rgba(0, 255, 0, 1.0)",6.55619955783771,168.4031027211974,3.078217362553649,63.75898223435096,11.037066800706285,True,False,True,False,False,9.681491330768146,177.65684810993,173.4157221880865,0.0,0.0,0.0,0.0,0,1.0221108933302903,0.8823318227372674,False,False,False,False,0.2644708884932008,0.28155949842924716,False,False,False,False,215997240,10666616.164380478,False,False,False,False,52901053.47486034,False,False,False,False
2023-12-01 00:00:00+00:00,189.8652366339,190.182936256,187.8696858828,188.9617783337,45704823,,174.1128280788294,,178.2165478596057,"rgba(0, 255, 0, 1.0)",6.696142848869246,168.50982579861727,3.189210761668404,63.96836087529193,11.037066800706285,True,False,True,False,False,10.72966203692392,178.00500035741203,173.5970791482395,0.0,0.0,0.0,0.0,0,1.0394016988456865,0.8512182893692359,False,False,False,False,0.29809193095175257,0.2898257146904999,False,False,False,False,261702063,20511143.491267517,False,False,False,False,52618848.35819915,False,False,False,False
2023-12-04 00:00:00+00:00,188.0682481466,188.6837911644,186.1035738276,188.614294372,43389519,,174.16597941786338,,180.48720138798154,"rgba(0, 255, 0, 1.0)",6.766801637294702,170.12602979647517,2.6515064740833694,63.35030997054561,11.037066800706285,True,False,True,False,False,8.80424606634612,178.300158438912,173.777460630588,0.0,0.0,0.0,0.0,0,1.0189572302142345,0.859983078195822,False,False,False,False,0.2497821717139714,0.26980394320223566,False,False,False,False,218312544,28268061.158276632,False,False,False,False,52256913.873563886,False,False,False,False
2023-12-05 00:00:00+00:00,192.0295653092,193.0025204018,188.8128566358,188.8426409754,66628398,,174.26879253715776,,181.22716539359172,"rgba(0, 255, 0, 1.0)",6.926618616542333,170.40244259012604,3.122320415826488,63.81013347958769,11.040121529595673,True,False,True,False,False,11.987619517262562,178.64896126930998,173.983383870955,0.0,0.0,0.0,0.0,0,1.031048121667132,0.8294150579209678,False,False,False,False,0.34282825138413275,0.3063160972931842,False,False,False,False,284940942,38333664.328540295,False,False,False,False,52820501.4863653,False,False,False,False
2023-12-06 00:00:00+00:00,190.9374728584,193.3599324766,190.7289824814,193.0521609677,40895115,,174.33273423525713,,181.50513505457815,"rgba(0, 255, 0, 1.0)",7.059434296848344,170.52846813331396,2.891025522285485,63.73463090517557,11.061241949525368,True,False,True,False,False,10.826511479960278,179.057624707078,174.2039691929275,0.0,0.0,0.0,0.0,0,1.0666542273282518,0.8191013175971734,False,False,False,False,0.34282825151888996,0.3245721744060371,False,False,False,False,244045827,46400807.962715186,False,False,False,False,52352839.271213725,False,False,False,False
2023-12-07 00:00:00+00:00,192.8734549303,193.5982071931,192.1983432334,192.2380556862,47477655,,174.41153893807436,,181.84626985048587,"rgba(0, 255, 0, 1.0)",7.24011517577638,170.68280779055323,3.064957752880941,64.11156105500649,11.531862709834726,True,False,True,False,False,12.339463462794829,179.535348747028,174.4321084562525,0.0,0.0,0.0,0.0,0,1.086146473435095,0.7928983156970582,False,False,False,False,0.3428282516124804,0.33370021300925873,False,False,False,False,291523482,56013461.84653027,False,False,False,False,52161655.57430339,False,False,False,False
2023-12-08 00:00:00+00:00,194.3031032296,194.5810903989,192.2777681389,192.803958138,53406358,,174.50333722062402,,182.2141377344862,"rgba(0, 255, 0, 1.0)",7.456807954023603,170.8546527890017,3.144569443812187,64.72377203839555,12.227393741661373,True,False,True,False,True,13.433212774063279,180.036509772706,174.6649733452285,0.0,0.0,0.0,0.0,0,1.0976370559420507,0.7763515072425853,False,False,False,False,0.3428282516677109,0.3382642323384848,False,False,False,False,344929840,67343515.89176437,False,False,False,False,52210467.43413463,False,False,False,False
2023-12-11 00:00:00+00:00,191.7912905927,192.0990621015,190.0439426713,191.7217938003,60943699,,174.5940308524103,,182.42758702679075,"rgba(0, 255, 0, 1.0)",7.584093807676414,170.98757466411243,2.7430720737566046,64.20512498518225,12.227393741661373,True,False,True,False,False,10.749792393365798,180.477122585132,174.89857883759998,0.0,0.0,0.0,0.0,0,1.050613903811313,0.7875919390703591,False,False,False,False,0.2793108062109846,0.3087875192747347,False,False,False,False,283986141,75839305.11169519,False,False,False,False,52552947.10338426,False,False,False,False
2023-12-12 00:00:00+00:00,193.3102919106,193.3202200238,190.3427788783,191.6920094608,52696900,,174.67637097743557,,182.65189305271466,"rgba(0, 255, 0, 1.0)",7.750810473376148,171.11527227644387,2.863574036598559,64.12999643300122,12.227393741661373,True,False,True,False,False,11.930754012910572,180.897745462942,175.133796958657,0.0,0.0,0.0,0.0,0,1.0487994053229337,0.7870552928153927,False,False,False,False,0.2995222247208523,0.3041548719977935,False,False,False,False,336683041,86068471.22496204,False,False,False,False,52558592.31501625,False,False,False,False
2023-12-13 00:00:00+00:00,196.5369286972,196.5766411499,193.4492854953,193.6875602118,70404183,,174.8049035828734,,183.1034756241728,"rgba(0, 255, 0, 1.0)",7.996331523113716,171.33806718343644,3.151302749382671,64.73663825224322,12.474753825193659,True,False,True,False,False,14.347204629715478,181.409672512434,175.387669761772,0.0,0.0,0.0,0.0,0,1.0703633477901473,0.7625886447067703,False,False,False,False,0.34282825182016946,0.3234915619089815,False,False,False,False,407087224,98657441.92202234,False,False,False,False,53258419.40070189,False,False,False,False
2023-12-14 00:00:00+00:00,196.685850395,198.1849954866,194.7498683231,196.5964973763,66831572,,174.9313874184104,,187.09202158603253,"rgba(0, 255, 0, 1.0)",8.227246855387506,173.51120378817396,2.8168167327628457,65.26208339241015,13.0664885652224,True,False,True,False,True,14.4564517448553,181.89959132232798,175.6526698127135,0.0,0.0,0.0,0.0,0,1.0780613658960985,0.7559459821398247,False,False,False,False,0.34282825194601824,0.33315990692749986,False,False,False,False,473918796,113373573.45449205,False,False,False,False,53790699.89479201,False,True,False,False
2023-12-15 00:00:00+00:00,196.1497322828,196.9736663964,195.583829831,196.11001983,128538401,,175.16719325685165,,187.62751452474373,"rgba(0, 255, 0, 1.0)",8.409719780517072,173.8634580621479,2.6500614529729076,65.46633719623318,13.340265279090701,True,False,True,False,True,13.868443850688696,182.353999403356,175.912022804712,0.0,0.0,0.0,0.0,0,1.0728940929286415,0.7703725262286274,False,False,False,False,0.33817605976964143,0.3356679833485706,False,False,False,False,345380395,122471880.18176687,False,False,False,False,56721982.29107468,False,False,False,False
2023-12-18 00:00:00+00:00,194.481809267,195.216489643,192.9925922886,194.6803715308,55751861,,175.2582739393169,,187.6941216568143,"rgba(0, 255, 0, 1.0)",8.544231756432652,173.9639164813865,2.4013736249799518,64.94736075871866,13.340265279090701,True,False,True,False,False,12.05192743796006,182.723885835362,176.13772231810296,0.0,0.0,0.0,0.0,0,1.0509890608942773,0.7909236487702891,False,False,False,False,0.2855192217054552,0.3105936025270129,False,False,False,False,289628534,129027043.07659954,False,False,False,False,56683938.31887567,False,False,False,False
2023-12-19 00:00:00+00:00,195.5242611519,195.5341892651,194.481809267,194.7498683231,40233138,,175.32672673899262,,187.80499945962188,"rgba(0, 255, 0, 1.0)",8.682474910736014,174.05431157144818,2.47279143345452,64.76844955164091,13.340265279090701,True,False,True,False,False,12.86196140951802,183.08487526512,176.35479057180154,0.0,0.0,0.0,0.0,0,1.0439837522251072,0.7928864152021379,False,False,False,False,0.3071978738573767,0.3088957381921948,False,False,False,False,329861672,136902910.87751722,False,False,False,False,56038808.89460604,False,False,False,False
2023-12-20 00:00:00+00:00,193.4294292689,196.2589415279,193.4294292689,195.4845486991,52242815,,175.41132715826865,,187.9026695228574,"rgba(0, 255, 0, 1.0)",8.769034832676077,174.15595579168064,2.197901347751588,63.79392308164479,13.340265279090701,True,False,True,False,False,10.60316190869526,183.415866473196,176.57241004023896,0.0,0.0,0.0,0.0,0,1.02146987788904,0.7940159176169299,False,False,False,False,0.303246839187477,0.3060712886898359,False,False,False,False,277618857,142421183.27447733,False,False,False,False,55889946.388935216,False,False,False,False
2023-12-21 00:00:00+00:00,193.2805075711,195.6632547365,192.1089902147,194.690299644,46482549,,175.4832604626327,,187.96247724351176,"rgba(0, 255, 0, 1.0)",8.8952338954741,174.2363646603381,2.140937847677235,62.9391716806166,14.864553103938533,True,False,True,False,False,10.44381627985338,183.71591796976602,176.78300587544499,0.0,0.0,0.0,0.0,0,1.0145538741943776,0.8008998487502792,False,False,False,False,0.2803179219343466,0.2931946053120913,False,False,False,False,231136308,145900207.77351746,False,False,False,False,55521028.844271086,False,False,False,False
2023-12-22 00:00:00+00:00,192.2082713466,194.0052598339,191.5828002157,193.7769132305,37149570,,175.53694035159685,,187.97752809980352,"rgba(0, 255, 255, 0.75)",8.981785712490565,174.2888810056418,1.9950810356161692,61.82267193727456,13.738492388729597,False,False,True,False,False,9.291057938144707,183.976478810946,176.999513109381,0.0,0.0,0.0,0.0,0,1.0010707435021438,0.8283833849299482,False,False,False,False,0.25452579150692284,0.27386019840950704,False,False,False,False,193986738,147785954.05690894,False,False,False,False,54800579.477829084,False,False,False,False
2023-12-26 00:00:00+00:00,191.6622251212,192.4961866291,191.443806631,192.2181994598,28919310,,175.5767139850505,,187.97514938288492,"rgba(0, 255, 255, 0.75)",9.05750313643519,174.32435903394065,1.9141992915812682,60.69804159265302,12.620698362719963,False,True,False,False,False,8.704220448739562,184.26300381715,177.223623310388,0.0,0.0,0.0,0.0,0,1.0064231055255173,0.8329002465348632,False,False,False,False,0.23528329463548153,0.25457174652249426,False,False,False,False,165067428,148463658.91742232,False,False,False,False,53785627.7336005,False,False,False,False
2023-12-27 00:00:00+00:00,191.7615062531,192.1089902147,189.7163149361,191.1062507826,47899806,,175.63946839317168,,187.95428726537426,"rgba(0, 255, 255, 0.75)",9.136352788688686,174.37596807584347,1.9028969851931288,59.809414224930485,11.745040666404087,False,True,False,False,False,8.78974146721395,184.55409243612198,177.438490012533,0.0,0.0,0.0,0.0,0,1.0056414980748696,0.8154094454914017,False,False,False,False,0.21083883475825982,0.23270529064037704,False,False,False,False,212967234,150993210.88144496,False,False,False,False,53554811.19502793,False,False,False,False
2023-12-28 00:00:00+00:00,192.1884151202,193.2606513447,191.7813624795,192.7443894588,34049898,,175.68723100211625,,187.97969901895746,"rgba(0, 255, 255, 0.75)",9.19531521272543,174.42539773159896,1.9317464358392782,59.22239916542686,11.166785228110221,False,True,False,False,False,9.162393416084196,184.884853420912,177.6450097373965,0.0,0.0,0.0,0.0,0,1.0348402499194214,0.8012537778757912,False,False,False,False,0.24813046415878923,0.24041787739958315,False,False,False,False,247017132,154758854.8468785,False,False,False,False,52789912.63836017,False,False,False,False
2023-12-29 00:00:00+00:00,191.1459632353,193.0025204018,190.3467501236,192.5061147423,42672148,,175.7434629568601,,187.98550329480943,"rgba(0, 255, 255, 0.75)",9.20896765104148,174.477499105929,1.8100252667828498,58.299800231368295,10.259515694626494,False,True,False,False,False,7.99842093992665,185.220743576224,177.8443395572475,0.0,0.0,0.0,0.0,0,1.0222524305985223,0.797385001973175,False,False,False,False,0.2284282714504339,0.23442307442500854,False,False,False,False,204344984,156703408.93131465,False,False,False,False,52393137.55450292,False,False,False,False
2024-01-02 00:00:00+00:00,184.3054932479,187.0853649409,182.5631093831,185.8046383395,82488674,,175.80428577518975,,187.62240064636498,"rgba(38, 166, 154, 1.0)",9.174285854160255,174.44223205948543,1.0750985248559561,55.28579480328666,7.3287500892203425,False,True,False,True,False,0.9638821036635257,185.42735999524,177.99532686120602,0.0,0.0,0.0,0.0,0,0.9840726687849078,0.8203339669798028,False,False,False,False,0.07393047720472268,0.1541767758148656,False,False,False,False,121856310,155336856.03204742,False,False,False,False,53573354.670012616,False,False,False,False
2024-01-03 00:00:00+00:00,182.9254855145,184.5437679644,182.111380233,182.895701175,58414460,,175.83984278537653,,187.35398800630827,"rgba(38, 166, 154, 0.5)",9.125320896773196,174.4078112378312,0.9334109313000415,52.46636949112267,4.640902239929076,False,True,False,True,False,0.0,185.657539448296,178.14361662337248,0.0,0.0,0.0,0.0,0,0.9986720885516553,0.8211390958713758,False,False,False,False,0.04088536091715437,0.09753106836600998,False,False,False,False,63441850,151733130.30530044,False,False,False,False,53763201.93785526,False,False,False,False
2024-01-04 00:00:00+00:00,180.6023070282,181.7710445129,179.5797113697,180.8405817448,71983570,,175.86820376040413,,186.95720496851703,"rgba(38, 166, 154, 0.5)",9.104995644728378,174.33542070806837,0.6882909739512098,49.606584424875116,1.9517431431077839,False,True,False,True,False,0.0,185.83887564843,178.2684246195785,0.0,0.0,0.0,0.0,0,0.9964525780939731,0.8217999393601267,False,False,False,False,-0.01749972485496305,0.040015671755523466,False,False,False,False,-8541720,145447842.05803376,False,False,False,False,54477726.175586425,False,False,False,False
2024-01-05 00:00:00+00:00,179.8775547654,181.4461966493,178.8748153333,180.6817319337,62196924,,175.88947729879976,,186.1868549246391,#000000,9.0940487382362,175.36282417339885,0.49644891092554005,47.102717403338744,-0.36225241972954336,False,True,False,True,False,0.0,185.996991298258,178.380313920206,0.0,0.0,0.0,0.0,0,0.9811253576958802,0.8221721882488341,False,False,False,False,-0.028835482895784918,0.005590094429869274,False,False,False,False,-70738644,136969940.64399323,False,False,False,False,54780439.8157595,False,False,True,False
2024-01-08 00:00:00+00:00,184.2260683423,184.2657807951,180.1952543874,180.776049009,59144470,,175.9230773782432,,186.27975249264608,"rgba(38, 166, 154, 0.5)",9.05055274447942,175.41500040294187,0.9735392067332728,46.624427658876726,-0.6977478920807982,False,True,False,True,False,0.9619330763717429,186.28848104193804,178.521114753975,0.0,0.0,0.0,0.0,0,0.9962317317747375,0.8010765990319038,False,False,False,False,0.016723856641725394,0.011156975535797333,False,False,False,False,-11594174,131143896.9324641,False,False,False,False,54951578.254357174,False,False,False,False
2024-01-09 00:00:00+00:00,183.8090875884,183.8190157016,181.4164123097,182.5978577793,42841809,,175.94762774558467,,186.24322563703095,"rgba(38, 166, 154, 0.5)",8.982799735269644,175.4270840299991,0.933117046513927,46.1244166764307,-1.093873429134149,False,True,False,True,True,0.5746565909793233,186.65511838932198,178.65439215860752,0.0,0.0,0.0,0.0,0,1.0363781115609736,0.7857250172101481,False,False,False,False,0.025247765840440313,0.01820237068811882,False,False,False,False,-54435983,123866254.58217138,False,False,False,False,54476685.342421606,False,False,False,False
2024-01-10 00:00:00+00:00,184.8515394733,185.0600298502,182.5978577793,183.0247666464,46792908,,175.97859938333602,,186.25138551117396,"rgba(38, 166, 154, 1.0)",8.927285432087448,175.4564817155674,1.0523980474471915,46.06487437773184,-1.0952993470483179,False,True,False,True,True,1.5301945475855554,187.01622995232,178.7863555922235,0.0,0.0,0.0,0.0,0,1.0365073379678917,0.7608709372323781,False,False,False,False,0.037351571807721924,0.027776971247920373,False,False,False,False,-7643075,118709025.97110583,False,False,False,False,54175360.74075802,False,False,False,False
2024-01-11 00:00:00+00:00,184.2558526819,185.7053572076,182.3000143836,185.1990234349,49128408,,176.01054084597365,,186.2229125749315,"rgba(38, 166, 154, 0.5)",8.883467885146292,175.47751100732853,0.9881660842439015,45.84759769479582,-1.2873817238128638,False,True,False,True,True,0.9615293223594925,187.32437824436397,178.925080496404,0.0,0.0,0.0,0.0,0,1.0247328539720049,0.7768981914166571,False,False,False,False,0.041381107817395804,0.03457903953265809,False,False,False,False,-56771483,111827437.38400364,False,False,False,False,53977441.02543417,False,False,False,False
2024-01-12 00:00:00+00:00,184.5834804172,185.3975856987,183.8587281543,184.7224740018,40477782,,176.03837181446332,,186.2124067150596,"rgba(38, 166, 154, 1.0)",8.775202401649008,175.499582146902,1.0351782049598086,45.78625923944422,-1.355122843318938,False,True,False,True,True,1.2690048556014304,187.62956035833002,179.0685583310625,0.0,0.0,0.0,0.0,0,1.0426821666442347,0.7749300934574334,False,False,False,False,0.026552397692453846,0.03056571861255597,False,False,False,False,-16293701,106803079.01600349,False,False,False,False,53448042.632279895,False,False,False,False
2024-01-16 00:00:00+00:00,182.3099424968,182.9354136277,179.6333231809,180.8505098579,65603041,,176.06751745046117,,185.9893941159963,"rgba(38, 166, 154, 0.5)",8.628259160994322,175.46804764512322,0.7929635311149281,45.08723526630231,-2.0669484344040825,False,True,False,True,True,0.0,187.825813495338,179.1852428405315,0.0,0.0,0.0,0.0,0,0.9989528167628812,0.8050315846029504,False,False,False,False,-0.1086943013285631,-0.039064291358003565,False,False,False,False,-81896742,99403086.03498374,False,False,False,False,53924709.23493559,False,False,False,False
2024-01-17 00:00:00+00:00,181.3667717438,181.6149745735,179.0038808047,179.9669077841,47317433,,176.08473691823622,,185.80669214127653,"rgba(38, 166, 154, 0.5)",8.482465582092482,175.43616485732613,0.6991607368256348,44.26215552541388,-2.9061032565928073,False,True,False,True,True,0.0,187.93181272141598,179.28935035502252,0.0,0.0,0.0,0.0,0,0.9629434735707944,0.8266811609446187,False,False,False,False,-0.13726618497555565,-0.08816523816677961,False,False,False,False,-129214175,90437703.24929811,False,False,False,False,53665600.36297733,False,False,False,False
2024-01-18 00:00:00+00:00,187.2739990915,187.7803328641,184.4941273985,184.7522583414,78005754,,176.14879419387802,,185.90727152128267,"rgba(38, 166, 154, 1.0)",8.35311638058887,175.51923000696596,1.4072315707045577,45.532429797890735,-2.9061032565928073,False,True,False,True,True,3.6531043547741007,188.17420073228,179.410435956767,0.0,0.0,0.0,0.0,0,0.9993575615280434,0.8035400497360305,False,False,False,False,-0.008313192484143478,-0.04823921532546154,False,False,False,False,-51208421,84882953.27873741,False,False,False,False,54620116.19188018,False,False,False,False
2024-01-19 00:00:00+00:00,190.182936256,190.5701326704,187.4626332421,187.9689670147,68902985,,176.2203119953253,,186.11555111631952,"rgba(0, 255, 255, 0.75)",8.291393951509514,175.63693662693848,1.7543491135665206,47.330006557863776,-5.524446551002825,False,True,False,False,True,6.108944574379496,188.423604297728,179.539787219592,0.0,0.0,0.0,0.0,0,0.9989727473063125,0.8009892564412879,False,False,False,False,0.04564312239596272,-0.0012980464647494097,False,False,False,False,17694564,82248114.4834928,False,False,False,False,55180228.694159396,False,False,False,False
2024-01-22 00:00:00+00:00,192.4961866291,193.9258349284,190.8779041792,190.917616632,60133852,,176.29629063589405,,186.3919333564685,"rgba(0, 255, 0, 1.0)",8.224414164978857,175.7763249019048,2.0329547359606015,49.34379418417877,-3.5622287538816693,False,True,True,False,True,7.980859491069143,188.667911374998,179.68337455582653,0.0,0.0,0.0,0.0,0,0.998862583938639,0.7983046275849369,False,False,False,False,0.16698705954592272,0.08284450654058666,False,False,False,False,77828416,82074792.97433622,False,False,False,False,55374488.431643344,False,False,False,False
2024-01-23 00:00:00+00:00,193.7769132305,194.3428156823,192.4365186688,193.6180634195,42355590,,176.35295159562222,,186.59514371816934,"rgba(0, 255, 0, 1.0)",8.191666884606644,175.8795292509423,2.18482809807483,51.276378495270166,-1.7003333043894102,False,False,True,False,True,8.994102741441278,188.91661414246803,179.8426110181925,0.0,0.0,0.0,0.0,0,0.9917208530722628,0.8024075482126694,False,False,False,False,0.20839712631831464,0.14562081642945066,False,False,False,False,120184006,83569271.91651912,False,False,False,False,54863943.39510831,False,False,False,False
2024-01-24 00:00:00+00:00,193.1018015337,194.9682868133,192.9429517226,194.0151879471,53463269,,176.4245713889988,,188.72141937640336,"rgba(0, 255, 255, 0.75)",8.161940437362961,177.71494171887235,1.8851962879306425,52.63367750692343,-0.41124412298445634,False,False,True,False,True,8.316555936942013,189.161333408784,179.99402221950103,0.0,0.0,0.0,0.0,0,0.9936907426941909,0.8023144131823994,False,False,False,False,0.23243523281402667,0.18902802462173868,False,False,False,False,66720737,82908545.05704778,False,False,False,False,54809014.98745701,False,False,False,False
2024-01-25 00:00:00+00:00,192.7741737984,194.8565955399,191.7242758286,193.8166256833,54822126,,176.4950651929892,,188.8426367286821,"rgba(0, 255, 255, 0.75)",8.16076976832118,177.81277837326164,1.8333313951848194,53.63302233522214,0.5333196142632346,True,False,True,False,True,7.985066720326369,189.315616287748,180.156798301875,0.0,0.0,0.0,0.0,0,0.9810435982740974,0.8292338227381387,False,False,False,False,0.2042074920157286,0.19661775831873363,False,False,False,False,11898611,80123841.76069297,False,False,False,False,54809529.14481163,False,False,False,False
2024-01-26 00:00:00+00:00,191.0367539903,193.3599324766,190.5602045572,192.8734549303,44594011,,176.54695089330627,,188.83786459148897,"rgba(0, 255, 255, 0.75)",8.152467512710812,177.86029078712232,1.6162546103537097,53.86874807546812,0.7485979257601088,True,False,True,False,True,6.236085614646008,189.466920732756,180.316968545392,0.0,0.0,0.0,0.0,0,0.9709494322963894,0.8391874462449668,False,False,False,False,0.14865621449553681,0.1726369864071352,False,False,False,False,-32695400,75699557.77007756,False,False,False,False,54408920.59011313,False,False,False,False
2024-01-29 00:00:00+00:00,190.3517141802,190.8183355001,188.2171698445,190.6297013495,47145622,,176.5947258075413,,188.74203783622727,"rgba(0, 255, 255, 0.75)",8.125856861700951,177.8798938275551,1.5348314110020176,53.83788633612161,0.7485979257601088,True,False,True,False,True,5.553036312820481,189.55210394392202,180.47717446963802,0.0,0.0,0.0,0.0,0,0.9490255409418125,0.8757157544828643,False,False,False,False,0.04876006521656643,0.11069852581185081,False,False,False,False,-79841022,69599927.19085883,False,False,False,False,54124085.35128517,False,False,False,False
2024-01-30 00:00:00+00:00,186.6882404133,190.4212109725,186.1223379615,189.5673932382,55859370,,176.64215772741304,,188.54759099810778,"rgba(38, 166, 154, 1.0)",8.091260285389987,177.87272966735645,1.0895102165803903,52.71659721001442,0.7485979257601088,True,False,True,False,False,2.019146807812781,189.552699630714,180.5920681627715,0.0,0.0,0.0,0.0,0,0.9277738112419375,0.8920709311324378,False,False,False,False,-0.0017077662313125565,0.05449537979026913,False,False,False,False,-135700392,61548934.281413384,False,False,False,False,54192135.72966614,False,False,False,False
2024-01-31 00:00:00+00:00,183.0744072124,185.7500337169,183.0247666464,185.6954290944,55467803,,176.67289847632003,,188.18944416224844,"rgba(38, 166, 154, 0.5)",8.065815803076326,177.8064780031128,0.6531179657336069,50.89207376265826,0.7485979257601088,True,False,False,True,False,0.0,189.447263068644,180.69062312979,0.0,0.0,0.0,0.0,0,0.904217875793784,0.9321445461902335,False,False,False,False,-0.1602809548466904,-0.052892787528210625,False,False,False,False,-191168195,51638458.62331874,False,False,False,False,54242161.89713022,False,False,False,False
2024-02-01 00:00:00+00:00,185.516723057,185.6060760757,182.4985766474,182.662390515,64885408,,176.7114245925652,,187.91347998442475,"rgba(38, 166, 154, 0.5)",8.015114493938885,177.7676246189366,0.9668106979536429,50.12328833445126,3.243596653026991,True,False,False,True,False,0.9223591724089744,189.391069947992,180.801290793752,0.0,0.0,0.0,0.0,0,0.90205417940815,0.929834650560707,False,False,False,False,-0.1742257256999306,-0.11355925661407062,False,False,False,False,-126282787,44661154.87338468,False,False,False,False,54659544.09724276,False,False,False,False
2024-02-02 00:00:00+00:00,184.5139836248,185.9833443769,177.9614289198,178.5670438244,102551680,,176.7583354221188,,186.8101549963344,"rgba(38, 166, 154, 0.5)",7.961262185596717,178.79725477313565,0.718068155324277,49.246303795324295,2.3662223375240927,False,False,False,True,False,0.031559280834461134,189.27987508027,180.90081405923,0.0,0.0,0.0,0.0,0,0.869137481829439,0.9410728729178673,False,False,False,False,-0.26253670847584987,-0.18804798254496025,False,False,False,False,-228834467,33935836.36854607,False,False,False,False,56537667.07382148,False,False,False,False
2024-02-05 00:00:00+00:00,186.3308283385,187.8895421092,184.5040555116,186.7974496584,69668820,,176.80755642378242,,187.02057561178594,"rgba(38, 166, 154, 0.5)",7.882070553157604,178.8879140468369,0.9442841498902119,49.055285753639566,2.1494199328034043,False,False,False,True,False,1.6232998238023306,189.22110065018998,181.0036863760705,0.0,0.0,0.0,0.0,0,0.9133514052881603,0.9270066206530276,False,False,False,False,-0.08590015856652396,-0.1369740705557421,False,False,False,False,-159165647,26363229.177622695,False,False,False,False,57052614.24739711,False,False,False,False
2024-02-06 00:00:00+00:00,187.9391826752,187.9491107884,185.4268736326,185.516723057,43490759,,176.84081347311536,,187.1267164376523,"rgba(38, 166, 154, 1.0)",7.779990914225666,178.9413379299604,1.156536664944823,49.342978410892385,2.1494199328034043,False,False,False,True,False,3.0041267683692574,189.18118963516997,181.1194456962855,0.0,0.0,0.0,0.0,0,0.9136769547089579,0.9368819513590445,False,False,False,False,-0.0659043846615444,-0.10143922760864324,False,False,False,False,-115674888,20793106.93536298,False,False,False,False,56520776.786714874,False,False,False,False
2024-02-07 00:00:00+00:00,188.0483919203,189.6766024833,187.2541428651,189.2695498425,53438955,,176.88621236663366,,187.29648043612002,"rgba(38, 166, 154, 1.0)",7.664937367530738,179.02233577918744,1.1775772858037448,49.60858286814526,2.1494199328034043,False,False,False,False,False,3.0978774387239305,189.170070148398,181.24380996849803,0.0,0.0,0.0,0.0,0,0.9381477953235471,0.9157236597598456,False,False,False,False,0.006127928522662051,-0.04765564954299059,False,False,False,False,-62235933,17537066.15358404,False,False,False,False,56399921.03037311,False,False,False,False
2024-02-08 00:00:00+00:00,186.9662275826,188.1724933351,186.0032006032,188.0235716373,40962046,,176.91690564120893,,187.32568387229625,"rgba(38, 166, 154, 1.0)",7.479302357104289,179.0542100009314,1.0578550249614256,49.51164876032639,2.1494199328034043,False,False,False,False,False,2.08295496306134,189.140881495622,181.361230743691,0.0,0.0,0.0,0.0,0,0.9325537497686424,0.9240734696156052,False,False,False,False,-0.04966637038802856,-0.04866100996550958,False,False,False,False,-103197979,12802358.500502314,False,False,False,False,55794514.16643691,False,False,False,False
2024-02-09 00:00:00+00:00,187.7306922982,188.8639355559,186.8857302201,187.5318776916,45155216,,176.9531137003194,,187.3881450045368,"rgba(38, 166, 154, 1.0)",7.287844425162737,179.09978976959508,1.1842874278167934,49.66140870816885,2.1494199328034043,False,False,False,False,False,2.7596787767501816,189.114869839066,181.49018666025552,0.0,0.0,0.0,0.0,0,0.9351421754963205,0.9224148545871296,False,False,False,False,-0.017775291108682804,-0.03321815053709619,False,False,False,False,-58042763,10024118.441659087,False,False,False,False,55377286.78736095,False,False,False,False
2024-02-12 00:00:00+00:00,186.0407681419,187.5517591522,185.68290185,187.2982705288,41781934,,176.9821123165363,,187.37173977724646,"rgba(38, 166, 154, 0.5)",7.0951749575666625,179.11800846497437,0.9756996435363228,49.284446212136295,2.034525570245478,False,True,False,False,False,1.165185845741842,189.075511612554,181.61074239717848,0.0,0.0,0.0,0.0,0,0.9285936249202394,0.9355673751643542,False,False,False,False,-0.0687773091833918,-0.05099772986024399,False,False,False,False,-99824697,5716321.757672457,False,False,False,False,54844135.69766053,False,False,False,False
2024-02-13 00:00:00+00:00,183.9432740421,185.1063394908,182.425125706,184.6689473563,56529529,,177.0103389955689,,187.20578042755784,"rgba(38, 166, 154, 0.5)",6.826437683710394,179.09362506020597,0.7104216293465219,48.39862352585687,1.078633408776838,False,True,False,True,False,0.0,188.98268689274602,181.6978205336405,0.0,0.0,0.0,0.0,0,0.9149133431615877,0.9346189563531165,False,False,False,False,-0.1862061582239279,-0.11860194404208593,False,False,False,False,-156354226,-639385.997530384,False,False,False,False,54910229.55265424,False,False,False,False
2024-02-14 00:00:00+00:00,183.0585490427,184.4303698283,181.3586841561,184.2216144914,54630517,,177.0339199412826,,187.0227461056439,"rgba(38, 166, 154, 0.5)",6.379255950449843,179.060169510082,0.6267783521581465,47.440860105471295,0.06604651727036526,False,True,False,True,False,0.0,188.84655314092197,181.77419602036298,0.0,0.0,0.0,0.0,0,0.9020752040339776,0.946966209808797,False,False,False,False,-0.22296719246730418,-0.17078456825469507,False,False,False,False,-210984743,-8888223.527038995,False,False,False,False,54899260.43294231,False,False,False,False
2024-02-15 00:00:00+00:00,182.7702678631,183.3965338739,180.2751445501,182.4621052228,65434496,,177.05812344666361,,186.7873396056394,"rgba(38, 166, 154, 0.5)",5.954427144422719,179.01153075325485,0.631250835500745,46.58017364941358,-0.8394782208315306,False,True,False,True,False,0.0,188.740593535252,181.8495750714445,0.0,0.0,0.0,0.0,0,0.9134884123509035,0.951288522293711,False,False,False,False,-0.26846209590209885,-0.21962333207839696,False,False,False,False,-276419239,-19379635.89852766,False,False,False,False,55312406.9257681,False,False,False,False
2024-02-16 00:00:00+00:00,181.2294546618,183.7544001659,180.5882775555,182.3328757285,49752465,,177.07533381882757,,186.61704376363565,#000000,5.605040491644416,178.97552924705252,0.40212473364063256,45.46809647831655,-1.9803155665489882,False,True,False,True,False,0.0,188.524591322304,181.92244137618852,0.0,0.0,0.0,0.0,0,0.9019254679026657,0.9792343552466616,False,False,False,False,-0.25393533526425655,-0.23677933367132675,False,False,False,False,-326171704,-31410697.39270305,False,False,False,False,55094369.98750268,False,False,False,False
2024-02-20 00:00:00+00:00,180.483899887,181.3487434258,178.9331459554,180.7125366846,53665553,,177.08758670328282,,186.3859343371356,#000000,5.261959341037091,178.91764259003355,0.297656670349292,44.36598999415795,-3.0981704771767298,False,True,False,True,False,0.0,188.315519862876,181.99696899128648,0.0,0.0,0.0,0.0,0,0.8788743667652076,0.9969353585717793,False,False,False,False,-0.34282825441539394,-0.2898037940433603,False,False,False,False,-379837257,-45074484.043969594,False,False,False,False,55038337.94877709,False,False,False,False
2024-02-21 00:00:00+00:00,181.2393953921,181.8048241334,179.5892341572,180.8616476396,41529674,,177.09885495199072,,186.24043365065938,#000000,5.019992344492126,178.8834588318585,0.46931078746094257,43.763791207160295,-3.7204179212911015,False,True,False,True,False,0.0,188.08283867211202,182.0834813131005,0.0,0.0,0.0,0.0,0,0.8814077135192496,1.003638751083219,False,False,False,False,-0.31780431764429923,-0.30380405584382975,False,False,False,False,-338307583,-56573821.25793157,False,False,False,False,54508586.42137406,False,False,False,False
2024-02-22 00:00:00+00:00,183.27724511,183.8587778343,181.3785656168,182.3925201105,52292208,,177.12025962086565,,186.14129236820426,"rgba(38, 166, 154, 0.5)",4.865590740886708,178.8700519165328,0.905787894660462,44.04110416140121,-3.7204179212911015,False,True,False,True,True,0.0,187.86232150971998,182.14171767681447,0.0,0.0,0.0,0.0,0,0.8917356748309531,0.9958592135715393,False,False,False,False,-0.2340180227542248,-0.26891103929902727,False,False,False,False,-286015375,-65571529.24781661,False,False,False,False,54421669.620535865,False,False,False,False
2024-02-23 00:00:00+00:00,181.4382099988,183.9432740421,181.1499288192,183.9134518511,45119677,,177.1364800620797,,186.04174940633757,"rgba(38, 166, 154, 0.5)",4.7005236851388155,178.85249911297626,0.550089959975892,43.740536946035924,-3.819353352905047,False,True,False,True,True,0.0,187.655259897842,182.19110495295047,0.0,0.0,0.0,0.0,0,0.9156782448608767,0.9934698785790567,False,False,False,False,-0.23709614537333834,-0.2530035923361828,False,False,False,False,-331135052,-75985785.04201987,False,False,False,False,54056885.59620113,False,False,False,False
2024-02-26 00:00:00+00:00,180.0862706738,181.6767875267,179.5792934269,181.1598695495,40867421,,177.14607156841595,,185.91167125726525,#000000,4.640415260020491,178.8208248435086,0.2727009888950748,43.129679708595035,-4.470794593124083,False,True,False,True,True,0.0,187.39077947310597,182.2422858496305,0.0,0.0,0.0,0.0,0,0.9030051029382706,1.0161725928744543,False,False,False,False,-0.32088740886541034,-0.2869455006007966,False,False,False,False,-372002473,-87594282.60899949,False,False,False,False,53539651.69046775,False,False,False,False
2024-02-27 00:00:00+00:00,181.5475580324,182.8323974277,178.4957538208,180.0266262918,54318851,,177.16069487233608,,185.76704114835687,"rgba(38, 166, 154, 0.5)",4.615403068865244,178.7881698661908,0.5978650455956,43.18549915432986,-4.470794593124083,False,True,False,True,True,0.0,187.09099205981,182.291947939666,0.0,0.0,0.0,0.0,0,0.8774466260027196,1.0288919027697705,False,False,False,False,-0.3192762720303043,-0.30311088631555044,False,False,False,False,-317683622,-96617393.95766617,False,False,False,False,53570208.52613568,False,False,False,False
2024-02-28 00:00:00+00:00,180.3447296624,182.0346538186,179.0623754497,181.4282692684,48953939,,177.17213150399215,,185.6314695385282,#000000,4.635313029507969,178.7556188940294,0.3428270665334729,42.894449985803824,-4.820636786392242,False,True,False,True,True,0.0,186.764169645158,182.3346317856275,0.0,0.0,0.0,0.0,0,0.8723115315351619,1.0446051281427677,False,False,False,False,-0.3242351185053738,-0.31367300241046214,False,False,False,False,-366637561,-107206420.11618906,False,False,False,False,53389178.34864017,False,False,False,False
2024-02-29 00:00:00+00:00,179.6787007302,181.4879136504,178.4659316298,180.1956187074,136682597,,177.19790489089024,,185.24928443588817,#000000,4.660823550625259,178.65777620278993,0.2190438055251233,42.47248467477966,-5.300921461602584,False,True,False,True,True,0.0,186.43474901410602,182.37863295405998,0.0,0.0,0.0,0.0,0,0.8644585126319957,1.039866380834078,False,False,False,False,-0.34282825441539394,-0.32825062841292807,False,False,False,False,-503320158,-122740292.19006401,False,False,False,False,56655586.923203304,False,False,False,False
2024-03-01 00:00:00+00:00,178.5951611241,179.4600046629,176.3286746087,178.4858130905,73563082,,177.20264917559965,,185.00104751647146,#000000,4.768025304804098,178.58474186508926,0.002185235678226756,41.83157229262495,-5.992111095919633,False,True,False,True,True,0.0,186.117016051248,182.41969191943602,0.0,0.0,0.0,0.0,0,0.8674109239896787,1.046140952684263,False,False,False,False,-0.34282825441539394,-0.33553944141416103,False,False,False,False,-576883240,-140549819.55515954,False,False,False,False,57318625.94582278,False,False,False,False
2024-03-04 00:00:00+00:00,174.0621880933,175.8515195528,172.7599524199,175.105964778,81510101,,177.18591090490807,,184.59214873217996,"rgba(239, 83, 80, 0.5)",4.995665989508536,178.4461140891647,-0.8775458577637979,40.24234243580082,-7.596151797405078,False,True,False,True,False,0.0,185.687774590076,182.43808601965802,0.0,0.0,0.0,0.0,0,0.8287202807100793,1.0521306873726075,False,False,False,False,-0.34282825441539394,-0.3391838479147775,False,False,False,False,-658393341,-160857408.6314278,False,False,False,False,58267311.24206503,False,False,False,False
2024-03-05 00:00:00+00:00,169.1117043885,171.020324612,168.614667872,169.7479111297,95132355,,177.13635756638223,,183.95182303374742,"rgba(255, 0, 0, 1.0)",5.4241666091283,178.21091656471538,-1.6775318370387764,38.053201121603834,-9.753230714019772,False,True,False,True,False,0.0,185.201420092468,182.42865808758847,0.0,0.0,0.0,0.0,0,0.8151965915753074,1.0666991175745755,False,False,False,False,-0.34282825441539394,-0.34100605116508576,False,False,False,False,-753525696,-184099302.25372475,False,False,False,False,59712999.23257229,False,False,False,False
2024-03-06 00:00:00+00:00,168.1176313554,170.2250661856,167.6802392209,170.0461330396,68587707,,177.09678385714122,,183.49939647046008,"rgba(255, 0, 0, 1.0)",5.855363047589859,178.04027087884725,-1.6946241322357531,36.106392606037424,-11.637600113721291,False,True,False,True,False,0.0,184.69816256815398,182.4025754540775,0.0,0.0,0.0,0.0,0,0.8164263779780133,1.0683446881025274,False,False,False,False,-0.34282825441539394,-0.3419171527902398,False,False,False,False,-822113403,-209119463.0673042,False,False,False,False,60061026.98815769,False,False,False,False
2024-03-07 00:00:00+00:00,167.9983425914,169.7180889387,167.4913653446,168.1474535464,71765061,,177.0544481200335,,179.59832989240368,"rgba(255, 0, 0, 1.0)",6.248930974585016,178.130703432531,-1.6214550748504437,34.49450023819074,-13.173120099484436,False,True,False,True,False,0.0,184.21396399305002,182.3753517678525,0.0,0.0,0.0,0.0,0,0.8182868039413245,1.061322105005943,False,False,False,False,-0.34282825441539394,-0.3423727036028169,False,False,False,False,-893878464,-235972757.22152758,False,False,False,False,60520008.71411229,False,False,False,False
2024-03-08 00:00:00+00:00,169.7180889387,172.6704858469,167.9386982095,167.9983425914,76267041,,177.01869161705687,,179.44365463102736,"rgba(239, 83, 80, 1.0)",6.545811575422578,178.0224661925592,-1.2686551023007557,33.904474921571065,-13.706906823741093,False,True,False,True,False,0.0,183.7750812694,182.3614797637135,0.0,0.0,0.0,0.0,0,0.8258613308715461,1.033031486287234,False,False,False,False,-0.29392647268988564,-0.3181495881463513,False,False,False,False,-817611423,-258782116.66382062,False,False,False,False,61137539.391990244,False,False,False,False
2024-03-11 00:00:00+00:00,171.7261164655,173.3464555094,171.0302653424,171.9149903418,58929918,,176.99894243112854,,179.40148397570687,"rgba(239, 83, 80, 0.5)",6.7483083458103845,177.9690826906612,-0.9251157334914997,34.21651551755548,-13.706906823741093,False,True,False,True,True,0.0,183.374373473648,182.3707185106695,0.0,0.0,0.0,0.0,0,0.8481608248614539,1.018555881706966,False,False,False,False,-0.2412770240550093,-0.2797133061006803,False,False,False,False,-758681505,-278386014.2456316,False,False,False,False,61050966.00406906,False,False,False,False
2024-03-12 00:00:00+00:00,172.2032715214,172.9985299479,169.9964293879,172.1237456788,59544927,,176.97794306632764,,179.27938255227986,"rgba(239, 83, 80, 0.5)",6.928939506890052,177.8946539138813,-0.8213929977050399,34.655568600862104,-13.706906823741093,False,True,False,True,True,0.0,182.97467060167202,182.3809567557195,0.0,0.0,0.0,0.0,0,0.831233518996694,1.0274122799572873,False,False,False,False,-0.2604200565647362,-0.2700666813327083,False,False,False,False,-699136578,-294886036.35364604,False,False,False,False,60991905.65096831,False,False,False,False
2024-03-13 00:00:00+00:00,170.1157181519,172.1585382349,169.7479111297,171.7459979262,51948951,,176.9560885541783,,179.10525450107266,"rgba(239, 83, 80, 1.0)",7.150416636976847,177.80894657829305,-1.0759133092481845,34.56460842751685,-13.706906823741093,False,True,False,True,True,0.0,182.554065700004,182.375063595483,0.0,0.0,0.0,0.0,0,0.8378175816993291,1.030638039025547,False,False,False,False,-0.2756322581286894,-0.27284946973069885,False,False,False,False,-751085529,-312776212.535856,False,False,False,False,60637279.97838132,False,False,False,False
2024-03-14 00:00:00+00:00,171.9746347238,173.2746834365,171.0302653424,171.8851681508,72571635,,176.93265061826133,,178.958285796372,"rgba(239, 83, 80, 0.5)",7.3155266803983725,177.72305427509784,-0.7857834168933423,35.20536094596352,-13.706906823741093,False,True,False,True,True,0.0,182.30744852952202,182.366384602634,0.0,0.0,0.0,0.0,0,0.8673622862115309,1.0077800868344144,False,False,False,False,-0.2422669866824604,-0.25755822820657964,False,False,False,False,-678513894,-327118866.7109205,False,False,False,False,61105293.90079774,False,False,False,False
2024-03-15 00:00:00+00:00,171.5968869712,171.5968869712,169.275726439,170.1554810732,121752699,,176.88364530607214,,178.59180529973204,"rgba(239, 83, 80, 0.5)",7.48058045803918,177.53904520270015,-0.7943445384795328,35.641997438349826,-13.706906823741093,False,True,False,True,True,0.0,182.08087655865597,182.3465585198205,0.0,0.0,0.0,0.0,0,0.8572725623949664,1.0001532034280676,False,False,False,False,-0.29019641518105926,-0.27387732169381945,False,False,False,False,-800266593,-345673679.5065707,False,False,False,False,63483623.51253116,False,False,False,False
2024-03-18 00:00:00+00:00,172.6903673076,176.6567187096,172.491552701,174.5294024188,75604184,,176.8690868286755,,178.53258773416493,"rgba(239, 83, 80, 0.5)",7.606416912893571,177.4877539682484,-0.6307025654242508,36.42146577619031,-15.948988286109362,False,True,False,True,True,0.0,181.92263776424403,182.3324473881865,0.0,0.0,0.0,0.0,0,0.8910844437080147,0.965051846915185,False,False,False,False,-0.1763959799480353,-0.22513665082092738,False,False,False,False,-724662409,-360535982.62396014,False,False,False,False,63958939.61007896,False,False,False,False
2024-03-19 00:00:00+00:00,175.0363796657,175.5582680081,172.0044569148,173.3066925881,55215244,,176.85945955386865,,178.49066954316908,#000000,7.685323290203159,177.45234828660065,-0.3143613521086881,37.908241355069904,-14.468438476168117,False,True,False,True,True,0.0,181.82581426225,182.3160055068925,0.0,0.0,0.0,0.0,0,0.89304398515419,0.9699261557725295,False,False,False,False,-0.19776707351161793,-0.21145186216627265,False,False,False,False,-669447165,-372650146.6387068,False,False,False,False,63616049.5861543,False,False,False,False
2024-03-20 00:00:00+00:00,177.6110288214,177.6110288214,174.0522473629,174.6785133738,53423102,,176.85794797696272,,177.23941666372954,#000000,7.718183656970661,178.00630190059238,-0.051213225385662905,39.95684048089076,-12.462573398649567,False,False,False,False,True,0.0,181.69351347183198,182.308179020022,0.0,0.0,0.0,0.0,0,0.898842612477361,0.9763507744192088,False,False,False,False,-0.14281342999384167,-0.17713264608005716,False,False,False,False,-616024063,-382194221.7901301,False,False,False,False,63216326.15140315,False,False,False,False
2024-03-21 00:00:00+00:00,170.3542956799,176.4380226423,169.8274369723,176.0006305078,106181270,,176.82602104808012,,176.5199840414346,"rgba(239, 83, 80, 0.5)",7.87012063820786,177.74842557227197,-0.9395192567284113,39.868994204310376,-12.462573398649567,False,False,False,True,True,0.0,181.42441763366202,182.270851723672,0.0,0.0,0.0,0.0,0,0.8652415707014567,0.9768093847685627,False,False,False,False,-0.2153852907391538,-0.1962589684096055,False,False,False,False,-722205333,-395527990.8571838,False,False,False,False,64901225.91017166,False,False,False,False
2024-03-22 00:00:00+00:00,171.25890214,172.0243383754,169.0520600065,170.7419841628,71160138,,176.79832902137167,,176.19901568352702,"rgba(239, 83, 80, 0.5)",8.004498429020204,177.6085575438273,-0.793260872012504,40.07557573479859,-12.349341943389362,False,False,False,True,True,0.0,181.152564886996,182.239879325903,0.0,0.0,0.0,0.0,0,0.8541618503959849,1.010061949683517,False,False,False,False,-0.2873162835382607,-0.2417876259739331,False,False,False,False,-651045195,-405548273.3725884,False,False,False,False,65146673.4431061,False,False,False,False
2024-03-25 00:00:00+00:00,169.8373777027,170.9209173087,168.4456754563,169.5540668882,54288328,,176.77373903430728,,175.95494605788534,"rgba(239, 83, 80, 0.5)",8.122233800847575,177.49805782160297,-0.943174046295437,39.944286225211805,-12.349341943389362,False,False,False,True,False,0.0,180.864195387412,182.2086811819745,0.0,0.0,0.0,0.0,0,0.8498461418465393,1.0184046036692451,False,False,False,False,-0.3116307189755533,-0.2767091724747432,False,False,False,False,-705333523,-417304557.67170256,False,False,False,False,64720855.974749,False,False,False,False
2024-03-26 00:00:00+00:00,168.7041344449,170.4039993315,168.5749049506,168.9924156245,57388449,,176.74607148167416,,175.71465500472235,"rgba(239, 83, 80, 1.0)",8.268223736444009,177.3841028649861,-1.0497984448373379,39.602288930384276,-12.349341943389362,True,False,False,True,False,0.0,180.546608467966,182.1582015994015,0.0,0.0,0.0,0.0,0,0.8416988866999379,1.019602702081685,False,False,False,False,-0.3171929273458172,-0.2969510499102802,False,False,False,False,-762721972,-430850338.62575346,False,False,False,False,64433310.60319021,False,False,False,False
2024-03-27 00:00:00+00:00,172.282797364,172.5710785436,169.1017636582,169.3999855681,60273265,,176.72525135282268,,175.6137826566422,"rgba(239, 83, 80, 0.5)",8.299773110452174,177.31412387026538,-0.6062004875686614,40.431878291949396,-11.90427807107767,True,False,False,True,False,0.0,180.34606556530997,182.1236844453445,0.0,0.0,0.0,0.0,0,0.8652730914250364,0.9997381469809311,False,False,False,False,-0.2789130336274654,-0.28793204176887277,False,False,False,False,-702448707,-441501255.0325867,False,False,False,False,64270171.55992786,False,False,False,False
2024-03-28 00:00:00+00:00,170.4636437135,171.2091984883,169.4993928714,170.7320434324,65672690,,176.69888542720807,,175.4619852405952,"rgba(239, 83, 80, 0.5)",8.332229772995417,177.22321687474678,-0.8112562117711172,40.70747138860099,-11.591557330307609,True,False,False,True,False,0.0,180.128003004704,182.066060221484,0.0,0.0,0.0,0.0,0,0.8687034843574887,0.9977362193629592,False,False,False,False,-0.29251797468638896,-0.29022500822763087,False,False,False,False,-768121397,-454309888.0509167,False,False,False,False,64325172.28306794,False,False,False,False
2024-04-01 00:00:00+00:00,169.0222378155,170.2350069159,168.4705272822,170.1753625339,43772506,,176.67825697019256,,175.33068179690298,"rgba(239, 83, 80, 0.5)",8.42417868868519,177.15146165336097,-0.9649871089248864,40.625600264214526,-11.591557330307609,True,False,False,True,False,0.0,179.762967779184,182.00360544330852,0.0,0.0,0.0,0.0,0,0.8431015339140158,1.0237597544399224,False,False,False,False,-0.3211264288360705,-0.3056757185318507,False,False,False,False,-811893903,-468332790.5979396,False,False,False,False,63519185.37000646,False,False,False,False
2024-04-02 00:00:00+00:00,167.8392909062,168.3363274227,167.2331051706,168.0778684341,49013991,,176.6508472581453,,175.14390254197966,"rgba(239, 83, 80, 1.0)",8.50607388922096,177.05588842468552,-1.0835313257935533,40.31170673646373,-11.591557330307609,True,False,False,True,False,0.0,179.31609487218802,181.93206729702,0.0,0.0,0.0,0.0,0,0.8143683825850866,1.0497603483204403,False,False,False,False,-0.34282825441539394,-0.3242519864736223,False,False,False,False,-860907894,-483727892.6921381,False,False,False,False,62950354.2182415,False,False,False,False
2024-04-03 00:00:00+00:00,168.644490063,169.668385287,167.5808319176,167.7895872545,45571129,,176.62788593840494,,175.00965809444847,"rgba(239, 83, 80, 0.5)",8.490213412400065,176.9806633169681,-0.9818567389357977,40.31776487070338,-11.591557330307609,True,False,False,True,False,0.0,178.839060940866,181.85435610722396,0.0,0.0,0.0,0.0,0,0.7977148250679433,1.0633414081400818,False,False,False,False,-0.3192392493657928,-0.32174561791970757,False,False,False,False,-815336765,-496732162.1944072,False,False,False,False,62268815.97438889,False,False,False,False
2024-04-04 00:00:00+00:00,167.8194094455,170.9010358481,167.8194094455,169.2806968041,53355055,,176.60188875781577,,174.87071389036078,"rgba(239, 83, 80, 1.0)",8.471911827512525,176.89881360866246,-1.0717066404866367,40.139659105368885,-11.591557330307609,True,False,False,True,False,0.0,178.31991086516598,181.777916093383,0.0,0.0,0.0,0.0,0,0.7910379072596043,1.057850030629556,False,False,False,False,-0.2988584015646215,-0.31030200974216454,False,False,False,False,-868691820,-511318815.4416854,False,False,False,False,61919256.72049129,False,False,False,False
2024-04-05 00:00:00+00:00,168.5749049506,169.3801041074,167.9486389398,168.584845681,41975776,,176.58100193638083,,174.76234944528235,"rgba(239, 83, 80, 0.5)",8.432945767329423,176.83444876939504,-0.9794375591497134,40.25370686434152,-11.591557330307609,True,False,False,True,False,0.0,177.82937293350398,181.70480796797247,0.0,0.0,0.0,0.0,0,0.7873038888508725,1.070496610746219,False,False,False,False,-0.31749215618810933,-0.31389708296513696,False,False,False,False,-826716044,-523687334.2086781,False,False,False,False,61137159.43733477,False,False,False,False
2024-04-08 00:00:00+00:00,167.4516024232,168.1971571981,167.2428470863,168.0281647824,37216858,,176.56024623595508,,174.64832844671912,"rgba(239, 83, 80, 1.0)",8.439341495273109,176.77022704647965,-1.1041885943943643,40.082799260243355,-11.591557330307609,True,False,False,True,False,0.0,177.32292150599997,181.63128186936947,0.0,0.0,0.0,0.0,0,0.7857536509970008,1.075629734875527,False,False,False,False,-0.34282825441539394,-0.3283626686902654,False,False,False,False,-863932902,-537030297.6514751,False,False,False,False,60199108.40057655,False,False,False,False
2024-04-09 00:00:00+00:00,168.6643715236,169.0719414672,167.3521951199,167.7001206815,42231444,,176.53873212926325,,174.54322826480998,"rgba(239, 83, 80, 0.5)",8.381546814971811,176.7063995348173,-0.9594921067376206,40.373706574119936,-11.468716342508444,True,False,False,True,False,0.0,176.875473856666,181.54876860682853,0.0,0.0,0.0,0.0,0,0.7923177203553131,1.061205873576252,False,False,False,False,-0.32619873510093594,-0.32728070189560066,False,False,False,False,-821701458,-548193872.5671035,False,False,False,False,59494494.11035786,False,False,False,False
2024-04-10 00:00:00+00:00,166.7855734911,168.0878091644,166.1195445589,167.7995279848,49709336,,176.50934838752076,,174.38783113671994,"rgba(239, 83, 80, 1.0)",8.394036387421178,176.61845661151895,-1.171412973042856,40.15695323353732,-11.468716342508444,True,False,False,True,False,0.0,176.404151042884,181.458445670908,0.0,0.0,0.0,0.0,0,0.7967044243175405,1.0492241416344548,False,False,False,False,-0.34282825441539394,-0.33505447815549727,False,False,False,False,-871410794,-560869045.9566289,False,False,False,False,59110762.41975559,False,False,False,False
2024-04-11 00:00:00+00:00,174.0025437113,174.4200543852,167.1633212437,167.3422543896,91070275,,176.48327412332765,,174.35592539252934,#000000,8.283152476444215,176.55763778470686,-0.30846879623103324,42.14355745139103,-9.616084045173992,True,False,False,False,True,0.0,176.15043710884402,181.4111884819145,0.0,0.0,0.0,0.0,0,0.817957657117786,1.0042866714473841,False,False,False,False,-0.21951279983101915,-0.2772836389932582,False,False,False,False,-780340519,-569475770.3897023,False,False,False,False,60364076.63858871,False,False,False,False
2024-04-12 00:00:00+00:00,175.5035939912,177.3028661811,173.1774630938,173.2271667455,101670886,,176.47608282716072,,173.89763362466516,#000000,8.173317698832312,177.01059331608846,-0.18438036797514346,44.1353321443209,-7.65519312065976,True,False,False,False,True,0.0,175.99902084442002,181.35762328236748,0.0,0.0,0.0,0.0,0,0.8758199786127127,0.9635046175694741,False,False,False,False,-0.07877416674765204,-0.1780289028704551,False,False,False,False,-678669633,-573757882.6489297,False,False,False,False,61983951.515506804,False,False,False,False
2024-04-15 00:00:00+00:00,171.6664720835,175.5831198339,171.4775982072,174.3206470819,73531773,,176.4600966110082,,173.7109213919168,"rgba(239, 83, 80, 0.5)",8.10504094033988,176.92346537845452,-0.6486078643711425,44.799220522761836,-7.018331993338904,True,False,False,False,True,0.0,175.72201582495,181.27898079524454,0.0,0.0,0.0,0.0,0,0.869390481794447,0.9733791643086134,False,False,False,False,-0.13220336555391204,-0.15511613421218357,False,False,False,False,-752201406,-580755667.8783834,False,False,False,False,62436807.25999674,False,False,False,False
2024-04-16 00:00:00+00:00,168.376090344,172.7301302289,167.2726692773,170.7320434324,73711235,,176.42878689718927,,173.3348506230779,"rgba(239, 83, 80, 1.0)",8.075735525549309,176.76773593116587,-1.0391184258841948,44.62101685121941,-7.018331993338904,True,False,False,False,True,0.0,175.399257959334,181.182203062842,0.0,0.0,0.0,0.0,0,0.8693735354042247,0.9930549048773347,False,False,False,False,-0.24527367051573082,-0.2001949023639572,False,False,False,False,-825912641,-590369666.8243291,False,False,False,False,62878941.68117334,False,False,False,False
2024-04-17 00:00:00+00:00,167.0042695584,169.638563096,167.0042695584,168.6047271416,50901210,,176.40247261771594,,173.07637096918248,"rgba(239, 83, 80, 1.0)",8.050343611033645,176.65436007943177,-1.198717842031678,44.19436670604136,-7.018331993338904,True,False,False,True,False,0.0,175.012726783732,181.05688089054198,0.0,0.0,0.0,0.0,0,0.8261788661080254,1.0242673386483445,False,False,False,False,-0.30116261746579975,-0.2506787599148785,False,False,False,False,-876813851,-601602772.0861201,False,False,False,False,62409226.71328419,False,False,False,False
2024-04-18 00:00:00+00:00,166.0499594466,167.6404762995,165.5628636604,167.0340917494,43122903,,176.37649549323004,,172.83944805018,"rgba(239, 83, 80, 1.0)",8.052937891723369,176.5489737382613,-1.3037495672792847,43.651353003168566,-7.018331993338904,True,False,False,True,False,0.0,174.57494231916,180.93426316250353,0.0,0.0,0.0,0.0,0,0.8108724803262324,1.0372349009834685,False,False,False,False,-0.34282825441539394,-0.2967535071651362,False,False,False,False,-919936754,-614086457.6513704,False,False,False,False,61652900.293155394,False,False,False,False
2024-04-19 00:00:00+00:00,164.0220504591,165.4137527054,163.1025329035,165.2248788291,68149377,164.179445356,176.32655158573672,,169.9923111470968,"rgba(239, 83, 80, 1.0)",8.194422159249607,176.22392491519906,-1.4890463560418314,42.80574818329273,-5.359536905191078,True,False,False,True,False,0.0,174.094415489936,180.807100508168,1.0,165.41376,163.10254,0.0,0,0.7825891482467151,1.0578458853835144,True,False,False,False,-0.34282825441539394,-0.3197908807902651,False,False,False,False,-988086131,-628753111.5081794,False,False,False,False,61907664.08558068,True,False,False,False
2024-04-22 00:00:00+00:00,164.8570718069,166.2686555139,163.7934136615,164.5339980711,48116443,164.50787625670964,176.29382237693517,,169.8589385954512,"rgba(239, 83, 80, 1.0)",8.31892297835872,176.1280418446525,-1.35485928491866,42.366222505467874,-5.798795271288597,True,False,False,True,False,0.0,173.65223237442197,180.6817364853965,0.0,0.0,0.0,0.0,0,0.7951146464645696,1.04302295709061,False,False,False,False,-0.3187768292217059,-0.3192838550059855,False,False,False,False,-939969688,-640957683.1353097,False,False,False,False,61366831.88614614,False,False,False,False
2024-04-23 00:00:00+00:00,165.910789222,166.0599001769,163.9425246165,164.3699760207,49537761,164.74585805431903,176.26130345978115,,169.73891214360108,"rgba(239, 83, 80, 1.0)",8.428610453689165,176.03615803893152,-1.2013093822006786,42.325412185549474,-5.856514581342736,True,False,False,True,False,0.0,173.215834312898,180.56723566834097,0.0,0.0,0.0,0.0,0,0.7907221495051633,1.0485950787937544,False,False,False,False,-0.31840723147927164,-0.3188455432426286,False,False,False,False,-890431927,-650740986.816278,False,False,False,False,60902946.7533561,False,False,False,False
2024-04-24 00:00:00+00:00,168.0182240521,168.2965645014,165.2248788291,165.5529229301,48251835,165.29453123402317,176.23520334724068,,169.76197112574252,"rgba(239, 83, 80, 0.5)",8.499765513513264,175.99102815560104,-0.9380028297046022,42.90705987890176,-5.856514581342736,True,False,False,True,False,0.0,172.855383431102,180.4735205746275,0.0,0.0,0.0,0.0,0,0.8085446748569148,1.0274211050773614,False,False,False,False,-0.2504379380135123,-0.28464174062807046,False,False,False,False,-842180092,-658248402.7058357,False,False,False,False,60406824.72381273,False,False,False,False
2024-04-25 00:00:00+00:00,168.8830675909,169.5988001747,167.1544739937,168.5202309338,50558329,165.9156663214838,176.21211597713855,,169.84568703197047,"rgba(239, 83, 80, 0.5)",8.523394795063313,175.96584040782335,-0.8309802593006301,43.62760093041466,-5.856514581342736,True,False,False,True,True,0.0,172.55417930207798,180.38675372327998,0.0,0.0,0.0,0.0,0,0.8381359284447153,1.010075157573212,False,False,False,False,-0.18627001579777402,-0.23545587821292224,False,False,False,False,-791621763,-663478730.5605087,False,False,False,False,60020609.205231845,False,False,False,False
2024-04-26 00:00:00+00:00,168.2965645014,170.3244734889,168.1772757374,168.8731268606,44838354,166.35283258709913,176.19278488962917,,169.9093698997064,"rgba(239, 83, 80, 0.5)",8.554476285393667,175.94304228955906,-0.8938569157313602,44.069074894387484,-5.856514581342736,True,False,False,False,True,0.0,172.25893961125203,180.288687183474,0.0,0.0,0.0,0.0,0,0.8503035087771441,1.0013407517413206,False,False,False,False,-0.1516805145516499,-0.19356819638228606,False,False,False,False,-836460117,-670262314.3424497,False,False,False,False,59425226.64816394,False,False,False,False
2024-04-29 00:00:00+00:00,172.4716712403,174.986676014,172.0740420271,172.342441746,68169419,167.58483625838218,176.18065972347034,,170.27775733105665,#000000,8.524528506732548,176.00372052203596,-0.41433954721911065,45.56287632569577,-6.239221923365584,True,False,False,False,True,0.0,172.05296767879597,180.20768391510302,0.0,0.0,0.0,0.0,0,0.860961842731378,0.9646533835746577,False,False,False,False,0.0033053702651262527,-0.0951314130585799,False,False,False,False,-768290698,-674106564.6819615,False,False,False,False,59768136.15215751,False,False,False,False
2024-04-30 00:00:00+00:00,169.3204597255,173.9528400596,168.9924156245,172.3026788247,65934776,168.05611749702499,176.15964002004196,,170.39248154441123,"rgba(239, 83, 80, 0.5)",8.528379314816041,175.98811490879146,-0.7818197264875385,45.984183356773926,-5.826980814343393,True,False,False,False,True,0.0,171.81478778007,180.11018194066548,0.0,0.0,0.0,0.0,0,0.8418729578006253,0.9734846108162472,False,False,False,False,-0.0707812068208572,-0.08295630993971856,False,False,False,False,-834225474,-680385737.5963944,False,False,False,False,60009965.165798396,False,False,False,False
2024-05-01 00:00:00+00:00,168.2965645014,171.681383179,168.1076906251,168.5749049506,50383147,168.18930871484554,176.13957470817007,,170.3978460915964,"rgba(239, 83, 80, 0.5)",8.536186684981507,175.94985559756228,-0.8965702577273055,46.08441044837762,-5.718992290641971,True,False,False,False,True,0.0,171.57104107235799,179.9912222232815,0.0,0.0,0.0,0.0,0,0.847619606775245,0.9728608932041295,False,False,False,False,-0.1280862623626698,-0.10552128615119417,False,False,False,False,-884608621,-688394478.122026,False,False,False,False,59632442.884786695,False,False,False,False
2024-05-02 00:00:00+00:00,172.0044569148,172.3871750325,169.877140624,171.4875389376,94214915,168.70729315900937,176.11368318860167,,170.55198031750723,#000000,8.526526409036984,175.93307058074421,-0.4607519495606579,47.108781543800475,-4.701031540692441,True,False,True,False,True,0.0,171.386342302812,179.8920892253505,0.0,0.0,0.0,0.0,0,0.846537996728886,0.9622568185568978,False,False,False,False,-0.08309271300075152,-0.09430699957597286,False,False,False,False,-790393706,-692394447.8427309,False,False,False,False,60988618.26185388,False,False,False,False
2024-05-03 00:00:00+00:00,182.2931128072,185.891657187,181.5773802234,185.5387612602,163224109,171.86732707886563,176.18094960854876,,172.03639690332335,"rgba(38, 166, 154, 0.5)",8.53434369470557,176.37924840684676,0.6929489380679639,49.888247451903716,-1.9920438588207645,True,False,True,False,True,4.959115466049401,171.366659656756,179.837616650654,0.0,0.0,0.0,0.0,0,0.8588589922218011,0.9506492208778172,False,False,False,False,0.3428282506125426,0.12426062551828486,False,False,False,False,-627169597,-689836610.5547806,False,False,False,False,64997853.19276158,False,False,False,False
2024-05-06 00:00:00+00:00,180.633010842,183.1082526943,179.3506566293,181.2731938753,78569667,172.73480110695027,176.20284221495302,,172.4916141118502,#000000,8.45522913598131,176.51297763939738,0.4872763512782623,51.75056485232592,-0.22388043055155293,True,False,True,False,True,3.6345563933779914,171.35055567362,179.7845970163275,0.0,0.0,0.0,0.0,0,0.8485166391501355,0.9668431717902715,False,False,False,False,0.2502039521921527,0.18723228885521878,False,False,False,False,-705739264,-690460244.0232207,False,False,False,False,65530081.1852023,False,False,False,False
2024-05-07 00:00:00+00:00,181.3189212348,183.8041038175,180.2453223591,182.3626979195,77305771,173.50633435116376,176.2275460212541,,172.92020367889873,"rgba(38, 166, 154, 0.5)",8.321146108119857,176.644290581111,0.5617772591599439,53.38724543926929,1.3071794741683718,True,False,True,False,True,4.129522264827198,171.37520868484,179.74089861200252,0.0,0.0,0.0,0.0,0,0.8633194398035421,0.9507884258307424,False,False,False,False,0.27908655783969566,0.2331594233474572,False,False,False,False,-628433493,-688027822.4144669,False,False,False,False,65991872.94264535,False,False,False,False
2024-05-08 00:00:00+00:00,181.656906066,181.984950167,180.3745518534,181.7662540997,45057087,173.87691519221232,176.24068545868832,,173.13616550962465,"rgba(38, 166, 154, 0.5)",8.12797364132112,176.7104166818225,0.6085759627750846,54.783724056335274,2.59701163977239,True,False,True,False,True,4.375810977937952,171.377395645512,179.694879829976,0.0,0.0,0.0,0.0,0,0.8680190061523686,0.9666780659084627,False,False,False,False,0.2484127586187379,0.24078609098309756,False,False,False,False,-583376406,-683923845.300174,False,False,False,False,65170900.94489455,False,False,False,False
2024-05-09 00:00:00+00:00,183.4760597166,183.5655262896,181.0306400552,181.4779729201,48982972,174.3080847079846,176.25866102603808,,173.39230251391805,"rgba(38, 166, 154, 0.5)",7.910343583076242,176.79303342807663,0.8448465251018102,56.23552683959803,3.9407438380187045,True,False,True,False,True,5.698530280532001,171.44002224659602,179.6536494549485,0.0,0.0,0.0,0.0,0,0.8681969826604755,0.9532599576898115,False,False,False,False,0.28911842265642573,0.26495225681976164,False,False,False,False,-534393434,-678059907.602128,False,False,False,False,64536080.20195752,False,False,False,False
2024-05-10 00:00:00+00:00,182.2135869646,184.2442655628,181.297790734,184.0551337326,50759496,174.7074398256712,176.27687924899612,,173.63751354565716,"rgba(38, 166, 154, 0.5)",7.689448132311634,176.87289160903987,0.694548589659919,57.06947505788613,4.685084265910632,True,False,True,False,True,4.642237705922778,171.49071997128397,179.6017498450075,0.0,0.0,0.0,0.0,0,0.8729857931739317,0.9463653969354675,False,False,False,False,0.30661004109044815,0.28578114895510487,False,False,False,False,-585152930,-674416496.7157701,False,False,False,False,63995821.99795919,False,False,False,False
2024-05-13 00:00:00+00:00,185.4288280784,186.2450812405,183.7764131407,184.5876891493,72044809,175.37672294723063,176.31299814411207,,174.05328188531158,"rgba(38, 166, 154, 1.0)",7.516128191888144,177.0180065219691,1.1190364695360489,58.299903166246835,5.829861128719372,True,False,True,False,True,6.956799562005241,171.62739331037,179.572263707768,0.0,0.0,0.0,0.0,0,0.8917536526443974,0.9165435078139293,False,False,False,False,0.3428282508464075,0.31430469990075616,False,False,False,False,-513108121,-668090678.0602498,False,False,False,False,64311468.54705883,False,False,False,False
2024-05-14 00:00:00+00:00,186.5735733667,187.439598063,185.4387823853,186.6532078215,52393619,175.8713711826801,176.3430179487858,,174.3678821865064,"rgba(38, 166, 154, 1.0)",7.410606767679154,177.13185135108486,1.274082178640831,59.49141108185888,6.940946718341237,True,False,True,False,True,7.760420062740419,171.877621015838,179.53557921320748,0.0,0.0,0.0,0.0,0,0.9294231650506968,0.9029039430437124,False,False,False,False,0.34282825107624765,0.32856647548850193,False,False,False,False,-460714502,-659958278.9990636,False,False,False,False,63844101.898154564,False,False,False,False
2024-05-15 00:00:00+00:00,188.8531096363,189.7788601737,186.5138475255,187.0513800957,70399988,176.57772259169212,176.39057419783822,,174.82478881179094,"rgba(0, 255, 255, 0.75)",7.3725384463051755,177.3034925758472,1.5665726458491376,60.822731747653286,8.192690323744948,True,False,True,False,True,9.336229360786891,172.27244912079402,179.50722278622752,0.0,0.0,0.0,0.0,0,0.9561904303242721,0.8778044791650627,False,False,False,False,0.3428282513148787,0.3356973634016903,False,False,False,False,-390314514,-649384013.7049828,False,False,False,False,64101195.470775954,False,False,False,False
2024-05-16 00:00:00+00:00,188.9725613185,190.2218268287,188.7934833382,189.5996826503,52845230,177.0961809296469,176.42882658631984,,175.16803659674835,"rgba(0, 255, 255, 0.75)",7.423100932259981,177.43577737267793,1.5541731213278362,61.93055341107113,9.229120332582873,True,False,True,False,True,9.418412037674752,172.68954772005603,179.48364720416401,0.0,0.0,0.0,0.0,0,0.9746122090504528,0.8698037322694562,False,False,False,False,0.34282825148203966,0.339262807441865,False,False,False,False,-337469284,-637152063.5204737,False,False,False,False,63659785.06015729,False,False,False,False
2024-05-17 00:00:00+00:00,189.0024242391,189.9381290834,188.3155770661,188.6440691923,41282925,177.46526495752553,176.45799047976354,,175.418529601553,"rgba(0, 255, 255, 0.75)",7.533123352052073,177.53347036974765,1.5224699415320397,62.84183152295119,10.082247191681681,True,False,True,False,True,9.439344084086176,173.10962935300998,179.47519768129402,0.0,0.0,0.0,0.0,0,0.9728344614644079,0.8680401811033363,False,False,False,False,0.33169854504360274,0.33548067624273387,False,False,False,False,-296186359,-623780859.4216317,False,False,False,False,62782261.13622956,False,False,False,False
2024-05-20 00:00:00+00:00,190.167078141,191.0429576011,188.1463538496,188.4599145155,44361275,177.8597698498524,176.49090878754075,,175.6897221565959,"rgba(0, 255, 255, 0.75)",7.63260226541204,177.64103550119242,1.6411234601560052,63.781610858525596,10.974326475748732,True,False,True,False,True,10.261643461847619,173.51860913705596,179.4795523237595,0.0,0.0,0.0,0.0,0,0.9688999709130005,0.877518466569468,False,False,False,False,0.34282825149211227,0.3391544638674231,False,False,False,False,-251825084,-609194358.424705,False,False,False,False,62059869.52304409,False,False,False,False
2024-05-21 00:00:00+00:00,191.4710923389,191.8493559994,190.0477260018,190.2168496753,42309401,178.25281554008538,176.52529615398882,,175.96168815693122,"rgba(0, 255, 255, 0.75)",7.779936960450402,177.751048075618,1.7635161226920422,64.7644414290862,11.917107931299341,True,False,True,False,True,11.176237638583878,173.913508654524,179.53587712493152,0.0,0.0,0.0,0.0,0,0.9692889293964081,0.8832362111449708,False,False,False,False,0.34282825164039726,0.3409913577539102,False,False,False,False,-209515683,-593520684.8786383,False,False,False,False,61285341.34566981,False,False,False,False
2024-05-22 00:00:00+00:00,190.027717845,191.9420305962,189.4005965132,191.3864807306,34648547,178.54197531803587,176.5520577005161,,176.166459928631,"rgba(0, 255, 255, 0.75)",7.857839763534811,177.83450410556588,1.55172593312708,65.05028091973509,12.19040578904852,True,False,True,False,True,9.822763965438082,174.26999758099598,179.6005311620685,0.0,0.0,0.0,0.0,0,0.9715186328185046,0.880277372833154,False,False,False,False,0.3351545301066489,0.33807294393027953,False,False,False,False,-244164230,-579820431.7461426,False,False,False,False,60240761.17525139,False,False,False,False
2024-05-23 00:00:00+00:00,186.0260864897,190.1272609136,185.7722516649,190.1073522999,51005924,178.83744417941574,176.58238913785502,,176.38983236103158,"rgba(38, 166, 154, 1.0)",7.821618466737375,177.92471893895564,1.0357661378136325,63.986364755974236,12.19040578904852,True,False,True,False,False,6.2142650676091264,174.588204947752,179.64047360197898,0.0,0.0,0.0,0.0,0,0.9521031938802231,0.8876562248988575,False,False,False,False,0.2616584356482199,0.2998656897892497,False,False,False,False,-295170154,-568657675.7560978,False,False,False,False,59878610.69779055,False,False,False,False
2024-05-24 00:00:00+00:00,189.1119216145,189.7091800257,187.181184257,187.9572220194,36326975,179.06787588669235,176.60661104698053,,176.56267534463106,"rgba(38, 166, 154, 1.0)",7.84471297644462,177.99601880265368,1.4169929282593428,63.71330394115941,12.19040578904852,True,False,True,False,False,8.44230016040516,174.93095068556602,179.70381631132898,0.0,0.0,0.0,0.0,0,0.9515789376441847,0.8956353171984458,False,False,False,False,0.27481227155503557,0.28733898067214264,False,False,False,False,-258843179,-556508087.6480155,False,False,False,False,58955017.14101445,False,False,False,False
2024-05-28 00:00:00+00:00,189.1218759213,192.1181222844,188.2359426113,190.6349305631,52280051,179.41894715578212,176.64463042302572,,176.82570883970132,"rgba(38, 166, 154, 1.0)",7.889256981527638,178.10648594889682,1.3962518901583811,63.49176042855308,12.19040578904852,True,False,True,False,False,8.449395740003464,175.281450464568,179.7682980100015,0.0,0.0,0.0,0.0,0,0.9705854722470219,0.8746301483437386,False,False,False,False,0.3215659104254345,0.3044524455487886,False,False,False,False,-206563128,-542784755.897113,False,False,False,False,58693253.76293545,False,False,False,False
2024-05-29 00:00:00+00:00,189.4205051269,191.3685629783,188.6440691923,188.7436122609,53068016,179.75216849611004,176.68295827371583,,177.08044733574383,"rgba(38, 166, 154, 1.0)",7.925457745714188,178.21492984706865,1.4138710519138074,63.36918476893155,12.19040578904852,True,False,True,False,False,8.665877714268643,175.61605322095397,179.833975795305,0.0,0.0,0.0,0.0,0,0.9588147517502956,0.9020827793579563,False,False,False,False,0.31689940894376356,0.3106759272462761,False,False,False,False,-153495112,-527518495.35212815,False,False,False,False,58472656.203604646,False,False,False,False
2024-05-30 00:00:00+00:00,190.4159358124,191.3018691224,189.75895156,189.8883575491,49947941,180.06680490887453,176.72069070919449,,177.32283773577998,"rgba(0, 255, 255, 0.75)",8.015568294569453,178.31976239107047,1.5090849428012085,63.467593678367194,12.19040578904852,True,False,True,False,False,9.391784129222064,175.923644343888,179.8963514195845,0.0,0.0,0.0,0.0,0,0.9659817326702224,0.8928801836904021,False,False,False,False,0.3312688848954287,0.3209724060708524,False,False,False,False,-103547171,-510892168.90694666,False,False,False,False,58138353.646600544,False,False,False,False
2024-05-31 00:00:00+00:00,191.3715492704,191.6900870897,189.0422414665,190.5652504152,75158277,180.51580097799933,176.77793688893237,,177.67512023950732,"rgba(0, 255, 255, 0.75)",8.1582941367778,178.47462727134538,1.5808356235790728,63.7378874141314,12.19040578904852,True,False,True,False,False,10.087635098216712,176.19885475286802,179.973470034536,0.0,0.0,0.0,0.0,0,0.9491188171227314,0.9023324027071848,False,False,False,False,0.326751664001392,0.3238620350361222,False,False,False,False,-28388894,-491970471.8517723,False,False,False,False,58805801.62124366,False,False,False,False
2024-06-03 00:00:00+00:00,193.1434158904,194.0990293484,191.6403155554,192.0185792159,50080539,180.85634075864294,176.82197088294575,,177.93897925943412,"rgba(0, 255, 255, 0.75)",8.35349258564141,178.5930319241948,1.741832391306058,64.30039930195501,12.19040578904852,True,False,True,False,True,11.364601498451378,176.65463715707799,180.0638107351125,0.0,0.0,0.0,0.0,0,0.9955959644808339,0.8825993083361832,False,False,False,False,0.3428282518267255,0.33334514343142385,False,False,False,False,21691645,-471826859.4262126,False,False,False,False,58463634.45962627,False,False,False,False
2024-06-04 00:00:00+00:00,193.4619537097,194.4275214746,192.1521660139,193.7456514551,47471445,181.1721348707101,176.86448391576226,,178.18623526349432,"rgba(0, 255, 255, 0.75)",8.553490337644686,178.7053819946631,1.7252105435943372,64.82132689264425,12.303977353563383,True,False,True,False,True,11.593419543533027,177.098698188472,180.168485345229,0.0,0.0,0.0,0.0,0,1.0036207347400306,0.8524539118470065,False,False,False,False,0.34282825186419086,0.33808669764780735,False,False,False,False,69163090,-450611567.29185134,False,False,False,False,58032568.2063076,False,False,False,False
2024-06-05 00:00:00+00:00,194.9750083515,196.0003019575,193.9795776661,194.5071559294,54156785,181.55936166044972,176.9175102469713,,178.48817752161003,"rgba(0, 255, 255, 0.75)",8.800209894638945,178.84449850257553,1.8329687634781442,65.53430418040361,13.073186401921262,True,False,True,False,True,12.679568743635546,177.601450801448,180.278295968626,0.0,0.0,0.0,0.0,0,1.0177375464288982,0.8343230285368534,False,False,False,False,0.3428282520053246,0.34045747482656596,False,False,False,False,123319875,-428104451.9078572,False,False,False,False,57880576.70802103,False,False,False,False
2024-06-06 00:00:00+00:00,193.5913596988,195.6021296834,193.2827761863,194.7908536747,41181753,181.82234222438217,176.95579070804416,,178.69824781579217,"rgba(0, 255, 255, 0.75)",9.004769645731114,178.94234712261903,1.6268059209183243,65.5638035002671,13.171959646058468,True,False,True,False,True,11.30010085798127,178.09919530652598,180.37449548977148,0.0,0.0,0.0,0.0,0,1.0125283059690577,0.8340888726771398,False,False,False,False,0.3296898877831775,0.3350736813048717,False,False,False,False,82138122,-408094939.2055883,False,False,False,False,57225720.87633394,False,False,False,False
2024-06-07 00:00:00+00:00,195.9903476507,196.0401191849,193.2529132658,193.7605829153,53103912,182.17019974198672,177.007574519619,,178.97653866753427,"rgba(0, 255, 255, 0.75)",9.259562642040223,179.07344025029604,1.8269661380763147,66.05580201318233,13.729228520790045,True,False,True,False,True,13.025163019120566,178.57334631226,180.4757987847555,0.0,0.0,0.0,0.0,0,1.0116137219804275,0.8463254848265271,False,False,False,False,0.33457386296930713,0.3348237721370894,False,False,False,False,135242034,-386787606.9230162,False,False,False,False,57064081.31255614,False,False,False,False
2024-06-10 00:00:00+00:00,192.2375739667,196.3984742317,191.2720062018,196.0003019575,97262077,182.68012595216473,177.09233589145308,,179.4040818810964,"rgba(38, 166, 154, 1.0)",9.397891637591394,179.27836607130948,1.3789484274913257,65.09030095256622,13.729228520790045,True,False,True,False,False,9.377691772133552,179.008824917324,180.539052862088,0.0,0.0,0.0,0.0,0,1.0033652737466197,0.8445511086044969,False,False,False,False,0.31524544335552024,0.3250346077463048,False,False,False,False,37979957,-370130055.39662343,False,False,False,False,58640473.30029904,False,False,False,False
2024-06-11 00:00:00+00:00,206.203466483,206.2134207898,192.7452436162,192.7651522299,172373296,184.10975868916708,177.31730226160465,,180.53510965798299,"rgba(0, 255, 0, 1.0)",9.968024902878339,179.83417435422862,2.6453878662719887,66.45674361964011,14.197348035277543,True,False,True,False,True,18.299664879782274,179.75244949067397,180.6956357735595,0.0,0.0,0.0,0.0,0,1.0159469716624259,0.7914892856151363,False,False,False,False,0.34282825231251873,0.3339314300294118,False,False,False,False,210353253,-347366004.086952,False,False,False,False,63100583.994404964,False,False,False,False
2024-06-12 00:00:00+00:00,212.0964161406,219.1938369276,205.9546088116,206.4224612338,198134293,186.35854618494682,177.6819835194725,,188.7955160041844,"rgba(0, 255, 0, 1.0)",10.736364610898995,182.6964192512907,2.7383567860078046,68.16550549207722,15.893647658986126,True,False,True,False,True,20.0,180.63759199536202,180.8706278218055,0.0,0.0,0.0,0.0,0,1.0953350729043383,0.7276524495359079,False,False,False,False,0.34282825288245167,0.3383798414559317,False,False,False,False,408487546,-317724688.39726764,False,False,False,False,68396023.56325184,False,False,False,False
2024-06-13 00:00:00+00:00,213.2610700426,215.7596010629,210.6331330331,213.7587853853,97862729,187.37273727177217,177.8634255382813,,189.55210278550035,"rgba(0, 255, 0, 1.0)",11.48004190236711,183.1254407760295,2.62504523266215,69.66958496922194,17.365228908677324,True,False,True,False,True,20.0,181.52992359495397,181.043610015709,0.0,0.0,0.0,0.0,0,1.1168330807222795,0.7574114205549374,False,False,False,False,0.3428282529019396,0.34060404717893566,False,False,False,False,506350275,-285408023.1660023,False,False,False,False,69551580.63920274,False,False,False,False
2024-06-14 00:00:00+00:00,211.5190663431,214.18682058,210.3345038274,212.8728520752,70122748,188.0218567023,177.98791045221935,,189.98498284058184,"rgba(0, 255, 0, 1.0)",12.10117678608015,183.395943140783,2.323999037404918,70.38983422932095,18.06059068734146,True,False,True,False,True,20.0,182.403916732906,181.1883985349505,0.0,0.0,0.0,0.0,0,1.113509827403024,0.7732655357726604,False,False,False,False,0.3287317276528413,0.3346678874158885,False,False,False,False,436227527,-257108589.82615906,False,False,False,False,69573979.359234,False,False,False,False
2024-06-17 00:00:00+00:00,215.6799666081,217.9495485708,211.7480154007,212.3950453462,93728300,188.94376359447355,178.1679816207857,,190.74015527096637,"rgba(0, 255, 0, 1.0)",12.830355643393164,183.8194334693493,2.483215120787154,71.38540988639402,19.029432650159862,True,False,True,False,True,20.0,183.34601796605602,181.336490968682,0.0,0.0,0.0,0.0,0,1.1167729685576913,0.7511638085659272,False,False,False,False,0.3428282529513727,0.3387480701836306,False,False,False,False,529955827,-226243318.5780744,False,False,False,False,70521207.6196562,False,False,False,False
2024-06-18 00:00:00+00:00,213.3108415768,217.6310107515,212.0267359926,216.5957628387,79943254,189.65928245777278,178.31688759186,,191.2896622697483,"rgba(0, 255, 0, 1.0)",13.41962366411779,184.148442748047,2.1731159948046237,71.53149843811802,19.17304402534822,True,False,True,False,True,20.0,184.26320274912803,181.471647089126,0.0,0.0,0.0,0.0,0,1.1211359579066351,0.7540766810203469,False,False,False,False,0.3425368146774611,0.34064244243054587,False,False,False,False,450012573,-199723479.6926597,False,False,False,False,70890699.63457164,False,False,False,False
2024-06-20 00:00:00+00:00,208.7219061171,213.2610700426,207.8956986482,212.9524865301,86172451,190.25801351751778,178.4567436092838,,191.64339455688153,"rgba(0, 255, 255, 0.75)",13.813903088341522,184.41223515641727,1.7597974160684016,70.46775504934196,19.17304402534822,True,False,True,False,False,16.405814431343742,185.06435344099802,181.5759758316855,0.0,0.0,0.0,0.0,0,1.0976329522170147,0.7843557367494075,False,False,False,False,0.28149573727171723,0.3110690898511316,False,False,False,False,363840122,-177622946.29294756,False,False,False,False,71489984.00184335,False,False,False,False
2024-06-21 00:00:00+00:00,206.541912916,210.9218079318,206.1636492556,209.4286619037,246421353,191.62834262148317,178.82393441227248,,192.4217059709086,"rgba(0, 255, 255, 0.75)",14.082860464491535,185.0542196518234,1.525804599026994,69.0809140537181,21.475990839181947,True,False,True,False,False,14.5930564879874,185.859480229496,181.66821476664202,0.0,0.0,0.0,0.0,0,1.0969512387692026,0.7961762954646435,False,False,False,False,0.25299497270976273,0.2820320312804472,False,False,False,False,117418769,-166052682.9481261,False,False,False,False,78350037.68804558,False,False,False,False
2024-06-24 00:00:00+00:00,207.1889428615,211.728106787,205.6460252992,206.7708619737,80727006,192.03980486408523,178.94351018095267,,192.68975483234004,"rgba(0, 255, 255, 0.75)",14.333079513754772,185.26461763757408,1.529631172623176,68.03655243060075,20.46030265965679,True,False,True,False,False,14.953714271098988,186.52320821249998,181.797351453198,0.0,0.0,0.0,0.0,0,1.091842819852014,0.8238027515528484,False,False,False,False,0.25500210198700934,0.26851706663372826,False,False,False,False,198145775,-151770390.47957215,False,False,False,False,78443252.13165164,False,False,False,False
2024-06-25 00:00:00+00:00,208.114693399,210.4141382823,207.6567952837,208.1943278538,56713868,192.32613349943762,179.02847895549866,,192.88769802540475,"rgba(0, 255, 255, 0.75)",14.58089042931981,185.41557187290636,1.5567719705546508,67.3140033459519,19.75841803456653,True,False,True,False,False,15.472596625739214,187.17543020065602,181.9576404447265,0.0,0.0,0.0,0.0,0,1.0700465087529725,0.8415351981361845,False,False,False,False,0.2598552288218376,0.2641861477277829,False,False,False,False,254859643,-135824114.6568438,False,False,False,False,77591119.42060648,False,False,False,False
2024-06-26 00:00:00+00:00,212.275593664,213.8782370675,209.6775195751,210.5335899645,66213186,192.7113725006413,179.1377412554287,,193.19543959828556,"rgba(0, 255, 255, 0.75)",14.93156395199398,185.6243347949518,1.7848939973557938,67.28368873060795,19.721306923039194,True,False,True,False,False,17.741871778402665,187.98761263226604,182.135660180119,0.0,0.0,0.0,0.0,0,1.0801036936061712,0.8095948881461809,False,False,False,False,0.2984978319299087,0.28134198982884584,False,False,False,False,321072829,-117906587.45461465,False,False,False,False,77144925.95313172,False,False,False,False
2024-06-27 00:00:00+00:00,213.1217097466,214.7537183553,211.3797060471,213.709013851,49772707,193.0077432805897,179.2222384292599,,193.44062437152647,"rgba(0, 255, 255, 0.75)",15.29668956271001,185.78750479441322,1.7869359798489737,67.36694831530887,19.721306923039194,False,False,True,False,False,18.1912397334847,188.882525020318,182.312060441402,0.0,0.0,0.0,0.0,0,1.1103349499911406,0.7890632901364226,False,False,False,False,0.31695531187052733,0.29914865084968656,False,False,False,False,370845536,-98739837.515218,False,False,False,False,76071505.6020285,False,False,False,False
2024-06-28 00:00:00+00:00,209.6576109614,215.0827081969,209.339073142,214.7840789912,82542718,193.44004365375426,179.35435225744234,,193.78184972558066,"rgba(0, 255, 255, 0.75)",15.554132936945626,186.02972394645298,1.519074519340378,66.54195304876352,18.93065451594154,False,False,True,False,False,15.232794048015197,189.73559184837802,182.486310689131,0.0,0.0,0.0,0.0,0,1.0999672173104873,0.775512748343312,False,False,False,False,0.30467645321477443,0.3019125520322305,False,False,False,False,288302818,-83561694.16168004,False,False,False,False,76325278.63724306,False,False,False,False
2024-07-01 00:00:00+00:00,215.7596010629,216.5161283838,210.9516708524,211.1208940689,60402929,193.79537807452786,179.4594896921457,,194.08623623394797,"rgba(0, 255, 255, 0.75)",15.918628953257768,186.23160990139814,1.8549330629041967,66.66989850111892,18.93065451594154,False,False,True,False,False,18.459105860369064,190.72978468070403,182.70143242461552,0.0,0.0,0.0,0.0,0,1.1061068656644661,0.7580215209301863,False,False,False,False,0.3265921585209649,0.3142523552765977,False,False,False,False,348705747,-66610029.80239847,False,False,False,False,75700872.76911588,False,False,False,False
2024-07-02 00:00:00+00:00,219.2635170756,219.373014451,214.117140432,215.1623426517,58046178,194.17656456889466,179.5690583751286,,194.43040248590077,"rgba(0, 255, 0, 1.0)",16.368356850011168,186.44964982291134,2.0047135795836626,67.17463402466835,18.93065451594154,False,False,True,False,False,20.0,191.83461401303396,182.9264884999775,0.0,0.0,0.0,0.0,0,1.1331953898691736,0.7396013479524781,False,False,False,False,0.3428282529840016,0.32854030413029967,False,False,False,False,406751925,-48046815.88857893,False,False,False,False,75008531.79777801,False,False,False,False
2024-07-03 00:00:00+00:00,220.5376683529,220.5376683529,218.0291830257,218.9947507905,37369801,194.43718760400537,179.64317503364487,,194.67137628190912,"rgba(0, 255, 0, 1.0)",16.813535297359397,186.59943393804127,2.0185067455854333,67.72723936857028,18.93065451594154,False,False,True,False,True,20.0,192.94822594395401,183.16153443325254,0.0,0.0,0.0,0.0,0,1.1484297399407346,0.7381753737666426,False,False,False,False,0.34282825305093667,0.33568427859061817,False,False,False,False,444121726,-28746088.75569348,False,False,False,False,73532503.13904163,False,False,False,False
2024-07-05 00:00:00+00:00,225.305781336,225.4152787114,220.6372114215,220.6372114215,60412408,194.9137668576082,179.77457397688056,,195.12772862378586,"rgba(0, 255, 0, 1.0)",17.371841528381015,186.87350458294688,2.2123317605830617,68.66852700550236,18.93065451594154,False,False,True,False,True,20.0,194.136125786234,183.405746218403,0.0,0.0,0.0,0.0,0,1.1575441840349887,0.7182411992473838,False,False,False,False,0.3428282530990325,0.3392562658448253,False,False,False,False,504534134,-7833138.843705501,False,False,False,False,73017989.60417725,False,False,False,False
2024-07-08 00:00:00+00:00,226.7790187504,226.808881671,222.2299005181,226.0523543501,59085861,195.38838306884836,179.90664827467478,,195.58415054337647,"rgba(0, 255, 0, 1.0)",17.95126117628264,187.1481438513862,2.207693070132279,69.57964358368895,17.34591115928407,True,False,True,False,True,20.0,195.31134168019997,183.65187074996902,0.0,0.0,0.0,0.0,0,1.1578824537497685,0.7241263041733036,False,False,False,False,0.34282825309615395,0.3410422594704896,False,False,False,False,563619995,14576787.973694712,False,False,False,False,72471631.6196997,False,False,False,False
2024-07-09 00:00:00+00:00,227.6350891399,228.3517992334,225.337734661,226.8885161258,48169822,195.78757294280624,180.01808978859492,,195.97051985329475,"rgba(0, 255, 0, 1.0)",18.532047953643623,187.38014735088268,2.1721798847980383,70.40764671135211,18.184041153202912,True,False,True,False,True,20.0,196.48638211118003,183.92002410398348,0.0,0.0,0.0,0.0,0,1.1629211163464386,0.7237396793965019,False,False,False,False,0.34282825312939363,0.3419352562999416,False,False,False,False,611789817,37996906.75904001,False,False,False,False,71518619.4777507,False,False,False,False
2024-07-10 00:00:00+00:00,231.9154410872,232.0149841557,228.2024846306,228.2522561648,62627687,196.34979524935903,180.17322053612708,,196.5225652842647,"rgba(0, 255, 0, 1.0)",19.125869317356873,187.70728324430922,2.311432599969275,71.47751565429638,19.252252845107435,True,False,True,False,True,20.0,197.758759642896,184.2173131881205,0.0,0.0,0.0,0.0,0,1.1670948817618363,0.7105048655822533,False,False,False,False,0.34282825318535576,0.34238175474264865,False,False,False,False,674417504,62954577.23907766,False,False,False,False,71169955.45901538,False,False,False,False
2024-07-11 00:00:00+00:00,226.5301610791,231.3281369828,224.7383858453,230.3327062974,64710617,196.86000183164768,180.32249709372797,,197.01074774024244,"rgba(0, 255, 255, 0.75)",19.5285941355334,188.0088399529999,1.9725598708617917,70.96911894794277,19.252252845107435,True,False,True,False,False,20.0,198.839929439672,184.483412273158,0.0,0.0,0.0,0.0,0,1.1476530805637986,0.7341943431060676,False,False,False,False,0.31750700897047107,0.32994438185655983,False,False,False,False,609706887,84395844.2885256,False,False,False,False,70916648.06846577,False,False,False,False
2024-07-12 00:00:00+00:00,229.4865902148,231.5769946541,227.6350891399,227.8739925044,53046527,197.29287584053543,180.4494084957731,,197.42785442404846,"rgba(0, 255, 0, 1.0)",19.954154194994093,188.26569711922266,2.065780022182972,70.8643398841378,19.252252845107435,True,False,True,False,False,20.0,200.04325204945798,184.7578981052855,0.0,0.0,0.0,0.0,0,1.1698687575130917,0.7233866411432447,False,False,False,False,0.33665745658758883,0.33330091922207433,False,False,False,False,662753414,107076533.29681872,False,False,False,False,70215859.00695731,False,False,False,False
2024-07-15 00:00:00+00:00,233.3289526604,236.1460215002,232.0249384626,235.3994484861,62631252,197.85509392658125,180.61135613689612,,206.89854689209307,"rgba(0, 255, 0, 1.0)",20.42770028607837,191.34308493899601,2.055339912639,71.15403692328353,19.252252845107435,True,False,True,False,False,20.0,201.343899812638,185.07202136373746,0.0,0.0,0.0,0.0,0,1.1798383998897155,0.6890013063379724,False,False,False,False,0.34282825323887506,0.3380645862304747,False,False,False,False,725384666,131323911.04988465,False,False,False,False,69918423.43805702,False,False,False,False
2024-07-16 00:00:00+00:00,233.7470335483,235.1904080422,231.2684111416,233.9262110717,43234278,198.22867180699512,180.72167493509508,,207.16305472570554,"rgba(0, 255, 0, 1.0)",20.91415021101272,191.55214832336537,2.0175280754518137,71.43085467756222,19.306886305778534,True,False,True,False,False,20.0,202.578751345308,185.39582026681498,0.0,0.0,0.0,0.0,0,1.1757110447643977,0.7033873761638901,False,False,False,False,0.33089027761588724,0.33447743192318097,False,False,False,False,768618944,156315873.12635976,False,False,False,False,68871986.3620548,False,False,False,False
2024-07-17 00:00:00+00:00,227.834175277,230.4022869023,225.6044105417,228.4015707677,57345884,198.63724099063833,180.85221368443607,,207.07342155524574,"rgba(0, 255, 255, 0.75)",21.188443298573603,191.6953503682467,1.7055913169036903,70.25603934817136,19.306886305778534,True,False,True,False,False,19.74877855580869,203.48957259470401,185.6887658834715,0.0,0.0,0.0,0.0,0,1.1368418145658854,0.723929762053223,False,False,False,False,0.2598179988227089,0.29714771537294493,False,False,False,False,711273060,178078900.06258094,False,False,False,False,68419982.34785657,False,False,False,False
2024-07-18 00:00:00+00:00,223.1556510555,229.3870471462,221.2543784464,229.2277782366,66034585,199.04183932522056,180.99101715823747,,206.96257665488574,"rgba(38, 166, 154, 1.0)",21.313902720707162,191.84049264755896,1.469236245388195,68.3336970844246,20.4615878700982,False,True,True,False,False,16.1853938482278,204.340025398974,185.955740888892,0.0,0.0,0.0,0.0,0,1.1244882291372424,0.7213867156355835,False,False,False,False,0.22434910832704996,0.2607484118499974,False,False,False,False,645238475,196398883.39346012,False,False,False,False,68326437.35382298,False,False,False,False
2024-07-19 00:00:00+00:00,223.2850570446,225.7636794513,222.2547862852,223.7927266942,49151453,199.32536968568377,181.09180378713899,,206.9598697040179,"rgba(38, 166, 154, 1.0)",21.397661916363624,191.9641400539385,1.4637541761845094,66.77824384296524,18.949325149913818,False,True,True,False,False,16.247757703751038,205.17934811517,186.21077043401453,0.0,0.0,0.0,0.0,0,1.1249964321817603,0.7409304876199665,False,False,False,False,0.20721432670529996,0.23398136927764868,False,False,False,False,694389928,215927943.96626562,False,False,False,False,67574477.18308482,False,False,False,False
2024-07-22 00:00:00+00:00,222.9366563048,226.739201523,222.0706316084,225.9727198953,48201835,199.5988191767052,181.1905233886086,,207.01857006492273,"rgba(38, 166, 154, 1.0)",21.46216751668735,192.10004219017642,1.436789368578331,65.43288819752057,17.657603682995727,False,True,True,False,False,15.982721438551508,206.004943119946,186.4707508344255,0.0,0.0,0.0,0.0,0,1.121881827573341,0.7319651725849664,False,False,False,False,0.2096452240145545,0.22181329664610158,False,False,False,False,646188093,232800890.9871964,False,False,False,False,66814765.724924624,False,False,False,False
2024-07-23 00:00:00+00:00,223.9818585244,225.9030397473,221.6625050274,223.3398057323,39960260,199.82033924694588,181.27189286750382,,207.08906366992892,"rgba(38, 166, 154, 1.0)",21.506601426738204,192.21710020649238,1.4769771237967848,64.48536108559097,16.759698914175786,False,True,True,False,False,16.502852713879008,206.81505909610198,186.729710577546,0.0,0.0,0.0,0.0,0,1.1162294194187505,0.7447349930902936,False,False,False,False,0.2001171198372905,0.21096520824169604,False,False,False,False,686148353,250579222.83083576,False,False,False,False,65761647.853358954,False,False,False,False
2024-07-24 00:00:00+00:00,217.5414219898,223.7728180805,216.1378647234,222.9764735322,61777576,200.08952248455216,181.3832645795679,,207.02622450851536,"rgba(38, 166, 154, 1.0)",21.43616649680919,192.3336774900903,1.175944612272997,62.40833764092599,14.762436892483748,False,True,False,False,False,11.698506340070857,207.52161579660603,186.95027104633797,0.0,0.0,0.0,0.0,0,1.0876580031859986,0.7614779574755185,False,False,False,False,0.14089040313405393,0.17592780568787497,False,False,False,False,624370777,265237715.15119514,False,False,False,False,65605409.74146252,False,False,False,False
2024-07-25 00:00:00+00:00,216.4962197701,219.8408668731,213.639333703,217.9296399571,51391199,200.27926629494976,181.46933406957666,,206.93680992892737,"rgba(38, 166, 154, 1.0)",21.311415209661575,192.41141955915973,1.1301361253578963,60.516390637951076,12.96831405969057,False,True,False,True,False,10.951179704334088,208.14296363044,187.152814706855,0.0,0.0,0.0,0.0,0,1.072129354855129,0.7959993653213043,False,False,False,False,0.0899724847721418,0.1329501452300084,False,False,False,False,572979578,277306023.4982071,False,False,False,False,65047989.71238556,False,False,False,False
2024-07-26 00:00:00+00:00,216.9640721923,218.487081141,215.0229823557,217.7006908995,41601345,200.43123479193054,181.53902763727368,,206.89652734769697,"rgba(38, 166, 154, 1.0)",21.19373459649896,192.482112679304,1.1551508018336802,59.04996535479225,11.600599878656325,False,True,False,True,False,11.20236021630675,208.75077360695198,187.3502611194965,0.0,0.0,0.0,0.0,0,1.0705299001057746,0.808221250556289,False,False,False,False,0.08226229945418422,0.1076062223420963,False,False,False,False,614580923,290532490.1453362,False,False,False,False,64128513.44915475,False,False,False,False
2024-07-29 00:00:00+00:00,217.2427927842,218.2979493107,214.7641703775,215.9686415069,36311778,200.5611684042803,181.59953865830093,,206.87533108396883,"rgba(38, 166, 154, 1.0)",21.022846116037908,192.54663815533496,1.1747293631200977,57.900657500446044,10.540220907422778,False,True,False,True,False,11.354092985498191,209.31856726990998,187.552075739092,0.0,0.0,0.0,0.0,0,1.0647447194343451,0.8192539524454151,False,False,False,False,0.07903735473562336,0.09332178853885983,False,False,False,False,650892701,304664263.1200289,False,False,False,False,63037661.07859966,False,False,False,False
2024-07-30 00:00:00+00:00,217.800233968,219.3182657633,215.1324797311,218.1884519353,41643840,200.71352361204532,181.6699550997416,,206.87932039403114,"rgba(38, 166, 154, 1.0)",20.96557805019699,192.62893206898048,1.20060137806613,57.06500107859101,9.77527093947488,False,True,False,True,False,11.661523030015864,209.8951207229,187.74968724521904,0.0,0.0,0.0,0.0,0,1.0559119282792715,0.8189202572636918,False,False,False,False,0.08904032530599632,0.09118105692242807,False,False,False,False,692536541,319874940.68394935,False,False,False,False,62198687.70296831,False,False,False,False
2024-07-31 00:00:00+00:00,221.0652466162,222.7972960088,219.6218721223,220.4281709775,50036262,200.93320839766852,181.76302142856912,,206.99312606577487,"rgba(38, 166, 154, 1.0)",20.958408781794144,192.76676757906915,1.3502207792469805,56.97585241167479,9.718966261622093,False,True,False,True,False,13.438750411438534,210.536377170442,187.959112331862,0.0,0.0,0.0,0.0,0,1.0682339042827467,0.8007264036031173,False,False,False,False,0.1468489146309103,0.11901498577666919,False,False,False,False,742572803,336451327.44144154,False,False,False,False,61721729.83226367,False,False,False,False
2024-08-01 00:00:00+00:00,217.3622444664,223.4542802612,216.028367348,223.3447828858,62500996,201.1717693018695,181.87216177139885,,207.0718491886832,"rgba(38, 166, 154, 1.0)",20.8217669464988,192.91239813679067,1.1742445486222577,56.10723619901129,8.875581027980402,False,True,False,True,False,10.657228915798306,211.08028049695,188.159243680139,0.0,0.0,0.0,0.0,0,1.05296500971829,0.8062494453014998,False,False,False,False,0.12545200536561182,0.12223349557114051,False,False,False,False,680071807,349926640.3653066,False,False,False,False,61752289.28982196,False,False,False,False
2024-08-02 00:00:00+00:00,218.8553904946,224.5691626288,216.7152145209,218.1486347079,105568560,201.584708826473,182.06047759097336,,207.27375336538748,"rgba(38, 166, 154, 1.0)",20.618891831369673,193.17989708028375,1.245241190666388,55.673574236866216,8.447682569417651,False,True,False,True,False,11.479240146298487,211.627966460064,188.36748525608954,0.0,0.0,0.0,0.0,0,1.0468383442264786,0.8096983691062266,False,False,False,False,0.1385654979152345,0.13039949674318752,False,False,False,False,785640367,367013453.1745103,False,False,False,False,63470574.4157113,False,False,False,False
2024-08-05 00:00:00+00:00,208.3137795361,212.5244513353,195.1044143406,198.1802951586,119548589,201.67487347923753,182.18965826541944,,208.80242596825832,"rgba(38, 166, 154, 0.5)",20.271283367367722,194.34484697286703,0.6890995656308492,53.443948814592424,6.261873264388242,False,True,False,True,False,4.190849883141031,211.993687693886,188.53080232436648,0.0,0.0,0.0,0.0,0,0.9735901151292271,0.845915538770072,False,False,True,False,-0.10341308379592663,0.013493206473630441,False,False,False,False,666091778,378742014.9323726,False,False,False,False,65669712.242546156,False,False,False,False
2024-08-06 00:00:00+00:00,206.2831009378,209.0304896296,200.1512479157,204.361919715,69660488,201.72321719351396,182.26375774883184,,208.54308901819027,"rgba(38, 166, 154, 0.5)",19.871272810632508,194.35306833068074,0.6003658004602428,51.32323453127901,4.212092220044227,False,True,False,True,False,2.9003227414013963,212.39882798284802,188.690460551707,0.0,0.0,0.0,0.0,0,1.005421166291349,0.8545162454858308,False,False,False,False,-0.09682016927617304,-0.041663481401271296,False,False,True,False,596431290,387278849.24875015,False,False,False,False,65826213.252642386,False,False,False,False
2024-08-07 00:00:00+00:00,208.861266413,212.6638116313,205.4469391621,205.9546088116,63516417,201.81411788092367,182.3421576965145,,208.61274600424105,"rgba(38, 166, 154, 0.5)",19.406643588172273,194.45328438482736,0.7424252402385468,50.09542886491092,3.049688070344736,False,True,False,True,False,4.391040656323412,212.79381487881798,188.8648935222865,0.0,0.0,0.0,0.0,0,1.0233705500549133,0.8460030977185102,False,False,False,False,-0.04480724010869725,-0.04323536075498427,False,False,False,False,659947707,397971745.6311521,False,False,False,False,65735633.00744072,False,False,False,False
2024-08-08 00:00:00+00:00,212.3353195051,213.2212528151,207.8757900345,212.136233368,47161149,201.8999698416119,182.40475311403887,,208.72323544160955,"rgba(38, 166, 154, 0.5)",18.954392791355964,194.54879784582994,0.9383851994130609,49.7340265850039,2.72256049528216,False,True,False,True,False,6.342894207684061,213.258083750494,189.06948755550349,0.0,0.0,0.0,0.0,0,1.0281339598457535,0.8533864014545073,False,False,False,False,-0.02242406947205438,-0.03282971511351933,False,False,False,False,707108856,410094769.56718534,False,False,False,False,65007221.869894035,False,False,False,False
2024-08-09 00:00:00+00:00,215.2519314134,215.7894639835,211.0014423867,211.1308483758,42201646,201.99890502293357,182.46610666057154,,208.89931127172446,"rgba(38, 166, 154, 1.0)",18.520962103168333,194.6614399753982,1.111739839610138,49.9433610150166,2.72256049528216,False,True,False,True,True,7.931164104306447,213.77471227622402,189.288069727463,0.0,0.0,0.0,0.0,0,1.0375196906271635,0.8427451368903075,False,False,False,False,0.01765893837748684,-0.007585388368016244,False,False,False,False,749310502,423397347.3096487,False,False,False,False,64112885.56127074,False,False,False,False
2024-08-12 00:00:00+00:00,216.7848946689,218.7580129191,214.8615054963,215.3298956057,38028092,202.10704341595653,182.52605533203828,,209.11513265881922,"rgba(38, 166, 154, 1.0)",18.1248223621604,194.78407144215768,1.2138504194487403,50.37217645794081,2.72256049528216,False,True,False,True,True,8.753087756235768,214.302091453354,189.5121353394375,0.0,0.0,0.0,0.0,0,1.0480605468535016,0.8344053511459324,False,False,False,False,0.06931127710504184,0.0308629443685128,False,False,False,False,787338594,437669553.06221145,False,False,False,False,63089952.4804366,False,False,False,False
2024-08-13 00:00:00+00:00,220.51208405,221.1299603645,218.2598252261,218.2598252261,44155331,202.25726786334445,182.60180611406938,,209.43349510269627,"rgba(38, 166, 154, 1.0)",17.759790284029346,194.95238123596158,1.4391894501717857,51.3206909062103,2.72256049528216,False,True,False,False,True,10.7078428194041,214.884902148946,189.76643785389604,0.0,0.0,0.0,0.0,0,1.0569732700718304,0.8233360440117262,False,False,False,False,0.09989050889993915,0.06537672663422597,False,False,False,False,831493925,453113646.0793797,False,False,False,False,62347418.30473321,False,False,False,False
2024-08-14 00:00:00+00:00,220.9605426653,222.2660555234,218.9474617697,219.8144817594,41960574,202.40370799545573,182.67496157641878,,209.71603280269588,"rgba(38, 166, 154, 1.0)",17.3482175370359,195.10879799859723,1.4901671950742548,52.1668104798939,2.72256049528216,False,True,False,False,True,10.939918178359417,215.441244684444,190.0438544661265,0.0,0.0,0.0,0.0,0,1.051149129787217,0.8290583019317377,False,False,False,False,0.1124096224748948,0.08889317455456039,False,False,False,False,873454499,469597601.0958746,False,False,False,False,61547934.21435152,False,False,False,False
2024-08-15 00:00:00+00:00,223.9502667678,224.5781088293,221.9969803542,223.8306778037,46414013,202.58721346109405,182.76145127769686,,210.07652114416283,"rgba(0, 255, 255, 0.75)",17.054462289248,195.3018065032614,1.679821959710806,53.3197179525062,0.374055145086885,False,True,True,False,True,12.475261769721637,216.05101094560598,190.3296259933485,0.0,0.0,0.0,0.0,0,1.0561061760217791,0.8194023285749397,False,False,False,False,0.15415125715537634,0.12152221585496836,False,False,False,False,919868512,487255283.87642854,False,False,False,False,60954447.107906364,False,False,False,False
2024-08-16 00:00:00+00:00,225.2757111199,226.0501493199,222.8840314954,223.1530070071,44340240,202.7696818232898,182.84621528477103,,210.41620897643438,"rgba(0, 255, 255, 0.75)",16.655514929836322,195.4878566434757,1.7884679400132493,54.46083122810032,1.5157029837232585,False,True,True,False,True,13.14590395215679,216.657025000974,190.6117623585495,0.0,0.0,0.0,0.0,0,1.0545249701741086,0.8219288203408244,False,False,False,False,0.17401880340521506,0.1477705096300917,False,False,False,False,964208752,505959341.44990194,False,False,False,False,60302909.574262984,False,False,False,False
2024-08-19 00:00:00+00:00,225.1162591677,225.2159166378,222.2760212704,224.9468414686,40687813,202.93048879559169,182.92270889546896,,210.68438706833643,"rgba(0, 255, 255, 0.75)",16.17673416379035,195.645475040406,1.8218006075206923,55.35850791804511,2.4163336514777143,False,False,True,False,True,13.02999634656637,217.28752299035202,190.8907217807935,0.0,0.0,0.0,0.0,0,1.0544970736180939,0.8236422319408392,False,False,False,False,0.16185749938096455,0.15481400450552812,False,False,False,False,923520939,522334306.05970967,False,False,False,False,59533690.10076248,False,False,False,False
2024-08-20 00:00:00+00:00,225.7341354823,226.3918747848,224.6777662994,224.9966702036,30299033,203.05644857556965,182.98141151961462,,210.89426193752448,"rgba(0, 255, 255, 0.75)",15.77633531788084,195.76779117365948,1.8994489978085578,56.19184076856229,3.256480981170867,False,False,True,False,True,13.350538181804794,217.882398746984,191.156906029973,0.0,0.0,0.0,0.0,0,1.06310634942892,0.8204364532497009,False,False,False,False,0.19212062348951833,0.17346731399752324,False,False,False,False,953819972,539255312.567172,False,False,False,False,58387232.95955611,False,False,False,False
2024-08-21 00:00:00+00:00,225.6245122652,227.1991002925,224.2791364191,225.7441012293,34765480,203.1998942080314,183.04872602519276,,211.12173176191254,"rgba(0, 255, 255, 0.75)",15.613373230338887,195.9045395258043,1.9034946709430984,56.846391242056924,3.926268266467126,False,False,True,False,True,13.267880957367197,218.550137512954,191.40469453909952,0.0,0.0,0.0,0.0,0,1.0691041241058963,0.817492204133493,False,False,False,False,0.17251142274644402,0.17298936837198364,False,False,False,False,919054492,554149398.0351261,False,False,False,False,57460889.706240185,False,False,False,False
2024-08-22 00:00:00+00:00,223.7609175746,227.5578671847,223.1330755131,227.0097510993,43695321,203.37064831065018,183.13128407145385,,211.36631628431874,"rgba(0, 255, 255, 0.75)",15.361009481045647,196.0627569629266,1.803147159426656,56.91483080703278,4.034197691808913,True,False,True,False,True,11.858249647188902,218.901286534786,191.647726134231,0.0,0.0,0.0,0.0,0,1.063872633410449,0.8471189724155341,False,False,False,False,0.14035594227299358,0.1566726553224886,False,False,False,False,875359171,566745859.7200232,False,False,False,False,56921063.482466064,False,False,False,False
2024-08-23 00:00:00+00:00,226.0630051335,227.4382782207,223.5616026345,224.8859507544,38677250,203.52560059819152,183.20560920586453,,211.58577016288004,"rgba(0, 255, 255, 0.75)",15.131065459917652,196.2051212904797,1.9732836343953544,57.383454913984,4.549556193600239,True,False,True,False,True,13.104221310957183,219.180618314644,191.8894773699805,0.0,0.0,0.0,0.0,0,1.0184335014589025,0.8906403364161406,False,False,False,False,0.14379227628965816,0.15023246580607338,False,False,False,False,914036421,580365097.4172772,False,False,False,False,56205619.816487,False,False,False,False
2024-08-26 00:00:00+00:00,226.4018405318,226.5014980019,223.1236080535,225.9832791575,30602208,203.64479881749764,183.26375648806714,,211.7445478375154,"rgba(0, 255, 0, 1.0)",14.88708538987674,196.31289610438427,2.021144074841963,57.82708448977558,5.0460707291424,True,False,True,False,True,13.287119005727188,219.443433724428,192.1200824088115,0.0,0.0,0.0,0.0,0,0.9993458013696873,0.8805463517115284,False,False,False,False,0.12852530979171947,0.13937888779889643,False,False,False,False,944638629,594650333.949933,False,False,False,False,55201564.45113457,False,False,False,False
2024-08-27 00:00:00+00:00,227.2489290275,228.0661202822,224.1196844669,225.2208995113,35934559,203.79035613579956,183.333668949672,,211.94221670459518,"rgba(0, 255, 0, 1.0)",14.674453904544686,196.44446281145628,2.0991899539446277,58.344314456859706,5.618430752218302,True,False,True,False,True,13.748835599210544,219.758030978116,192.349618179664,0.0,0.0,0.0,0.0,0,1.0042049686924401,0.8688141004474785,False,False,False,False,0.15701548088981418,0.1481971843443553,False,False,False,False,980573188,609784563.5205239,False,False,False,False,54445995.60991361,False,False,False,False
2024-08-28 00:00:00+00:00,225.7142039882,229.07266073,224.9069784806,227.1393058104,38052167,203.94306072687186,183.40760285709305,,212.14227065855545,"rgba(0, 255, 0, 1.0)",14.379311917454409,196.58108479611624,2.0260440387777088,58.339292418304865,5.685172234906567,True,False,True,False,True,12.538036245124147,219.95871572571798,192.57386000851548,0.0,0.0,0.0,0.0,0,1.0027373149946146,0.8789885489517764,False,False,False,False,0.1771225310192068,0.16265985768178104,False,False,False,False,942521021,622833052.0491308,False,False,False,False,53803100.37030916,False,False,False,False
2024-08-29 00:00:00+00:00,229.0029005009,232.1221793145,228.0960175232,229.3118386582,51906297,204.17687374372267,183.51543936302224,,217.95962349397027,"rgba(0, 255, 0, 1.0)",14.18877291300814,198.86680621868234,2.1239394320413125,58.946908441857346,6.3592294317933735,True,False,True,False,True,14.347400794732465,220.2725569042,192.79357436176898,0.0,0.0,0.0,0.0,0,1.004723389665855,0.8576577372628328,False,False,False,False,0.24828185655460414,0.20547085711819257,False,False,False,False,994427318,637405376.2040669,False,False,False,False,53728715.92441468,False,False,False,False
2024-08-30 00:00:00+00:00,228.2156064873,229.6108110684,226.700812942,229.4015303813,52990770,204.39689535589847,183.62130348043848,,218.03766238418817,"rgba(0, 255, 0, 1.0)",13.988604708812952,199.0154118799402,2.0874272463331107,59.21988160917015,6.703707544588241,True,False,True,False,True,13.719606842962442,220.662430911604,193.017294735506,0.0,0.0,0.0,0.0,0,1.015380600892547,0.8494083981766953,False,False,False,False,0.2034778496570974,0.20447435338764497,False,False,False,False,941436548,649328167.2548878,False,False,False,False,53699776.86855528,False,False,False,False
2024-09-03 00:00:00+00:00,222.0069461012,228.2156064873,220.4124265799,227.7671478719,50190574,204.5617370957251,183.7107381147809,,217.80345653102844,"rgba(0, 255, 255, 0.75)",13.747122677567253,199.06155286102296,1.6691051486446424,57.87538260368272,6.703707544588241,True,False,True,False,False,8.971691304134126,220.971731575308,193.19686669790246,0.0,0.0,0.0,0.0,0,0.998045300245313,0.847580019780826,False,False,False,False,0.11749030758457535,0.16098233048611016,False,False,False,False,891245974,658815140.0684216,False,False,False,False,53562161.069788404,False,False,False,False
2024-09-04 00:00:00+00:00,220.0935226756,221.0203371474,216.7350659339,220.9007481833,43262758,204.67017151205908,183.77929333013316,,217.48085077283494,"rgba(0, 255, 255, 0.75)",13.475218201801951,199.05741868848787,1.5610956106298244,56.357456992574676,8.817064687465013,True,False,False,False,False,7.581881862586659,221.22982317159,193.36404203091203,0.0,0.0,0.0,0.0,0,0.9823766086453435,0.87361235631426,False,False,False,False,-0.0015753761547803486,0.07970347716566491,False,False,False,False,847983216,666233495.9873071,False,False,False,False,53158262.91018886,False,False,False,False
2024-09-05 00:00:00+00:00,221.6182819679,224.7076635404,220.7612277252,220.8658680688,36615398,204.77978289636903,183.842123491176,,217.4455450884967,"rgba(0, 255, 255, 0.75)",13.19601163238664,199.1207087162149,1.7048767368823685,55.445536613757795,7.896711162434109,True,False,False,False,False,8.477158548184597,221.49989494296798,193.530402264172,0.0,0.0,0.0,0.0,0,0.9892909463295938,0.8547273638771964,False,False,False,False,0.08270129293989435,0.08120238505277963,False,False,False,False,884598614,674796833.9485892,False,False,False,False,52509523.109789304,False,False,False,False
2024-09-06 00:00:00+00:00,220.0636254346,224.4684856122,219.0172219987,223.1829042482,48423011,204.91308884159892,183.92236713330627,,217.37262753588297,"rgba(0, 255, 255, 0.75)",12.915668931018935,199.1931062101093,1.6159069527066445,54.351585876266626,6.804236353147552,False,False,False,True,False,7.339541258067012,221.65565557838,193.68908849589698,0.0,0.0,0.0,0.0,0,0.9809944236149056,0.8743686754222062,False,False,False,False,0.06096900667075287,0.07108569586176625,False,False,False,False,836175603,681125413.1270759,False,False,False,False,52349267.732934825,False,False,False,False
2024-09-09 00:00:00+00:00,220.1533171577,220.51208405,215.9677034142,220.0636254346,67179965,205.06878047532942,184.02627140909823,,217.18417493208486,"rgba(0, 255, 255, 0.75)",12.65025998177925,199.259663742275,1.6516382624166692,53.47735226886178,5.932898751041776,False,True,False,True,False,7.393779676618273,221.79628772660197,193.839486446631,0.0,0.0,0.0,0.0,0,0.9632793770601336,0.8930181050774284,False,False,False,False,-0.015482743053942568,0.02780147640391184,False,False,False,False,903355568,689840321.1613082,False,False,False,False,52930863.70419228,False,False,False,False
2024-09-10 00:00:00+00:00,219.356057397,220.7213647371,215.9876349083,218.170133503,51591033,205.1844001447297,184.10521534843477,,217.07884050742624,"rgba(0, 255, 255, 0.75)",12.32461845090278,199.31897102403622,1.6257774188129992,52.574700472157474,5.035116807709052,False,True,False,True,False,6.799019910442389,221.990256655314,193.9899189844035,0.0,0.0,0.0,0.0,0,0.9708874642962324,0.8930619740369133,False,False,False,False,-0.01298347757289143,0.007408999415510205,False,False,False,False,851764535,696190290.331453,False,False,False,False,52878321.32363572,False,False,False,False
2024-09-11 00:00:00+00:00,221.8973228841,222.3258500055,217.1436615612,220.6964503696,44587072,205.29562499030718,184.176624527966,,217.07156984965863,"rgba(0, 255, 255, 0.75)",11.866746901941935,199.39587156867543,1.8961768967822434,52.44847170190102,4.892015318435753,False,True,False,True,False,8.363547206019781,222.11301109173797,194.14973193169303,0.0,0.0,0.0,0.0,0,0.9738716578829041,0.8966328186763324,False,False,False,False,0.01711265915406355,0.012260829284786877,False,False,False,False,896351607,704039753.7302196,False,False,False,False,52553174.29133628,False,False,False,False
2024-09-12 00:00:00+00:00,222.0069461012,222.7842743678,219.0670507338,221.737870932,37498225,205.39297569487638,184.23783340797132,,217.0940480690922,"rgba(0, 255, 255, 0.75)",11.474974759712891,199.46929847139785,1.9640694730701123,52.37117316677286,4.778933400792454,False,True,False,True,False,8.430766278501629,222.16787967225002,194.3167448309045,0.0,0.0,0.0,0.0,0,0.9689914073982786,0.9051558292684201,False,False,False,False,0.04310301664766036,0.027681922966223616,False,False,False,False,933849832,713051913.6623678,False,False,False,False,51962784.12304859,False,False,False,False
2024-09-13 00:00:00+00:00,221.737870932,223.2725959712,221.1498918585,222.8141716089,36766619,205.4918363998891,184.298891347554,,217.1374563001773,"rgba(0, 255, 0, 1.0)",11.05028400447227,199.54808155112852,2.008074124781845,52.235713173863175,4.594475065492588,False,True,False,False,False,8.220506596398959,222.191883723832,194.4833058844575,0.0,0.0,0.0,0.0,0,0.9619738027924265,0.907594213256519,False,False,False,False,0.0712260919533614,0.049454007459792504,False,False,False,False,897083213,720268827.3618828,False,False,False,False,51366856.07900747,False,False,False,False
2024-09-16 00:00:00+00:00,215.5790392809,216.4759565117,213.187259999,215.7982857151,59357427,205.58282489192635,184.37892203708694,,218.83406452908488,"rgba(38, 166, 154, 1.0)",10.587158097109734,200.8717539643123,1.389162717859361,50.66307946159175,3.005744088336975,False,True,False,True,False,3.594356003702231,221.99734888273,194.616044705232,0.0,0.0,0.0,0.0,0,0.9384977446987455,0.9325990390767819,False,False,False,False,-0.09003489092030588,-0.020290441730256688,False,False,False,False,837725786,724874982.6025933,False,False,False,False,51680211.801399335,False,False,False,False
2024-09-17 00:00:00+00:00,216.0474293903,216.1570526074,213.7652733254,215.0109917015,45519339,205.6531915673228,184.4404962140763,,218.71424914868197,"rgba(38, 166, 154, 1.0)",10.126045668952447,200.90401925652398,1.4954909970638752,49.503027324580906,1.844028084612809,False,True,False,True,False,3.9010715387991226,221.78271709552803,194.756238454846,0.0,0.0,0.0,0.0,0,0.9341422539241311,0.9385307841140818,False,False,False,False,-0.08718796866921226,-0.05373920519973448,False,False,False,False,883245125,731085576.4220995,False,False,False,False,51438608.9464425,False,False,False,False
2024-09-18 00:00:00+00:00,219.9340707235,221.9471516191,216.7948604159,216.8048261629,59894928,205.7841281701837,184.53220443161084,,219.00985985989593,"rgba(0, 255, 255, 0.75)",9.668691732728018,201.07712751428056,1.95030969343967,49.542566674827135,1.844028084612809,False,True,False,True,False,6.396195391049147,221.62869672719998,194.91298625830098,0.0,0.0,0.0,0.0,0,0.9317592331858718,0.9252531227349979,False,False,False,False,0.009180406373301041,-0.022279399413216716,False,False,False,False,943140053,739401438.2486838,False,False,False,False,51770229.301483974,False,False,False,False
2024-09-19 00:00:00+00:00,228.0860517762,229.032797742,223.8605750447,224.219341937,66781315,206.0044837044097,184.65547739649315,,219.8382516220225,"rgba(0, 255, 0, 1.0)",9.310979783762736,201.42878619181803,2.862992531770839,51.19921347191448,1.844028084612809,False,True,False,False,True,11.188974335423403,221.55210894098,195.10409033401248,0.0,0.0,0.0,0.0,0,0.9360467847618409,0.9156676817321198,False,False,False,False,0.16493068484993034,0.07132564271835681,False,False,False,False,1009921368,750010062.9448138,False,False,False,False,52358899.32887676,False,False,False,False
2024-09-20 00:00:00+00:00,227.4183467266,232.2915970136,226.8403334002,229.1822839471,318679888,207.08365536137512,185.2593868862719,,223.97825350269628,"rgba(0, 255, 0, 1.0)",8.917115465323153,204.5829462540152,2.5608505980871286,52.39330708074132,0.0498514953704543,False,True,True,False,True,10.68864279088135,221.56987265393,195.3008408269125,0.0,0.0,0.0,0.0,0,0.961705184566638,0.9026772576606941,False,False,False,False,0.2357325810846046,0.15352911190148072,False,False,False,False,691241480,747705412.6332526,False,False,False,False,62802859.668920815,False,False,False,False
2024-09-23 00:00:00+00:00,225.6942724942,228.6640651027,225.0365331917,226.5612924839,54146023,207.23797134288353,185.35483408381882,,224.01158081379964,"rgba(0, 255, 0, 1.0)",8.519060876917921,204.6966842180569,2.464777348056671,52.95434642731216,0.6024328866736752,False,True,True,False,True,9.397773156506663,221.494026299518,195.46916436283752,0.0,0.0,0.0,0.0,0,0.9481017268464556,0.9207280536760558,False,False,False,False,0.1739858442204863,0.1637574780609835,False,False,False,False,637095457,743367767.3143016,False,False,False,False,62463375.87798275,False,False,False,False
2024-09-24 00:00:00+00:00,226.591189725,228.5644076326,224.9568072156,227.8618224685,43556068,207.3618560530533,185.43173810490603,,224.0565642673295,"rgba(0, 255, 0, 1.0)",8.032600199538932,204.79267634153294,2.7137555513740472,53.58566793064746,1.231482936548531,False,True,True,False,True,9.918234854994687,221.35927104081003,195.6474329471705,0.0,0.0,0.0,0.0,0,0.9402240380689517,0.9436085854383971,False,False,False,False,0.18700579743747336,0.17538163774922844,False,False,False,False,680651525,740908306.8313878,False,False,False,False,61721912.82394421,False,False,False,False
2024-09-25 00:00:00+00:00,225.5946150241,226.5114637489,223.2526644772,224.159547455,42308715,207.4709572103814,185.50330886897015,,224.03076074684614,"rgba(0, 255, 0, 1.0)",7.584625055331875,204.86275243825412,2.733406389188836,53.85233717307179,1.5118540743381672,False,False,True,False,True,9.161204057043417,221.196222670326,195.81103874763946,0.0,0.0,0.0,0.0,0,0.9362107197492654,0.9473290247297456,False,False,False,False,0.20148355595368214,0.1884325968514553,False,False,False,False,638342810,736886130.4850589,False,False,False,False,60960610.94849542,False,False,False,False
2024-09-26 00:00:00+00:00,226.7406759301,227.7173191369,224.6379033114,226.5214294959,36636707,207.57094707770713,185.56701872387288,,224.0612646700797,"rgba(0, 255, 0, 1.0)",6.910771720997898,204.93957179872768,3.154655516276305,54.305190579632004,1.985625244934802,False,False,True,False,True,9.842830708595475,221.17435268338798,195.97322661114197,0.0,0.0,0.0,0.0,0,0.9683310160482578,0.9360971355617123,False,False,False,False,0.2355826782607076,0.21200763755608146,False,False,False,False,674979517,734458420.1523116,False,False,False,False,60006732.362279914,False,False,False,False
2024-09-27 00:00:00+00:00,227.0097510993,228.7338253317,226.5214294959,227.6774561488,34025967,207.66803501051405,185.62753837749867,,224.12457072728998,"rgba(0, 255, 0, 1.0)",6.757483376923749,205.02191101437015,3.25385041419658,54.731795080192605,2.4395706526950605,False,False,True,False,True,10.004040305407695,221.25143468426398,196.149318913675,0.0,0.0,0.0,0.0,0,0.9921635241357672,0.9265970833923536,False,False,False,False,0.27440046742182755,0.2432040524889545,False,False,False,False,709005484,733460265.7933974,False,False,False,False,58987878.81866109,False,False,False,False
2024-09-30 00:00:00+00:00,232.2019052906,232.2019052906,228.8633800428,229.2520441761,54793391,207.85105794335203,185.73314821098617,,224.40077453518296,"rgba(0, 255, 0, 1.0)",6.819276789632802,205.21213300346076,3.95786431900978,56.07246267812934,3.785086601800394,True,False,True,False,True,13.023330133393724,221.429771649184,196.34377698057503,0.0,0.0,0.0,0.0,0,0.9902099312799079,0.8930680816374237,False,False,False,False,0.34282825164328595,0.2930161520661202,False,False,False,False,763798875,734650015.1740485,False,False,False,False,58823389.10028222,False,False,False,False
2024-10-01 00:00:00+00:00,225.435163072,228.8633800428,222.973623561,228.7338253317,63285048,208.01122638012333,185.84024900921278,,224.40398556351488,"rgba(0, 255, 0, 1.0)",6.783664159324989,205.32620457249627,2.964321055290078,55.503316977896496,3.785086601800394,True,False,True,False,True,7.901926098562946,221.47974178452802,196.488268152449,0.0,0.0,0.0,0.0,0,0.9555875951430409,0.8986968432443353,False,False,False,False,0.21947783489017106,0.2562469934781456,False,False,False,False,700513827,733311341.1280074,False,False,False,False,58998356.11595743,False,False,False,False
2024-10-02 00:00:00+00:00,226.0032106515,226.591189725,222.2560897764,225.1162591677,32880605,208.08958404931522,185.8945480024611,,224.38659127628517,"rgba(0, 255, 0, 1.0)",6.718808563990544,205.3781964133171,3.069742803615907,55.14806948900761,3.785086601800394,True,False,True,False,False,8.234678497178209,221.52016882707002,196.6348549537315,0.0,0.0,0.0,0.0,0,0.9544138451509677,0.9042562860805147,False,False,False,False,0.18104636172600613,0.21864667760207587,False,False,False,False,733394432,733314599.5935757,False,False,False,False,57974130.58199832,False,False,False,False
2024-10-03 00:00:00+00:00,224.8970127336,226.028125019,222.5550621866,224.3688281421,34044158,208.16777705636287,185.94995418747558,,224.35920976394567,"rgba(0, 255, 0, 1.0)",6.702704111959684,205.42816601801442,2.904625713799178,54.60580798942244,3.785086601800394,True,False,True,False,False,7.422449100796296,221.66728064194598,196.77859135598547,0.0,0.0,0.0,0.0,0,0.977231166491979,0.8973070989635801,False,False,False,False,0.17767845510415273,0.1981625663531143,False,False,False,False,699350274,731982665.2565727,False,False,False,False,57035700.28466505,False,False,False,False
2024-10-04 00:00:00+00:00,226.0231421455,227.2190317865,223.3622876943,227.1193743164,37345098,208.25811598592128,186.0121871878268,,224.3619624603406,"rgba(0, 255, 0, 1.0)",6.660658327970891,205.49360440772452,3.0822085035593805,54.39712674633458,3.785086601800394,True,False,True,False,False,8.10059948513867,221.857819089454,196.93629802037802,0.0,0.0,0.0,0.0,0,0.9900705527166925,0.8761329944010158,False,False,False,False,0.20326511645515735,0.20071384140413584,False,False,False,False,736695372,732167477.2857267,False,False,False,False,56263519.80291348,False,False,False,False
2024-10-07 00:00:00+00:00,220.9306454243,224.9169442276,220.571878532,223.7310203336,39505354,208.3340840486357,186.07217068493836,,224.27387344640186,"rgba(0, 255, 0, 1.0)",6.494048144099679,207.03212766111739,2.140193213043922,53.11604134427855,5.305489067203418,False,False,False,False,False,4.4228235444520045,221.93715055409402,197.06332994173997,0.0,0.0,0.0,0.0,0,0.9694652060503102,0.8764786599450038,False,False,False,False,0.13849181534351296,0.1696028283738244,False,False,False,False,697190018,730795812.2156982,False,False,False,False,55606336.83025021,False,False,False,False
2024-10-08 00:00:00+00:00,224.9966702036,225.2059508908,222.4853019576,223.5317053934,31855693,208.40391913382877,186.1231880552404,,224.43398491098674,"rgba(0, 255, 0, 1.0)",6.263231087552327,207.12154646029904,2.8539780016781324,52.90856613392257,5.073129033187804,False,False,False,False,False,6.879085968713863,222.092228102482,197.22116614641354,0.0,0.0,0.0,0.0,0,0.9719656744445727,0.868897044862498,False,False,False,False,0.16633279225864717,0.16796781031623578,False,False,False,False,729045711,730727180.7954748,False,False,False,False,54674939.0329855,False,False,False,False
2024-10-09 00:00:00+00:00,228.7537568257,228.9630375129,224.0598899849,224.4585198652,33591091,208.49086775450903,186.18110243838132,,224.7397409307162,"rgba(0, 255, 0, 1.0)",6.0757852479610275,207.25834074860555,3.537882792073355,53.427754472050445,5.073129033187804,False,False,False,False,False,9.043417280075516,222.311298559636,197.3985323926865,0.0,0.0,0.0,0.0,0,0.9767421175570855,0.8586043834187856,False,False,False,False,0.23489469764543738,0.20143125398083658,False,False,False,False,762636802,731978538.4897699,False,False,False,False,53848121.46306451,False,False,False,False
2024-10-10 00:00:00+00:00,228.2554694753,228.7138938377,226.3918747848,226.9997853523,28183544,208.5652386804628,186.2301911897772,,224.92213787300176,"rgba(0, 255, 0, 1.0)",5.892367721227879,207.3555009993194,3.5469559037678966,53.74177863815839,5.073129033187804,True,False,True,False,True,8.68359654103665,222.455103016818,197.57876838333002,0.0,0.0,0.0,0.0,0,0.9750227861972025,0.8764309428866291,False,False,False,False,0.26224403166921395,0.23183764282502528,False,False,False,False,734453258,732075586.3137006,False,False,False,False,52841667.44490512,False,False,False,False
2024-10-11 00:00:00+00:00,226.7705731711,228.6242021146,226.5612924839,228.5145788975,31759188,208.64633553095638,186.28474728620697,,225.0405416086911,"rgba(0, 255, 0, 1.0)",5.794297459492638,207.44158387602846,3.3358641716616395,53.665541586167926,5.073129033187804,True,False,True,False,True,7.608133509555703,222.643269590912,197.7543101235795,0.0,0.0,0.0,0.0,0,0.9896110398625374,0.8767685165243697,False,False,False,False,0.2632983094358734,0.24756797613044934,False,False,False,False,702694070,730923369.987673,False,False,False,False,52014903.54510492,False,False,False,False
2024-10-14 00:00:00+00:00,230.5077282992,230.9362554205,227.816976607,227.916634077,39882085,208.76033748793736,186.3571053059082,,225.30077221828637,"rgba(0, 255, 0, 1.0)",5.759872067671429,207.58513735735536,3.9797048740896206,54.29146570088403,5.073129033187804,True,False,True,False,True,9.761308442348295,222.876316347004,197.94804123381,0.0,0.0,0.0,0.0,0,0.9875060057276924,0.8657591352574568,False,False,False,False,0.31110666175369234,0.2793373189420708,False,False,False,False,742576155,731380341.9489409,False,False,False,False,51539106.739414535,False,False,False,False
2024-10-15 00:00:00+00:00,233.0489937863,236.6765256972,231.574063229,232.8098158581,64751367,208.9777107586197,186.48488786360414,,228.1814026509105,"rgba(0, 255, 0, 1.0)",5.672513416366788,209.94934475856076,4.0722070327926065,55.2325897735178,3.2353266719778446,True,False,True,False,True,11.176245164512526,223.371020632008,198.1523441271405,0.0,0.0,0.0,0.0,0,1.0843514284229396,0.8059540748902999,False,False,False,False,0.3428282519076165,0.3110827854248437,False,False,False,False,807327522,734358662.7352569,False,False,False,False,52057234.59277083,False,False,False,False
2024-10-16 00:00:00+00:00,230.9860841556,231.3249195538,229.052729236,230.8067007094,34082240,209.07553041827663,186.5471786499808,,228.06535792504533,"rgba(0, 255, 0, 1.0)",5.679123606846567,209.9889748807685,3.6972446328722386,55.51588482222814,3.549051952628794,True,False,True,False,True,9.65538097598176,223.865080296364,198.351544731742,0.0,0.0,0.0,0.0,0,1.0466971967085712,0.8022976118956778,False,False,False,False,0.2303569352682118,0.27071986034652773,False,False,False,False,773245282,735883628.1966194,False,False,False,False,51352332.84403472,False,False,False,False
2024-10-17 00:00:00+00:00,231.3548167949,233.0489937863,229.7304000325,232.6304324119,32993810,209.17343504199056,186.60857703226975,,228.13050520365354,"rgba(0, 255, 0, 1.0)",5.73456985086133,210.07410310189124,3.7109520411216885,55.81383405484468,3.8823795248347324,True,False,True,False,True,9.865044215629698,224.31495130400202,198.58679134947698,0.0,0.0,0.0,0.0,0,1.0264145285485817,0.8075034057594176,False,False,False,False,0.25906483054903007,0.2648923454477789,False,False,False,False,806239092,738642665.9928305,False,False,False,False,50632390.77171963,False,False,False,False
2024-10-18 00:00:00+00:00,234.1950546922,235.3710128392,233.2084457384,235.3710128392,46431472,209.32745028237574,186.70023759329482,,228.51594484061388,"rgba(0, 255, 0, 1.0)",5.856286516728612,210.2792609244425,4.083781368866004,56.55683843444685,4.651064773416344,True,False,True,False,True,11.46728195770967,224.75214600774402,198.84313919536552,0.0,0.0,0.0,0.0,0,1.022875441956084,0.7911486216662852,False,False,False,False,0.3428282508706067,0.3038602981591928,False,False,False,False,852670564,743114348.2676215,False,False,False,False,50467648.85910317,False,False,False,False
2024-10-21 00:00:00+00:00,235.6699852494,236.0387178887,233.6469386067,233.6469386067,36254470,209.45050436500824,186.77285324065525,,228.81581743729126,"rgba(0, 255, 0, 1.0)",6.0163303194905495,210.44122468514985,4.193380220916209,57.412173436293834,5.520598965691569,True,False,True,False,True,12.28476112804108,225.160507084464,199.1184775864715,0.0,0.0,0.0,0.0,0,1.0106309824840027,0.7976610013992184,False,False,False,False,0.34282825071418216,0.32334427443668745,False,False,False,False,888925034,748832414.3747736,False,False,False,False,49910269.296001084,False,True,False,False
2024-10-22 00:00:00+00:00,235.0521089349,235.4108758272,231.8032754102,233.0838739008,38846578,209.57582213764042,186.84876718534187,,229.0229242653473,"rgba(0, 255, 0, 1.0)",6.146611903072276,210.58145740499089,3.9811609901184557,57.94731857453029,6.070106838733835,True,False,True,False,True,11.807298483562857,225.525851369784,199.394350357319,0.0,0.0,0.0,0.0,0,0.9828922326550791,0.8131586084745739,False,False,False,False,0.2977399791425565,0.310542126789622,False,False,False,False,850078456,752802847.3796844,False,False,False,False,49476399.04909909,False,False,False,False
2024-10-23 00:00:00+00:00,229.9695779607,234.3385614491,226.9798538583,233.2782059674,52286979,209.71761672636973,186.94267705293257,,228.98977199843813,"rgba(0, 255, 0, 1.0)",6.171724679572215,210.67273423382775,3.126653363320444,57.13673082797677,6.070106838733835,True,False,True,False,False,7.996523683968061,225.715001247998,199.623067905411,0.0,0.0,0.0,0.0,0,0.9490683880835444,0.8355751111383488,False,False,False,False,0.19443150640222884,0.2524868165959254,False,False,False,False,797791477,754567107.3647949,False,False,False,False,49586617.87070305,False,False,False,False
2024-10-24 00:00:00+00:00,229.7802287676,230.0293724428,227.6276274138,229.1922496941,31109503,209.79589793572762,186.99671582346224,,228.9286485539191,"rgba(0, 255, 0, 1.0)",6.139159419052844,210.71233998342768,3.1059445573273816,56.43020750951133,6.070106838733835,True,False,True,False,False,7.858246625701142,225.89139497004402,199.85292361130698,0.0,0.0,0.0,0.0,0,0.9486708937501668,0.8598883811592799,False,False,False,False,0.13240682234870313,0.1924468194723143,False,False,False,False,766681974,755042200.1740186,False,False,False,False,48862025.13067548,False,False,False,False
2024-10-25 00:00:00+00:00,230.6173515163,232.4211517247,228.7836540668,228.9530717659,38802304,209.89996589591684,187.0662543700066,,228.94013980698702,"rgba(0, 255, 0, 1.0)",6.180942156693044,210.7884037498477,3.208078520032822,56.0252126928434,7.885370034360349,True,False,True,False,False,8.359122995068802,226.024736665014,200.081752671522,0.0,0.0,0.0,0.0,0,0.9447402319564372,0.8642941635406514,False,False,False,False,0.19248700200762425,0.19246691073996927,False,False,False,False,805484278,757020320.8730767,False,False,False,False,48467526.26280586,False,False,False,False
2024-10-28 00:00:00+00:00,232.6005351709,233.925979523,231.7534466752,232.5208091948,36087134,210.00578653337237,187.13391574274794,,229.04629143172716,"rgba(0, 255, 0, 1.0)",6.228969161860516,210.88960248123857,3.4854776328956243,56.097288030252344,7.885370034360349,True,False,True,False,False,9.53961789464688,226.17123314603404,200.323476083967,0.0,0.0,0.0,0.0,0,0.9491202677942759,0.8590192272065187,False,False,False,False,0.2703325642142129,0.23139973747709108,False,False,False,False,841571412,760336049.9368776,False,False,False,False,47982020.6838723,False,False,False,False
2024-10-29 00:00:00+00:00,232.8696103401,233.5223667691,231.524234494,232.3015627606,35417247,210.10814617023178,187.19995060872088,,229.13838722127971,"rgba(0, 255, 0, 1.0)",6.219874363223258,210.98485746050795,3.518520086031279,56.21085886167785,7.885370034360349,True,False,True,False,False,9.699766351557372,226.326300169482,200.5649067335815,0.0,0.0,0.0,0.0,0,0.9509072240247048,0.8566588336897715,False,False,False,False,0.2591480505671944,0.24527389402214275,False,False,False,False,876988659,764910662.057,False,False,False,False,47489284.46097534,False,False,False,False
2024-10-30 00:00:00+00:00,229.3118386582,232.6702953999,228.7637225727,231.8132411572,47070907,210.22848128708165,187.28281664724386,,229.1350811186881,"rgba(0, 255, 0, 1.0)",6.1463734425633305,211.06877557300942,2.9681019638114208,55.39892683634492,7.180775007705726,False,False,False,False,False,6.9933100593817095,226.397854233,200.7999162143885,0.0,0.0,0.0,0.0,0,0.92699578996522,0.8665603366201979,False,False,False,False,0.19641161663424464,0.2208427553281937,False,False,False,False,829917752,767459959.7018236,False,False,False,False,47472877.501721404,False,False,False,False
2024-10-31 00:00:00+00:00,225.1361906618,229.042763489,224.5980403233,228.5544418856,64370086,210.358398813092,187.38514734676139,,228.89370674943893,"rgba(0, 255, 0, 1.0)",6.13101495740393,211.0996052343065,2.289439110002928,53.812234774775675,5.606771631856496,False,True,False,False,False,3.9712201225341026,226.388087800932,201.0187633089785,0.0,0.0,0.0,0.0,0,0.9093340905341599,0.886482819855004,False,False,False,False,0.06550188260121985,0.14317231896470678,False,False,False,False,765547666,767384967.7919482,False,False,False,False,48135513.12910488,False,False,False,False
2024-11-01 00:00:00+00:00,222.1464665593,224.5781088293,219.5155093491,220.2081287662,65276741,210.45394819884163,187.47727535446577,,228.4502791640778,"rgba(0, 255, 255, 0.75)",6.133735823474667,211.05558003782775,1.808178056678911,51.92864344976303,3.7720205134566385,False,True,False,True,False,1.900416975636002,226.355798780626,201.1931256463175,0.0,0.0,0.0,0.0,0,0.8897832289924952,0.9062803296718126,False,False,False,False,-0.09229303472938287,0.025439642117661955,False,False,False,False,700270925,764753044.5452051,False,False,False,False,48807718.143649794,False,False,False,False
2024-11-04 00:00:00+00:00,221.2495493286,222.0268775952,218.9574275167,220.2330431337,44944468,210.5113824114013,187.53798656364407,,227.04402305033182,"rgba(38, 166, 154, 1.0)",6.140848355639055,212.29250030944246,1.4586012388552827,50.21862751481224,2.134431853273796,False,True,False,True,False,1.2880361521039099,226.25952966452803,201.3484587116805,0.0,0.0,0.0,0.0,0,0.8844497806665937,0.9164221522209698,True,False,False,False,-0.14430006465434156,-0.059430211268339805,False,False,False,False,655326457,760461805.8179421,False,False,False,False,48656218.13801647,False,False,False,False
2024-11-05 00:00:00+00:00,222.6846168978,223.1829042482,220.3825293389,221.0352857679,28111338,210.5516379914271,187.57737333379814,,227.00438032017422,"rgba(0, 255, 255, 0.75)",6.141418691937225,212.30624907436658,1.6898974559508027,49.183682809072266,1.170043537883437,False,True,False,True,False,2.234087641572753,226.185185191848,201.499400863024,0.0,0.0,0.0,0.0,0,0.8925766456256458,0.9067357980150824,False,False,False,False,-0.10108493235542537,-0.08025757181188259,False,False,False,False,683437795,757441256.3741013,False,False,False,False,47850536.56397661,False,False,False,False
2024-11-06 00:00:00+00:00,221.9571173662,225.2906597404,220.4323580739,221.8474941491,54561121,210.63217279822248,187.65461566157722,,226.8806714412549,"rgba(0, 255, 255, 0.75)",6.145223716408538,212.32379533490348,1.5676112824947803,48.18871363996909,0.24221051274843575,False,True,False,True,False,1.7247024713077757,226.079348958622,201.64030188370253,0.0,0.0,0.0,0.0,0,0.8887546864817844,0.9046718900827837,False,False,False,False,-0.0652543167938152,-0.0727559443028489,False,False,False,False,628876674,752399508.0457052,False,False,False,False,48113696.73793831,False,False,False,False
2024-11-07 00:00:00+00:00,226.700812942,227.0944599489,223.8007805627,223.8555921712,42137691,210.71066609756144,187.71966385990012,,227.0106873976857,"rgba(0, 255, 0, 1.0)",6.109868728778556,212.40801914199906,2.3392963800808624,48.51981671033849,0.24221051274843575,False,True,False,True,True,4.805059822022418,226.09908113769802,201.80829694074401,0.0,0.0,0.0,0.0,0,0.892547722293284,0.8932406455351493,False,False,False,False,0.020134690828231806,-0.026310626737308548,False,False,False,False,671014365,749207933.8086187,False,False,False,False,47879343.57174465,False,False,False,False
2024-11-08 00:00:00+00:00,226.4317377728,228.1277809267,225.8780295667,226.641248986,38328824,210.78578371465642,187.78010463408515,,227.12162629738677,"rgba(0, 255, 0, 1.0)",6.053912774364807,212.48617360317843,2.3035621240982915,48.73020720499843,0.24221051274843575,False,True,False,True,True,4.611351070872296,226.04765788313597,201.97658476061602,0.0,0.0,0.0,0.0,0,0.8963107132281493,0.9113151616475123,False,False,False,False,0.07154944337827478,0.022619408320483113,False,False,False,False,632685541,744638428.2082807,False,False,False,False,47504813.39246055,False,False,False,False
2024-11-11 00:00:00+00:00,223.7080920021,225.174670494,220.9844462314,224.4762997836,42005602,210.8493837208631,187.84016903493676,,226.98434046887942,"rgba(0, 255, 255, 0.75)",5.996833159778778,212.4914907838212,1.870420756993773,48.30273704868239,0.24221051274843575,False,True,False,True,True,2.664239516733886,225.957507593432,202.139941450675,0.0,0.0,0.0,0.0,0,0.8823676594268447,0.9086477509125811,False,False,False,False,-0.058035324977096195,-0.01770795832830654,False,False,False,False,590679939,738600840.3961914,False,False,False,False,47289158.04373661,False,False,False,False
2024-11-12 00:00:00+00:00,223.7080920021,225.0649265253,222.8351286141,224.027347184,40398299,210.91276783172842,187.89868627633703,,226.8937579728825,"rgba(0, 255, 255, 0.75)",5.942352031744749,212.5091300060323,1.8846009015018799,47.95298873896926,0.07565884448816007,False,True,False,True,True,2.664239516733886,225.99153051145,202.30672333978453,0.0,0.0,0.0,0.0,0,0.9170567464103794,0.9003289918175318,False,False,False,False,-0.0292692340001145,-0.02348859616421052,False,False,False,False,590679939,732800020.7335957,False,False,False,False,47018928.277315564,False,False,False,False
2024-11-13 00:00:00+00:00,224.5960204768,226.1224593153,222.2415135102,223.4886040646,48566217,210.9907769595357,187.9696618138886,,226.81613123190238,"rgba(0, 255, 0, 1.0)",5.8944325816845895,212.54002253728373,2.0453195065759386,47.89638644238424,-0.0036274864108349902,False,True,False,True,True,3.259837752056683,226.08158046747403,202.496262240102,0.0,0.0,0.0,0.0,0,0.9355087976760728,0.8657816410107099,False,False,False,False,-0.021613893812828584,-0.022551244988519552,False,False,False,False,639246156,729131241.7244351,False,False,False,False,47079606.26644044,False,False,False,False
2024-11-14 00:00:00+00:00,227.6888050516,228.3372921399,224.4762997836,224.4962532325,44923941,211.07559065009,188.03959241929408,,226.8679109908735,"rgba(0, 255, 0, 1.0)",5.894451123140148,212.6104011621682,2.558067506953746,48.60853827155479,-0.0036274864108349902,False,True,False,False,True,5.299607680047227,226.202990929148,202.719334229298,0.0,0.0,0.0,0.0,0,0.9300203985420926,0.8753286993150966,False,False,False,False,0.05181333792173076,0.014631046466605605,False,False,False,False,684170097,727368059.5783788,False,False,False,False,46995070.37363885,False,False,False,False
2024-11-15 00:00:00+00:00,224.4762997836,226.3918308751,223.7479988999,225.8730412045,47923696,211.1539310174718,188.1101566772871,,226.81396978942985,"rgba(0, 255, 0, 1.0)",5.8362960315851025,212.64830630881207,2.0266267185174867,48.4343869688182,-0.0036274864108349902,False,True,False,True,True,2.9504847049773417,226.291244416128,202.91413211293101,0.0,0.0,0.0,0.0,0,0.9281957108098,0.8763707765245965,False,False,False,False,0.007674832492051547,0.011152939479328576,False,False,False,False,636246401,723794661.2027562,False,False,False,False,47031487.0648687,False,False,False,False
2024-11-18 00:00:00+00:00,227.4892705629,229.2052671657,224.645904099,224.7257178945,44686020,211.23798664424268,188.17970746085686,,226.85899099911066,"rgba(0, 255, 0, 1.0)",5.808240147130681,212.71691175910775,2.5433450459327043,48.99312816391755,-0.0036274864108349902,False,True,False,False,True,4.912743941650621,226.437963484232,203.12900854762154,0.0,0.0,0.0,0.0,0,0.9460562686451287,0.8437850928820441,False,False,False,False,0.06898671314938702,0.0400698263143578,False,False,False,False,680932421,722113789.0379422,False,False,False,False,46939507.96428562,False,False,False,False
2024-11-19 00:00:00+00:00,227.7486653982,229.624289592,226.1324360398,226.4516912217,36211774,211.30852218758545,188.23692827075493,,226.91233636768402,"rgba(0, 255, 0, 1.0)",5.495590057489505,212.77887878262513,2.7239634796219425,49.50891725326017,-0.0036274864108349902,False,True,False,False,True,5.0800327409792665,226.605815644256,203.33609773292,0.0,0.0,0.0,0.0,0,0.9526889317917198,0.8418717869487314,False,False,False,False,0.10063990183379806,0.07035486407407793,False,False,False,False,717144195,721918902.9972386,False,False,False,False,46518812.5147058,False,False,False,False
2024-11-20 00:00:00+00:00,228.4669895575,229.39482493,225.3642282583,227.5291774607,35169566,211.37607335333698,188.29221404942288,,226.95504708172652,"rgba(0, 255, 0, 1.0)",5.060404955464603,212.83611133993958,3.0888591634709064,50.09794084490405,-1.8733909184031603,False,True,False,False,True,5.548460642406834,226.737208977724,203.5387367673315,0.0,0.0,0.0,0.0,0,0.9432604540986795,0.849742763209356,False,False,False,False,0.08404647243029409,0.07720066825218601,False,False,False,False,752313761,723110858.2130332,False,False,False,False,46073744.02393302,False,False,False,False
2024-11-21 00:00:00+00:00,227.9881067847,229.6193012298,225.1849465202,228.3472688643,42108327,211.4555170685383,188.35796238177105,,226.99486880197043,"rgba(0, 255, 0, 1.0)",4.695441547894131,212.90076903894078,3.213188278858624,50.45287383711384,-1.489425263986007,False,True,True,False,True,5.183028570513862,226.85683219139398,203.73843534165349,0.0,0.0,0.0,0.0,0,0.9334686886577264,0.8513654102665462,False,False,False,False,0.08479708897625916,0.08099887861422259,False,False,False,False,710205434,722604763.1458554,False,False,False,False,45918237.47397487,False,False,False,False
2024-11-22 00:00:00+00:00,229.3349645834,230.1828863931,227.5291774607,227.5291774607,38168252,211.53312585049375,188.41951599602217,,227.06911309300546,"rgba(0, 255, 0, 1.0)",4.458638479616098,212.9736636136252,3.669573356210649,51.07303020834021,-0.8449341364974643,False,False,True,False,True,6.080372220574908,227.008774064422,203.95027902665748,0.0,0.0,0.0,0.0,0,0.934874175676831,0.8513827569143918,False,False,False,False,0.13333099429233516,0.10716493645327888,False,False,False,False,748373686,723615309.1401356,False,False,False,False,45614316.474995464,False,False,False,False
2024-11-25 00:00:00+00:00,232.3279819138,232.7021090801,229.2052671657,230.9212637685,90152832,211.7384956257256,188.57270509180367,,227.3757801937003,"rgba(0, 255, 0, 1.0)",4.354405581657486,213.1971507776028,4.3934426358408105,52.2640263522539,0.34922291911955483,True,False,True,False,True,8.032128975918244,227.34375291708002,204.1732654747355,0.0,0.0,0.0,0.0,0,0.9602241881988509,0.8280642333008784,False,False,False,False,0.20366448842591334,0.1554147124395961,False,False,False,False,838526518,728121631.0562087,False,False,False,False,47360924.92695642,False,False,False,False
2024-11-26 00:00:00+00:00,234.512884565,235.0216975112,232.7869112378,232.7869112378,45986189,211.85575699193691,188.65531593823724,,227.5982741157818,"rgba(0, 255, 0, 1.0)",4.334359819357337,213.33802447921408,4.885348925398066,53.69371341029431,1.7577277382297893,True,False,True,False,True,9.415631305728521,227.713062020574,204.415626056851,0.0,0.0,0.0,0.0,0,0.9726136139460602,0.8141280501778198,False,False,False,False,0.2985272447614714,0.22697097860053375,False,False,False,False,884512707,734254614.4265535,False,False,False,False,47307013.714134604,False,False,False,False
2024-11-27 00:00:00+00:00,234.3831871474,235.1414182044,233.2658937779,233.9192694612,33498439,211.94099922168155,188.71551132908445,,227.75279768055756,"rgba(0, 255, 0, 1.0)",4.386998949861701,213.43863659213872,4.774231950960818,54.82313384032089,2.855467798542783,True,False,True,False,True,9.310127940553208,228.002044349052,204.6678256223775,0.0,0.0,0.0,0.0,0,0.9631572578028585,0.8358451998449643,False,False,False,False,0.31018337395272505,0.2685771762766294,False,False,False,False,851014268,738833424.3706102,False,False,False,False,46765500.98024697,False,False,False,False
2024-11-29 00:00:00+00:00,236.7776010117,237.2564837846,233.4254216016,234.2634664542,28481377,212.01798382010662,188.76831092189684,,227.9066990454463,"rgba(0, 255, 0, 1.0)",4.504696097761337,213.53349835863725,5.159971316292389,56.236054126244,4.220016036837968,True,False,True,False,True,10.821171685967649,228.17587533376198,204.9364208822225,0.0,0.0,0.0,0.0,0,0.9470525760664833,0.8571854081399032,False,False,False,False,0.3428282494273975,0.30570271285201345,False,False,False,False,879495645,744349589.8854883,False,False,False,False,46048476.51043336,False,False,False,False
2024-12-02 00:00:00+00:00,239.032340734,240.2295476662,236.6079966963,236.7177406651,48137103,212.16216812713844,188.86258132510207,,228.2370767573128,"rgba(0, 255, 0, 1.0)",4.719650388867324,213.72282924426904,5.362581844924542,57.81707464383707,5.734584961218687,True,False,True,False,True,12.209035640334395,228.40815521391,205.217731246577,0.0,0.0,0.0,0.0,0,0.9475951787110057,0.8573105137890771,False,False,False,False,0.342828250283786,0.3242654815678997,False,False,False,False,927632748,751537164.7135084,False,False,False,False,46130383.43159284,False,False,False,False
2024-12-03 00:00:00+00:00,242.0852184111,242.1949623799,238.343946748,239.2518286716,38861017,212.2872399769022,188.94185758714704,,228.540630143138,"rgba(0, 255, 0, 1.0)",5.038152817351703,213.8918810253975,5.595967095043826,59.63339676747712,7.463416527473726,True,False,True,False,True,14.030638383786716,228.735974132248,205.52201006532349,0.0,0.0,0.0,0.0,0,0.9657645446177235,0.8288600057624009,False,False,False,False,0.3428282506704057,0.3335468661191527,False,False,False,False,966493765,759966835.3129786,False,False,False,False,45845310.23819704,False,False,False,False
2024-12-04 00:00:00+00:00,242.4443804907,243.5418201786,240.6884769902,242.3047063486,44383935,212.43544469815012,189.034451784983,,228.90281891930854,"rgba(0, 255, 0, 1.0)",5.341061177864758,214.0930960913476,5.308174434857652,61.17847326094247,8.912973177053274,True,False,True,False,True,14.242237227883418,229.05303794756202,205.83181246834204,0.0,0.0,0.0,0.0,0,0.9780825236288798,0.8207679780041944,False,False,False,False,0.34282825099007014,0.3381875585546114,False,False,False,False,1010877700,769806477.0654109,False,False,False,False,45788001.405326575,False,False,False,False
2024-12-05 00:00:00+00:00,242.474310664,243.9708193293,241.5664287405,243.4220994853,40033878,212.56985182046955,189.11839264260564,,229.22122216117526,"rgba(0, 255, 0, 1.0)",5.622099061218687,214.27302937436474,5.016148058323637,62.44775925590561,10.089464519458922,True,False,True,False,True,14.260162590361293,229.39063186036,206.13798704470148,0.0,0.0,0.0,0.0,0,0.9917134594564104,0.8075070711415258,False,False,False,False,0.3428282510905512,0.3405079048225813,False,False,False,False,1050911578,780830206.5138261,False,False,False,False,45562349.507078476,False,False,False,False
2024-12-06 00:00:00+00:00,242.2747761753,244.0606098492,241.5165451183,242.3396248842,36870619,212.69236908984715,189.1953922863168,,229.4986305622453,"rgba(0, 255, 0, 1.0)",5.873906567054736,214.43369989593452,4.739788752432505,63.409497538229324,10.970769932105824,True,False,True,False,True,14.081375666094516,229.701313865264,206.432974700028,0.0,0.0,0.0,0.0,0,0.9842638904130074,0.8127493128784955,False,False,False,False,0.34282825109352666,0.341668077958054,False,False,False,False,1014040959,789975726.2191663,False,False,False,False,45221497.330330305,False,False,False,False
2024-12-09 00:00:00+00:00,246.1756754293,246.6645349267,241.1873132119,241.2671270074,44649232,212.84951736029993,189.29192198897852,,229.8681125067363,"rgba(0, 255, 0, 1.0)",6.233706286269683,214.6436427289992,5.058312222658456,64.86124797016475,12.338204502706205,True,False,True,False,True,16.422008237330115,230.08463235186403,206.7566620271805,0.0,0.0,0.0,0.0,0,0.9732647884740503,0.8077821302148384,False,False,False,False,0.34282825125475186,0.34224816460640295,False,False,False,False,1058690191,800513548.3674343,False,False,False,False,45199055.55267029,False,False,False,False
2024-12-10 00:00:00+00:00,247.1933013217,247.6322771968,244.768957284,246.3153495714,36914806,212.9857897088676,189.3741424358397,,230.19539057461003,"rgba(0, 255, 0, 1.0)",6.614220506306022,214.82768138944485,4.893338512285409,66.20646053020991,13.599995272943197,True,False,True,False,True,17.015064199047092,230.384460272486,207.09219718042002,0.0,0.0,0.0,0.0,0,0.9888746087433146,0.8265651098934587,False,False,False,False,0.34282825153440644,0.3425382080704047,False,False,False,False,1095604997,812085762.0392996,False,False,False,False,44874183.02119303,False,False,False,False
2024-12-11 00:00:00+00:00,245.916280594,250.2162488255,245.6869156993,247.382859086,45205814,213.15483039818142,189.4758105709,,230.5944546043745,"rgba(0, 255, 0, 1.0)",6.918999886421858,215.05423862483093,4.460477305359415,66.80066691028885,14.134868464447834,True,False,True,False,True,15.837431743116937,230.794082622926,207.41404079322803,0.0,0.0,0.0,0.0,0,1.04214720655636,0.8086266635524499,False,False,False,False,0.34282825171811415,0.3426832298942594,False,False,False,False,1050399183,821431386.3906996,False,False,False,False,44887188.15761683,False,False,False,False
2024-12-12 00:00:00+00:00,247.382859086,248.1610435919,245.1081659148,246.3153495714,32777532,213.27497255428946,189.54880960911777,,230.86433953519992,"rgba(0, 255, 0, 1.0)",7.253537947996372,215.21162124254633,4.43524774725143,67.5345960579113,14.825377839354829,True,False,True,False,True,16.711638124932684,231.221675591616,207.74923144034602,0.0,0.0,0.0,0.0,0,1.0431718125681941,0.8061698109345764,False,False,False,False,0.30770283320182645,0.3251930315480429,False,False,False,False,1083176715,831695909.0812604,False,False,False,False,44412299.68084754,False,False,False,False
2024-12-13 00:00:00+00:00,247.5524634014,248.7099629703,245.6668624832,247.2381965817,33155290,213.39716016765374,189.62300822495376,,231.13445009641805,"rgba(0, 255, 0, 1.0)",7.562300926040354,215.37056201278932,4.255570057757701,68.1638211641975,15.427648358738494,True,False,True,False,True,16.81309878751001,231.67478460497202,208.08860025370203,0.0,0.0,0.0,0.0,0,1.0446539090047704,0.7998037613559311,False,False,False,False,0.3223794743299445,0.3237862529389937,False,False,False,False,1116332005,842858108.921211,False,False,False,False,43970848.32081431,False,False,False,False
2024-12-16 00:00:00+00:00,250.4556902119,250.7948988427,247.0735806285,247.4127892593,51694753,213.59779636086566,189.74257782429717,,231.59050392860763,"rgba(0, 255, 0, 1.0)",7.956754989410621,215.635049234644,4.376236420952717,69.14901384879408,16.388813775460704,True,False,True,False,True,18.530024233426015,232.1634355663,208.447902899141,0.0,0.0,0.0,0.0,0,1.047881218367517,0.7948944129369586,False,False,False,False,0.3428282518113036,0.3333072523751487,False,False,False,False,1168026758,855609820.6497909,False,False,False,False,44273746.54352748,False,False,False,False
2024-12-17 00:00:00+00:00,252.890010974,253.2391963292,249.1986229331,249.4979246661,51356360,213.80775857079325,189.8655190858105,,232.07655866772848,"rgba(0, 255, 0, 1.0)",8.40802590664584,215.91433569028558,4.397664290554606,70.3065170211171,17.519731766369134,True,False,True,False,True,19.920573496940488,232.80262287729403,208.8420420135445,0.0,0.0,0.0,0.0,0,1.0805802773830473,0.7737927968721341,False,False,False,False,0.34282825200492917,0.33806775219003893,False,False,False,False,1219383118,869875440.1537207,False,False,False,False,44551496.09084012,False,False,False,False
2024-12-18 00:00:00+00:00,247.4726496059,253.6881489288,247.1633711484,251.5730833486,56774101,214.02309128542453,189.99576025426614,,232.52323660957785,"rgba(0, 255, 0, 1.0)",8.607307495572778,216.18687515696666,3.634792234973057,69.23984725328658,17.519731766369134,True,False,True,False,False,14.893875324515875,233.25214246534,209.23384673963153,0.0,0.0,0.0,0.0,0,1.0669160393410049,0.7838929195674695,False,False,False,False,0.32382724077785546,0.33094749648394717,False,False,False,False,1162609017,881355188.2653395,False,False,False,False,45030813.93041503,False,False,False,False
2024-12-19 00:00:00+00:00,249.2085996575,251.4134557576,246.5197726551,246.923929762,60882264,214.24859476479537,190.1338726075616,,232.9642745639237,"rgba(0, 255, 0, 1.0)",8.809446986457203,216.46516812373994,3.716854370552052,68.6727014989751,17.519731766369134,True,False,True,False,False,15.916953172977028,233.66123932197604,209.63930158114198,0.0,0.0,0.0,0.0,0,1.0551492894891898,0.8158878124749416,False,False,False,False,0.28944235950722286,0.310194927995585,False,False,False,False,1223491281,894772289.9412086,False,False,False,False,45652439.423339926,False,False,False,False
2024-12-20 00:00:00+00:00,253.8976601419,254.4064730881,245.1181426393,247.4626728814,147495267,214.8152054229334,190.47759971819343,,234.06324304613554,"rgba(0, 255, 0, 1.0)",9.157676540527964,217.16228419444383,4.011429731644384,68.94019819939139,17.519731766369134,True,False,True,False,False,18.564623535430496,234.17408313530802,210.0687981688945,0.0,0.0,0.0,0.0,0,1.034289318904708,0.8060249915283431,False,False,False,False,0.30810558929351267,0.3091502586445488,False,False,False,False,1370986548,913447358.8846906,False,False,False,False,49646275.798895225,False,False,False,False
2024-12-23 00:00:00+00:00,254.6758446478,255.0549601763,252.8600808007,254.1770084261,40858774,214.98204885440262,190.57689675432923,,234.39421947524366,"rgba(0, 255, 0, 1.0)",9.475840281789669,217.36961297580055,3.936984010135042,69.26968613635944,17.519731766369134,True,False,True,False,False,18.989673325091506,234.732188564842,210.49358694744,0.0,0.0,0.0,0.0,0,1.0729967883655176,0.8023804110755599,False,False,False,False,0.3428282522021876,0.3259892554233682,False,False,False,False,1411845322,932992377.0460753,False,False,False,False,49301667.88521306,False,False,False,False
2024-12-24 00:00:00+00:00,257.5990249072,257.6090016317,254.6957980967,254.8953325854,23234705,215.08215541211402,190.63538324092997,,234.60035832912098,"rgba(0, 255, 0, 1.0)",9.861227037012007,217.4960573940604,4.066731996192936,69.93684786774786,17.519731766369134,True,False,True,False,False,20.0,235.274014497002,210.9229514896485,0.0,0.0,0.0,0.0,0,1.081728558913478,0.8051644150972823,False,False,False,False,0.34282825233840997,0.3344087538808891,False,False,False,False,1435080027,952682088.8089744,False,False,False,False,48279434.04657725,False,False,False,False
2024-12-26 00:00:00+00:00,258.4171163109,259.4946025498,257.0303516144,257.5890481828,27262983,215.20372866548163,190.70562071673436,,240.03770571414944,"rgba(0, 255, 0, 1.0)",10.222038264913573,220.56785063623005,3.7027121884864074,70.58902799536595,17.87091274980851,True,False,True,False,False,20.0,235.78137694749398,211.35402071359601,0.0,0.0,0.0,0.0,0,1.0814482002441013,0.820504962862275,False,True,False,False,0.3428282524544428,0.33861850316766595,False,False,False,False,1462343010,972668791.6007793,False,False,False,False,47455259.495731086,False,True,False,False
2024-12-27 00:00:00+00:00,254.9950998297,258.097861129,252.4709885477,257.2298861031,42355321,215.37765462308238,190.8094197137941,,239.9353563659804,"rgba(0, 255, 0, 1.0)",10.478827361417018,220.67878160964818,3.2748242753196126,69.95827084469629,17.87091274980851,True,False,True,False,False,17.84383995037627,236.26155726097602,211.778417621985,0.0,0.0,0.0,0.0,0,1.0747463514672155,0.8090779160998164,False,False,False,False,0.2854714231812372,0.3120449631744516,False,False,False,False,1419987689,990210709.1458468,False,False,False,False,47255261.907663204,False,False,False,False
2024-12-30 00:00:00+00:00,251.6129902463,252.9099644229,250.1663652033,251.6429204196,35557542,215.50931349110607,190.89140994501008,,239.78998534131546,"rgba(0, 255, 0, 1.0)",10.626242511246222,220.74408438599585,2.904969073276299,68.42565666914462,17.87091274980851,True,False,True,False,False,14.869543382044501,236.666720730004,212.17660939959748,0.0,0.0,0.0,0.0,0,1.048049328947957,0.8354391723728167,False,False,False,False,0.21578721048176372,0.26391608682810763,False,False,False,False,1384430147,1005670294.9440489,False,False,False,False,46796527.793637194,False,False,False,False
2024-12-31 00:00:00+00:00,249.8371332969,252.6904764853,248.8494375779,251.8524316328,39480718,215.64993829802864,190.9805355817871,,239.7364284384709,"rgba(0, 255, 0, 1.0)",10.714533814601817,220.83849293173603,2.706477096151816,66.67801147956128,19.3706246943551,True,False,True,False,False,13.353027922631536,236.97956230209797,212.56781063122602,0.0,0.0,0.0,0.0,0,1.0329206515101694,0.8563165775502712,False,False,False,False,0.20176965130060548,0.23284286906435656,False,False,False,False,1344949429,1018975359.0246744,False,False,False,False,46509633.29192594,False,False,False,False
2025-01-02 00:00:00+00:00,243.2824253432,248.5202056715,241.2572500502,248.3506013561,55740731,215.8120739808298,191.09304355989616,,239.3599870604111,"rgba(0, 255, 0, 1.0)",10.565073628959363,220.8641422399643,2.1219239818439246,63.67929467691416,16.44981202277721,False,True,True,False,False,8.07325978480835,237.131811103974,212.920770921404,0.0,0.0,0.0,0.0,0,0.9884682564828174,0.8783615530237238,False,False,False,False,0.09660604216753202,0.1647244556159443,False,False,False,False,1289208698,1029572744.866844,False,False,False,False,46871637.123615116,False,False,False,False
2025-01-03 00:00:00+00:00,242.7935658459,243.6116572496,241.326987354,242.7935658459,40244114,215.9207867790864,191.1712798486613,,239.15057689167935,"rgba(0, 255, 0, 1.0)",10.405788066251718,220.89087548722424,2.1048564721120013,61.121616351465924,14.004261219799872,False,True,False,False,False,7.697172449833918,237.286640242194,213.259556852305,0.0,0.0,0.0,0.0,0,0.9993225395589376,0.9002658470578941,False,False,False,False,0.05408251555481042,0.10940348558537735,False,False,False,False,1248964584,1038176346.4014777,False,False,False,False,46611734.256022364,False,False,False,False
2025-01-06 00:00:00+00:00,244.4297486533,246.7543254466,242.633938255,243.7413546672,45045571,216.05060809107593,191.26201345047923,,239.10019513166526,"rgba(0, 255, 0, 1.0)",10.335528502568717,220.97402147028257,2.2694269748458367,59.38419449766543,12.380958866131486,False,True,False,True,False,8.721925062176545,237.57584365604598,213.5936504514645,0.0,0.0,0.0,0.0,0,1.0344924673126252,0.8802392281259019,False,False,False,False,0.09317495156158283,0.10128921857348008,False,False,False,False,1294010155,1048209044.7778903,False,False,False,False,46550316.08911953,False,False,False,False
2025-01-07 00:00:00+00:00,241.6462425359,244.9784684972,240.7882442345,242.4144503174,40855960,216.15861490197148,191.34075892700878,,239.00900129960831,"rgba(0, 255, 255, 0.75)",10.339594176743356,221.0294916999591,1.9939613183575187,57.35236317670344,10.472551636220693,False,True,False,True,False,6.566021728851421,237.813163931412,213.95011018574453,0.0,0.0,0.0,0.0,0,1.0214764174908688,0.8684254423786091,False,False,False,False,0.061341516816709546,0.08131536769509481,False,False,False,False,1253154195,1056246109.4924829,False,False,False,False,46327008.007193275,False,False,False,False
2025-01-08 00:00:00+00:00,242.1351020332,243.1450458478,239.491270058,241.3569175273,37628940,216.2540096978946,191.41182545111258,,238.92662749496807,"rgba(0, 255, 0, 1.0)",10.33865980190683,221.07743638355686,2.0367887185686624,55.80223548985608,9.037699409135051,False,True,False,True,False,6.88038230871971,238.04351894175,214.3044911852105,0.0,0.0,0.0,0.0,0,1.0089800079957296,0.8899578813017156,False,False,False,False,0.033927372853287105,0.05762137027419096,False,False,False,False,1290783135,1065443639.9045424,False,False,False,False,45985907.30102884,False,False,False,False
2025-01-10 00:00:00+00:00,236.2987182389,239.6010140268,232.4576793315,239.4513631603,61710856,216.37546434321385,191.5152785488731,,238.5820515356001,"rgba(38, 166, 154, 1.0)",10.283099919950246,221.07314765715714,1.4806401474523965,53.37424030263486,6.743562560744678,False,True,False,True,False,2.5410616228831415,238.11748260310998,214.6367978878915,0.0,0.0,0.0,0.0,0,0.9524484281475635,0.9114272842316593,False,False,False,False,-0.058569395468747565,-0.00047401259727830256,False,False,False,False,1229072279,1071860449.2808349,False,False,False,False,46602571.95589046,False,False,False,False
2025-01-13 00:00:00+00:00,233.8544207523,234.1237923121,229.1853137168,232.9864457265,49630725,216.45381405506038,191.59120242749287,,238.23598647599698,"rgba(38, 166, 154, 1.0)",10.236314617114964,221.03579729346853,1.2522693897468649,50.96633181922722,4.482623363711149,False,True,False,True,False,0.823818911812733,238.13717881135398,214.96254931942852,0.0,0.0,0.0,0.0,0,0.9285088862842541,0.9275563487172241,False,False,False,False,-0.13577605932981196,-0.06812503596354513,False,False,False,False,1179441554,1076079316.132567,False,False,False,False,46721323.055659465,False,False,False,False
2025-01-14 00:00:00+00:00,232.7370276156,235.5704173551,231.9309082813,234.2036061076,39435294,216.519493623943,191.65283934184743,,238.02832026398727,"rgba(38, 166, 154, 1.0)",10.179170975128146,221.02612912802715,1.1504766464958036,48.808933626352136,2.4738293231405066,False,True,False,True,False,0.048522192231306605,238.205682590502,215.2648204706865,0.0,0.0,0.0,0.0,0,0.9558650242546366,0.9172681945153238,False,False,False,False,-0.09863898610922651,-0.08338201103638582,False,False,False,False,1140006260,1078586255.1077604,False,False,False,False,46435596.42602576,False,False,False,False
2025-01-15 00:00:00+00:00,237.3163441312,238.4038070946,233.8843509256,234.0888737766,39831969,216.5974847019591,191.71955276894428,,237.92353886505393,"rgba(0, 255, 255, 0.75)",10.1327492871022,221.0529088856419,1.6050367757800483,48.15041123527446,1.9187830101938772,False,True,False,True,False,3.1219781617209534,238.44928565989002,215.59908397277502,0.0,0.0,0.0,0.0,0,0.9812277747984002,0.8824122229189432,False,False,False,False,-0.05655790743710638,-0.0699699592367461,False,False,False,False,1179838229,1082556920.7505934,False,False,False,False,46176630.64461299,False,False,False,False
2025-01-16 00:00:00+00:00,227.7287119494,237.4560182733,227.4992472874,236.7975544606,71759052,216.6971488714277,191.82417760307973,,237.52809415701876,"rgba(38, 166, 154, 0.5)",10.125043561740712,221.01434385494366,0.6631446130096454,46.125266615030576,0.0005246340942619554,False,True,False,True,False,0.0,238.56093056769203,215.8926163434445,0.0,0.0,0.0,0.0,0,0.9779217885842167,0.8708950371622108,False,False,False,False,-0.12115461803899677,-0.09556228863787143,False,False,False,False,1108079177,1083557793.5446877,False,False,False,False,47179862.85462817,False,False,False,False
2025-01-17 00:00:00+00:00,229.4447085521,231.7493318966,227.9481998869,231.574739219,68488301,216.78318032902183,191.9205121793895,,237.1650171343734,"rgba(38, 166, 154, 0.5)",10.141831404748672,220.973810730426,0.8352434075868871,44.84682113030711,-1.1917422085212763,False,True,False,True,False,0.0,238.724833752162,216.200643431674,0.0,0.0,0.0,0.0,0,0.9822574171976441,0.8857122225929053,False,False,False,False,-0.186189319233774,-0.14087580393582272,False,False,False,False,1176567478,1087205232.1507785,False,False,False,False,48015487.87993687,False,False,False,False
2025-01-21 00:00:00+00:00,222.121792817,223.8976497664,218.8693806512,223.4786273401,98070429,216.82861645247607,192.02828061252617,,233.83241306324607,#000000,10.192784561451207,221.72877086950479,0.038558839846533265,42.879768399891844,-3.069593023528377,False,True,False,True,False,0.0,238.71357727054598,216.46802994544404,0.0,0.0,0.0,0.0,0,0.9469472906967324,0.9053708599539154,False,False,False,False,-0.34282825441539394,-0.24185202917560833,False,False,False,False,1078497049,1086863734.7723167,True,False,False,False,49978426.74739032,True,False,False,False
2025-01-22 00:00:00+00:00,223.3090230247,223.5983480333,219.2784263531,219.2784263531,64126500,216.8605025792967,192.09934971752128,,233.43746599016458,#000000,10.230763662489545,221.62365425102044,0.16473538332811416,41.530582450420525,-4.346556228800743,False,True,False,True,False,0.0,238.740615383716,216.74547801334,0.0,0.0,0.0,0.0,0,0.9484455029297906,0.9160465185103619,False,False,False,False,-0.3417266346088063,-0.29178933189220735,False,False,False,False,1142623549,1089050394.1537945,False,False,False,False,50533253.14945345,False,False,False,False
2025-01-23 00:00:00+00:00,223.1394187093,226.5015748439,221.7825841862,224.2169049483,60234760,216.90003702080747,192.16967215913917,,233.22499486646765,#000000,10.256872621881707,221.5746042418541,0.15256253296034605,40.405680905839304,-5.420438917451165,False,True,False,True,False,0.0,238.669387499062,217.01830058213352,0.0,0.0,0.0,0.0,0,0.9527937248487576,0.9192656546791472,False,False,False,False,-0.2883676194353356,-0.2900784756637715,False,False,False,False,1082388789,1088789154.7359986,False,False,False,False,50913704.3984945,False,False,False,False
2025-01-24 00:00:00+00:00,222.2614669591,225.104833423,220.8946557115,224.256811846,54697907,216.9301300051525,192.23114197082097,,232.95003392565,#000000,10.311736890100013,221.5047183324275,0.07338711554976113,39.3728195744226,-6.422727937388515,False,True,False,True,False,0.0,238.58598208278804,217.29234990481302,0.0,0.0,0.0,0.0,0,0.9398679924006339,0.9309121614806604,False,False,False,False,-0.310701717907796,-0.30039009678578377,False,False,False,False,1027690882,1086393144.0404694,False,False,False,False,51062104.50051432,False,False,False,False
2025-01-27 00:00:00+00:00,229.3249878589,231.6096577545,223.4586738912,223.498580789,94863418,217.0291151557205,192.3558455028436,,232.97654675093605,"rgba(38, 166, 154, 0.5)",10.19952164498895,221.55519701595526,0.7617799259009413,40.06371487135681,-6.422727937388515,False,True,False,True,True,0.0,238.69831999992402,217.59565298648948,0.0,0.0,0.0,0.0,0,0.9679269281026157,0.8905456789822149,False,False,False,False,-0.22357793214120894,-0.26198401446349634,False,False,False,False,1122554300,1087811228.587902,False,False,False,False,52779803.0691216,False,False,False,False
2025-01-28 00:00:00+00:00,237.7054363842,239.6309442001,230.2727766802,230.312683578,75707569,217.16106148761364,192.47614137512716,,233.40284497073608,"rgba(0, 255, 255, 0.75)",10.130884120398644,221.74770640418623,1.5751566981091716,42.07005361683915,-6.422727937388515,False,True,False,True,True,3.4495362081328445,238.97826688756598,217.950252300955,0.0,0.0,0.0,0.0,0,0.986177661142297,0.8555576238203939,False,False,False,False,-0.08739755347255454,-0.17469078396802545,False,False,False,False,1198261869,1092142626.2511215,False,False,False,False,53678931.14484232,False,False,False,False
2025-01-29 00:00:00+00:00,238.802876072,239.2967239315,233.4653284994,233.5750724682,45486100,217.2449764961639,192.55028389762728,,233.6433902347688,"rgba(0, 255, 255, 0.75)",10.1069009903075,221.86406929818918,1.6759644514233503,43.87977350873062,-10.37796175117009,False,True,False,True,True,4.065920657980936,239.26240399946997,218.27425396275848,0.0,0.0,0.0,0.0,0,1.0023234210574814,0.8626435715813122,False,False,False,False,-0.06167689872071454,-0.11818384134436999,False,False,False,False,1243747969,1098087933.8099012,False,False,False,False,53357643.64896615,False,False,False,False
2025-01-30 00:00:00+00:00,237.036995847,240.2295476662,236.6578803185,238.1094937238,55658279,217.35071769725172,192.64226588163197,,233.91928937881147,"rgba(38, 166, 154, 1.0)",10.071088521013928,222.00491575338637,1.492597355514082,45.066041183511445,-9.208141701338384,False,True,False,False,True,2.963155253107786,239.449367815378,218.58192097203752,0.0,0.0,0.0,0.0,0,1.006386671061234,0.8679101078179876,False,False,False,False,-0.02468917677144972,-0.07143650905790985,False,False,False,False,1188089690,1101617414.444807,False,False,False,False,53447864.64312434,False,False,False,False
2025-01-31 00:00:00+00:00,235.4506966619,246.6146513045,232.8966552066,246.6146513045,101075128,217.54318454532105,192.8096228193656,,235.0139029801804,"rgba(38, 166, 154, 1.0)",10.016236163437593,223.8979666538242,1.15340032119519,45.77390202108414,-8.492097436253154,False,True,False,False,True,1.9789994778711844,239.668855752944,218.90084209492946,0.0,0.0,0.0,0.0,0,0.999065913604733,0.844535533663317,False,False,False,False,-0.0012051955769677293,-0.03632085231743879,False,False,False,False,1087014562,1101044753.5646186,False,False,False,False,55315600.46104103,False,False,False,False
2025-02-03 00:00:00+00:00,227.4792938385,231.2904025726,225.174670494,229.4546852766,73063301,217.61198166469936,192.90252675955654,,233.96811854551348,#000000,10.044191345064649,223.65501231699537,0.3807455861923377,45.17811286773983,-8.492097436253154,False,True,False,True,True,0.0,239.66865621845602,219.19635811240198,0.0,0.0,0.0,0.0,0,0.9616743959957158,0.9042852791170977,False,False,False,False,-0.21048146632001338,-0.12340115931872608,False,False,False,False,1013951261,1097629322.4836533,False,False,False,False,56011588.7174708,False,False,False,False
2025-02-04 00:00:00+00:00,232.2581448428,232.5873767491,226.1224593153,226.7210627814,45067301,217.66344651062394,192.96339625553063,,233.77045791802053,"rgba(38, 166, 154, 0.5)",10.047559429836635,223.62691745703228,0.8590372066013301,45.49659256237934,-8.492097436253154,False,True,False,False,True,0.08520884826111441,239.75884580734797,219.522627488824,0.0,0.0,0.0,0.0,0,0.9600031243891203,0.9019507406504218,False,False,False,False,-0.1895797406332525,-0.1564904499759893,False,False,False,False,1059018562,1096115175.0137062,False,False,False,False,55582400.9638445,False,False,False,False
2025-02-05 00:00:00+00:00,231.9289129364,232.1284474251,227.7386886738,227.9980835091,39664989,217.70937870604251,193.0172001946584,,233.65486606973226,"rgba(38, 166, 154, 0.5)",10.042025262079317,223.61774101477795,0.8276390175004523,45.709601081108765,-8.384200352588074,False,False,False,False,True,0.0,239.828084274926,219.85202225627302,0.0,0.0,0.0,0.0,0,0.9689336241232153,0.9025307147749595,False,False,False,False,-0.17886845396650622,-0.16767945197124776,False,False,False,False,1019353573,1093104916.111208,False,False,False,False,54958188.72996825,False,False,False,False
2025-02-06 00:00:00+00:00,232.677167269,233.2558172862,229.8886727895,230.7466710909,29925349,217.74740233053475,193.05913675422596,,233.63003086221187,"rgba(38, 166, 154, 0.5)",10.03522591347171,223.6300643854025,0.901534550552796,46.01184602978523,-7.983222796655319,False,False,False,False,True,0.33181068026250315,239.921865484612,220.1952978403225,0.0,0.0,0.0,0.0,0,0.9779877430377919,0.8985602120004123,False,False,False,False,-0.14874599393366392,-0.15821272295245584,False,False,False,False,1049278922,1091386249.6754744,False,False,False,False,53976508.74055773,False,False,False,False
2025-02-07 00:00:00+00:00,227.10017831,233.4553517749,226.7310395059,232.0586103541,39707224,217.7874917806958,193.11058062962354,,233.47968400387185,#000000,10.08430496872156,223.606621451318,0.3464350661268112,45.4490008577782,-7.983222796655319,False,False,False,True,False,0.0,239.87716975914398,220.506513372838,0.0,0.0,0.0,0.0,0,0.9569830522530145,0.9015755973505055,False,False,False,False,-0.17592084980178466,-0.16706678637712025,False,False,False,False,1009571698,1088177835.8842793,False,False,False,False,53416928.946810365,False,False,False,False
2025-02-10 00:00:00+00:00,227.3695498697,230.3009341388,226.9201042407,229.2871845534,33115645,217.81807031508657,193.15230374548403,,233.34092173487215,#000000,10.130634789606647,223.58101612646033,0.3739680505634701,45.038025379195716,-7.983222796655319,False,False,False,True,False,0.0,239.778001118262,220.81380717607652,0.0,0.0,0.0,0.0,0,0.9511900131956105,0.9235602709057639,False,False,False,False,-0.20342303942575474,-0.1852449129014375,False,False,False,False,1042687343,1086393894.9868565,False,False,False,False,52620800.164582506,False,False,False,False
2025-02-11 00:00:00+00:00,232.33342715,234.9402117982,227.8489585406,227.9188723051,53718362,217.88394257527403,193.22653302913412,,233.31968962783722,"rgba(38, 166, 154, 0.5)",10.137625474321057,223.60753015382193,0.8607436739778035,45.57922574479187,-7.983222796655319,False,False,False,True,False,0.2323688664513206,239.734411969962,221.135383191566,0.0,0.0,0.0,0.0,0,0.9419104927674675,0.9154172245474621,False,False,False,False,-0.15199790230485496,-0.16862140760314623,False,False,False,False,1096405705,1086786514.987372,False,False,False,False,52663841.80518711,False,False,False,False
2025-02-12 00:00:00+00:00,236.5781914238,236.6680805496,230.395817105,230.9151764985,45243292,217.95023767763936,193.29342728224822,,233.41260776424596,"rgba(38, 166, 154, 1.0)",10.116698140603464,223.66892482366353,1.2760355622675952,46.69515462474447,-6.8831739202357625,True,False,False,False,True,2.6066814697557703,239.77831205548998,221.4738588107305,0.0,0.0,0.0,0.0,0,0.950617564642979,0.9107840336208403,False,False,False,False,-0.11306635065323307,-0.14084387912818966,False,False,False,False,1141648997,1088937984.8702202,False,False,False,False,52372839.852042526,False,False,False,False
2025-02-13 00:00:00+00:00,241.2324506041,242.0413528595,235.2797929401,236.6181421464,53614054,218.05144255060657,193.38193548087983,,233.7189726093884,"rgba(0, 255, 255, 0.75)",10.112703358623003,223.81407535489012,1.7224252142585983,48.27667435471014,-5.2380489551505605,True,False,True,False,True,5.090563630756677,239.86740904733801,221.838538241244,0.0,0.0,0.0,0.0,0,0.9686677250742929,0.899674939695295,False,False,False,False,-0.02080617341004539,-0.08082502626911753,False,False,False,False,1195263051,1093107595.306682,False,False,False,False,52421514.91666831,False,False,False,False
2025-02-14 00:00:00+00:00,244.298668562,245.2474982232,240.6931158493,240.9527955461,40896227,218.1418969007971,193.4549019231089,,234.04563410778988,"rgba(0, 255, 0, 1.0)",10.140509402928927,223.96160709247192,2.0055266122680213,49.97851308684568,-3.500597911433651,True,False,True,False,True,6.666691097135171,239.972735603898,222.1976732278525,0.0,0.0,0.0,0.0,0,0.9770166636288813,0.8991596083906578,False,False,False,False,0.056385156778792994,-0.012219934745162267,False,False,False,False,1236159278,1098717465.216224,False,False,False,False,51969542.84150485,False,False,False,False
2025-02-18 00:00:00+00:00,244.1688287136,244.8779540393,241.5420687041,243.849222933,48822491,218.24953526582817,193.54193459252693,,234.39996398035115,"rgba(0, 255, 255, 0.75)",10.175618654978734,224.1285196284342,1.9694438013712772,51.34742310477862,-2.109118111675002,True,False,True,False,True,6.587211340808121,240.01440780994798,222.571915072793,0.0,0.0,0.0,0.0,0,0.9736897958636266,0.9076097339538548,False,False,False,False,0.06068972026954066,0.024234892762189198,False,False,False,False,1187336787,1102192732.7371564,False,False,False,False,51846129.04379878,False,False,False,False
2025-02-19 00:00:00+00:00,244.5683359394,245.7069315328,242.8608420564,244.3585946458,32204215,218.322405284759,193.600149863455,,234.63255999112306,"rgba(0, 255, 255, 0.75)",10.213774721251523,224.2402549927794,1.9902613383790915,52.52331189100703,-0.9156590535900762,True,False,True,False,True,6.79561934769292,240.056886918922,222.953273929983,0.0,0.0,0.0,0.0,0,0.9698923491898872,0.9095241374156853,False,False,False,False,0.0800040600465021,0.052119476404345645,False,False,False,False,1219541002,1106794625.6494248,False,False,False,False,51075857.90482628,False,False,False,False
2025-02-20 00:00:00+00:00,245.5271532812,246.4759829424,243.989050462,244.6382497039,32316907,218.39777975705445,193.659527733432,,234.87159255502812,"rgba(0, 255, 0, 1.0)",10.234670371398185,224.3560716782983,2.0685650670359066,53.62339224871183,0.20004052303332287,True,False,True,False,True,7.300683513517178,240.117943771266,223.320887411815,0.0,0.0,0.0,0.0,0,0.9708275628696309,0.908293485004083,False,False,False,False,0.09711500702650132,0.07461724171542349,False,False,False,False,1251857909,1112483381.8592513,False,False,False,False,50340212.77130368,False,False,False,False
2025-02-21 00:00:00+00:00,245.2474982232,248.3836299455,244.9179047619,245.6470054489,53197431,218.52484037949537,193.75858169683963,,235.2628813332793,"rgba(0, 255, 0, 1.0)",10.19489824673379,224.5491922702376,2.0302611612228376,54.46479580730437,1.0630870594489323,True,False,True,False,True,7.119698607620876,240.177398212224,223.63565933889498,0.0,0.0,0.0,0.0,0,0.9745360027901736,0.90190147428926,False,False,False,False,0.12280606034510558,0.09871165103026452,False,False,False,False,1198660478,1115862875.825555,False,False,False,False,50452260.54497805,False,False,False,False
2025-02-24 00:00:00+00:00,246.7955887231,248.5534205165,244.1188903104,244.6232681829,51326396,218.64768087494267,193.85435459366226,,235.61603699320602,"rgba(0, 255, 0, 1.0)",10.112422648695354,224.72968177368134,2.18205940514813,55.38991607376447,2.012001617430478,True,False,True,False,True,7.952552376031569,240.1897964781,223.9664722283005,0.0,0.0,0.0,0.0,0,0.972698609896934,0.9105338147574676,False,False,False,False,0.1170942300377284,0.10790294053399646,False,True,False,False,1249986874,1121122640.459847,False,False,False,False,50486540.366743624,False,False,False,False
2025-02-25 00:00:00+00:00,246.7356626392,249.6920161099,244.6082866619,247.694479981,48013272,218.76375807127113,193.94451749148317,247.01198847033336,238.1868553340138,"rgba(0, 255, 255, 0.75)",9.998479504751646,226.90320738628876,1.9835471226886179,56.13305412782843,2.7858980505682283,True,False,True,False,True,7.9123697978601975,240.18064370445,224.29355593532247,-1.0,249.69202,244.60829,0.0,0,0.9615672319207361,0.9106358829715274,False,True,False,False,0.13188901008084594,0.1198959753074212,False,False,False,False,1201973602,1124293266.4025981,False,False,False,False,50389549.45040074,False,False,False,False
2025-02-26 00:00:00+00:00,240.0638919687,244.6782004264,238.8354072495,244.0290011846,44433564,218.84838095166066,194.0185656330477,244.2149147158815,237.74432053165947,"rgba(38, 166, 154, 1.0)",9.851035351715163,226.8489713093969,1.3414753056390432,55.33428190786256,2.7858980505682283,True,False,True,False,False,3.58761688092984,240.063595931944,224.585590864836,0.0,0.0,0.0,0.0,0,0.930308249213656,0.9318224178801039,False,False,False,False,0.03462198769941508,0.07725898150341814,False,False,False,False,1157540038,1125597061.3672023,False,False,False,False,50155981.393522285,False,False,False,False
2025-02-27 00:00:00+00:00,237.0076616915,242.1613049041,236.7679573561,239.1150623075,41153639,218.91732076488165,194.08324957548868,242.49938288906526,237.4498360609165,"rgba(38, 166, 154, 1.0)",9.677337652127951,226.8173762975563,1.0530050474887536,54.124019974731596,2.7858980505682283,True,False,True,False,False,1.7171361334847077,239.856091984054,224.8532488747105,0.0,0.0,0.0,0.0,0,0.9255409922946531,0.9340566674131666,False,False,False,False,-0.006413526125193386,0.03542272768911238,False,False,False,False,1116386399,1125235858.9214296,False,False,False,False,49802948.3584822,False,False,False,False
2025-02-28 00:00:00+00:00,241.5420687041,241.7917607202,229.916408434,236.658092869,56833360,219.00745514833974,194.17048168141602,241.08199358208302,237.2046934986177,"rgba(0, 255, 255, 0.75)",9.596189801240795,226.80886767105548,1.5353178019821465,53.92528547270343,2.7858980505682283,True,False,True,False,False,4.265937977931252,239.73588409010802,225.149891283408,0.0,0.0,0.0,0.0,0,0.9020040057252486,0.9392881993092914,False,False,False,False,-0.07114897300440394,-0.01786312265764578,False,False,False,False,1173219759,1127117580.4931383,False,False,False,False,50078650.77579662,False,False,False,False
2025-03-03 00:00:00+00:00,237.7367623786,243.7265742146,235.821125231,241.4921303009,47183985,219.08695541619872,194.24486541834855,240.68739885093703,237.1852945463324,"rgba(38, 166, 154, 1.0)",9.498410672592403,226.85316977143083,1.1458330222100939,53.08885286101254,2.7858980505682283,True,False,False,False,False,1.9733958059624186,239.481505533442,225.411430954909,0.0,0.0,0.0,0.0,0,0.9188655877136289,0.9406766560821405,False,False,False,False,-0.0008795442869787824,-0.009371333472312282,False,False,False,False,1126035774,1127075156.7090936,False,False,False,False,49965134.470863424,False,False,False,False
2025-03-04 00:00:00+00:00,235.6393494433,239.77424923,234.3908893627,237.4121627576,53798062,219.1656348141279,194.3246778615717,239.93310346817844,237.0378812257543,"rgba(38, 166, 154, 0.5)",9.34997649218612,226.85963727866147,0.9390090094853012,52.05410635181305,5.212250704681729,True,False,False,False,False,0.741335594215105,239.13649230282797,225.656759835292,0.0,0.0,0.0,0.0,0,0.9070800432833859,0.9628238254546596,False,False,False,False,-0.049083105541998476,-0.02922721950715538,False,False,False,False,1072237712,1124924668.6812859,False,False,False,False,50115445.35435898,False,False,False,False
2025-03-05 00:00:00+00:00,235.449583511,236.2585856432,228.9476034115,235.1299777304,47227643,219.2221456066673,194.38945904273493,239.0431763480999,236.80041414281612,"rgba(38, 166, 154, 0.5)",9.197207285057408,226.82500784343569,0.9377385330410619,51.175459134395346,4.297899816071876,True,False,False,True,False,0.6295743641732052,238.89603098093002,225.88974220466548,0.0,0.0,0.0,0.0,0,0.8957058736364565,0.9764450948568075,False,False,False,False,-0.12993647529010224,-0.07958184739862881,False,False,False,False,1025010069,1121006449.0859413,False,False,False,False,50002198.20320764,False,False,False,False
2025-03-06 00:00:00+00:00,235.0400886046,237.5669718076,232.8708642454,234.1461911869,45170419,219.2817973133282,194.45375335662027,238.58609042543955,236.6863726397418,"rgba(38, 166, 154, 0.5)",9.060576726401823,226.82650063982902,0.9065193323552134,50.384475774885075,3.4705015768645,False,False,False,True,False,0.38464250813197864,238.61266075987197,226.12007984109601,0.0,0.0,0.0,0.0,0,0.9112216259254723,0.9642006431398208,False,False,False,False,-0.08258357328361937,-0.08108271034112409,False,False,False,False,979839650,1115470496.1806102,False,False,False,False,49812716.665826954,False,False,False,False
2025-03-07 00:00:00+00:00,238.7754811656,241.0726477138,234.4707908079,234.8153657901,46273565,219.35370119309843,194.5241611781195,238.53446997772556,236.71040504890752,"rgba(38, 166, 154, 1.0)",8.968053270726681,226.8751151350685,1.3269731647755048,50.46048914629311,3.4705015768645,False,False,False,True,False,2.5681020656904323,238.31021718034597,226.3689451257285,0.0,0.0,0.0,0.0,0,0.9207388235879037,0.9621035518860117,False,False,False,False,-0.03672694045875381,-0.05890482539993895,False,False,False,False,1026113215,1111966289.075488,False,False,False,False,49673926.40442198,False,False,False,False
2025-03-10 00:00:00+00:00,227.1997592987,235.8690660981,223.9437754087,235.2498298981,71451281,219.410286222313,194.60982072952288,237.17674851614197,236.23248715758626,#000000,8.914324411448384,226.76355946401492,0.04893246134557167,48.7069091286351,1.7101454361464974,False,False,False,True,False,0.0,237.760695473364,226.554108531517,0.0,0.0,0.0,0.0,0,0.8541498042180641,0.9734071993249598,False,False,False,False,-0.17937004727510097,-0.11913743633751997,False,False,False,False,954661934,1105797490.8372338,False,False,False,False,50527940.31013092,False,False,False,False
2025-03-11 00:00:00+00:00,220.5679393509,225.5616797963,217.1821156124,223.5292866619,76137410,219.42080226104588,194.67977222074353,235.05835732195263,235.3800321258227,"rgba(239, 83, 80, 0.5)",9.06863678990795,226.50686976286548,-0.6548867872373758,46.483688543337024,-0.4964288985467604,False,True,False,True,False,0.0,237.02007376223798,226.699592766577,0.0,0.0,0.0,0.0,0,0.8245338871959839,1.0102784434426622,False,False,False,False,-0.34282825441539394,-0.23098284537645697,False,False,False,False,878524524,1096884825.471068,False,False,False,False,51532233.23914539,False,False,False,False
2025-03-12 00:00:00+00:00,216.7126946221,221.4768182895,214.6452447287,219.8688017058,62547467,219.41162047208337,194.72940367752526,233.3538727530999,234.633015192631,"rgba(239, 83, 80, 1.0)",9.336242406327047,226.26648760444795,-1.0233017274565905,44.25873787579049,-2.6713464086581595,False,True,False,True,False,0.0,236.185985328462,226.8330176504625,0.0,0.0,0.0,0.0,0,0.8114773891942227,1.0291250237447571,False,False,False,False,-0.34282825441539394,-0.2869055498959254,False,False,False,False,815977057,1085868834.550634,False,False,False,False,51964203.19055146,False,False,False,False
2025-03-13 00:00:00+00:00,209.4216877517,216.5722678323,208.1632399905,215.6839635158,61368330,219.37185488760468,194.76469851755152,231.43231702599437,228.88055156753893,"rgba(255, 0, 0, 1.0)",9.861720827878544,226.10136230817108,-1.6913553777874692,41.76037269478142,-5.084932933870014,False,True,False,True,False,0.0,235.27451708690202,226.94999565677253,0.0,0.0,0.0,0.0,0,0.807524800972796,1.0405150921711563,False,False,False,False,-0.34282825441539394,-0.3148669021556597,False,False,False,False,754608727,1072878242.0976679,False,False,False,False,52332992.4771965,False,False,False,False
2025-03-14 00:00:00+00:00,213.2269940772,213.6864273869,209.3218109453,210.9897536129,60107582,219.33663164189045,194.8005582186572,229.90505281660856,228.25322329550642,"rgba(239, 83, 80, 1.0)",10.213662840261444,225.85063043848928,-1.2359558523439704,40.43114851510267,-6.33715662067614,False,True,False,True,False,0.0,234.50679716352,227.07057101908603,0.0,0.0,0.0,0.0,0,0.8247700828054259,1.0398892292759336,False,False,False,False,-0.34282825441539394,-0.3288475782855268,False,False,False,False,814716309,1062754244.7212889,False,False,False,False,52637878.340835854,False,False,False,False
2025-03-17 00:00:00+00:00,213.7363657901,214.9548628287,209.7113304904,213.0472158256,48073426,219.31148409559242,194.83032645385754,228.88963556097522,227.8261257311011,"rgba(239, 83, 80, 1.0)",10.550285986294508,225.6733320067995,-1.1314353214885733,39.43814015709151,-7.270321277362349,False,True,False,True,False,0.0,233.784781813384,227.19364346843003,0.0,0.0,0.0,0.0,0,0.8309100075292944,1.035033577800477,False,False,False,False,-0.32569933701728154,-0.32727345765140414,False,False,False,False,862789735,1054912499.2420228,False,False,False,False,52458880.209822685,False,False,False,False
2025-03-18 00:00:00+00:00,212.4279796257,214.8849490642,211.2294579484,213.8961686804,42432426,219.28960539896812,194.85658789340405,228.0908747121054,227.4595349313973,"rgba(239, 83, 80, 1.0)",10.938248361665442,225.52056269824024,-1.19695426906057,38.49181406153367,-8.172699577635711,False,True,False,True,False,0.0,233.16769289903397,227.30868084092398,0.0,0.0,0.0,0.0,0,0.8594573037003601,1.0266927669887762,False,False,False,False,-0.3108872495126762,-0.3190803535820402,False,False,False,False,820357309,1045714256.4874336,False,False,False,False,52065685.92708454,False,False,False,False
2025-03-19 00:00:00+00:00,214.97483819,218.4905017768,213.486673774,213.9560947643,54385391,219.27388739967856,194.8953624080662,227.344600524065,227.2011269853932,"rgba(239, 83, 80, 0.5)",11.244653526943953,225.3927760689267,-0.9264792244566434,38.21338377852771,-8.440534101579374,False,True,False,True,False,0.0,232.611318345916,227.431475352812,0.0,0.0,0.0,0.0,0,0.8646962600061062,0.9961578968795995,False,False,False,False,-0.2521816407971712,-0.2856309971896057,False,False,False,False,874742700,1039009489.5663579,False,False,False,False,52156654.75347338,False,False,False,False
2025-03-20 00:00:00+00:00,213.8362425965,217.2219664582,211.9585586354,213.7263781095,48862947,219.25480985907612,194.92788257718055,226.67947597956945,226.88144732540292,"rgba(239, 83, 80, 0.5)",11.566932288078128,225.25128106298175,-0.9868682708765455,37.856603928031696,-8.811488812918967,False,True,False,True,False,0.0,231.99944822478002,227.5437988194425,0.0,0.0,0.0,0.0,0,0.856265948571928,1.010045633126047,False,False,False,False,-0.2799500695802883,-0.282790533384947,False,False,False,False,825879753,1030651460.6814027,False,False,False,False,52027489.743533246,False,False,False,False
2025-03-21 00:00:00+00:00,218.0011054253,218.570403222,211.0197166548,211.2993717129,94127768,219.22974352825563,194.9951196636604,225.70950758284462,226.4339136667307,"rgba(239, 83, 80, 0.5)",11.77772395367849,225.0363882119466,-0.5973380607591225,38.3643458812631,-8.811488812918967,False,True,False,True,True,0.0,231.526545482568,227.66808726711702,0.0,0.0,0.0,0.0,0,0.8605915724551494,1.0002169484993244,False,False,False,False,-0.2758576947898192,-0.2793241140873831,False,False,False,False,920007521,1026312482.654681,False,False,False,False,53678481.047708414,False,False,False,False
2025-03-24 00:00:00+00:00,220.4580748638,221.2071509121,218.3107235252,220.7277422412,44299483,219.232386049114,195.03284460608916,225.47796194489797,226.38817259202932,#000000,11.927907728813619,224.99382250735022,-0.38026347509324343,39.22426683547894,-8.811488812918967,False,True,False,True,True,0.0,231.09300493918,227.8030678728875,0.0,0.0,0.0,0.0,0,0.8861974292047046,0.9853205388496669,False,False,False,False,-0.17904796467731035,-0.22918603938234672,False,False,False,False,964307004,1023880895.2564582,False,False,False,False,53310677.20270024,False,False,False,False
2025-03-25 00:00:00+00:00,223.4743544184,223.8239232409,219.8088756219,220.4980255864,34493583,219.2408303553386,195.06493026159637,225.38292482318403,226.4116229832086,#000000,12.007960852505908,224.98303258591778,-0.12563983061311731,40.45212494981881,-8.811488812918967,False,True,False,True,True,0.0,230.83651766277,227.94556460322198,0.0,0.0,0.0,0.0,0,0.9192604097659981,0.9735507369502754,False,False,False,False,-0.13997115841256666,-0.1845785988974567,False,False,False,False,998800587,1022897353.7562048,False,False,False,False,52572751.93984925,False,False,False,False
2025-03-26 00:00:00+00:00,221.2570893153,224.7427898602,220.198395167,223.2346500829,34532656,219.24842447027382,195.09662132100007,225.28443109972898,226.4149478576716,#000000,12.11414878697597,224.96649856264017,-0.3062046960598829,41.14048399974428,-8.811488812918967,False,True,False,True,True,0.0,230.58457103403,228.08389325130452,0.0,0.0,0.0,0.0,0,0.9372669344118104,0.9598313151585384,False,False,False,False,-0.12764021238914894,-0.15610940564330283,False,False,False,False,964267931,1020598160.7069418,False,False,False,False,51865297.197110064,False,False,False,False
2025-03-27 00:00:00+00:00,223.5742312248,224.7128268183,220.2883841696,221.1172617863,37094774,219.25881800176907,195.1315786636725,225.20943949309424,226.43163392081206,#000000,12.177913999219388,224.95484512556033,-0.11337031127406727,42.10983642478099,-11.084643067589731,False,True,False,False,True,0.0,230.40131510621399,228.22181266917502,0.0,0.0,0.0,0.0,0,0.9289509317245712,0.964643195099936,False,False,False,False,-0.1270754481665292,-0.14159242690491602,False,False,False,False,1001362705,1019843829.1105912,False,False,False,False,51286060.993301824,False,False,False,False
2025-03-28 00:00:00+00:00,217.6315612414,223.5342805023,217.4118322672,221.3969168443,39818617,219.25964083730477,195.16450665760135,225.0269041987919,226.34182407207322,"rgba(239, 83, 80, 0.5)",12.335857474812743,224.90411895077426,-0.5895461847077368,42.07626976488479,-11.065733416482495,False,True,False,True,True,0.0,230.00761944841798,228.3487826055485,0.0,0.0,0.0,0.0,0,0.9172042676485882,0.9810071643423186,False,False,False,False,-0.16542943550617678,-0.1535109312055464,False,False,False,False,961544088,1017557564.7533132,False,False,False,False,50836357.30728999,False,False,False,False
2025-03-31 00:00:00+00:00,221.856350154,225.3420506989,215.9636185738,216.7376638237,65299321,219.2686612665714,195.22168907991366,224.8281274353574,224.1826850108796,#000000,12.373734803728514,225.41120508742134,-0.2872903767381663,42.77102009061075,-10.317899756801872,False,True,False,True,True,0.0,229.89017221251,228.42704702390347,0.0,0.0,0.0,0.0,0,0.9328075048761467,0.9721777556638598,False,False,False,False,-0.16201074653420225,-0.15776083886987433,False,False,False,False,1026843409,1017921715.5080853,False,False,False,False,51403532.35406293,False,False,False,False
2025-04-01 00:00:00+00:00,222.9150443023,223.4044406539,218.6303293059,219.5342144042,36412740,219.275317907184,195.254199112766,224.74186298466586,224.21356450323464,#000000,12.37537349246935,225.3939692254465,-0.20031111987488545,43.51425804724853,-9.523072239885813,False,False,False,False,True,0.0,229.75957892751399,228.481140164712,0.0,0.0,0.0,0.0,0,0.9407284970781465,0.9609431850759398,False,False,False,False,-0.15508982702685162,-0.15642533294836297,False,False,False,False,1063256149,1019699536.4293369,False,False,False,False,50815658.14409968,False,False,False,False
2025-04-02 00:00:00+00:00,223.6141819474,224.9125804312,220.7477176025,221.0423541815,35905904,219.2858082716187,195.28792489739226,224.6988425452458,224.3245878424933,#000000,12.376352773165731,225.40250468830715,-0.144495133072206,44.240583091992924,-8.746376099787,False,False,False,False,True,0.0,229.789426710122,228.532905724236,0.0,0.0,0.0,0.0,0,0.967582112358193,0.9477372872836258,False,False,False,False,-0.12087953813988328,-0.13865243554412313,False,False,False,False,1099162053,1022815713.5497551,False,False,False,False,50230961.9031546,False,False,False,False
2025-04-03 00:00:00+00:00,202.9396830135,207.2343856906,201.0020729685,205.2867879649,103419006,219.16357393598364,195.3172654429966,223.2341138904523,221.7357266466084,"rgba(255, 0, 0, 1.0)",12.814986875628268,224.50999277908832,-1.6832096649752373,42.44753791296452,-8.746376099787,False,False,False,True,False,0.0,229.38203990989803,228.49000880758797,0.0,0.0,0.0,0.0,0,0.9402333283707556,0.9537351030802246,False,False,False,False,-0.34282825441539394,-0.24074034497975855,False,False,False,False,995743047,1021754040.3517255,False,False,False,False,52316767.55401128,False,False,False,False
2025-04-04 00:00:00+00:00,188.1479279792,199.6337607202,187.1092091921,193.6511400142,125910913,218.902743205892,195.3017217555107,220.75754986425926,218.38514677266016,"rgba(255, 26, 202, 1.0)",13.770260331827146,223.2419761554234,-2.548539194652019,39.90114557435999,-7.095754938430993,False,True,False,True,False,0.0,228.682210095296,228.35234861444349,0.0,0.0,0.0,0.0,0,0.8918701874376758,0.9766139825847204,False,False,False,False,-0.34282825441539394,-0.29178429969757624,False,False,False,False,869832134,1015796318.5340108,False,False,False,False,55202812.47346182,False,False,False,False
2025-04-07 00:00:00+00:00,181.2364529732,193.910819711,174.4048794125,176.9817010187,160466286,218.4766496567604,195.23696317258722,217.3458471324801,214.47165338047589,"rgba(255, 26, 202, 1.0)",14.87808007273981,221.61510889948985,-2.7139695262343153,37.411874784358126,-9.51363311304226,False,True,False,True,False,0.0,227.861709815578,228.19197667142546,0.0,0.0,0.0,0.0,0,0.8630302697837606,0.989906364726042,False,False,False,False,-0.34282825441539394,-0.31730627705648506,False,False,False,False,709365848,1003779437.3365986,False,False,False,False,59330791.82744371,False,False,False,False
2025-04-08 00:00:00+00:00,172.2075896707,190.1005195451,169.0016440606,186.4699976309,120859491,218.1082298609848,195.16426603858778,214.7698636947783,202.69521194116507,"rgba(255, 26, 202, 1.0)",16.228408300327043,218.77434548637524,-2.869459219530285,34.90983185951118,-11.91353165270342,False,True,False,True,False,0.0,226.719361851814,228.0094050891935,0.0,0.0,0.0,0.0,0,0.8488578148373757,1.021848440965445,True,False,False,False,-0.34282825441539394,-0.3300672657359395,False,False,False,False,588506357,987494218.4998692,False,False,False,False,61743681.99107337,True,False,False,False
2025-04-09 00:00:00+00:00,198.6050296138,200.3628614072,171.6782425965,171.7381686804,184395885,217.7343564885207,195.13418031797323,212.5851748829047,202.83518714731161,"rgba(239, 83, 80, 1.0)",16.547107776563653,218.16490001068095,-1.1820718557586471,36.07740728647916,-11.91353165270342,False,True,False,True,True,0.0,225.937353716406,227.96972067268248,0.0,0.0,0.0,0.0,0,0.8477809017165873,1.0174176139802367,False,False,False,False,-0.2734537972505592,-0.30176053149324933,False,False,False,False,772902242,979078846.8724234,False,False,False,False,66553572.30514892,False,False,False,False
2025-04-10 00:00:00+00:00,190.1854148306,194.5399437148,182.7745557925,188.8320841033,121879981,217.48348136302468,195.11029737534116,211.28445960408578,202.2180467428263,"rgba(255, 0, 0, 1.0)",17.047188897642673,217.59318809696074,-1.6077591109552827,36.48916753248004,-11.91353165270342,False,True,False,True,True,0.0,224.96500449157801,227.88470303252802,0.0,0.0,0.0,0.0,0,0.8614386746937105,1.020600899886389,False,False,False,False,-0.24593360697588904,-0.2738470692345692,False,False,False,False,651022261,966213882.7205637,False,False,False,False,68723235.39122151,False,False,False,False
2025-04-11 00:00:00+00:00,197.9058919687,199.2941795783,185.8307860697,185.8707367922,87435915,217.33861324125238,195.1081024598968,210.6353080892806,202.16113599013187,"rgba(239, 83, 80, 1.0)",17.20446813262104,217.33290329745554,-1.1291840688710624,37.55952301964587,-11.91353165270342,False,True,False,True,True,0.0,224.18238241401204,227.8336590253765,0.0,0.0,0.0,0.0,0,0.8645060286475316,1.0105978270056954,False,False,False,False,-0.2058218287581735,-0.23983444899637135,False,False,False,False,738458176,957282286.3785808,False,False,False,False,69457065.96411479,False,False,False,False
2025-04-14 00:00:00+00:00,202.2705084103,212.6776716418,200.9142812556,211.1795195451,101352911,217.25178804811122,195.14177173288468,210.40787163882638,202.8706418281934,"rgba(239, 83, 80, 0.5)",17.21540535886064,217.3384017391386,-0.8752563773401506,38.828945752464804,-14.55822157763518,False,True,False,True,True,0.0,223.51877864898,227.783633599108,0.0,0.0,0.0,0.0,0,0.904112285598121,0.9937983332362832,False,False,False,False,-0.06408346834776299,-0.15195895867206716,False,False,False,False,839811087,952675572.67746,False,False,False,False,70707883.41650245,False,False,False,False
2025-04-15 00:00:00+00:00,201.8909765458,203.2592887941,199.5538592751,201.6063276475,51343872,217.1947534845191,195.15252143610104,210.2214388726784,203.0124748313039,"rgba(239, 83, 80, 0.5)",17.13972842939382,217.27084299973748,-0.8973226452970956,39.8397294771155,-13.573176189722062,False,False,False,True,True,0.0,223.007012303126,227.727479933104,0.0,0.0,0.0,0.0,0,0.9209418958378545,0.9892974090988699,False,False,False,False,-0.11714801279081737,-0.13455348573144227,False,False,False,False,788467215,946236029.2391281,False,False,False,False,69948510.41977687,False,False,False,False
2025-04-16 00:00:00+00:00,194.0306718787,200.452750533,192.1330125563,198.1156332623,59732423,217.10352017785226,195.15327172479,209.8698165135685,202.89876762077535,"rgba(239, 83, 80, 1.0)",17.190098390313103,217.0909977761453,-1.3414888835331018,40.10270468972955,-13.30480922957549,False,False,False,True,True,0.0,222.242462843844,227.6493452376905,0.0,0.0,0.0,0.0,0,0.8970858337008143,0.9960458397161882,False,False,False,False,-0.1681082105152554,-0.15133084812334885,False,False,False,False,728734792,937706568.9552407,False,False,False,False,69547879.54056995,False,False,False,False
2025-04-17 00:00:00+00:00,196.7373333333,198.5885499408,194.1804870884,196.9570623075,52164675,217.02800321864459,195.15555579390062,209.59597054618817,202.83028728039864,"rgba(239, 83, 80, 1.0)",17.214525035674246,216.94847135829914,-1.1740746830432391,40.58232392950176,-12.801136112302054,True,False,False,True,True,0.0,221.538631251782,227.5542338990425,0.0,0.0,0.0,0.0,0,0.8981229928756824,0.999507285418485,False,False,False,False,-0.16718813504238306,-0.15925949158286595,False,False,False,False,780899467,931557270.8393489,False,False,False,False,68866185.24486132,False,False,False,False
2025-04-21 00:00:00+00:00,192.9220393272,193.5612508884,189.577364833,193.0269099739,46742537,216.94613135464635,195.1508056515859,209.27915986409613,202.63424035367802,"rgba(239, 83, 80, 1.0)",17.368310102901937,216.76947496264012,-1.3730429439681433,40.698484072258644,-12.63514253263385,True,False,False,True,True,0.0,220.74352869294603,227.4225265103005,0.0,0.0,0.0,0.0,0,0.8775679049654612,1.0068845971761629,False,False,False,False,-0.21595640582016734,-0.18760794870151665,False,False,False,False,734156930,923816081.0025117,False,False,False,False,67998591.19604324,False,False,False,False
2025-04-22 00:00:00+00:00,199.4939331912,201.3416541104,195.7285775882,195.8783927979,52976371,216.87925180635094,195.15715469506307,209.0704583914129,202.63969627014052,"rgba(239, 83, 80, 0.5)",17.377233412357093,216.6586298906121,-0.9877692433598865,41.44235788009882,-11.839883589081786,True,False,False,True,True,0.0,220.19140379057,227.317307834492,0.0,0.0,0.0,0.0,0,0.8941069662430339,0.9919364775479118,False,False,False,False,-0.14567210442065712,-0.1666400265610869,False,False,False,False,787133301,918455971.9828054,False,False,False,False,67409484.5216886,False,False,False,False
2025-04-23 00:00:00+00:00,204.3479459844,207.7437574035,202.5491647003,205.7462212746,52929165,216.83509716535636,195.17377822194052,208.98828788384242,202.82266153081466,"rgba(239, 83, 80, 0.5)",17.391852345024763,216.62279366503353,-0.7057815025749654,42.50465044733675,-10.735015424242555,True,False,False,False,True,0.0,219.73097171286398,227.212518657734,0.0,0.0,0.0,0.0,0,0.9040733824808542,0.9671963852707366,False,False,False,False,-0.08027282174054005,-0.12345642415081348,False,False,False,False,840062466,915381716.8462248,False,False,False,False,66841628.854171395,False,False,False,False
2025-04-24 00:00:00+00:00,208.1133015873,208.5726350201,202.6899909974,204.6375887231,47310989,216.80107809263563,195.19099758198288,208.94471017905187,203.01151254918406,#000000,17.34744197528911,216.6048245674675,-0.48949712541269264,43.7158246590697,-9.493293546088744,True,False,False,False,True,0.0,219.24656920161,227.1191900719185,0.0,0.0,0.0,0.0,0,0.9029225652733538,0.9775525882219452,False,False,False,False,-0.07551020737053779,-0.09948331576067564,False,False,False,False,887373455,914283353.636569,False,False,False,False,66075721.408909775,False,False,False,False
2025-04-25 00:00:00+00:00,209.0221805259,209.4916015162,205.9459748875,206.1107716181,38222258,216.77823336719172,195.20695712615787,208.93384631706004,203.18761927363286,#000000,17.253802429642416,216.602606172222,-0.43934811918900024,44.79006293374629,-8.394447627799977,True,False,False,False,True,0.0,218.69544898365203,227.0261255288485,0.0,0.0,0.0,0.0,0,0.9040168103816504,0.9793935131512962,False,False,False,False,-0.05504158093663382,-0.07726244834865473,False,False,False,False,925595713,914726975.57239,False,False,False,False,64983428.726207435,False,False,False,False
2025-04-28 00:00:00+00:00,209.8811210614,211.239445629,207.2044226487,209.7412935323,38743074,216.75864092897984,195.22470002202965,208.94081483400933,203.3812966286025,#000000,17.18221871661453,216.6090843673882,-0.3915654559490924,45.750577457930106,-7.410971242400343,True,False,True,False,True,0.0,218.06842239279803,226.9159539287195,0.0,0.0,0.0,0.0,0,0.8943812641810113,0.9882408455467014,False,False,False,False,-0.040332031633269726,-0.05879723999096223,False,False,False,False,964338787,916672536.8048453,False,False,False,False,63954395.20753264,False,False,False,False
2025-04-29 00:00:00+00:00,210.9498028903,211.9785339967,208.1133015873,208.4359036721,36827633,216.74240680501956,195.24259641195835,208.95892376984756,203.5718933068003,#000000,17.082109856538132,216.62022711118226,-0.3319510451873091,46.641426091885485,-6.496633472875516,True,False,True,False,True,0.0,217.401445079364,226.83805213777552,0.0,0.0,0.0,0.0,0,0.8830159490691145,0.9943464532724933,False,False,False,False,-0.032276458862518974,-0.045536849426740605,False,False,False,False,1001166420,919986022.4203416,False,False,False,False,62890600.61115881,False,False,False,False
2025-04-30 00:00:00+00:00,212.2382136934,213.316883203,206.4158952618,209.0421558872,52286454,216.7206085960652,195.26845200035473,208.98940896272816,203.83292567365098,#000000,17.040869261487895,216.6357036556006,-0.25805549556904595,47.50042977383349,-5.612993105927082,True,False,True,False,True,0.0,216.76283277896,226.7518102551685,0.0,0.0,0.0,0.0,0,0.8777752676922538,0.990192552613999,False,False,False,False,-0.03403120442513984,-0.03978402692594023,False,False,False,False,1053452874,925220016.5999361,False,False,False,False,62474751.7244467,False,False,False,False
2025-05-01 00:00:00+00:00,213.0572035063,214.2956759062,208.6426486615,208.8224269131,57365675,216.70212333451815,195.29918391515338,209.04753369682487,203.57240682516365,#000000,17.013627647112145,216.69317860803022,-0.21370957312254255,48.2884675762928,-4.797506493893593,True,False,True,False,True,0.0,216.132610130298,226.650451509398,0.0,0.0,0.0,0.0,0,0.8808332733187717,0.9898936436427355,False,False,False,False,-0.018371548370710634,-0.02907778764832543,False,False,False,False,1110818549,932498390.4195465,False,False,False,False,62274395.77446839,False,False,False,False
2025-05-02 00:00:00+00:00,205.0970220327,206.7350016584,201.9109519071,205.8361104004,101010621,216.61914489131888,195.32910912767025,208.90061237438192,202.81209758286198,"rgba(239, 83, 80, 0.5)",17.06985535866338,216.34616490104116,-0.6590063378968195,48.085252014893825,-4.797506493893593,True,False,True,False,True,0.0,215.32400750532798,226.50720145182,0.0,0.0,0.0,0.0,0,0.8584885609891738,0.9949084771458453,False,False,False,False,-0.08837021215460003,-0.05872399990146273,False,False,False,False,1009807928,935530136.991329,False,False,False,False,63793463.4303716,False,False,False,False
2025-05-05 00:00:00+00:00,198.6449803364,203.8485619521,197.9658180526,202.8497938877,69018452,216.5424825017311,195.33971277936405,208.70832879246117,202.37197159938867,"rgba(239, 83, 80, 1.0)",17.163271212801714,216.10251230548616,-1.0171447944063805,47.3059530764776,-4.797506493893593,True,False,False,False,False,0.0,214.391957147592,226.361255477117,0.0,0.0,0.0,0.0,0,0.8451917095142536,1.003366010710372,False,False,False,False,-0.12209383320871435,-0.09040891655508854,False,False,False,False,940789476,935736385.5799043,False,False,False,False,63998364.94290605,False,False,False,False
2025-05-06 00:00:00+00:00,198.2654484719,200.4028121298,196.7772840559,197.9658180526,51216482,216.48029927578736,195.34482970113626,208.5441933479929,202.0884516457872,"rgba(239, 83, 80, 1.0)",17.3384277475872,215.92612374060667,-1.0185857406340852,46.63315770705694,-4.797506493893593,True,False,False,False,False,0.0,213.42135434256798,226.23680446419903,0.0,0.0,0.0,0.0,0,0.843967911176244,1.0119681296287677,False,False,False,False,-0.1451243578580585,-0.11776663720657352,False,False,False,False,889572994,933926056.4983395,False,False,False,False,63497114.63141954,False,False,False,False
2025-05-07 00:00:00+00:00,196.0082326463,199.1943027719,193.011928453,198.9246353945,68616943,216.38659036548327,195.34641163826484,208.2816392242748,199.22435254703092,"rgba(239, 83, 80, 1.0)",17.53125267717785,214.82944399064382,-1.0735805187980227,45.86870342048247,-4.797506493893593,True,False,False,True,False,0.0,212.40680574271,226.10042034220749,0.0,0.0,0.0,0.0,0,0.8342854300908411,1.0175024600738265,False,False,False,False,-0.1556280298932173,-0.1366973335498954,False,False,False,False,820956051,929495860.2042869,False,False,False,False,63697892.21450113,False,False,False,False
2025-05-08 00:00:00+00:00,197.2467050462,199.8035512912,194.4397672779,197.476421701,50478872,216.3218755473664,195.34931686741095,208.11208802396132,199.15988600332383,"rgba(239, 83, 80, 0.5)",17.723737929277235,214.70071907872793,-0.9847817713269305,45.40434490039721,-4.797506493893593,True,False,False,True,False,0.0,211.55046200425997,225.9719705859145,0.0,0.0,0.0,0.0,0,0.8553687492552555,1.0091023695520265,False,False,False,False,-0.13831390785662007,-0.13750562070325772,False,False,False,False,871434923,927218960.7060796,False,False,False,False,63179499.26491285,False,False,False,False
2025-05-09 00:00:00+00:00,198.2854238332,200.2928477659,197.2916496091,198.7548448235,36453923,216.27895204438298,195.35309305105153,208.00872839029628,199.20432757473242,"rgba(239, 83, 80, 0.5)",17.88797825354794,214.63711952627176,-0.9141164787489898,45.16295851761785,-2.0465966029824614,True,False,False,True,False,0.0,210.776017247094,225.8434884124585,0.0,0.0,0.0,0.0,0,0.8662480130780161,1.0018339356209995,False,False,False,False,-0.1196984939846671,-0.1286020573439624,False,False,False,False,907888846,926460916.9921157,False,False,False,False,62131437.45060255,False,False,False,False
2025-05-12 00:00:00+00:00,210.79,211.2679,206.75,210.97,63775814,216.25074438693207,195.38178848968323,208.0385352526344,200.34185185658757,#000000,17.908785065441403,214.8647267007199,-0.22752669630185637,46.448904751120054,-2.0465966029824614,True,False,False,False,True,0.0,210.160975873012,225.8097313025095,0.0,0.0,0.0,0.0,0,0.8853734226317963,0.9853320770331379,False,False,False,False,-0.007162205023032545,-0.06788213118349748,False,False,False,False,971664660,928233612.7963465,False,False,False,False,62195922.80548088,False,False,False,False
2025-05-13 00:00:00+00:00,212.93,213.4,209.0,210.43,51909332,216.23541121584685,195.4086171122178,208.09458030058454,201.12439956157192,#000000,17.919034076851897,215.0263245007472,-0.11698869993529692,47.72404547955475,-2.0465966029824614,True,False,True,False,True,0.0,209.66484062544,225.791900203659,0.0,0.0,0.0,0.0,0,0.875585464236517,0.9847319820423435,False,False,False,False,0.028785984583051004,-0.019548073300223238,False,False,False,False,1023573992,931972451.1964898,False,False,False,False,61792527.087618895,False,False,False,False
2025-05-14 00:00:00+00:00,212.33,213.94,210.5801,212.43,49325825,216.22258297207938,195.43481592726818,208.15341807588774,201.73462535660744,#000000,17.894007542227918,215.14942714450012,-0.15756264424537478,48.69402892829865,-4.019348769708131,True,False,True,False,True,0.0,209.19865363657402,225.7687298426975,0.0,0.0,0.0,0.0,0,0.8822742823071456,0.9737644182617663,False,False,False,False,0.040817613952692074,0.010634770326234418,False,False,False,False,974248167,933630322.4044706,False,False,False,False,61303636.80967306,False,False,False,False
2025-05-15 00:00:00+00:00,211.45,212.96,209.54,210.95,45029473,216.20808848021204,195.45729367706366,208.1934669485252,202.14740663473384,#000000,17.7748436475305,215.22163704052068,-0.21218960432570047,49.376307727023864,-3.317731921399023,True,False,True,False,True,0.0,208.71866196635398,225.7397658787765,0.0,0.0,0.0,0.0,0,0.8919312166985343,0.9673076931365818,False,False,False,False,0.029353273031860763,0.01999402167904759,False,False,False,False,929218694,933457317.3690012,False,False,False,False,60665434.30733295,False,False,False,False
2025-05-16 00:00:00+00:00,211.26,212.57,209.77,212.36,54737850,216.1901663859433,195.48433173202005,208.2390371347903,202.56729899681505,#000000,17.63183123384843,215.28873688794138,-0.228492255541063,49.90951876751456,-2.75791299547587,True,False,True,False,True,0.0,208.243060194262,225.70706470893649,0.0,0.0,0.0,0.0,0,0.8823447044687587,0.9713319779320613,False,False,False,False,0.028445620427688577,0.024219821053368083,False,False,False,False,874480844,931144514.4917854,False,False,False,False,60432980.02077088,False,False,False,False
2025-05-19 00:00:00+00:00,208.78,209.48,204.26,207.91,46140527,216.16405089034052,195.5017117971569,208.22979809424055,202.71234055259802,#000000,17.52209434114353,215.2766151129234,-0.3707670433932506,50.013999662020595,-2.60833982297482,True,False,True,False,True,0.0,207.64315057095,225.6456384758555,0.0,0.0,0.0,0.0,0,0.8620437317180611,0.9831913070835403,False,False,False,False,0.02807240236321707,0.026146111708292577,False,False,False,False,828340317,927112977.3352448,False,False,False,False,59872491.66701516,False,False,False,False
2025-05-20 00:00:00+00:00,206.86,208.47,205.03,207.67,42496635,216.13814754474691,195.51671750635845,208.21322296371898,202.8073301430967,#000000,17.4408255861795,215.25330872586014,-0.48124492068260627,49.84506149173471,-2.60833982297482,True,False,True,False,True,0.0,207.236355384976,225.59312725352348,0.0,0.0,0.0,0.0,0,0.8932717323074384,0.9786870815350686,False,False,False,False,0.08498387474285962,0.0555649932255761,False,False,False,False,785843682,921573004.9691569,False,False,False,False,59191085.523210645,False,False,False,False
2025-05-21 00:00:00+00:00,202.09,207.04,200.71,205.17,59211774,216.0888485832562,195.531074110866,208.13551951291373,202.75710599221372,"rgba(239, 83, 80, 0.5)",17.486674432656404,215.1558770636065,-0.7471905029126609,49.10209376355001,-2.60833982297482,True,False,False,False,False,0.0,206.86679659795797,225.5093003010505,0.0,0.0,0.0,0.0,0,0.9026689880958334,0.9600313191654508,False,False,False,False,0.040959396065739034,0.04826219464565756,False,False,False,False,726631908,913928256.0684056,False,False,False,False,59191896.836025916,False,False,False,False
2025-05-22 00:00:00+00:00,201.36,202.75,199.7,200.71,46742407,216.04413243849805,195.53943989047252,208.0512017209495,202.6527916363103,"rgba(239, 83, 80, 0.5)",17.485099280196422,215.05468576902777,-0.7832203609240196,48.40412518098185,-2.60833982297482,True,False,False,True,False,0.0,206.559742705516,225.47453140337,0.0,0.0,0.0,0.0,0,0.9056519279927979,0.9601703076990636,False,False,False,False,0.0005243596959764031,0.024393277170816983,False,False,False,False,679889501,904750265.6735662,False,False,False,False,58703681.54833863,False,False,False,False
2025-05-23 00:00:00+00:00,195.27,197.7,193.46,193.665,78432918,215.94051698229882,195.53928671947799,207.7972997090979,200.72169373968103,"rgba(239, 83, 80, 1.0)",17.561239702986498,213.79343038497018,-1.0547905898590997,47.11666713336528,-0.4358602096116755,True,False,False,True,False,0.0,206.27670895048198,225.419465898681,0.0,0.0,0.0,0.0,0,0.907356693556371,0.951403569527476,False,False,False,False,-0.08577084818865666,-0.030688785508919837,False,False,False,False,601456583,892856395.7647989,False,False,False,False,59477377.095462605,False,False,False,False
2025-05-27 00:00:00+00:00,200.21,200.74,197.43,198.3,56288475,215.88114680390865,195.54614047239193,207.67821045508026,200.92581422870902,"rgba(239, 83, 80, 0.5)",17.5459505785362,213.7477882320838,-0.7715619721763286,46.80331116437959,-0.7823842082273629,False,False,False,True,False,0.0,206.016369068938,225.37620956661598,0.0,0.0,0.0,0.0,0,0.9092949030868936,0.9307519310073831,False,False,False,False,-0.03212139761474374,-0.031405091561831786,False,False,False,False,657745058,883636343.3034343,False,False,False,False,59352322.11132681,False,False,False,False
2025-05-28 00:00:00+00:00,200.42,202.73,199.9,200.59,45339678,215.83813894546074,195.5538324910017,207.60243775881378,201.07136293115877,"rgba(239, 83, 80, 0.5)",17.580386530170692,213.71487705848585,-0.7562334898422045,46.57773577176313,-1.0522014893395593,False,False,False,True,False,0.0,205.750041753136,225.3166329690905,0.0,0.0,0.0,0.0,0,0.914111106380652,0.9284527068589565,False,False,False,False,0.00189684991042609,-0.014754120825702847,False,False,False,False,703084736,876555888.1150643,False,False,False,False,58802806.65598067,False,False,False,False
2025-05-29 00:00:00+00:00,199.95,203.81,198.51,203.575,51477938,215.78875790835076,195.56212529012075,207.51515466887105,201.13114710156452,"rgba(239, 83, 80, 0.5)",17.610229492775623,213.65077108182072,-0.778000711884039,46.33289091028062,-1.349237562048117,False,True,False,True,False,0.0,205.50048216062203,225.24012331202348,0.0,0.0,0.0,0.0,0,0.9069829955571438,0.9257933896174656,False,False,False,False,-0.00046688171033293526,-0.007610501268017891,False,False,False,False,651606798,867734355.1693755,False,False,False,False,58515556.90476574,False,False,False,False
2025-05-30 00:00:00+00:00,200.85,201.96,196.78,199.37,70819942,215.71734281560654,195.57153626824157,207.38325148542074,201.08232839172405,"rgba(239, 83, 80, 0.5)",17.564085232016346,213.52504591748811,-0.7216456621597157,46.276909589862846,-1.4689930392231645,False,True,False,True,False,0.0,205.217985396822,225.160448838679,0.0,0.0,0.0,0.0,0,0.8992093104287573,0.9424446970065495,False,False,False,False,-0.027771280037572448,-0.01769089065279517,False,False,False,False,722426740,862036017.319596,False,False,False,False,58998081.8104612,False,False,False,False
2025-06-02 00:00:00+00:00,201.7,202.13,200.12,200.28,35423294,215.68511415870287,195.57781688867837,207.3313906468122,201.11209410634666,"rgba(239, 83, 80, 0.5)",17.432172678530396,213.48181930042998,-0.6758663717770861,46.37090140818691,-1.4689930392231645,False,True,False,True,False,0.0,204.97526054489197,225.06638841842897,0.0,0.0,0.0,0.0,0,0.9110318610719038,0.938211198162019,False,False,False,False,-0.0010006273388546091,-0.009345758995824889,False,False,False,False,757850034,857950292.4835335,False,False,False,False,58073580.327698015,False,False,False,False
2025-06-03 00:00:00+00:00,203.27,203.77,200.955,201.35,46381567,215.64707246662746,195.58794693853906,207.27973727039276,201.2039703875742,"rgba(239, 83, 80, 0.5)",17.180356516687866,213.44554262993105,-0.5922777341696718,46.70921512872246,-1.4689930392231645,False,True,False,True,True,0.0,204.680638436386,224.9779357051025,0.0,0.0,0.0,0.0,0,0.9145977474900414,0.9366710294748425,False,False,False,False,0.017872985717584593,0.004263613360879852,False,False,False,False,804231601,855843677.1312381,False,False,False,False,57615070.001121625,False,False,False,False
2025-06-04 00:00:00+00:00,202.82,206.24,202.1,202.91,43603985,215.6144010192307,195.5988597262187,207.2430749231989,201.31817554858833,"rgba(239, 83, 80, 0.5)",16.83986894903168,213.42369304692096,-0.6296778840152849,46.914903712058276,-1.4689930392231645,False,True,False,False,True,0.0,204.32787693910998,224.87228437126353,0.0,0.0,0.0,0.0,0,0.8994577827279634,0.9380794298140135,False,False,False,False,0.045466520220210686,0.02486506679054527,False,False,False,False,760627616,852109713.949621,False,False,False,False,57065615.68735216,False,False,False,False
2025-06-05 00:00:00+00:00,200.63,204.75,200.15,203.5,55221235,215.56679322415314,195.6094540641732,207.17355211767207,201.3475838273917,"rgba(239, 83, 80, 0.5)",16.496070875031396,213.35756536020085,-0.7715513261685494,46.735334897465606,-1.4689930392231645,False,True,False,True,True,0.0,203.870989850742,224.749055815664,0.0,0.0,0.0,0.0,0,0.890557490687259,0.9489587898831909,False,False,False,False,0.019207807971817675,0.022036437381181474,False,False,False,False,705406381,846356642.0692438,False,False,False,False,56993287.03294619,False,False,False,False
2025-06-06 00:00:00+00:00,203.92,205.7,202.05,203.0,46607693,215.5328212974763,195.6212944813677,207.1382536591376,201.44680573305982,"rgba(239, 83, 80, 0.5)",16.086551896119474,213.33066633523168,-0.5850020809929947,47.1747093765862,-1.4689930392231645,False,True,False,False,True,0.0,203.524248064436,224.6430745198255,0.0,0.0,0.0,0.0,0,0.8909456085741261,0.9452237657807148,False,False,False,False,0.040959396065739034,0.03149791672346025,False,False,False,False,752014074,842656933.5175087,False,False,False,False,56586008.83557575,False,False,False,False
2025-06-09 00:00:00+00:00,201.45,206.0,200.02,204.39,72862557,215.47376800225507,195.6366145247618,207.0614272663755,201.50065381280723,"rgba(239, 83, 80, 0.5)",15.637635654693879,213.25438213146822,-0.7548700067023855,47.13091830081227,-1.4689930392231645,False,True,False,False,True,0.0,203.08176343994,224.52165384241403,0.0,0.0,0.0,0.0,0,0.8858518960869793,0.9445845395639143,False,False,False,False,0.02775249420521476,0.029625205464337508,False,False,False,False,679151517,836244956.399175,False,False,False,False,57224304.84202376,False,False,False,False
2025-06-10 00:00:00+00:00,202.67,204.35,200.57,200.6,54672608,215.42994261583027,195.64813198761541,207.0059176667841,201.53627487367598,"rgba(239, 83, 80, 0.5)",15.151661984296622,213.19720642806655,-0.694788891078556,47.31687195684877,-1.4689930392231645,False,True,False,False,True,0.0,202.782532215112,224.40688128108798,0.0,0.0,0.0,0.0,0,0.8942473346032052,0.9455815743915945,False,False,False,False,0.01936036335501198,0.024492784409674742,False,False,False,False,733824125,832228453.2070506,False,False,False,False,57124238.299199305,False,False,False,False
2025-06-11 00:00:00+00:00,198.78,204.5,198.41,203.5,60989857,215.37400196393193,195.65727616587827,206.9190643488342,201.48876946955443,"rgba(239, 83, 80, 0.5)",14.609407951114765,213.10102030272463,-0.9802601413174908,46.84030988854449,-1.4689930392231645,False,True,False,True,False,0.0,202.321005212032,224.281976693215,0.0,0.0,0.0,0.0,0,0.8914385235875242,0.9495018570371142,False,False,False,False,0.004031850796258217,0.014262317602966479,False,False,False,False,672834268,825977700.8459898,False,False,False,False,57275831.18942679,False,False,False,False
2025-06-12 00:00:00+00:00,199.2,199.68,197.3601,199.08,43904635,215.3290844892087,195.66140809047243,206.84051683746802,201.40473719501452,"rgba(239, 83, 80, 0.5)",14.014576226993444,213.01243422114513,-0.9855763026598721,46.532019405053184,-1.8214598326175775,False,True,False,True,False,0.0,201.846704325986,224.1476616675475,0.0,0.0,0.0,0.0,0,0.880810507690002,0.9568622895436152,False,False,False,False,-0.04074830500768761,-0.013242993702360567,False,False,False,False,716738903,821693826.4206569,False,False,False,False,56751470.5545473,False,False,False,False
2025-06-13 00:00:00+00:00,196.45,200.37,195.7,199.73,51447349,215.27284515130862,195.6642954752252,206.7365645061846,201.27333906729717,"rgba(239, 83, 80, 1.0)",13.624363903454757,212.89525651276,-1.2070476558975318,45.843743716967694,-2.5512646494737226,False,True,False,True,False,0.0,201.30342068703803,223.9979024648885,0.0,0.0,0.0,0.0,0,0.8709049806734661,0.9591004714567472,False,False,False,False,0.04299409035748256,0.014875548327560998,False,False,False,False,665291554,815560403.972788,False,False,False,False,56543465.787702315,False,False,False,False
2025-06-16 00:00:00+00:00,198.42,198.685,196.5636,197.3,43020691,215.22709673956314,195.66720331424273,206.6549326830281,201.1814052103404,"rgba(239, 83, 80, 1.0)",13.269364796021485,212.80416474844293,-1.084013060878069,45.68261277504926,-2.757250173774416,False,True,False,True,False,0.0,201.213027026768,223.853757819751,0.0,0.0,0.0,0.0,0,0.8912438600742508,0.9575213832094394,False,False,False,False,0.03469444746284396,0.024784997895202478,False,False,False,False,708312245,811354593.8169924,False,False,False,False,56013160.89406693,False,False,False,False
2025-06-17 00:00:00+00:00,195.64,198.39,195.21,197.2,38856152,215.18248280753613,195.66808290076074,206.5702864194,201.06924131642103,"rgba(239, 83, 80, 1.0)",12.764483641629385,212.7098288697984,-1.3372909824669925,45.10614731798904,-3.368355249364221,False,True,False,True,False,0.0,201.36286846718397,223.70338679981,0.0,0.0,0.0,0.0,0,0.9254443656599758,0.9441818420819093,False,False,False,False,0.018049807437598146,0.021417402666400312,False,False,False,False,669456093,805789946.72613,False,False,False,False,55340337.015868224,False,False,False,False
2025-06-18 00:00:00+00:00,196.58,197.57,195.07,195.94,45394689,215.13061028078158,195.6690987081045,206.47308774122146,200.94572860760766,"rgba(239, 83, 80, 1.0)",12.332674641603719,212.60229522891797,-1.299174404136753,44.83355540911047,-3.6760824663118754,False,True,False,True,False,0.0,201.66973940771996,223.5412722973055,0.0,0.0,0.0,0.0,0,0.960173802146266,0.9261900731965338,False,False,False,False,0.008362625374370785,0.014890014020385547,False,False,False,False,714850782,802223704.9721642,False,False,False,False,54950311.60348123,False,False,False,False
2025-06-20 00:00:00+00:00,201.0,201.7,196.855,198.235,96813542,215.0411126420131,195.68133116376586,206.34073726336715,200.8857535097236,"rgba(239, 83, 80, 0.5)",11.891742758184703,212.45752738561978,-0.9634859766651055,45.496021352404995,-3.6760824663118754,False,True,False,True,True,0.0,202.24558761430598,223.40519426486898,0.0,0.0,0.0,0.0,0,0.9804681415934737,0.8958151241394066,False,False,False,False,0.0034509679077858618,0.009170490964085705,False,False,False,False,811664324,802593925.326197,False,False,False,False,56592006.91314864,False,False,False,False
2025-06-23 00:00:00+00:00,201.5,202.3,198.96,201.625,55814272,214.99358654038974,195.69014914363743,206.27898315523188,200.8851263572235,"rgba(239, 83, 80, 0.5)",11.418538988372902,212.38937300149388,-0.953657294736406,46.13365565153474,-3.6760824663118754,False,True,False,False,True,0.0,202.30348702203,223.30265953436302,0.0,0.0,0.0,0.0,0,0.9767117075056826,0.9205444927842946,False,False,False,False,0.004791461694660077,0.006980976329372892,False,False,False,False,867478596,805138422.2153658,False,False,False,False,56561507.504789874,False,False,False,False
2025-06-24 00:00:00+00:00,200.3,203.44,200.2,202.59,54064033,214.94913292785867,195.6993026211101,206.22478548868122,200.8950766795533,"rgba(239, 83, 80, 1.0)",10.928005797638834,212.3287654346763,-1.1007283174461076,46.430781317561745,-5.004117830428122,False,True,False,False,True,0.0,202.50577872541803,223.203691920985,0.0,0.0,0.0,0.0,0,0.9542893584231491,0.9061788073644254,False,False,False,False,-0.003020109974511587,0.0019804331774306524,False,False,False,False,813414563,805462976.7559397,False,False,False,False,56463567.328131445,False,False,False,False
2025-06-25 00:00:00+00:00,201.56,203.67,200.6201,201.45,39525730,214.91832466985613,195.7067326332027,206.19094511133838,200.91423038420027,"rgba(239, 83, 80, 1.0)",10.231508946607201,212.29019424143706,-1.0487401513728065,46.931979930076665,-4.48950590905293,False,True,False,False,True,0.0,202.578860886044,223.10340051114548,0.0,0.0,0.0,0.0,0,0.9412082427853076,0.9186458123433655,False,False,False,False,0.007348581703455956,0.004664507440443304,False,False,False,False,852940293,807324832.2949225,False,False,False,False,55799338.413302764,False,False,False,False
2025-06-26 00:00:00+00:00,201.0,202.64,199.46,201.43,50799121,214.8761593954244,195.71485761150947,206.13899901355026,200.91531650601198,"rgba(239, 83, 80, 1.0)",9.914929429494567,212.23111855586154,-1.13274820922594,47.22946328110275,-4.175867419989501,False,False,False,False,True,0.0,202.553450717838,223.0080823839725,0.0,0.0,0.0,0.0,0,0.8854680118689265,0.9716701915486975,False,False,False,False,-0.027588807820915433,-0.011462150190236064,False,False,False,False,802141172,807121551.4990431,False,False,False,False,55603251.45591834,False,False,False,False
2025-06-27 00:00:00+00:00,201.08,203.22,200.0,201.89,73188571,214.8176007538386,195.72739727951983,206.07169270931507,200.93009298074386,"rgba(239, 83, 80, 1.0)",9.753295384346526,212.15310475874608,-1.1353193277133553,47.490577416131046,-3.895447740190896,False,False,False,False,True,0.0,202.53723118692199,222.912715798184,0.0,0.0,0.0,0.0,0,0.8928714357074594,0.9314907231054586,False,False,False,False,-0.009719054844044972,-0.010590602517140519,False,False,False,False,875329743,809796382.5382963,False,False,False,False,56292871.83019605,False,False,False,False
2025-06-30 00:00:00+00:00,205.17,207.39,199.2607,202.01,91912816,214.75841902463384,195.74995199648043,206.0340818940443,201.04775568944734,"rgba(239, 83, 80, 0.5)",9.651044739607869,212.10201485531374,-0.7182657465947472,48.570061919561084,-2.8188500290365823,True,False,True,False,True,0.0,202.760017749348,222.84178551119902,0.0,0.0,0.0,0.0,0,0.924966291927643,0.9086681086408575,False,False,False,False,0.045028449244039044,0.01721892336344926,False,False,False,False,967242559,815970742.3995396,False,False,False,False,57689732.38587464,False,False,False,False
2025-07-01 00:00:00+00:00,207.82,210.1865,206.1401,206.665,78788867,214.72727136873394,195.77883741134517,206.0641034483989,201.2765543747181,#000000,9.641784301803485,212.1195514388834,-0.44592902146537194,49.95845842278066,-1.460554603170955,True,False,True,False,True,0.0,202.981671082682,222.7713988967785,0.0,0.0,0.0,0.0,0,0.9412800138056026,0.8867376133727176,False,False,False,False,0.20202488110363098,0.10962190223354012,False,False,False,False,1046031426,824992729.9917145,False,False,False,False,58517149.42956583,False,False,False,False
