date,Open,High,Low,Close,Volume,aVWAP_peak_415,aVWAP_peak_399,aVWAP_peak_357,aVWAP_valley_377,aVWAP_valley_350,aVWAP_valley_272,aVWAP_valley_249,aVWAP_valley_222,aVWAP_valley_199,aVWAP_valley_139,aVWAP_valley_106,aVWAP_valley_51,aVWAP_OB_bull_249,aVWAP_OB_bull_139,Peaks_avg,Valleys_avg,color,StDev,StDev_Mean,StdDev_ZScore,QQEMOD,QQE1_Value,QQE1_Above_Upper,QQE1_Below_Lower,QQE2_Above_Threshold,QQE2_Below_Threshold,QQE2_Above_TL,banker_RSI,OB,OB_High,OB_Low,OB_Mitigated_Index,TTM_squeeze_Active,VI_plus,VI_minus,VI_Regular_Bullish,VI_Regular_Bearish,VI_Hidden_Bullish,VI_Hidden_Bearish,Fisher,Fisher_Signal,Fisher_Regular_Bullish,Fisher_Regular_Bearish,Fisher_Hidden_Bullish,Fisher_Hidden_Bearish,OBV,OBV_Smoothed,OBV_Regular_Bullish,OBV_Regular_Bearish,OBV_Hidden_Bullish,OBV_Hidden_Bearish,Volume_MA,Vol_Regular_Bullish,Vol_Regular_Bearish,Vol_Hidden_Bullish,Vol_Hidden_Bearish
2023-12-04 17:00:00+00:00,14.415,14.57,14.315,14.52,53835.0,,,,,,,,,,,,,,,,,#000000,,,,,,False,False,False,False,False,,-1.0,14.57,14.315,83.0,0,,,False,False,False,False,,,False,False,False,False,0.0,0.0,False,False,False,False,53835.0,False,False,False,False
2023-12-05 17:00:00+00:00,14.265,14.395,14.225,14.24,39678.0,,,,,,,,,,,,,,,,,"rgba(239, 83, 80, 0.5)",,,,0.0,,False,False,False,True,False,,0.0,0.0,0.0,0.0,0,,,False,False,False,False,,,False,False,False,False,-39678.0,-615.1627906976744,False,False,False,False,53615.51162790697,False,False,False,False
2023-12-06 17:00:00+00:00,14.21,14.285,14.135,14.15,53715.0,,,,,,,,,,,,,,,,,"rgba(239, 83, 80, 0.5)",,,,0.0,-50.0,False,False,False,True,True,,0.0,0.0,0.0,0.0,0,,,False,False,False,False,,,False,False,False,False,-93393.0,-2053.5788714620517,False,False,False,False,53617.054083288254,False,False,False,False
2023-12-07 17:00:00+00:00,14.13,14.19,14.025,14.17,22008.0,,,,,,,,,,,,,,,,,"rgba(239, 83, 80, 0.5)",,,,2.0753266717908945,-48.1322059953882,False,False,False,True,True,,0.0,0.0,0.0,0.0,0,,,False,False,False,False,,,False,False,False,False,-71385.0,-3128.4846253928727,False,False,False,False,53126.99122928378,False,False,False,False
2023-12-08 17:00:00+00:00,13.81,13.83,13.58,13.785,111993.0,,,,,,,,,,,,,,,,,"rgba(239, 83, 80, 0.5)",,,,2.267302968462704,-48.08394692869102,False,False,False,True,True,,0.0,0.0,0.0,0.0,0,,,False,False,False,False,,,False,False,False,False,-183378.0,-5923.050755231743,False,False,False,False,54039.64252805458,False,False,False,False
2023-12-11 17:00:00+00:00,13.335,13.435,13.225,13.43,48886.0,,,,,,,,,,,,,,,,,"rgba(239, 83, 80, 0.5)",,,,2.0654032125705655,-48.08394692869102,False,False,False,True,False,,0.0,0.0,0.0,0.0,0,,,False,False,False,False,,,False,False,False,False,-232264.0,-9432.212759026599,False,False,False,False,53959.7410935111,False,False,False,False
2023-12-12 17:00:00+00:00,13.315,13.32,13.105,13.155,85481.0,,,,,,,,,,,,,,,,,"rgba(239, 83, 80, 0.5)",,,,1.7948534986914193,-47.717140661030015,False,False,False,True,False,,0.0,0.0,0.0,0.0,0,,,False,False,False,False,,,False,False,False,False,-317745.0,-14212.255972064948,False,False,False,False,54448.442781983795,False,False,False,False
2023-12-13 17:00:00+00:00,13.35,14.025,13.285,14.0,140509.0,,,,,,,,,,,,,,,,,"rgba(239, 83, 80, 0.5)",,,,16.72329762450707,-35.31594314336761,False,False,False,True,True,,0.0,0.0,0.0,0.0,0,,,False,False,False,False,,,False,False,False,False,-177236.0,-16739.755879474793,False,False,False,False,55782.714986914274,False,False,False,False
2023-12-14 17:00:00+00:00,14.0,14.025,13.77,13.875,39586.0,,,,,,,,,,,,,,,,,"rgba(239, 83, 80, 0.5)",,,,25.573681348406204,-28.24054527103157,False,False,False,True,True,,0.0,0.0,0.0,0.0,0,,,False,False,False,False,,,False,False,False,False,-216822.0,-19841.80617591704,False,False,False,False,55531.60312665204,False,False,False,False
2023-12-15 17:00:00+00:00,13.73,13.85,13.615,13.65,56279.0,,,,,,,,,,,,,,,,,"rgba(239, 83, 80, 0.5)",,,,29.661404480235603,-25.54501633260798,False,False,False,True,True,,0.0,0.0,0.0,0.0,0,,,False,False,False,False,,,False,False,False,False,-273101.0,-23768.30530497259,False,False,False,False,55543.19067507604,False,False,False,False
2023-12-18 17:00:00+00:00,13.665,13.745,13.605,13.625,40825.0,,,,,,,,,,,,,,,,,"rgba(239, 83, 80, 0.5)",,,,32.19151894651608,-23.95066076422153,False,False,False,True,True,,0.0,0.0,0.0,0.0,0,,,False,False,False,False,,,False,False,False,False,-313926.0,-28266.874214973017,False,False,False,False,55315.00167236168,False,False,False,False
2023-12-19 17:00:00+00:00,14.185,14.2,14.035,14.125,58319.0,,,,,,,,,,,,,,,,,"rgba(239, 83, 80, 0.5)",,14.12,,39.27723006546138,-17.926719263393423,False,False,False,True,True,,0.0,0.0,0.0,0.0,0,,,False,False,False,False,,,False,False,False,False,-255607.0,-31791.52732791917,False,False,False,False,55361.57528984444,False,False,False,False
2023-12-20 17:00:00+00:00,13.94,13.99,13.69,13.7,15598.0,,,,,,,,,,,,,,,,,"rgba(239, 83, 80, 0.5)",,14.05106664682459,,40.47400608348336,-17.240995429614458,False,False,False,True,True,,0.0,0.0,0.0,0.0,0,,,False,False,False,False,,,False,False,False,False,-271205.0,-35503.36411353283,False,False,False,False,54745.085750467006,False,False,False,False
2023-12-21 17:00:00+00:00,13.835,13.895,13.785,13.84,25502.0,,,,,,,,,,,,,,,,,"rgba(239, 83, 80, 0.5)",,13.996925872653447,,42.57352344378775,-15.369903142732127,False,False,False,True,True,,0.0,0.0,0.0,0.0,0,,,False,False,False,False,,,False,False,False,False,-245703.0,-38762.27319704395,False,False,False,False,54291.70457604116,False,False,False,False
2023-12-22 17:00:00+00:00,14.135,14.16,13.915,13.925,20735.0,,,,,,,,,,,,,,,,,"rgba(239, 83, 80, 0.5)",,13.997456375429309,,44.7645721094554,-13.226414327160562,False,False,False,True,True,,0.0,0.0,0.0,0.0,0,,,False,False,False,False,,,False,False,False,False,-224968.0,-41649.18369011303,False,False,False,False,53771.4455903661,False,False,False,False
2023-12-25 17:00:00+00:00,13.925,13.925,13.925,13.925,0.0,,,,,,,,,,,,,,,,,"rgba(239, 83, 80, 0.5)",,13.997456375429309,,46.22527121990049,-11.622583974356836,False,False,False,True,True,,0.0,0.0,0.0,0.0,0,,,False,False,False,False,,,False,False,False,False,-224968.0,-44491.33588096399,False,False,False,False,52937.77976725965,False,False,False,False
2023-12-26 17:00:00+00:00,13.855,13.91,13.775,13.885,14114.0,,,,,,,,,,,,,,,,,"rgba(239, 83, 80, 0.5)",,13.982656825652176,,46.77513694242647,-10.72218662120364,False,False,False,True,True,,0.0,0.0,0.0,0.0,0,,,False,False,False,False,,,False,False,False,False,-239082.0,-47508.24540218935,False,False,False,False,52335.86070110059,False,False,False,False
2023-12-27 17:00:00+00:00,14.095,14.165,13.965,13.99,73780.0,,,,,,,,,,,,,,,,,#000000,,14.002992418416262,,48.37524795900656,-8.757853520134937,False,False,False,False,True,,0.0,0.0,0.0,0.0,0,,,False,False,False,False,,,False,False,False,False,-165302.0,-49334.50516339572,False,False,False,False,52668.32797705251,False,False,False,False
2023-12-28 17:00:00+00:00,13.735,13.805,13.565,13.585,31676.0,,,,,,,,,,,,,,,,,"rgba(239, 83, 80, 0.5)",,13.956569888705344,,45.393100477689046,-8.757853520134937,False,False,False,True,False,,0.0,0.0,0.0,0.0,0,,,False,False,False,False,,,False,False,False,False,-196978.0,-51623.55159497097,False,False,False,False,52342.86552779588,False,False,False,False
2023-12-29 17:00:00+00:00,13.415,13.54,13.405,13.46,39561.0,,,,,,,,,,,,,,,,,"rgba(239, 83, 80, 0.5)",,13.887410691587446,,42.41148191934254,-8.757853520134937,False,False,False,True,False,,0.0,0.0,0.0,0.0,0,,,False,False,False,False,,,False,False,False,False,-236539.0,-54490.45777179313,False,False,False,False,52144.6970700006,False,False,False,False
2024-01-01 17:00:00+00:00,13.46,13.46,13.46,13.46,0.0,,,,,,,,,,,,,,,,,"rgba(239, 83, 80, 0.5)",,13.887410691587446,,40.423736213778206,-2.9319772956238594,False,False,False,True,False,,0.0,0.0,0.0,0.0,0,,,False,False,False,False,,,False,False,False,False,-236539.0,-57312.9157908351,False,False,False,False,51336.25215418664,False,False,False,False
2024-01-02 17:00:00+00:00,13.225,13.27,13.075,13.105,37838.0,,,,,,,,,,,,,,,,,"rgba(239, 83, 80, 0.5)",,13.79942544375526,,36.5027524738062,-6.8221953839694365,False,False,False,True,False,,0.0,0.0,0.0,0.0,0,,,False,False,False,False,,,False,False,False,False,-274377.0,-60678.25042973687,False,False,False,False,51126.97692698994,False,False,False,False
2024-01-03 17:00:00+00:00,12.825,12.9,12.75,12.83,75086.0,,,,,,,,,,,,,,,,,"rgba(239, 83, 80, 0.5)",,13.613196760740657,,32.38912842286936,-10.771769098460638,False,False,False,True,False,,0.0,0.0,0.0,0.0,0,,,False,False,False,False,,,False,False,False,False,-349463.0,-65155.53336881072,False,False,False,False,51498.43464905211,False,False,False,False
2024-01-04 17:00:00+00:00,12.98,13.005,12.875,12.915,40394.0,,,,,,,,,,,,,,,,,"rgba(239, 83, 80, 0.5)",,13.54955936890559,,30.955119803840937,-12.230948739407822,False,False,False,True,False,,0.0,0.0,0.0,0.0,0,,,False,False,False,False,,,False,False,False,False,-309069.0,-68937.13750262761,False,False,False,False,51326.27287154743,False,False,False,False
2024-01-05 17:00:00+00:00,12.945,13.05,12.915,12.995,58178.0,,,,,,,,,,,,,,,,,"rgba(239, 83, 80, 0.5)",,13.482833127199298,,31.24453070155767,-12.230948739407822,False,False,False,True,False,,0.0,0.0,0.0,0.0,0,,,False,False,False,False,,,False,False,False,False,-250891.0,-71758.12761886592,False,False,False,False,51432.501199120336,False,False,False,False
2024-01-08 17:00:00+00:00,12.895,12.905,12.775,12.83,50593.0,,,,,,,,,,,,,,,,,"rgba(239, 83, 80, 0.5)",,13.42244696211245,,30.29625453305005,-13.483104647660205,False,False,False,True,False,,0.0,0.0,0.0,0.0,0,,,False,False,False,False,,,False,False,False,False,-301484.0,-75319.76905113157,False,False,False,False,51419.48567665335,False,False,False,False
2024-01-09 17:00:00+00:00,12.675,12.675,12.465,12.515,81994.0,,,,,,,,,,,,,,,,,"rgba(239, 83, 80, 0.5)",,13.307909867579554,,27.88727952999114,-16.113489392743283,False,False,False,True,False,,0.0,0.0,0.0,0.0,0,,,False,False,False,False,,,False,False,False,False,-383478.0,-80097.41604258689,False,False,False,False,51893.50915453469,False,False,False,False
2024-01-10 17:00:00+00:00,12.54,12.645,12.525,12.605,28671.0,,,,,,,,,,,,,,,,,"rgba(239, 83, 80, 0.5)",,13.27641572564422,,27.740331387018486,-16.627414199404768,False,False,False,True,False,,0.0,0.0,0.0,0.0,0,,,False,False,False,False,,,False,False,False,False,-354807.0,-84356.47935975608,False,False,False,False,51533.47025291399,False,False,False,False
2024-01-11 17:00:00+00:00,12.56,12.9,12.495,12.72,43507.0,,,,,,,,,,,,,,,,,"rgba(239, 83, 80, 0.5)",,13.240673180973412,,29.470846165816774,-16.627414199404768,False,False,False,True,False,,0.0,0.0,0.0,0.0,0,,,False,False,False,False,,,False,False,False,False,-311300.0,-87874.98355572885,False,False,False,False,51409.028853644006,False,False,False,False
2024-01-12 17:00:00+00:00,12.885,12.93,12.815,12.865,16506.0,,,,,,,,,,,,,,,,,"rgba(239, 83, 80, 0.5)",,13.232080646263663,,32.78986608221227,-16.627414199404768,False,False,False,True,True,,0.0,0.0,0.0,0.0,0,,,False,False,False,False,,,False,False,False,False,-294794.0,-91083.03032230669,False,False,False,False,50867.89662335495,False,False,False,False
2024-01-15 17:00:00+00:00,12.865,12.865,12.865,12.865,0.0,,,,,,,,,,,,,,,,,"rgba(239, 83, 80, 0.5)",,13.232080646263663,,35.00254602647594,-20.245025883364214,False,False,False,True,True,,0.0,0.0,0.0,0.0,0,,,False,False,False,False,,,False,False,False,False,-294794.0,-94241.33992971278,False,False,False,False,50079.24706330294,False,False,False,False
2024-01-16 17:00:00+00:00,12.525,12.54,12.335,12.385,58003.0,,,,,,,,,,,,,,,,,"rgba(239, 83, 80, 0.5)",,13.170912140474814,,32.68390805003813,-20.245025883364214,False,False,False,True,False,,0.0,0.0,0.0,0.0,0,,,False,False,False,False,,,False,False,False,False,-352797.0,-98249.95481452343,False,False,False,False,50202.09594604243,False,False,False,False
2024-01-17 17:00:00+00:00,12.035,12.315,12.03,12.285,46029.0,,,,,,,,,,,,,,,,,"rgba(239, 83, 80, 0.5)",,13.116714502837127,,30.545733013309754,-20.245025883364214,False,False,False,True,False,,0.0,0.0,0.0,0.0,0,,,False,False,False,False,,,False,False,False,False,-398826.0,-102910.04853832925,False,False,False,False,50137.396784088276,False,False,False,False
2024-01-18 17:00:00+00:00,12.255,12.345,12.18,12.33,44947.0,,,,,,,,,,,,,,,,,"rgba(239, 83, 80, 0.5)",,13.07329786422711,,29.884199577144607,-20.245025883364214,False,False,False,True,False,,0.0,0.0,0.0,0.0,0,,,False,False,False,False,,,False,False,False,False,-353879.0,-106801.04003385903,False,False,False,False,50056.92551611792,False,False,False,False
2024-01-19 17:00:00+00:00,12.035,12.185,11.99,12.17,43580.0,,,,,,,,,,,,,,,,,"rgba(239, 83, 80, 0.5)",,12.571065738938245,,28.390393185901186,-16.64191340078331,False,False,False,True,False,,0.0,0.0,0.0,0.0,0,,,False,False,False,False,,,False,False,False,False,-397459.0,-111307.3649945744,False,False,False,False,49956.50806625562,False,False,False,False
2024-01-22 17:00:00+00:00,12.135,12.17,12.055,12.075,9880.0,,,,,,,,,,,,,,,,,"rgba(239, 83, 80, 0.5)",,12.56467137313508,,26.81208194955802,-18.35410851044425,False,False,False,True,False,,0.0,0.0,0.0,0.0,0,,,False,False,False,False,,,False,False,False,False,-407339.0,-115897.0027465965,False,False,False,False,49335.16685592607,False,False,False,False
2024-01-23 17:00:00+00:00,12.165,12.4,12.1,12.365,33160.0,,,,,,,,,,,,,,,,,"rgba(239, 83, 80, 0.5)",,12.585629176414596,,30.622591342396724,-18.35410851044425,False,False,False,True,True,,0.0,0.0,0.0,0.0,0,,,False,False,False,False,,,False,False,False,False,-374179.0,-119901.37479703686,False,False,False,False,49084.38907521404,False,False,False,False
2024-01-24 17:00:00+00:00,12.105,12.195,12.09,12.105,36403.0,,,,,,,,,,,,,,,,,"rgba(239, 83, 80, 0.5)",,12.562347340298897,,31.10303405247981,-18.35410851044425,False,False,False,True,True,,0.0,0.0,0.0,0.0,0,,,False,False,False,False,,,False,False,False,False,-410582.0,-124408.05115677272,False,False,False,False,48887.778391877386,False,False,False,False
2024-01-25 17:00:00+00:00,12.31,12.345,12.24,12.295,25834.0,,,,,,,,,,,,,,,,,"rgba(239, 83, 80, 0.5)",,12.564963645975897,,34.07885121152986,-20.82255941304673,False,False,False,True,True,,0.0,0.0,0.0,0.0,0,,,False,False,False,False,,,False,False,False,False,-384748.0,-128444.3294334119,False,False,False,False,48530.35547107308,False,False,False,False
2024-01-26 17:00:00+00:00,12.205,12.26,12.145,12.18,21715.0,,,,,,,,,,,,,,,,,"rgba(239, 83, 80, 0.5)",,12.557588557535054,,35.076054236754814,-19.760820962419462,False,False,False,True,True,,0.0,0.0,0.0,0.0,0,,,False,False,False,False,,,False,False,False,False,-406463.0,-132754.69641894038,False,False,False,False,48114.61352578512,False,False,False,False
2024-01-29 17:00:00+00:00,12.265,12.355,12.245,12.33,13239.0,,,,,,,,,,,,,,,,,"rgba(239, 83, 80, 0.5)",,12.5580653917718,,37.794126288071666,-17.079778436009846,False,False,False,True,True,,0.0,0.0,0.0,0.0,0,,,False,False,False,False,,,False,False,False,False,-393224.0,-136792.98019539093,False,False,False,False,47573.906339338835,False,False,False,False
2024-01-30 17:00:00+00:00,12.335,12.345,12.205,12.235,22656.0,,,,,,,,,,,,,,,,,"rgba(239, 83, 80, 0.5)",,12.554636810063121,,38.666699650665905,-16.1232051166524,True,False,False,True,True,,0.0,0.0,0.0,0.0,0,,,False,False,False,False,,,False,False,False,False,-415880.0,-141119.91073499728,False,False,False,False,47187.582210046756,False,False,False,False
2024-01-31 17:00:00+00:00,12.285,12.385,12.08,12.1,21310.0,,,,,,,,,,,,,,,,,"rgba(239, 83, 80, 0.5)",,12.546884661410816,,37.97693367498058,-16.1232051166524,True,False,False,True,True,,0.0,0.0,0.0,0.0,0,,,False,False,False,False,,,False,False,False,False,-437190.0,-145710.14467709034,False,False,False,False,46786.37938508479,False,False,False,False
2024-02-01 17:00:00+00:00,12.58,12.705,12.52,12.685,47610.0,,,,,,,,,,,,,,,,,"rgba(239, 83, 80, 0.5)",,12.59827154745421,,44.1772741944482,-10.75886112939989,True,False,False,True,True,,0.0,0.0,0.0,0.0,0,,,False,False,False,False,,,False,False,False,False,-389580.0,-149491.0726665928,False,False,False,False,46799.148696943936,False,False,False,False
2024-02-02 17:00:00+00:00,12.345,12.485,12.285,12.45,23815.0,,,,,,,,,,,,,,,,,"rgba(239, 83, 80, 0.5)",,12.572889767080213,,45.95976258210271,-9.163646645625668,True,False,False,True,True,,0.0,0.0,0.0,0.0,0,,,False,False,False,False,,,False,False,False,False,-413395.0,-153582.6064236999,False,False,False,False,46442.80530629364,False,False,False,False
2024-02-05 17:00:00+00:00,12.28,12.41,12.255,12.295,35354.0,,,,,,,,,,,,,,,,,"rgba(239, 83, 80, 0.5)",,12.542105563869645,,45.75032191418078,-9.163646645625668,True,False,False,True,True,,0.0,0.0,0.0,0.0,0,,,False,False,False,False,,,False,False,False,False,-448749.0,-158158.8295799216,False,False,False,False,46270.88584418055,False,False,False,False
2024-02-06 17:00:00+00:00,12.575,12.665,12.555,12.615,78047.0,,,,,,,,,,,,,,,,,#000000,,12.575804284692287,,48.60538514855339,-6.495974827369423,True,False,False,False,True,,0.0,0.0,0.0,0.0,0,,,False,False,False,False,,,False,False,False,False,-370702.0,-161454.0725321709,False,False,False,False,46763.538776828915,False,False,False,False
2024-02-07 17:00:00+00:00,12.365,12.435,12.24,12.29,21354.0,,,,,,,,,,,,,,,,,#000000,,12.565065255494561,,47.64661010123244,-6.495974827369423,True,False,False,False,True,,0.0,0.0,0.0,0.0,0,,,False,False,False,False,,,False,False,False,False,-392056.0,-165029.29621384267,False,False,False,False,46369.59243920366,False,False,False,False
2024-02-08 17:00:00+00:00,12.045,12.14,11.99,12.105,40029.0,,,,,,,,,,,,,,,,,"rgba(239, 83, 80, 0.5)",,12.526287649490833,,45.6061569740434,-6.495974827369423,True,False,False,True,False,,0.0,0.0,0.0,0.0,0,,,False,False,False,False,,,False,False,False,False,-432085.0,-169169.69472215517,False,False,False,False,46271.28868045632,False,False,False,False
2024-02-09 17:00:00+00:00,11.935,12.03,11.895,11.945,20308.0,,,,,,,,,,,,,,,,,"rgba(239, 83, 80, 0.5)",,12.504604638273877,,43.109438258499154,-1.8995810385425855,True,False,False,True,False,0.0,0.0,0.0,0.0,0.0,0,,,False,False,False,False,,,False,False,False,False,-452393.0,-173560.75371871088,False,False,False,False,45868.757073007386,False,False,False,False
2024-02-12 17:00:00+00:00,12.08,12.12,12.03,12.035,23698.0,,,,,,,,,,,,,,,,,"rgba(239, 83, 80, 0.5)",,12.487209992817023,,42.46374251252831,-2.667792846889398,True,False,False,True,False,0.0,0.0,0.0,0.0,0.0,0,,,False,False,False,False,,,False,False,False,False,-428695.0,-177516.32342849832,False,False,False,False,45525.02440520882,False,False,False,False
2024-02-13 17:00:00+00:00,11.38,11.42,11.235,11.4,45957.0,,,,,,,,,,,,11.351666666666667,,,,11.351666666666667,"rgba(239, 83, 80, 0.5)",,12.13737846216468,,38.1682978427522,-6.806841915231807,False,False,False,True,False,0.0,0.0,0.0,0.0,0.0,0,,,False,False,False,False,,,False,False,False,False,-474652.0,-182123.07810402548,False,False,False,False,45531.72170125209,False,False,False,False
2024-02-14 17:00:00+00:00,11.425,11.49,11.34,11.46,23543.0,,,,,,,,,,,,11.378201942446042,,,,11.378201942446042,"rgba(239, 83, 80, 0.5)",,12.117540671915773,,35.98696514360153,-8.870942569230486,False,False,False,True,False,0.0,0.0,0.0,0.0,0.0,0,,,False,False,False,False,,,False,False,False,False,-451109.0,-186293.4024745057,False,False,False,False,45190.81128727919,False,False,False,False
2024-02-15 17:00:00+00:00,11.71,11.755,11.665,11.725,43038.0,,,,,,,,,,,,11.507003900904584,,,,11.507003900904584,"rgba(239, 83, 80, 0.5)",,12.12184298608375,,37.40898041936783,-8.870942569230486,False,False,False,True,False,0.0,0.0,0.0,0.0,0.0,0,,,False,False,False,False,,,False,False,False,False,-408071.0,-189731.81483924206,False,False,False,False,45157.43436809657,False,False,False,False
2024-02-16 17:00:00+00:00,11.665,11.82,11.635,11.705,63224.0,,,,,,,,,,,,11.583621516596306,,,,11.583621516596306,"rgba(239, 83, 80, 0.5)",,12.107106389238659,,38.21474812230032,-8.870942569230486,False,False,False,True,True,0.0,0.0,0.0,0.0,0.0,0,,,False,False,False,False,,,False,False,False,False,-471295.0,-194097.13553940883,False,False,False,False,45437.536160839256,False,False,False,False
2024-02-19 17:00:00+00:00,11.705,11.705,11.705,11.705,0.0,,,,,,,,,,,,11.583621516596306,,,,11.583621516596306,"rgba(239, 83, 80, 0.5)",,12.107106389238659,,38.75192659092198,-8.870942569230486,False,False,False,True,True,0.0,0.0,0.0,0.0,0.0,0,,,False,False,False,False,,,False,False,False,False,-471295.0,-198394.77684887536,False,False,False,False,44733.078235865,False,False,False,False
2024-02-20 17:00:00+00:00,11.725,11.83,11.685,11.78,37483.0,,,,,,,,,,,,11.615503200543975,,,,11.615503200543975,"rgba(239, 83, 80, 0.5)",,12.099515796479125,,40.07089415798097,-8.870942569230486,True,False,False,True,True,0.0,0.0,0.0,0.0,0.0,0,,,False,False,False,False,,,False,False,False,False,-433812.0,-202044.65627757495,False,False,False,False,44620.673922130656,False,False,False,False
2024-02-21 17:00:00+00:00,11.69,11.76,11.625,11.75,24953.0,,,,,,,,,,,,11.625577033952146,,,,11.625577033952146,"rgba(239, 83, 80, 0.5)",,12.091241177022713,,40.649794867730336,-8.870942569230486,True,False,False,True,True,0.0,0.0,0.0,0.0,0.0,0,,,False,False,False,False,,,False,False,False,False,-458765.0,-206024.81664536448,False,False,False,False,44315.74874504336,False,False,False,False
2024-02-22 17:00:00+00:00,11.555,11.665,11.4,11.455,28242.0,,,,,,,,,,,,11.612972820647549,,,,11.612972820647549,"rgba(239, 83, 80, 0.5)",,12.071363347262459,,38.39824908921725,-8.870942569230486,False,False,False,True,False,0.0,0.0,0.0,0.0,0.0,0,,,False,False,False,False,,,False,False,False,False,-487007.0,-210381.1295655914,False,False,False,False,44066.54333814346,False,False,False,False
2024-02-23 17:00:00+00:00,11.62,11.945,11.61,11.885,48606.0,,,,,,,,,,,,11.643884887709518,,,,11.643884887709518,"rgba(239, 83, 80, 0.5)",,12.06580943522365,,42.116110083814874,-12.252350005706859,True,False,False,True,True,0.0,0.0,0.0,0.0,0.0,0,,,False,False,False,False,,,False,False,False,False,-438401.0,-213916.32135527214,False,False,False,False,44136.9225111955,False,False,False,False
2024-02-26 17:00:00+00:00,11.635,11.77,11.59,11.765,21912.0,,,,,,,,,,,,11.648075897688534,,,,11.648075897688534,"rgba(239, 83, 80, 0.5)",,12.059387716269935,,43.45148797988747,-10.958831726079914,True,False,False,True,True,0.0,0.0,0.0,0.0,0.0,0,,,False,False,False,False,,,False,False,False,False,-460313.0,-217736.42490015161,False,False,False,False,43792.35006916146,False,False,False,False
2024-02-27 17:00:00+00:00,11.525,11.555,11.43,11.52,65953.0,,,,,,,,,,,,11.624109989551041,,,,11.624109989551041,"rgba(239, 83, 80, 0.5)",,12.022384838500114,,42.232936964380684,-10.958831726079914,True,False,False,True,True,0.0,0.0,0.0,0.0,0.0,0,,,False,False,False,False,,,False,False,False,False,-526266.0,-222519.82916526555,False,False,False,False,44135.92603708144,False,False,False,False
2024-02-28 17:00:00+00:00,11.55,11.58,11.47,11.55,40106.0,,,,,,,,,,,,11.615892046279638,,,,11.615892046279638,"rgba(239, 83, 80, 0.5)",,12.004420635388797,,41.792730081700725,-10.958831726079914,True,False,False,True,True,0.0,0.0,0.0,0.0,0.0,0,,,False,False,False,False,,,False,False,False,False,-486160.0,-226607.2736743312,False,False,False,False,44073.44656363832,False,False,False,False
2024-02-29 17:00:00+00:00,11.795,11.935,11.73,11.805,42161.0,,,,,,,,,,,,11.633918280163844,,,,11.633918280163844,"rgba(239, 83, 80, 0.5)",,12.002126903677775,,44.465946041641615,-9.770141450375462,True,False,False,True,True,0.0,0.0,0.0,0.0,0.0,0,,,False,False,False,False,,,False,False,False,False,-443999.0,-229977.68803596945,False,False,False,False,44043.79622931834,False,False,False,False
2024-03-01 17:00:00+00:00,12.195,12.395,12.18,12.305,60426.0,,,,,,,,,,,,11.706948928771293,,,,11.706948928771293,#000000,,12.030249440394549,,50.42028587072467,-4.2434483845077935,True,False,False,False,True,0.0,0.0,0.0,0.0,0.0,0,,,False,False,False,False,,,False,False,False,False,-383573.0,-232359.01070207843,False,False,False,False,44297.783884677745,False,False,False,False
2024-03-04 17:00:00+00:00,12.755,12.875,12.645,12.835,61144.0,,,,,,,,,,,,11.81558769593527,,,,11.81558769593527,"rgba(38, 166, 154, 1.0)",,12.084895835374706,,57.268294912558154,1.8326151948937976,True,False,True,False,True,0.0,0.0,0.0,0.0,0.0,0,,,False,False,False,False,,,False,False,False,False,-322429.0,-233755.44464468185,False,False,False,False,44558.965529876536,False,False,False,False
2024-03-05 17:00:00+00:00,12.91,13.025,12.8,12.825,65075.0,,,,,,,,,,,,11.919013073383912,,,,11.919013073383912,"rgba(38, 166, 154, 1.0)",,12.14041717923861,,61.71909362675132,5.561716130417807,True,False,True,False,True,0.0,0.0,0.0,0.0,0.0,0,,,False,False,False,False,,,False,False,False,False,-387504.0,-236139.14317732243,False,False,False,False,44877.043583676896,False,False,False,False
2024-03-06 17:00:00+00:00,13.165,13.325,13.115,13.27,38366.0,,,,,,,,,,,,11.990195670917648,,,,11.990195670917648,"rgba(38, 166, 154, 1.0)",,12.181893315182595,,66.59706199304517,9.736296181587356,True,False,True,False,True,2.5543558009876897,0.0,0.0,0.0,0.0,0,,,False,False,False,False,,,False,False,False,False,-349138.0,-237891.06343813913,False,False,False,False,44776.09717152687,False,False,False,False
2024-03-07 17:00:00+00:00,13.445,13.495,13.335,13.495,39008.0,,,,,,,,,,,,12.065768558425445,,,,12.065768558425445,"rgba(38, 166, 154, 1.0)",,12.22776463786864,,70.63646681990471,13.196022636539695,True,False,True,False,True,4.582509201729501,0.0,0.0,0.0,0.0,0,,,False,False,False,False,,,False,False,False,False,-310130.0,-239011.04695072613,False,False,False,False,44686.66930840242,False,False,False,False
2024-03-08 17:00:00+00:00,13.435,13.575,13.37,13.37,71556.0,,,,,,,,,,,,12.185433360178601,,,,12.185433360178601,"rgba(38, 166, 154, 1.0)",,12.302818770851761,,71.78745474628867,14.158535379599257,True,False,True,False,True,3.339228392005978,0.0,0.0,0.0,0.0,0,,,False,False,False,False,,,False,False,False,False,-381686.0,-241223.06172668384,False,False,False,False,45103.24807881478,False,False,False,False
2024-03-11 17:00:00+00:00,13.82,13.91,13.735,13.765,106355.0,,,,,,,,,,,,12.37103390687313,,,,12.37103390687313,"rgba(38, 166, 154, 1.0)",,12.702059189119128,,74.04733834832581,16.376963278772635,True,False,True,False,True,6.775993338918202,0.0,0.0,0.0,0.0,0,,,False,False,False,False,,,False,False,False,False,-275331.0,-241751.86697123136,False,False,False,False,46052.88764348431,False,False,False,False
2024-03-12 17:00:00+00:00,13.645,13.655,13.525,13.635,17383.0,,,,,,,,,,,,12.39374458659038,,,,12.39374458659038,"rgba(38, 166, 154, 1.0)",,12.708969758472918,,73.97900701984447,16.582082170392496,True,False,True,False,True,5.479783450760472,0.0,0.0,0.0,0.0,0,,,False,False,False,False,,,False,False,False,False,-292714.0,-242541.97756082466,False,False,False,False,45608.393261414785,False,False,False,False
2024-03-13 17:00:00+00:00,13.805,13.91,13.74,13.795,21157.0,,,,,,,,,,,,12.424883780977472,,,,12.424883780977472,"rgba(38, 166, 154, 1.0)",,12.908707143325865,,74.60366243921766,17.615157182671197,True,False,True,False,True,6.836692418513863,0.0,0.0,0.0,0.0,0,,,False,False,False,False,,,False,False,False,False,-271557.0,-242991.82286995917,False,False,False,False,45229.301893020755,False,False,False,False
2024-03-14 17:00:00+00:00,13.485,13.625,13.455,13.61,34168.0,,,,,,,,,,,,12.46378948393171,,,,12.46378948393171,"rgba(38, 166, 154, 1.0)",,12.894085491423015,,72.72182574540162,17.615157182671197,True,False,True,False,True,4.994539787219868,0.0,0.0,0.0,0.0,0,,,False,False,False,False,,,False,False,False,False,-305725.0,-243964.43026732415,False,False,False,False,45057.80884041578,False,False,False,False
2024-03-15 17:00:00+00:00,13.635,13.71,13.565,13.595,26150.0,,,,,,,,,,,,12.493344139409427,,,,12.493344139409427,"rgba(38, 166, 154, 0.75)",0.8515343438398354,12.903701913306833,0.8118264303655541,71.27825098758547,17.615157182671197,True,False,True,False,False,4.845835576037615,0.0,0.0,0.0,0.0,0,,,False,False,False,False,,,False,False,False,False,-331875.0,-245327.384836823,False,False,False,False,44764.664517308556,False,False,False,False
2024-03-18 17:00:00+00:00,13.435,13.465,13.335,13.38,8658.0,,,,,,,,,,,,12.500875480689926,,,,12.500875480689926,"rgba(38, 166, 154, 0.75)",0.8308272876970173,12.90098748673322,0.5765488451812447,67.6469279380058,17.615157182671197,True,False,True,False,False,2.732413684017498,0.0,0.0,0.0,0.0,0,,,False,False,False,False,,,False,False,False,False,-340533.0,-246803.4408858645,False,False,False,False,44204.87126897819,False,False,False,False
2024-03-19 17:00:00+00:00,13.185,13.22,13.065,13.125,16832.0,,,,,,,,,,,,12.51105340277355,,,,12.51105340277355,"rgba(38, 166, 154, 0.75)",0.814744933280537,12.921909424074517,0.24926890322318054,62.50660373237602,18.881375775999416,True,False,True,False,False,0.31963340716331246,0.0,0.0,0.0,0.0,0,,,False,False,False,False,,,False,False,False,False,-357365.0,-248517.57358530842,False,False,False,False,43780.48566790876,False,False,False,False
2024-03-20 17:00:00+00:00,13.19,13.735,13.105,13.615,58355.0,,,,,,,,,,,,12.562264513206904,,,,12.562264513206904,"rgba(38, 166, 154, 0.75)",0.8050217780054545,12.973465768522813,0.7969153742233802,62.67945665761911,18.881375775999416,True,False,True,False,False,4.604063263312444,0.0,0.0,0.0,0.0,0,,,False,False,False,False,,,False,False,False,False,-299010.0,-249300.40190181526,False,False,False,False,44006.4471304218,False,False,False,False
2024-03-21 17:00:00+00:00,13.895,13.9,13.61,13.625,31349.0,,,,,,,,,,,,12.593839934803183,,,,12.593839934803183,"rgba(38, 166, 154, 0.75)",0.7947889288618971,13.005010962031639,0.7800675317107881,62.85832652685938,18.816613057633717,True,False,True,False,False,4.6880660094639275,0.0,0.0,0.0,0.0,0,,,False,False,False,False,,,False,False,False,False,-267661.0,-249585.06233744603,False,False,False,False,43810.207640027664,False,False,False,False
2024-03-22 17:00:00+00:00,13.475,13.515,13.44,13.5,20137.0,,,,,,,,,,,,12.60929273476122,,,,12.60929273476122,"rgba(38, 166, 154, 0.75)",0.7906011796254958,13.009146443379706,0.6208611487941486,61.55118782613453,17.207058684738243,True,False,True,False,False,3.493355391858273,0.0,0.0,0.0,0.0,0,,,False,False,False,False,,,False,False,False,False,-287798.0,-250177.51098337708,False,False,False,False,43443.18116498847,False,False,False,False
2024-03-25 17:00:00+00:00,13.715,13.735,13.59,13.63,11939.0,,,,,,,,,,,,12.619900065573622,,,,12.619900065573622,"rgba(38, 166, 154, 0.75)",0.7931609415996728,13.016512778321964,0.7734712963055593,61.68425190567493,16.93364830769933,True,False,True,False,False,4.613225783221676,0.0,0.0,0.0,0.0,0,,,False,False,False,False,,,False,False,False,False,-275859.0,-250575.67360378982,False,False,False,False,42954.74424770183,False,False,False,False
2024-03-26 17:00:00+00:00,13.635,13.65,13.545,13.595,17929.0,,,,,,,,,,,,12.634602015673732,,,,12.634602015673732,"rgba(38, 166, 154, 0.75)",0.7975770910803648,13.024531064606022,0.7152524085430357,61.32393938124147,16.13924752741748,True,False,True,False,False,4.272158030031779,0.0,0.0,0.0,0.0,0,,,False,False,False,False,,,False,False,False,False,-293788.0,-251245.63215256826,False,False,False,False,42566.74821285374,False,False,False,False
2024-03-27 17:00:00+00:00,14.48,14.555,14.355,14.555,58731.0,,,,,,,,,,,,12.721706457977303,,,,12.721706457977303,"rgba(38, 166, 154, 1.0)",0.811435897786274,13.142462721333098,1.7407872667705822,66.35689577349922,11.508720797687438,True,False,True,False,True,11.844710362888343,0.0,0.0,0.0,0.0,0,,,False,False,False,False,,,False,False,False,False,-235057.0,-250994.6456075672,False,False,False,False,42817.356767693214,False,False,False,False
2024-03-28 17:00:00+00:00,14.68,14.755,14.58,14.745,41950.0,,,,,,,,,,,,12.785730921745575,,,,12.785730921745575,"rgba(38, 166, 154, 1.0)",0.8330211379168098,13.22037141222483,1.830239976368315,70.35718376079157,15.281872214316138,True,False,True,False,True,13.181390216792632,0.0,0.0,0.0,0.0,0,,,False,False,False,False,,,False,False,False,False,-193107.0,-250097.16272993048,False,False,False,False,42803.90937594603,False,False,False,False
2024-03-29 17:00:00+00:00,14.745,14.745,14.745,14.745,0.0,,,,,,,,,,,,12.785730921745575,,,,12.785730921745575,"rgba(38, 166, 154, 1.0)",0.85725325029138,13.22037141222483,1.7785042952674117,73.02404241898648,17.73969006332584,True,False,True,False,True,13.181390216792643,0.0,0.0,0.0,0.0,0,,,False,False,False,False,,,False,False,False,False,-193107.0,-249213.59431551295,False,False,False,False,42140.282873993376,False,False,False,False
2024-04-01 17:00:00+00:00,14.525,14.6,14.38,14.49,71105.0,,,,,,,,,,,,12.87464244740518,,,,12.87464244740518,"rgba(38, 166, 154, 1.0)",0.8738766276542478,13.305387924509024,1.3555827424642741,71.60634183743821,17.73969006332584,True,False,True,False,True,10.648185624266688,0.0,0.0,0.0,0.0,0,,,False,False,False,False,,,False,False,False,False,-264212.0,-249446.12773697785,False,False,False,False,42589.34825579193,False,False,False,False
2024-04-02 17:00:00+00:00,14.535,14.68,14.48,14.635,44735.0,,,,,,,,,,,,12.929419799585988,,,,12.929419799585988,"rgba(38, 166, 154, 1.0)",0.8859718946999383,13.355898508250032,1.4437269391972922,71.4167953661078,17.73969006332584,True,False,True,False,True,11.703244082670981,0.0,0.0,0.0,0.0,0,,,False,False,False,False,,,False,False,False,False,-219477.0,-248981.49009764486,False,False,False,False,42622.61417430678,False,False,False,False
2024-04-03 17:00:00+00:00,14.835,14.93,14.765,14.855,20360.0,,,,,,,,,,,,12.95680197976816,,,,12.95680197976816,"rgba(38, 166, 154, 1.0)",0.9108272054556774,13.383019387091204,1.6160920579577762,72.35467244838689,17.73969006332584,True,False,True,False,True,13.270138146849082,0.0,0.0,0.0,0.0,0,,,False,False,False,False,,,False,False,False,False,-199117.0,-248208.39722791393,False,False,False,False,42277.45736540279,False,False,False,False
2024-04-04 17:00:00+00:00,14.565,14.715,14.49,14.515,31701.0,,,,,,,,,,,,12.991907830603523,,,,12.991907830603523,"rgba(38, 166, 154, 0.75)",0.9239368519040178,13.412345521757617,1.1934305639720624,69.00027658623219,17.73969006332584,True,False,True,False,False,9.953709258053347,0.0,0.0,0.0,0.0,0,,,False,False,False,False,,,False,False,False,False,-230818.0,-247938.77866624083,False,False,False,False,42113.48128221825,False,False,False,False
2024-04-05 17:00:00+00:00,14.915,14.945,14.81,14.825,31547.0,,,,,,,,,,,,13.031425661204297,,,,13.031425661204297,"rgba(38, 166, 154, 0.75)",0.9435458471986226,13.449258031224801,1.458055242211877,68.54401512751306,17.73969006332584,True,False,True,False,False,12.150630605333479,0.0,0.0,0.0,0.0,0,,,False,False,False,False,,,False,False,False,False,-199271.0,-247184.23946211307,False,False,False,False,41949.65986699006,False,False,False,False
2024-04-08 17:00:00+00:00,14.845,14.97,14.835,14.855,53063.0,,,,,,,,,,,,13.095170412885967,,,,13.095170412885967,"rgba(38, 166, 154, 0.75)",0.9634257896964628,13.5069291966292,1.3992471633913024,68.40366246507836,17.73969006332584,True,False,True,False,False,12.3595507518901,0.0,0.0,0.0,0.0,0,,,False,False,False,False,,,False,False,False,False,-146208.0,-245618.7163696772,False,False,False,False,42121.95971401347,False,False,False,False
2024-04-09 17:00:00+00:00,15.09,15.105,14.96,15.04,21779.0,,,,,,,,,,,,13.12214607054134,,,,13.12214607054134,"rgba(38, 166, 154, 0.75)",0.9884841429688701,13.531887954235861,1.5256815766761695,69.32268880700104,17.73969006332584,True,False,True,False,False,13.642968773521673,0.0,0.0,0.0,0.0,0,,,False,False,False,False,,,False,False,False,False,-124429.0,-243739.80603836436,False,False,False,False,41806.5649897652,False,False,False,False
2024-04-10 17:00:00+00:00,15.05,15.195,14.955,15.155,16217.0,,,,,,,,,,,,13.1424335067249,,,,13.1424335067249,"rgba(38, 166, 154, 0.75)",1.0145996991668933,13.550772293939795,1.5811434868130407,70.53599485842521,17.73969006332584,True,False,True,False,False,14.430141189414023,0.0,0.0,0.0,0.0,0,,,False,False,False,False,,,False,False,False,False,-108212.0,-241638.5997431959,False,False,False,False,41409.827548063404,False,False,False,False
2024-04-11 17:00:00+00:00,15.27,15.485,15.265,15.365,47617.0,,,,,,,,,,,,13.207557033769538,,,,13.207557033769538,"rgba(38, 166, 154, 1.0)",1.0505733183825383,13.834008396427535,1.4572915348065172,72.37006913742795,18.428503792507342,True,False,True,False,True,15.844297843766608,0.0,0.0,0.0,0.0,0,,,False,False,False,False,,,False,False,False,False,-60595.0,-238831.72222779752,False,False,False,False,41506.062779876374,False,False,False,False
2024-04-12 17:00:00+00:00,15.375,15.42,15.055,15.215,48378.0,,,,,,,,,,,,13.265853493037996,,,,13.265853493037996,"rgba(38, 166, 154, 1.0)",1.0813476951646215,13.871363300454806,1.2425575099974127,71.46996122505521,18.428503792507342,True,False,True,False,True,14.324253546437632,0.0,0.0,0.0,0.0,0,,,False,False,False,False,,,False,False,False,False,-108973.0,-236818.40870488592,False,False,False,False,41612.604442203876,False,False,False,False
2024-04-15 17:00:00+00:00,14.87,15.07,14.845,14.985,19362.0,,,,,,,,,,,,13.285250884033985,,,,13.285250884033985,"rgba(38, 166, 154, 0.75)",1.1048447773248435,13.878053514179605,1.0019022658555166,67.93825948850582,21.84345462159918,True,False,True,False,False,12.045407757322117,0.0,0.0,0.0,0.0,0,,,False,False,False,False,,,False,False,False,False,-128335.0,-235136.49539163185,False,False,False,False,41267.63383069684,False,False,False,False
2024-04-16 17:00:00+00:00,15.04,15.045,14.845,14.885,13491.0,,,,,,,,,,,,13.298178561918405,,,,13.298178561918405,"rgba(38, 166, 154, 0.75)",1.1263374912272721,13.882756657989258,0.8898250744709598,64.40372433693366,18.57563935296521,True,False,True,False,False,11.071204648281483,0.0,0.0,0.0,0.0,0,,,False,False,False,False,,,False,False,False,False,-141826.0,-233689.82104447475,False,False,False,False,40836.9883449496,False,False,False,False
2024-04-17 17:00:00+00:00,14.915,15.095,14.855,14.935,20782.0,,,,,,,,,,,,13.318138694201965,,,,13.318138694201965,"rgba(38, 166, 154, 0.5)",1.1478118940593645,13.89228854823082,0.9084340885173404,62.49785973106112,16.864185332119106,False,False,True,False,False,11.434175092644182,0.0,0.0,0.0,0.0,0,,,False,False,False,False,,,False,False,False,False,-121044.0,-231943.3742065759,False,False,False,False,40526.05829308991,False,False,False,False
2024-04-18 17:00:00+00:00,15.125,15.165,14.995,15.035,14964.0,,,,,,,,,,,,13.333101960162502,,,,13.333101960162502,"rgba(38, 166, 154, 0.5)",1.1706161925542768,13.901804090352725,0.968033687604004,62.14348444672399,16.495017326590286,False,False,True,False,False,12.162288490222224,0.0,0.0,0.0,0.0,0,,,False,False,False,False,,,False,False,False,False,-106080.0,-229992.00406383828,False,False,False,False,40129.74731180169,False,False,False,False
2024-04-19 17:00:00+00:00,15.325,15.365,15.23,15.31,13688.0,,,,,,,,,,,,13.348406502956795,,,,13.348406502956795,"rgba(38, 166, 154, 0.5)",1.1988875173590228,13.914966281923144,1.1636068420746557,64.10151225396407,16.495017326590286,False,False,True,False,False,14.119161216901066,0.0,0.0,0.0,0.0,0,,,False,False,False,False,,,False,False,False,False,-92392.0,-227858.6706674997,False,False,False,False,39719.79774107609,False,False,False,False
2024-04-22 17:00:00+00:00,14.835,14.905,14.72,14.75,60986.0,,,,,,,,,,,,13.396725370791547,,,,13.396725370791547,"rgba(38, 166, 154, 0.5)",1.2135132081301416,13.932437284529456,0.6737155475466942,59.03327974152847,13.73721315579035,False,True,True,False,False,8.702754969558676,0.0,0.0,0.0,0.0,0,,,False,False,False,False,,,False,False,False,False,-153378.0,-226703.93158738344,False,False,False,False,40049.506303229944,False,False,False,False
2024-04-23 17:00:00+00:00,15.095,15.155,15.045,15.125,24643.0,,,,,,,,,,,,13.41957104996902,,,,13.41957104996902,"rgba(38, 166, 154, 0.5)",1.233111131675919,13.949086334867772,0.9536153189486223,58.63149017424849,13.405126111342405,False,True,True,False,False,11.346266368801128,0.0,0.0,0.0,0.0,0,,,False,False,False,False,,,False,False,False,False,-128735.0,-225185.03342323794,False,False,False,False,39810.64574038917,False,False,False,False
2024-04-24 17:00:00+00:00,15.215,15.275,15.185,15.19,57682.0,,,,,,,,,,,,13.474015907839124,,,,13.474015907839124,"rgba(38, 166, 154, 0.5)",1.2534143027803764,13.991933964667494,0.9558420010645364,58.82690817138766,13.405126111342405,False,True,True,False,False,11.792039100810037,0.0,0.0,0.0,0.0,0,,,False,False,False,False,,,False,False,False,False,-71053.0,-222795.38949419546,False,False,False,False,40087.7210002281,False,False,False,False
2024-04-25 17:00:00+00:00,15.055,15.21,14.975,14.975,61027.0,,,,,,,,,,,,13.523065439067103,,,,13.523065439067103,"rgba(38, 166, 154, 0.5)",1.2688865729982084,14.024074435511997,0.7494173117783834,56.80089709415378,11.38331826443558,False,True,True,False,False,9.78792406450107,0.0,0.0,0.0,0.0,0,,,False,False,False,False,,,False,False,False,False,-132080.0,-221388.94934699862,False,False,False,False,40412.36098472068,False,False,False,False
2024-04-26 17:00:00+00:00,15.155,15.3,15.11,15.295,25362.0,,,,,,,,,,,,13.544879899614891,,,,13.544879899614891,"rgba(38, 166, 154, 0.5)",1.2904827715951062,14.040809119884756,0.9718772754827224,57.88567332844878,11.38331826443558,False,True,True,False,False,11.997387190431095,0.0,0.0,0.0,0.0,0,,,False,False,False,False,,,False,False,False,False,-106718.0,-219611.10517107614,False,False,False,False,40179.022054725014,False,False,False,False
2024-04-29 17:00:00+00:00,15.515,15.575,15.34,15.445,26086.0,,,,,,,,,,,,13.569569146687789,,,,13.569569146687789,"rgba(38, 166, 154, 0.5)",1.3141274980309499,14.216737404739563,0.9346601430232835,59.61272739805726,11.38331826443558,False,True,True,False,True,13.002120437554275,0.0,0.0,0.0,0.0,0,,,False,False,False,False,,,False,False,False,False,-80632.0,-217456.39036222224,False,False,False,False,39960.52558876028,False,False,False,False
2024-04-30 17:00:00+00:00,14.835,14.945,14.695,14.705,26506.0,,,,,,,,,,,14.781666666666668,13.585295531852093,,,,14.183481099259382,"rgba(38, 166, 154, 0.5)",1.3198534657950385,14.244441494076693,0.34894669587118254,54.56253663013216,9.226920607938524,False,True,True,False,False,6.462335664593432,0.0,0.0,0.0,0.0,0,,,False,False,False,False,,,False,False,False,False,-107138.0,-215746.0277209475,False,False,False,False,39751.92829281051,False,False,False,False
2024-05-01 17:00:00+00:00,14.805,15.295,14.745,14.95,21886.0,,,,,,,,,,,14.878903606656747,13.600255370179609,,,,14.239579488418178,"rgba(38, 166, 154, 0.5)",1.3274661326502222,14.257878567997315,0.5213853784886379,53.0284827623529,7.837765149449467,False,True,True,False,False,8.14090430866645,0.0,0.0,0.0,0.0,1,,,False,False,False,False,,,False,False,False,False,-85252.0,-213722.86450046767,False,False,False,False,39474.93715648787,False,False,False,False
2024-05-02 17:00:00+00:00,14.905,15.025,14.9,14.96,24622.0,,,,,,,,,,,14.906813213904183,13.616298304725122,,,,14.261555759314653,#000000,1.3347285819174592,14.265117376347423,0.5206171749572607,52.08126203286715,6.885630179374154,False,True,False,False,False,8.20903383533605,0.0,0.0,0.0,0.0,1,,,False,False,False,False,,,False,False,False,False,-60630.0,-211349.33171751467,False,False,False,False,39244.659061038445,False,False,False,False
2024-05-03 17:00:00+00:00,15.015,15.035,14.935,15.025,19820.0,,,,,,,,,,,14.926352701237333,13.62928484938995,,,,14.27781877531364,#000000,1.3401498907695863,14.272482316217449,0.5615175503617847,51.981644650759065,6.600654695639278,False,True,False,False,False,8.657422366524589,0.0,0.0,0.0,0.0,0,,,False,False,False,False,,,False,False,False,False,-40810.0,-208705.3110707315,False,False,False,False,38943.50155621614,False,False,False,False
2024-05-06 17:00:00+00:00,15.275,15.29,15.205,15.265,18026.0,,,,,,,,,,,14.979520235732755,13.643046594063815,,,,14.311283414898284,"rgba(38, 166, 154, 0.5)",1.3472122300487022,14.288916327575265,0.7245210892937408,53.80262015452755,6.600654695639278,False,True,True,False,False,10.29406072310903,0.0,0.0,0.0,0.0,1,,,False,False,False,False,,,False,False,False,False,-22784.0,-205822.81012389844,False,False,False,False,38619.199206507365,False,False,False,False
2024-05-07 17:00:00+00:00,15.245,15.315,15.225,15.305,11756.0,,,,,,,,,,,15.008488995454645,13.652052337103099,,,,14.33027066627887,"rgba(38, 166, 154, 0.5)",1.357326797803698,14.299016472855314,0.7411505679932616,55.322203700877466,6.600654695639278,False,True,True,False,True,10.564399867863848,0.0,0.0,0.0,0.0,0,,,False,False,False,False,,,False,False,False,False,-11028.0,-202802.7355483341,False,False,False,False,38202.71549787934,False,False,False,False
2024-05-08 17:00:00+00:00,15.34,15.34,15.225,15.32,14016.0,,,,,,,,,,,15.037879901243242,13.662747640211364,,,,14.350313770727304,"rgba(38, 166, 154, 0.5)",1.3630995184861974,14.3103422871298,0.7407072625126341,56.460270638027396,6.600654695639278,False,True,True,False,True,10.667249348387283,0.0,0.0,0.0,0.0,0,,,False,False,False,False,,,False,False,False,False,2988.0,-199612.18150882504,False,False,False,False,37827.72766070292,False,False,False,False
2024-05-09 17:00:00+00:00,15.625,15.76,15.595,15.685,25723.0,,,,,,,,,,,15.139615328549578,13.686563664644735,,,,14.413089496597156,"rgba(38, 166, 154, 0.5)",1.3769495172202135,14.345728406405588,0.9726366702957528,59.93954988438695,5.582284270811023,False,True,True,False,True,13.119721117084342,0.0,0.0,0.0,0.0,0,,,False,False,False,False,,,False,False,False,False,28711.0,-196072.2872218665,False,False,False,False,37640.05746441295,False,False,False,False
2024-05-10 17:00:00+00:00,15.71,15.735,15.655,15.655,25757.0,,,,,,,,,,,15.213835029131582,13.709873757087479,,,,14.46185439310953,"rgba(38, 166, 154, 0.5)",1.3870053034187426,14.37591684742504,0.9221905276225165,61.858556836493065,7.423154264419466,False,True,True,False,True,12.8388798012387,0.0,0.0,0.0,0.0,0,,,False,False,False,False,,,False,False,False,False,2954.0,-192986.60835020966,False,False,False,False,37455.824015352286,False,False,False,False
2024-05-13 17:00:00+00:00,15.385,15.445,15.35,15.44,13825.0,,,,,,,,,,,15.227378968027981,13.72047947851519,,,,14.473929223271586,"rgba(38, 166, 154, 0.5)",1.3936414095377567,14.385030347954967,0.7569878771002833,60.36788077352229,7.423154264419466,False,True,True,False,True,10.838280899636839,0.0,0.0,0.0,0.0,0,,,False,False,False,False,,,False,False,False,False,-10871.0,-190163.11054633043,False,False,False,False,37089.45465077318,False,False,False,False
2024-05-14 17:00:00+00:00,15.685,15.79,15.63,15.785,21221.0,,,,,,,,,,,15.275650712350293,13.739567950047753,,,,14.507609331199024,"rgba(38, 166, 154, 0.5)",1.40393481150478,14.40772304740913,0.981012039379993,62.01467213270155,7.557351876628729,False,True,True,False,True,13.145040433344612,0.0,0.0,0.0,0.0,0,,,False,False,False,False,,,False,False,False,False,10350.0,-187054.38015026326,False,False,False,False,36843.43209804801,False,False,False,False
2024-05-15 17:00:00+00:00,16.07,16.195,16.07,16.135,29146.0,,,,,,,,,,,15.374729671348849,13.770320326762093,,,,14.57252499905547,"rgba(38, 166, 154, 1.0)",1.41773499728353,14.45070410347619,1.1880188467880315,65.13656527729125,10.54518305962857,True,False,True,False,True,15.364533669418883,0.0,0.0,0.0,0.0,0,,,False,False,False,False,,,False,False,False,False,39496.0,-183541.97115568552,False,False,False,False,36724.09206552013,False,False,False,False
2024-05-16 17:00:00+00:00,16.225,16.365,16.205,16.265,41580.0,,,,,,,,,,,15.502575488968436,13.815458601064938,,,,14.659017045016686,"rgba(38, 166, 154, 1.0)",1.4402081994134275,14.511150437691333,1.2177750154616402,67.8679990029188,13.101329045982354,True,False,True,False,True,16.164674969968242,0.0,0.0,0.0,0.0,0,,,False,False,False,False,,,False,False,False,False,81076.0,-179439.3669517214,False,False,False,False,36799.37745985315,False,False,False,False
2024-05-17 17:00:00+00:00,16.92,17.11,16.89,17.095,40345.0,,,,,,,,,,,15.687153079674912,13.870659466530533,,,,14.778906273102724,"rgba(38, 166, 154, 1.0)",1.4791882817859878,14.594581202445784,1.6903992739417744,72.61050237110442,17.448064722491665,True,False,True,False,True,20.0,0.0,0.0,0.0,0.0,0,,,False,False,False,False,,,False,False,False,False,121421.0,-174774.8651385164,False,False,False,False,36854.34835194845,False,False,False,False
2024-05-20 17:00:00+00:00,17.105,17.27,17.1,17.215,14616.0,,,,,,,,,,,15.750329248424562,13.891202002227233,,,,14.820765625325897,"rgba(38, 166, 154, 1.0)",1.5158256068130929,14.624665170892166,1.708860714230718,76.07500629919754,20.519324441047146,True,False,True,False,True,20.0,0.0,0.0,0.0,0.0,0,,,False,False,False,False,,,False,False,False,False,136037.0,-169956.0765317177,False,False,False,False,36509.5677573446,False,False,False,False
2024-05-21 17:00:00+00:00,17.155,17.29,17.1,17.24,54604.0,,,,,,,,,,,15.947885474165671,13.966090176331786,,,,14.956987825248728,"rgba(38, 166, 154, 1.0)",1.5538615136503044,14.952938795802991,1.471856522673171,78.45125919510835,22.628503027588806,True,False,True,False,True,20.0,0.0,0.0,0.0,0.0,0,,,False,False,False,False,,,False,False,False,False,190641.0,-164365.42418238876,False,False,False,False,36790.10159056407,False,True,False,False
2024-05-22 17:00:00+00:00,16.755,16.785,16.425,16.545,23626.0,,,,,,,,,,,15.983130964506623,13.991412240904015,,,,14.98727160270532,"rgba(38, 166, 154, 0.75)",1.5673050980170655,14.960005588015044,1.0112864521338398,72.58104229925101,28.92883746765176,True,False,True,False,False,15.295162501549665,0.0,0.0,0.0,0.0,0,,,False,False,False,False,,,False,False,False,False,167015.0,-159227.74318731294,False,False,False,False,36586.00699226075,False,False,False,False
2024-05-23 17:00:00+00:00,16.66,16.675,16.33,16.545,47684.0,,,,,,,,,,,16.03671839817676,14.039748463914021,,,,15.038233431045391,"rgba(38, 166, 154, 0.75)",1.5754914377013556,14.985665871268834,0.9897445910631153,68.66756436867945,25.488820483965313,True,False,True,False,False,15.295162501549665,0.0,0.0,0.0,0.0,0,,,False,False,False,False,,,False,False,False,False,167015.0,-154169.71616115305,False,False,False,False,36758.06889935748,False,False,False,False
2024-05-24 17:00:00+00:00,16.71,16.725,16.54,16.595,12683.0,,,,,,,,,,,16.051895097262854,14.052818400341126,,,,15.05235674880199,"rgba(38, 166, 154, 0.5)",1.579427119884625,14.99574623036991,1.0125530640165985,66.37039242424531,23.45153049536961,False,False,True,False,False,15.588266634317456,0.0,0.0,0.0,0.0,0,,,False,False,False,False,,,False,False,False,False,179698.0,-148993.47249973982,False,False,False,False,36384.8120171969,False,False,False,False
2024-05-27 17:00:00+00:00,16.595,16.595,16.595,16.595,0.0,,,,,,,,,,,16.051895097262854,14.052818400341126,,,,15.05235674880199,"rgba(38, 166, 154, 0.5)",1.5826387049071835,14.99574623036991,1.0104983308391156,64.83894446128922,21.956306257600758,False,False,True,False,False,15.588266634317456,0.0,0.0,0.0,0.0,0,,,False,False,False,False,,,False,False,False,False,179698.0,-143897.4806780384,False,False,False,False,35820.706404527176,False,False,False,False
2024-05-28 17:00:00+00:00,17.12,17.2,17.055,17.095,25325.0,,,,,,,,,,,16.10448299780082,14.083497004440424,,,,15.093990001120622,"rgba(38, 166, 154, 0.75)",1.5800366257586427,15.032123348582472,1.3055878691590788,66.77583807018468,21.956306257600758,True,False,True,False,False,18.477493740179213,0.0,0.0,0.0,0.0,0,,,False,False,False,False,,,False,False,False,False,205023.0,-138487.86082256495,False,False,False,False,35657.98227422443,False,False,False,False
2024-05-29 17:00:00+00:00,16.865,16.865,16.73,16.745,44153.0,,,,,,,,,,,16.15803844956786,14.129763199539694,,,,15.143900824553779,"rgba(38, 166, 154, 0.5)",1.5677089843014484,15.072661625543684,1.0667403141798601,64.42723621588695,21.386248642826885,False,False,True,False,False,15.339450900536768,0.0,0.0,0.0,0.0,0,,,False,False,False,False,0.29342877063524647,0.29342877063524647,False,False,False,False,160870.0,-133846.65367802905,False,False,False,False,35789.68797539925,False,False,False,False
2024-05-30 17:00:00+00:00,16.905,16.94,16.765,16.81,25220.0,,,,,,,,,,,16.187510804961008,14.15605087905704,,,,15.171780842009024,"rgba(38, 166, 154, 0.5)",1.5599842428171697,15.09631995236747,1.0985239469712853,63.281407466124705,20.018704707745,False,False,True,False,False,15.716592296739677,0.0,0.0,0.0,0.0,0,0.8857069474765634,0.7942725054578145,False,False,False,False,0.3001765939853161,0.2968026823102813,False,False,False,False,186090.0,-128886.39548147045,False,False,False,False,35625.81684399771,False,False,False,False
2024-05-31 17:00:00+00:00,16.64,16.765,16.61,16.695,13444.0,,,,,,,,,,,16.198853394315496,14.169093125140778,,,,15.183973259728138,"rgba(38, 166, 154, 0.5)",1.546505671762252,15.106488498028234,1.027161769256008,61.325916164445275,17.84737292796413,False,True,True,False,False,14.692983902511653,0.0,0.0,0.0,0.0,0,0.8858135942327499,0.7958290422245111,False,False,False,False,0.28001001373752604,0.28840634802390364,False,False,False,False,172646.0,-124211.4746212926,False,False,False,False,35281.91270688146,False,False,False,False
2024-06-03 17:00:00+00:00,16.85,16.85,16.85,16.85,0.0,,,,,,,,,,,16.198853394315496,14.169093125140778,,,,15.183973259728138,"rgba(38, 166, 154, 0.5)",1.5329349022102792,15.106488498028234,1.137368259707484,61.18087529120827,17.317839965525152,False,True,True,False,False,15.61456766759219,0.0,0.0,0.0,0.0,0,0.8903333762388982,0.79122152143133,False,False,False,False,0.29986930248253824,0.29413782525322096,False,False,False,False,172646.0,-119609.0331542958,False,False,False,False,34734.90630832516,False,False,False,False
2024-06-04 17:00:00+00:00,16.255,16.4,16.23,16.38,36613.0,,,,,,,,,,,16.206834699732312,14.199056438112255,,,,15.202945568922283,"rgba(38, 166, 154, 0.5)",1.5099320580144804,15.121027392484047,0.8337942100331766,56.66364063485173,12.760775250742327,False,True,True,False,False,11.523459749940287,0.0,0.0,0.0,0.0,0,0.8900763358778627,0.7912213740458018,False,False,False,False,0.23526042136780936,0.26469912331051515,False,False,False,False,136033.0,-115645.59077981059,False,False,False,False,34764.02403997903,False,False,False,False
2024-06-05 17:00:00+00:00,16.56,16.695,16.555,16.67,14910.0,,,,,,,,,,,16.216815266511826,14.212720446340343,,,,15.214767856426086,"rgba(38, 166, 154, 0.5)",1.4879106731155591,15.131365279744966,1.034090787878593,55.944718712680725,11.844368898759981,False,True,True,False,False,13.277974984249127,0.0,0.0,0.0,0.0,0,0.903267136450993,0.7851377322229343,False,False,False,False,0.27242956314031047,0.2685643432254128,False,False,False,False,150943.0,-111512.43433361196,False,False,False,False,34456.2097137778,False,False,False,False
2024-06-06 17:00:00+00:00,16.89,16.955,16.775,16.93,15920.0,,,,,,,,,,,16.23289912778816,14.228607757393812,,,,15.230753442590984,"rgba(38, 166, 154, 0.5)",1.4586193706613442,15.14581575850869,1.2232007042950168,57.23915251977169,11.844368898759981,False,True,True,False,False,14.800232011549536,0.0,0.0,0.0,0.0,0,0.9162580645161291,0.7771612903225809,False,False,False,False,0.30171387880615747,0.28513911101578515,False,False,False,False,166863.0,-107196.53612688929,False,False,False,False,34168.82661744016,False,False,False,False
2024-06-07 17:00:00+00:00,16.05,16.08,15.9,15.97,55235.0,,,,,,,,,,,16.21370729158255,14.264049622936186,,,,15.238878457259368,#000000,1.42368561794336,15.151428134475372,0.5749667308623431,51.58108598916222,7.437864561957916,False,True,False,False,False,7.165253320745453,0.0,0.0,0.0,0.0,0,0.9150931440882019,0.7816499809910027,False,False,False,False,0.19696492612142566,0.24105201856860542,False,False,False,False,111628.0,-103803.90765980573,False,False,False,False,34495.433956704655,False,False,False,False
2024-06-10 17:00:00+00:00,16.17,16.195,16.065,16.15,18557.0,,,,,,,,,,,16.211767001122393,14.276671172267342,,,,15.244219086694867,"rgba(239, 83, 80, 1.0)",1.3840736095875774,15.156229186774777,0.7180043072429819,49.09381604761445,5.086689542712158,False,True,False,True,False,8.251053680859076,0.0,0.0,0.0,0.0,0,0.9141973718113888,0.7941252254573565,False,False,False,False,0.21338529822172164,0.22721865839516353,False,False,False,False,130185.0,-100176.17265732812,False,False,False,False,34248.32645349993,False,False,False,False
2024-06-11 17:00:00+00:00,15.82,15.91,15.785,15.905,27985.0,,,,,,,,,,,16.199139409138375,14.29266988647089,,,,15.245904647804633,"rgba(239, 83, 80, 1.0)",1.329839792559203,15.157703439370493,0.5619448032844431,46.11326674639708,2.2515809820858976,False,True,False,True,False,6.440523233628834,0.0,0.0,0.0,0.0,0,0.8965827338129501,0.7958633093525181,False,False,False,False,0.18035828781950364,0.20378847310733358,False,False,False,False,102200.0,-97038.55757736955,False,False,False,False,34151.22061701156,False,False,False,False
2024-06-12 17:00:00+00:00,16.125,16.125,15.835,15.93,22180.0,,,,,,,,,,,16.19249355768351,14.30588785363989,,,,15.2491907056617,"rgba(239, 83, 80, 1.0)",1.2719253051897401,15.160918549321924,0.6046592889850148,44.33005039178131,0.4942357674824649,False,True,False,True,False,6.595422409706693,0.0,0.0,0.0,0.0,0,0.9025673940949939,0.7866495507060337,False,False,False,False,0.19579614545696905,0.1997923092821513,False,False,False,False,124380.0,-93605.71172345684,False,False,False,False,33965.62029736797,False,False,False,False
2024-06-13 17:00:00+00:00,15.3,15.38,15.21,15.25,92247.0,,,,,,,,,,,16.09675672263603,14.336920216356571,,,,15.2168384694963,"rgba(239, 83, 80, 1.0)",1.214346392987682,15.13253174981706,0.09673372512264002,39.90498953691211,-3.71832888731997,False,True,False,True,False,1.7806451722370973,0.0,0.0,0.0,0.0,0,0.8975461674677463,0.7920566658234254,False,False,False,False,0.11680872367237045,0.15830051647726087,False,False,False,False,32133.0,-91656.2743323955,False,False,False,False,34869.20757957931,False,False,False,False
2024-06-14 17:00:00+00:00,15.215,15.31,15.13,15.3,43453.0,,,,,,,,,,15.246666666666666,16.05672247125415,14.35037030150335,,15.246666666666666,,15.217919813141387,"rgba(239, 83, 80, 1.0)",1.1700277466487539,15.131952004506324,0.1436273592442633,37.39898008490592,-6.092807089113521,False,True,False,True,False,2.1033851618157335,1.0,15.31,15.13,0.0,0,0.8939568161492273,0.7990290021719689,False,False,False,False,0.10826507834866358,0.13328279741296223,False,False,False,False,75586.0,-89063.37085437386,False,False,False,False,35002.28963260909,False,False,False,False
2024-06-17 17:00:00+00:00,15.24,15.385,15.24,15.3,27000.0,,,,,,,,,,15.27029944312757,16.035445386746186,14.359090492413452,,15.27029944312757,,15.221611774095736,"rgba(239, 83, 80, 1.0)",1.1389566823739863,15.12941655256243,0.14977167268733554,35.728307116901796,-7.772561273220369,False,True,False,True,False,2.1033851618157335,0.0,0.0,0.0,0.0,0,0.906036812974643,0.7936671386278802,False,False,False,False,0.118804640525722,0.1260437189693421,False,False,False,False,75586.0,-86510.66743027505,False,False,False,False,34878.22312667717,False,False,False,False
2024-06-18 17:00:00+00:00,15.445,15.625,15.41,15.475,47421.0,,,,,,,,,,15.364049550084554,16.010138838604423,14.37709635656039,,15.364049550084554,,15.250428248416455,"rgba(239, 83, 80, 1.0)",1.1061473111091071,15.13566532593489,0.30677168461845084,36.39136790058413,-7.772561273220369,False,True,False,True,False,3.2558541435147674,0.0,0.0,0.0,0.0,0,0.9076330981398335,0.7864015394483646,False,False,False,False,0.14226002114318628,0.1341518700562642,False,False,False,False,123007.0,-83262.3315011235,False,False,False,False,35072.68478362791,False,False,False,False
2024-06-19 17:00:00+00:00,15.475,15.475,15.475,15.475,0.0,,,,,,,,,,15.364049550084554,16.010138838604423,14.37709635656039,,15.364049550084554,,15.250428248416455,"rgba(239, 83, 80, 1.0)",1.0833290076143873,15.13566532593489,0.3132332575607512,36.83340842303902,-7.772561273220369,False,True,False,True,False,3.2558541435147674,0.0,0.0,0.0,0.0,0,0.9071271504333207,0.7962747380675205,False,False,False,False,0.1373853685209472,0.1357686192886057,False,False,False,False,123007.0,-80064.35736932313,False,False,False,False,34528.92222884298,False,False,False,False
2024-06-20 17:00:00+00:00,15.805,15.9,15.765,15.895,25517.0,,,,,,,,,,15.451119549576566,16.006226145470496,14.389491422683612,,15.451119549576566,,15.282279039243557,"rgba(239, 83, 80, 0.75)",1.0668415664605326,15.147369720493804,0.7007884797614449,41.13920644349618,-7.772561273220369,False,True,False,True,True,5.982569241076952,0.0,0.0,0.0,0.0,0,0.9078812691914024,0.7890225179119755,False,False,False,False,0.1786160847098046,0.15719235199920517,False,False,False,False,148524.0,-76520.35182871346,False,False,False,False,34389.202504364795,False,False,False,False
2024-06-21 17:00:00+00:00,15.67,15.74,15.595,15.705,35665.0,,,,,,,,,,15.496708757781551,15.995232099925003,14.404460645260192,,15.496708757781551,,15.298800500988916,"rgba(239, 83, 80, 0.75)",1.0448581739181828,15.154035120515326,0.5273106850651073,42.52509273692336,-13.302867026262547,False,True,False,True,True,4.586297877060126,0.0,0.0,0.0,0.0,0,0.904664797348968,0.789956665816977,False,False,False,False,0.1595201003627877,0.15835622618099643,False,False,False,False,112859.0,-73584.23784687294,False,False,False,False,34408.98231049867,False,False,False,False
2024-06-24 17:00:00+00:00,15.65,15.785,15.575,15.69,42408.0,,,,,,,,,,15.532445378631893,15.983215144370904,14.421859559177994,,15.532445378631893,,15.312506694060263,"rgba(239, 83, 80, 0.75)",1.030468383838207,15.160688118897724,0.513661446973013,43.329908762727406,-12.2727205745054,False,True,False,True,True,4.475908987063573,0.0,0.0,0.0,0.0,0,0.9011746680286008,0.7941777323799799,False,False,False,False,0.16096256447309754,0.15965939532704698,False,False,False,False,70451.0,-71351.13338413074,False,False,False,False,34532.99808863048,False,False,False,False
2024-06-25 17:00:00+00:00,15.605,15.695,15.595,15.615,18278.0,,,,,,,,,,15.540264172874728,15.977527181918896,14.428931646761674,,15.540264172874728,,15.315574333851766,"rgba(239, 83, 80, 0.75)",1.0120622822055467,15.16251970379451,0.4470874017945,43.22999588907178,-12.014308089427288,False,True,False,True,True,3.917433717881803,0.0,0.0,0.0,0.0,0,0.9076863653920434,0.7902665121668601,False,False,False,False,0.15692531867978535,0.15829235700341615,False,False,False,False,52173.0,-69436.03054096592,False,False,False,False,34280.98261438814,False,False,False,False
2024-06-26 17:00:00+00:00,15.695,15.86,15.685,15.86,36065.0,,,,,,,,,,15.574445614747509,15.97203609895663,14.444542029394045,,15.574445614747509,,15.330341247699394,"rgba(239, 83, 80, 0.75)",0.9974255690355059,15.170819333779063,0.6909594937368237,45.728057679208064,-9.32695208957508,False,True,False,True,True,5.544311793748598,0.0,0.0,0.0,0.0,0,0.9123393316195375,0.7789203084832907,False,False,False,False,0.17165787962099505,0.1649751183122056,False,False,False,False,88238.0,-66991.47192792769,False,False,False,False,34308.641798661185,False,False,False,False
2024-06-27 17:00:00+00:00,15.855,15.89,15.77,15.775,26327.0,,,,,,,,,,15.595116306009913,15.968462228015898,14.455797407435439,,15.595116306009913,,15.339791980487083,"rgba(239, 83, 80, 0.75)",0.9769706949232286,15.176632448985528,0.6124723639346144,46.546795135571635,-8.26673969387835,False,True,False,True,True,4.896947323873707,0.0,0.0,0.0,0.0,0,0.9133777549974375,0.7767811378780117,False,False,False,False,0.17832582208359932,0.17165047019790247,False,False,False,False,61911.0,-64992.98399106059,False,False,False,False,34184.89541418581,False,False,False,False
2024-06-28 17:00:00+00:00,15.73,15.775,15.58,15.665,16657.0,,,,,,,,,,15.599203187459283,15.964358829247992,14.462106586325119,,15.599203187459283,,15.341889534344132,"rgba(239, 83, 80, 0.75)",0.9543488275702563,15.1784271239946,0.5098480366389706,46.001294355619756,-8.26673969387835,False,True,False,True,True,4.057860836245126,0.0,0.0,0.0,0.0,0,0.9130826680401752,0.778650527942313,False,False,False,False,0.16067401870500858,0.16616224445145553,False,False,False,False,45254.0,-63283.72842530771,False,False,False,False,33913.14509768681,False,False,False,False
2024-07-01 17:00:00+00:00,15.57,15.64,15.54,15.54,5168.0,,,,,,,,,,15.59879049509351,15.962679277587085,14.463890286228162,,15.59879049509351,,15.34178668630292,"rgba(239, 83, 80, 1.0)",0.9239163752572562,15.178596295997844,0.39116495137509144,44.4411907627361,-8.26673969387835,False,True,False,True,False,3.106695407199144,0.0,0.0,0.0,0.0,0,0.9155440414507776,0.7759067357512959,False,False,False,False,0.1505912599151219,0.15837675218328873,False,False,False,False,40086.0,-61681.096976853325,False,False,False,False,33467.48393338159,False,False,False,False
2024-07-02 17:00:00+00:00,15.44,15.595,15.35,15.585,23672.0,,,,,,,,,,15.592744289203202,15.95394494246297,14.471525607951367,,15.592744289203202,,15.339404946539181,"rgba(239, 83, 80, 1.0)",0.8828892730509911,15.203859769560987,0.431696524210688,44.01438491889199,-8.26673969387835,False,True,False,True,False,3.4230401862586675,0.0,0.0,0.0,0.0,0,0.9087147659684511,0.7813550555986557,False,False,False,False,0.13709882842772889,0.14773779030550882,False,False,False,False,63758.0,-59736.304775661796,False,False,False,False,33315.615965422185,False,False,False,False
2024-07-03 17:00:00+00:00,16.115,16.115,16.115,16.115,0.0,,,,,,,,,,15.592744289203202,15.95394494246297,14.471525607951367,,15.592744289203202,,15.339404946539181,#000000,0.858128988183245,15.203859769560987,1.0617753775781391,49.29066652310131,-4.948925948476614,False,True,False,False,True,7.018073919503763,0.0,0.0,0.0,0.0,0,0.9146294637143227,0.784461794445156,False,False,False,False,0.21162069120903834,0.1796792407572736,False,False,False,False,63758.0,-57821.66439154301,False,False,False,False,32799.0947876637,False,False,False,False
2024-07-04 17:00:00+00:00,16.115,16.115,16.115,16.115,0.0,,,,,,,,,,15.592744289203202,15.95394494246297,14.471525607951367,,15.592744289203202,,15.339404946539181,"rgba(38, 166, 154, 0.5)",0.8315932986829886,15.203859769560987,1.0956560519210568,52.80818759257419,-1.7390362219669555,False,False,True,False,True,7.018073919503763,0.0,0.0,0.0,0.0,0,0.9195520659029479,0.7818252027287943,False,False,False,False,0.21162069120903834,0.19564996598315598,False,False,False,False,63758.0,-55936.70835446482,False,False,False,False,32290.58169018054,False,False,False,False
2024-07-05 17:00:00+00:00,16.715,16.745,16.56,16.565,27804.0,,,,,,,,,,15.669067748078891,15.96877891008444,14.489815816067667,,15.669067748078891,,15.375887491410333,"rgba(38, 166, 154, 0.5)",0.8042068836510617,15.269753671522647,1.6105884627559968,58.362685301630755,3.245016609269129,False,False,True,False,True,9.9083510602566,0.0,0.0,0.0,0.0,0,0.9268729225262085,0.7766555868064438,False,False,False,False,0.2757611495944586,0.23570555778880728,False,False,False,False,91562.0,-53649.906674550635,False,False,False,False,32221.022284131228,False,False,False,False
2024-07-08 17:00:00+00:00,16.635,16.745,16.58,16.74,21482.0,,,,,,,,,,15.72423258934907,15.980891508403941,14.504159798929042,,15.72423258934907,,15.40309463222735,"rgba(38, 166, 154, 1.0)",0.7814411668816397,15.298034723033137,1.8452640302033994,63.03181106840781,7.286851825257841,True,False,True,False,True,10.988303964243737,0.0,0.0,0.0,0.0,0,0.9258171603677227,0.7760469867211445,False,False,False,False,0.2769741139069794,0.2563398358478933,False,False,False,False,113044.0,-51065.50502068163,False,False,False,False,32054.525814609813,False,False,False,False
2024-07-09 17:00:00+00:00,16.72,16.8,16.7,16.715,15708.0,,,,,,,,,,15.762837847117032,15.990101432873843,14.51476785801189,,15.762837847117032,,15.422569046000921,"rgba(38, 166, 154, 1.0)",0.7539256003153446,15.315437443449005,1.8563669358960615,65.78201123451811,9.590364391978568,True,False,True,False,True,10.780838546540654,0.0,0.0,0.0,0.0,0,0.9290953545232279,0.7794363659760654,False,False,False,False,0.28762196033990517,0.27198089809389925,False,False,False,False,97336.0,-48764.7064932292,False,False,False,False,31801.09130585617,False,False,False,False
2024-07-10 17:00:00+00:00,16.975,17.11,16.895,17.11,26770.0,,,,,,,,,,15.840547002127922,16.011382044643444,14.535024198559519,,15.840547002127922,,15.46231774844363,"rgba(38, 166, 154, 1.0)",0.7602495026676104,15.350501833174274,2.314369375648244,69.6335751792445,13.018557752324575,True,False,True,False,True,13.185360165702434,0.0,0.0,0.0,0.0,0,0.9240522540983611,0.7759989754098364,False,False,False,False,0.3187174966971673,0.2953491973955333,False,False,False,False,124106.0,-46084.540501086114,False,False,False,False,31723.0898902615,False,False,False,False
2024-07-11 17:00:00+00:00,17.435,17.62,17.365,17.515,17939.0,,,,,,,,,,15.905639313936858,16.031361856699828,14.550887283255381,,15.905639313936858,,15.495962817964022,"rgba(38, 166, 154, 1.0)",0.779727620494622,15.380212081054118,2.7378636626873303,73.67901086728365,16.65309339463316,True,False,True,False,True,15.515591588827537,0.0,0.0,0.0,0.0,0,0.9292035398230093,0.7707964601769915,False,False,False,False,0.34282824240148313,0.3190887198985082,False,False,False,False,142045.0,-43167.80343905377,False,False,False,False,31509.383070257445,False,False,False,False
2024-07-12 17:00:00+00:00,17.55,17.665,17.515,17.63,15290.0,,,,,,,,,,15.96056191955268,16.049141458711674,14.564743600286912,,15.96056191955268,,15.524815659517088,"rgba(38, 166, 154, 1.0)",0.8004749828684478,15.4048037289548,2.779844865446462,76.73334964727988,19.42005896626823,True,False,True,False,True,16.158293676840273,0.0,0.0,0.0,0.0,0,0.9375797804442179,0.7674240490171053,False,False,False,False,0.34282824258852596,0.33095848124351707,False,False,False,False,157335.0,-40059.232843099446,False,False,False,False,31257.919766842602,False,False,False,False
2024-07-15 17:00:00+00:00,17.69,17.735,17.545,17.57,10503.0,,,,,,,,,,15.996565016375953,16.061226180392136,14.574230562283002,,15.996565016375953,,15.544007253017034,"rgba(38, 166, 154, 1.0)",0.8119975924164642,15.420730589321177,2.64689135873261,77.84814927751907,20.531991407372814,True,False,True,False,True,15.636932011758894,0.0,0.0,0.0,0.0,0,0.946673503397001,0.7606717087552882,False,False,False,False,0.34282824268220424,0.3368933619628607,False,False,False,False,146832.0,-37161.69434940798,False,False,False,False,30936.138065031086,False,False,False,False
2024-07-16 17:00:00+00:00,17.765,17.8,17.665,17.795,28462.0,,,,,,,,,,16.094301949416423,16.09585377690859,14.600786835546218,,16.094301949416423,,15.596980853957078,"rgba(38, 166, 154, 1.0)",0.8310533747670823,15.627612554146172,2.608000294158338,79.41081962838456,22.229206036911464,True,False,True,False,True,16.90827396964978,0.0,0.0,0.0,0.0,0,0.9435628359355008,0.7577425134374203,False,False,False,False,0.3428282428516531,0.3398608024072569,False,False,False,False,175294.0,-33867.80761530864,False,False,False,False,30897.77933534068,False,False,False,False
2024-07-17 17:00:00+00:00,17.445,17.47,17.265,17.265,25515.0,,,,,,,,,,16.15316184575054,16.11814673082287,14.621097316072955,,16.15316184575054,,15.630801964215452,"rgba(38, 166, 154, 0.75)",0.8378625314582737,15.637088523344202,1.9429338531494769,73.6728973450142,22.229206036911464,True,False,True,False,False,12.408733664130459,0.0,0.0,0.0,0.0,0,0.9438359653591446,0.7586602139582275,False,False,False,False,0.3011763330800322,0.32051856774364457,False,False,False,False,149779.0,-31020.570287939507,False,False,False,False,30814.3253921571,False,False,False,False
2024-07-18 17:00:00+00:00,17.125,17.125,16.91,17.12,21331.0,,,,,,,,,,16.18748277179379,16.131997593089544,14.636107498160875,,16.18748277179379,,15.651862621014736,"rgba(38, 166, 154, 0.75)",0.8335885194866022,15.640779023184349,1.7745217721168807,68.38600834444617,26.129717246440805,True,False,True,False,False,11.230208046725838,0.0,0.0,0.0,0.0,0,0.9370886075949371,0.7649367088607597,False,False,False,False,0.2621690276190009,0.29134379768132274,False,False,False,False,128448.0,-28548.18935324277,False,False,False,False,30667.2970915035,False,False,False,False
2024-07-19 17:00:00+00:00,17.035,17.115,16.985,17.04,13975.0,,,,,,,,,,16.208459160974353,16.140803145084316,14.64582115506201,,16.208459160974353,,15.66502782037356,"rgba(38, 166, 154, 0.75)",0.8329203643406609,15.645474297867898,1.6742605437868086,64.05351979199942,22.15220181024327,True,False,True,False,False,10.580594004253712,0.0,0.0,0.0,0.0,0,0.9380564741795981,0.7704146527601121,False,False,False,False,0.26575678943734016,0.2785502935593315,False,False,False,False,114473.0,-26330.80657257234,False,False,False,False,30408.50178775926,False,False,False,False
2024-07-22 17:00:00+00:00,16.95,17.195,16.905,17.145,31709.0,,,,,,,,,,16.25429207931991,16.1609156211728,14.667890663417692,,16.25429207931991,,15.694366121303469,"rgba(38, 166, 154, 0.75)",0.8336210332201756,15.66043343412082,1.7808650534457857,62.03205464280498,20.23611868963802,True,False,True,False,False,11.224060695088902,0.0,0.0,0.0,0.0,0,0.9406230133502862,0.7675778766687859,False,False,False,False,0.26575678943734043,0.2721535414983359,False,False,False,False,146182.0,-23656.189416408426,False,False,False,False,30428.664550739737,False,False,False,False
2024-07-23 17:00:00+00:00,17.09,17.14,17.015,17.14,10374.0,,,,,,,,,,16.268541361198032,16.16742604166946,14.675073675019123,,16.268541361198032,,15.703680359295538,"rgba(38, 166, 154, 0.75)",0.836326410479133,15.665878187796201,1.7626154019927127,60.62423449645619,18.708362494347867,True,False,True,False,False,11.18223128709852,0.0,0.0,0.0,0.0,0,0.9427514981512178,0.7731735305367846,False,False,False,False,0.2687978146324485,0.2704756780653922,False,False,False,False,135808.0,-21183.87640220054,False,False,False,False,30117.73951894532,False,False,False,False
2024-07-24 17:00:00+00:00,17.575,17.585,17.14,17.145,16118.0,,,,,,,,,,16.294649168293393,16.179409843325775,14.68702609674888,,16.294649168293393,,15.720361702789349,"rgba(38, 166, 154, 0.75)",0.8399306974843956,15.67807230305505,1.7464865867367618,59.734771744169876,17.507721826052048,True,False,True,False,False,11.213807050024673,0.0,0.0,0.0,0.0,0,0.9496330043027087,0.7623386484434322,False,False,False,False,0.30061303870788253,0.2855443583866374,False,False,False,False,151926.0,-18500.002349453243,False,False,False,False,29900.689293845393,False,False,False,False
2024-07-25 17:00:00+00:00,16.52,16.595,16.335,16.34,31102.0,,,,,,,,,,16.300697613617984,16.18433312956214,14.702206610323465,,16.300697613617984,,15.72907911783453,#000000,0.8367098100932924,15.722132777841418,0.7384486409806645,51.65952694666299,9.729929638774479,False,False,False,False,False,4.732709476494158,0.0,0.0,0.0,0.0,0,0.9429567816664595,0.7810437165275876,False,False,False,False,0.20209835570959803,0.2438213570481177,False,False,False,False,120824.0,-16339.940297523735,False,False,False,False,29919.314266033834,False,False,False,False
2024-07-26 17:00:00+00:00,16.505,16.58,16.46,16.515,21462.0,,,,,,,,,,16.307534658030516,16.18892112549491,14.713097807838528,,16.307534658030516,,15.736517863787986,"rgba(239, 83, 80, 1.0)",0.8323396255449451,15.72477901932789,0.9493972849781613,48.136085064942634,6.426385508088458,False,True,False,True,False,5.885256177340693,0.0,0.0,0.0,0.0,0,0.9442166728786189,0.7787302770530503,False,False,False,False,0.20800747410778897,0.22591441557795333,False,False,False,False,142286.0,-13880.623393686157,False,False,False,False,29788.193114622456,False,False,False,False
2024-07-29 17:00:00+00:00,16.585,16.885,16.555,16.88,13876.0,,,,,,,,,,16.316807182449107,16.19406570228762,14.721055000000463,,16.316807182449107,,15.743975961579062,#000000,0.827359024218025,15.732838993232543,1.386533503821622,49.10113097088698,6.426385508088458,False,True,False,False,False,8.216580614275092,0.0,0.0,0.0,0.0,0,0.9487720168692636,0.7715207144629125,False,False,False,False,0.22961968765225738,0.22776705161510535,False,False,False,False,156162.0,-11244.303651148388,False,False,False,False,29541.492446178698,False,False,False,False
2024-07-30 17:00:00+00:00,16.715,16.785,16.67,16.715,27439.0,,,,,,,,,,16.332203766327574,16.20312125155602,14.736231342582695,,16.332203766327574,,15.757185453488765,"rgba(239, 83, 80, 1.0)",0.8177766055449522,15.74315880679978,1.1883944669126376,48.39994318063611,6.27775379873011,False,True,False,True,False,6.94160614084754,0.0,0.0,0.0,0.0,0,0.9482650632594268,0.7811599649254669,False,False,False,False,0.2304341402208272,0.22910059591796628,False,False,False,False,128723.0,-9074.267935626707,False,False,False,False,29508.8956640674,False,False,False,False
2024-07-31 17:00:00+00:00,17.04,17.18,16.865,17.03,44968.0,,,,,,,,,,16.37269156557819,16.225537998171074,14.764312723219769,,16.37269156557819,,15.787514095656343,#000000,0.8121349796833488,15.774467233699054,1.5459656309724261,50.49648898479129,6.27775379873011,False,True,False,False,False,8.914035197975991,0.0,0.0,0.0,0.0,0,0.9586043021510758,0.7713856928464232,False,False,False,False,0.2627205594931442,0.24591057770555524,False,False,False,False,173691.0,-6240.697890113115,False,False,False,False,29748.57170028341,False,False,False,False
2024-08-01 17:00:00+00:00,17.23,17.39,17.045,17.365,63621.0,,,,,,,,,,16.44096310994115,16.264221207997775,14.807008820158925,,16.44096310994115,,15.837397712699286,"rgba(38, 166, 154, 0.5)",0.8131268863673011,15.825387901034452,1.8934463055869017,54.12866216082109,6.27775379873011,False,False,True,False,True,10.92909856513322,0.0,0.0,0.0,0.0,0,0.9646282226927395,0.7658487981068627,False,False,False,False,0.28435624830678186,0.26513341300616855,False,False,False,False,237312.0,-2464.687070111361,False,False,False,False,30273.725627410797,False,False,False,False
2024-08-02 17:00:00+00:00,17.395,17.495,17.25,17.42,41980.0,,,,,,,,,,16.486412161922793,16.291121108824655,14.835747167665021,,16.486412161922793,,15.871093479470822,"rgba(38, 166, 154, 0.5)",0.8187531280457703,15.858434849295389,1.907247859231773,56.89241013605731,-0.43024950366543635,False,False,True,False,True,11.254724719915295,0.0,0.0,0.0,0.0,0,0.9686406796601704,0.7681159420289857,False,False,False,False,0.30173981306356434,0.28343661303486645,False,False,False,False,279292.0,1903.6336596578067,False,False,False,False,30455.21825334241,False,False,False,False
2024-08-05 17:00:00+00:00,17.01,17.08,16.81,16.935,25705.0,,,,,,,,,,16.49940370803747,16.300515670924174,14.850006053077431,,16.49940370803747,,15.88330847734636,"rgba(38, 166, 154, 0.5)",0.8045605817648406,15.866865975951644,1.3275992489034871,54.39089072796908,-0.43024950366543635,False,False,True,False,True,7.48270200583357,0.0,0.0,0.0,0.0,0,0.9642280462054407,0.7700906719662156,False,False,False,False,0.2541891323784274,0.2688128727066469,False,False,False,False,253587.0,5805.70135485691,False,False,False,False,30381.571458716946,False,False,False,False
2024-08-06 17:00:00+00:00,17.2,17.495,17.16,17.235,27011.0,,,,,,,,,,16.522615014416207,16.315406066720314,14.867290742920773,,16.522615014416207,,15.901770608019097,"rgba(38, 166, 154, 0.5)",0.8016753291285585,15.883662791665264,1.6856415050263218,54.863348326219,-0.43024950366543635,False,False,True,False,True,9.296274180050023,0.0,0.0,0.0,0.0,0,0.9724793286437124,0.7561397013451808,False,False,False,False,0.2966751376026761,0.28274400515466147,False,False,False,False,280598.0,10066.047070285485,False,False,False,False,30329.314536876373,False,False,False,False
2024-08-07 17:00:00+00:00,17.025,17.025,16.645,16.66,16884.0,,,,,,,,,,16.52715570909714,16.319676019387135,14.87568535030974,,16.52715570909714,,15.907505692931338,#000000,0.7927012888430186,15.886605983929051,0.9756436970094375,51.182786286069685,-0.43024950366543635,False,False,False,False,False,5.088886233542514,0.0,0.0,0.0,0.0,0,0.9657659860618661,0.7639075681623672,False,False,False,False,0.24214159804224078,0.2624428015984511,False,False,False,False,263714.0,13998.573472296564,False,False,False,False,30120.860047932554,False,False,False,False
2024-08-08 17:00:00+00:00,17.05,17.38,16.995,17.225,38857.0,,,,,,,,,,16.5537386122849,16.338039623738492,14.898967635156131,,16.5537386122849,,15.930248623726508,"rgba(38, 166, 154, 0.5)",0.7846076198439362,15.906291415467015,1.6807236524102156,52.322089777758144,-0.43024950366543635,False,False,True,False,False,8.420825761267103,0.0,0.0,0.0,0.0,0,0.965371621621622,0.7545849420849422,False,False,False,False,0.28101123164080466,0.2717270166196279,False,False,False,False,302571.0,18472.564581253206,False,False,False,False,30256.304078197165,False,False,False,False
2024-08-09 17:00:00+00:00,17.335,17.375,17.225,17.375,40577.0,,,,,,,,,,16.58429782256103,16.35908065048305,14.92408179826324,,16.58429782256103,,15.955820090435772,"rgba(38, 166, 154, 0.5)",0.7844714752593273,15.929419952922007,1.8427439271773636,53.901850834916274,-0.43024950366543635,False,False,True,False,False,9.269487540347548,0.0,0.0,0.0,0.0,0,0.9751164501103219,0.7487129198332926,False,False,False,False,0.292915447713066,0.28232123216634697,False,False,False,False,343148.0,23506.292262164006,False,False,False,False,30416.31486768248,False,False,False,False
2024-08-12 17:00:00+00:00,17.985,18.255,17.97,18.08,49583.0,,,,,,,,,,16.65437082353832,16.403323741649416,14.96377471115178,,16.65437082353832,,16.007156425446503,"rgba(38, 166, 154, 1.0)",0.8020793247823392,15.981996232652087,2.615706081087738,58.143210384917374,1.8189746959042026,True,False,True,False,True,13.056229060353726,0.0,0.0,0.0,0.0,0,0.9766377649325632,0.7479527938342967,False,False,False,False,0.34282824322721256,0.3125747376967798,False,False,False,False,392731.0,29230.706335618826,False,False,False,False,30713.472776710656,False,False,False,False
2024-08-13 17:00:00+00:00,18.585,18.59,18.425,18.495,28491.0,,,,,,,,,,16.702166475981702,16.433520286350007,14.988999856338337,,16.702166475981702,,16.04156220622335,"rgba(38, 166, 154, 1.0)",0.8139283010679319,16.017605934534195,3.0437497531604296,62.40085826541669,5.896260206123067,True,False,True,False,True,15.128062598916234,0.0,0.0,0.0,0.0,0,0.976518509644184,0.7439798730082666,False,False,False,False,0.3428282438571957,0.32770149077698774,False,False,False,False,421222.0,35308.09073351621,False,False,False,False,30679.01583443607,False,False,False,False
2024-08-14 17:00:00+00:00,18.2,18.48,18.12,18.48,18143.0,,,,,,,,,,16.729014467721726,16.451000358749,15.004229097951292,,16.729014467721726,,16.061414641474006,"rgba(38, 166, 154, 1.0)",0.8286311408386839,16.037673002852305,2.947423620449189,65.116369144539,8.4849720027254,True,False,True,False,True,15.017017620108668,0.0,0.0,0.0,0.0,0,0.9697078115682772,0.7489564698867025,False,False,False,False,0.32107380541627184,0.3243876480966298,False,False,False,False,403079.0,41009.965295787275,False,False,False,False,30484.658999793653,False,False,False,False
2024-08-15 17:00:00+00:00,18.415,18.53,18.37,18.435,13257.0,,,,,,,,,,16.749082818513,16.46413354610514,15.015549976724191,,16.749082818513,,16.076255447114107,"rgba(38, 166, 154, 1.0)",0.8392699100897361,16.05266519437943,2.8385800288799183,66.52112644539756,9.933358046357867,True,False,True,False,True,14.678778564118787,0.0,0.0,0.0,0.0,0,0.9741000356421532,0.7459902578115718,False,False,False,False,0.33676934415557885,0.33057849612610435,False,False,False,False,389822.0,46417.90381833321,False,False,False,False,30217.56351142476,False,False,False,False
2024-08-16 17:00:00+00:00,18.945,19.275,18.91,19.15,55386.0,,,,,,,,,,16.859141053795504,16.53503452465222,15.071092071734396,,16.859141053795504,,16.155089216727376,"rgba(38, 166, 154, 1.0)",0.8736524346538667,16.134044207745173,3.4521231471754783,69.86667224504703,13.235782397379275,True,False,True,False,True,18.142585614336504,0.0,0.0,0.0,0.0,0,0.9765077138849935,0.7422861150070127,False,False,False,False,0.3428282446698991,0.3367033703980017,False,False,False,False,445208.0,52600.69600719626,False,False,False,False,30607.771829077086,False,False,False,False
2024-08-19 17:00:00+00:00,19.56,19.68,19.51,19.575,71673.0,,,,,,,,,,17.01430951633024,16.63730261336778,15.148989708259812,,17.01430951633024,,16.26686727931928,"rgba(38, 166, 154, 1.0)",0.925735295771902,16.24844413575712,3.593420148757656,73.16074695688837,16.43808750482124,True,False,True,False,True,20.0,0.0,0.0,0.0,0.0,0,0.9841269841269844,0.7365311087938826,False,False,False,False,0.3428282452742943,0.33976580783614796,False,False,False,False,516881.0,59798.8402551467,False,False,False,False,31244.44203327744,False,False,False,False
2024-08-20 17:00:00+00:00,19.835,19.965,19.775,19.905,57117.0,,,,,,,,,,17.138593870984952,16.721649693320604,15.213146121279081,,17.138593870984952,,16.357796561861544,"rgba(38, 166, 154, 1.0)",0.9862170329273823,16.56166426163091,3.390060835235311,76.07418639787934,19.270356832980198,True,False,True,False,True,20.0,0.0,0.0,0.0,0.0,0,0.992823243430953,0.7297140872786202,False,False,False,False,0.3428282455743602,0.3412970267052541,False,False,False,False,573998.0,67770.92025119094,False,False,False,False,31645.566962994068,False,False,False,False
2024-08-21 17:00:00+00:00,19.77,19.895,19.77,19.84,19264.0,,,,,,,,,,17.17744450353164,16.7487115794122,15.234181454652187,,17.17744450353164,,16.386779179198673,"rgba(38, 166, 154, 1.0)",1.0371931457648935,16.588044864989584,3.135341906460646,77.38836446946307,20.673321407789018,True,False,True,False,True,20.0,0.0,0.0,0.0,0.0,0,0.9911297852474324,0.7390289449112979,False,False,False,False,0.33951646914480604,0.34040674792503006,False,False,False,False,554734.0,75320.73544109495,False,False,False,False,31453.604684498037,False,False,False,False
2024-08-22 17:00:00+00:00,19.525,19.54,19.395,19.45,36827.0,,,,,,,,,,17.238675372473427,16.793055616090378,15.270646171459516,,17.238675372473427,,16.434125720007774,"rgba(38, 166, 154, 1.0)",1.0746133811371295,16.623146318222517,2.6305774070914465,74.67907283677856,20.673321407789018,True,False,True,False,True,18.0244146347026,0.0,0.0,0.0,0.0,0,0.9892998371714353,0.7398232147010932,False,False,False,False,0.30764160040391303,0.32402417416447155,False,False,False,False,517907.0,82182.5379923958,False,False,False,False,31536.913139001943,False,False,False,False
2024-08-23 17:00:00+00:00,19.6,19.665,19.555,19.6,36801.0,,,,,,,,,,17.300452123807123,16.838273851686807,15.307701270259043,,17.300452123807123,,16.48214241525099,"rgba(38, 166, 154, 0.75)",1.1128850867076399,16.665125077774746,2.6371769711712028,73.43610224610947,20.673321407789018,True,False,True,False,False,18.70526663071372,0.0,0.0,0.0,0.0,0,0.9975507347795664,0.7343130394215069,False,False,False,False,0.31992243057811864,0.32197330237129507,False,False,False,False,554708.0,89508.51414755246,False,False,False,False,31618.526888784858,False,False,False,False
2024-08-26 17:00:00+00:00,19.56,19.615,19.515,19.59,17986.0,,,,,,,,,,17.329067159869545,16.859589247924045,15.325443364314266,,17.329067159869545,,16.50469992403595,"rgba(38, 166, 154, 0.75)",1.1436396655786036,16.68478030514308,2.5403278517688332,72.51035680167685,20.673321407789018,True,False,True,False,False,18.629153833500894,0.0,0.0,0.0,0.0,0,0.9956836210919273,0.7360009332711153,False,False,False,False,0.3149735022032808,0.31847340228728793,False,False,False,False,536722.0,96442.05656386947,False,False,False,False,31407.169882757185,False,False,False,False
2024-08-27 17:00:00+00:00,19.315,19.51,19.295,19.48,42101.0,,,,,,,,,,17.389160913256656,16.905610038441907,15.36500382582894,,17.389160913256656,,16.553258259175834,"rgba(38, 166, 154, 0.75)",1.17312087808318,16.725240219224055,2.3482318252464167,70.75439317976665,20.673321407789018,True,False,True,False,False,17.783232861093587,0.0,0.0,0.0,0.0,0,0.9870236146831893,0.7415244330137947,False,False,False,False,0.29781046027843605,0.308141931282862,False,False,False,False,494621.0,102615.37351636762,False,False,False,False,31572.96569852839,False,False,False,False
2024-08-28 17:00:00+00:00,18.945,19.13,18.915,19.1,21329.0,,,,,,,,,,17.412878928624643,16.92488321858528,15.382908805966737,,17.412878928624643,,16.57355698439222,"rgba(38, 166, 154, 0.75)",1.1942611346174314,16.73968939890267,1.9763773036568186,66.03818930601702,22.062326676962996,True,False,True,False,False,14.919468623589434,0.0,0.0,0.0,0.0,0,0.9759036144578316,0.7501462159316881,False,False,False,False,0.25683102828706983,0.2824864797849659,False,False,False,False,473292.0,108362.29795797431,False,False,False,False,31414.144524907795,False,False,False,False
2024-08-29 17:00:00+00:00,19.155,19.21,19.105,19.165,13988.0,,,,,,,,,,17.429106084459516,16.937990671216816,15.394911909233672,,17.429106084459516,,16.587336221636665,"rgba(38, 166, 154, 0.5)",1.2164649049047502,16.750364579775336,1.9849610214720743,63.32135332098217,19.422554878703963,False,False,True,False,False,15.241406306269713,0.0,0.0,0.0,0.0,0,0.977060423317962,0.752985692325884,False,False,False,False,0.26869601537640203,0.275591247580684,False,False,False,False,487280.0,114236.99101288944,False,False,False,False,31143.97174157589,False,False,False,False
2024-08-30 17:00:00+00:00,19.085,19.28,19.05,19.275,26173.0,,,,,,,,,,17.459384680448913,16.96255985731365,15.417413547103827,,17.459384680448913,,16.61311936162213,"rgba(38, 166, 154, 0.5)",1.2432703097328115,16.77103128652268,2.014017944348275,62.25757371033841,18.27042624635223,False,False,True,False,False,15.789293993876363,0.0,0.0,0.0,0.0,0,0.9720974225585249,0.7549065973043273,False,False,False,False,0.2670053468436834,0.2712982972121837,False,False,False,False,513453.0,120426.3865010617,False,False,False,False,31066.902412249132,False,False,False,False
2024-09-02 17:00:00+00:00,19.275,19.275,19.275,19.275,0.0,,,,,,,,,,17.459384680448913,16.96255985731365,15.417413547103827,,17.459384680448913,,16.61311936162213,"rgba(38, 166, 154, 0.5)",1.2687760364345981,16.77103128652268,1.9735309003106263,61.54838730324258,17.335101004632335,False,False,True,False,False,15.789293993876353,0.0,0.0,0.0,0.0,0,0.9765494137353437,0.761904761904762,False,False,False,False,0.2786202807966781,0.2749592890044309,False,False,False,False,513453.0,126519.82236926229,False,False,False,False,30585.245010508836,False,False,False,False
2024-09-03 17:00:00+00:00,18.325,18.46,18.3,18.445,40615.0,,,,,,,,,,17.483717161306778,16.986396700920885,15.444538087792289,,17.483717161306778,,16.638217316673316,"rgba(38, 166, 154, 0.5)",1.2780665295883904,16.782580982469327,1.3007296404718982,54.31928924318624,10.452715348366631,False,True,True,False,False,9.68899125753796,0.0,0.0,0.0,0.0,0,0.9695580629995302,0.7711565585331452,False,False,False,False,0.18593741328892732,0.2304483511466791,False,False,False,False,472838.0,131889.09644105667,False,False,False,False,30740.745087865285,False,False,False,False
2024-09-04 17:00:00+00:00,18.305,18.35,18.245,18.28,25336.0,,,,,,,,,,17.49652574758227,16.999745534353167,15.460590117008971,,17.49652574758227,,16.652287132981467,"rgba(239, 83, 80, 1.0)",1.2831367744640634,16.788919118915757,1.1620591902270387,48.568437883557536,5.2535080189195895,False,True,False,True,False,8.550200272428,0.0,0.0,0.0,0.0,0,0.9652051251910195,0.7733631127306922,False,False,False,False,0.1775733928704801,0.2040108720085796,False,False,False,False,447502.0,136782.31975204803,False,False,False,False,30656.950590379,False,False,False,False
2024-09-05 17:00:00+00:00,18.345,18.525,18.34,18.37,20290.0,,,,,,,,,,17.50799856097149,17.011215311864913,15.473854616437443,,17.50799856097149,,16.66435616309128,"rgba(239, 83, 80, 1.0)",1.2888554982989964,16.79579146706254,1.2214003315461417,45.599726767773305,2.667317388615565,False,True,False,True,False,9.043834143544466,0.0,0.0,0.0,0.0,0,0.9657907196969702,0.7752130681818185,False,False,False,False,0.1912733225429957,0.19764209727578763,False,False,False,False,467792.0,141914.25277914805,False,False,False,False,30496.222674249093,False,False,False,False
2024-09-06 17:00:00+00:00,18.045,18.2,18.04,18.1,26686.0,,,,,,,,,18.113333333333333,17.51781777000808,17.02286618773529,15.489366699913443,,17.51781777000808,,17.035845997747536,"rgba(239, 83, 80, 1.0)",1.2914722829614722,17.00402184297406,0.8486269287272337,42.0051696989561,-0.6056744874462794,False,True,False,True,False,7.175103471739973,0.0,0.0,0.0,0.0,0,0.9651547365934329,0.7759272383652257,False,False,False,False,0.15965954833677468,0.17865082280628114,False,False,False,False,441106.0,146552.8845190062,False,False,False,False,30437.14945449329,False,False,False,False
2024-09-09 17:00:00+00:00,18.185,18.215,18.065,18.165,16146.0,,,,,,,,,18.126526973602292,17.52394573979379,17.030018983676282,15.498787869278566,,17.52394573979379,,17.044819891587736,"rgba(239, 83, 80, 1.0)",1.2943931514925013,17.007769114470445,0.8940335354797015,40.30479962794632,-2.2257720605355473,False,True,False,True,False,7.543561295668557,0.0,0.0,0.0,0.0,0,0.9630375547920866,0.7794100225091815,False,False,False,False,0.16167273089672093,0.17016177685150102,False,False,False,False,457252.0,151369.92506909915,False,False,False,False,30215.581245896494,False,False,False,False
2024-09-10 17:00:00+00:00,18.375,18.72,18.345,18.72,31716.0,,,,,,,,,18.325836016168555,17.544010439647302,17.049315430464024,15.52018836827859,,17.544010439647302,,17.10983756363962,"rgba(239, 83, 80, 0.75)",1.3059490629251258,17.033803285951535,1.2911657597668025,44.11997467772035,-2.2257720605355473,False,True,False,True,True,10.592097452581637,0.0,0.0,0.0,0.0,0,0.9708863743517212,0.7677982083922676,False,False,False,False,0.20146707217525922,0.18581442451338012,False,False,False,False,488968.0,156604.00375019838,False,False,False,False,30238.843552161663,False,False,False,False
2024-09-11 17:00:00+00:00,18.785,18.935,18.735,18.915,25834.0,,,,,,,,,18.46373572951326,17.563814743707216,17.06733663617476,15.53889548574594,,17.563814743707216,,17.158445648785293,#000000,1.318939452469043,17.05696312493639,1.408735534891597,48.031974585999436,-9.744460217783157,False,True,False,False,True,11.619031062178006,0.0,0.0,0.0,0.0,0,0.9771710990821375,0.7654742292304073,False,False,False,False,0.23256567136822684,0.20919004794080348,False,False,False,False,514802.0,162157.46105639686,False,False,False,False,30170.551404066133,False,False,False,False
2024-09-12 17:00:00+00:00,20.055,20.195,20.015,20.055,91295.0,,,,,,,,,19.23752516820832,17.691140363767605,17.169889582196912,15.627157315192244,,17.691140363767605,,17.431428107341272,"rgba(38, 166, 154, 0.5)",1.3565642046882638,17.20754689204025,2.09901831267477,55.920000117994064,-2.444830548327033,False,True,True,False,True,17.1238959520695,0.0,0.0,0.0,0.0,0,0.9855205699839121,0.7637324752930363,False,False,False,False,0.34282824377758264,0.27600914585919306,False,False,False,False,606097.0,169040.2446059101,False,False,False,False,31118.217273770533,False,False,False,False
2024-09-13 17:00:00+00:00,20.725,20.785,20.615,20.73,79282.0,,,,,,,,,19.66836802492874,17.817815345020914,17.27126308327461,15.71137310284669,,17.817815345020914,,17.61720488901774,"rgba(38, 166, 154, 1.0)",1.4109149737185174,17.336813407177537,2.4049546967948023,62.99873564722911,3.8840513026127113,True,False,True,False,True,20.0,0.0,0.0,0.0,0.0,0,0.9911212293682417,0.7569721115537849,False,False,False,False,0.3428282442415257,0.30941869505035935,False,False,False,False,685379.0,177045.49662752388,False,False,False,False,31864.942587355486,False,False,False,False
2024-09-16 17:00:00+00:00,20.725,20.75,20.59,20.69,48066.0,,,,,,,,,19.82028365070658,17.888739271706132,17.32937491827046,15.760753483767244,,17.888739271706132,,17.699787831112605,"rgba(38, 166, 154, 1.0)",1.460939935622118,17.40340777690188,2.249642263149292,67.39132995800477,7.722067201986469,True,False,True,False,True,19.723985942920198,0.0,0.0,0.0,0.0,0,0.9895293982280524,0.7670003451846739,False,False,False,False,0.33975489524196634,0.32458679514616284,False,False,False,False,637313.0,184181.42691236848,False,False,False,False,32116.12177204765,False,False,False,False
2024-09-17 17:00:00+00:00,20.325,20.535,20.285,20.445,38470.0,,,,,,,,,19.884998414896245,17.938053179199716,17.371039718817396,15.797559734310422,,17.938053179199716,,17.747912761805946,"rgba(38, 166, 154, 1.0)",1.497117630047239,17.447076584601295,2.002463504022801,68.27681818929622,8.550846937092288,True,False,True,False,True,17.977247483624403,0.0,0.0,0.0,0.0,0,0.9699334404406706,0.7727794353913244,False,False,False,False,0.31336963852709127,0.3189782168366271,False,False,False,False,598843.0,190610.28851062633,False,False,False,False,32214.6315120159,False,False,False,False
2024-09-18 17:00:00+00:00,20.35,21.14,20.14,20.2,44884.0,,,,,,,,,19.95285609255619,17.994807622141106,17.419363160961215,15.840428805422732,,17.994807622141106,,17.80186392027031,"rgba(38, 166, 154, 1.0)",1.5269604943650035,17.497076034055176,1.770133527304419,66.92918454728883,8.550846937092288,True,False,True,False,True,16.260041069235143,0.0,0.0,0.0,0.0,0,0.9692463670158843,0.7571251548946717,False,False,False,False,0.3365841800470583,0.3277811984418427,False,False,False,False,553959.0,196243.60186705075,False,False,False,False,32411.055829659064,False,False,False,False
2024-09-19 17:00:00+00:00,20.23,20.295,20.08,20.295,18204.0,,,,,,,,,19.96456309852435,18.014703338571096,17.43685418320759,15.85659728335408,,18.014703338571096,,17.818179475914278,"rgba(38, 166, 154, 1.0)",1.5587172856476066,17.513868050127286,1.784243990543306,66.44732966659134,8.550846937092288,True,False,True,False,True,16.6861776059543,0.0,0.0,0.0,0.0,0,0.9665276682069204,0.7796686577256846,False,False,False,False,0.29026197361847905,0.3090215860301609,False,False,False,False,572163.0,202071.8095900422,False,False,False,False,32190.79139819148,False,False,False,False
2024-09-20 17:00:00+00:00,20.67,20.8,20.495,20.795,97386.0,,,,,,,,,20.102209633523756,18.136957125823763,17.54212494828373,15.950267407633508,,18.136957125823763,,17.93288977881619,"rgba(38, 166, 154, 1.0)",1.5915381477287127,17.621820788223587,1.9937814348370253,68.09838608565559,9.56023895365378,True,False,True,False,True,18.87296982523081,0.0,0.0,0.0,0.0,0,0.9726348709929636,0.7729252764436503,False,False,False,False,0.33661442522243457,0.3228180056262977,False,False,False,False,669549.0,209319.51796849113,False,False,False,False,33201.5698261265,False,False,False,False
2024-09-23 17:00:00+00:00,21.255,21.32,21.03,21.04,118999.0,,,,,,,,,20.294222459631673,18.29487403312581,17.67832939562882,16.069928495480454,,18.29487403312581,,18.08433859596669,"rgba(38, 166, 154, 1.0)",1.6301243527429041,18.100864191135802,1.803013251055789,70.02216429482625,11.95201289493653,True,False,True,False,True,19.905993723409708,0.0,0.0,0.0,0.0,0,0.9780058651026395,0.7697947214076246,False,False,False,False,0.3428282433359981,0.3328231244811479,False,False,False,False,788548.0,218299.80451161528,False,False,False,False,34531.762542000506,False,False,False,False
2024-09-24 17:00:00+00:00,20.96,21.005,20.875,20.88,46326.0,,,,,,,,,20.33664895589112,18.34770850430853,17.725539289069797,16.113158659744997,,18.34770850430853,,18.13076385225361,"rgba(38, 166, 154, 1.0)",1.657620880051301,18.14087571901153,1.6524431575112024,69.83594770077832,12.369497966031119,True,False,True,False,True,18.756079183838,0.0,0.0,0.0,0.0,0,0.970312676374309,0.7798848628513375,False,False,False,False,0.31700772937270877,0.3249154269269283,False,False,False,False,742222.0,226422.6292478693,False,False,False,False,34714.61893669817,False,False,False,False
2024-09-25 17:00:00+00:00,20.655,20.675,20.505,20.665,78405.0,,,,,,,,,20.36530084280886,18.422395746854257,17.795045746899543,16.180061613357886,,18.422395746854257,,18.190700987480135,"rgba(38, 166, 154, 1.0)",1.6772912471982904,18.19194206756073,1.4744356035782147,67.79662140640684,12.369497966031119,True,False,True,False,True,17.223906065727682,0.0,0.0,0.0,0.0,0,0.9629505260801439,0.7843071412581151,False,False,False,False,0.2792856671991232,0.30210054706302575,False,False,False,False,663817.0,233203.93732154573,False,False,False,False,35391.98918574161,False,False,False,False
2024-09-26 17:00:00+00:00,20.5,20.53,20.31,20.435,65921.0,,,,,,,,,20.37005595764562,18.47636538511592,17.847182097235823,16.232447421947025,,18.47636538511592,,18.231512715486097,"rgba(38, 166, 154, 0.75)",1.6769347357927131,18.228321935444267,1.3158997887372168,64.5142251650873,12.369497966031119,True,False,True,False,False,15.607553467567378,0.0,0.0,0.0,0.0,0,0.960479175996418,0.7844827586206897,False,False,False,False,0.2601574027099471,0.2811289748864864,False,False,False,False,597896.0,238858.07782818843,False,False,False,False,35865.30718286189,False,False,False,False
2024-09-27 17:00:00+00:00,20.055,20.065,19.945,19.97,49858.0,,,,,,,,,20.34865070691231,18.506667900675136,17.878885111292437,16.26722575138569,,18.506667900675136,,18.250357367566394,"rgba(38, 166, 154, 0.5)",1.666298530513924,18.244300444780862,1.0356484889216655,59.027634033805185,15.867714210641608,False,False,True,False,False,12.44578182949839,0.0,0.0,0.0,0.0,0,0.9530589543937713,0.7897664071190211,False,False,False,False,0.21579907237160334,0.24846402362904488,False,False,False,False,548038.0,243651.56499364285,False,False,False,False,36082.248156771006,False,False,False,False
2024-09-30 17:00:00+00:00,19.8,19.91,19.625,19.91,47731.0,,,,,,,,,20.32111997397345,18.53121833207399,17.905883530393734,16.298358135480562,,18.53121833207399,,18.264144992980434,"rgba(38, 166, 154, 0.5)",1.6522718457482481,18.25625565583974,1.0008911962131413,54.982474571304316,12.026299415878974,False,True,True,False,False,12.045849616942977,0.0,0.0,0.0,0.0,0,0.9427777777777784,0.7967777777777779,False,False,False,False,0.19094846955361586,0.21970624659133037,False,False,False,False,500307.0,247630.71902474915,False,False,False,False,36262.848960541996,False,False,False,False
2024-10-01 17:00:00+00:00,20.055,20.305,20.015,20.2,60923.0,,,,,,,,,20.311989750526976,18.569628509596214,17.94553540762964,16.341279033976168,,18.569628509596214,,18.29210817543225,"rgba(38, 166, 154, 0.5)",1.644395340554122,18.28364088318308,1.1653883160305922,54.34329095903869,11.299677758409388,False,True,True,False,False,13.434539666718795,0.0,0.0,0.0,0.0,0,0.9561403508771935,0.7888074616922055,False,False,False,False,0.2286123566538635,0.22415930162259695,False,False,False,False,561230.0,252492.7233809546,False,False,False,False,36645.17688363437,False,False,False,False
2024-10-02 17:00:00+00:00,20.035,20.145,20.025,20.095,28475.0,,,,,,,,,20.305712821154728,18.586052411769316,17.96290759317304,16.360577809382484,,18.586052411769316,,18.303812658869894,"rgba(38, 166, 154, 0.5)",1.6322721465369774,18.29521106601381,1.1026279764710896,53.117588327472255,9.862329569094236,False,True,True,False,False,12.719643382998115,0.0,0.0,0.0,0.0,0,0.9543271915131217,0.7974316024567283,False,False,False,False,0.22043353037533564,0.2222964159989663,False,False,False,False,532755.0,256837.87495644364,False,False,False,False,36518.50747458577,False,False,False,False
2024-10-03 17:00:00+00:00,19.705,19.74,19.585,19.705,28766.0,,,,,,,,,20.28836989424364,18.597838535150927,17.976829423154346,16.377742179996034,,18.597838535150927,,18.310195008136237,#000000,1.6208981271933196,18.301356521656068,0.8659665001738398,49.617212132040535,6.306748186581629,False,True,False,False,False,10.111924552247746,0.0,0.0,0.0,0.0,0,0.9493797075764294,0.8009525919361988,False,False,False,False,0.1748649089205955,0.1985806624597809,False,False,False,False,503989.0,260669.67534471583,False,False,False,False,36398.3135602511,False,False,False,False
2024-10-04 17:00:00+00:00,19.64,19.71,19.55,19.58,25736.0,,,,,,,,,20.272120156441797,18.60756287792926,17.988637527698785,16.392656738872386,,18.60756287792926,,18.315244325235557,"rgba(239, 83, 80, 1.0)",1.602441034880954,18.30629316224082,0.7948541069742404,46.513924139413014,3.210876231303452,False,True,False,True,False,9.292381897729221,0.0,0.0,0.0,0.0,0,0.9480577136514988,0.8065482796892344,False,False,False,False,0.1713915260965366,0.18498609427815876,False,False,False,False,478253.0,264043.0602230923,False,False,False,False,36233.006373270466,False,False,False,False
2024-10-07 17:00:00+00:00,19.31,19.43,19.21,19.395,24743.0,,,,,,,,,20.251148641071495,18.61429014743302,17.997981851868765,16.405682842551514,,18.61429014743302,,18.3172758707312,"rgba(239, 83, 80, 1.0)",1.579829156004609,18.308227603289655,0.6879050133868867,43.333250917926584,0.08513851219362323,False,True,False,True,False,8.084192023242096,0.0,0.0,0.0,0.0,0,0.9427844178840202,0.8119743249225324,False,False,False,False,0.13845359039163765,0.16171984233489822,False,False,False,False,453510.0,266980.532157618,False,False,False,False,36054.866739576355,False,False,False,False
2024-10-08 17:00:00+00:00,19.3,19.505,19.26,19.495,41682.0,,,,,,,,,20.22063970196695,18.626484685052368,18.014295918475945,16.42792192150094,,18.626484685052368,,18.322335556749053,"rgba(239, 83, 80, 1.0)",1.5545135619911743,18.313365624742975,0.7601312745985133,42.2193652290219,-1.152275390070244,False,True,False,True,False,8.609069356169886,0.0,0.0,0.0,0.0,0,0.9393502605610385,0.8157223638984368,False,False,False,False,0.14506807794871918,0.1533939601418087,False,False,False,False,495192.0,270518.69444974797,False,False,False,False,36142.10911570695,False,False,False,False
2024-10-09 17:00:00+00:00,19.065,19.19,19.045,19.165,42242.0,,,,,,,,19.133333333333333,20.181642477007514,18.63414153311477,18.027156996675245,16.44799999215256,,18.63414153311477,,18.484854866456683,"rgba(239, 83, 80, 1.0)",1.5299832537504556,18.494118445190853,0.43848947572766594,39.463765020019636,-3.9765080099584793,False,True,False,True,False,6.457535317456863,0.0,0.0,0.0,0.0,0,0.9357016378928735,0.8148517042939355,False,False,False,False,0.11710208743977792,0.13524802379079331,False,False,False,False,452950.0,273347.0867838604,False,False,False,False,36236.68106740141,False,False,False,False
2024-10-10 17:00:00+00:00,19.295,19.575,19.295,19.555,47796.0,,,,,,,,19.314704532160494,20.154084174573182,18.648272798234892,18.045743176134007,16.473206722840555,,18.648272798234892,,18.527202280788625,"rgba(239, 83, 80, 1.0)",1.5050132440829016,18.511940092728935,0.6930569623702324,41.30778467305887,-3.9765080099584793,False,True,False,True,False,8.520570835588792,0.0,0.0,0.0,0.0,0,0.9462627156125616,0.8037372843874395,False,False,False,False,0.15063398235495296,0.14294100307287314,False,False,False,False,500746.0,276872.65132984705,False,False,False,False,36415.89531441844,False,False,False,False
2024-10-11 17:00:00+00:00,19.655,19.68,19.52,19.59,49587.0,,,,,,,,19.41484173082662,20.132407927168302,18.664525152300993,18.066127179159057,16.49996021140741,,18.664525152300993,,18.555572440172476,"rgba(239, 83, 80, 0.75)",1.475448015636919,18.527561802091057,0.7200783671462062,42.841500912184735,-3.9765080099584793,False,True,False,True,True,8.703303521618611,0.0,0.0,0.0,0.0,0,0.9511952191235065,0.8006861443116425,False,False,False,False,0.16818895937577397,0.15556498122432355,False,False,False,False,550333.0,281112.3466580665,False,False,False,False,36620.09848783831,False,False,False,False
2024-10-14 17:00:00+00:00,19.55,19.655,19.535,19.635,36253.0,,,,,,,,19.454725349389918,20.11792027854964,18.676203464437204,18.080805097412437,16.519304048321658,,18.676203464437204,,18.56979164762217,"rgba(239, 83, 80, 0.75)",1.4403707042861713,18.537121326333395,0.7622195247373493,44.286767220939794,-3.9765080099584793,False,True,False,True,True,8.941522255301141,0.0,0.0,0.0,0.0,0,0.9511762094984474,0.8018197958277854,False,False,False,False,0.16765553211384734,0.16161025666908546,False,False,False,False,586586.0,285848.3722912748,False,False,False,False,36614.40703841446,False,False,False,False
2024-10-15 17:00:00+00:00,19.595,19.655,19.53,19.655,45409.0,,,,,,,,19.487272358219567,20.101033166251607,18.690506056472998,18.098859445419492,16.543234987972934,,18.690506056472998,,18.58418120286732,"rgba(239, 83, 80, 0.75)",1.4037807636637953,18.548118736514184,0.7885000935594206,45.45432327302096,-3.9765080099584793,False,True,False,True,True,9.048994631200745,0.0,0.0,0.0,0.0,0,0.9491713936158387,0.8042486931375822,False,False,False,False,0.16738885394475111,0.1644995553069183,False,False,False,False,631995.0,291214.9866743558,False,False,False,False,36750.75731688865,False,False,False,False
2024-10-16 17:00:00+00:00,20.005,20.2,19.96,19.965,35142.0,,,,,,,,19.56324865102361,20.099534378188697,18.706278788933705,18.11641222883893,16.564051186847152,,18.706278788933705,,18.609905046766418,#000000,1.3821602689301575,18.565216354757396,1.0127506025955204,49.15830792080931,-6.577175747775989,False,True,False,False,True,10.70347423468312,0.0,0.0,0.0,0.0,0,0.9512951073721504,0.8057338941775516,False,False,False,False,0.21988931730814693,0.1921944363075326,False,False,False,False,667137.0,297043.2349429704,False,False,False,False,36725.815342983406,False,False,False,False
2024-10-17 17:00:00+00:00,20.265,20.275,20.06,20.075,34138.0,,,,,,,,19.630618119056876,20.100423250760876,18.722317453831764,18.13398899362053,16.584582789160283,,18.722317453831764,,18.634386121286063,"rgba(38, 166, 154, 0.5)",1.3596788505292905,18.582361181746638,1.0977877736881123,52.53809235267315,-3.2860842262818295,False,True,True,False,True,11.282243405133837,0.0,0.0,0.0,0.0,0,0.9570060147026072,0.7995099131209625,False,False,False,False,0.22930193368386287,0.21074818499569775,False,False,False,False,701275.0,303310.3940911414,False,False,False,False,36685.694174875134,False,False,False,False
2024-10-18 17:00:00+00:00,20.935,21.115,20.87,21.0,70770.0,,,,,,,,19.897840423206038,20.142717607818803,18.77394538845183,18.184676429122476,16.636508670416692,,18.77394538845183,,18.727137703803166,"rgba(38, 166, 154, 1.0)",1.3621274033889559,18.64580113409415,1.7283250157427514,59.85205621895528,3.4726868538936913,True,False,True,False,True,15.850904688326967,0.0,0.0,0.0,0.0,0,0.9572762218561236,0.7983525535420101,False,False,False,False,0.3217034867303537,0.26622583586302573,False,False,False,False,772045.0,310577.5972835268,False,False,False,False,37214.13302487707,False,False,False,False
2024-10-21 17:00:00+00:00,20.99,21.02,20.735,20.805,61697.0,,,,,,,,20.03719339737862,20.170847826338026,18.81432661288672,18.225267626370353,16.67935066622776,,18.81432661288672,,18.785397225840295,"rgba(38, 166, 154, 1.0)",1.3616810291787504,18.690438352378884,1.5529052709917233,62.71027591474133,5.9449359715953705,True,False,True,False,True,14.470910853848551,0.0,0.0,0.0,0.0,0,0.9526938239159006,0.8036574682435393,False,False,False,False,0.30853424530550805,0.2873800405842669,False,False,False,False,710348.0,316775.58802331705,False,False,False,False,37593.71235782471,False,False,False,False
2024-10-22 17:00:00+00:00,21.395,21.425,21.23,21.39,52388.0,,,,,,,,20.18167135373065,20.209139443700927,18.855433683583172,18.265088872879268,16.71928474426622,,18.855433683583172,,18.846123619632046,"rgba(38, 166, 154, 1.0)",1.371420155620924,19.02649313122484,1.723401000844311,66.88118930161698,9.722350447535298,True,False,True,False,True,17.160391441058827,0.0,0.0,0.0,0.0,0,0.9591703768052997,0.7949831686393748,False,False,False,False,0.34282824303379417,0.31510414180903057,False,False,False,False,762736.0,323689.7029376842,False,False,False,False,37823.08115847859,False,False,False,False
2024-10-23 17:00:00+00:00,20.99,21.125,20.835,21.12,34128.0,,,,,,,,20.238266388643574,20.226099409918685,18.87813906098403,18.287838668896416,16.743151901167504,,18.87813906098403,,18.87469908592204,"rgba(38, 166, 154, 1.0)",1.3798998135718301,19.040942467645976,1.5066728119720847,67.14105279295583,9.990741840904661,True,False,True,False,True,15.271373221500042,0.0,0.0,0.0,0.0,0,0.949648838465695,0.8016207455429499,False,False,False,False,0.3037668936057028,0.30943551770736666,False,False,False,False,728608.0,329967.5059929139,False,False,False,False,37765.79307850218,False,False,False,False
2024-10-24 17:00:00+00:00,20.865,21.125,20.83,21.115,63083.0,,,,,,,,20.32475176072633,20.255541441986257,18.91881857661329,18.328867989696576,16.786545485582543,,18.91881857661329,,18.922905050920996,"rgba(38, 166, 154, 1.0)",1.3926922142396285,19.07476138881217,1.4649601615686074,67.26715774749752,10.39570659537376,True,False,True,False,True,15.236422683091995,0.0,0.0,0.0,0.0,0,0.9455605962410891,0.8068697342838627,False,False,False,False,0.3034892377054556,0.30646237770641116,False,False,False,False,665525.0,335169.9477604656,False,False,False,False,38158.3079144944,False,False,False,False
2024-10-25 17:00:00+00:00,20.895,20.91,20.705,20.785,35665.0,,,,,,,,20.35261594646045,20.266676754603274,18.938772963426153,18.349646627133634,16.80941881512496,,18.938772963426153,,18.943426221349693,"rgba(38, 166, 154, 0.75)",1.3991672169190417,19.08849703025054,1.212509090575428,64.32778217454482,10.39570659537376,True,False,True,False,False,12.943314671019355,0.0,0.0,0.0,0.0,0,0.9457018498367796,0.802829162132753,False,False,False,False,0.2834337601606213,0.2949480689335162,False,False,False,False,629860.0,339738.78577968315,False,False,False,False,38119.651977835565,False,False,False,False
2024-10-28 17:00:00+00:00,20.575,20.615,20.445,20.485,54122.0,,,,,,,,20.3658832840192,20.274151779374407,18.963743220094475,18.376928547827664,16.84119188075819,,18.963743220094475,,18.964379742414785,"rgba(38, 166, 154, 0.75)",1.3989288276624159,19.100715594847657,0.9895316886602847,60.014766961298385,16.787636371472686,True,False,True,False,False,10.91792923723781,0.0,0.0,0.0,0.0,0,0.9397155361050336,0.8130196936542673,False,False,False,False,0.25254080708641524,0.27374443800996573,False,False,False,False,575738.0,343397.6883257346,False,False,False,False,38367.75039678385,False,False,False,False
2024-10-29 17:00:00+00:00,20.705,21.045,20.705,21.045,33185.0,,,,,,,,20.392874926622625,20.286067658799617,18.982674600841676,18.396513313588166,16.862584660258925,,18.982674600841676,,18.9841430320222,"rgba(38, 166, 154, 0.75)",1.4096539956271055,19.11775041543785,1.3671791734288568,60.418096370981054,16.787636371472686,True,False,True,False,False,13.610930748817513,0.0,0.0,0.0,0.0,0,0.9377912647664468,0.7987428199848272,False,False,False,False,0.2908455592708052,0.28229499864038543,False,False,False,False,608923.0,347514.3598245604,False,False,False,False,38287.39767745387,False,False,False,False
2024-10-30 17:00:00+00:00,20.805,21.08,20.78,20.965,73187.0,,,,,,,,20.44511847374409,20.31126362030451,19.023373365175612,18.438828560135033,16.909096927011184,,19.023373365175612,,19.025536189274085,"rgba(38, 166, 154, 0.75)",1.4093560186792633,19.154203789178993,1.2848394492386255,60.04422881003832,16.2769076984428,True,False,True,False,False,13.071406614069453,0.0,0.0,0.0,0.0,0,0.9389230603215719,0.7990719758282079,False,False,False,False,0.29534250549826946,0.28881875206932744,False,False,False,False,535736.0,350432.5247885207,False,False,False,False,38828.47678322977,False,False,False,False
2024-10-31 17:00:00+00:00,20.285,20.36,20.175,20.185,58241.0,,,,,,,,20.43067369943722,20.309148806129933,19.04316033979145,18.46234787010866,16.93904982965531,,19.04316033979145,,19.03687610902451,"rgba(38, 166, 154, 0.5)",1.3941090570909938,19.161374131562894,0.7342509276663369,54.72001433908075,11.012750585694974,False,False,True,False,False,8.041091760507427,0.0,0.0,0.0,0.0,0,0.9297908664105853,0.8058045241143834,False,False,False,False,0.21888209223053387,0.25385042214993064,False,False,False,False,477495.0,352402.4856445126,False,False,False,False,39129.44613542776,False,False,False,False
2024-11-01 17:00:00+00:00,20.51,20.525,20.11,20.11,52888.0,,,,,,,,20.419714059557617,20.307552933870188,19.06070046168844,18.48327724967774,16.965854298247763,,19.06070046168844,,19.04741980060835,#000000,1.3751007268593403,19.169284662321083,0.6841064943856604,50.77354354029525,7.247654126177693,False,True,False,False,False,7.578319983949694,0.0,0.0,0.0,0.0,0,0.9284730316837984,0.8041750556320868,False,False,False,False,0.22455529562592047,0.23920285888792556,False,False,False,False,424607.0,353521.93547948136,False,False,False,False,39342.75704805678,False,False,False,False
2024-11-04 17:00:00+00:00,20.155,20.31,20.03,20.095,29772.0,,,,,,,,20.410723348426334,20.30518668017454,19.06951175684921,18.4941673617056,16.98028404899564,,19.06951175684921,,19.051974639230266,"rgba(239, 83, 80, 1.0)",1.3567274916085998,19.172642476316884,0.6798399305593227,48.05617836966174,4.659140626303888,False,True,False,True,False,7.484509768871085,0.0,0.0,0.0,0.0,0,0.9270327349524823,0.8099260823653645,False,False,False,False,0.20785876369058184,0.2235308112892537,False,False,False,False,394835.0,354162.44810770644,False,False,False,False,39194.37321785435,False,False,False,False
2024-11-05 17:00:00+00:00,20.075,20.175,20.005,20.165,47421.0,,,,,,,,20.396071492006172,20.300876904923012,19.082871160966334,18.510911576403046,17.002783961602116,,19.082871160966334,,19.058703019180136,"rgba(239, 83, 80, 1.0)",1.3374009620653826,19.177838062237342,0.7381196557823301,46.83279330036649,3.3764406429586984,False,True,False,True,False,7.847776138283368,0.0,0.0,0.0,0.0,0,0.9240654205607481,0.8156329651656755,False,False,False,False,0.19885114336847914,0.21119097732886644,False,False,False,False,442256.0,355528.23960991256,False,False,False,False,39321.91781912792,False,False,False,False
2024-11-06 17:00:00+00:00,19.395,19.595,19.325,19.48,101583.0,,,,,,,,20.306894201079245,20.262256732920704,19.093096791743907,18.53160429341396,17.040094048161375,,19.093096791743907,,19.04678921346384,"rgba(239, 83, 80, 1.0)",1.31329283218296,19.16366090008811,0.24087476316007117,42.275039672710776,-1.0252450606270997,False,True,False,True,False,3.623608028920785,0.0,0.0,0.0,0.0,0,0.9150292642140474,0.8182483277591975,False,False,False,False,0.1288999276319992,0.17004545248043282,False,False,False,False,340673.0,355297.9258175108,False,False,False,False,40287.20591495539,False,False,False,False
2024-11-07 17:00:00+00:00,19.025,19.825,18.965,19.76,121884.0,,,,,,,,20.2253105631888,20.223020555254525,19.10621802656183,18.55654578812563,17.084288023909433,,19.10621802656183,,19.039076591408044,"rgba(239, 83, 80, 1.0)",1.2662271297615693,19.154894482471065,0.4778807082129716,41.557943264644024,-1.838736967148911,False,True,False,True,False,5.109944410523852,0.0,0.0,0.0,0.0,0,0.910527947101974,0.813927058580432,False,False,False,False,0.12176483251176007,0.14590514249609643,False,False,False,False,462557.0,356960.857200185,False,False,False,False,41552.27248991732,False,False,False,False
2024-11-08 17:00:00+00:00,19.06,19.39,19.06,19.385,69282.0,,,,,,,,20.172818028855957,20.19558284987083,19.109196283160788,18.56678663498176,17.106319736796465,,19.109196283160788,,19.03014070673316,"rgba(239, 83, 80, 1.0)",1.2208354951861387,19.145800220800844,0.195931212798402,39.26515278634778,-4.228074307355058,False,True,False,True,False,2.8932317535881253,0.0,0.0,0.0,0.0,0,0.9036824289670742,0.8199815365678532,False,False,False,False,0.10316012856228424,0.12453263552919033,False,False,False,False,393275.0,357523.8671660736,False,False,False,False,41982.19074588759,False,False,False,False
2024-11-11 17:00:00+00:00,17.845,18.335,17.785,18.175,191573.0,,,,,,,,19.897110153809574,20.039672466113302,19.063037874845993,18.549102078683596,17.133120048558695,,19.063037874845993,,18.936408524402232,"rgba(239, 83, 80, 1.0)",1.193206173707231,19.05360044450558,-0.7363358184577712,33.92188271116391,-9.359078282894757,False,True,False,True,False,0.0,0.0,0.0,0.0,0.0,0,0.8853509562431165,0.8269750675878643,False,False,False,False,-0.023102763621331356,0.05071493595392949,False,False,False,False,201702.0,355108.02426427393,False,False,False,False,44301.42809866452,False,False,False,False
2024-11-12 17:00:00+00:00,17.845,17.93,17.67,17.915,75891.0,,,,,,,,19.79413786656842,19.97669825520447,19.041277814040363,18.53862921593735,17.140587551738538,,19.041277814040363,,18.898266140697828,"rgba(239, 83, 80, 1.0)",1.163831695829038,19.01632559810267,-0.9462928377441719,29.787501313102283,-13.212932797615615,False,True,False,True,False,0.0,0.0,0.0,0.0,0.0,0,0.8775144393547106,0.8354909380601474,False,False,False,False,-0.05124005358122499,-0.0002625588136477529,False,False,False,False,125811.0,351553.03164002165,False,False,False,False,44791.188903336384,False,False,False,False
2024-11-13 17:00:00+00:00,17.965,17.965,17.725,17.77,64867.0,,,,,,,,19.713201899809164,19.925221968497212,19.023008136652965,18.529691221901555,17.146681642584024,,19.023008136652965,,18.867560973888985,"rgba(239, 83, 80, 1.0)",1.1459710072901617,18.986349819510004,-1.0614141298271278,26.713496736839154,-16.079982346485615,False,True,False,True,False,0.0,0.0,0.0,0.0,0.0,0,0.875919766152606,0.8392299163390787,False,False,False,False,-0.04636557938587701,-0.02331406909976238,False,False,False,False,60944.0,347047.46525800583,False,False,False,False,45102.441788555974,False,False,False,False
2024-11-14 17:00:00+00:00,17.855,17.87,17.605,17.74,110566.0,,,,,,,,19.58420941539261,19.83973031563668,18.991065380677902,18.51326282578211,17.155591068623032,,18.991065380677902,,18.816771801222465,"rgba(239, 83, 80, 1.0)",1.1374593349824937,18.93675020234256,-1.0521257029034616,24.594198882579818,-18.143160034454425,False,True,False,True,False,0.0,0.0,0.0,0.0,0.0,0,0.8696045879867195,0.8447529932588793,False,False,False,False,-0.058014244951280824,-0.040664157025521605,False,False,False,False,-49622.0,340897.5510679592,False,False,False,False,46117.380675555105,False,False,False,False
2024-11-15 17:00:00+00:00,17.55,17.6,17.425,17.54,85378.0,,,,,,,17.52166666666667,19.485175608792265,19.771805155144435,18.963384254626693,18.49761785678119,17.159798895865258,17.52166666666667,18.963384254626693,,18.566574739646086,"rgba(239, 83, 80, 1.0)",1.1346137851452007,18.880434456989626,-1.181401525822363,22.698903997669387,-20.10351416776651,False,True,False,True,False,0.0,1.0,17.6,17.425,0.0,0,0.863709353673224,0.8481533520674429,True,False,False,False,-0.08244993908887244,-0.06155704805719702,False,False,False,False,-135000.0,333519.29446225445,True,False,False,False,46726.07244802712,True,False,False,False
2024-11-18 17:00:00+00:00,18.355,18.355,18.17,18.31,49050.0,,,,,,,17.797758701064264,19.452778497158835,19.747079651752678,18.956049510223906,18.495648057122498,17.167136783201396,17.797758701064264,18.956049510223906,,18.60274186675393,"rgba(239, 83, 80, 0.75)",1.1037174163413448,18.88587673459338,-0.5217610287444102,27.799627100530238,-20.10351416776651,False,True,False,True,True,0.0,0.0,0.0,0.0,0.0,0,0.8760537936571663,0.8422320353271778,False,False,False,False,-0.0012157243612701007,-0.03138638620923356,False,False,False,False,-85950.0,327015.89454811095,False,False,False,False,46762.102332553826,False,False,False,False
2024-11-19 17:00:00+00:00,18.675,18.825,18.665,18.785,36946.0,,,,,,,18.004846067664875,19.43901501716078,19.734901563550807,18.954467736625638,18.49741348349776,17.17496086142963,18.004846067664875,18.954467736625638,,18.634267454988244,"rgba(239, 83, 80, 0.75)",1.0750117828811978,18.89494202588769,-0.10227053101969616,34.102676005639125,-23.72615723473565,False,True,False,True,True,0.11515783181322092,0.0,0.0,0.0,0.0,0,0.8811762352470498,0.8364672934586918,False,False,False,False,0.05096917692415282,0.00979139535745963,False,False,False,False,-49004.0,321186.12874116347,False,False,False,False,46609.914699490975,False,False,False,False
2024-11-20 17:00:00+00:00,18.755,18.785,18.61,18.715,33095.0,,,,,,,18.117902012856064,19.426181887725026,19.723644584163022,18.952680829056316,18.498645737858084,17.181663176477095,18.117902012856064,18.952680829056316,,18.65011970468927,"rgba(239, 83, 80, 0.75)",1.0263943493416352,18.89817476044321,-0.17846431107176916,37.950420261690596,-20.238495058920222,False,True,False,True,True,0.0,0.0,0.0,0.0,0.0,0,0.875850340136055,0.8382352941176471,False,False,False,False,0.0458241004244517,0.027807747890955664,False,False,False,False,-82099.0,314933.6461250214,False,False,False,False,46400.381138258555,False,False,False,False
2024-11-21 17:00:00+00:00,18.79,18.86,18.665,18.855,45160.0,,,,,,,18.24009325839546,19.41146833615717,19.70999484175963,18.951148555467736,18.501032579651575,17.191249946215514,18.24009325839546,18.951148555467736,,18.66749791960785,"rgba(239, 83, 80, 0.75)",0.9934264890716714,18.901814181509916,-0.04712395131889669,41.39802919505256,-17.03854293742109,False,True,False,True,True,0.48837736928024,0.0,0.0,0.0,0.0,0,0.8763328350772301,0.8347782760338814,False,False,False,False,0.05286539684353746,0.04033657236724656,False,False,False,False,-36939.0,309478.25626261794,False,False,False,False,46381.15042293671,False,False,False,False
2024-11-22 17:00:00+00:00,18.935,18.985,18.81,18.875,77628.0,,,,,,,18.394256379542686,19.391428631541217,19.68982259305374,18.950154245437023,18.506373727314248,17.208443751149556,18.394256379542686,18.950154245437023,,18.690079888006412,"rgba(239, 83, 80, 0.75)",0.9634406109412709,18.90685224303286,-0.03306093045189283,43.830301501271464,-14.670535336117347,False,True,False,True,True,0.5946852234886713,0.0,0.0,0.0,0.0,0,0.8781787114282846,0.8337521358930546,False,False,False,False,0.06750718539700075,0.05392187888212366,False,False,False,False,40689.0,305310.98097172467,False,False,False,False,46865.59770320126,False,False,False,False
2024-11-25 17:00:00+00:00,18.255,18.425,18.2,18.285,97515.0,,,,,,,18.373383156140235,19.341320480634998,19.648260724907924,18.937206591688,18.502930787868255,17.222189831621666,18.373383156140235,18.937206591688,,18.67088192881018,"rgba(239, 83, 80, 0.75)",0.9594029581130726,18.88636297631951,-0.626809591563335,42.12535099224406,-14.670535336117347,False,True,False,True,True,0.0,0.0,0.0,0.0,0.0,0,0.8766357007291982,0.8348816302067724,False,False,False,False,0.004187493420813742,0.029054686151468702,False,False,False,False,-56826.0,299696.4541349538,False,False,False,False,47650.85975431442,False,False,False,False
2024-11-26 17:00:00+00:00,18.27,18.36,18.195,18.355,102815.0,,,,,,,18.359731999967146,19.29325562926275,19.60705583422058,18.924105002800374,18.499424956415456,17.23631409678916,18.359731999967146,18.924105002800374,,18.653314586575913,"rgba(239, 83, 80, 0.75)",0.9616861224943803,18.86671151286967,-0.5320982604411665,41.532630363245346,-14.670535336117347,False,True,False,True,True,0.0,0.0,0.0,0.0,0.0,0,0.87616191904048,0.8379810094952523,False,False,False,False,0.0004052340720346373,0.014729960111751669,False,False,False,False,45989.0,295763.00523363665,False,False,False,False,48506.11774261962,False,False,False,False
2024-11-27 17:00:00+00:00,18.46,18.525,18.41,18.46,53107.0,,,,,,,18.369359217878376,19.27390790034312,19.589264290458047,18.919255281165906,18.499115440979292,17.2445497469654,18.369359217878376,18.919255281165906,,18.649241979631693,"rgba(239, 83, 80, 0.75)",0.9619989043091318,18.860111670261283,-0.4159169708707992,41.99248238923778,-14.670535336117347,False,True,False,True,True,0.0,0.0,0.0,0.0,0.0,0,0.8832883288328836,0.8328832883288328,False,False,False,False,0.020940426603316246,0.017835193357533956,False,False,False,False,99096.0,292713.9043773012,False,False,False,False,48577.44925048599,False,False,False,False
2024-11-28 17:00:00+00:00,18.46,18.46,18.46,18.46,0.0,,,,,,,18.369359217878376,19.27390790034312,19.589264290458047,18.919255281165906,18.499115440979292,17.2445497469654,18.369359217878376,18.919255281165906,,18.649241979631693,"rgba(239, 83, 80, 0.75)",0.9615999945661542,18.860111670261283,-0.41608950969451763,42.29905040656607,-14.619888961838534,False,True,False,True,True,0.0,0.0,0.0,0.0,0.0,0,0.8822231139646873,0.8350722311396467,False,False,False,False,0.02012960583648681,0.018982399597010383,False,False,False,False,99096.0,289712.07640245935,False,False,False,False,47824.31050241644,False,False,False,False
2024-11-29 17:00:00+00:00,18.855,18.92,18.785,18.83,22287.0,,,,,,,18.38693954978128,19.26974407246578,19.58443010542728,18.918927555107917,18.500415623552133,17.249039052044502,18.38693954978128,18.918927555107917,,18.651582659729815,"rgba(239, 83, 80, 0.5)",0.964254961423953,18.860217609780726,-0.03133777993333226,45.5654231121938,-11.024461142977323,False,False,False,True,True,0.5071941118242798,0.0,0.0,0.0,0.0,0,0.8852657004830918,0.8318236714975844,False,False,False,False,0.0626236862819175,0.04080304293946394,False,False,False,False,121383.0,287102.3232799406,False,False,False,False,47428.38320780533,False,False,False,False
2024-12-02 17:00:00+00:00,18.675,18.675,18.5,18.505,39826.0,,,,,,,18.39766175020911,19.257641543431067,19.57267621138077,18.91611893006735,18.500813193137304,17.255577434487392,18.39766175020911,18.91611893006735,,18.650081510452164,"rgba(239, 83, 80, 0.5)",0.9721988312930879,18.85657998008528,-0.361633823008875,45.36051279972493,-10.775671844016806,False,False,False,True,True,0.0,0.0,0.0,0.0,0.0,0,0.8778549149813866,0.8369051212395613,False,False,False,False,0.03391802965624395,0.03736053629785395,False,False,False,False,81557.0,283915.574081802,False,False,False,False,47310.516801482765,False,False,False,False
2024-12-03 17:00:00+00:00,19.735,19.75,19.36,19.365,45677.0,,,,,,,18.47024275800164,19.262130611142748,19.571624034367062,18.921238328584117,18.508338257575385,17.268295568702303,18.47024275800164,18.921238328584117,,18.666978259728875,#000000,0.9716447326500385,18.86588017163588,0.5136855185771785,50.54497567355253,-5.573840120507491,True,False,False,False,True,3.288687457508722,0.0,0.0,0.0,0.0,0,0.8779982232750965,0.8329878590464909,False,False,False,False,0.13935187802828541,0.08835620716306969,False,False,False,False,127234.0,281486.40239061124,False,False,False,False,47285.190959599306,False,False,False,False
2024-12-04 17:00:00+00:00,19.65,19.715,19.475,19.57,37881.0,,,,,,,18.528465902129096,19.267212510721855,19.571784339463598,18.92611104173529,18.51508740554416,17.279179790320633,18.528465902129096,18.92611104173529,,18.68130683165244,"rgba(38, 166, 154, 1.0)",0.9710843061906664,18.874197016505093,0.716521705746,54.94134050015133,-1.3612430810098743,True,False,True,False,True,4.316475739696116,0.0,0.0,0.0,0.0,0,0.8831415707853929,0.8287143571785892,False,False,False,False,0.143761635718881,0.11605892144097535,False,False,False,False,165115.0,279682.1946016095,False,False,False,False,47139.38954937296,False,False,False,False
2024-12-05 17:00:00+00:00,19.325,19.52,19.285,19.465,26603.0,,,,,,,18.560082329749296,19.268910689032744,19.57068158794302,18.928654951280983,18.51906211866334,17.286225909008614,18.560082329749296,18.928654951280983,,18.688936264279665,"rgba(38, 166, 154, 1.0)",0.9710641418400979,18.87845172198572,0.6040262972771429,57.02424180848003,0.6478600559876497,True,False,True,False,True,3.726753245167373,0.0,0.0,0.0,0.0,0,0.8770860397721595,0.8360147896472467,False,False,False,False,0.12258746980620987,0.11932319562359262,False,False,False,False,138512.0,277493.50941398763,False,False,False,False,46820.995912948565,False,False,False,False
2024-12-06 17:00:00+00:00,19.015,19.11,18.925,19.08,35090.0,,,,,,,18.581377498018337,19.265649281137648,19.565516133846113,18.9293901485665,18.522042347586225,17.293787777858,18.581377498018337,18.9293901485665,,18.692960531168804,"rgba(38, 166, 154, 1.0)",0.9725879010276159,18.879799741959864,0.2058428424090064,55.52923498889598,0.6478600559876497,True,False,True,False,True,1.5959877245322005,0.0,0.0,0.0,0.0,0,0.8744274048994224,0.8367855008962356,False,False,False,False,0.0805462216825914,0.09993470865309201,False,False,False,False,103422.0,274794.7263222979,False,False,False,False,46639.12000732146,False,False,False,False
2024-12-09 17:00:00+00:00,19.74,19.78,19.48,19.555,46403.0,,,,,,,18.63829945717455,19.271880193039443,19.566016350169928,18.935326351786685,18.530199637017216,17.306903714873435,18.63829945717455,18.935326351786685,,18.708104284010208,"rgba(38, 166, 154, 1.0)",0.9725755164177297,18.889073722615727,0.6847039290450856,57.12770816655239,0.9398523799769976,True,False,True,False,True,4.014723359186803,0.0,0.0,0.0,0.0,0,0.8775187672856578,0.8358356380877123,False,False,False,False,0.1476247283950002,0.12377971852404611,False,False,False,False,149825.0,272857.21118551807,False,False,False,False,46635.459232014146,False,False,False,False
2024-12-10 17:00:00+00:00,19.73,19.805,19.495,19.515,51460.0,,,,,,,18.69445165351463,19.2785279114917,19.566556463927547,18.941788671574276,18.53910339200085,17.32127603326074,18.69445165351463,18.941788671574276,,18.72361735429496,"rgba(38, 166, 154, 1.0)",0.9725514275756104,18.898786849569884,0.6336046947833094,57.88564586849894,1.9528399559456133,True,False,True,False,True,3.7916287951896948,0.0,0.0,0.0,0.0,0,0.8820952001593309,0.8301135232025493,False,False,False,False,0.14983416829291268,0.1368069434084794,False,False,False,False,98365.0,270151.90558574256,False,False,False,False,46710.25831368835,False,False,False,False
2024-12-11 17:00:00+00:00,20.165,20.445,20.12,20.385,65786.0,,,,,,,18.806585994078713,19.30435353009384,19.57961115618752,18.958543046768572,18.55773108319389,17.34503444293253,18.806585994078713,18.958543046768572,,18.758643208875842,"rgba(38, 166, 154, 1.0)",0.9758786615979675,19.069277063521,1.3482443957987063,62.0776928549034,6.126226399585875,True,False,True,False,True,7.990663532596283,0.0,0.0,0.0,0.0,0,0.8857927786499215,0.8191718995290425,False,False,False,False,0.21876081089801552,0.17778387715324745,False,False,False,False,164151.0,268508.48069294036,False,False,False,False,47006.006246809455,False,False,False,False
2024-12-12 17:00:00+00:00,19.825,19.885,19.565,19.565,26975.0,,,,,,,18.830429848510548,19.30806249022064,19.580263431745646,18.962088666782538,18.5624971470838,17.352576840877607,18.830429848510548,18.962088666782538,,18.765986404203463,"rgba(38, 166, 154, 1.0)",0.9747587689565741,19.06207217429742,0.5159510657605453,59.60826707111728,6.126226399585875,True,False,True,False,True,3.5365744947081623,0.0,0.0,0.0,0.0,0,0.8738258932894355,0.8241502856589522,False,False,False,False,0.15048527117028362,0.16413457416176552,False,False,False,False,137176.0,266472.31820157694,False,False,False,False,46695.44801042481,False,False,False,False
2024-12-13 17:00:00+00:00,19.045,19.12,19.005,19.11,34465.0,,,,,,,18.83886297184252,19.305136441619513,19.57576016829795,18.962822448872938,18.56530168148864,17.359695250316378,18.83886297184252,18.962822448872938,,18.76792982707299,"rgba(38, 166, 154, 0.75)",0.9756187826241802,19.04458743530724,0.06704725847611939,55.72533858320986,11.860361897161418,True,False,True,False,False,1.2203944372701088,0.0,0.0,0.0,0.0,0,0.8710237131289763,0.8368999421631,False,False,False,False,0.07481905169487771,0.11947681292832162,False,False,False,False,102711.0,263933.383035661,False,False,False,False,46505.82866142597,False,False,False,False
2024-12-16 17:00:00+00:00,18.985,19.125,18.98,19.12,45918.0,,,,,,,18.849101191459763,19.30129629730573,19.569845122785583,18.963758000030996,18.568967174013814,17.36907020728768,18.849101191459763,18.963758000030996,,18.77033966548059,"rgba(38, 166, 154, 0.75)",0.9764106819468426,19.032170144032037,0.08995175656296828,53.18920267453447,9.436585969098886,True,False,True,False,False,1.2691598689805872,0.0,0.0,0.0,0.0,0,0.8696529847159473,0.8343746996058827,False,False,False,False,0.07368558354910276,0.0965811982387122,False,False,False,False,148629.0,262145.7181823949,False,False,False,False,46496.7150387682,False,False,False,False
2024-12-17 17:00:00+00:00,19.005,19.185,18.975,19.055,33570.0,,,,,,,18.855939269136844,19.298528766416734,19.565579845150637,18.96441195275333,18.57159634358181,17.375846251479246,18.855939269136844,18.96441195275333,,18.77198373808643,#000000,0.9694671704573976,19.026596593671904,0.029297955819065802,51.15127882145727,7.424469557139062,True,False,False,False,False,0.9362610650612737,0.0,0.0,0.0,0.0,0,0.8690154440154441,0.835135135135135,False,False,False,False,0.07680308454536579,0.08669214139203898,False,False,False,False,115059.0,259865.30394700894,False,False,False,False,46296.30085212063,False,False,False,False
2024-12-18 17:00:00+00:00,18.745,18.79,17.945,18.05,71078.0,,,,,,18.261666666666667,18.819641910562716,19.2727283880039,19.54236356799975,18.955508987676588,18.56820185506521,17.38324826352314,18.819641910562716,18.955508987676588,,18.686194234213993,"rgba(239, 83, 80, 0.5)",0.9739677742232048,19.0050160318283,-0.9805417151404014,45.50063140035208,2.104476011032233,False,False,False,True,False,0.0,0.0,0.0,0.0,0.0,0,0.8586770575936135,0.8400494202623076,False,False,False,False,-0.0036635574036762214,0.041514291994181385,False,False,False,False,43981.0,256518.26047496227,False,False,False,False,46680.51324201023,False,False,False,False
2024-12-19 17:00:00+00:00,18.105,18.155,17.985,18.1,23661.0,,,,,,18.216295541786735,18.804902942684166,19.262929834746117,19.533747072716164,18.951832208608934,18.566428368219622,17.385181004621497,18.804902942684166,18.951832208608934,,18.674473853340462,"rgba(239, 83, 80, 1.0)",0.9789514154818676,18.99116154806158,-0.9103225491766859,42.06425056594314,-1.0408020443640567,False,True,False,True,False,0.0,0.0,0.0,0.0,0.0,0,0.8597108617081987,0.8528628495339547,False,False,False,False,-0.03721615270040232,0.0021490696468895315,False,False,False,False,67642.0,253589.94635907136,False,False,False,False,46323.62156383953,False,False,False,False
2024-12-20 17:00:00+00:00,18.385,18.545,18.265,18.315,51298.0,,,,,,18.272043203663,18.787099067926512,19.247391686611415,19.519131409015955,18.946627607393577,18.564932493735387,17.391098183820333,18.787099067926512,18.946627607393577,,18.67547480745231,"rgba(239, 83, 80, 1.0)",0.9749041671545021,18.97978500422785,-0.6818977973683169,41.241932276954785,-1.8703806214732026,False,True,False,True,False,0.0,0.0,0.0,0.0,0.0,0,0.8624208636492489,0.8457904185958611,False,False,False,False,0.0005636152507368654,0.0013563424488131984,False,False,False,False,118940.0,251502.35029148884,False,False,False,False,46400.743710136594,False,False,False,False
2024-12-23 17:00:00+00:00,18.285,18.285,18.285,18.285,0.0,,,,,,18.272043203663,18.787099067926512,19.247391686611415,19.519131409015955,18.946627607393577,18.564932493735387,17.391098183820333,18.787099067926512,18.946627607393577,,18.67547480745231,"rgba(239, 83, 80, 1.0)",0.9726633677830707,18.97978500422785,-0.714311885530786,40.55435212507871,-2.769356826621852,False,True,False,True,False,0.0,0.0,0.0,0.0,0.0,0,0.8612903225806453,0.8539848197343451,False,False,False,False,-0.01296401088248234,-0.005803834216834571,False,False,False,False,118940.0,249447.1200544115,False,False,False,False,45681.35233478564,False,False,False,False
2024-12-24 17:00:00+00:00,18.275,18.365,18.25,18.31,6891.0,,,,,,18.273678452169214,18.784450326211257,19.245189392611593,19.51708332300323,18.945854900734496,18.56466342064974,17.391834175364693,18.784450326211257,18.945854900734496,,18.674679141534888,"rgba(239, 83, 80, 1.0)",0.9786469193702451,18.97787642042456,-0.6824488047786815,40.294685983966495,-3.40540146964927,False,True,False,True,False,0.0,0.0,0.0,0.0,0.0,0,0.8589999051143373,0.8530221083594268,False,False,False,False,-0.010427368846857656,-0.008115601531846114,False,False,False,False,125831.0,247530.59106131984,False,False,False,False,45079.95152339362,False,False,False,False
2024-12-25 17:00:00+00:00,18.31,18.31,18.31,18.31,0.0,,,,,,18.273678452169214,18.784450326211257,19.245189392611593,19.51708332300323,18.945854900734496,18.56466342064974,17.391834175364693,18.784450326211257,18.945854900734496,,18.674679141534888,"rgba(239, 83, 80, 1.0)",0.986546382977427,18.97787642042456,-0.676984308035159,40.12157522322502,-4.054079897397692,False,True,False,True,False,0.0,0.0,0.0,0.0,0.0,0,0.8632380952380952,0.8513333333333332,False,False,False,False,-0.010145528611658674,-0.009130565071752394,False,False,False,False,125831.0,245643.77569602805,False,False,False,False,44381.03754628674,False,False,False,False
2024-12-26 17:00:00+00:00,18.565,18.58,18.38,18.415,25646.0,,,,,,18.30019776115224,18.777871080470117,19.238381052006055,19.51045990981508,18.943668284027833,18.564250071533014,17.395009550585538,18.777871080470117,18.943668284027833,,18.67569110136998,"rgba(239, 83, 80, 1.0)",0.9935290634903834,18.973858974695982,-0.5624988691650817,41.000338651252534,-4.054079897397692,False,True,False,True,False,0.0,0.0,0.0,0.0,0.0,0,0.8648494633868363,0.8458543071516762,False,False,False,False,0.009018172066993752,-5.619650237932098e-05,False,False,False,False,151477.0,244183.82568523692,False,False,False,False,44090.571847894695,False,False,False,False
2024-12-27 17:00:00+00:00,18.225,18.37,18.145,18.36,41326.0,,,,,,18.298594505078064,18.762562624996672,19.225362723127017,19.498296198257236,18.938989815628634,18.562553188241605,17.399290952613462,18.762562624996672,18.938989815628634,,18.66937857256324,"rgba(239, 83, 80, 1.0)",0.9927292981772716,18.962764499262086,-0.6071791175789906,41.182037179896376,-4.054079897397692,False,True,False,True,False,0.0,0.0,0.0,0.0,0.0,0,0.8635845832542244,0.8482058097588757,False,False,False,False,-0.058787057265334355,-0.029421626883856838,False,False,False,False,110151.0,242105.79738003944,False,False,False,False,44047.71026885757,False,False,False,False
2024-12-30 17:00:00+00:00,18.005,18.24,17.995,18.055,25437.0,,,,,,18.277658248314225,18.7499028716595,19.215889552424958,19.489738595263315,18.935285889138836,18.56077485025148,17.401334545685504,18.7499028716595,18.935285889138836,,18.661512078962545,"rgba(239, 83, 80, 1.0)",0.9968218731784161,18.953371960581787,-0.9012362035328176,39.221590878296446,-6.1976443728115385,False,True,False,True,False,0.0,0.0,0.0,0.0,0.0,0,0.8535377583087324,0.8481097038377295,False,False,False,False,-0.07659548923853926,-0.05300855806119805,False,False,False,False,84714.0,239665.61447492256,False,False,False,False,43759.17212515435,False,False,False,False
2024-12-31 17:00:00+00:00,18.225,18.52,18.175,18.415,52431.0,,,,,,18.293917787225848,18.735577034140466,19.20150470312468,19.475822209638025,18.930208324838887,18.559285578547932,17.407150330634614,18.735577034140466,18.930208324838887,,18.657637995450067,"rgba(239, 83, 80, 0.5)",0.99752980040838,18.94378074378652,-0.5300901723136908,41.50293926405621,-6.1976443728115385,False,False,False,True,True,0.0,0.0,0.0,0.0,0.0,0,0.8559562016235605,0.841891636775533,False,False,False,False,-0.07462149456854755,-0.0638150263148728,False,False,False,False,137145.0,238076.1475838385,False,False,False,False,43893.6190689504,False,False,False,False
2025-01-01 17:00:00+00:00,18.415,18.415,18.415,18.415,0.0,,,,,,18.293917787225848,18.735577034140466,19.20150470312468,19.475822209638025,18.930208324838887,18.559285578547932,17.407150330634614,18.735577034140466,18.930208324838887,,18.657637995450067,"rgba(239, 83, 80, 0.5)",1.0004948640413167,18.94378074378652,-0.5285191986399673,43.023838187896054,-6.1976443728115385,False,False,False,True,True,0.0,0.0,0.0,0.0,0.0,0,0.8588077951853266,0.845529231944975,False,False,False,False,-0.06541448684329275,-0.06461475657908278,False,False,False,False,137145.0,236511.32359029062,False,False,False,False,43213.0978430752,False,False,False,False
2025-01-02 17:00:00+00:00,19.195,19.26,19.005,19.25,35941.0,,,,,,18.38845276373527,18.746565615774784,19.20116088359563,19.47325285958523,18.93168595463615,18.562545137065445,17.41438266503344,18.746565615774784,18.93168595463615,,18.674006554203707,#000000,0.9953854928013365,18.95241852078414,0.2989610370735567,49.93729918441848,-4.807487744937049,True,False,False,False,True,2.5848006645992,0.0,0.0,0.0,0.0,0,0.8604848599188755,0.8429393453447785,False,False,False,False,0.03207782863063261,-0.016268463974225083,False,False,False,False,173086.0,235527.98524005356,False,False,False,False,43100.352140081784,False,False,False,False
2025-01-03 17:00:00+00:00,19.175,19.26,19.115,19.18,33520.0,,,,,,18.461160157104516,18.756632526500187,19.200989054408858,19.47099962268181,18.933123511096294,18.565619875175404,17.421125373478763,18.756632526500187,18.933123511096294,,18.687092874349407,"rgba(38, 166, 154, 1.0)",0.982279854070006,18.959446944039087,0.22453179208253868,53.90822131401706,-1.3257136400630785,True,False,True,False,True,2.2010977591180954,0.0,0.0,0.0,0.0,0,0.8604147031102731,0.844109330819981,False,False,False,False,0.039552738865134336,0.011642137445454627,False,False,False,False,139566.0,234040.20252315348,False,False,False,False,42951.81954876269,False,False,False,False
2025-01-06 17:00:00+00:00,18.735,18.845,18.685,18.7,36890.0,,,,,,18.486918333461183,18.756304745691903,19.195695796705497,19.46479307667028,18.93194552531692,18.56658075850945,17.426643577727408,18.756304745691903,18.93194552531692,,18.68984025915466,"rgba(38, 166, 154, 1.0)",0.9659624430802279,18.958508069595975,-0.267617101935821,52.678883466322546,-1.3257136400630785,True,False,True,False,True,0.0,0.0,0.0,0.0,0.0,0,0.8561618062088426,0.8515522107243648,False,False,False,False,-0.017816801452348544,-0.003087332003446959,False,False,False,False,102676.0,232003.54822046892,False,False,False,False,42857.83785033225,False,False,False,False
2025-01-07 17:00:00+00:00,18.835,18.925,18.645,18.72,40195.0,,,,,,18.511924299781988,18.756488560561653,19.190314875633277,19.4583340606697,18.93081288638326,18.567733104985674,17.432694500016588,18.756488560561653,18.93081288638326,,18.692614612576023,"rgba(38, 166, 154, 0.75)",0.9518790425846098,18.95763733754889,-0.24965077170271527,52.00430093811432,-1.3257136400630785,True,False,True,False,False,0.0,0.0,0.0,0.0,0.0,0,0.850718065003779,0.8542139077853361,False,False,False,False,-0.015101411412966063,-0.009094371708206511,False,False,False,False,142871.0,230621.64824805854,False,False,False,False,42816.55354257516,False,False,False,False
2025-01-08 17:00:00+00:00,19.245,19.35,19.0,19.33,34974.0,,,,,,18.564079579153525,18.766949638542517,19.19070430625781,19.456492711609446,18.932532068546703,18.571074054991513,17.439732879666373,18.766949638542517,18.932532068546703,,18.703080748395415,"rgba(38, 166, 154, 1.0)",0.9388362453035021,18.963639231283445,0.3902286160651143,55.34829126626694,-0.21877844498304455,True,False,True,False,True,2.9119590230027583,0.0,0.0,0.0,0.0,0,0.8506554307116102,0.8459737827715352,False,False,False,False,0.037853537646143534,0.014379582968968511,False,False,False,False,177845.0,229803.4056395615,False,False,False,False,42694.96356517089,False,False,False,False
2025-01-09 17:00:00+00:00,19.33,19.33,19.33,19.33,0.0,,,,,,18.564079579153525,18.766949638542517,19.19070430625781,19.456492711609446,18.932532068546703,18.571074054991513,17.439732879666373,18.766949638542517,18.932532068546703,,18.703080748395415,"rgba(38, 166, 154, 1.0)",0.9294893832172564,18.963639231283445,0.3941527201187209,57.577618151702026,1.9383471121190254,True,False,True,False,True,2.9119590230027583,0.0,0.0,0.0,0.0,0,0.8557601954519823,0.8471152039090394,False,False,False,False,0.05894219190212181,0.03666088743554516,False,False,False,False,177845.0,228997.84896297916,False,False,False,False,42033.026145555836,False,False,False,False
2025-01-10 17:00:00+00:00,19.76,19.83,19.425,19.495,35656.0,,,,,,18.63465523759218,18.78505697698216,19.194946167651263,19.457512269475096,18.93636486015674,18.576279625065943,17.448272813259052,18.78505697698216,18.93636486015674,,18.71901256431178,"rgba(38, 166, 154, 1.0)",0.9264093329907328,18.97436187287922,0.561995770746394,59.98990941751513,4.288771242801012,True,False,True,False,True,3.761173096879009,0.0,0.0,0.0,0.0,0,0.8560209424083768,0.8433059087509349,False,False,False,False,0.09958236377311062,0.06812162560432788,False,False,False,False,213501.0,228757.58773874692,False,False,False,False,41934.15752314412,False,False,False,False
2025-01-13 17:00:00+00:00,18.995,19.17,18.96,19.15,39468.0,,,,,,18.667308042875458,18.792444168259923,19.193745363130265,19.454300578063954,18.937381506223105,18.579206199365892,17.45549542170526,18.792444168259923,18.937381506223105,,18.725697325660548,"rgba(38, 166, 154, 1.0)",0.9236225292708374,18.977579293539414,0.18667875782188217,58.42520421884494,4.288771242801012,True,False,True,False,True,1.8301185655454013,0.0,0.0,0.0,0.0,0,0.8570627278676263,0.8494905113583247,False,False,False,False,0.02290888387688125,0.04551525474060457,False,False,False,False,174033.0,227909.14451799117,False,False,False,False,41895.92252278529,False,False,False,False
2025-01-14 17:00:00+00:00,19.61,19.61,19.355,19.555,37092.0,,,,,,18.719942496866746,18.808174426220166,19.197182503829698,19.454731024999887,18.940825694415672,18.58411358731008,17.463924128682187,18.808174426220166,18.940825694415672,,18.738413408903487,"rgba(38, 166, 154, 1.0)",0.9178681724420258,18.986137966361692,0.6197644179390454,59.802729741453234,4.288771242801012,True,False,True,False,True,3.917747913186968,0.0,0.0,0.0,0.0,0,0.8649001679417798,0.8408285127822354,False,False,False,False,0.07974184737485014,0.06262855105772736,False,False,False,False,211125.0,227648.9252231386,False,False,False,False,41821.443103827376,False,False,False,False
2025-01-15 17:00:00+00:00,19.355,19.455,19.285,19.39,53939.0,,,,,,18.774824252490152,18.825816846731467,19.200004320615935,19.453808911465522,18.9446267439526,18.590165283466987,17.475286022969936,18.825816846731467,18.9446267439526,,18.752076054527514,"rgba(38, 166, 154, 1.0)",0.9128529281700042,18.99493816492062,0.4327770913452203,59.27610373819252,4.288771242801012,True,False,True,False,True,2.9926713394859554,0.0,0.0,0.0,0.0,0,0.8607724523033966,0.8421591437878082,False,False,False,False,0.06439218401729283,0.06351036753751009,False,False,False,False,157186.0,226556.47677006666,False,False,False,False,42009.31220299284,False,False,False,False
2025-01-16 17:00:00+00:00,19.735,19.785,19.43,19.455,37660.0,,,,,,18.817927833235498,18.841316770829934,19.20387686254973,19.454650265969764,18.94833095914788,18.59529058587155,17.483882603065368,18.841316770829934,18.94833095914788,,18.763610840095676,"rgba(38, 166, 154, 1.0)",0.9116466242835817,19.00297184702346,0.4958370282254543,59.339938962491814,4.3799331096994365,True,False,True,False,True,3.3303794119909966,0.0,0.0,0.0,0.0,0,0.8644807728032694,0.8370796953371725,False,False,False,False,0.09684144051424833,0.08017590402587921,False,False,False,False,194846.0,226064.84147130593,False,False,False,False,41941.88100604722,False,False,False,False
2025-01-17 17:00:00+00:00,19.595,19.6,19.45,19.53,25506.0,,,,,,18.84343850652005,18.85102147182725,19.206233206945384,19.45504703349088,18.95069188293218,18.59862367670508,17.48958090628283,18.85102147182725,18.95069188293218,,18.770662383529096,"rgba(38, 166, 154, 1.0)",0.9114222229398135,19.007864504073872,0.5728799263221485,59.88558746097882,5.299739525358632,True,False,True,False,True,3.7239568149678313,0.0,0.0,0.0,0.0,0,0.862952646239554,0.8396471680594241,False,False,False,False,0.08554999237568055,0.08286294820077988,False,False,False,False,220352.0,225976.2702857043,False,False,False,False,41687.06114548834,False,False,False,False
2025-01-20 17:00:00+00:00,19.53,19.53,19.53,19.53,0.0,,,,,,18.84343850652005,18.85102147182725,19.206233206945384,19.45504703349088,18.95069188293218,18.59862367670508,17.48958090628283,18.85102147182725,18.95069188293218,,18.770662383529096,"rgba(38, 166, 154, 1.0)",0.9118418001323206,19.007864504073872,0.572616319903694,60.24935312663682,6.050023608865843,True,False,True,False,True,3.7239568149678313,0.0,0.0,0.0,0.0,0,0.8609680741503601,0.847954311394064,False,False,False,False,0.08623367472617444,0.08454831146347716,False,False,False,False,220352.0,225889.07229677864,False,False,False,False,41040.75011997689,False,False,False,False
2025-01-21 17:00:00+00:00,19.97,20.105,19.895,19.925,38891.0,,,,,,18.90231149386845,18.874776603347037,19.214695985869945,19.459378574319818,18.957028309634776,18.606093367957403,17.500107459625703,18.874776603347037,18.957028309634776,,18.78777025637473,"rgba(38, 166, 154, 1.0)",0.9147265775693817,19.020861282688507,0.9884251091883408,63.078423279482394,9.011531714561194,True,False,True,False,True,5.807664162921405,0.0,0.0,0.0,0.0,0,0.8653375963889408,0.8350573631747223,False,False,False,False,0.14884301437518413,0.11669566291933064,False,False,False,False,259243.0,226406.1874549681,False,False,False,False,41007.42066075244,False,False,False,False
2025-01-22 17:00:00+00:00,20.075,20.495,20.04,20.195,86698.0,,,,,,19.041683575122452,18.93635491935904,19.23933433630061,19.473672053694177,18.97452555183533,18.625664459844142,17.525765701516583,18.93635491935904,18.97452555183533,,18.831000085381763,"rgba(38, 166, 154, 1.0)",0.9209996185109849,19.05487943095725,1.237916440058929,66.34663662417685,12.200359677206912,True,False,True,False,True,7.190355373397882,0.0,0.0,0.0,0.0,0,0.8666355140186912,0.8285981308411213,False,False,False,False,0.18008234099078904,0.14838900195505983,False,False,False,False,345941.0,228259.440362643,False,False,False,False,41715.80173577953,False,False,False,False
2025-01-23 17:00:00+00:00,19.91,20.11,19.82,20.11,66119.0,,,,,,19.11304123066283,18.972085200747436,19.25321931691896,19.48107301687848,18.985191412414355,18.6382006199449,17.543384266072763,18.972085200747436,18.985191412414355,,18.855170723377103,"rgba(38, 166, 154, 1.0)",0.9255129914255011,19.073783298171993,1.1196133511124429,67.43545605688249,13.295341600009586,True,False,True,False,True,6.666105731362986,0.0,0.0,0.0,0.0,0,0.8599196336790953,0.8406690963461357,False,False,False,False,0.13533102435521116,0.1418600131551355,False,False,False,False,279822.0,229058.85989190437,False,False,False,False,42094.145894914735,False,False,False,False
2025-01-24 17:00:00+00:00,20.48,20.625,20.405,20.59,33145.0,,,,,,19.163709119028592,18.997734780220295,19.264687987464967,19.488303199790312,18.993153002502964,18.64677440903872,17.5539860562108,18.997734780220295,18.993153002502964,,18.872621222036663,"rgba(38, 166, 154, 1.0)",0.9371604946821409,19.088022129993526,1.6026901246151053,70.40802723348807,16.14020423089164,True,False,True,False,True,9.088660789623297,0.0,0.0,0.0,0.0,0,0.8657312767143649,0.8373908195502694,False,False,False,False,0.21383508454261568,0.1778475488488756,False,False,False,False,312967.0,230359.76128892912,False,False,False,False,41955.399446931566,False,False,False,False
2025-01-27 17:00:00+00:00,19.935,20.225,19.74,20.14,41380.0,,,,,,19.200693591029797,19.018495366574815,19.273164982685934,19.492923986504536,18.999771078386818,18.65454408843137,17.564896333561318,19.018495366574815,18.999771078386818,,18.88635563245351,"rgba(38, 166, 154, 0.75)",0.9414484718906859,19.09892267038635,1.1058250777367367,67.56455296150642,16.14020423089164,True,False,True,False,False,6.330398353141831,0.0,0.0,0.0,0.0,0,0.8534920195589996,0.8462957837438878,False,False,False,False,0.13318595483534146,0.15551675184210853,False,False,False,False,271587.0,230998.94328444958,False,False,False,False,41946.47852527371,False,False,False,False
2025-01-28 17:00:00+00:00,20.395,20.56,20.375,20.485,20430.0,,,,,,19.22681713307183,19.032730837628304,19.279650462471306,19.49699822247571,19.00437803643977,18.65955601730177,17.571197228559353,19.032730837628304,19.00437803643977,,18.895903991135434,"rgba(38, 166, 154, 0.75)",0.950504664437371,19.106760919439168,1.4500076981491172,67.45478686283793,16.14020423089164,True,False,True,False,False,8.048461861909633,0.0,0.0,0.0,0.0,0,0.8579854391300338,0.8456363468804718,False,False,False,False,0.20654389387420852,0.1810303228581585,False,False,False,False,292017.0,231944.9596676364,False,False,False,False,41612.889710928386,False,False,False,False
2025-01-29 17:00:00+00:00,20.5,20.565,20.235,20.52,32521.0,,,,,,19.265204162381593,19.054314121960285,19.28954657231692,19.503195248860877,19.01148731278416,18.667331824686077,17.581056474102997,19.054314121960285,19.01148731278416,,18.910305102441843,"rgba(38, 166, 154, 0.75)",0.9577917921538059,19.118604671467462,1.4631523677825542,67.55402266713213,16.14020423089164,True,False,True,False,False,8.221417512449793,0.0,0.0,0.0,0.0,0,0.851858667648141,0.8477180714022818,False,False,False,False,0.19621965873408057,0.18862499079611955,False,False,False,False,324538.0,233380.51068054125,False,False,False,False,41471.9301805264,False,False,False,False
2025-01-30 17:00:00+00:00,21.25,21.37,21.045,21.175,90744.0,,,,,,19.421898695945387,19.142233849288974,19.333876162545863,19.533689029419644,19.041270179666242,18.697783913459773,17.615399122659646,19.142233849288974,19.041270179666242,,18.96945013614079,"rgba(38, 166, 154, 1.0)",0.9777372664280749,19.16876219207969,2.051919136977986,70.30159184420712,16.14020423089164,True,False,True,False,True,11.360812788952586,0.0,0.0,0.0,0.0,0,0.8657933308904358,0.8402345181385122,False,False,False,False,0.32317018832352823,0.2558975895598239,False,False,False,False,415282.0,236200.6888095251,False,False,False,False,42235.83823974304,False,False,False,False
2025-01-31 17:00:00+00:00,21.29,21.35,20.9,20.93,26431.0,,,,,,19.459713425760953,19.16488687448131,19.345484041804788,19.541652461219265,19.04925256357511,18.70603869824801,17.624902695392617,19.16488687448131,19.04925256357511,,18.98456153721172,"rgba(38, 166, 154, 1.0)",0.9761573772836568,19.181637500363383,1.7910662156769919,69.73312009731976,16.14020423089164,True,False,True,False,True,9.838511712706417,0.0,0.0,0.0,0.0,0,0.8605654488709379,0.8490912428859921,False,False,False,False,0.30979479542540295,0.28284619249261345,False,False,False,False,388851.0,238567.36030085027,False,False,False,False,41990.80198796408,False,False,False,False
2025-02-03 17:00:00+00:00,21.555,21.84,21.32,21.375,40896.0,,,,,,19.53047759411422,19.20700842308906,19.367791376739717,19.557428644226093,19.064226422845095,18.72112704178517,17.64142434434568,19.20700842308906,19.064226422845095,,19.012783406735004,"rgba(38, 166, 154, 1.0)",0.9898959723304861,19.205949112232133,2.1911907396302737,71.05581359790912,17.08118234268474,True,False,True,False,True,11.900000790145384,0.0,0.0,0.0,0.0,0,0.8702317941230147,0.8291659061872603,False,False,False,False,0.3428282375535248,0.31283721502306916,False,False,False,False,429747.0,241531.3857225425,False,False,False,False,41973.828313732076,False,False,False,False
2025-02-04 17:00:00+00:00,21.585,21.75,21.485,21.495,49304.0,,,,,,19.612154990252336,19.25719893751032,19.394878724281483,19.57673714665698,19.082511527210904,18.739521809765225,17.66148837066692,19.25719893751032,19.082511527210904,,19.046355929477738,"rgba(38, 166, 154, 1.0)",0.9929034591939752,19.235036728263463,2.276115820536212,72.34960937910391,18.475018687592936,True,False,True,False,True,12.444566436853005,0.0,0.0,0.0,0.0,0,0.8701441822022219,0.8403893837817981,False,False,False,False,0.34282823726061457,0.3278327261418419,False,False,False,False,479051.0,245213.86036250307,False,False,False,False,42087.47438638739,False,False,False,False
2025-02-05 17:00:00+00:00,22.38,22.56,22.185,22.335,81652.0,,,,,,19.782540495284092,19.362347160803306,19.453897591504425,19.62012581963485,19.12154384988462,18.77773806542784,17.700828876744872,19.362347160803306,19.12154384988462,,19.117003122754856,"rgba(38, 166, 154, 1.0)",1.0314699866372343,19.29705323997706,2.945259483436021,75.4689003436941,21.50139014416112,True,False,True,False,True,16.076842609825363,0.0,0.0,0.0,0.0,0,0.8683164739884388,0.8315570809248554,False,False,False,False,0.34282823917552563,0.33533048265868376,False,False,False,False,560703.0,250105.1648530069,False,False,False,False,42700.87788427285,False,False,False,False
2025-02-06 17:00:00+00:00,22.295,22.33,22.115,22.25,47249.0,,,,,,19.867374006251392,19.41753186247373,19.48552741430379,19.64347354719906,19.14283033297404,18.798707015781968,17.7226755248244,19.41753186247373,19.14283033297404,,19.154017100544056,"rgba(38, 166, 154, 1.0)",1.0653646248040465,19.329734889133178,2.7410944974862,76.73586695210173,22.740892014575223,True,False,True,False,True,15.534043278665923,0.0,0.0,0.0,0.0,0,0.8626142595978058,0.8388482632541132,False,False,False,False,0.32013569969934114,0.32773309117901245,False,False,False,False,513454.0,254188.09252970445,False,False,False,False,42771.39140544691,False,False,False,False
2025-02-07 17:00:00+00:00,21.97,22.285,21.955,22.165,32824.0,,,,,,19.920658370636357,19.453361214120374,19.506321364446123,19.658852374148655,19.156989947053706,18.8127189659889,17.73740612021767,19.453361214120374,19.156989947053706,,19.178044050944543,"rgba(38, 166, 154, 1.0)",1.1013855401757329,19.351018181239596,2.5549471244296664,76.72245247626888,22.8683576563443,True,False,True,False,True,14.986795448767626,0.0,0.0,0.0,0.0,0,0.8572083639031544,0.8453778429933967,False,False,False,False,0.30481179224739646,0.31627244171320446,False,False,False,False,480630.0,257698.8197773059,False,False,False,False,42617.16828288184,False,False,False,False
2025-02-10 17:00:00+00:00,22.76,22.885,22.565,22.8,65824.0,,,,,,20.04798209997787,19.538280219972304,19.556581786607005,19.696646779895993,19.19076643232264,18.845602703477716,17.77074187290965,19.538280219972304,19.19076643232264,,19.23522884216617,"rgba(38, 166, 154, 1.0)",1.1631499558611964,19.402014107863376,2.921365276260321,78.37903957788998,24.6036131158655,True,False,True,False,True,17.6303196199079,0.0,0.0,0.0,0.0,0,0.8677663355508972,0.8365989246331904,False,False,False,False,0.3428282402061353,0.32955034095966984,False,False,False,False,546454.0,262175.6442768825,False,False,False,False,42976.964123457314,False,False,False,False
2025-02-11 17:00:00+00:00,22.775,22.865,22.47,22.475,54502.0,,,,,,20.1397762001838,19.602288216122435,19.59517554677226,19.725778063291635,19.217123558258894,18.87141018463261,17.797206825094445,19.602288216122435,19.217123558258894,,19.278394084908008,"rgba(38, 166, 154, 0.75)",1.2012043430965262,19.440689939173588,2.5260565184141885,76.49114384248855,24.6036131158655,True,False,True,False,False,15.547289815088853,0.0,0.0,0.0,0.0,0,0.862068965517241,0.8385662431941924,False,False,False,False,0.3346797059385091,0.3321150234490895,False,False,False,False,491952.0,265738.06839662074,False,False,False,False,43155.646850225414,False,False,False,False
2025-02-12 17:00:00+00:00,22.71,23.045,22.66,22.85,86727.0,,,,,,20.286410890183753,19.706794197912096,19.659519079287755,19.774846855057046,19.261250472235528,18.914438313676893,17.840872430432842,19.706794197912096,19.261250472235528,,19.34916174839799,"rgba(38, 166, 154, 0.75)",1.2521512119779068,19.504479307401787,2.671818435821027,76.36790145065406,24.6036131158655,True,False,True,False,False,17.080800145872807,0.0,0.0,0.0,0.0,0,0.8602954586904975,0.8395039212110158,False,False,False,False,0.3428282405454013,0.3374716319972454,False,False,False,False,578679.0,270589.8657858204,False,False,False,False,43831.171705260684,False,False,False,False
2025-02-13 17:00:00+00:00,22.85,23.075,22.78,23.05,51939.0,,,,,,20.370532897312717,19.76842776112235,19.69821434361265,19.804589015042154,19.288010031918656,18.940514888768735,17.86726400010412,19.76842776112235,19.288010031918656,,19.391078991125912,"rgba(38, 166, 154, 0.75)",1.3164148111271912,19.542461907000447,2.6644626476028437,76.84037158290948,24.6036131158655,True,False,True,False,False,17.882582082093272,0.0,0.0,0.0,0.0,0,0.8574961077021704,0.8436670024727538,False,False,False,False,0.34282824073750656,0.340149936367376,False,False,False,False,630618.0,276171.69732402475,False,False,False,False,43956.874469520204,False,False,False,False
2025-02-14 17:00:00+00:00,22.48,22.54,22.145,22.295,111329.0,,,,,,20.49376325674197,19.868015599191892,19.762490227764633,19.853951413785943,19.334309376304176,18.986567278011947,17.915925906721736,19.868015599191892,19.334309376304176,,19.459289008360326,"rgba(38, 166, 154, 0.75)",1.3536394885141867,19.60457143717398,1.9875517710990775,71.2345274849558,24.961444933609073,True,False,True,False,False,13.180428610628336,0.0,0.0,0.0,0.0,0,0.8455815641444382,0.8509344946470695,False,False,False,False,0.2647125700280655,0.30243125319772074,False,False,False,False,519289.0,279940.95783062896,False,False,False,False,45001.40354751214,False,False,False,False
2025-02-17 17:00:00+00:00,22.295,22.295,22.295,22.295,0.0,,,,,,20.49376325674197,19.868015599191892,19.762490227764633,19.853951413785943,19.334309376304176,18.986567278011947,17.915925906721736,19.868015599191892,19.334309376304176,,19.459289008360326,"rgba(38, 166, 154, 0.75)",1.389327159079185,19.60457143717398,1.9364974946643794,67.49729808632001,21.64170273179269,True,False,True,False,False,13.180428610628336,0.0,0.0,0.0,0.0,0,0.8482037289677125,0.8539336061846293,False,False,False,False,0.2585177116687648,0.2804744824332428,False,False,False,False,519289.0,283651.78018984396,False,False,False,False,44303.707368480944,False,False,False,False
2025-02-18 17:00:00+00:00,22.655,22.83,22.6,22.69,85017.0,,,,,,20.59533504190352,19.94996622030793,19.816462895743065,19.89596121303872,19.373097621813614,19.024806626949644,17.955518005028548,19.94996622030793,19.373097621813614,,19.51587823211215,"rgba(38, 166, 154, 0.75)",1.4339797672816228,19.656401087786385,2.1155102613228434,66.75606030831557,21.0760043517342,True,False,True,False,False,14.83952556042193,0.0,0.0,0.0,0.0,0,0.852356306183601,0.8489966403341506,False,False,False,False,0.3140309092672222,0.2972526958502325,False,False,False,False,604306.0,288623.16344271455,False,False,False,False,44934.921207729305,False,False,False,False
2025-02-19 17:00:00+00:00,22.51,22.8,22.455,22.695,75895.0,,,,,,20.676210875222885,20.017803120913353,19.862087238676423,19.93169651963721,19.406401972608077,19.05776968606143,17.98989822409381,20.017803120913353,19.406401972608077,,19.563123948173313,"rgba(38, 166, 154, 0.75)",1.4778186475190518,19.699869100994945,2.0267242560738103,66.28351212988902,20.59025844409898,True,False,True,False,False,14.860373029493172,0.0,0.0,0.0,0.0,0,0.8490805326569434,0.8535193405199745,False,False,False,False,0.3023206555065575,0.299786675678395,False,False,False,False,680201.0,294694.137652905,False,False,False,False,45414.922429314895,False,False,False,False
2025-02-20 17:00:00+00:00,23.895,23.92,23.275,23.285,66591.0,,,,,,20.7702567983328,20.09276672479631,19.912673565668197,19.97178900608093,19.44252478520213,19.09287690506217,18.025036095300838,20.09276672479631,19.44252478520213,,19.615417697206198,"rgba(38, 166, 154, 1.0)",1.5365767439637288,20.035316539253824,2.1148852301144068,68.26319345220816,20.59025844409898,True,False,True,False,True,17.269199935512436,0.0,0.0,0.0,0.0,0,0.8570667613636361,0.8422407670454544,False,False,False,False,0.3428282422435352,0.32130745896096513,False,False,False,False,746792.0,301703.4068365809,False,False,False,False,45743.23370948055,False,False,False,False
2025-02-21 17:00:00+00:00,22.74,22.895,22.62,22.705,89813.0,,,,,,20.8551241526867,20.167599464721956,19.964816189845497,20.013188228687703,19.48137047773723,19.131399021710763,18.065291095714613,20.167599464721956,19.48137047773723,,19.668398375872066,"rgba(38, 166, 154, 0.75)",1.5751022217650175,20.05500062843108,1.6824300892670945,65.24740861131802,19.71106632980053,True,False,True,False,False,13.70515138760602,0.0,0.0,0.0,0.0,0,0.8580878461809841,0.8540306932439583,False,False,False,False,0.24359734939747668,0.2824524041792209,False,False,False,False,656979.0,307211.5555677967,False,False,False,False,46426.485900031235,False,False,False,False
2025-02-24 17:00:00+00:00,22.795,23.4,22.745,23.205,46902.0,,,,,,20.904889224709024,20.210500914941697,19.994881939782168,20.037238239203948,19.503597931284293,19.153260546776856,18.087712936378164,20.210500914941697,19.503597931284293,,19.698868819010876,"rgba(38, 166, 154, 0.5)",1.6145409020289359,20.082768252826725,1.9338201610437225,65.25826592237333,19.63384525285572,False,False,True,False,False,15.719410356732897,0.0,0.0,0.0,0.0,0,0.8669482576557548,0.8442449841605068,False,False,False,False,0.2801638134662177,0.2813081088227193,False,False,False,False,703881.0,313361.46943496267,False,False,False,False,46433.858211658655,False,False,False,False
2025-02-25 17:00:00+00:00,22.875,23.2,22.79,23.15,71588.0,,,,,,20.974487123736207,20.272107919872276,20.03867764744246,20.07241798388588,19.53635794615159,19.185588663423747,18.12108384985951,20.272107919872276,19.53635794615159,,19.742960162053095,"rgba(38, 166, 154, 0.5)",1.6449005966845105,20.121409641830763,1.8411996228062133,64.87234959770831,19.05512721911785,False,False,True,False,False,15.386015282082898,0.0,0.0,0.0,0.0,0,0.8651203501094089,0.8499781181619255,False,False,False,False,0.2711028822362684,0.2762054955294938,False,False,False,False,632293.0,318306.1443274439,False,False,False,False,46823.84490605154,False,False,False,False
2025-02-26 17:00:00+00:00,23.515,23.83,23.5,23.56,65020.0,,,,,,21.05061516698706,20.33707407787622,20.084885381263767,20.10979318849391,19.57044968684925,19.218855288106944,18.154549910925905,20.33707407787622,19.57044968684925,,19.789460385786153,"rgba(38, 166, 154, 0.5)",1.6805883863469993,20.169497376819564,2.0174497519587056,66.18968051791775,19.05512721911785,False,False,True,False,False,17.007184126805154,0.0,0.0,0.0,0.0,0,0.8733825445071641,0.845766391663048,False,False,False,False,0.3428282423770744,0.3095168689532841,False,False,False,False,697313.0,324182.2196091889,False,False,False,False,47105.955837740665,False,False,False,False
2025-02-27 17:00:00+00:00,22.82,22.905,22.615,22.615,54157.0,,,,,,21.089353295607566,20.374733561807236,20.112737761421297,20.132363558202513,19.59208896414659,19.24049632432998,18.17749259684021,20.374733561807236,19.59208896414659,,19.817038008907918,"rgba(38, 166, 154, 0.5)",1.6884022993126997,20.19004154533083,1.4362444635714493,61.2316479028864,15.488563910315378,False,True,True,False,False,11.476245984428143,0.0,0.0,0.0,0.0,0,0.8656015037593981,0.8527853725222145,False,False,False,False,0.23727212100810988,0.273394494980697,False,False,False,False,643156.0,329127.5495377286,False,False,False,False,47215.27435188422,False,False,False,False
2025-02-28 17:00:00+00:00,22.365,22.86,22.315,22.85,61791.0,,,,,,21.130451948583634,20.415616845235544,20.143365158536973,20.157282529915403,19.616131278946536,19.264605268563997,18.203179343752144,20.415616845235544,19.616131278946536,,19.847233196219175,"rgba(38, 166, 154, 0.5)",1.6947398748018325,20.427083292383763,1.4296687908517831,59.00452399433195,13.463065827622579,False,True,True,False,False,12.43068555497662,0.0,0.0,0.0,0.0,0,0.8621965914959544,0.8524703046996039,False,False,False,False,0.2177922745470698,0.2455933847638834,False,False,False,False,704947.0,334954.20768443047,False,False,False,False,47441.25459449066,False,False,False,False
2025-03-03 17:00:00+00:00,23.09,23.32,22.81,23.05,138443.0,,,,,,21.23635471495553,20.516886458873316,20.219439181565733,20.219650753126725,19.675271762278115,19.323373107398503,18.26454324700102,20.516886458873316,19.675271762278115,,19.92221703217128,"rgba(38, 166, 154, 0.5)",1.7160512182868763,20.50713984596612,1.4818090083420725,58.425890011550635,12.89299409833923,False,True,True,False,False,13.236582771020291,0.0,0.0,0.0,0.0,0,0.8739726027397257,0.8451198630136985,False,False,False,False,0.2721625154540802,0.2588779501089818,False,False,False,False,843390.0,342836.93314668734,False,False,False,False,48852.134368219486,False,False,False,False
2025-03-04 17:00:00+00:00,23.03,23.375,23.0,23.145,60060.0,,,,,,21.28140228175045,20.56029890222358,20.25248960080995,20.246928427914334,19.701139388865922,19.349062024132454,18.291302608344438,20.56029890222358,19.701139388865922,,19.954660462005876,"rgba(38, 166, 154, 0.5)",1.7430226412551322,20.538616794119257,1.49532378076507,58.48127965031327,12.78071837974528,False,True,True,False,False,13.619772874353558,0.0,0.0,0.0,0.0,0,0.8769007346659828,0.8485392106611992,False,False,False,False,0.28635542712706796,0.2726166886180249,False,False,False,False,903450.0,351528.60860177747,False,False,False,False,49025.899726851734,False,False,False,False
2025-03-05 17:00:00+00:00,24.09,24.37,23.905,24.365,95353.0,,,,,,21.385802844875705,20.652681804265892,20.32162044652754,20.304243417677796,19.75349905734611,19.400051421668906,18.342116033608338,20.652681804265892,19.75349905734611,,20.02285928942433,"rgba(38, 166, 154, 0.5)",1.7990668251739654,20.6262394911733,2.0781665564119156,62.78502014435128,8.334490743400963,False,True,True,False,True,18.234810137199414,0.0,0.0,0.0,0.0,0,0.8843920908708454,0.8365166175851912,False,False,False,False,0.3428282432356564,0.30772246592684066,False,False,False,False,998803.0,361563.87048392044,False,False,False,False,49744.14934348969,False,False,False,False
2025-03-06 17:00:00+00:00,24.23,24.27,23.775,23.905,144445.0,,,,,,21.518744684426956,20.77556949253676,20.41594033294315,20.383052399215522,19.826567994403668,19.471692929795534,18.414499639627174,20.77556949253676,19.826567994403668,,20.11515249613554,"rgba(38, 166, 154, 0.5)",1.839157415774977,20.72461445925557,1.7292622770978487,62.89543353698853,8.515185943040777,False,True,True,False,True,15.613540213249092,0.0,0.0,0.0,0.0,0,0.8810657312285974,0.8380522843063559,False,False,False,False,0.330025162599244,0.31887381426304234,False,False,False,False,854358.0,369204.0895461852,False,False,False,False,51212.379586226285,False,False,False,False
2025-03-07 17:00:00+00:00,23.82,24.21,23.665,23.77,265961.0,,,,,,21.72224022180847,20.973159407238736,20.5728698105407,20.51580617097475,19.951573105652468,19.595064963770565,18.540683565119114,20.973159407238736,19.951573105652468,,20.2673424635864,"rgba(38, 166, 154, 0.5)",1.8728329627349045,20.870283312286347,1.5483050252806243,62.1934799383596,8.515185943040777,False,True,True,False,True,14.8569941053623,0.0,0.0,0.0,0.0,0,0.8775373820065154,0.8461281430122797,False,False,False,False,0.32062889640207304,0.3197513553325577,False,False,False,False,588397.0,372602.4292431436,False,False,False,False,54541.81556163362,False,False,False,False
2025-03-10 17:00:00+00:00,23.125,23.275,22.77,23.045,82528.0,,,,,,21.756278176838617,21.012974208300562,20.606915504021345,20.54506448470962,19.98074092974947,19.624626624012592,18.572606734884214,21.012974208300562,19.98074092974947,,20.299886666073775,"rgba(38, 166, 154, 0.5)",1.8804765233724803,20.8924021140647,1.144708726315175,58.034584159805675,12.415519587248248,False,True,True,False,False,10.925630672365891,0.0,0.0,0.0,0.0,0,0.8628792875989443,0.858674142480211,False,False,False,False,0.22252224520165378,0.27113680026710574,False,False,False,False,505869.0,374668.57762697083,False,False,False,False,54975.709894011394,False,False,False,False
2025-03-11 17:00:00+00:00,23.78,24.11,23.685,23.96,48421.0,,,,,,21.788798338758596,21.04560078766174,20.63361875201998,20.567940412272716,20.002509542927097,19.64619848830835,18.59481715642148,21.04560078766174,20.002509542927097,,20.325640496909994,"rgba(38, 166, 154, 0.5)",1.9063349180613351,20.9166878629783,1.596420496833067,58.70604183499577,12.415519587248248,False,True,True,False,False,14.34327807826342,0.0,0.0,0.0,0.0,1,0.8639635912287958,0.8506412908564335,False,False,False,False,0.3162260894951819,0.2936814448811438,False,False,False,False,554290.0,377453.4058808162,False,False,False,False,54874.08648480191,False,False,False,False
2025-03-12 17:00:00+00:00,24.255,24.66,24.245,24.525,79501.0,,,,,,21.853577864007036,21.107717016199707,20.683835941636897,20.610982464149696,20.042755827753876,19.685718369025135,18.634669169251666,21.107717016199707,20.042755827753876,,20.374179521717718,"rgba(38, 166, 154, 0.5)",1.9447956075009671,20.966480247593324,1.8297654204285858,60.8171210474875,12.415519587248248,False,True,True,False,True,16.315551931954836,0.0,0.0,0.0,0.0,0,0.8677870684659325,0.8463448961006705,False,False,False,False,0.3428282437430941,0.3182548443121189,False,False,False,False,633791.0,381427.6321462299,False,False,False,False,55255.89909744064,False,False,False,False
2025-03-13 17:00:00+00:00,24.98,25.045,24.57,24.905,68401.0,,,,,,21.914245560201497,21.164960738333694,20.73004251824517,20.65067344078806,20.079598237785515,19.721746196717657,18.670633071897587,21.164960738333694,20.079598237785515,,20.41884282342417,"rgba(38, 166, 154, 0.5)",1.989521518826569,21.013572878719092,1.955961312535134,63.23080524877308,8.748723035467115,False,True,True,False,True,17.596512130253338,0.0,0.0,0.0,0.0,0,0.873590650975228,0.8396016788741667,False,False,False,False,0.3428282442624452,0.33054154428728205,False,False,False,False,702192.0,386400.72312070697,False,False,False,False,55459.69911143381,False,False,False,False
2025-03-14 17:00:00+00:00,25.195,25.25,25.02,25.125,57273.0,,,,,,21.968057252216028,21.215256221170545,20.770638910776444,20.685612765282333,20.11187791107507,19.75322468745176,18.701835538080825,21.215256221170545,20.11187791107507,,20.45807189800757,"rgba(38, 166, 154, 0.5)",2.0410306484980114,21.055534658750027,1.9938286297879364,65.40686435079198,10.832748282822159,False,False,True,False,True,18.327313612064355,0.0,0.0,0.0,0.0,0,0.8847516269873957,0.8331823049674602,False,False,False,False,0.34282824469866574,0.3366848944929739,False,False,False,False,759465.0,392184.66539790534,False,False,False,False,55487.8123035046,False,False,False,False
2025-03-17 17:00:00+00:00,25.455,25.895,25.45,25.85,60764.0,,,,,,22.03367645078426,21.275205712836062,20.818713275516878,20.727013743596967,20.149717136202252,19.789905137962382,18.737670646726688,21.275205712836062,20.149717136202252,,20.50455744337507,"rgba(38, 166, 154, 1.0)",2.104684474865258,21.106959090682835,2.2535638790326593,68.51943946376849,13.758128860234947,True,False,True,False,True,20.0,0.0,0.0,0.0,0.0,0,0.8884478623997352,0.8331266021665428,False,False,False,False,0.3428282453387076,0.33975656991584074,False,False,False,False,820229.0,398821.01167080604,False,False,False,False,55569.61366314019,False,False,False,False
2025-03-18 17:00:00+00:00,26.095,26.11,25.82,25.835,75045.0,,,,,,22.115631290114397,21.350148180450358,20.879062567139933,20.779122671870162,20.197318966895665,19.83601872159728,18.782615476096296,21.350148180450358,20.197318966895665,,20.56284541059487,"rgba(38, 166, 154, 1.0)",2.172539017781705,21.17116632284999,2.1467203299814925,70.49924883408303,15.610605214898598,True,False,True,False,True,20.0,0.0,0.0,0.0,0.0,0,0.8956888007928641,0.8158242484307896,False,False,False,False,0.3428282456528076,0.3412924077843242,False,False,False,False,745184.0,404190.98048211134,False,False,False,False,55871.55763735507,False,False,False,False
2025-03-19 17:00:00+00:00,25.985,26.33,25.955,26.155,57135.0,,,,,,22.179300894567007,21.408333279900386,20.926068353628636,20.819805157618205,20.234441072111128,19.87194552005191,18.81752526505477,21.408333279900386,20.234441072111128,,20.608202791847436,"rgba(38, 166, 154, 1.0)",2.2464509306423537,21.22106159497745,2.1963259191295728,72.53456239765477,17.55644003686396,True,False,True,False,True,20.0,0.0,0.0,0.0,0.0,0,0.8923674211134972,0.8152155955724435,False,False,False,False,0.3428282458330348,0.3420603268086795,False,False,False,False,802319.0,410363.5079164972,False,False,False,False,55891.14589103949,False,False,False,False
2025-03-20 17:00:00+00:00,25.975,26.185,25.805,26.085,54829.0,,,,,,22.23672120923627,21.46145789705944,20.969361811609847,20.85739145703269,20.268907723136948,19.90537866325233,18.850165285241328,21.46145789705944,20.268907723136948,,20.649912006652695,"rgba(38, 166, 154, 1.0)",2.3115984836363053,21.26606458114874,2.0846766655040976,73.37406656374607,18.453852286149683,True,False,True,False,True,20.0,0.0,0.0,0.0,0.0,0,0.8846567856255689,0.8220584582263808,False,False,False,False,0.3302212605399638,0.33614079367432165,False,False,False,False,747490.0,415590.27523562126,False,False,False,False,55874.67851288384,False,False,False,False
2025-03-21 17:00:00+00:00,25.815,26.07,25.74,26.06,69406.0,,,,,,22.305726388213664,21.525997062657336,21.02239561558225,20.903580184810433,20.311442726047172,19.946716146829367,18.89067202451722,21.525997062657336,20.311442726047172,,20.700932878379636,"rgba(38, 166, 154, 1.0)",2.366601847862548,21.32024039441509,2.0027701786279484,73.73171981028318,19.009609952381382,True,False,True,False,True,20.0,0.0,0.0,0.0,0.0,0,0.8859902584000658,0.8196152893585404,False,False,False,False,0.32257856465340395,0.3293596791638628,False,False,False,False,678084.0,419659.94538700697,False,False,False,False,56084.466442916644,False,False,False,False
2025-03-24 17:00:00+00:00,25.77,25.77,25.515,25.675,47354.0,,,,,,22.347564992138015,21.566034796996522,21.05575176878093,20.93275328403007,20.338560227211367,19.973189878965055,18.91686971833934,21.566034796996522,20.338560227211367,,20.73296066663733,"rgba(38, 166, 154, 0.75)",2.412346392439784,21.35319972809033,1.791533871526101,70.92455979558247,19.009609952381382,True,False,True,False,False,18.830194784683883,0.0,0.0,0.0,0.0,0,0.8807112867374659,0.8182267226475674,False,False,False,False,0.3004903553118308,0.3149250172378468,False,False,False,False,630730.0,422932.34933449526,False,False,False,False,55949.110374034215,False,False,False,False
2025-03-25 17:00:00+00:00,26.435,26.495,26.165,26.185,52399.0,,,,,,22.401229811770616,21.61611532984822,21.09707439896061,20.968861146306438,20.371757454783697,20.005408249811726,18.948304819949055,21.61611532984822,20.371757454783697,,20.772678744490047,"rgba(38, 166, 154, 0.75)",2.466711331468058,21.39550571169387,1.9416517154667114,70.84101051344159,19.009609952381382,True,False,True,False,False,20.0,0.0,0.0,0.0,0.0,0,0.8896241830065357,0.8125,False,False,False,False,0.3428282460155345,0.3288766316266907,False,False,False,False,683129.0,426966.4059339604,False,False,False,False,55894.06990311895,False,False,False,False
2025-03-26 17:00:00+00:00,25.94,25.955,25.805,25.82,77799.0,,,,,,22.46989060597594,21.68199464191412,21.15234337484774,21.01739737863381,20.41689995820684,20.049468397667653,18.991830554386134,21.68199464191412,20.41689995820684,,20.82568927309032,"rgba(38, 166, 154, 0.5)",2.515161535478324,21.44994948393328,1.7374830421122989,68.17724706074232,22.62088769864978,False,False,True,False,False,18.46606306155643,0.0,0.0,0.0,0.0,0,0.8906531347192665,0.8156817809788837,False,False,False,False,0.3054772114296296,0.3171769215281601,False,False,False,False,605330.0,429731.732973744,False,False,False,False,56233.68122245044,False,False,False,False
2025-03-27 17:00:00+00:00,26.45,26.72,26.395,26.72,71961.0,,,,,,22.544568986915607,21.751775325037144,21.21031734730956,21.068278251566127,20.463674423279993,20.094832173979626,19.035957917474782,21.751775325037144,20.463674423279993,,20.88134348936612,"rgba(38, 166, 154, 0.75)",2.57590782912438,21.50914060664384,2.0229215247687917,69.31087492391823,22.62088769864978,True,False,True,False,False,20.0,0.0,0.0,0.0,0.0,0,0.8969097250385268,0.8083380647254441,False,False,False,False,0.3428282462268078,0.33000258387748393,False,False,False,False,677291.0,433569.8611446937,False,False,False,False,56477.515622102364,False,False,False,False
2025-03-28 17:00:00+00:00,26.645,26.745,26.5,26.58,55797.0,,,,,,22.600599017889493,21.804500584817166,21.254401323349718,21.107074250934257,20.499439577749158,20.12955910127739,19.069808207304817,21.804500584817166,20.499439577749158,,20.923626009046,"rgba(38, 166, 154, 0.5)",2.6226766517853393,21.55370580106484,1.9164749857797376,69.12436611059839,22.62088769864978,False,False,True,False,False,20.0,0.0,0.0,0.0,0.0,0,0.893731197658346,0.8121798520204895,False,False,False,False,0.3428282462852336,0.33641541508135875,False,False,False,False,621494.0,436483.413685086,False,False,False,False,56466.96499230233,False,False,False,False
2025-03-31 17:00:00+00:00,26.675,26.955,26.615,26.735,59729.0,,,,,,22.66121731231152,21.86152536296902,21.302187490825702,21.14919701133969,20.538257301612738,20.167233174714102,19.10647213008904,21.86152536296902,20.538257301612738,,20.969441397694546,"rgba(38, 166, 154, 0.5)",2.668813519825569,21.602019706056176,1.9233192037633677,69.4883693368829,22.62088769864978,False,False,True,False,False,20.0,0.0,0.0,0.0,0.0,0,0.8961017910689681,0.8071156495664155,False,False,False,False,0.3428282464277142,0.33962183075453645,False,False,False,False,681223.0,440277.8258760149,False,False,False,False,56517.539178468185,False,False,False,False
2025-04-01 17:00:00+00:00,26.42,26.78,26.4,26.78,52008.0,,,,,,22.711143241715963,21.908983217916038,21.34226562927153,21.18462718577613,20.571051018311504,20.19912523333573,19.13763844455064,21.908983217916038,20.571051018311504,,21.007833424411075,"rgba(38, 166, 154, 0.75)",2.7104954286013125,21.642000116015367,1.8955943735481515,69.88076659693101,22.62088769864978,True,False,True,False,False,20.0,0.0,0.0,0.0,0.0,0,0.8960448306667748,0.8087387314220742,False,False,False,False,0.3273306825950307,0.33347625667478353,False,False,False,False,733231.0,444819.7355523557,False,False,False,False,56447.6238423679,False,False,False,False
2025-04-02 17:00:00+00:00,26.76,26.81,26.245,26.5,98273.0,,,,,,22.799034985696466,21.99365916641306,21.41449629437562,21.248722563022834,20.63071231489312,20.25729659317931,19.194786911586,21.99365916641306,20.63071231489312,,21.07695840416663,"rgba(38, 166, 154, 0.5)",2.724094108453645,21.71289564293496,1.7573197424454914,67.89307275727137,21.35199746045066,False,False,True,False,False,19.620649469483972,0.0,0.0,0.0,0.0,0,0.8947878005486523,0.8090204937873163,False,False,False,False,0.3223957947979416,0.3279360257363626,False,False,False,False,634958.0,447767.6156213114,False,False,False,False,57096.07928667228,False,False,False,False
2025-04-03 17:00:00+00:00,26.81,27.105,26.685,26.885,39147.0,,,,,,22.836328632470675,22.029241756059722,21.444774817603545,21.275606547921043,20.65563225004258,20.281535938126243,19.2184542176686,22.029241756059722,20.65563225004258,,21.105939165698917,"rgba(38, 166, 154, 0.5)",2.7426050416373418,21.742982477826107,1.8748662108139704,68.11588624383421,21.35199746045066,False,False,True,False,False,20.0,0.0,0.0,0.0,0.0,0,0.9033035929587652,0.7999356964874206,False,False,False,False,0.34282824652136135,0.335382136128862,False,False,False,False,674105.0,451276.7223558647,False,False,False,False,56817.798987654096,False,False,False,False
2025-04-04 17:00:00+00:00,24.87,25.145,24.515,24.53,55371.0,,,,,,22.860425404581356,22.056711074671576,21.470263350337255,21.29872862490006,20.678441571081784,20.304406487066615,19.242321702248027,22.056711074671576,20.678441571081784,,21.130185459269523,"rgba(38, 166, 154, 0.5)",2.7197323613027202,21.76379995273277,1.0170853892190523,57.53043295798009,11.593086387296786,False,True,True,False,False,8.896773355217796,0.0,0.0,0.0,0.0,0,0.8928182807399343,0.811130110368413,False,False,False,False,0.1868859792187662,0.2611340576738141,False,False,False,False,618734.0,453872.9592185645,False,False,False,False,56795.367995597444,False,False,False,False
2025-04-07 17:00:00+00:00,24.27,24.98,24.255,24.515,59531.0,,,,,24.583333333333336,22.883678237414614,22.084041099541018,21.496015991467118,21.322197095819398,20.701803883579835,20.327928161273782,19.26707313090076,22.084041099541018,20.701803883579835,,21.583258866666235,"rgba(239, 83, 80, 1.0)",2.6933150526763723,22.05029308251973,0.9151201657715716,50.432811070420385,5.555690781776661,False,True,False,True,False,8.828634714856697,0.0,0.0,0.0,0.0,0,0.8951319557309803,0.8143332559399427,False,False,False,False,0.17145264692013326,0.21629335229697366,False,False,False,False,559203.0,455505.9831066488,False,False,False,False,56837.78089489051,False,False,False,False
2025-04-08 17:00:00+00:00,25.015,25.225,24.34,24.5,48846.0,,,,,24.63065730428658,22.903443880563593,22.106951766949674,21.517538203304284,21.341816262418263,20.72127814064195,20.347507209942368,19.28760907056451,22.106951766949674,20.72127814064195,,21.607100229833904,"rgba(239, 83, 80, 1.0)",2.6643667587675286,22.069518901742,0.9122171676478508,45.65565324781271,1.7298783734808296,False,True,False,True,False,8.759219487395718,0.0,0.0,0.0,0.0,0,0.8953595574677315,0.8166103257529194,False,False,False,False,0.18342878258871043,0.19986106744284204,False,False,False,False,510357.0,456356.3864693364,False,False,False,False,56713.877315124766,False,False,False,False
2025-04-09 17:00:00+00:00,26.17,27.085,25.98,26.54,45508.0,,,,,25.1938234829039,22.940126395881926,22.142949413034017,21.548856946317656,21.369863456324637,20.747617599324933,20.373283782909187,19.313096424918214,22.142949413034017,20.747617599324933,,21.703702187701808,#000000,2.66423318075607,22.133383597926823,1.653990511754922,50.24845894178254,1.7298783734808296,False,True,False,False,True,15.58667739191646,0.0,0.0,0.0,0.0,0,0.89815569217095,0.7976446189171171,False,False,False,False,0.3144724796789268,0.2571667735608844,False,False,False,False,555865.0,457899.1556713622,False,False,False,False,56540.14278310733,False,False,False,False
2025-04-10 17:00:00+00:00,28.02,28.475,27.725,28.0,43367.0,,,,,25.8254347737919,22.989003098653086,22.18848764854347,21.587397495758818,21.404153295861146,20.779081161410016,20.40370515134628,19.342334373511196,22.18848764854347,20.779081161410016,,21.81494962485949,"rgba(38, 166, 154, 0.5)",2.696155091844578,22.21045589580396,2.147333483043483,56.382565318090506,-1.3823776474294291,False,True,True,False,True,19.74574455662071,0.0,0.0,0.0,0.0,0,0.9086843623773802,0.7839007501442584,False,False,False,False,0.3428282474198085,0.29999751049034645,False,False,False,False,599232.0,460090.36256017827,False,False,False,False,56335.90801127621,False,False,False,False
2025-04-11 17:00:00+00:00,29.04,29.65,29.03,29.2,58685.0,,,,,26.6206055656926,23.06930335507551,22.26163687232122,21.6485688455616,21.45844065264449,20.828324599796385,20.451019737000234,19.38710957404291,22.26163687232122,20.828324599796385,,21.965626150266868,"rgba(38, 166, 154, 0.5)",2.755105182668665,22.321489732152898,2.4966416204786785,62.286168414595636,3.687513923439923,False,True,True,False,True,20.0,0.0,0.0,0.0,0.0,0,0.9146023007975154,0.7730961959206717,False,False,False,False,0.3428282481532285,0.32141287932178747,False,False,False,False,657917.0,463157.44221040804,False,False,False,False,56372.32804210914,False,False,False,False
2025-04-14 17:00:00+00:00,29.25,29.54,29.2,29.36,38961.0,,,,,26.98340655639125,23.122109276528718,22.30987223243707,21.689031385304688,21.494404765350893,20.860984435880557,20.482412922409985,19.416832372255726,22.30987223243707,20.860984435880557,,22.044881743319863,"rgba(38, 166, 154, 0.5)",2.8032984400781014,22.38455575688841,2.4882988351811908,66.44108091393323,7.237305976083086,False,False,True,False,True,20.0,0.0,0.0,0.0,0.0,0,0.9149915062287652,0.7773924122310306,False,False,False,False,0.34282824816907215,0.3321205637454298,False,False,False,False,696878.0,466781.01674978156,False,False,False,False,56102.38497168884,False,False,False,False
2025-04-15 17:00:00+00:00,29.44,29.7,29.415,29.64,55388.0,,,,,27.394776287566923,23.198245215129273,22.37941539421189,21.747444328258986,21.54637535160483,20.90816762016506,20.527751136885822,19.459704173924006,22.37941539421189,20.90816762016506,,22.14523493846835,"rgba(38, 166, 154, 1.0)",2.859366665842264,22.468528537977384,2.5080629034717257,69.61156124276403,10.07161218366037,True,False,True,False,True,20.0,0.0,0.0,0.0,0.0,0,0.9172208858072729,0.7768501485778972,False,False,False,False,0.3428282482663063,0.3374744060058681,False,False,False,False,752266.0,471207.14052110276,False,False,False,False,56091.30923569367,False,False,False,False
2025-04-16 17:00:00+00:00,30.165,30.405,29.82,30.345,52222.0,,,30.189999999999998,,27.757432862618053,23.27505025839492,22.44918054896571,21.80592289963313,21.598409509099195,20.955258130036473,20.57291394003426,19.502191121778644,22.44918054896571,20.955258130036473,30.189999999999998,22.23954490882005,"rgba(38, 166, 154, 1.0)",2.928702550726312,23.141225435281022,2.4597153312590434,72.67742064347719,12.997332169064116,True,False,True,False,True,20.0,0.0,0.0,0.0,0.0,0,0.919880673343277,0.7731372966830029,False,False,False,False,0.34282824853715893,0.34015132727151354,False,False,False,False,804488.0,476374.2856293027,False,False,False,False,56031.319945217794,False,False,False,False
2025-04-17 17:00:00+00:00,29.745,29.79,29.49,29.585,30853.0,,,29.978928217474174,,27.890156401552822,23.315974460118312,22.486832096190597,21.837776857349446,21.626843993785965,20.98115712578572,20.597833343077436,19.525808461649838,22.486832096190597,20.98115712578572,29.978928217474174,22.282797842438768,"rgba(38, 166, 154, 1.0)",2.9822773056723118,23.166186352463072,2.1523195161389927,71.41333792717985,12.997332169064116,True,False,True,False,True,20.0,0.0,0.0,0.0,0.0,0,0.9108010991333753,0.7744662861974211,False,False,False,False,0.31529889627431784,0.3277251117729157,False,False,False,False,773635.0,480982.97887536004,False,False,False,False,55640.95839567953,False,False,False,False
2025-04-18 17:00:00+00:00,29.585,29.585,29.585,29.585,0.0,,,29.978928217474174,,27.890156401552822,23.315974460118312,22.486832096190597,21.837776857349446,21.626843993785965,20.98115712578572,20.597833343077436,19.525808461649838,22.486832096190597,20.98115712578572,29.978928217474174,22.282797842438768,"rgba(38, 166, 154, 1.0)",3.027222609873596,23.166186352463072,2.120363935774433,70.57061611631497,12.997332169064116,True,False,True,False,True,20.0,0.0,0.0,0.0,0.0,0,0.9103703177198093,0.7812211244580282,False,False,False,False,0.31212498842342007,0.31992505009816785,False,False,False,False,773635.0,485520.2195129514,False,False,False,False,54778.30787791706,False,False,False,False
2025-04-21 17:00:00+00:00,29.29,29.78,29.17,29.75,56742.0,,,29.811619915079472,,28.08425548983241,23.389232172961492,22.55452930553639,21.895277715898757,21.678259158073814,21.02808562992821,20.643029142766295,19.568721667291335,22.55452930553639,21.02808562992821,29.811619915079472,22.35517378528609,"rgba(38, 166, 154, 1.0)",3.0596020865348006,23.221411203681463,2.133803223971713,70.35566421272628,12.997332169064116,True,False,True,False,True,20.0,0.0,0.0,0.0,0.0,0,0.9109374999999996,0.778125,False,False,False,False,0.30579533275188486,0.31286019142502636,False,False,False,False,830377.0,490866.8362646886,False,False,False,False,54808.75271701912,False,False,False,False
2025-04-22 17:00:00+00:00,29.03,29.095,28.57,28.815,37249.0,,,29.604417382972077,,28.136694987408788,23.43074675929162,22.59365441946566,21.92896543225083,21.70851835765393,21.055968703421517,20.6700117672076,19.594623347429263,22.59365441946566,21.055968703421517,29.604417382972077,22.38989797176615,"rgba(38, 166, 154, 0.75)",3.0623414833033458,23.24230049066145,1.819751173970084,66.11622718992098,12.997332169064116,True,False,True,False,False,18.261768527042367,0.0,0.0,0.0,0.0,0,0.8966121905029109,0.781300413831802,False,False,False,False,0.26927745314803925,0.2910688222865328,False,False,False,False,793128.0,495553.0558574841,False,False,False,False,54536.508488848274,False,False,False,False
2025-04-23 17:00:00+00:00,27.905,27.96,27.71,27.85,40360.0,,,29.276894981894227,,28.115602233174567,23.466923570550705,22.628875932384286,21.9599303770343,21.73651221549122,21.08214873840076,20.69553549042271,19.619543220701328,22.628875932384286,21.08214873840076,29.276894981894227,22.413133972269982,"rgba(38, 166, 154, 0.5)",3.0532998203243933,23.247467008873148,1.5073963455832071,60.03406951646366,18.320965857135803,False,True,True,False,False,14.203236327360557,0.0,0.0,0.0,0.0,0,0.895318143928869,0.7871631008613503,False,False,False,False,0.21390624057442187,0.2524875314304773,False,False,False,False,752768.0,499540.884448841,False,False,False,False,54316.7176595638,False,False,False,False
2025-04-24 17:00:00+00:00,28.21,28.37,28.15,28.26,45558.0,,,29.10073330823675,,28.12632911278882,23.51090703205449,22.671228617521752,21.996964763867517,21.76995929739424,21.113280422436706,20.72580989777927,19.64892015278458,22.671228617521752,21.113280422436706,29.10073330823675,22.445424912078423,"rgba(38, 166, 154, 0.5)",3.0473075178111393,23.269820675251996,1.6375699845128917,57.28137001833932,15.567903297426795,False,True,True,False,False,15.329030282774099,0.0,0.0,0.0,0.0,0,0.9009839246119733,0.7813885809312638,False,False,False,False,0.23732158202478493,0.24490455672763112,False,False,False,False,798326.0,504173.2118217271,False,False,False,False,54180.923587322504,False,False,False,False
2025-04-25 17:00:00+00:00,27.86,28.005,27.735,27.97,17040.0,,,29.027869212400844,,28.120300574320574,23.52593140709703,22.685905952518937,22.009922569516334,21.78169882757492,21.124277626964194,20.736538110997067,19.659403716825796,22.685905952518937,21.124277626964194,29.027869212400844,22.455497348226857,"rgba(38, 166, 154, 0.5)",3.0348797785530897,23.276127936373904,1.5466418461768352,54.47508376732585,12.710551980936984,False,True,True,False,False,14.137711480284896,0.0,0.0,0.0,0.0,0,0.895112651646447,0.7893240901213171,False,False,False,False,0.21582552512115413,0.23036504092439264,False,False,False,False,781286.0,508469.5341190647,False,False,False,False,53605.09531465083,False,False,False,False
2025-04-28 17:00:00+00:00,28.06,28.44,28.03,28.42,50341.0,,,28.9164486098709,,28.133344623994773,23.573658271002778,22.73202288327478,22.05040655225833,21.81833135950066,21.15843246141674,20.76977502466017,19.69169049193258,22.73202288327478,21.15843246141674,28.9164486098709,22.4909577085051,"rgba(38, 166, 154, 0.5)",3.018498190213886,23.305573894008752,1.694361163631789,54.12888385863428,12.036871692665272,False,True,True,False,False,15.382688894824799,0.0,0.0,0.0,0.0,0,0.8975724462272633,0.7841482813472578,False,False,False,False,0.23593735438290628,0.23315119765364944,False,False,False,False,831627.0,513479.7273885365,False,False,False,False,53554.48918574151,False,False,False,False
2025-04-29 17:00:00+00:00,28.38,28.455,28.1,28.125,34812.0,,,28.8506923081136,,28.137885357686795,23.605626930109562,22.763077332659694,22.0777882574364,21.84315249377961,21.181631961140596,20.792376570756776,19.713696272945935,22.763077332659694,21.181631961140596,28.8506923081136,22.51440439706442,#000000,3.000807748614417,23.325671404544515,1.599345575427653,52.795809534613014,10.3111978447536,False,True,False,False,False,14.162633614950181,0.0,0.0,0.0,0.0,0,0.9030754244364039,0.7810325633175618,False,False,False,False,0.2382910725414273,0.2357211350975384,False,False,False,False,796815.0,517872.5223127452,False,False,False,False,53263.9079580556,False,False,False,False
2025-04-30 17:00:00+00:00,28.36,28.53,28.265,28.49,63704.0,,,28.78795705957286,,28.161632125504973,23.665508465161103,22.82106998502752,22.12889456434789,21.889498730613724,21.224897796207536,20.834495696848435,19.754620195712807,22.82106998502752,21.224897796207536,28.78795705957286,22.560077194928,"rgba(38, 166, 154, 0.5)",2.981174224488891,23.36806282181672,1.7180938759328668,53.22544837938494,10.231921346307239,False,True,True,False,False,15.182093712967124,0.0,0.0,0.0,0.0,0,0.904314544189283,0.7803061934585941,False,False,False,False,0.24495096878979133,0.24033605194366486,False,False,False,False,860519.0,523184.87080402044,False,False,False,False,53425.76985017877,False,False,False,False
2025-05-01 17:00:00+00:00,25.855,25.995,25.545,25.75,168867.0,,,27.933484715409616,,27.73443909008889,23.732355980129924,22.898799415733485,22.204806801305825,21.960446421760665,21.295605946453946,20.90552448384847,19.828498122860175,22.898799415733485,21.295605946453946,27.933484715409616,22.570059532772675,"rgba(239, 83, 80, 1.0)",2.9259421182380665,23.34265091701268,0.8227603232414485,46.28051509298483,3.3755166502105425,False,True,False,True,False,4.923120804063206,0.0,0.0,0.0,0.0,0,0.8997517278400321,0.7858149365899482,False,False,False,False,0.1028973336365077,0.1716166927900863,False,False,False,False,691652.0,525796.7642799271,False,False,False,False,55215.55636412949,False,False,False,False
2025-05-02 17:00:00+00:00,24.81,25.005,24.66,24.71,114608.0,,,27.428010650573594,,27.417055378638022,23.75478020236178,22.932140248536843,22.24096479128382,21.995206122960113,21.332186001808566,20.94316466874781,19.8695708406446,22.932140248536843,21.332186001808566,27.428010650573594,22.560633531872696,"rgba(239, 83, 80, 1.0)",2.8660781472154824,23.312561486442405,0.48757864991059896,40.071711951382625,-2.439547941726289,False,True,False,True,False,1.5503453825281426,0.0,0.0,0.0,0.0,0,0.8940147146550006,0.7898853317425596,False,False,False,False,0.05347949491532861,0.11254809385270745,False,False,False,False,577044.0,526591.2950662848,False,False,False,False,56136.369443755386,False,False,False,False
2025-05-05 17:00:00+00:00,25.49,25.72,25.45,25.665,86134.0,,,27.232079614856378,,27.281689257377707,23.783859511902097,22.967147871774916,22.27600550853803,22.02827023911726,21.365575842968465,20.976902748575508,19.90506295029401,22.967147871774916,21.365575842968465,27.232079614856378,22.573064241318498,"rgba(239, 83, 80, 1.0)",2.805425607254276,23.31665346801138,0.8370731791697695,39.097388773106275,-3.3639957346648046,False,True,False,True,False,4.344218330908053,0.0,0.0,0.0,0.0,0,0.9006018120494674,0.7827524634614111,False,False,False,False,0.0931134057923329,0.10283074982252018,False,False,False,False,663178.0,528708.9183985905,False,False,False,False,56601.44898726305,False,False,False,False
2025-05-06 17:00:00+00:00,26.66,27.29,26.655,27.27,68341.0,,,27.219432649886006,,27.269896509538523,23.824210002332165,23.009258800629272,22.315237503356222,22.0645917569539,21.400682416132437,21.011650229720168,19.940037877678854,23.009258800629272,21.400682416132437,27.219432649886006,22.604445637042694,"rgba(239, 83, 80, 0.75)",2.7639194033959553,23.347050579901943,1.4193429140075617,42.61288484295518,-3.3639957346648046,False,True,False,True,True,8.671008911538411,0.0,0.0,0.0,0.0,0,0.9091266204006807,0.7789053293177949,False,False,False,False,0.16706083378080763,0.1349457918016639,False,False,False,False,731519.0,531853.260749,False,False,False,False,56783.45753009618,False,False,False,False
2025-05-07 17:00:00+00:00,27.01,27.185,26.77,27.155,65842.0,,,27.206530295183846,,27.25792705508646,23.861750192716702,23.048678033571765,22.352158851802134,22.098852541616,21.433892848870908,21.04456322648631,19.973248729889907,23.048678033571765,21.433892848870908,27.206530295183846,22.633883935005024,"rgba(239, 83, 80, 0.75)",2.723388327430036,23.375390189549663,1.3878335940497406,44.695547832261724,-3.3639957346648046,False,True,False,True,True,8.29805962298051,0.0,0.0,0.0,0.0,0,0.9128922147827226,0.7777340160168046,False,False,False,False,0.16733012839005365,0.15113796009585878,False,False,False,False,665677.0,533928.0474040542,False,False,False,False,56923.90004900942,False,False,False,False
2025-05-08 17:00:00+00:00,26.545,26.685,26.415,26.585,70790.0,,,27.161037938950752,,27.221518331684823,23.895251051098953,23.085261248717423,22.387255704734752,22.13167202503258,21.466174799901086,21.076777323270562,20.006232348460966,23.085261248717423,21.466174799901086,27.161037938950752,22.658767854112643,"rgba(239, 83, 80, 0.75)",2.671506874777261,23.397659606862284,1.1930871012276412,44.76737393670008,-3.3639957346648046,False,True,False,True,True,6.46161129569014,0.0,0.0,0.0,0.0,0,0.9148187491700969,0.7755278183508165,False,False,False,False,0.14438795017240968,0.14776295513413423,False,False,False,False,594887.0,534873.1474443014,False,False,False,False,57138.87834282323,False,False,False,False
2025-05-09 17:00:00+00:00,26.91,27.115,26.9,27.06,57513.0,,,27.153663643978128,,27.21350964243351,23.926486881418448,23.1183140095646,22.418459388623,22.16073461487013,21.494462158216052,21.104861442836356,20.034664471520372,23.1183140095646,21.494462158216052,27.153663643978128,22.68393657618531,"rgba(239, 83, 80, 0.75)",2.63166815010032,23.421835135971065,1.3824557871744754,46.1088813207389,-3.3639957346648046,False,True,False,True,True,7.722869390926274,0.0,0.0,0.0,0.0,0,0.9218822592420519,0.7692971394438175,False,False,False,False,0.16894640252559118,0.1583546788298627,False,False,False,False,652400.0,536695.2691893509,False,False,False,False,57144.67867859341,False,False,False,False
2025-05-12 17:00:00+00:00,24.725,25.05,24.72,24.89,150264.0,,,26.87242455527669,,26.989599997054164,23.950887774454923,23.15624388913252,22.461097856687605,22.202387641959547,21.538970795150682,21.150944060334236,20.085478783462992,23.15624388913252,21.538970795150682,26.87242455527669,22.691951349779586,"rgba(239, 83, 80, 1.0)",2.56764330021078,23.41581517418063,0.5741392605812319,42.67994729701215,-3.3639957346648046,False,True,False,True,False,1.1871714102949404,0.0,0.0,0.0,0.0,0,0.9169626138051268,0.7767159553173629,False,False,False,False,0.05623778097489737,0.10729622990238004,False,False,False,False,502136.0,536159.4665662602,False,False,False,False,58588.38908667723,False,False,False,False
2025-05-13 17:00:00+00:00,24.545,24.78,24.425,24.77,91741.0,,,26.7165336076786,,26.860236297786948,23.961696343905018,23.17566019161579,22.484030207591854,22.225087650903333,21.563760508164098,21.176844759054745,20.11453191349234,23.17566019161579,21.563760508164098,26.7165336076786,22.695230984064267,"rgba(239, 83, 80, 1.0)",2.5096907637655117,23.410802188641824,0.5415797957987661,40.199738846480585,-3.3639957346648046,False,True,False,True,False,0.8490195411004109,0.0,0.0,0.0,0.0,0,0.913505506537,0.7781284214593933,False,False,False,False,0.04140459374222356,0.0743504118223018,False,False,False,False,410395.0,534209.6298753105,False,False,False,False,59102.38305432564,False,False,False,False
2025-05-14 17:00:00+00:00,24.005,24.01,23.75,23.79,139078.0,,,26.44007351756528,23.850000000000005,26.626655350020965,23.95916783289517,23.188620532077948,22.50530622502161,22.247541409641222,21.59097632641104,21.20643931056738,20.15016739100761,23.188620532077948,21.59097632641104,26.44007351756528,22.813874930849217,"rgba(239, 83, 80, 1.0)",2.455156151801738,23.52628533963325,0.10741258154729541,37.018892162264464,-6.4109359184926475,False,True,False,True,False,0.0,0.0,0.0,0.0,0.0,0,0.9105182537656369,0.7785933112075568,False,False,True,False,-0.011578265480699804,0.031386073170801,False,False,True,False,271317.0,530133.7751485615,False,False,False,False,60342.31509999501,False,False,False,False
2025-05-15 17:00:00+00:00,24.275,24.56,24.275,24.56,129811.0,,,26.27696443832294,24.14690230913128,26.48066998637641,23.969634412558005,23.211113608560506,22.53338784963337,22.27577734026415,21.62255866192599,21.239766736447287,20.18824806893337,23.211113608560506,21.62255866192599,26.27696443832294,22.85200655264782,"rgba(239, 83, 80, 1.0)",2.4101118025728785,23.538446687739132,0.4238613790324262,37.2811219516514,-6.4109359184926475,False,True,False,True,False,0.280382543592836,0.0,0.0,0.0,0.0,0,0.9095089086148538,0.7751452838623154,False,False,False,False,0.017882326490035266,0.024634199830418133,False,False,False,False,401128.0,528133.6856113744,False,False,False,False,61419.34897441369,False,False,False,False
2025-05-16 17:00:00+00:00,24.385,24.485,24.33,24.445,76391.0,,,26.190900780681382,24.2073234331557,26.401904442744318,23.975052398936814,23.223521688444766,22.549163978295418,22.291725294141838,21.6405327211032,21.25879326492621,20.210112686720006,23.223521688444766,21.6405327211032,26.190900780681382,22.862014434274254,"rgba(239, 83, 80, 1.0)",2.357880312392416,23.539067514565424,0.3842147884577629,37.24138474137618,-6.853321276669291,False,True,False,True,False,0.0,0.0,0.0,0.0,0.0,0,0.9071272913729008,0.7769516728624535,False,False,False,False,0.017334097580245785,0.02098414870533196,False,False,False,False,324737.0,524980.2486251516,False,False,False,False,61651.46759496542,False,False,False,False
2025-05-19 17:00:00+00:00,25.055,25.14,24.955,25.08,38702.0,,,26.164917623168584,24.293097727671263,26.376380371275182,23.9816148502133,23.23301350371429,22.559749273901843,22.30211110797487,21.65162221433976,21.270275024498503,20.22277053628316,23.23301350371429,21.65162221433976,26.164917623168584,22.87673717887468,"rgba(239, 83, 80, 1.0)",2.3122179360484116,23.54741570270007,0.6628200021314248,39.218331537411984,-6.853321276669291,False,True,False,True,False,1.70512855328235,0.0,0.0,0.0,0.0,0,0.9099070418948173,0.7750541194447982,False,False,False,False,0.05245619551123257,0.03672017210828227,False,False,False,False,363439.0,522475.7331425911,False,False,False,False,61295.66189581867,False,False,False,False
2025-05-20 17:00:00+00:00,25.47,25.615,25.455,25.54,72788.0,,,26.138931486140184,24.49126506775839,26.347413542195387,23.999132512193906,23.255210605648042,22.58318260480745,22.324787734294507,21.67518600841666,21.294385360393406,20.248735619236303,23.255210605648042,21.67518600841666,26.138931486140184,22.91325545054934,"rgba(239, 83, 80, 0.75)",2.2670664598404535,23.571553071232813,0.8682793220388064,41.90607989498248,-6.853321276669291,False,True,False,True,True,2.941932914989316,0.0,0.0,0.0,0.0,0,0.9111829593001141,0.7741853683276276,False,False,False,False,0.07929176577443847,0.05800596894136037,False,False,False,False,436227.0,521138.5434814656,False,False,False,False,61473.83768037961,False,False,False,False
2025-05-21 17:00:00+00:00,26.125,26.29,25.97,26.13,104655.0,,,26.138430133601087,24.79674096272877,26.337139691809664,24.033095825928495,23.294494084170935,22.622876028081706,22.36276180066035,21.71369907324227,21.333359800003542,20.289766145414372,23.294494084170935,21.71369907324227,26.138430133601087,22.97599260133779,"rgba(239, 83, 80, 0.75)",2.2391030922353377,23.617783310614147,1.1219745522649696,45.35825160347373,-10.12903630233022,False,True,False,True,True,4.498942044753893,0.0,0.0,0.0,0.0,0,0.9110705519541822,0.7724211718799169,False,False,False,False,0.11220403047410052,0.08510499970773044,False,False,False,False,540882.0,521444.6435825281,False,False,False,False,62143.31306517993,False,False,False,False
2025-05-22 17:00:00+00:00,25.795,25.905,25.68,25.69,93222.0,,,26.120329971611906,24.933672108785345,26.313760360365823,24.057247008509155,23.324123315367956,22.653823924882044,22.392680039653822,21.744608046887894,21.36490189123887,20.323539785346018,23.324123315367956,21.744608046887894,26.120329971611906,23.012039609004102,"rgba(239, 83, 80, 0.75)",2.2069146923838385,23.64444424177077,0.9268848339668657,46.38017514473991,-9.010309293322436,False,True,False,True,True,3.212881465809147,0.0,0.0,0.0,0.0,0,0.9096187831355717,0.7724059580913911,False,False,False,False,0.09351013212646718,0.08930756591709882,False,False,False,False,447660.0,520300.6956200083,False,False,False,False,62625.15317269652,False,False,False,False
2025-05-23 17:00:00+00:00,26.325,26.4,26.105,26.26,57644.0,,,26.12418201695189,25.040604001735243,26.312328485851257,24.07610784449905,23.345756664290114,22.675669713002755,22.41360898542611,21.765821331168905,21.38636156044689,20.346105352678926,23.345756664290114,21.765821331168905,26.12418201695189,23.040262659899916,#000000,2.1728765092210183,23.666750194503443,1.1934639610173912,48.72378159199694,-6.623489893913984,False,True,False,False,True,4.7158624994947225,0.0,0.0,0.0,0.0,0,0.9104243715915501,0.7667523349840154,False,False,False,False,0.1190079054462551,0.10415773568167697,False,False,False,False,505304.0,520068.1887111709,False,False,False,False,62547.92599172448,False,False,False,False
2025-05-26 17:00:00+00:00,26.26,26.26,26.26,26.26,0.0,,,26.12418201695189,25.040604001735243,26.312328485851257,24.07610784449905,23.345756664290114,22.675669713002755,22.41360898542611,21.765821331168905,21.38636156044689,20.346105352678926,23.345756664290114,21.765821331168905,26.12418201695189,23.040262659899916,#000000,2.1495139446392044,23.666750194503443,1.206435441818841,50.2861858901683,-4.975778876746418,False,True,False,False,True,4.715862499494744,0.0,0.0,0.0,0.0,0,0.9101702368239212,0.7695206985363402,False,False,False,False,0.11942481937877841,0.11179127753022769,False,False,False,False,505304.0,519839.2865606101,False,False,False,False,61578.19070503108,False,False,False,False
2025-05-27 17:00:00+00:00,25.94,25.96,25.7,25.72,70582.0,,,26.11298662082773,25.108468319041954,26.29729169984757,24.093964884040073,23.36767940759964,22.69865651282239,22.435885550303222,21.788882242861618,21.40991520954188,20.37136234749751,23.36767940759964,21.788882242861618,26.11298662082773,23.063567352617312,#000000,2.117510624115836,23.684770980039428,0.9611422945329393,49.47816216601433,-4.975778876746418,False,True,False,False,True,3.102839518531841,0.0,0.0,0.0,0.0,0,0.906930322500156,0.7703200049903313,False,False,False,False,0.09558378061488629,0.10368752907255699,False,False,False,False,434722.0,518519.6387069572,False,False,False,False,61717.784647588735,False,False,False,False
2025-05-28 17:00:00+00:00,25.74,25.85,25.65,25.72,39105.0,,,26.1061226569548,25.138512975205337,26.288487362530443,24.103393862413842,23.379393818782916,22.711029728958092,22.44790756603938,21.8013768437827,21.422699262580885,20.385118415830863,23.379393818782916,21.8013768437827,26.1061226569548,23.07532442623605,#000000,2.091519810357366,23.69390469909387,0.9687191538290717,48.93947968324502,-4.975778876746418,False,True,False,False,True,3.1028395185318516,0.0,0.0,0.0,0.0,0,0.9060016271356155,0.7726390888040552,False,False,False,False,0.09116096517090454,0.09742424712173076,False,False,False,False,434722.0,517220.4505099501,False,False,False,False,61367.198839098986,False,False,False,False
2025-05-29 17:00:00+00:00,25.815,25.86,25.665,25.675,54854.0,,,26.096741583643492,25.175724523055724,26.27645130421115,24.116386499144816,23.395586566969225,22.72817955973754,22.464590750152045,21.818741449204747,21.440477735523313,20.404272303559218,23.395586566969225,21.818741449204747,26.096741583643492,23.09115674350642,#000000,2.0681627133785208,23.70629290357313,0.9519111256052095,48.40744157417747,-4.975778876746418,False,True,False,False,True,2.965950885058927,0.0,0.0,0.0,0.0,0,0.9087888665997992,0.7710005015045134,False,False,False,False,0.09185179132619828,0.09463801922396452,False,False,False,False,379868.0,515090.95515320665,False,False,False,False,61266.21901213621,False,False,False,False
2025-05-30 17:00:00+00:00,25.595,26.02,25.545,25.9,86120.0,,,26.08628697097399,25.233493277269616,26.261480824681215,24.137463845326216,23.421508113793912,22.7554953572429,22.491142648246935,21.846304585067298,21.46866402756029,20.43456229809203,23.421508113793912,21.846304585067298,26.08628697097399,23.11667944192005,#000000,2.0282998427876606,23.72669032898308,1.071493289685395,49.06134857989837,-4.975778876746418,False,True,False,False,True,3.6043849221575215,0.0,0.0,0.0,0.0,0,0.9063172553487783,0.7738321306494492,False,False,False,False,0.09295729532330048,0.0937976572736325,False,False,False,False,465988.0,514329.6690268004,False,False,False,False,61651.54894993254,False,False,False,False
2025-06-02 17:00:00+00:00,27.445,27.45,27.135,27.34,92648.0,,,26.134290474512714,25.41559803429329,26.297285015592617,24.179073474368792,23.46567729189301,22.798337750003324,22.531785165544193,21.88646811668164,21.508803419193406,20.47566130667302,23.46567729189301,21.88646811668164,26.134290474512714,23.17318773047148,"rgba(38, 166, 154, 1.0)",1.9939371686270932,24.104443686204547,1.6226972267251853,54.33881458101118,-0.008181895056821986,True,False,True,False,True,7.5106979342549565,0.0,0.0,0.0,0.0,0,0.9120838009726899,0.7727272727272728,False,False,False,False,0.17728156065316014,0.1355396089633963,False,False,False,False,558636.0,515016.58888684993,False,False,False,False,62132.114082491724,False,False,False,False
2025-06-03 17:00:00+00:00,26.885,27.015,26.825,26.92,78676.0,,,26.15965361127968,25.519946825111347,26.314860609624077,24.209280384158202,23.498693147482996,22.83101259373137,22.56300139221134,21.917703980691652,21.54020521349967,20.50821658038594,23.498693147482996,21.917703980691652,26.15965361127968,23.211435636321845,"rgba(38, 166, 154, 1.0)",1.9624985522460303,24.124831161956877,1.4242909044921968,55.96193884910042,1.5242114231743784,True,False,True,False,True,6.188636995294235,0.0,0.0,0.0,0.0,0,0.9104078587416066,0.7729420542153694,False,False,False,False,0.15629246364449417,0.14591603630394523,False,False,False,False,479960.0,514473.07588085224,False,False,False,False,62388.60843780193,False,False,False,False
2025-06-04 17:00:00+00:00,27.125,27.18,26.965,27.125,80678.0,,,26.18946315201412,25.62420488759245,26.33666391408937,24.24147196137411,23.53355008258699,22.86535605655583,22.595785185536926,21.95040957630881,21.573035464048058,20.542136550388943,23.53355008258699,21.95040957630881,26.18946315201412,23.251401519831276,"rgba(38, 166, 154, 1.0)",1.9304905715509324,24.157474632956344,1.537187184840578,57.6681482749822,3.1792411955958784,True,False,True,False,True,6.733425355970052,0.0,0.0,0.0,0.0,0,0.9158347891190417,0.7688420264537059,False,False,False,False,0.16486778664037635,0.1553919114721608,False,False,False,False,560638.0,515188.81113851344,False,False,False,False,62672.164896130584,False,False,False,False
2025-06-05 17:00:00+00:00,27.13,27.25,26.85,27.01,83272.0,,,26.21658453492296,25.714804303462316,26.35641345413999,24.27334450015456,23.568296180379097,22.899787437480676,22.628733086815807,21.983389955350038,21.606192742550867,20.57650021347593,23.568296180379097,21.983389955350038,26.21658453492296,23.28971798597881,"rgba(38, 166, 154, 1.0)",1.9079974809699267,24.18843346869268,1.4788104069576573,58.23243281720704,3.8338985885591086,True,False,True,False,True,6.3646842896513185,0.0,0.0,0.0,0.0,0,0.9121367735470942,0.7712299599198397,False,False,False,False,0.16360109248422458,0.1594965019781927,False,False,False,False,477366.0,514602.4109658233,False,False,False,False,62991.54218456267,False,False,False,False
2025-06-06 17:00:00+00:00,26.66,26.96,26.615,26.665,68004.0,,,26.230089538943655,25.766165178386263,26.365202593345842,24.29616343331587,23.593834234278106,22.92554520487467,22.653532988830175,22.008480202841096,21.631543390753116,20.603046972309915,23.593834234278106,22.008480202841096,26.230089538943655,23.315946022103894,"rgba(38, 166, 154, 1.0)",1.869140085081334,24.206579132488272,1.315268388460435,56.891704674589555,3.8338985885591086,True,False,True,False,True,5.256285503222575,0.0,0.0,0.0,0.0,0,0.9084766969033468,0.7747888645605254,False,False,False,False,0.14886028377037513,0.15417839287428392,False,False,False,False,409362.0,512970.77668728336,False,False,False,False,63069.25470883302,False,False,False,False
2025-06-09 17:00:00+00:00,27.165,27.21,27.025,27.21,43108.0,,,26.244683564752773,25.808442123181237,26.376225627638345,24.312747113702255,23.611846928982043,22.94339293231659,22.670627222206296,22.025585299963197,21.64873593778779,20.62084958890229,23.611846928982043,22.025585299963197,26.244683564752773,23.335383641631115,"rgba(38, 166, 154, 1.0)",1.8428392410811822,24.22378546897575,1.6204422309090072,58.03710280532849,3.8595016197233605,True,False,True,False,True,6.754876278468256,0.0,0.0,0.0,0.0,0,0.9084108624591402,0.7753960271561477,False,False,False,False,0.16740275297327037,0.16079057292377713,False,False,False,False,452470.0,512032.780149496,False,False,False,False,62759.77789164181,False,False,False,False
2025-06-10 17:00:00+00:00,26.615,26.965,26.595,26.84,75576.0,,,26.259737429733427,25.85890833071814,26.38643127605875,24.337845560467283,23.639922208044325,22.971759635172887,22.697977596835294,22.053279861274103,21.676727507699017,20.650174990828663,23.639922208044325,22.053279861274103,26.259737429733427,23.363669663010945,"rgba(38, 166, 154, 1.0)",1.8110213135682303,24.245278090605556,1.4327395762571669,56.938728560185936,3.8595016197233605,True,False,True,False,True,5.555780600598677,0.0,0.0,0.0,0.0,0,0.9085523413373667,0.7740593685006618,False,False,False,False,0.14844008965786165,0.1546153312908194,False,False,False,False,376894.0,509937.6052634572,False,False,False,False,62958.47900960085,False,False,False,False
2025-06-11 17:00:00+00:00,27.165,27.205,26.955,27.155,57945.0,,,26.276948073913736,25.905707669981506,26.399458755172144,24.35908999939981,23.663160680313663,22.994938058926028,22.72024433752112,22.07564741553111,21.699249226282934,20.673577064449855,23.663160680313663,22.07564741553111,26.276948073913736,23.38789702306424,"rgba(38, 166, 154, 1.0)",1.7880255782478809,24.266544433670656,1.6154442092264671,57.43536294785555,3.8595016197233605,True,False,True,False,True,6.429476686016187,0.0,0.0,0.0,0.0,0,0.9128759160980542,0.7649734647460197,False,False,False,False,0.16529013437338416,0.15995273283210176,False,False,False,False,434839.0,508773.28580200823,False,False,False,False,62880.75065286286,False,False,False,False
2025-06-12 17:00:00+00:00,27.77,27.79,27.46,27.51,51380.0,,,26.300174940115006,25.959882529114722,26.4182420129991,24.380913283642798,23.68635448982605,23.01765727905829,22.74194924688967,22.097199414017624,21.720829058085226,20.695729744523252,23.68635448982605,22.097199414017624,26.300174940115006,23.413195228684078,"rgba(38, 166, 154, 1.0)",1.742936860847547,24.291438351478753,1.8466312353713958,59.06361708687096,5.337113765924634,True,False,True,False,True,7.407423007255062,0.0,0.0,0.0,0.0,0,0.9162375988948889,0.7617104106492527,False,False,False,False,0.19614773566431826,0.17805023424821,False,False,False,False,486219.0,508423.6069523647,False,False,False,False,62702.444441190564,False,False,False,False
2025-06-13 17:00:00+00:00,27.785,27.795,27.43,27.52,62100.0,,27.581666666666667,26.327066467972372,26.020686986983538,26.440072004542735,24.40685857315091,23.713988606291288,23.0447886544624,22.76789885594158,22.123000598694933,21.746679064974117,20.72229633617961,23.713988606291288,22.123000598694933,26.954366567319518,23.442918853469013,"rgba(38, 166, 154, 1.0)",1.7009860097618694,24.646861942023712,1.689101521992244,60.18626891545871,6.572013584447362,True,False,True,False,True,7.4351207342137045,0.0,0.0,0.0,0.0,0,0.916086983768879,0.7628626934887511,False,False,False,False,0.19543606271160907,0.18674314847990953,False,False,False,False,548319.0,509042.14017790934,False,False,False,False,62693.10421729614,False,False,False,False
2025-06-16 17:00:00+00:00,26.785,26.88,26.61,26.855,100181.0,,27.087802320255197,26.341952000778345,26.06408854534344,26.450108201773308,24.437512508625204,23.748699420238506,23.080284940899773,22.802319296795808,22.158090085555298,21.782251528131376,20.759776320948795,23.748699420238506,22.158090085555298,26.71487716051677,23.47590342759017,"rgba(38, 166, 154, 0.75)",1.6570812367610184,24.639054522267323,1.3372582035048763,57.164166698449165,6.572013584447362,True,False,True,False,False,5.204931239417299,0.0,0.0,0.0,0.0,0,0.9229754350694225,0.7640887101840799,False,False,False,False,0.1464798692002033,0.16661150884005643,False,False,False,False,448138.0,508097.8899425929,False,False,False,False,63274.31190384968,False,False,False,False
2025-06-17 17:00:00+00:00,26.815,26.925,26.76,26.83,73584.0,,27.00997421547637,26.353610070691776,26.09521903217886,26.458309211106137,24.460060991854856,23.774165703620007,23.106323372620587,22.827582469914645,22.18384059483234,21.808353887997303,20.787268032535057,23.774165703620007,22.18384059483234,26.681792143084074,23.500124810739976,"rgba(38, 166, 154, 0.75)",1.61296171544637,24.651896642118196,1.3503751124551866,55.019849772355656,8.841248654579282,True,False,True,False,False,5.1217793043352735,0.0,0.0,0.0,0.0,0,0.9243528524754964,0.7555290273938176,False,False,False,False,0.15121719105123882,0.15891434994564763,False,False,False,False,374554.0,506027.44203650614,False,False,False,False,63434.15202937139,False,False,False,False
2025-06-18 17:00:00+00:00,26.85,26.915,26.615,26.715,67093.0,,26.95203129366667,26.361885600321816,26.118315947157832,26.463789787287894,24.47949023425513,23.796351044732216,23.129187381069354,22.849832300215134,22.206624622173294,21.831498246193274,20.811749177888156,23.796351044732216,22.206624622173294,26.656958446994246,23.52075986010803,"rgba(38, 166, 154, 0.75)",1.5944201691134858,24.662904387879525,1.2870482021445209,52.95001507090865,6.903200512026537,True,False,True,False,False,4.733767150731854,0.0,0.0,0.0,0.0,0,0.9209416504059925,0.7594259457418016,False,False,False,False,0.14685748580953414,0.15288591787759087,False,False,False,False,307461.0,502948.8925475681,False,False,False,False,63490.878354497414,False,False,False,False
2025-06-19 17:00:00+00:00,26.715,26.715,26.715,26.715,0.0,,26.95203129366667,26.361885600321816,26.118315947157832,26.463789787287894,24.47949023425513,23.796351044732216,23.129187381069354,22.849832300215134,22.206624622173294,21.831498246193274,20.811749177888156,23.796351044732216,22.206624622173294,26.656958446994246,23.52075986010803,#000000,1.565562150426181,24.662904387879525,1.3107723711651105,51.570125269943986,5.587515671205949,False,False,False,False,False,4.733767150731854,0.0,0.0,0.0,0.0,0,0.9222970845664631,0.7589572445060137,False,False,False,False,0.14404772164565927,0.14846681976162507,False,False,False,False,307461.0,499918.0725080709,False,False,False,False,62506.52365132691,False,False,False,False
2025-06-20 17:00:00+00:00,26.65,26.725,26.43,26.455,76911.0,,26.86793359465149,26.36598759040925,26.134614838701832,26.465334991097784,24.49932030529534,23.81958454690003,23.153534159172597,22.87366132423282,22.231260235253135,21.856633321708546,20.838574722794238,23.81958454690003,22.231260235253135,26.61696059253037,23.541390938350705,#000000,1.5319464948434933,24.670888183564124,1.1646045227043933,49.059750577383866,3.208574006343575,False,False,False,False,False,3.8350205001069,0.0,0.0,0.0,0.0,0,0.9193315323239304,0.7603819815291826,False,False,False,False,0.13633236702953827,0.14239959339558167,False,False,False,False,230550.0,495741.8233218993,False,False,False,False,62729.84886603502,False,False,False,False
2025-06-23 17:00:00+00:00,26.995,27.075,26.74,26.745,38836.0,,26.866579381664895,26.37169536705444,26.14848117152456,26.469445039215323,24.51072277325981,23.832517104842257,23.16683467205136,22.886607183496867,22.24450085210693,21.87007533830718,20.85277239697842,23.832517104842257,22.24450085210693,26.619137374359667,23.553550725753635,#000000,1.475590298738079,24.679987941807674,1.3994481123644686,49.42424955540392,3.208574006343575,False,False,False,False,False,4.736433395267536,0.0,0.0,0.0,0.0,0,0.9195187332460568,0.7540053612617666,False,False,False,False,0.1548781153938681,0.14863885439472488,False,False,False,False,269386.0,492232.43071225745,False,False,False,False,62359.40159679417,False,False,False,False
2025-06-24 17:00:00+00:00,25.965,26.03,25.81,25.855,88815.0,,26.697138231005674,26.359347390696495,26.137910558885835,26.455936934036313,24.525925622051442,23.85246214573706,23.189108105856654,22.908847040735342,22.268282173509963,21.894706594409804,20.879863218367813,23.85246214573706,22.268282173509963,26.528242810851083,23.568115821510023,"rgba(239, 83, 80, 1.0)",1.4454371295548272,24.673553279862304,0.8173629250146384,45.08820830975048,-0.5679345164905811,False,True,False,True,False,1.6942447157533813,0.0,0.0,0.0,0.0,0,0.9173982935575614,0.7625819216025721,False,False,False,False,0.09964486827720585,0.12414186133596536,False,False,False,False,180571.0,487400.4705461759,False,False,False,False,62769.56591312294,False,False,False,False
2025-06-25 17:00:00+00:00,26.035,26.16,25.945,26.12,71320.0,,26.620483371916244,26.35351329810187,26.135845847451165,26.44883657715916,24.539435470146984,23.869560855450764,23.20788210309488,22.927511084279875,22.288074603347837,21.915132147762986,20.90216637027823,23.869560855450764,22.288074603347837,26.486998335009055,23.58160500655243,"rgba(239, 83, 80, 1.0)",1.4254967302411226,24.67500093151291,1.0136810824130555,43.97869365476872,-1.5863834192099233,False,True,False,True,False,2.534268938786713,0.0,0.0,0.0,0.0,0,0.9212038810951115,0.7579259625486682,False,False,False,False,0.1070135561807942,0.11557770875837978,False,False,False,False,251891.0,483749.1609253049,False,False,False,False,62902.13078268692,False,False,False,False
2025-06-26 17:00:00+00:00,26.095,26.195,25.92,26.15,89979.0,,26.54889101535692,26.346822224883123,26.13395675379656,26.44055388321108,24.5562923966345,23.890889428362975,23.231330716000844,22.9508449023661,22.312840378188092,21.94070017565317,20.93010465093074,23.890889428362975,22.312840378188092,26.44785662012002,23.59861258723823,"rgba(239, 83, 80, 1.0)",1.411954820245541,24.678950195475565,1.041853311049015,43.44460101181528,-2.186181633460926,False,True,False,True,False,2.6300679897140355,0.0,0.0,0.0,0.0,0,0.9241477448493474,0.7570995483511724,False,False,False,False,0.10288164114343934,0.10922967495090956,False,False,False,False,341870.0,481549.4840117343,False,False,False,False,63321.927204660766,False,False,False,False
2025-06-27 17:00:00+00:00,25.54,25.625,25.385,25.615,64180.0,,26.460700364757205,26.332587578508804,26.117622722729692,26.426060601188368,24.563882664281945,23.902131036370243,23.24466826031031,22.964415563893773,22.327779598005804,21.956368111545636,20.94775666296693,23.902131036370243,22.327779598005804,26.396643971633004,23.605631691254743,"rgba(239, 83, 80, 1.0)",1.4057932004824631,24.85624963563467,0.5397311383387895,40.61335299268424,-4.951125110498253,False,True,False,True,False,0.8064201829126603,0.0,0.0,0.0,0.0,0,0.9178943475312829,0.7634839425506996,False,False,False,False,0.07014903102344519,0.08968935298717737,False,False,False,False,277690.0,478388.8718565136,False,False,False,False,63335.23065885207,False,False,False,False
2025-06-30 17:00:00+00:00,26.335,26.62,26.23,26.58,104698.0,,26.462695883276808,26.33662643462581,26.13308003034071,26.42735756338179,24.58762028392817,23.93041755686637,23.274821896100605,22.99417279485002,22.358860087720057,21.988226719650125,20.982066678548556,23.93041755686637,22.358860087720057,26.39966115895131,23.63073595682071,"rgba(239, 83, 80, 0.75)",1.4024621207006642,24.908229669049017,1.1920253005591135,44.41343815185482,-4.951125110498253,False,True,False,True,True,3.8813958393842363,0.0,0.0,0.0,0.0,0,0.9187773989283976,0.7602289332683877,False,False,False,False,0.11604353641486632,0.10286644470102185,False,False,False,False,382388.0,476900.4862463351,False,False,False,False,63976.51390445126,False,False,False,False
2025-07-01 17:00:00+00:00,26.765,26.795,26.555,26.585,33657.0,,26.469737578909758,26.33938050794102,26.14006808166095,26.429136014576844,24.59579539339114,23.939971649771852,23.28489951265348,23.004089194357064,22.369157189080784,21.998753581759736,20.993341102304207,23.939971649771852,22.369157189080784,26.404559043425387,23.639467968839565,"rgba(239, 83, 80, 0.75)",1.3989238141650324,24.920017817457698,1.1901878899217049,46.97124771576381,-7.9346703367468265,False,True,False,True,True,3.8969762909613515,0.0,0.0,0.0,0.0,0,0.9221615653560695,0.7594307796111145,False,False,False,False,0.1308070765334259,0.11683676061722388,False,False,False,False,416045.0,475956.9903355392,False,False,False,False,63506.44392143651,False,False,False,False
2025-07-02 17:00:00+00:00,26.99,27.095,26.855,27.0,109208.0,,26.526938209924513,26.35751582347847,26.175834461899516,26.443450538559606,24.626186382303754,23.9743343682006,23.32043877789075,23.038853338792368,22.40484743790231,22.035048645919307,21.031788035255207,23.9743343682006,22.40484743790231,26.44222701670149,23.672309109635936,#000000,1.3978448405307375,24.96533927707678,1.4555697913873582,50.66908826565983,-4.554616229313609,True,False,False,False,True,5.192223422279518,0.0,0.0,0.0,0.0,0,0.9215315095261358,0.7550073277967758,False,False,False,False,0.1485990639731727,0.1327179122951983,False,False,False,False,525253.0,476721.26955514326,False,False,False,False,64214.995178468496,False,False,False,False
2025-07-03 17:00:00+00:00,27.02,27.12,27.015,27.12,0.0,,26.526938209924513,26.35751582347847,26.175834461899516,26.443450538559606,24.626186382303754,23.9743343682006,23.32043877789075,23.038853338792368,22.40484743790231,22.035048645919307,21.031788035255207,23.9743343682006,22.40484743790231,26.44222701670149,23.672309109635936,"rgba(38, 166, 154, 1.0)",1.3966469724901747,24.96533927707678,1.542738261968616,53.67951999567514,-1.8396628156770873,True,False,True,False,True,5.565428379152088,0.0,0.0,0.0,0.0,0,0.9257100791362493,0.7524078277406293,False,False,False,False,0.15378313341184935,0.14325052285352383,False,False,False,False,525253.0,477473.6994845208,False,False,False,False,63219.41385787208,False,False,False,False
2025-07-04 17:00:00+00:00,27.12,27.12,27.12,27.12,0.0,,26.526938209924513,26.35751582347847,26.175834461899516,26.443450538559606,24.626186382303754,23.9743343682006,23.32043877789075,23.038853338792368,22.40484743790231,22.035048645919307,21.031788035255207,23.9743343682006,22.40484743790231,26.44222701670149,23.672309109635936,"rgba(38, 166, 154, 1.0)",1.3951473912255465,24.96533927707678,1.544396482030828,55.68647448235202,-0.0017425876962420261,True,False,True,False,True,5.565428379152088,0.0,0.0,0.0,0.0,0,0.9272391505078484,0.7525392428439519,False,False,False,False,0.1523907903057092,0.14782065657961652,False,False,False,False,525253.0,478214.463833598,False,False,False,False,62239.26790658724,False,False,False,False
2025-07-07 17:00:00+00:00,27.125,27.795,27.095,27.735,125126.0,27.541666666666668,26.641770705961658,26.3945309280986,26.23913288458046,26.47501710583079,24.66809560440466,24.019894845680728,23.36640799287728,23.083478771108517,22.44997178021638,22.08060918717943,21.07931272490169,24.019894845680728,22.44997178021638,26.859322766908974,23.717991210753326,"rgba(38, 166, 154, 1.0)",1.3941107631103153,25.314920995733942,1.7359302203985334,59.73671655948425,3.762822038959243,True,False,True,False,True,7.491376433093432,0.0,0.0,0.0,0.0,0,0.9260717141275603,0.751276216249462,False,False,False,False,0.17232387726497955,0.16007226692229803,False,True,False,False,650379.0,480883.68144858093,False,False,False,False,63214.256001058755,False,False,False,False
2025-07-08 17:00:00+00:00,26.085,26.28,26.02,26.115,75416.0,27.01392790537643,26.609625160019778,26.389793345256525,26.23639380009366,26.469283626615717,24.680724241755026,24.036077368462365,23.384483251301276,23.1016179870293,22.469397301196572,22.100743741830687,21.1014753924888,24.036077368462365,22.469397301196572,26.671115470217575,23.73113296786371,"rgba(38, 166, 154, 0.75)",1.3945315239073577,25.27895173176812,0.5995190885963926,53.97192980173312,3.762822038959243,True,False,True,False,False,1.7678706442336747,0.0,0.0,0.0,0.0,0,0.9127815925792072,0.7568967594265751,False,False,False,False,0.09354413081290905,0.12680819886760353,False,False,False,False,574963.0,482342.27553464944,False,False,False,False,63403.43032662373,False,False,False,False
2025-07-09 17:00:00+00:00,26.385,26.61,26.325,26.49,72026.0,26.871516392239734,26.60188732613536,26.39127203850277,26.242429494854136,26.469375108688332,24.695323666922093,24.05374170350554,23.403610989329664,23.120640303622753,22.489444507136174,22.121375501943618,21.123864015018718,24.05374170350554,22.489444507136174,26.62155858562595,23.746645032335667,#000000,1.390505530600593,25.276205396606777,0.8729160558383069,51.83297098760974,8.614375949940857,True,False,False,False,False,2.9486958093220323,0.0,0.0,0.0,0.0,0,0.9139208481416781,0.756339979519306,False,False,False,False,0.11271524730349959,0.11976172308555155,False,False,False,False,646989.0,484894.93792946107,False,False,False,False,63537.11357737375,False,False,False,False
2025-07-10 17:00:00+00:00,25.935,26.15,25.885,26.105,100971.0,26.648551985201006,26.560486289427452,26.383087488571192,26.235725258393988,26.46009980679937,24.710563975702144,24.07377305707533,23.426345956100366,23.143589308064282,22.51422830929082,22.147159434037217,21.152450361451688,24.07377305707533,22.51422830929082,26.530708587733216,23.76265949632391,#000000,1.39266785909849,25.2594180225858,0.6071670081921537,48.93201150623744,5.916034764482539,False,False,False,False,False,1.653840497894425,0.0,0.0,0.0,0.0,0,0.9121877821245864,0.7539572675293409,False,False,False,False,0.07857180531369914,0.09916676419962535,False,False,False,False,546018.0,485842.5823026477,False,False,False,False,64117.483909507486,False,False,False,False
2025-07-11 17:00:00+00:00,26.57,26.71,26.47,26.625,74499.0,26.640755973823644,26.562633774324514,26.386851845430456,26.244744021541777,26.462355228189143,24.72617021288773,24.092382058027187,23.446371384049463,23.163485417841528,22.535132586053617,22.168644217864582,21.175697917348494,24.092382058027187,22.535132586053617,26.53008053119287,23.779442560422613,#000000,1.3925943835580132,25.269002595991168,0.9737202878445642,49.34624582037376,5.916034764482539,False,False,False,False,False,3.2954713782444784,0.0,0.0,0.0,0.0,0,0.9127012737322759,0.7542658014900264,False,False,False,False,0.1140761678399574,0.10662146601979137,False,False,False,False,620517.0,487930.5577708237,False,False,False,False,64278.43764734458,False,False,False,False
2025-07-14 17:00:00+00:00,26.705,26.745,26.475,26.56,65694.0,26.63469175562355,26.563983426286928,26.38994066511002,26.252158618131432,26.464169829319378,24.739659582464874,24.108512069778808,23.463775519381418,23.18079895336758,22.553352173264408,22.18738320700805,21.196002662467734,24.108512069778808,22.553352173264408,26.5295386156735,23.793979179464852,#000000,1.3928022243076157,25.277202824441936,0.9210189021601841,49.3360493406508,5.868512453288446,False,False,False,False,False,3.072586482247484,0.0,0.0,0.0,0.0,0,0.9148041336217256,0.753184330689738,False,False,False,False,0.11212992298660956,0.10937569450320048,False,False,False,False,554823.0,488967.6498984078,False,False,False,False,64300.38435048652,False,False,False,False
2025-07-15 17:00:00+00:00,25.98,26.33,25.94,26.31,76201.0,26.5776819712295,26.545999346278297,26.38658734573116,26.2507422129843,26.4598863076201,24.75174014282154,24.12399297477975,23.481173992058594,23.19833543183039,22.5722096391809,22.206966046863187,21.217633676989344,24.12399297477975,22.5722096391809,26.50342288774632,23.8069644916809,"rgba(239, 83, 80, 1.0)",1.3938078247206311,25.276050238814133,0.7418165853625528,48.195435564725884,4.3609505825617205,False,True,False,True,False,2.2099695993734976,0.0,0.0,0.0,0.0,0,0.9080831685541376,0.7605009287554676,False,False,False,False,0.08223683041428971,0.0958062624587451,False,False,False,False,478622.0,488807.25222556427,False,False,False,False,64484.890019471226,False,False,False,False
2025-07-16 17:00:00+00:00,26.055,26.08,25.845,25.945,76949.0,26.50602535630991,26.51847272906798,26.379308047122215,26.243761635545482,26.451975655182032,24.76176766517696,24.137632856322853,23.49700601212772,23.214455009403373,22.589823291472914,22.22538523360279,21.238257856360164,24.137632856322853,22.589823291472914,26.467935377500037,23.817785023910478,"rgba(239, 83, 80, 1.0)",1.396690464008564,25.270194265258027,0.4831462318467118,45.87761729515077,1.793446758557529,False,True,False,True,False,0.9596271076725209,0.0,0.0,0.0,0.0,0,0.9043099331423116,0.7594317096466094,False,False,False,False,0.07129702892573755,0.08355164569224133,False,False,False,False,401673.0,487456.33358640823,False,False,False,False,64678.132034673225,False,False,False,False
2025-07-17 17:00:00+00:00,25.205,25.515,25.205,25.395,106569.0,26.349729131731245,26.448795950581136,26.356220978752653,26.2160043793,26.42895715848191,24.768716981132076,24.150222888641373,23.513464711368968,23.23177418052658,22.609730117544483,22.24664482064712,21.2630214402519,24.150222888641373,22.609730117544483,26.384915353688342,23.82539296421049,"rgba(239, 83, 80, 1.0)",1.4053871833538758,25.245799291115176,0.10616341934239386,42.30983712113605,-1.8139873314266026,False,True,False,True,False,0.0,0.0,0.0,0.0,0.0,0,0.8993491124260355,0.7623076923076922,False,False,False,False,0.020897346904793137,0.052224496298517234,False,False,False,False,295104.0,484474.1268641383,False,False,False,False,65327.602855841076,False,False,False,False
2025-07-18 17:00:00+00:00,24.875,25.03,24.785,24.87,118234.0,26.156837646328764,26.35067240682809,26.319997643691977,26.170947906612053,26.39353242399258,24.770293448183242,24.158558729156816,23.526791837674036,23.246458228436087,22.627730592629916,22.26635095122392,21.287003294617097,24.158558729156816,22.627730592629916,26.27583589894961,23.827518601391752,"rgba(239, 83, 80, 1.0)",1.398710287539444,25.311294307969185,-0.31550086669162286,38.33163920468215,-5.654790984353028,False,True,False,True,False,0.0,0.0,0.0,0.0,0.0,0,0.8942449872833738,0.7663098125036968,False,False,False,False,-0.008536795906078719,0.021843850196219258,False,False,False,False,176870.0,479705.07063368656,False,False,False,False,66147.85707513036,False,False,False,False
2025-07-21 17:00:00+00:00,25.925,25.93,25.69,25.735,92437.0,26.12191153298744,26.32405791805027,26.30982599546734,26.16092356311165,26.382740240346816,24.780101116412357,24.172667241198326,23.543695424489734,23.263860061037946,22.64705451683003,22.286701934456993,21.310104034393767,24.172667241198326,22.64705451683003,26.25193181550168,23.83864979247529,"rgba(239, 83, 80, 1.0)",1.3794490674649558,25.331382858059037,0.2925930006844681,40.36403861653198,-5.654790984353028,False,True,False,True,False,0.3039697154044205,0.0,0.0,0.0,0.0,0,0.8955013231402529,0.7688915024992649,False,False,False,False,0.05020473600161596,0.03602429309891761,False,False,False,False,269307.0,476443.0850424666,False,False,False,False,66555.44068636865,False,False,False,False
2025-07-22 17:00:00+00:00,26.445,26.55,26.335,26.38,94214.0,26.1481010788845,26.328524438801733,26.311952045935946,26.167648098971743,26.383431370221075,24.79611496395744,24.192376892986307,23.565486073239,23.285770042531247,22.670455001609845,22.31093443510517,21.336721251736446,24.192376892986307,22.670455001609845,26.262859187874056,23.85654868115092,"rgba(239, 83, 80, 0.75)",1.3547604488890577,25.364746021808315,0.7493974148892676,44.40130655970425,-11.856454416985564,False,True,False,True,True,2.37138517905764,0.0,0.0,0.0,0.0,0,0.9001345580062012,0.7617738255426196,False,False,False,False,0.0911399614795167,0.06358212728921715,False,False,False,False,363521.0,474692.35504180816,False,False,False,False,66984.2555594482,False,False,False,False
2025-07-23 17:00:00+00:00,26.125,26.37,26.035,26.21,98785.0,26.152876084956432,26.32286913091497,26.309861944927523,26.16863154360174,26.380170366228935,24.81037987115704,24.210702363873036,23.586275811956796,23.306854008284702,22.69328194297293,22.33471623893454,21.363157219218344,24.210702363873036,22.69328194297293,26.26186905359964,23.87268548513645,"rgba(239, 83, 80, 0.75)",1.3560892035290801,25.379746993233635,0.6122407026069668,46.372695291213844,-9.95577360008479,False,True,False,True,True,1.7997052790011345,0.0,0.0,0.0,0.0,0,0.8929011079195733,0.7658713875373702,False,False,False,False,0.07539425383255188,0.06948819056088451,False,False,False,False,264736.0,471437.2177543383,False,False,False,False,67477.29035697613,False,False,False,False
2025-07-24 17:00:00+00:00,26.035,26.07,25.705,25.735,106921.0,26.12654561662832,26.299913570613967,26.300060271653322,26.159433445465385,26.369627768374233,24.821504887564775,24.22657015971082,23.605298344877966,23.326476879832303,22.715102133260817,22.357712763936362,21.389296585218442,24.22657015971082,22.715102133260817,26.242173152965204,23.885669218693454,"rgba(239, 83, 80, 0.75)",1.3536960848322994,25.37838503961735,0.2634379787150149,45.765213838814695,-9.95577360008479,False,True,False,True,True,0.21518896740687055,0.0,0.0,0.0,0.0,0,0.8948204826368453,0.766391995291348,False,False,False,False,0.042922088181941584,0.05620513937141305,False,False,False,False,157815.0,466574.85778915475,False,False,False,False,68088.82073903852,False,False,False,False
2025-07-25 17:00:00+00:00,25.51,25.935,25.48,25.885,98050.0,26.101014659902038,26.27778385592361,26.29011721161634,26.149700864204988,26.359089684607916,24.83080796822369,24.24023072797944,23.621923673325377,23.34371159643907,22.73440457799111,22.378118416172978,21.41262706402666,24.24023072797944,22.73440457799111,26.222971909147333,23.89673495255236,"rgba(239, 83, 80, 0.75)",1.3263456433999286,25.375285249441713,0.3843000903231343,46.08318686288462,-9.78852050306925,False,True,False,True,True,0.7090950597141195,0.0,0.0,0.0,0.0,0,0.8875095605106785,0.7712537506618816,False,False,False,False,0.030673705384699625,0.043439422378056335,False,False,False,False,255865.0,463308.0382885477,False,False,False,False,68553.33514618521,False,False,False,False
2025-07-28 17:00:00+00:00,25.285,25.33,25.205,25.325,86319.0,26.05314406752151,26.242849928657172,26.273915617773863,26.131275847436807,26.34283921085287,24.834724148169382,24.248338735990885,23.633121053761467,23.355717921299707,22.74853848121102,22.393365325694237,21.43071963348762,24.248338735990885,22.74853848121102,26.189969871317516,23.902071150878225,"rgba(239, 83, 80, 0.75)",1.2986297282795334,25.3606662865162,-0.0274645541677626,44.0978070514384,-9.78852050306925,False,True,False,True,True,0.0,0.0,0.0,0.0,0.0,0,0.8834007148297887,0.7728364680377336,False,False,False,False,-0.025799884841920164,0.008819768768068085,False,False,False,False,169546.0,458753.5880825237,False,False,False,False,68828.77181058543,False,False,False,False
2025-07-29 17:00:00+00:00,25.745,25.895,25.675,25.7,86270.0,26.036692393273388,26.226305940561385,26.265701467578634,26.123449797093194,26.33409438976744,24.842572468902148,24.259929192785414,23.647300997546235,23.370454942388882,22.76509578202441,22.410894253159395,21.450817428389662,24.259929192785414,22.76509578202441,26.176233267137803,23.911623250228526,"rgba(239, 83, 80, 0.75)",1.2549353093410165,25.3593222417802,0.27147037435634475,44.69183470418971,-9.78852050306925,False,True,False,True,True,0.10698078329510352,0.0,0.0,0.0,0.0,0,0.8810769502086886,0.7737934277820235,False,False,False,False,0.012209225900733325,0.010514497334400706,False,False,False,False,255816.0,455607.26888744585,False,False,False,False,69099.178449181,False,False,False,False
2025-07-30 17:00:00+00:00,25.865,26.015,25.36,25.465,149356.0,25.99958567801051,26.192203589809875,26.248245671348343,26.10564380524183,26.315947376465285,24.853766887577272,24.277697890140924,23.669769524182794,23.39403825146038,22.791980990120766,22.439531564247382,21.48403033161971,24.277697890140924,22.791980990120766,26.146678313056242,23.92582295789515,"rgba(239, 83, 80, 0.75)",1.1823351760261,25.352057479761314,0.09552495986653536,44.11761843962846,-9.78852050306925,False,True,False,True,True,0.0,0.0,0.0,0.0,0.0,0,0.8793689889749003,0.7726952850105558,False,False,False,False,-0.012280140460040763,-0.0008828215628200282,False,False,False,False,106460.0,450194.1329357025,False,False,False,False,70343.47025617043,False,False,False,False
2025-07-31 17:00:00+00:00,24.24,24.5,24.1,24.295,132859.0,25.876537511287154,26.102896949425094,26.2029126878773,26.051216345244622,26.27174955696356,24.84668241833796,24.277936104297606,23.6760952279054,23.402418063165477,22.80452396860975,22.454200944328115,21.50386470469984,24.277936104297606,22.80452396860975,26.06078238286318,23.92096525928359,"rgba(239, 83, 80, 1.0)",1.1551533574722785,25.352447281259884,-0.9154172252711125,39.97960586574916,-5.0707971164859345,False,True,False,True,False,0.0,0.0,0.0,0.0,0.0,0,0.8737677186023449,0.7905850784576793,False,False,False,False,-0.12219373282705247,-0.06153827719493625,False,False,False,False,-26399.0,442805.09211499395,False,False,False,False,71312.70327545461,False,False,False,False
2025-08-01 17:00:00+00:00,24.79,24.84,24.55,24.835,225841.0,25.752284944711803,26.001881042579118,26.14736042675732,25.987443280967902,26.21681931353247,24.844453849875848,24.28686076405078,23.69401726018217,23.42318676794988,22.831560036666392,22.48448107619048,21.542194610713057,24.28686076405078,22.831560036666392,25.96717547134941,23.92344632890322,"rgba(239, 83, 80, 1.0)",1.1108883710675748,25.3219422030289,-0.43833585417852844,39.94868981799032,-5.305372598033898,False,True,False,True,False,0.0,0.0,0.0,0.0,0.0,0,0.8756476683937824,0.7854689410257903,False,False,False,False,-0.11790651096075418,-0.08972239407784521,False,False,False,False,199442.0,439032.02091941267,False,False,False,False,73708.49082157158,False,False,False,False
2025-08-04 17:00:00+00:00,25.43,25.625,25.4,25.595,60216.0,25.746263638431937,25.992919388177594,26.141265704117902,25.981707934969208,26.210402179691517,24.84836726742844,24.293258282622084,23.702258607100976,23.431903382407622,22.84160150258032,22.495227578080183,21.554773710835473,24.293258282622084,22.84160150258032,25.960149576909146,23.928833382857313,"rgba(239, 83, 80, 0.75)",1.0429415780068076,25.32947062283204,0.25459659751547936,43.12334432759333,-5.305372598033898,False,True,False,True,True,0.0,0.0,0.0,0.0,0.0,0,0.8784604602266091,0.7894521668029435,False,False,False,False,-0.04989748832578932,-0.06980994120181727,False,False,False,False,259658.0,436251.02834701864,False,False,False,False,73499.30491736117,False,False,False,False
2025-08-05 17:00:00+00:00,26.145,26.395,26.11,26.24,181593.0,25.785825592112282,26.007038066937216,26.144410592579355,25.991630841859234,26.21145658639353,24.871724849293376,24.322901650351582,23.73608228244596,23.466448890282123,22.879269655522343,22.53461686202633,21.59889172170176,24.322901650351582,22.879269655522343,25.979091417209617,23.957002593319583,#000000,1.0019981028916132,25.381071404917584,0.8572157897342098,47.465220671504106,-7.520724499465693,False,False,False,False,True,1.9548562354733825,0.0,0.0,0.0,0.0,0,0.8824109525466992,0.7846037823413389,False,False,False,False,0.011251643498388387,-0.029279148851714443,False,False,False,False,441251.0,436328.5472873749,False,False,False,False,75175.17615895245,False,False,False,False
2025-08-06 17:00:00+00:00,26.135,26.425,26.095,26.42,116741.0,25.811259083151505,26.01754917889261,26.147541247232983,25.999147897314856,26.213245209999055,24.887023340508,24.34211587878803,23.75790643649543,23.48872173409934,22.90350743819315,22.559941051026446,21.627209012192985,24.34211587878803,22.90350743819315,25.992116503092365,23.97542422206859,"rgba(38, 166, 154, 1.0)",0.9857185059504392,25.567024627437416,0.8653336296452494,50.94201811682903,-4.347510865125848,True,False,True,False,True,2.5147576887171255,0.0,0.0,0.0,0.0,0,0.8840932822833276,0.7837336117879105,False,False,False,False,0.00474899208402797,-0.012265078383843237,False,False,False,False,557992.0,438214.8023681908,False,False,False,False,75819.60753633303,False,False,False,False
2025-08-07 17:00:00+00:00,26.3,26.42,26.175,26.375,110124.0,25.833535854772954,26.02713757100828,26.150561741028334,26.00613949832087,26.215038742384326,24.901259147573505,24.359994315430974,23.77823672464029,23.509488294891835,22.926126009183932,22.583583494542705,21.653667547686727,24.359994315430974,22.926126009183932,26.00374505560319,23.992614863850577,"rgba(38, 166, 154, 1.0)",0.9584164491964242,25.587249311471687,0.821929432856453,53.046085722099924,-2.4365625001343076,True,False,True,False,True,2.3634816352955923,0.0,0.0,0.0,0.0,0,0.8819343172140235,0.7877267689435922,False,False,False,False,0.007915095405509274,-0.0021749914891669815,False,False,False,False,447868.0,438364.4643469785,False,False,False,False,76351.45858228135,False,False,False,False
2025-08-08 17:00:00+00:00,26.265,26.335,25.89,26.175,141104.0,25.8493646240838,26.03123949572739,26.150190613239868,26.00955982957128,26.21336801977455,24.916709822797912,24.380264315783524,23.801910217292157,23.533889362393833,22.953077363337034,22.611929123426044,21.685774953800337,24.380264315783524,22.953077363337034,26.01026491101702,24.011831445352964,"rgba(38, 166, 154, 1.0)",0.937396975720682,25.598264405073202,0.6152522462358037,53.44713742171236,-1.9799063553725205,True,False,True,False,True,1.684768415031094,0.0,0.0,0.0,0.0,0,0.8793776586446014,0.788240778509411,False,False,False,False,-0.0077040260591350425,-0.004939508774151012,False,False,False,False,306764.0,436324.14707028115,False,False,False,False,77355.3739530987,False,False,False,False
2025-08-11 17:00:00+00:00,26.045,26.175,25.89,26.105,89744.0,25.856099732742898,26.031849179179734,26.14892658293324,26.010351942829946,26.211356238890293,24.925729998312427,24.392363622645544,23.816233799385163,23.54872323271755,22.96957679278405,22.62933558539348,21.705609419332365,24.392363622645544,22.96957679278405,26.012291831618626,24.02325340358787,"rgba(38, 166, 154, 1.0)",0.9020631357621761,25.603028401795562,0.5564705820511217,53.34836835762054,-1.8358837298945616,True,False,True,False,True,1.4452478738990244,0.0,0.0,0.0,0.0,0,0.8789172123479889,0.7936739943872779,False,False,False,False,-0.014458958469829359,-0.009699233621990185,False,False,False,False,217020.0,432924.0827746179,False,False,False,False,77547.44567475608,False,False,False,False
2025-08-12 17:00:00+00:00,25.825,25.97,25.79,25.96,81315.0,25.857545747593225,26.029187344975874,26.145995721200695,26.008795910212932,26.20785269154367,24.93271280797316,24.402202134822808,23.82819737118938,23.561219103753437,22.98365671377966,22.64427233376713,21.722811948161933,24.402202134822808,22.98365671377966,26.01090960458993,24.032413446133788,"rgba(38, 166, 154, 1.0)",0.8741049321635364,25.60341650832595,0.40794128777131544,52.48423470841831,-1.8358837298945616,True,False,True,False,True,0.9438641503392553,0.0,0.0,0.0,0.0,0,0.8747954173486089,0.7948912789338323,False,False,False,False,-0.027339720560649358,-0.01851947709131977,False,False,False,False,135705.0,428316.03497966257,False,False,False,False,77605.8573697211,False,False,False,False
2025-08-13 17:00:00+00:00,25.73,25.785,25.55,25.635,126568.0,25.848985596760464,26.017252966391137,26.136951608010442,26.000758263280016,26.19816104420404,24.94064636273294,24.41476123171567,23.844341477667676,23.578362447074113,23.0034541191441,22.665491622780856,21.74772609465556,24.41476123171567,23.0034541191441,26.001063390387344,24.04374474036166,#000000,0.8333359909868652,25.595382148650167,0.04754127000193288,50.182033625238475,-1.8358837298945616,True,False,False,False,False,0.0,0.0,0.0,0.0,0.0,0,0.8771238755952733,0.7935210770768418,False,False,False,False,-0.0453043988106846,-0.03191193795100218,False,False,False,False,9137.0,421817.13521253597,False,False,False,False,78364.96035623705,False,False,False,False
2025-08-14 17:00:00+00:00,25.485,25.54,25.405,25.41,54320.0,25.841849661747,26.009581939250968,26.131558481077548,25.99543137373615,26.192569950532196,24.943038538869757,24.419197450736526,23.85040916735261,23.58491696355629,23.011211486880146,22.67388916712084,21.757766441164236,24.419197450736526,23.011211486880146,25.994330027358505,24.047603393327638,"rgba(239, 83, 80, 0.5)",0.8364127230281888,25.589388458324738,-0.21447361259076858,47.52888152526828,2.2770594511699045,False,False,False,True,False,0.0,0.0,0.0,0.0,0.0,0,0.873116388155966,0.7929639401934918,False,False,False,False,-0.07711596199622396,-0.05451394997361307,False,False,False,False,-45183.0,414576.8230386982,False,False,False,False,77992.17027319461,False,False,False,False
2025-08-15 17:00:00+00:00,25.915,26.145,25.8,25.98,186813.0,25.849595561472203,26.00804076391011,26.12743280406218,25.994771713161047,26.18710644452518,24.959388989693103,24.44175708879669,23.877638700462487,23.613335252714297,23.04316016070907,22.707755863055773,21.796718438083552,24.44175708879669,23.04316016070907,25.995023043148166,24.069070294577912,#000000,0.8198278054755267,25.597918131501473,0.4660513658437186,49.09989605312978,2.2770594511699045,True,False,False,False,False,1.0242831934442194,0.0,0.0,0.0,0.0,0,0.8734717753729161,0.790582041532612,False,False,False,False,-0.03312174525452882,-0.04381784761407095,False,False,False,False,141630.0,410345.0893481757,False,False,False,False,79679.31492012182,False,False,False,False
2025-08-18 17:00:00+00:00,25.925,26.155,25.895,26.145,60023.0,25.85354788272626,26.008844850645755,26.12690862413998,25.995492760214976,26.18612913589406,24.964988808309894,24.449284629433578,23.886609090171625,23.622665661215095,23.053590203428904,22.7187859021229,21.80934772447376,24.449284629433578,23.053590203428904,25.996433785837336,24.07632154614053,#000000,0.8178320770833668,25.601864719204276,0.6641158937329854,50.99820063466163,2.2770594511699045,True,False,False,False,True,1.588402975935022,0.0,0.0,0.0,0.0,0,0.8761564586017098,0.7899051411172269,False,False,False,False,-0.028512711588056235,-0.03616527960106359,False,False,False,False,201653.0,407109.55307921174,False,False,False,False,79374.5658515928,False,False,False,False
2025-08-19 17:00:00+00:00,25.925,25.935,25.69,25.76,97079.0,25.851860491467153,26.004071308350536,26.122461943171086,25.992217805860776,26.181130689201765,24.97173284601497,24.459302726361155,23.89918370338004,23.63595516706353,23.068808937571823,22.735045756622146,21.828330484863038,24.459302726361155,23.068808937571823,25.99279791432959,24.085745346326586,#000000,0.8086755103756189,25.60157997977196,0.19590060314112742,50.01620522092752,2.2770594511699045,True,False,False,False,True,0.22262117971289896,0.0,0.0,0.0,0.0,0,0.8672890569605294,0.796974710470338,False,False,False,False,-0.047177831752785275,-0.04167155567692443,False,False,False,False,104574.0,402419.07938806113,False,False,False,False,79649.0532027309,False,False,False,False
