date,Open,High,Low,Close,Volume,Gap_Up_aVWAP_876,Gap_Up_aVWAP_864,Gap_Up_aVWAP_843,Gap_Up_aVWAP_834,Gap_Up_aVWAP_828,Gap_Up_aVWAP_804,Gap_Up_aVWAP_798,Gap_Up_aVWAP_768,Gap_Up_aVWAP_744,Gap_Up_aVWAP_702,Gap_Down_aVWAP_870,Gap_Down_aVWAP_822,Gap_Down_aVWAP_780,Gap_Down_aVWAP_738,Gap_Down_aVWAP_708,Gap_Down_aVWAP_660,Gap_Down_aVWAP_636,Gap_Down_aVWAP_600,Gap_Down_aVWAP_594,Gap_Down_aVWAP_588,aVWAP_OB_bull_698,aVWAP_OB_bull_429,color,Liquidity,Liquidity_Level,StDev,StDev_Mean,StdDev_ZScore,FVG,FVG_High,FVG_Low,FVG_Mitigated_Index,QQEMOD,QQE1_Value,QQE1_Above_Upper,QQE1_Below_Lower,QQE2_Above_Threshold,QQE2_Below_Threshold,QQE2_Above_TL,banker_RSI,TTM_squeeze_Active,VI_plus,VI_minus,VI_Regular_Bullish,VI_Regular_Bearish,VI_Hidden_Bullish,VI_Hidden_Bearish,Fisher,Fisher_Signal,Fisher_Regular_Bullish,Fisher_Regular_Bearish,Fisher_Hidden_Bullish,Fisher_Hidden_Bearish,OBV,OBV_Smoothed,OBV_Regular_Bullish,OBV_Regular_Bearish,OBV_Hidden_Bullish,OBV_Hidden_Bearish,Volume_MA,Vol_Regular_Bullish,Vol_Regular_Bearish,Vol_Hidden_Bullish,Vol_Hidden_Bearish
2025-01-10 15:00:00+00:00,53.28,53.45,52.82,52.9,10654.0,,,,,,,,,,,,,,,,,,,,,,,"rgba(38, 166, 154, 1.0)",0.0,0.0,,,,0.0,0.0,0.0,0.0,,,False,False,False,False,False,,0,,,False,False,False,False,,,False,False,False,False,0.0,0.0,False,False,False,False,10654.0,False,False,False,False
2025-01-10 16:00:00+00:00,52.845,52.965,52.44,52.44,8855.0,,,,,,,,,,,,,,,,,,,,,,,"rgba(239, 83, 80, 1.0)",0.0,0.0,,,,0.0,0.0,0.0,0.0,0.0,,False,False,False,True,False,,0,,,False,False,False,False,,,False,False,False,False,-8855.0,-137.28682170542635,False,False,False,False,10626.108527131782,False,False,False,False
2025-01-10 17:00:00+00:00,52.405,52.925,52.405,52.9,13291.0,,,,,,,,,,,,,,,,,,,,,,,"rgba(38, 166, 154, 1.0)",0.0,0.0,,,,0.0,0.0,0.0,0.0,17.64705882352941,-76.47058823529412,False,False,False,True,True,,0,,,False,False,False,False,,,False,False,False,False,4436.0,-66.38315005107864,False,False,False,False,10667.424673997955,False,False,False,False
2025-01-10 18:00:00+00:00,52.905,52.91,52.6,52.705,14560.0,,,,,,,,,,,,,,,,,,,,,,,"rgba(239, 83, 80, 1.0)",0.0,0.0,,,,0.0,0.0,0.0,0.0,25.85442574707121,-67.31925212175355,False,False,False,True,True,,0,,,False,False,False,False,,,False,False,False,False,-10124.0,-222.31519423633324,False,False,False,False,10727.77467905225,False,False,False,False
2025-01-10 19:00:00+00:00,52.705,52.83,52.495,52.81,5640.0,,,,,,,,,,,,,,,,,,,,,,,"rgba(38, 166, 154, 1.0)",0.0,0.0,,,,0.0,0.0,0.0,0.0,33.42016605804196,-58.1789984455277,False,False,False,True,True,,0,,,False,False,False,False,,,False,False,False,False,-4484.0,-288.38782688383196,False,False,False,False,10648.894451470045,False,False,False,False
2025-01-10 20:00:00+00:00,52.81,52.81,52.05,52.08,30855.0,,,,,,,,,,,,,,,,,,,,,,,"rgba(239, 83, 80, 1.0)",0.0,0.0,,,,0.0,0.0,0.0,0.0,31.02268626497239,-58.14457108399816,False,False,False,True,True,,0,,,False,False,False,False,,,False,False,False,False,-35339.0,-831.808170653075,False,False,False,False,10962.16740571082,False,False,False,False
2025-01-13 15:00:00+00:00,52.08,52.08,52.08,52.08,0.0,,,,,,,,,,,,,,,,,,,,,,,"rgba(239, 83, 80, 1.0)",0.0,0.0,,,,0.0,0.0,0.0,0.0,29.42436640292601,-56.77961205934692,False,False,False,True,True,,0,,,False,False,False,False,,,False,False,False,False,-35339.0,-1366.8033928134923,False,False,False,False,10792.211321901348,False,False,False,False
2025-01-13 16:00:00+00:00,52.08,52.08,51.105,51.26,2345.0,,,,,,,,,,,,,,,,,,,,,,,"rgba(239, 83, 80, 1.0)",0.0,0.0,,,,0.0,0.0,0.0,0.0,24.902996712046146,-56.77961205934692,False,False,False,True,True,,0,,,False,False,False,False,,,False,False,False,False,-37684.0,-1929.8607045528179,False,False,False,False,10661.246805282723,False,False,False,False
2025-01-13 17:00:00+00:00,51.27,51.625,51.24,51.61,2518.0,,,,,,,,,,,,,,,,,,,,,,,"rgba(38, 166, 154, 1.0)",0.0,0.0,,,,0.0,0.0,0.0,0.0,26.36300983886988,-53.91077774657147,False,False,False,True,True,,0,,,False,False,False,False,,,False,False,False,False,-35166.0,-2445.1496858775804,False,False,False,False,10534.994916828726,False,False,False,False
2025-01-13 18:00:00+00:00,51.59,51.67,51.47,51.51,1683.0,,,,,,,,,,,,,,,,,,,,,,,"rgba(239, 83, 80, 1.0)",0.0,0.0,,,,0.0,0.0,0.0,0.0,26.860246352106408,-50.308204440477944,False,False,False,True,True,,0,,,False,False,False,False,,,False,False,False,False,-36849.0,-2978.5427140035094,False,False,False,False,10397.754685560063,False,False,False,False
2025-01-13 19:00:00+00:00,51.52,51.81,51.38,51.62,5430.0,,,,,,,,,,,,,,,,,,,,,,,"rgba(38, 166, 154, 1.0)",0.0,0.0,,,,0.0,0.0,0.0,0.0,28.560684595938817,-45.703656441896925,False,False,False,True,True,,0,,,False,False,False,False,,,False,False,False,False,-31419.0,-3419.480036267021,False,False,False,False,10320.73523307076,False,False,False,False
2025-01-13 20:00:00+00:00,51.565,51.945,51.48,51.945,24262.0,,,,,,,,,,,,,,,,,,,,,,,"rgba(38, 166, 154, 1.0)",0.0,0.0,,,,0.0,0.0,0.0,0.0,33.302736924107776,-38.60660546199232,False,False,False,True,True,,0,,,False,False,False,False,,,False,False,False,False,-7157.0,-3477.426082216369,False,False,False,False,10536.878872868114,False,False,False,False
2025-01-14 15:00:00+00:00,52.41,52.58,52.22,52.22,4994.0,,,,,,,,,,,,,,,,,,,,,,,"rgba(239, 83, 80, 1.0)",0.0,0.0,,,,0.0,0.0,0.0,0.0,38.97260435852982,-31.12015193845766,False,False,False,True,True,,0,,,False,False,False,False,,,False,False,False,False,-2163.0,-3457.0473832672783,False,False,False,False,10450.942766312019,False,False,False,False
2025-01-14 16:00:00+00:00,52.22,52.49,52.04,52.14,7059.0,,,,,,,,,,,,,,,,,,,,,,,"rgba(239, 83, 80, 1.0)",0.0,0.0,,,,0.0,0.0,0.0,0.0,42.06036914788805,-26.37483827912368,False,False,False,True,True,,0,,,False,False,False,False,,,False,False,False,False,-9222.0,-3546.42649360422,False,False,False,False,10398.354506369196,False,False,False,False
2025-01-14 17:00:00+00:00,52.135,52.49,52.13,52.455,4558.0,,,,,,,,,,,,,,,,,,,,,,,"rgba(38, 166, 154, 1.0)",0.0,0.0,,,,0.0,0.0,0.0,0.0,46.78578498929386,-20.32372444799351,False,False,False,False,True,,0,,,False,False,False,False,,,False,False,False,False,-4664.0,-3563.7532146336116,False,False,False,False,10307.806374487502,False,False,False,False
2025-01-14 18:00:00+00:00,52.48,53.015,52.47,52.99,2114.0,,,,,,,,,,,,,,,,,,,,,,,"rgba(38, 166, 154, 1.0)",0.0,0.0,,,,0.0,0.0,0.0,0.0,53.261952154146385,-12.96234690871114,False,False,True,False,True,,0,,,False,False,False,False,,,False,False,False,False,-2550.0,-3548.0361105307647,False,False,False,False,10180.77061674351,False,False,False,False
2025-01-14 19:00:00+00:00,52.975,53.025,52.485,52.52,2910.0,,,,,,,,,,,,,,,,,,,,,,,"rgba(38, 166, 154, 1.0)",0.0,0.0,,,,0.0,0.0,0.0,0.0,53.52064052158667,-11.51402077586549,False,False,True,False,True,,0,,,False,False,False,False,,,False,False,False,False,-5460.0,-3577.6789615302873,False,False,False,False,10068.045490902525,False,False,False,False
2025-01-14 20:00:00+00:00,52.52,53.09,52.41,52.98,18765.0,,,,,,,,,,,,,,,,,,,,,,,"rgba(38, 166, 154, 1.0)",0.0,0.0,,,,0.0,0.0,0.0,0.0,56.272839023894356,-7.674287502031056,False,False,True,False,True,,0,,,False,False,False,False,,,False,False,False,False,13305.0,-3315.932000886407,False,False,False,False,10202.881994919539,False,False,False,False
2025-01-15 15:00:00+00:00,54.75,54.75,53.925,54.085,5423.0,,,,,,,,,,,,,,,,,,,,,,,"rgba(38, 166, 154, 1.0)",0.0,0.0,,,,0.0,0.0,0.0,0.0,62.092189450493336,-1.1829648032778337,False,False,True,False,True,,0,,,False,False,False,False,,,False,False,False,False,18728.0,-2974.165613275765,False,False,False,False,10128.775297323888,False,False,False,False
2025-01-15 16:00:00+00:00,54.215,54.24,53.73,53.835,19581.0,,,,,,,,,,,,,,,,,,,,,,,"rgba(38, 166, 154, 1.0)",0.0,0.0,,,,0.0,0.0,0.0,0.0,64.1596883080922,1.6388525928907072,False,False,True,False,True,,0,,,False,False,False,False,,,False,False,False,False,-853.0,-2941.2793246978463,False,False,False,False,10275.321416745222,False,False,False,False
2025-01-15 17:00:00+00:00,53.84,53.91,53.615,53.735,2397.0,,,,,,,,,,,,,,,,,,,,,,,"rgba(38, 166, 154, 1.0)",0.0,0.0,,,,0.0,0.0,0.0,0.0,64.80696759007165,3.205001239964865,False,False,True,False,True,,0,,,False,False,False,False,,,False,False,False,False,-3250.0,-2946.0656917567944,False,False,False,False,10153.176898656147,False,False,False,False
2025-01-15 18:00:00+00:00,53.76,53.89,53.72,53.855,1670.0,,,,,,,,,,,,,,,,,,,,,,,"rgba(38, 166, 154, 1.0)",0.0,0.0,,,,0.0,0.0,0.0,0.0,65.7079971172023,5.068082862047326,False,False,True,False,True,,0,,,False,False,False,False,,,False,False,False,False,-1580.0,-2924.8863787063015,False,False,False,False,10021.654776196363,False,False,False,False
2025-01-15 19:00:00+00:00,53.855,54.12,53.8,54.03,3926.0,,,,,,,,,,,,,,,,,,,,,,,"rgba(38, 166, 154, 1.0)",0.0,0.0,,,,0.0,0.0,0.0,0.0,66.99984966250783,7.272060063797667,False,False,True,False,True,,0,,,False,False,False,False,,,False,False,False,False,2346.0,-2843.1672100441883,False,False,False,False,9927.148500596419,False,False,False,False
2025-01-15 20:00:00+00:00,54.015,54.245,54.01,54.2,14301.0,,,,,,,,,,,,,,,,,,,,,,,"rgba(38, 166, 154, 1.0)",0.0,0.0,,,,0.0,0.0,0.0,0.0,68.52212019041364,9.614974902985985,False,False,True,False,True,,0,,,False,False,False,False,,,False,False,False,False,16647.0,-2540.9940750047435,False,False,False,False,9994.960151749961,False,False,False,False
2025-01-16 15:00:00+00:00,54.05,54.22,53.785,54.22,2745.0,,,,,,,,,,,,,,,,,,,,,,,"rgba(38, 166, 154, 1.0)",0.0,0.0,,,,0.0,0.0,0.0,0.0,69.61805327649074,11.482812851173279,False,False,True,False,True,,0,,,False,False,False,False,,,False,False,False,False,19392.0,-2200.947655237228,False,False,False,False,9882.557668777094,False,False,False,False
2025-01-16 16:00:00+00:00,54.195,54.77,54.16,54.77,2774.0,,,,,,,,,,,,,,,,,,,,,,,"rgba(38, 166, 154, 1.0)",0.0,0.0,,,,0.0,0.0,0.0,0.0,72.31528641683255,14.729751406244134,False,False,True,False,True,,0,,,False,False,False,False,,,False,False,False,False,22166.0,-1823.1655210475033,False,False,False,False,9772.347472361946,False,False,False,False
2025-01-16 17:00:00+00:00,54.735,54.775,54.57,54.68,2138.0,,,,,,,,,,,,,,,,,,,,,,,"rgba(38, 166, 154, 1.0)",0.0,0.0,,,,0.0,0.0,0.0,0.0,73.15246737228262,16.138447131999314,False,False,True,False,True,,0,,,False,False,False,False,,,False,False,False,False,20028.0,-1484.387761031263,False,False,False,False,9653.985496046256,False,False,False,False
2025-01-16 18:00:00+00:00,54.64,54.77,54.55,54.67,4124.0,,,,,,,,,,,,,,,,,,,,,,,"rgba(38, 166, 154, 1.0)",0.0,0.0,,,,0.0,0.0,0.0,0.0,73.59545645436017,17.183467568475734,False,False,True,False,True,,0,,,False,False,False,False,,,False,False,False,False,15904.0,-1214.8003538834914,False,False,False,False,9568.249286805229,False,False,False,False
2025-01-16 19:00:00+00:00,54.67,55.165,54.66,55.055,3608.0,,,,,,,,,,,,,,,,,,,,,,,"rgba(38, 166, 154, 1.0)",0.0,0.0,,,,0.0,0.0,0.0,0.0,75.30804957326787,19.3665809977433,False,False,True,False,True,,0,,,False,False,False,False,,,False,False,False,False,19512.0,-893.454611962817,False,False,False,False,9475.842321118325,False,False,False,False
2025-01-16 20:00:00+00:00,55.09,55.21,54.825,55.04,8560.0,,,,,,,,,,,,,,,,,,,,,,,"rgba(38, 166, 154, 1.0)",0.0,0.0,,,,0.0,0.0,0.0,0.0,76.25950562141541,20.761683182727396,False,False,True,False,True,,0,,,False,False,False,False,,,False,False,False,False,10952.0,-709.8041528626184,False,False,False,False,9461.643215364553,False,False,False,False
2025-01-17 15:00:00+00:00,55.595,55.82,55.45,55.65,3332.0,,,,,,,,,,,,,,,,,,,,,,,"rgba(38, 166, 154, 1.0)",0.0,0.0,,,,0.0,0.0,0.0,0.0,78.70686599621243,23.468153945167614,False,False,True,False,True,,0,,,False,False,False,False,,,False,False,False,False,14284.0,-477.34207297327544,False,False,False,False,9366.609987219364,False,False,False,False
2025-01-17 16:00:00+00:00,55.65,55.9,55.6,55.75,4675.0,,,,,,,,,,,,,,,,,,,,,,,"rgba(38, 166, 154, 1.0)",0.0,0.0,,55.75,,0.0,0.0,0.0,0.0,80.57850314837565,25.528006512247956,False,False,True,False,True,,0,,,False,False,False,False,,,False,False,False,False,18959.0,-176.00343618299206,False,False,False,False,9293.871847882629,False,False,False,False
2025-01-17 17:00:00+00:00,55.74,55.78,55.535,55.69,5297.0,,,,,,,,,,,,,,,,,,,,,,,"rgba(38, 166, 154, 1.0)",0.0,0.0,,55.70661970183179,,0.0,0.0,0.0,0.0,81.01701536503604,26.245145238234386,False,False,True,False,True,,0,,,False,False,False,False,,,False,False,False,False,13662.0,38.539252750077566,False,False,False,False,9231.904842489099,False,False,False,False
2025-01-17 18:00:00+00:00,55.685,55.78,55.61,55.77,5283.0,,,,,,,,,,,,,,,,,,,,,,,"rgba(38, 166, 154, 1.0)",0.0,0.0,,55.71125346880804,,0.0,0.0,0.0,0.0,81.55921376840541,27.102319572307536,False,False,True,False,True,,0,,,False,False,False,False,,,False,False,False,False,18945.0,331.66267518806086,False,False,False,False,9170.681511597793,False,False,False,False
2025-01-17 19:00:00+00:00,55.77,55.79,55.53,55.65,8012.0,,,,,,,,,,,,,,,,,,,,,,,"rgba(38, 166, 154, 1.0)",0.0,0.0,,55.69245648343147,,0.0,0.0,0.0,0.0,80.12182695510668,27.102319572307536,False,False,True,False,True,,0,,,False,False,False,False,,,False,False,False,False,10933.0,496.02449417739325,False,False,False,False,9152.717457154416,False,False,False,False
2025-01-17 20:00:00+00:00,55.65,55.67,55.48,55.54,8998.0,,,,,,,,,,,,,,,,,,,,,,,"rgba(38, 166, 154, 1.0)",0.0,0.0,,55.6564468722558,,0.0,0.0,0.0,0.0,77.53903265735566,27.102319572307536,False,False,True,False,False,,0,,,False,False,False,False,,,False,False,False,False,1935.0,518.3341919420848,False,False,False,False,9150.318736888456,False,False,False,False
2025-01-20 15:00:00+00:00,55.54,55.54,55.54,55.54,0.0,,,,,,,,,,,,,,,,,,,,,,,"rgba(38, 166, 154, 1.0)",0.0,0.0,,55.6564468722558,,0.0,0.0,0.0,0.0,75.81716979218831,29.942626736293136,False,False,True,False,False,,0,,,False,False,False,False,,,False,False,False,False,1935.0,540.2980029197269,False,False,False,False,9008.453330114991,False,False,False,False
2025-01-20 16:00:00+00:00,55.54,55.54,55.54,55.54,0.0,,,,,,,,,,,,,,,,,,,,,,,"rgba(38, 166, 154, 1.0)",0.0,0.0,,55.6564468722558,,0.0,0.0,0.0,0.0,74.66926121541007,28.72295715705343,False,False,True,False,False,,0,,,False,False,False,False,,,False,False,False,False,1935.0,561.9212896961652,False,False,False,False,8868.787387012433,False,False,False,False
2025-01-20 17:00:00+00:00,55.54,55.54,55.54,55.54,0.0,,,,,,,,,,,,,,,,,,,,,,,"rgba(38, 166, 154, 1.0)",0.0,0.0,,55.6564468722558,,0.0,0.0,0.0,0.0,73.90398883089125,27.826137131745412,False,False,True,False,False,,0,,,False,False,False,False,,,False,False,False,False,1935.0,583.2093317163797,False,False,False,False,8731.28680736883,False,False,False,False
2025-01-20 18:00:00+00:00,55.54,55.54,55.54,55.54,0.0,,,,,,,,,,,,,,,,,,,,,,,"rgba(38, 166, 154, 1.0)",0.0,0.0,,55.6564468722558,,0.0,0.0,0.0,0.0,73.39380724121204,27.12589727889487,False,False,True,False,False,,0,,,False,False,False,False,,,False,False,False,False,1935.0,604.1673265734901,False,False,False,False,8595.918019657685,False,False,False,False
2025-01-20 19:00:00+00:00,55.54,55.54,55.54,55.54,0.0,,,,,,,,,,,,,,,,,,,,,,,"rgba(38, 166, 154, 1.0)",0.0,0.0,,55.6564468722558,,0.0,0.0,0.0,0.0,73.0536861814259,26.548867435150385,False,False,True,False,False,,0,,,False,False,False,False,,,False,False,False,False,1935.0,624.8003912777771,False,False,False,False,8462.647972841287,False,False,False,False
2025-01-20 20:00:00+00:00,55.54,55.54,55.54,55.54,0.0,,,,,,,,,,,,,,,,,,,,,,,"rgba(38, 166, 154, 1.0)",0.0,0.0,,55.6564468722558,,0.0,0.0,0.0,0.0,72.82693880823514,26.05336592739637,True,False,True,False,False,,0,,,False,False,False,False,,,False,False,False,False,1935.0,645.1135635060285,False,False,False,False,8331.444128301111,False,False,False,False
2025-01-21 15:00:00+00:00,56.58,56.73,56.41,56.66,3500.0,,,,,,,,,,,,,,,,,,,,,,,"rgba(38, 166, 154, 1.0)",0.0,0.0,,55.748783960109975,,0.0,0.0,0.0,0.0,78.14890677660182,24.69134259149085,True,False,True,False,True,,0,,,False,False,False,False,,,False,False,False,False,5435.0,719.3753687229894,False,False,False,False,8256.538017784815,False,False,False,False
2025-01-21 16:00:00+00:00,56.6,56.95,56.51,56.88,1972.0,,,,,,,,,,,,,,,,,,,,,,,"rgba(38, 166, 154, 1.0)",0.0,0.0,,55.802671604349406,,0.0,0.0,0.0,0.0,82.13056586138794,28.26521061299495,True,False,True,False,True,,0,,,False,False,False,False,,,False,False,False,False,7407.0,823.0594715334856,False,False,False,False,8159.103319834662,False,False,False,False
2025-01-21 17:00:00+00:00,56.86,56.88,56.52,56.685,3009.0,,,,,,,,,,,,,,,,,,,,,,,"rgba(38, 166, 154, 1.0)",0.0,0.0,,55.86856803939855,,0.0,0.0,0.0,0.0,81.66925111105388,28.26521061299495,True,False,True,False,True,,0,,,False,False,False,False,,,False,False,False,False,4398.0,878.484906083354,False,False,False,False,8079.25675673645,False,False,False,False
2025-01-21 18:00:00+00:00,56.685,56.75,56.53,56.705,8746.0,,,,,,,,,,,,,,,,,,,,,,,"rgba(38, 166, 154, 1.0)",0.0,0.0,,56.00872080336216,,0.0,0.0,0.0,0.0,81.43762766077708,28.26521061299495,True,False,True,False,True,,0,,,False,False,False,False,,,False,False,False,False,13144.0,1068.64793079524,False,False,False,False,8089.593861283172,False,False,False,False
2025-01-21 19:00:00+00:00,56.7,56.86,56.65,56.84,3303.0,,,,,,,,,,,,,,,,,,,,,,,"rgba(38, 166, 154, 1.0)",0.0,0.0,,56.05718268775452,,0.0,0.0,0.0,0.0,81.80594952898866,28.26521061299495,True,False,True,False,True,,0,,,False,False,False,False,,,False,False,False,False,16447.0,1307.0719938836858,False,False,False,False,8015.383103743898,False,False,False,False
2025-01-21 20:00:00+00:00,56.83,56.97,56.7,56.81,16068.0,,,,,,,,,,,,,,,,,,,,,,,"rgba(38, 166, 154, 1.0)",0.0,0.0,,56.23672857702975,,0.0,0.0,0.0,0.0,81.49597116361848,28.26521061299495,True,False,True,False,True,,0,,,False,False,False,False,,,False,False,False,False,379.0,1292.6832808002177,False,False,False,False,8140.229877329263,False,False,False,False
2025-01-22 15:00:00+00:00,57.02,57.04,56.865,56.95,1842.0,,,,,,,,,,,,,,,,,,,,,,,"rgba(38, 166, 154, 1.0)",0.0,0.0,,56.255354076797964,,0.0,0.0,0.0,0.0,81.90027355971648,28.529916121413905,True,False,True,False,True,,0,,,False,False,False,False,,,False,False,False,False,2221.0,1307.0757880746328,False,False,False,False,8042.582902486949,False,False,False,False
2025-01-22 16:00:00+00:00,56.9,57.11,56.76,57.08,4788.0,,,,,,,,,,,,,,,,,,,,,,,"rgba(38, 166, 154, 1.0)",0.0,0.0,,56.301524777131654,,0.0,0.0,0.0,0.0,82.69435211534052,29.534837842508466,True,False,True,False,True,20.0,0,,,False,False,False,False,,,False,False,False,False,7009.0,1395.4777138409177,False,False,False,False,7992.124252835989,False,False,False,False
2025-01-22 17:00:00+00:00,57.06,57.17,56.89,56.91,1396.0,,,,,,,,,,,,,,,,,,,,,,,"rgba(38, 166, 154, 1.0)",0.0,0.0,,56.31402476296999,,0.0,0.0,0.0,0.0,79.906441307717,29.534837842508466,True,False,True,False,False,20.0,0,,,False,False,False,False,,,False,False,False,False,5613.0,1460.8656562619888,False,False,False,False,7889.858760543958,False,False,False,False
2025-01-22 18:00:00+00:00,56.9,57.12,56.82,56.995,1620.0,,,,,,,,,,,,,,,,,,,,,,,"rgba(38, 166, 154, 1.0)",0.0,0.0,,56.32773248926875,,0.0,0.0,0.0,0.0,78.58074791794846,31.77440437316079,True,False,True,False,False,20.0,0,,,False,False,False,False,,,False,False,False,False,7233.0,1550.3561112036632,False,False,False,False,7792.6516479773845,False,False,False,False
2025-01-22 19:00:00+00:00,56.975,57.175,56.87,57.165,849.0,,,,,,,,,,,,,,,,,,,,,,,"rgba(38, 166, 154, 1.0)",0.0,0.0,,56.33567353007888,,0.0,0.0,0.0,0.0,78.68313099642506,31.769949132273254,True,False,True,False,False,20.0,0,,,False,False,False,False,,,False,False,False,False,8082.0,1651.6219079291877,False,False,False,False,7684.998134055255,False,False,False,False
2025-01-22 20:00:00+00:00,57.165,57.215,57.005,57.125,6689.0,,,,,,,,,,,,,,,,,,,,,,,"rgba(38, 166, 154, 1.0)",0.0,0.0,,56.396255709089225,,0.0,0.0,0.0,0.0,77.92280129059313,30.893803147197545,True,False,True,False,False,20.0,0,,,False,False,False,False,,,False,False,False,False,1393.0,1647.6122659457894,False,False,False,False,7669.556302519514,False,False,False,False
2025-01-23 15:00:00+00:00,57.565,57.68,57.35,57.65,5107.0,,,,,,,,,,,,,,,,,,,,,,,"rgba(38, 166, 154, 1.0)",0.0,0.0,,56.46145572328148,,0.0,0.0,0.0,0.0,79.91358539242616,30.893803147197545,True,False,True,False,True,20.0,0,,,False,False,False,False,,,False,False,False,False,6500.0,1722.8430835280253,False,False,False,False,7629.826747441692,False,False,False,False
2025-01-23 16:00:00+00:00,57.64,58.01,57.59,57.71,7626.0,,,,,,,,,,,,,,,,,,,,,,,"rgba(38, 166, 154, 1.0)",0.0,0.0,,56.56247777890261,,0.0,0.0,0.0,0.0,81.45133962185858,28.43561694905013,True,False,True,False,True,20.0,0,,,False,False,False,False,,,False,False,False,False,14126.0,1915.140089984955,False,False,False,False,7629.767418023991,False,False,False,False
2025-01-23 17:00:00+00:00,57.71,57.95,57.63,57.86,6884.0,,,,,,,,,,,,,,,,,,,,,,,"rgba(38, 166, 154, 1.0)",0.0,0.0,,56.6439709046285,,0.0,0.0,0.0,0.0,82.98896149027141,29.915398402173423,True,False,True,False,True,20.0,0,,,False,False,False,False,,,False,False,False,False,21010.0,2211.1844296751106,False,False,False,False,7618.205132473232,False,False,False,False
2025-01-23 18:00:00+00:00,57.855,57.92,57.785,57.825,3325.0,,,,,,,,,,,,,,,,,,,,,,,"rgba(38, 166, 154, 1.0)",0.0,0.0,,56.68056065290992,,0.0,0.0,0.0,0.0,83.28484564985533,30.26761880353756,True,False,True,False,True,20.0,0,,,False,False,False,False,,,False,False,False,False,17685.0,2451.0885470444887,False,False,False,False,7551.643812589926,False,False,False,False
2025-01-23 19:00:00+00:00,57.825,57.94,57.69,57.915,5399.0,,,,,,,,,,,,,,,,,,,,,,,"rgba(38, 166, 154, 1.0)",0.0,0.0,,56.735678363697815,,0.0,0.0,0.0,0.0,83.85022310335494,30.93320278027926,True,False,True,False,True,20.0,0,,,False,False,False,False,,,False,False,False,False,23084.0,2770.9786470903105,False,False,False,False,7518.2694899141125,False,False,False,False
2025-01-23 20:00:00+00:00,57.915,58.27,57.9,58.27,10303.0,,,,,,,,,,,,,,,,,,,,,,,"rgba(38, 166, 154, 1.0)",0.0,0.0,,56.852265867892086,,0.0,0.0,0.0,0.0,85.39410052907878,32.50350545122869,True,False,True,False,True,20.0,0,,,False,False,False,False,,,False,False,False,False,33387.0,3245.6456448098406,False,False,False,False,7561.443606349552,False,False,False,False
2025-01-24 15:00:00+00:00,58.81,59.29,58.615,59.21,6120.0,,,,,,,,,,,,,,,,,,,,,,,"rgba(38, 166, 154, 1.0)",0.0,0.0,,56.95454115734404,,0.0,0.0,0.0,0.0,87.9967617466376,34.97843650709001,True,False,True,False,True,20.0,0,,,False,False,False,False,,,False,False,False,False,39507.0,3807.8371852003856,False,False,False,False,7539.095643460412,False,False,False,False
2025-01-24 16:00:00+00:00,59.215,59.69,59.065,59.68,9781.0,,,,,,,,,,,,,,,,,,,,,,,"rgba(38, 166, 154, 1.0)",0.0,0.0,,57.13012164039679,,0.0,0.0,0.0,0.0,90.15636164785374,36.96106212428003,True,False,True,False,True,20.0,0,,,False,False,False,False,,,False,False,False,False,49288.0,4512.955988530612,False,False,False,False,7573.853850538545,False,False,False,False
2025-01-24 17:00:00+00:00,59.7,59.89,59.535,59.72,15710.0,,,,,,,,,,,,,,,,,,,,,,,"rgba(38, 166, 154, 1.0)",0.0,0.0,,57.38992918623347,,0.0,0.0,0.0,0.0,91.62854205443597,38.30057292937026,True,False,True,False,True,20.0,0,,,False,False,False,False,,,False,False,False,False,64998.0,5450.7086088634705,False,False,False,False,7699.995651305389,False,False,False,False
2025-01-24 18:00:00+00:00,59.69,60.1,59.66,59.78,12354.0,,,,,,,,,,,,,,,,,,,,,,,"rgba(38, 166, 154, 1.0)",0.0,0.0,,57.56988444921417,,0.0,0.0,0.0,0.0,92.66223222110294,39.27910429941829,True,False,True,False,True,20.0,0,,,False,False,False,False,,,False,False,False,False,77352.0,6565.457312602021,False,False,False,False,7772.150757486701,False,False,False,False
2025-01-24 19:00:00+00:00,59.765,59.86,59.59,59.805,14073.0,,,,,,,,,,,,,,,,,,,,,,,"rgba(38, 166, 154, 1.0)",0.0,0.0,,57.737915911905965,,0.0,0.0,0.0,0.0,93.37482029041242,40.02045704882809,True,False,True,False,True,20.0,0,,,False,False,False,False,,,False,False,False,False,91425.0,7881.109137212843,False,False,False,False,7869.838342641946,False,False,False,False
2025-01-24 20:00:00+00:00,59.785,60.09,59.72,59.96,29410.0,,,,,,,,,,,,,,,,,,,,,,,"rgba(38, 166, 154, 1.0)",0.0,0.0,,58.040892386595566,,0.0,0.0,0.0,0.0,93.99757820607394,40.733523097851034,True,False,True,False,True,20.0,0,,,False,False,False,False,,,False,False,False,False,120835.0,9632.332251364582,False,False,False,False,8203.794337329668,False,False,False,False
2025-01-27 15:00:00+00:00,58.93,58.935,58.395,58.69,9545.0,,,,,,,,,,,,,,,,,,,,,,,"rgba(239, 83, 80, 1.0)",0.0,0.0,,58.06812325953458,,0.0,0.0,0.0,0.0,80.44636286832034,34.87718010063837,False,False,True,False,False,20.0,0,,,False,False,False,False,,,False,False,False,False,111290.0,11208.420123436448,False,False,False,False,8224.588223572619,False,False,False,False
2025-01-27 16:00:00+00:00,58.65,58.67,58.165,58.5,3453.0,,,,,,,,,,,,,,,,,,,,,,,"rgba(239, 83, 80, 1.0)",0.0,0.0,,58.073903541695344,,0.0,0.0,0.0,0.0,70.18642664541379,26.21273257015065,False,True,True,False,False,20.0,0,,,False,False,False,False,,,False,False,False,False,107837.0,12706.53764090255,False,False,False,False,8150.610111579244,False,False,False,False
2025-01-27 17:00:00+00:00,58.48,58.715,58.355,58.375,4654.0,,,,,,,,,,,,,,,,,,,,,,,"rgba(239, 83, 80, 1.0)",0.0,0.0,,58.08216204435043,,0.0,0.0,0.0,0.0,62.54277110048173,20.113503105870365,False,True,True,False,False,20.0,0,,,False,False,False,False,,,False,False,False,False,103183.0,14109.273491431191,False,False,False,False,8096.399102097395,False,False,False,False
2025-01-27 18:00:00+00:00,58.375,58.4,58.2,58.315,8827.0,,,,,,,,,,,,,,,,,,,,,,,"rgba(239, 83, 80, 1.0)",0.0,0.0,,58.09040530610989,,0.0,0.0,0.0,0.0,57.04462068729289,15.850771145402007,False,True,True,False,False,20.0,0,,,False,False,False,False,,,False,False,False,False,94356.0,15353.408786137685,False,False,False,False,8107.726247801312,False,False,False,False
2025-01-27 19:00:00+00:00,58.315,58.78,58.275,58.375,8405.0,,,,,,,,,,,,,,,,,,,,,,,"rgba(239, 83, 80, 1.0)",0.0,0.0,,58.10354791524134,,0.0,0.0,0.0,0.0,53.88157259677961,13.44244965535679,False,True,False,False,False,20.0,0,,,False,False,False,False,,,False,False,False,False,102761.0,16708.56523906578,False,False,False,False,8112.335143184237,False,False,False,False
2025-01-27 20:00:00+00:00,58.37,59.445,58.355,59.41,40456.0,,,,,,,,,,,,,,,,,,,,,,,"rgba(239, 83, 80, 1.0)",0.0,0.0,,58.23955362536625,,0.0,0.0,0.0,0.0,57.91835487659898,13.44244965535679,False,True,True,False,True,20.0,0,,,False,False,False,False,,,False,False,False,False,143217.0,18669.936320630655,False,False,False,False,8613.787311506961,False,False,False,False
2025-01-28 15:00:00+00:00,59.23,60.65,59.23,60.27,9286.0,,,,,,,,,,,,,,,,,,,,,,,"rgba(38, 166, 154, 1.0)",0.0,0.0,,58.29620385377879,,0.0,0.0,0.0,0.0,63.413357530833025,13.44244965535679,False,True,True,False,True,20.0,0,,,False,False,False,False,,,False,False,False,False,152503.0,20744.86754046584,False,False,False,False,8624.20921365414,False,False,False,False
2025-01-28 16:00:00+00:00,60.27,60.5,60.17,60.29,16682.0,,,,,,,,,,,,,,,,,,,,,,,"rgba(38, 166, 154, 1.0)",0.0,0.0,,58.4039125487456,,0.0,0.0,0.0,0.0,67.13154973528512,6.345789359395553,False,True,True,False,True,20.0,0,,,False,False,False,False,,,False,False,False,False,169185.0,23046.264942939237,False,False,False,False,8749.136202589734,False,False,False,False
2025-01-28 17:00:00+00:00,60.255,60.73,60.18,60.69,10625.0,,,,,,,,,,,,,,,,,,,,,,,"rgba(38, 166, 154, 1.0)",0.0,0.0,2.598756299906993,58.47372757699934,0.8528204137802297,0.0,0.0,0.0,0.0,70.6817082497035,9.8117294375161,False,True,True,False,True,20.0,0,,,False,False,False,False,,,False,False,False,False,179810.0,25476.71044769987,False,False,False,False,8778.219362239504,False,False,False,False
2025-01-28 18:00:00+00:00,60.7,61.2,60.7,61.14,8673.0,,,,,,,,,,,,,,,,,,,,,,,"rgba(38, 166, 154, 1.0)",0.0,0.0,2.650036375748977,58.53992241305904,0.9811478856421755,0.0,0.0,0.0,0.0,74.06971609045726,13.241835847451355,False,True,True,False,True,20.0,0,,,False,False,False,False,,,False,False,False,False,188483.0,28003.939743084364,False,False,False,False,8776.588054297807,False,False,False,False
2025-01-28 19:00:00+00:00,61.145,61.24,60.775,61.16,18791.0,,,,,,,,,,,,,,,,,,,,,,,"rgba(38, 166, 154, 1.0)",0.0,0.0,2.688686426994171,58.674541512106856,0.9244136701622622,0.0,0.0,0.0,0.0,76.37210726082742,15.774046194780894,False,False,True,False,True,20.0,0,,,False,False,False,False,,,False,False,False,False,207274.0,30783.32052226135,False,False,False,False,8931.850255006368,False,False,False,False
2025-01-28 20:00:00+00:00,61.15,61.25,60.915,61.02,23379.0,,,,,,,,,,,,,,,,,,,,,,,"rgba(38, 166, 154, 1.0)",0.0,0.0,2.7261060702596085,58.823398183588274,0.80576535167707,0.0,0.0,0.0,0.0,76.52598309802626,16.48354116415571,False,False,True,False,True,20.0,0,,,False,False,False,False,,,False,False,False,False,183895.0,33157.1450102883,False,False,False,False,9155.837072758208,False,False,False,False
2025-01-29 15:00:00+00:00,61.05,61.41,60.86,60.935,8123.0,,,,,,,,,,,,,,,,,,,,,,,"rgba(38, 166, 154, 1.0)",0.0,0.0,2.7534765444944433,58.871006014198755,0.7495956302690095,0.0,0.0,0.0,0.0,75.76374655492286,16.48354116415571,False,False,True,False,True,20.0,0,,,False,False,False,False,,,False,False,False,False,175772.0,35368.22803338461,False,False,False,False,9139.824094885988,False,False,False,False
2025-01-29 16:00:00+00:00,60.925,61.06,60.78,60.99,7762.0,,,,,,,,,,,,,,,,,,,,,,,"rgba(38, 166, 154, 1.0)",0.0,0.0,2.7792446637352533,58.91216621033776,0.7476253590677667,0.0,0.0,0.0,0.0,75.46159600595462,16.880349122761444,False,False,True,False,True,20.0,0,,,False,False,False,False,,,False,False,False,False,183534.0,37665.371784805,False,False,False,False,9118.462481011788,False,False,False,False
2025-01-29 17:00:00+00:00,60.99,61.49,60.99,61.29,6119.0,,,,,,,,,,,,,,,,,,,,,,,"rgba(38, 166, 154, 1.0)",0.0,0.0,2.7932677721347856,58.94830960053142,0.8383336616807489,0.0,0.0,0.0,0.0,76.33564116939209,18.509519506328672,False,False,True,False,True,20.0,0,,,False,False,False,False,,,False,False,False,False,189653.0,40021.769121474696,False,False,False,False,9071.959186732534,False,False,False,False
2025-01-29 18:00:00+00:00,61.29,61.465,61.03,61.3,3778.0,,,,,,,,,,,,,,,,,,,,,,,"rgba(38, 166, 154, 1.0)",0.0,0.0,2.801999739568247,58.9701526797888,0.8314944813557338,0.0,0.0,0.0,0.0,76.95332463564198,19.861759633359142,False,False,True,False,True,20.0,0,,,False,False,False,False,,,False,False,False,False,193431.0,42400.206809513846,False,False,False,False,8989.882300116526,False,False,False,False
2025-01-29 19:00:00+00:00,61.28,61.41,60.79,61.24,5614.0,,,,,,,,,,,,,,,,,,,,,,,"rgba(38, 166, 154, 1.0)",0.0,0.0,2.784040420515307,59.000225578436215,0.8045049939142838,0.0,0.0,0.0,0.0,76.54896957307619,20.17074792752767,False,False,True,False,True,20.0,0,,,False,False,False,False,,,False,False,False,False,187817.0,44654.730734947734,False,False,False,False,8937.543039649601,False,False,False,False
2025-01-29 20:00:00+00:00,61.245,61.46,61.025,61.36,13836.0,,,,,,,,,,,,,,,,,,,,,,,"rgba(38, 166, 154, 1.0)",0.0,0.0,2.771305913909263,59.07535647047342,0.8243923985655592,0.0,0.0,0.0,0.0,76.81165746968033,21.11883564860328,False,False,True,False,True,20.0,0,,,False,False,False,False,,,False,False,False,False,201653.0,47088.812428979545,False,False,False,False,9013.488108802321,False,False,False,False
2025-01-30 15:00:00+00:00,61.98,62.33,61.69,62.115,5015.0,,,,,,,,,,,,,,,,,,,,,,,"rgba(38, 166, 154, 1.0)",0.0,0.0,2.767338458545346,59.11038491210409,1.0857418176001834,0.0,0.0,0.0,0.0,79.38767192719178,24.103617420868417,True,False,True,False,True,20.0,0,,,False,False,False,False,,,False,False,False,False,206668.0,49562.908360313195,False,False,False,False,8951.496045099959,False,True,False,False
2025-01-30 16:00:00+00:00,62.08,62.355,61.81,62.035,5741.0,,,,,,,,,,,,,,,,,,,,,,,"rgba(38, 166, 154, 1.0)",0.0,0.0,2.7570560696458752,60.608219332425165,0.5175015057847887,0.0,0.0,0.0,0.0,80.07637774558728,25.196425919119676,True,False,True,False,True,20.0,0,,,False,False,False,False,,,False,False,False,False,200927.0,51909.63846325407,False,False,False,False,8901.72091261779,False,False,False,False
2025-01-30 17:00:00+00:00,62.02,62.025,61.47,61.47,5181.0,,,,,,,,,,,,,,,,,,,,,,,"rgba(38, 166, 154, 1.0)",0.0,0.0,2.7357439688434035,60.52546145656536,0.3452583846265277,0.0,0.0,0.0,0.0,74.43135323397182,29.421983723434593,False,False,True,False,False,20.0,0,,,False,False,False,False,,,False,False,False,False,195746.0,54139.65957235091,False,False,False,False,8844.035317073327,False,False,False,False
2025-01-30 18:00:00+00:00,61.52,62.02,61.465,61.78,3702.0,,,,,,,,,,,,,,,,,,,,,,,"rgba(38, 166, 154, 1.0)",0.0,0.0,2.7220402522988403,60.52156981969121,0.462311378109127,0.0,0.0,0.0,0.0,72.1652169438046,27.253670187022493,False,True,True,False,False,20.0,0,,,False,False,False,False,,,False,False,False,False,199448.0,56392.502059601284,False,False,False,False,8764.313839289245,False,False,False,False
2025-01-30 19:00:00+00:00,61.77,61.77,61.19,61.255,5663.0,,,,,,,,,,,,,,,,,,,,,,,"rgba(38, 166, 154, 1.0)",0.0,0.0,2.689423842313369,60.47459575834068,0.29017525217893386,0.0,0.0,0.0,0.0,66.40650514837021,21.9298980038061,False,True,True,False,False,20.0,0,,,False,False,False,False,,,False,False,False,False,193785.0,58522.61830673924,False,False,False,False,8716.231454183984,False,False,False,False
2025-01-30 20:00:00+00:00,61.25,61.315,60.41,60.71,12517.0,,,,,,,,,,,,,,,,,,,,,,,"rgba(38, 166, 154, 1.0)",0.0,0.0,2.64984107631566,60.32293279562228,0.14607185609632872,0.0,0.0,0.0,0.0,59.267336256774215,15.562071638971787,False,True,True,False,False,20.0,0,,,False,False,False,False,,,False,False,False,False,181268.0,60425.64748027817,False,False,False,False,8775.158098305163,False,False,False,False
2025-01-31 15:00:00+00:00,60.73,61.11,60.485,60.79,17077.0,,,,,,,,,,,,,,,,,,,,,,,"rgba(38, 166, 154, 1.0)",0.0,0.0,2.6199664532616107,60.25129272231983,0.20561609749221318,0.0,0.0,0.0,0.0,55.038262320313635,11.997774897996841,False,True,True,False,False,20.0,0,,,False,False,False,False,,,False,False,False,False,198345.0,62563.93201546765,False,False,False,False,8903.868825463222,False,False,False,False
2025-01-31 16:00:00+00:00,60.79,61.19,60.79,61.13,3156.0,,,,,,,,,,,,,,,,,,,,,,,"rgba(38, 166, 154, 1.0)",0.0,0.0,2.5787319532061677,60.25280687877988,0.34016452160896343,0.0,0.0,0.0,0.0,54.38220661773644,11.554401667680843,False,True,True,False,False,20.0,0,,,False,False,False,False,,,False,False,False,False,201501.0,64717.99508499529,False,False,False,False,8814.754580107203,False,False,False,False
2025-01-31 17:00:00+00:00,61.13,61.535,60.975,61.24,1906.0,,,,,,,,,,,,,,,,,,,,,,,"rgba(38, 166, 154, 1.0)",0.0,0.0,2.546119343572042,60.25803880667536,0.3856697431735525,0.0,0.0,0.0,0.0,54.60727175281701,11.554401667680843,False,True,True,False,False,20.0,0,,,False,False,False,False,,,False,False,False,False,203407.0,66868.21221546047,False,False,False,False,8707.642105997013,False,False,False,False
2025-01-31 18:00:00+00:00,61.23,61.33,60.2,60.24,5890.0,,,,,,,,,,,,,,,,,,,,,,,"rgba(239, 83, 80, 1.0)",0.0,0.0,2.5201049742185537,60.23749846580238,0.0009926309511752347,0.0,0.0,0.0,0.0,49.2110962633059,6.430797850215548,False,True,False,True,False,16.828032474589467,0,,,False,False,False,False,,,False,False,False,False,197517.0,68893.77481677115,False,False,False,False,8663.957732260626,False,False,False,False
2025-01-31 19:00:00+00:00,60.24,60.31,59.745,60.12,15701.0,,,,,,,,,,,,,,,,,,,,,,,"rgba(239, 83, 80, 1.0)",0.0,0.0,2.4841172177156556,60.14013924291105,-0.00810720314139181,0.0,0.0,0.0,0.0,45.11165960804669,2.5650102646588735,False,True,False,True,False,15.889850031773268,0,,,False,False,False,False,,,False,False,False,False,181816.0,70644.50699015454,False,False,False,False,8773.059162768212,False,False,False,False
2025-01-31 20:00:00+00:00,60.13,60.13,59.61,59.93,18384.0,,,,,,,,,,,,,,,,,,,,,,,"rgba(239, 83, 80, 1.0)",0.0,0.0,2.440311128812354,60.051552107016406,-0.04981008592767537,0.0,0.0,0.0,0.0,41.57565897483667,-0.7659889268850151,False,True,False,True,False,14.413927800310912,0,,,False,False,False,False,,,False,False,False,False,163432.0,72083.0727732529,False,False,False,False,8922.065997453976,False,False,False,False
2025-02-03 15:00:00+00:00,57.37,58.54,57.145,58.54,10468.0,,,,,,,,,,,,,,,,,,,,,,,"rgba(239, 83, 80, 1.0)",0.0,0.0,2.3879677740895313,59.29699441183669,-0.31700361288389467,0.0,0.0,0.0,0.0,35.199269242932345,-6.6798728468637165,False,True,False,True,False,4.746819528395346,0,,,False,False,False,False,,,False,False,False,False,152964.0,73337.04063723348,False,False,False,False,8946.033966485697,False,False,False,False
2025-02-03 16:00:00+00:00,58.54,58.585,58.05,58.21,899.0,,,,,,,,,,,,,,,,,,,,,,,"rgba(239, 83, 80, 1.0)",0.0,0.0,2.3369791311561774,59.295737542035795,-0.4645901743669595,0.0,0.0,0.0,0.0,30.309628148358684,-11.10938042875577,False,True,False,True,False,2.711421604052351,0,,,False,False,False,False,,,False,False,False,False,152065.0,74557.62915448568,False,False,False,False,8821.273749951035,False,False,False,False
2025-02-03 17:00:00+00:00,58.26,58.36,57.845,58.13,2114.0,,,,,,,,,,,,,,,,,,,,,,,"rgba(239, 83, 80, 1.0)",0.0,0.0,2.2877934370940998,59.280109028576256,-0.5027154156177202,0.0,0.0,0.0,0.0,26.894167570200764,-14.232049157897087,False,True,False,True,False,2.223851146575555,0,,,False,False,False,False,,,False,False,False,False,149951.0,75726.51862495876,False,False,False,False,8717.285009641717,False,False,False,False
2025-02-03 18:00:00+00:00,58.13,58.68,57.86,58.315,1917.0,,,,,,,,,,,,,,,,,,,,,,,"rgba(239, 83, 80, 1.0)",0.0,0.0,2.2366043217100153,59.2745979841416,-0.42904235444199335,0.0,0.0,0.0,0.0,26.10620815931773,-15.108777175197275,False,True,False,True,False,3.2855825674535915,0,,,False,False,False,False,,,False,False,False,False,151868.0,76907.00670829273,False,False,False,False,8611.854234298433,False,False,False,False
2025-02-03 19:00:00+00:00,58.33,58.68,58.33,58.61,5222.0,,,,,,,,,,,,,,,,,,,,,,,"rgba(239, 83, 80, 1.0)",0.0,0.0,2.196264882119745,59.28040691854084,-0.30524866285426927,0.0,0.0,0.0,0.0,27.873021125454073,-15.108777175197275,False,True,False,True,False,4.948487152556037,0,,,False,False,False,False,,,False,False,False,False,157090.0,78150.15389110989,False,False,False,False,8559.298354696908,False,False,False,False
2025-02-03 20:00:00+00:00,58.6,58.68,58.19,58.285,8918.0,,,,,,,,,,,,,,,,,,,,,,,"rgba(239, 83, 80, 1.0)",0.0,0.0,2.151894566475145,59.24646417395089,-0.44679892264693777,0.0,0.0,0.0,0.0,27.98863088816003,-15.108777175197275,False,True,False,True,False,2.917390799810427,0,,,False,False,False,False,,,False,False,False,False,148172.0,79235.76390830199,False,False,False,False,8564.85962051556,False,False,False,False
2025-02-04 15:00:00+00:00,58.65,58.775,58.085,58.18,13048.0,,,,,,,,,,,,,,,,,,,,,,,"rgba(239, 83, 80, 1.0)",0.0,0.0,2.1054336032413103,59.189998679046944,-0.4797105344438569,0.0,0.0,0.0,0.0,27.731126987500943,-15.108777175197275,False,True,False,True,False,2.2702297924088484,0,,,False,False,False,False,,,False,False,False,False,135124.0,80102.24818879343,False,False,False,False,8634.365672910668,False,False,False,False
2025-02-04 16:00:00+00:00,58.25,58.41,57.805,57.91,14201.0,,,,,,,,,,,,,,,,,,,,,,,"rgba(239, 83, 80, 1.0)",0.0,0.0,2.067153836070749,59.098584472484326,-0.5749859791487961,0.0,0.0,0.0,0.0,26.71308644304241,-16.39920368373634,False,True,False,True,False,0.6221607074407238,0,,,False,False,False,False,,,False,False,False,False,120923.0,80735.12806183538,False,False,False,False,8720.670081082595,False,False,False,False
2025-02-04 17:00:00+00:00,57.9,57.92,57.195,57.53,23014.0,,,,,,,,,,,,,,,,,,,,,,,"rgba(239, 83, 80, 1.0)",0.0,0.0,2.02931770142907,58.912737487913425,-0.6813804890873831,0.0,0.0,0.0,0.0,24.975712058462896,-18.611706668803194,False,True,False,True,False,0.0,0,,,False,False,False,False,,,False,False,False,False,97909.0,81001.38964227203,False,False,False,False,8942.272095329376,False,False,False,False
2025-02-04 18:00:00+00:00,57.55,57.69,57.495,57.495,6131.0,,,,,,,,,,,,,,,,,,,,,,,"rgba(239, 83, 80, 1.0)",0.0,0.0,2.004040906507396,58.87410330585801,-0.688161255281702,0.0,0.0,0.0,0.0,23.723140277015993,-20.29960682732666,False,True,False,True,False,0.0,0,,,False,False,False,False,,,False,False,False,False,91778.0,81168.46887262439,False,False,False,False,8898.6864814483,False,False,False,False
2025-02-04 19:00:00+00:00,57.495,58.16,57.405,57.415,6907.0,,,,,,,,,,,,,,,,,,,,,,,"rgba(239, 83, 80, 1.0)",0.0,0.0,1.9808010891947194,58.83828325572671,-0.7185392129935341,0.0,0.0,0.0,0.0,22.65657654583427,-21.777214462545505,False,True,False,True,False,0.0,0,,,False,False,False,False,,,False,False,False,False,84871.0,81225.87245599455,False,False,False,False,8867.807621270807,False,False,False,False
2025-02-04 20:00:00+00:00,57.4,57.54,57.18,57.28,28904.0,,,,,,,,,,,,,,,,,,,,,,,"rgba(239, 83, 80, 1.0)",0.0,0.0,1.9570424275071545,58.669786587455114,-0.7101463759400445,0.0,0.0,0.0,0.0,21.54527611416549,-23.263101309295976,False,True,False,True,False,0.0,0,,,False,False,False,False,,,False,False,False,False,55967.0,80834.26203032023,False,False,False,False,9178.446262801492,False,False,False,False
2025-02-05 15:00:00+00:00,56.58,57.38,56.38,57.11,11175.0,,,,,,,,,,,,,,,,,,,,,,,"rgba(239, 83, 80, 1.0)",0.0,0.0,1.9361896545479247,58.188024187717716,-0.5567761325371924,0.0,0.0,0.0,0.0,20.311414737766633,-24.82097675676877,False,True,False,True,False,0.0,0,,,False,False,False,False,,,False,False,False,False,44792.0,80275.46727016022,False,False,False,False,9209.400584308445,False,False,False,False
2025-02-05 16:00:00+00:00,57.11,57.37,56.92,57.32,6787.0,,,,,,,,,,,,,,,,,,,,,,,"rgba(239, 83, 80, 1.0)",0.0,0.0,1.9101774315020723,58.18704439301598,-0.45390777773674057,0.0,0.0,0.0,0.0,22.121763706467288,-24.82097675676877,False,True,False,True,False,0.0,0,,,False,False,False,False,,,False,False,False,False,51579.0,79830.56080085541,False,False,False,False,9171.843986102112,False,False,False,False
2025-02-05 17:00:00+00:00,57.33,57.35,56.92,57.13,7919.0,,,,,,,,,,,,,,,,,,,,,,,"rgba(239, 83, 80, 1.0)",0.0,0.0,1.8831193021968473,58.165184944586144,-0.5497181954316409,0.0,0.0,0.0,0.0,22.56379375818715,-24.82097675676877,False,True,False,True,True,0.0,0,,,False,False,False,False,,,False,False,False,False,43660.0,79269.77691247006,False,False,False,False,9152.420048333088,False,False,False,False
2025-02-05 18:00:00+00:00,57.13,57.4,57.13,57.38,6462.0,,,,,,,,,,,,,,,,,,,,,,,"rgba(239, 83, 80, 1.0)",0.0,0.0,1.8526844220124492,58.158207303906686,-0.42004309782092714,0.0,0.0,0.0,0.0,25.832936794341567,-28.501685716680527,False,True,False,True,True,0.0,0,,,False,False,False,False,,,False,False,False,False,50122.0,78817.87339444726,False,False,False,False,9110.708109599242,False,False,False,False
2025-02-05 19:00:00+00:00,57.39,57.53,57.305,57.34,4223.0,,,,,,,,,,,,,,,,,,,,,,,"rgba(239, 83, 80, 1.0)",0.0,0.0,1.8218284845251111,58.15562102493143,-0.44769363958211955,0.0,0.0,0.0,0.0,27.79061539136613,-26.54794326851205,False,True,False,True,True,0.0,0,,,False,False,False,False,,,False,False,False,False,45899.0,78307.50326430079,False,False,False,False,9034.929689295377,False,False,False,False
2025-02-05 20:00:00+00:00,57.34,57.79,57.34,57.715,15796.0,,,,,,,,,,,,,,,,,,,,,,,"rgba(239, 83, 80, 1.0)",0.0,0.0,1.7864830616968546,58.163981498362205,-0.2513214415454604,0.0,0.0,0.0,0.0,33.15092756047963,-21.55263910518267,False,True,False,True,True,0.0,0,,,False,False,False,False,,,False,False,False,False,61695.0,78049.94507415658,False,False,False,False,9139.752484810178,False,False,False,False
2025-02-06 15:00:00+00:00,57.93,58.55,57.93,58.22,11733.0,,,,,,,,,,,,,,,,,,,,,,,"rgba(239, 83, 80, 1.0)",0.0,0.0,1.7465157076640212,58.207776659875094,0.00699870036740385,0.0,0.0,0.0,0.0,40.700625776037654,-14.803373168255796,False,True,False,True,True,2.997508717368973,0,,,False,False,False,False,,,False,False,False,False,73428.0,77978.28701099136,False,False,False,False,9179.957872642577,False,False,False,False
2025-02-06 16:00:00+00:00,58.265,58.49,57.965,57.965,5813.0,,,,,,,,,,,,,,,,,,,,,,,"rgba(239, 83, 80, 1.0)",0.0,0.0,1.7064469039604127,58.22059311074444,-0.14978087519233155,0.0,0.0,0.0,0.0,43.73013277498191,-12.368933569758155,False,False,False,True,True,1.384660490189237,0,,,False,False,False,False,,,False,False,False,False,67615.0,77817.61589454187,False,False,False,False,9127.756975392304,False,False,False,False
2025-02-06 17:00:00+00:00,57.94,58.465,57.94,58.46,3238.0,,,,,,,,,,,,,,,,,,,,,,,"rgba(239, 83, 80, 1.0)",0.0,0.0,1.6619517100344794,58.22957982915448,0.1386443236914141,0.0,0.0,0.0,0.0,48.93725897986816,-7.819400467856767,False,False,False,False,True,4.2812457378445465,0,,,False,False,False,False,,,False,False,False,False,70853.0,77709.63735354123,False,False,False,False,9036.442913758314,False,False,False,False
2025-02-06 18:00:00+00:00,58.475,58.575,57.81,57.885,5723.0,,,,,,,,,,,,,,,,,,,,,,,"rgba(239, 83, 80, 1.0)",0.0,0.0,1.645391700127022,58.23727998744427,-0.2141009872707357,0.0,0.0,0.0,0.0,48.466154636357416,-7.819400467856767,False,False,False,False,True,0.7483739264524552,0,,,False,False,False,False,,,False,False,False,False,65130.0,77514.60421627702,False,False,False,False,8985.071705793067,False,False,False,False
2025-02-06 19:00:00+00:00,57.86,57.91,57.42,57.6,4276.0,,,,,,,,,,,,,,,,,,,,,,,"rgba(239, 83, 80, 1.0)",0.0,0.0,1.6353097428178556,58.23183079294457,-0.38636765647579474,0.0,0.0,0.0,0.0,46.567836590522695,-7.819400467856767,False,False,False,True,False,0.0,0,,,False,False,False,False,,,False,False,False,False,60854.0,77256.30027493939,False,False,False,False,8912.06284213736,False,False,False,False
2025-02-06 20:00:00+00:00,57.595,57.965,57.44,57.835,17197.0,,,,,,,,,,,,,,,,,,,,,,,"rgba(239, 83, 80, 1.0)",0.0,0.0,1.619148711375702,58.21920564568984,-0.23728867088644415,0.0,0.0,0.0,0.0,46.92175859282087,-7.819400467856767,False,False,False,True,False,0.4611331884968699,0,,,False,False,False,False,,,False,False,False,False,78051.0,77268.62120090933,False,False,False,False,9040.511480243758,False,False,False,False
2025-02-07 15:00:00+00:00,57.81,58.43,57.81,58.13,7780.0,,,,,,,,,,,,,,,,,,,,,,,"rgba(239, 83, 80, 1.0)",0.0,0.0,1.6005857401938077,58.226538728479426,-0.06031462486210442,0.0,0.0,0.0,0.0,49.02655671423757,-7.544980162186029,False,False,False,False,False,2.1599405817708863,0,,,False,False,False,False,,,False,False,False,False,85831.0,77401.37125980997,False,False,False,False,9020.968666596567,False,False,False,False
2025-02-07 16:00:00+00:00,58.13,58.63,57.98,58.01,11746.0,,,,,,,,,,,,,,,,,,,,,,,"rgba(239, 83, 80, 1.0)",0.0,0.0,1.5850843129875862,58.232876403646074,-0.1406085479617143,0.0,0.0,0.0,0.0,49.60098357630384,-6.63640230671399,False,False,False,False,False,1.4368424341330304,0,,,False,False,False,False,,,False,False,False,False,74085.0,77349.95465113074,False,False,False,False,9063.217214401271,False,False,False,False
2025-02-07 17:00:00+00:00,57.995,58.33,57.985,58.23,13878.0,,,,,,,,,,,,,,,,,,,,,,,"rgba(239, 83, 80, 1.0)",0.0,0.0,1.5670166956112417,58.23863339882572,-0.005509449165348384,0.0,0.0,0.0,0.0,51.426349904119455,-4.530220540579528,True,False,True,False,True,2.7042993187489337,0,,,False,False,False,False,,,False,False,False,False,87963.0,77514.49798987289,False,False,False,False,9137.865009526831,False,False,False,False
2025-02-07 18:00:00+00:00,58.245,58.505,58.17,58.17,7689.0,,,,,,,,,,,,,,,,,,,,,,,"rgba(239, 83, 80, 1.0)",0.0,0.0,1.5515637999209948,58.24882721937788,-0.05080501322723044,0.0,0.0,0.0,0.0,52.16133297132701,-3.4507510817807017,True,False,True,False,True,2.333496545914791,0,,,False,False,False,False,,,False,False,False,False,80274.0,77557.28096677408,False,False,False,False,9115.401986123316,False,False,False,False
2025-02-07 19:00:00+00:00,58.135,58.32,57.94,58.26,15190.0,,,,,,,,,,,,,,,,,,,,,,,"rgba(239, 83, 80, 1.0)",0.0,0.0,1.5374449583643808,58.25191199759273,0.0052606776998861005,0.0,0.0,0.0,0.0,53.30694693359419,-1.9747438629975278,True,False,True,False,True,2.860406976372836,0,,,False,False,False,False,,,False,False,False,False,95464.0,77834.90451767681,False,False,False,False,9209.581800291946,False,False,False,False
2025-02-07 20:00:00+00:00,58.265,58.33,57.87,57.95,25940.0,,,,,,,,,,,,,,,,,,,,,,,"rgba(239, 83, 80, 1.0)",0.0,0.0,1.5225427019559525,58.23997246074871,-0.19045276061958114,0.0,0.0,0.0,0.0,51.454484309100565,-1.9747438629975278,True,False,False,False,True,0.9253991551027845,1,,,False,False,False,False,,,False,False,False,False,69524.0,77706.0532848446,False,False,False,False,9468.968128969589,False,False,False,False
2025-02-10 15:00:00+00:00,57.915,58.11,57.44,57.72,10930.0,,,,,,,,,,,,,,,,,,,,,,,"rgba(239, 83, 80, 1.0)",0.0,0.0,1.5115211358575829,58.221308934234195,-0.3316585672153178,0.0,0.0,0.0,0.0,48.54177160661215,-1.9747438629975278,True,False,False,True,False,0.0,1,,,False,False,False,False,,,False,False,False,False,58594.0,77409.7423812036,False,False,False,False,9491.61978588479,False,False,False,False
2025-02-10 16:00:00+00:00,57.71,57.77,57.2,57.37,6924.0,,,,,,,,,,,,,,,,,,,,,,,"rgba(239, 83, 80, 1.0)",0.0,0.0,1.508213399243526,58.20128443570445,-0.5511716287107653,0.0,0.0,0.0,0.0,44.42329555743223,-0.4223761143877738,False,False,False,True,False,0.0,1,,,False,False,False,False,0.045115087269119974,0.045115087269119974,False,False,False,False,51670.0,77010.67660785161,False,False,False,False,9451.8117271889,False,False,False,False
2025-02-10 17:00:00+00:00,57.39,57.655,57.36,57.56,5944.0,,,,,,,,,,,,,,,,,,,,,,,"rgba(239, 83, 80, 1.0)",0.0,0.0,1.501447358774601,58.18753411305448,-0.41795279027740223,0.0,0.0,0.0,0.0,43.493941743120104,-1.3545095818753339,False,False,False,True,False,0.0,1,1.032839817294062,0.9333753346983774,False,False,False,False,0.04651238236007616,0.045813734814598064,False,False,False,False,57614.0,76709.95293951283,False,False,False,False,9397.427049247988,False,False,False,False
2025-02-10 18:00:00+00:00,57.58,57.86,57.575,57.845,2436.0,,,,,,,,,,,,,,,,,,,,,,,"rgba(239, 83, 80, 1.0)",0.0,0.0,1.4991090807663363,58.184621210340275,-0.22654869795509713,0.0,0.0,0.0,0.0,45.32460332272115,-1.3545095818753339,True,False,False,True,False,0.3624328566901447,1,1.0421243973761163,0.9219947838457281,False,False,False,False,0.05956329354296907,0.05268851417878356,False,False,False,False,60050.0,76451.65909548938,False,False,False,False,9289.49794770926,False,False,False,False
2025-02-10 19:00:00+00:00,57.835,57.865,57.66,57.71,5303.0,,,,,,,,,,,,,,,,,,,,,,,"rgba(239, 83, 80, 1.0)",0.0,0.0,1.4991090807663363,58.17821204525855,-0.3123268688487959,0.0,0.0,0.0,0.0,45.518074228420616,-1.3545095818753339,True,False,False,True,False,0.0,1,1.044241461477363,0.9208895949166002,False,False,False,False,0.06236240480157162,0.057525459490177594,False,False,False,False,54747.0,76115.15275292365,False,False,False,False,9227.691777977334,False,False,False,False
2025-02-10 20:00:00+00:00,57.715,57.92,57.58,57.59,15240.0,,,,,,,,,,,,,,,,,,,,,,,"rgba(239, 83, 80, 1.0)",0.0,0.0,1.5023991564245764,58.15878741628169,-0.37858608602742594,0.0,0.0,0.0,0.0,44.741620896294265,-1.3545095818753339,True,False,False,True,False,0.0,1,1.039853921879962,0.9198158145442994,False,False,False,False,0.06158477786157392,0.059555118675875755,False,False,False,False,39507.0,75547.58449318839,False,False,False,False,9320.905858938926,False,False,False,False
2025-02-11 15:00:00+00:00,56.29,56.295,55.71,55.99,13103.0,,,,,,,,,,,,,,,,,,,,,,,"rgba(239, 83, 80, 1.0)",0.0,0.0,1.537584319814882,58.06565088745045,-1.349942803592293,0.0,0.0,0.0,0.0,37.454556544196194,-7.485948121959922,False,False,False,True,False,0.0,0,1.031305695466873,0.9256102285935679,False,False,False,False,-0.04682292304819898,0.006366097813838387,False,False,False,False,26404.0,74785.6684545343,False,False,False,False,9379.54297740499,False,False,False,False
2025-02-11 16:00:00+00:00,56.01,56.1,55.375,55.545,22734.0,,,,,,,,,,,,,,,,,,,,,,,"rgba(239, 83, 80, 1.0)",0.0,0.0,1.5848933718077223,57.904785145124734,-1.4889236002250246,0.0,0.0,0.0,0.0,31.61831617938237,-12.696032522401865,False,True,False,True,False,0.0,0,1.0330283764924795,0.9282834547991934,False,False,False,False,-0.06329566287259969,-0.02846478252938065,False,False,False,False,3670.0,73683.09995136323,False,False,False,False,9586.588822716541,False,False,False,False
2025-02-11 17:00:00+00:00,55.55,56.08,55.44,55.445,20121.0,,,,,,,,,,,,,,,,,,,,,,,"rgba(239, 83, 80, 1.0)",0.0,0.0,1.6357228944376356,57.78379833522623,-1.429825518233828,0.0,0.0,0.0,0.0,27.5186804960128,-16.212390872165095,False,True,False,True,False,0.0,0,1.0332412098879162,0.9180869031168429,False,False,False,False,-0.061895825879673634,-0.04518030420452714,False,False,False,False,-16451.0,72285.67204514054,False,False,False,False,9749.91302701551,False,False,False,False
2025-02-11 18:00:00+00:00,55.445,55.77,55.31,55.77,11865.0,,,,,,,,,,,,,,,,,,,,,,,"rgba(239, 83, 80, 1.0)",0.0,0.0,1.6769737812688394,57.718870511647516,-1.1621353496492652,0.0,0.0,0.0,0.0,27.555674391588337,-16.212390872165095,False,True,False,True,False,0.0,0,1.0465836106167297,0.9222316799504754,False,False,False,False,-0.07559437314582952,-0.06038733867517833,False,False,False,False,-4586.0,71093.86317622363,False,False,False,False,9782.705073108293,False,False,False,False
2025-02-11 19:00:00+00:00,55.755,55.92,55.68,55.75,14802.0,,,,,,,,,,,,,,,,,,,,,,,"rgba(239, 83, 80, 1.0)",0.0,0.0,1.714421258691193,57.65118099025633,-1.1089345635551147,0.0,0.0,0.0,0.0,27.515127208631373,-16.260663006055346,False,True,False,True,False,0.0,0,1.0503334884442375,0.9126725608810297,False,False,False,False,-0.06451982151733714,-0.06245358009625773,False,False,False,False,-19388.0,69691.04359209613,False,False,False,False,9860.523599106613,False,False,False,False
2025-02-11 20:00:00+00:00,55.75,55.88,55.55,55.67,40483.0,,,,,,,,,,,,,,,,,,,,,,,"rgba(239, 83, 80, 1.0)",0.0,0.0,1.7511376945361161,57.485170924532255,-1.0365666447566821,0.0,0.0,0.0,0.0,27.205726260416903,-16.8975057448139,False,True,False,True,False,0.0,0,1.0446594427244582,0.9141640866873063,False,False,False,False,-0.07083815945485583,-0.06664586977555678,False,False,False,False,-59871.0,67682.3297379551,False,False,False,False,10335.290675089456,False,False,False,False
2025-02-12 15:00:00+00:00,54.755,55.39,54.49,55.09,21926.0,,,,,,,,,,,,,,,,,,,,,,,"rgba(239, 83, 80, 1.0)",0.0,0.0,1.7998346570707062,56.97686483272141,-1.048354539295485,0.0,0.0,0.0,0.0,25.216526599813086,-19.133218905096307,False,True,False,True,False,0.0,0,1.0299158377964803,0.9205049732211169,False,False,False,False,-0.12523599877273756,-0.09594093427414717,False,False,False,False,-81797.0,65364.82074976974,False,False,False,False,10514.991594855512,False,False,False,False
2025-02-12 16:00:00+00:00,55.09,55.11,54.49,54.7,11667.0,,,,,,,,,,,,,,,,,,,,,,,"rgba(239, 83, 80, 1.0)",0.0,0.0,1.8557472766934036,56.60720657177602,-1.0277296891278767,0.0,0.0,0.0,0.0,22.95531255307976,-21.55209036675423,False,True,False,True,False,0.0,0,1.0283184489733606,0.9270284711090754,False,False,False,False,-0.16095552066876143,-0.1284482274714543,False,False,False,False,-93464.0,62902.358412564005,True,False,False,False,10532.852190284108,True,False,False,False
2025-02-12 17:00:00+00:00,54.76,55.38,54.75,55.21,8426.0,,,,,,,,,,,,,,,,,,,,,,,"rgba(239, 83, 80, 1.0)",0.0,0.0,1.8928437374528406,56.60863103730616,-0.7389046489322293,0.0,0.0,0.0,0.0,25.8715431506556,-21.55209036675423,False,True,False,True,True,0.0,0,1.024408848207475,0.9276887871853544,False,False,False,False,-0.14272601927978049,-0.1355871233756174,False,False,False,False,-85038.0,60608.70944492736,False,False,False,False,10500.187815240943,False,False,False,False
2025-02-12 18:00:00+00:00,55.23,55.52,54.97,55.43,5317.0,,,,,,,,,,,,,,,,,,,,,,,"rgba(239, 83, 80, 1.0)",0.0,0.0,1.9286907219409029,56.61228423069638,-0.6129983502521399,0.0,0.0,0.0,0.0,29.481665600345487,-26.1058693311816,False,True,False,True,True,0.0,0,1.03046458492003,0.9242955064737239,False,False,False,False,-0.13255139494872453,-0.13406925916217097,False,False,False,False,-79721.0,58433.05503492848,False,False,False,False,10419.828314229455,False,False,False,False
2025-02-12 19:00:00+00:00,55.42,55.42,54.99,55.1,8831.0,,,,,,,,,,,,,,,,,,,,,,,"rgba(239, 83, 80, 1.0)",0.0,0.0,1.9704145011408951,56.5987097543899,-0.7606063361399988,0.0,0.0,0.0,0.0,30.543686324140126,-25.00585771153694,False,True,False,True,True,0.0,0,1.0292104062072114,0.9257568842233378,False,False,False,False,-0.15727440291838354,-0.14567183104027726,False,False,False,False,-88552.0,56154.216972371454,False,False,False,False,10395.195317109617,False,False,False,False
2025-02-12 20:00:00+00:00,55.085,55.15,54.735,55.12,35898.0,,,,,,,,,,,,,,,,,,,,,,,"rgba(239, 83, 80, 1.0)",0.0,0.0,2.009725396956307,56.49771479045595,-0.6855238992065674,0.0,0.0,0.0,0.0,31.41865338224979,-23.972091424467145,False,True,False,True,True,0.0,0,1.0204315011054355,0.93794312723946,False,False,False,False,-0.17676337185699303,-0.16121760144863514,False,False,False,False,-52654.0,54467.267872024604,False,False,False,False,10790.587637774584,False,False,False,False
2025-02-13 15:00:00+00:00,56.36,57.64,56.36,57.475,13975.0,,,,,,,,,,,,,,,,,,,,,,,"rgba(38, 166, 154, 1.0)",0.0,0.0,2.0131325216064546,56.5940166615198,0.4376181543066948,0.0,0.0,0.0,0.0,43.05854350905761,-13.178929011536951,True,False,False,True,True,1.0030987447848183,0,1.0253089617405458,0.9205209797972321,False,False,False,False,-0.029445960558874794,-0.09533178100375497,False,False,False,False,-38679.0,53023.139687962204,False,False,False,False,10839.958372072651,False,False,False,False
2025-02-13 16:00:00+00:00,57.485,57.485,56.73,56.82,7014.0,,,,,,,,,,,,,,,,,,,,,,,"rgba(38, 166, 154, 1.0)",0.0,0.0,2.022352015766713,56.628309061299156,0.09478613871688939,0.0,0.0,0.0,0.0,47.84602600914224,-9.162601597518673,True,False,False,False,True,0.0,0,1.0318598462448256,0.9238616203429922,False,False,False,False,-0.06474174898285034,-0.08003676499330266,False,False,False,False,-45693.0,51492.656902102324,False,False,False,False,10780.64118800951,False,False,False,False
2025-02-13 17:00:00+00:00,56.81,57.005,56.8,56.84,2872.0,,,,,,,,,,,,,,,,,,,,,,,"rgba(38, 166, 154, 1.0)",0.0,0.0,2.0280157346085432,56.63951870987085,0.09885588494600718,0.0,0.0,0.0,0.0,51.10291669475012,-6.444594131287616,True,False,True,False,True,0.0,0,1.025047294740825,0.9434733257661748,False,False,False,False,-0.08109074127955004,-0.08056375313642636,False,False,False,False,-42821.0,50030.42966331004,False,False,False,False,10658.026595947347,False,False,False,False
2025-02-13 18:00:00+00:00,56.85,57.235,56.745,57.235,7457.0,,,,,,,,,,,,,,,,,,,,,,,"rgba(38, 166, 154, 1.0)",0.0,0.0,2.0212376348605283,56.67128964903223,0.27889365468235255,0.0,0.0,0.0,0.0,54.5832788256389,-3.355253040847373,True,False,True,False,True,0.0,0,1.027174324426614,0.9322534251759897,False,False,False,False,-0.07410772691857326,-0.07733574002749981,False,False,False,False,-35364.0,48706.485017367246,False,False,False,False,10608.398276630334,False,False,False,False
2025-02-13 19:00:00+00:00,57.22,57.47,57.22,57.365,9344.0,,,,,,,,,,,,,,,,,,,,,,,"rgba(38, 166, 154, 1.0)",0.0,0.0,2.012431354097565,56.715122321117164,0.3229316009013698,0.0,0.0,0.0,0.0,57.32871848092291,-0.8170695423193735,True,False,True,False,True,0.5454439764317414,0,1.036130889259203,0.9236479321314953,False,False,False,False,-0.047777187053618095,-0.06255646354055895,False,False,False,False,-26020.0,47547.93486205923,False,False,False,False,10588.795202574049,False,False,False,False
2025-02-13 20:00:00+00:00,57.36,57.61,57.28,57.57,20168.0,,,,,,,,,,,,,,,,,,,,,,,"rgba(38, 166, 154, 1.0)",0.0,0.0,1.9957664810410178,56.80014521540864,0.38574391939371244,0.0,0.0,0.0,0.0,59.84777803793513,1.6432716395974722,True,False,True,False,True,1.526555408716959,0,1.0353634577603141,0.9214145383104125,False,False,False,False,-0.046857906165056175,-0.05470718485280757,False,False,False,False,-5852.0,46720.02889520559,False,False,False,False,10737.310005634916,False,False,False,False
2025-02-14 15:00:00+00:00,59.38,59.75,59.34,59.54,16278.0,,,,,,,,,,,,,,,,,,,,,,,"rgba(38, 166, 154, 1.0)",0.0,0.0,1.9736120154142218,56.95399867269333,1.3102886013611537,0.0,0.0,0.0,0.0,65.92015905239572,7.399015048484458,True,False,True,False,True,9.93405901743105,0,1.0374834631780094,0.9203292665000734,False,False,False,False,0.12335078165027008,0.03432179839873126,False,False,False,False,10426.0,46157.3307727993,False,False,False,False,10823.212176090188,False,False,False,False
2025-02-14 16:00:00+00:00,59.56,59.75,59.22,59.4,16438.0,,,,,,,,,,,,,,,,,,,,,,,"rgba(38, 166, 154, 1.0)",0.0,0.0,1.9494100447372584,57.08247380689649,1.188834642234475,0.0,0.0,0.0,0.0,69.21034065809513,10.498376186203288,True,False,True,False,True,9.235078006320752,0,1.0324917672886937,0.9225027442371022,False,False,False,False,0.11837783795501057,0.07634981817687092,False,False,False,False,-6012.0,45348.50393911249,False,False,False,False,10910.263150104292,False,False,False,False
2025-02-14 17:00:00+00:00,59.4,59.48,59.03,59.35,8721.0,,,,,,,,,,,,,,,,,,,,,,,"rgba(38, 166, 154, 1.0)",0.0,0.0,1.927009481175569,57.139477049743114,1.1471261412312106,0.0,0.0,0.0,0.0,71.11150684490732,12.435779233702348,True,False,True,False,True,8.983199096577007,0,1.0329967808018727,0.9261047702663155,False,False,False,False,0.08522377679552075,0.08078679748619583,False,False,False,False,-14733.0,44417.007754009974,False,False,False,False,10876.32108576159,False,False,False,False
2025-02-14 18:00:00+00:00,59.355,59.51,59.27,59.49,8894.0,,,,,,,,,,,,,,,,,,,,,,,"rgba(38, 166, 154, 1.0)",0.0,0.0,1.90692048568857,57.19670857521771,1.202615128419581,0.0,0.0,0.0,0.0,72.67298272779153,14.211328223585937,True,False,True,False,True,9.54242935412303,0,1.0311902309842575,0.9333529498308077,False,False,False,False,0.0908350553608758,0.08581092642353581,False,False,False,False,-5839.0,43637.84484309509,False,False,False,False,10845.587425517226,False,False,False,False
2025-02-14 19:00:00+00:00,59.475,59.64,59.235,59.63,14711.0,,,,,,,,,,,,,,,,,,,,,,,"rgba(38, 166, 154, 1.0)",0.0,0.0,1.8866863487019696,57.28607145845566,1.2423519909162188,0.0,0.0,0.0,0.0,74.02097640551665,15.899995502186371,True,False,True,False,True,10.103389650545711,0,1.0245709256271083,0.9317148305706322,False,False,False,False,0.09509531414021113,0.09045312028187347,False,False,False,False,8872.0,43098.83949669051,False,False,False,False,10905.51630264099,False,False,False,False
2025-02-14 20:00:00+00:00,59.62,59.875,59.51,59.87,22145.0,,,,,,,,,,,,,,,,,,,,,,,"rgba(38, 166, 154, 1.0)",0.0,0.0,1.862354716505446,57.417030615819975,1.3171332842450207,0.0,0.0,0.0,0.0,75.45025780186289,17.72921909959139,True,False,True,False,True,11.061883237599329,0,1.0288370050501352,0.928346629583547,False,False,False,False,0.11388840995643067,0.10217076511915207,False,False,False,False,31017.0,42911.524155656545,False,False,False,False,11079.771863840355,False,False,False,False
2025-02-17 15:00:00+00:00,59.87,59.87,59.87,59.87,0.0,,,,,,,,,,,,,,,,,,,,,,,"rgba(38, 166, 154, 1.0)",0.0,0.0,1.8372737514692323,57.417030615819975,1.3351137152089776,0.0,0.0,0.0,0.0,76.40311206609371,19.151592494167616,True,False,True,False,True,11.061883237599329,0,1.0327385341395072,0.9337118419112226,False,False,False,False,0.13021609420149025,0.11619342966032116,False,False,False,False,31017.0,42727.11292843706,False,False,False,False,10907.992455098643,False,False,False,False
2025-02-17 16:00:00+00:00,59.87,59.87,59.87,59.87,0.0,,,,,,,,,,,,,,,,,,,,,,,"rgba(38, 166, 154, 1.0)",0.0,0.0,1.813035444364646,57.417030615819975,1.3529627298817828,0.0,0.0,0.0,0.0,77.0383482422476,20.31385807900422,True,False,True,False,True,11.061883237599329,0,1.0304783092324803,0.9340007415647015,False,False,False,False,0.13021609420149025,0.12320476193090571,False,False,False,False,31017.0,42545.560790011674,False,False,False,False,10738.87629300409,False,False,False,False
2025-02-17 17:00:00+00:00,59.87,59.87,59.87,59.87,0.0,,,,,,,,,,,,,,,,,,,,,,,"rgba(38, 166, 154, 1.0)",0.0,0.0,1.7854092901442289,57.417030615819975,1.3738975134277849,0.0,0.0,0.0,0.0,77.46183902635018,21.301278212783217,True,False,True,False,True,11.061883237599329,0,1.0276089729161975,0.9413309325530798,False,False,False,False,0.13021609420149025,0.12671042806619798,False,False,False,False,31017.0,42366.82341342234,False,False,False,False,10572.382086911004,False,False,False,False
2025-02-17 18:00:00+00:00,59.87,59.87,59.87,59.87,0.0,,,,,,,,,,,,,,,,,,,,,,,"rgba(38, 166, 154, 1.0)",0.0,0.0,1.7359396500075834,57.417030615819975,1.4130499203525344,0.0,0.0,0.0,0.0,77.7441662157519,22.16270989958035,True,False,True,False,True,11.061883237599329,0,1.0254729067751902,0.9422714597935038,False,False,False,False,0.13021609420149025,0.1284632611338441,False,False,False,False,31017.0,42190.85715895067,False,False,False,False,10408.46918633874,False,False,False,False
2025-02-17 19:00:00+00:00,59.87,59.87,59.87,59.87,0.0,,,,,,,,,,,,,,,,,,,,,,,"rgba(38, 166, 154, 1.0)",0.0,0.0,1.6870430979718316,57.417030615819975,1.4540051686462485,0.0,0.0,0.0,0.0,77.93238434201972,22.925991344201307,True,False,True,False,True,11.061883237599329,0,1.0265506807866867,0.9402420574886537,False,False,False,False,0.13021609420149025,0.12933967766766719,False,False,False,False,31017.0,42017.619063463055,False,False,False,False,10247.097571046666,False,False,False,False
2025-02-17 20:00:00+00:00,59.87,59.87,59.87,59.87,0.0,,,,,,,,,,,,,,,,,,,,,,,"rgba(38, 166, 154, 1.0)",0.0,0.0,1.653345775163874,57.417030615819975,1.4836396723709488,0.0,0.0,0.0,0.0,78.05786309286492,23.60721846362074,True,False,True,False,True,11.061883237599329,0,1.025481571363567,0.9400879720916123,False,False,False,False,0.13021609420149025,0.12977788593457873,False,False,False,False,31017.0,41847.06682992099,False,False,False,False,10088.227841262997,False,False,False,False
2025-02-18 15:00:00+00:00,60.04,60.63,59.88,60.59,6806.0,,,,,,,,,,,,,,,,,,,,,,,"rgba(38, 166, 154, 1.0)",0.0,0.0,1.6225512054830173,57.46301022966828,1.9272056005165346,0.0,0.0,0.0,0.0,80.44587669494265,26.290135446547964,True,False,True,False,True,14.166777029846038,0,1.0264940538913139,0.9293993677555322,False,False,False,False,0.16588187439513505,0.14782988016485687,False,False,False,False,37823.0,41784.67819689895,False,False,False,False,10037.340587910083,False,False,False,False
2025-02-18 16:00:00+00:00,60.59,60.59,60.15,60.385,5551.0,,,,,,,,,,,,,,,,,,,,,,,"rgba(38, 166, 154, 1.0)",0.0,0.0,1.6022420046426877,57.499234227975556,1.8010798391644898,0.0,0.0,0.0,0.0,79.40654348503048,26.290135446547964,True,False,True,False,True,12.926265443197089,0,1.0311937612477502,0.9284643071385724,False,False,False,False,0.17661285205325328,0.16222136610905508,False,False,False,False,32272.0,41637.1948140013,False,False,False,False,9967.784919880469,False,False,False,False
2025-02-18 17:00:00+00:00,60.34,60.55,60.34,60.49,4344.0,,,,,,,,,,,,,,,,,,,,,,,"rgba(38, 166, 154, 1.0)",0.0,0.0,1.5974613926166974,57.52756604970684,1.8544635657457678,0.0,0.0,0.0,0.0,79.09658819712175,26.290135446547964,True,False,True,False,True,13.374358865436797,0,1.0330393182837492,0.9273433996113023,False,False,False,False,0.18363291707158855,0.1729271415903218,False,False,False,False,36616.0,41559.346832388874,False,False,False,False,9880.594456006353,False,False,False,False
2025-02-18 18:00:00+00:00,60.49,60.61,60.38,60.47,5033.0,,,,,,,,,,,,,,,,,,,,,,,"rgba(38, 166, 154, 1.0)",0.0,0.0,1.5903907673250526,57.559803422395056,1.8298625956561159,0.0,0.0,0.0,0.0,78.60897165791054,26.290135446547964,True,False,True,False,False,13.25053832985709,0,1.0335220500595945,0.9266984505363528,False,False,False,False,0.18832288244020853,0.18062501201526515,False,False,False,False,31583.0,41404.674788475866,False,False,False,False,9805.437952812455,False,False,False,False
2025-02-18 19:00:00+00:00,60.47,60.55,60.055,60.39,8199.0,,,,,,,,,,,,,,,,,,,,,,,"rgba(38, 166, 154, 1.0)",0.0,0.0,1.5730471892029927,57.60775541588886,1.7686974702397866,0.0,0.0,0.0,0.0,77.09073875441894,26.290135446547964,True,False,True,False,False,12.74872621887442,0,1.0284700140501364,0.9281224580344599,False,False,False,False,0.1703095096039071,0.17546726080958613,False,False,False,False,23384.0,41125.284481677794,False,False,False,False,9780.531938040169,False,False,False,False
2025-02-18 20:00:00+00:00,60.365,60.795,60.29,60.74,17445.0,,,,,,,,,,,,,,,,,,,,,,,"rgba(38, 166, 154, 1.0)",0.0,0.0,1.5601879593396573,57.71263982260353,1.9403817080333008,0.0,0.0,0.0,0.0,77.67822219006798,26.290135446547964,True,False,True,False,False,14.28984841077446,0,1.0317087492660006,0.9250587199060482,False,False,False,False,0.1927859435043811,0.18412660215698362,False,False,False,False,40829.0,41120.69092382232,False,False,False,False,9899.360900241098,False,False,False,False
2025-02-19 15:00:00+00:00,59.84,59.84,59.52,59.7,10278.0,,,,,,,,,,,,,,,,,,,,,,,"rgba(239, 83, 80, 1.0)",0.0,0.0,1.5509537373807996,57.7518008737595,1.2561297473195807,0.0,0.0,0.0,0.0,68.02752034213243,21.771383993457817,True,False,True,False,False,8.055428178119005,0,1.02004614940871,0.927170464378425,False,False,False,False,0.11274094868265493,0.14843377541981928,False,False,False,False,30551.0,40956.819746708796,False,False,False,False,9905.231273880769,False,False,False,False
2025-02-19 16:00:00+00:00,59.7,60.63,59.7,60.63,7897.0,,,,,,,,,,,,,,,,,,,,,,,"rgba(38, 166, 154, 1.0)",0.0,0.0,1.561465850924566,57.79011788188186,1.8187282907510312,0.0,0.0,0.0,0.0,66.33903650882093,20.572567154620387,True,False,True,False,False,12.065102070021624,0,1.0223423936245906,0.916891988046108,False,False,False,False,0.1575101670121811,0.1529719712160002,False,False,False,False,38448.0,40917.92331652727,False,False,False,False,9874.09590529347,False,False,False,False
2025-02-19 17:00:00+00:00,60.65,60.65,60.15,60.34,6075.0,,,,,,,,,,,,,,,,,,,,,,,"rgba(38, 166, 154, 1.0)",0.0,0.0,1.568996804640771,57.819319428914135,1.6065555797374553,0.0,0.0,0.0,0.0,63.35064698562959,18.027062234379613,True,False,True,False,False,10.436827016298917,0,1.0290313308421954,0.9203794193733833,False,False,False,False,0.17941877344668428,0.16619537233134224,False,False,False,False,32373.0,40785.443885263274,False,False,False,False,9815.195193583493,False,False,False,False
2025-02-19 18:00:00+00:00,60.34,60.49,60.1,60.35,6234.0,,,,,,,,,,,,,,,,,,,,,,,"rgba(38, 166, 154, 1.0)",0.0,0.0,1.5910215427672652,57.84767673896973,1.5727777366722369,0.0,0.0,0.0,0.0,61.40714121598958,16.37429657764197,True,False,True,False,False,10.479284940172445,0,1.0268948655256722,0.9257874298863803,False,False,False,False,0.1696099738018243,0.16790267306658327,False,False,False,False,38607.0,40751.669561460745,False,False,False,False,9759.672787481424,False,False,False,False
2025-02-19 19:00:00+00:00,60.35,61.02,60.27,60.995,9337.0,,,,,,,,,,,,,,,,,,,,,,,"rgba(38, 166, 154, 1.0)",1.0,60.98,1.6272640721039542,58.25444063586791,1.6841515837000638,0.0,0.0,0.0,0.0,62.934224297165784,16.37429657764197,True,False,True,False,False,13.156017464709407,0,1.0290331807780317,0.9176201372997713,False,False,False,False,0.20244291340279424,0.18517279323468877,False,False,False,False,47944.0,40863.17856050787,False,True,False,False,9753.119721008845,False,False,False,False
2025-02-19 20:00:00+00:00,60.995,61.01,60.595,60.7,14026.0,,,,,,,,,,,,,,,,,,,,,,,"rgba(38, 166, 154, 1.0)",0.0,0.0,1.655330597611055,58.315774214355656,1.4403320938338364,0.0,0.0,0.0,0.0,61.905997788574524,16.37429657764197,True,False,True,False,False,11.481592433528768,0,1.0334450545532337,0.9161377736575631,False,False,False,False,0.21735526459694654,0.20126402891581766,False,False,False,False,33918.0,40755.50137352326,False,False,False,False,9819.365926884677,False,False,False,False
2025-02-20 15:00:00+00:00,59.78,60.12,59.64,59.735,5421.0,,,,,,,,,,,,,,,,,,,,,,,"rgba(239, 83, 80, 1.0)",0.0,0.0,1.6658439410809234,58.308639904753164,0.8562387268529528,0.0,0.0,0.0,0.0,56.132489700757496,11.593911825499688,False,False,True,False,False,6.3255109992951475,0,1.0231099837948279,0.9230606637074615,False,False,False,False,0.1311379408396781,0.16620098487774787,False,False,False,False,28497.0,40565.44708866243,False,False,False,False,9751.174207088014,False,False,False,False
2025-02-20 16:00:00+00:00,59.74,59.895,59.39,59.715,12505.0,,,,,,,,,,,,,,,,,,,,,,,"rgba(239, 83, 80, 1.0)",0.0,0.0,1.6750554569278513,58.30369444394704,0.8425425858087003,0.0,0.0,0.0,0.0,52.195630223247775,8.066506755546335,False,False,False,False,False,6.223098668471181,0,1.0188202247191007,0.9280196629213482,False,False,False,False,0.10930032567955561,0.13775065527865174,False,False,False,False,15992.0,40184.46341286921,False,False,False,False,9793.869180621532,False,False,False,False
2025-02-20 17:00:00+00:00,59.7,60.11,59.685,59.89,4809.0,,,,,,,,,,,,,,,,,,,,,,,"rgba(239, 83, 80, 1.0)",0.0,0.0,1.6871495712223226,58.311039311930166,0.9358747528981046,0.0,0.0,0.0,0.0,50.59164347632412,6.6501344428591835,False,True,False,False,False,6.987804185603007,0,1.0213600392184323,0.9269556691645074,False,False,False,False,0.13275170683378812,0.13525118105621992,False,False,False,False,20801.0,39883.944600266586,False,False,False,False,9716.584387123523,False,False,False,False
2025-02-20 18:00:00+00:00,59.88,60.04,59.76,60.01,7015.0,,,,,,,,,,,,,,,,,,,,,,,"rgba(239, 83, 80, 1.0)",0.0,0.0,1.7006102720192215,58.324202107870086,0.991289962119468,0.0,0.0,0.0,0.0,50.2360563716709,6.20783964792124,False,True,False,False,False,7.512841155674984,0,1.0239046617595509,0.9288468279004557,False,False,False,False,0.1329823007648809,0.13411674091055042,False,False,False,False,27816.0,39696.844683983385,False,False,False,False,9674.699357865793,False,False,False,False
2025-02-20 19:00:00+00:00,60.01,60.22,59.93,60.065,5713.0,,,,,,,,,,,,,,,,,,,,,,,"rgba(239, 83, 80, 1.0)",0.0,0.0,1.7140499088679086,58.338259700302984,1.0074037463923593,0.0,0.0,0.0,0.0,50.34478682944715,6.033078898642884,False,True,False,False,False,7.75562201089361,0,1.0244620452793154,0.9271745987243291,False,False,False,False,0.14916030057229115,0.1416385207414208,False,False,False,False,33529.0,39601.2191850069,False,False,False,False,9613.277662395005,False,False,False,False
2025-02-20 20:00:00+00:00,60.065,60.325,60.065,60.315,16874.0,,,,,,,,,,,,,,,,,,,,,,,"rgba(239, 83, 80, 1.0)",0.0,0.0,1.7291337648014904,58.387839659390295,1.114523572345455,0.0,0.0,0.0,0.0,51.984464936476655,6.033078898642884,False,True,True,False,False,8.859227366144523,0,1.0273511466442242,0.9249596745914862,False,False,False,False,0.16029824734363643,0.1509683840425286,False,False,False,False,50403.0,39768.68865500679,False,False,False,False,9725.847000962523,False,False,False,False
2025-02-21 15:00:00+00:00,60.01,60.235,59.645,59.84,1280.0,,,,,,,,,,,,,,,,,,,,,,,"rgba(239, 83, 80, 1.0)",0.0,0.0,1.7364635414055296,58.39020474536612,0.8349125795410535,0.0,0.0,0.0,0.0,49.9655501630016,5.236204835449286,False,True,False,False,False,6.27320238283848,0,1.019536701088473,0.9262489533910134,False,False,False,False,0.13667373344827927,0.14382105874540393,False,False,False,False,49123.0,39913.7167378749,False,False,False,False,9594.903636606514,False,False,False,False
2025-02-21 16:00:00+00:00,59.89,60.225,59.69,59.825,4115.0,,,,,,,,,,,,,,,,,,,,,,,"rgba(239, 83, 80, 1.0)",0.0,0.0,1.7424847460136046,58.39793300472054,0.8189839242749495,0.0,0.0,0.0,0.0,48.52827356474816,3.6213406527356184,False,True,False,False,False,6.192521718910751,0,1.0181982357435573,0.9272765159408211,False,False,False,False,0.13828989418917165,0.14105547646728778,False,False,False,False,45008.0,39992.6978737218,False,False,False,False,9509.943890302537,False,False,False,False
2025-02-21 17:00:00+00:00,59.82,60.05,59.34,59.34,5809.0,,,,,,,,,,,,,,,,,,,,,,,"rgba(239, 83, 80, 1.0)",0.0,0.0,1.742193959578784,58.403453050026876,0.5375675565994728,0.0,0.0,0.0,0.0,44.85652584673186,-0.0006110310530971219,False,True,False,True,False,3.6175871051873223,0,1.0116440255059602,0.9356806210146938,False,False,False,False,0.11411793795402206,0.1275867072106549,False,False,False,False,39199.0,39980.39248033077,False,False,False,False,9452.564915259087,False,False,False,False
2025-02-21 18:00:00+00:00,59.34,59.34,58.67,58.8,11724.0,,,,,,,,,,,,,,,,,,,,,,,"rgba(239, 83, 80, 1.0)",0.0,0.0,1.7369662457108228,58.396368760253715,0.23237713498635276,0.0,0.0,0.0,0.0,40.12572989443521,-4.432172451103028,False,True,False,True,False,0.8834323804692445,0,0.9990330156098902,0.9502693742229591,False,False,False,False,0.05113617842662686,0.08936144281864089,False,False,False,False,27475.0,39786.51042637215,False,False,False,False,9487.780963084528,False,False,False,False
2025-02-21 19:00:00+00:00,58.81,59.02,58.16,58.26,8734.0,,,,,,,,,,,,,,,,,,,,,,,"rgba(239, 83, 80, 1.0)",0.0,0.0,1.732714048241367,58.3835572565257,-0.07130850970539868,0.0,0.0,0.0,0.0,35.230176588694874,-8.864344231809895,False,True,False,True,False,0.0,0,0.9914986973810499,0.9542026600850132,False,False,False,False,0.01348175950608317,0.05142160116236203,False,False,False,False,18741.0,39460.223443017545,False,False,False,False,9476.094436525076,False,False,False,False
2025-02-21 20:00:00+00:00,58.26,58.73,58.24,58.565,32709.0,,,,,,,,,,,,,,,,,,,,,,,"rgba(239, 83, 80, 1.0)",0.0,0.0,1.72667047462101,58.35456255193148,0.12187470114395009,0.0,0.0,0.0,0.0,34.394555187321096,-9.55605848420469,False,True,False,True,False,0.0,0,0.990516476768779,0.9579722999249506,False,False,False,False,0.00396500074425241,0.027693300953307222,False,False,False,False,51450.0,39646.11145165293,False,False,False,False,9836.294522780501,False,False,False,False
2025-02-24 15:00:00+00:00,57.92,57.92,57.225,57.675,4122.0,,,,,,,,,,,,,,,,,,,,,,,"rgba(239, 83, 80, 1.0)",0.0,0.0,1.7246592874123496,58.34433626365845,-0.3880976773462961,0.0,0.0,0.0,0.0,31.1887087685864,-12.591195138858332,False,True,False,True,False,0.0,0,0.9782184873949578,0.9610756302521011,False,False,False,False,-0.07889656318396301,-0.025601631115327896,False,False,False,False,47328.0,39765.21049891412,False,False,False,False,9747.70080924902,False,False,False,False
2025-02-24 16:00:00+00:00,57.675,58.305,57.675,58.3,7903.0,,,,,,,,,,,,,,,,,,,,,,,"rgba(239, 83, 80, 1.0)",0.0,0.0,1.7202421995827342,58.333738543100175,-0.019612670302101332,0.0,0.0,0.0,0.0,33.08755659908568,-12.591195138858332,False,True,False,True,False,0.0,0,0.9815100154083204,0.9604743083003958,False,False,False,False,-0.040918809662996825,-0.03326022038916236,False,False,False,False,55231.0,40004.9901811015,False,False,False,False,9719.100796702523,False,False,False,False
2025-02-24 17:00:00+00:00,58.14,58.6,58.02,58.49,3328.0,,,,,,,,,,,,,,,,,,,,,,,"rgba(239, 83, 80, 1.0)",0.0,0.0,1.718320133467888,58.33142032431303,0.09228762009959664,0.0,0.0,0.0,0.0,35.45117884495242,-12.591195138858332,False,True,False,True,True,0.0,0,0.9810634139766828,0.9653615472740754,False,False,False,False,-0.011895519077704747,-0.022577869733433554,False,False,False,False,58559.0,40292.64924806116,False,False,False,False,9620.013962645118,False,False,False,False
2025-02-24 18:00:00+00:00,58.46,58.7,58.44,58.62,4265.0,,,,,,,,,,,,,,,,,,,,,,,"rgba(239, 83, 80, 1.0)",0.0,0.0,1.7183016783026424,58.33044768547718,0.1685107558114233,0.0,0.0,0.0,0.0,37.796874186294694,-18.485724567758144,False,True,False,True,True,0.1567006313917716,0,0.9805634565894621,0.9692536909115538,False,False,False,False,0.011668908015834345,-0.005454480858799605,False,False,False,False,62824.0,40641.97251553308,False,False,False,False,9536.990490356045,False,False,False,False
2025-02-24 19:00:00+00:00,58.7,58.96,58.475,58.49,8780.0,,,,,,,,,,,,,,,,,,,,,,,"rgba(239, 83, 80, 1.0)",0.0,0.0,1.7174569850495576,58.32975429033725,0.09330406004790232,0.0,0.0,0.0,0.0,38.77107083906265,-17.354064736817037,False,True,False,True,True,0.0,0,0.9747160627366142,0.9684964845862633,False,False,False,False,0.025041273298136307,0.00979339621966835,False,False,False,False,54044.0,40849.755887385276,False,False,False,False,9525.254203683859,False,False,False,False
2025-02-24 20:00:00+00:00,58.49,58.55,58.055,58.075,22238.0,,,,,,,,,,,,,,,,,,,,,,,"rgba(239, 83, 80, 1.0)",0.0,0.0,1.7179581610863706,58.31303504259017,-0.13855694974529847,0.0,0.0,0.0,0.0,37.65516575975816,-17.354064736817037,False,True,False,True,True,0.0,0,0.9673714787543065,0.9768965750185776,False,False,False,False,-0.012575332493773518,-0.001390968137052584,False,False,False,False,31806.0,40709.542617813415,False,False,False,False,9722.351037735272,False,False,False,False
2025-02-25 15:00:00+00:00,56.45,56.45,55.59,55.92,14256.0,,,,,,,,,,,,,,,,,,,,,,,"rgba(239, 83, 80, 1.0)",0.0,0.0,1.7412146350767392,57.9977460827329,-1.1932739599568838,0.0,0.0,0.0,0.0,31.8131269176168,-12.097245203941448,False,True,False,True,False,0.0,0,0.9576938213301847,0.9806506624688447,False,False,False,False,-0.22306095270750742,-0.11222596042228,False,False,False,False,17550.0,40350.47994156825,False,False,False,False,9792.640168933176,False,False,False,False
2025-02-25 16:00:00+00:00,55.91,56.24,55.7,56.125,6753.0,,,,,,,,,,,,,,,,,,,,,,,"rgba(239, 83, 80, 1.0)",0.0,0.0,1.7586631465585099,57.97408625087256,-1.05141581802689,0.0,0.0,0.0,0.0,29.094277936625062,-14.660636864885205,False,True,False,True,False,0.0,0,0.957526178010471,0.986452879581152,False,False,False,False,-0.2278266080857793,-0.17002628425402966,False,False,False,False,24303.0,40101.68180293928,False,False,False,False,9745.51396476367,False,False,False,False
2025-02-25 17:00:00+00:00,56.08,56.72,56.08,56.72,5030.0,,,,,,,,,,,,,,,,,,,,,,,"rgba(239, 83, 80, 1.0)",0.0,0.0,1.7680590085338417,57.970693456757445,-0.7073821918390498,0.0,0.0,0.0,0.0,30.48902920030984,-14.660636864885205,False,True,False,True,False,0.0,0,0.9723749585955611,0.9782047035442202,False,False,False,False,-0.187149640419299,-0.17858796233666432,False,False,False,False,29333.0,39934.725495916966,False,False,False,False,9672.405221123921,False,False,False,False
2025-02-25 18:00:00+00:00,56.735,56.98,56.3,56.665,3701.0,,,,,,,,,,,,,,,,,,,,,,,"rgba(239, 83, 80, 1.0)",0.0,0.0,1.7788025453926886,57.96882655143731,-0.7329799222597121,0.0,0.0,0.0,0.0,31.275354894311384,-14.660636864885205,False,True,False,True,False,0.0,0,0.9786460399312438,0.9715721274626472,False,False,False,False,-0.16471779380651302,-0.1716528780715887,False,False,False,False,25632.0,39712.977813809724,False,False,False,False,9579.825295215023,False,False,False,False
2025-02-25 19:00:00+00:00,56.655,57.07,56.51,56.925,5048.0,,,,,,,,,,,,,,,,,,,,,,,"rgba(239, 83, 80, 1.0)",0.0,0.0,1.7860036419361018,57.968353774578794,-0.5841834529787177,0.0,0.0,0.0,0.0,33.24048732931042,-14.660636864885205,False,True,False,True,True,0.0,0,0.9789661084003689,0.9710536726889096,False,False,False,False,-0.15078224339924856,-0.16121756073541862,False,False,False,False,30680.0,39572.93164615375,False,False,False,False,9509.564437924868,False,False,False,False
2025-02-25 20:00:00+00:00,56.9,57.26,56.74,56.845,20532.0,,,,,,,,,,,,,,,,,,,,,,,"rgba(239, 83, 80, 1.0)",0.0,0.0,1.7942521290784947,57.957024661302206,-0.6197705680713498,0.0,0.0,0.0,0.0,34.28050397017527,-14.660636864885205,False,True,False,True,True,0.0,0,0.984110308601444,0.9645436638214051,False,False,False,False,-0.13136844629043615,-0.1462930035129274,False,False,False,False,10148.0,39116.731155515714,False,False,False,False,9680.45491175549,False,False,False,False
2025-02-26 15:00:00+00:00,57.66,58.0,57.435,57.82,9803.0,,,,,,,,,,,,,,,,,,,,,,,"rgba(239, 83, 80, 1.0)",0.0,0.0,1.7950951140450682,57.970872877918865,-0.08404728904803678,0.0,0.0,0.0,0.0,39.85485460890803,-15.989513160173118,False,True,False,True,True,0.0,0,0.9846354166666662,0.9570312500000002,False,False,False,False,-0.06568648669616167,-0.10598974510454454,False,False,False,False,19951.0,38819.588036825546,False,False,False,False,9682.354835604243,False,False,False,False
2025-02-26 16:00:00+00:00,57.82,57.88,57.5,57.645,5185.0,,,,,,,,,,,,,,,,,,,,,,,"rgba(239, 83, 80, 1.0)",0.0,0.0,1.7967422346173267,57.974854486316836,-0.1835847568792115,0.0,0.0,0.0,0.0,42.81626358308408,-13.206430622038994,False,True,False,True,True,0.0,0,0.9842949139177287,0.9669470364042582,False,False,False,False,-0.06818994784813093,-0.08708984647633773,False,False,False,False,14766.0,38446.66419129336,False,False,False,False,9612.628404044488,False,False,False,False
2025-02-26 17:00:00+00:00,57.645,57.705,57.31,57.345,6933.0,,,,,,,,,,,,,,,,,,,,,,,"rgba(239, 83, 80, 1.0)",0.0,0.0,1.7997102043995377,57.97442732008911,-0.34973815148151516,0.0,0.0,0.0,0.0,43.50915380255735,-12.45605057537496,False,True,False,True,True,0.0,0,0.9698927596083392,0.9848797708652502,False,False,False,False,-0.08482697912720792,-0.08595841280177283,False,False,False,False,7833.0,37972.03373871517,False,False,False,False,9571.083777625194,False,False,False,False
2025-02-26 18:00:00+00:00,57.37,57.37,56.855,56.965,3678.0,,,,,,,,,,,,,,,,,,,,,,,"rgba(239, 83, 80, 1.0)",0.0,0.0,1.8050806375639046,57.96997110047323,-0.556745820413604,0.0,0.0,0.0,0.0,42.45906751306486,-12.45605057537496,False,True,False,True,True,0.0,0,0.9514285714285708,0.9873754152823924,False,False,False,False,-0.12100946765429622,-0.10348394022803453,False,False,False,False,4155.0,37447.738641990894,False,False,False,False,9479.718137662014,False,False,False,False
2025-02-26 19:00:00+00:00,56.9,57.18,56.79,57.11,6497.0,,,,,,,,,,,,,,,,,,,,,,,"rgba(239, 83, 80, 1.0)",0.0,0.0,1.8071125044123866,57.96147511911014,-0.4711799165968434,0.0,0.0,0.0,0.0,42.58543101254575,-12.45605057537496,False,True,False,True,True,0.0,0,0.9503262751365025,0.9929418031695301,False,False,False,False,-0.1327517160572639,-0.11811782814264922,False,False,False,False,10652.0,37032.30083358793,False,False,False,False,9433.474445605238,False,False,False,False
2025-02-26 20:00:00+00:00,57.06,57.42,56.94,57.415,18595.0,,,,,,,,,,,,,,,,,,,,,,,"rgba(239, 83, 80, 1.0)",0.0,0.0,1.807973525876492,57.94755949770134,-0.29456155750021923,0.0,0.0,0.0,0.0,44.37613963013088,-10.840817885877279,False,True,False,True,True,0.0,0,0.9455102584598983,0.9961364241939784,False,False,False,False,-0.11480660306734547,-0.11646221560499734,False,False,False,False,29247.0,36911.59849508268,False,False,False,False,9575.513601487326,False,False,False,False
2025-02-27 15:00:00+00:00,56.63,57.575,56.535,57.055,8836.0,,,,,,,,,,,,,,,,,,,,,,,"rgba(239, 83, 80, 1.0)",0.0,0.0,1.8128415602370014,57.93669755057153,-0.48636216750032035,0.0,0.0,0.0,0.0,43.870906526010145,-10.840817885877279,False,True,False,True,True,0.0,0,0.9395782375884176,0.9946453361538972,False,False,False,False,-0.12630068995070196,-0.12138145277784965,False,False,False,False,20411.0,36655.77526260078,False,False,False,False,9564.048274332483,False,False,False,False
2025-02-27 16:00:00+00:00,57.04,57.38,56.98,56.98,5985.0,,,,,,,,,,,,,,,,,,,,,,,"rgba(239, 83, 80, 1.0)",0.0,0.0,1.8178431631375045,57.930233267645946,-0.5227256602301679,0.0,0.0,0.0,0.0,43.18684559918787,-10.840817885877279,False,True,False,True,True,0.0,0,0.9436591809775428,0.9973579920739764,False,False,False,False,-0.11480660306734547,-0.11809402792259756,False,False,False,False,14426.0,36311.12758411084,False,False,False,False,9508.559153800195,False,False,False,False
2025-02-27 17:00:00+00:00,57.035,57.245,56.835,57.05,7122.0,,,,,,,,,,,,,,,,,,,,,,,"rgba(239, 83, 80, 1.0)",0.0,0.0,1.82160037547425,57.92161479614632,-0.47848848072366135,0.0,0.0,0.0,0.0,43.21341914029496,-10.840817885877279,False,False,False,True,True,0.0,0,0.9423636844891471,1.0012572789835896,False,False,False,False,-0.12768215469626212,-0.12288809130942985,False,False,False,False,21548.0,36082.24188513238,False,False,False,False,9471.558236687013,False,False,False,False
2025-02-27 18:00:00+00:00,57.065,57.21,57.02,57.045,4012.0,,,,,,,,,,,,,,,,,,,,,,,"rgba(239, 83, 80, 1.0)",0.0,0.0,1.8079083703760206,57.917235662536626,-0.4824556801820721,0.0,0.0,0.0,0.0,43.20235249133363,-10.556959574372456,False,False,False,True,True,0.0,0,0.945806280641314,0.9970849344110246,False,False,False,False,-0.12077956950809661,-0.12183383040876322,False,False,False,False,17536.0,35794.70325125436,False,False,False,False,9386.913922939928,False,False,False,False
2025-02-27 19:00:00+00:00,57.02,57.03,56.33,56.47,3260.0,,,,,,,,,,,,,,,,,,,,,,,"rgba(239, 83, 80, 1.0)",0.0,0.0,1.7921721482628317,57.91055554240692,-0.8038042237199492,0.0,0.0,0.0,0.0,40.24130808656676,-10.556959574372456,False,True,False,True,False,0.0,1,0.933870648080861,1.0049547466472883,False,False,False,False,-0.1609956613380379,-0.14141474587340055,False,False,False,False,14276.0,35461.079945033365,False,False,False,False,9291.923009405975,False,False,False,False
2025-02-27 20:00:00+00:00,56.46,56.48,56.13,56.23,18361.0,,,,,,,,,,,,,,,,,,,,,,,"rgba(239, 83, 80, 1.0)",0.0,0.0,1.7776262337811717,57.86353576519077,-0.918942201767631,0.0,0.0,0.0,0.0,37.26183645749659,-9.02487421590778,False,True,False,True,False,0.0,0,0.9306216931216927,1.0119047619047623,False,False,False,False,-0.19607937588260743,-0.168747060878004,False,False,False,False,-4085.0,34847.962426505714,False,False,False,False,9432.528854221386,False,False,False,False
2025-02-28 15:00:00+00:00,55.46,56.085,55.29,56.02,16712.0,,,,,,,,,,,,,,,,,,,,,,,"rgba(239, 83, 80, 1.0)",0.0,0.0,1.773065137546274,57.6089724406732,-0.8961726261631638,0.0,0.0,0.0,0.0,34.44466144251878,-11.66087888772664,False,True,False,True,False,0.0,0,0.9222866174920965,1.0144230769230773,False,False,False,False,-0.25495148621923674,-0.21184927354862038,False,False,False,False,-20797.0,33985.24983074594,False,False,False,False,9545.388871985395,False,False,False,False
2025-02-28 16:00:00+00:00,56.055,56.09,55.66,56.02,9038.0,,,,,,,,,,,,,,,,,,,,,,,"rgba(239, 83, 80, 1.0)",0.0,0.0,1.7680981485944354,57.59078167403254,-0.8884018544339547,0.0,0.0,0.0,0.0,32.5665447658669,-13.391013263881781,False,True,False,True,False,0.0,0,0.9240598037278533,1.015016795099783,False,False,False,False,-0.236909648155724,-0.2243794608521722,False,False,False,False,-20797.0,33135.91262406771,False,False,False,False,9537.522377846086,False,False,False,False
2025-02-28 17:00:00+00:00,56.02,56.135,55.63,55.66,5026.0,,,,,,,,,,,,,,,,,,,,,,,"rgba(239, 83, 80, 1.0)",0.0,0.0,1.7682993051043252,57.577193876245005,-1.0842021317945938,0.0,0.0,0.0,0.0,29.899750967041456,-15.858116689316823,False,True,False,True,False,0.0,0,0.9187541418157718,1.0243207422133869,False,False,False,False,-0.23619118776401077,-0.23028532430809148,False,False,False,False,-25823.0,32221.82095547751,False,False,False,False,9467.576294468627,False,False,False,False
2025-02-28 18:00:00+00:00,55.65,55.795,55.38,55.55,5368.0,,,,,,,,,,,,,,,,,,,,,,,"rgba(239, 83, 80, 1.0)",0.0,0.0,1.7577920681795567,57.55782672151544,-1.1422435894791767,0.0,0.0,0.0,0.0,27.727205967540797,-17.85529064364323,False,True,False,True,False,0.0,0,0.913701540095592,1.0292087095061075,False,False,False,False,-0.2609553836969321,-0.2456203540025118,False,False,False,False,-31191.0,31238.676444539873,False,False,False,False,9404.016972073763,False,False,False,False
2025-02-28 19:00:00+00:00,55.54,55.945,55.54,55.84,10564.0,,,,,,,,,,,,,,,,,,,,,,,"rgba(239, 83, 80, 1.0)",0.0,0.0,1.730937750323652,57.53101251980926,-0.9769343348673682,0.0,0.0,0.0,0.0,29.473104939819557,-17.85529064364323,False,True,False,True,False,0.0,0,0.920303352847259,1.0230175625332627,False,False,False,False,-0.24519829976321772,-0.24540932688286476,False,False,False,False,-20627.0,30434.55742989584,False,False,False,False,9422.001205064866,False,False,False,False
2025-02-28 20:00:00+00:00,55.86,56.56,55.84,56.56,44462.0,,,,,,,,,,,,,,,,,,,,,,,"rgba(239, 83, 80, 1.0)",0.0,0.0,1.7050024437910187,57.48923913178413,-0.5450075072725383,0.0,0.0,0.0,0.0,36.422101918266605,-18.689804601780253,False,True,False,True,True,0.0,0,0.9245270494523731,1.0147361433786928,False,False,False,False,-0.19407718869843082,-0.2197432577906478,False,False,False,False,23835.0,30332.238710052494,False,False,False,False,9965.257000335178,False,False,False,False
2025-03-03 15:00:00+00:00,56.7,57.64,56.63,57.275,5138.0,,,,,,,,,,,,,,,,,,,,,,,"rgba(38, 166, 154, 1.0)",0.0,0.0,1.6755585380446814,57.46545304449737,-0.11366540778672318,0.0,0.0,0.0,0.0,44.76994892192438,-11.346202614098623,True,False,False,True,True,0.0,0,0.9382707907406181,0.9981533997230101,False,False,False,False,-0.09150942474233892,-0.15562634126649336,False,False,False,False,28973.0,30311.165241679584,False,False,False,False,9890.41580653153,False,False,False,False
2025-03-03 16:00:00+00:00,57.35,57.495,56.94,57.12,6603.0,,,,,,,,,,,,,,,,,,,,,,,"rgba(38, 166, 154, 1.0)",0.0,0.0,1.6382528542366204,57.47021020325166,-0.21377054362884126,0.0,0.0,0.0,0.0,49.27232221220069,-7.692137401633751,True,False,False,False,True,0.0,0,0.9524282780096731,0.9940369707811572,False,False,False,False,-0.08300966176615886,-0.1193180015163261,False,False,False,False,22370.0,30188.04640072331,False,False,False,False,9839.44811960856,False,False,False,False
2025-03-03 17:00:00+00:00,57.06,57.35,57.02,57.065,3307.0,,,,,,,,,,,,,,,,,,,,,,,"rgba(38, 166, 154, 1.0)",0.0,0.0,1.6007901005272265,57.47117131911466,-0.25373177843921463,0.0,0.0,0.0,0.0,51.87978997353399,-5.609755201679732,True,False,True,False,True,0.0,0,0.9523081016362908,0.9932153784754559,False,False,False,False,-0.08635655724481542,-0.10283727938057076,False,False,False,False,19063.0,30015.56506117721,False,False,False,False,9738.169854188272,False,False,False,False
2025-03-03 18:00:00+00:00,57.015,57.015,55.955,56.08,2319.0,,,,,,,,,,,,,,,,,,,,,,,"rgba(38, 166, 154, 1.0)",0.0,0.0,1.6198367952492199,57.45860518445582,-0.8510765951848355,0.0,0.0,0.0,0.0,48.095946147678184,-5.609755201679732,True,False,False,False,False,0.0,0,0.9341723774380598,0.9980890880337379,False,False,False,False,-0.15904248963989032,-0.13093988451023053,False,False,False,False,16744.0,29809.804362554307,False,False,False,False,9623.14396497605,False,False,False,False
2025-03-03 19:00:00+00:00,56.03,56.27,55.39,55.39,3077.0,,,,,,,,,,,,,,,,,,,,,,,"rgba(239, 83, 80, 1.0)",0.0,0.0,1.6468199439914328,57.43231528264205,-1.2401570008267249,0.0,0.0,0.0,0.0,43.05916769608078,1.416580645221316,True,False,False,True,False,0.0,0,0.9246062992125982,1.0124015748031499,False,False,False,False,-0.22024041150489476,-0.17559014800756265,False,False,False,False,13667.0,29559.52832592556,False,False,False,False,9521.653360867895,False,False,False,False
2025-03-03 20:00:00+00:00,55.39,55.47,54.84,55.46,9907.0,,,,,,,,,,,,,,,,,,,,,,,"rgba(239, 83, 80, 1.0)",0.0,0.0,1.6717360884869252,57.35402559672804,-1.132969258588124,0.0,0.0,0.0,0.0,40.16592274678731,-1.2317096461055144,True,False,False,True,False,0.0,0,0.9270805812417436,1.0203434610303836,False,False,False,False,-0.2996215762291409,-0.23760586211835177,False,False,False,False,23574.0,29466.72943715152,False,False,False,False,9527.627727366065,False,False,False,False
2025-03-04 15:00:00+00:00,53.48,53.54,52.73,52.74,10230.0,,,,,,,,,,,,,,,,,,,,,,,"rgba(239, 83, 80, 1.0)",0.0,0.0,1.7889937984271544,57.20659080777032,-2.4967055848361515,0.0,0.0,0.0,0.0,32.779675705211325,-8.066655706709533,False,True,False,True,False,0.0,0,0.916586399537661,1.0068066525396524,False,False,False,False,-0.34282825441539394,-0.29021705826687283,False,False,False,False,13344.0,29216.7646396763,False,False,False,False,9538.51721996504,False,False,False,False
2025-03-04 16:00:00+00:00,52.71,52.71,52.13,52.36,12991.0,,,,,,,,,,,,,,,,,,,,,,,"rgba(239, 83, 80, 1.0)",0.0,0.0,1.9132901641549958,56.65494396750964,-2.244794881599415,0.0,0.0,0.0,0.0,27.437531903581796,-12.887899243877222,False,True,False,True,False,0.0,0,0.9108460008979538,1.0147521005708426,False,False,False,False,-0.34282825441539394,-0.3165226563411334,False,False,False,False,353.0,28769.264412704575,False,False,False,False,9592.044084771784,False,False,False,False
2025-03-04 17:00:00+00:00,52.365,52.83,52.365,52.6,14011.0,,,,,,,,,,,,,,,,,,,,,,,"rgba(239, 83, 80, 1.0)",0.0,0.0,2.0196093480965343,56.54287095904974,-1.9522938744395626,0.0,0.0,0.0,0.0,25.184329568592013,-14.969387930214083,False,True,False,True,False,0.0,0,0.9338313061872024,1.0109069275515605,False,False,False,False,-0.3272242662154101,-0.32187346127827177,False,False,False,False,14364.0,28545.92697994946,False,False,False,False,9660.555029193925,False,False,False,False
2025-03-04 18:00:00+00:00,52.6,53.26,52.52,52.96,13272.0,,,,,,,,,,,,,,,,,,,,,,,"rgba(239, 83, 80, 1.0)",0.0,0.0,2.100367743433905,56.46777869277671,-1.670078348776115,0.0,0.0,0.0,0.0,25.630728020546954,-14.969387930214083,False,True,False,True,False,0.0,0,0.9241215637154718,1.0058013052936912,False,False,False,False,-0.30183865821054456,-0.31185605974440817,False,False,False,False,27636.0,28531.81958491148,False,False,False,False,9716.546424090144,False,False,False,False
2025-03-04 19:00:00+00:00,52.96,53.38,52.93,53.195,10184.0,,,,,,,,,,,,,,,,,,,,,,,"rgba(239, 83, 80, 1.0)",0.0,0.0,2.1686506162808845,56.423082003927455,-1.4885210091902383,0.0,0.0,0.0,0.0,27.185775377745458,-14.969387930214083,False,True,False,True,False,0.0,0,0.9321720770651887,1.0012536289258385,False,False,False,False,-0.27916213154683345,-0.2955090956456208,False,False,False,False,37820.0,28675.822382044636,False,False,False,False,9723.793766352312,False,False,False,False
2025-03-04 20:00:00+00:00,53.195,53.62,52.44,52.505,21380.0,,,,,,,,,,,,,,,,,,,,,,,"rgba(239, 83, 80, 1.0)",0.0,0.0,2.253212705337747,56.31096781203647,-1.6891293942291048,0.0,0.0,0.0,0.0,26.758187718301887,-14.969387930214083,False,True,False,True,False,0.0,0,0.9258602574205408,1.0022983976884687,False,False,False,False,-0.2898224304692555,-0.29266576305743813,False,False,False,False,16440.0,28486.119709454797,False,False,False,False,9904.510142067778,False,False,False,False
2025-03-05 15:00:00+00:00,53.35,53.525,52.95,53.38,6811.0,,,,,,,,,,,,,,,,,,,,,,,"rgba(239, 83, 80, 1.0)",0.0,0.0,2.3049230742864975,56.2869614787381,-1.2611967449881007,0.0,0.0,0.0,0.0,30.70661229259158,-14.969387930214083,False,True,False,True,True,0.0,0,0.9214141545673545,0.9979165310241557,False,False,False,False,-0.2721602031998054,-0.28241298312862173,False,False,False,False,23251.0,28404.95506279658,False,False,False,False,9856.548744516338,False,False,False,False
2025-03-05 16:00:00+00:00,53.38,53.38,52.72,52.96,3963.0,,,,,,,,,,,,,,,,,,,,,,,"rgba(239, 83, 80, 1.0)",0.0,0.0,2.3621716607721126,56.2700367178262,-1.401268490683807,0.0,0.0,0.0,0.0,32.24877882974702,-14.969387930214083,False,True,False,True,True,0.0,0,0.9204183719872667,0.9998051062171123,False,False,False,False,-0.2881125283247241,-0.2852627557266729,False,False,False,False,19288.0,28263.606922288105,False,False,False,False,9765.175895764147,False,False,False,False
2025-03-05 17:00:00+00:00,53.215,53.62,53.065,53.6,2774.0,,,,,,,,,,,,,,,,,,,,,,,"rgba(239, 83, 80, 1.0)",0.0,0.0,2.3962127625909013,56.261635825035206,-1.1107677358989256,0.0,0.0,0.0,0.0,36.010394287092154,-21.759002890105506,False,True,False,True,True,0.0,0,0.9248716448950413,0.9965555338922473,False,False,False,False,-0.26328608142290394,-0.2742744185747884,False,False,False,False,22062.0,28167.45797775651,False,False,False,False,9656.785571798811,False,False,False,False
2025-03-05 18:00:00+00:00,53.665,53.67,53.295,53.67,2272.0,,,,,,,,,,,,,,,,,,,,,,,"rgba(239, 83, 80, 1.0)",0.0,0.0,2.4253273058580036,56.25552139471093,-1.0660505031489989,0.0,0.0,0.0,0.0,38.807321757702724,-18.811639604730928,True,False,False,True,True,0.0,0,0.9312952219542402,0.9911348673489345,False,False,False,False,-0.2515164035055383,-0.26289541104016334,False,False,False,False,24334.0,28108.024520737028,False,False,False,False,9542.292772236038,False,False,False,False
2025-03-05 19:00:00+00:00,53.67,54.05,53.47,53.86,4186.0,,,,,,,,,,,,,,,,,,,,,,,"rgba(239, 83, 80, 1.0)",0.0,0.0,2.44737298394062,56.05836462209332,-0.8982548375416163,0.0,0.0,0.0,0.0,41.50245278798501,-15.98498430153056,True,False,False,True,True,0.0,0,0.9414184952978054,0.9797544409613381,False,False,False,False,-0.22838413793385443,-0.24563977448700888,False,False,False,False,28520.0,28114.41173746979,False,False,False,False,9459.249473441681,False,False,False,False
2025-03-05 20:00:00+00:00,53.84,53.995,53.63,53.995,10463.0,,,,,,,,,,,,,,,,,,,,,,,"rgba(239, 83, 80, 1.0)",0.0,0.0,2.464009873693192,56.04483100685942,-0.8319086009939655,0.0,0.0,0.0,0.0,43.91139207293484,-13.433265926827517,True,False,False,True,True,0.0,0,0.9397237065033229,0.9775185716147531,False,False,False,False,-0.22403536742579025,-0.23483757095639957,False,False,False,False,38983.0,28282.916981850103,False,False,False,False,9474.811497109253,False,False,False,False
2025-03-06 15:00:00+00:00,50.865,51.73,50.745,51.52,22378.0,,,,,,,,,,,,,,,,,,,,,,,"rgba(239, 83, 80, 1.0)",0.0,0.0,2.538769275147369,55.765719266402506,-1.6723533359115705,0.0,0.0,0.0,0.0,38.75510534286752,-13.433265926827517,False,False,False,True,False,0.0,0,0.9257178920795202,0.9841590407068477,False,False,False,False,-0.34282825441539394,-0.2888329126858967,False,False,False,False,16605.0,28101.86400538731,False,False,False,False,9674.860931262598,False,False,False,False
2025-03-06 16:00:00+00:00,51.495,51.845,50.96,50.96,14084.0,,,,,,,,,,,,,,,,,,,,,,,"rgba(239, 83, 80, 1.0)",0.0,0.0,2.6237673090218467,55.65040127727401,-1.7876590127280039,0.0,0.0,0.0,0.0,34.4091521068443,-7.8966389128628265,False,True,False,True,False,0.0,0,0.9317241379310346,0.9750470219435741,False,False,False,False,-0.3301045775575428,-0.30946874512171973,False,False,False,False,2521.0,27705.261462668124,False,False,False,False,9743.21967651434,False,False,False,False
2025-03-06 17:00:00+00:00,50.97,51.33,50.64,51.07,10470.0,,,,,,,,,,,,,,,,,,,,,,,"rgba(239, 83, 80, 1.0)",0.0,0.0,2.697476820697081,55.568074790373934,-1.6675119340641984,0.0,0.0,0.0,0.0,32.02526439698433,-10.209690374176454,False,True,False,True,False,0.0,0,0.9375,0.9794184290030217,False,False,False,False,-0.34282825441539394,-0.32614849976855687,False,False,False,False,12991.0,27477.133377975595,False,False,False,False,9754.487588506367,False,False,False,False
2025-03-06 18:00:00+00:00,51.06,51.51,50.945,51.28,23085.0,,,,,,,,,,,,,,,,,,,,,,,"rgba(239, 83, 80, 1.0)",0.0,0.0,2.746626226961078,55.42532205180856,-1.5092414144734294,0.0,0.0,0.0,0.0,31.469779447572616,-10.974893438730916,False,True,False,True,False,0.0,0,0.9346364150587642,0.9770598956696627,False,False,False,False,-0.32464121029370446,-0.32539485503113064,False,False,False,False,36076.0,27610.449139557368,False,False,False,False,9961.162199537277,False,False,False,False
2025-03-06 19:00:00+00:00,51.28,51.3,50.39,50.39,12684.0,,,,,,,,,,,,,,,,,,,,,,,"rgba(239, 83, 80, 1.0)",0.0,0.0,2.818572320861703,55.337694612865704,-1.755390335825436,0.0,0.0,0.0,0.0,29.38991092236441,-13.28320778965751,False,True,False,True,False,0.0,0,0.9280939588929842,0.9795714374960959,False,False,False,False,-0.34282825441539394,-0.33411155472326226,False,False,False,False,23392.0,27545.046827316168,False,False,False,False,10003.376739079335,False,False,False,False
2025-03-06 20:00:00+00:00,50.365,50.72,50.16,50.29,40272.0,,,,,,,,,,,,,,,,,,,,,,,"rgba(239, 83, 80, 1.0)",0.0,0.0,2.8836005427399036,55.072471878927225,-1.6585070671345747,0.0,0.0,0.0,0.0,27.827498125040766,-15.128659887227684,False,True,False,True,False,0.0,0,0.9228758169934638,0.9874883286647995,False,False,False,False,-0.34282825441539394,-0.33846990456932813,False,False,False,False,-16880.0,26856.286411388784,False,False,False,False,10472.657719868801,False,False,False,False
2025-03-07 15:00:00+00:00,48.63,48.71,47.95,48.43,21135.0,,,,,,,,,,,,,,,,,,,,,,,"rgba(239, 83, 80, 1.0)",0.0,0.0,3.0017458853740626,54.87056177813975,-2.145605265762582,0.0,0.0,0.0,0.0,24.279858559937942,-18.78443432748727,False,True,False,True,False,0.0,0,0.9119359534206694,0.9946021348859782,False,False,False,False,-0.34282825441539394,-0.340649079492361,False,False,False,False,-38015.0,25850.53003291764,False,False,False,False,10637.965352118896,False,False,False,False
2025-03-07 16:00:00+00:00,48.36,48.59,47.34,47.38,15188.0,,,,,,,,,,,,,,,,,,,,,,,"rgba(239, 83, 80, 1.0)",0.0,0.0,3.1467076201716893,54.7219627511099,-2.333220507696647,0.0,0.0,0.0,0.0,20.98693852873528,-22.09469696017298,False,True,False,True,False,0.0,0,0.9050336376741951,0.9992191254204713,False,False,False,False,-0.34282825441539394,-0.34173866695387745,False,False,False,False,-53203.0,24624.89390837628,False,False,False,False,10708.50852495426,False,False,False,False
2025-03-07 17:00:00+00:00,47.38,48.57,47.315,48.17,18346.0,,,,,,,,,,,,,,,,,,,,,,,"rgba(239, 83, 80, 1.0)",0.0,0.0,3.2421188406004307,54.56405573038744,-1.972184255035906,0.0,0.0,0.0,0.0,22.231890050260844,-22.09469696017298,False,True,False,True,False,0.0,0,0.9007291417642838,1.0077695433899119,False,False,False,False,-0.34282825441539394,-0.34228346068463567,False,False,False,False,-34857.0,23702.69400282006,False,False,False,False,10826.919245497606,False,False,False,False
2025-03-07 18:00:00+00:00,48.21,49.015,48.2,48.865,15324.0,,,,,,,,,,,,,,,,,,,,,,,"rgba(239, 83, 80, 1.0)",0.0,0.0,3.3228881730823403,54.458453879636025,-1.6833108995201262,0.0,0.0,0.0,0.0,25.736961897567568,-22.09469696017298,False,True,False,True,True,0.0,0,0.9108716361038339,1.0013693736603957,False,False,False,False,-0.3049882884133174,-0.3236358745489765,False,False,False,False,-19533.0,23032.373165567034,False,False,False,False,10896.641427737954,False,False,False,False
2025-03-07 19:00:00+00:00,48.865,49.215,48.71,49.04,28955.0,,,,,,,,,,,,,,,,,,,,,,,"rgba(239, 83, 80, 1.0)",0.0,0.0,3.3747428103539527,54.28747201334006,-1.554925014504939,0.0,0.0,0.0,0.0,28.73083004805666,-28.014612573478214,False,True,False,True,True,0.0,0,0.917222486898523,0.9986898523106246,False,False,False,False,-0.2851357428320011,-0.3043858086904888,False,False,False,False,9422.0,22821.35962811638,False,False,False,False,11176.615979245891,False,False,False,False
2025-03-07 20:00:00+00:00,49.01,49.18,48.525,48.62,52368.0,,,,,,,,,,,,,,,,,,,,,,,"rgba(239, 83, 80, 1.0)",0.0,0.0,3.4355949207464924,53.999362618097386,-1.5657732480663207,0.0,0.0,0.0,0.0,29.877951927054042,-26.721759523337134,False,True,False,True,True,0.0,0,0.9164579606440069,1.0004174120453193,False,False,False,False,-0.29126319827233144,-0.2978245034814101,False,False,False,False,-42946.0,21801.710641633956,False,False,False,False,11815.24208809479,False,False,False,False
2025-03-10 14:00:00+00:00,47.64,47.64,46.945,47.01,14477.0,,,,,,,,,,,,,,,,,,,,,,,"rgba(239, 83, 80, 1.0)",0.0,0.0,3.535988941271226,53.896483726027284,-1.9475410812658034,0.0,0.0,0.0,0.0,28.065809287459125,-26.721759523337134,False,True,False,True,True,0.0,0,0.912918210148762,0.9991768095490094,False,False,False,False,-0.34282825441539394,-0.320326378948402,False,False,False,False,-57423.0,20573.42055416676,False,False,False,False,11856.509652620452,False,False,False,False
2025-03-10 15:00:00+00:00,47.01,47.78,46.72,46.97,19686.0,,,,,,,,,,,,,,,,,,,,,,,"rgba(239, 83, 80, 1.0)",0.0,0.0,3.6132045121811793,53.76241529945502,-1.8798867533115784,0.0,0.0,0.0,0.0,26.803361242145385,-26.721759523337134,False,True,False,True,False,0.0,0,0.9105995091737755,0.9981886175061355,False,False,False,False,-0.34282825441539394,-0.33157731668189794,False,False,False,False,-77109.0,19058.96442154402,False,False,False,False,11977.897099866648,False,False,False,False
2025-03-10 16:00:00+00:00,46.97,46.97,46.97,46.97,0.0,,,,,,,,,,,,,,,,,,,,,,,"rgba(239, 83, 80, 1.0)",0.0,0.0,3.685340782707109,53.76241529945502,-1.8430901509372972,0.0,0.0,0.0,0.0,25.96172921193623,-26.721759523337134,False,True,False,True,False,0.0,0,0.9085344320188343,1.0131842260153034,False,False,False,False,-0.34282825441539394,-0.3372027855486459,False,False,False,False,-77109.0,17567.98822896194,False,False,False,False,11792.193268860963,False,False,False,False
2025-03-10 17:00:00+00:00,46.97,46.97,46.1,46.115,14483.0,,,,,,,,,,,,,,,,,,,,,,,"rgba(239, 83, 80, 1.0)",0.0,0.0,3.791024725383363,53.65456348404952,-1.988793012497983,0.0,0.0,0.0,0.0,24.163358623080562,-26.721759523337134,False,True,False,True,False,0.0,0,0.8965598215334036,1.0154984149348367,False,False,False,False,-0.34282825441539394,-0.34001551998201995,False,False,False,False,-91592.0,15875.585310683462,False,False,False,False,11833.91120267707,False,False,False,False
2025-03-10 18:00:00+00:00,46.12,46.495,45.99,46.135,13446.0,,,,,,,,,,,,,,,,,,,,,,,"rgba(239, 83, 80, 1.0)",0.0,0.0,3.884987196055223,53.03027183554993,-1.7748505947590572,0.0,0.0,0.0,0.0,23.070546836917735,-21.606989032692734,False,True,False,True,False,0.0,0,0.8954060705496305,1.0175202156334233,False,False,False,False,-0.34282825441539394,-0.3414218871987069,False,False,False,False,-78146.0,14417.886313618601,False,False,False,False,11858.904827441767,False,False,False,False
2025-03-10 19:00:00+00:00,46.15,46.89,46.08,46.885,38067.0,,,,,,,,,,,,,,,,,,,,,,,"rgba(239, 83, 80, 1.0)",0.0,0.0,3.9444880152818547,52.82476011043288,-1.5058380422049402,0.0,0.0,0.0,0.0,26.155549620995224,-21.606989032692734,False,True,False,True,True,0.0,0,0.8948779208670822,1.0148592739350857,False,False,False,False,-0.3305418342311252,-0.3359818607149161,False,False,False,False,-40079.0,13572.973347515986,False,False,False,False,12265.231884380655,False,False,False,False
2025-03-11 14:00:00+00:00,47.275,47.62,46.36,46.72,7623.0,,,,,,,,,,,,,,,,,,,,,,,"rgba(239, 83, 80, 1.0)",0.0,0.0,3.9975205998150156,52.78765199370957,-1.517853840200435,0.0,0.0,0.0,0.0,27.839896022927153,-21.606989032692734,False,True,False,True,True,0.0,0,0.9018284593643651,1.004152967641461,False,False,False,False,-0.3052569831615055,-0.3206194219382108,False,False,False,False,-47702.0,12622.973760732792,False,False,False,False,12193.259297025916,False,False,False,False
2025-03-11 15:00:00+00:00,46.715,47.46,46.7,46.87,8684.0,,,,,,,,,,,,,,,,,,,,,,,"rgba(239, 83, 80, 1.0)",0.0,0.0,4.037180235294392,52.74728584190108,-1.4557898085698202,0.0,0.0,0.0,0.0,29.7454738112829,-25.322539722695804,False,True,False,True,True,0.0,0,0.9068804966373512,1.006093004541013,False,False,False,False,-0.30079109017521943,-0.3107052560567151,False,False,False,False,-39018.0,11822.338508628407,False,False,False,False,12138.852176141792,False,False,False,False
2025-03-11 16:00:00+00:00,46.84,46.97,46.66,46.68,6692.0,,,,,,,,,,,,,,,,,,,,,,,"rgba(239, 83, 80, 1.0)",0.0,0.0,4.068308391846736,52.71292275413145,-1.4829069414260676,0.0,0.0,0.0,0.0,30.49703837268058,-24.39486895572081,False,True,False,True,True,0.0,0,0.9109956709956706,1.0092352092352097,False,False,False,False,-0.3139747713215067,-0.3123400136891109,False,False,False,False,-45710.0,10930.364268184556,False,False,False,False,12054.404855581453,False,False,False,False
2025-03-11 17:00:00+00:00,46.66,46.85,46.44,46.72,5330.0,,,,,,,,,,,,,,,,,,,,,,,"rgba(239, 83, 80, 1.0)",0.0,0.0,4.099730325123606,52.68479827071189,-1.4549245432459148,0.0,0.0,0.0,0.0,31.24437933303416,-23.413877826697053,False,False,False,True,True,0.0,0,0.9110622795350717,1.0067079164980055,False,False,False,False,-0.3224879546619817,-0.31741398417554634,False,False,False,False,-40380.0,10134.854744646811,False,False,False,False,11950.15051673523,False,False,False,False
2025-03-11 18:00:00+00:00,46.73,47.175,46.625,46.95,14001.0,,,,,,,,,,,,,,,,,,,,,,,"rgba(239, 83, 80, 1.0)",0.0,0.0,4.118487679448018,52.61854564343993,-1.3763658130451555,0.0,0.0,0.0,0.0,33.21503664791131,-21.304419848969452,False,False,False,True,True,0.0,0,0.9116120848708484,1.0016143911439117,False,False,False,False,-0.3097347191460425,-0.3135743516607944,False,False,False,False,-26379.0,9568.748469536009,False,False,False,False,11981.946632754838,False,False,False,False
2025-03-11 19:00:00+00:00,46.94,47.12,46.645,46.71,37809.0,,,,,,,,,,,,,,,,,,,,,,,"rgba(239, 83, 80, 1.0)",0.0,0.0,4.144738613129964,52.44136847226472,-1.3828057706964993,0.0,0.0,0.0,0.0,33.64229230987766,-20.650279069100222,False,False,False,True,True,0.0,0,0.9097186259278437,1.0047758789343464,False,False,False,False,-0.31060678458551655,-0.3120905681231555,False,False,False,False,-64188.0,8425.232989388165,False,False,False,False,12382.36606480515,False,False,False,False
2025-03-12 14:00:00+00:00,47.08,47.325,46.81,46.87,3804.0,,,,,,,,,,,,,,,,,,,,,,,"rgba(239, 83, 80, 1.0)",0.0,0.0,4.170398357406492,52.42522115286032,-1.332060075986369,0.0,0.0,0.0,0.0,35.039545563788494,-19.075841809963514,True,False,False,True,True,0.0,0,0.9099135215623388,1.0013172212358974,False,False,False,False,-0.3014106532414994,-0.30675061068232745,False,False,False,False,-60384.0,7358.4231755992005,False,False,False,False,12249.368141319797,False,False,False,False
2025-03-12 15:00:00+00:00,46.87,47.25,46.59,47.12,5954.0,,,,,,,,,,,,,,,,,,,,,,,"rgba(239, 83, 80, 1.0)",0.0,0.0,4.193901326132103,52.4000122436109,-1.258973884462009,0.0,0.0,0.0,0.0,37.67430410355281,-16.42654586588099,True,False,False,True,True,0.0,0,0.9086447931526389,1.0027960057061345,False,False,False,False,-0.3087386316368429,-0.3077446211595852,False,False,False,False,-54430.0,6400.4631263651045,False,False,False,False,12151.76553447763,False,False,False,False
2025-03-12 16:00:00+00:00,47.065,47.64,47.065,47.385,4406.0,,,,,,,,,,,,,,,,,,,,,,,"rgba(239, 83, 80, 1.0)",0.0,0.0,4.201787968845453,52.38388818286836,-1.1897050065193873,0.0,0.0,0.0,0.0,41.128580203123285,-13.144359438726553,True,False,False,True,True,0.0,0,0.919659406858202,0.9944972196478225,False,False,False,False,-0.28733929531400815,-0.29754195823679663,False,False,False,False,-50024.0,5525.665248436963,False,False,False,False,12031.676146346193,False,False,False,False
2025-03-12 17:00:00+00:00,47.38,48.22,47.33,47.73,12218.0,,,,,,,,,,,,,,,,,,,,,,,"rgba(239, 83, 80, 1.0)",0.0,0.0,4.212993174274762,52.34622674970358,-1.0957118985834193,0.0,0.0,0.0,0.0,45.4341990288565,-9.208522300238933,True,False,False,True,True,0.0,0,0.9267503035208416,0.9855466265826447,False,False,False,False,-0.26667936329911013,-0.2821106607679534,False,False,False,False,-37806.0,4853.856484895305,False,False,False,False,12034.564888263307,False,False,False,False
2025-03-12 18:00:00+00:00,47.695,48.24,47.68,48.09,5804.0,,,,,,,,,,,,,,,,,,,,,,,"rgba(239, 83, 80, 1.0)",0.0,0.0,4.203942436452744,52.041833204047094,-0.9400302843779229,0.0,0.0,0.0,0.0,50.13534357048792,-5.028443639444021,True,False,True,False,True,0.0,0,0.9299809038828768,0.9850703084312253,False,False,False,False,-0.25770350481247806,-0.2699070827902157,False,False,False,False,-32002.0,4282.447857222509,False,False,False,False,11937.966983018914,False,False,False,False
2025-03-12 19:00:00+00:00,48.08,48.08,47.45,47.51,12078.0,,,,,,,,,,,,,,,,,,,,,,,"rgba(239, 83, 80, 1.0)",0.0,0.0,4.196087831550872,51.991542852711596,-1.0680288479698534,0.0,0.0,0.0,0.0,49.735889332791565,-5.028443639444021,True,False,False,False,True,0.0,0,0.9288560374198761,0.9832534503666919,False,False,False,False,-0.2671657306656952,-0.2685364067279554,False,False,False,False,-44080.0,3532.6424640872756,False,False,False,False,11940.138037545752,False,False,False,False
2025-03-13 14:00:00+00:00,46.73,47.04,46.59,46.7,5948.0,,,,,,,,,,,,,,,,,,,,,,,"rgba(239, 83, 80, 1.0)",0.0,0.0,4.194744022513603,51.9508226118849,-1.2517623444251234,0.0,0.0,0.0,0.0,45.90387990176995,-5.028443639444021,True,False,False,True,False,0.0,0,0.9193261903397694,0.9916346759869367,False,False,False,False,-0.3139747713215067,-0.29125558902473103,False,False,False,False,-50028.0,2702.244906504527,False,False,False,False,11847.236672622563,False,False,False,False
2025-03-13 15:00:00+00:00,46.8,46.8,46.15,46.19,5574.0,,,,,,,,,,,,,,,,,,,,,,,"rgba(239, 83, 80, 1.0)",0.0,0.0,4.1996361629193615,51.9114413415891,-1.362365957343281,0.0,0.0,0.0,0.0,41.6402043686864,-2.3731511186559473,True,False,False,True,False,0.0,0,0.9160815208083575,0.9939487355140724,False,False,False,False,-0.3310465686712219,-0.31115107884797644,False,False,False,False,-55602.0,1798.3031250083327,False,False,False,False,11749.977189326088,False,False,False,False
2025-03-13 16:00:00+00:00,46.19,46.32,45.97,45.995,10690.0,,,,,,,,,,,,,,,,,,,,,,,"rgba(239, 83, 80, 1.0)",0.0,0.0,4.209963100349627,51.839527750736494,-1.388261039687289,0.0,0.0,0.0,0.0,38.195903009352236,-5.469796225315974,True,False,False,True,False,0.0,0,0.9249610973430927,0.9970030545789871,False,False,False,False,-0.34282825441539394,-0.32698966663168516,False,False,False,False,-66292.0,742.6395106671182,False,False,False,False,11733.543434452815,False,False,False,False
2025-03-13 17:00:00+00:00,46.0,46.08,45.435,45.445,4637.0,,,,,,,,,,,,,,,,,,,,,,,"rgba(239, 83, 80, 1.0)",-1.0,43.8525,4.259040943305884,51.42197360075763,-1.4033613858894443,0.0,0.0,0.0,0.0,34.36043675794565,-8.952587880483726,False,False,False,True,False,0.0,0,0.9188176999308595,0.9965429822539758,True,False,False,False,-0.34282825441539394,-0.3349089605235396,False,False,False,False,-70929.0,-368.54869880058914,False,False,False,False,11623.519505236492,True,False,False,False
2025-03-13 18:00:00+00:00,45.465,46.02,45.465,46.02,3407.0,,,,,,,,,,,,,,,,,,,,,,,"rgba(239, 83, 80, 1.0)",0.0,0.0,4.289103202218195,51.40676036961371,-1.2559176395727278,0.0,0.0,0.0,0.0,35.416030332001775,-8.952587880483726,True,False,False,True,False,0.0,0,0.9164118834727429,1.0006922411306605,False,False,False,False,-0.34282825441539394,-0.3388686074694668,False,False,False,False,-67522.0,-1409.687478664146,False,False,False,False,11496.1316059305,False,False,False,False
2025-03-13 19:00:00+00:00,45.98,46.04,45.61,45.655,8561.0,,,,,,,,,,,,,,,,,,,,,,,"rgba(239, 83, 80, 1.0)",0.0,0.0,4.312910675575669,51.35938902966309,-1.3226309234660172,0.0,0.0,0.0,0.0,34.925256803591125,-8.952587880483726,False,False,False,True,False,0.0,0,0.9154294956963779,1.0020796025648435,False,False,False,False,-0.33877627026293755,-0.33882243886620217,False,False,False,False,-76083.0,-2567.413254188733,False,False,False,False,11450.625689559485,False,False,False,False
2025-03-14 14:00:00+00:00,46.24,46.625,46.12,46.52,13848.0,,,,,,,,,,,,,,,,,,,,,,,"rgba(239, 83, 80, 1.0)",0.0,0.0,4.3173077582306245,51.323648949528106,-1.1126491829011507,0.0,0.0,0.0,0.0,39.066243339451916,-8.952587880483726,True,False,False,True,True,0.0,0,0.9163460986392602,0.9908135729459724,False,False,False,False,-0.312148537420961,-0.3254854881435816,False,False,False,False,-62235.0,-3492.4921184648765,False,False,False,False,11487.794283519803,False,False,False,False
2025-03-14 15:00:00+00:00,46.56,46.88,46.5,46.66,14574.0,,,,,,,,,,,,,,,,,,,,,,,"rgba(239, 83, 80, 1.0)",0.0,0.0,4.310951998704483,51.287472552440065,-1.07342242591212,0.0,0.0,0.0,0.0,42.45226894823712,-14.251736381161628,True,False,False,True,True,0.0,0,0.9236071223434806,0.9847788627225733,False,False,False,False,-0.2969032321453195,-0.31119436014445057,False,False,False,False,-47661.0,-4177.275186395654,False,False,False,False,11535.642434162906,False,False,False,False
2025-03-14 16:00:00+00:00,46.67,46.79,46.52,46.725,13271.0,,,,,,,,,,,,,,,,,,,,,,,"rgba(239, 83, 80, 1.0)",0.0,0.0,4.300595714025502,51.24982425383624,-1.0521389488157324,0.0,0.0,0.0,0.0,45.01886779683123,-11.735955402645374,True,False,False,True,True,0.0,0,0.9172759433962265,1.0008844339622645,False,False,False,False,-0.2985771387080156,-0.3048857494262331,False,False,False,False,-34390.0,-4645.689524591069,False,False,False,False,11562.547202625497,False,False,False,False
2025-03-14 17:00:00+00:00,46.71,46.92,46.67,46.705,9499.0,,,,,,,,,,,,,,,,,,,,,,,"rgba(239, 83, 80, 1.0)",0.0,0.0,4.267458298956457,51.223981243024795,-1.0589397544036565,0.0,0.0,0.0,0.0,46.62486541819931,-10.052888052284864,True,False,False,True,True,0.0,0,0.9141704727445282,0.9975087490361234,False,False,False,False,-0.29189115605437804,-0.29838845274030557,False,False,False,False,-43889.0,-5254.112942814464,False,False,False,False,11530.554222739831,False,False,False,False
2025-03-14 18:00:00+00:00,46.71,46.94,46.62,46.855,12777.0,,,,,,,,,,,,,,,,,,,,,,,"rgba(239, 83, 80, 1.0)",0.0,0.0,4.230441798537098,51.18955663217767,-1.0246108653891843,0.0,0.0,0.0,0.0,48.5375860250132,-8.015004740777854,True,False,False,False,True,0.0,0,0.9128657741973699,0.9915886743276865,False,False,False,False,-0.29260628892276713,-0.2954973708315364,False,False,False,False,-31112.0,-5655.010416569279,False,False,False,False,11549.878963472547,False,False,False,False
2025-03-14 19:00:00+00:00,46.855,46.97,46.725,46.895,32225.0,,,,,,,,,,,,,,,,,,,,,,,"rgba(239, 83, 80, 1.0)",0.0,0.0,4.1938897391494585,51.10493479909045,-1.0038258182591713,0.0,0.0,0.0,0.0,50.04905790074384,-6.312472290985028,True,False,False,False,True,0.0,0,0.9145131586764093,0.9939404740687936,False,False,False,False,-0.2893904706899044,-0.2924439207607204,False,False,False,False,1113.0,-5550.080022513941,False,False,False,False,11870.42347566677,False,False,False,False
2025-03-17 14:00:00+00:00,47.565,47.71,47.19,47.24,8806.0,,,,,,,,,,,,,,,,,,,,,,,"rgba(239, 83, 80, 1.0)",0.0,0.0,4.155886882938795,51.089846997202095,-0.9263599096036298,0.0,0.0,0.0,0.0,53.03061454947684,-3.2523313320563787,True,False,True,False,True,0.0,0,0.9114835359376842,0.9897320901687716,False,False,False,False,-0.26093442413898404,-0.27668917244985225,False,False,False,False,9919.0,-5310.249324490469,False,False,False,False,11822.913034183564,False,False,False,False
2025-03-17 15:00:00+00:00,47.24,47.95,47.24,47.74,6205.0,,,,,,,,,,,,,,,,,,,,,,,"rgba(38, 166, 154, 1.0)",0.0,0.0,4.105088896339004,51.08172992992709,-0.8140456916553765,0.0,0.0,0.0,0.0,57.35067542214925,0.9373352471353371,True,False,True,False,True,0.0,0,0.9117612501468687,0.9886029843731645,False,False,False,False,-0.2541489350285992,-0.2654190537392257,False,False,False,False,16124.0,-4977.935381475112,False,False,False,False,11735.813607296997,False,False,False,False
2025-03-17 16:00:00+00:00,47.72,48.03,47.57,47.71,6989.0,,,,,,,,,,,,,,,,,,,,,,,"rgba(38, 166, 154, 1.0)",0.0,0.0,4.043227595298873,51.0736650624778,-0.8319257284424919,0.0,0.0,0.0,0.0,59.980244543206794,3.4770287152600403,True,False,True,False,True,0.0,0,0.9104209137786305,0.9928048926729824,False,False,False,False,-0.24459444923489057,-0.25500675148705815,False,False,False,False,9135.0,-4759.13018176232,False,False,False,False,11662.21959788154,False,False,False,False
2025-03-17 17:00:00+00:00,47.71,48.12,47.68,47.975,4175.0,,,,,,,,,,,,,,,,,,,,,,,"rgba(38, 166, 154, 1.0)",0.0,0.0,3.982086068815987,51.069700743762446,-0.7771556642126038,0.0,0.0,0.0,0.0,62.91112412303479,6.317428552346087,True,False,True,False,True,0.0,0,0.9130852340936376,0.99171668667467,False,False,False,False,-0.23994966747020532,-0.24747820947863175,False,False,False,False,13310.0,-4478.988628556702,False,False,False,False,11546.138673883375,False,False,False,False
2025-03-17 18:00:00+00:00,47.975,48.195,47.97,48.115,4871.0,,,,,,,,,,,,,,,,,,,,,,,"rgba(38, 166, 154, 1.0)",0.0,0.0,3.9168224021173867,51.066184168834596,-0.753463870927418,0.0,0.0,0.0,0.0,65.45808754632904,8.815536420783609,True,False,True,False,True,0.0,0,0.9186277460126393,0.9875413782726452,False,False,False,False,-0.23149890781152818,-0.23948855864507995,False,False,False,False,18181.0,-4127.670975400783,False,False,False,False,11442.648151807663,False,False,False,False
2025-03-17 19:00:00+00:00,48.115,48.16,47.875,47.91,10191.0,,,,,,,,,,,,,,,,,,,,,,,"rgba(38, 166, 154, 1.0)",0.0,0.0,3.8466891251079933,51.05624344239652,-0.8179094644951835,0.0,0.0,0.0,0.0,65.13824010755019,8.815536420783609,True,False,True,False,True,0.0,0,0.9146414821944179,0.9883301251203082,False,False,False,False,-0.23450498480062515,-0.23699677172285255,False,False,False,False,7990.0,-3939.8001075651123,False,False,False,False,11423.242754105218,False,False,False,False
2025-03-18 14:00:00+00:00,47.585,48.2,47.585,47.96,10614.0,,,,,,,,,,,,,,,,,,,,,,,"rgba(38, 166, 154, 1.0)",0.0,0.0,3.7710018956898117,51.04398342779963,-0.8178154010806965,0.0,0.0,0.0,0.0,65.1972048607587,9.138378898571247,True,False,True,False,True,0.0,0,0.9117964718588744,0.9894395775831035,False,False,False,False,-0.2402976715782303,-0.23864722165054142,False,False,False,False,18604.0,-3590.2838268276687,False,False,False,False,11410.696354816764,False,False,False,False
2025-03-18 15:00:00+00:00,47.94,48.18,47.81,47.95,6160.0,,,,,,,,,,,,,,,,,,,,,,,"rgba(38, 166, 154, 1.0)",0.0,0.0,3.7040623644856256,51.037169975215534,-0.8334551828325489,0.0,0.0,0.0,0.0,65.12441854398692,9.544683255696079,True,False,True,False,True,0.0,0,0.9112017759644809,0.9925001499970002,False,False,False,False,-0.2355465177942005,-0.23709686972237096,False,False,False,False,12444.0,-3341.6902791249145,False,False,False,False,11329.290209780846,False,False,False,False
2025-03-18 16:00:00+00:00,47.955,48.505,47.955,48.32,16455.0,,,,,,,,,,,,,,,,,,,,,,,"rgba(38, 166, 154, 1.0)",0.0,0.0,3.6356861032603285,51.02453332716533,-0.7438852668661409,0.0,0.0,0.0,0.0,67.13619334494355,11.885088019382515,True,False,True,False,True,0.0,0,0.9091667660030993,0.9885564429610206,False,False,False,False,-0.22469255468441476,-0.23089471220339286,False,False,False,False,28899.0,-2841.8346158826675,False,False,False,False,11408.758578621451,False,False,False,False
2025-03-18 17:00:00+00:00,48.31,48.59,48.13,48.425,6989.0,,,,,,,,,,,,,,,,,,,,,,,"rgba(38, 166, 154, 1.0)",0.0,0.0,3.5673369935042643,51.019834808279896,-0.7273870713657871,0.0,0.0,0.0,0.0,68.99015873954933,13.974024263697231,True,False,True,False,True,0.0,0,0.9117368109069356,0.9876111440426796,False,False,False,False,-0.218710683089258,-0.22480269764632543,False,False,False,False,35888.0,-2241.3720636984403,False,False,False,False,11340.235189805613,False,False,False,False
2025-03-18 18:00:00+00:00,48.44,48.45,48.05,48.33,4690.0,,,,,,,,,,,,,,,,,,,,,,,"rgba(38, 166, 154, 1.0)",0.0,0.0,3.4951550146703627,51.01584485320679,-0.7684479921300708,0.0,0.0,0.0,0.0,68.97822811684367,14.311927301568815,True,False,True,False,True,0.0,0,0.9112094395280235,0.9893215339233038,False,False,False,False,-0.22377124695627143,-0.22428697230129843,False,False,False,False,31198.0,-1722.9321867418753,False,False,False,False,11237.13076825824,False,False,False,False
2025-03-18 19:00:00+00:00,48.31,48.585,48.295,48.53,26294.0,,,,,,,,,,,,,,,,,,,,,,,"rgba(38, 166, 154, 1.0)",0.0,0.0,3.426342740674869,50.998239480341624,-0.720371447678193,0.0,0.0,0.0,0.0,70.09523951014373,15.727783130919292,True,False,True,False,True,0.0,0,0.9143932267168392,0.9877704609595486,False,False,False,False,-0.21503720069226948,-0.21966208649678395,False,False,False,False,57492.0,-804.8712226063423,False,False,False,False,11470.570601308498,False,False,False,False
2025-03-19 14:00:00+00:00,48.815,49.18,48.795,49.05,5005.0,,,,,,,,,,,,,,,,,,,,,,,"rgba(38, 166, 154, 1.0)",0.0,0.0,3.3546457339037734,50.99792839316942,-0.5806659026563236,0.0,0.0,0.0,0.0,73.0651685536088,18.76667796427911,True,False,True,False,True,0.0,0,0.9177850390944102,0.9827284397245888,False,False,False,False,-0.19004419796960076,-0.20485314223319234,False,False,False,False,62497.0,176.55313743406623,False,False,False,False,11370.329196637047,False,False,False,False
2025-03-19 15:00:00+00:00,49.05,49.365,49.05,49.28,2902.0,,,,,,,,,,,,,,,,,,,,,,,"rgba(38, 166, 154, 1.0)",0.0,0.0,3.2713070258929284,50.998480743121355,-0.5253193080072579,0.0,0.0,0.0,0.0,75.79521312504204,21.43979580767484,True,False,True,False,True,0.0,0,0.9210511016801349,0.9806406604267195,False,False,False,False,-0.18006872347763506,-0.1924609328554137,False,False,False,False,65399.0,1187.753863985476,False,False,False,False,11239.03727110779,False,False,False,False
2025-03-19 16:00:00+00:00,49.31,49.37,49.15,49.17,4623.0,,,,,,,,,,,,,,,,,,,,,,,"rgba(38, 166, 154, 1.0)",0.0,0.0,3.162260635103168,50.99921612827867,-0.5784520440766859,0.0,0.0,0.0,0.0,76.13845300490448,21.886495286301724,True,False,True,False,True,0.0,0,0.9217223424793778,0.989235359503891,False,False,False,False,-0.1776935151052669,-0.18507722398034032,False,False,False,False,60776.0,2111.6026412880265,False,False,False,False,11136.463049850305,False,False,False,False
2025-03-19 17:00:00+00:00,49.16,49.18,49.04,49.07,4281.0,,,,,,,,,,,,,,,,,,,,,,,"rgba(38, 166, 154, 1.0)",0.0,0.0,3.0215424555696,50.99905578001377,-0.6384341138275077,0.0,0.0,0.0,0.0,75.01470112321061,21.886495286301724,True,False,True,False,True,0.0,0,0.9169846768038514,0.9909587271766573,False,False,False,False,-0.18448518445503942,-0.18478120421768987,False,False,False,False,56495.0,2954.7560887099175,False,False,False,False,11030.176801015416,False,False,False,False
2025-03-19 18:00:00+00:00,49.07,49.905,49.07,49.885,18841.0,,,,,,,,,,,,,,,,,,,,,,,"rgba(38, 166, 154, 1.0)",0.0,0.0,2.877109958223784,51.0086886741268,-0.3905616019001671,0.0,0.0,0.0,0.0,77.22728392437165,23.122413856451246,True,False,True,False,True,0.0,0,0.9157244434083227,0.9821074717333023,False,False,False,False,-0.16742348032694981,-0.17610234227231986,False,False,False,False,75336.0,4076.9459167919345,False,False,False,False,11151.2748351082,False,False,False,False
2025-03-19 19:00:00+00:00,49.92,50.13,49.65,49.77,20502.0,,,,,,,,,,,,,,,,,,,,,,,"rgba(38, 166, 154, 1.0)",0.0,0.0,2.7233067505619712,50.95262782831404,-0.4342617033758673,0.0,0.0,0.0,0.0,77.36208268059725,23.422756587386075,True,False,True,False,True,0.0,0,0.9222454672245467,0.980241748024175,False,False,False,False,-0.14933739541377225,-0.16271986884304607,False,False,False,False,54834.0,4863.876987849424,False,False,False,False,11296.247318284815,False,False,False,False
2025-03-20 14:00:00+00:00,49.57,49.875,49.46,49.78,16165.0,,,,,,,,,,,,,,,,,,,,,,,"rgba(38, 166, 154, 1.0)",0.0,0.0,2.596169774012138,50.9540272383669,-0.4522151248038556,0.0,0.0,0.0,0.0,77.48769387777011,23.799327852383996,True,False,True,False,True,0.0,0,0.9237436016751976,0.9824918566775245,False,False,False,False,-0.15932256493539804,-0.16102121688922205,False,False,False,False,70999.0,5889.2277322238515,False,False,False,False,11371.731855985825,False,False,False,False
2025-03-20 15:00:00+00:00,49.78,49.86,49.58,49.58,5257.0,,,,,,,,,,,,,,,,,,,,,,,"rgba(38, 166, 154, 1.0)",0.0,0.0,2.4846722770464233,50.95441000738891,-0.5531554483405341,0.0,0.0,0.0,0.0,75.04842138761504,23.799327852383996,True,False,True,False,False,0.0,0,0.9222021344841663,0.9854785093602381,False,False,False,False,-0.1569637446154522,-0.15899248075233713,False,False,False,False,65742.0,6817.177689863792,False,False,False,False,11276.929811706974,False,False,False,False
2025-03-20 16:00:00+00:00,49.595,49.815,49.56,49.635,5799.0,,,,,,,,,,,,,,,,,,,,,,,"rgba(38, 166, 154, 1.0)",0.0,0.0,2.362960336008262,50.95485232747711,-0.5585588159751912,0.0,0.0,0.0,0.0,73.71299831720297,27.28461707196209,True,False,True,False,False,0.0,0,0.9301639731036923,0.9851952341630295,False,False,False,False,-0.15842376079129428,-0.1587081207718157,False,False,False,False,71541.0,7820.6478031992365,False,False,False,False,11192.000667339422,False,False,False,False
2025-03-20 17:00:00+00:00,49.66,49.92,49.52,49.635,6950.0,,,,,,,,,,,,,,,,,,,,,,,"rgba(38, 166, 154, 1.0)",0.0,0.0,2.319096715657909,50.9557051431252,-0.5694911877577857,0.0,0.0,0.0,0.0,72.8227162702616,26.306882200984305,True,False,True,False,False,0.0,0,0.9271130104463439,0.9932336182336184,False,False,False,False,-0.1569637446154522,-0.15783593269363394,False,False,False,False,71541.0,8808.560240358938,False,False,False,False,11126.233215132608,False,False,False,False
2025-03-20 18:00:00+00:00,49.635,49.765,49.425,49.6,8990.0,,,,,,,,,,,,,,,,,,,,,,,"rgba(38, 166, 154, 1.0)",0.0,0.0,2.282152151246749,50.95504178090454,-0.593756108752114,0.0,0.0,0.0,0.0,71.6843228591287,25.08699168635249,True,False,True,False,False,0.0,0,0.9204923882017128,0.9953020932445291,False,False,False,False,-0.16258288184207106,-0.1602094072678525,False,False,False,False,62551.0,9641.776360663449,False,False,False,False,11093.11332032435,False,False,False,False
2025-03-20 19:00:00+00:00,49.655,49.86,49.34,49.405,12781.0,,,,,,,,,,,,,,,,,,,,,,,"rgba(38, 166, 154, 1.0)",0.0,0.0,2.237423556497493,50.952760131920286,-0.6917600055767621,0.0,0.0,0.0,0.0,68.00934068089245,21.591242826611605,True,False,True,False,False,0.0,0,0.920199501246883,0.9922812017575111,False,False,False,False,-0.16235792314098793,-0.16128366520442022,False,False,False,False,49770.0,10263.919362823706,False,False,False,False,11119.282106055756,False,False,False,False
2025-03-21 14:00:00+00:00,48.46,48.67,48.26,48.67,6017.0,,,,,,,,,,,,,,,,,,,,,,,"rgba(38, 166, 154, 1.0)",0.0,0.0,2.179582791302698,50.80784995992485,-0.980852834980907,0.0,0.0,0.0,0.0,58.51669780625833,13.019297477449172,False,False,True,False,False,0.0,0,0.912948407304533,1.00395957685716,False,False,False,False,-0.21389041308276155,-0.18758703914359087,False,False,False,False,43753.0,10783.129915338068,False,False,False,False,11040.176957124659,False,False,False,False
2025-03-21 15:00:00+00:00,48.74,48.795,48.555,48.59,6302.0,,,,,,,,,,,,,,,,,,,,,,,"rgba(239, 83, 80, 1.0)",0.0,0.0,2.1117085073036317,50.80185504965,-1.0474244158225416,0.0,0.0,0.0,0.0,51.64925828500421,7.247744337774705,False,True,False,False,False,0.0,0,0.9124126495321571,1.002368826246595,False,False,False,False,-0.19865460346065456,-0.1931208213021227,False,False,False,False,37451.0,11196.585265487865,False,False,False,False,10966.71684926226,False,False,False,False
2025-03-21 16:00:00+00:00,48.59,49.14,48.59,49.14,5651.0,,,,,,,,,,,,,,,,,,,,,,,"rgba(239, 83, 80, 1.0)",0.0,0.0,2.06106986999658,50.80298955598639,-0.8068574385540612,0.0,0.0,0.0,0.0,52.04480721670257,7.247744337774705,False,True,False,False,False,0.0,0,0.9192683508102959,0.9945781696854147,False,False,False,False,-0.18964665602808434,-0.19138373866510353,False,False,False,False,43102.0,11691.242858270998,False,False,False,False,10884.302634545016,False,False,False,False
2025-03-21 17:00:00+00:00,49.14,49.355,48.97,49.325,4560.0,,,,,,,,,,,,,,,,,,,,,,,"rgba(239, 83, 80, 1.0)",0.0,0.0,1.9823901012445102,50.80634706284954,-0.7472530567619222,0.0,0.0,0.0,0.0,53.61910827638856,7.247744337774705,False,True,True,False,True,0.0,0,0.9266706443914084,0.9893198090692129,False,False,False,False,-0.1756023906908144,-0.18349306467795895,False,False,False,False,47662.0,12248.929015507107,False,False,False,False,10786.25143090866,False,False,False,False
2025-03-21 18:00:00+00:00,49.31,49.33,49.06,49.235,4490.0,,,,,,,,,,,,,,,,,,,,,,,"rgba(239, 83, 80, 1.0)",0.0,0.0,1.912608960565316,50.807663526498956,-0.8222608797326347,0.0,0.0,0.0,0.0,53.84296960919728,7.247744337774705,False,True,True,False,True,0.0,0,0.9240839261163253,0.9921692868671173,False,False,False,False,-0.17407238563291103,-0.17878272515543497,False,False,False,False,43172.0,12728.356472631027,False,False,False,False,10688.635129654262,False,False,False,False
2025-03-21 19:00:00+00:00,49.24,49.44,49.095,49.43,24263.0,,,,,,,,,,,,,,,,,,,,,,,"rgba(239, 83, 80, 1.0)",0.0,0.0,1.8168160323748233,50.81049641031997,-0.7598438068137675,0.0,0.0,0.0,0.0,55.45694840250331,7.247744337774705,False,False,True,False,True,0.0,0,0.923665034046112,0.9900250866085298,False,False,False,False,-0.17066219189591494,-0.17472245852567497,False,False,False,False,67435.0,13576.521488559229,False,False,False,False,10899.090398961947,False,False,False,False
2025-03-24 14:00:00+00:00,51.05,51.365,50.92,51.305,5882.0,,,,,,,,,,,,,,,,,,,,,,,"rgba(38, 166, 154, 1.0)",0.0,0.0,1.7416257239030606,50.834207773760454,0.2703176806463787,0.0,0.0,0.0,0.0,63.553501752280155,6.93377913863096,True,False,True,False,True,4.560412139727784,0,0.9270692988108492,0.9869954894265132,False,False,False,False,-0.08359323665559298,-0.12915784759063398,False,False,False,False,73317.0,14502.730457728852,False,False,False,False,10821.30605169122,False,False,False,False
2025-03-24 15:00:00+00:00,51.34,51.56,51.32,51.48,3954.0,,,,,,,,,,,,,,,,,,,,,,,"rgba(38, 166, 154, 1.0)",0.0,0.0,1.6583813936623693,50.8507069699699,0.37946218670505427,0.0,0.0,0.0,0.0,69.29421242336238,12.061091998288887,True,False,True,False,True,5.262672031066085,0,0.9299941417691859,0.9857644991212656,False,False,False,False,-0.06555982499716242,-0.0973588362938982,False,False,False,False,77271.0,15475.881923500498,False,False,False,False,10714.836190424689,False,False,False,False
2025-03-24 16:00:00+00:00,51.47,51.6,51.36,51.36,2481.0,,,,,,,,,,,,,,,,,,,,,,,"rgba(38, 166, 154, 1.0)",0.0,0.0,1.560114620990818,50.86036259960071,0.32025685400087506,0.0,0.0,0.0,0.0,72.1058378742544,14.4883051217831,True,False,True,False,True,4.706649062902823,0,0.9359985869053229,0.9851036269430055,False,False,False,False,-0.06369486363854872,-0.08052684996622346,False,False,False,False,74790.0,16395.480653368708,False,False,False,False,10587.179815379344,False,False,False,False
2025-03-24 17:00:00+00:00,51.36,51.44,51.19,51.27,3116.0,,,,,,,,,,,,,,,,,,,,,,,"rgba(38, 166, 154, 1.0)",0.0,0.0,1.5532180978401433,50.87099833995623,0.25688707889678336,0.0,0.0,0.0,0.0,73.18116036566883,15.514772784620334,True,False,True,False,True,4.286297714803034,0,0.9332427482719917,0.9868257812961543,False,False,False,False,-0.06649993352906433,-0.0735133917476439,False,False,False,False,71674.0,17252.511961068416,False,False,False,False,10471.347570179663,False,False,False,False
2025-03-24 18:00:00+00:00,51.265,51.33,51.17,51.28,8290.0,,,,,,,,,,,,,,,,,,,,,,,"rgba(38, 166, 154, 1.0)",0.0,0.0,1.561277407811577,50.89612272877091,0.24587383978556698,0.0,0.0,0.0,0.0,73.92962048050873,16.463775300928774,True,False,True,False,True,4.328554191610664,0,0.9367306891835646,0.9859665814354528,False,False,False,False,-0.05598112276016175,-0.06474725725390282,False,False,False,False,79964.0,18224.783093454953,False,False,False,False,10437.528228006337,False,False,False,False
2025-03-24 19:00:00+00:00,51.28,51.555,51.26,51.425,13106.0,,,,,,,,,,,,,,,,,,,,,,,"rgba(38, 166, 154, 1.0)",0.0,0.0,1.570545558508267,50.933784804965484,0.3127672370746625,0.0,0.0,0.0,0.0,74.91148765011863,17.77443669770075,True,False,True,False,True,4.947927694919105,0,0.9455262214789154,0.9747342014096287,False,False,False,False,-0.04186258978029848,-0.053304923517100644,False,False,False,False,93070.0,19385.17405324635,False,False,False,False,10478.899883386082,False,False,False,False
2025-03-25 14:00:00+00:00,50.96,51.46,50.96,51.32,3940.0,,,,,,,,,,,,,,,,,,,,,,,"rgba(38, 166, 154, 1.0)",0.0,0.0,1.5716035822746501,50.94282204105562,0.23999560906986067,0.0,0.0,0.0,0.0,74.39178145009394,17.77443669770075,True,False,True,False,True,4.433519742313138,0,0.9478104379124177,0.9719256148770249,False,False,False,False,-0.05193102798366636,-0.0526179757503835,False,False,False,False,89130.0,20466.48918420377,False,False,False,False,10377.521590620407,False,False,False,False
2025-03-25 15:00:00+00:00,51.32,51.43,51.2,51.23,4106.0,,,,,,,,,,,,,,,,,,,,,,,"rgba(38, 166, 154, 1.0)",0.0,0.0,1.5901239398684737,50.95210359111411,0.17476399286767114,0.0,0.0,0.0,0.0,73.0105791908268,17.77443669770075,True,False,True,False,True,3.9889967842159173,0,0.9495727524371166,0.9687086291972562,False,False,False,False,-0.046577007243416096,-0.0495974914968998,False,False,False,False,85024.0,21467.380824758748,False,False,False,False,10280.28869774257,False,False,False,False
2025-03-25 16:00:00+00:00,51.23,51.505,51.23,51.49,5352.0,,,,,,,,,,,,,,,,,,,,,,,"rgba(38, 166, 154, 1.0)",0.0,0.0,1.6168795717517874,50.96468760373826,0.3248927164640941,0.0,0.0,0.0,0.0,73.28884930875128,17.77443669770075,True,False,True,False,True,5.14142758792584,0,0.9617189881133802,0.9653764096312103,False,False,False,False,-0.043901016314533074,-0.04674925390571644,False,False,False,False,90376.0,22535.73150964621,False,False,False,False,10203.881121033382,False,False,False,False
2025-03-25 17:00:00+00:00,51.49,51.64,51.4,51.59,3016.0,,,,,,,,,,,,,,,,,,,,,,,"rgba(38, 166, 154, 1.0)",0.0,0.0,1.6621114813920495,50.97214970960627,0.3717261431082058,0.0,0.0,0.0,0.0,73.90778666061306,18.598695286241835,True,False,True,False,True,5.583559767290964,0,0.9581062044466224,0.9682734121394013,False,False,False,False,-0.03613132381274516,-0.0414402888592308,False,False,False,False,93392.0,23634.278307946268,False,False,False,False,10092.44110365302,False,False,False,False
2025-03-25 18:00:00+00:00,51.57,51.595,51.45,51.54,5706.0,,,,,,,,,,,,,,,,,,,,,,,"rgba(38, 166, 154, 1.0)",0.0,0.0,1.7001588743987714,50.985561450187475,0.3261098466510021,0.0,0.0,0.0,0.0,73.63899462565084,18.823970988001562,True,False,True,False,True,5.32418800598575,0,0.9542487684729067,0.972290640394089,False,False,False,False,-0.03600399068244534,-0.03872213977083808,False,False,False,False,87686.0,24627.32825666028,False,False,False,False,10024.434264836695,False,False,False,False
2025-03-25 19:00:00+00:00,51.545,51.815,51.535,51.74,16433.0,,,,,,,,,,,,,,,,,,,,,,,"rgba(38, 166, 154, 1.0)",0.0,0.0,1.744451507798874,51.06013183388438,0.38973176558715233,0.0,0.0,0.0,0.0,74.43770497082848,20.05161459566945,True,False,True,False,True,6.227679025024763,0,0.9501354346220144,0.970819995075105,False,False,False,False,-0.028238719895064785,-0.03348042983295143,False,False,False,False,104119.0,25859.757275936863,False,False,False,False,10123.791873133801,False,True,False,False
2025-03-26 14:00:00+00:00,51.415,51.425,50.94,51.235,5894.0,,,,,,,,,,,,,,,,,,,,,,,"rgba(38, 166, 154, 1.0)",0.0,0.0,1.7742452474776145,51.061408797732156,0.09783946301371373,0.0,0.0,0.0,0.0,68.97523062095254,23.457607528099047,True,False,True,False,False,3.60159588262529,0,0.9414361930459311,0.9750413932666957,False,False,False,False,-0.04416883004563099,-0.038824629939291214,False,False,False,False,98225.0,26981.699023596757,False,False,False,False,10058.213704558084,False,False,False,False
2025-03-26 15:00:00+00:00,51.26,51.35,50.71,50.74,4911.0,,,,,,,,,,,,,,,,,,,,,,,"rgba(38, 166, 154, 1.0)",0.0,0.0,1.792915608269693,51.06019789315108,-0.17859061055310446,0.0,0.0,0.0,0.0,61.330586125082974,16.459755786002546,False,True,True,False,False,1.139515202940796,0,0.943866307541626,0.9709843290891286,False,False,False,False,-0.03859953692723288,-0.038712083433262046,False,False,False,False,93314.0,28010.106790672773,False,False,False,False,9978.411941696719,False,False,False,False
2025-03-26 16:00:00+00:00,50.73,50.85,50.61,50.625,3946.0,,,,,,,,,,,,,,,,,,,,,,,"rgba(38, 166, 154, 1.0)",0.0,0.0,1.8103207818870224,51.05764078696713,-0.23898570424417034,0.0,0.0,0.0,0.0,55.44692137400236,11.373238086007987,False,True,True,False,False,0.5782933633486351,0,0.9520992006042677,0.9704790079939577,False,False,False,False,-0.05517073317981466,-0.046941408306538354,False,False,False,False,89368.0,28961.391956708856,False,False,False,False,9884.886175158785,False,False,False,False
2025-03-26 17:00:00+00:00,50.625,50.65,50.31,50.39,8102.0,,,,,,,,,,,,,,,,,,,,,,,"rgba(239, 83, 80, 1.0)",0.0,0.0,1.8153330719625178,51.05013599138763,-0.3636445573450428,0.0,0.0,0.0,0.0,49.988638513570905,6.733904955834525,False,True,False,True,False,0.0,0,0.9468038114469617,0.9702782861109361,False,False,False,False,-0.06900283870055,-0.05797212350354418,False,False,False,False,81266.0,29772.316112418797,False,False,False,False,9857.244529032292,False,False,False,False
2025-03-26 18:00:00+00:00,50.39,50.725,50.3,50.39,6414.0,,,,,,,,,,,,,,,,,,,,,,,"rgba(239, 83, 80, 1.0)",0.0,0.0,1.8187311882556607,51.046915057711615,-0.3611941456514307,0.0,0.0,0.0,0.0,46.34978327328327,3.7132524092502237,False,True,False,True,False,0.0,0,0.9417236142748673,0.9753227031131361,False,False,False,False,-0.06720328587074355,-0.06258770468714386,False,False,False,False,81266.0,30570.66780059835,False,False,False,False,9803.860892923265,False,False,False,False
2025-03-26 19:00:00+00:00,50.41,50.63,50.35,50.605,18976.0,,,,,,,,,,,,,,,,,,,,,,,"rgba(239, 83, 80, 1.0)",0.0,0.0,1.8239651514962087,51.04506163116396,-0.24126646871678376,0.0,0.0,0.0,0.0,46.13448724722916,3.6205969443329806,False,True,False,True,False,0.5084153665123878,0,0.9392648181124399,0.9797125413380819,False,False,False,False,-0.06844908314951752,-0.0655183939183307,False,False,False,False,100242.0,31650.843493612327,False,False,False,False,9946.064600009726,False,False,False,False
2025-03-27 14:00:00+00:00,50.2,50.34,49.79,50.25,4692.0,,,,,,,,,,,,,,,,,,,,,,,"rgba(239, 83, 80, 1.0)",0.0,0.0,1.8097334879191505,51.04152849492513,-0.43737296138297077,0.0,0.0,0.0,0.0,43.428727937929395,0.9644591372066316,False,True,False,True,False,0.0,0,0.9265927099841524,0.9812361331220286,False,False,False,False,-0.09202507956030254,-0.07877173673931662,False,False,False,False,95550.0,32641.528090610584,False,False,False,False,9864.606234118102,False,False,False,False
2025-03-27 15:00:00+00:00,50.29,50.455,50.085,50.1,3997.0,,,,,,,,,,,,,,,,,,,,,,,"rgba(239, 83, 80, 1.0)",0.0,0.0,1.7924272636551295,51.039462241849506,-0.5241285160624856,0.0,0.0,0.0,0.0,40.68676937062299,-1.772975059949232,False,True,False,True,False,0.0,0,0.9272785011114641,0.9821530644649097,False,False,False,False,-0.08064199798992874,-0.07970686736462268,False,False,False,False,91553.0,33554.884244244524,False,False,False,False,9773.635594829448,False,False,False,False
2025-03-27 16:00:00+00:00,50.1,50.39,49.96,49.975,5644.0,,,,,,,,,,,,,,,,,,,,,,,"rgba(239, 83, 80, 1.0)",0.0,0.0,1.785044244536722,51.03578076416235,-0.594260208064284,0.0,0.0,0.0,0.0,38.09726884353623,-4.4022401602080805,False,True,False,True,False,0.0,0,0.9236538461538465,0.9953846153846155,False,False,False,False,-0.08534787498011202,-0.08252737117236736,False,False,False,False,85909.0,34366.575961388015,False,False,False,False,9709.610236770077,False,False,False,False
2025-03-27 17:00:00+00:00,49.955,50.18,49.92,50.01,2438.0,,,,,,,,,,,,,,,,,,,,,,,"rgba(239, 83, 80, 1.0)",0.0,0.0,1.7744574148499146,51.033996679109634,-0.5770759391237614,0.0,0.0,0.0,0.0,36.818890041059944,-5.878250049117106,False,True,False,True,False,0.0,0,0.9221879815100157,0.9965331278890603,False,False,False,False,-0.08858629600405747,-0.08555683358821242,False,False,False,False,88347.0,35203.48176043626,False,False,False,False,9596.872093564338,False,False,False,False
2025-03-27 18:00:00+00:00,50.01,50.415,50.01,50.33,4775.0,,,,,,,,,,,,,,,,,,,,,,,"rgba(239, 83, 80, 1.0)",0.0,0.0,1.7682860791332338,51.0324949836515,-0.3972745088825497,0.0,0.0,0.0,0.0,39.71043650193063,-5.878250049117106,False,True,False,True,False,0.0,0,0.9257927846963668,0.9912697393760432,False,False,False,False,-0.0730315270280422,-0.07929418030812732,False,False,False,False,93122.0,36101.44328353027,False,False,False,False,9522.114386687372,False,False,False,False
2025-03-27 19:00:00+00:00,50.33,50.895,50.33,50.425,17184.0,,,,,,,,,,,,,,,,,,,,,,,"rgba(239, 83, 80, 1.0)",0.0,0.0,1.75883534868461,51.036293842544,-0.34755603644262234,0.0,0.0,0.0,0.0,42.618912346002276,-5.878250049117106,False,True,False,True,True,0.0,0,0.935783936361304,0.9808185783936364,False,False,False,False,-0.04993689501819784,-0.06461553766316258,False,False,False,False,110306.0,37251.90152719647,False,False,False,False,9640.903310924776,False,False,False,False
2025-03-28 14:00:00+00:00,49.74,49.93,48.89,49.2,5628.0,,,,,,,,,,,,,,,,,,,,,,,"rgba(239, 83, 80, 1.0)",0.0,0.0,1.7403828355890971,51.02691392634754,-1.0497195726072246,0.0,0.0,0.0,0.0,37.46730073413106,-5.878250049117106,False,True,False,True,False,0.0,0,0.9231839160397044,0.9846367832079408,False,False,False,False,-0.1196262119712948,-0.09212087481722869,False,False,False,False,104678.0,38297.26739499187,False,False,False,False,9578.687755716639,False,False,False,False
2025-03-28 15:00:00+00:00,49.17,49.46,49.065,49.24,3886.0,,,,,,,,,,,,,,,,,,,,,,,"rgba(239, 83, 80, 1.0)",0.0,0.0,1.725020908607739,51.0202161359852,-1.0319968454307074,0.0,0.0,0.0,0.0,34.418359974087444,-8.176658478055579,False,True,False,True,False,0.0,0,0.9234177215189875,0.9936075949367091,False,False,False,False,-0.12824089637908054,-0.11018088559815462,False,False,False,False,108564.0,39386.67410204625,False,False,False,False,9490.429030821808,False,False,False,False
2025-03-28 16:00:00+00:00,49.27,49.39,49.04,49.12,11759.0,,,,,,,,,,,,,,,,,,,,,,,"rgba(239, 83, 80, 1.0)",0.0,0.0,1.704672111875989,51.000017971011125,-1.1028619274718885,0.0,0.0,0.0,0.0,31.90561624706667,-10.651361608200354,False,True,False,True,False,0.0,0,0.927595453965011,0.9964244668624699,False,False,False,False,-0.13101909071314932,-0.12059998815565197,False,False,False,False,96805.0,40276.880705115305,False,False,False,False,9525.600673754803,False,False,False,False
2025-03-28 17:00:00+00:00,49.12,49.14,48.66,48.92,10870.0,,,,,,,,,,,,,,,,,,,,,,,"rgba(239, 83, 80, 1.0)",0.0,0.0,1.6863530082598972,50.978663439780064,-1.2207784667246762,0.0,0.0,0.0,0.0,29.45040522538073,-13.134426431506384,False,True,False,True,False,0.0,0,0.9171450440107161,0.9971297359357063,False,False,False,False,-0.1494959894888701,-0.13504798882226104,False,False,False,False,85935.0,40984.75852364065,False,False,False,False,9546.444074161705,False,False,False,False
2025-03-28 18:00:00+00:00,48.93,48.965,48.72,48.83,7356.0,,,,,,,,,,,,,,,,,,,,,,,"rgba(239, 83, 80, 1.0)",0.0,0.0,1.6716780963021545,50.96439003604904,-1.2767948810063559,0.0,0.0,0.0,0.0,27.4682963128813,-15.232757619517244,False,True,False,True,False,0.0,0,0.9195909236177697,0.9976350271652287,False,False,False,False,-0.15287935453090426,-0.14396367167658264,False,False,False,False,78579.0,41567.61498063847,False,False,False,False,9512.483700918887,False,False,False,False
2025-03-28 19:00:00+00:00,48.83,48.92,48.28,48.485,23970.0,,,,,,,,,,,,,,,,,,,,,,,"rgba(239, 83, 80, 1.0)",0.0,0.0,1.6616442795347173,50.91348821264916,-1.4614970499758067,0.0,0.0,0.0,0.0,24.94029058354414,-17.874302874952058,False,True,False,True,False,0.0,0,0.9121067683508105,0.9977756593581191,False,False,False,False,-0.1671875631802545,-0.15557561742841858,False,False,False,False,54609.0,41769.80699644252,False,False,False,False,9736.631240439525,False,False,False,False
2025-03-31 14:00:00+00:00,46.98,47.34,46.61,47.165,28003.0,,,,,,,,,,,,,,,,,,,,,,,"rgba(239, 83, 80, 1.0)",0.0,0.0,1.6690534702295263,50.62210473008944,-2.0712965712320908,0.0,0.0,0.0,0.0,20.612722034092425,-22.129196127821253,False,True,False,True,False,0.0,0,0.9105029122565294,1.0011899542807041,False,False,False,False,-0.2651553092020907,-0.21036546331525463,False,False,False,False,26606.0,41534.70921355194,False,False,False,False,10019.830756091626,False,False,False,False
2025-03-31 15:00:00+00:00,47.18,47.64,47.15,47.46,18400.0,,,,,,,,,,,,,,,,,,,,,,,"rgba(239, 83, 80, 1.0)",0.0,0.0,1.6755728266166274,50.57928415449816,-1.8616225477926394,0.0,0.0,0.0,0.0,20.40112238232261,-22.563446898124724,False,True,False,True,False,0.0,0,0.9199124726477026,0.9905595498593313,False,False,False,False,-0.23942678308801166,-0.22489612320163316,False,False,False,False,45006.0,41588.527675357334,False,False,False,False,10149.755860648345,False,False,False,False
2025-03-31 16:00:00+00:00,47.47,47.96,47.28,47.89,9548.0,,,,,,,,,,,,,,,,,,,,,,,"rgba(239, 83, 80, 1.0)",0.0,0.0,1.6714182708211531,50.561959624725844,-1.5986181743802126,0.0,0.0,0.0,0.0,23.726815185950223,-22.563446898124724,False,True,False,True,True,0.0,0,0.932509565326476,0.9833782851408146,False,False,False,False,-0.2257725583355161,-0.22533434076857461,False,False,False,False,54554.0,41789.542750158,False,False,False,False,10140.426312421238,False,False,False,False
2025-03-31 17:00:00+00:00,47.84,48.05,47.785,47.935,8748.0,,,,,,,,,,,,,,,,,,,,,,,"rgba(239, 83, 80, 1.0)",0.0,0.0,1.6538803866459242,50.548943122070185,-1.5804910337991667,0.0,0.0,0.0,0.0,26.293696113015038,-22.563446898124724,False,True,False,True,True,0.0,0,0.9340666247642992,0.9822752985543686,False,False,False,False,-0.20784402886326728,-0.21658918481592093,False,False,False,False,63302.0,42123.069219147794,False,False,False,False,10118.838307577496,False,False,False,False
2025-03-31 18:00:00+00:00,47.92,48.32,47.92,48.17,19965.0,,,,,,,,,,,,,,,,,,,,,,,"rgba(239, 83, 80, 1.0)",0.0,0.0,1.622749654580207,50.524396494503264,-1.4508685846014413,0.0,0.0,0.0,0.0,29.86416143404113,-27.031950215691733,False,True,False,True,True,0.0,0,0.9360563912140475,0.9794197243375923,False,False,False,False,-0.19571615584910385,-0.2061526703325124,False,False,False,False,83267.0,42760.959618850924,False,False,False,False,10271.491977227457,False,False,False,False
2025-03-31 19:00:00+00:00,48.165,48.615,48.135,48.43,32506.0,,,,,,,,,,,,,,,,,,,,,,,"rgba(239, 83, 80, 1.0)",0.0,0.0,1.5836900205153224,50.49307240093608,-1.3026996282168708,0.0,0.0,0.0,0.0,34.174925722669286,-22.896617268564434,False,True,False,True,True,0.0,0,0.9419569865425735,0.9714501320588609,False,False,False,False,-0.1805240344892532,-0.1933383524108828,False,False,False,False,115773.0,43892.92923716331,False,False,False,False,10616.213031844087,False,False,False,False
2025-04-01 14:00:00+00:00,48.22,48.88,47.99,48.87,5814.0,,,,,,,,,,,,,,,,,,,,,,,"rgba(38, 166, 154, 1.0)",0.0,0.0,1.5242061232999462,50.48861542066725,-1.0619399803767415,0.0,0.0,0.0,0.0,39.889045418020814,-17.58332388165926,False,True,False,True,True,0.0,0,0.9384961560097508,0.9701856366022877,False,False,False,False,-0.17696161615382974,-0.18514998428235627,False,False,False,False,121587.0,45097.48847379644,False,False,False,False,10541.760116621697,False,False,False,False
2025-04-01 15:00:00+00:00,48.82,49.48,48.82,49.415,12186.0,,,,,,,,,,,,,,,,,,,,,,,"rgba(38, 166, 154, 1.0)",0.0,0.0,1.4789069405265114,50.489283580227735,-0.726403772130027,0.0,0.0,0.0,0.0,46.48777725785206,-11.6020992912296,False,False,False,False,True,0.0,0,0.9450803778069685,0.9703509101144683,False,False,False,False,-0.13482410053161029,-0.15998704240698328,False,False,False,False,133773.0,46472.30260598564,False,False,False,False,10567.252207836864,False,False,False,False
2025-04-01 16:00:00+00:00,49.42,49.675,49.29,49.4,9646.0,,,,,,,,,,,,,,,,,,,,,,,"rgba(38, 166, 154, 1.0)",0.0,0.0,1.4188212021260307,50.49167299071779,-0.7694225241925999,0.0,0.0,0.0,0.0,50.781606615513034,-7.80926244698847,False,False,True,False,True,0.0,0,0.9414437152953056,0.9803760726905606,False,False,False,False,-0.11539842255098601,-0.13769273247898464,False,False,False,False,124127.0,47676.25140279206,False,False,False,False,10552.9692278704,False,False,False,False
2025-04-01 17:00:00+00:00,49.37,49.46,49.21,49.21,6667.0,,,,,,,,,,,,,,,,,,,,,,,"rgba(38, 166, 154, 1.0)",0.0,0.0,1.3818135296158396,50.49161544078055,-0.9274879810569322,0.0,0.0,0.0,0.0,52.25594776259402,-6.459355860704228,False,False,True,False,True,0.0,0,0.936276683347058,0.9811870526382468,False,False,False,False,-0.12340836386297784,-0.13055054817098125,False,False,False,False,117460.0,48758.16998569451,False,False,False,False,10492.721642942177,False,False,False,False
2025-04-01 18:00:00+00:00,49.21,49.21,48.91,49.16,6990.0,,,,,,,,,,,,,,,,,,,,,,,"rgba(38, 166, 154, 1.0)",0.0,0.0,1.3467691001087625,50.489640005306924,-0.9872813425846706,0.0,0.0,0.0,0.0,52.864462723350485,-5.64271837000139,False,False,True,False,True,0.0,0,0.9314365376085167,0.9825106140295294,False,False,False,False,-0.12685483523619034,-0.12870269170358578,False,False,False,False,110470.0,49714.94254405583,False,False,False,False,10438.415881036097,False,False,False,False
2025-04-01 19:00:00+00:00,49.16,49.735,49.155,49.52,17398.0,,,,,,,,,,,,,,,,,,,,,,,"rgba(38, 166, 154, 1.0)",0.0,0.0,1.3115898062346245,50.49158758517156,-0.7407709182803394,0.0,0.0,0.0,0.0,55.43564664442787,-2.8551671781319925,True,False,True,False,True,0.0,0,0.9481977671451357,0.9720574162679428,False,False,False,False,-0.08798095846288022,-0.108341825083233,False,False,False,False,127868.0,50926.61785345031,False,False,False,False,10546.316410012281,False,False,False,False
2025-04-02 14:00:00+00:00,49.68,50.08,49.58,50.07,7502.0,,,,,,,,,,,,,,,,,,,,,,,"rgba(38, 166, 154, 1.0)",0.0,0.0,1.2759477134923405,50.495717069074544,-0.33364773851847934,0.0,0.0,0.0,0.0,59.72012586211979,1.4709717240000089,True,False,True,False,True,0.6761089371853686,0,0.959900070463135,0.9572096598552305,False,False,False,False,-0.04341371135057457,-0.07587776821690378,False,False,False,False,135370.0,52235.81757665263,False,False,False,False,10499.117705981083,False,False,False,False
2025-04-02 15:00:00+00:00,50.03,50.19,49.775,49.95,14318.0,,,,,,,,,,,,,,,,,,,,,,,"rgba(38, 166, 154, 1.0)",0.0,0.0,1.241317655767971,50.503650268065826,-0.4460182012985983,0.0,0.0,0.0,0.0,61.533621101876534,3.4597458033475306,True,False,True,False,True,0.07843167773969739,0,0.9693602261048305,0.9454008221993837,False,False,False,False,0.016767366134138494,-0.029555201041382644,False,False,False,False,121052.0,53302.735133603754,False,False,False,False,10558.325183407733,False,False,False,False
2025-04-02 16:00:00+00:00,49.95,50.46,49.925,50.31,8117.0,,,,,,,,,,,,,,,,,,,,,,,"rgba(38, 166, 154, 1.0)",0.0,0.0,1.2079475109407536,50.509910732578604,-0.16549620804542262,0.0,0.0,0.0,0.0,64.29774721147581,6.382592771266133,True,False,True,False,True,1.847053347506197,0,0.9893581862647893,0.9401150109062067,False,False,False,False,0.03395355764158016,0.002199178300098758,False,False,False,False,129169.0,54478.95629432307,False,False,False,False,10520.4751805642,False,False,False,False
2025-04-02 17:00:00+00:00,50.31,50.585,50.11,50.16,7772.0,,,,,,,,,,,,,,,,,,,,,,,"rgba(38, 166, 154, 1.0)",0.0,0.0,1.1805140581290072,50.51597859187441,-0.30154540678541386,0.0,0.0,0.0,0.0,64.7657763583548,7.222006530389983,True,False,True,False,True,1.0834271283717456,0,0.9996027016289237,0.9277579128592243,False,False,False,False,0.04665090850738189,0.024425043403740326,False,False,False,False,121397.0,55516.44534402348,False,False,False,False,10477.86316226088,False,False,False,False
2025-04-02 18:00:00+00:00,50.16,50.435,50.015,50.11,3304.0,,,,,,,,,,,,,,,,,,,,,,,"rgba(38, 166, 154, 1.0)",0.0,0.0,1.1630067431805644,50.51811623085152,-0.35091475887354867,0.0,0.0,0.0,0.0,64.6032345791833,7.582647518256628,True,False,True,False,True,0.8271375518326423,0,0.995295520805725,0.9313543599257887,False,False,False,False,0.03661486224756829,0.03051995282565431,False,False,False,False,118093.0,56486.6244859766,False,False,False,False,10366.640477574663,False,False,False,False
2025-04-02 19:00:00+00:00,50.13,50.825,50.12,50.81,15117.0,,,,,,,,,,,,,,,,,,,,,,,"rgba(38, 166, 154, 1.0)",0.0,0.0,1.1506218451904227,50.36314029305055,0.38836365641528414,0.0,0.0,0.0,0.0,67.5246340755648,10.827567518341475,True,False,True,False,True,4.232599856296083,0,0.9944985749320608,0.9317293033737658,False,False,False,False,0.05690147592302222,0.043710714374338266,False,False,False,False,133210.0,57676.13418386844,False,False,False,False,10440.289462418466,False,True,False,False
2025-04-03 14:00:00+00:00,47.96,48.1,47.29,47.295,12007.0,,,,,,,,,,,,,,,,,,,,,,,"rgba(239, 83, 80, 1.0)",0.0,0.0,1.1663521789769105,50.2726577435737,-2.5529662457402997,0.0,0.0,0.0,0.0,55.050017274144054,12.519609726850398,True,False,True,False,False,0.0,0,0.9703840519712121,0.9361187185529588,False,False,False,False,-0.17199207241856437,-0.06414067902211305,False,False,False,False,121203.0,58661.04683218056,False,False,False,False,10464.579548272444,False,False,False,False
2025-04-03 15:00:00+00:00,47.29,48.235,47.09,48.075,26661.0,,,,,,,,,,,,,,,,,,,,,,,"rgba(239, 83, 80, 1.0)",0.0,0.0,1.1670556314270664,50.19309956815466,-1.814908827923361,0.0,0.0,0.0,0.0,49.72363538856057,7.92149890482613,False,False,False,True,False,0.0,0,0.9740665222377979,0.9374283165540972,False,False,False,False,-0.17473075379029418,-0.11943571640620362,False,False,False,False,147864.0,60044.03835416226,False,False,False,False,10715.686842097677,False,False,False,False
2025-04-03 16:00:00+00:00,48.06,48.7,48.055,48.165,11722.0,,,,,,,,,,,,,,,,,,,,,,,"rgba(239, 83, 80, 1.0)",0.0,0.0,1.162389132560296,50.17819611823679,-1.7319467825740036,0.0,0.0,0.0,0.0,46.505491374669475,5.163348232351424,False,False,False,True,False,0.0,0,0.9854664191049364,0.935655291631987,False,False,False,False,-0.11500246707953012,-0.11721909174286688,False,False,False,False,159586.0,61587.324581229506,False,False,False,False,10731.288596483759,False,False,False,False
2025-04-03 17:00:00+00:00,48.2,48.34,47.94,47.94,5969.0,,,,,,,,,,,,,,,,,,,,,,,"rgba(239, 83, 80, 1.0)",0.0,0.0,1.1627765117231248,50.16874104812338,-1.9167406854655145,0.0,0.0,0.0,0.0,43.77167150227852,2.6509918113987823,False,False,False,True,False,0.0,0,0.9868953555598382,0.9382026080811976,False,False,False,False,-0.13473129686892849,-0.12597519430589768,False,False,False,False,153617.0,63014.141254388735,False,False,False,False,10657.454664755327,False,False,False,False
2025-04-03 18:00:00+00:00,47.96,48.01,47.665,47.815,9424.0,,,,,,,,,,,,,,,,,,,,,,,"rgba(239, 83, 80, 1.0)",0.0,0.0,1.1654919967950774,50.15107609080182,-2.0043690537778662,0.0,0.0,0.0,0.0,41.607000857339074,0.48935202750898554,False,True,False,True,False,0.0,0,0.9801986584107327,0.9466589267285863,False,False,False,False,-0.16001354890840822,-0.14299437160715295,False,False,False,False,144193.0,64272.72821168503,False,False,False,False,10638.331336619585,False,False,False,False
2025-04-03 19:00:00+00:00,47.81,47.915,46.845,46.97,32120.0,,,,,,,,,,,,,,,,,,,,,,,"rgba(239, 83, 80, 1.0)",0.0,0.0,1.1957841371675255,50.073202114477446,-2.595118983454703,0.0,0.0,0.0,0.0,38.06039833340557,-3.0559445397661875,False,True,False,True,False,0.0,0,0.9669500735153103,0.9489867672441352,False,False,False,False,-0.19865052142984363,-0.1708224465184983,False,False,False,False,112073.0,65013.817696775186,False,False,False,False,10971.380463183623,False,False,False,False
2025-04-04 14:00:00+00:00,44.175,44.22,42.305,43.605,17217.0,,,,,,,,,,,,,,,,,,,,,,,"rgba(239, 83, 80, 1.0)",0.0,0.0,1.3755957366281004,49.475785892746686,-4.267813381813269,0.0,0.0,0.0,0.0,31.243961275783942,-9.545248364437455,False,True,False,True,False,0.0,0,0.9416767922235724,0.9676184690157963,False,False,False,False,-0.34282825441539394,-0.2568253504669461,False,False,False,False,94856.0,65476.487189848434,False,False,False,False,11068.211773831938,False,False,False,False
2025-04-04 15:00:00+00:00,43.58,45.0,43.58,44.28,11498.0,,,,,,,,,,,,,,,,,,,,,,,"rgba(239, 83, 80, 1.0)",0.0,0.0,1.4975141052738925,49.43576347853435,-3.442881412854116,0.0,0.0,0.0,0.0,29.135568945393064,-11.601867807092155,False,True,False,True,False,0.0,0,0.9557914942115051,0.9580109171615383,False,False,False,False,-0.25475992286280114,-0.2557926366648736,False,False,False,False,106354.0,66110.24707837791,False,False,False,False,11074.87515718338,False,False,False,False
2025-04-04 16:00:00+00:00,44.25,44.79,44.1,44.4,7365.0,,,,,,,,,,,,,,,,,,,,,,,"rgba(239, 83, 80, 1.0)",0.0,0.0,1.6049317770571359,49.40837150436188,-3.120613334446791,0.0,0.0,0.0,0.0,28.166203694553165,-12.811664414597502,False,True,False,True,False,0.0,0,0.9775357385976855,0.9592796583947028,False,False,False,False,-0.24183405515463896,-0.2488133459097563,False,False,False,False,113719.0,66848.36727871314,False,False,False,False,11017.357712885963,False,False,False,False
2025-04-04 17:00:00+00:00,44.45,45.07,44.015,44.87,12402.0,,,,,,,,,,,,,,,,,,,,,,,"rgba(239, 83, 80, 1.0)",0.0,0.0,1.6884661064977158,49.36570882175976,-2.6625993879645846,0.0,0.0,0.0,0.0,29.273887894141495,-12.811664414597502,False,True,False,True,False,0.0,0,0.9738776014327181,0.957327240165504,False,False,False,False,-0.23374395236986142,-0.24127864913980884,False,False,False,False,126121.0,67767.32282477959,False,False,False,False,11038.825035166801,False,False,False,False
2025-04-04 18:00:00+00:00,45.04,45.15,43.99,44.19,12816.0,,,,,,,,,,,,,,,,,,,,,,,"rgba(239, 83, 80, 1.0)",0.0,0.0,1.791193278336852,49.3150838060338,-2.8612678866194226,0.0,0.0,0.0,0.0,28.92054410521707,-13.029263578980775,False,True,False,True,False,0.0,0,0.9776508872106588,0.9502670841775653,False,False,False,False,-0.2314675946146395,-0.23637312187722417,False,False,False,False,113305.0,68473.33332362022,False,False,False,False,11066.378135396773,False,False,False,False
2025-04-04 19:00:00+00:00,44.21,44.88,44.02,44.24,35486.0,,,,,,,,,,,,,,,,,,,,,,,"rgba(239, 83, 80, 1.0)",0.0,0.0,1.884061902446681,49.17837504954851,-2.621132056826493,0.0,0.0,0.0,0.0,28.889114982839367,-13.743043338460723,False,True,False,True,False,0.0,0,0.9743668175700476,0.9559525266120152,False,False,False,False,-0.24141843037379668,-0.23889577612551044,False,False,False,False,148791.0,69718.56846588966,False,False,False,False,11444.976923995273,False,False,False,False
2025-04-07 14:00:00+00:00,43.95,46.265,43.65,45.2,8392.0,,,,,,,,,,,,,,,,,,,,,,,"rgba(239, 83, 80, 1.0)",0.0,0.0,1.9407490496899966,49.15575428275637,-2.038261610066605,0.0,0.0,0.0,0.0,32.55961440575764,-13.743043338460723,False,True,False,True,True,0.0,0,0.9771079283274404,0.9377359621262062,False,False,False,False,-0.1996295939448458,-0.21926268503517812,False,False,False,False,157183.0,71074.60616409293,False,False,False,False,11397.643948429453,False,False,False,False
2025-04-07 15:00:00+00:00,45.2,45.525,43.77,44.12,9794.0,,,,,,,,,,,,,,,,,,,,,,,"rgba(239, 83, 80, 1.0)",0.0,0.0,2.0248775227111215,49.12185221994402,-2.4701998831252805,0.0,0.0,0.0,0.0,32.818375588843715,-13.743043338460723,False,True,False,True,True,0.0,0,0.9815668202764979,0.9405057308283117,False,False,False,False,-0.22506498360893973,-0.22216383432205894,False,False,False,False,147389.0,72257.77506077365,False,False,False,False,11372.781251554577,False,False,False,False
2025-04-07 16:00:00+00:00,44.0,44.0,42.885,43.005,16302.0,,,,,,,,,,,,,,,,,,,,,,,"rgba(239, 83, 80, 1.0)",0.0,0.0,2.1421469549438745,49.04241666715479,-2.818395186763912,0.0,0.0,0.0,0.0,31.2081514394983,-13.743043338460723,False,True,False,True,True,0.0,0,0.9799461239149956,0.9513917988626162,False,False,False,False,-0.3270617442125124,-0.27461278926728566,False,False,False,False,131087.0,73169.85606758336,False,False,False,False,11449.203247654506,False,False,False,False
2025-04-07 17:00:00+00:00,42.96,44.085,42.845,43.99,35102.0,,,,,,,,,,,,,,,,,,,,,,,"rgba(239, 83, 80, 1.0)",0.0,0.0,2.2172234544234772,48.89993696753878,-2.2144529265840096,0.0,0.0,0.0,0.0,33.43566067323177,-13.743043338460723,False,True,False,True,True,0.0,0,0.9867688439202538,0.9489313297012515,False,False,False,False,-0.32510207001973707,-0.29985742964351136,False,False,False,False,166189.0,74612.01333785338,False,False,False,False,11815.913274822655,False,False,False,False
2025-04-07 18:00:00+00:00,44.02,44.02,42.82,42.89,39919.0,,,,,,,,,,,,,,,,,,,,,,,"rgba(239, 83, 80, 1.0)",0.0,0.0,2.3230848452428345,48.73664207739444,-2.5167578744991066,0.0,0.0,0.0,0.0,33.06000961790745,-13.743043338460723,False,True,False,True,True,0.0,0,0.986760124610592,0.9494368559789124,False,False,False,False,-0.3290238475640589,-0.3144406386037851,False,False,False,False,126270.0,75412.91235587116,False,False,False,False,12251.620045755637,False,False,False,False
2025-04-07 19:00:00+00:00,42.86,43.72,42.85,43.515,81898.0,,,,,,,,,,,,,,,,,,,,,,,"rgba(239, 83, 80, 1.0)",0.0,0.0,2.4012603803863364,48.45448676792719,-2.0570392150194405,0.0,0.0,0.0,0.0,34.75145984937251,-13.743043338460723,False,True,False,True,True,0.0,0,0.9768820746241841,0.9587351021141527,False,False,False,False,-0.34084858951717073,-0.32764461406047796,False,False,False,False,208168.0,77471.13076895842,False,False,False,False,13331.40888225555,False,False,False,False
2025-04-08 14:00:00+00:00,45.82,46.28,44.875,44.94,31523.0,,,,,,,,,,,,,,,,,,,,,,,"rgba(239, 83, 80, 1.0)",0.0,0.0,2.4392262526691586,48.41168889585414,-1.423274651974247,0.0,0.0,0.0,0.0,39.6081669945858,-15.637642712708377,False,False,False,True,True,0.0,0,0.9792990844947228,0.9433786226602138,False,False,False,False,-0.1494809158725449,-0.2385627649665114,False,False,False,False,239691.0,79986.16750122263,False,False,False,False,13613.44905462368,False,False,False,False
2025-04-08 15:00:00+00:00,44.83,45.21,44.52,44.89,9277.0,,,,,,,,,,,,,,,,,,,,,,,"rgba(239, 83, 80, 1.0)",0.0,0.0,2.4762095506514483,48.39528785963307,-1.4155861157675005,0.0,0.0,0.0,0.0,42.72944998120683,-12.678750818492624,False,False,False,True,True,0.0,1,0.9773257169503383,0.9554674749358829,False,False,False,False,-0.20719111402210325,-0.2228769394943073,False,False,False,False,230414.0,82318.38195856802,False,False,False,False,13546.21728633494,False,False,False,False
2025-04-08 16:00:00+00:00,44.87,44.98,44.11,44.26,10643.0,,,,,,,,,,,,,,,,,,,,,,,"rgba(239, 83, 80, 1.0)",0.0,0.0,2.5255526413327534,48.37287697032126,-1.628505738906659,0.0,0.0,0.0,0.0,43.32003531950597,-12.034826281174787,False,False,False,True,True,0.0,0,0.9815828184760222,0.9511621065019126,False,False,False,False,-0.2335369127474472,-0.22820692612087726,False,False,False,False,219771.0,84449.43030029564,False,False,False,False,13501.20616561657,False,False,False,False
2025-04-08 17:00:00+00:00,44.2,44.355,43.51,43.71,22703.0,,,,,,,,,,,,,,,,,,,,,,,"rgba(239, 83, 80, 1.0)",0.0,0.0,2.5871689490966503,48.315151829494354,-1.7799965599858922,0.0,0.0,0.0,0.0,42.493164846383586,-12.034826281174787,False,False,False,True,True,0.0,0,0.9771118452100047,0.9600637092968383,False,False,False,False,-0.28490142448517125,-0.25655417530302427,False,False,False,False,197068.0,86195.45463672516,False,False,False,False,13643.869635917088,False,False,False,False
2025-04-08 18:00:00+00:00,43.7,43.84,42.99,42.99,30996.0,,,,,,,,,,,,,,,,,,,,,,,"rgba(239, 83, 80, 1.0)",0.0,0.0,2.6643956636075923,48.22525223000395,-1.96489294045593,0.0,0.0,0.0,0.0,40.47053820350045,-12.034826281174787,False,False,False,True,False,0.0,1,0.9683448195304287,0.9570143674804348,False,False,False,False,-0.3294602023916158,-0.29300718884732,False,False,False,False,166072.0,87433.85068886894,False,False,False,False,13912.894912879614,False,False,False,False
2025-04-08 19:00:00+00:00,42.93,43.08,42.27,42.87,34723.0,,,,,,,,,,,,,,,,,,,,,,,"rgba(239, 83, 80, 1.0)",0.0,0.0,2.739205020465395,47.672652861924725,-1.7533017156593667,0.0,0.0,0.0,0.0,38.88094339972717,-12.034826281174787,False,True,False,True,False,0.0,1,0.9700759789596727,0.9658679135008769,False,False,False,False,-0.34282825441539394,-0.317917721631357,False,False,False,False,131349.0,88114.70571694849,False,False,False,False,14235.532201052023,False,False,False,False
2025-04-09 14:00:00+00:00,43.18,43.49,42.47,42.58,15467.0,,,,,,,,,,,,,,,,,,,,,,,"rgba(239, 83, 80, 1.0)",0.0,0.0,2.8163560764839772,47.63070517585309,-1.7933475166813921,0.0,0.0,0.0,0.0,37.21146649848923,-7.931443648442098,False,True,False,True,False,0.0,0,0.9738569685702668,0.9557892290710512,False,False,False,False,-0.317929243327846,-0.3179234824796015,False,False,False,False,115882.0,88545.20640350743,True,False,False,False,14254.62472506672,True,False,False,False
2025-04-09 15:00:00+00:00,42.58,43.55,42.54,43.015,17077.0,,,,,,,,,,,,,,,,,,,,,,,"rgba(239, 83, 80, 1.0)",0.0,0.0,2.8781223984638324,47.58939359430461,-1.5893672891556467,0.0,0.0,0.0,0.0,37.852650822962794,-7.931443648442098,False,True,False,True,False,0.0,0,0.9736857358140613,0.9597751115747988,False,False,False,False,-0.3126727780476724,-0.31529813026363696,False,False,False,False,132959.0,89233.79235073987,False,False,False,False,14298.382481267236,False,False,False,False
2025-04-09 16:00:00+00:00,43.03,43.415,42.925,43.34,9389.0,,,,,,,,,,,,,,,,,,,,,,,"rgba(239, 83, 80, 1.0)",0.0,0.0,2.927740084091936,47.56896822641069,-1.4444479717953982,0.0,0.0,0.0,0.0,39.55209824240314,-7.931443648442098,False,True,False,True,True,0.0,0,0.9746768816889876,0.9695303818936782,False,False,False,False,-0.3026107666958986,-0.3089544484797678,False,False,False,False,142348.0,90057.26843832529,False,False,False,False,14222.268024193325,False,False,False,False
2025-04-09 17:00:00+00:00,43.355,46.715,43.07,46.585,37369.0,,,,,,,,,,,,,,,,,,,,,,,"rgba(38, 166, 154, 1.0)",0.0,0.0,2.908464270781587,47.57967154883491,-0.34199201235764604,0.0,0.0,0.0,0.0,48.54316016396505,-6.600367126422682,True,False,False,False,True,0.0,0,0.9732971260466171,0.9313758768952254,False,False,False,False,-0.16897335373464145,-0.2389639011072046,False,False,False,False,179717.0,91447.34179587063,False,False,False,False,14581.132085833739,False,False,False,False
2025-04-09 18:00:00+00:00,46.745,48.57,46.6,46.76,39095.0,,,,,,,,,,,,,,,,,,,,,,,"rgba(38, 166, 154, 1.0)",0.0,0.0,2.8838020480350064,47.44883286063067,-0.23886274063090857,0.0,0.0,0.0,0.0,54.81010440560762,-1.155642641129269,True,False,True,False,True,0.0,0,1.013269668535895,0.906446060740659,False,False,False,False,0.030075727713154404,-0.10444408669702511,False,False,False,False,218812.0,93421.98765950053,False,False,False,False,14961.19205349523,False,False,False,False
2025-04-09 19:00:00+00:00,46.76,48.13,46.53,47.01,69378.0,,,,,,,,,,,,,,,,,,,,,,,"rgba(38, 166, 154, 1.0)",0.0,0.0,2.8583056658233597,47.50643849427587,-0.17368278704820322,0.0,0.0,0.0,0.0,59.399752348160824,2.6874497449746286,True,False,True,False,True,0.0,0,1.0147405337278756,0.9111732149706836,False,False,False,False,0.011367152439820203,-0.046538467128602455,False,False,False,False,288190.0,96441.64676555479,False,False,False,False,15804.863494526311,False,False,False,False
2025-04-10 14:00:00+00:00,45.31,46.89,45.155,46.245,8646.0,,,,,,,,,,,,,,,,,,,,,,,"rgba(38, 166, 154, 1.0)",0.0,0.0,2.8373159058427353,47.499654802284255,-0.44219778266516346,0.0,0.0,0.0,0.0,59.826136265192105,2.8618918183026736,True,False,True,False,True,0.0,0,0.9963803349540791,0.9280388978930312,False,False,False,False,-0.084718772373874,-0.06562861975123822,False,False,False,False,279544.0,99280.44293973224,False,False,False,False,15693.873362828228,False,False,False,False
2025-04-10 15:00:00+00:00,46.24,46.56,45.74,45.765,6761.0,,,,,,,,,,,,,,,,,,,,,,,"rgba(38, 166, 154, 1.0)",0.0,0.0,2.8184585158210202,47.49409179428855,-0.6134884670405956,0.0,0.0,0.0,0.0,58.58935534605969,2.8618918183026736,True,False,True,False,True,0.0,0,1.002475913665967,0.9312664836643524,False,False,False,False,-0.07530871595073985,-0.07046866785098904,False,False,False,False,272783.0,101970.40506469764,False,False,False,False,15555.379202164224,False,False,False,False
2025-04-10 16:00:00+00:00,45.77,45.895,45.05,45.67,13124.0,,,,,,,,,,,,,,,,,,,,,,,"rgba(38, 166, 154, 1.0)",0.0,0.0,2.7958610786607028,47.47678184835578,-0.6462344864506916,0.0,0.0,0.0,0.0,57.45679239654537,2.8618918183026736,True,False,True,False,False,0.0,0,0.9943624161073825,0.9418523489932888,False,False,False,False,-0.12550483840486976,-0.0979867531279294,False,False,False,False,259659.0,104415.18948229923,False,False,False,False,15517.683400580281,False,False,False,False
2025-04-10 17:00:00+00:00,45.66,46.53,44.92,46.42,18775.0,,,,,,,,,,,,,,,,,,,,,,,"rgba(38, 166, 154, 1.0)",0.0,0.0,2.7670746057655338,47.46284495534397,-0.37687634195734115,0.0,0.0,0.0,0.0,58.60760479452915,2.8618918183026736,True,False,True,False,False,0.0,0,0.9953760297634868,0.9348923731065643,False,False,False,False,-0.10673683925561318,-0.1023617961917713,False,False,False,False,278434.0,107113.15553683722,False,False,False,False,15568.184433129425,False,False,False,False
2025-04-10 18:00:00+00:00,46.42,46.87,45.91,46.39,8580.0,,,,,,,,,,,,,,,,,,,,,,,"rgba(38, 166, 154, 1.0)",0.0,0.0,2.7382257226362317,47.46079864651939,-0.3910556524494552,0.0,0.0,0.0,0.0,59.25889797865186,3.0740704988357663,True,False,True,False,False,0.0,0,1.000846919330934,0.9356870633072203,False,False,False,False,-0.05763038690809297,-0.07999609154993213,False,False,False,False,269854.0,109636.26940448314,False,False,False,False,15459.840488429745,False,False,False,False
2025-04-10 19:00:00+00:00,46.26,46.695,45.47,46.06,18996.0,,,,,,,,,,,,,,,,,,,,,,,"rgba(38, 166, 154, 1.0)",0.0,0.0,2.704586175069483,47.450319230424604,-0.5140598747565821,0.0,0.0,0.0,0.0,58.36095211251173,3.0740704988357663,True,False,True,False,False,0.0,0,0.9934068252544969,0.943878896566275,False,False,False,False,-0.08028874707829975,-0.08014241931411595,False,False,False,False,250858.0,111825.75359976247,False,False,False,False,15514.664666903702,False,False,False,False
2025-04-11 14:00:00+00:00,46.43,46.795,45.49,45.99,4598.0,,,,,,,,,,,,,,,,,,,,,,,"rgba(38, 166, 154, 1.0)",0.0,0.0,2.6669384681299606,47.44794671253085,-0.5466742971213546,0.0,0.0,0.0,0.0,57.47000532203915,3.0740704988357663,True,False,True,False,False,0.0,0,0.9900041867280722,0.9434791710278422,False,False,False,False,-0.07586186417184425,-0.07800214174298009,False,False,False,False,246260.0,113910.00548193669,False,False,False,False,15345.414051912945,False,False,False,False
2025-04-11 15:00:00+00:00,46.23,46.345,45.36,46.005,12072.0,,,,,,,,,,,,,,,,,,,,,,,"rgba(38, 166, 154, 1.0)",0.0,0.0,2.627583579730062,47.4396510817655,-0.5459963644288262,0.0,0.0,0.0,0.0,56.93103925554338,3.0740704988357663,True,False,True,False,False,0.0,0,0.9911873598581636,0.9468112843510459,False,False,False,False,-0.09728913109740082,-0.08764563642019046,False,False,False,False,258332.0,116149.10617213923,False,False,False,False,15294.663446456929,False,False,False,False
2025-04-11 16:00:00+00:00,46.025,46.785,45.855,46.705,10257.0,,,,,,,,,,,,,,,,,,,,,,,"rgba(38, 166, 154, 1.0)",0.0,0.0,2.5775622203932484,47.43808564209271,-0.28441045430161005,0.0,0.0,0.0,0.0,58.97800774251415,4.248770882215808,True,False,True,False,False,0.0,0,1.0016684915793315,0.9362844778142763,False,False,False,False,-0.06278236129482694,-0.07521399885750871,False,False,False,False,268589.0,118512.51537877273,False,False,False,False,15216.560137209535,False,False,False,False
2025-04-11 17:00:00+00:00,46.76,47.29,46.41,47.11,4930.0,,,,,,,,,,,,,,,,,,,,,,,"rgba(38, 166, 154, 1.0)",0.0,0.0,2.5356029668313558,47.43955938981496,-0.12997278916533136,0.0,0.0,0.0,0.0,61.526748720727966,6.8978296874906135,True,False,True,False,True,0.0,0,1.0120156046814044,0.928686605981795,False,False,False,False,-0.02383785094085803,-0.049525924899183366,False,False,False,False,273519.0,120915.71669072975,False,False,False,False,15057.078584694658,False,False,False,False
2025-04-11 18:00:00+00:00,47.145,47.3,46.96,46.98,3635.0,,,,,,,,,,,,,,,,,,,,,,,"rgba(38, 166, 154, 1.0)",0.0,0.0,2.5020264993804853,47.441091130026315,-0.1842870689580973,0.0,0.0,0.0,0.0,62.480365326467485,8.005444803304712,True,False,True,False,True,0.0,1,1.0196119232169798,0.9235811267752175,False,False,False,False,-0.003300015609117781,-0.026412970254150573,False,False,False,False,269884.0,123225.30247847037,False,False,False,False,14879.99209500947,False,False,False,False
2025-04-11 19:00:00+00:00,46.98,47.545,46.98,47.305,13788.0,,,,,,,,,,,,,,,,,,,,,,,"rgba(38, 166, 154, 1.0)",0.0,0.0,2.4692362370970407,47.449011994725794,-0.05832248553710757,0.0,0.0,0.0,0.0,64.14023163683595,9.776880350010572,True,False,True,False,True,0.0,1,1.025407403550789,0.918467225490707,False,False,False,False,0.00641675099650523,-0.009998109628822673,False,False,False,False,283672.0,125712.84817647858,False,False,False,False,14863.061985009323,False,False,False,False
2025-04-14 14:00:00+00:00,48.0,48.51,47.95,48.5,19109.0,,,,,,,,,,,,,,,,,,,,,,,"rgba(38, 166, 154, 1.0)",0.0,0.0,2.445002487148166,47.47633436789194,0.41867672425235836,0.0,0.0,0.0,0.0,68.09958467406513,13.586236446245778,True,False,True,False,True,3.391446588201287,1,1.0285004913877827,0.9103087984275594,False,False,False,False,0.07752158086598195,0.03376173561857963,False,False,False,False,302781.0,128458.09084040913,False,False,False,False,14928.890481365766,False,False,False,False
2025-04-14 15:00:00+00:00,48.47,48.47,47.88,47.9,11098.0,,,,,,,,,,,,,,,,,,,,,,,"rgba(38, 166, 154, 1.0)",0.0,0.0,2.416477674498547,47.48897520441012,0.1700925276188098,0.0,0.0,0.0,0.0,67.46160409178444,13.586236446245778,True,False,True,False,True,1.5380553128589902,0,1.0259150276186053,0.9107944866036863,False,False,False,False,0.07346521142117349,0.05361347351987656,False,False,False,False,291683.0,130988.70958706946,False,False,False,False,14869.496830491878,False,False,False,False
2025-04-14 16:00:00+00:00,47.905,48.2,47.715,47.96,4861.0,,,,,,,,,,,,,,,,,,,,,,,"rgba(38, 166, 154, 1.0)",0.0,0.0,2.3832294653858312,47.49381733961282,0.19560964110172693,0.0,0.0,0.0,0.0,67.19794673927277,13.586236446245778,True,False,True,False,True,1.7148577694028084,0,1.0238663484486874,0.9223824841755736,False,False,False,False,0.057446438592573874,0.05552995605622522,False,False,False,False,296544.0,133555.458275642,False,False,False,False,14714.32633699588,False,False,False,False
2025-04-14 17:00:00+00:00,48.02,48.33,47.9,48.26,6600.0,,,,,,,,,,,,,,,,,,,,,,,"rgba(38, 166, 154, 1.0)",0.0,0.0,2.357866935703759,47.5013700255745,0.3217441845161061,0.0,0.0,0.0,0.0,67.85157324037094,13.739882032738358,True,False,True,False,True,2.6038243362698097,0,1.0218315702136485,0.9237191454055178,False,False,False,False,0.06904282714470213,0.062286391600463675,False,False,False,False,303144.0,136184.73799229873,False,False,False,False,14588.522827895169,False,False,False,False
2025-04-14 18:00:00+00:00,48.275,48.7,48.22,48.58,7185.0,,,,,,,,,,,,,,,,,,,,,,,"rgba(38, 166, 154, 1.0)",0.0,0.0,2.3373568308997026,47.51137296101473,0.4571946503238576,0.0,0.0,0.0,0.0,69.13257722359627,15.194410578258442,True,False,True,False,True,3.5472144161569226,0,1.0248887509055158,0.9191244954982927,False,False,False,False,0.09451375237398144,0.07840007198722256,False,False,False,False,310329.0,138884.64903117783,False,False,False,False,14473.73952823788,False,False,False,False
2025-04-14 19:00:00+00:00,48.55,48.645,48.27,48.33,10560.0,,,,,,,,,,,,,,,,,,,,,,,"rgba(38, 166, 154, 1.0)",0.0,0.0,2.3165526344347653,47.52487430220739,0.34755337989074475,0.0,0.0,0.0,0.0,68.3759967048696,15.194410578258442,True,False,True,False,True,2.7396407219484686,0,1.0238230582398844,0.9211410263035505,False,False,False,False,0.09432877969355731,0.08636442584038993,False,False,False,False,299769.0,141378.98005395025,False,False,False,False,14413.061396017136,False,False,False,False
2025-04-15 14:00:00+00:00,49.35,49.57,48.795,49.2,5240.0,,,,,,,,,,,,,,,,,,,,,,,"rgba(38, 166, 154, 1.0)",0.0,0.0,2.304013243674083,47.46314115101531,0.7538406533701267,0.0,0.0,0.0,0.0,70.1775597414055,16.52544239232276,True,False,True,False,True,5.284896435771586,0,1.024724852828257,0.9109291016124905,False,False,False,False,0.14829423863529875,0.11732933223784434,False,False,False,False,305009.0,143915.8795879975,False,False,False,False,14270.843389877335,False,False,False,False
2025-04-15 15:00:00+00:00,49.2,49.315,48.905,49.05,2897.0,,,,,,,,,,,,,,,,,,,,,,,"rgba(38, 166, 154, 1.0)",0.0,0.0,2.2833082171299073,47.466560215236186,0.6934849061920241,0.0,0.0,0.0,0.0,70.42149013695636,16.950664418247044,True,False,True,False,True,4.790439930686858,0,1.0247342600163531,0.9139922322158629,False,False,False,False,0.14286408359618324,0.13009670791701378,False,False,False,False,302112.0,146368.53261764094,False,False,False,False,14094.504732669933,False,False,False,False
2025-04-15 16:00:00+00:00,49.05,49.25,48.665,48.72,2244.0,,,,,,,,,,,,,,,,,,,,,,,"rgba(38, 166, 154, 1.0)",0.0,0.0,2.25643009725148,47.467185444222736,0.5552197505711769,0.0,0.0,0.0,0.0,68.50747003672272,16.950664418247044,True,False,True,False,False,3.702316001223977,0,1.0205921524433972,0.9205511730355501,False,False,False,False,0.13146890058048977,0.13078280424875177,False,False,False,False,299868.0,148748.3693212434,False,False,False,False,13910.775977124662,False,False,False,False
2025-04-15 17:00:00+00:00,48.675,48.745,48.38,48.52,6463.0,,,,,,,,,,,,,,,,,,,,,,,"rgba(38, 166, 154, 1.0)",0.0,0.0,2.2484693552370203,47.4652742293532,0.4690861221613677,0.0,0.0,0.0,0.0,66.01295399504929,19.492866029715188,True,False,True,False,False,3.0441163476532616,0,1.0172209941911272,0.9279288541613123,False,False,False,False,0.10210333401682671,0.11644306913278923,False,False,False,False,293405.0,150991.10778137916,False,False,False,False,13795.30658213048,False,False,False,False
2025-04-15 18:00:00+00:00,48.505,48.67,48.45,48.555,3502.0,,,,,,,,,,,,,,,,,,,,,,,"rgba(38, 166, 154, 1.0)",0.0,0.0,2.2402289337641843,47.467054211127916,0.4856404506141448,0.0,0.0,0.0,0.0,64.49291278740297,18.032060607444038,True,False,True,False,False,3.1514164954376085,0,1.0145838701365626,0.9293481061582067,False,False,False,False,0.10191808625762759,0.10918057769520842,False,False,False,False,296907.0,153253.3696762415,False,False,False,False,13635.720433570317,False,False,False,False
2025-04-15 19:00:00+00:00,48.555,48.74,48.32,48.74,20061.0,,,,,,,,,,,,,,,,,,,,,,,"rgba(38, 166, 154, 1.0)",0.0,0.0,2.235553546139344,47.48733173909959,0.5603391889510725,0.0,0.0,0.0,0.0,64.26871403024654,17.726626715841704,True,False,True,False,False,3.7246754156744295,0,1.0121127776918715,0.9295397144477091,False,False,False,False,0.0996956531086867,0.10443811540194756,False,False,False,False,316968.0,155791.58099909048,False,False,False,False,13735.337171034344,False,False,False,False
2025-04-16 14:00:00+00:00,48.13,48.25,48.04,48.115,7839.0,,,,,,,,,,,,,,,,,,,,,,,"rgba(38, 166, 154, 1.0)",0.0,0.0,2.2275933929518783,47.489620203277966,0.28074234674099086,0.0,0.0,0.0,0.0,60.093198547478686,13.778355787881459,True,False,True,False,False,1.6173011421335914,0,1.002615921214608,0.9306524415264672,False,False,False,False,0.07125367148516752,0.08784589344355753,False,False,False,False,309129.0,158168.90532468597,False,False,False,False,13643.921090863267,False,False,False,False
2025-04-16 15:00:00+00:00,48.16,48.66,48.04,48.265,6405.0,,,,,,,,,,,,,,,,,,,,,,,"rgba(38, 166, 154, 1.0)",0.0,0.0,2.2218549490038613,47.494345972954406,0.34685163736323427,0.0,0.0,0.0,0.0,58.09152465914778,11.9748795138444,True,False,True,False,False,2.0952394582417924,0,1.003578183305219,0.9263405408168486,False,False,False,False,0.08638087080550264,0.08711338212453008,False,False,False,False,315534.0,160608.67423438074,False,False,False,False,13531.689756121199,False,False,False,False
2025-04-16 16:00:00+00:00,48.28,48.46,48.21,48.235,4599.0,,,,,,,,,,,,,,,,,,,,,,,"rgba(38, 166, 154, 1.0)",0.0,0.0,2.219588215603377,47.49775257187443,0.3321550470230605,0.0,0.0,0.0,0.0,56.56200070680004,10.569820235691637,False,False,True,False,False,1.9929024348747149,0,1.0083119548486406,0.9285274499743462,False,False,False,False,0.08527274792615254,0.08619306502534131,False,False,False,False,310935.0,162939.31494392522,False,False,False,False,13393.198442072808,False,False,False,False
2025-04-16 17:00:00+00:00,48.18,48.32,47.44,47.44,6462.0,,,,,,,,,,,,,,,,,,,,,,,"rgba(38, 166, 154, 1.0)",0.0,0.0,2.220311945455789,47.49723283042514,-0.02577693217490391,0.0,0.0,0.0,0.0,51.192636461402046,5.656737025162556,False,True,False,False,False,0.0,0,0.9981114740710493,0.9301245406288284,False,False,False,False,0.05174613256567294,0.06896959879550713,False,False,False,False,304473.0,165133.635642469,False,False,False,False,13285.738001110438,False,False,False,False
2025-04-16 18:00:00+00:00,47.44,47.93,47.44,47.54,9270.0,,,,,,,,,,,,,,,,,,,,,,,"rgba(38, 166, 154, 1.0)",0.0,0.0,2.220617441122706,47.49635120125118,0.019656154158075572,0.0,0.0,0.0,0.0,48.27524981437588,3.1445448826046984,False,True,False,True,False,0.0,0,0.9966801164512997,0.9374329638898823,False,False,False,False,0.037417448436205564,0.053193523615856345,False,False,False,False,313743.0,167437.6567952989,False,False,False,False,13223.478497217251,False,False,False,False
2025-04-16 19:00:00+00:00,47.54,48.14,47.205,48.005,50782.0,,,,,,,,,,,,,,,,,,,,,,,"rgba(38, 166, 154, 1.0)",0.0,0.0,2.221368697873099,47.39709177192969,0.2736638130592056,0.0,0.0,0.0,0.0,49.181276139533225,3.1445448826046984,False,True,False,False,False,1.210417058034281,0,0.992528209820067,0.9364643692182579,False,False,False,False,0.03649952904295261,0.044846526329404474,False,False,False,False,364525.0,170493.2745194028,False,False,False,False,13805.781156175122,False,False,False,False
2025-04-17 14:00:00+00:00,48.7,48.855,48.27,48.335,4935.0,,,,,,,,,,,,,,,,,,,,,,,"rgba(38, 166, 154, 1.0)",0.0,0.0,2.2244271192843215,47.40572355393357,0.41775989782277667,0.0,0.0,0.0,0.0,51.51771462781093,3.1445448826046984,False,True,False,False,True,2.293826041194368,0,1.0014673143088444,0.9280510018214939,False,False,False,False,0.10210333401682671,0.0734749301731156,False,False,False,False,369460.0,173578.0299532105,False,False,False,False,13668.249665381709,False,False,False,False
2025-04-17 15:00:00+00:00,48.33,48.68,48.33,48.59,4981.0,,,,,,,,,,,,,,,,,,,,,,,"rgba(38, 166, 154, 1.0)",0.0,0.0,2.2282441538142863,47.41424438131299,0.527660138443252,0.0,0.0,0.0,0.0,54.30800498397628,-1.0056407911785925,False,False,True,False,True,3.125915210249211,0,0.9995954692556632,0.9312297734627835,False,False,False,False,0.09784437593512432,0.08565965305411996,False,False,False,False,374441.0,176692.18452757935,False,False,False,False,13533.56362405796,False,False,False,False
2025-04-17 16:00:00+00:00,48.77,49.015,48.475,48.965,6728.0,,,,,,,,,,,,,,,,,,,,,,,"rgba(38, 166, 154, 1.0)",0.0,0.0,2.2341039580767124,47.42826057096117,0.6878549332868891,0.0,0.0,0.0,0.0,57.80658926483062,2.255003589816752,False,False,True,False,True,4.339418056392454,0,0.9986838108737468,0.9322162599979752,False,False,False,False,0.11564613683053561,0.10065289494232779,False,False,False,False,381169.0,179862.36771319824,False,False,False,False,13428.05100973148,False,False,False,False
2025-04-17 17:00:00+00:00,48.93,48.965,48.59,48.92,2883.0,,,,,,,,,,,,,,,,,,,,,,,"rgba(38, 166, 154, 1.0)",0.0,0.0,2.2347093549048918,47.43395003282579,0.6649857906185997,0.0,0.0,0.0,0.0,59.78745245147305,4.107562348885736,True,False,True,False,True,4.1757304790906,0,0.9972680360214509,0.9346352322169384,False,False,False,False,0.11806216382384234,0.10935752938308507,False,False,False,False,378286.0,182938.70309748972,False,False,False,False,13264.561846789906,False,False,False,False
2025-04-17 18:00:00+00:00,48.92,49.05,48.765,48.765,5234.0,,,,,,,,,,,,,,,,,,,,,,,"rgba(38, 166, 154, 1.0)",0.0,0.0,2.2260412585312115,47.38607901199241,0.619449878892826,0.0,0.0,0.0,0.0,59.8475176154884,4.306701766956039,True,False,True,False,True,3.6057315590789507,0,0.9980282117397238,0.9338692552707418,False,False,False,False,0.12774029393694203,0.11854891166001355,False,False,False,False,373052.0,185886.19607272244,False,False,False,False,13140.057011955954,False,False,False,False
2025-04-17 19:00:00+00:00,48.76,48.795,48.545,48.56,6265.0,,,,,,,,,,,,,,,,,,,,,,,"rgba(38, 166, 154, 1.0)",0.0,0.0,2.2153019703458834,47.38931034175524,0.5284560181481611,0.0,0.0,0.0,0.0,58.266383713303135,4.306701766956039,False,False,True,False,True,2.849363626551874,0,0.9969193475077016,0.9345992626635019,False,False,False,False,0.11007576830704935,0.11431233998353145,False,False,False,False,366787.0,188690.85969950192,False,False,False,False,13033.466980762838,False,False,False,False
2025-04-18 14:00:00+00:00,48.56,48.56,48.56,48.56,0.0,,,,,,,,,,,,,,,,,,,,,,,"rgba(38, 166, 154, 1.0)",0.0,0.0,2.2072944855511416,47.38931034175524,0.5303731178182374,0.0,0.0,0.0,0.0,57.21229444517962,4.306701766956039,False,False,True,False,False,2.849363626551874,0,0.9967403483752675,0.9438219415299994,False,False,False,False,0.10191808625762759,0.10811521312057952,False,False,False,False,366787.0,191452.04016927705,False,False,False,False,12831.397725247134,False,False,False,False
2025-04-18 15:00:00+00:00,48.56,48.56,48.56,48.56,0.0,,,,,,,,,,,,,,,,,,,,,,,"rgba(38, 166, 154, 1.0)",0.0,0.0,2.199938518796609,47.38931034175524,0.5321465342063929,0.0,0.0,0.0,0.0,56.50956826643062,4.306701766956039,False,False,True,False,False,2.849363626551863,0,0.990787183949227,0.945849114546013,False,False,False,False,0.10191808625762759,0.10501664968910356,False,False,False,False,366787.0,194170.4116395208,False,False,False,False,12632.461326406094,False,False,False,False
2025-04-18 16:00:00+00:00,48.56,48.56,48.56,48.56,0.0,,,,,,,,,,,,,,,,,,,,,,,"rgba(38, 166, 154, 1.0)",0.0,0.0,2.186988395772089,47.38931034175524,0.5352976085780574,0.0,0.0,0.0,0.0,56.04108414726461,4.306701766956039,False,True,True,False,False,2.849363626551874,0,0.9927011051143664,0.9429966589565666,False,False,False,False,0.10191808625762759,0.10346736797336557,False,False,False,False,366787.0,196846.63781565224,False,False,False,False,12436.609212818403,False,False,False,False
2025-04-18 17:00:00+00:00,48.56,48.56,48.56,48.56,0.0,,,,,,,,,,,,,,,,,,,,,,,"rgba(38, 166, 154, 1.0)",0.0,0.0,2.163715300333995,47.38931034175524,0.5410553126208664,0.0,0.0,0.0,0.0,55.728761401153946,4.306701766956039,False,True,True,False,False,2.849363626551874,0,0.991442857879272,0.9426774576009073,False,False,False,False,0.10191808625762759,0.10269272711549658,False,False,False,False,366787.0,199481.37211308398,False,False,False,False,12243.79356610804,False,False,False,False
2025-04-18 18:00:00+00:00,48.56,48.56,48.56,48.56,0.0,,,,,,,,,,,,,,,,,,,,,,,"rgba(38, 166, 154, 1.0)",0.0,0.0,2.1424247965815595,47.38931034175524,0.5464320895243123,0.0,0.0,0.0,0.0,55.52054623708017,4.306701766956039,False,True,True,False,False,2.849363626551874,0,0.9916270415546823,0.9420611949555511,False,False,False,False,0.10191808625762759,0.10230540668656209,False,False,False,False,366787.0,202075.25781675708,False,False,False,False,12053.967309269154,False,False,False,False
2025-04-18 19:00:00+00:00,48.56,48.56,48.56,48.56,0.0,,,,,,,,,,,,,,,,,,,,,,,"rgba(38, 166, 154, 1.0)",0.0,0.0,2.1130679310139575,47.38931034175524,0.5540236738546331,0.0,0.0,0.0,0.0,55.38173612769765,4.306701766956039,False,True,True,False,False,2.849363626551874,0,0.9920074735312434,0.9429105252231682,False,False,False,False,0.10191808625762759,0.10211174647209484,False,False,False,False,366787.0,204628.92823820267,False,False,False,False,11867.084095171957,False,False,False,False
2025-04-21 14:00:00+00:00,47.86,47.995,47.605,47.615,2655.0,,,,,,,,,,,,,,,,,,,,,,,"rgba(239, 83, 80, 1.0)",0.0,0.0,2.0782359810164284,47.38016371649547,0.11299789131245853,0.0,0.0,0.0,0.0,46.83552455885008,0.7767161820521977,False,True,False,True,False,0.0,0,0.9890155226651538,0.9416739724614515,False,False,False,False,0.045865463604055516,0.07398860503807518,False,False,False,False,364132.0,207101.84407947084,False,False,False,False,11724.261085944483,False,False,False,False
2025-04-21 15:00:00+00:00,47.62,47.705,47.385,47.405,2738.0,,,,,,,,,,,,,,,,,,,,,,,"rgba(239, 83, 80, 1.0)",0.0,0.0,2.042263582532642,47.37092688006864,0.01668399721896287,0.0,0.0,0.0,0.0,40.11501743225614,-5.127736557436826,False,True,False,True,False,0.0,0,0.987597540178802,0.945532530618573,False,False,False,False,0.02713999098594334,0.05056429801200926,False,False,False,False,361394.0,209493.97052785114,False,False,False,False,11584.939208643018,False,False,False,False
2025-04-21 16:00:00+00:00,47.385,47.84,47.375,47.39,13233.0,,,,,,,,,,,,,,,,,,,,,,,"rgba(239, 83, 80, 1.0)",0.0,0.0,1.9869585885042869,47.350531095313855,0.019863979508428834,0.0,0.0,0.0,0.0,35.561560433909136,-8.893862888614258,False,True,False,True,False,0.0,0,0.9923497267759565,0.9390059849076245,False,False,False,False,0.03172730416180679,0.041145801086908025,False,False,False,False,348161.0,211643.8469537759,False,False,False,False,11610.490538741575,False,False,False,False
2025-04-21 17:00:00+00:00,47.345,47.39,46.83,46.85,5463.0,,,,,,,,,,,,,,,,,,,,,,47.023333333333326,"rgba(239, 83, 80, 1.0)",0.0,0.0,1.985720165727057,47.23010741576573,-0.19142043391927518,0.0,0.0,0.0,0.0,30.322742401595768,-13.326690557806828,False,True,False,True,False,0.0,0,0.9836609782665074,0.9451735048498369,False,False,True,False,-0.00476670638226542,0.018189547352321304,False,False,False,False,342698.0,213675.6942878259,False,False,False,False,11515.180607908373,False,False,False,False
2025-04-21 18:00:00+00:00,46.845,47.155,46.84,47.075,6756.0,,,,,,,,,,,,,,,,,,,,,,47.02333333333332,"rgba(239, 83, 80, 1.0)",0.0,0.0,1.9794411532747802,47.21896179644705,-0.07272850532023872,0.0,0.0,0.0,0.0,29.631252268423744,-13.68722052688824,False,True,False,True,False,0.0,0,0.9833610648918468,0.9510711314475877,False,False,False,False,-0.013017405417657708,0.002586070967331798,False,False,False,False,349454.0,215780.78429886734,False,False,False,False,11441.394862049328,False,False,False,False
2025-04-21 19:00:00+00:00,47.08,47.475,47.08,47.25,31192.0,,,,,,,,,,,,,,,,,,,,,,47.1993725860573,"rgba(239, 83, 80, 1.0)",0.0,0.0,1.9727680671699241,47.21109235619605,0.019722360905693376,1.0,48.61,47.155,0.0,31.17988835820672,-13.68722052688824,False,True,False,True,False,0.0,0,0.9818559916818299,0.9499350142968549,False,False,False,False,0.0075168044856542765,0.005051437726493037,False,False,False,False,380646.0,218336.83415469882,False,False,False,False,11747.605794420655,False,False,False,False
2025-04-22 14:00:00+00:00,48.61,49.05,48.61,49.02,9201.0,,,,,,,,,,,,,,,,,,,,,,47.49561931371804,"rgba(38, 166, 154, 1.0)",0.0,0.0,1.9863181227293876,47.24879152608714,0.891704331569536,0.0,0.0,0.0,0.0,42.92015220574979,-14.827207536799051,False,True,False,True,True,4.595521491033757,0,0.9829589069136686,0.9436569264623103,False,False,False,False,0.12196788917550694,0.06350966345099998,False,False,False,False,389847.0,220995.90649338567,False,False,False,False,11708.12353404204,False,False,False,False
2025-04-22 15:00:00+00:00,49.01,49.17,48.74,48.9,5991.0,,,,,,,,,,,,,,,,,,,,,,47.642937961082765,"rgba(38, 166, 154, 1.0)",0.0,0.0,1.9988342616144843,47.27025867193219,0.8153459040428122,0.0,0.0,0.0,0.0,49.95152646669129,-8.807582239963054,False,True,True,False,True,4.113333338223004,0,0.9839451886695979,0.9436036404540342,False,False,False,False,0.13128238474966328,0.09739602410033163,False,False,False,False,383856.0,223520.86918341072,False,False,False,False,11619.485959870846,False,False,False,False
2025-04-22 16:00:00+00:00,48.9,49.54,48.9,49.25,3963.0,,,,,,,,,,,,,,,,,,,,,,47.743464235101065,"rgba(38, 166, 154, 1.0)",0.0,0.0,2.0207718688522127,47.28603097505113,0.9718905212513623,0.0,0.0,0.0,0.0,55.904447831328156,-3.747108000551229,False,False,True,False,True,5.368763996432044,0,0.981916161459143,0.9437276542826055,False,False,False,False,0.15110633005845933,0.12425117707939548,False,False,False,False,387819.0,226068.12702552837,False,False,False,False,11500.780751190678,False,False,False,False
2025-04-22 17:00:00+00:00,49.235,49.25,48.66,48.755,4577.0,,,,,,,,,,,,,,,,,,,,,,47.82150760317531,"rgba(38, 166, 154, 1.0)",0.0,0.0,2.0017914566793813,47.29938014246531,0.7271585922088553,0.0,0.0,0.0,0.0,56.62458677513155,-3.2840868779970265,False,False,True,False,True,3.3658329054707252,0,0.9755241144273469,0.9490860270577302,False,False,False,False,0.13128238474966328,0.12776678091452937,False,False,False,False,383242.0,228504.9312576907,False,False,False,False,11393.435313187721,False,False,False,False
2025-04-22 18:00:00+00:00,48.76,49.46,48.755,49.4,3606.0,,,,,,,,,,,,,,,,,,,,,,47.89202271410196,"rgba(38, 166, 154, 1.0)",0.0,0.0,2.003277141661841,47.31185352126646,1.0423652500728362,0.0,0.0,0.0,0.0,59.537116433063176,-0.43101864533289813,True,False,True,False,True,5.663407669585656,0,0.9762063826507018,0.9475820956883708,False,False,False,False,0.14267698784320748,0.13522188437886842,False,False,False,False,386848.0,230959.86255602108,False,False,False,False,11272.699881975508,False,False,False,False
2025-04-22 19:00:00+00:00,49.41,49.49,49.17,49.425,12569.0,,,,,,,,,,,,,,,,,,,,,,48.11372696576169,"rgba(38, 166, 154, 1.0)",0.0,0.0,2.004899029157242,47.3549887767922,1.0324765452542155,0.0,0.0,0.0,0.0,61.5657517661236,1.755423245386126,True,False,True,False,True,5.75125237255407,0,0.9822318081446104,0.9456683613208035,False,False,False,False,0.15936900334040063,0.14729544385963453,False,False,False,False,399417.0,233571.60112104402,False,False,False,False,11292.797558223949,False,False,False,False
2025-04-23 14:00:00+00:00,51.91,52.02,51.56,51.7,7834.0,,,,,,,,,,,,,,,,,,,,,,48.427103555965125,"rgba(38, 166, 154, 1.0)",0.0,0.0,2.0657257804458324,47.41553707604375,2.074071478660428,0.0,0.0,0.0,0.0,67.90664932934288,7.95564039001448,True,False,True,False,True,13.040403918046213,0,0.9854208416833667,0.94063126252505,False,False,False,False,0.34282824628969344,0.245061845074664,False,False,False,False,407251.0,236264.30497963246,False,False,False,False,11239.172789879392,False,False,False,False
2025-04-23 15:00:00+00:00,51.7,51.73,50.91,51.045,16602.0,,,,,,,,,,,,,,,,,,,,,,48.858697898299205,"rgba(38, 166, 154, 1.0)",0.0,0.0,2.09168866217179,47.51236914536132,1.6888894215120762,0.0,0.0,0.0,0.0,68.81422253579093,9.080461165492672,True,False,True,False,True,10.39949052467216,0,0.9781211064041864,0.9460752554198856,False,False,False,False,0.30509488226945314,0.27507836367205857,False,False,False,False,390649.0,238657.86614273893,False,False,False,False,11322.31739778824,False,False,False,False
2025-04-23 16:00:00+00:00,51.045,51.125,50.75,51.07,9627.0,,,,,,,,,,,,,,,,,,,,,,49.032813132733004,"rgba(38, 166, 154, 1.0)",0.0,0.0,2.1148965429509663,47.55809953058748,1.6605542626270902,0.0,0.0,0.0,0.0,69.47094759979247,10.199902622085268,True,False,True,False,True,10.474873561638269,0,0.9794910179640718,0.9510978043912175,False,False,False,False,0.27500095945729475,0.27503966156467663,False,False,False,False,400276.0,241163.57364440188,False,False,False,False,11296.033407124856,False,False,False,False
2025-04-23 17:00:00+00:00,51.06,51.34,50.835,51.08,4916.0,,,,,,,,,,,,,,,,,,,,,,49.11530534954523,"rgba(38, 166, 154, 1.0)",0.0,0.0,2.1495218659624795,47.58097904991922,1.6278136107789902,0.0,0.0,0.0,0.0,69.93184106797158,11.281687033813036,True,False,True,False,True,10.505591613251376,0,0.9780044787260512,0.9487932321473004,False,False,False,False,0.2867418792989648,0.2808907704318207,False,False,False,False,405192.0,243706.65002200805,False,False,False,False,11197.118160502767,False,False,False,False
2025-04-23 18:00:00+00:00,51.08,51.195,50.72,50.77,8263.0,,,,,,,,,,,,,,,,,,,,,,49.227940282883985,"rgba(38, 166, 154, 1.0)",0.0,0.0,2.155808792436872,47.6151067915762,1.4634383250926388,0.0,0.0,0.0,0.0,68.43628566582062,11.281687033813036,True,False,True,False,True,9.237053307356547,0,0.9766078966972931,0.9510802085920042,False,False,False,False,0.2765620834303937,0.27872642693110716,False,False,False,False,396929.0,246082.19033174435,False,False,False,False,11151.627956463963,False,False,False,False
2025-04-23 19:00:00+00:00,50.755,50.86,50.485,50.64,30284.0,,,,,,,,,,,,,,,,,,,,,,49.49788488639095,"rgba(38, 166, 154, 1.0)",0.0,0.0,2.128493086626875,47.715942161152725,1.3737690092671007,0.0,0.0,0.0,0.0,66.68095612066018,11.281687033813036,True,False,True,False,True,8.705655869297306,0,0.9726217637139174,0.9558079555599645,False,False,False,False,0.25443589954116425,0.2665811632361357,False,False,False,False,366645.0,247951.38117931422,False,False,False,False,11448.25387961956,False,False,False,False
2025-04-24 14:00:00+00:00,51.325,51.665,51.28,51.495,7349.0,,,,,,,,,,,,,,,,,,,,,,49.58449113022936,"rgba(38, 166, 154, 1.0)",0.0,0.0,2.140463602220562,47.74639623684244,1.7513046048849763,1.0,51.495,50.86,0.0,68.02222632742591,11.281687033813036,True,False,True,False,True,11.398316305775055,0,0.9738912380765069,0.9497984069230011,False,False,False,False,0.31724135643589096,0.2919112598360133,False,False,False,False,373994.0,249905.5303083171,False,False,False,False,11384.699555904528,False,False,False,False
2025-04-24 15:00:00+00:00,51.495,51.84,51.495,51.73,4596.0,,,,,,,,,,,,,,,,,,,,,,49.640451051089286,"rgba(38, 166, 154, 1.0)",0.0,0.0,2.124243263244594,47.76616230824373,1.8659998882151831,1.0,51.705,51.665,0.0,69.49736641088556,12.928164761649448,True,False,True,False,True,12.114674276437139,0,0.9751854945702914,0.9502727138715542,False,False,False,False,0.33290652753823047,0.3124088936871219,False,False,False,False,378590.0,251900.63836555247,False,False,False,False,11279.448399999032,False,False,False,False
2025-04-24 16:00:00+00:00,51.73,52.21,51.705,52.17,4917.0,,,,,,,,,,,,,,,,,,,,,,49.70652207391234,"rgba(38, 166, 154, 1.0)",0.0,0.0,2.1311877435357043,47.7890518006664,2.0556369154345258,0.0,0.0,0.0,0.0,71.50354582099025,15.288449579419805,True,False,True,False,True,13.439391334112848,0,0.9839838359944806,0.9457421643997636,False,False,False,False,0.3428282464363194,0.3276185700617206,False,False,False,False,383507.0,253941.04707306327,False,False,False,False,11180.805789146332,False,False,False,False
2025-04-24 17:00:00+00:00,52.14,52.235,51.81,51.81,5421.0,,,,,,,,,,,,,,,,,,,,,,49.77298375808409,"rgba(38, 166, 154, 1.0)",0.0,0.0,2.155243162635879,47.81308262789005,1.8545087818405115,0.0,0.0,0.0,0.0,70.50069073338321,15.288449579419805,True,False,True,False,True,11.910869463880314,0,0.9872586300558053,0.9446392414440222,False,False,False,False,0.3428282464918036,0.3352234082767621,False,False,False,False,378086.0,255865.77502541887,False,False,False,False,11091.506474585924,False,False,False,False
2025-04-24 18:00:00+00:00,51.81,52.005,51.73,51.935,4082.0,,,,,,,,,,,,,,,,,,,,,,49.819144254104586,"rgba(38, 166, 154, 1.0)",0.0,0.0,2.177220357815237,47.83043247212781,1.8852329361787608,0.0,0.0,0.0,0.0,70.20014925817716,15.288449579419805,True,False,True,False,True,12.29485118549674,0,0.987460505529226,0.9419924960505532,False,False,False,False,0.3305956466616061,0.3329095274691841,False,False,False,False,382168.0,257823.94905603252,False,False,False,False,10982.831955600093,False,False,False,False
2025-04-24 19:00:00+00:00,51.93,52.49,51.91,52.43,20147.0,,,,,,,,,,,,,,,,,,,,,,50.05792058102973,"rgba(38, 166, 154, 1.0)",0.0,0.0,2.193947653501545,47.92112589038021,2.055142064316629,0.0,0.0,0.0,0.0,71.3682475078159,16.35452075384356,True,False,True,False,True,13.799990193258857,0,0.9922182821118991,0.9353821907013398,False,False,False,False,0.34282824663946115,0.3378688870543226,False,False,False,False,402315.0,260064.12038849713,False,False,False,False,11124.912080319471,False,False,False,False
2025-04-25 14:00:00+00:00,52.93,53.185,52.72,53.065,18980.0,,,,,,,,,,,,,,,,,,,,,,50.30379780503322,"rgba(38, 166, 154, 1.0)",0.0,0.0,2.208695330520192,48.01563687663023,2.2861293061096566,0.0,0.0,0.0,0.0,73.5766002793257,18.78764748000151,True,False,True,False,True,15.664357623999226,0,0.9974472263132058,0.9311732940598921,False,False,False,False,0.34282824720880084,0.3403485671315617,False,False,False,False,421295.0,262563.8239483654,False,False,False,False,11246.696389151728,False,False,False,False
2025-04-25 15:00:00+00:00,53.085,53.085,52.545,52.585,8897.0,,,,,,,,,,,,,,,,,,,,,,50.39587698863112,"rgba(38, 166, 154, 1.0)",0.0,0.0,2.1809570487855314,48.05489661559142,2.0771171935417883,0.0,0.0,0.0,0.0,71.88214156059385,18.78764748000151,True,False,True,False,True,13.582882334277773,0,0.9952502203506022,0.9313975124865344,False,False,False,False,0.33295115749773746,0.33664986231464955,False,False,False,False,412398.0,264886.8344297861,False,False,False,False,11210.26698776953,False,False,False,False
2025-04-25 16:00:00+00:00,52.58,52.975,52.58,52.85,5692.0,,,,,,,,,,,,,,,,,,,,,,50.452715236415195,"rgba(38, 166, 154, 1.0)",0.0,0.0,2.1480880394490067,48.0797389526818,2.220700902250632,0.0,0.0,0.0,0.0,71.49115056587038,18.78764748000151,True,False,True,False,True,14.36707317276285,0,1.0034910020650998,0.931950044252139,False,False,False,False,0.33026831817311864,0.3334590902438841,False,False,False,False,418090.0,267262.07730684365,False,False,False,False,11124.712460827366,False,False,False,False
2025-04-25 17:00:00+00:00,52.845,53.085,52.575,52.625,15217.0,,,,,,,,,,,,,,,,,,,,,,50.58988646922409,"rgba(38, 166, 154, 1.0)",0.0,0.0,2.0892373818780134,48.14302248422607,2.145269635059412,0.0,0.0,0.0,0.0,69.74674030295151,18.78764748000151,True,False,True,False,False,13.389290026302657,0,1.000540115879407,0.9320927035254837,False,False,False,False,0.334025587154337,0.3337423386991105,False,False,False,False,402873.0,269364.5722323189,False,False,False,False,11188.158779264151,False,False,False,False
2025-04-25 18:00:00+00:00,52.615,53.045,52.595,52.9,7138.0,,,,,,,,,,,,,,,,,,,,,,50.6510718879773,"rgba(38, 166, 154, 1.0)",0.0,0.0,2.044226285934797,48.17223848517017,2.312738832955515,0.0,0.0,0.0,0.0,69.47979679198909,18.78764748000151,True,False,True,False,False,14.218680864938172,0,1.0019636720667648,0.9318605792832596,False,False,False,False,0.3333092182223538,0.33352577846073217,False,False,False,False,410011.0,271545.1370039109,False,False,False,False,11125.365619895714,False,False,False,False
2025-04-25 19:00:00+00:00,52.88,53.015,52.8,53.0,20637.0,,,,,,,,,,,,,,,,,,,,,,50.81732545661818,"rgba(38, 166, 154, 1.0)",0.0,0.0,2.0046209387579443,48.254948246075756,2.367056864558274,0.0,0.0,0.0,0.0,69.62853174686256,18.78764748000151,True,False,True,False,False,14.520780657900787,0,1.004371101615834,0.9300623741466529,False,False,False,False,0.33958873583714316,0.3365572571489377,False,False,False,False,430648.0,274011.8480581138,False,False,False,False,11272.832819587255,False,False,False,False
2025-04-28 14:00:00+00:00,53.23,53.905,53.23,53.56,14378.0,,,,,,,,,,,,,,,,,,,,,,50.9497650368483,"rgba(38, 166, 154, 1.0)",0.0,0.0,2.0592379461629977,48.5590975581791,2.4285209250048765,0.0,0.0,0.0,0.0,71.39033422045851,18.78764748000151,True,False,True,False,True,16.191046908509755,0,1.0054249547920433,0.925956698108597,False,False,False,False,0.34282824761569136,0.33969275238231456,False,False,False,False,445026.0,276663.2302587632,False,False,False,False,11320.974946415357,False,False,False,False
2025-04-28 15:00:00+00:00,53.555,53.585,52.85,53.0,9342.0,,,,,,,,,,,,,,,,,,,,,,51.01642764578599,"rgba(38, 166, 154, 1.0)",0.0,0.0,2.095639526976363,48.58619547268093,2.106184995320933,0.0,0.0,0.0,0.0,68.63820290204137,22.169976464490446,True,False,True,False,False,13.69164462863995,0,0.9985850207367649,0.9338863137350574,False,False,False,False,0.3192103505204005,0.3294515514513575,False,False,False,False,435684.0,279128.668549325,False,False,False,False,11290.29316430039,False,False,False,False
2025-04-28 16:00:00+00:00,52.975,52.975,52.715,52.96,3520.0,,,,,,,,,,,,,,,,,,,,,,51.03754723499711,"rgba(38, 166, 154, 1.0)",0.0,0.0,2.130665797054393,48.59504577074761,2.048633922451311,0.0,0.0,0.0,0.0,66.54084827263986,20.160945431507486,True,False,True,False,False,13.514818746623817,0,1.0081995554457892,0.9342059767843913,False,False,False,False,0.2944464446255233,0.3119489980384404,False,False,False,False,432164.0,281501.3093470099,False,False,False,False,11169.82350283837,False,False,False,False
2025-04-28 17:00:00+00:00,52.96,53.035,52.67,52.99,13895.0,,,,,,,,,,,,,,,,,,,,,,51.11709027068489,"rgba(38, 166, 154, 1.0)",0.0,0.0,2.1506103302996324,48.634874957775786,2.025064690179109,0.0,0.0,0.0,0.0,65.27338158690011,18.931948629694872,True,False,True,False,False,13.608490063894077,0,1.0060279658085876,0.928949058747962,False,False,False,False,0.2949415072607064,0.3034452526495734,False,False,False,False,446059.0,284052.59137263766,False,False,False,False,11212.074301243976,False,False,False,False
2025-04-28 18:00:00+00:00,52.99,53.16,52.975,53.135,6338.0,,,,,,,,,,,,,,,,,,,,,,51.15482315901706,"rgba(38, 166, 154, 1.0)",0.0,0.0,2.1601659929542048,48.65631315773483,2.073306799974291,0.0,0.0,0.0,0.0,65.09432952105405,18.649079814434984,True,False,True,False,False,14.066330529173406,0,1.0093041670790852,0.9269029001286745,False,False,False,False,0.30919427214236234,0.30631976239596787,False,False,False,False,452397.0,286662.58220406965,False,False,False,False,11136.507257813837,False,False,False,False
2025-04-28 19:00:00+00:00,53.135,53.37,53.13,53.25,17552.0,,,,,,,,,,,,,,,,,,,,,,51.26021185946852,"rgba(38, 166, 154, 1.0)",0.0,0.0,2.1657131900647273,48.719184169623524,2.092066415424594,0.0,0.0,0.0,0.0,65.5116002841693,18.649079814434984,True,False,True,False,False,14.43188632158052,0,1.014634388332176,0.9221648973112414,False,False,False,False,0.32138862832626686,0.31385419536111736,False,False,False,False,469949.0,289504.23209237866,False,False,False,False,11235.97226156866,False,False,False,False
2025-04-29 14:00:00+00:00,52.89,53.24,52.605,53.105,3899.0,,,,,,,,,,,,,,,,,,,,,,51.27925287405185,"rgba(38, 166, 154, 1.0)",0.0,0.0,2.1792083197573433,48.731010922667124,2.0071459151825923,0.0,0.0,0.0,0.0,64.44472439965327,17.696923221672876,True,False,True,False,False,13.746881662072983,0,1.0086965115129956,0.9219290443719736,False,False,False,False,0.29956891071319464,0.306711553037156,False,False,False,False,466050.0,292241.37578086887,False,False,False,False,11122.220753637364,False,False,False,False
2025-04-29 15:00:00+00:00,53.115,53.3,53.025,53.165,2753.0,,,,,,,,,,,,,,,,,,,,,,51.29383937861718,"rgba(38, 166, 154, 1.0)",0.0,0.0,2.1896779001271023,48.74012179992691,2.0207895416107737,0.0,0.0,0.0,0.0,64.07937360607565,17.15120623213207,True,False,True,False,False,13.94434397012758,0,1.017257624597074,0.9206050086784031,False,False,False,False,0.3155306870807035,0.3111211200589298,False,False,False,False,468803.0,294978.7653036461,False,False,False,False,10992.465393115854,False,False,False,False
2025-04-29 16:00:00+00:00,53.16,53.415,53.095,53.205,4228.0,,,,,,,,,,,,,,,,,,,,,,51.31668767705512,"rgba(38, 166, 154, 1.0)",0.0,0.0,2.190206977343087,48.754492232032874,2.032003282797492,0.0,0.0,0.0,0.0,64.08298426490698,16.916870286387834,True,False,True,False,False,14.077946046583815,0,1.0276518585675432,0.9138208925153621,False,False,False,False,0.32172400942639917,0.3164225647426645,False,False,False,False,473031.0,297739.26506638026,False,False,False,False,10887.589960664445,False,False,False,False
2025-04-29 17:00:00+00:00,53.205,53.635,53.17,53.54,1466.0,,,,,,,,,,,,,,,,,,,,,,51.32533726556098,"rgba(38, 166, 154, 1.0)",0.0,0.0,2.192373581057221,48.75991053258176,2.1803261582422233,0.0,0.0,0.0,0.0,66.00183182751768,16.916870286387834,True,False,True,False,True,15.19628691332862,0,1.0229734495440577,0.9146052697868912,False,False,False,False,0.33164965905234384,0.32403611189750414,False,False,False,False,474497.0,300479.69506535114,False,False,False,False,10741.5187984836,False,False,False,False
2025-04-29 18:00:00+00:00,53.56,53.725,53.49,53.66,4368.0,,,,,,,,,,,,,,,,,,,,,,51.35280824053207,"rgba(38, 166, 154, 1.0)",0.0,0.0,2.192971169338143,48.77704770808969,2.226637705129531,0.0,0.0,0.0,0.0,67.89039808268734,15.099021294991203,True,False,True,False,True,15.594883771933386,0,1.0250000000000004,0.9165485829959514,False,False,False,False,0.34282824764057024,0.33343217976903716,False,False,False,False,478865.0,303245.3587077488,False,False,False,False,10642.704553545867,False,False,False,False
2025-04-29 19:00:00+00:00,53.66,53.975,53.66,53.82,11287.0,,,,,,,,,,,,,,,,,,,,,,51.42663473876243,"rgba(38, 166, 154, 1.0)",0.0,0.0,2.2080107063322947,48.82311743387651,2.263069898978779,0.0,0.0,0.0,0.0,69.93649325265413,17.0321637617144,True,False,True,False,True,16.128736833428974,0,1.0215983813859384,0.9149721800708143,False,False,False,False,0.3428282477682536,0.3381302137686454,False,False,False,False,490152.0,306143.1360921248,False,False,False,False,10652.693630235079,False,False,False,False
2025-04-30 14:00:00+00:00,52.285,52.95,52.285,52.77,2626.0,,,,,,,,,,,,,,,,,,,,,,51.43522527305091,"rgba(38, 166, 154, 1.0)",0.0,0.0,2.2058110967608626,49.039432269027245,1.6912453366704585,0.0,0.0,0.0,0.0,61.90122914196169,15.56520159440899,False,False,True,False,False,10.956034358818226,0,1.0117517627644146,0.9201880282042305,False,False,False,False,0.2649513043985518,0.30154075908359856,False,False,False,False,487526.0,308955.2735170531,False,False,False,False,10528.248767750814,False,False,False,False
2025-04-30 15:00:00+00:00,52.84,53.18,52.84,53.14,2724.0,,,,,,,,,,,,,,,,,,,,,,51.4467549802551,"rgba(38, 166, 154, 1.0)",0.0,0.0,2.204970633703376,49.0569353899431,1.8517546436431027,0.0,0.0,0.0,0.0,58.91324320745442,13.215626850619387,False,False,True,False,False,12.237042524283755,0,1.0144622929490068,0.9200820697592955,False,False,False,False,0.290037812940928,0.2957892860122633,False,False,False,False,490250.0,311766.0444702771,False,False,False,False,10407.252662824445,False,False,False,False
2025-04-30 16:00:00+00:00,53.165,53.23,52.75,52.95,3114.0,,,,,,,,,,,,,,,,,,,,,,51.459116315133514,"rgba(38, 166, 154, 1.0)",0.0,0.0,2.2038125073531876,49.06744564403628,1.761744405664857,0.0,0.0,0.0,0.0,55.67810100084381,10.540486681002548,False,True,True,False,False,11.332201466181576,0,1.015074619365861,0.9219134716848401,False,False,False,False,0.2887511449317992,0.29227021547203125,False,False,False,False,487136.0,314484.95850949764,False,False,False,False,10294.178978129494,False,False,False,False
2025-04-30 17:00:00+00:00,52.95,53.26,52.775,53.155,3182.0,,,,,,,,,,,,,,,,,,,,,,51.47225260708185,"rgba(38, 166, 154, 1.0)",0.0,0.0,2.22081238686577,49.07855456171595,1.8355649772095952,0.0,0.0,0.0,0.0,54.855096870677585,9.963688840322604,False,True,True,False,False,12.051044515343879,0,1.0069968790899022,0.9275143461189973,False,False,False,False,0.2905205542025764,0.2913953848373038,False,False,False,False,490318.0,317211.052176017,False,False,False,False,10183.9126373833,False,False,False,False
2025-04-30 18:00:00+00:00,53.18,53.45,52.73,52.79,12256.0,,,,,,,,,,,,,,,,,,,,,,51.518658355058264,"rgba(38, 166, 154, 1.0)",0.0,0.0,2.222351197908565,49.11251962153866,1.6547701290066954,0.0,0.0,0.0,0.0,51.88915452834116,7.247569078705247,False,True,False,False,False,10.30126770117242,0,1.0018060502683992,0.9278081573270457,False,False,False,False,0.29519388752685904,0.2932946361820814,False,False,False,False,478062.0,319704.8653205749,False,False,False,False,10216.038022850225,False,False,False,False
2025-04-30 19:00:00+00:00,52.785,53.45,52.735,53.36,27063.0,,,,,,,,,,,,,,,,,,,,,,51.62383515459709,"rgba(38, 166, 154, 1.0)",0.0,0.0,2.232119216842369,49.19444215688195,1.8661896782604606,0.0,0.0,0.0,0.0,53.391916654868616,7.247569078705247,False,True,True,False,False,12.309286611502035,0,1.0026465594726857,0.9259962049335864,False,False,False,False,0.2953552596100569,0.2943249478960691,False,False,False,False,505125.0,322579.5960907985,False,False,False,False,10477.231231798285,False,False,False,False
2025-05-01 14:00:00+00:00,53.33,53.92,53.21,53.92,4661.0,,,,,,,,,,,,,,,,,,,,,,51.64602657610693,"rgba(38, 166, 154, 1.0)",0.0,0.0,2.254431571751627,49.212312927857724,2.0881924876897213,0.0,0.0,0.0,0.0,56.9510497172771,7.247569078705247,False,True,True,False,True,14.201000935695536,0,1.0103441416351702,0.9191366620250646,False,False,False,False,0.3261351183353815,0.3102300331157253,False,False,False,False,509786.0,325482.02095760783,False,False,False,False,10387.057104173506,False,False,False,False
2025-05-01 15:00:00+00:00,53.925,54.305,53.49,53.59,6362.0,,,,,,,,,,,,,,,,,,,,,,51.67717445338788,"rgba(38, 166, 154, 1.0)",0.0,0.0,2.2717310897513703,49.2371496345526,1.9160940241055555,0.0,0.0,0.0,0.0,57.092898000840236,7.247569078705247,False,True,True,False,True,12.61131124452966,1,1.0106673282064003,0.9207144629124286,False,False,False,False,0.342828247815638,0.3265291404656816,False,False,False,False,503424.0,328240.8113303581,False,False,False,False,10324.653118062288,False,False,False,False
2025-05-01 16:00:00+00:00,53.59,53.67,53.265,53.32,5437.0,,,,,,,,,,,,,,,,,,,,,,51.6984781494917,"rgba(38, 166, 154, 1.0)",0.0,0.0,2.2791871674224025,49.253832037861734,1.7840430221168764,0.0,0.0,0.0,0.0,55.509826416517065,7.247569078705247,False,True,True,False,True,11.326875446898747,1,1.0048201152852316,0.9309282448817331,False,False,False,False,0.3147051901386618,0.32061716530217166,False,False,False,False,497987.0,330872.5351857014,False,False,False,False,10248.875550340392,False,False,False,False
2025-05-01 17:00:00+00:00,53.32,53.68,53.32,53.465,2204.0,,,,,,,,,,,,,,,,,,,,,,51.70731175487938,"rgba(38, 166, 154, 1.0)",0.0,0.0,2.2967550219014314,49.26077935700248,1.8305046044993287,0.0,0.0,0.0,0.0,55.25393687647991,7.247569078705247,False,True,True,False,True,11.834346618476022,1,1.0034306170138714,0.931884850594143,False,False,False,False,0.3168135158401782,0.3187153405711749,False,False,False,False,500191.0,333497.62766344246,False,False,False,False,10124.148797621936,False,False,False,False
2025-05-01 18:00:00+00:00,53.475,53.765,53.47,53.675,4195.0,,,,,,,,,,,,,,,,,,,,,,51.72526702634988,"rgba(38, 166, 154, 1.0)",0.0,0.0,2.314865071077819,49.274929972259976,1.900788984513605,0.0,0.0,0.0,0.0,56.22665235719822,7.247569078705247,False,True,True,False,True,12.56966612694454,1,1.003388816904216,0.9335193860261138,False,False,False,False,0.3244588725169539,0.3215871065440644,False,False,False,False,504386.0,336147.0597926914,False,False,False,False,10032.224010061906,False,False,False,False
2025-05-01 19:00:00+00:00,53.675,53.71,53.24,53.26,14852.0,,,,,,,,,,,,,,,,,,,,,,51.77879285066401,"rgba(38, 166, 154, 1.0)",0.0,0.0,2.3210726337557803,49.31760182676168,1.6985242580965823,0.0,0.0,0.0,0.0,54.07910585424318,7.247569078705247,False,True,True,False,False,10.56115401402111,1,0.9992524296037877,0.9353102417144282,False,False,False,False,0.3151914858403014,0.3183892961921829,False,False,False,False,489534.0,338525.1518889287,False,False,False,False,10106.949219208233,False,False,False,False
2025-05-02 14:00:00+00:00,54.255,54.865,54.255,54.695,14613.0,,,,,,,,,,,,,,,,,,,,,,51.86479162849066,"rgba(38, 166, 154, 1.0)",0.0,0.0,2.348968706045445,49.38402871314759,2.2609800093052654,0.0,0.0,0.0,0.0,58.662508279359585,3.7584398762296303,False,True,True,False,True,15.385622802829566,0,1.0003940498473056,0.9241454043936558,False,False,False,False,0.3428282481835251,0.330608772187854,False,False,False,False,504147.0,341092.93247979804,False,False,False,False,10176.810471623608,False,False,False,False
2025-05-02 15:00:00+00:00,54.735,54.89,54.36,54.79,12681.0,,,,,,,,,,,,,,,,,,,,,,51.93721750761965,"rgba(38, 166, 154, 1.0)",0.0,0.0,2.3761749355472883,49.43930085525879,2.2518119624508266,0.0,0.0,0.0,0.0,61.9976311933589,6.850356248093625,False,True,True,False,True,15.685613246376544,0,1.000493461633358,0.927707870713052,False,False,False,False,0.34282824821742236,0.3367185102026382,False,False,False,False,516828.0,343817.50717003376,False,False,False,False,10215.635115474404,False,False,False,False
2025-05-02 16:00:00+00:00,54.79,55.18,54.785,54.955,10090.0,,,,,,,,,,,,,,,,,,,,,,51.99812054136189,"rgba(38, 166, 154, 1.0)",0.0,0.0,2.406200702314473,49.81120987520848,2.1377228091753997,0.0,0.0,0.0,0.0,64.72720054295422,9.357207473573425,False,False,True,False,True,16.209931094221112,0,1.0201120162932789,0.9223014256619142,False,False,False,False,0.34282824839745685,0.33977337930004753,False,False,False,False,526918.0,346656.27450073085,False,False,False,False,10213.687284226738,False,False,False,False
2025-05-02 17:00:00+00:00,54.955,55.04,54.81,54.96,14023.0,,,,,,,,,,,,,,,,,,,,,,52.07782104446067,"rgba(38, 166, 154, 1.0)",0.0,0.0,2.423735715753405,49.86879689355902,2.100560334755147,0.0,0.0,0.0,0.0,66.56330536431398,11.081961936138505,True,False,True,False,True,16.22599606200375,0,1.0226139692655598,0.9243973891144577,False,False,False,False,0.3393718676544385,0.33957262347724304,False,False,False,False,540941.0,349668.4407875412,False,False,False,False,10272.746396099192,False,False,False,False
2025-05-02 18:00:00+00:00,54.97,55.15,54.745,54.9,9630.0,,,,,,,,,,,,,,,,,,,,,,52.13000412666584,"rgba(38, 166, 154, 1.0)",0.0,0.0,2.438963675582248,49.90702410514966,2.0471710771413507,0.0,0.0,0.0,0.0,67.27740998720844,11.872645604241953,True,False,True,False,True,15.921768236472449,0,1.012056262558607,0.9278685146066258,False,False,False,False,0.34072343031108204,0.34014802689416257,False,False,False,False,531311.0,352484.60449626145,False,False,False,False,10262.781335694552,False,False,False,False
2025-05-02 19:00:00+00:00,54.88,55.035,54.73,54.755,22417.0,,,,,,,,,,,,,,,,,,,,,,52.240645111548595,"rgba(38, 166, 154, 1.0)",0.0,0.0,2.447536777921457,49.98770315705563,1.9477937516399442,0.0,0.0,0.0,0.0,66.4730408739666,11.872645604241953,True,False,True,False,True,15.18014737769171,0,1.0130995358432182,0.9252707581227438,False,False,False,False,0.33682216655644603,0.3384850967253043,False,False,False,False,508894.0,354909.55636453646,False,False,False,False,10451.218834365953,False,False,False,False
2025-05-05 14:00:00+00:00,54.285,54.425,53.92,54.35,11092.0,,,,,,,,,,,,,,,,,,,,,,52.2800699436773,"rgba(38, 166, 154, 1.0)",0.0,0.0,2.430238584290738,50.0136805136154,1.7843184263532514,0.0,0.0,0.0,0.0,62.70590609157583,11.872645604241953,False,False,True,False,False,13.131320394834937,0,1.0104166666666667,0.9251334154351396,False,False,False,False,0.29481780457133694,0.3166514506483206,False,False,False,False,497802.0,357124.9430875669,False,False,False,False,10461.153426081208,False,False,False,False
2025-05-05 15:00:00+00:00,54.355,54.38,54.08,54.125,23336.0,,,,,,,,,,,,,,,,,,,,,,52.35665388748261,"rgba(38, 166, 154, 1.0)",0.0,0.0,2.4080108889787692,50.06912025823791,1.6843278243987418,0.0,0.0,0.0,0.0,58.623629826726216,14.122520539909502,False,True,True,False,False,12.0106747692009,0,1.0206372194062272,0.92401986138409,False,False,False,False,0.2981804043695981,0.30741592750895935,False,False,False,False,474466.0,358944.18428000767,False,False,False,False,10660.76345048305,False,False,False,False
2025-05-05 16:00:00+00:00,54.105,54.37,53.995,54.37,15241.0,,,,,,,,,,,,,,,,,,,,,,52.404721808391585,"rgba(38, 166, 154, 1.0)",0.0,0.0,2.3959933579144286,50.106820923184905,1.7792950313209295,0.0,0.0,0.0,0.0,57.466343987017225,13.007712444112244,False,True,True,False,False,12.888219958359407,0,1.0427581727646675,0.910370210002165,False,False,False,False,0.29540213726295456,0.30140903238595695,False,False,False,False,489707.0,360971.51475628663,False,False,False,False,10731.774869855404,False,False,False,False
2025-05-05 17:00:00+00:00,54.38,54.38,54.15,54.25,10402.0,,,,,,,,,,,,,,,,,,,,,,52.43640332171045,"rgba(38, 166, 154, 1.0)",0.0,0.0,2.385546421625164,50.1325506592686,1.725998414202465,0.0,0.0,0.0,0.0,55.78287633640132,11.29812257637765,False,True,True,False,False,12.280492571210669,0,1.0310341046167342,0.9176444785612458,False,False,False,False,0.3002304113671112,0.30081972187653405,False,False,False,False,479305.0,362806.1424344837,False,False,False,False,10726.662081175476,False,False,False,False
2025-05-05 18:00:00+00:00,54.26,54.3,54.09,54.115,19462.0,,,,,,,,,,,,,,,,,,,,,,52.490024861890156,"rgba(38, 166, 154, 1.0)",0.0,0.0,2.3752355350250522,50.177568308332994,1.6577015767935113,0.0,0.0,0.0,0.0,53.62843828225709,9.121800259092822,False,True,True,False,False,11.593126632723916,0,1.0248043214640061,0.9157755484511078,False,False,False,False,0.29613282898370336,0.2984762754301187,False,False,False,False,459843.0,364310.5898386002,False,False,False,False,10862.093676816166,False,False,False,False
2025-05-05 19:00:00+00:00,54.115,54.135,53.76,53.945,25080.0,,,,,,,,,,,,,,,,,,,,,,52.54591190316655,"rgba(38, 166, 154, 1.0)",0.0,0.0,2.3668265578520664,50.22750870658681,1.5706648554708096,0.0,0.0,0.0,0.0,50.92258853763694,6.452795081451278,False,True,False,False,False,10.725624495050837,0,1.0222703543263356,0.9200821948239475,False,False,False,False,0.2817211047402138,0.2900986900851662,False,False,False,False,434763.0,365402.87526745914,False,False,False,False,11082.526332989559,False,False,False,False
2025-05-06 14:00:00+00:00,53.79,54.735,53.63,53.92,11145.0,,,,,,,,,,,,,,,,,,,,,,52.571880287371265,"rgba(38, 166, 154, 1.0)",0.0,0.0,2.355442887908155,50.52312034342276,1.4421405307746498,0.0,0.0,0.0,0.0,48.927316564124204,4.459422566403546,False,True,False,True,False,10.596944686131593,0,1.0211169769380384,0.9142539594331759,False,False,False,False,0.2954021372629549,0.2927504136740605,False,False,False,False,423618.0,366305.4353408319,False,False,False,False,11083.494916974216,False,False,False,False
2025-05-06 15:00:00+00:00,53.875,54.54,53.865,54.275,5192.0,,,,,,,,,,,,,,,,,,,,,,52.584703206705825,"rgba(38, 166, 154, 1.0)",0.0,0.0,2.3437851633395943,50.53662441709472,1.5950163186367174,0.0,0.0,0.0,0.0,50.67559650169798,4.459422566403546,False,True,False,False,False,11.967901531508915,0,1.0234435906002892,0.91324200913242,False,False,False,False,0.2965713915133093,0.29466090259368494,False,False,False,False,428810.0,367274.49835880345,False,False,False,False,10992.153910509498,False,False,False,False
2025-05-06 16:00:00+00:00,54.265,54.63,54.195,54.34,6287.0,,,,,,,,,,,,,,,,,,,,,,52.60146981167412,"rgba(38, 166, 154, 1.0)",0.0,0.0,2.3266218309263476,50.55498444592911,1.6268288656794243,0.0,0.0,0.0,0.0,52.35125492178672,4.459422566403546,False,True,True,False,True,12.217599012838978,0,1.0320168930487386,0.9258646273256476,False,False,False,False,0.30889693725051065,0.3017789199220978,False,False,False,False,435097.0,368326.01001215534,False,False,False,False,10919.205787865938,False,False,False,False
2025-05-06 17:00:00+00:00,54.31,54.975,54.31,54.75,12258.0,,,,,,,,,,,,,,,,,,,,,,52.63844247530138,"rgba(38, 166, 154, 1.0)",0.0,0.0,2.3126324710046076,50.595737862780865,1.796334778355215,0.0,0.0,0.0,0.0,56.29714060970577,0.7645416540564582,False,True,True,False,True,13.778589131798672,0,1.0323624595469254,0.9123901987979656,False,False,False,False,0.3225016919360002,0.312140305929049,False,False,False,False,447355.0,369551.2656708816,False,False,False,False,10939.962287278868,False,False,False,False
2025-05-06 18:00:00+00:00,54.745,55.155,54.7,54.965,10016.0,,,,,,,,,,,,,,,,,,,,,,52.671441227301685,"rgba(38, 166, 154, 1.0)",0.0,0.0,2.298953751459627,50.630837645966984,1.8852760092634395,0.0,0.0,0.0,0.0,60.13984370553169,4.363256766450128,False,False,True,False,True,14.58240065160593,0,1.0489269885700956,0.8931070678796359,False,False,False,False,0.339521982234589,0.325831144081819,False,False,False,False,457371.0,370912.8119395501,False,False,False,False,10925.63729057687,False,False,False,False
2025-05-06 19:00:00+00:00,54.96,55.125,54.74,55.065,31159.0,,,,,,,,,,,,,,,,,,,,,,52.76987111215864,"rgba(38, 166, 154, 1.0)",0.0,0.0,2.283589714020654,50.72741873306895,1.8994573501095282,0.0,0.0,0.0,0.0,63.242738458435454,7.23077321223014,True,False,True,False,True,14.956555994541617,0,1.0503622548153384,0.8933851681686987,False,False,False,False,0.3398222556274779,0.33282669985464847,False,False,False,False,488530.0,372736.33423506096,False,False,False,False,11239.332836459398,False,False,False,False
2025-05-07 14:00:00+00:00,56.0,56.28,55.68,55.79,8899.0,,,,,,,,,,,,,,,,,,,,,,52.80778302840435,"rgba(38, 166, 154, 1.0)",0.0,0.0,2.278040927741955,50.765928030154775,2.205435340806276,0.0,0.0,0.0,0.0,68.28025655611134,11.854375993427453,True,False,True,False,True,17.58689341915202,0,1.0544758539458183,0.8848645465253239,False,False,False,False,0.34282824884863256,0.3378274743516405,False,False,False,False,497429.0,374669.55385932355,False,False,False,False,11203.048606436772,False,False,False,False
2025-05-07 15:00:00+00:00,55.63,55.86,55.52,55.725,5372.0,,,,,,,,,,,,,,,,,,,,,,52.82867771977406,"rgba(38, 166, 154, 1.0)",0.0,0.0,2.2670485475869464,50.78645369522208,2.178403417974673,0.0,0.0,0.0,0.0,70.89253692905574,14.197557749038467,True,False,True,False,True,17.217314141017543,0,1.0525660779898065,0.8855635889534191,False,False,False,False,0.32676880784936607,0.33229814110050326,False,False,False,False,492057.0,376489.51426460536,False,False,False,False,11112.644752073411,False,False,False,False
2025-05-07 16:00:00+00:00,55.715,56.025,55.58,55.995,5566.0,,,,,,,,,,,,,,,,,,,,,,52.85123628120634,"rgba(38, 166, 154, 1.0)",0.0,0.0,2.257262507336265,50.80855478996362,2.2976703831211727,0.0,0.0,0.0,0.0,73.57158160382994,16.70427400844258,True,False,True,False,True,18.178691005535974,0,1.0466788543570988,0.8999390615478364,False,False,False,False,0.3329790434396959,0.3326385922700996,False,False,False,False,497623.0,378367.55280313856,False,False,False,False,11026.650259793203,False,False,False,False
2025-05-07 17:00:00+00:00,55.995,56.11,55.815,55.87,3495.0,,,,,,,,,,,,,,,,,,,,,,52.86553247241861,"rgba(38, 166, 154, 1.0)",0.0,0.0,2.214356775211915,50.82247606829416,2.279453784597466,0.0,0.0,0.0,0.0,73.83712809078997,17.10766796468525,True,False,True,False,True,17.452028819656615,0,1.054130181862715,0.8853101463474373,False,False,False,False,0.34185437837384786,0.33724648532197377,False,False,False,False,494128.0,380162.2884185938,False,False,False,False,10909.88048832354,False,False,False,False
2025-05-07 18:00:00+00:00,55.96,56.09,55.58,56.075,7825.0,,,,,,,,,,,,,,,,,,,,,,52.89689281333506,"rgba(38, 166, 154, 1.0)",0.0,0.0,2.1621395017954366,50.85269357681254,2.415342034522226,0.0,0.0,0.0,0.0,74.83737926360062,18.365294805599916,True,False,True,False,True,18.1933946503372,0,1.0565225413617072,0.8822190786641245,False,False,False,False,0.3347777145910492,0.3360120999565115,False,False,False,False,501953.0,382050.51650512725,False,False,False,False,10862.052883853408,False,False,False,False
2025-05-07 19:00:00+00:00,55.98,55.98,55.405,55.825,26902.0,,,,,,,,,,,,,,,,,,,,,,52.99386590581556,"rgba(38, 166, 154, 1.0)",0.0,0.0,2.0967379060926636,50.943925378142595,2.3279374153889565,0.0,0.0,0.0,0.0,72.51379354896376,18.365294805599916,True,False,True,False,True,16.722976817074006,0,1.060712524654832,0.8744452662721892,False,False,False,False,0.3269065473393901,0.33145932364795083,False,False,False,False,475051.0,383492.38446628803,False,False,False,False,11110.73423449134,False,False,False,False
2025-05-08 14:00:00+00:00,55.9,56.3,55.78,56.13,7276.0,,,,,,,,,,,,,,,,,,,,,,53.022016542192475,"rgba(38, 166, 154, 1.0)",0.0,0.0,2.0076797979683367,50.97040570596466,2.5699288797230384,0.0,0.0,0.0,0.0,72.44410023093477,18.365294805599916,True,False,True,False,True,17.84561279772465,0,1.0720386186409205,0.8635969798242354,False,False,False,False,0.34282824887362356,0.3371437862607872,False,False,False,False,482327.0,385024.7040869657,False,False,False,False,11051.280990545736,False,False,False,False
2025-05-08 15:00:00+00:00,56.09,57.145,56.075,56.755,4727.0,,,,,,,,,,,,,,,,,,,,,,53.04350786754269,"rgba(38, 166, 154, 1.0)",0.0,0.0,1.930702213194737,50.99073134413931,2.9855814203074553,0.0,0.0,0.0,0.0,74.62715147906546,18.965898599129503,True,False,True,False,True,20.0,0,1.0843306600863662,0.8442319555829731,False,False,False,False,0.3428282489813689,0.33998601762107805,False,False,False,False,487054.0,386606.553636005,False,False,False,False,10953.23012247526,False,False,False,False
2025-05-08 16:00:00+00:00,56.78,57.36,56.72,57.36,9726.0,,,,,,,,,,,,,,,,,,,,,,53.092804710381664,"rgba(38, 166, 154, 1.0)",0.0,0.0,1.8658755957291917,51.03723907244087,3.3886294145393814,0.0,0.0,0.0,0.0,77.54062145139528,21.976343789544714,True,False,True,False,True,20.0,0,1.090244204784926,0.8459154580389237,False,False,False,False,0.3428282491230924,0.3414071333720852,False,False,False,False,496780.0,388314.6690835088,False,False,False,False,10934.20329887099,False,False,False,False
2025-05-08 17:00:00+00:00,57.35,57.35,57.09,57.12,11106.0,,,,,,,,,,,,,,,,,,,,,,53.14820853800155,"rgba(38, 166, 154, 1.0)",0.0,0.0,1.850729690523827,51.08897102513147,3.2587303298525,0.0,0.0,0.0,0.0,77.12005213539416,21.976343789544714,True,False,True,False,True,20.0,0,1.0947078693857124,0.8452395846365567,False,False,False,False,0.34282824914380955,0.3421176912579474,False,False,False,False,485674.0,389824.11607446213,False,False,False,False,10936.866813617176,False,False,False,False
2025-05-08 18:00:00+00:00,57.115,57.47,57.115,57.34,8331.0,,,,,,,,,,,,,,,,,,,,,,53.19001714782715,"rgba(38, 166, 154, 1.0)",0.0,0.0,1.8310649562134362,51.12772279639314,3.3927126301699255,0.0,0.0,0.0,0.0,77.47711367579134,22.487826269492786,True,False,True,False,True,20.0,0,1.0903565386302398,0.8417820665455228,False,False,False,False,0.3428282484423487,0.3424729698501481,False,False,False,False,494005.0,391439.32357718365,False,False,False,False,10896.465777747142,False,False,False,False
2025-05-08 19:00:00+00:00,57.33,57.46,56.88,56.88,26971.0,,,,,,,,,,,,,,,,,,,,,,53.31238208369207,"rgba(38, 166, 154, 1.0)",0.0,0.0,1.8038601177262523,51.239951880346645,3.1266549241981036,0.0,0.0,0.0,0.0,73.56046924902986,22.487826269492786,True,False,True,False,False,18.683217991089194,0,1.08901342369347,0.8786002867196661,False,False,False,False,0.33517147340129405,0.33882222162572107,False,False,False,False,467034.0,392611.33406435914,False,False,False,False,11145.683362588272,False,False,False,False
2025-05-09 14:00:00+00:00,57.22,57.38,56.39,56.675,15519.0,,,,,,,,,,,,,,,,,,,,,,53.374757008752354,"rgba(38, 166, 154, 1.0)",0.0,0.0,1.7476143971368885,51.29686166780385,3.0774170440613973,0.0,0.0,0.0,0.0,69.32800177722959,24.50792332104504,True,False,True,False,False,17.500737936812857,0,1.0373011157324878,0.9027530204000788,False,False,False,False,0.31750168474240276,0.32816195318406194,False,False,False,False,451515.0,393524.5691951443,False,False,False,False,11213.486721307832,False,False,False,False
2025-05-09 15:00:00+00:00,56.68,56.705,56.385,56.64,7713.0,,,,,,,,,,,,,,,,,,,,,,53.40284748169959,"rgba(38, 166, 154, 1.0)",0.0,0.0,1.706299016389679,51.3225253852846,3.116379112710579,0.0,0.0,0.0,0.0,66.22202314718197,21.640567985624855,True,False,True,False,False,17.29777750657872,0,1.0388153918474243,0.9042374588677724,False,False,False,False,0.29666908115384377,0.3124155171689529,False,False,False,False,443802.0,394304.0642463824,False,False,False,False,11159.215609349572,False,False,False,False
2025-05-09 16:00:00+00:00,56.645,56.645,56.28,56.345,6196.0,,,,,,,,,,,,,,,,,,,,,,53.4239855299177,"rgba(38, 166, 154, 1.0)",0.0,0.0,1.6529246070997348,51.34188817624848,3.0268239714393927,0.0,0.0,0.0,0.0,61.80489469628458,17.601129494841047,False,False,True,False,False,15.588289212263145,0,1.0586582608099773,0.8877544027958607,False,False,False,False,0.2916522321785031,0.302033874673728,False,False,False,False,437606.0,394975.4120875237,False,False,False,False,11082.26653013485,False,False,False,False
2025-05-09 17:00:00+00:00,56.35,56.725,56.33,56.69,5893.0,,,,,,,,,,,,,,,,,,,,,,53.44486407819638,"rgba(38, 166, 154, 1.0)",0.0,0.0,1.6639813727948003,51.361019323507946,3.20254827585093,0.0,0.0,0.0,0.0,60.956083393562,16.847071504921146,False,False,True,False,False,16.873053339252692,0,1.0516266887234624,0.8814447201543973,False,False,False,False,0.2956036957014256,0.29881878518757676,False,False,False,False,443499.0,395727.71577608923,False,False,False,False,11001.812785481596,False,False,False,False
2025-05-09 18:00:00+00:00,56.69,56.72,56.375,56.51,6908.0,,,,,,,,,,,,,,,,,,,,,,53.468630966960866,"rgba(38, 166, 154, 1.0)",0.0,0.0,1.6543997523390779,51.382844675853484,3.0991030534775352,0.0,0.0,0.0,0.0,58.95288161950923,14.869192504013014,False,True,True,False,False,15.827381358406281,0,1.062187673514714,0.8714602998334258,False,False,False,False,0.29583119751677345,0.2973249913521751,False,False,False,False,436591.0,396361.2550663824,False,False,False,False,10938.342819815214,False,False,False,False
2025-05-09 19:00:00+00:00,56.515,56.59,56.22,56.375,26838.0,,,,,,,,,,,,,,,,,,,,,,53.55353624553063,"rgba(38, 166, 154, 1.0)",0.0,0.0,1.6395101636085216,51.461464547862384,2.9969533347222717,0.0,0.0,0.0,0.0,56.55796107690441,12.493318155101093,False,True,True,False,False,15.043062305138264,0,1.0629237288135591,0.8800141242937849,False,False,False,False,0.2863783720044658,0.29185168167832043,False,False,False,False,409753.0,396568.8790188416,False,False,False,False,11184.849132686297,False,False,False,False
2025-05-12 14:00:00+00:00,57.25,57.57,56.78,57.145,7596.0,,,,,,,,,,,,,,,,,,,,,,53.582951450172004,"rgba(38, 166, 154, 1.0)",0.0,0.0,1.6381165107225344,51.488479929722224,3.453063340276585,0.0,0.0,0.0,0.0,59.3134005310063,12.493318155101093,False,True,True,False,True,17.91219225460315,0,1.050960793974801,0.8710494826493979,False,False,False,False,0.3352398730768443,0.3135457773775824,False,False,False,False,417349.0,396891.0514371541,False,False,False,False,11129.208060861703,False,False,False,False
2025-05-12 15:00:00+00:00,57.21,57.365,57.01,57.075,4803.0,,,,,,,,,,,,,,,,,,,,,,53.60122800532674,"rgba(38, 166, 154, 1.0)",0.0,0.0,1.6224201919596393,51.50528530166015,3.4329668269306204,0.0,0.0,0.0,0.0,60.56826015228557,12.493318155101093,False,True,True,False,True,17.501571284315137,0,1.0611415948122278,0.869878144373975,False,False,False,False,0.3360453662361395,0.3247955718068609,False,False,False,False,412546.0,397133.76381797343,False,False,False,False,11031.127315732065,False,False,False,False
2025-05-12 16:00:00+00:00,57.1,57.52,57.055,57.48,13162.0,,,,,,,,,,,,,,,,,,,,,,53.65315835180474,"rgba(38, 166, 154, 1.0)",0.0,0.0,1.608087308821219,51.552934775550305,3.6857857107238945,0.0,0.0,0.0,0.0,63.2409061264147,7.358171133140985,False,False,True,False,True,18.963644781254526,0,1.0622430580598625,0.8675081139560039,False,False,False,False,0.3425045685190614,0.33365007016296117,False,False,False,False,425708.0,397576.77523164824,False,False,False,False,11064.164101534669,False,False,False,False
2025-05-12 17:00:00+00:00,57.495,57.755,57.395,57.46,9704.0,,,,,,,,,,,,,,,,,,,,,,53.69240306989726,"rgba(38, 166, 154, 1.0)",0.0,0.0,1.612175791836258,51.588884601292,3.641734002233613,0.0,0.0,0.0,0.0,64.8347453268315,9.04150670983347,True,False,True,False,True,18.843400104451582,0,1.0696506550218337,0.8563318777292571,False,False,False,False,0.34282824783469557,0.3382391589988284,False,False,False,False,416004.0,397862.46863890946,False,False,False,False,11043.076286006999,False,False,False,False
2025-05-12 18:00:00+00:00,57.415,57.63,57.33,57.535,8704.0,,,,,,,,,,,,,,,,,,,,,,53.72659055359183,"rgba(38, 166, 154, 1.0)",0.0,0.0,1.619855265472865,51.620266512425324,3.6513962782027036,0.0,0.0,0.0,0.0,66.25455418817256,10.608341910536787,True,False,True,False,True,19.117047011763326,0,1.0620684589393268,0.8633024827383572,False,False,False,False,0.33628172352137004,0.33726044126009924,False,False,False,False,424708.0,398278.6784274535,False,False,False,False,11006.811537386735,False,False,False,False
2025-05-12 19:00:00+00:00,57.54,57.675,57.42,57.485,61264.0,,,,,,,,,,,,,,,,,,,,,,53.95256517015304,"rgba(38, 166, 154, 1.0)",0.0,0.0,1.6321821683346867,51.82914868819712,3.465208370444051,0.0,0.0,0.0,0.0,66.63635563831286,11.271908563960324,True,False,True,False,True,18.806087798594533,0,1.0557491289198602,0.8688561049744232,False,False,False,False,0.3409038631485214,0.3390821522043103,False,False,False,False,363444.0,397738.60589369456,False,False,False,False,11785.99275386136,False,False,False,False
2025-05-13 14:00:00+00:00,57.785,58.325,57.685,58.245,8880.0,,,,,,,,,,,,,,,,,,,,,,53.987879721507646,"rgba(38, 166, 154, 1.0)",0.0,0.0,1.6533946107139188,51.861615270524204,3.8607750915067474,0.0,0.0,0.0,0.0,70.10119352388004,14.785170274046166,True,False,True,False,True,20.0,0,1.0482007506071083,0.8577525940098605,False,False,False,False,0.34282824768673065,0.3409551999455205,False,False,False,False,372324.0,397344.5809961179,False,False,False,False,11740.938602638702,False,False,False,False
2025-05-13 15:00:00+00:00,58.225,58.565,58.21,58.505,6171.0,,,,,,,,,,,,,,,,,,,,,,54.01408465433832,"rgba(38, 166, 154, 1.0)",0.0,0.0,1.6803742531441404,51.88555795649014,3.939266524183084,0.0,0.0,0.0,0.0,73.1927428856758,17.81119687734764,True,False,True,False,True,20.0,0,1.05580571344209,0.857385398981324,False,False,False,False,0.34282824791269323,0.3418917239291068,False,False,False,False,378495.0,397052.3394302866,False,False,False,False,11654.582965388488,False,False,False,False
2025-05-13 16:00:00+00:00,58.505,58.62,58.31,58.51,5373.0,,,,,,,,,,,,,,,,,,,,,,54.03692296039101,"rgba(38, 166, 154, 1.0)",0.0,0.0,1.7129262802118896,51.906421710367475,3.8551444775636567,0.0,0.0,0.0,0.0,75.26892671821795,19.853089601532375,True,False,True,False,True,20.0,0,1.05318671454219,0.8666217833632552,False,False,False,False,0.3428282479566399,0.34235998594287337,False,False,False,False,383868.0,396847.93106702634,False,False,False,False,11557.19408220417,False,False,False,False
2025-05-13 17:00:00+00:00,58.5,58.65,58.405,58.515,4401.0,,,,,,,,,,,,,,,,,,,,,,54.05563717303718,"rgba(38, 166, 154, 1.0)",0.0,0.0,1.7518397665216618,51.92351674568194,3.762606249888756,0.0,0.0,0.0,0.0,76.67001443669835,21.3087557234834,True,False,True,False,True,20.0,0,1.0564206725344163,0.8652674339878129,False,False,False,False,0.34282824799165046,0.34259411696726194,False,False,False,False,388269.0,396714.9243838166,False,False,False,False,11446.24533674364,False,False,False,False
2025-05-13 18:00:00+00:00,58.515,58.68,58.43,58.59,7411.0,,,,,,,,,,,,,,,,,,,,,,54.087102609473135,"rgba(38, 166, 154, 1.0)",0.0,0.0,1.781078153082142,51.95226338514683,3.7268081714250565,0.0,0.0,0.0,0.0,77.87821073685711,22.645512920376078,True,False,True,False,True,20.0,0,1.0594896572550199,0.8602597010418236,False,False,False,False,0.34282824800693523,0.3427111824870986,False,False,False,False,395680.0,396698.8790445326,False,False,False,False,11383.683393538311,False,False,False,False
2025-05-13 19:00:00+00:00,58.59,58.68,58.275,58.33,18217.0,,,,,,,,,,,,,,,,,,,,,,54.16028183176456,"rgba(38, 166, 154, 1.0)",0.0,0.0,1.8043102248190295,52.01950648536225,3.4974548322313503,0.0,0.0,0.0,0.0,75.06685730666996,22.645512920376078,True,False,True,False,False,20.0,0,1.0543765576618074,0.8621705309266668,False,False,False,False,0.33786977862482265,0.3402904805559606,False,False,False,False,377463.0,396400.6483616716,False,False,False,False,11489.626286661747,False,False,False,False
2025-05-14 14:00:00+00:00,58.57,58.81,58.435,58.76,6339.0,,,,,,,,,,,,,,,,,,,,,,54.18657044585968,"rgba(38, 166, 154, 1.0)",0.0,0.0,1.8311045059501172,52.04358845864992,3.667956427131988,0.0,0.0,0.0,0.0,75.23895928468053,22.645512920376078,True,False,True,False,False,20.0,0,1.0503738388339243,0.8642096518389846,False,False,False,False,0.3428282480441456,0.34155936430005307,False,False,False,False,383802.0,396205.3204800953,False,False,False,False,11409.771615550713,False,False,False,False
2025-05-14 15:00:00+00:00,58.765,58.99,58.595,58.815,9100.0,,,,,,,,,,,,,,,,,,,,,,54.224870803155184,"rgba(38, 166, 154, 1.0)",0.0,0.0,1.8602134867308457,52.07862337922082,3.6212922166357036,0.0,0.0,0.0,0.0,75.58238100595324,22.645512920376078,True,False,True,False,False,20.0,0,1.0520196300490747,0.8607021517553791,False,False,False,False,0.3428282481359738,0.34219380621801343,False,False,False,False,392902.0,396154.106209086,False,False,False,False,11373.961202906516,False,False,False,False
2025-05-14 16:00:00+00:00,58.815,59.005,58.645,58.76,6639.0,,,,,,,,,,,,,,,,,,,,,,54.25243449525585,"rgba(38, 166, 154, 1.0)",0.0,0.0,1.8858459568512191,52.10387647430082,3.5295160251650946,0.0,0.0,0.0,0.0,75.03232699929148,22.645512920376078,True,False,True,False,False,20.0,0,1.0525671436223119,0.875277373938327,False,False,False,False,0.3428282481532285,0.342511027185621,False,False,False,False,386263.0,396000.7557252242,False,False,False,False,11300.550951698662,False,False,False,False
2025-05-14 17:00:00+00:00,58.76,58.94,58.65,58.875,8864.0,,,,,,,,,,,,,,,,,,,,,,54.28886885581642,"rgba(38, 166, 154, 1.0)",0.0,0.0,1.9190864544931112,52.13729845452434,3.5108900538070285,0.0,0.0,0.0,0.0,75.24981525684169,22.645512920376078,True,False,True,False,False,20.0,0,1.051054043694902,0.8721349175929475,False,False,False,False,0.340950760302459,0.34173089374404,False,False,False,False,395127.0,395987.2091248331,False,False,False,False,11262.774967951396,False,False,False,False
2025-05-14 18:00:00+00:00,58.91,59.055,58.79,58.955,8034.0,,,,,,,,,,,,,,,,,,,,,,54.32219447342125,"rgba(38, 166, 154, 1.0)",0.0,0.0,1.9426479166146013,52.16784396955977,3.493765376830619,0.0,0.0,0.0,0.0,75.79994591193426,22.645512920376078,True,False,True,False,False,20.0,0,1.0571604652954314,0.8687312225560434,False,False,False,False,0.3428282482044286,0.3422795709742343,False,False,False,False,403161.0,396098.4306887892,False,False,False,False,11212.71644131649,False,False,False,False
2025-05-14 19:00:00+00:00,58.98,59.12,58.885,58.98,22932.0,,,,,,,,,,,,,,,,,,,,,,54.41597775395294,"rgba(38, 166, 154, 1.0)",0.0,0.0,1.9625628193306184,52.253975648061044,3.4271638521273085,0.0,0.0,0.0,0.0,76.2996748352106,22.90449676378394,True,False,True,False,False,20.0,0,1.0631416441528363,0.8596680818216904,False,False,False,False,0.3428282482458178,0.3425539096100261,False,False,False,False,426093.0,396563.4627711335,False,False,False,False,11394.410760055769,False,False,False,False
2025-05-15 14:00:00+00:00,58.635,58.86,58.395,58.83,9987.0,,,,,,,,,,,,,,,,,,,,,,54.45305486411579,"rgba(38, 166, 154, 1.0)",0.0,0.0,1.9761450666192129,52.28845016988648,3.3102579059667896,0.0,0.0,0.0,0.0,73.94281192402542,22.90449676378394,True,False,True,False,False,20.0,0,1.0531163647528397,0.8614522566779242,False,False,False,False,0.31986360272467024,0.33120875616734813,False,False,False,False,416106.0,396866.44784444926,False,False,False,False,11372.59043819444,False,False,False,False
2025-05-15 15:00:00+00:00,58.83,59.205,58.83,59.15,5708.0,,,,,,,,,,,,,,,,,,,,,,54.475765793688105,"rgba(38, 166, 154, 1.0)",0.0,0.0,1.9962959686864385,52.30939442910651,3.426648993032131,0.0,0.0,0.0,0.0,74.42664218332372,22.90449676378394,True,False,True,False,False,20.0,0,1.0618327060450108,0.857131884169291,False,False,False,False,0.342828248253517,0.33701850221043256,False,False,False,False,421814.0,397253.2315987989,False,False,False,False,11284.767330625533,False,False,False,False
2025-05-15 16:00:00+00:00,59.165,59.235,58.935,59.08,4814.0,,,,,,,,,,,,,,,,,,,,,,54.49483608730276,"rgba(38, 166, 154, 1.0)",0.0,0.0,2.0134265691970703,52.32699417193887,3.353986647128702,0.0,0.0,0.0,0.0,73.56826819303603,22.90449676378394,True,False,True,False,False,20.0,0,1.0735760105108585,0.8557848365406909,False,False,False,False,0.3428282482879267,0.3399233752491796,False,False,False,False,417000.0,397559.3830468795,False,False,False,False,11184.445356507307,False,False,False,False
2025-05-15 17:00:00+00:00,59.105,59.365,59.105,59.27,10294.0,,,,,,,,,,,,,,,,,,,,,,54.53652282577537,"rgba(38, 166, 154, 1.0)",0.0,0.0,2.029026189894654,52.36537421032902,3.402925908033481,0.0,0.0,0.0,0.0,74.17339794861881,22.90449676378394,True,False,True,False,False,20.0,0,1.0762119328775634,0.8589962709757613,False,False,False,False,0.3428282483630334,0.3413758118061065,False,False,False,False,427294.0,398020.38486010616,False,False,False,False,11170.640002142853,False,False,False,False
2025-05-15 18:00:00+00:00,59.255,59.42,59.21,59.35,9419.0,,,,,,,,,,,,,,,,,,,,,,54.57466750421165,"rgba(38, 166, 154, 1.0)",0.0,0.0,2.0440525724447647,52.400504980642154,3.3998611939055885,0.0,0.0,0.0,0.0,75.03717806781509,22.90449676378394,True,False,True,False,True,20.0,0,1.075248756218905,0.8549440298507459,False,False,False,False,0.34282824840234255,0.3421020301042245,False,False,False,False,436713.0,398620.27036615106,False,False,False,False,11143.482792807303,False,False,False,False
2025-05-15 19:00:00+00:00,59.34,59.54,59.2,59.51,20791.0,,,,,,,,,,,,,,,,,,,,,,54.65830734906759,"rgba(38, 166, 154, 1.0)",0.0,0.0,2.0599498703773382,52.47764167680229,3.413849251540053,0.0,0.0,0.0,0.0,76.48114311574483,23.781866077338577,True,False,True,False,True,20.0,0,1.0878018187519598,0.8496393853872687,False,False,False,False,0.3428282484290725,0.3424651392666485,False,False,False,False,457504.0,399533.19640698587,False,False,False,False,11293.056702996337,False,False,False,False
2025-05-16 14:00:00+00:00,59.93,60.03,59.69,59.8,3049.0,,,,,,,,,,,,,,,,,,,,,,54.67140047779187,"rgba(38, 166, 154, 1.0)",0.0,0.0,2.0849147648227073,52.48962588619621,3.506317973831143,0.0,0.0,0.0,0.0,78.7231227526708,25.935297326619065,True,False,True,False,True,20.0,0,1.0926187118006576,0.8377997179125527,False,False,False,False,0.342828248657123,0.34264669396188574,False,False,False,False,460553.0,400479.2398735442,False,False,False,False,11165.241870391743,False,False,False,False
2025-05-16 15:00:00+00:00,59.8,59.95,59.625,59.885,3749.0,,,,,,,,,,,,,,,,,,,,,,54.68734720961169,"rgba(38, 166, 154, 1.0)",0.0,0.0,2.110215304330291,52.504239941915195,3.4976336504332197,0.0,0.0,0.0,0.0,80.54130251016639,27.62650115731404,True,False,True,False,True,20.0,0,1.0962025316455695,0.8408227848101264,False,False,False,False,0.3386592215335194,0.34065295774770254,False,False,False,False,464302.0,401468.74003054353,False,False,False,False,11050.261376277142,False,False,False,False
2025-05-16 16:00:00+00:00,59.885,60.045,59.76,60.03,6144.0,,,,,,,,,,,,,,,,,,,,,,54.71390007302036,"rgba(38, 166, 154, 1.0)",0.0,0.0,2.1378899507319353,52.52853064436429,3.508819222929358,0.0,0.0,0.0,0.0,82.2800136672149,29.226668659619406,True,False,True,False,True,20.0,0,1.0864532609563338,0.8493653707990737,False,False,False,False,0.3428282486760866,0.3417406032118946,False,False,False,False,470446.0,402538.1549137909,False,False,False,False,10974.195308427883,False,False,False,False
2025-05-16 17:00:00+00:00,60.025,60.175,59.7,59.71,4964.0,,,,,,,,,,,,,,,,,,,,,,54.73481952934553,"rgba(38, 166, 154, 1.0)",0.0,0.0,2.1347203711639198,53.047202647226,3.12115696405765,0.0,0.0,0.0,0.0,77.7606618560836,31.232476183524014,True,False,True,False,False,20.0,0,1.0843690248565963,0.8448056086679412,False,False,False,False,0.34282824869161027,0.34228442595175246,False,False,False,False,465482.0,403514.0284810189,False,False,False,False,10881.013985816599,False,False,False,False
2025-05-16 18:00:00+00:00,59.74,60.005,59.68,59.915,11370.0,,,,,,,,,,,,,,,,,,,,,,54.782146662567854,"rgba(38, 166, 154, 1.0)",0.0,0.0,2.1400261806934084,53.089347343395175,3.1895182957028987,0.0,0.0,0.0,0.0,76.0534746345553,29.82495547575168,True,False,True,False,False,20.0,0,1.0820209449196574,0.8523463106563272,False,False,False,False,0.337400340684652,0.33984238331820227,False,False,False,False,476852.0,404651.05129526666,False,False,False,False,10888.595164331071,False,False,False,False
2025-05-16 19:00:00+00:00,59.91,59.98,59.725,59.74,12748.0,,,,,,,,,,,,,,,,,,,,,,54.83365349348697,"rgba(38, 166, 154, 1.0)",0.0,0.0,2.1336251559975277,53.134094642835386,3.0960946155868583,0.0,0.0,0.0,0.0,72.31583691544694,26.502008863710117,True,False,True,False,False,20.0,0,1.0810572687224667,0.8516619943932718,False,False,False,False,0.3379707930639956,0.3389065881910989,False,False,False,False,464104.0,405572.80243797565,False,False,False,False,10917.423146279427,False,False,False,False
2025-05-19 14:00:00+00:00,58.885,59.4,58.885,59.14,6793.0,,,,,,,,,,,,,,,,,,,,,,54.85701953668732,"rgba(38, 166, 154, 1.0)",0.0,0.0,2.1171963826064166,53.148681026161555,2.829836203698173,0.0,0.0,0.0,0.0,63.49481848524986,18.661047707124965,False,True,True,False,False,18.94144823712105,0,1.069132470831018,0.8581633462973249,False,False,False,False,0.2979672945710586,0.31843694138107875,False,False,False,False,457311.0,406374.9450358365,False,False,False,False,10853.47860137587,False,False,False,False
2025-05-19 15:00:00+00:00,59.135,59.275,58.92,59.2,1652.0,,,,,,,,,,,,,,,,,,,,,,54.86265052178935,"rgba(38, 166, 154, 1.0)",0.0,0.0,2.089734523420991,53.152530584186856,2.8938936252597114,0.0,0.0,0.0,0.0,58.189788787119234,14.307108465044038,False,True,True,False,False,19.202758289116286,0,1.0730586370839936,0.8563391442155307,False,False,False,False,0.2954640142103598,0.30695047779571927,False,False,False,False,458963.0,407190.2637174514,False,False,False,False,10710.820018408802,False,False,False,False
2025-05-19 16:00:00+00:00,59.18,59.435,59.09,59.435,5575.0,,,,,,,,,,,,,,,,,,,,,,54.88237789467024,"rgba(38, 166, 154, 1.0)",0.0,0.0,2.0760342521777906,53.16803358378843,3.018720143772885,0.0,0.0,0.0,0.0,56.806097657255144,13.425791552921169,False,True,True,False,False,20.0,0,1.0751044211521785,0.8508944755299863,False,False,False,False,0.30466057718533884,0.305805527490529,False,False,False,False,464538.0,408079.3759078785,False,False,False,False,10631.194901844325,False,False,False,False
2025-05-19 17:00:00+00:00,59.435,59.54,59.32,59.335,10043.0,,,,,,,,,,,,,,,,,,,,,,54.9180979391457,"rgba(38, 166, 154, 1.0)",0.0,0.0,2.069177803810723,53.19810673156419,2.965860767080402,0.0,0.0,0.0,0.0,54.88030818437827,11.749312770859724,False,True,True,False,False,19.472987144915418,0,1.0784575512447965,0.8497604649336368,False,False,False,False,0.31404791238785446,0.30992671993919174,False,False,False,False,454495.0,408798.9979868261,False,False,False,False,10622.075601040537,False,False,False,False
2025-05-19 18:00:00+00:00,59.335,59.37,59.225,59.345,2617.0,,,,,,,,,,,,,,,,,,,,,,54.92713839920919,"rgba(38, 166, 154, 1.0)",0.0,0.0,2.0530031024667075,53.20567008149766,2.9904143404001013,0.0,0.0,0.0,0.0,53.69810129937058,10.570125233015418,False,True,True,False,False,19.517592652229606,0,1.0767904717128975,0.852766024134148,False,False,False,False,0.306617759191696,0.30827223956544386,False,False,False,False,457112.0,409548.036777728,False,False,False,False,10497.965901799598,False,False,False,False
2025-05-19 19:00:00+00:00,59.345,59.345,59.17,59.235,15379.0,,,,,,,,,,,,,,,,,,,,,,54.97876649198774,"rgba(38, 166, 154, 1.0)",0.0,0.0,2.025705109138144,53.24925256761738,2.9548957572256462,0.0,0.0,0.0,0.0,51.6856728282099,8.485991033809583,False,True,False,False,False,18.672965475586487,0,1.0757208720793934,0.8535594279909351,False,False,False,False,0.3043811648329803,0.3063267021992121,False,False,False,False,441733.0,410047.0284555927,False,False,False,False,10573.640849058518,False,False,False,False
2025-05-20 14:00:00+00:00,58.92,58.95,58.59,58.72,4834.0,,,,,,,,,,,,,,,,,,,,,,54.992883190332115,"rgba(239, 83, 80, 1.0)",0.0,0.0,1.9919118504138213,53.260021529350425,2.741074344989342,0.0,0.0,0.0,0.0,45.99571437869663,3.047124035074745,False,True,False,True,False,14.837665602700106,0,1.0683892928980347,0.8567228841095464,False,False,False,False,0.27735151705473005,0.29183910962697107,False,False,False,False,436899.0,410463.3380919401,False,False,False,False,10484.654169228153,False,False,False,False
2025-05-20 15:00:00+00:00,58.73,59.065,58.725,58.955,4584.0,,,,,,,,,,,,,,,,,,,,,,55.0067439484887,"rgba(239, 83, 80, 1.0)",0.0,0.0,1.9629129920639916,53.27133595857764,2.8955252038176287,0.0,0.0,0.0,0.0,44.88744525553517,1.9283239664725045,False,True,False,True,False,15.963158424226297,0,1.0700269334359367,0.8556367833782221,False,False,False,False,0.284243165748049,0.28804113768751005,False,False,False,False,441483.0,410944.2630827627,False,False,False,False,10393.171158852523,False,False,False,False
2025-05-20 16:00:00+00:00,58.955,59.14,58.76,59.13,3299.0,,,,,,,,,,,,,,,,,,,,,,55.016899754155,"rgba(239, 83, 80, 1.0)",0.0,0.0,1.922159218967634,53.27991452344188,3.043496823171664,0.0,0.0,0.0,0.0,45.936391201030126,1.9283239664725045,False,True,False,True,False,16.790633711055175,0,1.077251552795031,0.8531832298136646,False,False,False,False,0.2872838057191647,0.28766247170333736,False,False,False,False,444782.0,411468.87915899896,False,False,False,False,10283.184009102872,False,False,False,False
2025-05-20 17:00:00+00:00,59.135,59.185,59.005,59.11,15930.0,,,,,,,,,,,,,,,,,,,,,,55.06631224536459,"rgba(239, 83, 80, 1.0)",0.0,0.0,1.9109816000356674,53.323143248186554,3.028211654003072,0.0,0.0,0.0,0.0,46.44538577148461,1.9283239664725045,False,True,False,True,False,16.640842317652044,0,1.0846560846560847,0.8476501711795826,False,False,False,False,0.295325048810994,0.29149376025716567,False,False,False,False,428852.0,411738.38490847184,False,False,False,False,10370.731543845463,False,False,False,False
2025-05-20 18:00:00+00:00,59.085,59.165,58.67,58.72,3840.0,,,,,,,,,,,,,,,,,,,,,,55.07732265905558,"rgba(239, 83, 80, 1.0)",0.0,0.0,1.895293095781791,53.33251948700293,2.84255797954816,0.0,0.0,0.0,0.0,43.51270212800964,-0.15624534059286788,False,True,False,True,False,13.758747957284637,0,1.079561362575828,0.8501322134079947,False,False,False,False,0.2854864423367529,0.2884901012969593,False,False,False,False,425012.0,411944.17739051103,False,False,False,False,10269.479892002895,False,False,False,False
2025-05-20 19:00:00+00:00,58.72,58.91,58.57,58.83,6582.0,,,,,,,,,,,,,,,,,,,,,,55.095641805444046,"rgba(239, 83, 80, 1.0)",0.0,0.0,1.8820753879069176,53.34807355614754,2.912702901847617,0.0,0.0,0.0,0.0,42.83751598496083,-1.1358889954219222,False,True,False,True,False,14.308101398403217,0,1.0867800842828155,0.8465740596222879,False,False,False,False,0.275701359814085,0.2820957305555222,False,False,False,False,431594.0,412248.8258030612,False,False,False,False,10212.309661119129,False,False,False,False
2025-05-21 14:00:00+00:00,58.285,58.33,57.79,57.985,5253.0,,,,,,,,,,,,,,,,,,,,,,55.107233577173865,"rgba(239, 83, 80, 1.0)",0.0,0.0,1.8614867568546267,53.35659034085147,2.486404827810434,0.0,0.0,0.0,0.0,37.583986371398304,-6.299982255952237,False,True,False,True,False,8.440979267078966,0,1.073308125626977,0.8458986032872904,False,False,False,False,0.23642993247311644,0.2592628315143193,False,False,False,False,426341.0,412467.30912394397,False,False,False,False,10135.421139241313,False,False,False,False
2025-05-21 15:00:00+00:00,57.98,58.22,57.9,58.065,6636.0,,,,,,,,,,,,,,,,,,,,,,55.12187934671691,"rgba(239, 83, 80, 1.0)",0.0,0.0,1.8389715765771564,53.36778875323962,2.554259840983082,0.0,0.0,0.0,0.0,34.94881443812433,-8.859038984864178,False,True,False,True,False,8.86073903595334,0,1.07146720234876,0.8524298848798577,False,False,False,False,0.22201760439231424,0.24064021795331675,False,False,False,False,432977.0,412785.28882744873,False,False,False,False,10081.166547935245,False,False,False,False
2025-05-21 16:00:00+00:00,58.095,58.17,57.92,58.085,5355.0,,,,,,,,,,,,,,,,,,,,,,55.133579202222585,"rgba(239, 83, 80, 1.0)",0.0,0.0,1.8123560520655628,53.376977765619486,2.5977358196336358,0.0,0.0,0.0,0.0,33.4248904523935,-10.429542704310684,False,True,False,True,False,8.966974377481367,0,1.0708461964695637,0.8601282355734977,False,False,False,False,0.2197387653322825,0.23018949164279962,False,False,False,False,438332.0,413181.3618688836,False,False,False,False,10007.892647967257,False,False,False,False
2025-05-21 17:00:00+00:00,58.085,58.135,57.165,57.63,13534.0,,,,,,,,,,,,,,,,,,,,,,55.15860014992771,"rgba(239, 83, 80, 1.0)",0.0,0.0,1.7739465266119199,53.395481004351396,2.3870612400792943,0.0,0.0,0.0,0.0,30.356372367496512,-13.466842684027831,False,True,False,True,False,5.94859167559445,0,1.0563535044345025,0.8637469586374694,False,False,False,False,0.1949645833771539,0.21257703750997675,False,False,False,False,424798.0,413361.4647856451,False,False,False,False,10062.560979006525,False,False,False,False
2025-05-21 18:00:00+00:00,57.63,57.71,57.21,57.415,14974.0,,,,,,,,,,,,,,,,,,,,,,55.18354450497394,"rgba(239, 83, 80, 1.0)",0.0,0.0,1.727790879801008,53.41435583232194,2.315467811786818,0.0,0.0,0.0,0.0,27.525369756235246,-16.241836844786903,False,True,False,True,False,4.569436701531959,0,1.0546684496185004,0.8759537481318332,False,False,False,False,0.1831333303080596,0.19785518390901818,False,False,False,False,409824.0,413306.62037036376,False,False,False,False,10138.707320417278,False,False,False,False
2025-05-21 19:00:00+00:00,57.415,57.605,57.095,57.35,43416.0,,,,,,,,,,,,,,,,,,,,,,55.24997337680053,"rgba(239, 83, 80, 1.0)",0.0,0.0,1.68604493490587,53.469992349773506,2.30124806871954,0.0,0.0,0.0,0.0,25.40463793438399,-18.363961812090743,False,True,False,True,False,4.153409030299095,0,1.0567063085768287,0.8728833582736077,False,False,False,False,0.1740494830706649,0.18595233348984153,False,False,False,False,366408.0,412579.5099770248,False,False,False,False,10654.634338705382,False,False,False,False
2025-05-22 14:00:00+00:00,57.335,57.455,56.86,57.0,4420.0,,,,,,,,,,,,,,,,,,,,,,55.255746038719465,"rgba(239, 83, 80, 1.0)",0.0,0.0,1.640404737466312,53.47502361965544,2.1488455256408647,0.0,0.0,0.0,0.0,22.844615784508242,-20.91812937020958,False,True,False,True,False,1.9429949757849378,0,1.0515976331360943,0.8783431952662719,False,False,False,False,0.15833813499341617,0.17214523424162886,False,False,False,False,361988.0,411795.145481257,False,False,False,False,10557.973341206074,False,False,False,False
2025-05-22 15:00:00+00:00,56.995,57.23,56.94,57.17,16712.0,,,,,,,,,,,,,,,,,,,,,,55.277348401081355,"rgba(239, 83, 80, 1.0)",0.0,0.0,1.5876143273010201,53.4944835853594,2.3151192020854743,0.0,0.0,0.0,0.0,23.3742946848176,-20.91812937020958,False,True,False,True,False,2.940352670959168,0,1.0463335701318175,0.8823111532086193,False,False,False,False,0.127485981258646,0.14981560775013741,False,False,False,False,378700.0,411282.0424505398,False,False,False,False,10653.384607233886,False,False,False,False
2025-05-22 16:00:00+00:00,57.175,57.345,57.09,57.115,13035.0,,,,,,,,,,,,,,,,,,,,,,55.29448136680227,"rgba(239, 83, 80, 1.0)",0.0,0.0,1.5265981878104813,53.51062027955468,2.3610533205302,0.0,0.0,0.0,0.0,23.492653914430697,-20.91812937020958,False,True,False,True,False,2.590660251065298,0,1.0463896401934265,0.8845176624866813,False,False,False,False,0.13709094528867774,0.1434532765194076,False,False,False,False,365665.0,410574.80148231436,False,False,False,False,10690.308876889174,False,False,False,False
2025-05-22 17:00:00+00:00,57.125,57.39,57.035,57.33,7523.0,,,,,,,,,,,,,,,,,,,,,,55.3045826790146,"rgba(239, 83, 80, 1.0)",0.0,0.0,1.4597298374005434,53.52037971343651,2.6098118904985728,0.0,0.0,0.0,0.0,26.43171540648687,-20.91812937020958,False,True,False,True,True,3.863765818286385,0,1.0565741658407661,0.878097125867195,False,False,False,False,0.1367280480043156,0.1400906622618616,False,False,False,False,373188.0,409995.16114925523,False,False,False,False,10641.203312906397,False,False,False,False
2025-05-22 18:00:00+00:00,57.35,57.56,57.33,57.41,4738.0,,,,,,,,,,,,,,,,,,,,,,55.311479758873936,"rgba(239, 83, 80, 1.0)",0.0,0.0,1.4006984486831429,53.527174020886875,2.772064167532658,0.0,0.0,0.0,0.0,29.40588069235505,-26.09926586866709,False,True,False,True,True,4.3354991641513045,0,1.0642437287854951,0.8649722659160524,False,False,False,False,0.15364233019595494,0.14686649622890827,False,False,False,False,377926.0,409497.9648523675,False,False,False,False,10549.680780923352,False,False,False,False
2025-05-22 19:00:00+00:00,57.42,57.55,57.19,57.24,18130.0,,,,,,,,,,,,,,,,,,,,,,55.33615761145006,"rgba(239, 83, 80, 1.0)",0.0,0.0,1.3410779985509484,53.551758910921365,2.7502062468132564,0.0,0.0,0.0,0.0,30.24458753163512,-25.107488679426446,False,True,False,True,True,3.21087934325595,0,1.0606639004149374,0.8683817427385891,False,False,False,False,0.1481770306426538,0.14752176343578105,False,False,False,False,359796.0,408727.3917538812,False,False,False,False,10667.205109901286,False,False,False,False
2025-05-23 14:00:00+00:00,56.96,57.04,56.77,56.905,11483.0,,,,,,,,,,,,,,,,,,,,,,55.34823223014162,"rgba(239, 83, 80, 1.0)",0.0,0.0,1.295082782841944,53.563910775541615,2.5798267637584242,0.0,0.0,0.0,0.0,28.919228951945904,-25.107488679426446,False,True,False,True,True,1.043329423461497,0,1.0572661631670675,0.8711096356544109,False,False,False,False,0.11447476575377835,0.1309982645947797,False,False,False,False,348313.0,407790.7345173869,False,False,False,False,10679.853092693513,False,False,False,False
2025-05-23 15:00:00+00:00,56.875,57.07,56.74,56.87,6003.0,,,,,,,,,,,,,,,,,,,,,,55.35442407549203,"rgba(239, 83, 80, 1.0)",0.0,0.0,1.2543105927410019,53.57024849792746,2.630729199903913,0.0,0.0,0.0,0.0,27.85710285544079,-25.107488679426446,False,True,False,True,False,0.8193134696224504,0,1.0607142857142853,0.8649501661129565,False,False,False,False,0.09383616939690274,0.11241721699584123,False,False,False,False,342310.0,406775.5293310708,False,False,False,False,10607.343742419194,False,False,False,False
2025-05-23 16:00:00+00:00,56.87,56.96,56.76,56.845,7318.0,,,,,,,,,,,,,,,,,,,,,,55.36171913368032,"rgba(239, 83, 80, 1.0)",0.0,0.0,1.215233889177152,53.57780672120386,2.688530420270286,0.0,0.0,0.0,0.0,27.010729986809125,-25.107488679426446,False,True,False,True,False,0.6568663321026662,0,1.0592842105263154,0.8751157894736838,False,False,False,False,0.08459663184057231,0.09850692441820677,False,False,False,False,334992.0,405662.6063957053,False,False,False,False,10556.346165017347,False,False,False,False
2025-05-23 17:00:00+00:00,56.85,57.07,56.83,56.955,8210.0,,,,,,,,,,,,,,,,,,,,,,55.37034379580289,"rgba(239, 83, 80, 1.0)",0.0,0.0,1.1942198440970815,53.586860959767805,2.8203676708945964,0.0,0.0,0.0,0.0,28.286301480453623,-25.107488679426446,False,True,False,True,False,1.3652065312705446,0,1.0569428041167535,0.8759912265901802,False,False,False,False,0.08587964861798256,0.09219328651809466,False,False,False,False,343202.0,404694.2249011983,False,False,False,False,10519.968705094596,False,False,False,False
2025-05-23 18:00:00+00:00,56.955,57.14,56.595,56.67,8965.0,,,,,,,,,,,,,,,,,,,,,,55.378772079800136,"rgba(239, 83, 80, 1.0)",0.0,0.0,1.1748452150298359,53.595856181477004,2.616637306085405,0.0,0.0,0.0,0.0,27.314817642117852,-25.107488679426446,False,True,False,True,False,0.0,0,1.0494014500084299,0.8811330298431964,False,False,False,False,0.07908640269991041,0.08563984460900254,False,False,False,False,334237.0,403601.8648252107,False,False,False,False,10495.860663155145,False,False,False,False
2025-05-23 19:00:00+00:00,56.67,56.765,56.495,56.59,15523.0,,,,,,,,,,,,,,,,,,,,,,55.39126617936491,"rgba(239, 83, 80, 1.0)",0.0,0.0,1.1630666515876285,53.90982385113674,2.3044046058793985,0.0,0.0,0.0,0.0,26.218895642405474,-25.107488679426446,False,True,False,True,False,0.0,0,1.0460654213506884,0.8875834671625388,False,False,False,False,0.05956849430037085,0.0726041694546867,False,False,False,False,318714.0,402285.773897688,False,False,False,False,10573.800807912428,False,False,False,False
2025-05-26 14:00:00+00:00,56.59,56.59,56.59,56.59,0.0,,,,,,,,,,,,,,,,,,,,,,55.39126617936491,"rgba(239, 83, 80, 1.0)",0.0,0.0,1.1480482772279523,53.90982385113674,2.334550037681991,0.0,0.0,0.0,0.0,25.48828097593055,-25.107488679426446,False,True,False,True,False,0.0,0,1.049252717391304,0.8861243206521736,False,False,False,False,0.044491364086267665,0.05854776677047718,False,False,False,False,318714.0,400990.08748066955,False,False,False,False,10409.865911665724,False,False,False,False
2025-05-26 15:00:00+00:00,56.59,56.59,56.59,56.59,0.0,,,,,,,,,,,,,,,,,,,,,,55.39126617936491,"rgba(239, 83, 80, 1.0)",0.0,0.0,1.1377610580541275,53.90982385113674,2.355658184897865,0.0,0.0,0.0,0.0,25.00120453161394,-25.107488679426446,False,True,False,True,False,0.0,0,1.0466552315608917,0.8933104631217835,False,False,False,False,0.028183684533656685,0.043365725652066936,False,False,False,False,318714.0,399714.48922515527,False,False,False,False,10248.472641717417,False,False,False,False
2025-05-26 16:00:00+00:00,56.59,56.59,56.59,56.59,0.0,,,,,,,,,,,,,,,,,,,,,,55.39126617936491,"rgba(239, 83, 80, 1.0)",0.0,0.0,1.1210753082848939,53.90982385113674,2.3907190971528913,0.0,0.0,0.0,0.0,24.67648690206953,-22.001571487174132,False,True,False,True,False,0.0,0,1.0382309496915454,0.901033973412112,False,False,False,False,0.028183684533656685,0.03577470509286181,False,False,False,False,318714.0,398458.66768678074,False,False,False,False,10089.58159300862,False,False,False,False
2025-05-26 17:00:00+00:00,56.59,56.59,56.59,56.59,0.0,,,,,,,,,,,,,,,,,,,,,,55.39126617936491,"rgba(239, 83, 80, 1.0)",0.0,0.0,1.1117287284967448,53.90982385113674,2.410818466918037,0.0,0.0,0.0,0.0,24.460008482373254,-22.500927499705842,False,True,False,True,False,0.0,0,1.0416630120164894,0.8983422506797646,False,False,False,False,0.028183684533656685,0.03197919481325925,False,False,False,False,318714.0,397222.31624977634,False,False,False,False,9933.153971411586,False,False,False,False
2025-05-26 18:00:00+00:00,56.59,56.59,56.59,56.59,0.0,,,,,,,,,,,,,,,,,,,,,,55.39126617936491,"rgba(239, 83, 80, 1.0)",0.0,0.0,1.114469202626446,53.90982385113674,2.404890276507369,0.0,0.0,0.0,0.0,24.315689535909076,-22.933418771655113,False,True,False,True,False,0.0,0,1.0413354531001586,0.895689807454513,False,False,False,False,0.028183684533656685,0.030081439673457964,False,False,False,False,318714.0,396005.1330521054,False,False,False,False,9779.151584257917,False,False,False,False
2025-05-26 19:00:00+00:00,56.59,56.59,56.59,56.59,0.0,,,,,,,,,,,,,,,,,,,,,,55.39126617936491,"rgba(239, 83, 80, 1.0)",0.0,0.0,1.1243163207871758,53.90982385113674,2.383827486366799,0.0,0.0,0.0,0.0,24.219476904932954,-23.31447609554152,False,True,False,True,False,0.0,0,1.0418003565062384,0.8967023172905523,False,False,False,False,0.028183684533656685,0.029132562103557323,False,False,False,False,318714.0,394806.82091176265,False,False,False,False,9627.53683101361,False,False,False,False
2025-05-27 14:00:00+00:00,57.3,57.365,56.945,57.0,9173.0,,,,,,,,,,,,,,,,,,,,,,55.40141686261632,"rgba(239, 83, 80, 1.0)",0.0,0.0,1.1257121949882076,53.929156167828964,2.7279120239105206,0.0,0.0,0.0,0.0,33.84287873763638,-19.304565961715888,False,True,False,True,True,1.9808750483883415,0,1.041205139565795,0.8891448825875052,False,False,False,False,0.0792845588833394,0.05420856049344837,False,False,False,False,327887.0,393769.3043084795,False,False,False,False,9620.489748362235,False,False,False,False
2025-05-27 15:00:00+00:00,56.995,57.315,56.95,57.25,8609.0,,,,,,,,,,,,,,,,,,,,,,55.41121267535471,"rgba(38, 166, 154, 1.0)",0.0,0.0,1.126502768077251,53.944005983277826,2.9347411390430445,0.0,0.0,0.0,0.0,43.50883221221402,-10.915404574511044,False,False,False,True,True,3.7377413537028907,0,1.0375607600530268,0.8897923110914712,False,False,False,False,0.07724341807073022,0.0657259892820893,False,False,False,False,336496.0,392881.34610214643,False,False,False,False,9604.80773675972,False,False,False,False
2025-05-27 16:00:00+00:00,57.26,57.51,57.245,57.39,6383.0,,,,,,,,,,,,,,,,,,,,,,55.419263978632955,"rgba(38, 166, 154, 1.0)",0.0,0.0,1.121015056435898,53.95617485773397,3.063139181362444,0.0,0.0,0.0,0.0,51.38704882823654,-4.465187084540354,True,False,True,False,True,4.704222265495133,0,1.0396889246446765,0.8973808885313308,False,False,False,False,0.0995074585176623,0.08261672389987579,False,False,False,False,342879.0,392106.1159300201,False,False,False,False,9554.857229213058,False,False,False,False
2025-05-27 17:00:00+00:00,57.39,57.51,57.33,57.51,8989.0,,,,,,,,,,,,,,,,,,,,,,55.4308824243265,"rgba(38, 166, 154, 1.0)",0.0,0.0,1.1114494229694136,53.972530171785046,3.1827537583887895,0.0,0.0,0.0,0.0,57.73924653610596,0.57196084838003,True,False,True,False,True,5.5283010852437435,0,1.0484832069339107,0.8905742145178762,False,False,False,False,0.10337899955349869,0.09299786172668724,False,False,False,False,351868.0,391482.26917141513,False,False,False,False,9546.08424891518,False,False,False,False
2025-05-27 18:00:00+00:00,57.51,57.61,57.41,57.415,13586.0,,,,,,,,,,,,,,,,,,,,,,55.448435329484504,"rgba(38, 166, 154, 1.0)",0.0,0.0,1.101777229326458,54.3257041168225,2.8039206120333935,0.0,0.0,0.0,0.0,60.04599065408427,2.0930901261021617,True,False,True,False,True,4.772842152290284,0,1.0528980920517221,0.8780179039696172,False,False,False,False,0.11158790687944616,0.1022928843030667,False,False,False,False,338282.0,390657.4587966645,False,False,False,False,9608.718601645178,False,False,False,False
2025-05-27 19:00:00+00:00,57.41,57.595,57.38,57.58,47805.0,,,,,,,,,,,,,,,,,,,,,,55.50904737898902,"rgba(38, 166, 154, 1.0)",0.0,0.0,1.0849808733312856,54.39445379144327,2.936039046269954,0.0,0.0,0.0,0.0,63.212518726974,4.75828791505824,True,False,True,False,True,5.92136680919732,0,1.053313990388974,0.8790461510563058,False,False,False,False,0.1095343182793587,0.10591360129121269,False,False,False,False,386087.0,390586.5989703596,False,False,False,False,10200.909010921996,False,False,False,False
2025-05-28 14:00:00+00:00,56.925,57.0,56.585,56.795,14925.0,,,,,,,,,,,,,,,,,,,,56.79333333333334,,55.52068221865982,"rgba(239, 83, 80, 1.0)",0.0,0.0,1.0832409995297845,54.396330361596064,2.2143453206120864,0.0,0.0,0.0,0.0,55.4646441391627,4.75828791505824,True,False,True,False,False,0.0,0,1.036100437851845,0.8832990796175495,False,False,False,False,0.04646783760523028,0.07619071944822148,False,False,False,False,371162.0,390285.4423971757,False,False,False,False,10274.150731682896,False,False,False,False
2025-05-28 15:00:00+00:00,56.825,56.925,56.585,56.585,7380.0,,,,,,,,,,,,,,,,,,,,56.76190091907644,,55.52593411580432,"rgba(239, 83, 80, 1.0)",0.0,0.0,1.0818127221312335,54.397351601558725,2.0222062041676514,0.0,0.0,0.0,0.0,48.78765466666138,8.78336656618589,True,False,False,True,False,0.0,0,1.033270894657033,0.8885915618588883,False,False,False,False,0.04307990417395895,0.05963531181109021,False,False,False,False,363782.0,389874.53631349857,False,False,False,False,10229.280177703315,False,False,False,False
2025-05-28 16:00:00+00:00,56.585,56.9,56.585,56.675,4625.0,,,,,,,,,,,,,,,,,,,,56.754704790196804,,55.52926202252768,"rgba(239, 83, 80, 1.0)",0.0,0.0,1.075986465469291,54.398475199177554,2.1157559819579497,0.0,0.0,0.0,0.0,45.452688684234644,5.883836052956347,True,False,False,True,False,0.0,0,1.0430686406460294,0.8862270076267382,False,False,False,False,0.04195081645765242,0.05079306413437132,False,False,False,False,368407.0,389541.70629313425,False,False,False,False,10142.392112932721,False,False,False,False
2025-05-28 17:00:00+00:00,56.675,56.92,56.66,56.75,7526.0,,,,,,,,,,,,,,,,,,,,56.759501780047984,,55.534893696877916,"rgba(239, 83, 80, 1.0)",0.0,0.0,1.081564898944975,54.40133820237761,2.171540330047157,0.0,0.0,0.0,0.0,44.1756625193827,4.595945310126936,True,False,False,True,False,0.0,0,1.0368874528809904,0.8869143780290788,False,False,False,False,0.04624194306905901,0.04851750360171517,False,False,False,False,375933.0,389330.71859866707,False,False,False,False,10101.827894127562,False,False,False,False
2025-05-28 18:00:00+00:00,56.755,56.81,56.355,56.52,9862.0,,,,,,,,,,,,,,,,,,,,56.71547790965296,,55.54093239968129,"rgba(239, 83, 80, 1.0)",0.0,0.0,1.0903433544667727,54.40281181682284,1.9417628167345173,0.0,0.0,0.0,0.0,41.41079482593173,1.683799744485711,True,False,False,True,False,0.0,0,1.0300832661831851,0.8912167606768732,False,False,False,False,0.027506930551317824,0.038012217076516495,False,False,False,False,366071.0,388970.1028064396,False,False,False,False,10098.109632203104,False,False,False,False
2025-05-28 19:00:00+00:00,56.51,56.61,56.21,56.225,33006.0,,,,,,,,,,,,,,,,,,,,56.55876105736899,,55.556517911971824,"rgba(239, 83, 80, 1.0)",0.0,0.0,1.1089125344265127,54.40435142301665,1.6418324443639931,0.0,0.0,0.0,0.0,37.582362311267204,-2.266967553656279,False,False,False,True,False,0.0,0,1.0261742560057365,0.8986195769092862,False,False,False,False,0.011947285049963346,0.02497975106323992,False,False,False,False,333065.0,388103.3570264948,False,False,False,False,10453.270723176698,False,False,False,False
2025-05-29 14:00:00+00:00,56.075,56.19,55.78,56.17,10329.0,,,,,,,,,,,,,,,,,,,56.04666666666666,56.49841602683307,,55.55946104240748,"rgba(239, 83, 80, 1.0)",0.0,0.0,1.1279983148025623,54.40276033452901,1.5667041716993302,0.0,0.0,0.0,0.0,34.69448425959011,-5.350378866994305,False,False,False,True,False,0.0,0,1.0127701375245577,0.9074834791927128,False,False,False,False,-0.026379071938515238,-0.0006996604376376583,False,False,False,False,322736.0,387089.9096307352,False,False,False,False,10451.34404529799,False,False,False,False
2025-05-29 15:00:00+00:00,56.14,56.175,55.695,55.74,7809.0,,,,,,,,,,,,,,,,,,,55.97060591024368,56.44701022396345,,55.56086439814813,"rgba(239, 83, 80, 1.0)",0.0,0.0,1.1573245007340083,54.40053244370527,1.1573828735546512,0.0,0.0,0.0,0.0,30.56816743659273,-9.587410770091566,False,True,False,True,False,0.0,0,1.0081916125011128,0.9124744012109338,False,False,False,False,-0.030890973805405574,-0.015795317121521615,False,False,False,False,314927.0,385971.10483025864,False,False,False,False,10410.377470952284,False,False,False,False
2025-05-29 16:00:00+00:00,55.85,56.11,55.75,56.09,6122.0,,,,,,,,,,,,,,,,,,,55.97381766968947,56.41906655247545,,55.56235584732022,"rgba(239, 83, 80, 1.0)",0.0,0.0,1.1768720452156352,54.39982428160177,1.436159287893146,0.0,0.0,0.0,0.0,32.295272010394214,-9.587410770091566,False,True,False,True,False,0.0,0,1.0241862156755774,0.9088016002909617,False,False,False,False,-0.050748815739987005,-0.03327206643075431,False,False,False,False,321049.0,384964.56056932436,False,False,False,False,10343.890998534418,False,False,False,False
2025-05-29 17:00:00+00:00,56.09,56.17,55.84,55.89,3590.0,,,,,,,,,,,,,,,,,,,55.972895870736075,56.403624374845485,,55.56319112718331,"rgba(239, 83, 80, 1.0)",0.0,0.0,1.2011005651346551,54.399444010897504,1.2409918306344236,0.0,0.0,0.0,0.0,32.25446638115236,-9.587410770091566,False,True,False,True,False,0.0,0,1.0170278637770898,0.9130395192132577,False,False,False,False,-0.04360805031671206,-0.03844005837373318,False,False,False,False,317459.0,383917.96273104026,False,False,False,False,10239.179510185046,False,False,False,False
2025-05-29 18:00:00+00:00,55.89,56.005,55.81,55.85,7278.0,,,,,,,,,,,,,,,,,,,55.95537576861762,56.37027425034681,,55.564547229496995,"rgba(239, 83, 80, 1.0)",0.0,0.0,1.2236449096302753,54.39829353524705,1.1863788696604687,0.0,0.0,0.0,0.0,31.991167592819963,-9.715865906840719,False,True,False,True,False,0.0,0,1.0182151029748283,0.9165217391304343,False,False,False,False,-0.0544178180903852,-0.046428938232059194,False,False,False,False,310181.0,382774.75400652795,False,False,False,False,10193.269750337216,False,False,False,False
2025-05-29 19:00:00+00:00,55.845,55.995,55.755,55.77,34208.0,,,,,,,,,,,,,,,,,,,55.89845332871812,56.24658939042683,,55.569843260839974,"rgba(239, 83, 80, 1.0)",0.0,0.0,1.2465290982532304,54.39461510841844,1.1033716689878295,0.0,0.0,0.0,0.0,31.320635099223644,-11.095659317767272,False,True,False,True,False,0.0,0,1.0168260389849209,0.9168812063258548,False,False,False,False,-0.06164423340847767,-0.054036585820268435,False,False,False,False,275973.0,381118.9128591399,False,False,False,False,10565.591149556794,False,False,False,False
2025-05-30 14:00:00+00:00,55.02,55.32,54.98,55.12,14060.0,,,,,,,,,,,,,,,,,,55.13999999999999,55.77058324140246,56.14978347436535,,55.566473084185304,"rgba(239, 83, 80, 1.0)",0.0,0.0,1.2844121170736849,54.38546040204153,0.571887782896342,0.0,0.0,0.0,0.0,27.861831413762637,-14.965857845093886,False,True,False,True,False,0.0,0,1.011111111111111,0.9246097337006425,False,False,False,False,-0.13238227302862585,-0.09320942942444714,False,False,False,False,261913.0,379270.7591714013,False,False,False,False,10619.768030959014,False,False,False,False
2025-05-30 15:00:00+00:00,55.105,55.54,55.055,55.245,9481.0,,,,,,,,,,,,,,,,,,55.19638418079095,55.72050389224457,56.10133242460385,,55.56496645937098,"rgba(239, 83, 80, 1.0)",0.0,0.0,1.3157048876364976,54.38110658572985,0.6566012047139408,0.0,0.0,0.0,0.0,27.169014701284297,-16.139578014764126,False,True,False,True,False,0.0,0,1.0124492807082257,0.9202323865732198,False,False,False,False,-0.1443166640004368,-0.11876304671244198,False,False,False,False,271394.0,377598.2512772711,False,False,False,False,10602.112712649572,False,False,False,False
2025-05-30 16:00:00+00:00,55.245,55.355,54.835,54.95,4972.0,,,,,,,,,,,,,,,,,,55.170276949695456,55.68626420981988,56.07139745660956,,55.563540907073445,"rgba(239, 83, 80, 1.0)",0.0,0.0,1.354455603547491,54.56826748253669,0.28183464741369646,0.0,0.0,0.0,0.0,25.505648174724342,-18.21204239262896,False,True,False,True,False,0.0,0,0.999629835276698,0.9320747732741066,True,False,False,False,-0.16547386222351962,-0.1421184544679808,False,False,False,False,266422.0,375874.5884667708,False,False,False,False,10514.824143461206,False,False,False,False
2025-05-30 17:00:00+00:00,54.96,55.33,54.955,55.21,5946.0,,,,,,,,,,,,,,,,,,55.16936639678071,55.6564030701543,56.04164111256503,,55.56223430707496,"rgba(239, 83, 80, 1.0)",0.0,0.0,1.3804675666968482,54.56820329199487,0.4649125582434421,0.0,0.0,0.0,0.0,27.554683199422065,-18.21204239262896,False,True,False,True,False,0.0,0,0.996548185465062,0.9390801380725811,False,False,False,False,-0.1604985518146031,-0.15130850314129196,False,False,False,False,272368.0,374269.83515720844,False,False,False,False,10443.989660616846,False,False,False,False
2025-05-30 18:00:00+00:00,55.235,55.57,55.135,55.42,10192.0,,,,,,,,,,,,,,,,,,55.2163041514561,55.631241779033274,56.00612613318976,,55.561188007706036,"rgba(239, 83, 80, 1.0)",0.0,0.0,1.399042233519197,54.571092067554545,0.6067779171398461,0.0,0.0,0.0,0.0,31.189850648357265,-18.21204239262896,False,True,False,True,True,0.0,0,1.004102564102564,0.9227972027972025,False,False,False,False,-0.13914646023303748,-0.1452274816871647,False,False,False,False,282560.0,372847.9772477944,False,False,False,False,10440.082844173174,False,False,False,False
2025-05-30 19:00:00+00:00,55.42,56.24,55.405,56.135,54726.0,,,,,,,,,,,,,,,,,,55.607494255880795,55.72706973775978,55.988451967251535,,55.571835006143836,"rgba(239, 83, 80, 1.0)",0.0,0.0,1.4039154642035403,54.60527829981976,1.0896109767179398,0.0,0.0,0.0,0.0,39.278083753292734,-17.149549521313148,False,False,False,True,True,0.0,0,1.0080406654343808,0.9112754158964876,False,False,False,False,-0.09050160168766663,-0.11786454168741567,False,False,False,False,337286.0,372296.62876333244,False,False,False,False,11126.68621093018,False,False,False,False
2025-06-02 14:00:00+00:00,55.355,55.635,54.985,55.62,11126.0,,,,,,,,,,,,,,,,,,55.587945153826894,55.70765998105712,55.96356981110553,,55.57090179522228,"rgba(239, 83, 80, 1.0)",0.0,0.0,1.4149425480964324,54.60122934527865,0.7200084951095264,0.0,0.0,0.0,0.0,41.29022535507351,-15.418308987987317,True,False,False,True,True,0.0,0,0.9885350318471338,0.9161965423111916,False,False,False,False,-0.14357420537984303,-0.13071937353362933,False,False,False,False,326160.0,371581.3321933583,False,False,False,False,11126.67557200103,False,False,False,False
2025-06-02 15:00:00+00:00,55.62,55.7,55.52,55.555,19898.0,,,,,,,,,,,,,,,,,,55.588513022650645,55.69610461089665,55.936860426644905,,55.57111816494807,"rgba(239, 83, 80, 1.0)",0.0,0.0,1.4246981282910305,54.59986036217094,0.67041545072764,0.0,0.0,0.0,0.0,42.24940497307691,-14.466482641872993,True,False,False,True,True,0.0,0,1.002469813391877,0.9135565312843025,False,False,False,False,-0.14788851026929253,-0.13930394190146095,False,False,False,False,306262.0,370568.62936865503,False,False,False,False,11262.665098016518,False,False,False,False
2025-06-02 16:00:00+00:00,55.555,55.725,55.48,55.71,11014.0,,,,,,,,,,,,,,,,,,55.59239323975533,55.69308544206195,55.92544681072636,,55.57150361889668,"rgba(239, 83, 80, 1.0)",0.0,0.0,1.4298685065225942,54.6000474459953,0.7762619771968247,0.0,0.0,0.0,0.0,44.072002581634834,-12.562215383581872,True,False,False,True,True,0.0,0,1.00140712945591,0.9307692307692303,False,False,False,False,-0.14873319834966583,-0.1440185701255634,False,False,False,False,317276.0,369742.387052862,False,False,False,False,11258.809825179052,False,False,False,False
2025-06-02 17:00:00+00:00,55.71,55.8,55.62,55.795,6817.0,,,,,,,,,,,,,,,,,,55.59910483791174,55.694503182146875,55.92112132012171,,55.572093667906664,"rgba(239, 83, 80, 1.0)",0.0,0.0,1.4343780772403332,54.60099791995776,0.8324179649618147,0.0,0.0,0.0,0.0,45.94479160514409,-10.559067967985634,True,False,False,True,True,0.0,0,1.0020774315391878,0.9293673276676107,False,False,False,False,-0.13664551592788093,-0.14033204302672217,False,False,False,False,324093.0,369034.6446179339,False,False,False,False,11189.944556571625,False,False,False,False
2025-06-02 18:00:00+00:00,55.79,56.09,55.745,56.07,10329.0,,,,,,,,,,,,,,,,,,55.623157165591365,55.70691401524957,55.922719024357214,,55.57420577756746,"rgba(239, 83, 80, 1.0)",0.0,0.0,1.4291221396680187,54.6050037775802,1.0251021810914733,0.0,0.0,0.0,0.0,49.21868033301626,-7.26898435903982,True,False,False,False,True,0.0,0,0.9964083175803403,0.92930056710775,False,False,False,False,-0.11342212004193478,-0.12687708153432847,False,False,False,False,334422.0,368498.01446881867,False,False,False,False,11176.596578950359,False,False,False,False
2025-06-02 19:00:00+00:00,56.075,56.165,55.99,56.075,20809.0,,,,,,,,,,,,,,,,,,55.675769526676696,55.73785087613487,55.932544796491115,,55.57954422312629,"rgba(239, 83, 80, 1.0)",0.0,0.0,1.423745431618047,54.61497323593651,1.0254830193935813,0.0,0.0,0.0,0.0,51.43760752747086,-5.002078572461301,True,False,True,False,True,0.0,0,1.0005676979846723,0.925158482354054,False,False,False,False,-0.095599023286278,-0.11123805241030324,False,False,False,False,355231.0,368292.3243220153,False,False,False,False,11325.93616687361,False,False,False,False
2025-06-03 14:00:00+00:00,56.24,56.68,56.24,56.68,8312.0,,,,,,,,,,,,,,,,,,55.713749036490796,55.763576896041,55.94748086290883,,55.58357491899184,"rgba(38, 166, 154, 1.0)",0.0,0.0,1.4083303544930754,54.62247943509078,1.4609644380276225,0.0,0.0,0.0,0.0,56.61142974967237,-0.05734482952335185,True,False,True,False,True,1.5382651336400706,0,1.0033933452728816,0.9175228579507961,False,False,False,False,-0.05321378241069123,-0.08222591741049723,False,False,False,False,363543.0,368218.69138679025,False,False,False,False,11279.20847436394,False,False,False,False
2025-06-03 15:00:00+00:00,56.68,56.94,56.68,56.775,7971.0,,,,,,,,,,,,,,,,,,55.757935537235134,55.79470288074851,55.96729356368781,,55.58847799234812,"rgba(38, 166, 154, 1.0)",0.0,0.0,1.3897858315786864,54.88571357041792,1.3594083251201368,0.0,0.0,0.0,0.0,60.52859202122879,3.5882355713165737,True,False,True,False,True,2.1533804924644997,0,1.011981132075472,0.9103773584905657,False,False,False,False,-0.014600374855938637,-0.048413146133217934,False,False,False,False,371514.0,368269.781442809,False,False,False,False,11227.918420497834,False,False,False,False
2025-06-03 16:00:00+00:00,56.765,56.87,56.645,56.76,5914.0,,,,,,,,,,,,,,,,,,55.787287328779016,55.81573960052122,55.98072793034429,,55.5919708471222,"rgba(38, 166, 154, 1.0)",0.0,0.0,1.3667704322283303,54.89071547800186,1.3676653210521457,0.0,0.0,0.0,0.0,62.96933875621818,5.888709493544965,True,False,True,False,True,2.049434816909816,0,1.0215690017178853,0.905325443786982,False,False,False,False,-0.020386802387456736,-0.034399974260337335,False,False,False,False,365600.0,368228.3894824553,False,False,False,False,11145.532088397093,False,False,False,False
2025-06-03 17:00:00+00:00,56.73,56.8,56.675,56.68,6332.0,,,,,,,,,,,,,,,,,,55.81564428720997,55.83635468705851,55.99390068131586,,55.59556006660303,"rgba(38, 166, 154, 1.0)",0.0,0.0,1.3356377597329399,54.89562048929439,1.3359756398788831,0.0,0.0,0.0,0.0,63.623726792966806,6.671109296958612,True,False,True,False,True,1.488618121951049,0,1.0191515847936419,0.9054869290433782,False,False,False,False,-0.02259149380676717,-0.028495734033552253,False,False,False,False,359268.0,368089.4687152855,False,False,False,False,11070.903683925819,False,False,False,False
2025-06-03 18:00:00+00:00,56.68,56.76,56.49,56.75,9747.0,,,,,,,,,,,,,,,,,,55.853756244850196,55.864555239236836,56.011900522271574,,55.6007883548573,"rgba(38, 166, 154, 1.0)",0.0,0.0,1.2997271889765811,54.902443114414005,1.4214959118003683,0.0,0.0,0.0,0.0,64.53478937061932,7.8510978473518165,True,False,True,False,True,1.963269533920645,0,1.0172711571675306,0.90587219343696,False,False,False,False,-0.03499759215455498,-0.03174666309405362,False,False,False,False,369015.0,368103.81803752907,False,False,False,False,11050.37804541534,False,False,False,False
2025-06-03 19:00:00+00:00,56.75,56.785,56.47,56.51,31515.0,,,,,,,,,,,,,,,,,,55.94666884731826,55.93617244955735,56.05779571237167,,55.61613202922494,"rgba(38, 166, 154, 1.0)",0.0,0.0,1.258304117553245,54.92216902901712,1.2618817254372448,0.0,0.0,0.0,0.0,62.14610452490683,7.8510978473518165,True,False,True,False,True,0.2631107605087557,0,1.0138902193696715,0.9057380975189193,False,False,False,False,-0.03472179818586609,-0.03323423063995985,False,False,False,False,337500.0,367629.3402384976,False,False,False,False,11367.659005951535,False,False,False,False
2025-06-04 14:00:00+00:00,56.41,56.715,56.26,56.48,5213.0,,,,,,,,,,,,,,,,,,55.957701108079696,55.94501072461977,56.06334889726723,,55.61835934585384,"rgba(38, 166, 154, 1.0)",0.0,0.0,1.223701830990854,54.924740907759805,1.2709461184518043,0.0,0.0,0.0,0.0,60.196204383271905,7.8510978473518165,True,False,True,False,False,0.05164011226280962,0,1.0109649122807018,0.9059877955758959,False,False,False,False,-0.05017562551281043,-0.04170492807638514,False,False,False,False,332287.0,367081.396978986,False,False,False,False,11272.23793609182,False,False,False,False
2025-06-04 15:00:00+00:00,56.485,56.6,56.38,56.56,8072.0,,,,,,,,,,,,,,,,,,55.974790579141356,55.95883757507439,56.07222746264619,,55.62189778351826,"rgba(38, 166, 154, 1.0)",0.0,0.0,1.179549700307152,54.929178955582586,1.3825793385329626,0.0,0.0,0.0,0.0,59.669798176223765,7.8510978473518165,True,False,True,False,False,0.6203161342685668,0,1.0196040929520898,0.90475279716936,False,False,False,False,-0.06546259881139484,-0.05358376344388999,False,False,False,False,340359.0,366667.09625062963,False,False,False,False,11222.62184405939,False,False,False,False
2025-06-04 16:00:00+00:00,56.555,56.65,56.335,56.645,6813.0,,,,,,,,,,,,,,,,,,55.98917628875296,55.97059843864597,56.07994445633244,,55.62496240259539,"rgba(38, 166, 154, 1.0)",0.0,0.0,1.1373737926219942,54.933257340760385,1.5049956930109394,0.0,0.0,0.0,0.0,60.14212106876914,7.8510978473518165,True,False,True,False,False,1.2271949018983506,0,1.021555490824352,0.9139722303136225,False,False,False,False,-0.06655844728095207,-0.06007110536242103,False,False,False,False,347172.0,366364.8466963563,False,False,False,False,11154.255613918933,False,False,False,False
2025-06-04 17:00:00+00:00,56.645,56.755,56.57,56.72,4369.0,,,,,,,,,,,,,,,,,,56.00023323636469,55.979656698662254,56.08619951081164,,55.6272113710563,"rgba(38, 166, 154, 1.0)",0.0,0.0,1.1099444714619393,54.93670152532468,1.6066555764960808,0.0,0.0,0.0,0.0,61.18246051654134,7.8510978473518165,True,False,True,False,False,1.7651938341153546,0,1.0217625722968338,0.907263993726105,False,False,False,False,-0.06129838516728628,-0.06068474526485365,False,False,False,False,351541.0,366135.01961579267,False,False,False,False,11049.057852462825,False,False,False,False
2025-06-04 18:00:00+00:00,56.735,56.755,56.53,56.565,7799.0,,,,,,,,,,,,,,,,,,56.01731604761921,55.993820224291994,56.0958636990456,,55.6309562357699,"rgba(38, 166, 154, 1.0)",0.0,0.0,1.0797409891278542,54.94207234768351,1.5030712630696632,0.0,0.0,0.0,0.0,59.44942887530638,7.8510978473518165,True,False,True,False,False,0.6024993062173429,0,1.0145683630278572,0.908652426419923,False,False,False,False,-0.08088414761436105,-0.07078444643960735,False,False,False,False,343742.0,365787.84101709817,False,False,False,False,10998.669358626192,False,False,False,False
2025-06-04 19:00:00+00:00,56.57,56.67,56.505,56.58,15079.0,,,,,,,,,,,,,,,,,,56.04618597375207,56.01818702700437,56.11250686725366,,55.637886908891325,"rgba(38, 166, 154, 1.0)",0.0,0.0,1.0400544554346483,54.95166037042073,1.565629204385041,0.0,0.0,0.0,0.0,58.47561255238941,7.8510978473518165,True,False,True,False,False,0.7136069747551055,0,1.0119296152699078,0.9162938661894818,False,False,False,False,-0.11178061726093208,-0.09128253185026972,False,False,False,False,358821.0,365679.8279780733,False,False,False,False,11061.930298802528,False,False,False,False
2025-06-05 14:00:00+00:00,56.5,56.82,56.395,56.74,9130.0,,,,,,,,,,,,,,,,,,56.0642729750422,56.03361129631012,56.12339029087146,,55.64232649937598,"rgba(38, 166, 154, 1.0)",0.0,0.0,1.000297442250136,54.95808811287672,1.7813820288442674,0.0,0.0,0.0,0.0,59.699758332786644,7.8510978473518165,True,False,True,False,False,1.901821592489359,0,1.001989455883816,0.9168407440565004,False,False,False,False,-0.10955711859192804,-0.10041982522109888,False,False,False,False,367951.0,365715.0399474055,False,False,False,False,11031.977891069155,False,False,False,False
2025-06-05 15:00:00+00:00,56.76,56.855,56.68,56.84,5256.0,,,,,,,,,,,,,,,,,,56.07657043281911,56.04409011172243,56.131066927912016,,55.645216772961945,"rgba(38, 166, 154, 1.0)",0.0,0.0,0.9572170529643095,54.96257969298076,1.9613318642885103,0.0,0.0,0.0,0.0,61.567203434852345,7.8510978473518165,True,False,True,False,True,2.639960934714388,1,1.0068924183398262,0.9151932873838776,False,False,False,False,-0.10240604795066545,-0.10141293658588216,False,False,False,False,373207.0,365831.19436682557,False,False,False,False,10942.427846246377,False,False,False,False
2025-06-05 16:00:00+00:00,56.845,56.93,56.375,56.43,6576.0,,,,,,,,,,,,,,,,,,56.086963898723646,56.053172705039245,56.13740402432088,,55.648143407199825,"rgba(38, 166, 154, 1.0)",0.0,0.0,0.9158939068734103,54.96652682723076,1.597863204227555,0.0,0.0,0.0,0.0,56.76880153154009,11.253349386450324,True,False,True,False,False,0.0,1,0.9942301852414214,0.925903431521409,False,False,False,False,-0.11827168860383422,-0.10984231259485819,False,False,False,False,366631.0,365843.5944541616,False,False,False,False,10874.73129049062,False,False,False,False
2025-06-05 17:00:00+00:00,56.425,56.84,56.385,56.775,4489.0,,,,,,,,,,,,,,,,,,56.095046610779285,56.06021084370706,56.142473964168325,,55.650319425109856,"rgba(38, 166, 154, 1.0)",0.0,0.0,0.887690129361004,54.96964233129587,2.0337701287764647,0.0,0.0,0.0,0.0,57.23476373534845,11.253349386450324,True,False,True,False,False,2.032462213904388,1,0.9976772369218341,0.9194102201575437,False,False,False,False,-0.12380369075627268,-0.11682300167556543,False,False,False,False,371120.0,365925.3991913064,False,False,False,False,10775.727704591538,False,False,False,False
2025-06-05 18:00:00+00:00,56.76,56.78,56.515,56.635,4290.0,,,,,,,,,,,,,,,,,,56.10225633236985,56.06653466318488,56.14701753551262,,55.65234276443541,"rgba(38, 166, 154, 1.0)",0.0,0.0,0.850033661230198,54.97248572613809,1.9558216923502312,0.0,0.0,0.0,0.0,55.86306305406287,10.315958746792745,True,False,True,False,False,0.974377865841749,1,0.9990877762010949,0.9236772754915871,False,False,False,False,-0.11896278811707177,-0.1178928948963186,False,False,False,False,366830.0,365939.42401004577,False,False,False,False,10675.173786690893,False,False,False,False
2025-06-05 19:00:00+00:00,56.64,56.73,56.205,56.63,12870.0,,,,,,,,,,,,,,,,,,56.1181735851245,56.080875478125186,56.15694335398067,,55.65762441453075,"rgba(38, 166, 154, 1.0)",0.0,0.0,0.8025766613205785,54.9792615649499,2.056798452541515,0.0,0.0,0.0,0.0,54.88708131053347,9.23497809255666,True,False,True,False,False,0.9363666101466599,1,0.9880952380952384,0.9267554479418885,False,False,False,False,-0.14392310532027117,-0.1309080001082949,False,False,False,False,353960.0,365753.69650601404,False,False,False,False,10709.20210007553,False,False,False,False
2025-06-06 14:00:00+00:00,57.42,57.545,57.265,57.365,2327.0,,,,,,,,,,,,,,,,,,56.1268526610513,56.08830089098788,56.162829806762495,,55.65952719506642,"rgba(38, 166, 154, 1.0)",0.0,0.0,0.7557720829989889,54.982578622014294,3.152301377065941,0.0,0.0,0.0,0.0,59.960938189451035,5.346770893669287,True,False,True,False,True,6.106642010478232,1,1.0014009806864808,0.9193435404783349,False,False,False,False,-0.01516379126385561,-0.07303589568607526,False,False,False,False,356287.0,365606.9260175487,False,False,False,False,10579.245478368934,False,False,False,False
2025-06-06 15:00:00+00:00,57.355,57.5,57.165,57.405,3454.0,,,,,,,,,,,,,,,,,,56.13916870108458,56.098876882792496,56.17121846591179,,55.66228691954916,"rgba(38, 166, 154, 1.0)",0.0,0.0,0.7223028301049135,54.98732180214404,3.347180845885373,0.0,0.0,0.0,0.0,63.56123863704815,8.601194859532491,True,False,True,False,True,6.372685261229869,0,1.0048357848075764,0.919403586540399,False,False,False,False,-0.025049126372795893,-0.049042511029435576,False,False,False,False,359741.0,365515.9814281293,False,False,False,False,10468.776556223678,False,False,False,False
2025-06-06 16:00:00+00:00,57.455,57.5,57.26,57.31,4921.0,,,,,,,,,,,,,,,,,,56.15629557952351,56.113643695848396,56.18296839006954,,55.66620330102266,"rgba(38, 166, 154, 1.0)",0.0,0.0,0.6807750815878185,54.99397272163113,3.402044729614723,0.0,0.0,0.0,0.0,64.66024407619685,9.567340557557237,True,False,True,False,True,5.618209006089675,0,0.9991894630192506,0.9254305977710234,False,False,False,False,-0.018572094985471722,-0.033807303007453646,False,False,False,False,354820.0,365350.1522587009,False,False,False,False,10382.764516592302,False,False,False,False
2025-06-06 17:00:00+00:00,57.34,57.35,57.215,57.255,3373.0,,,,,,,,,,,,,,,,,,56.16696334194055,56.1229013856281,56.19032616987962,,55.66874544837797,"rgba(38, 166, 154, 1.0)",0.0,0.0,0.6663736270366649,54.99818117381047,3.386716902686421,0.0,0.0,0.0,0.0,64.61994996030461,9.641702936502028,True,False,True,False,True,5.179030841454466,0,0.9921511928121454,0.9445419807910773,False,False,False,False,-0.03186933532730829,-0.03283831916738097,False,False,False,False,351447.0,365134.59951050405,False,False,False,False,10274.085996955211,False,False,False,False
2025-06-06 18:00:00+00:00,57.255,57.425,57.23,57.27,5561.0,,,,,,,,,,,,,,,,,,56.18465562192743,56.13830048969568,56.202627471658495,,55.67301016175458,"rgba(38, 166, 154, 1.0)",0.0,0.0,0.6493738356120979,55.00520721085744,3.4876563620826726,0.0,0.0,0.0,0.0,64.71754868783437,10.002051828926618,True,False,True,False,True,5.284721852398633,0,0.9789451740671256,0.9469460079216179,False,False,False,False,-0.02573103197566454,-0.029284675571522756,False,False,False,False,357008.0,365008.6057196435,False,False,False,False,10201.014896227223,False,False,False,False
2025-06-06 19:00:00+00:00,57.3,57.635,57.235,57.525,22600.0,,,,,,,,,,,,,,,,,,56.26053225838877,56.204828425662335,56.256659510908506,,55.6917549034174,"rgba(38, 166, 154, 1.0)",0.0,0.0,0.6353840577950398,55.30874696127377,3.4880526376712164,0.0,0.0,0.0,0.0,66.74308219422107,12.181811964563657,True,False,True,False,True,7.068521572094031,0,0.9716216216216218,0.9427234927234929,False,True,False,False,-0.011074284783092398,-0.020179480177307578,False,True,False,False,379608.0,365234.9529177886,False,True,False,False,10393.247223417498,False,True,False,False
2025-06-09 14:00:00+00:00,55.065,55.25,54.615,55.235,34205.0,,,,,,,,,,,,,,,,,55.033333333333346,56.15952027153851,56.1221897672481,56.182233092857224,,55.68149348492499,"rgba(239, 83, 80, 1.0)",0.0,0.0,0.6437472854830203,55.352234562213496,-0.1821127092218071,0.0,0.0,0.0,0.0,53.2565718304549,8.88533724458243,False,False,False,False,False,0.0,0,0.9542986871977103,0.9501529957556017,False,False,False,False,-0.34282825441539394,-0.18150386729635076,False,False,False,False,345403.0,364927.48077952827,False,False,False,False,10762.42168506994,False,False,False,False
2025-06-09 15:00:00+00:00,55.23,55.295,54.865,55.27,39350.0,,,,,,,,,,,,,,,,,55.09218045453516,56.07161907828983,56.04871634518787,56.114276177700056,,55.67201470371894,"rgba(239, 83, 80, 1.0)",0.0,0.0,0.6538000355503785,55.31080829692909,-0.06241709193963704,0.0,0.0,0.0,0.0,44.52836439852821,1.4879968573441786,False,True,False,True,False,0.0,0,0.963765963765964,0.9489159489159491,False,False,False,False,-0.3211533908963166,-0.2513286290963337,False,False,False,False,384753.0,365234.8531705433,False,False,False,False,11205.639953518468,False,False,False,False
2025-06-09 16:00:00+00:00,55.27,56.08,55.255,55.8,37961.0,,,,,,,,,,,,,,,,,55.303058858519556,56.04389537585038,56.02595820030061,56.090378184570206,,55.672677196579166,"rgba(239, 83, 80, 1.0)",0.0,0.0,0.6527697606044187,55.31651936174627,0.7406602870299244,0.0,0.0,0.0,0.0,42.45605409680401,0.19628719604035894,False,True,False,True,False,0.0,0,0.9811283273738581,0.9315653555820423,False,False,False,False,-0.23744069337162718,-0.24438466123398045,False,False,False,False,422714.0,366126.0027337907,False,False,False,False,11620.451737184847,False,False,False,False
2025-06-09 17:00:00+00:00,55.83,56.165,55.775,55.875,40210.0,,,,,,,,,,,,,,,,,55.47141752237586,56.035932860482845,56.020109415159546,56.081383962569944,,55.67729689969384,"rgba(239, 83, 80, 1.0)",0.0,0.0,0.6548051976321176,55.32990859136764,0.8324482007832233,0.0,0.0,0.0,0.0,41.56694584406658,-0.41393514552373745,False,True,False,True,False,0.0,0,0.9915691331085106,0.9165840111089071,False,False,False,False,-0.19564542804381274,-0.2200150446388966,False,False,False,False,462924.0,367626.7468774528,False,False,False,False,12063.70054746105,False,False,False,False
2025-06-09 18:00:00+00:00,55.875,55.875,55.47,55.485,39940.0,,,,,,,,,,,,,,,,,55.50029580102888,56.0062449121815,55.99460985488295,56.05522358347726,,55.67615421678076,"rgba(239, 83, 80, 1.0)",0.0,0.0,0.6609935669086994,55.32406245504252,0.24347823188377074,0.0,0.0,0.0,0.0,39.34447225686216,-2.5564391512731675,False,True,False,True,False,0.0,0,0.9876114965312193,0.9212091179385532,False,False,False,False,-0.23674358969265516,-0.22837931716577586,False,False,False,False,422984.0,368484.9988638489,False,False,False,False,12495.8912366477,False,False,False,False
2025-06-09 19:00:00+00:00,55.47,55.57,55.08,55.085,85568.0,,,,,,,,,,,,,,,,,55.421499004451114,55.90733891396783,55.906492545685936,55.96912675655212,,55.661020394880346,"rgba(239, 83, 80, 1.0)",0.0,0.0,0.6766426459139712,55.285519838624246,-0.2963452567394632,0.0,0.0,0.0,0.0,36.41824692647404,-5.462824960165868,False,True,False,True,False,0.0,0,0.9789296666336931,0.928974181422495,False,False,False,False,-0.2857752754414283,-0.2570772963036021,False,False,False,False,337416.0,368003.308958983,False,False,False,False,13628.792147707425,False,False,False,False
2025-06-10 14:00:00+00:00,55.03,55.185,54.86,54.97,15566.0,,,,,,,,,,,,,,,,,55.399356847677595,55.8865041664627,55.88761851666042,55.950842936616894,,55.65685808240786,"rgba(239, 83, 80, 1.0)",0.0,0.0,0.6907423412396052,55.276497703626205,-0.4437221889079017,0.0,0.0,0.0,0.0,34.07402003898387,-7.8846889896843635,False,True,False,True,False,0.0,0,0.9736763978228603,0.9364670954972787,False,False,False,False,-0.32956723908137103,-0.2933222676924866,False,False,False,False,321850.0,367287.7537813243,False,False,False,False,13658.826377975527,False,False,False,False
2025-06-10 15:00:00+00:00,54.975,55.175,54.785,55.03,15533.0,,,,,,,,,,,,,,,,,55.3790703827788,55.86646338575332,55.869385639239276,55.933121539012156,,55.652704483753276,"rgba(239, 83, 80, 1.0)",0.0,0.0,0.7000233779874202,55.26788638768492,-0.3398263474697721,0.0,0.0,0.0,0.0,33.03284840032596,-9.19308287422787,False,True,False,True,False,0.0,0,0.9752695617766349,0.9341181125729551,False,False,False,False,-0.3358151890006422,-0.3145687283465644,False,False,False,False,337383.0,366824.1141878154,False,False,False,False,13687.88333335575,False,False,False,False
2025-06-10 16:00:00+00:00,55.035,55.16,54.965,55.16,13835.0,,,,,,,,,,,,,,,,,55.36687142526053,55.85129227367295,55.85552327489649,55.91948278268588,,55.64959666465142,"rgba(239, 83, 80, 1.0)",0.0,0.0,0.7076484150186929,55.26178883904937,-0.14384097652036404,0.0,0.0,0.0,0.0,33.51834610075941,-9.19308287422787,False,True,False,True,False,0.0,0,0.9752750025229593,0.9533757190432943,False,False,False,False,-0.32370942650464085,-0.31913907742560266,False,False,False,False,351218.0,366582.15892908955,False,False,False,False,13690.164211908374,False,False,False,False
2025-06-10 17:00:00+00:00,55.14,55.21,55.025,55.105,11909.0,,,,,,,,,,,,,,,,,55.35783343360962,55.83900825843665,55.84426037612912,55.90834655121081,,55.647036619621595,"rgba(239, 83, 80, 1.0)",0.0,0.0,0.7199187704423499,55.25695296273166,-0.21106959419643456,0.0,0.0,0.0,0.0,33.56825203325558,-9.65714774321254,False,True,False,True,False,0.0,0,0.9717468354430383,0.9480506329113927,False,False,False,False,-0.31568975938005345,-0.317414418402828,False,False,False,False,339309.0,366159.31925577036,False,False,False,False,13662.549262886538,False,False,False,False
2025-06-10 18:00:00+00:00,55.11,55.5,54.98,55.475,16106.0,,,,,,,,,,,,,,,,,55.35601670174357,55.82754472097067,55.83368367854041,55.89752578581547,,55.644928034988986,"rgba(239, 83, 80, 1.0)",0.0,0.0,0.7243895721581316,55.253453023357814,0.30583954429678717,0.0,0.0,0.0,0.0,36.977783972200484,-9.65714774321254,False,True,False,True,True,0.0,0,0.9699575156787379,0.9453773012340687,False,False,False,False,-0.2979664664844786,-0.3076904424436533,False,False,False,False,355415.0,365992.74066265766,False,False,False,False,13700.432220051087,False,False,False,False
2025-06-10 19:00:00+00:00,55.475,55.83,55.47,55.695,40018.0,,,,,,,,,,,,,,,,,55.38770522542656,55.81911405423341,55.82565601327167,55.88739174636849,,55.645242938161,"rgba(239, 83, 80, 1.0)",0.0,0.0,0.7256070959250924,55.25639540319621,0.6044656939918777,0.0,0.0,0.0,0.0,40.98704476100376,-15.449830143965563,False,True,False,True,True,0.0,0,0.9729921100546229,0.9434553914626749,False,False,False,False,-0.2398823459263684,-0.27378639418501083,False,False,False,False,395433.0,366449.1787919188,False,False,False,False,14108.456526716962,False,False,False,False
2025-06-11 14:00:00+00:00,55.955,56.44,55.88,56.26,2803.0,,,,,,,,,,,,,,,,,55.39345116080244,55.820468644737936,55.826877547085665,55.888322841308394,,55.64584456897673,"rgba(239, 83, 80, 1.0)",0.0,0.0,0.7218046889624626,55.25775055863928,1.3885327384079096,0.0,0.0,0.0,0.0,47.250033543156746,-9.526587995349708,False,True,False,False,True,0.0,0,0.9790476190476194,0.9275187969924816,False,False,False,False,-0.16974356578046185,-0.22176497998273634,False,False,False,False,398236.0,366941.9977253774,False,False,False,False,13933.17813095391,False,False,False,False
2025-06-11 15:00:00+00:00,56.28,56.365,56.115,56.14,3400.0,,,,,,,,,,,,,,,,,55.40042619818839,55.82215692690647,55.82840191690878,55.88949370792618,,55.646590297834734,"rgba(239, 83, 80, 1.0)",0.0,0.0,0.72082499656634,55.25941661751342,1.2216326940398134,0.0,0.0,0.0,0.0,50.468121264593464,-6.576682029980169,False,False,True,False,True,0.0,0,0.9819530780028076,0.9299177862442353,False,False,False,False,-0.15890658058404702,-0.19033578028339168,False,False,False,False,394836.0,367374.46287692187,False,False,False,False,13769.873043652298,False,False,False,False
2025-06-11 16:00:00+00:00,56.135,56.35,55.985,56.32,3371.0,,,,,,,,,,,,,,,,,55.407322990015224,55.82386664754901,55.82994749532805,55.89068850498892,,55.647343071416174,"rgba(239, 83, 80, 1.0)",0.0,0.0,0.7200450624030974,55.26108482256028,1.4706234827938003,0.0,0.0,0.0,0.0,53.69076469496485,-3.5661471347459752,False,False,True,False,True,0.0,0,0.9778317643486185,0.94635084522725,False,False,False,False,-0.16872595760215964,-0.17953086894277565,False,False,False,False,398207.0,367852.4867082874,False,False,False,False,13608.650205766216,False,False,False,False
2025-06-11 17:00:00+00:00,56.325,56.56,56.31,56.45,5102.0,,,,,,,,,,,,,,,,,55.42033612265783,55.82786485718768,55.83358542376237,55.893692704034414,,55.648919469447854,"rgba(239, 83, 80, 1.0)",0.0,0.0,0.7194622303499255,55.46153346228581,1.3738963576078682,0.0,0.0,0.0,0.0,56.60232681259429,-0.7912142181788369,True,False,True,False,True,0.7718796871920865,0,0.9737269222966123,0.9468452018665044,False,False,False,False,-0.13264057191004233,-0.156085720426409,False,False,False,False,403309.0,368402.200092655,False,False,False,False,13476.764156064413,False,False,False,False
2025-06-11 18:00:00+00:00,56.5,56.505,55.965,55.965,6845.0,,,,,,,,,,,,,,,,,55.43238387390845,55.830602038478915,55.83605713710363,55.89552321842505,,55.65023957475225,"rgba(239, 83, 80, 1.0)",0.0,0.0,0.7196461217429918,55.455673404679615,0.7077459044548076,0.0,0.0,0.0,0.0,54.50183420408114,-0.7912142181788369,False,False,True,False,True,0.0,0,0.96486268174475,0.9493134087237481,False,False,False,False,-0.15958278320023092,-0.15783425181331995,False,False,False,False,396464.0,368837.26675788517,False,False,False,False,13373.946107133183,False,False,False,False
2025-06-11 19:00:00+00:00,55.965,55.995,55.785,55.845,15147.0,,,,,,,,,,,,,,,,,55.44808964420778,55.831434106800685,55.83672930640103,55.89519766491217,,55.65155534341803,"rgba(239, 83, 80, 1.0)",0.0,0.0,0.7205762958891907,55.44717551261512,0.5520921096828001,0.0,0.0,0.0,0.0,52.241531554338735,-0.7912142181788369,False,False,True,False,False,0.0,0,0.9592805900778016,0.960189956552491,False,False,False,False,-0.20662754957632481,-0.1822309006948224,False,False,False,False,381317.0,369030.75099419703,False,False,False,False,13401.43531477453,False,False,False,False
2025-06-12 14:00:00+00:00,55.715,56.05,55.675,55.96,5483.0,,,,,,,,,,,,,,,,,55.45375727031061,55.83186243376489,55.83709112223178,55.89519653638633,,55.652070135931304,"rgba(239, 83, 80, 1.0)",0.0,0.0,0.7205747205717921,55.4468622154,0.7121229345831221,0.0,0.0,0.0,0.0,51.64779285109199,-0.7912142181788369,False,False,False,False,False,0.0,0,0.9566619633138483,0.9597863334005244,False,False,False,False,-0.21041390365899693,-0.19632240217690966,False,False,False,False,386800.0,369306.24322684517,False,False,False,False,13278.668875785777,False,False,False,False
2025-06-12 15:00:00+00:00,55.96,56.115,55.76,55.815,3966.0,,,,,,,,,,,,,,,,,55.45778318413023,55.8321767577261,55.83735749736662,55.89520258258488,,55.65244368956104,"rgba(239, 83, 80, 1.0)",0.0,0.0,0.7214897937751518,55.44688495110121,0.5102151854049758,0.0,0.0,0.0,0.0,50.08826816008943,-0.7912142181788369,False,False,False,False,False,0.0,0,0.9614608555286525,0.9584342211460858,False,False,False,False,-0.20010115243373597,-0.1982117773053228,False,False,False,False,382834.0,369515.9758899948,False,False,False,False,13134.2864125953,False,False,False,False
2025-06-12 16:00:00+00:00,55.825,56.08,55.795,56.005,3601.0,,,,,,,,,,,,,,,,,55.46189412899496,55.83273721941898,55.8378533784411,55.895443648589634,,55.652869578063466,"rgba(239, 83, 80, 1.0)",0.0,0.0,0.7210396835295639,55.44746665956766,0.7732353061389903,0.0,0.0,0.0,0.0,50.684572041150986,-0.7912142181788369,False,False,False,False,False,0.0,0,0.9609034741213415,0.9637394915425913,False,False,False,False,-0.20010115243373597,-0.19915646486952937,False,False,False,False,386435.0,369778.2863413127,False,False,False,False,12986.483522477543,False,False,False,False
2025-06-12 17:00:00+00:00,56.005,56.19,56.0,56.06,4100.0,,,,,,,,,,,,,,,,,55.467632398613574,55.8339820448638,55.83897829049627,55.89623616129235,,55.653547195250404,"rgba(239, 83, 80, 1.0)",0.0,0.0,0.7160236482575513,55.44909995807535,0.8531841698403132,0.0,0.0,0.0,0.0,51.551427361868555,-0.7912142181788369,False,False,False,False,False,0.0,0,0.9616558177379988,0.9650122050447523,False,False,False,False,-0.1785776736997213,-0.18886706928462532,False,False,False,False,390535.0,370100.0958554009,False,False,False,False,12848.708584144559,False,False,False,False
2025-06-12 18:00:00+00:00,56.055,56.105,55.9,55.97,4832.0,,,,,,,,,,,,,,,,,55.47327376642435,55.83489980976562,55.8397984766288,55.896708202643005,,55.6541733131448,"rgba(239, 83, 80, 1.0)",0.0,0.0,0.7068201027537674,55.45016419964063,0.7354570113867578,0.0,0.0,0.0,0.0,51.22156741609763,-0.7912142181788369,False,False,False,False,False,0.0,0,0.9584736251402921,0.966942148760331,False,False,False,False,-0.19119736138224044,-0.1900322153334329,False,False,False,False,385703.0,370342.00134601485,False,False,False,False,12724.418528576425,False,False,False,False
2025-06-12 19:00:00+00:00,55.96,56.17,55.94,56.14,12995.0,,,,,,,,,,,,,,,,,55.490439064103626,55.83872855439027,55.84326654685391,55.899158242066115,,55.65629996843854,"rgba(239, 83, 80, 1.0)",0.0,0.0,0.6935416808399131,55.454841367217895,0.9879126975502677,0.0,0.0,0.0,0.0,52.6160611510135,-0.7912142181788369,False,False,True,False,False,0.0,0,0.9591378077433859,0.9642455817754625,False,False,False,False,-0.184027702872084,-0.18702995910275844,False,False,False,False,398698.0,370781.6292321231,False,False,False,False,12728.613590148883,False,False,False,False
2025-06-13 14:00:00+00:00,54.79,55.005,54.5,55.005,5612.0,,,,,,,,,,,,,,,,54.83666666666667,55.48259029331692,55.83210332060572,55.83711389534211,55.893168411401895,,55.65454967683393,"rgba(239, 83, 80, 1.0)",0.0,0.0,0.6902179313752876,55.44668078627306,-0.6399149691648746,0.0,0.0,0.0,0.0,45.71694675200037,1.0155095027565366,False,True,False,True,False,0.0,0,0.9434618441971385,0.9681041335453103,False,False,False,False,-0.34282825441539394,-0.2649291067590762,False,False,False,False,393086.0,371127.43343007466,False,False,False,False,12618.278495727971,False,False,False,False
2025-06-13 15:00:00+00:00,55.0,55.335,54.955,55.25,2144.0,,,,,,,,,,,,,,,,54.9315746948599,55.481208796668966,55.83046033182326,55.83558301848728,55.89163572286569,,55.654162842110956,"rgba(239, 83, 80, 1.0)",0.0,0.0,0.6827997807115413,55.4448240148681,-0.28533110345330187,0.0,0.0,0.0,0.0,43.235619045281396,-1.2743273526131986,False,True,False,True,False,0.0,0,0.950757951055187,0.9629446150797586,False,False,False,False,-0.2877239281612425,-0.27632651746015935,False,False,False,False,395230.0,371501.11663270916,False,False,False,False,12455.88658106552,False,False,False,False
2025-06-13 16:00:00+00:00,55.265,55.4,55.025,55.295,2744.0,,,,,,,,,,,,,,,,55.0121765079365,55.479807542211304,55.828562446092434,55.8338124682885,55.88984827613553,,55.65373120242328,"rgba(239, 83, 80, 1.0)",0.0,0.0,0.6686921348201722,55.442779836932836,-0.22099831781717558,0.0,0.0,0.0,0.0,41.970708703103554,-2.509794659793954,False,True,False,True,False,0.0,0,0.9630882499253808,0.9587105760620838,False,False,False,False,-0.2784247029670283,-0.2773756102135938,False,False,False,False,397974.0,371911.54893297725,False,False,False,False,12305.31469608776,False,False,False,False
2025-06-13 17:00:00+00:00,55.285,55.315,54.905,55.04,3465.0,,,,,,,,,,,,,,,,55.03065902852369,55.47694457112875,55.82556340638042,55.831018231696355,55.88707585360248,,55.65298590317516,"rgba(239, 83, 80, 1.0)",0.0,0.0,0.6751981557652076,55.43961889794631,-0.5918542497993348,0.0,0.0,0.0,0.0,39.71233709116318,-4.744265433626261,False,True,False,True,False,0.0,0,0.9520779479021677,0.9672897196261686,False,False,False,False,-0.2925647896431482,-0.284970199928371,False,False,False,False,394509.0,372261.89701153577,False,False,False,False,12168.255553512756,False,False,False,False
2025-06-13 18:00:00+00:00,55.04,55.06,54.495,54.73,2695.0,,,,,,,,,,,,,,,,54.98714555822329,55.472916044939886,55.82222890419631,55.82791672720295,55.88406251976697,,55.652075689662375,"rgba(239, 83, 80, 1.0)",0.0,0.0,0.6906248443799742,55.436117987104055,-1.02243351488172,0.0,0.0,0.0,0.0,36.70132958640992,-7.660611550523448,False,True,False,True,False,0.0,0,0.9421422213430919,0.9730986054791814,False,False,False,False,-0.33926128761820673,-0.3121157437732889,False,False,False,False,391814.0,372565.0303912019,False,False,False,False,12021.383374388526,False,False,False,False
2025-06-13 19:00:00+00:00,54.725,54.81,54.485,54.61,15828.0,,,,,,,,,,,,,,,,54.81558190716572,55.446086947286666,55.800769799407014,55.807936805065424,55.864724504824025,,55.64601204697504,"rgba(239, 83, 80, 1.0)",0.0,0.0,0.7069630391597048,55.41547795924539,-1.1393494633082712,0.0,0.0,0.0,0.0,34.15277108415302,-10.119253268849441,False,True,False,True,False,0.0,0,0.9391244194090328,0.9811246170570217,False,False,False,False,-0.34282825441539394,-0.32747199909434144,False,False,False,False,375986.0,372618.0686797104,False,False,False,False,12080.40068641351,False,False,False,False
2025-06-16 14:00:00+00:00,55.825,55.855,55.58,55.745,5857.0,,,,,,,,,,,,,,,,54.95474538184032,55.44937240307537,55.800277456372,55.80743621697797,55.86393808038093,,55.64618958921985,"rgba(239, 83, 80, 1.0)",0.0,0.0,0.702794890175537,55.41620944876532,0.4678328710565232,0.0,0.0,0.0,0.0,40.973254452057134,-15.265197247566697,False,True,False,True,True,0.0,0,0.9407321324811159,0.9733681967848152,False,False,False,False,-0.19909231313466805,-0.26328215611450473,False,False,False,False,381843.0,372761.0908707226,False,False,False,False,11983.913854066013,False,False,False,False
2025-06-16 15:00:00+00:00,55.74,55.75,55.415,55.46,6813.0,,,,,,,,,,,,,,,,55.043294359065214,55.45061263159003,55.79829411486598,55.80554554016789,55.861816728614116,,55.645922635147166,"rgba(239, 83, 80, 1.0)",0.0,0.0,0.7033531336603384,55.41557977408839,0.06315494135988242,0.0,0.0,0.0,0.0,43.83867805554989,-12.763482610119091,False,True,False,True,True,0.0,0,0.9377239709443101,0.9777239709443101,False,False,False,False,-0.21667423694398963,-0.23997819652924718,False,False,False,False,375030.0,372796.26775644784,False,False,False,False,11903.74464702623,False,False,False,False
2025-06-16 16:00:00+00:00,55.455,55.545,55.37,55.41,3860.0,,,,,,,,,,,,,,,,55.074664817006,55.4505450374268,55.79675123690014,55.8040848069044,55.8602556398239,,55.64562750015754,"rgba(239, 83, 80, 1.0)",0.0,0.0,0.7062814562868563,55.41480913123987,-0.006809086090348507,0.0,0.0,0.0,0.0,45.453122313613505,-11.279170089503978,False,True,False,True,True,0.0,0,0.9303822152886118,0.9887870514820595,False,False,False,False,-0.2330720265813932,-0.2365251115553202,False,False,False,False,371170.0,372771.0543028595,False,False,False,False,11779.035427692488,False,False,False,False
2025-06-16 17:00:00+00:00,55.42,55.595,55.32,55.33,3961.0,,,,,,,,,,,,,,,,55.10011013797921,55.45027155829652,55.79506394191035,55.802488595021245,55.858564430269446,,55.645286047020434,"rgba(239, 83, 80, 1.0)",0.0,0.0,0.7101900646496787,55.41392798653303,-0.11817679619952705,0.0,0.0,0.0,0.0,46.0227722805634,-10.580477735091407,False,False,False,True,True,0.0,0,0.9306070661721649,0.986238532110092,False,False,False,False,-0.2330720265813932,-0.2347985690683567,False,False,False,False,367209.0,372684.82090281515,False,False,False,False,11657.825576100355,False,False,False,False
2025-06-16 18:00:00+00:00,55.34,55.46,55.18,55.195,13221.0,,,,,,,,,,,,,,,,55.13570362537765,55.445966639270075,55.787551622921654,55.79540817313506,55.851300408720846,,55.64348158103775,"rgba(239, 83, 80, 1.0)",0.0,0.0,0.7155327820312279,55.40928896370021,-0.29948168564953404,0.0,0.0,0.0,0.0,45.522873065366525,-10.580477735091407,False,False,False,True,True,0.0,0,0.9252318204001955,0.9907271839921915,False,False,False,False,-0.25125328831990207,-0.24302592869412937,False,False,False,False,353988.0,372394.94771052344,False,False,False,False,11682.060838486395,False,False,False,False
2025-06-16 19:00:00+00:00,55.195,55.2,54.775,54.845,37520.0,,,,,,,,,,,,,,,,55.06490917855766,55.4124004979083,55.75396888047798,55.76382661667922,55.82003427126282,,55.633799447468085,"rgba(239, 83, 80, 1.0)",0.0,0.0,0.727314553311458,55.386233544979234,-0.7441533274908396,0.0,0.0,0.0,0.0,43.107319762621394,-10.580477735091407,False,True,False,True,False,0.0,0,0.918417195896434,0.9983390327308257,False,False,False,False,-0.29517141826857446,-0.2690986734813519,False,False,False,False,316468.0,371527.86324989516,False,False,False,False,12082.64904254087,False,False,False,False
2025-06-17 14:00:00+00:00,54.82,54.82,54.165,54.29,5496.0,,,,,,,,,,,,,,,,55.0327074787577,55.40289758380002,55.7462999410271,55.75662506651164,55.8130583066063,,55.63136734534993,"rgba(239, 83, 80, 1.0)",0.0,0.0,0.7525537124280736,55.38062652676187,-1.4492341327279172,0.0,0.0,0.0,0.0,38.942785590463515,-4.907476687453382,False,True,False,True,False,0.0,0,0.9070444401319622,1.0019406171162433,False,False,False,False,-0.34282825441539394,-0.3059634639483729,False,False,False,False,310972.0,370589.0126568735,False,False,False,False,11980.530452734036,False,False,False,False
2025-06-17 15:00:00+00:00,54.285,54.42,54.115,54.22,4634.0,,,,,,,,,,,,,,,,55.00091702532573,55.39363088041838,55.73906297552859,55.749830367422234,55.80650269379579,,55.62903073869672,"rgba(239, 83, 80, 1.0)",0.0,0.0,0.7783716255019658,55.37528304089511,-1.48423067214209,0.0,0.0,0.0,0.0,35.88457210875953,-7.877809748678523,False,True,False,True,False,0.0,0,0.9052927491275691,1.0092089957347812,False,False,False,False,-0.34282825441539394,-0.3243958591818834,False,False,False,False,306338.0,369592.8729257592,False,False,False,False,11866.630755792421,False,False,False,False
2025-06-17 16:00:00+00:00,54.21,54.35,54.045,54.055,2699.0,,,,,,,,,,,,,,,,54.981211793608985,55.38782764950136,55.73459421813504,55.74563445905939,55.802461778716946,,55.62757327879655,"rgba(239, 83, 80, 1.0)",0.0,0.0,0.8075228945512379,55.371975959169006,-1.6308837409506334,0.0,0.0,0.0,0.0,33.168581767736256,-10.515462312195481,False,True,False,True,False,0.0,0,0.9132863021751914,1.005976876347247,False,False,False,False,-0.34282825441539394,-0.3336120567986387,False,False,False,False,303639.0,368570.33226024354,False,False,False,False,11724.496945625095,False,False,False,False
2025-06-17 17:00:00+00:00,54.055,54.13,53.81,53.875,2680.0,,,,,,,,,,,,,,,,54.95777022927868,55.381142376916365,55.72959230716479,55.74094000662943,55.79795729915029,,55.62592200942069,"rgba(239, 83, 80, 1.0)",0.0,0.0,0.8360350331031355,55.36822418443656,-1.7860784839292199,0.0,0.0,0.0,0.0,30.643398801745953,-12.990629040785443,False,True,False,True,False,0.0,0,0.9079321502108052,1.0078439062653204,False,False,False,False,-0.34282825441539394,-0.33822015560701635,False,False,False,False,300959.0,367522.0945507824,False,False,False,False,11584.272186778193,False,False,False,False
2025-06-17 18:00:00+00:00,53.87,53.94,53.67,53.88,7414.0,,,,,,,,,,,,,,,,54.89174772128477,55.361600517030354,55.71507078988123,55.727306433546524,55.7848893105431,,55.621078512862674,"rgba(239, 83, 80, 1.0)",0.0,0.0,0.8644609839616688,55.40644405117602,-1.7657755289088888,0.0,0.0,0.0,0.0,29.019699122610785,-14.674587246369619,False,True,False,True,False,0.0,0,0.9017085624509036,1.0147289866457192,False,False,False,False,-0.34282825441539394,-0.34052420501120517,False,False,False,False,308373.0,366605.0543251889,False,False,False,False,11519.616804037445,False,False,False,False
2025-06-17 19:00:00+00:00,53.88,54.04,53.785,54.005,64399.0,,,,,,,,,,,,,,,,54.57204347735053,55.221706709267146,55.60475015816752,55.62320306451959,55.684462294750645,,55.58267529466014,"rgba(239, 83, 80, 1.0)",0.0,0.0,0.8846102720026018,55.333668971469265,-1.5019823005914121,0.0,0.0,0.0,0.0,29.507413856852963,-14.674587246369619,False,True,False,True,False,0.0,0,0.8995191835933668,1.014816995388088,False,False,False,False,-0.328400012737697,-0.33446210887445105,False,False,False,False,372772.0,366700.6658860387,False,False,False,False,12339.452202424462,False,False,False,False
2025-06-18 14:00:00+00:00,54.715,55.155,54.62,55.08,7577.0,,,,,,,,,,,,,,,,54.58652550024587,55.21860875040061,55.60000037114608,55.618623833120054,55.679790443463546,,55.58098046117664,"rgba(38, 166, 154, 1.0)",0.0,0.0,0.8860096292153077,55.33614058323377,-0.2890945818056435,0.0,0.0,0.0,0.0,38.647670692740874,-17.93260403063644,False,True,False,True,True,0.0,0,0.9075250192455737,1.0002886836027716,False,False,False,False,-0.20165816532248754,-0.2680601370984693,False,False,False,False,380349.0,366912.2679653249,False,False,False,False,12265.615734169818,False,False,False,False
2025-06-18 15:00:00+00:00,55.08,55.175,54.83,54.935,4113.0,,,,,,,,,,,,,,,,54.59450825885077,55.21713202714105,55.59756229298746,55.6162686483745,55.67737701078296,,55.5801055161257,"rgba(38, 166, 154, 1.0)",0.0,0.0,0.8909417175906221,55.3372814855685,-0.45152390737340925,0.0,0.0,0.0,0.0,43.70555090295828,-13.447914370010736,False,False,False,True,True,0.0,0,0.912910032610781,0.9994245156339924,False,False,False,False,-0.1825981619432901,-0.2253291495208797,False,False,False,False,376236.0,367056.82195035863,False,False,False,False,12139.218591004395,False,False,False,False
2025-06-18 16:00:00+00:00,54.925,55.07,54.715,54.735,4228.0,,,,,,,,,,,,,,,,54.59952342642701,55.21474790646816,55.59451230400985,55.613336912328045,55.67441881075306,,55.57899955243071,"rgba(38, 166, 154, 1.0)",0.0,0.0,0.899364655622494,55.33745463682309,-0.6698669255643607,0.0,0.0,0.0,0.0,45.67678839784868,-11.754503965429308,True,False,False,True,True,0.0,0,0.9184027777777781,0.9993248456790127,False,False,False,False,-0.1968222642968726,-0.21107570690887617,False,False,False,False,372008.0,367133.5844007406,False,False,False,False,12016.564039205878,False,False,False,False
2025-06-18 17:00:00+00:00,54.715,54.815,54.515,54.64,8948.0,,,,,,,,,,,,,,,,54.60189164675078,55.207379877753105,55.58658879603289,55.60575098609324,55.666866069481095,,55.57609181888487,"rgba(38, 166, 154, 1.0)",0.0,0.0,0.9094342514205418,55.3352802700784,-0.7645195559683035,0.0,0.0,0.0,0.0,46.32853109582822,-11.048493180514342,True,False,False,True,True,0.0,0,0.9119606139588766,1.006564340187277,False,False,False,False,-0.2264985989011851,-0.21878715290503065,False,False,False,False,363060.0,367070.42805344233,False,False,False,False,11968.989402939118,False,False,False,False
2025-06-18 18:00:00+00:00,54.79,54.9,54.4,54.45,6107.0,,,,,,,,,,,,,,,,54.601381160432105,55.20180703144841,55.58083701178042,55.600247566582944,55.661405819966994,,55.57396034986024,"rgba(38, 166, 154, 1.0)",0.0,0.0,0.9224968175433246,55.33305261160007,-0.9572419056704139,0.0,0.0,0.0,0.0,45.45055283131627,-11.048493180514342,True,False,False,True,True,0.0,0,0.9092747760762788,1.006356544351344,False,False,False,False,-0.2284685826482406,-0.22362786777663562,False,False,False,False,356953.0,366913.5687037766,False,False,False,False,11878.105846304403,False,False,False,False
2025-06-18 19:00:00+00:00,54.37,54.76,54.355,54.605,15823.0,,,,,,,,,,,,,,,,54.599515181201774,55.18759441643181,55.56609030958237,55.58612270107175,55.647382350856944,,55.56842481824046,"rgba(38, 166, 154, 1.0)",0.0,0.0,0.9326634098297304,55.326715406510665,-0.7738219371578292,0.0,0.0,0.0,0.0,46.188704656866236,-10.579830278591736,True,False,False,True,True,0.0,0,0.9041043344840816,1.00987725354814,False,False,False,False,-0.2372068230616768,-0.2304173454191562,False,False,False,False,372776.0,367004.4591114699,False,False,False,False,11939.266995974102,False,False,False,False
2025-06-19 14:00:00+00:00,54.605,54.605,54.605,54.605,0.0,,,,,,,,,,,,,,,,54.599515181201774,55.18759441643181,55.56609030958237,55.58612270107175,55.647382350856944,,55.56842481824046,"rgba(38, 166, 154, 1.0)",0.0,0.0,0.9425038676523955,55.326715406510665,-0.7657426470920796,0.0,0.0,0.0,0.0,46.680805873899544,-9.631654028631651,True,False,False,True,True,0.0,0,0.9145125375157327,1.0125859231290546,False,False,False,False,-0.2268204906887008,-0.2286189180539285,False,False,False,False,372776.0,367093.94036555564,False,False,False,False,11754.162081307835,False,False,False,False
2025-06-19 15:00:00+00:00,54.605,54.605,54.605,54.605,0.0,,,,,,,,,,,,,,,,54.599515181201774,55.18759441643181,55.56609030958237,55.58612270107175,55.647382350856944,,55.56842481824046,"rgba(38, 166, 154, 1.0)",0.0,0.0,0.9512545391205143,55.326715406510665,-0.7586985153079352,0.0,0.0,0.0,0.0,47.00887335192175,-8.792006881237285,True,False,False,True,True,0.0,0,0.9158951369262258,1.0076990546730342,False,False,False,False,-0.20889719838796741,-0.21875805822094796,False,False,False,False,372776.0,367182.03431337647,False,False,False,False,11571.927010279807,False,False,False,False
2025-06-19 16:00:00+00:00,54.605,54.605,54.605,54.605,0.0,,,,,,,,,,,,,,,,54.599515181201774,55.18759441643181,55.56609030958237,55.58612270107175,55.647382350856944,,55.56842481824046,"rgba(38, 166, 154, 1.0)",0.0,0.0,0.9594981561789975,55.326715406510665,-0.7521800869162171,0.0,0.0,0.0,0.0,47.227585003936554,-8.035720196699415,True,False,False,True,True,0.0,0,0.9300706256838757,1.00626678603402,False,False,False,False,-0.20889719838796741,-0.21382762830445767,False,False,False,False,372776.0,367268.76246355666,False,False,False,False,11392.517289190198,False,False,False,False
2025-06-19 17:00:00+00:00,54.605,54.605,54.605,54.605,0.0,,,,,,,,,,,,,,,,54.599515181201774,55.18759441643181,55.56609030958237,55.58612270107175,55.647382350856944,,55.56842481824046,"rgba(38, 166, 154, 1.0)",0.0,0.0,0.9615513928440149,55.326715406510665,-0.7505739286342511,0.0,0.0,0.0,0.0,47.37339277194643,-7.34991297665033,True,False,False,True,True,0.0,0,0.9274201621783965,1.0041045149664636,False,False,False,False,-0.2084388092866578,-0.21113321879555774,False,False,False,False,372776.0,367354.14599125343,False,False,False,False,11215.889114163994,False,False,False,False
2025-06-19 18:00:00+00:00,54.605,54.605,54.605,54.605,0.0,,,,,,,,,,,,,,,,54.599515181201774,55.18759441643181,55.56609030958237,55.58612270107175,55.647382350856944,,55.56842481824046,"rgba(38, 166, 154, 1.0)",0.0,0.0,0.9613846620721868,55.326715406510665,-0.7507040989764381,0.0,0.0,0.0,0.0,47.47059795061968,-6.727896436595437,True,False,False,True,True,0.0,0,0.9266525807425297,1.0031190260589602,False,False,False,False,-0.1951177785904604,-0.20312549869300905,False,False,False,False,372776.0,367438.205743327,False,False,False,False,11041.999360456026,False,False,False,False
2025-06-19 19:00:00+00:00,54.605,54.605,54.605,54.605,0.0,,,,,,,,,,,,,,,,54.599515181201774,55.18759441643181,55.56609030958237,55.58612270107175,55.647382350856944,,55.56842481824046,"rgba(38, 166, 154, 1.0)",0.0,0.0,0.9605725113434873,55.326715406510665,-0.7513388088747763,0.0,0.0,0.0,0.0,47.535401403068505,-6.165754282618636,True,False,False,True,True,0.0,0,0.9406875320677273,1.0024628014366346,False,False,False,False,-0.1897343246041138,-0.19642991164856144,False,False,False,False,372776.0,367520.96224343043,False,False,False,False,10870.805571921823,False,False,False,False
2025-06-20 14:00:00+00:00,54.97,55.09,54.665,54.735,2413.0,,,,,,,,,,,,,,,,54.60183009297221,55.18636541911826,55.564450929899856,55.584539992678614,55.645778962857,,55.567802380872536,"rgba(38, 166, 154, 1.0)",0.0,0.0,0.9584047697616531,55.416317998609415,-0.7108875290539856,0.0,0.0,0.0,0.0,49.652006701320396,-3.794466517786546,True,False,False,False,True,0.0,0,0.9397454321494562,0.9850133442824885,False,False,False,False,-0.13985206665997163,-0.16814098915426653,False,False,False,False,375189.0,367639.84654973383,False,False,False,False,10739.676803364895,False,False,False,False
2025-06-20 15:00:00+00:00,54.73,54.96,54.66,54.785,5847.0,,,,,,,,,,,,,,,,54.60657797571157,55.18318814294164,55.560356546469876,55.58058925043565,55.64178568105527,,55.56624072728033,"rgba(38, 166, 154, 1.0)",0.0,0.0,0.9538166717154969,55.41418373160326,-0.6596484945808693,0.0,0.0,0.0,0.0,51.8149278260658,-1.5469817981400809,True,False,True,False,True,0.0,1,0.9417525773195878,0.9854639175257736,False,False,False,False,-0.15213461493650138,-0.16013780204538397,False,False,False,False,381036.0,367847.5388512883,False,False,False,False,10663.82134904916,False,False,False,False
2025-06-20 16:00:00+00:00,54.775,54.815,54.61,54.655,2274.0,,,,,,,,,,,,,,,,54.607372274920955,55.1816197092536,55.55855033250242,55.5788512817995,55.64004385692171,,55.565549277911245,"rgba(38, 166, 154, 1.0)",0.0,0.0,0.9536677325690166,55.412195599178645,-0.7939826139853651,0.0,0.0,0.0,0.0,50.91467394065701,-1.5469817981400809,True,False,False,False,True,0.0,1,0.9451257534816049,0.9852421533984623,False,False,False,False,-0.16995784455627116,-0.16504782330082757,False,False,False,False,378762.0,368016.75530320633,False,False,False,False,10533.746599451499,False,False,False,False
2025-06-20 17:00:00+00:00,54.67,54.74,54.52,54.595,3768.0,,,,,,,,,,,,,,,,54.60753607784036,55.178647013620264,55.5553159569777,55.57574377830726,55.636944172257806,,55.5643076485013,"rgba(38, 166, 154, 1.0)",0.0,0.0,0.9540522867039056,55.408477177495705,-0.8526547117308804,0.0,0.0,0.0,0.0,49.31549734528096,-1.5469817981400809,True,False,False,False,False,0.0,1,0.9415070774354708,0.9820982514571194,False,False,False,False,-0.18512258869814868,-0.17508520599948812,False,False,False,False,374994.0,368124.92963959073,False,False,False,False,10428.85130333597,False,False,False,False
2025-06-20 18:00:00+00:00,54.595,54.76,54.55,54.57,7584.0,,,,,,,,,,,,,,,,54.608094695394605,55.17284547121787,55.54893031063819,55.5696036669371,55.630812571073726,,55.561840344315854,"rgba(38, 166, 154, 1.0)",0.0,0.0,0.9529542401306423,55.40345808883033,-0.8746045232099141,0.0,0.0,0.0,0.0,47.821897996290815,1.0501395511835128,True,False,False,True,False,0.0,1,0.9389519741639756,0.9840608396707995,False,False,False,False,-0.18051862540285246,-0.1778019157011703,False,False,False,False,367410.0,368113.84545913193,False,False,False,False,10384.745081578823,False,False,False,False
2025-06-20 19:00:00+00:00,54.54,54.635,54.33,54.355,17282.0,,,,,,,,,,,,,,,,54.59760751271333,55.15570396597245,55.53182225128436,55.553192454064224,55.61456804395103,,55.55515357299416,"rgba(38, 166, 154, 1.0)",0.0,0.0,0.9528741349812704,55.387490790103016,-1.083554220015966,0.0,0.0,0.0,0.0,43.65774502512656,-2.8276203472488817,False,False,False,True,False,0.0,1,0.9354468662008555,0.9875899468140582,False,False,False,False,-0.21245144707640998,-0.19512668138879014,False,False,False,False,350128.0,367834.99514193606,False,False,False,False,10491.679266360547,False,False,False,False
2025-06-23 14:00:00+00:00,54.445,54.505,53.945,53.95,6126.0,,,,,,,,,,,,,,,,54.587562220683886,55.14729694926115,55.52421601198937,55.545917805710125,55.60743991512903,,55.55215581568795,"rgba(239, 83, 80, 1.0)",0.0,0.0,0.9579205142969328,55.37905824055914,-1.4918338413579084,0.0,0.0,0.0,0.0,37.230898192844926,-8.569076314858947,False,True,False,True,False,0.0,0,0.9218021750388403,0.9938891765924396,False,False,False,False,-0.2609481852363946,-0.22803743331259238,False,False,False,False,344002.0,367465.4913412859,False,False,False,False,10423.99431649449,False,False,False,False
2025-06-23 15:00:00+00:00,53.95,54.025,53.525,53.525,6480.0,,,,,,,,,,,,,,,,54.567516769562964,55.13474470518202,55.51373331032273,55.535922732411265,55.59773730315108,,55.54801572900358,"rgba(239, 83, 80, 1.0)",0.0,0.0,0.9740835748589548,55.36555448375086,-1.8895241961321159,0.0,0.0,0.0,0.0,30.769265360523818,-14.113896730249984,False,True,False,True,False,0.0,0,0.9162449654032844,1.0036145822575653,False,False,False,False,-0.34282825441539394,-0.28543284386399315,False,False,False,False,337522.0,367001.251165452,False,False,False,False,10362.84711778915,False,False,False,False
2025-06-23 16:00:00+00:00,53.525,53.575,52.78,53.05,9376.0,,,,,,,,,,,,,,,,54.522594307017904,55.11010121349292,55.49420673234768,55.517341944808315,55.57982158083932,53.135,55.54027130795838,"rgba(239, 83, 80, 1.0)",0.0,0.0,1.001430832215038,55.29211223633937,-2.238908733596813,0.0,0.0,0.0,0.0,24.962529655217374,-18.957872434559583,False,True,False,True,False,0.0,0,0.9080837094788679,1.0064628641772675,True,False,False,False,-0.34282825441539394,-0.3141305491396935,False,False,False,False,328146.0,366398.84417063877,True,False,False,False,10347.547162474588,True,False,False,False
2025-06-23 17:00:00+00:00,53.05,53.94,53.025,53.89,14562.0,,,,,,,,,,,,,,,,54.480598299048545,55.0820856912683,55.47059186997352,55.49478774717904,55.55790736062128,53.42902205698054,55.53073869010577,"rgba(239, 83, 80, 1.0)",0.0,0.0,1.002343164699103,55.2828645627892,-1.3896084812503595,1.0,53.87,53.575,0.0,30.736178007868148,-18.957872434559583,False,True,False,True,True,0.0,0,0.9147491130258493,0.9995945261023826,False,False,False,False,-0.29152434963184,-0.3028274493857668,False,False,False,False,342708.0,366031.5442610164,False,False,False,False,10412.88751654475,False,False,False,False
2025-06-23 18:00:00+00:00,53.89,54.045,53.87,54.04,8713.0,,,,,,,,,,,,,,,,54.46719884587021,55.06989490194179,55.45948557739334,55.48413436043791,55.54746264447973,53.57738614437537,55.52616497999768,"rgba(38, 166, 154, 1.0)",0.0,0.0,0.9970847235541924,55.281928887066236,-1.2455600389095092,1.0,53.945,53.94,0.0,35.79472454332198,-22.068099815228138,False,True,False,True,True,0.0,0,0.9314401622718057,0.9952332657200815,False,False,False,False,-0.21440312529473207,-0.2586152873402494,False,False,False,False,351421.0,365805.02419495414,False,False,False,False,10386.532671327002,False,False,False,False
2025-06-23 19:00:00+00:00,54.05,54.16,53.945,54.02,26578.0,,,,,,,,,,,,,,,,54.434777787970276,55.03618491271395,55.42787355849356,55.45374064249414,55.51756718956204,53.785724082234495,55.512886004644066,"rgba(38, 166, 154, 1.0)",0.0,0.0,0.9984338727213704,55.2702952228964,-1.2522564158290665,0.0,0.0,0.0,0.0,39.02412494848001,-19.380169118696994,False,False,False,True,True,0.0,0,0.9315068493150689,0.9951293759512942,False,False,False,False,-0.1993027477073252,-0.2289590175237873,False,False,False,False,324843.0,365169.9540523967,False,False,False,False,10637.56317254674,False,False,False,False
2025-06-24 14:00:00+00:00,54.96,55.185,54.88,55.08,3713.0,,,,,,,,,,55.048333333333325,,,,,,54.44123958315607,55.03624029960707,55.42669502675998,55.452550783647126,55.51626932868899,53.860206433436076,55.512306202130155,"rgba(38, 166, 154, 1.0)",0.0,0.0,0.9825110319620458,55.2756968400487,-0.19918029791268946,0.0,0.0,0.0,0.0,47.6779906019874,-11.602058881374461,True,False,False,False,True,0.0,0,0.9385709990981065,0.9876741156428507,False,False,False,False,-0.04745047428928595,-0.13820474590653664,False,False,False,False,328556.0,364602.29585003393,False,False,False,False,10530.205603980123,False,False,False,False
2025-06-24 15:00:00+00:00,55.115,55.28,55.05,55.22,4977.0,,,,,,,,,,55.12565151515151,,,,,,54.451569877856755,55.03713376138213,55.42568629777996,55.451495802842814,55.51503952703626,53.957163140407445,55.51175676000671,"rgba(38, 166, 154, 1.0)",0.0,0.0,0.9686089356750057,55.28342433061533,-0.06547981159303931,0.0,0.0,0.0,0.0,54.03630981397543,-6.068853077609077,True,False,True,False,True,0.0,0,0.9439374185136901,0.9782368869722201,False,False,False,False,-0.027236976851090212,-0.08272086137881343,False,False,False,False,333533.0,364120.601340731,False,False,False,False,10444.1093930657,False,False,False,False
2025-06-24 16:00:00+00:00,55.22,55.675,55.135,55.63,6302.0,,,,,,,,,,55.27460456688011,,,,,,54.46938345339759,55.04051394064764,55.42596987348581,55.45163654082001,55.51487640344582,54.08646506155041,55.511689742027,"rgba(38, 166, 154, 1.0)",0.0,0.0,0.9555761575049841,55.29543464171312,0.3501189891137856,0.0,0.0,0.0,0.0,59.85528069776825,-0.9556453477946434,True,False,True,False,True,2.2878735659914504,0,0.9443397162416909,0.9671594404206775,False,False,False,False,0.00933090346687876,-0.036694978955967336,False,False,False,False,339835.0,363744.08038971195,False,False,False,False,10379.890642785613,False,False,False,False
2025-06-24 17:00:00+00:00,55.62,55.84,55.56,55.75,8587.0,,,,,,,,,,55.43559473825579,,,,,,54.49814243774951,55.04747349965918,55.428023323919746,55.45340766408164,55.51614836975395,54.25551323543619,55.51227746970849,"rgba(38, 166, 154, 1.0)",0.0,0.0,0.9236909266237955,55.377714820033304,0.403040854073823,0.0,0.0,0.0,0.0,64.16068600674373,2.8999680535596326,True,False,True,False,True,3.0073135631816896,0,0.9530340404538731,0.9640848544647269,False,False,False,False,0.05432341680438558,0.008814218924209121,False,False,False,False,348422.0,363506.5287557629,False,False,False,False,10352.093888633897,False,False,False,False
2025-06-24 18:00:00+00:00,55.735,55.81,55.565,55.79,3065.0,,,,,,,,,,55.46850310263723,,,,,,54.50812979213552,55.0499413433875,55.42876183927362,55.45404601895417,55.51660972863496,54.30784354026683,55.51249154680982,"rgba(38, 166, 154, 1.0)",0.0,0.0,0.8891559009619263,55.383452286488456,0.4572288313801016,0.0,0.0,0.0,0.0,67.18105167152369,5.780859049111385,True,False,True,False,True,3.2487871589704156,0,0.9533582089552242,0.9648468185388852,False,False,False,False,0.05241377518241469,0.030613997053311907,False,False,False,False,351487.0,363320.1794727278,False,False,False,False,10239.115688810116,False,False,False,False
2025-06-24 19:00:00+00:00,55.805,55.815,55.55,55.67,19318.0,,,,,,,,,,55.556695531090895,,,,,,54.56538870863022,55.06411199725131,55.43265619657049,55.45736022104971,55.51886600243721,54.55952972846219,55.51355336957001,"rgba(38, 166, 154, 1.0)",0.0,0.0,0.8548832595077452,55.41117627531232,0.3027591449582423,0.0,0.0,0.0,0.0,67.9043882763124,6.798605910011673,True,False,True,False,True,2.4535117348441027,0,0.9533066328025791,0.964931132167628,False,False,False,False,0.051650026238319276,0.04113201164581559,False,False,False,False,332169.0,362837.21544989484,False,False,False,False,10379.873585107633,False,False,False,False
2025-06-25 14:00:00+00:00,55.4,55.4,54.76,54.815,11357.0,,,,,,,,,,55.444742551917045,,,,,54.99166666666666,54.57730824469833,55.06316412175339,55.42864748643104,55.453349527373675,55.51457709028318,54.60163923876857,55.511596309727686,"rgba(38, 166, 154, 1.0)",0.0,0.0,0.8186004866575377,55.404277040483976,-0.7198591377462772,0.0,0.0,0.0,0.0,61.50653570033873,6.798605910011673,True,False,True,False,False,0.0,0,0.9395335444860353,0.968327094730781,False,False,False,False,-0.04020052904452033,0.0004657413006476305,False,False,False,False,320812.0,362185.66172198945,False,False,False,False,10395.02283185015,False,False,False,False
2025-06-25 15:00:00+00:00,54.815,54.905,54.525,54.79,18055.0,,,,,,,,,,55.275929343451764,,,,,54.83717728591505,54.58423256289068,55.056579103094116,55.41883732939671,55.44371457265758,55.50468723348286,54.62019828681382,55.50702363313738,"rgba(38, 166, 154, 1.0)",0.0,0.0,0.7787999662214871,55.389473689526106,-0.769740261333832,0.0,0.0,0.0,0.0,57.08388024660826,6.798605910011673,True,False,True,False,False,0.0,0,0.9354930919485471,0.9779895188184856,False,False,False,False,-0.0960764159123252,-0.04780533730583879,False,False,False,False,302757.0,361264.2871216485,False,False,False,False,10513.782167790458,False,False,False,False
2025-06-25 16:00:00+00:00,54.785,54.97,54.72,54.81,11802.0,,,,,,,,,,55.216010121287205,,,,,54.836076535481475,54.59097516075445,55.053644639178444,55.413435490956964,55.43837275462869,55.499130425787406,54.63737952938766,55.5044239547033,"rgba(38, 166, 154, 1.0)",0.0,0.0,0.7240833409793986,55.38486427276797,-0.7939200368708992,0.0,0.0,0.0,0.0,54.284692194835074,15.236709158959869,True,False,True,False,False,0.0,0,0.9385948026948991,0.9846005774783453,False,False,False,False,-0.07612478579264999,-0.06196506154924439,False,False,False,False,314559.0,360540.1741430183,False,False,False,False,10533.754537282077,False,False,False,False
2025-06-25 17:00:00+00:00,54.81,54.92,54.73,54.73,12492.0,,,,,,,,,,55.163033454401955,,,,,54.826134479077446,54.59661129802674,55.050072616360296,55.4074385348701,55.43245242255212,55.49300068897531,54.64964014424438,55.501531341239335,"rgba(38, 166, 154, 1.0)",0.0,0.0,0.7244872371242715,55.37993047115641,-0.8970902975961379,0.0,0.0,0.0,0.0,51.81051615596209,12.467415714944401,True,False,False,False,False,0.0,0,0.9384838242394979,0.9845485272815071,False,False,False,False,-0.07918993867096068,-0.07057750011010253,False,False,False,False,302067.0,359633.6133035917,False,False,False,False,10564.114932052897,False,False,False,False
2025-06-25 18:00:00+00:00,54.735,54.835,54.57,54.605,12818.0,,,,,,,,,,55.10685132668362,,,,,54.79605012226164,54.59865040777295,55.0447954139329,55.40019261785506,55.42533881496105,55.48573130873647,54.65115994525813,55.498074946071675,"rgba(38, 166, 154, 1.0)",0.0,0.0,0.7254796984009937,55.37284187254446,-1.058391949818639,0.0,0.0,0.0,0.0,49.19584331819955,9.499059039307632,True,False,False,True,False,0.0,0,0.929695799130855,0.9899565427329798,False,False,False,False,-0.09799861573792455,-0.08428805792401353,False,False,False,False,289249.0,358542.3789888073,False,False,False,False,10599.058886594712,False,False,False,False
2025-06-25 19:00:00+00:00,54.6,54.785,54.42,54.465,36627.0,,,,,,,,,,54.97170808939082,,,,,54.71104951317325,54.59556229424138,55.026167896089476,55.377155853955514,55.40278149280145,55.462859583160004,54.63454781081107,55.48702459915565,"rgba(38, 166, 154, 1.0)",0.0,0.0,0.7222830420216149,55.322929488419106,-1.187802341333979,0.0,0.0,0.0,0.0,46.394117406057795,6.339019433296222,False,False,False,True,False,0.0,0,0.9254234026173983,0.990954580446498,False,False,False,False,-0.11340344515230813,-0.09884575153816083,False,False,False,False,252622.0,356900.2025703762,False,False,False,False,11002.59285734518,False,False,False,False
2025-06-26 14:00:00+00:00,54.595,54.785,54.51,54.665,16133.0,,,,,,,,,,54.94062509833824,,,,,54.70324347775058,54.59737525619854,55.020004624634424,55.368552340233876,55.39430633459087,55.45417570289539,54.63589792478747,55.48273637667739,"rgba(38, 166, 154, 1.0)",0.0,0.0,0.7158537899933578,55.317981100269684,-0.9121710458161343,0.0,0.0,0.0,0.0,46.579164861533656,5.915454789153557,False,False,False,True,False,0.0,0,0.9249231950844857,0.9920314900153618,False,False,False,False,-0.10528288200218593,-0.10206431677017339,False,False,False,False,268755.0,355533.6102824634,False,False,False,False,11082.134053355332,False,False,False,False
2025-06-26 15:00:00+00:00,54.675,54.775,54.49,54.69,12709.0,,,,,,,,,,54.9199885738904,,,,,54.698277383396594,54.598685041268354,55.01526963754323,55.36190202397333,55.387748977360566,55.44745097819437,54.636742859271,55.47938248095092,"rgba(38, 166, 154, 1.0)",0.0,0.0,0.7141468923008697,55.31377463713214,-0.8734542484984275,0.0,0.0,0.0,0.0,46.95745795090525,5.56861384660165,False,False,False,True,False,0.0,0,0.9252157238734423,0.991946308724833,False,False,False,False,-0.10482739707044186,-0.10344585692030762,False,False,False,False,281464.0,354385.2442315725,False,False,False,False,11107.356781210286,False,False,False,False
2025-06-26 16:00:00+00:00,54.69,54.74,54.575,54.7,9138.0,,,,,,,,,,54.907860030394865,,,,,54.69655438327983,54.59992942227962,55.012122807632956,55.35732859219041,55.38323140732274,55.44280479287386,54.63803845508453,55.47704551655075,"rgba(38, 166, 154, 1.0)",0.0,0.0,0.7146823965420824,55.31107975548819,-0.8550368085807499,0.0,0.0,0.0,0.0,47.321988472035045,5.161065403585532,False,False,False,True,False,0.0,0,0.9376461418550275,0.9922057677318792,False,False,False,False,-0.10091072279478916,-0.1021782898575484,False,False,False,False,290602.0,353396.35672410624,False,False,False,False,11076.824117935708,False,False,False,False
2025-06-26 17:00:00+00:00,54.72,54.925,54.605,54.835,12783.0,,,,,,,,,,54.90021574209343,,,,,54.70417688882536,54.60431851027033,55.00929200851408,55.35210308548313,55.3780272522011,55.437367226795025,54.6454532847044,55.47426926573225,"rgba(38, 166, 154, 1.0)",0.0,0.0,0.7148357084598507,55.30992025389774,-0.664376790746751,0.0,0.0,0.0,0.0,49.10896437714094,5.161065403585532,True,False,False,False,False,0.0,0,0.938206627680312,0.9871345029239774,False,False,False,False,-0.08410261302632292,-0.09314045144193567,False,False,False,False,303385.0,352620.9868524147,False,False,False,False,11103.276457192518,False,False,False,False
2025-06-26 18:00:00+00:00,54.84,55.145,54.73,54.99,15524.0,,,,,,,,,,54.90416407458991,,,,,54.72715743615167,54.613966833321236,55.00847060726821,55.34772305628186,55.37358035228996,55.43254883104908,54.662951084311324,55.47173959776204,"rgba(38, 166, 154, 1.0)",0.0,0.0,0.7147989574340159,55.3123129342285,-0.4509141079129964,0.0,0.0,0.0,0.0,51.92915139845873,5.161065403585532,True,False,True,False,True,0.0,0,0.9407587548638133,0.9823929961089501,False,False,False,False,-0.0572262221409228,-0.07518333679142923,False,False,False,False,318909.0,352098.32038958656,False,False,False,False,11171.814806693408,False,False,False,False
2025-06-26 19:00:00+00:00,54.99,55.355,54.775,55.275,39197.0,,,,,,,,,,54.93970288992669,,,,,54.8037802701688,54.64781113386961,55.013126241452994,55.34195927059334,55.36741161836877,55.425228776137395,54.72191019333431,55.4676478875495,"rgba(38, 166, 154, 1.0)",0.0,0.0,0.7153544449999514,55.324965021421896,-0.06984652401495989,0.0,0.0,0.0,0.0,56.298860597333395,-0.405480810928907,True,False,True,False,True,0.6365638194777397,0,0.9405452436194898,0.978828306264502,False,False,False,False,-0.037416165759007296,-0.05629975127521826,False,False,False,False,358106.0,352191.46270912787,False,False,False,False,11606.313801938471,False,False,False,False
2025-06-27 14:00:00+00:00,55.085,55.585,55.07,55.455,16175.0,,,,,,,,,,54.96540737840939,,,,,54.84451957949676,54.66666387729116,55.01846387611552,55.342269330121255,55.36743894410551,55.42467373358056,54.75367631714247,55.46716070380203,"rgba(38, 166, 154, 1.0)",0.0,0.0,0.7174341166343555,55.33369549804964,0.16908103355806664,0.0,0.0,0.0,0.0,60.507515870088554,3.712432997326175,True,False,True,False,True,1.8505537021730092,0,0.9522016222479724,0.9722865971417544,False,False,False,False,0.003294190816697348,-0.026502780229260454,False,False,False,False,374281.0,352533.93615549797,False,False,False,False,11677.146146094465,False,False,False,False
2025-06-27 15:00:00+00:00,55.46,55.9,55.44,55.75,17719.0,,,,,,,,,,55.010321026768025,,,,,54.90677685280249,54.69529984633859,55.029396659746354,55.34651075863997,55.37120287095604,55.427635551081615,54.80172890544116,55.46840823577663,"rgba(38, 166, 154, 1.0)",0.0,0.0,0.7207587968540166,55.34935471660866,0.5558659639536646,0.0,0.0,0.0,0.0,65.07523038931262,8.037104842258287,True,False,True,False,True,3.7945362966491274,0,0.9621913580246915,0.9623842592592601,False,False,False,False,0.056448597148257104,0.014972908459498325,False,False,False,False,392000.0,353145.81311432744,False,False,False,False,11770.818298868195,False,False,False,False
2025-06-27 16:00:00+00:00,55.745,56.17,55.7,55.97,15380.0,,,,,,,,,,55.05771283428385,,,,,54.96878905608826,54.72478608482761,55.04205424482172,55.352681177779516,55.3768573351895,55.43249543145068,54.85022558064813,55.47065415023843,"rgba(38, 166, 154, 1.0)",0.0,0.0,0.7251776731649036,55.40110774439976,0.7844867218779844,0.0,0.0,0.0,0.0,69.1939577854911,11.86993720915423,True,False,True,False,True,5.206013675254859,0,0.9754169478453679,0.9497734503036738,False,False,False,False,0.09777959350739844,0.05637625098344838,False,False,False,False,407380.0,353986.65322108206,False,False,False,False,11826.774604312099,False,False,False,False
2025-06-27 17:00:00+00:00,55.97,55.975,55.215,55.365,12014.0,,,,,,,,,,55.075231534682985,,,,,54.99324871660931,54.739128350127224,55.04713338487613,55.35400096821791,55.37793495813313,55.43311870348156,54.871623466466204,55.470828411349345,"rgba(38, 166, 154, 1.0)",0.0,0.0,0.710965413940106,55.397774081559064,-0.04609799705646803,0.0,0.0,0.0,0.0,64.74662024496044,11.86993720915423,True,False,True,False,False,0.9796717103024761,0,0.9678780324096272,0.9534950618467741,False,False,False,False,0.04479210751655473,0.050584179250001554,False,False,False,False,395366.0,354628.1934812203,False,False,False,False,11829.67732362509,False,False,False,False
2025-06-27 18:00:00+00:00,55.36,55.4,54.72,54.87,17791.0,,,,,,,,,,55.07104259820905,,,,,54.99346006798418,54.7458415370362,55.046348796958085,55.349834180585816,55.37368234180873,55.42847565778671,54.877285505826265,55.46827590571692,"rgba(38, 166, 154, 1.0)",0.0,0.0,0.6975444575577083,55.380615252251026,-0.7320182200842518,0.0,0.0,0.0,0.0,57.98094989336608,16.22416988139355,True,False,True,False,False,0.0,0,0.9577733295205415,0.9636831569917079,False,False,False,False,-0.038192376815363596,0.006195901217318979,False,False,False,False,377575.0,354983.95792337187,False,False,False,False,11922.100931010747,False,False,False,False
2025-06-27 19:00:00+00:00,54.855,55.13,54.82,55.01,83827.0,,,,,,,,,,55.054101447574425,,,,,54.99192734224936,54.77218433888697,55.04227534420571,55.33091996506669,55.354358517399625,55.40738725154973,54.896518732397524,55.45636237863361,"rgba(38, 166, 154, 1.0)",0.0,0.0,0.6788191920494762,55.35453133077954,-0.5075450647459411,0.0,0.0,0.0,0.0,54.59994615424923,13.225588060315431,True,False,True,False,False,0.0,0,0.9579479355392391,0.9699628110994573,False,False,False,False,-0.05139577102829685,-0.022599934905488936,False,False,False,False,461402.0,356633.85004859086,False,False,False,False,13036.905567739263,False,False,False,False
2025-06-30 14:00:00+00:00,55.185,55.185,54.69,54.815,12787.0,,,,,,,,,,55.04942293182117,,,,,54.98875791858344,54.774227327197444,55.0407749955613,55.32749723545765,55.35089890675821,55.40369554943784,54.89652259667143,55.45425837447168,"rgba(239, 83, 80, 1.0)",0.0,0.0,0.6551314976998803,55.350717514225416,-0.8177251683154962,0.0,0.0,0.0,0.0,50.954820622689816,9.844699433214089,False,False,False,False,False,0.0,0,0.9562908884042856,0.9659618848961798,False,False,False,False,-0.0572262221409228,-0.03991307852320587,False,False,False,False,448615.0,358059.91438892274,False,False,False,False,13033.031062813072,False,False,False,False
2025-06-30 15:00:00+00:00,54.815,55.15,54.64,55.05,7710.0,,,,,,,,,,55.04761414003044,,,,,54.987930132623205,54.775917004409614,55.04019392503219,55.325695927707294,55.34906492147707,55.40171226993868,54.897300127305535,55.453110454594224,"rgba(239, 83, 80, 1.0)",0.0,0.0,0.6435718178135943,55.34902158845637,-0.46462815831842247,0.0,0.0,0.0,0.0,50.51088262781891,9.258671704262468,False,False,False,False,False,0.0,0,0.9566078671823414,0.9666069238751068,False,False,False,False,-0.06383878978957461,-0.05187593415639024,False,False,False,False,456325.0,359583.4040883193,False,False,False,False,12950.503449436124,False,False,False,False
2025-06-30 16:00:00+00:00,55.05,55.18,54.925,55.1,7823.0,,,,,,,,,,55.04797770639917,,,,,54.989503164849786,54.7787956712942,55.04036912028822,55.324466674970175,55.34777850834419,55.40025080184829,54.89994934514994,55.45222954804335,"rgba(239, 83, 80, 1.0)",0.0,0.0,0.6343841235524627,55.34852177918556,-0.39175283548061013,0.0,0.0,0.0,0.0,50.629551752840115,8.948358748916391,False,False,False,False,False,0.0,0,0.9683628740232515,0.9614065180102924,False,False,False,False,-0.03935677994815149,-0.045616357052270864,False,False,False,False,464148.0,361204.56061408174,False,False,False,False,12871.007271925486,False,False,False,False
2025-06-30 17:00:00+00:00,55.105,55.19,54.755,54.825,6562.0,,,,,,,,,,55.04616969690271,,,,,54.988434803968616,54.7799794273609,55.039761087781756,55.322865971388175,55.346153305507606,55.39850351881683,54.900249269957435,55.45121582166024,"rgba(239, 83, 80, 1.0)",0.0,0.0,0.6217915991648676,55.34696151985311,-0.8394476872221454,0.0,0.0,0.0,0.0,48.46152186878648,6.389831041990007,False,True,False,True,False,0.0,0,0.9636589088134301,0.965375810759253,False,False,False,False,-0.05178435480077524,-0.04870035592652305,False,False,False,False,457586.0,362698.84649603395,False,False,False,False,12773.193205694082,False,False,False,False
2025-06-30 18:00:00+00:00,54.84,54.94,54.765,54.89,8025.0,,,,,,,,,,55.04301188795493,,,,,54.98604472294072,54.78082254043142,55.03865774340328,55.32064237949711,55.343910718289045,55.396123805659485,54.899704900902364,55.44984494039012,"rgba(239, 83, 80, 1.0)",0.0,0.0,0.6118740007485234,55.3445571039277,-0.7428933136097053,0.0,0.0,0.0,0.0,47.65018584652964,5.092577648392158,False,True,False,True,False,0.0,0,0.9678348535765723,0.9663946231397031,False,False,False,False,-0.07045693748894839,-0.05957864670773572,False,False,False,False,465611.0,364294.38375966134,False,False,False,False,12699.577807156189,False,False,False,False
2025-06-30 19:00:00+00:00,54.88,55.34,54.825,55.305,32480.0,,,,,,,,,,55.05050140328808,,,,,54.998444484719386,54.795325293947826,55.041598060567196,55.31748145818125,55.340443919755245,55.391877458019195,54.91482142134818,55.44709607246996,"rgba(239, 83, 80, 1.0)",0.0,0.0,0.5993354202324085,55.3458273909513,-0.06812110476545508,0.0,0.0,0.0,0.0,50.64396300803159,5.092577648392158,False,False,False,False,False,0.8085646232207715,0,0.9668645853284812,0.9584370810189625,False,False,False,False,-0.03469977577223922,-0.047139211239987475,False,False,False,False,498091.0,366368.7499029224,False,False,False,False,13006.25101944834,False,False,False,False
2025-07-01 14:00:00+00:00,55.075,55.15,54.36,54.45,5715.0,,,,,,,,,,55.04594907124209,,,,,54.99408716508743,54.79436772962524,55.039903302701006,55.31523639399953,55.33821273828147,55.38958019127656,54.91214248025996,55.445788706674406,"rgba(239, 83, 80, 1.0)",0.0,0.0,0.5839593269181582,55.34290734808792,-1.5290574307635942,0.0,0.0,0.0,0.0,46.73331198401945,3.7741850984765932,False,True,False,True,False,0.0,0,0.9520106221547799,0.9640553869499249,False,False,False,False,-0.08566401517676607,-0.06640161320837677,False,False,False,False,492376.0,368322.3506796213,False,False,False,False,12893.208367984023,False,False,False,False
2025-07-01 15:00:00+00:00,54.45,54.65,54.225,54.58,9773.0,,,,,,,,,,55.03516545103577,,,,,54.983327786379945,54.7908406836526,55.035792004184785,55.310464684761826,55.333501095820864,55.38479400346567,54.904787984174504,55.44309019395624,"rgba(239, 83, 80, 1.0)",0.0,0.0,0.569032108531456,55.29160618290725,-1.2505554119674356,0.0,0.0,0.0,0.0,45.16067354065151,2.018158862020556,False,True,False,True,False,0.0,0,0.9438921812272988,0.9861403173389417,False,False,False,False,-0.1354972858473723,-0.10094944952787455,False,False,False,False,502149.0,370397.1824520302,False,False,False,False,12844.833044449388,False,False,False,False
2025-07-01 16:00:00+00:00,54.58,55.195,54.58,55.02,10431.0,,,,,,,,,,55.03308453913996,,,,,54.98218814260568,54.79253371175013,55.03497505445673,55.30815516350849,55.331146545630574,55.382249428311454,54.905273024149515,55.44156165900724,"rgba(239, 83, 80, 1.0)",0.0,0.0,0.547896674351087,55.30122559582031,-0.5132821734196235,0.0,0.0,0.0,0.0,47.24505363125999,2.018158862020556,False,True,False,True,False,0.0,0,0.967938194109126,0.97344278126509,False,False,False,False,-0.06500627603217524,-0.08297786278002489,False,False,False,False,512580.0,372601.5672202158,False,False,False,False,12807.409276318389,False,False,False,False
2025-07-01 17:00:00+00:00,55.025,55.235,54.94,55.195,5168.0,,,,,,,,,,55.03397466555465,,,,,54.98371411636316,54.79449239322134,55.035317189694695,55.307598549431624,55.33054499586358,55.381531065235706,54.907205335678995,55.44109112887187,"rgba(239, 83, 80, 1.0)",0.0,0.0,0.5493290994100664,55.30544485719197,-0.20105408089718968,0.0,0.0,0.0,0.0,49.7297675978416,2.018158862020556,False,False,False,False,True,0.25150147248249155,0,0.9646367315475042,0.9739834264790912,False,False,False,False,-0.0339237601071858,-0.058450811443605345,False,False,False,False,517748.0,374851.89951137523,False,False,False,False,12688.968822421979,False,False,False,False
2025-07-01 18:00:00+00:00,55.2,55.34,55.06,55.25,4844.0,,,,,,,,,,55.035648124160474,,,,,54.98605107633216,54.7968224612664,55.03597299530873,55.307342588002946,55.33023685847611,55.38110343783731,54.90975449083128,55.44078053065198,"rgba(239, 83, 80, 1.0)",0.0,0.0,0.5493290994100664,55.30930027957161,-0.1079503700701318,0.0,0.0,0.0,0.0,51.73883662808429,2.018158862020556,False,False,True,False,True,0.5952634379223269,1,0.967741935483871,0.9724602792489174,False,False,False,False,-0.01647243073077677,-0.03746162108719106,False,False,False,False,522592.0,377142.4437049973,False,False,False,False,12567.341398818537,False,False,False,False
2025-07-01 19:00:00+00:00,55.25,55.25,54.925,54.94,11138.0,,,,,,,,,,55.035703513291445,,,,,54.987229868467494,54.799848955520545,55.03599245965758,55.305612664903386,55.32843196296082,55.379071257742915,54.91214457732799,55.43950391276818,"rgba(239, 83, 80, 1.0)",0.0,0.0,0.5464864265593702,55.31078652947806,-0.6784917455544125,0.0,0.0,0.0,0.0,50.68129560077371,2.018158862020556,False,False,False,False,True,0.0,1,0.9625504129057039,0.9757057806798547,False,False,False,False,-0.0339237601071858,-0.03569269059718843,False,False,False,False,511454.0,379224.79341499734,False,False,False,False,12545.181067053907,False,False,False,False
2025-07-02 14:00:00+00:00,54.66,54.855,54.52,54.82,13240.0,,,,,,,,,,55.02842684097404,,,,54.73166666666666,54.98055910747836,54.79884818670272,55.03303819991798,55.30125850766953,55.32407768026491,55.374540552464325,54.908242849227456,55.43684483129265,"rgba(239, 83, 80, 1.0)",0.0,0.0,0.5457188250695147,55.303728006005805,-0.8864052031633446,0.0,0.0,0.0,0.0,49.11541343253584,2.018158862020556,False,True,False,False,True,0.0,1,0.9534950618467735,0.9872470994342707,False,False,False,False,-0.09621477252762577,-0.0659537315624071,False,False,False,False,498214.0,381069.58731554,False,False,False,False,12555.953453611211,False,False,False,False
2025-07-02 15:00:00+00:00,54.835,55.055,54.71,54.85,15337.0,,,,,,,,,,55.02419803084882,,,,54.80680331502025,54.97736322830196,54.80006558917434,55.03124374376008,55.29751618125734,55.32028589808327,55.37049670220852,54.907349252241424,55.43439604854243,"rgba(239, 83, 80, 1.0)",0.0,0.0,0.5457237776024213,55.300332219568624,-0.8252017560002763,0.0,0.0,0.0,0.0,48.336809742668414,2.018158862020556,False,True,False,False,False,0.0,1,0.9525948580712988,0.9848991684985193,False,False,False,False,-0.0657846983215345,-0.06586921494197079,False,False,False,False,513551.0,383123.56270599674,False,False,False,False,12599.070454330416,False,False,False,False
2025-07-02 16:00:00+00:00,54.845,54.875,54.685,54.79,8074.0,,,,,,,,,,55.02082531520438,,,,54.80163301592499,54.974410993728426,54.79991961036654,55.029800917419514,55.295168903777835,55.317927145074385,55.36802151174834,54.90577447540442,55.43291439533672,"rgba(239, 83, 80, 1.0)",0.0,0.0,0.5453209898593647,55.29747280283675,-0.9305946630948978,0.0,0.0,0.0,0.0,47.31734353296299,2.018158862020556,False,True,False,True,False,0.0,1,0.9500963391136801,0.9984585741811182,False,False,False,False,-0.08176127426631269,-0.07381524460414174,False,False,False,False,505477.0,385020.51522218285,False,False,False,False,12528.914323255525,False,False,False,False
2025-07-02 17:00:00+00:00,54.81,55.055,54.795,54.98,6679.0,,,,,,,,,,55.019937986715554,,,,54.823475075005774,54.97402469694122,54.80094721408672,55.029386622629566,55.2938452562877,55.31657084890754,55.366545700833896,54.90616490121678,55.43199446649299,"rgba(239, 83, 80, 1.0)",0.0,0.0,0.5342886995002145,55.296805630573715,-0.5929484019970198,0.0,0.0,0.0,0.0,48.50907361657495,2.018158862020556,False,True,False,False,False,0.0,1,0.9436470474906078,0.9999036701666512,False,False,False,False,-0.059170550298261945,-0.06649289745120185,False,False,False,False,512156.0,386991.6080094358,False,False,False,False,12438.21797715854,False,False,False,False
2025-07-02 18:00:00+00:00,54.98,55.235,54.92,55.215,8650.0,,,,,,,,,,55.02144890211097,,,,54.8733745350776,54.976390217292426,54.80391139267415,55.02996599236004,55.293018493117536,55.31566894906335,55.3654560165486,54.90904972807838,55.43124515799615,"rgba(239, 83, 80, 1.0)",0.0,0.0,0.5308209433256098,55.29811214760163,-0.1565728493697419,0.0,0.0,0.0,0.0,51.3484189863537,2.018158862020556,False,True,False,False,True,0.5547038991081692,1,0.9468218097894027,0.9950956822771425,False,False,False,False,-0.03547583321521718,-0.05098436533320952,False,False,False,False,520806.0,389066.2497457236,False,False,False,False,12379.485915497165,False,False,False,False
2025-07-02 19:00:00+00:00,55.215,55.5,55.21,55.5,20435.0,,,,,,,,,,55.03419243523293,,,,55.0229251536284,54.99179346188522,54.81665483441962,55.03532750645732,55.29426780938298,55.316625011340896,55.36585273290507,54.92408939507418,55.431085995079805,"rgba(239, 83, 80, 1.0)",0.0,0.0,0.5323683020318033,55.3078704775926,0.36089587166277415,0.0,0.0,0.0,0.0,55.32720599023805,0.33262297189272516,False,False,True,False,True,2.392109332164413,0,0.9519746932515337,0.9886886503067489,False,False,False,False,0.007557387854408406,-0.021713488739400558,False,False,False,False,541241.0,391425.54819927824,False,False,False,False,12504.377606729768,False,False,False,False
2025-07-03 14:00:00+00:00,56.14,56.605,56.14,56.535,9176.0,,,,,,,,,56.42666666666666,55.05474966079424,,,,55.18079467506629,55.01466815094593,54.83187907760891,55.04424148377677,55.29999726968792,55.3220345400368,55.370818440675095,54.9443421482351,55.433628713504184,"rgba(38, 166, 154, 1.0)",0.0,0.0,0.5663147423355693,55.32347285023944,2.139317695958314,0.0,0.0,0.0,0.0,62.54482000519157,6.94121191899994,True,False,True,False,True,8.476437718321247,0,0.961694499481083,0.9793376733654124,False,False,False,False,0.1668211216744115,0.07255381646750547,False,False,False,False,550417.0,393890.5319481266,False,False,False,False,12452.774853137058,False,False,False,False
2025-07-03 15:00:00+00:00,56.535,56.735,56.415,56.52,14374.0,,,,,,,,,56.506013588110406,55.08869798644701,,,,55.386877976345545,55.052237836222226,54.85705472540825,55.05926943502204,55.309878955493645,55.33138814894851,55.37945065744164,54.97768092779576,55.43810385144885,"rgba(38, 166, 154, 1.0)",0.0,0.0,0.598692832851139,55.34814672260653,1.9573531084592883,0.0,0.0,0.0,0.0,67.20144850600364,10.96654584975684,True,False,True,False,True,8.373118834145554,0,0.9672641509433961,0.9773584905660382,False,False,False,False,0.19927900333290857,0.13591640990020704,False,False,False,False,536043.0,396094.446181489,False,False,False,False,12482.56128952253,False,False,False,False
2025-07-03 16:00:00+00:00,56.55,56.84,56.475,56.835,22834.0,,,,,,,,,56.60971426928826,55.14512695860998,,,,55.64247267794061,55.11425777093845,54.89919686634596,55.085024062372746,55.32723503141167,55.3478617126027,55.39473708166414,55.032985550806174,55.44614647830648,"rgba(38, 166, 154, 1.0)",0.0,0.0,0.6426161548869855,55.387196210957896,2.252983803833448,0.0,0.0,0.0,0.0,71.28415417929823,14.486348537136521,True,False,True,False,True,10.094552017426707,0,0.9723114723114723,0.9740124740124746,False,False,False,False,0.21261853714258647,0.17426747352139677,False,False,False,False,558877.0,398618.206705807,False,False,False,False,12643.048711390398,False,False,False,False
2025-07-03 17:00:00+00:00,56.835,56.88,56.835,56.88,0.0,,,,,,,,,56.60971426928826,55.14512695860998,,,,55.64247267794061,55.11425777093845,54.89919686634596,55.085024062372746,55.32723503141167,55.3478617126027,55.39473708166414,55.032985550806174,55.44614647830648,"rgba(38, 166, 154, 1.0)",0.0,0.0,0.681123720422165,55.387196210957896,2.1916778762555165,0.0,0.0,0.0,0.0,74.14082622544547,16.969007693369974,True,False,True,False,True,10.338089103429567,0,0.9767706456812362,0.9709870105243202,False,False,False,False,0.24527886170042573,0.20977316761091125,False,False,False,False,558877.0,401102.83915998053,False,False,False,False,12447.032452299074,False,False,False,False
2025-07-03 18:00:00+00:00,56.88,56.88,56.88,56.88,0.0,,,,,,,,,56.60971426928826,55.14512695860998,,,,55.64247267794061,55.11425777093845,54.89919686634596,55.085024062372746,55.32723503141167,55.3478617126027,55.39473708166414,55.032985550806174,55.44614647830648,"rgba(38, 166, 154, 1.0)",0.0,0.0,0.7150166192229186,55.387196210957896,2.087788939317926,0.0,0.0,0.0,0.0,76.04527425621029,18.730515412796507,True,False,True,False,True,10.338089103429567,0,0.9783479587943532,0.9717665013353687,False,False,False,False,0.24898422354865707,0.22937869557978416,False,False,False,False,558877.0,403548.95018075604,False,False,False,False,12254.055204976608,False,False,False,False
2025-07-03 19:00:00+00:00,56.88,56.88,56.88,56.88,0.0,,,,,,,,,56.60971426928826,55.14512695860998,,,,55.64247267794061,55.11425777093845,54.89919686634596,55.085024062372746,55.32723503141167,55.3478617126027,55.39473708166414,55.032985550806174,55.44614647830648,"rgba(38, 166, 154, 1.0)",0.0,0.0,0.7432444579837295,55.387196210957896,2.008496360795987,0.0,0.0,0.0,0.0,77.31490627672018,20.07429278573545,True,False,True,False,True,10.338089103429567,0,0.9737723748444529,0.9736766535847617,False,False,False,False,0.24898422354865707,0.2391814595642206,False,False,False,False,558877.0,405957.13699965907,False,False,False,False,12064.069852961467,False,False,False,False
2025-07-04 14:00:00+00:00,56.88,56.88,56.88,56.88,0.0,,,,,,,,,56.60971426928826,55.14512695860998,,,,55.64247267794061,55.11425777093845,54.89919686634596,55.085024062372746,55.32723503141167,55.3478617126027,55.39473708166414,55.032985550806174,55.44614647830648,"rgba(38, 166, 154, 1.0)",0.0,0.0,0.7653317128081334,55.387196210957896,1.9505317289999042,0.0,0.0,0.0,0.0,78.16132762372678,21.17314956323537,True,False,True,False,True,10.338089103429567,0,0.9744279946164198,0.9735627763891564,False,False,False,False,0.24898422354865707,0.24408284155643883,False,False,False,False,558877.0,408327.98758881167,False,False,False,False,11877.030010279894,False,False,False,False
2025-07-04 15:00:00+00:00,56.88,56.88,56.88,56.88,0.0,,,,,,,,,56.60971426928826,55.14512695860998,,,,55.64247267794061,55.11425777093845,54.89919686634596,55.085024062372746,55.32723503141167,55.3478617126027,55.39473708166414,55.032985550806174,55.44614647830648,"rgba(38, 166, 154, 1.0)",0.0,0.0,0.7848275302583682,55.387196210957896,1.902078777168622,0.0,0.0,0.0,0.0,78.72560852173117,22.12208816937472,True,False,True,False,True,10.338089103429567,0,0.9748288166650592,0.971839135885814,False,False,False,False,0.24898422354865707,0.24653353255254795,False,False,False,False,558877.0,410662.08080448903,False,False,False,False,11692.890010120514,False,False,False,False
2025-07-04 16:00:00+00:00,56.88,56.88,56.88,56.88,0.0,,,,,,,,,56.60971426928826,55.14512695860998,,,,55.64247267794061,55.11425777093845,54.89919686634596,55.085024062372746,55.32723503141167,55.3478617126027,55.39473708166414,55.032985550806174,55.44614647830648,"rgba(38, 166, 154, 1.0)",0.0,0.0,0.8041950650817857,55.387196210957896,1.8562707654644588,0.0,0.0,0.0,0.0,79.10179578706743,22.970978455477976,True,False,True,False,True,10.338089103429567,0,0.9767600155581484,0.9745235316997283,False,False,False,False,0.24898422354865707,0.2477588780506025,False,False,False,False,558877.0,412959.98652845045,False,False,False,False,11511.604893684536,False,False,False,False
2025-07-04 17:00:00+00:00,56.88,56.88,56.88,56.88,0.0,,,,,,,,,56.60971426928826,55.14512695860998,,,,55.64247267794061,55.11425777093845,54.89919686634596,55.085024062372746,55.32723503141167,55.3478617126027,55.39473708166414,55.032985550806174,55.44614647830648,"rgba(38, 166, 154, 1.0)",0.0,0.0,0.8310416615564086,55.387196210957896,1.7963043949521413,0.0,0.0,0.0,0.0,79.3525872972916,23.744453441234185,True,False,True,False,True,10.338089103429567,0,0.9711191335740071,0.9751195238559864,False,False,False,False,0.24898422354865707,0.2483715507996298,False,False,False,False,558877.0,415222.26580707915,False,False,False,False,11333.130399208807,False,False,False,False
2025-07-04 18:00:00+00:00,56.88,56.88,56.88,56.88,0.0,,,,,,,,,56.60971426928826,55.14512695860998,,,,55.64247267794061,55.11425777093845,54.89919686634596,55.085024062372746,55.32723503141167,55.3478617126027,55.39473708166414,55.032985550806174,55.44614647830648,"rgba(38, 166, 154, 1.0)",0.0,0.0,0.8561212709831602,55.387196210957896,1.7436826295973085,0.0,0.0,0.0,0.0,79.51978163744106,24.45377112595149,True,False,True,False,True,10.338089103429567,0,0.9768198855790096,0.9763266916551593,False,False,False,False,0.24898422354865707,0.24867788717414344,False,False,False,False,558877.0,417449.4709883648,False,False,False,False,11157.422951159058,False,False,False,False
2025-07-04 19:00:00+00:00,56.88,56.88,56.88,56.88,0.0,,,,,,,,,56.60971426928826,55.14512695860998,,,,55.64247267794061,55.11425777093845,54.89919686634596,55.085024062372746,55.32723503141167,55.3478617126027,55.39473708166414,55.032985550806174,55.44614647830648,"rgba(38, 166, 154, 1.0)",0.0,0.0,0.8787661702530262,55.387196210957896,1.6987497238455123,0.0,0.0,0.0,0.0,79.63124453087403,25.10368709102417,True,False,True,False,True,10.338089103429567,0,0.9764108689160943,0.9743206927441033,False,False,False,False,0.24898422354865707,0.24883105536140027,False,False,False,False,558877.0,419642.14585676225,False,False,False,False,10984.4396495907,False,False,False,False
2025-07-07 14:00:00+00:00,56.955,56.965,56.3,56.31,9724.0,,,,,,,,,56.59503255626055,55.16519913026827,,,,55.70924435055722,55.13629410300071,54.91473697472024,55.09449040869117,55.33349513828197,55.35379297423265,55.400212756823585,55.05292251548578,55.449028780144246,"rgba(239, 83, 80, 1.0)",0.0,0.0,0.8869392251943623,55.45418396992668,0.9649094388465891,0.0,0.0,0.0,0.0,68.56441501612615,23.672943144007377,True,False,True,False,False,5.7357611932938966,0,0.9625752937691319,0.9716599190283406,False,False,False,False,0.20856858496796726,0.22869982016468376,False,False,False,False,549153.0,421650.06607603724,False,False,False,False,10964.897949597045,False,False,False,False
2025-07-07 15:00:00+00:00,56.34,56.34,55.755,55.87,3796.0,,,,,,,,,56.55658720619659,55.169846935841015,,,,55.717250923903585,55.14145817500005,54.91872805879301,55.09677841126841,55.33482847615052,55.355038654795536,55.40132291601401,55.057776630982346,55.44959065501563,"rgba(239, 83, 80, 1.0)",0.0,0.0,0.8865958787697116,55.44939305965287,0.4744066044281465,0.0,0.0,0.0,0.0,57.06063080366287,13.487017468015253,False,True,True,False,False,2.4458473448364337,0,0.9579840220929086,0.983035802347372,False,False,False,False,0.11541877416026619,0.17205929716247498,False,False,False,False,545357.0,423568.0030360987,False,False,False,False,10853.75224495213,False,False,False,False
2025-07-07 16:00:00+00:00,55.87,55.925,55.28,55.355,6895.0,,,,,,,,,56.44959056273298,55.173401708155836,,,,55.70748146738115,55.145580096260694,54.9227608540999,55.09873706030544,55.33551079166294,55.35562478195604,55.40172843137305,55.06209274893622,55.449723646186676,"rgba(239, 83, 80, 1.0)",0.0,0.0,0.8841881806142415,55.4364287034591,-0.09209431345546272,0.0,0.0,0.0,0.0,46.44218987298217,4.516794627170071,False,True,False,True,False,0.0,0,0.9399107585523052,0.9987109568666341,False,False,False,False,0.04595715714206686,0.10900822715227092,False,False,False,False,538462.0,425349.3053146088,False,False,False,False,10792.376241154423,False,False,False,False
2025-07-07 17:00:00+00:00,55.355,55.55,55.305,55.495,4773.0,,,,,,,,,56.382929777007774,55.175331982836845,,,,55.698946259037264,55.14785757688803,54.92519747698863,55.09985879253747,55.33580208221169,55.355856338950574,55.401842341665336,55.064584061627485,55.44972400705407,"rgba(239, 83, 80, 1.0)",0.0,0.0,0.8821282005249265,55.43105155485521,0.07249336899867252,0.0,0.0,0.0,0.0,41.19847007147946,0.52932219314485,False,True,False,True,False,0.0,0,0.9422866792490313,1.0052647263335655,False,False,False,False,0.018798447762629844,0.06390333745745039,False,False,False,False,543235.0,427176.99050352955,False,False,False,False,10699.052578500865,False,False,False,False
2025-07-07 18:00:00+00:00,55.49,55.61,55.18,55.475,6200.0,,,,,,,,,56.30629768211353,55.177544956671,,,,55.687499639338505,55.150492874189155,54.92816008284992,55.10118819348987,55.336084923771246,55.35606541885428,55.401902923303865,55.06753840644983,55.449676496191955,"rgba(239, 83, 80, 1.0)",0.0,0.0,0.8798194839417379,55.42633248967169,0.05531533594854728,0.0,0.0,0.0,0.0,37.58296533279717,-2.2938678413502345,False,True,False,True,False,0.0,0,0.9381494309747649,1.0040573973280558,False,False,False,False,0.01375893407381861,0.038831135765634496,False,False,False,False,537035.0,428880.21545696317,False,False,False,False,10629.299825345812,False,False,False,False
2025-07-07 19:00:00+00:00,55.475,55.61,55.3,55.54,12767.0,,,,,,,,,56.19025061023427,55.183098987119784,,,,55.671503767934496,55.1569612015711,54.93489920329912,55.10441153321,55.337076990827725,55.35689260337965,55.40241213932318,55.07450358332176,55.44979344752024,"rgba(239, 83, 80, 1.0)",0.0,0.0,0.8776262107326481,55.423023494198866,0.13328738860645564,0.0,0.0,0.0,0.0,36.12440336089565,-3.5044188784158905,False,True,False,True,False,0.14021226441969503,0,0.9416173570019721,1.0010848126232745,False,False,False,False,0.023063387233592563,0.030947261499613528,False,False,False,False,549802.0,430754.9718064676,False,False,False,False,10662.442463712543,False,False,False,False
2025-07-08 14:00:00+00:00,55.36,55.415,54.71,54.8,5755.0,,,,,,,,,56.117621295200124,55.18140904250415,,,,55.647744637215546,55.15538103372134,54.935117433200716,55.10392134930063,55.335980687196546,55.35577699787416,55.40121071541609,55.07375785424349,55.44905091869193,"rgba(239, 83, 80, 1.0)",0.0,0.0,0.8760332020935917,55.373531464612924,-0.6546914697322774,0.0,0.0,0.0,0.0,31.341023662648592,-8.065580718970836,False,True,False,True,False,0.0,0,0.9281192169085418,1.0038959774033314,False,False,False,False,-0.037804265595594744,-0.003428502047990608,False,False,False,False,544047.0,432511.43735985574,False,False,False,False,10586.358084430178,False,False,False,False
2025-07-08 15:00:00+00:00,54.825,55.23,54.82,55.06,17029.0,,,,,,,,,55.95518669349264,55.17801255896056,,,,55.591719231749366,55.15240695270952,54.93672675915912,55.103175910666415,55.33332285744429,55.3530422569612,55.39820362879169,55.07295315949106,55.447151374494446,"rgba(239, 83, 80, 1.0)",0.0,0.0,0.8731902107463895,55.36359997119587,-0.3476905346159947,0.0,0.0,0.0,0.0,31.275577514126528,-8.405998648452965,False,True,False,True,False,0.0,0,0.9298160225834711,1.0111943930692109,False,False,False,False,-0.0006684762462713563,-0.002048489147130982,False,False,False,False,561076.0,434504.6863930363,False,False,False,False,10686.244005601802,False,False,False,False
2025-07-08 16:00:00+00:00,55.06,55.13,54.745,54.88,23062.0,,,,,,,,,55.77986013857829,55.17001436154134,,,,55.517343630268186,55.14472592133053,54.936340289419334,55.10044235046718,55.3283916469454,55.348054901785204,55.39290207855581,55.06853992262263,55.44387298430616,"rgba(239, 83, 80, 1.0)",0.0,0.0,0.8710627867022893,55.345761803892785,-0.5347052026594836,0.0,0.0,0.0,0.0,30.34604365460751,-9.831298015331335,False,True,False,True,False,0.0,0,0.9435913185913183,1.0115683865683869,False,False,False,False,-0.016267479742796763,-0.009157984444963872,False,False,False,False,538014.0,436109.4819528341,False,False,False,False,10878.116191561463,False,False,False,False
2025-07-08 17:00:00+00:00,54.91,55.185,54.71,55.13,6035.0,,,,,,,,,55.747166947526104,55.16872163133252,,,,55.50304485612988,55.14356467399892,54.93673396850709,55.10008726604368,55.327399496652845,55.347038013494235,55.391793466647954,55.06809356328589,55.44316754704914,"rgba(239, 83, 80, 1.0)",0.0,0.0,0.8691381150670141,55.29912500491747,-0.19458933164429013,0.0,0.0,0.0,0.0,32.530814175809596,-9.831298015331335,False,True,False,True,False,0.0,0,0.9378132351437044,1.0113531758208043,False,False,False,False,-0.014484478508712949,-0.01182123147683841,False,False,False,False,544049.0,437782.9628527902,False,False,False,False,10803.029118824075,False,False,False,False
2025-07-08 18:00:00+00:00,55.13,55.46,55.13,55.345,14855.0,,,,,,,,,55.70603290414879,55.171480614323315,,,,55.490667638991674,55.1470152750199,54.9417135617365,55.10207609120254,55.327280358915196,55.34677930601544,55.391228909445275,55.07245883592037,55.44264535924233,"rgba(239, 83, 80, 1.0)",0.0,0.0,0.8675031479544557,55.314181122658695,0.03552595447517802,0.0,0.0,0.0,0.0,36.13676690977471,-9.831298015331335,False,True,False,True,True,0.0,0,0.9377970655094026,1.0220086794792316,False,False,False,False,0.047496849336413904,0.017837808929787747,False,False,False,False,558904.0,439660.8083899562,False,False,False,False,10865.850372795794,False,False,False,False
2025-07-08 19:00:00+00:00,55.315,55.385,55.165,55.245,17681.0,,,,,,,,,55.661462253366565,55.173580770875404,,,,55.474537900562304,55.14982911095883,54.94674451879749,55.10387873637556,55.32672403087851,55.34607352397075,55.39017913434901,55.07648019807243,55.441809682570586,"rgba(239, 83, 80, 1.0)",0.0,0.0,0.8646468737093741,55.31700349318295,-0.08327502865309196,0.0,0.0,0.0,0.0,37.8072951712424,-9.831298015331335,False,True,False,True,True,0.0,0,0.9275197013687265,1.0254043965159687,False,False,False,False,0.043924232556987595,0.030881020743387673,False,False,False,False,541223.0,441235.4160118173,False,False,False,False,10971.511607326092,False,False,False,False
2025-07-09 14:00:00+00:00,56.075,56.18,55.48,55.665,5324.0,,,,,,,,55.775,55.66481523186155,55.177620308903165,,,,55.48086829972891,55.15428665143503,54.95060755120842,55.10610723898825,55.32792654434385,55.34718529184092,55.39114039479131,55.08084572646713,55.4422809780408,"rgba(239, 83, 80, 1.0)",0.0,0.0,0.8622801221228436,55.32540982402048,0.3938281392170807,0.0,0.0,0.0,0.0,42.71575180253507,-15.774402077873951,False,True,False,True,True,1.294370246183444,0,0.9362051282051279,1.0019487179487183,False,False,False,False,0.14381246715014023,0.08734674394676395,False,False,False,False,546547.0,442868.15374806814,False,False,False,False,10883.953287832665,False,False,False,False
2025-07-09 15:00:00+00:00,55.665,56.185,55.665,56.165,9487.0,,,,,,,,55.922323610829785,55.681822050198406,55.18740580936934,,,,55.499833894012546,55.16495967665504,54.95929840924242,55.11139471888302,55.33114761398288,55.3502095887749,55.393860674379845,55.091024223040044,55.44369576180923,"rgba(38, 166, 154, 1.0)",0.0,0.0,0.8642376320687847,55.34367592539081,0.950345187634479,0.0,0.0,0.0,0.0,49.24375544707055,-9.488647124632692,False,True,False,False,True,4.485654215615007,0,0.948031980319803,0.9955924559245595,False,False,False,False,0.16114415624311884,0.1242454500949414,False,False,False,False,556034.0,444622.66299228417,False,False,False,False,10862.295097323631,False,False,False,False
2025-07-09 16:00:00+00:00,56.165,56.265,55.765,55.955,4795.0,,,,,,,,55.94009792920535,55.68954035217566,55.19220472049002,,,,55.50872724991291,55.170189872890965,54.96359524948728,55.11401392454649,55.33274001538788,55.35170441645169,55.39520408168023,55.096028539596965,55.44439543943714,"rgba(38, 166, 154, 1.0)",0.0,0.0,0.8603410281300423,55.35156338406654,0.7013923504787805,0.0,0.0,0.0,0.0,51.75565365438463,-7.0336817976101855,False,False,True,False,True,3.037576802637229,0,0.9547543662547235,0.986109692574814,False,False,False,False,0.1776525063247236,0.1509489782098325,False,False,False,False,551239.0,446275.6294575201,False,False,False,False,10768.228506667452,False,False,False,False
2025-07-09 17:00:00+00:00,55.955,56.155,55.815,56.09,7677.0,,,,,,,,55.96258109445443,55.70208461276015,55.2000059517014,,,,55.52301810641752,55.178677460034955,54.97056588972719,55.11829329149491,55.335369316468764,55.35417577116257,55.39743160655234,55.10414594400361,55.44556265817116,"rgba(38, 166, 154, 1.0)",0.0,0.0,0.8496755183513636,55.36340641913669,0.8551424222191725,0.0,0.0,0.0,0.0,54.29788877585247,-4.430533813595943,False,False,True,False,True,3.8874181772641414,0,0.9572640834270523,0.9881402719558329,False,False,False,False,0.17213950115618135,0.1615442396830069,False,False,False,False,558916.0,448021.991791512,False,False,False,False,10720.302483308267,False,False,False,False
2025-07-09 18:00:00+00:00,56.095,56.245,55.87,55.915,9783.0,,,,,,,,55.97509658447095,55.71629227155673,55.20961804561561,,,,55.53976748805534,55.189125138847125,54.97923317851948,55.123628535472925,55.33864237446663,55.35725181611414,55.40020205991784,55.11417505163389,55.447017458743375,"rgba(38, 166, 154, 1.0)",0.0,0.0,0.8247730127263452,55.376529869376256,0.6528706957127419,0.0,0.0,0.0,0.0,54.394619168464985,-3.955355324637054,False,False,True,False,True,2.674067478744295,0,0.9548741978201076,0.9860446164816138,False,False,False,False,0.1854810138661846,0.17351262677459575,False,False,False,False,549133.0,449589.60432187613,False,False,False,False,10705.770661861627,False,False,False,False
2025-07-09 19:00:00+00:00,55.92,56.02,55.71,55.865,48515.0,,,,,,,,55.912683948539986,55.74398336896487,55.246043128489994,,,,55.587157668372605,55.228777002370556,55.014406419360604,55.14499208936258,55.35100888592513,55.36879356431446,55.410398098942366,55.153253164760656,55.452292598439854,"rgba(38, 166, 154, 1.0)",0.0,0.0,0.7800809902507033,55.41366933801129,0.5785689789000806,0.0,0.0,0.0,0.0,53.99884911876083,-3.8144966179258546,False,False,True,False,True,2.327316718435423,0,0.9505181873602925,0.991668360089413,False,False,False,False,0.15018730771533995,0.16184996724496786,False,False,False,False,500618.0,450380.7422393664,False,False,False,False,11291.960264003306,False,False,False,False
2025-07-10 14:00:00+00:00,55.895,56.5,55.685,56.435,11613.0,,,,,,,,55.94780979278557,55.76372667646518,55.258655246588376,,,,55.60803720633261,55.242319510463545,55.02563238916838,55.15226506415229,55.35579407617583,55.373327895055695,55.41455740402228,55.16621555110289,55.45456466452026,"rgba(38, 166, 154, 1.0)",0.0,0.0,0.767929866119585,55.42711151434314,1.3124746544235997,0.0,0.0,0.0,0.0,57.555489199754724,0.04245568854193493,False,False,True,False,True,5.914920014871061,0,0.9512170487829511,0.9878800121199881,False,False,False,False,0.19194489952282218,0.17689743338389502,False,False,False,False,512231.0,451339.66096433747,False,False,False,False,11296.937624251317,False,False,False,False
2025-07-10 15:00:00+00:00,56.435,56.895,56.43,56.72,12272.0,,,,,,,,56.030080923148134,55.80333317511773,55.278128121297,,,,55.64496045346567,55.263079927067636,55.04194761796573,55.163257159807735,55.36358363381966,55.38076749366285,55.421513339023356,55.18566861570915,55.45845785567896,"rgba(38, 166, 154, 1.0)",0.0,0.0,0.7636356555410287,55.449118047651424,1.664251718901426,0.0,0.0,0.0,0.0,61.352728245341,3.952691994321391,True,False,True,False,True,7.612218814810504,0,0.9564603910501913,0.9865954444668416,False,False,False,False,0.29990850811406605,0.23840297074898054,False,False,False,False,524503.0,452473.9762982237,False,False,False,False,11312.054870386955,False,False,False,False
2025-07-10 16:00:00+00:00,56.72,56.935,56.71,56.915,6902.0,,,,,,,,56.07890953698612,55.82820960511321,55.29015876247743,,,,55.667889503187716,55.27587632247373,55.051929090963746,55.17006129408893,55.368489901886576,55.385461859502264,55.42592041644704,55.197621984844126,55.46094239491955,"rgba(38, 166, 154, 1.0)",0.0,0.0,0.7615596963930873,55.46251871478266,1.907245475432335,0.0,0.0,0.0,0.0,64.76678035571196,7.3936585902196725,True,False,True,False,True,8.748622485160485,0,0.9571195762884496,0.9997962925239356,False,False,False,False,0.3313687815016536,0.2848858761253171,False,False,False,False,531405.0,453697.7130998017,False,False,False,False,11243.681926660025,False,False,False,False
2025-07-10 17:00:00+00:00,56.94,57.08,56.915,57.015,9477.0,,,,,,,,56.14852505065756,55.865232911459735,55.30793821921684,,,,55.7018001639801,55.294754164586244,55.06658299234451,55.180139780137075,55.375849440555946,55.39251277160205,55.432558947543725,55.2152203559426,55.46470544455494,"rgba(38, 166, 154, 1.0)",0.0,0.0,0.778784523043757,55.5333823467294,1.9024744450235527,0.0,0.0,0.0,0.0,67.4867336910813,10.153766733409256,True,False,True,False,True,9.328144674851028,0,0.9564330170390775,0.9953066013672076,False,False,False,False,0.34282823502645166,0.3138570555758844,False,False,False,False,540882.0,455049.40747034736,False,False,False,False,11216.291509192428,False,False,False,False
2025-07-10 18:00:00+00:00,57.005,57.005,56.72,56.765,9552.0,,,,,,,,56.19660180801643,55.89492637416104,55.323694487463065,,,,55.72995446327801,55.31148004691488,55.07982975481189,55.18923135596381,55.382417561840136,55.3987995071661,55.438461573157134,55.230928162769004,55.46805454851288,"rgba(38, 166, 154, 1.0)",0.0,0.0,0.7902053844088301,55.54528394313314,1.5435430850415606,0.0,0.0,0.0,0.0,66.4680445055007,10.153766733409256,True,False,True,False,True,7.487469849630003,0,0.9548380504751199,0.9963216511699194,False,False,False,False,0.3168714934988064,0.3153642745373454,False,False,False,False,531330.0,456232.0523157683,False,False,False,False,11190.488540057662,False,False,False,False
2025-07-10 19:00:00+00:00,56.765,56.85,56.475,56.535,15532.0,,,,,,,,56.24017342591551,55.92948409715084,55.34515361252419,,,,55.76466244037157,55.33425714009274,55.09841566441352,55.201937693711905,55.391440769582104,55.40742261329721,55.446521294410665,55.2525575595897,55.47263110062496,"rgba(38, 166, 154, 1.0)",0.0,0.0,0.7979490997331361,55.559084533491955,1.2230297231169558,0.0,0.0,0.0,0.0,63.47793573320637,10.153766733409256,True,False,True,False,False,5.831146898589097,0,0.9433346922136159,1.0037708927843458,False,False,False,False,0.2791523751351053,0.2972583248362254,False,False,False,False,515798.0,457155.55538064014,False,False,False,False,11257.798795250566,False,False,False,False
2025-07-11 14:00:00+00:00,55.735,55.9,55.52,55.88,6138.0,,,,,,,,56.22166931946241,55.92647414486346,55.34789318828134,,,55.766666666666666,55.764692857743334,55.33721131003726,55.101587334788064,55.2039127025639,55.39251879648217,55.40842228098721,55.447381990340325,55.255701760416734,55.47309201955749,"rgba(38, 166, 154, 1.0)",0.0,0.0,0.7984517845502062,55.53764978934585,0.42876754398765654,0.0,0.0,0.0,0.0,56.57112637400313,13.893637340997437,False,False,True,False,False,1.3746495170234887,0,0.9419602301403048,1.0089835469869792,False,False,False,False,0.10796995098004648,0.20261413790813593,False,False,False,False,509660.0,457969.5777778395,False,False,False,False,11178.422069742805,False,False,False,False
2025-07-11 15:00:00+00:00,55.875,56.0,55.7,55.875,4185.0,,,,,,,,56.212239600129,55.92562595179175,55.3501451728299,,,55.803828828828834,55.7656518967361,55.339627493666576,55.104028313562075,55.205469457295415,55.39342948217853,55.40927427806321,55.44813390084826,55.258204226784585,55.47350332285666,"rgba(38, 166, 154, 1.0)",0.0,0.0,0.7988033956262462,55.53702645065219,0.4230997905095826,0.0,0.0,0.0,0.0,51.935277718186256,9.640498679574172,False,True,False,False,False,1.34186413082816,0,0.9493198992443327,0.9966750629722924,False,False,False,False,0.13251101090355555,0.16756257440584574,False,False,False,False,505475.0,458706.0959518265,False,False,False,False,11069.996921374699,False,False,False,False
2025-07-11 16:00:00+00:00,55.875,56.1,55.84,56.1,4202.0,,,,,,,,56.20718802003378,55.9267086062885,55.35306998753127,,,55.864437292025244,55.76817295867902,55.342749288173415,55.10696379781682,55.207394435935335,55.394643957577244,55.41042065237683,55.44917033314075,55.26133961388506,55.47408139446381,"rgba(38, 166, 154, 1.0)",0.0,0.0,0.8009358265163036,55.539658499450944,0.6996084854716527,0.0,0.0,0.0,0.0,50.75745832968655,8.517186787880824,False,True,False,False,False,2.7657033780861653,0,0.9542516663300344,0.9957584326398708,False,False,False,False,0.15367215367841075,0.16061736404212823,False,False,False,False,509677.0,459496.34252621676,False,False,False,False,10963.516348950285,False,False,False,False
2025-07-11 17:00:00+00:00,56.1,56.15,55.92,56.05,3914.0,,,,,,,,56.20332439815473,55.92799641229385,55.3558803248256,,,55.90170354502233,55.77072594997508,55.34574580888424,55.109761036118655,55.20923830027601,55.39581949575362,55.411531604295746,55.45017778688781,55.26433951127066,55.474645305235796,"rgba(38, 166, 154, 1.0)",0.0,0.0,0.7973842540756643,55.54169097559905,0.6374706069286268,0.0,0.0,0.0,0.0,49.578426863770716,7.180554128184873,False,True,False,False,False,2.426320235925438,0,0.9540346258985523,0.9960514326212415,False,False,False,False,0.16519052190016736,0.1629039429711478,False,False,False,False,505763.0,460213.6550451901,False,False,False,False,10854.221521834776,False,False,False,False
2025-07-11 18:00:00+00:00,56.09,56.15,55.965,56.0,13946.0,,,,,,,,56.19077235417554,55.93229138173259,55.365685659898645,,,55.96054063095055,55.77939133783004,55.356191373538856,55.119575372209596,55.21572926648668,55.39996272610021,55.415447956708874,55.453729625527146,55.274820529651066,55.47663957935152,"rgba(38, 166, 154, 1.0)",0.0,0.0,0.7927802997065185,55.54667202028878,0.5718204398861038,0.0,0.0,0.0,0.0,48.371726538016155,5.689573980409932,False,True,False,True,False,2.0830509223053575,0,0.9541442629603328,0.9953332656995031,False,False,False,False,0.16918763976931434,0.16604579137023107,False,False,False,False,491817.0,460703.6293855747,False,False,False,False,10902.15607188385,False,False,False,False
2025-07-11 19:00:00+00:00,56.0,56.2,55.805,56.13,35108.0,,,,,,,,56.16734167498391,55.94235034326611,55.389398630742626,,,56.0044740689158,55.79941093647464,55.38138719060071,55.14356029449435,55.231757350508325,55.4102666896291,55.42519699299437,55.46258385683876,55.30021014772407,55.481656941137224,"rgba(38, 166, 154, 1.0)",0.0,0.0,0.7890424291215952,55.558838887834895,0.7238661586309814,0.0,0.0,0.0,0.0,48.87339201675421,5.689573980409932,False,True,False,False,False,2.930753716299229,0,0.946958981612447,0.996564962618711,False,False,False,False,0.15942609420808648,0.16273594278915876,False,False,False,False,526925.0,461730.3173020774,False,False,False,False,11277.440473870147,False,False,False,False
2025-07-14 14:00:00+00:00,56.0,56.52,55.895,56.52,10393.0,,,,,,,,56.1738970565741,55.95185648548311,55.398831469262085,,,56.04546542382457,55.810591176557054,55.39135272761254,55.15245425349905,55.23790104490542,55.41450920099538,55.42924221554928,55.46633124473162,55.30998541437676,55.48382033780051,"rgba(38, 166, 154, 1.0)",0.0,0.0,0.7880771844481982,55.56851230327618,1.20735343631353,0.0,0.0,0.0,0.0,52.49259167458687,5.689573980409932,False,False,True,False,True,5.4074516643523935,0,0.9512121819274696,0.9884792626728112,False,False,False,False,0.19597891877252382,0.1793574307808413,False,False,False,False,537318.0,462902.2193594096,False,False,False,False,11263.728218461307,False,False,False,False
2025-07-14 15:00:00+00:00,56.51,56.72,56.425,56.6,10900.0,,,,,,,,56.1924386111285,55.96841161225808,55.411384866291144,,,56.11129329699127,55.82784628724017,55.40457731914628,55.16377671430142,55.245871219706316,55.420242201928566,55.43473133949858,55.471470072500075,55.32274584650526,55.48681325375584,"rgba(38, 166, 154, 1.0)",0.0,0.0,0.7853631454743841,55.583828110266566,1.2938879238083363,0.0,0.0,0.0,0.0,55.48795421960745,5.689573980409932,False,False,True,False,True,5.904469897980409,0,0.9610805402701351,0.9857928964482244,False,False,False,False,0.2624339389349985,0.22089568485791988,False,False,False,False,548218.0,464224.944640659,False,False,False,False,11258.08902127586,False,False,False,False
2025-07-14 16:00:00+00:00,56.605,56.67,56.505,56.6,6438.0,,,,,,,,56.20288020729656,55.977940062232506,55.41873733772107,,,56.143770863087745,55.8378102922384,55.41231637605679,55.17042693198796,55.250569393457944,55.423630902339205,55.43797700715673,55.474510236632966,55.330222027091,55.48858941900489,"rgba(38, 166, 154, 1.0)",0.0,0.0,0.7788435525048824,55.592363829911825,1.293759403730648,0.0,0.0,0.0,0.0,57.48486258295451,0.9855950010575611,False,False,True,False,True,5.904469897980409,0,0.9760824742268044,0.9857731958762889,False,False,False,False,0.2652101696976868,0.24305292727780334,False,False,False,False,548218.0,465527.1625532069,False,False,False,False,11183.358958930497,False,False,False,False
2025-07-14 17:00:00+00:00,56.61,56.8,56.605,56.74,7541.0,,,,,,,,56.21810285882468,55.99090674598546,55.42812724298382,,,56.18568823691595,55.85101194788434,55.42218866261598,55.17880733260664,55.25653321351622,55.427991822745184,55.442159612433414,55.47844116866776,55.339713126586936,55.49089444350012,"rgba(38, 166, 154, 1.0)",0.0,0.0,0.777589646058126,55.603610770513185,1.4614253613683916,0.0,0.0,0.0,0.0,59.94218044297285,3.5346672786932203,True,False,True,False,True,6.792096238711569,0,0.9685430463576161,0.9897557947019872,False,False,False,False,0.2866313804700761,0.2648421538739397,False,False,False,False,555759.0,466926.1057694362,False,False,False,False,11126.88827739669,False,False,False,False
2025-07-14 18:00:00+00:00,56.74,57.025,56.71,57.01,17828.0,,,,,,,,56.263860779850866,56.02780606584573,55.45316187248074,,,56.29350685086753,55.88756819164388,55.4484638164065,55.2007956801187,55.272348420296844,55.439769545436505,55.453476516819336,55.489123302296136,55.364831355390756,55.49719429135991,"rgba(38, 166, 154, 1.0)",0.0,0.0,0.7809449808163215,55.63419006352408,1.7617245392086187,0.0,0.0,0.0,0.0,63.45296916749112,7.009400484605941,True,False,True,False,True,8.473925027401702,0,0.9692291753004562,0.9864276833816829,False,False,False,False,0.31782532878734077,0.2913337413306403,False,False,False,False,573587.0,468579.7630443287,False,False,False,False,11230.781482398294,False,False,False,False
2025-07-14 19:00:00+00:00,57.0,57.07,56.75,57.005,27453.0,,,,,,,,56.32609944532709,56.08074249556722,55.49077922866965,,,56.41369876029523,55.940534929635554,55.4878670688417,55.23409691302023,55.296506557926094,55.45786670880251,55.47087891696815,55.50556725724965,55.40262059586765,55.50696747185838,"rgba(38, 166, 154, 1.0)",0.0,0.0,0.7831382812547905,55.67639623443695,1.6965123495614143,0.0,0.0,0.0,0.0,65.71552172609478,9.280365002757087,True,False,True,False,True,8.435049546683633,0,0.9724932530620721,0.9837035499273409,False,False,False,False,0.3259557623829648,0.3086447518568025,False,False,False,False,546134.0,469782.15431495925,False,False,False,False,11482.28874623708,False,False,False,False
2025-07-15 14:00:00+00:00,56.44,56.915,56.315,56.315,9224.0,,,,,,,,56.33175299617022,56.08903298458397,55.49940283643791,,,56.41964015175601,55.95007264011136,55.49689390958365,55.24227698465998,55.30240273312853,55.462129311363576,55.47496519658904,55.50939229081023,55.41150608323706,55.509253831524326,"rgba(38, 166, 154, 1.0)",0.0,0.0,0.7767875519728926,55.68331693095416,0.8131992685020245,0.0,0.0,0.0,0.0,59.26169755864019,16.079446775679443,True,False,True,False,False,3.3000546833006226,0,0.9701832487835181,0.9798115746971738,False,False,False,False,0.2703103541930924,0.2894775530249475,False,False,False,False,536910.0,470822.89610852575,False,False,False,False,11447.276517613249,False,False,False,False
2025-07-15 15:00:00+00:00,56.315,56.96,56.315,56.815,6812.0,,,,,,,,56.339644123538534,56.09748090177503,55.506801419282525,,,56.43114113674871,55.959115956769594,55.50463057608426,55.249104041854615,55.30736749366275,55.465794643522585,55.47848602011155,55.51270551375419,55.41904287731259,55.51123947025454,"rgba(38, 166, 154, 1.0)",0.0,0.0,0.7786204767702836,55.69014633670048,1.4446751618521638,0.0,0.0,0.0,0.0,58.84052519662436,15.672540877152628,True,False,True,False,False,6.420940284107761,0,0.9705852103260312,0.9738763756042376,False,False,False,False,0.27449345774236167,0.2819855053836546,False,False,False,False,543722.0,471953.11477350985,False,False,False,False,11375.41176540219,False,False,False,False
2025-07-15 16:00:00+00:00,56.815,56.865,56.54,56.545,7528.0,,,,,,,,56.346887771711316,56.105841515995145,55.51455548657844,,,56.44074179826351,55.968241915390145,55.51273498842786,55.25633367952963,55.312630207953674,55.469667384766296,55.48220522974219,55.516202067411626,55.42696919762072,55.51334002514513,"rgba(38, 166, 154, 1.0)",0.0,0.0,0.7796043868521623,55.69698404171932,1.0877516501731719,0.0,0.0,0.0,0.0,56.30749443586488,13.128663101880932,True,False,True,False,False,4.5138575572971895,0,0.9721144774085336,0.9853234091623863,False,False,False,False,0.2866313804700761,0.2843084429268653,False,False,False,False,536194.0,472949.09749019955,False,False,False,False,11315.761970589754,False,False,False,False
2025-07-15 17:00:00+00:00,56.545,56.76,56.455,56.76,4885.0,,,,,,,,56.35153438151549,56.111213789030884,55.51956767292753,,,56.44676426149939,55.974106782997985,55.51797103801923,55.26101309446943,55.316044365940066,55.47218457232563,55.484623189107225,55.51847613133703,55.43209296329958,55.51470891972704,"rgba(38, 166, 154, 1.0)",0.0,0.0,0.7846775202654562,55.701386309392376,1.3491066881200997,0.0,0.0,0.0,0.0,56.15472514588993,12.711381904975013,True,False,True,False,False,5.830288266844203,0,0.9737753068289102,0.98531417182419,False,False,False,False,0.2689180430044234,0.2766132429656444,False,False,False,False,541079.0,474005.37504849106,False,False,False,False,11216.060234611617,False,False,False,False
2025-07-15 18:00:00+00:00,56.765,56.875,56.59,56.605,6911.0,,,,,,,,56.35853076505101,56.119067828281544,55.52677914677436,,,56.455929731488254,55.98261200388741,55.525500897242694,55.26772896540374,55.3209582777879,55.475822167620045,55.48811887346183,55.52176686318224,55.43945467021878,55.516693436989186,"rgba(38, 166, 154, 1.0)",0.0,0.0,0.7887984190812503,55.707800898838684,1.137425075225584,0.0,0.0,0.0,0.0,54.72760052032597,10.995415851168232,False,False,True,False,False,4.734796011166367,0,0.9776033490319208,0.9786499215070648,False,False,False,False,0.2922611488769349,0.28443719592128963,False,False,False,False,534168.0,474938.1289237082,False,False,False,False,11149.315114695159,False,False,False,False
2025-07-15 19:00:00+00:00,56.56,56.88,56.56,56.76,15224.0,,,,,,,,56.374854173401324,56.13689682849871,55.5429360283487,,,56.4771913356492,56.00175827148911,55.54235632478922,55.28274674178125,55.33199866740331,55.4840424053288,55.49602339816493,55.52921757004093,55.45592295241774,55.52120209161012,"rgba(38, 166, 154, 1.0)",0.0,0.0,0.7949612319852417,55.72231889000577,1.3053229116630543,0.0,0.0,0.0,0.0,54.9656980328666,10.821751987653826,False,False,True,False,False,5.6932791115857775,0,0.9780426599749061,0.97961104140527,False,False,False,False,0.2899132410689717,0.28717521849513067,False,False,False,False,549392.0,476092.4525062864,False,False,False,False,11212.48852376965,False,False,False,False
2025-07-16 14:00:00+00:00,57.43,58.06,57.43,57.75,16119.0,,,,,,,57.74666666666667,56.43532334458183,56.1848921081545,55.57374408359121,,,56.572477799663794,56.04763744007411,55.574451900222144,55.30919142781109,55.35181948147073,55.49959485477483,55.511049226220855,55.54356237368105,55.48638275353747,55.529899987779594,"rgba(38, 166, 154, 1.0)",0.0,0.0,0.8200451097233081,55.75810571905775,2.429005742884478,1.0,57.135,56.88,0.0,60.28719311934129,10.821751987653826,True,False,True,False,True,11.35185709942212,0,0.9854627354627356,0.9619164619164621,False,False,False,False,0.3428282381995735,0.3150017283473521,False,False,False,False,565511.0,477478.7865759563,False,False,False,False,11288.558469137562,False,False,False,False
2025-07-16 15:00:00+00:00,57.75,58.04,57.135,57.745,10648.0,,,,,,,57.704234318377104,56.469409209036826,56.21299748586023,55.592651297577056,,,56.622908712183396,56.07482287873758,55.59412987663289,55.325600352705926,55.364160065736634,55.50926971689046,55.52039717207856,55.552483113913475,55.50513489821201,55.535333825969914,"rgba(38, 166, 154, 1.0)",0.0,0.0,0.8361561397784609,55.77906825235981,2.3511538743960707,0.0,0.0,0.0,0.0,63.78825317209598,7.761327258575562,True,False,True,False,True,11.315538451478812,0,0.9878345498783456,0.9574209245742095,False,False,False,False,0.3174963599447779,0.316249044146065,False,False,False,False,554863.0,478678.54182284075,False,False,False,False,11278.627330081166,False,False,False,False
2025-07-16 16:00:00+00:00,57.7,58.01,57.65,58.01,7029.0,,,,,,,57.742870458042376,56.49545643072346,56.234110540541025,55.6064449859128,,,56.66122793921507,56.09505175781559,55.60847800599199,55.33746271315309,55.37312058849457,55.51635228179327,55.52724565913438,55.559030696764374,55.51876448271993,55.53932978353292,"rgba(38, 166, 154, 1.0)",0.0,0.0,0.8603740910648694,55.79464132073597,2.5748784189004565,0.0,0.0,0.0,0.0,67.14625213157396,10.937248549717005,True,False,True,False,True,12.731897673795551,0,1.0112244897959184,0.9505102040816329,False,False,False,False,0.34282823849583244,0.3295386413209487,False,False,False,False,561892.0,479968.67295737035,False,False,False,False,11212.741635041148,False,False,False,False
2025-07-16 17:00:00+00:00,58.025,58.29,57.99,58.275,8921.0,,,,,,,57.83520460238313,56.53387942418092,56.26479266860826,55.62594581015469,,,56.71755169942034,56.12419975392676,55.62875346522659,55.35408277268801,55.385724147985584,55.52639046046501,55.53695889195414,55.568333089783394,55.53796436571457,55.54501586183437,"rgba(38, 166, 154, 1.0)",0.0,0.0,0.8870601155771622,55.817042731199784,2.7709026994195924,1.0,58.26,58.01,0.0,70.30667013923322,13.913455192149229,True,False,True,False,True,14.11366117872127,0,1.019185631186856,0.9366261863455457,False,False,False,False,0.3428282394903037,0.3361834404056262,False,False,False,False,570813.0,481377.11213632586,False,False,False,False,11177.210756978493,False,False,False,False
2025-07-16 18:00:00+00:00,58.275,58.725,58.26,58.725,6827.0,,,,,,,57.936456987728086,56.56870901747167,56.292207360219074,55.642886554346795,,,56.76851056113856,56.15002829193439,55.646360129572194,55.36838319522552,55.39660934829488,55.535126621155676,55.54541811881564,55.57644845637835,55.55458180068109,55.54998296161481,"rgba(38, 166, 154, 1.0)",0.0,0.0,0.9304297031111747,55.836858113844485,3.1040946742114266,1.0,58.66,58.29,0.0,73.72347934161819,17.126416798433752,True,False,True,False,True,16.36812082158742,0,1.0260400773064795,0.9265588444715697,False,False,False,False,0.3428282404801616,0.3395058404428939,False,False,False,False,577640.0,482869.5600101813,False,False,False,False,11109.765628963321,False,False,False,False
2025-07-16 19:00:00+00:00,58.725,59.405,58.66,59.385,24589.0,,,,,,,58.33897420851712,56.71851445153554,56.40958896546886,55.71409617111277,,,56.98319673122821,56.25995285092457,55.72030567810527,55.42799495318926,55.442259895794436,55.57211531371225,55.58126714630897,55.610911060107746,55.62418043756706,55.571148747328,"rgba(38, 166, 154, 1.0)",0.0,0.0,0.9962800991865427,55.92069794182447,3.4772370350507957,0.0,0.0,0.0,0.0,77.4088084509051,20.57663303701507,True,False,True,False,True,19.446615949523405,0,1.0386244453408633,0.9090359015732152,False,False,False,False,0.34282824176539206,0.341167041104143,False,False,False,False,602229.0,484720.0939635118,False,False,False,False,11318.74600680885,False,False,False,False
2025-07-17 14:00:00+00:00,59.84,60.145,59.54,60.06,16678.0,,,,,,59.915,58.62842106132517,56.83957398324136,56.504600788850134,55.77116440770004,,,57.15213138428903,56.348589236354954,55.77950586621851,55.47546233283287,55.47885567444586,55.602048542405385,55.610305229731836,55.6388816006858,55.67978745913722,55.58840233649556,"rgba(38, 166, 154, 1.0)",0.0,0.0,1.0802290589587586,55.98783703241024,3.7697217398640914,0.0,0.0,0.0,0.0,80.87996211605268,23.82348611495192,True,False,True,False,True,20.0,0,1.055522268823647,0.8936488915518275,False,False,False,False,0.34282824330275175,0.34199764220344736,False,False,False,False,618907.0,486800.5111113643,False,False,False,False,11401.835216005611,False,False,False,False
2025-07-17 15:00:00+00:00,60.085,61.005,60.08,60.895,15111.0,,,,,,60.26913806662682,58.91824932497498,56.9663201209271,56.60420191866911,55.830606426345874,,,57.32618180146576,56.44128261710856,55.841125290937555,55.52468386410263,55.51698197011474,55.633438842869644,55.64077657139821,55.66827296106816,55.73758598430157,55.606588388032506,"rgba(38, 166, 154, 1.0)",0.0,0.0,1.1948758162316764,56.05774823412099,4.048330127840756,0.0,0.0,0.0,0.0,84.07759324769245,26.84006079765686,True,False,True,False,True,20.0,0,1.0627462568951933,0.879728132387707,False,False,False,False,0.34282824435894294,0.34241294328119515,False,False,False,False,634018.0,489082.95279956015,False,False,False,False,11459.341646765215,False,False,False,False
2025-07-17 16:00:00+00:00,60.895,61.015,60.675,60.775,18357.0,,,,,,60.471402803812865,59.199399254902275,57.11568044352711,56.72353101292552,55.90325407743721,,,57.524896038822085,56.55277694121952,55.916361751286054,55.58507900059357,55.56398241028772,55.672261599913256,55.67847882732669,55.70465975003348,55.8082681117876,55.62920748269424,"rgba(38, 166, 154, 1.0)",0.0,0.0,1.294534595837018,56.14143606358998,3.5793280081588383,0.0,0.0,0.0,0.0,85.18416834763352,28.00960355828697,True,False,True,False,True,20.0,0,1.0712712712712713,0.8889889889889891,False,False,False,False,0.3428282447556924,0.3426205940184438,False,False,False,False,615661.0,491045.403143753,False,False,False,False,11566.28208635025,False,False,False,False
2025-07-17 17:00:00+00:00,60.78,61.18,60.67,61.16,12130.0,,,,,,60.57501121352259,59.35981184037222,57.21271816937192,56.802078625278135,55.95183968848351,,,57.650831957871574,56.626392621057,55.9666372791694,55.625595519249586,55.595642583799794,55.69849163414239,55.703961585723974,55.72926654933632,55.855558816694405,55.64456561526003,"rgba(38, 166, 154, 1.0)",0.0,0.0,1.3866536230325706,56.196523838089774,3.5794635945602957,0.0,0.0,0.0,0.0,86.38099187869967,29.414026630661354,True,False,True,False,True,20.0,0,1.0667464830888955,0.8864611393794274,False,False,False,False,0.3428282448554376,0.3427244194369407,False,False,False,False,627791.0,493165.48991671804,False,False,False,False,11575.021898964973,False,False,False,False
2025-07-17 18:00:00+00:00,61.16,61.825,61.105,61.595,28395.0,,,,,,60.86729520280281,59.72999258715404,57.44985418533863,56.99594257279043,56.07304848122151,,,57.95221749570303,56.80837571033106,56.09194792249826,55.726799335851304,55.675122059004536,55.76464565105139,55.76826540890367,55.79141510121159,55.97350130891656,55.68353223661541,"rgba(38, 166, 154, 1.0)",0.0,0.0,1.4890386281205437,56.33240784513775,3.534221379807092,0.0,0.0,0.0,0.0,87.63526866871435,30.954418058033355,True,False,True,False,True,20.0,0,1.077159270998415,0.8724247226624408,False,False,False,False,0.34282824547834895,0.34277633245764483,False,False,False,False,656186.0,495692.93968545104,False,False,False,False,11835.796753244585,False,False,False,False
2025-07-17 19:00:00+00:00,61.615,61.665,61.325,61.575,27123.0,,,,,,61.017969407043935,59.98319081386847,57.653811018813656,57.16727704871201,56.184262427353886,,,58.200104922798296,56.97043117869693,56.20674684856317,55.82048605883086,55.74924012726321,55.82658797580398,55.8285117158625,55.849679648906836,56.0819148610696,55.7203568253639,"rgba(38, 166, 154, 1.0)",0.0,0.0,1.5854128316769465,56.45321445103616,3.2305690017320923,0.0,0.0,0.0,0.0,88.28307183311657,31.98778829833128,True,False,True,False,True,20.0,0,1.0854117181314331,0.8706452889944578,False,False,False,False,0.3428282455105835,0.34280228898411413,False,False,False,False,629063.0,497760.69255854486,False,False,False,False,12072.807656295057,False,False,False,False
2025-07-18 14:00:00+00:00,61.65,61.885,61.245,61.585,14144.0,,,,,,61.077326787329405,60.09221829693002,57.75354312522121,57.25254515781395,56.24100234928815,,,58.317938506864735,57.05147699899086,56.265252278723636,55.86856777678542,55.787478706275145,55.858642568704795,55.85970246222709,55.879859382496925,56.13729045561382,55.7395402115681,"rgba(38, 166, 154, 1.0)",0.0,0.0,1.6743488636231627,56.78512823238434,2.8667094844434677,0.0,0.0,0.0,0.0,88.7271478764902,32.88603100733222,True,False,True,False,True,20.0,0,1.0858665613896565,0.8683379392025269,False,False,False,False,0.34282824558490077,0.34281526728450745,False,False,False,False,643207.0,500015.6740692651,False,False,False,False,12104.919165499785,False,False,False,False
2025-07-18 15:00:00+00:00,61.585,61.68,61.42,61.65,10462.0,,,,,,61.11450263342697,60.164262952990995,57.824321841679435,57.31368654931934,56.282298757027256,,,58.40022561018202,57.109761494991155,56.30780636373834,55.90369036198676,55.81549773447949,55.88217138774808,55.882603132249606,55.902023959166804,56.17762348945353,55.75367722202439,"rgba(38, 166, 154, 1.0)",0.0,0.0,1.7576796154674157,56.82797142311481,2.7434058712701614,0.0,0.0,0.0,0.0,89.1099219889555,33.75483904931879,True,False,True,False,True,20.0,0,1.0904681777689795,0.8692467583885976,False,False,False,False,0.3415042495908245,0.342159758437666,False,False,False,False,653669.0,502397.89617671835,False,False,False,False,12079.447550530796,False,False,False,False
2025-07-18 16:00:00+00:00,61.65,61.72,60.985,61.0,9939.0,,,,,,61.122364200894054,60.21125355452329,57.88317063664976,57.365583498782264,56.31840430622069,,,58.46650340388894,57.15955581842161,56.34497913945079,55.93463757878257,55.84027383556696,55.902990728265344,55.90287086668111,55.9216402627476,56.21295711694868,55.766245597343605,"rgba(38, 166, 154, 1.0)",0.0,0.0,1.8077656235111321,56.85947649409036,2.2904094712608325,0.0,0.0,0.0,0.0,82.77792795310538,38.24094526384803,True,False,True,False,False,20.0,0,1.0758048780487806,0.8673170731707318,False,False,False,False,0.32417676912992455,0.33316826378379527,False,False,False,False,643730.0,504589.09158483124,False,False,False,False,12046.262317189234,False,False,False,False
2025-07-18 17:00:00+00:00,61.0,61.11,60.785,61.04,10601.0,,,,,,61.1129934433943,60.245554435413,57.93910317996062,57.415871529838526,56.354358654023926,,,58.52761822082167,57.20809624385843,56.381965726656624,55.965673175246,55.86520624747195,55.92395864136765,55.92328759410241,55.94140166436759,56.24820556134297,55.778961546457396,"rgba(38, 166, 154, 1.0)",0.0,0.0,1.8522482686313095,56.8891594373693,2.240974189544201,0.0,0.0,0.0,0.0,78.70596909870387,34.426739599964776,True,False,True,False,False,20.0,0,1.0714493456131846,0.8799806107610277,False,False,False,False,0.28921249130238774,0.31119037754309153,False,False,False,False,654331.0,506910.67156026023,False,False,False,False,12023.855149480873,False,False,False,False
2025-07-18 18:00:00+00:00,61.03,61.21,60.805,60.89,20722.0,,,,,,61.09667190273437,60.30365263096646,58.04245593179594,57.509969922409276,56.42291237895706,,,58.63842831790546,57.29925963906519,56.4524314783427,56.0251303805031,55.91315600262572,55.964368647370186,55.96264793905258,55.9795112304016,56.31547952319019,55.80359189078504,"rgba(38, 166, 154, 1.0)",0.0,0.0,1.8883279056557705,56.949929122246736,2.086539560185641,0.0,0.0,0.0,0.0,74.59202174524731,30.660318203735102,True,False,True,False,False,20.0,0,1.07127741439015,0.878991919969219,False,False,False,False,0.2943472995688615,0.3027688385559765,False,False,False,False,633609.0,508874.9867298686,False,False,False,False,12158.71010840365,False,False,False,False
2025-07-18 19:00:00+00:00,60.9,61.12,60.75,60.75,18126.0,,,,,,61.07661008087697,60.34107650378187,58.124492901451674,57.58613381956833,56.48001017003939,,,58.72379298536932,57.37348039356086,56.51105779745322,56.075014566827754,55.9535914852445,55.99852796322245,55.99593323912398,56.01175004452102,56.37160280400181,55.82455291433853,"rgba(38, 166, 154, 1.0)",0.0,0.0,1.9157136486914752,57.00072864227856,1.9571147077656275,0.0,0.0,0.0,0.0,70.54877364606651,27.00107966875808,True,False,True,False,False,20.0,0,1.069723018147087,0.8815663801337156,False,False,False,False,0.28814461310001654,0.29545672582799654,False,False,False,False,615483.0,510527.8241449094,False,False,False,False,12251.22623075398,False,False,False,False
2025-07-21 14:00:00+00:00,60.675,60.98,60.285,60.9,9662.0,,,,,,61.06039129029716,60.35395283799571,58.16400200794992,57.623531169479904,56.50882120116719,,,58.76365861373679,57.41013727654247,56.540612906311374,56.10036070982374,55.97422106979397,56.01598245038972,56.01294613865365,56.02823116717589,56.39996906483384,55.83532192573778,"rgba(38, 166, 154, 1.0)",0.0,0.0,1.9462692817583416,57.02560933458473,1.9906755461479524,0.0,0.0,0.0,0.0,68.68133800738579,25.308061474128195,False,False,True,False,False,20.0,0,1.0600433594118202,0.8857573758129892,False,False,False,False,0.2624899022176382,0.27897331402281733,False,False,False,False,625145.0,512304.8346232829,False,False,False,False,12211.08318841671,False,False,False,False
2025-07-21 15:00:00+00:00,60.915,61.065,60.815,60.83,8814.0,,,,,,61.05410651914673,60.3704008306244,58.20149597695079,57.65883188099983,56.53588303921557,,,58.801910257112354,57.444680188453084,56.56837032467977,56.12414182246549,55.99359917804542,56.0324032500472,56.02895404188618,56.043743574275595,56.4265992246528,55.84546825374111,"rgba(38, 166, 154, 1.0)",0.0,0.0,1.9750290179186303,57.05030939414669,1.913739277530469,0.0,0.0,0.0,0.0,66.70947609145767,23.379943975315726,False,False,True,False,False,20.0,0,1.0697063514400975,0.884698376958439,False,False,False,False,0.28857168750930384,0.2837725007660606,False,False,False,False,616331.0,513917.64338881336,False,False,False,False,12158.415232007148,False,False,False,False
2025-07-21 16:00:00+00:00,60.825,60.925,60.55,60.67,5224.0,,,,,,61.04625025869818,60.37640904119982,58.221722331762095,57.678204196071185,56.55108078027072,,,58.82196838206713,57.46373560269669,56.583948351057764,56.13757483542453,56.00457489485792,56.041709477975814,56.03802777742771,56.05253665428323,56.44157684150334,55.85123955324427,"rgba(38, 166, 154, 1.0)",0.0,0.0,2.0008158291009654,57.06355291667448,1.8024882804660833,0.0,0.0,0.0,0.0,63.73205176278254,20.461439791107793,False,True,True,False,False,19.643772402709413,0,1.064867913885494,0.8950832001504185,False,False,False,False,0.27135502601899925,0.2775637633925299,False,False,False,False,611107.0,515424.4551192194,False,False,False,False,12050.904918332619,False,False,False,False
2025-07-21 17:00:00+00:00,60.655,60.75,60.53,60.62,10036.0,,,,,,61.02865530335197,60.38473597130588,58.25843704744219,57.713757626324856,56.57940306426483,,,58.85773333110362,57.49882333594751,56.61296455264377,56.16270559123652,56.02515505636032,56.05917395971427,56.05505872830408,56.0690425124627,56.46951492531534,55.86210316567461,"rgba(38, 166, 154, 1.0)",0.0,0.0,2.032691505555074,57.08781851058369,1.7376869435245486,0.0,0.0,0.0,0.0,61.22359724682664,17.9723640980735,False,True,True,False,False,19.259927378188657,0,1.0646831748422938,0.8957725261274834,False,False,False,False,0.2631217740518165,0.2703427687221732,False,False,False,False,601071.0,516752.3085282237,False,False,False,False,12019.666082389476,False,False,False,False
2025-07-21 18:00:00+00:00,60.62,60.67,60.355,60.42,7594.0,,,,,,61.01156964245073,60.387056189998866,58.28375641237131,57.738728344139965,56.59978197537149,,,58.88163835910478,57.523601484097036,56.633827628088696,56.18089668166222,56.040097808795124,56.071865616977426,56.06743783440544,56.081040861035135,56.48964767570459,55.87003039024764,"rgba(38, 166, 154, 1.0)",0.0,0.0,2.0585530604533115,57.10467445625242,1.6105125524515358,0.0,0.0,0.0,0.0,57.509330459573775,14.37197576216586,False,True,True,False,False,17.724976364455678,0,1.06220050737574,0.8947665132011651,False,False,False,False,0.25240740502276043,0.2613750868724668,False,False,False,False,593477.0,517941.8386285613,False,False,False,False,11951.051104367933,False,False,False,False
2025-07-21 19:00:00+00:00,60.42,60.45,60.14,60.16,17031.0,,,,,,60.96171247374903,60.38007345095856,58.33272553610169,57.78852994751183,56.642038696838576,,,58.92536896961099,57.573464773148665,56.677040259826235,56.2189738474252,56.07151906472709,56.09858441870859,56.09350626661987,56.10630947411229,56.53149461796483,55.88682201443706,"rgba(38, 166, 154, 1.0)",0.0,0.0,2.079901403154927,57.137727589256556,1.4530844616764356,0.0,0.0,0.0,0.0,52.73808554340517,9.876231734371373,False,True,False,False,False,15.764327200404953,0,1.0597504924491137,0.8976643842041085,False,False,False,False,0.23425869718618314,0.24781689202932497,False,False,False,False,576446.0,518848.879890134,False,False,False,False,12029.81000197463,False,False,False,False
2025-07-22 14:00:00+00:00,59.57,60.065,59.555,60.06,3939.0,,,,,,60.94577708314401,60.3744047629607,58.34166332742057,57.79813986356582,56.6507206592503,,59.89333333333333,58.93247114810875,57.58323641672128,56.68590496692203,56.22690898494534,56.07810500670009,56.10418872141924,56.0989758794064,56.11161085799445,56.540125228735874,55.89037136506934,"rgba(38, 166, 154, 1.0)",0.0,0.0,2.0986651634949904,57.3306159712395,1.3005333467370028,0.0,0.0,0.0,0.0,48.748817043279246,6.176684805178837,False,True,False,True,False,15.017311428634901,0,1.048882681564246,0.9041899441340784,False,False,False,False,0.1943107646871753,0.22106382835825014,False,False,False,False,572507.0,519680.7887290466,False,False,False,False,11904.371087215333,False,False,False,False
2025-07-22 15:00:00+00:00,60.0,60.24,59.935,60.16,6141.0,,,,,,60.92682178201945,60.36971936024687,58.35732734465928,57.81449127820546,56.66506911837812,,60.02634771825397,58.94580732926698,57.59973192519783,56.70056236525654,56.2399445574321,56.088912498941966,56.113394573704596,56.107960671769554,56.12032176918442,56.554362892301995,55.89619349611719,"rgba(38, 166, 154, 1.0)",0.0,0.0,2.11798992120012,57.34781575038532,1.3277609215539619,0.0,0.0,0.0,0.0,47.262306821542275,4.727132700536949,False,True,False,True,False,15.516865324093672,0,1.060055865921788,0.8986033519553073,False,False,False,False,0.21708471531048212,0.21907427183436612,False,False,False,False,578648.0,520595.00905882876,False,False,False,False,11815.01649671587,False,False,False,False
2025-07-22 16:00:00+00:00,60.16,60.16,59.96,60.085,3527.0,,,,,,60.91576124358919,60.366663820931386,58.3659799153485,57.8236032274038,56.673153365912874,,60.03723059209722,58.953051632239685,57.60894718988502,56.70881785324417,56.24730853392483,56.0950269103065,56.11860563736496,56.11304714338671,56.12525350117834,56.56238991144474,55.899495804099445,"rgba(38, 166, 154, 1.0)",0.0,0.0,2.135066895590775,57.35425063954814,1.2789994384209957,0.0,0.0,0.0,0.0,45.566560388424634,2.9260210705121352,False,True,False,True,False,14.943591863816682,0,1.0681477315335586,0.8969816272965881,False,False,False,False,0.21481828636573622,0.21694627910005115,False,False,False,False,575121.0,521440.3732594671,False,False,False,False,11686.520116921825,False,False,False,False
2025-07-22 17:00:00+00:00,60.075,60.43,60.05,60.42,2873.0,,,,,,60.909366100445,60.366117794972084,58.37391404798653,57.8317317260707,56.680157650103006,,60.083039846278325,58.96009538726446,57.61710532008287,56.71597436640869,56.25364854661317,56.100283268460394,56.123088671417705,56.11742291545335,56.12949715198149,56.56933172579648,55.90233118496558,"rgba(38, 166, 154, 1.0)",0.0,0.0,2.156491357036228,57.36204601806948,1.4180228322979325,0.0,0.0,0.0,0.0,48.16515263183042,2.9260210705121352,False,True,False,True,False,16.6285543955178,0,1.0778842540398348,0.8826568959037957,False,False,False,False,0.22969371857035192,0.22331999883520154,False,False,False,False,577994.0,522317.1736740489,False,False,False,False,11549.876394178851,False,False,False,False
2025-07-22 18:00:00+00:00,60.42,60.74,60.35,60.655,5907.0,,,,,,60.90251486536229,60.36968762353891,58.39238003166113,57.850165862067385,56.69558806108192,,60.21460676583137,58.977344871861824,57.635469080819064,56.7317485495493,56.26752480416388,56.11177142693886,56.13289535887351,56.126994937083786,56.138782663867495,56.584595160186204,55.908522024298534,"rgba(38, 166, 154, 1.0)",0.0,0.0,2.1807144709022728,57.38164395383583,1.501047518985748,0.0,0.0,0.0,0.0,51.956711742222765,2.9260210705121352,False,True,True,False,True,17.77774701024169,0,1.0982675376313549,0.8673672252201081,False,False,False,False,0.2519054030461324,0.23761270094066697,False,False,False,False,583901.0,523271.96167910245,False,False,False,False,11462.389938455148,False,False,False,False
2025-07-22 19:00:00+00:00,60.715,60.84,60.61,60.74,9436.0,,,,,,60.89693950104805,60.378974324305865,58.42320145347534,57.880677320293714,56.720916645930316,,60.36742864175807,59.00662949879147,57.66578988302604,56.75764194151767,56.29026328569593,56.13060617763068,56.14899099232143,56.14270700014831,56.1540280515777,56.609633864691574,55.91869035400936,"rgba(38, 166, 154, 1.0)",0.0,0.0,2.205009186718388,57.4112840322079,1.509615464571407,0.0,0.0,0.0,0.0,55.174159699718786,-2.152561701234049,False,True,True,False,True,18.19054539093706,0,1.099846537502398,0.87070784577019,False,False,False,False,0.26302693442958697,0.25031981768512696,False,False,False,False,593337.0,524358.2413429923,False,False,False,False,11430.973040184525,False,False,False,False
2025-07-23 14:00:00+00:00,61.52,62.21,61.52,62.14,14795.0,,,,,61.95666666666666,60.948048855754806,60.44025539074122,58.49476962886803,57.947281322192936,56.77195333255593,,60.87179984126304,59.08194190694759,57.73071274488747,56.80990322685119,56.33517547398256,56.16762462443249,56.1806994734108,56.173657855267074,56.18408244293374,56.659797750141976,55.93859040351803,"rgba(38, 166, 154, 1.0)",0.0,0.0,2.2579040109184203,57.48827724389082,2.0601950896119163,0.0,0.0,0.0,0.0,63.54558808306505,5.645603630086917,False,True,True,False,True,20.0,0,1.0840430510060834,0.8610201216658869,False,False,False,False,0.3428282449349765,0.2965740313100517,False,False,False,False,608132.0,525657.0593066668,False,False,False,False,11483.12849692585,False,False,False,False
2025-07-23 15:00:00+00:00,62.16,62.465,61.97,62.41,12609.0,,,,,62.106204142947504,61.00070023525041,60.49925875477647,58.5590288686006,58.006813823313244,56.817348043885794,,61.17195029294073,59.15007680347576,57.78864965771068,56.85638112499745,56.375074234836575,56.20055463599146,56.20895616661732,56.20124457364146,56.21087986828381,56.704390692491636,55.95635724397382,"rgba(38, 166, 154, 1.0)",0.0,0.0,2.3142469286672522,57.54984311761335,2.100102984769026,0.0,0.0,0.0,0.0,69.75392987748994,11.182222269892257,False,False,True,False,True,20.0,0,1.0905874685783448,0.8591378828786891,False,False,False,False,0.34282824489537317,0.31970113810271245,False,False,False,False,620741.0,527131.2289298193,False,False,False,False,11500.583869066535,False,False,False,False
2025-07-23 16:00:00+00:00,62.39,62.475,62.225,62.25,6509.0,,,,,62.146598698630804,61.02698443213609,60.52883119426292,58.5916585576487,58.03715652839503,56.840638369790796,,61.28529699606507,59.184506607667046,57.81821274697039,56.880219025517405,56.39558271483432,56.21751232680498,56.22352408883963,56.21546946883737,56.22470045164958,56.727277404097606,55.965540456588386,"rgba(38, 166, 154, 1.0)",0.0,0.0,2.3629931164663653,57.57918076633426,1.9766537621787537,0.0,0.0,0.0,0.0,72.2535938600139,13.344885339511208,True,False,True,False,True,20.0,0,1.0955673422996781,0.8649365410115551,False,False,False,False,0.3428282450547922,0.3312646915787523,False,False,False,False,614232.0,528481.628481295,False,False,False,False,11423.194971871704,False,False,False,False
2025-07-23 17:00:00+00:00,62.25,62.28,61.875,62.06,18848.0,,,,,62.1198304618942,61.0841015945674,60.59825521765911,58.67701652080551,58.11776282329195,56.904012372342294,,61.46052511901384,59.272632187091084,57.89713518757701,56.94502817825581,56.451753593237996,56.26413890839781,56.26363835912068,56.25465032510025,56.26277449986268,56.78965018848488,55.99096313049302,"rgba(38, 166, 154, 1.0)",0.0,0.0,2.399436022323617,57.65016803994765,1.8378618637982538,0.0,0.0,0.0,0.0,72.01361032960243,13.344885339511208,True,False,True,False,True,20.0,0,1.0854337770225622,0.8708581138487679,False,False,False,False,0.3175281277904937,0.324396409684623,False,False,False,False,595384.0,529518.8745513523,False,False,False,False,11538.308228121756,False,False,False,False
2025-07-23 18:00:00+00:00,62.085,62.43,62.085,62.32,7329.0,,,,,62.139162589449164,61.10896234186025,60.62714643531717,58.711040258896475,58.14983655899273,56.929211528832354,,61.52573587704315,59.30788811267154,57.928519232742794,56.97079261478864,56.47408867589823,56.282707688174945,56.279638255846194,56.270280772253805,56.27796792249183,56.8144459947002,56.001125650097194,"rgba(38, 166, 154, 1.0)",0.0,0.0,2.433538794238139,57.678301513503115,1.9073862711730671,0.0,0.0,0.0,0.0,72.82443282228562,14.377661438966328,True,False,True,False,True,20.0,0,1.087602992707643,0.8746093380054928,False,False,False,False,0.3341941438539516,0.32929527676928727,False,False,False,False,602713.0,530653.667193967,False,False,False,False,11473.047635437697,False,False,False,False
2025-07-23 19:00:00+00:00,62.315,62.505,62.185,62.415,27609.0,,,,,62.211309079921094,61.200541560983076,60.73307857577281,58.83672964774326,58.26888615063183,57.023616114695535,,61.72037178650513,59.43739674051321,58.04517942219436,57.067262939847375,56.55799243873359,56.35267497300166,56.3400474946752,56.329311999464245,56.33536851661762,56.90738207018275,56.039660261192026,"rgba(38, 166, 154, 1.0)",0.0,0.0,2.4587111177117382,57.78041870581917,1.88496373599763,0.0,0.0,0.0,0.0,73.70875461937851,15.732393261227443,True,False,True,False,True,20.0,0,1.0813854452540932,0.8764076843001797,False,False,False,False,0.34236028721753403,0.3358277819934107,False,False,False,False,630322.0,532198.912663828,False,False,False,False,11723.217439539438,False,False,False,False
2025-07-24 14:00:00+00:00,62.9,63.535,62.79,63.38,12127.0,,,,63.234999999999985,62.335668463125835,61.26351247326429,60.7981972330667,58.90213550748626,58.329691144191585,57.07061169272494,,61.859893517358024,59.50669592407618,58.10439408351606,57.115305951688185,56.599481237605666,56.3872561677537,56.369964946365826,56.35855066832018,56.36381361676957,56.95355099939897,56.058736950865075,"rgba(38, 166, 154, 1.0)",0.0,0.0,2.505855121887702,58.17765677528308,2.0760750209684544,0.0,0.0,0.0,0.0,76.87834558996948,19.205142005193025,True,False,True,False,True,20.0,0,1.0842487432507915,0.8623161422453918,False,False,False,False,0.3428282459264814,0.33932801395994605,False,False,False,False,642449.0,533908.2163434585,False,False,False,False,11729.477634275261,False,False,False,False
2025-07-24 15:00:00+00:00,63.37,63.445,63.04,63.38,21551.0,,,,63.26912870914742,62.50481814237184,61.369081651743855,60.90828319131099,59.01506539902662,58.43528799657177,57.15310400456549,,62.060835465622276,59.62547837913732,58.207416804375676,57.199590134749634,56.67253545150414,56.44833278851403,56.42290386654031,56.410302864965864,56.41417701488311,57.03463967490302,56.09263997256222,"rgba(38, 166, 154, 1.0)",0.0,0.0,2.5474156538563637,58.26996285781153,2.0059691218638496,0.0,0.0,0.0,0.0,78.99140623703013,21.607845705898413,True,False,True,False,True,20.0,0,1.088950789229341,0.864438254410399,False,False,False,False,0.3428282460036097,0.3410781299817779,False,False,False,False,642449.0,535591.0191908467,False,False,False,False,11881.74929886014,False,False,False,False
2025-07-24 16:00:00+00:00,63.39,63.41,63.01,63.15,10506.0,,,,63.250313612770846,62.55940076936881,61.41421635150387,60.95642032873617,59.06681693955219,58.48414164718015,57.191898133621095,,62.1333007546048,59.67923648494105,58.25522588145107,57.23919907924593,56.70705269767849,56.477294596801954,56.44805321191483,56.43489584703637,56.43811680062991,57.07281214792152,56.10882820591033,"rgba(38, 166, 154, 1.0)",0.0,0.0,2.5793921258191173,58.309786177550926,1.8764939901923614,0.0,0.0,0.0,0.0,77.98863710606385,21.607845705898413,True,False,True,False,True,20.0,0,1.1034870641169856,0.8610798650168727,False,False,False,False,0.34009687347512957,0.34058750172845376,False,False,False,False,631943.0,537084.8483506786,False,False,False,False,11860.419852366185,False,False,False,False
2025-07-24 17:00:00+00:00,63.15,63.295,63.03,63.22,3076.0,,,,63.245845605868254,62.573583520427185,61.42695067430882,60.97008097435325,59.08169694839348,58.498230846510424,57.203146641977355,,62.15263601587701,59.69463389472159,58.26902716985093,57.25068094710756,56.71707684339698,56.485716679462904,56.45537216817615,56.44205373323735,56.44508541920518,57.083883934270695,56.11354835118209,"rgba(38, 166, 154, 1.0)",0.0,0.0,2.595013629778783,58.321235095946506,1.887760760806138,0.0,0.0,0.0,0.0,77.55152766162388,21.607845705898413,True,False,True,False,True,20.0,0,1.1085016439643027,0.8536402066697978,False,False,False,False,0.33611362870789946,0.33835056521817664,False,False,False,False,635019.0,538603.207290978,False,False,False,False,11724.227296515546,False,False,False,False
2025-07-24 18:00:00+00:00,63.24,63.4,63.095,63.175,11794.0,,,,63.241349555773816,62.62580152819136,61.475241829543954,61.02189816024449,59.138335975133415,58.55195102115309,57.246184805912705,,62.223349908909,59.753127476031445,58.32167784447718,57.29460295800251,56.75547134443587,56.5180131974007,56.483460597738905,56.46952712120603,56.47183598761052,57.126253555735566,56.13169443996608,"rgba(38, 166, 154, 1.0)",0.0,0.0,2.6098659452644615,58.36537908314908,1.8428612877906079,0.0,0.0,0.0,0.0,76.73676041766609,21.607845705898413,True,False,True,False,True,20.0,0,1.1059496996997,0.8530405405405403,False,False,False,False,0.34282824600838363,0.3405894056132801,False,False,False,False,623225.0,539915.1730694125,False,False,False,False,11725.309043856389,False,False,False,False
2025-07-24 19:00:00+00:00,63.17,63.355,63.095,63.18,16292.0,,,,63.23457086861501,62.68417658724074,61.53735528928957,61.089267630476556,59.21382803256441,58.62397479907432,57.30450425530258,,62.305839097919275,59.830512629732425,58.39240154488725,57.354090037078514,56.807661639072,56.5620333469804,56.52180410746752,56.50704000685473,56.50837099717037,57.18370341110293,56.156562429129565,"rgba(38, 166, 154, 1.0)",0.0,0.0,2.616541641587434,58.42389455565167,1.8177067655849877,0.0,0.0,0.0,0.0,76.21476623603556,21.607845705898413,True,False,True,False,True,20.0,0,1.1056232427366453,0.8531396438612933,False,False,False,False,0.34093784647847725,0.3407636260458787,False,False,False,False,639517.0,541459.3874404293,False,False,False,False,11796.110454029158,False,False,False,False
2025-07-25 14:00:00+00:00,63.305,63.325,62.885,63.065,9584.0,,,,63.218444719180496,62.70679958176205,61.56941832884563,61.124890019935634,59.2556669364725,58.664246042084194,57.33760487790714,,62.342675966322986,59.87289997206263,58.43205918740047,57.38783259729071,56.8374107006431,56.5872031792764,56.54376120729667,56.52852692663497,56.5293024984383,57.21634130750062,56.170865856542726,"rgba(38, 166, 154, 1.0)",0.0,0.0,2.621242092616972,58.45549624044577,1.7585188993177792,0.0,0.0,0.0,0.0,74.31408924854286,21.607845705898413,True,False,True,False,False,20.0,0,1.1043437645959835,0.8525922466137317,False,False,False,False,0.3308948651428555,0.3358292455943671,False,False,False,False,629933.0,542831.0713560815,False,False,False,False,11761.81416792018,False,False,False,False
2025-07-25 15:00:00+00:00,63.065,63.115,62.71,62.72,7876.0,,,,63.187035141406085,62.712975143809494,61.59073732336884,61.14972278833782,59.28724116024244,58.695011705761054,57.363386002407324,,62.36143259485325,59.904345564292484,58.46247576677099,57.41409576190749,56.86070504443157,56.606974223253616,56.56102920820525,56.545429102536886,56.54577020518283,57.24179425781499,56.18216439690004,"rgba(38, 166, 154, 1.0)",0.0,0.0,2.6192541094916653,58.47815453450859,1.6194860399835926,0.0,0.0,0.0,0.0,68.98160714166654,24.26649142888924,False,False,True,False,False,20.0,0,1.1037991225613744,0.855689349388593,False,False,False,False,0.31491685561076627,0.3253730506025667,False,False,False,False,622057.0,544059.3803273049,False,False,False,False,11701.568987022192,False,False,False,False
2025-07-25 16:00:00+00:00,62.715,62.855,62.615,62.85,9494.0,,,,63.148641348973605,62.71599116311139,61.614032431411864,61.17744162962324,59.32378561341246,58.73084263741428,57.39372401323183,,62.379061980627114,59.9404353255584,58.497971061564506,57.44498807753671,56.88819723673262,56.630357168914045,56.581472515219055,56.56544275782747,56.56527233958057,57.271765592487746,56.195580661635326,"rgba(38, 166, 154, 1.0)",0.0,0.0,2.613867944374679,58.504244340566935,1.6625765922052773,0.0,0.0,0.0,0.0,66.3757838704126,21.774319618820698,False,True,True,False,False,20.0,0,1.1013368234084324,0.8611760306628023,False,False,False,False,0.3003207578092021,0.3128469042058844,False,False,False,False,631551.0,545415.8395470367,False,False,False,False,11667.343111254406,False,False,False,False
2025-07-25 17:00:00+00:00,62.875,63.02,62.87,62.88,4847.0,,,62.92333333333333,63.138449108856676,62.72114901854114,61.6270684766518,61.19252732710463,59.34294741042562,58.74956363134971,57.40950996265847,,62.390700463377584,59.95946964400987,58.51649604896067,57.461062835754234,56.902489793638274,56.64251651799378,56.59210928885167,56.57585656189567,56.5754212332677,57.28735584468608,56.202564785096044,"rgba(38, 166, 154, 1.0)",0.0,0.0,2.613460087820264,58.51853258061506,1.6688479153406899,1.0,62.88,62.855,846.0,64.86415200484889,20.270646445035695,False,True,True,False,False,20.0,0,1.1063331459621513,0.85778527262507,False,False,False,False,0.31760334126614864,0.31522512273601655,False,False,False,False,636398.0,546826.4156780903,False,False,False,False,11561.601357591548,False,False,False,False
2025-07-25 18:00:00+00:00,62.88,63.185,62.88,63.17,3750.0,,,62.990944127796524,63.13641628417961,62.72789357120318,61.63816223574851,61.20505036588685,59.358268760163014,58.76446690708422,57.42200303539634,,62.401891481749914,59.97479161945036,58.531222661642666,57.47378596218476,56.91378469372214,56.6521230673741,56.600515111353786,56.58408625062409,56.583442152448185,57.29968883608521,56.20808267106486,"rgba(38, 166, 154, 1.0)",0.0,0.0,2.6239166996773564,58.53033380425084,1.768221604107962,0.0,0.0,0.0,0.0,65.8828441599313,20.270646445035695,False,True,True,False,False,20.0,0,1.1046533358250796,0.8544197346290411,False,False,False,False,0.3248584144535048,0.32004176859476063,False,False,False,False,640148.0,548273.2619466471,False,False,False,False,11440.491259024237,False,False,False,False
2025-07-25 19:00:00+00:00,63.17,63.195,63.02,63.035,22917.0,,,63.058129614351294,63.12732529232118,62.76466618964425,61.702660684667855,61.27830307558085,59.449358602128136,58.85346297310362,57.49723654064614,,62.46353531804928,60.065397192319296,58.61929061689913,57.55037252799302,56.981977561573544,56.7102582813518,56.651454371099334,56.63396872940656,56.63207027525946,57.373995673500296,56.24163647763383,"rgba(38, 166, 154, 1.0)",0.0,0.0,2.6247503527789586,58.600812466384056,1.6893749643356508,0.0,0.0,0.0,0.0,64.81847350188517,19.940270031291732,False,True,True,False,False,20.0,0,1.1069989693619418,0.8573034760610885,False,False,False,False,0.3311034319785463,0.32557260028665347,False,False,False,False,617231.0,549342.3741645284,False,False,False,False,11618.42162710138,False,False,False,False
2025-07-28 14:00:00+00:00,62.855,63.085,62.78,62.83,3766.0,,,63.041071995464854,63.12105705771187,62.76690070978653,61.7113661355899,61.28861961094653,59.463162667664214,58.867113833778845,57.50900582161116,,62.46990418848032,60.07890181060082,58.63285174204795,57.56234440500798,56.99270446237747,56.719436957126824,56.65951026996078,56.641859822005856,56.639764750129864,57.38563462866059,56.246970888034944,"rgba(38, 166, 154, 1.0)",0.0,0.0,2.621129713114523,58.6112261167976,1.609525031170431,-1.0,63.02,62.965,848.0,61.679404726838584,16.797979689265148,False,True,True,False,False,20.0,0,1.1003661628016153,0.8632053328325977,False,False,False,False,0.3165695544060912,0.3210710773463723,False,False,False,False,613465.0,550336.5234022877,False,False,False,False,11496.678656138567,False,False,False,False
2025-07-28 15:00:00+00:00,62.83,62.965,62.725,62.92,4082.0,,,63.02333113154819,63.11382283181092,62.76873559585108,61.72043815565101,61.299460187483426,59.47787837358798,58.88170317175022,57.52163809284667,,62.47615721738953,60.0932492733876,58.64735702317013,57.57519185523978,57.004232026520675,56.72930962078752,56.668179146455934,56.6503519905429,56.64804588488322,57.398130375131764,56.25271866528418,"rgba(38, 166, 154, 1.0)",0.0,0.0,2.6125057041187287,58.6223059307369,1.6450467696539763,0.0,0.0,0.0,0.0,60.393989725283575,15.434301386501375,False,True,True,False,False,20.0,0,1.099121232164793,0.8685627893791927,False,False,False,False,0.3093512147859232,0.31521114606614775,False,False,False,False,617547.0,551378.5462952756,False,False,False,False,11381.722397903859,False,False,False,False
2025-07-28 16:00:00+00:00,62.905,63.085,62.88,63.035,3092.0,,,63.021631883921415,63.11139153322188,62.77181178560827,61.72798242837395,61.30824474821155,59.489364719755024,58.89304150309017,57.53139874529928,,62.4822861200664,60.10452349383082,58.65861466196228,57.58512003263324,57.01312662965326,56.73692468529415,56.674866790185575,56.65690329892689,56.65443472774725,57.40778168872825,56.25715121045917,"rgba(38, 166, 154, 1.0)",0.0,0.0,2.601340693835438,58.6311554158282,1.692913425222567,0.0,0.0,0.0,0.0,60.555049757465355,15.359766442679017,False,True,True,False,False,20.0,0,1.0970440072236483,0.8698792890409655,False,False,False,False,0.3207086572206276,0.31795990164338767,False,False,False,False,620639.0,552452.3517790698,False,False,False,False,11253.199570029381,False,False,False,False
2025-07-28 17:00:00+00:00,63.02,63.14,62.93,63.035,4905.0,,,63.023016427711724,63.10888783835252,62.777250566654594,61.74009381671171,61.322279965797414,59.50761334470765,58.911052764326946,57.54691006953386,,62.49235763915977,60.12244409314132,58.676497280473946,57.60089660192362,57.027264762837476,56.7490342843315,56.685505358765134,56.66732548385463,56.6645991136233,57.42311942891154,56.264207288834555,"rgba(38, 166, 154, 1.0)",0.0,0.0,2.597662650007131,58.645310884977604,1.689861119961186,0.0,0.0,0.0,0.0,60.66242311225321,15.134907680894457,False,True,True,False,False,20.0,0,1.0913952822080033,0.8742240473689235,False,False,False,False,0.3250661852957608,0.3215130434695742,False,False,False,False,620639.0,553509.5091158283,False,False,False,False,11154.777871269234,False,False,False,False
2025-07-28 18:00:00+00:00,63.035,63.06,62.9,62.995,3916.0,,,63.02011301803998,63.1057288295621,62.78062244584995,61.74923603740115,61.33300014488483,59.52184357293782,58.925147350370246,57.5591189503754,,62.49942175002533,60.13635183974372,58.69050705425266,57.613311413451626,57.03841109644396,56.75859219894939,56.69390666442349,56.67555666938599,56.67262731562573,57.43519614670835,56.26978858260386,"rgba(38, 166, 154, 1.0)",0.0,0.0,2.59535916034178,58.65629100039013,1.6717181444122404,0.0,0.0,0.0,0.0,60.107147139808944,14.24363136834262,False,True,True,False,False,20.0,0,1.0863675665289656,0.8801998270727254,False,False,False,False,0.32050145056219126,0.32100724701588274,False,False,False,False,616723.0,554489.5632380635,False,False,False,False,11042.54875698599,False,False,False,False
2025-07-28 19:00:00+00:00,63.01,63.01,62.66,62.88,18206.0,,,62.975538564499644,63.078625721121654,62.785490211191615,61.785577384795076,61.37714842107788,59.5839804633982,58.98727748456654,57.6137726816585,,62.52133236412487,60.19629333365687,58.7524512664466,57.66885378799179,57.0885247874745,56.80169100637959,56.73184110483145,56.712731765795255,56.70889269354123,57.48931139982756,56.29509627539656,"rgba(38, 166, 154, 1.0)",0.0,0.0,2.5918741210672778,58.703623142946334,1.6113347570035255,0.0,0.0,0.0,0.0,57.95058483338843,11.922225705753974,False,True,True,False,False,20.0,0,1.0917981988960976,0.8764403989541976,False,False,False,False,0.3085282605575538,0.3147677537867183,False,False,False,False,598517.0,555172.1591568532,False,False,False,False,11153.610016567603,False,False,False,False
2025-07-29 14:00:00+00:00,63.03,63.06,62.23,62.275,18353.0,,,62.88070158860274,63.024864323757626,62.76806264314654,61.8092862792242,61.409768554322525,59.63824872479062,59.04279246433815,57.664352877436556,,62.521352177900646,60.24694512292578,58.808199670177075,57.720191312676604,57.135346382628676,56.84219964854524,56.767584603796045,56.747775903952935,56.74309077572766,57.5395048810109,56.31914397810917,"rgba(38, 166, 154, 1.0)",0.0,0.0,2.579793776240019,58.74354168741809,1.3688917095260684,-1.0,62.66,62.365,854.0,50.26151100264791,4.73769387524527,False,True,False,False,False,15.868896847344033,0,1.092787486723955,0.8647291686781884,False,False,False,False,0.29296747548410507,0.3038676146354117,False,False,False,False,580164.0,555559.6295575221,False,False,False,False,11265.228465923143,False,False,False,False
2025-07-29 15:00:00+00:00,62.275,62.365,61.95,62.3,5247.0,,,62.84261211561256,63.00284668587699,62.75762605388348,61.81289692642291,61.41619596622432,59.6517334054906,59.05692904348071,57.677692064643864,,62.51608103130172,60.259063231168746,58.82250253253776,57.73371446014205,57.14780611640278,56.85303569138633,56.77716453209425,56.75717197438295,56.7522622030692,57.552770915309516,56.32563568740779,"rgba(38, 166, 154, 1.0)",0.0,0.0,2.561639879817746,59.023802532571594,1.2789453713772976,0.0,0.0,0.0,0.0,45.48262480925647,0.5805558664374502,False,True,False,True,False,15.999538649609743,0,1.0852765465407597,0.8731932935054922,False,False,False,False,0.2536458956504425,0.2787567551429271,False,False,False,False,585411.0,556022.4415023667,False,False,False,False,11171.92259823441,False,False,False,False
2025-07-29 16:00:00+00:00,62.28,62.55,62.18,62.485,5242.0,,,62.81928122955293,62.98722578335152,62.75121493792821,61.81824560194202,61.42411634656475,59.66610872893975,59.071815770693824,57.6915257758356,,62.514262209311426,60.27224992390113,58.83750980202556,57.74774420929319,57.16068284009073,56.86422068883089,56.787053098367515,56.76687027165967,56.76172913599591,57.566515722845644,56.33232706092851,"rgba(38, 166, 154, 1.0)",0.0,0.0,2.538844748632034,59.03890267555467,1.3573485839581723,0.0,0.0,0.0,0.0,44.80643225632785,0.16598416464796628,False,True,False,True,False,16.96768655409226,0,1.0924369747899163,0.870375736501497,False,False,False,False,0.27028243364423854,0.2745195943935828,False,False,False,False,590653.0,556559.3493860508,False,False,False,False,11079.985813765661,False,False,False,False
2025-07-29 17:00:00+00:00,62.475,62.67,62.33,62.475,7186.0,,,62.79696807855253,62.970089433085185,62.744903386710355,61.82648282494725,61.4357113675215,59.68618885313277,59.09253448615999,57.710704966318296,,62.51376616228427,60.290789718719004,58.85837422320887,57.76719587760243,57.17852277054328,56.87971930805577,56.80076076510545,56.78031472496615,56.77485399410048,57.585566992745484,56.34160660539149,"rgba(38, 166, 154, 1.0)",0.0,0.0,2.498537539809364,59.05712782826123,1.3679490971344588,0.0,0.0,0.0,0.0,44.25286957282236,-0.37916698211073196,False,True,False,True,False,16.884523416675837,0,1.0966178893303618,0.8669444713635039,False,False,False,False,0.28118463044933506,0.2778521124214589,False,False,False,False,583467.0,556976.5222637864,False,False,False,False,11019.613940684021,False,False,False,False
2025-07-29 18:00:00+00:00,62.44,62.655,62.335,62.5,7278.0,,,62.77759001480666,62.95407000423084,62.73893657566731,61.83468380416911,61.44725530019092,59.706272958908116,59.113294624796566,57.729994264712964,,62.513394235261664,60.30929575191839,58.879293051703165,57.78675533682083,57.196486696113475,56.89534348480861,56.81458908139915,56.79387895496675,56.78809731338728,57.60473203882665,56.350984113938864,"rgba(38, 166, 154, 1.0)",0.0,0.0,2.4545332155636213,59.073366700306885,1.3960427497846168,0.0,0.0,0.0,0.0,44.2545946496619,-0.5866045518719716,False,True,False,True,False,17.018275533474696,0,1.0910762679055366,0.8679829655439409,False,False,False,False,0.2807796965801618,0.27931590450081034,False,False,False,False,590745.0,557500.0645542704,False,False,False,False,10961.604422223803,False,False,False,False
2025-07-29 19:00:00+00:00,62.5,62.815,62.36,62.78,31851.0,,,62.74986020271297,62.9150648745839,62.730630160442516,61.87621164873153,61.50199970888002,59.79559376788175,59.20527588905835,57.81529984982479,,62.525412232349154,60.39225014232152,58.971884917760384,57.87324022368717,57.27595395535214,56.96457408689846,56.87595441056141,56.854084174382315,56.84689488438077,57.68947730987002,56.39271597230035,"rgba(38, 166, 154, 1.0)",0.0,0.0,2.4154792205406457,59.14714923556136,1.5039875870368775,1.0,62.72,62.655,859.0,47.93022449063731,-0.5866045518719716,False,True,False,False,True,18.504267465564606,0,1.0948142414860682,0.8651315789473683,False,False,False,False,0.28828566759865865,0.28380078604973447,False,False,False,False,622596.0,558509.3038635065,False,False,False,False,11285.47102032886,False,False,False,False
2025-07-30 14:00:00+00:00,62.98,63.005,62.72,62.885,3474.0,,,62.75267810845847,62.91443968340175,62.73206214822943,61.881690959762466,61.50874825337681,59.80572922113352,59.21563718991379,57.824837615634834,,62.52864820932023,60.40178410825323,58.98229270581468,57.88291006250385,57.28482801706832,56.97231053441097,56.8828196657265,56.860820490117426,56.8534752461236,57.69894782180398,56.39739188270662,"rgba(38, 166, 154, 1.0)",0.0,0.0,2.3724184224478497,59.15596195152109,1.5718298311944914,0.0,0.0,0.0,0.0,51.528492040567464,-3.8275384542880744,False,True,True,False,True,19.052933199631273,0,1.1013709210272256,0.8569221857501446,False,False,False,False,0.31079236330685955,0.297296574678297,False,False,False,False,626070.0,559556.7565167855,False,False,False,False,11164.362942494303,False,False,False,False
2025-07-30 15:00:00+00:00,62.88,62.93,62.68,62.89,2002.0,,,62.753753769357516,62.913796395339936,62.73265825867677,61.884705092405845,61.51250321194495,59.81147026629043,59.22152199813712,57.83027789035943,,62.53028822162953,60.40716397487018,58.98820898189099,57.88842478023013,57.289895704642646,56.976732040994925,56.88674465794683,56.864672007652594,56.85723778605472,57.704351199437625,56.4000682083094,"rgba(38, 166, 154, 1.0)",0.0,0.0,2.323641713089515,59.1608465058231,1.6048745695904274,0.0,0.0,0.0,0.0,53.983860568123966,-1.5121905760482122,False,True,True,False,True,19.079321975947426,0,1.0999514798641439,0.8654051431344006,False,False,False,False,0.3060618218158177,0.30167919824705736,False,False,False,False,628072.0,560619.0083537346,False,False,False,False,11022.31080385098,False,False,False,False
2025-07-30 16:00:00+00:00,62.895,62.895,62.625,62.84,3079.0,,,62.75441528007155,62.9122643281812,62.733142803445304,61.8890774115032,61.51803425081455,59.820121706823194,59.23041888067222,57.838543970289756,,62.5323931753841,60.4152334438782,58.99716259501598,57.89680245254665,57.297606114488204,56.98346506463303,56.892723758864555,56.870539572500896,56.86297008275965,57.71256381943043,56.404150127744614,"rgba(38, 166, 154, 1.0)",0.0,0.0,2.2731141832492376,59.16803687197844,1.6153887715278714,0.0,0.0,0.0,0.0,54.7535159760502,-0.6892718787103576,False,True,True,False,True,18.62868711289682,0,1.1123893805309737,0.8636184857423793,False,False,False,False,0.3023689138974681,0.30202405607226274,False,False,False,False,624993.0,561617.0547358473,False,False,False,False,10899.158698364918,False,False,False,False
2025-07-30 17:00:00+00:00,62.84,63.015,62.715,62.92,4497.0,,,62.75809176231847,62.911763913996694,62.735085363643954,61.89606731534363,61.52663582209995,59.83307625971806,59.24368467805689,57.850802373141896,,62.536551615407866,60.42739779422725,59.01049576798772,57.90922787972952,57.309026319634015,56.99343425629159,56.90157759513436,56.879228203899736,56.871458738257544,57.724738700002945,56.41019271676164,"rgba(38, 166, 154, 1.0)",0.0,0.0,2.229584411644332,59.179126240611744,1.6778345506234236,0.0,0.0,0.0,0.0,56.33978733789196,0.9901723663610866,False,True,True,False,True,19.066108038214495,0,1.1171020206998525,0.8510596352883192,False,False,False,False,0.31007812662566187,0.3060510913489623,False,False,False,False,629490.0,562669.3484608729,False,False,False,False,10799.900423971661,False,False,False,False
2025-07-30 18:00:00+00:00,62.955,63.04,62.03,62.035,7355.0,,,62.7407227220859,62.89681344953773,62.7274878231055,61.901435832601805,61.53522029659152,59.85049166688457,59.26213410812757,57.868684913871526,,62.53335349960926,60.44291845831082,59.02923280521623,57.92732685604798,57.325887780133556,57.00824746586232,56.91476020503957,56.892170496338956,56.884105853112366,57.742552410106,56.41926698053013,"rgba(239, 83, 80, 1.0)",0.0,0.0,2.1757492486018557,59.190924606936015,1.3071705734893828,-1.0,62.715,62.205,864.0,47.9094808283274,3.828511206686507,False,True,False,True,False,11.490186840778044,0,1.0958528951486701,0.8623826291079811,False,False,False,False,0.282334404001492,0.2941927476752272,False,False,False,False,622135.0,563591.2965467508,False,False,False,False,10746.491115072877,False,False,False,False
2025-07-30 19:00:00+00:00,62.0,62.205,61.63,62.185,11198.0,,,62.69408280045165,62.86102772282914,62.705448419351136,61.903226093641315,61.54242897833952,59.87280862200596,59.28658649477823,57.89347425008579,,62.518537228007155,60.46172757221715,59.05431509008276,57.95238093305414,57.3495187730934,57.02913325183849,56.93338615335567,56.910464723830366,56.90198726844927,57.76731280318805,56.43219292573412,"rgba(239, 83, 80, 1.0)",0.0,0.0,2.1190585131092354,59.20311215048548,1.407175795792104,0.0,0.0,0.0,0.0,44.21014751129497,0.6267758665930145,False,True,False,True,False,12.36267073283183,0,1.0805447470817124,0.8801556420233462,False,False,False,False,0.23150213963945696,0.2628474436573421,False,False,False,False,633333.0,564672.5632669562,False,False,False,False,10753.491252823684,False,False,False,False
2025-07-31 14:00:00+00:00,62.89,63.07,62.525,62.525,14884.0,,62.70666666666667,62.69506276803732,62.85319780274707,62.70549599520019,61.920992317116806,61.56561928194451,59.9112655218106,59.32661372763636,57.93149707025032,,62.52531801344315,60.49705377076195,59.09475786506721,57.990877508897505,57.385227318494756,57.06049149283545,56.961320170819036,56.93789145389684,56.9287951100796,57.80514303486749,56.45142719582502,"rgba(239, 83, 80, 1.0)",0.0,0.0,2.06491819308729,59.51789460437053,1.4562830652063257,0.0,0.0,0.0,0.0,45.44418705531566,0.6267758665930145,False,True,False,True,False,14.291645843030818,1,1.0879723103547738,0.87270454763965,False,False,False,False,0.3043668010532524,0.2836071223552973,False,False,False,False,648217.0,565967.8258519646,False,False,False,False,10817.530148128742,False,False,False,False
2025-07-31 15:00:00+00:00,62.5,62.92,62.32,62.745,11009.0,,62.687533889468206,62.69324390509362,62.846271663009624,62.704265508052075,61.93291162785942,61.581532957902525,59.938598247516005,59.35523618305908,57.95897511374337,,62.528858605490804,60.521958118657714,59.12373437649884,58.01868501240469,57.411113725525155,57.083280676389954,56.98164789326403,56.95785436899356,56.94831165933637,57.83250008442672,56.46547638823787,"rgba(239, 83, 80, 1.0)",0.0,0.0,2.0162822580538853,59.5379578116335,1.590572041962982,0.0,0.0,0.0,0.0,48.235500942904224,0.6267758665930145,False,True,False,False,True,15.501456523869518,1,1.0861706197398626,0.8745218056618208,False,False,False,False,0.2894385621708477,0.28652284226307245,False,False,False,False,659226.0,567413.6890170504,False,False,False,False,10820.498672963955,False,False,False,False
2025-07-31 16:00:00+00:00,62.745,62.85,62.335,62.465,5642.0,,62.66292738227367,62.68935426272272,62.840880875134644,62.70207743283298,61.93795927939007,61.588686014332076,59.95183067625494,59.36922632542605,57.97260251147211,,62.52913625853508,60.53384598321892,59.137939858701955,58.03246846890075,57.42400199086184,57.09465582231654,56.99180585072933,56.96783204733999,56.95806779718048,57.84607974489797,56.47252253331223,"rgba(239, 83, 80, 1.0)",0.0,0.0,1.9607083616076113,59.54654917391506,1.4884675779584402,0.0,0.0,0.0,0.0,47.59079570055324,0.6267758665930145,False,True,False,True,True,13.218293703434242,1,1.0929832935560861,0.8701670644391407,False,False,False,False,0.2865387344177785,0.28653078834042545,False,False,False,False,653584.0,568749.6628307396,False,False,False,False,10740.21187183273,False,False,False,False
2025-07-31 17:00:00+00:00,62.465,62.49,61.85,61.89,10981.0,,62.51150841251921,62.65859931096169,62.814742887340536,62.68527620662267,61.940132935177154,61.595601450406946,59.972581625641126,59.39210681315723,57.99617603381611,,62.51785894837348,60.551248998879984,59.16146393199746,58.05627036536802,57.44660265838802,57.11475084045351,57.00979573427172,56.98551179834746,56.975359956605026,57.86964977169576,56.485125284235,"rgba(239, 83, 80, 1.0)",0.0,0.0,1.8741179859400376,59.55159440030343,1.2477365978234567,-1.0,62.335,62.215,0.0,43.39583158188567,0.09020777168858274,False,True,False,True,False,8.788829695785235,0,1.079646857793811,0.8815264856654641,False,False,False,False,0.2511657431839458,0.2688482657621856,False,False,False,False,642603.0,569894.675810108,False,False,False,False,10743.94502110664,False,False,False,False
2025-07-31 18:00:00+00:00,61.98,62.215,61.57,61.94,16801.0,,62.34066456496451,62.60508759976228,62.76966922689871,62.6546026285427,61.93938834698434,61.602238367539776,60.001079618093904,59.424226397017385,58.0302576249309,,62.495469261288534,60.57427284220646,59.194699098512544,58.090647726103725,57.4795181473503,57.1441520537327,57.03616903261656,57.01143974991293,57.00072649103086,57.90378526669425,56.50372104034641,"rgba(239, 83, 80, 1.0)",0.0,0.0,1.7986863900437011,59.55945573336042,1.3234904538204333,0.0,0.0,0.0,0.0,41.10417017215975,-2.1898804592943435,False,True,False,True,False,9.082506262389273,0,1.0741647058823534,0.8843294117647058,False,False,False,False,0.22633139749734676,0.2475898316297662,False,False,False,False,659404.0,571282.4172704163,False,False,False,False,10837.852850236768,False,False,False,False
2025-07-31 19:00:00+00:00,61.93,62.06,61.425,61.675,25354.0,,62.15481191907501,62.5190802908238,62.696397509457235,62.60205165963279,61.93190081910393,61.60589278938777,60.03843806709713,59.467614851815,58.07813591605606,,62.45474048272072,60.60287405675983,59.239981159137336,58.13887689285243,57.52620722357231,57.186117003678206,57.07391723700368,57.048568934678535,57.0370662244234,57.95184774650099,56.530573759757324,"rgba(239, 83, 80, 1.0)",0.0,0.0,1.7062794280202738,59.57071784350349,1.2332576493277083,-1.0,61.57,60.185,871.0,38.09095729452716,-5.162603189509994,False,True,False,True,False,7.112812314352727,0,1.0689784091971215,0.891485185531358,False,False,False,False,0.21366235608943113,0.23062609385959865,False,False,False,False,634050.0,572255.5580879292,False,False,False,False,11062.909395194338,False,False,False,False
2025-08-01 14:00:00+00:00,59.43,60.185,59.185,59.775,5860.0,,61.99688482398295,62.45748541836911,62.649060147829424,62.56501329982289,61.91455040100438,61.592427085181534,60.036821479533636,59.46869076431297,58.083030387455935,59.714999999999996,62.421881271370765,60.597780663489665,59.24194171324568,58.143702923408256,57.53176309346008,57.19146603829797,57.0788276725066,57.05341978608215,57.04182379572088,57.95696517724652,56.53435812780558,"rgba(239, 83, 80, 1.0)",0.0,0.0,1.6272553496521913,59.68139286779744,0.057524550294189805,0.0,0.0,0.0,0.0,30.78054074556475,-11.985921969867832,False,True,False,True,False,0.0,0,1.0415843362672896,0.905873899766481,False,False,False,False,0.04709253882927404,0.13885931634443635,False,False,False,False,628190.0,573122.7587377287,False,False,False,False,10982.24413325334,False,False,False,False
2025-08-01 15:00:00+00:00,59.8,60.23,59.61,60.21,5613.0,,61.881277354801135,62.4071881734444,62.60962556747365,62.53407838905157,61.900428695659116,61.5817513587957,60.03672544883492,59.470964064460865,58.08855272941281,59.86258607164647,62.39456394292024,60.594604997853224,59.24499241276782,58.149180076113346,57.537790073491976,57.19717838282244,57.08405031956472,57.058574407237494,57.046877484806686,57.96267546721368,56.53831755870112,"rgba(239, 83, 80, 1.0)",0.0,0.0,1.5304642850869228,59.6776706054644,0.34782216071469296,0.0,0.0,0.0,0.0,29.07290338517791,-13.50039451369176,False,True,False,True,False,0.0,0,1.0437500000000002,0.910357142857143,False,False,False,False,0.06581688909250241,0.10233810271846938,False,False,False,False,633803.0,574063.5376720275,False,False,False,False,10899.000038164142,False,False,False,False
2025-08-01 16:00:00+00:00,60.21,60.43,59.8,59.845,4091.0,,61.80551508953959,62.371939322477736,62.58171026300365,62.51207378927578,61.89031281602325,61.574102058415875,60.03668487092486,59.4726342184825,58.09257513227326,59.9052765998458,62.37511002742659,60.592345274298594,59.24722465078987,58.1531696489766,57.54217911854258,57.20133951979231,57.087855912884706,57.062330588542274,57.050560335303125,57.966834273179884,56.54120459735636,"rgba(239, 83, 80, 1.0)",0.0,0.0,1.438156844056587,59.67235934336145,0.12004299625038417,0.0,0.0,0.0,0.0,27.108242924766728,-15.442031529506778,False,True,False,True,False,0.0,0,1.0423232778027918,0.9143628995947771,False,False,False,False,0.08138861539994006,0.09186335905920473,False,False,False,False,629712.0,574926.3045298255,False,False,False,False,10793.44964997555,False,False,False,False
2025-08-01 17:00:00+00:00,59.86,59.865,59.415,59.45,9143.0,,61.6192037551732,62.28245998485172,62.51088369367302,62.45564549079798,61.86275433867647,61.55240548080827,60.03315427163743,59.47333041290936,58.099432987771586,59.78367217117956,62.32468827040673,60.5834191389798,59.24931833437014,58.159903935973304,57.550171247134756,57.20912556228249,57.095032727737994,57.06942584956539,57.05752265186033,57.97405695793708,56.54681147806707,"rgba(239, 83, 80, 1.0)",0.0,0.0,1.3890628022041192,59.64522941577993,-0.14054758033268447,-1.0,59.8,59.78,875.0,24.985367621136696,-17.635873320061314,False,True,False,True,False,0.0,0,1.030365645494565,0.9270505794627617,False,False,False,False,0.04351118804092578,0.06768727355006526,False,False,False,False,620569.0,575633.9432192855,False,False,False,False,10767.861283309261,False,False,False,False
2025-08-01 18:00:00+00:00,59.49,59.78,59.235,59.51,9460.0,,61.45116967356121,62.19352427525549,62.43940537334866,62.39816719235315,61.83409110544299,61.529687831278366,60.029019496800856,59.47357111046494,58.10613706280552,59.70743763475479,62.273145296764255,60.573731420932894,59.25101038361359,58.166472116438186,57.558098028098314,57.21689703884449,57.1022116602319,57.07652614801481,57.06449176639794,57.98114640903994,56.55246064810332,"rgba(239, 83, 80, 1.0)",0.0,0.0,1.3362629515459767,59.621100319120025,-0.08314255737726647,0.0,0.0,0.0,0.0,24.036855918777018,-18.830102766168793,False,True,False,True,False,0.0,0,1.025969374048536,0.9306886361601148,False,False,False,False,0.03297222802883276,0.05032975078944901,False,False,False,False,630029.0,576477.27743294,False,False,False,False,10747.584364188186,False,False,False,False
2025-08-01 19:00:00+00:00,59.505,59.94,59.495,59.81,17948.0,,61.227736671394254,62.05332548528517,62.32311356378517,62.303621325916914,61.78700282809226,61.492902033789235,60.02488575729825,59.47710961687118,58.12082989202845,59.721521794748796,62.188420158137504,60.55985732632928,59.257098766105734,58.18095700216661,57.57479128934466,57.23302728822897,57.11706208895681,57.091202534351,57.07889343817914,57.99650409240009,56.563984965288775,"rgba(239, 83, 80, 1.0)",0.0,0.0,1.2850818777148478,59.594212907938584,0.16791699875585714,1.0,61.025,59.78,882.0,25.750422374605293,-18.830102766168793,False,True,False,True,False,0.0,0,1.0240064017071222,0.9290477460656177,False,False,False,False,0.04967981561260031,0.050004783201024666,False,False,False,False,647977.0,577585.800263437,False,False,False,False,10859.218715131005,False,False,False,False
2025-08-04 14:00:00+00:00,61.025,61.44,61.025,61.165,6591.0,61.21000000000001,61.22692132164387,62.035934964436926,62.30572512166602,62.289477312135794,61.78225848136188,61.49077281578824,60.03126068290617,59.48526642475555,58.1309464520336,59.888635204805865,62.17650980160386,60.56384585372543,59.2658391572856,58.19110848425403,57.58493743685037,57.24231153968765,57.12548002180998,57.099494252526014,57.08701805183026,58.006726952795326,56.57012918691454,"rgba(239, 83, 80, 1.0)",0.0,0.0,1.2234599622701032,59.60598510674581,1.2742671941315256,1.0,61.15,59.94,878.0,34.322911206962516,-22.94809835789654,False,True,False,True,True,3.352012642202425,0,1.027996198047179,0.9216279270716324,False,False,False,False,0.17162948208647705,0.11081713264375086,False,False,False,False,654568.0,578779.3227399728,False,False,False,False,10793.044781563081,False,False,False,False
2025-08-04 15:00:00+00:00,61.19,61.36,61.15,61.28,7321.0,61.23806593827871,61.228690239198045,62.018634544662994,62.2879464139415,62.274944871100445,61.777561986553145,61.48888719902913,60.03857852697756,59.494514505006265,58.14229939938633,60.04106019759593,62.164327192856184,60.56858012958297,59.275720172074934,58.20250264694738,57.59630598656833,57.25271134261121,57.134911363437794,57.10878428178585,57.096121396873485,58.01819388218562,56.57701313071691,"rgba(239, 83, 80, 1.0)",0.0,0.0,1.1735385851387639,59.61794294462584,1.4162781491991887,0.0,0.0,0.0,0.0,40.509864624725076,-17.35088317152247,False,True,False,True,True,3.9346951499713576,0,1.0300473525613434,0.9232888506241931,False,False,False,False,0.17347022154918054,0.1421436770964657,False,False,False,False,661889.0,580067.8448680353,False,False,False,False,10739.21462991094,False,False,False,False
2025-08-04 16:00:00+00:00,61.28,61.32,61.15,61.295,5718.0,61.242998641535074,61.22965202835175,62.005508603905696,62.27436723154749,62.26378643714755,61.773894052105476,61.48738244803922,60.04419540044242,59.50163727636503,58.15108591455987,60.13780990545218,62.15494989608903,60.572189633064276,59.2833378441351,58.21131926968364,57.605116462054596,57.26077987269275,57.14223296750178,57.11599689496614,57.10318976185214,58.027071154980405,56.58236620611351,"rgba(239, 83, 80, 1.0)",0.0,0.0,1.1417640374069395,59.62612983144438,1.461659426886305,0.0,0.0,0.0,0.0,44.701448300593874,-13.641460419479273,False,True,False,True,True,4.0115344000257025,0,1.0299596531891153,0.924199502103185,False,False,False,False,0.1718339516029772,0.15698881434972145,False,False,False,False,667607.0,581425.0410716316,False,False,False,False,10661.366341075112,False,False,False,False
2025-08-04 17:00:00+00:00,61.28,61.43,61.19,61.365,6263.0,61.26363940061022,61.233451172759445,61.99299496147589,62.26093859402597,62.25270965481297,61.77049464830782,61.48626949198498,60.050657438691076,59.509696640205036,58.16087918867999,60.2333930280655,62.14571734160331,60.576519813664746,59.291922418176725,58.22114924002063,57.61491104296285,57.26974176300451,57.15036507436779,57.124007685119054,57.11104057667027,58.03695847265104,56.58830725810969,"rgba(239, 83, 80, 1.0)",0.0,0.0,1.1250522190077101,59.63515057654568,1.537572562614059,0.0,0.0,0.0,0.0,47.83815562828063,-10.793290467006656,False,False,False,False,True,4.37516768484884,0,1.0305206463195693,0.92262973411986,False,False,False,False,0.17797473746978643,0.16748177590975394,False,False,False,False,673870.0,582858.2962488156,False,False,False,False,10593.174614856893,False,False,False,False
2025-08-04 18:00:00+00:00,61.365,61.46,61.27,61.3,11492.0,61.288136997904694,61.240701322263746,61.97168898788289,62.237645478160594,62.23337156952183,61.76459721162685,61.48445747905724,60.06248428639327,59.52442177434061,58.178777122390876,60.37591184357542,62.12960336586072,60.584493606286216,59.30760291676197,58.239112257575734,57.632821823517766,57.286144065916126,57.16525809880368,57.13867990122198,57.12542140742446,58.05502953197798,56.59920429262687,"rgba(239, 83, 80, 1.0)",0.0,0.0,1.1216395255267628,59.650258508529376,1.4708303817091704,0.0,0.0,0.0,0.0,49.526063087746024,-9.11357982981336,False,False,False,False,True,3.991772248863988,0,1.0317852577758846,0.922368981678739,False,False,False,False,0.18248641194506487,0.1749840939274094,False,False,False,False,662378.0,584091.159872865,False,False,False,False,10607.109892145932,False,False,False,False
2025-08-04 19:00:00+00:00,61.3,61.475,61.235,61.35,25276.0,61.31443569365316,61.2549752231587,61.93008671599811,62.190883257669256,62.194049881354125,61.752476914927165,61.48090058353385,60.087947605642896,59.556164741365535,58.21756512557348,60.5911598533956,62.096765529395235,60.6016846717102,59.341427127024424,58.27802768481995,57.67172098188066,57.321847110652726,57.19772261346131,57.17067019933683,57.156784098920916,58.09420780950217,56.623047000802835,"rgba(239, 83, 80, 1.0)",0.0,0.0,1.1164874133382876,59.678783684484685,1.4968519085391156,0.0,0.0,0.0,0.0,50.949292419176004,-7.492333681078151,False,False,True,False,True,4.25997182264393,0,1.031061699057965,0.922430620385301,False,False,False,False,0.18166556599524314,0.17832482996132626,False,False,False,False,687654.0,585696.7853011927,False,False,False,False,10834.53454498088,False,False,False,False
2025-08-05 14:00:00+00:00,61.68,61.68,60.31,60.75,9216.0,61.26300673372568,61.23988595646249,61.90574207295633,62.16671709365921,62.17351938726109,61.74355575627609,61.47534198184222,60.09384171503681,59.564699338689756,58.229521529519346,60.6151061627632,62.078789581163235,60.604204900962884,59.350846667186815,58.28998030778843,57.684031612368884,57.33330570562903,57.208194695171194,57.18099950238702,57.16691708723601,58.106364807504924,56.630877899200044,"rgba(239, 83, 80, 1.0)",0.0,0.0,1.1207005450656247,59.682081513625064,0.9529026206660778,-1.0,61.235,61.015,884.0,48.24074551523481,-7.492333681078151,False,False,False,False,True,0.7563006559702075,0,1.0150120262088418,0.9207929003898152,False,False,False,False,0.15226704850120953,0.1652959392312679,False,False,False,False,678438.0,587134.6335910966,False,False,False,False,10809.440986143967,False,False,False,False
2025-08-05 15:00:00+00:00,60.75,61.015,60.7,60.945,6394.0,61.23226331165652,61.229384163268335,61.889089969332986,62.150135565235,62.159364647109314,61.737281702930716,61.47136903052975,60.09775032518276,59.57044195027034,58.23767287196828,60.62842322028439,62.06635741608794,60.60578082325655,59.35720541670387,58.29812580161581,57.69244777380396,57.34115383928967,57.21537349835931,57.1880815047753,57.173865415442016,58.11465828435633,56.63626042249566,"rgba(239, 83, 80, 1.0)",0.0,0.0,1.1248354354106356,59.684115454801294,1.1209502345900086,0.0,0.0,0.0,0.0,47.75767387220816,-7.492333681078151,False,False,False,True,True,1.8289700250218175,0,1.0213696369636966,0.9321782178217823,False,False,False,False,0.14110968909754762,0.15320281416440776,False,False,False,False,684832.0,588649.3214423974,False,False,False,False,10740.984536746386,False,False,False,False
2025-08-05 16:00:00+00:00,60.945,61.395,60.94,61.32,5240.0,61.231389258101736,61.22912130744706,61.88022638741782,62.14034756969502,62.150957697044305,61.734186363820925,61.46997721254391,60.102259495383336,59.57628759779186,58.24514758560886,60.651214786741974,62.05917125944566,60.60856884344358,59.36349895949894,58.305613619492554,57.70002480683168,57.34815897012415,57.22176540539148,57.19438383037759,57.1800473207821,58.12222694819934,56.641004771143876,"rgba(239, 83, 80, 1.0)",0.0,0.0,1.1258918506935456,59.68824320916006,1.4493015380072074,1.0,61.3,61.015,0.0,49.75089085521199,-7.492333681078151,False,False,False,False,True,3.846288270295517,0,1.0350223546944861,0.9270574598443452,False,False,False,False,0.16631820839390077,0.15976051127915425,False,False,False,False,690072.0,590221.7660711975,False,False,False,False,10655.697954781324,False,False,False,False
2025-08-05 17:00:00+00:00,61.32,61.675,61.3,61.62,6525.0,61.25315066565967,61.237824645169624,61.87458374373033,62.132488610542204,62.144144142397224,61.732693270857546,61.47039687131953,60.10938617242595,59.58488703569401,58.25537847473689,60.691629194776446,62.05366311562465,60.61377113960771,59.372590472499894,58.315881429455025,57.710250776548804,57.35755002015432,57.23031810233963,57.20281311610793,57.18831407967222,58.13254881909774,56.647302324882254,"rgba(239, 83, 80, 1.0)",0.0,0.0,1.1258126474310877,59.69609611119182,1.7089023588411418,0.0,0.0,0.0,0.0,52.7009571169683,-4.524721876293285,True,False,True,False,True,5.412429185830774,0,1.0501827849783985,0.9117647058823531,False,False,False,False,0.192561891171958,0.17616120122555612,False,False,False,False,696597.0,591870.9945042022,False,False,False,False,10591.656126025024,False,False,False,False
2025-08-05 18:00:00+00:00,61.62,61.68,61.31,61.42,13093.0,61.28068131498738,61.25049526568437,61.861854888447816,62.115758299933,62.12958261913443,61.72886370629017,61.470391526838114,60.122863426036254,59.60137698980317,58.27533391634835,60.7572755898242,62.04168483860519,60.62334555336159,59.39009080575647,58.33589746988764,57.73027785417259,57.375990874607936,57.247133292701555,57.219389241405494,57.20457351598627,58.152700844255484,56.65973121185534,"rgba(239, 83, 80, 1.0)",0.0,0.0,1.1265156876818325,59.710127210831885,1.5178419687050504,0.0,0.0,0.0,0.0,53.240002812251944,-3.595012976597424,True,False,True,False,True,4.226156506252476,0,1.0585093064018032,0.9043485518738003,False,False,False,False,0.19317999354482557,0.18467059738519084,False,False,False,False,683504.0,593291.661256075,False,False,False,False,10630.43665120293,False,False,False,False
2025-08-05 19:00:00+00:00,61.415,61.745,61.36,61.565,33706.0,61.34866364599701,61.28821098648616,61.83898870177061,62.081629413241956,62.09940318213952,61.7226350569933,61.473282264777154,60.15851581217735,59.644438555236015,58.32694753390763,60.89987561965246,62.01734605157768,60.64946092250968,59.43564991554876,58.38766889694843,57.782038645935444,57.42370096738025,57.290689999821105,57.262333503121965,57.24670743817592,58.20480329257503,56.692005955762106,"rgba(239, 83, 80, 1.0)",0.0,0.0,1.1230573898512834,59.74703700335122,1.6187623295809643,0.0,0.0,0.0,0.0,54.456026848958466,-1.9771662611837684,True,False,True,False,True,4.990224421084321,0,1.058789241402282,0.8972437338662671,False,False,False,False,0.1979236621313219,0.19129712975825636,False,False,False,False,717210.0,595212.8758102444,False,False,False,False,10988.197323277303,False,False,False,False
