date,Open,High,Low,Close,Volume,aVWAP_peak_852,aVWAP_peak_834,aVWAP_peak_787,aVWAP_peak_745,aVWAP_peak_731,aVWAP_peak_690,aVWAP_peak_665,aVWAP_peak_618,aVWAP_peak_553,aVWAP_peak_518,aVWAP_peak_462,aVWAP_peak_420,aVWAP_peak_349,aVWAP_peak_305,aVWAP_valley_846,aVWAP_valley_798,aVWAP_valley_770,aVWAP_valley_722,aVWAP_valley_689,aVWAP_valley_655,aVWAP_valley_626,aVWAP_valley_588,aVWAP_valley_570,aVWAP_valley_539,aVWAP_valley_495,aVWAP_valley_450,aVWAP_valley_437,aVWAP_valley_401,aVWAP_OB_bull_770,aVWAP_OB_bull_468,aVWAP_OB_bull_450,aVWAP_OB_bear_305,Peaks_avg,Valleys_avg,color,StDev,StDev_Mean,StdDev_ZScore,QQEMOD,QQE1_Value,QQE1_Above_Upper,QQE1_Below_Lower,QQE2_Above_Threshold,QQE2_Below_Threshold,QQE2_Above_TL,banker_RSI,OB,OB_High,OB_Low,OB_Mitigated_Index,TTM_squeeze_Active,VI_plus,VI_minus,VI_Regular_Bullish,VI_Regular_Bearish,VI_Hidden_Bullish,VI_Hidden_Bearish,Fisher,Fisher_Signal,Fisher_Regular_Bullish,Fisher_Regular_Bearish,Fisher_Hidden_Bullish,Fisher_Hidden_Bearish,OBV,OBV_Smoothed,OBV_Regular_Bullish,OBV_Regular_Bearish,OBV_Hidden_Bullish,OBV_Hidden_Bearish,Volume_MA,Vol_Regular_Bullish,Vol_Regular_Bearish,Vol_Hidden_Bullish,Vol_Hidden_Bearish
2025-01-06 15:00:00+00:00,31.82,32.095,30.815,31.06,946.0,,,,,,,,,,,,,,,,,,,,,,,,,,,,,,,,,,,#000000,,,,,,False,False,False,False,False,,0.0,0.0,0.0,0.0,0,,,False,False,False,False,,,False,False,False,False,0.0,0.0,False,False,False,False,946.0,False,False,False,False
2025-01-06 16:00:00+00:00,31.06,31.19,30.725,30.835,101.0,,,,,,,,,,,,,,,,,,,,,,,,,,,,,,,,,,,"rgba(239, 83, 80, 0.5)",,,,0.0,,False,False,False,True,False,,0.0,0.0,0.0,0.0,0,,,False,False,False,False,,,False,False,False,False,-101.0,-1.565891472868217,False,False,False,False,932.8992248062015,False,False,False,False
2025-01-06 17:00:00+00:00,30.835,30.835,30.155,30.21,440.0,,,,,,,,,,,,,,,,,,,,,,,,,,,,,,,,,,,"rgba(239, 83, 80, 0.5)",,,,0.0,-50.0,False,False,False,True,True,,0.0,0.0,0.0,0.0,0,,,False,False,False,False,,,False,False,False,False,-541.0,-9.929210984916772,False,False,False,False,925.2573763595936,False,False,False,False
2025-01-06 18:00:00+00:00,30.21,30.415,30.07,30.335,599.0,,,,,,,,,,,,,,,,,,,,,,,,,,,,,,,,,,,"rgba(239, 83, 80, 0.5)",,,,4.854368932038843,-45.631067961165044,False,False,False,True,True,,0.0,0.0,0.0,0.0,0,,,False,False,False,False,,,False,False,False,False,58.0,-8.876044923135115,False,False,False,False,920.1991224625457,False,False,False,False
2025-01-06 19:00:00+00:00,30.34,30.46,30.3,30.36,0.0,,,,,,,,,,,,,,,,,,,,,,,,,,,,,,,,,,,"rgba(239, 83, 80, 0.5)",,,,8.99417779958089,-42.19650211629953,False,False,False,True,True,,0.0,0.0,0.0,0.0,0,,,False,False,False,False,,,False,False,False,False,58.0,-7.839207017350075,False,False,False,False,905.9324694011109,False,False,False,False
2025-01-06 20:00:00+00:00,30.36,30.44,30.23,30.29,280.0,,,,,,,,,,,,,,,,,,,,,,,,,,,,,,,,,,,"rgba(239, 83, 80, 0.5)",,,,11.23088163331563,-40.58719700381603,False,False,False,True,True,,0.0,0.0,0.0,0.0,0,,,False,False,False,False,,,False,False,False,False,-222.0,-11.159529389174104,False,False,False,False,896.228090030551,False,False,False,False
2025-01-07 15:00:00+00:00,30.27,30.61,30.145,30.245,100.0,,,,,,,,,,,,,,,,,,,,,,,,,,,,,,,,,,,"rgba(239, 83, 80, 0.5)",,,,12.399242743707545,-39.86448404057883,False,False,False,True,True,,0.0,0.0,0.0,0.0,0,,,False,False,False,False,,,False,False,False,False,-322.0,-15.978761491667528,False,False,False,False,883.8834684796897,False,False,False,False
2025-01-07 16:00:00+00:00,30.245,30.32,30.115,30.175,200.0,,,,,,,,,,,,,,,,,,,,,,,,,,,,,,,,,,,"rgba(239, 83, 80, 0.5)",,,,12.699745376245511,-39.78869741410223,False,False,False,True,True,,0.0,0.0,0.0,0.0,0,,,False,False,False,False,,,False,False,False,False,-522.0,-23.82405201117656,False,False,False,False,873.2806240071363,False,False,False,False
2025-01-07 17:00:00+00:00,30.18,30.24,30.1,30.17,138.0,,,,,,,,,,,,,,,,,,,,,,,,,,,,,,,,,,,"rgba(239, 83, 80, 0.5)",,,,12.865650876444034,-39.68366299618892,False,False,False,True,True,,0.0,0.0,0.0,0.0,0,,,False,False,False,False,,,False,False,False,False,-660.0,-33.68724500325134,False,False,False,False,861.8809244101265,False,False,False,False
2025-01-07 18:00:00+00:00,30.165,30.205,30.065,30.105,268.0,,,,,,,,,,,,,,,,,,,,,,,,,,,,,,,,,,,"rgba(239, 83, 80, 0.5)",,,,12.527588182996615,-39.68366299618892,False,False,False,True,True,,0.0,0.0,0.0,0.0,0,,,False,False,False,False,,,False,False,False,False,-928.0,-47.552559034208684,False,False,False,False,852.6734682177213,False,False,False,False
2025-01-07 19:00:00+00:00,30.105,30.225,30.09,30.1,201.0,,,,,,,,,,,,,,,,,,,,,,,,,,,,,,,,,,,"rgba(239, 83, 80, 0.5)",,,,12.267651126355682,-39.68366299618892,False,False,False,True,True,,0.0,0.0,0.0,0.0,0,,,False,False,False,False,,,False,False,False,False,-1129.0,-64.31918602592637,False,False,False,False,842.5700035941907,False,False,False,False
2025-01-07 20:00:00+00:00,30.1,30.11,29.855,29.875,690.0,,,,,,,,,,,,,,,,,,,,,,,,,,,,,,,,,,,"rgba(239, 83, 80, 0.5)",,,,10.892348683939737,-39.68366299618892,False,False,False,True,False,,0.0,0.0,0.0,0.0,0,,,False,False,False,False,,,False,False,False,False,-1819.0,-91.52353973095077,False,False,False,False,840.2045771818775,False,False,False,False
2025-01-08 15:00:00+00:00,29.22,29.495,29.205,29.43,154.0,,,,,,,,,,,,,,,,,,,,,,,,,,,,,,,,,,,"rgba(239, 83, 80, 0.5)",,29.376666666666665,,8.874136704346531,-38.62550747542681,False,False,False,True,False,,0.0,0.0,0.0,0.0,0,,,False,False,False,False,,,False,False,False,False,-1973.0,-120.69371740954068,False,False,False,False,829.5657465278949,False,False,False,False
2025-01-08 16:00:00+00:00,29.43,29.68,29.355,29.615,209.0,,,,,,,,,,,,,,,,,,,,,,,,,,,,,,,,,,,"rgba(239, 83, 80, 0.5)",,29.476464646464642,,12.588789123089057,-40.24262173782367,False,False,False,True,True,,0.0,0.0,0.0,0.0,0,,,False,False,False,False,,,False,False,False,False,-1764.0,-146.1713341938889,False,False,False,False,819.9445721631213,False,False,False,False
2025-01-08 17:00:00+00:00,29.615,29.63,29.41,29.53,141.0,,,,,,,,,,,,,,,,,,,,,,,,,,,,,,,,,,,"rgba(239, 83, 80, 0.5)",,29.489576719576718,,14.556936950781704,-38.56990748450286,False,False,False,True,True,,0.0,0.0,0.0,0.0,0,,,False,False,False,False,,,False,False,False,False,-1905.0,-173.43999567925493,False,False,False,False,809.4182997264837,False,False,False,False
2025-01-08 18:00:00+00:00,29.54,29.675,29.52,29.55,533.0,,,,,,,,,,,,,,,,,,,,,,,,,,,,,,,,,,,"rgba(239, 83, 80, 0.5)",,29.536909353905497,,16.40603484685456,-36.96972308822389,False,False,False,True,True,,0.0,0.0,0.0,0.0,0,,,False,False,False,False,,,False,False,False,False,-1372.0,-192.02232132763856,False,False,False,False,805.1327446919646,False,False,False,False
2025-01-08 19:00:00+00:00,29.55,29.715,29.54,29.67,643.0,,,,,,,,,,,,,,,,,,,,,,,,,,,,,,,,,,,"rgba(239, 83, 80, 0.5)",,29.57700396825397,,20.77363026098328,-33.06316153797299,False,False,False,True,True,,0.0,0.0,0.0,0.0,0,,,False,False,False,False,,,False,False,False,False,-729.0,-200.34755665589222,False,False,False,False,802.6190587277481,False,False,False,False
2025-01-08 20:00:00+00:00,29.68,29.76,29.63,29.68,613.0,,,,,,,,,,,,,,,,,,,,,,,,,,,,,,,,,,,"rgba(239, 83, 80, 0.5)",,29.607211804041288,,23.941829340531317,-30.353372367303304,False,False,False,True,True,,0.0,0.0,0.0,0.0,0,,,False,False,False,False,,,False,False,False,False,-116.0,-199.0398425992117,False,False,False,False,799.679228359876,False,False,False,False
2025-01-09 15:00:00+00:00,29.68,29.68,29.68,29.68,0.0,,,,,,,,,,,,,,,,,,,,,,,,,,,,,,,,,,,"rgba(239, 83, 80, 0.5)",,29.607211804041288,,26.05396206023001,-28.574027192943245,False,False,False,True,True,,0.0,0.0,0.0,0.0,0,,,False,False,False,False,,,False,False,False,False,-116.0,-197.75240317906886,False,False,False,False,787.2811007884051,False,False,False,False
2025-01-09 16:00:00+00:00,29.68,29.68,29.68,29.68,0.0,,,,,,,,,,,,,,,,,,,,,,,,,,,,,,,,,,,"rgba(239, 83, 80, 0.5)",,29.607211804041288,,27.46205054002914,-27.334612020013825,False,False,False,True,True,,0.0,0.0,0.0,0.0,0,,,False,False,False,False,,,False,False,False,False,-116.0,-196.48492406001353,False,False,False,False,775.0751922490499,False,False,False,False
2025-01-09 17:00:00+00:00,29.68,29.68,29.68,29.68,0.0,,,,,,,,,,,,,,,,,,,,,,,,,,,,,,,,,,,"rgba(239, 83, 80, 0.5)",,29.607211804041288,,28.40077619322856,-26.40584334612924,False,False,False,True,True,,0.0,0.0,0.0,0.0,0,,,False,False,False,False,,,False,False,False,False,-116.0,-195.2370957800133,False,False,False,False,763.0585226017778,False,False,False,False
2025-01-09 18:00:00+00:00,29.68,29.68,29.68,29.68,0.0,,,,,,,,,,,,,,,,,,,,,,,,,,,,,,,,,,,"rgba(239, 83, 80, 0.5)",,29.607211804041288,,29.026593295361504,-25.656715639396772,False,False,False,True,True,,0.0,0.0,0.0,0.0,0,,,False,False,False,False,,,False,False,False,False,-116.0,-194.0086136748968,False,False,False,False,751.2281579102773,False,False,False,False
2025-01-09 19:00:00+00:00,29.68,29.68,29.68,29.68,0.0,,,,,,,,,,,,,,,,,,,,,,,,,,,,,,,,,,,"rgba(239, 83, 80, 0.5)",,29.607211804041288,,29.44380469678347,-25.01497423378298,False,False,False,True,True,,0.0,0.0,0.0,0.0,0,,,False,False,False,False,,,False,False,False,False,-116.0,-192.79917780396815,False,False,False,False,739.5812097256219,False,False,False,False
2025-01-09 20:00:00+00:00,29.68,29.68,29.68,29.68,0.0,,,,,,,,,,,,,,,,,,,,,,,,,,,,,,,,,,,"rgba(239, 83, 80, 0.5)",,29.607211804041288,,29.72194563106478,-24.44259703302437,False,False,False,True,True,,0.0,0.0,0.0,0.0,0,,,False,False,False,False,,,False,False,False,False,-116.0,-191.60849287677482,False,False,False,False,728.1148343810386,False,False,False,False
2025-01-10 15:00:00+00:00,27.94,28.18,27.87,28.01,1016.0,,,,,,,,,,,,,,,,,,,,,,,,,,,,,,,,,,,"rgba(239, 83, 80, 0.5)",,29.119872066082404,,21.771634830759737,-23.62368434222964,False,False,False,True,False,,0.0,0.0,0.0,0.0,0,,,False,False,False,False,,,False,False,False,False,-1132.0,-206.18820616550698,False,False,False,False,732.5781702821077,False,False,False,False
2025-01-10 16:00:00+00:00,28.015,28.065,27.835,27.835,702.0,,,,,,,,,,,,,,,,,,,,,,,,,,,,,,,,,,,"rgba(239, 83, 80, 0.5)",,28.908413529460653,,16.301592490311894,-28.449221257443387,False,False,False,True,False,,0.0,0.0,0.0,0.0,0,,,False,False,False,False,,,False,False,False,False,-1834.0,-231.42559831797973,False,False,False,False,732.1040901226952,False,False,False,False
2025-01-10 17:00:00+00:00,27.835,27.95,27.815,27.95,339.0,,,,,,,,,,,,,,,,,,,,,,,,,,,,,,,,,,,"rgba(239, 83, 80, 0.5)",,28.83021647509579,,14.556801953703175,-29.817016718331196,False,False,False,True,False,,0.0,0.0,0.0,0.0,0,,,False,False,False,False,,,False,False,False,False,-1495.0,-251.01589911925134,False,False,False,False,726.0094530665294,False,False,False,False
2025-01-10 18:00:00+00:00,27.945,27.98,27.86,27.97,471.0,,,,,,,,,,,,,,,,,,,,,,,,,,,,,,,,,,,"rgba(239, 83, 80, 0.5)",,28.74291882735256,,13.739208902267192,-30.536620869280828,False,False,False,True,False,,0.0,0.0,0.0,0.0,0,,,False,False,False,False,,,False,False,False,False,-1024.0,-263.00014874530945,False,False,False,False,722.0558181352654,False,False,False,False
2025-01-10 19:00:00+00:00,27.97,27.975,27.895,27.93,956.0,,,,,,,,,,,,,,,,,,,,,,,,,,,,,,,,,,,"rgba(239, 83, 80, 0.5)",,28.608945531129194,,13.091018117858003,-31.28624648807591,False,False,False,True,False,,0.0,0.0,0.0,0.0,0,,,False,False,False,False,,,False,False,False,False,-1980.0,-289.6203014779403,False,False,False,False,725.6828597145636,False,False,False,False
2025-01-10 20:00:00+00:00,27.92,27.92,27.68,27.75,1711.0,,,,,,,,,,,,,,,,,,,,,,,,,,,,,,,,,,,"rgba(239, 83, 80, 0.5)",,28.10181367966524,,12.208435729552512,-32.37039834732047,False,False,False,True,False,,0.0,0.0,0.0,0.0,0,,,False,False,False,False,,,False,False,False,False,-3691.0,-342.35487044727455,False,False,False,False,740.9590944476711,False,False,False,False
2025-01-13 15:00:00+00:00,27.75,27.75,27.75,27.75,0.0,,,,,,,,,,,,,,,,,,,,,,,,,,,,,,,,,,,"rgba(239, 83, 80, 0.5)",,28.10181367966524,,11.620047470682188,-33.24579887862984,False,False,False,True,False,,0.0,0.0,0.0,0.0,0,,,False,False,False,False,,,False,False,False,False,-3691.0,-394.27184920003,False,False,False,False,729.4713565492575,False,False,False,False
2025-01-13 16:00:00+00:00,27.75,28.06,27.75,27.92,750.0,,,,,,,,,,,,,,,,,,,,,,,,,,,,,,,,,,,"rgba(239, 83, 80, 0.5)",,28.097885806186774,,14.823662329799737,-33.24579887862984,False,False,False,True,True,,0.0,0.0,0.0,0.0,0,,,False,False,False,False,,,False,False,False,False,-2941.0,-433.75600657677364,False,False,False,False,729.7896300911294,False,False,False,False
2025-01-13 17:00:00+00:00,27.92,28.04,27.915,28.04,0.0,,,,,,,,,,,,,,,,,,,,,,,,,,,,,,,,,,,"rgba(239, 83, 80, 0.5)",,28.097885806186774,,19.25171241289607,-36.009972076911204,False,False,False,True,True,,0.0,0.0,0.0,0.0,0,,,False,False,False,False,,,False,False,False,False,-2941.0,-472.6280064748081,False,False,False,False,718.4750621827397,False,False,False,False
2025-01-13 18:00:00+00:00,28.04,28.285,28.0,28.24,204.0,,,,,,,,,,,,,,,,,,,,,,,,,,,,,,,,,,,"rgba(239, 83, 80, 0.5)",,28.108996541941117,,25.574756040978627,-30.23434837834609,False,False,False,True,True,,0.0,0.0,0.0,0.0,0,,,False,False,False,False,,,False,False,False,False,-2737.0,-507.7345490100824,False,False,False,False,710.4987046295189,False,False,False,False
2025-01-13 19:00:00+00:00,28.215,28.225,28.14,28.18,100.0,,,,,,,,,,,,,,,,,,,,,,,,,,,,,,,,,,,"rgba(239, 83, 80, 0.5)",,28.113916178492712,,29.212676461784497,-27.078204577738987,False,False,False,True,True,,0.0,0.0,0.0,0.0,0,,,False,False,False,False,,,False,False,False,False,-2837.0,-543.8471916610888,False,False,False,False,701.0336084337124,False,False,False,False
2025-01-13 20:00:00+00:00,28.16,28.2,28.08,28.09,1127.0,,,,,,,,,,,,,,,,,,,,,,,,,,,,,,,,,,,"rgba(239, 83, 80, 0.5)",,28.137707474019013,,30.773784444926278,-25.72990918825765,False,False,False,True,True,,0.0,0.0,0.0,0.0,0,,,False,False,False,False,,,False,False,False,False,-3964.0,-596.8728165965758,False,False,False,False,707.6377385355153,False,False,False,False
2025-01-14 15:00:00+00:00,29.45,29.74,29.415,29.6,1438.0,,,,,,,,,,,,,,,,,,,,,,,,,,,,,,,,,,,#000000,,28.4407166304253,,44.4369804174448,-13.30908512760631,False,False,False,False,True,,0.0,0.0,0.0,0.0,0,,,False,False,False,False,,,False,False,False,False,-2526.0,-626.7817651764739,False,False,False,False,718.9611844496934,False,False,False,False
2025-01-14 16:00:00+00:00,29.6,29.75,29.515,29.545,5757.0,,,,,,,,,,,,,,,,,,,,,,,,,,,,,,,,,,,"rgba(38, 166, 154, 0.5)",,28.946269519698532,,52.99714625072223,-6.090211279449576,False,False,True,False,True,,0.0,0.0,0.0,0.0,0,,,False,False,False,False,,,False,False,False,False,-8283.0,-745.4828230807146,False,False,False,False,797.0703133729539,False,False,False,False
2025-01-14 17:00:00+00:00,29.545,29.645,29.525,29.625,733.0,,,,,,,,,,,,,,,,,,,,,,,,,,,,,,,,,,,"rgba(38, 166, 154, 0.5)",,28.979359017859142,,59.064231781718036,-1.12476687082372,False,False,True,False,True,,0.0,0.0,0.0,0.0,0,,,False,False,False,False,,,False,False,False,False,-7550.0,-850.9792134205485,False,False,False,False,796.0769751811252,False,False,False,False
2025-01-14 18:00:00+00:00,29.62,29.675,29.555,29.61,546.0,,,,,,,,,,,,,,,,,,,,,,,,,,,,,,,,,,,"rgba(38, 166, 154, 0.5)",,29.002383196535767,,62.92924228958122,2.0562522140380395,False,False,True,False,True,,0.0,0.0,0.0,0.0,0,,,False,False,False,False,,,False,False,False,False,-8096.0,-963.305117088447,False,False,False,False,792.1998127752163,False,False,False,False
2025-01-14 19:00:00+00:00,29.61,29.675,29.5,29.5,414.0,,,,,,,,,,,,,,,,,,,,,,,,,,,,,,,,,,,"rgba(38, 166, 154, 0.5)",,29.017213895669165,,64.12102599902748,3.1260226448404964,False,False,True,False,True,,0.0,0.0,0.0,0.0,0,,,False,False,False,False,,,False,False,False,False,-8510.0,-1080.308138528936,False,False,False,False,786.3362497864532,False,False,False,False
2025-01-14 20:00:00+00:00,29.515,29.62,29.405,29.61,1129.0,,,,,,,,,,,,,,,,,,,,,,,,,,,,,,,,,,,"rgba(38, 166, 154, 1.0)",,29.05287218628304,,65.60828205487327,4.8262647309371545,True,False,True,False,True,,0.0,0.0,0.0,0.0,0,,,False,False,False,False,,,False,False,False,False,-7381.0,-1177.9932836680223,False,False,False,False,791.6488660688337,False,False,False,False
2025-01-15 15:00:00+00:00,30.145,30.35,30.13,30.15,400.0,,,,,,,,,,,,,,,,,,,,,,,,,,,,,,,,,,,"rgba(38, 166, 154, 1.0)",,29.08026046768145,,69.27241107724609,8.691572603390682,True,False,True,False,True,,0.0,0.0,0.0,0.0,0,,,False,False,False,False,,,False,False,False,False,-6981.0,-1267.962380045262,False,False,False,False,785.576790625906,False,False,False,False
2025-01-15 16:00:00+00:00,30.165,30.23,30.065,30.135,11.0,,,,,,,,,,,,,,,,,,,,,,,,,,,,,,,,,,,"rgba(38, 166, 154, 1.0)",,29.080950964863014,,71.51313964822397,11.260216320276655,True,False,True,False,True,,0.0,0.0,0.0,0.0,0,,,False,False,False,False,,,False,False,False,False,-6992.0,-1356.707149346886,False,False,False,False,773.5678481355818,False,False,False,False
2025-01-15 17:00:00+00:00,30.135,30.24,30.09,30.22,3.0,,,,,,,,,,,,,,,,,,,,,,,,,,,,,,,,,,,"rgba(38, 166, 154, 1.0)",,29.081146296297263,,73.39118644507832,13.570441063944628,True,False,True,False,True,,0.0,0.0,0.0,0.0,0,,,False,False,False,False,,,False,False,False,False,-6989.0,-1444.0295191244534,False,False,False,False,761.6210597923945,False,False,False,False
2025-01-15 18:00:00+00:00,30.23,30.32,30.225,30.29,1.0,,,,,,,,,,,,,,,,,,,,,,,,,,,,,,,,,,,"rgba(38, 166, 154, 1.0)",,29.081217070131473,,74.96766649298664,15.65869680826819,True,False,True,False,True,,0.0,0.0,0.0,0.0,0,,,False,False,False,False,,,False,False,False,False,-6988.0,-1529.982549835702,False,False,False,False,749.8284852219697,False,False,False,False
2025-01-15 19:00:00+00:00,30.29,30.4,30.29,30.36,302.0,,,,,,,,,,,,,,,,,,,,,,,,,,,,,,,,,,,"rgba(38, 166, 154, 1.0)",,29.103474512315948,,76.35213273742661,17.60461166135866,True,False,True,False,True,,0.0,0.0,0.0,0.0,0,,,False,False,False,False,,,False,False,False,False,-6686.0,-1609.920804877009,False,False,False,False,742.8854079317065,False,False,False,False
2025-01-15 20:00:00+00:00,30.35,30.45,30.29,30.38,1170.0,,,,,,,,,,,,,,,,,,,,,,,,,,,,,,,,,,,"rgba(38, 166, 154, 1.0)",,29.184129548557152,,77.37591721174533,19.235245640824544,True,False,True,False,True,,0.0,0.0,0.0,0.0,0,,,False,False,False,False,,,False,False,False,False,-5516.0,-1670.4801722432567,False,False,False,False,749.50733959168,False,False,False,False
2025-01-16 15:00:00+00:00,30.03,30.14,29.91,29.92,200.0,,,,,,,,,,,,,,,,,,,,,,,,,,,,,,,,,,,"rgba(38, 166, 154, 0.75)",,29.192721243257182,,70.84111420140442,19.235245640824544,True,False,True,False,False,,0.0,0.0,0.0,0.0,0,,,False,False,False,False,,,False,False,False,False,-5716.0,-1733.201409882896,False,False,False,False,740.9878459545996,False,False,False,False
2025-01-16 16:00:00+00:00,29.92,30.105,29.92,30.1,200.0,,,,,,,,,,,,,,,,,,,,,,,,,,,,,,,,,,,"rgba(38, 166, 154, 0.75)",,29.20168157588157,,67.9928465076988,25.995869592998247,True,False,True,False,False,0.9654109513379154,0.0,0.0,0.0,0.0,0,,,False,False,False,False,,,False,False,False,False,-5516.0,-1791.8494500397505,False,False,False,False,732.6004374901871,False,False,False,False
2025-01-16 17:00:00+00:00,30.1,30.33,30.06,30.25,536.0,,,,,,,,,,,,,,,,,,,,,,,,,,,,,,,,,,,"rgba(38, 166, 154, 0.75)",,29.229561699689043,,67.24124655420474,24.949953037505978,True,False,True,False,False,2.923710923310793,0.0,0.0,0.0,0.0,0,,,False,False,False,False,,,False,False,False,False,-4980.0,-1841.2781407368086,False,False,False,False,729.5523686918897,False,False,False,False
2025-01-16 18:00:00+00:00,30.245,30.28,30.165,30.19,1218.0,,,,,,,,,,,,,,,,,,,,,,,,,,,,,,,,,,,"rgba(38, 166, 154, 0.75)",,29.287335051059955,,65.87557329104482,23.22413621605115,True,False,True,False,False,2.0914022722559515,0.0,0.0,0.0,0.0,0,,,False,False,False,False,,,False,False,False,False,-6198.0,-1908.8242160742222,False,False,False,False,737.1252001850387,False,False,False,False
2025-01-16 19:00:00+00:00,30.2,30.29,30.19,30.29,1101.0,,,,,,,,,,,,,,,,,,,,,,,,,,,,,,,,,,,"rgba(38, 166, 154, 0.75)",,29.336205280840222,,65.81139978495193,22.641945666258565,True,False,True,False,False,3.392164751201758,0.0,0.0,0.0,0.0,0,,,False,False,False,False,,,False,False,False,False,-5097.0,-1958.253297995552,False,False,False,False,742.7666699496117,False,False,False,False
2025-01-16 20:00:00+00:00,30.29,30.335,30.245,30.245,2033.0,,,,,,,,,,,,,,,,,,,,,,,,,,,,,,,,,,,"rgba(38, 166, 154, 0.75)",,29.416000332851098,,65.03081963991139,21.334670792501996,True,False,True,False,False,2.7551712873136545,0.0,0.0,0.0,0.0,0,,,False,False,False,False,,,False,False,False,False,-7130.0,-2038.4354174064738,False,False,False,False,762.7702874697727,False,False,False,False
2025-01-17 15:00:00+00:00,32.425,32.86,31.885,32.35,1996.0,,,,,,,,,,,,,,,,,,,,,,,,,,,,,,,,,,,"rgba(38, 166, 154, 1.0)",,30.551443409656684,,72.29659251068392,15.855402743497933,True,False,True,False,True,20.0,0.0,0.0,0.0,0.0,0,,,False,False,False,False,,,False,False,False,False,-5134.0,-2086.428666749009,False,False,False,False,781.8901279741173,False,False,False,False
2025-01-17 16:00:00+00:00,32.35,32.35,31.98,32.09,757.0,,,,,,,,,,,,,,,,,,,,,,,,,,,,,,,,,,,"rgba(38, 166, 154, 1.0)",,30.578259739619778,,74.7786841529684,18.259036098900367,True,False,True,False,True,19.612656968372928,0.0,0.0,0.0,0.0,0,,,False,False,False,False,,,False,False,False,False,-5891.0,-2145.414268814916,False,False,False,False,781.5042345171541,False,False,False,False
2025-01-17 17:00:00+00:00,32.09,32.155,31.965,31.97,1407.0,,,,,,,,,,,,,,,,,,,,,,,,,,,,,,,,,,,"rgba(38, 166, 154, 1.0)",,30.625034777116806,,75.35296070414378,18.98645761351642,True,False,True,False,True,18.120486985239022,0.0,0.0,0.0,0.0,0,,,False,False,False,False,,,False,False,False,False,-7298.0,-2225.299318910809,False,False,False,False,791.20184328433,False,False,False,False
2025-01-17 18:00:00+00:00,31.97,32.09,31.925,32.03,192.0,,,,,,,,,,,,,,,,,,,,,,,,,,,,,,,,,,,"rgba(38, 166, 154, 1.0)",,30.63206554448151,,75.91090027826623,19.84127613045375,True,False,True,False,True,18.5745208483214,0.0,0.0,0.0,0.0,0,,,False,False,False,False,,,False,False,False,False,-7106.0,-2300.9690969121916,False,False,False,False,781.9118922256582,False,False,False,False
2025-01-17 19:00:00+00:00,32.06,32.24,32.045,32.12,100.0,,,,,,,,,,,,,,,,,,,,,,,,,,,,,,,,,,,"rgba(38, 166, 154, 1.0)",,30.63695478131146,,76.56121748085283,20.859349102095706,True,False,True,False,True,19.255601886700735,0.0,0.0,0.0,0.0,0,,,False,False,False,False,,,False,False,False,False,-7006.0,-2373.91531246394,False,False,False,False,771.3396148268108,False,False,False,False
2025-01-17 20:00:00+00:00,32.12,32.125,31.985,32.05,1331.0,,,,,,,,,,,,,,,,,,,,,,,,,,,,,,,,,,,"rgba(38, 166, 154, 1.0)",,30.691461753042216,,76.19471488398295,20.919634672884555,True,False,True,False,True,18.361227115494202,0.0,0.0,0.0,0.0,0,,,False,False,False,False,,,False,False,False,False,-8337.0,-2466.366237852096,False,False,False,False,780.0165200232943,False,False,False,False
2025-01-20 15:00:00+00:00,32.05,32.05,32.05,32.05,0.0,,,,,,,,,,,,,,,,,,,,,,,,,,,,,,,,,,,"rgba(38, 166, 154, 1.0)",,30.691461753042216,,75.95037981940304,21.135013737592175,True,False,True,False,True,18.361227115494202,0.0,0.0,0.0,0.0,0,,,False,False,False,False,,,False,False,False,False,-8337.0,-2557.383815559816,False,False,False,False,767.9232406430882,False,False,False,False
2025-01-20 16:00:00+00:00,32.05,32.05,32.05,32.05,0.0,,,,,,,,,,,,,,,,,,,,,,,,,,,,,,,,,,,"rgba(38, 166, 154, 1.0)",,30.691461753042216,,75.78748977634976,21.442666376250017,True,False,True,False,True,18.361227115494202,0.0,0.0,0.0,0.0,0,,,False,False,False,False,,,False,False,False,False,-8337.0,-2646.990268031757,False,False,False,False,756.0174539664512,False,False,False,False
2025-01-20 17:00:00+00:00,32.05,32.05,32.05,32.05,0.0,,,,,,,,,,,,,,,,,,,,,,,,,,,,,,,,,,,"rgba(38, 166, 154, 1.0)",,30.691461753042216,,75.67889641431424,21.798153930310065,True,False,True,False,True,18.36122711549419,0.0,0.0,0.0,0.0,0,,,False,False,False,False,,,False,False,False,False,-8337.0,-2735.2074731785515,False,False,False,False,744.296253129762,False,False,False,False
2025-01-20 18:00:00+00:00,32.05,32.05,32.05,32.05,0.0,,,,,,,,,,,,,,,,,,,,,,,,,,,,,,,,,,,"rgba(38, 166, 154, 1.0)",,30.691461753042216,,75.60650083962389,22.170760283812,True,False,True,False,True,18.361227115494202,0.0,0.0,0.0,0.0,0,,,False,False,False,False,,,False,False,False,False,-8337.0,-2822.056969718419,False,False,False,False,732.7567763370525,False,False,False,False
2025-01-20 19:00:00+00:00,32.05,32.05,32.05,32.05,0.0,,,,,,,,,,,,,,,,,,,,,,,,,,,,,,,,,,,"rgba(38, 166, 154, 1.0)",,30.691461753042216,,75.55823712316366,22.53990105198129,True,False,True,False,True,18.361227115494202,0.0,0.0,0.0,0.0,0,,,False,False,False,False,,,False,False,False,False,-8337.0,-2907.5599624359634,False,False,False,False,721.3962061612842,False,False,False,False
2025-01-20 20:00:00+00:00,32.05,32.05,32.05,32.05,0.0,,,,,,,,,,,,,,,,,,,,,,,,,,,,,,,,,,,"rgba(38, 166, 154, 1.0)",,30.691461753042216,,75.52606131219018,22.89237997292065,True,False,True,False,True,18.361227115494202,0.0,0.0,0.0,0.0,0,,,False,False,False,False,,,False,False,False,False,-8337.0,-2991.7373273594367,False,False,False,False,710.2117688564581,False,False,False,False
2025-01-21 15:00:00+00:00,32.08,32.17,31.76,31.99,836.0,,,,,,,,,,,,,,,,,,,,,,,,,,,,,,,,,,,"rgba(38, 166, 154, 0.75)",,30.720217012604536,,74.07497339819687,22.89237997292065,True,False,True,False,False,17.494664931361427,0.0,0.0,0.0,0.0,0,,,False,False,False,False,,,False,False,False,False,-9173.0,-3087.5708571678174,False,False,False,False,712.1619739904664,False,False,False,False
2025-01-21 16:00:00+00:00,31.99,32.46,31.97,32.43,0.0,,,,,,,,,,,,,,,,,,,,,,,,,,,,,,,,,,,"rgba(38, 166, 154, 1.0)",,30.720217012604536,,76.17494542631198,23.76688212275478,True,False,True,False,True,20.0,0.0,0.0,0.0,0.0,0,,,False,False,False,False,,,False,False,False,False,-9173.0,-3181.9185958163785,False,False,False,False,701.1207030758856,False,False,False,False
2025-01-21 17:00:00+00:00,32.43,32.61,32.375,32.535,100.0,,,,,,,,,,,,,,,,,,,,,,,,,,,,,,,,,,,"rgba(38, 166, 154, 1.0)",,31.172269803522447,,78.09128944282422,25.600202618632764,True,False,True,False,True,20.0,0.0,0.0,0.0,0.0,0,,,False,False,False,False,,,False,False,False,False,-9073.0,-3273.253191230078,False,False,False,False,691.8010022530036,False,False,False,False
2025-01-21 18:00:00+00:00,32.53,32.565,32.46,32.49,0.0,,,,,,,,,,,,,,,,,,,,,,,,,,,,,,,,,,,"rgba(38, 166, 154, 1.0)",,31.172269803522447,,78.36768149716609,25.89546388730217,True,False,True,False,True,20.0,0.0,0.0,0.0,0.0,0,,,False,False,False,False,,,False,False,False,False,-9073.0,-3363.171746404805,False,False,False,False,681.0754053188485,False,False,False,False
2025-01-21 19:00:00+00:00,32.49,32.525,32.375,32.44,109.0,,,,,,,,,,,,,,,,,,,,,,,,,,,,,,,,,,,"rgba(38, 166, 154, 1.0)",,31.169954452491698,,77.39918905292942,25.89546388730217,True,False,True,False,True,20.0,0.0,0.0,0.0,0.0,0,,,False,False,False,False,,,False,False,False,False,-9182.0,-3453.3861379334126,False,False,False,False,672.206019189874,False,False,False,False
2025-01-21 20:00:00+00:00,32.44,32.515,32.325,32.35,112.0,,,,,,,,,,,,,,,,,,,,,,,,,,,,,,,,,,,"rgba(38, 166, 154, 0.75)",,31.16838391081224,,74.70340686743697,27.32372878003075,True,False,True,False,False,19.35787470770492,0.0,0.0,0.0,0.0,0,,,False,False,False,False,,,False,False,False,False,-9294.0,-3543.9382908336697,False,False,False,False,663.5206545512713,False,False,False,False
2025-01-22 15:00:00+00:00,31.57,32.04,31.57,31.69,2015.0,,,,,,,,,,,,,,,,,,,,,,,,,,,,,,,,,,,"rgba(38, 166, 154, 0.5)",,31.05259804950291,,63.61714976949431,17.345105353695658,False,False,True,False,False,10.53620017586718,0.0,0.0,0.0,0.0,0,,,False,False,False,False,,,False,False,False,False,-11309.0,-3664.3268444641553,False,False,False,False,684.4738226977631,False,False,False,False
2025-01-22 16:00:00+00:00,31.67,31.945,31.59,31.93,350.0,,,,,,,,,,,,,,,,,,,,,,,,,,,,,,,,,,,"rgba(38, 166, 154, 0.5)",,31.05786218885278,,58.983206881850094,13.73432408127664,False,True,True,False,False,12.697521964365947,0.0,0.0,0.0,0.0,0,,,False,False,False,False,,,False,False,False,False,-10959.0,-3777.4225523019204,False,False,False,False,679.2881820357823,False,False,False,False
2025-01-22 17:00:00+00:00,31.93,32.005,31.895,31.96,100.0,,,,,,,,,,,,,,,,,,,,,,,,,,,,,,,,,,,"rgba(38, 166, 154, 0.5)",1.406792643050336,31.061151908862534,0.638934313154,56.22035667657086,11.712537642292396,False,True,True,False,False,12.96282333408973,0.0,0.0,0.0,0.0,0,,,False,False,False,False,,,False,False,False,False,-10859.0,-3887.214450715844,False,False,False,False,670.3069699111965,False,False,False,False
2025-01-22 18:00:00+00:00,31.96,32.195,31.91,32.14,807.0,,,,,,,,,,,,,,,,,,,,,,,,,,,,,,,,,,,"rgba(38, 166, 154, 0.5)",1.4205214973115803,31.096795124952735,0.7343816176112731,56.288012078116296,11.712537642292396,False,True,True,False,False,14.53910533134803,0.0,0.0,0.0,0.0,0,,,False,False,False,False,,,False,False,False,False,-10052.0,-3982.7925212473815,False,False,False,False,672.426241695519,False,False,False,False
2025-01-22 19:00:00+00:00,32.14,32.155,32.005,32.02,100.0,,,,,,,,,,,,,,,,,,,,,,,,,,,,,,,,,,,"rgba(38, 166, 154, 0.5)",1.4333396647670795,31.100519993582466,0.6414948452340179,54.8255630287899,10.662476239942379,False,True,True,False,False,13.017735682429436,0.0,0.0,0.0,0.0,0,,,False,False,False,False,,,False,False,False,False,-10152.0,-4078.4391488249416,False,False,False,False,663.5514162428752,False,False,False,False
2025-01-22 20:00:00+00:00,32.02,32.055,31.92,31.99,209.0,,,,,,,,,,,,,,,,,,,,,,,,,,,,,,,,,,,"rgba(38, 166, 154, 0.5)",1.4466185859905656,31.106550405059938,0.6106997404123093,53.46918236194527,9.261615916761052,False,True,True,False,False,12.637872017565154,0.0,0.0,0.0,0.0,0,,,False,False,False,False,,,False,False,False,False,-10361.0,-4175.843193029206,False,False,False,False,656.5041074639158,False,False,False,False
2025-01-23 15:00:00+00:00,31.685,31.845,31.575,31.575,1364.0,,,,,,,,,,,,,,,,,,,,,,,,,,,,,,,,,,,"rgba(239, 83, 80, 1.0)",1.4538955066111714,31.10629155844098,0.32238110608891984,48.242922935418534,4.297818110638872,False,True,False,True,False,7.6055594828684185,0.0,0.0,0.0,0.0,0,,,False,False,False,False,,,False,False,False,False,-11725.0,-4292.884383834955,False,False,False,False,667.4730360303666,False,False,False,False
2025-01-23 16:00:00+00:00,31.575,32.055,31.46,31.745,225.0,,,,,,,,,,,,,,,,,,,,,,,,,,,,,,,,,,,"rgba(239, 83, 80, 1.0)",1.4630043351558106,31.23759852687644,0.34682157867257646,46.94283769977167,3.053521028606795,False,True,False,True,False,9.185256235900308,0.0,0.0,0.0,0.0,0,,,False,False,False,False,,,False,False,False,False,-11500.0,-4404.622610442165,False,False,False,False,660.6129889601284,False,False,False,False
2025-01-23 17:00:00+00:00,31.75,31.77,31.59,31.735,0.0,,,,,,,,,,,,,,,,,,,,,,,,,,,,,,,,,,,"rgba(239, 83, 80, 1.0)",1.4716668339914034,31.23759852687644,0.33798510752228134,45.97380339434554,1.9726672388833322,False,True,False,True,False,9.066979290864044,0.0,0.0,0.0,0.0,0,,,False,False,False,False,,,False,False,False,False,-11500.0,-4514.6284614430615,False,False,False,False,650.3709271157853,False,False,False,False
2025-01-23 18:00:00+00:00,31.73,31.86,31.7,31.805,404.0,,,,,,,,,,,,,,,,,,,,,,,,,,,,,,,,,,,"rgba(239, 83, 80, 1.0)",1.4808546199426251,31.24649277148228,0.3771519641403814,46.29207712773501,1.9726672388833322,False,True,False,True,False,9.722071432249116,0.0,0.0,0.0,0.0,0,,,False,False,False,False,,,False,False,False,False,-11096.0,-4616.665229482704,False,False,False,False,646.5512228194166,False,False,False,False
2025-01-23 19:00:00+00:00,31.805,32.025,31.805,31.99,784.0,,,,,,,,,,,,,,,,,,,,,,,,,,,,,,,,,,,#000000,1.4920484830177896,31.2799953375929,0.47585897542086264,48.86092016775018,1.9726672388833322,False,True,False,False,True,11.425523132829525,0.0,0.0,0.0,0.0,0,,,False,False,False,False,,,False,False,False,False,-10312.0,-4704.964993366692,False,False,False,False,648.682211612914,False,False,False,False
2025-01-23 20:00:00+00:00,31.99,32.205,31.965,32.17,2144.0,,,,,,,,,,,,,,,,,,,,,,,,,,,,,,,,,,,"rgba(38, 166, 154, 0.5)",1.505401574630807,31.364040784830046,0.5353782198398551,52.52487780826105,-3.0905068781440477,False,True,True,False,True,13.031030975311023,0.0,0.0,0.0,0.0,0,,,False,False,False,False,,,False,False,False,False,-8168.0,-4758.655458585814,False,False,False,False,671.8654331382952,False,False,False,False
2025-01-24 15:00:00+00:00,32.84,33.49,32.81,33.425,879.0,,,,,,,,,,,,,,,,,,,,,,,,,,,,,,,,,,,"rgba(38, 166, 154, 0.5)",1.5436588190236735,31.474370038507534,1.263640603385526,61.652703490962324,5.31900907508674,False,True,True,False,True,20.0,0.0,0.0,0.0,0.0,0,,,False,False,False,False,,,False,False,False,False,-7289.0,-4797.8856065147165,False,False,False,False,675.0768217718099,False,False,False,False
2025-01-24 16:00:00+00:00,33.415,34.065,33.395,33.895,1051.0,,,,,,,,,,,,,,,,,,,,,,,,,,,,,,,,,,,"rgba(38, 166, 154, 0.5)",1.592231837775278,31.62112944090028,1.4281026827580932,68.90238729756919,11.637354050806842,False,False,True,False,True,20.0,0.0,0.0,0.0,0.0,0,,,False,False,False,False,,,False,False,False,False,-6238.0,-4820.212961452473,False,False,False,False,680.9050881009292,False,False,False,False
2025-01-24 17:00:00+00:00,33.895,34.37,33.87,34.21,76.0,,,,,,,,,,,,,,,,,,,,,,,,,,,,,,,,,,,"rgba(38, 166, 154, 1.0)",1.6456360335611793,31.632562232296312,1.5662258939032088,74.37677625259455,16.258848588432627,True,False,True,False,True,20.0,0.0,0.0,0.0,0.0,0,,,False,False,False,False,,,False,False,False,False,-6162.0,-4841.015861274916,False,False,False,False,671.526714642,False,False,False,False
2025-01-24 18:00:00+00:00,34.205,34.315,34.11,34.14,637.0,,,,,,,,,,,,,,,,,,,,,,,,,,,,,,,,,,,"rgba(38, 166, 154, 1.0)",1.6898333384425013,31.72353032526849,1.4300047346436777,77.22544687957097,18.601516832142153,True,False,True,False,True,20.0,0.0,0.0,0.0,0.0,0,,,False,False,False,False,,,False,False,False,False,-6799.0,-4871.3722045109635,False,False,False,False,670.9914167405736,False,False,False,False
2025-01-24 19:00:00+00:00,34.15,34.45,34.105,34.425,0.0,,,,,,,,,,,,,,,,,,,,,,,,,,,,,,,,,,,"rgba(38, 166, 154, 1.0)",1.7402254772619927,31.72353032526849,1.5523676155930664,79.7749000890602,20.91714039728879,True,False,True,False,True,20.0,0.0,0.0,0.0,0.0,0,,,False,False,False,False,,,False,False,False,False,-6799.0,-4901.257906766607,False,False,False,False,660.5884490391694,False,False,False,False
2025-01-24 20:00:00+00:00,34.425,34.6,34.38,34.495,1208.0,,,,,,,,,,,,,,,,,,,,,,,,,,,,,,,,,,,"rgba(38, 166, 154, 1.0)",1.7880300826822229,31.892876595815174,1.4553018035811676,81.62883364779836,22.79034001544474,True,False,True,False,True,20.0,0.0,0.0,0.0,0.0,0,,,False,False,False,False,,,False,False,False,False,-5591.0,-4911.951582630691,False,False,False,False,669.0754498292597,False,False,False,False
2025-01-27 15:00:00+00:00,34.85,35.325,34.58,35.31,2705.0,,,,,,,,,,,,,,,,,,,,,,,,,,,,,,,,,,,"rgba(38, 166, 154, 1.0)",1.856499207192486,32.25910637755197,1.6433584300107411,84.26337186296273,25.52729443241421,True,False,True,False,True,20.0,0.0,0.0,0.0,0.0,0,,,False,False,False,False,,,False,False,False,False,-2886.0,-4880.5414805744,False,False,False,False,700.6401715373332,False,False,False,False
2025-01-27 16:00:00+00:00,35.31,35.39,34.955,35.065,2717.0,,,,,,,,,,,,,,,,,,,,,,,,,,,,,,,,,,,"rgba(38, 166, 154, 1.0)",1.9132061247225036,32.53530571423454,1.3222277793681911,83.38653898235017,25.52729443241421,True,False,True,False,True,20.0,0.0,0.0,0.0,0.0,0,,,False,False,False,False,,,False,False,False,False,-5603.0,-4891.742387852316,False,False,False,False,731.9015642266769,False,False,False,False
2025-01-27 17:00:00+00:00,35.065,35.51,35.065,35.38,1826.0,,,,,,,,,,,,,,,,,,,,,,,,,,,,,,,,,,,"rgba(38, 166, 154, 1.0)",1.974803815093574,32.6985110833718,1.3578507880800021,83.49489446184597,25.621114465875323,True,False,True,False,True,20.0,0.0,0.0,0.0,0.0,0,,,False,False,False,False,,,False,False,False,False,-3777.0,-4874.459560133675,False,False,False,False,748.8643306727749,False,False,False,False
2025-01-27 18:00:00+00:00,35.375,35.725,35.36,35.475,2021.0,,,,,,,,,,,,,,,,,,,,,,,,,,,,,,,,,,,"rgba(38, 166, 154, 1.0)",2.034397004316316,32.86798094771092,1.2814701588519117,83.76790918237549,26.52417331819835,True,False,True,False,True,20.0,0.0,0.0,0.0,0.0,0,,,False,False,False,False,,,False,False,False,False,-1756.0,-4826.111349899044,False,False,False,False,768.5873643057552,False,False,False,False
2025-01-27 19:00:00+00:00,35.475,35.495,35.045,35.08,2472.0,,,,,,,,,,,,,,,,,,,,,,,,,,,,,,,,,,,"rgba(38, 166, 154, 0.75)",2.078867501812013,33.01944624728521,0.9911905164320182,79.80540390531442,26.52417331819835,True,False,True,False,False,20.0,0.0,0.0,0.0,0.0,0,,,False,False,False,False,,,False,False,False,False,-4228.0,-4816.838305714563,False,False,False,False,794.9968625335729,False,False,False,False
2025-01-27 20:00:00+00:00,35.08,35.24,34.94,35.125,4200.0,,,,,,,,,,,,,,,,,,,,,,,,,,,,,,,,,,,"rgba(38, 166, 154, 0.75)",2.1210385799550395,33.217925692827016,0.899122875555337,77.33760183145128,26.52417331819835,True,False,True,False,False,20.0,0.0,0.0,0.0,0.0,0,,,False,False,False,False,,,False,False,False,False,-28.0,-4742.592750587205,False,False,False,False,847.7876088508817,False,False,False,False
2025-01-28 15:00:00+00:00,35.11,35.135,34.775,34.78,688.0,,,,,,,,,,,,,,,,,,,,,,,,,,,,,,,,,,,"rgba(38, 166, 154, 0.75)",2.1520292895458226,33.242530184358955,0.7144279230351568,72.36376412545671,29.176667431856046,True,False,True,False,False,20.0,0.0,0.0,0.0,0.0,0,,,False,False,False,False,,,False,False,False,False,-716.0,-4680.164956004458,False,False,False,False,845.3102815818758,False,False,False,False
2025-01-28 16:00:00+00:00,34.78,34.875,34.37,34.575,1616.0,,,,,,,,,,,,,,,,,,,,,,,,,,,,,,,,,,,"rgba(38, 166, 154, 0.5)",2.176225310854471,33.2850213042484,0.5927597153279611,67.29157507396056,24.394797224509276,False,False,True,False,False,20.0,0.0,0.0,0.0,0.0,0,,,False,False,False,False,,,False,False,False,False,-2332.0,-4643.7592977718305,False,False,False,False,857.2589593868079,False,False,False,False
2025-01-28 17:00:00+00:00,34.575,34.72,34.535,34.655,1216.0,,,,,,,,,,,,,,,,,,,,,,,,,,,,,,,,,,,"rgba(38, 166, 154, 0.5)",2.1997558177347085,33.31606195052507,0.6086757624097393,64.42057986812827,21.71257671349386,False,True,True,False,False,20.0,0.0,0.0,0.0,0.0,0,,,False,False,False,False,,,False,False,False,False,-1116.0,-4589.065355170716,False,False,False,False,862.820835985462,False,False,False,False
2025-01-28 18:00:00+00:00,34.66,34.85,34.58,34.825,1110.0,,,,,,,,,,,,,,,,,,,,,,,,,,,,,,,,,,,"rgba(38, 166, 154, 0.5)",2.1971250707632954,33.34619701521457,0.6730627238583583,63.59068505280628,20.794807310572253,False,True,True,False,False,20.0,0.0,0.0,0.0,0.0,0,,,False,False,False,False,,,False,False,False,False,-6.0,-4518.010078346364,False,False,False,False,866.6530710864625,False,False,False,False
2025-01-28 19:00:00+00:00,34.81,35.585,34.71,35.555,500.0,,,,,,,,,,,,,,,,,,,,,,,,,,,,,,,,,,,"rgba(38, 166, 154, 0.5)",2.2027113717841997,33.365739886452445,0.9938933178404805,66.53319844846736,20.794807310572253,False,False,True,False,False,20.0,0.0,0.0,0.0,0.0,0,,,False,False,False,False,,,False,False,False,False,494.0,-4440.304495736343,False,False,False,False,860.968527348688,False,False,False,False
2025-01-28 20:00:00+00:00,35.555,36.9,35.535,36.9,4732.0,,,,,,,,,,,,,,,,,,,,,,,,,,,,,,,,,,,"rgba(38, 166, 154, 1.0)",2.242795372092855,33.64920206122376,1.4494402740553052,71.83656308243823,14.470514510479063,True,False,True,False,True,20.0,0.0,0.0,0.0,0.0,0,,,False,False,False,False,,,False,False,False,False,5226.0,-4290.439309755934,False,False,False,False,920.9845191727394,False,False,False,False
2025-01-29 15:00:00+00:00,36.81,37.745,36.685,37.58,866.0,,,,,,,,,,,,,,,,,,,,,,,,,,,,,,,,,,,"rgba(38, 166, 154, 1.0)",2.2978758659891847,33.71126018649314,1.683615669048097,76.37471207959618,18.713759606158646,True,False,True,False,True,20.0,0.0,0.0,0.0,0.0,0,,,False,False,False,False,,,False,False,False,False,6092.0,-4129.4712584418885,False,False,False,False,920.1320460072706,False,False,False,False
2025-01-29 16:00:00+00:00,37.605,37.765,36.21,36.33,314.0,,,,,,,,,,,,,,,,,,,,,,,,,,,,,,,,,,,"rgba(38, 166, 154, 0.75)",2.3076296445869797,33.729476078199426,1.1269242999632272,71.94879679239278,18.713759606158646,True,False,True,False,False,20.0,0.0,0.0,0.0,0.0,0,,,False,False,False,False,,,False,False,False,False,5778.0,-3975.8670528846496,False,False,False,False,910.7346499451423,False,False,False,False
2025-01-29 17:00:00+00:00,36.33,36.68,36.17,36.575,614.0,,,,,,,,,,,,,,,,,,,,,,,,,,,,,,,,,,,"rgba(38, 166, 154, 0.5)",2.3135926257312227,33.760711420895475,1.2164149158346567,69.66904799869369,18.713759606158646,False,False,True,False,False,20.0,0.0,0.0,0.0,0.0,0,,,False,False,False,False,,,False,False,False,False,6392.0,-3815.1249280337247,False,False,False,False,906.1341127366904,False,False,False,False
2025-01-29 18:00:00+00:00,36.58,36.595,35.845,36.47,996.0,,,,,,,,,,,,,,,,,,,,,,,,,,,,,,,,,,,"rgba(38, 166, 154, 0.5)",2.3108440153033096,33.80632534140185,1.1526847510945157,67.59315875136281,25.65351339860746,False,False,True,False,False,20.0,0.0,0.0,0.0,0.0,0,,,False,False,False,False,,,False,False,False,False,5396.0,-3672.316789614597,False,False,False,False,907.5273823066642,False,False,False,False
2025-01-29 19:00:00+00:00,36.29,36.475,36.065,36.315,621.0,,,,,,,,,,,,,,,,,,,,,,,,,,,,,,,,,,,"rgba(38, 166, 154, 0.5)",2.3029494895354112,33.83365300295047,1.0774647938761808,65.34616379120683,23.281948267366616,False,False,True,False,False,20.0,0.0,0.0,0.0,0.0,0,,,False,False,False,False,,,False,False,False,False,4775.0,-3541.3506378376264,False,False,False,False,903.0850973096616,False,False,False,False
2025-01-29 20:00:00+00:00,36.3,36.35,35.955,36.03,1564.0,,,,,,,,,,,,,,,,,,,,,,,,,,,,,,,,,,,"rgba(38, 166, 154, 0.5)",2.2863739398429237,33.894464100897714,0.9340273967822605,62.26904423864018,20.11538438151591,False,True,True,False,False,20.0,0.0,0.0,0.0,0.0,0,,,False,False,False,False,,,False,False,False,False,3211.0,-3436.663031049446,False,False,False,False,913.3318399870311,False,False,False,False
2025-01-30 15:00:00+00:00,37.03,38.57,36.96,38.2,2152.0,,,,,,,,,,,,,,,,,,,,,,,,,,,,,,,,,,,"rgba(38, 166, 154, 0.5)",2.3279724290959054,34.04398599301151,1.7852505274740422,66.0699585796113,20.11538438151591,False,False,True,False,True,20.0,0.0,0.0,0.0,0.0,0,,,False,False,False,False,,,False,False,False,False,5363.0,-3300.2341468471286,False,False,False,False,932.535997506612,False,False,False,False
2025-01-30 16:00:00+00:00,38.17,39.12,38.12,38.97,2617.0,,,,,,,,,,,,,,,,,,,,,,,,,,,,,,,,,,,"rgba(38, 166, 154, 1.0)",2.3854949115378616,34.248464825689155,1.979268600186199,69.81246192808129,20.11538438151591,True,False,True,False,True,20.0,0.0,0.0,0.0,0.0,0,,,False,False,False,False,,,False,False,False,False,7980.0,-3125.3467957332196,False,False,False,False,958.6517184755018,False,False,False,False
2025-01-30 17:00:00+00:00,38.97,38.99,38.24,38.575,2359.0,,,,,,,,,,,,,,,,,,,,,,,,,,,,,,,,,,,"rgba(38, 166, 154, 1.0)",2.4176725461775415,34.41186857222969,1.7219583497163105,70.41050130841515,12.704308632855735,True,False,True,False,True,20.0,0.0,0.0,0.0,0.0,0,,,False,False,False,False,,,False,False,False,False,5621.0,-2989.7445198303785,False,False,False,False,980.3625445456489,False,False,False,False
2025-01-30 18:00:00+00:00,38.575,39.19,38.545,39.165,560.0,,,,,,,,,,,,,,,,,,,,,,,,,,,,,,,,,,,"rgba(38, 166, 154, 1.0)",2.4945978353956004,34.45216828626476,1.8892150257108946,71.8511817855652,14.446726353042294,True,False,True,False,True,20.0,0.0,0.0,0.0,0.0,0,,,False,False,False,False,,,False,False,False,False,6181.0,-2847.562434251613,False,True,False,False,973.8452957930032,False,False,False,False
2025-01-30 19:00:00+00:00,39.165,39.39,38.975,39.16,632.0,,,,,,,,,,,,,,,,,,,,,,,,,,,,,,,,,,,"rgba(38, 166, 154, 1.0)",2.561610332485319,35.27826567255254,1.5153492622280795,72.7855156583802,15.776916891420072,True,False,True,False,True,20.0,0.0,0.0,0.0,0.0,0,,,False,False,False,False,,,False,False,False,False,5549.0,-2717.383171705076,False,False,False,False,968.545368726445,False,False,False,False
2025-01-30 20:00:00+00:00,39.15,39.24,38.315,38.75,3009.0,,,,,,,,,,,,,,,,,,,,,,,,,,,,,,,,,,,"rgba(38, 166, 154, 1.0)",2.6099627158981464,35.38116437374415,1.290760057887095,71.21367160874608,15.776916891420072,True,False,True,False,True,20.0,0.0,0.0,0.0,0.0,0,,,False,False,False,False,,,False,False,False,False,2540.0,-2635.8733550894935,False,False,False,False,1000.180324250066,False,False,False,False
2025-01-31 15:00:00+00:00,37.685,37.71,36.85,37.125,1499.0,,,,,,,,,,,,,,,,,,,,,,,,,,,,,,,,,,,"rgba(38, 166, 154, 0.5)",2.6131902631364983,35.34724227331853,0.6803016801951904,63.76141730580963,20.632485053704727,False,True,True,False,False,17.286562994918867,0.0,0.0,0.0,0.0,0,,,False,False,False,False,,,False,False,False,False,1041.0,-2578.867566638494,False,False,False,False,1007.9139626337858,False,False,False,False
2025-01-31 16:00:00+00:00,37.13,37.535,37.06,37.355,419.0,,,,,,,,,,,,,,,,,,,,,,,,,,,,,,,,,,,"rgba(38, 166, 154, 0.5)",2.614836222111916,35.346540542197594,0.7681014362651887,59.52647920561859,16.699143200887477,False,True,True,False,False,18.10450037776396,0.0,0.0,0.0,0.0,0,,,False,False,False,False,,,False,False,False,False,1460.0,-2516.2494648301454,False,False,False,False,998.7835136007038,False,False,False,False
2025-01-31 17:00:00+00:00,37.355,37.725,37.29,37.37,705.0,,,,,,,,,,,,,,,,,,,,,,,,,,,,,,,,,,,"rgba(38, 166, 154, 0.5)",2.6147934443769745,35.35300676011643,0.7713776567021172,56.75450822316996,14.110484355192185,False,True,True,False,False,18.158110768217384,0.0,0.0,0.0,0.0,0,,,False,False,False,False,,,False,False,False,False,2165.0,-2443.6719537475074,False,False,False,False,994.2287304441038,False,False,False,False
2025-01-31 18:00:00+00:00,37.36,37.51,35.905,36.055,2005.0,,,,,,,,,,,,,,,,,,,,,,,,,,,,,,,,,,,#000000,2.60011394933945,35.320617282055835,0.2824425130024521,50.86454377314153,8.632597072407833,False,True,False,False,False,10.916179025539094,0.0,0.0,0.0,0.0,0,,,False,False,False,False,,,False,False,False,False,160.0,-2403.3049467126625,False,False,False,False,1009.8996028403192,False,False,False,False
2025-01-31 19:00:00+00:00,36.055,36.295,35.78,36.05,970.0,,,,,,,,,,,,,,,,,,,,,,,,,,,,,,,,,,,"rgba(239, 83, 80, 1.0)",2.582579079661017,35.301960132748114,0.28964838797891485,46.924718301589564,5.039761403076632,False,True,False,True,False,10.890273290753704,0.0,0.0,0.0,0.0,0,,,False,False,False,False,,,False,False,False,False,-810.0,-2378.6025444380475,False,False,False,False,1009.2810043466708,False,False,False,False
2025-01-31 20:00:00+00:00,36.015,36.305,35.66,36.05,1137.0,,,,,,,,,,,,,,,,,,,,,,,,,,,,,,,,,,,"rgba(239, 83, 80, 1.0)",2.5640791473497684,35.285827597210805,0.29802995885639527,44.29816798722159,2.573337869507256,False,True,False,True,False,10.890273290753694,0.0,0.0,0.0,0.0,0,,,False,False,False,False,,,False,False,False,False,-810.0,-2354.283125144434,False,False,False,False,1011.2611438141643,False,False,False,False
2025-02-03 15:00:00+00:00,35.44,36.35,35.02,35.88,884.0,,,,,,,,,,,,,,,,,,,,,,,,,,,,,,,,,,,"rgba(239, 83, 80, 1.0)",2.542469715110151,35.271155857618496,0.239469575099788,42.00409325736689,0.2801449570577077,False,True,False,True,False,9.983120583947283,0.0,0.0,0.0,0.0,0,,,False,False,False,False,,,False,False,False,False,-1694.0,-2344.046177467776,False,False,False,False,1009.2881028247973,False,False,False,False
2025-02-03 16:00:00+00:00,35.86,36.14,35.52,35.56,1100.0,,,,,,,,,,,,,,,,,,,,,,,,,,,,,,,,,,,"rgba(239, 83, 80, 1.0)",2.5167090265512146,35.256807875992386,0.12047166391066541,39.46218578098317,-2.3380494765359785,False,True,False,True,False,8.293372951768283,0.0,0.0,0.0,0.0,0,,,False,False,False,False,,,False,False,False,False,-2794.0,-2351.02220572409,False,False,False,False,1010.6944888275136,False,False,False,False
2025-02-03 17:00:00+00:00,35.56,35.76,35.15,35.33,554.0,,,,,,,,,,,,,,,,,,,,,,,,,,,,,,,,,,,"rgba(239, 83, 80, 1.0)",2.4873001753230746,35.24660551793492,0.03352811329024624,37.061666531768445,-4.875331043142843,False,True,False,True,False,7.096180672838191,0.0,0.0,0.0,0.0,0,,,False,False,False,False,,,False,False,False,False,-3348.0,-2366.479225790383,False,False,False,False,1003.6139541170095,False,False,False,False
2025-02-03 18:00:00+00:00,35.27,35.505,35.11,35.11,100.0,,,,,,,,,,,,,,,,,,,,,,,,,,,,,,,,,,,"rgba(239, 83, 80, 1.0)",2.4444203203832884,35.244460925008774,-0.05500728491231435,34.79280359524587,-7.327355666147675,False,True,False,True,False,5.960398972777998,0.0,0.0,0.0,0.0,0,,,False,False,False,False,,,False,False,False,False,-3448.0,-2383.2469897316178,False,False,False,False,989.6044354485286,False,False,False,False
2025-02-03 19:00:00+00:00,35.105,35.305,35.01,35.04,100.0,,,,,,,,,,,,,,,,,,,,,,,,,,,,,,,,,,,"rgba(239, 83, 80, 1.0)",2.4025470568462115,35.224381494160795,-0.07674417599246978,33.06069154534579,-9.318673619950651,False,True,False,True,False,5.598366574104595,0.0,0.0,0.0,0.0,0,,,False,False,False,False,,,False,False,False,False,-3548.0,-2401.3051759373293,False,False,False,False,975.8121186198692,False,False,False,False
2025-02-03 20:00:00+00:00,35.04,35.15,35.015,35.135,311.0,,,,,,,,,,,,,,,,,,,,,,,,,,,,,,,,,,,"rgba(239, 83, 80, 1.0)",2.3620032210427335,35.216077428274495,-0.03432570605839593,32.66083726890499,-10.149259640633367,False,True,False,True,False,6.0254993055401656,0.0,0.0,0.0,0.0,0,,,False,False,False,False,,,False,False,False,False,-3237.0,-2414.2616848375255,False,False,False,False,965.5049539901038,False,False,False,False
2025-02-04 15:00:00+00:00,37.13,38.16,36.755,38.08,2478.0,,,,,,,,,,,,,,,,,,,,,,,,,,,,,,,,,,,"rgba(239, 83, 80, 0.75)",2.357222535332867,35.60485826197239,1.0500246374397106,44.40275344097908,-13.398076826756679,False,True,False,True,True,17.26545342337286,0.0,0.0,0.0,0.0,0,,,False,False,False,False,,,False,False,False,False,-759.0,-2388.5987129795794,False,False,False,False,988.9544895871564,False,False,False,False
2025-02-04 16:00:00+00:00,38.04,38.37,37.865,38.04,1016.0,,,,,,,,,,,,,,,,,,,,,,,,,,,,,,,,,,,"rgba(38, 166, 154, 0.5)",2.349208678345634,35.97300174677083,0.8798700057096672,52.0493506913271,-6.595099484189461,False,True,True,False,True,17.057539319027644,0.0,0.0,0.0,0.0,0,,,False,False,False,False,0.2752653090622327,0.2752653090622327,False,False,False,False,-1775.0,-2379.0855546388107,False,False,False,False,989.3737998261151,False,False,False,False
2025-02-04 17:00:00+00:00,38.04,38.08,37.44,37.87,1566.0,,,,,,,,,,,,,,,,,,,,,,,,,,,,,,,,,,,"rgba(38, 166, 154, 0.5)",2.3320368895139882,36.00013639337006,0.8018156209439835,56.318706783341185,-2.9468177353358413,False,True,True,False,True,16.16660951111606,0.0,0.0,0.0,0.0,0,1.0383213301324796,0.9250466791144307,False,False,False,False,0.2531515261292142,0.26420841759572344,False,False,False,False,-3341.0,-2393.9989568924725,False,False,False,False,998.3137409140824,False,False,False,False
2025-02-04 18:00:00+00:00,37.87,37.9,37.63,37.685,700.0,,,,,,,,,,,,,,,,,,,,,,,,,,,,,,,,,,,"rgba(38, 166, 154, 0.5)",2.3469376500736776,36.01374494924289,0.7121003196248716,58.23043818864779,-1.2531260694355169,False,True,True,False,True,15.197273673929274,0.0,0.0,0.0,0.0,0,1.0434511063526053,0.9118486795146327,False,False,False,False,0.25345909729842625,0.2588337574470748,False,False,False,False,-4041.0,-2419.5338567856124,False,False,False,False,993.6887216751044,False,False,False,False
2025-02-04 19:00:00+00:00,37.685,37.755,37.31,37.31,1668.0,,,,,,,,,,,,,,,,,,,,,,,,,,,,,,,,,,,"rgba(38, 166, 154, 0.5)",2.3498112881868005,36.02278166555706,0.5477964723865993,57.648939104712596,-1.2531260694355169,False,True,True,False,True,13.25630874308943,0.0,0.0,0.0,0.0,0,1.048113968282412,0.9077143625123199,False,False,False,False,0.23920557201057985,0.24901966472882733,False,False,False,False,-5709.0,-2470.5333318742073,False,False,False,False,1004.1431600987462,False,False,False,False
2025-02-04 20:00:00+00:00,37.34,37.53,37.275,37.4,579.0,,,,,,,,,,,,,,,,,,,,,,,,,,,,,,,,,,,"rgba(38, 166, 154, 0.5)",2.3501131331786476,36.026754794693716,0.5843315310735271,57.60435914510859,-1.2136849726761056,False,True,True,False,True,13.579991315974727,0.0,0.0,0.0,0.0,0,1.049089114242125,0.9040653324957374,False,False,False,False,0.23127758756201458,0.24014862614542096,False,False,False,False,-5130.0,-2511.765373240499,False,False,False,False,997.5517932755098,False,False,False,False
2025-02-05 15:00:00+00:00,36.65,36.65,36.06,36.15,300.0,,,,,,,,,,,,,,,,,,,,,,,,,,,,,,,,,,,#000000,2.334687283494672,36.01275193539327,0.05878648741397637,52.401108126425825,-1.2136849726761056,False,True,False,False,False,7.453953939973356,0.0,0.0,0.0,0.0,0,1.0314614641005362,0.9091308550839269,False,False,False,False,0.16834032982796043,0.2042444779866907,False,False,False,False,-5430.0,-2557.009320942196,False,False,False,False,986.7370367906182,False,False,False,False
2025-02-05 16:00:00+00:00,36.15,36.155,35.63,35.925,406.0,,,,,,,,,,,,,,,,,,,,,,,,,,,,,,,,,,,"rgba(239, 83, 80, 1.0)",2.3176816293734466,35.988518185006754,-0.027405914687224767,48.2069758167698,6.86439087879279,False,True,False,True,False,6.419717044031852,0.0,0.0,0.0,0.0,0,1.024995630134592,0.917933927635029,False,False,False,False,0.14099471697423982,0.17261959748046526,False,False,False,False,-5836.0,-2607.8463857337897,False,False,False,False,977.7333618016163,False,False,False,False
2025-02-05 17:00:00+00:00,35.925,36.015,35.84,35.99,509.0,,,,,,,,,,,,,,,,,,,,,,,,,,,,,,,,,,,"rgba(239, 83, 80, 1.0)",2.298686595224125,35.96274845736491,0.011855266695212552,45.743099832544,4.288731503627531,False,True,False,True,False,6.6723614664464925,0.0,0.0,0.0,0.0,0,1.0303056921995783,0.9229620520028111,False,False,False,False,0.14305630497582206,0.15783795122814365,False,False,False,False,-5327.0,-2650.00380611001,False,False,False,False,970.4661778977153,False,False,False,False
2025-02-05 18:00:00+00:00,35.99,36.235,35.99,36.09,0.0,,,,,,,,,,,,,,,,,,,,,,,,,,,,,,,,,,,"rgba(239, 83, 80, 1.0)",2.2789684069771607,35.96274845736491,0.05583734388134009,44.650220563338834,2.891773524298287,False,True,False,True,False,7.065244277046336,0.0,0.0,0.0,0.0,0,1.0334445224719102,0.9140625000000002,False,False,False,False,0.15397378951848775,0.1559058703733157,False,False,False,False,-5327.0,-2691.5076230695445,False,False,False,False,955.4201906434871,False,False,False,False
2025-02-05 19:00:00+00:00,36.09,36.2,35.86,35.86,401.0,,,,,,,,,,,,,,,,,,,,,,,,,,,,,,,,,,,"rgba(239, 83, 80, 1.0)",2.256400200510734,35.945160185164234,-0.03774161389675394,42.969733019723066,0.8550622421263085,False,True,False,True,False,5.972531319297239,0.0,0.0,0.0,0.0,0,1.0313156053184045,0.9135759272218336,False,False,False,False,0.14910083362605883,0.1525033519996873,False,False,False,False,-5728.0,-2738.5850242622646,False,False,False,False,946.8245287730454,False,False,False,False
2025-02-05 20:00:00+00:00,35.86,35.945,35.755,35.85,488.0,,,,,,,,,,,,,,,,,,,,,,,,,,,,,,,,,,,"rgba(239, 83, 80, 1.0)",2.232382452541327,35.923523479916504,-0.03293498380297883,41.80612113661134,-0.7355848142463515,False,True,False,True,False,5.924726227808495,0.0,0.0,0.0,0.0,0,1.0300646740080406,0.9174969410942143,False,False,False,False,0.13849295806572706,0.1454981550327072,False,False,False,False,-6216.0,-2792.4984347388186,False,False,False,False,939.7109701874167,False,False,False,False
2025-02-06 15:00:00+00:00,36.8,37.415,36.775,37.115,658.0,,,,,,,,,,,,,,,,,,,,,,,,,,,,,,,,,,,#000000,2.2177297498214825,35.92981458950072,0.5344138124109494,47.44850194021382,-0.7355848142463515,False,True,False,False,True,10.816059597672954,0.0,0.0,0.0,0.0,0,1.0305252387448842,0.9073158253751707,False,False,False,False,0.21263609564498026,0.17906712533884372,False,False,False,False,-5558.0,-2835.3744279986818,False,False,False,False,935.3433582465265,False,False,False,False
2025-02-06 16:00:00+00:00,37.115,37.35,36.99,37.02,1414.0,,,,,,,,,,,,,,,,,,,,,,,,,,,,,,,,,,,#000000,2.1997671211715564,35.944762613695374,0.4887960075210037,50.697638859722,-6.775403211417526,False,True,False,False,True,10.352900778542498,0.0,0.0,0.0,0.0,0,1.0381309047578517,0.9066303515192782,False,False,False,False,0.21716892303508234,0.19811802418696303,False,False,False,False,-6972.0,-2899.508157797152,False,False,False,False,942.7643914520066,False,False,False,False
2025-02-06 17:00:00+00:00,37.02,37.13,36.905,37.08,0.0,,,,,,,,,,,,,,,,,,,,,,,,,,,,,,,,,,,"rgba(38, 166, 154, 0.5)",2.1802942234709763,35.944762613695374,0.520680821002843,53.12424358479574,-4.306709573278965,False,False,True,False,True,10.576981249920227,0.0,0.0,0.0,0.0,0,1.0422813036020584,0.9056603773584907,False,False,False,False,0.2079611982012232,0.2030396111940931,False,False,False,False,-6972.0,-2962.6475662033977,False,False,False,False,928.1478892589522,False,False,False,False
2025-02-06 18:00:00+00:00,37.1,37.125,36.935,36.98,200.0,,,,,,,,,,,,,,,,,,,,,,,,,,,,,,,,,,,"rgba(38, 166, 154, 0.5)",2.156216715110642,35.946166087997696,0.4794666068383816,54.102265602180104,-3.1023147269485634,False,False,True,False,True,10.075468486524159,0.0,0.0,0.0,0.0,0,1.0403163414424483,0.9087079859021749,False,False,False,False,0.20871460295794356,0.20587710707601833,False,False,False,False,-7172.0,-3027.908844246756,False,False,False,False,916.8587746967978,False,False,False,False
2025-02-06 19:00:00+00:00,36.975,37.04,36.7,36.775,102.0,,,,,,,,,,,,,,,,,,,,,,,,,,,,,,,,,,,"rgba(38, 166, 154, 0.5)",2.1365496559716175,35.94628040066998,0.3878775281509444,53.42895109642251,-3.1023147269485634,False,False,True,False,True,9.045164114881175,0.0,0.0,0.0,0.0,0,1.0352577850218754,0.909496439907352,False,False,False,False,0.19908833273675336,0.20248271990638583,False,False,False,False,-7274.0,-3093.739714878589,False,False,False,False,904.2253053216537,False,False,False,False
2025-02-06 20:00:00+00:00,36.775,37.195,36.76,37.11,478.0,,,,,,,,,,,,,,,,,,,,,,,,,,,,,,,,,,,"rgba(38, 166, 154, 0.5)",2.1203299335308716,35.9498990482266,0.5471322804189948,54.822518367507364,-1.6480668785808774,False,False,True,False,True,10.350703172525634,0.0,0.0,0.0,0.0,0,1.0342354648680954,0.9080508836335697,False,False,False,False,0.20555186177086643,0.20401729083862613,False,False,False,False,-6796.0,-3151.139099144037,False,False,False,False,897.6171610531009,False,False,False,False
2025-02-07 15:00:00+00:00,39.19,39.625,38.26,38.62,5523.0,,,,,,,,,,,,,,,,,,,,,,,,,,,,,,,,,,,"rgba(38, 166, 154, 1.0)",2.1243397660076515,36.24650327686975,1.1172867735705212,60.96638917979919,4.375929676677657,True,False,True,False,True,15.745449153115516,0.0,0.0,0.0,0.0,0,1.0383383958624086,0.8884328051884082,False,False,False,False,0.32735792078160225,0.2656876058101142,False,False,False,False,-1273.0,-3122.020663498393,False,False,False,False,969.3285228972388,False,False,False,False
2025-02-07 16:00:00+00:00,38.64,38.64,37.85,37.9,3159.0,,,,,,,,,,,,,,,,,,,,,,,,,,,,,,,,,,,"rgba(38, 166, 154, 1.0)",2.111815328569708,36.32303555414383,0.7467340654848915,61.027088471852295,4.617457895149016,True,False,True,False,True,12.20484572019631,0.0,0.0,0.0,0.0,0,1.0298058962072607,0.906359132624056,False,False,False,False,0.28321495280072706,0.2744512793054206,False,False,False,False,-4432.0,-3142.3304206534563,False,False,False,False,1003.2769178910801,False,False,False,False
2025-02-07 17:00:00+00:00,37.85,38.67,37.85,38.6,3331.0,,,,,,,,,,,,,,,,,,,,,,,,,,,,,,,,,,,"rgba(38, 166, 154, 1.0)",2.106505479065586,36.41048708852365,1.039405277240287,63.05000924903297,6.81020233058743,True,False,True,False,True,14.544894355668784,0.0,0.0,0.0,0.0,0,1.0286126472709787,0.9058267211669473,False,False,False,False,0.28415248355548195,0.2793018814304513,False,False,False,False,-1101.0,-3110.6818869999142,False,False,False,False,1039.3656478462572,False,False,False,False
2025-02-07 18:00:00+00:00,38.555,38.72,38.3,38.345,1000.0,,,,,,,,,,,,,,,,,,,,,,,,,,,,,,,,,,,"rgba(38, 166, 154, 1.0)",2.0774389768902246,36.43621219074909,0.9188177513200542,63.07835972509577,7.193997177066727,True,False,True,False,True,13.321458931735691,0.0,0.0,0.0,0.0,0,1.0355863386673039,0.9056603773584908,False,False,False,False,0.2998512338554902,0.28957655764297074,False,False,False,False,-2101.0,-3095.0279042557295,False,False,False,False,1038.7553277246097,False,False,False,False
2025-02-07 19:00:00+00:00,38.345,38.56,38.285,38.525,1000.0,,,,,,,,,,,,,,,,,,,,,,,,,,,,,,,,,,,"rgba(38, 166, 154, 1.0)",2.0535147347330547,36.4610447331572,1.0050842255636891,63.64751900134375,8.169099424677633,True,False,True,False,True,13.922532311316012,0.0,0.0,0.0,0.0,0,1.0351934051997465,0.9086081166772354,False,False,False,False,0.2943406953007525,0.29195862647186166,False,False,False,False,-1101.0,-3064.112742949439,False,False,False,False,1038.1544699304297,False,False,False,False
2025-02-07 20:00:00+00:00,38.495,38.615,38.325,38.48,1462.0,,,,,,,,,,,,,,,,,,,,,,,,,,,,,,,,,,,"rgba(38, 166, 154, 1.0)",2.025459936645244,36.49627205553531,0.9793962885043903,63.758367917302486,8.747803733779406,True,False,True,False,True,13.70201594625442,0.0,0.0,0.0,0.0,0,1.0356635632002527,0.9081584345905004,False,False,False,False,0.2973299545748583,0.29464429052335994,False,False,False,False,-2563.0,-3056.3435531362693,False,False,False,False,1044.7257184586401,False,False,False,False
2025-02-10 15:00:00+00:00,40.495,41.415,40.435,40.89,4539.0,,,,,,,,,,,,,,,,,,,,,,,,,,,,,,,,,,,"rgba(38, 166, 154, 1.0)",2.0569611824986658,37.23613524449436,1.776341132051483,68.97545209403788,13.943029511793725,True,False,True,False,True,20.0,0.0,0.0,0.0,0.0,0,1.0364225925646633,0.8954075861548902,False,False,False,False,0.3428282487937042,0.3187362696585321,False,False,False,False,1976.0,-2978.322722855087,False,False,False,False,1098.9005135212967,False,False,False,False
2025-02-10 16:00:00+00:00,40.88,40.94,40.335,40.585,2857.0,,,,,,,,,,,,,,,,,,,,,,,,,,,,,,,,,,,"rgba(38, 166, 154, 1.0)",2.069072140482909,37.34788799651295,1.564523507977603,70.93195512771395,15.891189770210474,True,False,True,False,True,19.560360339034993,0.0,0.0,0.0,0.0,0,1.0345987146913764,0.9034523987445822,False,False,False,False,0.32675025177847317,0.3227432607185026,False,False,False,False,-881.0,-2945.8060914929924,False,False,False,False,1126.1578699008114,False,False,False,False
2025-02-10 17:00:00+00:00,40.59,40.745,40.31,40.49,1100.0,,,,,,,,,,,,,,,,,,,,,,,,,,,,,,,,,,,"rgba(38, 166, 154, 1.0)",2.0712693740360826,37.386953123167444,1.4981377679456294,71.74369316916209,16.818045245647966,True,False,True,False,True,19.106373575284284,0.0,0.0,0.0,0.0,0,1.0396734569314108,0.9044022278171969,False,False,False,False,0.32064197339333195,0.3216926170559173,False,False,False,False,-1981.0,-2930.8478575163567,False,False,False,False,1125.7523215302563,False,False,False,False
2025-02-10 18:00:00+00:00,40.48,40.755,40.375,40.695,1509.0,,,,,,,,,,,,,,,,,,,,,,,,,,,,,,,,,,,"rgba(38, 166, 154, 1.0)",2.0603598369356897,37.44296613804126,1.5783815058224946,72.69091738280419,17.941248112619604,True,False,True,False,True,19.69107409131369,0.0,0.0,0.0,0.0,0,1.0411052751769814,0.9027175154144783,False,False,False,False,0.3227217218370397,0.3222071694464785,False,False,False,False,-472.0,-2892.7261853068007,False,False,False,False,1131.6941460026553,False,False,False,False
2025-02-10 19:00:00+00:00,40.69,41.03,40.575,41.02,2285.0,,,,,,,,,,,,,,,,,,,,,,,,,,,,,,,,,,,"rgba(38, 166, 154, 1.0)",2.0568284975827407,37.537038901254256,1.6933648589753834,73.96137854450672,19.387276267090172,True,False,True,False,True,20.0,0.0,0.0,0.0,0.0,0,1.044239072797515,0.8972805090523442,False,False,False,False,0.3359571856077408,0.32908217752710966,False,False,False,False,1813.0,-2819.769190185765,False,False,False,False,1149.5748569173427,False,False,False,False
2025-02-10 20:00:00+00:00,41.015,41.24,40.88,41.085,1746.0,,,,,,,,,,,,,,,,,,,,,,,,,,,,,,,,,,,"rgba(38, 166, 154, 1.0)",2.047305249293273,37.610966489328604,1.6968810644483177,74.9390604789522,20.562516974559315,True,False,True,False,True,20.0,0.0,0.0,0.0,0.0,0,1.0480036229149372,0.8949354668276852,False,False,False,False,0.34282824885072366,0.33595521318891663,False,False,False,False,3559.0,-2720.8735438262956,False,False,False,False,1158.8217583604846,False,False,False,False
2025-02-11 15:00:00+00:00,39.63,40.39,39.47,39.96,3407.0,,,,,,,,,,,,,,,,,,,,,,,,,,,,,,,,,,,"rgba(38, 166, 154, 0.75)",2.0038423721072123,37.67483162790687,1.1403932783845074,69.30491164577559,23.943370678575278,True,False,True,False,False,15.39223331387673,0.0,0.0,0.0,0.0,0,1.029802301563883,0.8995278843316612,False,False,False,False,0.28114766494360544,0.30855143906626104,False,False,False,False,152.0,-2676.3328687282137,False,False,False,False,1193.6772349750509,False,False,False,False
2025-02-11 16:00:00+00:00,39.98,40.31,39.85,39.91,1320.0,,,,,,,,,,,,,,,,,,,,,,,,,,,,,,,,,,,"rgba(38, 166, 154, 0.75)",1.9585435386513115,37.70148255902716,1.1276325480584715,65.3144682099754,20.334059163223472,True,False,True,False,False,15.161595862771065,0.0,0.0,0.0,0.0,0,1.0386086189145463,0.9003529930872188,False,False,False,False,0.2892071973844645,0.29887931822536273,False,False,False,False,-1168.0,-2652.9478630114972,False,False,False,False,1195.6357274560576,False,False,False,False
2025-02-11 17:00:00+00:00,39.905,40.09,39.73,39.76,0.0,,,,,,,,,,,,,,,,,,,,,,,,,,,,,,,,,,,"rgba(38, 166, 154, 0.75)",1.9093837220941758,37.70148255902716,1.0781056825576645,61.90353047290963,17.30735599082132,True,False,True,False,False,14.462822265827569,0.0,0.0,0.0,0.0,0,1.0356254572055597,0.9016093635698609,False,False,False,False,0.2793499115041784,0.2891146148647706,False,False,False,False,-1168.0,-2629.925415522947,False,False,False,False,1177.098739433483,False,False,False,False
2025-02-11 18:00:00+00:00,39.76,39.815,39.635,39.64,300.0,,,,,,,,,,,,,,,,,,,,,,,,,,,,,,,,,,,"rgba(38, 166, 154, 0.75)",1.8894210753561553,37.70583215738469,1.0236827924927847,59.00268937673981,14.726356104936741,True,False,True,False,False,13.900374239377673,0.0,0.0,0.0,0.0,0,1.0343007915567282,0.909997068308414,False,False,False,False,0.2689531626712611,0.2790338887680158,False,False,False,False,-1468.0,-2611.9110679954592,False,False,False,False,1163.5003093647467,False,False,False,False
2025-02-11 19:00:00+00:00,39.63,40.07,39.62,39.875,100.0,,,,,,,,,,,,,,,,,,,,,,,,,,,,,,,,,,,"rgba(38, 166, 154, 0.75)",1.88169524870767,37.7075520087603,1.1518592039429763,58.160127862058964,13.943802447178648,True,False,True,False,False,14.658457230866883,0.0,0.0,0.0,0.0,0,1.0315121453060034,0.9064118462324021,False,False,False,False,0.2746360926367205,0.27683499070236817,False,False,False,False,-1368.0,-2592.625625080801,False,False,False,False,1147.011932475371,False,False,False,False
2025-02-11 20:00:00+00:00,39.875,39.955,39.46,39.47,1400.0,,,,,,,,,,,,,,,,,,,,,,,,,,,,,,,,,,,"rgba(38, 166, 154, 0.5)",1.8703208088261056,37.91657826458727,0.8305643224852539,55.35000439622962,11.221749372958016,False,False,True,False,False,12.74395233725743,0.0,0.0,0.0,0.0,0,1.0278525198167405,0.9119336775507235,False,False,False,False,0.2670840279899535,0.27195950934616087,False,False,False,False,-2768.0,-2595.3446076376877,False,False,False,False,1150.9342280959079,False,False,False,False
2025-02-12 15:00:00+00:00,40.89,41.77,40.37,41.65,1921.0,,,,,,,,,,,,,,,,,,,,,,,,,,,,,,,,,,,"rgba(38, 166, 154, 1.0)",1.9063116644877802,38.078495430011706,1.8735155622876303,60.509482123928436,11.221749372958016,True,False,True,False,True,19.279144867602252,0.0,0.0,0.0,0.0,0,1.0253681911070394,0.8874638855612711,False,False,False,False,0.3428282486871834,0.30739387901667214,False,False,False,False,-847.0,-2568.2384896898166,False,False,False,False,1162.8732323114752,False,False,False,False
2025-02-12 16:00:00+00:00,41.67,41.74,41.235,41.69,406.0,,,,,,,,,,,,,,,,,,,,,,,,,,,,,,,,,,,"rgba(38, 166, 154, 1.0)",1.9437285313550376,38.10454772461102,1.8446260460504962,64.03265431012821,7.503553074920461,True,False,True,False,True,19.38844465177181,0.0,0.0,0.0,0.0,0,1.038197364732268,0.8881412952060552,False,False,False,False,0.3428282482303618,0.32511106362351694,False,False,False,False,-441.0,-2535.258047989199,False,False,False,False,1151.1387635934677,False,False,False,False
2025-02-12 17:00:00+00:00,41.77,42.24,41.77,42.05,250.0,,,,,,,,,,,,,,,,,,,,,,,,,,,,,,,,,,,"rgba(38, 166, 154, 1.0)",1.9878667433178705,38.12392918361526,1.975017102923049,67.15273898847983,10.368048864989845,True,False,True,False,True,20.0,0.0,0.0,0.0,0.0,0,1.045130979498861,0.8851793849658313,False,False,False,False,0.3428282484865757,0.33396965605504636,False,False,False,False,-191.0,-2498.9129619738624,False,False,False,False,1137.1676199718636,False,False,False,False
2025-02-12 18:00:00+00:00,42.08,42.19,41.81,41.86,302.0,,,,,,,,,,,,,,,,,,,,,,,,,,,,,,,,,,,"rgba(38, 166, 154, 1.0)",2.0348803559578315,38.145162563430866,1.8255802734016446,68.12333057255293,11.349392007094607,True,False,True,False,True,19.47220945548454,0.0,0.0,0.0,0.0,0,1.044185550898629,0.8862683810470982,False,False,False,False,0.34253183656785013,0.33825074631144825,False,False,False,False,-493.0,-2467.8135362068256,False,False,False,False,1124.2192847785013,False,False,False,False
2025-02-12 19:00:00+00:00,41.86,41.88,41.75,41.8,410.0,,,,,,,,,,,,,,,,,,,,,,,,,,,,,,,,,,,"rgba(38, 166, 154, 1.0)",2.071550857438688,38.170009062565924,1.7523059713447129,68.40008076314827,11.876305718389006,True,False,True,False,True,19.18570822656825,0.0,0.0,0.0,0.0,0,1.0431848852901486,0.8891966759002768,False,False,False,False,0.33160474295091946,0.33492774463118385,False,False,False,False,-903.0,-2443.552861226875,False,False,False,False,1113.1461175726329,False,False,False,False
2025-02-12 20:00:00+00:00,41.8,41.86,41.595,41.66,1210.0,,,,,,,,,,,,,,,,,,,,,,,,,,,,,,,,,,,"rgba(38, 166, 154, 1.0)",2.105198131096258,38.23148082587684,1.6285969113690015,67.66615420384392,11.876305718389006,True,False,True,False,True,18.5105065131298,0.0,0.0,0.0,0.0,0,1.0404734902183157,0.8901332577261126,False,False,False,False,0.32646316066492415,0.330695452648054,False,False,False,False,-2113.0,-2438.4280106652177,False,False,False,False,1114.6477281529021,False,False,False,False
2025-02-13 15:00:00+00:00,41.48,42.425,41.45,42.375,3769.0,,,,,,,,,,,,,,,,,,,,,,,,,,,,,,,,,,,"rgba(38, 166, 154, 1.0)",2.15532156836586,38.41984442420767,1.8350651864868062,69.28064307231833,13.41263094107373,True,False,True,False,True,20.0,0.0,0.0,0.0,0.0,0,1.0387580599943929,0.8834454723857582,False,False,False,False,0.3388315531504171,0.3347635028992355,False,False,False,False,1656.0,-2374.9485066238963,False,False,False,False,1155.8004765536323,False,False,False,False
2025-02-13 16:00:00+00:00,42.375,42.895,42.295,42.46,7320.0,,,,,,,,,,,,,,,,,,,,,,,,,,,,,,,,,,,"rgba(38, 166, 154, 1.0)",2.196341044096292,38.75335619043691,1.6876449217786342,70.5802206389321,15.014155181496605,True,False,True,False,True,20.0,0.0,0.0,0.0,0.0,0,1.0516556291390726,0.8767514813523876,False,False,False,False,0.3428282485289833,0.3387958757141094,False,False,False,False,8976.0,-2198.964808846781,False,False,False,False,1251.369461413266,False,False,False,False
2025-02-13 17:00:00+00:00,42.41,42.505,42.21,42.48,300.0,,,,,,,,,,,,,,,,,,,,,,,,,,,,,,,,,,,"rgba(38, 166, 154, 1.0)",2.2335499760460933,38.76433591048548,1.6635688161731284,71.50389249017528,16.261348337150693,True,False,True,False,True,20.0,0.0,0.0,0.0,0.0,0,1.0479096520763187,0.8846801346801345,False,False,False,False,0.3289113263173833,0.33385360101574635,False,False,False,False,9276.0,-2021.0583777018696,False,False,False,False,1236.6195472828279,False,False,False,False
2025-02-13 18:00:00+00:00,42.46,42.73,42.11,42.66,400.0,,,,,,,,,,,,,,,,,,,,,,,,,,,,,,,,,,,"rgba(38, 166, 154, 1.0)",2.264098376718527,38.77948552034387,1.713933687493012,72.66087361522662,17.71938675064088,True,False,True,False,True,20.0,0.0,0.0,0.0,0.0,0,1.0471178643618875,0.8806022164912526,False,False,False,False,0.33256156873709203,0.3332075848764192,False,False,False,False,9676.0,-1839.708635411918,False,False,False,False,1223.6487015885205,False,False,False,False
2025-02-13 19:00:00+00:00,42.65,43.175,42.56,43.03,170.0,,,,,,,,,,,,,,,,,,,,,,,,,,,,,,,,,,,"rgba(38, 166, 154, 1.0)",2.2951101035434878,38.78703050663072,1.8486997581590683,74.46233165404891,19.731035124765228,True,False,True,False,True,20.0,0.0,0.0,0.0,0.0,0,1.0527008310249308,0.8753462603878116,False,False,False,False,0.34282824865376327,0.33801791676509124,False,False,False,False,9846.0,-1658.53485811871,False,False,False,False,1207.3130628042024,False,False,False,False
2025-02-13 20:00:00+00:00,43.025,43.31,42.81,43.225,7507.0,,,,,,,,,,,,,,,,,,,,,,,,,,,,,,,,,,,"rgba(38, 166, 154, 1.0)",2.327316335250612,39.103087905877956,1.7711009164030065,76.16212831440484,21.584625794850226,True,False,True,False,True,20.0,0.0,0.0,0.0,0.0,0,1.0540633608815426,0.8753443526170798,False,False,False,False,0.34282824873876916,0.34042308275193023,False,False,False,False,17353.0,-1363.7823796982648,False,False,False,False,1304.9826277219665,False,False,False,False
2025-02-14 15:00:00+00:00,47.02,47.03,45.23,45.415,11383.0,,,,,,,,,,,,,,,,,,,,,,,,,,,,,,,,,,,"rgba(38, 166, 154, 1.0)",2.4293080930196616,40.38058267563707,2.0723667528333474,80.44921145538483,25.724528888741006,True,False,True,False,True,20.0,0.0,0.0,0.0,0.0,0,1.0560325054066453,0.857723310832951,False,False,False,False,0.34282824982003096,0.34162566628598057,False,False,False,False,28736.0,-897.1190869897645,False,False,False,False,1461.2309590751142,False,False,False,False
2025-02-14 16:00:00+00:00,45.41,46.15,45.015,46.12,5584.0,,,,,,,,,,,,,,,,,,,,,,,,,,,,,,,,,,,"rgba(38, 166, 154, 1.0)",2.559322885184799,40.6309492514587,2.144727724788407,83.83262172547325,28.86439020434925,True,False,True,False,True,20.0,0.0,0.0,0.0,0.0,0,1.0525430309305035,0.8715542901514169,False,False,False,False,0.3178706295318431,0.3297481479089118,False,False,False,False,34320.0,-351.1172406798456,False,False,False,False,1525.1498589344149,False,False,False,False
2025-02-14 17:00:00+00:00,46.13,46.38,46.01,46.325,3627.0,,,,,,,,,,,,,,,,,,,,,,,,,,,,,,,,,,,"rgba(38, 166, 154, 1.0)",2.7004096502714723,40.80232625970362,2.045124427599786,86.22880761501307,31.063815434912726,True,False,True,False,True,20.0,0.0,0.0,0.0,0.0,0,1.069651418945186,0.867500323960088,False,False,False,False,0.34282824983848914,0.3362881988737005,False,False,False,False,37947.0,242.65201886557838,False,False,False,False,1557.7366828269044,False,False,False,False
2025-02-14 18:00:00+00:00,46.295,46.59,46.165,46.185,2945.0,,,,,,,,,,,,,,,,,,,,,,,,,,,,,,,,,,,"rgba(38, 166, 154, 1.0)",2.8292343025523277,40.93426331738894,1.8558861236321902,86.81533950695473,31.672367003119376,True,False,True,False,True,20.0,0.0,0.0,0.0,0.0,0,1.071308616457822,0.8647461568272833,False,False,False,False,0.34282824983848914,0.33955822435609484,False,False,False,False,35002.0,781.5566387281275,False,False,False,False,1579.2446412326888,False,False,False,False
2025-02-14 19:00:00+00:00,46.17,46.49,46.145,46.315,1459.0,,,,,,,,,,,,,,,,,,,,,,,,,,,,,,,,,,,"rgba(38, 166, 154, 1.0)",2.94050901091006,40.996676401268616,1.8086404697278622,87.34103542853163,32.365304825501596,True,False,True,False,True,20.0,0.0,0.0,0.0,0.0,0,1.0691746789701235,0.8690714331806154,False,False,False,False,0.34007992027200307,0.33981907231404895,False,False,False,False,36461.0,1334.7263032439705,False,False,False,False,1577.3803832290812,False,False,False,False
2025-02-14 20:00:00+00:00,46.315,46.55,46.165,46.375,3623.0,,,,,,,,,,,,,,,,,,,,,,,,,,,,,,,,,,,"rgba(38, 166, 154, 1.0)",3.046667134859115,41.145908680783286,1.7163316790951368,87.75791458346781,33.04656010558077,True,False,True,False,True,20.0,0.0,0.0,0.0,0.0,0,1.0678412963796542,0.8681113754742459,False,False,False,False,0.3419105940245585,0.3408648331693037,False,False,False,False,40084.0,1935.4902365270095,False,False,False,False,1609.095416047235,False,False,False,False
2025-02-17 15:00:00+00:00,46.375,46.375,46.375,46.375,0.0,,,,,,,,,,,,,,,,,,,,,,,,,,,,,,,,,,,"rgba(38, 166, 154, 1.0)",3.1425079600980004,41.145908680783286,1.663986658303848,88.03583402009193,33.65434249774947,True,False,True,False,True,20.0,0.0,0.0,0.0,0.0,0,1.070310990921383,0.8703238683922475,False,False,False,False,0.34271315587522466,0.3417889945222642,False,False,False,False,40084.0,2526.9400003017845,False,False,False,False,1584.1482002945645,False,False,False,False
2025-02-17 16:00:00+00:00,46.375,46.375,46.375,46.375,0.0,,,,,,,,,,,,,,,,,,,,,,,,,,,,,,,,,,,"rgba(38, 166, 154, 1.0)",3.228088273405936,41.145908680783286,1.6198724682641754,88.22111364450801,34.20746611216617,True,False,True,False,True,20.0,0.0,0.0,0.0,0.0,0,1.0696834912653903,0.87075356152904,False,False,False,False,0.3427022710090921,0.34224563276567815,False,False,False,False,40084.0,3109.220000297106,False,False,False,False,1559.5877630806951,False,False,False,False
2025-02-17 17:00:00+00:00,46.375,46.375,46.375,46.375,0.0,,,,,,,,,,,,,,,,,,,,,,,,,,,,,,,,,,,"rgba(38, 166, 154, 1.0)",3.3020176510078776,41.145908680783286,1.5836048961218103,88.34463339411873,34.71459994170989,True,False,True,False,True,20.0,0.0,0.0,0.0,0.0,0,1.072114743162108,0.8804536357571712,False,False,False,False,0.3427022710090921,0.34247395188738516,False,False,False,False,40084.0,3682.472403393275,False,False,False,False,1535.408107839134,False,False,False,False
2025-02-17 18:00:00+00:00,46.375,46.375,46.375,46.375,0.0,,,,,,,,,,,,,,,,,,,,,,,,,,,,,,,,,,,"rgba(38, 166, 154, 1.0)",3.390762076504259,41.145908680783286,1.5421581347304967,88.42697989385921,35.17942614072979,True,False,True,False,True,20.0,0.0,0.0,0.0,0.0,0,1.0711987127916331,0.87302225797801,False,False,False,False,0.3427022710090921,0.34258811144823864,False,False,False,False,40084.0,4246.837172332914,False,False,False,False,1511.603330973411,False,False,False,False
2025-02-17 19:00:00+00:00,46.375,46.375,46.375,46.375,0.0,,,,,,,,,,,,,,,,,,,,,,,,,,,,,,,,,,,"rgba(38, 166, 154, 1.0)",3.4772885108065745,41.145908680783286,1.5037841418582205,88.48187756035287,35.60352319823809,True,False,True,False,True,20.0,0.0,0.0,0.0,0.0,0,1.0715822019088588,0.870076623202043,False,False,False,False,0.3427022710090921,0.3426451912286654,False,False,False,False,40084.0,4802.452099893643,False,False,False,False,1488.1676204156836,False,False,False,False
2025-02-17 20:00:00+00:00,46.375,46.375,46.375,46.375,0.0,,,,,,,,,,,,,,,,,,,,,,,,,,,,,,,,,,,"rgba(38, 166, 154, 1.0)",3.5573162117853188,41.145908680783286,1.469954034980876,88.51847600468197,35.98788358286825,True,False,True,False,True,20.0,0.0,0.0,0.0,0.0,0,1.0722802290333446,0.8689120916133376,False,False,False,False,0.3427022710090921,0.3426737311188788,False,False,False,False,40084.0,5349.452842530951,False,False,False,False,1465.0952542076884,False,False,False,False
2025-02-18 15:00:00+00:00,45.99,45.995,45.35,45.51,6068.0,,,,,,,,,,,,,,,,,,,,,,,,,,,,,,,,,,,"rgba(38, 166, 154, 0.75)",3.615618482225279,41.32802845704083,1.1566407140349941,77.88903188343271,31.158777378706134,True,False,True,False,False,20.0,0.0,0.0,0.0,0.0,0,1.0615005330490406,0.8725346481876333,False,False,False,False,0.30769812598973295,0.32518592855430584,False,False,False,False,34016.0,5793.895434119619,False,False,False,False,1536.458118483538,False,False,False,False
2025-02-18 16:00:00+00:00,45.53,46.74,45.435,46.705,512.0,,,,,,,,,,,,,,,,,,,,,,,,,,,,,,,,,,,"rgba(38, 166, 154, 0.75)",3.697625744196425,41.75844357596079,1.337765573436693,75.99651215630051,29.79777777149043,True,False,True,False,False,20.0,0.0,0.0,0.0,0.0,0,1.0624630929729022,0.8631979528902299,False,False,False,False,0.32828326617810394,0.3267345973662049,False,False,False,False,34528.0,6239.385427389082,False,False,False,False,1520.575046879142,False,False,False,False
2025-02-18 17:00:00+00:00,46.7,46.725,46.11,46.17,600.0,,,,,,,,,,,,,,,,,,,,,,,,,,,,,,,,,,,"rgba(38, 166, 154, 0.5)",3.7613131452428417,41.77986228343867,1.1671821906436597,71.04667946110408,25.5310505979526,False,False,True,False,False,20.0,0.0,0.0,0.0,0.0,0,1.0699036709190315,0.8635121062223378,False,False,False,False,0.3428282493897274,0.3347814233779661,False,False,False,False,33928.0,6668.666273476072,False,False,False,False,1506.3025655321785,False,False,False,False
2025-02-18 18:00:00+00:00,46.145,46.265,46.02,46.23,456.0,,,,,,,,,,,,,,,,,,,,,,,,,,,,,,,,,,,"rgba(38, 166, 154, 0.5)",3.8092945623911896,41.79040770073342,1.1654631130651487,67.99240973778753,23.040020535355268,False,True,True,False,False,20.0,0.0,0.0,0.0,0.0,0,1.0685135924219817,0.869915006812431,False,False,False,False,0.32906954491484397,0.33192548414640505,False,False,False,False,34384.0,7098.3613700113265,False,False,False,False,1490.0188048262532,False,False,False,False
2025-02-18 19:00:00+00:00,46.23,46.28,45.95,46.235,500.0,,,,,,,,,,,,,,,,,,,,,,,,,,,,,,,,,,,"rgba(38, 166, 154, 0.5)",3.8554404499438304,41.80320941917426,1.1494900876734608,65.97877987752665,21.38632261207806,False,True,True,False,False,20.0,0.0,0.0,0.0,0.0,0,1.067317010142774,0.8702758576135406,False,False,False,False,0.32770034315273333,0.3298129136495692,False,False,False,False,34884.0,7529.14646504991,False,False,False,False,1474.669676069257,False,False,False,False
2025-02-18 20:00:00+00:00,46.255,46.355,45.99,46.3,3930.0,,,,,,,,,,,,,,,,,,,,,,,,,,,,,,,,,,,"rgba(38, 166, 154, 0.5)",3.898859602268107,41.91890091960209,1.1236873156061498,64.95723869821522,20.48099028098528,False,True,True,False,False,20.0,0.0,0.0,0.0,0.0,0,1.0675154320987656,0.8699202674897117,False,False,False,False,0.3305645794640626,0.3301887465568159,False,False,False,False,38814.0,8014.182953963865,False,False,False,False,1512.736812874385,False,False,False,False
2025-02-19 15:00:00+00:00,44.705,44.8,43.955,44.55,5355.0,,,,,,,,,,,,,,,,,,,,,,,,,,,,,,,,,,,"rgba(38, 166, 154, 0.5)",3.8913835203822718,42.1137470108349,0.6260634492602701,55.177846883861,11.53296124761561,False,True,True,False,False,16.680696645000893,0.0,0.0,0.0,0.0,0,1.0511204044691342,0.8744148305349226,False,False,False,False,0.24333277841167103,0.2867607624842435,False,False,False,False,33459.0,8408.676241499308,False,False,False,False,1572.3067847678053,False,False,False,False
2025-02-19 16:00:00+00:00,44.545,45.02,44.37,44.38,8486.0,,,,,,,,,,,,,,,,,,,,,,,,,,,,,,,,,,,"rgba(239, 83, 80, 1.0)",3.87824759929552,42.20435270571817,0.5609872084178006,48.12079651001882,5.459483516437572,False,True,False,True,False,15.869106582684296,0.0,0.0,0.0,0.0,0,1.055847935112377,0.8727013807194597,False,False,False,False,0.25846586659433346,0.2726133145392885,False,False,False,False,24973.0,8665.487462561334,False,False,False,False,1679.4958268644286,False,False,False,False
2025-02-19 17:00:00+00:00,44.38,44.725,44.355,44.68,410.0,,,,,,,,,,,,,,,,,,,,,,,,,,,,,,,,,,,"rgba(239, 83, 80, 1.0)",3.865705880554672,42.20884048244644,0.6392518194371746,45.229986503473484,3.1936935215950797,False,True,False,True,False,16.796899796545848,0.0,0.0,0.0,0.0,0,1.0592826612153876,0.8777798426562595,False,False,False,False,0.25106399350897945,0.261838654024134,False,False,False,False,25383.0,8924.673703451856,False,False,False,False,1659.813721021569,False,False,False,False
2025-02-19 18:00:00+00:00,44.68,44.825,44.54,44.685,1291.0,,,,,,,,,,,,,,,,,,,,,,,,,,,,,,,,,,,"rgba(239, 83, 80, 1.0)",3.846725470688916,42.22488269184029,0.63953545084129,43.33393767141879,1.5687140995107995,False,True,False,True,False,16.8124268721915,0.0,0.0,0.0,0.0,0,1.059123090299342,0.8798285927214009,False,False,False,False,0.2578679233136563,0.2598532886688951,False,False,False,False,26674.0,9199.85705688671,False,False,False,False,1654.0956788351882,False,False,False,False
2025-02-19 19:00:00+00:00,44.685,44.9,44.605,44.66,1637.0,,,,,,,,,,,,,,,,,,,,,,,,,,,,,,,,,,,"rgba(239, 83, 80, 1.0)",3.81762018460112,42.24588412882464,0.6323614593492074,41.956439041784485,0.17305869809732144,False,True,False,True,False,16.687631570928115,0.0,0.0,0.0,0.0,0,1.054859128707956,0.8808489512225393,False,False,False,False,0.2612187431589816,0.2605360159139384,False,False,False,False,25037.0,9445.39415677994,False,False,False,False,1653.8306295509217,False,False,False,False
2025-02-19 20:00:00+00:00,44.66,44.71,44.395,44.63,4322.0,,,,,,,,,,,,,,,,,,,,,,,,,,,,,,,,,,,"rgba(239, 83, 80, 1.0)",3.779251260513133,42.29181931398359,0.6186888684662223,40.88799065365147,-1.1288299714135803,False,True,False,True,False,16.535282271297643,0.0,0.0,0.0,0.0,0,1.0510646199554345,0.8829537014112403,False,False,False,False,0.2516599107001159,0.25609796330702717,False,False,False,False,20715.0,9620.116727992652,False,False,False,False,1695.1975965346282,False,False,False,False
2025-02-20 15:00:00+00:00,47.65,48.06,46.1,46.21,4775.0,,,,,,,,,,,,,,,,,,,,,,,,,,,,,,,,,,,#000000,3.754735688446007,42.461870949684425,0.9982404518776753,48.44425331752441,-1.1288299714135803,False,True,False,False,True,20.0,0.0,0.0,0.0,0.0,0,1.0528788960266477,0.8627765881513204,False,False,False,False,0.342828249605929,0.2994631064564781,False,False,False,False,25490.0,9866.16142988424,False,False,False,False,1742.9464710069594,False,False,False,False
2025-02-20 16:00:00+00:00,46.33,46.62,44.99,45.16,5750.0,,,,,,,,,,,,,,,,,,,,,,,,,,,,,,,,,,,#000000,3.7064519859731546,42.56725553130874,0.699521935938559,48.55791268224481,-1.1288299714135803,False,True,False,False,True,16.255152582288286,0.0,0.0,0.0,0.0,0,1.0395906432748538,0.8818128654970758,False,False,False,False,0.2826512996309278,0.291057203043703,False,False,False,False,19740.0,10019.244198413166,False,False,False,False,1805.0713319215802,False,False,False,False
2025-02-20 17:00:00+00:00,45.12,45.64,44.39,45.56,4450.0,,,,,,,,,,,,,,,,,,,,,,,,,,,,,,,,,,,#000000,3.6603030778368115,42.62549214542616,0.8017117140769934,50.18009334708756,-7.704081775405143,False,True,False,False,True,17.43361905159516,0.0,0.0,0.0,0.0,0,1.0381528440153542,0.8919390485052925,False,False,False,False,0.24636639913893743,0.2687118010913202,False,False,False,False,24190.0,10238.945838747844,False,False,False,False,1846.0779779383,False,False,False,False
2025-02-20 18:00:00+00:00,45.53,45.9,45.41,45.735,706.0,,,,,,,,,,,,,,,,,,,,,,,,,,,,,,,,,,,"rgba(38, 166, 154, 0.5)",3.6668783517928247,42.63769770909922,0.8446700418590196,51.924181396008656,-5.658985150790201,False,True,True,False,True,17.94459006239477,0.0,0.0,0.0,0.0,0,1.0497067533824982,0.887985598977992,False,False,False,False,0.27570850098752103,0.2722101510394206,False,False,False,False,24896.0,10466.186988534699,False,False,False,False,1828.402350373365,False,False,False,False
2025-02-20 19:00:00+00:00,45.745,46.37,45.59,46.22,476.0,,,,,,,,,,,,,,,,,,,,,,,,,,,,,,,,,,,"rgba(38, 166, 154, 0.5)",3.6774081917852177,42.647533041225536,0.9714632622929438,54.83244099639275,-2.5455793601285066,False,True,True,False,True,19.341713507450475,0.0,0.0,0.0,0.0,0,1.0478824546240277,0.8841256122154998,False,False,False,False,0.2907849699795539,0.28149756050948727,False,False,False,False,25372.0,10697.284864681447,False,False,False,False,1807.4348720730025,False,False,False,False
2025-02-20 20:00:00+00:00,46.22,46.32,45.99,46.145,928.0,,,,,,,,,,,,,,,,,,,,,,,,,,,,,,,,,,,"rgba(38, 166, 154, 0.5)",3.6809824897831427,42.66725571366159,0.9447869681508042,56.36649492684016,-0.7385164466873135,False,True,True,False,True,18.978585036035415,0.0,0.0,0.0,0.0,0,1.0522920985947941,0.8869500115180833,False,False,False,False,0.29895623989873626,0.2902269002041118,False,False,False,False,24444.0,10910.412231120494,False,False,False,False,1793.800222893576,False,False,False,False
2025-02-21 15:00:00+00:00,49.49,50.48,48.44,49.23,6909.0,,,,,,,,,,,,,,,,,,,,,,,,,,,,,,,,,,,"rgba(38, 166, 154, 0.5)",3.7413281714501467,43.449006107037576,1.5451715615531516,63.89234251031697,6.493672582498931,False,False,True,False,True,20.0,0.0,0.0,0.0,0.0,0,1.050546673259711,0.8673699247294103,False,False,False,False,0.3428282502497156,0.31652757522691366,False,False,False,False,31353.0,11227.35157637444,False,False,False,False,1873.1056457944505,False,False,False,False
2025-02-21 16:00:00+00:00,49.23,50.19,49.16,49.78,3886.0,,,,,,,,,,,,,,,,,,,,,,,,,,,,,,,,,,,"rgba(38, 166, 154, 0.5)",3.8022176933189136,43.618774708861565,1.6204293883447718,69.52703574802916,11.672901818806665,False,False,True,False,True,20.0,0.0,0.0,0.0,0.0,0,1.0588139281828075,0.8707290533188248,False,False,False,False,0.3428282502994861,0.3296779127631999,False,False,False,False,35239.0,11599.62519534538,False,False,False,False,1904.313310200738,False,False,False,False
2025-02-21 17:00:00+00:00,49.78,49.99,48.79,48.815,2440.0,,,,,,,,,,,,,,,,,,,,,,,,,,,,,,,,,,,"rgba(38, 166, 154, 0.5)",3.8331738642897326,43.70118090546931,1.334095262980787,69.2987054398813,11.672901818806665,False,False,True,False,True,20.0,0.0,0.0,0.0,0.0,0,1.0579921238603875,0.8732804660948373,False,False,False,False,0.3311426143693101,0.330410263566255,False,False,False,False,32799.0,11928.297672936924,False,False,False,False,1912.6185301976257,False,False,False,False
2025-02-21 18:00:00+00:00,48.84,48.895,48.295,48.395,2915.0,,,,,,,,,,,,,,,,,,,,,,,,,,,,,,,,,,,"rgba(38, 166, 154, 0.5)",3.8233793328052776,43.774162912044126,1.2085740612521152,67.59636013526912,11.672901818806665,False,False,True,False,True,20.0,0.0,0.0,0.0,0.0,0,1.0538893084475132,0.8873664904520442,False,False,False,False,0.29899102775698316,0.3147006456616191,False,False,False,False,29884.0,12206.680654751855,False,False,False,False,1928.1593281790576,False,False,False,False
2025-02-21 19:00:00+00:00,48.41,48.62,47.9,48.255,1804.0,,,,,,,,,,,,,,,,,,,,,,,,,,,,,,,,,,,"rgba(38, 166, 154, 0.5)",3.7983290221307002,43.8140192166033,1.169193284078772,65.93282510287025,11.672901818806665,False,False,True,False,False,20.0,0.0,0.0,0.0,0.0,0,1.0479459401480211,0.8879116164324786,False,False,False,False,0.2853097675121969,0.300005206586908,False,False,False,False,28080.0,12452.778629096787,False,False,False,False,1926.234377354576,False,False,False,False
2025-02-21 20:00:00+00:00,48.255,48.94,48.22,48.86,3388.0,,,,,,,,,,,,,,,,,,,,,,,,,,,,,,,,,,,"rgba(38, 166, 154, 0.5)",3.7796963353406294,43.90298725691896,1.3114843900903768,66.1604083574691,11.672901818806665,False,False,True,False,False,20.0,0.0,0.0,0.0,0.0,0,1.049898709883783,0.8861285851370081,False,False,False,False,0.29781026480926187,0.29890773569808493,False,False,False,False,31468.0,12747.588262754201,False,False,False,False,1948.8974102638074,False,False,False,False
2025-02-24 15:00:00+00:00,42.92,43.425,42.19,42.4,11278.0,,,,,,,,,,,,,,,,,,,,,,,,,,,,,,,,,,,#000000,3.6949629129299693,43.61924315757434,-0.3299743965785911,53.81157880571839,11.541947161119225,False,True,False,False,False,0.5857056173217892,0.0,0.0,0.0,0.0,0,1.026935355147646,0.8958998403830806,False,False,False,False,0.07244883166363951,0.18567828368086223,False,False,False,False,20190.0,12862.974491238632,False,False,False,False,2093.5346597170815,False,False,False,False
2025-02-24 16:00:00+00:00,42.41,43.19,42.33,42.79,6885.0,,,,,,,,,,,,,,,,,,,,,,,,,,,,,,,,,,,"rgba(239, 83, 80, 1.0)",3.5993913236686135,43.51136118545113,-0.20041199207978747,46.44919430985973,5.041882662169527,False,True,False,True,False,1.606300149356997,0.0,0.0,0.0,0.0,0,1.0265714852270476,0.9006543723973826,False,False,False,False,0.053870505439032865,0.11977439455994754,False,False,False,False,27075.0,13083.315971994623,False,False,False,False,2167.820944062553,False,False,False,False
2025-02-24 17:00:00+00:00,42.79,43.27,42.755,42.96,1661.0,,,,,,,,,,,,,,,,,,,,,,,,,,,,,,,,,,,"rgba(239, 83, 80, 1.0)",3.4982515800206695,43.49198855394523,-0.15207269739647558,41.944649876002686,1.195969935627538,False,True,False,True,False,2.0513130356753777,0.0,0.0,0.0,0.0,0,1.0289840587676777,0.9062015891259804,False,False,False,False,0.05427712975848324,0.0870257621592154,False,False,False,False,28736.0,13325.993243746645,False,False,False,False,2159.9632550073193,False,False,False,False
2025-02-24 18:00:00+00:00,42.97,43.14,42.755,42.8,1627.0,,,,,,,,,,,,,,,,,,,,,,,,,,,,,,,,,,,"rgba(239, 83, 80, 1.0)",3.4257216218821136,43.4729534671063,-0.1964413753901517,38.73921890579411,-1.6374464472635424,False,True,False,True,False,1.6052284635916934,0.0,0.0,0.0,0.0,0,1.0232033677458154,0.9129998997694696,False,False,False,False,0.04458109985869678,0.06580343100895608,False,False,False,False,27109.0,13539.683270975378,False,False,False,False,2151.7002588056557,False,False,False,False
2025-02-24 19:00:00+00:00,42.805,43.015,42.63,42.86,1149.0,,,,,,,,,,,,,,,,,,,,,,,,,,,,,,,,,,,"rgba(239, 83, 80, 1.0)",3.3473559042249357,43.45960603349192,-0.1791282584367913,36.77635502962052,-3.5508679858142713,False,True,False,True,False,1.7674641625617795,0.0,0.0,0.0,0.0,0,1.0172093723345543,0.9172143896442725,False,False,False,False,0.0375260908255885,0.05166476091727229,False,False,False,False,28258.0,13767.874228014518,False,False,False,False,2136.1545183590565,False,False,False,False
2025-02-24 20:00:00+00:00,42.85,42.865,42.575,42.65,2171.0,,,,,,,,,,,,,,,,,,,,,,,,,,,,,,,,,,,"rgba(239, 83, 80, 1.0)",3.267386136066894,43.4335905562009,-0.23982184032406517,35.14483260150972,-5.374506154417972,False,True,False,True,False,1.1661721979022275,0.0,0.0,0.0,0.0,0,1.01423701624223,0.9182374172849407,False,False,False,False,0.031890980016570585,0.04177787046692144,False,False,False,False,26087.0,13958.868426029796,False,False,False,False,2136.6947583844976,False,False,False,False
2025-02-25 15:00:00+00:00,42.66,43.4,42.17,43.22,1492.0,,,,,,,,,,,,,,,,,,,,,,,,,,,,,,,,,,,"rgba(239, 83, 80, 1.0)",3.179553028250896,43.38647406662308,-0.05235769466460521,35.933048662483046,-5.374506154417972,False,True,False,True,False,2.733905822793055,0.0,0.0,0.0,0.0,0,1.0101366459627332,0.9149813664596272,False,False,False,False,0.030542912739803533,0.036160391603362485,False,False,False,False,27579.0,14170.033256633986,False,False,False,False,2126.699490812645,False,False,False,False
2025-02-25 16:00:00+00:00,43.22,43.31,42.92,43.225,615.0,,,,,,,,,,,,,,,,,,,,,,,,,,,,,,,,,,,"rgba(239, 83, 80, 1.0)",3.0809196415742193,43.38625669287202,-0.05234044104753744,36.475494939776,-5.374506154417972,False,True,False,True,False,2.7476379561168827,0.0,0.0,0.0,0.0,0,1.0148320849248476,0.9175058286621359,False,False,False,False,0.0423920899010828,0.03927624075222264,False,False,False,False,28194.0,14387.459097616404,False,False,False,False,2103.2622894046967,False,False,False,False
2025-02-25 17:00:00+00:00,43.22,43.355,42.95,43.11,328.0,,,,,,,,,,,,,,,,,,,,,,,,,,,,,,,,,,,"rgba(239, 83, 80, 1.0)",2.986977302459023,43.38513900127837,-0.09211285303435722,36.578667242994406,-5.642400769383634,False,True,False,True,False,2.402446627473708,0.0,0.0,0.0,0.0,0,1.0140480223174257,0.9247783202152036,False,False,False,False,0.04403940810853641,0.04165782443037953,False,False,False,False,27866.0,14596.428724009947,False,False,False,False,2075.7388430573374,False,False,False,False
2025-02-25 18:00:00+00:00,43.12,43.27,42.935,43.09,202.0,,,,,,,,,,,,,,,,,,,,,,,,,,,,,,,,,,,"rgba(239, 83, 80, 1.0)",2.928981171448987,43.38404787638371,-0.10039254579374449,36.59812391853851,-6.379754532213759,False,True,False,True,False,2.3415081793487076,0.0,0.0,0.0,0.0,0,1.010172534157774,0.9261992619926196,False,False,False,False,0.04184303536582535,0.04175042989810244,False,False,False,False,27664.0,14799.026728288864,False,False,False,False,2046.6886284362934,False,False,False,False
2025-02-25 19:00:00+00:00,43.07,43.075,42.64,42.835,101.0,,,,,,,,,,,,,,,,,,,,,,,,,,,,,,,,,,,"rgba(239, 83, 80, 1.0)",2.850745748804039,43.38271189106106,-0.19212933713602304,35.9448786039783,-7.732918857847366,False,True,False,True,False,1.5573428044750948,0.0,0.0,0.0,0.0,0,1.0059835452505612,0.9291947145350284,False,False,False,False,0.03108624035706755,0.036418335127584994,False,False,False,False,27563.0,14996.917786765005,False,False,False,False,2016.5229132667384,False,False,False,False
2025-02-25 20:00:00+00:00,42.835,43.065,42.74,42.905,422.0,,,,,,,,,,,,,,,,,,,,,,,,,,,,,,,,,,,"rgba(239, 83, 80, 1.0)",2.78745851987074,43.37806652890751,-0.1697124909788599,35.870352843134235,-8.500828311220978,False,True,False,True,False,1.7653333138167113,0.0,0.0,0.0,0.0,0,1.004040504813688,0.9314111837182619,False,False,False,False,0.03306136562946953,0.03473985037852726,False,False,False,False,27985.0,15198.283402474075,False,False,False,False,1991.8016277897348,False,False,False,False
2025-02-26 15:00:00+00:00,46.02,46.455,45.72,46.23,3438.0,,,,,,,,,,,,,,,,,,,,,,,,,,,,,,,,,,,"rgba(239, 83, 80, 0.75)",2.725099523763194,43.68992970158422,0.9321018466540618,45.88233593914951,-10.078762899052109,False,True,False,True,True,10.604622891162478,0.0,0.0,0.0,0.0,0,1.0085643779939035,0.9225818938404218,False,False,False,False,0.17444889912412218,0.10459437475132471,False,False,False,False,31423.0,15449.829396234167,False,False,False,False,2014.223307979041,False,False,False,False
2025-02-26 16:00:00+00:00,46.28,46.33,45.64,45.66,3931.0,,,,,,,,,,,,,,,,,,,,,,,,,,,,,,,,,,,"rgba(38, 166, 154, 0.5)",2.656726228321658,43.745720075458905,0.7205409063734826,50.732616705402364,-5.687725451132849,False,True,True,False,True,8.834591233715468,0.0,0.0,0.0,0.0,0,1.008773198361051,0.9216196673897323,False,False,False,False,0.16982013456082534,0.13720725465607503,False,False,False,False,27492.0,15636.529715672395,False,False,False,False,2043.940776072389,False,False,False,False
2025-02-26 17:00:00+00:00,45.64,45.88,45.4,45.44,599.0,,,,,,,,,,,,,,,,,,,,,,,,,,,,,,,,,,,"rgba(38, 166, 154, 0.5)",2.580047701912527,43.74959628971742,0.6551831227885925,53.265039506867566,-3.445646967286258,False,False,True,False,True,8.157407517473253,0.0,0.0,0.0,0.0,0,1.0080408300832973,0.925032500361115,False,False,False,False,0.15429203222755428,0.14574964344181465,False,False,False,False,26893.0,15811.048634809258,False,False,False,False,2021.5385934976232,False,False,False,False
2025-02-26 18:00:00+00:00,45.44,45.575,44.855,44.86,202.0,,,,,,,,,,,,,,,,,,,,,,,,,,,,,,,,,,,"rgba(38, 166, 154, 0.5)",2.5530297316738757,43.749128000010565,0.43511910034087203,53.13408878898695,-3.445646967286258,False,False,True,False,True,6.388817254492384,0.0,0.0,0.0,0.0,0,1.0066788391312707,0.9256198347107437,False,False,False,False,0.13519720803205768,0.14047342573693616,False,False,False,False,26691.0,15979.730051323842,False,False,False,False,1993.3286928232415,False,False,False,False
2025-02-26 19:00:00+00:00,44.85,44.92,44.57,44.585,2200.0,,,,,,,,,,,,,,,,,,,,,,,,,,,,,,,,,,,"rgba(38, 166, 154, 0.5)",2.5181604361084604,43.73312842361692,0.33829122408878615,52.20900808847869,-3.445646967286258,False,False,True,False,True,5.559876098573884,0.0,0.0,0.0,0.0,0,1.0023506836171745,0.9305349004557445,False,False,False,False,0.11297824334960911,0.12672583454327263,False,False,False,False,24491.0,16111.687724946729,False,False,False,False,1996.5328991360593,False,False,False,False
2025-02-26 20:00:00+00:00,44.585,45.09,44.44,44.845,1380.0,,,,,,,,,,,,,,,,,,,,,,,,,,,,,,,,,,,"rgba(38, 166, 154, 0.5)",2.480274990203102,43.729028068251196,0.4499387915278778,52.388660596143716,-3.445646967286258,False,False,True,False,True,6.235550574649295,0.0,0.0,0.0,0.0,0,1.0006691840734192,0.9304048563644184,False,False,False,False,0.1083490209028177,0.11753742772304517,False,False,False,False,25871.0,16262.994892001818,False,False,False,False,1986.9742495370506,False,False,False,False
2025-02-27 15:00:00+00:00,42.99,44.485,42.94,44.1,1082.0,,,,,,,,,,,,,,,,,,,,,,,,,,,,,,,,,,,#000000,2.444196524146252,43.71251397453236,0.15853308915206488,50.14697121932697,-3.445646967286258,False,False,False,False,False,3.988324440254292,0.0,0.0,0.0,0.0,0,0.9818242059923322,0.9403606759123395,False,False,False,False,0.060397125933837406,0.08896727682844129,False,False,False,False,24789.0,16395.181017707215,False,False,False,False,1972.9436410170963,False,False,False,False
2025-02-27 16:00:00+00:00,44.16,44.76,44.1,44.55,534.0,,,,,,,,,,,,,,,,,,,,,,,,,,,,,,,,,,,#000000,2.412978586241003,43.70979838540809,0.3482010239886925,50.16727188279173,-3.445646967286258,False,False,False,False,False,5.178793636074083,0.0,0.0,0.0,0.0,0,0.9848946916992283,0.9498713427999617,False,False,False,False,0.09304295967122621,0.09100511824983375,False,False,False,False,25323.0,16533.596815882298,False,False,False,False,1950.634437280397,False,False,False,False
2025-02-27 17:00:00+00:00,44.55,44.66,44.335,44.465,600.0,,,,,,,,,,,,,,,,,,,,,,,,,,,,,,,,,,,#000000,2.3816288846384355,43.7071824838703,0.3181929481195189,49.888569942006015,-3.445646967286258,False,False,False,False,False,4.920551437739164,0.0,0.0,0.0,0.0,0,0.9760065262248669,0.9585872642641202,False,False,False,False,0.09612329320012922,0.09356420572498148,False,False,False,False,24723.0,16660.56430710893,False,False,False,False,1929.6943684853518,False,False,False,False
2025-02-27 18:00:00+00:00,44.465,44.81,44.41,44.675,493.0,,,,,,,,,,,,,,,,,,,,,,,,,,,,,,,,,,,#000000,2.323209284239875,43.70617857159438,0.41701857640544204,50.48452827254741,-3.445646967286258,False,False,False,False,False,5.484995025856833,0.0,0.0,0.0,0.0,0,0.9810753105590063,0.9568614130434783,False,False,False,False,0.10126125571469279,0.09741273071983714,False,False,False,False,25216.0,16793.2067209522,False,False,False,False,1907.4200371910053,False,False,False,False
2025-02-27 19:00:00+00:00,44.7,44.79,44.04,44.14,602.0,,,,,,,,,,,,,,,,,,,,,,,,,,,,,,,,,,,#000000,2.260633019454644,43.7027576420118,0.19341589467435294,48.86433945517823,-3.445646967286258,False,False,False,False,False,3.834349689526718,0.0,0.0,0.0,0.0,0,0.9779240898528274,0.9466498838109991,False,False,False,False,0.09235868217495735,0.09488570644739724,False,False,False,False,24614.0,16914.459329929683,False,False,False,False,1887.1809668469587,False,False,False,False
2025-02-27 20:00:00+00:00,44.15,44.16,43.505,43.565,1200.0,,,,,,,,,,,,,,,,,,,,,,,,,,,,,,,,,,,"rgba(239, 83, 80, 1.0)",2.1930923640186912,43.68825460655665,-0.05620128389430618,45.89770045974128,0.08045044110252064,False,True,False,True,False,2.1002165706088363,0.0,0.0,0.0,0.0,0,0.9758685855502255,0.9518825410670154,False,False,False,False,0.06584623838546871,0.08036597241643298,False,False,False,False,23414.0,17015.227402333872,False,False,False,False,1876.5269983687112,False,False,False,False
2025-02-28 15:00:00+00:00,41.44,41.85,40.935,41.49,2599.0,,,,,,,,,,,,,,,,,,,,,,,,,,,,,,,,,,,"rgba(239, 83, 80, 1.0)",2.146308641315074,43.594462689472664,-0.9805032924729911,39.45815125509878,-5.919215445896235,False,True,False,True,False,0.0,0.0,0.0,0.0,0.0,0,0.9650396091267021,0.9574024002656418,False,False,False,False,-0.044636441646348085,0.017864765385042447,False,False,False,False,20815.0,17074.13860539846,False,False,False,False,1887.728130176948,False,False,False,False
2025-02-28 16:00:00+00:00,41.515,41.77,41.28,41.34,1165.0,,,,,,,,,,,,,,,,,,,,,,,,,,,,,,,,,,,"rgba(239, 83, 80, 1.0)",2.108716173623391,43.557998645450155,-1.0518241730175482,34.93019331793076,-9.897757598015644,False,True,False,True,False,0.0,0.0,0.0,0.0,0.0,0,0.9693838862559244,0.9570142180094786,False,False,False,False,-0.03863322494242631,-0.010384229778691932,False,False,False,False,19650.0,17114.07444097368,False,False,False,False,1876.5230428873829,False,False,False,False
2025-02-28 17:00:00+00:00,41.335,41.345,40.86,40.865,489.0,,,,,,,,,,,,,,,,,,,,,,,,,,,,,,,,,,,"rgba(239, 83, 80, 1.0)",2.0681058858179697,43.541155623233095,-1.2940128653879972,31.167145677099093,-13.139756335695182,False,True,False,True,False,0.0,0.0,0.0,0.0,0.0,0,0.9639905263666685,0.9789259993233118,False,False,False,False,-0.057787386230631635,-0.03408580800466178,False,False,False,False,19161.0,17145.809720958583,False,False,False,False,1855.0110577263383,False,False,False,False
2025-02-28 18:00:00+00:00,40.87,41.16,40.635,40.885,3930.0,,,,,,,,,,,,,,,,,,,,,,,,,,,,,,,,,,,"rgba(239, 83, 80, 1.0)",2.085047729917953,43.41592472771316,-1.213844983689057,28.762085553902914,-15.19856306804261,False,True,False,True,False,0.0,0.0,0.0,0.0,0.0,0,0.9503738953093135,0.9859667864426531,False,False,False,False,-0.06709553633040038,-0.05059067216753108,False,False,False,False,23091.0,17237.9832136569,False,False,False,False,1887.1814289243796,False,False,False,False
2025-02-28 19:00:00+00:00,40.89,41.24,40.825,41.165,879.0,,,,,,,,,,,,,,,,,,,,,,,,,,,,,,,,,,,"rgba(239, 83, 80, 1.0)",2.0960246757711167,43.3925809516642,-1.0627646598886942,28.686398362108587,-15.286653425636487,False,True,False,True,False,0.0,0.0,0.0,0.0,0.0,0,0.9508939445608225,0.9838748964778097,False,False,False,False,-0.06096457370328965,-0.055777622935410366,False,False,False,False,23970.0,17342.355566933536,False,False,False,False,1871.5507090960946,False,False,False,False
2025-02-28 20:00:00+00:00,41.19,41.62,41.115,41.6,1588.0,,,,,,,,,,,,,,,,,,,,,,,,,,,,,,,,,,,"rgba(239, 83, 80, 0.75)",2.1042207219887414,43.35796318574989,-0.83544619030669,30.90596866885811,-15.286653425636487,False,True,False,True,True,0.0,0.0,0.0,0.0,0.0,0,0.9506805210010246,0.9820966876432997,False,False,False,False,-0.04576947157159726,-0.05077354725350382,False,False,False,False,25558.0,17469.72989922914,False,False,False,False,1867.1545740713489,False,False,False,False
2025-03-03 15:00:00+00:00,41.29,42.26,41.29,42.17,1048.0,,,,,,,,,,,,,,,,,,,,,,,,,,,,,,,,,,,"rgba(239, 83, 80, 0.75)",2.098959094236773,43.340663693747416,-0.5577353541389968,35.04023873449806,-21.11576427754754,False,True,False,True,True,0.0,0.0,0.0,0.0,0.0,0,0.9484716157205243,0.977923338185347,False,False,False,False,-0.02731362805219678,-0.0390435876528503,False,False,False,False,26606.0,17611.377497690704,False,False,False,False,1854.454503155514,False,False,False,False
2025-03-03 16:00:00+00:00,42.205,42.46,41.98,41.99,719.0,,,,,,,,,,,,,,,,,,,,,,,,,,,,,,,,,,,"rgba(239, 83, 80, 0.75)",2.095576589686766,43.33070110752064,-0.6397767154485329,37.19119400272224,-19.033577198843233,False,True,False,True,True,0.0,0.0,0.0,0.0,0.0,0,0.9614053896008968,0.9744164514399883,False,False,False,False,-0.0071801838503433146,-0.023111885751596808,False,False,False,False,25887.0,17739.681722532707,False,False,False,False,1836.850557370157,False,False,False,False
2025-03-03 17:00:00+00:00,41.96,42.29,41.92,41.95,200.0,,,,,,,,,,,,,,,,,,,,,,,,,,,,,,,,,,,"rgba(239, 83, 80, 0.75)",2.0902285361494104,43.327818160884576,-0.6591710605112923,38.48170493230464,-17.66713815544918,False,True,False,True,True,0.0,0.0,0.0,0.0,0.0,0,0.9730398219144203,0.9708632203809052,False,False,False,False,-0.01238199520253741,-0.01774694047706711,False,False,False,False,25687.0,17862.895959392663,False,False,False,False,1811.4730293489142,False,False,False,False
2025-03-03 18:00:00+00:00,41.95,41.95,41.16,41.37,1096.0,,,,,,,,,,,,,,,,,,,,,,,,,,,,,,,,,,,"rgba(239, 83, 80, 0.75)",2.108238879057861,43.3070770813989,-0.9188129014414883,37.361280390287135,-17.66713815544918,False,True,False,True,True,0.0,0.0,0.0,0.0,0.0,0,0.9635565637636849,0.9725811223986585,False,False,False,False,-0.037274407855240214,-0.027510674166153663,False,False,False,False,24591.0,17967.207649944714,False,False,False,False,1800.3804242427295,False,False,False,False
2025-03-03 19:00:00+00:00,41.355,41.56,40.9,40.9,400.0,,,,,,,,,,,,,,,,,,,,,,,,,,,,,,,,,,,"rgba(239, 83, 80, 1.0)",2.137624909157878,43.298424925151984,-1.1220045738037596,35.249905985732575,-17.66713815544918,False,True,False,True,False,0.0,0.0,0.0,0.0,0.0,0,0.958815135560695,0.9783496531023961,False,False,False,False,-0.05200331404133858,-0.03975699410374612,False,False,False,False,24191.0,18063.700554596733,False,False,False,False,1778.6690998358654,False,False,False,False
2025-03-03 20:00:00+00:00,40.63,40.63,39.91,40.14,1843.0,,,,,,,,,,,,,,,,,,,,,,,,,,,,,,,,,,,"rgba(239, 83, 80, 1.0)",2.1859436290877956,43.068734405299175,-1.3398032622283809,32.033109762111266,-12.148437407494356,False,True,False,True,False,0.0,0.0,0.0,0.0,0.0,0,0.9651485148514852,0.9826237623762374,True,False,False,False,-0.09566683869081684,-0.06771191639728148,False,False,False,False,22348.0,18130.123801812286,True,False,False,False,1779.6664781329837,True,False,False,False
2025-03-04 15:00:00+00:00,40.95,41.46,40.46,41.24,1600.0,,,,,,,,,,,,,,,,,,,,,,,,,,,,,,,,,,,"rgba(239, 83, 80, 0.75)",2.208981527172049,43.061212861722026,-0.8244581674042116,35.38659716320505,-12.148437407494356,False,True,False,True,True,0.0,0.0,0.0,0.0,0.0,0,0.9689111536761458,0.9595304749275575,False,False,False,False,-0.06425652941068526,-0.06598422290398337,False,False,False,False,23948.0,18220.32343279194,False,False,False,False,1776.8809513402243,False,False,False,False
2025-03-04 16:00:00+00:00,41.23,41.63,40.98,41.63,1450.0,,,,,,,,,,,,,,,,,,,,,,,,,,,,,,,,,,,"rgba(239, 83, 80, 0.75)",2.228078419051137,43.053036198955155,-0.6386831750568166,39.19038898553857,-16.936230788718163,False,True,False,True,True,0.0,0.0,0.0,0.0,0.0,0,0.9751988999116004,0.95796090757293,False,False,False,False,-0.048602566609142,-0.057293394756562685,False,False,False,False,25398.0,18331.60524003548,False,False,False,False,1771.8130296140191,False,False,False,False
2025-03-04 17:00:00+00:00,41.58,42.55,41.54,41.96,1440.0,,,,,,,,,,,,,,,,,,,,,,,,,,,,,,,,,,,"rgba(239, 83, 80, 0.5)",2.2430592104582514,43.05387531067532,-0.4876711705046103,42.99927042601214,-13.396189195455676,False,False,False,True,True,0.0,0.0,0.0,0.0,0.0,0,0.9869445265543404,0.9492068184057543,False,False,False,False,-0.015096231935481224,-0.03619481334602195,False,False,False,False,26838.0,18463.48732933725,False,False,False,False,1766.6686415579877,False,False,False,False
2025-03-04 18:00:00+00:00,41.9,42.49,41.9,42.39,1766.0,,,,,,,,,,,,,,,,,,,,,,,,,,,,,,,,,,,#000000,2.2543396847889596,43.05424977768573,-0.2946538102344219,47.105777566091405,-9.616571886740715,True,False,False,False,True,0.0,0.0,0.0,0.0,0.0,0,0.9855608121427166,0.9477133845850582,False,False,False,False,-0.00831096963516497,-0.022252891490593462,False,False,False,False,28604.0,18620.7045800452,False,False,False,False,1766.6582750222049,False,False,False,False
2025-03-04 19:00:00+00:00,42.39,42.81,42.38,42.74,1052.0,,,,,,,,,,,,,,,,,,,,,,,,,,,,,,,,,,,"rgba(38, 166, 154, 1.0)",2.2553592690372866,43.057490080736386,-0.14077139952603054,51.037811000539484,-6.018057309697312,True,False,True,False,True,0.8038955046235756,0.0,0.0,0.0,0.0,0,0.9939277251184836,0.9407089257503947,False,False,False,False,0.009781018839307713,-0.006235936325642875,False,False,False,False,29656.0,18791.794431517366,False,False,False,False,1755.5783017660465,False,False,False,False
2025-03-04 20:00:00+00:00,42.71,42.98,42.16,42.26,1736.0,,,,,,,,,,,,,,,,,,,,,,,,,,,,,,,,,,,"rgba(38, 166, 154, 1.0)",2.258722815388539,43.05569667683545,-0.35227725660467163,51.49741485934788,-5.535631173099283,True,False,True,False,True,0.0,0.0,0.0,0.0,0.0,0,0.9921832751585469,0.9367779361879948,False,False,False,False,0.008650204860322499,0.001207134267339812,False,False,False,False,27920.0,18933.316998470586,False,False,False,False,1755.274762203782,False,False,False,False
2025-03-05 15:00:00+00:00,45.97,47.15,45.83,47.13,2235.0,,,,,,,,,,,,,,,,,,,,,,,,,,,,,,,,,,,"rgba(38, 166, 154, 1.0)",2.2713946543204786,43.156007122282354,1.7495827377063753,60.6365423682563,2.985511684001551,True,False,True,False,True,11.609346752277112,0.0,0.0,0.0,0.0,0,0.9944026340545629,0.9184383819379115,False,False,False,False,0.1881352360715943,0.09467118516946706,False,False,False,False,30155.0,19107.296579889648,False,False,False,False,1762.71236278977,False,False,False,False
2025-03-05 16:00:00+00:00,46.85,47.145,46.535,47.09,371.0,,,,,,,,,,,,,,,,,,,,,,,,,,,,,,,,,,,"rgba(38, 166, 154, 1.0)",2.281888290686278,43.17166429770174,1.7171461540388662,66.5946297582445,8.258321385204255,True,False,True,False,True,11.492217079662009,0.0,0.0,0.0,0.0,0,1.0009833762584874,0.917396394287052,False,False,False,False,0.19717433238624746,0.14592275877785726,False,False,False,False,29784.0,19272.826865472754,False,False,False,False,1741.1354269325643,False,False,False,False
2025-03-05 17:00:00+00:00,47.09,48.055,47.09,47.74,2348.0,,,,,,,,,,,,,,,,,,,,,,,,,,,,,,,,,,,"rgba(38, 166, 154, 1.0)",2.302984974504342,43.278094175461526,1.9374446094676698,71.17969610317422,12.279755709739916,True,False,True,False,True,12.885133356144735,0.0,0.0,0.0,0.0,0,1.0051568543188658,0.920641741870792,False,False,False,False,0.23379617784276815,0.1898594683103127,False,False,False,False,32132.0,19472.193890814262,False,False,False,False,1750.544180003377,False,False,False,False
2025-03-05 18:00:00+00:00,47.685,47.985,47.465,47.97,1924.0,,,,,,,,,,,,,,,,,,,,,,,,,,,,,,,,,,,"rgba(38, 166, 154, 1.0)",2.3282762444070597,43.35754570971572,1.9810597223436115,74.45219669140776,15.220279361835267,True,False,True,False,True,13.373174306026183,0.0,0.0,0.0,0.0,0,0.9981380693211118,0.9233266494796142,False,False,False,False,0.2414954558185417,0.2156774620644272,False,False,False,False,34056.0,19698.29941188691,False,False,False,False,1753.2334175227045,False,False,False,False
2025-03-05 19:00:00+00:00,48.02,48.21,47.88,48.04,1947.0,,,,,,,,,,,,,,,,,,,,,,,,,,,,,,,,,,,"rgba(38, 166, 154, 1.0)",2.3545144446934794,43.434412910068104,1.9560666108087816,76.70451719134407,17.404179265832397,True,False,True,False,True,13.523182923664084,0.0,0.0,0.0,0.0,0,1.0061769775905,0.9181670178126794,False,False,False,False,0.2577442480780308,0.23671085507122902,False,False,False,False,36003.0,19951.08546751657,False,False,False,False,1756.237550584368,False,False,False,False
2025-03-05 20:00:00+00:00,48.03,48.62,48.02,48.295,4095.0,,,,,,,,,,,,,,,,,,,,,,,,,,,,,,,,,,,"rgba(38, 166, 154, 1.0)",2.3855397485457805,43.58572031028846,1.9740939938570754,78.47987111141725,19.330222129517665,True,False,True,False,True,14.074449846594607,0.0,0.0,0.0,0.0,0,1.0056801909307878,0.9127923627684964,False,False,False,False,0.27181494384749333,0.2542628994593612,False,False,False,False,40098.0,20263.44073158608,False,False,False,False,1792.4974335210445,False,False,False,False
2025-03-06 15:00:00+00:00,49.67,50.64,48.53,48.83,5398.0,,,,,,,,,,,,,,,,,,,,,,,,,,,,,,,,,,,"rgba(38, 166, 154, 1.0)",2.4278907224915076,43.79741099603366,2.0728235242819664,80.22365308443909,21.362052788425032,True,False,True,False,True,15.222020201196091,0.0,0.0,0.0,0.0,0,1.0111579934364747,0.8918424753867792,False,False,False,False,0.3380142307592569,0.296138565109309,False,False,False,False,45496.0,20654.643200863815,False,False,False,False,1848.3966981176175,False,False,False,False
2025-03-06 16:00:00+00:00,48.95,49.49,48.95,49.02,1011.0,,,,,,,,,,,,,,,,,,,,,,,,,,,,,,,,,,,"rgba(38, 166, 154, 1.0)",2.473589365952103,43.83211105578826,2.0973121147838074,81.58175566773936,23.12316028420257,True,False,True,False,True,15.627286511091203,0.0,0.0,0.0,0.0,0,1.0142450142450146,0.8997711456727849,False,False,False,False,0.3186419798566174,0.30739027248296324,False,False,False,False,46507.0,21055.454934183756,False,False,False,False,1835.4138035731582,False,False,False,False
2025-03-06 17:00:00+00:00,49.005,49.27,48.59,48.78,809.0,,,,,,,,,,,,,,,,,,,,,,,,,,,,,,,,,,,"rgba(38, 166, 154, 1.0)",2.512433617965788,43.85758407574915,1.9592222811587447,81.1188446612684,23.210225136411438,True,False,True,False,True,14.842211297790847,0.0,0.0,0.0,0.0,0,1.0176700032896284,0.8999953005310398,False,False,False,False,0.3034142387771392,0.3054022556300512,False,False,False,False,45698.0,21437.509896444473,False,False,False,False,1819.5004112696986,False,False,False,False
2025-03-06 18:00:00+00:00,48.86,49.37,48.73,48.8,923.0,,,,,,,,,,,,,,,,,,,,,,,,,,,,,,,,,,,"rgba(38, 166, 154, 1.0)",2.556624185371249,43.88661491528512,1.9218253166925274,80.8402413573663,23.572090832668493,True,False,True,False,True,14.88649225882764,0.0,0.0,0.0,0.0,0,1.0230025349732421,0.8945169467655618,False,False,False,False,0.30969845345514996,0.3075503545426006,False,False,False,False,46621.0,21827.951603476344,False,False,False,False,1805.6011800872225,False,False,False,False
2025-03-06 19:00:00+00:00,48.77,48.975,48.19,48.27,628.0,,,,,,,,,,,,,,,,,,,,,,,,,,,,,,,,,,,"rgba(38, 166, 154, 0.75)",2.579840577517414,43.90377083841728,1.6924414631017064,77.46147269709378,23.572090832668493,True,False,True,False,False,13.13228856992325,0.0,0.0,0.0,0.0,0,1.0158700522778195,0.897498132935026,False,False,False,False,0.28534471026830716,0.29644753240545385,False,False,False,False,45993.0,22202.60351660074,False,False,False,False,1787.3437974502112,False,False,False,False
2025-03-06 20:00:00+00:00,48.2,49.005,48.2,48.9,303.0,,,,,,,,,,,,,,,,,,,,,,,,,,,,,,,,,,,"rgba(38, 166, 154, 0.75)",2.62011269615269,43.91244957440676,1.9035633211185303,76.55269553905168,23.572090832668493,True,False,True,False,False,14.562919686829837,0.0,0.0,0.0,0.0,0,1.0144873699851413,0.8997956909361069,False,False,False,False,0.28637967386398105,0.2914136031347174,False,False,False,False,46296.0,22576.144547351116,False,False,False,False,1764.3307153192002,False,False,False,False
2025-03-07 15:00:00+00:00,49.75,50.72,49.22,49.62,2028.0,,,,,,,,,,,,,,,,,,,,,,,,,,,,,,,,,,,"rgba(38, 166, 154, 0.75)",2.67526172500884,44.31147066918268,1.9843027996820661,77.2128037243846,23.572090832668493,True,False,True,False,False,16.149918335187785,0.0,0.0,0.0,0.0,0,1.0218944668376697,0.8861304507145474,False,True,False,False,0.34282824916994337,0.3171209261523304,False,False,False,False,48324.0,22975.336104756523,False,False,False,False,1768.4186112057241,False,True,False,False
2025-03-07 16:00:00+00:00,49.62,49.72,48.23,48.35,1509.0,,,,,,,,,,,,,,,,,,,,,,,,,,,,,,,,,,,"rgba(38, 166, 154, 0.75)",2.7020309128605526,44.32432497171449,1.4898700859138805,71.63829758995234,27.687009039977312,True,False,True,False,False,12.036348337931397,0.0,0.0,0.0,0.0,0,1.0136248415716096,0.8942151004888644,False,False,False,False,0.28754126241262906,0.30233109428247973,False,False,False,False,46815.0,23344.94329693084,False,False,False,False,1764.3966172335422,False,False,False,False
2025-03-07 17:00:00+00:00,48.42,48.965,48.26,48.52,1597.0,,,,,,,,,,,,,,,,,,,,,,,,,,,,,,,,,,,"rgba(38, 166, 154, 0.75)",2.7308202163551583,44.34805766477936,1.5277250073931845,68.36240666052672,24.51052649013053,True,False,True,False,False,12.42209550801621,0.0,0.0,0.0,0.0,0,1.013138686131387,0.906979927007299,False,False,False,False,0.26783254632549086,0.2850818203039853,False,False,False,False,48412.0,23733.57983496292,False,False,False,False,1761.8013208423245,False,False,False,False
2025-03-07 18:00:00+00:00,48.52,49.12,48.52,49.12,318.0,,,,,,,,,,,,,,,,,,,,,,,,,,,,,,,,,,,"rgba(38, 166, 154, 0.75)",2.77538155318611,44.35540250857784,1.7167360235396998,67.67068116958025,23.70567011802501,True,False,True,False,False,13.773022609859673,0.0,0.0,0.0,0.0,0,1.0135196649672253,0.9051802621995628,False,False,False,False,0.27908829185458656,0.2820850560792859,False,False,False,False,48730.0,24121.12123287047,False,False,False,False,1739.416804240118,False,False,False,False
2025-03-07 19:00:00+00:00,49.19,49.73,49.16,49.29,300.0,,,,,,,,,,,,,,,,,,,,,,,,,,,,,,,,,,,"rgba(38, 166, 154, 0.75)",2.8209881774472714,44.364630366092115,1.745973156954128,67.6142915531934,23.341116141397265,True,False,True,False,False,14.152794773695685,0.0,0.0,0.0,0.0,0,1.01968700385575,0.8983442957586755,False,False,False,False,0.3134248681401983,0.2977549621097421,False,False,False,False,49030.0,24507.305399802714,False,False,False,False,1717.100264639496,False,False,False,False
2025-03-07 20:00:00+00:00,49.24,49.41,48.97,49.04,760.0,,,,,,,,,,,,,,,,,,,,,,,,,,,,,,,,,,,"rgba(38, 166, 154, 0.75)",2.8601187573781424,44.38461139394321,1.6276906663569322,66.31131127983305,21.742135721290637,True,False,True,False,False,13.330634157412433,0.0,0.0,0.0,0.0,0,1.0176510522742703,0.9014256619144602,False,False,False,False,0.2993332051092974,0.2985440836095198,False,False,False,False,48270.0,24875.719269573212,False,False,False,False,1702.2615008466355,False,False,False,False
2025-03-10 14:00:00+00:00,46.34,46.34,44.83,44.92,3877.0,,,,,,,,,,,,,,,,,,,,,,,,,,,,,,,,,,,#000000,2.859894906089008,44.3157713504756,0.2112765221679779,54.60337850059037,10.798323148396285,False,False,False,False,False,1.4715126328366885,0.0,0.0,0.0,0.0,0,1.0052910052910053,0.9072543617998162,False,False,False,False,0.10766246883352949,0.20310327622152463,False,False,False,False,44393.0,25178.312769269753,False,False,False,False,1735.9783768025015,False,False,False,False
2025-03-10 15:00:00+00:00,44.92,47.215,44.83,44.91,4492.0,,,,,,,,,,,,,,,,,,,,,,,,,,,,,,,,,,,"rgba(239, 83, 80, 1.0)",2.8596322528642744,44.30000945279046,0.2133108362442596,46.783620410430075,4.001780013402723,False,True,False,True,False,1.446092771776467,0.0,0.0,0.0,0.0,0,1.0046863579689584,0.9026183412872435,False,False,False,False,0.10821576169321317,0.1556595189573689,False,False,False,False,39901.0,25406.57148602526,False,False,False,False,1778.7073942164163,False,False,False,False
2025-03-10 16:00:00+00:00,44.91,44.91,44.91,44.91,0.0,,,,,,,,,,,,,,,,,,,,,,,,,,,,,,,,,,,"rgba(239, 83, 80, 1.0)",2.8593135272031347,44.30000945279046,0.21333461385264824,41.57044835032322,-0.32394365350564414,False,True,False,True,False,1.446092771776467,0.0,0.0,0.0,0.0,0,1.0024169449815434,0.9334680963262436,False,False,False,False,0.04520346843448061,0.10043149369592476,False,False,False,False,39901.0,25631.291307947347,False,False,False,False,1751.1305353913556,False,False,False,False
2025-03-10 17:00:00+00:00,44.91,45.48,44.76,44.78,1788.0,,,,,,,,,,,,,,,,,,,,,,,,,,,,,,,,,,,"rgba(239, 83, 80, 1.0)",2.8559878223552397,44.288564866835635,0.17207185875151784,37.862584449867505,-3.417278512115601,False,True,False,True,False,1.103663991510004,0.0,0.0,0.0,0.0,0,1.0047049511916277,0.9197520007035441,False,False,False,False,0.0567045889142856,0.07856804130510518,False,False,False,False,38113.0,25824.806171390024,False,False,False,False,1751.7021549976912,False,False,False,False
2025-03-10 18:00:00+00:00,44.78,44.99,44.37,44.38,2126.0,,,,,,,,,,,,,,,,,,,,,,,,,,,,,,,,,,,"rgba(239, 83, 80, 1.0)",2.856793999390739,44.27058056319931,0.03830147949905664,34.660737475006734,-6.254447684229689,False,True,False,True,False,0.04819427688616784,0.0,0.0,0.0,0.0,0,1.0012774204915866,0.9241917011717028,False,False,False,False,0.027655887337977483,0.05311196432154133,False,False,False,False,35987.0,25982.35956408165,False,False,False,False,1757.505222362068,False,False,False,False
2025-03-10 19:00:00+00:00,44.42,45.035,44.235,44.89,540.0,,,,,,,,,,,,,,,,,,,,,,,,,,,,,,,,,,,"rgba(239, 83, 80, 1.0)",2.8560136096907383,44.29105073929003,0.20971512834451406,34.76255135758471,-6.272451213266571,False,True,False,True,False,1.3766283958272325,0.0,0.0,0.0,0.0,0,0.9961366230573362,0.9244885415752041,False,False,False,False,0.025082111886248867,0.0390970381038951,False,False,False,False,36527.0,26145.84236153775,False,False,False,False,1738.629172402966,False,False,False,False
2025-03-11 14:00:00+00:00,46.94,47.33,45.83,46.38,1208.0,,,,,,,,,,,,,,,,,,,,,,,,,,,,,,,,,,,"rgba(239, 83, 80, 0.75)",2.8593042875862285,44.36650184318501,0.7041916334531668,39.926982369956065,-6.272451213266571,False,True,False,True,True,5.071522616790062,0.0,0.0,0.0,0.0,0,1.001981818965146,0.9103442333376415,False,False,False,False,0.1362809456351549,0.087688991869525,False,False,False,False,37735.0,26325.519224149568,False,False,False,False,1730.4023635285016,False,False,False,False
2025-03-11 15:00:00+00:00,46.16,46.955,46.16,46.95,685.0,,,,,,,,,,,,,,,,,,,,,,,,,,,,,,,,,,,"rgba(239, 83, 80, 0.75)",2.864809475922145,44.383959377384066,0.8957107424360085,44.89350436264641,-14.33940146562567,False,True,False,True,True,6.415144435055975,0.0,0.0,0.0,0.0,0,1.004461221688401,0.9144217570350034,False,False,False,False,0.11098943986469556,0.09933921586711028,False,False,False,False,38420.0,26513.030554007713,False,False,False,False,1714.1945749466645,False,False,False,False
2025-03-11 16:00:00+00:00,46.95,46.95,46.29,46.3,600.0,,,,,,,,,,,,,,,,,,,,,,,,,,,,,,,,,,,"rgba(239, 83, 80, 0.75)",2.865707767552196,44.392576656052015,0.6656028802187489,46.277405191801435,-12.844093422886104,False,True,False,True,True,4.634662608764884,0.0,0.0,0.0,0.0,0,1.0043312770704818,0.922518265739161,False,False,False,False,0.11506050021748315,0.10719985804229672,False,False,False,False,37820.0,26688.33240588356,False,False,False,False,1696.9202404513671,False,False,False,False
2025-03-11 17:00:00+00:00,46.3,46.54,45.9,46.325,300.0,,,,,,,,,,,,,,,,,,,,,,,,,,,,,,,,,,,#000000,2.8270613144528114,44.39458108101307,0.6828358865504728,47.277150011251194,-11.508162524099717,False,True,False,False,True,4.6950045264931575,0.0,0.0,0.0,0.0,0,1.0017932120363893,0.9219734079776066,False,False,False,False,0.08906545381039764,0.09813265592634718,False,False,False,False,38120.0,26865.56756238149,False,False,False,False,1675.2625623048343,False,False,False,False
2025-03-11 18:00:00+00:00,46.33,47.27,46.33,47.11,780.0,,,,,,,,,,,,,,,,,,,,,,,,,,,,,,,,,,,#000000,2.781944896184212,44.40991245325051,0.97057549574508,50.28132521623722,-8.237833247422813,False,False,False,False,True,6.575092306259382,0.0,0.0,0.0,0.0,0,1.0057040842985285,0.914221022380911,False,False,False,False,0.1268068832811282,0.1124697696037377,False,False,False,False,38900.0,27052.147910251544,False,False,False,False,1661.382522579178,False,False,False,False
2025-03-11 19:00:00+00:00,47.11,47.245,46.79,46.99,1090.0,,,,,,,,,,,,,,,,,,,,,,,,,,,,,,,,,,,"rgba(38, 166, 154, 0.5)",2.755272622668255,44.4297780252517,0.9292082219685897,51.848331825919445,-6.316422354280249,False,False,True,False,True,6.23622692778579,0.0,0.0,0.0,0.0,0,1.0091379835516299,0.9145816108959576,False,False,False,False,0.14104732645833992,0.1267585480310388,False,False,False,False,37810.0,27218.936314743765,False,False,False,False,1652.5238788182605,False,False,False,False
2025-03-12 14:00:00+00:00,45.6,45.6,44.44,44.45,401.0,,,,,,,,,,,,,,,,,,,,,,,,,,,,,,,,,,,"rgba(239, 83, 80, 1.0)",2.725063720223668,44.421874857895126,0.01032091172626526,46.366519983279915,-6.316422354280249,False,True,False,True,False,0.0,0.0,0.0,0.0,0.0,0,0.9956410256410257,0.9206410256410256,False,False,False,False,0.011657041097410416,0.06920779456422461,False,False,False,False,37409.0,27376.921798236108,False,False,False,False,1633.1204078288301,False,False,False,False
2025-03-12 15:00:00+00:00,44.49,45.14,44.44,45.11,502.0,,,,,,,,,,,,,,,,,,,,,,,,,,,,,,,,,,,"rgba(239, 83, 80, 1.0)",2.6958991597015003,44.41375082493632,0.25826232133280846,44.7421110563635,-6.316422354280249,False,True,False,True,False,1.1596778491675472,0.0,0.0,0.0,0.0,0,0.9930543719106871,0.9265808760865861,False,False,False,False,-0.0031352144320242496,0.033036290066100184,False,False,False,False,37911.0,27540.24084012392,False,False,False,False,1615.583657319856,False,False,False,False
2025-03-12 16:00:00+00:00,45.09,45.59,45.02,45.34,670.0,,,,,,,,,,,,,,,,,,,,,,,,,,,,,,,,,,,"rgba(239, 83, 80, 1.0)",2.6546138773535053,44.40867133839106,0.3508339459663431,44.354340212995965,-6.316422354280249,False,True,False,True,False,1.7164151677947537,0.0,0.0,0.0,0.0,0,1.0076529515456383,0.9207188615159724,False,False,False,False,0.029994371870516956,0.031515330968308566,False,False,False,False,38581.0,27711.415400742153,False,False,False,False,1600.9234455784629,False,False,False,False
2025-03-12 17:00:00+00:00,45.29,45.36,44.9,44.9,0.0,,,,,,,,,,,,,,,,,,,,,,,,,,,,,,,,,,,"rgba(239, 83, 80, 1.0)",2.6403055839384484,44.40867133839106,0.18608780157789243,43.060836557966,0.2419770173088196,False,True,False,True,False,0.6036632423136368,0.0,0.0,0.0,0.0,0,1.0033535405649427,0.9220086848101811,False,False,False,False,0.018733003668063675,0.02512416731818612,False,False,False,False,38581.0,27879.936092203516,False,False,False,False,1576.1029270423626,False,False,False,False
2025-03-12 18:00:00+00:00,44.995,45.63,44.945,45.46,0.0,,,,,,,,,,,,,,,,,,,,,,,,,,,,,,,,,,,"rgba(239, 83, 80, 1.0)",2.6309865806171198,44.40867133839106,0.3995948399563269,44.035329111299056,0.2419770173088196,False,True,False,True,False,1.9791804614561137,0.0,0.0,0.0,0.0,0,1.0043714910213004,0.9176702524321776,False,False,False,False,0.028867939858446937,0.026996053588316526,False,False,False,False,38581.0,28045.844059766252,False,False,False,False,1551.6672227471322,False,False,False,False
2025-03-12 19:00:00+00:00,45.47,45.79,45.41,45.79,445.0,,,,,,,,,,,,,,,,,,,,,,,,,,,,,,,,,,,"rgba(239, 83, 80, 1.0)",2.6241837976032816,44.408046400150575,0.5266222591236139,45.72608950607243,0.2419770173088196,False,True,False,True,False,2.782076497669916,0.0,0.0,0.0,0.0,0,1.0091558636033031,0.9140889060026527,False,False,False,False,0.04899653577228223,0.03799629468029938,False,False,False,False,39026.0,28216.07903558383,False,False,False,False,1534.5095913867115,False,False,False,False
2025-03-13 14:00:00+00:00,44.37,45.9,44.37,45.72,501.0,,,,,,,,,,,,,,,,,,,,,,,,,,,,,,,,,,,"rgba(239, 83, 80, 0.75)",2.6148332642828254,44.451537996849964,0.4851024424679474,46.63046791130692,0.2419770173088196,False,True,False,True,True,2.597397380128843,0.0,0.0,0.0,0.0,0,1.0003815337657385,0.9161049641782187,False,False,False,False,0.019054677544921652,0.028525486112610514,False,False,False,False,38525.0,28375.907267590283,False,False,False,False,1518.486186869088,False,False,False,False
2025-03-13 15:00:00+00:00,45.74,45.9,45.48,45.54,400.0,,,,,,,,,,,,,,,,,,,,,,,,,,,,,,,,,,,"rgba(239, 83, 80, 0.75)",2.6048688421271162,44.45816985147317,0.41531079455171804,46.62172766999792,0.2419770173088196,False,True,False,True,True,2.116960266008892,0.0,0.0,0.0,0.0,0,1.011156358700263,0.9150759311105456,False,False,False,False,0.03880296445130762,0.033664225281959066,False,False,False,False,38125.0,28527.055992123765,False,False,False,False,1501.1453157548385,False,False,False,False
2025-03-13 16:00:00+00:00,45.62,46.055,45.52,45.8,31.0,,,,,,,,,,,,,,,,,,,,,,,,,,,,,,,,,,,"rgba(239, 83, 80, 0.75)",2.592880336892048,44.458753939938255,0.5172803545841319,47.648016874068404,0.2419770173088196,False,True,False,True,True,2.776051280044811,0.0,0.0,0.0,0.0,0,1.0115843417596142,0.9286852418069851,False,False,False,False,0.04544878896046201,0.03955650712121054,False,False,False,False,38156.0,28676.341945734246,False,False,False,False,1478.3523651229805,False,False,False,False
2025-03-13 17:00:00+00:00,45.8,45.91,45.44,45.44,100.0,,,,,,,,,,,,,,,,,,,,,,,,,,,,,,,,,,,"rgba(239, 83, 80, 0.75)",2.5852010446851943,44.45923094883632,0.379378251134471,46.95972433033835,0.2419770173088196,False,True,False,True,True,1.7948589665564079,0.0,0.0,0.0,0.0,0,1.0034461962608772,0.9296545188248472,False,False,False,False,0.03778084858250269,0.03866867785185661,False,False,False,False,38056.0,28821.763000839142,False,False,False,False,1456.9825610125467,False,False,False,False
2025-03-13 18:00:00+00:00,45.41,46.38,45.41,46.28,200.0,,,,,,,,,,,,,,,,,,,,,,,,,,,,,,,,,,,#000000,2.580799359371688,44.46444896691239,0.7034839909173008,49.740908258227535,0.2419770173088196,False,True,False,False,True,3.9296120188579664,0.0,0.0,0.0,0.0,0,0.99927032363293,0.9303373680144219,False,False,False,False,0.052780913054174226,0.045724795453015415,False,False,False,False,38256.0,28968.03024113621,False,False,False,False,1437.494459291422,False,False,False,False
2025-03-13 19:00:00+00:00,46.27,46.335,45.56,45.71,120.0,,,,,,,,,,,,,,,,,,,,,,,,,,,,,,,,,,,#000000,2.571858500023694,44.466049389426544,0.4836777025493417,49.38295176343603,0.2419770173088196,False,True,False,False,True,2.3674226258095104,0.0,0.0,0.0,0.0,0,1.000213885442957,0.9305300081276469,False,False,False,False,0.056363730730485895,0.051044263091750655,False,False,False,False,38136.0,29110.169307165106,False,False,False,False,1417.0681886047332,False,False,False,False
2025-03-14 14:00:00+00:00,47.85,48.53,47.78,47.87,1049.0,,,,,,,,,,,,,,,,,,,,,,,,,,,,,,,,,,,"rgba(38, 166, 154, 0.5)",2.5810145361923134,44.549116001276715,1.2866583865205479,54.93526853380746,0.5493037188274599,False,False,True,False,True,7.53100133180698,0.0,0.0,0.0,0.0,0,1.0019652937486934,0.9180012544428182,False,False,False,False,0.20951805101301887,0.13028115705238477,False,False,False,False,39185.0,29266.368232635414,False,False,False,False,1411.3617050604737,False,False,False,False
2025-03-14 15:00:00+00:00,47.95,47.95,47.555,47.86,500.0,,,,,,,,,,,,,,,,,,,,,,,,,,,,,,,,,,,"rgba(38, 166, 154, 0.5)",2.585413257433268,44.57022729909409,1.272435921587216,58.598078884671004,3.8732042425067874,False,False,True,False,True,7.503292973062209,0.0,0.0,0.0,0.0,0,1.0013783885384906,0.9227684724948834,False,False,False,False,0.18107187392436266,0.15567651548837372,False,False,False,False,38685.0,29412.393531354242,False,False,False,False,1397.232066222327,False,False,False,False
2025-03-14 16:00:00+00:00,47.76,47.83,47.33,47.81,100.0,,,,,,,,,,,,,,,,,,,,,,,,,,,,,,,,,,,"rgba(38, 166, 154, 1.0)",2.5882608808594583,44.5736459141916,1.250397171993627,60.82458776487266,5.849154930976951,True,False,True,False,True,7.362212917200896,0.0,0.0,0.0,0.0,0,1.0004611772597687,0.9279724970652358,False,False,False,False,0.16897140208672903,0.16232395878755138,False,False,False,False,38585.0,29554.6044843565,False,False,False,False,1377.1199411646164,False,False,False,False
2025-03-14 17:00:00+00:00,47.76,48.02,47.7,47.9,0.0,,,,,,,,,,,,,,,,,,,,,,,,,,,,,,,,,,,"rgba(38, 166, 154, 1.0)",2.6036897329031388,44.5736459141916,1.2775539434568037,62.534160473485294,7.4264304393759915,True,False,True,False,True,7.5739847833236595,0.0,0.0,0.0,0.0,0,0.9964699949571358,0.9301563287947555,False,False,False,False,0.18863914492197736,0.17548155185476438,False,False,False,False,38585.0,29694.61061638198,False,False,False,False,1355.7692444023742,False,False,False,False
2025-03-14 18:00:00+00:00,47.92,48.16,47.88,48.11,0.0,,,,,,,,,,,,,,,,,,,,,,,,,,,,,,,,,,,"rgba(38, 166, 154, 1.0)",2.623543997745817,44.5736459141916,1.347930161966744,64.2254328698838,9.06821458936232,True,False,True,False,True,8.07290551921842,0.0,0.0,0.0,0.0,0,0.9986970957844746,0.9256924305467997,False,False,False,False,0.19994200322427583,0.18771177753952012,False,False,False,False,38585.0,29832.446110701636,False,False,False,False,1334.7495661945854,False,False,False,False
2025-03-14 19:00:00+00:00,48.08,48.375,48.08,48.33,350.0,,,,,,,,,,,,,,,,,,,,,,,,,,,,,,,,,,,"rgba(38, 166, 154, 1.0)",2.6462471352655057,44.590361403624414,1.4131856947670822,65.93789970822216,10.784050997383908,True,False,True,False,True,8.598150062512932,0.0,0.0,0.0,0.0,0,1.0012221847606204,0.9255731625084289,False,False,False,False,0.2146763097895265,0.20119404366452331,False,False,False,False,38935.0,29973.570977202384,False,False,False,False,1319.4821310597856,False,False,False,False
2025-03-17 14:00:00+00:00,50.78,51.31,50.44,51.29,499.0,,,,,,,,,,,,,,,,,,,,,,,,,,,,,,,,,,,"rgba(38, 166, 154, 1.0)",2.7321821411194844,44.6440851287324,2.4324567426330157,71.68079480542515,16.160967057897395,True,False,True,False,True,15.05680953029005,0.0,0.0,0.0,0.0,0,0.9995454733275486,0.9231436717491013,False,False,False,False,0.3428282474313523,0.2720111455479378,False,False,False,False,39434.0,30120.24429538529,False,False,False,False,1306.7614778650602,False,False,False,False
2025-03-17 15:00:00+00:00,51.36,52.31,51.14,52.01,1072.0,,,,,,,,,,,,,,,,,,,,,,,,,,,,,,,,,,,"rgba(38, 166, 154, 1.0)",2.832781473017973,44.75585529486308,2.5607851414703497,76.12527620458911,20.14756684356479,True,False,True,False,True,16.469856209845172,0.0,0.0,0.0,0.0,0,1.0032463529895215,0.9164577768645984,False,False,False,False,0.342828247949592,0.3074196967487649,False,False,False,False,40506.0,30281.26376367389,False,False,False,False,1303.1217650299432,False,False,False,False
2025-03-17 16:00:00+00:00,51.87,52.28,51.745,52.21,633.0,,,,,,,,,,,,,,,,,,,,,,,,,,,,,,,,,,,"rgba(38, 166, 154, 1.0)",2.933617955069527,44.81420605007179,2.521048774312172,79.25392062312535,22.909410962050572,True,False,True,False,True,16.858342312860277,0.0,0.0,0.0,0.0,0,1.0049406697352308,0.9303238883493096,False,False,False,False,0.34282824810789886,0.3251239724283319,False,False,False,False,41139.0,30449.600759585926,False,False,False,False,1292.7322803007967,False,False,False,False
2025-03-17 17:00:00+00:00,52.3,52.435,52.13,52.275,603.0,,,,,,,,,,,,,,,,,,,,,,,,,,,,,,,,,,,"rgba(38, 166, 154, 1.0)",3.025477689928032,44.86659937645858,2.4486713778139424,81.39754168781232,24.85769811467955,True,False,True,False,True,16.986040780942876,0.0,0.0,0.0,0.0,0,1.0100786731873275,0.9210291303423347,False,False,False,False,0.34282824824966973,0.3339761103390008,False,False,False,False,41742.0,30624.67671680165,False,False,False,False,1282.0387565752028,False,False,False,False
2025-03-17 18:00:00+00:00,52.26,52.52,52.22,52.26,204.0,,,,,,,,,,,,,,,,,,,,,,,,,,,,,,,,,,,"rgba(38, 166, 154, 1.0)",3.1133638813440463,44.88349976067829,2.3693023110865075,82.73806646238742,26.200750451005334,True,False,True,False,True,16.938491114354104,0.0,0.0,0.0,0.0,0,1.0023828773243693,0.9222160759116634,False,False,False,False,0.3428282482942566,0.33840217931662875,False,False,False,False,41538.0,30793.87552739387,False,False,False,False,1265.3249774034941,False,False,False,False
2025-03-17 19:00:00+00:00,52.26,52.58,52.17,52.34,113.0,,,,,,,,,,,,,,52.36333333333334,,,,,,,,,,,,,,,,,,52.36333333333334,52.36333333333334,,"rgba(38, 166, 154, 1.0)",3.197100913679808,45.430485211490115,2.161181324913875,83.72051511582808,27.34806451907764,True,False,True,False,True,17.10137063575302,-1.0,52.58,52.17,0.0,0,1.0006383522001876,0.9234828496042218,False,False,False,False,0.34282824829678504,0.3406152138067069,False,False,False,False,41651.0,30962.203038597065,False,False,False,False,1247.4594738778585,False,True,False,False
2025-03-18 14:00:00+00:00,50.66,51.26,50.13,51.22,981.0,,,,,,,,,,,,,,51.02424741011579,,,,,,,,,,,,,,,,,,51.02424741011579,51.02424741011579,,"rgba(38, 166, 154, 0.75)",3.250098249381185,45.41382427344208,1.7864616024033755,77.99504499672948,27.34806451907764,True,False,True,False,False,13.552572402304946,0.0,0.0,0.0,0.0,0,0.989904067697206,0.9258514515520927,False,False,False,False,0.24307858129506277,0.29184689755088483,False,False,False,False,40670.0,31112.711518618817,False,False,False,False,1243.328319244093,False,False,False,False
2025-03-18 15:00:00+00:00,50.94,51.52,50.73,51.16,764.0,,,,,,,,,,,,,,51.07047362755652,,,,,,,,,,,,,,,,,,51.07047362755652,51.07047362755652,,"rgba(38, 166, 154, 0.75)",3.294847202844178,45.45535749905493,1.7313830201354128,73.88339840539183,30.751531833686954,True,False,True,False,False,13.36644524188402,0.0,0.0,0.0,0.0,0,0.9947812291249166,0.9244321977287909,False,False,False,False,0.26808963069967034,0.2799682641252776,False,False,False,False,39906.0,31249.041572593716,False,False,False,False,1235.896872434107,False,False,False,False
2025-03-18 16:00:00+00:00,51.14,51.375,50.73,50.92,0.0,,,,,,,,,,,,,,51.07047362755652,,,,,,,,,,,,,,,,,,51.07047362755652,51.07047362755652,,"rgba(38, 166, 154, 0.75)",3.3260817017154745,45.45535749905493,1.6429670077336367,69.90771959599141,27.080166101770985,True,False,True,False,False,12.61478790724695,0.0,0.0,0.0,0.0,0,0.9930650720485031,0.9245878493418049,False,False,False,False,0.2638504282636309,0.2719093461944543,False,False,False,False,39906.0,31383.25798232094,False,False,False,False,1216.7356806134233,False,False,False,False
2025-03-18 17:00:00+00:00,50.92,51.1,50.69,51.03,0.0,,,,,,,,,,,,,,51.07047362755652,,,,,,,,,,,,,,,,,,51.07047362755652,51.07047362755652,,"rgba(38, 166, 154, 0.75)",3.323956975198836,45.45535749905493,1.6771103063425197,67.61567917332366,24.925192230728882,True,False,True,False,False,12.861986076864415,0.0,0.0,0.0,0.0,0,0.9927575218308986,0.92711997682407,False,False,False,False,0.25467275358589514,0.2632910498901747,False,False,False,False,39906.0,31515.393517478755,False,False,False,False,1197.8715615341453,False,False,False,False
2025-03-18 18:00:00+00:00,51.01,51.21,50.94,51.09,586.0,,,,,,,,,,,,,,51.072757774140754,,,,,,,,,,,,,,,,,,51.072757774140754,51.072757774140754,,"rgba(38, 166, 154, 0.75)",3.3148911726460204,45.48343149797735,1.6913280738406158,66.29772745799073,23.534377757673454,True,False,True,False,False,12.99872642925185,0.0,0.0,0.0,0.0,0,0.9948383367056203,0.9263740347689641,False,False,False,False,0.26516504450912487,0.26422804719964976,False,False,False,False,40492.0,31654.565711006217,False,False,False,False,1188.3851807351662,False,False,False,False
2025-03-18 19:00:00+00:00,51.09,51.2,50.83,50.975,1261.0,,,,,,,,,,,,,,51.04856185335132,,,,,,,,,,,,,,,,,,51.04856185335132,51.04856185335132,,"rgba(38, 166, 154, 0.75)",3.287751597607032,45.53725049282488,1.6539417123644466,64.66670036373768,21.73035519591599,True,False,True,False,False,12.621613789824249,0.0,0.0,0.0,0.0,0,0.9939483759417069,0.926680663620271,False,False,False,False,0.2616613780308301,0.26294471261523994,False,False,False,False,39231.0,31772.029808509993,False,False,False,False,1189.510991886559,False,False,False,False
2025-03-19 14:00:00+00:00,50.39,51.23,50.39,50.39,75.0,,,,,,,,,,,,,,51.04105070546737,,,,,,,,,,,,,,,,,,51.04105070546737,51.04105070546737,,"rgba(38, 166, 154, 0.5)",3.245716563258264,45.539678181513274,1.494376272220657,60.12675792294476,17.251143706712412,False,False,True,False,False,10.714910878297466,0.0,0.0,0.0,0.0,0,0.9903920847131936,0.9269389590743695,False,False,False,False,0.24973720844881583,0.2563409605320279,False,False,False,False,39156.0,31886.509966517588,False,False,False,False,1172.2317517022711,False,False,False,False
2025-03-19 15:00:00+00:00,50.39,51.025,50.39,50.92,500.0,,,,,,,,,,,,,,51.01035942367601,,,,,,,,,,,,,,,,,,51.01035942367601,51.01035942367601,,"rgba(38, 166, 154, 0.5)",3.213369453275373,45.5572594951119,1.6688838874166443,59.493981368023285,16.435537184949567,False,False,True,False,False,11.98263842131253,0.0,0.0,0.0,0.0,0,0.9904417147970391,0.9289839746197024,False,False,False,False,0.24380131198350574,0.2500711362577668,False,False,False,False,39656.0,32006.967176339018,False,False,False,False,1161.8095540014608,False,False,False,False
2025-03-19 16:00:00+00:00,50.92,50.95,50.67,50.67,0.0,,,,,,,,,,,,,,51.01035942367601,,,,,,,,,,,,,,,,,,51.01035942367601,51.01035942367601,,"rgba(38, 166, 154, 0.5)",3.1817278891131444,45.5572594951119,1.606906901869976,57.67025144512387,14.399506842884549,False,False,True,False,False,11.164769939945817,0.0,0.0,0.0,0.0,0,0.9979539223308919,0.9291647910954701,False,False,False,False,0.24973720844881583,0.24990417235329132,False,False,False,False,39656.0,32125.556832519807,False,False,False,False,1143.7970027766319,False,False,False,False
2025-03-19 17:00:00+00:00,50.63,50.67,50.245,50.44,100.0,,,,,,,,,,,,,,50.997603881278536,,,,,,,,,,,,,,,,,,50.997603881278536,50.997603881278536,,"rgba(38, 166, 154, 0.5)",3.1545282595882016,45.55996032198826,1.5469950738842932,55.20191472796027,11.772961313260907,False,False,True,False,False,10.410849207132504,0.0,0.0,0.0,0.0,0,0.9937348007089567,0.9371006965912371,False,False,False,False,0.22939300382212263,0.23964858808770698,False,False,False,False,39556.0,32240.757501783068,False,False,False,False,1127.6141035087771,False,False,False,False
2025-03-19 18:00:00+00:00,50.44,50.95,50.42,50.755,617.0,,,,,,,,,,,,,,50.96188646521245,,,,,,,,,,,,,,,,,,50.96188646521245,50.96188646521245,,"rgba(38, 166, 154, 0.5)",3.1236959325899996,45.5804448679439,1.6565489227261754,55.161036993376925,11.37207584874944,False,False,True,False,False,11.19109935235588,0.0,0.0,0.0,0.0,0,0.989605675631084,0.9346229995050321,False,False,False,False,0.242500576043177,0.241074582065442,False,False,False,False,40173.0,32363.73800563139,False,False,False,False,1119.6976057799588,False,False,False,False
2025-03-19 19:00:00+00:00,50.8,50.84,50.395,50.56,768.0,,,,,,,,,,,,,,50.91345475570974,,,,,,,,,,,,,,,,,,50.91345475570974,50.91345475570974,,"rgba(38, 166, 154, 0.5)",3.0843199974786786,45.60383708695229,1.606889984534419,53.97430880247659,9.825173975570245,False,True,True,False,False,10.53836986141626,0.0,0.0,0.0,0.0,0,0.9901581288090926,0.9318481304562676,False,False,False,False,0.2386031739029598,0.2398388779842009,False,False,False,False,39405.0,32472.904858257258,False,False,False,False,1114.2449297213548,False,False,False,False
2025-03-20 14:00:00+00:00,47.36,47.83,46.74,47.34,419.0,,,,,,,,,,,,,,50.66884918068133,,,,,,,,,,,,,,,,,,50.66884918068133,50.66884918068133,,"rgba(239, 83, 80, 1.0)",3.003545357025883,45.58885172646989,0.5830270781274646,43.897632542693884,0.2916195781835853,False,True,False,True,False,0.858485534944819,0.0,0.0,0.0,0.0,0,0.9809462813225522,0.9361140020814986,False,False,False,False,0.05252656596719601,0.14618272197569845,False,False,False,False,38986.0,32573.883077509083,False,False,False,False,1103.465938562884,False,False,False,False
2025-03-20 15:00:00+00:00,47.34,47.37,46.65,46.83,827.0,,,,,,,,,,,,,,50.23018304569011,,,,,,,,,,,,,,,,,,50.23018304569011,50.23018304569011,,"rgba(239, 83, 80, 1.0)",2.9054409551983973,45.55909260345926,0.4374232400995229,36.485321795563486,-6.28762158371989,False,True,False,True,False,0.0,0.0,0.0,0.0,0.0,0,0.9799624795433682,0.9405660000798308,False,False,False,False,0.03750207866049941,0.09184240031809893,False,False,False,False,38159.0,32660.4740375477,False,False,False,False,1099.179644941754,False,False,False,False
2025-03-20 16:00:00+00:00,46.83,47.08,46.65,46.91,806.0,,,,,,,,,,,,,,49.88475033047631,,,,,,,,,,,,,,,,,,49.88475033047631,49.88475033047631,,"rgba(239, 83, 80, 1.0)",2.7752605964807,45.53484733722097,0.4955039770041261,31.941987647141723,-10.132540047582907,False,True,False,True,False,0.0,0.0,0.0,0.0,0.0,0,0.9890149979732471,0.9415484394000811,False,False,False,False,0.02958731416917304,0.06071485724363598,False,False,False,False,38965.0,32758.21862611285,False,False,False,False,1094.6342240899437,False,False,False,False
2025-03-20 17:00:00+00:00,46.89,47.06,46.73,46.91,300.0,,,,,,,,,,,,,,49.77443554679479,,,,,,,,,,,,,,,,,,49.77443554679479,49.77443554679479,,"rgba(239, 83, 80, 1.0)",2.674750096940107,45.52709469409006,0.5170222472342255,28.913098214860547,-12.728573390729387,False,True,False,True,False,0.0,0.0,0.0,0.0,0.0,0,0.9862635129643177,0.9433471511013575,False,False,False,False,0.03122451494419444,0.04596968609391521,False,False,False,False,38965.0,32854.44779470025,False,False,False,False,1082.314313638937,False,False,False,False
2025-03-20 18:00:00+00:00,46.88,47.16,46.88,46.95,689.0,,,,,,,,,,,,,,49.55709705503823,,,,,,,,,,,,,,,,,,49.55709705503823,49.55709705503823,,"rgba(239, 83, 80, 1.0)",2.5808327188182023,45.5123374668773,0.5570537457309629,27.139614159465484,-14.382014279315136,False,True,False,True,False,0.0,0.0,0.0,0.0,0.0,0,0.9875955750772736,0.9400927281600782,False,False,False,False,0.038048086302354546,0.04200888619813488,False,False,False,False,39654.0,32959.86720873591,False,False,False,False,1076.2164173034496,False,False,False,False
2025-03-20 19:00:00+00:00,46.965,47.22,46.85,46.94,651.0,,,,,,,,,,,,,,49.38130132882168,,,,,,,,,,,,,,,,,,49.38130132882168,49.38130132882168,,"rgba(239, 83, 80, 1.0)",2.4921767991453234,45.50049605093869,0.5776090803649939,25.936208279623564,-15.727386806863677,False,True,False,True,False,0.0,0.0,0.0,0.0,0.0,0,0.9858565332249544,0.94045925624873,False,False,False,False,0.03886714038506496,0.04043801329159992,False,False,False,False,39003.0,33053.559189995816,False,False,False,False,1069.6239147095976,False,False,False,False
2025-03-21 14:00:00+00:00,44.72,44.815,44.305,44.69,1224.0,,,,,,,,,,,,,,48.833765252941355,,,,,,,,,,,,,,,,,,48.833765252941355,48.833765252941355,,"rgba(239, 83, 80, 1.0)",2.437958932541069,45.56970876747464,-0.36083822238864566,21.96322231615199,-19.727389025060845,False,True,False,True,False,0.0,0.0,0.0,0.0,0.0,0,0.9808160172296896,0.9444023451521557,False,False,False,False,-0.09639410974865611,-0.027978048228528098,False,False,False,False,37779.0,33126.821838212934,False,False,False,False,1072.0173423885185,False,False,False,False
2025-03-21 15:00:00+00:00,44.695,45.23,44.62,44.925,1323.0,,,,,,,,,,,,,,48.4029674830612,,,,,,,,,,,,,,,,,,48.4029674830612,48.4029674830612,,"rgba(239, 83, 80, 1.0)",2.388559185363012,45.52708136245243,-0.25206884809133456,20.614258938282603,-21.29112201451916,False,True,False,True,False,0.0,0.0,0.0,0.0,0.0,0,0.9850389941110933,0.9397182874423046,False,False,False,False,-0.07634376389845017,-0.05216090606348914,False,False,False,False,39102.0,33219.46025932591,False,False,False,False,1075.908546382495,False,False,False,False
2025-03-21 16:00:00+00:00,44.915,45.55,44.915,45.49,2520.0,,,,,,,,,,,,,,47.867765193243365,,,,,,,,,,,,,,,,,,47.867765193243365,47.867765193243365,,"rgba(239, 83, 80, 1.0)",2.3137229213449024,45.47498889888607,0.006487855989778115,22.70427707511949,-21.29112201451916,False,True,False,True,False,0.0,0.0,0.0,0.0,0.0,0,0.9851869938550443,0.9523460708908151,False,False,False,False,-0.059500105886809374,-0.055830505975149256,False,False,False,False,41622.0,33349.73219328985,False,False,False,False,1098.2975611672623,False,False,False,False
2025-03-21 17:00:00+00:00,45.48,45.655,45.33,45.505,530.0,,,,,,,,,,,,,,47.784286900491566,,,,,,,,,,,,,,,,,,47.784286900491566,47.784286900491566,,"rgba(239, 83, 80, 0.75)",2.32885203905698,45.46659355633746,0.016491577403129905,24.176892293147297,-21.29112201451916,False,True,False,True,True,0.0,0.0,0.0,0.0,0.0,0,0.9975732148733137,0.9391247120763409,False,False,False,False,-0.04528495994783963,-0.05055773296149445,False,False,False,False,42152.0,33486.20146161094,False,False,False,False,1089.4867462654443,False,False,False,False
2025-03-21 18:00:00+00:00,45.505,45.525,45.0,45.07,201.0,,,,,,,,,,,,,,47.75021435594887,,,,,,,,,,,,,,,,,,47.75021435594887,47.75021435594887,,"rgba(239, 83, 80, 0.75)",2.350000575043065,45.462209694731825,-0.16689770159934442,24.29133080958745,-21.29112201451916,False,True,False,True,True,0.0,0.0,0.0,0.0,0.0,0,0.9997931063019823,0.9317250796540738,False,False,False,False,-0.0578587792101493,-0.054208256085821874,False,False,False,False,41951.0,33617.438648252624,False,False,False,False,1075.7117579512512,False,False,False,False
2025-03-21 19:00:00+00:00,45.03,45.145,44.755,45.075,1102.0,,,,,,,,,,,,,,47.56436612255711,,,,,,,,,,,,,,,,,,47.56436612255711,47.56436612255711,,"rgba(239, 83, 80, 0.75)",2.3721742753838355,45.435145233005514,-0.15182073119279435,24.398795802491428,-21.29112201451916,False,True,False,True,True,0.0,0.0,0.0,0.0,0.0,0,0.9893154429121632,0.9369693957841553,False,False,False,False,-0.07497287321207322,-0.06459056464894755,False,False,False,False,43053.0,33763.726421147934,False,False,False,False,1076.1193275954179,False,False,False,False
2025-03-24 14:00:00+00:00,45.34,45.745,45.275,45.375,2300.0,,,,,,,,,,,,,,47.305560200818284,,,,,,,,,,,,,,,,,,47.305560200818284,47.305560200818284,,"rgba(239, 83, 80, 0.75)",2.3891679221771733,45.40440220556087,-0.012306462550391768,26.409795331026743,-21.29112201451916,False,True,False,True,True,0.0,0.0,0.0,0.0,0.0,0,0.9904663212435235,0.9363316062176166,False,False,False,False,-0.04432889181210992,-0.054459728230528734,False,False,False,False,45353.0,33943.40508128517,False,False,False,False,1095.0942217412253,False,False,False,False
2025-03-24 15:00:00+00:00,45.37,45.555,45.15,45.165,2269.0,,,,,,,,,,,,,,47.08701360349167,,,,,,,,,,,,,,,,,,47.08701360349167,47.08701360349167,,"rgba(239, 83, 80, 0.75)",2.4083961486867227,45.37252178176483,-0.08616596645779893,27.16926991538032,-21.29112201451916,False,True,False,True,True,0.0,0.0,0.0,0.0,0.0,0,0.9861226180613092,0.9375310687655344,False,False,False,False,-0.052936631481479424,-0.05369817985600408,False,False,False,False,43084.0,34085.119731187726,False,False,False,False,1113.2943113266326,False,False,False,False
2025-03-24 16:00:00+00:00,45.165,45.44,45.085,45.1,1256.0,,,,,,,,,,,,,,46.98063805487933,,,,,,,,,,,,,,,,,,46.98063805487933,46.98063805487933,,"rgba(239, 83, 80, 0.75)",2.427177497342053,45.35553126290813,-0.1052791825846915,27.48853409008505,-21.29112201451916,False,True,False,True,True,0.0,0.0,0.0,0.0,0.0,0,0.9837645647703909,0.9553632625085673,False,False,False,False,-0.0578587792101493,-0.055778479533076686,False,False,False,False,41828.0,34205.16438651815,False,False,False,False,1115.506802623894,False,False,False,False
2025-03-24 17:00:00+00:00,45.095,45.28,45.03,45.265,1300.0,,,,,,,,,,,,,,46.881597819606505,,,,,,,,,,,,,,,,,,46.881597819606505,46.881597819606505,,"rgba(239, 83, 80, 0.75)",2.4401764945028774,45.33911953005508,-0.03037465946502303,28.96885738762936,-25.753637682480594,False,True,False,True,True,0.0,0.0,0.0,0.0,0.0,0,0.9769708469898224,0.9539416939796446,False,False,False,False,-0.06374170399817768,-0.05976009176562718,False,False,False,False,43128.0,34343.50292316127,False,False,False,False,1118.3671622731358,False,False,False,False
2025-03-24 18:00:00+00:00,45.265,45.36,45.13,45.175,1656.0,,,,,,,,,,,,,,46.772247593285066,,,,,,,,,,,,,,,,,,46.772247593285066,46.772247593285066,,"rgba(239, 83, 80, 0.75)",2.4520138404735605,45.320727676390376,-0.059431832718462405,29.62107940414507,-24.74894984320184,False,True,False,True,True,0.0,0.0,0.0,0.0,0.0,0,0.9808645733669654,0.9511176828737932,False,False,False,False,-0.058816181363285494,-0.059288136564456334,False,False,False,False,41472.0,34454.0222576859,False,False,False,False,1126.7025551061106,False,False,False,False
2025-03-24 19:00:00+00:00,45.175,45.34,45.135,45.29,1365.0,,,,,,,,,,,,,,46.694103875033015,,,,,,,,,,,,,,,,,,46.694103875033015,46.694103875033015,,"rgba(239, 83, 80, 0.75)",2.4629694448950255,45.30744862698655,-0.007084386297489524,31.051615423523113,-23.061088129299378,False,True,False,True,True,0.0,0.0,0.0,0.0,0.0,0,0.985162557276893,0.9415666593934104,False,False,False,False,-0.05922652944141866,-0.05925733300293749,False,False,False,False,42837.0,34583.990904853556,False,False,False,False,1130.3970891354732,False,False,False,False
2025-03-25 14:00:00+00:00,45.13,45.51,44.61,44.905,227.0,,,,,,,,,,,,,,46.679787754084046,,,,,,,,,,,,,,,,,,46.679787754084046,46.679787754084046,,"rgba(239, 83, 80, 0.75)",2.47797150766364,45.30467746495321,-0.16129219553861768,30.42200157096283,-23.061088129299378,False,True,False,True,True,0.0,0.0,0.0,0.0,0.0,0,0.9840529824408525,0.9377804888675875,False,False,False,False,-0.06894422459759152,-0.0641007788002645,False,False,False,False,42610.0,34708.425154390716,False,False,False,False,1116.3909327147683,False,False,False,False
2025-03-25 15:00:00+00:00,44.915,45.06,44.26,44.275,1426.0,,,,,,,,,,,,,,46.57099315717195,,,,,,,,,,,,,,,,,,46.57099315717195,46.57099315717195,,"rgba(239, 83, 80, 1.0)",2.504658680959968,45.28032048610751,-0.40138023346247015,28.00958212879854,-23.061088129299378,False,True,False,True,False,0.0,0.0,0.0,0.0,0.0,0,0.9782296338224409,0.9445291069795791,False,False,False,False,-0.09089385171109662,-0.07749731525568057,False,False,False,False,41184.0,34808.82166362497,False,False,False,False,1121.1910732928338,False,False,False,False
2025-03-25 16:00:00+00:00,44.305,44.575,44.26,44.465,500.0,,,,,,,,,,,,,,46.53369451423786,,,,,,,,,,,,,,,,,,46.53369451423786,46.53369451423786,,"rgba(239, 83, 80, 1.0)",2.5229054054174727,45.271672127325274,-0.31973934718007735,28.066325225953214,-23.061088129299378,False,True,False,True,False,0.0,0.0,0.0,0.0,0.0,0,0.9942385693215341,0.9450129056047197,False,False,False,False,-0.10424211840430161,-0.09086971682999109,False,False,False,False,41684.0,34915.413575816834,False,False,False,False,1111.5602039394566,False,False,False,False
2025-03-25 17:00:00+00:00,44.46,44.52,44.27,44.33,175.0,,,,,,,,,,,,,,46.520581434335725,,,,,,,,,,,,,,,,,,46.520581434335725,46.520581434335725,,"rgba(239, 83, 80, 1.0)",2.53443971276842,45.268581984978695,-0.3703311545546549,27.640027372720034,-23.061088129299378,False,True,False,True,False,0.0,0.0,0.0,0.0,0.0,0,0.9930008343376288,0.9430332808009639,False,False,False,False,-0.10548242349843234,-0.09817607016421172,False,False,False,False,41509.0,35017.6397219282,False,False,False,False,1097.0398907000852,False,False,False,False
2025-03-25 18:00:00+00:00,44.325,44.355,43.865,43.895,100.0,,,,,,,,,,,,,,46.51200154390331,,,,,,,,,,,,,,,,,,46.51200154390331,46.51200154390331,,"rgba(239, 83, 80, 1.0)",2.562680887924469,45.26645502734406,-0.5351641844314081,25.99944703733526,-20.776364713144964,False,True,False,True,False,0.0,0.0,0.0,0.0,0.0,0,0.9853029811303261,0.9452918540497938,False,False,False,False,-0.12122228318426922,-0.10969917667424048,False,False,False,False,41409.0,35116.73057895257,False,False,False,False,1081.5819078985335,False,False,False,False
2025-03-25 19:00:00+00:00,43.89,44.11,43.79,44.02,372.0,,,,,,,,,,,,,,46.47977328828675,,,,,,,,,,,,,,,,,,46.47977328828675,46.47977328828675,,"rgba(239, 83, 80, 1.0)",2.5860270756579573,45.25837250892316,-0.4788706663514262,26.111542725944577,-20.85535947995701,False,True,False,True,False,0.0,0.0,0.0,0.0,0.0,0,0.984598255706068,0.9463258489515679,False,False,False,False,-0.13008446871521145,-0.11989182269472597,False,False,False,False,41781.0,35220.05258548044,False,False,False,False,1070.5806380086337,False,False,False,False
2025-03-26 14:00:00+00:00,43.78,44.61,43.44,44.54,900.0,,,,,,,,,,,,,,46.41174044520964,,,,,,,,,,,,,,,,,,46.41174044520964,46.41174044520964,,"rgba(239, 83, 80, 0.75)",2.5948147740661027,45.311581440660476,-0.2973551131171494,30.598729452811458,-22.639465210740035,False,True,False,True,True,0.0,0.0,0.0,0.0,0.0,0,0.9826371298300558,0.9409570303504812,False,False,False,False,-0.12592787272751305,-0.12290984771111951,False,False,False,False,42681.0,35335.72618880632,False,False,False,False,1067.9359769542364,False,False,False,False
2025-03-26 15:00:00+00:00,44.56,45.375,44.535,44.72,920.0,,,,,,,,,,,,,,46.366363461105934,,,,,,,,,,,,,,,,,,46.366363461105934,46.366363461105934,,"rgba(239, 83, 80, 0.75)",2.597949728688529,45.31877065778332,-0.2304781540501882,34.90753477805207,-18.763274627931402,False,True,False,True,True,0.0,0.0,0.0,0.0,0.0,0,0.9932639875360858,0.9328689914310588,False,False,False,False,-0.0746987289881822,-0.09880428834965085,False,False,False,False,43601.0,35463.86996882483,False,False,False,False,1065.6423959161862,False,False,False,False
2025-03-26 16:00:00+00:00,44.73,44.765,44.31,44.31,373.0,,,,,,,,,,,,,,46.343806568029805,,,,,,,,,,,,,,,,,,46.343806568029805,46.343806568029805,,"rgba(239, 83, 80, 0.75)",2.6077676967782937,45.31256843912773,-0.3844546584292489,35.697582350604065,-18.182272871551724,False,True,False,True,True,0.0,0.0,0.0,0.0,0.0,0,0.9948772383237955,0.942957356470371,False,False,False,False,-0.09763245775943308,-0.09821837305454197,False,False,False,False,43228.0,35584.2440778353,False,False,False,False,1054.903754119036,False,False,False,False
2025-03-26 17:00:00+00:00,44.3,44.64,44.21,44.29,600.0,,,,,,,,,,,,,,46.30709532859754,,,,,,,,,,,,,,,,,,46.30709532859754,46.30709532859754,,"rgba(239, 83, 80, 0.75)",2.615702062406819,45.301789317714984,-0.3868136712726352,36.12716658284223,-17.774242176001437,False,True,False,True,True,0.0,0.0,0.0,0.0,0.0,0,0.9870363535707697,0.9433013471120133,False,False,False,False,-0.10382875456388292,-0.10102356380921244,False,False,False,False,42628.0,35693.44959600839,False,False,False,False,1047.8509827373455,False,False,False,False
2025-03-26 18:00:00+00:00,44.3,44.435,44.23,44.245,1.0,,,,,,,,,,,,,,46.307032900271054,,,,,,,,,,,,,,,,,,46.307032900271054,46.307032900271054,,"rgba(239, 83, 80, 0.5)",2.6241158099031736,45.30176997563644,-0.4027146864663093,36.17438850772467,-17.58948035673373,False,False,False,True,True,0.0,0.0,0.0,0.0,0.0,0,0.9869199482344242,0.9455074875207986,False,False,False,False,-0.10892942468765278,-0.10497649424843261,False,False,False,False,42627.0,35800.946501496626,False,False,False,False,1031.620734942968,False,False,False,False
2025-03-26 19:00:00+00:00,44.275,44.565,44.13,44.51,1153.0,,,,,,,,,,,,,,46.24096110275689,,,,,,,,,,,,,,,,,,46.24096110275689,46.24096110275689,,"rgba(239, 83, 80, 0.5)",2.6288767169254625,45.28366103959244,-0.29429338949650563,38.62517005754978,-15.145196674906224,False,False,False,True,True,0.0,0.0,0.0,0.0,0.0,0,0.9861470262282973,0.94357222016993,False,False,False,False,-0.10810191227761239,-0.10653920326302249,False,False,False,False,43780.0,35924.652757287375,False,False,False,False,1033.5025840136198,False,False,False,False
2025-03-27 14:00:00+00:00,46.62,47.305,46.105,47.13,3501.0,,,,,,,,,,,,,,46.298662258623345,,,,,,,,,,,,,,,,,,46.298662258623345,46.298662258623345,,"rgba(38, 166, 154, 1.0)",2.615781625731307,45.37274373380737,0.6717901253325569,50.77860528735774,-4.060448934299288,True,False,True,False,True,3.080790143695573,0.0,0.0,0.0,0.0,0,0.9926779661016949,0.9317966101694914,False,False,False,False,0.02085803998051781,-0.04284058164125234,False,False,False,False,47281.0,36100.7201563992,False,False,False,False,1071.7583579048814,False,False,False,False
2025-03-27 15:00:00+00:00,47.16,47.345,46.88,46.92,1367.0,,,,,,,,,,,,,47.048333333333325,46.325547204295425,,,,,,,,,,,,,,,,,,46.325547204295425,46.686940268814375,,"rgba(38, 166, 154, 1.0)",2.5970956196600974,45.59895398055352,0.5086628345318222,57.680204406012535,1.66059244826765,True,False,True,False,True,2.3971026756329117,0.0,0.0,0.0,0.0,0,0.9987812034487429,0.9314314088385319,False,False,False,False,0.04309977463336482,0.0001295964960562404,False,False,False,False,45914.0,36252.8640299434,False,False,False,False,1076.3357477048057,False,False,False,False
2025-03-27 16:00:00+00:00,46.92,47.28,46.61,46.63,2556.0,,,,,,,,,,,,,46.912595377687154,46.35787599777089,,,,,,,,,,,,,,,,,,46.35787599777089,46.63523568772902,,"rgba(38, 166, 154, 1.0)",2.5849581382638642,45.622993257205465,0.3895640427936963,60.6285726509063,3.7993513958856084,True,False,True,False,True,1.4537698390709508,0.0,0.0,0.0,0.0,0,0.9947165963757706,0.9384993279881354,False,False,False,False,0.03395355914657977,0.017041577821318005,False,False,False,False,43358.0,36363.02117676598,False,False,False,False,1099.2762787481422,False,False,False,False
2025-03-27 17:00:00+00:00,46.63,46.74,46.41,46.41,1200.0,,,,,,,,,,,,,46.82063471924003,46.36252205027781,,,,,,,,,,,,,,,,,,46.36252205027781,46.59157838475892,,"rgba(38, 166, 154, 1.0)",2.5848461156210925,45.62600672420889,0.3033036555070609,61.354851816380446,4.208021544756647,True,False,True,False,True,0.7391757321763386,0.0,0.0,0.0,0.0,0,0.9935828877005349,0.9421529876772843,False,False,False,False,0.013767905434162613,0.015404741627740309,False,False,False,False,42158.0,36452.865809684336,False,False,False,False,1100.8378868295665,False,False,False,False
2025-03-27 18:00:00+00:00,46.47,46.85,46.47,46.635,1310.0,,,,,,,,,,,,,46.786226488419096,46.37129334166975,,,,,,,,,,,,,,,,,,46.37129334166975,46.57875991504442,,"rgba(38, 166, 154, 1.0)",2.5853645899685156,45.633983944465356,0.3871856446934751,62.58805793644062,5.400510493049772,True,False,True,False,True,1.4565377178698995,0.0,0.0,0.0,0.0,0,0.9958133693073453,0.9363632134716472,False,False,False,False,0.018403561536604465,0.016904151582172386,False,False,False,False,43468.0,36561.62758007682,False,False,False,False,1104.080710289573,False,False,False,False
2025-03-27 19:00:00+00:00,46.61,46.79,46.37,46.53,3154.0,,,,,,,,,,,,,46.712897500086925,46.38436456040398,,,,,,,,,,,,,,,,,,46.38436456040398,46.54863103024545,,"rgba(38, 166, 154, 1.0)",2.5845327787986543,45.64808052695572,0.34122974963939884,62.743523561538424,5.801872463442514,True,False,True,False,True,1.1064468796082707,0.0,0.0,0.0,0.0,0,0.9999533516816719,0.9338993329290478,False,False,False,False,0.014040572763054551,0.015472362172613469,False,False,False,False,40314.0,36619.80389666477,False,False,False,False,1135.8624047036883,False,False,False,False
2025-03-28 14:00:00+00:00,44.17,44.17,43.33,43.77,1286.0,,,,,,,,,,,,,46.363250406204976,46.31340833053361,,,,,,,,,,,,,,,,,,46.31340833053361,46.338329368369294,,#000000,2.6116933894238747,45.59985273611654,-0.7006384223839502,52.83826803245393,10.335404978545697,True,False,False,False,False,0.0,0.0,0.0,0.0,0.0,0,0.9934566274367247,0.9320216294815284,False,False,False,False,-0.14119101292497838,-0.06285932537618245,False,False,False,False,39028.0,36657.140270359894,False,False,False,False,1138.1901193594451,False,False,False,False
2025-03-28 15:00:00+00:00,43.77,43.97,43.55,43.55,300.0,,,,,,,,,,,,,46.291472448462066,46.29698602648637,,,,,,,,,,,,,,,,,,46.29698602648637,46.29422923747422,,"rgba(239, 83, 80, 0.5)",2.643196089503685,45.58918321547341,-0.7714838954140226,45.78389039897339,4.042090573286885,True,False,False,True,False,0.0,0.0,0.0,0.0,0.0,0,0.9966303902372389,0.9352488502345067,False,False,False,False,-0.14063488550223707,-0.10174710543920976,False,False,False,False,38728.0,36689.24662275741,False,False,False,False,1125.1949237104616,False,False,False,False
2025-03-28 16:00:00+00:00,43.555,43.7,43.36,43.46,300.0,,,,,,,,,,,,,46.21865437694297,46.27962753677283,,,,,,,,,,,,,,,,,,46.27962753677283,46.2491409568579,,"rgba(239, 83, 80, 0.5)",2.675096600091261,45.57800845813844,-0.7917502710243005,40.88564716688514,-0.20957587650317322,True,False,False,True,False,0.0,0.0,0.0,0.0,0.0,0,1.0120103473762012,0.9345436067997043,False,False,False,False,-0.153448418196695,-0.12759776181795238,False,False,False,False,38428.0,36716.20403945885,False,False,False,False,1112.4012039630127,False,False,False,False
2025-03-28 17:00:00+00:00,43.485,43.535,43.365,43.44,116.0,,,,,,,,,,,,,46.19090818879973,46.27282936836298,,,,,,,,,,,,,,,,,,46.27282936836298,46.23186877858136,,"rgba(239, 83, 80, 0.5)",2.690501446949256,45.57366748419632,-0.7930371071220482,37.572444469605166,-3.1338402416487767,False,False,False,True,False,0.0,0.0,0.0,0.0,0.0,0,1.0013457076566126,0.9383294663573085,False,False,False,False,-0.15791683399883286,-0.14275729790839262,False,False,False,False,38312.0,36740.945062102895,False,False,False,False,1096.9531232814156,False,False,False,False
2025-03-28 18:00:00+00:00,43.44,43.69,43.44,43.62,77.0,,,,,,,,,,,,,46.173697211269214,46.26855212700772,,,,,,,,,,,,,,,,,,46.26855212700772,46.22112466913847,,"rgba(239, 83, 80, 0.5)",2.709825036737563,45.57096238379446,-0.7199588007878478,36.38875915647083,-4.3219851024535245,False,False,False,True,False,0.0,0.0,0.0,0.0,0.0,0,0.9998606918969122,0.9359182725795216,False,False,False,False,-0.15149540681885232,-0.14712635236362248,False,False,False,False,38389.0,36766.49630145013,False,False,False,False,1081.1398965638741,False,False,False,False
2025-03-28 19:00:00+00:00,43.62,43.67,43.255,43.53,744.0,,,,,,,,,,,,,46.012505372011816,46.22642599486041,,,,,,,,,,,,,,,,,,46.22642599486041,46.11946568343612,,"rgba(239, 83, 80, 0.5)",2.7322914219413743,45.54470186894133,-0.7373671244445165,35.322486414527646,-5.656054910354477,False,False,False,True,False,0.0,0.0,0.0,0.0,0.0,0,0.9974463738508684,0.9375058036957935,False,False,False,False,-0.1572182360563348,-0.15217229420997863,False,False,False,False,37645.0,36780.11651383075,False,False,False,False,1075.912921423349,False,False,False,False
2025-03-31 14:00:00+00:00,42.87,42.88,42.28,42.28,399.0,,,,,,,,,,,,,45.90246792619772,46.1962640906645,,,,,,,,,,,,,,,,,,46.1962640906645,46.04936600843111,,"rgba(239, 83, 80, 1.0)",2.7749126274695737,45.48678648458146,-1.1556351190436243,31.554433973560066,-9.579550576442983,False,True,False,True,False,0.0,0.0,0.0,0.0,0.0,0,0.9927904612256219,0.9389037803863574,False,False,False,False,-0.20695702624723422,-0.17956466022860643,False,False,False,False,37246.0,36787.339513616316,False,False,False,False,1065.418147447793,False,False,False,False
2025-03-31 15:00:00+00:00,42.295,42.92,42.29,42.79,350.0,,,,,,,,,,,,,45.81640284216126,46.171512355573356,,,,,,,,,,,,,,,,,,46.171512355573356,45.99395759886731,,"rgba(239, 83, 80, 1.0)",2.810372137199903,45.47590377843049,-0.9557110757248599,31.89327084761307,-9.660954297061949,False,True,False,True,False,0.0,0.0,0.0,0.0,0.0,0,0.9977351513750866,0.9326091980587011,False,False,False,False,-0.2055351444801599,-0.19254990235438316,False,False,False,False,37596.0,36799.876885498226,False,False,False,False,1054.326393223796,False,False,False,False
2025-03-31 16:00:00+00:00,42.795,43.125,42.63,42.91,200.0,,,,,,,,,,,,,45.772566185093694,46.158408468036974,,,,,,,,,,,,,,,,,,46.158408468036974,45.96548732656534,,"rgba(239, 83, 80, 1.0)",2.84454329841832,45.47134773635926,-0.9004425201695746,32.76948409451752,-9.660954297061949,False,True,False,True,False,0.0,0.0,0.0,0.0,0.0,0,1.0100905318747642,0.9237080347038853,False,False,False,False,-0.19008838683417095,-0.19131914459427707,False,False,False,False,37796.0,36815.32065471531,False,False,False,False,1041.0810227862178,False,False,False,False
2025-03-31 17:00:00+00:00,42.91,43.17,42.9,42.935,387.0,,,,,,,,,,,,,45.694555264561814,46.13421576199245,,,,,,,,,,,,,,,,,,46.13421576199245,45.91438551327713,,"rgba(239, 83, 80, 1.0)",2.8770016345851115,45.46219955454665,-0.8784143617322248,33.50063850276542,-9.660954297061949,False,True,False,True,False,0.0,0.0,0.0,0.0,0.0,0,1.0094027594027595,0.9223681723681723,False,False,False,False,-0.18120160278850403,-0.18626037369139054,False,False,False,False,38183.0,36836.52498564996,False,False,False,False,1030.9402317352685,False,False,False,False
2025-03-31 18:00:00+00:00,42.935,43.335,42.935,43.15,198.0,,,,,,,,,,,,,45.65828145917001,46.12252122168523,,,,,,,,,,,,,,,,,,46.12252122168523,45.89040134042762,,"rgba(239, 83, 80, 0.5)",2.903988907791587,45.457886343631785,-0.7947297379268841,35.31440451165486,-9.660954297061949,False,False,False,True,True,0.0,0.0,0.0,0.0,0.0,0,1.0137135291057833,0.9167257767059156,False,False,False,False,-0.17557394474892601,-0.18091715922015827,False,False,False,False,38381.0,36860.47033470965,False,False,False,False,1018.0264296928613,False,False,False,False
2025-03-31 19:00:00+00:00,43.245,43.375,43.12,43.12,605.0,,,,,,,,,,,,,45.556265149953035,46.088113807667305,,,,,,,,,,,,,,,,,,46.088113807667305,45.822189478810174,,"rgba(239, 83, 80, 0.5)",2.9321182224238957,45.44374687610605,-0.7925147282039251,36.40010302226325,-9.660954297061949,False,False,False,True,True,0.0,0.0,0.0,0.0,0.0,0,1.0176361826198264,0.9143791779263261,False,False,False,False,-0.16925594284984888,-0.1750865510350036,False,False,False,False,37776.0,36874.66459308624,False,False,False,False,1011.6229191549875,False,False,False,False
2025-04-01 14:00:00+00:00,43.21,43.56,42.89,43.47,2.0,,,,,,,,,,,,,45.555955948044804,46.088005373409736,,,,,,,,,,,,,,,,,,46.088005373409736,45.82198066072727,,"rgba(239, 83, 80, 0.5)",2.952390045705678,45.44370335271939,-0.6685103669111027,39.39663698560297,-9.660954297061949,False,False,False,True,True,0.0,0.0,0.0,0.0,0.0,0,1.0136208853575481,0.9135925085130532,False,False,False,False,-0.17051845723407147,-0.17280250413453752,False,False,False,False,37778.0,36888.66979319343,False,False,False,False,995.9698506409567,False,False,False,False
2025-04-01 15:00:00+00:00,43.44,43.9,43.33,43.46,242.0,,,,,,,,,,,,,45.523358457829154,46.07615199311913,,,,,,,,,,,,,,,,,,46.07615199311913,45.799755225474144,,"rgba(239, 83, 80, 0.5)",2.975450101464701,45.40719305578161,-0.654419664044469,41.340539698844324,-14.577255562053068,True,False,False,True,True,0.0,0.0,0.0,0.0,0.0,0,1.015030486363851,0.9140237273715554,False,False,False,False,-0.14870737502544984,-0.16075493957999368,False,False,False,False,37536.0,36898.705920430744,False,False,False,False,984.2803955922597,False,False,False,False
2025-04-01 16:00:00+00:00,43.49,43.73,43.35,43.465,200.0,,,,,,,,,,,,,45.49656784277107,46.06625267341784,,,,,,,,,,,,,,,,,,46.06625267341784,45.78141025809445,,"rgba(239, 83, 80, 0.5)",2.99620079704552,45.402654349778736,-0.646703769550227,42.672910573483264,-13.002397405368065,True,False,False,True,True,0.0,0.0,0.0,0.0,0.0,0,1.013641332762964,0.9212415038737582,False,False,False,False,-0.15289029705410476,-0.15682261831704922,False,False,False,False,37736.0,36911.68722398996,False,False,False,False,972.121009614085,False,False,False,False
2025-04-01 17:00:00+00:00,43.44,43.53,43.17,43.17,0.0,,,,,,,,,,,,,45.49656784277107,46.06625267341784,,,,,,,,,,,,,,,,,,46.06625267341784,45.78141025809445,,"rgba(239, 83, 80, 0.5)",3.018660004907014,45.402654349778736,-0.7396176933306234,41.79344851283636,-13.002397405368065,True,False,False,True,True,0.0,0.0,0.0,0.0,0.0,0,1.0053771115869619,0.9249583630739946,False,False,False,False,-0.1635111837525378,-0.1601669010347935,False,False,False,False,37736.0,36924.46726702888,False,False,False,False,957.0493660541766,False,False,False,False
2025-04-01 18:00:00+00:00,43.19,43.21,42.92,43.145,0.0,,,,,,,,,,,,,45.49656784277107,46.06625267341784,,,,,,,,,,,,,,,,,,46.06625267341784,45.78141025809445,,"rgba(239, 83, 80, 0.5)",3.040075645099627,45.402654349778736,-0.7426309780869768,41.059963228415945,-13.002397405368065,False,False,False,True,True,0.0,0.0,0.0,0.0,0.0,0,1.0035715986475546,0.9263298252297728,False,False,False,False,-0.17951212865592805,-0.16983951484536078,False,False,False,False,37736.0,36937.04916986564,False,False,False,False,942.21139138667,False,False,False,False
2025-04-01 19:00:00+00:00,43.15,43.55,43.145,43.53,707.0,,,,,,,,,,,,,45.40253078556263,46.0304259213361,,,,,,,,,,,,,,,,,,46.0304259213361,45.71647835344936,,"rgba(239, 83, 80, 0.5)",3.055082411415529,45.382822009965544,-0.6064720228306588,43.80116245098388,-11.110415756521192,True,False,False,True,True,0.0,0.0,0.0,0.0,0.0,0,1.0130006691520888,0.919558359621451,False,False,False,False,-0.16365117113274344,-0.1667453429890521,False,False,False,False,38443.0,36960.397244751446,False,False,False,False,938.564703148117,False,False,False,False
2025-04-02 14:00:00+00:00,43.08,43.29,42.91,43.04,0.0,,,,,,,,,,,,,45.40253078556263,46.0304259213361,,,,,,,,,,,,,,,,,,46.0304259213361,45.71647835344936,,"rgba(239, 83, 80, 0.5)",3.0750055328449424,45.382822009965544,-0.7618919657025808,42.56007622751469,-11.110415756521192,True,False,False,True,True,0.0,0.0,0.0,0.0,0.0,0,1.0109496031366547,0.9159892894711676,False,False,False,False,-0.17754235545547065,-0.1721438492222614,False,False,False,False,38443.0,36983.383333980106,False,False,False,False,924.0133124016346,False,False,False,False
2025-04-02 15:00:00+00:00,43.02,43.215,42.83,43.155,0.0,,,,,,,,,,,,,45.40253078556263,46.0304259213361,,,,,,,,,,,,,,,,,,46.0304259213361,45.71647835344936,,"rgba(239, 83, 80, 0.5)",3.0902511632959913,45.382822009965544,-0.7209193985350365,42.67146912307775,-11.110415756521192,True,False,False,True,True,0.0,0.0,0.0,0.0,0.0,0,1.0171692396479586,0.9098735151252825,False,False,False,False,-0.2139550466626061,-0.19304944794243373,False,False,False,False,38443.0,37006.013049732355,False,False,False,False,909.687524612462,False,False,False,False
2025-04-02 16:00:00+00:00,43.165,43.69,43.115,43.55,140.0,,,,,,,,,,,,,45.385288299663294,46.023561128963756,,,,,,,,,,,,,,,,,,46.023561128963756,45.704424714313525,,"rgba(239, 83, 80, 0.5)",3.0971302497285707,45.37972046688692,-0.5907793083766111,45.67146043575902,-8.737100621023288,True,False,False,True,True,0.0,0.0,0.0,0.0,0.0,0,1.0178260027126527,0.9157624491377641,False,False,False,False,-0.2078897892279128,-0.20046961858517326,False,False,False,False,38583.0,37030.46245981402,False,False,False,False,897.7543846959896,False,False,False,False
2025-04-02 17:00:00+00:00,43.56,43.775,43.03,43.04,0.0,,,,,,,,,,,,,45.385288299663294,46.023561128963756,,,,,,,,,,,,,,,,,,46.023561128963756,45.704424714313525,,"rgba(239, 83, 80, 0.5)",3.061562858269466,45.37972046688692,-0.7642242133187621,44.52795408388062,-8.737100621023288,True,False,False,True,True,0.0,0.0,0.0,0.0,0.0,1,1.0119537337269517,0.9166626336930747,False,False,False,False,-0.2482438894516857,-0.22435675401842947,False,False,False,False,38583.0,37054.532809274264,False,False,False,False,883.835712065044,False,False,False,False
2025-04-02 18:00:00+00:00,43.04,43.175,42.84,43.06,110.0,,,,,,,,,,,,,45.36901044932079,46.017302391478964,,,,,,,,,,,,,,,,,,46.017302391478964,45.69315642039987,,"rgba(239, 83, 80, 0.5)",3.0030477191685727,45.37436281143955,-0.7706713405407718,43.91940100072741,-8.737100621023288,True,False,False,True,True,0.0,0.0,0.0,0.0,0.0,1,1.0047252533125488,0.9309236165237723,False,False,False,False,-0.28477989246317387,-0.2545683232408017,False,False,False,False,38693.0,37079.935401378534,False,False,False,False,871.8382591648108,False,False,False,False
2025-04-02 19:00:00+00:00,43.14,43.38,43.055,43.3,366.0,,,,,,,,,,,,,45.32136471357359,45.9981819837815,,,,,,,,,,,,,,,,,,45.9981819837815,45.65977334867755,,"rgba(239, 83, 80, 0.5)",2.92973704812755,45.362562139351404,-0.7040093037256121,45.37274234398245,-8.628101031145917,True,False,False,True,True,0.0,0.0,0.0,0.0,0.0,1,1.0033211233211234,0.928156288156288,False,False,False,False,-0.29465660222396345,-0.2746124627323826,False,False,False,False,39059.0,37110.618573450185,False,False,False,False,863.9958055343485,False,False,False,False
2025-04-03 14:00:00+00:00,42.285,42.73,41.91,41.96,1831.0,,,,,,,,,,,,,45.00642456971767,45.87150211908145,,,,,,,,,,,,,,,,,,45.87150211908145,45.43896334439956,,"rgba(239, 83, 80, 0.5)",2.867373774093694,45.246112561190145,-1.146035647978542,40.235601282815445,-5.494539876469396,False,False,False,True,False,0.0,0.0,0.0,0.0,0.0,0,0.9883388977597136,0.9326946339575167,False,False,False,False,-0.34282825441539394,-0.30872035857388824,False,False,False,False,37228.0,37112.43844052847,False,False,False,False,878.9881186268392,False,False,False,False
2025-04-03 15:00:00+00:00,41.98,42.495,41.855,42.47,761.0,,,,,,,,,,,,,44.896424441153655,45.82230600621642,,,,,,,,,,,,,,,,,,45.82230600621642,45.35936522368504,,"rgba(239, 83, 80, 0.5)",2.788862569656738,45.21129884036663,-0.9829451154002327,40.07353550797512,-5.639023529478749,False,False,False,True,False,0.0,0.0,0.0,0.0,0.0,0,0.9899180844360429,0.9365033202462312,False,False,False,False,-0.34282825441539394,-0.3257743064946411,False,False,False,False,37989.0,37126.02854222571,False,False,False,False,877.158845469834,False,False,False,False
2025-04-03 16:00:00+00:00,42.48,42.65,42.335,42.385,29.0,,,,,,,,,,,,,44.89268821178997,45.820553320883015,,,,,,,,,,,,,,,,,,45.820553320883015,45.35662076633649,,"rgba(239, 83, 80, 1.0)",2.700268171533736,45.21019833931246,-1.0462658372585893,39.62716449446884,-6.20100252216443,False,True,False,True,False,0.0,0.0,0.0,0.0,0.0,0,0.9933049300060864,0.9526780279975653,False,False,False,False,-0.31994355512256434,-0.32285893080860273,False,False,False,False,37960.0,37138.95833226872,False,False,False,False,864.009095927666,False,False,False,False
2025-04-03 17:00:00+00:00,42.365,42.49,42.14,42.285,19.0,,,,,,,,,,,,,44.89009451712738,45.81935427025927,,,,,,,,,,,,,,,,,,45.81935427025927,45.354724393693324,,"rgba(239, 83, 80, 1.0)",2.6404289390138733,45.20939218837691,-1.1075443634052475,38.90749658328525,-7.089566068239144,False,True,False,True,False,0.0,0.0,0.0,0.0,0.0,0,0.9841334418226202,0.9541293734743692,False,False,False,False,-0.3326960088930161,-0.3277774698508094,False,False,False,False,37941.0,37151.393086807184,False,False,False,False,850.9081797117332,False,False,False,False
2025-04-03 18:00:00+00:00,42.295,42.385,41.965,42.285,500.0,,,,,,,,,,,,,44.82126156455592,45.787261402790875,,,,,,,,,,,,,,,,,,45.787261402790875,45.3042614836734,,"rgba(239, 83, 80, 1.0)",2.575489043038381,45.18743487239825,-1.1269451447458554,38.42771797582952,-7.789577515218646,False,True,False,True,False,0.0,0.0,0.0,0.0,0.0,0,0.9765788800818207,0.9642546663257477,False,False,False,False,-0.34282825441539394,-0.3353028621331017,False,False,False,False,37941.0,37163.63505445358,False,False,False,False,845.4677428169775,False,False,False,False
2025-04-03 19:00:00+00:00,42.285,42.435,41.995,42.29,491.0,,,,,,,,,,,,,44.757723216523786,45.75654241184286,,,,,,,,,,,,,,,,,,45.75654241184286,45.25713281418332,,"rgba(239, 83, 80, 1.0)",2.5107687760617843,45.167337689898844,-1.145998674721467,38.150896812795395,-8.33097375960265,False,True,False,True,False,0.0,0.0,0.0,0.0,0.0,0,0.9730283023696198,0.9629970827575616,False,False,False,False,-0.33992648796565866,-0.33761467504938014,False,False,False,False,38432.0,37183.29962725275,False,False,False,False,839.9721188973344,False,False,False,False
2025-04-04 14:00:00+00:00,35.33,35.46,32.36,33.87,4510.0,,,,,,,,,,,,,42.7548870125799,44.88266906831351,,,,,,,,,,,,,,,,,,44.88266906831351,43.8187780404467,,"rgba(239, 83, 80, 1.0)",2.7380080465665184,44.29859610415821,-3.8088259518578638,27.985788603121925,-17.78962437747677,False,True,False,True,False,0.0,0.0,0.0,0.0,0.0,0,0.9399319632788107,0.9697562794165616,False,False,False,False,-0.34282825441539394,-0.340221464732387,False,False,False,False,33922.0,37132.7368423341,False,False,False,False,896.8717759686936,False,False,False,False
2025-04-04 15:00:00+00:00,33.86,35.53,33.74,34.31,3469.0,,,,,,,,,,,,,41.73276797011148,44.32721701686844,,,,,,,,,,,,,,,,,,44.32721701686844,43.02999249348996,,"rgba(239, 83, 80, 1.0)",2.906374117954096,43.878998975133776,-3.292418177006663,22.585724770137737,-22.366532449187005,False,True,False,True,False,0.0,0.0,0.0,0.0,0.0,0,0.9520210167304235,0.9732221044384014,False,False,False,False,-0.31401592097577063,-0.3271186928540788,False,False,False,False,37391.0,37136.74092229791,False,False,False,False,936.7497329304192,False,False,False,False
2025-04-04 16:00:00+00:00,34.31,34.53,33.85,33.95,1150.0,,,,,,,,,,,,,41.431275909111754,44.14872187704134,,,,,,,,,,,,,,,,,,44.14872187704134,42.78999889307654,,"rgba(239, 83, 80, 1.0)",3.068679084610226,43.75113562004805,-3.193926555957532,18.8303525307417,-25.421457488655122,False,True,False,True,False,0.0,0.0,0.0,0.0,0.0,0,0.9497285152593147,1.0032765399737875,False,False,False,False,-0.33163805857242035,-0.32937837571324957,False,False,False,False,36241.0,37122.85346613826,False,False,False,False,940.0559386214205,False,False,False,False
2025-04-04 17:00:00+00:00,34.03,34.255,33.33,34.21,1255.0,,,,,,,,,,,,,41.12096600837427,43.957576647486164,,,,,,,,,,,,,,,,,,43.957576647486164,42.539271327930216,,"rgba(239, 83, 80, 1.0)",3.2113387977405616,43.61683220843473,-2.9292556160854786,17.246842178891065,-26.62825819659095,False,True,False,True,False,0.0,0.0,0.0,0.0,0.0,0,0.9421954522108605,0.9962179576971564,False,False,False,False,-0.34282825441539394,-0.3361033150643218,False,False,False,False,37496.0,37128.63868371751,False,False,False,False,944.9387922862047,False,False,False,False
2025-04-04 18:00:00+00:00,34.23,34.44,33.615,33.825,892.0,,,,,,,,,,,,,40.91638663805528,43.826381802846186,,,,,,,,,,,,,,,,,,43.826381802846186,42.371384220450736,,"rgba(239, 83, 80, 1.0)",3.335157730916187,43.52660419971089,-2.90888916880276,15.959814756199066,-27.79048468988899,False,True,False,True,False,0.0,0.0,0.0,0.0,0.0,0,0.948288725170195,0.9924461438030402,False,False,False,False,-0.3334902621182032,-0.3347967885912625,False,False,False,False,36604.0,37120.50475063662,False,False,False,False,944.1180358166512,False,False,False,False
2025-04-04 19:00:00+00:00,33.87,34.55,33.695,34.35,2580.0,,,,,,,,,,,,,40.40363399698252,43.47430587446023,,,,,,,,,,,,,,,,,,43.47430587446023,41.938969935721374,,"rgba(239, 83, 80, 1.0)",3.4261060882476833,43.29271323268329,-2.6101682208145314,17.131628242665606,-27.79048468988899,False,True,False,True,False,0.0,0.0,0.0,0.0,0.0,0,0.9478337754199825,0.9923681883754478,False,False,False,False,-0.3297312752608031,-0.3322640319260328,False,False,False,False,39184.0,37152.49692504535,False,False,False,False,969.4805468892612,False,False,False,False
2025-04-07 14:00:00+00:00,32.415,34.575,31.81,31.82,16169.0,,,,,,,,,,,,,37.92236162250861,41.472024626300595,,,,,,,,,,,,,,,,,,41.472024626300595,39.697193124404606,,"rgba(239, 83, 80, 1.0)",3.607914169940517,41.97289267920953,-2.814061588215919,16.121307226270694,-27.862642666250654,False,True,False,True,False,0.0,0.0,0.0,0.0,0.0,0,0.9364861777473156,0.9886680374685854,False,False,False,False,-0.34282825441539394,-0.3375461431707134,False,False,False,False,23015.0,36933.310926207436,False,False,False,False,1205.132011278575,False,False,False,False
2025-04-07 15:00:00+00:00,31.82,32.04,29.61,29.61,4393.0,,,,,,,,,,,,,37.316128299457375,40.93917041646546,,,,,,,,,,,,,,,,,,40.93917041646546,39.12764935796142,,"rgba(239, 83, 80, 1.0)",3.8547747658579743,41.610014088083986,-3.113026004623928,14.445012333146035,-29.727608549712777,False,True,False,True,False,0.0,0.0,0.0,0.0,0.0,0,0.9175146330481766,1.0119315623592977,False,False,False,False,-0.34282825441539394,-0.3401871987930537,False,False,False,False,18622.0,36649.41463277786,False,False,False,False,1254.5563211812328,False,False,False,False
2025-04-07 16:00:00+00:00,29.61,29.61,28.41,28.44,9003.0,,,,,,,,,,,,,36.109042024365614,39.84937835642253,,,,,,,,,,,,,,,,,,39.84937835642253,37.97921019039407,,"rgba(239, 83, 80, 1.0)",4.1257807156359405,40.851717464237844,-3.008331833342413,12.910635768716828,-31.46239205620069,False,True,False,True,False,0.0,0.0,0.0,0.0,0.0,0,0.899846056325274,1.0485375350901023,False,False,False,False,-0.34282825441539394,-0.3415077266042238,False,False,False,False,9619.0,36230.338436920836,False,False,False,False,1374.687230930361,False,False,False,False
2025-04-07 17:00:00+00:00,29.52,30.32,29.05,30.32,1239.0,,,,,,,,,,,,,35.98990426733946,39.72771642758013,,,,,,,,,,,,,,,,,,39.72771642758013,37.858810347459794,,"rgba(239, 83, 80, 0.75)",4.3444635856278895,40.76804345005552,-2.404909891434964,16.97547485915564,-31.46239205620069,False,True,False,True,True,0.0,0.0,0.0,0.0,0.0,0,0.9094026349034472,1.0274318715033386,False,False,False,False,-0.3215779555309113,-0.33154284106756754,False,False,False,False,10858.0,35836.96884875152,False,False,False,False,1372.5835529314406,False,False,False,False
2025-04-07 18:00:00+00:00,30.32,30.775,29.53,29.62,907.0,,,,,,,,,,,,,35.90663171230578,39.64121846835835,,,,,,,,,,,,,,,,,,39.64121846835835,37.77392509033207,,"rgba(239, 83, 80, 0.75)",4.574123076494423,40.70851166761653,-2.4241830580813066,19.131224054853742,-36.57127547939207,False,True,False,True,True,0.0,0.0,0.0,0.0,0.0,0,0.9138829022988507,1.0164331896551724,False,False,False,False,-0.3070240732621178,-0.31928345716484263,False,False,False,False,9951.0,35435.63599838328,False,False,False,False,1365.3652032735888,False,False,False,False
2025-04-07 19:00:00+00:00,29.62,30.28,29.38,30.06,4352.0,,,,,,,,,,,,,35.53288986536133,39.243863736552335,,,,,,,,,,,,,,,,,,39.243863736552335,37.388376800956834,,"rgba(239, 83, 80, 0.75)",4.765100419614354,40.43334311425425,-2.176941134662127,21.709896979413266,-34.03669484514447,False,True,False,True,True,0.0,0.0,0.0,0.0,0.0,0,0.9104424144725058,1.0222102812108185,False,False,False,False,-0.31705007123679396,-0.3181667642008183,False,False,False,False,14303.0,35107.998230966485,False,False,False,False,1411.6696187267116,False,False,False,False
2025-04-08 14:00:00+00:00,31.77,31.77,30.435,30.435,1750.0,,,,,,,,,,,,,35.41919240579388,39.108797143041706,,,,,,,,,,,,,,,,,,39.108797143041706,37.263994774417796,,"rgba(239, 83, 80, 0.75)",4.9262212488673995,40.340474585326135,-2.010765267110877,24.43154152179401,-31.38557014981912,False,True,False,True,True,0.0,0.0,0.0,0.0,0.0,0,0.9120255409719759,1.0132582476055336,False,False,False,False,-0.2778266021463373,-0.2979966831735778,False,False,False,False,16053.0,34812.57190180421,False,False,False,False,1416.9150509945146,False,False,False,False
2025-04-08 15:00:00+00:00,30.54,30.66,29.87,30.0,189.0,,,,,,,,,,,,,35.4053934034306,39.093245974427944,,,,,,,,,,,,,,,,,,39.093245974427944,37.249319688929276,,"rgba(239, 83, 80, 0.75)",5.085522972212472,40.329639804489005,-2.031185359092983,25.738750238359614,-30.021530540161002,False,True,False,True,True,0.0,0.0,0.0,0.0,0.0,0,0.9089824065069404,1.0202015736893288,False,False,False,False,-0.30354075953596277,-0.3007687213547703,False,False,False,False,15864.0,34518.7955932491,False,False,False,False,1397.8776083434368,False,False,False,False
2025-04-08 16:00:00+00:00,29.95,30.06,28.64,28.64,700.0,,,,,,,,,,,,,35.3446466680459,39.02930496570745,,,,,,,,,,,,,,,,,,39.02930496570745,37.186975816876675,,"rgba(239, 83, 80, 0.75)",5.273236772899823,40.28448067902028,-2.2082226117483477,25.17431440909463,-30.021530540161002,False,True,False,True,True,0.0,0.0,0.0,0.0,0.0,0,0.9098531544597537,1.0227973168963016,False,False,False,False,-0.33208822639705365,-0.316428473875912,False,False,False,False,15164.0,34218.721242966174,False,False,False,False,1387.0578004621432,False,False,False,False
2025-04-08 17:00:00+00:00,28.68,28.8,27.73,28.28,1323.0,,,,,,,,,,,,,35.21786878510413,38.90057744538595,,,,,,,,,,,,,,,,,,38.90057744538595,37.05922311524504,,"rgba(239, 83, 80, 0.75)",5.479675242727951,40.1926569931383,-2.173971351486117,24.451082344326537,-30.021530540161002,False,True,False,True,True,0.0,0.0,0.0,0.0,0.0,0,0.9004174120453191,1.0426585936424935,False,False,False,False,-0.34282825441539394,-0.329628364145653,False,False,False,False,13841.0,33902.78758028453,False,False,False,False,1386.0646562689317,False,False,False,False
2025-04-08 18:00:00+00:00,28.29,28.8,28.02,28.02,433.0,,,,,,,,,,,,,35.17741555684233,38.85915210367648,,,,,,,,,,,,,,,,,,38.85915210367648,37.018283830259406,,"rgba(239, 83, 80, 0.75)",5.676077043487294,40.16306224066693,-2.139340630444724,23.708402063993475,-30.021530540161002,False,True,False,True,True,0.0,0.0,0.0,0.0,0.0,0,0.9030377556132443,1.021359930773785,False,False,False,False,-0.3383803727549771,-0.33400436845031506,False,False,False,False,13408.0,33585.03893562895,False,False,False,False,1371.288460047708,False,False,False,False
2025-04-08 19:00:00+00:00,27.97,28.03,26.94,27.81,1170.0,,,,,,,,,,,,,35.059779887137495,38.74165546463188,,,,,,,,,,,,,,27.593333333333334,,,,38.74165546463188,36.90071767588469,27.593333333333334,"rgba(239, 83, 80, 1.0)",5.8578422933135705,39.32223153946905,-1.9652682614227563,22.991445461540337,-30.021530540161002,False,True,False,True,False,0.0,0.0,0.0,0.0,0.0,0,0.8949207934274434,1.0334528618764465,True,False,False,False,-0.34282825441539394,-0.3384163114328545,False,False,False,False,12238.0,33254.07709166571,False,False,False,False,1368.167708729139,True,False,False,False
2025-04-09 14:00:00+00:00,29.57,29.715,27.88,27.88,600.0,,,,,,,,,,,,,35.007947503869055,38.68712554603867,,,,,,,,,,,,,,27.89785310734463,,,,38.68712554603867,36.84753652495387,27.89785310734463,"rgba(239, 83, 80, 1.0)",6.022615552240566,39.299485376675264,-1.8961006688243494,22.80385117575222,-30.021530540161002,False,True,False,True,False,0.0,0.0,0.0,0.0,0.0,0,0.9074389806173726,1.0129217516152187,False,False,False,False,-0.3042497310813598,-0.32133302125710717,False,False,False,False,12838.0,32937.548764663145,False,False,False,False,1356.2581318496173,False,False,False,False
2025-04-09 15:00:00+00:00,27.87,28.59,27.87,28.085,301.0,,,,,,,,,,,,,34.98102942846165,38.659162517796666,,,,,,,,,,,,,,27.939102687912442,,,,38.659162517796666,36.820095973129156,27.939102687912442,"rgba(239, 83, 80, 1.0)",6.17294647402446,39.28200502996893,-1.8138833824471876,23.591458856584914,-30.021530540161002,False,True,False,True,False,0.0,0.0,0.0,0.0,0.0,0,0.908494971264368,1.0234374999999998,False,False,False,False,-0.3208165665439828,-0.32107479390054494,False,False,False,False,13139.0,32630.59452024976,False,False,False,False,1339.8975406581503,False,False,False,False
2025-04-09 16:00:00+00:00,28.09,29.14,28.02,29.03,700.0,,,,,,,,,,,,,34.92422549503239,38.59807770053523,,,,,,,,,,,,,,28.138896306989054,,,,38.59807770053523,36.76115159778381,28.138896306989054,"rgba(239, 83, 80, 0.5)",6.28774217057311,39.249479497254164,-1.6253019319210866,27.97607451842584,-26.00162540260077,False,False,False,True,True,0.0,0.0,0.0,0.0,0.0,0,0.9028080697928027,1.0336695747001088,False,False,False,False,-0.3105795489929275,-0.3158271714467362,False,False,False,False,13839.0,32339.251969548215,False,False,False,False,1329.9766485549233,False,False,False,False
2025-04-09 17:00:00+00:00,29.02,31.03,28.86,30.905,1481.0,,,,,,,,,,,,,34.836337973753835,38.4910079469739,,,,,,,,,,,,,,28.879432423957354,,,,38.4910079469739,36.66367296036387,28.879432423957354,"rgba(239, 83, 80, 0.5)",6.349871026568484,39.2130881374867,-1.3083869109663555,36.31185283610199,-18.384820002555756,True,False,False,True,True,0.0,0.0,0.0,0.0,0.0,0,0.9085850199703811,1.012924651079298,False,False,False,False,-0.271230002688166,-0.2935285870674511,False,False,False,False,15320.0,32075.38759792731,False,False,False,False,1332.3180958641492,False,False,False,False
2025-04-09 18:00:00+00:00,30.905,31.32,30.04,30.09,2938.0,,,,,,,,,,,,,34.67932175991293,38.29197114544029,,,,,,,,,,,,,,29.534823365785815,,,,38.29197114544029,36.48564645267661,29.534823365785815,"rgba(239, 83, 80, 0.5)",6.42397144149014,39.10890208112515,-1.4039449214975148,39.899281861339546,-15.428409633579577,True,False,False,True,True,0.0,0.0,0.0,0.0,0.0,0,0.9184629803186506,1.0102200205292988,False,False,False,False,-0.2503836114261448,-0.271956099246798,False,False,False,False,12382.0,31770.063759199755,False,False,False,False,1357.2123889515267,False,False,False,False
2025-04-09 19:00:00+00:00,30.09,31.57,29.97,31.235,2412.0,,,,,,,,,,,,,34.57134298399375,38.14464882462511,,,,,,,,,,,,,,29.884032493230574,,,,38.14464882462511,36.35799590430943,29.884032493230574,"rgba(239, 83, 80, 0.5)",6.470187731378364,39.02473938444221,-1.2039433333076939,44.93471928388894,-11.087260233495641,True,False,False,True,True,0.0,0.0,0.0,0.0,0.0,0,0.9219876985707334,1.0042922253197042,False,False,False,False,-0.24784591875857712,-0.25990100900268753,False,False,False,False,14794.0,31506.868972235417,False,False,False,False,1373.5656852468517,False,False,False,False
2025-04-10 14:00:00+00:00,31.18,32.47,31.06,31.71,1275.0,,,,,,,,,,,,,34.529041516909814,38.07772377600385,,,,,,,,,,,,,,30.10237013882504,,,,38.07772377600385,36.30338264645683,30.10237013882504,#000000,6.5009017960712185,38.989757117445265,-1.119807273791575,49.27207776532929,-7.387102753881827,True,False,False,False,True,0.0,0.0,0.0,0.0,0.0,0,0.928168517539221,1.0028203772254538,False,False,False,False,-0.21999011351104153,-0.23994556125686453,False,False,False,False,16069.0,31267.522166464325,False,False,False,False,1372.0375350879858,False,False,False,False
2025-04-10 15:00:00+00:00,31.66,31.8,30.71,30.86,100.0,,,,,,,,,,,,,34.52504598887822,38.07202294195924,,,,,,,,,,,,,,30.111671069812637,,,,38.07202294195924,36.298534465418726,30.111671069812637,#000000,6.541590851916199,38.98626536839715,-1.2422460457025921,49.91738723591063,-6.947765650759166,True,False,False,False,True,0.0,0.0,0.0,0.0,0.0,0,0.9214689513125028,1.008457864060651,False,False,False,False,-0.23422340412056936,-0.23708448268871696,False,False,False,False,15969.0,31030.33577628658,False,False,False,False,1352.3160229160792,False,False,False,False
2025-04-10 16:00:00+00:00,30.8,31.27,30.14,31.19,1000.0,,,,,,,,,,,,,34.48262409456003,38.01343757029761,,,,,,,,,,,,,,30.174708190698837,,,,38.01343757029761,36.248030832428825,30.174708190698837,"rgba(38, 166, 154, 1.0)",6.569486059813958,38.94854507579331,-1.180997266019471,51.133752343140756,-5.710253253958818,True,False,True,False,True,0.0,0.0,0.0,0.0,0.0,0,0.927490570224096,1.011005103172842,False,False,False,False,-0.24967838116237434,-0.24338143192554565,False,False,False,False,16969.0,30812.33057045268,False,False,False,False,1346.8537589948996,False,False,False,False
2025-04-10 17:00:00+00:00,31.19,31.71,30.52,31.62,600.0,,,,,,,,,,,,,34.460518858871325,37.98076425356086,,,,,,,,,,,,,,30.227596406138186,,,,37.98076425356086,36.220641556216094,30.227596406138186,"rgba(38, 166, 154, 1.0)",6.590076874833559,38.92845192955427,-1.1090086001066344,52.96882374457289,-3.771394503460968,True,False,True,False,True,0.0,0.0,0.0,0.0,0.0,0,0.9311624618919279,1.0030044625104932,False,False,False,False,-0.238146708570159,-0.24076407024785232,False,False,False,False,17569.0,30607.00761587202,False,False,False,False,1335.274630948467,False,False,False,False
2025-04-10 18:00:00+00:00,31.69,32.53,31.66,32.09,711.0,,,,,,,,,,,,,34.441294551241796,37.9470879592384,,,,,,,,,,,,,,30.327426249247438,,,,37.9470879592384,36.1941912552401,30.327426249247438,"rgba(38, 166, 154, 1.0)",6.606668599376073,38.910230884119606,-1.0323252606864068,55.27974621897491,-1.3555316431757376,True,False,True,False,True,0.0,0.0,0.0,0.0,0.0,0,0.9359499581516233,0.9993832870798641,False,False,False,False,-0.2108272057379827,-0.22579563799291752,False,False,False,False,18280.0,30415.891218726716,False,False,False,False,1325.5959544996533,False,False,False,False
2025-04-10 19:00:00+00:00,32.12,32.38,29.68,30.45,4700.0,,,,,,,,,,,,,34.25764214246227,37.68802609819121,,,,,,,,,,,,,,30.460483285153064,,,,37.68802609819121,35.97283412032674,30.460483285153064,"rgba(38, 166, 154, 0.75)",6.641413105359119,38.73353224556985,-1.2472544794549316,52.26744817328762,-1.3555316431757376,True,False,True,False,False,0.0,0.0,0.0,0.0,0.0,0,0.9211197027949375,0.9987040476910448,False,False,False,False,-0.2405322229684004,-0.23316393048065898,False,False,False,False,13580.0,30154.869649444132,False,False,False,False,1377.9122962903564,False,False,False,False
2025-04-11 14:00:00+00:00,30.96,31.235,30.25,30.335,1626.0,,,,,,,,,,,,,34.194403941411466,37.59987909502447,,,,,,,,,,,,,,30.472601883008732,,,,37.59987909502447,35.897141518217964,30.472601883008732,#000000,6.674178526905677,38.670962864999844,-1.2489870972727204,49.98687930964226,-1.3555316431757376,True,False,False,False,False,0.0,0.0,0.0,0.0,0.0,0,0.9262068965517242,1.0112931034482757,False,False,False,False,-0.24862099157564505,-0.240892461028152,False,False,False,False,11954.0,29872.68562387135,False,False,False,False,1381.7586172781027,False,False,False,False
2025-04-11 15:00:00+00:00,30.32,30.71,29.985,30.41,950.0,,,,,,,,,,,,,34.156072625011,37.54766616505543,,,,,,,,,,,,,,30.46778496401478,,,,37.54766616505543,35.85186939503322,30.46778496401478,#000000,6.705511507452387,38.633081173430895,-1.226316764096506,48.699322345200954,-1.3555316431757376,True,False,False,False,False,0.0,0.0,0.0,0.0,0.0,0,0.9201512742275132,1.017147277493661,False,False,False,False,-0.2597867082232655,-0.25033958462570877,False,False,False,False,12904.0,29609.605226602027,False,False,False,False,1375.0646852272794,False,False,False,False
2025-04-11 16:00:00+00:00,30.41,31.37,30.36,31.34,400.0,,,,,,,,,,,,,34.14291331058022,37.52789186417733,,,,,,,,,,,,,,30.478385009222155,,,,37.52789186417733,35.83540258737877,30.478385009222155,#000000,6.716958360867025,38.619392552382386,-1.0837334640619631,50.56152631393467,-1.3555316431757376,True,False,False,False,False,0.0,0.0,0.0,0.0,0.0,0,0.9320094970861214,1.0124757176775305,False,False,False,False,-0.24517063215337806,-0.2477551083895434,False,False,False,False,13304.0,29356.805145569437,False,False,False,False,1359.947403285771,False,False,False,False
2025-04-11 17:00:00+00:00,31.37,31.69,31.11,31.59,100.0,,,,,,,,,,,,,34.14010231663609,37.52330014537085,,,,,,,,,,,,,,30.48306098873275,,,,37.52330014537085,35.831701231003464,30.48306098873275,"rgba(38, 166, 154, 1.0)",6.714156161049187,38.616333966707614,-1.0464954639377415,52.47052760505243,-1.3555316431757376,True,False,True,False,True,0.0,0.0,0.0,0.0,0.0,1,0.9289994395827048,1.009699530111652,False,False,False,False,-0.23016743183096605,-0.23896127011025473,False,False,False,False,13404.0,29109.474833235025,False,False,False,False,1340.4133350177747,False,False,False,False
2025-04-11 18:00:00+00:00,31.61,31.89,31.53,31.7,64.0,,,,,,,,,,,,,34.138469634863576,37.52048294737904,,,,,,,,,,,,,,30.486767480752242,,,,37.52048294737904,35.82947629112131,30.486767480752242,"rgba(38, 166, 154, 1.0)",6.702992190529996,38.614503243191976,-1.0315547216302599,54.05244252529798,-1.3555316431757376,True,False,True,False,True,0.0,0.0,0.0,0.0,0.0,1,0.9321733874449531,1.0093256195492615,False,False,False,False,-0.22152076584187722,-0.23024101797606597,False,False,False,False,13468.0,28866.971347448434,False,False,False,False,1320.6239809864912,False,False,False,False
2025-04-11 19:00:00+00:00,31.69,32.47,31.655,32.32,1085.0,,,,,,,,,,,,,34.11608746052479,37.47673153186964,,,,,,,,,,,,,,30.56792711475262,,,,37.47673153186964,35.796409496197214,30.56792711475262,"rgba(38, 166, 154, 1.0)",6.686113146590388,38.58732009650626,-0.9373637506721386,56.79868223448781,1.0418132340314727,True,False,True,False,True,0.0,0.0,0.0,0.0,0.0,1,0.9341397270888039,1.0030562610305194,False,False,False,False,-0.2117280423515636,-0.22098453016381478,False,False,False,False,14553.0,28645.049311053885,False,False,False,False,1316.9708960099565,False,False,False,False
2025-04-14 14:00:00+00:00,35.47,35.67,34.89,35.03,460.0,,,,,,,,,,,,35.196666666666665,34.1212153458367,37.46888600067322,,,,,,,,,,,,,,30.66183706023317,,,,37.46888600067322,35.59558933772553,30.66183706023317,"rgba(38, 166, 154, 1.0)",6.645111139330467,38.238677369947595,-0.48286286002898765,63.26015792861679,7.139851687144358,True,False,True,False,True,0.0,0.0,0.0,0.0,0.0,0,0.941325346943941,0.9991141856835534,False,False,False,False,-0.1239331720822185,-0.17245885112301665,False,False,False,True,15013.0,28433.69970933212,False,False,False,False,1303.6845255291819,False,False,False,True
2025-04-14 15:00:00+00:00,35.03,35.08,33.85,33.86,325.0,,,,,,,,,,,,34.810254777070064,34.121690246318266,37.46111191950849,,,,,,,,,,,,,,30.712732194103836,,,,37.46111191950849,35.464352314298935,30.712732194103836,"rgba(38, 166, 154, 1.0)",6.608951428326719,38.21681673071288,-0.6592296490543214,63.713578635217225,7.56014273849334,True,False,True,False,True,0.0,0.0,0.0,0.0,0.0,0,0.9315488696529122,1.0036977897302293,False,False,False,False,-0.14594099019623358,-0.15919992065962513,False,False,False,False,14688.0,28220.58808593162,False,False,False,False,1288.5111220326053,False,False,False,False
2025-04-14 16:00:00+00:00,33.8,34.25,33.8,33.97,100.0,,,,,,,,,,,,34.71945386064031,34.12157210256201,37.45853608977704,,,,,,,,,,,,,,30.726992885386903,,,,37.45853608977704,35.43318735099312,30.726992885386903,"rgba(38, 166, 154, 1.0)",6.564957876400938,38.21128599235691,-0.6460492317251677,64.20218555634497,8.224823424016343,True,False,True,False,True,0.0,0.0,0.0,0.0,0.0,0,0.9284428056937061,1.022680500771737,False,False,False,False,-0.15787978042452253,-0.1585398505420738,False,False,False,False,14788.0,28012.330906304775,False,False,False,False,1270.084593008844,False,False,False,False
2025-04-14 17:00:00+00:00,34.26,34.5,34.03,34.27,100.0,,,,,,,,,,,,34.6734856175973,34.12172098010447,37.45615782480193,,,,,,,,,,,,,,30.742251415351895,,,,37.45615782480193,35.41712147416789,30.742251415351895,"rgba(38, 166, 154, 1.0)",6.467601172608568,38.20819158680975,-0.608910704557461,65.06456075111456,9.352742793815075,True,False,True,False,True,0.0,0.0,0.0,0.0,0.0,0,0.9319086977003127,1.0150314761680441,False,False,False,False,-0.15136239250865413,-0.15495112152536397,False,False,False,False,14888.0,27808.852907757413,False,False,False,False,1251.943746605606,False,False,False,False
2025-04-14 18:00:00+00:00,34.27,34.3,34.025,34.08,102.0,,,,,,,,,,,,34.622956148420734,34.1217348633163,37.45363565181567,,,,,,,,,,,,,,30.757103791130184,,,,37.45363565181567,35.39944222118424,30.757103791130184,"rgba(38, 166, 154, 1.0)",6.369692245807963,38.204744825068545,-0.6475579456422142,64.92947414652727,9.602568519079696,True,False,True,False,True,0.0,0.0,0.0,0.0,0.0,0,0.9339055793991419,1.016008583690987,False,False,False,False,-0.15414426770823111,-0.15454769461679754,False,False,False,False,14786.0,27606.94821151311,False,False,False,False,1234.1151613869145,False,False,False,False
2025-04-14 19:00:00+00:00,34.09,34.285,33.77,33.78,401.0,,,,,,,,,,,,34.440254256272404,34.12101141258857,37.44319150094398,,,,,,,,,,,,,,30.81104018114566,,,,37.44319150094398,35.33481905660165,30.81104018114566,"rgba(38, 166, 154, 1.0)",6.273602398467234,38.1913633615721,-0.7031627255577886,63.68390627863855,9.602568519079696,True,False,True,False,True,0.0,0.0,0.0,0.0,0.0,0,0.9286601825271006,1.0177385492094775,False,False,False,False,-0.15781182330138072,-0.15617975895908914,False,False,False,False,14385.0,27401.956766373372,False,False,False,False,1221.1986472568847,False,False,False,False
2025-04-15 14:00:00+00:00,33.65,33.81,33.13,33.46,700.0,,,,,,,,,,,,34.12877742230347,34.11636888231202,37.42263536981925,,,,,,,,,,,,,,30.887223064628493,,,,37.42263536981925,35.22259389147825,30.887223064628493,"rgba(38, 166, 154, 0.75)",6.17802884319806,38.165703814884964,-0.7616836914035922,61.62057647751669,9.602568519079696,True,False,True,False,False,0.0,0.0,0.0,0.0,0.0,0,0.9219010205388789,1.0229300994918653,False,False,False,False,-0.17300329846114695,-0.16459152871011806,False,False,False,False,13685.0,27189.290769995492,False,False,False,False,1213.1180480746075,False,False,False,False
2025-04-15 15:00:00+00:00,33.46,33.91,33.46,33.85,222.0,,,,,,,,,,,,34.092964730290454,34.11552391354181,37.41660783229501,,,,,,,,,,,,,,30.91294358932705,,,,37.41660783229501,35.20836549204242,30.91294358932705,"rgba(38, 166, 154, 0.75)",6.068576399990552,38.16114233246249,-0.7104042279947567,61.329411707119746,9.602568519079696,True,False,True,False,False,0.0,0.0,0.0,0.0,0.0,0,0.9231130063965887,1.0238805970149252,False,False,False,False,-0.1671357062697206,-0.16586361748991935,False,False,False,False,13907.0,26983.36378131339,False,False,False,False,1197.751876786629,False,False,False,False
2025-04-15 16:00:00+00:00,33.86,34.03,33.53,33.58,147.0,,,,,,,,,,,,34.07114000782167,34.11492690840916,37.412598601680145,,,,,,,,,,,,,,30.92956277755349,,,,37.412598601680145,35.19955517263699,30.92956277755349,"rgba(38, 166, 154, 0.75)",5.956129295875716,38.15817870059296,-0.7686499861181817,59.99619218791685,9.602568519079696,True,False,True,False,False,0.0,0.0,0.0,0.0,0.0,0,0.9198832447503705,1.031323516598414,False,False,False,False,-0.16454670034210908,-0.16520515891601423,False,False,False,False,13760.0,26778.35038935504,False,False,False,False,1181.4611500147432,False,False,False,False
2025-04-15 17:00:00+00:00,33.58,33.725,33.505,33.63,0.0,,,,,,,,,,,,34.07114000782167,34.11492690840916,37.412598601680145,,,,,,,,,,,,,,30.92956277755349,,,,37.412598601680145,35.19955517263699,30.92956277755349,"rgba(38, 166, 154, 0.75)",5.894564401759153,38.15817870059296,-0.7681956446589313,59.2721437287576,13.27795815929612,True,False,True,False,False,0.0,0.0,0.0,0.0,0.0,0,0.9128448427341418,1.043050430504305,False,False,False,False,-0.16904481449351122,-0.16712498670476272,False,False,False,False,13760.0,26576.515499597597,False,False,False,False,1163.1439228827317,False,False,False,False
2025-04-15 18:00:00+00:00,33.63,33.67,33.51,33.59,0.0,,,,,,,,,,,,34.07114000782167,34.11492690840916,37.412598601680145,,,,,,,,,,,,,,30.92956277755349,,,,37.412598601680145,35.19955517263699,30.92956277755349,"rgba(38, 166, 154, 0.75)",5.833367575446452,38.15817870059296,-0.7831117517471607,58.590567431805326,12.34542422820931,True,False,True,False,False,0.0,0.0,0.0,0.0,0.0,0,0.907267839040945,1.0434131076733217,False,False,False,False,-0.16972693407984554,-0.16842596039230412,False,False,False,False,13760.0,26377.809832937168,False,False,False,False,1145.1106837682707,False,False,False,False
2025-04-15 19:00:00+00:00,33.54,33.65,33.39,33.475,200.0,,,,,,,,,,,,34.03007072905332,34.11369760122006,37.406851372485576,,,,,,,,,,,,,,30.95019102923508,,,,37.406851372485576,35.183539900919655,30.95019102923508,"rgba(38, 166, 154, 0.75)",5.770653488530085,38.15325745731744,-0.8106980373394579,57.52013545575867,11.071228292065058,True,False,True,False,False,0.0,0.0,0.0,0.0,0.0,0,0.9027777777777779,1.0449735449735449,False,False,False,False,-0.17163770359625743,-0.1700318319942808,False,False,False,False,13560.0,26179.08409909318,False,False,False,False,1130.4578049501579,False,False,False,False
2025-04-16 14:00:00+00:00,31.7,32.0,31.655,31.94,101.0,,,,,,,,,,,,33.95355843247026,34.1114111431026,37.40273824308205,,,,,,,,,,,,,,30.953876391049416,,,,37.40273824308205,35.1559026062183,30.953876391049416,#000000,5.714842558502222,38.14674901599842,-1.0860752422241908,50.77801067933802,4.730863345371759,True,False,False,False,False,0.0,0.0,0.0,0.0,0.0,0,0.8995388096066831,1.046641141663766,False,False,False,False,-0.2182519660587143,-0.19414189902649753,False,False,False,False,13459.0,25981.87349290569,False,False,False,False,1114.4972188268996,False,False,False,False
2025-04-16 15:00:00+00:00,31.955,32.21,31.9,31.945,100.0,,,,,,,,,,,,33.88813500112689,34.10930610869742,37.39878444201308,,,,,,,,,,,,,,30.958105293128334,,,,37.39878444201308,35.132075183945794,30.958105293128334,"rgba(239, 83, 80, 0.5)",5.650727045623767,38.140937031307956,-1.0964849268567007,46.308245160902985,0.8070865631643827,False,False,False,True,False,0.0,0.0,0.0,0.0,0.0,0,0.9020205539104685,1.0453753701445738,False,False,False,False,-0.20524545502591254,-0.19969367702620505,False,False,False,False,13559.0,25789.270803093194,False,False,False,False,1098.7685797753197,False,False,False,False
2025-04-16 16:00:00+00:00,31.95,32.055,31.875,31.88,156.0,,,,,,,,,,,,33.79037358167416,34.10590276940999,37.39253465014902,,,,,,,,,,,,,,30.964132677906317,,,,37.39253465014902,35.096270333744386,30.964132677906317,"rgba(239, 83, 80, 0.5)",5.58381659492551,38.13199362488714,-1.1196631405424127,43.11439122711409,-1.8979028421503799,False,False,False,True,False,0.0,0.0,0.0,0.0,0.0,0,0.9115613086266514,1.045438425392322,False,False,False,False,-0.20786688510342405,-0.20378028106481455,False,False,False,False,13403.0,25597.235596843686,False,False,False,False,1084.15201264702,False,False,False,False
2025-04-16 17:00:00+00:00,31.88,31.94,31.305,31.32,500.0,,,,,,,,,,,,33.47649603394208,34.09299294953776,37.37108291495846,,,,,,,,,,,,,,30.974926304513364,,,,37.37108291495846,34.980190632812764,30.974926304513364,"rgba(239, 83, 80, 1.0)",5.540329158920879,38.10180350706349,-1.224079528947052,39.23755567876216,-5.2736897746730875,False,True,False,True,False,0.0,0.0,0.0,0.0,0.0,0,0.9010520708483154,1.0488302925378434,False,False,False,False,-0.2176123840127518,-0.21069633253878317,False,False,False,False,12903.0,25400.425742629057,False,False,False,False,1075.0953922959034,False,False,False,False
2025-04-16 18:00:00+00:00,31.38,31.385,30.965,30.965,0.0,,,,,,,,,,,,33.47649603394208,34.09299294953776,37.37108291495846,,,,,,,,,,,,,,30.974926304513364,,,,37.37108291495846,34.980190632812764,30.974926304513364,"rgba(239, 83, 80, 1.0)",5.486345924529672,38.10180350706349,-1.300830025163844,35.68330139854201,-8.371397694603118,False,True,False,True,False,0.0,0.0,0.0,0.0,0.0,0,0.8978293746107999,1.0525753936482518,False,False,False,False,-0.23077258637781128,-0.22073445945829723,False,False,False,False,12903.0,25206.667203983645,False,False,False,False,1058.4272466789125,False,False,False,False
2025-04-16 19:00:00+00:00,30.965,31.595,30.94,31.46,1527.0,,,,,,,,,,,,32.839430396161575,34.05149764634488,37.304432230461245,,,,,,,,,,,,,31.331666666666674,30.9948408520387,,,,37.304432230461245,34.731786757655904,31.163253759352685,"rgba(239, 83, 80, 1.0)",5.420372355149433,37.47475409559573,-1.1096569942988552,36.32780866860957,-8.371397694603118,False,True,False,True,False,0.0,0.0,0.0,0.0,0.0,0,0.8981847232701613,1.0481558741289778,False,False,False,False,-0.22804601693744633,-0.2243902381978718,False,False,False,False,14430.0,25039.587092293976,False,False,False,False,1065.691940528852,False,False,False,False
2025-04-17 14:00:00+00:00,32.33,32.38,31.735,31.77,0.0,,,,,,,,,,,,32.839430396161575,34.05149764634488,37.304432230461245,,,,,,,,,,,,,31.331666666666674,30.9948408520387,,,,37.304432230461245,34.731786757655904,31.163253759352685,"rgba(239, 83, 80, 0.75)",5.34628399362962,37.47475409559573,-1.0670503292367641,38.46028730671415,-8.371397694603118,False,True,False,True,True,0.0,0.0,0.0,0.0,0.0,0,0.9011517585278673,1.0419663739464278,False,False,False,False,-0.20455048963734704,-0.21447036391760943,False,False,False,False,14430.0,24875.097369932828,False,False,False,False,1049.169584861738,False,False,False,False
2025-04-17 15:00:00+00:00,31.75,31.99,31.73,31.775,200.0,,,,,,,,,,,,32.80169350308931,34.047137127797164,37.296533084113946,,,,,,,,,,,,,31.389570546226604,31.00091493068157,,,,37.296533084113946,34.715121238333474,31.195242738454088,"rgba(239, 83, 80, 0.75)",5.2621336678897155,37.47076652167564,-1.0824062787367066,39.91026520851486,-8.371397694603118,False,True,False,True,True,0.0,0.0,0.0,0.0,0.0,0,0.9019833031494325,1.0453641945315606,False,False,False,False,-0.20920537569247621,-0.21183786980504282,False,False,False,False,14630.0,24716.25865101914,False,False,False,False,1036.0041649414009,False,False,False,False
2025-04-17 16:00:00+00:00,31.81,31.99,31.66,31.755,200.0,,,,,,,,,,,,32.765597966672686,34.04273489192768,37.28861346919754,,,,,,,,,,,,,31.432341290434188,31.006685282601907,,,,37.28861346919754,34.69898210926597,31.219513286518048,"rgba(239, 83, 80, 0.75)",5.172934080384143,37.46606964420279,-1.1040290781704076,40.78227511454877,-8.371397694603118,False,True,False,True,True,0.0,0.0,0.0,0.0,0.0,0,0.9048231796601145,1.0458357367883924,False,False,False,False,-0.21023993116727824,-0.21103890048616053,False,False,False,False,14430.0,24556.781772708764,False,False,False,False,1023.0428600585884,False,False,False,False
2025-04-17 17:00:00+00:00,31.78,31.845,31.635,31.8,10.0,,,,,,,,,,,,32.763786404851984,34.04251114922815,37.28821508522126,,,,,,,,,,,,,31.434032868697305,31.006956610478795,,,,37.28821508522126,34.69817087976713,31.220494739588048,"rgba(239, 83, 80, 0.75)",5.068800169878656,37.46580939320449,-1.117781171740318,41.67992328367046,-13.891202437022407,False,True,False,True,True,0.0,0.0,0.0,0.0,0.0,0,0.9042401567789062,1.0454747906645288,False,False,False,False,-0.21275427531052815,-0.21189658789834434,False,False,False,False,14440.0,24399.932442899324,False,False,False,False,1007.3367692049668,False,False,False,False
2025-04-17 18:00:00+00:00,31.78,32.21,31.765,31.9,109.0,,,,,,,,,,,,32.74827502944641,34.04028686170458,37.28403207689814,,,,,,,,,,,,,31.46196480938417,31.010677059041605,,,,37.28403207689814,34.69086465601638,31.236320934212888,"rgba(239, 83, 80, 0.75)",4.9571999461698155,37.46381163104751,-1.1223698239863005,43.02524108258751,-12.283965872631754,False,True,False,True,True,0.0,0.0,0.0,0.0,0.0,0,0.9030464754280634,1.0414943295530352,False,False,False,False,-0.2047246401390227,-0.2083106140186835,False,False,False,False,14549.0,24247.204808125687,False,False,False,False,993.4090673568277,False,False,False,False
2025-04-17 19:00:00+00:00,31.87,31.95,31.52,31.52,547.0,,,,,,,,,,,,32.6526631222813,34.027624406332905,37.261981742593754,,,,,,,,,,,,,31.504444015940358,31.02323874032372,,,,37.261981742593754,34.64742309040265,31.26384137813204,"rgba(239, 83, 80, 0.75)",4.840207260471812,37.44692171887253,-1.2245181662519942,41.71395082949927,-12.283965872631754,False,True,False,True,True,0.0,0.0,0.0,0.0,0.0,0,0.904651783331851,1.0413145957484657,False,False,False,False,-0.2122246029721226,-0.21026760849540305,False,False,False,False,14002.0,24088.364423503583,False,False,False,False,986.4879965450939,False,False,False,False
2025-04-18 14:00:00+00:00,31.52,31.52,31.52,31.52,0.0,,,,,,,,,,,,32.6526631222813,34.027624406332905,37.261981742593754,,,,,,,,,,,,,31.504444015940358,31.02323874032372,,,,37.261981742593754,34.64742309040265,31.26384137813204,"rgba(239, 83, 80, 0.75)",4.722986707734964,37.44692171887253,-1.2549096759399831,40.83975732744044,-12.283965872631754,False,True,False,True,True,0.0,0.0,0.0,0.0,0.0,0,0.9026362823949956,1.0478552278820377,False,False,False,False,-0.21827808221112083,-0.21427284535326194,False,False,False,False,14002.0,23931.986680503524,False,False,False,False,971.1936090017591,False,False,False,False
2025-04-18 15:00:00+00:00,31.52,31.52,31.52,31.52,0.0,,,,,,,,,,,,32.6526631222813,34.027624406332905,37.261981742593754,,,,,,,,,,,,,31.504444015940358,31.02323874032372,,,,37.261981742593754,34.64742309040265,31.26384137813204,"rgba(239, 83, 80, 1.0)",4.598171573551765,37.44692171887253,-1.2889735896249734,40.25696165940122,-12.283965872631754,False,True,False,True,False,0.0,0.0,0.0,0.0,0.0,0,0.9024718496254096,1.0470593513077027,False,False,False,False,-0.19804941093925812,-0.20616112814626003,False,False,False,False,14002.0,23778.03339863525,False,False,False,False,956.1363437459179,False,False,False,False
2025-04-18 16:00:00+00:00,31.52,31.52,31.52,31.52,0.0,,,,,,,,,,,,32.6526631222813,34.027624406332905,37.261981742593754,,,,,,,,,,,,,31.504444015940358,31.02323874032372,,,,37.261981742593754,34.64742309040265,31.26384137813204,"rgba(239, 83, 80, 1.0)",4.452819323521629,37.44692171887253,-1.331049227073752,39.86843121404174,-12.283965872631754,False,True,False,True,False,0.0,0.0,0.0,0.0,0.0,0,0.9106703209922424,1.0461281181771729,False,False,False,False,-0.1968206521328689,-0.20149089013956445,False,False,False,False,14002.0,23626.46698935408,False,False,False,False,941.3125244630354,False,False,False,False
2025-04-18 17:00:00+00:00,31.52,31.52,31.52,31.52,0.0,,,,,,,,,,,,32.6526631222813,34.027624406332905,37.261981742593754,,,,,,,,,,,,,31.504444015940358,31.02323874032372,,,,37.261981742593754,34.64742309040265,31.26384137813204,"rgba(239, 83, 80, 1.0)",4.31197557197777,37.44692171887253,-1.374525810718829,39.60941091713542,-12.283965872631754,False,True,False,True,False,0.0,0.0,0.0,0.0,0.0,0,0.9109105364074267,1.042136276481317,False,False,False,False,-0.1968206521328689,-0.19915577113621669,False,False,False,False,14002.0,23477.250446883474,False,False,False,False,926.7185318357015,False,False,False,False
2025-04-18 18:00:00+00:00,31.52,31.52,31.52,31.52,0.0,,,,,,,,,,,,32.6526631222813,34.027624406332905,37.261981742593754,,,,,,,,,,,,,31.504444015940358,31.02323874032372,,,,37.261981742593754,34.64742309040265,31.26384137813204,"rgba(239, 83, 80, 1.0)",4.156888262514006,37.44692171887253,-1.425807321385166,39.436730719197875,-12.283965872631754,False,True,False,True,False,0.0,0.0,0.0,0.0,0.0,0,0.9105507818002537,1.0395830398647696,False,False,False,False,-0.1968206521328689,-0.19798821163454278,False,False,False,False,14002.0,23330.347339179854,False,False,False,False,912.3508026599542,False,False,False,False
2025-04-18 19:00:00+00:00,31.52,31.52,31.52,31.52,0.0,,,,,,,,,,,,32.6526631222813,34.027624406332905,37.261981742593754,,,,,,,,,,,,,31.504444015940358,31.02323874032372,,,,37.261981742593754,34.64742309040265,31.26384137813204,"rgba(239, 83, 80, 1.0)",3.9757021511418915,37.44692171887253,-1.490786153879816,39.32161058723951,-12.283965872631754,False,True,False,True,False,0.0,0.0,0.0,0.0,0.0,0,0.9095190994300789,1.0395176864019595,False,False,False,False,-0.1968206521328689,-0.19740443188370582,False,False,False,False,14002.0,23185.72179903753,False,False,False,False,898.2058289753037,False,False,False,False
2025-04-21 14:00:00+00:00,30.85,31.215,30.66,31.165,379.0,,,,,,,,,,,,32.55832574147181,34.01653944304291,37.2450428912365,,,,,,,,,,,,31.01333333333333,31.441815836698073,31.023108383392945,,,31.01333333333333,37.2450428912365,34.6066360252504,31.159419184474785,"rgba(239, 83, 80, 1.0)",3.7999133679076507,36.860104070981436,-1.4987457659113255,36.17086474290241,-10.800189589891119,False,True,False,True,False,0.0,1.0,31.215,30.66,0.0,0,0.9034056307677893,1.040239846348433,True,False,False,False,-0.2172602791825265,-0.20733235553311616,False,False,False,False,13623.0,23037.46254633927,False,False,False,False,890.1561262004927,False,False,False,False
2025-04-21 15:00:00+00:00,31.175,31.235,30.855,30.93,566.0,,,,,,,,,,,,32.43552945563013,34.00009966932368,37.21988976114321,,,,,,,,,,,,31.009340388007057,31.372201808931603,31.022791475112097,,,31.009340388007057,37.21988976114321,34.55183962869901,31.134777890683583,"rgba(239, 83, 80, 1.0)",3.609141386749652,36.83396616229807,-1.6358367627196526,32.582549591894704,-14.173847709326196,False,True,False,True,False,0.0,0.0,0.0,0.0,0.0,0,0.9055225069089887,1.0406108014426905,False,False,False,False,-0.21347517333871965,-0.2104037644359179,True,False,False,False,13057.0,22882.726692907654,False,False,False,False,885.1304498252913,False,False,False,False
2025-04-21 16:00:00+00:00,30.93,31.25,30.885,31.07,446.0,,,,,,,,,,,,32.355275511099414,33.987535600353624,37.20040718963995,,,,,,,,,,,,31.0282554517134,31.338184404283805,31.0234728232308,,,31.0282554517134,37.20040718963995,34.51440610036433,31.129970893076003,"rgba(239, 83, 80, 1.0)",3.3888532834243823,36.81660047755983,-1.6957359900080957,32.45387978471532,-14.28201414353233,False,True,False,True,False,0.0,0.0,0.0,0.0,0.0,0,0.9094998803541516,1.0386695381670255,False,False,False,False,-0.2126837073389317,-0.2115437358874248,False,False,False,False,13503.0,22737.304573637768,False,False,False,False,878.3222257969921,False,False,False,False
2025-04-21 17:00:00+00:00,31.06,31.105,30.895,30.93,368.0,,,,,,,,,,,,32.291588835885854,33.976926640495364,37.18418564214433,,,,,,,,,,,,31.017462573431878,31.30761488970589,31.022902073185552,,,31.017462573431878,37.18418564214433,34.48423370617518,31.115993178774442,"rgba(239, 83, 80, 1.0)",3.2044318297244176,36.80077789120308,-1.832080756640085,31.37108643795694,-15.373970239782082,False,True,False,True,False,0.0,0.0,0.0,0.0,0.0,0,0.9062214748979102,1.0441988950276242,False,False,False,False,-0.21505889710509762,-0.21330131649626122,True,False,False,False,13135.0,22588.431634511602,False,False,False,False,870.4102533040154,False,False,False,False
2025-04-21 18:00:00+00:00,30.93,31.38,30.93,31.24,540.0,,,,,,,,,,,,32.221231679598716,33.962556852098835,37.161322187806476,,,,,,,,,,,,31.05642308249964,31.29389615699101,31.025722245732826,,,31.05642308249964,37.161322187806476,34.44837023983468,31.12534716174116,"rgba(239, 83, 80, 0.75)",2.976728111912788,36.783830648003665,-1.862390665045088,35.083999585041795,-18.40617315936275,False,True,False,True,True,0.0,0.0,0.0,0.0,0.0,0,0.9035518336702281,1.0447107517566656,False,False,False,False,-0.2096082684118224,-0.2114547924540418,False,False,False,False,13675.0,22450.238895992043,False,False,False,False,865.2876137179067,False,False,False,False
2025-04-21 19:00:00+00:00,31.24,31.55,31.24,31.54,179.0,,,,,,,,,,,,32.20519900211092,33.95826866934834,37.15410972917107,,,,,,,,,,,,31.084371805219263,31.299171103661344,31.028141573348872,,,31.084371805219263,37.15410972917107,34.43919246687678,31.13722816074316,"rgba(239, 83, 80, 0.75)",2.7252605247806194,36.78014569212359,-1.9228054141889486,40.81415505609992,-13.259973155806136,False,True,False,True,True,0.0,0.0,0.0,0.0,0.0,0,0.9025270758122743,1.0440914560770156,False,False,False,False,-0.20119261909478786,-0.20632370577441483,False,False,False,False,13854.0,22316.963874348756,False,False,False,False,854.6474956757686,False,False,False,False
2025-04-22 14:00:00+00:00,32.95,33.185,32.89,33.01,100.0,,,,,,,,,,,,32.214568772528935,33.957385195881926,37.15120445743257,,,,,,,,,,,,31.159777605378846,31.332610713595052,31.03459422113255,,,31.159777605378846,37.15120445743257,34.44105280861448,31.175660846702147,"rgba(38, 166, 154, 1.0)",2.4485545598234144,36.78456252093362,-1.541547238876244,52.32680210976988,-3.109357178227903,True,False,True,False,True,0.0,0.0,0.0,0.0,0.0,0,0.9095671222439163,1.039478070384304,False,False,False,False,-0.14428296742987523,-0.17530333660214503,False,False,False,False,13954.0,22187.305519707686,False,False,False,False,842.9475345025008,False,False,False,False
2025-04-22 15:00:00+00:00,33.01,33.32,32.98,33.32,500.0,,,,,,,,,,,,32.26799353796446,33.953836001349,37.13736494515004,,,,,,,,,,,,31.49228070175438,31.497842238288374,31.069073750714338,,,31.49228070175438,37.13736494515004,34.4530648281545,31.353065563585698,"rgba(38, 166, 154, 1.0)",2.13181237025719,36.805228886135055,-1.634866620890554,60.84743288247242,3.9049570000255898,True,False,True,False,True,0.0,0.0,0.0,0.0,0.0,0,0.9127161846681593,1.0345895469055217,False,False,False,False,-0.14042282697520692,-0.15786308178867597,False,False,False,False,14454.0,22067.409310099814,False,False,False,False,837.6305184637024,False,False,False,False
2025-04-22 16:00:00+00:00,33.5,34.61,33.5,34.075,1455.0,,,,,,,,,,,,32.51099115456239,33.95529937010716,37.10628002176454,,,,,,,,,,,,32.31700088241782,32.02132870240435,31.2012080842412,,,32.31700088241782,37.10628002176454,34.5241901821447,31.846512556354455,"rgba(38, 166, 154, 1.0)",1.7622146258010054,36.87263770563788,-1.5875692237920358,68.14900375744105,9.790027202347844,True,False,True,False,True,0.0,0.0,0.0,0.0,0.0,0,0.9134182731018804,1.0289868801212523,False,False,False,False,-0.10951096386663327,-0.13368702282765463,False,False,False,False,15909.0,21971.93009598974,False,False,False,False,847.2021383324821,False,False,False,False
2025-04-22 17:00:00+00:00,34.09,34.24,33.41,33.515,800.0,,,,,,,,,,,,32.594920132871174,33.95356898179868,37.08757597946095,,,,,,,,,,,,32.52771391961998,32.192949995794436,31.260946977552614,,,32.52771391961998,37.08757597946095,34.545355031376936,31.993870297655672,"rgba(38, 166, 154, 1.0)",1.7566268428053962,36.887394365030374,-1.9198126106535744,68.7391202400857,9.790027202347844,True,False,True,False,True,0.0,0.0,0.0,0.0,0.0,0,0.9140956694027739,1.0305689215963771,False,False,False,False,-0.1173449819620657,-0.12551600239486016,False,False,False,False,15109.0,21865.52807899765,False,False,False,False,846.4703222343041,False,False,False,False
2025-04-22 18:00:00+00:00,33.51,33.92,33.51,33.77,660.0,,,,,,,,,,,,32.65650642076503,33.95223144450377,37.07235301128874,,,,,,,,,,,,32.660486957005396,32.311358218805815,31.308364377802963,,,32.660486957005396,37.07235301128874,34.56036362551918,32.093403184538055,"rgba(38, 166, 154, 1.0)",1.7466167218289654,36.89597751645498,-1.7897329605213066,69.87045830560504,10.722766179676555,True,False,True,False,True,0.0,0.0,0.0,0.0,0.0,0,0.9156961667216745,1.0324862086849922,False,False,False,False,-0.1210967021860507,-0.12330635229045543,False,False,False,False,15769.0,21771.00826381939,False,False,False,False,843.5793094864854,False,False,False,False
2025-04-22 19:00:00+00:00,33.755,33.84,33.56,33.71,1583.0,,,,,,,,,,,,32.77673619676413,33.94865792345764,37.03607499818603,,,,,,,,,,,,32.87838899155227,32.5280458583276,31.4136881875764,,,32.87838899155227,37.03607499818603,34.5871563728026,32.27337434581876,"rgba(38, 166, 154, 1.0)",1.7425305379462548,36.906366157248435,-1.8343243275470333,70.16522597770391,11.25316313486293,True,False,True,False,True,0.0,0.0,0.0,0.0,0.0,0,0.9167098750883808,1.0317228376148952,False,False,False,False,-0.1216085610166557,-0.12245745665355556,False,False,False,False,14186.0,21653.41123647335,False,False,False,False,855.0431961611135,False,False,False,False
2025-04-23 14:00:00+00:00,36.2,36.62,35.725,36.06,504.0,,,,,,,,,,,36.135000000000005,32.89520508154266,33.95860651914184,37.032996321203235,,,,,,,,,,,,33.08152413366337,32.69837330959743,31.478881095890415,,,33.08152413366337,37.032996321203235,35.00545198047194,32.41959284638374,"rgba(38, 166, 154, 1.0)",1.7919335950331976,36.63088922480707,-0.31858838206361767,74.8177915700604,15.947757422873408,True,False,True,False,True,4.460200681781405,0.0,0.0,0.0,0.0,0,0.9192221047308169,1.0222518504896325,False,False,False,False,-0.037889731695215915,-0.08017359417438574,False,False,False,False,14690.0,21545.451372341977,False,True,False,False,849.600665988073,False,True,False,False
2025-04-23 15:00:00+00:00,36.06,36.16,35.31,35.46,820.0,,,,,,,,,,,35.830493454179255,33.04437203503894,33.970987444098924,37.02531407023882,,,,,,,,,,,,33.31755599250936,32.90848966037298,31.57038299392641,,,33.31755599250936,37.02531407023882,34.967791750888985,32.59880954893625,"rgba(38, 166, 154, 1.0)",1.8282660100770882,36.64668257190771,-0.6490754438177592,74.66511522733363,16.161513176979994,True,False,True,False,True,2.5445607698519375,0.0,0.0,0.0,0.0,0,0.9158592321755029,1.0261425959780623,False,False,False,False,-0.052631656220190705,-0.06640262519728822,False,False,False,False,13870.0,21426.452126259155,False,False,False,False,849.1417409339944,False,False,False,False
2025-04-23 16:00:00+00:00,35.37,35.54,35.22,35.51,500.0,,,,,,,,,,,35.71888157894737,33.12058659575831,33.977466445398136,37.0199322278363,,,,,,,,,,,,33.42956542553192,33.01333597376247,31.62132099418298,,,33.42956542553192,37.0199322278363,34.95921671198503,32.68807413115912,"rgba(38, 166, 154, 1.0)",1.8558836922821624,36.655768413433734,-0.6173708073401922,74.65532263106431,16.72540194507124,True,False,True,False,True,2.692791583515362,0.0,0.0,0.0,0.0,0,0.919408197022606,1.0335416283771364,False,False,False,False,-0.06461019935511796,-0.06550641227620309,False,False,False,False,14370.0,21317.049767712502,False,False,False,False,843.7286906869556,False,False,False,False
2025-04-23 17:00:00+00:00,35.535,35.68,35.32,35.605,16.0,,,,,,,,,,,35.717282608695655,33.12305927158676,33.97768875765336,37.019772609194156,,,,,,,,,,,,33.433143054375535,33.01669567268993,31.62297600169152,,,33.433143054375535,37.019772609194156,34.95945081178248,32.690938242918996,"rgba(38, 166, 154, 1.0)",1.910073445595002,36.65616884048597,-0.5503290163580722,74.83893541247362,17.575006348970106,True,False,True,False,True,2.9784568553553967,0.0,0.0,0.0,0.0,0,0.9232330688318878,1.0282339915113492,False,False,False,False,-0.06055921341967422,-0.06303281284793866,False,False,False,False,14386.0,21209.591631778974,False,False,False,False,830.8956877305686,False,False,False,False
2025-04-23 18:00:00+00:00,35.59,35.69,35.34,35.34,0.0,,,,,,,,,,,35.717282608695655,33.12305927158676,33.97768875765336,37.019772609194156,,,,,,,,,,,,33.433143054375535,33.01669567268993,31.62297600169152,,,33.433143054375535,37.019772609194156,34.95945081178248,32.690938242918996,"rgba(38, 166, 154, 1.0)",1.938003298186921,36.65616884048597,-0.6791365328001726,73.30875395467785,17.575006348970106,True,False,True,False,True,2.1113149907545576,0.0,0.0,0.0,0.0,0,0.9234423280911314,1.0236590877646081,False,False,False,False,-0.060052982447833,-0.06154289764788583,False,False,False,False,14386.0,21103.79951345682,False,False,False,False,818.0135840448233,False,False,False,False
2025-04-23 19:00:00+00:00,35.34,35.46,35.155,35.27,1125.0,,,,,,,,,,,35.557057335581796,33.26895330785766,33.99077786708121,37.00683448576298,,,,,,,,,,,,33.63185181671569,33.21184508400589,31.72900580067248,,,33.63185181671569,37.00683448576298,34.95590574907091,32.85756756713135,"rgba(38, 166, 154, 1.0)",1.9375396932869968,36.67409214039636,-0.7246778712514241,71.83872143915806,17.575006348970106,True,False,True,False,True,1.8808739016446872,0.0,0.0,0.0,0.0,0,0.9216834147690606,1.025260440674841,False,False,False,False,-0.06705868813224873,-0.06430079289006728,False,False,False,False,13261.0,20982.20572255051,False,False,False,False,822.7730633619578,False,False,False,False
2025-04-24 14:00:00+00:00,34.635,35.28,34.63,35.02,335.0,,,,,,,,,,,35.498138888888896,33.30244180374252,33.993686298510895,37.00230973512165,,,,,,,,,,,,33.673274488169675,33.25573959957433,31.756692241788826,,34.97666666666667,33.673274488169675,37.00230973512165,34.94914418156599,32.89523544317761,"rgba(38, 166, 154, 0.75)",1.9612716664320526,36.67609758695413,-0.8443998938540216,69.21281119771858,17.575006348970106,True,False,True,False,False,1.0526041668401902,1.0,35.28,34.63,0.0,0,0.9206940992359384,1.0253613182362147,False,False,False,False,-0.0789754018944194,-0.07163809739224333,False,False,False,False,12926.0,20857.3033082474,False,False,False,False,815.2106902865786,False,False,False,False
2025-04-24 15:00:00+00:00,35.045,35.22,34.89,35.04,44.0,,,,,,,,,,,35.49224232456141,33.3069313559487,33.99409543049799,37.001738398336336,,,,,,,,,,,,33.67882173382174,33.261581933446806,31.76037565666837,,34.98518029903255,33.67882173382174,37.001738398336336,34.94875187733611,32.90025977464564,"rgba(38, 166, 154, 0.75)",1.9732204504174289,36.676484105365724,-0.8293468198241768,67.53919056663656,23.204946754421826,True,False,True,False,False,1.1175809937009475,0.0,0.0,0.0,0.0,0,0.923784977908689,1.0236561119293075,False,False,False,False,-0.07559264538178798,-0.07361537138701565,False,False,False,False,12970.0,20735.019536026506,False,False,False,False,803.2539353984146,False,False,False,False
2025-04-24 16:00:00+00:00,35.04,35.66,35.04,35.525,513.0,,,,,,,,,,,35.48108201538329,33.36804355631141,34.0004531433479,36.996320197969474,,,,,,,,,,,,33.756425114434826,33.340099220495276,31.807333283148918,,35.22854073243647,33.756425114434826,36.996320197969474,34.96147472825302,32.96795253935968,"rgba(38, 166, 154, 0.75)",1.9996489376571815,36.68651107184063,-0.5808574945167486,68.19971155914925,23.204946754421826,True,False,True,False,False,2.689827645148899,0.0,0.0,0.0,0.0,0,0.9280229438430937,1.0243315755389029,False,False,False,False,-0.06562327162894621,-0.06961932150798093,False,False,False,False,13483.0,20622.58512461524,False,False,False,False,798.7538743844857,False,False,False,False
2025-04-24 17:00:00+00:00,35.485,35.61,35.355,35.59,215.0,,,,,,,,,,,35.483048870333995,33.39393615233828,34.00330757433957,36.99421689391932,,,,,,,,,,,,33.78894660027473,33.37298457505325,31.827246056703615,,35.28482384823848,33.78894660027473,36.99421689391932,34.96862737273279,32.996392410677196,"rgba(38, 166, 154, 0.75)",2.0293900761264965,36.691177428496445,-0.5426149666594717,68.86301503695407,23.204946754421826,True,False,True,False,False,2.8996551693025587,0.0,0.0,0.0,0.0,0,0.9203757964745826,1.0320450211618064,False,False,False,False,-0.06114985542293392,-0.06538458846545743,False,False,False,False,13698.0,20515.227215706476,False,False,False,False,789.70342671961,False,False,False,False
2025-04-24 18:00:00+00:00,35.55,35.63,35.44,35.455,18.0,,,,,,,,,,,35.48316014669928,33.39606557377049,34.003544488851205,36.994039883607535,,,,,,,,,,,,33.79159951997257,33.375680155223606,31.82889899216685,,35.2884,33.79159951997257,36.994039883607535,34.96920252323213,32.99872622245434,"rgba(38, 166, 154, 0.75)",2.047627693495769,36.69155562185238,-0.6038967072872992,68.16406259089405,22.791171255549116,True,False,True,False,False,2.42351994927834,0.0,0.0,0.0,0.0,0,0.9230697500932487,1.026249533756061,False,False,False,False,-0.059378055592288745,-0.06238132202887309,False,False,False,False,13680.0,20409.25470073428,False,False,False,False,777.7390325069028,False,False,False,False
2025-04-24 19:00:00+00:00,35.435,35.59,35.36,35.38,866.0,,,,,,,,,,,35.47620090126447,33.490677553053345,34.01436668026469,36.985202844094644,,,,,,,,,,,,33.905739440366006,33.49406611570248,31.905332380998903,,35.3557893855684,33.905739440366006,36.985202844094644,34.991611994669285,33.101712645689126,"rgba(38, 166, 154, 0.75)",2.0344872785264907,36.70709688340066,-0.6523004087603965,67.03972924920119,21.365608518813303,True,False,True,False,False,2.156178130232284,0.0,0.0,0.0,0.0,0,0.9231128550074738,1.0255044843049326,False,False,False,False,-0.06140300073121562,-0.06189216138004436,False,False,False,False,12814.0,20291.49881390119,False,False,False,False,779.1074195998191,False,False,False,False
2025-04-25 14:00:00+00:00,34.965,35.175,34.79,34.91,0.0,,,,,,,,,,,35.47620090126447,33.490677553053345,34.01436668026469,36.985202844094644,,,,,,,,,,,,33.905739440366006,33.49406611570248,31.905332380998903,,35.3557893855684,33.905739440366006,36.985202844094644,34.991611994669285,33.101712645689126,"rgba(38, 166, 154, 0.75)",1.9990092546058027,36.70709688340066,-0.8989937786731476,62.563270126378114,16.970973324660562,True,False,True,False,False,0.48935236467582754,0.0,0.0,0.0,0.0,0,0.9194321619734699,1.0254596229927855,False,False,False,False,-0.078044967294602,-0.06996856433732318,False,False,False,False,12814.0,20175.56859973218,False,False,False,False,767.0282347998219,False,False,False,False
2025-04-25 15:00:00+00:00,34.91,35.03,34.73,34.78,300.0,,,,,,,,,,,35.440268581938106,33.51204404993259,34.01652825511705,36.98098936715178,,,,,,,,,,,,33.92773742726518,33.52037277147488,31.926722865962066,,35.28912119889423,33.92773742726518,36.98098936715178,34.98745756353488,33.12494435490071,"rgba(38, 166, 154, 0.75)",1.94889592675776,36.70756654631134,-0.9890556595898354,58.66828809677561,13.341548684436027,True,False,True,False,False,0.031859184448126854,0.0,0.0,0.0,0.0,0,0.9197036070463228,1.0280548047348306,False,False,False,False,-0.08151364926725223,-0.07574110680228771,False,False,False,False,12514.0,20056.784590434007,False,False,False,False,759.787486973468,False,False,False,False
2025-04-25 16:00:00+00:00,34.78,35.08,34.76,35.035,130.0,,,,,,,,,,,35.42863627924249,33.52185247013407,34.01758698465682,36.97926393646293,,,,,,,,,,,,33.93807359975313,33.532390442515805,31.936246556473836,,35.271358942585714,33.93807359975313,36.97926393646293,34.98683491762408,33.13557019958092,"rgba(38, 166, 154, 0.75)",1.8902199738520413,36.70814444926806,-0.8851585912820494,57.72684900986569,12.477279811912574,True,False,True,False,False,0.9303424939413318,0.0,0.0,0.0,0.0,0,0.9144683489958497,1.0402137098697704,False,False,False,False,-0.08015978898336848,-0.0779504478928281,False,False,False,False,12644.0,19941.857697559062,False,False,False,False,750.023339888608,False,False,False,False
2025-04-25 17:00:00+00:00,35.035,35.31,34.785,34.85,800.0,,,,,,,,,,,35.370832255631,33.58033568698149,34.02421051501595,36.96883221057394,,,,,,,,,,,,33.998738797655385,33.603281361459295,31.994004275125256,,35.19940805132982,33.998738797655385,36.96883221057394,34.9860526670506,33.19867481141332,"rgba(38, 166, 154, 0.5)",1.8239955103073284,36.71204961538915,-1.0208630475605756,55.680455051238084,10.494896954273202,False,False,True,False,False,0.2625863630003522,0.0,0.0,0.0,0.0,0,0.9073659117997613,1.038379022646007,False,False,False,False,-0.07364518711173335,-0.07579781750228072,False,False,False,False,11844.0,19816.309516201556,False,False,False,False,750.7981718283195,False,False,False,False
2025-04-25 18:00:00+00:00,34.85,35.09,34.82,35.015,200.0,,,,,,,,,,,35.35843537947594,33.5941654684582,34.025840770556336,36.966232588410655,,,,,,,,,,,,34.012723344315525,33.619853015201855,32.008071547669616,,35.18628860956835,34.012723344315525,36.966232588410655,34.986168551725285,33.21354930239566,"rgba(38, 166, 154, 0.5)",1.7605945248923043,36.71295134794781,-0.9644193049229612,55.46263352401594,10.147247008284332,False,False,True,False,False,0.8560096990860266,0.0,0.0,0.0,0.0,0,0.9099306054079923,1.040009571667863,False,False,False,False,-0.0730134326961097,-0.07440562509919521,False,False,False,False,12044.0,19695.80859346975,False,False,False,False,742.2586652883455,False,False,False,False
2025-04-25 19:00:00+00:00,35.01,35.26,34.995,35.255,397.0,,,,,,,,,,,35.34740650646224,33.624584913611464,34.02972176179087,36.961595747908945,,,,,,,,,,,,34.044719920143,33.656156009123805,32.03741504788176,,35.184594901344504,34.044719920143,36.961595747908945,34.99082723244338,33.24609699238285,"rgba(38, 166, 154, 0.5)",1.7264054908736253,36.71636926509276,-0.8464808950261442,56.878644681226874,10.147247008284332,False,False,True,False,False,1.7196154341499472,0.0,0.0,0.0,0.0,0,0.9134661430897422,1.0332343645244706,False,False,False,False,-0.06704683073718849,-0.07072622791819186,False,False,False,False,12441.0,19583.330940857813,False,False,False,False,736.905817764495,False,False,False,False
2025-04-28 14:00:00+00:00,35.26,35.45,35.15,35.185,414.0,,,,,,,,,,,35.34247441063406,33.65688957737528,34.0340641016909,36.95703188396397,,,,,,,,,,,,34.078823755048624,33.69443088026412,32.068319133501575,,35.1921345305608,34.078823755048624,36.95703188396397,34.99761499341606,33.280524589604774,"rgba(38, 166, 154, 0.5)",1.7305502822163152,36.720535795497305,-0.8873107076269074,57.164976067622575,10.147247008284332,False,False,True,False,False,1.4545800907820734,0.0,0.0,0.0,0.0,0,0.914836482209648,1.0330871775199,False,False,False,False,-0.05995390055865711,-0.06534006423842448,False,False,False,False,12027.0,19466.178523170092,False,False,False,False,731.8995260162083,False,False,False,False
2025-04-28 15:00:00+00:00,35.185,35.315,34.8,34.975,647.0,,,,,,,,,,,35.316700450450455,33.6979679721336,34.03952019881291,36.94898039203023,,,,,,,,,,,,34.1187336792045,33.742402524102964,32.11202824665451,,35.17063400970144,34.1187336792045,36.94898039203023,35.0007922533568,33.32438814998733,"rgba(38, 166, 154, 0.5)",1.7133088817618438,36.72352908008496,-1.0205568293598613,55.42489429989521,9.59469184600787,False,False,True,False,False,0.6545112001255156,0.0,0.0,0.0,0.0,0,0.9125185646529008,1.0337756910841756,False,False,False,False,-0.022916455072393458,-0.044128259655408966,False,False,False,False,11380.0,19340.811414283737,False,False,False,False,730.5832542950267,False,False,False,False
2025-04-28 16:00:00+00:00,34.975,35.045,34.87,34.975,40.0,,,,,,,,,,,35.314907618806025,33.700303995323154,34.039832982058186,36.94846760968932,,,,,,,,,,,,34.12091893057353,33.74510773832604,32.11462743087208,,35.16894829572406,34.12091893057353,36.94846760968932,35.00087805146917,33.32688469992388,"rgba(38, 166, 154, 0.5)",1.7152330889850655,36.72365040504782,-1.0194826675612507,54.26483978807696,8.287936157915418,False,False,True,False,False,0.6545112001255156,0.0,0.0,0.0,0.0,0,0.9204657588316557,1.0348825735149,False,False,False,False,-0.02697428416490581,-0.03555127191015739,False,False,False,False,11380.0,19217.387981504144,False,False,False,False,719.8765371741734,False,False,False,False
2025-04-28 17:00:00+00:00,34.975,35.2,34.96,35.16,100.0,,,,,,,,,,,35.31229939044756,33.706764980628165,34.04073523566278,36.947279289683756,,,,,,,,,,,,34.12725407026564,33.752608200664724,32.121430612399585,,35.167707378627874,34.12725407026564,36.947279289683756,35.001769724105564,33.33376429444332,"rgba(38, 166, 154, 0.5)",1.7246480904914312,36.724237480271015,-0.906989367219428,55.103090339425876,8.287936157915418,False,False,True,False,False,1.3613654698306235,0.0,0.0,0.0,0.0,0,0.9190391459074735,1.0314353499406879,False,False,False,False,-0.019233619412160615,-0.027392445661159004,False,False,False,False,11480.0,19097.42847791493,False,False,False,False,710.2660482257367,False,False,False,False
2025-04-28 18:00:00+00:00,35.16,35.29,35.115,35.12,200.0,,,,,,,,,,,35.30894407787554,33.72013262317719,34.04265056019455,36.944995306888664,,,,,,,,,,,,34.140550338409476,33.76810857443833,32.1352539233439,,35.16798684294564,34.140550338409476,36.944995306888664,35.00418064203399,33.347970945397236,"rgba(38, 166, 154, 0.5)",1.7196651491569321,36.725654951110045,-0.9337020942113186,55.20980342607206,8.287936157915418,False,False,True,False,False,1.2015197232067507,0.0,0.0,0.0,0.0,0,0.922322887271647,1.0279221743650675,False,False,False,False,-0.014219807178227253,-0.02080612641969313,False,False,False,False,11280.0,18976.22803639687,False,False,False,False,702.354946702857,False,False,False,False
2025-04-28 19:00:00+00:00,35.1,35.305,35.1,35.28,427.0,,,,,,,,,,,35.304946773506764,33.74889040219106,34.046909793496454,36.940284990907266,,,,,,,,,,,,34.16924517617018,33.801309637912674,32.16486239080564,,35.172550773408894,34.16924517617018,36.940284990907266,35.01025799002539,33.378472401629494,"rgba(38, 166, 154, 0.5)",1.7209588386489774,36.72897893898366,-0.8419602528792407,56.723195833773076,8.287936157915418,False,False,True,False,True,1.8267124000707788,0.0,0.0,0.0,0.0,1,0.9221518360882907,1.0261308522221122,False,False,False,False,-0.014219807178227253,-0.01751296679896019,False,False,False,False,11707.0,18863.52682653025,False,False,False,False,698.0858777617274,False,False,False,False
2025-04-29 14:00:00+00:00,35.59,35.77,35.36,35.44,100.0,,,,,,,,,,,35.3074537940535,33.756778918822796,34.04815081926795,36.93937504950154,,,,,,,,,,,,34.1775590962117,33.81043052612994,32.17237457221465,,35.17865558649495,34.1775590962117,36.93937504950154,35.01293964541145,33.3867880648521,"rgba(38, 166, 154, 0.5)",1.729412900952719,36.73029276524414,-0.7460871631831402,59.05294053465166,5.611796327990945,False,False,True,False,True,2.4538384294020155,0.0,0.0,0.0,0.0,1,0.9233731608571147,1.0233040387084031,False,False,False,False,0.0006137612015956169,-0.008449602798682287,False,False,False,False,11807.0,18754.123309839862,False,False,False,False,688.8132284941037,False,False,False,False
2025-04-29 15:00:00+00:00,35.42,35.65,35.4,35.56,0.0,,,,,,,,,,,35.3074537940535,33.756778918822796,34.04815081926795,36.93937504950154,,,,,,,,,,,,34.1775590962117,33.81043052612994,32.17237457221465,,35.17865558649495,34.1775590962117,36.93937504950154,35.01293964541145,33.3867880648521,"rgba(38, 166, 154, 1.0)",1.7436956016894327,36.73029276524414,-0.6711565734926789,61.53377477743417,7.98454003450415,True,False,True,False,True,2.9265678702274975,0.0,0.0,0.0,0.0,0,0.9254735176301864,1.0243311408931308,False,False,False,False,-0.0010229410200224102,-0.004736271909352349,False,False,False,False,11807.0,18646.415971702812,False,False,False,False,678.1339536337299,False,False,False,False
2025-04-29 16:00:00+00:00,35.59,35.69,35.48,35.52,0.0,,,,,,,,,,,35.3074537940535,33.756778918822796,34.04815081926795,36.93937504950154,,,,,,,,,,,,34.1775590962117,33.81043052612994,32.17237457221465,,35.17865558649495,34.1775590962117,36.93937504950154,35.01293964541145,33.3867880648521,"rgba(38, 166, 154, 1.0)",1.7291756433066983,36.73029276524414,-0.6999247126391938,62.568016014410375,8.988148594287587,True,False,True,False,True,2.754232302628843,0.0,0.0,0.0,0.0,0,0.9342427422175584,1.0227851896267426,False,False,False,False,0.001432112997461694,-0.0016520794559453274,False,False,False,False,11807.0,18540.37851477719,False,False,False,False,667.6202489262301,False,False,False,False
2025-04-29 17:00:00+00:00,35.52,35.77,35.5,35.695,59.0,,,,,,,,,,,35.30979190421893,33.7617447789651,34.04894731167441,36.93888860001625,,,,,,,,,,,,34.182891838982016,33.81617684847845,32.17696454898808,,35.18349698535744,34.182891838982016,36.93888860001625,35.014843148718676,33.39201107881618,"rgba(38, 166, 154, 1.0)",1.712019609742797,36.73120797306133,-0.6052547337451372,64.68328586773819,11.015481245684157,True,False,True,False,True,3.460528839746434,0.0,0.0,0.0,0.0,0,0.9341993078890616,1.022568834946587,False,False,False,False,0.0034780032769105027,0.0009129619104825877,False,False,False,False,11866.0,18436.899778113973,False,False,False,False,658.1842760746607,False,False,False,False
2025-04-29 18:00:00+00:00,35.7,35.815,35.615,35.62,100.0,,,,,,,,,,,35.314003194287864,33.77022749010433,34.05031928110339,36.93808312697535,,,,,,,,,,,,34.19201528233816,33.82598385769561,32.18477975155649,,35.191961614451024,34.19201528233816,36.93808312697535,35.018158273117734,33.400926297196754,"rgba(38, 166, 154, 1.0)",1.6922480836379514,36.73279664809317,-0.6575848180019277,64.82767363039802,11.235862607724165,True,False,True,False,True,3.126510561473669,0.0,0.0,0.0,0.0,0,0.9317404426559355,1.024245472837022,False,False,False,False,0.006751495410476233,0.00383222866047941,False,False,False,False,11766.0,18333.474975352518,False,False,False,False,649.5302562905574,False,False,False,False
2025-04-29 19:00:00+00:00,35.63,35.835,35.575,35.59,801.0,,,,,,,,,,,35.343212525419645,33.83499459935761,34.06111487725972,36.931583183876995,,,,,,,,,,,,34.26050230958042,33.90029771505377,32.24585211056854,,35.24866288895516,34.26050230958042,36.931583183876995,35.04272629647849,33.468884045067576,"rgba(38, 166, 154, 1.0)",1.6891545862401003,36.447181361067706,-0.5074617610787819,64.39873586088335,11.235862607724165,True,False,True,False,True,2.990992442627661,0.0,0.0,0.0,0.0,0,0.9286145487473589,1.0244994466244088,False,False,False,False,0.006342302419549311,0.00508726554001436,False,False,False,False,10965.0,18219.23505325403,False,False,False,False,651.8786244100837,False,False,False,False
2025-04-30 14:00:00+00:00,34.96,35.295,34.88,35.09,335.0,,,,,,,,,,,35.334679192484515,33.852644289377444,34.06397625759103,36.92765048551932,,,,,,,,,,,,34.27627545216699,33.92002470053697,32.26655188904831,,35.24103465416844,34.27627545216699,36.92765048551932,35.04473755624308,33.48761734725076,"rgba(38, 166, 154, 0.5)",1.681641189460416,36.44008475230771,-0.8028375855499275,57.502566933162896,11.401259099607756,False,True,True,False,False,0.7561870098467303,0.0,0.0,0.0,0.0,0,0.924172517552658,1.0285356068204612,False,False,False,False,-0.0189266260904179,-0.00691968027520177,False,False,False,False,10630.0,18101.572494288852,False,False,False,False,646.9657775200048,False,False,False,False
2025-04-30 15:00:00+00:00,35.13,35.16,34.92,35.03,280.0,,,,,,,,,,,35.32656685462441,33.86641828354592,34.066235644818335,36.92428433379529,,,,,,,,,,,,34.288195144254104,33.935309948667815,32.28331071834983,,35.23321836725401,34.288195144254104,36.92428433379529,35.04587627919599,33.50227193709059,#000000,1.6739095226713558,36.43643115416229,-0.8402073918056207,52.31606563118832,6.869489496423931,False,True,False,False,False,0.49130809241964357,0.0,0.0,0.0,0.0,0,0.9227065255554998,1.03029543060641,False,False,False,False,-0.02087097976262832,-0.013895330018915044,False,False,False,False,10350.0,17981.393075772743,False,False,False,False,641.2763856204699,False,False,False,False
2025-04-30 16:00:00+00:00,35.03,35.06,34.89,34.96,0.0,,,,,,,,,,,35.32656685462441,33.86641828354592,34.066235644818335,36.92428433379529,,,,,,,,,,,,34.288195144254104,33.935309948667815,32.28331071834983,,35.23321836725401,34.288195144254104,36.92428433379529,35.04587627919599,33.50227193709059,"rgba(239, 83, 80, 1.0)",1.672778141808253,36.43643115416229,-0.8826222182496284,48.15390290465437,3.3604343751600254,False,True,False,True,False,0.17838114127031446,0.0,0.0,0.0,0.0,0,0.9243333165297171,1.0333215708020365,False,False,False,False,-0.023531932900066638,-0.018713631459490843,False,False,False,False,10350.0,17863.076904055335,False,False,False,False,631.3341160759664,False,False,False,False
2025-04-30 17:00:00+00:00,34.97,35.12,34.84,35.085,0.0,,,,,,,,,,,35.32656685462441,33.86641828354592,34.066235644818335,36.92428433379529,,,,,,,,,,,,34.288195144254104,33.935309948667815,32.28331071834983,,35.23321836725401,34.288195144254104,36.92428433379529,35.04587627919599,33.50227193709059,"rgba(239, 83, 80, 1.0)",1.6733762924745814,36.43643115416229,-0.8076074462390054,47.222817870159076,2.7321854526668616,False,True,False,True,False,0.7392883507544177,0.0,0.0,0.0,0.0,0,0.9191566813286819,1.036250568785075,False,False,False,False,-0.021893876294960608,-0.020303753877225723,False,False,False,False,10350.0,17746.59509158936,False,False,False,False,621.5459902453313,False,False,False,False
2025-04-30 18:00:00+00:00,35.085,35.53,35.04,35.265,100.0,,,,,,,,,,,35.32610244559985,33.872260126608474,34.06724034271918,36.923238581733294,,,,,,,,,,,35.278333333333336,34.29370754927069,33.94184375253386,32.2897680134535,,35.23382630373265,34.29370754927069,36.923238581733294,35.0472103741652,33.95091316214784,#000000,1.6828996801155722,36.12468577371181,-0.5108360194428058,48.96277480572714,2.7321854526668616,False,True,False,False,False,1.548387367248619,0.0,0.0,0.0,0.0,0,0.9210645926973384,1.0303520024241197,False,False,False,False,-0.006582474986799487,-0.013443114432012605,False,False,False,False,10450.0,17633.4695862934,False,False,False,False,613.4600059004424,False,False,False,False
2025-04-30 19:00:00+00:00,35.265,35.62,35.22,35.45,674.0,,,,,,,,,,,35.332433996383365,33.91452219941231,34.07481141692154,36.91687143086096,,,,,,,,,,,35.41040482342808,34.334803337626106,33.989091258812635,32.33474668480109,,35.250159975293386,34.334803337626106,36.91687143086096,35.05965976089455,34.017261526166976,"rgba(38, 166, 154, 0.5)",1.6943881885014123,36.1387771161577,-0.40650490887030927,52.18885515340473,2.7321854526668616,False,True,True,False,True,2.3782050649516933,0.0,0.0,0.0,0.0,0,0.9247311827956988,1.0274117825230953,False,False,False,False,-0.0009847675808742746,-0.00721394100644344,False,False,False,False,11124.0,17532.547577203575,False,False,False,False,614.3986104601255,False,False,False,False
2025-05-01 14:00:00+00:00,35.42,35.67,35.36,35.62,1.0,,,,,,,,,,,35.332453666033814,33.914588029302855,34.074823576605866,36.91686278355231,,,,,,,,,,,35.41058494623656,34.334868541074215,33.989164782540435,32.3348150115817,,35.25019701086956,34.334868541074215,36.91686278355231,35.05968201387371,34.01735832035823,"rgba(38, 166, 154, 0.5)",1.7071113528914676,36.13880135227824,-0.30390598211388564,55.97654382054563,-0.13786857144454245,False,True,True,False,True,3.13944756441823,0.0,0.0,0.0,0.0,0,0.9286831878059857,1.0236713269065763,False,False,False,False,0.0029543020897904336,-0.0021298194583265033,False,False,False,False,11125.0,17433.205754301194,False,False,False,False,604.8885544839995,False,False,False,False
2025-05-01 15:00:00+00:00,35.63,35.83,35.54,35.54,201.0,,,,,,,,,,,35.337883146865565,33.928408664404074,34.07740696242291,36.91523695794105,,,,,,,,,,,35.457144808743166,34.34875862618113,34.004616599007676,32.34885860595032,,35.25955947932987,34.34875862618113,36.91523695794105,35.064733932908396,34.03984465997057,"rgba(38, 166, 154, 0.5)",1.7190017792651886,36.14476075958968,-0.3518092691260588,57.24877076286162,1.0808873947742654,False,True,True,False,True,2.7481016255834696,0.0,0.0,0.0,0.0,0,0.9281455280444668,1.025517938352703,False,False,False,False,0.010003472728133329,0.003936826634903413,False,False,False,False,10924.0,17332.287835629857,False,False,False,False,598.626716429984,False,False,False,False
2025-05-01 16:00:00+00:00,35.56,35.65,35.44,35.52,100.0,,,,,,,,,,,35.33963269377457,33.93480459998675,34.07860682404342,36.914366483551156,,,,,,,,,,,35.464535315985124,34.35503124229944,34.011732153638945,32.35558990385292,,35.26285955301496,34.35503124229944,36.914366483551156,35.06685265033897,34.04672215394411,"rgba(38, 166, 154, 0.5)",1.7306040137050478,36.146493247976366,-0.3620084334804612,57.770809797499204,1.7632164359693903,False,True,True,False,True,2.648895221340265,0.0,0.0,0.0,0.0,0,0.9316521209661051,1.0272478181449154,False,False,False,False,0.0041982320829147424,0.004067529358909078,False,False,False,False,10824.0,17231.384148255747,False,False,False,False,590.8960696636276,False,False,False,False
2025-05-01 17:00:00+00:00,35.52,35.74,35.51,35.69,90.0,,,,,,,,,,,35.342045639771804,33.940909913479956,34.0797663552682,36.91364647229583,,,,,,,,,,,35.478593481989705,34.3611405122276,34.01853776421073,32.36183246220424,,35.2669296178469,34.3611405122276,36.91364647229583,35.06909209520394,34.055026055158066,"rgba(38, 166, 154, 0.5)",1.7436079968979892,36.14875139182796,-0.2631046615088445,59.97619383207581,4.090951405746345,False,False,True,False,True,3.4408636257271823,0.0,0.0,0.0,0.0,0,0.9330690654063118,1.0256136606189965,False,False,False,False,0.007515452706786448,0.005791491032847763,False,False,False,False,10914.0,17133.44020797271,False,False,False,False,583.130239126207,False,False,False,False
2025-05-01 18:00:00+00:00,35.675,35.885,35.675,35.83,0.0,,,,,,,,,,,35.342045639771804,33.940909913479956,34.0797663552682,36.91364647229583,,,,,,,,,,,35.478593481989705,34.3611405122276,34.01853776421073,32.36183246220424,,35.2669296178469,34.3611405122276,36.91364647229583,35.06909209520394,34.055026055158066,"rgba(38, 166, 154, 0.5)",1.758681810820674,36.14875139182796,-0.1812444922479846,62.76868959916109,6.917911891704506,False,False,True,False,True,4.093098825742484,0.0,0.0,0.0,0.0,0,0.9315955927361762,1.0290756988369718,False,False,False,False,0.013943103308089597,0.00986729717046868,False,False,False,False,10914.0,17037.01477839174,False,False,False,False,574.0894602250255,False,False,False,False
2025-05-01 19:00:00+00:00,35.835,35.895,35.505,35.515,210.0,,,,,,,,,,,35.34738095238095,33.95491891006747,34.0824509168656,36.91195859330684,,,,,,,,,,,35.50297238372093,34.37508221575355,34.03411914250378,32.37627002112273,,35.27589762753439,34.37508221575355,36.91195859330684,35.07417734315521,34.07211094077525,"rgba(38, 166, 154, 0.5)",1.7685849767030126,36.15340265318206,-0.36096804032123436,59.61928585610652,6.917911891704506,False,False,True,False,False,2.4718871594098637,0.0,0.0,0.0,0.0,0,0.9304766292940153,1.0299493165412377,False,False,False,False,0.014631583717579,0.012249440444023839,False,False,False,False,10704.0,16938.828502757755,False,False,False,False,568.4446623920794,False,False,False,False
2025-05-02 14:00:00+00:00,37.895,38.31,37.815,38.195,301.0,,,,,,,,,,,35.416807099668425,34.00345755975039,34.09236164293899,36.91422068595318,,,,,,,,,,,35.97030212681375,34.432567599843054,34.08950667208869,32.412235103595435,,35.37059216863006,34.432567599843054,36.91422068595318,35.106711747077746,34.22615287558523,"rgba(38, 166, 154, 1.0)",1.8366726549500385,36.20529167249132,1.083322236080661,68.06841474099244,11.512592299859847,True,False,True,False,True,13.42855807694636,0.0,0.0,0.0,0.0,0,0.9341822721598002,1.0144818976279648,False,False,False,False,0.11423498947252357,0.0632422149582737,False,False,False,False,11005.0,16846.83116162973,False,False,False,False,564.2982335177835,False,False,False,False
2025-05-02 15:00:00+00:00,38.18,38.195,37.86,37.99,0.0,,,,,,,,,,,35.416807099668425,34.00345755975039,34.09236164293899,36.91422068595318,,,,,,,,,,,35.97030212681375,34.432567599843054,34.08950667208869,32.412235103595435,,35.37059216863006,34.432567599843054,36.91422068595318,35.106711747077746,34.22615287558523,"rgba(38, 166, 154, 1.0)",1.8942789043769017,36.20529167249132,0.9421571044184426,72.13993041439237,15.025625855406702,True,False,True,False,True,12.398013474048486,0.0,0.0,0.0,0.0,0,0.9324911369650972,1.0176761372147598,False,False,False,False,0.13444236818522523,0.09884229157174947,False,False,False,False,11005.0,16756.260135868026,False,False,False,False,555.5494236958024,False,False,False,False
2025-05-02 16:00:00+00:00,38.0,38.81,38.0,38.655,300.0,,,,,,,,,,,35.49194840849167,34.05511473290845,34.10312553052565,36.91718565631322,,,,,,,,,,,36.35240094419153,34.49389779390763,34.14833548799335,32.45000690717448,,35.47118609736861,34.49389779390763,36.91718565631322,35.14184358205975,34.36116028331675,"rgba(38, 166, 154, 1.0)",1.9674546756915892,36.253616769404736,1.220553266240374,75.9549969733514,18.3863293854033,True,False,True,False,True,14.723243039728793,0.0,0.0,0.0,0.0,0,0.9441068648621503,1.010696529905087,False,False,False,False,0.15138584329699725,0.12511406743437337,False,False,False,False,11305.0,16671.744474846815,False,False,False,False,551.5874171268752,False,False,False,False
2025-05-02 17:00:00+00:00,38.65,38.81,38.59,38.655,400.0,,,,,,,,,,,35.592810813656584,34.12514249161814,34.11803563293201,36.92161429856808,,,,,,,,,,,36.74492918244285,34.57672999324737,34.22781454391498,32.50126150009933,,35.603741836804836,34.57672999324737,36.92161429856808,35.18940080919371,34.512683804926134,"rgba(38, 166, 154, 1.0)",2.020772022660491,36.310750791767994,1.1600760412080704,78.49837467932409,20.68732368576069,True,False,True,False,True,14.723243039728793,0.0,0.0,0.0,0.0,0,0.9503757123405113,1.0083715769832062,False,False,False,False,0.1646862631735678,0.1449001653039706,False,False,False,False,11305.0,16588.539134151517,False,False,False,False,549.2372246132801,False,False,False,False
2025-05-02 18:00:00+00:00,38.66,38.835,38.64,38.775,49.0,,,,,,,,,,,35.604980595762534,34.13369572875386,34.11988135221075,36.922175223307434,,,,,,,,,,,36.78542731519648,34.58680936185595,34.2374988709701,32.50754769921437,,35.619558667624226,34.58680936185595,36.922175223307434,35.19518322500865,34.52932081180923,"rgba(38, 166, 154, 1.0)",2.0723588422787653,36.31720054200371,1.1859912520235598,80.39553486231294,22.5520845105994,True,False,True,False,True,15.140991339670737,0.0,0.0,0.0,0.0,0,0.94597323908104,1.009694521585458,False,False,False,False,0.17247571986140903,0.1586879425826898,False,False,False,False,11354.0,16507.383488660795,False,False,False,False,541.481608727803,False,False,False,False
2025-05-02 19:00:00+00:00,38.765,38.9,38.665,38.68,800.0,,,,,,,,,,,35.79108792184725,34.26894797581975,34.14979806467427,36.93127643491982,,,,,,,,,,,37.272198801405246,34.744682046661616,34.3898854918852,32.608392583016894,,35.856879207357544,34.744682046661616,36.93127643491982,35.28527759931528,34.75378973074224,"rgba(38, 166, 154, 1.0)",2.115063307041331,36.407374092052315,1.0744954538154041,80.76878390767558,23.181011076278224,True,False,True,False,True,14.639135759708719,0.0,0.0,0.0,0.0,0,0.9481346678798909,1.0074309978768576,False,False,False,False,0.17805987799931994,0.16837391029100487,False,False,False,False,10554.0,16415.08296945675,False,False,False,False,545.4896458017905,False,False,False,False
2025-05-05 14:00:00+00:00,38.06,38.855,38.06,38.835,0.0,,,,,,,,,,,35.79108792184725,34.26894797581975,34.14979806467427,36.93127643491982,,,,,,,,,,,37.272198801405246,34.744682046661616,34.3898854918852,32.608392583016894,,35.856879207357544,34.744682046661616,36.93127643491982,35.28527759931528,34.75378973074224,"rgba(38, 166, 154, 1.0)",2.147231777500076,36.407374092052315,1.130584007458226,81.35711157371264,24.177650501969822,True,False,True,False,True,15.19348940637596,0.0,0.0,0.0,0.0,0,0.9439995971194037,1.0067986100619428,False,False,False,False,0.16306973277794864,0.16572182153447676,False,False,False,False,10554.0,16324.21346605432,False,False,False,False,537.03244199091,False,False,False,False
2025-05-05 15:00:00+00:00,38.825,38.9,38.555,38.655,925.0,,,,,,,,,,,35.97767980420679,34.414299019607846,34.18357691629111,36.941429444496045,,,,,,,,,,,37.59110977274552,34.91102704462515,34.55203859492265,32.720180900072044,,36.08639193979544,34.91102704462515,36.941429444496045,35.37924629615045,34.94358907809134,"rgba(38, 166, 154, 1.0)",2.16200005833767,36.48740376833256,1.0025884242269962,79.901945644474,24.177650501969822,True,False,True,False,True,14.222486537436193,0.0,0.0,0.0,0.0,0,0.9486339348724668,1.0068555297913093,False,False,False,False,0.3392267493280706,0.2524742854312737,False,False,False,False,9629.0,16220.411706890685,False,False,False,False,543.0474428902758,False,False,False,False
2025-05-05 16:00:00+00:00,38.655,38.8,38.585,38.65,160.0,,,,,,,,,,,36.00728208992716,34.4383386774724,34.1893369322035,36.943149098109565,,,,,,,,,,,37.63146137787056,34.93821186427938,34.57869639828798,32.73902351445194,,36.12204450366804,34.93821186427938,36.943149098109565,35.394526699428155,34.97184828872246,"rgba(38, 166, 154, 1.0)",2.1822187898665644,36.49953417264464,0.9854492305452359,78.87809366453095,24.177650501969822,True,False,True,False,True,14.195268389889083,0.0,0.0,0.0,0.0,0,0.9813355685945796,1.0070969544565518,False,False,False,False,0.3369392978604597,0.29470679164586666,False,False,False,False,9469.0,16115.738657171449,False,False,False,False,537.1087228454653,False,False,False,False
2025-05-05 17:00:00+00:00,38.64,39.04,38.605,38.985,163.0,,,,,,,,,,,36.038969738030715,34.46368455780168,34.195448379020476,36.94509734104806,,,,,,,,,,,37.676827596483385,34.96695327423591,34.60679897575782,32.75873420547982,,36.16011177052423,34.96695327423591,36.94509734104806,35.41080000397523,35.00232851298923,"rgba(38, 166, 154, 1.0)",2.2123245347025153,36.51261823445134,1.117549313749809,79.24836763306341,24.177650501969822,True,False,True,False,True,15.43750927545042,0.0,0.0,0.0,0.0,0,0.9656150703586016,1.0052768951429865,False,False,False,False,0.34282824788258154,0.3187675197642241,False,False,False,False,9632.0,16015.215577215302,False,False,False,False,531.3085876075511,False,False,False,False
2025-05-05 18:00:00+00:00,38.985,39.19,38.985,39.065,599.0,,,,,,,,,,,36.15756972025089,34.55857073410656,34.21874036746914,36.95297336691977,,,,,,,,,,,37.84250870622248,35.07437490007994,34.71176009349212,32.832464868724244,,36.301229492765316,35.07437490007994,36.95297336691977,35.47196354718659,35.1152771421297,"rgba(38, 166, 154, 1.0)",2.2399502789687347,36.561385643364005,1.1177097903211708,79.73088005540399,24.370696746387466,True,False,True,False,True,15.732564752839458,0.0,0.0,0.0,0.0,0,0.9685093274003082,0.9921843801700038,False,False,False,False,0.34282824803179035,0.33079788389800724,False,False,False,False,10231.0,15925.537816328242,False,False,False,False,532.3580668694495,False,False,False,False
2025-05-05 19:00:00+00:00,39.055,39.15,38.715,38.785,810.0,,,,,,,,,,,36.294119199290826,34.67552645343661,34.24862599465302,36.96255554806537,,,,,,,,,,,37.985814493739014,35.2043077840949,34.84005283873744,32.926420652417015,,36.45962877410885,35.2043077840949,36.96255554806537,35.54520679886146,35.2391489422471,"rgba(38, 166, 154, 0.75)",2.255958610491806,36.61563895691764,0.9616138492050732,76.76761959048717,24.370696746387466,True,False,True,False,False,14.155245159449745,0.0,0.0,0.0,0.0,0,0.9712007343239057,0.989444093855774,False,False,False,False,0.3329655454952923,0.33188171469664973,False,False,False,False,9421.0,15824.692268788269,False,False,False,False,536.6625929644969,False,False,False,False
2025-05-06 14:00:00+00:00,39.37,40.09,39.37,39.715,2615.0,,,,,,,,,,,36.771746610590576,35.08097900737966,34.35960404057627,37.00612696430867,,,,,,,,,,,38.52099572448419,35.652775543753165,35.2812553678951,33.250960356577835,,36.99941926375456,35.652775543753165,37.00612696430867,35.80461415571379,35.67649674817757,"rgba(38, 166, 154, 0.75)",2.292019580360655,36.8105541864894,1.267199389742379,77.83766239059409,24.370696746387466,True,False,True,False,False,17.540690122295057,0.0,0.0,0.0,0.0,0,0.9689051178182234,0.9792320419923543,False,False,False,False,0.3428282483667404,0.3373549815316951,False,False,False,False,12036.0,15765.952853768295,False,False,False,False,568.8848783448923,False,False,False,False
2025-05-06 15:00:00+00:00,39.71,40.07,39.71,39.92,1661.0,,,,,,,,,,,37.02589329094319,35.31483415137704,34.43001304494195,37.03483187322212,,,,,,,,,,,38.74646339862847,35.90453814401104,35.53185100498683,33.44663468636866,,37.275040808543096,35.90453814401104,37.03483187322212,35.95139309012107,35.90737180849875,"rgba(38, 166, 154, 1.0)",2.3301421736772703,36.91605247331072,1.2891692020442929,79.0322310039432,24.395631376423566,True,False,True,False,True,18.250915697709814,0.0,0.0,0.0,0.0,0,0.9717121872848288,0.9806059215056229,False,False,False,False,0.34282824844475623,0.34009161498822565,False,False,False,False,13697.0,15733.876065337778,False,False,False,False,585.8168957348939,False,False,False,False
2025-05-06 16:00:00+00:00,39.94,40.11,39.72,39.805,489.0,,,,,,,,,,39.87833333333333,37.09252380497437,35.37911249051857,34.45032105860923,37.043111351934975,,,,,,,,,,,38.7984435261708,35.972696188471886,35.6001862092617,33.5018797353475,,37.345885599272826,35.972696188471886,37.043111351934975,36.7686804078741,35.96830141481297,"rgba(38, 166, 154, 1.0)",2.3519850730358978,36.88901232835566,1.2397985450989433,78.64739617457226,24.395631376423566,True,False,True,False,True,17.595759425285255,0.0,0.0,0.0,0.0,0,0.9932755264554947,0.9798855659765232,False,False,False,False,0.3428282484567648,0.3414599317224952,False,False,False,False,13208.0,15694.715196107734,False,False,False,False,584.3158585917173,False,False,False,False
2025-05-06 17:00:00+00:00,39.755,40.04,39.74,39.82,330.0,,,,,,,,,,39.87363247863247,37.135576247805375,35.42136697387318,34.46391123850946,37.048648656144,,,,,,,,,,,38.83055444221777,36.017252716135005,35.64497794250204,33.538561182908374,,37.391344791154346,36.017252716135005,37.048648656144,36.78862711899289,36.007836570940796,"rgba(38, 166, 154, 1.0)",2.3687907927505383,36.90716096378077,1.2296734034654737,78.43763479772382,24.441868079868257,True,False,True,False,True,17.649388116332947,0.0,0.0,0.0,0.0,0,1.0199673261935016,0.949537121074605,False,False,False,False,0.3413393220012361,0.34139962686186565,False,False,False,False,13538.0,15661.277751206839,False,False,False,False,580.3729770631635,False,False,False,False
2025-05-06 18:00:00+00:00,39.805,39.86,39.605,39.755,500.0,,,,,,,,,,39.82297573919636,37.19540954481407,35.48211236766347,34.48389324425662,37.05662199100955,,,,,,,,,,,38.87017134227798,36.08069421722336,35.70909691124124,33.59224399815328,,37.45381234817455,36.08069421722336,37.05662199100955,36.80820257738801,36.06305161722396,"rgba(38, 166, 154, 1.0)",2.378679620869244,36.93040790232107,1.1874621840190216,77.51740766588891,24.441868079868257,True,False,True,False,True,17.268233268427124,0.0,0.0,0.0,0.0,0,1.0332354021300034,0.9214102093279468,False,False,False,False,0.33199221064141815,0.3366959187516419,False,False,False,False,13038.0,15620.60677831991,False,False,False,False,579.1268843955174,False,False,False,False
2025-05-06 19:00:00+00:00,39.74,39.78,39.53,39.56,1831.0,,,,,,,,,,39.706929629629634,37.38381931200114,35.68497436103233,34.55419712319081,37.08416927017694,,,,,,,,,,,38.97378841385529,36.28879059595992,35.92136343442719,33.77755595084269,,37.64636653740508,36.28879059595992,37.08416927017694,36.88281793920617,36.24037459877127,"rgba(38, 166, 154, 0.75)",2.3789049452928253,37.00818651619103,1.0726840888948852,74.584098302016,24.441868079868257,True,False,True,False,False,16.120684777125046,0.0,0.0,0.0,0.0,0,1.032600549587809,0.9372970272295775,False,False,False,False,0.3274133940533414,0.33205465640249165,False,False,False,False,11207.0,15552.178766252935,False,False,False,False,598.5357699087652,False,False,False,False
2025-05-07 14:00:00+00:00,37.79,38.13,37.71,37.95,1725.0,,,,,,,,,,39.078169914529916,37.42102948920485,35.784012011013644,34.59714880350897,37.092636019683376,,,,,,,,,,,38.854024211786616,36.37485231233787,36.018996449604096,33.89437645421532,,37.668252814433764,36.37485231233787,37.092636019683376,36.79459924758815,36.28556235698598,"rgba(38, 166, 154, 0.5)",2.3459296203815905,36.998406302260705,0.4056360810962911,62.076253804809085,16.82476098574037,False,False,True,False,False,7.478477723328751,0.0,0.0,0.0,0.0,0,1.0208268765883592,0.9461352507283205,False,False,False,False,0.22793800439450354,0.2799963303984976,False,False,False,False,9482.0,15458.067467551338,False,False,False,False,616.000331615606,False,False,False,False
2025-05-07 15:00:00+00:00,37.95,38.17,37.63,37.74,209.0,,,,,,,,,,39.02754360083924,37.42451408202437,35.79497799654049,34.602150418059814,37.09354940292998,,,,,,,,,,,38.84021211922413,36.38414423803051,36.02969685509925,33.90780235676554,,37.669905380251734,36.38414423803051,37.09354940292998,36.78854710007878,36.29046389227986,#000000,2.306695210207176,36.998201010956095,0.3215851776868617,52.95546978829708,9.116729473344087,False,True,False,False,False,6.450301090856573,0.0,0.0,0.0,0.0,0,1.021791918311438,0.9392316792229624,False,False,False,False,0.2268202006644236,0.25340826553146056,False,False,False,False,9273.0,15362.174948674574,False,False,False,False,609.6902489548988,False,False,False,False
2025-05-07 16:00:00+00:00,37.73,37.73,37.415,37.58,354.0,,,,,,,,,,38.93298669854113,37.4265722675115,35.810863838047695,34.60988061309438,37.094535188837646,,,,,,,,,,,38.81149601419077,36.39674362652799,36.04487041865453,33.92878181612502,,37.66843943625099,36.39674362652799,37.094535188837646,36.77496772120647,36.295472968874584,"rgba(239, 83, 80, 1.0)",2.2619647004996013,36.99582502563596,0.258259987096621,46.2792567294896,3.765848935649551,False,True,False,True,False,5.668483215257844,0.0,0.0,0.0,0.0,0,1.010707045108971,0.9633172833248859,False,False,False,False,0.20859309120913586,0.2310006783702982,False,False,False,False,8919.0,15262.280763423805,False,False,False,False,605.7260590486213,False,False,False,False
2025-05-07 17:00:00+00:00,37.56,37.715,37.42,37.47,1415.0,,,,,,,,,,38.644331922758894,37.432192651476306,35.87025023733599,34.63997071474443,37.098110841470344,,,,,,,,,,,38.705321439768014,36.442927969260765,36.10114749868773,34.00940239201188,,37.660679735338846,36.442927969260765,37.098110841470344,36.736971273557195,36.3146998249321,"rgba(239, 83, 80, 1.0)",2.202316384959121,36.99024325483612,0.21784188159358434,41.40817105999375,-0.06937904163083886,False,True,False,True,False,5.128911998171521,0.0,0.0,0.0,0.0,0,1.0180427159706724,0.9491233662735091,False,False,False,False,0.20831590014863807,0.21965828925946812,False,False,False,False,7504.0,15141.997340735064,False,False,False,False,618.272941854069,False,False,False,False
2025-05-07 18:00:00+00:00,37.54,37.67,37.19,37.6,300.0,,,,,,,,,,38.59577892725663,37.43278480324662,35.88196877794156,34.64616569342186,37.09877844022159,,,,,,,,,,,38.68420334642638,36.45183004491954,36.11215329079178,34.02580612950907,,37.65856046766533,36.45183004491954,37.09877844022159,36.73109532841765,36.31849820291169,"rgba(239, 83, 80, 1.0)",2.1315340836002394,36.98952962064086,0.28639953921263867,39.26424882680732,-1.6768581244157446,False,True,False,True,False,5.687997105268092,0.0,0.0,0.0,0.0,0,1.0311673227076206,0.9413434858359677,False,False,False,False,0.20070534549908048,0.2101818173792743,False,False,False,False,7804.0,15028.229940103512,False,False,False,False,613.3384776392772,False,False,False,False
2025-05-07 19:00:00+00:00,37.54,37.6,37.21,37.34,432.0,,,,,,,,,,38.52672467589541,37.432022654298976,35.89748044866429,34.65471643514336,37.09948073180298,,,,,,,,,,,38.652532029606256,36.463131775543445,36.12652931577615,34.04846023490457,,37.653816876122086,36.463131775543445,37.09948073180298,36.722084989161004,36.322663338957604,"rgba(239, 83, 80, 1.0)",2.056766337182165,36.98789645521216,0.1711927788891361,36.68906108316591,-4.01355919938711,False,True,False,True,False,4.391538790605374,0.0,0.0,0.0,0.0,0,1.0435518520929628,0.9253303821365794,False,False,False,False,0.19932409456523173,0.20475295597225301,False,False,False,False,7372.0,14909.528700722061,False,False,False,False,610.527028373552,False,False,False,False
2025-05-08 14:00:00+00:00,37.515,37.685,37.435,37.46,704.0,,,,,,,,,,38.44178791169019,37.434341488596566,35.92445664871306,34.66926308178229,37.1011919840827,,,,,,,,,,,38.60956752312808,36.483752226200316,36.151866608402095,34.086289021061845,,37.650343177202586,36.483752226200316,37.1011919840827,36.714208222972964,36.33286884469808,"rgba(239, 83, 80, 1.0)",1.9716306600018785,36.988247335750856,0.23927030240475947,36.08032857551598,-4.780682177021106,False,True,False,True,False,4.9218297199049985,0.0,0.0,0.0,0.0,0,1.041704857928506,0.9225481209899171,False,False,False,False,0.20790017270497715,0.20632656433861507,False,False,False,False,8076.0,14803.582519315518,False,False,False,False,611.9762217321015,False,False,False,False
2025-05-08 15:00:00+00:00,37.46,38.305,37.46,38.085,301.0,,,,,,,,,,38.42455529685681,37.4396872165777,35.93869571986859,34.67635251845047,37.102643284121854,,,,,,,,,,,38.59897870108628,36.495807088944126,36.16567229534401,34.10417244596167,,37.65380296637259,36.495807088944126,37.102643284121854,36.716386807175084,36.341157632834026,"rgba(239, 83, 80, 0.75)",1.8967906560273822,36.99126558943485,0.5766236812110057,40.48358512976798,-4.780682177021106,False,True,False,True,True,7.611600605277083,0.0,0.0,0.0,0.0,0,1.0563546798029555,0.9040394088669949,False,False,False,False,0.2186164397964862,0.21247150206755064,False,False,False,False,8377.0,14703.945581031556,False,False,False,False,607.1548849610612,False,False,False,False
2025-05-08 16:00:00+00:00,38.105,38.435,38.03,38.415,0.0,,,,,,,,,,38.42455529685681,37.4396872165777,35.93869571986859,34.67635251845047,37.102643284121854,,,,,,,,,,,38.59897870108628,36.495807088944126,36.16567229534401,34.10417244596167,,37.65380296637259,36.495807088944126,37.102643284121854,36.716386807175084,36.341157632834026,"rgba(239, 83, 80, 0.75)",1.829909334139584,36.99126558943485,0.7780354927991994,45.38440748360914,-13.836538324918394,False,True,False,True,True,8.97692585871907,0.0,0.0,0.0,0.0,0,1.053467336683417,0.9238860971524285,False,False,False,False,0.239441234444339,0.22595636825594484,False,False,False,False,8377.0,14605.85340148068,False,False,False,False,597.741630930657,False,False,False,False
2025-05-08 17:00:00+00:00,38.355,38.385,38.23,38.23,357.0,,,,,,,,,,38.41885380574494,37.44991403556524,35.95806898282184,34.68556917700809,37.10502940287224,,,,,,,,,,,38.59304965281413,36.51305313604559,36.184767110706666,34.12698038376053,,37.66228472143389,36.51305313604559,37.10502940287224,36.72348708080247,36.35446257083173,#000000,1.7996085034711793,36.99729152279106,0.6849870262511124,47.39487752953396,-11.727756092094708,False,True,False,False,True,8.014786129440115,0.0,0.0,0.0,0.0,0,1.0562828991766768,0.9084221892293154,False,False,False,False,0.24095811457731917,0.233457241416632,False,False,False,False,8020.0,14503.747147194157,False,False,False,False,594.0092025441352,False,False,False,False
2025-05-08 18:00:00+00:00,38.23,38.31,38.12,38.125,28.0,,,,,,,,,,38.418124233983285,37.45061364151371,35.95951226380883,34.686270681644096,37.10520079957072,,,,,,,,,,,38.5924525277865,36.51431852993116,36.18618180976197,34.128717337246755,,37.66283796383797,36.51431852993116,37.10520079957072,36.72394432410413,36.35541755118159,#000000,1.7725655479055327,36.997707122009864,0.6359668218318629,48.018814520041346,-10.738387656157627,False,True,False,False,True,7.467577536947868,0.0,0.0,0.0,0.0,0,1.0534445051940948,0.9158009841443409,False,False,False,False,0.22099098033299472,0.22722411087481337,False,False,False,False,7992.0,14402.789827082619,False,False,False,False,585.2338660705827,False,False,False,False
2025-05-08 19:00:00+00:00,38.125,38.6,37.99,38.16,704.0,,,,,,,,,,38.405895753693564,37.46929535696898,35.99623769178794,34.704142512163344,37.109750732034094,,,,,,,,,,,38.58029976140069,36.546730194518126,36.22224087724087,34.17259790280299,,37.67805804091953,36.546730194518126,37.109750732034094,36.737064409329584,36.380467183990675,#000000,1.7598092213349497,37.00899686360562,0.654049951801739,48.695756815793075,-9.544975377858115,False,True,False,False,True,7.618651569659107,0.0,0.0,0.0,0.0,0,1.0410614525139665,0.9363128491620107,False,False,False,False,0.2218143384562373,0.22451922466552532,False,False,False,False,8696.0,14314.312465422423,False,False,False,False,587.0752014803411,False,False,False,False
2025-05-09 14:00:00+00:00,37.92,37.95,37.29,37.52,0.0,,,,,,,,,,38.405895753693564,37.46929535696898,35.99623769178794,34.704142512163344,37.109750732034094,,,,,,,,,,,38.58029976140069,36.546730194518126,36.22224087724087,34.17259790280299,,37.67805804091953,36.546730194518126,37.109750732034094,36.737064409329584,36.380467183990675,"rgba(239, 83, 80, 0.75)",1.7268372693901957,37.00899686360562,0.29591852425957804,45.12687765691148,-9.544975377858115,False,True,False,True,True,4.308242425011553,0.0,0.0,0.0,0.0,0,1.0130636325326592,0.9462003090321672,False,False,False,False,0.17340003035737356,0.19895962751144944,False,False,False,False,8696.0,14227.20684580347,False,False,False,False,577.9732603721187,False,False,False,False
2025-05-09 15:00:00+00:00,37.52,37.56,37.085,37.205,0.0,,,,,,,,,,38.405895753693564,37.46929535696898,35.99623769178794,34.704142512163344,37.109750732034094,,,,,,,,,,,38.58029976140069,36.546730194518126,36.22224087724087,34.17259790280299,,37.67805804091953,36.546730194518126,37.109750732034094,36.737064409329584,36.380467183990675,"rgba(239, 83, 80, 1.0)",1.6958705994533099,37.00899686360562,0.11557670523774981,41.25691845355759,-9.544975377858115,False,True,False,True,False,2.743749664310048,0.0,0.0,0.0,0.0,0,1.0113466067223293,0.9544708484978233,False,False,False,False,0.1523275252305901,0.17564357637101977,False,False,False,False,8696.0,14141.451700907292,False,False,False,False,569.0124346299153,False,False,False,False
2025-05-09 16:00:00+00:00,37.22,37.265,37.04,37.09,500.0,,,,,,,,,,38.343304679569044,37.463782871821664,36.00902203856749,34.71275802509448,37.109812421185346,,,,,,,,,,,38.54468580981415,36.55438643106457,36.2333877135783,34.19480646452518,,37.66818076093376,36.55438643106457,37.109812421185346,36.7277360072476,36.38181660474555,"rgba(239, 83, 80, 1.0)",1.66118652103179,37.00622216094999,0.05043252999547517,38.16167943985644,-4.108208889247216,False,True,False,True,False,2.1765942882911276,0.0,0.0,0.0,0.0,0,0.9950638792102207,0.9710365853658534,False,False,False,False,0.1403472582012841,0.15799541728615193,False,False,False,False,8196.0,14049.27415515679,False,False,False,False,567.9424744030948,False,False,False,False
2025-05-09 17:00:00+00:00,37.04,37.23,37.02,37.21,0.0,,,,,,,,,,38.343304679569044,37.463782871821664,36.00902203856749,34.71275802509448,37.109812421185346,,,,,,,,,,,38.54468580981415,36.55438643106457,36.2333877135783,34.19480646452518,,37.66818076093376,36.55438643106457,37.109812421185346,36.7277360072476,36.38181660474555,"rgba(239, 83, 80, 1.0)",1.6605334077332632,37.00622216094999,0.12271830130065393,37.262840114856466,-5.2793195954583325,False,True,False,True,False,2.737906433877246,0.0,0.0,0.0,0.0,0,0.9998529411764707,0.9613235294117646,False,False,False,False,0.1384131174607441,0.14820426737344802,False,False,False,False,8196.0,13958.525718642732,False,False,False,False,559.1371647224266,False,False,False,False
2025-05-09 18:00:00+00:00,37.235,37.255,37.08,37.13,0.0,,,,,,,,,,38.343304679569044,37.463782871821664,36.00902203856749,34.71275802509448,37.109812421185346,,,,,,,,,,,38.54468580981415,36.55438643106457,36.2333877135783,34.19480646452518,,37.66818076093376,36.55438643106457,37.109812421185346,36.7277360072476,36.38181660474555,"rgba(239, 83, 80, 1.0)",1.6546982441760576,37.00622216094999,0.07480387405115549,36.22513144883605,-6.685824690439247,False,True,False,True,False,2.332418707772181,0.0,0.0,0.0,0.0,0,1.0092475203221716,0.9524945931836823,False,False,False,False,0.14140268301831874,0.14480347519588338,False,False,False,False,8196.0,13869.184234632767,False,False,False,False,550.4683714709162,False,False,False,False
2025-05-09 19:00:00+00:00,37.13,37.24,36.985,37.03,318.0,,,,,,,,,,38.30518513226001,37.45989000926465,36.01667236817588,34.718100647549456,37.10976808092158,,,,,,,,,,37.084999999999994,38.522213884585604,36.55876711321114,36.239975067500175,34.20853680520283,,37.66155204870668,36.55876711321114,37.10976808092158,36.72192324763431,36.522898574099955,"rgba(239, 83, 80, 1.0)",1.6487929655488265,36.85369965058533,0.10692691750779644,34.9690149928278,-8.335920969810381,False,True,False,True,False,1.8213132285678597,0.0,0.0,0.0,0.0,0,1.0021933141733474,0.9587051883224923,False,False,True,False,0.13753430348700335,0.14116888934144337,False,False,False,False,7878.0,13776.297657351639,False,False,True,False,546.8642106729175,False,False,True,False
2025-05-12 14:00:00+00:00,40.57,40.88,40.35,40.8,1173.0,,,,,,,,,,38.54355255641245,37.57738273911464,36.13576630063764,34.76719315127508,37.13312617586796,,,,,,,,,,39.91063715627096,38.63798524898072,36.68046463094068,36.3630532825655,34.31993021195794,,37.78288067467125,36.68046463094068,37.13312617586796,36.83140418466155,37.182414106143156,#000000,1.7078912027293829,37.064760419702736,2.1870477313355616,49.38926754817298,-8.227872096276641,False,True,False,False,True,16.65551081653129,0.0,0.0,0.0,0.0,0,0.9868211440984794,0.9622013034033305,False,False,False,False,0.34282824720178195,0.24199856827161265,False,False,False,False,9051.0,13703.03722855549,False,False,False,False,556.5717422903915,False,False,False,False
2025-05-12 15:00:00+00:00,40.765,41.125,40.725,41.075,1388.0,,,,,,,,,,38.80200324194619,37.71814305186601,36.27781376446869,34.82712940549065,37.16266742746977,,,,,,,,,,40.42377908996179,38.777700822673054,36.82557077014208,36.50963191518593,34.452842007319056,,37.927967504966496,36.82557077014208,37.16266742746977,36.95755137824826,37.39790492105638,"rgba(38, 166, 154, 0.5)",1.7678708551136948,37.17332756849769,2.206989509565386,59.385073078384636,0.4829100781556406,False,False,True,False,True,17.522753550872924,0.0,0.0,0.0,0.0,0,1.0216479400749066,0.9549812734082394,False,False,False,False,0.3428282474131948,0.2924134078424037,False,False,False,False,10439.0,13652.43200020579,False,False,False,False,569.4621028750366,False,False,False,False
2025-05-12 16:00:00+00:00,41.075,41.465,41.07,41.38,1039.0,,,,,,,,,,38.98648317608947,37.82603328315288,36.38589956889118,34.87361113221318,37.18637375378681,,,,,,,,,,40.65746681980602,38.885957082783655,36.936072858793544,36.62106729887499,34.55377189127374,,38.03908435464633,36.936072858793544,37.18637375378681,37.0516801828267,37.53086719030639,"rgba(38, 166, 154, 1.0)",1.8313484988730022,37.248269418167425,2.256113778658302,66.4729525871768,6.395673208378952,True,False,True,False,True,18.473649172328248,0.0,0.0,0.0,0.0,0,1.018440145102781,0.9321342200725511,False,False,False,False,0.3428282476328151,0.3176208277376094,False,False,False,False,11478.0,13618.719876171592,False,False,False,False,576.7417601948034,False,False,False,False
2025-05-12 17:00:00+00:00,41.39,41.43,41.21,41.255,702.0,,,,,,,,,,39.0961472622024,37.895195541557904,36.456238943167364,34.90460854793668,37.202212239097484,,,,,,,,,,40.754845238095236,38.95381060181106,37.00758866573252,36.69336907933851,34.62023289818455,,38.109966128649184,37.00758866573252,37.202212239097484,37.11088050679237,37.60596929663238,"rgba(38, 166, 154, 1.0)",1.881891718840785,37.29375755161247,2.104925808817306,70.4548464112751,9.630394342935261,True,False,True,False,True,17.831381879005693,0.0,0.0,0.0,0.0,0,1.0247505902063818,0.9241489604752111,False,False,False,False,0.34282824733115086,0.33022453753438014,False,False,False,False,10776.0,13574.646699796838,False,False,False,False,578.6837484088375,False,False,False,False
2025-05-12 18:00:00+00:00,41.23,41.45,41.21,41.245,200.0,,,,,,,,,,39.125556148187655,37.91441724974608,36.47592500050784,34.913389624413476,37.20670597380861,,,,,,,,,,40.77753492392807,38.972475488247625,37.02755183635518,36.713575150359176,34.63893791993282,,38.129620062194036,37.02755183635518,37.20670597380861,37.12719879933273,37.62601506376457,"rgba(38, 166, 154, 1.0)",1.9274913491118428,37.306197714448516,2.043486362398679,73.04455142477968,11.915916416516112,True,False,True,False,True,17.779341337697304,0.0,0.0,0.0,0.0,0,1.019264853201819,0.9331124296832856,False,False,False,False,0.34282824728854655,0.3365263924114633,False,False,False,False,10576.0,13528.15605328836,False,False,False,False,572.8126825420337,False,False,False,False
2025-05-12 19:00:00+00:00,41.245,41.3,41.125,41.2,1100.0,,,,,,,,,,39.26786653415326,38.01356643133392,36.57936150906405,34.96055849982858,37.2306871349808,,,,,,,,,,40.857581925675674,39.066140033513605,37.13178709579933,36.8194179350502,34.738556543516225,,38.23047430437675,37.13178709579933,37.2306871349808,37.21040802187212,37.722696706711005,"rgba(38, 166, 154, 1.0)",1.9737497057380404,37.36879214987925,1.941080897432311,74.44739412974747,13.42894316976647,True,False,True,False,True,17.5411268277378,0.0,0.0,0.0,0.0,0,1.0064361042183625,0.9399813895781637,False,False,False,False,0.33447708495557954,0.3355017386835214,False,False,False,False,9476.0,13465.331928431175,False,False,False,False,580.9861293243277,False,False,False,False
2025-05-13 14:00:00+00:00,40.36,41.29,40.3,41.29,510.0,,,,,,,,,,39.31982559656411,38.054120247926456,36.62330835152874,34.98132894579044,37.24102033553908,,,,,,,,,,40.86570528771384,39.10222299013749,37.17553319889461,36.86413548482731,34.78199167237053,,38.27131029559879,37.17553319889461,37.24102033553908,37.24392069546976,37.75791772678876,"rgba(38, 166, 154, 1.0)",2.019208918774322,37.393417177571834,1.9297571371631155,75.58861377475682,14.967296679574972,True,False,True,False,True,17.840634701503383,0.0,0.0,0.0,0.0,0,0.9872523421901398,0.9437874366456764,False,False,False,False,0.3051555925373481,0.3203286656104347,False,False,False,False,9986.0,13411.388797757823,False,False,False,False,579.8855691797645,False,False,False,False
2025-05-13 15:00:00+00:00,41.29,41.55,41.23,41.36,0.0,,,,,,,,,,39.31982559656411,38.054120247926456,36.62330835152874,34.98132894579044,37.24102033553908,,,,,,,,,,40.86570528771384,39.10222299013749,37.17553319889461,36.86413548482731,34.78199167237053,,38.27131029559879,37.17553319889461,37.24102033553908,37.24392069546976,37.75791772678876,"rgba(38, 166, 154, 1.0)",2.0609986711598434,37.393417177571834,1.9245926151888004,76.520701013391,16.485193551624477,True,False,True,False,True,18.07612609635584,0.0,0.0,0.0,0.0,0,0.9996130929350769,0.9483092161262863,False,False,False,False,0.3428282473294565,0.3315784564699456,False,False,False,False,9986.0,13358.28199469181,False,False,False,False,570.8950952389929,False,False,False,False
2025-05-13 16:00:00+00:00,41.35,41.92,41.33,41.76,101.0,,,,,,,,,,39.334030720127664,38.06394944601445,36.63331494496577,34.985911719082125,37.24344930849299,,,,,,,,,,40.878143469606485,39.11187520934907,37.185681443890516,36.874392274533,34.791501984479595,,38.28135029735791,37.185681443890516,37.24344930849299,37.2521312277366,37.76831887637174,"rgba(38, 166, 154, 1.0)",2.108516157725028,37.39983609627885,2.0678826139162845,78.0778901448894,18.663002233829488,True,False,True,False,True,19.411516786167265,0.0,0.0,0.0,0.0,0,0.9904615633336027,0.9550561797752807,False,False,False,False,0.34282824748526425,0.3372033519776049,False,False,False,False,10087.0,13307.564444386511,False,False,False,False,563.6098999639697,False,False,False,False
2025-05-13 17:00:00+00:00,41.775,41.79,41.335,41.38,238.0,,,,,,,,,,39.364470734009906,38.085829923604244,36.655955786566615,34.9964145953268,37.248945242523966,,,,,,,,,,40.90006672575959,39.13285762595149,37.20852394612585,36.89754713146349,34.81326300035882,,38.30361227295613,37.20852394612585,37.248945242523966,37.27032325640631,37.79045168593185,"rgba(38, 166, 154, 1.0)",2.134821411607912,37.413889008843874,1.8578186304440893,75.8171581455525,18.663002233829488,True,False,True,False,True,17.31223521794036,0.0,0.0,0.0,0.0,0,1.0074492468893255,0.946954813359528,False,False,False,False,0.3385030716030579,0.33785321179033145,False,False,False,False,9849.0,13253.943290209976,False,False,False,False,558.5616844606523,False,False,False,False
2025-05-13 18:00:00+00:00,41.38,41.44,41.28,41.355,7.0,,,,,,,,,,39.365293915265894,38.08644242424243,36.65659890328168,34.996716195868366,37.24910123205064,,,,,,,,,,40.90054014167651,39.133432175260026,37.20916981649472,36.898203556938334,34.81388722364525,,38.30423324137264,37.20916981649472,37.24910123205064,37.27083053414181,37.79104658280297,"rgba(38, 166, 154, 0.75)",2.1544534914560107,37.414276718092694,1.8291057558379251,74.09752215210187,18.663002233829488,True,False,True,False,False,17.174645009749828,0.0,0.0,0.0,0.0,0,1.0074025333113998,0.9388057246257605,False,False,False,False,0.32457200385085716,0.3312126078205943,False,False,False,False,9842.0,13201.044944625326,False,False,False,False,550.0103405155259,False,False,False,False
2025-05-13 19:00:00+00:00,41.335,41.415,41.0,41.03,505.0,,,,,,,,,,39.416865215731185,38.127235325155,36.70048386472682,35.01768356033712,37.25975008968179,,,,,,,,,,40.91772673167605,39.170273664264954,37.25290846727205,36.94284963459111,34.85717344826187,,38.34534001144821,37.25290846727205,37.25975008968179,37.30440361112638,37.82818638921321,"rgba(38, 166, 154, 0.75)",2.1677638808789577,37.43954515410521,1.6562942475261546,70.22748250887176,18.663002233829488,True,False,True,False,False,15.38752373041861,0.0,0.0,0.0,0.0,0,1.0,0.9442109600329622,False,False,False,False,0.3141607475735303,0.3226866776970623,False,False,False,False,9337.0,13141.137271065243,False,False,False,False,549.312505778851,False,False,False,False
2025-05-14 14:00:00+00:00,41.72,42.35,41.71,42.27,600.0,,,,,,,,,,39.50633813215208,38.18929632515258,36.76255756578947,35.046288915628104,37.27543713019211,,,,,,,,,,41.008497441103074,39.232778919640445,37.316150474165056,37.00654463026119,34.91558469013839,,38.40889645469894,37.316150474165056,37.27543713019211,37.35598361378287,37.895911231061625,"rgba(38, 166, 154, 0.75)",2.204145101990973,37.480650957181815,2.172882828127802,71.79523311061068,18.663002233829488,True,False,True,False,False,19.57148848093745,0.0,0.0,0.0,0.0,0,1.0005670771224888,0.9253078418664936,False,False,False,False,0.3428282477382914,0.3327574627176768,False,False,False,False,9937.0,13091.460724227021,False,True,False,False,550.0983584024348,False,True,False,False
2025-05-14 15:00:00+00:00,42.26,42.43,41.98,42.195,641.0,,,,,,,,,42.20166666666666,39.598723865033946,38.25499727515796,36.82842824034713,35.076988413887285,37.29240003796138,,,,,,,,,,41.09824415238989,39.29871991221993,37.383177054349844,37.0740712088952,34.97773872579029,,38.47609099619507,37.383177054349844,37.29240003796138,38.20886741650906,37.96639021072903,"rgba(38, 166, 154, 0.75)",2.236517577367558,37.62903385201841,2.041551648950534,72.28908890597253,18.663002233829488,True,False,True,False,False,19.16359441706595,0.0,0.0,0.0,0.0,0,1.0090827994485443,0.9236882653474979,False,False,False,False,0.342828247841996,0.3377928552798364,False,False,False,False,9296.0,13032.616371913424,False,False,False,False,551.5076861791412,False,False,False,False
2025-05-14 16:00:00+00:00,42.19,42.335,41.85,42.04,434.0,,,,,,,,,42.15052868217054,39.65488816305199,38.29688411655719,36.871098482718985,35.09725802038216,37.30352427094273,,,,,,,,,,41.14557689444692,39.3398513916388,37.426358222354175,37.117698278692366,35.01849520129847,,38.51874910100597,37.426358222354175,37.30352427094273,38.22903028930393,38.00959599768614,"rgba(38, 166, 154, 0.75)",2.264636533890332,37.65357232202861,1.9369234808007427,71.42600924605993,18.663002233829488,True,False,True,False,False,18.31483963613728,0.0,0.0,0.0,0.0,0,1.0174096973641393,0.917263260657338,False,False,False,False,0.3354510442256885,0.33662194975276244,False,False,False,False,8862.0,12967.955652969029,False,False,False,False,549.6858615872164,False,False,False,False
2025-05-14 17:00:00+00:00,42.06,42.27,41.9,42.23,352.0,,,,,,,,,42.14628708245737,39.69965712184191,38.33070236067983,36.90558245679357,35.11374856569612,37.312618594201325,,,,,,,,,,41.18293081220455,39.37301963165353,37.46123351154893,37.15293716692281,35.0514793839778,,38.553167194164175,37.46123351154893,37.312618594201325,38.25143269694502,38.044320101261526,"rgba(38, 166, 154, 0.75)",2.292131188956597,37.675223790528236,1.9871359158744946,71.4876400793811,18.663002233829488,True,False,True,False,False,18.94680806244803,0.0,0.0,0.0,0.0,0,1.0128706419028999,0.9198435972629518,False,False,False,False,0.33496048793787736,0.3357912188453199,False,False,False,False,9214.0,12909.7547901323,False,False,False,False,546.6209645083449,False,False,False,False
2025-05-14 18:00:00+00:00,42.23,42.24,42.12,42.135,421.0,,,,,,,,,42.15055014430014,39.75179241176076,38.37070531724201,36.946483424461846,35.133458922603644,37.323521890895094,,,,,,,,,,41.22542758762463,39.41211311404532,37.50255057828594,37.19470270377261,35.09070441874375,,38.5938375057951,37.50255057828594,37.323521890895094,38.27941868521058,38.08509968049445,"rgba(38, 166, 154, 0.75)",2.3094070101952453,37.70126457929527,1.9198588213906413,70.71088884555077,18.663002233829488,True,False,True,False,False,18.415448338497086,0.0,0.0,0.0,0.0,0,1.0154098360655737,0.9218032786885244,False,False,False,False,0.34118578761300644,0.3384885032291632,False,False,False,False,8793.0,12845.929134471333,False,False,False,False,544.6733526555023,False,False,False,False
2025-05-14 19:00:00+00:00,42.13,42.265,41.97,42.265,102.0,,,,,,,,,42.151393162393155,39.76410211560886,38.380276150455245,36.95630050272257,35.13821890979706,37.326157081664086,,,,,,,,,,41.235193266198756,39.42142613278533,37.512455428091585,37.204720488305945,35.10014508203511,,38.603558193296,37.512455428091585,37.326157081664086,38.2860746537735,38.094788079483344,"rgba(38, 166, 154, 0.75)",2.3255377717698202,37.70747681807598,1.9597717298978012,70.70815120283778,18.663002233829488,True,False,True,False,False,18.858834059402966,0.0,0.0,0.0,0.0,0,1.0133442488743347,0.916496111338518,False,False,False,False,0.3370873581250084,0.3377879306770858,False,False,False,False,8895.0,12784.67441920821,False,False,False,False,537.8101999011534,False,False,False,False
2025-05-15 14:00:00+00:00,39.935,39.96,39.39,39.54,800.0,,,,,,,,,41.41789696969697,39.75894682043889,38.40451028158204,36.99516382620492,35.16193600726896,37.335946973117366,,,,,,,,,,41.11439986830966,39.42681407213667,37.547147235704095,37.24245041225887,35.14705559367084,,38.62500383041701,37.547147235704095,37.335946973117366,38.17906681305153,38.09557343641603,"rgba(38, 166, 154, 0.5)",2.300759917548638,37.67752305351923,0.8095051257956364,57.94213201768942,13.654479498916288,False,False,True,False,False,5.385937293030192,0.0,0.0,0.0,0.0,0,0.9991377958927732,0.9191879604953753,False,False,False,False,0.18384757463577914,0.2608177526564325,False,False,False,False,8095.0,12711.96628867785,False,False,False,False,541.8751580422208,False,False,False,False
2025-05-15 15:00:00+00:00,39.54,40.23,39.49,40.17,725.0,,,,,,,,,41.11442685851319,39.76582772231251,38.43143135620137,37.03375434128962,35.18480175647183,37.346026211540746,,,,,,,,,,41.04091243982623,39.43908694600452,37.58249582963382,37.28027741024117,35.19183605639341,,38.64987346746979,37.58249582963382,37.346026211540746,38.146044707721536,38.10692173641983,#000000,2.2788187393575368,37.68480381044036,1.09056334610461,52.21328790942098,8.725288123585699,False,True,False,False,False,7.666108763125056,0.0,0.0,0.0,0.0,0,1.002567294227478,0.9152792904932316,False,False,False,False,0.1950778208529154,0.22794778675467392,False,False,False,False,8820.0,12651.625726062688,False,False,False,False,544.7143028787755,False,False,False,False
2025-05-15 16:00:00+00:00,40.175,40.185,39.905,40.045,1100.0,,,,,,,,,40.857296903460835,39.77939474265517,38.472632041163735,37.092006108248476,35.21966756229744,37.361644615476315,,,,,,,,,,40.95296256154999,39.459410918664005,37.63596934881028,37.3373901231322,35.25934680982008,,38.68812946113259,37.63596934881028,37.361644615476315,38.13044032888366,38.12901595239531,"rgba(239, 83, 80, 1.0)",2.256552944025338,37.70092193307901,1.0387870903394465,48.029681218890346,5.2113398426217685,False,True,False,True,False,7.121517236596034,0.0,0.0,0.0,0.0,0,1.0161007492427865,0.9111270524469949,False,False,False,False,0.20635687128920108,0.21715232902193748,False,False,False,False,7720.0,12575.166412480321,False,False,False,False,553.3233834542983,False,False,False,False
2025-05-15 17:00:00+00:00,40.06,40.15,39.95,40.09,102.0,,,,,,,,,40.83998146960302,39.78066851387605,38.4763894292375,37.09732648702419,35.222887434094346,37.36309354680405,,,,,,,,,,40.94573671497585,39.46128348938069,37.64084722276949,37.34260176316595,35.26553548123636,,38.69161730942969,37.64084722276949,37.36309354680405,38.13005781343986,38.13120093430567,"rgba(239, 83, 80, 1.0)",2.2357276704054216,37.70258079222216,1.0678488437480032,45.456739754542035,3.0370075618817154,False,True,False,True,False,7.285388273697166,0.0,0.0,0.0,0.0,0,1.0129351644841904,0.9148834238262535,False,False,False,False,0.20666241773200855,0.21190737337697302,False,False,False,False,7822.0,12501.473909961247,False,False,False,False,546.3261216953169,False,False,False,False
2025-05-15 18:00:00+00:00,40.09,40.095,39.905,39.97,2.0,,,,,,,,,40.83961815202679,39.78068692554641,38.47645952976412,37.097428043136084,35.222949570193116,37.36312117053642,,,,,,,,,,40.94558452760085,39.46131563215597,37.64093978198056,37.34270100400477,35.26565481603098,,38.69168187506735,37.64093978198056,37.36312117053642,38.13004389853382,38.131239152354624,"rgba(239, 83, 80, 1.0)",2.214171347650628,37.70260678906569,1.024036921686369,43.3217925392729,1.0674542333551997,False,True,False,True,False,6.748366596769419,0.0,0.0,0.0,0.0,0,1.012613763372186,0.9133003353025704,False,False,False,False,0.20360865507677117,0.2077580142268721,False,False,False,False,7820.0,12428.892919109134,False,False,False,False,537.8869570178701,False,False,False,False
2025-05-15 19:00:00+00:00,39.97,40.05,39.72,39.97,570.0,,,,,,,,,40.739030926525686,39.78393067055643,38.49517823132362,37.12532428408386,35.240308841576265,37.37074124650959,,,,,,,,,,40.9007724041635,39.46901403330547,37.666173842457304,37.36987420333933,35.298873333333326,,38.7087536672469,37.666173842457304,37.37074124650959,38.125752366762576,38.140941563319785,"rgba(239, 83, 80, 1.0)",2.190034674125988,37.70862309670836,1.0325758445784081,41.89849439576014,-0.4174884760543023,False,True,False,True,False,6.748366596769419,0.0,0.0,0.0,0.0,0,1.0188527878058564,0.9117529081427996,False,False,False,False,0.1965990947784392,0.20217855450265565,False,False,False,False,7820.0,12357.4372149369,False,False,False,False,538.384833653252,False,False,False,False
2025-05-16 14:00:00+00:00,40.34,40.54,40.135,40.26,1177.0,,,,,,,,,40.66075396825397,39.80929803425086,38.54276245799115,37.18919874305957,35.278771790774215,37.388775461648386,,,,,,,,,,40.85230819412409,39.49764160292492,37.7254753651894,37.432714307320026,35.37177925784966,,38.75370978887672,37.7254753651894,37.388775461648386,38.144926742663024,38.175983745481616,"rgba(239, 83, 80, 1.0)",2.1699014425246426,37.73981108838338,1.1614301286810638,42.72107692862613,-0.4174884760543023,False,True,False,True,False,7.85110516273803,0.0,0.0,0.0,0.0,0,1.0282513005202083,0.8953181272509004,False,False,False,False,0.224297390284238,0.21323797239344683,False,False,False,False,8997.0,12305.337413154932,False,False,False,False,548.2858439842094,False,False,False,False
2025-05-16 15:00:00+00:00,40.26,40.32,40.09,40.095,400.0,,,,,,,,,40.63189837874792,39.81506891424897,38.557106468715304,37.20935731524399,35.291342327171776,37.39455600094969,,,,,,,,,,40.83370549171597,39.505296808864806,37.74394443709402,37.45243048048049,35.395370705095885,,38.76706600418576,37.74394443709402,37.39455600094969,38.149888234179606,38.18614958465024,"rgba(239, 83, 80, 1.0)",2.144905764535822,37.74808114663277,1.094182733885805,42.48770659983962,-0.5355878506471754,False,True,False,True,False,7.081154598758786,0.0,0.0,0.0,0.0,0,1.02812248186946,0.9015310233682511,False,False,False,False,0.2161535512880602,0.2146957618407535,False,False,False,False,8597.0,12247.843809850203,False,False,False,False,545.9868386511208,False,False,False,False
2025-05-16 16:00:00+00:00,40.09,40.15,39.91,39.98,0.0,,,,,,,,,40.63189837874792,39.81506891424897,38.557106468715304,37.20935731524399,35.291342327171776,37.39455600094969,,,,,,,,,,40.83370549171597,39.505296808864806,37.74394443709402,37.45243048048049,35.395370705095885,,38.76706600418576,37.74394443709402,37.39455600094969,38.149888234179606,38.18614958465024,"rgba(239, 83, 80, 1.0)",2.116412913781686,37.74808114663277,1.054576278018995,41.774665027766645,-1.7397577272742524,False,True,False,True,False,6.542221452890022,0.0,0.0,0.0,0.0,0,1.0170278637770898,0.9159198305360924,False,False,False,False,0.20544045963186644,0.21006811073631,False,False,False,False,8597.0,12191.241580240121,False,False,False,False,537.5219264239716,False,False,False,False
2025-05-16 17:00:00+00:00,39.98,40.18,39.94,40.025,0.0,,,,,,,,,40.63189837874792,39.81506891424897,38.557106468715304,37.20935731524399,35.291342327171776,37.39455600094969,,,,,,,,,,40.83370549171597,39.505296808864806,37.74394443709402,37.45243048048049,35.395370705095885,,38.76706600418576,37.74394443709402,37.39455600094969,38.149888234179606,38.18614958465024,"rgba(239, 83, 80, 1.0)",2.074627149829839,37.74808114663277,1.0975074984215745,41.64167239634341,-2.4331963002681576,False,True,False,True,False,6.721226693463837,0.0,0.0,0.0,0.0,0,1.0176039119804399,0.909046454767726,False,False,False,False,0.207273624837986,0.208670867787148,False,False,False,False,8597.0,12135.516904577482,False,False,False,False,529.1882531460806,False,False,False,False
2025-05-16 18:00:00+00:00,40.02,40.245,40.01,40.17,8.0,,,,,,,,,40.63132450492635,39.815173870544434,38.557386062036365,37.20975409604998,35.291591707584615,37.39467025739937,,,,,,,,,,40.83332925586137,39.50544204490345,37.74430693880122,37.4528180622613,35.39583754431261,,38.76732552193956,37.74430693880122,37.39467025739937,38.14998341642352,38.18634676922799,"rgba(239, 83, 80, 1.0)",2.0293473343919914,37.74823955792054,1.1933691197347638,42.70106837416071,-2.4331963002681576,False,True,False,True,False,7.303249733976532,0.0,0.0,0.0,0.0,0,1.0199167414904904,0.9078442576116235,False,False,False,False,0.21140329326998358,0.2100370805285658,False,False,False,False,8605.0,12080.78020838248,False,False,False,False,521.107815112808,False,False,False,False
2025-05-16 19:00:00+00:00,40.175,40.28,39.94,40.0,516.0,,,,,,,,,40.59215124716554,39.8204163059163,38.574444807908996,37.23453036095554,35.30739689026683,37.401836951618485,,,,,,,,,,40.80758190532467,39.51368045207907,37.766799080433955,37.47695389475939,35.425325123293135,,38.78303780990131,37.766799080433955,37.401836951618485,38.15512942730528,38.198068091178044,"rgba(239, 83, 80, 1.0)",1.9774853287004452,37.757383981908475,1.1340746682380278,42.332905109729225,-2.7257542037091795,False,True,False,True,False,6.472405045878514,0.0,0.0,0.0,0.0,0,1.019141484075914,0.9051071108577012,False,False,False,False,0.21033196149684755,0.21018452101270668,False,False,False,False,8089.0,12018.89214313624,False,False,False,False,521.0286241808265,False,False,False,False
2025-05-19 14:00:00+00:00,39.26,39.695,39.235,39.655,0.0,,,,,,,,,40.59215124716554,39.8204163059163,38.574444807908996,37.23453036095554,35.30739689026683,37.401836951618485,,,,,,,,,,40.80758190532467,39.51368045207907,37.766799080433955,37.47695389475939,35.425325123293135,,38.78303780990131,37.766799080433955,37.401836951618485,38.15512942730528,38.198068091178044,"rgba(239, 83, 80, 1.0)",1.9236747795970988,37.757383981908475,0.9864536553777397,40.131942191962,-5.220459775477551,False,True,False,True,False,4.804112406517959,0.0,0.0,0.0,0.0,0,1.00850822461713,0.9160521837776516,False,False,False,False,0.17115490786582235,0.1906697144392645,False,False,False,False,8089.0,11957.963582777536,False,False,False,False,512.9506610152322,False,False,False,False
2025-05-19 15:00:00+00:00,39.655,40.255,39.625,40.045,500.0,,,,,,,,,40.55284225053079,39.82339939534285,38.5895516485097,37.257315202811306,35.32229869571511,37.40849066263968,,,,,,,,,39.975,40.78111880999301,39.520075411017785,37.7872715445044,37.499051111032486,35.452948800459815,,38.79677325804718,37.7872715445044,37.40849066263968,38.15898297592491,38.50257761283458,"rgba(239, 83, 80, 1.0)",1.8734248951687742,37.82415862353592,1.1854445738343875,41.92273705370232,-5.220459775477551,False,True,False,True,False,6.423884870188573,0.0,0.0,0.0,0.0,1,1.0187383894677327,0.9030772958565542,False,False,False,False,0.1999490727999845,0.19530939361962452,False,False,False,False,8589.0,11905.731589246101,False,False,False,False,512.7498755731356,False,False,False,False
2025-05-19 16:00:00+00:00,40.055,40.095,39.865,39.895,401.0,,,,,,,,,40.52362501514968,39.8253542878137,38.601233745401665,37.2751621268934,35.33412177123339,37.41375383628191,,,,,,,,,39.964615242323354,40.76050076452599,39.524820903025336,37.80324596922624,37.51632820963256,35.47474870697988,,38.80734877029528,37.80324596922624,37.41375383628191,38.16220846379562,38.50737663261889,"rgba(239, 83, 80, 0.75)",1.8240074852660575,37.82946241673074,1.1324172734784437,42.18009355317484,-5.220459775477551,False,True,False,True,True,5.693117057748868,0.0,0.0,0.0,0.0,1,1.0225315844532068,0.8990906896274239,False,False,False,False,0.2023882011430912,0.19884879738135786,False,False,False,False,8188.0,11848.092339800425,False,False,False,False,511.01731936269937,False,False,False,False
2025-05-19 17:00:00+00:00,39.9,40.06,39.84,39.85,457.0,,,,,,,,,40.49177155106416,39.826913229727026,38.61396652758069,37.29495305703105,35.347420958489465,37.419643164230415,,,,,,,,,39.9484793814433,40.737254505997946,39.529670295447794,37.82087420224255,37.53544491303893,35.4991445837189,,38.81880597239801,37.82087420224255,37.419643164230415,38.1657780813538,38.51181131364824,"rgba(239, 83, 80, 0.75)",1.7758539197086145,37.83500553971325,1.1346622815785292,42.061161787518785,-5.220459775477551,False,True,False,True,True,5.472027762859302,0.0,0.0,0.0,0.0,1,1.0220511586881564,0.9000080186031589,False,False,False,False,0.2005586337142132,0.19970371554778554,False,False,False,False,7731.0,11784.261450811271,False,False,False,False,510.1798415431226,False,False,False,False
2025-05-19 18:00:00+00:00,39.905,39.99,39.775,39.92,951.0,,,,,,,,,40.43301497739588,39.82924919128875,38.639260581900736,37.3348685435399,35.3747200392204,37.43170465025719,,,,,,,,,39.926453009961016,40.69158836944128,39.5388425999261,37.856261601483084,37.57391262235784,35.548817332065894,,38.841449405222846,37.856261601483084,37.43170465025719,38.17380299726714,38.5226459225392,"rgba(239, 83, 80, 0.75)",1.7224334948393378,37.8470557139179,1.2034974309852595,42.65070927510986,-5.220459775477551,False,True,False,True,True,5.773096443742773,0.0,0.0,0.0,0.0,1,1.0209365510628094,0.9014703532044108,False,False,False,False,0.19644692706234032,0.19807532130506295,False,False,False,False,8682.0,11736.164374054506,False,False,False,False,517.0142626044695,False,False,False,False
2025-05-19 19:00:00+00:00,39.92,40.14,39.87,40.12,400.0,,,,,,,,,40.41751913709117,39.83229459321691,38.65082530269336,37.35224525638763,35.38647821551727,37.437046168844866,,,,,,,,,39.94371108650178,40.67713452248235,39.54411446087398,37.87184458496616,37.59073056600776,35.570078051087975,,38.85199247790523,37.87184458496616,37.437046168844866,38.179401445625196,38.532935545319994,"rgba(239, 83, 80, 0.75)",1.6656100335264858,37.855073765829964,1.3598178376571466,44.912275346520076,-8.511340631584318,False,True,False,True,True,6.636151299878982,0.0,0.0,0.0,0.0,1,1.022358370464672,0.8995066836409927,False,False,False,False,0.20391386193239458,0.20099459161872876,False,False,False,False,9082.0,11695.014538797846,False,False,False,False,515.2000879904467,False,False,False,False
2025-05-20 14:00:00+00:00,40.3,40.37,39.74,39.88,600.0,,,,,,,,,40.39382915845765,39.83572866975404,38.66725002034009,37.37745142739129,35.40382921112443,37.44487487171119,,,,,,,,,39.953313186259685,40.65511290902553,39.5510986504793,37.894313623546005,37.615060393597716,35.60126585251291,,38.866858698240236,37.894313623546005,37.44487487171119,38.187160559796446,38.54502743590352,"rgba(239, 83, 80, 0.75)",1.608818286594108,37.96022632793562,1.1932818566654717,44.46350255845289,-8.511340631584318,False,True,False,True,True,5.408651463317639,0.0,0.0,0.0,0.0,1,1.0200882306601542,0.8968804159445406,False,False,False,False,0.2069680022268732,0.20398129692280098,False,False,False,False,8482.0,11645.200359901755,False,False,False,False,516.5148153084243,False,False,False,False
2025-05-20 15:00:00+00:00,39.89,39.95,39.72,39.85,300.0,,,,,,,,,40.3786682179031,39.83577282699839,38.674362768882425,37.38913205369424,35.41216156088848,37.44853207242421,,,,,,,,,39.943893968781744,40.64213340410474,39.55331087174777,37.904546896914454,37.626253556476,35.61614556517668,,38.873137164240106,37.904546896914454,37.44853207242421,38.18977158346514,38.5477140438669,"rgba(239, 83, 80, 0.75)",1.5523883807491643,37.96095224293937,1.2168654316705196,43.925838155733295,-8.511340631584318,False,True,False,True,True,5.254732011749802,0.0,0.0,0.0,0.0,1,1.0197017268445838,0.9038461538461537,False,False,False,False,0.19355743805093897,0.19876936748686996,False,False,False,False,8182.0,11591.507331066068,False,False,False,False,513.1579964664332,False,False,False,False
2025-05-20 16:00:00+00:00,39.85,39.905,39.725,39.885,4.0,,,,,,,,,40.378471069354504,39.835773179891795,38.67445688795451,37.38928694144493,35.4122724056973,37.448580725720504,,,,,,,,,39.94377710120859,40.64196278214109,39.553339969033416,37.90468249655238,37.62640192609734,35.61634317763424,,38.873220186511276,37.90468249655238,37.448580725720504,38.18980686834393,38.547751242111175,"rgba(239, 83, 80, 0.75)",1.480827675188419,37.96097381640286,1.2992910760884613,43.96933375285795,-8.511340631584318,False,True,False,True,True,5.4133080756093825,0.0,0.0,0.0,0.0,1,1.0288003808314818,0.9035226912091397,False,False,False,False,0.19153176920361678,0.19515056834524336,False,False,False,False,8186.0,11538.708767793725,False,False,False,False,505.26407404059705,False,False,False,False
2025-05-20 17:00:00+00:00,39.885,39.98,39.79,39.935,100.0,,,,,,,,,40.374161167856826,39.83599943916033,38.67693269851518,37.39325275054853,35.41508134939258,37.44982863286123,,,,,,,,,39.94264296615494,40.63805496903153,39.55422670264584,37.90817714895703,37.63021072925211,35.62135150296853,,38.87542701113664,37.90817714895703,37.44982863286123,38.19087600638911,38.549110669834995,"rgba(239, 83, 80, 0.75)",1.472650894699078,37.96212675305099,1.3396747688474746,44.60993461615327,-8.03345452197415,False,True,False,True,True,5.643181061254396,0.0,0.0,0.0,0.0,1,1.0268183988540505,0.902355562629317,False,False,False,False,0.19581153198907641,0.1954810501671599,False,False,False,False,8286.0,11488.279174494599,False,False,False,False,498.9809101019831,False,False,False,False
2025-05-20 18:00:00+00:00,39.92,40.03,39.82,39.935,139.0,,,,,,,,,40.368629113848726,39.83643804251246,38.68043209876544,37.39880285609282,35.41900311945189,37.45157995916256,,,,,,,,,39.942126600899954,40.63288537791053,39.55554581737316,37.913079156701535,37.63554573897166,35.628336911582245,,38.87855811333135,37.913079156701535,37.45157995916256,38.19248086497232,38.55125326723985,"rgba(239, 83, 80, 0.75)",1.4611727734509063,37.96409438704017,1.3488518598009946,45.037001858350145,-7.415341398331172,False,True,False,True,True,5.643181061254396,0.0,0.0,0.0,0.0,1,1.0268847227762266,0.9015556441962504,False,False,False,False,0.1982602848299927,0.1968706674985763,False,False,False,False,8286.0,11438.631435355148,False,False,False,False,493.399810720557,False,False,False,False
2025-05-20 19:00:00+00:00,39.935,40.05,39.82,39.95,489.0,,,,,,,,,40.35070082399567,39.83814023058047,38.69270257258215,37.41822556359639,35.43278140639316,37.457750409051854,,,,,,,,,39.941887045995536,40.61557386402344,39.5602563684958,37.930235638948524,37.65421347911318,35.65279861626755,,38.889547613502444,37.930235638948524,37.457750409051854,38.198383501033284,38.55916083547401,"rgba(239, 83, 80, 0.75)",1.457308777807303,37.97151234652769,1.3576310549979582,45.54355297283806,-6.739082300899291,False,True,False,True,True,5.7146754741809005,0.0,0.0,0.0,0.0,1,1.0267166440704998,0.8989552595900788,False,False,False,False,0.19692287691069316,0.19689677220463472,False,False,False,False,8775.0,11397.334823954292,False,False,False,False,493.3315966008584,False,False,False,False
2025-05-21 14:00:00+00:00,39.91,40.02,39.66,39.8,702.0,,,,,,,,,40.321016971946534,39.837875742948135,38.7083425347427,37.44436501187881,35.4519214110639,37.466153283208506,,,,,,,,,39.92584804018772,40.58825745618362,39.56486141206213,37.9530029300772,37.67918706775619,35.686518497633124,,38.90327213680207,37.9530029300772,37.466153283208506,38.204945825964764,38.56627923398333,"rgba(239, 83, 80, 1.0)",1.4529121641575926,37.97797820914916,1.2540481357365878,43.99490820699525,-6.739082300899291,False,True,False,True,False,4.87450954248153,0.0,0.0,0.0,0.0,1,1.0236402843223382,0.9036818145515532,False,False,False,False,0.18778243110352996,0.19233960165408234,False,False,False,False,8073.0,11345.794749164303,False,False,False,False,496.56676564580636,False,False,False,False
2025-05-21 15:00:00+00:00,39.76,39.88,39.58,39.645,200.0,,,,,,,,,40.31118055004103,39.83698702682716,38.71223045259437,37.45132329444162,35.457188982884546,37.46841016930328,,,,,,,,,39.91729639519359,40.579596805704796,39.56553182887387,37.95896353864859,37.68578925033053,35.69573876118523,,38.90658958857057,37.95896353864859,37.46841016930328,38.20622007934867,38.56715276332276,"rgba(239, 83, 80, 1.0)",1.449311681920661,37.97879343757645,1.1496537171462378,41.27464639002386,-6.334084035010115,False,True,False,True,False,4.007359058768973,0.0,0.0,0.0,0.0,1,1.0174135314322228,0.9086188992731048,False,False,False,False,0.15299895427619248,0.17266927796513742,False,False,False,False,7873.0,11291.952970107492,False,False,False,False,491.96883129470854,False,False,False,False
2025-05-21 16:00:00+00:00,39.655,39.895,39.56,39.78,160.0,,,,,,,,,40.304077210590975,39.83650937374916,38.7154542055224,37.45696570880932,35.46143657451837,37.47024736969524,,,,,,,,,39.91219415139737,40.573125181738874,39.566232671092465,37.96382069324995,37.69115291321407,35.70316400012225,,38.909367334120205,37.96382069324995,37.47024736969524,38.20744840714758,38.5682816018025,"rgba(239, 83, 80, 1.0)",1.4448171523081905,37.979906747124744,1.2458969288947668,41.77513711901436,-6.334084035010115,False,True,False,True,False,4.685789560563727,0.0,0.0,0.0,0.0,1,1.012564249000571,0.9113975687362321,False,False,False,False,0.15054734749330115,0.16160831272921927,False,False,False,False,8033.0,11241.426567470166,False,False,False,False,486.82202770874403,False,False,False,False
2025-05-21 17:00:00+00:00,39.795,39.88,39.24,39.46,100.0,,,,,,,,,40.29802873518505,39.83550706822371,38.71703373054507,37.46014297191221,35.463951953717185,37.471284049013754,,,,,,,,,39.905188382094614,40.568078116459276,39.56613633781328,37.966472551215496,37.694136178696624,35.70754102082713,,38.91064293045139,37.966472551215496,37.471284049013754,38.20765808476616,38.567925431184406,"rgba(239, 83, 80, 1.0)",1.4417066275773123,37.97959402299498,1.0268427353300993,38.916201780003334,-8.417871765337217,False,True,False,True,False,2.885514520106188,0.0,0.0,0.0,0.0,1,1.005845579280669,0.9142648372168546,False,False,False,False,0.12539742598019948,0.14350286935470938,False,False,False,False,7933.0,11190.133132315588,False,False,False,False,480.82478696907356,False,False,False,False
2025-05-21 18:00:00+00:00,39.44,39.505,39.12,39.12,0.0,,,,,,,,,40.29802873518505,39.83550706822371,38.71703373054507,37.46014297191221,35.463951953717185,37.471284049013754,,,,,,,,,39.905188382094614,40.568078116459276,39.56613633781328,37.966472551215496,37.694136178696624,35.70754102082713,,38.91064293045139,37.966472551215496,37.471284049013754,38.20765808476616,38.567925431184406,"rgba(239, 83, 80, 1.0)",1.4382207852160163,37.97959402299498,0.792928310261996,34.673853715832784,-12.200607329789683,False,True,False,True,False,1.0233926956439952,0.0,0.0,0.0,0.0,0,0.9983520105471324,0.937458800263678,False,False,False,False,0.10593238931898989,0.12471762933684963,False,False,False,False,7933.0,11139.634944217672,False,False,False,False,473.3701391090879,False,False,False,False
2025-05-21 19:00:00+00:00,39.12,39.205,38.775,39.1,115.0,,,,,,,,,40.286754318322025,39.83250923896694,38.71772550657627,37.462903641044505,35.466485263505035,37.47218523855346,,,,,,,,,39.887205114512874,40.559575918908976,39.5646300612653,37.968537316466005,37.696622162378475,35.7119048462884,,38.910917992908395,37.968537316466005,37.47218523855346,38.206427201161375,38.56474590330334,"rgba(239, 83, 80, 1.0)",1.4347604941857102,37.97661750627511,0.7829756243479918,31.72533194782289,-14.685146479354117,False,True,False,True,False,0.9144493154980005,0.0,0.0,0.0,0.0,0,0.9941108161911081,0.9358825481088253,False,False,False,False,0.08068609972172773,0.10270186452928867,False,False,False,False,7818.0,11088.136728028252,False,False,False,False,467.81401292135007,False,False,False,False
2025-05-22 14:00:00+00:00,38.4,38.675,38.36,38.675,237.0,,,,,,,,,40.25594244604317,39.822938962631255,38.71704844324116,37.46690989876781,35.471026515689424,37.473494541678804,,,,,,,,38.56999999999999,39.83388699117563,40.53721371209965,39.55893946343506,37.97094170630505,37.69996724790856,35.71962801860762,,38.909260436967905,37.97094170630505,37.473494541678804,38.20122680134194,38.555796734218795,"rgba(239, 83, 80, 1.0)",1.4372790296283309,38.00262662390895,0.4678099118060015,27.62633855847446,-18.22087251687553,False,True,False,True,False,0.0,0.0,0.0,0.0,0.0,0,0.9819336743111697,0.9326843755155912,False,False,False,False,0.043872920476883945,0.0732873925030863,False,False,False,False,7581.0,11033.762515190603,False,False,False,False,464.2355010931121,False,False,False,False
2025-05-22 15:00:00+00:00,38.695,38.825,38.585,38.765,101.0,,,,,,,,,40.24432173455585,39.8194035473655,38.71706394395014,37.46884707442754,35.47305437635232,37.47413030612431,,,,,,,,38.61631656804733,39.81508282963958,40.5285747549598,39.55691109773231,37.97222413996331,37.70163759814995,35.72308494766932,,38.908879437415564,37.97222413996331,37.47413030612431,38.199470163795944,38.55911884802309,"rgba(239, 83, 80, 1.0)",1.4394613043938327,38.00148584739138,0.5304165872872441,26.390732600717428,-19.138538330673565,False,True,False,True,False,0.0,0.0,0.0,0.0,0.0,0,0.9848109625227008,0.928842661383523,False,False,False,False,0.014642679933449325,0.04396503621826781,False,False,False,False,7682.0,10981.79720487757,False,False,False,False,458.60394293662966,False,False,False,False
2025-05-22 16:00:00+00:00,38.765,38.925,38.545,38.555,1.0,,,,,,,,,40.244203802509965,39.81936706304927,38.71706313209296,37.468865462306574,35.47307413303388,37.474136346108686,,,,,,,,38.61648967551622,39.814891444239265,40.52848727267006,39.55688986016795,37.97223597359737,37.70165330235611,35.72311856550656,,38.90887464941554,37.97223597359737,37.474136346108686,38.19945165651689,38.559109442007646,"rgba(239, 83, 80, 1.0)",1.441652823971573,38.001458841383226,0.3839628719290664,24.549267947558345,-20.771203989127343,False,True,False,True,False,0.0,0.0,0.0,0.0,0.0,0,0.9808752584424534,0.9416781529979324,False,False,False,False,0.017346444789801737,0.030655740504034773,False,False,False,False,7681.0,10930.622054414353,False,False,False,False,451.50930816241834,False,False,False,False
2025-05-22 17:00:00+00:00,38.535,38.84,38.535,38.8,1.0,,,,,,,,,40.24408964532613,39.81933217504038,38.717063285275906,37.46888461186658,35.4730941979803,37.47414263751479,,,,,,,,38.616808823529404,39.81470851516168,40.5284021583526,39.55686982766235,37.97224864873968,37.70166981274134,35.723152751995805,,38.90887088519491,37.97224864873968,37.47414263751479,38.19943442550068,38.55912293402613,"rgba(239, 83, 80, 0.75)",1.445255752173135,38.00144135269826,0.5525379477653001,27.106665062333594,-20.771203989127343,False,True,False,True,True,0.0,0.0,0.0,0.0,0.0,0,0.9877380641794936,0.9346030089573004,False,False,False,False,0.013065585155376877,0.021860662829705824,False,False,False,False,7682.0,10880.255821012579,False,False,False,False,444.5246677257917,False,False,False,False
2025-05-22 18:00:00+00:00,38.82,38.875,38.695,38.71,200.0,,,,,,,,,40.22211615339059,39.812620744635915,38.7172283852114,37.47280921332604,35.47714535445041,37.47543482011108,,,,,,,,38.66984259259259,39.78045361047959,40.51186653575825,39.553050383045374,37.9748925976271,37.705073788770605,35.73005397175289,,38.908263843581814,37.9748925976271,37.47543482011108,38.196225778520905,38.56074764000378,"rgba(239, 83, 80, 0.75)",1.4491981411292922,37.99798173852666,0.4913187791688009,28.21033392387953,-20.771203989127343,False,True,False,True,True,0.0,0.0,0.0,0.0,0.0,0,0.9920669514427687,0.9230232760875248,False,False,False,False,0.021853302687933365,0.021856982758819594,False,False,False,False,7482.0,10827.569684252694,False,False,False,False,440.73358760601195,False,False,False,False
2025-05-22 19:00:00+00:00,38.71,38.78,38.52,38.56,246.0,,,,,,,,,40.19346117493094,39.803398870518215,38.71677069978378,37.47708238696587,35.48190268445364,37.4768478139046,,,,,,,,38.65424300254453,39.73587653549864,40.49035513442723,39.547581858178695,37.97754483162031,37.70867909164692,35.738109342246894,,38.9068252728527,37.97754483162031,37.4768478139046,38.191577271759506,38.55034139945189,"rgba(239, 83, 80, 0.75)",1.4545872669308841,37.988933546213346,0.3925969013819169,27.98295423908144,-20.771203989127343,False,True,False,True,True,0.0,0.0,0.0,0.0,0.0,0,0.9872500218321544,0.9269932756964455,False,False,False,False,0.009686305114819022,0.015771643936819308,False,False,False,False,7236.0,10771.886433334048,False,False,False,False,437.71446221677144,False,False,False,False
2025-05-23 14:00:00+00:00,38.66,38.91,38.605,38.685,0.0,,,,,,,,,40.19346117493094,39.803398870518215,38.71677069978378,37.47708238696587,35.48190268445364,37.4768478139046,,,,,,,,38.65424300254453,39.73587653549864,40.49035513442723,39.547581858178695,37.97754483162031,37.70867909164692,35.738109342246894,,38.9068252728527,37.97754483162031,37.4768478139046,38.191577271759506,38.55034139945189,"rgba(239, 83, 80, 0.75)",1.458580245764241,37.988933546213346,0.47722191206692494,29.806799490869437,-24.871424603260362,False,True,False,True,True,0.0,0.0,0.0,0.0,0.0,0,0.9875993363025062,0.9241114313160422,False,False,False,False,0.019374432703197927,0.017573038320008616,False,False,False,False,7236.0,10717.066488631193,False,False,False,False,430.9281914847285,False,False,False,False
2025-05-23 15:00:00+00:00,38.695,38.825,38.46,38.46,325.0,,,,,,,,,40.15625446883065,39.79104431791074,38.715935677519155,37.48249154951507,35.488089230189786,37.47864681450156,,,,,,,,38.633012301230124,39.68013003418041,40.462107240437156,39.54016017305785,37.98080845523051,37.71320032508407,35.74854235342816,,38.90469551314351,37.98080845523051,37.47864681450156,38.18541034307783,38.53685155466404,"rgba(239, 83, 80, 0.75)",1.464662532235215,37.97755321701632,0.32939108659208977,29.438438566168166,-24.871424603260362,False,True,False,True,True,0.0,0.0,0.0,0.0,0.0,0,0.9883102154758789,0.9216609962488005,False,False,False,False,0.009010478121521238,0.013291758220764928,False,False,False,False,6911.0,10658.057705861718,False,False,False,False,429.28589394232955,False,False,False,False
2025-05-23 16:00:00+00:00,38.475,38.77,38.475,38.68,200.0,,,,,,,,,40.1350402689264,39.78393601121453,38.715654270233415,37.48597428155092,35.49195767731226,37.479811045153596,,,,,,,,38.63433257055683,39.650155626112465,40.445677271359806,39.535931769338184,37.982998177601075,37.71615003785894,35.75505986708718,,38.90363957526247,37.982998177601075,37.479811045153596,38.182062259065184,38.53147218855921,"rgba(239, 83, 80, 0.75)",1.4685626759977493,37.972280874489556,0.4819127825304532,32.404916938557406,-22.037742797001364,False,True,False,True,True,0.0,0.0,0.0,0.0,0.0,0,0.9974550241333918,0.9187362878455462,False,False,False,False,0.007208311367519693,0.01025003479414231,False,False,False,False,7111.0,10603.06456313518,False,False,False,False,425.73107388120815,False,False,False,False
2025-05-23 17:00:00+00:00,38.68,38.89,38.66,38.81,100.0,,,,,,,,,40.12566288800798,39.78086171994615,38.71578854978193,37.48792531037345,35.49397722420075,37.48046482600601,,,,,,,,38.6451287502953,39.63787096315265,40.438224393530994,39.53417284849056,37.98432743411623,37.71784784229141,35.75847076582658,,38.90340524983809,37.98432743411623,37.48046482600601,38.18078008638605,38.530863285386246,"rgba(239, 83, 80, 0.75)",1.4588692307512592,37.97083326034931,0.5752172449470032,36.07702464295534,-18.542411576953324,False,True,False,True,True,0.0,0.0,0.0,0.0,0.0,0,0.996131868131868,0.9154285714285715,False,False,False,False,0.02095186595290475,0.01560095037352353,False,False,False,False,7211.0,10550.474414869517,False,False,False,False,420.6809797125072,False,False,False,False
2025-05-23 18:00:00+00:00,38.81,38.945,38.74,38.745,201.0,,,,,,,,,40.107525148605404,39.77488306781046,38.71614527016422,37.49189936392096,35.498057745915524,37.48180038781963,,,,,,,,38.66568651778329,39.61485546334716,40.423653666355015,39.53077186382862,37.987063297121175,37.721318335599335,35.76535615525944,,38.90303065974995,37.987063297121175,37.48180038781963,38.17838516403936,38.52981504275629,"rgba(239, 83, 80, 0.75)",1.4460517074229677,38.034654918382714,0.49123076164627705,37.88366489802977,-16.844794848573912,False,True,False,True,True,0.0,0.0,0.0,0.0,0.0,0,0.9948636202621325,0.9216259298618489,False,False,False,False,0.02703729815147244,0.021319124262497983,False,False,False,False,7010.0,10495.583338669989,False,False,False,False,417.27507305029775,False,False,False,False
2025-05-23 19:00:00+00:00,38.74,38.86,38.675,38.86,115.0,,,,,,,,,40.09727968696836,39.771454485320305,38.71632293233084,37.494142319693054,35.500379651325225,37.482556607794535,,,,,,,,38.67451939779965,39.602071250283636,40.4153744389322,39.52880909105034,37.98859837764908,37.72327286738521,35.76926655903851,,38.90279098238282,37.98859837764908,37.482556607794535,38.177022613905386,38.52884456887695,"rgba(239, 83, 80, 0.5)",1.4291038803744263,38.03283959253001,0.578796558339253,40.66880049279749,-14.218809480503637,False,False,False,True,True,0.0,0.0,0.0,0.0,0.0,0,0.9881184607199858,0.9221493172548325,False,False,False,False,0.02027581082336668,0.02079746754293233,False,False,False,False,7125.0,10443.326232644098,False,False,False,False,412.58863780920785,False,False,False,False
2025-05-26 14:00:00+00:00,38.86,38.86,38.86,38.86,0.0,,,,,,,,,40.09727968696836,39.771454485320305,38.71632293233084,37.494142319693054,35.500379651325225,37.482556607794535,,,,,,,,38.67451939779965,39.602071250283636,40.4153744389322,39.52880909105034,37.98859837764908,37.72327286738521,35.76926655903851,,38.90279098238282,37.98859837764908,37.482556607794535,38.177022613905386,38.52884456887695,"rgba(239, 83, 80, 0.5)",1.4094991347323182,38.03283959253001,0.586847048776002,42.525557555975965,-12.454079869797326,True,False,False,True,True,0.0,0.0,0.0,0.0,0.0,0,0.9898576512455516,0.9222419928825624,False,False,False,False,0.02861531149565587,0.024706389519294103,False,False,False,False,7125.0,10391.879314308531,False,False,False,False,406.1919147423984,False,False,False,False
2025-05-26 15:00:00+00:00,38.86,38.86,38.86,38.86,0.0,,,,,,,,,40.09727968696836,39.771454485320305,38.71632293233084,37.494142319693054,35.500379651325225,37.482556607794535,,,,,,,,38.67451939779965,39.602071250283636,40.4153744389322,39.52880909105034,37.98859837764908,37.72327286738521,35.76926655903851,,38.90279098238282,37.98859837764908,37.482556607794535,38.177022613905386,38.52884456887695,"rgba(239, 83, 80, 0.5)",1.392068352236212,38.03283959253001,0.5941952535170006,43.76339559809496,-11.199737704441489,True,False,False,True,True,0.0,0.0,0.0,0.0,0.0,0,0.9912453099874933,0.9212077898874397,False,False,False,False,0.02861531149565587,0.026660850507474985,False,False,False,False,7125.0,10341.230022613827,False,False,False,False,399.8943656766248,False,False,False,False
2025-05-26 16:00:00+00:00,38.86,38.86,38.86,38.86,0.0,,,,,,,,,40.09727968696836,39.771454485320305,38.71632293233084,37.494142319693054,35.500379651325225,37.482556607794535,,,,,,,,38.67451939779965,39.602071250283636,40.4153744389322,39.52880909105034,37.98859837764908,37.72327286738521,35.76926655903851,,38.90279098238282,37.98859837764908,37.482556607794535,38.177022613905386,38.52884456887695,"rgba(239, 83, 80, 0.5)",1.3685182195051204,38.03283959253001,0.6044204568713047,44.58862095950762,-10.24794690819705,True,False,False,True,True,0.0,0.0,0.0,0.0,0.0,0,0.9984651498736006,0.9165763813651139,False,False,False,False,0.02861531149565587,0.02763808100156543,False,False,False,False,7125.0,10291.365991255474,False,False,False,False,393.69445303047553,False,False,False,False
2025-05-26 17:00:00+00:00,38.86,38.86,38.86,38.86,0.0,,,,,,,,,40.09727968696836,39.771454485320305,38.71632293233084,37.494142319693054,35.500379651325225,37.482556607794535,,,,,,,,38.67451939779965,39.602071250283636,40.4153744389322,39.52880909105034,37.98859837764908,37.72327286738521,35.76926655903851,,38.90279098238282,37.98859837764908,37.482556607794535,38.177022613905386,38.52884456887695,"rgba(239, 83, 80, 0.5)",1.3470323571360565,38.03283959253001,0.6140612755796202,45.1387712004494,-9.478347098348934,True,False,False,True,True,0.0,0.0,0.0,0.0,0.0,0,0.9995461147421932,0.913489469862019,False,False,False,False,0.0269591668955493,0.027298623948557366,False,False,False,False,7125.0,10242.275045654615,False,False,False,False,387.5906630610108,False,False,False,False
2025-05-26 18:00:00+00:00,38.86,38.86,38.86,38.86,0.0,,,,,,,,,40.09727968696836,39.771454485320305,38.71632293233084,37.494142319693054,35.500379651325225,37.482556607794535,,,,,,,,38.67451939779965,39.602071250283636,40.4153744389322,39.52880909105034,37.98859837764908,37.72327286738521,35.76926655903851,,38.90279098238282,37.98859837764908,37.482556607794535,38.177022613905386,38.52884456887695,"rgba(239, 83, 80, 0.5)",1.3373254706371087,38.03283959253001,0.6185183978257185,45.50553802774392,-8.823124497731868,True,False,False,True,True,0.0,0.0,0.0,0.0,0.0,0,0.9989956172388604,0.9138970051132215,False,False,False,False,0.025495172819961463,0.026396898384259414,False,False,False,False,7125.0,10193.945199985552,False,False,False,False,381.5815054941734,False,False,False,False
2025-05-26 19:00:00+00:00,38.86,38.86,38.86,38.86,0.0,,,,,,,,,40.09727968696836,39.771454485320305,38.71632293233084,37.494142319693054,35.500379651325225,37.482556607794535,,,,,,,,38.67451939779965,39.602071250283636,40.4153744389322,39.52880909105034,37.98859837764908,37.72327286738521,35.76926655903851,,38.90279098238282,37.98859837764908,37.482556607794535,38.177022613905386,38.52884456887695,"rgba(239, 83, 80, 0.5)",1.3324280214828803,38.03283959253001,0.6207918132413858,45.75004924594026,-8.245306205409705,True,False,False,True,True,0.0,0.0,0.0,0.0,0.0,0,0.9985249377708122,0.9173043237761596,False,False,False,False,0.025495172819961463,0.025946035602110437,False,False,False,False,7125.0,10146.364654249342,False,False,False,False,375.6655131609304,False,False,False,False
2025-05-27 14:00:00+00:00,38.205,38.31,37.96,38.14,251.0,,,,,,,,,40.06435356171106,39.75902245046355,38.713600930447214,37.49654101099642,35.50442165318739,37.48337563624812,,,,,,,,38.60626811594202,39.553648850272076,40.39031833647289,39.520713927178676,37.98920737269297,37.72490383003249,35.77590979388166,,38.898982061033436,37.98920737269297,37.48337563624812,38.17021920717563,38.50871003235326,"rgba(239, 83, 80, 0.5)",1.3338347885865,38.00454334756101,0.10155429562797393,37.64417329055106,-7.923014408054584,False,False,False,True,False,0.0,0.0,0.0,0.0,0.0,0,0.9915246514171147,0.9142440535860749,False,False,False,False,-0.04066054802974347,-0.007357256213816516,False,False,False,False,6874.0,10095.630318524547,False,False,False,False,373.7327145072726,False,False,False,False
2025-05-27 15:00:00+00:00,38.14,38.245,38.055,38.22,501.0,,,,,,,,,40.00302119073823,39.735313068910976,38.70858398823647,37.50154688614945,35.512564475759554,37.485095723858784,,,,,,,,38.5187730267581,39.46824214729735,40.34270561842707,39.505254813050605,37.99070664304599,37.728407567983446,35.789263166866775,,38.891851811899784,37.99070664304599,37.485095723858784,38.15768755560891,38.47762185477562,"rgba(239, 83, 80, 1.0)",1.3323377476729479,37.974600360505534,0.18418726026720977,33.88615035999227,-11.202575153584853,False,True,False,True,False,0.0,0.0,0.0,0.0,0.0,0,0.9900529293666728,0.9184157693009676,False,False,False,False,-0.03929237539150372,-0.023324815802660118,False,False,False,False,7375.0,10053.450003508664,False,False,False,False,375.7058507164621,False,False,False,False
2025-05-27 16:00:00+00:00,38.205,38.385,38.14,38.17,450.0,,,,,,,,,39.95287905474828,39.71538666548871,38.70463904513316,37.50636545183446,35.51999556659521,37.486763748903535,,,,,,,,38.47466313872766,39.403136383136385,40.3027540864104,39.49226372895701,37.992456167242146,37.731914817281236,35.80142141787797,,38.8860761384477,37.992456167242146,37.486763748903535,38.14767158878389,38.45694424851897,"rgba(239, 83, 80, 1.0)",1.3321792347555428,37.957264065587836,0.15969017446154923,31.0088180103312,-13.682409449318484,False,True,False,True,False,0.0,0.0,0.0,0.0,0.0,0,0.9887640449438202,0.9192472823604642,False,False,False,False,-0.029035411662545217,-0.026180113732602667,False,False,False,False,6925.0,10004.946902679072,False,False,False,False,376.8576979921759,False,False,False,False
2025-05-27 17:00:00+00:00,38.19,38.26,38.115,38.23,90.0,,,,,,,,,39.94302047496925,39.71138529092137,38.70380832660454,37.50728199682655,35.521460524798336,37.487083060380456,,,,,,,,38.46652478745721,39.390616726486826,40.2948314339981,39.48963617306853,37.99275952718524,37.73256865292319,35.80380871865145,,38.884880709789705,37.99275952718524,37.487083060380456,38.14567327908342,38.45296371711008,"rgba(239, 83, 80, 1.0)",1.318733087078392,37.95393875340915,0.20933822719383924,30.437090291857984,-14.154916543044827,False,True,False,True,False,0.0,0.0,0.0,0.0,0.0,0,0.9946656856433367,0.918513749655109,False,False,False,False,-0.03587257571937578,-0.031026344725989224,False,False,False,False,7015.0,9958.591136746063,False,False,False,False,372.4102918217545,False,False,False,False
2025-05-27 18:00:00+00:00,38.235,38.28,38.11,38.125,65.0,,,,,,,,,39.93584766176593,39.708451375859916,38.703174325323374,37.50791391083796,35.52250572362381,37.487303822588224,,,,,,,,38.460310203199306,39.38151172144335,40.289065098399696,39.48770109100768,37.99294668962816,37.73300960973951,35.805508394715424,,38.88398214193417,37.99294668962816,37.487303822588224,38.14419946999987,38.45000754401902,"rgba(239, 83, 80, 1.0)",1.2989910776522569,37.95145269781948,0.13360161217903488,29.11692856652735,-15.495880622608283,False,True,False,True,False,0.0,0.0,0.0,0.0,0.0,0,0.9932855040470934,0.9131714495952907,False,False,False,False,-0.036073734967499424,-0.033550039846744324,False,False,False,False,6950.0,9911.946312920543,False,False,False,False,367.6442407857583,False,False,False,False
2025-05-27 19:00:00+00:00,38.125,38.29,38.035,38.21,581.0,,,,,,,,,39.87445670253914,39.682826650909405,38.697643972094276,37.513565507368334,35.53183512198072,37.48928995214677,,,,,,,,38.41560936789449,39.30620776329492,40.23903918849093,39.47073991497966,37.99466416323841,37.73697140684255,35.8206356939598,,38.87612401689253,37.99466416323841,37.48928995214677,38.13160298450644,38.42626678552868,"rgba(239, 83, 80, 1.0)",1.2742049914989007,37.931763227954804,0.21836107525987297,30.210350938918477,-15.495880622608283,False,True,False,True,False,0.0,0.0,0.0,0.0,0.0,0,0.9902528735632182,0.9158620689655175,False,False,False,False,-0.039044729309874286,-0.036297384578309305,False,False,False,False,7531.0,9875.032416596194,False,False,False,False,370.95208201388607,False,False,False,False
2025-05-28 14:00:00+00:00,38.15,38.24,37.83,37.835,250.0,,,,,,,,,39.84623121878025,39.67056029343025,38.694352146072575,37.515209143523535,35.53551241107992,37.48988166762186,,,,,,,,38.38704767986377,39.271122416867726,40.21611573251494,39.46241208815576,37.99455961607692,37.737853699833735,35.82651116898654,,38.87179485467576,37.99455961607692,37.48988166762186,38.125291146751394,38.41366034318563,"rgba(239, 83, 80, 1.0)",1.2592287000061875,37.92099327291425,-0.06829043279733765,27.85565646020767,-16.928305156538613,False,True,False,True,False,0.0,0.0,0.0,0.0,0.0,0,0.9837026185680277,0.9187877678080937,False,False,False,False,-0.05070731972557297,-0.043502352151941134,False,False,False,False,7281.0,9834.814859749742,False,False,False,False,369.07685593615145,False,False,False,False
2025-05-28 15:00:00+00:00,37.84,37.925,37.69,37.705,330.0,,,,,,,,,39.80649054009567,39.65281060112078,38.68889724445723,37.51643475153834,35.53996176130944,37.49034307390268,,,,,,,,38.33933843737731,39.22100882084559,40.183991790866344,39.45014329107239,37.99340619437336,37.73803140224931,35.83351611168051,,38.86492335349018,37.99340619437336,37.49034307390268,38.115822995404024,38.39420514978069,"rgba(239, 83, 80, 1.0)",1.2445861608229727,37.90421477244066,-0.16006507119517777,25.512741546617846,-19.278653970551552,False,True,False,True,False,0.0,0.0,0.0,0.0,0.0,0,0.9814238653001462,0.924871888726208,False,False,False,False,-0.07155340445596321,-0.057527878303952173,False,False,False,False,6951.0,9790.104551846645,False,False,False,False,368.4710132084591,False,False,False,False
2025-05-28 16:00:00+00:00,37.705,37.825,37.695,37.785,400.0,,,,,,,,,39.76020297507524,39.631680028779925,38.682335614241445,37.517876210640765,35.54531922865014,37.490890498180086,,,,,,,,38.290166846071045,39.16439085387639,40.14609019115609,39.43546524989819,37.991992730869484,37.73821425518327,35.84191794949736,,38.856671025153815,37.991992730869484,37.490890498180086,38.10471742592793,38.37260543950741,"rgba(239, 83, 80, 1.0)",1.2249370015057974,37.88581971559388,-0.08230604142902834,25.662834684815607,-19.326653394118036,False,True,False,True,False,0.0,0.0,0.0,0.0,0.0,0,0.9780766396462784,0.9342299189388357,False,False,False,False,-0.07591312714012746,-0.06672050272203982,False,False,False,False,7351.0,9752.28897739941,False,False,False,False,368.9598347091032,False,False,False,False
2025-05-28 17:00:00+00:00,37.785,37.935,37.78,37.78,223.0,,,,,,,,,39.73609086491741,39.62049764133422,38.67896863148805,37.51887408970775,35.54837962240443,37.49126420587263,,,,,,,,38.269163242947144,39.136048540911695,40.12602111443792,39.42769959830639,37.99143336931751,37.73852758983612,35.846723325066506,,38.85238865157875,37.99143336931751,37.49126420587263,38.09901250928741,38.36223096868904,"rgba(239, 83, 80, 1.0)",1.240839105075689,37.877112411931364,-0.07826350050874581,25.723600923100626,-19.587010248376284,False,True,False,True,False,0.0,0.0,0.0,0.0,0.0,0,0.9788686905970286,0.9298698901910123,False,False,False,False,-0.06696715125361757,-0.0668438269878287,False,False,False,False,7128.0,9711.602326587017,False,False,False,False,366.6968915353186,False,False,False,False
2025-05-28 18:00:00+00:00,37.775,37.885,37.685,37.84,600.0,,,,,,,,,39.6731892312143,39.59062317331579,38.66974186731297,37.5212873517712,35.556471658353175,37.49218228576749,,,,,,,,38.218048037064136,39.063918906729214,40.07306626895163,39.40680966670241,37.9896840625985,37.7391069885263,35.859355172500365,,38.84072729855246,37.9896840625985,37.49218228576749,38.08391592795582,38.33571272901037,"rgba(239, 83, 80, 1.0)",1.250357293080945,37.85494739549418,-0.011954499387406536,27.191780893644847,-19.587010248376284,False,True,False,True,False,0.0,0.0,0.0,0.0,0.0,0,0.9756345177664975,0.9315182279649284,False,False,False,False,-0.07361818767593253,-0.07023100733188062,False,False,False,False,7728.0,9680.848802143808,False,False,False,False,370.31399399213535,False,False,False,False
2025-05-28 19:00:00+00:00,37.795,37.845,37.52,37.54,1936.0,,,,,,,,,39.47949522220041,39.4921092665834,38.63571737124289,37.52431718506284,35.58026362726202,37.493525244675396,,,,,,,,38.06559247253737,38.85147941944402,39.90600095565073,39.336215863019916,37.97935091969764,37.73618790371636,35.89558938440511,,38.798977977297675,37.97935091969764,37.493525244675396,38.034237986171156,38.25291670263874,"rgba(239, 83, 80, 1.0)",1.2595177362499783,37.785827395670594,-0.1951758110231212,25.7079096034779,-20.035932128625948,False,True,False,True,False,0.0,0.0,0.0,0.0,0.0,0,0.9722478333026,0.9338004794394248,False,False,False,False,-0.08303262278940925,-0.07663181506064493,False,False,False,False,5792.0,9620.556572653206,False,False,False,False,394.5881956356681,False,False,False,False
2025-05-29 14:00:00+00:00,38.74,38.8,38.415,38.66,250.0,,,,,,,,38.625,39.46913619758835,39.48650517898074,38.63567205619544,37.52809129977597,35.58475746430203,37.494897494360465,,,,,,,,38.08386421043463,38.84721330620856,39.89476528786444,39.33257539771915,37.981770784922226,37.73939448164396,35.90276275629097,,38.798203530263656,37.981770784922226,37.494897494360465,38.117722813029,38.254620889297705,"rgba(239, 83, 80, 0.5)",1.2506083204470972,37.87297545350769,0.6293133778375473,37.78507849585735,-17.388899626360747,True,False,False,True,True,0.0,0.0,0.0,0.0,0.0,0,0.9710616748055705,0.9234038705009949,False,False,False,False,0.0015975071459933998,-0.037517153957325765,False,False,False,False,6042.0,9565.075075402769,False,False,False,False,392.3465181839523,False,False,False,False
2025-05-29 15:00:00+00:00,38.67,38.755,38.35,38.37,200.0,,,,,,,,38.565740740740736,39.45974738257613,39.48138796015294,38.63518659295095,37.53072726029271,35.588185746689945,37.49586366022889,,,,,,,,38.09424879042526,38.84193500098971,39.88498861907583,39.32914598669142,37.983295068980475,37.74155941828786,35.90819461200339,,38.79711578723255,37.983295068980475,37.49586366022889,38.10811990623319,38.25476678520771,"rgba(239, 83, 80, 0.5)",1.244213091161056,37.87048945745976,0.401467036546055,43.17801363643392,-12.91570358171915,True,False,False,True,True,0.0,0.0,0.0,0.0,0.0,0,0.9706863894651392,0.9247767655813115,False,False,False,False,-0.0034232544034246263,-0.020470204180375196,False,False,False,False,5842.0,9507.352981210477,False,False,False,False,389.36440162296077,False,False,False,False
2025-05-29 16:00:00+00:00,38.34,38.62,38.34,38.59,165.0,,,,,,,,38.55257452574526,39.45233287273075,39.47731135981424,38.63485788005112,37.53294738996929,35.59103229866843,37.496679313962844,,,,,,,,38.10294051627385,38.837999437804015,39.87716774052007,39.326421540733534,37.98460726426911,37.743395347946965,35.912701962550265,,38.79629716772517,37.98460726426911,37.496679313962844,38.10539080584885,38.25503340144254,#000000,1.2348401362777661,37.87034484289974,0.5827921655264233,48.292682707393325,-8.65738575052795,True,False,False,False,True,0.0,0.0,0.0,0.0,0.0,0,0.9780929006453958,0.9221888919189167,False,False,False,False,-0.010041835722180287,-0.015256019951277741,False,False,False,False,6007.0,9453.083942742098,False,False,False,False,385.8858837683412,False,False,False,False
2025-05-29 17:00:00+00:00,38.575,38.735,38.565,38.6,100.0,,,,,,,,38.56386946386946,39.44844896539733,39.47515543975272,38.63485532174344,37.534447064168084,35.592823478501494,37.49722948531782,,,,,,,,38.10947325204253,38.83650954842154,39.87287391834668,39.32501585337824,37.985573090360504,37.74467104351525,35.91554816852882,,38.79600938303874,37.985573090360504,37.49722948531782,38.10668988839291,38.25566641065622,"rgba(38, 166, 154, 1.0)",1.2225702139052195,37.871632129986054,0.5957677209289631,51.772112153403796,-5.795961304253325,True,False,True,False,True,0.0,0.0,0.0,0.0,0.0,0,0.9814326021661962,0.9175389096204606,False,False,False,False,0.005477228554852726,-0.004889395698212508,False,False,False,False,6107.0,9401.206672311988,False,False,False,False,381.4535444851111,False,False,False,False
2025-05-29 18:00:00+00:00,38.6,38.705,38.46,38.48,400.0,,,,,,,,38.558295964125556,39.43169249623805,39.46578105376724,38.63427843156868,37.53994424488874,35.59976744846274,37.499260603864705,,,,,,,,38.130079430293065,38.828355733182434,39.85483332198311,39.31876564197483,37.98890460967718,37.74925286127622,35.92651947812921,,38.79427212840704,37.98890460967718,37.499260603864705,38.10414574898795,38.25667301093086,"rgba(38, 166, 154, 1.0)",1.2089051036164382,37.87287894016479,0.502207375929679,52.845122233581414,-4.923052493618123,True,False,True,False,True,0.0,0.0,0.0,0.0,0.0,0,0.9800945282675876,0.916378840210871,False,False,False,False,-0.0009134996186188712,-0.0029014476584156897,False,False,False,False,5707.0,9343.932150260638,False,False,False,False,381.7410864310784,False,False,False,False
2025-05-29 19:00:00+00:00,38.485,38.595,38.425,38.505,976.0,,,,,,,,38.53497529092938,39.391573253795144,39.442720841661924,38.63226225232911,37.552588192800094,35.61634657127561,37.50399602999061,,,,,,,,38.16896050552922,38.80768863450893,39.811523804815884,39.30315887954962,37.99630077030814,37.75966744919428,35.95250696134648,,38.78946071754911,37.99630077030814,37.50399602999061,38.096351776111696,38.25711528646466,"rgba(38, 166, 154, 1.0)",1.1838946188190844,37.87356347009643,0.5333553509462032,53.78107923163465,-3.89802901878938,True,False,True,False,True,0.0,0.0,0.0,0.0,0.0,0,0.9803278688524588,0.9193078324225867,False,False,False,False,-0.022417053525896593,-0.01265925059215614,False,False,False,False,6683.0,9302.677388241093,False,False,False,False,390.95440292051904,False,False,False,False
2025-05-30 14:00:00+00:00,36.255,36.8,36.255,36.565,500.0,,,,,,,,38.14999356747716,39.329482645995746,39.407341653868954,38.61524313463919,37.54586012146018,35.61903591012763,37.50168402278117,,,,,,,,38.08747173586793,38.73506682465467,39.758490414127,39.27616541622707,37.98575459127514,37.75115461749283,35.955520858983824,,38.770235543476424,37.98575459127514,37.50168402278117,38.02409157947857,38.221374922661205,"rgba(239, 83, 80, 0.5)",1.2070771973493122,37.8237576185762,-1.0428145120630068,43.97713799715906,2.272473495877364,True,False,False,True,False,0.0,0.0,0.0,0.0,0.0,0,0.9663783974585244,0.930638898693964,False,False,False,False,-0.2260425215082607,-0.11935088605020842,False,False,False,False,6183.0,9254.310296950533,False,False,False,False,392.645032332604,False,False,False,False
2025-05-30 15:00:00+00:00,36.565,36.7,36.43,36.56,336.0,,,,,,,,37.96785559731238,39.289591398772494,39.38423696575513,38.60408784221088,37.54149258470372,35.620879930179804,37.500174119941995,,,,,,,,38.03790146162036,38.689314586076456,39.724058958734226,39.25847234623499,37.978865955606814,37.74560937203304,35.95760904907975,,38.757633032512466,37.978865955606814,37.500174119941995,37.9869026341252,38.198833104197945,"rgba(239, 83, 80, 0.5)",1.2271410853050053,37.795430119807705,-1.0067547526539191,37.42795920762263,-3.5592153957458237,False,False,False,True,False,0.0,0.0,0.0,0.0,0.0,0,0.9662126304617016,0.9338404387051124,False,False,False,False,-0.23040492779037589,-0.17487790692029215,False,False,False,False,5847.0,9201.483780718741,False,False,False,False,391.7668147770597,False,False,False,False
2025-05-30 16:00:00+00:00,36.535,36.56,35.575,35.95,400.0,,,,,,,,37.73466987275824,39.23454674599492,39.35209152518019,38.58752456969543,37.53352722614833,35.62182496332505,37.49736005423523,,,,,,,36.028333333333336,37.96299443978504,38.624210145370775,39.67724799451129,39.233585879014356,37.967684914493184,37.736118119556565,35.957897131704,,38.73920395910354,37.967684914493184,37.49736005423523,37.93736356533391,37.89850899472107,"rgba(239, 83, 80, 1.0)",1.2699471507767799,37.75508361401038,-1.4213848292082667,31.581285231946538,-8.722541455055094,False,True,False,True,False,0.0,0.0,0.0,0.0,0.0,0,0.9492177257232758,0.937942487544795,True,False,False,False,-0.28575247242219093,-0.23031518967124154,False,False,False,False,5447.0,9143.274729854886,False,False,False,False,391.8944610595859,False,False,False,False
2025-05-30 17:00:00+00:00,35.95,36.17,35.92,36.12,186.0,,,,,,,,37.64653192902552,39.20990342613916,39.33753748956966,38.58001920713792,37.529953570600256,35.622307801467734,37.49609218649013,,,,,,,36.04155858930603,37.930742267411674,38.59547817760307,39.6561264139856,39.22229256231129,37.962640044211966,37.73184714048798,35.958109063620164,,38.73084936194084,37.962640044211966,37.49609218649013,37.9174779443472,37.887349282367225,"rgba(239, 83, 80, 1.0)",1.2698598915409645,37.73882050894306,-1.2748024563392064,29.129229794813128,-10.87989561452033,False,True,False,True,False,0.0,0.0,0.0,0.0,0.0,0,0.9520685734277966,0.9475203358698505,False,False,False,False,-0.2881709102183104,-0.259243049944776,False,False,False,False,5633.0,9088.851865826127,False,False,False,False,388.7022988726156,False,False,False,False
2025-05-30 18:00:00+00:00,36.09,36.405,36.09,36.345,600.0,,,,,,,,37.44718372639598,39.13810673201281,39.29441791044775,38.55811078478067,37.520184874022554,35.624585562809166,37.492617604294615,,,,,,,36.16218662169758,37.84474371219356,38.51439928022567,39.593539877237426,39.18879651765838,37.94833309714784,37.71994008483805,35.96006019369742,,38.7063510759406,37.94833309714784,37.492617604294615,37.86788674210908,37.86649992308699,"rgba(239, 83, 80, 1.0)",1.2600899081322943,37.699888788552784,-1.0752318384654007,29.37874061110933,-10.87989561452033,False,True,False,True,False,0.0,0.0,0.0,0.0,0.0,0,0.9568709621093067,0.9403701763576043,False,False,False,False,-0.2742346749073676,-0.2667388624260718,False,False,False,False,6233.0,9044.575092712545,False,False,False,False,391.9782322234277,False,False,False,False
2025-05-30 19:00:00+00:00,36.35,36.495,36.235,36.35,338.0,,,,,,,,37.36462517786265,39.100278908002004,39.27128908891634,38.54637882663806,37.51509944538825,35.626017541838294,37.49079754139406,,,,,,,36.20605861767279,37.802411921833254,38.47272429844141,39.56012083129484,39.1707705528952,37.94076149911619,37.71368595543583,35.96142119058167,,38.69321278487376,37.94076149911619,37.49079754139406,37.84492664714852,37.853494358408895,"rgba(239, 83, 80, 1.0)",1.2503950294726855,37.679989911397925,-1.0636557888100409,29.588591413314212,-11.096904034288471,False,True,False,True,False,0.0,0.0,0.0,0.0,0.0,0,0.9582024432809771,0.9404013961605586,False,False,False,False,-0.2688224949539937,-0.26778067869003275,False,False,False,False,6571.0,9006.22509127514,False,False,False,False,391.1413604060102,False,False,False,False
2025-06-02 14:00:00+00:00,36.53,37.06,36.42,36.985,301.0,,,,,,,,37.330233235129064,39.07297982009236,39.25421479405952,38.538219994027905,37.512403180385476,35.628087233398126,37.48984135424131,,,,,,,36.307591780821916,37.778127262257314,38.44476388732607,39.53514659395041,39.15751520036994,37.93603082648692,37.71004767518543,35.96402027603513,,38.68392662864304,37.93603082648692,37.48984135424131,37.83228280161911,37.85415543780414,"rgba(239, 83, 80, 0.5)",1.2133604701946126,37.67173794286468,-0.5659801515987533,34.62988299599291,-11.096904034288471,False,False,False,True,True,0.0,0.0,0.0,0.0,0.0,0,0.9576989619377162,0.9324394463667818,False,False,False,False,-0.22837011752075134,-0.24807539810539203,False,False,False,False,6872.0,8973.136330170099,False,False,False,False,389.74381993459923,False,False,False,False
2025-06-02 15:00:00+00:00,36.985,37.19,36.87,37.085,216.0,,,,,,,,37.31797671765968,39.05572158642464,39.243236213517655,38.533179418905185,37.51111190549802,35.62984926460734,37.48938906884572,,,,,,,36.385984811366974,37.76538595215001,38.42799740596629,39.51897755435818,39.14900900564488,37.93334614469135,37.708116550022076,35.96636612213419,,38.678123603810796,37.93334614469135,37.48938906884572,37.825780596494035,37.85689794329174,"rgba(239, 83, 80, 0.5)",1.1724688013292055,37.66827359128818,-0.4974747222501185,38.65205852525112,-11.096904034288471,True,False,False,True,True,0.0,0.0,0.0,0.0,0.0,0,0.9683873202840808,0.9302788844621515,False,False,False,False,-0.22835233917891362,-0.23821386864215283,False,False,False,False,7088.0,8943.9094103225,False,False,False,False,387.05011729995425,False,False,False,False
2025-06-02 16:00:00+00:00,37.085,37.185,37.025,37.165,0.0,,,,,,,,37.31797671765968,39.05572158642464,39.243236213517655,38.533179418905185,37.51111190549802,35.62984926460734,37.48938906884572,,,,,,,36.385984811366974,37.76538595215001,38.42799740596629,39.51897755435818,39.14900900564488,37.93334614469135,37.708116550022076,35.96636612213419,,38.678123603810796,37.93334614469135,37.48938906884572,37.825780596494035,37.85689794329174,"rgba(239, 83, 80, 0.5)",1.1190873976610811,37.66827359128818,-0.449717861482518,41.889381991241606,-17.073794113786548,True,False,False,True,True,0.0,0.0,0.0,0.0,0.0,0,0.9695072148107812,0.9429167801070879,False,False,False,False,-0.21990611212802577,-0.22905999038508928,False,False,False,False,7088.0,8915.135621015175,False,False,False,False,381.04934028755184,False,False,False,False
2025-06-02 17:00:00+00:00,37.165,37.21,37.105,37.115,0.0,,,,,,,,37.31797671765968,39.05572158642464,39.243236213517655,38.533179418905185,37.51111190549802,35.62984926460734,37.48938906884572,,,,,,,36.385984811366974,37.76538595215001,38.42799740596629,39.51897755435818,39.14900900564488,37.93334614469135,37.708116550022076,35.96636612213419,,38.678123603810796,37.93334614469135,37.48938906884572,37.825780596494035,37.85689794329174,"rgba(239, 83, 80, 0.5)",1.1321842200403396,37.66827359128818,-0.48867806271709185,43.700601697350706,-15.027964759879922,True,False,False,True,True,0.0,0.0,0.0,0.0,0.0,0,0.9700173152282873,0.9401257632370366,False,False,False,False,-0.21401214103849284,-0.22153606571179107,False,False,False,False,7088.0,8886.80793696843,False,False,False,False,375.1415985776673,False,False,False,False
2025-06-02 18:00:00+00:00,37.095,37.37,37.08,37.325,0.0,,,,,,,,37.31797671765968,39.05572158642464,39.243236213517655,38.533179418905185,37.51111190549802,35.62984926460734,37.48938906884572,,,,,,,36.385984811366974,37.76538595215001,38.42799740596629,39.51897755435818,39.14900900564488,37.93334614469135,37.708116550022076,35.96636612213419,,38.678123603810796,37.93334614469135,37.48938906884572,37.825780596494035,37.85689794329174,"rgba(239, 83, 80, 0.5)",1.132005364008662,37.66827359128818,-0.30324378505820154,46.52899822947839,-11.983115048085367,True,False,False,True,True,0.0,0.0,0.0,0.0,0.0,0,0.9668721818349127,0.9480997515413638,False,False,False,False,-0.206455581587266,-0.21399582364952854,False,False,False,False,7088.0,8858.919441821632,False,False,False,False,369.32544976250966,False,False,False,False
2025-06-02 19:00:00+00:00,37.33,37.41,37.275,37.33,347.0,,,,,,,,37.31930573847601,39.032521768469145,39.22812657629855,38.52672048957298,37.510343015923915,35.633247644488264,37.48914088541663,,,,,,,36.524370463428255,37.753735094478074,38.40737716093145,39.496435742373684,39.13735344859572,37.9304692434883,37.70639098452147,35.97111791498649,,38.6705304304746,37.9304692434883,37.48914088541663,37.819915159806506,37.865906256600425,#000000,1.1325778099078807,37.66739113123708,-0.29789664629269547,48.453908147307786,-9.771681555949556,True,False,False,False,True,0.0,0.0,0.0,0.0,0.0,0,0.9595391705069121,0.9472811059907834,False,False,False,False,-0.19335629530170537,-0.20367605947561696,False,False,False,False,7435.0,8836.843171405793,False,False,False,False,368.9793187584398,False,False,False,False
2025-06-03 14:00:00+00:00,37.035,37.185,36.9,37.17,1000.0,,,,,,,,37.28220269200317,38.959545346673174,39.180232268829926,38.504605498629715,37.50495722274982,35.641522142236965,37.48723635721014,,,,,,,36.689845533254626,37.70498991666059,38.33899131199256,39.42667655056699,39.099974046552305,37.91885054785988,37.69814545985325,35.98212596025879,,38.6450506478967,37.91885054785988,37.48723635721014,37.79432878976184,37.857449915874874,#000000,1.133887052067832,37.64597319992794,-0.4197712629841913,48.31531353555387,-9.411736953192474,True,False,False,False,True,0.0,0.0,0.0,0.0,0.0,0,0.9525557492887947,0.949435624483803,False,False,False,False,-0.2269424397685673,-0.21530924962209214,False,False,False,False,6435.0,8799.605292779348,False,False,False,False,378.7625851342779,False,False,False,False
2025-06-03 15:00:00+00:00,37.165,37.32,37.06,37.29,401.0,,,,,,,,37.27868771093905,38.93384315317977,39.16285128909364,38.4967724960489,37.503534485654775,35.64512922945692,37.48673859326466,,,,,,,36.74630597343187,37.69131114258734,38.31632544668491,39.40141015375522,39.08636757854643,37.915038791473634,37.69563233107188,35.98702535051367,,38.635947552745336,37.915038791473634,37.48673859326466,37.786793851091105,37.85492709600812,#000000,1.133895569337137,37.63954047783237,-0.3082651412393364,49.3380434049746,-7.863132953876921,True,False,False,False,True,0.0,0.0,0.0,0.0,0.0,0,0.9550541185103648,0.9481746468537884,False,False,False,False,-0.21037084320930202,-0.2128400464156971,False,False,False,False,6836.0,8769.16179986804,False,False,False,False,379.1073512562271,False,False,False,False
2025-06-03 16:00:00+00:00,37.29,37.43,37.23,37.35,3.0,,,,,,,,37.27871359825371,38.93366628523619,39.162729950610164,38.49671943919347,37.50352817915738,35.64515808658368,37.48673647563856,,,,,,,36.74677303094234,37.691235809200116,38.31617656991372,39.40123303404628,39.0862726752245,37.91501507862754,37.6956181174245,35.98706520526551,,38.63588531770744,37.91501507862754,37.48673647563856,37.78675028781045,37.85492369008056,#000000,1.131862067011243,37.6395069466046,-0.2557793524868795,50.58622744206393,-6.115160823009774,True,False,False,False,True,0.0,0.0,0.0,0.0,0.0,0,0.9689325790596305,0.9447278122971347,False,False,False,False,-0.19474664951089873,-0.2037933479632979,False,False,False,False,6839.0,8739.2368107228,False,False,False,False,373.27622953132436,False,False,False,False
2025-06-03 17:00:00+00:00,37.35,37.505,37.32,37.475,102.0,,,,,,,,37.28102575379954,38.928038588362206,39.158831900647456,38.4950684698672,37.50343809631652,35.646194680458066,37.48671086695561,,,,,,,36.764756890943346,37.689386526069114,38.311638445127585,39.39551011195376,39.08323001636229,37.91434456059905,37.69526548653126,35.988515825253536,,38.63393004213627,37.91434456059905,37.48671086695561,37.78561547948666,37.855330982854994,"rgba(38, 166, 154, 1.0)",1.1215539814621294,37.638799994298004,-0.1460473566189502,52.6023880780123,-3.7126963400354924,True,False,True,False,True,0.0,0.0,0.0,0.0,0.0,0,0.9613059250302294,0.9440052088177846,False,False,False,False,-0.18558378141048126,-0.19468856468688958,False,False,False,False,6941.0,8711.357170246476,False,False,False,False,369.07039651533483,False,False,False,False
2025-06-03 18:00:00+00:00,37.47,37.51,37.395,37.47,3.0,,,,,,,,37.28110370261821,38.92787646467619,39.15871917535795,38.495021131083774,37.50343639390737,35.64622557655804,37.48671046672524,,,,,,,36.76529082199984,37.68933780807796,38.31150945614566,39.39534443272419,39.08314204938495,37.914325891252844,37.69525611792102,35.988559183981174,,38.63387382576726,37.914325891252844,37.48671046672524,37.78558470156097,37.85534572018595,"rgba(38, 166, 154, 1.0)",1.1133108443001236,37.63878205228965,-0.1516037081231828,53.882396393897686,-2.0608510169201537,True,False,True,False,True,0.0,0.0,0.0,0.0,0.0,0,0.9620725002329696,0.9419439008480107,False,False,False,False,-0.18115233611935502,-0.1879204504031223,False,False,False,False,6938.0,8683.86326063025,False,False,False,False,363.39488649184125,False,False,False,False
2025-06-03 19:00:00+00:00,37.475,37.51,37.22,37.225,278.0,,,,,,,,37.282561015676336,38.91159004877339,39.147483016354066,38.49006320192791,37.5027912414433,35.64886320993819,37.48649069348517,,,,,,,36.802116167664686,37.68222769888322,38.297789372556814,39.37901268090321,39.07433274079927,37.91207334647544,37.69388005375498,35.9921843589115,,38.62807003205639,37.91207334647544,37.48649069348517,37.781406061085484,37.85420205249364,#000000,1.1094406187294121,37.635285134964604,-0.3698126137066105,51.769482150908935,-2.0608510169201537,True,False,False,False,True,0.0,0.0,0.0,0.0,0.0,0,0.9583255466267984,0.9462717249112316,False,False,False,False,-0.19085551343059884,-0.18938798191686057,False,False,False,False,6660.0,8652.48553565924,False,False,False,False,362.07093476328555,False,False,False,False
2025-06-04 14:00:00+00:00,38.305,38.76,38.28,38.64,425.0,,,,,,,,37.35468956202117,38.90623409441199,39.142050341971455,38.49051081260168,37.50839456520384,35.65586664100547,37.48862853697696,,,,,,,36.9645293478261,37.70721284575714,38.30321248398138,39.36928433016582,39.070437530441815,37.91579555285214,37.6986872439807,36.002841796875,,38.6276140071565,37.91579555285214,37.48862853697696,37.79233922202751,37.87900014148501,"rgba(38, 166, 154, 1.0)",1.0946117951046366,37.6518191746038,0.9027682963179989,59.20894450509557,3.182543406109403,True,False,True,False,True,2.9170865542599564,0.0,0.0,0.0,0.0,0,0.9524981765134934,0.9363603209336255,False,False,False,False,-0.06491245174482099,-0.12715021683084077,False,False,False,False,7085.0,8628.183434331188,False,False,False,False,363.0465791855602,False,False,False,False
2025-06-04 15:00:00+00:00,38.665,39.265,38.64,39.135,2800.0,,,,,,,,37.80440415093121,38.91600242136009,39.134658729670406,38.51166425832806,37.55917153690739,35.708250762004,37.50837384912336,,,,,,,37.73975247747749,37.91346953546519,38.38836980884264,39.343450665284244,39.067723729024536,37.95582037422942,37.74506332967971,36.08296894803549,,38.64391881419307,37.95582037422942,37.50837384912336,37.877503672617785,38.02957735850484,"rgba(38, 166, 154, 1.0)",1.07904967364733,37.76828111915501,1.2665949624221609,65.6030270759621,8.95583034309395,True,False,True,False,True,5.692758366431452,0.0,0.0,0.0,0.0,0,0.9641104851898961,0.9266763583499912,False,False,False,False,-0.01848425278335302,-0.0728172348070969,False,False,False,False,9885.0,8647.668962481092,False,False,False,False,400.82880276407866,False,False,False,False
2025-06-04 16:00:00+00:00,39.135,39.135,38.815,38.89,130.0,,,,,,,,37.81860460297727,38.91613172662104,39.134158842820796,38.51247988000119,37.56134166295704,35.71059494443856,37.50923811989039,,,,,,,37.760588977423645,37.92098958624936,38.3914610219061,39.342118143459906,39.0674572099535,37.95749518918218,37.747028141495726,36.08650337035983,,38.644511820277565,37.95749518918218,37.50923811989039,37.88036425424375,38.034205205003786,"rgba(38, 166, 154, 1.0)",1.0648315351258189,37.772132061505104,1.0498073184532526,67.65392976439139,10.670221426310562,True,False,True,False,True,4.153398500641554,0.0,0.0,0.0,0.0,0,0.9653992043667311,0.9478212600610606,False,False,False,False,-0.016072817584268435,-0.04444502619568266,False,False,False,False,9755.0,8664.8368855434,False,False,False,False,396.6299065971937,False,False,False,False
2025-06-04 17:00:00+00:00,38.925,39.025,38.82,38.85,100.0,,,,,,,,37.82883221243409,38.916074180650305,39.133677458204886,38.51303559255315,37.56294829582097,35.71236895559599,37.50987990624121,,,,,,,37.775500436872,37.92643106360076,38.39361069878565,39.340974662887554,39.067171276571784,37.95871689823834,37.748474450292925,36.089170381611815,,38.64489368477539,37.95871689823834,37.50987990624121,37.88240237164295,38.0375062336076,"rgba(38, 166, 154, 1.0)",1.0562529513793115,37.774886375425055,1.0178562087528424,68.65502609207721,11.635189027414917,True,False,True,False,True,3.902634647577365,0.0,0.0,0.0,0.0,0,0.9590833178697343,0.9493412506958622,False,False,False,False,-0.021699838963445933,-0.0330724325795643,False,False,False,False,9655.0,8680.188251659007,False,False,False,False,392.03099331661707,False,False,False,False
2025-06-04 18:00:00+00:00,38.86,38.895,38.74,38.805,0.0,,,,,,,,37.82883221243409,38.916074180650305,39.133677458204886,38.51303559255315,37.56294829582097,35.71236895559599,37.50987990624121,,,,,,,37.775500436872,37.92643106360076,38.39361069878565,39.340974662887554,39.067171276571784,37.95871689823834,37.748474450292925,36.089170381611815,,38.64489368477539,37.95871689823834,37.50987990624121,37.88240237164295,38.0375062336076,"rgba(38, 166, 154, 1.0)",1.0399056913235227,37.774886375425055,0.9905836973195951,68.8747556735759,12.0906167483381,True,False,True,False,True,3.6167197834473477,0.0,0.0,0.0,0.0,0,0.9572267263069608,0.9522877644208371,False,False,False,False,-0.03295836192411398,-0.033015397251839135,False,False,False,False,9655.0,8695.301612098401,False,False,False,False,385.9529934202354,False,False,False,False
2025-06-04 19:00:00+00:00,38.805,39.0,38.765,38.99,226.0,,,,,,,,37.85166697579523,38.916090568662064,39.13268857733074,38.51435051201075,37.56661926904195,35.71639607893269,37.51134902246752,,,,,,,37.80837724881195,37.93875689595132,38.398592312539385,39.33852776923863,39.06660474281674,37.961524828663684,37.751786380889165,36.09522200979279,,38.64582025139319,37.961524828663684,37.51134902246752,37.88702300060585,38.04492402358796,"rgba(38, 166, 154, 1.0)",1.0274322625138164,37.78111501951047,1.1766079620000958,69.84776699908548,13.388539307537904,True,False,True,False,True,4.685584494535057,0.0,0.0,0.0,0.0,0,0.9572681470423583,0.948964359022206,False,False,False,False,-0.025987996768627186,-0.029501697010233162,False,False,False,False,9881.0,8713.684532841062,False,False,False,False,383.473102049379,False,False,False,False
2025-06-05 14:00:00+00:00,39.39,40.11,39.04,40.11,398.0,,,,,,,,37.919358882628266,38.92665129570352,39.13766744603227,38.52138918229661,37.576999777356356,35.7253066023348,37.51545979870942,,,,,,,37.9021611743801,37.977616267599316,38.42087000234131,39.342714324356294,39.07117741863528,37.970710749585685,37.76171590196154,36.10895018889749,,38.6523900903721,37.970710749585685,37.51545979870942,37.90326185500874,38.069489503469626,"rgba(38, 166, 154, 1.0)",1.0328759159056153,37.80214523783167,2.23439691702447,73.83402816186393,17.442486651262158,True,False,True,False,True,10.639038216243865,0.0,0.0,0.0,0.0,0,0.9645578918372966,0.926636672481866,False,False,False,False,0.04825169167697796,0.009374997333372399,False,False,False,False,10279.0,8737.95298969624,False,False,False,False,383.69832527341964,False,False,False,False
2025-06-05 15:00:00+00:00,40.1,40.25,39.51,39.68,756.0,,,,,,,,38.03930901119767,38.947398815603485,39.147808672000615,38.535181790794695,37.596984743351825,35.742374759072405,37.52343508308004,,,,,,,38.06252145763966,38.049370680592176,38.46304726417993,39.35156697354232,39.080447010749864,37.988481162563275,37.7808683509708,36.13516977186906,,38.66532577242605,37.988481162563275,37.52343508308004,37.93321326787153,38.11393408401339,"rgba(38, 166, 154, 1.0)",1.0284202571057373,38.04431621610035,1.5904818799494709,72.86637460498244,17.442486651262158,True,False,True,False,True,7.88956907269128,0.0,0.0,0.0,0.0,0,0.9747929747929744,0.9232869232869236,False,False,False,False,0.08106999140519147,0.04522249436928193,False,False,False,False,9523.0,8750.124261173818,False,False,False,False,389.4704442614286,False,False,False,False
2025-06-05 16:00:00+00:00,39.695,39.925,39.525,39.605,411.0,,,,,,,,38.09408541194255,38.95666391605541,39.15215655769986,38.541816754416786,37.60707996110171,35.751303572806115,37.52750597602864,,,,,,,38.1333036124969,38.0834048872688,38.482843187491795,39.35494228385177,39.08452438777577,37.997329644716885,37.7904832870564,36.14877699642173,,38.671465328645404,37.997329644716885,37.52750597602864,37.94723030715016,38.13445103588501,"rgba(38, 166, 154, 1.0)",1.0183319561779343,38.05969484292615,1.5174866581559336,71.62018524720196,17.442486651262158,True,False,True,False,True,7.418625182641907,0.0,0.0,0.0,0.0,0,0.9828021310402838,0.9231703897560524,False,False,False,False,0.06437448494484935,0.054798489657065644,False,False,False,False,9112.0,8755.734737744768,False,False,False,False,389.8042358232669,False,False,False,False
2025-06-05 17:00:00+00:00,39.52,39.88,39.505,39.725,0.0,,,,,,,,38.09408541194255,38.95666391605541,39.15215655769986,38.541816754416786,37.60707996110171,35.751303572806115,37.52750597602864,,,,,,,38.1333036124969,38.0834048872688,38.482843187491795,39.35494228385177,39.08452438777577,37.997329644716885,37.7904832870564,36.14877699642173,,38.671465328645404,37.997329644716885,37.52750597602864,37.94723030715016,38.13445103588501,"rgba(38, 166, 154, 0.75)",1.0153906096130172,38.05969484292615,1.640063578792135,71.23969905436212,17.442486651262158,True,False,True,False,False,8.039751950346798,0.0,0.0,0.0,0.0,0,0.9838739921245075,0.9245265329083072,False,False,False,False,0.06087866349175113,0.057838576574408385,False,False,False,False,9112.0,8761.258230182833,False,False,False,False,383.76075929887514,False,False,False,False
2025-06-05 18:00:00+00:00,39.72,39.745,39.545,39.63,200.0,,,,,,,,38.118725427691,38.9608154110976,39.15407041977244,38.544891821257764,37.611851625825445,35.75558434517453,37.52944020210618,,,,,,,38.164624605896826,38.099008286554394,38.491894081606056,39.356339591349865,39.08634147870701,38.0014882512036,37.79501674959762,36.15527707183264,,38.67429481935927,38.0014882512036,37.52944020210618,37.9536256075607,38.143748764593504,"rgba(38, 166, 154, 0.75)",1.0113774925479786,38.066795805841764,1.5456189263417706,70.10481040950619,17.442486651262158,True,False,True,False,False,7.427763783760639,0.0,0.0,0.0,0.0,0,0.9888168405225072,0.9188046236255993,False,False,False,False,0.05577203426716492,0.056805305420786656,False,False,False,False,8912.0,8763.595311885425,False,False,False,False,380.91175527873753,False,False,False,False
2025-06-05 19:00:00+00:00,39.63,39.695,39.31,39.62,583.0,,,,,,,,38.18190224151499,38.97092305166701,39.15845279884152,38.55296203199648,37.624965847233405,35.767694657046974,37.534796559764246,,,,,,,38.24330115640925,38.13996615534453,38.51529550465849,39.358950399510256,39.09064228854111,38.012770971552094,37.80740825697378,36.17355662753232,,38.68161891864493,38.012770971552094,37.534796559764246,37.970242455437806,38.16773642006523,"rgba(38, 166, 154, 0.75)",1.0064662872583419,38.084565827758084,1.5255694022543997,69.24822030824954,17.442486651262158,True,False,True,False,False,7.362565349595705,0.0,0.0,0.0,0.0,0,0.9843324889764516,0.9195984613941276,False,False,False,False,0.04046849984246004,0.04863690263162335,False,False,False,False,8329.0,8756.857400073248,False,False,False,False,384.04490635968733,False,False,False,False
2025-06-06 14:00:00+00:00,38.76,38.815,38.53,38.585,125.0,,,,,,,,38.186253394689196,38.96970535466476,39.157207056441194,38.553118637332,37.62644747970887,35.76966546046019,37.53542887912346,,,,,,,38.24814228547456,38.14301169732171,38.51590455894665,39.35679539377001,39.089738224974546,38.01375982218656,37.80867785716023,36.176411755094996,,38.68154972916187,38.01375982218656,37.53542887912346,37.97111803748852,38.169055199366156,"rgba(38, 166, 154, 0.75)",0.989982832684088,38.082588551449206,0.5074951119997037,61.02534086996012,16.326913874296565,True,False,True,False,False,1.0127058707468137,0.0,0.0,0.0,0.0,0,0.9777386142287359,0.9210648362860593,False,False,False,False,-0.04852018715292499,5.835773934917757e-05,False,False,False,False,8204.0,8748.285967513973,False,False,False,False,380.0287062610875,False,False,False,False
2025-06-06 15:00:00+00:00,38.58,38.825,38.45,38.765,100.0,,,,,,,,38.189950209643605,38.96884640852308,39.15628559383124,38.553294293005536,37.62767231290303,35.77126025170329,37.535950939833306,,,,,,38.68,38.252283216671465,38.145598346178545,38.516526650997044,39.35516883366578,39.08907679145077,38.014594615477804,37.80973526128008,36.178724987449456,,38.68154749186736,38.014594615477804,37.535950939833306,37.97189428706331,38.22685652257455,"rgba(38, 166, 154, 0.75)",0.973739300442077,38.26424314082643,0.5142617320120767,56.695356116485826,12.47888254466001,True,False,True,False,False,2.011315762702946,0.0,0.0,0.0,0.0,0,0.9758767860456486,0.9195583596214514,False,False,False,False,-0.052279725137991305,-0.026110683699321062,False,False,False,False,8304.0,8741.397812978872,False,False,False,False,375.6871759314582,False,False,False,False
2025-06-06 16:00:00+00:00,38.785,38.85,38.705,38.785,2.0,,,,,,,,38.1900385536757,38.968835210989226,39.15627106262468,38.5533005698992,37.62769910561356,35.77129322563911,37.53596228841967,,,,,,38.68196078431372,38.25238439906689,38.14565945798414,38.516546626232,39.35514118862799,39.089066813023635,38.01461379592623,37.80975881025194,36.17877305639481,,38.68155033444014,38.01461379592623,37.53596228841967,37.97191428812302,38.22710054798014,"rgba(38, 166, 154, 0.75)",0.9567474084646386,38.26432817240122,0.5442103349245909,53.942668470373455,10.078572797288054,True,False,True,False,False,2.122838028854506,0.0,0.0,0.0,0.0,0,0.9781151052337492,0.9221456509592107,False,False,False,False,-0.03724936607502329,-0.03168002488717218,False,False,False,False,8306.0,8734.647459289277,False,False,False,False,369.8935763046139,False,False,False,False
2025-06-06 17:00:00+00:00,38.785,39.045,38.76,38.93,401.0,,,,,,,,38.211070087457905,38.96816354633617,39.15439168949945,38.555278993887356,37.633656950439146,35.77817861627654,37.538473886531506,,,,,,38.86508614976806,38.27679098966027,38.16017388839011,38.52246287791096,39.350908272239664,39.08792587543439,38.01909838926846,37.81509502244229,36.188861155092425,,38.68287479726144,38.01909838926846,37.538473886531506,37.977030538632576,38.25404473557851,#000000,0.9437208321369229,38.2743849939376,0.6947128681877774,53.127438399511206,9.324951415629315,False,False,False,False,False,2.9374070079615393,0.0,0.0,0.0,0.0,0,0.9784490871447392,0.9293242988895165,False,False,False,False,-0.02384380827487705,-0.027761916581024615,False,False,False,False,8707.0,8734.218816509598,False,False,False,False,370.3758464394261,False,False,False,False
2025-06-06 18:00:00+00:00,38.935,39.61,38.935,39.48,301.0,,,,,,,,38.23527418207681,38.9714286613228,39.15546556300641,38.55852429722457,37.63958535132227,35.784033665585845,37.54094159903609,,,,,,39.04350746268657,38.30558175394473,38.17674253012797,38.53156783103169,39.350842530664316,39.089144945810936,38.02404284608284,37.82062408249706,36.19757288118997,,38.68570873587533,38.02404284608284,37.54094159903609,37.98360761708211,38.28218076267067,"rgba(38, 166, 154, 1.0)",0.9407455975339327,38.29048054587146,1.2644432854607437,55.85066053912086,9.324951415629315,True,False,True,False,True,5.925689071189062,0.0,0.0,0.0,0.0,0,0.9710701245201759,0.9214493024997663,False,False,False,False,0.01580488167310398,-0.005978517453960318,False,False,False,False,9008.0,8738.463486021075,False,False,False,False,369.3002519209854,False,False,False,False
2025-06-06 19:00:00+00:00,39.485,39.8,39.475,39.72,608.0,,,,,,,,38.294537428415595,38.98346323249619,39.16129978028874,38.56767158429082,37.65368680911812,35.796871542928436,37.54679700570835,,,,,,39.31111898016997,38.375978338017774,38.21773838649269,38.55645503791983,39.355292747140076,39.09467965032645,38.03634178161842,37.83401945911079,36.21681860368873,,38.694144682157386,38.03634178161842,37.54679700570835,38.000618197606606,38.33316033160941,"rgba(38, 166, 154, 1.0)",0.9394982607659148,38.325987253441866,1.483784275898159,58.830304846142795,9.324951415629315,True,False,True,False,True,7.1779790525959655,0.0,0.0,0.0,0.0,0,0.9780558408815015,0.9177327481557572,False,False,False,False,0.05496599675857372,0.024493739652306702,False,False,False,False,9616.0,8752.068703292067,False,False,False,False,373.0010232090321,False,False,False,False
2025-06-09 14:00:00+00:00,41.0,41.495,40.895,41.42,848.0,,,,,,,,38.45715616138179,39.037491965745275,39.1944461024196,38.59847521496201,37.68846536094478,35.822006733459695,37.561057447798305,,,,,,40.04613274336283,38.570920777398264,38.33066673938336,38.63708739224894,39.39238913386185,39.123454536946056,38.069795186798274,37.86847597029399,36.25563676332485,,38.724725481137206,38.069795186798274,37.561057447798305,38.051299855244494,38.47717324929093,"rgba(38, 166, 154, 1.0)",0.9975722467007527,38.44079702906673,2.9864533428895204,65.72619237602528,8.884294463011244,True,False,True,False,True,15.035637862511855,0.0,0.0,0.0,0.0,0,0.9851260656629784,0.9064030473426451,False,False,False,False,0.2255334155955254,0.12501357762391604,False,False,False,False,10464.0,8778.610273783663,False,False,False,False,380.3653484305975,False,False,False,False
2025-06-09 15:00:00+00:00,41.46,41.6,41.36,41.365,600.0,,,,,,,,38.5682697319434,39.07702564313381,39.21916437510693,38.62122286969009,37.71383168498994,35.840208061178586,37.57154553357865,,,,,,40.3389020979021,38.70151805797761,38.410028982426304,38.69483835541218,39.42010142216411,39.14495031449458,38.0942973957135,37.893650513139676,36.28367213567711,,38.74735785620409,38.0942973957135,37.57154553357865,38.087323985660205,38.553551030545236,"rgba(38, 166, 154, 1.0)",1.0537157419651038,38.50810600470633,2.711256823368486,69.92595554193045,12.622775481782085,True,False,True,False,True,14.692580572625097,0.0,0.0,0.0,0.0,0,0.9958911614317019,0.9091490138787442,False,False,False,False,0.2578905311628385,0.19145205439337726,False,False,False,False,9864.0,8795.438021476939,False,False,False,False,383.77053682702234,False,False,False,False
2025-06-09 16:00:00+00:00,41.37,41.45,41.27,41.415,101.0,,,,,,,,38.585770898850996,39.083378155547656,39.22315486102214,38.62493113076058,37.71799603196928,35.84322585257161,37.57327665517042,,,,,,40.374357199144434,38.72186104840733,38.422721025076555,38.704107926627685,39.424548946855545,39.14843092930915,38.098309584290966,37.89777836419862,36.28830406277193,,38.75104192950595,38.098309584290966,37.57327665517042,38.093104797984665,38.564491009631354,"rgba(38, 166, 154, 1.0)",1.1082015785672508,38.51809737707644,2.614057477403029,72.83493303378287,15.237761852689232,True,False,True,False,True,14.90498905913779,0.0,0.0,0.0,0.0,0,1.0095246902163861,0.9026262252635477,False,False,False,False,0.2442057229012763,0.21782888864732677,False,False,False,False,9965.0,8813.570765330009,False,False,False,False,379.3864974963708,False,False,False,False
2025-06-09 17:00:00+00:00,41.42,41.7,41.395,41.655,301.0,,,,,,,,38.64039411551035,39.103776271799035,39.2360832271762,38.63674198112167,37.73104259645503,35.85253236341829,37.57870386190831,,,,,,40.485915082771314,38.78523410099821,38.46248961903966,38.73344600541639,39.4390626744991,39.15968752399823,38.11095246130176,37.91074353700155,36.302612254730334,,38.76281218647892,38.11095246130176,37.57870386190831,38.11132491676984,38.59890480663962,"rgba(38, 166, 154, 1.0)",1.1702344417461237,38.54961094248775,2.653646950331296,75.3109053038948,17.581869425628724,True,False,True,False,True,15.924111911107197,0.0,0.0,0.0,0.0,0,1.015677179962894,0.8904452690166978,False,False,False,False,0.2656296610496433,0.24172927484848505,False,False,False,False,10266.0,8836.08904803807,False,False,False,False,378.1712029615434,False,False,False,False
2025-06-09 18:00:00+00:00,41.66,41.75,41.61,41.685,502.0,,,,,,,,38.730095573834696,39.13838530523463,39.25822278727547,38.65688180472661,37.753156928337795,35.86825174318037,37.58794406436221,,,,,,40.64539098476798,38.88840653752454,38.52865514794191,38.782710594057214,39.46392931033212,39.178983579989136,38.132426453264344,37.93273832485148,36.32674500043196,,38.7829030238213,38.132426453264344,37.58794406436221,38.14184831527883,38.65333177035119,"rgba(38, 166, 154, 1.0)",1.2286463363474611,38.6003552596822,2.510604271598513,77.03059660842457,19.354359628645824,True,False,True,False,True,16.051621815402267,0.0,0.0,0.0,0.0,0,1.0205333085570936,0.8838613769395154,False,False,False,False,0.2809131275902819,0.2613212012193835,False,False,False,False,10768.0,8866.041155820425,False,True,False,False,380.0910292722171,False,True,False,False
2025-06-09 19:00:00+00:00,41.68,41.76,41.455,41.46,1682.0,,,,,,,41.55833333333334,38.984458524934944,39.24255566361263,39.325937036907376,38.71978853813535,37.82321129134652,35.91920426151891,37.617679510983834,,,,,,40.92735371526503,39.17308589540412,38.72385620163947,38.929873544740055,39.538954069499155,39.23845583245411,38.20009570782692,38.002235644497134,36.40422271626679,,38.845468678800245,38.20009570782692,37.617679510983834,38.648896020096615,38.79312592528808,"rgba(38, 166, 154, 1.0)",1.2762639027841274,39.058654343550316,1.881543191193631,75.9951480918705,19.354359628645824,True,False,True,False,True,14.572032195347912,0.0,0.0,0.0,0.0,0,1.0179929512149877,0.8832313114450012,False,False,False,False,0.2725350598810924,0.26692813055023795,False,False,False,False,9086.0,8869.451370458868,False,False,False,False,400.27566447729896,False,False,False,False
2025-06-10 14:00:00+00:00,41.27,41.295,40.68,40.695,609.0,,,,,,,41.38067510548523,39.04455250030207,39.267838369074916,39.34243279127627,38.73669213945876,37.84351850039687,35.93526844260482,37.62652888298783,,,,,,40.923596751995596,39.236904296875004,38.77323600973236,38.96679300817535,39.55625259299749,39.253268214976494,38.21919639942168,38.022139539972315,36.42814759510965,,38.862021057389384,38.21919639942168,37.62652888298783,38.64718834144834,38.8199482676951,"rgba(38, 166, 154, 0.75)",1.3006544852843571,39.076928416431805,1.2440441346069262,69.4573224822845,19.354359628645824,True,False,True,False,False,9.7916823255343,0.0,0.0,0.0,0.0,0,1.0053196367972115,0.890488856278089,False,False,False,False,0.20226755855200013,0.23459784455111904,False,False,False,False,8477.0,8863.366853087413,False,False,False,False,403.51170068695325,False,False,False,False
2025-06-10 15:00:00+00:00,40.695,40.735,40.44,40.49,365.0,,,,,,,41.26720695281124,39.0725720844345,39.27956964143028,39.35004941947177,38.74514098761348,37.85423686319529,35.94419912434016,37.631267698464384,,,,,,40.90264070612669,39.2656286942504,38.79725166174298,38.98452178522642,39.563858485120335,39.26022812388612,38.22909513636523,38.032559662015444,36.441297436031746,,38.87019612901521,38.22909513636523,37.631267698464384,38.64303034647014,38.83078685452948,"rgba(38, 166, 154, 0.75)",1.3200249110399374,39.08271167870538,1.0661073965535526,63.84401512890362,21.873698124327404,True,False,True,False,False,8.572089483635466,0.0,0.0,0.0,0.0,0,1.002657868206397,0.9005590688296218,False,False,False,False,0.15799814843050367,0.19629799649081137,False,False,False,False,8112.0,8851.717754589934,False,False,False,False,402.9146200561478,False,False,False,False
2025-06-10 16:00:00+00:00,40.49,40.925,40.49,40.925,200.0,,,,,,,41.23308881886088,39.089752884550876,39.28702556648777,39.35495423726874,38.750308686653234,37.86056037650212,35.94931610320441,37.634057137119896,,,,,,40.8989355488419,39.28349843648593,38.8117879398827,38.99543720996211,39.56891215968195,39.26466755273832,38.235004865109076,38.03873910093491,36.44885951075827,,38.87523598722755,38.235004865109076,37.634057137119896,38.64488297633099,38.8384269249328,"rgba(38, 166, 154, 0.75)",1.3480560678853066,39.088758994181966,1.3621399358400128,62.27302643449457,20.385908281933197,True,False,True,False,False,10.578419229971217,0.0,0.0,0.0,0.0,0,1.0029331247555726,0.9046734454438801,False,False,False,False,0.17120697672791493,0.18375248660936316,False,False,False,False,8312.0,8843.350037464508,False,False,False,False,399.76865695450203,False,False,False,False
2025-06-10 17:00:00+00:00,40.91,41.075,40.87,40.985,325.0,,,,,,,41.206890390862405,39.12011014306222,39.30056001938892,39.3639433140609,38.75945872008231,37.8714662955026,35.95794572230878,37.638862158647555,,,,,,40.90257307415408,39.31535438616803,38.837275553945545,39.014818348734316,39.57835452181449,39.27275569833702,38.245287599726126,38.04943779622845,36.46164725886531,,38.88420902692928,38.245287599726126,37.638862158647555,38.65240459548946,38.85305602644148,"rgba(38, 166, 154, 0.75)",1.3761561658449335,39.101991396085126,1.3683102620542653,61.51022895697152,19.42812254355441,True,False,True,False,False,10.851113967523197,0.0,0.0,0.0,0.0,0,1.0030424968102851,0.9061733241731281,False,False,False,False,0.20059431976056016,0.19217340318496168,False,False,False,False,8637.0,8840.15081207746,False,False,False,False,398.6094529707113,False,False,False,False
2025-06-10 18:00:00+00:00,40.95,41.22,40.875,41.19,403.0,,,,,,,41.19430896577381,39.15873762376237,39.31820838214239,39.375760101181186,38.771300835000424,37.88539540086922,35.96885673050908,37.64501178865195,,,,,,40.91312670114317,39.35592672210594,38.86976137770161,39.03974885505264,39.59086466627094,39.28336866825639,38.25847934877917,38.06312838817625,36.47781706891127,,38.895852980640235,38.25847934877917,37.64501178865195,38.6646974784863,38.8724690884886,"rgba(38, 166, 154, 0.75)",1.407642003141867,39.120486849532064,1.4701984921228306,61.9929343442973,19.42812254355441,True,False,True,False,False,11.784043049214691,0.0,0.0,0.0,0.0,0,0.9963650653305822,0.9099125650849794,False,False,False,False,0.20897180049402397,0.20057260183949283,False,False,False,False,9040.0,8843.249249099516,False,False,False,False,398.6775234672894,False,False,False,False
2025-06-10 19:00:00+00:00,41.195,41.36,41.19,41.24,537.0,,,,,,,41.20330340532233,39.212196206423535,39.34336994836958,39.39277497076415,38.788024840244304,37.90473370930659,35.983798966408266,37.65357045008057,,,,,,40.93697717184528,39.41216243914938,38.91479021428154,39.07470084594445,39.60904735392961,39.298616202030644,38.27690077706998,38.08218335236787,36.499968035466985,,38.9123524933055,38.27690077706998,37.65357045008057,38.68522156211492,38.90059404356508,"rgba(38, 166, 154, 0.75)",1.4389401035560394,39.14840194212468,1.4535685347196707,62.561479954324724,19.42812254355441,True,False,True,False,False,12.012028536270492,0.0,0.0,0.0,0.0,0,0.999803323827318,0.9063821418035208,False,False,False,False,0.23456658084848708,0.21756959134398995,False,False,False,False,9577.0,8854.62522973363,False,False,False,False,400.8220579871764,False,False,False,False
2025-06-11 14:00:00+00:00,41.41,41.62,41.34,41.4,2549.0,,,,,,,41.298854572713644,39.45333839876178,39.46543196707669,39.4773241363768,38.87030797211157,37.99861414980108,36.05610243019541,37.69575969363676,,,,,,41.063121685515306,39.662749763200566,39.1228929482644,39.239854861262444,39.69955204101931,39.37460261571738,38.36672169035128,38.17484490021855,36.60646102353461,,38.99371929516011,38.36672169035128,37.69575969363676,38.78946666508421,39.034533503231536,"rgba(38, 166, 154, 0.75)",1.4725596609153742,39.283395778265394,1.4373639845728754,63.75260766481887,19.42812254355441,True,False,True,False,False,12.745152743458728,0.0,0.0,0.0,0.0,0,1.0007845444738646,0.8999705795822305,False,False,False,False,0.2578905311628385,0.23773006125341423,False,False,False,False,12126.0,8905.34421841993,False,False,False,False,434.1271423594682,False,False,False,False
2025-06-11 15:00:00+00:00,41.39,41.555,41.12,41.485,2618.0,,,,,,,41.32360608670686,39.645730576250564,39.57318244787203,39.554535423746266,38.94764350139894,38.08823828577588,36.12750682214331,37.73737505006607,,,,,,41.12801907753601,39.855778908800595,39.298692651479186,39.382757309941525,39.78050484778503,39.444931774790064,38.45195380242417,38.2630273507142,36.709732810149006,,39.06991409227279,38.45195380242417,37.73737505006607,38.87472727424499,39.14615539262442,"rgba(38, 166, 154, 1.0)",1.506682899737238,39.39346826946057,1.3881698205403328,64.9820133948727,19.42812254355441,True,False,True,False,True,13.135484977990611,0.0,0.0,0.0,0.0,0,0.9981461606010339,0.8988193970143431,False,False,False,False,0.2416499211201863,0.23968999118680026,False,False,False,False,14744.0,8995.866013483188,False,False,False,False,467.98563627637566,False,False,False,False
2025-06-11 16:00:00+00:00,41.49,41.525,41.135,41.32,3932.0,,,,,,,41.32451638930913,39.8642967372134,39.7094090334308,39.656003562830065,39.05261022027225,38.21198464528669,36.23004324368607,37.79714464090344,,,,,,41.17400838043649,40.067529015487125,39.51051907342471,39.5594354938129,39.88444050285217,39.53879055616869,38.568853381320274,38.38435593470715,36.85483191195159,,39.17291287491877,38.568853381320274,37.79714464090344,38.980751059116486,39.28252936112901,"rgba(38, 166, 154, 0.5)",1.5353823569333591,39.52611366972202,1.1683645589499494,64.05546969254777,19.42812254355441,False,False,True,False,True,12.05432357289213,0.0,0.0,0.0,0.0,0,1.0147102379306938,0.8980155987757926,False,False,False,False,0.24079867648979603,0.24024433383829813,False,False,False,False,10812.0,9024.023129553216,False,False,False,False,521.6912853263543,False,False,False,False
2025-06-11 17:00:00+00:00,41.315,41.435,41.305,41.31,1170.0,,,,,,,41.32658837155432,39.91963811949485,39.74647773357537,39.68438155646554,39.082381350582054,38.24726357259537,36.2599137429525,37.814662248818244,,,,,,41.185350795049764,40.12020924762138,39.56596794970886,39.606585306385796,39.91318033510437,39.56527916317714,38.602103348558714,38.41889646545089,36.89647921731349,,39.202082980234096,38.602103348558714,37.814662248818244,39.01016333700478,39.31933909204115,"rgba(38, 166, 154, 0.5)",1.5626423596410037,39.561835910562515,1.118723090188791,63.32854445257454,18.561844945204882,False,False,True,False,True,11.988331660031797,0.0,0.0,0.0,0.0,0,0.9997027053810323,0.9045684273114658,False,False,False,False,0.24534263788890073,0.24279348586359945,False,False,False,False,9642.0,9033.604166304329,False,False,False,False,531.7425832282713,False,False,False,False
2025-06-11 18:00:00+00:00,41.315,41.35,41.055,41.145,1064.0,,,,,,,41.316725335403994,39.96104268029808,39.77540734713443,39.70687450051241,39.10685194104793,38.27697782512477,36.28589742635874,37.82969950788513,,,,,,41.18523909876158,40.15849279678704,39.60912148720263,39.643460194302804,39.935434732491295,39.586516560784574,38.62986552373638,38.44786968085108,36.93229641582971,,39.22593348116974,38.62986552373638,37.82969950788513,39.032434570470684,39.347588498971895,"rgba(38, 166, 154, 0.5)",1.5854246511028482,39.588667642627065,0.9816501568146595,61.00669857896482,15.985381401351589,False,False,True,False,False,10.892077267724964,0.0,0.0,0.0,0.0,0,0.9927232854864431,0.9130781499202556,False,False,False,False,0.2263787173135776,0.2345861015885885,False,False,False,False,8578.0,9026.54053581899,False,False,False,False,539.9946362014764,False,False,False,False
2025-06-11 19:00:00+00:00,41.15,41.19,41.0,41.11,4748.0,,,,,,,41.265789195789196,40.1063269034442,39.8846056302161,39.794306227474195,39.20532816852068,38.398960581957624,36.39666405790639,37.89357009464965,,,,,,41.16835204039056,40.28884055012878,39.76774406549246,39.78110152456015,40.019884612447484,39.6702570123408,38.74299017763847,38.56636550984305,37.08209963788687,,39.32147396940611,38.74299017763847,37.89357009464965,39.11819385749475,39.45418168119207,"rgba(38, 166, 154, 0.5)",1.606639425398092,39.68853509023279,0.8847441979179614,59.067739128126135,13.878215273745404,False,True,True,False,False,10.65842046427155,0.0,0.0,0.0,0.0,0,0.9914821124361155,0.9132177572903101,False,False,False,False,0.2142924601595664,0.22443928087407744,False,False,False,False,3830.0,8945.97401588381,False,False,False,False,605.2350294386628,False,False,False,False
2025-06-12 14:00:00+00:00,41.1,41.295,40.99,41.09,136.0,,,,,,,41.26484773986299,40.11003533379731,39.88752774409607,39.796694066939345,39.20804106267646,38.40233040653955,36.39977823999638,37.895376824821234,,,,,,41.1681074184715,40.29214332045734,39.77186780453658,39.78472935688766,40.022175321211364,39.672558901208866,38.746110784663166,38.56963582196159,37.086257773643595,,39.32410374897254,38.746110784663166,37.895376824821234,39.12057892734117,39.45706516700463,"rgba(38, 166, 154, 0.5)",1.6266543706152559,39.691241023075314,0.8598993137033969,57.53218557642755,12.19614575826072,False,True,True,False,False,10.522763240488544,0.0,0.0,0.0,0.0,0,0.9924060751398878,0.9043764988009596,False,False,False,False,0.21962509745973557,0.2220321891669065,False,False,False,False,3694.0,8864.548062149179,False,False,False,False,597.9600677419393,False,False,False,False
2025-06-12 15:00:00+00:00,41.11,41.14,40.86,40.93,329.0,,,,,,,41.260260157094244,40.11760085263707,39.893699512564794,39.80179412060939,39.214066888281366,38.41000579988582,36.407058914069005,37.89953881535368,,,,,,41.16552938206923,40.29862226697353,39.78065844625313,39.79246264634155,40.02693764533412,39.677531796440974,38.753157576339554,38.577055393677064,37.095913359987925,,39.32991249906518,38.753157576339554,37.89953881535368,39.12550313256192,39.46309650149079,"rgba(38, 166, 154, 0.5)",1.643166458095249,39.69676142605082,0.7505256499568184,54.58027129809739,9.259094283667139,False,True,True,False,False,9.431222742606252,0.0,0.0,0.0,0.0,0,0.9953912433623882,0.9067227732692119,False,False,False,False,0.20366277789970352,0.21284748353330502,False,False,False,False,3365.0,8779.283751108105,False,False,False,False,593.7901442110565,False,False,False,False
2025-06-12 16:00:00+00:00,40.93,41.1,40.89,41.08,509.0,,,,,,,41.25456523107921,40.12967064614095,39.90351688066292,39.80990817107758,39.22355373447476,38.42200500348802,36.418391975755235,37.906053093030565,,,,,,41.162627305533285,40.309081251713025,39.794529532163736,39.80469493146941,40.03457004620083,39.68542483321236,38.76419943493648,38.58866610096791,37.11093606825531,,39.339071669429465,38.76419943493648,37.906053093030565,39.133458091963654,39.47274772271693,"rgba(38, 166, 154, 0.5)",1.6615306223507558,39.7056698787221,0.8271470310510917,54.33576246068952,8.861395604968678,False,True,True,False,False,10.222137974894732,0.0,0.0,0.0,0.0,0,0.9952864022953167,0.9264268880008202,False,False,False,False,0.20310459659340907,0.20797604006335704,False,False,False,False,3874.0,8703.232840238212,False,False,False,False,592.4755683318153,False,False,False,False
2025-06-12 17:00:00+00:00,41.08,41.15,41.02,41.085,140.0,,,,,,,41.253451554387944,40.13315943238731,39.9063343439849,39.812233526121986,39.22623447138416,38.42536385695582,36.42154098584534,37.90787542840294,,,,,,41.162193979266355,40.31214907697666,39.79847937618422,39.808184995521636,40.036778521978086,39.68767891449148,38.76730006648282,38.59192071296866,37.115112730120835,,39.34166514585634,38.76730006648282,37.90787542840294,39.1357741999338,39.47553315266563,"rgba(38, 166, 154, 0.5)",1.6763041232168465,39.708266567847865,0.821290965693128,54.23065595548249,8.487732926085208,False,True,True,False,False,10.248704453149266,0.0,0.0,0.0,0.0,0,0.9923671995874159,0.9265600825167616,False,False,False,False,0.21547446229048642,0.21172525117692173,False,False,False,False,4014.0,8630.531555893433,False,False,False,False,585.4604432413995,False,False,False,False
2025-06-12 18:00:00+00:00,41.095,41.175,41.035,41.155,306.0,,,,,,,41.2515865014029,40.14098726773976,39.91263609764913,39.817432251256356,39.23218205341183,38.432776739561454,36.428463048346934,37.91189715246167,,,,,,41.16170546758056,40.31908488496896,39.807272654881345,39.81596459817281,40.04174116152176,39.69270912384076,38.77415516120337,38.59910909293515,37.12429526020797,,39.34742566857741,38.77415516120337,37.91189715246167,39.14099513897875,39.481781933923635,"rgba(38, 166, 154, 0.5)",1.6917385694567824,39.71412231328113,0.8517141553269291,55.01823109250903,8.487732926085208,False,True,True,False,False,10.625860239453349,0.0,0.0,0.0,0.0,0,0.995325161022231,0.9235404113858303,False,False,False,False,0.21772858530660114,0.21472691824176143,False,False,False,False,4320.0,8563.701609290432,False,False,False,False,581.1277231911452,False,False,False,False
2025-06-12 19:00:00+00:00,41.165,41.2,41.03,41.075,647.0,,,,,,,41.24723075426228,40.15680746095175,39.92553066492347,39.82812305125598,39.24450359594974,38.44820136848031,36.44296990575256,37.92031476964657,,,,,,41.16021331899257,40.3330095979319,39.825208382412775,39.831866592749776,40.05189442618418,39.703082309209535,38.78839642715289,38.61405490684759,37.14347624513648,,39.35934774844804,38.78839642715289,37.92031476964657,39.15171019640283,39.49457802295752,"rgba(38, 166, 154, 0.5)",1.704485769591239,39.72607120631448,0.7913992699446336,54.27714507038456,8.016605138336615,False,True,True,False,False,10.048159261816856,0.0,0.0,0.0,0.0,0,0.9941581472981428,0.9213436261214273,False,False,False,False,0.21885646282720958,0.2167916905344855,False,False,False,False,3673.0,8487.876778138643,False,False,False,False,582.1489988005848,False,False,False,False
2025-06-13 14:00:00+00:00,39.66,39.74,39.42,39.53,535.0,,,,,,,41.20772517979302,40.148834664189096,39.922311587702374,39.826312806685735,39.246231784210245,38.45350519481291,36.450959044401266,37.92389223295305,,,,,,41.12805693566195,40.321849427686075,39.822241855114186,39.829148027602216,40.04805494758384,39.702236686836706,38.79229747107403,38.61871977281774,37.153087621352626,,39.36048767791985,38.79229747107403,37.92389223295305,39.14747156184346,39.490632527303255,"rgba(239, 83, 80, 1.0)",1.7022257369279086,39.720168992149894,-0.11171784565606453,43.34369494711843,-2.1357762226018124,False,True,False,True,False,0.06743307229053741,0.0,0.0,0.0,0.0,0,0.9825128879005354,0.9257050439704844,False,False,False,False,0.054260675634449015,0.13552618308446726,False,False,False,False,3138.0,8404.932952120991,False,False,False,False,581.4180065711183,False,False,False,False
2025-06-13 15:00:00+00:00,39.535,39.765,39.46,39.685,410.0,,,,,,,41.17997752792855,40.14361547447432,39.92037919787918,39.82532438834226,39.24784692583738,38.45780211230596,36.45719753416632,37.926745476781534,,,,,,41.10539143005413,40.31431934132111,39.820644688414006,39.82766617845876,40.0455921561756,39.70193402758233,38.795542396605654,38.622538936676435,37.16062436932703,,39.36166540123009,38.795542396605654,37.926745476781534,39.14486107971444,39.48825039162389,"rgba(239, 83, 80, 1.0)",1.6995833273149015,39.716375594985905,-0.01846075710537351,37.69717678687094,-6.8985797121460095,False,True,False,True,False,0.9569589950689306,0.0,0.0,0.0,0.0,0,0.9863567458312276,0.9257200606366855,False,False,False,False,0.08807082776770633,0.1117985054260868,False,False,False,False,3548.0,8329.631666041596,False,False,False,False,578.7603630583878,False,False,False,False
2025-06-13 16:00:00+00:00,39.675,39.73,39.54,39.625,100.0,,,,,,,41.173336407308916,40.14234620088924,39.91990360645294,39.8250785237285,39.24823379799957,38.45884098565708,36.45871302537858,37.92743791773446,,,,,,41.09994891301673,40.312494408354944,39.820248823439044,39.82729883549491,40.0449886518825,39.70185500890264,38.796325379805914,38.623461525568366,37.16245196870972,,39.361945933683835,38.796325379805914,37.92743791773446,39.14423630814366,39.48767483501942,"rgba(239, 83, 80, 1.0)",1.6971003436971206,39.71546025464552,-0.05330283208148664,33.698716313787216,-10.147786488710572,False,True,False,True,False,0.602458055087439,0.0,0.0,0.0,0.0,0,1.0057704637743103,0.9222055994870705,False,False,False,False,0.09072726234734788,0.10126288388671734,False,False,False,False,3448.0,8253.947454164982,False,False,False,False,571.3377217706609,False,False,False,False
2025-06-13 17:00:00+00:00,39.61,39.635,39.33,39.365,318.0,,,,,,,41.15005691435342,40.13687817737544,39.9174201680213,39.82354351069747,39.24885715051226,38.46160387543541,36.463237203626555,37.92939322157186,,,,,,41.08071969143915,40.30516788159929,39.817754668164916,39.82502397187962,40.042211982681444,39.700933817404916,38.798246378164734,38.62583822555259,37.167803898419734,,39.362213954820994,38.798246378164734,37.92939322157186,39.141373777699215,39.48485561281182,"rgba(239, 83, 80, 1.0)",1.690292668831826,39.71148512048182,-0.20498528265005994,30.04964886136895,-13.198564718014843,False,True,False,True,False,0.0,0.0,0.0,0.0,0.0,0,0.9991370941645988,0.929349584726567,False,False,False,False,0.07274561199361244,0.0870042479401649,False,False,False,False,3130.0,8174.506408363974,False,False,False,False,567.4100051540615,False,False,False,False
2025-06-13 18:00:00+00:00,39.355,39.38,38.9,39.02,0.0,,,,,,,41.15005691435342,40.13687817737544,39.9174201680213,39.82354351069747,39.24885715051226,38.46160387543541,36.463237203626555,37.92939322157186,,,,,,41.08071969143915,40.30516788159929,39.817754668164916,39.82502397187962,40.042211982681444,39.700933817404916,38.798246378164734,38.62583822555259,37.167803898419734,,39.362213954820994,38.798246378164734,37.92939322157186,39.141373777699215,39.48485561281182,"rgba(239, 83, 80, 1.0)",1.6817117968212867,39.71148512048182,-0.4111793244174395,26.507510697075052,-16.273655419911037,False,True,False,True,False,0.0,0.0,0.0,0.0,0.0,0,0.9809902266136823,0.9341638921705512,False,False,False,False,0.03251366415008545,0.05975895604512517,False,False,False,False,3130.0,8096.297006683912,False,False,False,False,558.6129508105877,False,False,False,False
2025-06-13 19:00:00+00:00,39.01,39.095,38.81,39.01,530.0,,,,,,,41.10227333554065,40.12188225438298,39.909276922160466,39.81787246380451,39.24738890721143,38.463978511152916,36.46955848976461,37.93162907227592,,,,,38.971666666666664,41.04069254458212,40.286693024876925,39.808525123835395,39.816679949819196,40.03404046950383,39.69662838492643,38.799100308140176,38.6275010432921,37.174830815969045,,39.36008210256728,38.799100308140176,37.93162907227592,39.132982494536684,39.42563583316119,"rgba(239, 83, 80, 1.0)",1.6738573136043053,39.79030850089209,-0.4661738456140311,24.115347194683427,-18.41644555144953,False,True,False,True,False,0.0,0.0,0.0,0.0,0.0,0,0.9781303602058316,0.939644082332762,False,False,False,False,0.010541644406103742,0.03515030022561445,False,False,False,False,2600.0,8011.08309960354,False,False,False,False,558.1693391701134,False,False,False,False
2025-06-16 14:00:00+00:00,41.06,41.52,41.0,41.24,1150.0,,,,,,41.253333333333345,41.10913644384745,40.1526194919525,39.933927101939254,39.83831201607976,39.27018170320823,38.491873999930455,36.495573740774724,37.94701867049125,,,,,40.53352182539683,41.04910281102399,40.314903565537364,39.84193210149589,39.84652695981019,40.05390569289979,39.716317690060094,38.82504476720137,38.654613283892104,37.20901526912286,,39.382243648467096,38.82504476720137,37.94701867049125,39.387997389061894,39.60448839664405,"rgba(239, 83, 80, 0.75)",1.6818050898842833,40.02894727679283,0.7200910084595481,37.13778643863481,-21.493535406818694,False,True,False,True,True,8.890418353160396,0.0,0.0,0.0,0.0,0,0.9841707516339865,0.9290236928104579,False,False,False,False,0.28855841892657397,0.1618543595760942,False,False,False,False,3750.0,7945.019795733718,False,False,False,False,567.3450083302668,False,False,False,False
2025-06-16 15:00:00+00:00,41.25,41.29,40.98,41.06,538.0,,,,,,41.20765007898894,41.109154416505476,40.16463420418319,39.94393195977355,39.84672716128343,39.27990997277563,38.504066086730745,36.507283714772676,37.95385947351139,,,,,40.67335287045387,41.05020913531889,40.32561287334451,39.85550214822771,39.85868878074382,40.06189437078486,39.72451573165977,38.836289481627844,38.66641676197625,37.22425183130904,,39.39165359073517,38.836289481627844,37.95385947351139,39.39080189650278,39.627673398544665,"rgba(239, 83, 80, 0.75)",1.686473018830592,40.04192573547957,0.6036706506140053,44.8286935337057,-14.970859486052092,False,True,False,True,True,7.853327063851751,0.0,0.0,0.0,0.0,0,0.987535758071107,0.9327748263179408,False,False,False,False,0.27273380064831243,0.2172940801122033,False,False,False,False,3212.0,7871.639643861877,False,False,False,False,566.8900469608053,False,False,False,False
2025-06-16 16:00:00+00:00,41.05,41.14,41.0,41.045,705.0,,,,,,41.16464201142221,41.1078936797841,40.17914729393765,39.95625471093248,39.85717178614833,39.292170723851186,38.51957869832668,36.52237870361229,37.96264246104917,,,,,40.767010491504166,41.05047555438285,40.33837901003739,39.87218246729045,39.87367366350396,40.07170724972618,39.73474392219836,38.850548496746285,38.681410867718576,37.2437925791633,,39.403487892890546,38.850548496746285,37.96264246104917,39.39576445211823,39.648392430227155,"rgba(38, 166, 154, 0.5)",1.685864397205807,40.05451246357963,0.5875250334855122,49.8678427790769,-10.791310995982442,False,True,True,False,True,7.766320713007165,0.0,0.0,0.0,0.0,0,0.9826839826839823,0.9452690166975882,False,False,False,False,0.264557842546349,0.24092596132927616,False,False,False,False,2507.0,7788.466936205103,False,False,False,False,569.0312865428083,False,False,False,False
2025-06-16 17:00:00+00:00,41.04,41.265,40.985,41.155,698.0,,,,,,41.15794834465653,41.10858792304211,40.194217092434066,39.968982133188945,39.8679561896701,39.30464086282115,38.53519075025872,36.53746541428663,37.97149408906902,,,,,40.837945779250674,41.05237767460856,40.351827504474436,39.88923931342763,39.88903985222678,40.08194052247928,39.74526876220423,38.86494933439301,38.69652400156491,37.26331209664669,,39.415551529670125,38.86494933439301,37.97149408906902,39.40516475549192,39.66724248412762,"rgba(38, 166, 154, 0.5)",1.6968946279538737,40.06829802009082,0.6404062821623352,53.69399705700717,-7.471550478235827,False,True,True,False,True,8.290528959798113,0.0,0.0,0.0,0.0,0,0.9833196046128496,0.938220757825371,False,False,False,False,0.2714736679779441,0.25619981465361014,False,False,False,False,3205.0,7717.405433318202,False,False,False,False,571.0308014801291,False,False,False,False
2025-06-16 18:00:00+00:00,41.17,41.21,40.965,40.97,622.0,,,,,,41.139585689918306,41.107243408071746,40.20605048817611,39.979268440917046,39.87676719430676,39.31509239807786,38.54848814030314,36.55057466511548,37.97912545524627,,,,,40.86878741456517,41.05229816576588,40.36215028910916,39.9030245957539,39.90149009214336,40.09015805854795,39.753938575472986,38.87714591490942,38.70936244781657,37.280156318566014,,39.425626130460536,38.87714591490942,37.97912545524627,39.41135509779252,39.67985118726504,"rgba(38, 166, 154, 0.5)",1.702720830090936,40.07727627972865,0.5242924761915736,54.97618320765935,-6.195053047756673,False,False,True,False,True,7.19078129835064,0.0,0.0,0.0,0.0,0,0.9866158756305979,0.9358591578297129,False,False,False,False,0.26675562150028276,0.2614777180769464,False,False,False,False,2583.0,7637.802248305517,False,False,False,False,571.8210216122201,False,False,False,False
2025-06-16 19:00:00+00:00,40.98,41.065,40.795,40.84,457.0,,,,,,41.11332893685052,41.103900536495836,40.2130432321985,39.98567058202989,39.882348419746,39.32204154633869,38.55759434068854,36.559841877791555,37.98443852484571,,,,,40.87182234042553,41.05012966309406,40.36794397957179,39.91166091692571,39.90930725437124,40.09518621923328,39.75951376543934,38.885414277834926,38.71811366166076,37.291953562726576,,39.43227991520516,38.885414277834926,37.98443852484571,39.41357866633169,39.68610456412832,"rgba(38, 166, 154, 0.5)",1.7079722000186013,40.08106923596323,0.44434608714855606,54.934297957962585,-5.797918153117216,False,False,True,False,True,6.419924564023091,0.0,0.0,0.0,0.0,0,0.982508488527626,0.9394999485543785,False,False,False,False,0.24706331579888063,0.2542705169379135,False,False,False,False,2126.0,7552.347949882175,False,False,False,False,570.0408507345112,False,False,False,False
2025-06-17 14:00:00+00:00,40.6,40.71,40.27,40.27,600.0,,,,,,41.025698462613555,41.08964848610535,40.21570196436861,39.98956958768066,39.88614761092149,39.328306750358536,38.56699847682643,36.570600806189155,37.990233292433835,,,,,40.820295283018865,41.03850506687873,40.36862343598683,39.91733981807731,39.914469116333755,40.097785616422954,39.76368426712361,38.893587859377554,38.72697583146374,37.305266737676796,,39.43807815649626,38.893587859377554,37.990233292433835,39.40698949305529,39.68465330323601,#000000,1.7078189214518078,40.07594342705838,0.11362830713730464,51.48021142448638,-5.797918153117216,False,True,False,False,True,3.140974427844089,0.0,0.0,0.0,0.0,0,0.971285509912119,0.9458409973431434,False,False,False,False,0.192981618759193,0.22362606784855327,False,False,False,False,1526.0,7458.916198721211,False,False,False,False,570.5053336688599,False,False,False,False
2025-06-17 15:00:00+00:00,40.28,40.42,40.165,40.225,341.0,,,,,,40.97527913650297,41.08010043384689,40.21610193045745,39.991004025100615,39.88769253467098,39.33136006782671,38.57188043456942,36.576456595505675,37.99331603734925,,,,,40.78702978195356,41.03057274167349,40.36784793002198,39.91957936818319,39.916513051785664,40.09857338645487,39.765503895985276,38.897750814515234,38.731537785715744,37.31242833496263,,39.44085380689139,38.897750814515234,37.99331603734925,39.40257679953666,39.68273370912516,#000000,1.7062044964728391,40.07202002265688,0.08966098592482373,48.93426033778489,-5.797918153117216,False,True,False,False,False,2.888284554406429,0.0,0.0,0.0,0.0,0,0.9705189886375265,0.9524004504043404,False,False,False,False,0.16908196322405528,0.19635401553630427,False,False,False,False,1185.0,7361.646180136386,False,False,False,False,566.9471114414357,False,False,False,False
2025-06-17 16:00:00+00:00,40.23,40.385,39.95,39.995,50.0,,,,,,40.96689627333204,41.07844627084541,40.21598745585453,39.991093207424605,39.887823650840446,39.331730073496814,38.572526687002316,36.57727653067381,37.99373563469028,,,,,40.781081532243896,41.02918160203908,40.36755097966955,39.919756513541834,39.916676015609646,40.09858104545371,39.76568533577714,38.89828817806779,38.732135096644114,37.3134188642458,,39.44118100174402,38.89828817806779,37.99373563469028,39.4017239760178,39.68223551632926,"rgba(239, 83, 80, 1.0)",1.7033588386871645,40.071217552929355,-0.04474544717077969,45.979654203148776,-5.797918153117216,False,True,False,True,False,1.5964499802815908,0.0,0.0,0.0,0.0,0,0.9766051736576314,0.9470266927754304,False,False,False,False,0.15405554047745854,0.1752047780068814,False,False,False,False,1135.0,7265.109030056752,False,False,False,False,558.9324275431189,False,False,False,False
2025-06-17 17:00:00+00:00,39.995,40.075,39.81,39.825,754.0,,,,,,40.831321217244295,41.048987376843876,40.21098201583965,39.990112446703904,39.88796037991012,39.33579700366758,38.58090555597309,36.58887452924573,37.99942709362719,,,,,40.67839384535816,41.00409695339973,40.3596265942193,39.919529305272675,39.916508674462314,40.096627272727254,39.766769971156265,38.904961925730234,38.73973851200676,37.32717385128314,,39.44456384070002,38.904961925730234,37.99942709362719,39.38604084656171,39.67134269056158,"rgba(239, 83, 80, 1.0)",1.6686698322344558,40.05566908479627,-0.13823530595467637,43.11817993481746,2.4104996846875224,False,True,False,True,False,0.6501268937371023,0.0,0.0,0.0,0.0,0,0.9654205607476632,0.9646936656282454,False,False,False,False,0.12717634734205438,0.1511905626744679,False,False,False,False,381.0,7158.378657497732,False,False,False,False,561.9567309920627,False,False,False,False
2025-06-17 18:00:00+00:00,39.815,39.935,39.77,39.91,208.0,,,,,,40.79872148728837,41.04090143635463,40.20949004685903,39.98974841280394,39.88792085097448,39.336846719155176,38.58314352797346,36.592029324659606,38.000965171083614,,,,,40.653172253118896,40.99717911441355,40.357339522586265,39.91934733468594,39.91635406479133,40.09600798944738,39.766997493812745,38.90672949008715,38.74176205332716,37.33089632948371,,39.44542452632158,38.90672949008715,38.000965171083614,39.3821963307947,39.66857856457541,"rgba(239, 83, 80, 1.0)",1.6321425149751942,40.05170688184127,-0.08682261539117293,41.9658518510753,0.7930452918179398,False,True,False,True,False,1.1158481010285826,0.0,0.0,0.0,0.0,0,0.9595507954663614,0.964230009358428,False,False,False,False,0.11647776285770357,0.13383416276608573,False,False,False,False,589.0,7056.527825598542,False,False,False,False,556.4690297363718,False,False,False,False
2025-06-17 19:00:00+00:00,39.905,39.935,39.805,39.84,413.0,,,,,,40.73940508975929,41.02501400742719,40.206465205303374,39.988961423606,39.88778699941961,39.33887366511877,38.58752424307877,36.59825325567668,38.00399266438749,,,,,40.60681219926408,40.98355091598476,40.352753752613985,39.9189026764873,39.915970886840086,40.094724982778494,39.76739631464004,38.910177832666214,38.745717315839364,37.338221615202464,,39.44707674740263,38.910177832666214,38.00399266438749,39.375141839308576,39.66342284923168,"rgba(239, 83, 80, 1.0)",1.575774021161072,40.04426568205521,-0.12962879150952106,40.76869236081498,-0.9351668248876095,False,True,False,True,False,0.7172879529409499,0.0,0.0,0.0,0.0,0,0.9607250755287005,0.9634336910094805,False,False,False,False,0.1185558901563316,0.12619502646120867,False,False,False,False,176.0,6949.852975589262,False,False,False,False,554.2447036939475,False,False,False,False
2025-06-18 14:00:00+00:00,38.81,39.22,38.78,38.98,700.0,,,,,,40.57049267551133,40.97971887806017,40.18892643231855,39.97883001405242,39.880577816158116,39.33661933609831,38.589870386582774,36.60595971691059,38.00671594515202,,,,,40.46137887372306,40.943929952789944,40.33183545463204,39.90729616758028,39.90545906575521,40.08466936651405,39.76181081136803,38.91068456500481,38.74719292719472,37.34630710698276,,39.4440323652513,38.91068456500481,38.00671594515202,39.348634577871586,39.640056429154484,"rgba(239, 83, 80, 1.0)",1.5231453054853288,40.015906323247734,-0.6801099799980409,36.010315817367015,-5.8894250274876185,False,True,False,True,False,0.0,0.0,0.0,0.0,0.0,0,0.9530098280098277,0.9645782145782148,False,False,False,False,0.016106089136749175,0.07115055779897893,False,False,False,False,-524.0,6833.979286045243,False,False,False,False,556.5044757297003,False,False,False,False
2025-06-18 15:00:00+00:00,38.985,39.025,38.825,38.84,1300.0,,,,,,40.31557540612309,40.89690133953147,40.15513710661464,39.95875850097492,39.866067498581955,39.33135262519762,38.593129429581595,36.6195667163197,38.01124224546136,,,,,40.23701025810721,40.87093773426216,40.291961986991794,39.88429595135557,39.88455644989906,40.06486195722339,39.75037048150899,38.910527699110226,38.748829078396376,37.360246200201495,,39.43729587554042,38.910527699110226,38.01124224546136,39.305303429820704,39.600359779705634,"rgba(239, 83, 80, 1.0)",1.4758564378778862,39.967660746668344,-0.7640721127928867,32.36420039017415,-9.620303540024324,False,True,False,True,False,0.0,0.0,0.0,0.0,0.0,0,0.9519171621898705,0.9716013942997747,False,False,False,False,0.0073204442080129105,0.03923550100349592,False,False,False,False,-1824.0,6699.747049052293,False,False,False,False,568.0315381214879,False,False,False,False
2025-06-18 16:00:00+00:00,38.845,38.9,38.735,38.765,400.0,,,,,,40.247734071918835,40.871559610852614,40.14432153451188,39.952183051969534,39.861251835121394,39.329402617857106,38.59380339583098,36.62354466549906,38.01247466501041,,,,,40.176287238537924,40.84846540249218,40.27931582999583,39.876755907884515,39.87768564565516,40.058406191916205,39.746519280578944,38.91014843600324,38.74900084477416,37.36421818135839,,39.43489166588074,38.91014843600324,38.01247466501041,39.292919494285755,39.58868029591966,"rgba(239, 83, 80, 1.0)",1.4270456093522565,39.95347310073135,-0.8328206841761734,29.671659107659092,-12.418458911699986,False,True,False,True,False,0.0,0.0,0.0,0.0,0.0,0,0.9522823724252143,0.9786771555739573,False,False,False,False,-0.005270684560049208,0.016982408221723356,False,False,False,False,-2224.0,6561.394381625125,False,False,False,False,565.4263979955732,False,False,False,False
2025-06-18 17:00:00+00:00,38.765,38.835,38.675,38.78,379.0,,,,,,40.187338164251216,40.847691947705385,40.1339566706933,39.94582520801289,39.85657269657066,39.32744108898522,38.594325102646785,36.627237131066806,38.01358463152636,,,,,40.12189317758592,40.82724510620016,40.267237684815356,39.86946782726837,39.8710366189644,40.052173396825374,39.74275870943001,38.909672652130546,38.74904628460053,37.36786587099586,,39.43249975722606,38.909672652130546,38.01358463152636,39.28155251571763,39.57783973288166,"rgba(239, 83, 80, 1.0)",1.3948290508451082,39.9403017907645,-0.8318594956575419,28.053268895245726,-14.258998399160447,False,True,False,True,False,0.0,0.0,0.0,0.0,0.0,0,0.9513838499015234,0.9712864102829897,False,False,False,False,-0.012591620476412452,0.0021953938726554517,False,False,False,False,-1845.0,6431.062685785975,False,False,False,False,562.5360662437039,False,False,False,False
2025-06-18 18:00:00+00:00,38.78,38.88,38.46,38.51,340.0,,,,,,40.13202710167444,40.82526096342076,40.12380897115617,39.939478904820064,39.85185025036686,39.32523842292994,38.59438661128073,36.630312109323505,38.01438334722641,,,,,40.07164506627393,40.80724572700745,40.25552417727683,39.86215420980637,39.864358064903406,40.04600229696125,39.73890797025654,38.90882328700942,38.748670842960784,37.37077982522363,,39.429901294937984,38.90882328700942,38.01438334722641,39.27074963135543,39.56741114676796,"rgba(239, 83, 80, 1.0)",1.367214657220769,39.927741118372694,-1.0369557632264093,25.947479717608925,-16.60389350328746,False,True,False,True,False,0.0,0.0,0.0,0.0,0.0,0,0.94708612686952,0.9695719443011864,False,False,False,False,-0.022550410982492258,-0.010177508554918403,False,False,False,False,-2185.0,6297.480318564487,False,False,False,False,559.0858946740341,False,False,False,False
2025-06-18 19:00:00+00:00,38.505,38.84,38.46,38.78,2945.0,,,,,,39.795760978835986,40.65447246250657,40.04547884670211,39.88998867222266,39.81485117950274,39.308719898099596,38.59669121019917,36.65756720767763,38.02208362376939,,,,,39.762495938055345,40.65362898715229,40.16505810638088,39.80589661033569,39.812734392152166,39.997442412791266,39.708829557923806,38.903545140766006,38.74734403664746,37.39698089536175,,39.41012635148687,38.903545140766006,38.02208362376939,39.19840156439065,39.49539560775666,"rgba(239, 83, 80, 1.0)",1.3377548490050128,39.83946355397863,-0.7919713800825557,27.7404164176859,-16.60389350328746,False,True,False,True,False,0.0,0.0,0.0,0.0,0.0,0,0.9459570533237436,0.972053837460187,False,False,False,False,-0.024894232717380848,-0.017535870636149625,False,False,False,False,760.0,6211.627910524728,False,False,False,False,596.0768110356769,False,False,False,False
2025-06-19 14:00:00+00:00,38.78,38.78,38.78,38.78,0.0,,,,,,39.795760978835986,40.65447246250657,40.04547884670211,39.88998867222266,39.81485117950274,39.308719898099596,38.59669121019917,36.65756720767763,38.02208362376939,,,,,39.762495938055345,40.65362898715229,40.16505810638088,39.80589661033569,39.812734392152166,39.997442412791266,39.708829557923806,38.903545140766006,38.74734403664746,37.39698089536175,,39.41012635148687,38.903545140766006,38.02208362376939,39.19840156439065,39.49539560775666,"rgba(239, 83, 80, 0.75)",1.3058805596364575,39.83946355397863,-0.8113020338349886,28.93570755107055,-16.60389350328746,False,True,False,True,True,0.0,0.0,0.0,0.0,0.0,0,0.951707770095965,0.9742028686410072,False,False,False,False,-0.009663128092168974,-0.0135994993641593,False,False,False,False,760.0,6127.106547570856,False,False,False,False,586.8353100893873,False,False,False,False
2025-06-19 15:00:00+00:00,38.78,38.78,38.78,38.78,0.0,,,,,,39.795760978835986,40.65447246250657,40.04547884670211,39.88998867222266,39.81485117950274,39.308719898099596,38.59669121019917,36.65756720767763,38.02208362376939,,,,,39.762495938055345,40.65362898715229,40.16505810638088,39.80589661033569,39.812734392152166,39.997442412791266,39.708829557923806,38.903545140766006,38.74734403664746,37.39698089536175,,39.41012635148687,38.903545140766006,38.02208362376939,39.19840156439065,39.49539560775666,"rgba(239, 83, 80, 0.75)",1.2786708083148024,39.83946355397863,-0.8285663104915401,29.732568306660312,-16.60389350328746,False,True,False,True,True,0.0,0.0,0.0,0.0,0.0,0,0.9514774494556761,0.9744945567651635,False,False,False,False,-0.009663128092168974,-0.011631313728164137,False,False,False,False,760.0,6043.895593344951,False,False,False,False,577.7370882275363,False,False,False,False
2025-06-19 16:00:00+00:00,38.78,38.78,38.78,38.78,0.0,,,,,,39.795760978835986,40.65447246250657,40.04547884670211,39.88998867222266,39.81485117950274,39.308719898099596,38.59669121019917,36.65756720767763,38.02208362376939,,,,,39.762495938055345,40.65362898715229,40.16505810638088,39.80589661033569,39.812734392152166,39.997442412791266,39.708829557923806,38.903545140766006,38.74734403664746,37.39698089536175,,39.41012635148687,38.903545140766006,38.02208362376939,39.19840156439065,39.49539560775666,"rgba(239, 83, 80, 0.75)",1.25070168773857,39.83946355397863,-0.8470953260599479,30.26380881038682,-16.60389350328746,False,True,False,True,True,0.0,0.0,0.0,0.0,0.0,0,0.9544552386921548,0.9736759636477597,False,False,False,False,-0.009663128092168974,-0.010647220910166556,False,False,False,False,760.0,5961.974731432626,False,False,False,False,568.7799240689699,False,False,False,False
2025-06-19 17:00:00+00:00,38.78,38.78,38.78,38.78,0.0,,,,,,39.795760978835986,40.65447246250657,40.04547884670211,39.88998867222266,39.81485117950274,39.308719898099596,38.59669121019917,36.65756720767763,38.02208362376939,,,,,39.762495938055345,40.65362898715229,40.16505810638088,39.80589661033569,39.812734392152166,39.997442412791266,39.708829557923806,38.903545140766006,38.74734403664746,37.39698089536175,,39.41012635148687,38.903545140766006,38.02208362376939,39.19840156439065,39.49539560775666,"rgba(239, 83, 80, 0.75)",1.2171012120447333,39.83946355397863,-0.8704810606496146,30.617969146204494,-16.60389350328746,False,True,False,True,True,0.0,0.0,0.0,0.0,0.0,0,0.9558498896247237,0.9705665930831495,False,False,False,False,-0.009663128092168974,-0.010155174501167765,False,False,False,False,760.0,5881.323960402663,False,False,False,False,559.9616306725517,False,False,False,False
2025-06-19 18:00:00+00:00,38.78,38.78,38.78,38.78,0.0,,,,,,39.795760978835986,40.65447246250657,40.04547884670211,39.88998867222266,39.81485117950274,39.308719898099596,38.59669121019917,36.65756720767763,38.02208362376939,,,,,39.762495938055345,40.65362898715229,40.16505810638088,39.80589661033569,39.812734392152166,39.997442412791266,39.708829557923806,38.903545140766006,38.74734403664746,37.39698089536175,,39.41012635148687,38.903545140766006,38.02208362376939,39.19840156439065,39.49539560775666,"rgba(239, 83, 80, 0.75)",1.1858247329591747,39.83946355397863,-0.8934402568369317,30.85407603674961,-16.60389350328746,False,True,False,True,True,0.0,0.0,0.0,0.0,0.0,0,0.9559601947914457,0.97067541816642,False,False,False,False,-0.009663128092168974,-0.009909151296668368,False,False,False,False,760.0,5801.9235889235515,False,False,False,False,551.2800550032098,False,False,False,False
2025-06-19 19:00:00+00:00,38.78,38.78,38.78,38.78,0.0,,,,,,39.795760978835986,40.65447246250657,40.04547884670211,39.88998867222266,39.81485117950274,39.308719898099596,38.59669121019917,36.65756720767763,38.02208362376939,,,,,39.762495938055345,40.65362898715229,40.16505810638088,39.80589661033569,39.812734392152166,39.997442412791266,39.708829557923806,38.903545140766006,38.74734403664746,37.39698089536175,,39.41012635148687,38.903545140766006,38.02208362376939,39.19840156439065,39.49539560775666,"rgba(239, 83, 80, 0.75)",1.155187738729993,39.83946355397863,-0.9171353871392363,31.011480630446357,-16.60389350328746,False,True,False,True,True,0.0,0.0,0.0,0.0,0.0,0,0.9622236531444511,0.9699506331830868,False,False,False,False,-0.009663128092168974,-0.009786139694418671,False,False,False,False,760.0,5723.754230955745,False,False,False,False,542.7330774062608,False,False,False,False
2025-06-20 14:00:00+00:00,37.935,37.98,37.395,37.54,703.0,,,,,,39.68175123405749,40.59787708527959,40.014420329754365,39.868842838122454,39.79838388023719,39.29836120863548,38.59139233421162,36.660650481399166,38.02104749651134,,,,,39.65454492879347,40.602214864941345,40.13060588722086,39.78127515929055,39.79009075602036,39.97739776966648,39.69470833818413,38.8961905962835,38.74103279068952,37.39811689586988,,39.39884370348229,38.8961905962835,38.02104749651134,39.17030298757875,39.46661779869601,"rgba(239, 83, 80, 1.0)",1.1533437209865678,39.80594414354356,-1.964673758838588,25.24714800758083,-20.25535074251092,False,True,False,True,False,0.0,0.0,0.0,0.0,0.0,0,0.9532464803530152,0.9627022483715068,False,False,False,False,-0.13850086300450765,-0.07414350134946315,False,False,False,False,57.0,5635.8975762122445,False,False,False,False,545.2178358960862,False,False,False,False
2025-06-20 15:00:00+00:00,37.535,37.59,37.405,37.45,764.0,,,,,,39.56226132082179,40.53560015520503,39.979396640663175,39.844725164526594,39.779490273730346,39.28619960978803,38.584763946764255,36.663445953273346,38.01946942948828,,,,,39.54081751958165,40.54544114495273,40.09192637259024,39.75323339132469,39.764257884021035,39.95456312423652,39.678425943759635,38.88731073989472,38.73329188623839,37.398542096872326,,39.38566711046741,38.88731073989472,38.01946942948828,39.13948361047343,39.434781010347194,"rgba(239, 83, 80, 1.0)",1.153922620635724,39.76896149510931,-2.0096334482391325,21.203597097147583,-24.028513005048726,False,True,False,True,False,0.0,0.0,0.0,0.0,0.0,0,0.9605026929982045,0.9644101805892915,False,False,False,False,-0.1612592145527485,-0.11770135795110583,False,False,False,False,-707.0,5537.558078906628,False,False,False,False,548.609807432581,False,False,False,False
2025-06-20 16:00:00+00:00,37.44,37.645,37.44,37.53,1.0,,,,,,39.56211745332197,40.53552175429418,39.979352458521866,39.8446946655735,39.77946635070415,39.286184294689264,38.584755765772826,36.66344985233647,38.01946758700797,,,,,39.54068034433941,40.545369536917974,40.091877568182255,39.75319804002936,39.764225280251544,39.954534188392415,39.67840533443759,38.887299655719254,38.733282272424965,37.398543028050334,,39.38565049207464,38.887299655719254,38.01946758700797,39.13944557580246,39.434741524874504,"rgba(239, 83, 80, 1.0)",1.1447587652562587,39.76891549962734,-1.955796773590241,19.725332827648835,-25.376617708856667,False,True,False,True,False,0.0,0.0,0.0,0.0,0.0,0,0.9744712668233281,0.9605853450117497,False,False,False,False,-0.15585495286361248,-0.13677815540735916,False,False,False,False,-706.0,5440.75872884606,False,False,False,False,540.1197328987424,False,False,False,False
2025-06-20 17:00:00+00:00,37.55,37.62,37.38,37.44,0.0,,,,,,39.56211745332197,40.53552175429418,39.979352458521866,39.8446946655735,39.77946635070415,39.286184294689264,38.584755765772826,36.66344985233647,38.01946758700797,,,,,39.54068034433941,40.545369536917974,40.091877568182255,39.75319804002936,39.764225280251544,39.954534188392415,39.67840533443759,38.887299655719254,38.733282272424965,37.398543028050334,,39.38565049207464,38.887299655719254,38.01946758700797,39.13944557580246,39.434741524874504,"rgba(239, 83, 80, 1.0)",1.1711833624453816,39.76891549962734,-1.9885148425987413,18.45746275921806,-26.630320626942027,False,True,False,True,False,0.0,0.0,0.0,0.0,0.0,0,0.9683828241828667,0.9643238624225595,False,False,False,False,-0.16095873551457862,-0.1488684454609689,False,False,False,False,-706.0,5345.46014390271,False,False,False,False,531.7457835514751,False,False,False,False
2025-06-20 18:00:00+00:00,37.44,37.565,37.41,37.41,201.0,,,,,,39.53252949283996,40.51944502268134,39.97022629588886,39.83837747121584,39.77450402806329,39.282976611153885,38.582993692969396,36.66416424367908,38.01903856848397,,,,,39.512443183097965,40.53068001737963,40.081812219175994,39.74587009784424,39.75746620322366,39.94854801841407,39.674122790155266,38.88494901725949,38.73122925318147,37.398627431414816,,39.38217787775114,38.88494901725949,38.01903856848397,39.13158393633062,39.42657482311466,"rgba(239, 83, 80, 1.0)",1.203284551430837,39.759422426780205,-1.9525077621801825,17.513548744008727,-27.667264928962958,False,True,False,True,False,0.0,0.0,0.0,0.0,0.0,0,0.9697327465922503,0.967478802189546,False,False,False,False,-0.16246142001395716,-0.155664932737463,False,False,False,False,-907.0,5248.522777330575,False,False,False,False,526.6179419460259,False,False,False,False
2025-06-20 19:00:00+00:00,37.41,37.44,37.17,37.33,1185.0,,,,,,39.36236335792245,40.42354330741787,39.91463589118816,39.79952206264283,39.74382612095201,39.26277085695983,38.57135723456257,36.66757154035818,38.01585306826246,,,,,39.34940857524192,40.44279260796066,40.02073032452661,39.70085829169268,39.71588738311943,39.91176198722251,39.647537070650436,38.869818789656264,38.717860539562814,37.39796031918896,,39.36039534243168,38.869818789656264,38.01585306826246,39.084604826696264,39.377461588882234,"rgba(239, 83, 80, 1.0)",1.233999204228444,39.70248458209524,-1.9225981459028831,16.609119973447324,-28.733557659108776,False,True,False,True,False,0.0,0.0,0.0,0.0,0.0,0,0.964769065520945,0.9683136412459722,False,False,False,False,-0.18448729794929053,-0.17007611534337677,False,False,False,False,-2092.0,5134.716222643279,False,False,False,False,536.8254157143045,True,False,False,False
2025-06-23 14:00:00+00:00,37.545,37.67,37.44,37.525,1092.0,,,,,,39.24242133043234,40.34632582457174,39.86981115461012,39.76799916773366,39.718856090543525,39.2466840186956,38.562761488787324,36.671795041332025,38.01390258952832,,,,,39.23401772468182,40.37163795946513,39.9713973285159,39.66471327458084,39.6823805418139,39.88170297313746,39.62594196082858,38.85816884225445,38.70775780785755,37.39901252285372,,39.342950677578315,38.85816884225445,38.01390258952832,39.048950745137184,39.33967309359893,"rgba(239, 83, 80, 0.75)",1.2581228975046992,39.65824220373152,-1.695575374999128,19.599656838544693,-28.733557659108776,False,True,False,True,True,0.0,0.0,0.0,0.0,0.0,0,0.9648897452365657,0.961892528366517,False,False,False,False,-0.15435538350102834,-0.16221574942220257,False,False,False,False,-1000.0,5039.604343222453,False,False,False,False,545.4327736102068,False,False,False,False
2025-06-23 15:00:00+00:00,37.525,37.695,37.505,37.52,399.0,,,,,,39.20311970099342,40.31941011668734,39.854047487971734,39.75684397253467,39.70999038584353,39.24097765888346,38.55974297904227,36.67337786363109,38.01323675944021,,,,,39.196099952312835,40.34675499394561,39.954063496376804,39.65197944484289,39.67055311154525,39.871040325692654,39.6182676149603,38.85405382083801,38.704198598234946,37.399467124183005,,39.33675913503275,38.85405382083801,38.01323675944021,39.036749658336404,39.326647848293234,"rgba(239, 83, 80, 0.75)",1.281187512209604,39.64295244316489,-1.6570193066458536,21.562338443772745,-33.11962776178093,False,True,False,True,True,0.0,0.0,0.0,0.0,0.0,0,0.9699828473413377,0.9592624356775302,False,False,False,False,-0.14896258229908466,-0.1555891658606436,False,False,False,False,-1399.0,4939.781020071718,False,False,False,False,543.1624980503586,False,False,False,False
2025-06-23 16:00:00+00:00,37.52,37.52,37.135,37.38,310.0,,,,,,39.16973708103932,40.297147105455885,39.8407373467723,39.74735683741703,39.70242194785396,39.235967574202576,38.55687052335295,36.67429275552098,38.012453043383935,,,,37.345,39.163834504732456,40.32615907866876,39.939492974238874,39.64111746480156,39.66046450878592,39.86200730572536,39.61168323553961,38.85030807110257,38.70089343938669,37.39935698910704,,39.33135947843881,38.85030807110257,38.012453043383935,39.026331579444324,39.13639250655353,"rgba(239, 83, 80, 0.75)",1.308817697682208,39.56220673866858,-1.6673114540955989,21.99757355155883,-32.55054214402767,False,True,False,True,True,0.0,0.0,0.0,0.0,0.0,0,0.961221210498125,0.9667916443492234,True,False,False,False,-0.1817626145524422,-0.1686758902065429,False,False,False,False,-1709.0,4836.699143791536,False,False,False,False,539.5475755999655,False,False,False,False
2025-06-23 17:00:00+00:00,37.375,37.88,37.36,37.88,200.0,,,,,,39.15297316910151,40.28469795996828,39.833458424999,39.742191121686545,39.69830991356663,39.23336481894356,38.55557543838271,36.67519925714862,38.012221844181816,,,,37.48683006535948,39.14763024742842,40.314614633143094,39.93147708370729,39.635259131953376,39.65501146634291,39.85704622703033,39.608130028226455,38.84847956138247,38.699336103213945,37.399757366512496,,39.328522801013825,38.84847956138247,38.012221844181816,39.02088799421985,39.14396108311821,"rgba(239, 83, 80, 0.75)",1.3273139848637172,39.562451561088395,-1.267561089745573,29.802081676109772,-25.25889587772938,False,True,False,True,True,0.0,0.0,0.0,0.0,0.0,0,0.9692504804612424,0.9573991031390133,False,False,False,False,-0.14656855795541934,-0.15762222408098112,False,False,False,False,-1509.0,4738.316211329652,False,False,False,False,534.2832721022916,False,False,False,False
2025-06-23 18:00:00+00:00,37.875,38.12,37.875,38.11,923.0,,,,,,39.09682509885009,40.23588575458391,39.805587754645174,39.722477647667176,39.68264297085476,39.224025754902044,38.55194141078002,36.68068735952845,38.01230104792579,,,,37.83990811816702,39.09331685001059,40.26917397345081,39.90056845537643,39.6132019194393,39.63441034508097,39.837894749828216,39.59470436396026,38.84252111554627,38.69456819018293,37.403554022348416,,39.318183311394385,38.84252111554627,38.01230104792579,39.00137497774861,39.156711100308286,"rgba(239, 83, 80, 0.5)",1.3413644324123566,39.554671222484615,-1.0770161990104867,37.39566605816496,-18.550462421007833,True,False,False,True,True,0.0,0.0,0.0,0.0,0.0,0,0.9802202501871053,0.9513525072169361,False,False,False,False,-0.10166201438815084,-0.12964211923456598,False,False,False,False,-586.0,4655.768673169503,False,False,False,False,540.3098880386901,False,False,False,False
2025-06-23 19:00:00+00:00,38.1,38.205,38.005,38.13,894.0,,,,,,39.051202348830785,40.192197356909325,39.78056252136611,39.704679228631036,39.66845529195234,39.21570470651661,38.54899569792309,36.68626598515601,38.01264017536546,,,,37.94495416129494,39.04907357842643,40.2283391598514,39.87279387649857,39.59344179512118,39.61590303863393,39.82051440885911,39.582559417365914,38.83738433130822,38.690555649935646,37.40763922777967,,39.30892686294393,38.83738433130822,38.01264017536546,38.984522590294524,39.14937805864318,"rgba(239, 83, 80, 0.5)",1.3545378620844086,39.5375402966903,-1.0391295334663657,42.658615018842895,-14.142459809444318,True,False,False,True,True,0.0,0.0,0.0,0.0,0.0,0,0.9790307050390498,0.9520701829464,False,False,False,False,-0.08895617818521762,-0.1092991487098918,False,False,False,False,308.0,4588.3614069188125,False,False,False,False,545.7934556659973,False,False,False,False
2025-06-24 14:00:00+00:00,39.44,39.915,39.44,39.845,614.0,,,,,,39.072263820443204,40.185801095774295,39.78008766184144,39.70489526031433,39.66885564489111,39.21835445412481,38.55443347690836,36.6943931923557,38.016597821838786,,,,38.31831859911594,39.06965231517764,40.22198231266906,39.871321098708314,39.59469622619464,39.61687620911504,39.819915118878335,39.583403627001275,38.84169823009543,38.69547645398138,37.416796384530045,,39.311154470849715,38.84169823009543,38.016597821838786,38.98840915872134,39.1863760523152,"rgba(38, 166, 154, 1.0)",1.3545805607256722,39.55797077414847,0.2118952790063367,54.75600143892071,-3.5299347016760194,True,False,True,False,True,4.232696602870973,0.0,0.0,0.0,0.0,0,0.9806478319362514,0.9433923212252926,False,False,False,False,0.09574848895647929,-0.006775329876706253,False,False,False,False,922.0,4531.518594408443,False,False,False,False,546.8509214696252,False,False,False,False
2025-06-24 15:00:00+00:00,39.85,40.145,39.85,40.105,312.0,,,,,,39.08710953229694,40.18472873459572,39.78137493211686,39.70614871807416,39.66999495718617,39.22046887083497,38.55787585795286,36.69891243771166,38.018952119930894,,,,38.48280817706732,39.08415774154123,40.22075925387194,39.8721858587241,39.59668585717608,39.618622595270736,39.820657997984355,39.584680127791266,38.844606635219385,38.69867682312831,37.422020985197086,,39.31307548681922,38.844606635219385,38.018952119930894,38.991729573411135,39.204169277542896,"rgba(38, 166, 154, 1.0)",1.3551216095158982,39.568599955505476,0.3958316661234141,63.42303183921185,3.651518864331784,True,False,True,False,True,5.6353590435119365,0.0,0.0,0.0,0.0,0,0.990398513318191,0.936919264918439,False,False,False,False,0.13372850073606843,0.06347658542968108,False,False,False,False,1234.0,4480.394275115289,False,False,False,False,543.2098219119566,False,False,False,False
2025-06-24 16:00:00+00:00,40.11,40.31,40.03,40.29,701.0,,,,,,39.12477383287877,40.18512187183298,39.78621483760463,39.71043236753058,39.67376107236542,39.22620359959656,38.56647115577294,36.70955738886607,38.02468390890385,,,,38.78901997976732,39.12098705803662,40.220604778972515,39.87618909963823,39.6028732820033,39.62414242218464,39.82367932708982,39.58864092393138,38.852053231051705,38.70675629987213,37.43447287103228,,39.31840414261863,38.852053231051705,38.02468390890385,39.0008022261502,39.23994720668909,"rgba(38, 166, 154, 1.0)",1.3564176188612194,39.591150232500894,0.5152172588895039,69.61334491759355,8.662891979929178,True,False,True,False,True,6.6194280519355075,0.0,0.0,0.0,0.0,0,0.9903510572777661,0.9338944775200163,False,False,False,False,0.15435537150723683,0.10891597846845896,False,False,False,False,1935.0,4440.930797981719,False,False,False,False,545.6561812621588,False,False,False,False
2025-06-24 17:00:00+00:00,40.295,40.47,40.255,40.385,226.0,,,,,,39.13809554240632,40.18604448664443,39.7883323436104,39.712235271350636,39.67532302947881,39.22833670286507,38.56949113487002,36.71313177728521,38.026660259565276,,,,38.87449880382774,39.1340222427461,40.22129310989242,39.8780685415965,39.60536027312762,39.62638012363543,39.82504271569492,39.59023326239728,38.854717536502015,38.70961800136528,37.43869369512661,,39.320414484981264,38.854717536502015,38.026660259565276,39.00418339423069,39.2507207550829,"rgba(38, 166, 154, 1.0)",1.3511639026751265,39.59827902206216,0.5822542893428666,73.95511363464325,12.253980366598533,True,False,True,False,True,7.124007325688897,0.0,0.0,0.0,0.0,0,0.9949923352069492,0.9309146653040369,False,False,False,False,0.17752949054337633,0.14322273450591766,False,False,False,False,2161.0,4405.583033671925,False,False,False,False,540.7002714751486,False,False,False,False
2025-06-24 18:00:00+00:00,40.385,40.505,40.345,40.445,365.0,,,,,,39.16006638746705,40.18800830193638,39.79207910496978,39.71539735963263,39.6780535389302,39.23195018744156,38.574513554320745,36.718986954608596,38.02992894121793,,,,38.99955188852218,39.15553178928247,40.222846986131344,39.8814506374313,39.60966419791844,39.63026325292185,39.82747788470349,39.59299359775188,38.85917512746047,38.71438992139773,37.445627810043696,,39.323834904652685,38.85917512746047,38.02992894121793,39.0098871478361,39.26717937214226,"rgba(38, 166, 154, 1.0)",1.3478733599989965,39.60942714642797,0.6199194066515669,76.99319443963077,14.975863010365657,True,False,True,False,True,7.445265391232017,0.0,0.0,0.0,0.0,0,0.99684221248854,0.9304268106346134,False,False,False,False,0.1850931376583362,0.16415793608212692,False,False,False,False,2526.0,4376.442211444453,False,False,False,False,537.9762362584796,False,False,False,True
2025-06-24 19:00:00+00:00,40.445,40.555,40.39,40.43,1117.0,,,,,40.458333333333336,39.22421307559607,40.194464566985246,39.80374578689115,39.725257740125066,39.68657989389003,39.243117666400366,38.589934896310474,36.7369192751825,38.03998748488915,,,,39.287340456846806,39.218427986918506,40.22805226287772,39.89203816283833,39.62297960005431,39.642305203681765,39.83513379761411,39.60159463427656,38.87289005594713,38.729054616629654,37.466837627577284,,39.33442157264072,38.87289005594713,38.03998748488915,39.17025537196034,39.30878676411474,"rgba(38, 166, 154, 1.0)",1.3443183979085263,39.7179477259841,0.5296753173382922,78.82671969151355,16.904362171049712,True,False,True,False,True,7.3458408839257885,0.0,0.0,0.0,0.0,0,0.9977664974619287,0.9296446700507613,False,False,False,False,0.19085550150803574,0.17750671879508134,False,False,False,False,1409.0,4330.435355453066,False,False,False,False,546.9533488746273,False,False,False,False
2025-06-25 14:00:00+00:00,40.055,40.25,39.905,40.145,799.0,,,,,40.3089030967293,39.25410941638897,40.19287784504988,39.80741066451972,39.72878197583175,39.689786287452264,39.24866295441354,38.598725858786054,36.74841627374973,38.046072935191305,,,,39.387838053964806,39.24785546178699,40.226059085950276,39.89473292140359,39.62827378968033,39.64701720139157,39.837413265690785,39.60511318354112,38.88037214815719,38.73725152281605,37.480031428792415,,39.33949789764869,38.88037214815719,38.046072935191305,39.16237473081126,39.324723460288645,"rgba(38, 166, 154, 1.0)",1.340596250295629,39.72084111300039,0.3163956984857132,76.50181044832595,16.904362171049712,True,False,True,False,True,5.464533541613882,0.0,0.0,0.0,0.0,0,0.9900552486187842,0.932898041185334,False,False,False,False,0.14327947846087102,0.16039309862797618,False,False,False,False,610.0,4272.754187151468,False,False,False,False,550.8610488920749,False,False,False,False
2025-06-25 15:00:00+00:00,40.145,40.18,39.96,40.0,401.0,,,,,40.263518198820314,39.26745908066256,40.19165558311964,39.808886939841095,39.73027530136712,39.69117003961154,39.25124638722491,38.602944009763974,36.75406543426604,38.04903460034308,,,,39.42633853104051,39.26101744942544,40.224668554565426,39.89571460797267,39.630591355517794,39.6490715198284,39.838313188620276,39.60667211070024,38.88393025060483,38.74116897327812,37.486469611289735,,39.34184340907023,38.88393025060483,38.04903460034308,39.16102555750203,39.331268741167584,"rgba(38, 166, 154, 0.75)",1.3400017076768864,39.722769185063235,0.20688840420762586,73.30504282274892,16.904362171049712,True,False,True,False,False,4.52134425063111,0.0,0.0,0.0,0.0,0,0.991199119911991,0.9345934593459345,False,False,False,False,0.14238299707870014,0.15138804785333815,False,False,False,False,209.0,4209.750246265398,False,False,False,False,548.537621777469,False,False,False,False
2025-06-25 16:00:00+00:00,39.98,40.09,39.905,39.99,14.0,,,,,40.261905476905476,39.267886668625735,40.191598204919785,39.80892702388095,39.7303187115666,39.69121116321038,39.251330440749115,38.60308557855053,36.754259222876634,38.049135171485375,,,,39.42749636416521,39.26143943438326,40.224606418407504,39.89573699980669,39.63066181446545,39.64913358966143,39.838336711132065,39.60671997053835,38.88404857899221,38.74129992266509,37.4866892779404,,39.341919034032166,38.88404857899221,38.049135171485375,39.16096576627705,39.33146991655979,"rgba(38, 166, 154, 0.75)",1.339991723787955,39.72281409433134,0.19939369842775376,71.05551009002677,16.904362171049712,True,False,True,False,False,4.455801313823997,0.0,0.0,0.0,0.0,0,0.9970576298701297,0.9354707792207794,False,False,False,False,0.13372850073606843,0.1425582742947033,False,False,False,False,195.0,4147.506056400818,False,False,False,False,540.250216788671,False,False,False,False
2025-06-25 17:00:00+00:00,39.995,40.065,39.785,39.785,302.0,,,,,40.217910494999366,39.27552895576837,40.18963888025956,39.80924799019983,39.73084044337063,39.69175591479735,39.252855258142624,38.60587704611074,36.758283597581176,38.05117218555255,,,,39.44646442834586,39.268996403412714,40.2225972641165,39.89565274081674,39.63169052891205,39.650017299271006,39.83846581799524,39.60744016471167,38.88632756012285,38.743855795639774,37.49119848959699,,39.34325545646787,38.88632756012285,38.05117218555255,39.158311076678224,39.33479149935831,"rgba(38, 166, 154, 0.75)",1.3275188534656293,39.722489054453646,0.04708855575433727,67.13679964303677,16.904362171049712,True,False,True,False,False,3.1090990260919824,0.0,0.0,0.0,0.0,0,0.9927081223415026,0.9347782053878874,False,False,False,False,0.12509387321319834,0.13382607375395084,False,False,False,False,-107.0,4081.5447221930535,False,False,False,False,536.5564149779939,False,False,False,False
2025-06-25 18:00:00+00:00,39.8,39.815,39.68,39.74,451.0,,,,,40.14875270211846,39.28414503133395,40.185524218920975,39.80880733317112,39.7309145883646,39.69198639318667,39.25463614505522,38.609588643413105,36.76401823548611,38.05398441325129,,,,39.46411281513522,39.277547933928204,40.218494476190465,39.894571323221236,39.63238903316931,39.650561070349596,39.83801742386366,39.60798271926679,38.88925671978962,38.74720527143514,37.4975265155524,,39.34474464663401,38.88925671978962,38.05398441325129,39.15323577043015,39.33796957290014,"rgba(38, 166, 154, 0.75)",1.3154769970357216,39.72038471606537,0.014911156925461095,64.00603748416913,24.1978091018471,True,False,True,False,False,2.813682672919576,0.0,0.0,0.0,0.0,0,0.9888347543645958,0.9425497360941941,False,False,False,False,0.10402937047962185,0.11892772211678634,False,False,False,False,-558.0,4009.61379626758,False,False,False,False,535.2299589318234,False,False,False,False
2025-06-25 19:00:00+00:00,39.74,39.85,39.715,39.85,2437.0,,,,,39.99701835416289,39.33113786975678,40.16740260163236,39.808671271244854,39.73295316057885,39.69456940992575,39.2651912462947,38.630271323057855,36.79524465540513,38.06955379490508,,,,39.54664232730644,39.3242201929245,40.20015190126872,39.891226774532946,39.637953446124406,39.6551952841224,39.83718313875121,39.61209399404028,38.905831043377944,38.76598889528486,37.53201140438023,,39.353782496004726,38.905831043377944,38.06955379490508,39.14920136869642,39.35531803655581,"rgba(38, 166, 154, 0.75)",1.302130938877642,39.721154364945924,0.09894983001105412,62.866188282780044,22.56230466800774,True,False,True,False,False,3.4883101730370356,0.0,0.0,0.0,0.0,0,0.9900507614213196,0.9392893401015228,False,False,False,False,0.10817507796940197,0.11355140004309416,False,False,False,False,1879.0,3976.5810242324237,False,False,False,False,564.7147657700897,False,False,False,False
2025-06-26 14:00:00+00:00,39.46,39.74,39.36,39.56,858.0,,,,,39.93734101478811,39.33797857834872,40.157276495422586,39.80549854455403,39.731229735824854,39.693441970668225,39.26712378577534,38.63586007202453,36.80517995815577,38.074184264701586,,,,39.54716785670694,39.33114223505523,40.19020530513486,39.886842397112495,39.63700381488021,39.65413040829506,39.8346802289731,39.61166543411367,38.909930973747386,38.77088068531539,37.54259127197156,,39.35515261850841,38.909930973747386,38.074184264701586,39.14451144202637,39.35602187375508,"rgba(38, 166, 154, 0.75)",1.2840612408567804,39.73088346897572,-0.13308046652174946,58.747695246676365,18.150596931337134,True,False,True,False,False,1.5634037410619825,0.0,0.0,0.0,0.0,0,0.9808351825701027,0.9400847286665321,False,False,False,False,0.08069822578578309,0.09712481291443863,False,False,False,False,1021.0,3930.758062616417,False,False,False,False,569.261823665127,False,False,False,False
2025-06-26 15:00:00+00:00,39.58,39.785,39.55,39.68,459.0,,,,,39.919507653309935,39.34338534312342,40.153030069219525,39.80461480362538,39.73092556537088,39.693349375899395,39.26857007848666,38.639204203887374,36.81069326416475,38.07684678371065,,,,39.552188058215464,39.336558435558025,40.185974330714245,39.885359050608514,39.637210672526024,39.65422793583095,39.833914875770986,39.61189862913946,38.91250253132592,38.77386475504489,37.54853620305425,,39.35631094757432,38.91250253132592,38.07684678371065,39.1440127140798,39.357475952526244,"rgba(38, 166, 154, 0.75)",1.2643353059082652,39.73210895495922,-0.04121450592712002,57.18737793998846,16.18253787956877,True,False,True,False,False,2.316066176596326,0.0,0.0,0.0,0.0,0,0.9861755802219978,0.9393541876892028,False,False,False,False,0.0945666000546752,0.09584570648455691,False,False,False,False,1480.0,3892.761813583604,False,False,False,False,567.5523380269079,False,False,False,False
2025-06-26 16:00:00+00:00,39.68,39.795,39.66,39.745,401.0,,,,,39.90919464014366,39.34882824555909,40.14984808379497,39.804205942793935,39.73093625968713,39.693497364850515,39.27001718586618,38.64228158835481,36.81559601748624,38.079255270804005,,,,39.55835228558497,39.34199630882806,40.18277057041155,39.88444894800749,39.63770921985815,39.654610428498515,39.83350400010865,39.612309553143966,38.9149163146676,38.776633574894866,37.55385288215684,,39.35751252420728,38.9149163146676,38.079255270804005,39.14436605993406,39.359191280560054,"rgba(38, 166, 154, 0.75)",1.2482402640345867,39.733668073429484,0.009078321615652493,56.78946011614754,15.203650723677214,True,False,True,False,False,2.725495421456344,0.0,0.0,0.0,0.0,0,0.9924911212582443,0.9377980720446474,False,False,False,False,0.10166200255417152,0.09875385451936422,False,False,False,False,1881.0,3861.571707946649,False,False,False,False,564.970131235793,False,False,False,False
2025-06-26 17:00:00+00:00,39.74,39.805,39.72,39.745,298.0,,,,,39.90316394675158,39.35301523868583,40.14764522112968,39.804004163758684,39.731020909462245,39.69367063692957,39.27114063492555,38.64460600270178,36.81925787120018,38.081065772285264,,,,39.563243668266836,39.3461771041265,40.18054103090852,39.88388298504801,39.63816596446472,39.65497583031964,39.833271448206744,39.61267166105499,38.91675180372012,38.77873080559644,37.55782932118583,,39.35845564973319,38.91675180372012,38.081065772285264,39.14485903978304,39.36056742026348,"rgba(38, 166, 154, 0.75)",1.243007385481171,39.734763720602174,0.008235091373862212,56.52418156692026,14.256512032559087,True,False,True,False,False,2.725495421456344,0.0,0.0,0.0,0.0,0,0.9965394402035621,0.9309923664122136,False,False,False,False,0.10580565777200096,0.10227975614568259,False,False,False,False,1881.0,3830.865169838949,False,False,False,False,560.8310594336876,False,False,False,False
2025-06-26 18:00:00+00:00,39.745,39.765,39.53,39.56,68.0,,,,,39.90061713784791,39.35363533253137,40.14696938117681,39.80382450872975,39.73093637730881,39.69362351169942,39.27132343300762,38.64506923796265,36.820052893698836,38.081444297187865,,,,39.56355198902606,39.3468018002813,40.179870573999054,39.88361487255631,39.638148603476616,39.65494591771811,39.83312310971277,39.61267489988895,38.917100721616805,38.77914059415889,37.558677727318596,,39.3585956911194,38.917100721616805,38.081444297187865,39.1447496111151,39.360695528159404,"rgba(38, 166, 154, 0.75)",1.2397143778867428,39.73452799468107,-0.14078081031743556,53.89718367723859,11.14653022240988,True,False,True,False,False,1.4492913653263848,0.0,0.0,0.0,0.0,0,0.9925858216534631,0.9299207800121879,False,False,False,False,0.0922036089131487,0.09724168252941565,False,False,False,False,1813.0,3799.5804385236165,False,False,False,False,553.1902678145607,False,False,False,False
2025-06-26 19:00:00+00:00,39.565,39.625,39.5,39.605,743.0,,,,,39.871784459351545,39.3591890653976,40.139122438271606,39.801448019337286,39.729682193189774,39.692829566080704,39.27306997082304,38.64988672744989,36.82858143802171,38.085456323769264,,,,39.56430776390289,39.35242579908676,40.172111753572004,39.880265592645365,39.63756611496481,39.65425386513094,39.83120368411686,39.612451223828344,38.92066547612985,38.783371184536804,37.5677158771015,,39.359872175653095,38.92066547612985,38.085456323769264,39.143105020169244,39.36148530318329,"rgba(38, 166, 154, 0.75)",1.2313368074307314,39.73097215268636,-0.10230519539914938,52.73948381874747,9.505516778861804,True,False,True,False,False,1.747824032695064,0.0,0.0,0.0,0.0,0,0.9902439024390242,0.9349593495934961,False,False,False,False,0.08217202059144639,0.08970685156043101,False,False,False,False,2556.0,3780.3001216472812,False,False,False,False,556.1330543600714,False,False,False,False
2025-06-27 14:00:00+00:00,39.88,39.95,39.58,39.785,400.0,,,,,39.86720659960372,39.36464547919837,40.136420557598036,39.801281223746855,39.7298651480158,39.69311663268154,39.274600617563465,38.65300105265594,36.83347528344293,38.087888606408086,,,,39.57054740590285,39.357876148379276,40.16935785021663,39.879631373522365,39.638246621164456,39.654810047132955,39.83096475474802,39.61298189332644,38.923134418389864,38.78618551820369,37.57301724466253,,39.36116578445847,38.923134418389864,38.087888606408086,39.14415012009148,39.36334120687719,"rgba(38, 166, 154, 0.75)",1.2218568316777083,39.73227279491836,0.04315334146737891,54.19831311497079,9.505516778861804,True,False,True,False,False,2.9416018895409515,0.0,0.0,0.0,0.0,0,0.9938221592059953,0.9275876038079807,False,False,False,False,0.10610177003707613,0.09790431079875357,False,False,False,False,2956.0,3767.5202748000365,False,False,False,False,553.7123868506128,False,False,False,False
2025-06-27 15:00:00+00:00,39.79,40.21,39.78,40.12,2333.0,,,,40.03666666666667,39.902884817856396,39.41278110384495,40.13231843312828,39.80872708002839,39.73746958831341,39.70026110145443,39.2880055794315,38.67504890276137,36.86424286465173,38.10414712354304,,,,39.64014015103033,39.40571815554414,40.164240761249864,39.88480409736538,39.649699902657815,39.665076500528194,39.83566940506767,39.62106121537086,38.94166337389269,38.80661544081774,37.60710270065114,,39.37331974704044,38.94166337389269,38.10414712354304,39.242050296516375,39.38379924583416,"rgba(38, 166, 154, 1.0)",1.2099386664525378,39.77816216046365,0.28252493206006274,58.32063760478096,9.505516778861804,True,False,True,False,True,5.104801315309992,0.0,0.0,0.0,0.0,0,1.0012127337038905,0.9216776149570491,False,False,False,False,0.13343043201464724,0.11566737140670041,False,False,False,False,5289.0,3791.109107748873,False,False,False,False,581.2982413180451,False,False,False,False
2025-06-27 16:00:00+00:00,40.12,40.135,39.97,40.015,598.0,,,,40.03734675309906,39.909905528441364,39.42408915955663,40.13135549121185,39.81058719228166,39.739379506561235,39.70206247099887,39.29138094094334,38.68060114549252,36.8720425351322,38.108278070388266,,,,39.65487857495069,39.41697369852716,40.16302468832692,39.88610348062277,39.65255476729252,39.667642559295594,39.83686029134666,39.62309896807708,38.946328051759885,38.81175895125652,37.61570001890984,,39.376380284501344,38.946328051759885,38.108278070388266,39.246093526737,39.388629459124154,"rgba(38, 166, 154, 1.0)",1.1963170773461007,39.78253682732892,0.19431568525860737,59.46917870660657,9.505516778861804,True,False,True,False,True,4.343004741160435,0.0,0.0,0.0,0.0,0,1.004754030591153,0.9357172385283173,False,False,False,False,0.1402920883730338,0.1279797298898671,False,False,False,False,4691.0,3805.0609045279602,False,False,False,False,581.5571833131143,False,False,False,False
2025-06-27 17:00:00+00:00,40.02,40.04,39.7,39.815,1233.0,,,,39.98236511367275,39.90434415014457,39.43941393911208,40.12546695353232,39.81125732077336,39.74082235607987,39.70368033141546,39.296518730338164,38.69034132916004,36.88705522955673,38.11591513926339,,,,39.66877785415593,39.43231712088247,40.156865266546866,39.88551908281378,39.655513086229334,39.67020335342227,39.83703610787419,39.62536853902422,38.95418714841907,38.82062437484154,37.63187387434954,,39.380836907586534,38.95418714841907,38.11591513926339,39.2451982357317,39.39438961895993,"rgba(38, 166, 154, 1.0)",1.1784817993298478,39.78195817617643,0.02803761911499698,57.47976482286256,9.505516778861804,True,False,True,False,True,2.903047696250841,0.0,0.0,0.0,0.0,0,1.000517437648763,0.9366656317913694,False,False,False,False,0.1185558901563316,0.12326781002309936,False,False,False,False,3458.0,3799.6801153104725,False,False,False,False,591.6570719439186,False,False,False,False
2025-06-27 18:00:00+00:00,39.815,39.89,39.62,39.67,294.0,,,,39.96550209361447,39.90038858599626,39.441848003612336,40.123474917031956,39.81092956236767,39.74077911688311,39.70373945119994,39.29745720010389,38.69239251908603,36.89046259638983,38.11759584591777,,,,39.6697366345558,39.43477379397793,40.15484555481034,39.88487889131061,39.65576427079081,39.670390082489696,39.8367244944669,39.62560780863775,38.95578278800822,38.82246241708297,37.635480699966614,,39.381608392139,38.95578278800822,38.11759584591777,39.24405180838212,39.39513158509979,"rgba(38, 166, 154, 0.75)",1.1578763762608961,39.78070484214416,-0.09561024338509748,54.39859296455319,9.505516778861804,True,False,True,False,False,1.8709634505875385,0.0,0.0,0.0,0.0,1,0.9990684194182794,0.9369630473035917,False,False,False,False,0.10491743166933945,0.1140926208462194,False,False,False,False,3164.0,3789.824609646744,False,False,False,False,587.0422336192066,False,False,False,False
2025-06-27 19:00:00+00:00,39.655,40.09,39.655,40.015,922.0,,,,39.9577041511772,39.901668436202335,39.45422534486309,40.120336678933874,39.812238975694456,39.742479623759934,39.705469805840956,39.301687721574034,38.699965475712574,36.90182025123271,38.12347453290174,,,,39.68209366464949,39.44715009590203,40.151438032439465,39.8853172336307,39.65865754595982,39.672952264849755,39.83745536380049,39.62777247436684,38.96198864945236,38.82940076061964,37.64775011213178,,39.38534880040991,38.96198864945236,38.12347453290174,39.24737009071754,39.40017965434567,"rgba(38, 166, 154, 0.75)",1.1411202888012608,39.783292458809974,0.20305268731435266,55.9417949085674,9.505516778861804,True,False,True,False,False,4.149869250226068,0.0,0.0,0.0,0.0,1,0.9951616224006588,0.9355569281449455,False,False,False,False,0.11885284829105794,0.11647273456863867,False,False,False,False,4086.0,3794.416476163849,False,False,False,False,592.2353772840252,False,False,False,False
2025-06-30 14:00:00+00:00,39.02,39.28,38.945,39.185,2839.0,,,,39.67410208054507,39.77366466277676,39.43078230231168,40.07573936558127,39.788155928627944,39.72528248559325,39.69179301719586,39.29830547854881,38.708106006386565,36.927324341199935,38.13354882601811,,,,39.61011210797074,39.42454095809714,40.10803933235919,39.85761076059375,39.641632258385705,39.656521244104866,39.81901526526526,39.61689943850892,38.96538316038295,38.835267713622756,37.67197213754164,,39.38014036537293,38.96538316038295,38.13354882601811,39.20243677225321,39.382454034257535,#000000,1.1234928322621822,39.70779650439688,-0.46533141056557964,49.872976792987345,5.877037353832975,False,False,False,False,False,0.0,0.0,0.0,0.0,0.0,0,0.983297904646219,0.9375442858588925,False,False,False,False,0.029289644177882396,0.07288118937326053,False,False,False,False,1247.0,3754.9216470760375,False,False,False,False,627.0689373261333,False,False,False,False
2025-06-30 15:00:00+00:00,39.185,39.275,39.13,39.19,335.0,,,,39.65546956589509,39.762525141602126,39.42877491922734,40.07107038472536,39.78568524353749,39.72352329274045,39.69039689711669,39.298064279935566,38.70918195378051,36.93037839009585,38.13479665382815,,,,39.60379792801452,39.42261380397741,40.1034715768858,39.85474422538625,39.63993268709897,39.654870711285085,39.81709403999617,39.61580878673563,38.965916110644436,38.83608389254238,37.67489658577689,,39.379692156170115,38.965916110644436,38.13479665382815,39.19907879295315,39.38083912257669,"rgba(239, 83, 80, 0.5)",1.1082870396077518,39.70383365745378,-0.46362868019790054,45.877713000229605,2.242455260933461,False,False,False,True,False,0.0,0.0,0.0,0.0,0.0,0,0.9877455944905812,0.9353858618594288,False,False,False,False,0.0398436018413052,0.056362395607282866,False,False,False,False,1582.0,3721.232939369432,False,False,False,False,622.5407367474335,False,False,False,False
2025-06-30 16:00:00+00:00,39.205,39.39,39.205,39.37,822.0,,,,39.62620484926051,39.74253034650187,39.42655239730062,40.06141142436027,39.78096442480652,39.72025816793189,39.68785474049719,39.298203184103826,38.71246277977619,36.938243148081455,38.13819976443036,,,,39.593567573926215,39.42054678158628,40.0939565689468,39.84911695711175,39.63696653439155,39.65195129577126,39.81335956007543,39.61394009186909,38.967902045741106,38.83874769201336,37.68260224247496,,39.37934325959953,38.967902045741106,38.13819976443036,39.1938986570046,39.378423394900715,"rgba(239, 83, 80, 0.5)",1.0924872440347886,39.69824930353008,-0.3004605365622314,45.075295122238494,1.4965257682225683,False,False,False,True,False,0.0,0.0,0.0,0.0,0.0,0,1.0016906170752322,0.9279374471682165,False,False,False,False,0.05099357084096977,0.05367798322412631,False,False,False,False,2404.0,3700.8107232551774,False,False,False,False,625.6331284257677,False,False,False,False
2025-06-30 17:00:00+00:00,39.37,39.465,39.31,39.33,391.0,,,,39.615881539879176,39.73462804932937,39.42598337707787,40.05718817045108,39.778977176148906,39.718903264768926,39.686810317201555,39.29839895809535,38.71412966562018,36.94203893534034,38.139875240357796,,,,39.58974855449552,39.42004313145018,40.08977999735026,39.846714882017224,39.63578091077726,39.65077418293371,39.811769599780696,39.61320011866418,38.96896252144857,38.84012600427336,37.686345971070466,,39.37931185979961,38.96896252144857,38.139875240357796,39.192074063115506,39.377567806751046,"rgba(239, 83, 80, 1.0)",1.0764172221013475,39.69619985234998,-0.34020252076150853,44.22187940975134,0.5077549677241109,False,True,False,True,False,0.0,0.0,0.0,0.0,0.0,0,1.0002118419658934,0.9240546552272005,False,False,False,False,0.06156835344757392,0.057623168335850114,False,False,False,False,2013.0,3674.643115142694,False,False,False,False,621.9954055044379,False,False,False,False
2025-06-30 18:00:00+00:00,39.34,39.465,39.29,39.39,301.0,,,,39.60887928751158,39.72898171768708,39.42565242561074,40.05403417199232,39.77750959241444,39.71790671837163,39.68604440460307,39.29857751813724,38.71543314433749,36.94496895723439,38.14117591654978,,,,39.587067477134255,39.419760260554405,40.08665621213899,39.84493308808868,39.63492044653439,39.64991711635455,39.810589904107545,39.612664355250786,38.96980220718619,38.84120884097059,37.68923941990198,,39.37931701843765,38.96980220718619,38.14117591654978,39.190833077677254,39.37697812074749,"rgba(239, 83, 80, 1.0)",1.0627049881750978,39.69473240441122,-0.2867516458490634,44.3381982140114,0.29764337376403205,False,True,False,True,False,0.0,0.0,0.0,0.0,0.0,0,1.0182131695225778,0.9197111757732516,False,False,False,False,0.060392741377779315,0.05900795485681472,False,False,False,False,2314.0,3653.5478730474583,False,False,False,False,617.0187325508807,False,False,False,False
2025-06-30 19:00:00+00:00,39.39,39.635,39.36,39.59,646.0,,,,39.60402277394063,39.72232161819615,39.427272172299276,40.04881866162936,39.775549772323295,39.716712013605715,39.68519937903997,39.29963007614064,38.71882561124248,36.95161068394435,38.144287182442795,,,,39.58548701073298,39.42145107114731,40.081419756671224,39.842350949621476,39.63415144035681,39.64909170204718,39.80893809959506,39.61224761904762,38.972230488984,38.84414495965075,37.69595132772527,,39.38001435511834,38.972230488984,38.144287182442795,39.19038635861861,39.37704222050724,"rgba(239, 83, 80, 0.5)",1.0455148651901962,39.69458048915555,-0.10002774005180687,46.60057566684857,0.29764337376403205,False,False,False,True,False,1.2703149014455661,0.0,0.0,0.0,0.0,0,1.0122791900043084,0.9076906505816461,False,False,False,False,0.06493694982636297,0.061972452341588845,False,False,False,False,2960.0,3642.795192845172,False,False,False,False,617.468054526836,False,False,False,False
2025-07-01 14:00:00+00:00,39.45,39.71,39.395,39.47,1752.0,,,,39.59291673351515,39.7060254234625,39.43128161296366,40.035093744703346,39.77031691819852,39.71349039562112,39.68290479188127,39.30239583552228,38.72784799143171,36.969429742049364,38.15263518433519,,,,39.581372982905656,39.425647252933636,40.06761758459579,39.83548328989573,39.632056650965794,39.64684824782269,39.804502001979685,39.61109377476845,38.978672278428526,38.85194488400073,37.71387766023902,,39.38183136859373,38.978672278428526,38.15263518433519,39.18948530669855,39.37719241895779,"rgba(239, 83, 80, 1.0)",1.0273396369896703,39.69265076640563,-0.2167255680487944,46.849122768958935,0.29764337376403205,False,True,False,True,False,0.4327923636057207,0.0,0.0,0.0,0.0,0,1.0093709607927617,0.9111374407582941,False,False,False,False,0.0659089978683823,0.06394072510498557,False,False,False,False,1208.0,3605.046430165402,False,False,False,False,635.0576970923114,False,False,False,False
2025-07-01 15:00:00+00:00,39.47,39.72,39.24,39.72,300.0,,,,39.592143192856014,39.70398918533668,39.43217956469166,40.032971716840876,39.76956744589363,39.71304999776839,39.6826040902097,39.30293602585342,38.72943965205787,36.97249768408862,38.15409072261616,,,,39.581126929915456,39.42657309995252,40.06547060482166,39.834466233483894,39.631820631801155,39.646580219735014,39.80384964291749,39.610978332090646,38.97983000196938,38.853331125352405,37.7169707005326,,39.38221289145218,38.97983000196938,38.15409072261616,39.18958811620118,39.37736341114293,#000000,1.0074508147520052,39.692502860039,0.02729377906927226,49.606516886851196,0.29764337376403205,False,False,False,False,True,2.1337751544876866,0.0,0.0,0.0,0.0,0,1.002894511149228,0.9132718696397943,False,False,False,False,0.03608852593804725,0.050014625521516407,False,False,False,False,1508.0,3572.5340824109,False,False,False,False,629.863004114136,False,False,False,False
2025-07-01 16:00:00+00:00,39.74,39.89,39.655,39.69,100.0,,,,39.59333126068707,39.70417892723852,39.43290529881217,40.03254360796441,39.76953829817527,39.71308052577602,39.682654935163,39.30324480952947,38.73008672834394,36.973591718622565,38.154638988734206,,,,39.581753379971204,39.42730286779422,40.06501942841054,39.834356268718494,39.6319440687825,39.64668136227239,39.80379735025191,39.611079193539894,38.98033761446385,38.85391265358829,37.7181026723004,,39.382471659129706,38.98033761446385,38.154638988734206,39.18998137264061,39.3776624418267,#000000,0.9885609251346297,39.69295554246105,-0.002989742347594419,51.08566311202725,-3.9804113911266796,False,False,False,False,True,1.9189226587413337,0.0,0.0,0.0,0.0,0,1.0094227228419796,0.9224520740820972,False,False,False,False,0.05932756454665636,0.05467109503408638,False,False,False,False,1408.0,3538.975414466545,False,False,False,False,621.6480738177927,False,False,False,False
2025-07-01 17:00:00+00:00,39.69,39.865,39.665,39.86,446.0,,,,39.60014372996794,39.70604880628589,39.43663061615002,40.03098995254412,39.769681092542776,39.713435216547424,39.68306779307806,39.30477720755663,38.733109084324504,36.97855138800258,38.15715895261917,,,,39.585356136064654,39.43104007864488,40.06334494562278,39.83415078540433,39.63274143657203,39.647365666196116,39.8037692024015,39.61170003175246,38.98274580811589,38.856646908747244,37.723264218702155,,39.38378512414323,38.98274580811589,38.15715895261917,39.192144894510825,39.37928411074763,"rgba(38, 166, 154, 0.5)",0.9900340425489107,39.69548185421414,0.16617423110249763,53.76899067870521,-1.257385621819708,False,False,True,False,True,3.077335004839462,0.0,0.0,0.0,0.0,0,0.9998914105766098,0.9256162449777391,False,False,False,False,0.05752427429828409,0.05609768466618524,False,False,False,False,1854.0,3512.851764629854,False,False,False,False,618.9248478671292,False,False,False,False
2025-07-01 18:00:00+00:00,39.86,39.92,39.775,39.78,2.0,,,,39.6001775073857,39.70605958964132,39.43664845089395,40.03098386842702,39.769682398250225,39.7134373394478,39.683070097808375,39.30478445244446,38.73312295894381,36.97857381263752,38.15717043047194,,,,39.58537414965986,39.43105795260347,40.06333827657928,39.83415056168789,39.63274560984611,39.64736930043511,39.80376957821107,39.61170323145197,38.98275695000232,38.856659502752855,37.72328762242007,,39.38379139826231,38.98275695000232,38.15717043047194,39.1921555369411,39.37929206687728,"rgba(38, 166, 154, 0.5)",0.9905026478994533,39.702590743995636,0.07815148820503044,54.46571608541928,-0.40387085407348167,False,False,True,False,True,2.4875345954175145,0.0,0.0,0.0,0.0,0,0.9989137519009341,0.924288507495112,False,False,False,False,0.06931293447890813,0.06270530957254669,False,False,False,False,1852.0,3487.102124868151,False,False,False,False,609.3601215436078,False,False,False,False
2025-07-01 19:00:00+00:00,39.78,39.82,39.59,39.64,319.0,,,,39.60212327929777,39.70573566864751,39.438442175165065,40.02935376949423,39.76935853722582,39.71334624930836,39.68307077782727,39.30562345121472,38.73504491280576,36.98196823598372,38.15884379718929,,,,39.586534700042094,39.43287043084614,40.06164988323561,39.83356474604066,39.63292015026806,39.647486277508726,39.8034305038274,39.611874208095145,38.98423203261477,38.85837079842612,37.726762687623435,,39.38446925359723,38.98423203261477,38.15884379718929,39.192991895832684,39.37997240168438,"rgba(38, 166, 154, 0.5)",0.9905560045744668,39.69628894495723,-0.056825605717681964,53.09890351483144,-0.40387085407348167,False,False,True,False,True,1.4561878522154252,0.0,0.0,0.0,0.0,0,0.9931751706207346,0.9272018199545011,False,False,False,False,0.04896090978885498,0.055833109680700835,False,False,False,False,1533.0,3456.805967893451,False,False,False,False,604.8584142328541,False,False,False,False
2025-07-02 14:00:00+00:00,38.26,38.515,38.195,38.47,710.0,,,,39.54228636500964,39.665382039178326,39.42179770156194,40.01245641980518,39.7579669360136,39.70451589956188,39.67569758578579,39.30114525719028,38.733513473422434,36.98589950712116,38.15941464825175,,,,39.5558800115791,39.41650920322463,40.04531346398739,39.82122030276693,39.6234736011678,39.63847227143124,39.79464955210965,39.60543477182171,38.98147583039891,38.856237998652105,37.72938268119312,,39.37950220575261,38.98147583039891,38.15941464825175,39.17818871208199,39.369822698939316,"rgba(239, 83, 80, 1.0)",0.9960158787042311,39.63049912004021,-1.1651411838433416,44.12193811131245,-0.559077744953008,False,True,False,True,False,0.0,0.0,0.0,0.0,0.0,0,0.9860494610019024,0.9361657154935532,False,False,False,False,-0.14419876303572304,-0.044182826677511104,False,False,False,False,823.0,3415.971766840839,False,False,False,False,606.4885163377711,False,False,False,False
2025-07-02 15:00:00+00:00,38.475,38.545,38.065,38.11,653.0,,,,39.48557837645593,39.626181631850855,39.4047372183166,39.99577802274868,39.7464964628464,39.69556050305278,39.668188370391725,39.296376081435454,38.73148762226861,36.98910407617556,38.1595946758079,,,,39.52550532008908,39.39972176091832,40.02919988153819,39.80885296266576,39.61384443615435,39.62928863546466,39.78579636460886,39.59883045570477,38.9783085190588,38.85364956280849,37.731221916387646,,39.374274176549946,38.9783085190588,38.1595946758079,39.16355300375914,39.359474528672635,"rgba(239, 83, 80, 1.0)",1.0057084500424642,39.59893895446824,-1.4804876645964056,36.893519820630964,-6.888393018188829,False,True,False,True,False,0.0,0.0,0.0,0.0,0.0,0,0.9793306053929284,0.9368376875459029,False,False,False,False,-0.1514713516156538,-0.09782708914658246,False,False,False,False,170.0,3365.646623168888,False,False,False,False,607.2096246116041,False,False,False,False
2025-07-02 16:00:00+00:00,38.11,38.34,38.02,38.26,800.0,,,,39.42080695534734,39.579913217079536,39.383916597876926,39.97538812752865,39.73237217559471,39.68448942571043,39.658882871195715,39.29040887197425,38.72886148223207,36.99290376438462,38.15972315572673,,,,39.489234876872125,39.37922429344557,40.009486163692095,39.79364636350336,39.60194692806314,39.617934682123234,39.77485573328483,39.590629618993624,38.97429135566271,38.85033726476473,37.733310761953405,,39.3677479482235,38.97429135566271,38.15972315572673,39.14615151315008,39.34680891294171,"rgba(239, 83, 80, 1.0)",1.0128162635859042,39.568426787068816,-1.2918698426467763,33.69440490621545,-9.440893996444764,False,True,False,True,False,0.0,0.0,0.0,0.0,0.0,0,0.9854874329582503,0.9393206436007993,False,False,False,False,-0.1866130948377437,-0.14222009199216307,False,False,False,False,970.0,3328.5048150577422,False,False,False,False,610.1986226796413,False,False,False,False
2025-07-02 17:00:00+00:00,38.265,38.435,38.245,38.31,2.0,,,,39.42066886103726,39.579811374562055,39.38387081124916,39.97534124903845,39.732340017733364,39.68446424698702,39.65886171906088,39.29039572424336,38.728856492659,36.992914196105346,38.15972431761756,,,,39.48915517972339,39.37917922948072,40.00944074885303,39.793611635089576,39.60192004325987,39.61790898510244,39.7748307078545,39.59061105425021,38.97428297032838,38.850330605044455,37.73331731570112,,39.36773344744871,38.97428297032838,38.15972431761756,39.14611354639032,39.34678077042616,"rgba(239, 83, 80, 1.0)",0.9948007043834274,39.568368078907014,-1.264944901388004,32.11797084598141,-10.720439775406874,False,True,False,True,False,0.0,0.0,0.0,0.0,0.0,0,0.9868351764086362,0.9400737230121116,False,False,False,False,-0.1756471959635387,-0.15893364397785087,False,False,False,False,972.0,3291.969856684754,False,False,False,False,600.7691866691042,False,False,False,False
2025-07-02 18:00:00+00:00,38.315,38.45,38.285,38.38,411.0,,,,39.394070063956235,39.559915254237296,39.374914023869486,39.96600659972526,39.72595814931893,39.679468369120045,39.65466504311404,39.287818371488775,38.727940615596424,36.99512116231699,38.16002109496195,,,,39.47358715793278,39.370364540094066,40.00039008331878,39.78671192337058,39.59659942686577,39.61282005808853,39.76985409008014,39.586933281945875,38.97267554505609,38.84907494282219,37.73475489766322,,39.364881415994965,38.97267554505609,38.16002109496195,39.13871806797322,39.34125144974891,"rgba(239, 83, 80, 1.0)",0.9786832715165117,39.55732045923554,-1.2029637100174706,31.89321795633844,-11.019172451215972,False,True,False,True,False,0.0,0.0,0.0,0.0,0.0,0,0.984085160202361,0.9420320404721753,False,False,False,False,-0.17137246481783083,-0.16515305439784084,False,False,False,False,1383.0,3262.373424798169,False,False,False,False,597.8270287362499,False,False,False,False
2025-07-02 19:00:00+00:00,38.39,38.58,38.37,38.58,1447.0,,,,39.32161597568342,39.50237748068475,39.34878276332455,39.936767652936624,39.70620545002771,39.664006956119195,39.641675032154836,39.28021120445908,38.72599077096834,37.003610491460435,38.16173799813081,,,,39.42853527846887,39.34465523294232,39.97194647410535,39.76526765642475,39.58030268794916,39.597190166963784,39.75431650884833,39.57561377575357,38.968370936181245,38.84597201317126,37.74085321656184,,39.35634958295399,38.968370936181245,38.16173799813081,39.11754379781362,39.324820358851866,"rgba(239, 83, 80, 1.0)",0.9592275796440909,39.52840027810803,-0.9887124789092531,34.04790715982707,-11.019172451215972,False,True,False,True,False,0.0,0.0,0.0,0.0,0.0,0,0.9839882018329296,0.9409038238702203,False,False,False,False,-0.15472001606524788,-0.15993653523154436,False,False,False,False,2830.0,3255.6699608478093,False,False,False,False,610.9925011589437,False,False,False,False
2025-07-03 14:00:00+00:00,37.85,38.065,37.695,37.745,1848.0,,,,39.180759416871744,39.393312154891696,39.292543156018375,39.88421208594936,39.66817382282641,39.63363744728771,39.61586459074182,39.26238254973821,38.71592529424231,37.00951843434925,38.159703653415704,,,,39.338744956347625,39.289160268141295,39.92110086092944,39.724730653696554,39.54750105090447,39.565861136231014,39.72455491971325,39.55255780143115,38.95506232380419,38.83429309662228,37.741789632412434,,39.337202684173725,38.95506232380419,38.159703653415704,39.07418478239387,39.290486972748525,"rgba(239, 83, 80, 1.0)",0.9475014559404715,39.4596714648336,-1.8096768654900384,31.374815566122916,-11.738382108151356,False,True,False,True,False,0.0,0.0,0.0,0.0,0.0,0,0.9706644552710687,0.9419508655540582,False,False,False,False,-0.2482332190530167,-0.20408487714228052,False,False,False,False,982.0,3220.4192637804017,False,False,False,False,630.1709119936887,True,False,False,False
2025-07-03 15:00:00+00:00,37.755,37.925,37.69,37.83,518.0,,,,39.145425115706054,39.364894855752524,39.277314995357465,39.86980973368092,39.6576759767576,39.62521225726057,39.60868187628008,39.25739486248135,38.71308145746752,37.0111196541508,38.15910311430399,,,,39.315052929111005,39.274125516834005,39.907147464592995,39.71355468941236,39.538421922316886,39.55717923558995,39.71629100352284,39.54613035260736,38.95132216557416,38.83100316949969,37.74199317464151,,39.33185161809882,38.95132216557416,38.15910311430399,39.06270126356353,39.28111105670025,"rgba(239, 83, 80, 1.0)",0.9368608596107368,39.44228092652479,-1.7209395717467457,30.468134106753176,-12.884539348356881,False,True,False,True,False,0.0,0.0,0.0,0.0,0.0,0,0.9741594022415941,0.9447903694479038,False,False,False,False,-0.2598917580066946,-0.23198831757448757,False,False,False,False,1500.0,3193.7460969000854,False,False,False,False,628.4318280868098,False,False,False,False
2025-07-03 16:00:00+00:00,37.82,37.94,37.625,37.865,720.0,,,,39.099069601131355,39.32693201085114,39.25659183339871,39.85007292858856,39.64324132144125,39.6135984087772,39.598765257209365,39.25049515908695,38.70913648258931,37.01332096549506,38.15825977670187,,,37.81,39.283213995396885,39.25366016307511,39.88801145244555,39.69819570049123,39.52592303932402,39.54521953592437,39.70489267671525,39.537249448798015,38.94614136956361,38.82644308388335,37.74225497010364,37.81,39.32445171558365,38.94614136956361,38.15825977670187,39.047225795024616,39.14676711964342,"rgba(239, 83, 80, 1.0)",0.9269587636728195,39.3244684847486,-1.5744696980541562,30.248462125584382,-13.501401692939297,False,True,False,True,False,0.0,1.0,37.94,37.625,0.0,0,0.971997444633731,0.9593270868824529,False,False,False,False,-0.2639278685049332,-0.2479580930397104,False,False,False,False,2220.0,3178.649258188456,False,False,False,False,629.8514896668592,False,False,False,False
2025-07-03 17:00:00+00:00,37.865,37.865,37.865,37.865,0.0,,,,39.099069601131355,39.32693201085114,39.25659183339871,39.85007292858856,39.64324132144125,39.6135984087772,39.598765257209365,39.25049515908695,38.70913648258931,37.01332096549506,38.15825977670187,,,37.81,39.283213995396885,39.25366016307511,39.88801145244555,39.69819570049123,39.52592303932402,39.54521953592437,39.70489267671525,39.537249448798015,38.94614136956361,38.82644308388335,37.74225497010364,37.81,39.32445171558365,38.94614136956361,38.15825977670187,39.047225795024616,39.14676711964342,"rgba(239, 83, 80, 1.0)",0.9276457025987006,39.3244684847486,-1.573303773908565,30.102014138138514,-14.137412161484349,False,True,False,True,False,0.0,0.0,0.0,0.0,0.0,0,0.9690298910111148,0.9712959965468868,False,False,False,False,-0.2506398131277316,-0.249298953083721,False,False,False,False,2220.0,3163.7864789917353,False,False,False,False,620.0863502921792,False,False,False,False
2025-07-03 18:00:00+00:00,37.865,37.865,37.865,37.865,0.0,,,,39.099069601131355,39.32693201085114,39.25659183339871,39.85007292858856,39.64324132144125,39.6135984087772,39.598765257209365,39.25049515908695,38.70913648258931,37.01332096549506,38.15825977670187,,,37.81,39.283213995396885,39.25366016307511,39.88801145244555,39.69819570049123,39.52592303932402,39.54521953592437,39.70489267671525,39.537249448798015,38.94614136956361,38.82644308388335,37.74225497010364,37.81,39.32445171558365,38.94614136956361,38.15825977670187,39.047225795024616,39.14676711964342,"rgba(239, 83, 80, 1.0)",0.928000888280249,39.3244684847486,-1.5727016031776146,30.004382146507936,-14.769023889870432,False,True,False,True,False,0.0,0.0,0.0,0.0,0.0,0,0.965011409323047,0.9682712159078561,False,False,False,False,-0.2506398131277316,-0.2499693831057263,False,False,False,False,2220.0,3149.1541304802354,False,False,False,False,610.4726084271841,False,False,False,False
2025-07-03 19:00:00+00:00,37.865,37.865,37.865,37.865,0.0,,,,39.099069601131355,39.32693201085114,39.25659183339871,39.85007292858856,39.64324132144125,39.6135984087772,39.598765257209365,39.25049515908695,38.70913648258931,37.01332096549506,38.15825977670187,,,37.81,39.283213995396885,39.25366016307511,39.88801145244555,39.69819570049123,39.52592303932402,39.54521953592437,39.70489267671525,39.537249448798015,38.94614136956361,38.82644308388335,37.74225497010364,37.81,39.32445171558365,38.94614136956361,38.15825977670187,39.047225795024616,39.14676711964342,"rgba(239, 83, 80, 1.0)",0.9309552054717094,39.3244684847486,-1.567710751463164,29.939294152087555,-15.378413874917158,False,True,False,True,False,0.0,0.0,0.0,0.0,0.0,0,0.9647456887142547,0.9657280069853744,False,False,False,False,-0.2506398131277316,-0.25030459811672895,False,False,False,False,2220.0,3134.7486400851926,False,False,False,False,601.0079168236618,False,False,False,False
2025-07-04 14:00:00+00:00,37.865,37.865,37.865,37.865,0.0,,,,39.099069601131355,39.32693201085114,39.25659183339871,39.85007292858856,39.64324132144125,39.6135984087772,39.598765257209365,39.25049515908695,38.70913648258931,37.01332096549506,38.15825977670187,,,37.81,39.283213995396885,39.25366016307511,39.88801145244555,39.69819570049123,39.52592303932402,39.54521953592437,39.70489267671525,39.537249448798015,38.94614136956361,38.82644308388335,37.74225497010364,37.81,39.32445171558365,38.94614136956361,38.15825977670187,39.047225795024616,39.14676711964342,"rgba(239, 83, 80, 1.0)",0.9353018349831226,39.3244684847486,-1.5604251271194542,29.8959021558073,-15.95311162449007,False,True,False,True,False,0.0,0.0,0.0,0.0,0.0,0,0.9663782718212683,0.9627642098346294,False,False,False,False,-0.2506398131277316,-0.25047220562223027,False,False,False,False,2220.0,3120.5664906265074,False,False,False,False,591.6899646248454,False,False,False,False
2025-07-04 15:00:00+00:00,37.865,37.865,37.865,37.865,0.0,,,,39.099069601131355,39.32693201085114,39.25659183339871,39.85007292858856,39.64324132144125,39.6135984087772,39.598765257209365,39.25049515908695,38.70913648258931,37.01332096549506,38.15825977670187,,,37.81,39.283213995396885,39.25366016307511,39.88801145244555,39.69819570049123,39.52592303932402,39.54521953592437,39.70489267671525,39.537249448798015,38.94614136956361,38.82644308388335,37.74225497010364,37.81,39.32445171558365,38.94614136956361,38.15825977670187,39.047225795024616,39.14676711964342,"rgba(239, 83, 80, 1.0)",0.9377785135845297,39.3244684847486,-1.5563040351286999,29.866974158287128,-16.48522195315362,False,True,False,True,False,0.0,0.0,0.0,0.0,0.0,0,0.965653896961691,0.9648833113166005,False,False,False,False,-0.2506398131277316,-0.2505560093749809,False,False,False,False,2220.0,3106.604219454003,False,False,False,False,582.5164768012044,False,False,False,False
2025-07-04 16:00:00+00:00,37.865,37.865,37.865,37.865,0.0,,,,39.099069601131355,39.32693201085114,39.25659183339871,39.85007292858856,39.64324132144125,39.6135984087772,39.598765257209365,39.25049515908695,38.70913648258931,37.01332096549506,38.15825977670187,,,37.81,39.283213995396885,39.25366016307511,39.88801145244555,39.69819570049123,39.52592303932402,39.54521953592437,39.70489267671525,39.537249448798015,38.94614136956361,38.82644308388335,37.74225497010364,37.81,39.32445171558365,38.94614136956361,38.15825977670187,39.047225795024616,39.14676711964342,"rgba(239, 83, 80, 1.0)",0.9403969738725945,39.3244684847486,-1.551970630805462,29.847688826607012,-16.970527599139864,False,True,False,True,False,0.0,0.0,0.0,0.0,0.0,0,0.9597065462753951,0.988374717832957,False,False,False,False,-0.2506398131277316,-0.2505979112513562,False,False,False,False,2220.0,3092.858417602003,False,False,False,False,573.4852135949841,False,False,False,False
2025-07-04 17:00:00+00:00,37.865,37.865,37.865,37.865,0.0,,,,39.099069601131355,39.32693201085114,39.25659183339871,39.85007292858856,39.64324132144125,39.6135984087772,39.598765257209365,39.25049515908695,38.70913648258931,37.01332096549506,38.15825977670187,,,37.81,39.283213995396885,39.25366016307511,39.88801145244555,39.69819570049123,39.52592303932402,39.54521953592437,39.70489267671525,39.537249448798015,38.94614136956361,38.82644308388335,37.74225497010364,37.81,39.32445171558365,38.94614136956361,38.15825977670187,39.047225795024616,39.14676711964342,"rgba(239, 83, 80, 1.0)",0.948398778596591,39.3244684847486,-1.538876385847176,29.834831938820273,-17.40762314227397,False,True,False,True,False,0.0,0.0,0.0,0.0,0.0,0,0.9482323232323233,0.9913911845730026,False,False,False,False,-0.2506398131277316,-0.2506188621895439,False,False,False,False,2220.0,3079.3257289570106,False,False,False,False,564.5939699733564,False,False,False,False
2025-07-04 18:00:00+00:00,37.865,37.865,37.865,37.865,0.0,,,,39.099069601131355,39.32693201085114,39.25659183339871,39.85007292858856,39.64324132144125,39.6135984087772,39.598765257209365,39.25049515908695,38.70913648258931,37.01332096549506,38.15825977670187,,,37.81,39.283213995396885,39.25366016307511,39.88801145244555,39.69819570049123,39.52592303932402,39.54521953592437,39.70489267671525,39.537249448798015,38.94614136956361,38.82644308388335,37.74225497010364,37.81,39.32445171558365,38.94614136956361,38.15825977670187,39.047225795024616,39.14676711964342,"rgba(239, 83, 80, 1.0)",0.9561138827341736,39.3244684847486,-1.5264588362371587,29.826260680295775,-17.797151811124564,False,True,False,True,False,0.0,0.0,0.0,0.0,0.0,0,0.9474050046339204,0.9837812789620018,False,False,False,False,-0.2506398131277316,-0.2506293376586377,False,False,False,False,2220.0,3066.0028494382973,False,False,False,False,555.8405750900484,False,False,False,False
2025-07-04 19:00:00+00:00,37.865,37.865,37.865,37.865,0.0,,,,39.099069601131355,39.32693201085114,39.25659183339871,39.85007292858856,39.64324132144125,39.6135984087772,39.598765257209365,39.25049515908695,38.70913648258931,37.01332096549506,38.15825977670187,,,37.81,39.283213995396885,39.25366016307511,39.88801145244555,39.69819570049123,39.52592303932402,39.54521953592437,39.70489267671525,39.537249448798015,38.94614136956361,38.82644308388335,37.74225497010364,37.81,39.32445171558365,38.94614136956361,38.15825977670187,39.047225795024616,39.14676711964342,"rgba(239, 83, 80, 1.0)",0.9634962937699172,39.3244684847486,-1.514762946350387,29.820546507946112,-18.141170809191152,False,True,False,True,False,0.0,0.0,0.0,0.0,0.0,0,0.9474114759845741,0.9825873553815588,False,False,False,False,-0.2506398131277316,-0.2506345753931847,False,False,False,False,2220.0,3052.886526191192,False,False,False,False,547.222891755319,False,False,False,False
2025-07-07 14:00:00+00:00,38.72,39.16,38.575,38.72,506.0,,,,39.092384145958825,39.318352502555896,39.25228466638179,39.84317175162157,39.638737032560705,39.61003857041756,39.59575306381897,39.249052195717454,38.70947068857061,37.01680961821019,38.15937849672697,,,38.22616367591082,39.27640383891606,39.2494254011586,39.88119564213638,39.693234641913975,39.52234521144778,39.541739505472,39.70118282459898,39.534674239045536,38.94573494384776,38.82641770862964,37.7451583120491,38.22616367591082,39.32272809261004,38.94573494384776,38.15937849672697,39.04413024841278,39.17863966209389,"rgba(239, 83, 80, 0.75)",0.9636151104467693,39.34282688448026,-0.6463440410263955,42.96758632818604,-10.08735394092735,False,True,False,True,True,0.0,0.0,0.0,0.0,0.0,0,0.9478122151321787,0.9666134913400182,False,False,False,False,-0.0945666130877633,-0.172600594240474,False,False,False,False,2726.0,3047.818518033189,False,False,False,False,546.5837771544614,False,False,False,False
2025-07-07 15:00:00+00:00,38.72,38.95,38.67,38.835,300.0,,,,39.088568699337905,39.313401164070065,39.24977075528778,39.839123567002005,39.636089658090256,39.60794300335275,39.59397813292745,39.248201224933325,38.70966787016689,37.01887162885695,38.16003998063706,,,38.34257972913936,39.27245960219281,39.24695335397709,39.87719550799547,39.69031963216759,39.52024100346712,39.539691936346216,39.69899793215147,39.5331561280691,38.945495198248665,38.82640273885796,37.74687227495595,38.34257972913936,39.32171171413219,38.945495198248665,38.16003998063706,39.04233233496931,39.186697086464065,"rgba(38, 166, 154, 1.0)",0.9626097597416143,39.347123450348015,-0.5320156430633729,52.535412757802675,-2.0047733987082594,True,False,True,False,True,0.0,0.0,0.0,0.0,0.0,0,0.955225585379783,0.9701884637350082,False,False,False,False,-0.1033261551004613,-0.13796337467046765,False,False,False,False,3026.0,3047.480246435775,False,False,False,False,542.760772857493,False,False,False,False
2025-07-07 16:00:00+00:00,38.835,38.93,38.4,38.465,200.0,,,,39.084060373367656,39.308711579660724,39.24726455199476,39.83586467580678,39.63386194830845,39.60616458223241,39.59246499493415,39.2473463886788,38.70953359304019,37.02007593664299,38.16033310149035,,,38.37221514098107,39.268611959323835,39.244483173382065,39.87399483181501,39.68789947658679,39.51840767476701,39.53791896600435,39.69718495976808,39.53183723784734,38.94506021555226,38.82612154314671,37.747777887092006,38.37221514098107,39.32074125749039,38.94506021555226,38.16033310149035,39.040516520559756,39.187626088855545,"rgba(38, 166, 154, 1.0)",0.9638053427632559,39.34650456733507,-0.9146085088175238,53.6339100794009,-1.785075730943852,True,False,True,False,True,0.0,0.0,0.0,0.0,0.0,0,0.9621659146129814,0.9685294457942845,False,False,False,False,-0.12548887777381582,-0.13172612622214175,False,False,False,False,2826.0,3044.0464441654526,False,False,False,False,537.4466523480744,False,False,False,False
2025-07-07 17:00:00+00:00,38.47,38.85,38.39,38.695,2.0,,,,39.084019999999995,39.30866805473584,39.24724138262675,39.83583339899324,39.63384072126223,39.60614765167663,39.592450595988915,39.24733846551835,38.70953281472996,37.020088326267725,38.16033634281317,,,38.37253086419752,39.26857636808111,39.24446034375514,39.873964073879435,39.68787636344834,39.518390306308476,39.537902148937796,39.69716762886768,39.53182472612355,38.94505645594098,38.82611931005573,37.74778742982545,38.37253086419752,39.32073219212693,38.94505645594098,38.16033634281317,39.04049979587389,39.18763800161843,"rgba(38, 166, 154, 1.0)",0.9639875097319348,39.34650161780152,-0.6758403104026637,56.33719100909735,0.30220475974310546,True,False,True,False,True,0.0,0.0,0.0,0.0,0.0,0,0.9638568129330252,0.9706697459584295,False,False,False,False,-0.13239096536919462,-0.13205854579566817,False,False,False,False,2828.0,3040.6968868915696,False,False,False,False,529.1451538620577,False,False,False,False
2025-07-07 18:00:00+00:00,38.695,38.705,38.31,38.515,100.0,,,,39.08139290617848,39.306057857812064,39.245826005989855,39.834094601092914,39.63263578857084,39.60518308958543,39.591628702171064,39.2468538431035,38.70941256353082,37.02065611931727,38.160453226588196,,,38.38005105762217,39.26641782621479,39.24306450897663,39.87225941710202,39.68657258079396,39.51738866705076,39.53693509389232,39.69619072109807,39.531104426163644,38.94478407409495,38.825924554572566,37.74819255389075,38.38005105762217,39.32018874037529,38.94478407409495,38.160453226588196,39.03947224581276,39.187407123456055,"rgba(38, 166, 154, 1.0)",0.9648806442549852,39.34561739125097,-0.8608498845909731,55.96938286655446,0.30220475974310546,True,False,True,False,True,0.0,0.0,0.0,0.0,0.0,0,0.9563719862227323,0.9747416762342137,False,False,False,False,-0.14970267844556287,-0.14088061212061553,False,False,False,False,2728.0,3035.8488731413127,False,False,False,False,522.4917406238862,False,False,False,False
2025-07-07 19:00:00+00:00,38.505,38.565,38.435,38.49,478.0,,,,39.068875029857864,39.29360808984426,39.2390136526779,39.82576269419249,39.62684373711085,39.60053998714804,39.587669011953395,39.24450436254437,38.708801459865725,37.023339958612596,38.16098958281184,,,38.404223764093665,39.25608849648615,39.236345016573736,39.864090489324006,39.68030998704413,39.512565182431736,39.532277902656816,39.69149098504657,39.527630597845054,38.94344700303577,38.82495777895172,37.75008932374091,38.404223764093665,39.31755848812865,38.94344700303577,38.16098958281184,39.03454068787449,39.18529304393586,"rgba(38, 166, 154, 1.0)",0.9658927952377266,39.34070189777528,-0.8807415294633241,55.42578069553694,0.30220475974310546,True,False,True,False,True,0.0,0.0,0.0,0.0,0.0,0,0.9578292430003456,0.9823712409263742,False,False,False,False,-0.1508598527578394,-0.14587023243922748,False,False,False,False,2250.0,3023.665169681757,False,False,False,False,521.8019461956089,False,False,False,False
2025-07-08 14:00:00+00:00,40.29,40.395,40.05,40.23,247.0,,,,39.0815245478036,39.300952654598866,39.243624991321575,39.82704378044822,39.628415571750295,39.60188864211997,39.588857748042315,39.2460885795524,38.71104862340365,37.026345366721245,38.16268963140809,,,38.58038190364277,39.26276077097505,39.240922895225225,39.86519459823218,39.68178732741836,39.514300617691845,39.5338767360949,39.692568930916394,39.528838642409966,38.945419876429334,38.82707878181971,37.75332599134493,38.58038190364277,39.319053668830236,38.945419876429334,38.16268963140809,39.03804364883366,39.20220475601672,"rgba(38, 166, 154, 1.0)",0.9782480525165957,39.356245211660124,0.8931832637868198,63.575937261705654,6.90252401943188,True,False,True,False,True,8.20906220028597,0.0,0.0,0.0,0.0,0,0.9564096817570594,0.9862169430748544,False,False,False,False,0.110574161448424,-0.01764803549540174,False,False,False,False,2497.0,3015.4998182138224,False,False,False,False,517.5414509057546,False,False,False,False
2025-07-08 15:00:00+00:00,40.235,40.5,40.18,40.325,368.0,,,40.335,39.10162998154846,39.312960146413815,39.25117704944748,39.82946064931541,39.631171133459816,39.60424001685043,39.59092544900034,39.24870355868791,38.71462665820477,37.03096623490967,38.16535213112712,,,38.80143615200273,39.27365005335393,39.24841894583976,39.86732620694475,39.6844162948219,39.51726835156126,39.536622122891174,39.69449702050848,39.5309139070377,38.94859969364574,38.83047464745924,37.758346473891514,38.80143615200273,39.321541562690626,38.94859969364574,38.16535213112712,39.15135108408044,39.22433082249652,"rgba(38, 166, 154, 1.0)",0.9918231006905044,39.41441215986092,0.9180950105972839,69.23215581322438,11.925931425714936,True,False,True,False,True,8.761242763799991,0.0,0.0,0.0,0.0,0,0.947215062198812,0.9881205872464418,False,False,False,False,0.12855495018553473,0.055453457345066494,False,False,False,False,2865.0,3013.1664876988793,False,False,False,False,515.2229787986886,False,False,False,False
2025-07-08 16:00:00+00:00,40.31,40.41,40.165,40.405,880.0,,,40.32912393162393,39.146881724943675,39.340348367156885,39.26868377080211,39.8350541613933,39.637597181245184,39.609738744972546,39.595768929617854,39.25485855177784,38.7230755555291,37.04193623751938,38.17166823853419,,,39.154554503200906,39.298616499622796,39.26580016241992,39.87225649594856,39.69053853069893,39.52420738063462,39.543043766067846,39.69900169506165,39.53578245292027,38.956099563378196,38.838488872251546,37.770234593616536,39.154554503200906,39.32739323872846,38.956099563378196,38.17166823853419,39.16289461625967,39.262385376318484,"rgba(38, 166, 154, 1.0)",1.0063151942957718,39.454885521534464,0.9441519752968006,73.20079001905673,15.3849520535136,True,False,True,False,True,9.22848460701406,0.0,0.0,0.0,0.0,0,0.9393060229778345,1.005570384124405,False,False,False,False,0.12051144527109223,0.08798245130807936,False,False,False,False,3745.0,3024.5127437035476,False,False,False,False,520.8784364917321,False,False,False,False
2025-07-08 17:00:00+00:00,40.375,40.41,40.12,40.165,162.0,,,40.31792671394799,39.154208602598835,39.34475962077008,39.27156083826665,39.835873849163335,39.63860592561538,39.61060897242113,39.59653863779573,39.255884224990616,38.72452970576862,37.043889584018466,38.17277587484923,,,39.198584826310025,39.3026712806481,39.26865791219962,39.872965262307936,39.691486461644956,39.52532215078448,39.54407263258539,39.69969952072114,39.53656534440773,38.957376249552084,38.83986128593523,37.772330222096095,39.198584826310025,39.32836135397874,38.957376249552084,38.17277587484923,39.16393021251717,39.26746609576607,"rgba(38, 166, 154, 1.0)",1.002465541633444,39.46021599084393,0.7030506086101251,73.32204117469513,15.48055892226833,True,False,True,False,True,7.44813389627036,0.0,0.0,0.0,0.0,0,0.9275530311811754,1.0079981453575981,False,False,False,False,0.11706903348369908,0.10252574239588921,False,False,False,False,3583.0,3033.1714608554307,False,False,False,False,515.3144297244185,False,False,False,False
2025-07-08 18:00:00+00:00,40.15,40.24,40.04,40.055,300.0,,,40.281740740740744,39.16603637361882,39.35172453808818,39.27618332324584,39.83692535637883,39.640088797171884,39.61190395168725,39.597690731615195,39.25754505699242,38.72700136607966,37.047364650473156,38.17470454369615,,,39.26284111345687,39.309129809995206,39.273251715014,39.87383380433158,39.69284512492188,39.52702814497281,39.545638740453946,39.7006965531336,39.537761014396345,38.95951174163471,38.8421771542105,37.7760127087072,39.26284111345687,39.32991125665328,38.95951174163471,38.17470454369615,39.164075785815676,39.275060635435715,"rgba(38, 166, 154, 1.0)",0.9938649961795152,39.467529497153066,0.591096884491566,72.27687267805125,15.48055892226833,True,False,True,False,True,6.641065011104228,0.0,0.0,0.0,0.0,0,0.9278183292781833,1.008457884370293,False,False,False,False,0.09799244827091592,0.10025909533340258,False,False,False,False,3283.0,3037.0447715398423,False,False,False,False,511.97622151163677,False,False,False,False
2025-07-08 19:00:00+00:00,40.06,40.07,39.78,39.86,925.0,,,40.14890322580646,39.19308911807483,39.3667501030685,39.2866456259318,39.8376969601809,39.64260873089795,39.61420794801229,39.59978398809436,39.26138638989457,38.733428840057506,37.057304939720936,38.17999017128624,,,39.377038357748646,39.32340501605935,39.28366340347993,39.874161089388394,39.69492298361136,39.530373996321735,39.548656172862046,39.702197470165416,39.54008956464057,38.964865058487604,38.84810178702206,37.7862881173315,39.377038357748646,39.33338843291247,38.964865058487604,38.17999017128624,39.16014967008554,39.289480251426546,"rgba(38, 166, 154, 0.75)",0.9832181166278143,39.47980491780519,0.3866843742655813,69.61734489830081,15.48055892226833,True,False,True,False,False,5.220596819314039,0.0,0.0,0.0,0.0,0,0.9188687992582291,1.0181965693092259,False,False,False,False,0.06533852615079613,0.08279881074209935,False,False,False,False,2358.0,3026.5169456244957,False,False,False,False,518.3796909455649,False,False,False,False
2025-07-09 14:00:00+00:00,38.78,38.89,38.4,38.435,524.0,,,39.887831592276044,39.18050348436569,39.35471840380489,39.27998332499582,39.829440125290155,39.63685058429574,39.60957454804328,39.595823499476346,39.259081293674555,38.732939971576755,37.06029145136091,38.18067320267905,,,39.303462009803916,39.31335647970208,39.277091253406944,39.86604694589463,39.68869504848223,39.52558607025129,39.54402543808696,39.697487593728155,39.53661975825358,38.96361639986879,38.847240744083436,37.78844034085485,39.303462009803916,39.33079219639459,38.96361639986879,38.18067320267905,39.13397595681993,39.279305673534736,"rgba(38, 166, 154, 0.75)",0.9678647065010549,39.45621089272809,-1.0551174000546863,59.095867080020284,17.229465618874713,True,False,True,False,False,0.0,0.0,0.0,0.0,0.0,0,0.9036212325686012,1.0235042735042734,False,False,False,False,-0.1250935406226211,-0.02114736494026087,False,False,False,False,1834.0,3008.028310808612,False,False,False,False,518.4668275200522,False,False,False,False
2025-07-09 15:00:00+00:00,38.435,38.595,38.29,38.56,400.0,,,39.729791139833296,39.1698072753246,39.34470691665234,39.27431869249508,39.822745941672686,39.63211399156708,39.60574873225583,39.5925462302492,39.25709341498809,38.73234948359126,37.06242334363249,38.1810699789194,,,39.24967959205933,39.30491871052831,39.27149971295676,39.859477963099174,39.68359279064117,39.52160764305724,39.540182438624434,39.693621923528376,39.53373234344887,38.962440962885736,38.84636301520609,37.78988135760574,39.24967959205933,39.328579001212,38.962440962885736,38.1810699789194,39.117059595098446,39.27141653780344,#000000,0.9503534762024153,39.439772735748626,-0.9257321173424544,52.88110663759768,11.725679489362975,True,False,False,False,False,0.0,0.0,0.0,0.0,0.0,0,0.904633378317589,1.0303643724696354,False,False,False,False,-0.15132422108232238,-0.08623579301129163,False,False,False,False,2234.0,2996.0278718813465,False,False,False,False,516.6301325197413,False,False,False,False
2025-07-09 16:00:00+00:00,38.56,38.745,38.53,38.7,200.0,,,39.67278354172209,39.16592276144907,39.340793949413765,39.272140988474845,39.8198613760415,39.6301216830002,39.604144656271004,39.591174264119175,39.25632886635895,38.732262617312365,37.063619283494674,38.18138434127365,,,39.23094238487536,39.30165535283182,39.269352095081295,39.856634949939654,39.68143041187287,39.51996578164921,39.53859030837007,39.69197869959606,39.532535993713495,38.962070567434196,38.84613755995205,37.79078305048964,39.23094238487536,39.327706660332595,38.962070567434196,38.18138434127365,39.11087819407761,39.26850642965048,"rgba(239, 83, 80, 0.5)",0.9293245634031373,39.43379239738749,-0.7895975488911866,49.66131584494349,8.929108422166536,False,False,False,True,False,0.0,0.0,0.0,0.0,0.0,0,0.9229980635607703,1.020503474199795,False,False,False,False,-0.11992492987131076,-0.1030803614413012,False,False,False,False,2434.0,2987.3142614645813,False,False,False,False,511.7211382171096,False,False,False,False
2025-07-09 17:00:00+00:00,38.7,38.775,38.67,38.715,200.0,,,39.62465100614634,39.16256161905479,39.33727490882982,39.2701958712041,39.81714345433729,39.6282634195643,39.60265023466244,39.589896751377225,39.2556449086384,38.732248242621765,37.06485960931725,38.181738881447046,,,39.215250051187546,39.29873444313321,39.26743470268633,39.85395097877164,39.67940692294472,39.518447214892724,39.537115051903136,39.690438406744484,39.53142707018323,38.96177609023136,38.845986497005995,37.79174683351744,39.215250051187546,39.32691674357342,38.96177609023136,38.181738881447046,39.10559407560007,39.26597618860015,"rgba(239, 83, 80, 0.5)",0.9122160325769221,39.42866503370878,-0.7823421297395354,47.62031989856223,6.992360991627443,False,False,False,True,False,0.0,0.0,0.0,0.0,0.0,0,0.9313579681958589,1.0070930099530946,False,False,False,False,-0.10631492466496835,-0.10469764305313478,False,False,False,False,2634.0,2981.836520976758,False,False,False,False,506.88825235327846,False,False,False,False
2025-07-09 18:00:00+00:00,38.705,38.71,38.6,38.645,0.0,,,39.62465100614634,39.16256161905479,39.33727490882982,39.2701958712041,39.81714345433729,39.6282634195643,39.60265023466244,39.589896751377225,39.2556449086384,38.732248242621765,37.06485960931725,38.181738881447046,,,39.215250051187546,39.29873444313321,39.26743470268633,39.85395097877164,39.67940692294472,39.518447214892724,39.537115051903136,39.690438406744484,39.53142707018323,38.96177609023136,38.845986497005995,37.79174683351744,39.215250051187546,39.32691674357342,38.96177609023136,38.181738881447046,39.10559407560007,39.26597618860015,"rgba(239, 83, 80, 0.5)",0.8948427210944881,39.42866503370878,-0.8757572869903585,45.846894536474466,5.088115572164838,False,False,False,True,False,0.0,0.0,0.0,0.0,0.0,0,0.9279704967154548,1.0129076869885902,False,False,False,False,-0.11711941683539391,-0.11090852994426434,False,False,False,False,2634.0,2976.443706698048,False,False,False,False,499.029519758654,False,False,False,False
2025-07-09 19:00:00+00:00,38.645,38.76,38.62,38.72,258.0,,,39.56807999367639,39.1581072708271,39.33264865878823,39.26761634227598,39.81359356012088,39.62582489919767,39.60068636297197,39.5882165212767,39.25473232795847,38.73219955093093,37.06643758774519,38.182178581176366,,,39.19561422944362,39.29488079497734,39.264891301829955,39.85044658411414,39.676755015654805,39.516447902464286,39.53517341819949,39.68841782311312,39.52996587263204,38.96136593487789,38.845761308876114,37.792960440565906,39.19561422944362,39.32586729949046,38.96136593487789,38.182178581176366,39.09919347141216,39.26272338556239,"rgba(239, 83, 80, 0.5)",0.8726837141056089,39.422281968534385,-0.8047382541728041,45.30211017143167,4.144435965478806,False,False,False,True,False,0.0,0.0,0.0,0.0,0.0,0,0.9195521698984305,1.015235457063712,False,False,False,False,-0.11151384720793342,-0.11121118857609888,False,False,False,False,2892.0,2975.134501943039,False,False,False,False,495.29262797945,False,False,False,False
2025-07-10 14:00:00+00:00,38.61,38.7,38.2,38.535,1678.0,,,39.25788577890869,39.11804191546656,39.29413124473822,39.245056948513536,39.786556433771786,39.60654878699905,39.58502631754005,39.57475240140157,39.24652660817426,38.7297307736888,37.07524409222471,38.18380378818845,,38.47833333333333,39.053142952967164,39.26207264803774,39.242610936673515,39.82387034343716,39.656015645143015,39.50021254683395,39.51946757947194,39.67257207442727,39.51808125843262,38.95649329998858,38.84211173659453,37.79886533889908,39.053142952967164,39.31673929089486,38.95649329998858,38.18380378818845,39.05860875746797,39.17875766878768,"rgba(239, 83, 80, 1.0)",0.8631249687687226,39.323627583572495,-0.9136887613128643,43.69755881067024,2.091353754379959,False,True,False,True,False,0.0,0.0,0.0,0.0,0.0,0,0.9096447867570989,1.0194275204046441,False,False,False,False,-0.1501114550946928,-0.13066132183539583,False,False,False,False,1214.0,2947.830091060201,False,False,False,False,513.6291763828694,False,False,False,False
2025-07-10 15:00:00+00:00,38.54,38.675,38.37,38.605,900.0,,,39.164126073092966,39.1006351151969,39.27656164191896,39.23456253075649,39.77327123870918,39.597114379733455,39.57733806804114,39.5681278940589,39.24260047473806,38.72879818391469,37.080161329361815,38.18487846525906,,38.50335272821308,39.00470171872771,39.24705107470173,39.23224561286816,39.810772766391736,39.64584413925592,39.492308307299865,39.51180124532858,39.66474278599641,39.51224870186526,38.95430580054173,38.84056376936182,37.80232036716191,39.00470171872771,39.312335611542935,38.95430580054173,38.18487846525906,39.044014616231806,39.17094300136261,"rgba(239, 83, 80, 1.0)",0.8569421175278353,39.307754448977406,-0.8200722482922911,43.314505435579036,1.1237941748335487,False,True,False,True,False,0.0,0.0,0.0,0.0,0.0,0,0.9066009626403854,1.023149209259684,False,False,False,False,-0.13841007460532842,-0.13453569822036213,False,False,False,False,2114.0,2934.90249274919,False,False,False,False,519.6194217102668,False,False,False,False
2025-07-10 16:00:00+00:00,38.6,38.84,38.58,38.805,110.0,,,39.157396089790005,39.09929568068746,39.275022496599355,39.23365462116391,39.77191839532667,39.59618178064092,39.57658007069509,39.56747541842506,39.24225560207874,38.728806339786445,37.080838153713955,38.18507810573091,,38.513105158730156,39.00164252484668,39.24575136963349,39.23134992032929,39.80943095553224,39.644828966483985,39.49154591089281,39.51105762422244,39.6639565992789,39.51168168429315,38.95416603427088,38.84049975678549,37.80284816258286,39.00164252484668,39.3119353004447,38.95416603427088,38.18507810573091,39.04287522955321,39.17091266676018,"rgba(239, 83, 80, 0.5)",0.8495363971545828,39.30691532118234,-0.5908108503219418,44.97649645271184,1.1237941748335487,False,False,False,True,False,0.0,0.0,0.0,0.0,0.0,0,0.9100206849000232,1.0276947828085496,False,False,False,False,-0.10223664521435162,-0.11838617171735688,False,False,False,False,2224.0,2923.880748675559,False,False,False,False,513.2687330015805,False,False,False,False
2025-07-10 17:00:00+00:00,38.81,38.94,38.805,38.89,110.0,,,39.15302019482062,39.09847425932183,39.27388430973622,39.233001326023484,39.770748085089515,39.59540004290006,39.575947298611005,39.566931782867904,39.24200522869277,38.72890104796454,37.08157007620625,38.18532658835538,,38.52746366452227,39.0002248815496,39.244808898631156,39.23070656195808,39.808263820832494,39.643969342291754,39.490923727562866,39.51044727211077,39.66328805097618,39.5112159900892,38.954116222688,38.8405242292735,37.80345211171975,39.0002248815496,39.31163135188183,38.954116222688,38.18532658835538,39.04210085338247,39.1714926749389,"rgba(239, 83, 80, 0.5)",0.8463534658696014,39.30676543843402,-0.49242480268667216,46.87175745617521,1.1237941748335487,False,False,False,True,True,0.0,0.0,0.0,0.0,0.0,0,0.9196945151585285,1.024068502661421,False,False,False,False,-0.07564209964145108,-0.09701413567940398,False,False,False,False,2334.0,2914.735310711597,False,False,False,False,507.0165045829513,False,False,False,False
2025-07-10 18:00:00+00:00,38.89,38.93,38.78,38.8,0.0,,,39.15302019482062,39.09847425932183,39.27388430973622,39.233001326023484,39.770748085089515,39.59540004290006,39.575947298611005,39.566931782867904,39.24200522869277,38.72890104796454,37.08157007620625,38.18532658835538,,38.52746366452227,39.0002248815496,39.244808898631156,39.23070656195808,39.808263820832494,39.643969342291754,39.490923727562866,39.51044727211077,39.66328805097618,39.5112159900892,38.954116222688,38.8405242292735,37.80345211171975,39.0002248815496,39.31163135188183,38.954116222688,38.18532658835538,39.04210085338247,39.1714926749389,"rgba(239, 83, 80, 0.5)",0.839886076573434,39.30676543843402,-0.6033740200832045,47.263731380402696,1.1237941748335487,False,False,False,True,True,0.0,0.0,0.0,0.0,0.0,0,0.9183151035606241,1.023737491272981,False,False,False,False,-0.07850034075337355,-0.08775723821638876,False,False,False,False,2334.0,2905.73166248351,False,False,False,False,499.1557835816652,False,False,False,False
2025-07-10 19:00:00+00:00,38.805,38.98,38.775,38.94,320.0,,,39.14190911156555,39.09633299899698,39.27077560487696,39.231220821972464,39.76743682046418,39.59319870719433,39.57416559848374,39.56540095543376,39.2413187730041,38.72921266547887,37.083719583136116,38.1860692674511,,38.56552597819114,38.996927420442276,39.242242591178076,39.22895371194391,39.804957762790394,39.641544583667866,39.489179756715174,39.508734346579004,39.66139902610682,39.50990781811755,38.9540098321443,38.84063280626379,37.80523782341079,38.996927420442276,39.31079025747998,38.9540098321443,38.1860692674511,39.04006340900484,39.1730194967347,#000000,0.8291876356624156,39.30638262147091,-0.4418573139699782,48.9595139092077,1.1237941748335487,False,False,False,False,True,0.0,0.0,0.0,0.0,0.0,0,0.9143919154373333,1.0204437216866071,False,False,False,False,-0.06768852956038088,-0.07772288388838482,False,False,False,False,2654.0,2901.8288460108975,False,False,False,False,496.37817453388743,False,False,False,False
2025-07-11 14:00:00+00:00,38.79,38.885,38.65,38.67,100.0,,,39.136436225061644,39.09512895701432,39.26939324354542,39.23039719160801,39.76621369900882,39.59235260770977,39.57347663968299,39.56480722664722,39.24100292979513,38.72921598981371,37.08432989360494,38.186247888973824,,38.57079241765071,38.99430499933252,39.241071211386426,39.228140994000015,39.80374430104114,39.64062426186683,39.48848679334277,39.5080583126551,39.660684669540345,39.509391285220076,38.95387937829719,38.84057084281658,37.80571145966525,38.99430499933252,39.31042430925415,38.95387937829719,38.186247888973824,39.03908354103881,39.17272776360115,"rgba(239, 83, 80, 0.5)",0.8172982407999558,39.30547945399702,-0.7775367941267393,47.431633661756265,1.1237941748335487,False,False,False,True,True,0.0,0.0,0.0,0.0,0.0,0,0.916008364312268,1.0194005576208176,False,False,False,False,-0.0861543834831305,-0.08193863368575766,False,False,False,False,2554.0,2896.436150723907,False,False,False,False,490.23277647909845,False,False,False,False
2025-07-11 15:00:00+00:00,38.665,38.665,38.4,38.4,100.0,,,39.12783499225834,39.093113694232244,39.26738320723318,39.22916755042973,39.76470159349981,39.591265225384966,39.57258646289643,39.56403810796264,39.24053370488819,38.72907770250877,37.0848486191982,38.18634615530577,,38.568307213180624,38.98928941977265,39.239336912195,39.22692576409649,39.80225415562153,39.639455645365786,39.48756866543045,39.50716812742977,39.65978135297638,39.508711128578504,38.95360223951233,38.840364343948345,37.80605902150171,38.98928941977265,39.30990215444418,38.95360223951233,38.18634615530577,39.03757475131652,39.17144799920074,"rgba(239, 83, 80, 1.0)",0.805637557388034,39.30350170934606,-1.1214741679562605,44.24885690207531,-0.29935889517877,False,True,False,True,False,0.0,0.0,0.0,0.0,0.0,1,0.9115259740259742,1.0206400742115027,False,False,False,False,-0.12581775881599758,-0.10387819625087762,False,False,False,False,2454.0,2889.576675518885,False,False,False,False,484.182655913531,False,False,False,False
2025-07-11 16:00:00+00:00,38.41,38.58,38.325,38.56,200.0,,,39.11129971988795,39.089123061695794,39.26339401232356,39.226720453194154,39.761688092708475,39.589096874078464,39.57081048358477,39.56250316300662,39.239597008017505,38.72880160368524,37.08588492133811,38.18654249630217,,38.56376065946559,38.97955077112493,39.235892178672714,39.22450724210571,39.79928397043201,39.637125509009536,39.48573745731548,39.50539241146125,39.657978889547095,39.50735353011223,38.953048950647016,38.83995207171968,37.80675308447311,38.97955077112493,39.308859832193626,38.953048950647016,38.18654249630217,39.03462182415189,39.16894897892972,"rgba(239, 83, 80, 1.0)",0.7916839618785867,39.299630474374005,-0.9342496627302317,43.967123320866364,-0.8528367134052033,False,True,False,True,False,0.0,0.0,0.0,0.0,0.0,0,0.9099140933364294,1.0250754585558393,False,False,False,False,-0.13940429787229078,-0.12164124706158419,False,False,False,False,2654.0,2885.924323960453,False,False,False,False,479.7767232637088,False,False,False,False
2025-07-11 17:00:00+00:00,38.565,38.63,38.53,38.595,0.0,,,39.11129971988795,39.089123061695794,39.26339401232356,39.226720453194154,39.761688092708475,39.589096874078464,39.57081048358477,39.56250316300662,39.239597008017505,38.72880160368524,37.08588492133811,38.18654249630217,,38.56376065946559,38.97955077112493,39.235892178672714,39.22450724210571,39.79928397043201,39.637125509009536,39.48573745731548,39.50539241146125,39.657978889547095,39.50735353011223,38.953048950647016,38.83995207171968,37.80675308447311,38.97955077112493,39.308859832193626,38.953048950647016,38.18654249630217,39.03462182415189,39.16894897892972,"rgba(239, 83, 80, 1.0)",0.782668846015222,39.299630474374005,-0.9002919663424324,44.183067464488346,-0.996416065741343,False,True,False,True,False,0.0,0.0,0.0,0.0,0.0,0,0.9173467008626722,1.0204010258801584,False,False,False,False,-0.11777287478917632,-0.11970706092538025,False,False,False,False,2654.0,2882.328598007578,False,False,False,False,472.3383244534187,False,False,False,False
2025-07-11 18:00:00+00:00,38.59,38.64,38.495,38.51,100.0,,,39.10411444373537,39.087344733092166,39.2615679214124,39.22560188849316,39.76025741854343,39.5880748142329,39.569973772933345,39.5617801091291,39.23916686889806,38.728698177546,37.08642464189583,38.186660069653165,,38.56333425465266,38.97539965986393,39.23431892547422,39.22340198546318,39.79787164781239,39.636024640304164,39.48487929582365,39.504559113758006,39.657125860668444,39.506715972725445,38.952808453616825,38.83978141069157,37.807130089525835,38.97539965986393,39.308377699027524,38.952808453616825,38.186660069653165,39.033305404963734,39.16795010079848,"rgba(239, 83, 80, 1.0)",0.7763645354420601,39.29798439905897,-1.0149670201129088,43.50545864925434,-2.0291796956559693,False,True,False,True,False,0.0,0.0,0.0,0.0,0.0,0,0.9157034442498543,1.019264448336252,False,False,False,False,-0.11988843689455292,-0.11979774890996658,False,False,False,False,2554.0,2877.2382321469954,False,False,False,False,466.5656372525905,False,False,False,False
2025-07-11 19:00:00+00:00,38.485,38.525,38.44,38.45,1061.0,,,39.028684240107914,39.06658802283582,39.24072987891295,39.212639026182025,39.7443359224884,39.57656254353315,39.56051997220037,39.55359594687347,39.2341330073521,38.727144723375744,37.09182760775662,38.187639394469315,,38.54254790909738,38.92871779194689,39.21624247907544,39.21058701135943,39.78217349993494,39.62366635322052,39.47513253849525,39.49510461869392,39.64753508865573,39.499466350237434,38.949793930303606,38.83750982433488,37.81069531529163,38.92871779194689,39.302787436845236,38.949793930303606,38.187639394469315,39.01870002384066,39.15532097774208,"rgba(239, 83, 80, 1.0)",0.770194417950242,39.278562665860804,-1.0757837846525782,42.46324202618061,-3.3730882040215064,False,True,False,True,False,0.0,0.0,0.0,0.0,0.0,0,0.9112903225806454,1.023141654978962,False,False,False,False,-0.13430361619891812,-0.12705068255444235,False,False,False,False,1493.0,2855.7771742842515,False,False,False,False,475.78167388433326,False,False,False,False
2025-07-14 14:00:00+00:00,39.375,39.45,39.13,39.285,362.0,,,39.0388368618132,39.069109676541096,39.24115452223126,39.21308047773249,39.7424216560559,39.57555202592986,39.55972295247726,39.552918210584515,39.234254024548214,38.728299557167475,37.094746745133435,38.18892830494253,,38.5961036170072,38.93973979059068,39.216820790674994,39.211036591534736,39.78018709882924,39.622456392161574,39.47452144916274,39.49446087579734,39.64654630460461,39.49896300369678,38.95051606896633,38.8384570040066,37.813395137437794,38.93973979059068,39.30275456287501,38.95051606896633,38.18892830494253,39.0199187512631,39.160246471113126,#000000,0.7652847200244968,39.2829539166323,0.0026736237039065233,49.655443282033225,-4.867817015971248,False,False,False,False,True,2.2002868125187405,0.0,0.0,0.0,0.0,0,0.9129239230064166,1.0142071494042164,False,False,False,False,0.0012515725561172497,-0.06289955499916255,False,False,False,False,1855.0,2840.2612491015498,False,False,False,False,474.01761692488617,False,False,False,False
2025-07-14 15:00:00+00:00,39.285,39.435,39.22,39.265,6.0,,,39.03901032671272,39.069154443711575,39.24116420692997,39.21308952322653,39.74239133879878,39.57553640199242,39.55971067127177,39.552907782898465,39.234256704248295,38.72831928330653,37.09479546708858,38.18894999849042,,38.59694835215639,38.93992609517361,39.21683273508818,39.21104575633181,39.78015553185266,39.622437507475205,39.474512348300706,39.494451185776995,39.646530798203464,39.49895540555373,38.95052866031866,38.838473307990675,37.81344035794319,38.93992609517361,39.30275471034297,38.95052866031866,38.18894999849042,39.019940512389674,39.160326003243476,"rgba(38, 166, 154, 1.0)",0.7608105445411186,39.283026472019046,-0.023693772580291577,54.22438448508056,-0.8049774593606855,True,False,True,False,True,2.059994706199351,0.0,0.0,0.0,0.0,0,0.9151882797298846,1.0151081606958914,False,False,False,False,0.007509614298345531,-0.02769497035040851,False,False,False,False,1849.0,2824.8928576426106,False,False,False,False,466.76152984077936,False,False,False,False
2025-07-14 16:00:00+00:00,39.265,39.34,39.23,39.305,402.0,,,39.04951807021174,39.07192885869957,39.24165951027512,39.21359510128736,39.74030005039956,39.57443554792386,39.558841921101646,39.552168697027064,39.23439869445915,38.72960367738387,37.098032851286355,38.19038207030077,,38.64820119899675,38.95149821316528,39.217493411516664,39.2115601210409,39.777983389561804,39.62111749756787,39.47385053797327,39.49375254607214,39.64544937105488,39.49840808878264,38.95133481077395,38.83952817971092,37.81643353279539,38.95149821316528,39.30272677708635,38.95133481077395,38.19038207030077,39.02123875419634,39.16512391530865,"rgba(38, 166, 154, 1.0)",0.7548467000264413,39.28740279629451,0.023312288051170506,57.554321297264195,2.069235095662698,True,False,True,False,True,2.3295056200008233,0.0,0.0,0.0,0.0,0,0.9209776934029428,1.014950166112957,False,False,False,False,0.00041718509582802513,-0.013638892627290242,False,False,False,False,2251.0,2815.9952939582286,False,False,False,False,465.7574751145657,False,False,False,False
2025-07-14 17:00:00+00:00,39.305,39.355,39.225,39.29,2.0,,,39.04956781823197,39.07194238542731,39.24166186886553,39.213597546987614,39.740289656021474,39.57443006022723,39.558837586165204,39.552165006978896,39.234399378614505,38.72961003385833,37.098048921603464,38.19038917496906,,38.64843667828532,38.95155360990644,39.217496596099785,39.21156261076107,39.77797259430503,39.62111092360231,39.47384722734927,39.493749053720144,39.64544398202897,39.49840535114568,38.951338792353454,38.83953339625227,37.81644837712052,38.95155360990644,39.302726617577946,38.951338792353454,38.19038917496906,39.021244953162544,39.165146091763866,"rgba(38, 166, 154, 1.0)",0.7525879494264366,39.287423208522924,0.0034239074370499482,59.56634382126519,3.807795290745098,True,False,True,False,True,2.2203245413357955,0.0,0.0,0.0,0.0,0,0.91957583700703,1.0152508042416302,False,False,False,False,0.0012515725561161421,-0.00619366003558705,False,False,False,False,2249.0,2807.2046692456975,False,False,False,False,458.56743674069645,False,False,False,False
2025-07-14 18:00:00+00:00,39.285,39.415,39.28,39.295,104.0,,,39.05255236048574,39.072772075720565,39.24188542807317,39.213790977603786,39.73979776437996,39.574185081320024,39.55864587277166,39.55200252228684,39.23446050884141,38.72996395109593,37.09889949713142,38.190771925688594,,38.66119681968196,38.95474699121027,39.21775295793164,39.21175777020781,39.77745785963402,39.62081069020232,39.47371265887688,39.493603236035376,39.64519548805737,39.49829039717858,38.95157014451886,38.83982856228023,37.81724081252518,38.95474699121027,39.30274438091421,38.95157014451886,38.190771925688594,39.02164399711659,39.166397260641574,"rgba(38, 166, 154, 1.0)",0.7488909698246808,39.28861017655463,0.008532381485211954,60.95174414413883,5.109981632044274,True,False,True,False,True,2.2552591930107937,0.0,0.0,0.0,0.0,0,0.9188737771414941,1.0130040563111429,False,False,False,False,0.010847445901400373,0.0023268929329066618,False,False,False,False,2353.0,2800.162736389175,False,False,False,False,453.07026717882513,False,False,False,False
2025-07-14 19:00:00+00:00,39.3,39.37,39.24,39.34,1064.0,,,39.07848606496863,39.08053909391118,39.243772741288936,39.21551071763368,39.7346707132364,39.57157135452937,39.556589485342485,39.55025470637918,39.23499479764786,38.73348104035323,37.10751265672621,38.194627382132424,,38.7665631767135,38.983508103667184,39.22000638774694,39.213497016157916,39.77210397670399,39.61763506175749,39.472223845799746,39.49200581798231,39.64256891637363,39.49703081478972,38.95383808956665,38.8427464625377,37.82522958144721,38.983508103667184,39.302836536168506,38.95383808956665,38.194627382132424,39.0251675628458,39.1768428654803,"rgba(38, 166, 154, 1.0)",0.7445392613636821,39.298695108490804,0.05547711672524292,62.30399831758477,6.507423940421745,True,False,True,False,True,2.5745262296783515,0.0,0.0,0.0,0.0,0,0.922606924643585,1.011860548700132,False,False,False,False,0.0037547500404890907,0.0030408214866978764,False,False,False,False,3417.0,2809.7261048172495,False,False,False,False,462.5420459822542,False,False,False,False
2025-07-15 14:00:00+00:00,41.1,41.55,40.93,41.06,2566.0,,,39.4808502462319,39.230279669418415,39.3548595863611,39.29163968385813,39.775706761676105,39.6100009931997,39.58919263149382,39.57893162539687,39.26501081548128,38.76834648657556,37.14530228075693,38.219079684331234,,39.44080148793322,39.33676402381698,39.32208358703741,39.289098883811505,39.810478980111405,39.656009986918114,39.51039558308146,39.527975167263214,39.67165146823935,39.52471562983478,38.98669590643275,38.876737000995604,37.86778824508496,39.33676402381698,39.33233155143522,38.98669590643275,38.219079684331234,39.109100038731754,39.29393815004313,"rgba(38, 166, 154, 1.0)",0.778324847070833,39.443141246148556,2.0773572370667237,70.2486433503854,13.918387851385006,True,False,True,False,True,13.160031602018783,0.0,0.0,0.0,0.0,0,0.9378810537213854,0.990567122972507,False,False,False,False,0.3390874178793324,0.17106411968301513,False,False,False,False,5983.0,2858.9241497038033,False,False,False,False,495.1537972073355,False,False,False,False
2025-07-15 15:00:00+00:00,41.07,41.58,41.05,41.395,1470.0,,,39.66477978752017,39.313163181741295,39.41808301764261,39.33616268991159,39.80076975840257,39.63338318008826,39.609125754093846,39.59652319431904,39.283209285180604,38.78918515335645,37.16749160974239,38.23366323857087,,39.703051306116066,39.50590071736011,39.38059338457495,39.333330719050046,39.83402068450981,39.67939978604243,39.53354811890613,39.54984856440424,39.689554927557374,39.54167836290736,39.00644155449084,38.89710339697868,37.89285254900037,39.50590071736011,39.35025690975995,39.00644155449084,38.23366323857087,39.15379498754748,39.3497941593768,"rgba(38, 166, 154, 1.0)",0.8247812541015882,39.51501807326542,2.279370338966291,76.08500073006658,19.082763795082172,True,False,True,False,True,14.905629954904104,0.0,0.0,0.0,0.0,0,0.9430336307481129,0.9834134065431253,False,False,False,False,0.34282823594512973,0.2569461778140724,False,False,False,False,7453.0,2930.1501318789383,False,False,False,False,510.267691824276,False,False,False,False
2025-07-15 16:00:00+00:00,41.4,42.23,41.345,42.13,4683.0,,,40.20046586550754,39.600890735026496,39.64668127677975,39.50217881752523,39.9026914430747,39.7269311463379,39.689291590129585,39.6675512560698,39.3543248060532,38.86746102966186,37.245918905916135,38.28743712074964,,40.37433281175294,40.0133809028406,39.59361300061947,39.49832176465745,39.93056470642977,39.77347494041325,39.62523503425546,39.63686278692498,39.76260923017614,39.60984018025464,39.08176440577842,38.9741607793526,37.98292550886099,40.0133809028406,39.42076387823426,39.08176440577842,38.28743712074964,39.30765199940266,39.527468157870516,"rgba(38, 166, 154, 1.0)",0.8985399167439685,39.74854336611745,2.6503626488984646,80.8894040705539,23.256748159890364,True,False,True,False,True,18.477633317108406,0.0,0.0,0.0,0.0,0,0.9430913627183086,0.9817036949031724,False,False,False,False,0.34282823789207895,0.29988720785307565,False,False,False,False,12136.0,3072.876486423451,False,False,False,False,574.9612159820392,False,False,False,False
2025-07-15 17:00:00+00:00,42.135,42.49,42.135,42.455,2778.0,,,40.46909013567367,39.77156868857812,39.78716136126435,39.60782685261579,39.971431153582806,39.789810807945365,39.743565386491106,39.71588172008271,39.40198192593439,38.9187990683712,37.295687061675444,38.322549235029804,,40.67882516375947,40.27533171260949,39.72565580201943,39.60337147840794,39.996042927920946,39.83683740296237,39.686635295100174,39.695346553279236,39.81251586769124,39.656165612613876,39.13158872275201,39.02490069625011,38.04049868766405,40.27533171260949,39.46816981150334,39.13158872275201,38.322549235029804,39.39961278310373,39.627978147925404,"rgba(38, 166, 154, 1.0)",0.9785218213996228,39.88127230551221,2.630220030051522,84.40969505142948,26.3268481346703,True,False,True,False,True,19.953932292246826,0.0,0.0,0.0,0.0,0,0.9622641509433968,0.9699774534235198,False,False,False,False,0.34282823962442827,0.32135772373875193,False,False,False,False,14914.0,3256.4597967114596,False,False,False,False,609.1168560443332,False,False,False,False
2025-07-15 18:00:00+00:00,42.455,42.53,42.195,42.375,6232.0,,,40.88308267693564,40.08781136748793,40.055587040252924,39.81910127225211,40.11286670140864,39.92084022791559,39.8579356267316,39.81849360009607,39.50381294884727,39.028865203360326,37.40402780539422,38.399283360481434,,41.11083716663928,40.69416323885425,39.981096022224634,39.813617798831196,40.1312047439557,39.968622913410194,39.81514746391309,39.81813325761041,39.91806026889813,39.75486116548156,39.23825337410654,39.1335918934341,38.164494028045425,40.69416323885425,39.5693813875566,39.23825337410654,38.399283360481434,39.574308985930315,39.810929487338804,"rgba(38, 166, 154, 1.0)",1.0440644201934084,40.12007529859959,2.1597562926075935,85.93355851788583,27.73351688725016,True,False,True,False,True,19.33505062610608,0.0,0.0,0.0,0.0,0,0.9633829435388619,0.9656272147413186,False,False,False,False,0.3428282397706565,0.33209298175470425,False,False,False,False,8682.0,3340.576699088026,False,False,False,False,696.2933388963589,False,False,False,False
2025-07-15 19:00:00+00:00,42.37,42.745,42.3,42.45,9092.0,,,41.27307282399908,40.451678841811656,40.37755644148063,40.08835713496185,40.30206921569313,40.098844111749166,40.01584816651757,39.96174695052641,39.64671077193849,39.183258504966275,37.558015776443476,38.50969662585136,,41.488083433014346,41.102109384066985,40.29237411311345,40.08185333333332,40.312983969053015,40.14729937204636,39.99058416513252,39.98656973609634,40.06477139551609,39.89325016782899,39.38787426701329,39.28602106149538,38.33844068719421,41.102109384066985,39.71135975809146,39.38787426701329,38.50969662585136,39.78890461382826,40.02863192960802,"rgba(38, 166, 154, 1.0)",1.1091316220157301,40.39451950832422,1.8532340534481928,87.05115661006849,28.99235221855902,True,False,True,False,True,19.679973694756892,0.0,0.0,0.0,0.0,0,0.9663489822332044,0.9636427815037067,False,False,False,False,0.3428282402197522,0.33746061098722824,False,False,False,False,17774.0,3564.350703753328,False,False,False,False,826.4593336421518,False,False,False,False
2025-07-16 14:00:00+00:00,41.24,41.3,40.8,40.97,750.0,,,41.26819598857847,40.458709455249085,40.38450227066304,40.096044398158284,40.306757538726444,40.10408094288607,40.0207941250911,39.96640755548271,39.65210847331212,39.189988450647455,37.566634940217185,38.515269490107485,,41.47788856390757,41.100666951497395,40.2997550544149,40.08954935513169,40.317455474795636,40.15237390744675,39.99612442718244,39.991916671250976,40.06924633531481,39.89793301398397,39.39404255194321,39.29248915352846,38.34730074432589,41.100666951497395,39.716584968014416,39.39404255194321,38.515269490107485,39.79412446909328,40.032826323440275,"rgba(38, 166, 154, 0.75)",1.126791634415023,40.39879080824611,0.5069341786961632,76.46681842526972,35.17131262655792,True,False,True,False,False,9.177086754993145,0.0,0.0,0.0,0.0,0,0.9530751708428249,0.9702733485193626,False,False,False,False,0.1447348683545551,0.24109773967089165,False,False,False,False,17024.0,3773.02743702847,False,False,False,False,825.2739176166921,False,False,False,False
2025-07-16 15:00:00+00:00,40.97,41.43,40.97,41.345,0.0,,,41.26819598857847,40.458709455249085,40.38450227066304,40.096044398158284,40.306757538726444,40.10408094288607,40.0207941250911,39.96640755548271,39.65210847331212,39.189988450647455,37.566634940217185,38.515269490107485,,41.47788856390757,41.100666951497395,40.2997550544149,40.08954935513169,40.317455474795636,40.15237390744675,39.99612442718244,39.991916671250976,40.06924633531481,39.89793301398397,39.39404255194321,39.29248915352846,38.34730074432589,41.100666951497395,39.716584968014416,39.39404255194321,38.515269490107485,39.79412446909328,40.032826323440275,"rgba(38, 166, 154, 0.75)",1.1538090150642515,40.39879080824611,0.8200743618745222,70.86917357801232,30.198493974233116,True,False,True,False,False,11.012316446394397,0.0,0.0,0.0,0.0,0,0.9609888863687914,0.9641642095713315,False,False,False,False,0.1641662905414935,0.20263201510619258,False,False,False,False,17024.0,3978.4688721132998,False,False,False,False,812.4789731575186,False,False,False,False
2025-07-16 16:00:00+00:00,41.325,41.455,41.25,41.45,0.0,,,41.26819598857847,40.458709455249085,40.38450227066304,40.096044398158284,40.306757538726444,40.10408094288607,40.0207941250911,39.96640755548271,39.65210847331212,39.189988450647455,37.566634940217185,38.515269490107485,,41.47788856390757,41.100666951497395,40.2997550544149,40.08954935513169,40.317455474795636,40.15237390744675,39.99612442718244,39.991916671250976,40.06924633531481,39.89793301398397,39.39404255194321,39.29248915352846,38.34730074432589,41.100666951497395,39.716584968014416,39.39404255194321,38.515269490107485,39.79412446909328,40.032826323440275,"rgba(38, 166, 154, 0.75)",1.17982405162511,40.39879080824611,0.8909881014087969,67.53949071914214,27.22849535015797,True,False,True,False,False,11.518019701081819,0.0,0.0,0.0,0.0,0,0.9781589479702691,0.9581475128644944,False,False,False,False,0.1840484382450485,0.19334022667562054,False,False,False,False,17024.0,4180.725168669683,False,False,False,False,799.8823999302701,False,False,False,False
2025-07-16 17:00:00+00:00,41.45,41.62,41.43,41.475,88.0,,,41.268744945230985,40.46022193111729,40.38591876975375,40.09740552123946,40.30767326289658,40.10501364882885,40.021650475592374,39.967201423261294,39.652962057199005,39.1909829149403,37.567784946379135,38.516047885728334,,41.47796672306824,41.101540919573836,40.30118526686659,40.09090884673736,40.31833439567014,40.15329488357017,39.99707567872819,39.99283374108895,40.07003417463488,39.898715620817946,39.394977782580945,39.29345669425479,38.34852421018371,41.101540919573836,39.717421869194595,39.394977782580945,38.516047885728334,39.79513398184728,40.03375761059814,"rgba(38, 166, 154, 0.75)",1.2093046620955645,40.399861954169594,0.8890547432169288,65.42335025625506,25.16660665858781,True,False,True,False,False,11.639677896638403,0.0,0.0,0.0,0.0,0,0.9846541456710953,0.9476637654603762,False,False,False,False,0.20671373054993308,0.2000269786127768,False,False,False,False,17112.0,4381.210049775579,False,False,False,False,788.8454634972427,False,False,False,False
2025-07-16 18:00:00+00:00,41.465,41.72,41.465,41.66,1044.0,,,41.277887570921536,40.479631215721625,40.4040266527429,40.11456128003002,40.31938729823599,40.116819074792446,40.03245874104974,39.97720515489496,39.66360784986306,39.203256181072206,37.581745102444465,38.52557977995729,,41.48201696770662,41.11427614907029,40.31937485909796,40.10803973500426,40.32958931253707,40.164978944466995,40.00906047339966,40.004389334679814,40.08000372918302,39.908553923587284,39.40656705185837,39.30542081317669,38.36345457888769,41.11427614907029,39.72787905260602,39.40656705185837,38.52557977995729,39.80801382514385,40.04582506712737,"rgba(38, 166, 154, 0.75)",1.2420186924651084,40.41385650267111,1.0033210489413749,64.81547407755622,24.26450897530836,True,False,True,False,False,12.543482017090628,0.0,0.0,0.0,0.0,0,0.990340386384545,0.9443422263109479,False,False,False,False,0.2156388293916188,0.20783290400219778,False,False,False,False,18156.0,4594.772684662779,False,False,False,False,792.8013477841071,False,False,False,False
2025-07-16 19:00:00+00:00,41.66,41.745,41.645,41.685,2061.0,,,41.2983875400641,40.51855610959615,40.44041882076529,40.14898889277252,40.34323944057911,40.1407562471576,40.05438406842474,39.997509505230035,39.685101068534294,39.22788278792827,37.60954209040381,38.54468867381201,,41.4935753773997,41.14122792713217,40.35588404244333,40.14241673074019,40.3525357272279,40.18869606838123,40.03331135182764,40.027788263343595,40.10027640455382,39.92850655496799,39.42987631651885,39.32945340050788,38.39321769182707,41.14122792713217,39.74901335199236,39.42987631651885,38.54468867381201,39.83412127043899,40.07052045052857,"rgba(38, 166, 154, 0.75)",1.2736514578315157,40.442410461764084,0.9756119153284822,64.52363767756161,23.435593056471532,True,False,True,False,False,12.666091343178667,0.0,0.0,0.0,0.0,0,0.9976913309477091,0.9363961676093736,False,False,False,False,0.22925723929245206,0.21854507164732492,False,False,False,False,20217.0,4836.97775931917,False,False,False,False,812.4633423921053,False,False,False,False
2025-07-17 14:00:00+00:00,41.83,42.51,41.76,42.445,810.0,,,41.316339817653066,40.53999212638813,40.460169960081195,40.16676158421109,40.35609722047718,40.15321207678116,40.06566760430421,40.007890987986904,39.69569148718264,39.23954645684358,37.621813260063895,38.55342936788491,,41.509370259820734,41.16099207496534,40.37536312884846,40.1601466446656,40.36493936884046,40.20113411948037,40.04573107385491,40.03977098070185,40.1107941207432,39.93862006926276,39.44109031933668,39.34092179319319,38.40668435821826,41.16099207496534,39.75949786030356,39.44109031933668,38.55342936788491,39.8480509958215,40.084273716302455,"rgba(38, 166, 154, 0.75)",1.3253399257998808,40.458808280741636,1.4986281485933812,67.240790545365,23.435593056471532,True,False,True,False,False,16.24412594643881,0.0,0.0,0.0,0.0,0,0.9995451961341676,0.9157475838544634,False,False,False,False,0.2887482107845238,0.25364664121592434,False,False,False,False,21027.0,5087.985856073911,False,False,False,False,812.4251510371889,False,False,False,False
2025-07-17 15:00:00+00:00,42.445,42.705,42.215,42.66,630.0,,,41.33405603314746,40.559067108638764,40.47767722747424,40.18227221196344,40.367491285811504,40.16412371535253,40.07551741663332,40.01693444731298,39.70479513761281,39.2494221607573,37.6319059136185,38.560728853182454,,41.525878431170526,41.179862844442496,40.392539096162615,40.17561521914306,40.37594194761093,40.21205878843918,40.05655217773594,40.05021197500506,40.12000228893406,39.94740369524384,39.45064328117628,39.350660775779104,38.417876679545344,41.179862844442496,39.76853306866653,39.45064328117628,38.560728853182454,39.86033262595877,40.09655747695296,"rgba(38, 166, 154, 1.0)",1.380557280740544,40.4735839325712,1.5837199208829498,69.70416103246359,23.435593056471532,True,False,True,False,True,17.201833753808856,0.0,0.0,0.0,0.0,0,1.00902221720988,0.9120333822036769,False,False,False,False,0.3339816343978202,0.29381413780687227,False,False,False,False,21657.0,5344.869796289819,False,False,False,False,809.5968541218837,False,False,False,False
2025-07-17 16:00:00+00:00,42.66,42.75,42.47,42.73,700.0,,,41.35511595031245,40.5811383296891,40.49793522330132,40.2001630020127,40.380727056841884,40.17675749325396,40.086915633083926,40.02739693964628,39.71528098488394,39.260736139166816,37.64335270642086,38.56905924664841,,41.54578797999477,41.20209290101455,40.4123891443071,40.1934563380475,40.38872997319495,40.22471796925999,40.069060280145244,40.062283398670274,40.13067172526528,39.95755696109686,39.46161135816013,39.36182977804215,38.43061264014996,41.20209290101455,39.778949067116976,39.46161135816013,38.56905924664841,39.87454822543847,40.110830803642216,"rgba(38, 166, 154, 1.0)",1.4343085944609233,40.490772553115306,1.5611894508143078,71.56244288568867,23.435593056471532,True,False,True,False,True,17.51313714394932,0.0,0.0,0.0,0.0,0,1.0259442084720474,0.9072437148433019,False,False,False,False,0.3428282404538933,0.31832118913038276,False,False,False,False,22357.0,5608.623752936488,False,False,False,False,807.8976780889863,False,False,False,False
2025-07-17 17:00:00+00:00,42.73,42.79,42.565,42.57,1444.0,,,41.39623181509679,40.62504988267241,40.53839620339751,40.236138912415676,40.40745285515872,40.20233124250067,40.11003714590737,40.04865128473649,39.73661687435204,39.28378224343331,37.666762570288405,38.58610201295989,,41.58441538311323,41.245638673006965,40.45210533566928,40.22933701760261,40.414565131072166,40.250332814686516,40.09440321638026,40.086755179006715,40.15232754192747,39.97819846088299,39.48394251219006,39.38457481090167,38.456593029184404,41.245638673006965,39.80013796980213,39.48394251219006,38.58610201295989,39.90312942024328,40.13947608504803,"rgba(38, 166, 154, 1.0)",1.4803382465925328,40.525074436963976,1.3813907515684796,71.25449331377104,23.435593056471532,True,False,True,False,True,16.365387001150587,0.0,0.0,0.0,0.0,0,1.027076640660854,0.901904543368518,False,False,False,False,0.34282824062930556,0.33057471487984413,False,False,False,False,20913.0,5845.900904053752,False,False,False,False,817.7597295914826,False,False,False,False
2025-07-17 18:00:00+00:00,42.57,42.76,42.56,42.62,457.0,,,41.408752327950744,40.63859331632852,40.55091477833793,40.24732800766516,40.41579859072226,40.21033105120934,40.11728203173175,40.055318923108025,39.74331614722126,39.291021372674635,37.67413315736631,38.59147267942226,,41.59613440678511,41.25892393243972,40.464409676641026,40.24049760567363,40.42263658543018,40.25834343995885,40.10233564562931,40.09441858053078,40.159117224277146,39.98467728682212,39.49095581682347,39.39171857978487,38.46475844566024,41.25892393243972,39.80679037030976,39.49095581682347,38.59147267942226,39.912021865311516,40.14837901741973,"rgba(38, 166, 154, 1.0)",1.5249680752825503,40.53568705830633,1.3667911974534157,71.25679469276011,23.435593056471532,True,False,True,False,True,16.59643767047942,0.0,0.0,0.0,0.0,0,1.0290037831021444,0.8998051129198678,False,False,False,False,0.34041758973575637,0.3354961523078003,False,False,False,False,21370.0,6086.584610967648,False,False,False,False,812.1665554892891,False,False,False,False
2025-07-17 19:00:00+00:00,42.62,42.79,42.59,42.61,2037.0,,,41.46235318176098,40.697301064248734,40.60538240022279,40.296301575928844,40.45252637321204,40.24560076137773,40.14928737902023,40.08481574637017,39.772974960525225,39.323071497778386,37.70683190854774,38.61533741610511,,41.64615360131305,41.31587645079732,40.518023344425025,40.289351966422814,40.45817938175371,40.29365230949601,40.13732932198349,40.12824565542951,40.189136692834914,40.01335545172322,39.522004955331546,39.42334496019185,38.500914191461014,41.31587645079732,39.836239863012544,39.522004955331546,38.61533741610511,39.9509820220915,40.187351406397184,"rgba(38, 166, 154, 1.0)",1.5671434246787543,40.58189256527137,1.2941428351679871,71.14549965594108,23.435593056471532,True,False,True,False,True,16.5228361887038,0.0,0.0,0.0,0.0,0,1.0310388271675646,0.8977207650899098,False,False,False,False,0.3428282406613067,0.3391621964845535,False,False,False,False,19333.0,6291.955392192955,False,False,False,False,831.1562212956567,False,False,False,False
2025-07-18 14:00:00+00:00,44.78,45.02,44.355,44.36,700.0,,44.57833333333334,41.50743950418234,40.73559010894535,40.640276136225815,40.32592300698678,40.475565828766236,40.26690334543769,40.168337624299774,40.102212733792385,39.7896892505176,39.340179026785044,37.7222731377893,38.62732306221248,,41.692631847104906,41.360715935939474,40.551760459448126,40.31886688425529,40.480516547007745,40.31516082689117,40.15808486394217,40.148291740403494,40.20714354787664,40.03008889109989,39.53895413725621,39.44041292409859,38.518845762064146,41.360715935939474,39.852980743206324,39.53895413725621,38.62732306221248,40.32923431532878,40.21242110518369,"rgba(38, 166, 154, 1.0)",1.6636269803444759,40.83422607312565,2.1193296144694003,75.75507055168538,19.994517051438493,True,False,True,False,True,20.0,0.0,0.0,0.0,0.0,0,1.034834045349984,0.8846533026618472,False,False,False,False,0.34282824438278153,0.3409952204336675,False,False,False,False,20033.0,6504.994843476785,False,False,False,False,829.1227915081271,False,False,False,False
2025-07-18 15:00:00+00:00,44.36,44.66,44.08,44.55,1000.0,,44.49107843137256,41.56662700662913,40.78693487415396,40.68723619699055,40.366083852785465,40.50686254646374,40.29594017004597,40.19436383808157,40.12601728958682,39.812632690564485,39.36373941326866,37.743737382949284,38.643937361492064,,41.75324538872035,41.4198190547714,40.59725514002612,40.35888920798408,40.51086987096228,40.34445919902786,40.186417534946756,40.1756692669203,40.231748540430935,40.05300939238607,39.56226414584783,39.46390228746016,38.543656899451285,41.4198190547714,39.87594794724473,39.56226414584783,38.643937361492064,40.35270700418341,40.24624660991811,"rgba(38, 166, 154, 1.0)",1.7598855844260526,40.869881354605965,2.0911124438775492,79.1072716682699,23.365587964579987,True,False,True,False,True,20.0,0.0,0.0,0.0,0.0,0,1.0286836078089219,0.8921365470607487,False,False,False,False,0.31129560446859705,0.32614541245113227,False,False,False,False,21033.0,6730.235233500401,False,False,False,False,831.7720505545127,False,False,False,False
2025-07-18 16:00:00+00:00,44.545,44.575,43.86,43.945,236.0,,44.44665633608816,41.57880440332701,40.79785311243172,40.69726505388966,40.374748536355966,40.51361095092518,40.30223539843139,40.20002317341643,40.13120377643864,39.817660751854454,39.36893687953429,37.748554025722925,38.64763963997473,,41.76558381243988,41.43206465134409,40.60699919281252,40.36752577937067,40.51741615715275,40.35080401188496,40.19257527497633,40.181622337425765,40.23709702164139,40.05801138570933,39.56739215088878,39.469076924282675,38.54918180407747,41.43206465134409,39.880975837129924,39.56739215088878,38.64763963997473,40.355784002953115,40.2534885003082,"rgba(38, 166, 154, 0.75)",1.828724817860748,40.876161816412775,1.6781301120948138,76.58159629193909,23.365587964579987,True,False,True,False,False,20.0,0.0,0.0,0.0,0.0,0,1.016645189003437,0.8943298969072169,False,False,False,False,0.2963640481856612,0.31125473031839673,False,False,False,False,20797.0,6948.3246097252,False,False,False,False,822.5352745769233,False,False,False,False
2025-07-18 17:00:00+00:00,43.95,44.07,43.83,43.92,100.0,,44.42177144728226,41.583553961995946,40.802199758377256,40.70126660249846,40.378225914474555,40.516315518053396,40.30476673926709,40.202302521315694,40.133294901568924,39.819695610752966,39.37104950339467,37.750533116185004,38.64915349901122,,41.77036306423133,41.43686296643517,40.61089370428361,40.37099228258795,40.52003977166744,40.35335348268955,40.19505515739877,40.1840203171889,40.23925034794509,40.060030100537354,39.5694727400767,39.47117836635253,38.55144132834834,41.43686296643517,39.88300920243862,39.5694727400767,38.64915349901122,40.35647146878288,40.25638104844175,"rgba(38, 166, 154, 0.75)",1.886633698340006,40.878298395393784,1.6122375039110781,74.71475679410925,23.365587964579987,True,False,True,False,False,20.0,0.0,0.0,0.0,0.0,0,1.015918803418804,0.9056623931623936,False,False,False,False,0.27047529441653256,0.29086501236746465,False,False,False,False,20697.0,7161.482367713957,False,False,False,False,811.3331772966609,False,False,False,False
2025-07-18 18:00:00+00:00,43.92,43.985,43.74,43.75,524.0,,44.29961979166667,41.606933032100535,40.82395339202248,40.72133546261899,40.39575228123291,40.52994424049953,40.31755578358166,40.21383493818535,40.143885071944084,39.83002882674413,39.38180997081511,37.760690601329,38.65689986899653,,41.79375737887775,41.46056745783688,40.63045322044922,40.388465564791474,40.53326193402913,40.36622726565044,40.20759887098795,40.19615267135121,40.250143596195244,40.07026142146897,39.58005671947827,39.48187516508111,38.56299831455507,41.46056745783688,39.89332973594144,39.58005671947827,38.65689986899653,40.36017255859516,40.27090919851943,"rgba(38, 166, 154, 0.75)",1.931417938265212,40.88910547407032,1.4812405276194747,72.15765901220541,27.877392866357653,True,False,True,False,False,18.9738925517194,0.0,0.0,0.0,0.0,0,1.013922839834202,0.9079604633861201,False,False,False,False,0.26208480936916106,0.2764749108683129,False,False,False,False,20173.0,7363.211323253276,False,False,False,False,806.8783993540769,False,False,False,False
2025-07-18 19:00:00+00:00,43.75,43.91,43.675,43.755,1507.0,,44.10707810835178,41.67022053660579,40.8838936804808,40.77682503089839,40.44452962311189,40.567994535943654,40.35335860665111,40.24618787324215,40.17363783130262,39.85912028326092,39.4121582875458,37.78949926531459,38.678856532764534,,41.85673641502552,41.52494155708621,40.684627452547,40.43710139755887,40.57019344474301,40.40225028533817,40.24275276863605,40.230171252146825,40.28071662844673,40.09902973963666,39.60988482183672,39.51203203809063,38.59567328032985,41.52494155708621,39.92237587527026,39.60988482183672,38.678856532764534,40.38179693811339,40.31123931395556,"rgba(38, 166, 154, 0.75)",1.9741967872923296,40.926169540485276,1.432901966877655,70.47305457580097,26.134837706515256,True,False,True,False,False,18.994571919906623,0.0,0.0,0.0,0.0,0,1.0124788494077839,0.9100042301184438,False,False,False,False,0.2553983549719007,0.26593663292010683,False,False,False,False,21680.0,7585.177039171829,False,False,False,False,817.7329978137036,False,False,False,False
2025-07-21 14:00:00+00:00,43.55,44.28,43.46,44.24,1625.0,,44.074605293979864,41.74095425020298,40.950426558693785,40.838540001338174,40.498839691852744,40.61069794263941,40.39349675974621,40.28248941298978,40.207045287778236,39.89169413439875,39.445992667499915,37.821351594581124,38.70330387827316,,41.92737238825707,41.59666762035894,40.74487809752198,40.49125484555147,40.61167166260281,40.44265177215599,40.28213205917636,40.26829864639903,40.315069611315465,40.13132394517137,39.64319868610999,39.54568150417493,38.63188228794273,41.59666762035894,39.95491918252762,39.64319868610999,38.70330387827316,40.41995672876725,40.356314086672164,"rgba(38, 166, 154, 0.75)",2.026924284243116,40.976631913339546,1.6100098617541836,71.17706527076366,26.134837706515256,True,False,True,False,False,20.0,0.0,0.0,0.0,0.0,0,1.0077962577962585,0.9038461538461541,False,False,False,False,0.26280256616695896,0.2643695995435329,False,False,False,False,23305.0,7828.895224611026,False,False,False,False,830.24876528946,False,False,False,False
2025-07-21 15:00:00+00:00,44.24,44.27,43.91,43.92,1318.0,,44.06684545886829,41.79620139092061,41.00301668759086,40.88749580480016,40.54217382473961,40.644959910275986,40.425762079950864,40.31173203986869,40.233996882487595,39.917993423588364,39.47330825912725,37.847112935011864,38.72311666121401,,41.98236746514499,41.652772954117964,40.792740017226905,40.53446891787234,40.644971891375675,40.47512054392273,40.313807235708296,40.298986106387154,40.34276703629184,40.157393515279935,39.67009421947047,39.57284704074025,38.66111216722234,41.652772954117964,39.98119230675236,39.67009421947047,38.72311666121401,40.45182425834185,40.392265316212374,"rgba(38, 166, 154, 0.5)",2.0676921286156613,41.01756045732197,1.4037097218246128,68.98336036639687,24.328988712347098,False,False,True,False,False,18.744023381726308,0.0,0.0,0.0,0.0,0,1.017024349979365,0.9047668179942223,False,False,False,False,0.28397835651093895,0.2741739780272359,False,False,False,False,21987.0,8048.400725004653,False,False,False,False,837.810799936135,False,False,False,False
2025-07-21 16:00:00+00:00,43.91,43.975,43.67,43.81,111.0,,44.06297172681741,41.80029738985504,41.00705551391078,40.89127327125086,40.545553129142974,40.64763300549932,40.428292930718534,40.31403293214949,40.236121915047406,39.92007815246231,39.475486128044665,37.84919770094697,38.724711255341674,,41.98639641242602,41.656964215139254,40.796444130720104,40.5378395689618,40.64757074276832,40.47766461913936,40.316297679867866,40.30140025296222,40.34494605010722,40.15945225489948,39.672233410918615,39.57501032103073,38.66346148637282,41.656964215139254,39.98327296219945,39.672233410918615,38.724711255341674,40.45405423470673,40.39505239579337,"rgba(38, 166, 154, 0.5)",2.1045546874417087,41.020541443393036,1.3254388556649128,66.64180971918694,21.929050513760032,False,False,True,False,False,17.98797533354799,0.0,0.0,0.0,0.0,0,1.0246939636977632,0.9088222878851842,False,False,False,False,0.2582612089770149,0.26621759350212537,False,False,False,False,21876.0,8262.782109113108,False,False,False,False,826.542415441001,False,False,False,False
2025-07-21 17:00:00+00:00,43.815,43.94,43.735,43.735,175.0,,44.05674410635966,41.80667370029468,41.01336569996604,40.8971785809472,40.55084237121978,40.65181831616761,40.43225772923673,40.317638837218,40.239453071221604,39.923347735021764,39.478903430206955,37.85247328695423,38.72721583148749,,41.992660848093195,41.66349357692909,40.80223666732715,40.5431153927823,40.65164005413384,40.481649719487095,40.3202000878242,40.30518341553955,40.34836107631482,40.16268002969562,39.67558934711094,39.578404383490444,38.66715025850075,41.66349357692909,39.98653588343152,39.67558934711094,38.72721583148749,40.45753174586936,40.39941268132531,"rgba(38, 166, 154, 0.5)",2.125918455463362,41.02519143173753,1.2746531087768562,64.45364942554689,19.710848584819686,False,False,True,False,False,17.4691214858712,0.0,0.0,0.0,0.0,0,1.0258438818565405,0.9013713080168781,False,False,False,False,0.2596941878686968,0.2629558906854111,False,False,False,False,21701.0,8471.12657253771,False,False,False,False,816.4409826434661,False,False,False,False
2025-07-21 18:00:00+00:00,43.75,43.83,43.56,43.62,242.0,,44.044328071106406,41.81484026369168,41.02163022286211,40.90493257375288,40.55782971856322,40.65734365425786,40.437508907967015,40.32242275660492,40.24387738951093,39.92770497738137,39.483474759357186,37.85689566350972,38.730584367795366,,42.00062014287862,41.67189902889093,40.80985599373472,40.55008585193305,40.6570127370576,40.48692425920356,40.32537616660814,40.31020265091977,40.352890652000774,40.16697104511919,39.68007153875164,39.58294108169117,38.67211039368963,41.67189902889093,39.99088156049459,39.68007153875164,38.730584367795366,40.46179794818159,40.40515088788298,"rgba(38, 166, 154, 0.5)",2.1429544478980938,41.031066934203764,1.208113904770853,61.998140088421316,17.271375568443574,False,True,True,False,False,16.668825902482684,0.0,0.0,0.0,0.0,0,1.0213841778152328,0.9049826187717269,False,False,False,False,0.24612205288502045,0.2545389717852158,False,False,False,False,21459.0,8672.488951258056,False,False,False,False,807.5349208970558,False,False,False,False
2025-07-21 19:00:00+00:00,43.62,43.645,43.42,43.565,5737.0,,43.82781531701193,41.97752897040889,41.194829757686044,41.06896769835422,40.708382908777665,40.777383985364345,40.55250306554457,40.427820680279865,40.341762272899636,40.02471355859542,39.58580599832462,37.9575587454204,38.80710381256703,,42.15661537648054,41.84096051291742,40.97182456973866,40.70032961200158,40.773877635999206,40.60226765819635,40.43908847237279,40.42062993391678,40.452800421395075,40.26213801777546,39.7801773780004,39.684375809173474,38.7839753129908,41.84096051291742,40.08753533940371,39.7801773780004,38.80710381256703,40.55785975163344,40.52838928545835,"rgba(38, 166, 154, 0.5)",2.15650335931554,41.157363546652114,1.1164538385472547,59.86483003390401,15.150730345456765,False,True,True,False,False,16.283273275263305,0.0,0.0,0.0,0.0,0,1.0197049525816655,0.9083245521601688,False,False,False,False,0.23075250216048135,0.24264573697284858,False,False,False,False,15722.0,8781.783696199791,False,False,False,False,883.9607360769464,False,False,False,False
2025-07-22 14:00:00+00:00,42.82,43.935,42.81,43.89,303.0,,43.82150414886827,41.9852823941056,41.203324247593365,41.077071456089755,40.71591777783622,40.78345055257745,40.55834345672491,40.43319870783819,40.34677345628337,40.02969490989813,39.591069613430996,37.962777836007625,38.81107899793983,43.545,42.16399069058013,41.84905222356303,40.97985216493005,40.70785092656422,40.779790872918056,40.60812128533039,40.44487428401627,40.42625581644114,40.45790623092684,40.26701781281581,39.78532271256571,39.68959107790119,38.789742814230834,41.84905222356303,40.09249649165179,39.78532271256571,38.81107899793983,40.56303750424567,40.749597779484546,"rgba(38, 166, 154, 0.5)",2.1738936981396524,41.31937356627219,1.1824986824000034,60.629597960048415,15.150730345456765,False,True,True,False,False,17.735524922474166,0.0,0.0,0.0,0.0,0,1.006092523750517,0.9030359355638171,False,False,False,False,0.215723394988415,0.2291845659806318,False,False,False,False,16025.0,8894.081623390492,False,False,False,False,874.9535928819549,False,False,False,False
2025-07-22 15:00:00+00:00,43.85,44.33,43.725,44.24,205.0,,43.82562153861037,41.99233036668239,41.210386421692284,41.08374673075818,40.72198560769145,40.788359326090514,40.56301164531014,40.43747193279796,40.35074002344996,40.033586381938385,39.59512013624649,37.966652844100764,38.81407862194805,43.7682939632546,42.170917883679216,41.856255376428074,40.986420491323244,40.71390514848495,40.78457498827941,40.61281215375437,40.44947307503377,40.43072391251875,40.46196856622883,40.270867022467044,39.78930708083043,39.693616842314704,38.794090137379236,41.856255376428074,40.096381642443504,39.78930708083043,38.81407862194805,40.56793012133207,40.7702304744269,"rgba(38, 166, 154, 0.5)",2.1957696489731906,41.336163551044244,1.3224686161017305,63.05467062477643,15.150730345456765,False,True,True,False,True,19.2507517938049,0.0,0.0,0.0,0.0,0,1.0297405394318537,0.8930366116295769,False,False,False,False,0.2777433426921265,0.25346395433637914,False,False,False,False,16230.0,9007.816792020096,False,False,False,False,864.5667154729323,False,False,False,False
2025-07-22 16:00:00+00:00,44.24,44.38,43.98,44.115,100.0,,43.82801807966579,41.99584883286496,41.21389020950207,41.08705686662935,40.72499009098804,40.7907918880291,40.56532291693452,40.439586923817316,40.352702821824025,40.03550994172228,39.59711965126608,37.96855979549725,38.815557218651634,43.8324451754386,42.17438366117931,41.85984597747762,40.98967610601908,40.7169028058205,40.78694586554227,40.61513512067388,40.451749007936506,40.432935120043346,40.4639795476101,40.27277127102855,39.791275030892145,39.695604677013876,38.796232158948605,41.85984597747762,40.098302477601024,39.791275030892145,38.815557218651634,40.570381172107105,40.77713439468745,"rgba(38, 166, 154, 0.5)",2.211412623820644,41.34218113484179,1.2538677021602744,63.36990915062665,15.150730345456765,False,True,True,False,True,18.350580220491345,0.0,0.0,0.0,0.0,0,1.0316501075489097,0.8991088804670702,False,False,False,False,0.2925612512449339,0.27301260279065653,False,False,False,False,16130.0,9118.238237105055,False,False,False,False,852.7129679462201,False,False,False,False
2025-07-22 17:00:00+00:00,44.11,44.19,43.955,43.995,0.0,,43.82801807966579,41.99584883286496,41.21389020950207,41.08705686662935,40.72499009098804,40.7907918880291,40.56532291693452,40.439586923817316,40.352702821824025,40.03550994172228,39.59711965126608,37.96855979549725,38.815557218651634,43.8324451754386,42.17438366117931,41.85984597747762,40.98967610601908,40.7169028058205,40.78694586554227,40.61513512067388,40.451749007936506,40.432935120043346,40.4639795476101,40.27277127102855,39.791275030892145,39.695604677013876,38.796232158948605,41.85984597747762,40.098302477601024,39.791275030892145,38.815557218651634,40.570381172107105,40.77713439468745,"rgba(38, 166, 154, 0.5)",2.2213395175552924,41.34218113484179,1.1942428630080757,62.33274969156149,15.150730345456765,False,True,True,False,True,17.485296917070002,0.0,0.0,0.0,0.0,1,1.02977896029472,0.9036021285304957,False,False,False,False,0.2821032158025814,0.27755790929661894,False,False,False,False,16130.0,9226.947721801102,False,False,False,False,839.4926118540307,False,False,False,False
2025-07-22 18:00:00+00:00,44.035,44.06,43.86,44.02,600.0,,43.834314368570055,42.015000563054,41.23347652316213,41.10562438492149,40.741976591809156,40.80454479789558,40.57844317007778,40.451620413381065,40.363887367155215,40.046516131632515,39.60861241492439,37.9796479449107,38.824116099189496,43.90573399558499,42.1930805030144,41.87950312142659,41.00797879539048,40.73385337304335,40.8003526708654,40.62831094853672,40.4646919682889,40.4455149999803,40.475419402885244,40.28363510413664,39.802564938225025,39.70701948324913,38.808622204340296,41.87950312142659,40.109284891324165,39.802564938225025,38.824116099189496,40.58367544389874,40.79544867921196,"rgba(38, 166, 154, 0.5)",2.228673907817815,41.36120021528001,1.19299632637748,61.82038719983795,15.150730345456765,False,True,True,False,True,17.59840611964279,0.0,0.0,0.0,0.0,1,1.0355418592706733,0.9023112480739602,False,False,False,False,0.26832144676708075,0.2729396780318498,False,False,False,False,16730.0,9343.274113711162,False,False,False,False,835.7795481043557,False,False,False,False
2025-07-22 19:00:00+00:00,44.005,44.28,44.005,44.23,922.0,,43.85450513902413,42.046521672505534,41.2651024228132,41.13556836076803,40.76926117668713,40.82671051754749,40.599534297185684,40.47094914060298,40.38184436431213,40.064128082239364,39.626925171282096,37.99714896038977,38.837699967581635,44.020846635367754,42.22407048777449,41.91170153066407,41.03745722630393,40.76107808107008,40.82196516063837,40.64950428475974,40.485471328169645,40.465712012541644,40.49380779973848,40.30106488257021,39.820586205045394,39.72522367521067,38.82824795297501,41.91170153066407,40.12687029907507,39.820586205045394,38.837699967581635,40.60583840561071,40.82476694734497,"rgba(38, 166, 154, 0.5)",2.2370613325087807,41.3923048849229,1.2684923179530028,62.959112035302454,15.150730345456765,False,True,True,False,True,18.549966762027648,0.0,0.0,0.0,0.0,1,1.0340697914515802,0.9047078257278552,False,False,False,False,0.2854127916797656,0.27917623485580767,False,False,False,False,17652.0,9472.091569312539,False,False,False,False,837.1162992965363,False,False,False,False
2025-07-23 14:00:00+00:00,45.85,46.16,45.615,45.66,864.0,45.81166666666667,43.95844438297786,42.09739325795841,41.31050395660448,41.17797571813443,40.806573940847315,40.857273539026316,40.62804655084356,40.49682697376537,40.40573432158364,40.08703139485009,39.6500976357534,38.01779169571191,38.854261430111926,44.53763638387886,42.2759653998549,41.96237175438596,41.0787828482693,40.79828251911216,40.85176142358854,40.67827639260717,40.51330286187751,40.49272883959976,40.518484241431466,40.32411766319829,39.84365398070368,39.74839092081228,38.85211391729133,41.96237175438596,40.14983766962507,39.84365398070368,38.854261430111926,41.01140153320252,40.89113351047223,"rgba(38, 166, 154, 0.5)",2.276194158424852,41.72335360680122,1.7294862033750997,69.10199456808573,14.63768704124783,False,False,True,False,True,20.0,0.0,0.0,0.0,0.0,0,1.0271375835578174,0.9008280953806248,False,False,False,False,0.3428282452771139,0.3110022400664608,False,False,False,False,18516.0,9612.30720389684,False,False,False,False,837.5331008578304,False,False,False,False
2025-07-23 15:00:00+00:00,45.66,46.07,45.48,45.995,400.0,45.82327004219409,44.0037953686484,42.12071021182028,41.331386262012686,41.19750266541236,40.8237871856151,40.871400312760926,40.64123392193269,40.508804784926376,40.41679797635866,40.097640599272324,39.66083041849568,38.02735641695881,38.86194243333598,44.6921086230603,42.29972969676811,41.98560620328849,41.09782012007517,40.81544642705411,40.86553689995358,40.69158284807343,40.52617805759012,40.505229958840054,40.52990973320113,40.3347959323388,39.85433870118702,39.75912137697095,38.86316574189262,41.98560620328849,40.160476436068095,39.85433870118702,38.86194243333598,41.02760418569603,40.915755022878145,"rgba(38, 166, 154, 1.0)",2.319211797219252,41.74943992799459,1.8306047240255767,73.87404186005847,18.92336197206683,True,False,True,False,True,20.0,0.0,0.0,0.0,0.0,0,1.021681021681022,0.9050589050589054,False,False,False,False,0.3325820814199096,0.3217921607431852,False,False,False,False,18916.0,9756.550503061231,False,False,False,False,830.7496419298019,False,False,False,False
2025-07-23 16:00:00+00:00,45.98,46.03,45.67,45.89,551.0,45.83543250688705,44.06329626403408,42.152486003677566,41.359933388969544,41.22422108133014,40.84737707889094,40.89078775853521,40.65934281770331,40.525262795303036,40.432006596562346,40.112228911236635,39.675589800175366,38.04051881908096,38.872518088627416,44.85569412758766,42.33208818795559,42.017282941196825,41.123878490760774,40.83896944940135,40.88444545914384,40.70985371811805,40.54386191572908,40.52240306740734,40.545612534242416,40.34947766253461,39.86903146716606,39.773877170354076,38.87836514741931,42.017282941196825,40.175104932380535,39.86903146716606,38.872518088627416,41.04935727935812,40.946060095644064,"rgba(38, 166, 154, 1.0)",2.3535351462608958,41.782425674866886,1.745278515028294,76.02544276204347,20.746371668234588,True,False,True,False,True,20.0,0.0,0.0,0.0,0.0,0,1.0236348818255911,0.9143235533822333,False,False,False,False,0.33940524780085474,0.33059870427202,False,False,False,False,18365.0,9890.014836347103,False,False,False,False,826.4124381789522,False,False,False,False
2025-07-23 17:00:00+00:00,45.93,46.025,45.805,45.94,686.0,45.859542849526854,44.134556480137014,42.19192856997642,41.39544300638619,41.25748587133369,40.87678750306171,40.91500458289783,40.681971719336495,40.545841043765606,40.45103104541329,40.130477060216556,39.69404471973559,38.05696967668859,38.88575293325744,45.01384582163679,42.37223344794434,42.05660886645044,41.15633153281026,40.86829730282721,40.90806906638053,40.732684240652304,40.56596187436245,40.543868981060356,40.56525304527449,40.3678456549935,39.88740608261958,39.792328901038836,38.89735830988428,42.05660886645044,40.193404001404545,39.88740608261958,38.88575293325744,41.07691693298095,40.980578080566815,"rgba(38, 166, 154, 1.0)",2.398309827154877,41.82152554055922,1.7172403718691076,77.58729643495742,22.15303244588648,True,False,True,False,True,20.0,0.0,0.0,0.0,0.0,0,1.0181632653061228,0.9190816326530618,False,False,False,False,0.34282824530801487,0.33671347479001745,False,False,False,False,19051.0,10032.045614078155,False,False,False,False,824.2355011529219,False,False,False,False
2025-07-23 18:00:00+00:00,45.965,46.015,45.835,45.885,48.0,45.86052438864914,44.13930758234006,42.19464900251909,41.397900620132184,41.25979004005295,40.87882789480348,40.91668640623063,40.683544293885106,40.547271938547794,40.45235444152162,40.13174704658344,39.6953295348714,38.058116483808405,38.88667559478211,45.02305620859158,42.374999755759994,42.0593227004962,41.15858036124795,40.87033203053861,40.90970991521543,40.73427065517974,40.567498079198856,40.545361340059884,40.56661895890993,40.36912365885753,39.888685118836996,39.79361339117431,38.89868124426984,42.0593227004962,40.194677444298556,39.888685118836996,38.88667559478211,41.07876609062338,40.98284667273835,"rgba(38, 166, 154, 1.0)",2.4386947716329392,41.82410231416258,1.6651930914331925,77.99596594618025,22.638882112582138,True,False,True,False,True,20.0,0.0,0.0,0.0,0.0,0,1.0151329243353786,0.922494887525563,False,False,False,False,0.3428282453191998,0.33977086005460866,False,False,False,False,19003.0,10171.130178200974,False,False,False,False,812.2008422203183,False,False,False,False
2025-07-23 19:00:00+00:00,45.885,45.92,45.675,45.755,1525.0,45.831629847815414,44.26801743758236,42.27614078452978,41.47243127683918,41.329838816680216,40.94117157067042,40.968178348088315,40.73180418693737,40.59126057711376,40.49308788112606,40.17091765176409,39.735037530152454,38.093785436460124,38.91533047985171,45.209939286481834,42.45758171803834,42.14079044135227,41.227037029847125,40.932509017980614,40.95996330754943,40.78293439721914,40.614688026531226,40.59122299156781,40.60862149010496,40.40848930993326,39.92818046615849,39.83329367906471,38.939689327214175,42.14079044135227,40.233940980540304,39.92818046615849,38.91533047985171,41.12990227325794,41.045352892074526,"rgba(38, 166, 154, 1.0)",2.4659950844957943,41.89396899017166,1.5657091265523688,76.72255862625006,22.638882112582138,True,False,True,False,True,20.0,0.0,0.0,0.0,0.0,0,1.0072552626200697,0.9277539341917028,False,False,False,False,0.33127430136394026,0.33552258070927443,False,False,False,False,17478.0,10284.414981639718,False,False,False,False,823.2519919533366,False,False,False,False
2025-07-24 14:00:00+00:00,44.975,45.245,44.77,44.99,100.0,45.811745727519565,44.27176456066875,42.28019318930867,41.476359983079526,41.33356353553798,40.94455334388272,40.97097487612549,40.73445213082627,40.593688893905345,40.49534573793259,40.17311215999104,39.73728907309874,38.095876288139735,38.91698826323688,45.20663546954315,42.4616173857868,42.144888530774004,41.230697276767685,40.93588311221668,40.96269426200706,40.785598999947354,40.61728916650854,40.593753744104106,40.61093965858419,40.410678173682214,39.93040856224795,39.83553789003814,38.942056131446265,42.144888530774004,40.23613642991779,39.93040856224795,38.91698826323688,41.13113626880381,41.047762740261014,"rgba(38, 166, 154, 0.5)",2.477061943891301,41.89592322742278,1.2490914004825548,68.94210999393115,24.644814664051594,False,True,True,False,False,18.093980166618522,0.0,0.0,0.0,0.0,0,0.994171440056276,0.9329715606471713,False,False,False,False,0.26142825466124026,0.2984754176852573,False,False,False,False,17378.0,10394.393043939877,False,False,False,False,812.0387827757655,False,False,False,False
2025-07-24 15:00:00+00:00,45.025,45.045,44.63,44.68,300.0,45.74289822679183,44.27950995187552,42.29131627119815,41.48737263125194,41.34403512675297,40.954124948076746,40.9788915142206,40.74197394646924,40.600600534655484,40.50178073412538,40.179388858392805,39.7437546396712,38.101944694765834,38.921779298219825,45.187481829194425,42.47262172402905,42.1561855417677,41.24100707436951,40.94543427074716,40.97042671413927,40.79316287890727,40.62468939645034,40.600956270693224,40.617537051184094,40.41692295246569,39.93679604248446,39.84197696857737,38.948891982711025,42.1561855417677,40.24241176317307,39.93679604248446,38.921779298219825,41.133526526890535,41.05386362126576,"rgba(38, 166, 154, 0.5)",2.4768421991075593,41.90011159487208,1.1223518422487928,61.73875644786973,18.242141890512045,False,True,True,False,False,15.986390805091158,0.0,0.0,0.0,0.0,0,0.9905009499050097,0.938306169383062,False,False,False,False,0.2467395898236314,0.27260750375444437,False,False,False,False,17078.0,10498.014857212127,False,False,False,False,804.1001969962963,False,False,False,False
2025-07-24 16:00:00+00:00,44.675,44.68,44.44,44.47,400.0,45.643357953768295,44.284450827621356,42.30449333156751,41.50081595457959,41.3568714074671,40.96596853523224,40.988692271778014,40.75132986934399,40.609221230702836,40.50982173393749,40.187269365285665,39.75191491341735,38.10971071967204,38.9278778915661,45.14993289548829,42.48553278945717,42.16965208244694,41.25367836905049,40.95725476779333,40.980002152041735,40.802562249122246,40.63391330491193,40.609938276543936,40.62576493783022,40.42473717957851,39.94484000642135,39.85009482766086,38.957584451150296,42.16965208244694,40.25028380855335,39.94484000642135,38.9278778915661,41.13512828613854,41.06039202067838,"rgba(38, 166, 154, 0.5)",2.470144701601012,41.903514748544545,1.0390019863176434,55.68229145176849,13.04362367072924,False,True,True,False,False,14.584453561617952,0.0,0.0,0.0,0.0,0,0.9943684633950122,0.9427795655671763,False,False,False,False,0.22298186935193598,0.24779468655319017,False,False,False,False,16678.0,10593.828580356125,False,False,False,False,797.8350776630203,False,False,False,False
2025-07-24 17:00:00+00:00,44.475,44.75,44.46,44.61,100.0,45.62251574855917,44.286031944648904,42.30787604507985,41.50424283549592,41.360141477158386,40.96898061277955,40.991186875999766,40.75370894321986,40.611412524302345,40.51186521118891,40.18926973522414,39.75398330010114,38.1116724438835,38.92942130491542,45.14228556681682,42.48885536758563,42.173103455601186,41.256904722957266,40.96026087314661,40.98243949210103,40.80495288819062,40.63625772078493,40.612221156006406,40.62785679129116,40.426722495723396,39.9468801485015,39.85215307647262,38.959783179267646,42.173103455601186,40.25228247936968,39.9468801485015,38.92942130491542,41.135879214468346,41.06219120960334,#000000,2.486050473131161,41.90472278518048,1.0881827396739223,52.703041291325775,10.616931174416159,False,True,False,False,False,15.211146821229406,0.0,0.0,0.0,0.0,0,0.9936734283992772,0.9400482024502915,False,False,False,False,0.22681702439014578,0.237305855471668,False,False,False,False,16778.0,10689.707207017269,False,False,False,False,787.0159291721208,False,False,False,False
2025-07-24 18:00:00+00:00,44.61,44.835,44.61,44.735,100.0,45.60486007094993,44.28818358643814,42.31142489644007,41.5077944201972,41.363525599785554,40.97208690859991,40.993760725867936,40.756159087358355,40.613667161578746,40.51396647622275,40.19132258662891,39.756101029759996,38.11366920626488,38.93099648495485,45.13651628724783,42.49235522886038,42.17671477395936,41.260240230713784,40.96336079561041,40.9849541514435,40.807415889464586,40.63867014437707,40.614569932372,40.63000947103979,40.42876286915024,39.94897099800967,39.854261448340104,38.96202688454433,42.17671477395936,40.254334346797265,39.94897099800967,38.93099648495485,41.13696558864624,41.064202078938074,#000000,2.5031870352281023,41.906306713381966,1.1300367279028631,51.666503018591754,9.721128038674891,False,True,False,False,False,15.77090099891548,0.0,0.0,0.0,0.0,0,0.9977924944812363,0.9365843869155129,False,False,False,False,0.23686235235543282,0.2370841039135504,False,False,False,False,16878.0,10785.649730939482,False,False,False,False,776.3645194175142,False,False,False,False
2025-07-24 19:00:00+00:00,44.73,44.81,44.69,44.69,346.0,45.549011070110694,44.29552420968387,42.3236408137843,41.52003539091035,41.375193904059735,40.98280468638376,41.002646872150194,40.76462041584101,40.621455487504775,40.5212264553161,40.19841635234331,39.76341938186243,38.12057219046011,38.93644314024624,45.117886534216346,42.50439867674662,42.1891477379344,41.271742821281784,40.974056732815725,40.99363659917002,40.8159212826892,40.64700200703935,40.62268261926466,40.63744637424355,40.435813108846645,39.95619628217392,39.86154734449321,38.969781133072516,42.1891477379344,40.26142459136486,39.95619628217392,38.93644314024624,41.141072169332624,41.07123280385628,#000000,2.5187961034612436,41.912078577042315,1.1028766556929153,50.62491934529331,8.551588219578328,False,True,False,False,False,15.459794458034342,0.0,0.0,0.0,0.0,0,1.0018119589289312,0.936380108717536,False,False,False,False,0.2392201079009339,0.23815210590724215,False,False,False,False,16532.0,10874.74043278538,False,False,False,False,769.6922012870101,False,False,False,False
2025-07-25 14:00:00+00:00,43.525,43.78,43.525,43.62,400.0,45.417922107674684,44.28320180604633,42.331292299803096,41.529312512298034,41.38423935239692,40.991542607381106,41.00988311008742,40.771685072867676,40.62804731634564,40.52742610804814,40.204626701236236,39.77000501645739,38.127223470428554,38.94154665480783,45.04361132075473,42.51143122159353,42.19727872163755,41.280790835886535,40.982785394477794,41.00071490624289,40.82298692679714,40.65403578153319,40.629547066848566,40.643732965038105,40.44187650421533,39.96262393304004,39.86806636515711,38.977030801240915,42.19727872163755,40.267603910546434,39.96262393304004,38.94154665480783,41.13699672399135,41.072608053175955,"rgba(239, 83, 80, 1.0)",2.518244896820224,41.90809371122304,0.6798013532911651,44.07407853372578,2.256872800885361,False,True,False,True,False,8.514811429123522,0.0,0.0,0.0,0.0,0,0.9988165680473374,0.9351084812623277,False,False,False,False,0.14684630759352174,0.19249920675038196,False,False,False,False,16132.0,10956.248333052272,False,False,False,False,763.9605392515525,False,False,False,False
2025-07-25 15:00:00+00:00,43.62,43.74,43.44,43.44,102.0,45.38557694472588,44.27964731717228,42.33307895563123,41.53155197641406,41.3864310395237,40.993676468173824,41.01165096816915,40.77341739263803,40.629667079306905,40.52895159822338,40.20616001959043,39.77163677190304,38.12888576096796,38.94281816826381,45.02456408345754,42.513050564919425,42.19919265956753,41.28298815392588,40.98491731236581,41.002444572069656,40.82471823272299,40.65576325477492,40.63123359580052,40.64527761656026,40.44336999210739,39.964214203635024,39.86968042974239,38.97883565424326,42.19919265956753,40.2691286529138,39.964214203635024,38.94281816826381,41.13593931862169,41.07287502327805,"rgba(239, 83, 80, 1.0)",2.5142394153776575,41.9070120321417,0.6097223512137291,39.04499879864176,-2.43269047993693,False,True,False,True,False,7.428496810466598,0.0,0.0,0.0,0.0,0,0.9964612208787968,0.9367934729185101,False,False,False,False,0.1416741229591311,0.16708666485475654,False,False,False,False,16030.0,11034.911149594098,False,False,False,False,753.6975851546292,False,False,False,False
2025-07-25 16:00:00+00:00,43.45,43.6,43.42,43.57,0.0,45.38557694472588,44.27964731717228,42.33307895563123,41.53155197641406,41.3864310395237,40.993676468173824,41.01165096816915,40.77341739263803,40.629667079306905,40.52895159822338,40.20616001959043,39.77163677190304,38.12888576096796,38.94281816826381,45.02456408345754,42.513050564919425,42.19919265956753,41.28298815392588,40.98491731236581,41.002444572069656,40.82471823272299,40.65576325477492,40.63123359580052,40.64527761656026,40.44336999210739,39.964214203635024,39.86968042974239,38.97883565424326,42.19919265956753,40.2691286529138,39.964214203635024,38.94281816826381,41.13593931862169,41.07287502327805,"rgba(239, 83, 80, 1.0)",2.5082474733144142,41.9070120321417,0.6630079310558685,36.86419607085452,-4.519014833074785,False,True,False,True,False,8.070086175410832,0.0,0.0,0.0,0.0,0,1.0052418158441303,0.9391751557709429,False,False,False,False,0.1350646583256574,0.15107566159020697,False,False,False,False,16030.0,11112.354387584888,False,False,False,False,742.0123512762628,False,False,False,False
2025-07-25 17:00:00+00:00,43.56,43.7,43.515,43.7,100.0,45.35656260378611,44.27665429909304,42.33496775438342,41.533849949098304,41.38867334475113,40.995845677695925,41.01344908041255,40.77517393214796,40.63130692966774,40.530494470687856,40.20770620379589,39.77327687054634,38.13054406432414,38.94409071732816,45.00755929015376,42.51478475732544,42.20120100570301,41.28523191677861,40.98708428611872,41.004203660696,40.82647484282619,40.65751252170036,40.63294099166108,40.64684177061939,40.44487925010194,39.96581475737629,39.871303827476396,38.98064185011612,42.20120100570301,40.270667018245575,39.96581475737629,38.94409071732816,41.135185421265625,41.07331962347524,"rgba(239, 83, 80, 1.0)",2.4795051126392886,41.90627179214033,0.7234218629823083,36.597348539442734,-5.043383015412616,False,True,False,True,False,8.712330464692027,0.0,0.0,0.0,0.0,0,1.0033660033660035,0.9380259380259383,False,False,False,False,0.14312156417327715,0.14709861288174206,False,False,False,False,16130.0,11190.14734281613,False,False,False,False,732.0586714115145,False,False,False,False
2025-07-25 18:00:00+00:00,43.695,43.865,43.64,43.76,0.0,45.35656260378611,44.27665429909304,42.33496775438342,41.533849949098304,41.38867334475113,40.995845677695925,41.01344908041255,40.77517393214796,40.63130692966774,40.530494470687856,40.20770620379589,39.77327687054634,38.13054406432414,38.94409071732816,45.00755929015376,42.51478475732544,42.20120100570301,41.28523191677861,40.98708428611872,41.004203660696,40.82647484282619,40.65751252170036,40.63294099166108,40.64684177061939,40.44487925010194,39.96581475737629,39.871303827476396,38.98064185011612,42.20120100570301,40.270667018245575,39.96581475737629,38.94409071732816,41.135185421265625,41.07331962347524,"rgba(239, 83, 80, 1.0)",2.4514384855935973,41.90627179214033,0.7561797772016299,36.98770426022784,-5.113175676947456,False,True,False,True,False,9.010550155430952,0.0,0.0,0.0,0.0,0,1.003656487795237,0.9350726356359328,False,False,False,False,0.15513817634027682,0.15111839461100945,False,False,False,False,16130.0,11266.734205718205,False,False,False,False,720.7089245679251,False,False,False,False
2025-07-25 19:00:00+00:00,43.77,43.945,43.725,43.91,1387.0,45.07639897422054,44.25132338330265,42.36497427604077,41.568517125654985,41.422339602874494,41.02806320370895,41.04022229832211,40.80118604104478,40.6555318648267,40.55325243898632,40.23038546945793,39.79717885952597,38.154363774062986,38.962500224999005,44.840700632491185,42.5429373569722,42.23269877016451,41.31880848063183,41.01926205569238,41.03039531136693,40.85251779524634,40.68335360780959,40.65815622494259,40.66996437342187,40.467109477906355,39.98920280159349,39.8949935055574,39.00673557988898,42.23269877016451,40.29325516449711,39.98920280159349,38.962500224999005,41.13615982407344,41.086202569548966,"rgba(239, 83, 80, 1.0)",2.425187590032499,41.90852011566816,0.8252886880000135,38.69502408925021,-5.113175676947456,False,True,False,True,False,9.759298916832428,0.0,0.0,0.0,0.0,0,1.004139562389119,0.9338655627833632,False,False,False,False,0.16199488738796458,0.15655664099948702,False,False,False,False,17517.0,11363.637551365984,False,False,False,False,731.0390187606705,False,False,False,False
2025-07-28 14:00:00+00:00,43.57,43.67,43.32,43.47,0.0,45.07639897422054,44.25132338330265,42.36497427604077,41.568517125654985,41.422339602874494,41.02806320370895,41.04022229832211,40.80118604104478,40.6555318648267,40.55325243898632,40.23038546945793,39.79717885952597,38.154363774062986,38.962500224999005,44.840700632491185,42.5429373569722,42.23269877016451,41.31880848063183,41.01926205569238,41.03039531136693,40.85251779524634,40.68335360780959,40.65815622494259,40.66996437342187,40.467109477906355,39.98920280159349,39.8949935055574,39.00673557988898,42.23269877016451,40.29325516449711,39.98920280159349,38.962500224999005,41.13615982407344,41.086202569548966,"rgba(239, 83, 80, 1.0)",2.3935020838148504,41.90852011566816,0.6523829224510618,37.20659965488285,-5.76496709624152,False,True,False,True,False,6.975232397417372,0.0,0.0,0.0,0.0,0,0.99735734560047,0.9342272682783599,False,False,False,False,0.13382670551616507,0.14519167325782606,False,False,False,False,17517.0,11459.03851956186,False,False,False,False,719.7050804853112,False,False,False,False
2025-07-28 15:00:00+00:00,43.465,43.7,43.43,43.63,0.0,45.07639897422054,44.25132338330265,42.36497427604077,41.568517125654985,41.422339602874494,41.02806320370895,41.04022229832211,40.80118604104478,40.6555318648267,40.55325243898632,40.23038546945793,39.79717885952597,38.154363774062986,38.962500224999005,44.840700632491185,42.5429373569722,42.23269877016451,41.31880848063183,41.01926205569238,41.03039531136693,40.85251779524634,40.68335360780959,40.65815622494259,40.66996437342187,40.467109477906355,39.98920280159349,39.8949935055574,39.00673557988898,42.23269877016451,40.29325516449711,39.98920280159349,38.962500224999005,41.13615982407344,41.086202569548966,"rgba(239, 83, 80, 1.0)",2.359258085015823,41.90852011566816,0.7296700158686947,37.77326777986555,-5.76496709624152,False,True,False,True,False,7.79433697372799,0.0,0.0,0.0,0.0,0,1.0000975990630492,0.9310950614874101,False,False,False,False,0.13960737073716536,0.14239952199749573,False,False,False,False,17517.0,11552.960402979506,False,False,False,False,708.5468621832133,False,False,False,False
2025-07-28 16:00:00+00:00,43.6,43.65,43.485,43.53,0.0,45.07639897422054,44.25132338330265,42.36497427604077,41.568517125654985,41.422339602874494,41.02806320370895,41.04022229832211,40.80118604104478,40.6555318648267,40.55325243898632,40.23038546945793,39.79717885952597,38.154363774062986,38.962500224999005,44.840700632491185,42.5429373569722,42.23269877016451,41.31880848063183,41.01926205569238,41.03039531136693,40.85251779524634,40.68335360780959,40.65815622494259,40.66996437342187,40.467109477906355,39.98920280159349,39.8949935055574,39.00673557988898,42.23269877016451,40.29325516449711,39.98920280159349,38.962500224999005,41.13615982407344,41.086202569548966,"rgba(239, 83, 80, 1.0)",2.3235629347432227,41.90852011566816,0.697842033924091,37.53349927600067,-6.4956828289882935,False,True,False,True,False,7.163373109510406,0.0,0.0,0.0,0.0,0,0.9996080352768253,0.9381675649191578,False,False,False,False,0.13981399235840314,0.14110675717794943,False,False,False,False,17517.0,11645.42613316587,False,False,False,False,697.5616395137062,False,False,False,False
2025-07-28 17:00:00+00:00,43.53,43.54,43.235,43.31,300.0,45.009669217797374,44.23977639814253,42.36919802614231,41.5742787423108,41.42803708237445,41.033727060663665,41.04493534866828,40.805847477855245,40.65991642318223,40.55739833217694,40.234585449602974,39.801682375435384,38.15904209877986,38.966060650206465,44.79560355049633,42.54662671172862,42.23731654055037,41.324554378398666,41.02492300049676,41.03501074587597,40.85716838625973,40.68801990231777,40.6627175977219,40.67414749965464,40.471179096876575,39.99357807905207,39.89944113248915,39.01176708002775,42.23731654055037,40.29742610976941,39.99357807905207,38.966060650206465,41.13458247738132,41.087289550139026,"rgba(239, 83, 80, 1.0)",2.2800497821341197,41.90665149514266,0.6154902914197826,36.07147142566581,-8.407032486845019,False,True,False,True,False,5.781361696083131,0.0,0.0,0.0,0.0,0,0.9907662082514737,0.9452848722986251,False,False,False,False,0.1249663995127456,0.13303657834534752,False,False,False,False,17217.0,11731.807123349345,False,False,False,False,691.3978931646564,False,False,False,False
2025-07-28 18:00:00+00:00,43.315,43.315,43.075,43.09,300.0,44.94038456736172,44.22594138834315,42.372535118813175,41.57935754677029,41.43311044931569,41.038875213537246,41.04922070188945,40.81012549948411,40.66396057888805,40.561234733202625,40.23850404529299,39.80592005367052,38.16353100692855,38.96945223179467,44.747208140184775,42.54937829283488,42.241075180482945,41.329702412116696,41.03007045177535,41.0392094719348,40.861428681549086,40.69231922245218,40.66692392486249,40.67800472397503,40.47495415219784,39.997680724712794,39.90361896158737,39.01655423911374,42.241075180482945,40.301311974262326,39.997680724712794,38.96945223179467,41.13229665252088,41.087723469984276,"rgba(239, 83, 80, 1.0)",2.234703761329843,41.903866051057044,0.5307790542389864,33.92523384111141,-10.847072113257553,False,True,False,True,False,4.418261841492324,0.0,0.0,0.0,0.0,0,0.9839136831780287,0.9483079941147627,False,False,False,False,0.10914798638653618,0.12109228236594186,False,False,False,False,16917.0,11812.19771058424,False,False,False,False,685.3297087745066,False,False,False,False
2025-07-28 19:00:00+00:00,43.085,43.32,42.91,43.305,800.0,44.78036175123926,44.19132974037058,42.3815018824533,41.592898578339515,41.446637342763495,41.052600136321715,41.06066239215765,40.82154632370228,40.674760047389206,40.57148184130371,40.248967746910836,39.8172299029821,38.17550590361002,38.97850914001054,44.63247188956944,42.55681329885481,42.25114713323035,41.343426472407835,41.0437935348212,41.05042147401248,40.87280278391425,40.70379593669992,40.67815381003751,40.68830792211805,40.485037719486364,40.00863244239764,39.91477010466815,39.029322390959784,42.25114713323035,40.31168901422759,40.00863244239764,38.97850914001054,41.128142337825295,41.08992120808413,"rgba(239, 83, 80, 1.0)",2.1923597883199504,41.8985193938943,0.6415373122600088,34.9432653766083,-10.847072113257553,False,True,False,True,False,5.586285105610475,0.0,0.0,0.0,0.0,0,0.9859927514937801,0.94641982564404,False,False,False,False,0.1025905167188329,0.11184139954238738,False,False,False,False,17717.0,11903.745032900762,False,False,False,False,687.1075427469948,False,False,False,False
2025-07-29 14:00:00+00:00,43.22,43.63,43.22,43.32,559.0,44.69739716766297,44.17324782357135,42.38928300966629,41.603470208153546,41.457105665516735,41.06303095861539,41.06937640258946,40.83017233817574,40.6828846345998,40.57917203571556,40.25676028042706,39.82558259377293,38.184192065478676,38.98513234192156,44.5720664463385,42.56363909487937,42.25963493058147,41.35398818920659,41.05421954412239,41.05895874404334,40.88140798113165,40.71243319911801,40.686600563888824,40.696064746095246,40.49258932183762,40.01674834012455,39.92301944439727,39.03865052547527,42.25963493058147,40.31942777712817,40.01674834012455,38.98513234192156,41.12834339470479,41.09357293366001,"rgba(239, 83, 80, 1.0)",2.1495945186465892,41.898367766336996,0.6613490224928937,35.792693695926744,-10.847072113257553,False,True,False,True,False,5.667965873006704,0.0,0.0,0.0,0.0,0,0.9936504835400999,0.937579368955749,False,False,False,False,0.12805491765641966,0.11994815859940353,False,False,False,False,18276.0,12002.539683553463,False,False,False,False,685.121379293553,False,False,False,False
2025-07-29 15:00:00+00:00,43.3,43.38,42.91,43.05,474.0,44.62110715979137,44.15334845064099,42.3939892126614,41.61096418848167,41.46463628398946,41.07076007253176,41.07583961529908,40.83665579319434,40.68903563241711,40.58502146720427,40.262756886347766,39.832087284692676,38.191144558116655,38.99038111076836,44.514311727363854,42.56743130348721,42.264996135739324,41.36165347647981,41.061949293038076,41.065295775197825,40.8878590651227,40.718961426233136,40.6929930199731,40.70193535991145,40.49835344831585,40.023037762151866,39.92942803200462,39.046028108722055,42.264996135739324,40.32537086983317,40.023037762151866,38.99038111076836,41.12698055115264,41.095302423838625,"rgba(239, 83, 80, 1.0)",2.1012600938443713,41.89629028642828,0.5490561196833749,34.59278002105432,-11.034355012406401,False,True,False,True,False,3.9613510182317526,0.0,0.0,0.0,0.0,0,0.9869191721983601,0.9464076532604456,False,False,False,False,0.105048507691503,0.11249833314545327,False,False,False,False,17802.0,12092.453796986742,False,False,False,False,681.8481796145832,False,False,False,False
2025-07-29 16:00:00+00:00,42.99,43.14,42.715,42.86,300.0,44.570344770919604,44.138689017627634,42.39608280414247,41.6150164926931,41.4687694009769,41.0751259937479,41.07949306480248,40.84036649324243,40.69257943657867,40.58840579393019,40.266262783967356,39.83593034711802,38.19534892801434,38.99352871175674,44.4749706649283,42.56889882332482,42.267529867947594,41.36589759807383,41.06631781598296,41.06888045257332,40.89154237652649,40.72271699002809,40.696674748393825,40.70531648872222,40.50169894027643,40.026737756038,39.9332062802096,39.05044521092388,42.267529867947594,40.32883916993827,40.026737756038,38.99352871175674,41.12542457425128,41.09577385813923,"rgba(239, 83, 80, 1.0)",2.0536225957479743,41.89409336036691,0.47034281840928305,32.71302150259261,-13.066251308144153,False,True,False,True,False,2.7797664469927597,0.0,0.0,0.0,0.0,0,0.9966386554621851,0.9489866534849238,False,False,False,False,0.08725483856928434,0.0998765858573688,False,False,False,False,17502.0,12176.322730366792,False,False,False,False,675.9280527988532,False,False,False,False
2025-07-29 17:00:00+00:00,42.845,43.06,42.77,42.87,100.0,44.55403599557378,44.13385925579339,42.39677004205022,41.616356412930124,41.470137062660854,41.07657272193945,41.08070431359503,40.84159744800382,40.693755523233094,40.58952927958577,40.26742713946987,39.8372071492069,38.19674723241018,38.99457544781018,44.46224054316198,42.569377930196204,42.26836340353374,41.36730254381387,41.067765444574256,41.07006899729981,40.8927641180991,40.723963117068436,40.697896496656355,40.706438669959546,40.502809722524546,40.02796683820059,39.934461449616286,39.05191342509782,42.26836340353374,40.32999095858419,40.02796683820059,38.99457544781018,41.124948216018765,41.09595233570018,"rgba(239, 83, 80, 1.0)",1.9960957387357676,41.89340616105095,0.48925200329698526,31.600114589989943,-14.33406479451375,False,True,False,True,False,2.8377601138490185,0.0,0.0,0.0,0.0,0,0.9940851735015774,0.9506111987381707,False,False,False,False,0.08623399308431645,0.09305528947084263,False,False,False,False,17602.0,12260.441757802966,False,False,False,False,666.9989357011965,False,False,False,False
2025-07-29 18:00:00+00:00,42.87,42.935,42.64,42.705,600.0,44.454753428026805,44.102453169251085,42.39971813775222,41.62346715025906,41.477490340275665,41.08454236298505,41.08738143362049,40.84845214983325,40.70033969402134,40.59584025516269,40.27402133479132,39.84449651536566,38.204870416412014,39.000619387113595,44.38350601295098,42.57101867791357,42.272220486065706,41.37491339763617,41.075743418088855,41.076624877153044,40.89955435483121,40.73093091457339,40.70473439002553,40.712719538366635,40.5090648973955,40.034960902777485,39.94161573812278,39.060379601689064,42.272220486065706,40.33650479675232,40.034960902777485,39.000619387113595,41.12131755534788,41.096284800542136,"rgba(239, 83, 80, 1.0)",1.9270970138791146,41.888280389095996,0.4238082488955765,29.88831115385471,-16.13646091886615,False,True,False,True,False,1.7994250545708823,0.0,0.0,0.0,0.0,0,0.9903571779986227,0.9557217357079608,False,False,False,False,0.075831228440693,0.08444325895576782,False,False,False,False,17002.0,12333.95428868974,False,False,False,False,665.9601925120307,False,False,False,False
2025-07-29 19:00:00+00:00,42.705,42.735,42.42,42.565,1195.0,44.26797125529617,44.03586552243519,42.402479987575425,41.6350858624631,41.489793003454125,41.09844890163861,41.099056455943106,40.860640501039725,40.71215173072559,40.607226130306216,40.28607297624478,39.857984096784215,38.22030376044472,39.012004435555546,44.23081621608904,42.57105768914337,42.27685311069054,41.38781670090462,41.08967443284577,41.088100419823895,40.911589916239436,40.743403627938065,40.71699425890035,40.72398495872346,40.5203957784045,40.0478376731984,39.95482068152777,39.076281762807426,42.27685311069054,40.34838341621227,40.0478376731984,39.012004435555546,41.11322032999333,41.095687659088334,"rgba(239, 83, 80, 1.0)",1.8592894191451346,41.87674203239068,0.37017258341940384,27.985078986777218,-18.066358306786043,False,True,False,True,False,0.9225534436145821,0.0,0.0,0.0,0.0,0,0.9840117704757235,0.961255517410496,False,False,False,False,0.05873184775060513,0.07158755335318648,False,False,False,False,15807.0,12387.799958632535,False,False,False,False,674.1623600699837,False,False,False,False
2025-07-30 14:00:00+00:00,42.265,42.32,41.78,41.79,300.0,44.2119291561968,44.013453307860516,42.40073318306372,41.63609075292956,41.49112388322107,41.10047229132386,41.10075784419873,40.862593148973424,40.71412949780543,40.60918349394826,40.288277074974154,39.86059322524013,38.2236205886494,39.014363611333145,44.18379576507454,42.56849716070015,42.275646847840484,41.38936812594351,41.09170993737848,41.0897818462806,40.9134850860122,40.74547342197388,40.71904374295419,40.72586591321475,40.52238141763681,40.050273987993286,39.95734752573098,39.07955892813902,42.275646847840484,40.35053355789585,40.050273987993286,39.014363611333145,41.10909436140844,41.093730693348064,"rgba(239, 83, 80, 1.0)",1.7933328276233456,41.871235800342255,-0.0452987861990546,23.897117357417642,-21.92053202280627,False,True,False,True,False,0.0,0.0,0.0,0.0,0.0,0,0.9713094891925951,0.9650092081031313,False,False,False,False,0.015908614322887937,0.04374808383803721,False,False,False,False,15507.0,12436.15964919637,False,False,False,False,668.3613932471932,False,False,False,False
2025-07-30 15:00:00+00:00,41.815,41.925,41.55,41.655,2950.0,43.72912082161313,43.79205400973108,42.374732635787495,41.6382506645533,41.49701017081005,41.11417914922919,41.11232734665851,40.87709638461018,40.72937212367111,40.62458887776707,40.30641427595333,39.88285932047752,38.253737277903205,39.035387080854804,43.764797228761175,42.53434390157287,42.25502652727489,41.397647892995344,41.105557892286,41.10128115526672,40.92735280751661,40.76130125327503,40.73481249134693,40.74033717479654,40.53823740171495,40.07077575810869,39.97876463099583,39.10859597063294,42.25502652727489,40.368101801758385,40.07077575810869,39.035387080854804,41.06908072425857,41.07277372046747,"rgba(239, 83, 80, 1.0)",1.722195003660024,41.81691546991803,-0.0940169200200467,20.835637574084558,-24.693533588059903,False,True,False,True,False,0.0,0.0,0.0,0.0,0.0,0,0.9655606075263619,0.9760085131082523,False,False,False,False,-0.009423064532451975,0.017162509652792618,False,False,False,False,12557.0,12438.033143007278,False,False,False,False,703.7356352123529,False,False,False,False
2025-07-30 16:00:00+00:00,41.64,41.74,41.56,41.575,0.0,43.72912082161313,43.79205400973108,42.374732635787495,41.6382506645533,41.49701017081005,41.11417914922919,41.11232734665851,40.87709638461018,40.72937212367111,40.62458887776707,40.30641427595333,39.88285932047752,38.253737277903205,39.035387080854804,43.764797228761175,42.53434390157287,42.25502652727489,41.397647892995344,41.105557892286,41.10128115526672,40.92735280751661,40.76130125327503,40.73481249134693,40.74033717479654,40.53823740171495,40.07077575810869,39.97876463099583,39.10859597063294,42.25502652727489,40.368101801758385,40.07077575810869,39.035387080854804,41.06908072425857,41.07277372046747,"rgba(239, 83, 80, 1.0)",1.6456051900265647,41.81691546991803,-0.14700699255458816,18.59351526325154,-26.70565076175299,False,True,False,True,False,0.0,0.0,0.0,0.0,0.0,0,0.964985451018429,0.980989330746848,False,False,False,False,-0.016516703648283414,0.00032290300225460214,False,False,False,False,12557.0,12439.877590402513,False,False,False,False,692.8250052090606,False,False,False,False
2025-07-30 17:00:00+00:00,41.605,41.73,41.585,41.69,740.0,43.633969967346765,43.742055495461095,42.368124931529934,41.63846958745144,41.49815818943009,41.11728758442424,41.114963374656966,40.88047881343693,40.73296340994881,40.628240110871054,40.31075866518379,39.88823539424519,38.261120425589525,39.040528061426414,43.67935451891832,42.52578705620017,42.24971012984256,41.3993900282373,41.108702055320244,41.10390624902251,40.93057487846059,40.76501964814312,40.73852396481972,40.743747603770395,40.54200955362296,40.075710649056454,39.98392785906316,39.11566448240778,42.24971012984256,40.37230311141385,40.075710649056454,39.040528061426414,41.061096715071585,41.06871633406323,"rgba(239, 83, 80, 1.0)",1.5931054918331797,41.80563159147509,-0.07258250760408629,18.87956470366438,-26.70565076175299,False,True,False,True,False,0.0,0.0,0.0,0.0,0.0,0,0.9680819912152272,0.9810639336261595,False,False,False,False,-0.015908622430558038,-0.007792859714151718,False,False,False,False,13297.0,12453.166309931157,False,False,False,False,693.5564004771371,False,False,False,False
2025-07-30 18:00:00+00:00,41.69,41.76,41.07,41.08,0.0,43.633969967346765,43.742055495461095,42.368124931529934,41.63846958745144,41.49815818943009,41.11728758442424,41.114963374656966,40.88047881343693,40.73296340994881,40.628240110871054,40.31075866518379,39.88823539424519,38.261120425589525,39.040528061426414,43.67935451891832,42.52578705620017,42.24971012984256,41.3993900282373,41.108702055320244,41.10390624902251,40.93057487846059,40.76501964814312,40.73852396481972,40.743747603770395,40.54200955362296,40.075710649056454,39.98392785906316,39.11566448240778,42.24971012984256,40.37230311141385,40.075710649056454,39.040528061426414,41.061096715071585,41.06871633406323,"rgba(239, 83, 80, 1.0)",1.5468788453408673,41.80563159147509,-0.46909400413656444,17.31509942980484,-28.03521363031593,False,True,False,True,False,0.0,0.0,0.0,0.0,0.0,0,0.9503676470588238,0.9839396284829726,False,False,False,False,-0.03557840991536733,-0.021685634814759523,False,False,False,False,13297.0,12466.249002800441,False,False,False,False,682.8035880666389,False,False,False,False
2025-07-30 19:00:00+00:00,41.065,41.26,40.95,41.09,957.0,43.49118798084471,43.663990500890215,42.35296768123363,41.63344907542721,41.49473743902804,41.11716307947019,41.11487218918081,40.8816857499052,40.734769956214784,40.630364755397,40.31400116196371,39.892935659027856,38.26903662435848,39.045715402411375,43.55021136339855,42.5077978905735,42.23639286290648,41.39691867569473,41.10863963221147,41.10388300187803,40.93152231668955,40.76678623911182,40.74037304098694,40.745432765736595,40.544407890304626,40.079786257267386,39.98832130164372,39.1227257019974,42.23639286290648,40.37533130556787,40.079786257267386,39.045715402411375,41.04549123252523,41.05879992431435,"rgba(239, 83, 80, 1.0)",1.500043548917692,41.78446525811676,-0.4629633977079042,16.41421745019887,-29.05690491062991,False,True,False,True,False,0.0,0.0,0.0,0.0,0.0,0,0.9479629272060247,0.9931453948638741,False,False,False,False,-0.06076550390356345,-0.04122556935916149,False,False,False,False,14254.0,12493.966072524465,False,False,False,False,687.0546952283964,False,False,False,False
2025-07-31 14:00:00+00:00,41.52,41.815,41.46,41.73,925.0,43.397037523033106,43.608578875747924,42.34514855376663,41.6337606412596,41.496167134102,41.12097334429455,41.1181130658091,40.88584405317728,40.7391902599829,40.63486351574444,40.319357938802035,39.899567045027815,38.27817396109702,39.05208479051579,43.46334389606933,42.49768385976338,42.23010337742135,41.399067046038006,41.11249355467053,41.10711130416143,40.93548343601069,40.77135845518693,40.74493858450039,40.74963313488158,40.549057860493114,40.08587226640159,39.99468933846379,39.13145128955757,42.23010337742135,40.38051117588209,40.08587226640159,39.05208479051579,41.037775764454295,41.05516338597283,"rgba(239, 83, 80, 0.75)",1.44007401586589,41.773007335703234,-0.029864670308197654,23.31181070118236,-31.64835320506723,False,True,False,True,True,0.0,0.0,0.0,0.0,0.0,0,0.949112087072752,0.9842467061294643,False,False,False,False,-0.017530199708230616,-0.029377884533696053,False,False,False,False,15179.0,12535.594505508581,False,False,False,False,690.7437697209795,False,False,False,False
2025-07-31 15:00:00+00:00,41.77,42.055,41.745,41.8,100.0,43.38853971162566,43.603365754873195,42.34455850556569,41.6339853087289,41.496496716037306,41.12153022665321,41.1185866330944,40.88640424474689,40.73976709523054,40.63544042138325,40.32001928359348,39.90036104036243,38.27921645783765,39.05282358021061,43.45541561150007,42.496863024390244,42.229668878394804,41.39946684051529,41.11305454928651,41.107580655127876,40.936024318463446,40.77195865366876,40.74553490263624,40.750182477623675,40.54964692549109,40.08660953327261,39.99545612432568,39.13246448239247,42.229668878394804,40.381154536022514,40.08660953327261,39.05282358021061,41.037221069995944,41.05499478407777,"rgba(239, 83, 80, 0.75)",1.375901751809182,41.77210960251897,0.020270631565340504,28.568439404311583,-26.995004026931102,False,True,False,True,True,0.0,0.0,0.0,0.0,0.0,0,0.9578766796912229,0.9775088154007441,False,False,False,False,0.0037488620968916518,-0.0128145112184022,False,False,False,False,15279.0,12578.127924027827,False,False,False,False,681.5849515857705,False,False,False,False
2025-07-31 16:00:00+00:00,41.8,42.235,41.745,42.125,0.0,43.38853971162566,43.603365754873195,42.34455850556569,41.6339853087289,41.496496716037306,41.12153022665321,41.1185866330944,40.88640424474689,40.73976709523054,40.63544042138325,40.32001928359348,39.90036104036243,38.27921645783765,39.05282358021061,43.45541561150007,42.496863024390244,42.229668878394804,41.39946684051529,41.11305454928651,41.107580655127876,40.936024318463446,40.77195865366876,40.74553490263624,40.750182477623675,40.54964692549109,40.08660953327261,39.99545612432568,39.13246448239247,42.229668878394804,40.381154536022514,40.08660953327261,39.05282358021061,41.037221069995944,41.05499478407777,"rgba(239, 83, 80, 0.75)",1.3051703765074747,41.77210960251897,0.2703787979201138,34.93381430952065,-21.42972777098882,False,True,False,True,True,0.0,0.0,0.0,0.0,0.0,0,0.9642787808192586,0.9701028926422061,False,False,False,False,0.011044350278813618,-0.000885080469794291,False,False,False,False,15279.0,12620.001909701814,False,False,False,False,671.0177430340531,False,False,False,False
2025-07-31 17:00:00+00:00,42.11,42.115,41.65,41.68,0.0,43.38853971162566,43.603365754873195,42.34455850556569,41.6339853087289,41.496496716037306,41.12153022665321,41.1185866330944,40.88640424474689,40.73976709523054,40.63544042138325,40.32001928359348,39.90036104036243,38.27921645783765,39.05282358021061,43.45541561150007,42.496863024390244,42.229668878394804,41.39946684051529,41.11305454928651,41.107580655127876,40.936024318463446,40.77195865366876,40.74553490263624,40.750182477623675,40.54964692549109,40.08660953327261,39.99545612432568,39.13246448239247,42.229668878394804,40.381154536022514,40.08660953327261,39.05282358021061,41.037221069995944,41.05499478407777,"rgba(239, 83, 80, 0.75)",1.2928862257730747,41.77210960251897,-0.07124339379815921,36.34412779779366,-20.41796708385347,False,True,False,True,True,0.0,0.0,0.0,0.0,0.0,0,0.9647607028443843,0.9728181729929142,False,False,False,False,0.0023303655038943863,0.0007226425170500476,False,False,False,False,15279.0,12661.226686295584,False,False,False,False,660.61436717306,False,False,False,False
2025-07-31 18:00:00+00:00,41.71,41.845,41.585,41.605,100.0,43.379095753492734,43.59762178989874,42.34373795037278,41.634028046809995,41.49665832703788,41.12194573585562,41.1189405291032,40.886856292609224,40.74024703542153,40.63592862370231,40.32059960096384,39.90107840724319,38.280203652018514,39.0535125601811,43.44663512690021,42.495799653567175,42.229010527991726,41.39970506577825,41.113474721571826,41.107933121720556,40.93645524207593,40.77245504981077,40.74603052103424,40.75063870592475,40.550151303226095,40.08726825028969,39.996145170117614,39.13340718729174,42.229010527991726,40.381715844724546,40.08726825028969,39.0535125601811,41.03646102176504,41.054650689092895,"rgba(239, 83, 80, 0.75)",1.2889729761846396,41.77095833353489,-0.12875237619498606,36.85736415985643,-19.940644355459195,False,True,False,True,True,0.0,0.0,0.0,0.0,0.0,0,0.9643308387598408,0.9740499562639721,False,False,False,False,-0.011247024024657003,-0.005262190753803478,False,False,False,False,15179.0,12700.261931469297,False,False,False,False,651.9226715579738,False,False,False,False
2025-07-31 19:00:00+00:00,41.6,41.75,41.545,41.74,262.0,43.35484014660788,43.58273389388914,42.341597650207476,41.63413963093624,41.497080388731746,41.12303143487726,41.119865618037096,40.88803821433389,40.741502154178214,40.63720554887997,40.32211768362594,39.90295516621056,38.28278738359118,39.05531597409794,43.42403646976571,42.49302667978645,42.2272930827193,41.40032729013599,41.11457261660125,41.108854523109294,40.937581892937324,40.77375303294632,40.747326547143416,40.751831899866794,40.55147063768373,40.088991506202234,39.99794779716014,39.13587376659443,42.2272930827193,40.38318417249809,40.088991506202234,39.05531597409794,41.03451506344319,41.05377769590374,"rgba(239, 83, 80, 0.5)",1.2944563017414186,41.76799523196895,-0.021627019723485203,38.48564802351876,-18.226253263098307,False,False,False,True,True,0.0,0.0,0.0,0.0,0.0,0,0.9591916051301985,0.9777497085114661,False,False,False,False,-0.016719400079446486,-0.010990795416624982,False,False,False,False,15441.0,12742.753994547293,False,False,False,False,645.8773588206408,False,False,False,False
2025-08-01 14:00:00+00:00,39.21,39.525,38.89,39.375,100.0,43.33268917041128,43.56998327232651,42.33782313967841,41.63186283360062,41.495101467378944,41.12164739110048,41.11869451856337,40.88711271496847,40.74074768231412,40.636563495512824,40.32166603391546,39.902697471351445,38.28307186119807,39.05537050970809,43.40383986214262,42.488850550189426,42.22376904815691,41.39850736375354,41.11320028120219,41.107717369202604,40.936612000015444,40.77292745495655,40.74653957925662,40.75110153482301,40.55089593557596,40.088650327958725,39.9976474580429,39.13592090017333,42.22376904815691,40.38270035412733,40.088650327958725,39.05537050970809,41.031073683002,41.05115569038928,"rgba(239, 83, 80, 1.0)",1.367652331881845,41.76353791796188,-1.746451098924627,31.912881075794303,-18.226253263098307,False,True,False,True,False,0.0,0.0,0.0,0.0,0.0,0,0.9451472896851052,0.9793148028442155,False,False,False,False,-0.21787833652446012,-0.11443456597054255,False,False,False,False,15341.0,12783.03687835276,False,False,False,False,637.4141439552045,False,False,False,False
2025-08-01 15:00:00+00:00,39.385,39.87,39.34,39.775,100.0,43.312921669987254,43.558480103602534,42.33454570504813,41.629972576410275,41.49347862839339,41.12056163717987,41.117776005648395,40.88641504743361,40.74019718975688,40.63610810861308,40.32138461549394,39.902600402455555,38.283471705391506,39.055529419833256,43.385762604061,42.48519960311823,42.22072642416901,41.39702947816864,41.112125047223266,41.106826905511106,40.93587385123686,40.77232038444239,40.74596457148511,40.750567241452586,40.55049938310142,40.088473962765,39.99751015209411,39.136115245094075,42.22072642416901,40.38238897453946,40.088473962765,39.055529419833256,41.02810305823198,41.04892820385163,"rgba(239, 83, 80, 1.0)",1.4216389856100415,41.7596598006793,-1.3960364204753872,30.097962130754034,-12.743213512484445,False,True,False,True,False,0.0,0.0,0.0,0.0,0.0,0,0.9521711190672913,0.9754888460479212,False,False,False,False,-0.18433497167065327,-0.14938476882059792,False,False,False,False,15441.0,12824.245608920934,False,False,False,False,629.0821417233409,False,False,False,False
2025-08-01 16:00:00+00:00,39.775,39.785,39.545,39.55,330.0,43.24856189266882,43.52065877689033,42.323646016295854,41.62364991695278,41.48804164791231,41.11690439450926,41.11468045219207,40.88405273735312,40.73832571941743,40.63455447714902,40.32040845596166,39.90223417618852,38.284756079892674,39.05602298636861,43.326778168735046,42.47306957535544,42.21060021055869,41.39207224598085,41.1085027008653,41.10382516095859,40.93337727003058,40.7702587662615,40.74401025215034,40.74875123225873,40.54914183402352,40.087845347698874,39.997010699588486,39.13671292194017,42.21060021055869,40.381313519426506,40.087845347698874,39.05602298636861,41.018321266410894,41.04156831331473,"rgba(239, 83, 80, 1.0)",1.4805477194438843,41.74688242749583,-1.4838308813990886,28.388696009065015,-14.49543812222462,False,True,False,True,False,0.0,0.0,0.0,0.0,0.0,0,0.9661835748792275,0.9767744332961732,False,False,False,False,-0.17930903204540327,-0.1643469004330006,False,False,False,False,15111.0,12859.699165371772,False,False,False,False,624.4452092935217,False,False,False,False
2025-08-01 17:00:00+00:00,39.57,39.57,39.4,39.405,200.0,43.20887571331344,43.49711315906412,42.31667309533079,41.6195160161259,41.48446528995275,41.114447197592035,41.11259907807077,40.88243424774424,40.73702326622607,40.633458334692364,40.31967494979919,39.90187739863929,38.285435797860686,39.05623358477462,43.290336693200196,42.465336210619014,42.20410418903981,41.38879616609631,41.10606751176272,41.10180519836568,40.9316744972641,40.768829521251966,40.74265119282315,40.74748879007852,40.54817123429874,40.087326444986644,39.99657136643219,39.13695023464134,42.20410418903981,40.38051815882562,40.087326444986644,39.05623358477462,41.01213050922759,41.03686494649003,"rgba(239, 83, 80, 1.0)",1.5222978482345935,41.73881098628607,-1.533084336283195,26.921126569968962,-16.12837868451222,False,True,False,True,False,0.0,0.0,0.0,0.0,0.0,0,0.9635382755092553,0.9781415682262121,False,False,False,False,-0.19441480900813413,-0.17938085472056736,False,False,False,False,14911.0,12891.502279086939,False,False,False,False,617.864663413002,False,False,False,False
2025-08-01 18:00:00+00:00,39.43,39.57,39.29,39.38,160.0,43.17734636484779,43.478264582011185,42.31103170844262,41.616151618550184,41.481549922141,41.11243340460847,41.1108925489113,40.88110126895733,40.73594660864585,40.63254936653457,40.319058432816355,39.90156347348116,38.28595816460331,39.05638306769502,43.26133755629315,42.45908586873509,42.198844599926964,41.386122376182925,41.104071465947364,41.100148646190384,40.930273587371886,40.767649180286234,40.74152798974798,40.746445421456684,40.54736398731455,40.08688228332619,39.99619107389069,39.13711328530204,42.198844599926964,40.37985185567912,40.08688228332619,39.05638306769502,41.00715932373187,41.033075522998,"rgba(239, 83, 80, 1.0)",1.5697959872041882,41.732328751889625,-1.4984932889777147,25.882086616461503,-17.44737195133228,False,True,False,True,False,0.0,0.0,0.0,0.0,0.0,0,0.9626768428890546,0.9784065524944161,False,False,False,False,-0.20465896171879186,-0.19201990821967962,False,False,False,False,14751.0,12920.331701116598,False,False,False,False,610.7659864608623,False,False,False,False
2025-08-01 19:00:00+00:00,39.36,39.625,39.24,39.615,396.0,43.1031300978447,43.43325765786321,42.297545987430496,41.608169507350965,41.47464730017623,41.10770341981857,41.10688194596626,40.87799177676559,40.733450122691394,40.630452718121255,40.31767061241928,39.90091526828259,38.287340539337144,39.05683529785861,43.19285040008568,42.444129257245216,42.18628339957557,41.379802866023674,41.09938423609121,41.09625641009956,40.92699969698365,40.764908701216655,40.738923157863304,40.74402463396231,40.54551157729983,40.08591576612881,39.995380874301375,39.13763264827743,42.18628339957557,40.378342868523255,40.08591576612881,39.05683529785861,40.99542801799473,41.02414311608245,"rgba(239, 83, 80, 1.0)",1.6098832759436599,41.7169830941666,-1.3056742222099837,27.075831289501117,-17.44737195133228,False,True,False,True,False,0.0,0.0,0.0,0.0,0.0,0,0.9575824785140009,0.9761574715830336,False,False,False,False,-0.2044455613521582,-0.1982327347859189,False,False,False,False,15147.0,12954.853690246573,False,False,False,False,607.4362812444148,False,False,False,False
