date,Close,High,Low,Open,Volume,aVWAP_peak_166,aVWAP_peak_152,aVWAP_peak_127,aVWAP_peak_118,aVWAP_peak_102,aVWAP_peak_90,aVWAP_peak_83,aVWAP_peak_67,aVWAP_peak_57,aVWAP_peak_50,aVWAP_peak_37,aVWAP_peak_31,aVWAP_peak_23,aVWAP_peak_11,aVWAP_valley_171,aVWAP_valley_155,aVWAP_valley_148,aVWAP_valley_120,aVWAP_valley_113,aVWAP_valley_107,aVWAP_valley_95,aVWAP_valley_72,aVWAP_valley_63,aVWAP_valley_42,aVWAP_valley_25,aVWAP_valley_19,aVWAP_valley_8,aVWAP_OB_bull_171,aVWAP_OB_bull_129,aVWAP_OB_bull_107,aVWAP_OB_bear_83,aVWAP_OB_bear_37,Peaks_Valleys_avg,Peaks_avg,Valleys_avg,color,StDev,StDev_Mean,StdDev_ZScore,QQEMOD,QQE1_Value,QQE1_Above_Upper,QQE1_Below_Lower,QQE2_Above_Threshold,QQE2_Below_Threshold,QQE2_Above_TL,banker_RSI,SMA_50,SMA_200,OB,OB_High,OB_Low,OB_Mitigated_Index,TTM_squeeze_Active,VI_plus,VI_minus,VI_Regular_Bullish,VI_Regular_Bearish,VI_Hidden_Bullish,VI_Hidden_Bearish,Fisher,Fisher_Signal,Fisher_Regular_Bullish,Fisher_Regular_Bearish,Fisher_Hidden_Bullish,Fisher_Hidden_Bearish,OBV,OBV_Smoothed,OBV_Regular_Bullish,OBV_Regular_Bearish,OBV_Hidden_Bullish,OBV_Hidden_Bearish,Volume_MA,Vol_Regular_Bullish,Vol_Regular_Bearish,Vol_Hidden_Bullish,Vol_Hidden_Bearish
2021-12-31 00:00:00+00:00,6.4870222567,6.6754576132,6.4324375408,6.4324375408,286842,,,,,,,,,,,,,,,,,,,,,,,,,,,,,,,,,,,,#000000,,,,,,False,False,False,False,False,,,,0.0,0.0,0.0,0.0,0,,,False,False,False,False,,,False,False,False,False,0,0.0,False,False,False,False,286842.0,False,False,False,False
2022-01-07 00:00:00+00:00,6.2876575065,6.5023580067,6.1343000063,6.5023580067,628827,,,,,,,,,,,,,,,,,,,,,,,,,,,,,,,,,,,,#000000,,,,0.0,,False,False,False,True,False,,,,0.0,0.0,0.0,0.0,0,,,False,False,False,False,,,False,False,False,False,-628827,-46579.777777777774,False,False,False,False,312174.2222222222,False,False,False,False
2022-01-14 00:00:00+00:00,6.4429319754,6.5045868268,6.2723217564,6.3336647565,772031,,,,,,,,,,,,,,,,,,,,,,,,,,,,,,,,,,,,#000000,,,,12.996737444246543,-82.49184361061636,False,False,False,True,True,,,,0.0,0.0,0.0,0.0,0,,,False,False,False,False,,,False,False,False,False,143204,-32521.720164609054,False,False,False,False,346237.68724279833,False,False,False,False
2022-01-21 00:00:00+00:00,6.4660525447,6.543121109,6.4043976932,6.4043976932,870162,,,,,,,,,,,,,,,,,,,,,,,,,,,,,,,,,,,,#000000,,,,23.333919431265493,-72.00921718453027,False,False,False,True,True,,,,0.0,0.0,0.0,0.0,0,,,False,False,False,False,,,False,False,False,False,1013366,44951.44429202865,False,False,False,False,385046.89559518365,False,False,False,False
2022-01-28 00:00:00+00:00,6.4583456882,6.5122936832,6.2810879903,6.4506388318,473985,,,,,,,,,,,,,,,,,,,,,,,,,,,,,,,,,,,,#000000,,,,30.386105952626266,-64.52285470527383,False,False,False,True,True,,,,0.0,0.0,0.0,0.0,0,,,False,False,False,False,,,False,False,False,False,539381,81575.85582595246,False,False,False,False,391634.90332887374,False,False,False,False
2022-02-04 00:00:00+00:00,6.4198114061,6.5354142525,6.3812771239,6.4660525447,228644,,,,,,,,,,,,,,,,,,,,,,,,,,,,,,,,,,,,#000000,,,,33.88390124278281,-60.18222661700416,False,False,False,True,True,,,,0.0,0.0,0.0,0.0,0,,,False,False,False,False,,,False,False,False,False,310737,98550.75539440042,False,False,False,False,379561.50308229047,False,False,False,False
2022-02-11 00:00:00+00:00,6.2733811339,6.4675939159,6.2425537082,6.4352251189,251639,,,,,,,,,,,,,,,,,,,,,,,,,,,,,,,,,,,,#000000,,,,32.56282753639353,-60.18222661700416,False,False,False,True,True,,,,0.0,0.0,0.0,0.0,0,,,False,False,False,False,,,False,False,False,False,59098,95628.32906888929,False,False,False,False,370085.7621132319,False,False,False,False
2022-02-18 00:00:00+00:00,6.1903895743,6.3427428418,6.1516512166,6.2733811339,256069,,,,,,,,,,,,,,,,,,,,,,,,,,,,,,,,,,,,#000000,,,,30.281852778491277,-60.18222661700416,False,False,False,True,True,,,,0.0,0.0,0.0,0.0,0,,,False,False,False,False,,,False,False,False,False,-196971,73954.30469341601,False,False,False,False,361640.0760307702,False,False,False,False
2022-02-25 00:00:00+00:00,6.143903545,6.1826419028,5.9540855918,6.1826419028,242284,,,,,,,,,,,,,,,,,,,,,,,,,,,6.0935436798666665,,,,,,6.0935436798666665,,6.0935436798666665,#000000,,6.0935436798666665,,28.037436434107565,-60.18222661700416,False,False,False,True,True,,,,0.0,0.0,0.0,0.0,0,,,False,False,False,False,,,False,False,False,False,-439255,35938.800642051865,False,False,False,False,352798.88521367614,False,False,False,False
2022-03-04 00:00:00+00:00,6.3066046477,6.3763336917,5.9657070992,6.2058849175,244071,,,,,,,,,,,,,,,,,,,,,,,,,,,6.155104777129866,,,,,,6.155104777129866,,6.155104777129866,#000000,,6.155104777129866,,31.91451478286759,-56.009368720648204,False,False,False,True,True,,,,0.0,0.0,0.0,0.0,0,,,False,False,False,False,,,False,False,False,False,-195184,18818.59318708506,False,False,False,False,344744.96779044083,False,False,False,False
2022-03-11 00:00:00+00:00,6.3143523193,6.3763336917,6.1981372459,6.3298476624,175654,,,,,,,,,,,,,,,,,,,,,,,,,,,6.192561990350836,,,,,,6.192561990350836,,6.192561990350836,#000000,,6.192561990350836,,34.8917034399152,-51.3069032923901,False,False,False,True,True,,,,0.0,0.0,0.0,0.0,0,,,False,False,False,False,,,False,False,False,False,-19530,15977.95665470839,False,False,False,False,332219.7109170749,False,False,False,False
2022-03-18 00:00:00+00:00,6.2853803586,6.4645175931,6.2152831799,6.3530906771,199291,,,,,,,,,,,,,,6.321727043866667,,,,,,,,,,,,,6.2224487112149065,,,,,,6.272087877540787,6.321727043866667,6.2224487112149065,#000000,,6.272087877540787,,36.44322829188331,-47.95370919761369,False,False,False,True,True,,,,0.0,0.0,0.0,0.0,0,,,False,False,False,False,,,False,False,False,False,-218821,-1414.558653047785,False,False,False,False,322373.1397380323,False,False,False,False
2022-03-25 00:00:00+00:00,6.1919174537,6.3864760675,6.1685517274,6.2853803586,243708,,,,,,,,,,,,,,6.281707517431194,,,,,,,,,,,,,6.22830053645283,,,,,,6.255004026942012,6.281707517431194,6.22830053645283,#000000,,6.255004026942012,,35.92555588897261,-46.582836647760075,False,False,False,True,True,,,,0.0,0.0,0.0,0.0,0,,,False,False,False,False,,,False,False,False,False,-462529,-35571.18393800721,False,False,False,False,316546.0923500299,False,False,False,False
2022-04-01 00:00:00+00:00,6.3476889619,6.4099975652,6.1997060291,6.2230717553,321427,,,,,,,,,,,,,,6.2974433377485,,,,,,,,,,,,,6.248767866444599,,,,,,6.27310560209655,6.2974433377485,6.248767866444599,#000000,,6.27310560209655,,39.315229139072585,-41.42467529067831,False,False,False,True,True,,,,0.0,0.0,0.0,0.0,0,,,False,False,False,False,,,False,False,False,False,-141102,-43388.28142408075,False,False,False,False,316907.6410648425,False,False,False,False
2022-04-08 00:00:00+00:00,6.3087460849,6.4333632915,6.2698032078,6.4022089898,261362,,,,,,,,,,,,,,6.307599542834999,,,,,,,,,,,,,6.262478064906973,,,,,,6.285038803870986,6.307599542834999,6.262478064906973,#000000,,6.285038803870986,,41.03789881119838,-37.96190440262411,False,False,False,True,True,,,,0.0,0.0,0.0,0.0,0,,,False,False,False,False,,,False,False,False,False,-402464,-69986.48280007477,False,False,False,False,312793.14913411345,False,False,False,False
2022-04-15 00:00:00+00:00,6.2795389271,6.3399003865,6.2386489062,6.2698032078,176030,,,,,,,,,,,,,,6.304440170050229,,,,,,,,,,,,,6.264702382227316,,,,,,6.284571276138772,6.304440170050229,6.264702382227316,#000000,,6.284571276138772,,41.75680847980459,-35.496923187858634,False,False,False,True,True,,,,0.0,0.0,0.0,0.0,0,,,False,False,False,False,,,False,False,False,False,-578494,-107653.70629636552,False,False,False,False,302662.5454945495,False,False,False,False
2022-04-22 00:00:00+00:00,6.1777508896,6.3578374174,6.1464314935,6.2873687761,261256,,,,,,,,,,,,,,6.29067265084056,,,,,,,,,,,,,6.26010907274025,,,,,,6.275390861790405,6.29067265084056,6.26010907274025,#000000,,6.275390861790405,,40.671317402629896,-34.8791014734809,False,False,False,True,True,,,,0.0,0.0,0.0,0.0,0,,,False,False,False,False,,,False,False,False,False,-839750,-161883.06138552362,False,False,False,False,299595.3939764347,False,False,False,False
2022-04-29 00:00:00+00:00,5.9663449656,6.1620911915,5.9585151166,6.1620911915,237259,,,,,,,,,,,,,,6.2541574240878095,,,,,,,,,,,,,6.236896277525298,,,,,,6.245526850806554,6.2541574240878095,6.236896277525298,#000000,,6.245526850806554,,37.48449846744207,-34.8791014734809,False,False,False,True,True,,,,0.0,0.0,0.0,0.0,0,,,False,False,False,False,,,False,False,False,False,-1077009,-229670.1679495589,False,False,False,False,294977.88331151364,False,False,False,False
2022-05-06 00:00:00+00:00,5.8723867772,5.9741748147,5.8058330604,5.9741748147,222102,,,,,,,,,,,,,,6.211407741255166,,,,,,,,,,,,,6.206580375403779,,,,,,6.2089940583294725,6.211407741255166,6.206580375403779,#000000,,6.2089940583294725,,34.40071738946311,-34.8791014734809,False,False,False,True,True,,,,0.0,0.0,0.0,0.0,0,,,False,False,False,False,,,False,False,False,False,-1299111,-308888.0073607027,False,False,False,False,289579.669732883,False,False,False,False
2022-05-13 00:00:00+00:00,5.7412368058,5.9350255695,5.6453211551,5.833237532,328501,,,,,,,,,,,,,,6.1475523122380435,,,,,,,,,,,,5.773861176799999,6.15778141440021,,,,,,6.0263983011460835,6.1475523122380435,5.965821295600104,#000000,,6.0263983011460835,,31.242802625489176,-34.8791014734809,False,False,False,True,True,,,,0.0,0.0,0.0,0.0,1,,,False,False,False,False,,,False,False,False,False,-1627612,-406571.2660747247,False,False,False,False,292462.73123415094,False,False,False,False
2022-05-20 00:00:00+00:00,5.7254858132,5.772738791,5.6782328354,5.7569877984,193248,,,,,,,,,,,,,,6.114181867620902,,,,,,,,,,,,5.755943668065008,6.130886672077136,,,,,,6.000337402587682,6.114181867620902,5.943415170071072,#000000,,6.000337402587682,,28.88133587758397,-34.8791014734809,False,False,False,True,True,,,,0.0,0.0,0.0,0.0,0,,,False,False,False,False,,,False,False,False,False,-1820860,-511333.39451363403,False,False,False,False,285113.4918834731,False,False,False,False
2022-05-27 00:00:00+00:00,6.135011621,6.15863811,5.7176103169,5.7254858132,176121,,,,,,,,,,,,,,6.1067595327876685,,,,,,,,,,,,5.818483236851154,6.124065006648163,,,,,,6.016435925428996,6.1067595327876685,5.9712741217496585,#000000,,6.016435925428996,,33.93857167090816,-34.8791014734809,False,False,False,True,True,,,,0.0,0.0,0.0,0.0,0,,,False,False,False,False,,,False,False,False,False,-1644739,-595289.3652904019,False,False,False,False,277039.97396617883,False,False,False,False
2022-06-03 00:00:00+00:00,6.1822645989,6.2925215471,6.1035096358,6.2058910878,163104,,,,,,,,,,,,,,6.111799352026991,,,,,,,,,,,,5.889387695291865,6.127317235033967,,,,,,6.042834760784274,6.111799352026991,6.0083524651629165,#000000,,6.042834760784274,,38.10800785524242,-30.44780689563956,False,False,False,True,True,,,,0.0,0.0,0.0,0.0,0,,,False,False,False,False,,,False,False,False,False,-1481635,-660944.5974911128,False,False,False,False,268600.27219090634,False,False,False,False
2022-06-10 00:00:00+00:00,6.135011621,6.326858711,6.0426320494,6.2216420804,188401,,,,,,,,,,,,,6.168167460466668,6.115372867156876,,,,,,,,,,,,5.939438808133984,6.129435178531358,,,,,,6.0881035785722215,6.141770163811772,6.034436993332671,#000000,,6.0881035785722215,,40.56427538389753,-27.239033412924584,False,False,False,True,True,,,,0.0,0.0,0.0,0.0,1,,,False,False,False,False,,,False,False,False,False,-1670036,-735692.1087880674,False,False,False,False,262659.58536195033,False,False,False,False
2022-06-17 00:00:00+00:00,5.5931499386,5.9814394431,5.5773053212,5.9617507024,244095,,,,,,,,,,,,,5.913702855565923,6.085158035715275,,,,,,,,,,,,5.897517926033892,6.103493250112585,,,,,,5.9999680168569185,5.9994304456405985,6.0005055880732385,#000000,,5.9999680168569185,,38.09915167281526,-27.239033412924584,False,False,False,True,True,,,,0.0,0.0,0.0,0.0,0,,,False,False,False,False,,,False,False,False,False,-1914131,-822983.8785074698,False,False,False,False,261284.43089069473,False,False,False,False
2022-06-24 00:00:00+00:00,5.8466638168,5.8862753603,5.5614607038,5.5852276299,187515,,,,,,,,,,,,,5.868668934545506,6.067507571032252,,,,,,,,,,,5.7647999602999995,5.8807138332547,6.087871264772488,,,,,,5.933912312780989,5.9680882527888794,5.911128352775729,#000000,,5.895422574783114,,38.99908016368701,-27.239033412924584,False,False,False,True,True,,,,0.0,0.0,0.0,0.0,1,,,False,False,False,False,-0.34282825441539394,-0.34282825441539394,False,False,False,False,-1726616,-889919.5912106201,False,False,False,False,255820.02860249512,False,False,False,False
2022-07-01 00:00:00+00:00,6.0684884603,6.0843330777,5.8191734057,5.8545861255,177367,,,,,,,,,,,,,5.8958054655419465,6.063701329659932,,,,,,,,,,,5.874591622173928,5.892473523153784,6.083807626810048,,,,,,5.9620759134679275,5.979753397600939,5.9502909240459205,#000000,,5.931642985132398,,41.55024464442847,-24.06111342802668,False,False,False,True,True,,,,0.0,0.0,0.0,0.0,1,0.893780206940603,1.0638840861491186,False,False,False,False,-0.13016212072665828,-0.2364951875710261,False,False,False,False,-1549249,-938758.8066765001,False,False,False,False,250008.69315045845,False,False,False,False
2022-07-08 00:00:00+00:00,5.9179645951,6.1239446212,5.8387415082,6.076410769,106510,,,,,,,,,,,,,5.903395413360657,6.060712114054775,,,,,,,,,,,5.893938469831687,5.896561858637082,6.0807810180952995,,,,,,5.967077774795901,5.982053763707716,5.957093782188022,#000000,,5.938651963971051,,42.327055025107065,-22.543965132282118,False,False,False,True,True,,,,0.0,0.0,0.0,0.0,1,0.942984662142155,1.0308451322272612,False,False,False,False,-0.10375994651034112,-0.1701275670406836,False,False,False,False,-1655759,-991869.9321078705,False,False,False,False,239379.16032449857,False,False,False,False
2022-07-15 00:00:00+00:00,5.8961782462,5.9892653734,5.8387415082,5.9417315212,122412,,,,,,,,,,,,,5.90395198611175,6.055807214139605,,,,,,,,,,,5.896849959120602,5.8973077597173,6.0760528764655435,,,,,,5.96599395911096,5.9798796001256775,5.956736865101148,#000000,,5.938479229772314,,42.73392567148119,-21.360164318199992,False,False,False,True,True,,,,0.0,0.0,0.0,0.0,1,0.9199574430172188,1.0533473773987878,False,False,False,False,-0.16411431351152006,-0.16712094027610183,False,False,False,False,-1778171,-1050114.4556554356,False,False,False,False,230714.9262263876,False,False,False,False
2022-07-22 00:00:00+00:00,5.8324357787,5.9758563306,5.7925967365,5.92804948,136440,,,,,,,,,,,,,5.899611562390107,6.049277832813603,,,,,,,,,,,5.891265820510178,5.8952618945264454,6.06986206665434,,,,,,5.961055835378935,5.9744446976018555,5.952129927230321,#000000,,5.9338542775600835,,42.58226926764191,-20.70505711588402,False,False,False,True,True,,,,0.0,0.0,0.0,0.0,1,0.891971208422628,1.0612898847015149,False,False,False,False,-0.18808932907814968,-0.17760513467712574,False,False,False,False,-1914611,-1114151.236717996,False,False,False,False,223731.59835776628,False,False,False,False
2022-07-29 00:00:00+00:00,6.0953734572,6.0953734572,5.803512634,5.856339204,180002,,,,,,,,,,,,,5.912812675205293,6.047044628215642,,,,,,,,,,,5.912389713231002,5.9036607252008535,6.067163797873664,,,,,,5.968614307945291,5.979928651710468,5.96107141210184,#000000,,5.943976935463198,,44.707002184684896,-17.871227669536623,False,False,False,True,True,,,,0.0,0.0,0.0,0.0,1,0.914311851351073,1.03684115078903,False,False,False,False,-0.12799320799833425,-0.15279917133773,False,False,False,False,-1734609,-1160111.0710351814,False,False,False,False,220492.3688497836,False,False,False,False
2022-08-05 00:00:00+00:00,6.2228583923,6.398150178,6.0714700319,6.0714700319,239405,,,,,,,,,,,,6.230826200733334,5.9609333795892985,6.057123121623721,,,,,,,,,,,5.978701391549462,5.935720148647278,6.07495715262027,,,,,,6.0397102324605605,6.082960900648785,5.996459564272338,#000000,,6.026545280129843,,47.161986911667185,-14.811063048090276,False,False,False,False,True,,,,0.0,0.0,0.0,0.0,1,0.9425098412414354,0.9926623088548489,False,False,False,False,0.20716363385522618,0.027182231258748094,False,False,False,False,-1495204,-1184932.7694770198,False,False,False,False,221893.30449054038,False,False,False,False
2022-08-12 00:00:00+00:00,6.3603030879,6.368153336,6.1989549669,6.2467618176,163854,,,,,,,,,,,,6.262645847778421,5.99361066749663,6.0662398726734565,,,,,,,,,,,6.019921803753275,5.9591902111167165,6.0823484508486105,,,,,,6.063992808944518,6.107498795982836,6.0204868219062,#000000,,6.0588421325362605,,49.85591071468632,-11.614043440728494,False,False,False,False,True,,,,0.0,0.0,0.0,0.0,0,0.9834871596852955,0.9867052450048339,False,False,False,False,0.2644702370992981,0.1458262341790231,False,False,False,False,-1331350,-1195778.4902564997,False,False,False,False,217594.09675050035,False,False,False,False
2022-08-19 00:00:00+00:00,6.2641776004,6.392344917,6.220921131,6.3603030879,116581,,,,,,,,,,,,6.2693368239983815,6.012317294872292,6.071916905207935,,,,,,,,,,,6.042140921243187,5.97345663290347,6.086963652037317,,,,,,6.076022038377097,6.117857008026203,6.0341870687279915,#000000,,6.074312918254333,,50.969101197272046,-9.997329803780978,False,False,False,False,True,,,,0.0,0.0,0.0,0.0,0,1.001076352048821,0.9633708882346163,False,False,False,False,0.2906552434854474,0.21824073883223527,False,False,False,False,-1447931,-1214456.4539412034,False,False,False,False,210111.6451393522,False,False,False,False
2022-08-26 00:00:00+00:00,6.1840730275,6.3042298868,6.1440207411,6.2241253139,155626,,,,,,,,,,,,6.255844194949479,6.027620528764255,6.076417443278451,,,,,,,,,,,6.0586910749842415,5.9862841785210055,6.090490283451413,,,,,,6.082557950658142,6.119960722330728,6.045155178985553,#000000,,6.082109994304746,,51.10590195119701,-9.311149941636586,False,False,False,False,True,,,,0.0,0.0,0.0,0.0,0,1.021400178038369,0.9527695646087008,False,False,False,False,0.19855533172756,0.20839803527989764,False,False,False,False,-1603557,-1243278.7166122254,False,False,False,False,206075.6714253261,False,False,False,False
2022-09-02 00:00:00+00:00,6.3042298868,6.4804599472,6.1279998265,6.1279998265,245496,,,,,,,,,,,,6.268742114532175,6.0576184838716935,6.0874984402053975,,,,,,,,,,,6.091608578705121,6.011264160332842,6.09968122694007,,,,,,6.10273550076455,6.1379530128697555,6.067517988659344,#000000,,6.107308334360458,,52.09770457799499,-7.790201705435599,False,False,False,False,True,,,,0.0,0.0,0.0,0.0,0,1.017186132971045,0.9551185453378396,False,False,False,False,0.2879110929732475,0.24815456412657258,False,False,False,False,-1358061,-1251781.1079742827,False,False,False,False,208995.6957641908,False,False,False,False
2022-09-09 00:00:00+00:00,6.4484181181,6.4484181181,6.1680521129,6.2721880577,139849,,,,,,,,,,,,6.28010877105178,6.074919247738126,6.094709717419332,,,,,,,,,,,6.110293894310451,6.025987858034236,6.105785013458773,,,,,,6.11530075033545,6.149912578736412,6.0806889219344855,#000000,,6.122827442783649,,53.7992855948751,-5.6220502575383335,False,False,False,False,True,,,,0.0,0.0,0.0,0.0,0,0.9866925282184351,0.9608717943330172,False,False,False,False,0.2924870434310309,0.27032080377880174,False,False,False,False,-1218212,-1249294.507383595,False,True,False,False,203873.7183001767,False,True,False,False
2022-09-16 00:00:00+00:00,6.2822011293,6.4884704045,6.1774977771,6.4804599472,268747,,,,,,,,,,,6.316056436966667,6.287374965810962,6.0991698544041455,6.105613207110257,,,,,,,,,,,6.134982691210194,6.048050981466598,6.11502208752029,,,,,6.316056436966667,6.1580386034984445,6.202053616073008,6.099351920065694,#000000,,6.209395987097992,,53.58233677530976,-5.346437106732189,False,False,False,False,True,,,,-1.0,6.4884706,6.177498,133.0,0,0.9856224336619334,0.9687352698697919,False,False,False,False,0.3210368474398141,0.2956788256093079,False,False,False,False,-1486959,-1266899.2846144398,False,False,False,False,208679.14657423767,False,False,False,False
2022-09-23 00:00:00+00:00,5.7264679525,6.3788503774,5.6861974324,6.2499847132,254579,,,,,,,,,,,6.128499857352787,6.230024159449097,6.08449946137429,6.0978064541812635,,,,,,,,,,,6.114113537811507,6.04015081381826,6.107650473966292,,,,,6.128499857352787,6.114677822564785,6.135207483089359,6.087304941865352,#000000,,6.13928425399692,,49.84699636486801,-5.346437106732189,False,False,False,False,True,,,,0.0,0.0,0.0,0.0,1,0.9222074830133067,0.9754601458381589,False,False,False,False,-0.005469378975089365,0.14510472331710927,False,False,False,False,-1741538,-1302057.707976333,False,False,False,False,212079.13571688675,False,False,False,False
2022-09-30 00:00:00+00:00,5.0982478395,5.6942515364,5.0982478395,5.6700892244,920298,,,,,,,,,,,5.598372066845939,5.887137315265363,5.896098531283359,5.986646124778899,,,,,,,,,,,5.893868806212433,5.894871328649683,6.005338806362259,,,,,5.598372066845939,5.880333282771133,5.84206350954339,5.9313596470747925,#000000,,5.818869179901773,,44.603829520928784,3.1332085097328104,False,False,False,True,False,,,,0.0,0.0,0.0,0.0,0,0.8385718572379306,1.070326668934572,False,False,False,False,-0.34282825441539394,-0.09886176554914233,False,False,False,False,-2661836,-1402782.0259040121,False,False,False,False,264539.7923304507,False,False,False,False
2022-10-07 00:00:00+00:00,5.2432217118,5.4687366241,5.1224101516,5.1546265676,322911,,,,,,,,,,,5.539832608760902,5.81758181101487,5.848245547858021,5.953743260808518,,,,,,,,,,,5.840671146009333,5.855286271912843,5.974503555439706,,,,,5.539832608760902,5.832837743114885,5.789850807110578,5.890153657787295,#000000,,5.761582778410782,,41.87927692715748,0.3577422126456824,False,False,False,True,False,,,,0.0,0.0,0.0,0.0,0,0.83369240331254,1.0982745661559878,False,False,False,False,-0.34282825441539394,-0.22084500998226814,False,False,False,False,-2338925,-1472125.9499111222,False,False,False,False,268863.58549115807,False,False,False,False
2022-10-14 00:00:00+00:00,5.0922072615,5.2915463358,5.0660314235,5.1868429837,225612,,,,,,,,,,,5.495675685690706,5.768242568600646,5.8124039886435375,5.928482425257298,,,,,,,,,,,5.801349459341371,5.825012906344699,5.950778104114319,,,,,5.495675685690706,5.7974207339989405,5.7512011670480465,5.859046823266797,#000000,,5.719417925569066,,39.38215614658158,-2.1742740994293968,False,False,False,True,False,,,,0.0,0.0,0.0,0.0,0,0.8330960703310354,1.107630114253355,False,False,False,False,-0.34282825441539394,-0.28183663219883104,False,False,False,False,-2564537,-1553045.2869547426,False,False,False,False,265659.76434366487,False,False,False,False
2022-10-21 00:00:00+00:00,5.0678814307,5.2057278056,4.9705781072,5.1165330924,359395,,,,,,,,,,,5.432359731186633,5.695902660868406,5.757153631978498,5.888097926628266,,,,,,,,,,5.081395781166666,5.741490158914106,5.777425834906767,5.912676626809695,,,,,5.432359731186633,5.66081279405738,5.69337848766545,5.628247100449308,#000000,,5.487787083033952,,37.50947487988037,-4.103190778068019,False,False,False,True,False,,,,0.0,0.0,0.0,0.0,0,0.8331908842792337,1.1208279605949385,False,False,False,False,-0.34282825441539394,-0.3123324433071125,False,False,False,False,-2923932,-1654592.450884021,False,False,False,False,272603.115133023,False,False,False,False
2022-10-28 00:00:00+00:00,5.3354655702,5.3435741805,5.0597728204,5.0678814307,319348,,,,,,,,,,,5.410109803341193,5.657424493059376,5.725002439736672,5.862013674720619,,,,,,,,,,5.158969363108385,5.707420986298171,5.7488476777404,5.887697891855387,,,,,5.410109803341193,5.644685791232526,5.6636376027144655,5.625733979750587,#000000,,5.483481161451781,,38.08639331184301,-4.103190778068019,False,False,False,True,False,,,,0.0,0.0,0.0,0.0,0,0.8724461735207152,1.0787025312136014,False,False,False,False,-0.27666134828409933,-0.2944968957956059,False,False,False,False,-2604584,-1724962.1952629823,False,False,False,False,276065.6991972435,False,False,False,False
2022-11-04 00:00:00+00:00,5.3841172319,5.4570947245,5.2705966879,5.3760086217,261444,,,,,,,,,,,5.406587405247634,5.638645362967693,5.707637821985011,5.846190085650803,,,,,,,,,,5.217819691356859,5.689462175220637,5.732889625344888,5.872302527737549,,,,,5.406587405247634,5.638941836938884,5.6497651689627855,5.628118504914983,#000000,,5.488128658698206,,38.827835446379005,-4.103190778068019,False,False,False,True,False,,,,0.0,0.0,0.0,0.0,0,0.9196450872556949,1.0396262956352895,False,False,False,False,-0.185943584727931,-0.24022024026176844,False,False,False,False,-2343140,-1770753.1437620206,False,False,False,False,274982.61036781804,False,False,False,False
2022-11-11 00:00:00+00:00,5.4895291657,5.5381808274,5.2949225188,5.3679000114,270357,,,,,,,,,,,5.40948202362305,5.626104516251556,5.694773501541861,5.833128866832054,,,,,,,,,,5.267636336636791,5.676472248775396,5.720682286563444,5.859416631738381,,,,,5.40948202362305,5.635962051495317,5.640872227062131,5.631051875928503,#000000,,5.494923781321698,,40.0756585755832,-4.103190778068019,False,False,False,True,False,,,,0.0,0.0,0.0,0.0,0,0.9431524842484522,1.0242587114131623,False,False,False,False,-0.15716693579157848,-0.19869358802667347,False,False,False,False,-2072783,-1793125.7257055747,False,False,False,False,274639.9725627945,False,False,False,False
2022-11-18 00:00:00+00:00,5.4423865978,5.5810981003,5.440877504,5.440877504,256359,,,,,,,,,,,5.415310138614759,5.618278305572582,5.685737021189069,5.822899186383293,,,,,,,,,,5.306168645611672,5.667580047209615,5.711815094733104,5.849190500422201,,,,,5.415310138614759,5.634622367467037,5.635556162939926,5.633688571994147,#000000,,5.501834284252157,,40.72134303282501,-4.103190778068019,False,False,False,True,False,,,,0.0,0.0,0.0,0.0,0,0.9580742160404984,0.997637363924515,False,False,False,False,-0.10621381708211224,-0.15245370255439286,False,False,False,False,-2329142,-1832830.6349125693,False,False,False,False,273285.8264470319,False,False,False,False
2022-11-25 00:00:00+00:00,5.5647791,5.5892576004,5.4505460979,5.507662599,183531,,,,,,,,,,,5.421333690816204,5.615023277318835,5.681157162491883,5.816912019354998,,,,,,,,,,5.331599607500389,5.663240958762367,5.7071131884794495,5.843112546060112,,,,,5.421333690816204,5.6349365563480305,5.63360653749548,5.63626657520058,#000000,,5.507799383599449,,42.04679025218193,-4.103190778068019,False,False,False,True,False,,,,0.0,0.0,0.0,0.0,0,0.9513410068329184,1.0471139701642456,False,False,False,False,-0.10143651899912495,-0.1269451107767589,False,False,False,False,-2145611,-1855999.5508449716,False,False,False,False,266637.3207842888,False,False,False,False
2022-12-02 00:00:00+00:00,5.679012102,5.7442881032,5.4995030988,5.5892576004,301755,,,,,,,,,,,5.438133887975015,5.61658543349237,5.679245123822824,5.811096623113673,,,,,,,,,,5.379414307189589,5.662103062230641,5.704343019333944,5.83688295926134,,,,,5.438133887975015,5.640975552052424,5.6362652671009705,5.645685837003878,#000000,,5.524059172721904,,43.771631624368034,-4.103190778068019,False,False,False,True,True,,,,0.0,0.0,0.0,0.0,0,0.9068455912371295,1.0439488664742658,False,False,False,False,-0.04704841591893655,-0.08699676334784773,False,False,False,False,-1843856,-1855100.0285601588,False,False,False,False,269238.63035582297,False,False,False,False
2022-12-09 00:00:00+00:00,5.6300551012,5.6973709774,5.5729386001,5.679012102,209607,,,,,,,,,,,5.4479897405659905,5.617263501293469,5.6777814625513505,5.8071103979947045,,,,,,,,,,5.404045995401152,5.661122677442251,5.702340093189141,5.83262020675684,,,,,5.4479897405659905,5.643784259399363,5.637536275601379,5.650032243197345,#000000,,5.532605478675715,,44.69627703041675,-4.103190778068019,False,False,False,True,True,0.0,5.984182081526,,0.0,0.0,0.0,0.0,0,0.9230904102766494,1.0559565233108488,False,False,False,False,-0.04000513986717608,-0.0635009516075119,False,False,False,False,-2053463,-1869793.582000147,False,False,False,False,264821.47255168797,False,False,False,False
2022-12-16 00:00:00+00:00,5.6167551159,5.8095641044,5.5670493184,5.6626931017,292536,,,,,,,,,,5.664456179566665,5.462231172089562,5.6197702800052,5.67721239586915,5.802778457368082,,,,,,,,,,5.4350847275836935,5.6612746313039,5.700902873641463,5.8278419763872975,,,,,5.462231172089562,5.627963839678465,5.645289696979732,5.656276052229089,#000000,,5.54538558981128,,45.26983510506398,-4.103190778068019,False,False,False,True,True,0.0,5.96677673871,,0.0,0.0,0.0,0.0,0,0.9893705951077107,1.0152542460779432,False,False,False,False,-0.01180361723014911,-0.037652284418830506,False,False,False,False,-2345999,-1905068.0574075435,False,False,False,False,266874.4005108222,False,False,False,False
2022-12-23 00:00:00+00:00,5.6250394155,5.6664609134,5.5504807193,5.575333618,333361,,,,,,,,,,5.637579187974028,5.472815564519166,5.619440574935826,5.674278593774559,5.796464146994803,,,,,,,,,,5.456479216933001,5.65893988611427,5.697301330500737,5.821134859192271,,,,,5.472815564519166,5.626662312718299,5.6401156136396775,5.65846382318507,#000000,,5.546578636090506,,45.74499165516558,-4.103190778068019,False,False,False,True,True,0.0,5.95352437689,,0.0,0.0,0.0,0.0,0,0.9889394447300279,1.0227420794833426,False,False,False,False,-0.05418441544287881,-0.045918349930854654,False,False,False,False,-2012638,-1913036.201303281,False,False,False,False,271799.33380631683,False,False,False,False
2022-12-30 00:00:00+00:00,5.575333618,5.6664609134,5.5421964197,5.6167551159,294747,,,,,,,,,,5.623839646997107,5.479892861205438,5.618250281464076,5.671140612174235,5.79066774228245,,,,,,,,,,5.469692595685312,5.656250958365735,5.693673589195549,5.8150240563396,,,,,5.479892861205438,5.625426035921238,5.636758228824661,5.658660299896549,#000000,,5.547918846337983,,45.72371856414937,-4.103190778068019,False,False,False,True,True,0.0,5.936172409742,,0.0,0.0,0.0,0.0,0,0.9489270364133162,1.0528404313824085,False,False,False,False,-0.05638727185604275,-0.051152810893448704,False,False,False,False,-2307385,-1942247.223428964,False,False,False,False,273499.1609317748,False,False,False,False
2023-01-06 00:00:00+00:00,5.7824411075,5.7888200182,5.5504807193,5.6167551159,218887,,,,,,,,,,5.639861016253333,5.489294045953204,5.6213159743600265,5.672167408697775,5.788925481334259,,,,,,,,,,5.485443120413822,5.657787524486573,5.69402076195516,5.8129068428485,,,,,5.489294045953204,5.631101916681769,5.642312785319719,5.662539562426014,#000000,,5.558978539245096,,47.37260171930218,-8.525523790197752,False,False,False,False,True,0.0,5.922500180997999,,0.0,0.0,0.0,0.0,0,0.9468671889449414,1.0407512890345103,False,False,False,False,-0.02169792375433612,-0.03642536732389241,False,False,False,False,-2088498,-1953080.6142860777,False,False,False,False,269453.81567756925,False,False,False,False
2023-01-13 00:00:00+00:00,5.9315585,5.9564113987,5.7975185328,5.7990097067,163878,,,,,,,,,,5.671960186534921,5.501481817860972,5.628200962018811,5.6768162424461215,5.790561092706587,,,,,,,,,,5.504819764327226,5.663024256486831,5.697800080222638,5.814099091068084,,,,,5.501481817860972,5.641833050325513,5.653804060313482,5.669935798026194,#000000,,5.576615682685482,,49.60893270677654,-6.138385702942259,False,False,False,False,True,0.0,5.911964437234001,,0.0,0.0,0.0,0.0,0,0.9818653001176181,0.9955931384370409,False,False,False,False,0.0884520509231378,0.026013341799622697,False,False,False,False,-1924620,-1950972.4206352571,False,False,False,False,261633.3848866382,False,False,False,False
2023-01-20 00:00:00+00:00,5.8340844089,5.951357976,5.7905781865,5.9315585,126707,,,,,,,,,,5.688502821415481,5.50958679839295,5.6325957036594465,5.67970103336342,5.791362346534479,,,,,,,,,,5.517302182688677,5.666305494222089,5.70010370154873,5.814593088953874,,,,,5.50958679839295,5.648182510228159,5.660349740673155,5.674576116853342,#000000,,5.586996876539138,,50.40545543997408,-5.180159270794682,False,False,False,False,True,0.0,5.90024989729,,0.0,0.0,0.0,0.0,0,0.9877073824934437,0.9943200174871859,False,False,False,False,0.08524850269366141,0.05563092224664205,False,False,False,False,-2051327,-1958406.0931807936,False,False,False,False,251638.83785799835,False,False,False,False
2023-01-27 00:00:00+00:00,5.9425165839,5.9675201599,5.8425022795,5.8508368049,155855,,,,,,,,,,5.711007887771526,5.520663155871814,5.639125270202959,5.684252434538204,5.793161690766658,,,,,,,,,,5.533945388667738,5.67138292831223,5.703866769952487,5.815977224178839,,,,,5.520663155871814,5.657175690760452,5.669642087830232,5.681293077777823,#000000,,5.601185425628509,,51.750587113389514,-3.697509861404761,False,False,False,False,True,0.0,5.893632606290001,,0.0,0.0,0.0,0.0,0,0.9924344049498919,1.0088263646297597,False,False,False,False,0.10345956988679392,0.07954524606671798,False,False,False,False,-1895472,-1953744.3085007346,False,False,False,False,244543.73875740587,False,False,False,False
2023-02-03 00:00:00+00:00,6.0591999389,6.1675487687,5.9258475331,5.9258475331,212185,,,,,,,,,6.050865413566667,5.751111565712062,5.53956421347334,5.651583020597536,5.693562273549589,5.798070620201762,,,,,,,,,,5.5616433697248775,5.681545607317125,5.711855366559887,5.820200548882891,,,,,5.53956421347334,5.705216353812635,5.747459517850159,5.6938112231211955,#000000,,5.725796140619237,,53.50314069903972,-1.85038551813318,False,False,False,False,True,0.0,5.891008813582,,0.0,0.0,0.0,0.0,0,0.9634770311720102,1.025004249852147,False,False,False,True,0.18013680473402766,0.12984102540037282,False,False,False,False,-1683287,-1933710.4337969765,False,False,False,False,242146.79514574617,False,False,False,True
2023-02-10 00:00:00+00:00,5.9758546853,6.0591999389,5.9508511092,6.0091927868,124096,,,,,,,,,6.030361107947358,5.7668759114406125,5.548871884693374,5.6575594958085595,5.697978051243171,5.80024368893191,,,,,,,,,,5.574820318270688,5.686384017034924,5.715621090707912,5.822022693635411,,,,,5.548871884693374,5.709808984643325,5.750315023344164,5.6997120299122335,#000000,,5.730232305588008,,54.00882946789102,-1.2162970203812407,False,False,True,False,True,0.0,5.887647836388001,,0.0,0.0,0.0,0.0,0,0.9469535356565107,1.0376092328030908,False,False,False,False,0.15740606655882755,0.1436235459796002,False,False,False,False,-1807383,-1924352.8461083116,False,False,False,False,233402.2918016168,False,False,False,False
2023-02-17 00:00:00+00:00,5.9612195163,6.0425308882,5.9192981414,6.0091927868,146382,,,,,,,,,6.013373916149136,5.781557291075746,5.558880963974106,5.663926361974854,5.70266796521984,5.802477430284248,,,,,,,,,,5.588644889985512,5.691528616557803,5.719613160811564,5.823869839072674,,,,,5.558880963974106,5.715024145718569,5.753813988112988,5.7059141266068885,#000000,,5.735614265296125,,54.237119540483214,-0.8205429173151231,False,False,True,False,True,0.0,5.880740133760001,,0.0,0.0,0.0,0.0,0,0.9380363411843514,1.0443951553245596,False,False,False,False,0.14432924052809887,0.14397639325384953,False,False,False,False,-1953765,-1926531.5241743624,False,False,False,False,226956.34426075633,False,False,False,False
2023-02-24 00:00:00+00:00,5.9276824164,5.9528352413,5.8186868415,5.9025295914,117751,,,,,,,,,5.991087434368159,5.787921917501089,5.565211217541354,5.667678039018014,5.705321800599785,5.803470912398,,,,,,,,,,5.597069367229618,5.694478364427759,5.72182136770586,5.824602709675634,,,,,5.565211217541354,5.716323688548955,5.753448553571066,5.709492952259718,#000000,,5.735322484160055,,54.08314306340494,-0.7756993587489234,False,False,True,False,True,0.0,5.873006735701999,,0.0,0.0,0.0,0.0,0,0.9327434716556449,1.0434353230347384,False,False,False,False,0.09315422967219243,0.11856531146302099,False,False,False,False,-2071516,-1937271.1149762615,False,False,False,False,218867.0595007003,False,False,False,False
2023-03-03 00:00:00+00:00,5.9989487537,6.1134779501,5.9393365586,5.9528352413,160359,,,,,,,,,5.996603024139645,5.8035927920815755,5.576362222970681,5.675091612228796,5.710939484202505,5.80640410363465,,,,,,,,,,5.612014439249715,5.70058809173111,5.72667280761912,5.827104271722469,,,,,5.576362222970681,5.725233059277894,5.761498873209642,5.716594902580604,#000000,,5.747143119610404,,54.55609596481145,-0.10047006650162871,True,False,True,False,True,0.0,5.867278103604,,0.0,0.0,0.0,0.0,0,0.9513877758423654,1.045265615695513,False,False,False,False,0.16904734552360895,0.14380632849331498,False,False,False,False,-1911157,-1935336.736089131,False,False,False,False,214533.12916731508,False,False,False,False
2023-03-10 00:00:00+00:00,5.7180755417,6.0215024535,5.7180755417,6.0115251662,146880,,,,,,,,,5.967897852648991,5.8045131424895295,5.581728191280093,5.677837878844477,5.712696606605807,5.806563136784576,,,,,,,,,,5.618551773438601,5.702609799401982,5.728044164184496,5.827011577388728,,,,,5.581728191280093,5.724234926111747,5.758539468108913,5.719054328603452,#000000,,5.7431727399643036,,52.395551658100544,-0.10047006650162871,True,False,False,False,True,0.0,5.8578012653639995,,0.0,0.0,0.0,0.0,0,0.9089225783561546,1.0548768433007711,False,False,False,False,0.08461884108712109,0.11421258479021804,False,False,False,False,-2058037,-1944425.6445269731,False,False,False,False,209521.7862660325,False,False,False,False
2023-03-17 00:00:00+00:00,5.7030378596,5.8270711165,5.6524191804,5.7013069917,180718,,,,,,,,,5.927982673903663,5.79930963263341,5.5855864493722835,5.678975719649023,5.712986574408123,5.8053741112219175,,,,,,,,,5.727509385499999,5.6226233284141856,5.703121178934731,5.728034588643577,5.825593144479133,,,,,5.5855864493722835,5.719761867851927,5.751702526864737,5.721376325194325,#000000,,5.769356255112815,,50.732552165032715,-0.10047006650162871,True,False,False,False,False,0.0,5.844908243317999,,0.0,0.0,0.0,0.0,0,0.8943140494673593,1.095265729899837,False,False,False,False,0.11921099995206703,0.11671179237114254,False,False,False,False,-2238755,-1966227.8190064565,False,False,False,False,207388.17246854858,False,False,False,False
2023-03-24 00:00:00+00:00,5.7114743061,5.8211481111,5.6607712624,5.694601413,206706,,,,,,,,,5.896563402864079,5.79441804956665,5.589862926585667,5.680307379712601,5.71338394591608,5.804118464949801,,,,,,,,,5.729441780686246,5.627071063380529,5.703764063016508,5.7280967365646385,5.824077628893873,,,,,5.589862926585667,5.716851576466045,5.746442361599147,5.722490254508358,#000000,,5.761873574124377,,49.62609233833021,4.050791957760083,True,False,False,False,False,0.0,5.832962807742,,0.0,0.0,0.0,0.0,0,0.975543487543703,1.0855582163912028,False,False,False,False,0.12005928855785253,0.11838554046449754,False,False,False,False,-2032049,-1971103.4620430153,False,False,False,False,207337.64117458204,False,False,False,False
2023-03-31 00:00:00+00:00,6.0151863815,6.0573686142,5.7030378596,5.7452200923,190060,,,,,,,,,5.900227858743296,5.802511534022033,5.598684139270888,5.685924639422123,5.717564957680468,5.80597249973941,,,,,,,,,5.793868421982301,5.637899072656705,5.708340527488492,5.731667994970645,5.825547632937914,,,,,5.598684139270888,5.730627643908289,5.751814271479703,5.739464730007212,#000000,,5.783626721851084,,51.425877184239255,4.050791957760083,True,False,False,False,False,0.0,5.827675756830001,,0.0,0.0,0.0,0.0,0,1.1020182989769365,0.9186885647233767,False,False,False,False,0.21878630725955336,0.16858592386202545,False,False,False,False,-1841989,-1961539.4278176068,False,False,False,False,206057.81590239078,False,False,False,False
2023-04-07 00:00:00+00:00,6.0320592746,6.0911144003,5.9223854696,6.0151863815,157207,,,,,,,,,5.911231816797769,5.812868012478276,5.607553656970501,5.692055378219454,5.722346183393329,5.808589200434437,,,,,,,,,5.841225382203535,5.6489029658903185,5.713497877173773,5.735854336198643,5.827800827916641,,,,,5.607553656970501,5.7437101591408695,5.7591073747156285,5.753456277876582,#000000,,5.803557044342475,,52.83802466011888,4.050791957760083,True,False,False,False,True,0.0,5.82476192453,,0.0,0.0,0.0,0.0,1,1.1501687274754135,0.8682156203697651,False,False,False,False,0.3122623629737244,0.24042414341787494,False,False,False,False,-1684782,-1941038.8776088953,False,False,False,False,202439.23694665811,False,False,False,False
2023-04-14 00:00:00+00:00,5.8970761299,6.0995508469,5.8928579067,6.0320592746,398872,,,,,,,,5.963161627833333,5.9213793698187995,5.829395397182705,5.62578263689424,5.704285350348423,5.731777457587594,5.813343532317758,,,,,,,,,5.884131646934168,5.670555988710827,5.723709317905281,5.744062676728221,5.831762033558798,,,,,5.62578263689424,5.790300166953472,5.798446481711837,5.770844332767458,#000000,,5.899517010442252,,52.56910543544625,4.050791957760083,True,False,False,False,True,0.0,5.823376547816,,0.0,0.0,0.0,0.0,1,1.156147155639435,0.8303222647984337,False,False,False,False,0.30428907146644285,0.2723566074421589,False,False,False,False,-2083654,-1951602.960748977,False,False,False,False,216989.8119876464,False,False,False,False
2023-04-21 00:00:00+00:00,5.8737725737,5.9308219161,5.8211481111,5.9308219161,341377,,,,,,,,5.922618716278285,5.914769618240798,5.833339610955018,5.636267278896285,5.710640630351059,5.736430422148908,5.814931319347962,,,,,,,,,5.882075406038742,5.681954501282847,5.7288345305130965,5.747995526397037,5.832824551751858,,,,,5.636267278896285,5.788812536569516,5.795571085174045,5.774736903196716,#000000,,5.888200837878211,,52.16259394224437,4.050791957760083,True,False,False,False,True,0.0,5.823404263745999,,0.0,0.0,0.0,0.0,1,1.1651034294700537,0.8430572231065016,False,False,False,False,0.19926177975504178,0.23580919359860034,False,False,False,False,-2425031,-1986671.7043972008,False,False,False,False,226203.67776633927,False,False,False,False
2023-04-28 00:00:00+00:00,5.8737725737,5.8991520246,5.7888914672,5.890748795,229382,,,,,,,,5.906371337500339,5.909427484290127,5.8344651751250725,5.642245555580484,5.714132720311891,5.738936528467193,5.815592201748605,,,,,,,,,5.878288529766258,5.68815759518701,5.7316144193129945,5.7500875188333875,5.833165601724575,,,,,5.642245555580484,5.788087852134272,5.794453000431959,5.776262732964845,#000000,,5.882138131670449,,51.87222858995732,4.050791957760083,True,False,False,False,True,0.0,5.826054979104,,0.0,0.0,0.0,0.0,1,1.1452112292798906,0.8735560720159505,False,False,False,False,0.13491906024985062,0.1853641269242255,False,False,False,False,-2425031,-2019142.7633307416,False,False,False,False,226439.10904290676,False,False,False,False
2023-05-05 00:00:00+00:00,5.7804033565,5.8992369057,5.7040103606,5.8567963524,223111,,,,,,,,5.885454388056792,5.9003870586806,5.832450844995539,5.64620833613054,5.715994735455851,5.740066734202411,5.815251065771301,,,,,,,,,5.868595357138812,5.691763533546575,5.732945880603267,5.750925399852908,5.832568296086722,,,,,5.64620833613054,5.784225016825998,5.790830451899005,5.775359693445656,#000000,,5.871721912217936,,50.75345796588117,4.050791957760083,True,False,False,False,True,0.0,5.82715332997,,0.0,0.0,0.0,0.0,1,1.0816718375319414,0.8980625853600643,False,False,False,False,0.07344666639459856,0.12940539665941203,False,False,False,False,-2648142,-2065735.2993803164,False,False,False,False,226192.58244713588,False,False,False,False
2023-05-12 00:00:00+00:00,5.7485729416,5.8399898933,5.7359312061,5.7634271352,197219,,,,,,,,5.869758289004963,5.89222100285774,5.829990260185281,5.649100067581916,5.717174808911554,5.740680225795773,5.814680005297456,,,,,,,,,5.859891793300797,5.69417981335916,5.7337147903657355,5.75131709267341,5.831789506989396,,,,,5.649100067581916,5.780753853195893,5.78765780851924,5.7741785993376995,#000000,,5.8629653363371945,,49.649162950837784,3.6199209022369843,True,False,False,False,False,0.0,5.819424556382001,,0.0,0.0,0.0,0.0,1,1.0858538089198793,0.9258803776844714,False,False,False,False,0.011233341485456502,0.07031936907243427,False,False,False,False,-2845361,-2123485.351278071,False,False,False,False,224046.39115475543,False,False,False,False
2023-05-19 00:00:00+00:00,5.7571146547,5.7998232204,5.6033638182,5.774198081,276806,,,,,,,,5.844904091562984,5.877823187227347,5.823776242295016,5.651271943947763,5.717254915718723,5.740182820430528,5.812840992891233,,,,,,,,5.720100564433333,5.843778644164777,5.695196554674772,5.733372823815628,5.750615351834047,5.829714317183118,,,,,5.651271943947763,5.77176326800309,5.78115059915337,5.762129709350947,#000000,,5.821651621847111,,48.95693726944292,2.84587900356064,True,False,False,False,False,0.0,5.810921557498,,0.0,0.0,0.0,0.0,1,1.0241333492221891,0.9448859952705984,False,False,True,False,-0.10272634018102532,-0.016203485554295523,False,False,False,False,-2568555,-2156453.473405621,False,False,False,False,227954.51032847725,False,False,False,False
2023-05-26 00:00:00+00:00,5.654614097,5.7912815072,5.6318931401,5.7912815072,159912,,,,,,,,5.831570686041898,5.869284757159361,5.819626434158406,5.651989535144835,5.7168709513939655,5.739527520494466,5.811505294604584,,,,,,,,5.710029373794303,5.8343399924590456,5.695138936228762,5.732789579873294,5.7498715367305335,5.828258150452439,,,,,5.651989535144835,5.7661063332975715,5.777196454142502,5.758404594923063,#000000,,5.811306202363651,,47.442090442891256,1.2904701068842925,True,False,False,False,False,0.0,5.801313607018,,0.0,0.0,0.0,0.0,1,1.0299373653403523,0.950436383732519,False,False,False,False,-0.1716397069398307,-0.0939215962470631,False,False,True,False,-2728467,-2198824.8457459453,False,False,True,False,222914.3243782197,False,False,True,False
2023-06-02 00:00:00+00:00,5.7571146547,5.7656563678,5.6375306708,5.654614097,139671,,,,,,,,5.82365289757332,5.8635107277231615,5.816950442973147,5.653007134296682,5.716914285539975,5.739296636797415,5.810626994677732,,,,,,,,5.71246983200524,5.828432664450408,5.69561286188037,5.732633012742065,5.749541869167971,5.827264144881099,,,,,5.653007134296682,5.7638188558052885,5.774851302797347,5.757659064187859,#000000,0.3461062667211065,5.807016530438032,-0.14418079224853675,47.566672882452195,1.2904701068842925,True,False,False,False,False,0.0,5.8045929013399995,,0.0,0.0,0.0,0.0,1,1.0210607439814596,0.9894121208525338,False,False,False,False,-0.18703510028030015,-0.14047834826368163,False,False,False,False,-2588796,-2227711.5979129123,False,False,False,False,216748.15220205527,False,False,False,False
2023-06-09 00:00:00+00:00,5.7998232204,5.8619214749,5.7314895153,5.7656563678,129181,,,,,,,,5.822055764384526,5.861237854375381,5.816484424173855,5.6549798885157925,5.717905096324409,5.739932119221459,5.81051351556402,,,,,,,,5.728082595423333,5.827031962606808,5.697375369056455,5.733367689200648,5.750030547572446,5.82701534169982,,,,,5.6549798885157925,5.76564411935757,5.774729808937063,5.760483917593252,#000000,0.34028381176155154,5.809602044197513,-0.028737258310615934,48.137820711231385,1.2904701068842925,True,False,False,False,False,0.0,5.803656089412,,0.0,0.0,0.0,0.0,1,1.0256007435407086,0.9575564912170477,False,False,False,False,-0.04300697318450061,-0.09174266072409112,False,False,False,False,-2459615,-2244889.627697141,False,False,False,False,210261.6964833845,False,False,False,False
2023-06-16 00:00:00+00:00,5.7763335093,5.8681569255,5.7333548373,5.7571146547,256482,,,,,,,,5.818845321726277,5.856831512209924,5.815387346298139,5.658606349287905,5.719680142477595,5.741045352853019,5.810205858428315,,,,,,,,5.745286887346795,5.824172178144028,5.700530481824809,5.7346658922096845,5.7508707920927815,5.826449153664177,,,,,5.658606349287905,5.767417527414434,5.774371697611597,5.763662564213713,#000000,0.33800720691964053,5.811283974856757,-0.10340153949754761,48.28064631638454,1.2904701068842925,True,False,False,False,False,0.0,5.797812990392,,0.0,0.0,0.0,0.0,1,1.0279980274287104,0.9806774935861452,False,False,False,False,-0.03695425498634412,-0.06434845785521762,False,False,False,False,-2716097,-2279793.8774973527,False,False,False,False,213685.42266980046,False,False,False,False
2023-06-23 00:00:00+00:00,5.7333548373,5.8450993844,5.681780431,5.7849292436,218872,,,,,,,,5.813274625141915,5.851458974004233,5.813048270858357,5.660691138392939,5.720350461313522,5.741264393161121,5.8093848150024385,,,,,,,,5.746792709365161,5.81948690695191,5.701984343295236,5.73500997397692,5.75091286463368,5.825437524068782,,,,,5.660691138392939,5.765885928665409,5.772781811124932,5.763270720381949,#000000,0.3329760662809807,5.807753303865805,-0.22343487745760135,47.89068523124439,1.2904701068842925,True,False,False,False,False,0.0,5.794120795236,,0.0,0.0,0.0,0.0,1,1.0198012113248611,0.9537999204596749,False,False,False,False,-0.0928777188918194,-0.0786130883735185,False,False,False,False,-2934969,-2328325.3680531043,False,False,False,False,214069.61358314857,False,False,False,False
2023-06-30 00:00:00+00:00,5.7849292436,5.8021207124,5.698284241,5.7247591029,181430,,,,,,,,5.809880020677821,5.847756569062305,5.811492924126002,5.6625008052842105,5.721021828214184,5.741561231428871,5.808821079545646,,,,,,,,5.748788367757754,5.81648429810226,5.703316670423521,5.735411153830862,5.7510599844718335,5.824714922401849,,,,,5.6625008052842105,5.765155185456007,5.771862065477005,5.763295899498014,#000000,0.32676356106357396,5.805727313900035,-0.06364868295699845,48.27245789087865,1.2904701068842925,True,False,False,False,False,0.0,5.7918958151840005,,0.0,0.0,0.0,0.0,1,1.0255113260087876,0.9633274796598041,False,False,False,False,-0.19129816138677444,-0.13495562488014648,False,False,False,False,-2753539,-2359822.6741232444,False,False,False,False,211651.86442884128,False,False,False,False
2023-07-07 00:00:00+00:00,5.7763335093,5.8770755163,5.7419505717,5.7677377749,169230,,,,,,,,5.80921812397056,5.845928389345682,5.811134100890001,5.664733691880106,5.722174855575695,5.7423188892523385,5.808707814874223,,,,,,,,5.754276006312379,5.815649723177624,5.705253703759348,5.736280296560057,5.751651092862589,5.824439782575441,,,,,5.664733691880106,5.766046074363924,5.7720308379698,5.76459176754124,#000000,0.3203953527230566,5.80626806070156,-0.0934300424370874,48.43665067436437,1.2904701068842925,True,False,False,False,False,0.0,5.790773769796,,0.0,0.0,0.0,0.0,1,1.034334185458093,0.9734509605946983,False,False,False,False,-0.12424327801334024,-0.12959945144674337,False,False,False,False,-2922769,-2401522.401965967,False,False,False,False,208509.50410077896,False,False,False,False
2023-07-14 00:00:00+00:00,5.9491077705,5.9740354002,5.7505463061,5.7505463061,121307,,,,,,,,5.812487620314634,5.847101313878125,5.812683441240433,5.667369210017868,5.723960306759691,5.743726981347011,5.809349017243461,,,,,,,,5.764327157269293,5.818076802229947,5.707928944408705,5.737796609023358,5.752887931891423,5.824937635557074,,,,,5.667369210017868,5.769241849514837,5.773811127257318,5.7676591800633,"rgba(38, 166, 154, 0.5)",0.3144156213913066,5.810498223422999,0.4408481565376628,50.6360978320214,1.2904701068842925,True,False,False,False,True,0.0,5.787848456062001,,0.0,0.0,0.0,0.0,1,0.9826928617100383,0.9894268375210207,False,False,False,False,-0.022676194901702005,-0.07613782317422269,False,False,False,False,-2801462,-2431147.5573758953,False,False,False,False,202050.05935257312,False,False,False,False
2023-07-21 00:00:00+00:00,6.0280226987,6.045319751,5.8901410326,5.9740354002,153395,,,,,,,,5.820902586702079,5.8515626836336585,5.816865247427387,5.672016062254403,5.727437827116878,5.74661125819167,5.811085582172941,,,,,,,,5.783307476720262,5.824700910397278,5.712929328641644,5.7408527745491345,5.755491307024606,5.826458656862043,,,,,5.672016062254403,5.7762152653616985,5.778068749642718,5.7739567423658285,"rgba(38, 166, 154, 0.5)",0.31156168928867134,5.82011841436332,0.6672973330300919,53.0239766038729,-0.14685993161310762,True,False,False,False,True,0.8618406923070623,5.783951742190001,,0.0,0.0,0.0,0.0,1,1.0163364568135278,0.9718749234396856,False,False,False,False,0.18092552915591129,0.0523938529908443,False,False,False,False,-2648067,-2447215.66423694,False,True,False,False,198445.98088201214,False,True,False,False
2023-07-28 00:00:00+00:00,6.0193741726,6.0799138554,5.967483016,6.0020771204,122127,,,,,,,,5.828313087213484,5.855764975835325,5.820696784309256,5.676013384729865,5.730499133702975,5.749180192413907,5.812708844545844,,,,,,,,5.798440225887988,5.830653673145004,5.717267311920156,5.743564887798823,5.757824205316505,5.827903541433812,,,,,5.676013384729865,5.782206072093007,5.781882343250094,5.7792756409170485,"rgba(38, 166, 154, 0.5)",0.30987811448748587,5.82829299052045,0.6166333572655929,54.60158974613243,1.3532131052560246,True,False,True,False,True,0.7045039501847903,5.777133163884,,0.0,0.0,0.0,0.0,1,1.02422700668813,0.9694266936207679,False,False,False,False,0.2942193987415189,0.17330662586618162,False,False,False,False,-2770194,-2471139.985404574,False,False,False,False,192792.72303890012,False,False,False,False
2023-08-04 00:00:00+00:00,5.9415374376,6.1058594337,5.9328889115,6.045319751,153659,,,,,,,5.993428594266667,5.835620472741872,5.859901013117001,5.824658040827014,5.6805068798537945,5.7338899127311995,5.752011042224804,5.814439957197852,,,,,,,,5.812830562868025,5.836599352396752,5.72205561895783,5.746558475752315,5.7603883530236075,5.829426262809627,,,,5.993428594266667,5.6805068798537945,5.8207000668786195,5.811806989120026,5.7846431043013595,#000000,0.3084035925711148,5.869619745568329,0.2331934314775778,54.58700173247332,1.3532131052560246,True,False,True,False,True,0.0,5.770680360627999,,-1.0,6.1058593,5.932889,122.0,1,0.9969511237003117,1.0097705714428338,False,False,False,True,0.326873898327909,0.2500902620970453,False,False,False,False,-2923853,-2504674.282782013,False,False,False,False,189893.92873972232,False,False,False,False
2023-08-11 00:00:00+00:00,5.9847800682,6.0294929482,5.8982948071,5.9415374376,132060,,,,,,,5.982995460424024,5.840575726660175,5.862693900518153,5.827483822706383,5.683996982895012,5.736487514864813,5.754169433902164,5.8157171410897925,,,,,,,,5.822255850727157,5.840685733537863,5.725708701604266,5.748844482589687,5.762338713534039,5.830535668577086,,,,5.982995460424024,5.683996982895012,5.823299522384129,5.813014997882565,5.78839485842835,"rgba(38, 166, 154, 0.5)",0.3045273354261329,5.8716281928373055,0.37156557786301264,55.08344661571945,1.8422115850017988,True,False,True,False,True,0.08331858877570752,5.766694501442,,0.0,0.0,0.0,0.0,1,0.9830613498844671,1.0022559848045698,False,False,False,False,0.20583531550343317,0.22796278880023924,False,False,False,False,-2791793,-2525942.335909271,False,False,False,False,185609.9340182614,False,False,False,False
2023-08-18 00:00:00+00:00,5.9002950169,6.0193741726,5.8464036504,5.967483016,158370,,,,,,,5.961252057977596,5.844004067985298,5.864432381132402,5.82962555460179,5.687379425850493,5.738894903374317,5.756131541545635,5.81674801228561,,,,,,,,5.828915624307395,5.843550119680283,5.729105614663396,5.750935588775732,5.764093794934257,5.831388282087191,,,,5.961252057977596,5.687379425850493,5.823533105774832,5.812308493094143,5.7913315040747095,#000000,0.30009095842143974,5.869430467487644,0.10285064759935678,54.222473553878345,1.8422115850017988,True,False,True,False,True,0.0,5.758615804044,,0.0,0.0,0.0,0.0,1,0.9785645721751887,1.000719250710906,False,False,False,False,0.14090188740324028,0.18443233810173976,False,False,False,False,-2950163,-2557366.088804881,False,False,False,False,183592.16112801983,False,False,False,False
2023-08-25 00:00:00+00:00,5.8567825167,5.9699150171,5.8132700166,5.8828900168,140214,,,,,,,5.941751571608923,5.845296928496713,5.86482575772782,5.83061583559743,5.689772579604093,5.740497349543942,5.757400240864677,5.817286341148156,,,,,,,,5.831765619302436,5.844651879749732,5.7313822176286395,5.752300640951835,5.765210685442489,5.8317860038201115,,,,5.941751571608923,5.689772579604093,5.822507798714473,5.810930825573969,5.792849507815873,#000000,0.2960284097001563,5.865866499789451,-0.030686186838122024,53.01219454344951,1.8422115850017988,True,False,False,False,False,0.0,5.746783092016,,0.0,0.0,0.0,0.0,1,0.9960752735944228,0.9933938852995454,False,False,False,False,0.05612411677022562,0.12027822743598268,False,False,False,False,-3090377,-2596848.3785230382,False,False,False,False,180378.96400742576,False,False,False,False
2023-09-01 00:00:00+00:00,5.8480800167,5.943807517,5.8132700166,5.8654850168,199985,,,,,,,5.923044102138573,5.846422402149388,5.864949685374379,5.831646180713818,5.692882742748471,5.742535953893397,5.758998361627335,5.817899297459731,,,,,,,,5.834465325925485,5.845633085392674,5.734268483995674,5.754025918912067,5.766609618250209,5.832208264480357,,,,5.923044102138573,5.692882742748471,5.821664001054807,5.8097973407631365,5.794535116159412,#000000,0.29345671004131646,5.86239122890153,-0.04876771159710542,52.02629110059027,1.8422115850017988,True,False,False,False,False,0.0,5.738100669764,,0.0,0.0,0.0,0.0,1,0.9706435318682111,1.0395102822936713,False,False,False,False,0.03257607775946926,0.07642715259772598,False,False,False,False,-3290362,-2648219.757891702,False,False,False,False,181831.2629698387,False,False,False,False
2023-09-08 00:00:00+00:00,5.8132700166,5.8741875168,5.7697575165,5.8741875168,121818,,,,,,,5.909065922854828,5.845633711027926,5.863997080275488,5.831440647068259,5.69420715313493,5.743271962847052,5.759520692812285,5.817907801702292,,,,,,,,5.833803759445475,5.844980626165088,5.735342950515659,5.754609500040388,5.767039361371607,5.832116588338974,,,,5.909065922854828,5.69420715313493,5.819808981310956,5.8081306214653825,5.794648797646199,#000000,0.2877541492753436,5.858371004873329,-0.15673444983124712,50.8242711991056,4.078529747344739,True,False,False,False,False,0.0,5.739836711046,,0.0,0.0,0.0,0.0,1,1.0126197054588313,1.0359713636724344,False,False,False,False,-0.08353464690973189,-0.0035537471560029565,False,False,False,False,-3412180,-2704809.4054552796,False,False,False,False,177385.83608318397,False,False,False,False
2023-09-15 00:00:00+00:00,5.8763631418,5.8828900168,5.7871625165,5.8480800167,169401,,,,,,,5.89957437842819,5.845755985082236,5.863570735089569,5.831826569559869,5.696431062684372,5.744664617655836,5.76058735131536,5.818216356984118,,,,,,,,5.834649741785899,5.845106955847673,5.7373074474986465,5.7557702349283995,5.76796027930637,5.832276988571635,,,,5.89957437842819,5.696431062684372,5.819277859497057,5.807578382099944,5.795511941323103,#000000,0.28267373818900876,5.8562717652859995,0.07107620482439814,50.918446996050186,4.078529747344739,True,False,False,False,False,0.0,5.7553990170919995,,0.0,0.0,0.0,0.0,1,1.0335481625035015,0.9861023068581188,False,False,False,False,-0.056654010872353264,-0.03010387901417811,False,False,False,False,-3242779,-2744659.005051185,False,False,False,False,176794.36674368885,False,False,False,False
2023-09-22 00:00:00+00:00,5.7449988391,5.9902122042,5.7449988391,5.8500902813,211051,,,,,,5.8267366274666665,5.8876258458488735,5.844884299149822,5.862326372707001,5.831689431363063,5.698725271731936,5.745992129796783,5.761557479882107,5.818321061519493,,,,,,,,5.834130274988162,5.844380860358322,5.739195795338814,5.756843258504468,5.7687736177033235,5.832211430812229,,,,5.8876258458488735,5.698725271731936,5.83387118840259,5.807442182243281,5.795922539617553,#000000,0.27818788160135544,5.848344261863381,-0.37149505639312946,49.162107496809774,2.4081690471196,False,False,False,False,False,0.0,5.765434559637999,,0.0,0.0,0.0,0.0,1,1.0205370435461647,0.9587774363442236,False,False,False,False,0.01016245837338038,-0.009970710320398864,False,False,False,False,-3453830,-2797190.1898622084,False,False,False,False,179331.89513304524,False,False,False,False
2023-09-29 00:00:00+00:00,5.5610888153,5.7712716996,5.4822702336,5.7362412189,237253,,,,,,5.7093232604544175,5.843602648868478,5.833124634528396,5.852906928995273,5.825021697063096,5.696903855091282,5.743472041902386,5.759016261400561,5.815412607904325,,,,,,,,5.8183749105794575,5.8341918173759595,5.7360813861152895,5.754303406395091,5.76626312254905,5.82922716919994,,,,5.843602648868478,5.696903855091282,5.806578410497545,5.782921416037986,5.789740302035798,"rgba(239, 83, 80, 0.5)",0.2770178953407274,5.801106363607687,-0.8664333689073394,45.89091184593256,-0.7177665566544533,False,True,False,True,False,0.0,5.774812190714,,0.0,0.0,0.0,0.0,1,0.9452993331002886,1.0708876220219434,False,False,False,False,-0.34282825441539394,-0.1763994823678964,False,False,False,False,-3691083,-2863404.4720946373,False,False,False,False,183622.34734541224,False,False,False,False
2023-10-06 00:00:00+00:00,5.5523311951,5.5698464354,5.4026634662,5.5348159547,156780,,,,,,5.657232137469012,5.8123208988317,5.822936708730191,5.844771401403599,5.8189858375868155,5.694515368050246,5.740728904143925,5.75635742005262,5.812671733252009,,,,,,,,5.804903985424732,5.825280156576173,5.732643674811453,5.751615924521752,5.76367797727703,5.8264670208507985,,,,5.8123208988317,5.694515368050246,5.789884350104209,5.768481084533514,5.784098123243656,"rgba(239, 83, 80, 0.5)",0.27831219774373034,5.774348432613909,-0.7977272980264503,43.46836503395298,-2.9496050162501177,False,True,False,True,False,0.0,5.784501186002001,,0.0,0.0,0.0,0.0,1,0.8711766092253739,1.1292065879476036,False,False,False,False,-0.34282825441539394,-0.2596138683916452,False,False,False,False,-3847863,-2936327.3260135534,False,False,False,False,181634.02531982615,False,False,False,False
2023-10-13 00:00:00+00:00,5.5457629799,5.7712716996,5.5085430942,5.5786040556,256428,,,,,,5.642734792380234,5.785341949394017,5.812474897679812,5.835988817327931,5.812624490098673,5.69277057378321,5.738254133936361,5.753837134128403,5.809734855944796,,,,,,,,5.79187650663589,5.81600117915186,5.729653936940915,5.749104252544429,5.761176097938715,5.823443959123352,,,,5.785341949394017,5.69277057378321,5.778337071201166,5.759253348591081,5.778542655389194,"rgba(239, 83, 80, 0.5)",0.28004436658365495,5.758107036522489,-0.7582514842663592,41.66987255582734,-4.559700572649909,False,True,False,True,False,0.0,5.788707134196,,0.0,0.0,0.0,0.0,0,0.9060449562185086,1.0802557711905059,False,False,False,False,-0.14226128638530824,-0.20093757738847673,False,False,False,False,-4104291,-3022843.153716253,False,False,False,False,187174.31974057975,False,False,False,False
2023-10-20 00:00:00+00:00,5.3419187191,5.5986637397,5.334159941,5.5457629799,241510,,,,,,5.595042300859197,5.745385207081696,5.79544716402444,5.82208277836505,5.801892846685466,5.687747730373677,5.732825518759678,5.748639222688189,5.804590528479849,,,,,,,,5.770297170284804,5.800844313596798,5.722893799589629,5.743831928885156,5.756145610042272,5.818304688520035,,,,5.745385207081696,5.687747730373677,5.756735697560885,5.741132846104674,5.768719585153115,"rgba(239, 83, 80, 1.0)",0.2852415333261929,5.726542960562535,-1.34841597917892,38.52850615755697,-7.4439450226860515,False,True,False,True,False,0.0,5.78786316394,,0.0,0.0,0.0,0.0,0,0.8852861149914689,1.0782424649953382,False,False,False,False,-0.34282825441539394,-0.27188291590193536,False,False,False,False,-4345801,-3120840.0312187527,False,False,False,False,191199.18494498127,False,False,False,False
2023-10-27 00:00:00+00:00,5.3077095611,5.395877494,5.2636255946,5.334159941,255300,,,,,,5.543799294473463,5.701016006583845,5.774452101004937,5.804831155401922,5.788261845971551,5.680646396023153,5.725444148508381,5.741635895424948,5.79787149986338,,,,,,,5.3224042165666665,5.744084257043347,5.782014692398765,5.713717519819936,5.736709333357156,5.749393109354162,5.811635536678066,,,,5.701016006583845,5.680646396023153,5.682607946180562,5.720010855424025,5.694279809316872,"rgba(239, 83, 80, 1.0)",0.2909587055702211,5.577825943666831,-0.9283667317582273,36.017578323423926,-9.683627949581819,False,True,False,True,False,0.0,5.784226771848,,0.0,0.0,0.0,0.0,0,0.8769071514494126,1.117939311891465,True,False,False,False,-0.34282825441539394,-0.3073555851586647,False,False,False,False,-4601101,-3230488.9918692154,False,False,False,False,195947.39346757525,False,False,False,False
2023-11-03 00:00:00+00:00,5.6251141196,5.7220988458,5.2900759745,5.2900759745,292871,,,,,,5.544147592058349,5.6843404980356365,5.763372598658465,5.794961319312887,5.78060327741741,5.677704378879026,5.721811978152802,5.73801225109785,5.793904909761673,,,,,,,5.441737972631328,5.7316071054170115,5.771809135823913,5.70941597034423,5.733077612567155,5.745820268268945,5.807596050395005,,,,5.6843404980356365,5.677704378879026,5.689072437419375,5.713119236701553,5.705866302206799,#000000,0.28910802259039675,5.600458292035581,0.08528240532207858,38.8916168785437,-9.683627949581819,False,True,False,True,True,0.0,5.787881322283999,,0.0,0.0,0.0,0.0,0,0.9080968726567108,1.0393287975655157,False,False,False,False,-0.16373801285583686,-0.23554679900725078,False,False,False,False,-4308230,-3310321.6591381626,False,False,False,False,203126.9198773845,False,False,False,False
2023-11-10 00:00:00+00:00,5.6162973263,5.6868316726,5.4928622202,5.6162973263,298907,,,,,,5.552503706177175,5.675876284803769,5.755612072436098,5.787614420629281,5.774921986178558,5.67598316447098,5.719322646574752,5.7354299335145615,5.790819289700869,,,,,,,5.497112106131662,5.723585800978116,5.764497825041437,5.706594736540611,5.730518111395928,5.743231443463462,5.804405722925062,,,,5.675876284803769,5.67598316447098,5.691465525297012,5.709658026848147,5.709992249496611,#000000,0.2863358194524064,5.61226947452268,0.014066880577576716,40.85402617871631,-14.00585327870099,False,True,False,True,True,0.0,5.78891168681,,0.0,0.0,0.0,0.0,0,0.9470892136230179,1.0333391850356026,False,False,False,False,-0.08281694876680822,-0.1591818738870295,False,False,False,False,-4607137,-3406382.054757558,False,False,False,False,210221.74062720788,False,False,False,False
2023-11-17 00:00:00+00:00,5.7151975653,5.8362763189,5.5722133598,5.5722133598,190734,,,,,,5.566348098458424,5.677775088535483,5.754219337569316,5.785754942630495,5.773612537932189,5.676420530750761,5.7191771311852415,5.735108148215488,5.789991379702076,,,,,,,5.535850921204252,5.723004115913149,5.763012704996909,5.706615545827027,5.730246532486524,5.7428391774483565,5.803474437601307,,,,5.677775088535483,5.676420530750761,5.697447218405028,5.711051976909674,5.715006205068219,#000000,0.28361476483420917,5.625744556027827,0.3154032171930933,43.43811085415235,-11.688822263121544,False,True,False,True,True,0.0,5.789635396075999,,0.0,0.0,0.0,0.0,0,0.9933175659482588,0.9921800371737748,False,False,False,False,0.026179545515696158,-0.06650116418566668,False,False,False,False,-4416403,-3481198.4210718125,False,False,False,False,208778.20428445173,False,False,False,False
2023-11-24 00:00:00+00:00,5.7507844322,5.7595702173,5.6796994438,5.706323035,119249,,,,,,5.574983832543223,5.6796427996923935,5.753785613912987,5.7849537945820995,5.773086485050539,5.676875884642937,5.719262761684555,5.735071226093628,5.789619341342174,,,,,,,5.555862168396888,5.723163006850733,5.762480188338934,5.706847255025643,5.730244830225832,5.742750805038532,5.803033928775525,,,,5.6796427996923935,5.676875884642937,5.7009947361709745,5.712207799775295,5.717768883236013,#000000,0.28275191659123905,5.63341295187081,0.4151041016597898,45.69291039532671,-9.681686700225455,False,True,False,True,True,0.0,5.792049982696001,,0.0,0.0,0.0,0.0,0,1.0104334420011878,1.0069208007803896,False,False,False,False,0.04083337855080306,-0.01283389281743181,False,False,False,False,-4297154,-3541639.5750664934,False,False,False,False,202146.41137449234,False,False,False,False
2023-12-01 00:00:00+00:00,5.8571900514,5.892688173,5.706323035,5.7595702173,256787,,,,,,5.5998527414890855,5.6895851717377655,5.756198931629973,5.785967960122935,5.7742425703378,5.679424491201293,5.720926377480569,5.736357925075787,5.790003130540866,,,,,,,5.603605635608156,5.727608262914751,5.764369573431759,5.70918294484881,5.731641947345662,5.74386209043145,5.80323408341759,,,,5.6895851717377655,5.679424491201293,5.7126788559090285,5.717819521134402,5.72621493399974,"rgba(38, 166, 154, 0.5)",0.2827841789943877,5.65516295293744,0.7144215039928723,48.46964247894182,-7.162446806184349,False,False,False,False,True,0.0,5.7968586814059995,,0.0,0.0,0.0,0.0,0,1.0148250920979585,0.9726240225443519,False,False,False,False,0.1173094700652816,0.05223778862392489,False,False,False,False,-4040367,-3578582.3472837904,False,False,False,False,206193.8623837892,False,False,False,False
2023-12-08 00:00:00+00:00,5.8749391122,5.892688173,5.8128173995,5.8128173995,165463,,,,,,5.615909387745596,5.697095303892653,5.758629576387732,5.787375772022833,5.775621983979353,5.681492696728166,5.722410728599826,5.737572649578411,5.790593925241532,,,,,,,5.630483373434044,5.73146501362238,5.766398509074868,5.7111866763963715,5.732936143591612,5.744947744908952,5.8036978141366005,,,,5.697095303892653,5.681492696728166,5.720372365019932,5.722013512366821,5.731587896452118,"rgba(38, 166, 154, 0.5)",0.2810665571516364,5.668738269673668,0.733637059549159,50.64114154941083,-5.218842653694111,True,False,False,False,True,0.0,5.80185667534,,0.0,0.0,0.0,0.0,0,1.0177196345728183,0.9932965839120622,False,False,False,False,0.16900767644881462,0.11062273253636976,False,False,False,False,-3874904,-3600532.099336843,False,False,False,False,203176.76146647148,False,False,False,False
2023-12-15 00:00:00+00:00,5.9126558663,6.0160441453,5.7684447476,5.8483155211,328382,,,,,5.899048253066666,5.646791655536425,5.713324895274536,5.764856920308343,5.791429212486696,5.779433824884955,5.686324104998076,5.726070862982996,5.740657258431749,5.79237698207353,,,,,,,5.676712967138858,5.740614582853961,5.771750303185521,5.716008229580055,5.736191216776667,5.7477510668858045,5.805215144693373,,,,5.713324895274536,5.686324104998076,5.750566098731376,5.750909966192337,5.742034787302034,"rgba(38, 166, 154, 0.5)",0.2810333578957273,5.7339694427541215,0.635819266736929,52.60046875193555,-3.449585950961449,True,False,False,False,True,0.3080104630675251,5.808603120306,,0.0,0.0,0.0,0.0,0,1.0074619665671036,0.9685513733031825,False,True,False,False,0.20792180893553816,0.15927227073595396,False,False,False,False,-3546522,-3596531.3512378177,False,False,False,False,212451.22358006617,False,False,False,False
2023-12-22 00:00:00+00:00,5.9240881919,5.9751763966,5.8279852053,5.903724362,268126,,,,,5.903558917638453,5.668240454051443,5.725379032549223,5.769896961220753,5.7948157811247425,5.782622731194789,5.690291398373918,5.729115726446165,5.74324392429479,5.793922880619663,,,,,,,5.705347940166057,5.747804229851808,5.776130073468273,5.719971262471907,5.738913920434287,5.750112339863529,5.806547416449947,,,,5.725379032549223,5.690291398373918,5.761396673758844,5.757990125324936,5.74926102610083,"rgba(38, 166, 154, 0.5)",0.28120070908007666,5.750631586101294,0.6168427041530377,54.12692044419265,-2.0576027072951817,True,False,True,False,True,0.5211260033091492,5.811436061994001,,0.0,0.0,0.0,0.0,0,1.0311978465517728,0.9722435694322693,False,False,False,False,0.21720879574426477,0.18824053324010936,False,False,False,False,-3278396,-3572965.769664646,False,False,False,False,216575.28109265387,False,False,False,False
2023-12-29 00:00:00+00:00,5.9394503793,5.9733900958,5.903724362,5.930518875,190867,,,,,5.912115002081093,5.683126829555515,5.734343516542906,5.77399795170024,5.797707903678623,5.785311140153789,5.6934032345734735,5.731570692728117,5.745359332683887,5.795276720342125,,,,,,,5.7241796658893875,5.753437126425691,5.779742285234841,5.723123414094977,5.741130471311808,5.752058531493595,5.807744541790652,,,,5.734343516542906,5.6934032345734735,5.769831285138537,5.763947033876719,5.754488005177279,"rgba(38, 166, 154, 0.5)",0.28171269409601024,5.763441253517225,0.6247823739273511,55.39540011342416,-0.8648122516851373,True,False,True,False,True,0.8113750562506112,5.811593899579999,,0.0,0.0,0.0,0.0,0,1.0441597482190657,0.9631853173967971,False,False,False,False,0.25437169169965784,0.2213061124698836,False,False,False,False,-3087529,-3537007.490430228,False,True,False,False,214670.9639746795,False,False,False,False
2024-01-05 00:00:00+00:00,5.9126558663,6.0019709096,5.8947928577,5.9662448923,232952,,,,,5.917676252082972,5.699066058730446,5.744198031177862,5.778672656200715,5.801027139496452,5.7884205401121065,5.697061376086591,5.734456640551739,5.747848958222412,5.7968683387169975,,,,,,,5.743203162994445,5.759794856001771,5.783876564876168,5.726808558631606,5.743738256839805,5.754350534976165,5.809150577255037,,,,5.744198031177862,5.697061376086591,5.778439340195105,5.77007233680486,5.760131787367857,"rgba(38, 166, 154, 0.5)",0.27979348587606573,5.776035876246431,0.4882886734328197,55.85032679741634,-0.39489810669786607,True,False,True,False,True,0.2891749202238749,5.813165328728001,,0.0,0.0,0.0,0.0,0,1.033052295671668,0.9729912475440149,False,False,False,False,0.26435860240549897,0.24283235743769127,False,False,False,False,-3320481,-3520968.4911391,False,False,False,False,216025.1147913699,False,False,False,False
2024-01-12 00:00:00+00:00,5.930518875,5.9929500902,5.8858613533,5.9394503793,228527,,,,,5.921110447784673,5.712865234576093,5.752972936619982,5.783003537797724,5.804131885321238,5.791348446953628,5.700544162705119,5.7372094470920985,5.7502286842988175,5.798394912824555,,,,,,,5.758817747245712,5.765615814617276,5.787724973002384,5.730301566664545,5.746229340853415,5.756543949883613,5.810500060235823,,,,5.752972936619982,5.700544162705119,5.785780322120635,5.775398262356319,5.765104778928967,"rgba(38, 166, 154, 0.5)",0.2756102046938083,5.786441591556615,0.5227574341938773,56.40745899747117,0.24082234011759596,True,False,True,False,True,0.6376233680057268,5.81292537455,,0.0,0.0,0.0,0.0,0,1.0300176068981057,0.9958040606660666,False,False,False,False,0.25523221389456097,0.24903228566612612,False,False,False,False,-3091954,-3489189.639943611,False,False,False,False,216951.18036237956,False,False,False,False
2024-01-19 00:00:00+00:00,5.7628177648,5.9483818836,5.7448370542,5.9394503793,243640,,,,,5.904389159731854,5.719040446544166,5.7560219999993905,5.784017920066102,5.804478983237053,5.791912893745957,5.702348589321394,5.738376239821491,5.751137300360322,5.798628710141235,,,,,,5.818678900866666,5.76356563048316,5.76741672643849,5.788535603072625,5.731844122213479,5.747214252590313,5.757331780799922,5.810591468423438,,,5.818678900866666,5.7560219999993905,5.702348589321394,5.7877082984003065,5.775073279058425,5.773147310611012,#000000,0.2671345831593233,5.801418534406461,-0.1444993349417393,54.16815697118666,0.24082234011759596,True,False,True,False,True,0.0,5.806997731068,,1.0,5.948382,5.7448373,0.0,0,0.9681086704826415,1.0212759313681903,False,False,False,False,0.16300236739552246,0.20601732653082427,False,False,False,False,-3335594,-3477812.185132973,False,False,False,False,218928.12996516627,False,False,False,False
2024-01-26 00:00:00+00:00,5.8167598968,5.8617116734,5.7666836176,5.7897888308,399093,,,,,5.885540466472362,5.727417818875901,5.7601920426855715,5.785399014050601,5.804876669501586,5.7926700649047485,5.705099590662134,5.74013379996117,5.752497454402942,5.798933037836872,,,,,,5.81642667669993,5.769485637818958,5.769925461933526,5.789626291975143,5.734156963629535,5.748691971637514,5.758506193932753,5.810671654759539,,,5.81642667669993,5.7601920426855715,5.705099590662134,5.788001676313999,5.775166183389259,5.774686356548362,#000000,0.26093482795655726,5.799717649966787,0.06531227343882925,53.335182471485794,0.24082234011759596,True,False,False,False,True,0.0,5.803815835298,,0.0,0.0,0.0,0.0,0,0.9549461945247848,1.0471827397441882,False,False,False,False,0.13444089419970084,0.17022911036526256,False,False,False,False,-2936501,-3437715.0603083083,False,False,False,False,232273.67589367248,False,False,False,False
2024-02-02 00:00:00+00:00,5.8617116734,5.9785862927,5.8212550744,5.8437309628,265827,,,,,5.8857430181313,5.736193124036965,5.765898979908332,5.788329312916619,5.806888407205771,5.794686158865556,5.708012648953381,5.742345186269562,5.754379918578362,5.80000902482337,,,,,,5.83712899595078,5.777858610066358,5.773899442164489,5.792227890604639,5.736938660580972,5.750672663815952,5.760226788336456,5.811577030627095,,,5.83712899595078,5.765898979908332,5.708012648953381,5.7946599217224355,5.7785121045359364,5.780066260268343,#000000,0.25658640660939225,5.809230937046351,0.20453435958336622,53.36002916606668,0.24082234011759596,True,False,False,False,True,0.0,5.80182567844,,0.0,0.0,0.0,0.0,0,0.9735200745222681,1.0262409875746379,False,False,False,False,0.26977789429119015,0.22000350232822635,False,False,False,False,-2670674,-3380897.2039891747,False,False,False,False,234759.10730895598,False,False,False,False
2024-02-09 00:00:00+00:00,5.8796923841,5.8886827394,5.8167598968,5.8527213181,152431,,,,,5.884157144662017,5.74002570332461,5.768305964563387,5.789521053411317,5.807646156563891,5.795496089363183,5.709409837234143,5.7433657158773395,5.755233287953613,5.800437413660072,,,,,,5.840660752687023,5.7811451345210445,5.775573421926185,5.793274402226837,5.738225819237247,5.751575884343756,5.760998992349037,5.811914917014605,,,5.840660752687023,5.768305964563387,5.709409837234143,5.7965829471653025,5.779740958124986,5.781671165538216,#000000,0.24904470741757465,5.811497183798673,0.2738271413533137,53.62684535336531,0.24082234011759596,True,False,False,False,True,0.0,5.800865877794,,0.0,0.0,0.0,0.0,0,0.9798992396552664,1.0296156775505578,False,False,False,False,0.23201784893006203,0.22601067562914418,False,False,False,False,-2518243,-3316996.8925825693,False,False,False,False,228660.72898977407,False,False,False,False
2024-02-16 00:00:00+00:00,5.8549689069,5.9605156785,5.8077695414,5.8617116734,436494,,,,,5.882609244071101,5.750831559636094,5.775427122398222,5.793293700527951,5.810188310015242,5.798135680761291,5.713596171594193,5.7464974764138805,5.75788641241362,5.80187955495469,,,,,,5.85050048687987,5.790557145338729,5.78068988952131,5.79662932250864,5.742133556120083,5.754372100133331,5.7634175725090175,5.813098334084906,,,5.85050048687987,5.775427122398222,5.713596171594193,5.802567308860239,5.783822408177247,5.786424800886985,#000000,0.2358512801923045,5.818624608981449,0.15409837033285154,53.40118829811162,0.24082234011759596,True,False,False,False,True,0.0,5.797986280858001,,0.0,0.0,0.0,0.0,0,0.989444136688951,1.0113425416155242,False,False,False,False,0.2676800050038081,0.24684534031647615,False,False,False,False,-2954737,-3290162.8264653417,False,False,False,False,244055.78610164265,False,False,False,False
2024-02-23 00:00:00+00:00,5.8730677289,5.9092653728,5.818771263,5.8640183179,200123,,,,,5.8815514307255965,5.754962983629429,5.778161605556934,5.794766090505923,5.811163558044002,5.7991762290557265,5.715360418231248,5.747803802719873,5.758989126639808,5.802456711504517,,,,,,5.85244963767897,5.79393887379241,5.78269153097072,5.79793909961462,5.743755301056557,5.7555357255257364,5.7644208008013464,5.813562510962447,,,5.85244963767897,5.778161605556934,5.715360418231248,5.804557656559325,5.785368264808591,5.788036685050351,#000000,0.22794810973413743,5.820725731456601,0.22962242373690353,53.51775381583208,0.24082234011759596,True,False,False,False,True,0.0,5.801086124602,,0.0,0.0,0.0,0.0,0,0.9993479581717218,1.0119220064891254,False,False,False,False,0.2447684868203917,0.24580691356843393,False,False,False,False,-2754614,-3250492.5430234643,False,False,False,False,240801.50564966912,False,False,False,False
2024-03-01 00:00:00+00:00,5.8730677289,5.8911665509,5.79162303,5.8911665509,293898,,,,,5.878866826183039,5.759775829111905,5.781260542092314,5.796395212028664,5.812165970622618,5.800321371097485,5.71762859734129,5.7494354475864675,5.760348255463113,5.803092332650722,,,,,5.8519524366,5.852376262854738,5.797476474197505,5.784971863011846,5.799375533517284,5.745779848040338,5.75697633754705,5.765647959707414,5.81404165215303,,,5.852376262854738,5.781260542092314,5.71762859734129,5.812884430760001,5.786981224507972,5.794319589434522,#000000,0.228428836417249,5.845167999958821,0.12213750846332438,53.60101489991813,0.24082234011759596,True,False,False,False,True,0.0,5.804486721988001,,0.0,0.0,0.0,0.0,0,0.9931093614979286,1.0101678504715481,False,False,False,False,0.21930786149927853,0.23255738753385624,False,False,False,False,-2754614,-3213760.7990958,False,False,False,False,244734.57930524918,False,False,False,False
2024-03-08 00:00:00+00:00,5.9364136058,5.9635618387,5.827820674,5.827820674,437592,,,,,5.882483556587839,5.770060812947715,5.78879355133916,5.800987951196614,5.815593541899711,5.803730853549675,5.7222523710169115,5.753078696035978,5.763520846124937,5.8050843450026,,,,,5.886238185403424,5.862624601708813,5.806781302153012,5.790780134568246,5.803561059942235,5.750211137082592,5.760290549980174,5.768584550284375,5.815778923454166,,,5.862624601708813,5.78879355133916,5.7222523710169115,5.823593761988103,5.792122666821701,5.803633940140359,"rgba(38, 166, 154, 0.5)",0.2165347043369914,5.8595319114632725,0.35505483784750475,54.66984995837382,0.24082234011759596,True,False,True,False,True,0.9253371023496086,5.808985507982,,0.0,0.0,0.0,0.0,0,1.0113314579968777,0.9777175725865969,False,False,False,False,0.28095172555806047,0.25675455654595836,False,False,False,False,-2317022,-3147335.7028664816,False,False,False,False,259020.31417152702,False,False,False,False
2024-03-15 00:00:00+00:00,5.8911665509,5.9726112497,5.8368700849,5.9545124277,256247,,,,,5.883638525019009,5.775101499887111,5.792505396588761,5.803297299632647,5.817307337655112,5.805467245981806,5.724731762740709,5.75501683147871,5.765205176574297,5.806118169041253,,,,,5.889864417160293,5.86621172859859,5.811123790194042,5.793695029048172,5.805669813397709,5.752554860144605,5.762051301597516,5.770142007270048,5.816671467687496,,,5.86621172859859,5.792505396588761,5.724731762740709,5.826929710766079,5.794633237372983,5.806414118426372,#000000,0.20855611043037547,5.862709615242983,0.13644738386371613,54.52737279783648,0.24082234011759596,True,False,True,False,True,0.0,5.80650511137,,0.0,0.0,0.0,0.0,1,1.009341272295101,0.9778406325384471,False,False,False,False,0.2914189230155587,0.27408673978075854,False,False,False,False,-2573269,-3104812.2433948903,False,False,False,False,258814.88349215465,False,False,False,False
2024-03-22 00:00:00+00:00,5.9102802845,5.9754085947,5.8752111945,5.8752111945,470229,,,,,5.887552608816223,5.784735881103233,5.799867656700709,5.808089546820828,5.820997820002174,5.809138322227469,5.729607040041133,5.758917758901446,5.7686345258539635,5.808350681632879,,,,,5.8996806304568254,5.874271715569192,5.819703347476338,5.79959486280941,5.81008250108848,5.757230326670671,5.765623025334541,5.773333008840875,5.818643360170778,,,5.874271715569192,5.799867656700709,5.729607040041133,5.834187031219095,5.7998633293266515,5.812439927280792,"rgba(38, 166, 154, 0.5)",0.193750455914252,5.8703020755796445,0.2063386572780424,54.74530473041912,0.48820614301198617,True,False,True,False,True,0.37322022517290065,5.804069531568,,0.0,0.0,0.0,0.0,1,1.028461920577565,1.0015048517089074,False,False,False,False,0.31544779700337616,0.29476726839206735,False,False,False,False,-2103040,-3030606.8920323057,False,False,False,False,274475.1884186617,False,False,False,False
2024-03-29 00:00:00+00:00,6.0482794312,6.0573882858,5.9070921854,5.9207554673,293286,,,,,5.894838424672436,5.793459590580041,5.8069568962721565,5.812975943505904,5.8250038707844825,5.812952717955202,5.733811943002136,5.7624768176351076,5.771839744990839,5.8107109144000235,,,,,5.917193644114637,5.885325159085601,5.828326209040612,5.805375260093464,5.814635168106653,5.761451266741391,5.768935663853925,5.776353683908056,5.820820382976409,,,5.885325159085601,5.8069568962721565,5.733811943002136,5.843056390920606,5.805309525550933,5.819699506868043,"rgba(38, 166, 154, 1.0)",0.17773365596783386,5.881420859228321,0.9388124666826033,56.930372367697515,2.805167257618308,True,False,True,False,True,3.233319410517648,5.807093597593999,,0.0,0.0,0.0,0.0,1,1.1005337184765789,0.928913066548005,False,False,False,False,0.34282814090270286,0.3187977046473851,False,False,False,False,-1809754,-2940173.344474357,False,False,False,False,275868.5818691312,False,False,False,False
2024-04-05 00:00:00+00:00,6.0391705766,6.093823704,6.0021886271,6.0482794312,315976,,,,6.045060969233333,5.90430584661918,5.803789600927119,5.81553409689257,5.819041607723689,5.830067336120928,5.817740522386374,5.738862600567147,5.766825423649706,5.775786191977885,5.813713818839209,,,,,5.936738177142298,5.898731501977361,5.838713433703045,5.812453328792631,5.820312464187878,5.7665779133349195,5.773004501162939,5.780087959078374,5.823618624409095,,,5.898731501977361,5.81553409689257,5.738862600567147,5.881915869410943,5.846800322558792,5.82832740992243,"rgba(38, 166, 154, 1.0)",0.17193878523179978,5.946209123743044,0.5406659860463128,58.29307383370891,4.25878326063139,True,False,True,False,True,3.0318914203140075,5.810401557652,,0.0,0.0,0.0,0.0,1,1.1453580286978444,0.8691063247062084,False,False,False,False,0.34282815129632377,0.33081292797185446,False,False,False,False,-2125730,-2879844.2078466266,False,False,False,False,278839.50173067703,False,False,False,False
2024-04-12 00:00:00+00:00,5.9207554673,6.0847148495,5.9025377582,6.0391705766,199474,,,,6.015756172403379,5.90679413008817,5.807972011153545,5.818953946644872,5.8214810988510495,5.832061381253717,5.819689224509064,5.741199643397002,5.768773847764513,5.77753513099681,5.814962585320396,,,,,5.939606848499877,5.902284142064896,5.8425494155471265,5.815324493272646,5.822594878828759,5.768865590968944,5.7748140280266185,5.781733834576453,5.824757579793872,,,5.902284142064896,5.818953946644872,5.741199643397002,5.881155144959314,5.8454884510376,5.830971653973165,"rgba(38, 166, 154, 0.5)",0.16550486137588719,5.9411103232640805,-0.12298645365981868,56.90397070237207,4.25878326063139,True,False,True,False,True,0.45478632121568197,5.811341215523999,,0.0,0.0,0.0,0.0,1,1.0967373026507448,0.9192744987169711,False,False,False,False,0.2877152498193757,0.3092640888956151,False,False,False,False,-2325204,-2838759.748006136,False,False,False,False,272960.5756765528,False,False,False,False
2024-04-19 00:00:00+00:00,5.9327554428,5.9602643552,5.8135501557,5.9025377582,190156,,,,5.98515086007004,5.906632098985851,5.810187801634826,5.820681657112439,5.822710894680936,5.833005687293719,5.82068796179827,5.742740958466431,5.769986406207158,5.778599739173123,5.815624766494401,,,,5.902189984566665,5.936710856473442,5.9022798323381505,5.844173590165902,5.816814000069932,5.823740272291235,5.770284333948392,5.77592342526524,5.782724284446903,5.825330267440754,,,5.9022798323381505,5.820681657112439,5.742740958466431,5.888500835168414,5.842724740005314,5.84651453688987,"rgba(38, 166, 154, 0.5)",0.16193727823502446,5.931582883362074,0.007240824661903619,56.10258054251683,4.25878326063139,True,False,True,False,True,0.7085013998892897,5.814388257249999,,0.0,0.0,0.0,0.0,1,1.1217566702702733,0.9043683499156512,False,False,False,False,0.1840163788086529,0.246640233852134,False,False,False,False,-2135048,-2786632.951857534,False,False,False,False,266826.9034042155,False,False,False,False
2024-04-26 00:00:00+00:00,6.0244518175,6.0519607299,5.9510947178,5.9510947178,174892,,,,5.9899215648179025,5.909846910318339,5.814400627205649,5.8242125868708365,5.825287862329718,5.835160689405824,5.822763412200289,5.745066500382465,5.771969159972667,5.780396722628556,5.816966735595408,,,,5.953442941513751,5.941526042223646,5.906597811071064,5.848205207343683,5.81980050374394,5.826162389934011,5.772599662542056,5.777776991268082,5.784423912189554,5.826572342987045,,,5.906597811071064,5.8242125868708365,5.745066500382465,5.898519211420609,5.845832519191378,5.855763943705029,"rgba(38, 166, 154, 1.0)",0.15790027817361418,5.947872089906591,0.4849879207255637,56.908265305915634,4.25878326063139,True,False,True,False,True,2.6290983245247084,5.819905834767999,,0.0,0.0,0.0,0.0,1,1.1713805723136628,0.8229095700006811,False,False,False,False,0.2805283814866326,0.2635843076693833,False,False,False,False,-1960156,-2725412.4369051238,False,False,False,False,260016.9105594588,False,False,False,False
2024-05-03 00:00:00+00:00,6.1115633735,6.1253178297,5.9786036302,6.033621455,308718,,,,6.011184377139977,5.918341416590063,5.823674767751481,5.832138480476622,5.831159236124776,5.840163161391277,5.827512262021557,5.750024733323785,5.776293694496238,5.784351636902614,5.82004832825899,,,,6.007686824772358,5.955206397038818,5.917595823873706,5.857451689886255,5.8265234174273255,5.831699139469263,5.777632952802842,5.781844792753773,5.788181945555199,5.829462846290314,,,5.917595823873706,5.832138480476622,5.750024733323785,5.91540997219116,5.854274804352443,5.869455129753042,"rgba(0, 255, 255, 0.75)",0.15860763967502195,5.972918355706215,0.8741383332975715,58.617775671845735,4.782233599507812,True,False,True,False,True,4.398428991018829,5.826994809144,,0.0,0.0,0.0,0.0,1,1.1853725384474687,0.8795830514575323,False,False,False,False,0.3428280941394096,0.30320620090439643,False,False,False,False,-1651438,-2645858.7749121515,False,False,False,False,263624.39866616554,False,False,False,False
2024-05-10 00:00:00+00:00,6.2445231168,6.2811099703,6.1344874672,6.1436571046,246942,,,,6.047096352595985,5.9304874309201745,5.834776967485784,5.841822266525063,5.83842876027621,5.846479137423911,5.833408920114915,5.755661126908226,5.781354372526778,5.789030288985056,5.823879881716236,,,,6.064641867439213,5.975724179567294,5.932884655023893,5.86906016956355,5.834744634847642,5.838576102392932,5.783506488802251,5.7866405611973,5.792652101650161,5.833110544943653,,,5.932884655023893,5.841822266525063,5.755661126908226,5.9370617361401195,5.866020120281284,5.885722332354259,"rgba(0, 255, 0, 1.0)",0.16481400928275106,6.005086763656597,1.45276699587249,61.285572743192404,7.376300252690456,True,False,True,False,True,6.988120995084408,5.83879298954,,0.0,0.0,0.0,0.0,1,1.1669567868622532,0.823577855922384,False,False,False,False,0.34282810732935964,0.32301715411687804,False,False,False,False,-1404496,-2553905.9767705104,False,False,False,False,262388.66543163476,False,False,False,False
2024-05-17 00:00:00+00:00,6.3111172728,6.3480243913,6.2445231168,6.2720320292,168995,,,,6.073851369163942,5.940427704105014,5.843549928532372,5.8495390392413995,5.844274428964007,5.851595110201934,5.838169329438644,5.760101928682824,5.785380326020403,5.792766881822572,5.826988692678674,,,,6.101331489132624,5.992112975165588,5.945201026378756,5.8783257710078045,5.841319952606576,5.844115711137652,5.788167918241565,5.790466010198652,5.796229317193513,5.836083393688118,,,5.945201026378756,5.8495390392413995,5.760101928682824,5.953042412840937,5.875188604791267,5.8976301067336525,"rgba(0, 255, 0, 1.0)",0.17201869604359052,6.028124214960227,1.645129653628233,63.81582410864732,9.772811027854317,True,False,True,False,True,8.23965371167148,5.849873041902,,0.0,0.0,0.0,0.0,0,1.1839395841961946,0.8395894505921856,False,False,False,False,0.34282812597150564,0.3329226400441918,False,False,False,False,-1235501,-2456246.3488615835,False,False,False,False,255470.61614040256,False,False,False,False
2024-05-24 00:00:00+00:00,6.2926637135,6.4033850692,6.255756595,6.3111172728,268547,,,,6.108738986865211,5.955827655206473,5.857297407284941,5.861699388144677,5.853581623433753,5.859774012090201,5.845793237270579,5.767216822233828,5.791846258829581,5.798777665178311,5.832010774679872,,,,6.144025562763867,6.016201440276282,5.963973495433271,5.89278788843845,5.851747266679401,5.852950430423385,5.795631428639608,5.796616680511644,5.801988810064461,5.840890919759519,,,5.963973495433271,5.861699388144677,5.767216822233828,5.975068978051647,5.888741141566207,5.914241774145738,"rgba(0, 255, 0, 1.0)",0.17760503868997657,6.058234871334658,1.3199447712435408,65.2252482451394,11.065934221827789,True,False,True,False,True,7.808778251083069,5.859729851764,,0.0,0.0,0.0,0.0,0,1.1524553610765222,0.8044904877341666,False,False,False,False,0.3428281146859038,0.3378753773650478,False,False,False,False,-1504048,-2385713.1378348,False,False,False,False,256439.2371670394,False,False,False,False
2024-05-31 00:00:00+00:00,6.357251171,6.357251171,6.2003959171,6.2834369339,176974,,,,6.125673465337737,5.964983682500123,5.865698219567673,5.869166071777579,5.859359968006934,5.864867934455547,5.850558501523957,5.771704409659342,5.795924317480554,5.802571846569859,5.835182001390821,,,,6.162578092052155,6.0296430050193095,5.974946574750145,5.901547189705241,5.858197629612705,5.858444860592137,5.80032257295785,5.800498160790989,5.805626278610739,5.843926466460529,,,5.974946574750145,5.869166071777579,5.771704409659342,5.986779537588745,5.896501531603612,5.923272260685066,"rgba(0, 255, 0, 1.0)",0.1849179198475265,6.073210284289837,1.5360376481866558,66.85071767027955,12.578457160279022,True,False,True,False,True,9.028387098430048,5.871348204997999,,0.0,0.0,0.0,0.0,0,1.1298221199498413,0.8551641937223807,False,False,False,False,0.27149094632240883,0.30468316184372835,False,False,False,False,-1327074,-2307295.4239211115,False,False,False,False,250552.92330281428,False,False,False,False
2024-06-07 00:00:00+00:00,6.2834369339,6.4126118488,6.2465298153,6.357251171,247915,,,6.314192866,6.146006281345812,5.977357959990303,5.877186258819306,5.8794252637643005,5.867372741976647,5.871956408887732,5.857202223251853,5.77797299209163,5.8016308776920535,5.807888167354451,5.839639442679262,,,,6.183657534924124,6.047062004625721,5.989579891947951,5.9134764874603185,5.86711129488877,5.866075385317709,5.806868253926501,5.805934579136424,5.810726798257799,5.848196433462193,,,5.989579891947951,5.8794252637643005,5.77797299209163,6.056064910639192,5.9738375005044935,5.93497067902844,"rgba(0, 255, 0, 1.0)",0.18812951118765037,6.172729671723914,0.5884630299478136,66.42702333624503,12.578457160279022,True,False,True,False,True,7.286568784434692,5.88234984693,,0.0,0.0,0.0,0.0,0,1.1094351980767247,0.8429483827249785,False,False,False,False,0.34282811063069907,0.3237556362372137,False,False,False,False,-1574989,-2253050.5036306586,False,False,False,False,250357.5215766799,False,False,False,False
2024-06-14 00:00:00+00:00,6.255756595,6.3421192524,6.228076256,6.2834369339,177435,,,6.297975929305237,6.155272876752399,5.984727678193659,5.884353657808415,5.885851153556201,5.872452313801378,5.876459870926483,5.861446823741873,5.782052385704387,5.8053345962217415,5.811338788005898,5.84252187740334,,,,6.19195289253181,6.056642758369935,5.998136992648623,5.920811444296853,5.872743495140465,5.870921269945174,5.811100382332613,5.809463113347665,5.814037859771873,5.850954182591834,,,5.998136992648623,5.885851153556201,5.782052385704387,6.061234278738366,5.9773175380107055,5.941471543576643,"rgba(0, 255, 0, 1.0)",0.1929777953981657,6.1754611142398455,0.4160866310783755,65.55534167150148,12.578457160279022,True,False,True,False,True,6.639009190304723,5.891766393957999,,0.0,0.0,0.0,0.0,0,1.1214413525490012,0.894152299216847,False,False,False,False,0.2801528374722202,0.30195423685471695,False,False,False,False,-1752424,-2215967.0589172766,False,False,False,False,244955.85331174065,False,False,False,False
2024-06-21 00:00:00+00:00,6.2395514634,6.3045467912,6.2025041266,6.2188494764,118809,,,6.287253827709633,6.159558269642265,5.989031000940041,5.888695316091232,5.889754148482968,5.875564726009517,5.879223288772893,5.864062545718678,5.784602235539445,5.807644612387045,5.81349085859686,5.844314050037594,,,,6.1952048008593525,6.061897608338008,6.003065938599895,5.925204662404853,5.876186564776218,5.873894325968508,5.813732651461039,5.811663814123977,5.8161030423595745,5.85266707011908,,6.2488674604,6.003065938599895,5.889754148482968,5.784602235539445,6.06373892807316,5.979142890420904,5.9451062958164815,"rgba(0, 255, 255, 0.75)",0.19736412027777336,6.175978626637314,0.32210939188547616,64.59314164243803,12.578457160279022,True,False,True,False,True,6.257006263804222,5.90103075304,,1.0,6.304547,6.202504,0.0,0,1.0975358930912253,0.8917283742536313,False,False,False,False,0.236951499027845,0.269452867941281,False,False,False,False,-1871233,-2190431.202701182,False,False,False,False,235611.6419553154,False,False,False,False
2024-06-28 00:00:00+00:00,6.3231168848,6.3416869784,6.2302664166,6.2302664166,177971,,,6.289990177052251,6.168466979423263,5.9964001036788055,5.895876339118361,5.896230555395041,5.880737346297665,5.883830939203091,5.868410876026777,5.788771757549393,5.811443363477189,5.817037223205227,5.847294083160638,,,,6.203337356634103,6.071199631051381,6.011512746843402,5.932542950448664,5.881897240427738,5.878837714017851,5.818058764537663,5.815287958890665,5.81950975911017,5.855522565516527,,6.278544864966504,6.011512746843402,5.896230555395041,5.788771757549393,6.071165785531279,5.9849929145244065,5.951584295356433,"rgba(0, 255, 0, 1.0)",0.20373766379607627,6.18324853604025,0.6865119887687823,64.92013761100785,12.578457160279022,True,False,True,False,True,7.908899036548437,5.9085109353259995,,0.0,0.0,0.0,0.0,0,1.0821036798990775,0.8815274052776028,False,False,False,False,0.28136951774739055,0.2754111928443358,False,False,False,False,-1693262,-2153603.8543529464,False,False,False,False,231341.9647734402,False,False,False,False
2024-07-05 00:00:00+00:00,6.3324019316,6.3788271657,6.3045467912,6.3045467912,141459,,,6.29795132525447,6.176724885462699,6.002759308154087,5.901959904642918,5.901734250162935,5.885146851607102,5.887770187956527,5.872123170508669,5.792295791719212,5.814667135710796,5.820051794010324,5.8498437936507734,,,,6.211313376998481,6.079307000090285,6.018784066101999,5.938792269068962,5.886755298886402,5.88305458971483,5.821726111791316,5.818367053066119,5.822408078392434,5.857970127603241,,6.297927444830787,6.018784066101999,5.901734250162935,5.792295791719212,6.078449016971738,5.990771235468676,5.957262470714799,"rgba(0, 255, 0, 1.0)",0.2100134631914517,6.191324146951484,0.6717559079529452,65.26190831652221,12.578457160279022,True,False,True,False,True,8.091191251978966,5.914598519984,,0.0,0.0,0.0,0.0,0,1.107827010571652,0.8777976791298848,False,False,False,False,0.34282811400356117,0.3091196534239485,False,False,False,False,-1551803,-2109026.0132897655,False,False,False,False,224683.967382815,False,False,False,False
2024-07-12 00:00:00+00:00,6.4623925871,6.4716776339,6.2952617443,6.3231168848,235621,,,6.321921770505332,6.1941579236616855,6.014979861677013,5.913322984575741,5.912048864447579,5.893429853028553,5.895194713167776,5.87910211070524,5.798818304003595,5.820667956151858,5.825675178817751,5.854642540396065,,,,6.229063783017469,6.095194285744817,6.0327452414246,5.9505643111138875,5.895860983000486,5.890980439130243,5.828546912192381,5.824106969445907,5.827820409144551,5.862588034673451,,6.337036725472921,6.0327452414246,5.912048864447579,5.798818304003595,6.093993770215068,6.003019760221115,5.968382865633724,"rgba(0, 255, 0, 1.0)",0.21926536510983954,6.2100844407323255,1.1506976774069289,66.88284981821457,12.746872165005918,True,False,True,False,True,10.59124901330583,5.923458888273999,,0.0,0.0,0.0,0.0,0,1.105530618397539,0.8504014902737796,False,False,False,False,0.3428281243093294,0.3259738888666389,False,False,False,False,-1316182,-2050296.8271201532,False,False,False,False,225494.11794705092,False,False,False,False
2024-07-19 00:00:00+00:00,6.4088888544,6.4995327744,6.3881122125,6.4438224935,235532,,,6.3413778584876495,6.210717581960835,6.027136476683309,5.924674744089778,5.922394895481801,5.9018004273814295,5.9027223339077,5.886186593721688,5.80543613282773,5.826770305567912,5.831401774223515,5.859548242307343,,,,6.245732930071715,6.11064602133028,6.046511027885834,5.9623041419610905,5.905034945783589,5.899000386956402,5.835465559179071,5.829949671925015,5.833336367761581,5.867313428953224,,6.361678246634608,6.046511027885834,5.922394895481801,5.80543613282773,6.108637597808812,6.014626363964274,5.979330585636625,"rgba(0, 255, 0, 1.0)",0.22688507882212822,6.22711859796262,0.8011556219608561,66.84456998707566,12.805425372461528,True,False,True,False,True,9.268798531230512,5.9328059166100005,,0.0,0.0,0.0,0.0,0,1.1789675901914205,0.8244133130263039,False,False,False,False,0.3428281367806675,0.3344010128236532,False,False,False,False,-1551714,-2013364.7658519938,False,False,False,False,226237.6647657879,False,False,False,False
2024-07-26 00:00:00+00:00,6.4742856794,6.5396825045,6.3996398748,6.418231258,206888,,,6.3588004559738485,6.225719442118752,6.03821871678959,5.93497974371057,5.931819122279046,5.909466750168262,5.9096371845766775,5.8926956422802546,5.811491001115734,5.832370021677643,5.83666445332612,5.8640781122587935,,,,6.260893541174083,6.124605797795327,6.058989590778587,5.972972040662957,5.9134158158659,5.906352871611649,5.841802242993845,5.835316580696613,5.838409477385736,5.871682258782564,,6.381977179034814,6.058989590778587,5.931819122279046,5.811491001115734,6.1218974161254645,6.025167132237126,5.989293560197369,"rgba(0, 255, 0, 1.0)",0.23615493863477913,6.242504809265503,0.981477971514937,67.49880376824837,13.56113017350362,True,False,True,False,True,10.511533760101848,5.942596028833999,,0.0,0.0,0.0,0.0,0,1.174853125342906,0.7899520694630272,False,False,False,False,0.34282813652631566,0.33861457467498446,False,False,False,False,-1344826,-1963843.375788883,False,False,False,False,224804.3562646184,False,False,False,False
2024-08-02 00:00:00+00:00,6.637777742,6.661133751,6.4556008723,6.5116552937,300457,,,6.395668637903609,6.253437434779054,6.057337034025427,5.952300565496138,5.947708247979548,5.922419062931455,5.9213575763328565,5.9037016654943475,5.821572041066269,5.841747308154088,5.845496348644613,5.871747679045966,,,,6.289712686507882,6.149106064371394,6.080509997752799,5.9910490431510635,5.927546037542699,5.918782035651575,5.852404524951397,5.844317330391162,5.8469324687209,5.879097065303225,,6.4249991301561,6.080509997752799,5.947708247979548,5.821572041066269,6.146140182998421,6.044241278117804,6.006678465039997,"rgba(0, 255, 0, 1.0)",0.25059998776693015,6.271981205890485,1.4596829767195465,69.38762103354979,15.485867644114265,True,False,True,False,True,13.47872996499574,5.957345683336,,0.0,0.0,0.0,0.0,0,1.1743365093635474,0.7926267213870032,False,False,False,False,0.3428281511119251,0.3407213628934548,False,False,False,False,-1044369,-1895734.1627674843,False,False,False,False,230408.2558005726,False,False,False,False
2024-08-09 00:00:00+00:00,6.5957369259,6.6331065402,6.4742856794,6.5863945224,295880,,,6.419477945503115,6.275637208481571,6.07433039844718,5.968040229250967,5.9622165685259585,5.93438008237534,5.932220604786229,5.913939166890169,5.831028834856724,5.850548461272351,5.853795452933371,5.878964935813405,,,,6.312105685085839,6.1699576938868255,6.099384319653171,6.0073521011347575,5.94054382276655,5.930281211074065,5.8623163720675855,5.852771996197317,5.854947077857161,5.886076174730563,,6.449654501376242,6.099384319653171,5.9622165685259585,5.831028834856724,6.165785697680428,6.060030275532567,6.021839150233264,"rgba(0, 255, 0, 1.0)",0.26230664958059213,6.294294633239338,1.1491980593806692,69.83641706071909,15.998586442447532,True,False,True,False,True,12.423275070156908,5.97212477152,,0.0,0.0,0.0,0.0,0,1.17506498156916,0.7790133242746782,False,False,False,False,0.338010272469818,0.33936581768163643,False,False,False,False,-1340249,-1854587.1136735964,False,False,False,False,235258.01463015983,False,False,False,False
2024-08-16 00:00:00+00:00,6.6517913474,6.6704761546,6.5957369259,6.6144217331,150083,,,6.433899298921627,6.288218056450614,6.0837143567052925,5.976637539024962,5.970159489332439,5.940946457685937,5.938197841906194,5.919568128161846,5.83619220792614,5.855369473103811,5.858347696177364,5.882943706506005,,,,6.324951096806117,6.181525149261453,6.109790292717174,6.016286926250682,5.947667292764793,5.936597749603763,5.867739733619548,5.857407583240954,5.859346395522107,5.889928811525678,,6.464937579517714,6.109790292717174,5.970159489332439,5.83619220792614,6.176877839517241,6.068917646023614,6.03024572803306,"rgba(0, 255, 0, 1.0)",0.27405274745759556,6.307148400359953,1.257578879384793,70.63215926841224,16.859718473240378,True,False,True,False,True,13.42266359507503,5.988198998134001,,0.0,0.0,0.0,0.0,0,1.2172543423944462,0.7840564579962273,False,False,False,False,0.3428281608639847,0.34109698927281057,False,False,False,False,-1190166,-1805370.7348829596,False,False,False,False,228948.75428718503,False,False,False,False
2024-08-23 00:00:00+00:00,6.7188073253,6.7385436456,6.6539594157,6.682154159,225241,,,6.458085107730735,6.30872640047671,6.098793910010627,5.990349855428239,5.982851140541622,5.95146306264353,5.947788275418682,5.92859565372228,5.8444305247265085,5.863080820714314,5.865637006841785,5.889339494428477,,,,6.346026868440988,6.200151743003403,6.126487102178775,6.030570622116136,5.959060531569092,5.946719162617608,5.876406352157351,5.864827847252646,5.866394797067691,5.896128198580837,,6.490702140033508,6.126487102178775,5.982851140541622,5.8444305247265085,6.194898951173202,6.083331675746553,6.043781278667,"rgba(0, 255, 0, 1.0)",0.28690655860639336,6.328247529912959,1.361278728810273,71.73514722551798,18.011395247177163,True,False,True,False,True,14.5994691054104,6.006309744307999,,0.0,0.0,0.0,0.0,0,1.2306977298185702,0.7482116594913872,False,False,False,False,0.34282816777426783,0.3419625785235392,False,False,False,False,-964925,-1743115.4952619995,False,False,False,False,228674.10582146762,False,False,False,False
2024-08-30 00:00:00+00:00,6.8428641958,6.8889156098,6.7291453978,6.7291453978,330434,,,6.5001745825330435,6.343264673062368,6.123649009127958,6.012692739342634,6.003579629431909,5.968687109218722,5.963533756030528,5.943404796389571,5.857838233113337,5.875676716948367,5.877561639861441,5.899861026201239,,,,6.381815991350084,6.230987073533475,6.153965830466935,6.05392988350231,5.977687234092882,5.963306146923416,5.890545944890587,5.876960950203682,5.877934397851529,5.90634174693755,,6.535737800458488,6.153965830466935,6.003579629431909,5.857838233113337,6.225059972864851,6.107373286892092,6.066149881870421,"rgba(0, 255, 0, 1.0)",0.30320712890583845,6.364060580119743,1.5791304690232084,73.39292932869063,19.6739783916304,True,False,True,False,True,16.703923445698802,6.025639765388,,0.0,0.0,0.0,0.0,0,1.2524409604353242,0.7019662805390762,False,False,False,False,0.3428281740945131,0.34239537630902617,False,False,False,False,-634491,-1660995.1622796291,False,False,False,False,236211.87576061816,False,False,False,False
2024-09-06 00:00:00+00:00,6.8513226187,6.9077121053,6.8137296277,6.8231278755,185722,,,6.522086025938921,6.362067606830741,6.137589583808912,6.025286121660804,6.015297417009659,5.97848229095876,5.972510942234958,5.951859177293819,5.865499282627957,5.882885544020436,5.884393975970958,5.905906275313452,,,,6.401173651686018,6.248022243335801,6.169287489448568,6.067072006927067,5.988254747147556,5.972748997070153,5.898620019449115,5.883910296147635,5.884550315320469,5.9122139671771,,6.558691893386691,6.169287489448568,6.015297417009659,5.865499282627957,6.241573091204604,6.1206473957170715,6.078636181401489,"rgba(0, 255, 0, 1.0)",0.3198035589589903,6.38333738194787,1.4633521849334454,74.63254006527531,20.907582321680124,True,False,True,False,True,16.844894224651377,6.047766240980001,,0.0,0.0,0.0,0.0,0,1.2695684245790007,0.713927476100553,False,False,False,False,0.34282817835797275,0.34261177733349946,False,False,False,False,-448769,-1571200.6317403973,False,False,False,False,232471.88496353535,False,False,False,False
2024-09-13 00:00:00+00:00,6.9734998397,6.9922963352,6.841924371,6.841924371,123027,,,6.538235606983404,6.375635877500967,6.147509384543389,6.034189340293055,6.023589553154395,5.985420415701621,5.978876538380084,5.957850866980096,5.870905384109342,5.887981897799795,5.889227702399091,5.910195066048298,,,,6.41520753804577,6.2601912844228735,6.1801884132459595,6.0763828547749705,5.995734437589918,5.979439149498438,5.904325443503291,5.888825680042339,5.889232689019928,5.916383081072332,,6.575708950293208,6.1801884132459595,6.023589553154395,5.870905384109342,6.253442537476298,6.1301634479421265,6.087536850140445,"rgba(0, 255, 0, 1.0)",0.33968185897486125,6.397317576738254,1.6962409022978977,76.26874064132286,22.507906682215435,True,False,True,False,True,18.84633459029549,6.076014461468,,0.0,0.0,0.0,0.0,0,1.273967978951233,0.693277616942428,False,False,False,False,0.3428281825210726,0.34271997992728603,False,False,False,False,-325742,-1478944.4367966643,False,False,False,False,224364.85644771793,False,False,False,False
2024-09-20 00:00:00+00:00,7.0889504921,7.1144735561,6.9828980874,7.039287574,290641,,,6.5824567891266215,6.411952664245333,6.173591864779251,6.057395720003981,6.0452275513945954,6.0035426362339805,5.995525416171275,5.9735096157942245,5.884950515549085,5.901254498794797,5.901828163305755,5.921415820592003,,,,6.452974274408871,6.292360832601877,6.208851263592662,6.1007220348274,6.015254305380349,5.996918354322311,5.919176774327193,5.901635242276107,5.901444458824558,5.927301309378922,,6.622553991435291,6.208851263592662,6.0452275513945954,5.884950515549085,6.285038180448249,6.1554002822186575,6.110986635217096,"rgba(0, 255, 0, 1.0)",0.3622260939876446,6.434936140095675,1.8055417951933455,78.03632171095562,24.210118465212133,True,False,True,False,True,20.0,6.106746847408,,0.0,0.0,0.0,0.0,0,1.297441537394971,0.6600190432699523,False,False,False,False,0.3428281906633539,0.34277408529531994,False,False,False,False,-35101,-1371993.0711080225,False,False,False,False,229274.20041455363,False,False,False,False
2024-09-27 00:00:00+00:00,7.164565964,7.178743865,7.0605946901,7.1267582281,184941,,,6.610604193921666,6.435488483735037,6.19072068548361,6.072651794905613,6.059481975128157,6.015528508139636,6.006558043237606,5.983893056652368,5.894256682261822,5.910063001974776,5.910198549304287,5.928889501572682,,,,6.477390340670144,6.31332602432734,6.227609264373686,6.116715409402736,6.0281425118501355,6.008487408422622,5.92901743900616,5.910142009724809,5.909560899503808,5.934578271076478,,6.652124218661556,6.227609264373686,6.059481975128157,5.894256682261822,6.305563274602479,6.171865842650462,6.126353800972204,"rgba(0, 255, 0, 1.0)",0.3855905881661352,6.459202260663547,1.8293073663731154,79.6481262295168,25.743513489798502,True,False,True,False,True,20.0,6.13912290709,,0.0,0.0,0.0,0.0,0,1.3134288943624013,0.6619764271751813,False,False,False,False,0.3428281943342487,0.34280113981478433,False,False,False,False,149840,-1259264.695470391,False,False,False,False,225990.25964310524,False,False,False,False
2024-10-04 00:00:00+00:00,7.1409361291,7.230729502,7.1078543601,7.174017898,242708,,,6.64504285339812,6.4651782157051585,6.212870571828178,6.092489375008143,6.078057884107493,6.031223778463771,6.021032909002473,5.997533664632106,5.906505338480994,5.921667785311068,5.921235120863922,5.938761155949859,,,,6.508029696733214,6.340103557799384,6.251755759679432,6.137470047296275,6.0449879709627385,6.0236497317993,5.941957629993843,5.921355558330442,5.920267664110746,5.944193969894651,,6.687889639346892,6.251755759679432,6.078057884107493,5.906505338480994,6.331617509680989,6.1929286565181805,6.146163744074329,"rgba(0, 255, 0, 1.0)",0.4060097820994028,6.489588580908969,1.6042656529678445,80.25441873930309,26.317626683189502,True,False,True,False,True,20.0,6.175103255290001,,0.0,0.0,0.0,0.0,0,1.296940424895533,0.6605486033419004,False,False,False,False,0.3428281966591249,0.3428146682369546,False,False,False,False,-92868,-1172864.940250362,False,False,False,False,227228.610780653,False,False,False,False
2024-10-11 00:00:00+00:00,7.0794985581,7.192921766,7.0133350202,7.1173062941,305321,,,6.6779584286597915,6.496073050588232,6.237531671113962,6.114990204423375,6.099210590627606,6.049271428194843,6.03773000530851,6.013321330634486,5.920804280258973,5.93521804796211,5.934135340993199,5.950311759432664,,,,6.539422015748474,6.369003318753354,6.278372873153819,6.160857437613355,6.064292822350733,6.041113089592045,5.9570116236032815,5.934458400420386,5.932790490756149,5.955446629580237,,6.721050130979592,6.278372873153819,6.099210590627606,5.920804280258973,6.3592761250067955,6.215760838693852,6.1680664476544305,"rgba(0, 255, 0, 1.0)",0.4220150816061948,6.520614203437463,1.324323179483104,79.29247514733089,26.317626683189502,True,False,True,False,True,19.47925574501752,6.21053903523,,0.0,0.0,0.0,0.0,0,1.2986299728417021,0.6685141777274151,False,False,False,False,0.3050725672322173,0.32394361773458596,False,False,False,False,-398189,-1115481.5372688537,False,False,False,False,233013.23220430833,False,False,False,False
2024-10-18 00:00:00+00:00,7.2144550016,7.2239602124,7.0794985581,7.0794985581,226279,,,6.703384672726305,6.519797135739797,6.256507513084471,6.132291006691677,6.1155028108168565,6.063217481932576,6.050654753522773,6.025548110579139,5.931865281759043,5.945716801793424,5.944139601762767,5.959292960617762,,,,6.5635536096736145,6.391168019763209,6.298808692776276,6.178842005064956,6.079188299382642,6.054616145153726,5.96865873402406,5.944616890989195,5.942506978141337,5.964201894429907,,6.746743989292489,6.298808692776276,6.1155028108168565,5.931865281759043,6.380544081940038,6.233362935636699,6.184931549603459,"rgba(0, 255, 0, 1.0)",0.4408668186344701,6.544475859475732,1.5196860226393203,79.41903216003922,26.317626683189502,True,False,True,False,True,20.0,6.24232585287,,0.0,0.0,0.0,0.0,0,1.3432757603045482,0.6237504008358998,False,False,False,False,0.3317294406387646,0.3278365291866753,False,False,False,False,-171910,-1045587.3493230127,False,False,False,False,232514.4001891744,False,False,False,False
2024-10-25 00:00:00+00:00,7.1574237367,7.255327408,7.1384133151,7.2049497907,149944,,,6.719206015047492,6.534873880287242,6.2688103103674715,6.143565794999659,6.126139500938767,6.072360088196406,6.05914141132853,6.033586034215392,5.939152331044901,5.952638185828014,5.950739385432109,5.965225712496588,,,,6.5788291683298725,6.405392978871533,6.312008996159188,6.19054041865893,6.088938026907233,6.06347477355005,5.97632445575554,5.951317027734724,5.948919416952327,5.969987102022431,,6.762620611699666,6.312008996159188,6.126139500938767,5.939152331044901,6.394153445340174,6.24471037942262,6.195853230745884,"rgba(0, 255, 0, 1.0)",0.456357293183733,6.559575510634035,1.3100442021976553,78.30562881028668,26.317626683189502,True,False,True,False,True,20.0,6.273148381078,,0.0,0.0,0.0,0.0,0,1.3262157953574287,0.6460577066339962,False,False,False,False,0.3428281897240405,0.3353323594553579,False,False,False,False,-321854,-991977.4715953822,False,False,False,False,226398.07424923553,False,False,False,False
2024-11-01 00:00:00+00:00,7.1669289475,7.2524758448,6.995835153,7.1764341583,269909,,,6.7426698747514155,6.558575802129284,6.289095652180139,6.16240530018117,6.143963997350924,6.0877909968366595,6.073499085929254,6.047218079923377,5.951588090213208,5.964452608219375,5.962013892316724,5.975369661017125,,,7.138413315100001,6.602586651485529,6.428334248042405,6.333619085699325,6.209996012565806,6.1053525344358235,6.078444483691892,5.989373469998906,5.962760114822324,5.959879321665832,5.979880077613206,,6.785689272357831,6.333619085699325,6.143963997350924,5.951588090213208,6.537911330244238,6.263152348660278,6.360764975127461,"rgba(0, 255, 0, 1.0)",0.4696572335873467,6.760561410866558,0.8652427931951908,77.57571552003438,26.317626683189502,True,False,True,False,False,20.0,6.302183008721999,,0.0,0.0,0.0,0.0,0,1.2689743105801246,0.6780534781816314,False,False,False,False,0.28928637733603785,0.3123093683956979,False,False,False,False,-51945,-922345.436662391,False,False,False,False,229621.10578632922,False,False,False,False
2024-11-08 00:00:00+00:00,7.1669289475,7.2049497907,7.0338559962,7.1003924719,173119,,,6.756275005173294,6.572744442187896,6.3015690817003165,6.174079801444138,6.155034464857996,6.0974262131825805,6.082481875608881,6.055761075010105,5.9594085601172795,5.971887092344544,5.969114163692392,5.98176666100937,,,7.137175219836046,6.616706920698227,6.442245356651123,6.346842371107435,6.222018660868449,6.115581689552849,6.087800438911289,5.997567262505293,5.969964799191228,5.966784674376438,5.986120586879901,,6.798931046552956,6.346842371107435,6.155034464857996,5.9594085601172795,6.549447132277848,6.274421494895652,6.370742240016339,"rgba(0, 255, 0, 1.0)",0.48297994523252896,6.770725396973866,0.8203312672441981,77.05434888413987,26.317626683189502,True,False,True,False,False,20.0,6.330505899028,,0.0,0.0,0.0,0.0,0,1.2424824304977522,0.7359522189623607,False,False,False,False,0.2831313651853642,0.29772036679053104,False,False,False,False,-51945,-857871.3302429545,False,False,False,False,225435.76461697152,False,False,False,False
2024-11-15 00:00:00+00:00,7.1384133151,7.3095071096,7.0908872611,7.2144550016,215540,,,6.773785308927223,6.590757428276256,6.31739374585435,6.188882174149508,6.1690851072437445,6.109679768896271,6.093917963642252,6.06664119746235,5.96936401637407,5.981360336774651,5.978166800767607,5.989935748721747,,,7.151061089352404,6.6346916120772175,6.459879159327197,6.363601125583744,6.237263812890395,6.128578705102628,6.099703575884786,6.007997958298903,5.979148892484009,5.975591643288613,5.994092987190321,,6.816076484363782,6.363601125583744,6.1690851072437445,5.96936401637407,6.5660541602860985,6.288767836806494,6.38534712981466,"rgba(0, 255, 0, 1.0)",0.4948878716795776,6.787573859658275,0.7089271641493794,76.00693175192208,29.718880438956134,True,False,True,False,False,19.377528236946386,6.3561303643019995,,0.0,0.0,0.0,0.0,0,1.2206980555042821,0.7340014734666934,False,False,False,False,0.342828176177342,0.3202742714839365,False,False,False,False,-267485,-814139.0094842172,False,False,False,False,224702.74501571438,False,False,False,False
2024-11-22 00:00:00+00:00,7.3219771908,7.3315359078,7.1308028516,7.1690377195,131268,,,6.7857680032882675,6.602666145983358,6.3276433268062995,6.198412643931821,6.178132791438643,6.1175678624106045,6.10128292316069,6.073644468049935,5.975752506617077,5.987446336265384,5.983985027085709,5.99519500702993,,,7.169405456587932,6.646654303354287,6.471385973167247,6.374471890806971,6.247098701449573,6.13694401183585,6.107366270780521,6.014698190854192,5.985050829786961,5.981253185522096,5.999227935608376,,6.827966712176353,6.374471890806971,6.178132791438643,5.975752506617077,6.578136725180492,6.298139770633703,6.396003099854572,"rgba(0, 255, 0, 1.0)",0.5107834948401342,6.801123477303461,1.0197152389576656,76.60478270552508,29.718880438956134,True,False,True,False,False,20.0,6.385071125874,,0.0,0.0,0.0,0.0,0,1.2252000989546405,0.7465976199265916,False,False,False,False,0.34282817865595794,0.3315512250699472,False,False,False,False,-136217,-763922.5643372382,False,False,False,False,217781.65279232812,False,False,False,False
2024-11-29 00:00:00+00:00,7.4462405113,7.4557992282,7.2885216814,7.3602120586,151633,,7.396853806966668,6.802634500357437,6.618628216331205,6.340886702691051,6.2105888142039785,6.189682683063525,6.127609179315655,6.110655276386491,6.082543431316477,5.983822945291477,5.995144518399285,5.991346081686428,6.001860222834068,,,7.206038288590874,6.66283796890381,6.486482353079827,6.3885738148854445,6.259712463967764,6.147599938196172,6.117116840821644,6.023180311879717,5.992517285059492,5.9884165626032795,6.005738803688621,,6.8449862049784285,6.3885738148854445,6.189682683063525,5.983822945291477,6.73786695647579,6.474692397414501,6.411442747540656,"rgba(0, 255, 0, 1.0)",0.5286691569870489,7.017091141204697,0.8117541271767754,77.74383187621063,29.718880438956134,True,False,True,False,False,20.0,6.4157428187739995,,0.0,0.0,0.0,0.0,0,1.280978152205844,0.7021947984931989,False,False,False,False,0.34282818820456223,0.3371897066372547,False,False,False,False,15416,-706193.7817937391,False,False,False,False,212881.752585489,False,True,False,False
2024-12-06 00:00:00+00:00,7.3602120586,7.4175643604,7.2551617593,7.4175643604,143953,,7.371265835229171,6.816465635518276,6.6322154916922225,6.352548644418702,6.221419586277973,6.199978327947217,6.136608518432378,6.119069937235044,6.090548292318985,5.991118515289631,6.002104347107826,5.9980050893151615,6.007893338719389,,,7.224376796657554,6.6765143894862735,6.499564106873331,6.400927071797201,6.27089231827333,6.157132190270741,6.125863601632554,6.030832717497316,5.999270387258589,5.99489916122694,6.011632677771438,,6.858776364309676,6.400927071797201,6.199978327947217,5.991118515289631,6.746734746459092,6.4811964970938725,6.423262899061037,"rgba(0, 255, 255, 0.75)",0.5430673287497346,7.022155664222819,0.6224944431024138,76.76521443206892,29.718880438956134,True,False,True,False,False,20.0,6.444465296108,,0.0,0.0,0.0,0.0,0,1.2506883767442214,0.7212225695780389,False,False,False,False,0.3193060449736826,0.32824787580546866,False,False,False,False,-128537,-663404.3905497583,False,False,False,False,207775.919060638,False,False,False,False
2024-12-13 00:00:00+00:00,7.1977138703,7.4366817943,7.1403615686,7.3315359078,175947,,7.3290962035361185,6.829836013301117,6.646221646536173,6.365234127309486,6.233386449451126,6.211387717285121,6.146657763479631,6.128488634174661,6.099533191276009,5.999369587707632,6.0099748910507085,6.005540980332359,6.0147239506741474,,,7.229102069538399,6.690442330505347,6.513446640403251,6.414260494241851,6.28317705253446,6.167748993391356,6.13564324661576,6.03946135133371,6.006911019579218,6.0022388589158595,6.018305701359564,,6.871820600860048,6.414260494241851,6.211387717285121,5.999369587707632,6.752204940671468,6.486288569384179,6.434160272320517,"rgba(0, 255, 255, 0.75)",0.5520795036063272,7.019619154220246,0.32258889329597146,73.1765759468203,26.853402706427033,True,False,True,False,False,17.468168413386373,6.469630565928001,,0.0,0.0,0.0,0.0,0,1.2150472766720846,0.7114880460803845,False,False,False,False,0.28839040415359807,0.30831913997953336,False,False,False,False,-304484,-636817.6949534799,False,False,False,False,205418.22135244258,False,False,False,False
2024-12-20 00:00:00+00:00,6.9791639296,7.2291064394,6.7484477666,7.2098800925,346656,,7.1835497839091556,6.83859967282698,6.660548522996417,6.381892949850328,6.250110776169764,6.22749037178485,6.161209469569646,6.1422265314864966,6.112764897997382,6.011861670114786,6.021871499696633,6.016952648683793,6.02506212557563,,6.9855727118666655,7.176602317971693,6.703736848040749,6.529875176885712,6.431246006007374,6.299983315088371,6.182995236755384,6.1498632498487344,6.052386458141276,6.018474727285084,6.013367146198733,6.02840045260159,,6.878696445442867,6.431246006007374,6.22749037178485,6.011861670114786,6.813716380063093,6.480703509824204,6.557484357808086,"rgba(38, 166, 154, 1.0)",0.5575410585803917,7.046081121643623,-0.12002199840493742,67.60572978031819,21.615653320254026,True,False,True,False,False,12.197840686208643,6.490960727194,,0.0,0.0,0.0,0.0,0,1.1124423427459793,0.7754756327896214,False,False,True,False,0.09735034224756252,0.20283474111354793,False,False,True,False,-651140,-637878.6064384073,False,False,False,False,215880.2790300394,False,False,True,False
2024-12-27 00:00:00+00:00,6.988777103,7.1329747049,6.9022585419,7.0176166234,87420,,7.16660399326864,6.84097000952157,6.664208796167806,6.386104552349659,6.254336632432332,6.231562983141623,6.1648974638166285,6.145712014670519,6.116123674985778,6.015033549259166,6.024894693568473,6.019854289094166,6.027694618970184,,6.990090112326006,7.167909076348454,6.707154433154702,6.534034312080958,6.4355380724009175,6.304229846872643,6.186855674448542,6.15346869274973,6.055667367281124,6.021414493853998,6.0161976650762945,6.0309718543470225,,6.880637915027256,6.4355380724009175,6.231562983141623,6.015033549259166,6.813313600658631,6.481799555671097,6.559910027547744,"rgba(38, 166, 154, 1.0)",0.563302141376543,7.0413932978661675,-0.09340670130880181,63.7280291210304,18.14238658289902,False,False,True,False,False,12.35809154094305,6.512125891754,,0.0,0.0,0.0,0.0,0,1.1375658383619183,0.8111767697026303,False,False,False,False,0.1032866483157342,0.15306069471464107,False,False,False,False,-563720,-632385.3763318587,False,False,False,False,206364.70280559207,False,False,False,False
2025-01-03 00:00:00+00:00,7.0560693172,7.113748358,6.9695507561,7.0176166234,236879,,7.141693007383293,6.848476272019403,6.674817246462601,6.3979252421561625,6.266126284708682,6.242923860518971,6.17517962111256,6.155431924945587,6.125486426599057,6.023856560773473,6.033310939556194,6.027934703020544,6.035034477810027,,7.0099900000407285,7.153020450415617,6.717176240267954,6.545834369113434,6.4476134777171525,6.316099539966995,6.1976183131382845,6.163520523594472,6.064799781145568,6.029600265110193,6.024081320858187,6.038143696399216,,6.8871203425171075,6.4476134777171525,6.242923860518971,6.023856560773473,6.817327632927523,6.487821682413408,6.56885911428183,"rgba(38, 166, 154, 1.0)",0.569846846910596,7.038294932464761,0.03119151195027679,61.6724034049675,16.439848284321386,False,False,True,False,False,13.479382780821894,6.537990922802001,,0.0,0.0,0.0,0.0,0,1.1339186131219392,0.8264559615072802,False,False,False,False,0.10980679458209937,0.1314337446483702,False,False,False,False,-326841,-609752.4595665359,False,False,False,False,208625.02111628893,False,False,False,False
2025-01-10 00:00:00+00:00,7.0003129112,7.0849088376,6.988777103,7.0272297968,171136,,7.126447027297415,6.853006546193458,6.681693966582783,6.405927085384903,6.2741960071513665,6.250719239994262,6.182278015796274,6.162156113092654,6.131976961357301,6.03000366838955,6.03917665242026,6.033570586048902,6.040158947698238,,7.012972623676707,7.1425776473030735,6.723600689969861,6.553670262817593,6.455737875535044,6.324192545297165,6.205032385908018,6.170467147073016,6.0711494007688405,6.035308296759562,6.029582501683766,6.043151751031695,,6.890898429674375,6.455737875535044,6.250719239994262,6.03000366838955,6.818713329921992,6.4920530001866394,6.573531397197559,"rgba(38, 166, 154, 1.0)",0.5744461116950438,7.033750961117664,-0.05820920228530564,59.460258917809746,14.544521676577332,False,False,True,False,False,12.1602880576229,6.5616619830900005,,0.0,0.0,0.0,0.0,0,1.1426966298571388,0.850547233558702,False,False,False,False,0.09186421144338915,0.11164897804587967,False,False,False,False,-497977,-601472.7958949406,False,False,False,False,205848.05658915642,False,False,False,False
2025-01-17 00:00:00+00:00,7.2675591333,7.3540776944,6.9070651286,6.988777103,296471,,7.135614430006891,6.86679024409839,6.697979448173979,6.42259593250878,6.290519559272549,6.266435870904357,6.19646107280067,6.175566265196341,6.144873854182527,6.042071669866596,6.050713461554023,6.044654917365402,6.05025949008351,,7.055484370231878,7.146735320261928,6.739411379894442,6.570833109901269,6.472892557217537,6.3407243910283855,6.219884342974492,6.184328581969217,6.083669985202979,6.04653463690353,6.040400760278071,6.053029583649521,,6.903859231911309,6.472892557217537,6.266435870904357,6.042071669866596,6.835717607473289,6.506495352870244,6.591286756684893,"rgba(0, 255, 255, 0.75)",0.5841282211064814,7.051156091149772,0.37047181480173597,60.397726724619204,14.544521676577332,False,False,True,False,False,16.430928100443143,6.589778932288,,0.0,0.0,0.0,0.0,1,1.0964343854812364,0.8107926253268102,False,False,False,False,0.15454399324666154,0.1330964856462706,False,False,False,False,-201506,-571845.6258286487,False,False,False,False,212560.86721218185,False,False,False,False
2025-01-24 00:00:00+00:00,7.269800085,7.3568056711,7.2021290735,7.3084692343,160403,,7.148355227346235,6.876024191497963,6.708101932239645,6.432474553524816,6.300077066337957,6.275629218980791,6.204733440078983,6.183385369866799,6.1523835218377085,6.049062085713686,6.057404299948102,6.051084965904323,6.056128558948438,,7.0827450417555955,7.1548490007614785,6.7493687166587835,6.5812000043396575,6.483109678574608,6.350443107935608,6.228552729745071,6.192410308870413,6.090935910738894,6.053046541231901,6.0466771322530715,6.058771936060704,,6.9127913654637,6.483109678574608,6.275629218980791,6.049062085713686,6.847969224146746,6.516097624984149,6.602834823580152,"rgba(38, 166, 154, 1.0)",0.5924568012482758,7.065493365340318,0.3448466103000561,61.08560771623111,14.544521676577332,False,False,True,False,False,16.464966528784366,6.617581086306,,0.0,0.0,0.0,0.0,1,1.1549289723705545,0.8191255716228448,False,False,False,False,0.2610242724074793,0.19706037902687495,False,False,False,False,-41103,-532531.3572487488,False,False,False,False,208697.32149276097,False,False,False,False
2025-01-31 00:00:00+00:00,7.298801947,7.3761402458,7.1355214637,7.2601327976,268229,,7.164379987452546,6.89034732389139,6.724086462047901,6.448377020055842,6.315554655488725,6.290542790801191,6.218210000562881,6.196143832130354,6.164654177770964,6.06051918285736,6.06837599587171,6.061635991026534,6.065770007891732,,7.114820627527395,7.165783278254277,6.76503587407158,6.597725171469945,6.499499556020132,6.366147483380009,6.242652179470434,6.205586247784778,6.1028288865416265,6.063729676461774,6.056980079217334,6.068207449012423,,6.926572528687296,6.499499556020132,6.290542790801191,6.06051918285736,6.865209785091896,6.530955259053854,6.619656302247319,"rgba(38, 166, 154, 1.0)",0.6002582315591038,7.0838328042814025,0.3581277713763948,61.82385596432533,14.544521676577332,False,False,True,False,False,16.910791026993177,6.646457747107999,,0.0,0.0,0.0,0.0,1,1.1285807607976113,0.8414513706521524,False,False,False,False,0.24073843687417915,0.21889940795052704,False,False,False,False,227126,-476260.4418969896,False,False,False,False,213107.07545626015,False,False,False,False
2025-02-07 00:00:00+00:00,7.3568056711,7.3858075331,7.2215603211,7.2311309356,213164,,7.179242666331622,6.9024466928696775,6.7372878828323985,6.461352176997304,6.328148559088073,6.302682932908003,6.229189154459976,6.20654504726586,6.174658444639284,6.069851271924537,6.077320485770079,6.070241637697734,6.073644974250653,,7.139553520688639,7.176688267993074,6.778026514537407,6.611261505965807,6.512879995309797,6.378936515422737,6.254133134040989,6.216322758413169,6.112518022777242,6.072441771024242,6.0653856110965885,6.075916963842516,,6.938312634710076,6.512879995309797,6.302682932908003,6.069851271924537,6.879673380816053,6.543361889094115,6.633475276546452,"rgba(0, 255, 255, 0.75)",0.6084803086551132,7.0994827869707535,0.4228943491992232,62.84345634206361,14.544521676577332,False,False,True,False,True,17.799887448899113,6.676132505952,,0.0,0.0,0.0,0.0,1,1.1433840272830018,0.8346796093680168,False,False,False,False,0.2756217372235574,0.2472605725870422,False,False,False,False,440290,-408367.81657128665,False,False,False,False,213111.29208912977,False,False,False,False
2025-02-14 00:00:00+00:00,7.3181365217,7.3954748205,7.269800085,7.3181365217,174660,,7.18993590508494,6.912009801463202,6.747791563025706,6.471776753481246,6.3383000541133265,6.312480381150596,6.238075432251349,6.214973437743064,6.182772678692692,6.077434008135707,6.0845919851667425,6.077241384435318,6.080057012979795,,7.156371675492383,7.184894320437608,6.788347337651031,6.622077803436755,6.52360747019064,6.389232558220139,6.263415131830858,6.225017284776545,6.120384405534872,6.07952692572759,6.072224736457915,6.082195715673534,,6.947576604809959,6.52360747019064,6.312480381150596,6.077434008135707,6.890629484597783,6.553167916039179,6.644120447754495,"rgba(38, 166, 154, 1.0)",0.6146948877576115,7.1108029256195335,0.33729513651368215,62.959572026407784,14.544521676577332,False,False,True,False,True,16.843607610171386,6.705033881808,,0.0,0.0,0.0,0.0,1,1.1269854744119085,0.8420368263410126,False,False,False,False,0.3001033206768037,0.2736819466319229,False,False,False,False,265630,-358442.05238082097,False,False,False,False,210263.04823067572,False,False,False,False
2025-02-21 00:00:00+00:00,7.366136524,7.3982181533,7.291279389,7.3301662124,205460,,7.202577427997236,6.923343331424939,6.760172383075745,6.484058979904385,6.350265076403778,6.324036128632099,6.2485733647761394,6.224938345786503,6.192370460800662,6.086407214417569,6.093201802217747,6.085532992019585,6.087660263660911,,7.17496419713528,7.194920622415328,6.800523002794557,6.634810796095905,6.536237750405309,6.401365235706317,6.274372935781405,6.235292002036436,6.129690518553607,6.08791857480508,6.080328085881637,6.089642733399388,,6.958580700053698,6.536237750405309,6.324036128632099,6.086407214417569,6.903443688918037,6.564745629750103,6.656560817796317,"rgba(38, 166, 154, 1.0)",0.621938722951036,7.123951394743195,0.3894035221149451,63.48096086398175,14.544521676577332,False,False,True,False,True,17.592904087883195,6.733628340172,,0.0,0.0,0.0,0.0,1,1.1194524006780213,0.8563735574932752,False,False,False,False,0.3071836840590588,0.29043281534549087,False,False,False,False,471090,-296995.23368594534,False,False,False,False,209907.2668802553,False,False,False,False
2025-02-28 00:00:00+00:00,7.4273832709,7.4468266826,7.3398879182,7.3593313299,183596,,7.2157570959978825,6.934176590331049,6.771764040173456,6.495398326631016,6.361271712112863,6.334666521748087,6.258229296307739,6.234106691540012,6.201199212336707,6.094649555922201,6.101115766167727,6.0931567771318775,6.094658587505206,,7.19295784589109,7.205602950317312,6.811966790664618,6.646629547390848,6.547912549966676,6.412539217559171,6.284450609003299,6.244742989609688,6.138242416201789,6.09563360651562,6.087779991466619,6.0964991538473186,,6.969173217014965,6.547912549966676,6.334666521748087,6.094649555922201,6.915845926341617,6.575671284355264,6.668350312550338,"rgba(0, 255, 255, 0.75)",0.6279874279425379,7.137123620634334,0.4622061483247167,64.39674354085193,14.544521676577332,False,False,True,False,True,18.540040402305426,6.764352674572,,0.0,0.0,0.0,0.0,1,1.117666120585102,0.8775428635274851,False,False,False,False,0.3428281153604225,0.3166304653529567,False,False,False,False,654686,-226500.3274869864,False,False,False,False,207958.28414838456,False,False,False,False
2025-03-07 00:00:00+00:00,7.3204445065,7.4905743589,7.2430597279,7.3982181533,233692,7.351359531100001,7.226149387558627,6.945794653612201,6.78473524414154,6.508610580175641,6.374254176116378,6.347239130443702,6.269728003248109,6.2450501400093295,6.211762781835505,6.1045718500320785,6.11064545988016,6.102344741666819,6.103101270259256,,7.207318034759996,7.214475299655449,6.824665087917646,6.660136049109361,6.5614291753210345,6.4256615893119795,6.296422522677642,6.256010925976258,6.148511711384167,6.104929110218197,6.096765475363655,6.104772027842676,,6.980384972151536,6.5614291753210345,6.347239130443702,6.1045718500320785,7.026829160981853,6.725983838299525,6.68076483559117,"rgba(38, 166, 154, 1.0)",0.6279080795666713,7.249825563268518,0.11246700835609243,63.3026062676162,14.544521676577332,False,False,True,False,True,15.868950635406645,6.792555959012,,0.0,0.0,0.0,0.0,1,1.0779328216696094,0.8763178525293425,False,True,False,False,0.3020849154029219,0.3093576903779393,False,False,False,False,420994,-178537.78471017262,False,False,False,False,209864.4853225783,False,False,False,False
2025-03-14 00:00:00+00:00,7.3496096241,7.4281610074,7.2621142714,7.3398879182,101358,7.349928258084468,7.230025246373221,6.95057843423164,6.790136912609828,6.514183623075636,6.37975297800066,6.352570775947578,6.27461891552747,6.249710195862103,6.216265599070397,6.108810698339263,6.114718113537972,6.1062732608799895,6.1067141568599,,7.212588492552235,7.217874560587242,6.829940817420536,6.665795506343649,6.5671170189137715,6.431211206978511,6.301508990353712,6.260806273240341,6.1528945911072235,6.108903006439175,6.100608542763872,6.108312869249212,,6.98498638731006,6.5671170189137715,6.352570775947578,6.108810698339263,7.030858528525353,6.730224392981313,6.68585535829875,"rgba(38, 166, 154, 1.0)",0.6273042676873062,7.252604139399291,0.15463864937240263,62.81527085025404,14.544521676577332,False,False,True,False,True,16.335149693374444,6.8185825628700005,,0.0,0.0,0.0,0.0,1,1.0758753199640532,0.9058915996053,False,False,False,False,0.2568406623413263,0.2830991763596328,False,False,False,False,522352,-126620.02287978947,False,False,False,False,201826.9678912762,False,False,False,False
2025-03-21 00:00:00+00:00,7.3418290615,7.4298136974,7.3320529908,7.4200376267,144109,7.355332905783619,7.236055656029498,6.95754152512323,6.797927322172165,6.522180088870017,6.387634513494963,6.360214134888006,6.28163320021291,6.256395475193163,6.222725770161262,6.114890556748713,6.120561732136371,6.111911296743587,6.11190240204131,,7.2205161350308975,7.2231675638907475,6.837562085059511,6.673929657505983,6.575280304564147,6.43916807065304,6.308802062317911,6.267684207775608,6.1591812269094275,6.114605774949475,6.106124619306318,6.113398430978879,,6.991706315513995,6.575280304564147,6.360214134888006,6.114890556748713,7.037754106324456,6.7373149183218,6.69326376084973,"rgba(38, 166, 154, 1.0)",0.6254935010320501,7.258768065183691,0.1327927407387293,62.33679352920065,14.544521676577332,False,False,True,False,True,16.139542939793504,6.844635732568,,0.0,0.0,0.0,0.0,1,1.0641870965319624,0.93109868662507,False,False,False,False,0.32024937091479794,0.30167427363721533,False,False,False,False,378243,-89222.76192573099,False,False,False,False,197551.56286229278,False,False,False,False
2025-03-28 00:00:00+00:00,7.3320529908,7.3808355834,7.2440683549,7.3320529908,197260,7.34473317240812,7.240740262970104,6.965612285217156,6.807370173569307,6.5322668707458975,6.397693063738309,6.369993006434328,6.290664057792957,6.265020862459664,6.2310792872071445,6.1227970698316705,6.128162603758843,6.119250194751587,6.118661494075795,,7.226946904825286,7.227581782352638,6.846720345517731,6.683999519566633,6.585515154890791,6.449280769586224,6.318171124515694,6.276549065497568,6.167337809085074,6.122027220879515,6.113308074173636,6.1200246256521496,,6.99938386362972,6.585515154890791,6.369993006434328,6.1227970698316705,7.042963055803371,6.743634111609522,6.70184558334407,"rgba(38, 166, 154, 1.0)",0.61775866535965,7.2600005306390365,0.11663528850544881,61.822523561960054,14.544521676577332,False,False,True,False,True,15.88997480101095,6.872861683038,,0.0,0.0,0.0,0.0,1,1.0308884442445216,0.9539523582471429,False,False,False,False,0.200668130970755,0.25117120230398515,False,False,False,False,180983,-69207.52030160277,False,False,False,False,197529.96561323406,False,False,False,False
2025-04-04 00:00:00+00:00,6.9996665886,7.4298136974,6.9703383766,7.3613812028,240675,7.289239183719676,7.233811041855623,6.970058831187081,6.814420328774048,6.541408309988454,6.407259681376044,6.379374636612791,6.299519943269046,6.273535585616365,6.239389813181719,6.130828198443,6.13588071156957,6.126716860965,6.125546207197954,,7.220033739323926,7.222562963654054,6.853220400611587,6.692396723169569,6.594560589506136,6.458740294756045,6.327291501302675,6.285273394934439,6.1755555558948885,6.1295732893626385,6.1206257374943736,6.126774112581989,,7.003109369087322,6.594560589506136,6.379374636612791,6.130828198443,7.036967901536945,6.741886494597846,6.706759950907304,"rgba(38, 166, 154, 0.5)",0.603279169544484,7.241411732138319,-0.40071853255078005,56.87934210047801,11.54390651101717,False,True,True,False,False,8.004352044680136,6.894199905954,,0.0,0.0,0.0,0.0,1,0.9689250289232118,0.9574128691513347,False,False,False,False,0.014697271337527728,0.13293423682075645,False,False,False,False,-59692,-68502.66694592849,False,False,False,False,200725.89408632784,False,False,False,False
2025-04-11 00:00:00+00:00,6.901905882,7.1476762983,6.5597434091,6.618399833,348741,7.173675709508108,7.202705803864543,6.9663476096779835,6.816102747676355,6.548489387187645,6.415814656281683,6.387955889887107,6.308074218004582,6.281889492962642,6.247693070940199,6.139241432616534,6.143956727505368,6.134561351938714,6.132792492633978,6.869775196466667,7.186196455754011,7.19730643780669,6.853747222051259,6.697073982254595,6.600992127766634,6.466815469181866,6.3359466546385415,6.29377278079917,6.184009369847757,6.137491290973956,6.128333639532574,6.13387715759488,6.869775196466667,6.997941790387019,6.600992127766634,6.387955889887107,6.139241432616534,7.033232147850702,6.727395752761001,6.775981693240032,"rgba(38, 166, 154, 0.5)",0.5947358615571925,7.1080882913983325,-0.3466789590566917,52.369620977577455,7.262743749104388,False,True,False,False,False,5.897896724060715,6.911748987244,,1.0,7.1476765,6.5597434,0.0,1,0.9162213056400509,1.0028783921242912,True,False,False,False,-0.34282825441539394,-0.10494700879731875,False,False,False,False,-408433,-93682.69161660045,True,False,False,False,211689.9760058591,False,False,False,False
2025-04-18 00:00:00+00:00,7.1194234541,7.1390903697,6.9571406812,6.9605623059,136516,7.163766576185317,7.198471727710747,6.967854656344647,6.819110156262403,6.552870654426583,6.42053083295912,6.3926088206358305,6.312533216937806,6.286198710898116,6.251920902546317,6.143379662017272,6.14793680595832,6.138418984315347,6.136358198847588,6.9266341380461105,7.182031054012657,7.1938873563650905,6.856431169721595,6.700903317021248,6.6052607826544865,6.471433233519922,6.340514443251949,6.298176902262054,6.188221706469235,6.141387668120547,6.132118658607127,6.137374352547925,6.9266341380461105,6.999046845967991,6.6052607826544865,6.3926088206358305,6.143379662017272,7.038523354331071,6.728468330182807,6.784636936824132,"rgba(38, 166, 154, 0.5)",0.5874927540402699,7.117725873988708,0.0028895336999767434,51.75726006794956,6.782406278547917,False,True,False,False,False,9.662488729720234,6.931906188856,,0.0,0.0,0.0,0.0,1,0.9647353777546178,1.000163936479422,False,False,False,False,-0.09250080737387094,-0.09872390808559484,False,False,False,False,-271917,-106885.23297833375,False,False,False,False,206121.53333875843,False,False,False,False
2025-04-25 00:00:00+00:00,7.1689840814,7.2177580322,6.9915885026,7.070256165,243875,7.158188090955908,7.194516589485373,6.971791280433613,6.825425790268283,6.56131650464156,6.429476810143374,6.401416346222567,6.32093029778051,6.294304208893645,6.25985901021556,6.151108038109393,6.15537490323941,6.145627650897081,6.143026443251011,6.993353505631033,7.17861334182174,7.1907399469050475,6.862231223431382,6.708524812625278,6.613560979450638,6.48023878169524,6.3491295094621725,6.306464469337524,6.1961037837675805,6.148668911847152,6.139191076232629,6.1439161108803155,6.993353505631033,7.002350909215359,6.613560979450638,6.401416346222567,6.151108038109393,7.046857471116548,6.7328827137413985,6.7970490126278165,"rgba(38, 166, 154, 0.5)",0.5822438389420072,7.131167881973514,0.06494907613827405,51.83839211436015,6.782406278547917,False,True,False,False,False,10.479709387372807,6.950395408148,,0.0,0.0,0.0,0.0,1,0.9612757257756743,0.992222515439485,False,False,False,False,-0.02307069836625928,-0.060897303225927055,False,False,False,False,-28042,-101044.99349845717,False,False,False,False,208918.0864247763,False,False,False,False
2025-05-02 00:00:00+00:00,7.3357595259,7.3554264415,7.1489238275,7.1489238275,243361,7.173881030521943,7.198939836404657,6.979257426073512,6.834570643228704,6.571730370687768,6.4401037971858495,6.411819499775864,6.330707847003603,6.303706346928101,6.269020231687971,6.159898447107779,6.163844614473952,6.153829948663469,6.150619613400997,7.065094365580681,7.184443394138118,7.1946946700603585,6.871009724581075,6.718567489237811,6.6239935714909395,6.490831391465045,6.359206312756342,6.316093153852541,6.205118427808678,6.156955703672914,6.1472341689915835,6.151367965408939,7.065094365580681,7.0093741841333195,6.6239935714909395,6.411819499775864,6.159898447107779,7.062736386323632,6.742626306360237,6.813480114913796,"rgba(38, 166, 154, 1.0)",0.5794656898441418,7.15558965666135,0.3109241364870287,53.48841679587033,6.782406278547917,False,True,False,False,False,13.136635753981334,6.970888253210001,,0.0,0.0,0.0,0.0,1,1.0117085885364552,0.9683729844578878,False,False,False,False,0.15864897052911897,0.04887583365159596,False,False,False,False,215319,-77610.62360968257,False,False,False,False,211469.41335627434,False,False,False,False
2025-05-09 00:00:00+00:00,7.3259260681,7.3691932824,7.276758779,7.3259260681,141205,7.1843162759059265,7.202582413947109,6.984034717479159,6.840216767166336,6.578001784131308,6.4464651381146965,6.418043231910557,6.336548484796883,6.309321707798467,6.274488465840736,6.1651339659362785,6.16889184533618,6.1587185057496,6.155148610945262,7.097915681473196,7.188946470184198,7.197933148028862,6.876465202807418,6.724677674782045,6.63029381284597,6.497184831711012,6.365227921225156,6.321843787967334,6.21049150404758,6.161894398206932,6.152028162601098,6.155813623972112,7.097915681473196,7.0139240278256585,6.63029381284597,6.418043231910557,6.1651339659362785,7.071551334624026,6.748776101681496,6.822330592882231,"rgba(38, 166, 154, 1.0)",0.5778394180876052,7.168440210377607,0.2725426005785518,54.54706136691935,6.782406278547917,False,True,True,False,False,12.918808071336151,6.991553500302,,0.0,0.0,0.0,0.0,1,1.0272730587876262,0.9574322116759776,False,False,False,False,0.24894016519651427,0.1489079994240551,False,False,False,False,74114,-66371.76260155794,False,False,False,False,206264.64199655032,False,False,False,False
2025-05-16 00:00:00+00:00,7.4045937305,7.4143288538,7.2866905714,7.3652598993,240791,7.203844008504612,7.210437544924062,6.992912068816729,6.85041026465517,6.589083226605963,6.457644703262909,6.428975373017465,6.346793985551428,6.319170600475287,6.284074187680375,6.174293373449067,6.1777264138069325,6.167276547560941,6.16308310674495,7.146024858390671,7.198315441121437,7.204923085651116,6.8863683378118346,6.735571699893169,6.641453581908178,6.508370712387282,6.375794236549226,6.33192975540536,6.219898016796675,6.170539819748633,6.16042124286126,6.163603720333207,7.146024858390671,7.022459405851774,6.641453581908178,6.428975373017465,6.174293373449067,7.0866544512344545,6.760012646917293,6.837102744214114,"rgba(38, 166, 154, 1.0)",0.5771523813144752,7.189655463235196,0.3724116441749374,56.022198538489775,6.782406278547917,False,True,True,False,True,14.146546205621021,7.012500351492,,0.0,0.0,0.0,0.0,1,1.0194980347590852,0.9671119938210296,False,False,False,False,0.28507589727950106,0.2169919483517781,False,False,False,False,314905,-38129.039445886985,False,False,False,False,208822.14999680585,False,False,False,False
2025-05-23 00:00:00+00:00,7.3082699432,7.4467216065,7.2983805387,7.3379381568,162852,7.21369633398207,7.214801524370461,6.998419480999234,6.856859931742133,6.596239844883275,6.4649116248558105,6.436093147509902,6.35349253887104,6.325619613428524,6.290359973659706,6.180320259475578,6.183541720565736,6.172913310139226,6.168314134660887,7.168037583419565,7.203523171028234,7.208865071913463,6.892609274161589,6.742535931377244,6.648635614141264,6.515624671023553,6.382692034818879,6.338528883270541,6.226078546298094,6.176233036015134,6.165951435982317,6.168740512993043,7.168037583419565,7.0277239435393035,6.648635614141264,6.436093147509902,6.180320259475578,7.094601546452093,6.766814303401741,6.845315418985473,"rgba(38, 166, 154, 1.0)",0.5749260666490819,7.200014653200083,0.18829428039482693,55.854399976782325,6.782406278547917,False,True,True,False,True,11.99693034954122,7.032997011678,,0.0,0.0,0.0,0.0,1,1.0147138530696735,0.9649863381536249,False,False,False,False,0.3145309435531562,0.26576144595246715,False,False,False,False,152053,-24041.480968413875,False,False,False,False,205416.95370074618,False,False,False,False
2025-05-30 00:00:00+00:00,7.4269427975,7.436733308,7.2884911341,7.3774957749,195912,7.226384946257083,7.220890252474367,7.005422640597277,6.864904625305301,6.6050410715899295,6.473817751527506,6.44481459042854,6.361695608795897,6.333517537336357,6.298056105652567,6.18769099041201,6.190656820621505,6.179811205719615,6.174719892369612,7.192739451953836,7.210633244327691,7.214369098740238,6.900422123756471,6.751150134481151,6.657481444460687,6.524524957465457,6.391139753560815,6.346609843509626,6.233639892108408,6.183199616076498,6.172719579410636,6.175032006617644,7.192739451953836,7.034460542382407,6.657481444460687,6.44481459042854,6.18769099041201,7.104470797926533,6.775371435871987,6.855307526093293,"rgba(38, 166, 154, 1.0)",0.5741388589822584,7.212661973753244,0.3732212519574072,56.834031537346924,1.8880610331973884,False,True,True,False,True,13.850632967039093,7.056420735728,,0.0,0.0,0.0,0.0,1,0.9851882428420303,0.9885578782184069,False,False,False,False,0.30118646644002767,0.2834739561962474,False,False,False,False,347965,3514.554658876041,False,False,False,False,204712.88305624647,False,False,False,False
2025-06-06 00:00:00+00:00,7.3923298816,7.4467216065,7.3676063703,7.417053393,75382,7.23128371631445,7.223365911484303,7.008176023926909,6.8680410176514455,6.608453139416505,6.477266261990256,6.4481918513986765,6.3648727189434195,6.336577148875792,6.30103765190551,6.190545764386594,6.193413440872193,6.182484172358971,6.1772034688588775,7.20156797697997,7.213493185399332,7.216612821907039,6.903472964690676,6.754496710415689,6.660912342214668,6.527972497290063,6.394411141726598,6.349739869923498,6.2365685870562855,6.185899039392417,6.175342545188098,6.177471603463284,7.20156797697997,7.037116419404577,6.660912342214668,6.4481918513986765,6.190545764386594,7.1082517022942655,6.7787063301407455,6.859117455078004,"rgba(38, 166, 154, 1.0)",0.5723715965381915,7.217427697544514,0.30557453429437514,57.088714424898356,2.264871509557736,False,True,True,False,True,13.079350990698465,7.079476304092,,0.0,0.0,0.0,0.0,1,1.0102983191352517,0.9848086160812013,False,False,False,False,0.3428281205908543,0.31315103839355085,False,False,False,False,272583,23445.550610070408,False,False,False,False,195132.81764467267,False,False,False,False
2025-06-13 00:00:00+00:00,7.4566110111,7.4566110111,7.3677052644,7.4071639884,208298,7.245272008726932,7.230768046539419,7.016055078933504,6.876913215425152,6.618020762146875,6.486914968202835,6.45764030233766,6.373758908008026,6.345135504973026,6.309376610123479,6.198524598427998,6.201120483793266,6.189958472618165,6.184151844679854,7.225080028133294,7.2219502298308536,7.22333394797053,6.912122490225422,6.763914407683873,6.67054160260492,6.537625364842843,6.4035610316062685,6.358494325868371,6.24475571688153,6.19344695475947,6.182677645926514,6.184297869890234,7.225080028133294,7.044744040742514,6.67054160260492,6.45764030233766,6.198524598427998,7.118936880723139,6.78816791129005,6.86976613786225,"rgba(38, 166, 154, 1.0)",0.5704423601947882,7.230767578307624,0.3959092952270533,57.870749317620636,3.173015349818286,False,True,True,False,True,14.081474557688257,7.1021461866180005,,0.0,0.0,0.0,0.0,1,1.0321828641410224,0.9859449838851525,False,False,False,False,0.342828121787634,0.3279895800905924,False,False,False,False,480881,57329.65797228741,False,False,False,False,196108.01633765988,False,False,False,False
2025-06-20 00:00:00+00:00,7.39957814,7.4890891659,7.3896324704,7.4592521572,83518,7.250310260345335,7.233574394603509,7.019125022168535,6.880386415473802,6.621790330217857,6.4907252657100205,6.461374287573496,6.377277313771464,6.348526653865294,6.3126829697942615,6.201692639400324,6.204181487713322,6.192928067222326,6.1869142270028785,7.233149807129629,7.2251421786159185,7.225898636700199,6.915505044087178,6.767611913147881,6.674330456649421,6.541433999929563,6.4071812364137095,6.361961784923014,6.248004431941503,6.1964454714087775,6.185592543783827,6.187012074683901,7.233149807129629,7.047712376349944,6.674330456649421,6.461374287573496,6.201692639400324,7.122886469890513,6.791820411233003,6.873781659084187,"rgba(38, 166, 154, 1.0)",0.5672138414352179,7.235544160173598,0.2891924841103099,57.658426493338624,3.173015349818286,False,True,True,False,True,12.795087529259021,7.123489710786,,0.0,0.0,0.0,0.0,1,1.1179771059908992,0.9365330531710134,False,False,False,False,0.34282812794800943,0.33540885401930093,False,False,False,False,397363,82517.31293730316,False,False,False,False,187768.01512746286,False,False,False,False
2025-06-27 00:00:00+00:00,7.5189261745,7.528871844,7.3991803132,7.4033574944,140927,7.260728482245719,7.239462094964143,7.0249037271201535,6.886742166582868,6.62851104732931,6.497467375509858,6.467973530821833,6.383476601087305,6.354496909332221,6.318497407159897,6.207245215234163,6.209548120299662,6.198133696262442,6.191757906826424,7.248957863621802,7.231753005041821,7.231257179120971,6.921730405298252,6.774283096992977,6.681110050062185,6.548190911339818,6.413566041521512,6.368068396112672,6.253705641868449,6.201702028956975,6.1907017689002375,6.191771786409768,7.248957863621802,7.05334658895844,6.681110050062185,6.467973530821833,6.207245215234163,7.130691865499466,6.798658128207649,6.881356069124917,"rgba(0, 255, 255, 0.75)",0.5614026595058547,7.245225361468371,0.48753031072659925,58.63167241921458,4.231216148655513,False,True,True,False,True,14.65581862474357,7.144620382534,,0.0,0.0,0.0,0.0,1,1.0907771923525231,0.9072816421441701,False,False,False,False,0.34282813305904897,0.33911849353917495,False,False,False,False,538290,116278.25271972513,False,False,False,False,184298.31030320632,False,False,False,False
2025-07-04 00:00:00+00:00,7.6333013742,7.6482198786,7.4791434963,7.528871844,145083,7.275139764390094,7.247726448133896,7.032030046483472,6.894271031447543,6.636155169305829,6.505040020403913,6.475370056744017,6.390386883995629,6.361141675139922,6.324955626729817,6.213376118586266,6.215476174360567,6.203881907266769,6.197107689058828,7.269675701018397,7.240908563572908,7.238746805712939,6.929167146517926,6.782017361837217,6.688867222583622,6.555813820329993,6.420695773629276,6.374869394844201,6.26001507598943,6.207507097790093,6.196342195898956,6.197029519779486,7.269675701018397,7.060373471125124,6.688867222583622,6.475370056744017,6.213376118586266,7.1409581884096465,6.80701492761305,6.890736549400285,"rgba(0, 255, 255, 0.75)",0.5579884707519758,7.258362619278824,0.6719471361404448,60.28542386466715,5.969657182240894,False,True,True,False,True,16.370815388331607,7.1691086329300004,,0.0,0.0,0.0,0.0,1,1.0929063312718414,0.8794178647348934,False,False,False,False,0.3428281500932998,0.3409733218162374,False,False,False,False,683373,158285.27103678253,False,False,False,False,181393.4725029688,False,False,False,False
2025-07-11 00:00:00+00:00,7.6979482263,7.747676574,7.4095238095,7.6283285395,348873,7.308106213266764,7.267780932615205,7.04938030626964,6.91252301847667,6.654639484981416,6.523343450510265,6.493254835631297,6.407112174116285,6.377233522954068,6.340600335696501,6.228231055126563,6.229846907322411,6.217821820880315,6.210093351199818,7.31447848260654,7.262943291191652,7.257045663572213,6.947211535650106,6.8007310213402805,6.707623052274829,6.574240299108832,6.437944227502158,6.391333795975077,6.27529969131325,6.221583256333439,6.2100236677932585,6.20979458387045,7.31447848260654,7.07750302168769,6.707623052274829,6.493254835631297,6.228231055126563,7.164933680456098,6.827017551983442,6.912777196655826,"rgba(0, 255, 255, 0.75)",0.555876723341251,7.288327229920039,0.7368917948530397,61.970847955073104,7.695183963029869,False,True,True,False,True,17.316334251834387,7.193581883868001,,0.0,0.0,0.0,0.0,0,1.0712149579193613,0.8601071009246742,False,False,False,False,0.3428281522402856,0.3419007370282615,False,False,False,False,1032246,223023.10281183568,False,False,False,False,193799.3634286748,False,False,False,False
2025-07-18 00:00:00+00:00,7.78,7.81,7.528871844,7.6880025567,163610,7.325268040917867,7.27863217600175,7.058371354677542,6.921796370579686,6.6638395177544885,6.532394019615081,6.502091195096563,6.415357785126624,6.385163544916466,6.348303402240572,6.235523594079476,6.236905663873377,6.224669391348827,6.216476873612096,7.336745113331681,7.274756765537681,7.266976239148717,6.956418504915974,6.810134504778775,6.716984707925327,6.583372506377274,6.44645294054371,6.399448283951471,6.282811262609485,6.228497608027515,6.2167444104789755,6.216071028388458,7.336745113331681,7.086426687596604,6.716984707925327,6.502091195096563,6.235523594079476,7.177370570638862,6.8372188074712,6.923980160319893,"rgba(0, 255, 255, 0.75)",0.5548460040861874,7.303850523947244,0.8581650990475418,63.78516794732741,9.507794202907938,False,False,True,False,True,18.4965085262619,7.216426329028,,0.0,0.0,0.0,0.0,0,1.1140756892823362,0.8970817342082313,False,False,False,False,0.3428281636180625,0.342364450323162,False,False,False,False,1195856,295084.79889984784,False,False,False,False,191563.11428581004,False,False,False,False
2025-07-25 00:00:00+00:00,7.8105,7.86,7.75,7.8,136146,7.341941520160241,7.289289363630422,7.066799861906578,6.930317520010453,6.672100021410563,6.540456497580693,6.509952504255662,6.422668115617428,6.392187367932352,6.355117183403739,6.241948462772108,6.243126684409159,6.230703094214845,6.222103160841932,7.357971886263947,7.286298690104693,7.276727236902368,6.964916062796195,6.818673250411674,6.725420353762891,6.591530616065534,6.454004971166248,6.406638355083481,6.289439336141594,6.234590525046037,6.222665537906779,6.221603578824922,7.357971886263947,7.094835086454383,6.725420353762891,6.509952504255662,6.241948462772108,7.189282767721862,6.846690675571505,6.934442883434194,"rgba(0, 255, 255, 0.75)",0.5526934318216479,7.318875365039826,0.8895069249146053,65.30327997853745,11.008409418004682,False,False,True,False,True,18.93161657461937,7.24072159051,,0.0,0.0,0.0,0.0,0,1.100089524017441,0.8865432262645111,False,False,False,False,0.34282817655718006,0.34259631344017105,False,False,False,False,1332002,371893.480462822,False,False,False,False,187458.1428572315,False,False,False,False
