date,Close,High,Low,Open,Volume,aVWAP_OB_bull_573,Peaks_Valleys_avg,color,StDev,StDev_Mean,StdDev_ZScore,QQEMOD,QQE1_Value,QQE1_Above_Upper,QQE1_Below_Lower,QQE2_Above_Threshold,QQE2_Below_Threshold,QQE2_Above_TL,banker_RSI,SMA_200,OB,OB_High,OB_Low,OB_Mitigated_Index,TTM_squeeze_Active,VI_plus,VI_minus,VI_Regular_Bullish,VI_Regular_Bearish,VI_Hidden_Bullish,VI_Hidden_Bearish,Fisher,Fisher_Signal,Fisher_Regular_Bullish,Fisher_Regular_Bearish,Fisher_Hidden_Bullish,Fisher_Hidden_Bearish,OBV,OBV_Smoothed,OBV_Regular_Bullish,OBV_Regular_Bearish,OBV_Hidden_Bullish,OBV_Hidden_Bearish,Volume_MA,Vol_Regular_Bullish,Vol_Regular_Bearish,Vol_Hidden_Bullish,Vol_Hidden_Bearish
2022-01-03 00:00:00+00:00,31.5,32.4,30.9,32.4,4518,,,#000000,,,,,,False,False,False,False,False,,,0.0,0.0,0.0,0.0,0,,,False,False,False,False,,,False,False,False,False,0,0.0,False,False,False,False,4518.0,False,False,False,False
2022-01-04 00:00:00+00:00,30.0,31.8,28.521,31.2,5487,,,"rgba(239, 83, 80, 0.5)",,,,0.0,,False,False,False,True,False,,,0.0,0.0,0.0,0.0,0,,,False,False,False,False,,,False,False,False,False,-5487,-215.1764705882353,False,False,False,False,4556.0,False,False,False,False
2022-01-05 00:00:00+00:00,29.4,31.2,29.4,30.0,3784,,,"rgba(239, 83, 80, 0.5)",,,,0.0,-50.0,False,False,False,True,True,,,0.0,0.0,0.0,0.0,0,,,False,False,False,False,,,False,False,False,False,-9271,-570.3068050749712,False,False,False,False,4525.725490196078,False,False,False,False
2022-01-06 00:00:00+00:00,30.6,30.6,29.37,29.7,3061,,,"rgba(239, 83, 80, 0.5)",,,,13.399778516057598,-37.71686969361387,False,False,False,True,True,,,0.0,0.0,0.0,0.0,0,,,False,False,False,False,,,False,False,False,False,-6210,-791.4712440916389,False,False,False,False,4468.2852748942705,False,False,False,False
2022-01-07 00:00:00+00:00,30.0,30.6,29.4,30.0,4974,,,"rgba(239, 83, 80, 0.5)",,,,19.906749364851905,-32.4965785553334,False,False,False,True,True,,,0.0,0.0,0.0,0.0,0,,,False,False,False,False,,,False,False,False,False,-11184,-1199.0213913821628,False,False,False,False,4488.117224898417,False,False,False,False
2022-01-10 00:00:00+00:00,29.43,30.6,29.4,29.4,4158,,,"rgba(239, 83, 80, 0.5)",,,,22.498761251715802,-30.947336126893177,False,False,False,True,True,,,0.0,0.0,0.0,0.0,0,,,False,False,False,False,,,False,False,False,False,-15342,-1753.6480034848232,False,False,False,False,4475.1714513729885,False,False,False,False
2022-01-11 00:00:00+00:00,31.8,32.1,29.7,30.0,30097,,,"rgba(239, 83, 80, 0.5)",,,,34.38003979288678,-20.68458466087486,False,False,False,True,True,,,0.0,0.0,0.0,0.0,0,,,False,False,False,False,,,False,False,False,False,14755,-1106.25004256385,False,False,False,False,5479.949041515224,False,False,False,False
2022-01-12 00:00:00+00:00,31.8,34.5,31.5,31.5,12995,,,"rgba(239, 83, 80, 0.5)",,,,42.300892153667434,-14.40709645307745,False,False,False,True,True,,,0.0,0.0,0.0,0.0,0,,,False,False,False,False,,,False,False,False,False,14755,-484.2402369731109,False,False,False,False,5774.656922240118,False,False,False,False
2022-01-13 00:00:00+00:00,33.0,33.6,31.5,31.5,12800,,,#000000,,,,50.44337672164846,-7.898044355145856,False,False,False,False,True,,,0.0,0.0,0.0,0.0,0,,,False,False,False,False,,,False,False,False,False,27555,615.3378115356385,False,False,False,False,6050.160572348348,False,False,False,False
2022-01-14 00:00:00+00:00,33.6,33.6,32.4,32.7,2953,,,"rgba(38, 166, 154, 0.5)",,,,56.99604215948132,-2.7940563336446615,False,False,True,False,True,,,0.0,0.0,0.0,0.0,0,,,False,False,False,False,,,False,False,False,False,30508,1787.5990738283585,False,False,False,False,5928.7032950013545,False,False,False,False
2022-01-18 00:00:00+00:00,33.9,34.5,32.7,33.3,3892,,33.699999999999996,"rgba(38, 166, 154, 0.5)",,33.699999999999996,,61.89083465587714,0.9587579848524683,False,False,True,False,True,,,0.0,0.0,0.0,0.0,0,,,False,False,False,False,,,False,False,False,False,34400,3066.516757207639,False,False,False,False,5848.832577550322,False,False,False,False
2022-01-19 00:00:00+00:00,33.0,34.2,32.1,34.2,2943,,33.441653255303585,"rgba(38, 166, 154, 0.5)",,33.441653255303585,,61.60782522399788,0.9587579848524683,False,False,True,False,True,,,0.0,0.0,0.0,0.0,0,,,False,False,False,False,,,False,False,False,False,31457,4179.869041238711,False,False,False,False,5734.878358822858,False,False,False,False
2022-01-20 00:00:00+00:00,32.1,33.6,31.8,32.4,1982,,33.22997618237496,"rgba(38, 166, 154, 0.5)",,33.22997618237496,,58.563489862824085,0.9587579848524683,False,False,True,False,True,,,0.0,0.0,0.0,0.0,0,,,False,False,False,False,,,False,False,False,False,29475,5171.834961190135,False,False,False,False,5587.706658476864,False,False,False,False
2022-01-21 00:00:00+00:00,29.4,32.1,28.5,29.7,12052,,31.36464133403613,#000000,,31.36464133403613,,50.99714696223308,0.9587579848524683,False,False,False,False,False,,,0.0,0.0,0.0,0.0,0,,,False,False,False,False,,,False,False,False,False,17423,5652.272805849345,False,False,False,False,5841.208358144438,False,False,False,False
2022-01-24 00:00:00+00:00,29.028,30.0,27.6,27.6,4192,,30.948361677506885,"rgba(239, 83, 80, 0.5)",,30.948361677506885,,45.40565959665272,8.128075678002489,False,False,False,True,False,,,0.0,0.0,0.0,0.0,0,,,False,False,False,False,,,False,False,False,False,13231,5949.477793855253,False,False,False,False,5776.533520570146,False,False,False,False
2022-01-25 00:00:00+00:00,29.52,30.897,28.5,28.5,3469,,30.789154679284962,"rgba(239, 83, 80, 0.5)",,30.789154679284962,,43.047048591713235,5.944637489179669,False,False,False,True,False,,,0.0,0.0,0.0,0.0,0,,,False,False,False,False,,,False,False,False,False,16700,6371.066899978577,False,False,False,False,5686.042009959552,False,False,False,False
2022-01-26 00:00:00+00:00,29.994,31.8,29.1,30.6,2538,,30.74903138277327,"rgba(239, 83, 80, 0.5)",,30.74903138277327,,42.75048182876441,5.436166053850187,False,False,False,True,False,,,0.0,0.0,0.0,0.0,0,,,False,False,False,False,,,False,False,False,False,19238,6875.652511744122,False,False,False,False,5562.589382118002,False,False,False,False
2022-01-27 00:00:00+00:00,28.5,30.6,28.5,30.6,1821,,30.663264526133357,"rgba(239, 83, 80, 0.5)",,30.663264526133357,,40.06438394004607,2.4743735160083276,False,False,False,True,False,,,0.0,0.0,0.0,0.0,1,,,False,False,False,False,,,False,False,False,False,17417,7289.038687754157,False,False,False,False,5415.860386740825,False,False,False,False
2022-01-28 00:00:00+00:00,28.68,28.68,26.403,28.41,4168,,29.13791364654451,"rgba(239, 83, 80, 0.5)",,29.13791364654451,,38.77282370226598,0.7542667479307283,False,False,False,True,False,,,0.0,0.0,0.0,0.0,1,,,False,False,False,False,,,False,False,False,False,21585,7849.664621567719,False,False,False,False,5366.924685300008,False,False,False,False
2022-01-31 00:00:00+00:00,30.3,31.2,27.8328,27.8328,2031,,29.42705954171013,"rgba(239, 83, 80, 0.5)",,29.42705954171013,,41.84695227542889,0.7542667479307283,False,False,False,True,False,,,0.0,0.0,0.0,0.0,1,,,False,False,False,False,,,False,False,False,False,23616,8467.952283467024,False,False,False,False,5236.10410940589,False,False,False,False
2022-02-01 00:00:00+00:00,31.5,32.997,30.3,32.4,6016,,30.26796564292637,"rgba(239, 83, 80, 0.5)",,30.26796564292637,,46.167252843078955,0.7542667479307283,False,False,False,True,True,,,0.0,0.0,0.0,0.0,1,,,False,False,False,False,,,False,False,False,False,29632,9297.914939017337,False,False,False,False,5266.688261978208,False,False,False,False
2022-02-02 00:00:00+00:00,31.5,33.0,30.3,31.8,2041,,30.403477866664666,#000000,,30.403477866664666,,49.04745322151234,0.7542667479307283,False,False,False,False,True,,,0.0,0.0,0.0,0.0,1,,,False,False,False,False,,,False,False,False,False,29632,10095.33003944803,False,False,False,False,5140.190683077102,False,False,False,False
2022-02-03 00:00:00+00:00,31.2,31.5,30.453,30.6,1609,,30.451758161425847,#000000,,30.451758161425847,,50.27121448665492,0.7542667479307283,False,False,False,False,True,,,0.0,0.0,0.0,0.0,1,,,False,False,False,False,,,False,False,False,False,28023,10798.375920253991,False,False,False,False,5001.7126170740785,False,False,False,False
2022-02-04 00:00:00+00:00,31.8,34.2,29.1,31.2,13113,,31.152944144914926,"rgba(38, 166, 154, 0.5)",,31.152944144914926,,52.306432920276805,-8.094310667489871,False,False,True,False,True,,,0.0,0.0,0.0,0.0,1,,,False,False,False,False,,,False,False,False,False,41136,11988.086668479325,False,False,False,False,5319.802318365291,False,False,False,False
2022-02-07 00:00:00+00:00,31.2,31.8,30.048,31.2,2147,,31.124608814307468,"rgba(38, 166, 154, 0.5)",,31.124608814307468,,52.18933715566844,-7.664495666023839,False,False,True,False,True,,,0.0,0.0,0.0,0.0,1,,,False,False,False,False,,,False,False,False,False,38989,13046.946014813471,False,False,False,False,5195.378698037241,False,False,False,False
2022-02-08 00:00:00+00:00,30.921,31.2,30.291,30.3,1150,,31.10402787451527,#000000,,31.10402787451527,,51.44329688156829,-7.664495666023839,False,False,False,False,True,,,0.0,0.0,0.0,0.0,1,,,False,False,False,False,,,False,False,False,False,37839,14019.183425997257,False,False,False,False,5036.736396153427,False,False,False,False
2022-02-09 00:00:00+00:00,31.65,33.0,30.0,31.2,11462,,31.193205827947036,"rgba(38, 166, 154, 0.5)",,31.193205827947036,,52.61081803141742,-6.081012809972137,False,False,True,False,True,,,0.0,0.0,0.0,0.0,1,,,False,False,False,False,,,False,False,False,False,49301,15402.784075958149,False,False,False,False,5288.707517872901,False,False,False,False
2022-02-10 00:00:00+00:00,31.5,33.0,31.2,32.4,3877,,31.244646877006744,"rgba(38, 166, 154, 0.5)",,31.244646877006744,,52.984607564027286,-5.100644269446136,False,False,True,False,True,,,0.0,0.0,0.0,0.0,1,,,False,False,False,False,,,False,False,False,False,45424,16580.086661214693,False,False,False,False,5233.34643874063,False,False,False,False
2022-02-11 00:00:00+00:00,30.6,31.8,29.7,31.2,4543,,31.188882894142356,#000000,,31.188882894142356,,50.954921546727064,-5.100644269446136,False,False,False,False,True,,,0.0,0.0,0.0,0.0,1,,,False,False,False,False,,,False,False,False,False,40881,17533.063654892547,False,False,False,False,5206.274029378253,False,False,False,False
2022-02-14 00:00:00+00:00,30.9,31.2,30.0,31.2,603,,31.182386683538237,#000000,,31.182386683538237,,50.39081459277055,-5.100644269446136,False,False,False,False,True,,,0.0,0.0,0.0,0.0,1,,,False,False,False,False,,,False,False,False,False,41484,18472.316060583038,False,False,False,False,5025.753479206557,False,False,False,False
2022-02-15 00:00:00+00:00,31.128,31.8,30.066,30.066,1028,,31.177497238751116,#000000,,31.177497238751116,,50.62231966734913,-5.100644269446136,False,False,False,False,True,,,0.0,0.0,0.0,0.0,1,,,False,False,False,False,,,False,False,False,False,42512,19415.048764089588,False,False,False,False,4868.978832963163,False,False,False,False
2022-02-16 00:00:00+00:00,31.8,33.9,30.3,30.3,15600,,31.349253483592403,"rgba(38, 166, 154, 0.5)",,31.349253483592403,,52.47760476188829,-3.722100741693893,False,False,True,False,True,,,0.0,0.0,0.0,0.0,1,,,False,False,False,False,,,False,False,False,False,58112,20932.576263537056,False,False,False,False,5289.803192454804,False,False,False,False
2022-02-17 00:00:00+00:00,30.3,32.4,29.4,31.8,5245,,31.300794037472702,#000000,,31.300794037472702,,49.895270215375774,-3.722100741693893,False,False,False,False,True,,,0.0,0.0,0.0,0.0,1,,,False,False,False,False,,,False,False,False,False,52867,22184.906606143446,False,False,False,False,5288.0462045154,False,False,False,False
2022-02-18 00:00:00+00:00,29.997,31.2,28.95,30.0,3173,,31.24878981541238,#000000,,31.24878981541238,,47.52741963971638,-3.722100741693893,False,False,False,False,False,,,0.0,0.0,0.0,0.0,1,,,False,False,False,False,,,False,False,False,False,49694,23263.694582373115,False,False,False,False,5205.103216103031,False,False,False,False
2022-02-22 00:00:00+00:00,28.236,30.0,27.72,29.4,1979,,31.18443858937519,"rgba(239, 83, 80, 0.5)",,31.18443858937519,,42.853818060876876,-1.1637864540071519,False,False,False,True,False,,,0.0,0.0,0.0,0.0,1,,,False,False,False,False,,,False,False,False,False,47715,24222.56930463299,False,False,False,False,5078.5893644911475,False,False,False,False
2022-02-23 00:00:00+00:00,27.3,28.87503,26.7,28.35,2562,,31.074475730744183,"rgba(239, 83, 80, 0.5)",,31.074475730744183,,38.48068138929213,-5.242346924771354,False,False,False,True,False,,,0.0,0.0,0.0,0.0,1,,,False,False,False,False,,,False,False,False,False,45153,25043.370508372875,False,False,False,False,4979.899585491495,False,False,False,False
2022-02-24 00:00:00+00:00,27.3,28.02,25.2,25.8,3892,,30.885543428455417,"rgba(239, 83, 80, 0.5)",,30.885543428455417,,35.56525694156896,-7.88461285366823,False,False,False,True,False,,,0.0,0.0,0.0,0.0,1,,,False,False,False,False,,,False,False,False,False,45153,25831.983429613156,False,False,False,False,4937.236856648691,False,False,False,False
2022-02-25 00:00:00+00:00,27.603,28.40997,25.8,27.54,2821,,30.77263325013145,"rgba(239, 83, 80, 0.5)",,30.77263325013145,,34.610870834614396,-8.751721430435069,False,False,False,True,False,,,0.0,0.0,0.0,0.0,1,,,False,False,False,False,,,False,False,False,False,47974,26700.297804922444,False,False,False,False,4854.247175995802,False,False,False,False
2022-02-28 00:00:00+00:00,27.0,28.41,26.7,27.0,3759,,30.63703533763577,"rgba(239, 83, 80, 0.5)",,30.63703533763577,,33.05205687325791,-10.304397269463436,False,False,False,True,False,,,0.0,0.0,0.0,0.0,0,,,False,False,False,False,,,False,False,False,False,44215,27387.148871396075,False,False,False,False,4811.296306348907,False,False,False,False
2022-03-01 00:00:00+00:00,26.4,27.903,25.50048,27.486,3845,,30.479458975621153,"rgba(239, 83, 80, 0.5)",,30.479458975621153,,31.166905338805638,-12.212733198241239,False,False,False,True,False,,,0.0,0.0,0.0,0.0,0,,,False,False,False,False,,,False,False,False,False,40370,27896.280288204074,False,False,False,False,4773.402333550911,False,False,False,False
2022-03-02 00:00:00+00:00,27.207,27.42,26.1,27.0,2006,,30.408334935654153,"rgba(239, 83, 80, 0.5)",,30.408334935654153,,32.60739663787458,-12.212733198241239,False,False,False,True,False,,,0.0,0.0,0.0,0.0,0,,,False,False,False,False,,,False,False,False,False,42376,28464.112433764698,False,False,False,False,4664.876751843032,False,False,False,False
2022-03-03 00:00:00+00:00,26.1,27.0,26.09847,26.9997,821,,30.375941509819512,"rgba(239, 83, 80, 0.5)",,30.375941509819512,,31.86473517314526,-12.212733198241239,False,False,False,True,False,,,0.0,0.0,0.0,0.0,0,,,False,False,False,False,,,False,False,False,False,41555,28977.480573617064,False,False,False,False,4514.136487064874,False,False,False,False
2022-03-04 00:00:00+00:00,26.154,26.7,25.5,26.1,1071,,30.331549647213404,"rgba(239, 83, 80, 0.5)",,30.331549647213404,,31.547521100087607,-12.359512362648573,False,False,False,True,False,,,0.0,0.0,0.0,0.0,0,,,False,False,False,False,,,False,False,False,False,42626,29512.71662955365,False,False,False,False,4379.11152678782,False,False,False,False
2022-03-07 00:00:00+00:00,26.256,27.0,25.5,26.1,4723,,30.15255119101199,"rgba(239, 83, 80, 0.5)",,30.15255119101199,,31.697084593810345,-12.555707010715054,False,False,False,True,False,,,0.0,0.0,0.0,0.0,0,,,False,False,False,False,,,False,False,False,False,47349,30212.178722512333,False,False,False,False,4392.597349266729,False,False,False,False
2022-03-08 00:00:00+00:00,27.0,27.72,24.9,26.04,5050,,29.99112951460113,"rgba(239, 83, 80, 0.5)",,29.99112951460113,,34.329589717937225,-12.555707010715054,False,False,False,True,True,,,0.0,0.0,0.0,0.0,0,,,False,False,False,False,,,False,False,False,False,52399,31082.25014515891,False,False,False,False,4418.377845373916,False,False,False,False
2022-03-09 00:00:00+00:00,26.844,27.45,26.43,26.61,2307,,29.929599064778913,"rgba(239, 83, 80, 0.5)",,29.929599064778913,,35.75300652741448,-12.555707010715054,False,False,False,True,True,,,0.0,0.0,0.0,0.0,0,,,False,False,False,False,,,False,False,False,False,50092,31827.730531623267,False,False,False,False,4335.578714182781,False,False,False,False
2022-03-10 00:00:00+00:00,26.82,27.297,26.4,26.844,1051,,29.901771466828155,"rgba(239, 83, 80, 0.5)",,29.901771466828155,,36.647477817439935,-12.555707010715054,False,False,False,True,True,,,0.0,0.0,0.0,0.0,0,,,False,False,False,False,,,False,False,False,False,49041,32502.760706853725,False,False,False,False,4206.771705783456,False,False,False,False
2022-03-11 00:00:00+00:00,27.0,27.3,26.4,27.15,970,,29.877046433936197,"rgba(239, 83, 80, 0.5)",,29.877046433936197,,37.93636488598635,-17.11374749724169,False,False,False,True,True,,,0.0,0.0,0.0,0.0,0,,,False,False,False,False,,,False,False,False,False,50011,33189.35832619279,False,False,False,False,4079.8394820272424,False,False,False,False
2022-03-14 00:00:00+00:00,24.63,25.797,24.06,25.56,3801,,28.496496270766986,"rgba(239, 83, 80, 0.5)",,28.496496270766986,,34.36177974299049,-17.11374749724169,False,False,False,True,False,,,0.0,0.0,0.0,0.0,1,,,False,False,False,False,,,False,False,False,False,46210,33699.971725165626,False,False,False,False,4068.9046003791154,False,False,False,False
2022-03-15 00:00:00+00:00,25.374,25.5,24.06,24.09,1777,,27.761305412809566,"rgba(239, 83, 80, 0.5)",,27.761305412809566,,34.4493443279525,-17.11374749724169,False,False,False,True,False,0.0,,0.0,0.0,0.0,0.0,1,,,False,False,False,False,-0.34282825441539394,-0.34282825441539394,False,False,False,False,47987,34260.24734378658,False,False,False,False,3979.0259885995424,False,False,False,False
2022-03-16 00:00:00+00:00,26.193,27.57,25.0515,25.5,10268,,28.00737777946974,"rgba(239, 83, 80, 0.5)",,28.00737777946974,,36.89977939494385,-17.11374749724169,False,False,False,True,True,0.0,,0.0,0.0,0.0,0.0,1,0.9407843440268052,1.029502462050702,False,False,False,False,-0.2188839579702908,-0.2808561061928424,False,False,False,False,58255,35201.2180361871,False,False,False,False,4225.652420419168,False,False,False,False
2022-03-17 00:00:00+00:00,25.647,26.55,25.356,25.8,2873,,27.95618743345842,"rgba(239, 83, 80, 0.5)",,27.95618743345842,,37.49535450343651,-17.11374749724169,False,False,False,True,True,0.0,,0.0,0.0,0.0,0.0,1,0.9652388219026944,1.0341020626016435,False,False,False,False,-0.2471359079026203,-0.26399600704773135,False,False,False,False,55382,35992.62125045427,False,False,False,False,4172.607227461554,False,False,False,False
2022-03-18 00:00:00+00:00,26.4,26.994,25.218,25.8,3242,,27.931279830835756,"rgba(239, 83, 80, 0.5)",,27.931279830835756,,39.967715162401305,-14.921401610897945,False,False,False,True,True,0.0,,0.0,0.0,0.0,0.0,1,0.9555138338504755,1.024134891686791,False,False,False,False,-0.2350084484743599,-0.24950222776104564,False,False,False,False,58624,36880.12629945606,False,False,False,False,4136.112826384631,False,False,False,False
2022-03-21 00:00:00+00:00,25.788,26.16,24.84,26.16,2980,,27.866424177580235,"rgba(239, 83, 80, 0.5)",,27.866424177580235,,40.36999300360597,-14.420398500327373,False,False,False,True,True,0.0,,0.0,0.0,0.0,0.0,1,0.9500532184671652,1.0240018858624607,False,False,False,False,-0.28347958705811266,-0.26649090740957915,False,False,False,False,55644,37615.96448379112,False,False,False,False,4090.775068487195,False,False,False,False
2022-03-22 00:00:00+00:00,30.0,30.0,25.788,25.788,25196,,28.377894948746444,#000000,,28.377894948746444,,48.2174389627012,-7.025280725654483,True,False,False,False,True,0.9895785967263429,,0.0,0.0,0.0,0.0,1,0.959945835214055,0.9877782021457588,False,False,False,False,-0.09728535412977452,-0.18188813076967683,False,False,False,False,80840,39311.024700113034,False,False,False,False,4918.430948154364,False,False,False,False
2022-03-23 00:00:00+00:00,27.492,29.4,27.0,29.4,5810,,28.38361774375038,#000000,,28.38361774375038,,49.14511574285179,-6.343396036133193,True,False,False,False,True,0.0,,0.0,0.0,0.0,0.0,1,0.9661760185786004,0.9879785526450598,False,False,False,False,-0.07421760576248834,-0.1280528682660826,False,False,False,False,75030,40711.76882952036,False,False,False,False,4953.394440383605,False,False,False,False
2022-03-24 00:00:00+00:00,28.959,32.1,27.30303,27.75,17364,,28.640851731662217,"rgba(38, 166, 154, 1.0)",,28.748829561908334,,51.64243697296476,-4.0724151998281855,True,False,True,False,True,0.0,,0.0,0.0,0.0,0.0,1,0.9692580374717503,0.9798982799360174,False,False,False,False,0.03829533796023671,-0.04487876515292294,False,False,False,False,92394,42738.52299306858,False,False,False,False,5440.084854486209,False,False,False,False
2022-03-25 00:00:00+00:00,27.579,30.0,27.03,30.0,3670,,28.597078260678877,#000000,,28.709393984154556,,51.29912965292694,-4.0724151998281855,True,False,False,False,True,0.0,,0.0,0.0,0.0,0.0,1,0.9507241776460418,1.0201071092303964,False,False,False,False,-0.05055322836969314,-0.04771599676130804,False,False,False,False,88724,44541.87503255609,False,False,False,False,5370.669762153417,False,False,False,False
2022-03-28 00:00:00+00:00,26.7,28.2,26.4,28.17,11132,,28.364903874636262,#000000,,28.49882378886751,,49.900096992856774,-4.0724151998281855,True,False,False,False,True,0.0,,0.0,0.0,0.0,0.0,1,0.9449465917424188,1.0282256243508106,False,False,False,False,-0.14238300779716898,-0.0950495022792385,False,False,False,False,77592,45837.958364612714,False,False,False,False,5596.604281284656,False,False,False,False
2022-03-29 00:00:00+00:00,26.853,27.57,26.4,27.0,3045,,28.314426152052533,#000000,,28.45202349428337,,49.1985045508233,-4.0724151998281855,True,False,False,False,True,0.0,,0.0,0.0,0.0,0.0,1,0.9368651560194287,1.0338798566505623,False,False,False,False,-0.1665223224975777,-0.1307859123884081,False,False,False,False,80637,47202.626664039664,False,False,False,False,5496.541368293101,False,False,False,False
2022-03-30 00:00:00+00:00,27.225,28.5,25.2,27.675,7856,,28.209651641615856,#000000,,28.353214602089825,,49.320087452990144,-4.0724151998281855,True,False,False,False,True,0.0,,0.0,0.0,0.0,0.0,1,0.9244366711382045,1.033165084647909,False,False,False,False,-0.1683467214340498,-0.14956631691122896,False,False,False,False,88493,48821.85699094007,False,False,False,False,5589.0691577718035,False,False,False,False
2022-03-31 00:00:00+00:00,27.11997,27.66,26.712,27.00303,1663,,28.193840508811196,#000000,,28.33790930271273,,49.229187940265895,-4.0724151998281855,True,False,False,False,True,0.0,,0.0,0.0,0.0,0.0,1,0.9425297215693673,1.0383313890652073,False,False,False,False,-0.130231290924652,-0.13989880391794046,False,False,False,False,86830,50312.372403060064,False,False,False,False,5435.105661388596,False,False,False,False
2022-04-01 00:00:00+00:00,27.9,28.6497,27.12,27.12,5463,,28.18505111087969,#000000,,28.326391587250455,,50.49956428913403,-4.0724151998281855,True,False,False,False,True,0.0,,0.0,0.0,0.0,0.0,1,0.9487316662255498,1.0241854678681164,False,False,False,False,-0.05009637807058991,-0.09499759099426519,False,False,False,False,92293,51958.671524508696,False,False,False,False,5436.199557020415,False,False,False,False
2022-04-04 00:00:00+00:00,27.9,29.4,27.0,29.4,3679,,28.18677584583913,#000000,,28.325605841571967,,51.34648185504612,-3.253050924708802,True,False,False,False,True,0.0,,0.0,0.0,0.0,0.0,1,0.9769663585138588,1.0040740272950865,False,False,False,False,-0.021642727048044614,-0.0583201590211549,False,False,False,False,92293,53540.40989609659,False,False,False,False,5367.289770470595,False,False,False,False
2022-04-05 00:00:00+00:00,27.597,27.9,26.7,27.426,2259,,28.173395887788075,#000000,,28.312105552736643,,51.28300973196131,-3.0327307317235963,True,False,False,False,True,0.0,,0.0,0.0,0.0,0.0,1,0.9822054225940963,0.9986267082050134,False,False,False,False,-0.1031511865779929,-0.0807356727995739,False,False,False,False,90034,54971.531076641826,False,False,False,False,5245.3960539815525,False,False,False,False
2022-04-06 00:00:00+00:00,27.285,27.6,26.7,27.0,1741,,28.1603730504159,#000000,,28.299243051710192,,50.58109515255903,-3.0327307317235963,True,False,False,False,True,0.0,,0.0,0.0,0.0,0.0,1,0.9736056452140551,1.009716528176651,False,False,False,False,-0.11684027847419619,-0.09878797563688504,False,False,False,False,88293,56278.25534814607,False,False,False,False,5107.968757746982,False,False,False,False
2022-04-07 00:00:00+00:00,28.5,28.5,26.559,27.603,5573,,28.152222415501576,"rgba(38, 166, 154, 1.0)",,28.288482155201255,,52.521224237708154,-1.4055339781910519,True,False,True,False,True,0.0,,0.0,0.0,0.0,0.0,1,0.9664926824275918,1.0098134961859457,False,False,False,False,-0.08227943894683595,-0.0905337072918605,False,False,False,False,93866,57752.28455017956,False,False,False,False,5126.205277051023,False,False,False,False
2022-04-08 00:00:00+00:00,26.406,28.5,26.406,27.774,2346,,28.134681774066383,#000000,,28.27115590311664,,49.82375724541083,-1.4055339781910519,True,False,False,False,False,0.0,,0.0,0.0,0.0,0.0,1,0.9706689024638165,0.9985976728828744,False,False,False,False,-0.08922785399539329,-0.0898807806436269,False,False,False,False,91520,59076.50868546664,False,False,False,False,5017.177619127453,False,False,False,False
2022-04-11 00:00:00+00:00,25.8,27.051,24.603,26.7,2333,,28.09414318139118,"rgba(239, 83, 80, 0.5)",,28.23288517847966,,47.088026978721714,1.175480379661252,True,False,False,True,False,0.0,,0.0,0.0,0.0,0.0,1,0.9734593348385949,0.994204509345827,False,False,False,False,-0.24010864001759008,-0.16499471033060847,False,False,False,False,89187,60257.31226642873,False,False,False,False,4911.91575171069,False,False,False,False
2022-04-12 00:00:00+00:00,25.755,26.1,25.5,26.1,1393,,28.07041675264582,"rgba(239, 83, 80, 0.5)",,28.210441612647703,,45.19285120303154,-0.5811248584380664,True,False,False,True,False,0.0,,0.0,0.0,0.0,0.0,1,0.9676518640390265,1.02730111289129,False,False,False,False,-0.24268770597863926,-0.20384120815462387,False,False,False,False,87794,61337.182373627606,False,False,False,False,4773.919055565173,False,False,False,False
2022-04-13 00:00:00+00:00,25.197,25.644,24.69,25.236,1127,,28.046347935480405,"rgba(239, 83, 80, 0.5)",,28.18782615435012,,43.02459877877192,-2.589849594530463,False,False,False,True,False,0.0,,0.0,0.0,0.0,0.0,1,0.9341655779462962,1.0485797490712423,False,False,False,False,-0.30415080465433786,-0.25399600640448083,False,False,False,False,86667,62330.50855505398,False,False,False,False,4630.9026220135975,False,False,False,False
2022-04-14 00:00:00+00:00,25.08,26.1,24.69,25.647,3176,,27.983808111381574,"rgba(239, 83, 80, 0.5)",,28.128828166847047,,41.38699571602065,-4.1020234971223815,False,False,False,True,False,0.0,,0.0,0.0,0.0,0.0,1,0.9333286027895425,1.0447329090626871,False,False,False,False,-0.2817772654034652,-0.267886635903973,False,False,False,False,83491,63160.33174897343,False,False,False,False,4573.847617228751,False,False,False,False
2022-04-18 00:00:00+00:00,23.4,25.323,22.74,25.323,3675,,27.876284179711895,"rgba(239, 83, 80, 1.0)",,28.02825430506216,,37.87555622725771,-7.359044466901551,False,True,False,True,False,0.0,,0.0,0.0,0.0,0.0,1,0.9139061737743831,1.0370467238002317,False,False,False,False,-0.34282825441539394,-0.30535744515968344,False,False,False,False,79816,63813.495209798006,False,False,False,False,4538.598691062918,False,False,False,False
2022-04-19 00:00:00+00:00,25.05,25.578,23.4,23.403,1638,,27.840552718426846,"rgba(239, 83, 80, 1.0)",,27.994506121494904,,39.46810013616786,-7.359044466901551,False,True,False,True,False,0.0,,0.0,0.0,0.0,0.0,1,0.9315060362851552,1.0625582458427942,False,False,False,False,-0.30138185303524756,-0.3033696490974655,False,False,False,False,81454,64505.279711374555,False,False,False,False,4424.849722785941,False,False,False,False
2022-04-20 00:00:00+00:00,24.9,25.5,24.9,25.5,399,,27.83320595983602,"rgba(239, 83, 80, 0.75)",2.4834870332487564,27.987522877530342,-1.243220856881794,40.29123112143776,-7.359044466901551,False,True,False,True,True,0.0,,0.0,0.0,0.0,0.0,0,0.9362881424033599,1.0398156276770756,False,False,False,False,-0.23885840838352124,-0.2711140287404934,False,False,False,False,81055,65154.28835014418,False,False,False,False,4266.973263068845,False,False,False,False
2022-04-21 00:00:00+00:00,23.73,25.092,23.69628,24.69,1672,,27.79197891661692,"rgba(239, 83, 80, 0.75)",2.5229098597283874,27.948677901425896,-1.67214769293425,39.080719907973766,-7.359044466901551,False,True,False,True,True,0.0,,0.0,0.0,0.0,0.0,0,0.9220480165508967,1.0376894407463837,False,False,False,False,-0.3098890920801967,-0.290501560410345,False,False,False,False,79383,65712.27704229539,False,False,False,False,4165.209605693597,False,False,False,False
2022-04-22 00:00:00+00:00,23.1,24.6,21.6,23.55,3157,,26.631104659800492,"rgba(239, 83, 80, 0.75)",2.592433465859694,27.177038568678093,-1.5726685457387726,37.426012889713,-7.578665338083368,False,True,False,True,True,0.0,,0.0,0.0,0.0,0.0,0,0.9038893460543004,1.060743854897207,False,False,False,False,-0.34282825441539394,-0.31666490741286946,False,False,False,False,76226,66124.57990338185,False,False,False,False,4125.67197409777,False,False,False,False
2022-04-25 00:00:00+00:00,22.5,22.5,21.6,22.2,2786,,26.460558669896663,"rgba(239, 83, 80, 1.0)",2.67788788500173,27.036765709772567,-1.6941581965331742,35.55240702154088,-9.435642792626957,False,True,False,True,False,0.0,,0.0,0.0,0.0,0.0,0,0.8854380839123714,1.0760613444902523,False,False,False,False,-0.34282825441539394,-0.32974658091413167,False,False,False,False,73440,66411.45912285708,False,False,False,False,4073.1358182507984,False,False,False,False
2022-04-26 00:00:00+00:00,23.745,24.6,22.85997,22.85997,6513,,26.44069858006638,"rgba(239, 83, 80, 1.0)",2.715701819945491,26.99108608855621,-1.195302836532091,37.347755331233515,-9.435642792626957,False,True,False,True,False,0.0,,0.0,0.0,0.0,0.0,0,0.9096518991651985,1.0463991181328482,False,False,False,False,-0.22331211230663967,-0.27652934661038564,False,False,False,False,79953,66942.49994156857,False,False,False,False,4168.816766554689,False,False,False,False
2022-04-27 00:00:00+00:00,24.59997,25.05,23.115,25.05,1121,,26.43973493882164,"rgba(239, 83, 80, 0.75)",2.739556614250406,26.985717694476733,-0.8708517582979461,40.353402244038904,-9.435642792626957,False,True,False,True,True,0.0,,0.0,0.0,0.0,0.0,0,0.9098665754917002,1.0355420128416093,False,False,False,False,-0.19911264980561644,-0.23782099820800104,False,False,False,False,81074,67496.67641444824,False,False,False,False,4049.2945404152897,False,False,False,False
2022-04-28 00:00:00+00:00,23.4,24.29697,21.96,23.95647,3895,,26.35365400605706,"rgba(239, 83, 80, 0.5)",2.7896766971222546,26.904208461442572,-1.2561342556495554,40.43731985639372,-9.435642792626957,False,False,False,True,True,0.0,,0.0,0.0,0.0,0.0,0,0.8955516557801797,1.0456437477780907,False,False,False,False,-0.265222853512028,-0.25152192586001454,False,False,False,False,77179,67876.37537858753,False,False,False,False,4043.243774124494,False,False,False,False
2022-04-29 00:00:00+00:00,22.497,23.82,22.002,23.4,1138,,26.321524483019793,"rgba(239, 83, 80, 0.75)",2.8283766591976325,26.875004735644957,-1.5478860361147693,39.23125515156017,-9.435642792626957,False,True,False,True,True,0.0,,0.0,0.0,0.0,0.0,0,0.8917312631736563,1.072501862573874,False,False,False,False,-0.2723281288708231,-0.2619250273654188,False,False,False,False,76041,68196.55673628999,False,False,False,False,3929.3126457274548,False,False,False,False
2022-05-02 00:00:00+00:00,23.109,24.0,22.368,22.368,645,,26.30775731634044,"rgba(239, 83, 80, 0.75)",2.8465374588905266,26.86189666080909,-1.3184076145169814,39.79600545108277,-9.435642792626957,False,True,False,True,True,0.0,,0.0,0.0,0.0,0.0,0,0.9031841057192682,1.0563062800014014,False,False,False,False,-0.24131395445884044,-0.2516194909121296,False,False,False,False,76686,68529.4760799649,False,False,False,False,3800.516071385202,False,False,False,False
2022-05-03 00:00:00+00:00,23.697,24.0,22.806,23.997,638,,26.297660647098922,"rgba(239, 83, 80, 0.5)",2.8210195618935106,26.851677456315464,-1.118275640101552,41.438171977092296,-13.352221034466346,False,False,False,True,True,0.0,,0.0,0.0,0.0,0.0,0,0.9113223411150515,1.0444935648108158,False,False,False,False,-0.21661951086648526,-0.23411950088930744,False,False,False,False,77324,68874.35937094667,False,False,False,False,3676.495833291665,False,False,False,False
2022-05-04 00:00:00+00:00,24.0,24.03,23.25,23.793,251,,26.294682236570953,"rgba(239, 83, 80, 0.5)",2.7675019517446016,26.848435176151433,-1.0292441435699122,43.18066502783013,-11.552548363552674,False,False,False,True,True,0.0,,0.0,0.0,0.0,0.0,1,0.9275343564792049,1.0322554174065253,False,False,False,False,-0.19529629695413642,-0.21470789892172193,False,False,False,False,77575,69215.56096424288,False,False,False,False,3542.162663358659,False,False,False,False
2022-05-05 00:00:00+00:00,23.4,24.6,23.1,24.0,3314,,26.251525715306304,"rgba(239, 83, 80, 0.5)",2.708594492200789,26.802874947713384,-1.2563249897730093,43.235977858644475,-11.330658715979006,True,False,False,True,True,0.0,,0.0,0.0,0.0,0.0,1,0.9362344030971135,1.0145265404429962,False,False,False,False,-0.17654834521048401,-0.19562812206610297,False,False,False,False,74261,69413.42131858629,False,False,False,False,3533.215107932829,False,False,False,False
2022-05-06 00:00:00+00:00,22.512,24.0,21.0,23.19,2418,,26.182504465517617,"rgba(239, 83, 80, 0.5)",2.688497901960371,26.740216069877217,-1.5727057353454246,41.77343770842806,-11.330658715979006,False,False,False,True,True,0.0,,0.0,0.0,0.0,0.0,1,0.9300104032587359,1.0118017815937512,False,False,False,False,-0.2998596395392747,-0.24774388080268883,False,False,False,False,71843,69508.69891393585,False,False,False,False,3489.481182131542,False,False,False,False
2022-05-09 00:00:00+00:00,19.2,22.2,19.164,21.70053,2624,,26.039364492011458,"rgba(239, 83, 80, 1.0)",2.788280209692749,26.617855662856332,-2.6603695127448237,36.931491197096335,-8.42631272676789,False,True,False,True,False,0.0,,0.0,0.0,0.0,0.0,1,0.9017156629722418,1.0314173029543856,False,False,False,False,-0.34282825441539394,-0.2952860676090414,False,False,False,False,69219,69497.33817221288,False,False,False,False,3455.5407436165797,False,False,False,False
2022-05-10 00:00:00+00:00,19.434,19.434,17.256,18.81,1773,,25.91954319802506,"rgba(239, 83, 80, 1.0)",2.913374107570385,26.516358079139824,-2.430981335605461,34.253566828350486,-10.873769319264767,False,True,False,True,False,0.0,,0.0,0.0,0.0,0.0,1,0.8728735771896727,1.0601479027272973,False,False,False,False,-0.34282825441539394,-0.3190571610122177,False,False,False,False,70992,69555.95236153787,False,False,False,False,3389.5587536708317,False,False,False,False
2022-05-11 00:00:00+00:00,17.4,19.5,16.80003,19.5,968,,25.848345215504736,"rgba(239, 83, 80, 1.0)",3.1068892645133053,26.456147046814184,-2.914859937318311,30.751582808081064,-14.059226044682859,False,True,False,True,False,0.0,,0.0,0.0,0.0,0.0,0,0.8810076661150344,1.0539966577274982,False,False,False,False,-0.34282825441539394,-0.33094270771380585,False,False,False,False,70024,69574.30717088934,False,False,False,False,3294.5956652915834,False,False,False,False
2022-05-12 00:00:00+00:00,17.39697,18.9,15.675,16.617,1669,,23.662329156141972,"rgba(239, 83, 80, 1.0)",3.276489712022061,25.219879787174317,-2.3875886923955782,28.41461574805468,-16.125779426816848,False,True,False,True,False,0.0,,0.0,0.0,0.0,0.0,0,0.8657178826113997,1.054140957331972,False,False,False,False,-0.34282825441539394,-0.3368854810645999,False,False,False,False,68355,69526.49120340348,True,False,False,False,3230.8468156723056,False,False,False,False
2022-05-13 00:00:00+00:00,17.98797,18.897,17.0895,17.70597,3354,,23.56074742143676,"rgba(239, 83, 80, 1.0)",3.403318037046983,25.114184459744944,-2.093902004506247,28.355056598984497,-16.14424372673725,False,True,False,True,False,0.0,,0.0,0.0,0.0,0.0,0,0.883119193191949,1.0516289772720362,False,False,False,False,-0.3012742539529076,-0.3190798675087537,False,False,False,False,71709,69612.07978366216,False,False,False,False,3235.6763523126074,False,False,False,False
2022-05-16 00:00:00+00:00,19.197,19.53,18.0,19.53,1836,,23.540998182268066,"rgba(239, 83, 80, 1.0)",3.4984473329120735,25.081292822064487,-1.6819726759089038,31.116874075563693,-16.14424372673725,False,True,False,True,False,0.0,,0.0,0.0,0.0,0.0,0,0.8986426027653365,1.0419054770101202,False,False,False,False,-0.256957574526419,-0.28801872101758635,False,False,False,False,73545,69766.31194900876,False,False,False,False,3180.787083594466,False,False,False,False
2022-05-17 00:00:00+00:00,20.397,21.0,18.0,18.9,7214,,23.48788962875468,"rgba(239, 83, 80, 0.75)",3.555698884015156,24.9777787344066,-1.2882920865430276,35.352390321207245,-20.524959048524487,False,True,False,True,True,0.0,,0.0,0.0,0.0,0.0,0,0.900155303558311,1.0296390110121354,False,False,False,False,-0.21565287594775323,-0.2518357984826698,False,False,False,False,80759,70197.39775492997,False,False,False,False,3338.952296002526,False,False,False,False
2022-05-18 00:00:00+00:00,19.79697,19.8,18.60003,19.797,583,,23.47245519739733,"rgba(239, 83, 80, 0.75)",3.6020522626057607,24.96230677468327,-1.4339982871171926,37.31865765146446,-18.747313570628748,False,True,False,True,True,0.0,,0.0,0.0,0.0,0.0,0,0.905190174517628,1.043242508093816,False,False,False,False,-0.232416110630272,-0.2421259545564709,False,False,False,False,80176,70588.71549003077,False,False,False,False,3230.875735374976,False,False,False,False
2022-05-19 00:00:00+00:00,20.28,20.334,18.0,18.6,4313,,23.369368897139378,"rgba(239, 83, 80, 0.5)",3.6097251589399186,24.856205790761805,-1.2677435508984056,39.597044152428,-16.621280808271727,False,False,False,True,True,0.0,,0.0,0.0,0.0,0.0,0,0.885294317232118,1.0347023969675397,False,False,False,False,-0.23426869633513087,-0.23819732544580088,False,False,False,False,84489,71133.82468650016,False,False,False,False,3273.3119810465455,False,False,False,False
2022-05-20 00:00:00+00:00,19.593,20.775,18.615,19.776,5232,,23.255533811037488,"rgba(239, 83, 80, 0.5)",3.626260379360762,24.73683396934407,-1.4184954832865104,40.059933289740016,-16.130035724193014,False,False,False,True,True,0.0,,0.0,0.0,0.0,0.0,0,0.893033593061988,1.028452868479006,False,False,False,False,-0.20482044834020674,-0.2215088868930038,False,False,False,False,79257,71452.38058114721,False,False,False,False,3350.123275907465,False,False,False,False
2022-05-23 00:00:00+00:00,18.6,20.511,18.3,18.903,5359,,23.10439465723894,"rgba(239, 83, 80, 0.5)",3.6661831073692293,24.59130883754982,-1.6342088384802604,38.96954860600479,-16.130035724193014,False,False,False,True,True,0.0,,0.0,0.0,0.0,0.0,0,0.8913429212888367,1.0306749374294777,False,False,False,False,-0.22092026951291072,-0.22121457820295726,False,False,False,False,73898,71548.28722502379,False,False,False,False,3428.902755283643,False,False,False,False
2022-05-24 00:00:00+00:00,18.89997,19.65003,18.0,19.65003,1357,,23.06325943168772,"rgba(239, 83, 80, 0.5)",3.677337048801591,24.5524838209124,-1.5371214946844485,38.93599043769597,-16.130035724193014,False,False,False,True,True,0.0,,0.0,0.0,0.0,0.0,0,0.9099245219917166,1.0365578877795454,False,False,False,False,-0.25355438218695137,-0.2373844801949543,False,False,False,False,75255,71693.64851031697,False,False,False,False,3347.651666841147,False,False,False,False
2022-05-25 00:00:00+00:00,19.2,20.397,17.403,18.0,2602,,22.992264312262023,"rgba(239, 83, 80, 0.5)",3.6869781763920844,24.483730174386878,-1.4330787766032578,39.62559204897331,-15.958051267879377,False,False,False,True,True,0.0,,0.0,0.0,0.0,0.0,0,0.9055146123346474,1.025936217348147,False,False,False,False,-0.24931036208268403,-0.2433474211388192,False,False,False,False,77857,71935.3485687359,False,False,False,False,3318.410425004239,False,False,False,False
2022-05-26 00:00:00+00:00,19.35,20.4,18.3,19.2,8427,,22.814146934355612,"rgba(239, 83, 80, 0.5)",3.6923297297113673,24.299448863565402,-1.340467733349563,40.45606838707923,-14.854715558727065,False,False,False,True,True,0.0,,0.0,0.0,0.0,0.0,0,0.9042159669798228,1.046067169820753,False,False,False,False,-0.2240194324792016,-0.23368342680901039,False,False,False,False,86284,72498.04078172665,False,False,False,False,3518.7472710825045,False,False,False,False
2022-05-27 00:00:00+00:00,19.5,20.397,19.053,19.2,2056,,22.779911962006135,"rgba(239, 83, 80, 0.5)",3.6713095228228685,24.261513507454325,-1.2969523484342989,41.401717619865096,-13.65086297806318,False,False,False,True,True,0.0,,0.0,0.0,0.0,0.0,0,0.9086938767336425,1.0361615793993608,False,False,False,False,-0.20315818144466763,-0.218420804126839,False,False,False,False,88340,73119.29408440404,False,False,False,False,3461.3846330008378,False,False,False,False
2022-05-31 00:00:00+00:00,20.69997,22.50303,19.203,19.203,1943,,21.946736752439257,"rgba(239, 83, 80, 0.5)",3.62533135520893,23.860533957507517,-0.8718000226286547,44.89901927686638,-10.125345784287589,True,False,False,True,True,0.0,,0.0,0.0,0.0,0.0,1,0.9127662337216604,1.0197908455755753,False,False,False,False,-0.1413711796502475,-0.17989599188854327,False,False,False,False,90283,73792.380590898,False,False,False,False,3401.8401375890403,False,False,False,False
2022-06-01 00:00:00+00:00,19.8,22.49997,19.5,20.7,4655,,21.90328519158707,#000000,3.6094609047846915,23.798272994095807,-1.1077202661471433,45.30686430043331,-9.59232802711481,True,False,False,False,True,0.0,,0.0,0.0,0.0,0.0,1,0.9225527972163121,1.0139652738729075,False,False,False,False,-0.1334089514378639,-0.1566524716632036,False,False,False,False,85628,74256.52252850984,False,False,False,False,3450.9836616051566,False,False,False,False
2022-06-02 00:00:00+00:00,20.064,21.9,19.719,20.7,4498,,21.877436243165754,#000000,3.5760558105130658,23.747944519833343,-1.030169749868864,46.20089661111882,-8.54978422377269,True,False,False,False,True,0.0,,0.0,0.0,0.0,0.0,1,0.914055230547223,1.0568064836885254,False,False,False,False,-0.1437320187816479,-0.15019224522242575,False,False,False,False,90126,74878.85497837221,False,False,False,False,3492.043125855935,False,False,False,False
2022-06-03 00:00:00+00:00,19.8,20.25,19.49997,20.25,1131,,21.85213375449223,#000000,3.5351826250393255,23.7238352010633,-1.1099384719960965,46.209739228078604,-8.30658215402326,True,False,False,False,True,0.0,,0.0,0.0,0.0,0.0,1,0.9040169752215388,1.074227495719742,False,False,False,False,-0.19486407201874287,-0.1725281586205843,False,False,False,False,88995,75432.42929294585,False,False,False,False,3399.453199351781,False,False,False,False
2022-06-06 00:00:00+00:00,20.352,21.117,18.339,21.117,4522,,21.7789391474035,#000000,3.459399078670204,23.64428589212701,-0.9516930013731072,47.61109531807254,-6.733802746477622,True,False,False,False,True,0.0,,0.0,0.0,0.0,0.0,1,0.8874442360089552,1.0940499915276223,False,False,False,False,-0.18874698634674728,-0.1806375724836658,False,False,False,False,93517,76141.62814420287,False,False,False,False,3443.4746425144567,False,False,False,False
2022-06-07 00:00:00+00:00,18.393,20.67,18.336,19.5,4835,,21.65416023482339,"rgba(239, 83, 80, 0.5)",3.452909013774756,23.529132904163223,-1.48747994333866,44.62843834676579,-6.733802746477622,True,False,False,True,False,0.0,,0.0,0.0,0.0,0.0,1,0.8894407613264056,1.0780211670713653,False,False,False,False,-0.19857362240307244,-0.18960559744336913,False,False,False,False,88682,76633.40743266551,False,False,False,False,3498.044264376635,False,False,False,False
2022-06-08 00:00:00+00:00,20.1,20.1,18.9,19.053,3931,,21.604353620235415,#000000,3.414474328947194,23.468363315897747,-0.9864954284006388,46.37364730214736,-6.733802746477622,True,False,False,False,False,0.0,,0.0,0.0,0.0,0.0,1,0.8962555115987149,1.060602133190738,False,False,False,False,-0.198762321794308,-0.19418395961883855,False,False,False,False,92613,77260.05812158059,False,False,False,False,3515.0229206755903,False,False,False,False
2022-06-09 00:00:00+00:00,20.769,21.897,19.497,19.503,4999,,21.614333281569476,#000000,3.3979880261026065,23.440023196500444,-0.7860602144510885,48.75676890948782,-5.725641712668789,True,False,False,False,True,0.0,,0.0,0.0,0.0,0.0,1,0.9034632273620476,1.035719092288571,False,False,False,False,-0.12442788383957179,-0.15930592172920516,False,False,False,False,97612,78058.17348936174,False,False,False,False,3573.2181002569396,False,False,False,False
2022-06-10 00:00:00+00:00,20.93988,21.6,19.2,20.655,5741,,21.607808235660478,#000000,3.3912495979283706,23.397661902705767,-0.7247422614387233,50.65680744070863,-3.927533516715016,True,False,False,False,True,0.0,,0.0,0.0,0.0,0.0,1,0.9116545445512206,1.0483570782264122,False,False,False,False,-0.14271364179278223,-0.1510097817609937,False,False,False,False,103353,79050.12747017108,False,False,False,False,3658.2291551488242,False,False,False,False
2022-06-13 00:00:00+00:00,17.898,20.13,17.4,18.6,3479,,21.52144900196213,#000000,3.4340538568036045,23.317067142727666,-1.5780379017618842,46.79804706244772,-3.927533516715016,True,False,False,False,False,0.0,,0.0,0.0,0.0,0.0,1,0.873572434137911,1.0453713189967544,False,False,False,False,-0.2454524660502707,-0.1982311239056322,False,False,False,False,99874,79866.74992232124,False,False,False,False,3651.2005608292625,False,False,False,False
2022-06-14 00:00:00+00:00,17.4,18.3,17.4,18.3,1433,,21.47619751752941,"rgba(239, 83, 80, 0.5)",3.4785934818762647,23.277210632288504,-1.6895364930996444,43.5951933241808,-1.2392281853649365,True,False,False,True,False,0.0,,0.0,0.0,0.0,0.0,1,0.8687730882009881,1.0734074124383208,False,False,False,False,-0.30510716231856266,-0.2516691431120974,False,False,False,False,98441,80595.15188615178,False,False,False,False,3564.2123035418404,False,False,False,False
2022-06-15 00:00:00+00:00,17.55,18.705,17.229,17.229,1745,,21.425695951807786,"rgba(239, 83, 80, 0.5)",3.5228061030547226,23.23170103152792,-1.612833878822101,41.7903259824881,-2.8175726389417903,False,False,False,True,False,0.0,,0.0,0.0,0.0,0.0,1,0.8670620174212601,1.0775111974657818,False,False,False,False,-0.294436084570257,-0.2730526138411772,False,False,False,False,100186,81363.42043963603,False,False,False,False,3492.8706445794155,False,False,False,False
2022-06-16 00:00:00+00:00,18.561,18.75,17.403,18.27,2422,,21.369152762694306,"rgba(239, 83, 80, 0.5)",3.5495048034446097,23.177671953403017,-1.3006524033782902,42.74529908815418,-2.8175726389417903,True,False,False,True,False,0.0,,0.0,0.0,0.0,0.0,1,0.8719574357921425,1.0620733982627948,False,False,False,False,-0.2867669587115019,-0.27990978627633956,False,False,False,False,102608,82196.54120670914,False,False,False,False,3450.875717341007,False,False,False,False
2022-06-17 00:00:00+00:00,17.10003,18.3,17.1,17.76,801,,20.04095456309376,"rgba(239, 83, 80, 0.5)",3.591528110090885,22.59058222535317,-1.5287510098909485,41.257496952189186,-3.2310186526240727,False,False,False,True,False,0.0,,0.0,0.0,0.0,0.0,1,0.8671026582664304,1.0606349892136469,False,False,False,False,-0.31328020913878396,-0.29659499770756176,False,False,False,False,101807,82965.57880644604,False,False,False,False,3346.9590225433208,False,False,False,False
2022-06-21 00:00:00+00:00,18.327,18.747,17.2125,17.235,3252,,20.077249392641825,"rgba(239, 83, 80, 0.5)",3.6183175470368303,22.57398080141734,-1.173744633025739,42.66216063431226,-3.2310186526240727,True,False,False,True,False,0.0,,0.0,0.0,0.0,0.0,1,0.8681112661965431,1.0641801423310322,False,False,False,False,-0.29317595491493453,-0.2948854763112482,False,False,False,False,105059,83831.98748070306,False,False,False,False,3343.2351393063277,False,False,False,False
2022-06-22 00:00:00+00:00,17.94,18.324,17.70303,18.0,577,,20.066963965346623,"rgba(239, 83, 80, 0.5)",3.648236563491275,22.562651338576813,-1.2670919931116105,43.009797230866575,-3.2310186526240727,True,False,False,True,False,0.0,,0.0,0.0,0.0,0.0,1,0.8725950679241601,1.0693435383205019,False,False,False,False,-0.281062137489644,-0.28797380690044605,False,False,False,False,104482,84641.79189322451,False,False,False,False,3234.7553299217657,False,False,False,False
2022-06-23 00:00:00+00:00,18.906,20.7,18.0,18.3,15361,,20.151798414920556,"rgba(239, 83, 80, 0.5)",3.657523706147708,22.475811121706332,-0.9760185875777253,45.050168443512554,-3.2310186526240727,True,False,False,True,True,0.0,,0.0,0.0,0.0,0.0,1,0.8934076643085227,1.0302482716216914,False,False,False,False,-0.17175739459383907,-0.22986560074714257,False,False,False,False,119843,86022.23142682355,False,False,False,False,3710.2943365915007,False,False,False,False
2022-06-24 00:00:00+00:00,19.197,19.8,18.24,18.774,3032,,20.13580642840224,#000000,3.6495301340154076,22.443136409231563,-0.8894669423266254,46.93520577451996,-8.318346754131412,True,False,False,False,True,0.0,,0.0,0.0,0.0,0.0,1,0.8879096652024404,1.0294549176476748,False,False,False,False,-0.19126250917855409,-0.21056405496284833,False,False,False,False,122875,87467.43803753635,False,False,False,False,3683.694558685952,False,False,False,False
2022-06-27 00:00:00+00:00,18.927,19.47,18.246,18.246,1862,,20.12042887863756,#000000,3.644579435857546,22.419971070375407,-0.9584016844329074,47.67435959417055,-7.467360383491531,True,False,False,False,True,0.0,,0.0,0.0,0.0,0.0,1,0.8972601722954439,1.0292601200415183,False,False,False,False,-0.2049749306706258,-0.20776949281673707,False,False,False,False,121013,88782.95027135847,False,False,False,False,3612.255556384542,False,False,False,False
2022-06-28 00:00:00+00:00,18.96,19.32,18.45,19.317,227,,20.118689066352754,#000000,3.636455517129213,22.41723550834229,-0.9507157428592973,48.23661774350157,-6.731470031260471,True,False,False,False,True,0.0,,0.0,0.0,0.0,0.0,1,0.8987379140389378,1.035446879081885,False,False,False,False,-0.1993481843437996,-0.20355883858026835,False,False,False,False,121240,90055.77575091303,False,False,False,False,3479.500436526325,False,False,False,False
2022-06-29 00:00:00+00:00,19.119,20.4,18.3,18.96,1031,,20.116267284505806,#000000,3.6202271249273155,22.408126071996374,-0.9085413590072505,48.970437543344005,-5.8002215245364965,True,False,False,False,True,0.0,,0.0,0.0,0.0,0.0,1,0.9162449596109018,1.0170521417079676,False,False,False,False,-0.15929593898632727,-0.1814273887832978,False,False,False,False,122271,91319.11787832821,False,False,False,False,3383.4808115645083,False,False,False,False
2022-06-30 00:00:00+00:00,18.009,18.61503,18.009,18.573,1090,,20.097304321738655,#000000,3.6470773967072607,22.388668491817803,-1.200870728921727,47.09935137607469,-5.8002215245364965,True,False,False,False,True,0.0,,0.0,0.0,0.0,0.0,1,0.9006375080795085,1.0327585412379323,False,False,False,False,-0.24960021918798284,-0.21551380398564032,False,False,False,False,121181,92490.17207917808,False,False,False,False,3293.5403875815864,False,False,False,False
2022-07-01 00:00:00+00:00,18.9,19.77,18.297,18.99,2862,,20.079956663176603,#000000,3.651527737863129,22.357297657071975,-0.9468085429621257,47.934295005890775,-5.8002215245364965,True,False,False,False,True,0.0,,0.0,0.0,0.0,0.0,1,0.8868070172074047,1.0171864287323864,False,False,False,False,-0.1694508578909275,-0.19248233093828393,False,False,False,False,124043,93727.53787999463,False,False,False,False,3276.6172351274063,False,False,False,False
2022-07-05 00:00:00+00:00,18.3,19.2,16.5,18.9,3022,,20.025196164273805,#000000,3.650953885953203,22.30209884110817,-1.0961789620257794,47.24214538380397,-5.8002215245364965,True,False,False,False,True,0.0,,0.0,0.0,0.0,0.0,1,0.8824129367067339,1.0185627353841458,False,False,False,False,-0.28265898245825755,-0.23757065669827074,False,False,False,False,121021,94797.86972783798,False,False,False,False,3266.632245514567,False,False,False,False
2022-07-06 00:00:00+00:00,17.88297,18.84,16.95,18.84,2540,,19.979491645945366,"rgba(239, 83, 80, 0.5)",3.6612128678530995,22.25584327371807,-1.1943783198495863,45.946244594925886,-5.8002215245364965,True,False,False,True,False,0.0,,0.0,0.0,0.0,0.0,1,0.9064960264908586,1.0174522168029851,False,False,False,False,-0.2779356231104121,-0.2577531399043414,False,False,False,False,118481,95726.61993458944,False,False,False,False,3238.136863337525,False,False,False,False
2022-07-07 00:00:00+00:00,18.297,18.3,16.65,18.0,1582,,19.95001277391354,"rgba(239, 83, 80, 0.5)",3.6512757359768266,22.226381426239207,-1.0761667182574417,46.14466600575109,-5.8002215245364965,True,False,False,True,False,0.0,,0.0,0.0,0.0,0.0,1,0.9096219245760373,1.0078700512804588,False,False,False,False,-0.3225248088638233,-0.2901389743840823,False,False,False,False,120063,96680.98778029182,False,False,False,False,3173.19031967723,False,False,False,False
2022-07-08 00:00:00+00:00,17.394,18.3,16.797,18.0,2621,,19.896523375914523,"rgba(239, 83, 80, 0.5)",3.6610707828534057,22.17461097133387,-1.3057958326628982,44.43191334893102,-5.8002215245364965,True,False,False,True,False,0.0,,0.0,0.0,0.0,0.0,1,0.9015412419819608,1.0253413900257877,False,False,False,False,-0.3146362897180773,-0.30238763205107977,False,False,False,False,117442,97495.14512224116,False,False,False,False,3151.535797336947,False,False,False,False
2022-07-11 00:00:00+00:00,16.707,17.394,16.5,17.394,1203,,19.864986240023214,"rgba(239, 83, 80, 0.5)",3.582137540488411,22.14642460065512,-1.5184856916224032,42.052790262032744,-3.9909577163191656,False,False,False,True,False,0.0,,0.0,0.0,0.0,0.0,1,0.8949179185220355,1.0393300757366932,False,False,False,False,-0.34282825441539394,-0.3226079432332368,False,False,False,False,116239,98230.19825470229,False,False,False,False,3075.122628813929,False,False,False,False
2022-07-12 00:00:00+00:00,16.05,17.01,15.16803,17.01,2264,,19.789588949934394,"rgba(239, 83, 80, 0.5)",3.574629196484601,22.0831067227417,-1.687757356392333,39.38586387150892,-6.532381475350022,False,False,False,True,False,0.0,,0.0,0.0,0.0,0.0,1,0.8953481681705945,1.0389766435170735,False,False,False,False,-0.34282825441539394,-0.33271809882431536,False,False,False,False,113975,98847.64146040025,False,False,False,False,3043.3138982722066,False,False,False,False
2022-07-13 00:00:00+00:00,15.297,15.96,13.821,15.132,3824,,19.63210226228542,"rgba(239, 83, 80, 1.0)",3.5383889236087236,21.956328793581953,-1.8820228463721993,36.486639762054395,-9.216231044178244,False,True,False,True,False,0.0,,0.0,0.0,0.0,0.0,1,0.8807595765379392,1.0437210314451302,False,False,False,False,-0.34282825441539394,-0.3377731766198546,False,False,False,False,110151,99290.91042273749,False,False,False,False,3073.929039516434,False,False,False,False
2022-07-14 00:00:00+00:00,14.7,15.3,13.8,15.3,859,,19.59517300047089,"rgba(239, 83, 80, 1.0)",3.5439640180168284,21.926714266590675,-2.039161297871947,33.74244860192084,-11.70153865424816,False,True,False,True,False,0.0,,0.0,0.0,0.0,0.0,0,0.8766626260702698,1.0523248077970084,False,False,False,False,-0.34282825441539394,-0.3403007155176243,False,False,False,False,109292,99683.11001400268,False,False,False,False,2987.069077182456,False,False,False,False
2022-07-15 00:00:00+00:00,14.595,14.81697,14.1165,14.661,420,,19.5770253582994,"rgba(239, 83, 80, 1.0)",3.564163920362558,21.91215624304448,-2.0529797188172405,31.770648417746322,-13.455797822859253,False,True,False,True,False,0.0,,0.0,0.0,0.0,0.0,0,0.8747980626281138,1.0575273449349494,False,False,False,False,-0.34282825441539394,-0.34156448496650915,False,False,False,False,108872,100043.45864090454,False,False,False,False,2886.3997016066737,False,False,False,False
2022-07-18 00:00:00+00:00,13.953,14.778,13.56,14.778,4531,,19.37498277758516,"rgba(239, 83, 80, 1.0)",3.589345720454346,21.750253954443743,-2.172332943580802,29.60024764686962,-15.426860428671475,False,True,False,True,False,0.0,,0.0,0.0,0.0,0.0,0,0.865172694191841,1.057972886442397,False,False,False,False,-0.34282825441539394,-0.3421963696909516,False,False,False,False,104341,100211.98967459457,False,False,False,False,2950.8938309554314,False,False,False,False
2022-07-19 00:00:00+00:00,14.097,14.7,12.909,13.578,5121,,19.160852169797646,"rgba(239, 83, 80, 1.0)",3.5935521185068415,21.574838370199046,-2.080904387524555,28.707862403538936,-16.24458684055368,False,True,False,True,False,0.0,,0.0,0.0,0.0,0.0,0,0.8604865199432624,1.0643778392026044,False,False,False,False,-0.34282825441539394,-0.3425123120531728,False,False,False,False,109462,100574.73517755166,False,False,False,False,3035.996033663062,False,False,False,False
2022-07-20 00:00:00+00:00,13.653,14.22,12.909,13.65,3156,,19.031407299612003,"rgba(239, 83, 80, 1.0)",3.6027759745529906,21.467641740812137,-2.169061244997818,27.482978814961196,-17.455760129241483,False,True,False,True,False,0.0,,0.0,0.0,0.0,0.0,0,0.8797367525190558,1.0642615152961643,False,False,False,False,-0.34282825441539394,-0.3426702832342834,False,False,False,False,106306,100799.49066078493,False,False,False,False,3040.7020715586286,False,False,False,False
2022-07-21 00:00:00+00:00,13.047,13.5,12.585,13.5,3160,,18.895347148918678,"rgba(239, 83, 80, 1.0)",3.597566298291115,21.35552562652444,-2.3094850622964427,25.870831076639178,-19.064631765996353,False,True,False,True,False,0.0,,0.0,0.0,0.0,0.0,0,0.8945069509718798,1.056071881642982,False,False,False,False,-0.34282825441539394,-0.3427492688248387,False,False,False,False,103146,100891.5106348718,False,False,False,False,3045.3804216935846,False,False,False,False
2022-07-22 00:00:00+00:00,11.424,13.047,11.253,13.047,3705,,18.712793622630066,"rgba(239, 83, 80, 1.0)",3.628942941573294,21.20805170691742,-2.6961161595656384,23.140720132583944,-21.70563998188548,False,True,False,True,False,0.0,,0.0,0.0,0.0,0.0,0,0.9001924833086108,1.031742386429911,False,False,False,False,-0.34282825441539394,-0.3427887616201163,False,False,False,False,99441,100834.62786487682,False,False,False,False,3071.2478561369735,False,False,False,False
2022-07-25 00:00:00+00:00,9.204,11.709,8.25,11.703,7657,,15.951982628943005,"rgba(239, 83, 80, 1.0)",3.7328134779249837,19.831381676273434,-2.8470165303252815,19.858548280006325,-24.79557728234213,False,True,False,True,False,0.0,,0.0,0.0,0.0,0.0,0,0.8741636896429912,1.0462763137189972,False,False,False,False,-0.34282825441539394,-0.3428085080177551,False,False,False,False,91784,100479.70128194048,False,False,False,False,3251.0812735433665,False,False,False,False
2022-07-26 00:00:00+00:00,10.833,11.091,9.0,9.84,13372,,15.492793141961752,"rgba(239, 83, 80, 0.75)",3.7711772702254267,19.38425746778795,-2.2675299661203114,22.492360144349544,-24.79557728234213,False,True,False,True,True,0.0,,0.0,0.0,0.0,0.0,0,0.8926301105790418,1.0470275926336925,False,False,False,False,-0.33839902362188423,-0.34060376581981966,False,False,False,False,105156,100663.0855453938,False,False,False,False,3647.9800471299013,False,False,False,False
2022-07-27 00:00:00+00:00,11.388,11.64,10.05,10.86,5378,,15.367268057553087,"rgba(239, 83, 80, 0.75)",3.742782639637655,19.241449485795133,-2.0982916300358387,25.66525297221618,-30.13733939997108,False,True,False,True,True,0.0,,0.0,0.0,0.0,0.0,0,0.8884860424445084,1.0412389606326673,False,False,False,False,-0.28569373355510475,-0.3131487496874622,False,False,False,False,110534,101050.18022988817,False,False,False,False,3715.8239668502974,False,False,False,False
2022-07-28 00:00:00+00:00,10.5,11.4,9.9,11.4,4807,,15.230226535057529,"rgba(239, 83, 80, 0.75)",3.7889897661521132,19.101684753011423,-2.270178935253978,26.779108402209005,-29.130284570412336,False,True,False,True,True,0.0,,0.0,0.0,0.0,0.0,0,0.8772283869991213,1.0507179614301572,False,False,False,False,-0.2983967997036334,-0.3057727746955478,False,False,False,False,105727,101233.58492675531,False,False,False,False,3758.6151838365604,False,False,False,False
2022-07-29 00:00:00+00:00,10.19997,11.025,9.636,11.025,2528,,15.152034292914049,"rgba(239, 83, 80, 0.75)",3.847104631292409,19.025075118688182,-2.2939602543961604,27.195793108622393,-28.658340868373134,False,True,False,True,True,0.0,,0.0,0.0,0.0,0.0,0,0.8722056696326458,1.0716742537385269,False,False,False,False,-0.3194164167199687,-0.31259459570775827,False,False,False,False,103199,101310.66002766686,False,False,False,False,3710.3557648625774,False,False,False,False
2022-08-01 00:00:00+00:00,10.14,10.602,9.6,10.2,1485,,15.10457792931627,"rgba(239, 83, 80, 0.75)",3.8959898188103197,18.979274464722334,-2.268813543106613,27.404855383876683,-28.265711314177793,False,True,False,True,True,0.0,,0.0,0.0,0.0,0.0,0,0.8706628125592466,1.070324513913758,False,False,False,False,-0.3346843259718916,-0.323639460839825,False,False,False,False,101714,101326.47728148385,False,False,False,False,3623.0869113385547,False,False,False,False
2022-08-02 00:00:00+00:00,9.768,10.47,9.612,10.47,1219,,15.064276502888905,"rgba(239, 83, 80, 0.75)",3.9573164080565593,18.940929482001376,-2.3179671616165276,27.10097212024987,-28.265711314177793,False,True,False,True,True,0.0,,0.0,0.0,0.0,0.0,0,0.8753593242295608,1.0789094743829257,False,False,False,False,-0.3387006088318425,-0.33117003483583374,False,False,False,False,100495,101293.8703292688,False,False,False,False,3528.808993246847,False,False,False,False
2022-08-03 00:00:00+00:00,10.119,10.386,9.60903,9.9,4451,,14.927300549146532,"rgba(239, 83, 80, 0.75)",3.999766283071123,18.807116201042444,-2.172155967666062,28.05639041511236,-27.103496376980047,False,True,False,True,True,0.0,,0.0,0.0,0.0,0.0,0,0.8664070764223577,1.086092258404543,False,False,False,False,-0.341617996941183,-0.33639401588850837,False,False,False,False,104946,101437.09110067002,False,False,False,False,3564.973346452853,False,False,False,False
2022-08-04 00:00:00+00:00,11.33997,14.4,9.363,10.116,37158,,13.457105924629502,"rgba(239, 83, 80, 0.75)",4.03565426215833,17.59026084199824,-1.5487676683818525,32.2684048527053,-22.924840111760844,False,True,False,True,True,0.0,,0.0,0.0,0.0,0.0,0,0.8713077160909477,1.036468367421864,False,False,False,False,-0.21955316037159522,-0.2779735881300518,False,False,False,False,142104,103031.87184182022,False,False,False,False,4882.3469407096045,False,False,False,False
2022-08-05 00:00:00+00:00,11.436,12.9,10.2,10.5,28996,,13.209784252946054,"rgba(239, 83, 80, 0.5)",4.02837911025198,17.154167070529123,-1.4194709370765863,35.33492095326882,-19.992775612490878,False,False,False,True,True,0.0,,0.0,0.0,0.0,0.0,0,0.8851109457487885,1.0429867169784788,False,False,False,False,-0.24047584712880232,-0.25922471762942706,False,False,False,False,171100,105701.21020096453,False,False,False,False,5827.9803940151105,False,False,False,False
2022-08-08 00:00:00+00:00,10.707,11.781,10.65,11.7,9989,,13.106723232586237,"rgba(239, 83, 80, 0.5)",4.032884222349645,17.00036715380259,-1.5605127265805656,36.01850988306761,-19.31153002313585,False,False,False,True,True,0.0,,0.0,0.0,0.0,0.0,0,0.8943355054682117,1.064538120668106,False,False,False,False,-0.2617994529246868,-0.26051208527705694,False,False,False,False,161111,107874.14313426004,False,False,False,False,5991.157633465498,False,False,False,False
2022-08-09 00:00:00+00:00,9.897,11.1,9.60303,10.8,5654,,13.021407539861922,"rgba(239, 83, 80, 0.5)",4.074288181584069,16.89804341326037,-1.7183476232499564,35.13585183086859,-19.31153002313585,False,False,False,True,True,0.0,,0.0,0.0,0.0,0.0,0,0.8719520536376352,1.0725978404871699,False,False,False,False,-0.318025624190492,-0.2892688547337745,False,False,False,False,155457,109740.13752115182,False,False,False,False,5977.93576548646,False,False,False,False
2022-08-10 00:00:00+00:00,9.957,10.8,9.609,10.173,7809,,12.909305485554896,"rgba(239, 83, 80, 0.5)",4.117779055076006,16.76102538871576,-1.6523531976122914,34.74008425830689,-19.31153002313585,False,False,False,True,True,0.0,,0.0,0.0,0.0,0.0,0,0.8633904918383203,1.0760387584718407,False,False,False,False,-0.3277805492722899,-0.30852470200303217,False,False,False,False,163266,111839.19095169488,False,False,False,False,6049.742206055618,False,False,False,False
2022-08-11 00:00:00+00:00,9.924,10.71,9.609,10.71,11231,,12.762315343695354,"rgba(239, 83, 80, 0.75)",4.164890419027748,16.574549013704967,-1.5968124835460789,34.417157436502876,-19.31153002313585,False,True,False,True,True,0.0,,0.0,0.0,0.0,0.0,0,0.8582337262660401,1.1030957189569424,False,False,False,False,-0.33077844990165367,-0.31965157595234295,False,False,False,False,152035,113415.49718888331,False,False,False,False,6252.928786210299,False,False,False,False
2022-08-12 00:00:00+00:00,9.585,10.2,9.45,10.2,4410,,12.700996099803012,"rgba(239, 83, 80, 0.75)",4.188566714556773,16.49961502696733,-1.650830820704505,33.574734002518575,-19.31153002313585,False,True,False,True,True,0.0,,0.0,0.0,0.0,0.0,1,0.8491264228658381,1.1117791626901459,False,False,False,False,-0.34282825441539394,-0.3312399151838684,False,False,False,False,147625,114757.04631873102,False,False,False,False,6180.657069104013,False,False,False,False
2022-08-15 00:00:00+00:00,8.07,9.681,7.686,9.681,23356,,12.273646700734783,"rgba(239, 83, 80, 1.0)",4.222677164671867,16.039951761940504,-1.88741678587684,30.727783979896984,-19.31153002313585,False,True,False,True,False,0.0,,0.0,0.0,0.0,0.0,1,0.8254410136804604,1.1110704000118719,False,False,False,False,-0.34282825441539394,-0.33703408479963115,False,False,False,False,124269,115130.06411015334,False,False,False,False,6854.19992913915,False,False,False,False
2022-08-16 00:00:00+00:00,8.358,8.64,7.527,8.64,6165,,12.167726190728043,"rgba(239, 83, 80, 1.0)",4.2651957536450205,15.92365278156224,-1.7738113837088627,29.904885945957368,-15.591734088181589,False,True,False,True,False,0.0,,0.0,0.0,0.0,0.0,1,0.8268880570234385,1.1034556034816383,False,False,False,False,-0.34282825441539394,-0.3399311696075126,False,False,False,False,130434,115730.21845877478,False,False,False,False,6827.172480937616,False,False,False,False
2022-08-17 00:00:00+00:00,8.175,8.25,7.665,8.25,1413,,12.143342906523879,"rgba(239, 83, 80, 1.0)",4.320870602742768,15.896963686701163,-1.7871314363821669,29.08129934425515,-16.53539630238558,False,True,False,True,False,0.0,,0.0,0.0,0.0,0.0,1,0.8368661733096754,1.1198612253141185,False,False,False,False,-0.34282825441539394,-0.34137971201145323,False,False,False,False,129021,116251.42557803851,False,False,False,False,6614.851991489081,False,False,False,False
2022-08-18 00:00:00+00:00,7.926,8.4,7.494,8.067,15563,,11.888341003432219,"rgba(239, 83, 80, 1.0)",4.3613637298309,15.612976840623494,-1.7625167990566877,28.149404089127504,-17.594777915861016,False,True,False,True,False,0.0,,0.0,0.0,0.0,0.0,1,0.8319619556442736,1.1146526544451132,False,False,False,False,-0.34282825441539394,-0.3421039832134236,False,False,False,False,113458,116141.87947693896,False,False,False,False,6965.759756528725,False,False,False,False
2022-08-19 00:00:00+00:00,7.5,7.95,7.46097,7.74,11321,,11.708983029262063,"rgba(239, 83, 80, 1.0)",4.389704674105409,15.411682827653054,-1.8023269023821973,26.888244832944345,-18.95758992718742,False,True,False,True,False,0.0,,0.0,0.0,0.0,0.0,0,0.8283029276540141,1.1211916230140266,False,False,False,False,-0.34282825441539394,-0.3424661188144088,False,False,False,False,102137,115592.668517059,False,False,False,False,7136.553491566815,False,False,False,False
2022-08-22 00:00:00+00:00,7.119,7.41,6.603,7.35,9450,,11.549201843690895,"rgba(239, 83, 80, 1.0)",4.409668583552622,15.237476306881304,-1.8410626905527452,25.50303389504215,-20.413352290221358,False,True,False,True,False,0.0,,0.0,0.0,0.0,0.0,0,0.8067800045624647,1.1519262748235841,False,False,False,False,-0.34282825441539394,-0.34264718661490134,False,False,False,False,92687,114694.40700658612,False,False,False,False,7227.276884054391,False,False,False,False
2022-08-23 00:00:00+00:00,6.6,6.92037,6.6,6.9,3743,,11.4842229382202,"rgba(239, 83, 80, 1.0)",4.446582276069124,15.167451096317018,-1.9267497067187593,23.88791653988582,-22.056304294754387,False,True,False,True,False,0.0,,0.0,0.0,0.0,0.0,0,0.8033054920580239,1.155552384459226,False,False,False,False,-0.34282825441539394,-0.3427377205151476,False,False,False,False,88944,113684.5871239749,False,False,False,False,7090.638574875788,False,False,False,False
2022-08-24 00:00:00+00:00,6.891,7.02,6.45,6.612,4081,,11.41674055582049,"rgba(239, 83, 80, 1.0)",4.484511099111862,15.093509062681726,-1.8290754290487088,24.220689978463255,-22.056304294754387,False,True,False,True,False,0.0,,0.0,0.0,0.0,0.0,0,0.828589741775162,1.1515384102117199,False,False,False,False,-0.34282825441539394,-0.3427829874652708,False,False,False,False,93025,112874.4072367602,False,False,False,False,6972.613532723797,False,False,False,False
2022-08-25 00:00:00+00:00,6.897,7.113,6.816,6.81903,4587,,11.346010815680165,"rgba(239, 83, 80, 1.0)",4.567863614411325,15.014071761550474,-1.7769952097391037,24.472767094921505,-22.056304294754387,False,True,False,True,False,0.0,,0.0,0.0,0.0,0.0,0,0.8321590707554191,1.1266462677530686,False,False,False,False,-0.3294125917520589,-0.3360977896086649,False,False,False,False,97612,112275.88146276961,False,False,False,False,6879.060060852276,False,False,False,False
2022-08-26 00:00:00+00:00,6.909,7.494,6.69,6.69,3215,,11.298911590824662,"rgba(239, 83, 80, 1.0)",4.6406748923351,14.96020724724517,-1.7349216297274284,24.70706421287286,-22.056304294754387,False,True,False,True,False,0.0,,0.0,0.0,0.0,0.0,0,0.83122931106489,1.1281427122486727,False,False,False,False,-0.3220088857870112,-0.32905333769783807,False,False,False,False,100827,111826.9057191316,False,False,False,False,6735.371431014933,False,False,False,False
2022-08-29 00:00:00+00:00,6.966,7.27947,6.42,6.42,1550,,10.00922281093722,"rgba(239, 83, 80, 1.0)",4.725463792639765,14.315088847793383,-1.5552100640872744,25.203766250262788,-22.056304294754387,False,True,False,True,False,0.0,,0.0,0.0,0.0,0.0,0,0.8239625300423266,1.1325888718500605,False,False,False,False,-0.3361067215377131,-0.33258002961777555,False,False,False,False,102377,111456.32118112645,False,False,False,False,6532.023531759445,False,False,False,False
2022-08-30 00:00:00+00:00,7.947,9.3,6.969,6.969,53915,,9.131282634295106,"rgba(239, 83, 80, 0.75)",4.784402943004752,13.382105204750642,-1.1360049037460942,30.58733815718708,-23.028038971012734,False,True,False,True,True,0.0,,0.0,0.0,0.0,0.0,0,0.8412033592092973,1.100823348452886,False,False,False,False,-0.26265806387617674,-0.29761904674697615,False,False,False,False,156292,113214.58309559208,False,False,False,False,8390.179471690448,False,False,False,False
2022-08-31 00:00:00+00:00,8.004,8.043,7.266,7.497,10479,,9.071047022612941,"rgba(239, 83, 80, 0.5)",4.833249508070248,13.272892908968302,-1.0901346806471808,34.429664179732,-19.55713196621586,False,False,False,True,True,0.0,,0.0,0.0,0.0,0.0,0,0.8433962459536201,1.1271148353799092,False,False,False,False,-0.28973727744415956,-0.29367816209556785,False,False,False,False,166771,115314.83473890221,False,False,False,False,8472.09400221239,False,False,False,False
2022-09-01 00:00:00+00:00,7.203,7.917,6.969,7.806,5942,,9.022119429732362,"rgba(239, 83, 80, 0.5)",4.879655791500128,13.204362660920818,-1.2298741791120986,34.6488159938977,-19.50342833927934,False,False,False,True,True,0.0,,0.0,0.0,0.0,0.0,0,0.8323144813451648,1.1211666397572222,False,False,False,False,-0.30179933193046926,-0.29773874701301856,False,False,False,False,160829,117099.70396482761,False,False,False,False,8372.87462957661,False,False,False,False
2022-09-02 00:00:00+00:00,7.791,8.094,7.353,7.5,4367,,9.001114491189691,"rgba(239, 83, 80, 0.5)",4.891248945983594,13.161836553233272,-1.0980501325011247,37.36415263335935,-17.01392420720483,True,False,False,True,True,0.0,,0.0,0.0,0.0,0.0,0,0.8278564894428296,1.1540753366170724,False,False,False,False,-0.28581997401683557,-0.29177936051492703,False,False,False,False,165196,118985.83322110889,False,False,False,False,8215.781506848116,False,False,False,False
2022-09-06 00:00:00+00:00,7.698,7.95,7.164,7.95,3542,,8.98128244408307,"rgba(239, 83, 80, 0.5)",4.9084100468270195,13.126165868006003,-1.1058908722418115,38.88565347420095,-15.654429987658773,True,False,False,True,True,0.0,,0.0,0.0,0.0,0.0,0,0.8198466874889948,1.1450040943740394,False,False,False,False,-0.2952874150050288,-0.29353338775997795,False,False,False,False,161654,120659.09466341835,False,False,False,False,8032.495957559955,False,False,False,False
2022-09-07 00:00:00+00:00,7.8,7.878,7.503,7.503,1092,,8.976266613098769,"rgba(239, 83, 80, 0.5)",4.9103996138706,13.115775890231296,-1.082554640810824,40.36139556109742,-14.288057576629477,True,False,False,True,True,0.0,,0.0,0.0,0.0,0.0,0,0.8224431277406493,1.1430588675039886,False,False,False,False,-0.28769239461856627,-0.29061289118927214,False,False,False,False,162746,122309.56153936272,False,False,False,False,7760.319645498781,False,False,False,False
2022-09-08 00:00:00+00:00,7.752,7.8,7.245,7.8,1704,,8.967068924213107,"rgba(239, 83, 80, 0.5)",4.918971443248043,13.098896730739932,-1.086994871271163,41.1692497110054,-13.49432429362917,True,False,False,True,True,0.0,,0.0,0.0,0.0,0.0,0,0.8149401389659087,1.142668653052852,False,False,False,False,-0.2972555363808807,-0.29393421378507645,False,False,False,False,161042,123828.48069468184,False,False,False,False,7522.816914302751,False,False,False,False
2022-09-09 00:00:00+00:00,7.76697,8.1,7.71603,7.803,4023,,8.95294830733992,"rgba(239, 83, 80, 0.5)",4.9368291575963745,13.063204763416511,-1.0728009000001781,41.78723413673066,-12.808101005271496,True,False,False,True,True,0.0,,0.0,0.0,0.0,0.0,0,0.8194483007583135,1.1578932121695609,False,False,False,False,-0.273684637703407,-0.28380942574424173,False,False,False,False,165065,125445.59909881197,False,False,False,False,7385.569192173231,False,False,False,False
2022-09-12 00:00:00+00:00,8.1,8.68797,7.767,8.094,9389,,8.939899052816227,#000000,4.940978346948513,12.991808129720761,-0.9900484855882604,43.9555409810958,-10.645450100497541,True,False,False,False,True,0.0,,0.0,0.0,0.0,0.0,0,0.8315419699261897,1.1304941463556342,False,False,False,False,-0.25531219795974675,-0.2695608118519942,False,False,False,False,174454,127367.49717336836,False,False,False,False,7464.135106205654,False,False,False,False
2022-09-13 00:00:00+00:00,7.7367,7.986,7.395,7.803,2356,,8.929832017457217,"rgba(239, 83, 80, 0.5)",4.941718975721884,12.970579431388469,-1.0591212201871327,43.79319613552639,-10.645450100497541,True,False,False,True,True,0.0,,0.0,0.0,0.0,0.0,0,0.821493487475565,1.1633196279335873,False,False,False,False,-0.2806341897402848,-0.2750975007961395,False,False,False,False,172098,129121.63453911863,False,False,False,False,7263.8160824328825,False,False,False,False
2022-09-14 00:00:00+00:00,7.49697,8.247,7.122,7.95,3915,,8.911691201077044,"rgba(239, 83, 80, 0.5)",4.938899780888913,12.934744486757493,-1.1010092789894173,42.70546687783191,-10.645450100497541,True,False,False,True,True,0.0,,0.0,0.0,0.0,0.0,0,0.840764351949837,1.1544230961556796,False,False,False,False,-0.2810177555837588,-0.27805762818994917,False,False,False,False,168183,130653.45279248654,False,False,False,False,7132.489961553162,False,False,False,False
2022-09-15 00:00:00+00:00,7.485,8.22,6.933,8.22,1404,,8.904744140004578,"rgba(239, 83, 80, 0.5)",4.9285304842798086,12.921712235756027,-1.1031101974710578,41.93033808812865,-10.645450100497541,True,False,False,True,False,0.0,,0.0,0.0,0.0,0.0,1,0.829260058365165,1.1506685229575129,False,False,False,False,-0.28620612069181867,-0.28213187444088395,False,False,False,False,166779,132070.14091827138,False,False,False,False,6907.843296394215,False,False,False,False
2022-09-16 00:00:00+00:00,7.059,7.78497,6.9,7.125,2452,,8.88876924846089,"rgba(239, 83, 80, 0.5)",4.89576532713666,12.896925388522359,-1.1924438771939119,39.710939603596074,-10.645450100497541,True,False,False,True,False,0.0,,0.0,0.0,0.0,0.0,1,0.8314204868942694,1.1508316248406754,False,False,False,False,-0.30175982247317823,-0.2919458484570311,False,False,False,False,164327,133335.11578422153,False,False,False,False,6733.104343594442,False,False,False,False
2022-09-19 00:00:00+00:00,6.702,7.29597,6.645,6.648,2478,,8.868080195357885,"rgba(239, 83, 80, 0.5)",4.880452445172838,12.86945223240559,-1.2637050154039917,37.00350723345895,-8.686238407224835,True,False,False,True,False,0.0,,0.0,0.0,0.0,0.0,1,0.822658617694539,1.160747723881909,False,False,False,False,-0.32584304885181514,-0.3088944486544231,False,False,False,False,161849,134453.3073220952,False,False,False,False,6566.237506590738,False,False,False,False
2022-09-20 00:00:00+00:00,6.828,7.494,6.633,6.633,1475,,8.856874516322316,"rgba(239, 83, 80, 0.5)",4.851286058065709,12.853730096757133,-1.2420892160623682,36.087079001390045,-9.58329977400286,True,False,False,True,False,0.0,,0.0,0.0,0.0,0.0,1,0.8271435822071025,1.1430949060897204,False,False,False,False,-0.31703303574084657,-0.31296374219763484,False,False,False,False,163324,135585.4913486797,False,False,False,False,6366.581133783258,False,False,False,False
2022-09-21 00:00:00+00:00,6.642,6.828,6.609,6.828,2135,,8.83765400212523,"rgba(239, 83, 80, 0.5)",4.823924659607767,12.829349971311258,-1.2826381852767887,34.796691935801306,-10.872972628357402,True,False,False,True,False,0.0,,0.0,0.0,0.0,0.0,1,0.8440928756593359,1.1515781992819931,False,False,False,False,-0.34282825441539394,-0.3278959983065144,False,False,False,False,161189,136589.55051147658,False,False,False,False,6200.63677559568,False,False,False,False
2022-09-22 00:00:00+00:00,5.90697,6.69,5.55,6.69,13671,,8.681842326716412,"rgba(239, 83, 80, 0.5)",4.789938759335393,12.655340283035425,-1.4088635830433385,31.72955519203306,-13.804305758894586,False,False,False,True,False,0.0,,0.0,0.0,0.0,0.0,1,0.8475911331687744,1.140542681679227,False,False,False,False,-0.34282825441539394,-0.3353621263609542,False,False,False,False,147518,137018.11715808534,False,False,False,False,6493.592196160555,False,False,False,False
2022-09-23 00:00:00+00:00,4.683,5.775,4.341,5.73,17305,,8.429203207252801,"rgba(239, 83, 80, 1.0)",4.811814888760478,12.403211798736503,-1.6044282619369898,27.351493989340582,-17.847279881315345,False,True,False,True,False,0.0,,0.0,0.0,0.0,0.0,0,0.8256107622830788,1.1424515465194192,False,False,False,False,-0.34282825441539394,-0.33909519038817404,False,False,False,False,130213,136751.24981855258,False,False,False,False,6917.568972781711,False,False,False,False
2022-09-26 00:00:00+00:00,4.506,4.683,4.503,4.68,2381,,8.393954545892914,"rgba(239, 83, 80, 1.0)",4.794551433919237,12.368144879503566,-1.6398082256209667,24.17437178376803,-20.660309934272163,False,True,False,True,False,0.0,,0.0,0.0,0.0,0.0,0,0.8214589689733204,1.1540151456673557,False,False,False,False,-0.34282825441539394,-0.340961722401784,False,False,False,False,127832,136401.47531586423,False,False,False,False,6739.664307182427,False,False,False,False
2022-09-27 00:00:00+00:00,4.542,5.088,4.506,4.884,3198,,8.349887426428328,"rgba(239, 83, 80, 1.0)",4.75052836656573,12.322932243702914,-1.6379088057794158,22.309434397662127,-22.260475162273863,False,True,False,True,False,0.0,,0.0,0.0,0.0,0.0,0,0.8290900559769686,1.14809409305401,False,False,False,False,-0.3265123416878778,-0.3337370320448309,False,False,False,False,131030,136190.829225046,False,False,False,False,6600.775510822332,False,False,False,False
2022-09-28 00:00:00+00:00,4.77,4.8,4.275,4.275,1175,,8.333542588518885,"rgba(239, 83, 80, 1.0)",4.686922992945965,12.306225056192023,-1.6079259393709668,22.70773105786704,-22.260475162273863,False,True,False,True,False,0.0,,0.0,0.0,0.0,0.0,0,0.8326517097784383,1.1550465330075814,False,False,False,False,-0.34282825441539394,-0.3382826432301124,False,False,False,False,132205,136034.52219661284,False,False,False,False,6388.0000005940055,False,False,False,False
2022-09-29 00:00:00+00:00,4.563,4.782,4.545,4.545,1029,,8.319440190457707,"rgba(239, 83, 80, 1.0)",4.689006179602038,12.291715846053924,-1.6482630967037604,22.526954280336042,-22.260475162273863,False,True,False,True,False,0.0,,0.0,0.0,0.0,0.0,0,0.8342608120884903,1.1497793516811199,False,False,False,False,-0.33189470223051987,-0.3350886727303162,False,False,False,False,131176,135843.99191439274,False,False,False,False,6177.843137825613,False,False,False,False
2022-09-30 00:00:00+00:00,4.782,6.0,4.53,4.764,19550,,8.11015380507909,"rgba(239, 83, 80, 1.0)",4.689757919669507,12.051154502046383,-1.5500063386126015,24.01949060120394,-22.260475162273863,False,True,False,True,False,0.0,,0.0,0.0,0.0,0.0,0,0.8436169919037627,1.1171209295805757,False,False,False,False,-0.2735511781615792,-0.30431992544594766,False,False,False,False,150726,136427.60007461265,False,False,False,False,6702.241446146178,False,False,False,False
2022-10-03 00:00:00+00:00,4.353,4.98597,4.209,4.95,4543,,7.019721561350941,"rgba(239, 83, 80, 1.0)",4.689304386686234,11.493728174814517,-1.522769175549429,23.951062042080594,-22.260475162273863,False,True,False,True,False,0.0,,0.0,0.0,0.0,0.0,0,0.8589721337721682,1.1293794942585416,False,False,False,False,-0.33679062282858835,-0.32055527413726803,False,False,False,False,146183,136810.164777569,False,False,False,False,6617.56531100319,False,False,False,False
2022-10-04 00:00:00+00:00,4.8,5.4,4.51203,4.797,37771,,6.822417817767281,"rgba(239, 83, 80, 0.75)",4.652651928305805,11.12612598547526,-1.3596817649281636,26.934070867605136,-22.260475162273863,False,True,False,True,True,0.0,,0.0,0.0,0.0,0.0,0,0.9118602543861285,1.0992502726050186,False,False,False,False,-0.30117590584561604,-0.31086558999144204,False,False,False,False,183954,138658.94262942905,False,False,False,False,7839.26863214032,False,False,False,False
2022-10-05 00:00:00+00:00,4.893,5.397,4.797,5.03397,145919,,6.288303879859252,"rgba(239, 83, 80, 0.5)",4.638100372266151,10.045131755559076,-1.1108279989727288,29.516990931019627,-25.609120462913204,False,False,False,True,True,0.0,,0.0,0.0,0.0,0.0,0,0.9002967994169865,1.0901960807122255,False,False,False,False,-0.2873762587213359,-0.29912092435638893,False,False,False,False,329873,146157.5331145495,False,False,False,False,13254.160058330895,False,False,False,False
2022-10-06 00:00:00+00:00,7.395,13.791,6.75,11.7,1965266,,8.935289644523246,"rgba(239, 83, 80, 0.5)",4.560092539169395,9.712471131252528,-0.5082070399550811,40.8224835993463,-15.137999780317955,True,False,False,True,True,0.0,,0.0,0.0,0.0,0.0,0,0.8964697395696156,0.960201595257733,False,False,False,False,0.18738337796554244,-0.055868773195423244,False,False,False,False,2295139,230431.31612966518,False,False,False,False,89803.64397761204,False,False,False,False
2022-10-07 00:00:00+00:00,6.21,6.618,5.31,5.85,114820,,8.793790587639872,"rgba(239, 83, 80, 0.5)",4.497312782222262,9.560508159503902,-0.7450022539567087,44.41512582990721,-12.258600409626602,True,False,False,True,True,0.0,,0.0,0.0,0.0,0.0,0,0.8671719691310166,1.0641017169219997,False,False,False,False,-0.20460979448048258,-0.1302392838379529,False,False,False,False,2180319,306897.4998108548,False,False,False,False,90784.67754711745,False,False,False,False
2022-10-10 00:00:00+00:00,5.733,6.156,5.289,5.7,31948,,8.752585064096065,#000000,4.409205562429127,9.516747398644405,-0.858147197963675,45.49791253066645,-11.575972191075223,True,False,False,False,True,0.0,,0.0,0.0,0.0,0.0,0,0.8693215472714396,1.0651694110816166,False,False,False,False,-0.22734228137866433,-0.1787907826083086,False,False,False,False,2148371,379112.14687709574,False,False,False,False,88477.3568589952,False,False,False,False
2022-10-11 00:00:00+00:00,4.95,5.7,4.818,5.625,24657,,8.715711521050318,"rgba(239, 83, 80, 0.5)",4.314709874603923,9.478585907976647,-1.049569041624695,44.296006170660625,-11.575972191075223,True,False,False,True,True,0.0,,0.0,0.0,0.0,0.0,1,0.8611853806347741,1.0652656416199453,False,False,False,False,-0.2716498062423833,-0.22522029442534594,False,False,False,False,2123714,447527.905823092,False,False,False,False,85974.59776648559,False,False,False,False
2022-10-12 00:00:00+00:00,6.87,9.0,6.087,7.053,1346590,,8.21362819343171,#000000,4.1944113334014785,8.790479265379833,-0.4578662207224228,48.2633459485444,-9.247236790818476,True,False,False,False,True,0.0,,0.0,0.0,0.0,0.0,1,0.8702514510880563,1.0008104937201228,False,False,False,False,-0.05992457077055503,-0.1425724325979505,False,False,False,False,3470304,566068.1448104217,False,False,False,False,135410.4958932901,False,False,False,False
2022-10-13 00:00:00+00:00,6.144,6.45,5.7,6.27,82270,,8.16831882968119,#000000,4.07033123835372,8.73860596129773,-0.6374434436316636,49.1681692635323,-8.38637431296322,True,False,False,False,True,0.0,,0.0,0.0,0.0,0.0,1,0.858203532228368,1.0335396583733472,False,False,False,False,-0.19423222256831182,-0.16840232758313117,False,False,False,False,3388034,676733.472464915,False,False,False,False,133326.55487786696,False,False,False,False
2022-10-14 00:00:00+00:00,5.7,6.597,5.424,6.03,45792,,8.141685348837353,#000000,3.9347307114333137,8.708540065376607,-0.7646114273168845,48.77198028796278,-8.38637431296322,True,False,False,False,True,0.0,,0.0,0.0,0.0,0.0,1,0.8483488553414332,1.1016952447606827,False,False,False,False,-0.19375337005445403,-0.1810778488187926,False,False,False,False,3342242,781263.2186427616,False,False,False,False,129893.82723559767,False,False,False,False
2022-10-17 00:00:00+00:00,5.43,6.105,5.43,5.529,41377,,8.115504483572561,#000000,3.826254267980247,8.679494415448522,-0.8492625392519517,47.90246911567867,-8.38637431296322,True,False,False,False,True,0.0,,0.0,0.0,0.0,0.0,1,0.8282462811528956,1.0875280317771192,False,False,False,False,-0.21153644213028636,-0.19630714547453948,False,False,False,False,3300865,880071.1316371631,False,False,False,False,126422.57910871149,False,False,False,False
2022-10-18 00:00:00+00:00,5.265,5.937,5.1,5.448,32236,,8.093691225217233,#000000,3.678245526598212,8.655602973839084,-0.9217989797910117,46.9409617902299,-8.38637431296322,True,False,False,False,True,0.0,19.115231100000003,0.0,0.0,0.0,0.0,1,0.8135003494298328,1.0710993829580513,False,False,False,False,-0.222225348082047,-0.20926624677829325,False,False,False,False,3268629,973740.0676513921,False,False,False,False,122728.98777111497,False,False,False,False
2022-10-19 00:00:00+00:00,5.04,5.349,4.875,5.247,23689,,8.075832778687136,"rgba(239, 83, 80, 0.5)",3.540180870443384,8.636388364639114,-1.0158770120094711,45.7614625972491,-8.38637431296322,True,False,False,True,True,0.0,18.982931100000002,0.0,0.0,0.0,0.0,1,0.8249147563129154,1.0707328651372987,False,False,False,False,-0.2702547378195546,-0.23976049229892393,False,False,False,False,3244940,1062806.731665063,False,False,False,False,118845.06668205165,False,False,False,False
2022-10-20 00:00:00+00:00,5.055,5.22,4.893,4.893,12499,,8.066395670816771,"rgba(239, 83, 80, 0.5)",3.4026660101364685,8.626242226693517,-1.0495423929515455,45.02464665047282,-8.38637431296322,True,False,False,True,False,0.0,18.8582061,0.0,0.0,0.0,0.0,1,0.8223566986048074,1.0687141247047995,False,False,False,False,-0.2771347716548195,-0.2584476319768717,False,False,False,False,3257439,1148870.7421880018,False,False,False,False,114674.63269452022,False,False,False,False
2022-10-21 00:00:00+00:00,4.932,5.09997,4.77,5.055,13116,,8.056157580376277,"rgba(239, 83, 80, 0.5)",3.23539550254515,8.615291940256538,-1.1384363789091771,44.19769968185135,-8.38637431296322,True,False,False,True,False,0.0,18.7358661,0.0,0.0,0.0,0.0,1,0.8175121761414713,1.0702610323221209,False,False,False,False,-0.29228911030888494,-0.2753683711428783,False,False,False,False,3244323,1231045.3405335702,False,False,False,False,110691.94121630375,False,False,False,False
2022-10-24 00:00:00+00:00,4.551,4.935,4.212,4.866,27269,,8.032603327695723,"rgba(239, 83, 80, 0.5)",3.0924094321939033,8.590457093764224,-1.3062491181507099,42.61052644711462,-8.38637431296322,True,False,False,True,False,0.0,18.6056211,0.0,0.0,0.0,0.0,1,0.8099811840406657,1.0638635138188788,False,False,False,False,-0.33818443716301916,-0.3067764041529487,False,False,False,False,3217054,1308928.0330616655,False,False,False,False,107420.4533254683,False,False,False,False
2022-10-25 00:00:00+00:00,4.866,4.9545,4.533,4.533,13763,,8.021577010886157,"rgba(239, 83, 80, 0.5)",2.9556150469723534,8.578718547412253,-1.2561576823800022,42.80997437050528,-8.38637431296322,True,False,False,True,False,0.0,18.4799511,0.0,0.0,0.0,0.0,1,0.8442866576696705,1.0554502320510502,False,False,False,False,-0.3164085220432922,-0.31159246309812044,False,False,False,False,3230817,1384296.227843561,False,False,False,False,103747.6120185872,False,False,False,False
2022-10-26 00:00:00+00:00,5.25,5.4,4.95,4.956,29335,,8.001306360927762,"rgba(239, 83, 80, 0.5)",2.8243308440585,8.556677702508619,-1.170782703968561,44.40232130547665,-8.38637431296322,True,False,False,True,False,0.0,18.359051100000002,0.0,0.0,0.0,0.0,1,0.8520920182693955,1.0255685294628383,False,False,False,False,-0.26247508940234354,-0.28703377625023196,False,False,False,False,3260152,1457859.1993006764,False,False,False,False,100829.47037079946,False,False,False,False
2022-10-27 00:00:00+00:00,5.019,5.34,4.95,5.1,9866,,7.994320706014449,"rgba(239, 83, 80, 0.5)",2.7115199904566714,8.54911519953217,-1.3018953251152805,44.69397216331822,-8.38637431296322,True,False,False,True,False,0.0,18.2251461,0.0,0.0,0.0,0.0,1,0.8506301897896474,1.0213822557406416,False,False,False,False,-0.2661757563675563,-0.27660476630889413,False,False,False,False,3250286,1528150.4463869242,False,False,False,False,97262.27545429752,False,False,False,False
2022-10-28 00:00:00+00:00,4.794,5.097,4.665,5.052,4881,,7.990578436447592,"rgba(239, 83, 80, 0.5)",2.612365018439243,8.545111819774098,-1.4359064653281872,44.14233593408973,-8.38637431296322,True,False,False,True,False,0.0,18.0901161,0.0,0.0,0.0,0.0,1,0.846985612302493,1.0293327274857207,False,False,False,False,-0.29906339805071464,-0.2878340821798044,False,False,False,False,3245405,1595493.7622148881,False,False,False,False,93639.48033844272,False,False,False,False
2022-10-31 00:00:00+00:00,4.656,5.088,4.53,4.944,3421,,7.987882526877641,"rgba(239, 83, 80, 0.5)",2.5083663290153697,8.54223917859492,-1.549310853698319,43.311554393415754,-8.38637431296322,True,False,False,True,False,0.0,17.9483961,0.0,0.0,0.0,0.0,1,0.8451851794955727,1.0206074707546797,False,False,False,False,-0.30814007951765,-0.29798708084872716,False,False,False,False,3241984,1660062.0068339123,False,False,False,False,90101.50071732733,False,False,False,False
2022-11-01 00:00:00+00:00,4.311,4.794,4.218,4.659,12812,,7.976839601316442,"rgba(239, 83, 80, 0.5)",2.42277764050869,8.530613690925168,-1.7416429887635962,41.625930403110004,-8.38637431296322,True,False,False,True,False,0.0,17.8019511,0.0,0.0,0.0,0.0,1,0.854784744614825,1.0176466426010813,False,False,False,False,-0.34282825441539394,-0.3204076676320605,False,False,False,False,3229172,1721595.7320561118,False,False,False,False,87070.53990488313,False,False,False,False
2022-11-02 00:00:00+00:00,4.497,4.59,4.2,4.44,14243,,7.964602501224971,"rgba(239, 83, 80, 0.5)",2.318090918441222,8.517729222882835,-1.7345002264132658,41.45131934800632,-4.619149080631487,True,False,False,True,False,0.0,17.6549361,0.0,0.0,0.0,0.0,1,0.8580614047271733,1.0159631068505204,False,False,False,False,-0.34282825441539394,-0.3316179610237272,False,False,False,False,3243415,1781274.9190343036,False,False,False,False,84214.5579478289,False,False,False,False
2022-11-03 00:00:00+00:00,4.545,4.707,4.416,4.533,6087,,7.959585344064934,"rgba(239, 83, 80, 0.5)",2.2182682349435714,8.512419250966204,-1.7885209680546714,41.588598780714584,-4.724907415261633,True,False,False,True,False,0.0,17.5126611,0.0,0.0,0.0,0.0,1,0.8645834145089926,1.0157050173451152,False,False,False,False,-0.3219808437702541,-0.3267994023969907,False,False,False,False,3249502,1838852.4516211937,False,False,False,False,81150.73214595325,False,False,False,False
2022-11-04 00:00:00+00:00,3.93,4.52697,3.75,4.32,34555,,7.927348601547782,"rgba(239, 83, 80, 0.5)",2.141944723703885,8.47883610873322,-2.12369444383574,39.530324431457764,-6.8828377350660475,True,False,False,True,False,0.0,17.3718111,0.0,0.0,0.0,0.0,0,0.8451429938277286,1.0205954084567068,False,False,False,False,-0.34282825441539394,-0.33481382840619234,False,False,False,False,3214947,1892816.9437144801,False,False,False,False,79323.44853238646,False,False,False,False
2022-11-07 00:00:00+00:00,3.549,4.35,3.453,4.35,16227,,7.911290208090797,"rgba(239, 83, 80, 0.5)",2.1188744406757234,8.462225499859464,-2.318790299954066,37.036579963802915,-9.337610083115386,False,False,False,True,False,0.0,17.242556099999998,0.0,0.0,0.0,0.0,0,0.8420504143331359,1.0315766461499634,False,False,False,False,-0.34282825441539394,-0.33882104141079317,False,False,False,False,3198720,1944028.8282746966,False,False,False,False,76849.07800170465,False,False,False,False
2022-11-08 00:00:00+00:00,3.591,3.858,3.405,3.591,32139,,7.878586527899481,"rgba(239, 83, 80, 0.5)",2.1380198186950103,8.42850974353854,-2.262612208380381,35.6320649748414,-10.698735127522994,False,False,False,True,False,0.0,17.1153711,0.0,0.0,0.0,0.0,0,0.8451919079950118,1.0373561227561363,False,False,False,False,-0.34282825441539394,-0.3408246479130935,False,False,False,False,3230859,1994492.7565776496,False,False,False,False,75095.74160948095,False,False,False,False
2022-11-09 00:00:00+00:00,2.55,3.28,2.55,3.28,52106,,6.8073616955905525,"rgba(239, 83, 80, 1.0)",2.1458894311199037,8.03779661739778,-2.5573529268624946,32.10322772084296,-14.005292923793448,False,True,False,True,False,0.0,16.9805211,0.0,0.0,0.0,0.0,0,0.8112266875260026,1.085148512423647,False,False,False,False,-0.34282825441539394,-0.3418264511642437,False,False,False,False,3178753,2040934.3347510751,False,False,False,False,74194.1831149915,False,False,False,False
2022-11-10 00:00:00+00:00,2.9,3.5,2.63,2.63,37682,,6.7914739164239055,"rgba(239, 83, 80, 1.0)",2.1236604080158594,8.002774417585387,-2.402820337152172,31.763762514149544,-14.27020527748919,False,True,False,True,False,0.0,16.8450511,0.0,0.0,0.0,0.0,0,0.8058440669904003,1.0531444307428663,False,False,False,False,-0.32779787515873654,-0.3348121631614901,False,False,False,False,3216435,2087032.4000549547,False,False,False,False,72762.33279675654,False,False,False,False
2022-11-11 00:00:00+00:00,2.88,3.125,2.85,3.04,4387,,6.7881261368231876,"rgba(239, 83, 80, 1.0)",2.120404370137548,7.998249784292119,-2.4138083548470073,31.48523973939261,-14.583912567778029,False,True,False,True,False,0.0,16.7169511,0.0,0.0,0.0,0.0,0,0.8152843662668624,1.0609290693422506,False,False,False,False,-0.33554532728313835,-0.3351787452223142,False,False,False,False,3212048,2131150.658876329,False,False,False,False,70080.94719688375,False,False,False,False
2022-11-14 00:00:00+00:00,2.71,2.8994,2.7,2.85,11844,,6.774401725164997,"rgba(239, 83, 80, 1.0)",2.123608853359236,7.984374670809849,-2.4836846307485327,30.83568514015019,-15.31296152211489,False,True,False,True,False,0.0,16.587101099999998,0.0,0.0,0.0,0.0,0,0.8045465761564725,1.0734081821752663,False,False,False,False,-0.34282825441539394,-0.3390034998188541,False,False,False,False,3200204,2173074.3193125515,False,False,False,False,67797.14534602557,False,False,False,False
2022-11-15 00:00:00+00:00,2.8,3.2,2.6515,2.68,53425,,6.726874486838087,"rgba(239, 83, 80, 1.0)",2.121426525571664,7.927482080729258,-2.41699725110562,31.00238597503372,-15.31296152211489,False,True,False,True,False,0.0,16.4496011,0.0,0.0,0.0,0.0,0,0.8065304941543048,1.064400283248723,False,False,False,False,-0.3303822958955186,-0.33469289785718637,False,False,False,False,3253629,2215449.012672844,False,False,False,False,67233.53180304418,False,False,False,False
2022-11-16 00:00:00+00:00,3.14,3.25,2.89,2.8901,81800,,6.673146443501563,"rgba(239, 83, 80, 0.75)",2.116192378316326,7.850173589006799,-2.2257775981379737,33.309150696021575,-15.31296152211489,False,True,False,True,True,0.0,16.3078011,0.0,0.0,0.0,0.0,0,0.8028251511383432,1.0598350774019492,False,False,False,False,-0.3162592722776579,-0.3254760850674221,False,False,False,False,3335429,2259369.7964895954,False,False,False,False,67804.76584998364,False,False,False,False
2022-11-17 00:00:00+00:00,3.46,4.09,3.05,3.19,322620,,6.517340382129817,"rgba(239, 83, 80, 0.5)",2.0927644831952277,7.599046815596298,-1.9777891152265787,36.71639934377461,-17.14504261666802,False,False,False,True,True,0.0,16.1676011,0.0,0.0,0.0,0.0,0,0.8135299602636199,1.0400977715864665,False,False,False,False,-0.2681994800371017,-0.2968377825522619,False,False,False,False,3658049,2314219.9613331407,False,False,False,False,77797.52013037643,False,False,False,False
2022-11-18 00:00:00+00:00,2.84,3.38,2.77,3.25,47409,,6.478462263422851,"rgba(239, 83, 80, 0.5)",2.0399873773360415,7.556170207243044,-2.311862445640105,36.64513323473037,-17.14504261666802,False,False,False,True,True,0.0,16.025801100000002,0.0,0.0,0.0,0.0,0,0.7975016179219152,1.0591033865047192,False,False,False,False,-0.3157719516428326,-0.30630486709754723,False,False,False,False,3610640,2365059.9628494885,False,False,False,False,76605.81345859697,False,False,False,False
2022-11-21 00:00:00+00:00,2.74,2.879,2.6801,2.71,6842,,6.4721907124548235,"rgba(239, 83, 80, 0.5)",1.9778591049392984,7.54962654812217,-2.4317336538841983,36.25878589693837,-17.14504261666802,False,False,False,True,True,0.0,15.880501099999998,0.0,0.0,0.0,0.0,0,0.791466441291576,1.0828955653456365,False,False,False,False,-0.34282825441539394,-0.3245665607564706,False,False,False,False,3603798,2413637.925090685,False,False,False,False,73869.97763669121,False,False,False,False
2022-11-22 00:00:00+00:00,2.7,2.8669,2.7,2.83,4049,,6.468476399999392,"rgba(239, 83, 80, 0.5)",1.93421642802452,7.54575316593966,-2.505279706929586,35.858039047923,-17.14504261666802,False,False,False,True,True,0.0,15.738001100000002,0.0,0.0,0.0,0.0,0,0.7998379655963962,1.0715985799662109,False,False,False,False,-0.3424426962050663,-0.33350462848076845,False,False,False,False,3599749,2460152.08489105,False,False,False,False,71131.90008231117,False,False,False,False
2022-11-23 00:00:00+00:00,2.56,2.75,2.5408,2.7301,16572,,6.452311381516085,"rgba(239, 83, 80, 0.75)",1.9127605423227865,7.529359134216092,-2.5980037878559976,35.070545425293574,-17.14504261666802,False,True,False,True,True,0.0,15.596196100000002,0.0,0.0,0.0,0.0,0,0.7983305592453035,1.0812159722410473,False,False,False,False,-0.34282825441539394,-0.33816644144808117,False,False,False,False,3583177,2504192.2776404205,False,False,False,False,68992.29615751466,False,False,False,False
2022-11-25 00:00:00+00:00,2.5703,2.61,2.56,2.5601,1241,,6.451089414578907,"rgba(239, 83, 80, 1.0)",1.8838629977689931,7.528124984282488,-2.6317333002208247,34.6251471525725,-17.14504261666802,False,True,False,True,False,0.0,15.450797600000001,0.0,0.0,0.0,0.0,0,0.7974109873702624,1.0859729131963207,False,False,False,False,-0.34282825441539394,-0.3404973479317376,False,False,False,False,3584418,2546554.0706741298,False,False,False,False,66335.38258271017,False,False,False,False
2022-11-28 00:00:00+00:00,2.59,2.7,2.57,2.58,7758,,6.443630923197856,"rgba(239, 83, 80, 1.0)",1.8498310823587312,7.520512481123264,-2.6653852495744297,34.49382641566475,-17.14504261666802,False,True,False,True,False,0.0,15.3062476,0.0,0.0,0.0,0.0,0,0.7949189107347172,1.0755438438705256,False,False,False,False,-0.3380173283432375,-0.33925733813748754,False,False,False,False,3592176,2587558.852216321,False,False,False,False,64038.230324564676,False,False,False,False
2022-11-29 00:00:00+00:00,2.63,2.809,2.63,2.71,2110,,6.441681501152777,"rgba(239, 83, 80, 0.5)",1.8197725866581154,7.518487226564709,-2.6863176544175076,34.76735300044504,-17.14504261666802,False,False,False,True,False,0.0,15.1663976,0.0,0.0,0.0,0.0,0,0.7991858505364602,1.0616870207847542,False,False,False,False,-0.32992087537725695,-0.33458910675737225,False,False,False,False,3594286,2627038.348207838,False,False,False,False,61609.67227262097,False,False,False,False
2022-11-30 00:00:00+00:00,2.56,2.62,2.5,2.53,5172,,6.436602383362077,"rgba(239, 83, 80, 0.5)",1.824782054906592,7.513351708015317,-2.7144894891400453,34.587958677253255,-17.14504261666802,False,False,False,True,False,0.0,15.024697600000001,0.0,0.0,0.0,0.0,0,0.7932543554136751,1.071513824162271,False,False,False,False,-0.34282825441539394,-0.3387086805863831,False,False,False,False,3589114,2664766.805140864,False,False,False,False,59396.43022271426,False,False,False,False
2022-12-01 00:00:00+00:00,2.5654,2.65,2.518,2.518,2538,,6.434140423769579,"rgba(239, 83, 80, 0.5)",1.8205108311159226,7.510849009389278,-2.716517213115319,34.52538437289021,-17.14504261666802,False,False,False,True,False,0.0,14.881884600000001,0.0,0.0,0.0,0.0,0,0.7938145027293418,1.0554235652498254,False,False,False,False,-0.3405246034564907,-0.33961664202143693,False,False,False,False,3591652,2701115.2441549483,False,False,False,False,57166.687861039194,False,False,False,False
2022-12-02 00:00:00+00:00,2.7,2.7399,2.6369,2.6369,10211,,6.424838129624513,"rgba(239, 83, 80, 0.5)",1.8143894589207743,7.501126411489661,-2.646138836336407,35.93925461861983,-16.588895240223337,False,False,False,True,True,0.0,14.7363846,0.0,0.0,0.0,0.0,0,0.8154671377137305,1.0495556370649828,False,False,False,False,-0.33054374708666806,-0.33508019455405247,False,False,False,False,3601863,2736438.6855606367,False,False,False,False,55325.288337076876,False,False,False,False
2022-12-05 00:00:00+00:00,2.6691,2.7,2.5652,2.7,6832,,6.418509586293818,"rgba(239, 83, 80, 0.5)",1.8111774142649197,7.494562874216028,-2.6642684676887263,36.66820380028198,-15.776800290984312,False,False,False,True,True,0.0,14.5982301,0.0,0.0,0.0,0.0,0,0.8403029799884564,1.0329467017718637,False,False,False,False,-0.3358703212624999,-0.33547525790827615,False,False,False,False,3595031,2770108.9724013964,False,False,False,False,53423.590755230725,False,False,False,False
2022-12-06 00:00:00+00:00,2.6233,2.7,2.5,2.67,7549,,6.411432557019532,"rgba(239, 83, 80, 0.5)",1.814317615386744,7.487263143473947,-2.680877428639822,36.82061050692995,-15.511437246537888,False,False,False,True,True,0.0,14.4613616,0.0,0.0,0.0,0.0,0,0.834770960846218,1.0059625650488584,False,False,False,False,-0.33899076894199565,-0.3372330134251359,False,False,False,False,3587482,2802162.8166209497,False,False,False,False,51624.58719620207,False,False,False,False
2022-12-07 00:00:00+00:00,2.58,2.6699,2.52,2.52,3839,,6.407820410945584,"rgba(239, 83, 80, 0.5)",1.82227054864364,7.48354371119028,-2.6908977455845435,36.593407233323695,-15.511437246537888,False,False,False,True,True,0.0,14.3330816,0.0,0.0,0.0,0.0,0,0.833413129228912,1.0168879401026547,False,False,False,False,-0.3394747192145551,-0.3383538663198455,False,False,False,False,3583643,2832809.098322089,False,False,False,False,49750.64260027258,False,False,False,False
2022-12-08 00:00:00+00:00,2.48,2.59,2.42,2.46,4293,,6.403613450580879,"rgba(239, 83, 80, 0.5)",1.8371056086656883,7.479287576121624,-2.7212848039545565,35.68023811157495,-15.511437246537888,False,False,False,True,False,0.0,14.208981600000001,0.0,0.0,0.0,0.0,0,0.8352229940708525,1.0117978498718314,False,False,False,False,-0.34282825441539394,-0.3405910603676197,False,False,False,False,3579350,2862085.2121133795,False,False,False,False,47967.989949281495,False,False,False,False
2022-12-09 00:00:00+00:00,2.4601,2.5899,2.4,2.4,21653,,6.382515271705855,"rgba(239, 83, 80, 1.0)",1.8466946921087528,7.457890940669187,-2.7063439138183565,34.91739777750709,-15.511437246537888,False,True,False,True,False,0.0,14.0847821,0.0,0.0,0.0,0.0,0,0.8277148571653348,1.0113605073724532,False,False,False,False,-0.34282825441539394,-0.3417096573915068,False,False,False,False,3557697,2889364.1057559922,False,False,False,False,46936.029559113595,False,False,False,False
2022-12-12 00:00:00+00:00,2.976,3.2199,2.42,2.42,84554,,5.473945865352498,"rgba(239, 83, 80, 0.5)",1.8460732242491544,7.134004656832392,-2.2523508830607515,40.6306067835409,-11.846625014062859,True,False,False,True,True,0.0,13.9616471,0.0,0.0,0.0,0.0,0,0.8256514640018014,1.0266371946074133,False,False,False,False,-0.312173950292626,-0.3269418038420664,False,False,False,False,3642251,2918889.0820008554,False,False,False,False,48411.24408620718,False,False,False,False
2022-12-13 00:00:00+00:00,2.59,2.8132,2.5495,2.64,14974,,5.457348619248379,"rgba(239, 83, 80, 0.5)",1.8495606429995508,7.119403467654682,-2.4489077905058894,41.187409900257734,-11.535786087473625,True,False,False,True,True,0.0,13.839597099999999,0.0,0.0,0.0,0.0,0,0.8315160747732729,1.0069468115090197,False,False,False,False,-0.32517437517720327,-0.32605808950963483,False,False,False,False,3627277,2946669.000353763,False,False,False,False,47099.979612238276,False,False,False,False
2022-12-14 00:00:00+00:00,2.73,2.742,2.63,2.63,2363,,5.455192677986923,"rgba(239, 83, 80, 0.5)",1.8481635890337764,7.117248274936102,-2.3738419591037196,42.89661687650403,-10.06417715828838,True,False,False,True,True,0.0,13.721247099999998,0.0,0.0,0.0,0.0,1,0.8247785608248658,1.0231214531380366,False,False,False,False,-0.324736509939729,-0.3253972997246819,False,False,False,False,3629640,2973452.176810478,False,False,False,False,45345.5882548956,False,False,False,False
2022-12-15 00:00:00+00:00,2.48,2.7329,2.44,2.73,5069,,5.448975730994065,"rgba(239, 83, 80, 0.5)",1.829064926671976,7.11208819653646,-2.5324897596525706,42.180042351264824,-10.06417715828838,True,False,False,True,True,0.0,13.5976121,0.0,0.0,0.0,0.0,1,0.8106535540740849,1.0234740730590024,False,False,False,False,-0.33413722810057955,-0.3297672639126307,False,False,False,False,3624571,2998986.2483081063,False,False,False,False,43766.11420568401,False,False,False,False
2022-12-16 00:00:00+00:00,2.3,2.61,2.3,2.61,5421,,5.4408967095529475,"rgba(239, 83, 80, 0.5)",1.8083704860721646,7.106075020607983,-2.657682735713589,40.521498761403016,-10.06417715828838,True,False,False,True,False,0.0,13.4786121,0.0,0.0,0.0,0.0,1,0.7461041182732668,1.2962679610936998,False,False,False,False,-0.34282825441539394,-0.33629775916401233,False,False,False,False,3619150,3023306.3954332788,False,False,False,False,42262.38423683366,False,False,False,False
2022-12-19 00:00:00+00:00,2.2973,2.52,2.11,2.52,3274,,5.435564588736819,"rgba(239, 83, 80, 0.5)",1.8025997919707284,7.102280941716305,-2.665583876753455,39.398038751086276,-7.239700120172152,True,False,False,True,False,0.0,13.359328600000001,0.0,0.0,0.0,0.0,1,0.7953344469481766,1.0824601246026813,False,False,False,False,-0.34282825441539394,-0.33956300678970314,False,False,False,False,3615876,3046544.419141778,False,False,False,False,40733.427992251956,False,False,False,False
2022-12-20 00:00:00+00:00,2.2,2.3,2.2,2.3,734,,5.434276015573019,"rgba(239, 83, 80, 0.5)",1.782685798996684,7.101397592224359,-2.749445580922292,37.98366784047144,-8.554567357431289,False,False,False,True,False,0.0,13.2390486,0.0,0.0,0.0,0.0,0,0.7952194482571759,1.0778949573406265,False,False,False,False,-0.34282825441539394,-0.34119563060254854,False,False,False,False,3615142,3068842.363489159,False,False,False,False,39164.82297294796,False,False,False,False
2022-12-21 00:00:00+00:00,2.12,2.32,2.06,2.21,4081,,5.426724391578484,"rgba(239, 83, 80, 1.0)",1.7631087396650225,7.096345749830958,-2.822483740155713,36.49768223521756,-9.943781189141916,False,True,False,True,False,0.0,13.1146486,0.0,0.0,0.0,0.0,0,0.8041648814228404,1.06264094670264,False,False,False,False,-0.34282825441539394,-0.34201194250897127,False,False,False,False,3611061,3090105.8394307606,False,False,False,False,37788.98677793039,False,False,False,False
2022-12-22 00:00:00+00:00,1.955,2.12,1.84,2.12,9413,,5.406874171105576,"rgba(239, 83, 80, 1.0)",1.740333145629042,7.083795737851548,-2.9470195121737732,34.44381954957915,-11.858134268673219,False,True,False,True,False,0.0,12.9902036,0.0,0.0,0.0,0.0,0,0.7544403484872599,1.2495885166853118,False,False,False,False,-0.34282825441539394,-0.3424200984621826,False,False,False,False,3601648,3110166.3163158293,False,False,False,False,36676.202982717434,False,False,False,False
2022-12-23 00:00:00+00:00,1.85,1.86,1.85,1.86,4034,,5.398001721132108,"rgba(239, 83, 80, 1.0)",1.7169446995922608,7.078261077926966,-3.0450957908944716,32.44318969528675,-13.69788680258209,False,True,False,True,False,0.0,12.8653536,0.0,0.0,0.0,0.0,0,0.7765132105281575,1.168138657458116,False,False,False,False,-0.34282825441539394,-0.3426241764387883,False,False,False,False,3597614,3129281.911754424,False,False,False,False,35396.116591238315,False,False,False,False
2022-12-27 00:00:00+00:00,1.9756,1.99,1.91,1.95,4811,,5.388740883094182,"rgba(239, 83, 80, 1.0)",1.6868169019468162,7.072098708461059,-3.0213704300561646,32.920349465591336,-13.69788680258209,False,True,False,True,False,0.0,12.7402316,0.0,0.0,0.0,0.0,0,0.778789607222233,1.179772623314507,False,False,False,False,-0.3249484315935827,-0.3337863040161855,False,False,False,False,3602425,3147836.5426660157,False,False,False,False,34196.70025432701,False,False,False,False
2022-12-28 00:00:00+00:00,1.82,1.93,1.82,1.8491,1688,,5.3852716718874145,"rgba(239, 83, 80, 1.0)",1.644820517673622,7.069854624528636,-3.1917492322833203,32.179762990694094,-13.93297136032718,False,True,False,True,False,0.0,12.6261816,0.0,0.0,0.0,0.0,0,0.7655060729583616,1.1598741957919911,False,False,False,False,-0.33879017801220235,-0.3362882410141939,False,False,False,False,3600737,3165597.3449144075,True,False,False,False,32921.84926396124,False,False,False,False
2022-12-29 00:00:00+00:00,2.0,2.0,1.88,1.88,1051,,5.383328224081894,"rgba(239, 83, 80, 1.0)",1.6060546107262597,7.068532036680442,-3.155890218694647,34.14834905247834,-13.93297136032718,False,True,False,True,False,0.0,12.5093116,0.0,0.0,0.0,0.0,0,0.7749385198770987,1.1495289874691528,False,False,False,False,-0.32398132792233925,-0.3301347844682666,False,False,False,False,3601788,3182702.860800117,False,False,False,False,31672.012037923545,False,False,False,False
2022-12-30 00:00:00+00:00,2.0888,2.0901,1.89,1.89,6841,,5.371787352203503,"rgba(239, 83, 80, 0.5)",1.568686013084577,7.060294371698918,-3.1692093447835665,36.5892477542827,-17.46843551413015,False,False,False,True,True,0.0,12.3887906,0.0,0.0,0.0,0.0,0,0.7843710602678025,1.1148610303251578,False,False,False,False,-0.3129877410194476,-0.3215612627438571,False,False,False,False,3608629,3199405.8466510926,False,False,False,False,30698.246859965762,False,False,False,False
2023-01-03 00:00:00+00:00,2.1,2.1,1.8,1.8,14182,,4.345889200316539,"rgba(239, 83, 80, 0.5)",1.527164761717271,6.7780801670202955,-3.0632452268999932,38.36340573167273,-15.81651076493307,False,False,False,True,True,0.0,12.2710556,0.0,0.0,0.0,0.0,0,0.7781687243583212,1.1074611461643125,True,False,False,False,-0.3217788257070898,-0.32167004422547346,False,False,False,False,3622811,3216009.9703118345,False,False,False,False,30050.55090467299,False,False,False,False
2023-01-04 00:00:00+00:00,2.42,2.4599,2.1397,2.1397,15670,,4.369190712765947,"rgba(239, 83, 80, 0.5)",1.4898867646797544,6.773254623741228,-2.921869451385417,43.251282546989096,-11.304732412232454,True,False,False,True,True,0.0,12.1511556,0.0,0.0,0.0,0.0,0,0.8015423199538663,1.0833364161598134,False,False,False,False,-0.24644701213707979,-0.28405852818127664,False,False,False,False,3638481,3232577.4616721547,False,False,False,False,29486.607731940716,False,False,False,False
2023-01-05 00:00:00+00:00,2.43,2.44,2.16,2.32,12818,,4.36959663071999,#000000,1.4592339677102015,6.764449730184382,-2.9703596723326737,46.61218586951402,-8.358527883422724,True,False,False,False,True,0.0,12.0343656,0.0,0.0,0.0,0.0,0,0.8288793872363198,1.0773073406769833,False,False,False,False,-0.24640478943650973,-0.2652316588088932,False,False,False,False,3651299,3248997.9141555997,False,False,False,False,28832.936840492064,False,False,False,False
2023-01-06 00:00:00+00:00,2.95,2.95,2.2976,2.58,19150,,4.396721215990998,"rgba(38, 166, 154, 1.0)",1.4169522586451593,6.7593297276772715,-2.688396665756135,53.08516686838257,-2.5748718591805257,True,False,True,False,True,0.0,11.8991156,0.0,0.0,0.0,0.0,0,0.8209600810157794,1.049328812887673,False,False,False,False,-0.17905560570711287,-0.22214363225800304,False,False,False,False,3670449,3265525.4077181253,False,False,False,False,28453.213827139436,False,False,False,False
2023-01-09 00:00:00+00:00,3.015,3.225,2.65,3.0,31351,,4.435943049150768,"rgba(38, 166, 154, 1.0)",1.3766047910215198,6.750708989091152,-2.713712035186977,57.80882247084569,1.4336711753524511,True,False,True,False,True,0.0,11.7767306,0.0,0.0,0.0,0.0,0,0.8224285157301088,1.0631933576053114,False,False,False,False,-0.1133245950480472,-0.16773411365302512,False,False,False,False,3701800,3282634.215258591,False,False,False,False,28566.852500584948,False,False,False,False
2023-01-10 00:00:00+00:00,3.4,3.69,2.9,3.25,91407,,4.529425720956312,"rgba(38, 166, 154, 1.0)",1.3513776293495972,6.725575617553459,-2.4608781034462006,63.034522222961165,5.904377534159401,True,False,True,False,True,0.0,11.6489356,0.0,0.0,0.0,0.0,0,0.8396785650956727,1.033624928131196,False,False,False,False,-0.01592336530463892,-0.09182873947883202,False,False,False,False,3793207,3302656.677405313,False,False,False,False,31031.17201036593,False,False,False,False
2023-01-11 00:00:00+00:00,3.34,3.74,3.24,3.74,28401,,4.546835683158923,"rgba(38, 166, 154, 1.0)",1.3460034457970487,6.715425164448823,-2.5077388731720767,65.74462545125242,8.062397433873294,True,False,True,False,True,0.0,11.5277406,0.0,0.0,0.0,0.0,0,0.873723518735645,1.0178158611865107,False,False,False,False,0.03531594891237539,-0.028256395283228316,False,False,False,False,3764806,3320780.1802521637,False,False,False,False,30928.028009959427,False,False,False,False
2023-01-12 00:00:00+00:00,3.72,4.37,3.2,3.3,206902,,4.660715722765078,"rgba(38, 166, 154, 1.0)",1.341932770777552,6.650562248480546,-2.183836860010878,69.28491733838035,11.137669019377931,True,False,True,False,True,0.0,11.4128406,0.0,0.0,0.0,0.0,0,0.8826544947460642,0.9841251820863336,False,False,False,False,0.14158325273416938,0.05666342872547053,False,False,False,False,3971708,3346306.761418746,False,False,False,False,37828.968088000234,False,False,False,False
2023-01-13 00:00:00+00:00,3.94,4.45,3.5,3.98,87461,,4.6933255956267175,"rgba(38, 166, 154, 1.0)",1.337972390182369,6.623131662800061,-2.0053714729003813,72.45677045330706,13.948582729683523,True,False,True,False,True,0.0,11.298275600000002,0.0,0.0,0.0,0.0,0,0.9160087061324328,0.9654078711166938,False,False,False,False,0.1892034592367665,0.12293344398111852,False,False,False,False,4059169,3374262.143323893,False,False,False,False,39775.322280627675,False,False,False,False
2023-01-17 00:00:00+00:00,4.23,4.69,3.8553,4.0559,115504,,4.2673036923616,"rgba(38, 166, 154, 1.0)",1.3329511011178927,6.478357201101405,-1.6867514488834565,75.4897866821746,16.714533789703637,True,False,True,False,True,0.0,11.1833006,0.0,0.0,0.0,0.0,0,0.9364299567357899,0.9440931921030384,False,False,False,False,0.26563846629674853,0.19428595513893354,False,False,False,False,4174673,3405650.804370015,False,False,False,False,42745.07434805404,False,False,False,False
2023-01-18 00:00:00+00:00,4.0,4.43,3.76,4.14,64578,,4.271331175934837,"rgba(38, 166, 154, 1.0)",1.3289051067432012,6.454846928889135,-1.8472702952472828,74.74320732057605,16.714533789703637,True,False,True,False,True,0.0,11.067700750000002,0.0,0.0,0.0,0.0,0,0.9224116556032799,0.9635284068723154,False,False,False,False,0.28931354846100565,0.2417997517999696,False,False,False,False,4110095,3433276.06694374,False,False,False,False,43601.26751087545,False,False,False,False
2023-01-19 00:00:00+00:00,3.34,3.9899,3.2001,3.81,72961,,4.222854646416371,"rgba(38, 166, 154, 0.75)",1.3215433333551216,6.410798580066844,-2.3236457727577724,68.30578458641244,16.714533789703637,True,False,True,False,False,0.0,10.944900749999999,0.0,0.0,0.0,0.0,0,0.9279945737304139,0.9766148275744283,False,False,False,False,0.1460360692186956,0.1939179105093326,False,False,False,False,4037134,3456956.7702008486,False,False,False,False,44752.62956927249,False,False,False,False
2023-01-20 00:00:00+00:00,3.62,3.71,3.4,3.4242,10890,,4.218535674860427,"rgba(38, 166, 154, 0.75)",1.3182363428843602,6.40510343767744,-2.1127496997871478,65.52876887911627,24.787673848650087,True,False,True,False,False,0.0,10.823500750000001,0.0,0.0,0.0,0.0,0,0.9479762995908022,0.9781477418999395,False,False,False,False,0.13489938724874467,0.16440864887903864,False,False,False,False,4048024,3480135.877251796,False,False,False,False,43424.683311653964,False,False,False,False
2023-01-23 00:00:00+00:00,3.89,4.2399,3.65,3.65,15875,,4.22016503291223,"rgba(38, 166, 154, 0.75)",1.3106573838586857,6.399473727678802,-1.9146679815671583,64.97939969670529,24.154965941064475,True,False,True,False,False,0.0,10.704965750000001,0.0,0.0,0.0,0.0,0,0.9617191846141617,0.9260808233330683,False,False,False,False,0.2453475969952975,0.20487812293716806,False,False,False,False,4063899,3503028.5487321177,False,False,False,False,42344.303573942045,False,False,False,False
2023-01-24 00:00:00+00:00,3.98,4.15,3.63,4.15,12632,,4.221319366861843,"rgba(38, 166, 154, 0.75)",1.3020273036910508,6.394970200636894,-1.8547769265596947,65.02907502185558,23.896029921818254,True,False,True,False,False,0.0,10.58844075,0.0,0.0,0.0,0.0,0,1.006389010697641,0.9150868354766007,False,False,False,False,0.2294848324767114,0.21718147770693974,False,False,False,False,4076531,3525518.8409387013,False,False,False,False,41179.11519849334,False,False,False,False
2023-01-25 00:00:00+00:00,3.82,4.04,3.8027,4.04,1268,,4.221380514308021,"rgba(38, 166, 154, 0.75)",1.2210451096979786,6.3945006183455835,-2.1084402188731404,63.68839776197533,22.206458030542606,True,False,True,False,False,0.0,10.465040749999998,0.0,0.0,0.0,0.0,0,1.0157679466217968,0.933578847669995,False,False,False,False,0.23852044032685168,0.22785095901689573,False,False,False,False,4075263,3547077.4354116935,False,False,False,False,39613.9734260034,False,False,False,False
2023-01-26 00:00:00+00:00,3.66,3.87,3.66,3.87,1977,,4.22107358594248,"rgba(38, 166, 154, 0.75)",1.1784495714071865,6.393631234908618,-2.3196845255282237,61.47118979917763,19.695116674271034,True,False,True,False,False,0.0,10.35131075,0.0,0.0,0.0,0.0,0,0.9965647416122886,0.9224651031904896,False,False,False,False,0.1938059922562477,0.2108284756365717,False,False,False,False,4073286,3567713.0653955485,False,False,False,False,38138.01368380719,False,False,False,False
2023-01-27 00:00:00+00:00,3.7463,3.9,3.69,3.6957,6202,,4.220519283537301,"rgba(38, 166, 154, 0.75)",1.1480325713950872,6.391045204978369,-2.303719659943514,60.52546059365884,18.395496521658245,True,False,True,False,False,0.0,10.24104225,0.0,0.0,0.0,0.0,0,1.0045192771275835,0.9075005165645017,False,False,False,False,0.20232130996397205,0.20657489280027186,False,False,False,False,4079488,3587782.6706741545,False,False,False,False,36885.62099032456,False,False,False,False
2023-01-30 00:00:00+00:00,3.71,3.8,3.68,3.68,1789,,4.220253050346679,"rgba(38, 166, 154, 0.75)",1.1343804049710196,6.390263190634393,-2.362755191194321,59.564467922128784,17.050216861495997,True,False,True,False,False,0.0,10.13081725,0.0,0.0,0.0,0.0,0,1.0067114093959733,0.9270689898190416,False,False,False,False,0.18673108846180433,0.19665299063103808,False,False,False,False,4077699,3606995.0757457563,False,False,False,False,35509.28291227262,False,False,False,False
2023-01-31 00:00:00+00:00,3.8101,4.37,3.74,3.74,12429,,4.222214101868226,"rgba(38, 166, 154, 0.75)",1.0602004790834991,6.386152640313314,-2.4297787929130243,59.6127069602582,16.627672384603642,True,False,True,False,False,0.0,10.02388275,0.0,0.0,0.0,0.0,1,1.0002840878635522,0.9032332414961248,False,False,False,False,0.27749297298498693,0.2370729818080125,False,False,False,False,4090128,3625941.4649321977,False,False,False,False,34604.173778458004,False,False,False,False
2023-02-01 00:00:00+00:00,4.17,4.33,3.7767,3.7767,47986,,4.23555518877977,"rgba(38, 166, 154, 0.75)",1.013399803210055,6.372563953129275,-2.1734402810740754,61.81728481503591,16.627672384603642,True,False,True,False,False,0.0,9.91933275,0.0,0.0,0.0,0.0,1,0.9935056000440299,0.9490739976333966,False,False,False,False,0.2770070152679396,0.25703999853797604,False,False,False,False,4138114,3646026.662385837,False,False,False,False,35128.95127734201,False,False,False,False
2023-02-02 00:00:00+00:00,4.4072,4.4299,4.09,4.16,25894,,4.24796877925854,"rgba(38, 166, 154, 1.0)",0.9829925488890563,6.367297829744456,-1.994010872167536,64.46863456926809,16.627672384603642,True,False,True,False,True,0.0,9.82436875,0.0,0.0,0.0,0.0,1,1.0311626654096098,0.9071124729227695,False,False,False,False,0.33894249309804325,0.2979912458180096,False,False,False,False,4164008,3666339.656017765,False,False,False,False,34766.796325289375,False,False,False,False
2023-02-03 00:00:00+00:00,4.38,4.6199,4.17,4.43,18431,,4.257751118278845,"rgba(38, 166, 154, 1.0)",0.9595542038313014,6.364001369654782,-2.0676282400025716,65.93231072360447,16.627672384603642,True,False,True,False,True,0.0,9.721018749999999,0.0,0.0,0.0,0.0,1,1.0401319284575878,0.8701633610766778,False,False,False,False,0.34282822525507284,0.32040973553654123,False,False,False,False,4145577,3685133.277350402,False,False,False,False,34126.176861552536,False,False,False,False
2023-02-06 00:00:00+00:00,5.31,6.1,4.3,6.02,1911791,,4.800362123602849,"rgba(38, 166, 154, 1.0)",0.9608167934787898,6.132457374324343,-0.8559981256640046,70.32840112471835,13.991677135344396,True,False,True,False,True,1.6565105407109328,9.623068750000002,0.0,0.0,0.0,0.0,1,1.0423934833912758,0.8051919709696248,False,False,False,False,0.34282823227316417,0.33161898390485267,False,False,False,False,6057368,3778162.0900033275,False,False,False,False,107760.09149443283,False,False,False,False
2023-02-07 00:00:00+00:00,5.52,5.95,4.5,4.91,300310,,4.847780334563735,"rgba(38, 166, 154, 1.0)",0.9741093574956525,6.111613381586841,-0.6073377460491978,73.78565922766106,17.29830922592467,True,False,True,False,True,2.7219431588173286,9.53201875,0.0,0.0,0.0,0.0,1,1.0570322235644065,0.8183133358479396,False,False,False,False,0.342828232437424,0.33722360817113833,False,False,False,False,6357678,3879319.5766698634,False,False,False,False,115311.06829857272,False,False,False,False
2023-02-08 00:00:00+00:00,5.0,5.79,4.91,5.3272,183892,,4.8673845933212965,"rgba(38, 166, 154, 1.0)",0.9727905692963642,6.096173059762342,-1.1268335594116856,71.49443163956839,17.29830922592467,True,False,True,False,True,0.0,9.44151875,0.0,0.0,0.0,0.0,0,1.0728060144298555,0.8261574424895406,False,False,False,False,0.3428282332234744,0.34002592069730636,False,False,False,False,6173786,3969298.652094575,False,False,False,False,118000.51660058947,False,False,False,False
2023-02-09 00:00:00+00:00,4.85,5.29,4.73,5.0,46326,,4.867957357267337,"rgba(38, 166, 154, 0.75)",0.9709757975663926,6.0902315671236815,-1.2773043058664686,68.8199361321446,17.29830922592467,True,False,True,False,False,0.0,9.35326875,0.0,0.0,0.0,0.0,0,1.0628391797985075,0.8560954409731448,False,False,False,False,0.27233258694847273,0.3061792538228896,False,False,False,False,6127460,4053932.4304438075,False,False,False,False,115189.7512437036,False,False,False,False
2023-02-10 00:00:00+00:00,3.85,5.1202,3.77,4.8,47508,,4.858051933774725,"rgba(38, 166, 154, 0.75)",0.9620922618754363,6.0787188136532375,-2.3165333533695893,61.24310169229287,18.493044626933383,True,False,True,False,False,0.0,9.25379375,0.0,0.0,0.0,0.0,0,1.0177969188575346,0.8767328748044825,False,False,False,False,0.16048122627414335,0.23333024004851646,False,False,False,False,6079952,4133384.178269541,False,False,False,False,112535.56492042112,False,False,False,False
2023-02-13 00:00:00+00:00,3.91,3.98,3.83,3.8501,8868,,4.8553028581249995,"rgba(38, 166, 154, 0.5)",0.9471389865379065,6.076099816831391,-2.2869925614076694,56.51090745900362,14.320271661775635,False,False,True,False,False,0.0,9.150343900000001,0.0,0.0,0.0,0.0,0,1.0254886429320718,0.9179936203463851,False,False,False,False,0.05718671061442948,0.14525847533147296,False,False,False,False,6088820,4210067.935984461,False,False,False,False,108470.17021765951,False,False,False,False
2023-02-14 00:00:00+00:00,3.95,4.1405,3.83,3.92,38292,,4.844402331635692,#000000,0.9221024685590835,6.065293688059877,-2.293989833218129,53.582958923402515,11.807879045822276,False,False,False,False,False,0.0,9.0530939,0.0,0.0,0.0,0.0,0,1.0245304665590211,0.913070451262004,False,False,False,False,0.07240522219446362,0.10883184876296828,False,False,False,False,6127112,4285246.134573305,False,False,False,False,105718.08511108463,False,False,False,False
2023-02-15 00:00:00+00:00,3.95,3.97,3.8,3.97,3074,,4.843476346129343,#000000,0.902590856697999,6.064399140687708,-2.342588698962604,51.630993233001774,10.078687659309757,False,False,False,False,False,0.0,8.9603589,0.0,0.0,0.0,0.0,0,1.0212456703287363,0.9271595231517881,False,False,False,False,0.05339832368484644,0.08111508622390737,False,False,False,False,6127112,4357476.168511607,False,False,False,False,101692.82687143426,False,False,False,False
2023-02-16 00:00:00+00:00,4.05,4.05,3.7861,3.7861,2168,,4.842861145536257,#000000,0.8893285590523781,6.063788112557006,-2.264391593026984,50.981728586396585,9.40357459911327,False,False,False,False,False,0.0,8.8650639,0.0,0.0,0.0,0.0,0,1.0235728234130506,0.922489073740627,False,False,False,False,0.05965951060929591,0.07038729841660164,False,False,False,False,6129280,4426958.67170723,False,False,False,False,97789.89248431918,False,False,False,False
2023-02-17 00:00:00+00:00,3.91,3.95,3.79,3.88,10076,,4.839771559773462,#000000,0.8773133397117983,6.0608267928097375,-2.451606165610447,49.64648772640727,7.927713356553646,False,False,False,False,False,0.0,8.766128900000002,0.0,0.0,0.0,0.0,0,1.022210417140978,0.9226851500510148,False,False,False,False,0.05055804397819761,0.06047267119739963,False,False,False,False,6119204,4493321.2336010635,False,False,False,False,94350.13199473804,False,False,False,False
2023-02-21 00:00:00+00:00,3.8109,3.9,3.79,3.9,1998,,4.839131070547749,"rgba(239, 83, 80, 1.0)",0.8708259905453225,6.0602248432956705,-2.582978537293213,48.11900800643436,6.199836524511696,False,True,False,True,False,0.0,8.6651834,0.0,0.0,0.0,0.0,0,1.020972024636219,0.9230054836272147,False,False,False,False,0.045826032348714525,0.053149351773057074,False,False,False,False,6117206,4557002.98914612,False,False,False,False,90728.47975965028,False,False,False,False
2023-02-22 00:00:00+00:00,3.8,3.82,3.6801,3.82,2414,,4.838309117390205,"rgba(239, 83, 80, 1.0)",0.8606581285305093,6.059472190045785,-2.6252842041980315,47.027080493069064,4.835270850598967,False,True,False,True,False,0.0,8.5671834,0.0,0.0,0.0,0.0,0,1.0205802541147828,0.9229117530200435,False,False,False,False,0.027870723280095273,0.04051003752657617,False,False,False,False,6114792,4618092.754277645,False,False,False,False,87265.16682789929,False,False,False,False
2023-02-23 00:00:00+00:00,3.695,3.78,3.695,3.78,1803,,4.837672243326843,"rgba(239, 83, 80, 1.0)",0.8483396161300785,6.058897906250548,-2.786499488299371,45.561290974581084,3.0854042261178876,False,True,False,True,False,0.0,8.4730984,0.0,0.0,0.0,0.0,0,1.0212864336103369,0.9234782830018198,False,False,False,False,0.025499077148240814,0.033004557337408494,False,False,False,False,6112989,4676716.136462836,False,False,False,False,83913.70930523657,False,False,False,False
2023-02-24 00:00:00+00:00,3.6,3.73,3.3625,3.7,8691,,4.834192730370952,"rgba(239, 83, 80, 1.0)",0.845341888598958,6.055913259950623,-2.9052307629295093,43.91870871384992,1.1734249065208644,False,True,False,True,False,0.0,8.3950984,0.0,0.0,0.0,0.0,0,1.006451668661657,0.951433151983683,False,False,False,False,-0.010622726281000033,0.01119091552820423,False,False,False,False,6104298,4732699.738954489,False,False,False,False,80963.79913640376,False,False,False,False
2023-02-27 00:00:00+00:00,3.56,3.85,3.4,3.59,43155,,4.817707633563105,"rgba(239, 83, 80, 1.0)",0.8454053463558652,6.041493303050442,-2.9352704164303702,42.536139879525024,-0.48253104339688235,False,True,False,True,False,0.0,8.315728400000001,0.0,0.0,0.0,0.0,0,1.009501485011742,0.9357732421605194,False,False,False,False,0.004248943044265775,0.007719929286235002,False,False,False,False,6061143,4784795.553113136,False,False,False,False,79481.1011310546,False,False,False,False
2023-02-28 00:00:00+00:00,3.63,3.6567,3.4,3.4,726,,4.817425251098935,"rgba(239, 83, 80, 1.0)",0.8456649873219391,6.0412478006207175,-2.8513038103382793,42.40259249273864,-0.9887274525871632,False,True,False,True,False,0.0,8.2468784,0.0,0.0,0.0,0.0,0,1.0077182578052817,0.9430284277702573,False,False,False,False,-0.014003499429642567,-0.0031417850717037825,False,False,False,False,6061869,4834876.864755759,False,False,False,False,76392.66579258189,False,False,False,False
2023-03-01 00:00:00+00:00,3.4712,3.6294,3.402,3.6294,1462,,4.816830130420061,"rgba(239, 83, 80, 1.0)",0.8428671850363165,6.040739373707629,-3.048569714571241,41.06037428641964,-2.661452631012125,False,True,False,True,False,0.0,8.17724955,0.0,0.0,0.0,0.0,0,1.015988209234376,0.9436275566051558,False,False,False,False,-0.016392893528391895,-0.009767339300047839,False,False,False,False,6060407,4882936.870059455,False,False,False,False,73454.20831051985,False,False,False,False
2023-03-02 00:00:00+00:00,3.5,3.5148,3.41,3.41,3568,,4.815352390948644,"rgba(239, 83, 80, 1.0)",0.842766287849347,6.0394849731185305,-3.0132730861826893,40.524806632706174,-3.5563020742832805,False,True,False,True,False,0.0,8.1048097,0.0,0.0,0.0,0.0,0,1.022565806064506,0.9427637242710679,False,False,False,False,-0.026462836462604066,-0.01811508788132595,False,False,False,False,6063975,4929252.090841437,False,False,False,False,70713.57269049948,False,False,False,False
2023-03-03 00:00:00+00:00,3.44,3.68,3.4331,3.68,18862,,4.807835607415339,"rgba(239, 83, 80, 1.0)",0.8422433307468933,6.0330064736299995,-3.078690419941404,39.66098966357741,-4.762049185761114,False,True,False,True,False,0.0,8.026024699999999,0.0,0.0,0.0,0.0,0,1.0320586084435743,0.9311797445295429,False,False,False,False,-0.008677480206992999,-0.013396284044159476,False,False,False,False,6045113,4973011.342180988,False,False,False,False,68680.17768302892,False,False,False,False
2023-03-06 00:00:00+00:00,3.4,3.6001,3.4,3.51,11136,,4.8032713583563496,"rgba(239, 83, 80, 1.0)",0.8403419336704065,6.029111690012606,-3.1286213202871997,38.73761913784503,-6.00083924294325,False,True,False,True,False,0.0,7.9410397,0.0,0.0,0.0,0.0,0,1.0265516820425176,0.9253718979438798,False,False,False,False,-0.019349204370052484,-0.01637274420710598,False,False,False,False,6033977,5014617.838566047,False,False,False,False,66423.5432640866,False,False,False,False
2023-03-07 00:00:00+00:00,3.3,3.6,3.3,3.4,10937,,4.798604212063885,"rgba(239, 83, 80, 1.0)",0.8388572491215873,6.025186247172342,-3.248688915814975,37.25799606746998,-7.722355665938586,False,True,False,True,False,0.0,7.858554849999999,0.0,0.0,0.0,0.0,0,1.0282463745408332,0.9263766299333227,False,False,False,False,-0.028806257051062573,-0.022589500629084276,False,False,False,False,6023040,5054163.805681104,False,False,False,False,64247.60039098517,False,False,False,False
2023-03-08 00:00:00+00:00,3.3,3.3,3.3,3.3,291,,4.798471875698685,"rgba(239, 83, 80, 1.0)",0.8388085637176095,6.025077431387942,-3.2487477468164685,36.27158068721995,-8.933985933448298,False,True,False,True,False,0.0,7.773654849999999,0.0,0.0,0.0,0.0,0,1.038288010433373,0.9298743413052291,False,False,False,False,-0.05718672956037355,-0.039888115094728914,False,False,False,False,6023040,5092158.950556355,False,False,False,False,61739.4984148681,False,False,False,False
2023-03-09 00:00:00+00:00,2.97,2.97,2.76,2.9072,3141,,4.796674293703626,"rgba(239, 83, 80, 1.0)",0.8389797530485813,6.023706307512141,-3.63978546134869,33.109064190636175,-12.122537320895198,False,True,False,True,False,0.0,7.69053985,0.0,0.0,0.0,0.0,0,1.0321640713489024,0.9240599358447825,False,False,False,False,-0.14293678183014083,-0.09141244846243488,False,False,False,False,6019899,5128540.913279635,False,False,False,False,59441.51808487328,False,False,False,False
2023-03-10 00:00:00+00:00,2.78,2.9099,2.6101,2.73,4905,,4.79368150531714,"rgba(239, 83, 80, 1.0)",0.8393884717852629,6.02146559702703,-3.861698970123907,29.912819890897417,-15.202963227879245,False,True,False,True,False,0.0,7.611439849999999,0.0,0.0,0.0,0.0,0,1.0228681058442144,0.928629241198563,False,False,False,False,-0.16335126703815725,-0.12738185775029606,False,False,False,False,6014994,5163303.779425533,False,False,False,False,57302.831101152755,False,False,False,False
2023-03-13 00:00:00+00:00,2.6891,2.82,2.6276,2.63,2587,,4.792065247778746,"rgba(239, 83, 80, 1.0)",0.8398126206987592,6.020263288380806,-3.966555403286437,27.30952912019763,-17.644556352752815,False,True,False,True,False,0.0,7.5303854999999995,0.0,0.0,0.0,0.0,0,1.0293781880528987,0.931969676886964,False,False,False,False,-0.18022299076294634,-0.15380242425662122,False,False,False,False,6012407,5196601.944938257,False,False,False,False,55157.11223444088,False,False,False,False
2023-03-14 00:00:00+00:00,2.6891,2.6891,2.6891,2.6891,262,,4.7918999203289605,"rgba(239, 83, 80, 1.0)",0.8399068576053451,6.020140635167909,-3.9659643268838463,25.574001939731104,-19.26333052877475,False,True,False,True,False,0.0,7.447831,0.0,0.0,0.0,0.0,0,1.0322559795933317,0.9426838043614084,False,False,False,False,-0.1887372224718549,-0.17126982336423807,False,False,False,False,6012407,5228594.300038719,False,False,False,False,53004.36273505104,False,False,False,False
2023-03-15 00:00:00+00:00,2.91,3.3,2.52,2.73,62201,,4.757362007824978,"rgba(239, 83, 80, 0.75)",0.8370914066851834,5.993467596947926,-3.683549457469903,28.325492678339838,-19.26333052877475,False,True,False,True,True,0.0,7.3656310000000005,0.0,0.0,0.0,0.0,0,1.023940642340676,0.9221876576425089,False,False,False,False,-0.14464750744785396,-0.15795866540604603,False,False,False,False,6074608,5261771.307880337,False,False,False,False,53365.01517681375,False,False,False,False
2023-03-16 00:00:00+00:00,2.68,2.82,2.68,2.82,722,,4.756930525250404,"rgba(239, 83, 80, 0.75)",0.8360068130354409,5.993140857386766,-3.963054852815311,28.501678118245003,-19.26333052877475,False,True,False,True,True,0.0,7.281531,0.0,0.0,0.0,0.0,0,1.0307572307951767,0.938818618770554,False,False,False,False,-0.23692169638078003,-0.19744018089341303,False,False,False,False,6073886,5293618.942865422,False,False,False,False,51300.58320909557,False,False,False,False
2023-03-17 00:00:00+00:00,2.53,2.68,2.53,2.68,750,,4.756450743154097,"rgba(239, 83, 80, 0.75)",0.8366636620133365,5.9927845055043205,-4.138801124900682,27.701337757793812,-19.26333052877475,False,True,False,True,True,0.0,7.19068115,0.0,0.0,0.0,0.0,0,1.0118895189317725,0.9578485713434945,False,False,False,False,-0.270403230315014,-0.23392170560421352,False,False,False,False,6073136,5324188.239223641,False,False,False,False,49318.20739697417,False,False,False,False
2023-03-20 00:00:00+00:00,2.63,2.93,2.475,2.53,37098,,4.39000713874176,"rgba(239, 83, 80, 0.75)",0.8366636620133365,5.75967200367776,-3.7406572626168066,28.77882039279352,-19.26333052877475,False,True,False,True,True,0.0,7.10483115,0.0,0.0,0.0,0.0,0,1.0086221820623145,0.9467637260324873,False,False,False,False,-0.31674125081456284,-0.2753314782093882,False,False,False,False,6110234,5355013.563175655,False,False,False,False,48838.983577484985,False,False,False,False
2023-03-21 00:00:00+00:00,2.661,3.3,2.5501,2.8,18275,,4.391693598908768,"rgba(239, 83, 80, 0.75)",0.8356397093688805,5.754863471918753,-3.7023892441102437,29.999377616095416,-19.26333052877475,False,True,False,True,True,0.0,7.017816150000001,0.0,0.0,0.0,0.0,0,1.0059586385541153,0.9528691454378778,False,False,False,False,-0.258666764499818,-0.26699912135460313,False,False,False,False,6128509,5385346.717560924,False,False,False,False,47640.395986211064,False,False,False,False
2023-03-22 00:00:00+00:00,2.85,2.85,2.85,2.85,687,,4.39165965298335,"rgba(239, 83, 80, 0.75)",0.833184540598375,5.754659587344165,-3.4862139727869907,33.68731062888406,-21.372707802899008,False,True,False,True,True,0.0,6.933066149999999,0.0,0.0,0.0,0.0,0,0.995734058286955,0.9750027784189513,False,False,False,False,-0.27804303395063057,-0.27252107765261685,False,False,False,False,6129196,5414517.277656574,False,False,False,False,45799.086339692985,False,False,False,False
2023-03-23 00:00:00+00:00,2.68,2.68,2.68,2.68,399,,4.391380161716053,"rgba(239, 83, 80, 0.75)",0.8333636240341286,5.7544702888876325,-3.6892302474216514,34.611242856875634,-20.443276678419217,False,True,False,True,True,0.0,6.84470615,0.0,0.0,0.0,0.0,0,0.9846407840313333,0.9947397539364029,False,False,False,False,-0.32272324424448795,-0.29762216094855243,False,False,False,False,6128797,5442528.247160238,False,False,False,False,44018.69079695993,False,False,False,False
2023-03-24 00:00:00+00:00,2.7376,3.2899,2.69,3.2899,2352,,4.391687815784822,"rgba(239, 83, 80, 0.75)",0.8327645835042291,5.75389006755267,-3.622020109044842,36.07678516157175,-18.955640900572767,False,True,False,True,True,0.0,6.7664291500000004,0.0,0.0,0.0,0.0,0,0.9698573270117329,0.970735650767987,False,False,False,False,-0.24206334868561072,-0.2698427548170816,False,False,False,False,6131149,5469532.98256572,False,False,False,False,42384.70292256935,False,False,False,False
2023-03-27 00:00:00+00:00,2.6411,2.99,2.6,2.96,6553,,4.388519489505463,"rgba(239, 83, 80, 0.75)",0.8325881281753973,5.751175824614487,-3.735431384819485,36.15879527195828,-18.7253326635267,False,True,False,True,True,0.0,6.67913465,0.0,0.0,0.0,0.0,0,0.966531701689701,1.0117713587731003,False,False,False,False,-0.2923724399253518,-0.2811075973712167,False,False,False,False,6124596,5495221.728347456,False,False,False,False,40979.53810207643,False,False,False,False
2023-03-28 00:00:00+00:00,2.6101,2.6101,2.6101,2.6101,1141,,4.387472248196369,"rgba(239, 83, 80, 0.75)",0.8322713428915065,5.750566261864609,-3.7733682514573794,35.925961316139706,-18.7253326635267,False,True,False,True,True,0.0,6.588340149999999,0.0,0.0,0.0,0.0,0,0.9499327370135235,1.0325269641972106,False,False,False,False,-0.34145279302105075,-0.3112801951961337,False,False,False,False,6123455,5519858.327235791,False,False,False,False,39417.2424902303,False,False,False,False
2023-03-29 00:00:00+00:00,2.63,2.63,2.63,2.63,789,,4.38680754222298,"rgba(239, 83, 80, 0.75)",0.8305902128679009,5.750161045803513,-3.756558887240044,36.12551837558324,-18.274148759493862,False,True,False,True,True,0.0,6.49679075,0.0,0.0,0.0,0.0,0,0.930488397551385,1.045609625589695,False,False,False,False,-0.33609761971695756,-0.32368890745654566,False,False,False,False,6124244,5543559.726167721,False,False,False,False,37902.40945139774,False,False,False,False
2023-03-30 00:00:00+00:00,2.63,2.63,2.63,2.63,89,,4.386732944227054,"rgba(239, 83, 80, 0.75)",0.8286484568576024,5.750115435155617,-3.7653065172989133,36.25855641521227,-17.845811608686596,False,True,False,True,True,0.0,6.42045075,0.0,0.0,0.0,0.0,0,0.9329617729319264,1.0339632601887243,False,False,False,False,-0.33609761971695756,-0.32989326358675164,False,False,False,False,6124244,5566331.658474869,False,False,False,False,36419.53064938215,False,False,False,False
2023-03-31 00:00:00+00:00,2.58,2.58,2.5356,2.5356,464,,4.386249428190608,"rgba(239, 83, 80, 0.75)",0.8316599902789986,5.749851367510042,-3.8114751275297567,35.765983528971184,-17.845811608686596,False,True,False,True,True,0.0,6.34635075,0.0,0.0,0.0,0.0,1,0.9581420569407009,1.0125873904986524,False,False,False,False,-0.34282825441539394,-0.33636075900107276,False,False,False,False,6123780,5588192.377750364,False,False,False,False,35009.509839602455,False,False,False,False
2023-04-03 00:00:00+00:00,2.765,2.765,2.765,2.765,512,,4.386043426867859,"rgba(239, 83, 80, 0.75)",0.83004839692193,5.749650852444448,-3.595755215614456,38.9746368188186,-14.819723240392975,False,True,False,True,True,0.0,6.27242575,0.0,0.0,0.0,0.0,1,0.9526533476518056,1.001020722799332,False,False,False,False,-0.28879306011469696,-0.31257690955788486,False,False,False,False,6124292,5609215.892348389,False,False,False,False,33656.6663164808,False,False,False,False
2023-04-04 00:00:00+00:00,2.62,2.71,2.62,2.71,458,,4.3856929666060385,"rgba(239, 83, 80, 0.75)",0.8310670099977135,5.749425336681613,-3.765551151753963,39.25241051622376,-14.43749245007529,False,True,False,True,True,0.0,6.192720749999999,0.0,0.0,0.0,0.0,1,0.9345197515175646,1.0315838846378298,False,False,False,False,-0.3146493353713393,-0.3136131224646121,False,False,False,False,6123834,5629396.994609237,False,False,False,False,32354.75783348155,False,False,False,False
2023-04-05 00:00:00+00:00,2.62,2.6999,2.23,2.48,2026,,3.9645119064392746,"rgba(239, 83, 80, 0.75)",0.8294848688910198,5.5266448187552175,-3.504156528667313,39.437592981160535,-14.09270490474124,False,True,False,True,True,0.0,6.1203206,0.0,0.0,0.0,0.0,1,0.9141053967142827,1.0273062367379082,False,False,False,False,-0.34282825441539394,-0.328220688440003,False,False,False,False,6123834,5648786.681095149,False,False,False,False,31165.39478118816,False,False,False,False
2023-04-06 00:00:00+00:00,2.73,2.74,2.61,2.68,4066,,3.986063682160598,"rgba(239, 83, 80, 0.75)",0.8243329955418333,5.530815201672038,-3.3976745038951943,41.59681911668444,-11.904513588960057,False,True,False,True,True,0.0,6.0423356,0.0,0.0,0.0,0.0,1,0.9250023380038399,1.0192101397851236,False,False,False,False,-0.2897968269962915,-0.3090087577181473,False,False,False,False,6127900,5667575.438699261,False,False,False,False,30102.673417219998,False,False,False,False
2023-04-10 00:00:00+00:00,2.73,2.73,2.73,2.73,274,,3.986778243788316,"rgba(239, 83, 80, 0.5)",0.8190653703070772,5.530912795960511,-3.419644997212391,43.03630320703372,-10.467612555804436,False,False,False,True,True,0.0,5.9662856,0.0,0.0,0.0,0.0,1,0.9387463198259116,1.0105298894138992,False,False,False,False,-0.27617976993506343,-0.29259426382660536,False,False,False,False,6127900,5685627.382279682,False,False,False,False,28932.92151850549,False,False,False,False
2023-04-11 00:00:00+00:00,2.73,2.73,2.73,2.73,483,,3.987877794754341,"rgba(239, 83, 80, 0.5)",0.8120811727324675,5.531044831643378,-3.449217794593738,43.99595926726657,-9.492390630229963,False,False,False,True,True,0.0,5.8854056,0.0,0.0,0.0,0.0,1,0.9379170685755222,1.0140569384980738,False,False,False,False,-0.27617976993506343,-0.2843870168808344,False,False,False,False,6127900,5702971.406504008,False,False,False,False,27817.238321701352,False,False,False,False
2023-04-12 00:00:00+00:00,2.36,2.48,2.36,2.475,1604,,3.9764802888663686,"rgba(239, 83, 80, 1.0)",0.8079754450199512,5.527670770578829,-3.920503760483229,39.85500204482549,-6.419276526114473,False,True,False,True,False,0.0,5.801220599999999,0.0,0.0,0.0,0.0,1,0.9326617680596732,1.0082990783128174,False,False,False,False,-0.34282825441539394,-0.31360763564811417,False,False,False,False,6126296,5719572.370954832,False,False,False,False,26789.268191438558,False,False,False,False
2023-04-13 00:00:00+00:00,2.64,3.2801,2.3601,2.5809,19948,,3.993012702146296,"rgba(239, 83, 80, 0.5)",0.7967371951487934,5.525979038204874,-3.622247154742045,41.801267404220354,-6.419276526114473,False,False,False,True,False,0.0,5.7197856,0.0,0.0,0.0,0.0,1,0.9319771904814123,0.9972036407500819,False,False,False,False,-0.24464157061020772,-0.27912460312916093,False,False,False,False,6146244,5736304.591701701,False,False,False,False,26520.983164323323,False,False,False,False
2023-04-14 00:00:00+00:00,2.58,3.0074,2.3761,2.8,14690,,3.9811865946148415,"rgba(239, 83, 80, 0.5)",0.7834267360424835,5.518605025337867,-3.750963415139961,42.392258267967776,-6.419276526114473,False,False,False,True,True,0.0,5.6378856,0.0,0.0,0.0,0.0,1,0.9311367110722865,1.0099202882725486,False,False,False,False,-0.2755555704616239,-0.2773400867953924,False,False,False,False,6131554,5751804.568497713,False,False,False,False,26057.023040232212,False,False,False,False
2023-04-17 00:00:00+00:00,2.76,2.9799,2.62,2.62,3071,,3.9816376325257963,"rgba(239, 83, 80, 0.5)",0.7708324716042471,5.5178348341648285,-3.5777356763723986,45.28315084926322,-8.955284867937706,False,False,False,True,True,0.0,5.5560906,0.0,0.0,0.0,0.0,1,0.9254081410535482,1.0146441010013059,False,False,False,False,-0.2494631999610708,-0.2634016433782316,False,False,False,False,6134625,5766817.134438979,False,False,False,False,25155.610371987816,False,False,False,False
2023-04-18 00:00:00+00:00,2.9185,3.5699,2.62,2.8,37419,,4.015024359802576,#000000,0.7526220388306246,5.516358087488685,-3.4517433099953716,49.06889470571854,-5.502281321558016,True,False,False,False,True,0.0,5.4806381,0.0,0.0,0.0,0.0,1,0.9231457936003392,0.9930652680652682,False,False,False,False,-0.17987877649755732,-0.22164020993789446,False,False,False,False,6172044,5782708.384068823,False,False,False,False,25636.52761230202,False,False,False,False
2023-04-19 00:00:00+00:00,2.76,2.915,2.73,2.81,1274,,4.014416530757538,#000000,0.7397380239952365,5.51584515282065,-3.725433955573435,49.49002297287333,-5.220339624572077,True,False,False,False,True,0.0,5.399938099999999,0.0,0.0,0.0,0.0,1,0.9146109067740159,1.1158794057169334,False,False,False,False,-0.2440680289938416,-0.23285411946586804,False,False,False,False,6170770,5797926.48665436,False,False,False,False,24681.1343726039,False,False,False,False
2023-04-20 00:00:00+00:00,2.51,2.79,2.42,2.79,5340,,4.007456411421289,#000000,0.7318121585108961,5.512478550310957,-4.102799489448838,47.053854442933904,-5.220339624572077,False,False,False,False,True,0.0,5.320988099999999,0.0,0.0,0.0,0.0,1,0.877401217214001,1.1220674101764034,False,False,False,False,-0.2967413151778357,-0.26479771732185187,False,False,False,False,6165430,5812338.389138502,False,False,False,False,23922.658514854727,False,False,False,False
2023-04-21 00:00:00+00:00,2.5001,2.58,2.4099,2.51,3998,,4.00147437022324,"rgba(239, 83, 80, 0.5)",0.7241669840608839,5.50973784972968,-4.155999812160238,45.33125310805477,-5.220339624572077,False,False,False,True,False,0.0,5.24407375,0.0,0.0,0.0,0.0,1,0.8446292634381503,1.1308983754022721,False,False,False,False,-0.32154225806422376,-0.2931699876930378,False,False,False,False,6161432,5826028.334662482,False,False,False,False,23141.299357409443,False,False,False,False
2023-04-24 00:00:00+00:00,2.2301,2.5522,2.23,2.24,4635,,3.9924109380597828,"rgba(239, 83, 80, 0.5)",0.7277224234136059,5.505960594433864,-4.501524879592732,41.75836090865509,-2.991476083441782,False,False,False,True,False,0.0,5.163739250000001,0.0,0.0,0.0,0.0,1,0.8422109629318492,1.1019505407959675,False,False,False,False,-0.34282825441539394,-0.3179991210542159,False,False,False,False,6156797,5838999.654871796,True,False,False,False,22415.562127707115,False,False,False,False
2023-04-25 00:00:00+00:00,2.31,2.47,2.25,2.25,3872,,3.985333612029124,"rgba(239, 83, 80, 0.5)",0.7298557629615324,5.502932189436877,-4.374744095300325,40.54254664505456,-4.081175811696326,False,False,False,True,False,0.0,5.0883192500000005,0.0,0.0,0.0,0.0,1,0.8977736877499735,1.1023537323470074,False,False,False,False,-0.34282825441539394,-0.33041368773480495,False,False,False,False,6160669,5851614.138994471,False,False,False,False,21688.36361289507,False,False,False,False
2023-04-26 00:00:00+00:00,2.51,2.7999,2.46,2.57,2312,,3.983116193897584,"rgba(239, 83, 80, 0.5)",0.7346873423058118,5.501680200170105,-4.072045382979833,42.380835721036775,-4.081175811696326,False,False,False,True,False,0.0,5.01733425,0.0,0.0,0.0,0.0,1,0.9001755792733507,0.987958303378864,False,False,False,False,-0.22405089034540554,-0.2772322890401052,False,False,False,False,6162981,5863824.604131944,False,False,False,False,20928.506216310954,False,False,False,False
2023-04-27 00:00:00+00:00,2.4,2.4,2.21,2.21,2607,,3.5184342673428333,"rgba(239, 83, 80, 0.5)",0.7415611699531028,5.2832733363921545,-3.888112610554428,42.49972549983872,-4.081175811696326,False,False,False,True,False,0.0,4.94908425,0.0,0.0,0.0,0.0,1,0.8835008543224565,1.0191063856280136,True,False,False,False,-0.34282825441539394,-0.31003027172774955,False,False,False,False,6160374,5875453.992205201,False,False,False,False,20210.015776455624,False,False,False,False
2023-04-28 00:00:00+00:00,2.5,2.9789,2.32,2.47,21367,,3.550334044788104,"rgba(239, 83, 80, 0.5)",0.7474079287948837,5.284732280269834,-3.725853276349263,43.862342781853975,-4.081175811696326,True,False,False,True,True,0.0,4.88509925,0.0,0.0,0.0,0.0,1,0.8966797815962743,0.9683368128044536,False,False,False,False,-0.1913661829442772,-0.2506982273360134,False,False,False,False,6181741,5887465.24741284,False,False,False,False,20255.387706790698,False,False,False,False
2023-05-01 00:00:00+00:00,31.0,44.0,2.8984,4.0,11887974,,24.99810850016611,"rgba(38, 166, 154, 1.0)",3.2845258307869245,19.913656297259845,3.375325472804709,61.76848717019797,5.187866107863712,True,False,True,False,True,20.0,4.96659925,0.0,0.0,0.0,0.0,0,0.9759669211422387,0.25574883990822506,False,True,False,False,0.3428282509125059,0.04606501178824626,False,False,False,False,18069715,6365200.5318280235,False,False,False,False,485656.117600642,False,False,False,False
2023-05-02 00:00:00+00:00,3.4,17.09,3.21,16.84,4414218,,20.503559096408992,"rgba(38, 166, 154, 0.75)",3.2846687620717496,17.33472055739766,-4.242351837208866,57.30526874528581,5.187866107863712,True,False,True,False,False,0.0,4.91062425,0.0,0.0,0.0,0.0,0,0.8225738822542823,0.6558070693302783,False,False,False,False,-0.08533084441788888,-0.019632916314821308,False,False,False,False,13655497,6651094.510972023,False,False,False,False,639717.3678908129,False,False,False,False
2023-05-03 00:00:00+00:00,5.77,10.64,4.55,4.8,20760430,,13.042232088401056,"rgba(38, 166, 154, 0.75)",3.2935135345001036,12.215766029426707,-1.9571093186368396,55.112047742771004,13.491723385753133,True,False,True,False,False,1.909857447415991,4.86970925,0.0,0.0,0.0,0.0,0,0.8386837518950049,0.740697273725131,False,False,False,False,-0.1663955771195504,-0.09301424671718585,False,False,False,False,34415927,7739911.471326061,False,False,False,False,1428764.9220911732,False,False,False,False
2023-05-04 00:00:00+00:00,6.88,7.79,5.85,7.18,5739278,,12.221814327205795,"rgba(38, 166, 154, 0.75)",3.31352996391389,11.574662046280675,-1.416815932678458,54.025786557074866,12.762941492587245,True,False,True,False,False,3.1561124928066526,4.83362425,0.0,0.0,0.0,0.0,0,0.8562996839641467,0.7749706075870176,False,False,False,False,-0.19137016698735845,-0.14219220685227216,False,False,False,False,40155205,9011099.452842686,False,False,False,False,1597804.6506366176,False,False,False,False
2023-05-05 00:00:00+00:00,5.8,6.68,5.21,6.06,1409106,,12.022901153294699,#000000,3.3220479388837347,11.413490212357086,-1.6897679731386765,52.88837903906953,11.725868694908577,True,False,False,False,False,1.8550586200217083,4.79435925,0.0,0.0,0.0,0.0,0,0.8498292248292248,0.7881465060036488,False,False,False,False,-0.21985535160048406,-0.1810237792263781,False,False,False,False,38746099,10177177.8664567,False,False,False,False,1590404.7035528286,False,False,False,False
2023-05-08 00:00:00+00:00,6.14,7.0,5.8211,5.92,1399395,,11.85019498723926,#000000,3.3330911032907977,11.273838761876485,-1.5402635579950963,52.26528163083795,10.978887136038729,True,False,False,False,False,2.244130150828603,4.759824249999999,0.0,0.0,0.0,0.0,0,0.8608431423058928,0.785888748113996,False,False,False,False,-0.2046587184598285,-0.1928412488431033,False,False,False,False,40145494,11352405.950125065,False,False,False,False,1582914.1269429137,False,False,False,False
2023-05-09 00:00:00+00:00,5.03,5.8,4.63,5.62,506164,,11.777639826197865,#000000,3.336108698100074,11.213809997597867,-1.8535996747107097,51.362764980639,9.823504949157545,True,False,False,False,False,0.8991981373446869,4.72785425,0.0,0.0,0.0,0.0,0,0.8465048326635022,0.7984391978662453,False,False,False,False,-0.24388994142148163,-0.21836559513229248,False,False,False,False,39639330,12461697.089335848,False,False,False,False,1540688.631768682,False,False,False,False
2023-05-10 00:00:00+00:00,5.03,5.07,4.67,4.92,394157,,11.720297249932164,#000000,3.3390909169240834,11.166143129605807,-1.8376687793988917,50.7610872138397,8.861345374436674,True,False,False,False,False,0.8991981373446869,4.70698425,0.0,0.0,0.0,0.0,0,0.8471485321632446,0.8043116212135999,False,False,False,False,-0.2553440034264147,-0.2368547992793536,False,False,False,False,39639330,13527486.615244247,False,False,False,False,1495726.6069934396,False,False,False,False
2023-05-11 00:00:00+00:00,4.4,4.67,4.03,4.55,267864,,11.67872747978452,#000000,3.3397124660379434,11.131321920454376,-2.015539358225068,50.04128772930374,7.726187420316592,True,False,False,False,False,0.12617667690140166,4.6748192500000005,0.0,0.0,0.0,0.0,0,0.8380491904931615,0.806004709333586,False,False,False,False,-0.272733895823475,-0.2547943475514143,False,False,False,False,39371466,14540976.002881728,False,False,False,False,1447575.1322093832,False,False,False,False
2023-05-12 00:00:00+00:00,4.0,4.28,3.43,4.26,338878,,11.623517594097033,#000000,3.3397719715206886,11.084808584741596,-2.1213450035379786,49.34604613595433,6.586969808895859,True,False,False,False,False,0.0,4.63787925,0.0,0.0,0.0,0.0,0,0.8320472899161808,0.8093048423158989,False,False,False,False,-0.28943851275071353,-0.2721164301510639,False,False,False,False,39032588,15501431.37531774,False,False,False,False,1404096.8132992112,False,False,False,False
2023-05-15 00:00:00+00:00,4.34,5.65,3.69,3.71,2363492,,11.29021369927786,#000000,3.340228591647268,10.804520070362056,-1.9353525942887675,49.095544735149275,5.847890076915533,True,False,False,False,False,0.059791222805266386,4.60707925,0.0,0.0,0.0,0.0,0,0.837311274797541,0.8004938687826163,False,False,False,False,-0.26201401030535126,-0.26706522022820756,False,False,False,False,41396080,16516907.791971946,False,False,False,False,1441720.153954144,False,False,False,False
2023-05-16 00:00:00+00:00,6.33,10.49,5.89,7.04,49779503,,9.43574993871421,#000000,3.3525648276656983,9.267642748404542,-0.8762374180397117,50.18378499045967,5.847890076915533,True,False,False,False,False,2.5075186620796046,4.5877294,0.0,0.0,0.0,0.0,0,0.8529447411279023,0.7550174222626216,False,False,False,False,-0.14736172779521584,-0.2072134740117117,False,False,False,False,91175583,19444698.976600498,False,False,False,False,3337319.48125006,False,False,False,False
2023-05-17 00:00:00+00:00,6.61,7.9,6.0,7.2,9023376,,9.220404788233184,#000000,3.3673502092608723,9.075225111376167,-0.7320964432497442,51.087306607848376,5.847890076915533,True,False,False,False,False,2.845885767789806,4.5700794,0.0,0.0,0.0,0.0,0,0.8570980860351453,0.7828302801925157,False,False,False,False,-0.1871652056867177,-0.19718933984921472,False,False,False,False,100198959,22611532.70300832,False,False,False,False,3560302.089828489,False,False,False,False
2023-05-18 00:00:00+00:00,6.35,6.58,5.7,6.4,962130,,9.194043705034101,#000000,3.3790662682500705,9.051255133125036,-0.7994087474715152,51.49004005859559,5.847890076915533,True,False,False,False,False,2.503115162828788,4.5529894,0.0,0.0,0.0,0.0,0,0.8552487005419804,0.7938143948502617,False,False,False,False,-0.21347831725914757,-0.20533382855418114,False,False,False,False,99236829,25616446.283282507,False,False,False,False,3458412.9882665873,False,False,False,False
2023-05-19 00:00:00+00:00,5.67,6.3955,5.4,6.0,464116,,9.17985942650148,#000000,3.384846865765853,9.038276803606793,-0.9951046346212444,51.208665346495,5.847890076915533,True,False,False,False,False,1.6029485888972737,4.5307444,0.0,0.0,0.0,0.0,0,0.8550270544081418,0.7963786235638137,False,False,False,False,-0.22140318965585248,-0.2133685091050168,False,False,False,False,98772713,28485319.487859666,False,False,False,False,3340989.576962015,False,False,False,False
2023-05-22 00:00:00+00:00,5.48,5.87,4.55,5.81,585815,,9.159369757786882,#000000,3.389002684453978,9.01941233861886,-1.0443816863453192,50.85898249446999,5.5469251377381354,True,False,False,False,False,1.3501165887442994,4.5014445499999995,0.0,0.0,0.0,0.0,0,0.8504550035786799,0.802960809804122,False,False,False,False,-0.2440554881510483,-0.22871199862803254,False,False,False,False,98186898,31218714.723629873,False,False,False,False,3232943.515120368,False,False,False,False
2023-05-23 00:00:00+00:00,5.3,5.44,5.09,5.32,214411,,9.151879436146729,#000000,3.392134164161067,9.0125124309677,-1.094447404289467,50.46021512645116,4.773346685016001,True,False,False,False,False,1.10728476016428,4.47076455,0.0,0.0,0.0,0.0,0,0.8551212373058052,0.8060503831040541,False,False,False,False,-0.24223519331525842,-0.23547359597164547,False,False,False,False,97972487,33836509.714860074,False,False,False,False,3114569.6909980006,False,False,False,False
2023-05-24 00:00:00+00:00,5.12,5.4,4.83,5.24,199991,,9.144631517823166,#000000,3.391207456853156,9.00582503432968,-1.1458529399246782,50.015910197737185,3.985972481579651,True,False,False,False,False,0.8610842912391377,4.44282955,0.0,0.0,0.0,0.0,0,0.8529552550559719,0.8062285368232864,False,False,False,False,-0.24720338070578976,-0.24133848833871763,False,False,False,False,97772496,36343803.29466949,False,False,False,False,3000272.487429451,False,False,False,False
2023-05-25 00:00:00+00:00,4.84,5.08,4.6,4.93,274697,,9.134037686738555,#000000,3.387967943240529,8.996026642777817,-1.226701879239936,49.42310514623801,3.0940457912636887,True,False,False,False,False,0.47354401733882767,4.41754455,0.0,0.0,0.0,0.0,1,0.8516909415403852,0.8138664839538661,False,False,False,False,-0.25634307428117636,-0.248840781309947,False,False,False,False,97497799,38741999.20468245,False,False,False,False,2893387.1741969236,False,False,False,False
2023-05-26 00:00:00+00:00,4.44,4.76,4.2,4.74,272837,,9.122656832826399,#000000,3.386307444670502,8.985470605462663,-1.3423088953770261,48.58292029611141,2.0141824115519356,False,False,False,False,False,0.0,4.3899595499999995,0.0,0.0,0.0,0.0,1,0.8472620573771086,0.8131993785715838,False,False,False,False,-0.26837169164369007,-0.2586062364768185,False,False,False,False,97224962,41035448.72606745,False,False,False,False,2790620.500699005,False,False,False,False
2023-05-30 00:00:00+00:00,5.14,6.12,4.31,4.42,2243233,,9.04536294900048,#000000,3.387487687037529,8.914103706193039,-1.1141306050011415,48.91799800624074,2.0141824115519356,False,False,False,False,False,0.8938348667725506,4.36603955,0.0,0.0,0.0,0.0,1,0.8518425690718119,0.8025860900216919,False,False,False,False,-0.24388994142148163,-0.2512480889491501,False,False,False,False,99468195,43326928.97210402,False,False,False,False,2769154.324201005,False,False,False,False
2023-05-31 00:00:00+00:00,4.91,5.11,4.61,4.93,372803,,9.031790950301911,#000000,3.3891618658709866,8.901527366248525,-1.1777328803452516,48.84464060190162,1.7969811355766225,False,False,False,False,False,0.5637802185825151,4.34266455,0.0,0.0,0.0,0.0,1,0.854838479653303,0.813681587161802,False,False,False,False,-0.25567697151737967,-0.25346253023326487,False,False,False,False,99095392,45513927.52221759,False,False,False,False,2675179.7624676325,False,False,False,False
2023-06-01 00:00:00+00:00,4.86,5.3699,4.73,4.73,428617,,9.016705883615119,#000000,3.390629802230968,8.887556910065168,-1.1878492035359078,48.72634728158799,1.4363358101778374,False,False,False,False,False,0.49095356419917735,4.3266145499999995,0.0,0.0,0.0,0.0,1,0.8550966183143855,0.8144810590987525,False,False,False,False,-0.2493616281560175,-0.2514120791946412,False,False,False,False,98666775,47598352.91350317,False,False,False,False,2587079.261978706,False,False,False,False
2023-06-02 00:00:00+00:00,4.87,4.9803,4.501,4.83,301996,,9.005613017938177,#000000,3.392096713667803,8.877264887834807,-1.181353371113595,48.66361692391893,1.1352555196556793,False,False,False,False,False,0.5056058100008087,4.30917455,0.0,0.0,0.0,0.0,1,0.8524461491227681,0.8161047605910804,False,False,False,False,-0.2596552543025802,-0.25553366674861067,False,False,False,False,98968771,49612879.11297363,False,False,False,False,2497468.1536658155,False,False,False,False
2023-06-05 00:00:00+00:00,4.8,5.04,4.61,4.77,173037,,8.999332538141557,#000000,3.393293031784994,8.871438221762489,-1.199848696715935,48.505589170533575,0.7562193313562062,False,False,False,False,False,0.39969586349016595,4.29229955,0.0,0.0,0.0,0.0,1,0.8537545336298782,0.8159992186841041,False,False,False,False,-0.2568427974589165,-0.2561882321037636,False,False,False,False,98795734,51541618.520307995,False,False,False,False,2406313.9907769603,False,False,False,False
2023-06-06 00:00:00+00:00,4.89,5.2,4.65,4.71,294406,,8.988936010413513,#000000,3.394754859691408,8.861798360545746,-1.1699809042785474,48.57390392454013,0.6142313972612143,False,False,False,False,False,0.5367266245322604,4.27711955,0.0,0.0,0.0,0.0,1,0.8540320474440041,0.8198090798130239,False,False,False,False,-0.25351366703901584,-0.25485094957138976,False,False,False,False,99090140,53406266.42147239,False,False,False,False,2323494.069570021,False,False,False,False
2023-06-07 00:00:00+00:00,4.42,4.95,4.42,4.82,204703,,8.981179152817178,"rgba(239, 83, 80, 0.5)",3.395004727870537,8.85458832845542,-1.3062097652031686,47.73273971676713,-0.3595550897323747,False,False,False,True,False,0.0,4.2617195500000005,0.0,0.0,0.0,0.0,1,0.8529712378427584,0.8195901716431284,False,False,False,False,-0.2615129752628208,-0.2581819624171053,False,False,False,False,98885437,55189763.306904845,False,False,False,False,2240404.22370453,False,False,False,False
2023-06-08 00:00:00+00:00,4.58,4.79,4.5,4.5,170889,,8.974763824253696,"rgba(239, 83, 80, 0.5)",3.395448608603155,8.848625509681733,-1.2571609827538495,47.53235019126118,-0.688336104057683,False,False,False,True,False,0.05686901942865674,4.24902455,0.0,0.0,0.0,0.0,1,0.8535970052083334,0.8177525617074275,False,False,False,False,-0.26284935475409543,-0.26051565858560033,False,False,False,False,99056326,56910020.667418376,False,False,False,False,2159246.7639514115,False,False,False,False
2023-06-09 00:00:00+00:00,4.21,4.6685,4.1,4.51,185830,,8.967334086545296,"rgba(239, 83, 80, 0.5)",3.395361626240183,8.841705983176764,-1.3641274459196953,46.63672457416136,-1.647912389875998,False,False,False,True,False,0.0,4.23707455,0.0,0.0,0.0,0.0,1,0.8507828469113068,0.819702248803238,False,False,False,False,-0.2715836459222906,-0.2660496522539455,False,False,False,False,98870496,58555529.50399021,False,False,False,False,2081857.8712474345,False,False,False,False
2023-06-12 00:00:00+00:00,4.06,4.41,4.06,4.41,80576,,8.964016399462997,"rgba(239, 83, 80, 1.0)",3.395091454481857,8.838613191493307,-1.4075064709037703,45.72314452237978,-2.577419930507027,False,True,False,True,False,0.0,4.222919549999999,0.0,0.0,0.0,0.0,0,0.8508901413098233,0.8225246208364854,False,False,False,False,-0.2766012258682223,-0.27132543906108386,False,False,False,False,98789920,60133348.73912785,False,False,False,False,2003376.2292377313,False,False,False,False
2023-06-13 00:00:00+00:00,3.98,4.28,3.8108,4.28,160276,,8.957220189694738,"rgba(239, 83, 80, 1.0)",3.3946702850108093,8.832271933123046,-1.4293794465248324,44.93457438657458,-3.3585431874492855,False,True,False,True,False,0.0,4.20833455,0.0,0.0,0.0,0.0,0,0.8495875720546172,0.8242435905285899,False,False,False,False,-0.28299499849988885,-0.27716021878048636,False,False,False,False,98629644,61643007.37680911,False,False,False,False,1931097.7888754674,False,False,False,False
2023-06-14 00:00:00+00:00,3.99,4.0,3.75,3.92,141690,,7.958812959963663,"rgba(239, 83, 80, 1.0)",3.39415871078909,8.582710625944674,-1.3531219419250256,44.44065852486797,-3.853541351080409,False,True,False,True,False,0.0,4.19373955,0.0,0.0,0.0,0.0,1,0.8487533657376647,0.8267912718117285,False,False,False,False,-0.28876058133715593,-0.28296040005882117,False,False,False,False,98771334,63099020.185561694,False,False,False,False,1860924.9344097627,False,False,False,False
2023-06-15 00:00:00+00:00,4.3,4.44,3.8,3.94,251986,,7.984651697294696,"rgba(239, 83, 80, 0.75)",3.393848803186483,8.582116918054684,-1.2617288413185075,45.13506365435637,-3.853541351080409,False,True,False,True,True,0.0,4.18040955,0.0,0.0,0.0,0.0,1,0.8506236780028376,0.8237075981650895,False,False,False,False,-0.2804766419122916,-0.2817185209855564,False,False,False,False,99023320,64507816.25671614,False,False,False,False,1797829.2899231054,False,False,False,False
2023-06-16 00:00:00+00:00,4.18,4.3,4.06,4.3,61732,,7.985226051677333,"rgba(239, 83, 80, 0.75)",3.393101483796849,8.580536941247427,-1.2969069632197583,45.24747976561729,-3.853541351080409,False,True,False,True,True,0.0,4.16157455,0.0,0.0,0.0,0.0,1,0.8559934271293145,0.8244870832101356,False,False,False,False,-0.27845366817310957,-0.280086094579333,False,False,False,False,98961588,65858944.560374334,False,False,False,False,1729747.0432594542,False,False,False,False
2023-06-20 00:00:00+00:00,4.16,4.22,4.06,4.06,45006,,7.984631623288595,"rgba(239, 83, 80, 0.75)",3.3923930450815027,8.57912374773245,-1.3026567644157752,45.25987341246666,-3.853541351080409,False,True,False,True,True,0.0,4.14235455,0.0,0.0,0.0,0.0,1,0.8527176192481717,0.8255802293450386,False,False,False,False,-0.279802069470659,-0.279944082024996,False,False,False,False,98916582,67155322.4991832,False,False,False,False,1663678.767053201,False,False,False,False
2023-06-21 00:00:00+00:00,4.35,4.35,4.0222,4.12,84782,,7.985922336278895,"rgba(239, 83, 80, 0.75)",3.3916137481502333,8.577115040650522,-1.2463432909941372,46.02213805922458,-3.853541351080409,False,True,False,True,True,0.0,4.128089549999999,0.0,0.0,0.0,0.0,1,0.8517653544142337,0.824860078479518,False,False,False,False,-0.27824812381162567,-0.27909610291831083,False,False,False,False,99001364,68404186.87176424,False,False,False,False,1601761.246776605,False,False,False,False
2023-06-22 00:00:00+00:00,4.45,4.58,4.17,4.58,68735,,7.989627032799556,"rgba(239, 83, 80, 0.75)",3.3907851973369696,8.576219753689344,-1.216892110101803,46.9390134493235,-4.661612246919205,False,True,False,True,True,0.0,4.11138455,0.0,0.0,0.0,0.0,1,0.8535724465846306,0.8234895066664703,False,False,False,False,-0.2718942281004223,-0.2754951655093666,False,False,False,False,99070099,69606771.66110682,False,False,False,False,1541642.5704324243,False,False,False,False
2023-06-23 00:00:00+00:00,4.14,4.4,4.11,4.31,85512,,7.988373323871111,"rgba(239, 83, 80, 0.75)",3.389393529326696,8.57354820694988,-1.3080653422474098,46.35005833458919,-4.661612246919205,False,True,False,True,True,0.0,4.093594550000001,0.0,0.0,0.0,0.0,1,0.8536210394407184,0.8245702217419224,False,False,False,False,-0.2759280698552111,-0.27571161768228886,False,False,False,False,98984587,70758842.85086735,False,False,False,False,1484539.4108076233,False,False,False,False
2023-06-26 00:00:00+00:00,4.04,4.24,3.891,4.12,39760,,7.986005165534624,"rgba(239, 83, 80, 1.0)",3.3879883967690434,8.571822421162722,-1.3376145046672816,45.57305137332615,-4.661612246919205,False,True,False,True,False,0.0,4.07479455,0.0,0.0,0.0,0.0,1,0.8509856313980689,0.8320603240904442,False,False,False,False,-0.2823161170708625,-0.2790138673765757,False,False,False,False,98944827,71864175.56259803,False,False,False,False,1427881.3946975204,False,False,False,False
2023-06-27 00:00:00+00:00,4.04,4.19,3.98,3.98,56771,,7.982977831640122,"rgba(239, 83, 80, 1.0)",3.3851993860492677,8.569452501926046,-1.338016460889233,45.05504673248413,-3.283946375238557,False,True,False,True,False,0.0,4.05623455,0.0,0.0,0.0,0.0,1,0.8510749703885979,0.8294951419817568,False,False,False,False,-0.28165774296460894,-0.2803358051705923,False,False,False,False,98944827,72926161.89347655,False,False,False,False,1374112.3596113431,False,False,False,False
2023-06-28 00:00:00+00:00,3.86,4.0836,3.86,3.93,35487,,7.980025129655016,"rgba(239, 83, 80, 1.0)",3.381521767626221,8.567677684846132,-1.3921772528321925,43.936889330284444,-4.342699643417895,False,True,False,True,False,0.0,4.0366997,0.0,0.0,0.0,0.0,1,0.8480094062275109,0.8302729241776116,False,False,False,False,-0.28548302828503325,-0.2829094167278128,False,False,False,False,98909340,73945110.05451669,False,False,False,False,1321617.247469722,False,False,False,False
2023-06-29 00:00:00+00:00,4.1,4.16,3.91,4.16,201472,,7.970207217875668,"rgba(239, 83, 80, 1.0)",3.3770384920118937,8.559497608720424,-1.32053502477659,44.58498672426877,-4.342699643417895,False,True,False,True,False,0.0,4.0166997,0.0,0.0,0.0,0.0,1,0.8471396634566702,0.833383668376884,False,False,False,False,-0.2833463602746061,-0.2831278885012094,False,False,False,False,99110812,74932000.32688859,False,False,False,False,1277689.9828630663,False,False,False,False
2023-06-30 00:00:00+00:00,4.27,4.37,4.1015,4.21,111517,,7.968967359884485,"rgba(239, 83, 80, 0.75)",3.3724200747580166,8.556154573497592,-1.2709432628451958,45.97164986673211,-5.895646879325703,False,True,False,True,True,0.0,3.9993662,0.0,0.0,0.0,0.0,1,0.8479839653403581,0.8259107922480375,False,False,False,False,-0.2765759781087726,-0.27985193330499103,False,False,False,False,99222329,75884562.23563807,False,False,False,False,1231957.709025299,False,False,False,False
2023-07-03 00:00:00+00:00,4.21,4.31,4.1095,4.25,30816,,7.968353413241717,"rgba(239, 83, 80, 0.75)",3.3689369067038917,8.555156967146832,-1.2897709537095656,46.56900338181285,-5.365240919723888,False,True,False,True,True,0.0,3.98293135,0.0,0.0,0.0,0.0,1,0.850559064117239,0.8250780063850242,False,False,False,False,-0.27745143471366995,-0.2786516840093305,False,False,False,False,99191513,76798560.30482873,False,False,False,False,1184854.1125929342,False,False,False,False
2023-07-05 00:00:00+00:00,4.05,4.22,4.05,4.22,33092,,7.967103631836497,"rgba(239, 83, 80, 0.75)",3.364091389089241,8.553917942804866,-1.3388215187650445,46.07951370439896,-5.365240919723888,False,True,False,True,True,0.0,3.96575635,0.0,0.0,0.0,0.0,1,0.8501236295449057,0.8240204363250566,False,False,False,False,-0.2799706892912634,-0.27931118665029697,False,False,False,False,99158421,77675417.58699231,False,False,False,False,1139686.970922623,False,False,False,False
2023-07-06 00:00:00+00:00,3.99,4.14,3.92,4.0,71469,,7.963415572413673,"rgba(239, 83, 80, 0.75)",3.358192208104952,8.55095771855741,-1.358158626998657,45.41519198472413,-5.365240919723888,False,True,False,True,True,0.0,3.95041135,0.0,0.0,0.0,0.0,1,0.8504286394665821,0.8243222028187895,False,False,False,False,-0.28351530846012446,-0.2814132475552107,False,False,False,False,99086952,78515085.6031887,False,False,False,False,1097796.0701021282,False,False,False,False
2023-07-07 00:00:00+00:00,4.0,4.12,3.9536,3.98,66599,,7.96018080039809,"rgba(239, 83, 80, 1.0)",3.3528467598244176,8.548254964117623,-1.35653529371435,45.04881767638674,-5.365240919723888,False,True,False,True,False,0.0,3.93690135,0.0,0.0,0.0,0.0,1,0.8506272697988235,0.8238349285358114,False,False,False,False,-0.2832855427851401,-0.28234939517017543,False,False,False,False,99153551,79324437.18737738,False,False,False,False,1057356.9693138096,False,False,False,False
2023-07-10 00:00:00+00:00,4.08,4.15,3.93,4.04,84533,,7.95655807213249,"rgba(239, 83, 80, 1.0)",3.347512544634705,8.544962748227707,-1.3338150906660584,45.451688483269905,-5.365240919723888,False,True,False,True,False,0.0,3.9231613500000004,0.0,0.0,0.0,0.0,1,0.8495310451474098,0.8273943590950348,False,False,False,False,-0.28317742784358924,-0.28276341150688233,False,False,False,False,99238084,80105364.51336257,False,False,False,False,1019207.009732876,False,False,False,False
2023-07-11 00:00:00+00:00,3.94,4.46,3.8969,4.0,222176,,6.988370526129801,"rgba(239, 83, 80, 1.0)",3.3434435520936,8.305682770387287,-1.3057444225889745,44.75052533444497,-5.365240919723888,False,True,False,True,False,0.0,3.90965135,0.0,0.0,0.0,0.0,1,0.8517065498575926,0.8225004567451326,False,False,False,False,-0.28929203423250327,-0.2860277228696928,False,False,False,False,99015908,80846954.45401502,False,False,False,False,987950.8917041358,False,False,False,False
2023-07-12 00:00:00+00:00,4.03,4.1,3.82,3.99,77773,,6.979240411817921,"rgba(239, 83, 80, 1.0)",3.3380896061173524,8.301165231107527,-1.279523840007239,45.08716239177627,-5.365240919723888,False,True,False,True,False,0.0,3.9002665000000003,0.0,0.0,0.0,0.0,1,0.8495538544917413,0.8302194065326046,False,False,False,False,-0.3388644421669004,-0.31244608251829664,False,False,False,False,99093681,81562512.35777915,False,False,False,False,952257.6410490717,False,False,False,False
2023-07-13 00:00:00+00:00,4.04,4.13,3.91,3.97,67576,,6.975378134994254,"rgba(239, 83, 80, 1.0)",3.333001394429456,8.298277619573472,-1.2776105124619683,45.40519168499637,-5.365240919723888,False,True,False,True,False,0.0,3.8970515,0.0,0.0,0.0,0.0,1,0.7616117739675167,1.3101135075681016,False,False,False,False,-0.3235358594006515,-0.31799097095947404,False,False,False,False,99161257,82252659.20649369,False,False,False,False,917564.2433608728,False,False,False,False
2023-07-14 00:00:00+00:00,3.87,4.0,3.8601,3.98,68267,,6.9674836165731024,"rgba(239, 83, 80, 1.0)",3.327444031532915,8.294316425197774,-1.3296441302303568,44.262532885836166,-3.875519049226021,False,True,False,True,False,0.0,3.8938715000000004,0.0,0.0,0.0,0.0,1,0.9189170775355587,1.2113747283269023,False,False,False,False,-0.3300589027868228,-0.32402493687314843,False,False,False,False,99092990,82913064.3356508,False,False,False,False,884258.4691114268,False,False,False,False
2023-07-17 00:00:00+00:00,3.83,3.9367,3.72,3.89,44759,,6.961191068905613,"rgba(239, 83, 80, 1.0)",3.32166097845292,8.29141945351545,-1.3431290798356486,43.188227183944676,-4.906511385724606,False,True,False,True,False,0.0,3.8903115,0.0,0.0,0.0,0.0,1,0.8946105583986772,1.109990975265743,False,False,False,False,-0.34282825441539394,-0.3334265956442712,False,False,False,False,99048231,83545815.96954684,False,False,False,False,851336.9213031357,False,False,False,False
2023-07-18 00:00:00+00:00,3.48,3.8247,3.4,3.72,131125,,6.931712878355086,"rgba(239, 83, 80, 1.0)",3.317006231869831,8.279971387287617,-1.447079399842376,40.051461168505085,-7.804725435863901,False,True,False,True,False,0.0,3.8838615,0.0,0.0,0.0,0.0,1,0.8462509246345222,1.0397352863120208,False,False,False,False,-0.34282825441539394,-0.33812742502983256,False,False,False,False,98917106,84148611.65701559,False,False,False,False,823093.31654615,False,False,False,False
2023-07-19 00:00:00+00:00,3.41,3.63,3.4,3.5,59127,,6.919086525413505,"rgba(239, 83, 80, 1.0)",3.312583119543556,8.274947134197703,-1.4686264340041824,37.53840919617766,-10.002245695584136,False,True,False,True,False,0.0,3.8780965000000003,0.0,0.0,0.0,0.0,1,0.8644561116441137,1.0203682230998778,False,False,False,False,-0.34282825441539394,-0.34047783972261325,False,False,False,False,98857979,84725449.5920346,False,False,False,False,793133.8531521834,False,False,False,False
2023-07-20 00:00:00+00:00,3.3,3.4782,3.2952,3.37,30992,,6.911615737377017,"rgba(239, 83, 80, 1.0)",3.308230312678178,8.272078412532812,-1.5029420392764812,35.203820898347644,-11.99148086562439,False,True,False,True,False,0.0,3.8706864999999997,0.0,0.0,0.0,0.0,0,0.839195568283863,1.0359500521806662,False,False,False,False,-0.34282825441539394,-0.34165304706900357,False,False,False,False,98826987,85278451.05901362,False,False,False,False,763245.9373422939,False,False,False,False
2023-07-21 00:00:00+00:00,3.31,3.4,3.25,3.25,49852,,6.899836059486498,"rgba(239, 83, 80, 1.0)",3.305130141951489,8.267513016089847,-1.4999448745345685,33.78742525702653,-13.127923260204412,False,True,False,True,False,0.0,3.8654715000000004,0.0,0.0,0.0,0.0,0,0.877958636052958,1.0127585246690123,False,False,False,False,-0.34282825441539394,-0.3422406507421988,False,False,False,False,98876839,85811721.17434642,False,False,False,False,735269.7045053412,False,False,False,False
2023-07-24 00:00:00+00:00,3.08,3.41,3.08,3.41,83252,,6.878795807615239,"rgba(239, 83, 80, 1.0)",3.3021456623287033,8.259484649064417,-1.5685209493186913,31.47423754574499,-15.139618115385865,False,True,False,True,False,0.0,3.8568714999999996,0.0,0.0,0.0,0.0,0,0.871027895117403,0.9893189227588128,False,False,False,False,-0.34282825441539394,-0.34253445257879633,False,False,False,False,98793587,86320813.95182303,False,False,False,False,709700.3827600338,False,False,False,False
2023-07-25 00:00:00+00:00,3.15,3.24,3.08,3.08,39968,,6.869276801939366,"rgba(239, 83, 80, 1.0)",3.298765336614152,8.255769188489593,-1.547781872150429,30.969091770833742,-15.487357935064708,False,True,False,True,False,0.0,3.8481564999999995,0.0,0.0,0.0,0.0,0,0.9000794985077739,0.9932621756526043,False,False,False,False,-0.34282825441539394,-0.34268135349709516,False,False,False,False,98833555,86811509.67920253,False,False,False,False,683436.3677498365,False,False,False,False
2023-07-26 00:00:00+00:00,3.32,3.3932,3.1,3.1,67877,,6.856730269020507,"rgba(239, 83, 80, 0.75)",3.2953189314968157,8.25041271424993,-1.4961868082402614,33.01414275149123,-15.487357935064708,False,True,False,True,True,0.0,3.8277815,0.0,0.0,0.0,0.0,0,0.9224803102386759,0.979010914324551,False,False,False,False,-0.3301293271950682,-0.3364053403460817,False,False,False,False,98901432,87285624.28001812,False,False,False,False,659296.7847008234,False,False,False,False
2023-07-27 00:00:00+00:00,3.11,3.5299,3.11,3.19,83796,,6.842259779825659,"rgba(239, 83, 80, 0.75)",3.292923481697889,8.24404735894376,-1.559115292984748,32.87173292495023,-15.487357935064708,False,True,False,True,True,0.0,3.8122815,0.0,0.0,0.0,0.0,0,0.9095081736931749,1.0211866341240714,False,False,False,False,-0.31945331856545783,-0.3279293294557698,False,False,False,False,98817636,87737860.0337429,False,False,False,False,636728.1264772617,False,False,False,False
2023-07-28 00:00:00+00:00,3.12,3.35,3.1,3.23,51055,,6.833333530341777,"rgba(239, 83, 80, 0.75)",3.290462966866114,8.240125113480238,-1.5560500650024702,32.91918776838396,-15.487357935064708,False,True,False,True,True,0.0,3.7992165,0.0,0.0,0.0,0.0,0,0.8566233306017584,1.2964806981019243,False,False,False,False,-0.3301780337560286,-0.3290536816058992,False,False,False,False,98868691,88174363.20889024,False,False,False,False,613760.5528899181,False,False,False,False
2023-07-31 00:00:00+00:00,3.21,3.29,3.16,3.29,32068,,6.828251434487726,"rgba(239, 83, 80, 0.75)",3.284575458643713,8.23779913307472,-1.5307302865712908,34.26890970888819,-15.487357935064708,False,True,False,True,True,0.0,3.7905165,0.0,0.0,0.0,0.0,0,0.8404068024273825,1.1977980859178237,False,False,False,False,-0.3267572589932094,-0.3279054702995543,False,False,False,False,98900759,88595006.18109064,False,False,False,False,590949.0802275684,False,False,False,False
2023-08-01 00:00:00+00:00,3.24,3.49,3.1638,3.23,52967,,6.821288989905573,"rgba(239, 83, 80, 0.75)",3.2807724053882477,8.234341135830299,-1.522306493320821,35.613857854575905,-18.006698210914493,False,True,False,True,True,0.0,3.7723665,0.0,0.0,0.0,0.0,0,0.8522828785343778,1.1299594802015622,False,False,False,False,-0.29830945540988846,-0.31310746285472135,False,False,False,False,98953726,89001230.48771453,False,False,False,False,569851.7437480559,False,False,False,False
2023-08-02 00:00:00+00:00,3.08,3.24,3.01,3.24,70402,,6.809394731428701,"rgba(239, 83, 80, 0.75)",3.2773579324508377,8.229007890761302,-1.5710850010547452,35.0989760660059,-18.006698210914493,False,True,False,True,True,0.0,3.7570465,0.0,0.0,0.0,0.0,0,0.8539818015818467,1.1384218463085112,False,False,False,False,-0.34282825441539394,-0.3279678586350576,False,False,False,False,98883324,89388763.5666277,False,False,False,False,550265.4792873479,False,False,False,False
2023-08-03 00:00:00+00:00,3.08,3.18,3.02,3.03,18269,,6.806376375754939,"rgba(239, 83, 80, 0.75)",3.275282412101291,8.227639586078734,-1.5716628181617514,34.75572154029257,-18.006698210914493,False,True,False,True,True,0.0,3.7439465000000003,0.0,0.0,0.0,0.0,0,0.8916460335293027,1.1217918652719752,False,False,False,False,-0.34282825441539394,-0.3353980565252258,False,False,False,False,98883324,89761099.26989721,False,False,False,False,529402.8722564715,False,False,False,False
2023-08-04 00:00:00+00:00,3.09,3.2006,3.01,3.09,38677,,6.800228524546014,"rgba(239, 83, 80, 0.75)",3.274226836552445,8.224805516557286,-1.5682497801416573,34.70909915311323,-18.006698210914493,False,True,False,True,True,0.0,3.7322465,0.0,0.0,0.0,0.0,0,0.8623351418111245,1.1004918177407257,False,False,False,False,-0.3409733670245089,-0.33818571177486734,False,False,False,False,98922001,90120350.31813654,False,False,False,False,510158.7204032766,False,False,False,False
2023-08-07 00:00:00+00:00,2.74,3.13,2.7,3.03,71898,,6.785494640917207,"rgba(239, 83, 80, 1.0)",3.274371022785581,8.218608183854986,-1.6731788015868192,31.886016941013857,-14.833689330990012,False,True,False,True,False,0.0,3.7196215,0.0,0.0,0.0,0.0,0,0.8584859530583216,1.1029738620199143,False,False,False,False,-0.34282825441539394,-0.3405069830951306,False,False,False,False,98850103,90462693.56056255,False,False,False,False,492972.02548550104,False,False,False,False
2023-08-08 00:00:00+00:00,2.74,2.8,2.6412,2.8,18880,,6.78125902343219,"rgba(239, 83, 80, 1.0)",3.272592452791074,8.216874995688302,-1.67355852422665,30.003962132947606,-16.633459455139786,False,True,False,True,False,0.0,3.7081215,0.0,0.0,0.0,0.0,0,0.8675633377940075,1.1079180748032385,False,False,False,False,-0.34282825441539394,-0.3416676187552623,False,False,False,False,98850103,90791611.57779539,False,False,False,False,474380.18134881475,False,False,False,False
2023-08-09 00:00:00+00:00,2.69,2.75,2.51,2.73,22914,,6.775840077809737,"rgba(239, 83, 80, 1.0)",3.2710975516186673,8.214691616085862,-1.688941258676932,28.398107955443365,-18.141755265463136,False,True,False,True,False,0.0,3.6962965000000003,0.0,0.0,0.0,0.0,0,0.884726960477152,1.0993989185174866,False,False,False,False,-0.34282825441539394,-0.34224793658532815,False,False,False,False,98827189,91106732.2610191,False,False,False,False,456675.6252174887,False,False,False,False
2023-08-10 00:00:00+00:00,2.51,2.67,2.4301,2.67,37569,,6.766309678806872,"rgba(239, 83, 80, 1.0)",3.2686289381230424,8.210925607677279,-1.744133615530842,26.17589798456884,-20.20714711653065,False,True,False,True,False,0.0,3.6841865,0.0,0.0,0.0,0.0,0,0.8599534602020974,1.199751362723534,False,False,False,False,-0.34282825441539394,-0.3425380955003611,False,False,False,False,98789620,91408021.97627325,False,False,False,False,440240.07128739107,False,False,False,False
2023-08-11 00:00:00+00:00,2.46,2.56,2.419,2.4912,42201,,5.482400797557065,"rgba(239, 83, 80, 1.0)",3.2673127233909924,7.897389832324433,-1.6641779629472437,24.4030188008471,-21.82385586560128,False,True,False,True,False,0.0,3.6737314999999997,0.0,0.0,0.0,0.0,0,0.8380152322426698,1.1479554146373347,True,False,False,False,-0.34282825441539394,-0.3426831749578775,False,False,False,False,98747419,91695841.46739979,True,False,False,False,424630.6959427875,False,False,False,False
2023-08-14 00:00:00+00:00,2.59,2.65,2.47,2.57,12688,,5.48378368725494,"rgba(239, 83, 80, 1.0)",3.2666646240111636,7.8972680628306025,-1.624674912698496,25.943116139591844,-21.82385586560128,False,True,False,True,False,0.0,3.6623514999999998,0.0,0.0,0.0,0.0,0,0.8277854862392736,1.1632090849083287,False,False,False,False,-0.32153597169560966,-0.33210957332674357,False,False,False,False,98760107,91972871.48828608,False,False,False,False,408476.08041561936,False,False,False,False
2023-08-15 00:00:00+00:00,2.58,2.59,2.5,2.59,11180,,5.483219423040036,"rgba(239, 83, 80, 0.75)",3.265159941173123,7.896714250929611,-1.628316635851962,26.886113907127378,-21.82385586560128,False,True,False,True,True,0.0,3.6490015,0.0,0.0,0.0,0.0,0,0.841062992398304,1.1448057382775478,False,False,False,False,-0.3260421118109445,-0.32907584256884403,False,False,False,False,98748927,92238599.15541212,False,False,False,False,392895.841967948,False,False,False,False
2023-08-16 00:00:00+00:00,2.71,2.9499,2.55,2.55,121883,,5.491530098588626,"rgba(239, 83, 80, 0.75)",3.263501341965289,7.894428624422034,-1.5886093128737484,30.12972652299664,-24.040147880633178,False,True,False,True,True,0.0,3.6374565000000003,0.0,0.0,0.0,0.0,0,0.8366418986359099,1.1242999334590211,False,False,False,False,-0.26548671959795034,-0.2972812810833972,False,False,False,False,98870810,92498685.85519989,False,False,False,False,382267.88738096965,False,False,False,False
2023-08-17 00:00:00+00:00,2.72,2.835,2.42,2.83,54368,,5.48209056177564,"rgba(239, 83, 80, 0.75)",1.0345028313679692,7.890099631654904,-4.997666004275938,32.48721224251643,-21.904262697493117,False,True,False,True,True,0.0,3.6270865,0.0,0.0,0.0,0.0,0,0.8232042652635703,1.1447083024306959,False,False,False,False,-0.29694582799651165,-0.2971135545399544,False,False,False,False,98925178,92750705.15499598,False,False,False,False,369409.0682679904,False,False,False,False
2023-08-18 00:00:00+00:00,2.53,2.69,2.5105,2.59,10159,,5.479562546082396,"rgba(239, 83, 80, 0.75)",1.0476746967787793,7.889094912167865,-5.115227969755444,32.052933769822914,-21.904262697493117,False,True,False,True,True,0.0,3.6164565000000004,0.0,0.0,0.0,0.0,0,0.8399407373476385,1.1383654100789447,False,False,False,False,-0.3052273931812904,-0.3011704738606224,False,False,False,False,98915019,92992442.95283927,False,False,False,False,355320.83029669675,False,False,False,False
2023-08-21 00:00:00+00:00,2.58,2.65,2.45,2.58,19542,,5.474578013496136,"rgba(239, 83, 80, 0.75)",1.0447629672121306,7.8871300158768465,-5.079745533131322,32.78946959038559,-21.654887451502244,False,True,False,True,True,0.0,3.6078015,0.0,0.0,0.0,0.0,0,0.8335857177014426,1.1371715078577271,False,False,False,False,-0.3193576404676539,-0.3102640571641382,False,False,False,False,98934561,93225467.18998283,False,False,False,False,342153.0330301596,False,False,False,False
2023-08-22 00:00:00+00:00,2.6,2.6,2.4501,2.48,16694,,5.470365481355436,"rgba(239, 83, 80, 0.75)",1.0061003120156937,7.8854620508635325,-5.253414582760896,33.70343913064957,-20.683064054249,False,True,False,True,True,0.0,3.5983165,0.0,0.0,0.0,0.0,0,0.8582764830271014,1.1361194342118037,False,False,False,False,-0.3289267522114589,-0.31959540468779857,False,False,False,False,98951255,93450007.88841489,False,False,False,False,329389.93369564356,False,False,False,False
2023-08-23 00:00:00+00:00,2.59,2.65,2.5401,2.57,8225,,5.468656446413827,"rgba(239, 83, 80, 0.75)",0.997857380266133,7.88473406646157,-5.306103027518263,34.18834072508821,-20.076547325746077,False,True,False,True,True,0.0,3.5885415,0.0,0.0,0.0,0.0,0,0.8655786350148367,1.1151335311572692,False,False,False,False,-0.3019031666968861,-0.31074928569234234,False,False,False,False,98943030,93665420.52024175,False,False,False,False,316795.23041346145,False,False,False,False
2023-08-24 00:00:00+00:00,2.54,2.59,2.4809,2.57,8827,,5.466433707072269,"rgba(239, 83, 80, 0.75)",0.9791162037984968,7.883852705070288,-5.457832976656628,33.87151410737374,-20.076547325746077,False,True,False,True,True,0.0,3.5815915,0.0,0.0,0.0,0.0,0,0.8766555319997807,1.1129008284505075,False,False,False,False,-0.32488323777770917,-0.31781626173502575,False,False,False,False,98934203,93872039.4410166,False,False,False,False,304718.04490705125,False,False,False,False
2023-08-25 00:00:00+00:00,2.54,2.61,2.44,2.57,14441,,5.462812340447616,"rgba(239, 83, 80, 0.75)",0.9836968331044371,7.882414051695589,-5.4309558310109916,33.66029636223076,-20.076547325746077,False,True,False,True,True,0.0,3.5765465,0.0,0.0,0.0,0.0,0,0.8774453077643686,1.089995197946925,False,False,False,False,-0.32894621719264483,-0.3233812394638353,False,False,False,False,98934203,94070555.65901595,False,False,False,False,293334.63138128456,False,False,False,False
2023-08-28 00:00:00+00:00,3.5,5.34,3.28,4.98,45185529,,4.723492610765316,#000000,0.9758212618791285,6.775821773401221,-3.3569895444715008,45.965214495008524,-8.670747713532776,True,False,False,False,True,0.0,3.5760915,0.0,0.0,0.0,0.0,0,0.8986200539598597,0.9632104098123511,False,False,False,False,0.3175030023001331,-0.0029391185818510857,False,False,False,False,144119732,96033268.4567016,False,False,False,False,2053812.8419153518,False,False,False,False
2023-08-29 00:00:00+00:00,3.43,3.49,3.14,3.37,1562607,,4.698165072657998,"rgba(38, 166, 154, 1.0)",0.9752855899592805,6.741386155618469,-3.395298966487061,53.158533800506646,-2.480140005793274,True,False,True,False,True,0.0,3.5804915,0.0,0.0,0.0,0.0,0,0.8720674902722437,1.0769677432272786,False,False,False,False,-0.04106524716913735,-0.022002182875494217,False,False,False,False,142557125,97857733.4191839,False,False,False,False,2034549.867722593,False,False,False,False
2023-08-30 00:00:00+00:00,3.45,3.6499,3.26,3.26,456012,,4.691820903898249,"rgba(38, 166, 154, 1.0)",0.9763519155833632,6.731894218339484,-3.3613845233033373,58.09810440036523,1.5081020402530427,True,False,True,False,True,0.0,3.5832414999999997,0.0,0.0,0.0,0.0,0,0.8818889356331511,1.0600349705511143,False,False,False,False,0.007946052253124716,-0.007028065311184751,False,False,False,False,143013137,99628533.55960806,False,False,False,False,1972646.4219295504,False,False,False,False
2023-08-31 00:00:00+00:00,2.73,3.34,2.73,3.31,312380,,4.684669546196494,"rgba(38, 166, 154, 0.75)",0.9833595110274614,6.724006745090432,-4.061593649424615,53.56910572191706,1.5081020402530427,True,False,True,False,False,0.0,3.5824914999999997,0.0,0.0,0.0,0.0,0,0.8462672220442166,1.0796667734700411,False,False,False,False,-0.13996009188675418,-0.07349407859896946,False,False,False,False,142700757,101317640.36119205,False,False,False,False,1907537.934795058,False,False,False,False
2023-09-01 00:00:00+00:00,2.79,2.94,2.69,2.76,243449,,4.678608975015009,#000000,0.9464875798123181,6.717619040682889,-4.149678373446494,51.117114673267324,8.797207606806566,True,False,False,False,False,0.0,3.5828915,0.0,0.0,0.0,0.0,0,0.8325153771447069,1.1212819682745219,False,False,False,False,-0.21525821854065666,-0.14437614856981307,False,False,False,False,142944206,102950054.69996884,False,False,False,False,1842279.545195252,False,False,False,False
2023-09-05 00:00:00+00:00,4.1,4.1,3.14,3.98,17363096,,4.56645417052119,"rgba(38, 166, 154, 1.0)",0.8880981197314354,6.4411735016693,-2.636165362423333,57.08764891053256,8.797207606806566,True,False,True,False,True,1.7114257432562354,3.5893914999999996,0.0,0.0,0.0,0.0,0,0.8552056046299115,1.0385744745659453,False,False,False,False,0.08001927383165895,-0.03217843736907706,False,False,False,False,160307302,105199358.51565634,False,False,False,False,2450939.0140111246,False,False,False,False
2023-09-06 00:00:00+00:00,4.02,4.2,3.52,3.78,838923,,4.56337730393866,"rgba(38, 166, 154, 1.0)",0.835435949205842,6.429989928562672,-2.8847093913705626,60.43051540417329,1.197341269550165,True,False,True,False,True,1.4017145500216337,3.5937915,0.0,0.0,0.0,0.0,0,0.8938373342887853,1.0222859190254385,False,False,False,False,0.1684329029097241,0.06812723277032352,False,False,False,False,159468379,107327555.39739531,False,False,False,False,2387722.6997361784,False,False,False,False
2023-09-07 00:00:00+00:00,3.94,4.16,3.775,3.86,281303,,4.562516052262767,"rgba(38, 166, 154, 1.0)",0.8044023689494035,6.426352811679449,-3.09093173721849,61.99744683898964,2.5346448829080046,True,False,True,False,True,1.0882500477228767,3.5961914999999998,0.0,0.0,0.0,0.0,0,0.9047455824123869,1.0214644524555279,False,False,False,False,0.20881375174728345,0.13847049225880348,False,False,False,False,159187076,109361262.08769354,False,False,False,False,2305118.0056288773,False,False,False,False
2023-09-08 00:00:00+00:00,3.95,3.97,3.6203,3.87,144300,,4.561867465663856,"rgba(38, 166, 154, 1.0)",0.7777398532154056,6.424376053666123,-3.181495770644031,63.08914102763271,3.6387564008202276,True,False,True,False,True,1.1269094796372876,3.6017415,0.0,0.0,0.0,0.0,0,0.9034146570384406,1.026209736553431,False,False,False,False,0.1443415490347326,0.14140602064676805,False,False,False,False,159331376,111320874.39798008,False,False,False,False,2220380.0446238234,False,False,False,False
2023-09-11 00:00:00+00:00,4.21,4.35,3.82,3.89,295777,,4.561605671107156,"rgba(38, 166, 154, 1.0)",0.7570559858861214,6.420924413065275,-2.920423924100441,65.01859010104432,5.678551880851479,True,False,True,False,True,2.13800069998646,3.6090914999999995,0.0,0.0,0.0,0.0,0,0.916259094408205,1.011182432236891,False,False,False,False,0.2537377480665354,0.1975718843566517,False,False,False,False,159627153,113215238.26472595,False,False,False,False,2144905.4154228894,False,False,False,False
2023-09-12 00:00:00+00:00,3.93,4.17,3.92,4.1,103407,,4.561354317095621,"rgba(38, 166, 154, 1.0)",0.7385013556199433,6.4196315496875425,-3.3711942852123715,63.79073573200412,5.678551880851479,True,False,True,False,True,0.9949968844528208,3.6152415,0.0,0.0,0.0,0.0,0,0.9088402102086477,1.0314908279422557,False,False,False,False,0.23834027820617829,0.217956081281415,False,False,False,False,159523746,115031258.17591318,False,False,False,False,2064846.6540337566,False,False,False,False
2023-09-13 00:00:00+00:00,3.57,3.91,3.5,3.85,102826,,4.560647975200899,"rgba(38, 166, 154, 1.0)",0.7253896126154081,6.41809350364727,-3.9262948546759677,60.23042537966569,5.678551880851479,True,False,True,False,True,0.0,3.6202914999999996,0.0,0.0,0.0,0.0,0,0.8856138669222781,1.0413485787317558,False,False,False,False,0.1111197345488379,0.16453790791512646,False,False,False,False,159420920,116772029.22783816,False,False,False,False,1987904.6676010601,False,False,False,False
2023-09-14 00:00:00+00:00,3.56,3.67,3.51,3.6,68776,,4.5601059232493055,"rgba(38, 166, 154, 0.75)",0.7193225792182635,6.417026633362212,-3.9718294905564293,57.78464031192662,5.678551880851479,True,False,True,False,False,0.0,3.62524,0.0,0.0,0.0,0.0,0,0.8895162303186691,1.049935489763995,False,False,False,False,0.06908247450039358,0.11681019120776001,False,False,False,False,159352144,118441837.65027589,False,False,False,False,1912644.719851999,False,False,False,False
2023-09-15 00:00:00+00:00,3.38,3.52,3.34,3.47,35162,,4.559754149441236,"rgba(38, 166, 154, 0.75)",0.697631695081455,6.416439839598846,-4.352496970832602,54.83601140695612,13.606107693768898,True,False,True,False,False,0.0,3.62919,0.0,0.0,0.0,0.0,0,0.8849491339643536,1.051648150896863,False,False,False,False,0.010967188329441133,0.06388868976860057,False,False,False,False,159316982,120044784.48751996,False,False,False,False,1839017.9465244699,False,False,False,False
2023-09-18 00:00:00+00:00,3.32,3.41,3.29,3.4,32644,,4.559397210788967,#000000,0.6813186208106347,6.415878269235888,-4.543950766459904,52.435016584901376,11.099496413943996,True,False,False,False,False,0.0,3.6326399999999994,0.0,0.0,0.0,0.0,0,0.8798582729447859,1.0569369555013675,False,False,False,False,-0.018038227069888734,0.022925231349355916,False,False,False,False,159284338,121583590.50761724,False,False,False,False,1768179.752543118,False,False,False,False
2023-09-19 00:00:00+00:00,3.17,3.36,3.1501,3.21,61537,,4.55863601595194,#000000,0.6662238078621963,6.414770722159521,-4.8703914268261626,49.74900637762265,8.323295633013586,True,False,False,False,False,0.0,3.6356900000000003,0.0,0.0,0.0,0.0,0,0.8731278744107994,1.0615517665992744,False,False,False,False,-0.05250743145092458,-0.014791100050784333,False,False,False,False,159222801,123059637.97790676,False,False,False,False,1701252.5857767214,False,False,False,False
2023-09-20 00:00:00+00:00,3.2,3.33,3.13,3.17,26957,,4.558300600165247,"rgba(239, 83, 80, 0.5)",0.6494923034590132,6.414284535674459,-4.948918591576965,48.233030662838274,6.632844183442273,True,False,False,True,False,0.0,3.638863,0.0,0.0,0.0,0.0,0,0.8711937766859682,1.0827455109083461,False,False,False,False,-0.06161866780910268,-0.038204883929943506,False,False,False,False,159249758,124478858.37093003,False,False,False,False,1635593.935354105,False,False,False,False
2023-09-21 00:00:00+00:00,3.15,3.22,3.06,3.1956,27999,,4.557925046103942,"rgba(239, 83, 80, 0.5)",0.6338601033594664,6.4137644832723755,-5.14902967701293,46.823950353914384,4.986695375532115,True,False,False,True,False,0.0,3.6411130000000003,0.0,0.0,0.0,0.0,0,0.8706897567296932,1.0686045826706716,False,False,False,False,-0.09444904680925295,-0.06632696536959823,False,False,False,False,159221759,125841325.06226611,False,False,False,False,1572550.9967127675,False,False,False,False
2023-09-22 00:00:00+00:00,3.09,3.19,3.04,3.04,27077,,4.557549427734546,"rgba(239, 83, 80, 0.5)",0.6148532967926736,6.413254682449498,-5.404955458131158,45.38981331062385,3.280695933174833,True,False,False,True,False,0.0,3.6432175,0.0,0.0,0.0,0.0,0,0.8636481930561305,1.0724374519429816,False,False,False,False,-0.10360171970320024,-0.08496434253639923,False,False,False,False,159194682,127149299.84413804,False,False,False,False,1511944.1733122668,False,False,False,False
2023-09-25 00:00:00+00:00,3.16,3.18,2.85,3.03,62837,,4.556643954521795,"rgba(239, 83, 80, 0.5)",0.6062564200460808,6.41205295604117,-5.364154256368923,45.22863165042372,2.7249615613463902,False,False,False,True,False,0.0,3.6459010000000003,0.0,0.0,0.0,0.0,0,0.8589795451747366,1.0671098838606794,False,False,False,False,-0.1404017622342604,-0.11268305238532982,False,False,False,False,159257519,128408445.69338754,False,False,False,False,1455116.4410255114,False,False,False,False
2023-09-26 00:00:00+00:00,3.05,3.12,2.85,3.12,27132,,4.556233813167359,"rgba(239, 83, 80, 0.5)",0.5941352410730473,6.411523462162262,-5.657842238226991,44.11950205193362,1.226033104351842,False,False,False,True,False,0.0,3.648251,0.0,0.0,0.0,0.0,0,0.8655833100102622,1.0642200764996732,False,False,False,False,-0.15151134930681945,-0.13209720084607462,False,False,False,False,159230387,129617149.27403902,False,False,False,False,1399117.0511813737,False,False,False,False
2023-09-27 00:00:00+00:00,2.97,3.0472,2.915,2.96,30571,,4.555760609397172,"rgba(239, 83, 80, 0.5)",0.5900220792939003,6.410920731941458,-5.831850794565732,42.670360435146954,-0.5704440031200875,False,False,False,True,False,0.0,3.650701,0.0,0.0,0.0,0.0,0,0.8862204397403799,1.0631667002859613,False,False,False,False,-0.15295826834950324,-0.14252773459778895,False,False,False,False,159199816,130777253.85152768,False,False,False,False,1345448.5785860256,False,False,False,False
2023-09-28 00:00:00+00:00,2.99,3.0,2.91,2.91,19201,,4.5554609531141566,"rgba(239, 83, 80, 0.5)",0.5876712937942377,6.410540831323919,-5.820500111958095,41.98093797175069,-1.631375228701792,False,False,False,True,False,0.0,3.6533505,0.0,0.0,0.0,0.0,0,0.8849683525371813,1.0548715555715082,False,False,False,False,-0.16265817871160373,-0.15259295665469635,False,False,False,False,159219017,131892617.11225209,False,False,False,False,1293438.8696218678,False,False,False,False
2023-09-29 00:00:00+00:00,2.99,3.07,2.92,2.92,9424,,4.555317129206682,"rgba(239, 83, 80, 0.5)",0.5860877467129735,6.410356190357673,-5.835911447629589,41.52132299615318,-2.4881168967268223,False,False,False,True,False,0.0,3.6534205,0.0,0.0,0.0,0.0,0,0.8916223085407375,1.0416846496906917,False,False,False,False,-0.14780416067952143,-0.1501985586671089,False,False,False,False,159219017,132964240.63726181,False,False,False,False,1243085.3453229712,False,False,False,False
2023-10-02 00:00:00+00:00,2.89,2.9934,2.8897,2.98,12385,,4.555117293334686,"rgba(239, 83, 80, 0.5)",0.5851130020991407,6.410107513201266,-6.016115691452066,40.17333545878844,-4.165959012028061,False,False,False,True,False,0.0,3.6549205000000002,0.0,0.0,0.0,0.0,0,0.8922163247395722,1.0417044860273736,False,False,False,False,-0.1676685506462313,-0.15893355465667008,False,False,False,False,159206632,133993354.02403586,False,False,False,False,1194822.586682855,False,False,False,False
2023-10-03 00:00:00+00:00,2.6163,2.85,2.5616,2.85,50611,,4.554141380508826,"rgba(239, 83, 80, 1.0)",0.5821850266335266,6.409002613912028,-6.514600067685107,36.924645958678695,-7.5302318865063285,False,True,False,True,False,0.0,3.6543519999999994,0.0,0.0,0.0,0.0,0,0.8850701854579337,1.04852565451321,False,False,False,False,-0.25710215159165384,-0.20801785312416196,False,False,False,False,159156021,134980125.27799523,False,False,False,False,1149951.544067841,False,False,False,False
2023-10-04 00:00:00+00:00,2.56,2.62,2.46,2.56,38641,,4.55333358275883,"rgba(239, 83, 80, 1.0)",0.5818471535559361,6.408124143828667,-6.613634045145718,34.34476678617763,-10.129418531133084,False,True,False,True,False,0.0,3.6547520000000002,0.0,0.0,0.0,0.0,0,0.8789623974270341,1.0521326159487807,False,False,False,False,-0.3224182139449657,-0.26521803353456386,False,False,False,False,159117380,135926684.28670132,False,False,False,False,1106370.7384181218,False,False,False,False
2023-10-05 00:00:00+00:00,2.6,2.65,2.48,2.57,14704,,4.553032003157291,"rgba(239, 83, 80, 1.0)",0.5803894571690953,6.40779310856612,-6.560755130079365,33.35473578087236,-11.203849771713784,False,True,False,True,False,0.0,3.6562520000000003,0.0,0.0,0.0,0.0,0,0.8780592685009658,1.0599831630459136,False,False,False,False,-0.3124104691724461,-0.28881425135350497,False,False,False,False,159132084,136836699.96173266,False,False,False,False,1063560.2780879994,False,False,False,False
2023-10-06 00:00:00+00:00,2.61,2.66,2.55,2.6,14596,,4.552738311778441,"rgba(239, 83, 80, 1.0)",0.5737812765718211,6.4074676724050095,-6.618319257633836,32.88758795750102,-11.841830285618066,False,True,False,True,False,0.0,3.6578155000000003,0.0,0.0,0.0,0.0,0,0.8794301727011247,1.0689508314096308,False,False,False,False,-0.2965223703920343,-0.2926683108727696,False,False,False,False,159146680,137711601.13970393,False,False,False,False,1022424.4240453328,False,False,False,False
2023-10-09 00:00:00+00:00,2.52,2.61,2.51,2.61,10812,,4.552512585503132,"rgba(239, 83, 80, 1.0)",0.5650027519762937,6.407222052292586,-6.8800055197884875,31.755578572050947,-13.144544417286305,False,True,False,True,False,0.0,3.6594155,0.0,0.0,0.0,0.0,0,0.8764344543155114,1.0615024234646195,False,False,False,False,-0.3144071164480046,-0.3035377136603871,False,False,False,False,159135868,138551768.46755868,False,False,False,False,982753.3485925747,False,False,False,False
2023-10-10 00:00:00+00:00,2.53,2.64,2.49,2.49,12158,,4.5522598603230495,"rgba(239, 83, 80, 1.0)",0.5624845615597264,6.406946472194264,-6.892538457311237,31.220148281253778,-13.895563730131407,False,True,False,True,False,0.0,3.6614655,0.0,0.0,0.0,0.0,0,0.8737851965517671,1.0584602717167555,False,False,False,False,-0.31241046917244575,-0.3079740914164164,False,False,False,False,159148026,139359464.8413799,False,False,False,False,944690.7859026699,False,False,False,False
2023-10-11 00:00:00+00:00,2.54,2.59,2.5,2.58,19266,,4.551857092284857,"rgba(239, 83, 80, 1.0)",0.5610057241540217,6.406508508088057,-6.8921017052341575,31.099685284391036,-14.291377408917057,False,True,False,True,False,0.0,3.6643904999999997,0.0,0.0,0.0,0.0,0,0.8722903160453809,1.0751620745542947,False,False,False,False,-0.32041172215872304,-0.3141929067875697,False,False,False,False,159167292,140136242.37701207,False,False,False,False,908399.6178280554,False,False,False,False
2023-10-12 00:00:00+00:00,2.51,2.62,2.47,2.49,64926,,4.550492951655075,"rgba(239, 83, 80, 1.0)",0.5593010878390124,6.405028836683693,-6.964100233977779,30.685783356756914,-14.990029296880692,False,True,False,True,False,0.0,3.6676905,0.0,0.0,0.0,0.0,0,0.8795179189574424,1.0577275503970671,False,False,False,False,-0.32041172215872304,-0.3173023144731464,False,False,False,False,159102366,140880011.93085474,False,False,False,False,875322.2210504846,False,False,False,False
2023-10-13 00:00:00+00:00,2.39,2.59,2.315,2.45,30970,,3.6239631786438835,"rgba(239, 83, 80, 1.0)",0.5622701724775224,6.174945541265508,-6.731542462208089,29.16699198117064,-16.70011406768478,False,True,False,True,False,0.0,3.6697625,0.0,0.0,0.0,0.0,0,0.8699700572323786,1.0554130712183036,False,False,False,False,-0.34282825441539394,-0.3300652844442702,False,False,False,False,159071396,141593399.54140946,True,False,False,False,842210.3692445832,True,False,False,False
2023-10-16 00:00:00+00:00,2.43,2.4989,2.33,2.39,22825,,3.6225439391962304,"rgba(239, 83, 80, 1.0)",0.559166438349819,6.174179031569781,-6.6960010021692185,29.232566610528252,-16.876720131202646,False,True,False,True,False,0.0,3.6728125,0.0,0.0,0.0,0.0,0,0.8713729955403738,1.0625549546130242,False,False,False,False,-0.34282825441539394,-0.3364467694298321,False,False,False,False,159094221,142279706.26527575,False,False,False,False,810077.6096663643,False,False,False,False
2023-10-17 00:00:00+00:00,2.46,2.62,2.33,2.33,23217,,3.6247719764541215,"rgba(239, 83, 80, 1.0)",0.5503343198589926,6.174321949910334,-6.749210099893503,30.097124992614976,-16.876720131202646,False,True,False,True,False,0.0,3.6751125,0.0,0.0,0.0,0.0,0,0.8900086160130196,1.0508791524396075,False,False,False,False,-0.31934822702549853,-0.32789749822766534,False,False,False,False,159117438,142940009.47055906,False,False,False,False,779220.3308559186,False,False,False,False
2023-10-18 00:00:00+00:00,2.83,2.9909,2.47,2.47,140459,,3.6647388116824593,"rgba(239, 83, 80, 0.75)",0.5374219459037605,6.181971991235045,-6.237132697657463,37.97026622273978,-16.12811698114818,False,True,False,True,True,0.0,3.6788184999999998,0.0,0.0,0.0,0.0,0,0.9043302619602758,1.005380098001321,False,False,False,False,-0.22362867330219105,-0.2757630857649282,False,False,False,False,159257897,143579926.62857634,False,False,False,False,754170.8669007845,False,False,False,False
2023-10-19 00:00:00+00:00,2.71,2.81,2.65,2.65,23966,,3.665884746294277,"rgba(239, 83, 80, 0.5)",0.5287697969903868,6.181855489111145,-6.565911118358116,41.378708903813404,-13.175894864210633,False,False,False,True,True,0.0,3.6818684999999998,0.0,0.0,0.0,0.0,0,0.9221931592055368,1.0123399622041722,False,False,False,False,-0.2237933291805091,-0.24977820747271864,False,False,False,False,159233931,144193809.1529459,False,False,False,False,725535.3819242832,False,False,False,False
2023-10-20 00:00:00+00:00,2.68,2.79,2.615,2.72,20590,,3.6662015400645194,"rgba(239, 83, 80, 0.5)",0.5211016433612157,6.181586267270482,-6.71958400415802,43.20941317377948,-11.68805234828001,False,False,False,True,True,0.0,3.6831685,0.0,0.0,0.0,0.0,0,0.925860452826865,1.009889466962763,False,False,False,False,-0.23387867873143747,-0.24182844310207807,False,False,False,False,159213341,144782810.40185,False,False,False,False,697890.4649860761,False,False,False,False
2023-10-23 00:00:00+00:00,2.67,2.75,2.5841,2.6,14880,,3.666079815085876,"rgba(239, 83, 80, 0.5)",0.5125824704572582,6.181302516389431,-6.850219659788818,44.27398793238285,-10.814249884249882,False,False,False,True,True,0.0,3.6843684999999997,0.0,0.0,0.0,0.0,0,0.9247327362034093,1.0054771805082718,False,False,False,False,-0.24694922208098824,-0.24438883259153316,False,False,False,False,159198461,145348130.03315,False,False,False,False,671105.7408689751,False,False,False,False
2023-10-24 00:00:00+00:00,2.7319,2.7703,2.64,2.67,12824,,3.6663816118752734,#000000,0.5005788915982773,6.181161988130192,-6.890546217634524,46.12029560424067,-9.11294200581628,False,False,False,False,True,0.0,3.683278,0.0,0.0,0.0,0.0,0,0.9253888493086773,1.0105227320013361,False,False,False,False,-0.2329048117737393,-0.23864682218263622,False,False,False,False,159211285,145891783.1691049,False,False,False,False,645290.7706388192,False,False,False,False
2023-10-25 00:00:00+00:00,2.81,2.831,2.72,2.72,12111,,3.6672247002483127,#000000,0.49074013604776046,6.181172271973763,-6.869567056658412,48.70842753460737,-6.695814325912046,True,False,False,False,True,0.0,3.682253,0.0,0.0,0.0,0.0,0,0.9286357425748808,1.002908971848456,False,False,False,False,-0.20720346129767267,-0.22292514174015443,False,False,False,False,159223396,146414591.51541454,False,False,False,False,620460.1913980813,False,False,False,False
2023-10-26 00:00:00+00:00,2.96,2.98,2.7974,2.81,21760,,3.670270217264961,"rgba(38, 166, 154, 1.0)",0.4771750180855357,6.1815841713060395,-6.751368049885119,52.68311984565703,-3.020981496367689,True,False,True,False,True,0.0,3.6800529999999996,0.0,0.0,0.0,0.0,0,0.9293949414603628,1.016412803391085,False,False,False,False,-0.1663925832219411,-0.19465886248104775,False,False,False,False,159245156,146917750.9069669,False,False,False,False,596981.7525197252,False,False,False,False
2023-10-27 00:00:00+00:00,3.01,3.2,2.89,2.99,57893,,3.680290663693428,"rgba(38, 166, 154, 1.0)",0.4624198163288205,6.1831872246548,-6.862135039641963,56.00111786508497,-0.029271803436742516,True,False,True,False,True,0.0,3.6784030000000003,0.0,0.0,0.0,0.0,0,0.9432247615619938,0.9949998714619909,False,False,False,False,-0.11090513373224956,-0.15278199810664866,False,False,False,False,159303049,147403448.87139958,False,False,False,False,575841.0171267949,False,False,False,False
2023-10-30 00:00:00+00:00,2.76,3.0,2.7,3.0,25945,,3.681022289690939,"rgba(38, 166, 154, 1.0)",0.4525078635046912,6.182944411328458,-7.564386582848792,53.645032924823035,-0.029271803436742516,True,False,True,False,True,0.0,3.673603,0.0,0.0,0.0,0.0,0,0.9269544894349333,0.9998212016526071,False,False,False,False,-0.18027641953595508,-0.16652920882130187,False,False,False,False,159277104,147869082.4058545,False,False,False,False,554276.4674355481,False,False,False,False
2023-10-31 00:00:00+00:00,2.98,3.14,2.7899,2.7899,35490,,3.6842870099423104,"rgba(38, 166, 154, 1.0)",0.44209852235731034,6.183199238737636,-7.245442083040405,55.04935060334257,-0.029271803436742516,True,False,True,False,True,0.0,3.6688029999999996,0.0,0.0,0.0,0.0,0,0.9353918220213255,0.9865720544693528,False,False,False,False,-0.13921726289226558,-0.15287323585678372,False,False,False,False,159312594,148317847.5664092,False,False,False,False,533931.9000851345,False,False,False,False
2023-11-01 00:00:00+00:00,2.78,2.9099,2.71,2.89,16958,,3.6843610999800704,"rgba(38, 166, 154, 0.75)",0.43907788392858277,6.182938340814895,-7.750192996212016,53.11636094271891,-0.029271803436742516,True,False,True,False,False,0.0,3.661553,0.0,0.0,0.0,0.0,0,0.9264733524642548,0.9935652435433135,False,False,False,False,-0.19471741045366783,-0.17379532315522578,False,False,False,False,159295636,148748349.07360885,False,False,False,False,513658.4138072861,False,False,False,False
2023-11-02 00:00:00+00:00,2.88,2.9465,2.71,2.74,23149,,3.6848778591828286,"rgba(38, 166, 154, 0.75)",0.43639633945776746,6.182690298046486,-7.568098078343543,53.107190045347366,-0.029271803436742516,True,False,True,False,False,0.0,3.6559530000000002,0.0,0.0,0.0,0.0,0,0.921457343909292,0.9944488649078742,False,False,False,False,-0.18810930314074473,-0.18095231314798527,False,False,False,False,159318785,149162875.972683,False,False,False,False,494422.7505207259,False,False,False,False
2023-11-03 00:00:00+00:00,2.98,3.14,2.87,2.87,11382,,3.685820303685032,"rgba(38, 166, 154, 0.75)",0.4347626554035897,6.182747185650094,-7.366656601811827,54.30213499088951,-0.029271803436742516,True,False,True,False,False,0.0,3.654153,0.0,0.0,0.0,0.0,0,0.9357262874129876,0.9789016291536644,False,False,False,False,-0.12502742856633856,-0.15298987085716192,False,False,False,False,159330167,149561593.26787192,False,False,False,False,475479.97599050135,False,False,False,False
2023-11-06 00:00:00+00:00,3.21,3.24,2.99,3.07,24222,,3.689113736719398,"rgba(38, 166, 154, 1.0)",0.4338685573905293,6.183204467271006,-6.852776991154018,57.44760729307802,1.3039439277594767,True,False,True,False,True,0.0,3.6521030000000003,0.0,0.0,0.0,0.0,0,0.9453166602398136,0.9735091230711787,False,False,False,False,-0.08629333815008289,-0.1196416045036224,False,False,False,False,159354389,149945624.4730534,False,False,False,False,457783.5847751876,False,False,False,False
2023-11-07 00:00:00+00:00,3.18,3.23,3.13,3.23,9755,,3.6904761362778244,"rgba(38, 166, 154, 1.0)",0.434358394856401,6.183398932327091,-6.914564027984345,59.059912036269736,2.970957826700456,True,False,True,False,True,0.0,3.648553,0.0,0.0,0.0,0.0,0,0.9374234658336815,1.1251823987915845,False,False,False,False,-0.027553904811589206,-0.0735977546576058,False,False,False,False,159344634,150314213.08195326,False,False,False,False,440213.8363526312,False,False,False,False
2023-11-08 00:00:00+00:00,3.08,3.19,3.05,3.14,3811,,3.6908857575356016,"rgba(38, 166, 154, 1.0)",0.4340486941299591,6.183443159261401,-7.149988471874528,58.532221665462096,2.970957826700456,True,False,True,False,True,0.0,3.644053,0.0,0.0,0.0,0.0,0,0.9416144346646593,0.9930837624928263,False,False,False,False,-0.051296646029701,-0.062447200343653406,False,False,False,False,159340823,150668197.78462175,False,False,False,False,423099.9996329202,False,False,False,False
2023-11-09 00:00:00+00:00,3.12,3.16,3.0465,3.0885,5656,,3.691486764866437,"rgba(38, 166, 154, 1.0)",0.4324957266385502,6.183507119239708,-7.083323442407037,58.64602205869464,2.9886485810142815,True,False,True,False,True,0.0,3.6405529999999997,0.0,0.0,0.0,0.0,0,0.9309885627753722,1.007388918904522,False,False,False,False,-0.057934009597978765,-0.06019060497081609,False,False,False,False,159346479,151008522.538166,False,False,False,False,406729.646706139,False,False,False,False
2023-11-10 00:00:00+00:00,3.01,3.09,3.0035,3.0501,5047,,3.6918690429328103,"rgba(38, 166, 154, 1.0)",0.4322114331319533,6.183524227112491,-7.342527253654626,56.948163065886185,2.9886485810142815,True,False,True,False,True,0.0,3.637303,0.0,0.0,0.0,0.0,1,0.9728899806983682,0.9949911467721605,False,False,False,False,-0.08036382934411042,-0.07027721715746325,False,False,False,False,159341432,151335303.30137515,False,False,False,False,390977.38605099637,False,False,False,False
2023-11-13 00:00:00+00:00,3.07,3.17,2.89,2.89,12852,,3.6928491481646573,"rgba(38, 166, 154, 1.0)",0.4320129152768618,6.183569915773564,-7.207122300448326,56.61268147163082,2.9886485810142815,True,False,True,False,True,0.0,3.6339214999999996,0.0,0.0,0.0,0.0,0,0.9671064148060915,0.9568102611435567,False,False,False,False,-0.08702789861020076,-0.078652557883832,False,False,False,False,159354284,151649773.13269377,False,False,False,False,376148.9395391926,False,False,False,False
2023-11-14 00:00:00+00:00,3.06,3.1,3.02,3.1,12255,,3.6938112956323557,"rgba(38, 166, 154, 0.75)",0.4312225637725298,6.183621197185465,-7.2436404298017605,56.21481332750575,2.9886485810142815,True,False,True,False,False,0.0,3.6306715,0.0,0.0,0.0,0.0,0,0.9661839157508509,1.0562013794563312,False,False,False,False,-0.07509732214368176,-0.07687494001375689,False,False,False,False,159342029,151951430.2255293,False,False,False,False,361878.58896902815,False,False,False,False
2023-11-15 00:00:00+00:00,3.14,3.17,2.84,2.84,15257,,3.694891538698962,"rgba(38, 166, 154, 0.75)",0.4305170225598063,6.183655080187732,-7.069767095597051,57.07849224556628,2.9886485810142815,True,False,True,False,False,0.0,3.6273210000000002,0.0,0.0,0.0,0.0,1,0.9141411383534463,1.0607218915524483,False,False,False,False,-0.09698881512974207,-0.08693187757174947,False,False,False,False,159357286,152241855.94217524,False,False,False,False,348285.58548004663,False,False,False,False
2023-11-16 00:00:00+00:00,3.1499,3.1999,2.9501,3.035,18759,,3.6964564154947643,"rgba(38, 166, 154, 0.75)",0.43084624766216956,6.1837596223967015,-7.041629441729706,57.794825041454274,3.421480603679427,True,False,True,False,False,0.0,3.6222205,0.0,0.0,0.0,0.0,1,0.899719882793063,1.0550375025339542,False,False,False,False,-0.0691402368843752,-0.07803605722806234,False,False,False,False,159376045,152521628.06208995,False,False,False,False,335362.9742847507,False,False,False,False
2023-11-17 00:00:00+00:00,3.3,3.45,3.03,3.17,49522,,3.7026303454011718,"rgba(38, 166, 154, 1.0)",0.4323838282016769,6.184577512518052,-6.671335337668082,60.25410758887183,5.974595031061696,True,False,True,False,True,0.6617147715895833,3.6166844999999994,0.0,0.0,0.0,0.0,1,0.9218431002755676,1.0143917824021087,False,False,False,False,-0.0038421862261271322,-0.040939121727094734,False,False,False,False,159425567,152792370.7655374,False,False,False,False,324153.5243127997,False,False,False,False
2023-11-20 00:00:00+00:00,3.95,5.16,3.55,4.49,6245613,,4.025819227803744,"rgba(38, 166, 154, 1.0)",0.446818950504538,6.050354968709502,-4.700684620331855,66.65201406938904,12.0233790147838,True,False,True,False,True,5.24011834783018,3.6145344999999995,0.0,0.0,0.0,0.0,1,0.9360641154338972,0.9002032171975609,False,False,False,False,0.3428282162479894,0.15094454726044734,False,False,False,False,165671180,153297422.10806537,False,False,False,False,556367.6213985722,False,False,False,False
2023-11-21 00:00:00+00:00,3.96,4.4,3.56,4.0,964834,,4.016571913907253,"rgba(38, 166, 154, 1.0)",0.45998763294017436,6.03805087283895,-4.517623353385284,70.96447771068244,15.862597703600741,True,False,True,False,True,5.307501005833657,3.6077845,0.0,0.0,0.0,0.0,0,0.9349053730014294,0.9529169172609325,False,False,False,False,0.20529513438012667,0.178119840820287,False,True,False,False,166636014,153820504.1430432,False,False,False,False,572385.910755491,False,True,False,False
2023-11-22 00:00:00+00:00,3.55,4.75,3.21,4.55,3279500,,3.977955703024012,"rgba(38, 166, 154, 0.75)",0.46339276292166537,5.993318829728183,-5.272673691153905,67.5508891006296,15.862597703600741,True,False,True,False,False,2.1882427155058366,3.5979345,0.0,0.0,0.0,0.0,1,0.9451300591537349,0.9142666158744757,False,False,False,False,0.20529513438012661,0.1917074876002068,False,False,False,False,163356514,154194465.31390426,False,False,False,False,678547.247588609,False,False,False,False
2023-11-24 00:00:00+00:00,3.34,3.58,2.9,3.56,579812,,3.9593993702877457,"rgba(38, 166, 154, 0.75)",0.4634665313710879,5.98127209452384,-5.698948933184194,62.89041916218197,19.02460136926112,True,False,True,False,False,0.6524673906533884,3.5896345000000003,0.0,0.0,0.0,0.0,1,0.9249353906699278,0.9817916011335208,False,False,False,False,-0.04926221050692377,0.07122263854664151,False,False,False,False,162776702,154531023.6153198,False,False,False,False,674675.277094938,False,False,False,False
2023-11-27 00:00:00+00:00,3.23,3.23,2.91,3.22,238796,,3.9507241826340396,"rgba(38, 166, 154, 0.75)",0.460301651708977,5.975920223499715,-5.96547983980689,58.64831680043238,15.355136534314866,True,False,True,False,False,0.0,3.5815345,0.0,0.0,0.0,0.0,1,0.9335240970026428,0.9909307582514388,False,False,False,False,-0.10745270815516636,-0.018115034804262423,False,False,False,False,162537906,154845019.0029543,False,False,False,False,657581.9721108228,False,False,False,False
2023-11-28 00:00:00+00:00,3.42,3.47,3.0028,3.05,316033,,3.9419569561954497,"rgba(38, 166, 154, 0.75)",0.4577172475165431,5.969750552056705,-5.5705800161366,57.610442774294484,14.615116411360688,True,False,True,False,False,1.224676661595442,3.5793844999999997,0.0,0.0,0.0,0.0,1,0.9445900961301125,0.9677920761035612,False,False,False,False,-0.05048965408469541,-0.03430234444447892,False,False,False,False,162853939,155159094.2969561,False,False,False,False,644187.8947731435,False,False,False,False
2023-11-29 00:00:00+00:00,3.29,3.67,3.13,3.44,979769,,3.9195858027205097,"rgba(38, 166, 154, 0.75)",0.4555938302189569,5.952165959848797,-5.843287997489713,55.529739102439336,12.720073432785895,True,False,True,False,False,0.2677988588128777,3.5762845,0.0,0.0,0.0,0.0,1,0.9632184958420908,0.9521677262698915,False,False,False,False,0.005195206091300307,-0.014553569176589305,False,False,False,False,161874170,155422430.59903625,False,False,False,False,657347.9381153731,False,False,False,False
2023-11-30 00:00:00+00:00,3.25,3.49,3.1,3.49,443871,,3.908990365156254,#000000,0.45287020447093185,5.94397532468917,-5.9486698354033285,53.71858346685207,10.989046961321513,True,False,False,False,False,0.0,3.5727844999999996,0.0,0.0,0.0,0.0,1,0.9630307797449421,0.962424726953875,False,False,False,False,-0.030525841959607867,-0.022539705568098586,False,False,False,False,161430299,155658033.281427,False,False,False,False,648976.2934833977,False,False,False,False
2023-12-01 00:00:00+00:00,3.05,3.45,2.9452,3.45,894438,,3.8851665478978683,#000000,0.45105687395159494,5.926458581135969,-6.377152743369244,50.5094217281954,7.9010033011252006,False,False,False,False,False,0.0,3.5682845000000003,0.0,0.0,0.0,0.0,1,0.9584862819299905,0.9588268684957422,False,False,False,False,-0.06372918992052203,-0.04313444774431031,False,False,False,False,160535861,155849320.64293966,False,False,False,False,658602.2427585586,False,False,False,False
2023-12-04 00:00:00+00:00,2.95,3.0284,2.7262,2.95,279016,,3.8758398634944387,"rgba(239, 83, 80, 0.5)",0.44948875035103847,5.920267895694556,-6.608102857690781,47.46093875498714,4.985348642033713,False,False,False,True,False,0.0,3.5627845,0.0,0.0,0.0,0.0,1,0.9451736873627472,0.982356757835895,False,False,False,False,-0.17432486193914565,-0.10872965484172797,False,False,False,False,160256845,156022164.73537338,False,False,False,False,643716.5077484191,False,False,False,False
2023-12-05 00:00:00+00:00,2.65,2.9,2.65,2.78,127557,,3.870933412354689,"rgba(239, 83, 80, 1.0)",0.4477735943836721,5.917195401770808,-7.296534326165137,43.091382151905265,0.8631522549273498,False,True,False,True,False,0.0,3.5564845000000003,0.0,0.0,0.0,0.0,1,0.949058679400955,0.9865989949246188,False,False,False,False,-0.2104251801303405,-0.15957741748603424,False,False,False,False,160129288,156183228.39280972,False,False,False,False,623474.9584249516,False,False,False,False
2023-12-06 00:00:00+00:00,2.66,2.7659,2.56,2.6,110369,,3.8664742652157513,"rgba(239, 83, 80, 1.0)",0.44669588151897266,5.914454111353694,-7.2856147683454,40.31351439204154,-1.727331100048687,False,True,False,True,False,0.0,3.55073,0.0,0.0,0.0,0.0,1,0.9455793440580823,0.9936897204728616,False,False,False,False,-0.25060014892402976,-0.205088783205032,False,False,False,False,160239657,156342304.02446425,False,False,False,False,603353.156133777,False,False,False,False
2023-12-07 00:00:00+00:00,2.45,2.6899,2.4001,2.61,127917,,3.8607269777386115,"rgba(239, 83, 80, 1.0)",0.44914131258894474,5.9110589761472525,-7.7059466122075975,37.01484400286154,-4.842071856400281,False,True,False,True,False,0.0,3.5439799999999995,0.0,0.0,0.0,0.0,1,0.9322658026729804,0.9941244275522597,False,False,False,False,-0.2937674473257748,-0.2494281152654034,False,False,False,False,160111740,156490125.04311273,False,False,False,False,584708.600991276,False,False,False,False
2023-12-08 00:00:00+00:00,2.49,2.6,2.42,2.45,65576,,3.8577895987627917,"rgba(239, 83, 80, 1.0)",0.45071426170152107,5.909319118186643,-7.586445357371533,35.407102461988,-6.4143028055351365,False,True,False,True,False,0.0,3.537955,0.0,0.0,0.0,0.0,0,0.9341863130828092,0.9968028749341673,False,False,False,False,-0.30677736486268337,-0.2781027400640434,False,False,False,False,160177316,156634720.76691225,False,False,False,False,564350.4597759318,False,False,False,False
2023-12-11 00:00:00+00:00,2.37,2.43,2.3001,2.42,97970,,3.8529887792312048,"rgba(239, 83, 80, 1.0)",0.4537971374054308,5.906564834889712,-7.793272683714792,33.502490159367866,-8.362720470131649,False,True,False,True,False,0.0,3.531805,0.0,0.0,0.0,0.0,0,0.9226114689049036,1.0079360174048475,False,False,False,False,-0.34282825441539394,-0.31046549723971867,False,False,False,False,160079346,156769804.1093863,False,False,False,False,546061.0299807972,False,False,False,False
2023-12-12 00:00:00+00:00,2.29,2.36,2.25,2.33,55925,,3.5325741263789476,"rgba(239, 83, 80, 1.0)",0.4585672502462911,5.681072757603827,-7.394930091022684,31.699769796825162,-10.271600897459955,False,True,False,True,False,0.0,3.525455,0.0,0.0,0.0,0.0,0,0.9208493612502083,1.0069030668634262,False,False,False,False,-0.34282825441539394,-0.3266468758275563,False,False,False,False,160023421,156897396.92862606,False,False,False,False,526840.0091972365,False,False,False,False
2023-12-13 00:00:00+00:00,2.935,2.9771,2.25,2.25,588924,,3.3569531622985203,"rgba(239, 83, 80, 0.75)",0.4558314007188705,5.4849989304854745,-5.594171280135571,38.24489154434755,-10.271600897459955,False,True,False,True,True,0.0,3.5219799999999997,0.0,0.0,0.0,0.0,0,0.9401484838258691,0.9633189509714117,False,False,False,False,-0.2348885086790722,-0.28076769225331427,False,False,False,False,160612345,157043081.16671917,False,False,False,False,529274.6755032273,False,False,False,False
2023-12-14 00:00:00+00:00,2.84,2.98,2.7,2.83,106560,,3.362322868964828,"rgba(239, 83, 80, 0.75)",0.454271584768599,5.48492910274975,-5.82235207182736,41.756831826428495,-16.755920129357172,False,True,False,True,True,0.0,3.5188240000000004,0.0,0.0,0.0,0.0,0,0.973579667831331,0.9496482075336233,False,False,False,False,-0.15908469333139005,-0.21992619279235215,False,False,False,False,160505785,157178873.47390667,False,False,False,False,512697.6294050615,False,False,False,False
2023-12-15 00:00:00+00:00,2.99,3.05,2.71,2.9,169542,,3.3731547742715025,"rgba(239, 83, 80, 0.5)",0.45178765753719885,5.4854541954730065,-5.523511220019413,45.456285531405044,-13.291785835540026,False,False,False,True,True,0.0,3.516274,0.0,0.0,0.0,0.0,0,0.9732534173556654,0.9477861221008737,False,False,False,False,-0.1459046646888405,-0.18291542874059633,False,False,False,False,160675327,157315989.29845935,False,False,False,False,499240.54589898064,False,False,False,False
2023-12-18 00:00:00+00:00,3.0797,3.14,2.96,2.97,144272,,3.3871828217998363,#000000,0.45039025083486584,5.487203087475185,-5.345371226425345,48.704025312463315,-10.235105311571054,False,False,False,False,True,0.0,3.5144725,0.0,0.0,0.0,0.0,0,0.9839805596187421,0.9432831595338079,False,False,False,False,-0.09039173812145082,-0.13665358343102357,False,False,False,False,160819599,157453385.7573433,False,False,False,False,485320.2107656873,False,False,False,False
2023-12-19 00:00:00+00:00,2.94,3.5998,2.82,3.54,941242,,3.281125199779462,#000000,0.4495948743258383,5.306458688835568,-5.263535738444622,49.42478627219242,-9.458778620797105,False,False,False,False,True,0.0,3.5121724999999997,0.0,0.0,0.0,0.0,0,0.9789273117011261,0.916559866622812,False,False,False,False,-0.03868564283538492,-0.08766961313320425,False,False,False,False,159878357,157548482.66882002,False,False,False,False,503199.4966180133,False,False,False,False
2023-12-20 00:00:00+00:00,2.78,3.03,2.65,2.86,181651,,3.2632862125730546,#000000,0.43317784462518455,5.299665400267902,-5.816699610867889,48.37934153728679,-9.458778620797105,False,False,False,False,True,0.0,3.5095725,0.0,0.0,0.0,0.0,0,0.9708019390736783,0.9512096819336994,False,False,False,False,-0.15908469333139005,-0.12337715323229714,False,False,False,False,159696706,157632726.72102317,False,False,False,False,490589.751652601,False,False,False,False
2023-12-21 00:00:00+00:00,2.69,2.8237,2.66,2.78,54680,,3.256712037090833,"rgba(239, 83, 80, 0.5)",0.4188807799085838,5.297294544207687,-6.224431077445713,46.86849212355004,-9.458778620797105,False,False,False,True,True,0.0,3.5065225,0.0,0.0,0.0,0.0,0,0.9709219027868369,0.9601235373148472,False,False,False,False,-0.19166873718184763,-0.15752294520707238,False,False,False,False,159642026,157711522.7711791,False,False,False,False,473495.2515877931,False,False,False,False
2023-12-22 00:00:00+00:00,2.71,2.77,2.54,2.65,101413,,3.243707391672385,"rgba(239, 83, 80, 0.5)",0.40574012811232674,5.292670003560859,-6.365330477851732,46.09953596584692,-9.458778620797105,False,False,False,True,True,0.0,3.5052225000000004,0.0,0.0,0.0,0.0,0,0.9660559776666537,0.9649459703961057,False,False,False,False,-0.22083846994906364,-0.189180707578068,False,False,False,False,159743439,157791205.76054463,False,False,False,False,458903.790741213,False,False,False,False
2023-12-26 00:00:00+00:00,2.54,2.7,2.51,2.61,69030,,3.233510570762968,"rgba(239, 83, 80, 1.0)",0.39316812811571195,5.289156168774557,-6.9923169559803755,44.006961414008344,-9.458778620797105,False,True,False,True,False,0.0,3.5040224999999996,0.0,0.0,0.0,0.0,0,0.9723233145143764,0.9664714176638108,False,False,False,False,-0.23779783712417255,-0.21348927235112028,False,False,False,False,159674409,157865056.86797425,False,False,False,False,443614.62247685174,False,False,False,False
2023-12-27 00:00:00+00:00,2.5,2.6,2.45,2.6,105437,,3.2169584231389883,"rgba(239, 83, 80, 1.0)",0.36926308601827884,5.283511555076935,-7.538017366131066,42.25627292215456,-9.458778620797105,False,True,False,True,False,0.0,3.503077,0.0,0.0,0.0,0.0,0,0.9681097969203303,0.9669326043293901,False,False,False,False,-0.26521922482665417,-0.2393542485888872,False,False,False,False,159568972,157931877.06923014,False,False,False,False,430352.7549287399,False,False,False,False
2023-12-28 00:00:00+00:00,2.5001,2.5922,2.47,2.555,42390,,3.210806026542019,"rgba(239, 83, 80, 1.0)",0.35456204792289103,5.281369171927208,-7.844238231983783,41.09065130365733,-9.458778620797105,False,True,False,True,False,0.0,3.5021319999999996,0.0,0.0,0.0,0.0,0,0.9689347946069542,0.9738795462993203,False,False,False,False,-0.2631150545779222,-0.25123465158340474,False,False,False,False,159611362,157997739.22337797,False,False,False,False,415138.5292452599,False,False,False,False
2023-12-29 00:00:00+00:00,2.57,2.6972,2.43,2.5,104832,,3.197947849552537,"rgba(239, 83, 80, 1.0)",0.348933991625865,5.276684898023236,-7.757011248492537,41.40794974139597,-9.458778620797105,False,True,False,True,False,0.0,3.500432,0.0,0.0,0.0,0.0,0,0.9587480348720879,0.9892582535372297,False,False,False,False,-0.2519421252300606,-0.2515883884067327,False,False,False,False,159716194,158065129.6067749,False,False,False,False,402969.64574544574,False,False,False,False
2024-01-02 00:00:00+00:00,2.78,2.9738,2.5,2.63,122969,,3.1906590306097034,"rgba(239, 83, 80, 0.75)",0.341040165223604,5.273253832032133,-7.3107337090263975,44.52707978557252,-9.458778620797105,False,True,False,True,True,0.0,3.500932,0.0,0.0,0.0,0.0,1,0.9543693741812519,0.9648381057330638,False,False,False,False,-0.19332218119344913,-0.2224552848000909,False,False,False,False,159839163,158134699.5437641,False,False,False,False,391989.2282652322,False,False,False,False
2024-01-03 00:00:00+00:00,2.7987,2.87,2.7215,2.7698,92378,,3.186705693928924,#000000,0.33671029730877133,5.271079194851901,-7.342748988115058,46.844926721618364,-9.458778620797105,False,False,False,False,True,0.0,3.5022755,0.0,0.0,0.0,0.0,0,0.968744017387583,0.9695041610828945,False,False,False,False,-0.17372942919933204,-0.19809235699971148,False,False,False,False,159931541,158205163.9145969,False,False,False,False,380239.7683332623,False,False,False,False
2024-01-04 00:00:00+00:00,2.675,2.83,2.6201,2.83,57808,,3.18297325536856,#000000,0.3340304347522667,5.269379197557127,-7.766894652821818,46.749543111748245,-9.458778620797105,False,False,False,False,True,0.0,3.5025005,0.0,0.0,0.0,0.0,1,0.9648614340758715,0.9695795279659395,False,False,False,False,-0.19728468907122615,-0.1976885230354688,False,False,False,False,159873733,158270597.9963774,False,False,False,False,367595.3852613697,False,False,False,False
2024-01-05 00:00:00+00:00,2.6018,2.7545,2.55,2.68,62077,,3.1779352887593246,"rgba(239, 83, 80, 0.75)",0.3340396294505953,5.267274463034719,-7.97951568626364,45.776713360040304,-9.458778620797105,False,True,False,True,True,0.0,3.5022045000000004,0.0,0.0,0.0,0.0,1,0.9579595033001455,0.975064324868553,False,False,False,False,-0.2217679092039867,-0.20972821611972775,False,False,False,False,159811656,158331031.64357832,False,False,False,False,355614.272113865,False,False,False,False
2024-01-08 00:00:00+00:00,2.54,2.62,2.5,2.55,42349,,3.173722110004424,"rgba(239, 83, 80, 0.75)",0.33425615115361995,5.265627774064111,-8.15430849860844,44.37424880970548,-9.458778620797105,False,True,False,True,True,0.0,3.5006545,0.0,0.0,0.0,0.0,1,0.9507128081847153,0.9859898250125787,False,False,False,False,-0.25317666483705464,-0.2314524404783912,False,False,False,False,159769307,158387434.5987321,False,False,False,False,343329.3594819487,False,False,False,False
2024-01-09 00:00:00+00:00,2.61,2.68,2.54,2.54,37584,,3.1706161470478214,"rgba(239, 83, 80, 0.75)",0.33404021199951406,5.2643354142301835,-7.946155339627329,44.615849791726674,-9.458778620797105,False,True,False,True,True,0.0,3.5003045000000004,0.0,0.0,0.0,0.0,1,0.9484992490641322,0.9909439375938663,False,False,False,False,-0.23609599877394885,-0.23377421962617,False,False,False,False,159806891,158443099.5556446,False,False,False,False,331339.34538461745,False,False,False,False
2024-01-10 00:00:00+00:00,2.59,2.6405,2.54,2.57,37231,,3.1674258085797753,"rgba(239, 83, 80, 0.75)",0.33450872702801876,5.263023403981059,-7.99089287663686,44.49682329444131,-9.458778620797105,False,True,False,True,True,0.0,3.4995665000000002,0.0,0.0,0.0,0.0,1,0.942636476532331,1.0055514916444093,False,False,False,False,-0.24282618757058116,-0.2383002035983756,False,False,False,False,159769660,158495121.53385463,False,False,False,False,319805.68478129915,False,False,False,False
2024-01-11 00:00:00+00:00,2.5,2.6062,2.42,2.5912,68196,,3.1604172288157244,"rgba(239, 83, 80, 1.0)",0.3351864827042334,5.260302254402886,-8.23512401852601,43.1717324123771,-9.458778620797105,False,True,False,True,False,0.0,3.4988609999999998,0.0,0.0,0.0,0.0,1,0.9467994586290982,0.9966992364842867,False,False,False,False,-0.26933071480522,-0.25381545920179777,False,False,False,False,159701464,158542429.0815466,False,False,False,False,309938.6383192874,False,False,False,False
2024-01-12 00:00:00+00:00,2.34,2.59,2.32,2.46,52099,,3.154112703219304,"rgba(239, 83, 80, 1.0)",0.3394901070461848,5.257962787797346,-8.595133487646464,40.37403503659449,-4.913448784995694,False,True,False,True,False,0.0,3.4975104999999997,0.0,0.0,0.0,0.0,1,0.9372683336110936,1.0073730971030563,False,False,False,False,-0.28953559617148694,-0.2716755276866424,False,False,False,False,159649365,158585838.33325067,False,False,False,False,299827.2799538251,False,False,False,False
2024-01-16 00:00:00+00:00,2.1,2.3799,2.02,2.31,109832,,3.1351445702333387,"rgba(239, 83, 80, 1.0)",0.34975119159979046,5.251478117234813,-9.01062867811742,36.31175037353514,-8.832050292841714,False,True,False,True,False,0.0,3.4948604999999997,0.0,0.0,0.0,0.0,1,0.9290149219598648,1.010199531187467,False,False,False,False,-0.34282825441539394,-0.30725189105101813,False,False,False,False,159539533,158623238.1241036,False,False,False,False,292376.4846615183,False,False,False,False
2024-01-17 00:00:00+00:00,2.09,2.19,2.0401,2.1,22712,,3.131068389074944,"rgba(239, 83, 80, 1.0)",0.3594905912741842,5.250092327026443,-8.79047297406522,33.52264643457645,-11.423843360589679,False,True,False,True,False,0.0,3.4921605,0.0,0.0,0.0,0.0,0,0.9298165981016293,1.023264232033278,False,False,False,False,-0.34282825441539394,-0.325040072733206,False,False,False,False,159516821,158658280.58982503,False,False,False,False,281801.4068316549,False,False,False,False
2024-01-18 00:00:00+00:00,2.065,2.1499,2.04,2.08,25065,,3.126510813476883,"rgba(239, 83, 80, 1.0)",0.36924420809900677,5.248545639038921,-8.621788965706148,31.447749540227758,-13.329186025536139,False,True,False,True,False,0.0,3.4895855,0.0,0.0,0.0,0.0,0,0.9198807721971899,1.037026727672332,False,False,False,False,-0.34282825441539394,-0.33393416357429995,False,False,False,False,159491756,158690965.90002796,False,False,False,False,271733.3124460998,False,False,False,False
2024-01-19 00:00:00+00:00,2.06,2.15,2.03,2.03,28527,,3.1213740831350214,"rgba(239, 83, 80, 1.0)",0.3789912112274315,5.246797369971487,-8.408631323271239,30.018407502225376,-14.666755357571105,False,True,False,True,False,0.0,3.4860605,0.0,0.0,0.0,0.0,0,0.9122092105493939,1.0437550791321477,False,False,False,False,-0.34282825441539394,-0.3383812089948469,False,False,False,False,159463229,158721250.72747785,False,False,False,False,262195.80999723315,False,False,False,False
2024-01-22 00:00:00+00:00,2.09,2.65,2.01,2.37,876310,,3.022112835007635,"rgba(239, 83, 80, 1.0)",0.38712201473920826,5.2085356126309,-8.055691729987917,29.850741834215526,-14.904352205775083,False,True,False,True,False,0.0,3.4834104999999997,0.0,0.0,0.0,0.0,0,0.9058279444353134,1.0135114456226653,False,False,False,False,-0.2661794380580906,-0.3022803235264687,False,False,False,False,160339539,158784713.0126748,False,False,False,False,286278.71940910636,False,False,False,False
2024-01-23 00:00:00+00:00,1.8,2.15,1.64,2.15,262812,,2.6527792306716513,"rgba(239, 83, 80, 1.0)",0.4027890520134205,4.9528099272287225,-7.827446926545745,27.221401751333705,-17.508835766885163,False,True,False,True,False,0.0,3.4793105000000004,0.0,0.0,0.0,0.0,0,0.8916638448343817,1.0387692000244246,True,False,False,False,-0.34282825441539394,-0.3225542889709313,False,False,False,False,160076727,158835380.22786403,False,False,False,False,285358.4559028669,False,False,False,False
2024-01-24 00:00:00+00:00,1.88,1.91,1.78,1.91,132506,,2.6358120904437268,"rgba(239, 83, 80, 1.0)",0.41545598249976257,4.945904691273346,-7.379613774788038,27.342815934600473,-17.508835766885163,False,True,False,True,False,0.0,3.4750605,0.0,0.0,0.0,0.0,0,0.8997215875058234,1.0503804601016036,False,False,False,False,-0.34282825441539394,-0.3326912716931626,False,False,False,False,160209233,158889256.80716348,False,False,False,False,279364.2419458917,False,False,False,False
2024-01-25 00:00:00+00:00,1.78,1.9099,1.6701,1.88,208408,,2.6043717595025146,"rgba(239, 83, 80, 1.0)",0.4304990971815415,4.933773905587767,-7.325854865284003,26.59486782608643,-18.41776125608756,False,True,False,True,False,0.0,3.4703105,0.0,0.0,0.0,0.0,0,0.8983700651643429,1.0478404327397113,False,False,False,False,-0.34282825441539394,-0.33775976305427824,False,False,False,False,160000825,158932847.7166865,True,False,False,False,276581.6442225234,False,False,False,False
2024-01-26 00:00:00+00:00,1.95,2.07,1.8,1.82,161727,,2.593307613083946,"rgba(239, 83, 80, 0.75)",0.4396690539467688,4.927887660585907,-6.773020829768116,29.69778495875012,-18.41776125608756,False,True,False,True,True,0.0,3.4664105000000003,0.0,0.0,0.0,0.0,0,0.9107250015139754,1.0423032244922672,False,False,False,False,-0.3015058431989718,-0.319632803126625,False,False,False,False,160162552,158981071.41407135,False,False,False,False,272077.54052752245,False,False,False,False
2024-01-29 00:00:00+00:00,1.88,2.0,1.79,1.97,59845,,2.5878748428517038,"rgba(239, 83, 80, 0.75)",0.45032470714287,4.925357539173097,-6.7625815125593975,31.03239942129831,-18.41776125608756,False,True,False,True,True,0.0,3.4640105,0.0,0.0,0.0,0.0,0,0.9037066595241088,1.0420026128642563,False,False,False,False,-0.31280026708713027,-0.31621653510687764,False,False,False,False,160102707,159025057.12332347,False,False,False,False,263754.69580095296,False,False,False,False
2024-01-30 00:00:00+00:00,1.91,1.98,1.88,1.8818,60639,,2.583169932935765,"rgba(239, 83, 80, 0.75)",0.4598893018666772,4.9230101896316665,-6.55159878127616,32.543148884825946,-22.399741985061745,False,True,False,True,True,0.0,3.4603604999999997,0.0,0.0,0.0,0.0,0,0.9174273835950865,1.0475196660780215,False,False,False,False,-0.30291351550654744,-0.30956502530671254,False,False,False,False,160163346,159069695.90280098,False,False,False,False,255789.37439699404,False,False,False,False
2024-01-31 00:00:00+00:00,1.85,1.94,1.85,1.85,41609,,2.5793150003495695,"rgba(239, 83, 80, 0.75)",0.4703911761715652,4.921231373176006,-6.529100733079738,32.86010226542072,-21.952373459299537,False,True,False,True,True,0.0,3.4567105,0.0,0.0,0.0,0.0,0,0.9088654680719158,1.0518478801181834,False,False,False,False,-0.31280026708713027,-0.3111826461969214,False,False,False,False,160121737,159110952.41641665,False,False,False,False,247390.14402848447,False,False,False,False
2024-02-01 00:00:00+00:00,1.89,1.97,1.85,1.9,29290,,2.5768648260104605,"rgba(239, 83, 80, 0.75)",0.47864932250592795,4.920050470384682,-6.330418383381616,33.97916038159011,-20.702324231869092,False,True,False,True,True,0.0,3.4523604999999997,0.0,0.0,0.0,0.0,0,0.9027737541396137,1.065234062132547,False,False,False,False,-0.3085559355728437,-0.3098692908848826,False,False,False,False,160151027,159151739.65498856,False,False,False,False,238837.19720383803,False,False,False,False
2024-02-02 00:00:00+00:00,2.03,2.1,1.83,1.83,73597,,2.57277466823901,"rgba(239, 83, 80, 0.75)",0.48408386499634365,4.917645031015584,-5.965175127325087,37.62051071663118,-17.14341246933185,False,True,False,True,True,0.0,3.4479179999999996,0.0,0.0,0.0,0.0,0,0.8750117082857196,1.173494938898359,False,False,False,False,-0.284711745767971,-0.2972905183264268,False,False,False,False,160224624,159193813.55087137,False,False,False,False,232357.18947035418,False,False,False,False
2024-02-05 00:00:00+00:00,2.1,2.11,1.98,2.11,53264,,2.5710495875994144,"rgba(239, 83, 80, 0.5)",0.48837507874479785,4.916243384768057,-5.766558342834064,41.32779347399333,-13.669987750823005,False,False,False,True,True,0.0,3.4446179999999997,0.0,0.0,0.0,0.0,0,0.878360983514437,1.1312310919153434,False,False,False,False,-0.2587763849125054,-0.2780334516194661,False,False,False,False,160277888,159236326.27436662,False,False,False,False,225333.9271381834,False,False,False,False
2024-02-06 00:00:00+00:00,2.24,2.25,2.1,2.11,83483,,2.5714755393454913,#000000,0.4911029846202846,4.914909818610176,-5.446739079947531,46.070370710442674,-9.346199443703227,True,False,False,False,True,0.0,3.4432679999999998,0.0,0.0,0.0,0.0,0,0.8999877823534063,1.1594331011980477,False,False,False,False,-0.17390613844277772,-0.2259697950311219,False,False,False,False,160361371,159280445.67537183,False,False,False,False,219771.14568178408,False,False,False,False
2024-02-07 00:00:00+00:00,2.28,2.3,2.1701,2.27,61428,,2.572420031736862,"rgba(38, 166, 154, 1.0)",0.4934727082171858,4.914111334614585,-5.337906819874763,49.82615892002049,-6.043758948231712,True,False,True,False,True,0.0,3.4421675,0.0,0.0,0.0,0.0,0,0.9243127160623158,1.0747070531719063,False,False,False,False,-0.14864229219660688,-0.18730604361386438,False,False,False,False,160422799,159325243.84496507,False,False,False,False,213561.61055700824,False,False,False,False
2024-02-08 00:00:00+00:00,2.3,2.42,2.23,2.34,107112,,2.5753801066083484,"rgba(38, 166, 154, 1.0)",0.49555330571014145,4.913101147462807,-5.27309800449855,52.63688620381864,-3.619030465427997,True,False,True,False,True,0.0,3.4425170000000005,0.0,0.0,0.0,0.0,0,0.9351122354124441,1.0486429649045268,False,False,False,False,-0.11113858046067716,-0.14922231203727077,False,False,False,False,160529911,159372485.69418213,False,False,False,False,209387.11602536088,False,False,False,False
2024-02-09 00:00:00+00:00,2.23,2.4,2.0001,2.4,151853,,2.574042732202771,"rgba(38, 166, 154, 1.0)",0.49836374344672274,4.9101812521058115,-5.377961955196556,53.02111302168365,-3.3611018089299094,True,False,True,False,True,0.0,3.442117,0.0,0.0,0.0,0.0,0,0.9100628786312218,1.0688065314125093,False,False,False,False,-0.16334233846185145,-0.1562823252495611,False,False,False,False,160378058,159411919.90225342,False,False,False,False,207130.87618122908,False,False,False,False
2024-02-12 00:00:00+00:00,2.09,2.38,2.02,2.2,123785,,2.571033904772502,"rgba(38, 166, 154, 1.0)",0.5029849506034771,4.907288976699768,-5.601139702727901,50.68841468616884,-3.3611018089299094,True,False,True,False,True,0.0,3.4400169999999997,0.0,0.0,0.0,0.0,0,0.900472939915663,1.0868532022458817,False,False,False,False,-0.1513443782342996,-0.15381335174193034,False,False,False,False,160254273,159444953.35706702,False,False,False,False,203862.41044863185,False,False,False,False
2024-02-13 00:00:00+00:00,2.04,2.1707,2.0,2.11,60345,,2.5681591199119316,#000000,0.5079926107785963,4.905490629924278,-5.640811636083375,48.30979486928581,-3.3611018089299094,True,False,False,False,False,0.0,3.4382170000000003,0.0,0.0,0.0,0.0,0,0.8995386171154088,1.0906727973707488,False,False,False,False,-0.19515535631435388,-0.1744843540281421,False,False,False,False,160193928,159474324.91169184,False,False,False,False,198234.27670554825,False,False,False,False
2024-02-14 00:00:00+00:00,2.12,2.23,2.0,2.02,132737,,2.563312703192587,#000000,0.510612257462078,4.901952932871137,-5.448268999060891,48.3482245999817,-3.3611018089299094,True,False,False,False,False,0.0,3.4363170000000003,0.0,0.0,0.0,0.0,0,0.9098103821429727,1.0846658267920013,False,False,False,False,-0.18088021381141794,-0.17768228391978003,False,False,False,False,160326665,159507750.0131941,False,False,False,False,195665.75605042872,False,False,False,False
2024-02-15 00:00:00+00:00,2.12,2.21,1.98,2.12,127264,,2.5583043903059943,#000000,0.5125166533811774,4.898466641341462,-5.4212221651947265,48.37384442044562,-3.3611018089299094,True,False,False,False,False,0.0,3.2919169999999998,0.0,0.0,0.0,0.0,0,0.9270729921067621,1.0543901049719255,False,False,False,False,-0.19050096056452545,-0.18409162224215275,False,False,False,False,160326665,159539864.3264022,False,False,False,False,192983.33424452957,False,False,False,False
2024-02-16 00:00:00+00:00,2.36,2.4499,1.9,2.08,891328,,2.3198550560258164,"rgba(38, 166, 154, 1.0)",0.5133323539176423,4.660688483861069,-4.481869234040498,52.49255579152759,-3.3611018089299094,True,False,True,False,True,0.0,3.286717,0.0,0.0,0.0,0.0,0,0.9322109594940544,1.0279211095072127,False,False,False,False,-0.15223216412334323,-0.168161893182748,False,False,False,False,161217993,159605673.29399425,False,False,False,False,220369.3995682735,False,False,False,False
2024-02-20 00:00:00+00:00,2.15,2.3999,2.15,2.32,284684,,2.3177766589357525,"rgba(38, 166, 154, 1.0)",0.5147332586501572,4.65511363466545,-4.866819061264646,51.45789697571308,-3.3611018089299094,True,False,True,False,True,0.0,3.2686170000000003,0.0,0.0,0.0,0.0,0,0.9594688028991726,1.021139800840823,False,False,False,False,-0.1049686840089243,-0.13656528859583614,False,False,False,False,160933309,159657737.4393278,False,False,False,False,222891.54076167458,False,False,False,False
2024-02-21 00:00:00+00:00,2.075,2.155,2.03,2.12,80149,,2.3135790079844747,#000000,0.5182649849137376,4.6525471498165425,-4.973415578607073,49.64285795527629,-3.3611018089299094,True,False,False,False,True,0.0,3.244592,0.0,0.0,0.0,0.0,1,0.9621439672735764,1.0350214606099157,False,False,False,False,-0.19170597224878896,-0.16413563042231255,False,False,False,False,160853160,159704616.7554326,False,False,False,False,217293.79406513833,False,False,False,False
2024-02-22 00:00:00+00:00,2.12,2.2,2.05,2.09,53823,,2.311509605519165,#000000,0.52042451555383,4.651030646021827,-4.863396266658061,49.20961693869002,-3.3611018089299094,True,False,False,False,False,0.0,3.2261919999999997,0.0,0.0,0.0,0.0,1,0.9620603643819472,1.0242167886923734,False,False,False,False,-0.17608234063930647,-0.1701089855308095,False,False,False,False,160906983,159751768.37286663,False,False,False,False,210883.17469003488,False,False,False,False
2024-02-23 00:00:00+00:00,1.96,2.1799,1.95,2.09,105424,,2.304896172240086,"rgba(239, 83, 80, 0.5)",0.5237862351887672,4.647339972125724,-5.130604417577399,46.5932550915436,2.3517266831472483,True,False,False,True,False,0.0,3.205292,0.0,0.0,0.0,0.0,1,0.9686114530781054,1.0169052389343498,False,False,False,False,-0.20502250931198682,-0.18756574742139814,False,False,False,False,160801559,159792936.6327542,False,False,False,False,206747.52078062174,False,False,False,False
2024-02-26 00:00:00+00:00,1.97,2.06,1.9,1.94,81949,,2.298921854936343,"rgba(239, 83, 80, 0.5)",0.523538860421479,4.644230020958381,-5.107987626373086,45.04120471299992,0.7172529124023654,True,False,False,True,False,0.0,3.189992,0.0,0.0,0.0,0.0,1,0.9695222207072449,1.0216552642343255,False,False,False,False,-0.2465617313663019,-0.21706373939385004,False,False,False,False,160883508,159835704.13735208,False,False,False,False,201853.46114216596,False,False,False,False
2024-02-27 00:00:00+00:00,1.96,2.0304,1.86,2.03,55434,,2.2946898432028044,"rgba(239, 83, 80, 0.5)",0.5234087676100397,4.642068535290619,-5.124233106635437,43.85692849707627,-0.5832400912063349,True,False,False,True,False,0.0,3.174642,0.0,0.0,0.0,0.0,1,0.9647396611649345,1.0769598871669153,False,False,False,False,-0.2638143124519105,-0.24043902592288027,False,False,False,False,160828074,159874620.60255396,False,False,False,False,196111.521489532,False,False,False,False
2024-02-28 00:00:00+00:00,1.95,1.9885,1.9,1.9,45122,,2.291320564026838,"rgba(239, 83, 80, 0.5)",0.5244347876328659,4.640328055994816,-5.129957278650626,42.90653152774169,-1.6895831770920182,True,False,False,True,False,0.0,3.1623919999999996,0.0,0.0,0.0,0.0,1,0.9291802831082177,1.0820399491463233,False,False,False,False,-0.26428740329797046,-0.2523632146104254,False,False,False,False,160782952,159910241.44166952,False,False,False,False,190190.36378406017,False,False,False,False
2024-02-29 00:00:00+00:00,2.07,2.1299,1.91,1.91,190240,,2.282387112014714,"rgba(239, 83, 80, 0.5)",0.5228270635414938,4.634471931517633,-4.905009916943801,44.890627819538416,-1.6895831770920182,True,False,False,True,False,0.0,3.1527419999999995,0.0,0.0,0.0,0.0,1,0.9284470421903825,1.0767340816220963,False,False,False,False,-0.22693118931091727,-0.23964720196067132,False,False,False,False,160973192,159951925.7772903,False,False,False,False,190192.31030233233,False,False,False,False
2024-03-01 00:00:00+00:00,2.08,2.1,1.99,1.99,105760,,2.278321150216284,"rgba(239, 83, 80, 0.5)",0.5222851970141121,4.63146985843818,-4.885204239034252,46.41886444384974,-1.6895831770920182,True,False,False,True,True,0.0,3.141442,0.0,0.0,0.0,0.0,1,0.9132682266821628,1.087599091051015,False,False,False,False,-0.21471022178760527,-0.2271787118741383,False,False,False,False,161078952,159996122.88406324,False,False,False,False,186881.23931008403,False,False,False,False
2024-03-04 00:00:00+00:00,1.97,2.11,1.97,2.1,74587,,2.2748948926517527,"rgba(239, 83, 80, 0.5)",0.5219702072823126,4.6291916452952115,-5.094527634327149,45.33830029016233,-1.6895831770920182,True,False,False,True,True,0.0,3.1196420000000002,0.0,0.0,0.0,0.0,1,0.9191919191919191,1.134049586776859,False,False,False,False,-0.1746103313666521,-0.2008945216203952,False,False,False,False,161004365,160035661.79057056,False,False,False,False,182477.54365086506,False,False,False,False
2024-03-05 00:00:00+00:00,1.97,2.0057,1.9,1.97,44201,,2.272343496693245,"rgba(239, 83, 80, 0.5)",0.5213867537827079,4.627691008645455,-5.097350458874659,44.617924187704055,-1.6895831770920182,True,False,False,True,True,0.0,3.096442,0.0,0.0,0.0,0.0,1,0.9265239221153575,1.0936631592829482,False,False,False,False,-0.22695137604212473,-0.21392294883125995,False,False,False,False,161004365,160073650.15172464,False,False,False,False,177054.93409592917,False,False,False,False
2024-03-06 00:00:00+00:00,2.0,2.0,1.85,1.98,66387,,2.2684948366000905,"rgba(239, 83, 80, 0.5)",0.5187049486720047,4.625430584178266,-5.061510577255777,44.901279747545985,-1.6895831770920182,True,False,False,True,True,0.0,3.074692,0.0,0.0,0.0,0.0,1,0.9207696661007357,1.0748632333521972,False,False,False,False,-0.2462701991354293,-0.23009657398334463,False,False,False,False,161070752,160112752.18499035,False,False,False,False,172715.01511177508,False,False,False,False
2024-03-07 00:00:00+00:00,1.98,2.0,1.91,1.98,26510,,2.267072181379465,"rgba(239, 83, 80, 0.5)",0.5156210888203533,4.624560338993037,-5.128883198015246,44.65497199599697,-1.6895831770920182,True,False,False,True,True,0.0,3.0562419999999997,0.0,0.0,0.0,0.0,1,0.9369145478875933,1.0707321735805768,False,False,False,False,-0.22546705272351916,-0.2277818133534319,False,False,False,False,161044242,160149281.19734368,False,False,False,False,166981.48510739175,False,False,False,False
2024-03-08 00:00:00+00:00,1.87,1.98,1.74,1.95,85592,,2.2607669060093385,"rgba(239, 83, 80, 0.5)",0.5104130112086305,4.621252761657362,-5.390248095640321,42.31188085401538,-3.34495232066989,False,False,False,True,False,0.0,3.0381919999999996,0.0,0.0,0.0,0.0,1,0.9247762330984575,1.0666539706722524,False,False,False,False,-0.2920974226105544,-0.25993961798199317,False,False,False,False,160958650,160181021.15038905,False,False,False,False,163789.7405933764,False,False,False,False
2024-03-11 00:00:00+00:00,1.67,1.86,1.54,1.78,74126,,2.2528242489444787,"rgba(239, 83, 80, 1.0)",0.48642830849813734,4.617662498785522,-6.059808706213096,37.88509941982889,-7.602892321588058,False,True,False,True,False,0.0,3.020042,0.0,0.0,0.0,0.0,1,0.9120014978468453,1.0664669537539782,False,False,False,False,-0.34282825441539394,-0.3013839361986935,False,False,False,False,160884524,160208609.49743262,False,False,False,False,160273.51547206752,False,False,False,False
2024-03-12 00:00:00+00:00,1.57,1.65,1.55,1.65,39670,,2.2478727559597234,"rgba(239, 83, 80, 1.0)",0.4609183948333444,4.615533882768766,-6.6075338214044335,33.853881175141275,-11.306258279964908,False,True,False,True,False,0.0,3.0022919999999997,0.0,0.0,0.0,0.0,0,0.9091743291072866,1.0835408902788435,False,False,False,False,-0.34282825441539394,-0.3221060953070437,False,False,False,False,160844854,160233560.2622392,False,False,False,False,155543.9658457119,False,False,False,False
2024-03-13 00:00:00+00:00,1.35,1.5946,1.35,1.59,279296,,2.207086858535912,"rgba(239, 83, 80, 1.0)",0.45509395627506344,4.598727912944336,-7.138587248081959,29.33820183044452,-15.352396384468172,False,True,False,True,False,0.0,2.984842,0.0,0.0,0.0,0.0,0,0.8939683969522952,1.0987689074053217,False,False,False,False,-0.34282825441539394,-0.3324671748612188,False,False,False,False,160565558,160246579.78136706,False,False,False,False,160396.9867929389,False,False,False,False
2024-03-14 00:00:00+00:00,1.36,1.48,1.33,1.48,45067,,2.200642314627334,"rgba(239, 83, 80, 1.0)",0.454058239936581,4.596040737058745,-7.126928777926654,26.607225816371603,-17.677204141264177,False,True,False,True,False,0.0,2.9694420000000004,0.0,0.0,0.0,0.0,0,0.8819362455726092,1.139721679214972,False,False,False,False,-0.34282825441539394,-0.33764771463830634,False,False,False,False,160610625,160260856.0644507,False,False,False,False,155874.24221282365,False,False,False,False
2024-03-15 00:00:00+00:00,1.4,1.44,1.33,1.39,47118,,2.1940439742544866,"rgba(239, 83, 80, 1.0)",0.45362253847937073,4.593268015038522,-7.039482706796195,25.949502734707664,-18.15682151085727,False,True,False,True,False,0.0,2.9507419999999995,0.0,0.0,0.0,0.0,0,0.8599792130083826,1.1340469552885402,False,False,False,False,-0.34282825441539394,-0.34023798452685017,False,False,False,False,160657743,160276420.25800166,False,False,False,False,151609.29153781096,False,False,False,False
2024-03-18 00:00:00+00:00,1.44,1.44,1.37,1.37,28149,,2.1903084411366995,"rgba(239, 83, 80, 1.0)",0.4447833360919865,4.591670385195337,-7.085855357997346,26.676903683502147,-18.15682151085727,False,True,False,True,False,0.0,2.933392,0.0,0.0,0.0,0.0,0,0.871974396848843,1.1319547021171832,False,False,False,False,-0.3311834354457675,-0.3357107099863088,False,False,False,False,160685892,160292477.97337413,False,False,False,False,146767.71147750466,False,False,False,False
2024-03-19 00:00:00+00:00,1.35,1.445,1.33,1.43,31720,,2.185908163842483,"rgba(239, 83, 80, 1.0)",0.4409634748538787,4.589812045769772,-7.347121089435679,26.195720049479974,-18.15682151085727,False,True,False,True,False,0.0,2.9158419999999996,0.0,0.0,0.0,0.0,0,0.8738264368387065,1.1251303959068095,False,False,False,False,-0.34131746083658576,-0.3385140854114473,False,False,False,False,160654172,160306662.05284965,False,False,False,False,142256.0365176025,False,False,False,False
2024-03-20 00:00:00+00:00,1.41,1.42,1.35,1.35,22711,,2.1828718803067213,"rgba(239, 83, 80, 1.0)",0.4353036565001663,4.588514099567513,-7.301831841070921,27.625628422468836,-18.15682151085727,False,True,False,True,False,0.0,2.898542,0.0,0.0,0.0,0.0,0,0.8801857121461735,1.1148220258599162,False,False,False,False,-0.34282825441539394,-0.3406711699134206,False,False,False,False,160676883,160321180.52136534,False,False,False,False,137567.9958698534,False,False,False,False
2024-03-21 00:00:00+00:00,1.41,1.4698,1.4,1.4,16259,,2.180816062322158,"rgba(239, 83, 80, 0.75)",0.43413470968722107,4.587619176598114,-7.319431286402964,28.578900671128075,-18.15682151085727,False,True,False,True,True,0.0,2.881592,0.0,0.0,0.0,0.0,0,0.8803454898293667,1.1166581199159396,False,False,False,False,-0.3124612735703435,-0.32656622174188205,False,False,False,False,160676883,160335129.63817453,False,False,False,False,132810.7803455454,False,False,False,False
2024-03-22 00:00:00+00:00,1.45,1.49,1.39,1.4,41200,,2.175795725860889,"rgba(239, 83, 80, 0.75)",0.4334869619206648,4.5854055039036,-7.23298687003516,30.457027477606296,-18.15682151085727,False,True,False,True,True,0.0,2.8643920000000005,0.0,0.0,0.0,0.0,0,0.879333923256375,1.1106608478802986,False,False,False,False,-0.3071279152158199,-0.31684706847885097,False,False,False,False,160718083,160350147.41706967,False,False,False,False,129218.20072415148,False,False,False,False
2024-03-25 00:00:00+00:00,1.28,1.425,1.275,1.42,54865,,2.1680895662496966,"rgba(239, 83, 80, 0.75)",0.44203003712731515,4.58215091793064,-7.470422008854439,29.423085251612807,-18.15682151085727,False,True,False,True,True,0.0,2.848692,0.0,0.0,0.0,0.0,0,0.8771845051139566,1.111359426592574,False,False,False,False,-0.34282825441539394,-0.32983766144712245,False,False,False,False,160663218,160362424.69483167,False,False,False,False,126302.3889310475,False,False,False,False
2024-03-26 00:00:00+00:00,1.17,1.26,1.15,1.25,79605,,2.155337379552228,"rgba(239, 83, 80, 0.75)",0.45251630146564353,4.576951759569042,-7.528903927956523,27.595270434983142,-18.15682151085727,False,True,False,True,True,0.0,2.831642,0.0,0.0,0.0,0.0,0,0.8738972390132332,1.1261027609867662,False,False,False,False,-0.34282825441539394,-0.33633295793125817,False,False,False,False,160583613,160371098.74601474,False,False,False,False,124471.11877688878,False,False,False,False
2024-03-27 00:00:00+00:00,1.09,1.38,0.9549,1.28,2131365,,1.9034030386102256,"rgba(239, 83, 80, 1.0)",0.46686654982382014,4.461265084416586,-7.22104654036317,25.652024273210923,-19.207766873888616,False,True,False,True,False,0.0,2.816042,0.0,0.0,0.0,0.0,0,0.885371444800584,1.0917860185823824,False,False,False,False,-0.34282825441539394,-0.3395806061733261,False,False,False,False,158452248,160295849.69715142,False,False,False,False,203172.83960916765,False,False,False,False
2024-03-28 00:00:00+00:00,1.03,1.07,0.9848,1.06,341388,,1.8708767190440274,"rgba(239, 83, 80, 1.0)",0.48143598250889763,4.444727801939196,-7.092797227461259,23.850832474114892,-21.033240275542774,False,True,False,True,False,0.0,2.800892,0.0,0.0,0.0,0.0,0,0.8838100284284853,1.1024036844947567,False,False,False,False,-0.34282825441539394,-0.34120443029436,False,False,False,False,158110860,160210163.8266749,False,False,False,False,208593.04197743558,False,False,False,False
2024-04-01 00:00:00+00:00,0.9951,1.06,0.959,1.0,151320,,1.8568822765719921,"rgba(239, 83, 80, 1.0)",0.49695797651499196,4.437504588789933,-6.926953085511214,22.361881312631287,-22.5570834878554,False,True,False,True,False,0.0,2.7859675,0.0,0.0,0.0,0.0,0,0.8810835067107249,1.0994268347407492,False,False,False,False,-0.34282825441539394,-0.342016342354877,False,False,False,False,157959540,160121904.06876612,False,False,False,False,206347.04033126164,False,False,False,False
2024-04-02 00:00:00+00:00,0.958,0.99,0.95,0.9517,78089,,1.8495076850706955,"rgba(239, 83, 80, 1.0)",0.5129699235061208,4.43372206759694,-6.7756839306300325,21.06201724115653,-23.913996010880563,False,True,False,True,False,0.0,2.7708075,0.0,0.0,0.0,0.0,0,0.879746770397624,1.1068723472040936,False,False,False,False,-0.34282825441539394,-0.3424222983851355,False,False,False,False,157881451,160034043.16410863,False,False,False,False,201317.3132594475,False,False,False,False
2024-04-03 00:00:00+00:00,0.962,0.995,0.921,0.97,72814,,1.842695529149864,"rgba(239, 83, 80, 1.0)",0.5182782519630856,4.4302116440971675,-6.691794670064973,20.34785198183266,-24.747819666280854,False,True,False,True,False,0.0,2.7541175000000004,0.0,0.0,0.0,0.0,0,0.871337690821994,1.1674868784304302,False,False,False,False,-0.34282825441539394,-0.34262527640026474,False,False,False,False,157954265,159952483.2361044,False,False,False,False,196277.96764142995,False,False,False,False
2024-04-04 00:00:00+00:00,0.9201,0.9998,0.8815,0.92,1866428,,1.6952271941489685,"rgba(239, 83, 80, 1.0)",0.5254944087274933,4.348008800659215,-6.523206990841328,19.48898583784908,-25.754441083093507,False,True,False,True,False,0.0,2.737818,0.0,0.0,0.0,0.0,0,0.9032669904019331,1.1174224289264292,False,False,False,False,-0.34282825441539394,-0.3427267654078293,False,False,False,False,156087837,159800928.48174736,False,False,False,False,261774.04734176604,False,False,False,False
2024-04-05 00:00:00+00:00,0.92,0.95,0.83,0.91,194092,,1.6821513149993652,"rgba(239, 83, 80, 1.0)",0.5278105624370114,4.340118481418206,-6.479821975571702,18.9154646967829,-26.514903654064838,False,True,False,True,False,0.0,2.7216180000000003,0.0,0.0,0.0,0.0,0,0.8813023531828453,1.0958505466414072,False,False,False,False,-0.34282825441539394,-0.3427775099116116,False,False,False,False,155893745,159647705.6001102,False,False,False,False,259119.84940679485,False,False,False,False
2024-04-08 00:00:00+00:00,0.8299,1.14,0.81,1.0,1665709,,1.5895056486980035,"rgba(239, 83, 80, 1.0)",0.5286743395932877,4.278637493077012,-6.523368423234134,17.725473954013655,-27.8624831515139,False,True,False,True,False,0.0,2.7040175,0.0,0.0,0.0,0.0,0,0.8926667269112597,1.0734005060545806,False,False,False,False,-0.29955565802325285,-0.32116658396743225,False,False,False,False,154228036,159435169.5373608,False,False,False,False,314280.20825358725,False,False,False,False
2024-04-09 00:00:00+00:00,0.814,0.8962,0.801,0.864,371501,,1.5694509494870248,"rgba(239, 83, 80, 1.0)",0.5321212714283853,4.265068771625958,-6.485492982383838,16.800239063742058,-28.94260851652586,False,True,False,True,False,0.0,2.6858374999999994,0.0,0.0,0.0,0.0,0,0.8765188265188265,1.1240124740124733,False,False,False,False,-0.34282825441539394,-0.3319974191914131,False,False,False,False,153856535,159216399.5555035,False,False,False,False,316524.1608710937,False,False,False,False
2024-04-10 00:00:00+00:00,0.7883,0.8101,0.75,0.8,142401,,1.5614760372188212,"rgba(239, 83, 80, 1.0)",0.5386083444758296,4.259762107601215,-6.445243827367029,15.964950141938386,-29.93410709174148,False,True,False,True,False,0.0,2.669079,0.0,0.0,0.0,0.0,0,0.8691259398496239,1.1275728383458639,False,False,False,False,-0.34282825441539394,-0.3374128368034035,False,False,False,False,153714134,159000624.43567985,False,False,False,False,309695.80162124685,False,False,False,False
2024-04-11 00:00:00+00:00,0.7163,0.7872,0.7,0.75,197839,,1.5499661198413546,"rgba(239, 83, 80, 1.0)",0.5476245950230224,4.252233647530574,-6.456856904650023,14.840976133710006,-31.18681060210691,False,True,False,True,False,0.0,2.6524605,0.0,0.0,0.0,0.0,0,0.8523463877745492,1.1279601896403648,False,False,False,False,-0.34282825441539394,-0.34012054560939875,False,False,False,False,153516295,158785552.69310418,False,False,False,False,305309.26038119796,False,False,False,False
2024-04-12 00:00:00+00:00,0.681,0.72,0.68,0.704,335962,,1.5301758989545848,"rgba(239, 83, 80, 1.0)",0.5558030505674428,4.239344775276537,-6.402168486919373,13.83846691819966,-32.305512127924985,False,True,False,True,False,0.0,2.6356655,0.0,0.0,0.0,0.0,0,0.8526561187176788,1.1319361442789009,False,False,False,False,-0.34282825441539394,-0.3414744000123964,False,False,False,False,153180333,158565740.1561197,False,False,False,False,306511.32860154315,False,False,False,False
2024-04-15 00:00:00+00:00,0.6219,0.7,0.6219,0.698,205699,,1.517852996889391,"rgba(239, 83, 80, 1.0)",0.5674701046475702,4.231368896441831,-6.36063268686816,12.775768161586866,-33.467453452363614,False,True,False,True,False,0.0,2.619475,0.0,0.0,0.0,0.0,0,0.8450121307264165,1.1385400313971734,False,False,False,False,-0.34282825441539394,-0.3421513272138952,False,False,False,False,152974634,158346481.09117383,False,False,False,False,302557.9039505023,True,False,False,False
2024-04-16 00:00:00+00:00,0.6699,0.67,0.585175,0.63,192197,0.6416916666666667,1.2989066442984833,"rgba(239, 83, 80, 0.75)",0.5771417027962564,3.93776115317147,-5.662146986327023,14.509408164792205,-33.467453452363614,False,True,False,True,True,0.0,2.6023245000000004,1.0,0.67,0.585175,0.0,0,0.839488157018688,1.1611168367641642,False,False,False,False,-0.34282825441539394,-0.3424897908146446,False,False,False,False,153166831,158143357.55818662,False,False,False,False,298230.0253642081,False,False,False,False
2024-04-17 00:00:00+00:00,0.6909,0.7,0.6401,0.6401,142426,0.6567199961100502,1.2957455316434447,"rgba(239, 83, 80, 0.75)",0.5850932697406045,3.9334100667165877,-5.541868680448372,16.70310694170719,-37.08411904595056,False,True,False,True,True,0.0,2.584429,0.0,0.0,0.0,0.0,0,0.8264469145266387,1.1600490609428893,False,False,False,False,-0.324410469637062,-0.3334501302258533,False,False,False,False,153309257,157953784.98727733,False,False,False,False,292120.06358521956,False,False,False,False
2024-04-18 00:00:00+00:00,0.745,0.76,0.7,0.729,180463,0.6841457936312253,1.2941875615238385,"rgba(239, 83, 80, 0.75)",0.5894092752538014,3.9286371082628535,-5.401403136881362,20.720389559401177,-33.33755579006573,False,True,False,True,True,0.0,2.567104,0.0,0.0,0.0,0.0,0,0.8161349565949907,1.1704362799599852,False,False,False,False,-0.2987619792721963,-0.31610605474902476,False,False,False,False,153489720,157778723.61522722,False,False,False,False,287741.3552093286,False,False,False,False
2024-04-19 00:00:00+00:00,0.67,0.76,0.65,0.7568,181035,0.6865351286031212,1.2873535194692556,"rgba(239, 83, 80, 0.75)",0.5898463715608496,3.9224866881037257,-5.514125109385696,22.162023473088833,-32.0913368885121,False,True,False,True,True,0.0,2.550204,0.0,0.0,0.0,0.0,0,0.8007656173837991,1.1770668719903872,False,False,False,False,-0.3094096330802103,-0.31275784391461753,False,False,False,False,153308685,157603427.98325753,False,False,False,False,283556.7922599432,False,False,False,False
2024-04-22 00:00:00+00:00,0.711,0.73,0.65,0.69,145204,0.6883412572529441,1.2820101977526233,"rgba(239, 83, 80, 0.75)",0.5875078388530406,3.9176139274072015,-5.457993434891522,24.921843508435522,-29.57905782671513,False,True,False,True,True,0.0,2.5338089999999998,0.0,0.0,0.0,0.0,0,0.7904643791333144,1.198405378777624,False,False,False,False,-0.3150177589520537,-0.3138878014333356,False,False,False,False,153453889,157440700.96430627,False,False,False,False,278131.1925634748,False,False,False,False
2024-04-23 00:00:00+00:00,0.6887,0.699,0.59,0.6804,107331,0.6850479848947704,1.276984106575377,"rgba(239, 83, 80, 0.75)",0.5873727704353562,3.9137157634898747,-5.490577578357128,26.342706029698924,-28.32347893232346,False,True,False,True,True,0.0,2.5172525,0.0,0.0,0.0,0.0,0,0.8034429775198427,1.2054955845460733,False,False,False,False,-0.33524324674560485,-0.32456552408947026,False,False,False,False,153346558,157280146.33825505,False,False,False,False,271433.1457962797,False,False,False,False
2024-04-24 00:00:00+00:00,0.6905,0.7231,0.631,0.7231,85747,0.6847566372986802,1.273586624542878,"rgba(239, 83, 80, 0.75)",0.587669950843653,3.9107814750705527,-5.479745000484624,27.376179224388995,-27.3612925513512,False,True,False,True,True,0.0,2.500305,0.0,0.0,0.0,0.0,0,0.7991758529651376,1.2069765162040549,False,False,False,False,-0.32074823713123296,-0.3226568806103516,False,False,False,False,153432305,157129250.59949994,False,False,False,False,264151.33615720994,False,False,False,False
2024-04-25 00:00:00+00:00,0.735,0.76,0.7001,0.72,85297,0.6883327094683099,1.2712506584497816,"rgba(239, 83, 80, 0.5)",0.5872811036702827,3.9081705447010777,-5.403154511306379,30.190477009598222,-24.699427875109553,False,False,False,True,True,0.0,2.48428,0.0,0.0,0.0,0.0,0,0.8072885428055372,1.1747797088832748,False,False,False,False,-0.2974195583604225,-0.310038219485387,False,False,False,False,153517602,156987617.32108817,False,False,False,False,257137.44062163308,False,False,False,False
2024-04-26 00:00:00+00:00,0.7104,0.78,0.683,0.78,132980,0.6921685603067024,1.0879959978402562,"rgba(239, 83, 80, 0.5)",0.5847947235902495,3.622761950093423,-4.980144027657198,31.444756188265377,-23.51969759576137,False,False,False,True,True,0.0,2.467682,0.0,0.0,0.0,0.0,0,0.8013216827891487,1.1835135257790972,False,False,False,False,-0.2967858245474783,-0.3034120220164327,False,False,False,False,153384622,156846323.38692784,False,False,False,False,252268.52138156904,False,False,False,False
2024-04-29 00:00:00+00:00,0.726,0.76,0.717,0.717,89769,0.6949881009446168,1.0871229334148407,"rgba(239, 83, 80, 0.5)",0.5813536470800117,3.6203227773262667,-4.978592276600823,33.05282772641931,-21.959500594091036,False,False,False,True,True,0.0,2.451112,0.0,0.0,0.0,0.0,0,0.8029773991269066,1.187310420896943,False,False,False,False,-0.2937296655796567,-0.29857084379804466,False,False,False,False,153474391,156714090.74430323,False,False,False,False,245895.99113131143,False,False,False,False
2024-04-30 00:00:00+00:00,0.7099,0.7448,0.6841,0.726,62880,0.6957910419019319,1.084996666998898,"rgba(239, 83, 80, 0.5)",0.5792291166343546,3.618224472416167,-5.021026030796173,33.66208976040776,-21.29502525992328,False,False,False,True,True,0.0,2.4353115,0.0,0.0,0.0,0.0,0,0.7953856640569342,1.240721842037362,False,False,False,False,-0.3042524779315132,-0.30141166086477894,False,False,False,False,153411511,156584577.81315407,False,False,False,False,238718.89343988747,False,False,False,False
2024-05-01 00:00:00+00:00,0.71,0.7478,0.6888,0.6897,64580,0.6966584134063174,1.0831942206098086,"rgba(239, 83, 80, 0.5)",0.5794642858416936,3.6161711362265003,-5.015272221661043,34.07394000291959,-20.741455661931493,False,False,False,True,True,0.0,2.4197115,0.0,0.0,0.0,0.0,0,0.7502549269341714,1.2396035439803508,False,False,False,False,-0.2985854065874655,-0.29999853372612223,False,False,False,False,153476091,156462676.36950096,False,False,False,False,231889.91722655855,False,False,False,False
2024-05-02 00:00:00+00:00,0.6982,0.73,0.695,0.725,35955,0.696922845483833,1.082047017953129,"rgba(239, 83, 80, 0.5)",0.5831100634507654,3.614990569581603,-5.002126960938448,33.96667343550112,-20.625483900194563,False,False,False,True,True,0.0,2.4058024999999996,0.0,0.0,0.0,0.0,0,0.7669552756678865,1.2065104072325326,False,False,False,False,-0.3013788510280649,-0.30068869237709356,False,False,False,False,153440136,156344145.37461856,False,False,False,False,224206.1949823798,False,False,False,False
2024-05-03 00:00:00+00:00,0.698,0.72,0.6762,0.7001,56236,0.6969640233393081,1.0800131007726488,"rgba(239, 83, 80, 0.5)",0.5862741315637243,3.613080430881862,-4.972213976261736,33.88828134969259,-20.427822116359895,False,False,False,True,True,0.0,2.3922425,0.0,0.0,0.0,0.0,0,0.756545242336753,1.2191125581014384,False,False,False,False,-0.3069089746888405,-0.303798833532967,False,False,False,False,153383900,156228057.32071197,False,False,False,False,217619.12851248257,False,False,False,False
2024-05-06 00:00:00+00:00,0.733,0.78,0.69,0.6979,226279,0.7016922661201382,1.0766720471139346,"rgba(239, 83, 80, 0.5)",0.5885780537369697,3.6067357433295633,-4.882505769767981,36.162781859427184,-18.03126747668284,True,False,False,True,True,0.0,2.3794075,0.0,0.0,0.0,0.0,1,0.7699139524454188,1.2108227956863047,False,False,False,False,-0.28766552180684035,-0.2957321776699037,False,False,False,False,153610179,156125395.42578208,False,False,False,False,217958.73131591466,False,False,False,False
2024-05-07 00:00:00+00:00,0.7264,0.757399,0.7,0.7,77782,0.7027859856666528,1.075153870742601,"rgba(239, 83, 80, 0.5)",0.5905105274788265,3.6044683700210434,-4.873864624071821,37.38894941861211,-16.706019364522447,True,False,False,True,True,0.0,2.3664895,0.0,0.0,0.0,0.0,1,0.7761221018183854,1.1979147831059176,False,False,False,False,-0.2908516620504985,-0.2932919198602011,False,False,False,False,153532397,156023709.21300632,False,False,False,False,212461.60459764348,False,False,False,False
2024-05-08 00:00:00+00:00,0.7351,0.7412,0.7034,0.7034,35898,0.7032348039664734,1.0744284518326297,"rgba(239, 83, 80, 0.5)",0.5913144039305609,3.603417198301198,-4.850748060989276,38.80941601177848,-15.22136991502213,True,False,False,True,True,0.0,2.354765,0.0,0.0,0.0,0.0,1,0.7785156323631771,1.2001562433458686,False,False,False,False,-0.29409375749448746,-0.2936928386773443,False,False,False,False,153568295,155927418.4595551,False,False,False,False,205537.54167224572,False,False,False,False
2024-05-09 00:00:00+00:00,0.7153,0.75,0.7005,0.75,28752,0.7035132466086357,1.073794610032055,"rgba(239, 83, 80, 0.5)",0.5953802038702828,3.602561424710423,-4.849441425733864,38.784387699674134,-15.091946216047688,True,False,False,True,True,0.0,2.3425914999999997,0.0,0.0,0.0,0.0,1,0.7694588406972713,1.1926184653645242,False,False,False,False,-0.2925984944149401,-0.2931456665461422,False,False,False,False,153539543,155833776.2846706,False,False,False,False,198604.77533215765,False,False,False,False
2024-05-10 00:00:00+00:00,0.7299,0.749,0.69,0.708,38495,0.7038935122479695,1.0729644658274209,"rgba(239, 83, 80, 0.5)",0.5980468095303648,3.6014220330211195,-4.801500463276567,39.865090202273834,-13.88636797220098,True,False,False,True,True,0.0,2.329641,0.0,0.0,0.0,0.0,1,0.7590432911894192,1.223975445708423,False,False,False,False,-0.29551417370495664,-0.2943299201255494,False,False,False,False,153578038,155745315.95978156,False,False,False,False,192325.9606132495,False,False,False,False
2024-05-13 00:00:00+00:00,0.74035,0.7499,0.7,0.7,32215,0.7043150442160402,1.0723561451550314,"rgba(239, 83, 80, 0.5)",0.601152798427335,3.60049393431976,-4.757765316575305,41.369949775866914,-12.315986926805934,True,False,False,True,True,0.0,2.3177927499999997,0.0,0.0,0.0,0.0,1,0.7435974318788984,1.2208053205361185,False,False,False,False,-0.2925758637205196,-0.2934528919230345,False,False,False,False,153610253,155661588.00057444,False,False,False,False,186047.09941272993,False,False,False,False
2024-05-14 00:00:00+00:00,0.74,0.764451,0.6899,0.69,62169,0.7051324992548944,1.0712052869124256,"rgba(239, 83, 80, 0.5)",0.6020425407983145,3.598712509655158,-4.7483563302096155,42.35110015369541,-11.268710927748643,True,False,False,True,True,0.0,2.30589275,0.0,0.0,0.0,0.0,1,0.7423240795140705,1.2226373616206276,False,False,False,False,-0.28820739064436895,-0.2908301412837017,False,False,False,False,153548084,155578705.490748,False,False,False,False,181189.13472987778,False,False,False,False
2024-05-15 00:00:00+00:00,0.772501,0.789,0.7005,0.749,85848,0.7070841771596189,1.0702354324633858,#000000,0.6029376670689013,3.596436183317338,-4.683627077149635,45.46172047066113,-8.270838092414408,True,False,False,False,True,0.0,2.293705255,0.0,0.0,0.0,0.0,1,0.7564636268708668,1.1994291681169496,False,False,False,False,-0.27874794777358197,-0.28478904452864184,False,False,False,False,153633932,155502439.86365983,False,False,False,False,177450.26670125514,False,False,False,False
2024-05-16 00:00:00+00:00,0.819971,0.8235,0.7413,0.77,61526,0.709528435865568,1.0702776680903863,"rgba(38, 166, 154, 1.0)",0.6025136387977742,3.595022737438472,-4.605790738572611,50.35943719328549,-3.7558791099451696,True,False,True,False,True,0.0,2.2816051099999997,0.0,0.0,0.0,0.0,1,0.7704300089771248,1.1944135023476812,False,False,False,False,-0.25864316913607704,-0.27171610683235947,False,False,False,False,153695458,155431577.82979083,False,False,False,False,172904.2170266961,False,False,False,False
2024-05-17 00:00:00+00:00,0.825,0.92,0.7612,0.818812,189951,0.7194864867227678,1.0719938489187197,"rgba(38, 166, 154, 1.0)",0.6024224785090697,3.591166029372328,-4.591737738967325,53.89053504653967,-0.670529055591274,True,False,True,False,True,0.0,2.2703301099999997,0.0,0.0,0.0,0.0,1,0.7659188455559938,1.1740203698118448,False,False,False,False,-0.21937718586019256,-0.24554664634627602,False,False,False,False,153885409,155370943.75803435,False,False,False,False,173572.71831976683,False,False,False,False
2024-05-20 00:00:00+00:00,0.865,0.9042,0.85,0.87,122249,0.7269272552741209,1.073742405373421,"rgba(38, 166, 154, 1.0)",0.6010959063052872,3.588914476832494,-4.531580482015562,58.18495846159757,3.0831748840346904,True,False,True,False,True,0.0,2.25925511,0.0,0.0,0.0,0.0,0,0.8034464781928707,1.173787443264157,False,False,False,False,-0.17830727590328427,-0.21192696112478016,False,False,False,False,154007658,155317481.57144478,False,False,False,False,171560.02348369756,False,False,False,False
2024-05-21 00:00:00+00:00,0.8749,0.8969,0.85,0.85,64976,0.7306177426044981,1.07449182321843,"rgba(38, 166, 154, 1.0)",0.5972633382845867,3.5876784160186626,-4.5420139528572,61.47988536883873,5.86974112377699,True,False,True,False,True,0.0,2.2481796099999998,0.0,0.0,0.0,0.0,0,0.8346674487633939,1.162966034415626,False,False,False,False,-0.16459767686352542,-0.1882623189941528,False,False,False,False,154072634,155268664.01962343,False,False,False,False,167380.2578568859,False,False,False,False
2024-05-22 00:00:00+00:00,0.88,0.8999,0.82,0.86,45674,0.732976352677169,1.0748666502070658,"rgba(38, 166, 154, 1.0)",0.5917029861762063,3.5867697737219197,-4.574541344153124,63.906656454176826,7.897090384158858,True,False,True,False,True,0.0,2.2388796099999997,0.0,0.0,0.0,0.0,0,0.8292370829191201,1.124942010145037,False,False,False,False,-0.14955310332998756,-0.16890771116207018,False,False,False,False,154118308,155223552.01885387,False,False,False,False,162607.46343112568,False,False,False,False
2024-05-23 00:00:00+00:00,0.8966,0.9042,0.82,0.89,99316,0.7380861232261219,1.0756823554310426,"rgba(38, 166, 154, 1.0)",0.582554076972701,3.5848079203022865,-4.614520825726292,66.27278935515557,9.955601666892491,True,False,True,False,True,0.0,2.22966261,0.0,0.0,0.0,0.0,0,0.8656259387896006,1.1165811983830405,False,False,False,False,-0.14039848167075125,-0.15465309641641073,False,False,False,False,154217624,155184103.86125177,False,False,False,False,160125.44525735604,False,False,False,False
2024-05-24 00:00:00+00:00,1.01,1.1,0.8954,0.8955,371317,0.7696274223535134,1.0868022060028617,"rgba(38, 166, 154, 1.0)",0.5709486529343999,3.5800991137822997,-4.501454028437117,71.23915084887273,14.469951014803655,True,False,True,False,True,0.0,2.22126261,0.0,0.0,0.0,0.0,0,0.8870380308769665,1.0505619441130023,False,False,False,False,-0.029330833765983805,-0.09199196509119727,False,False,False,False,154588941,155160764.1412027,False,False,False,False,168407.46701196954,False,False,False,False
2024-05-28 00:00:00+00:00,1.0,1.15,0.9835,1.02,237368,0.7891509452470614,1.0936563550823923,"rgba(38, 166, 154, 1.0)",0.5581232772532698,3.5771887993637526,-4.61759776808996,73.66003634571052,16.56323205881938,True,False,True,False,True,0.0,2.21371261,0.0,0.0,0.0,0.0,0,0.9065005690508436,1.0314342656154232,False,False,False,False,0.02677985475232938,-0.03260605516943394,False,False,False,False,154351573,155129031.15527317,False,False,False,False,171111.80163895112,False,False,False,False
2024-05-29 00:00:00+00:00,0.9532,1.04,0.863,1.04,122138,0.7948951415346897,1.0945780221912316,"rgba(38, 166, 154, 1.0)",0.5465361079036013,3.5749275934969993,-4.796988809309234,71.48453521782787,16.56323205881938,True,False,True,False,True,0.0,2.2061786100000003,0.0,0.0,0.0,0.0,0,0.8761683537989451,1.0529267420123638,False,False,False,False,-0.06695495147768295,-0.04978050332355845,False,False,False,False,154229435,155093752.87467423,False,False,False,False,169191.26039820796,False,False,False,False
2024-05-30 00:00:00+00:00,0.8401,0.97,0.84,0.9039,77295,0.7968261594790081,1.0941364752672982,"rgba(38, 166, 154, 0.75)",0.5384027100535209,3.573186401040173,-5.076286485943737,63.81402157592524,21.705670881362607,True,False,True,False,False,0.0,2.1974291100000003,0.0,0.0,0.0,0.0,0,0.8799576013623827,1.0678378201875773,False,False,False,False,-0.10501580342336386,-0.07739815337346115,False,False,False,False,154152140,155056826.87958896,False,False,False,False,165587.48548063118,False,False,False,False
2024-05-31 00:00:00+00:00,0.969,0.98,0.8402,0.85,127363,0.8014401659743707,1.0943632143645028,"rgba(38, 166, 154, 0.75)",0.5298362735202646,3.5706312191305356,-4.910255014903262,63.138878731963494,21.2725660840143,True,False,True,False,False,0.0,2.18937411,0.0,0.0,0.0,0.0,0,0.8776769923560505,1.0599428313823,False,False,False,False,-0.10082853842980274,-0.08911334590163195,False,False,False,False,154279503,155026343.5901933,False,False,False,False,164088.4860500182,False,False,False,False
2024-06-03 00:00:00+00:00,0.9475,0.975,0.9105,0.9497,68846,0.8040722657657572,1.0946025324629307,"rgba(38, 166, 154, 0.75)",0.5189483115758161,3.5692950727362245,-5.052131424755954,61.75644672690136,19.947482963076382,True,False,True,False,False,0.0,2.18056161,0.0,0.0,0.0,0.0,0,0.8815752279974411,1.070876333394495,False,False,False,False,-0.07409885480800588,-0.08160610035481891,False,False,False,False,154210657,154994355.88077396,False,False,False,False,160353.48659707632,False,False,False,False
2024-06-04 00:00:00+00:00,1.06,1.0799,0.95,0.97,93707,0.8095973057069414,1.096167874306786,"rgba(38, 166, 154, 0.75)",0.5068984132682572,3.567880385343359,-4.947500958177504,63.660251092757186,19.947482963076382,True,False,True,False,False,0.0,2.17226161,0.0,0.0,0.0,0.0,0,0.8915951769708736,1.0532366230912114,False,False,False,False,0.023900993834334486,-0.028852553260242213,False,False,False,False,154304364,154967297.37564558,False,False,False,False,157739.89888738704,False,False,False,False
2024-06-05 00:00:00+00:00,1.2001,1.25,0.9653,1.08,442799,0.8436686388069929,1.1090164513213898,"rgba(38, 166, 154, 1.0)",0.48682430514076325,3.563156117430105,-4.854022472741653,67.3223605660872,19.947482963076382,True,False,True,False,True,0.0,2.1656121099999996,0.0,0.0,0.0,0.0,0,0.9238512330524623,1.0115756929740354,False,False,False,False,0.22231760212627463,0.0967325244330162,False,False,False,False,154747163,154958664.655032,False,False,False,False,168918.68716631303,False,False,False,False
2024-06-06 00:00:00+00:00,1.1,1.23,1.08,1.2,115321,0.8513664901617173,1.1117729520611244,"rgba(38, 166, 154, 1.0)",0.47214601379875837,3.561793091375827,-5.214050356094102,66.08625029010243,19.947482963076382,True,False,True,False,True,0.0,2.15821211,0.0,0.0,0.0,0.0,0,0.9682892024734422,0.9875078676410516,False,False,False,False,0.32584160334824464,0.21128706389063043,False,False,False,False,154631842,154945848.0803249,False,False,False,False,166816.81708135956,False,False,False,False
2024-06-07 00:00:00+00:00,1.17,1.25,1.05,1.05,201227,0.8647491615789995,1.116689378026207,"rgba(38, 166, 154, 1.0)",0.4588376704927077,3.5595014642840326,-5.207727303031038,66.50032026498951,19.947482963076382,True,False,True,False,True,0.0,2.15106211,0.0,0.0,0.0,0.0,0,1.0000200876827352,1.0070306889572973,False,False,False,False,0.33582261771466193,0.2735548408026462,False,False,False,False,154833069,154941425.37129253,False,False,False,False,168166.23601934547,False,False,False,False
2024-06-10 00:00:00+00:00,1.235,1.3,1.04,1.04,194917,0.8780646785583532,1.0708107178893371,"rgba(38, 166, 154, 1.0)",0.4436383586411,3.303645529721315,-4.662909528512689,67.80471157761279,19.947482963076382,True,False,True,False,True,0.0,2.14428711,0.0,0.0,0.0,0.0,0,0.9961425878754523,0.9405802677784313,False,False,False,False,0.34282811786665207,0.30819147933464913,False,False,False,False,155027986,154944819.90575168,False,False,False,False,169215.28558721425,False,False,False,False
2024-06-11 00:00:00+00:00,1.2,1.25,1.15,1.182,50962,0.8814569047081663,1.0725941099774854,"rgba(38, 166, 154, 1.0)",0.43221852289697954,3.303257856185899,-4.866190930663137,67.43111548952105,19.947482963076382,True,False,True,False,True,0.0,2.13758711,0.0,0.0,0.0,0.0,0,1.0226033836875668,0.9483629596792644,False,False,False,False,0.34282812502313686,0.325509802178893,False,False,False,False,154977024,154946082.8114085,False,False,False,False,164577.90183869604,False,False,False,False
2024-06-12 00:00:00+00:00,1.19,1.2,1.09,1.18,36801,0.8835603424979135,1.072567255100716,"rgba(38, 166, 154, 1.0)",0.41991792427144153,3.302631025553537,-5.031057031487656,66.81808824888036,19.947482963076382,True,False,True,False,True,0.0,2.13083711,0.0,0.0,0.0,0.0,0,1.0134888755261575,0.9461407095610328,False,False,False,False,0.27318295682378296,0.299346379501338,False,False,False,False,154940223,154945853.01488265,False,False,False,False,159567.0429430609,False,False,False,False
2024-06-13 00:00:00+00:00,1.15,1.18,1.08,1.18,35186,0.8853747136607409,1.0721028919526492,"rgba(38, 166, 154, 1.0)",0.4071380260412438,3.3019121154205964,-5.285460894784129,64.94004875106224,19.947482963076382,True,False,True,False,True,0.0,2.1190871099999997,0.0,0.0,0.0,0.0,0,1.015115973532714,0.9493777321262199,False,False,False,False,0.25465442019012313,0.27700039984573055,False,False,False,False,154905037,154944252.38684806,False,False,False,False,154689.3549845095,False,False,False,False
2024-06-14 00:00:00+00:00,1.17,1.17,1.1,1.12,25607,0.8867307714499116,1.0720860411609077,"rgba(38, 166, 154, 1.0)",0.3940232055864889,3.3014729356465486,-5.409511179611695,64.14921930148884,19.947482963076382,True,False,True,False,True,0.0,2.10778711,0.0,0.0,0.0,0.0,0,1.0267331459184215,0.9517607518456178,False,False,False,False,0.26081101454996436,0.26890570719784745,False,False,False,False,154930644,154943718.72461873,False,False,False,False,149627.30184786208,False,False,False,False
2024-06-17 00:00:00+00:00,1.14,1.18,1.08,1.18,33181,0.888378060170335,1.0718786272466954,"rgba(38, 166, 154, 0.75)",0.37591087481678076,3.3008522956971382,-5.748310145989628,62.463519106757005,18.357337034391534,True,False,True,False,False,0.0,2.0962371099999997,0.0,0.0,0.0,0.0,0,1.0329359143782404,0.9399950625172437,False,False,False,False,0.25465442019012313,0.2617800636939853,False,False,False,False,154897463,154941904.7746337,False,False,False,False,145060.78020676947,False,False,False,False
2024-06-18 00:00:00+00:00,1.13,1.16,1.06,1.12,18578,0.8892286978120517,1.0716265730346115,"rgba(38, 166, 154, 0.75)",0.3560084048558967,3.300467100093581,-6.096673759632534,60.94654567997454,16.61994575310223,True,False,True,False,False,0.0,2.08823711,0.0,0.0,0.0,0.0,1,1.034471053738164,0.9797550954236168,False,False,False,False,0.23021102221677725,0.24599554295538129,False,False,False,False,154878885,154939433.4109226,False,False,False,False,140100.67117905302,False,False,False,False
2024-06-20 00:00:00+00:00,1.11,1.18,1.08,1.08,43433,0.8912504334723327,1.0713773174826708,"rgba(38, 166, 154, 0.75)",0.3387998773787026,3.299656062966732,-6.462977731598129,59.123174660161276,14.637859917278988,True,False,True,False,False,0.0,2.07983711,0.0,0.0,0.0,0.0,1,1.0403087435151208,0.9263672023282282,False,False,False,False,0.25465442019012313,0.2503249815727522,False,False,False,False,154835452,154935355.70853347,False,False,False,False,136309.78211320782,False,False,False,False
2024-06-21 00:00:00+00:00,1.18,1.18,1.1,1.13,41378,0.8933891055707344,1.0719517818586748,"rgba(38, 166, 154, 0.75)",0.3206552372765882,3.2991033226730755,-6.608665870145127,59.97618172820374,14.637859917278988,True,False,True,False,False,0.0,2.06523711,0.0,0.0,0.0,0.0,1,1.055293494437858,0.9100169008399958,False,False,False,False,0.2669870050227094,0.2586559932977308,False,False,False,False,154876830,154933060.58270863,False,False,False,False,132586.96712837616,False,False,False,False
2024-06-24 00:00:00+00:00,1.14,1.18,1.1201,1.14,21387,0.8944530326088629,1.0721868339628935,"rgba(38, 166, 154, 0.75)",0.2994236215264926,3.2988007013909226,-7.209854354125881,58.88860740395486,14.02020415070858,True,False,True,False,False,0.0,2.05083711,0.0,0.0,0.0,0.0,1,1.0700632741185008,0.9050735999269316,False,False,False,False,0.2794617155208295,0.2690588544092801,False,False,False,False,154855443,154930016.75593576,False,False,False,False,128226.18410373395,False,False,False,False
2024-06-25 00:00:00+00:00,1.18,1.18,1.11,1.18,30492,0.896013865526814,1.0726880250541462,"rgba(38, 166, 154, 0.75)",0.27740266977827094,3.29841509183309,-7.636606718768597,59.338018594414834,14.02020415070858,True,False,True,False,False,0.0,2.03703711,0.0,0.0,0.0,0.0,1,1.0716364314929974,0.892091446900578,False,False,False,False,0.27318295682378296,0.27112090561653157,False,False,False,False,154885935,154928288.05962455,False,False,False,False,124393.47100162673,False,False,False,False
2024-06-26 00:00:00+00:00,1.19,1.19,1.13,1.14,20178,0.8970888806737666,1.0731495692511617,"rgba(38, 166, 154, 0.75)",0.25863662240092633,3.298196107713113,-8.1511894492849,59.92781783505676,14.02020415070858,True,False,True,False,False,0.0,2.02323711,0.0,0.0,0.0,0.0,1,1.0877122826554628,0.8856217255954024,False,False,False,False,0.2918963814938391,0.28150864355518534,False,False,False,False,154906113,154927418.4494432,False,False,False,False,120306.58978587667,False,False,False,False
2024-06-27 00:00:00+00:00,1.17,1.2,1.15,1.2,19101,0.8981111080021253,1.073610382847903,"rgba(38, 166, 154, 0.75)",0.24673165588251333,3.297995799281721,-8.624737639239177,59.384985939381366,13.768676804998904,True,False,True,False,False,0.0,2.00803711,0.0,0.0,0.0,0.0,1,1.0999021217157248,0.8766529705039698,False,False,False,False,0.3098459177361374,0.29567728064566134,False,False,False,False,154887012,154925833.88279837,False,False,False,False,116337.743127607,False,False,False,False
2024-06-28 00:00:00+00:00,1.15,1.18,1.14,1.17,14117,0.8988163009871271,1.0738399831465277,"rgba(38, 166, 154, 0.75)",0.2375588344615776,3.297817122635114,-9.04120079349227,58.08804448628525,12.278489519160644,True,False,True,False,False,0.0,1.99413711,0.0,0.0,0.0,0.0,1,1.0870161645322114,0.8863876007084123,False,False,False,False,0.2903697958934694,0.2930235382695654,False,False,False,False,154872895,154923757.84817883,False,False,False,False,112329.08653436751,False,False,False,False
2024-07-01 00:00:00+00:00,1.13,1.17,1.12,1.17,16124,0.8995653006531328,1.073983454088485,"rgba(38, 166, 154, 0.5)",0.23408421474526092,3.2975800413800007,-9.259830030567594,56.293564060465584,10.38294938295293,False,False,True,False,False,0.0,1.9819371099999998,0.0,0.0,0.0,0.0,1,1.072805007142784,0.9022003884852146,False,False,False,False,0.2711056645759035,0.2820646014227345,False,False,False,False,154856771,154921130.91295615,False,False,False,False,108556.33804282369,False,False,False,False
2024-07-02 00:00:00+00:00,1.1,1.13,1.07,1.12,21463,0.9003904501208013,1.0738115207664052,#000000,0.23001404977872147,3.297162970408801,-9.552298968356583,53.75171068521477,7.869142731134438,False,False,False,False,False,0.0,1.96963711,0.0,0.0,0.0,0.0,1,1.0735610222116074,0.9094921132698505,False,False,False,False,0.2144145018617168,0.24823955164222564,False,False,False,False,154835308,154917765.30852652,False,False,False,False,105140.91302153649,False,False,False,False
2024-07-03 00:00:00+00:00,1.1,1.13,1.0799,1.13,12577,0.9008787677624565,1.073741240589568,#000000,0.22479872213601787,3.2969268444936914,-9.772861801075575,52.057141768380895,6.220891669589179,False,False,False,False,False,0.0,1.9582371099999998,0.0,0.0,0.0,0.0,1,1.0760895687700491,0.9026571789808038,False,False,False,False,0.22057832809260275,0.23440893986741418,False,False,False,False,154835308,154914531.6885843,False,False,False,False,101510.95564814289,False,False,False,False
2024-07-05 00:00:00+00:00,1.4,1.44,1.12,1.13,531914,0.9395964093221837,1.1060039130103914,"rgba(38, 166, 154, 0.5)",0.22367826199745652,3.2972796334913577,-8.482181578793437,59.15741076414393,4.485466322149641,False,False,True,False,True,2.6444077006979185,1.94863711,0.0,0.0,0.0,0.0,1,1.0911643336031092,0.8371751446299557,False,False,False,False,0.3428281315764418,0.28861853572192797,False,False,False,False,155367222,154932284.24981627,False,False,False,False,118389.50640703925,False,False,False,False
2024-07-08 00:00:00+00:00,1.38,1.5,1.34,1.39,283995,0.9615503275324965,1.159233041089117,"rgba(38, 166, 154, 1.0)",0.22441991842860134,3.0558321819115433,-7.467395022891898,63.05780884493029,7.837694588491146,True,False,True,False,True,2.1280542095128148,1.9396871100000002,0.0,0.0,0.0,0.0,0,1.125235358484242,0.8322768900148839,False,False,False,False,0.3428281518170442,0.3157233437694861,False,False,False,False,155083227,154938203.57335287,False,False,False,False,124883.83948911614,False,False,False,False
2024-07-09 00:00:00+00:00,1.36,1.38,1.29,1.34,51017,0.9647470061587968,1.1592383235924761,"rgba(38, 166, 154, 1.0)",0.22312149400001202,3.055189773044476,-7.597608561389359,64.80484815169805,9.203476977898191,True,False,True,False,True,1.6081945856892084,1.93048711,0.0,0.0,0.0,0.0,0,1.1032292270080803,0.8656468763193277,False,False,False,False,0.2578551870541113,0.2867892654117987,False,False,False,False,155032210,154941890.09988806,False,False,False,False,121987.10068562141,False,False,False,False
2024-07-10 00:00:00+00:00,1.29,1.3508,1.24,1.32,34308,0.9665883129003342,1.158218289449086,"rgba(38, 166, 154, 1.0)",0.22022352743553256,3.0544769498499624,-8.012209096807284,63.1898708275761,9.203476977898191,True,False,True,False,True,0.0,1.92118711,0.0,0.0,0.0,0.0,0,1.0945352894605664,0.8740702368269283,False,False,False,False,0.2195444967748677,0.2531668810933332,False,False,False,False,154997902,154944086.64499047,False,False,False,False,118548.70458030293,False,False,False,False
2024-07-11 00:00:00+00:00,1.36,1.4196,1.26,1.33,67199,0.970710004443493,1.1594261587501313,"rgba(38, 166, 154, 1.0)",0.21770992986189927,3.053936199812402,-7.780702519572362,63.693510296008775,9.203476977898191,True,False,True,False,True,1.5687429361712155,1.9125371100000002,0.0,0.0,0.0,0.0,0,1.0911291634373417,0.8609907091119581,False,False,False,False,0.2625474958090665,0.25785718845119987,False,False,False,False,155065101,154948832.30597126,False,False,False,False,116534.99067519301,False,False,False,False
2024-07-12 00:00:00+00:00,1.33,1.39,1.2702,1.39,32647,0.972593992081479,1.1597698822685127,"rgba(38, 166, 154, 1.0)",0.21880216621151508,3.0536052482869107,-7.877459707691875,62.88907726567469,9.203476977898191,True,False,True,False,True,0.7923395220524867,1.90338711,0.0,0.0,0.0,0.0,0,1.0982657318838522,0.8652701692638097,False,False,False,False,0.2530765523681096,0.25546687040965477,False,False,False,False,155032454,154952111.58809003,False,False,False,False,113245.26555067564,False,False,False,False
2024-07-15 00:00:00+00:00,1.36,1.38,1.2902,1.3,24784,0.9740639407871807,1.160282547528417,"rgba(38, 166, 154, 1.0)",0.22242416450347222,3.053422059290692,-7.613480590434033,63.062113616400765,9.203476977898191,True,False,True,False,True,1.5522948680973627,1.8949371099999999,0.0,0.0,0.0,0.0,0,1.1005747396739693,0.8684965525026089,False,False,False,False,0.2579528295876654,0.2567098499986601,False,False,False,False,155057238,154956234.19247866,False,False,False,False,109776.19631339425,False,False,False,False
2024-07-16 00:00:00+00:00,1.39,1.39,1.32,1.34,49175,0.9771278726402388,1.162008135131946,"rgba(38, 166, 154, 1.0)",0.22752289717488086,3.05325315131428,-7.310267107032548,63.87281088645333,9.203476977898191,True,False,True,False,True,2.311880415427783,1.88703711,0.0,0.0,0.0,0.0,0,1.1043276733732676,0.8641609584240565,False,False,False,False,0.27748241750181996,0.26709613375024,False,False,False,False,155106413,154962123.5574795,False,False,False,False,107399.6788109082,False,False,False,False
2024-07-17 00:00:00+00:00,1.36,1.45,1.32,1.38,59996,0.9808961869213552,1.1643967382319418,"rgba(38, 166, 154, 1.0)",0.23205911680044533,3.0531276725429346,-7.29610495759538,63.1250426034877,9.203476977898191,True,False,True,False,True,1.504534664007462,1.87888711,0.0,0.0,0.0,0.0,0,1.1061315332051906,0.853439158305205,False,False,False,False,0.3062518816158932,0.2866740076830666,False,False,False,False,155046417,154965429.18267637,False,False,False,False,105540.711014402,False,False,False,False
2024-07-18 00:00:00+00:00,1.33,1.41,1.31,1.33,32712,0.9827845863704232,1.1652223303019034,"rgba(38, 166, 154, 0.5)",0.23586715809449196,3.052927626669654,-7.304652502657547,61.374368692373736,9.203476977898191,False,False,True,False,False,0.6979106548353897,1.8705871099999998,0.0,0.0,0.0,0.0,0,1.1015670182589299,0.8720681519833279,False,False,False,False,0.28060925331807574,0.2836416305005712,False,False,False,False,155013705,154967322.3519832,False,False,False,False,102684.68313148427,False,False,False,False
2024-07-19 00:00:00+00:00,1.28,1.39,1.1383,1.39,76271,0.9861636607911878,1.1643014020901472,"rgba(38, 166, 154, 0.5)",0.23859892673879604,3.0516606826478694,-7.425266772416703,58.26822732926378,13.282456040863032,False,False,True,False,False,0.0,1.86253711,0.0,0.0,0.0,0.0,0,1.065857689598793,0.8760136367077098,False,False,False,False,0.18525097806056445,0.2344463042805678,False,False,False,False,154937434,154966150.25974858,False,False,False,False,101648.85242044568,False,False,False,False
2024-07-22 00:00:00+00:00,1.31,1.31,1.26,1.28,12225,0.9867429503014551,1.164330066741655,"rgba(38, 166, 154, 0.5)",0.2417604539249263,3.051506176972077,-7.203436909135129,57.19170482418917,12.159360082237903,False,False,True,False,False,0.171487750399681,1.85600561,0.0,0.0,0.0,0.0,0,1.086641945350478,0.8875671284917018,False,False,False,False,0.20565621168616852,0.22005125798336816,False,False,False,False,154949659,154965503.54368,False,False,False,False,98142.03467846742,False,False,False,False
2024-07-23 00:00:00+00:00,1.26,1.33,1.18,1.33,16266,0.9874185693300396,1.1641073612024262,#000000,0.2438589545335635,3.05122671508176,-7.345339105992208,54.59575325732485,9.609404712700837,False,True,False,False,False,0.0,1.84950561,0.0,0.0,0.0,0.0,0,1.0717283686480115,0.8875844224823494,False,False,False,False,0.17634505509120868,0.19819815653728842,False,False,False,False,154933393,154964244.30667296,False,False,False,False,94931.20978911576,False,False,False,False
2024-07-24 00:00:00+00:00,1.19,1.254,1.17,1.21,16691,0.9879751195868961,1.163510352554987,#000000,0.24493111331222236,3.0508352050225893,-7.597381891824077,50.62232587525328,5.859769986852051,False,True,False,False,False,0.0,1.84245561,0.0,0.0,0.0,0.0,0,1.070393183616436,0.9001149766857142,False,False,False,False,0.13327243858013435,0.1657352975587114,False,False,False,False,154916702,154962379.90248972,False,False,False,False,91862.96626797397,False,False,False,False
2024-07-25 00:00:00+00:00,1.16,1.23,1.12,1.18,18322,0.988485565926163,1.1682619976616722,"rgba(239, 83, 80, 1.0)",0.245072493391489,2.796820936144925,-6.678925543594969,47.11515647268003,2.6547917093257567,False,True,False,True,False,0.0,1.83520561,0.0,0.0,0.0,0.0,0,1.0594037282341027,0.9054023002861872,False,False,False,False,0.09690973973287866,0.13132251864579503,False,False,False,False,154898380,154959870.1023921,False,False,False,False,88979.0068064848,False,False,False,False
2024-07-26 00:00:00+00:00,1.23,1.26,1.14,1.14,28050,0.9894325023936252,1.1722660002848362,"rgba(239, 83, 80, 1.0)",0.24575605198747952,2.7974539360846564,-6.378088854408001,47.45426414287213,2.6547917093257567,False,True,False,True,False,0.0,1.82875561,0.0,0.0,0.0,0.0,0,1.0640555498964384,0.9035093884757721,False,False,False,False,0.11547906118827543,0.12340078991703524,False,False,False,False,154926430,154958558.72582772,False,False,False,False,86589.63399054423,False,False,False,False
2024-07-29 00:00:00+00:00,1.18,1.2898,1.18,1.19,26735,0.990354323025115,1.1732449210442897,"rgba(239, 83, 80, 1.0)",0.24546740239950596,2.7973512666066638,-6.588863738307596,46.151133635962935,1.7858762647639281,False,True,False,True,False,0.0,1.82200561,0.0,0.0,0.0,0.0,1,1.0687981053878035,0.9029687896472964,False,False,False,False,0.13929094339289197,0.13134586665496362,False,False,False,False,154899695,154956250.34442273,False,False,False,False,84242.39344189544,False,False,False,False
2024-07-30 00:00:00+00:00,1.28,1.33,1.15,1.152,56532,0.9925916264934942,1.1772716442885602,"rgba(239, 83, 80, 1.0)",0.2452884957889027,2.797660144025678,-6.187245509189265,48.544349596921705,1.7858762647639281,False,True,False,True,False,0.0,1.81570561,0.0,0.0,0.0,0.0,1,1.0558966934584726,0.9035994208976074,False,False,False,False,0.12561680823897722,0.12848133744697043,False,False,False,False,154956227,154956249.4289552,False,False,False,False,83155.71134613483,False,False,False,False
2024-07-31 00:00:00+00:00,1.41,1.46,1.279,1.279,91424,0.9978901432493573,1.194261826565508,#000000,0.24660905368598285,2.8009854974717796,-5.64044781276756,53.22992159385939,-2.7228717283614756,False,True,False,False,True,2.9867762003227725,1.81020561,0.0,0.0,0.0,0.0,1,1.0737793252093177,0.8984000663184932,False,False,False,False,0.2773895679700835,0.20293545270852698,False,False,False,False,155047651,154959833.8042903,False,False,False,False,83479.9579600119,False,False,False,False
2024-08-01 00:00:00+00:00,1.44,1.49,1.4,1.4,110036,1.0050493574550412,1.210989069565219,"rgba(38, 166, 154, 0.5)",0.2469721327719991,2.804173015346607,-5.523590860374481,56.95205700361029,0.6686171422578795,False,True,True,False,True,3.7344023519873666,1.8054556099999999,0.0,0.0,0.0,0.0,1,1.0831140459758701,0.8951392681594744,False,False,False,False,0.342828127818102,0.2728817902633145,False,False,False,False,155157687,154967592.75314164,False,False,False,False,84521.37137334477,False,False,False,False
2024-08-02 00:00:00+00:00,1.37,1.45,1.27,1.39,72505,1.0088039125049366,1.2138855117639027,"rgba(38, 166, 154, 0.5)",0.24647301066968874,2.8041434576867514,-5.818663284024722,57.078876586541654,0.7297927705856253,False,True,True,False,True,1.835149098405978,1.80015561,0.0,0.0,0.0,0.0,1,1.0602713994235191,0.9026945622955586,False,False,False,False,0.2385340944085435,0.255707942335929,False,False,False,False,155085182,154972204.0961557,False,False,False,False,84050.14112340967,False,False,False,False
2024-08-05 00:00:00+00:00,1.34,1.3599,1.21,1.26,63927,1.0114999923983001,1.2133374037743319,"rgba(38, 166, 154, 0.5)",0.24552771079592736,2.8032773664671473,-5.959723901321118,56.22375003394519,0.7297927705856253,False,True,True,False,True,1.0330685193703317,1.7945556100000002,0.0,0.0,0.0,0.0,1,1.0530892814323396,0.917208856206537,False,False,False,False,0.14989274516937484,0.2028003437526519,False,False,False,False,155021255,154974127.66101235,False,False,False,False,83260.99833425635,False,False,False,False
2024-08-06 00:00:00+00:00,1.51,1.54,1.3,1.3533,62802,1.0154086127930533,1.2193215768780237,"rgba(38, 166, 154, 0.5)",0.24871171611094364,2.804214932495078,-5.203674972504164,59.210570903879145,2.8881434775883292,False,True,True,False,True,5.243662119430827,1.78795561,0.0,0.0,0.0,0.0,1,1.06583688175565,0.8918004148924544,False,False,False,False,0.3089090872644456,0.25585471550854877,False,False,False,False,155084057,154978438.61548245,False,False,False,False,82458.68467408944,False,False,False,False
2024-08-07 00:00:00+00:00,1.57,1.61,1.455,1.52,57523,1.0196973705491281,1.2276122071642814,"rgba(38, 166, 154, 0.5)",0.2515083520208741,2.805869074141781,-4.913829159992305,62.170521632749534,5.754234890872496,False,False,True,False,True,6.645029730544671,1.78225561,0.0,0.0,0.0,0.0,1,1.078862568181461,0.9107314082713729,False,False,False,False,0.3428281363823314,0.2993414259454401,False,False,False,False,155141580,154984836.3168361,False,False,False,False,81480.81468687025,False,False,False,False
2024-08-08 00:00:00+00:00,1.54,1.6,1.43,1.46,50965,1.0232852092169626,1.233552475529175,"rgba(38, 166, 154, 0.5)",0.25379124163329464,2.8069645367571168,-4.992152324104887,63.14753683134393,6.7628822632568415,False,False,True,False,True,5.8166807517681605,1.77655561,0.0,0.0,0.0,0.0,0,1.061050713253315,0.9202067491987672,False,False,False,False,0.3223093171030501,0.3108253715242451,False,False,False,False,155090615,154988984.5004896,False,False,False,False,80284.11607169887,False,False,False,False
2024-08-09 00:00:00+00:00,1.56,1.61,1.44,1.5,58293,1.0274345237660607,1.2401777895125228,"rgba(38, 166, 154, 1.0)",0.2555941797448896,2.808188351855942,-4.883477210246992,64.16166202588431,7.891815328053191,True,False,True,False,True,6.290901449981458,1.77100561,0.0,0.0,0.0,0.0,0,1.0816426032524928,0.901245635557232,False,False,False,False,0.3340012133695741,0.32241329244690964,False,False,False,False,155148908,154995256.01027432,False,False,False,False,79421.7193630048,False,False,False,False
2024-08-12 00:00:00+00:00,1.44,1.58,1.43,1.58,52591,1.0307347551348722,1.2441611074116914,"rgba(38, 166, 154, 0.5)",0.2543665405623567,2.8087466028132075,-5.381000975156424,61.071663048558335,7.891815328053191,False,False,True,False,True,3.016797926783397,1.76454611,0.0,0.0,0.0,0.0,0,1.083424790693299,0.895283935906681,False,False,False,False,0.31044138412143146,0.3164273382841706,False,False,False,False,155096317,154999219.186342,False,False,False,False,78369.53428994579,False,False,False,False
2024-08-13 00:00:00+00:00,1.62,1.63,1.4142,1.52,47084,1.034108889759716,1.2492313490083067,"rgba(38, 166, 154, 0.5)",0.25765746630254044,2.809679109621324,-4.617289483955443,62.3158973978991,7.891815328053191,False,False,True,False,True,7.196703402460919,1.7585961099999998,0.0,0.0,0.0,0.0,0,1.0799801676453726,0.8903332765218995,False,False,False,False,0.32982225943108034,0.32312479885762546,False,False,False,False,155143401,155004873.37511292,False,False,False,False,77142.65059230087,False,False,False,False
2024-08-14 00:00:00+00:00,1.77,1.8,1.61,1.6179,102729,1.043703978274295,1.2676147725049338,"rgba(38, 166, 154, 1.0)",0.2642520982768442,2.813839831512364,-3.9501666715954826,65.11242130728982,8.893633256885536,True,False,True,False,True,10.38711776441906,1.75264611,0.0,0.0,0.0,0.0,0,1.097528725150465,0.8658277098911776,False,False,False,False,0.34282814708150783,0.3329764729695667,False,False,False,False,155246130,155014334.41922614,False,False,False,False,78146.03684358318,False,False,False,False
2024-08-15 00:00:00+00:00,2.04,2.05,1.7249,1.75,216462,1.0690793047833569,1.3181712523776243,"rgba(38, 166, 154, 1.0)",0.2803688303403527,2.8263155592137124,-2.80457552381685,69.41053066573642,12.997004558835783,True,False,True,False,True,15.527102279104039,1.74779611,0.0,0.0,0.0,0.0,0,1.1062563678513948,0.8485891056214274,False,False,False,False,0.34282816035767644,0.3379023166636216,False,False,False,False,155462592,155031913.14788392,False,False,False,False,83570.19226148188,False,False,False,False
2024-08-16 00:00:00+00:00,2.0,2.19,1.55,2.08,290691,1.1000586235246717,1.367686064837215,"rgba(38, 166, 154, 1.0)",0.29264514229747474,2.8383187689263467,-2.864625608834446,71.2610406601354,14.736224128548514,True,False,True,False,True,14.451380662407782,1.7439961099999999,0.0,0.0,0.0,0.0,0,1.0742746506537966,0.8603597283798182,False,False,False,False,0.32650205818377437,0.332202187423698,False,False,False,False,155171901,155037402.86757475,False,False,False,False,91692.57687867866,False,False,False,False
2024-08-19 00:00:00+00:00,1.5,1.82,1.15,1.82,1772622,1.1713580748525003,1.4458152223292378,"rgba(38, 166, 154, 0.75)",0.29037206713382474,2.5922875583308547,-3.7616826202068827,63.76799610130161,20.81327312627934,True,False,True,False,False,2.677951429783267,1.7365961099999998,0.0,0.0,0.0,0.0,0,0.9788824160662273,0.894565384025754,False,False,False,False,-0.007313016603196803,0.1624445854102506,False,False,False,False,153399279,154973162.71590516,False,False,False,False,157611.37778539714,False,False,False,False
2024-08-20 00:00:00+00:00,1.72,1.85,1.39,1.45,292546,1.1854762354983728,1.4592097107209412,"rgba(38, 166, 154, 0.5)",0.29179295228045393,2.5949675534126744,-2.9985904271317283,61.24123325997717,18.66280261367065,False,False,True,False,False,6.71327895528027,1.7312961100000002,0.0,0.0,0.0,0.0,0,1.0129457441020822,0.8967184331569307,False,False,False,False,0.10623499631133758,0.1343397908607941,False,False,False,False,153691825,154922914.17802653,False,False,False,False,162902.9315977345,False,False,False,False
2024-08-21 00:00:00+00:00,3.92,5.81,2.0,2.14,80117968,3.608017332279586,3.7704438117447276,"rgba(38, 166, 154, 1.0)",0.4255211548684071,3.842167539768961,0.1829109066389631,68.52332357397151,18.66280261367065,True,False,True,False,True,20.0,1.7364961100000003,0.0,0.0,0.0,0.0,0,1.0373145599785192,0.6035023830301396,False,False,False,False,0.34282822801048907,0.23858400943564156,False,False,False,False,233809793,158016517.2690843,False,False,False,False,3298395.679378215,False,False,False,False
2024-08-22 00:00:00+00:00,7.75,8.0,4.66,6.2,55887493,4.831217749314985,4.974054999556599,"rgba(38, 166, 154, 1.0)",0.8622809360279855,4.789320749877502,3.4335436705357107,76.42451109405263,17.447330363965023,True,False,True,False,True,20.0,1.7603461100000002,0.0,0.0,0.0,0.0,0,1.14182643921095,0.5153167773752008,False,False,False,False,0.34282824025368064,0.2907061248446611,False,False,False,False,289697286,163180468.9840222,False,False,False,False,5360713.221363383,False,False,False,False
2024-08-23 00:00:00+00:00,5.45,12.18,4.87,9.0,28746155,5.270257339088401,5.842269734238966,"rgba(38, 166, 154, 1.0)",0.9823078432413347,5.238673379342731,0.21513278358844404,73.60478887747962,17.447330363965023,True,False,True,False,True,20.0,1.77154611,0.0,0.0,0.0,0.0,0,1.1093057287337211,0.4832666597395396,False,False,False,False,0.34282824444020715,0.31676718464243414,False,False,False,False,260951131,167014612.59249192,False,False,False,False,6277789.369545212,False,False,False,False
2024-08-26 00:00:00+00:00,5.75,6.6,4.9,5.55,4180873,5.281467641942516,5.8040638010659915,"rgba(38, 166, 154, 1.0)",1.100955599037851,5.239271725733746,0.4638954329426092,72.11335290693076,17.447330363965023,True,False,True,False,True,20.0,1.78439611,0.0,0.0,0.0,0.0,0,1.1042912231241593,0.7421661076815887,False,False,False,False,0.08352703672587568,0.20014711068415492,False,False,False,False,265132004,170862353.43200204,False,False,False,False,6195557.355053242,False,False,False,False
2024-08-27 00:00:00+00:00,6.02,6.33,5.54,5.76,1857402,5.288473502963475,5.794516032117056,"rgba(38, 166, 154, 1.0)",1.2172237108661705,5.242561579418205,0.6386980582464771,71.47669535035058,17.447330363965023,True,False,True,False,True,20.0,1.7990961099999998,0.0,0.0,0.0,0.0,0,1.125737968167005,0.7597057573324514,False,False,False,False,0.10011088002813992,0.15012899535614743,False,False,False,False,266989406,174632041.76800197,False,False,False,False,6025433.61563939,False,False,False,False
2024-08-28 00:00:00+00:00,5.97,6.58,5.62,5.9,1695515,5.295611470387133,5.788551675155181,"rgba(38, 166, 154, 0.75)",1.31735296477456,5.246680865871031,0.5490701076098847,70.88774374249095,17.447330363965023,True,False,True,False,False,20.0,1.81334611,0.0,0.0,0.0,0.0,0,1.1254282842741627,0.7584362484581764,False,False,False,False,0.11494804852063706,0.13253852193839225,False,False,False,False,265293891,178187408.4045509,False,False,False,False,5855632.885614316,False,False,False,False
2024-08-29 00:00:00+00:00,5.81,6.2,5.71,5.92,762014,5.298152653855291,5.78502851239212,"rgba(38, 166, 154, 0.75)",1.4004592254973278,5.247924423355506,0.4013509043398897,69.93397957696446,17.447330363965023,True,False,True,False,False,20.0,1.82734611,0.0,0.0,0.0,0.0,0,1.1277196746893945,0.7754749114698994,False,False,False,False,0.10190685831713658,0.11722269012776441,False,False,False,False,264531877,181573465.9965293,False,False,False,False,5655883.125394147,False,False,False,False
2024-08-30 00:00:00+00:00,6.08,6.59,5.67,5.82,950747,5.30236053901051,5.782811503844072,"rgba(38, 166, 154, 0.75)",1.4861496767038846,5.250631544444714,0.5580652262393475,69.7553857124517,17.447330363965023,True,False,True,False,False,20.0,1.84239611,0.0,0.0,0.0,0.0,0,1.1217246047689755,0.7687097854252187,False,False,False,False,0.11765094783355352,0.11743681898065897,False,False,False,False,265482624,184864021.2123517,False,False,False,False,5471367.983221828,False,False,False,False
2024-09-03 00:00:00+00:00,6.77,7.46,5.8805,5.93,2352024,5.320027317897405,5.791222064587,"rgba(38, 166, 154, 0.75)",1.5914637515824466,5.265097077919766,0.9456092987250622,70.7341522641802,17.447330363965023,True,False,True,False,False,20.0,1.8609461099999998,0.0,0.0,0.0,0.0,0,1.1219997860379403,0.7506548274326965,False,False,False,False,0.1666593817457618,0.1420481003632104,False,False,False,False,267834648,188117771.28245556,False,False,False,False,5349040.768193522,False,False,False,False
2024-09-04 00:00:00+00:00,6.93,7.2,6.45,6.91,393197,5.323266556940258,5.793219978175868,"rgba(38, 166, 154, 0.75)",1.6931495318265837,5.267833319019179,0.9817010545947835,71.62987514193824,17.447330363965023,True,False,True,False,False,20.0,1.87989611,0.0,0.0,0.0,0.0,0,1.137680670909287,0.7652188275266959,False,False,False,False,0.1808346017525898,0.16144135105790008,False,False,False,False,268227845,191259342.80079064,False,False,False,False,5154693.95375456,False,False,False,False
2024-09-05 00:00:00+00:00,5.71,6.8,5.5,6.7,1075144,5.327155640378927,5.790232458717652,"rgba(38, 166, 154, 0.75)",1.7446795515179685,5.270252899082054,0.2520503553419544,67.74651498383143,17.447330363965023,True,False,True,False,False,19.921117943484678,1.8926966099999998,0.0,0.0,0.0,0.0,0,1.0971631342821782,0.7842119172854782,False,False,False,False,0.11945382940953791,0.140447590233719,False,False,False,False,267152701,194235552.92624983,False,False,False,False,4994711.602626931,False,False,False,False
2024-09-06 00:00:00+00:00,5.62,5.7,5.2,5.7,385136,5.32752262304804,5.787480652210228,"rgba(38, 166, 154, 0.75)",1.7902155730597027,5.270088595213499,0.19545769238754773,64.86493629450553,22.234325137490842,True,False,True,False,False,19.259848327805457,1.9042966099999998,0.0,0.0,0.0,0.0,0,1.0852903053638827,0.8222427661926726,False,False,False,False,0.056727432892613464,0.09858751156316622,False,False,False,False,266767565,197079945.55659297,False,False,False,False,4813943.931935679,False,False,False,False
2024-09-09 00:00:00+00:00,5.68,6.06,5.36,5.44,193212,5.327904241289122,5.786458431339627,"rgba(38, 166, 154, 0.75)",1.834065081468844,5.270212773658185,0.22343112601741966,63.088675863414984,20.307494004685594,True,False,True,False,False,19.522762029322124,1.9129466099999999,0.0,0.0,0.0,0.0,0,1.0879223835254865,0.8149449687492217,False,False,False,False,0.07994766987592528,0.08926759071954575,False,False,False,False,266960777,199820370.31907952,False,False,False,False,4632738.75813428,False,False,False,False
2024-09-10 00:00:00+00:00,6.04,6.18,5.54,5.59,354139,5.32901404467602,5.785316004377819,"rgba(38, 166, 154, 0.5)",1.8843165909568402,5.270866620069574,0.40817630308071867,62.78804542272291,19.726830387269587,False,False,True,False,False,20.0,1.92334661,0.0,0.0,0.0,0.0,0,1.0921160380356403,0.8140598645774766,False,False,False,False,0.09338159494646503,0.0913245928330054,False,False,False,False,267314916,202467215.24774307,False,False,False,False,4464950.532325093,False,False,False,False
2024-09-11 00:00:00+00:00,5.9,6.08,5.64,6.06,154869,5.329459847402716,5.784759877759038,"rgba(38, 166, 154, 0.5)",1.9272588166486104,5.271114773766073,0.32631072734046246,62.02259121321719,18.637952517926976,False,False,True,False,False,20.0,1.93509661,0.0,0.0,0.0,0.0,0,1.0946547413428673,0.8189671832159722,False,False,False,False,0.09338159494646503,0.09235309388973521,False,False,False,False,267160047,205004189.0419492,False,False,False,False,4295927.727135873,False,False,False,False
2024-09-12 00:00:00+00:00,5.48,5.89,5.48,5.89,177377,5.329729006683766,5.783720275577307,"rgba(38, 166, 154, 0.5)",1.9581635782852194,5.271154650049462,0.1066536791238992,59.84819161343161,16.23639308477263,False,False,True,False,False,16.921904730114594,1.94579661,0.0,0.0,0.0,0.0,0,1.0900523341259127,0.8250958861553532,False,False,False,False,0.07754218357436132,0.08494763873204828,False,False,False,False,266982670,207434717.7069708,False,False,False,False,4134415.933914859,False,False,False,False
2024-09-13 00:00:00+00:00,5.47,5.61,5.34,5.48,152141,5.329844347266209,5.782640244544254,"rgba(38, 166, 154, 0.5)",1.9864728087399823,5.271072930327252,0.10014084703174321,58.35869151757556,14.535818071750143,False,True,True,False,False,16.84911215498497,1.95699661,0.0,0.0,0.0,0.0,0,1.085016218012826,0.8345465930302605,False,False,False,False,0.0561814788235566,0.07056455877780243,False,False,False,False,266830529,209763965.20865825,False,False,False,False,3978248.2894476093,False,False,False,False
2024-09-16 00:00:00+00:00,5.53,5.6,5.39,5.48,134927,5.3299702093898125,5.781728985927041,"rgba(38, 166, 154, 0.5)",2.0133971020878483,5.271025999396417,0.128625396517673,57.57444149895073,13.498755569029179,False,True,True,False,False,17.12968722040695,1.96754661,0.0,0.0,0.0,0.0,1,1.086236225351609,0.8440347840593911,False,False,False,False,0.05798325582209013,0.06427390729994628,False,False,False,False,266965456,212007160.92596576,False,False,False,False,3827529.8075084877,False,False,False,False
2024-09-17 00:00:00+00:00,4.73,5.838,4.67,5.57,434968,5.3293964022176885,5.777175955264188,#000000,2.0227125827071157,5.2698872860494195,-0.26691250683122564,53.864718993412836,9.758048100828276,False,True,False,False,False,11.454343108043325,1.97474661,0.0,0.0,0.0,0.0,1,1.0565349051774255,0.8434335692449189,False,False,False,False,0.03629347309545055,0.05028369019769842,False,False,False,False,266530488,214145330.61514357,False,False,False,False,3694488.167998351,False,False,False,False
2024-09-18 00:00:00+00:00,3.75,4.74,3.61,4.68,720190,5.324502066190546,5.7631723758945395,"rgba(239, 83, 80, 1.0)",2.020623261788186,5.264033880195633,-0.7492905326922558,48.49630943140366,4.651785080820119,False,True,False,True,False,5.2731419490261295,1.97724661,0.0,0.0,0.0,0.0,1,1.0265252659686481,0.8754657434627443,False,False,False,False,-0.060686639274254515,-0.005201474538278048,False,False,False,False,265810298,216171407.76749086,False,False,False,False,3577849.0241552787,False,False,False,False
2024-09-19 00:00:00+00:00,3.94,4.0794,3.25,3.75,369592,5.321469165722123,5.4202791839107665,"rgba(239, 83, 80, 1.0)",2.01928924681328,5.153091231393883,-0.6007515928232222,45.713080247888605,2.111552437614911,False,True,False,True,False,6.245637826863689,1.9816966100000002,0.0,0.0,0.0,0.0,0,1.0177263279604676,0.89553331773321,False,False,False,False,-0.10683977348841986,-0.05602062401334895,False,False,False,False,266179890,218132524.71778533,False,False,False,False,3452035.023208013,False,False,False,False
2024-09-20 00:00:00+00:00,3.88,4.0138,3.69,3.87,116358,5.320580528115057,5.4231168892591155,"rgba(239, 83, 80, 1.0)",2.017795261524538,5.153341009419096,-0.6310556049462758,43.6816505087548,0.24042076890947328,False,True,False,True,False,5.882131616271977,1.98634661,0.0,0.0,0.0,0.0,0,1.0291569718844464,0.8996867523370246,False,False,False,False,-0.0898664502950584,-0.07294353715420368,False,False,False,False,266063532,220012172.0621859,False,False,False,False,3321224.1595527967,False,False,False,False
2024-09-23 00:00:00+00:00,3.96,4.17,3.82,3.88,228372,5.318985194624431,5.431976638500726,"rgba(239, 83, 80, 1.0)",2.0176791077825604,5.154746052377492,-0.5921387835008729,42.708134173804225,-0.7228391631131501,False,True,False,True,False,6.300326884252566,1.9928966099999998,0.0,0.0,0.0,0.0,0,1.0322368044794368,0.8952555768282815,False,False,False,False,-0.07692689998092883,-0.07493521856756626,False,False,False,False,266291904,221827063.51072764,False,False,False,False,3199935.839570334,False,False,False,False
2024-09-24 00:00:00+00:00,3.75,4.145,3.56,3.95,155262,5.3177690367518595,5.428061173614525,"rgba(239, 83, 80, 1.0)",2.0141725035046334,5.153134132030441,-0.6966305664430462,41.35535405515699,-2.138238066036564,False,True,False,True,False,5.003738013658257,1.9983466099999998,0.0,0.0,0.0,0.0,0,1.0242838064067115,0.8970524612982713,False,False,False,False,-0.08981213672256594,-0.08237367764506609,False,False,False,False,266136642,223564694.03971872,False,False,False,False,3080536.8654695367,False,False,False,False
2024-09-25 00:00:00+00:00,3.76,3.85,3.71,3.77,58081,5.317300959965781,5.4261022592802455,"rgba(239, 83, 80, 1.0)",2.0108275760345014,5.152399312183996,-0.6924508738486217,40.50883527839675,-3.1384324304476294,False,True,False,True,False,5.057938484102888,2.00489661,0.0,0.0,0.0,0.0,0,1.0274621085127442,0.9054261736236088,False,False,False,False,-0.09637894939951684,-0.08937631352229147,False,False,False,False,266194723,225236459.88129836,False,False,False,False,2962009.1844707318,False,False,False,False
2024-09-26 00:00:00+00:00,3.46,3.81,3.44,3.76,188569,5.3155833518859925,5.41320488857206,"rgba(239, 83, 80, 1.0)",2.0057081874823117,5.148255448802933,-0.8417253613159627,38.88387173088876,-4.911166292952913,False,True,False,True,False,3.2041791572531118,2.00974661,0.0,0.0,0.0,0.0,0,1.0200910881273633,0.9086960113633635,False,False,False,False,-0.1104469188199557,-0.0999116161711236,False,False,False,False,266006154,226835271.4153651,False,False,False,False,2853246.824295409,False,False,False,False
2024-09-27 00:00:00+00:00,3.57,3.68,3.3301,3.42,67563,5.31495352082451,5.408772371235926,"rgba(239, 83, 80, 1.0)",2.000350707989777,5.146808734866339,-0.7882661418161669,38.48722746746743,-5.54973519695276,False,True,False,True,False,3.8208411086598844,2.01574661,0.0,0.0,0.0,0.0,0,1.0173134960554877,0.9116826388521203,False,False,False,False,-0.12136339021691164,-0.11063750319401762,False,False,False,False,266073717,228374033.98731157,False,False,False,False,2744004.3213818637,False,False,False,False
2024-09-30 00:00:00+00:00,3.67,3.73,3.39,3.56,60625,5.314410841390507,5.4057913498302606,"rgba(239, 83, 80, 1.0)",1.9949419644294637,5.145773627284565,-0.739757673956507,38.86687324511624,-5.54973519695276,False,True,False,True,False,4.383487441644025,2.02264661,0.0,0.0,0.0,0.0,0,1.0233900212084313,0.9100398021250686,False,False,False,False,-0.11635905411187317,-0.1134982786529454,False,False,False,False,266134342,229854830.37996602,False,False,False,False,2638773.7597590457,False,False,False,False
2024-10-01 00:00:00+00:00,3.37,3.7121,3.37,3.69,108425,5.313377554765321,5.3989601360712145,"rgba(239, 83, 80, 1.0)",1.9870504375686309,5.143508163338535,-0.8925330378169024,37.89369757803334,-6.7311503742431,False,True,False,True,False,2.507957033252449,2.02482161,0.0,0.0,0.0,0.0,0,1.0194970960098968,0.9091009162770217,False,False,False,False,-0.11808417642093086,-0.11579122753693813,False,False,False,False,266025917,231273304.3650654,False,False,False,False,2539544.39663124,False,False,False,False
2024-10-02 00:00:00+00:00,3.57,3.62,3.37,3.37,54970,5.312864428914758,5.396063535028999,"rgba(239, 83, 80, 1.0)",1.9797815149271125,5.142507917810859,-0.794283564097603,38.60585486963697,-6.7311503742431,False,True,False,True,False,3.6546373317605187,2.02847161,0.0,0.0,0.0,0.0,0,1.021537391777155,0.9122689154711614,False,False,False,False,-0.1222792983677314,-0.11903526295233477,False,False,False,False,266080887,232638307.60565108,False,False,False,False,2442110.1065672697,False,False,False,False
2024-10-03 00:00:00+00:00,3.54,4.07,3.4507,3.54,182466,5.311321637744008,5.391394867852435,"rgba(239, 83, 80, 1.0)",1.9714661119661365,5.140524099852734,-0.8118445912603269,38.941749572193686,-6.7311503742431,False,True,False,True,False,3.464664578245195,2.0312216100000002,0.0,0.0,0.0,0.0,0,1.0237367760167284,0.9000585297431651,False,False,False,False,-0.0981601868350947,-0.10859772489371473,False,False,False,False,265898421,233942625.77797848,False,False,False,False,2353496.6121920827,False,False,False,False
2024-10-04 00:00:00+00:00,3.23,3.68,3.1,3.61,127074,5.310017644957673,5.382780162046283,"rgba(239, 83, 80, 1.0)",1.961414198393063,5.137658145677593,-0.9725932173023366,37.768798002975714,-7.710833481286983,False,True,False,True,False,1.516015245659645,2.03197311,0.0,0.0,0.0,0.0,0,1.0157921418872615,0.9105791301202177,False,False,False,False,-0.1334625886405641,-0.12103015676713941,False,False,False,False,265771347,235190810.92394012,False,False,False,False,2266185.9215178834,False,False,False,False
2024-10-07 00:00:00+00:00,3.18,3.3287,3.1,3.22,110709,5.308806073063092,5.374213470810707,"rgba(239, 83, 80, 1.0)",1.9505548021104868,5.13484858781339,-1.002201315081359,36.76929723353562,-8.928057809518009,False,True,False,True,False,1.2045406327366166,2.0331731100000003,0.0,0.0,0.0,0.0,0,1.0152404324939537,0.9205129768510047,False,False,False,False,-0.15195178363868622,-0.13649097020291281,False,False,False,False,265660638,236385706.10339344,False,False,False,False,2181657.414791692,False,False,False,False
2024-10-08 00:00:00+00:00,2.85,3.16,2.85,3.12,110998,5.30744894628556,5.363260565203315,"rgba(239, 83, 80, 1.0)",1.9399480628322838,5.131351652640401,-1.175985943309057,34.73564928850685,-11.062949923758815,False,True,False,True,False,0.0,2.03352311,0.0,0.0,0.0,0.0,0,1.0073239251590345,0.9254647243991045,False,False,False,False,-0.17176561485825545,-0.15412829253058413,False,False,False,False,265549640,237529389.78561333,False,False,False,False,2100455.084799861,False,False,False,False
2024-10-09 00:00:00+00:00,2.8,2.9,2.68,2.85,347626,5.302920578072829,5.328903666334989,"rgba(239, 83, 80, 1.0)",1.9285655594553588,5.120211278416352,-1.2030761759904063,33.182758477639005,-12.673447195333097,False,True,False,True,False,0.0,2.03407311,0.0,0.0,0.0,0.0,0,1.003783194439537,0.9331164537410466,False,False,False,False,-0.1952439159963399,-0.174686104263462,False,False,False,False,265202014,238614590.73519713,False,False,False,False,2031716.6893175135,False,False,False,False
2024-10-10 00:00:00+00:00,2.68,2.85,2.659,2.8,709893,5.293490283165059,5.2740321841498154,"rgba(239, 83, 80, 1.0)",1.917576661375627,5.101162691736628,-1.262615852864907,31.661844797147264,-14.22272795369188,False,True,False,True,False,0.0,2.03392311,0.0,0.0,0.0,0.0,0,0.999997476824634,0.9376750452909974,False,False,False,False,-0.19860721237382573,-0.18664665831864385,False,False,False,False,264492121,239629395.84362078,False,False,False,False,1979880.4662070228,False,False,False,False
2024-10-11 00:00:00+00:00,2.73,2.8,2.672,2.71,623053,5.285284244149185,5.238214059431109,"rgba(239, 83, 80, 1.0)",1.9063350811023978,5.087566177453295,-1.2367008302076459,31.16469117220392,-14.812468893107635,False,True,False,True,False,0.0,2.03487311,0.0,0.0,0.0,0.0,0,0.9972750601200889,0.9397513523869061,False,False,False,False,-0.2003616708885446,-0.1935041646035942,False,False,False,False,265115174,240628838.1242631,False,False,False,False,1926671.54596361,False,False,False,False
2024-10-14 00:00:00+00:00,2.59,2.7199,2.57,2.71,432139,5.27938528747257,5.214560123916215,"rgba(239, 83, 80, 1.0)",1.8949006962500416,5.078299372259101,-1.3131555533138912,30.202667551626824,-15.870366178539385,False,True,False,True,False,0.0,2.0353231099999998,0.0,0.0,0.0,0.0,0,0.9977251290018311,0.9404775715878193,False,False,False,False,-0.20901443288573654,-0.20125929874466536,False,False,False,False,264683035,241572139.9625273,False,False,False,False,1868062.426514057,False,False,False,False
2024-10-15 00:00:00+00:00,2.32,2.56,2.31,2.56,511824,5.271829607829323,5.183814336507285,"rgba(239, 83, 80, 1.0)",1.8840660744711732,5.066281067186522,-1.4576352201221812,28.454658697645307,-17.648368958333556,False,True,False,True,False,0.0,2.03442261,0.0,0.0,0.0,0.0,0,0.9927056670002463,0.9419118645431548,False,False,False,False,-0.2402313814230389,-0.22074534008385213,False,False,False,False,264171211,242458378.04242823,False,False,False,False,1814876.605866447,False,False,False,False
2024-10-16 00:00:00+00:00,2.18,2.32,2.1,2.31,485457,5.264211971969509,5.15356541204974,"rgba(239, 83, 80, 1.0)",1.8735715567809579,5.054323283304203,-1.5341411823323514,26.767182439721864,-19.324300541689425,False,True,False,True,False,0.0,2.03247261,0.0,0.0,0.0,0.0,0,0.9851549410574935,0.9524510321856776,False,False,False,False,-0.26828816380973103,-0.24451675194679157,False,False,False,False,263685754,243290824.15841144,False,False,False,False,1762742.503675606,False,False,False,False
2024-10-17 00:00:00+00:00,1.96,2.18,1.85,2.15,602014,5.254194295130305,5.115107500377361,"rgba(239, 83, 80, 1.0)",1.8640735495678387,5.03889405702167,-1.6517020252422292,24.879078949068596,-21.155614856854896,False,True,False,True,False,0.0,2.02837261,0.0,0.0,0.0,0.0,0,0.9750761416234195,0.9579192297673672,False,False,False,False,-0.2880211896290677,-0.26626897078792966,False,False,False,False,263083740,244067016.93651298,False,False,False,False,1717223.7388255822,False,False,False,False
2024-10-18 00:00:00+00:00,1.96,1.99,1.8,1.91,282925,5.249392432713921,5.097691979643343,"rgba(239, 83, 80, 1.0)",1.8544550400308277,5.031746111147701,-1.6564144424319056,23.620343288633084,-22.38016634577861,False,True,False,True,False,0.0,2.02417911,0.0,0.0,0.0,0.0,0,0.974462769366338,0.9624464271409116,False,False,False,False,-0.30027308259881474,-0.28327102669337223,False,False,False,False,263083740,244812770.78213993,False,False,False,False,1660976.7294598732,False,False,False,False
2024-10-21 00:00:00+00:00,1.86,2.01,1.86,1.94,147776,5.246884830509883,5.08892276682152,"rgba(239, 83, 80, 1.0)",1.8495962549449947,5.028094070290786,-1.712857096147722,22.421887584471435,-23.566108687865487,False,True,False,True,False,0.0,2.02010411,0.0,0.0,0.0,0.0,0,0.9757023062896986,0.962177149498066,False,False,False,False,-0.296179551699944,-0.2897252891966581,False,False,False,False,262935964,245523484.24166387,False,False,False,False,1601635.5243830155,False,False,False,False
2024-10-22 00:00:00+00:00,1.93,1.94,1.85,1.88,99519,5.245196534684061,5.083135346907623,"rgba(239, 83, 80, 1.0)",1.843843664592989,5.025664181814319,-1.6789190110093515,22.631718157229948,-23.566108687865487,False,True,False,True,False,0.0,2.01674511,0.0,0.0,0.0,0.0,0,0.975665736875903,0.9631235952801412,False,False,False,False,-0.30027308259881474,-0.29499918589773644,False,False,False,False,263035483,246210229.2910104,False,False,False,False,1542728.994015054,False,False,False,False
2024-10-23 00:00:00+00:00,1.84,2.08,1.72,1.92,301748,5.240047124606789,5.0658793071907855,"rgba(239, 83, 80, 1.0)",1.8385902648938413,5.018349278201143,-1.728688190560314,22.38126546996598,-23.839419013345065,False,True,False,True,False,0.0,2.01324511,0.0,0.0,0.0,0.0,0,0.9728991397107709,0.9610070532719482,False,False,False,False,-0.29976085912242,-0.2973800225100782,False,False,False,False,262733735,246858209.9070492,False,False,False,False,1494063.0726811304,False,False,False,False
2024-10-24 00:00:00+00:00,1.8,1.97,1.77,1.84,156601,5.2373544431664625,5.0570650792389555,"rgba(239, 83, 80, 1.0)",1.8327604051547342,5.014574902649532,-1.7539526135595096,22.03754831818622,-24.361848624343448,False,True,False,True,False,0.0,2.00919511,0.0,0.0,0.0,0.0,0,0.9692627149560967,0.9680133333999668,False,False,False,False,-0.30283650237237975,-0.300108262441229,False,False,False,False,262577134,247474638.3028512,False,False,False,False,1441613.5796348115,False,False,False,False
2024-10-25 00:00:00+00:00,1.73,1.85,1.68,1.78,194202,5.23392940657572,5.045777107852087,"rgba(239, 83, 80, 1.0)",1.8285032228673481,5.009750471382381,-1.7936804433077642,21.491205061962436,-25.0867859019357,False,True,False,True,False,0.0,2.00489511,0.0,0.0,0.0,0.0,0,0.9640032409625557,0.9771702784669142,False,False,False,False,-0.3136456079475127,-0.30687693519437087,False,False,False,False,262382932,248059277.27136683,False,False,False,False,1392695.4784726622,False,False,False,False
2024-10-28 00:00:00+00:00,1.7,1.82,1.66,1.7,148629,5.2312926139985265,5.037227014922058,"rgba(239, 83, 80, 1.0)",1.8241403553554423,5.0060701726612935,-1.8123990091853925,20.9870450182717,-25.768012041160908,False,True,False,True,False,0.0,2.00089511,0.0,0.0,0.0,0.0,0,0.9674975307670238,0.9812084388099946,False,False,False,False,-0.3162296135782096,-0.3115532743862902,False,False,False,False,262234303,248615160.63327402,False,False,False,False,1343908.5577482441,False,False,False,False
2024-10-29 00:00:00+00:00,1.59,1.73,1.57,1.69,374533,5.224482872627082,5.015271412518186,"rgba(239, 83, 80, 1.0)",1.821347951480058,4.996588016892697,-1.8703664031490779,20.140530177330426,-26.75708384893845,False,True,False,True,False,0.0,1.99714511,0.0,0.0,0.0,0.0,0,0.979581182952704,0.978289016325233,False,False,False,False,-0.3396137382439472,-0.3255835063151187,False,False,False,False,261859770,249134557.07902798,False,False,False,False,1305893.8299934112,False,False,False,False
2024-10-30 00:00:00+00:00,1.55,1.63,1.53,1.53,98702,5.2226626787942205,5.009484142903338,"rgba(239, 83, 80, 1.0)",1.8193938501551072,4.994072304847232,-1.8929778753256847,19.3932787603961,-27.627239596257073,False,True,False,True,False,0.0,1.9943951100000001,0.0,0.0,0.0,0.0,0,0.9720853430442915,0.9814763125836382,False,False,False,False,-0.34282825441539394,-0.33420588036525634,False,False,False,False,261761068,249629714.3700465,False,False,False,False,1258552.9739152384,False,False,False,False
2024-10-31 00:00:00+00:00,1.55,1.62,1.48,1.52,191733,5.219112717023473,4.998345419051461,"rgba(239, 83, 80, 1.0)",1.8170461327794876,4.98920177947385,-1.8927432371862756,18.89511114910655,-28.252006848354558,False,True,False,True,False,0.0,1.99169511,0.0,0.0,0.0,0.0,0,0.9578271731322362,1.0942250477683388,False,False,False,False,-0.34282825441539394,-0.33851706739032517,False,False,False,False,261761068,250105453.7280839,False,False,False,False,1216716.8965067978,False,False,False,False
2024-11-01 00:00:00+00:00,1.49,1.638,1.45,1.61,211596,5.215177372522262,4.986226412418032,"rgba(239, 83, 80, 1.0)",1.8150103665353743,4.983858135424468,-1.9249797135284696,18.257394654071096,-29.003743441657537,False,True,False,True,False,0.0,1.9888201099999998,0.0,0.0,0.0,0.0,0,0.8884946233032823,1.2017499270317158,False,False,False,False,-0.34282825441539394,-0.3406726609028595,False,False,False,False,261549472,250554238.75835514,False,False,False,False,1177300.3907614332,False,False,False,False
2024-11-04 00:00:00+00:00,1.39,1.515,1.2794,1.47,114707,5.212971765562391,4.19017506676902,"rgba(239, 83, 80, 1.0)",1.8135465031035631,4.758415490784453,-1.857363726278873,17.346307094285194,-29.99416715926571,False,True,False,True,False,0.0,1.98547011,0.0,0.0,0.0,0.0,0,0.8385578799485872,1.4464414581758707,True,False,False,False,-0.34282825441539394,-0.3417504576591267,False,False,False,False,261434765,250980926.06194904,False,False,False,False,1135630.0617119651,False,False,False,False
2024-11-05 00:00:00+00:00,1.35,1.4,1.3101,1.38,67898,5.211653255637785,4.183245681242956,"rgba(239, 83, 80, 1.0)",1.813012107213061,4.755871702314421,-1.8785708538647783,16.55056970312573,-30.85256337038427,False,True,False,True,False,0.0,1.98177011,0.0,0.0,0.0,0.0,0,0.8266707018460945,1.228808429856659,False,False,False,False,-0.34282825441539394,-0.3422893560372603,False,False,False,False,261366867,251388217.86344123,True,False,False,False,1093758.2161546333,False,False,False,False
2024-11-06 00:00:00+00:00,1.37,1.38,1.29,1.29,87460,5.209953251616136,4.176206197814788,"rgba(239, 83, 80, 1.0)",1.8115285765849862,4.753065413101601,-1.8675197602895157,16.576406018210115,-30.940222290861396,False,True,False,True,False,0.0,1.97962011,0.0,0.0,0.0,0.0,0,0.7896504675907939,1.2245525435612696,False,False,False,False,-0.34282825441539394,-0.3425588052263271,False,False,False,False,261454327,251782967.2413455,False,False,False,False,1054295.5410113144,False,False,False,False
2024-11-07 00:00:00+00:00,1.46,1.49,1.3116,1.37,479580,5.200835661141989,4.157909171529661,"rgba(239, 83, 80, 0.75)",1.8078970910679995,4.742884281541255,-1.8158579366936864,19.054355673616847,-30.940222290861396,False,True,False,True,True,0.0,1.9775201100000002,0.0,0.0,0.0,0.0,0,0.7786890084913364,1.2400745820747197,False,False,False,False,-0.3339768538695055,-0.3382678295479163,False,False,False,False,261933907,252181043.31031236,False,False,False,False,1031757.6766579296,False,False,False,False
2024-11-08 00:00:00+00:00,1.64,1.67,1.36,1.5,449147,5.192642419451063,4.149213142333974,"rgba(239, 83, 80, 0.75)",1.801675076444508,4.735681649841733,-1.7182241627890338,24.83609411503477,-28.15793510210896,False,True,False,True,True,0.0,1.9768201100000002,0.0,0.0,0.0,0.0,0,0.7746468386725303,1.2144232773768275,False,False,False,False,-0.31873279231141166,-0.328500310929664,False,False,False,False,262383054,252581122.16088834,False,False,False,False,1008910.1991419323,False,False,False,False
2024-11-11 00:00:00+00:00,2.28,2.47,1.74,1.74,8097672,5.0746332160773475,4.091494767860655,"rgba(239, 83, 80, 0.5)",1.790723121338846,4.649505418542679,-1.3232114950138707,36.9453806517954,-17.288449690418034,False,False,False,True,True,0.0,1.9784701099999997,0.0,0.0,0.0,0.0,0,0.7895904590010272,1.1969376664040763,False,False,False,False,-0.24205060679680349,-0.28527545886323374,False,False,False,False,270480726,253283067.409481,False,False,False,False,1286900.8579991115,False,False,False,False
2024-11-12 00:00:00+00:00,3.24,3.3699,2.18,2.22,1614215,5.058106987755849,3.654858334604467,"rgba(38, 166, 154, 1.0)",1.775859969319336,4.5622493102597605,-0.7445684530895538,50.081942001496145,-5.989968391651502,True,False,True,False,True,4.875458462706167,1.9852701099999999,0.0,0.0,0.0,0.0,0,0.7970915747190725,1.199318655616006,False,False,False,False,-0.1581978984607929,-0.22173667866201333,False,False,False,False,272094941,254020787.94244254,False,False,False,True,1299736.706705029,False,False,False,False
2024-11-13 00:00:00+00:00,2.62,3.35,2.43,3.2,809294,5.049416806237217,3.6492527418723055,"rgba(38, 166, 154, 1.0)",1.7632239922503008,4.555402424228848,-1.0976497783238561,53.30497699969342,-4.143299945531979,True,False,True,False,True,0.3712371909081682,1.98882011,0.0,0.0,0.0,0.0,0,0.7827242022483237,1.1855068810808085,False,False,False,False,-0.11738985672617624,-0.1695632676940948,False,False,False,False,271285647,254697841.23881736,False,False,False,False,1280503.659383263,False,False,False,False
2024-11-14 00:00:00+00:00,2.85,3.13,2.7501,3.02,430973,5.0450413073569775,3.652550869205034,"rgba(38, 166, 154, 1.0)",1.75133830937204,4.5534951870261775,-0.9726819643641454,56.54715637230079,-1.9202157111063016,True,False,True,False,True,1.9309684478893736,1.9938201100000001,0.0,0.0,0.0,0.0,0,0.839292699688111,1.1850081936882166,False,False,False,False,-0.09618882669265848,-0.13287604719337665,False,False,False,False,271716620,255365244.3274912,False,False,False,False,1247188.7315643115,False,False,False,False
2024-11-15 00:00:00+00:00,2.8,2.83,2.53,2.8,272101,5.042042909516749,3.6494781333031674,"rgba(38, 166, 154, 1.0)",1.739735591383981,4.550841788229475,-1.0063838418323436,58.30693916542422,-0.7795816610524611,True,False,True,False,True,1.5759491061292792,1.99837011,0.0,0.0,0.0,0.0,0,0.8413947775938484,1.1436321888182834,False,False,False,False,-0.13463076845213942,-0.13375340782275802,False,False,False,False,271444519,255995804.11856997,False,False,False,False,1208949.9969931622,False,False,False,False
2024-11-18 00:00:00+00:00,2.69,2.99,2.56,2.83,154675,5.040361458583556,3.648284727485713,"rgba(38, 166, 154, 1.0)",1.7272860553820721,4.549487022373976,-1.0765368113636864,58.56882987825503,-0.7170762229093128,True,False,True,False,True,0.7907789381555617,2.00167011,0.0,0.0,0.0,0.0,0,0.8320312076718859,1.1565693232919754,False,False,False,False,-0.12054739975999221,-0.1271504037913751,False,False,False,False,271289844,256595570.38842997,False,False,False,False,1167605.8794640186,False,False,False,False
2024-11-19 00:00:00+00:00,2.67,2.8,2.49,2.69,200163,5.038100773719453,3.6452342986604895,"rgba(38, 166, 154, 1.0)",1.7142034948108882,4.5472996384821975,-1.0951439803763219,58.570750501601644,-0.5958358116756628,True,False,True,False,True,0.646874685929884,2.00452011,0.0,0.0,0.0,0.0,0,0.8151817730457329,1.176521211452529,False,False,False,False,-0.13983249632038283,-0.13349145005587898,False,False,False,False,271089681,257163966.88300136,False,False,False,False,1129666.9430144494,False,False,False,False
2024-11-20 00:00:00+00:00,2.59,2.74,2.55,2.65,127320,5.036648965764642,3.6431321655578324,"rgba(38, 166, 154, 1.0)",1.7037540109211688,4.545858269508988,-1.1479698694599196,57.846898539450684,-0.5958358116756628,True,False,True,False,True,0.06513400302129213,2.00627011,0.0,0.0,0.0,0.0,0,0.8103596800358002,1.1767522514963358,False,False,False,False,-0.13200278192933493,-0.13274711599260697,False,False,False,False,270962361,257705080.37778562,False,False,False,False,1090359.219758981,False,False,False,False
2024-11-21 00:00:00+00:00,2.74,2.82,2.59,2.6,89561,5.035666863161861,3.642383061704136,"rgba(38, 166, 154, 1.0)",1.6932015412997061,4.545053162584011,-1.0660592484450773,58.39838288530858,-0.09758745160658577,True,False,True,False,True,1.151695154688074,2.00857011,0.0,0.0,0.0,0.0,0,0.8201956239045626,1.1639509244077564,False,False,False,False,-0.11312433362823286,-0.12293572481041992,False,False,False,False,271051922,258228485.93159795,False,False,False,False,1051112.2307488248,False,False,False,False
2024-11-22 00:00:00+00:00,2.51,2.71,2.46,2.7,93620,5.034571843391269,3.64042673494133,"rgba(38, 166, 154, 1.0)",1.6832797244162574,4.543871869827536,-1.2082791946732803,56.64091538171421,-0.09758745160658577,True,False,True,False,True,0.0,2.00962011,0.0,0.0,0.0,0.0,0,0.819167090467311,1.1525569305532006,False,False,False,False,-0.13245185615369895,-0.12769379048205942,False,False,False,False,270958302,258727694.4048686,False,False,False,False,1013563.5158174983,False,False,False,False
2024-11-25 00:00:00+00:00,2.58,2.705,2.5177,2.57,98909,5.03343511672123,3.6387530927613554,"rgba(38, 166, 154, 1.0)",1.6730444601880747,4.542735689181123,-1.1731521402368965,56.01033217578527,-0.09758745160658577,True,False,True,False,True,0.0,2.01137011,0.0,0.0,0.0,0.0,0,0.8190136862345886,1.151968103155751,False,False,False,False,-0.11556119115869051,-0.12162749082037497,False,False,False,False,271057211,259211204.85957965,False,False,False,False,977694.7112756358,False,False,False,False
2024-11-26 00:00:00+00:00,2.33,2.69,2.31,2.59,237638,5.03053173696592,3.6320713967671474,"rgba(38, 166, 154, 0.75)",1.662632526723557,4.539223745407436,-1.3287504664431238,53.404534331087355,-0.09758745160658577,True,False,True,False,False,0.0,2.01257011,0.0,0.0,0.0,0.0,0,0.8408961761572156,1.1740322007813422,False,False,False,False,-0.059330090184224915,-0.09047879050229994,False,False,False,False,270819573,259666434.9827334,False,False,False,False,948672.879460905,False,False,False,False
2024-11-27 00:00:00+00:00,2.58,2.6,2.3,2.3,99367,5.029343058985727,3.629800653599986,"rgba(38, 166, 154, 0.75)",1.6529194810428762,4.537903030300387,-1.1845120423319637,53.67733481478874,-0.09758745160658577,True,False,True,False,False,0.016535869491381305,2.0152701100000003,0.0,0.0,0.0,0.0,0,0.8980390936254979,1.12027514940239,False,False,False,False,-0.053396565226156364,-0.07193767786422815,False,False,False,False,270918940,260107709.68929288,False,False,False,False,915366.7665408695,False,False,False,False
2024-11-29 00:00:00+00:00,2.61,2.68,2.5,2.6,45150,5.028825312375151,3.6291404333286765,"rgba(38, 166, 154, 0.75)",1.6449118599570214,4.537410919971257,-1.1717411533658812,54.09009281915786,-0.09758745160658577,True,False,True,False,False,0.23829329286892786,2.01772011,0.0,0.0,0.0,0.0,0,0.930072788135923,1.0772968484423853,False,False,False,False,-0.018611182788263497,-0.045274430326245826,False,False,False,False,270964090,260533450.09363437,False,False,False,False,881240.6188333844,False,False,False,False
2024-12-02 00:00:00+00:00,2.23,2.65,2.1601,2.6,190058,5.026424537281116,3.6229974317009175,#000000,1.6429985222587342,4.53434838590143,-1.4025261463616514,51.17794064868281,-0.09758745160658577,True,False,False,False,False,0.0,2.01827011,0.0,0.0,0.0,0.0,0,0.8807627385162412,1.0741879376407988,False,False,False,False,-0.06458854680155748,-0.054931488563901655,False,False,False,False,270774032,260935041.54094282,False,False,False,False,854135.4180948203,False,False,False,False
2024-12-03 00:00:00+00:00,2.11,2.415,2.03,2.22,140117,5.024550722250009,3.6170699544806824,#000000,1.6418155408786064,4.531670352353843,-1.4749953889813363,48.374264859645365,4.627093361330267,True,False,False,False,False,0.0,2.01702011,0.0,0.0,0.0,0.0,0,0.8643736752114858,1.0990733684689122,False,False,False,False,-0.09763779466444544,-0.07628464161417355,False,False,False,False,270633915,261315389.51972938,False,False,False,False,826134.6958165922,False,False,False,False
2024-12-04 00:00:00+00:00,2.18,2.22,2.03,2.03,45131,5.023938853170612,3.6150778206343146,"rgba(239, 83, 80, 0.5)",1.6332447337617841,4.530781361093839,-1.4393319705855614,47.178687365079796,3.281906251853151,True,False,False,True,False,0.0,2.0171701100000003,0.0,0.0,0.0,0.0,0,0.8779359687793596,1.1128134711281341,False,False,False,False,-0.11728329090224021,-0.09678396625820687,False,False,False,False,270679046,261682591.73464194,False,False,False,False,795507.0999022161,False,False,False,False
2024-12-05 00:00:00+00:00,2.09,2.2122,2.04,2.21,53200,5.0232105966802445,3.612652506353419,"rgba(239, 83, 80, 0.5)",1.628740319089347,4.529709413848066,-1.4979118434374754,45.67165039490453,1.6270262719824302,True,False,False,True,False,0.0,2.01724511,0.0,0.0,0.0,0.0,0,0.8690150725435818,1.0937461072976282,False,False,False,False,-0.11522868388965152,-0.1060063250739292,False,False,False,False,270625846,262033307.5881854,False,False,False,False,766397.0175531097,False,False,False,False
2024-12-06 00:00:00+00:00,2.34,2.4186,2.07,2.08,139623,5.021407450433505,3.6080032926233585,"rgba(239, 83, 80, 0.5)",1.631834627728096,4.5273981806544095,-1.3404533421991363,47.092085409235374,1.6270262719824302,True,False,False,True,False,0.0,2.01834511,0.0,0.0,0.0,0.0,0,0.8885270656205889,1.077700817385024,False,False,False,False,-0.08274446105475625,-0.09437539306434273,False,False,False,False,270765469,262375745.2906095,False,False,False,False,741817.6443157329,False,False,False,False
2024-12-09 00:00:00+00:00,2.54,2.7,2.23,2.34,202113,5.019004429850373,3.6044338295300293,#000000,1.5511432343060958,4.524982567832201,-1.27969005307249,49.71523702155086,1.6270262719824302,True,False,False,False,True,0.0,2.0212451099999997,0.0,0.0,0.0,0.0,1,0.9069803798952552,1.0502944318507512,False,False,False,False,-0.022501799676634356,-0.05843859637048854,False,False,False,False,270967582,262712680.06352678,False,False,False,False,720652.7563033513,False,False,False,False
2024-12-10 00:00:00+00:00,2.45,2.67,2.41,2.6,116953,5.017626980974662,3.6025892202211223,#000000,1.5331691020548706,4.52364864683234,-1.3525244175956048,50.596314526497665,1.6270262719824302,True,False,False,False,True,0.0,2.02364511,0.0,0.0,0.0,0.0,0,0.9143573692343958,1.055796380209015,False,False,False,False,-0.002088581094156814,-0.030263588732322676,False,False,False,False,270850629,263031815.31593752,False,False,False,False,696978.256056161,False,False,False,False
2024-12-11 00:00:00+00:00,2.235,2.43,2.17,2.34,68068,5.0167519860603536,3.600510907579758,#000000,1.5091352365385964,4.522571407011009,-1.5158160459216765,49.25200280535951,1.6270262719824302,True,False,False,False,True,0.0,2.0250201100000003,0.0,0.0,0.0,0.0,0,0.898228081133502,1.0693119431933984,False,False,False,False,-0.06750107078268161,-0.048882329757502146,False,False,False,False,270782561,263335766.12707722,False,False,False,False,672315.1087598411,False,False,False,False
2024-12-12 00:00:00+00:00,2.08,2.285,2.03,2.21,67736,5.015835208170954,3.5978351262680355,"rgba(239, 83, 80, 0.5)",1.4778750663408442,4.521316287816696,-1.6519097881942697,47.10339146182751,1.6270262719824302,True,False,False,True,False,0.0,2.0256701099999996,0.0,0.0,0.0,0.0,0,0.8890597785007722,1.0727661112754274,False,False,False,False,-0.10657835768910502,-0.07773034372330359,False,False,False,False,270714825,263625140.9848389,False,False,False,False,648606.1241025925,False,False,False,False
2024-12-13 00:00:00+00:00,2.07,2.1409,1.9784,2.08,76719,5.014772883954024,3.594519669370368,"rgba(239, 83, 80, 0.5)",1.4454553601541773,4.519807224102022,-1.694834231228502,45.58974065009282,0.9714832769551478,True,False,False,True,False,0.0,2.0256701099999996,0.0,0.0,0.0,0.0,0,0.8766609973098788,1.1152754155457822,False,False,False,False,-0.09757418893260447,-0.08765226632795403,False,False,False,False,270638106,263900159.22072756,False,False,False,False,626179.1780593535,False,False,False,False
2024-12-16 00:00:00+00:00,1.9,2.07,1.89,2.07,138011,5.012792779733094,3.5877519609821134,"rgba(239, 83, 80, 0.5)",1.4164247180779594,4.516844736464671,-1.8475000492900473,43.21540387856884,-1.4021422404873007,True,False,False,True,False,0.0,2.02477011,0.0,0.0,0.0,0.0,0,0.8914937629286026,1.0962619361039716,False,False,False,False,-0.10385733527751027,-0.09575480080273216,False,False,False,False,270500095,264158980.23167944,False,False,False,False,607035.3279393788,False,False,False,False
2024-12-17 00:00:00+00:00,1.99,2.031,1.91,2.031,109059,5.011241963351843,3.5827105980169547,"rgba(239, 83, 80, 0.5)",1.3760665740495486,4.514589638742001,-1.834642077899275,42.720935643226795,-2.0044234709093303,False,False,False,True,False,0.0,2.02487011,0.0,0.0,0.0,0.0,0,0.8914516129032257,1.0743197755960723,False,False,False,False,-0.07900831519483219,-0.08738155799878217,False,False,False,False,270609154,264411928.22259396,False,False,False,False,587506.8444907757,False,False,False,False
2024-12-18 00:00:00+00:00,1.94,2.125,1.88,2.01,70974,5.010235116489833,3.5795140217556574,"rgba(239, 83, 80, 0.5)",1.3080263758809478,4.513144677603637,-1.967196323446184,41.95435497612071,-2.9285103536138877,False,False,False,True,False,0.0,2.02472011,0.0,0.0,0.0,0.0,0,0.907731922398589,1.0576437389770719,False,False,False,False,-0.05557974648012443,-0.0714806522394533,False,False,False,False,270538180,264652173.39033538,False,False,False,False,567250.6545107453,False,False,False,False
2024-12-19 00:00:00+00:00,1.9,2.0,1.8,1.91,75693,5.009133127071696,3.575783190336525,"rgba(239, 83, 80, 0.5)",1.2262347592059737,4.511504053278658,-2.129693383483674,41.08089279631186,-3.980705964556094,False,False,False,True,False,0.0,2.02422011,0.0,0.0,0.0,0.0,0,0.9139597315436242,1.0481879194630865,False,False,False,False,-0.09798317310376245,-0.08473191267160787,False,False,False,False,270462487,264880028.8260085,False,False,False,False,547973.883745618,False,False,False,False
2024-12-20 00:00:00+00:00,1.85,1.95,1.8,1.9,43308,5.008496215362181,3.57358846166638,"rgba(239, 83, 80, 0.5)",1.1851784257659896,4.510545967519455,-2.2448484630488648,40.03097061787233,-5.204432878610831,False,False,False,True,False,0.0,2.02357011,0.0,0.0,0.0,0.0,0,0.9151976760663171,1.0483279013745213,False,False,False,False,-0.10837314414311498,-0.09655252840736142,False,False,False,False,270419179,265097250.40145913,False,False,False,False,528183.0647752017,False,False,False,False
2024-12-23 00:00:00+00:00,1.94,1.97,1.772,1.85,60774,5.00761064600771,3.5706416965190186,"rgba(239, 83, 80, 0.5)",1.142480362360171,4.50924028458429,-2.2488266487807933,40.69568391986629,-5.204432878610831,False,False,False,True,False,0.0,2.02392011,0.0,0.0,0.0,0.0,0,0.9127256063169767,1.0431542583192324,False,False,False,False,-0.11003764677316338,-0.1032950875902624,False,False,False,False,270479953,265308336.7778725,False,False,False,False,509853.2975291154,False,False,False,False
2024-12-24 00:00:00+00:00,1.98,1.9821,1.78,1.97,29158,5.0071886810230914,3.569275911513465,"rgba(239, 83, 80, 0.5)",1.093350223721549,4.5086278061842275,-2.312733606599792,41.742521331368174,-5.204432878610831,False,False,False,True,False,0.0,2.02547011,0.0,0.0,0.0,0.0,0,0.9214261111618784,1.0372554670640577,False,False,False,False,-0.10585671698440471,-0.10457590228733356,False,False,False,False,270509111,265512288.70815203,False,False,False,False,491002.5015475815,False,False,False,False
2024-12-26 00:00:00+00:00,2.08,2.25,1.99,1.99,80001,5.006103588455315,3.5664809000558164,"rgba(239, 83, 80, 0.5)",1.023605080272959,4.50723458540619,-2.371260784245944,43.921477952428575,-5.204432878610831,False,False,False,True,True,0.0,2.02802011,0.0,0.0,0.0,0.0,1,0.9544319468771323,1.0097073036908852,False,False,False,False,-0.007206462420049923,-0.05589118235369174,False,False,False,False,270589112,265711379.81763625,False,False,False,False,474884.7956045391,False,False,False,False
2024-12-27 00:00:00+00:00,2.03,2.13,2.0002,2.075,33089,5.005646782762555,3.5652335588361552,"rgba(239, 83, 80, 0.5)",0.9528652996512836,4.506630071944997,-2.5991397449895173,44.70308104674133,-5.204432878610831,True,False,False,True,True,0.0,2.03142011,0.0,0.0,0.0,0.0,1,0.9697293623769104,1.0012742550917104,False,False,False,False,-0.029790143248364993,-0.04284066280102837,False,False,False,False,270556023,265901365.82478777,False,False,False,False,457559.47028671403,False,False,False,False
2024-12-30 00:00:00+00:00,1.93,2.0,1.64,1.94,123604,5.003828005374485,2.8997866680682884,"rgba(239, 83, 80, 0.5)",0.894370144266459,4.370449778089192,-2.7286798354508925,43.928302173558166,-5.204432878610831,False,False,False,True,True,0.0,2.03427011,0.0,0.0,0.0,0.0,1,0.9600025377311273,0.9984491643110406,False,False,False,False,-0.13131661285076848,-0.08707863782589842,False,False,False,False,270432419,266079054.18460003,False,False,False,False,444463.1773342939,False,False,False,False
2024-12-31 00:00:00+00:00,1.89,1.97,1.83,1.91,55890,5.003016742485236,2.899916973307602,"rgba(239, 83, 80, 0.5)",0.8299097801830604,4.3699401386239005,-2.9882044986587326,42.90813927895963,-5.204432878610831,False,False,False,True,True,0.0,2.03672011,0.0,0.0,0.0,0.0,1,0.9768391117650803,0.9871249796617118,False,False,False,False,-0.09798317310376245,-0.09253090546483043,False,False,False,False,270376529,266247582.60873336,False,False,False,False,429225.01351726276,False,False,False,False
2025-01-02 00:00:00+00:00,1.93,1.97,1.84,1.87,71432,5.001986058361111,2.8995230903767375,"rgba(239, 83, 80, 0.5)",0.7532990325446366,4.369152928211585,-3.237961052428477,42.97188021437705,-5.204432878610831,False,False,False,True,True,0.0,2.03917011,0.0,0.0,0.0,0.0,0,0.973264191443691,0.9885235797929989,False,False,False,False,-0.09590777791786037,-0.09421934169134541,False,False,False,False,270447961,266412303.3299595,False,False,False,False,415193.9149479584,False,False,False,False
2025-01-03 00:00:00+00:00,2.02,2.06,1.9,1.99,66461,5.0010525398020835,2.9018238022515375,"rgba(239, 83, 80, 0.5)",0.706452162328003,4.369104949511968,-3.3252144657196014,44.63459237659316,-5.204432878610831,False,False,False,True,True,0.0,2.04252011,0.0,0.0,0.0,0.0,1,0.9783305958733671,0.9773014049161486,False,False,False,False,-0.06486545567974507,-0.07954239868554525,False,False,False,False,270514422,266573170.72878462,False,False,False,False,401518.11436176393,False,False,False,False
2025-01-06 00:00:00+00:00,2.07,2.36,2.04,2.09,139138,4.999206095223458,2.273260366148052,#000000,0.6902650163473784,4.252184648050095,-3.1613722213496955,46.60369233235721,-7.104205588968362,True,False,False,False,True,0.0,2.0458201099999997,0.0,0.0,0.0,0.0,1,0.9959480160102783,0.9645627881038263,False,False,False,False,0.025695485461183627,-0.02692345661218081,False,False,False,False,270653560,266733185.99432248,False,False,False,False,391228.698112283,False,False,False,False
2025-01-07 00:00:00+00:00,2.04,2.13,2.0019,2.13,14635,4.999005235025004,2.2715240248970763,#000000,0.6675047187472188,4.251587008412523,-3.3132155418515348,47.3822558441713,-6.283895412838909,True,False,False,False,True,0.0,2.04897011,0.0,0.0,0.0,0.0,1,0.9896764580672627,0.9728962679154245,False,False,False,False,-0.029440314802985305,-0.02818188570758306,False,False,False,False,270638925,266886352.22983924,False,False,False,False,376460.3177941543,False,False,False,False
2025-01-08 00:00:00+00:00,1.93,2.0899,1.93,2.04,18206,4.998749117735129,2.267588538696806,"rgba(239, 83, 80, 0.5)",0.6457345353087015,4.250394577234529,-3.5934187353402667,46.05166189815468,-6.283895412838909,False,False,False,True,True,0.0,2.05137011,0.0,0.0,0.0,0.0,1,0.9909542101264565,0.9672036864788867,False,False,False,False,-0.05250733214581035,-0.0403446089266967,False,False,False,False,270620719,267032797.9855318,False,False,False,False,362411.12886105024,False,False,False,False
2025-01-10 00:00:00+00:00,1.93,2.06,1.91,2.06,36961,4.9982264263817475,2.2606129569429423,"rgba(239, 83, 80, 0.5)",0.6193225229132575,4.248225083077861,-3.7431628873645084,45.16459926747693,-6.283895412838909,False,False,False,True,False,0.0,2.05462011,0.0,0.0,0.0,0.0,1,0.9909477827752079,0.9671732781958087,False,False,False,False,-0.06280105538807121,-0.05157283215738395,False,False,False,False,270620719,267173500.77041292,False,False,False,False,349648.3787096365,False,False,False,False
2025-01-13 00:00:00+00:00,1.86,2.0,1.84,1.94,26591,4.997842228857561,2.2545030875538457,"rgba(239, 83, 80, 0.5)",0.5985552952248412,4.246384791889446,-3.9869078277772565,43.411878454643784,-2.9658268480515204,False,False,False,True,False,0.0,2.05807011,0.0,0.0,0.0,0.0,1,0.9923688529831814,0.9650416728838482,False,False,False,False,-0.0896864591610541,-0.07062964565921903,False,False,False,False,270594128,267307643.01471046,False,False,False,False,336979.4618974939,False,False,False,False
2025-01-14 00:00:00+00:00,1.73,1.8701,1.725,1.86,24624,4.997472187704302,2.2461531390226455,"rgba(239, 83, 80, 0.5)",0.577027822646676,4.243995982017492,-4.356802017771776,40.36890643167743,-5.843822237104256,False,False,False,True,False,0.0,2.06127011,0.0,0.0,0.0,0.0,1,0.9870812380480203,0.9672710531907355,False,False,False,False,-0.14072001333474973,-0.10567482949698438,False,False,False,False,270569504,267435559.13178065,False,False,False,False,324730.22809759225,False,False,False,False
2025-01-15 00:00:00+00:00,1.83,1.89,1.77,1.77,19988,4.997176999808487,2.241434874830049,"rgba(239, 83, 80, 1.0)",0.5621129138600037,4.2425760864312885,-4.291977691571322,40.67396238148558,-5.843822237104256,False,True,False,True,False,0.0,2.06527011,0.0,0.0,0.0,0.0,1,0.9909894617724024,0.9623735766320103,False,False,False,False,-0.12713553459813573,-0.11640518204756006,False,False,False,False,270589492,267559242.7736716,False,False,False,False,312779.55248592194,False,False,False,False
2025-01-16 00:00:00+00:00,1.94,1.95,1.85,1.88,21364,4.996869851548253,2.238768870017741,"rgba(239, 83, 80, 0.5)",0.5414585490696556,4.241659570787771,-4.250850918768438,43.11219722879017,-5.843822237104256,False,False,False,True,True,0.0,2.06999461,0.0,0.0,0.0,0.0,1,0.9973420510269347,0.9577855163101409,False,False,False,False,-0.09798317310376245,-0.10719417757566126,False,False,False,False,270610856,267678913.88058645,False,False,False,False,301351.49160412105,False,False,False,False
2025-01-17 00:00:00+00:00,1.9674,2.17,1.9001,1.96,96127,4.995533020307111,2.2372925670948702,"rgba(239, 83, 80, 0.5)",0.5151844131017158,4.240202765480289,-4.411629520770374,45.263660960248046,-8.833475907365951,False,False,False,True,True,0.0,2.07504161,0.0,0.0,0.0,0.0,1,1.012995115311266,0.9335710690307893,False,False,False,False,-0.04216292432429555,-0.07467855094997841,False,False,False,False,270706983,267797661.6891909,False,False,False,False,293303.4723255281,False,False,False,False
2025-01-21 00:00:00+00:00,1.9265,2.0,1.81,1.97,23526,4.995195030061802,2.2350510035727518,"rgba(239, 83, 80, 0.5)",0.4977037618021072,4.239367381939582,-4.647076352336684,45.91398433576179,-8.230414466953683,False,False,False,True,True,0.0,2.07986411,0.0,0.0,0.0,0.0,1,1.0043997353119236,0.9379109352781331,False,False,False,False,-0.09590777791786037,-0.08529316443391939,False,False,False,False,270683457,267910830.13275203,False,False,False,False,282723.96360687993,False,False,False,False
2025-01-22 00:00:00+00:00,1.8,1.91,1.78,1.8363,20242,4.994896530373859,2.231972793088815,"rgba(239, 83, 80, 0.5)",0.47245672808985845,4.238354954630871,-5.1610122359546775,44.15997117113663,-8.230414466953683,False,False,False,True,True,0.0,2.08426361,0.0,0.0,0.0,0.0,1,1.002531219542978,0.9419081609042267,False,False,False,False,-0.1404521529780698,-0.11287265870599458,False,False,False,False,270663215,268018766.79421273,False,False,False,False,272430.5532693552,False,False,False,False
2025-01-23 00:00:00+00:00,1.75,1.82,1.75,1.8,29067,4.994460317938091,2.2266800753110743,"rgba(239, 83, 80, 1.0)",0.44635398014697986,4.236676852601755,-5.571086991949567,42.21838625805863,-8.230414466953683,False,True,False,True,False,0.0,2.08841361,0.0,0.0,0.0,0.0,1,0.9989048645211431,0.9555940226799019,False,False,False,False,-0.20789601500140348,-0.16038433685369902,False,False,False,False,270634148,268121330.76306716,False,False,False,False,262886.88451369427,False,False,False,False
2025-01-24 00:00:00+00:00,1.65,1.86,1.59,1.81,469603,4.987269185155426,2.161444323714502,"rgba(239, 83, 80, 1.0)",0.4311110794218331,4.214521862625992,-5.948633623764195,39.50037244018102,-6.033000615300736,False,True,False,True,False,0.0,2.09251411,0.0,0.0,0.0,0.0,1,0.9841357565451517,0.9653877493180282,False,False,False,False,-0.34282825441539394,-0.2516062956345465,False,False,False,False,270164545,268201456.81157434,False,False,False,False,270993.3988464906,False,False,False,False
2025-01-27 00:00:00+00:00,1.45,1.71,1.34,1.71,137061,4.985048919508987,2.13966213777429,"rgba(239, 83, 80, 1.0)",0.4195529640547249,4.207272826729974,-6.571930275697744,35.4531640384874,-9.749578753058586,False,True,False,True,False,0.0,2.09569411,0.0,0.0,0.0,0.0,1,0.9447833888746475,1.0308712051854831,False,False,False,False,-0.34282825441539394,-0.2972172750249702,False,False,False,False,270027484,268273065.72092438,False,False,False,False,265741.1479113341,False,False,False,False
2025-01-28 00:00:00+00:00,1.4393,1.44,1.34,1.39,41061,4.984366475046952,2.1324512780702616,"rgba(239, 83, 80, 1.0)",0.41677802596824665,4.204915872925835,-6.635704621184949,32.6505875664722,-12.222259980463072,False,True,False,True,False,0.0,2.09894911,0.0,0.0,0.0,0.0,0,0.9042517656041229,1.125771457657313,False,False,False,False,-0.34282825441539394,-0.3200227647201821,False,False,False,False,269986423,268340256.20245677,False,False,False,False,256930.1617187328,False,False,False,False
2025-01-29 00:00:00+00:00,1.41,1.43,1.2998,1.43,71818,4.983164630795485,2.1200131856814552,"rgba(239, 83, 80, 1.0)",0.41497629765406296,4.200830452018091,-6.725276763504728,30.48159392923844,-14.123831129532817,False,True,False,True,False,0.0,2.10241761,0.0,0.0,0.0,0.0,0,0.8725186761750514,1.1324672901951134,False,False,False,False,-0.34282825441539394,-0.33142550956778805,False,False,False,False,269914605,268401995.3709879,False,False,False,False,249670.86125917465,False,False,False,False
2025-01-30 00:00:00+00:00,1.46,1.4689,1.4001,1.4689,23889,4.982772030001671,2.1166169307832003,"rgba(239, 83, 80, 1.0)",0.4140897705390996,4.199662687680554,-6.6161081064953935,30.48578765323693,-14.123831129532817,False,True,False,True,False,0.0,2.1063126100000003,0.0,0.0,0.0,0.0,0,0.8596622591812824,1.126269611254503,False,False,False,False,-0.3066907787990758,-0.3190581441834319,False,False,False,False,269938494,268462250.21918446,False,False,False,False,240816.67062155998,False,False,False,False
2025-01-31 00:00:00+00:00,1.4199,1.46,1.36,1.46,15579,4.982513897971641,2.114292820080039,"rgba(239, 83, 80, 1.0)",0.41219965700215233,4.198872121615525,-6.741810854056617,29.986450641944543,-14.666861912638929,False,True,False,True,False,0.0,2.1103026099999997,0.0,0.0,0.0,0.0,0,0.8748551460217932,1.1044116458106876,False,False,False,False,-0.31931881508691673,-0.3191884796351743,False,False,False,False,269922915,268519531.19098115,False,False,False,False,231983.82079326353,False,False,False,False
2025-02-03 00:00:00+00:00,1.35,1.39,1.3,1.31,36377,4.981900054678793,2.1082145530616856,"rgba(239, 83, 80, 1.0)",0.41397806022760364,4.196854260858762,-6.876824001961776,28.817497309884008,-15.945322764201883,False,True,False,True,False,0.0,2.11370311,0.0,0.0,0.0,0.0,0,0.8601896172540613,1.1258940287198056,False,False,False,False,-0.34282825441539394,-0.33100836702528413,False,False,False,False,269886538,268573139.30113876,False,False,False,False,224312.96507588064,False,False,False,False
2025-02-04 00:00:00+00:00,1.35,1.37,1.2,1.35,160221,4.979169149984846,2.0820801049691533,"rgba(239, 83, 80, 1.0)",0.4191421300234807,4.1881044732721735,-6.771222146323445,28.038195088510317,-16.881207242502057,False,True,False,True,False,0.0,2.11699861,0.0,0.0,0.0,0.0,0,0.8555486902956428,1.111629126177235,False,False,False,False,-0.34282825441539394,-0.33691831072033906,False,False,False,False,269886538,268624645.1324667,False,False,False,False,221799.55468074806,False,False,False,False
2025-02-05 00:00:00+00:00,1.33,1.35,1.2901,1.35,21180,4.978810089010647,2.079027048407208,"rgba(239, 83, 80, 1.0)",0.4254518455811049,4.187049931853249,-6.715330915889993,27.26194341978191,-17.842636663618364,False,True,False,True,False,0.0,2.11992361,0.0,0.0,0.0,0.0,0,0.8566202602424252,1.109214628922353,False,False,False,False,-0.3246541617641158,-0.33078623624222747,False,False,False,False,269865358,268673300.53903663,False,False,False,False,213932.121163856,False,False,False,False
2025-02-06 00:00:00+00:00,1.28,1.34,1.27,1.3046,19140,4.978483302880976,2.076168211920076,"rgba(239, 83, 80, 1.0)",0.4330891510164948,4.1860701349343845,-6.710096819820135,26.10976706861997,-19.163377866802847,False,True,False,True,False,0.0,2.12297361,0.0,0.0,0.0,0.0,0,0.8486291944532656,1.1195569541076045,False,False,False,False,-0.3317004479618213,-0.3312433421020244,False,False,False,False,269846218,268719297.3022117,False,False,False,False,206293.21445154794,False,False,False,False
2025-02-07 00:00:00+00:00,1.14,1.17,1.071,1.17,49252,4.977603928718571,2.0666422804239133,"rgba(239, 83, 80, 1.0)",0.44362466170844944,4.182975195340669,-6.859346330345619,23.86780853829431,-21.466866974188612,False,True,False,True,False,0.0,2.12511861,0.0,0.0,0.0,0.0,0,0.8525293826969101,1.1184415785750959,False,False,False,False,-0.34282825441539394,-0.33703579825870916,False,False,False,False,269796966,268761558.81977206,False,False,False,False,200134.73545344805,False,False,False,False
2025-02-10 00:00:00+00:00,1.07,1.08,1.0409,1.05,105221,4.975695701853545,2.0458459525154282,"rgba(239, 83, 80, 1.0)",0.4552880807927794,4.176228208148822,-6.822555518563192,21.77429485960166,-23.558243093935197,False,True,False,True,False,0.0,2.12702511,0.0,0.0,0.0,0.0,0,0.8374442531883264,1.1227505672482583,False,False,False,False,-0.34282825441539394,-0.33993202633705155,False,False,False,False,269691745,268798036.70919275,False,False,False,False,196412.6281807638,False,False,False,False
2025-02-11 00:00:00+00:00,1.07,1.08,1.055,1.07,32866,4.97510076012456,2.039771695868766,"rgba(239, 83, 80, 1.0)",0.46650985035252635,4.174227168252175,-6.654151388028379,20.37861907380656,-24.965779871825468,False,True,False,True,False,0.0,2.12892261,0.0,0.0,0.0,0.0,0,0.8540699912865508,1.1256459097448777,False,False,False,False,-0.33941824483438476,-0.33967513558571816,False,False,False,False,269691745,268833084.09314597,False,False,False,False,189999.03491877308,False,False,False,False
2025-02-12 00:00:00+00:00,1.07,1.08,1.05,1.07,29869,4.974559996743985,2.0343802949708127,"rgba(239, 83, 80, 1.0)",0.4770780374417482,4.172440828081541,-6.503004927072025,19.448168549943162,-25.956251903609896,False,True,False,True,False,0.0,2.1305976099999997,0.0,0.0,0.0,0.0,0,0.8504864684680932,1.1198045792620672,False,False,False,False,-0.340626594509391,-0.34015086504755454,False,False,False,False,269691745,268866757.0698853,False,False,False,False,183719.4257062722,False,False,False,False
2025-02-13 00:00:00+00:00,1.08,1.08,1.03,1.07,82296,4.97306957223006,1.7689993381223925,"rgba(239, 83, 80, 1.0)",0.4868537032865878,3.995054998864802,-5.987537897290774,19.303621816606274,-26.258089665959623,False,True,False,True,False,0.0,2.13244561,0.0,0.0,0.0,0.0,0,0.8252022217998269,1.1298971467190428,True,False,False,False,-0.34282825441539394,-0.3414895597314742,False,False,False,False,269774041,268902336.8318506,False,False,False,False,179742.03646288897,False,False,False,False
2025-02-14 00:00:00+00:00,1.065,1.07,1.0501,1.07,25377,4.972610018413878,1.7649437942535975,"rgba(239, 83, 80, 1.0)",0.4963140998411815,3.993619385690985,-5.9007378324092175,19.031172825628374,-26.74035024776589,False,True,False,True,False,0.0,2.13414061,0.0,0.0,0.0,0.0,0,0.8551244200759175,1.1331994050922323,False,False,False,False,-0.3403116064134313,-0.34090058307245275,False,False,False,False,269748664,268935526.13256234,True,False,False,False,173688.50562120703,False,False,False,False
2025-02-18 00:00:00+00:00,1.1,1.25,1.07,1.22,122760,4.970432950441934,1.7571872437398484,"rgba(239, 83, 80, 1.0)",0.5045219618861867,3.989697316213518,-5.727594702538231,20.658055664532792,-26.74035024776589,False,True,False,True,False,0.0,2.1360911099999997,0.0,0.0,0.0,0.0,0,0.8682943994188291,1.088549115757451,False,False,False,False,-0.2913026564968927,-0.3161016197846727,False,False,False,False,269871424,268972228.00971675,False,False,False,False,171691.30932233616,False,False,False,False
2025-02-19 00:00:00+00:00,1.1157,1.12,1.0401,1.08,17177,4.970124704739869,1.7547100564961717,"rgba(239, 83, 80, 0.75)",0.5114183732851167,3.988796388707857,-5.617898258626113,22.54913396853771,-26.74035024776589,False,True,False,True,True,0.0,2.13811961,0.0,0.0,0.0,0.0,0,0.8631906847362552,1.0821982367208056,False,False,False,False,-0.33038499255290993,-0.3232433061687913,False,False,False,False,269888601,269008164.2054141,False,False,False,False,165631.92464302888,False,False,False,False
2025-02-20 00:00:00+00:00,1.09,1.11,1.066,1.09,31930,4.9695513602814145,1.75013682078574,"rgba(239, 83, 80, 0.75)",0.5183385224782607,3.987129271712184,-5.589260967640487,23.334518304399978,-30.643031117957864,False,True,False,True,True,0.0,2.14007861,0.0,0.0,0.0,0.0,0,0.8624259665158795,1.0829641374807621,False,False,False,False,-0.3264566491437339,-0.3248499776562626,False,False,False,False,269856671,269041438.9816724,False,False,False,False,160388.7119119297,False,False,False,False
2025-02-21 00:00:00+00:00,1.12,1.12,1.08,1.08,22161,4.969155375603395,1.7474132669318236,"rgba(239, 83, 80, 0.75)",0.5244929667528773,3.9860872827117455,-5.4644913552523295,25.4856068200159,-28.506257418094293,False,True,False,True,True,0.0,2.14218861,0.0,0.0,0.0,0.0,0,0.8553564085818639,1.1098130275983833,False,False,False,False,-0.3205454107919353,-0.322697694224099,False,False,False,False,269878832,269074277.9235676,False,False,False,False,154968.01732714815,False,False,False,False
2025-02-24 00:00:00+00:00,1.52,1.93,1.2699,1.32,7639162,4.853253441708788,1.7340323954424417,"rgba(239, 83, 80, 0.5)",0.5241994862286914,3.8851305233013846,-4.511890197216932,38.34373678127748,-16.618694013485033,False,False,False,True,True,0.0,2.14612361,0.0,0.0,0.0,0.0,0,0.8471296145714752,1.061485026601305,False,False,False,False,-0.08802667779209954,-0.20536218600809927,False,False,False,False,277517994,269405404.04421204,False,False,False,False,448465.8205692208,False,False,False,False
2025-02-25 00:00:00+00:00,1.83,2.7,1.5,1.63,5037983,4.790664012576796,1.8318000114661768,"rgba(38, 166, 154, 1.0)",0.5210398419103087,3.7355645019175823,-3.6572337634126724,50.43611881984637,-6.070169731506468,True,False,True,False,True,0.0,2.15164161,0.0,0.0,0.0,0.0,0,0.8674255911861425,0.9716502942839781,False,False,False,False,0.22783805542623073,0.011237934709065728,False,False,False,False,282555977,269921112.7875763,False,False,False,False,628446.8864292514,False,False,False,False
2025-02-26 00:00:00+00:00,1.95,2.01,1.68,1.75,442266,4.785050096722977,1.8321349066475405,"rgba(38, 166, 154, 1.0)",0.5172187242838481,3.7314469870310427,-3.444281700160163,59.43849108992352,1.2906116448585365,True,False,True,False,True,0.3454052017485445,2.15771611,0.0,0.0,0.0,0.0,0,0.913956201946117,1.0207634446690135,False,False,False,False,0.12603426229654774,0.06863609850280673,False,False,False,False,282998243,270433941.42335767,False,False,False,False,621145.6751967318,False,False,False,False
2025-02-27 00:00:00+00:00,1.94,2.25,1.9,2.06,255162,4.781987761252775,1.835639754485835,"rgba(38, 166, 154, 1.0)",0.5135203315468369,3.7301425361532274,-3.4860207594135995,65.17957504675118,5.639608247013385,True,False,True,False,True,0.21864507978981962,2.16383961,0.0,0.0,0.0,0.0,0,0.9519373607328547,0.9808430304530816,False,False,False,False,0.263908404296855,0.16627225139983087,False,False,False,False,282743081,270916652.77930444,False,False,False,False,606793.3742086247,False,False,False,False
2025-02-28 00:00:00+00:00,1.92,1.95,1.695,1.86,210921,4.779300875856396,1.835388553339092,"rgba(38, 166, 154, 1.0)",0.5108585743471917,3.728059699711955,-3.539256832524366,68.45197402172099,7.937579055538961,True,False,True,False,True,0.0,2.1697901099999997,0.0,0.0,0.0,0.0,0,0.93671636300467,0.9969548645527834,False,False,False,False,0.11287869559389191,0.1395754734968614,False,False,False,False,282532160,271372162.8663906,False,False,False,False,591268.967376914,False,False,False,False
2025-03-03 00:00:00+00:00,1.82,1.93,1.77,1.78,79516,4.778284026275795,1.8352087527599363,"rgba(38, 166, 154, 1.0)",0.5099836974185488,3.727247594419372,-3.7398207120610656,67.96605874252037,7.937579055538961,True,False,True,False,True,0.0,2.17518836,0.0,0.0,0.0,0.0,0,0.9533181106071001,0.9917367219258447,False,False,False,False,0.12896346576488293,0.13426946963087216,False,False,False,False,282452644,271806691.5382968,False,False,False,False,571200.2235582116,False,False,False,False
2025-03-04 00:00:00+00:00,1.8,1.84,1.6519,1.78,65628,4.777423602695928,1.8346604085036553,"rgba(38, 166, 154, 1.0)",0.5083477494150994,3.7264480081272007,-3.789626314552893,67.1299064592512,7.937579055538961,True,False,True,False,True,0.0,2.18048836,0.0,0.0,0.0,0.0,0,0.9405489046339279,0.9979945435296026,False,False,False,False,0.06838321476223029,0.10132634219655123,False,False,False,False,282387016,272221606.2230695,False,False,False,False,551373.8618500464,False,False,False,False
2025-03-05 00:00:00+00:00,2.03,2.1,1.6,1.69,179912,4.77518154679578,1.8353096500181845,"rgba(38, 166, 154, 1.0)",0.4841397788930054,3.7249549469474714,-3.50096195529113,69.16195234653964,8.255280700186674,True,False,True,False,True,1.4304752242575987,2.186775855,0.0,0.0,0.0,0.0,0,0.93988013732611,0.981574090611418,False,False,False,False,0.12896346576488293,0.11514490398071708,False,False,False,False,282566928,272627305.11628246,False,False,False,False,536806.7300127897,False,False,False,False
2025-03-06 00:00:00+00:00,1.99,2.17,1.95,1.95,79140,4.774239968905506,1.8363895621025592,"rgba(38, 166, 154, 1.0)",0.47675142153852124,3.724558001630652,-3.638285956302074,69.50981879362999,8.942300000369855,True,False,True,False,True,0.9006299224798227,2.1926259999999997,0.0,0.0,0.0,0.0,0,0.9825810540492365,0.9623002119189551,False,False,False,False,0.25466762734219395,0.18490626566145552,False,False,False,False,282487788,273013990.7195655,False,False,False,False,518859.0151103274,False,False,False,False
2025-03-07 00:00:00+00:00,1.89,2.06,1.85,1.91,89767,4.773132454375024,1.8368706245556392,"rgba(38, 166, 154, 1.0)",0.4631546821102239,3.723867098356019,-3.959513245122687,67.35759702665273,8.942300000369855,True,False,True,False,True,0.0,2.197951,0.0,0.0,0.0,0.0,0,0.9728396763206082,0.9684294461617208,False,False,False,False,0.191068926927468,0.18798759629446177,False,False,False,False,282398021,273381991.90703356,False,False,False,False,502031.87726286356,False,False,False,False
2025-03-10 00:00:00+00:00,1.82,1.89,1.76,1.83,52822,4.772455930032371,1.8366981745390405,"rgba(38, 166, 154, 1.0)",0.4502365921712629,3.7233124202032926,-4.2273605773013285,64.39395638857275,8.942300000369855,True,False,True,False,True,0.0,2.202726,0.0,0.0,0.0,0.0,0,0.9665120612079048,0.9870468375255191,False,False,False,False,0.11433842337873529,0.15116300983659853,False,False,False,False,282345199,273733490.2244048,False,False,False,False,484415.8036447121,False,False,False,False
2025-03-11 00:00:00+00:00,1.89,1.9,1.76,1.78,51823,4.7717985008808395,1.8366398832477135,"rgba(38, 166, 154, 0.75)",0.43960981236568236,3.722804576280543,-4.169162117691663,63.443874669576054,8.942300000369855,True,False,True,False,False,0.0,2.2078015,0.0,0.0,0.0,0.0,0,0.9655069255392349,0.9871760353406921,False,False,False,False,0.11725934136597586,0.1342111756012872,False,False,False,False,282397022,274073236.5685458,False,False,False,False,467451.37997237046,False,False,False,False
2025-03-12 00:00:00+00:00,2.03,2.07,1.761,1.88,74174,4.770891408268165,1.8371539787140538,"rgba(38, 166, 154, 0.75)",0.4295205859965937,3.7222735153422084,-3.939912475709905,64.6069943993735,8.942300000369855,True,False,True,False,False,1.4647122478910113,2.2135515,0.0,0.0,0.0,0.0,0,0.9458731908891337,0.9963743282573921,False,False,False,False,0.16755941884988948,0.15088529722558836,False,False,False,False,282471196,274402568.31095576,False,False,False,False,452028.7376205128,False,False,False,False
2025-03-13 00:00:00+00:00,1.97,2.14,1.867,2.0,57357,4.770199997007878,1.837719098338744,"rgba(38, 166, 154, 0.75)",0.42074377398175117,3.721918378349656,-4.163860493454721,63.99968833100236,8.942300000369855,True,False,True,False,False,0.6509968779965831,2.2189185,0.0,0.0,0.0,0.0,0,0.9560150044562844,0.977816518613556,False,False,False,False,0.22022612659781626,0.1855557119117023,False,False,False,False,282413839,274716735.7889575,False,False,False,False,436551.4145765711,False,False,False,False
2025-03-14 00:00:00+00:00,2.02,2.041987,1.93,1.93,38148,4.7697411582340585,1.838107217047582,"rgba(38, 166, 154, 0.75)",0.407724517613702,3.721686566754015,-4.1736184439275625,64.26166100130281,8.942300000369855,True,False,True,False,False,1.3177529826116654,2.2239685,0.0,0.0,0.0,0.0,0,1.0003725224613422,0.976995529831145,False,False,False,False,0.20966151868049515,0.19760861529609874,False,False,False,False,282451987,275020078.9737042,False,False,False,False,420927.75125984283,False,False,False,False
2025-03-17 00:00:00+00:00,2.01,2.05,1.94,1.98,16773,4.7695396573265185,1.8382806724403058,"rgba(38, 166, 154, 0.75)",0.40032572696334606,3.7215856590750347,-4.2754825478197365,64.1839021337293,8.942300000369855,True,False,True,False,False,1.1783322913877612,2.2290185000000005,0.0,0.0,0.0,0.0,0,0.9821960320883447,0.9730870252498228,False,False,False,False,0.2150907474535288,0.20634968137481377,False,False,False,False,282435214,275310868.5825786,False,False,False,False,405078.5453280843,False,False,False,False
2025-03-18 00:00:00+00:00,2.0,2.0881,1.92,2.01,35623,4.769112218016852,1.8386551092032561,"rgba(38, 166, 154, 0.75)",0.39082269995979857,3.721373527868992,-4.4044870680389305,63.861143222221834,8.942300000369855,True,False,True,False,False,1.0365904027927009,2.2342525,0.0,0.0,0.0,0.0,1,0.9792462808540554,0.9693573298504368,False,False,False,False,0.22055880715988768,0.2134542442673507,False,False,False,False,282399591,275588857.6969873,False,False,False,False,390590.09257012024,False,False,False,False
2025-03-19 00:00:00+00:00,2.06,2.07,1.96,1.96,45689,4.768569598497417,1.8392273078012344,"rgba(38, 166, 154, 0.75)",0.38716194822737693,3.721132041348207,-4.290535392110999,64.59380993987989,8.942300000369855,True,False,True,False,False,1.8696756212417291,2.2403519999999997,0.0,0.0,0.0,0.0,1,0.977119196650242,0.9801322233396926,False,False,False,False,0.22719228694205906,0.2203232656047049,False,False,False,False,282445280,275857737.00298774,False,False,False,False,377064.5595281547,False,False,False,False
2025-03-20 00:00:00+00:00,2.35,2.42,1.98,1.98,156446,4.76686234558767,1.8437304923285125,"rgba(38, 166, 154, 1.0)",0.38179732007267625,3.7211465254744653,-3.591294263703746,68.37766411887611,12.351578541922407,True,False,True,False,True,5.718351938424735,2.247257,0.0,0.0,0.0,0.0,1,0.9673386025986781,0.9773282056040465,False,False,False,False,0.3428281897291463,0.2815757276669256,False,False,False,False,282601726,276122207.15973336,False,False,False,False,368412.8513113644,False,False,False,False
2025-03-21 00:00:00+00:00,2.64,2.85,2.2709,2.3,155988,4.765389989321273,1.851979350685501,"rgba(38, 166, 154, 1.0)",0.38267227682772564,3.7224125484293147,-2.8285627519252023,72.84590933622138,16.780938229723546,True,False,True,False,True,9.249275798140118,2.2557194999999997,0.0,0.0,0.0,0.0,1,1.000258586335321,0.9150974865695517,False,False,False,False,0.3428282052169778,0.31220196644195175,False,False,False,False,282757714,276382423.11425364,False,False,False,False,360082.46498542855,False,False,False,False
2025-03-24 00:00:00+00:00,2.59,2.77,2.52,2.52,81021,4.764639946806789,1.856413803405987,"rgba(38, 166, 154, 1.0)",0.3903170715167097,3.723126494030385,-2.903092323446774,74.62536198741627,18.553570739649274,True,False,True,False,True,8.500579710141658,2.2633695,0.0,0.0,0.0,0.0,0,1.0307364002823152,0.9196124915693284,False,False,False,False,0.3428282078331576,0.3275150871375547,False,False,False,False,282676693,276629257.2274202,False,False,False,False,349138.87812325486,False,False,False,False
2025-03-25 00:00:00+00:00,2.77,2.96,2.59,2.6003,135542,4.763472355154305,2.022392521713155,"rgba(38, 166, 154, 1.0)",0.4044688530333787,3.637830194241167,-2.145604507572674,76.89063386441495,20.79399461901022,True,False,True,False,True,10.60282143965172,2.2712190000000003,0.0,0.0,0.0,0.0,0,1.038478398383405,0.9008044189608371,False,False,False,False,0.3428282113539078,0.33517164924573123,False,False,False,False,282812235,276871726.94399196,False,False,False,False,340762.5299615586,False,True,False,False
2025-03-26 00:00:00+00:00,2.51,2.84,2.3,2.84,78164,4.762724163240525,2.009366956871192,"rgba(38, 166, 154, 0.75)",0.41025931956550726,3.634280670615605,-2.740414701136577,73.22308529592655,20.79399461901022,True,False,True,False,False,6.7917334742301065,2.278269,0.0,0.0,0.0,0.0,0,1.0174010893602983,0.9095808134169309,False,False,False,False,0.25683964216748134,0.29600564570660626,False,False,False,False,282734071,277101622.7893256,False,False,False,False,330464.54839443864,False,False,False,False
2025-03-27 00:00:00+00:00,2.6,2.64,2.53,2.53,17278,4.762561833629755,2.00861594249104,"rgba(38, 166, 154, 0.75)",0.41895876091138967,3.634033440602832,-2.468103157345196,71.54809874008781,20.79399461901022,True,False,True,False,False,7.847735238706438,2.285419,0.0,0.0,0.0,0.0,0,1.0466608440314287,0.9139648520692912,False,False,False,False,0.26299314979612226,0.27949939775136423,False,False,False,False,282751349,277323180.6799403,False,False,False,False,318182.72296720574,False,False,False,False
2025-03-28 00:00:00+00:00,2.51,2.7102,2.5,2.685,16168,4.762408794146641,2.0078695858464446,"rgba(38, 166, 154, 0.75)",0.4222295111679947,3.633789063620079,-2.661559729710488,68.85539015416893,25.27731737785038,True,False,True,False,False,6.559263634372819,2.291794,0.0,0.0,0.0,0.0,0,1.0433167269462014,0.913429233121991,False,False,False,False,0.271269572610897,0.2753844851811306,False,False,False,False,282735181,277535415.9866093,False,False,False,False,306339.0083410408,False,False,False,False
2025-03-31 00:00:00+00:00,2.43,2.49,2.2309,2.38,53079,4.761862978674468,1.999160203069485,"rgba(38, 166, 154, 0.75)",0.4199051168159192,3.6313430953922783,-2.8609870355995946,65.71711249711764,22.29104242920711,True,False,True,False,False,5.424761300870173,2.2979439999999998,0.0,0.0,0.0,0.0,0,1.0136503860648804,0.9393855754622207,False,False,False,False,0.17262290947253106,0.22400369732683084,False,False,False,False,282682102,277737246.8106638,False,False,False,False,296407.2433080588,False,False,False,False
2025-04-01 00:00:00+00:00,2.45,2.58,1.94,1.94,34525,4.761499091645219,1.993878043398126,"rgba(38, 166, 154, 0.75)",0.4199051168159192,3.629831512262001,-2.809757407122103,63.85691270753991,20.508807560375047,True,False,True,False,False,5.670776741186167,2.3042439999999997,0.0,0.0,0.0,0.0,0,0.9840626372556203,0.9524187641242091,False,False,False,False,0.13316529028690618,0.17858449380686853,False,False,False,False,282716627,277932516.62201035,False,False,False,False,286137.3514136252,False,False,False,False
2025-04-02 00:00:00+00:00,2.41,2.46,2.29,2.29,14855,4.761346622280397,1.9925787781503899,"rgba(38, 166, 154, 0.75)",0.4226864159483834,3.629431830164431,-2.884956280008162,61.8875959690444,18.572967999137674,True,False,True,False,False,5.092807010037355,2.310544,0.0,0.0,0.0,0.0,0,1.0217287280077996,0.9480548934303096,False,False,False,False,0.1783798006946591,0.17848214725076383,False,False,False,False,282701772,278119546.2446766,False,False,False,False,275498.82782877714,False,False,False,False
2025-04-03 00:00:00+00:00,2.15,2.4305,2.01,2.285,79657,4.760464037618793,1.9796887987438865,"rgba(38, 166, 154, 0.75)",0.42332676292584165,3.62568993101886,-3.4859358307978545,56.58769926242539,13.552272612552485,True,False,True,False,False,1.4594561232560004,2.315444,0.0,0.0,0.0,0.0,0,1.0016904066992993,0.9455638832725631,False,False,False,False,0.1176709044529102,0.148076525851837,False,False,False,False,282622115,278296117.56841475,False,False,False,False,267818.75614921725,False,False,False,False
2025-04-04 00:00:00+00:00,2.19,2.19,1.9301,2.1281,63692,4.759733066294384,2.03496016332273,#000000,0.4244747216152604,3.5004297319734925,-3.0871796722944853,53.66209645693292,10.870899475593227,False,False,False,False,False,1.9794752813677334,2.320694,0.0,0.0,0.0,0.0,0,0.9975534789323646,0.9588127766391336,False,False,False,False,0.05571628043086245,0.10189640314134973,False,False,False,False,282685807,278468262.25200635,False,False,False,False,259813.7853198362,False,False,False,False
2025-04-07 00:00:00+00:00,2.04,2.18,1.9598,2.06,29381,4.759390494977496,2.027926453821686,"rgba(239, 83, 80, 0.5)",0.4250908999900101,3.4984867271153726,-3.4309996453691385,49.76403859338177,7.26703917552328,False,False,False,True,False,0.0,2.325244,0.0,0.0,0.0,0.0,0,1.012396809986738,0.96198311604067,False,False,False,False,0.05950849512878046,0.0807024491350651,False,False,False,False,282656426,278632503.96761394,False,False,False,False,250777.20550337207,False,False,False,False
2025-04-08 00:00:00+00:00,2.31,2.458,1.98,1.98,86075,4.758457773223547,2.039366148983517,#000000,0.428286168657506,3.5009748988066676,-2.7807923439131,50.934155141046915,7.26703917552328,False,False,False,False,False,3.415358920819365,2.331244,0.0,0.0,0.0,0.0,0,1.034420371027353,0.9272601392853645,False,False,False,False,0.11718460880905245,0.09894352897205877,False,False,False,False,282742501,278793680.32182515,False,False,False,False,244318.29548363198,False,False,False,False
2025-04-09 00:00:00+00:00,2.41,2.5999,2.09,2.24,50378,4.7579376967105835,2.048594836258493,#000000,0.4332258659313572,3.503125178808541,-2.523222329900639,52.85961063718473,7.26703917552328,False,False,False,False,False,4.642646090363602,2.3373939999999997,0.0,0.0,0.0,0.0,1,1.0428465360336434,0.8976902131991914,False,False,False,False,0.16650256805015567,0.13272304851110722,False,False,False,False,282792879,278950511.6425379,False,False,False,False,236712.79369996017,False,False,False,False
2025-04-10 00:00:00+00:00,2.49,2.4999,2.28,2.41,36958,4.7575653429854015,2.055585065208551,"rgba(38, 166, 154, 0.5)",0.4395827933088776,3.504778937740423,-2.3085046848669015,55.020300674180916,7.26703917552328,False,False,True,False,True,5.6137455179273665,2.344144,0.0,0.0,0.0,0.0,1,1.0614508597642833,0.9061646868855254,False,False,False,False,0.18430717263863203,0.1585151105748696,False,False,False,False,282829837,279102642.0487129,False,False,False,False,228879.27237839313,False,False,False,False
2025-04-11 00:00:00+00:00,2.66,2.75,2.565,2.65,24976,4.757339105655306,2.065393807696222,"rgba(38, 166, 154, 1.0)",0.4493990326554049,3.507228194065714,-1.8852470354900852,58.14673162626336,0.5226015568075155,True,False,True,False,True,7.630037237281151,2.351544,0.0,0.0,0.0,0.0,1,1.0690560816287298,0.8954453344712754,False,False,False,False,0.2930207718690672,0.22576794122196842,False,False,False,False,282854813,279249786.00758696,False,False,False,False,220883.06561845617,False,False,False,False
2025-04-14 00:00:00+00:00,2.61,2.84,2.5906,2.615,30689,4.757064080921051,2.2555075140892407,"rgba(38, 166, 154, 1.0)",0.45756001537364543,3.416548941858243,-1.7627172715247243,59.400478077179045,1.8594501316198802,True,False,True,False,True,6.9156367523385995,2.358644,0.0,0.0,0.0,0.0,1,1.0733069010952438,0.8890533708164846,False,False,False,False,0.31733123859363976,0.2715495899078041,False,False,False,False,282824124,279389956.1249365,False,False,False,False,213424.47480988927,False,False,False,False
2025-04-15 00:00:00+00:00,2.53,2.6855,2.515,2.6855,48949,4.756603741665863,2.2526674286469595,"rgba(38, 166, 154, 1.0)",0.463701383515443,3.4159200601704187,-1.9105400407780204,58.92069819362875,1.8594501316198802,True,False,True,False,True,5.775447166173361,2.365444,0.0,0.0,0.0,0.0,1,1.0741166233555135,0.8982291754193062,False,False,False,False,0.26926924214527936,0.2704094160265417,False,False,False,False,282775175,279522709.8063116,False,False,False,False,206974.45618989362,False,False,False,False
2025-04-16 00:00:00+00:00,2.48,2.59,2.0,2.43,23100,4.756364630261847,2.24094940907366,"rgba(38, 166, 154, 1.0)",0.46833272621449934,3.4129625740894816,-1.9920934879579157,57.789583990759965,1.8594501316198802,True,False,True,False,True,5.064715987523623,2.372094,0.0,0.0,0.0,0.0,1,1.0410685314822075,0.9069883691755778,False,False,False,False,0.14686073009759493,0.20863507306206833,False,False,False,False,282752075,279649351.57861316,False,False,False,False,199763.69320205465,False,False,False,False
2025-04-17 00:00:00+00:00,2.49,2.54,2.335,2.41,49972,4.755868715512458,2.2377031267851346,"rgba(38, 166, 154, 0.5)",0.473264903928394,3.412153171527952,-1.9484926177147406,57.171197216966206,1.8594501316198802,False,False,True,False,True,5.190072558349591,2.378894,0.0,0.0,0.0,0.0,1,1.0585804361864248,0.9101761759163239,False,False,False,False,0.20324735210148653,0.20594121258177744,False,False,False,False,282802047,279772986.69317734,False,False,False,False,193889.50915491526,False,False,False,False
2025-04-21 00:00:00+00:00,2.3,2.52,2.27,2.52,14829,4.755715734572881,2.2348371780275436,#000000,0.4756152113740181,3.4114195599847976,-2.336804066409034,53.76490840732486,1.8594501316198802,False,False,False,False,False,2.496909376533619,2.384894,0.0,0.0,0.0,0.0,1,1.0545698368409622,0.9120690699047274,False,False,False,False,0.186312272148306,0.19612674236504174,False,False,False,False,282787218,279891191.8424645,False,False,False,False,186867.52840374212,False,False,False,False
2025-04-22 00:00:00+00:00,2.23,2.385,2.2,2.26,48382,4.755197626349936,2.221286834291645,#000000,0.47718996700021593,3.407918398062896,-2.4684475356171163,50.53775855826493,7.118633245349599,False,False,False,False,False,1.5306453724173572,2.3905440000000002,0.0,0.0,0.0,0.0,1,1.0574907247838428,0.9173507427672657,False,False,False,False,0.14588072809344194,0.17100373522924184,False,False,False,False,282738836,280002864.1623678,False,False,False,False,181436.72336830126,False,False,False,False
2025-04-23 00:00:00+00:00,2.06,2.3,2.06,2.23,36534,4.754785804068159,2.20733346493689,"rgba(239, 83, 80, 1.0)",0.4775401271873763,3.4042819742379407,-2.815013645356914,46.32433452667648,3.0698130483765453,False,True,False,True,False,0.0,2.393844,0.0,0.0,0.0,0.0,1,1.0533304182718692,0.9221311337243556,False,False,False,False,0.10203869139934726,0.13652121331429456,False,False,False,False,282702302,280108724.46972597,False,False,False,False,175754.2636283679,False,False,False,False
2025-04-24 00:00:00+00:00,1.99,2.15,1.9834,1.99,32145,4.754409866617929,2.23916656724137,"rgba(239, 83, 80, 1.0)",0.4774514188883094,3.27498985949873,-2.691352059421419,42.760463559267116,-0.27013485664635084,False,True,False,True,False,0.0,2.396894,0.0,0.0,0.0,0.0,1,1.0463538026414425,0.9335652301603343,False,False,False,False,0.058276324374210965,0.09739876884425276,False,False,False,False,282670157,280209172.8042465,False,False,False,False,170122.52779980446,False,False,True,False
2025-04-25 00:00:00+00:00,2.36,2.4,1.99,1.99,77236,4.75357651443751,2.2600417266811377,"rgba(239, 83, 80, 1.0)",0.48001159981506525,3.280143396064755,-1.91691908366227,45.91723512842548,-0.27013485664635084,False,True,False,True,False,3.134251455954388,2.401894,0.0,0.0,0.0,0.0,1,1.0459379518214325,0.9180252322704842,False,False,False,False,0.10785814950989951,0.10262845917707614,False,False,False,False,282747393,280308710.8511388,False,False,False,False,166479.9188664788,False,False,False,False
2025-04-28 00:00:00+00:00,2.45,2.45,2.26,2.31,50989,4.753056678602604,2.2751022234115634,#000000,0.4838981890836746,3.283973040511647,-1.7234473269901782,49.04947301590322,-0.27013485664635084,False,True,False,False,True,4.238335477111242,2.4076940000000002,0.0,0.0,0.0,0.0,1,1.0653564917917135,0.9153871738706605,False,False,False,False,0.16998102152632233,0.13630474035169923,False,False,False,False,282798382,280406345.01383924,False,False,False,False,161950.86322465612,False,False,False,False
2025-04-29 00:00:00+00:00,2.51,2.55,2.405,2.45,35327,4.752712119411701,2.288405496151488,#000000,0.48883717154216344,3.287398734276485,-1.5903020055205286,51.81079011658948,-5.776193829207372,False,False,False,False,True,4.970225061961706,2.413444,0.0,0.0,0.0,0.0,1,1.074010977105924,0.9092545111331378,False,False,False,False,0.21752291750870603,0.17691382893020263,False,False,False,False,282833709,280501535.7583946,False,False,False,False,156985.22152957157,False,False,False,False
2025-04-30 00:00:00+00:00,2.56,2.63,2.45,2.4917,38128,4.752349935547838,2.3031112049645537,"rgba(38, 166, 154, 0.5)",0.49443765355635627,3.291216600881296,-1.478885347064191,54.217406992775835,-3.481048110968267,False,False,True,False,True,5.580773291974271,2.419594,0.0,0.0,0.0,0.0,1,1.0760819262470207,0.9163601764877753,False,False,False,False,0.24317544896756885,0.21004463894888575,False,False,False,False,282871837,280594488.74826145,False,False,False,False,152324.15401860798,False,False,False,False
2025-05-01 00:00:00+00:00,2.68,2.68,2.45,2.56,33784,4.752037357638615,2.316594316921981,"rgba(38, 166, 154, 0.5)",0.5019721216481776,3.2947415261435773,-1.2246527239901928,57.119663504526784,-0.6842108597781476,False,False,True,False,True,7.031972649518615,2.426194,0.0,0.0,0.0,0.0,1,1.077325273509645,0.9050943784802002,False,False,False,False,0.2531125733821914,0.23157860616553858,False,False,False,False,282905621,280685121.38558453,False,False,False,False,147675.52052768218,False,False,False,False
2025-05-02 00:00:00+00:00,2.62,2.85,2.549,2.75,38576,4.751692122648135,2.333267961426304,"rgba(38, 166, 154, 0.5)",0.5075085756274431,3.2991265002231094,-1.3381576841011829,58.012622803575134,0.27790163241295573,False,False,True,False,True,6.166273794259212,2.432344,0.0,0.0,0.0,0.0,1,1.0812531712124929,0.89514033787584,False,False,False,False,0.3097951309846243,0.27068686857508145,False,False,False,False,282867045,280770687.0175224,False,False,False,False,143397.10795796916,False,False,False,False
2025-05-05 00:00:00+00:00,2.59,2.6782,2.51,2.62,21338,4.751493835989574,2.3390043577261976,"rgba(38, 166, 154, 0.5)",0.512669979820615,3.300653147913181,-1.38618053696423,58.07784225386691,0.6005625451729415,False,False,True,False,True,5.731592316339999,2.438494,0.0,0.0,0.0,0.0,1,1.0770927068173743,0.9079493005399898,False,False,False,False,0.23249269467964934,0.2515897816273654,False,False,False,False,282845707,280852060.3501686,False,False,False,False,138610.4762733429,False,False,False,False
2025-05-06 00:00:00+00:00,2.52,2.54,2.49,2.5107,6522,4.751431101267753,2.339994804873768,"rgba(38, 166, 154, 0.5)",0.5167421355915891,3.300921261107875,-1.51123976026039,56.88156975864406,0.6005625451729415,False,False,True,False,True,4.715139909488823,2.444444,0.0,0.0,0.0,0.0,1,1.073289956633622,0.9549429503298319,False,False,False,False,0.1647179231716895,0.20815385239952744,False,False,False,False,282839185,280929986.8070247,False,False,False,False,133430.53602732945,False,False,False,False
2025-05-07 00:00:00+00:00,2.36,2.5246,2.36,2.5246,11021,4.751320270229073,2.3401402416669805,"rgba(38, 166, 154, 0.5)",0.5187365786461234,3.3009747682247705,-1.8139741960759117,53.57001727364707,0.6005625451729415,False,True,True,False,False,2.4410347455876007,2.449844,0.0,0.0,0.0,0.0,1,1.0522327190642091,1.0096760185954403,False,False,False,False,0.11714973667257615,0.1626517945360518,False,False,False,False,282828164,281004425.1283179,False,False,False,False,128630.1620654734,False,False,False,False
2025-05-08 00:00:00+00:00,2.39,2.44,2.2973,2.44,7565,4.7512429270060315,2.3398570211154266,#000000,0.5209472431384908,3.300911097413497,-1.7485668835209411,51.85315873964187,0.6005625451729415,False,True,False,False,False,2.8349220771229646,2.455244,0.0,0.0,0.0,0.0,1,1.034733317170032,0.9643275384115698,False,False,False,False,0.0694916165295785,0.11607170553281515,False,False,False,False,282835729,281076240.9664231,False,False,False,False,123882.50865114112,False,False,False,False
2025-05-09 00:00:00+00:00,2.2,2.39,2.2,2.3,13750,4.751095709284256,2.337419892725886,"rgba(239, 83, 80, 1.0)",0.5211492060806182,3.300290713018949,-2.1112777304101686,48.093394965055936,5.0469081644800795,False,True,False,True,False,0.1968488614317856,2.459944,0.0,0.0,0.0,0.0,1,1.0110266268704298,0.9859467541678935,False,False,False,False,0.022146824851085312,0.06910926519195024,False,False,False,False,282821979,281144701.28146535,False,False,False,False,119563.58674325322,False,False,False,False
2025-05-12 00:00:00+00:00,2.51,3.95,2.01,3.375,12732109,4.650955266137585,2.8034082985700186,#000000,0.5239349212117143,3.3630287063154602,-1.6281195846664405,50.04961401383524,5.0469081644800795,False,True,False,False,False,4.192378643149727,2.4665440000000003,0.0,0.0,0.0,0.0,1,1.0107853144731438,0.8621636810332218,False,False,False,False,0.34282819439695544,0.20596872979445285,False,False,False,False,295554088,281709775.27042747,False,False,False,False,614173.2107925374,False,False,False,False
2025-05-13 00:00:00+00:00,2.14,2.65,2.13,2.62,646797,4.644785194856327,2.7804565332820457,"rgba(239, 83, 80, 1.0)",0.5226493143679318,3.354375872127585,-2.32350036390308,47.24783501960869,4.219900035399881,False,True,False,True,False,0.0,2.471444,0.0,0.0,0.0,0.0,1,1.0134912915687257,0.9496676107718942,False,False,False,False,0.014454606994793227,0.11021166839462304,False,False,False,False,294907291,282227324.90688133,False,False,False,False,615452.5750751831,False,False,False,False
2025-05-14 00:00:00+00:00,2.08,2.39,1.9801,2.38,333159,4.641407645989833,2.7658055922858678,"rgba(239, 83, 80, 1.0)",0.5187405265808497,3.3485847764941448,-2.4455092893082955,44.83687329826947,1.8381401165121432,False,True,False,True,False,0.0,2.475694,0.0,0.0,0.0,0.0,1,1.0112345069047137,0.9614186795212254,False,False,False,False,-0.12490265474382502,-0.007345493174600988,False,False,False,False,294574132,282711513.42033696,False,False,False,False,604382.238797725,False,False,False,False
2025-05-15 00:00:00+00:00,2.28,2.36,1.8,2.08,369436,4.6376679534227865,2.63249478424991,"rgba(239, 83, 80, 1.0)",0.5153519238645478,3.2248752288532607,-1.8334562948126427,45.73813421776491,1.8381401165121432,False,True,False,True,False,1.1255443110321934,2.4811940000000003,0.0,0.0,0.0,0.0,1,1.0029075802361305,0.9803059898672764,False,False,True,False,-0.1864154857991124,-0.0968804894868567,False,False,False,False,294943568,283191201.8352257,False,False,False,False,595168.6608056573,False,False,False,False
2025-05-16 00:00:00+00:00,2.17,2.305,2.125,2.23,96664,4.636712212395967,2.6317806738342866,"rgba(239, 83, 80, 1.0)",0.5106564399526601,3.2240233165837466,-2.064055662710254,45.22100429309819,1.8381401165121432,False,True,False,True,False,0.0,2.4856439999999997,0.0,0.0,0.0,0.0,1,1.001295606397886,0.9883524984830067,False,False,False,False,-0.10755570932753282,-0.10221809940719476,False,False,False,False,294846904,283648288.19462866,False,False,False,False,575619.4584211217,False,False,False,False
2025-05-19 00:00:00+00:00,2.17,2.33,1.9701,2.16,186396,4.634838671781665,2.62575173477128,"rgba(239, 83, 80, 1.0)",0.5065185261397476,3.221105686415588,-2.075157436838924,44.876251009987044,1.2530094961151548,False,True,False,True,False,0.0,2.489444,0.0,0.0,0.0,0.0,1,0.9977609096788818,0.9798032769888811,False,False,False,False,-0.14527051213737144,-0.1237443057722831,False,False,False,False,294846904,284087449.5987609,False,False,False,False,560355.7933849993,False,False,False,False
2025-05-20 00:00:00+00:00,2.09,2.264,2.05,2.17,120142,4.633621852649178,2.621132880426969,"rgba(239, 83, 80, 1.0)",0.5013326063695324,3.219009438565686,-2.2520167733384837,43.78545817945631,-0.13787975493829663,False,True,False,True,False,0.0,2.492694,0.0,0.0,0.0,0.0,1,1.0086148105695687,0.9732749432108494,False,False,False,False,-0.14330341296816052,-0.13352385937022182,False,False,False,False,294726762,284504677.5360644,False,False,False,False,543092.5073699013,False,False,False,False
2025-05-21 00:00:00+00:00,2.32,2.5899,1.98,2.11,274518,4.631025844855985,2.6222488921068288,"rgba(239, 83, 80, 1.0)",0.4955608458494255,3.2178162918765936,-1.8117175709022666,46.095211249200815,-0.13787975493829663,False,True,False,True,False,1.6476716795982647,2.497444,0.0,0.0,0.0,0.0,1,1.0040271149989775,0.954481209388481,False,False,False,False,-0.10128245879333125,-0.11740315908177654,False,False,False,False,295001280,284916309.00523835,False,False,False,False,532560.1737475522,False,False,False,False
2025-05-22 00:00:00+00:00,2.295,2.469,2.2,2.3,130102,4.629810531840881,2.62235168954225,#000000,0.4892133399029486,3.217197487906173,-1.8850620224074857,47.32547198318684,-0.13787975493829663,False,True,False,False,True,1.3240689484117674,2.5022189999999997,0.0,0.0,0.0,0.0,1,1.0176391084374752,0.9724357875896074,False,False,False,False,-0.09892022407110461,-0.10816169157644057,False,False,False,False,294871178,285306696.0246408,False,False,False,False,516777.50026725605,False,False,False,False
2025-05-23 00:00:00+00:00,2.28,2.3221,2.19,2.25,50573,4.629326745336965,2.6216174149881373,#000000,0.4819461224161583,3.2167216647101773,-1.9436232000665887,47.94746348773498,-0.13787975493829663,False,True,False,False,True,1.127289945419431,2.506069,0.0,0.0,0.0,0.0,1,1.010526522230668,0.9857829292015562,False,False,False,False,-0.15184436877573104,-0.1300030301760858,False,False,False,False,294820605,285679790.4942627,False,False,False,False,498494.9708450107,False,False,False,False
2025-05-27 00:00:00+00:00,2.5,2.55,2.29,2.4,106778,4.628384765500281,2.6239015164647617,#000000,0.4749044953322143,3.2169633943704463,-1.509700163753772,51.09802403686311,-4.311791846591689,False,True,False,False,True,3.8717974379860216,2.510719,0.0,0.0,0.0,0.0,1,1.0120985004063856,0.9650810599527224,False,False,False,False,-0.04525933318874931,-0.08763118168241756,False,False,False,False,294927383,286042441.18076223,False,False,False,False,483133.52100795147,False,False,False,False
2025-05-28 00:00:00+00:00,2.64,2.66,2.3724,2.46,89434,4.627636454135702,2.627289997496036,"rgba(38, 166, 154, 0.5)",0.46531170454808846,3.2176799993750307,-1.2414903681309164,54.6410232715326,-0.8758545546025402,False,False,True,False,True,5.5473139602846295,2.516219,0.0,0.0,0.0,0.0,1,1.0164096395893294,0.9592029603628036,False,False,False,False,0.016350107187938747,-0.0356405372472394,False,False,False,False,295016817,286394377.48739904,False,False,False,False,467694.3241056789,False,False,False,False
2025-05-29 00:00:00+00:00,2.6,2.7377,2.5015,2.69,81392,4.626974179680169,2.6307849320680026,"rgba(38, 166, 154, 0.5)",0.45189122311080837,3.2185005535223103,-1.3686934418964087,56.36639499673216,0.7846342284727896,False,False,True,False,True,4.9979104825153335,2.5214190000000003,0.0,0.0,0.0,0.0,1,1.0254531454343232,0.9569527115391665,False,False,False,False,0.08370370383827484,0.02403158329551772,False,False,False,False,294935425,286729320.5271089,False,False,False,False,452545.2133564366,False,False,False,False
2025-05-30 00:00:00+00:00,2.68,2.71,2.53,2.58,39826,4.626654611870036,2.632538604726538,"rgba(38, 166, 154, 0.5)",0.43827206907763483,3.2189283133804834,-1.2296661170187833,58.3702816724677,2.7315216594290774,False,False,True,False,True,5.958972705635112,2.527619,0.0,0.0,0.0,0.0,1,1.0246449304465295,0.9577202526561753,False,False,False,False,0.07184842723415717,0.047940005264837444,False,False,False,False,294975251,287052690.3495752,False,False,False,False,436360.14616598806,False,False,False,False
2025-06-02 00:00:00+00:00,2.7,2.76,2.5998,2.74,48761,4.6262726630590905,2.6349566121260835,"rgba(38, 166, 154, 1.0)",0.4234353656414791,3.2195524948993066,-1.2269936265531711,59.922210057192814,4.2711720924703585,True,False,True,False,True,6.199931790294681,2.5330190000000004,0.0,0.0,0.0,0.0,1,1.0281547147385102,0.975559627575277,False,False,False,False,0.11520611775250236,0.0815730615086699,False,False,False,False,295024012,287365291.1986115,False,False,False,False,421160.1796496748,False,False,False,False
2025-06-03 00:00:00+00:00,2.82,2.88,2.685,2.71,80302,4.625679113219588,2.6401010106195413,"rgba(38, 166, 154, 1.0)",0.40945090417531965,3.2209962053347008,-0.9793511291478341,62.21488339761959,6.521236242656755,True,False,True,False,True,7.639286759873372,2.538269,0.0,0.0,0.0,0.0,1,1.0157963156726593,0.9946225308348391,False,False,False,False,0.19058182439320817,0.13607744295093904,False,False,False,False,295104314,287668782.28886205,False,False,False,False,407793.1922124326,False,False,False,False
2025-06-04 00:00:00+00:00,2.69,2.9,2.69,2.84,59629,4.625230194432429,2.6529757786251653,"rgba(38, 166, 154, 1.0)",0.39064435411055787,3.1286159325803027,-1.1228011565122178,61.328523956042076,6.521236242656755,True,False,True,False,True,5.771306925901918,2.541519,0.0,0.0,0.0,0.0,1,1.0003178740582983,0.9882513748053019,False,False,False,False,0.19989596710263888,0.16798670502678897,False,False,False,False,295044685,287958033.37557334,False,False,False,False,394139.69447861175,False,False,False,False
2025-06-05 00:00:00+00:00,2.67,2.76,2.5469,2.7,28317,4.6250055412128575,2.647457611784064,"rgba(38, 166, 154, 1.0)",0.37078254603405975,3.1272421803416415,-1.2331815109216056,60.37984280114837,6.521236242656755,True,False,True,False,True,5.485702502192375,2.5448690000000003,0.0,0.0,0.0,0.0,1,0.9866367851225871,1.0093240691984635,False,False,False,False,0.09601707616672463,0.1320018905967568,False,False,False,False,295016368,288234830.81182534,False,False,False,False,379793.7064598427,False,False,False,False
2025-06-06 00:00:00+00:00,2.73,2.73,2.5,2.67,96011,4.624242037447528,2.642751899422927,"rgba(38, 166, 154, 1.0)",0.35022112705845415,3.126075327771148,-1.130929282016275,60.524245738437926,6.521236242656755,True,False,True,False,True,6.230094043186426,2.551019,0.0,0.0,0.0,0.0,0,1.0022931872682244,1.0036166839201706,False,False,False,False,0.06824364333172289,0.10012276696423984,False,False,False,False,295112379,288504538.5839106,False,False,False,False,368664.9728731822,False,False,False,False
2025-06-09 00:00:00+00:00,2.61,2.74,2.585,2.63,18598,4.624093584764989,2.642474565362935,"rgba(38, 166, 154, 0.75)",0.3237974981683391,3.126005057838507,-1.5936042148486314,58.39229690718838,6.521236242656755,True,False,True,False,False,4.492856077050263,2.555469,0.0,0.0,0.0,0.0,0,0.9941128757947618,0.9911823961903762,False,False,False,False,0.10257406902474567,0.10134841799449276,False,False,False,False,295093781,288762940.2472866,False,False,False,False,354936.85628992016,False,False,False,False
2025-06-10 00:00:00+00:00,2.51,2.7,2.49,2.6,75312,4.623468873107257,2.637267550391902,"rgba(38, 166, 154, 0.5)",0.29413322041484335,3.124597868335129,-2.089522113375378,55.319399974631864,10.524043098571589,False,False,True,False,False,3.0730270444397476,2.548419,0.0,0.0,0.0,0.0,0,0.9898609312244071,0.9983908316652925,False,False,False,False,0.053841260877836014,0.07759483943616438,False,False,False,False,295018469,289008255.1003342,False,False,False,False,343971.1756510998,False,False,False,False
2025-06-11 00:00:00+00:00,2.52,2.6,2.422,2.422,23264,4.623271035983202,2.635298239954723,#000000,0.2800658384632605,3.1240519541353757,-2.1568212583507083,53.439694363385335,8.674774560578754,False,False,False,False,False,3.2038797937105485,2.522269,0.0,0.0,0.0,0.0,0,1.0030356307988122,0.9917820667311981,False,False,False,False,-0.006474934066381978,0.035559952684891205,False,False,False,False,295041733,289244862.0767917,False,False,False,False,331394.4236647822,False,False,False,False
2025-06-12 00:00:00+00:00,2.6,2.65,2.415,2.55,697383,4.617472613888687,2.628886820310016,"rgba(38, 166, 154, 0.5)",0.27573493931131005,3.121336371754707,-1.8907156744691975,53.53932216187801,8.658422637672174,False,False,True,False,False,4.254519191197797,2.508019,0.0,0.0,0.0,0.0,0,1.0223255058756673,0.9942630215204342,False,False,False,False,0.008950145063718686,0.022255048874304947,False,False,False,False,295739116,289499538.70123124,False,False,False,False,345746.91685439856,False,False,False,False
2025-06-13 00:00:00+00:00,2.4,2.59,2.37,2.48,18024,4.617315817541895,2.6283159723325547,#000000,0.2720985016402141,3.1211343542624546,-2.6502694793078434,50.35406571313958,5.515865517695957,False,True,False,False,False,1.402362208117566,2.491269,0.0,0.0,0.0,0.0,1,0.9949465343332459,0.9895696468638188,False,False,False,False,-0.02872307669765227,-0.003234013911673661,False,False,False,False,295721092,289743521.18353593,False,False,False,False,332895.0377620692,False,False,False,False
2025-06-16 00:00:00+00:00,2.69,2.69,2.32,2.32,47201,4.616926808476819,2.599710798173276,#000000,0.2709114246395948,3.0177085443616143,-1.2096519915968078,52.42297059554375,5.515865517695957,False,False,False,False,False,5.123066493323407,2.474619,0.0,0.0,0.0,0.0,1,1.0104794872488303,0.9807785920977902,False,False,False,False,-0.010779842421821303,-0.007006928166747482,False,False,False,False,295768293,289979786.7449659,False,False,False,False,321691.3500066939,False,False,False,False
2025-06-17 00:00:00+00:00,2.7,2.74,2.48,2.48,25642,4.6167230972837485,2.605529575273368,"rgba(38, 166, 154, 0.5)",0.26907654893996963,3.01916378352111,-1.1861449270791509,53.92451667182934,5.515865517695957,False,False,True,False,True,5.247145751671805,2.458269,0.0,0.0,0.0,0.0,1,1.026698848616379,0.9611382674482278,False,False,False,False,0.06269997061632535,0.027846521224788933,False,False,False,False,295793935,290207792.5588888,False,False,False,False,310081.57157505886,False,False,False,False
2025-06-18 00:00:00+00:00,2.79,2.81,2.62,2.67,42494,4.616402672527901,2.618596872374153,"rgba(38, 166, 154, 1.0)",0.2659569327736064,3.0225136203617504,-0.8742529022910475,56.03325253310706,0.7472869568374492,True,False,True,False,True,6.366374166346674,2.4431689999999997,0.0,0.0,0.0,0.0,1,1.0349271559993765,0.9562868202864945,False,False,False,False,0.13939245761856495,0.08361948942167693,False,False,False,False,295836429,290428523.39971673,False,False,False,False,299587.9413172134,False,False,False,False
2025-06-20 00:00:00+00:00,2.96,3.2,2.74,2.79,524256,4.612934966489682,2.7152542532182222,"rgba(38, 166, 154, 1.0)",0.26578791585862305,3.049920914803428,-0.33831829604795993,59.269626265596116,3.829806329455465,True,False,True,False,True,8.425325731853256,2.427569,0.0,0.0,0.0,0.0,1,1.0417438758679671,0.9486312760050767,False,False,False,False,0.33473995753324365,0.20917972347746028,False,False,False,False,296360685,290661157.1879632,False,False,False,False,308398.4534224207,False,False,False,False
2025-06-23 00:00:00+00:00,3.15,3.16,2.93,3.16,56360,4.612588643757007,2.722844822389159,"rgba(38, 166, 154, 1.0)",0.2765015191465395,3.0522789490155997,0.3534195807893926,63.08517621298125,7.371656585096417,True,False,True,False,True,10.627678885679199,2.409469,0.0,0.0,0.0,0.0,1,1.0480875678069301,0.9602222406730871,False,False,False,False,0.34282817870676474,0.2760039510921125,False,False,False,False,296417045,290886878.2786313,False,False,False,False,298514.5925038944,False,False,False,False
2025-06-24 00:00:00+00:00,3.29,3.436,3.15,3.15,80813,4.612160987915517,2.7403494593897335,"rgba(38, 166, 154, 1.0)",0.29049372386311106,3.057634355408841,0.7998990184746854,66.65664209222916,10.61413995591478,True,False,True,False,True,12.189946509756862,2.391269,0.0,0.0,0.0,0.0,0,1.0499349124244948,0.9345060576214446,False,False,False,False,0.3428281940176494,0.30941607255488096,False,False,False,False,296497858,291106916.6990772,False,False,False,False,289977.27515080053,False,False,False,False
2025-06-25 00:00:00+00:00,3.17,3.44,3.0,3.35,834002,4.607468301130561,2.829079872025704,"rgba(38, 166, 154, 1.0)",0.2963066496568786,3.088201376511024,0.2760607079986169,66.81604044369128,10.699642317687712,True,False,True,False,True,10.37765677891246,2.378569,0.0,0.0,0.0,0.0,0,1.0248317901339554,0.9482954506799823,False,False,False,False,0.2993427586441967,0.30437941559953885,False,False,False,False,295663856,291285620.2010742,False,False,False,False,311311.57808606327,False,False,False,False
2025-06-26 00:00:00+00:00,3.46,3.57,3.0,3.24,238379,4.60626591275698,2.8534138969611624,"rgba(38, 166, 154, 1.0)",0.31013035620218005,3.0971826213841225,1.1698866988027117,69.0431405118877,12.859734001972598,True,False,True,False,True,13.528492484595613,2.367769,0.0,0.0,0.0,0.0,0,1.0225972901894205,0.9467359099836874,False,False,False,False,0.33800402921421696,0.3211917224068779,False,False,False,False,295902235,291466663.9186791,False,False,False,False,308451.476984649,False,False,False,False
2025-06-27 00:00:00+00:00,3.51,3.51,3.16,3.51,131829,4.60562823309532,2.8668560852362655,"rgba(38, 166, 154, 1.0)",0.3257871548580809,3.102241266672472,1.2516108362380198,70.8407448689006,14.632765687904609,True,False,True,False,True,14.051313860279144,2.356919,0.0,0.0,0.0,0.0,0,1.0378314362787024,0.9411474439107831,False,False,False,False,0.34282819601773223,0.33200995921230503,False,False,False,False,296034064,291645777.64735836,False,False,False,False,301525.1053381922,False,False,False,False
2025-06-30 00:00:00+00:00,3.76,3.8,3.325,3.44,151391,4.605038550225596,2.8888519950825815,"rgba(38, 166, 154, 1.0)",0.35333141678931224,3.110306709312083,1.8387645700787545,73.42838897970125,17.16015230069337,True,False,True,False,True,16.586090375683106,2.345519,0.0,0.0,0.0,0.0,0,1.0832007425086183,0.9151418721824445,False,False,False,False,0.34282820489957944,0.33741908205594223,False,False,False,False,296185455,291823804.21020705,False,False,False,False,295637.49336414546,False,False,False,False
2025-07-01 00:00:00+00:00,3.26,3.851,3.2,3.85,160493,4.604291880777166,2.903668704662768,"rgba(38, 166, 154, 0.75)",0.35822793337832354,3.1161523175299513,0.40155350565063663,68.23676139999134,17.16015230069337,True,False,True,False,False,9.420877331433594,2.332319,0.0,0.0,0.0,0.0,0,1.0511912427559562,0.9110753380553761,False,False,False,False,0.3246154403813982,0.33101726121867026,False,False,False,False,296024962,291988555.4960813,False,False,False,False,290337.70931064954,False,False,False,False
2025-07-02 00:00:00+00:00,3.31,3.36,3.2,3.27,45346,4.604054542663942,2.9062546108784413,"rgba(38, 166, 154, 0.75)",0.36462992469383815,3.117280470341222,0.5285345952354162,65.17211879458823,22.022230389926676,True,False,True,False,False,9.940258080132953,2.321469,0.0,0.0,0.0,0.0,0,1.055699481865285,0.9410621761658027,False,False,False,False,0.20831273567128117,0.2696649984449757,False,False,False,False,296070308,292148624.22172517,False,False,False,False,280730.1912984672,False,False,False,False
2025-07-03 00:00:00+00:00,3.51,3.5335,3.2999,3.32,57525,4.603789724800109,2.911295211658233,"rgba(38, 166, 154, 0.75)",0.3760762693398936,3.119310431829175,1.0388572745006779,64.6369216458846,21.536846213109484,True,False,True,False,False,11.977532646385114,2.311669,0.0,0.0,0.0,0.0,0,1.0664940666038245,0.9213292356959307,False,False,False,False,0.27219685861978765,0.27093092853238165,False,False,False,False,296127833,292304671.6247948,False,False,False,False,271977.04654166463,False,False,False,False
2025-07-07 00:00:00+00:00,3.45,3.52,3.38,3.49,40384,4.603604242114142,2.9147642248365857,"rgba(38, 166, 154, 0.75)",0.384040080960354,3.1207176793657867,0.8574165483217013,63.534985353934914,20.36966571576494,True,False,True,False,False,11.151692069116027,2.301269,0.0,0.0,0.0,0.0,0,1.0812289616989201,0.9161717115267142,False,False,False,False,0.2880737929765483,0.279502360754465,False,False,False,False,296087449,292453015.83558714,False,False,False,False,262894.9662851288,False,False,False,False
2025-07-08 00:00:00+00:00,3.65,3.755,3.48,3.48,113282,4.603164642044085,2.9280436101201026,"rgba(38, 166, 154, 0.75)",0.39854766746713555,3.1259002874797295,1.3150239113204394,64.27256876201584,20.36966571576494,True,False,True,False,False,13.149193819928978,2.2958689999999997,0.0,0.0,0.0,0.0,0,1.0899465447285375,0.8901912797063175,False,False,False,False,0.34282820624254484,0.3111652834985049,False,False,False,False,296200731,292599985.057721,False,False,False,False,257027.79113669237,False,False,False,False
2025-07-09 00:00:00+00:00,3.63,3.72,3.47,3.61,22235,4.60307648709313,2.9304685418269267,"rgba(38, 166, 154, 0.75)",0.4147149569231214,3.1268617960794285,1.2132145116093358,64.4923601930761,20.36966571576494,True,False,True,False,False,12.86868544652717,2.295269,0.0,0.0,0.0,0.0,0,1.0898028242337476,0.9075941953536795,False,False,False,False,0.3320275261459636,0.3215964048222343,False,False,False,False,296178496,292740318.82016337,False,False,False,False,247820.23069995936,False,False,False,False
2025-07-10 00:00:00+00:00,3.89,4.0,3.56,3.56,76677,4.602836650898425,2.9416626926922627,"rgba(38, 166, 154, 0.75)",0.4399423897586558,3.131164398432164,1.7248522061811753,66.40041405872141,20.36966571576494,True,False,True,False,False,15.385196700986477,2.295019,0.0,0.0,0.0,0.0,0,1.0768393417429725,0.8943459051034125,False,False,False,False,0.3428282108473022,0.33221230783476824,False,False,False,False,296255173,292878156.23898053,False,False,False,False,241108.7314568237,False,False,False,False
