date,Open,High,Low,Close,Volume,aVWAP_peak_616,aVWAP_valley_608,aVWAP_valley_554,aVWAP_valley_533,aVWAP_valley_497,aVWAP_valley_475,aVWAP_valley_453,aVWAP_valley_433,aVWAP_valley_419,aVWAP_valley_375,aVWAP_valley_351,aVWAP_valley_331,aVWAP_valley_312,aVWAP_valley_288,aVWAP_valley_262,aVWAP_valley_210,aVWAP_valley_128,aVWAP_valley_107,aVWAP_OB_bull_554,aVWAP_OB_bull_107,aVWAP_OB_bear_540,aVWAP_OB_bear_510,Peaks_avg,Valleys_avg,color,StDev,StDev_Mean,StdDev_ZScore,QQEMOD,QQE1_Value,QQE1_Above_Upper,QQE1_Below_Lower,QQE2_Above_Threshold,QQE2_Below_Threshold,QQE2_Above_TL,banker_RSI,SMA_50,SMA_200,OB,OB_High,OB_Low,OB_Mitigated_Index,VI_plus,VI_minus,VI_Regular_Bullish,VI_Regular_Bearish,VI_Hidden_Bullish,VI_Hidden_Bearish,Fisher,Fisher_Signal,Fisher_Regular_Bullish,Fisher_Regular_Bearish,Fisher_Hidden_Bullish,Fisher_Hidden_Bearish,OBV,OBV_Smoothed,OBV_Regular_Bullish,OBV_Regular_Bearish,OBV_Hidden_Bullish,OBV_Hidden_Bearish,Volume_MA,Vol_Regular_Bullish,Vol_Regular_Bearish,Vol_Hidden_Bullish,Vol_Hidden_Bearish
2023-11-01 16:00:00+00:00,86.39,87.1,86.36,87.1,1010.0,,,,,,,,,,,,,,,,,,,,,,,,,#000000,,,,,,False,False,False,False,False,,,,0.0,0.0,0.0,0.0,,,False,False,False,False,,,False,False,False,False,0.0,0.0,False,False,False,False,1010.0,False,False,False,False
2023-11-02 16:00:00+00:00,88.45,89.08,88.22,89.01,1103.0,,,,,,,,,,,,,,,,,,,,,,,,,#000000,,,,100.0,,False,False,True,False,False,,,,0.0,0.0,0.0,0.0,,,False,False,False,False,,,False,False,False,False,1103.0,17.100775193798448,False,False,False,False,1011.4418604651162,False,False,False,False
2023-11-03 16:00:00+00:00,90.15,90.35,89.84,89.84,452.0,,,,,,,,,,,,,,,,,,,,,,,,,#000000,,,,100.0,50.0,False,False,True,False,True,,,,0.0,0.0,0.0,0.0,,,False,False,False,False,,,False,False,False,False,1555.0,40.94417402800312,False,False,False,False,1002.7683432486027,False,False,False,False
2023-11-06 16:00:00+00:00,89.84,89.84,89.53,89.53,106.0,,,,,,,,,,,,,,,,,,,,,,,,,#000000,,,,95.9586693061658,46.36280237554922,False,False,True,False,False,,,,0.0,0.0,0.0,0.0,,,False,False,False,False,,,False,False,False,False,1449.0,62.774496911289894,False,False,False,False,988.8649580819576,False,False,False,False
2023-11-06 20:00:00+00:00,89.53,89.66,89.53,89.66,2.0,,,,,,,,,,,,,,,,,,,,,,,,,#000000,,,,93.48309806568865,44.377268100749845,False,False,True,False,False,,,,0.0,0.0,0.0,0.0,,,False,False,False,False,,,False,False,False,False,1451.0,84.29737292816912,False,False,False,False,973.5647261737103,False,False,False,False
2023-11-07 16:00:00+00:00,89.04,89.35,89.04,89.33,500.0,,,,,,,,,,,,,,,,,,,,,,,,,#000000,,,,87.88333571013708,39.61533883738474,False,False,True,False,False,,,,0.0,0.0,0.0,0.0,,,False,False,False,False,,,False,False,False,False,951.0,97.73462296029054,False,False,False,False,966.2226373958233,False,False,False,False
2023-11-07 20:00:00+00:00,89.33,89.33,89.15,89.24,300.0,,,,,,,,,,,,,,,,,,,,,,,,,#000000,,,,83.14198200220032,35.815053554151106,False,False,True,False,False,,,,0.0,0.0,0.0,0.0,,,False,False,False,False,,,False,False,False,False,651.0,106.31238074385192,False,False,False,False,955.8936042579035,False,False,False,False
2023-11-08 16:00:00+00:00,89.01,89.01,88.7,88.95,611.0,,,,,,,,,,,,,,,,,,,,,,,,,#000000,,,,76.90970900617583,30.701368787461035,False,False,True,False,False,,,,0.0,0.0,0.0,0.0,,,False,False,False,False,,,False,False,False,False,40.0,105.28428181759065,False,False,False,False,950.5464165949902,False,False,False,False
2023-11-08 20:00:00+00:00,88.95,89.09,88.95,89.05,534.0,,,,,,,,,,,,,,,,,,,,,,,,,#000000,,,,73.3033627095906,28.019887196056942,False,False,True,False,False,,,,0.0,0.0,0.0,0.0,,,False,False,False,False,,,False,False,False,False,574.0,112.55119217700785,False,False,False,False,944.0883326167733,False,False,False,False
2023-11-09 16:00:00+00:00,90.72,90.72,89.45,89.45,583.0,,,,,,,,,,,,,,,,,,,,,,,,,#000000,,,,72.84740482315658,28.0127775301236,False,False,True,False,False,,,,0.0,0.0,0.0,0.0,,,False,False,False,False,,,False,False,False,False,1157.0,128.74419694945732,False,False,False,False,938.4900638940326,False,False,False,False
2023-11-09 20:00:00+00:00,89.45,89.6,89.45,89.47,185.0,,,,,,,,,,,,,,,,,,,,,,,,,#000000,,,,72.63326263921344,27.900697517416518,False,False,True,False,False,,,,0.0,0.0,0.0,0.0,,,False,False,False,False,,,False,False,False,False,1342.0,147.55436443861302,False,False,False,False,926.8080473995515,False,False,False,False
2023-11-10 16:00:00+00:00,89.47,90.52,89.47,90.52,1720.0,,,,,,,,,,,,,,,,,,,,,,,,,#000000,,,,75.84348714425482,27.900697517416518,False,False,True,False,True,,,,0.0,0.0,0.0,0.0,,,False,False,False,False,,,False,False,False,False,3062.0,192.73956809072754,False,False,False,False,939.1055970522715,False,False,False,False
2023-11-10 20:00:00+00:00,90.52,90.685,90.52,90.62,50.0,,,,,,,,,,,,,,,,,,,,,,,,,#000000,,,,78.20431722952134,22.630464985972367,False,False,True,False,True,,,,0.0,0.0,0.0,0.0,,,False,False,False,False,,,False,False,False,False,3112.0,237.99941974823565,False,False,False,False,925.3210141522363,False,False,False,False
2023-11-13 16:00:00+00:00,90.62,90.62,90.62,90.62,0.0,,,,,,,,,,,,,,,,,,,,,,,,,#000000,,,,79.77820395303235,24.18622271383181,False,False,True,False,True,,,,0.0,0.0,0.0,0.0,,,False,False,False,False,,,False,False,False,False,3112.0,282.55756827927075,False,False,False,False,910.9749519173179,False,False,False,False
2023-11-13 20:00:00+00:00,90.62,90.62,90.62,90.62,0.0,,,,,,,,,,,,,,,,,,,,,,,,,#000000,,,,80.82746176870634,25.342631440289423,False,False,True,False,True,,,,0.0,0.0,0.0,0.0,,,False,False,False,False,,,False,False,False,False,3112.0,326.42489280207275,False,False,False,False,896.8513092519331,False,False,False,False
2023-11-14 16:00:00+00:00,93.73,93.96,93.73,93.79,120.0,,,,,,,,,,,,,,,,,,,,,,,,,#000000,,,,85.0984585224202,29.4744983146701,False,False,True,False,True,,,,0.0,0.0,0.0,0.0,,,False,False,False,False,,,False,False,False,False,3232.0,371.4725688826607,False,False,False,False,884.807102906942,False,False,False,False
2023-11-14 20:00:00+00:00,93.79,93.79,93.79,93.79,0.0,,,,,,,,,,,,,,,,,,,,,,,,,#000000,,,,87.94578969156277,32.173011652435164,False,False,True,False,True,,,,0.0,0.0,0.0,0.0,,,False,False,False,False,,,False,False,False,False,3232.0,415.8218313806039,False,False,False,False,871.0891633269894,False,False,False,False
2023-11-15 16:00:00+00:00,94.98,95.05,94.33,94.33,62.0,,,,,,,,,,,,,,,,,,,,,,,,,#000000,,,,90.09663277642555,34.24443813829518,False,False,True,False,True,,,,0.0,0.0,0.0,0.0,,,False,False,False,False,,,False,False,False,False,3294.0,460.4447487235402,False,False,False,False,858.545145290912,False,False,False,False
2023-11-15 20:00:00+00:00,94.33,94.39,94.15,94.15,65.0,,,,,,,,,,,,,,,,,,,,,,,,,#000000,,,,90.18450025036557,34.50678002700464,False,False,True,False,True,,,,0.0,0.0,0.0,0.0,,,False,False,False,False,,,False,False,False,False,3229.0,503.3680859526326,False,False,False,False,846.2421197825258,False,False,False,False
2023-11-16 16:00:00+00:00,94.59,94.59,93.9,94.19,308.0,,,,,,,,,,,,,,,,,,,,,,,,,#000000,,,,90.27707837321364,34.92887277195477,False,False,True,False,True,,,,0.0,0.0,0.0,0.0,,,False,False,False,False,,,False,False,False,False,3537.0,550.4011388835995,False,False,False,False,837.8972807161301,False,False,False,False
2023-11-16 20:00:00+00:00,94.19,94.23,94.08,94.21,438.0,,,,,,,,,,,,,,,,,,,,,,,,,#000000,,,,90.35760769239346,35.42616674141229,False,False,True,False,True,,,,0.0,0.0,0.0,0.0,,,False,False,False,False,,,False,False,False,False,3975.0,603.4956948699003,False,False,False,False,831.69732287557,False,False,False,False
2023-11-17 16:00:00+00:00,94.81,95.04,94.64,95.035,197.0,,,,,,,,,,,,,,,,,,,,,,,,,#000000,,,,91.0921221315535,36.551216750873294,False,False,True,False,True,,,,0.0,0.0,0.0,0.0,,,False,False,False,False,,,False,False,False,False,4172.0,658.8213430114521,False,False,False,False,821.8570543038556,False,False,False,False
2023-11-17 20:00:00+00:00,95.085,95.16,95.08,95.13,50.0,,,,,,,,,,,,,,,,,,,,,,,,,#000000,,,,91.6491181385431,37.48409213738377,False,False,True,False,True,,,,0.0,0.0,0.0,0.0,,,False,False,False,False,,,False,False,False,False,4222.0,714.0644229647629,False,False,False,False,809.890278268137,False,False,False,False
2023-11-20 16:00:00+00:00,95.23,95.53,95.23,95.53,492.0,,,,,,,,,,,,,,,,,,,,,,,,,#000000,,,,92.29532472905856,38.47284191178741,False,False,True,False,True,,,,0.0,0.0,0.0,0.0,,,False,False,False,False,,,False,False,False,False,4714.0,776.0789280350766,False,False,False,False,804.9617468221193,False,False,False,False
2023-11-20 20:00:00+00:00,95.53,95.68,95.53,95.63,379.0,,,,,,,,,,,,,,,,,,,,,,,,,#000000,,,,92.79250170385198,39.292428139480776,False,False,True,False,True,,,,0.0,0.0,0.0,0.0,,,False,False,False,False,,,False,False,False,False,5093.0,843.0079369027499,False,False,False,False,798.3576887318538,False,False,False,False
2023-11-21 16:00:00+00:00,95.63,95.63,95.63,95.63,0.0,,,,,,,,,,,,,,,,,,,,,,,,,#000000,,,,93.12395302038092,39.937079188787635,False,False,True,False,True,,,,0.0,0.0,0.0,0.0,,,False,False,False,False,,,False,False,False,False,5093.0,908.8992867182111,False,False,False,False,785.9800501468638,False,False,False,False
2023-11-21 20:00:00+00:00,95.63,95.63,95.63,95.63,0.0,,,,,,,,,,,,,,,,,,,,,,,,,#000000,,,,93.34492056473356,40.4638727609466,False,False,True,False,True,,,,0.0,0.0,0.0,0.0,,,False,False,False,False,,,False,False,False,False,5093.0,973.769065218704,False,False,False,False,773.7943129352846,False,False,False,False
2023-11-22 16:00:00+00:00,95.63,95.63,95.32,95.41,600.0,,,,,,,,,,,,,,,,,,,,,,,,,#000000,,,,90.72091556822082,40.4638727609466,False,False,True,False,False,,,,0.0,0.0,0.0,0.0,,,False,False,False,False,,,False,False,False,False,4493.0,1028.3307851377938,False,False,False,False,771.0998274634197,False,False,False,False
2023-11-22 20:00:00+00:00,95.41,95.51,95.41,95.51,388.0,,,,,,,,,,,,,,,,,,,,,,,,,#000000,,,,89.18156906852266,42.02359749765394,False,False,True,False,False,,,,0.0,0.0,0.0,0.0,,,False,False,False,False,,,False,False,False,False,4881.0,1088.0620907945722,False,False,False,False,765.1602952546846,False,False,False,False
2023-11-23 16:00:00+00:00,95.51,95.51,95.51,95.51,0.0,,,,,,,,,,,,,,,,,,,,,,,,,#000000,,,,88.15533806872389,40.99242090587977,False,False,True,False,False,,,,0.0,0.0,0.0,0.0,,,False,False,False,False,,,False,False,False,False,4881.0,1146.867329696982,False,False,False,False,753.2973449406584,False,False,False,False
2023-11-23 20:00:00+00:00,95.51,95.51,95.51,95.51,0.0,,,,,,,,,,,,,,,,,,,,,,,,,#000000,,,,87.47118406885804,40.26003381365001,False,False,True,False,False,,,,0.0,0.0,0.0,0.0,,,False,False,False,False,,,False,False,False,False,4881.0,1204.760859469122,False,False,False,False,741.6183163369273,False,False,False,False
2023-11-24 16:00:00+00:00,95.95,95.95,95.815,95.9,32.0,,,,,,,,,,,,,,,,,,,,,,,,,#000000,,,,87.91409058713523,40.26003381365001,False,False,True,False,False,,,,0.0,0.0,0.0,0.0,,,False,False,False,False,,,False,False,False,False,4913.0,1262.252939167275,False,False,False,False,730.6164819751144,False,False,False,False
2023-11-24 20:00:00+00:00,95.9,95.9,95.9,95.9,0.0,,,,,,,,,,,,,,,,,,,,,,,,,#000000,,,,88.20936159932003,40.26003381365001,False,False,True,False,False,,,,0.0,0.0,0.0,0.0,,,False,False,False,False,,,False,False,False,False,4913.0,1318.8536687925885,False,False,False,False,719.2890946576707,False,False,False,False
2023-11-27 16:00:00+00:00,95.44,95.78,95.44,95.78,815.0,,,,,,,,,,,,,,,,,,,,,,,,,#000000,,,,86.32635710548664,38.87229585536558,False,False,True,False,False,,,,0.0,0.0,0.0,0.0,,,False,False,False,False,,,False,False,False,False,4098.0,1361.9412088113081,False,False,False,False,720.772984662978,False,False,False,False
2023-11-27 20:00:00+00:00,95.78,95.795,95.7,95.76,140.0,,,,,,,,,,,,,,,,,,,,,,,,,#000000,,,,84.71316475225557,37.31610705689167,False,False,True,False,False,,,,0.0,0.0,0.0,0.0,,,False,False,False,False,,,False,False,False,False,3958.0,1402.1901823181095,False,False,False,False,711.7687523426217,False,False,False,False
2023-11-28 16:00:00+00:00,95.76,95.76,95.76,95.76,0.0,,,,,,,,,,,,,,,,,,,,,,,,,#000000,,,,83.63770318343485,36.28055622781217,False,False,True,False,False,,,,0.0,0.0,0.0,0.0,,,False,False,False,False,,,False,False,False,False,3958.0,1441.815140731782,False,False,False,False,700.7335778876974,False,False,False,False
2023-11-28 20:00:00+00:00,95.76,95.76,95.67,95.67,39.0,,,,,,,,,,,,,,,,,,,,,,,,,#000000,,,,81.04783330274816,33.86950208685343,False,False,True,False,False,,,,0.0,0.0,0.0,0.0,,,False,False,False,False,,,False,False,False,False,3919.0,1480.2211075421421,False,False,False,False,690.474142571609,False,False,False,False
2023-11-29 16:00:00+00:00,96.67,96.7,96.36,96.47,36.0,,,,,,,,,,,,,,,,,,,,,,,,,#000000,,,,82.60412854832401,33.86950208685343,False,False,True,False,True,,,,0.0,0.0,0.0,0.0,,,False,False,False,False,,,False,False,False,False,3955.0,1518.5897725414886,False,False,False,False,680.3272566402662,False,False,False,False
2023-11-29 20:00:00+00:00,96.47,96.5,96.32,96.37,49.0,,,,,,,,,,,,,,,,,,,,,,,,,#000000,,,,82.09086135482193,33.86950208685343,False,False,True,False,True,,,,0.0,0.0,0.0,0.0,,,False,False,False,False,,,False,False,False,False,3906.0,1555.603884595109,False,False,False,False,670.5392371574715,False,False,False,False
2023-11-30 16:00:00+00:00,96.37,96.37,96.37,96.37,0.0,,,,,,,,,,,,,,,,,,,,,,,,,#000000,,,,81.74868322582053,33.86950208685343,False,False,True,False,True,,,,0.0,0.0,0.0,0.0,,,False,False,False,False,,,False,False,False,False,3906.0,1592.0441344463477,False,False,False,False,660.1432799922393,False,False,False,False
2023-11-30 20:00:00+00:00,96.37,96.62,96.37,96.535,200.0,,,,,,,,,,,,,,,,,,,,,,,,,#000000,,,,82.16314824079376,33.86950208685343,False,False,True,False,True,,,,0.0,0.0,0.0,0.0,,,False,False,False,False,,,False,False,False,False,4106.0,1631.020194377412,False,False,False,False,653.0092756512743,False,False,False,False
2023-12-01 16:00:00+00:00,96.84,97.835,96.77,97.835,2731.0,,,,,,,,,,,,,,,,,,,,,,,,,#000000,,,,85.12862889270752,32.192635616101555,False,False,True,False,True,,,,0.0,0.0,0.0,0.0,,,False,False,False,False,,,False,False,False,False,6837.0,1711.733059580863,False,False,False,False,685.2261861062933,False,False,False,False
2023-12-01 20:00:00+00:00,97.835,97.93,97.835,97.93,42.0,,,,,,,,,,,,,,,,,,,,,,,,,#000000,,,,87.21746790233283,34.12104845294809,True,False,True,False,True,,,,0.0,0.0,0.0,0.0,,,False,False,False,False,,,False,False,False,False,6879.0,1791.8457253237955,False,False,False,False,675.2536870968934,False,False,False,False
2023-12-04 16:00:00+00:00,97.93,97.93,97.07,97.2,1600.0,,,,,,,,,,,,,,,,,,,,,,,,,#000000,,,,81.14687050887144,34.82916567020534,False,True,True,False,False,,,,0.0,0.0,0.0,0.0,,,False,False,False,False,,,False,False,False,False,5279.0,1845.9101326831164,False,False,False,False,689.5908392349261,False,False,False,False
2023-12-04 20:00:00+00:00,97.2,97.31,97.2,97.31,225.0,,,,,,,,,,,,,,,,,,,,,,,,,#000000,,,,77.51174459038563,31.78522099276222,False,True,True,False,False,,,,0.0,0.0,0.0,0.0,,,False,False,False,False,,,False,False,False,False,5504.0,1902.6247042694247,False,False,False,False,682.3878804870977,False,False,False,False
2023-12-05 16:00:00+00:00,97.32,97.43,97.02,97.26,245.0,,,,,,,,,,,,,,,,,,,,,,,,,#000000,,,,74.62047536932516,29.390495631980045,False,True,True,False,False,,,,0.0,0.0,0.0,0.0,,,False,False,False,False,,,False,False,False,False,5259.0,1954.6615305598211,False,False,False,False,675.6066730376854,False,False,False,False
2023-12-05 20:00:00+00:00,97.26,97.31,97.19,97.2,140.0,,,,,,,,,,,,,,,,,,,,,,,,,#000000,,,,72.09024168528255,27.240272576413616,False,True,True,False,False,,,,0.0,0.0,0.0,0.0,,,False,False,False,False,,,False,False,False,False,5119.0,2003.7210417139322,False,False,False,False,667.3026936107444,False,False,False,False
2023-12-06 16:00:00+00:00,98.05,98.08,97.52,97.64,1300.0,,,,,,,,,,,,,,,,,,,,,,,,,#000000,,,,72.36082070476081,27.240272576413616,False,True,True,False,False,,,,0.0,0.0,0.0,0.0,,,False,False,False,False,,,False,False,False,False,6419.0,2072.1749790517006,False,False,False,False,677.1119541749189,False,False,False,False
2023-12-06 20:00:00+00:00,97.64,97.66,97.38,97.425,618.0,,,,,,,,,,,,,,,,,,,,,,,,,#000000,,,,70.37415278522731,25.619670782310223,False,True,True,False,False,,,,0.0,0.0,0.0,0.0,,,False,False,False,False,,,False,False,False,False,5801.0,2129.986219686558,False,False,False,False,676.1954897691062,False,False,False,False
2023-12-07 16:00:00+00:00,98.12,98.27,97.84,98.16,451.0,,,,,,,,,,,,,,,,,,,,,,,,,#000000,,,,71.9098982488074,25.619670782310223,False,True,True,False,False,20.0,94.0094,,0.0,0.0,0.0,0.0,,,False,False,False,False,,,False,False,False,False,6252.0,2193.8934100790143,False,False,False,False,672.7040868269495,False,False,False,False
2023-12-07 20:00:00+00:00,98.15,98.31,98.14,98.24,101.0,,,,,,,,,,,,,,,,,,,,,,,,,#000000,,,,73.18660699986972,25.619670782310223,False,True,True,False,True,20.0,94.23219999999999,,0.0,0.0,0.0,0.0,,,False,False,False,False,,,False,False,False,False,6353.0,2258.3756827909674,False,False,False,False,663.8404575738184,False,False,False,False
2023-12-08 16:00:00+00:00,99.165,99.18,98.8,98.92,89.0,,,,,,,,,,,,,,,,,,,,,,,,,#000000,,,,75.85549323447229,20.753972132957117,False,True,True,False,True,20.0,94.4304,,0.0,0.0,0.0,0.0,,,False,False,False,False,,,False,False,False,False,6442.0,2323.238075305836,False,False,False,False,654.9282024176351,False,False,False,False
2023-12-08 20:00:00+00:00,98.92,98.94,98.87,98.89,34.0,,,,,,,,,,,,,,,,,,,,,,,,,#000000,,,,77.33613712840929,22.293061235399662,False,True,True,False,True,20.0,94.61140000000002,,0.0,0.0,0.0,0.0,,,False,False,False,False,,,False,False,False,False,6408.0,2386.5677175491564,False,False,False,False,645.3014085817027,False,False,False,False
2023-12-11 16:00:00+00:00,99.38,99.59,99.28,99.49,29.0,,,,,,,,,,,,,,,,,,,,,,,,,#000000,,,,79.62938196076642,24.59610955368501,False,True,True,False,True,20.0,94.81060000000001,,0.0,0.0,0.0,0.0,,,False,False,False,False,,,False,False,False,False,6437.0,2449.3651172770765,False,False,False,False,635.7463479835368,False,False,False,False
2023-12-11 20:00:00+00:00,99.49,99.63,99.45,99.63,72.0,,,,,,,,,,,,,,,,,,,,,,,,,#000000,,,,81.41925893212601,26.414603955185967,False,True,True,False,True,20.0,95.01,,0.0,0.0,0.0,0.0,,,False,False,False,False,,,False,False,False,False,6509.0,2512.305192978207,False,False,False,False,627.0060945264277,False,False,False,False
2023-12-12 16:00:00+00:00,98.95,99.085,98.71,99.085,343.0,,,,,,,,,,,,,,,,,,,,,,,,,#000000,,,,77.5549749261502,26.414603955185967,False,True,True,False,False,20.0,95.2051,,0.0,0.0,0.0,0.0,,,False,False,False,False,,,False,False,False,False,6166.0,2568.9516240948237,False,False,False,False,622.6028992624521,False,False,False,False
2023-12-12 20:00:00+00:00,99.085,99.235,99.07,99.19,61.0,,,,,,,,,,,,,,,,,,,,,,,,,#000000,,,,75.35342348444632,30.64673068044638,False,True,True,False,False,20.0,95.4041,,0.0,0.0,0.0,0.0,,,False,False,False,False,,,False,False,False,False,6227.0,2625.665552403431,False,False,False,False,613.8958775684606,False,False,False,False
2023-12-13 16:00:00+00:00,98.86,100.41,98.45,100.41,728.0,,,,,,,,,,,,,,,,,,,,,,,,,#000000,,,,77.05653709653348,30.64673068044638,False,True,True,False,False,20.0,95.6333,,0.0,0.0,0.0,0.0,,,False,False,False,False,,,False,False,False,False,6955.0,2692.7870167072538,False,False,False,False,615.6649337301899,False,False,False,False
2023-12-13 20:00:00+00:00,100.45,100.7,100.26,100.7,637.0,,,,,,,,,,,,,,,,,,,,,,,,,#000000,,,,78.7163033367236,30.64673068044638,False,True,True,False,True,20.0,95.8663,,0.0,0.0,0.0,0.0,,,False,False,False,False,,,False,False,False,False,7592.0,2768.743807145901,False,False,False,False,615.9957099514272,False,False,False,False
2023-12-14 16:00:00+00:00,102.575,103.18,102.575,103.14,411.0,,,,,,,,,,,,,,,,,,,,,,,,,#000000,,,,82.4126798182466,26.965857410805796,False,False,True,False,True,20.0,96.1401,,0.0,0.0,0.0,0.0,,,False,False,False,False,,,False,False,False,False,8003.0,2849.8950659498405,False,False,False,False,612.8174818901648,False,False,False,False
2023-12-14 20:00:00+00:00,103.14,103.14,103.005,103.11,391.0,,,,,,,,,,,,,,,,,,,,,,,,,#000000,,,,84.69891178871907,29.150509140756895,False,False,True,False,True,20.0,96.4129,,0.0,0.0,0.0,0.0,,,False,False,False,False,,,False,False,False,False,7612.0,2923.72615019868,False,False,False,False,609.3784511631854,False,False,False,False
2023-12-15 16:00:00+00:00,102.87,102.87,102.42,102.42,20.0,,,,,,,,,,,,,,,,,,,,,,,,,#000000,,,,82.25482610874928,29.150509140756895,False,False,True,False,True,20.0,96.65090000000001,,0.0,0.0,0.0,0.0,,,False,False,False,False,,,False,False,False,False,7592.0,2996.1024889552896,False,False,False,False,600.2408007575547,False,False,False,False
2023-12-15 20:00:00+00:00,102.42,102.44,102.36,102.44,54.0,,,,,,,,,,,,,,,,,,,,,,,,,#000000,,,,80.65810071654052,29.150509140756895,False,True,True,False,False,20.0,96.8873,,0.0,0.0,0.0,0.0,,,False,False,False,False,,,False,False,False,False,7646.0,3068.1939232350524,False,False,False,False,591.7719511334066,False,False,False,False
2023-12-18 16:00:00+00:00,102.03,102.63,102.02,102.55,149.0,,,,,,,,,,,,,,,,,,,,,,,,,#000000,,,,79.78960655486087,29.150509140756895,False,True,True,False,False,20.0,97.1259,,0.0,0.0,0.0,0.0,,,False,False,False,False,,,False,False,False,False,7795.0,3141.4777383786945,False,False,False,False,584.9072697204856,False,False,False,False
2023-12-18 20:00:00+00:00,102.55,102.55,102.42,102.54,564.0,,,,,,,,,,,,,,,,,,,,,,,,,#000000,,,,79.14137024335325,34.37614252008039,False,True,True,False,False,20.0,97.3643,,0.0,0.0,0.0,0.0,,,False,False,False,False,,,False,False,False,False,7231.0,3204.8811842953037,False,False,False,False,584.5831260038889,False,False,False,False
2023-12-19 16:00:00+00:00,103.52,103.52,103.52,103.52,0.0,,,,,,,,,,,,,,,,,,,,,,,,,#000000,,,,80.38449484171454,34.37614252008039,False,True,True,False,False,20.0,97.5589,,0.0,0.0,0.0,0.0,,,False,False,False,False,,,False,False,False,False,7231.0,3267.301631050415,False,False,False,False,575.5198217247588,False,False,False,False
2023-12-19 20:00:00+00:00,103.52,103.52,103.52,103.52,0.0,,,,,,,,,,,,,,,,,,,,,,,,,#000000,,,,81.21324457395541,34.37614252008039,False,False,True,False,False,20.0,97.7535,,0.0,0.0,0.0,0.0,,,False,False,False,False,,,False,False,False,False,7231.0,3328.7543189411062,False,False,False,False,566.5970337910416,False,False,False,False
2023-12-20 16:00:00+00:00,103.9,104.05,102.975,102.975,84.0,,,,,,,,,,,,,,,,,,,,,,,,,#000000,,103.33333333333333,,77.96246533907032,32.64376905192002,False,True,True,False,False,20.0,97.9264,,0.0,0.0,0.0,0.0,,,False,False,False,False,,,False,False,False,False,7147.0,3387.9519263993834,False,False,False,False,559.1149092361417,False,False,False,False
2023-12-20 20:00:00+00:00,102.975,102.975,102.32,102.41,26.0,,,,,,,,,,,,,,,,,,,,,,,,,#000000,,103.15251515151515,,72.49951539732143,27.515534997168515,False,True,True,False,False,20.0,98.0916,,0.0,0.0,0.0,0.0,,,False,False,False,False,,,False,False,False,False,7121.0,3445.8286407187725,False,False,False,False,550.849561806124,False,False,False,False
2023-12-21 16:00:00+00:00,103.37,103.52,103.27,103.52,108.0,,,,,,,,,,,,,,,,,,,,,,,,,#000000,,103.2932874617737,,71.8571798589779,26.95101039634379,False,True,True,False,False,20.0,98.2782,,0.0,0.0,0.0,0.0,,,False,False,False,False,,,False,False,False,False,7229.0,3504.4824602425124,False,False,False,False,543.9836771269593,False,False,False,False
2023-12-21 20:00:00+00:00,103.52,103.78,103.52,103.77,132.0,,,,,,,,,,,,,,,,,,,,,,,,,#000000,,103.44290476190477,,71.9784043901671,26.930403159169316,False,True,True,False,False,20.0,98.4694,,0.0,0.0,0.0,0.0,,,False,False,False,False,,,False,False,False,False,7361.0,3564.2734298511555,False,False,False,False,537.5963332955336,False,False,False,False
2023-12-22 16:00:00+00:00,103.84,104.0,103.75,104.0,241.0,,,,,,,,,,,,,,,,,,,,,,,,,#000000,,103.6360970107163,,72.56662918314322,26.930403159169316,False,True,True,False,False,20.0,98.64869999999999,,0.0,0.0,0.0,0.0,,,False,False,False,False,,,False,False,False,False,7602.0,3626.8738417914474,False,False,False,False,532.9979405312616,False,False,False,False
2023-12-22 20:00:00+00:00,104.0,104.0,104.0,104.0,0.0,,,,,,,,,,,,,,,,,,,,,,,,,#000000,,103.6360970107163,,72.9587790451273,26.930403159169316,False,True,True,False,False,20.0,98.82609999999998,,0.0,0.0,0.0,0.0,,,False,False,False,False,,,False,False,False,False,7602.0,3688.5037047094092,False,False,False,False,524.7344065695366,False,False,False,False
2023-12-25 16:00:00+00:00,104.0,104.0,104.0,104.0,0.0,,,,,,,,,,,,,,,,,,,,,,,,,#000000,,103.6360970107163,,73.22021228645002,26.930403159169316,False,True,True,False,False,20.0,98.99549999999999,,0.0,0.0,0.0,0.0,,,False,False,False,False,,,False,False,False,False,7602.0,3749.178065876705,False,False,False,False,516.5989894134198,False,False,False,False
2023-12-25 20:00:00+00:00,104.0,104.0,104.0,104.0,0.0,,,,,,,,,,,,,,,,,,,,,,,,,#000000,4.668784593079507,103.6360970107163,0.07794383785088552,73.3945011139985,26.930403159169316,False,True,True,False,False,20.0,99.1629,,0.0,0.0,0.0,0.0,,,False,False,False,False,,,False,False,False,False,7602.0,3808.9117392739654,False,False,False,False,508.5897027558473,False,False,False,False
2023-12-26 16:00:00+00:00,104.23,104.5,104.23,104.5,10.0,,,,,,,,,,,,,,,,,,,,,,,,,#000000,4.621105677723102,103.648973932335,0.18416070244130808,74.91315398959097,26.930403159169316,False,True,True,False,True,20.0,99.34029999999998,,0.0,0.0,0.0,0.0,,,False,False,False,False,,,False,False,False,False,7612.0,3867.874347967392,False,False,False,False,500.85962984490396,False,False,False,False
2023-12-26 20:00:00+00:00,104.5,104.62,104.5,104.62,3.0,,,,,,,,,,,,,,,,,,,,,,,,,#000000,4.6143935357425585,103.65359823399558,0.2094320214604124,76.23038972314964,26.930403159169316,False,True,True,False,True,20.0,99.5201,,0.0,0.0,0.0,0.0,,,False,False,False,False,,,False,False,False,False,7615.0,3925.969319316735,False,False,False,False,493.1408758938202,False,False,False,False
2023-12-27 16:00:00+00:00,104.97,105.01,104.86,104.86,200.0,,,,,,,,,,,,,,,,,,,,,,,,,#000000,4.622474189287664,103.966135986733,0.19337350013516308,77.70980523248028,24.45939457776977,False,True,True,False,True,20.0,99.70909999999999,,0.0,0.0,0.0,0.0,,,False,False,False,False,,,False,False,False,False,7815.0,3986.2643686296537,False,False,False,False,488.5960561125206,False,False,False,False
2023-12-27 20:00:00+00:00,104.86,105.11,104.86,105.11,50.0,,,,,,,,,,,,,,,,,,,,,,,,,#000000,4.6201901944002755,104.02822794691646,0.23414015604696548,79.28195295572824,26.05855168027948,False,False,True,False,True,20.0,99.90109999999999,,0.0,0.0,0.0,0.0,,,False,False,False,False,,,False,False,False,False,7865.0,4046.3998047749305,False,False,False,False,481.7961172580629,False,False,False,False
2023-12-28 16:00:00+00:00,105.37,105.37,105.03,105.11,109.0,,,,,,,,,,,,,,,,,,,,,,,,,#000000,4.6115056607858005,104.66373139494634,0.09677286289563314,80.33005143789354,27.148062367973722,True,False,True,False,True,20.0,100.0931,,0.0,0.0,0.0,0.0,,,False,False,False,False,,,False,False,False,False,7865.0,4105.60290857687,False,False,False,False,476.016332494372,False,False,False,False
2023-12-28 20:00:00+00:00,105.11,105.15,105.105,105.15,103.0,,,,,,,,,,,,,,,,,,,,,,,,,#000000,4.586148776871901,104.70245527127803,0.09758617753069028,81.13468610510719,28.02601694280132,True,False,True,False,True,20.0,100.2859,,0.0,0.0,0.0,0.0,,,False,False,False,False,,,False,False,False,False,7968.0,4165.48503402529,False,False,False,False,470.23313354097087,False,True,False,False
2023-12-29 16:00:00+00:00,105.15,105.15,105.15,105.15,0.0,,,,,,,,,,,,,,,,,,,,,,,,,#000000,4.548395387782776,104.70245527127803,0.09839617943596275,81.67110921658296,28.680069250494682,True,False,True,False,True,20.0,100.47089999999999,,0.0,0.0,0.0,0.0,,,False,False,False,False,,,False,False,False,False,7968.0,4224.438754427998,False,False,False,False,462.9426973620411,False,True,False,False
2023-12-29 20:00:00+00:00,105.15,105.15,105.15,105.15,0.0,,,,,,,,,,,,,,,,,,,,,,,,,#000000,4.492164476584168,104.70245527127803,0.09962785892076048,82.02872462423348,29.196847401602938,True,False,True,False,True,20.0,100.6559,,0.0,0.0,0.0,0.0,,,False,False,False,False,,,False,False,False,False,7968.0,4282.478463661672,False,False,False,False,455.7652912013893,False,True,False,False
2024-01-01 16:00:00+00:00,105.15,105.15,105.15,105.15,0.0,,,,,,,,,,,,,,,,,,,,,,,,,#000000,4.427457333666974,104.70245527127803,0.1010839167932325,82.26713489600048,29.62655589091142,True,False,True,False,True,20.0,100.8433,,0.0,0.0,0.0,0.0,,,False,False,False,False,,,False,False,False,False,7968.0,4339.618332442112,False,False,False,False,448.6991626556313,False,True,False,False
2024-01-01 20:00:00+00:00,105.15,105.15,105.15,105.15,0.0,,,,,,,,,,,,,,,,,,,,,,,,,#000000,4.362850302928785,104.70245527127803,0.10258081246141822,82.4260750771785,29.99765607340173,True,False,True,False,True,20.0,101.03110000000001,,0.0,0.0,0.0,0.0,,,False,False,False,False,,,False,False,False,False,7968.0,4395.872311784095,False,False,False,False,441.7425864904277,False,True,False,False
2024-01-02 16:00:00+00:00,104.04,104.04,103.26,103.26,100.0,,,,,,,,,,,,,,,,,,,,,,,,,#000000,4.256041246286286,104.40937157771472,-0.27005649409944743,65.81244375622646,19.669306731107483,False,True,True,False,False,20.0,101.18109999999999,,0.0,0.0,0.0,0.0,,,False,False,False,False,,,False,False,False,False,7868.0,4449.703748810698,False,False,False,False,436.4442518161575,False,False,False,False
2024-01-02 20:00:00+00:00,103.26,103.29,103.23,103.23,330.0,,,,,,,,,,,,,,,,,,,,,,,,,#000000,4.1689223087287495,103.95121961263264,-0.17299905328592288,54.62037190348475,10.356371686151434,False,True,False,False,False,20.0,101.33229999999999,,0.0,0.0,0.0,0.0,,,False,False,False,False,,,False,False,False,False,7538.0,4497.584310844641,False,False,False,False,434.79395333838755,False,False,False,False
2024-01-03 16:00:00+00:00,100.6,101.22,100.6,101.14,212.0,,,,,,,,,,,,,,,,,,,,,,,,,"rgba(239, 83, 80, 0.5)",4.055301696156141,103.40118023028884,-0.5575861920290976,42.25565711288929,0.20133594029167057,False,True,False,True,False,15.438224616757132,101.42570000000002,,0.0,0.0,0.0,0.0,,,False,False,False,False,,,False,False,False,False,7326.0,4541.435716878056,False,False,False,False,431.33978351918773,False,False,False,False
2024-01-03 20:00:00+00:00,101.14,101.14,100.865,100.91,124.0,,,,,,,,,,,,,,,,,,,,,,,,,"rgba(239, 83, 80, 0.5)",3.932034458391992,103.17111727380092,-0.5750502183354734,33.70011991661896,-6.402280100816874,False,True,False,True,False,14.116266480190571,101.5165,,0.0,0.0,0.0,0.0,,,False,False,False,False,,,False,False,False,False,7202.0,4582.684775531109,False,False,False,False,426.5748256351693,False,False,False,False
2024-01-04 16:00:00+00:00,100.91,101.31,100.91,101.18,220.0,,,,,,,,,,,,,,,,,,,,,,,,,#000000,3.8012290271854368,102.88472479921052,-0.4484667424716442,29.83039191776782,-9.031709759781918,False,True,False,True,False,15.163969750636898,101.61269999999999,,0.0,0.0,0.0,0.0,,,False,False,False,False,,,False,False,False,False,7422.0,4626.705166608146,False,False,False,False,423.37211516020545,False,False,False,False
2024-01-04 20:00:00+00:00,101.18,101.18,101.18,101.18,30.0,,,,,,,,,,,,,,,,,,,,,,,,,#000000,3.7462137317996618,102.85312523858917,-0.44661766742961684,27.25057325186706,-11.00527155446352,False,True,False,True,False,15.163969750636898,101.70559999999999,,0.0,0.0,0.0,0.0,,,False,False,False,False,,,False,False,False,False,7422.0,4670.043071001818,False,False,False,False,417.2733226771015,False,False,False,False
2024-01-05 16:00:00+00:00,100.36,100.88,100.36,100.88,25.0,,,,,,,,,,,,,,,,,,,,,,,,,#000000,3.6862593005146356,102.11569146267489,-0.3352155564591941,24.905636245806832,-13.197476670084235,False,True,False,True,False,13.403963942239969,101.7665,,0.0,0.0,0.0,0.0,,,False,False,False,False,,,False,False,False,False,7397.0,4712.32147300179,False,False,False,False,411.1915657363712,False,False,False,False
2024-01-05 20:00:00+00:00,100.88,100.88,100.77,100.77,100.0,,,,,,,,,,,,,,,,,,,,,,,,,#000000,3.633933499071728,102.06526707651774,-0.3564366482899635,23.114377031835197,-15.187737036141776,False,True,False,True,False,12.762993710349402,101.8233,,0.0,0.0,0.0,0.0,,,False,False,False,False,,,False,False,False,False,7297.0,4752.394008304088,False,False,False,False,406.366890298598,False,False,False,False
2024-01-08 16:00:00+00:00,101.41,101.915,101.36,101.915,21.0,,,,,,,,,,,,,,,,,,,,,,,,,#000000,3.5812031019836996,102.10308848358646,-0.052521032242563666,29.53113516009627,-15.187737036141776,False,True,False,True,True,17.21321284316567,101.91760000000001,,0.0,0.0,0.0,0.0,,,False,False,False,False,,,False,False,False,False,7318.0,4792.170845384644,False,False,False,False,400.39220982885223,False,False,False,False
2024-01-08 20:00:00+00:00,101.915,101.95,101.885,101.95,7.0,,,,,,,,,,,,,,,,,,,,,,,,,#000000,3.5257568633499776,102.11654302329407,-0.047236105536735164,33.99462633261398,-15.187737036141776,False,True,False,True,True,17.341809652109095,102.0104,,0.0,0.0,0.0,0.0,,,False,False,False,False,,,False,False,False,False,7325.0,4831.439514448448,False,False,False,False,394.29310580049787,False,False,False,False
2024-01-09 16:00:00+00:00,101.16,101.725,101.16,101.6,716.0,,,,,,,,,,,,,,,,,,,,,,,,,#000000,3.4644722281784603,102.03880608039789,-0.12665885349833214,35.56740663020991,-25.874423087608747,False,True,False,True,True,15.291486248868182,102.09719999999999,,0.0,0.0,0.0,0.0,,,False,False,False,False,,,False,False,False,False,6609.0,4858.998591743821,False,False,False,False,399.28080958653663,False,False,False,False
2024-01-09 20:00:00+00:00,101.6,101.65,101.6,101.64,420.0,,,,,,,,,,,,,,,,,,,,,,,,,#000000,3.417635428028994,101.99688628807633,-0.10442491470839738,36.87026810079225,-24.046587813572497,False,True,False,True,True,15.445692874931797,102.186,,0.0,0.0,0.0,0.0,,,False,False,False,False,,,False,False,False,False,7029.0,4892.642024429963,False,False,False,False,399.6020373448849,False,False,False,False
2024-01-10 16:00:00+00:00,101.64,101.805,101.545,101.805,130.0,,,,,,,,,,,,,,,,,,,,,,,,,#000000,3.370750762471575,101.989809594451,-0.054827427915639285,38.84078452232351,-21.500465563409275,False,True,False,True,True,16.086138321378293,102.2693,,0.0,0.0,0.0,0.0,,,False,False,False,False,,,False,False,False,False,7159.0,4927.779357384537,False,False,False,False,395.4221607969022,False,False,False,False
2024-01-10 20:00:00+00:00,101.805,101.805,101.75,101.75,1.0,,,,,,,,,,,,,,,,,,,,,,,,,#000000,3.3286530809523134,101.98977729720184,-0.07203433081504573,39.868231567304974,-19.79372548917219,False,True,False,True,True,15.75417641083597,102.3558,,0.0,0.0,0.0,0.0,,,False,False,False,False,,,False,False,False,False,7158.0,4962.356421611134,False,False,False,False,389.3070885364851,False,False,False,False
2024-01-11 16:00:00+00:00,102.07,102.07,102.07,102.07,0.0,,,,,,,,,,,,,,,,,,,,,,,,,#000000,3.2878241798852064,101.98977729720184,0.02439993698232184,42.8011773795172,-16.332848437198507,False,True,False,True,True,17.008929586541612,102.434,,0.0,0.0,0.0,0.0,,,False,False,False,False,,,False,False,False,False,7158.0,4996.397407322589,False,False,False,False,383.27131972196594,False,False,False,False
2024-01-11 20:00:00+00:00,102.07,102.07,101.46,101.46,300.0,,,,,,,,,,,,,,,,,,,,,,,,,#000000,3.2410315230391262,101.84541084125017,-0.1189161038732435,41.52213332448541,-16.332848437198507,False,True,False,True,True,13.368506510495518,102.4984,,0.0,0.0,0.0,0.0,,,False,False,False,False,,,False,False,False,False,6858.0,5025.259463023014,False,False,False,False,381.9802915092223,False,False,False,False
2024-01-12 16:00:00+00:00,101.49,101.58,101.46,101.46,56.0,,,,,,,,,,,,,,,,,,,,,,,,,#000000,3.191635094520763,101.8306004219407,-0.1161161633348799,40.66943728779755,-16.332848437198507,False,True,False,True,True,13.368506510495518,102.5492,,0.0,0.0,0.0,0.0,,,False,False,False,False,,,False,False,False,False,6858.0,5053.67404499165,False,False,False,False,376.92633350132735,False,False,False,False
2024-01-12 20:00:00+00:00,101.46,101.54,101.46,101.54,13.0,,,,,,,,,,,,,,,,,,,,,,,,,#000000,3.1349044383900795,101.82785770091378,-0.09182343722783592,40.75269490048825,-16.332848437198507,False,True,False,True,True,13.699708108455901,102.6022,,0.0,0.0,0.0,0.0,,,False,False,False,False,,,False,False,False,False,6871.0,5081.849641193329,False,False,False,False,371.28406476487265,False,False,False,False
2024-01-15 16:00:00+00:00,101.54,101.54,101.54,101.54,0.0,,,,,,,,,,,,,,,,,,,,,,,,,#000000,3.0772567372624287,101.82785770091378,-0.09354360896447594,40.80819997561538,-15.678702131010432,False,True,False,True,True,13.699708108455901,102.6432,,0.0,0.0,0.0,0.0,,,False,False,False,False,,,False,False,False,False,6871.0,5109.588406446145,False,False,False,False,365.5277226754948,False,False,False,False
2024-01-15 20:00:00+00:00,101.54,101.54,101.54,101.54,0.0,,,,,,,,,,,,,,,,,,,,,,,,,#000000,3.0163370483401164,101.82785770091378,-0.09543286983534655,40.845203359033476,-14.914048748412135,False,True,False,True,True,13.699708108455901,102.6814,,0.0,0.0,0.0,0.0,,,False,False,False,False,,,False,False,False,False,6871.0,5136.897113322949,False,False,False,False,359.8606261999057,False,False,False,False
2024-01-16 16:00:00+00:00,100.23,100.23,99.655,99.66,20.0,,,,,,,,,,,,,,,,,,,,,,,,,"rgba(239, 83, 80, 0.5)",2.954617016080373,101.7820535075615,-0.71821609907894,33.81358240087461,-10.42006947963705,False,True,False,True,False,3.206203226480163,102.6929,,0.0,0.0,0.0,0.0,,,False,False,False,False,,,False,False,False,False,6851.0,5163.472351876081,False,False,False,False,354.59146920455834,False,False,False,False
2024-01-16 20:00:00+00:00,99.765,99.86,99.65,99.86,7.0,,,,,,,,,,,,,,,,,,,,,,,,,"rgba(239, 83, 80, 0.5)",2.8989468699779453,101.76642706117465,-0.6576274580669212,30.685485741352124,-13.461468950279475,False,True,False,True,False,4.116513656500075,102.70630000000001,,0.0,0.0,0.0,0.0,,,False,False,False,False,,,False,False,False,False,6858.0,5189.744098358623,False,False,False,False,349.20245417813106,False,False,False,False
2024-01-17 16:00:00+00:00,98.49,98.67,98.33,98.67,8.0,,,,,,,,,,,,,,,,,,98.55666666666667,,98.55666666666667,,,,98.55666666666667,"rgba(239, 83, 80, 0.5)",2.8509727943061547,101.20703878896067,-0.8898853030192154,26.314159525843845,-17.574298155688417,False,True,False,True,False,0.0,102.6715,,1.0,98.67,98.33,0.0,,,False,False,False,False,,,False,False,False,False,6850.0,5215.484499934459,False,False,False,False,343.9124936482375,False,False,True,False
2024-01-17 20:00:00+00:00,98.67,98.815,98.43,98.815,108.0,,,,,,,,,,,,,,,,,,98.67770114942529,,98.67770114942529,,,,98.67770114942529,"rgba(239, 83, 80, 0.5)",2.7970806177123224,100.97172423757165,-0.7710625943043409,24.41807408494048,-19.359798658776587,False,True,False,True,False,0.0,102.63380000000001,,0.0,0.0,0.0,0.0,,,False,False,False,False,,,False,False,False,False,6958.0,5242.500244121521,False,False,False,False,340.25493560717956,False,False,False,False
2024-01-18 16:00:00+00:00,99.105,99.365,98.705,99.29,12.0,,,,,,,,,,,,,,,,,,98.71916666666667,,98.71916666666667,,,,98.71916666666667,"rgba(239, 83, 80, 0.5)",2.7362673036011524,100.95974866112424,-0.6102286347999353,26.33302048925027,-19.359798658776587,False,True,False,True,False,1.3055657576124773,102.55680000000001,,0.0,0.0,0.0,0.0,,,False,False,False,False,,,False,False,False,False,6970.0,5269.283186073125,False,False,False,False,335.16571179931634,False,False,False,False
2024-01-18 20:00:00+00:00,99.29,99.485,99.29,99.485,3.0,,,,,,,,,,,,,,,,,,98.73521628498727,,98.73521628498727,,,,98.73521628498727,#000000,2.6715193183782953,100.95853558005182,-0.5515721222432722,28.833526423061357,-19.359798658776587,False,True,False,True,True,2.178153765097804,102.4843,,0.0,0.0,0.0,0.0,,,False,False,False,False,,,False,False,False,False,6973.0,5295.697400242534,False,False,False,False,330.0158558024277,False,False,False,False
2024-01-19 16:00:00+00:00,98.77,99.92,98.77,99.885,151.0,,,,,,,,,,,,,,,,,,99.1581146572104,,99.1581146572104,,,,99.1581146572104,#000000,2.598545821683225,100.87769066015606,-0.38201776234718676,32.8868505621686,-23.51928593071368,False,True,False,True,True,3.9393313317149783,102.43360000000001,,0.0,0.0,0.0,0.0,,,False,False,False,False,,,False,False,False,False,7124.0,5324.04317698296,False,False,False,False,327.2404161775838,False,False,False,False
2024-01-19 20:00:00+00:00,99.885,99.92,99.82,99.92,16.0,,,,,,,,,,,,,,,,,,99.19723154362417,,99.19723154362417,,,,99.19723154362417,#000000,2.5439787646430765,100.87472217452142,-0.3752870062401525,35.79634632747529,-20.747809147412333,False,True,False,True,True,4.092445698679246,102.3832,,0.0,0.0,0.0,0.0,,,False,False,False,False,,,False,False,False,False,7140.0,5352.197546332061,False,False,False,False,322.414983368629,False,False,False,False
2024-01-22 16:00:00+00:00,100.665,100.665,100.665,100.665,0.0,,,,,,,,,,,,,,,,,,99.19723154362417,,99.19723154362417,,,,99.19723154362417,#000000,2.4807112500866086,100.87472217452142,-0.08454114702551338,41.657648329907616,-15.29920327471116,False,False,False,True,True,7.2625785764783295,102.34549999999999,,0.0,0.0,0.0,0.0,,,False,False,False,False,,,False,False,False,False,7140.0,5379.9154138307895,False,False,False,False,317.41630145593706,False,False,False,False
2024-01-22 20:00:00+00:00,100.665,100.665,100.19,100.36,109.0,,,,,,,,,,,,,,,,,,99.52068796068798,,99.52068796068798,,,,99.52068796068798,#000000,2.4158232737702585,100.90312946938543,-0.22482168926942994,44.05405401071248,-13.128289620829968,False,False,False,True,True,5.7543458693207015,102.30189999999999,,0.0,0.0,0.0,0.0,,,False,False,False,False,,,False,False,False,False,7031.0,5405.513624469072,False,False,False,False,314.18504096824813,False,False,False,False
2024-01-23 16:00:00+00:00,100.03,100.05,99.71,100.05,205.0,,,,,,,,,,,,,,,,,,99.66002723311549,,99.66002723311549,,,,99.66002723311549,#000000,2.3547101215981376,100.83868865958588,-0.3349408712145872,44.21046370830811,-12.844542044963347,False,False,False,True,True,4.247436826542138,102.2325,,0.0,0.0,0.0,0.0,,,False,False,False,False,,,False,False,False,False,6826.0,5427.536669050946,False,False,False,False,312.49224963540706,False,False,False,False
2024-01-23 20:00:00+00:00,100.05,100.38,100.05,100.25,7.0,,,,,,,,,,,,,,,,,,99.66643511039312,,99.66643511039312,,,,99.66643511039312,#000000,2.3217937788165663,100.83811764039176,-0.2533031338776027,45.43102527098117,-11.382340166333307,False,False,False,True,True,5.106060544712726,102.16709999999999,,0.0,0.0,0.0,0.0,,,False,False,False,False,,,False,False,False,False,6833.0,5449.326798212947,False,False,False,False,307.75593568757125,False,False,False,False
2024-01-24 16:00:00+00:00,100.98,100.98,100.92,100.92,100.0,,,,,,,,,,,,,,,,,,99.84356513676404,,99.84356513676404,,,,99.84356513676404,#000000,2.286512713147982,100.87703782716632,0.01878938725625277,49.465140245852666,-7.324452269243913,True,False,False,False,True,7.8900423913651885,102.126,,0.0,0.0,0.0,0.0,,,False,False,False,False,,,False,False,False,False,6933.0,5472.3294835119705,False,False,False,False,304.5349134288492,False,False,False,False
2024-01-24 20:00:00+00:00,100.92,100.92,100.31,100.31,9.0,,,,,,,,,,,,,,,,,,99.85184523809525,,99.85184523809525,,,,99.85184523809525,#000000,2.2359102888577125,100.87743831621555,-0.25378402659680854,49.09482350788732,-7.324452269243913,True,False,False,False,True,4.932183096745302,102.08400000000002,,0.0,0.0,0.0,0.0,,,False,False,False,False,,,False,False,False,False,6924.0,5494.836003147444,False,False,False,False,299.9529767865415,False,False,False,False
2024-01-25 16:00:00+00:00,100.76,100.76,100.4,100.52,109.0,,,,,,,,,,,,,,,,,,99.94406610911989,,99.94406610911989,,,,99.94406610911989,#000000,2.1847921190821706,100.88325435175028,-0.1662649496844982,49.84979131888994,-6.344087561460185,True,False,False,False,True,5.7996379865664025,102.024,,0.0,0.0,0.0,0.0,,,False,False,False,False,,,False,False,False,False,7033.0,5518.683506974616,False,False,False,False,296.9924655185331,False,False,False,False
2024-01-25 20:00:00+00:00,100.52,100.68,100.52,100.68,132.0,,,,,,,,,,,,,,,,,,100.03705194358447,,100.03705194358447,,,,100.03705194358447,#000000,2.1292141827528757,100.89073775542289,-0.09897442780999093,51.12342930108296,-4.728652182131874,True,False,False,False,True,6.459345112116683,101.96220000000001,,0.0,0.0,0.0,0.0,,,False,False,False,False,,,False,False,False,False,7165.0,5544.207793688187,False,False,False,False,294.4344427973155,False,False,False,False
2024-01-26 16:00:00+00:00,100.68,101.2,100.68,101.18,3.0,,,,,,,,,,,,,,,,,,100.04008573388205,,100.04008573388205,,,,100.04008573388205,#000000,2.0670965471247578,100.89150644576448,0.13956462490192414,54.182833845590835,-1.5223544985796025,True,False,True,False,True,8.481476431240107,101.90580000000001,,0.0,0.0,0.0,0.0,,,False,False,False,False,,,False,False,False,False,7168.0,5569.382866654261,False,False,False,False,289.91607934309354,False,False,False,False
2024-01-26 20:00:00+00:00,101.18,101.18,101.14,101.14,500.0,,,,,,,,,,,,,,,,,,100.41822690217391,,100.41822690217391,,,,100.41822690217391,#000000,2.014413564541544,101.00230249684591,0.06835612387539937,55.9668073129145,0.40544076476692226,True,False,True,False,True,8.28090436435771,101.8486,,0.0,0.0,0.0,0.0,,,False,False,False,False,,,False,False,False,False,6668.0,5586.415690427063,False,False,False,False,293.17319439203783,False,False,False,False
2024-01-29 16:00:00+00:00,101.14,101.14,101.0,101.13,104.0,,,,,,,,,,,,,,,,,,100.46255710659898,,100.46255710659898,,,,100.46255710659898,#000000,1.952989111200682,101.01412261524494,0.059333349116222955,57.08539446373363,1.7266698118846762,True,False,True,False,True,8.22989221837684,101.7912,,0.0,0.0,0.0,0.0,,,False,False,False,False,,,False,False,False,False,6564.0,5601.572036311914,False,False,False,False,290.2402766495256,False,False,False,False
2024-01-29 20:00:00+00:00,101.13,101.765,101.13,101.765,211.0,,,,,,,,,,,,,,,,,,100.59135049431076,,100.59135049431076,,,,100.59135049431076,#000000,1.9076271686087864,101.06837610453844,0.36517822084154794,60.582785133545,5.218361214419986,True,False,True,False,True,10.77880058665118,101.74650000000001,,0.0,0.0,0.0,0.0,,,False,False,False,False,,,False,False,False,False,6775.0,5619.764717919482,False,False,False,False,289.0117452286027,False,False,False,False
2024-01-30 16:00:00+00:00,101.765,101.765,101.52,101.52,1.0,,,,,,,,,,,,,,,,,,100.59191554809841,,100.59191554809841,,,,100.59191554809841,#000000,1.8623431066392697,101.06862397722149,0.2423699592031912,61.09079280819841,5.886497547316374,True,False,True,False,True,9.508695005146802,101.68690000000001,,0.0,0.0,0.0,0.0,,,False,False,False,False,,,False,False,False,False,6774.0,5637.659838571893,False,False,False,False,284.54644685296546,False,False,False,False
2024-01-30 20:00:00+00:00,101.52,101.73,101.52,101.72,102.0,,,,,,,,,,,,,,,,,,100.6493783068783,,100.6493783068783,,,,100.6493783068783,#000000,1.8310695072936198,101.0946347079212,0.3415300673119216,62.303556124888544,7.288638684048287,True,False,True,False,True,10.306611766520948,101.62889999999999,,0.0,0.0,0.0,0.0,,,False,False,False,False,,,False,False,False,False,6876.0,5656.858910842096,False,False,False,False,281.7162693823768,False,False,False,False
2024-01-31 16:00:00+00:00,101.72,101.72,100.78,101.19,878.0,,,,,,,,,,,,,,,,,,100.83354949421965,,100.83354949421965,,,,100.83354949421965,#000000,1.7995600688616649,101.15234131793585,0.020926604627301653,59.42198752419995,7.288638684048287,True,False,True,False,False,7.585796209130262,101.5555,,0.0,0.0,0.0,0.0,,,False,False,False,False,0.19114664014887503,0.19114664014887503,False,False,False,False,5998.0,5662.147919976326,False,False,False,False,290.9609783842004,False,False,False,False
2024-01-31 20:00:00+00:00,101.19,101.19,100.22,100.375,440.0,,,,,,,,,,,,,,,,,100.59499999999998,100.80083073566085,,100.80083073566085,,,,100.69791536783042,#000000,1.7864261796938192,101.03219669012151,-0.36788348580636454,53.417255581112386,8.778222890801416,True,False,True,False,False,3.6496703263815533,101.4608,,0.0,0.0,0.0,0.0,1.0602188323616333,0.8493730532705047,False,False,False,False,0.1519008292090505,0.17152373467896276,False,False,False,False,5558.0,5660.533223542585,False,False,False,False,293.2716608898717,False,False,False,False
2024-02-01 16:00:00+00:00,100.375,101.35,100.375,101.35,2.0,,,,,,,,,,,,,,,,,100.59694570135747,100.80097040498443,,100.80097040498443,,,,100.69895805317094,#000000,1.7677365203574211,101.03247543769687,0.1796221092037627,54.00483748767894,8.778222890801416,True,False,True,False,False,7.572689131436356,101.3856,,0.0,0.0,0.0,0.0,1.0517045454545466,0.8582792207792199,False,False,False,False,0.15611061694822137,0.16381717581359206,False,False,False,False,5560.0,5658.974568914018,False,False,False,False,288.7558211861528,False,False,False,False
2024-02-01 20:00:00+00:00,101.35,102.54,101.35,102.54,201.0,,,,,,,,,,,,,,,,,101.08034214618974,100.88007182644385,,100.88007182644385,,,,100.9802069863168,"rgba(38, 166, 154, 0.5)",1.7373410433478105,101.14328957337409,0.8039356647756916,58.041858969059795,8.778222890801416,True,False,True,False,True,11.893961064743934,101.3334,,0.0,0.0,0.0,0.0,1.054841334418227,0.8480065093571997,False,False,False,False,0.20123852789255367,0.18252785185307285,False,False,False,False,5761.0,5660.556358543258,False,False,False,False,287.39526581892557,False,False,False,False
2024-02-02 16:00:00+00:00,101.87,102.83,101.87,102.83,341.0,,,,,,,,,,,,,,,,,101.5757825203252,101.02820762260127,,101.02820762260127,,,,101.30199507146324,"rgba(38, 166, 154, 0.5)",1.7090603155424677,101.29776489689728,0.8965365874851403,61.44138022409803,5.48441958640322,True,False,True,False,True,12.883892131107764,101.287,,0.0,0.0,0.0,0.0,1.0676328502415469,0.8367149758454097,False,False,False,False,0.21832282368973072,0.20042533777140178,False,False,False,False,6102.0,5667.400446007704,False,False,False,False,288.22634696901974,False,False,False,False
2024-02-02 20:00:00+00:00,102.83,102.87,102.54,102.54,479.0,,,,,,,,,,,,,,,,,101.92749145591252,101.21181399196406,,101.21181399196406,,,,101.56965272393829,"rgba(38, 166, 154, 0.5)",1.6995315650321112,101.45676184328991,0.637374544255451,62.208953167393176,6.2426243376672375,True,False,True,False,True,11.499304108417846,101.23479999999999,,0.0,0.0,0.0,0.0,1.0781701444622802,0.8337078651685382,False,False,False,False,0.23340150990909003,0.21691342384024592,False,False,False,False,5623.0,5666.712066999832,False,False,False,False,291.1840780237636,False,False,False,False
2024-02-05 16:00:00+00:00,101.04,101.84,101.04,101.84,82.0,,,,,,,,,,,,,,,,,101.90869471413161,101.21868730195531,,101.21868730195531,,,,101.56369100804346,#000000,1.6923463561544208,101.45706858119745,0.226272486958701,59.49587894296147,6.2426243376672375,True,False,True,False,True,8.268103457529243,101.16860000000001,,0.0,0.0,0.0,0.0,1.0713833491611278,0.8412472301361179,False,False,False,False,0.18009592587981124,0.1985046748600286,False,False,False,False,5541.0,5664.763042705261,False,False,False,False,287.9409140233952,False,False,False,False
2024-02-05 20:00:00+00:00,101.84,101.84,101.68,101.68,102.0,,,,,,,,,,,,,,,,,101.89783444646832,101.23057719894298,,101.23057719894298,,,,101.56420582270565,#000000,1.6882478069458922,101.46155842940534,0.12938951834910595,57.01020198579008,6.2426243376672375,True,False,True,False,False,7.548888992262242,101.0992,,0.0,0.0,0.0,0.0,1.0797973400886645,0.8408803039898659,False,False,False,False,0.19347356289728976,0.19598911887865916,False,False,False,False,5439.0,5661.262840492776,False,False,False,False,285.0581091548154,False,False,False,False
2024-02-06 16:00:00+00:00,101.99,102.14,101.76,102.025,95.0,,,,,,,,,,,,,,,,,101.9020426712591,101.24625794530671,,101.24625794530671,,,,101.5741503082829,#000000,1.6836768670955689,101.4709748635124,0.3290566897455403,56.688082200427104,6.2426243376672375,True,False,True,False,False,8.806846151853456,101.0745,,0.0,0.0,0.0,0.0,1.0862396956246043,0.8332276474318315,False,False,False,False,0.2000557745123591,0.1980224466955091,False,False,False,False,5534.0,5659.289773198314,False,False,False,False,282.11147180357796,False,False,False,False
2024-02-06 20:00:00+00:00,102.025,102.37,102.025,102.28,109.0,,,,,,,,,,,,,,,,,101.92106068791644,101.2693544778812,,101.2693544778812,,,,101.59520758289881,#000000,1.6833214512112844,101.48738533964062,0.4708635179507912,57.42466200844274,6.2426243376672375,True,False,True,False,False,9.72500661961433,101.0555,,0.0,0.0,0.0,0.0,1.0861973611440316,0.8313976455716193,False,False,False,False,0.20646341976428179,0.20224293322989545,False,False,False,False,5643.0,5659.037218575084,False,False,False,False,279.4275730159256,False,False,False,False
2024-02-07 16:00:00+00:00,102.28,103.38,102.28,103.38,1.0,,,,,,,,,,,,,,,,,101.92165046796256,101.26973196248194,,101.26973196248194,,,,101.59569121522225,"rgba(38, 166, 154, 1.0)",1.6898809196279125,101.4877073710752,1.1197786820040836,61.19835961739969,6.2426243376672375,True,False,True,False,True,13.481133627495169,101.10029999999999,,0.0,0.0,0.0,0.0,1.0894522841425502,0.8346488081001345,False,False,False,False,0.23441175955718607,0.21832734639354076,False,False,False,False,5644.0,5658.804083403377,False,False,False,False,275.11086645753915,False,False,False,False
2024-02-07 20:00:00+00:00,103.38,103.38,103.38,103.38,0.0,,,,,,,,,,,,,,,,,101.92165046796256,101.26973196248194,,101.26973196248194,,,,101.59569121522225,"rgba(38, 166, 154, 1.0)",1.695937427134832,101.4877073710752,1.1157797443751736,63.714158023370985,8.15624438819367,True,False,True,False,True,13.481133627495158,101.1497,,0.0,0.0,0.0,0.0,1.1072484615999365,0.8163509949652352,False,False,False,False,0.2564794084474898,0.23740337742051526,False,False,False,False,5644.0,5658.574562730457,False,False,False,False,270.84558170625945,False,False,False,False
2024-02-08 16:00:00+00:00,103.35,103.35,103.35,103.35,0.0,,,,,,,,,,,,,,,,,101.92165046796256,101.26973196248194,,101.26973196248194,,,,101.59569121522225,"rgba(38, 166, 154, 1.0)",1.7016282425005858,101.4877073710752,1.0944180299852717,65.20339862728729,9.710066260671745,True,False,True,False,True,13.336785404540276,101.19310000000002,,0.0,0.0,0.0,0.0,1.1087009505240073,0.8282557478267925,False,False,False,False,0.25152913885597084,0.24446625813824305,False,False,False,False,5644.0,5658.348600517582,False,False,False,False,266.64642540073606,False,False,False,False
2024-02-08 20:00:00+00:00,103.35,103.66,103.35,103.43,136.0,,,,,,,,,,,,,,,,,102.02825788061703,101.33293559013174,,101.33293559013174,,,,101.6805967353744,"rgba(38, 166, 154, 1.0)",1.7006213093566112,101.54350758200415,1.1092960011829807,66.45094048799994,11.0939192418573,True,False,True,False,True,13.609310144382896,101.23809999999999,,0.0,0.0,0.0,0.0,1.0914248662668187,0.8263089641757164,False,False,False,False,0.2589055809264982,0.2516859195323706,False,False,False,False,5780.0,5660.234668726611,False,False,False,False,264.6208994255308,False,False,False,False
2024-02-09 16:00:00+00:00,103.85,104.68,103.85,104.68,125.0,,,,,,,,,,,,,,,,,102.16876163432718,101.41156696032232,,101.41156696032232,,,,101.79016429732475,"rgba(0, 255, 255, 0.75)",1.7191972068485901,101.61524288706785,1.7826675734019324,70.35534825062807,14.909406195170973,True,False,True,False,True,17.650448751844014,101.3141,,0.0,0.0,0.0,0.0,1.0892913886240871,0.8118843342866213,False,False,False,False,0.296029522064276,0.2738577207983233,False,False,False,False,5905.0,5664.029480064182,False,False,False,False,262.45623431815824,False,False,False,False
2024-02-09 20:00:00+00:00,104.68,104.68,104.68,104.68,0.0,,,,,,,,,,,,,,,,,102.16876163432718,101.41156696032232,,101.41156696032232,,,,101.79016429732475,"rgba(0, 255, 255, 0.75)",1.7422899733831076,101.61524288706785,1.759039631606865,72.95828675904681,17.412979217004874,True,False,True,False,True,17.650448751844014,101.39230000000002,,0.0,0.0,0.0,0.0,1.1024785510009543,0.8118843342866213,False,False,False,False,0.30943292107492454,0.29164532093662393,False,False,False,False,5905.0,5667.76545711745,False,False,False,False,258.3871454140007,False,False,False,False
2024-02-12 16:00:00+00:00,104.68,105.11,104.68,104.9,500.0,,,,,,,,,,,,,,,,,102.69074882000254,101.73540079291331,,101.73540079291331,,,,102.21307480645793,"rgba(0, 255, 255, 0.75)",1.7716720534186976,101.90779649139203,1.6889150014157992,75.14500407697095,19.539243193403976,True,False,True,False,True,18.334020569104833,101.45199999999998,,0.0,0.0,0.0,0.0,1.10744627686157,0.79943361652507,False,False,False,False,0.32315575177212164,0.3074005363543728,False,False,False,False,6405.0,5679.195450030357,False,False,False,False,262.13308114401616,False,False,False,False
2024-02-12 20:00:00+00:00,104.9,104.9,104.9,104.9,0.0,,,,,,,,,,,,,,,,,102.69074882000254,101.73540079291331,,101.73540079291331,,,,102.21307480645793,"rgba(0, 255, 255, 0.75)",1.7932599109186789,101.90779649139203,1.6685832825399411,76.6028156222537,21.03681388092511,True,False,True,False,True,18.334020569104844,101.51100000000001,,0.0,0.0,0.0,0.0,1.1101116108612368,0.8000999500249867,False,False,False,False,0.3228408064760615,0.31512067141521716,False,False,False,False,6405.0,5690.448233750816,False,False,False,False,258.06900236658953,False,False,False,False
2024-02-13 16:00:00+00:00,102.43,102.47,102.3,102.3,423.0,,,,,,,,,,,,,,,,,102.64420180061484,101.78067912933606,,101.78067912933606,,,,102.21244046497546,#000000,1.7833848093942986,101.93136691782567,0.20670417300432647,64.81891043855478,21.315216777567557,True,False,True,False,False,6.395439487753617,101.525,,0.0,0.0,0.0,0.0,1.1049372657650325,0.8161968388463411,False,False,False,False,0.16322235106715446,0.2391715112411858,False,False,False,False,5982.0,5694.968416173284,False,False,False,False,260.62607209734006,False,False,False,False
2024-02-13 20:00:00+00:00,102.3,102.3,102.235,102.235,2.0,,,,,,,,,,,,,,,,,102.64394667544435,101.78084309335168,,101.78084309335168,,,,102.21239488439801,#000000,1.7700535060879867,101.97209360527702,0.1485301963012561,56.779350028699916,14.415155097655543,True,False,True,False,False,6.130704149433704,101.5369,,0.0,0.0,0.0,0.0,1.1071165944930148,0.80766402483863,False,False,False,False,0.15602062597631902,0.1975960686087524,False,False,False,False,5980.0,5699.387510496178,False,False,False,False,256.61636555319524,False,False,False,False
2024-02-14 16:00:00+00:00,103.97,104.445,103.67,104.44,198.0,,,,,,,,,,,,,,,,,102.738238566131,101.8601274150566,,101.8601274150566,,,,102.2991829905938,"rgba(38, 166, 154, 1.0)",1.7771085255863448,102.27081341094939,1.220626966681679,58.09263950523106,14.415155097655543,True,False,True,False,False,13.099751260545187,101.58959999999999,,0.0,0.0,0.0,0.0,1.1085067368253216,0.8021207047755716,False,False,False,False,0.2679639626243184,0.23278001561653539,False,False,False,False,6178.0,5706.807859170656,False,False,False,False,255.7075846919054,False,False,False,False
2024-02-14 20:00:00+00:00,104.44,104.65,104.44,104.65,47.0,,,,,,,,,,,,,,,,,102.76460554371,101.8812535118162,,101.8812535118162,,,,102.32292952776311,"rgba(38, 166, 154, 1.0)",1.7879599653901088,102.29692087217421,1.3160692484031002,59.4252330390818,14.415155097655543,True,False,True,False,True,13.702553375205138,101.6476,,0.0,0.0,0.0,0.0,1.117801672640383,0.7933094384707282,False,False,False,False,0.2966808367310352,0.2647304261737853,False,False,False,False,6225.0,5714.841845850181,False,False,False,False,252.47180818505416,False,False,False,False
2024-02-15 16:00:00+00:00,105.52,105.9,105.2,105.9,163.0,,,,,,,,,,,,,,,,,102.90187657187076,101.9805490290741,,101.9805490290741,,,,102.44121280047243,"rgba(0, 255, 0, 1.0)",1.8278689728703048,102.44599718415127,1.8896337030246289,62.70784053556284,14.415155097655543,True,False,True,False,True,17.12575406540913,101.7242,,0.0,0.0,0.0,0.0,1.1182846744204455,0.7902523933855522,False,False,False,False,0.34282824731417055,0.30377933674397795,False,False,False,False,6388.0,5725.278406379635,False,False,False,False,251.0846483682316,False,False,False,False
2024-02-15 20:00:00+00:00,105.9,105.9,105.82,105.87,10.0,,,,,,,,,,,,,,,,,102.91044560185185,101.98678743573261,,101.98678743573261,,,,102.44861651879222,"rgba(0, 255, 0, 1.0)",1.8582384203936235,102.45406711062888,1.838264052600708,64.77872177232581,6.398306669369319,True,False,True,False,True,16.999930310569106,101.8124,,0.0,0.0,0.0,0.0,1.1219319081551868,0.7914489311163893,False,False,False,False,0.3428282473480503,0.3233037920460141,False,False,False,False,6378.0,5735.398121009409,False,False,False,False,247.34690188190243,False,False,False,False
2024-02-16 16:00:00+00:00,106.09,106.28,106.09,106.21,9.0,,,,,,,,,,,,,,,,,102.91897258297259,101.99286138296162,,101.99286138296162,,,,102.4559169829671,"rgba(0, 255, 0, 1.0)",1.895259199273913,102.87699940277244,1.758598823055152,66.79061553270196,8.588182693630245,True,False,True,False,True,17.901783233686768,101.9074,,0.0,0.0,0.0,0.0,1.1219126029132371,0.7932235592146926,False,False,False,False,0.3428282475094955,0.3330660197777548,False,False,False,False,6387.0,5745.500475722441,False,False,False,False,243.65160107753184,False,False,False,False
2024-02-16 20:00:00+00:00,106.21,106.21,105.9,105.92,2.0,,,,,,,,,,,,,,,,,102.92075569656764,101.99414995990374,,101.99414995990374,,,,102.45745282823569,"rgba(0, 255, 255, 0.75)",1.9192246768839551,102.87479478038146,1.586685111074499,66.82787353518103,9.063720858310518,True,False,True,False,True,16.661313187030757,101.995,,0.0,0.0,0.0,0.0,1.1138660770688578,0.797220467466835,False,False,False,False,0.33387685945312867,0.33347143961544173,False,False,False,False,6385.0,5755.415197029069,False,False,False,False,239.90506462671738,False,False,False,False
2024-02-19 16:00:00+00:00,105.92,105.92,105.92,105.92,0.0,,,,,,,,,,,,,,,,,102.92075569656764,101.99414995990374,,101.99414995990374,,,,102.45745282823569,"rgba(0, 255, 255, 0.75)",1.9379738118703922,102.87479478038146,1.5713345562082317,66.8527122035004,9.677141070681557,True,False,True,False,True,16.661313187030757,102.0826,,0.0,0.0,0.0,0.0,1.1126026531901465,0.8010107391029686,False,False,False,False,0.324635467732825,0.32905345367413336,False,False,False,False,6385.0,5765.176201726292,False,False,False,False,236.18560626041167,False,False,False,False
2024-02-19 20:00:00+00:00,105.92,105.92,105.92,105.92,0.0,,,,,,,,,,,,,,,,,102.92075569656764,101.99414995990374,,101.99414995990374,,,,102.45745282823569,"rgba(0, 255, 255, 0.75)",1.956482864274094,102.87479478038146,1.556469149423595,66.86927131571332,10.355759305178992,True,False,True,False,True,16.661313187030757,102.17020000000001,,0.0,0.0,0.0,0.0,1.1126026531901465,0.8010107391029686,False,False,False,False,0.324635467732825,0.32684446070347917,False,False,False,False,6385.0,5774.785873017357,False,False,False,False,232.523813915289,False,False,False,False
2024-02-20 16:00:00+00:00,105.43,105.43,105.08,105.26,11.0,,,,,,,,,,,,,,,,,102.92814356910101,101.99989566655991,,101.99989566655991,,,,102.46401961783046,"rgba(0, 255, 255, 0.75)",1.958743053938243,102.82967133158922,1.2407593040467297,63.49433074406662,10.355759305178992,True,False,True,False,False,13.794393752833194,102.28220000000002,,0.0,0.0,0.0,0.0,1.1110415035238852,0.8026624902114325,False,False,False,False,0.27985321812647157,0.30334883941497537,False,False,False,False,6374.0,5784.076014520963,False,False,False,False,229.08933618016823,False,False,False,False
2024-02-20 20:00:00+00:00,105.26,105.52,105.26,105.52,90.0,,,,,,,,,,,,,,,,,102.99133501494768,102.04866608796293,,102.04866608796293,,,,102.5200005514553,"rgba(0, 255, 255, 0.75)",1.9666488463080154,102.84952113170635,1.357882915044506,62.15341326948718,10.355759305178992,True,False,True,False,False,14.554365921769577,102.3954,,0.0,0.0,0.0,0.0,1.1121699734416508,0.7998750195281985,False,False,False,False,0.2886021984370057,0.2959755189259905,False,False,False,False,6464.0,5794.617471660173,False,False,False,False,226.93291236342142,False,False,False,False
2024-02-21 16:00:00+00:00,105.26,105.48,105.22,105.4,335.0,,,,,,,,,,,,,,,,,103.19521308395251,102.21528731324636,,102.21528731324636,,,,102.70525019859943,"rgba(0, 255, 255, 0.75)",1.9718627791557362,102.97204072792715,1.2313023490977393,60.63108713069579,10.355759305178992,True,False,True,False,False,14.033719576794429,102.53000000000002,,0.0,0.0,0.0,0.0,1.1088477686207443,0.8008085834240396,False,False,False,False,0.2859193793639216,0.29094744914495607,False,False,False,False,6129.0,5799.801696905751,False,False,False,False,228.60837108646916,False,False,False,False
2024-02-21 20:00:00+00:00,105.4,105.76,105.11,105.76,319.0,,,,,,,,,,,,,,,,,103.37262908574135,102.36716809728182,,102.36716809728182,,,,102.86989859151159,"rgba(0, 255, 255, 0.75)",1.9852510155127887,103.09695481991325,1.3414148434014992,60.9825213164105,10.355759305178992,True,False,True,False,False,15.099774781863811,102.6689,,0.0,0.0,0.0,0.0,1.1060652709359617,0.7984913793103446,False,False,False,False,0.29114842871814584,0.29104793893155095,False,False,False,False,6448.0,5809.8512830002355,False,False,False,False,230.00979168977972,False,False,False,False
2024-02-22 16:00:00+00:00,107.02,107.59,107.02,107.59,348.0,,,,,,,,,,,,,,,,,103.67930853391685,102.60584696102478,,102.60584696102478,,,,103.14257774747082,"rgba(0, 255, 0, 1.0)",2.0523489794217014,103.38881230325211,2.04701429380284,65.76283963962955,10.569562892615224,True,False,True,False,True,20.0,102.8349,,0.0,0.0,0.0,0.0,1.1136397889977403,0.7961567445365484,False,False,False,False,0.34282824808228063,0.3169380935069158,False,False,False,False,6796.0,5825.14041039558,False,False,False,False,231.83909724497693,False,False,False,False
2024-02-22 20:00:00+00:00,107.59,107.59,107.36,107.37,156.0,,,,,,,,,,,,,,,,,103.8034447735929,102.70647784894581,,102.70647784894581,,,,103.25496131126935,"rgba(0, 255, 0, 1.0)",2.132236183949638,103.49676470668234,1.8165132561173842,67.79652385430578,12.58750789351064,True,False,True,False,True,19.12084120557054,102.9926,,0.0,0.0,0.0,0.0,1.1170772003604696,0.7961099429258034,False,False,False,False,0.34282824817302054,0.3298831708399682,False,False,False,False,6640.0,5837.773892404951,False,False,False,False,230.66329728769045,False,False,False,False
2024-02-23 16:00:00+00:00,107.45,107.61,107.36,107.61,205.0,,,,,,,,,,,,,,,,,103.95823294801596,102.8348242195956,,102.8348242195956,,,,103.39652858380578,"rgba(0, 255, 0, 1.0)",2.2154946268139346,103.62786242980808,1.797403397867215,69.65276486959164,14.456412348879994,True,False,True,False,True,19.741999144988597,103.14710000000001,,0.0,0.0,0.0,0.0,1.1225704384511086,0.7951634774747626,False,False,False,False,0.3428282481226359,0.33635570948130206,False,False,False,False,6845.0,5853.389801049835,False,False,False,False,230.2654167095867,False,False,False,False
2024-02-23 20:00:00+00:00,107.61,107.61,107.535,107.55,42.0,,,,,,,,,,,,,,,,,103.98869428245861,102.86048852430778,,102.86048852430778,,,,103.4245914033832,"rgba(0, 255, 0, 1.0)",2.2889894560110378,103.65330868497784,1.7023631562780615,70.52867286615938,15.460688248272874,True,False,True,False,True,19.474095355986574,103.29969999999999,,0.0,0.0,0.0,0.0,1.121326299924643,0.7953278070836473,False,False,False,False,0.34282824816907215,0.3395919788251871,False,False,False,False,6803.0,5868.112439793248,False,False,False,False,227.34657303967063,False,False,False,False
2024-02-26 16:00:00+00:00,107.88,107.88,107.61,107.61,167.0,,,,,,,,,,,,,,,,,104.109275616083,102.96268862755015,,102.96268862755015,,,,103.53598212181657,"rgba(0, 255, 255, 0.75)",2.3567537472602442,103.75418781386325,1.6360691865321846,71.26379166477956,16.407170009554576,True,False,True,False,True,19.633850392072517,103.43860000000001,,0.0,0.0,0.0,0.0,1.1200509898020405,0.790866826634673,False,False,False,False,0.342828248258639,0.34121011354191305,False,False,False,False,6970.0,5885.195967858469,False,False,False,False,226.41096725610984,False,False,False,False
2024-02-26 20:00:00+00:00,107.61,107.84,107.61,107.83,7.0,,,,,,,,,,,,,,,,,104.11424065798846,102.96693135396923,,102.96693135396923,,,,103.54058600597884,"rgba(0, 255, 255, 0.75)",2.427919312742738,103.75833008818346,1.677020274292771,72.32850221536992,17.694946667398284,True,False,True,False,True,20.0,103.58800000000001,,0.0,0.0,0.0,0.0,1.121146363364263,0.7919036216701585,False,False,False,False,0.34152655143631105,0.341368332489112,False,False,False,False,6977.0,5902.123162155237,False,False,False,False,223.0092468335345,False,False,False,False
2024-02-27 16:00:00+00:00,107.83,107.84,107.54,107.75,594.0,,,,,,,,,,,,,,,,,104.48628055507169,103.29803756806517,,103.29803756806517,,,,103.89215906156844,"rgba(0, 255, 255, 0.75)",2.491675649144672,104.06380988768029,1.4794020696815338,72.41254756914765,18.098692016359237,True,False,True,False,True,19.848682676749775,103.742,,0.0,0.0,0.0,0.0,1.1214253290966874,0.7961113632924799,False,False,False,False,0.3392512583001748,0.3403097953946434,False,False,False,False,6383.0,5909.578617005543,False,False,False,False,228.7610414562704,False,False,False,False
2024-02-27 20:00:00+00:00,107.75,108.04,107.75,108.04,117.0,,,,,,,,,,,,,,,,,104.55532718789118,103.36104470979208,,103.36104470979208,,,,103.95818594884163,"rgba(0, 255, 255, 0.75)",2.555697420726149,104.12118469875152,1.533364344882046,73.32071805193374,19.293207669895523,True,False,True,False,True,20.0,103.8978,,0.0,0.0,0.0,0.0,1.125000000000001,0.7904078549848941,False,False,False,False,0.3428282479888637,0.3415690216917535,False,False,False,False,6500.0,5918.732436896929,False,False,False,False,227.028312131367,False,False,False,False
2024-02-28 16:00:00+00:00,108.04,108.04,107.66,107.79,204.0,,,,,,,,,,,,,,,,,104.66552732871438,103.46429124197807,,103.46429124197807,,,,104.06490928534623,"rgba(0, 255, 255, 0.75)",2.6069763179826757,104.21223426186151,1.3723813728031997,71.84930018589105,19.293207669895523,True,False,True,False,True,19.447842426037877,104.0352,,0.0,0.0,0.0,0.0,1.1221838389906886,0.7896515470111144,False,False,False,False,0.339907409202149,0.34073821544695126,False,False,False,False,6296.0,5924.581546402403,False,False,False,False,226.67128403630701,False,False,False,False
2024-02-28 20:00:00+00:00,107.79,107.79,107.7,107.71,200.0,,,,,,,,,,,,,,,,,104.76350899606086,103.55884366925062,,103.55884366925062,,,,104.16117633265574,"rgba(0, 255, 255, 0.75)",2.6617447657876943,104.29309921803747,1.2837071479884572,70.20255834718466,19.293207669895523,True,False,True,False,False,19.064924268695265,104.1832,,0.0,0.0,0.0,0.0,1.1230803974706423,0.7966726889491117,False,False,False,False,0.3324512856734537,0.3365947505602025,False,False,False,False,6096.0,5927.239196845777,False,False,False,False,226.25777575667433,False,False,False,False
2024-02-29 16:00:00+00:00,107.71,108.735,107.71,108.735,105.0,,,,,,,,,,,,,,,,,104.82336945709646,103.61441251596422,,103.61441251596422,,,,104.21889098653034,"rgba(0, 255, 255, 0.75)",2.73944387234521,104.34428682160382,1.6027753744913702,72.35527264121903,19.293207669895523,True,False,True,False,True,20.0,104.3475,,0.0,0.0,0.0,0.0,1.1212487716380688,0.7989266006500871,False,False,False,False,0.34282824768061243,0.33971149912040743,False,False,False,False,6201.0,5931.483550383052,False,False,False,False,224.37781024106698,False,False,False,False
2024-02-29 20:00:00+00:00,108.735,108.96,108.735,108.96,5.0,,,,,,,,,,,,,,,,,104.82655654948732,103.61729576951129,,103.61729576951129,,,,104.2219261594993,"rgba(0, 255, 255, 0.75)",2.815776059955729,104.3470572353659,1.6382491598805005,74.31817666402422,20.565846650437592,True,False,True,False,True,20.0,104.5131,,0.0,0.0,0.0,0.0,1.12040739343644,0.7973594869860434,False,False,False,False,0.3428282480427751,0.3412698735815913,False,False,False,False,6206.0,5935.739619369361,False,False,False,False,220.97660388074036,False,False,False,False
2024-03-01 16:00:00+00:00,108.96,109.96,108.96,109.96,300.0,,,,,,,,,,,,,,,,,105.04238883892884,103.808271539548,,103.808271539548,,,,104.42533018923842,"rgba(0, 255, 0, 1.0)",2.915710994526651,104.53754179912072,1.8597378859078526,77.46356014557068,23.51888604001313,True,False,True,False,True,20.0,104.68869999999998,,0.0,0.0,0.0,0.0,1.1350598509372893,0.782729805013928,False,False,False,False,0.34282824836179676,0.342049060971694,False,False,False,False,6506.0,5944.580865580689,False,False,False,False,222.2017728128219,False,False,False,False
2024-03-01 20:00:00+00:00,109.96,109.96,109.96,109.96,0.0,,,,,,,,,,,,,,,,,105.04238883892884,103.808271539548,,103.808271539548,,,,104.42533018923842,"rgba(0, 255, 0, 1.0)",3.0094456030700787,104.53754179912072,1.8018129968348884,79.56048246660166,25.44080287430191,True,False,True,False,True,20.0,104.8651,,0.0,0.0,0.0,0.0,1.148405097654778,0.7730186260463016,False,False,False,False,0.3428282485994724,0.3424386547855832,False,False,False,False,6506.0,5953.285038207344,False,False,False,False,218.75678408704172,False,False,False,False
2024-03-04 16:00:00+00:00,109.825,110.24,109.825,110.24,172.0,,,,,,,,,,,,,,,,,105.16953609000583,103.92088743237618,,103.92088743237618,,,,104.54521176119101,"rgba(0, 255, 0, 1.0)",3.1040814936014347,104.65036201136249,1.8007381572164411,81.40444580393441,27.153153550078372,True,False,True,False,True,20.0,105.04729999999999,,0.0,0.0,0.0,0.0,1.1490725380787223,0.7706228321520135,False,False,False,False,0.3428282486210845,0.34263345170333387,False,False,False,False,6678.0,5964.52092908785,False,False,False,False,218.03187270584726,False,False,False,False
2024-03-04 20:00:00+00:00,110.24,110.49,110.16,110.16,155.0,,,,,,,,,,,,,,,,,105.28249107015287,104.02164636019246,,104.02164636019246,,,,104.65206871517267,"rgba(0, 255, 255, 0.75)",3.191973135146268,104.75070967000195,1.6946540904236558,81.9022129942769,27.686963608144822,True,False,True,False,True,20.0,105.21520000000001,,0.0,0.0,0.0,0.0,1.151082381238726,0.765784726398076,False,False,False,False,0.3428282486312658,0.34273085016729987,False,False,False,False,6523.0,5973.179519334551,False,False,False,False,217.05463436932249,False,False,False,False
2024-03-05 16:00:00+00:00,109.77,109.77,109.13,109.13,442.0,,,,,,,,,,,,,,,,,105.52370761098418,104.25204949880822,,104.25204949880822,,,,104.88787855489619,"rgba(38, 166, 154, 1.0)",3.243697041262562,104.96264428582823,1.2847549142720431,74.71885274851772,29.46076074843708,True,False,True,False,False,20.0,105.3674,,0.0,0.0,0.0,0.0,1.1409929503524832,0.7813109344532776,False,False,False,False,0.29300735235410547,0.31786910126070267,False,False,False,False,6081.0,5974.851154693704,False,False,False,False,220.54215941786012,False,False,False,False
2024-03-05 20:00:00+00:00,109.13,109.39,108.92,109.39,113.0,,,,,,,,,,,,,,,,,105.57919976171563,104.30658205774073,,104.30658205774073,,,,104.94289090972818,"rgba(0, 255, 255, 0.75)",3.297166196588812,105.01161292938194,1.327924286967354,70.87748377757889,26.150913867419234,True,False,True,False,False,20.0,105.5208,,0.0,0.0,0.0,0.0,1.1395453185761302,0.781334131020042,False,False,False,False,0.27370181736394383,0.29578545931232325,False,False,False,False,6194.0,5978.248811210081,False,False,False,False,218.874839116808,False,False,False,False
2024-03-06 16:00:00+00:00,110.49,110.95,110.46,110.46,102.0,,,,,,,,,,,,,,,,,105.64640216823405,104.36839217191097,,104.36839217191097,,,,105.00739717007251,"rgba(0, 255, 255, 0.75)",3.3728683959230055,105.0718953999239,1.5974843864613946,71.3740573630271,26.150913867419234,True,False,True,False,False,20.0,105.70620000000001,,0.0,0.0,0.0,0.0,1.1443581206067341,0.7862375138734738,False,False,False,False,0.34282824848063753,0.3193068538964804,False,False,False,False,6296.0,5983.175186230079,False,False,False,False,217.0628261072451,False,False,False,False
2024-03-06 20:00:00+00:00,110.46,110.54,110.42,110.42,200.0,,,,,,,,,,,,,,,,,105.76894793788186,104.48306852409637,,104.48306852409637,,,,105.12600823098911,"rgba(0, 255, 255, 0.75)",3.44174856958149,105.18187233801194,1.5219379208240669,71.45490080627131,26.150913867419234,True,False,True,False,False,20.0,105.90710000000001,,0.0,0.0,0.0,0.0,1.139429840799705,0.7927434283598667,False,False,False,False,0.3292345852322711,0.32427071956437575,False,False,False,False,6096.0,5984.924408148992,False,False,False,False,216.79828616759787,False,False,False,False
2024-03-07 16:00:00+00:00,112.0,112.0,112.0,112.0,0.0,,,,,,,,,,,,,,,,,105.76894793788186,104.48306852409637,,104.48306852409637,,,,105.12600823098911,"rgba(0, 255, 0, 1.0)",3.5475947479236574,105.18187233801194,1.9219014984669778,74.49378630542645,26.150913867419234,True,False,True,False,True,20.0,106.12010000000001,,0.0,0.0,0.0,0.0,1.1366537079146202,0.7995305508692144,False,False,False,False,0.3428282489290413,0.3335494842467085,False,False,False,False,6096.0,5986.646510348233,False,False,False,False,213.43707242856533,False,False,False,False
2024-03-07 20:00:00+00:00,112.0,112.0,112.0,112.0,0.0,,,,,,,,,,,,,,,,,105.76894793788186,104.48306852409637,,104.48306852409637,,,,105.12600823098911,"rgba(0, 255, 0, 1.0)",3.6185621640556573,105.18187233801194,1.8842090733481698,76.51970997152989,21.12900454331333,True,False,True,False,True,20.0,106.30930000000001,,0.0,0.0,0.0,0.0,1.1357662089727598,0.7957999853146339,False,False,False,False,0.3428282489290413,0.3381888665878749,False,False,False,False,6096.0,5988.341913288571,False,False,False,False,210.12797053044804,False,False,False,False
2024-03-08 16:00:00+00:00,113.11,113.11,111.875,111.875,9.0,,,,,,,,,,,,,,,,,105.77640623013347,104.48967365748142,,104.48967365748142,,,,105.13303994380745,"rgba(0, 255, 0, 1.0)",3.680844163606602,105.89843402575222,1.6236943778656896,77.04787363645788,21.81651668269555,True,False,True,False,True,20.0,106.4902,,0.0,0.0,0.0,0.0,1.132595075040071,0.7864636456360192,False,False,False,False,0.3428282491221468,0.3405085578550109,False,False,False,False,6087.0,5989.871496028283,False,False,False,False,207.00970742144884,False,False,False,False
2024-03-08 20:00:00+00:00,111.875,112.04,111.875,111.945,144.0,,,,,,,,,,,,,,,,,105.88746597577723,104.58940150320126,,104.58940150320126,,,,105.23843373948924,"rgba(0, 255, 255, 0.75)",3.7134217629013304,105.95755160862878,1.612380379516376,77.53812652816126,22.568981587029782,True,False,True,False,True,20.0,106.6783,,0.0,0.0,0.0,0.0,1.1301464694308836,0.8025941849449826,False,False,False,False,0.31476420760480145,0.32763638272990614,False,False,False,False,6231.0,5993.60992244645,False,False,False,False,206.0328127327442,False,False,False,False
2024-03-11 16:00:00+00:00,110.94,111.4,110.94,111.3,380.0,,,,,,,,,,,,,,,,,106.12871399054315,104.81500821606764,,104.81500821606764,,,,105.4718611033054,"rgba(0, 255, 255, 0.75)",3.724747886746143,106.09994394442427,1.396082691684774,73.57204450131385,22.568981587029782,True,False,True,False,False,20.0,106.8675,,0.0,0.0,0.0,0.0,1.130349344978167,0.804221251819505,False,False,False,False,0.2742986112044528,0.3009674969671795,False,False,False,False,5851.0,5991.398915896892,False,False,False,False,208.72997842681016,False,False,False,False
2024-03-12 16:00:00+00:00,111.29,112.53,111.29,112.53,35.0,,,,,,,,,,,,,,,,,106.15359271130103,104.8378422087205,,104.8378422087205,,,,105.49571746001077,"rgba(0, 255, 0, 1.0)",3.769187520881339,106.12452954369323,1.6994300285725765,73.90920343033682,22.568981587029782,True,False,True,False,False,20.0,107.08449999999999,,0.0,0.0,0.0,0.0,1.128197778573989,0.7931924041562165,False,False,False,False,0.31229616637941765,0.30663183167329855,False,False,False,False,5886.0,5989.76482417756,False,False,False,False,206.0364903891852,False,False,False,False
2024-03-13 16:00:00+00:00,112.79,112.9,112.66,112.9,8.0,,,,,,,,,,,,,,,,,106.15991757590132,104.84354375,,104.84354375,,,,105.50173066295065,"rgba(0, 255, 0, 1.0)",3.818664844968494,106.13158250849528,1.7724565433970585,74.81984251272817,22.568981587029782,True,False,True,False,False,20.0,107.302,,0.0,0.0,0.0,0.0,1.1584659382562155,0.8020825694800908,False,False,False,False,0.3428282492287161,0.3247300404510073,False,False,False,False,5894.0,5988.280098221318,False,False,False,False,202.96615720485673,False,False,False,False
2024-03-14 16:00:00+00:00,112.17,112.33,112.115,112.27,84.0,,,,,,,,,,,,,,,,,106.21987376702677,104.89859181141439,,104.89859181141439,,,,105.55923278922057,"rgba(0, 255, 255, 0.75)",3.8513290229793804,106.19019143272342,1.5786261134794566,71.99714256732548,26.622067581521023,True,False,True,False,False,20.0,107.5018,,0.0,0.0,0.0,0.0,1.124616956077631,0.8073106668612287,False,False,False,False,0.31417799476448444,0.31945401760774583,False,False,False,False,5810.0,5985.516065690756,False,False,False,False,201.12172065904497,False,False,False,False
2024-03-15 16:00:00+00:00,112.01,112.05,111.6,111.925,304.0,,,,,,,,,,,,,,,,,106.41421523053666,105.08117391554481,,105.08117391554481,,,,105.74769457304073,"rgba(0, 255, 255, 0.75)",3.869435877361076,106.35824763374839,1.4386470128167845,68.42576847790558,23.20357662911779,False,False,True,False,False,20.0,107.6727,,0.0,0.0,0.0,0.0,1.1123351318944852,0.8120503597122303,False,False,False,False,0.2940534658014191,0.30675374170458247,False,False,False,False,5506.0,5978.081708083147,False,False,False,False,202.71673274185048,False,False,False,False
2024-03-18 16:00:00+00:00,112.54,112.54,112.28,112.28,488.0,,,,,,,,,,,,,,,,,106.72629046698181,105.37558601082036,,105.37558601082036,,,,106.05093823890108,"rgba(0, 255, 255, 0.75)",3.9026932811645505,106.63914392385436,1.4453751985506855,67.09339721029455,21.911175369910055,False,False,True,False,False,20.0,107.8507,,0.0,0.0,0.0,0.0,1.109970238095239,0.8070684523809524,False,False,False,False,0.3237559974212155,0.315254869562899,False,False,False,False,5994.0,5978.328503306663,False,False,False,False,207.1397291334497,False,False,False,False
2024-03-19 16:00:00+00:00,111.77,112.55,111.77,112.425,1341.0,,,,,,,,,,,,,,,,,107.42166651015745,106.06250217385903,,106.06250217385903,,,,106.74208434200824,"rgba(0, 255, 255, 0.75)",3.927078581998236,107.23852633075171,1.3206951582336877,66.63188597872164,21.328684940487918,False,True,True,False,False,20.0,108.03219999999999,,0.0,0.0,0.0,0.0,1.1104919007281921,0.8067320552831031,False,False,False,False,0.3109977697042826,0.31312631963359083,False,False,False,False,7335.0,5999.362169922064,False,False,False,False,224.71895813913264,False,False,False,False
2024-03-20 16:00:00+00:00,113.17,114.26,113.17,114.26,1.0,,,,,,,,,,,,,,,,,107.42227449139281,106.06308602871763,,106.06308602871763,,,,106.74268026005522,"rgba(0, 255, 0, 1.0)",3.9840168658512845,107.2391033434686,1.7622657967918056,70.1967685328965,21.328684940487918,False,False,True,False,True,20.0,108.24880000000002,,0.0,0.0,0.0,0.0,1.1180389600984872,0.7878195379824752,False,False,False,False,0.34282824954745034,0.32797728459052056,False,False,False,False,7336.0,6020.085237055055,False,False,False,False,221.25044716023135,False,False,False,False
2024-03-21 16:00:00+00:00,115.01,115.01,114.65,114.84,1157.0,,,,,,,,,,,,,,,,,108.14850427712375,106.75929022298456,,106.75929022298456,,,,107.45389725005415,"rgba(0, 255, 255, 0.75)",4.051290715248608,108.5608194025339,1.549921010070191,73.38595865072884,18.412209259132652,True,False,True,False,True,20.0,108.45200000000001,,0.0,0.0,0.0,0.0,1.1384693213846941,0.7857917178579171,False,False,False,False,0.3428282498798298,0.33540276723517515,False,False,False,False,8493.0,6058.425000821642,False,False,False,False,235.75819216549905,False,False,False,False
2024-03-22 16:00:00+00:00,114.5,114.63,114.44,114.61,124.0,,,,,,,,,,,,,,,,,108.21513955242646,106.82509660521124,,106.82509660521124,,,,107.52011807881885,"rgba(0, 255, 255, 0.75)",4.114829254391113,108.6148125278799,1.4569711405940766,74.2951324788691,19.31052875563853,True,False,True,False,True,20.0,108.6506,,0.0,0.0,0.0,0.0,1.1267007414872947,0.7879202361241092,False,False,False,False,0.329506365522907,0.3324545663790411,False,False,False,False,8369.0,6094.247869025958,False,False,False,False,234.02550701564633,False,False,False,False
2024-03-25 16:00:00+00:00,114.42,114.47,114.25,114.25,121.0,,,,,,,,,,,,,,,,,108.27646476380131,106.88631702654071,,106.88631702654071,,,,107.58139089517101,"rgba(0, 255, 255, 0.75)",4.14825658918658,108.66246605325254,1.3469595784679027,73.00894648655816,19.31052875563853,True,False,True,False,True,20.0,108.83760000000001,,0.0,0.0,0.0,0.0,1.1213045688966377,0.7864458487687949,False,False,False,False,0.3216568476234025,0.3270557070012218,False,False,False,False,8248.0,6127.639374932532,False,False,False,False,232.2731735735433,False,False,False,False
2024-03-26 16:00:00+00:00,114.47,114.55,114.105,114.105,313.0,,,,,,,,,,,,,,,,,108.42775953632564,107.03869105046365,,107.03869105046365,,,,107.73322529339464,"rgba(38, 166, 154, 1.0)",4.173939393793736,108.78045398849048,1.2756644285316254,71.38393301494551,19.31052875563853,False,False,True,False,False,20.0,109.0217,,0.0,0.0,0.0,0.0,1.1184324480369525,0.786662817551963,False,False,False,False,0.32020331623997617,0.32362951162059894,False,False,False,False,7935.0,6155.660469894818,False,False,False,False,233.52475227782944,False,False,False,False
2024-03-27 16:00:00+00:00,113.645,114.85,113.645,114.85,36.0,,,,,,,,,,,,,,,,,108.44523721205277,107.05627606741818,,107.05627606741818,,,,107.75075663973547,"rgba(0, 255, 255, 0.75)",4.2127359163495015,108.7947274397127,1.4373729283117325,71.9887508943468,19.31052875563853,True,False,True,False,False,20.0,109.2727,,0.0,0.0,0.0,0.0,1.1194352398789809,0.7903760265091485,False,False,False,False,0.3166309465787566,0.3201302290996778,False,False,False,False,7971.0,6183.805268811177,False,False,False,False,230.46235301770804,False,False,False,False
2024-03-28 16:00:00+00:00,114.58,114.58,114.58,114.58,0.0,,,,,,,,,,,,,,,,,108.44523721205277,107.05627606741818,,107.05627606741818,,,,107.75075663973547,"rgba(0, 255, 255, 0.75)",4.246165342649448,108.7947274397127,1.362469921314346,70.90712559016765,19.31052875563853,False,False,True,False,False,20.0,109.5196,,0.0,0.0,0.0,0.0,1.1392249185077878,0.7736327417602317,False,False,False,False,0.33153112943305496,0.3258306792663664,False,False,False,False,7971.0,6211.513714255964,False,False,False,False,226.88929328099937,False,False,False,False
2024-03-29 16:00:00+00:00,114.58,114.58,114.58,114.58,0.0,,,,,,,,,,,,,,,,,108.44523721205277,107.05627606741818,,107.05627606741818,,,,107.75075663973547,"rgba(0, 255, 255, 0.75)",4.270981064375309,108.7947274397127,1.3545535494275185,70.18604205404823,19.31052875563853,False,False,True,False,False,20.0,109.7224,,0.0,0.0,0.0,0.0,1.1401752190237806,0.7819332989766619,False,False,False,False,0.33153112943305496,0.32868090434971065,False,False,False,False,7971.0,6238.792571399282,False,False,False,False,223.37162981927844,False,False,False,False
2024-04-01 16:00:00+00:00,114.58,114.58,113.68,113.77,602.0,,,,,,,,,,,,,,,,,108.702869081494,107.32170893834673,,107.32170893834673,,,,108.01228900992037,"rgba(38, 166, 154, 1.0)",4.2709010769402305,108.99309387113958,1.1184773523911027,65.40442902751099,19.803542289117203,False,True,True,False,False,20.0,109.9048,,0.0,0.0,0.0,0.0,1.1220917511487138,0.7877616512289402,False,False,False,False,0.31139814588842807,0.32003952511906936,False,False,False,False,7369.0,6256.315167191541,False,False,False,False,229.24183710890205,False,False,False,False
2024-04-02 16:00:00+00:00,112.855,113.035,112.78,113.035,443.0,,,,,,,,,,,,,,,,,108.84279761019386,107.47548548579415,,107.47548548579415,,,,108.15914154799401,"rgba(38, 166, 154, 1.0)",4.263356038581805,109.08250050649593,0.927086421526937,59.22371465307215,14.167763167675787,False,True,True,False,False,19.530095507601608,110.0475,102.053775,0.0,0.0,0.0,0.0,1.1124900786492544,0.8048921278591528,False,False,False,False,0.257867063373491,0.2889532942462802,False,False,False,False,6926.0,6266.6978777777185,False,False,False,False,232.55591715372526,False,False,False,False
2024-04-03 16:00:00+00:00,114.04,114.22,113.79,114.145,275.0,,,,,,,,,,,,,,,,,108.94719517527876,107.5851616229001,,107.5851616229001,,,,108.26617839908943,"rgba(38, 166, 154, 1.0)",4.265828392454872,109.16826421422601,1.166651662447678,58.903796255721154,14.030833231394098,False,True,True,False,False,20.0,110.213,102.18900000000002,0.0,0.0,0.0,0.0,1.1106696935300806,0.8020715096481271,False,False,False,False,0.30584940979436787,0.29740135202032403,False,False,False,False,7201.0,6281.183181998218,False,False,False,False,233.21396494979152,False,False,False,False
2024-04-04 16:00:00+00:00,115.44,115.57,113.41,113.41,69.0,,,,,,,,,,,,,,,,,108.97312799129803,107.61243507670007,,107.61243507670007,,,,108.29278153399905,"rgba(38, 166, 154, 0.5)",4.252186138324052,109.60151713829724,0.8956529036623558,56.01403938335875,11.34208318232536,False,True,True,False,False,19.14276425925249,110.35700000000001,102.311,0.0,0.0,0.0,0.0,1.102147577092512,0.7893722466960353,False,False,False,False,0.3274842062833678,0.31244277915184593,False,False,False,False,7132.0,6294.37414041685,False,False,False,False,230.6680120048335,False,False,False,False
2024-04-05 16:00:00+00:00,113.52,113.89,113.52,113.68,137.0,,,,,,,,,,,,,,,,,109.01959347550321,107.66236258360784,,107.66236258360784,,,,108.34097802955553,"rgba(38, 166, 154, 1.0)",4.225947222567765,109.61098762345783,0.9628639834431647,54.98138602847177,10.328217777876368,False,True,True,False,False,19.787434621758027,110.51219999999999,102.4302,0.0,0.0,0.0,0.0,1.101477024070023,0.8122264770240699,False,False,False,False,0.29260591948719195,0.30252434931951894,False,False,False,False,7269.0,6309.48461886,False,False,False,False,229.2157947644485,False,False,False,False
2024-04-08 16:00:00+00:00,114.06,114.22,113.98,114.15,757.0,,,,,,,,,,,,,,,,,109.2823614137837,107.94232523493008,,107.94232523493008,,,,108.61234332435689,"rgba(38, 166, 154, 1.0)",4.181372438382973,109.83061976996247,1.0330053812924485,55.79100888723706,10.328217777876368,False,True,True,False,False,20.0,110.6768,102.5533,0.0,0.0,0.0,0.0,1.1036085292509579,0.8098687807545106,False,False,False,False,0.31006476563893737,0.3062945574792282,False,False,False,False,8026.0,6336.097260428062,False,False,False,False,237.39849562081363,False,False,False,False
2024-04-09 16:00:00+00:00,113.5,114.21,113.5,113.92,441.0,,,,,,,,,,,,,,,,,109.4163176859504,108.0885860392332,,108.0885860392332,,,,108.75245186259181,"rgba(38, 166, 154, 1.0)",4.148347259087925,109.92674301922102,0.9626139595789184,55.3753557557323,10.328217777876368,False,True,True,False,False,19.94417347924899,110.8368,102.67460000000001,0.0,0.0,0.0,0.0,1.0926101694915267,0.8131525423728815,False,False,False,False,0.29921492267895267,0.3027547400790904,False,False,False,False,7585.0,6355.4600935997205,False,False,False,False,240.55510809180876,False,False,False,False
2024-04-10 16:00:00+00:00,112.19,112.44,112.18,112.18,300.0,,,,,,,,,,,,,,,,,109.47175397082657,108.15748199857087,,108.15748199857087,,,,108.81461798469871,"rgba(38, 166, 154, 0.5)",4.109451375013936,109.93183628994478,0.547071495656181,49.6765974646177,4.871636586263307,False,True,False,False,False,13.18328594002034,110.97519999999999,102.78885,0.0,0.0,0.0,0.0,1.0802929427430106,0.82237017310253,False,False,False,False,0.23223768491809638,0.2674962124985934,False,False,False,False,7285.0,6369.871565016779,False,False,False,False,241.47673432294349,False,False,False,False
2024-04-11 16:00:00+00:00,112.88,113.49,112.59,113.35,457.0,,,,,,,,,,,,,,,,,109.57740261511984,108.27965540661305,,108.27965540661305,,,,108.92852901086644,"rgba(38, 166, 154, 0.5)",4.08734866926526,109.99646668823563,0.8204666602047425,49.66416524169195,4.7895638078860046,False,True,False,False,False,16.06290258388944,111.1318,102.9094,0.0,0.0,0.0,0.0,1.0791754201680683,0.8109243697478994,False,False,False,False,0.26359462282850266,0.265545417663548,False,False,False,False,7742.0,6391.144874086286,False,False,False,False,244.81818030243272,False,False,False,False
2024-04-12 16:00:00+00:00,112.54,112.54,111.685,111.685,429.0,,,,,,,,,,,,,,,,,109.64033096274498,108.36263448468647,,108.36263448468647,,,,109.00148272371572,"rgba(38, 166, 154, 0.5)",4.034219062153393,110.00784703853988,0.41573175269388807,45.88987357658805,1.1431154111557476,False,True,False,True,False,10.293299034018883,111.2575,103.023075,0.0,0.0,0.0,0.0,1.0547847970574962,0.8193198683616186,False,False,False,False,0.22383307928629032,0.24468924847491916,False,False,False,False,7313.0,6405.437201619832,False,False,False,False,247.6737123907671,False,False,False,False
2024-04-15 16:00:00+00:00,112.26,112.3,110.76,111.03,303.0,,,,,,,,,,,,,,,,,109.67175444404319,108.40954459464106,,108.40954459464106,,,,109.04064951934213,#000000,3.9550812886716216,110.00268459074931,0.25974571298779314,42.204123625070906,-2.3023695268332602,False,True,False,True,False,8.177799678846924,111.36290000000001,103.132975,0.0,0.0,0.0,0.0,1.0410863509749317,0.8229931628260322,False,False,False,False,0.1992202573040542,0.22195475288948668,False,False,False,False,7010.0,6414.810268261384,False,False,False,False,248.53148429168544,False,False,False,False
2024-04-16 16:00:00+00:00,110.31,110.31,110.04,110.25,101.0,,,,,,,,,,,,,,,,,109.67494635556886,108.41882632722543,,108.41882632722543,,,,109.04688634139714,#000000,3.8622249130882667,109.99102916181732,0.0670522416509404,38.47894866920558,-5.720997652377882,False,True,False,True,False,5.74426849373619,111.4161,103.236975,0.0,0.0,0.0,0.0,1.0332624734275366,0.8410653995248221,False,False,False,False,0.14282490161954256,0.18238982725451464,False,False,False,False,6909.0,6422.472124567409,False,False,False,False,246.24417445770584,False,False,False,False
2024-04-17 16:00:00+00:00,109.77,109.9,109.39,109.68,106.0,,,,,,,,,,,,,,,,109.65666666666667,109.67483116342667,108.42552452907242,,108.42552452907242,,,,109.25234078638857,#000000,3.7713050445090146,109.94991603895893,-0.07157099088336026,35.14339751489189,-8.758805866991615,False,True,False,True,False,4.020327134963438,111.4623,103.338025,0.0,0.0,0.0,0.0,1.0240009897315367,0.8434987009773601,False,False,False,False,0.12102839777539648,0.15170911251495556,False,False,True,False,6803.0,6428.37178155086,False,False,False,False,244.06984617153984,False,False,True,False
2024-04-18 16:00:00+00:00,109.68,111.08,109.68,110.39,600.0,,,,,,,,,,,,,,,,110.27423040604343,109.69923282245567,108.48370895041853,,108.48370895041853,,,,109.48572405963921,#000000,3.68377139419442,109.95756798472297,0.11738839602222265,35.3873833030783,-8.758805866991615,False,True,False,True,False,5.895639655414012,111.5179,103.43737499999999,0.0,0.0,0.0,0.0,1.027119056305486,0.831813206858811,False,False,False,False,0.15129078800241091,0.15149995025868324,False,False,False,False,7403.0,6443.482296565575,False,False,False,False,249.58814313012059,False,False,False,False
2024-04-19 16:00:00+00:00,110.51,110.51,110.51,110.51,0.0,,,,,,,,,,,,,,,,110.27423040604343,109.69923282245567,108.48370895041853,,108.48370895041853,,,,109.48572405963921,#000000,3.6186222864859325,109.95756798472297,0.1526636303932966,35.96256755793328,-8.758805866991615,False,True,False,True,False,6.209089126584342,111.57710000000002,103.536825,0.0,0.0,0.0,0.0,1.0357012750455385,0.8375227686703098,False,False,False,False,0.15667049692113957,0.1540852235899114,False,False,False,False,7403.0,6458.358540029674,False,False,False,False,245.7185595157001,False,False,False,False
2024-04-22 16:00:00+00:00,109.78,110.65,109.78,110.22,13.0,,,,,,,,,,,,,,,,110.27318961520629,109.69961865703033,108.4848241098241,,108.4848241098241,,,,109.48587746068692,#000000,3.548804078473172,109.95661688049084,0.07421743034697893,35.72926971115862,-8.758805866991615,False,True,False,True,False,5.310778367283778,111.6293,103.634825,0.0,0.0,0.0,0.0,1.0367638017951568,0.8337636788392969,False,False,False,False,0.1444751487595072,0.14928018617470928,False,False,False,False,7390.0,6472.802593672625,False,False,False,False,242.11051983328613,False,False,False,False
2024-04-23 16:00:00+00:00,111.665,111.91,111.55,111.73,2042.0,,,,,,,,,,,,,,,,111.35062779186285,109.91249803176561,108.78273137325421,,108.78273137325421,,,,110.01528573229422,"rgba(38, 166, 154, 0.5)",3.48217543193033,110.14607914021639,0.4548653250665138,40.45124150744104,-8.758805866991615,False,True,False,True,True,9.179235242028241,111.70729999999999,103.740375,0.0,0.0,0.0,0.0,1.0417068466730968,0.8184667309546771,False,False,False,False,0.20764274511556957,0.17846146564513943,False,False,False,False,9432.0,6518.681623228089,False,False,False,False,270.0157830916848,False,False,False,False
2024-04-24 16:00:00+00:00,112.02,112.31,111.88,112.18,454.0,,,,,,,,,,,,,,,,111.45974390876101,109.9628602609132,108.84954929949775,,108.84954929949775,,,,110.09071782305733,"rgba(38, 166, 154, 0.5)",3.416439557822252,110.18888201135547,0.5828049801395389,44.77570962990506,-11.011321498714501,False,True,False,True,True,10.27186922130904,111.7959,103.832325,0.0,0.0,0.0,0.0,1.052651093807936,0.8063280187863059,False,False,False,False,0.22308988184677156,0.2007756737459555,False,False,False,False,9886.0,6570.888109689668,False,False,False,False,272.86825157088344,False,False,False,False
2024-04-25 16:00:00+00:00,111.26,112.12,111.26,112.12,188.0,,,,,,,,,,,,,,,,111.48038299539623,109.98033957981244,108.87405997844387,,108.87405997844387,,,,110.11159418455084,"rgba(38, 166, 154, 0.5)",3.3740785502213084,110.20122684015054,0.5686806431117649,47.47249005242965,-8.500617240098343,False,True,False,False,True,10.079714763359792,111.8775,103.92397499999998,0.0,0.0,0.0,0.0,1.0406474158543328,0.8084728097602846,False,False,False,False,0.20595595921025045,0.20336581647810298,False,False,False,False,9698.0,6619.370464578201,False,False,False,False,271.55246472482327,False,False,False,False
2024-04-26 16:00:00+00:00,112.77,113.74,112.77,113.74,100.0,,,,,,,,,,,,,,,,111.53565800742221,109.99733595475978,108.89382247164939,,108.89382247164939,,,,110.14227214461046,"rgba(38, 166, 154, 1.0)",3.347465327246511,110.22032037169903,1.051446179188989,53.05740882717964,-3.354354796023621,False,True,True,False,True,13.87464473401424,111.9965,104.02102500000001,0.0,0.0,0.0,0.0,1.0498942917547582,0.8016309272123227,False,False,False,False,0.27292467645635543,0.2381452464672292,False,False,False,False,9798.0,6668.651542646756,False,False,False,False,268.89273658955466,False,False,False,False
2024-04-29 16:00:00+00:00,114.44,114.89,114.34,114.675,308.0,,,,,,,,,,,,,,,,111.78614274468644,110.06692576894345,108.96973398013793,,108.96973398013793,,,,110.27426749792261,"rgba(38, 166, 154, 1.0)",3.3364533578351567,110.30541736224326,1.3096489502829196,58.394382892667174,1.4246523562111122,False,False,True,False,True,15.908947515070917,112.1358,104.12365,0.0,0.0,0.0,0.0,1.0575513851653275,0.7962466487935659,False,False,False,False,0.3331077604342646,0.2856265034507469,False,False,False,False,10106.0,6721.943766791767,False,False,False,False,269.4990507509569,False,False,False,False
2024-04-30 16:00:00+00:00,114.32,114.32,112.71,112.71,77.0,,,,,,,,,,,,,,,,111.81506772976682,110.07880947758416,108.9838251108924,,108.9838251108924,,,,110.29256743941447,"rgba(38, 166, 154, 0.5)",3.292564489713058,110.31770613365403,0.7265746422948426,56.37163353584247,1.4246523562111122,False,True,True,False,True,9.852945809230558,112.21530000000001,104.21625,0.0,0.0,0.0,0.0,1.0400258610556026,0.8015163982602564,False,False,False,False,0.28426997402845783,0.2849482387396024,False,False,False,False,10029.0,6773.21595645391,False,False,False,False,266.5145693439653,False,False,False,False
2024-05-01 16:00:00+00:00,111.21,113.05,111.21,111.62,228.0,,,,,,,,,,,,,,,,111.823096047943,110.09939953274765,109.01257920533354,,109.01257920533354,,,,110.3116915953414,#000000,3.1623224587846557,110.33147239425176,0.40746243387318887,52.73136664499214,1.4246523562111122,False,True,True,False,False,6.769689867307484,112.2685,104.3033,0.0,0.0,0.0,0.0,1.0172235023041487,0.8201036866359449,False,False,False,False,0.224576520022171,0.2547623793808867,False,False,False,False,9801.0,6820.158344725942,False,False,False,False,265.9174442378573,False,False,False,False
2024-05-02 16:00:00+00:00,112.44,113.09,112.09,112.96,286.0,,,,,,,,,,,,,,,,111.88093518097835,110.13480158166404,109.05689219175211,,109.05689219175211,,,,110.35754298479817,"rgba(38, 166, 154, 0.5)",3.0296704322299535,110.36383432523722,0.8569135596877101,53.10064356143501,1.4246523562111122,False,True,True,False,False,9.744190457643473,112.3285,104.39292499999999,0.0,0.0,0.0,0.0,1.0218651362984232,0.8225538020086085,False,False,False,False,0.24420886111332957,0.24948562024710813,False,False,False,False,10087.0,6870.807052559649,False,False,False,False,266.22880169153393,False,False,False,False
2024-05-03 16:00:00+00:00,114.32,114.875,114.32,114.875,739.0,,,,,,,,,,,,,,,,112.28472800363096,110.28882297767203,109.22594948018191,,109.22594948018191,,,,110.59983348716163,"rgba(0, 255, 255, 0.75)",2.9867914901120765,110.53868773184004,1.451829591223739,56.396901838771235,1.4246523562111122,False,False,True,False,False,13.644745242290934,112.4268,104.49165,0.0,0.0,0.0,0.0,1.0252880022478237,0.8189379039055914,False,False,False,False,0.3323192456975647,0.2909024329723364,False,False,False,False,10826.0,6932.127873450197,False,False,False,False,273.5585877118202,False,False,False,False
2024-05-06 16:00:00+00:00,116.06,116.67,116.06,116.53,1279.0,,,,,,,,,,,,,,,,113.10856178608518,110.62778020315538,109.58116666023238,,109.58116666023238,,,,111.10583621649097,"rgba(0, 255, 255, 0.75)",2.9797418988537085,110.92975442581225,1.8794398187111905,60.58785115959368,3.1116470107462106,False,False,True,False,True,16.71696651566559,112.5526,104.59665,0.0,0.0,0.0,0.0,1.038175150033342,0.8141809290953544,False,False,False,False,0.34282825026953534,0.3168653416209359,False,False,False,False,12105.0,7012.327441303682,False,False,False,False,289.1468266620245,False,False,False,False
2024-05-07 16:00:00+00:00,116.875,116.92,116.62,116.63,308.0,,,,,,,,,,,,,,,,113.27404181529926,110.70786510543303,109.66509277275442,,109.66509277275442,,,,111.21566656449556,"rgba(0, 255, 255, 0.75)",2.9988179533138792,111.01919172009664,1.8710066323642829,63.4941934017272,5.959636870969078,True,False,True,False,True,16.89634901758061,112.68199999999999,104.70165000000001,0.0,0.0,0.0,0.0,1.038363596102747,0.8102856510186005,False,False,False,False,0.3428282503614386,0.32984679599118727,False,False,False,False,12413.0,7096.058798802849,False,False,False,False,289.4391239230784,False,False,False,False
2024-05-08 16:00:00+00:00,117.26,117.48,117.26,117.48,2885.0,,,,,,,,,,,,,,,,114.5143021602691,111.44191412184746,110.43270483915313,,110.43270483915313,,,,112.12964037375656,"rgba(0, 255, 255, 0.75)",3.0328581085020843,111.81041277248798,1.8693875627146337,66.39463990493716,8.834075460665552,True,False,True,False,True,18.407099468716023,112.84900000000002,104.8109,0.0,0.0,0.0,0.0,1.038829611703884,0.8076119238807612,False,False,False,False,0.34282825049034027,0.33633752324076377,False,False,False,False,15298.0,7223.220677891177,False,False,False,False,329.68037781574384,False,False,False,False
2024-05-09 16:00:00+00:00,117.89,118.375,117.89,118.35,691.0,,,,,,,,,,,,,,,,114.7618052859731,111.61487730856064,110.61300684862522,,110.61300684862522,,,,112.32989648105298,"rgba(0, 255, 0, 1.0)",3.0918401209205286,111.99216784298423,2.056326300314279,69.23445446519054,11.675686078015822,True,False,True,False,True,19.90329780128373,113.0282,104.92450000000001,0.0,0.0,0.0,0.0,1.0386376021798376,0.8040871934604904,False,False,False,False,0.3428282506427841,0.33958288694177396,False,False,False,False,15989.0,7359.124233272708,False,False,False,False,335.2822324232517,False,False,False,False
2024-05-10 16:00:00+00:00,118.31,118.41,118.25,118.33,889.0,,,,,,,,,,,,,,,,115.04520786801275,111.82878529453919,110.83664770504627,,110.83664770504627,,,,112.57021362253273,"rgba(0, 255, 255, 0.75)",3.1339869435214154,112.21407183551317,1.9514848896003512,71.06467998137373,13.626389254609691,True,False,True,False,True,19.84447794880619,113.1856,105.0391,0.0,0.0,0.0,0.0,1.0426356589147299,0.8039633147723552,False,False,False,False,0.342828250680358,0.341205568811066,False,False,False,False,15100.0,7479.137811051426,False,False,False,False,343.8670040135888,False,False,False,False
2024-05-13 16:00:00+00:00,118.44,118.585,118.3,118.455,2019.0,,,,,,,,,,,,,,,,115.56500391058634,112.27525512079391,111.30658586939897,,111.30658586939897,,,,113.04894830025974,"rgba(0, 255, 255, 0.75)",3.1704495347273385,112.66776488877305,1.8253673644184518,72.43164010515035,15.231290697742054,True,False,True,False,True,20.0,113.34629999999999,105.15382500000001,0.0,0.0,0.0,0.0,1.0500191749301495,0.8013477236618639,False,False,False,False,0.3428282507014282,0.3420169097562471,False,False,False,False,17119.0,7628.593038787063,False,False,False,False,369.83805821492854,False,False,False,False
2024-05-14 16:00:00+00:00,119.07,119.715,119.025,119.715,1003.0,,,,,,,,,,,,,,,,115.84159596670186,112.5090531846104,111.55001127663361,,111.55001127663361,,,,113.30022014264863,"rgba(0, 255, 0, 1.0)",3.2363830926704393,112.90680153431077,2.10364418263957,74.70884868834935,17.72107484330516,True,False,True,False,True,20.0,113.50059999999999,105.27485,0.0,0.0,0.0,0.0,1.0510794870407456,0.7896217737135439,False,False,False,False,0.34282825086648333,0.3424225803113652,False,False,False,False,18122.0,7791.281518805868,False,False,False,False,379.6545224286506,False,False,False,False
2024-05-15 16:00:00+00:00,121.16,121.33,121.16,121.3,766.0,,,,,,,,,,,,,,,,116.11881716841334,112.72061863747265,111.765900456515,,111.765900456515,,,,113.535112087467,"rgba(0, 255, 0, 1.0)",3.3286063893912208,113.12765983268925,2.4551837049154424,77.53549320751661,20.680614224270485,True,False,True,False,True,20.0,113.6866,105.4038,0.0,0.0,0.0,0.0,1.057589951032575,0.7908239301681927,False,False,False,False,0.3428282511590404,0.3426254157352028,False,False,False,False,18888.0,7963.323665801125,False,False,False,False,385.64437479409787,False,False,False,False
2024-05-16 16:00:00+00:00,121.09,121.09,120.33,120.375,1676.0,,,,,,,,,,,,,,,,116.56953873246484,113.1162511986096,112.17550636413944,,112.17550636413944,,,,113.95376543173796,"rgba(0, 255, 0, 1.0)",3.3799629335886223,113.53058871204641,2.024995960735772,76.35451535318077,20.680614224270485,True,False,True,False,True,20.0,113.8566,105.52617500000001,0.0,0.0,0.0,0.0,1.0466757981245398,0.7932778421662631,False,False,False,False,0.32550461224994426,0.3340650139925735,False,False,False,False,17212.0,8106.713996563898,False,False,False,False,405.6498883631816,False,False,False,False
2024-05-17 16:00:00+00:00,119.64,119.71,119.32,119.71,946.0,,,,,,,,,,,,,,,,116.73132344865459,113.29442901684247,112.36438224666989,,112.36438224666989,,,,114.13004490405565,"rgba(0, 255, 255, 0.75)",3.3954436919002857,113.70581768452415,1.7683056649705648,73.54299726640805,20.680614224270485,True,False,True,False,False,20.0,114.01190000000001,105.64522500000001,0.0,0.0,0.0,0.0,1.041629760850311,0.8030010941489087,False,False,False,False,0.2874650211364936,0.31076501756453356,False,False,False,False,16266.0,8233.214554756705,False,False,False,False,414.02740947382995,False,False,False,False
2024-05-20 16:00:00+00:00,120.495,120.64,120.255,120.33,452.0,,,,,,,,,,,,,,,,116.82337598079943,113.38690772696769,112.46124052071677,,112.46124052071677,,,,114.22384140949464,"rgba(0, 255, 255, 0.75)",3.4282604300982102,113.7980768421881,1.9053170816502938,72.51619218174676,20.680614224270485,True,False,True,False,False,20.0,114.1925,105.767975,0.0,0.0,0.0,0.0,1.052205031049364,0.7969687401326179,False,False,False,False,0.31707380353755704,0.31391941055104533,False,False,False,False,16718.0,8364.761615923268,False,False,False,False,414.616131807569,False,False,False,False
2024-05-21 16:00:00+00:00,120.77,121.35,120.77,121.35,1336.0,,,,,,,,,,,,,,,,117.12193079263578,113.6744055927916,112.76008008780502,,112.76008008780502,,,,114.51880549107746,"rgba(0, 255, 0, 1.0)",3.524792201401901,114.08698451408489,2.060551394498211,73.09119573299346,20.680614224270485,True,False,True,False,False,20.0,114.36890000000001,105.895925,0.0,0.0,0.0,0.0,1.0525986224170327,0.7855353788353164,False,False,False,False,0.3368158771702161,0.3253676438606307,False,False,False,False,18054.0,8514.982366063992,False,False,False,False,428.90115301985475,False,False,False,False
2024-05-22 16:00:00+00:00,121.29,121.59,120.46,121.14,679.0,,,,,,,,,,,,,,,,117.25527470519849,113.81079493452948,112.90262070302292,,112.90262070302292,,,,114.6562301142503,"rgba(0, 255, 255, 0.75)",3.598266152788995,114.22283150805426,1.9223615480984608,72.76237571749168,20.680614224270485,True,False,True,False,False,20.0,114.5337,106.022825,0.0,0.0,0.0,0.0,1.0553343114651024,0.7821211486061623,False,False,False,False,0.3356424368024084,0.33050504033151956,False,False,False,False,17375.0,8652.34698054362,False,False,False,False,432.77865452342286,False,False,False,False
2024-05-23 16:00:00+00:00,120.185,120.425,119.615,119.615,156.0,,,,,,,,,,,,,,,,117.27555736840372,113.83644599947664,112.930051541632,,112.930051541632,,,,114.68068496983744,"rgba(0, 255, 255, 0.75)",3.6248555385940957,114.24764369961666,1.480709022259428,67.9681277246601,23.41494612423709,True,False,True,False,False,17.748851456512007,114.6806,106.14255000000001,0.0,0.0,0.0,0.0,1.0382145816072914,0.7908554266777135,False,False,False,False,0.3024985671807071,0.31650180375611336,False,False,False,False,17219.0,8785.163306426664,False,False,False,False,428.48751259282716,False,False,False,False
2024-05-24 16:00:00+00:00,121.74,121.76,121.55,121.615,816.0,,,,,,,,,,,,,,,,117.44487326933438,114.00513154293684,113.10546617314411,,113.10546617314411,,,,114.85182366180511,"rgba(0, 255, 255, 0.75)",3.6969251991254235,114.41640976461794,1.9471830907168521,67.813919528547,23.051182362234854,True,False,True,False,False,20.0,114.87440000000001,106.26827499999999,0.0,0.0,0.0,0.0,1.0348309449742472,0.7892294354633077,False,False,False,False,0.34282825109554804,0.3296650274258307,False,False,False,False,18035.0,8928.571627257257,False,False,False,False,434.49545813402364,False,False,False,False
2024-05-27 16:00:00+00:00,121.615,121.615,121.615,121.615,0.0,,,,,,,,,,,,,,,,117.44487326933438,114.00513154293684,113.10546617314411,,113.10546617314411,,,,114.85182366180511,"rgba(0, 255, 255, 0.75)",3.7594156544686164,114.41640976461794,1.9148162632204495,67.7111140644716,22.615051369050434,True,False,True,False,False,20.0,115.06110000000001,106.39450000000001,0.0,0.0,0.0,0.0,1.0295861011752687,0.7915176290240166,False,False,False,False,0.3415008936495808,0.33558296053770575,False,True,False,False,18035.0,9069.756563268773,False,False,False,False,427.75909444202324,False,False,False,False
2024-05-28 16:00:00+00:00,122.04,122.04,120.895,121.22,606.0,,,,,,,,,,,,,,,,117.55517060852429,114.12170741773755,113.22745196242893,,113.22745196242893,,,,114.96810999623027,"rgba(0, 255, 255, 0.75)",3.8053824931167646,115.02153682763482,1.6288673171690513,66.47338664932299,21.091610864603766,True,False,True,False,False,19.87113034729079,115.23700000000001,106.51875,0.0,0.0,0.0,0.0,1.0275435637998882,0.7916091777811847,False,True,False,False,0.3364668260710604,0.33602489330438307,False,False,False,False,17429.0,9199.357236706466,False,False,False,False,430.522519334395,False,False,False,False
2024-05-29 16:00:00+00:00,119.28,119.55,119.08,119.08,2063.0,,,,,,,,,,,,,,,,117.70147090661158,114.38273153416115,113.51445964717315,,113.51445964717315,,,,115.19955402931531,"rgba(38, 166, 154, 1.0)",3.792730473081641,115.1291176639909,1.0416986822685979,60.51729246044058,15.363540748847598,False,False,True,False,False,14.231952692243588,115.3334,106.63147500000001,0.0,0.0,0.0,0.0,1.008509786254193,0.8040746858887723,False,False,False,False,0.2651161959989143,0.3005705446516487,False,False,False,False,15366.0,9294.964101253652,False,False,False,False,455.83224771680744,False,False,False,False
2024-05-30 16:00:00+00:00,119.605,120.035,119.38,119.595,1736.0,,,,,,,,,,,,,,,,117.83576439920884,114.6004322612779,113.7522966837302,,113.7522966837302,,,,115.39616444807233,"rgba(38, 166, 154, 1.0)",3.790094644519457,115.3181852308744,1.1284189895653245,57.5939317689567,12.684601601776627,False,False,True,False,False,15.106193345715237,115.42849999999999,106.740275,0.0,0.0,0.0,0.0,1.0074928817623263,0.7966431889704783,False,False,False,False,0.27791178919998033,0.2892411669258145,False,False,False,False,17102.0,9416.003417513286,False,False,False,False,475.6798097677097,False,False,False,False
2024-05-31 16:00:00+00:00,118.49,119.95,118.06,119.95,669.0,,,,,,,,,,,,,,,,117.87378529126464,114.67414968130558,113.83398254347678,,113.83398254347678,,,,115.46063917201566,"rgba(38, 166, 154, 1.0)",3.7827342761029716,115.37810989834438,1.208620476076806,56.37307057043366,11.538629518217363,False,False,True,False,False,15.706205446828008,115.5353,106.85037499999999,0.0,0.0,0.0,0.0,0.9990641316126497,0.8003152398778447,False,False,False,False,0.255069937542961,0.2721555522343877,False,False,False,False,17771.0,9545.538248249515,False,False,False,False,478.6770220193731,False,False,False,False
2024-06-03 16:00:00+00:00,119.26,119.71,118.76,119.71,329.0,,,,,,,,,,,,,,,,117.89268985945677,114.71012306919984,113.8738063200371,,113.8738063200371,,,,115.49220641623123,"rgba(38, 166, 154, 1.0)",3.7616410605571,115.40804383516193,1.1436381344159774,54.960870827289966,10.108956425053492,False,False,True,False,False,15.083645951953415,115.64450000000001,106.96292500000001,0.0,0.0,0.0,0.0,1.0085742283194519,0.7983831455169035,False,False,False,False,0.26129215225722907,0.2667238522458084,False,False,False,False,17442.0,9667.964011842545,False,False,False,False,476.3564480345766,False,False,False,False
2024-06-04 16:00:00+00:00,119.05,119.34,118.49,119.1,2233.0,,,,,,,,,,,,,,,,117.97709324220659,114.92000547074068,114.11040205422086,,114.11040205422086,,,,115.66916692238938,"rgba(38, 166, 154, 0.5)",3.745510697807185,115.57198937736473,0.9419304621665462,52.50930184327519,7.685437971516748,False,True,False,False,False,13.508141620500883,115.74439999999998,107.071875,0.0,0.0,0.0,0.0,0.9989799883427246,0.8033320380804352,False,False,False,False,0.2492272920308122,0.2579755721383103,False,False,False,False,15209.0,9753.87154654266,False,False,False,False,503.5912317859785,False,False,False,False
2024-06-05 16:00:00+00:00,120.41,120.73,120.41,120.73,2211.0,,,,,,,,,,,,,,,,118.16650814205705,115.18490039352433,114.39627696603928,,114.39627696603928,,,,115.91589516720688,"rgba(38, 166, 154, 1.0)",3.7602454671169614,115.82701976483621,1.3038989816063755,54.49207252038915,7.685437971516748,False,False,True,False,False,16.3070659702118,115.86200000000001,107.18922500000001,0.0,0.0,0.0,0.0,1.0029372110939914,0.8014734206471493,False,False,False,False,0.3051531600537575,0.28156436609603386,False,False,False,False,17420.0,9872.726251247424,False,False,False,False,530.0626855567385,False,False,False,False
2024-06-06 16:00:00+00:00,119.76,119.76,119.395,119.415,531.0,,,,,,,,,,,,,,,,118.18943857415661,115.23275970361134,114.44976039395183,,114.44976039395183,,,,115.95731955723993,"rgba(38, 166, 154, 0.5)",3.7618987598392337,115.86746503559668,0.9430171280193971,52.730653115511686,7.685437971516748,False,True,True,False,False,13.009341357527585,115.95870000000001,107.30030000000001,0.0,0.0,0.0,0.0,1.0021995887725343,0.8022760962081,False,False,False,False,0.2714133814678507,0.2764888737819423,False,False,False,False,16889.0,9981.50568921258,False,False,False,False,530.0772175636107,False,False,False,False
2024-06-07 16:00:00+00:00,119.34,119.34,118.61,118.665,1239.0,,,,,,,,,,,,,,,,118.21532058544355,115.32407508675279,114.55483388311401,,114.55483388311401,,,,116.0314098517701,"rgba(38, 166, 154, 0.5)",3.7478823834748396,115.93720605433998,0.7278227186870677,50.04456371683746,5.250450939598046,False,True,False,False,False,11.19752478438238,116.0404,107.40542500000001,0.0,0.0,0.0,0.0,0.9950438429279455,0.8055661456347692,False,False,False,False,0.2511415630615493,0.2638152184217458,False,False,False,False,15650.0,10069.389321937966,False,False,False,False,541.0682684540973,False,False,False,False
2024-06-10 16:00:00+00:00,119.29,119.74,119.22,119.645,8381.0,,,,,,,,,,,,,,,,118.48481944444445,115.935134937812,115.24446876944849,,115.24446876944849,,,,116.55480771723497,"rgba(38, 166, 154, 0.5)",3.7499797597052287,116.45826714789773,0.8498000139480123,50.45443039414462,5.250450939598046,False,True,False,False,False,12.90204246231367,116.15789999999998,107.516525,0.0,0.0,0.0,0.0,0.9944725279916856,0.7974677564132848,False,False,False,False,0.26769605469785807,0.26575563655980194,False,False,False,False,24031.0,10285.848402217998,False,False,False,False,662.6175976253516,False,False,False,False
2024-06-11 16:00:00+00:00,118.08,118.65,118.03,118.445,411.0,,,,,,,,,,,,,,,,118.4837305493233,115.95237498424048,115.26558421133244,,115.26558421133244,,,,116.56722991496541,"rgba(38, 166, 154, 0.5)",3.729140075500435,116.47018288419108,0.5295636730792167,48.31492414587066,3.305991696717051,False,True,False,True,False,10.062608494781973,116.26610000000001,107.61795000000001,0.0,0.0,0.0,0.0,0.9832600766856826,0.8052931824558122,False,False,False,False,0.2295124185261775,0.24763402754298972,False,False,False,False,23620.0,10492.57943474175,False,False,False,False,658.7165496001523,False,False,False,False
2024-06-12 16:00:00+00:00,121.145,121.71,120.86,121.25,3702.0,,,,,,,,,,,,,,,,118.71244424512214,116.27076555462165,115.60967554200957,,115.60967554200957,,,,116.86429511391778,"rgba(38, 166, 154, 1.0)",3.731572449510612,117.07401994968625,1.1190939226870498,51.938898118310064,3.305991696717051,False,True,True,False,True,14.7079574944182,116.40820000000002,107.733,0.0,0.0,0.0,0.0,0.9833416549407656,0.801234623938995,False,False,False,False,0.3298029107505185,0.2887184691467541,False,False,False,False,27322.0,10753.50068381552,False,False,False,False,705.8992387536383,False,False,False,False
2024-06-13 16:00:00+00:00,119.53,120.065,119.41,120.03,2300.0,,,,,,,,,,,,,,,,118.76685341285061,116.39851987491167,115.75486267977367,,115.75486267977367,,,,116.97341198917866,"rgba(38, 166, 154, 0.5)",3.709298878652387,117.13965082163278,0.7792171170141188,52.04713664859529,3.305991696717051,False,True,True,False,True,11.947497334394914,116.5406,107.83855,0.0,0.0,0.0,0.0,0.9755040007152119,0.8080103705690401,False,False,False,False,0.2764236663124563,0.28257106772960516,False,False,False,False,25022.0,10974.717727477295,False,False,False,False,730.613979238078,False,False,False,False
2024-06-14 16:00:00+00:00,117.71,118.065,117.71,118.065,478.0,,,,,,,,,,,,,,,,118.75867396187576,116.40996705132567,115.77040369952825,,115.77040369952825,,,,116.97968157090988,#000000,3.677425503437699,117.13137852357914,0.2538790998072139,49.072583231648125,3.305991696717051,False,True,False,False,False,7.761898440203598,116.6283,107.93442499999999,0.0,0.0,0.0,0.0,0.9661352827197466,0.8166725383124889,False,False,False,False,0.21454245027084617,0.24855675900022567,False,False,False,False,24544.0,11185.094196818733,False,False,False,False,726.6974834359372,False,False,False,False
2024-06-17 16:00:00+00:00,117.89,118.93,117.89,118.77,917.0,,,,,,,,,,,,,,,,118.75438117561961,116.43961899241948,115.80743740030142,,115.80743740030142,,,,117.00047918944684,#000000,3.6491077213700938,117.13391717612379,0.4483514735108792,48.33958122701499,3.230689599652152,False,True,False,True,False,8.926370761868306,116.7207,108.03082500000001,0.0,0.0,0.0,0.0,0.9645340446932263,0.8103817728604537,False,False,False,False,0.23183710938274094,0.2401969341914833,False,False,False,False,25461.0,11406.426069736272,False,False,False,False,729.6479100493335,False,False,False,False
2024-06-18 16:00:00+00:00,119.52,119.89,119.52,119.85,287.0,,,,,,,,,,,,,,,,118.76021610528817,116.45406145279674,115.82394140993128,,115.82394140993128,,,,117.0127396560054,"rgba(38, 166, 154, 0.5)",3.6578957853631167,117.14417101374465,0.7397228201750792,49.65785868649069,3.230689599652152,False,True,False,False,False,10.667975153871264,116.83929999999998,108.13192500000001,0.0,0.0,0.0,0.0,0.9724499978307087,0.8069764414942077,False,False,False,False,0.2753198813767129,0.2577584077840981,False,False,False,False,25748.0,11628.776053151212,False,False,False,False,722.785151753995,False,False,False,False
2024-06-19 16:00:00+00:00,119.85,119.85,119.85,119.85,0.0,,,,,,,,,,,,,,,,118.76021610528817,116.45406145279674,115.82394140993128,,115.82394140993128,,,,117.0127396560054,"rgba(38, 166, 154, 0.5)",3.663633399329872,117.14417101374465,0.738564340730782,50.53671032614116,3.230689599652152,False,True,False,False,False,10.667975153871264,116.9927,108.23575000000001,0.0,0.0,0.0,0.0,0.9815843576396486,0.8056515463015612,False,False,False,False,0.28024955676282537,0.26900398227346173,False,False,False,False,25748.0,11847.678750001582,False,False,False,False,711.5791804089719,False,False,False,False
2024-06-20 16:00:00+00:00,119.365,119.4,118.825,119.015,1225.0,,,,,,,,,,,,,,,,118.76799480407732,116.50201933159397,115.88105052283929,,115.88105052283929,,,,117.05035488617018,#000000,3.6535608485249753,117.16851406938432,0.5053935070935395,49.54017486957362,3.230689599652152,False,True,False,False,False,8.887928487981114,117.10600000000001,108.334875,0.0,0.0,0.0,0.0,0.9814620496677162,0.8011105281566978,False,False,False,False,0.2546613969083744,0.2618326895909181,False,False,False,False,24523.0,12044.195358528688,False,False,False,False,719.5391931158094,False,False,False,False
2024-06-21 16:00:00+00:00,118.32,118.32,117.905,118.16,1096.0,,,,,,,,,,,,,,,,118.75437017387024,116.52816593566178,115.9157708030843,,115.9157708030843,,,,117.06610230420544,#000000,3.633657635332678,117.16839263630192,0.27289509998299377,47.37533048719609,1.6472661593417897,False,True,False,True,False,7.105393205611417,117.23549999999999,108.42362499999999,0.0,0.0,0.0,0.0,0.9748460631468626,0.8061050700903967,False,False,False,False,0.21771680816633407,0.2397747488786261,False,False,False,False,23427.0,12220.67294986933,False,False,False,False,725.3757947729287,False,False,False,False
2024-06-24 16:00:00+00:00,118.4,118.65,118.38,118.435,300.0,,,,,,,,,,,,,,,,118.7528281101064,116.53675424632324,115.92660431785956,,115.92660431785956,,,,117.07206222476309,#000000,3.603348609030058,117.17121087574817,0.35072629972152863,46.56092025960018,0.6866464551593765,False,True,False,True,False,7.575607911488024,117.38359999999999,108.5123,0.0,0.0,0.0,0.0,0.9683641636275762,0.8115910189375628,False,False,False,False,0.23153251163098845,0.2356536302548073,False,False,False,False,23727.0,12399.065617313216,False,False,False,False,718.7808212105576,False,False,False,False
2024-06-25 16:00:00+00:00,117.41,117.695,117.24,117.62,559.0,,,,,,,,,,,,,,,,118.73963719774443,116.54470300352502,115.93899709369802,,115.93899709369802,,,,117.07444576498915,#000000,3.5839888656620906,117.1651407412123,0.12691424997038264,44.52847890845001,-1.401153873713504,False,True,False,True,False,5.8816226603895885,117.531,108.5847,0.0,0.0,0.0,0.0,0.959396650004385,0.8164079628168023,False,False,False,False,0.19574452598640524,0.21569907812060626,False,False,False,False,23168.0,12566.025840300608,False,False,False,False,716.3035991762854,False,False,False,False
2024-06-26 16:00:00+00:00,116.11,116.29,115.725,116.06,2177.0,,,,,,,,,,,,,,,,118.63118521984879,116.52881420834092,115.94152806128193,,115.94152806128193,,,,117.03384249649055,#000000,3.564137757572735,117.08378706505397,-0.28724677178336405,40.79451723210449,-4.9599638168804745,False,True,False,True,False,2.765698792151632,117.6586,108.64945,0.0,0.0,0.0,0.0,0.9459751719365024,0.8198884034776587,False,False,False,False,0.14665712135787276,0.1811780997392395,False,False,False,False,20991.0,12696.645594714551,False,False,False,False,738.9500550030095,False,False,False,False
2024-06-27 16:00:00+00:00,115.62,115.82,115.41,115.79,871.0,,,,,,,,,,,,,,,,118.5846507294282,116.5184764653107,115.93840701796573,,115.93840701796573,,,,117.0138447375682,#000000,3.535246328561031,117.04999244642198,-0.35640867122683256,37.93636098047161,-7.590028092156388,False,True,False,True,False,2.2401738715864923,117.7666,108.7163,0.0,0.0,0.0,0.0,0.9477101398753758,0.8176826876988101,False,False,False,False,0.13036151945609104,0.1557698095976653,False,False,False,False,20120.0,12811.736360687968,False,False,False,False,740.997340971955,False,False,False,False
2024-06-28 16:00:00+00:00,115.94,115.94,115.02,115.44,3493.0,,,,,,,,,,,,,,,115.46666666666667,118.39960386366725,116.46986030796643,115.91737293472382,,115.91737293472382,,,,116.56337594325603,#000000,3.500811135094872,116.83165646979792,-0.3975240068928222,35.53489767251946,-9.784310641539747,False,True,False,True,False,1.5558497911193214,117.8652,108.78130000000002,0.0,0.0,0.0,0.0,0.9391368339032942,0.8178433834033155,False,False,False,False,0.12380298176026235,0.1397863956789638,False,False,False,False,16627.0,12870.887734940867,False,False,False,False,783.6640488638627,False,False,False,False
2024-07-01 16:00:00+00:00,115.085,115.325,115.055,115.055,43.0,,,,,,,,,,,,,,,115.46275499622925,118.39722779673679,116.4691068893767,115.91694921453049,,115.91694921453049,,,,116.5615097242183,"rgba(239, 83, 80, 0.5)",3.472769586886559,116.82988349829222,-0.5110858794071184,33.38009330179658,-11.778270557143948,False,True,False,True,False,0.8020325948863203,117.96189999999999,108.843825,0.0,0.0,0.0,0.0,0.9384042276704496,0.8253486961795024,False,False,False,False,0.11116229370693798,0.12547434469295088,False,False,False,False,16584.0,12928.455366957287,False,False,False,False,772.1808853155857,False,False,False,False
2024-07-02 16:00:00+00:00,115.295,115.83,115.145,115.83,1070.0,,,,,,,,,,,,,,,115.49502496743378,118.34734785194573,116.45700317754242,115.91270322542745,,115.91270322542745,,,,116.55301980558734,#000000,3.4436498642266202,116.80290835454998,-0.2825224377939141,34.52251971489126,-11.778270557143948,False,True,False,True,False,2.272983998078214,118.0439,108.910275,0.0,0.0,0.0,0.0,0.9363455895045745,0.8228465389262901,False,False,False,False,0.12062420118711459,0.12304927294003273,False,False,False,False,17654.0,13001.719624833919,False,False,False,False,776.7982359308479,False,False,False,False
2024-07-03 16:00:00+00:00,117.915,118.14,117.88,118.14,1406.0,,,,,,,,,,,,,,,116.09332529385672,118.34061246435844,116.48574488837662,115.9499255897169,,115.9499255897169,,,,116.71740205907717,#000000,3.4411427797508285,116.85833682498814,0.37245277428002044,40.9253348024138,-14.400545636864422,False,True,False,True,True,6.408779432086689,118.1631,108.983375,0.0,0.0,0.0,0.0,0.9406765183223713,0.8310839668574354,False,False,False,False,0.20890157875014434,0.16597542584508854,False,False,False,False,19060.0,13095.646452355873,False,False,False,False,786.5533020404472,False,False,False,False
2024-07-04 16:00:00+00:00,118.14,118.14,118.14,118.14,0.0,,,,,,,,,,,,,,,116.09332529385672,118.34061246435844,116.48574488837662,115.9499255897169,,115.9499255897169,,,,116.71740205907717,#000000,3.4421474061647026,116.85833682498814,0.37234407007569376,45.19387819409549,-10.640686423596222,False,True,False,True,True,6.408779432086689,118.2835,109.056475,0.0,0.0,0.0,0.0,0.9335013239941917,0.8310839668574354,False,False,False,False,0.21352750120479325,0.18975146352494088,False,False,False,False,19060.0,13188.117049993767,False,False,False,False,774.3586772026108,False,False,False,False
2024-07-05 16:00:00+00:00,117.935,118.3,117.935,118.23,593.0,,,,,,,,,,,,,,,116.27842341660359,118.33883625419571,116.49832534770317,115.96597952552243,,115.96597952552243,,,,116.77039113600621,#000000,3.4415987891132582,116.87826539884477,0.39276356251377836,48.24059101588139,-7.9908201734658775,False,True,False,False,True,6.5666530058457475,118.3733,109.13275,0.0,0.0,0.0,0.0,0.9319449767897451,0.8302031429666535,False,False,False,False,0.21272622160543023,0.20123884256518554,False,False,False,False,19653.0,13288.347793404717,False,False,False,False,771.546914765361,False,False,False,False
2024-07-08 16:00:00+00:00,118.745,118.82,118.62,118.715,1138.0,,,,,,,,,,,,,,,116.63702053467648,118.34567978216545,116.5299757791391,116.0039044142278,,116.0039044142278,,,,116.8791451275522,"rgba(38, 166, 154, 0.5)",3.441072791289886,116.92596901251727,0.5199050110219011,51.38643663779088,-5.164284472033003,False,True,True,False,True,7.421955392039006,118.4541,109.214275,0.0,0.0,0.0,0.0,0.9346135871181546,0.8309470195861833,False,False,False,False,0.23427932554216463,0.21775908405367508,False,False,False,False,20791.0,13404.667982654257,False,False,False,False,777.2283579472933,False,False,False,False
2024-07-09 16:00:00+00:00,118.775,119.19,118.73,118.73,850.0,,,,,,,,,,,,,,,116.85922068350207,118.35282540600828,116.55477222297971,116.03323739498309,,116.03323739498309,,,,116.95001392686828,"rgba(38, 166, 154, 0.5)",3.438245476250287,116.96024330209622,0.5147266854936329,53.519520292314475,-3.1868386876738484,False,False,True,False,True,7.448600022488069,118.57449999999999,109.29032500000001,0.0,0.0,0.0,0.0,0.9343084423915834,0.8356000342143527,False,False,False,False,0.24292361295144466,0.23034134850255988,False,False,False,False,21641.0,13532.363052690625,False,False,False,False,778.3566004597383,False,False,False,False
2024-07-10 16:00:00+00:00,120.0,120.91,120.0,120.91,1301.0,,,,,,,,,,,,,,,117.35198672596186,118.397759244219,116.61908094633935,116.10345254110607,,116.10345254110607,,,,117.11806986440658,"rgba(38, 166, 154, 1.0)",3.4675516026611217,117.05336165906405,1.1122079158032498,59.0722592507765,1.9792724972362663,True,False,True,False,True,11.180229190249136,118.7603,109.37602500000001,0.0,0.0,0.0,0.0,0.9285414392476278,0.827105550424049,False,False,False,False,0.29763729980920584,0.26398932415588283,False,False,False,False,22942.0,13678.248896834957,False,False,False,False,786.4595989022229,False,False,False,False
2024-07-11 16:00:00+00:00,122.305,122.305,121.575,121.715,1934.0,,,,,,,,,,,,,,,118.08991094577839,118.49755897367206,116.73999729856422,116.23201281045444,,116.23201281045444,,,,117.38987000711727,"rgba(38, 166, 154, 1.0)",3.5066819395585065,117.22087503272162,1.281588990601239,63.85457800700473,6.319637072910069,True,False,True,False,True,12.481553708612626,118.93539999999999,109.4646,0.0,0.0,0.0,0.0,0.9366956811461413,0.8259964183082752,False,False,False,False,0.34282825065045486,0.30340878740316884,False,False,False,False,24876.0,13851.857441070073,False,False,False,False,804.2509229502504,False,False,False,False
2024-07-12 16:00:00+00:00,123.21,123.44,122.755,122.755,1084.0,,,,,,,,,,,,,,,118.50072800495664,118.56877947027951,116.8196275640271,116.31540613581282,,116.31540613581282,,,,117.55113529376902,"rgba(38, 166, 154, 1.0)",3.5639643100912464,117.78147719615163,1.3955029767739267,68.25154834985851,10.29545734328741,True,False,True,False,True,14.118106086485579,119.09299999999999,109.55837500000001,0.0,0.0,0.0,0.0,0.9369354573821645,0.8162670389226472,False,True,False,False,0.3428282508596684,0.32311851913141865,False,False,False,False,25960.0,14039.580581518598,False,False,False,False,808.5881179432697,False,False,False,False
2024-07-15 16:00:00+00:00,122.275,122.275,121.325,121.365,912.0,,,,,,,,,,,,,,,118.70882233796299,118.60946100182596,116.87096350104378,116.37032560805979,,116.37032560805979,,,,117.63989311222312,"rgba(38, 166, 154, 0.5)",3.5820038153712077,117.80283145874296,0.9944625201042353,66.81147522599355,10.29545734328741,True,False,True,False,True,11.04619399314032,119.18970000000002,109.6452,0.0,0.0,0.0,0.0,0.92985656247409,0.8201641654920817,False,False,False,False,0.29735325963685577,0.3102358893841372,False,False,False,False,25048.0,14210.25375079738,False,False,False,False,810.1914029363973,False,False,False,False
2024-07-16 16:00:00+00:00,122.16,123.075,122.16,123.075,579.0,,,,,,,,,,,,,,,118.87208151079638,118.64399002857171,116.91045821240112,116.41184328862688,,116.41184328862688,,,,117.70959326009901,"rgba(38, 166, 154, 1.0)",3.6196052121595295,117.8553669213748,1.4420448564640753,68.143704395637,10.29545734328741,True,False,True,False,True,13.698766612136403,119.3186,109.740575,0.0,0.0,0.0,0.0,0.9316592368410289,0.8081469060570118,False,False,False,False,0.3242684274818137,0.3172521584329755,False,False,False,False,25627.0,14387.257568614474,False,False,False,False,806.607040100174,False,False,False,False
2024-07-17 16:00:00+00:00,120.83,120.83,119.83,119.83,2068.0,,,,,,,,,,,,,,,119.0342033472973,118.68772978905066,116.98642683711839,116.49680097900713,,116.49680097900713,,,,117.80129023811838,"rgba(38, 166, 154, 0.5)",3.6159017640926168,117.86223213949876,0.5441983739829384,62.203954509545184,10.29545734328741,True,False,True,False,False,7.104586286843283,119.3656,109.817225,0.0,0.0,0.0,0.0,0.9167004623246003,0.8165706869981343,False,False,False,False,0.23582344526862956,0.2765378018508025,False,False,False,False,23559.0,14529.455125690218,False,False,False,False,826.1635200986209,False,False,False,False
2024-07-18 16:00:00+00:00,118.7,119.01,118.005,118.43,1194.0,,,,,,,,,,,,,,,118.9968566845929,118.68436067900895,117.00632049296318,116.5224187934407,,116.5224187934407,,,,117.80248916250143,#000000,3.5911790856521963,117.83175723406472,0.16658672588215828,56.178794515515605,14.700262073353386,False,False,True,False,False,4.502560401407948,119.36720000000001,109.88627499999998,0.0,0.0,0.0,0.0,0.903566710700132,0.8285897281934269,False,False,False,False,0.16160670905283708,0.2190722554518198,False,False,False,False,22365.0,14650.93644157099,False,False,False,False,831.8664112598825,False,False,False,False
2024-07-19 16:00:00+00:00,118.18,118.38,117.6,117.665,2259.0,,,,,,,,,,,,,,,118.87041549554978,118.66027570054148,117.02781358013951,116.55481871900385,,116.55481871900385,,,,117.77833087380864,#000000,3.5667916514264184,117.77462336111688,-0.030734444798039724,51.12704843201517,10.070561752312841,False,False,False,False,False,3.122095392815247,119.35390000000001,109.95030000000001,0.0,0.0,0.0,0.0,0.8978993453026466,0.8382937703337751,False,False,False,False,0.14201904895630163,0.1805456522040607,False,False,False,False,20106.0,14735.511070383842,False,False,False,False,853.992513410892,False,False,False,False
2024-07-22 16:00:00+00:00,119.29,119.715,119.01,119.715,490.0,,,,,,,,,,,,,,,118.88504743476702,118.66557631823198,117.04080466418712,116.56986531597725,,116.56986531597725,,,,117.79032343329085,"rgba(38, 166, 154, 0.5)",3.55783088462677,117.7831222680368,0.542993131098714,51.19945866744909,10.062581766452581,False,False,False,False,False,6.380164630664648,119.3791,110.023325,0.0,0.0,0.0,0.0,0.8951010240797119,0.8295836463564114,False,False,False,False,0.19424792492851936,0.18739678856629005,False,False,False,False,20596.0,14826.371363866263,False,False,False,False,848.3492186293278,False,False,False,False
2024-07-23 16:00:00+00:00,120.14,120.14,119.42,119.49,2484.0,,,,,,,,,,,,,,,118.97164635921625,118.69787987205206,117.1099172948955,116.64898888934353,,116.64898888934353,,,,117.85710810387684,#000000,3.5424339179529594,117.83629320933463,0.46682784463089805,50.885739905525,9.37426021513248,False,False,False,False,False,5.969121956446951,119.37460000000002,110.09522500000001,0.0,0.0,0.0,0.0,0.8981974519780693,0.8283832288092139,False,False,False,False,0.2103323278036056,0.19886455818494783,False,False,False,False,18112.0,14877.311342721048,False,False,False,False,873.708145472284,False,False,False,False
2024-07-24 16:00:00+00:00,118.35,118.35,116.775,116.775,1745.0,,,,,,,,,,,,,,,118.85327510178686,118.66739090401552,117.11334668789607,116.66040738172053,,116.66040738172053,,,,117.82360501885474,#000000,3.4890692981894253,117.79668527386913,-0.2928245863156989,46.93949384679006,5.243352164673283,False,True,False,True,False,1.2283803918413945,119.2841,110.15334999999999,0.0,0.0,0.0,0.0,0.888828675389022,0.8360687466129906,False,False,False,False,0.12591983551999802,0.16239219685247291,False,False,False,False,16367.0,14900.407290895915,False,False,False,False,887.2165463176749,False,False,False,False
2024-07-25 16:00:00+00:00,116.48,117.165,115.44,115.44,15909.0,,,,,,,,,,,,,,,117.7397882554087,118.22745046829657,116.95820509633309,116.57143022409394,,116.57143022409394,,,,117.37421851103308,"rgba(239, 83, 80, 0.5)",3.463488845367119,117.35771666372017,-0.5536950599062487,42.87896455479216,1.138537794456333,False,True,False,True,False,0.0,119.18539999999999,110.20480000000002,0.0,0.0,0.0,0.0,0.8799419381947361,0.845066656480385,False,False,False,False,0.07881347179905587,0.1206028343257644,False,False,False,False,458.0,14676.493999564194,False,False,False,False,1120.1124138166256,False,False,False,False
2024-07-26 16:00:00+00:00,117.61,118.0,117.355,117.665,569.0,,,,,,,,,,,,,,,117.73886870455486,118.22418264513631,116.96179972143449,116.57683678690196,,116.57683678690196,,,,117.3754219645069,#000000,3.3946196737970795,117.35897460857333,0.09015012603293057,43.886045644122234,1.138537794456333,False,True,False,True,False,2.568413893511373,119.14450000000001,110.26737499999999,0.0,0.0,0.0,0.0,0.8822449514817727,0.8302798696189727,False,False,False,False,0.13024389742016912,0.12542336587296676,False,False,False,False,1027.0,14464.873937555447,False,False,False,False,1111.5680353078408,False,False,False,False
2024-07-29 16:00:00+00:00,117.03,117.34,117.02,117.02,1756.0,,,,,,,,,,,,,,,117.7137963632406,118.20456499389249,116.96431815348029,116.58503825364055,,116.58503825364055,,,,117.36692944106349,#000000,3.3063865404630786,117.35117782880879,-0.10016307069844514,43.75022868626158,1.138537794456333,False,True,False,True,False,1.5206596248868962,119.0783,110.32672499999998,0.0,0.0,0.0,0.0,0.879971484316374,0.8325453999699834,False,False,False,False,0.11038417400265459,0.11790376993781068,False,False,False,False,-729.0,14229.310000539082,False,False,False,False,1121.5592285588818,False,False,False,False
2024-07-30 16:00:00+00:00,116.025,116.185,115.615,115.92,2490.0,,,,,,,,,,,,,,,117.61461076700392,118.1477619874913,116.94189444704608,116.57098698421407,,116.57098698421407,,,,117.31881354643885,#000000,3.1963364093039206,117.30560346030254,-0.4334973803975415,42.32752863665331,-0.6032861821594793,False,True,False,True,False,0.0,118.96969999999999,110.38057500000001,0.0,0.0,0.0,0.0,0.8754138610914769,0.8370224322011828,False,False,False,False,0.06241788038072815,0.09016082515926942,False,False,False,False,-3219.0,13958.793566422199,False,False,False,False,1142.775364550217,False,False,False,False
2024-07-31 16:00:00+00:00,119.49,119.66,118.875,119.155,295.0,,,,,,,,,,,,,,,117.62504701210342,118.15092219747585,116.94762734273252,116.57749616899564,,116.57749616899564,,,,117.32527318032686,"rgba(38, 166, 154, 0.5)",3.055499030326265,117.31182122472589,0.6032333039481599,46.083220874582956,-0.6032861821594793,False,True,False,True,True,4.614262179169948,118.93,110.46005,0.0,0.0,0.0,0.0,0.8813159708368093,0.8334723783960245,False,False,False,False,0.18910563801562302,0.13963323158744623,False,False,False,False,-2924.0,13697.044828958287,False,False,False,False,1129.6315604486633,False,False,False,False
2024-08-01 16:00:00+00:00,116.44,116.63,115.21,115.97,4256.0,,,,,,,,,,,,,,,117.48109599743579,118.06141059007162,116.91235857459802,116.55563593397662,,116.55563593397662,,,,117.25262527402052,#000000,2.9352634855716335,117.24288848859894,-0.433653910409016,44.919884785438896,-0.6032861821594793,False,True,False,True,True,0.0,118.8571,110.52375,0.0,0.0,0.0,0.0,0.8728213121723111,0.8429219214963866,False,False,False,False,0.030047029566973704,0.08484013057720996,False,False,False,False,-7180.0,13373.369715331026,False,False,False,False,1178.102388968839,False,False,False,False
2024-08-02 16:00:00+00:00,113.375,113.435,112.56,113.085,1876.0,,,,,,,,,,,,,,,117.3197547334955,117.97326721539422,116.85351107056742,116.50335903611281,,116.50335903611281,,,,117.16247301389248,"rgba(239, 83, 80, 1.0)",2.860660041646731,117.15676997259688,-1.4233673045095494,41.688236188034054,-1.8564766624088804,False,True,False,True,False,0.0,118.6865,110.58347499999999,0.0,0.0,0.0,0.0,0.8582188901345288,0.8532791479820626,False,False,False,False,-0.09699531212443442,-0.006077590773612231,False,False,False,False,-9056.0,13025.627549201861,False,False,False,False,1188.922506969322,False,False,False,False
2024-08-05 16:00:00+00:00,110.36,111.04,109.595,109.865,13162.0,,,,,,,,,,,,,,110.16666666666667,115.87032827349795,117.11928341880055,116.21124531138253,115.90677568990424,,115.90677568990424,,,,115.05485987205039,"rgba(255, 26, 202, 1.0)",2.8740160478403127,115.9655546392296,-2.1226585160559135,37.43848571378652,-6.018906600902618,False,True,False,True,False,0.0,118.4515,110.62825000000001,0.0,0.0,0.0,0.0,0.8455610357583228,0.858953281271407,True,False,False,False,-0.21344273801123845,-0.10976016439242534,False,False,False,False,-22218.0,12479.214718981677,True,False,False,False,1374.5516153884023,True,False,False,False
2024-08-06 16:00:00+00:00,110.545,111.96,110.545,110.96,1237.0,,,,,,,,,,,,,,110.25157314165337,115.78220927187668,117.05858860662298,116.1660111303165,115.86509965328733,,115.86509965328733,,,,115.02469636075136,"rgba(255, 0, 0, 1.0)",2.898074534757417,115.91621551179155,-1.7101753085886091,36.11909167364804,-7.412180401557251,False,True,False,True,False,0.0,118.24629999999999,110.67715,0.0,0.0,0.0,0.0,0.8493150684931502,0.8500253678335868,False,False,False,False,-0.17533033042992094,-0.14254524741117314,False,False,False,False,-20981.0,11960.451700082736,False,False,False,False,1372.4190322040859,False,False,False,False
2024-08-07 16:00:00+00:00,112.465,112.465,110.77,110.77,1488.0,,,,,,,,,,,,,,110.35304850926335,115.68443519353045,116.9893719049012,116.11457584126957,115.8178048369782,,115.8178048369782,,,,114.99184725718855,"rgba(255, 0, 0, 1.0)",2.940683328997166,115.860883635196,-1.7311907014932155,35.10198814615299,-8.633605740024926,False,True,False,True,False,0.0,118.0801,110.7251,0.0,0.0,0.0,0.0,0.8512830807320416,0.8482719395095185,False,False,False,False,-0.1631939809568232,-0.15286961418399816,False,False,False,False,-22469.0,11426.661751244244,False,False,False,False,1374.2109851931698,False,False,False,False
2024-08-08 16:00:00+00:00,112.765,113.305,112.71,113.145,714.0,,,,,,,,,,,,,,110.46918629399836,115.65696817506154,116.96666362309236,116.09901607426333,115.80402503473162,,115.80402503473162,,,,114.99917184022942,"rgba(239, 83, 80, 0.5)",2.915287798133549,115.84953326385703,-0.9277071257213609,37.718780713367025,-8.633605740024926,False,True,False,True,False,0.0,117.95110000000001,110.78642500000002,0.0,0.0,0.0,0.0,0.8533465215957794,0.8375535773161883,False,False,False,False,-0.10257633548092197,-0.12772297483246006,False,False,False,False,-21755.0,10912.2173830079,False,False,False,False,1363.9751559653687,False,False,False,False
2024-08-09 16:00:00+00:00,113.11,113.96,113.11,113.72,1045.0,,,,,,,,,,,,,,110.65439636933773,115.62596277361752,116.93844597752724,116.08053817653345,115.78803810949545,,115.78803810949545,,,,115.0174762813023,"rgba(239, 83, 80, 0.5)",2.9156843262072285,115.83906694996386,-0.7267820219483033,40.198617748141245,-8.633605740024926,False,True,False,True,True,0.0,117.8265,110.851175,0.0,0.0,0.0,0.0,0.8565705654429628,0.8336507519537663,False,False,False,False,-0.07979084041870188,-0.10375690762558097,False,False,False,False,-20710.0,10421.950446837232,False,False,False,False,1359.0298047100916,False,False,False,False
2024-08-12 16:00:00+00:00,113.75,113.75,113.5,113.62,685.0,,,,,,,,,,,,,,110.76534077064355,115.6064005466429,116.9203498076841,116.06870167999264,115.77780969987097,,115.77780969987097,,,,115.02772050096685,"rgba(239, 83, 80, 0.5)",2.9344628051749724,115.83193767012054,-0.7537794195993033,41.73881576786643,-14.195132979694947,False,True,False,True,True,0.0,117.70469999999999,110.90969999999999,0.0,0.0,0.0,0.0,0.8595453948232816,0.8349756930758111,False,False,False,False,-0.07737436327519674,-0.09056563545038886,False,False,False,False,-21395.0,9928.664393397894,False,False,False,False,1348.5797302184624,False,False,False,False
2024-08-13 16:00:00+00:00,114.93,115.96,114.93,115.95,749.0,,,,,,,,,,,,,,110.95565242837178,115.60647381268167,116.91259490746239,116.06631576799667,115.77696429224994,,115.77696429224994,,,,115.06360024175251,#000000,2.8789576488973485,115.84091908429207,0.037889031035143315,45.790509358871304,-10.223952167348003,False,True,False,True,True,0.45458460608773166,117.6417,110.9797,0.0,0.0,0.0,0.0,0.860828417709211,0.8309457444739744,False,False,False,False,0.001021004549401506,-0.04477231545049368,False,False,False,False,-20646.0,9454.638588849088,False,False,False,False,1339.2839204476336,False,False,False,False
2024-08-14 16:00:00+00:00,115.66,116.435,115.66,116.35,56.0,,,,,,,,,,,,,,110.97084840091975,115.60690161661734,116.91225602369092,116.06634788496676,115.7771069540482,,115.7771069540482,,,,115.0666921760486,#000000,2.7868324765318504,115.84189855170622,0.18232220722721462,48.96474404307059,-7.178090668860953,False,False,False,False,True,0.9913307616700706,117.5541,111.05345000000001,0.0,0.0,0.0,0.0,0.8664856302330839,0.8283063395079685,False,False,False,False,0.02692883039577393,-0.008921742527359874,False,False,False,False,-20590.0,8988.830238634373,False,False,False,False,1319.3880457120113,False,False,False,False
2024-08-15 16:00:00+00:00,118.1,118.26,117.935,117.995,863.0,,,,,,,,,,,,,,111.27690442855477,115.63642957298529,116.92006831503558,116.07832666068904,115.79056185598644,,115.79056185598644,,,,115.14045816665023,"rgba(38, 166, 154, 0.5)",2.7212236830760013,115.87494511391992,0.7790814475359953,52.93789408953306,-3.4387010774232962,True,False,True,False,True,3.161943818931718,117.5257,111.135225,0.0,0.0,0.0,0.0,0.8721922228967629,0.8260855673067706,False,False,False,False,0.1085759125425226,0.049827085007581366,False,False,False,False,-19727.0,8543.623568267949,False,False,False,False,1312.3122620575614,False,False,False,False
2024-08-16 16:00:00+00:00,117.565,118.19,117.565,118.19,108.0,,,,,,,,,,,,,,111.31291747484295,115.63995227233742,116.92096921884165,116.0797543739017,115.79217442264574,,115.79217442264574,,,,115.1491535525139,"rgba(38, 166, 154, 0.5)",2.693819925828965,115.8788484340683,0.8579458276968859,55.79988857858043,-0.7574489218182947,True,False,True,False,True,3.4159001345213262,117.51619999999998,111.21715,0.0,0.0,0.0,0.0,0.869430118204824,0.8321427427363295,False,False,False,False,0.08846160680121934,0.06914434590440036,False,False,False,False,-19619.0,8106.9937455041045,False,False,False,False,1293.6407541186845,False,False,False,False
2024-08-19 16:00:00+00:00,118.81,119.62,118.81,119.62,1255.0,,,,,,,,,,,,,,111.785089489124,115.70359858840467,116.94468893056018,116.10801330955555,115.82234341427815,,115.82234341427815,,,,115.27274674638451,"rgba(38, 166, 154, 1.0)",2.691393451673702,115.94111296224784,1.3669079247645362,59.23254370844675,2.478559101674236,True,False,True,False,True,5.260733608422939,117.5157,111.30650000000001,0.0,0.0,0.0,0.0,0.8678873418526284,0.8297094538750077,False,False,False,False,0.14726851250849754,0.10820642920644895,False,False,False,False,-18364.0,7696.590741697839,False,False,False,False,1293.04167265948,False,False,False,False
2024-08-20 16:00:00+00:00,119.075,119.435,119.075,119.295,446.0,,,,,,,,,,,,,,111.93813088469065,115.72519951903477,116.95272479613328,116.11768864405997,115.83269661205716,,115.83269661205716,,,,115.31328809119516,"rgba(38, 166, 154, 1.0)",2.687277880198803,115.96183143551349,1.2403512822573926,60.871053100149204,4.097522790398116,True,False,True,False,True,4.7838888090244325,117.53269999999999,111.39262500000001,0.0,0.0,0.0,0.0,0.8665795262537056,0.8355915452545665,False,False,False,False,0.14920391736642125,0.1287051732864351,False,False,False,False,-18810.0,7285.635846477717,False,False,False,False,1279.9092436259996,False,False,False,False
2024-08-21 16:00:00+00:00,120.195,120.68,120.195,120.465,453.0,,,,,,,,,,,,,,112.1112752496893,115.75408108838023,116.96495459158176,116.13110811156041,115.8467336462929,,115.8467336462929,,,,115.36163053750093,"rgba(0, 255, 255, 0.75)",2.697241503783095,115.98814038462439,1.6597919055807446,63.23875356740368,6.486885173410897,True,False,True,False,True,6.283610535034757,117.517,111.48764999999999,0.0,0.0,0.0,0.0,0.8628175957527487,0.833080520793831,False,False,False,False,0.20698915495571577,0.16784716412107542,False,False,False,False,-18357.0,6888.075600795891,False,False,False,False,1267.0889452752087,False,False,False,False
2024-08-22 16:00:00+00:00,120.18,120.18,119.085,119.095,454.0,,,,,,,,,,,,,,112.25801944383302,115.77662145959992,116.97365334072518,116.14139749773165,115.85769676274643,,115.85769676274643,,,,115.40147770092724,"rgba(38, 166, 154, 1.0)",2.6986973000167094,116.00911553267584,1.1434718770812335,62.024514775257444,6.486885173410897,True,False,True,False,True,4.26086456364272,117.4983,111.57582500000001,0.0,0.0,0.0,0.0,0.8559223544931994,0.8372019976756603,False,False,False,False,0.16752613938237396,0.1676866517517247,False,False,False,False,-18811.0,6489.640320163397,False,False,False,False,1254.482915115903,False,False,False,False
2024-08-23 16:00:00+00:00,121.605,121.755,121.015,121.72,842.0,,,,,,,,,,,,,,112.58823725431932,115.84053936466223,117.00278853068527,116.17198263797027,115.88930866351076,,115.88930866351076,,,,115.49857129022958,"rgba(0, 255, 0, 1.0)",2.726815583281271,116.06493404963678,2.073871803078919,64.04212518435715,7.618593657422757,True,False,True,False,True,7.54293909174509,117.57140000000001,111.67672499999999,0.0,0.0,0.0,0.0,0.8559886078692376,0.8297990898678138,False,False,False,False,0.25427703487960546,0.21098184331566508,False,False,False,False,-17969.0,6110.43659426939,False,False,False,False,1248.0878311606177,False,False,False,False
2024-08-26 16:00:00+00:00,120.955,121.19,120.955,120.98,1300.0,,,,,,,,,,,,,,113.03034443684544,115.92875041856375,117.04256114250504,116.21454723019713,115.93352119183874,,115.93352119183874,,,,115.62994488399002,"rgba(0, 255, 255, 0.75)",2.743260271815138,116.14118905392377,1.763890577861404,63.97080213791253,7.903205893444962,True,False,True,False,True,6.455795237045784,117.6156,111.77392500000002,0.0,0.0,0.0,0.0,0.8560620155038756,0.8276899224806199,False,False,False,False,0.2385672566462048,0.22477454998093493,False,False,False,False,-19269.0,5716.956957148935,False,False,False,False,1248.8926709875848,False,False,False,False
2024-08-27 16:00:00+00:00,120.775,121.115,120.615,121.04,1540.0,,,,,,,,,,,,,,113.49082111603592,116.02712053390624,117.08731000194673,116.26280422664237,115.98373330196833,,115.98373330196833,,,,115.7703578360999,"rgba(0, 255, 255, 0.75)",2.7559746612285236,116.22466795633885,1.7472337867992733,63.99151235123394,8.392347515991702,True,False,True,False,True,6.5304054531144615,117.63940000000001,111.871425,0.0,0.0,0.0,0.0,0.8552827380952376,0.825830853174603,False,False,False,False,0.22415024509650144,0.2244623975387182,False,False,False,False,-17729.0,5353.453748510967,False,False,False,False,1253.4059629102578,False,False,False,False
2024-08-28 16:00:00+00:00,121.04,121.04,119.835,120.34,485.0,,,,,,,,,,,,,,113.61556543411947,116.05410807192364,117.09931456516384,116.27613034037785,115.99770077469891,,115.99770077469891,,,,115.80856383725674,"rgba(0, 255, 255, 0.75)",2.7446893800197385,116.24745109922495,1.4910790745820663,62.52905382806962,8.392347515991702,True,False,True,False,True,5.487424683191303,117.64920000000001,111.974825,0.0,0.0,0.0,0.0,0.8471958987105789,0.8289575889389464,False,False,False,False,0.20220799675445164,0.21333519714658492,False,False,False,False,-18214.0,4988.06686868909,False,False,False,False,1241.4926921674632,False,False,False,False
2024-08-29 16:00:00+00:00,121.575,121.89,120.65,120.65,948.0,,,,,,,,,,,,,,113.86926590010779,116.1137476975116,117.12715346663008,116.306046020048,116.02878913920713,,116.02878913920713,,,,115.88900044470093,"rgba(0, 255, 255, 0.75)",2.7475171707568906,116.62216392960256,1.465991227741025,62.00262124802839,8.392347515991702,True,False,True,False,True,5.886959175631059,117.68189999999998,112.07877500000001,0.0,0.0,0.0,0.0,0.8518986172276797,0.8207939392072926,False,False,False,False,0.24513501112861044,0.22923510413759768,False,False,False,False,-17266.0,4643.042576151275,False,False,False,False,1236.9424178702934,False,False,False,False
2024-08-30 16:00:00+00:00,121.66,121.66,121.57,121.645,130.0,,,,,,,,,,,,,,113.9053261802575,116.12273110648573,117.1314809757469,116.31060015894754,116.03349487925826,,116.03349487925826,,,,115.90072666013918,"rgba(0, 255, 255, 0.75)",2.768752350170906,116.6334740631809,1.8100304046729756,63.04923923991585,8.568328874098597,True,False,True,False,True,7.163947073742548,117.7516,112.19364999999999,0.0,0.0,0.0,0.0,0.8513768272707603,0.8166393670612232,False,False,False,False,0.2631787387974153,0.2462069214675065,False,False,False,False,-17136.0,4305.3830013272245,False,False,False,False,1219.780519918816,False,False,False,False
2024-09-02 16:00:00+00:00,121.645,121.645,121.645,121.645,0.0,,,,,,,,,,,,,,113.9053261802575,116.12273110648573,117.1314809757469,116.31060015894754,116.03349487925826,,116.03349487925826,,,,115.90072666013918,"rgba(0, 255, 255, 0.75)",2.784931448199669,116.6334740631809,1.7995150078321749,63.746984567840826,9.594994762406785,True,False,True,False,True,7.163947073742548,117.8158,112.3078,0.0,0.0,0.0,0.0,0.8518404054764034,0.816732082702352,False,False,False,False,0.2647555448641618,0.25548123316583415,False,False,False,False,-17136.0,3972.9584586709884,False,False,False,False,1200.869194028602,False,False,False,False
2024-09-03 16:00:00+00:00,119.415,119.415,118.28,118.41,762.0,,,,,,,,,,,,,,114.03257398509852,116.14713804295621,117.1402864681076,116.32254029210404,116.04658139270431,,116.04658139270431,,,,115.93782403619414,"rgba(38, 166, 154, 0.5)",2.764433812972676,116.5907157221609,0.6581037568350291,57.55841364535472,11.952671792174748,True,False,True,False,False,2.3271503161100213,117.8316,112.4034,0.0,0.0,0.0,0.0,0.8476039410670159,0.8258853674160388,False,False,False,False,0.12209161942680002,0.1887864262963171,False,False,False,False,-17898.0,3633.8738314047714,False,False,False,False,1194.0650204777708,False,False,False,False
2024-09-04 16:00:00+00:00,118.19,118.555,117.98,118.2,413.0,,,,,,,,,,,,,,114.0922867684915,116.15784393315948,117.14363403574674,116.32772943939376,116.0524099716471,,116.0524099716471,,,,115.95478082968773,"rgba(38, 166, 154, 0.5)",2.746255107799978,116.57809456815613,0.5905880437827123,53.1030552794758,7.922130675497954,False,False,False,False,False,2.026793633759354,117.87440000000001,112.49697499999998,0.0,0.0,0.0,0.0,0.8461585273086868,0.8250418378213906,False,False,False,False,0.09330269645330021,0.14104456137480864,False,False,False,False,-18311.0,3293.643229367488,False,False,False,False,1181.9554852765648,False,False,False,False
2024-09-05 16:00:00+00:00,117.685,118.48,117.675,118.27,1722.0,,,,,,,,,,,,,,114.31826570956348,116.19917607369133,117.15608648397983,116.3479169925051,116.07525294661693,,116.07525294661693,,,,116.01933964127133,"rgba(38, 166, 154, 0.5)",2.7425343986773045,116.56780836901399,0.6206637305285785,50.2842639031071,5.464338460414602,False,True,False,False,False,2.1230762747809813,117.92399999999999,112.5889,0.0,0.0,0.0,0.0,0.847341964965727,0.8247067783701447,False,False,False,False,0.08390756654832475,0.1124760639615667,False,False,False,False,-16589.0,2985.385194803651,False,False,False,False,1190.3282684505716,False,False,False,False
2024-09-06 16:00:00+00:00,115.715,115.83,115.285,115.49,614.0,,,,,,,,,,,,,115.53500000000001,114.34200422611293,116.19427840829476,117.14890649796574,116.34470390254675,116.07315495653891,,116.07315495653891,,,,115.93967466524317,#000000,2.73583828910711,116.50419961343894,-0.3707089039133046,44.435660788164114,0.22443213789622973,False,True,False,True,False,0.0,117.925,112.66675000000001,0.0,0.0,0.0,0.0,0.839965032857056,0.8346295291493336,False,False,False,False,-0.039945040107550296,0.03626551192700821,False,False,False,False,-17203.0,2672.3869747291756,False,False,False,False,1181.39294645909,False,False,False,False
2024-09-09 16:00:00+00:00,116.64,117.07,116.64,116.995,278.0,,,,,,,,,,,,,115.96093423019433,114.36441709450168,116.19663233305,117.14841168368054,116.34569885598123,116.074609137419,,116.074609137419,,,,116.01511722247112,#000000,2.7118694276814255,116.5268363928613,0.1726350105060085,43.66970388260697,-0.30691398394272795,False,True,False,True,False,0.30301731760275175,117.9638,112.7484,0.0,0.0,0.0,0.0,0.8349293751496283,0.8326550155614076,False,False,False,False,0.023737961856845576,0.03000173689192689,False,False,False,False,-16925.0,2368.5515177566303,False,False,False,False,1167.3868542659256,False,False,False,False
2024-09-10 16:00:00+00:00,116.93,117.5,116.51,117.5,232.0,,,,,,,,,,,,,116.21049228944247,114.38476965489927,116.19932790211872,117.14844768024068,116.3469258959831,116.07621126248516,,116.07621126248516,,,,116.06102911419491,#000000,2.6903489391554425,116.54088395909764,0.3565024696028633,44.12552945017674,-0.30691398394272795,False,True,False,True,False,0.994107675091584,117.9972,112.83409999999999,0.0,0.0,0.0,0.0,0.8370744537764888,0.8302896254894342,False,False,False,False,0.031102756539084474,0.03055224671550568,False,False,False,False,-16693.0,2073.0235872487756,False,False,False,False,1152.884732494361,False,False,False,False
2024-09-11 16:00:00+00:00,117.155,119.27,117.155,119.27,614.0,,,,,,,,,,,,,117.04229190640582,114.46351367796699,116.2165401296377,117.15467129868144,116.35562995178955,116.0858078730597,,116.0858078730597,,,,116.21974247292354,"rgba(38, 166, 154, 1.0)",2.6912982349025514,116.60672268178978,0.9895883271764766,47.45206972572501,-0.30691398394272795,False,True,False,True,True,3.364477023594798,118.01979999999999,112.9302,0.0,0.0,0.0,0.0,0.8458780299887388,0.820897291530848,False,False,False,False,0.09058143692890513,0.06056684182220541,False,False,False,False,-16079.0,1791.596864965849,False,False,False,False,1144.529930440185,False,False,False,False
2024-09-12 16:00:00+00:00,119.76,120.86,119.76,120.595,1455.0,,,,,,,,,,,,,118.57462522183944,114.71740097895254,116.28753180187313,117.18816275633168,116.39293845484893,116.1249168689194,,116.1249168689194,,,,116.54759601379419,"rgba(38, 166, 154, 1.0)",2.700856332337639,116.7791188685922,1.4128412110336426,51.53604391312715,-4.714762833429582,False,False,True,False,True,5.07526845741684,118.0689,113.03192500000002,0.0,0.0,0.0,0.0,0.8573112165227891,0.8177130903626882,False,False,False,False,0.19570174385976818,0.1281342928409868,False,False,False,False,-14624.0,1537.0914872144403,False,False,False,False,1149.3434198907248,False,False,False,False
2024-09-13 16:00:00+00:00,121.99,121.99,121.58,121.58,146.0,,,,,,,,,,,,,118.71201307776778,114.74728438023942,116.29674977710583,117.19284013545281,116.3978557329756,116.12999281877187,,116.12999281877187,,,,116.57945598705221,"rgba(0, 255, 255, 0.75)",2.721649660385088,116.79793960209336,1.7570448054030643,55.502223767602196,-1.028307122758548,True,False,True,False,True,6.3194863494127596,118.1359,113.13522499999999,0.0,0.0,0.0,0.0,0.8657233442930948,0.8144668858619071,False,False,False,False,0.27213115205726784,0.20013272244912733,False,False,False,False,-14478.0,1288.7954951646038,False,False,False,False,1133.7877079544344,False,False,False,False
2024-09-16 16:00:00+00:00,121.945,122.39,121.885,122.39,23.0,,,,,,,,,,,,,118.7360232004759,114.75230822057922,116.29833410840992,117.19365825882748,116.39870301493013,116.13086382069591,,116.13086382069591,,,,116.5849817706531,"rgba(0, 255, 0, 1.0)",2.7588625300039586,116.80123148509932,2.025750994882902,59.107905478456374,2.299004200590069,True,False,True,False,True,7.329867817627587,118.2094,113.245625,0.0,0.0,0.0,0.0,0.8610413774771841,0.8163560648572018,False,False,False,False,0.29083258446239224,0.2454826534557598,False,False,False,False,-14455.0,1044.705642526393,False,False,False,False,1116.5661931024276,False,False,False,False
2024-09-17 16:00:00+00:00,122.39,123.04,122.39,123.04,57.0,,,,,,,,,,,,,118.80416496051475,114.76573010269578,116.3026552999496,117.19592711743364,116.40101859228899,116.13323444115764,,116.13323444115764,,,,116.60045508567339,"rgba(0, 255, 0, 1.0)",2.8122203036100157,116.81048094975239,2.215160399151821,62.258124726678034,5.228400527100661,True,False,True,False,True,8.135340355363113,118.29560000000001,113.358225,0.0,0.0,0.0,0.0,0.8575016992227897,0.8145335264044445,False,False,False,False,0.32191114645904617,0.283696899957403,False,False,False,False,-14398.0,805.283849619007,False,False,False,False,1100.1388102636304,False,False,False,False
2024-09-18 16:00:00+00:00,123.25,124.99,123.17,123.2,359.0,,,,,,,,,,,,,119.27762131639314,114.85923425244215,116.33374162607454,117.21261406379293,116.41774622992456,116.15027106908484,,116.15027106908484,,,,116.70853809295203,"rgba(0, 255, 0, 1.0)",2.8551412060188324,116.87637362942968,2.214820884248978,64.54774359837972,7.428919809720185,True,False,True,False,True,8.33465279669402,118.3414,113.470825,0.0,0.0,0.0,0.0,0.8648276669887839,0.804562359073472,False,False,False,False,0.3428282492844094,0.31326257462090623,False,False,False,False,-14039.0,575.1399139659992,False,False,False,False,1088.6482860734966,False,False,False,False
2024-09-19 16:00:00+00:00,125.665,126.03,125.665,125.915,230.0,,,,,,,,,,,,,119.65592648037257,114.93187088292942,116.35905162764394,117.22663441814174,116.43144195535164,116.16411297895829,,116.16411297895829,,,,116.7948397238996,"rgba(0, 255, 0, 1.0)",2.984028468513873,116.93016055761636,3.0109764491819138,68.71452918684574,11.406756053873401,True,False,True,False,True,11.6065950129124,118.42540000000001,113.59450000000001,0.0,0.0,0.0,0.0,0.8688335305833785,0.794792598793407,False,False,False,False,0.3428282498441386,0.3280454122325224,False,False,False,False,-13809.0,352.12999281923953,False,False,False,False,1075.3359095452254,False,False,False,False
2024-09-20 16:00:00+00:00,125.21,125.46,125.07,125.365,759.0,,,,,,,,,,,,,120.5543084399692,115.15273729321059,116.43666624722593,117.26954222433886,116.47363718630343,116.2068388654702,,116.2068388654702,,,,117.0156217094197,"rgba(0, 255, 0, 1.0)",3.0897474677414567,117.07387648716158,2.683430797954195,70.07361016106094,12.801312275625783,True,False,True,False,True,10.736755157694414,118.4776,113.715625,0.0,0.0,0.0,0.0,0.8662845952250662,0.7963885608962359,False,False,False,False,0.3164264969557311,0.3222359545941268,False,False,False,False,-14568.0,120.81014796932882,False,False,False,False,1070.431476839098,False,False,False,False
2024-09-23 16:00:00+00:00,125.955,126.49,125.955,126.4,23.0,,,,,,,,,,,,,120.58180932498259,115.15991785189968,116.43925582202091,117.2709937163291,116.47505134184634,116.20826671267562,,116.20826671267562,,,,117.02254912829237,"rgba(0, 255, 0, 1.0)",3.218925988978752,117.07848836614801,2.895845280620874,71.92928075359404,14.785011882746772,True,False,True,False,True,11.952679510592652,118.5783,113.841975,0.0,0.0,0.0,0.0,0.8705736594923208,0.794393061918345,False,False,False,False,0.34282824994754524,0.332532102270836,False,False,False,False,-14545.0,-106.5667535495755,False,False,False,False,1054.1922291361661,False,False,False,False
2024-09-24 16:00:00+00:00,126.82,127.11,126.75,127.05,1128.0,,,,,,,,,,,,,121.79942998760842,115.52216863811469,116.5733736220724,117.34700515984396,116.54874274029385,116.2825514181684,,116.2825514181684,,,,117.34554526101697,"rgba(0, 255, 0, 1.0)",3.363309178566687,117.30023103201675,2.8988619393410096,73.72569461157056,16.769493679095774,True,False,True,False,True,12.707985989288382,118.6578,113.9684,0.0,0.0,0.0,0.0,0.8696364420175308,0.7923264836901854,False,False,False,False,0.34282825013042073,0.3376801762006284,False,False,False,False,-13417.0,-312.9300596960937,False,False,False,False,1055.3365356611866,False,False,False,False
2024-09-25 16:00:00+00:00,127.21,127.235,126.65,126.705,1632.0,,,,,,,,,,,,,122.89403796909491,116.00408028918342,116.75954909960345,117.45369807553146,116.6524740416196,116.38717516828534,,116.38717516828534,,,,117.69183577388638,"rgba(0, 255, 0, 1.0)",3.4758939973884933,117.55484677974707,2.6324603762737357,73.90514488841573,17.32961044611382,True,False,True,False,True,12.142571918093292,118.79529999999998,114.09432500000001,0.0,0.0,0.0,0.0,0.8695004582951418,0.7923063703024749,False,False,False,False,0.3428282501335172,0.3402542131670728,False,False,False,False,-15049.0,-541.3962603209604,False,False,False,False,1064.2770544881448,False,False,False,False
2024-09-26 16:00:00+00:00,128.43,128.615,128.0,128.57,219.0,,,,,,,,,,,,,123.0491043463337,116.07433378208118,116.78773051684729,117.4701344578357,116.66829954830204,116.40308717461541,,116.40308717461541,,,,117.74211497100254,"rgba(0, 255, 0, 1.0)",3.6524223259156523,118.34409040807056,2.7997610022728763,75.68656378075892,19.4395353806254,True,False,True,False,True,14.30102444180039,118.9981,114.228575,0.0,0.0,0.0,0.0,0.8756906077348061,0.786979552315316,False,True,False,False,0.34282825044669935,0.3415412318068861,False,False,False,False,-14830.0,-762.925000471023,False,True,False,False,1051.1719838759254,False,False,False,False
2024-09-27 16:00:00+00:00,128.125,128.125,127.5,127.75,9937.0,,,,,,,,,,,,,125.7107355322113,118.47194383241016,117.87730188228024,118.12878502012155,117.30931151834983,117.04901398187621,,117.04901398187621,,,,119.09118196120822,"rgba(0, 255, 0, 1.0)",3.79090385713675,119.37238387960575,2.209925768658723,74.56434609048053,19.4395353806254,True,False,True,False,True,12.946111238962622,119.1998,114.36137500000001,0.0,0.0,0.0,0.0,0.8723313407344143,0.782721320808426,False,False,False,False,0.32330726927361025,0.33242425054024816,False,False,False,False,-24767.0,-1135.081202014108,False,False,False,False,1188.9367593197094,False,False,False,False
2024-09-30 16:00:00+00:00,126.85,126.91,126.82,126.88,107.0,,,,,,,,,,,,,125.71769905873985,118.49040678720638,117.88687962852363,118.13478725338567,117.31524047285097,117.05500819500689,,117.05500819500689,,,,119.10000356595224,"rgba(0, 255, 255, 0.75)",3.897435516285525,119.3792794489519,1.9245271717020473,71.53802923798807,19.4395353806254,True,False,True,False,False,11.524845810182281,119.3431,114.4939,0.0,0.0,0.0,0.0,0.8687533852162257,0.7869950682744665,False,False,False,False,0.2865820757292127,0.3095031631347304,False,False,False,False,-24874.0,-1503.1264546960597,False,False,False,False,1172.1625459969232,False,False,False,False
2024-10-01 16:00:00+00:00,126.23,126.66,125.56,126.38,1791.0,,,,,,,,,,,,,125.76176154526287,118.76404150399982,118.03248423059995,118.22643158353314,117.40651753636232,117.14749033978723,,117.14749033978723,,,,119.22312112325756,"rgba(0, 255, 255, 0.75)",3.985403686019866,119.47160832526401,1.7334233164307724,68.26353089654847,24.00455466439753,True,False,True,False,False,10.712525115893683,119.4809,114.61905,0.0,0.0,0.0,0.0,0.8636532897940471,0.7938758557474721,False,False,False,False,0.2578519868572428,0.2836775749959866,False,False,False,False,-26665.0,-1893.2330212899192,False,False,False,False,1181.756925128754,False,False,False,False
2024-10-02 16:00:00+00:00,126.005,126.12,125.58,125.75,451.0,,,,,,,,,,,,,125.76299626028423,118.82651663654936,118.06666593642692,118.24808792362825,117.42821847728236,117.16951092262167,,117.16951092262167,,,,119.25033269279879,"rgba(0, 255, 255, 0.75)",4.055432950304393,119.49176369301176,1.5431734129690164,64.52811296162393,20.41168716765378,True,False,True,False,False,9.690257493387573,119.66040000000001,114.7351,0.0,0.0,0.0,0.0,0.8625303788420293,0.7868763402430308,False,False,False,False,0.24805601438064134,0.265866794688314,False,False,False,False,-27116.0,-2284.2836721226336,False,False,False,False,1170.4273603980755,False,False,False,False
2024-10-03 16:00:00+00:00,124.26,124.51,123.98,124.18,993.0,,,,,,,,,,,,124.22333333333334,125.69035822881034,118.9297637029188,118.12562089959077,118.28539047666943,117.46660546222382,117.20874162442702,,117.20874162442702,,,,119.98997338971051,"rgba(38, 166, 154, 1.0)",4.094059382229988,119.94846273934397,1.0335798447435245,58.71662990078158,15.037241725090155,False,False,True,False,False,7.197322162019848,119.8352,114.84185,0.0,0.0,0.0,0.0,0.85860708100281,0.7930212089378494,False,False,False,False,0.1885319726854336,0.22719938368687378,False,False,False,False,-28109.0,-2684.6668710044532,False,False,False,False,1167.676548608958,False,False,False,False
2024-10-04 16:00:00+00:00,124.2,125.15,124.2,125.14,1366.0,,,,,,,,,,,,124.57462908011868,125.63792451146604,119.08106033301422,118.21278771871377,118.34111601466076,117.52338668947301,117.26660711870494,,117.26660711870494,,,,120.09107306659305,"rgba(38, 166, 154, 1.0)",4.145039774203606,120.00789190277125,1.2381324129066513,56.733563518246136,13.279361583534318,False,False,True,False,False,8.420151547652566,119.98469999999999,114.95485,0.0,0.0,0.0,0.0,0.8626711649136728,0.789527400561336,False,False,False,False,0.2043335896239245,0.21576648665539916,False,False,False,False,-26743.0,-3057.664283857097,False,False,False,False,1170.751330801067,False,False,False,False
2024-10-07 16:00:00+00:00,125.12,125.24,124.48,124.905,850.0,,,,,,,,,,,,124.65419133686507,125.61004943259972,119.17205733449126,118.26625399298175,118.37555221418913,117.55849408871876,117.3023843823243,,117.3023843823243,,,,120.13414039745287,"rgba(38, 166, 154, 1.0)",4.19028816764767,120.0374450413473,1.1616277363056002,54.906954141055174,11.517700415677865,False,True,True,False,False,8.046033664118486,120.1424,115.070175,0.0,0.0,0.0,0.0,0.8673774838213069,0.7861846794195629,False,False,False,False,0.2111626012632922,0.21346454395934567,False,False,False,False,-27593.0,-3438.057085657762,False,False,False,False,1165.778441951438,False,False,False,False
2024-10-08 16:00:00+00:00,125.285,125.78,125.285,125.78,544.0,,,,,,,,,,,,124.79346123101519,125.61016255040323,119.23617442604959,118.30380570610905,118.39988919924357,117.58304216119525,117.32732612632482,,117.32732612632482,,,,120.17912305719153,"rgba(38, 166, 154, 1.0)",4.244914325475927,120.06795370406863,1.3456211027983365,55.432243910700066,11.517700415677865,False,True,True,False,False,9.167768445708443,120.33959999999999,115.19067500000001,0.0,0.0,0.0,0.0,0.8694769934266928,0.7875392969419837,False,False,False,False,0.2361563810484355,0.22481046250389058,False,False,False,False,-27049.0,-3804.1182161126803,False,False,False,False,1156.1384661072295,False,False,False,False
2024-10-09 16:00:00+00:00,126.655,126.75,126.33,126.66,1195.0,,,,,,,,,,,,125.22493128536782,125.65651521817382,119.39327918009309,118.39567458400674,118.45985369624024,117.64286102827164,117.38791212785382,,117.38791212785382,,,,120.30871816000104,"rgba(0, 255, 255, 0.75)",4.2993753128892065,120.1586998838268,1.5121499387789628,57.352446423521485,11.517700415677865,False,False,True,False,True,10.280518059676798,120.48970000000001,115.31385,0.0,0.0,0.0,0.0,0.8810651057358462,0.7834782359186249,False,False,False,False,0.27416089759561313,0.24948568004975186,False,False,False,False,-25854.0,-4145.976848421011,False,False,False,False,1156.740970508668,False,False,False,False
2024-10-10 16:00:00+00:00,125.35,125.63,125.16,125.5,1657.0,,,,,,,,,,,,125.27637698713096,125.64243660915228,119.56719030895214,118.50230499827704,118.52998943366893,117.71399703583636,117.46027288310151,,117.46027288310151,,,,120.38465260801703,"rgba(38, 166, 154, 1.0)",4.322929075614455,120.22195671180214,1.2209414486976402,55.81145367075117,11.517700415677865,False,True,True,False,True,8.38470925638973,120.6803,115.42995,0.0,0.0,0.0,0.0,0.8817553023562832,0.7825675171483512,False,False,False,False,0.231023488733945,0.24025458439184844,False,False,False,False,-27511.0,-4508.225269375724,False,False,False,False,1164.4969244542701,False,False,False,False
2024-10-11 16:00:00+00:00,125.5,126.24,125.5,126.24,86.0,,,,,,,,,,,,125.28559208887559,125.64356489443904,119.57678439780335,118.50819390233121,118.53388508537668,117.71792056757121,117.46425590117394,,117.46425590117394,,,,120.39002811965301,"rgba(38, 166, 154, 1.0)",4.350931942212587,120.22627724805972,1.3821688851520186,56.20690861811546,11.517700415677865,False,True,True,False,True,9.334934885238859,120.9434,115.54424999999999,0.0,0.0,0.0,0.0,0.8866438651452871,0.7714482798264021,False,False,False,False,0.24880787413221667,0.24453122926203255,False,False,False,False,-27425.0,-4863.524102408658,False,False,False,False,1147.7760419045915,False,False,False,False
2024-10-14 16:00:00+00:00,127.12,127.38,127.12,127.35,440.0,,,,,,,,,,,,125.40885757023324,125.67010422030947,119.6352045609864,118.5433465498875,118.55718870056495,117.74105654655555,117.48764946782681,,117.48764946782681,,,,120.43477251662343,"rgba(0, 255, 255, 0.75)",4.3904919412847665,120.85695615482962,1.4788875442669305,58.36589257067723,11.517700415677865,False,False,True,False,True,10.737982315560096,121.2931,115.6641,0.0,0.0,0.0,0.0,0.8952050274039421,0.7699790524835721,False,False,False,False,0.3001208886641345,0.27232605896308354,False,False,False,False,-26985.0,-5206.492720975965,False,False,False,False,1136.8027699370784,False,False,False,False
2024-10-15 16:00:00+00:00,125.435,125.71,124.855,125.12,5887.0,,,,,,,,,,,,125.32722089926769,125.59146892228303,120.15024834454351,118.88341876649034,118.78673874500497,117.97575904409958,117.72677108149233,,117.72677108149233,,,,120.63451797188306,"rgba(38, 166, 154, 1.0)",4.395329241836623,120.9072501308111,0.9584605924603229,54.99760447601461,10.462179226581917,False,True,True,False,False,7.140083685856844,121.5763,115.77295,0.0,0.0,0.0,0.0,0.8880175658720195,0.7783164138245695,False,False,False,False,0.22328876226557545,0.24780741061432948,False,False,False,False,-32872.0,-5635.415314449206,False,False,False,False,1210.4492386202244,False,False,False,False
2024-10-16 16:00:00+00:00,125.425,125.57,125.37,125.545,1166.0,,,,,,,,,,,,125.34101323087046,125.58818369890085,120.2459835729794,118.94937054780844,118.8321477226328,118.02215544430798,117.77401184441104,,117.77401184441104,,,,120.67898086598727,"rgba(38, 166, 154, 1.0)",4.427663617316479,120.94625811937277,1.038638496077631,53.56288124483109,8.933880394270822,False,True,True,False,False,7.68939325003733,121.87179999999998,115.883525,0.0,0.0,0.0,0.0,0.8856947686002158,0.7755450560710424,False,False,False,False,0.2304868252269378,0.23914711792063365,False,False,False,False,-31706.0,-6039.610425853094,False,False,False,False,1209.7601031377403,False,False,False,False
2024-10-17 16:00:00+00:00,126.575,126.775,126.38,126.38,1306.0,,,,,,,,,,,,125.43971390144178,125.62211445585406,120.36921754364828,119.03292970997322,118.88993471000256,118.08042563180813,117.8331252870705,,117.8331252870705,,,,120.75249446282837,"rgba(38, 166, 154, 1.0)",4.471175558382134,121.0175799990712,1.19933112241049,54.15349491373412,8.933880394270822,False,True,True,False,False,8.764291843587877,122.1365,115.992025,0.0,0.0,0.0,0.0,0.8910697040277219,0.7744134522524568,False,False,False,False,0.27312624008005315,0.2561366790003434,False,False,False,False,-30400.0,-6417.290884366999,False,False,False,False,1211.2521945619612,False,False,False,False
2024-10-18 16:00:00+00:00,126.63,126.725,126.58,126.64,572.0,,,,,,,,,,,,125.48275526086414,125.63836711244011,120.42284513393257,119.0696063473887,118.91542014345522,118.10610520175076,117.85916833665608,,117.85916833665608,,,,120.78489536235539,"rgba(38, 166, 154, 1.0)",4.516763457956928,121.048779878556,1.2378819864020683,55.02249866877853,8.933880394270822,False,True,True,False,False,9.098670817029948,122.39489999999999,116.10182499999999,0.0,0.0,0.0,0.0,0.8877121676159941,0.7763402696281881,False,False,False,False,0.2760905308910665,0.26611360494570496,False,False,False,False,-29828.0,-6780.24761484193,False,False,False,False,1201.3413078245665,False,False,False,False
2024-10-21 16:00:00+00:00,125.465,125.86,125.465,125.86,219.0,,,,,,,,,,,,125.48605859590933,125.63890934610302,120.44013714226183,119.08186198212125,118.9239778032693,118.1148418513769,117.86805922280173,,117.86805922280173,,,,120.79340656340621,"rgba(38, 166, 154, 1.0)",4.549808010007433,121.05628173033455,1.055806807473972,53.76171292753514,8.425166731451434,False,True,True,False,False,7.818786208409506,122.63969999999999,116.20662499999999,0.0,0.0,0.0,0.0,0.8844705613874937,0.7807222729347331,False,False,False,False,0.23731996709072897,0.25171678601821695,False,False,False,False,-30047.0,-7140.972458022675,False,False,False,False,1186.1112100288367,False,False,False,False
2024-10-22 16:00:00+00:00,124.73,125.0,124.68,124.93,476.0,,,,,,,,,,,,125.46855881124304,125.62896691296315,120.47129786165009,119.10492480237949,118.9401670804114,118.13162914641423,117.88521192190444,,117.88521192190444,,,,120.80439379099512,"rgba(38, 166, 154, 0.5)",4.568277392336545,121.06418528717873,0.8462302922555281,50.95013757719141,5.558106072173587,False,True,False,False,False,6.313202111691808,122.8193,116.306775,0.0,0.0,0.0,0.0,0.884442292355018,0.7803064828529112,False,False,False,False,0.20563805884983363,0.22867742243402528,False,False,False,False,-30523.0,-7503.4845129370515,False,False,False,False,1175.1017339043585,False,False,False,False
2024-10-23 16:00:00+00:00,123.86,123.87,123.365,123.86,1287.0,,,,,,,,,,,,125.3422963311904,125.56374931100552,120.53152749579442,119.15388311939265,118.97493884608178,118.16878323341696,117.92346161646113,,117.92346161646113,,,,120.80837713619187,"rgba(38, 166, 154, 0.5)",4.58133967286841,121.05788135155179,0.6116373917967509,47.1122212726487,1.8841520605680273,False,True,False,True,False,4.614017942188205,122.96949999999998,116.414575,0.0,0.0,0.0,0.0,0.8752030088041708,0.7861640596062344,False,False,False,False,0.15927096902749296,0.19397419573075914,False,False,False,False,-31810.0,-7880.329714286864,False,False,False,False,1176.8365907430507,False,False,False,False
2024-10-24 16:00:00+00:00,124.39,124.9,124.2,124.9,746.0,,,,,,,,,,,,125.31547250310447,125.54652125970736,120.5757846738018,119.18773227102123,118.99894683523786,118.19382492827889,117.94908237497154,,117.94908237497154,,,,120.82390926373189,"rgba(38, 166, 154, 0.5)",4.60365048845149,121.06954399226078,0.8320475277930284,47.065437256589206,1.7561050820774824,False,True,False,True,False,6.043175560500835,123.1076,116.5279,0.0,0.0,0.0,0.0,0.8724162508909472,0.7851176051318601,False,False,False,False,0.1945669924950167,0.1942705941128879,False,False,False,False,-31064.0,-8239.766462902571,False,False,False,False,1170.156953677267,False,False,False,False
2024-10-25 16:00:00+00:00,125.25,125.315,124.495,124.645,388.0,,,,,,,,,,,,125.305414624396,125.53931974783131,120.59927031911353,119.2056564711802,119.01168567968239,118.20707654076566,117.96263022924818,,117.96263022924818,,,,120.83300765888818,"rgba(38, 166, 154, 0.5)",4.618822633802075,121.07683232681546,0.7725275370115967,46.51470688916195,1.0208127424175473,False,True,False,True,False,5.63354676084624,123.2367,116.628925,0.0,0.0,0.0,0.0,0.8844343683636566,0.7800895368191472,False,False,False,False,0.20812624646264286,0.20119842028776538,False,False,False,False,-31452.0,-8599.646052625012,False,False,False,False,1158.0304892791698,False,False,False,False
2024-10-28 16:00:00+00:00,126.18,126.34,126.12,126.12,508.0,,,,,,,,,,,,125.3283274916184,125.54767985204194,120.6395233576022,119.23465950933608,119.03220986751427,118.22793846523024,117.98382896973874,,117.98382896973874,,,,120.85630964472598,"rgba(38, 166, 154, 1.0)",4.656750367153234,121.09887636496067,1.078246253107367,49.37876947226952,1.0208127424175473,False,True,False,False,True,7.643020796380622,123.3667,116.736275,0.0,0.0,0.0,0.0,0.8938162391934967,0.767498635723928,False,False,False,False,0.2594517386251043,0.23032507945643482,False,False,False,False,-30944.0,-8946.070144832376,False,False,False,False,1147.9524971973221,False,False,False,False
2024-10-29 16:00:00+00:00,126.12,126.12,124.85,125.145,831.0,,,,,,,,,,,,125.33008285811763,125.5440747313418,120.69457678253931,119.27604669312272,119.06170875656547,118.25833481822072,118.01482469913681,,118.01482469913681,,,,120.88280704843494,"rgba(38, 166, 154, 0.5)",4.675092377562023,121.12233066854557,0.8604470257659751,49.14534730247988,1.0208127424175473,False,True,False,False,True,6.059143834794195,123.48370000000001,116.8325,0.0,0.0,0.0,0.0,0.8840325502487271,0.7714293929896198,False,False,False,False,0.23044523995576083,0.23038515970609783,False,False,False,False,-31775.0,-9300.00704181172,False,False,False,False,1143.0385049927124,False,False,False,False
2024-10-30 16:00:00+00:00,125.145,125.145,124.06,124.06,124.0,,,,,,,,,,,,125.3246255833858,125.54065477360592,120.7010357590411,119.28121955404939,119.06542782534086,118.26224554176788,118.0188331575787,,118.0188331575787,,,,120.88486317068137,"rgba(38, 166, 154, 0.5)",4.68550385918251,121.12378868299174,0.6266586060438216,46.9220210496447,1.0208127424175473,False,True,False,True,False,4.332645194962073,123.55560000000001,116.92344999999999,0.0,0.0,0.0,0.0,0.8738840253098719,0.779925457224582,False,False,False,False,0.19656767266509892,0.21347641618559837,False,False,False,False,-31899.0,-9650.379025659598,False,False,False,False,1127.239458403678,False,False,False,False
2024-10-31 16:00:00+00:00,121.12,121.73,121.12,121.73,949.0,,,,,,,,,,,121.52666666666669,125.15768426740773,125.44918461600031,120.71184268479952,119.29836354347682,119.07842865279966,118.27802123329289,118.03554954086361,,118.03554954086361,,,,120.9419676506634,#000000,4.675378283100722,121.2775177060613,0.09677982540454746,42.10701727103164,-3.3440204217899137,False,True,False,True,False,0.795073006051009,123.6083,117.00105000000002,0.0,0.0,0.0,0.0,0.8680252583237651,0.7911021814006891,False,False,True,False,0.07765711881092803,0.1455667674982632,False,False,False,False,-32848.0,-10010.032064021465,False,False,False,False,1124.4760559478073,False,False,False,False
2024-11-01 16:00:00+00:00,122.34,122.34,121.82,121.93,292.0,,,,,,,,,,,121.6450980392157,125.11594750632176,125.4253774312262,120.71713023509265,119.30476574790507,119.08321806121297,118.28359198675247,118.04139798964401,,118.04139798964401,,,,120.95206587467135,#000000,4.658141605427637,121.27726460967443,0.14012785475757353,39.397264825368346,-5.788903343804755,False,True,False,True,False,1.0837692855412762,123.6125,117.08109999999999,0.0,0.0,0.0,0.0,0.8689943813782816,0.7903336773305815,False,False,False,False,0.10188246094873918,0.12372461422350119,False,False,False,False,-32556.0,-10359.581954501751,False,False,False,False,1111.5694504292367,False,False,False,False
2024-11-04 16:00:00+00:00,122.505,122.59,121.76,121.965,242.0,,,,,,,,,,,121.72014610024726,125.0830127162056,125.40632692414076,120.7217288506125,119.3101943843627,119.0872763277893,118.28828849852043,118.0463229264742,,118.0463229264742,,,,120.95791209104411,#000000,4.655552131449974,121.27610097937962,0.1479736454816209,37.6866414507144,-7.351501159091377,False,True,False,True,False,1.135085973010483,123.63220000000001,117.16132499999999,0.0,0.0,0.0,0.0,0.8685779816513758,0.7918004587155967,False,False,False,False,0.10540530725606573,0.11456496073978345,False,False,False,False,-32314.0,-10699.96052885056,False,False,False,False,1098.0877535233572,False,False,False,False
2024-11-04 20:00:00+00:00,121.965,121.965,121.7,121.7,38.0,,,,,,,,,,,121.72184966031121,125.07736350509879,125.40307032711941,120.72228350712977,119.31094853498625,119.08784582008646,118.2889638191856,118.04703492661172,,118.04703492661172,,,,120.95742001256616,#000000,4.651243606831384,121.27511217770278,0.09134929455709011,36.13753825203814,-8.849431975512694,False,True,False,True,False,0.7288932246738682,123.64540000000001,117.240225,0.0,0.0,0.0,0.0,0.8664901881797772,0.7974333889624219,False,False,False,False,0.09271612038563225,0.10364054056270786,False,False,False,False,-32352.0,-11035.651063286987,False,False,True,False,1081.6522844764834,False,False,True,False
2024-11-05 16:00:00+00:00,121.7,123.375,121.7,123.375,11.0,,,,,,,,,,,121.72971061792865,125.07624197597676,125.40239659309779,120.72259873206997,119.31125733710228,119.0880733865211,118.28921669027585,118.04729761755748,,118.04729761755748,,,,120.95834911881624,"rgba(38, 166, 154, 0.5)",4.627211063397145,121.27546737529444,0.45373608334264154,39.631990367807276,-8.849431975512694,False,True,False,True,True,3.199577135180668,123.7061,117.3308,0.0,0.0,0.0,0.0,0.8655903243289494,0.7913398180106685,False,False,False,False,0.1188724977127578,0.11125651913773282,False,False,False,False,-32341.0,-11365.966550677886,False,False,False,False,1065.0530242520417,False,False,False,False
2024-11-05 20:00:00+00:00,123.375,123.475,123.32,123.475,123.0,,,,,,,,,,,121.85558106747233,125.06712340031093,125.39664880010704,120.72713635577169,119.31530355514309,119.09102981916301,118.29242095426558,118.05060639419291,,118.05060639419291,,,,120.97448129330331,"rgba(38, 166, 154, 0.5)",4.580865597419478,121.28301253882474,0.47850944642647086,42.20075910980078,-13.15930529846515,False,True,False,True,True,3.3447896943123467,123.7626,117.42057500000001,0.0,0.0,0.0,0.0,0.8744540549798743,0.7916131426450859,False,False,False,False,0.15100395779254475,0.13113023846513877,False,False,False,False,-32218.0,-11689.253890977454,False,False,False,False,1050.447551007824,False,False,False,False
2024-11-06 16:00:00+00:00,124.22,125.57,124.22,125.49,439.0,,,,,,,,,,,122.53436485195799,125.06762949930352,125.393536963465,120.75316267691375,119.33552465568138,119.10560367396003,118.3075364648464,118.06604302825444,,118.06604302825444,,,,121.07042522679781,"rgba(38, 166, 154, 1.0)",4.5819996352746815,121.33591533332176,0.9066095585643147,48.012426814696695,-7.820232373644764,False,True,False,False,True,6.205537881393948,123.8395,117.521025,0.0,0.0,0.0,0.0,0.8750497187340184,0.7895903176316839,False,False,False,False,0.20774328371245174,0.16943676108879524,False,False,False,False,-31779.0,-12000.722822900285,False,False,False,False,1040.9677440154546,False,False,False,False
2024-11-06 20:00:00+00:00,125.49,125.49,125.31,125.31,356.0,,,,,,,,,,,122.94640000000003,125.0722912245752,125.39334275869528,120.77537250742088,119.3526019565914,119.11791392507546,118.3202426531901,118.07900240726065,,118.07900240726065,,,,121.13214592910113,"rgba(38, 166, 154, 1.0)",4.570474374614591,121.37163695283559,0.8616967790124677,51.431063821901155,-4.812613358875431,False,True,True,False,True,5.911088072463688,123.9128,117.618775,0.0,0.0,0.0,0.0,0.8763140557417425,0.7892927730514739,False,False,False,False,0.2271607189322052,0.19829874001050024,False,False,False,False,-32135.0,-12312.882158979352,False,False,False,False,1030.3480890694786,False,False,False,False
2024-11-07 16:00:00+00:00,126.28,126.28,125.84,126.07,331.0,,,,,,,,,,,123.31738343521516,125.08629664418065,125.3984435448628,120.7989191352544,119.37021305076321,119.13058085524904,118.33317345758114,118.09215243431156,,118.09215243431156,,,,121.19089531967724,"rgba(38, 166, 154, 1.0)",4.547496605647767,121.4075302473621,1.0252827339876034,55.07642375223656,-1.5450938495009865,False,False,True,False,True,6.973803126345796,124.06599999999999,117.711175,0.0,0.0,0.0,0.0,0.8814700237747409,0.7855690183609754,False,False,False,False,0.25279676392721884,0.22554775196885954,False,False,False,False,-31804.0,-12615.070032483547,False,False,False,False,1019.5054830373937,False,False,False,False
2024-11-07 20:00:00+00:00,126.07,126.355,126.07,126.355,144.0,,,,,,,,,,,123.46225071225072,125.09346855639477,125.40128768253824,120.80947789951395,119.37807013167338,119.1362330497977,118.33892824972689,118.09800059334984,,118.09800059334984,,,,121.21471460940569,"rgba(38, 166, 154, 1.0)",4.566298870899488,121.42250014872238,1.0801964546630742,58.005765215716636,1.1143563022855716,False,False,True,False,True,7.371856343272562,124.2291,117.8061,0.0,0.0,0.0,0.0,0.8847714129527857,0.7800730788042699,False,False,False,False,0.2587656382397325,0.242156695104296,False,False,False,False,-31660.0,-12910.340264538065,False,False,False,False,1005.9317546182092,False,False,False,False
2024-11-08 16:00:00+00:00,126.27,126.69,126.05,126.58,899.0,,,,,,,,,,,124.16230212691772,125.14294870222764,125.42226257861635,120.87663153216499,119.42799247994166,119.17220490429182,118.37547981838468,118.13512349620741,,118.13512349620741,,,,121.33936820484404,"rgba(38, 166, 154, 1.0)",4.543694069013925,121.50493152395936,1.1169476639394509,60.36977584726462,3.344891787732145,True,False,True,False,True,7.689150155514302,124.3953,117.90095000000001,0.0,0.0,0.0,0.0,0.8822156258105415,0.7799936597596475,False,False,False,False,0.26494921113778463,0.2535529531210403,False,False,False,False,-30761.0,-13187.094679041349,False,False,False,False,1004.2738979574617,False,False,False,False
2024-11-08 20:00:00+00:00,126.58,126.58,126.37,126.55,368.0,,,,,,,,,,,124.36751987913487,125.16305883300444,125.43109806629835,120.90395214205559,119.44839799329351,119.18694847513972,118.39045761800512,118.15033348980079,,118.15033348980079,,,,121.38022081209155,"rgba(38, 166, 154, 1.0)",4.449156400451118,121.53356965556506,1.1275014616088346,61.835255572939865,4.859394809716264,True,False,True,False,True,7.636400674654762,124.6165,117.99595000000001,0.0,0.0,0.0,0.0,0.883081912152184,0.7847525841850772,False,False,False,False,0.2690825934060878,0.2613177732635641,False,False,False,False,-31129.0,-13465.263753784893,False,False,False,False,994.4091863612219,False,False,False,False
2024-11-11 16:00:00+00:00,127.28,127.73,127.28,127.55,237.0,,,,,,,,,,,124.53621208700235,125.18534024730752,125.44206914127425,120.92458865257562,119.46336926861588,119.19773226893236,118.40128402900781,118.16129286717795,,118.16129286717795,,,,121.41398607023672,"rgba(38, 166, 154, 1.0)",4.248361452021995,122.11059064707565,1.280354653047582,64.69579869074197,7.7442929559047755,True,False,True,False,True,9.067023059002587,124.8276,118.09565,0.0,0.0,0.0,0.0,0.8859524705473697,0.7834254783338643,False,False,False,False,0.31013360767365517,0.2857256904686096,False,False,False,False,-30892.0,-13735.445711090553,False,False,False,False,982.6664082781022,False,False,False,False
2024-11-11 20:00:00+00:00,127.55,127.63,127.55,127.63,33.0,,,,,,,,,,,124.55889586134771,125.18851890212323,125.44364852296383,120.9274880615668,119.46547098926258,119.19924660974387,118.40280322548904,118.16283039319697,,118.16283039319697,,,,121.41861282071176,"rgba(0, 255, 255, 0.75)",4.069876382123308,122.11447398416149,1.3552072588900062,66.743135311692,9.880543362320601,True,False,True,False,True,9.181130525175135,125.03019999999998,118.19465,0.0,0.0,0.0,0.0,0.8952653394827478,0.7795551404051612,False,False,False,False,0.3135652329071591,0.29964546168788436,False,False,False,False,-30859.0,-14000.92717293411,False,True,False,False,967.94289807224,False,True,False,False
2024-11-12 16:00:00+00:00,127.63,127.63,124.29,125.08,331.0,,,,,,,,,,,124.63539745462134,125.19474155330134,125.44527131101293,120.948034889407,119.48148937360175,119.21091244648137,118.41481183010515,118.17506655631422,,118.17506655631422,,,,121.43821567685563,"rgba(38, 166, 154, 0.5)",3.831405279321635,122.06429585025671,0.7871013191998388,60.13057447431146,9.880543362320601,True,False,True,False,False,4.695052181187748,125.14640000000001,118.28129999999999,0.0,0.0,0.0,0.0,0.8770907615154937,0.786995970664116,False,False,False,False,0.2488923265468056,0.274268894117345,False,False,False,False,-31190.0,-14267.424426066915,False,False,False,False,958.0678143811975,False,False,False,False
2024-11-12 20:00:00+00:00,125.08,125.08,124.88,124.925,773.0,,,,,,,,,,,124.68070936639118,125.18786679131527,125.43719067485193,120.98826540800582,119.51435011726251,119.2350356801754,118.4399906629318,118.20081286388985,,118.20081286388985,,,,121.46052769560298,"rgba(38, 166, 154, 1.0)",3.664231541918718,122.02656994208621,0.7910062518582184,55.36914166694034,12.961129351978144,False,False,True,False,False,4.432499913993116,125.23299999999999,118.365725,0.0,0.0,0.0,0.0,0.8802733300518277,0.8011697599675713,False,False,False,False,0.21100039442472454,0.24263464427103476,False,False,False,False,-31963.0,-14541.774434965102,False,False,False,False,955.198545941179,False,False,False,False
2024-11-13 16:00:00+00:00,124.615,125.2,124.55,124.58,150.0,,,,,,,,,,,124.68322749008631,125.18552661532038,125.43505591226408,120.9956197181276,119.52046610311757,119.23954287898671,118.44471621068467,118.20565020834457,,118.20565020834457,,,,121.46372564211649,"rgba(38, 166, 154, 0.5)",3.5015475703446577,122.02370449860518,0.7300473433645791,51.37699056928288,9.32022467434976,False,True,False,False,False,3.842561791225492,125.29299999999999,118.44967500000001,0.0,0.0,0.0,0.0,0.8821940879261275,0.8023694755793023,False,False,False,False,0.206977538278605,0.22480609127481987,False,False,False,False,-32113.0,-14814.196536748588,False,False,False,False,942.714847554494,False,False,False,False
2024-11-13 20:00:00+00:00,124.51,124.78,124.51,124.755,1051.0,,,,,,,,,,,124.68298507462687,125.16620536582991,125.41837318894017,121.04508390789923,119.56215586588168,119.27038051438545,118.47713606374137,118.23885811865729,,118.23885811865729,,,,121.48264726249525,"rgba(38, 166, 154, 1.0)",3.321553116857723,122.01605091145915,0.824598912671301,49.2747413792595,7.335268747944653,False,True,False,True,False,4.115054645330478,125.34029999999998,118.53490000000002,0.0,0.0,0.0,0.0,0.8853334899013616,0.7978511038046037,False,False,False,False,0.19818840888888622,0.21149725008185305,False,False,False,False,-31062.0,-15066.1004664114,False,False,False,False,944.3936871272925,False,False,False,False
2024-11-14 16:00:00+00:00,124.78,125.11,124.415,124.56,2145.0,,,,,,,,,,,124.68587690754042,125.13200459062247,125.38709526017311,121.14238173947267,119.64540124553588,119.3323978087147,118.54240724880954,118.30572480142922,,118.30572480142922,,,,121.52166120028724,"rgba(38, 166, 154, 1.0)",3.2094960832048414,122.03225701432984,0.787582511440887,47.33512022686736,5.342256304760014,False,True,False,True,False,3.7720677349799026,125.3707,118.614025,0.0,0.0,0.0,0.0,0.8845995530989058,0.8002175702693171,False,False,False,False,0.20267464911766167,0.20708594959975735,False,False,False,False,-33207.0,-15347.354722746108,False,False,False,False,963.0077384896601,False,False,False,False
2024-11-14 20:00:00+00:00,124.6,124.6,124.01,124.05,144.0,,,,,,,,,,,124.67846897084807,125.12758230348743,125.3837172709975,121.14787959987926,119.65037652721864,119.33614616952308,118.54640553401046,118.30983413671476,,118.30983413671476,,,,121.5225513140849,"rgba(38, 166, 154, 0.5)",3.1003694737680787,122.03158348643298,0.6510245087382786,44.66098236604033,2.5810763607927782,False,True,False,True,False,2.871110307892657,125.38770000000001,118.68947499999999,0.0,0.0,0.0,0.0,0.889132495852097,0.8011969661057126,False,False,False,False,0.18525052254963276,0.19616823607469505,False,False,False,False,-33351.0,-15626.481006114385,False,False,False,False,950.3099440944716,False,False,False,False
2024-11-15 16:00:00+00:00,123.09,123.25,123.05,123.05,144.0,,,,,,,,,,,124.65402336956524,125.11787847815643,125.37717455641068,121.15139037146197,119.65414232938754,119.33904327426252,118.54962174709833,118.31317168371159,,118.31317168371159,,,,121.51955572625678,"rgba(38, 166, 154, 0.5)",3.0319448282316257,122.02595440392054,0.33775205490026433,40.60113169393041,-1.4452999371059718,False,True,False,True,False,1.1289598148574527,125.3304,118.754925,0.0,0.0,0.0,0.0,0.8848549563979351,0.8042356291155013,False,False,False,False,0.14172793631846958,0.1689480861965823,False,False,False,False,-33495.0,-15903.512308345169,False,False,False,False,937.8090147286657,False,False,False,False
2024-11-15 20:00:00+00:00,123.05,123.05,122.8,122.8,4.0,,,,,,,,,,,124.65325383891064,125.11757899145583,125.3769746492986,121.15147615686568,119.65423977689088,119.33911871920137,118.54970646063525,118.31325982696632,,118.31325982696632,,,,121.51945105252807,"rgba(38, 166, 154, 0.5)",2.9662386653502546,122.02577201241321,0.261013382581392,37.3900743334183,-4.63197069683028,False,True,False,True,False,0.6969420856136885,125.2791,118.819125,0.0,0.0,0.0,0.0,0.8865155131264911,0.804295942720764,False,False,False,False,0.13331620365643665,0.15113214492650948,False,False,False,False,-33499.0,-16176.310567130515,False,False,False,False,923.3313555855856,False,False,False,False
2024-11-18 16:00:00+00:00,122.785,123.42,122.785,123.29,382.0,,,,,,,,,,,124.59394724946105,125.09290286829652,125.36016994152978,121.1609557672636,119.66432839600898,119.34688036389518,118.5583062047077,118.3221797117771,,118.3221797117771,,,,121.5124588128675,"rgba(38, 166, 154, 0.5)",2.9282354678123097,122.0125880756889,0.4362394822249274,37.39326222947001,-4.931974785459246,False,True,False,True,False,1.530790366020934,125.21689999999998,118.884375,0.0,0.0,0.0,0.0,0.8820863719576237,0.8042675790042318,False,False,False,False,0.13995050557940175,0.1455413252529556,False,False,False,False,-33117.0,-16438.95691492694,False,False,False,False,914.9386213904602,False,False,False,False
2024-11-18 20:00:00+00:00,123.29,123.365,123.28,123.31,149.0,,,,,,,,,,,124.5744232152029,125.08419827056444,125.35413727006538,121.16491021635011,119.66841945817863,119.35002051880747,118.56176323357379,118.32575992651304,,118.32575992651304,,,,121.51045401365698,"rgba(38, 166, 154, 0.5)",2.882254016601455,122.00853217251333,0.45154515181186977,37.48427927452903,-5.3328894254927945,False,True,False,True,False,1.5651137908968913,125.14210000000001,118.95012499999999,0.0,0.0,0.0,0.0,0.8883311662786123,0.8031205587977387,False,False,False,False,0.14819038939818518,0.1468658573255704,False,False,False,False,-32968.0,-16695.22114880404,False,False,False,False,903.0636040045616,False,False,False,False
2024-11-19 16:00:00+00:00,122.48,124.07,122.48,124.07,380.0,,,,,,,,,,123.54,124.53556203657935,125.06511921793035,125.34056988972205,121.17596147409839,119.67944282517367,119.35845262368157,118.57096694074146,118.33527185705783,,118.33527185705783,,,,121.73348298499829,"rgba(38, 166, 154, 0.5)",2.855970816781099,122.28019401704157,0.6266891707863028,40.745948792223004,-5.3328894254927945,False,True,False,True,True,2.871730720060313,125.08940000000001,119.024825,0.0,0.0,0.0,0.0,0.8885578427831943,0.7977308294209706,False,False,False,False,0.14640966944893946,0.14663776338725493,False,False,False,False,-32588.0,-16941.620820915607,False,False,False,False,894.9540907641808,False,False,False,False
2024-11-19 20:00:00+00:00,124.07,124.13,123.96,124.015,297.0,,,,,,,,,,123.75715657311669,124.52128361505957,125.05526685559094,125.33298293156975,121.18632119400557,119.68911395370276,119.36579674319579,118.57885093544891,118.3433868076029,,118.3433868076029,,,,121.75890662325476,"rgba(38, 166, 154, 0.5)",2.8015059286868267,122.29249249392011,0.6148505660622672,42.72521792191533,-5.3328894254927945,False,True,False,True,True,2.769547766978011,124.9983,119.09794999999998,0.0,0.0,0.0,0.0,0.8965715496111594,0.802039519472267,False,False,False,False,0.1753982747974196,0.16101801909233726,False,False,False,False,-32885.0,-17188.804994234742,False,False,False,False,885.6834847058213,False,False,False,False
2024-11-20 16:00:00+00:00,122.65,123.26,122.65,123.11,2241.0,,,,,,,,,,123.1807864976011,124.25302655496722,124.91737675457037,125.23526273532151,121.23476660412163,119.74378039215682,119.40843397974882,118.62653850959735,118.39295099266765,,118.39295099266765,,,,121.66588033563916,"rgba(38, 166, 154, 0.5)",2.7914349647020487,122.1987973516755,0.3264280414363027,41.14207632059266,-5.3328894254927945,False,True,False,True,True,1.093048303053795,124.90549999999999,119.1612,0.0,0.0,0.0,0.0,0.8987180652786612,0.8018607752219903,False,False,False,False,0.13443665949170894,0.14772733929202309,False,False,False,False,-35126.0,-17466.901040835754,False,False,False,False,906.6961438576691,False,False,False,False
2024-11-20 20:00:00+00:00,123.11,123.47,122.95,123.46,1652.0,,,,,,,,,,123.22147082421591,124.14219725037867,124.84060345485413,125.1769352981461,121.27437563573962,119.7863795658617,119.44168452365537,118.66329789093913,118.43104750005492,,118.43104750005492,,,,121.66422132709395,"rgba(38, 166, 154, 0.5)",2.770706360973261,122.18230166140849,0.4611453442300869,41.6385860425664,-5.3328894254927945,False,True,False,True,True,1.7164866573811857,124.83709999999999,119.22640000000001,0.0,0.0,0.0,0.0,0.8962956114398417,0.8037167159763317,False,False,False,False,0.14397438562902662,0.14585086246052487,False,False,False,False,-33474.0,-17715.07311772202,False,False,False,False,918.2512424025114,False,False,False,False
2024-11-21 16:00:00+00:00,124.6,125.04,124.57,124.95,2621.0,,,,,,,,,,123.81625759050665,124.25231704675255,124.84149160167166,125.16221590711882,121.38039455690048,119.88105556070421,119.51418616716764,118.73970008774779,118.50929633520673,,118.50929633520673,,,,121.78854609486406,"rgba(38, 166, 154, 1.0)",2.751805652903251,122.27719306925887,0.9712920416168297,47.02639060511966,-9.031694451559304,False,True,False,False,True,4.306947948572095,124.80849999999998,119.29115,0.0,0.0,0.0,0.0,0.9057291023583153,0.7975984689467839,False,False,False,False,0.20429930671170174,0.17507508458611332,False,False,False,False,-30853.0,-17918.761906594544,False,False,False,False,944.6504479466585,False,False,False,False
2024-11-21 20:00:00+00:00,124.95,125.0,124.56,124.56,644.0,,,,,,,,,,123.88944501169965,124.26897049895658,124.83921929112908,125.15718083158849,121.40443009473796,119.90310892227336,119.53122283642419,118.75774148062942,118.52779397610651,,118.52779397610651,,,,121.80879032706058,"rgba(38, 166, 154, 1.0)",2.718719950853726,122.2930583091406,0.8338268493404544,49.22634968666699,-6.8453430282719765,False,False,False,False,True,3.565205152815043,124.78469999999999,119.35395,0.0,0.0,0.0,0.0,0.9106495940037472,0.7952529668956907,False,False,False,False,0.2033434974797178,0.18920929103291556,False,False,False,False,-31497.0,-18129.277225872145,False,False,False,False,939.9892006916715,False,False,False,False
2024-11-22 16:00:00+00:00,125.35,125.7,125.26,125.5,958.0,,,,,,,,,,124.06346279237272,124.33193212075419,124.85505463504302,125.16251055315415,121.44784416247597,119.94081146549189,119.5601488810473,118.78787104332882,118.55855518539198,,118.55855518539198,,,,121.85646564878445,"rgba(38, 166, 154, 1.0)",2.6939600728059734,122.33355505938027,1.1753867373845754,53.22500351036308,-3.012395779634346,True,False,True,False,True,5.1714519792333995,124.81110000000001,119.422075,0.0,0.0,0.0,0.0,0.9095817727840195,0.7952871410736584,False,False,False,False,0.23025189818444253,0.20973059460867904,False,False,False,False,-30539.0,-18321.6760285718,False,False,False,False,940.2684378902502,False,False,False,False
2024-11-22 20:00:00+00:00,125.5,125.61,125.32,125.51,528.0,,,,,,,,,,124.14370435933196,124.36374256577108,124.86336687910925,125.16531605636634,121.47134048494077,119.96134959703562,119.57595382927302,118.80434543541541,118.57537700211894,,118.57537700211894,,,,121.88049957881805,"rgba(38, 166, 154, 1.0)",2.682730569085382,122.35421375085858,1.1763336525506265,55.91606280423803,-0.44699865158440133,True,False,True,False,True,5.18849221382915,124.8185,119.48989999999999,0.0,0.0,0.0,0.0,0.9039656146075165,0.798111313296104,False,False,False,False,0.22967197429225825,0.21970128445046866,False,False,False,False,-30011.0,-18502.905857586193,False,False,False,False,933.8766791632695,False,False,False,False
2024-11-25 16:00:00+00:00,126.44,126.44,125.91,126.22,1687.0,,,,,,,,,,124.45730362766473,124.5122696009899,124.9174464768993,125.19345196048116,121.55758884458695,120.03427438869224,119.63189631141177,118.86198393533425,118.63405108494418,,118.63405108494418,,,,121.97780735900048,"rgba(0, 255, 255, 0.75)",2.6762870474519747,122.86197884849162,1.2547313094480912,59.453706460917374,2.9109793115318965,True,False,True,False,True,6.4012965424016635,124.84479999999999,119.5645,0.0,0.0,0.0,0.0,0.9036494073611974,0.7951029320024959,False,False,False,False,0.2572962243817553,0.23849875441611199,False,False,False,False,-28324.0,-18655.170883049974,False,False,False,False,945.5530097188777,False,False,False,False
2024-11-25 20:00:00+00:00,126.22,126.22,126.085,126.155,377.0,,,,,,,,,,124.51346552481334,124.54156321022727,124.92860352162705,125.19930603187959,121.5762846424165,120.05024263903405,119.64419967805973,118.87467801149877,118.64697676380337,,118.64697676380337,,,,121.9972577803733,"rgba(0, 255, 255, 0.75)",2.596435520942745,122.8783410678584,1.261983556191633,61.50767487516702,4.906273926451647,True,False,True,False,True,6.269404155409703,124.85230000000001,119.63262499999999,0.0,0.0,0.0,0.0,0.9078163226899186,0.7953390627940536,False,False,False,False,0.2564150980247511,0.24745692622043153,False,False,False,False,-28701.0,-18810.92017168486,False,False,False,False,936.738234374399,False,False,False,False
2024-11-26 16:00:00+00:00,125.685,125.835,125.58,125.62,4129.0,,,,,,,,,,124.82349125521034,124.72746062550333,124.99606123338418,125.22929926453865,121.7512537447573,120.20662899180776,119.7663562774872,119.00198024385898,118.77690968275141,,118.77690968275141,,,,122.1421601465888,"rgba(38, 166, 154, 1.0)",2.4986264569098644,122.98053499417935,1.056366388229543,60.410107720022786,4.906273926451647,True,False,True,False,True,5.178316384596151,124.83149999999999,119.69622500000001,0.0,0.0,0.0,0.0,0.9092682926829263,0.7926357199055867,False,False,False,False,0.23906633590103213,0.24326163106073184,False,False,False,False,-32830.0,-19028.270246542455,False,False,False,False,986.2306648492145,False,False,False,False
2024-11-26 20:00:00+00:00,125.62,125.87,125.62,125.8,326.0,,,,,,,,,,124.84283396464646,124.74066471163245,125.00147344354048,125.23192628248658,121.76471987137244,120.21879298111317,119.77592631209673,119.01195400452491,118.78708796610779,,118.78708796610779,,,,122.15281994861344,"rgba(0, 255, 255, 0.75)",2.3963636547411786,122.98943234238241,1.1728468891008699,60.248661879627434,4.906273926451647,True,False,True,False,True,5.498661736544317,124.8375,119.76387500000001,0.0,0.0,0.0,0.0,0.9077757115390671,0.7948119897878783,False,False,False,False,0.24052273677703215,0.241892183918882,False,False,False,False,-32504.0,-19237.196289231717,False,False,False,False,975.9945305104669,False,False,False,False
2024-11-27 16:00:00+00:00,125.8,125.8,124.91,124.91,341.0,,,,,,,,,,124.85050141112004,124.74679631630394,125.00297635156905,125.23179697351831,121.77676168833162,120.23018806848762,119.78497639596148,119.02149763637708,118.79685587519172,,118.79685587519172,,,,122.16026119076231,"rgba(38, 166, 154, 1.0)",2.1495093992947187,122.99351491555879,0.8915918604822239,56.435656342945464,4.906273926451647,True,False,True,False,False,3.677411590239913,124.8109,119.82879999999999,0.0,0.0,0.0,0.0,0.9063348702077932,0.7935009158087544,False,False,False,False,0.2254238079720238,0.2336579959454529,False,False,False,False,-32845.0,-19448.16999017386,False,False,False,False,966.1496540684442,False,False,False,False
2024-11-27 20:00:00+00:00,124.91,125.14,124.91,125.14,250.0,,,,,,,,,,124.85373967906193,124.7498206323728,125.00329872312545,125.2311670804543,121.78516990895659,120.23826954846736,119.79141731258588,119.02831406359766,118.8038385207042,,118.8038385207042,,,,122.16500394103625,"rgba(0, 255, 255, 0.75)",1.9532787219862948,122.99563936844855,1.0978262382190103,54.76679545316692,10.743527596469882,True,False,True,False,False,4.100407755676681,124.7667,119.89309999999999,0.0,0.0,0.0,0.0,0.911371397568059,0.7950403727699237,False,False,False,False,0.2127265306348074,0.22319226329013014,False,False,False,False,-32595.0,-19651.99681203163,False,False,False,False,955.0465586565304,False,False,False,False
2024-11-28 16:00:00+00:00,125.14,125.14,125.14,125.14,0.0,,,,,,,,,,124.85373967906193,124.7498206323728,125.00329872312545,125.2311670804543,121.78516990895659,120.23826954846736,119.79141731258588,119.02831406359766,118.8038385207042,,118.8038385207042,,,,122.16500394103625,"rgba(0, 255, 255, 0.75)",1.7579903862640456,122.99563936844855,1.2197794984012915,53.654221526647895,9.42563863420159,True,False,True,False,False,4.100407755676681,124.76709999999999,119.95667499999999,0.0,0.0,0.0,0.0,0.9160337147069186,0.7927122392077689,False,False,False,False,0.2171434731577046,0.22016786822391737,False,False,False,False,-32595.0,-19852.66352812416,False,False,False,False,940.2396352665066,False,False,False,False
2024-11-28 20:00:00+00:00,125.14,125.14,125.14,125.14,0.0,,,,,,,,,,124.85373967906193,124.7498206323728,125.00329872312545,125.2311670804543,121.78516990895659,120.23826954846736,119.79141731258588,119.02831406359766,118.8038385207042,,118.8038385207042,,,,122.16500394103625,"rgba(0, 255, 255, 0.75)",1.6308858146844984,122.99563936844855,1.3148441247349285,52.91250557563521,8.395835971108497,True,False,True,False,False,4.100407755676681,124.75900000000001,120.011075,0.0,0.0,0.0,0.0,0.9180502272800539,0.7922563590057712,False,False,False,False,0.2171434731577046,0.218655670690811,False,False,False,False,-32595.0,-20050.21913233929,False,False,False,False,925.6622765802042,False,False,False,False
2024-11-29 16:00:00+00:00,126.05,126.11,125.915,126.055,124.0,,,,,,,,,,124.86252511829255,124.75584303283885,125.00600264217681,125.23263965604755,121.79054531238816,120.24306623139108,119.79518887804885,119.03222807808825,118.8078282691043,,118.8078282691043,,,,122.16954080204181,"rgba(0, 255, 0, 1.0)",1.5534677860067505,122.99985692105366,1.966660079125109,56.056224010989126,8.395835971108497,True,False,True,False,True,5.834272884520164,124.7525,120.06715,0.0,0.0,0.0,0.0,0.9188720452209658,0.7885727132579657,False,False,False,False,0.2509412219202421,0.23479844630552654,False,False,False,False,-32471.0,-20242.789378349535,False,False,False,False,913.2334040750848,False,False,False,False
2024-11-29 20:00:00+00:00,126.055,126.055,126.055,126.055,0.0,,,,,,,,,,124.86252511829255,124.75584303283885,125.00600264217681,125.23263965604755,121.79054531238816,120.24306623139108,119.79518887804885,119.03222807808825,118.8078282691043,,118.8078282691043,,,,122.16954080204181,"rgba(0, 255, 0, 1.0)",1.5042490119952285,122.99985692105366,2.0310088652769114,58.15203630122508,8.395835971108497,True,False,True,False,True,5.834272884520164,124.7408,120.124375,0.0,0.0,0.0,0.0,0.9193699364126398,0.7917110487072727,False,False,False,False,0.2526013636319156,0.24369990496872107,False,False,False,False,-32471.0,-20432.37403915032,False,False,False,False,899.0747466475641,False,False,False,False
2024-12-02 16:00:00+00:00,125.685,126.23,125.685,126.21,309.0,,,,,,,,,,124.88413059376978,124.77078041781019,125.01277698983913,125.23635448398844,121.8039286005379,120.25501565007848,119.80459012999924,119.04198340419656,118.81777193286835,,118.81777193286835,,,,122.180814689232,"rgba(0, 255, 0, 1.0)",1.4759409183951455,123.01035000536794,2.167871325168742,60.12618161192877,4.851899866665384,True,False,True,False,True,6.131338011976947,124.74780000000001,120.184175,0.0,0.0,0.0,0.0,0.9115515214836093,0.7898654825649737,False,False,False,False,0.2487948112832047,0.24624735812596288,False,False,False,False,-32162.0,-20614.228705210004,False,False,False,False,889.9263009631057,False,False,False,False
2024-12-02 20:00:00+00:00,126.21,126.4,126.01,126.01,1514.0,,,,,,,,,,124.98759050676534,124.8445184908524,125.04778161791853,125.25623733813894,121.86979672104826,120.31384218055373,119.85096703461421,119.09005754428034,118.86675805472831,,118.86675805472831,,,,122.23639438765557,"rgba(0, 255, 0, 1.0)",1.458505167739498,123.06271169867368,2.020759587636056,60.10637401886092,5.077151695839241,True,False,True,False,True,5.675119853596559,124.7694,120.2437,0.0,0.0,0.0,0.0,0.9121995701165891,0.7892919950498279,False,False,False,False,0.25847166819320694,0.25235951315958494,False,False,False,False,-33676.0,-20816.73678729977,False,False,False,False,899.6018621884839,False,False,False,False
2024-12-03 16:00:00+00:00,126.1,126.1,125.42,125.7,2705.0,,,,,,,,,,125.08412646840267,124.923117928916,125.08416885287316,125.27453554548762,121.97206103290966,120.40905028162467,119.92699426806925,119.16956539355179,118.94794244963492,,118.94794244963492,,,,122.31017358016331,"rgba(0, 255, 0, 1.0)",1.4410545531740673,123.12436225688437,1.7873284099082403,58.12414610262847,5.077151695839241,True,False,True,False,True,4.96393303616447,124.8062,120.29795,0.0,0.0,0.0,0.0,0.9098768240761801,0.7927134453508408,False,False,False,False,0.2411055772285776,0.24673254519408128,False,False,False,False,-36381.0,-21058.043193698224,False,False,False,False,927.5925309917632,False,False,False,False
2024-12-03 20:00:00+00:00,125.7,125.74,125.7,125.74,100.0,,,,,,,,,,125.08715975074352,124.92571689630635,125.08541499382585,125.27516689008668,121.97572509945898,120.41249734763774,119.92976091775279,119.17246236905937,118.9509011570811,,118.9509011570811,,,,122.3127561579947,"rgba(0, 255, 0, 1.0)",1.440048009709661,123.12652065323564,1.8148557056033665,57.017720519747854,5.077151695839241,True,False,True,False,False,5.045128966213511,124.823,120.35375,0.0,0.0,0.0,0.0,0.9094556247757586,0.7960794546462707,False,False,False,False,0.2395516919932703,0.2431421185936758,False,False,False,False,-36281.0,-21294.05802790445,False,False,False,False,914.7616390384024,False,False,False,False
2024-12-04 16:00:00+00:00,126.93,126.97,126.51,126.75,3419.0,,,,,,,,,,125.31732223667453,125.10670040092805,125.18851846799328,125.3420662686196,122.12966270028642,120.54976636817942,120.03910582328476,119.28512158958694,119.06547702088623,,119.06547702088623,,,,122.44708231960436,"rgba(0, 255, 0, 1.0)",1.4508607262054225,123.26015991114247,2.405358437115362,60.58289141041724,5.84994855920403,True,False,True,False,True,7.07413344549666,124.8651,120.4146,0.0,0.0,0.0,0.0,0.9095423563777987,0.7965920155793578,False,False,False,False,0.2795548654414831,0.2613484920175795,False,False,False,False,-32862.0,-21473.40596545632,False,False,False,False,953.5870399835435,False,False,False,False
2024-12-04 20:00:00+00:00,126.75,126.98,126.74,126.94,1643.0,,,,,,,,,,125.41556696513622,125.18798123957752,125.23779448732215,125.37516369746294,122.20234510956323,120.6151132785613,120.09150948654657,119.33909336444763,119.12035189795583,,119.12035189795583,,,,122.50943550295258,"rgba(0, 255, 0, 1.0)",1.4580590516836671,123.32166873119955,2.481608179464504,63.573122090107326,8.698536942076963,True,False,True,False,True,7.450226311367835,124.88150000000002,120.48045,0.0,0.0,0.0,0.0,0.9099007297350595,0.8029386628098091,False,False,False,False,0.28431662958583853,0.27283256080170903,False,False,False,False,-31219.0,-21624.500446612037,False,False,False,False,964.2756130070544,False,False,False,False
2024-12-05 16:00:00+00:00,127.12,127.34,127.005,127.065,1113.0,,,,,,,,,,125.48558611740624,125.24645283476666,125.27440107504533,125.40036716845141,122.25289367916592,120.66035442117511,120.12784475501583,119.37641821278355,119.15827237914712,,119.15827237914712,,,,122.55362118255078,"rgba(0, 255, 0, 1.0)",1.4583118464306317,123.80992196775969,2.2320863951063994,65.97743139723698,10.966747654451893,True,False,True,False,True,7.700377672993273,124.9199,120.55059999999999,0.0,0.0,0.0,0.0,0.9046090725606319,0.8039903384839364,False,False,False,False,0.29677681708563547,0.2848046889436723,False,False,False,False,-30106.0,-21755.996563718825,False,True,False,False,966.5814174565573,False,True,False,False
2024-12-05 20:00:00+00:00,127.065,127.065,126.775,126.775,124.0,,,,,,,,,,125.4918401741746,125.25186773965302,125.27782429972233,125.40270876918272,122.25815917379174,120.66515127924069,120.13171751718565,119.38041323865284,119.16233533692993,,119.16233533692993,,,,122.55800194761484,"rgba(0, 255, 0, 1.0)",1.4592848118721164,123.81226767303754,2.030263251463282,65.3256120342322,10.966747654451893,True,False,True,False,True,6.981661204541204,124.97419999999998,120.61375,0.0,0.0,0.0,0.0,0.9012226082308921,0.812466595403528,False,False,False,False,0.28670221627758335,0.2857534526106278,False,False,False,False,-30230.0,-21887.376461955744,False,False,False,False,953.5181396665332,False,False,False,False
2024-12-06 16:00:00+00:00,127.09,127.09,126.3,126.445,3688.0,,,,,,,,,,125.62433680889744,125.37446738377541,125.357751681669,125.45734825553608,122.40093012502439,120.79867019376732,120.24053545978197,119.49325910097465,119.27723857302588,,119.27723857302588,,,,122.66939306471691,"rgba(0, 255, 0, 1.0)",1.4136726974423683,123.88607331593225,1.8101266924779547,62.5650270786748,10.966747654451893,True,False,True,False,False,6.162638153791619,125.0685,120.67892499999999,0.0,0.0,0.0,0.0,0.9039855072463764,0.8068974771873328,False,False,False,False,0.27777239562262906,0.2817629241166284,False,False,False,False,-33918.0,-22073.89775711922,False,False,False,False,995.9132072686024,False,False,False,False
2024-12-06 20:00:00+00:00,126.445,126.78,126.445,126.78,456.0,,,,,,,,,,125.63938968991756,125.38873209867587,125.36739048740364,125.46407783613829,122.41816391235801,120.8149205664975,120.25385423340657,119.5070767838189,119.29130779838093,,119.29130779838093,,,,122.6827681562886,"rgba(0, 255, 0, 1.0)",1.3944426604675517,123.89734863678919,2.0672426661446726,62.309696702714675,10.966747654451893,True,False,True,False,False,6.867716129958804,125.1655,120.74442499999999,0.0,0.0,0.0,0.0,0.9038025259878775,0.8180002031625645,False,False,False,False,0.27450898996832124,0.27813595704247485,False,False,False,False,-33462.0,-22250.457481815047,False,False,False,False,987.5424598690892,False,False,False,False
2024-12-09 16:00:00+00:00,125.91,126.055,125.59,125.725,1806.0,,,,,,,,,,125.64752567400494,125.40552015042354,125.37935188377634,125.47109660994717,122.471245641562,120.86887995403792,120.29891649427393,119.55463478797839,119.33993490360186,,119.33993490360186,,,,122.71523401106735,"rgba(0, 255, 255, 0.75)",1.3819459285905673,123.90476548010398,1.317153212899189,56.33634766065144,11.510724402019292,True,False,True,False,False,4.258905362294001,125.2407,120.8023,0.0,0.0,0.0,0.0,0.9101023281368031,0.8154316324428271,False,False,False,False,0.2435358146791128,0.2608358858607938,False,False,False,False,-35268.0,-22452.27984643807,False,False,False,False,1000.2317240571653,False,False,False,False
2024-12-09 20:00:00+00:00,125.725,125.725,125.46,125.48,51.0,,,,,,,,,,125.64738474250613,125.40569654619216,125.37949216242033,125.4711476034988,122.47261594827955,120.87031478201705,120.30012436465887,119.55591711608277,119.34124788569429,,119.34124788569429,,,,122.7159934612611,"rgba(0, 255, 255, 0.75)",1.3753059446682914,123.9048027428208,1.1453431603970259,51.33976796664282,7.005234467188231,False,True,False,False,False,3.6648890289650495,125.3163,120.8601,0.0,0.0,0.0,0.0,0.9152030544949664,0.8087816730301983,False,False,False,False,0.2346062109664707,0.24772104841363224,False,False,False,False,-35319.0,-22651.763879826623,False,False,False,False,985.5149531415503,False,False,False,False
2024-12-10 16:00:00+00:00,124.605,124.755,124.49,124.62,693.0,,,,,,,,,,125.62658585947253,125.39332304737613,125.37135650328419,125.4641896651577,122.48551427284688,120.88585775667933,120.31357695365674,119.57058504919168,119.35636258935558,,119.35636258935558,,,,122.71859463300231,"rgba(38, 166, 154, 1.0)",1.375070537092729,123.89175136832615,0.5296081997462941,45.07254113911334,1.4524091082635238,False,True,False,True,False,1.6083695508992193,125.34119999999999,120.92229999999999,0.0,0.0,0.0,0.0,0.9164759725400454,0.8066708272657935,False,False,False,False,0.19733024455886483,0.22252564648624854,False,False,False,False,-36012.0,-22858.89932355024,False,False,False,False,980.979837588968,False,False,False,False
2024-12-10 20:00:00+00:00,124.62,124.62,124.2,124.345,53.0,,,,,,,,,,125.6246685559029,125.39211150031845,125.37055006062484,125.46351614300337,122.48638729941618,120.88696725459377,120.31454681133263,119.57165168407909,119.3574639180367,,119.3574639180367,,,,122.71865146970089,"rgba(38, 166, 154, 0.5)",1.373618709962435,123.89056865577008,0.33082786433678135,40.12233085265436,-2.8007579284085153,False,True,False,True,False,0.9604107925819143,125.35860000000001,120.977275,0.0,0.0,0.0,0.0,0.9130312806845273,0.8153668116145326,False,False,False,False,0.18923931173139918,0.20588247910882385,False,False,False,False,-36065.0,-23063.64507047194,False,False,False,False,966.5925532852631,False,False,False,False
2024-12-11 16:00:00+00:00,125.055,126.005,125.055,126.005,182.0,,,,,,,,,,125.6250052793196,125.39333272927709,125.37144277915839,125.46399841273582,122.49142411199169,120.8921844793514,120.31893542616466,119.57629847379972,119.36221849007663,,119.36221849007663,,,,122.72164890909721,"rgba(0, 255, 0, 1.0)",1.3770885857385768,123.89168342729515,1.534626453657959,44.40180114134145,-2.8007579284085153,False,True,False,True,True,4.626713320075343,125.3689,121.048875,0.0,0.0,0.0,0.0,0.9117544593088064,0.8110019509476034,False,False,False,False,0.23218607981517475,0.2190342794619993,False,False,False,False,-35883.0,-23262.39475930183,False,False,False,False,954.4283276529335,False,False,False,False
2024-12-11 20:00:00+00:00,126.005,126.005,125.92,125.92,178.0,,,,,,,,,,125.62666917228022,125.39556154679181,125.37302342286874,125.46501242844819,122.49673431023119,120.89755210103918,120.32342816192457,119.58102934735915,119.36705249528904,,119.36705249528904,,,,122.72511810958135,"rgba(0, 255, 0, 1.0)",1.3794345623153743,123.89379129927075,1.4688690250940755,46.929493218859605,-2.8007579284085153,False,True,False,True,True,4.421225708185677,125.3811,121.12332500000001,0.0,0.0,0.0,0.0,0.9279224927248202,0.8028603875363763,False,False,False,False,0.24898984644879352,0.2340120629553964,False,False,False,False,-36061.0,-23460.822747529706,False,False,False,False,942.3906791621904,False,False,False,False
2024-12-12 16:00:00+00:00,125.17,125.17,124.69,124.81,989.0,,,,,,,,,,125.60619118556411,125.38452717763114,125.36578034185445,125.45840047746941,122.5169877609113,120.92096328906285,120.3435883220325,119.60283966386699,119.38948395522088,,119.38948395522088,,,,122.73208468595706,"rgba(38, 166, 154, 1.0)",1.378313442561033,123.88455417002977,0.6714335080782974,44.92311240510084,-2.8007579284085153,False,True,False,True,True,1.7808969065219493,125.3559,121.196125,0.0,0.0,0.0,0.0,0.9337583247266635,0.7943302824174655,False,False,False,False,0.20908391694983078,0.2215479899526136,False,False,False,False,-37050.0,-23671.507666172656,False,False,False,False,943.1133042914588,False,False,False,False
2024-12-12 20:00:00+00:00,124.83,124.83,124.595,124.6,1009.0,,,,,,,,,,125.58051070052205,125.36907203920384,125.35537164802453,125.44931671225109,122.53546016260157,120.94328806872994,120.3630095349403,119.62400977054529,119.41129482853819,,119.41129482853819,,,,122.7368148294841,"rgba(38, 166, 154, 1.0)",1.3687241971728406,123.87311647292628,0.5310664694721694,42.99403071924215,-2.8007579284085153,False,True,False,True,True,1.2912686141799554,125.3208,121.270725,0.0,0.0,0.0,0.0,0.9319548055334244,0.8104946766133125,False,False,False,False,0.20076463699108316,0.21115631347184838,False,False,False,False,-38059.0,-23894.56956282114,False,False,False,False,944.1348034497307,False,False,False,False
2024-12-13 16:00:00+00:00,124.24,124.24,123.91,124.185,1051.0,,,,,,,,,,125.53949483677843,125.34117570486704,125.33615304692171,125.43335343121112,122.54938977459366,120.96279349226809,120.38043604929761,119.64343549644839,119.43141198971634,,119.43141198971634,,,,122.73529375801137,"rgba(38, 166, 154, 0.5)",1.3725082976162806,123.85241930019282,0.24231598481757416,40.56063616099832,-2.8007579284085153,False,True,False,True,False,0.3226745953239849,125.2729,121.3397,0.0,0.0,0.0,0.0,0.9341128769503667,0.809796184339138,False,False,False,False,0.17653331884212214,0.19384481615698526,False,False,False,False,-39110.0,-24130.46770913399,False,False,False,False,945.7916282024481,False,False,False,False
2024-12-13 20:00:00+00:00,124.185,124.185,124.095,124.115,223.0,,,,,,,,,,125.53120277682399,125.33550883127432,125.33221675923619,125.4300657477461,122.55235117374038,120.96692737735196,120.38413247991667,119.64755396995875,119.43567644741364,,119.43567644741364,,,,122.73507061816242,"rgba(38, 166, 154, 0.5)",1.3711253252916673,123.84845639880623,0.19439769383375705,38.743063007634824,-3.5870396620774088,False,True,False,True,False,0.1584385184077739,125.2242,121.40772500000001,0.0,0.0,0.0,0.0,0.9389985380116955,0.8060307017543865,False,False,False,False,0.1789941302471584,0.18641947320207183,False,False,False,False,-39333.0,-24366.16588418618,False,False,False,False,934.5855564473713,False,False,False,False
2024-12-16 16:00:00+00:00,124.51,124.825,124.44,124.825,327.0,,,,,,,,,,125.52405672811702,125.33114972629703,125.32918565136224,125.42735953915073,122.55822006093268,120.97404844203115,120.39035486888503,119.65433873848704,119.44266641881612,,119.44266641881612,,,,122.7368200193421,"rgba(38, 166, 154, 1.0)",1.3458302872801964,123.84617106127948,0.7273048823255804,40.94383522965687,-3.5870396620774088,False,True,False,True,False,1.8101266884013647,125.16969999999999,121.48075,0.0,0.0,0.0,0.0,0.9354862824250574,0.8060850713911942,False,False,False,False,0.19771161543229118,0.1920655443171815,False,False,False,False,-39006.0,-24593.14005652438,False,False,False,False,925.1656253396601,False,False,False,False
2024-12-16 20:00:00+00:00,124.825,124.825,124.52,124.56,501.0,,,,,,,,,,125.51254396167728,125.32394728509277,125.32415000361978,125.42290518402153,122.56689227935348,120.9847262440498,120.39971747954961,119.66457175683864,119.4532145932087,,119.4532145932087,,,,122.7391854208235,"rgba(38, 166, 154, 1.0)",1.3470660243181884,123.84238186287791,0.53272677371943,41.47195047217668,-3.5870396620774088,False,True,False,True,False,1.1699054395522843,125.10830000000001,121.5449,0.0,0.0,0.0,0.0,0.947360331975716,0.7967801429339895,False,False,False,False,0.1992376679879273,0.1956516061525544,False,False,False,False,-39507.0,-24824.362691306946,False,False,False,False,918.589414094084,False,False,False,False
2024-12-17 16:00:00+00:00,123.86,124.13,123.57,123.57,1133.0,,,,,,,,,,125.46258642626353,125.2881152343093,125.29885072699126,125.40198789329254,122.57802277543824,121.00289012978307,120.41637964897842,119.68349699841899,119.4728949613186,,119.4728949613186,,,,122.73391386608822,#000000,1.3566503961212122,123.81795692795257,-0.18277142634646593,38.88889088720649,-4.3242866611876565,False,True,False,True,False,0.0,125.07809999999999,121.60185,0.0,0.0,0.0,0.0,0.9544671521415701,0.7898363479758833,False,False,False,False,0.16803124674022893,0.18184142644639167,False,False,False,False,-40640.0,-25069.566370511486,False,False,False,False,921.9136092244082,False,False,False,False
2024-12-17 20:00:00+00:00,123.57,123.77,123.46,123.61,421.0,,,,,,,,,,125.44324056357625,125.2740073632398,125.28880239973188,125.39368315797984,122.58160923276084,121.00923079955774,120.42226503649816,119.69023881126154,119.47991884627946,,119.47991884627946,,,,122.73144402343172,#000000,1.3571009874319029,123.8085227864427,-0.14628446098058429,37.37283112599979,-6.1344526286230945,False,True,False,True,False,0.0,125.0518,121.6593,0.0,0.0,0.0,0.0,0.9682405845980881,0.7845499076527748,False,False,False,False,0.1495122784319977,0.1656768524391947,False,False,False,False,-40219.0,-25304.441310503556,False,False,False,False,914.1475067558127,False,False,False,False
2024-12-18 16:00:00+00:00,124.19,124.19,122.14,122.14,330.0,,,,,,,,,,125.42193158011484,125.25793193925418,125.27733494012128,125.38436251886361,122.58226382244244,121.01267817415764,120.42572481930107,119.69444630961253,119.48435877521628,,119.48435877521628,,,,122.72678143100931,"rgba(239, 83, 80, 0.5)",1.3825324817383626,123.79703856884363,-1.198553083367786,33.17732333514884,-10.358346262190416,False,True,False,True,False,0.0,125.00300000000001,121.70129999999999,0.0,0.0,0.0,0.0,0.9554564807004854,0.7939510784431862,False,False,False,False,0.1273253210312077,0.14650108673520118,False,False,False,False,-40549.0,-25540.79105762753,False,False,False,False,905.0909562634745,False,False,False,False
2024-12-18 20:00:00+00:00,122.14,122.14,119.56,119.56,2244.0,,,,,,,,,,125.15978489852161,125.05134952047494,125.1284155133232,125.2648958333333,122.54316692854162,121.00511718846239,120.42566926977493,119.70101200917833,119.49273213822816,,119.49273213822816,,,,122.6413492555376,"rgba(255, 26, 202, 1.0)",1.510871543122849,123.64208279167437,-2.7018066560688756,27.450840283503805,-15.788921164115862,False,True,False,True,False,0.0,124.8991,121.725725,0.0,0.0,0.0,0.0,0.9333971444524203,0.8157852755842709,False,False,False,False,0.008304110231186308,0.07740259848319374,False,False,False,False,-42793.0,-25808.26716526121,False,False,False,False,925.8492360113277,False,False,False,False
2024-12-19 16:00:00+00:00,119.48,119.955,119.155,119.44,1824.0,,,,,,,,,119.51666666666668,124.92921103917924,124.86569295277329,124.99196870931476,125.15461341579713,122.49933003253149,120.98984097912675,120.41855592642497,119.69966595409952,119.49290498833989,,119.49290498833989,,,,122.25584506642538,"rgba(255, 26, 202, 1.0)",1.6347973536148173,123.44981660047867,-2.452791223090911,23.53605095514377,-19.393259885914567,False,True,False,True,False,0.0,124.7967,121.759375,0.0,0.0,0.0,0.0,0.9291867189711646,0.849395397743358,False,False,False,False,-0.061116769204149664,0.008142914639522037,False,False,False,False,-44617.0,-26099.875426264913,False,False,False,False,939.7740540576636,False,False,False,False
2024-12-19 20:00:00+00:00,119.43,119.695,119.26,119.55,1608.0,,,,,,,,,119.50963869463871,124.74050444333932,124.71162474992855,124.87675297444261,125.06059253896012,122.46153517541308,120.97649702691305,120.41227388287169,119.69839956007945,119.49296041734704,,119.49296041734704,,,,122.19407794639338,"rgba(255, 0, 0, 1.0)",1.7398007108609175,123.33994924529378,-2.1783812488606107,21.444257038953577,-21.360013588644158,False,True,False,True,False,0.0,124.7067,121.799025,0.0,0.0,0.0,0.0,0.9265541308229178,0.856313910079533,False,False,False,False,-0.06702167868460929,-0.029439382022543627,False,False,False,False,-43009.0,-26362.03239640034,False,False,False,False,950.1341462428161,False,False,False,False
2024-12-20 16:00:00+00:00,120.445,121.38,120.445,121.19,1809.0,,,,,,,,,120.02578229345546,124.59989252569811,124.59560232208052,124.7874549515091,124.98610130742178,122.44116444781174,120.97678167899606,120.41680761625304,119.70773396835934,119.50364568765487,,119.50364568765487,,,,122.204096679924,"rgba(239, 83, 80, 0.5)",1.7866725250337196,123.2953050327659,-1.178338505387922,26.564245874286314,-21.360013588644158,False,True,False,True,True,0.0,124.66950000000001,121.840175,0.0,0.0,0.0,0.0,0.9266826923076917,0.8477964743589749,False,False,False,False,-0.04949226785269846,-0.03946582493762105,False,False,False,False,-41200.0,-26592.078405758475,False,False,False,False,963.4498959134701,False,False,False,False
2024-12-20 20:00:00+00:00,121.19,121.19,120.55,120.55,142.0,,,,,,,,,120.04523840485481,124.58858979944675,124.58620934380484,124.78018268937078,124.98002174772634,122.43932449338928,120.97661448277644,120.41701555071954,119.70832559730562,119.50434407145394,,119.50434407145394,,,,122.20258661808484,"rgba(239, 83, 80, 1.0)",1.848894917082387,123.29028960054762,-1.4821229563829879,28.824900616856745,-28.795777767309623,False,True,False,True,True,0.0,124.62450000000001,121.86855,0.0,0.0,0.0,0.0,0.9255483346872455,0.856661251015435,False,False,False,False,-0.05505556137161905,-0.047260693154620045,False,False,False,False,-41342.0,-26820.759360707954,False,False,False,False,950.7142386124859,False,False,False,False
2024-12-23 16:00:00+00:00,120.55,120.55,120.55,120.55,0.0,,,,,,,,,120.04523840485481,124.58858979944675,124.58620934380484,124.78018268937078,124.98002174772634,122.43932449338928,120.97661448277644,120.41701555071954,119.70832559730562,119.50434407145394,,119.50434407145394,,,,122.20258661808484,"rgba(239, 83, 80, 1.0)",1.8987848129170561,123.29028960054762,-1.4431807026820418,30.332003778570364,-27.211840068968478,False,True,False,True,True,0.0,124.56970000000001,121.88865,0.0,0.0,0.0,0.0,0.9191089311260979,0.8648681790312696,False,False,False,False,-0.0716872577751357,-0.05947397546487787,False,False,False,False,-41342.0,-27045.894874495425,False,False,False,False,935.974482975083,False,False,False,False
2024-12-23 20:00:00+00:00,120.55,120.55,120.55,120.55,0.0,,,,,,,,,120.04523840485481,124.58858979944675,124.58620934380484,124.78018268937078,124.98002174772634,122.43932449338928,120.97661448277644,120.41701555071954,119.70832559730562,119.50434407145394,,119.50434407145394,,,,122.20258661808484,"rgba(239, 83, 80, 1.0)",1.9523711432716355,123.29028960054762,-1.4035700179196753,31.33673921971278,-25.956650314597134,False,True,False,True,True,0.0,124.51449999999998,121.90825000000001,0.0,0.0,0.0,0.0,0.912095669144209,0.8661296350122498,False,False,False,False,-0.0716872577751357,-0.06558061662000678,False,False,False,False,-41342.0,-27267.53991520092,False,False,False,False,921.4632506808956,False,False,False,False
2024-12-24 16:00:00+00:00,121.26,121.88,121.18,121.88,1035.0,,,,,,,,,120.3034930404072,124.52674577705561,124.53461655644112,124.73944473753626,124.9454059057251,122.43303900461981,120.98041831900855,120.42237018259856,119.7162116917917,119.51296624449611,,119.51296624449611,,,,122.21147114596799,#000000,1.9747865388118775,123.27413806944014,-0.7059689956560691,36.8396882564801,-20.551969839667635,False,True,False,True,True,0.0,124.4707,121.93025,0.0,0.0,0.0,0.0,0.9156621532364592,0.860551519154558,False,False,False,False,-0.020838312261956815,-0.043209464440981796,False,False,False,False,-40307.0,-27469.70208705827,False,False,False,False,923.2235103602616,False,False,False,False
2024-12-24 20:00:00+00:00,121.88,121.88,121.88,121.88,0.0,,,,,,,,,120.3034930404072,124.52674577705561,124.53461655644112,124.73944473753626,124.9454059057251,122.43303900461981,120.98041831900855,120.42237018259856,119.7162116917917,119.51296624449611,,119.51296624449611,,,,122.21147114596799,#000000,1.9720691516114388,123.27413806944014,-0.7069417765096891,40.50832094765832,-17.01742597333753,False,True,False,True,True,0.0,124.428,121.94789999999999,0.0,0.0,0.0,0.0,0.915281142952627,0.8656529367532799,False,False,False,False,-0.0027176563162827154,-0.022963560378632255,False,False,False,False,-40307.0,-27668.729961677524,False,False,False,False,908.9099675639784,False,False,False,False
2024-12-25 16:00:00+00:00,121.88,121.88,121.88,121.88,0.0,,,,,,,,,120.3034930404072,124.52674577705561,124.53461655644112,124.73944473753626,124.9454059057251,122.43303900461981,120.98041831900855,120.42237018259856,119.7162116917917,119.51296624449611,,119.51296624449611,,,,122.21147114596799,#000000,1.9729413446801383,123.27413806944014,-0.7066292534237351,42.954076075110464,-14.601033329693564,False,True,False,True,True,0.0,124.4034,121.96565000000001,0.0,0.0,0.0,0.0,0.9142221662679921,0.865038398589954,False,False,False,False,-0.0027176563162827154,-0.012840608347457485,False,False,False,False,-40307.0,-27864.672132814307,False,False,False,False,894.8183401598857,False,False,False,False
2024-12-25 20:00:00+00:00,121.88,121.88,121.88,121.88,0.0,,,,,,,,,120.3034930404072,124.52674577705561,124.53461655644112,124.73944473753626,124.9454059057251,122.43303900461981,120.98041831900855,120.42237018259856,119.7162116917917,119.51296624449611,,119.51296624449611,,,,122.21147114596799,#000000,1.9744124841725401,123.27413806944014,-0.706102742266856,44.584579493411894,-12.850167866667348,False,False,False,True,True,0.0,124.37180000000001,121.98277499999999,0.0,0.0,0.0,0.0,0.9113451086956516,0.8687584918478268,False,False,False,False,-0.0027176563162827154,-0.0077791323318701,False,False,False,False,-40307.0,-28057.57644083269,False,False,False,False,880.9451875992672,False,False,False,False
2024-12-26 16:00:00+00:00,121.88,121.97,121.75,121.835,488.0,,,,,,,,,120.41289192972296,124.50049155655665,124.5125963144853,124.7218510634756,124.93033167255757,122.43087346355134,120.98274412625483,120.42529877369486,119.72030024233348,119.51739582484325,,119.51739582484325,,,,122.2154774967476,#000000,1.9719317551187134,123.33863494752597,-0.7625187553387008,45.485747465866915,-11.664695088430797,False,False,False,True,True,0.0,124.30950000000001,121.993375,0.0,0.0,0.0,0.0,0.9210548885077183,0.8648370497427108,False,False,False,False,-0.0037529613549739274,-0.005766046843422014,False,False,False,False,-40795.0,-28255.05587585854,False,False,False,False,874.8530141481158,False,False,False,False
2024-12-26 20:00:00+00:00,121.835,121.835,121.705,121.705,16.0,,,,,,,,,120.41597876336321,124.49960624459679,124.51185265830446,124.72125721358877,124.92982341685797,122.4307901170496,120.98281112855386,120.42538764848476,119.72042754188921,119.51753435635926,,119.51753435635926,,,,122.21554690890477,"rgba(239, 83, 80, 0.5)",1.9935620526224882,123.33816080112332,-0.819217439946219,45.5113824122857,-11.173650858781805,False,False,False,True,True,0.0,124.2524,121.99539999999999,0.0,0.0,0.0,0.0,0.9188217761023928,0.879021653370738,False,False,False,False,-0.008411965636026099,-0.007089006239724057,False,False,False,False,-40811.0,-28449.721676232824,False,False,False,False,861.5374635411682,False,False,False,False
2024-12-27 16:00:00+00:00,120.655,120.655,120.22,120.58,10.0,,,,,,,,,120.41607833237163,124.49879927234717,124.51117569430434,124.72072850754027,124.92937973314696,122.43064162539326,120.98278390061503,120.42539015116542,119.72045753582658,119.51757190203247,,119.51757190203247,,,,122.21530066547432,"rgba(239, 83, 80, 1.0)",2.0397797862944222,123.33606046938925,-1.351155888448168,41.54755767673403,-11.173650858781805,False,False,False,True,False,0.0,124.154,121.996425,0.0,0.0,0.0,0.0,0.9206812440108019,0.8806080669047833,False,False,False,False,-0.07754328595522215,-0.042316146097473105,False,False,False,False,-40821.0,-28641.524440942394,False,False,False,False,848.3353323234757,False,False,False,False
2024-12-27 20:00:00+00:00,120.58,120.58,120.38,120.56,7.0,,,,,,,,,120.41616971705818,124.49823763298228,124.51070450432277,124.72036038453216,124.92907072108487,122.43053885209032,120.9827656723439,120.425392539634,119.7204791251498,119.51759877084604,,119.51759877084604,,,,122.21513179200443,"rgba(239, 83, 80, 1.0)",2.0828557730121244,123.3346496856559,-1.3321372135351162,38.84656524055033,-11.173650858781805,False,True,False,True,False,0.0,124.055,122.00067499999999,0.0,0.0,0.0,0.0,0.9248405974320897,0.8802952222901571,False,False,False,False,-0.07533040633166577,-0.05882327621456944,False,False,False,False,-40828.0,-28830.46204650918,False,False,False,False,835.2913736828016,False,False,False,False
2024-12-30 16:00:00+00:00,118.58,119.93,118.58,119.885,705.0,,,,,,,,119.46499999999999,120.32844409558696,124.42791733550003,124.45161051675638,124.6745270523811,124.89088959811808,122.41467000382032,120.97693584064777,120.4225584679052,119.71977451643912,119.51745525802835,,119.51745525802835,,,,121.93543478956212,"rgba(239, 83, 80, 1.0)",2.1415565442993127,123.11966496770307,-1.5104270659177974,35.20332606701678,-8.334652548189332,False,True,False,True,False,0.0,123.9283,121.99844999999999,0.0,0.0,0.0,0.0,0.9188391966338432,0.8806229124192086,False,False,False,False,-0.13949787347906498,-0.0991605748468172,False,False,False,False,-41533.0,-29027.40061943152,False,False,False,False,833.2713523853938,False,False,False,False
2024-12-30 20:00:00+00:00,119.885,119.91,119.62,119.62,133.0,,,,,,,,119.50494232299124,120.31798165530839,124.41553254009038,124.44117196262714,124.66638335185867,124.88407770353868,122.41194912876655,120.97602327830899,120.42216571354476,119.71977290026099,119.51755774492443,,119.51755774492443,,,,121.93432348202003,"rgba(239, 83, 80, 1.0)",2.196394182610265,123.1099855076911,-1.5889613691944369,32.141415311497354,-11.320373417219933,False,True,False,True,False,0.0,123.7976,121.9898,0.0,0.0,0.0,0.0,0.9226349721503436,0.8896539625455032,False,False,False,False,-0.11267441290677872,-0.10591749387679797,False,False,False,False,-41666.0,-29223.347896649633,False,False,False,False,822.4144321933721,False,False,False,False
2024-12-31 16:00:00+00:00,119.62,119.62,119.08,119.08,167.0,,,,,,,,119.46424046434494,120.29574060087279,124.39857121280772,124.42686926959357,124.6552556786669,124.87479613012881,122.40796291528137,120.97446447059002,120.4213543556601,119.71947287769801,119.51739147522066,,119.51739147522066,,,,121.92328358644227,"rgba(255, 0, 0, 1.0)",2.2582151466694853,123.08871211174537,-1.7751683747483458,28.93005054554942,-14.423368630071536,False,True,False,True,False,0.0,123.66680000000001,121.9795,0.0,0.0,0.0,0.0,0.9175584621482356,0.8978288633461053,False,False,False,False,-0.1344873484208999,-0.12020242114884894,False,False,False,False,-41833.0,-29418.846378872116,False,False,False,False,812.2529681283586,False,False,False,False
2024-12-31 20:00:00+00:00,119.08,119.24,119.08,119.24,53.0,,,,,,,,119.45033553875236,120.28839022966946,124.39313509400296,124.42228239387383,124.6516858397996,124.87181849309425,122.4066705147032,120.97394921586123,120.42108085101653,119.71936255895788,119.51732373046003,,119.51732373046003,,,,121.91963949638104,"rgba(239, 83, 80, 1.0)",2.3064838826446996,123.0820341495616,-1.6657537381775156,27.900838658990093,-15.546166046968438,False,True,False,True,False,0.0,123.53559999999999,121.97762499999999,0.0,0.0,0.0,0.0,0.9170148203526973,0.9011829895773787,False,False,False,False,-0.14451536748116264,-0.1323588943150058,False,False,False,False,-41780.0,-29610.492171447742,False,False,False,False,800.4816042814073,False,False,False,False
2025-01-01 16:00:00+00:00,119.24,119.24,119.24,119.24,0.0,,,,,,,,119.45033553875236,120.28839022966946,124.39313509400296,124.42228239387383,124.6516858397996,124.87181849309425,122.4066705147032,120.97394921586123,120.42108085101653,119.71936255895788,119.51732373046003,,119.51732373046003,,,,121.91963949638104,"rgba(239, 83, 80, 1.0)",2.350099436270572,123.0820341495616,-1.6348389733068542,27.214697401283875,-16.485707730081735,False,True,False,True,False,0.0,123.42219999999999,121.96575000000001,0.0,0.0,0.0,0.0,0.9262213359920233,0.898169128976707,False,False,False,False,-0.1402896392209227,-0.13632426676796425,False,False,False,False,-41780.0,-29799.166711425296,False,False,False,False,788.0710367731684,False,False,False,False
2025-01-01 20:00:00+00:00,119.24,119.24,119.24,119.24,0.0,,,,,,,,119.45033553875236,120.28839022966946,124.39313509400296,124.42228239387383,124.6516858397996,124.87181849309425,122.4066705147032,120.97394921586123,120.42108085101653,119.71936255895788,119.51732373046003,,119.51732373046003,,,,121.91963949638104,"rgba(239, 83, 80, 1.0)",2.3702669728369115,123.0820341495616,-1.620928863115857,26.757269896146397,-17.31155255171138,False,True,False,True,False,0.0,123.3042,121.95387499999998,0.0,0.0,0.0,0.0,0.9285681745706339,0.8898000091112029,False,False,False,False,-0.1402896392209227,-0.13830695299444346,False,False,False,False,-41780.0,-29984.91606473653,False,False,False,False,775.852881164282,False,False,False,False
2025-01-02 16:00:00+00:00,119.765,119.97,118.89,118.965,1315.0,,,,,,,,119.35317319848293,120.14528368413518,124.26402562233433,124.31287019375834,124.56598991980279,124.8000574135465,122.375803783126,120.96188665899983,120.41481626581992,119.71709142896388,119.5160984002226,,119.5160984002226,,,,121.85700877901746,"rgba(239, 83, 80, 1.0)",2.390347579233723,122.9666967517424,-1.6741066389287327,25.631511648620044,-18.797769159125767,False,True,False,True,False,0.0,123.1807,121.9426,0.0,0.0,0.0,0.0,0.9283377260747063,0.8827592474779612,False,False,False,False,-0.13027316896445215,-0.1342900609794478,False,False,False,False,-43095.0,-30188.173180011934,False,False,False,False,784.2117512237505,False,False,False,False
2025-01-02 20:00:00+00:00,118.965,119.29,118.965,119.22,1229.0,,,,,,,,119.28669396631501,120.0302128197831,124.14642571560654,124.2124640345733,124.48661941385812,124.73325188603798,122.34643587629776,120.94999775620404,120.40843000293638,119.71443508124521,119.51441559568195,,119.51441559568195,,,,121.80267110441268,"rgba(239, 83, 80, 1.0)",2.438199025199846,122.87663388177859,-1.4997273987831548,27.19016573974414,-18.797769159125767,False,True,False,True,False,0.0,123.0623,121.9433,0.0,0.0,0.0,0.0,0.9378783645338543,0.88423209462606,False,False,False,False,-0.20172997274827414,-0.16801001686386097,False,False,False,False,-41866.0,-30369.224758616398,False,False,False,False,791.1076930652428,False,False,False,False
2025-01-03 16:00:00+00:00,119.22,121.005,119.22,120.93,1672.0,,,,,,,,119.63488655037288,120.07878435546824,124.03214071112725,124.11365264160167,124.40632168700087,124.66431382217118,122.32237800583921,120.9449758743019,120.40826910360417,119.7187441805348,119.51995114555692,,119.51995114555692,,,,121.80403800705263,"rgba(239, 83, 80, 0.5)",2.4517931900643366,122.85210672740381,-0.7839595668969793,37.649406902800706,-18.268156903819207,False,False,False,True,True,0.0,122.95980000000002,121.949975,0.0,0.0,0.0,0.0,0.9384615384615379,0.8756681385080183,False,False,False,False,-0.14964731416319563,-0.1588286655135283,False,False,False,False,-40194.0,-30521.546855382036,False,False,False,False,804.7649381339987,False,False,False,False
2025-01-03 20:00:00+00:00,120.93,120.97,120.92,120.96,713.0,,,,,,,,119.7915052057235,120.12684073443708,123.99271753105023,124.07920314202225,124.37770596500188,124.63937074990106,122.31523724558669,120.9449948453154,120.40985089357392,119.72210897664401,119.52381817997943,,119.52381817997943,,,,121.81121395174868,"rgba(239, 83, 80, 0.5)",2.4661646135041204,122.85107920713469,-0.7668098053064272,44.73188818450943,-12.069702044910528,True,False,False,True,True,0.0,122.85790000000001,121.955025,0.0,0.0,0.0,0.0,0.9550804144980535,0.8789328081774284,False,False,False,False,-0.15252400400239918,-0.15567633475796375,False,False,False,False,-39481.0,-30660.45310568619,False,False,False,False,803.342225914867,False,False,False,False
2025-01-06 16:00:00+00:00,123.01,123.38,122.41,122.41,312.0,,,,,,,,119.93721887072022,120.18827189404243,123.98570784646031,124.07282054010233,124.37177008249351,124.6337861315102,122.31618702809745,120.94794488474854,120.41281582822097,119.72570563839501,119.52761148760851,,119.52761148760851,,,,121.8290763847636,#000000,2.4644953159138283,122.98041081421013,-0.23145136877593453,53.58498294924654,-4.395630058062366,True,False,True,False,True,0.0,122.78190000000001,121.96852499999999,0.0,0.0,0.0,0.0,0.9495511501776691,0.8866654198616052,False,False,False,False,-0.05920306200224735,-0.10743969838010554,False,False,False,False,-39169.0,-30792.368561411986,False,False,False,False,795.7245169859543,False,False,False,False
2025-01-06 20:00:00+00:00,122.41,122.41,122.125,122.235,603.0,,,,,,,,120.13985970250168,120.27838402812903,123.96730599974111,124.05632571706855,124.35711595468433,124.62040097489,122.31592684818688,120.95210404588744,120.41735205199458,119.73153476206124,119.53383109209616,,119.53383109209616,,,,121.8518310161128,#000000,2.464801263848532,122.98074620260883,-0.30255834965145323,58.55237643336896,-0.36032597990875104,True,False,True,False,True,0.0,122.70639999999999,121.9842,0.0,0.0,0.0,0.0,0.9262081696407435,0.9048610782411138,False,False,False,False,-0.10462849769193956,-0.10603409803602255,False,False,False,False,-39772.0,-30931.58765348312,False,False,False,False,792.7365399784202,False,False,False,False
2025-01-07 16:00:00+00:00,121.8,122.32,121.76,121.76,3510.0,,,,,,,,120.74895425150467,120.6158672891092,123.84942865532064,123.95039459441413,124.2636732417388,124.53554661434548,122.30676425885072,120.97016828805528,120.43894341808364,119.7608385407245,119.5654207199412,,119.5654207199412,,,,121.90963635200802,#000000,2.470892192149282,122.98831963886887,-0.4971158364462781,59.41613826389875,0.177030544279134,True,False,True,False,True,0.0,122.6276,121.98935,0.0,0.0,0.0,0.0,0.9141698473282438,0.9114026717557258,False,False,False,False,-0.12119448419783013,-0.11361429111692634,False,False,False,False,-43282.0,-31123.066914669427,False,False,False,False,834.8646556376694,False,False,False,False
2025-01-07 20:00:00+00:00,121.68,121.68,121.36,121.36,831.0,,,,,,,,120.80200228290195,120.6547526858065,123.81696787379026,123.9212151629108,124.23823616963062,124.51266014538272,122.30185782959785,120.9722941538156,120.44236718461872,119.76616446685385,119.57129567999256,,119.57129567999256,,,,121.90907396684557,#000000,2.4815832584194175,122.97364784555293,-0.6502493277540506,58.112547444797706,0.177030544279134,True,False,True,False,True,0.0,122.54,121.99907499999999,0.0,0.0,0.0,0.0,0.9107673148769033,0.9231727176932661,False,False,False,False,-0.15932476895007883,-0.1364695300335026,False,False,False,False,-44113.0,-31324.461226069903,False,False,False,False,834.8047384960001,False,False,False,False
2025-01-08 16:00:00+00:00,120.08,120.72,119.92,120.67,1600.0,,,,,,,,120.7564882296452,120.63711353755942,123.7305690186744,123.84413830287276,124.17281523707086,124.45496228140019,122.28111720771618,120.9679145565147,120.44233085302456,119.77017106801273,119.5764138145177,,119.5764138145177,,,,121.87582128245535,"rgba(239, 83, 80, 0.5)",2.5001156964217817,122.89602279166476,-0.8903679117133225,54.43510981472451,0.177030544279134,True,False,True,False,False,0.0,122.4184,122.0091,0.0,0.0,0.0,0.0,0.8990302338847684,0.9329720479178558,False,False,False,False,-0.24930443195933097,-0.19288698099641677,False,False,False,False,-45713.0,-31547.53934659595,False,False,False,False,846.6682309224187,False,False,False,False
2025-01-08 20:00:00+00:00,120.7,120.89,120.58,120.84,6807.0,,,,,,,,120.76116887192536,120.67113355146867,123.44021093277237,123.57972845933207,123.94067954808146,124.24564847807157,122.21285851902968,120.96126130108131,120.45098097997176,119.79495868024453,119.60570968579412,,119.60570968579412,,,,121.78766718252481,"rgba(239, 83, 80, 0.5)",2.516525083422492,122.70817698371627,-0.7423637443643254,52.695669940510555,0.177030544279134,True,False,True,False,False,0.0,122.29639999999999,122.015075,0.0,0.0,0.0,0.0,0.8975275255939728,0.9478462429978758,False,False,False,False,-0.2178082850207507,-0.20534763300858372,False,False,False,False,-38906.0,-31661.624007889033,False,False,False,False,939.0764754042417,False,False,False,False
2025-01-09 16:00:00+00:00,120.84,120.84,120.84,120.84,0.0,,,,,,,,120.76116887192536,120.67113355146867,123.44021093277237,123.57972845933207,123.94067954808146,124.24564847807157,122.21285851902968,120.96126130108131,120.45098097997176,119.79495868024453,119.60570968579412,,119.60570968579412,,,,121.78766718252481,"rgba(239, 83, 80, 0.5)",2.532396751361327,122.70817698371627,-0.7377110173245964,51.536043357701246,0.177030544279134,True,False,False,False,False,0.0,122.17190000000001,122.02705,0.0,0.0,0.0,0.0,0.8969317843312475,0.968275245755139,False,False,False,False,-0.20990867637131552,-0.2076281546899496,False,False,False,False,-38906.0,-31773.939914743463,False,False,False,False,924.5171502041759,False,False,False,False
2025-01-09 20:00:00+00:00,120.84,120.84,120.84,120.84,0.0,,,,,,,,120.76116887192536,120.67113355146867,123.44021093277237,123.57972845933207,123.94067954808146,124.24564847807157,122.21285851902968,120.96126130108131,120.45098097997176,119.79495868024453,119.60570968579412,,119.60570968579412,,,,121.78766718252481,"rgba(239, 83, 80, 0.5)",2.5458465609126604,122.70817698371627,-0.7338136604142179,50.76295896916171,0.177030544279134,True,False,False,False,False,0.0,122.05320000000002,122.025,0.0,0.0,0.0,0.0,0.902468332248535,0.966855254593702,False,False,False,False,-0.20990867637131552,-0.20876841553063258,False,False,False,False,-38906.0,-31884.51448970868,False,False,False,False,910.1835509762042,False,False,False,False
2025-01-10 16:00:00+00:00,120.84,120.84,118.31,118.58,543.0,,,,,,,,120.72035350534013,120.64255860238833,123.40763141717537,123.55017845489684,123.91525558601212,124.22308445478205,122.20219676181527,120.95666675696495,120.4484431785053,119.7938699024751,119.60500156544092,,119.60500156544092,,,,121.76956728961785,"rgba(239, 83, 80, 1.0)",2.5995778191539043,122.67771944218515,-1.5763018948664727,43.14108434577577,1.3543480743375582,True,False,False,True,False,0.0,121.8959,122.01774999999999,0.0,0.0,0.0,0.0,0.875925743063098,0.9735360916362205,False,False,False,False,-0.30713317504769566,-0.2579507952891641,False,False,False,False,-39449.0,-32001.793334829475,False,False,False,False,904.490782744015,False,False,False,False
2025-01-10 20:00:00+00:00,118.58,118.85,118.49,118.67,799.0,,,,,,,,120.64231270642784,120.58613118040888,123.35412647707356,123.50173017904402,123.87381182178974,124.18646990540164,122.18363388714945,120.94770317584924,120.44296086957092,119.79061529567834,119.60232079547583,,119.60232079547583,,,,121.73743784489724,"rgba(239, 83, 80, 1.0)",2.650407673894148,122.62507539078689,-1.492251712724571,38.5173777155356,-3.0628398142066615,False,False,False,True,False,0.0,121.73370000000001,122.02077500000001,0.0,0.0,0.0,0.0,0.8728695996829164,0.997621878715815,False,False,False,False,-0.34282825441539394,-0.300389524852279,False,False,False,False,-38650.0,-32104.866306382504,False,False,False,False,902.8552667324799,False,False,False,False
2025-01-13 16:00:00+00:00,118.67,118.67,117.56,118.06,677.0,,,,,,,118.09666666666668,120.56277962373282,120.52721872669652,123.30429378135574,123.45664358468868,123.8353924814098,124.15263655462184,122.16551573867311,120.93826510421003,120.43684842421222,119.78646899988557,119.59867190734789,,119.59867190734789,,,,121.40511679945841,"rgba(239, 83, 80, 1.0)",2.712676602794835,122.38592108174933,-1.594705788847955,34.19816996180586,-7.154746096688335,False,True,False,True,False,0.0,121.5804,122.017225,0.0,0.0,0.0,0.0,0.8653457538567689,1.0006407412883833,False,False,False,False,-0.34282825441539394,-0.3216088896338365,False,False,False,False,-39327.0,-32216.83737139983,False,False,False,False,899.3536346901159,False,False,False,False
2025-01-13 20:00:00+00:00,118.06,118.4,118.06,118.4,123.0,,,,,,,118.12587916666668,120.54993262053351,120.5176267214275,123.29566785002143,123.44882021250856,123.82869638161766,124.14672148484573,122.1623941021748,120.93667126846837,120.43583119545538,119.78580231989444,119.59809448157752,,119.59809448157752,,,,121.40267815043264,"rgba(239, 83, 80, 1.0)",2.7545607112044053,122.37934268325651,-1.4446378571618324,33.14573943733357,-8.302343984774865,False,True,False,True,False,0.0,121.43880000000001,122.009975,0.0,0.0,0.0,0.0,0.8676846057571959,1.0148185231539428,False,False,False,False,-0.334070158993214,-0.32783952431352525,False,False,False,False,-39204.0,-32325.165474168825,False,False,False,False,887.3171442298041,False,False,False,False
2025-01-14 16:00:00+00:00,119.48,119.58,118.71,119.58,731.0,,,,,,,118.68170694535164,120.50904061033906,120.4871673115652,123.25515617722068,123.41175218052203,123.79637660123714,124.11778934072201,122.14872111195756,120.93080980160148,120.43261859284158,119.78449597328908,119.59729072911581,,119.59729072911581,,,,121.42941044798029,"rgba(239, 83, 80, 0.5)",2.774562416598847,122.37951105218566,-1.0089919172254198,37.57681132241704,-8.302343984774865,False,False,False,True,True,0.0,121.33800000000001,122.008625,0.0,0.0,0.0,0.0,0.8806821023153466,1.0056508476271444,False,False,False,False,-0.26423597789266307,-0.29603775110309416,False,False,False,False,-38473.0,-32420.4807381352,False,False,False,False,884.8936226138381,False,False,False,False
2025-01-14 20:00:00+00:00,119.58,119.58,119.065,119.07,292.0,,,,,,,118.7708648747486,120.49277733946964,120.47491149649348,123.23899390481965,123.39694599016678,123.78344811731603,124.1062057798518,122.1431976571622,120.92840670936002,120.43128253951237,119.78392175042283,119.59691705377449,,119.59691705377449,,,,121.4289894344248,"rgba(239, 83, 80, 1.0)",2.7911299287705225,122.37132342758834,-1.1827910243657336,39.01481120870616,-8.302343984774865,False,False,False,True,True,0.0,121.2325,122.0089,0.0,0.0,0.0,0.0,0.8871648086773118,1.001908205282716,False,False,False,False,-0.25103271385865433,-0.27353523248087425,False,False,False,False,-38765.0,-32518.845377854035,False,False,False,False,875.7014734260267,False,False,False,False
2025-01-15 16:00:00+00:00,121.0,121.045,120.49,121.045,450.0,,,,,,,119.18446399765362,120.49988029228454,120.48064881031212,123.2243330913938,123.38315090950103,123.77072481148711,124.09437290066853,122.13945556210798,120.92825735190664,120.43202039015918,119.78566247035809,119.59894015165274,,119.59894015165274,,,,121.46015922829044,#000000,2.779550522675814,122.39014140198155,-0.4839420586198272,45.76641110522117,-12.878383072372216,True,False,False,True,True,0.0,121.1333,122.023325,0.0,0.0,0.0,0.0,0.8995260663507102,0.9909703167872289,False,False,False,False,-0.14626910566645918,-0.2099021690736667,False,False,False,False,-38315.0,-32608.708240212887,False,False,False,False,869.1014505822124,False,False,False,False
2025-01-15 20:00:00+00:00,121.045,121.045,121.03,121.045,100.0,,,,,,,119.26265767663999,120.50219195377701,120.4824946101725,123.22134580581047,123.38032292974157,123.76808635354969,124.09190076512992,122.13874352099502,120.92831154250915,120.43225282847679,119.78611321529922,119.59945289492823,,119.59945289492823,,,,121.46615617475247,#000000,2.7554487837735815,122.39381036970073,-0.48950660148127884,50.267477702897835,-8.626883728256281,True,False,True,False,True,0.0,121.0358,122.03637499999999,0.0,0.0,0.0,0.0,0.906576830249396,0.988083266291231,False,False,False,False,-0.1271075786577527,-0.16850487386570973,False,False,False,False,-38315.0,-32697.177879899507,False,False,False,False,857.1773970848137,False,False,False,False
2025-01-16 16:00:00+00:00,121.33,121.76,121.33,121.43,1411.0,,,,,,,120.09941684284708,120.55939706436335,120.52806001366336,123.18888441653696,123.34894968769902,123.73767053036946,124.06271000216063,122.13301986266195,120.93224219786084,120.43801758328685,119.79479312362653,119.6089801859851,,119.6089801859851,,,,121.53601179258841,#000000,2.72797257159061,122.44079844705008,-0.37053101544225125,54.201127733634365,-4.890547285626106,True,False,True,False,True,0.0,120.9682,122.055425,0.0,0.0,0.0,0.0,0.9128424048381353,0.9798241601870203,False,False,False,False,-0.09132960499228665,-0.1299172394289982,False,False,False,False,-36904.0,-32762.39992827316,False,False,False,False,865.7637940292352,False,False,False,False
2025-01-16 20:00:00+00:00,121.43,121.75,121.43,121.52,2494.0,,,,,,,120.6822969098439,120.65151772399462,120.6037794147739,123.13635915145537,123.29771683129518,123.68725728260802,124.0138689649581,122.1240978161543,120.93977287077763,120.44862081608422,119.81045319399267,119.62611442548628,,119.62611442548628,,,,121.58515461678536,#000000,2.7072561372711204,122.46829726382944,-0.3502798463633061,57.047996617395704,-2.0909789858585555,True,False,True,False,True,0.0,120.9066,122.082725,0.0,0.0,0.0,0.0,0.911239576405586,0.9865452499104722,False,False,False,False,-0.08816972102504567,-0.10904348022702193,False,False,False,False,-34410.0,-32787.94411543172,False,False,False,False,891.0077662148284,False,False,False,False
2025-01-17 16:00:00+00:00,121.52,123.17,121.52,122.93,730.0,,,,,,,120.87580764840182,120.70075315476191,120.64423395059963,123.13076032717733,123.29139465773622,123.67951213948383,124.00547556824533,122.12600677590258,120.9453134555125,120.45435598163301,119.81749616493948,119.63356019238046,,119.63356019238046,,,,121.60872250139782,#000000,2.6805123165691005,122.4890772658191,0.16449196351586134,61.90546294089979,2.6160273556692744,True,False,True,False,True,2.5730907913635157,120.8815,122.11842499999999,0.0,0.0,0.0,0.0,0.9101140684410639,0.9731812420785804,False,False,False,False,-0.03536566352049893,-0.07220457187376042,False,False,False,False,-33680.0,-32801.774439223474,False,False,False,False,888.5115217773892,False,False,False,False
2025-01-17 20:00:00+00:00,122.93,122.965,122.8,122.84,447.0,,,,,,,120.99527900737759,120.73481327849451,120.67232902842933,123.12926032249402,123.28924418340193,123.67617266383616,124.00152402682545,122.128087269292,120.94938184600585,120.4584026944387,119.82230880531341,119.6386136245287,,119.6386136245287,,,,121.6246180625365,#000000,2.6658567322938596,122.50396593962992,0.12605105754536874,64.74212411890937,5.444305450822313,True,False,True,False,True,2.3338739604249525,120.85600000000001,122.155425,0.0,0.0,0.0,0.0,0.9181943522442929,0.9835571669305008,False,False,False,False,0.00208970929946219,-0.03505743128714912,False,False,False,False,-34127.0,-32822.320571948694,False,False,False,False,881.6663819048716,False,False,False,False
2025-01-20 16:00:00+00:00,122.84,122.84,122.84,122.84,0.0,,,,,,,120.99527900737759,120.73481327849451,120.67232902842933,123.12926032249402,123.28924418340193,123.67617266383616,124.00152402682545,122.128087269292,120.94938184600585,120.4584026944387,119.82230880531341,119.6386136245287,,119.6386136245287,,,,121.6246180625365,#000000,2.647786301289567,122.50396593962992,0.1269113221888116,66.63323157091577,7.512849731323364,True,False,True,False,True,2.3338739604249525,120.8163,122.19435,0.0,0.0,0.0,0.0,0.912682448811181,0.9890143896023518,False,False,False,False,-0.0008707160947589777,-0.017964073690954048,False,False,False,False,-34127.0,-32842.5481599805,False,False,False,False,867.9971356737883,False,False,False,False
2025-01-20 20:00:00+00:00,122.84,122.84,122.84,122.84,0.0,,,,,,,120.99527900737759,120.73481327849451,120.67232902842933,123.12926032249402,123.28924418340193,123.67617266383616,124.00152402682545,122.128087269292,120.94938184600585,120.4584026944387,119.82230880531341,119.6386136245287,,119.6386136245287,,,,121.6246180625365,#000000,2.629229197154667,122.50396593962992,0.1278070625161685,67.89396987225336,9.125889046347474,True,False,True,False,True,2.3338739604249525,120.7819,122.2294,0.0,0.0,0.0,0.0,0.919691969196919,0.9878987898789877,False,False,False,False,-0.0008707160947589777,-0.009417394892856513,False,False,False,False,-34127.0,-32862.46214199631,False,False,False,False,854.5398157408613,False,False,False,False
2025-01-21 16:00:00+00:00,124.41,125.43,124.39,125.4,1446.0,,,,,,,121.65777384563532,120.94467846430045,120.84510955147698,123.16455429446697,123.31810609281303,123.69453480269634,124.0134385121976,122.15454995847226,120.97741365072953,120.48329392551378,119.8489687123652,119.66594058287006,,119.66594058287006,,,,121.73069686612813,"rgba(38, 166, 154, 1.0)",2.633060242995333,122.61787381141947,1.05661319219025,72.73083364764446,14.05526232599506,True,False,True,False,True,8.528764237723141,120.8185,122.26570000000001,0.0,0.0,0.0,0.0,0.9177244462716474,0.9837093375815815,False,False,False,False,0.1443128087771768,0.06744770694216015,False,False,False,False,-32681.0,-32859.64877545373,False,False,False,False,863.7097410782122,False,False,False,False
2025-01-21 20:00:00+00:00,125.39,125.68,125.39,125.68,1385.0,,,,,,,122.1863466524078,121.15007960867062,121.01682475512644,123.20589507696356,123.35267009294654,123.71801551326928,124.02997754788977,122.18380578931578,121.00720684115159,120.50950581801683,119.87671945137454,119.69430275145758,,119.69430275145758,,,,121.82761249154919,"rgba(38, 166, 154, 1.0)",2.626378819344632,122.72578240329076,1.1248253964545818,76.23398198626641,17.61432476634495,True,False,True,False,True,9.155255070945504,120.8599,122.3034,0.0,0.0,0.0,0.0,0.9196951630462952,0.9836694489087041,False,False,False,False,0.18907626382959625,0.12826198538587819,False,False,False,False,-31296.0,-32835.40615878003,False,False,False,False,871.7917605963795,False,False,False,False
2025-01-22 16:00:00+00:00,127.46,127.46,127.18,127.385,2603.0,,,,,,,123.2274901078439,121.62576512893165,121.42014576188144,123.33461099752499,123.46387428779502,123.80074611374724,124.09427571580588,122.26521195492892,121.08328969002878,120.57486888756586,119.94400289822963,119.76257599506121,,119.76257599506121,,,,122.04973812827872,"rgba(0, 255, 255, 0.75)",2.655732017645783,122.9838290921274,1.6572345698396562,79.94088471333711,21.331108534611317,True,False,True,False,True,12.797974889349486,120.9648,122.349175,0.0,0.0,0.0,0.0,0.9334586858873908,0.9803092029666769,False,False,False,False,0.32186534962128865,0.22506366750358342,False,False,False,False,-28693.0,-32771.18280748112,False,False,False,False,898.6321984165907,False,False,False,False
2025-01-22 20:00:00+00:00,127.385,127.385,127.01,127.02,4559.0,,,,,,,124.24935704187682,122.27955801248699,121.99462332062556,123.53123182079305,123.63493206100893,123.92907371329935,124.19438506447753,122.39629548118593,121.20804201050268,120.68303374529935,120.05580886931472,119.87613003899276,,119.87613003899276,,,,122.33603926498863,"rgba(0, 255, 255, 0.75)",2.6729625144402966,123.32399876108829,1.3827359040557392,80.7866785364693,22.443037888944545,True,False,True,False,True,11.749604948881817,121.11400000000002,122.3907,0.0,0.0,0.0,0.0,0.9288589200773605,0.9822277978150642,False,False,False,False,0.31244484104357684,0.26875425427358013,False,False,False,False,-33252.0,-32778.63733759769,False,False,False,False,955.3820868132326,False,False,False,False
2025-01-23 16:00:00+00:00,126.79,127.84,126.79,127.61,12102.0,,,,,,,125.54514184997181,123.50881187922916,123.13547383773191,123.9996478660259,124.05050022871924,124.25175848549314,124.45283375019623,122.73066152309825,121.52981952180998,120.96511880230295,120.34730806417474,120.17206624900783,,120.17206624900783,,,,122.89076183814677,"rgba(0, 255, 255, 0.75)",2.7081047443379447,123.98379805228527,1.3390183504889643,81.88880171423861,23.939021114806593,True,False,True,False,True,12.971280682143174,121.2774,122.4351,0.0,0.0,0.0,0.0,0.9245875883739191,0.9818277035873262,False,False,False,False,0.3214797662185381,0.2951170102460591,False,False,False,False,-21150.0,-32598.348386627185,False,False,False,False,1128.1978684130274,False,False,False,False
2025-01-23 20:00:00+00:00,127.61,127.77,127.56,127.77,464.0,,,,,,,125.57845477665978,123.54693898757009,123.17202470733743,124.01668765672243,124.06582524110759,124.2639592515772,124.4627990603621,122.74332712624728,121.542062571629,120.97592415928162,120.35846008677599,120.18338168281021,,120.18338168281021,,,,122.9091537756734,"rgba(0, 255, 255, 0.75)",2.751893561017675,124.00539483201452,1.3680053695802443,82.76855476493543,25.30086051519035,True,False,True,False,True,13.3010516069657,121.44179999999999,122.46940000000001,0.0,0.0,0.0,0.0,0.932557163834696,0.9841095028319695,False,False,False,False,0.342828246659817,0.31897262845293806,False,False,False,False,-20686.0,-32413.66081474149,False,True,False,False,1117.9002270422827,False,False,False,False
2025-01-24 16:00:00+00:00,127.62,127.945,127.275,127.275,1381.0,,,,,,,125.66290619525402,123.65110367712091,123.27273320298016,124.0637604143211,124.10819544503835,124.29766513984157,124.49027473007631,122.7791262200318,121.57703168597448,121.00692147186632,120.39054621985471,120.21596115083324,,120.21596115083324,,,,122.95968546276606,"rgba(38, 166, 154, 1.0)",2.7820454381298627,124.35926938108696,1.0480528387318677,80.90629617842727,25.30086051519035,True,False,True,False,True,11.843526188233113,121.5635,122.49719999999999,0.0,0.0,0.0,0.0,0.9339906152791683,0.9812832814889015,False,False,False,False,0.33856864948384097,0.32877063896838954,False,False,False,False,-22067.0,-32253.247468776506,False,False,False,False,1121.9792932896892,False,False,False,False
2025-01-24 20:00:00+00:00,127.275,127.36,127.16,127.3,5446.0,,,,,,,125.90096667661936,123.99220067550822,123.60910182383336,124.22622436618366,124.25511628765925,124.41512601021998,124.58619003923552,122.90871029823634,121.70592988630405,121.1222017403407,120.51039842919832,120.3377753443819,,120.3377753443819,,,,123.13082846481007,"rgba(38, 166, 154, 1.0)",2.794109742342202,124.53586983809853,0.9892704355929812,79.7021649425802,25.30086051519035,True,False,True,False,False,11.89720558015513,121.69850000000001,122.51992499999999,0.0,0.0,0.0,0.0,0.939694209152415,0.9873208672952957,False,False,False,False,0.3117303748234142,0.32025050689590184,False,False,False,False,-16621.0,-32010.887042904,False,False,False,False,1189.0183740138798,False,False,False,False
2025-01-27 16:00:00+00:00,120.81,120.81,119.535,119.55,2157.0,,,,,,,125.57264522112246,123.84739867755736,123.49165904665144,124.14247223892748,124.1776664769573,124.34662197941792,124.52395946359337,122.87547232429822,121.69046550095821,121.11383098416795,120.5066626337172,120.33524420737406,,120.33524420737406,,,,123.0520082295619,"rgba(255, 0, 0, 1.0)",2.765686730287703,124.32087455380065,-1.7250234820717958,62.62913979457192,20.41180437861371,True,False,True,False,False,0.0,121.67849999999999,122.51085,0.0,0.0,0.0,0.0,0.9368347408925082,0.9880065963719953,False,False,False,False,-0.1900622741236966,0.06509411638610262,False,False,False,False,-18778.0,-31805.726003479132,False,False,False,False,1204.025841083432,False,False,False,False
2025-01-27 20:00:00+00:00,119.55,120.21,119.55,120.09,974.0,,,,,,,125.43563790486674,123.78513133433938,123.44085752224989,124.1055912060453,124.14348153528982,124.31627165192492,124.49631435734184,122.86063226532221,121.68351226268317,121.11004186652858,120.50494619264703,120.33406664511732,,120.33406664511732,,,,123.018040395363,"rgba(239, 83, 80, 1.0)",2.723809307595445,124.24135819552555,-1.524100157800815,52.37152074023998,11.615451821344394,False,False,False,False,False,0.0,121.6693,122.495925,0.0,0.0,0.0,0.0,0.9317782794080752,1.001103586656634,False,False,False,False,-0.2111018842076704,-0.07300388391078388,False,False,False,False,-17804.0,-31588.644980169378,False,False,False,False,1200.4595489736112,False,False,False,False
2025-01-28 16:00:00+00:00,118.65,118.71,117.5,118.71,1888.0,,,,,,118.30666666666667,125.11410188724318,123.62056471287043,123.30196637102205,124.00836570225918,124.0534076735081,124.2369191774371,124.42463791894372,122.816289488523,121.6575629587421,121.09246100077623,120.4918852433222,120.32212498752092,,120.32212498752092,,,,122.57284259914114,"rgba(255, 0, 0, 1.0)",2.7043443527734876,123.68356787213621,-1.8391030221559934,44.26511315556529,4.885138310013076,False,True,False,True,False,0.0,121.6059,122.49032500000001,0.0,0.0,0.0,0.0,0.912809896988515,1.0063581250924145,True,False,False,False,-0.34282825441539394,-0.2079160691630889,False,False,False,False,-19692.0,-31404.2008719497,False,False,False,False,1211.119090849989,False,False,False,False
2025-01-28 20:00:00+00:00,118.71,118.89,118.71,118.74,556.0,,,,,,118.41434806328422,125.03107282629195,123.57811969047016,123.26622620722988,123.9826775741402,124.02955056591186,124.21578188425991,124.40545384435138,122.80474845548852,121.65106569582186,121.08819810306285,120.48889518226714,120.31945465785509,,120.31945465785509,,,,122.55966098080272,"rgba(255, 0, 0, 1.0)",2.6873554132486155,123.64650609726623,-1.8257749135366468,38.930675537065845,0.5400436541254265,False,True,False,True,False,0.0,121.54310000000001,122.491875,0.0,0.0,0.0,0.0,0.9220954668267778,1.0135594916441506,False,False,False,False,-0.2898739900047176,-0.24889502958390325,False,False,False,False,-19136.0,-31213.99620726831,False,False,False,False,1200.962205720532,False,False,False,False
2025-01-29 16:00:00+00:00,119.4,119.77,118.95,119.63,1511.0,,,,,,118.81001685630002,124.83909520340563,123.48203705129981,123.18598019705529,123.92295334641379,123.97393043163733,124.16613661172048,124.36010303481801,122.77888120036259,121.63764201751454,121.08003197303604,120.48398711835793,120.31538232750474,,120.31538232750474,,,,122.54124441303277,"rgba(239, 83, 80, 1.0)",2.645633921548181,123.5747466478391,-1.4910402439694719,37.49246723679602,-0.5855390447282502,False,True,False,True,False,0.0,121.4981,122.5017,0.0,0.0,0.0,0.0,0.9349483398535451,1.0016551309058077,False,False,False,False,-0.24834014559769294,-0.2486175875907981,False,False,False,False,-17625.0,-31003.314095527712,False,False,False,False,1205.7689932287406,False,False,False,False
2025-01-29 20:00:00+00:00,119.63,119.66,119.23,119.23,265.0,,,,,,118.84539099526064,124.80631943187304,123.46533346629029,123.17197147003498,123.91246396670728,123.96415174119377,124.15739639819428,124.35211194828595,122.77428211060597,121.63522270873827,121.07854121001374,120.48306764552746,120.31460912302657,,120.31460912302657,,,,122.53545093967324,"rgba(255, 0, 0, 1.0)",2.6284974555577323,123.56066386301029,-1.6475815313625164,36.03904870403874,-2.170415088042496,False,True,False,True,False,0.0,121.4451,122.499275,0.0,0.0,0.0,0.0,0.945322360781541,0.9929317917907807,False,False,False,False,-0.24211190849027547,-0.2453647480405368,False,False,False,False,-17890.0,-30800.006900248212,False,False,False,False,1191.1834274422483,False,False,False,False
2025-01-30 16:00:00+00:00,120.96,121.75,120.96,121.7,102.0,,,,,,118.90733225358629,124.79863657229723,123.46221604427697,123.16956785508248,123.91029839826615,123.96211287603752,124.15551138786121,124.35033537193378,122.77360449243615,121.63515478819737,121.0786727767582,120.48338203175913,120.3149740171946,,120.3149740171946,,,,122.53859991274514,"rgba(239, 83, 80, 0.5)",2.5953314756439276,123.56135139352824,-0.7171921625411716,40.184478809631784,-2.170415088042496,False,True,False,True,False,0.0,121.44239999999999,122.510325,0.0,0.0,0.0,0.0,0.9512751609795661,0.9695279622775438,False,False,False,False,-0.10602310424312662,-0.1756939261418317,False,False,False,False,-17788.0,-30598.270359159094,False,False,False,False,1174.296862675702,False,False,False,False
2025-01-30 20:00:00+00:00,121.7,122.045,120.89,121.51,688.0,,,,,,119.26085362608116,124.74790349473123,123.44156218106122,123.15364098308942,123.89586049425387,123.94851109871279,124.14292049379675,124.33845746996386,122.7690929593573,121.63473037206144,121.07958429084138,120.48552239085045,120.3174540564423,,120.3174540564423,,,,122.55508414701873,"rgba(239, 83, 80, 0.5)",2.5755520758655086,123.56252430568716,-0.7969259580967358,42.63349319404719,-2.170415088042496,False,True,False,True,True,0.0,121.4385,122.53399999999999,0.0,0.0,0.0,0.0,0.944685356998789,0.971964501815248,False,False,False,False,-0.09817508497112273,-0.13693450555647724,False,False,False,False,-18476.0,-30410.3281830481,False,False,False,False,1166.7573764326678,False,False,False,False
2025-01-31 16:00:00+00:00,121.88,122.145,121.01,121.19,2258.0,,,,,,119.94045312786643,124.5901890699972,123.3756003048423,123.10241664560355,123.84902084675278,123.90431074799892,124.10191069486758,124.29970946468825,122.75412740788315,121.63305400884222,121.08230147645111,120.49225004229228,120.32528897527789,,120.32528897527789,,,,122.57312560102795,"rgba(239, 83, 80, 0.5)",2.5595933429122555,123.3618395028673,-0.848509591916747,43.702475478764505,-2.170415088042496,False,True,False,True,True,0.0,121.4507,122.56275,0.0,0.0,0.0,0.0,0.9466646559091129,0.973558538179259,False,False,False,False,-0.0905131115094278,-0.11372380853295253,False,False,False,False,-20734.0,-30260.307591062854,False,False,False,False,1183.6758667205333,False,False,False,False
2025-01-31 20:00:00+00:00,121.19,121.19,120.63,120.73,848.0,,,,,,120.03548710366354,124.52423331531082,123.34459698899826,123.077290699255,123.82762017963132,123.88416580462676,124.08342947171363,124.28242698419261,122.74605891014232,121.63041811224294,121.08166039661853,120.49318638707473,120.3266506765331,,120.3266506765331,,,,122.56440192538489,"rgba(239, 83, 80, 1.0)",2.5141496189180925,123.32940886513057,-1.033911763075249,43.58379648317191,-2.170415088042496,False,True,False,True,True,0.0,121.4541,122.57807500000001,0.0,0.0,0.0,0.0,0.9436146752205282,0.9769446672012829,False,False,False,False,-0.1372038907001324,-0.12546384961654244,False,False,False,False,-21582.0,-30125.76018655025,False,False,False,False,1178.471589717114,False,False,False,False
2025-02-03 16:00:00+00:00,119.19,119.295,118.195,119.065,1149.0,,,,,,119.88867548120166,124.39185768155386,123.27108922240099,123.01437288340588,123.77996946840577,123.8395902456573,124.04345038496243,124.2458110349576,122.72382713197162,121.61780174815372,121.07335295961268,120.4873855715655,120.32148236473292,,120.32148236473292,,,,122.51528201373706,"rgba(255, 0, 0, 1.0)",2.4836356760142775,123.2149450431493,-1.6709153774957473,40.88419933763268,-2.170415088042496,False,True,False,True,True,0.0,121.4377,122.5883,0.0,0.0,0.0,0.0,0.9321705426356578,0.9957264957264955,False,False,False,False,-0.2940039826638573,-0.20973391614019987,False,False,False,False,-22731.0,-30011.112741797533,False,False,False,False,1178.014665845531,False,False,False,False
2025-02-03 20:00:00+00:00,119.065,119.19,118.66,118.66,1747.0,,,,,,119.72177942244825,124.20150543961505,123.16345700881774,122.92188789625966,123.70902715254275,123.77310886635682,123.98364911773216,124.19092249786539,122.69037786917539,121.5987343382494,121.06075534291712,120.47856367954348,120.31361373334141,,120.31361373334141,,,,122.4467217203742,"rgba(255, 0, 0, 1.0)",2.4785330138815302,123.0797096715164,-1.7831958044387202,38.52518810372426,-2.6142899389987164,False,True,False,True,False,0.0,121.41849999999998,122.60199999999999,0.0,0.0,0.0,0.0,0.9209861874350205,0.9977721669389571,False,False,False,False,-0.28052306706973273,-0.2451284916049663,False,False,False,False,-24478.0,-29925.32804812625,False,False,False,False,1186.8361438944376,False,False,False,False
2025-02-04 16:00:00+00:00,119.395,119.52,119.0,119.42,1011.0,,,,,,119.68743366880148,124.10645895438665,123.11012593566889,122.87624256604022,123.67282104342678,123.7390742865482,123.95281238775073,124.1624468453694,122.67364417662017,121.58970261572046,121.0550782485186,120.47497100768621,120.3105554564305,,120.3105554564305,,,,122.4162590148437,"rgba(255, 0, 0, 1.0)",2.464289870848671,123.02530543510784,-1.4630200276991825,38.9550705869383,-2.8407713163307307,False,True,False,True,False,0.0,121.4253,122.603325,0.0,0.0,0.0,0.0,0.918454290296711,1.0045609462710503,False,False,False,False,-0.25569177226118117,-0.2504101319330737,False,False,False,False,-23467.0,-29825.198931101037,False,False,False,False,1184.1100021286325,False,False,False,False
2025-02-04 20:00:00+00:00,119.42,119.42,119.25,119.25,153.0,,,,,,119.68264906373193,124.09237656925163,123.1021695606599,122.86942248696076,123.66738537733801,123.73396116543894,123.94817448718621,124.15816052894242,122.67112121909646,121.58833802774726,121.054219039574,120.47442612948196,120.31009117637575,,120.31009117637575,,,,122.4117303716758,"rgba(255, 0, 0, 1.0)",2.456760479585642,123.01739663767628,-1.5334814561620167,38.94531282107584,-3.5977925002256583,False,True,False,True,False,0.0,121.4255,122.619725,0.0,0.0,0.0,0.0,0.9100250626566405,1.0047619047619045,False,False,False,False,-0.25017555849281087,-0.25029284521294226,False,False,False,False,-23620.0,-29728.994296510322,False,False,False,False,1168.1238005452426,False,False,False,False
2025-02-05 16:00:00+00:00,120.61,121.02,120.44,120.88,971.0,,,,,,119.76369628052026,124.03182728088507,123.07174456783292,122.84439066419903,123.64475100981967,123.71249220321053,123.92823000071319,124.13934107103925,122.66217052959954,121.58528335065202,121.05336647327034,120.47532791635135,120.31146636728502,,120.31146636728502,,,,122.40185290118293,"rgba(239, 83, 80, 0.5)",2.436888153747257,123.00266101474233,-0.8710539346987557,42.89047246676152,-3.5977925002256583,False,True,False,True,True,0.0,121.4583,122.65870000000001,0.0,0.0,0.0,0.0,0.9107409249129775,1.0034311287916455,False,False,False,False,-0.14988865249178432,-0.20009074885236328,False,False,False,False,-22649.0,-29619.226943076053,False,False,False,False,1165.0676175910528,False,False,False,False
2025-02-05 20:00:00+00:00,120.88,120.88,120.55,120.55,244.0,,,,,,119.7800280038832,124.0164097470782,123.06383029610201,122.83783432151611,123.63888304286753,123.70692753861402,123.92306808987166,124.13447714590184,122.65979208759532,121.58440553073639,121.05305938775774,120.47546476407985,120.31172248842255,,120.31172248842255,,,,122.39891557264816,"rgba(239, 83, 80, 1.0)",2.404615260192244,122.99807008704119,-1.0180714260482029,44.803919677209464,-3.5977925002256583,False,True,False,True,True,0.0,121.48450000000001,122.712125,0.0,0.0,0.0,0.0,0.9095879516874587,1.0055668770813655,False,False,False,False,-0.15094782499370607,-0.17551928692303467,False,False,False,False,-22893.0,-29514.94435481131,False,False,False,False,1150.787499488866,False,False,False,False
2025-02-06 16:00:00+00:00,120.97,121.45,120.94,120.94,7497.0,,,,,,120.25737385101493,123.65838552963085,122.88487479434424,122.69194595548345,123.49482617571373,123.56918342849193,123.79287269113001,124.00991864380708,122.60521712479328,121.5709686110797,121.05439317862982,120.48959054403427,120.32934856195907,,120.32934856195907,,,,122.33914608385479,"rgba(239, 83, 80, 0.5)",2.374573810978229,122.90698138309688,-0.828351333617447,46.9920568526295,-9.480829903267349,False,True,False,True,True,0.0,121.524,122.762025,0.0,0.0,0.0,0.0,0.910019334688413,1.0005453373655242,False,False,False,False,-0.11720742491504019,-0.14636335591903743,False,False,False,False,-15396.0,-29296.045992721207,False,False,False,False,1249.1783909696587,False,False,False,False
2025-02-06 20:00:00+00:00,120.9,121.47,120.9,121.47,124.0,,,,,,120.26340876641919,123.65354951025405,122.88244719999348,122.68997686929463,123.49274134859664,123.56717689166614,123.79095053914676,124.00806036352057,122.60444570932303,121.57083236409966,121.05448055294418,120.48988147042178,120.32969561718582,,120.32969561718582,,,,122.33828055406661,"rgba(239, 83, 80, 0.5)",2.359279946268514,122.90564438514707,-0.6085095528479849,49.67205170888047,-6.639766486081591,False,True,False,False,True,0.0,121.569,122.815525,0.0,0.0,0.0,0.0,0.9067825915131146,0.9992590031121865,False,False,False,False,-0.11790738636300584,-0.13213537114102164,False,False,False,False,-15272.0,-29078.618923066613,False,False,False,False,1231.7337647530749,False,False,False,False
2025-02-07 16:00:00+00:00,121.775,121.775,120.72,120.82,717.0,,,,,,120.29117906944637,123.62393394488474,122.86703562171726,122.67729804459715,123.47981553906283,123.55476072084997,123.77912295409185,123.99667861439194,122.59941568376084,121.56957450040366,121.05459343272236,120.49118783365766,120.33132878641428,,120.33132878641428,,,,122.33199421123085,"rgba(239, 83, 80, 0.5)",2.3431933684956685,122.71211201110233,-0.8074929011586774,49.73152547727868,-6.230683487726452,False,False,False,False,True,0.0,121.56679999999999,122.8539,0.0,0.0,0.0,0.0,0.9031061430408537,1.000989217528934,False,False,False,False,-0.11353448612616363,-0.12283492863359263,False,False,False,False,-15989.0,-28875.679094802013,False,False,False,False,1223.7533963072906,False,False,False,False
2025-02-07 20:00:00+00:00,120.82,120.82,120.555,120.7,1888.0,,,,,,120.32319501489042,123.53687296545,122.81847747524068,122.63633571896851,123.44063031778289,123.51724113637626,123.74373341306801,123.96290727651251,122.58271154396131,121.56337639933345,121.05247062000568,120.49230273021557,120.33331647992053,,120.33331647992053,,,,122.30796700705584,"rgba(239, 83, 80, 0.5)",2.341229320192632,122.6577395931159,-0.8362015528469564,49.45245911777354,-6.075418217409464,False,True,False,False,True,0.0,121.5616,122.8888,0.0,0.0,0.0,0.0,0.898987904221179,1.0094297704270545,False,False,False,False,-0.15289051636515774,-0.1378627224993752,False,False,False,False,-17877.0,-28705.156938293454,False,False,False,False,1234.0517932637665,False,False,False,False
2025-02-10 16:00:00+00:00,121.29,121.34,121.19,121.28,201.0,,,,,,120.33118509810508,123.52973013011443,122.81480636613117,122.63334149213374,123.43738739240958,123.51411029783812,123.74071838453176,123.95998097879463,122.5814890081207,121.56315605460486,121.05260599371074,120.49276289527756,120.33386623781631,,120.33386623781631,,,,122.30654925612222,"rgba(239, 83, 80, 0.5)",2.33361755090113,122.65783612643025,-0.590429278310064,50.875274253977274,-4.295797258332627,False,False,False,False,True,0.0,121.539,122.92710000000001,0.0,0.0,0.0,0.0,0.9307633781384722,1.0069490235861016,False,False,False,False,-0.11231085552682238,-0.12508678901309878,False,False,False,False,-17676.0,-28534.162257079603,False,False,False,False,1218.03548639146,False,False,False,False
2025-02-10 20:00:00+00:00,121.28,121.675,121.28,121.635,565.0,,,,,,120.35896389561034,123.51217364618134,122.80630090493317,122.62658653533578,123.42941070886656,123.50637046217152,123.73317026128191,123.95258104534297,122.57874355526181,121.56308620293213,121.05343964934625,120.49448520703105,120.33583636755863,,120.33583636755863,,,,122.30393449552716,"rgba(239, 83, 80, 0.5)",2.3250338329418403,122.6616373928132,-0.44155804456153075,52.765759978823056,-2.1591615188402358,False,False,True,False,True,0.0,121.527,122.955525,0.0,0.0,0.0,0.0,0.9258378050015178,0.9777260301711043,False,False,False,False,-0.09747808034728098,-0.11128243468018988,False,False,False,False,-17111.0,-28357.05896627217,False,False,False,False,1207.9109052070962,False,False,False,False
2025-02-11 16:00:00+00:00,121.695,121.695,121.03,121.185,681.0,,,,,,120.38462283221621,123.48904460606433,122.79440337254536,122.61689346757449,123.41874775378542,123.4960606862334,123.72321167348743,123.94289257936613,122.57474232819828,121.56242828521773,121.0539645178768,120.49610079661177,120.33775327890794,,120.33775327890794,,,,122.29929739831427,"rgba(239, 83, 80, 0.5)",2.316755361579055,122.65880733544529,-0.6361514728256714,52.516268543764426,-2.079069228124368,False,False,True,False,True,0.0,121.51549999999999,122.9797,0.0,0.0,0.0,0.0,0.9266589057043064,0.9787417117983497,False,False,False,False,-0.1054995085525401,-0.10839097161636499,False,False,False,False,-17792.0,-28193.259602453993,False,False,False,False,1199.741743886056,False,False,False,False
2025-02-11 20:00:00+00:00,121.185,121.5,121.185,121.4,988.0,,,,,,120.42167639080814,123.45720997919949,122.7781357451503,122.603693913753,123.40388801557823,123.48166696244321,123.70925274806362,123.92926966092067,122.56924604848815,121.56169324894209,121.0548993082568,120.4986018175154,120.34068808142348,,120.34068808142348,,,,122.29307091696481,"rgba(239, 83, 80, 0.5)",2.3168112172156166,122.6544057898798,-0.5414363417090857,53.01013661118665,-1.2398408720731382,False,False,True,False,True,0.0,121.51630000000002,122.99672500000001,0.0,0.0,0.0,0.0,0.9286653850045523,0.9764747546291609,False,False,False,False,-0.10689589259079978,-0.10764343210358238,False,False,False,False,-16804.0,-28016.681934198892,False,False,False,False,1196.4589261513884,False,False,False,False
2025-02-12 16:00:00+00:00,120.19,120.9,119.845,120.59,3456.0,,,,,120.44500000000004,120.42440807012788,123.3073798455191,122.68901074365547,122.52710660671447,123.33096451255575,123.41168489338483,123.64312734949556,123.86611168805739,122.53610444994189,121.547572683034,121.04848621071201,120.49806547033097,120.34172354251162,,120.34172354251162,,,,122.11548186186008,"rgba(239, 83, 80, 0.5)",2.31665231053946,122.36646005495464,-0.7668220418198924,50.65931854815813,-1.2398408720731382,False,False,False,False,False,0.0,121.51469999999999,123.00872500000001,0.0,0.0,0.0,0.0,0.9174942321195696,0.9809910723242047,False,False,False,False,-0.17522883294908456,-0.14143613252633347,False,False,False,False,-20260.0,-27896.42329956015,False,False,False,False,1231.490570707181,False,False,False,False
2025-02-12 20:00:00+00:00,120.59,120.81,120.59,120.68,56.0,,,,,120.44895975702356,120.42491746718983,123.3052746538963,122.68777623129489,122.52605300597463,123.32991159600051,123.41067017066729,123.6421594105239,123.86518005925072,122.53563870886211,121.54739768905677,121.04842570932293,120.49809712524561,120.34178008894966,,120.34178008894966,,,,122.11516011951845,"rgba(239, 83, 80, 0.5)",2.3161690605646656,122.36577961853861,-0.7278309892144152,49.4212638068097,-1.2398408720731382,False,True,False,False,False,0.0,121.5115,123.014025,0.0,0.0,0.0,0.0,0.9287656061216261,0.9766915022150621,False,False,False,False,-0.1520073337339288,-0.14672173313013115,False,False,False,False,-20204.0,-27777.160922822783,False,False,False,False,1213.265910696217,False,False,False,False
2025-02-13 16:00:00+00:00,121.93,121.995,121.555,121.965,396.0,,,,,120.58974582053908,120.44359946595462,123.29696788785297,122.68407666476028,122.52327016679777,123.32571295374848,123.40653065407929,123.63798349663273,123.86098024184899,122.53439468752251,121.54781853093816,121.04937611849606,120.4996317468579,120.34348009320881,,120.34348009320881,,,,122.12454060923126,#000000,2.3161277816434866,122.37689234703778,-0.17783662468981132,52.60864523497267,-1.2398408720731382,False,False,True,False,True,0.36435312705373946,121.53399999999999,123.02737499999999,0.0,0.0,0.0,0.0,0.9323029056054589,0.9655241631956638,False,False,False,False,-0.07678233761924808,-0.11175203537468961,False,False,False,False,-19808.0,-27653.608040298397,False,False,False,False,1200.5951213830972,False,False,False,False
2025-02-13 20:00:00+00:00,121.965,122.2,121.965,122.16,1801.0,,,,,121.068809774041,120.53799780653422,123.26712484723441,122.6728939875977,122.51577196045375,123.3103249322132,123.39117055149703,123.62204604576814,123.84461777045148,122.53096554184597,121.55148189343281,121.05513928592298,120.50796583736289,120.35255092382522,,120.35255092382522,,,,122.15920436844148,#000000,2.317346504047182,122.42285556673134,-0.11342954809402751,55.24343129447267,1.0700648490234883,False,False,True,False,True,0.7892059963313152,121.56039999999999,123.03585000000001,0.0,0.0,0.0,0.0,0.9389178879743012,0.9614535233888774,False,False,False,False,-0.055459512674443705,-0.08360577402456666,False,False,False,False,-18007.0,-27504.04822572013,False,False,False,False,1209.9037241523515,False,False,False,False
2025-02-14 16:00:00+00:00,122.73,122.93,122.6,122.875,552.0,,,,,121.22158680721931,120.57666785297972,123.26357040418712,122.67365604597056,122.51734669779938,123.30836189317618,123.38904048404555,123.61943459297581,123.8416419764573,122.53163167217215,121.55398122159255,121.05804772362978,120.51160210477143,120.35640295265479,,120.35640295265479,,,,122.1730694592594,#000000,2.323692496829064,122.44290546186767,0.18595168625882022,58.754772862269064,4.3024999455084085,True,False,True,False,True,2.3367828703673155,121.6463,123.05475,0.0,0.0,0.0,0.0,0.9411057089870171,0.9615056889378973,False,False,False,False,-0.008284711732868858,-0.04594524287871776,False,False,False,False,-17455.0,-27348.249028422142,False,False,False,False,1199.7036664135555,False,False,False,False
2025-02-14 20:00:00+00:00,122.875,122.96,122.845,122.955,1199.0,,,,,121.49456233243968,120.66050812644228,123.25796454556999,122.67678241034757,122.52210715048723,123.30513344241686,123.38538788614878,123.61463170836011,123.83596524934545,122.53369647185761,121.55988736594628,121.06475837924879,120.51986694505506,120.36513123769501,,120.36513123769501,,,,122.19974166081148,#000000,2.3306926086543243,122.48284985882374,0.20257932745960158,61.28394494960585,6.578345599142601,True,False,True,False,True,2.509376537935559,121.73199999999999,123.06092500000001,0.0,0.0,0.0,0.0,0.9386180287618368,0.9606654306759529,False,False,False,False,0.0012081561191208603,-0.02236854337979845,False,False,False,False,-16256.0,-27176.27617526831,False,False,False,False,1199.6927568567562,False,False,False,False
2025-02-17 16:00:00+00:00,122.955,122.955,122.955,122.955,0.0,,,,,121.49456233243968,120.66050812644228,123.25796454556999,122.67678241034757,122.52210715048723,123.30513344241686,123.38538788614878,123.61463170836011,123.83596524934545,122.53369647185761,121.55988736594628,121.06475837924879,120.51986694505506,120.36513123769501,,120.36513123769501,,,,122.19974166081148,#000000,2.3375826853419897,122.48284985882374,0.20198222040953456,62.97005967449704,8.12194390799354,True,False,True,False,True,2.509376537935559,121.8299,123.0708,0.0,0.0,0.0,0.0,0.9468913895819531,0.9672590254086252,False,False,False,False,0.004832670102333334,-0.008767936638732559,False,False,False,False,-16256.0,-27006.96956789981,False,False,False,False,1181.0928691535507,False,False,False,False
2025-02-17 20:00:00+00:00,122.955,122.955,122.955,122.955,0.0,,,,,121.49456233243968,120.66050812644228,123.25796454556999,122.67678241034757,122.52210715048723,123.30513344241686,123.38538788614878,123.61463170836011,123.83596524934545,122.53369647185761,121.55988736594628,121.06475837924879,120.51986694505506,120.36513123769501,,120.36513123769501,,,,122.19974166081148,#000000,2.3444999428410807,122.48284985882374,0.20138628820101515,64.09413615775783,9.236326867322632,True,False,True,False,True,2.509376537935559,121.92099999999999,123.080375,0.0,0.0,0.0,0.0,0.9317010966590145,0.9678143330782959,False,False,False,False,0.004832670102333334,-0.001967633268199612,False,False,False,False,-16256.0,-26840.28786917268,False,False,False,False,1162.781351802333,False,False,False,False
2025-02-18 16:00:00+00:00,124.24,124.26,123.9,124.15,3469.0,,,,,122.32261856833502,120.98346209314694,123.29607331747948,122.72730775775517,122.57440562907588,123.32388047474291,123.40120734774769,123.62415178078402,123.84064647137599,122.55747521351097,121.59131097086845,121.09611623124083,120.55509624186296,120.4015957078866,,120.4015957078866,,,,122.30681055755807,"rgba(38, 166, 154, 0.5)",2.3666431885651487,122.6478381750589,0.6347225607134485,67.75854297784116,12.72240152169875,True,False,True,False,True,5.14280233969161,122.0124,123.09942500000001,0.0,0.0,0.0,0.0,0.9384474046853458,0.9629459500842134,False,False,False,False,0.08268793562953858,0.04036015118066948,False,False,False,False,-12787.0,-26622.407437092483,False,False,False,False,1198.5366796813664,False,False,False,False
2025-02-18 20:00:00+00:00,124.15,124.21,124.0,124.21,4213.0,,,,,122.82827356579932,121.30628809211699,123.33987815094989,122.78556724224563,122.63486420341528,123.34651375120136,123.42046223607943,123.63607382010355,123.84687927384748,122.58606492082684,121.62898738344875,121.13379374914922,120.59739335543894,120.44536463225528,,120.44536463225528,,,,122.39545745549127,"rgba(38, 166, 154, 0.5)",2.3873969163161464,122.78747476058263,0.5958478163791817,70.32159261725229,15.116459269361854,True,False,True,False,True,5.272580052694789,122.1152,123.117225,0.0,0.0,0.0,0.0,0.9362039834109867,0.9654907582817057,False,False,False,False,0.08442595564638299,0.06239305341352623,False,False,False,False,-8574.0,-26342.587166749963,False,False,False,False,1245.272545112663,False,False,False,False
2025-02-19 16:00:00+00:00,123.85,124.31,123.79,124.24,6900.0,,,,,123.23054706167014,121.70901217754123,123.40047861830898,122.86957378948202,122.72280990025601,123.37982980089919,123.44882675067787,123.65348008175208,123.85566578253564,122.62995523430318,121.68771373480061,121.19299688896956,120.66404642914056,120.51437495569094,,120.51437495569094,,,,122.49709365757344,#000000,2.4073507026200383,122.94379540605216,0.5384361292009141,72.0963406485113,16.81378302069183,True,False,True,False,True,5.338607580452116,122.1791,123.13019999999999,0.0,0.0,0.0,0.0,0.928050106113152,0.9690460168745791,False,False,False,False,0.0806029683907569,0.07149801090214156,False,False,False,False,-1674.0,-25960.128450986394,False,False,False,False,1332.9427382116914,False,False,False,False
2025-02-19 20:00:00+00:00,124.24,124.24,124.03,124.06,756.0,,,,,123.2597104278153,121.74616973729104,123.40651764202562,122.87811334013267,122.73179224516711,123.38328915209628,123.45177909689616,123.65529706688572,123.85658138135851,122.63460076753383,121.69397116142501,121.19933355363038,120.67118908507663,120.52177171032224,,120.52177171032224,,,,122.50643688340402,#000000,2.41862207997974,122.95773277764214,0.4557418174099775,71.97687380910703,16.844120263305342,True,False,True,False,True,4.875522989523805,122.2394,123.14227499999998,0.0,0.0,0.0,0.0,0.9304726819903482,0.9692834535360346,False,False,False,False,0.08651225248378346,0.0790051316929625,False,False,False,False,-2430.0,-25595.320257947846,False,False,False,False,1323.9978895572467,False,False,False,False
2025-02-20 16:00:00+00:00,124.31,124.59,123.91,124.59,5319.0,,,,,123.46848697703643,122.00315607943044,123.4605780690666,122.94672863847316,122.80288280686804,123.41490348052328,123.47954479338468,123.67458390733965,123.86909955724813,122.6719524637422,121.74162122600305,121.24696360006871,120.7242591251429,120.57657947464843,,120.57657947464843,,,,122.57723858564113,"rgba(38, 166, 154, 0.5)",2.433946324739196,123.06111425729179,0.6281509691352936,73.27378294477239,18.31252323972761,True,False,True,False,True,6.069307555809267,122.3026,123.17317499999999,0.0,0.0,0.0,0.0,0.9288879620457733,0.9746624263594178,False,False,False,False,0.09451684848448269,0.0867609900887226,False,False,False,False,2889.0,-25153.702889607568,False,False,False,False,1385.9359067734133,False,False,False,False
2025-02-20 20:00:00+00:00,124.59,124.62,124.435,124.62,1904.0,,,,,123.53760750807768,122.0899190043931,123.48234001422944,122.97294680314769,122.8298426846056,123.42795612925404,123.49118041708212,123.68311800198481,123.87514079168663,122.68643027210197,121.75950541058782,121.26471183638391,120.74388546850454,120.5968112186578,,120.5968112186578,,124.55833333333334,,122.60295682576407,"rgba(38, 166, 154, 0.5)",2.4409655765589235,123.15601335041791,0.5997571877461325,74.21254829619993,19.465618502298597,True,False,True,False,True,6.137018902820202,122.36460000000001,123.205275,-1.0,124.62,124.435,578.0,0.9336638830897694,0.9733820459290183,False,False,False,False,0.11388414990500706,0.10032256999686483,False,False,False,False,4793.0,-24689.41292232683,False,False,False,False,1393.9679082187868,False,False,False,False
2025-02-21 16:00:00+00:00,123.54,123.66,121.92,121.99,1716.0,,,,,123.48276632952076,122.10278891023091,123.46550655851172,122.96644981600461,122.82565809014625,123.41874396421953,123.4818627087962,123.67311126195209,123.86454564416431,122.68530986494365,121.76385145776905,121.27076246052249,120.75205722622607,120.60559333080083,,120.60559333080083,,123.5936758747698,,122.59707197312919,"rgba(239, 83, 80, 0.5)",2.4247474782609855,123.08604309945177,-0.452023606284087,62.75964220373799,18.32481427199764,True,False,True,False,False,0.0,122.3458,123.223875,0.0,0.0,0.0,0.0,0.9131905298759855,0.9803218202316282,False,False,False,False,-0.006558674830641375,0.046881947583111726,False,False,False,False,3077.0,-24258.92590027525,False,False,False,False,1398.9606538277978,False,False,False,False
2025-02-21 20:00:00+00:00,121.99,122.265,121.99,122.265,194.0,,,,,123.47481073773658,122.10302493834402,123.46294740782331,122.96515626007098,122.8246528075666,123.41731180437417,123.48044005947912,123.67164974708537,123.8630484087362,122.68491255685203,121.76411468981787,121.27125272996072,120.75279473586136,120.60640086273656,,120.60640086273656,,123.52142981996154,,122.59589412474607,#000000,2.4084622435026946,123.07969359601492,-0.3382629718247472,56.18792454193331,12.711336549232378,True,False,True,False,False,0.2275705192128754,122.33429999999998,123.25775,0.0,0.0,0.0,0.0,0.9122403029372623,0.9923753965817209,False,False,False,False,-0.052343780751248355,-0.0027309165840683144,False,False,False,False,3271.0,-23832.105343681837,False,False,False,False,1380.279093303336,False,False,False,False
2025-02-24 16:00:00+00:00,120.09,121.15,120.09,120.6,970.0,,,,,123.39044755478558,122.07851387263302,123.43500577878864,122.94613253333553,122.8077440299762,123.40128179891124,123.46493855718067,123.65682054563302,123.84872688971274,122.67690560817549,121.76042768905558,121.26947068657074,120.75243383497896,120.60641867120762,,120.60641867120762,,122.93178651059087,,122.57823343221037,"rgba(239, 83, 80, 1.0)",2.3944997182920167,123.01678078403123,-1.0093051026771924,47.99841293148988,5.693113180526545,False,True,False,True,False,0.0,122.2895,123.275775,0.0,0.0,0.0,0.0,0.9034840398751374,0.9918437216795887,False,False,False,False,-0.1576638307774633,-0.08019737368076581,False,False,False,False,2301.0,-23426.940919748784,False,False,False,False,1373.9181771280903,False,False,False,False
2025-02-24 20:00:00+00:00,120.6,120.6,120.02,120.02,2244.0,,,,,123.1875895575473,122.01012056691233,123.3635468045218,122.89593319471842,122.76264830880451,123.35967011212774,123.42477053193286,123.61862255902744,123.81203745180227,122.65507248408731,121.74904509522987,121.26289404358212,120.74922562677295,120.60409645162281,,120.60409645162281,,122.06380003794347,,122.53251948490639,"rgba(239, 83, 80, 1.0)",2.3809574442545145,122.89561062864792,-1.207753895638518,41.545703045488935,0.3275107478762962,False,True,False,True,False,0.0,122.23310000000001,123.288375,0.0,0.0,0.0,0.0,0.9026997189883569,0.9977418707346445,False,False,False,False,-0.1796810011957204,-0.1299391874382431,False,False,False,False,57.0,-23062.848812465858,False,False,False,False,1387.407817792771,False,False,False,False
2025-02-25 16:00:00+00:00,118.84,119.835,118.84,119.835,1057.0,,,,,123.08001928991033,121.96755825596216,123.32363283313443,122.8668304820183,122.73617953702065,123.33610502156394,123.40208440744573,123.59723155479062,123.79165160433593,122.64197029704266,121.74128926841281,121.25774806157582,120.74574297735722,120.6010418427837,,120.6010418427837,,121.7290550401979,,122.5063632452396,"rgba(239, 83, 80, 1.0)",2.3731110610562967,122.83675443859116,-1.2649026368176173,36.93168800341292,-3.4806263279431633,False,True,False,True,False,0.0,122.12179999999998,123.2912,0.0,0.0,0.0,0.0,0.9001300910637435,1.002851996397478,False,False,False,False,-0.2499919430713092,-0.18996556525477615,False,False,False,False,-1000.0,-22720.78914095476,False,False,False,False,1382.2852159665265,False,False,False,False
2025-02-25 20:00:00+00:00,119.835,120.125,119.51,119.51,739.0,,,,,123.01270250760221,121.94113245387055,123.29773296751323,122.84804007303606,122.71912285325752,123.32070032179516,123.38723139527279,123.58317411358121,123.77821093433984,122.63348785560316,121.7364083943133,121.25460001343798,120.74373249083465,120.59932613372253,,120.59932613372253,,121.5603802130553,,122.48968589344143,"rgba(239, 83, 80, 1.0)",2.385582082820358,122.8020655661538,-1.3799841933176098,33.29505771608682,-6.621339114878218,False,True,False,True,False,0.0,121.9984,123.285775,0.0,0.0,0.0,0.0,0.9071923441160334,0.9933708817225736,False,False,False,False,-0.21502688239585674,-0.20249622382531646,False,False,False,False,-1739.0,-22395.490084505847,False,False,False,False,1372.311801765495,False,False,False,False
2025-02-26 16:00:00+00:00,121.27,121.47,120.05,120.18,4480.0,,,,,122.74814490234422,121.84987214638944,123.18385910620937,122.76846368258364,122.64789158836619,123.25146039219649,123.31999218672402,123.5183804320553,123.71527914100591,122.59780370560206,121.71957298208983,121.24619406153573,120.74166323640786,120.59894719962567,,120.59894719962567,,121.22575628883543,,122.4219660545097,"rgba(239, 83, 80, 1.0)",2.3907974997235404,122.68315875196495,-1.0469973940722286,33.91411864368015,-6.621339114878218,False,True,False,True,False,0.0,121.85430000000001,123.27877500000001,0.0,0.0,0.0,0.0,0.9067220728428247,0.975067220728428,False,False,False,False,-0.14777130606596556,-0.175133764945641,False,False,False,False,2741.0,-22005.777059939865,False,False,False,False,1420.4930141412235,False,False,False,False
2025-02-26 20:00:00+00:00,120.18,120.54,120.16,120.29,222.0,,,,,122.73525370410393,121.84488785483913,123.17797469667275,122.76425613443286,122.64409675413104,123.24782524825082,123.31646426609977,123.51499034121846,123.71199513355417,122.59586513568703,121.71858265087629,121.245639640008,120.74142497990395,120.59879265747448,,120.59879265747448,,121.21105438907782,,122.41843208551803,"rgba(239, 83, 80, 1.0)",2.395374574330915,122.67717015673026,-0.9965748915895722,34.80859975075403,-6.621339114878218,False,True,False,True,False,0.0,121.71969999999999,123.26827500000002,0.0,0.0,0.0,0.0,0.908138911889337,0.9842189859237248,False,False,False,False,-0.17683081253136712,-0.17598228873850408,False,False,False,False,2963.0,-21618.66423730514,False,False,False,False,1401.9117271002742,False,False,False,False
2025-02-27 16:00:00+00:00,119.41,119.41,117.96,117.96,1971.0,,,,,122.54129362131424,121.74865060909674,123.09285842195831,122.69906024649771,122.58391092227653,123.195328637847,123.26594411804415,123.46756131718878,123.66700480611625,122.5645871325899,121.69798878992437,121.23066436479942,120.72967660581789,120.58785200035709,,120.58785200035709,,120.85903927641908,,122.36231297098776,"rgba(255, 26, 202, 1.0)",2.4334713887777046,122.57561178040874,-1.8967191484947323,31.173273021870102,-9.331346489457808,False,True,False,True,False,0.0,121.5267,123.242875,0.0,0.0,0.0,0.0,0.8941498822285235,0.9887035523722536,False,False,False,False,-0.29852058178325624,-0.23725143526088016,False,False,False,False,992.0,-21268.11130339343,False,False,False,False,1410.7348010987196,False,False,False,False
2025-02-27 20:00:00+00:00,117.96,117.96,117.2,117.2,1310.0,,,,,122.39292686908257,121.66937218214609,123.02627067034406,122.64697670658377,122.53551586872982,123.15392974161972,123.22616727872361,123.4304105445321,123.63193818470063,122.53912648678245,121.6803239637671,121.21729566570578,120.71858201329003,120.5773130719189,,120.5773130719189,,120.59358590666587,,122.31758208913759,"rgba(255, 26, 202, 1.0)",2.4873388525826723,122.49606073418325,-2.129207578084585,27.850062750515885,-12.85299196461932,False,True,False,True,False,0.0,121.31530000000001,123.212875,0.0,0.0,0.0,0.0,0.8863278453829624,1.002099737532808,False,False,False,False,-0.34282825441539394,-0.29003984483813705,False,False,False,False,-318.0,-20943.303376209038,False,False,False,False,1409.1730212367238,False,False,False,False
2025-02-28 16:00:00+00:00,117.26,117.26,116.24,116.27,2507.0,,,,,122.08620894914013,121.49608059006847,122.88404925594583,122.53403375803599,122.43009235945091,123.06459475868111,123.1403827941576,123.35049168371559,123.55669700469669,122.48294959151156,121.64010320899722,121.18616540273933,120.69199922266196,120.5518210963513,,120.5518210963513,,120.07391158399778,,122.22111926258239,"rgba(255, 26, 202, 1.0)",2.5622972396160235,122.32880897960248,-2.3646003617091824,24.68373114087862,-16.20156675512412,False,True,False,True,False,0.0,121.0952,123.16465,0.0,0.0,0.0,0.0,0.8812351543942982,1.010403800475059,False,False,False,False,-0.34282825441539394,-0.31643404962676547,False,False,False,False,-2825.0,-20662.39944789572,False,False,False,False,1426.193594550883,False,False,False,False
2025-02-28 20:00:00+00:00,116.27,116.96,116.27,116.96,333.0,,,,,122.04886664991763,121.47457976590444,122.86603946227487,122.51969377256762,122.41669873717234,123.05316381808068,123.12939475440666,123.34023342112124,123.54702207118447,122.47574282231851,121.634955313196,121.18218690764412,120.68861364585044,120.5485783366967,,120.5485783366967,,120.01723511647239,,122.20898353416683,"rgba(255, 26, 202, 1.0)",2.6144549963477477,122.30839953994774,-2.0457034247746373,25.32045897894062,-16.20156675512412,False,True,False,True,False,0.0,120.8884,123.12262500000001,0.0,0.0,0.0,0.0,0.8787778304121259,1.0148270961629557,False,False,False,False,-0.34282825441539394,-0.32963115202107973,False,False,False,False,-2492.0,-20380.6878285485,False,False,False,False,1409.2448566508692,False,False,False,False
2025-03-03 16:00:00+00:00,117.41,117.46,116.0,116.0,879.0,,,,,121.94835529606861,121.41588272307385,122.8171372612289,122.48060288419245,122.38014494125673,123.02203391491162,123.09947439576396,123.31231619947083,123.52070806797657,122.45600401945234,121.62074687255041,121.17114704702298,120.67915704623526,120.53950121988528,,120.53950121988528,,119.86604298613139,,122.17594370636357,"rgba(255, 26, 202, 1.0)",2.689207380127672,122.25312583321809,-2.325267243956924,24.535327450378027,-17.304126874702597,False,True,False,True,False,0.0,120.81740000000002,123.070625,0.0,0.0,0.0,0.0,0.8826765729333198,1.007194582902285,False,False,False,False,-0.33513945921234617,-0.332385305616713,False,False,False,False,-3371.0,-20116.971738183405,False,False,False,False,1401.024006160158,False,False,False,False
2025-03-03 20:00:00+00:00,116.0,116.0,114.51,115.19,3821.0,,,,,121.45929424621326,121.11500747193779,122.57257481770306,122.28206677181913,122.19363931593573,122.86476666701898,122.94841456795214,123.1717510503373,123.38858283229092,122.35398784088163,121.54502566823248,121.11107416488169,120.62639664195379,120.48845211298105,,120.48845211298105,,119.13898899248366,,122.00864529786709,"rgba(255, 26, 202, 1.0)",2.7831301209735257,121.97747768858126,-2.4387927957198907,23.134089991825267,-19.235089929897004,False,True,False,True,False,0.0,120.71940000000001,123.011325,0.0,0.0,0.0,0.0,0.8678326220077927,1.0173037669326401,False,False,False,False,-0.34282825441539394,-0.3376067800160535,False,False,False,False,-7192.0,-19916.58457945188,False,False,False,False,1438.5430138165896,False,False,False,False
2025-03-04 16:00:00+00:00,113.19,114.68,113.13,114.68,172.0,,,,,121.43545304861057,121.09981216958114,122.56038545704814,122.27206747247921,122.18421709609272,122.8568649599454,122.94082688486836,123.16470118388968,123.38196696533926,122.348783506221,121.54108864357559,121.10791152908675,120.62357926474864,120.48571407658339,,120.48571407658339,,119.10408492733525,,122.00024087557644,"rgba(255, 26, 202, 1.0)",2.8871318992390154,121.4152078847764,-2.332836919072398,21.690801171432867,-21.178307053231926,False,True,False,True,False,0.0,120.6388,122.95119999999999,0.0,0.0,0.0,0.0,0.8510726452444517,1.02886474541939,False,False,False,False,-0.34282825441539394,-0.3402175172157237,False,False,False,False,-7364.0,-19721.970865041774,False,False,False,False,1418.9066880209837,False,False,False,False
2025-03-04 20:00:00+00:00,114.68,116.18,114.68,114.8,400.0,,,,,121.38857581014152,121.07007409467936,122.53572432667002,122.25192618932014,122.16526568520064,122.84077108622049,122.92534986611075,123.1502683437489,123.36837722018491,122.33826504264171,121.53325800324164,121.1016851022993,120.61810684241088,120.4804183889146,,120.4804183889146,,119.04173756303757,,121.98343328584178,"rgba(255, 26, 202, 1.0)",2.9664703219771265,121.43552577196377,-2.236842122708732,21.256327652540175,-22.174523005131967,False,True,False,True,False,0.0,120.56,122.88234999999999,0.0,0.0,0.0,0.0,0.864794757440611,1.0149722399199048,False,False,False,False,-0.2627364046697635,-0.30147696094274357,False,False,False,False,-6964.0,-19524.172867134148,False,False,False,False,1403.1096851059297,False,False,False,False
2025-03-05 16:00:00+00:00,116.58,117.25,115.78,117.23,1768.0,,,,,121.23904094591634,120.97568409683059,122.4511142422838,122.18337794387251,122.10094489521079,122.78459186780532,122.87114455577029,123.09931236633751,123.32005052884146,122.30207793381805,121.50722782127662,121.0814549415252,120.60088400514869,120.46392422019973,,120.46392422019973,,118.89013196187905,,121.9272021689169,"rgba(255, 0, 0, 1.0)",2.987720564438898,121.4406335928624,-1.4093130538977168,29.12883004579969,-27.605288405036298,False,True,False,True,True,0.0,120.512,122.82974999999999,0.0,0.0,0.0,0.0,0.8665564689063608,0.9997319513938525,False,False,False,False,-0.20774913194840675,-0.25461304644557514,False,False,False,False,-5196.0,-19302.03065213982,False,False,False,False,1408.7668992903336,False,False,False,False
2025-03-05 20:00:00+00:00,117.23,117.4,117.085,117.265,620.0,,,,,121.1944175808314,120.94733312059175,122.42456221318314,122.16190438079191,122.08081096852075,122.76673797408203,122.85388564245545,123.08301843148888,123.30453934777802,122.29062465567759,121.4991132815623,121.07521414753887,120.59565557501755,120.45894418147041,,120.45894418147041,,118.85289309212533,,121.90976867864215,"rgba(255, 0, 0, 1.0)",3.000364209123171,121.42831944047654,-1.387604687396679,34.46828960066577,-22.635990297068588,False,True,False,True,True,0.0,120.4727,122.781675,0.0,0.0,0.0,0.0,0.8802983608021787,0.9959355040421632,False,False,False,False,-0.17158060316128476,-0.21309682480342995,False,False,False,False,-4576.0,-19073.720099393464,False,False,False,False,1396.5379551152898,False,False,False,False
2025-03-06 16:00:00+00:00,115.9,116.34,114.91,115.98,767.0,,,,,121.12001097447396,120.89880050581813,122.3826319873447,122.12752726240105,122.04843684369433,122.73882095704015,122.82697963637204,123.05781218237752,123.28071195263648,122.2723137928394,121.48557317752667,121.06449189581762,120.58630738071734,120.44992209436813,,120.44992209436813,,118.76793789033742,,121.88145290310196,"rgba(255, 26, 202, 1.0)",3.043378785565867,121.37672379648092,-1.7732672061974302,35.4695092047085,-21.687624783535718,False,True,False,True,True,0.0,120.3583,122.729675,0.0,0.0,0.0,0.0,0.8719496079640551,0.9974011100343579,False,False,False,False,-0.2527479161400091,-0.23292237047171951,False,False,False,False,-5343.0,-18860.840718007516,False,False,False,False,1386.7776767414093,False,False,False,False
2025-03-06 20:00:00+00:00,115.98,115.98,115.13,115.28,143.0,,,,,121.1056518857765,120.88936599260393,122.37454539139246,122.12087933961168,122.04217111698127,122.73343326981039,122.82178837118732,123.05295268373595,123.27612174604546,122.26876530342014,121.48293304270345,121.06239265960953,120.58446794353523,120.448143985298,,120.448143985298,,118.75119059432257,,121.87597233797938,"rgba(255, 26, 202, 1.0)",3.1130346163386124,121.36657303940676,-1.9551896427561943,34.95842703003176,-21.687624783535718,False,True,False,True,True,0.0,120.23369999999998,122.677325,0.0,0.0,0.0,0.0,0.8731857048892777,0.997851348388511,False,False,False,False,-0.25632775066424357,-0.24462506056798156,False,False,False,False,-5486.0,-18653.4788464105,False,False,False,False,1367.494301908209,False,False,False,False
2025-03-07 16:00:00+00:00,116.19,116.38,116.19,116.38,101.0,,,,,121.09708118484392,120.88376701783311,122.36954905995746,122.11679274920823,122.03832594144113,122.73007887050335,122.81855090781278,123.04990967560151,123.27323670773856,122.26657523816463,121.48133386864616,121.0611367554736,120.58338590629579,120.44710373897401,,120.44710373897401,,118.7425075334887,,121.87263054446386,"rgba(255, 0, 0, 1.0)",3.1518910840010625,121.36174441417478,-1.5805572849461778,37.76586971278257,-19.063562345589705,False,True,False,True,True,0.0,120.1375,122.63832500000001,0.0,0.0,0.0,0.0,0.8814236187299768,0.9900381796638431,False,False,False,False,-0.21929186873451356,-0.23195846465124756,False,False,False,False,-5385.0,-18447.765996078553,False,False,False,False,1347.8587313359888,False,False,False,False
2025-03-07 20:00:00+00:00,116.38,117.17,116.38,117.17,61.0,,,,,121.09255670017936,120.88082808386231,122.36682921155727,122.11457817697013,122.03624532239732,122.72824086242942,122.81677445653517,123.04823407588258,123.27164309934253,122.26538439031259,121.48047879066448,121.06047284652783,120.58282299436786,120.44656543185874,,120.44656543185874,,118.73856143627329,,121.87083246020624,"rgba(255, 0, 0, 1.0)",3.1836637586164693,121.35975784723553,-1.3160176968739554,41.59171855691839,-15.266256203861438,False,True,False,True,True,0.0,120.0663,122.598475,0.0,0.0,0.0,0.0,0.8847632360650002,0.9802987943386331,False,False,False,False,-0.1947660537693138,-0.21336225921028068,False,False,False,False,-5324.0,-18244.296755829273,False,False,False,False,1327.9074331757408,False,False,False,False
2025-03-10 16:00:00+00:00,114.61,114.61,113.08,114.1,1132.0,,,,113.92999999999999,120.95186095879318,120.78679919534734,122.28959236405393,122.0505247596398,121.9757090504872,122.67700830761322,122.76749418277126,123.00231351063584,123.2284511016443,122.23115854395789,121.45437921269978,121.03938939170337,120.56397477224947,120.42823026237299,,120.42823026237299,,118.55411185659582,,121.29179237426462,"rgba(255, 26, 202, 1.0)",3.2819317578315257,120.69651678096895,-2.009949404105672,39.027227346356014,-15.266256203861438,False,True,False,True,True,0.0,119.96700000000001,122.54445,0.0,0.0,0.0,0.0,0.8704916638312344,0.9787342633548822,False,False,False,False,-0.34282825441539394,-0.2780952568128373,False,False,False,False,-6456.0,-18061.532465041222,False,False,False,False,1324.8701086303806,False,False,False,False
2025-03-11 16:00:00+00:00,114.72,115.745,113.805,114.815,407.0,,,,114.15699263591077,120.90863608167484,120.75776527089006,122.26498300539795,122.03014770666873,121.95646264008597,122.66052691467287,122.75161715768242,122.98746740798973,123.21444377842481,122.22018684993691,121.44610482510855,121.03275099238449,120.55809757221637,120.42253063842642,,120.42253063842642,,118.50288276845599,,121.29124756516472,"rgba(255, 26, 202, 1.0)",3.3558537091353116,120.6823302357625,-1.7483867725790463,38.98078645129472,-15.266256203861438,False,True,False,True,True,0.0,119.8901,122.48962499999999,0.0,0.0,0.0,0.0,0.8806684581793746,0.9683406113537114,False,False,False,False,-0.29375376608717685,-0.2859245114500071,False,False,False,False,-6049.0,-17875.29165162973,False,False,False,False,1310.6395643105297,False,False,False,False
2025-03-12 16:00:00+00:00,116.02,116.65,116.005,116.05,16.0,,,,114.17837406216506,120.90734793543606,120.75690484683462,122.26420541339242,122.02950853743448,121.95586040463317,122.65999921296088,122.75110744466939,122.98698765684284,123.2139884500695,122.2198400220684,121.44585055122677,121.03255070429397,120.5579246409639,120.42236428132186,,120.42236428132186,,118.50167056412995,,121.29218761095423,"rgba(255, 0, 0, 1.0)",3.3996538973286348,120.68305150505726,-1.3628009335590914,41.55558937059427,-14.854829973722701,False,False,False,True,True,0.0,119.8227,122.43657499999999,0.0,0.0,0.0,0.0,0.8880969351389871,0.9654521822984357,False,False,False,False,-0.21468198571200284,-0.25030324858100494,False,False,False,False,-6033.0,-17691.69023067423,False,False,False,False,1290.567633080909,False,False,False,False
2025-03-13 16:00:00+00:00,114.52,114.865,114.435,114.45,1272.0,,,,114.36058424714068,120.77174881580498,120.66492495851634,122.18626123215284,121.96478529305249,121.89467840568555,122.6076086930655,122.70063176731614,122.93978758133868,123.16945686594252,122.18482116183517,121.41933253234586,121.01121767133026,120.53898486415537,120.40398105223382,,120.40398105223382,,118.34195368412055,,121.25458700946108,"rgba(255, 26, 202, 1.0)",3.46652845401891,120.606152296044,-1.7758839650968048,40.82569075346447,-14.854829973722701,False,True,False,True,True,0.0,119.7267,122.381325,0.0,0.0,0.0,0.0,0.878420333650701,0.9708573084406172,False,False,False,False,-0.30026566842998975,-0.2752844585054973,False,False,False,False,-7305.0,-17530.656273609515,False,False,False,False,1290.2797628005849,False,False,False,False
2025-03-14 16:00:00+00:00,116.94,117.07,116.94,116.96,360.0,,,,114.65760014642822,120.74893780473501,120.6494940028382,122.17138016710814,121.9525771477652,121.88318590886804,122.59731453343858,122.6906612186172,122.93034476475151,123.16044621134185,122.17808783059637,121.41449374425333,121.00745659478653,120.53580362204265,120.4009417721978,,120.4009417721978,,118.32653509049818,,121.26524836465124,"rgba(239, 83, 80, 1.0)",3.482485111174175,120.61664705063814,-1.0500108209810108,44.727314288559185,-11.340566729552584,False,False,False,True,True,0.0,119.6483,122.334925,0.0,0.0,0.0,0.0,0.8838551258440756,0.9660323306732144,False,False,False,False,-0.18104059815702378,-0.22816252833126055,False,False,False,False,-6945.0,-17366.53757169309,False,False,False,False,1275.856820741661,False,False,False,False
2025-03-17 16:00:00+00:00,118.43,119.12,118.32,118.86,576.0,,,,115.28657232704404,120.72998979405564,120.63692887735435,122.15585064234033,121.9401168901715,121.87154549305944,122.58611602573544,122.67972992013523,122.91979856967178,123.15021911781746,122.17102766370003,121.40987366447251,121.00410827997939,120.53326994305358,120.39861723450193,,120.39861723450193,,118.33442245867295,,121.29825096287283,"rgba(239, 83, 80, 0.5)",3.4775704253204345,120.6600924110009,-0.5176293189907254,49.79749434705602,-6.505978469786427,True,False,False,False,True,0.0,119.6145,122.292475,0.0,0.0,0.0,0.0,0.8865834004834805,0.956486704270749,False,False,False,False,-0.09749295677489139,-0.16282774255307597,False,False,False,False,-6369.0,-17196.03311321723,False,False,False,False,1265.0063273968292,False,False,False,False
2025-03-18 16:00:00+00:00,117.685,118.275,117.685,118.11,1073.0,,,,115.8937982492418,120.68263698667361,120.60483618282522,122.12103335008426,121.91178682332537,121.84495516903111,122.56140241152801,122.65569057459545,122.89680352766113,123.12808481702783,122.15509851749512,121.39890170981468,120.99583411158743,120.52659153391657,120.39234019321958,,120.39234019321958,,118.32437282352349,,121.31798627720181,"rgba(239, 83, 80, 1.0)",3.4775508195715874,120.68802149651363,-0.7413325154026719,51.88285884013539,-4.527790264528939,True,False,True,False,True,0.0,119.5579,122.257425,0.0,0.0,0.0,0.0,0.8806437372075283,0.9568968977003648,False,False,False,False,-0.13330945249387152,-0.14806859752347373,False,False,False,False,-7442.0,-17044.807793632466,False,False,False,False,1262.029485111607,False,False,False,False
2025-03-19 16:00:00+00:00,118.38,119.845,118.38,119.78,2606.0,,,,117.09881998566694,120.62770968229638,120.56806328480941,122.06516776698828,121.86730236805036,121.80352873992727,122.51951110225373,122.61456952331177,122.85663640376318,123.08872533755942,122.1290374222512,121.38278829830158,120.9847122354846,120.51894059263638,120.38559723602144,,120.38559723602144,119.33500000000001,118.39789657835719,,121.3674073319548,"rgba(239, 83, 80, 0.5)",3.429499350166603,120.5780848648217,-0.23271177024218795,55.31900912981217,-1.2474218638392642,True,False,True,False,True,0.0,119.5241,122.22859999999999,0.0,0.0,0.0,0.0,0.8841004515566815,0.9441099580131502,False,False,False,False,-0.07860214427293266,-0.1133353708982032,False,False,False,False,-4836.0,-16855.52395187072,False,False,False,False,1282.8662372804192,False,False,False,False
2025-03-20 16:00:00+00:00,119.45,119.45,119.08,119.22,471.0,,,,117.22686317873541,120.6176349837238,120.56120057262244,122.05500205725032,121.85916137801998,121.79593413486232,122.51185660342351,122.60705604758931,122.84930030186959,123.08153951321881,122.12423680120648,121.37978305007339,120.9826152258833,120.51746973190825,120.3842898428862,,120.3842898428862,119.32198895027625,118.4089552334766,,121.37026289488489,"rgba(239, 83, 80, 0.5)",3.374958891975268,120.58564833370784,-0.40464147191688105,56.57220737117192,0.04341338417881957,True,False,True,False,True,0.0,119.49210000000001,122.1928,0.0,0.0,0.0,0.0,0.8868642053557274,0.9482253208683248,False,False,False,False,-0.07127821109598004,-0.09230679099709162,False,False,False,False,-5307.0,-16676.47706889598,False,False,False,False,1270.279163834211,False,False,False,False
2025-03-21 16:00:00+00:00,117.79,118.145,117.79,117.945,914.0,,,,117.30277651901363,120.58044933127178,120.53518145006838,122.02650630264361,121.83576727999183,121.7739220315005,122.49127026068605,122.58700501974862,122.83007717091603,123.06300246311277,122.11080581756842,121.37045758410237,120.97554125057613,120.5117300176384,120.37888575356341,,120.37888575356341,119.01007266349286,118.39792623053629,,121.3582252168268,"rgba(239, 83, 80, 1.0)",3.2811787365063454,120.55491001710752,-0.7954184232848104,55.16994897986266,0.04341338417881957,True,False,True,False,True,0.0,119.43699999999998,122.14932499999999,0.0,0.0,0.0,0.0,0.8833483843103375,0.950488829557501,False,False,False,False,-0.13391713425630422,-0.11311196262669793,False,False,False,False,-6221.0,-16514.376649223173,False,False,False,False,1264.7554558677891,False,False,False,False
2025-03-24 16:00:00+00:00,119.1,119.455,119.0,119.455,1665.0,,,,117.62024955521669,120.54870636034315,120.5131368766122,121.99241852865403,121.80838810463804,121.74836310577868,122.46522042271961,122.56139639491956,122.80499760822778,123.03837590630673,122.0944070296932,121.3602398503354,120.96844234520212,120.50680978757049,120.37453587020589,,120.37453587020589,119.09640205091938,118.43670842873435,,121.3603791830949,"rgba(239, 83, 80, 0.5)",3.1820860232652404,120.57836108668074,-0.3530266241916454,56.32292861495036,0.1720101913044232,True,False,True,False,True,0.0,119.4005,122.11730000000001,0.0,0.0,0.0,0.0,0.8897274469166693,0.94349509248035,False,False,False,False,-0.07307844053478113,-0.09309520158073953,False,False,False,False,-4556.0,-16328.975460863125,False,False,False,False,1270.9607976372808,False,False,False,False
2025-03-25 16:00:00+00:00,119.2,119.75,119.2,119.3,184.0,,,,117.65121065942303,120.54560543579666,120.51097272876797,121.98886032613589,121.80553394773487,121.74570041023544,122.46246999176252,122.55868845324069,122.80233691817467,123.03575617362823,122.09267964908094,121.35917875277676,120.96771468279351,120.50631948110991,120.37410795101388,,120.37410795101388,119.10649257990868,118.4413253104596,,121.36047570411165,"rgba(239, 83, 80, 0.5)",3.0576980654505532,120.58078260092336,-0.4188715084053387,56.799271149482216,0.9957868629206388,True,False,True,False,True,0.0,119.35379999999999,122.08915,0.0,0.0,0.0,0.0,0.8923539284180939,0.9384879590960536,False,False,False,False,-0.061205112568657315,-0.07715015707469842,False,False,False,False,-4740.0,-16149.301422710207,False,False,False,False,1254.1086922475556,False,False,False,False
2025-03-26 16:00:00+00:00,118.16,118.16,116.5,116.88,1221.0,,,,117.60284987812055,120.48552027741631,120.46790938288596,121.94517821406515,121.76919257142987,121.71136232044748,122.43103238856538,122.52812829222903,122.77319178685107,123.0077828161109,122.07173945347633,121.34409280299113,120.95596498225824,120.49642138548708,120.3646669636135,,120.3646669636135,118.77336024170324,118.40308719833152,,121.33033556772986,"rgba(255, 0, 0, 1.0)",2.9372273375469446,120.52249236551904,-1.2401125098342274,53.11158619445918,0.9957868629206388,True,False,True,False,False,0.0,119.2677,122.05425,0.0,0.0,0.0,0.0,0.889565791005393,0.9455977649295717,False,False,False,False,-0.16504987527794604,-0.12110001617632224,False,False,False,False,-5961.0,-15991.3432611178,False,False,False,False,1253.595379189454,False,False,False,False
2025-03-27 16:00:00+00:00,116.43,116.43,115.88,115.92,1511.0,,,,117.43085831841688,120.39022132734416,120.39876135937303,121.8799427883389,121.714378611182,121.65940286058954,122.38457587399287,122.48308363869374,122.73050727266602,122.96704912740616,122.04028220541453,121.32066706793269,120.93730583795849,120.4802055874992,120.34903959762406,,120.34903959762406,118.29800979934672,118.31896482957221,,121.27775209829548,"rgba(255, 0, 0, 1.0)",2.837605485597436,120.42157775238283,-1.5864001444989653,49.3578313747927,5.167385813947838,True,False,False,False,False,0.0,119.15809999999999,122.00935,0.0,0.0,0.0,0.0,0.9011589078766443,0.9388725201335688,False,False,False,False,-0.22332156200469686,-0.17221078909050955,False,False,False,False,-7472.0,-15859.260419860158,False,False,False,False,1257.586148504346,False,False,False,False
2025-03-28 16:00:00+00:00,114.48,114.48,113.865,114.13,373.0,,,,117.34228333696153,120.35714515417561,120.37459750784636,121.85881190649124,121.6964604273554,121.64236660131202,122.36975624932593,122.46876001765206,122.71704019514945,122.95428832660149,122.03008591798249,121.31281259279514,120.93091242429298,120.47448504682492,120.34347511227527,,120.34347511227527,118.12538829886343,118.28215468848832,,121.2582187211361,"rgba(255, 26, 202, 1.0)",2.764176867850107,120.38265030513776,-2.2620297484801997,44.745170308419894,0.8423599574702294,False,False,False,True,False,0.0,119.02890000000001,121.956775,0.0,0.0,0.0,0.0,0.900178946549443,0.9264374076091183,False,False,False,False,-0.325375795340791,-0.24879329221565027,False,False,False,False,-7845.0,-15735.008320327443,False,False,False,False,1243.871634574046,False,False,False,False
2025-03-31 16:00:00+00:00,112.075,113.345,112.075,113.345,263.0,,,,117.25949907433781,120.32942285700784,120.35430472157803,121.84160042178024,121.68181312253006,121.62842366029368,122.35777022073019,122.45719162209116,122.70620168736617,122.94405107671861,122.0217854527604,121.3063293076063,120.9255898863865,120.46966922603228,120.33877437144781,,120.33877437144781,117.97675897770057,118.24892251844521,,121.24149511391116,"rgba(255, 26, 202, 1.0)",2.853223825464647,120.34877650034808,-2.4546887761977514,40.847824236250645,-2.7250525591111767,False,False,False,True,False,0.0,118.8822,121.8929,0.0,0.0,0.0,0.0,0.8888205916250472,0.928044563964656,False,False,False,False,-0.34282825441539394,-0.2958107733155221,False,False,False,False,-8108.0,-15616.760129314614,False,False,False,False,1228.6643224101074,False,False,False,False
2025-04-01 16:00:00+00:00,113.995,114.105,113.08,113.76,3203.0,,,,116.58885699928491,120.03923219831034,120.13907122935349,121.65383768462273,121.52175218805799,121.47600544828606,122.22525554790245,122.32908822550142,122.58576401083211,122.8299501365545,121.92987355624622,121.23494171951444,120.86716535074525,120.41710715502893,120.28756194192913,,120.28756194192913,116.85968965702469,117.92595563202269,,121.07503089281133,"rgba(255, 26, 202, 1.0)",2.924925221189511,120.03956253487095,-2.1469138730039634,39.134731587449956,-4.312763395641106,False,False,False,True,False,0.0,118.71809999999999,121.835975,0.0,0.0,0.0,0.0,0.8936565000579838,0.9300707410414008,False,False,False,False,-0.2997165109662535,-0.2977636421408878,False,False,False,False,-4905.0,-15450.686328860123,False,False,False,False,1259.2741778766174,False,False,False,False
2025-04-02 16:00:00+00:00,114.865,115.325,114.51,115.26,550.0,,,,116.54073345694968,120.00216058937808,120.11107708405997,121.62788078659986,121.49962355892531,121.45493900868566,122.20651026145194,122.31091077143729,122.56855585836716,122.81354814222787,121.91689604690214,121.22502792895672,120.85913169883105,120.40999083028005,120.2806626801243,,120.2806626801243,116.78211750636527,117.89148190257568,,121.05517658021179,"rgba(255, 0, 0, 1.0)",2.961303353179227,120.007711007568,-1.6032504749879484,40.969063359351,-4.312763395641106,False,False,False,True,False,0.0,118.5801,121.79197500000001,0.0,0.0,0.0,0.0,0.8988255162355101,0.9202041912950025,False,False,False,False,-0.2369128907741542,-0.267338266457521,False,False,False,False,-4355.0,-15278.660184226634,False,False,False,False,1248.2776789948095,False,False,False,False
2025-04-03 16:00:00+00:00,111.94,112.445,110.985,111.22,987.0,,,,116.27849677030099,119.8913438717676,120.02768996960484,121.55748739125102,121.43911511476982,121.39717214721155,122.15690933513173,122.26302239686436,122.52369588083896,122.77119445830786,121.88201459057743,121.19735968251945,120.83618992152249,120.38903071659807,120.26014464577675,,120.26014464577675,116.41187804703185,117.75877103520416,,120.99139112620286,"rgba(255, 26, 202, 1.0)",3.1030142973777566,119.89120337464404,-2.7944451889801964,37.78496819106928,-5.603693737682718,False,True,False,True,False,0.0,118.34700000000001,121.739425,0.0,0.0,0.0,0.0,0.8856144784272911,0.918465940763313,False,False,False,False,-0.34282825441539394,-0.3050832604364575,False,False,False,False,-5342.0,-15124.60343718436,False,False,False,False,1244.2268622662077,False,False,False,False
2025-04-04 16:00:00+00:00,105.65,105.825,104.29,104.58,1685.0,,,,115.34168620841275,119.56310086836005,119.78022628951206,121.3611738665212,121.26914897660919,121.23451977533357,122.02085099912519,122.1320910002149,122.40203609257473,122.65719211511875,121.78501432646945,121.1181718081574,120.76941595264498,120.32671987385918,120.19875787651331,,120.19875787651331,115.17089276956867,117.31515333278743,,120.79734040196179,"rgba(255, 26, 202, 1.0)",3.5294225059103344,119.51927199448386,-4.232780849973816,31.956552241860788,-11.077077955318174,False,True,False,True,False,0.0,117.9795,121.652675,0.0,0.0,0.0,0.0,0.8787064852447422,0.9311185721858983,False,False,False,False,-0.34282825441539394,-0.32395575742592575,False,False,False,False,-7027.0,-14999.059197848168,False,False,False,False,1251.0605543240958,False,False,False,False
2025-04-07 16:00:00+00:00,102.73,104.06,101.6,103.14,991.0,,,,114.76868165579374,119.3516982870679,119.61970718598566,121.23433687549198,121.15900426537038,121.12902055908782,121.9327594134596,122.04732883964554,122.32332059044336,122.58347655557617,121.72190281944214,121.06635853387387,120.72557482767941,120.28566881724011,120.15827569780937,,120.15827569780937,114.44137993262754,117.02918484185746,,120.67380766159779,"rgba(255, 26, 202, 1.0)",3.973685742277522,119.28648813997772,-4.06335306493647,27.533190755858413,-15.10953777662641,False,True,False,True,False,0.0,117.58319999999999,121.55855000000001,0.0,0.0,0.0,0.0,0.8608908296943225,0.9455021834061133,False,False,False,False,-0.34282825441539394,-0.3333920059206599,False,False,False,False,-8018.0,-14890.825721912537,False,False,False,False,1247.0286077454275,False,False,False,False
2025-04-08 16:00:00+00:00,105.535,105.595,100.705,101.125,94.0,,,102.475,114.71506719557082,119.33137273115523,119.60422619161973,121.22209748693957,121.14836430074445,121.11882621629222,121.92424525110721,122.0391358244604,122.31571146583588,122.57635054080451,121.7157928979095,121.06133534442452,120.72132068827847,120.28168244908905,120.15434375714563,102.475,120.15434375714563,114.37409678191172,117.00178626025543,,119.52530452133607,"rgba(255, 26, 202, 1.0)",4.448623939484702,118.05512438835166,-3.805699159707513,23.891671128189255,-18.431019234825015,False,True,False,True,False,0.0,117.14659999999999,121.45567500000001,1.0,105.595,100.705,0.0,0.8547106712157547,0.9369320676958414,False,False,False,False,-0.33331452441162235,-0.3333532651661411,False,False,False,False,-8112.0,-14785.727648704591,True,False,False,False,1229.1521952222424,False,False,False,False
2025-04-09 16:00:00+00:00,101.96,112.085,101.96,111.93,11120.0,,,108.60650228880566,112.65376828671117,118.00038475197186,118.54784521763781,120.3218754591028,120.36005453516937,120.36218086006832,121.27134786803703,121.40778646197984,121.72320510719767,122.01635245362857,121.2431862177087,120.67717890261746,120.39761261011242,119.98186560257196,119.85970334431968,108.60650228880566,119.85970334431968,112.090912302129,115.48213617676447,,119.21442812297752,"rgba(255, 0, 0, 1.0)",4.497386079663504,117.2934657126981,-1.1925740013628947,32.623995987235276,-25.82427817863678,False,True,False,True,True,0.0,116.9022,121.39845000000001,0.0,0.0,0.0,0.0,0.8673690831891804,0.8952036483723854,False,False,False,False,-0.22216715267934242,-0.2777602089227418,False,False,False,False,3008.0,-14509.855902213047,False,False,False,False,1382.498672815696,False,False,False,False
2025-04-10 16:00:00+00:00,108.725,109.03,107.59,107.9,163.0,,,108.6002962116551,112.63152779892603,117.98245398303723,118.53318953936818,120.30912925283917,120.34879030596535,120.35134118618429,121.26190545690434,121.39863951549083,121.71459382956253,122.00819289351122,121.23625572150301,120.67150462479617,120.39280605475814,119.9774024748897,119.85531455749519,108.6002962116551,119.85531455749519,112.06810721045677,115.46267500871234,,119.2045839629304,"rgba(255, 26, 202, 1.0)",4.643071785316829,117.2784919001633,-2.0198894899324364,36.038405417340876,-22.90679602339411,False,False,False,True,True,0.0,116.57600000000001,121.32057499999999,0.0,0.0,0.0,0.0,0.8876098337568498,0.8989376358570856,False,False,False,False,-0.18649943269715308,-0.23212982080994743,False,False,False,False,2845.0,-14240.788368845402,False,False,False,False,1363.5917166480108,False,False,False,False
2025-04-11 16:00:00+00:00,108.865,111.5,108.865,111.315,0.0,,,108.6002962116551,112.63152779892603,117.98245398303723,118.53318953936818,120.30912925283917,120.34879030596535,120.35134118618429,121.26190545690434,121.39863951549083,121.71459382956253,122.00819289351122,121.23625572150301,120.67150462479617,120.39280605475814,119.9774024748897,119.85531455749519,108.6002962116551,119.85531455749519,112.06810721045677,115.46267500871234,,119.2045839629304,"rgba(255, 0, 0, 1.0)",4.699680958119369,117.2784919001633,-1.268914199348048,40.6158877642045,-18.747287309499722,False,False,False,True,True,0.0,116.3175,121.24969999999999,0.0,0.0,0.0,0.0,0.8925282701940666,0.8809202435585948,False,False,False,False,-0.13542627930480614,-0.1837780500573768,False,False,False,False,2845.0,-13975.892425142372,False,False,False,False,1342.4507598007547,False,False,False,False
2025-04-14 16:00:00+00:00,111.98,113.055,111.545,112.74,100.0,,,108.63380993871803,112.63096654218661,117.97626411205407,118.52791913812757,120.30407160822608,120.3443118880433,120.34703083080689,121.25800844366846,121.39484534203622,121.71098174325728,122.00473653706199,121.23339725348752,120.66921541367577,120.39088970617786,119.97565668285553,119.85360801874074,108.63380993871803,119.85360801874074,112.0694543491928,115.45775621371259,,119.20348207494524,"rgba(239, 83, 80, 1.0)",4.737602995624039,117.27677039726683,-0.9576088164114414,44.566298299116625,-15.084893950230956,True,False,False,True,True,0.0,116.09109999999998,121.18684999999999,0.0,0.0,0.0,0.0,0.9083806185199484,0.8711862392679952,False,False,False,False,-0.0784917841719912,-0.131134917114684,False,False,False,False,2945.0,-13713.553007698305,False,False,False,False,1323.1879573232236,False,False,False,False
2025-04-15 16:00:00+00:00,113.525,113.83,112.87,112.93,1470.0,,,109.15338971705158,112.65570508908073,117.89918845729328,118.46107854872953,120.23761851051763,120.2853668710669,120.2902768070628,121.2060458987593,121.34416625247472,121.66255548967722,121.95824972013075,121.19522312272551,120.63882086372081,120.36552224518564,119.95267906939128,119.83118828382719,109.15338971705158,119.83118828382719,112.12615186049396,115.40512980600774,,119.19606718416843,"rgba(239, 83, 80, 1.0)",4.772137770528285,117.26688545603952,-0.9087930115562044,47.32646294881991,-12.399029067935842,True,False,False,False,True,0.0,115.85790000000001,121.12115,0.0,0.0,0.0,0.0,0.9178726698826751,0.8647191948067415,False,False,False,False,-0.05046962629666697,-0.09080227170567548,False,False,False,False,4415.0,-13432.490170369649,False,False,False,False,1325.4641130236387,False,False,False,False
2025-04-16 16:00:00+00:00,112.625,112.645,110.76,110.76,303.0,,,109.20449823899372,112.64464160184387,117.87755842086409,118.44280225371968,120.22056493671691,120.27024078583649,120.2757095446666,121.19299741641747,121.3314760867097,121.65050578534373,121.9467461959444,121.18561492911164,120.6310578943481,120.3589902134768,119.94668791470612,119.82531962166149,109.20449823899372,119.82531962166149,112.11866846310059,115.38583818098245,,119.18783824002256,"rgba(255, 0, 0, 1.0)",4.83861592338717,117.25506773668194,-1.3423400078705148,47.52695844249881,-11.87711529409583,True,False,False,False,True,0.0,115.5807,121.04317499999999,0.0,0.0,0.0,0.0,0.9064339533788552,0.871144337179185,False,False,False,False,-0.0944899984013071,-0.09264613505349129,False,False,False,False,4112.0,-13160.482570829034,False,False,False,False,1309.6119562325746,False,False,False,False
2025-04-17 16:00:00+00:00,112.315,113.175,112.295,112.32,4512.0,,,110.06619534211613,112.63912268624753,117.62862526727815,118.22618269415014,120.0078865415291,120.08076774619583,120.0930380971462,121.02616596412759,121.16877008979264,121.49509990514822,121.7976319243417,121.06210934694796,120.53189501201767,120.27578590914666,119.87091207585964,119.75126342474643,110.06619534211613,119.75126342474643,112.18138956745963,115.1996761142587,,119.10759075167448,"rgba(239, 83, 80, 1.0)",4.875842252952566,117.1544245932102,-0.9915055373833548,48.87575789346509,-10.081325139459281,True,False,False,False,True,0.0,115.3873,120.97187499999998,0.0,0.0,0.0,0.0,0.9156562839444558,0.8592314241258844,False,False,False,False,-0.0668701823439363,-0.07975815869871379,False,False,False,False,8624.0,-12822.738655002226,False,False,False,False,1359.2613832677284,False,False,False,False
2025-04-18 16:00:00+00:00,112.32,112.32,112.32,112.32,0.0,,,110.06619534211613,112.63912268624753,117.62862526727815,118.22618269415014,120.0078865415291,120.08076774619583,120.0930380971462,121.02616596412759,121.16877008979264,121.49509990514822,121.7976319243417,121.06210934694796,120.53189501201767,120.27578590914666,119.87091207585964,119.75126342474643,110.06619534211613,119.75126342474643,112.18138956745963,115.1996761142587,,119.10759075167448,"rgba(239, 83, 80, 1.0)",4.89980495842769,117.1544245932102,-0.9866565371943972,49.77495752744261,-8.627688097213571,True,False,False,False,True,0.0,115.1884,120.90072500000001,0.0,0.0,0.0,0.0,0.9095427143067193,0.8639023672989266,False,False,False,False,-0.07795701724262126,-0.07885758797066753,False,False,False,False,8624.0,-12490.231078955678,False,False,False,False,1338.1875633721047,False,False,False,False
2025-04-21 16:00:00+00:00,109.82,110.41,109.325,110.41,791.0,,,110.0654338022602,112.58790647206327,117.56649623351187,118.1734034344802,119.95941634416805,120.03752755755356,120.05132227962595,120.9889427628769,121.13257384973289,121.46075834638701,121.76487442664867,121.03441463822979,120.50926036472022,120.25660303925609,119.8531909690623,119.73386800057715,110.0654338022602,119.73386800057715,112.13342505993499,115.14009733107189,,119.07349953257214,"rgba(255, 0, 0, 1.0)",4.955638468515702,117.10722285281108,-1.3514349150689784,48.69201742968185,-8.627688097213571,True,False,False,False,True,0.0,114.98459999999999,120.815025,0.0,0.0,0.0,0.0,0.9076704545454545,0.864158163265306,False,False,False,False,-0.143962004121566,-0.11140979604611677,False,False,False,False,7833.0,-12175.14222501838,False,False,False,False,1329.7040352578083,False,False,False,False
2025-04-22 16:00:00+00:00,112.315,112.83,111.815,112.435,82.0,,,110.0755306323227,112.58744037078606,117.56207622863411,118.16951655074753,119.95558427369349,120.03409872717279,120.04801237846335,120.98591069135504,121.12961475070419,121.45792879829438,121.76215696361922,121.0321540320333,120.50743679133294,120.25506792980057,119.85178980730007,119.73249780001551,110.0755306323227,119.73249780001551,112.13395199334448,115.13676806768507,,119.07167604539221,"rgba(239, 83, 80, 1.0)",4.97129325262609,117.10500125104895,-0.9393936373763532,49.83319227062108,-7.415222202739869,True,False,False,False,True,0.0,114.8329,120.73904999999999,0.0,0.0,0.0,0.0,0.9150738239670364,0.8579317843653423,False,False,False,False,-0.07789017451130707,-0.09464998527871192,False,False,False,False,7915.0,-11863.66715176228,False,False,False,False,1310.35978664916,False,False,False,False
2025-04-23 16:00:00+00:00,115.49,115.49,113.385,113.715,307.0,,,110.14232340829902,112.59966829199875,117.55141366866874,118.15959654331026,119.94473253049514,120.0243545443342,120.0386000918683,120.97699085605063,121.1208704148779,121.44948630162935,121.7539816825707,121.0254912559769,120.50215418502601,120.25066171540928,119.847833553616,119.72864927679316,110.14232340829902,119.72864927679316,112.15175701512679,115.13257197966495,,119.06980052005777,"rgba(239, 83, 80, 0.5)",4.964177007356054,117.10440922924872,-0.6827736449014999,51.69830142272477,-5.0808765742443285,True,False,True,False,True,0.0,114.71050000000001,120.682225,0.0,0.0,0.0,0.0,0.9191203352175257,0.846311763547906,False,False,False,False,-0.021529399101166476,-0.0580896921899392,False,False,False,False,8222.0,-11552.261459486896,False,False,False,False,1294.803820964677,False,False,False,False
2025-04-24 16:00:00+00:00,115.935,116.66,115.91,116.46,59.0,,,110.16157816255286,112.60512728306271,117.55067853103262,118.15872539136699,119.94342880458457,120.02317404365503,120.03745809587669,120.97582118607455,121.11971264745515,121.44834560749207,121.7528582723349,121.02461432769229,120.5014852562582,120.25011565531429,119.84736244243983,119.72819703978422,110.16157816255286,119.72819703978422,112.15869885380117,115.13360967460781,,119.07054267168607,#000000,4.946751482056421,117.10601546709361,-0.13059387952617807,55.06692559338817,-1.4776363558777206,True,False,True,False,True,0.0,114.6495,120.6399,0.0,0.0,0.0,0.0,0.9222640256722363,0.8348456346132564,False,False,False,False,0.027578963648357598,-0.015255364270790802,False,False,False,False,8281.0,-11244.769033758415,False,False,False,False,1275.644071802434,False,False,False,False
2025-04-25 16:00:00+00:00,117.06,118.24,117.06,117.91,390.0,,,110.3139315490004,112.65411752466281,117.55142365284324,118.15739148345337,119.93816081189439,120.01833718443153,120.03276756123832,120.97042533925064,121.11430208239365,121.44287270710862,121.74735373982317,121.0205487882851,120.49854877392308,120.24779589995042,119.84548852779207,119.72643999393723,110.3139315490004,119.72643999393723,112.2191016706002,115.14827372526364,,119.07999410124926,#000000,4.93012141271859,117.12375860758918,0.1594770851651831,58.31016532778678,1.8532161535817124,True,False,True,False,True,1.0604681348175191,114.6041,120.60654999999998,0.0,0.0,0.0,0.0,0.9275242504409166,0.8319003527336859,False,False,False,False,0.06393436176367011,0.024339498746439654,False,False,False,False,8671.0,-10935.997420831927,False,False,False,False,1261.9131559605357,False,False,False,False
2025-04-28 16:00:00+00:00,117.33,118.095,116.95,117.93,526.0,,,110.5078942611839,112.71773299981471,117.55199821878008,118.15527322977604,119.93084408703841,120.0116230909718,120.02625676821604,120.9630006747783,121.10686350492412,121.43536134872342,121.73980899830225,121.01495100226937,120.4944861042748,120.24457659126895,119.84287272389652,119.72398203987434,110.5078942611839,119.72398203987434,112.29739826496264,115.16720100540935,,119.09172035275581,#000000,4.906934625040019,117.14625499122502,0.159721917788663,60.48657347164344,4.126333626059846,True,False,True,False,True,1.0817662238814094,114.5569,120.57242499999998,0.0,0.0,0.0,0.0,0.9268352902447051,0.8297212772961702,False,False,False,False,0.060532855182396865,0.04243617696441826,False,False,False,False,9197.0,-10623.857925935306,False,False,False,False,1250.503649666574,False,False,False,False
2025-04-29 16:00:00+00:00,117.72,118.645,117.72,118.335,368.0,,,110.6480451893846,112.76635537190083,117.55455042531459,118.1555043459138,119.92704118345358,120.00809064344857,120.02282383608407,120.95872636832866,121.10254290126997,121.43092127656645,121.73528838114194,121.0117147326965,120.49222553507471,120.24282874964376,119.84152709275665,119.72274359339048,110.6480451893846,119.72274359339048,112.35658231506316,115.18329159774115,,119.10130810164807,#000000,4.880110251117828,117.16424395482107,0.2399036056430791,62.252986127362455,6.03240858034804,True,False,True,False,True,1.5191243670066683,114.5644,120.5413,0.0,0.0,0.0,0.0,0.9293274531422269,0.8353362734288863,False,False,False,False,0.07815754693648444,0.06029686195045135,False,False,False,False,9565.0,-10310.852376695999,False,False,False,False,1236.8214225399604,False,False,False,False
2025-04-30 16:00:00+00:00,117.725,118.575,117.475,118.575,348.0,,,110.77555840966737,112.81134642339582,117.556858151856,118.15565184543338,119.92340775029919,120.00471618939874,120.01954436388573,120.95465969298236,121.09843355256726,121.42670108666348,121.73099371804207,121.00863379220095,120.49006836426075,120.24115816356222,119.84023691265564,119.72155471938166,110.77555840966737,119.72155471938166,112.41124075117874,115.1982296514928,,119.10997019601578,#000000,4.859265900328192,117.18069233560249,0.2869379229285118,63.631641661669846,7.611405534189544,True,False,True,False,True,1.7810868250181322,114.59190000000001,120.513925,0.0,0.0,0.0,0.0,0.9190737188270758,0.8364757467799396,False,False,False,False,0.07394765935596083,0.06712226065320609,False,False,False,False,9913.0,-9997.304277832494,False,False,False,False,1223.0412454463174,False,False,False,False
2025-05-01 16:00:00+00:00,120.51,120.51,119.805,120.075,239.0,,,110.88267375750605,112.8526664225645,117.5630808913803,118.15943042654278,119.92370726469804,120.00487730749097,120.01968129969973,120.95382313242794,121.09749012574653,121.42553590048236,121.72965596969098,121.00797111808158,120.48983494809437,120.24109551266174,119.8403940353026,119.72177481466778,110.88267375750605,119.72177481466778,112.46044022473507,115.21489881348023,,119.11960580793989,#000000,4.84538509891206,117.19776818739507,0.5938086971149024,65.78629239126988,9.91961914443062,True,False,True,False,True,3.408801608117141,114.66799999999999,120.49904999999998,0.0,0.0,0.0,0.0,0.9246833182205367,0.8375511774242298,False,False,False,False,0.1312334230664939,0.09917784185985,False,False,False,False,10152.0,-9684.911963447494,False,False,False,False,1207.784792028545,False,False,False,False
2025-05-02 16:00:00+00:00,122.015,122.675,122.015,122.19,1149.0,,,111.47805307055386,113.10213921022977,117.61744399545226,118.19711900964589,119.94010897524714,120.0189389888036,120.03315213580025,120.96032409851793,121.10306462082741,121.42926860708168,121.73191122873,121.01261485822918,120.49543810100647,120.24664126649635,119.846771880636,119.72841945951775,111.47805307055386,119.72841945951775,112.75279354810884,115.32807890342333,,119.18383809417347,"rgba(38, 166, 154, 0.5)",4.865034466513328,117.30817116150871,1.003452056114619,68.70685365518196,12.881071455435325,True,False,True,False,True,5.627683883827874,114.77259999999998,120.49600000000001,0.0,0.0,0.0,0.0,0.9286411981766874,0.8283861515085739,False,False,False,False,0.19090471512607382,0.14504127849296192,False,False,False,False,11301.0,-9359.548987270013,False,False,False,False,1206.8733999040714,False,False,False,False
2025-05-05 16:00:00+00:00,122.625,122.9,122.22,122.22,603.0,,,111.77040075436113,113.2299576944016,117.64639628488099,118.21735463126747,119.94918111209816,120.02674256558429,120.04063330506085,120.9641001971756,121.10634359557574,121.43156007838812,121.73340887636408,121.01532868336254,120.49861435055456,120.24975687162345,119.85031469203089,119.73210052102043,111.77040075436113,119.73210052102043,112.90172866557954,115.38731614755118,,119.21638713835937,"rgba(38, 166, 154, 0.5)",4.884038784330965,117.36452558697243,0.9941514855707042,70.67400352868198,14.910707899714495,True,False,True,False,True,5.658790362420554,114.89699999999999,120.49064999999999,0.0,0.0,0.0,0.0,0.931627175622187,0.8266550994957437,False,False,False,False,0.19683589892840397,0.17093858871068296,False,False,False,False,11904.0,-9029.881561110788,False,False,False,False,1197.511021610985,False,False,False,False
2025-05-06 16:00:00+00:00,121.49,121.95,121.11,121.63,679.0,,,112.05574604128223,113.35636481766934,117.67266160703409,118.23520006126726,119.95573293958941,120.03228416766264,120.0459296122888,120.96580955141707,121.10759597092965,121.43189343049931,121.73300854185305,121.01649396058478,120.50056239384408,120.2518482399947,119.85293915791003,119.73488868558165,112.05574604128223,119.73488868558165,113.04902822651336,115.44465004147185,,119.24680994871301,"rgba(38, 166, 154, 0.5)",4.8795960981502695,117.41840272594078,0.8631036645954621,70.74623683254312,15.246241103646867,True,False,True,False,True,4.939456462959882,115.0258,120.48225000000001,0.0,0.0,0.0,0.0,0.929080695689748,0.8279680241979043,False,False,False,False,0.1685377794471356,0.16973818407890928,False,False,False,False,11225.0,-8715.852389620697,False,False,False,False,1189.4720910433728,False,False,False,False
2025-05-07 16:00:00+00:00,121.855,122.28,121.42,122.01,1251.0,,,112.55747006597701,113.58873447936135,117.72429140246479,118.27089361553178,119.97018965510422,120.04463435975373,120.05775671663322,120.97071105780358,121.11159355920823,121.43408053905328,121.73374401562931,121.0199547836665,120.50527516533998,120.25667844209036,119.8587105366579,119.74095457018696,112.55747006597701,119.74095457018696,113.31802467336925,115.55325989452413,,119.30285456027889,"rgba(38, 166, 154, 0.5)",4.877484700130002,117.51793390126404,0.9209800491257782,71.13250900580738,15.982397824786148,True,False,True,False,True,5.347700444753059,115.1724,120.47194999999999,0.0,0.0,0.0,0.0,0.934872128305158,0.8239055049848287,False,False,False,False,0.17729878189642914,0.1735184829876692,False,False,False,False,12476.0,-8387.296538618826,False,False,False,False,1190.4260121124676,False,False,False,False
2025-05-08 16:00:00+00:00,123.72,124.27,123.12,123.23,1978.0,,,113.3762339816071,113.99887790326166,117.834385112804,118.3507334533476,120.01160072800351,120.0807371734621,120.09246631694415,120.99177569150856,121.13073094417561,121.44941543094446,121.74599250576813,121.0354087608665,120.52131046387169,120.2717920899221,119.87502161268156,119.75768367216689,113.3762339816071,119.75768367216689,113.78653582352395,115.76011553251016,,119.40776036508348,"rgba(38, 166, 154, 0.5)",4.883429384106194,117.70114878681795,1.1321656930632544,72.436929891376,17.58630717967877,True,False,True,False,True,6.652427127033931,115.34099999999998,120.46802500000001,0.0,0.0,0.0,0.0,0.9351777384590635,0.8190445552517289,False,False,False,False,0.22838538623282603,0.20095193461024763,False,False,False,False,14454.0,-8033.167910113108,False,False,False,False,1202.6364615370805,False,False,False,False
2025-05-09 16:00:00+00:00,123.455,123.83,123.07,123.645,735.0,,,113.64953111820148,114.14241946627811,117.87406514418582,118.37964783850691,120.02663747880742,120.09386761617925,120.10509603637624,120.9994393616949,121.1376925210875,121.4549894629018,121.75043882896873,121.04104623503237,120.5271768907895,120.27733004599939,119.88100473735797,119.76382167244907,113.64953111820148,119.76382167244907,113.94944897587204,115.83403766676177,,119.44401277842603,"rgba(38, 166, 154, 0.5)",4.895421353185799,117.76500647871201,1.2011210265815946,73.64779308274305,19.061781580744366,True,False,True,False,True,7.093951552608765,115.4693,120.4707,0.0,0.0,0.0,0.0,0.9337854434773317,0.8218614834196614,False,False,False,False,0.2215392871693368,0.2112456108897922,False,False,False,False,15189.0,-7673.134299103602,False,False,False,False,1195.386283838831,False,False,False,False
2025-05-12 16:00:00+00:00,125.41,125.955,125.41,125.505,1037.0,,,114.08822645798001,114.38166284864562,117.9496908839952,118.43642048088354,120.06032472545334,120.12353532426867,120.13367737182536,121.0191691834821,121.15609527746908,121.47079943405714,121.7641243416263,121.05569791152762,120.54122772173682,120.29017848382799,119.89429099582316,119.77729584663822,114.08822645798001,119.77729584663822,114.21889827427587,115.96394693062719,,119.50890108057752,"rgba(38, 166, 154, 1.0)",4.945820125289024,117.87651083361582,1.5424113641695323,75.82226416470215,21.371597188794567,True,False,True,False,True,9.042601922715061,115.6341,120.48092499999998,0.0,0.0,0.0,0.0,0.9376252769279456,0.820181453739846,False,False,False,False,0.2847702385588667,0.24800792472432945,False,False,False,False,16226.0,-7302.605085164011,False,False,False,False,1192.9306825390042,False,False,False,False
2025-05-13 16:00:00+00:00,127.64,128.06,127.325,127.6,623.0,,,114.38055726483906,114.54586080404339,118.00630008202113,118.47965460563431,120.08771306733294,120.14775543796867,120.157029214259,121.0361533452355,121.17209026928197,121.48487415657364,121.77661786008179,121.06836326678824,120.55300260305374,120.30080666512377,119.90507288823525,119.78817305641113,114.38055726483906,119.78817305641113,114.40275471449584,116.05647009284887,,119.55562653668022,"rgba(0, 255, 255, 0.75)",5.048771344603781,117.95553021312999,1.910260760210143,78.45128750398155,24.002365369880636,True,False,True,False,True,11.148519851030748,115.8665,120.49417500000001,0.0,0.0,0.0,0.0,0.9514780728356319,0.8139553281822738,False,False,False,False,0.34282825143637874,0.2954180880803541,False,False,False,False,16849.0,-6928.161595471545,False,False,False,False,1184.0945479259965,False,False,False,False
2025-05-14 16:00:00+00:00,128.075,128.2,127.59,127.81,7945.0,,,117.28647880957544,116.3601960330522,118.68854319794241,119.00903997491952,120.42944988167123,120.45158785167433,120.45041071351602,121.25184662162172,121.37561604836715,121.66468854323311,121.93681809703864,121.23061760011365,120.70405479937538,120.43740805296423,120.0435588821262,119.92784600720732,117.28647880957544,119.92784600720732,116.40235805792334,117.138593604041,,120.0780100696499,"rgba(0, 255, 255, 0.75)",5.134672829213681,118.84136699076385,1.7466805203652294,80.31107987483219,25.855252087766516,True,False,True,False,True,11.356366050541986,116.11710000000001,120.510425,0.0,0.0,0.0,0.0,0.9519896763319374,0.802981222511917,False,False,False,False,0.3428282514604462,0.3191231697704001,False,False,False,False,24794.0,-6436.345136627026,False,False,False,False,1288.9147874930352,False,False,False,False
2025-05-15 16:00:00+00:00,128.605,128.86,128.39,128.7,1660.0,,,117.7760315235821,116.70025928457129,118.830497891056,119.12131718581915,120.50421818839312,120.51846301956401,120.51509007189603,121.30033803206202,121.42153128386481,121.70557057872307,121.9735129018202,121.26743197289069,120.73819623114578,120.46827232353414,120.0747239540159,119.95924052663983,117.7760315235821,119.95924052663983,116.77096864650568,117.3548289597266,,120.17966843559863,"rgba(0, 255, 255, 0.75)",5.243001428760449,119.0125289580393,1.8476956708079717,82.00852101343702,27.556762606096044,True,False,True,False,True,12.239852134092711,116.3635,120.526425,0.0,0.0,0.0,0.0,0.9580336679048446,0.7974393424484312,False,False,False,False,0.3428282515440715,0.3309757106572358,False,False,False,False,26454.0,-5926.417305051413,False,False,False,False,1294.6680466016703,False,False,False,False
2025-05-16 16:00:00+00:00,128.84,129.485,128.75,129.325,1120.0,,,118.09833333333331,116.9290977494873,118.92912136079175,119.1997885168685,120.55717378597778,120.56590803131607,120.56099680315879,121.33506044762439,121.45445993853697,121.73499516545172,122.00001697226593,121.29385553086175,120.76261743087062,120.49032302452055,120.09693176147155,119.9815951414785,118.09833333333331,119.9815951414785,117.01806477598502,117.50290707072963,,120.24939218712596,"rgba(0, 255, 255, 0.75)",5.366421003554368,119.12925158271672,1.8999158676761045,83.44956149595237,29.03437377967731,True,False,True,False,True,12.858002157967867,116.6066,120.5455,0.0,0.0,0.0,0.0,0.9571330950378465,0.7929457527333893,False,False,False,False,0.3428282515978662,0.336901981127551,False,False,False,False,27574.0,-5407.030990244414,False,False,False,False,1291.9600148714117,False,False,False,False
2025-05-19 16:00:00+00:00,129.325,129.825,129.225,129.8,22207.0,,,122.23334405664492,120.31071350272248,120.6266382123997,120.5944457607601,121.53455979349559,121.45198708142487,121.42124089204495,121.99998551390107,122.08751686329852,122.30518857321579,122.5172451975121,121.81030587495627,121.24257044508286,120.92613972801868,120.53576117408787,120.42320382925877,122.23334405664492,120.42320382925877,120.58287692876164,119.91127838755692,,121.37630290617653,"rgba(0, 255, 255, 0.75)",5.503475001314363,120.96925134011227,1.6045768642137468,84.64520526244218,30.31046592045132,True,False,True,False,True,13.329064067503104,116.9206,120.5634,0.0,0.0,0.0,0.0,0.9577138036486339,0.7951070336391438,False,False,False,False,0.34282825164087566,0.33986511638421335,False,False,False,False,49781.0,-4551.402602798764,False,False,False,False,1616.2242006873587,False,False,False,False
2025-05-20 16:00:00+00:00,130.275,130.54,129.92,130.33,466.0,,,122.29338376788338,120.36606852857514,120.65865038743664,120.62153420147132,121.55427627380176,121.47005193645329,121.43883176226832,122.01388437110114,122.1008016955615,122.31725150630997,122.52826765073512,121.82129850710163,121.25281993733766,120.93548699099313,120.54516168511972,120.43265883955586,122.29338376788338,120.43265883955586,120.6400162552196,119.95428735304256,,121.3969017526066,"rgba(0, 255, 255, 0.75)",5.643434096842755,121.00174288870545,1.6529398503144208,85.70501106571896,31.489167676621946,True,False,True,False,True,13.856776459328852,117.2309,120.58427500000002,0.0,0.0,0.0,0.0,0.9589225057271503,0.7919530241988574,False,False,False,False,0.3428282517122639,0.34134668404823865,False,False,False,False,50247.0,-3701.81496554607,False,False,False,False,1598.3912673433686,False,False,False,False
2025-05-21 16:00:00+00:00,130.525,130.78,128.745,129.025,462.0,,,122.34653420824903,120.41624926307959,120.68772752463708,120.64617253714637,121.57206743177912,121.48637417182206,121.45473287657622,122.02637481457467,122.1127290397448,122.32805445217097,122.53811268725138,121.83120717589682,121.26211834231616,120.9439952427962,120.55374890281585,120.44130416272692,122.34653420824903,120.44130416272692,120.69165913202619,119.99351292478349,,121.41546892709894,"rgba(38, 166, 154, 1.0)",5.741224830082125,121.03112418989859,1.392364181283433,82.19202876909051,31.489167676621946,True,False,True,False,False,11.986620700633178,117.49040000000001,120.6013,0.0,0.0,0.0,0.0,0.9527231567032558,0.7963621048198164,False,False,False,False,0.33024293589809806,0.33579480997316835,False,False,False,False,49785.0,-2872.562020343805,False,False,False,False,1580.772798082231,False,False,False,False
2025-05-22 16:00:00+00:00,128.91,129.49,128.655,128.755,1281.0,,,122.47889965869594,120.54431357761982,120.76240026333576,120.7095876171097,121.61759770181243,121.52821077104446,121.49551102711125,122.05826377231627,122.14315867850141,122.35556037847337,122.56312575619053,121.85659159622006,121.28608059910941,120.96599040609304,120.57601734799577,120.46374190848744,122.47889965869594,120.46374190848744,120.82302636362134,120.0944251597063,,121.46281569125729,"rgba(38, 166, 154, 1.0)",5.864529813031036,121.10615368076333,1.304255680010504,79.03675435943234,33.57000518872633,True,False,True,False,False,11.601815089380654,117.7765,120.616075,0.0,0.0,0.0,0.0,0.9496238827877227,0.8039996854768957,False,False,False,False,0.31184937940195023,0.3238220946875593,False,False,False,False,48504.0,-2076.026175067157,False,False,False,False,1576.1251578018864,False,False,False,False
2025-05-23 16:00:00+00:00,128.515,129.61,128.375,129.405,329.0,,,122.5128796890124,120.577213525591,120.78173909225656,120.72603793434476,121.62945880143525,121.53911454904552,121.50614015042522,122.06659911031505,122.15111641164125,122.36276161735624,122.56968155133981,121.8632310663969,121.29234116596756,120.97173491313241,120.581828513513,120.46959588929057,122.5128796890124,120.46959588929057,120.85675828900325,120.12044764055696,,121.47509212381647,"rgba(38, 166, 154, 1.0)",5.997870043862648,121.12554146294991,1.3803997880084262,77.66788011062572,32.29162359943666,True,False,True,False,False,12.28336117646084,118.0254,120.63855,0.0,0.0,0.0,0.0,0.9482186266565594,0.8061531223044153,False,False,False,False,0.3097301708469285,0.3167761327672439,False,False,False,False,48833.0,-1286.738947546736,False,False,False,False,1556.789884037516,False,False,False,False
2025-05-26 16:00:00+00:00,129.405,129.405,129.405,129.405,0.0,,,122.5128796890124,120.577213525591,120.78173909225656,120.72603793434476,121.62945880143525,121.53911454904552,121.50614015042522,122.06659911031505,122.15111641164125,122.36276161735624,122.56968155133981,121.8632310663969,121.29234116596756,120.97173491313241,120.581828513513,120.46959588929057,122.5128796890124,120.46959588929057,120.85675828900325,120.12044764055696,,121.47509212381647,"rgba(38, 166, 154, 1.0)",6.140164588280428,121.12554146294991,1.348409870454104,76.75529727808797,31.3432646126911,True,False,True,False,False,12.28336117646084,118.23629999999999,120.659875,0.0,0.0,0.0,0.0,0.953001858979394,0.8068494226690758,False,False,False,False,0.32068673078321314,0.31873143177522856,False,False,False,False,48833.0,-509.68873130570137,False,False,False,False,1532.6536067656166,False,False,False,False
2025-05-27 16:00:00+00:00,131.44,131.795,131.42,131.63,530.0,,,122.58718042314186,120.64493235864964,120.82192321689772,120.76019988950382,121.65479226003279,121.56234309414143,121.52876192446602,122.0846951660678,122.16844893281281,122.3785783787214,122.58420509604572,121.87755032881455,121.30559660267916,120.98378560848819,120.59388998208935,120.48171088136101,122.58718042314186,120.48171088136101,120.92667610861095,120.17353054621286,,121.50116213399458,"rgba(0, 255, 255, 0.75)",6.339905616428918,121.16612712258164,1.650477705898774,78.31382902426847,31.3432646126911,True,False,True,False,False,14.597748485683734,118.5067,120.692325,0.0,0.0,0.0,0.0,0.9527138050650736,0.8130460864348871,False,False,False,False,0.3428282518416552,0.3307798418084419,False,False,False,False,49363.0,263.5312490246196,False,False,False,False,1517.1085896064596,False,False,False,False
2025-05-28 16:00:00+00:00,130.57,131.06,130.415,130.6,2940.0,,,122.93826695350216,120.97559832600072,121.02091134457525,120.93008214303028,121.7802054627475,121.67761678670678,121.64111143085138,122.1742384920706,122.25416801787944,122.45667021332129,122.65577889814413,121.94876415862602,121.37198239257883,121.04437742725315,120.65475550566708,120.54290530039702,122.93826695350216,120.54290530039702,121.26646463331397,120.43624714684607,,121.62921455333448,"rgba(38, 166, 154, 1.0)",6.502738369818359,121.36532103209876,1.42012156151981,76.12340795153672,30.66599908809438,True,False,True,False,False,13.062685071984738,118.72309999999999,120.71962500000001,0.0,0.0,0.0,0.0,0.9418951518767344,0.8138569686908251,False,False,False,False,0.3205973068352309,0.3256885743218364,False,False,False,False,46423.0,979.1819273343153,False,False,False,False,1539.1689215505455,False,False,False,False
2025-05-29 16:00:00+00:00,130.31,131.09,130.215,130.76,715.0,,,123.0190650851049,121.05272461740077,121.06808140778045,120.97050829518896,121.81016995041449,121.70520210886286,121.66800935993986,122.19572583036258,122.27474652357157,122.47543304982278,122.67298768106609,121.96590301281587,121.38797979628168,121.05899397286018,120.66944219706426,120.55767203473668,123.0190650851049,120.55767203473668,121.34552756456898,120.49814699250976,,121.65954030770462,"rgba(38, 166, 154, 1.0)",6.66343123066242,121.4122536202563,1.4028427781664712,74.85498046060829,29.34602977882119,True,False,True,False,False,13.230434270909207,118.95389999999999,120.74315,0.0,0.0,0.0,0.0,0.9409182461395442,0.813897639828539,False,False,False,False,0.3184419769882071,0.32206527565502174,False,False,False,False,47138.0,1694.822517608202,False,False,False,False,1526.3911088133277,False,False,False,False
2025-05-30 16:00:00+00:00,129.88,130.39,129.04,130.08,575.0,,,123.07574945414056,121.10846213550806,121.10235395013808,120.99994866168103,121.83182379564946,121.72517226258468,121.68749339743702,122.21120231196915,122.28955513361953,122.48890182046148,122.68530870493788,121.9782962869653,121.39963058627339,121.06967964135242,120.68022066135696,120.5685205115223,123.07574945414056,120.5685205115223,121.40244465557639,120.54327160856946,,121.68139495722482,"rgba(38, 166, 154, 1.0)",6.798828959844973,121.4461527307549,1.2699021140608278,71.87009337852668,26.44700266847859,True,False,True,False,False,12.20615572283278,119.1966,120.76327500000001,0.0,0.0,0.0,0.0,0.9335295623240334,0.8172254927054009,False,False,False,False,0.2948540087021925,0.3084596421786071,False,False,False,False,46563.0,2390.4531762499355,False,False,False,False,1511.6408590642839,False,False,False,False
2025-06-02 16:00:00+00:00,129.685,130.37,129.255,130.345,956.0,,,123.17002617203654,121.20118324542533,121.15973658677147,121.04930795251576,121.86825290099789,121.7587821284501,121.72028847690044,122.23730996708113,122.31454571429228,122.51165138618806,122.70613741976668,121.99921565896166,121.4192810796885,121.08769797754421,120.6983841937737,120.58679871975167,123.17002617203654,120.58679871975167,121.49709518429272,120.61856066037524,,121.7180374737591,"rgba(38, 166, 154, 1.0)",6.934707962309869,121.50282296072706,1.2750611975774848,70.30584671852003,24.911054684787487,True,False,True,False,False,12.494709870529086,119.4144,120.78394999999999,0.0,0.0,0.0,0.0,0.9341328175370723,0.8213023855577049,False,False,False,False,0.29729194316988866,0.3028757926742479,False,False,False,False,47519.0,3090.1205688662153,False,False,False,False,1503.026272102047,False,False,False,False
2025-06-03 16:00:00+00:00,131.085,131.535,130.79,131.44,255.0,,,123.19932455093222,121.22910199866418,121.17709245750292,121.06423231981462,121.87941988417592,121.76907164811205,121.73032381400513,122.24537570970254,122.32227833346344,122.51871874524535,122.71263454207862,122.00565760240615,121.42527878479177,121.09317303042394,120.7038750741109,120.59231648628324,123.19932455093222,120.59231648628324,121.52569856998343,120.64112417191454,,121.72924218635706,"rgba(38, 166, 154, 1.0)",7.092939026668515,121.5200301471832,1.3985697347064474,70.88528904361684,24.911054684787487,True,False,True,False,False,13.682760674750195,119.65719999999999,120.81110000000001,0.0,0.0,0.0,0.0,0.9348992427159539,0.8194583493774868,False,False,False,False,0.33141774465870166,0.3171467686664748,False,False,False,False,47774.0,3782.8938933799172,False,False,False,False,1483.6770275733331,False,False,False,False
2025-06-04 16:00:00+00:00,132.165,132.745,131.815,132.1,2887.0,,,123.55483188860828,121.56411464217214,121.3879294605992,121.24592111721,122.01684366392772,121.89572324575589,121.85384703969291,122.34537029384845,122.4182574897499,122.6066936383141,122.79374160052484,122.0855144189497,121.49929196600681,121.16059801271123,120.7712937592814,120.66000831466394,123.55483188860828,120.66000831466394,121.86920982654456,120.91269073499384,,121.86624878450104,"rgba(38, 166, 154, 1.0)",7.257195291260711,121.72885659755832,1.4290842379466975,72.1229138790134,24.911054684787487,True,False,True,False,True,14.391288691476134,119.9616,120.84309999999999,0.0,0.0,0.0,0.0,0.9365928975810597,0.8151827071538857,False,False,False,False,0.3428282519004275,0.32998751028345114,False,False,False,False,50661.0,4509.686236118213,False,False,False,False,1505.4339728822738,False,False,False,False
2025-06-05 16:00:00+00:00,132.295,132.645,131.055,131.345,660.0,,,123.62739782182236,121.63412863259066,121.43266391652563,121.28463220044623,122.04611823737734,121.92275997298592,121.88023302390043,122.3667183106237,122.43874777407638,122.62546832633805,122.81104174899878,122.10263507248642,121.51522739146755,121.17515278103826,120.78587618611735,120.67465736688874,123.62739782182236,120.67465736688874,121.94073946034305,120.97012341688618,,121.89521617273024,"rgba(38, 166, 154, 1.0)",7.39100714406397,121.77285679778979,1.2951067446738982,70.33202020985058,24.627742256271745,True,False,True,False,True,13.201614852968685,120.2701,120.871125,0.0,0.0,0.0,0.0,0.9339692606705366,0.8164590952100862,False,False,False,False,0.3320519355237073,0.3310197229035792,False,False,False,False,50001.0,5214.977922379946,False,False,False,False,1492.3264694267345,False,False,False,False
2025-06-06 16:00:00+00:00,132.46,132.885,132.165,132.62,931.0,,,123.73846787626147,121.73971793034703,121.5004408210189,121.34330723196945,122.09083559540458,121.9640419748866,121.9205145953307,122.39947968394961,122.47021953900493,122.65436642183687,122.83772717067889,122.12887853613107,121.53954877804485,121.19731966023663,120.80802668706815,120.69689275620998,123.73846787626147,120.69689275620998,122.04879049597317,121.0566380077796,,121.93936157864874,"rgba(38, 166, 154, 1.0)",7.549322311331082,121.83961069231432,1.4279943103641184,70.9842825724262,24.627742256271745,True,False,True,False,True,14.587092764355202,120.6399,120.900475,0.0,0.0,0.0,0.0,0.9367363077472511,0.8138312798142907,False,False,False,False,0.34282825192117716,0.33692398741237817,False,False,False,False,50932.0,5923.768962343047,False,False,False,False,1483.62373346663,False,False,False,False
2025-06-09 16:00:00+00:00,132.635,133.05,132.275,132.46,3744.0,,,124.16038995631334,122.14593658170915,121.76578154876734,121.57401259415033,122.2675332255021,122.12745953118038,122.08005596784051,122.52961840050737,122.59530385774114,122.76934455586667,122.94400014739439,122.2334821964054,121.63662103267664,121.28589623251817,120.89655702959804,120.78576431532616,124.16038995631334,120.78576431532616,122.4634880024646,121.39300773189855,,122.11235982334358,"rgba(38, 166, 154, 1.0)",7.689863139751506,122.09951339020279,1.347291417481848,70.8654851326471,24.627742256271745,True,False,True,False,True,14.330640434296733,121.02220000000001,120.92807499999999,0.0,0.0,0.0,0.0,0.9335605636668868,0.81317088060233,False,False,False,False,0.3428282519326734,0.3398761196725258,False,False,False,False,47188.0,6563.5244823067205,False,False,False,False,1518.6683267462172,False,False,False,False
2025-06-10 16:00:00+00:00,132.825,133.23,132.375,133.22,129.0,,,124.17478018860332,122.15983818964054,121.77498333067389,121.58203783057054,122.27371629419085,122.1331841279873,122.08564647089342,122.53419556171991,122.59970610062612,122.77339686083666,122.94775060244237,122.23716841679224,121.64004014576575,121.28901642207518,120.89967334995292,120.78889193717274,124.17478018860332,120.78889193717274,122.477665079415,121.40459609670341,,122.1183766143715,"rgba(38, 166, 154, 1.0)",7.832992940467013,122.10849880409671,1.418551156672025,71.85692504930674,24.627742256271745,True,False,True,False,True,15.160899820764037,121.41140000000001,120.95885,0.0,0.0,0.0,0.0,0.9355797819623386,0.8133211354222258,False,False,False,False,0.34282825194426997,0.3413521858083979,False,False,False,False,47317.0,7195.361312038399,False,False,False,False,1497.1230813703069,False,False,False,False
2025-06-11 16:00:00+00:00,133.7,133.845,132.72,133.26,1213.0,,,124.31287965604093,122.29281407803376,121.86333406169773,121.65914755717442,122.33331362320914,122.1883691092565,122.1395399117705,122.57841125364835,122.64224665319743,122.81258773387167,122.98405103774564,122.27278209131754,121.67303481615863,121.31911132500524,120.92970670441355,120.81902725492846,124.31287965604093,120.81902725492846,122.6133083046798,121.51555154849694,,122.17627230421684,"rgba(38, 166, 154, 1.0)",7.962711059332426,122.19475531790476,1.3896328272676153,72.57398263260731,24.627742256271745,True,False,True,False,True,15.204846968001902,121.7714,120.99127499999999,0.0,0.0,0.0,0.0,0.9382082152974502,0.8081242411978957,False,False,False,False,0.34282825198322037,0.34209021889580915,False,False,False,False,48530.0,7836.208423479664,False,False,False,False,1492.7180723568138,False,False,False,False
2025-06-12 16:00:00+00:00,134.6,135.075,134.44,134.73,1003.0,,,124.44220269351945,122.41482087341502,121.94467066521493,121.7301340412992,122.38867793759127,122.23959841186581,122.18955699648541,122.61969620254601,122.68200593433279,122.84930589592057,123.01814459366534,122.30597732861825,121.70362298491331,121.34693468193045,120.95738131701881,120.8467701931395,124.44220269351945,120.8467701931395,122.73806798962676,121.61704328332337,,122.22996879696726,"rgba(0, 255, 255, 0.75)",8.117423856314478,122.27436909276858,1.5344315053281683,74.87225695771669,21.463795079504365,True,False,True,False,True,16.807515830587867,122.2416,121.03269999999999,0.0,0.0,0.0,0.0,0.9464872476920667,0.7954936629635425,False,False,False,False,0.342828252095583,0.34245923549569607,False,False,False,False,49533.0,8482.670308386956,False,False,False,False,1485.12554410322,False,False,False,False
2025-06-13 16:00:00+00:00,133.745,134.155,132.71,133.23,2690.0,,,124.72922600896857,122.6951271193161,122.13479627348924,121.89693726583276,122.51840402598071,122.35998333313229,122.30719968354107,122.71657763901607,122.77528205685832,122.93535615963314,123.09794481684945,122.38433759788848,121.77633174560863,121.41334538145183,121.02366857128479,120.91328273890056,124.72922600896857,120.91328273890056,123.02322242615882,121.85382626276247,,122.3548625261095,"rgba(38, 166, 154, 1.0)",8.245441261363448,122.45890770957166,1.3063087770571595,71.25714844614795,24.861465594486845,False,False,True,False,False,14.314932196909194,122.81459999999998,121.06495000000001,0.0,0.0,0.0,0.0,0.9378010254285564,0.7956134445077426,False,False,False,False,0.3123900126427078,0.3274246240692019,False,False,False,False,46843.0,9077.404102055376,False,False,False,False,1503.8057682256506,False,False,False,False
2025-06-16 16:00:00+00:00,135.74,135.99,134.935,135.34,5940.0,,,125.43835454697701,123.37601561209935,122.60592532677494,122.31195843428576,122.84658651794446,122.66479716766791,122.60512352312774,122.96458935412042,123.01449488049909,123.15697418942312,123.30431063305561,122.58518186840115,121.96164935505382,121.58221692867203,121.19154295554902,121.08153003944258,125.43835454697701,121.08153003944258,123.71676656715852,122.4319515102388,,122.66820320831837,"rgba(38, 166, 154, 1.0)",8.412291624663192,122.91591814325928,1.4768962383942743,71.66715412625868,24.861465594486845,False,False,True,False,False,16.59115738151853,123.4586,121.11302500000002,0.0,0.0,0.0,0.0,0.9496015730104522,0.7849270412915246,False,False,False,False,0.3428282521457006,0.33512643810745124,False,False,False,False,52783.0,9755.010240008007,False,False,False,False,1572.5839733694388,False,False,False,False
2025-06-17 16:00:00+00:00,134.35,134.785,133.29,133.41,1984.0,,,125.62017759159936,123.55951779651767,122.73727990324768,122.42879642934454,122.93909226323159,122.751138854129,122.68964052101528,123.03496247405681,123.0823867817257,123.21986380140198,123.36284495535102,122.64273714946737,122.01523537699238,121.63132793434157,121.24056442272783,121.1307120927775,125.62017759159936,121.1307120927775,123.90222272039539,122.59186905300778,,122.75539239674546,"rgba(38, 166, 154, 1.0)",8.519275283224,123.0417500750792,1.2170342640926008,67.23237429296411,21.171477146632554,False,True,True,False,False,13.493085440865553,124.10430000000001,121.152675,0.0,0.0,0.0,0.0,0.9341464664582585,0.7912417362783786,False,False,False,False,0.31081575419228763,0.3229710961498694,False,False,False,False,50799.0,10391.351166519511,False,False,False,False,1578.9625164179747,False,False,False,False
2025-06-18 16:00:00+00:00,134.265,134.7,133.335,133.395,14260.0,,,126.723929328633,124.7080447451199,123.59651310097134,123.20230840843845,123.55969262724409,123.33352594901424,123.26063406188494,123.51432066084945,123.5455679308773,123.6502136094513,123.76443331590151,123.03904192952982,122.38601645874621,121.97253423172789,121.5815215735807,121.47284760895548,126.723929328633,121.47284760895548,125.05620003049283,123.61964035301878,,123.33194659630784,"rgba(38, 166, 154, 1.0)",8.612177008156515,123.85700227970804,1.1075013566556537,64.24276647805203,18.52333668730239,False,True,True,False,False,13.46935320380188,124.5336,121.19654999999999,0.0,0.0,0.0,0.0,0.9343360703962345,0.7969969048167194,False,False,False,False,0.31037095658110947,0.31667102636548944,False,False,False,False,36539.0,10796.741070914557,False,False,False,False,1775.567748721572,False,False,False,False
2025-06-19 16:00:00+00:00,133.395,133.395,133.395,133.395,0.0,,,126.723929328633,124.7080447451199,123.59651310097134,123.20230840843845,123.55969262724409,123.33352594901424,123.26063406188494,123.51432066084945,123.5455679308773,123.6502136094513,123.76443331590151,123.03904192952982,122.38601645874621,121.97253423172789,121.5815215735807,121.47284760895548,126.723929328633,121.47284760895548,125.05620003049283,123.61964035301878,,123.33194659630784,"rgba(38, 166, 154, 1.0)",8.706877522349153,123.85700227970804,1.0954555976938305,62.24969460144399,16.776888297557576,False,True,True,False,False,13.46935320380187,125.04349999999998,121.24179999999998,0.0,0.0,0.0,0.0,0.9330632963314276,0.8026764426897737,False,False,False,False,0.2965850041306652,0.3066280152480773,False,False,False,False,36539.0,11195.84586051278,False,False,False,False,1748.0395665708497,False,False,False,False
2025-06-20 16:00:00+00:00,133.265,133.275,132.56,132.69,1968.0,,,126.83563875718687,124.83190221582569,123.69447341075627,123.29188159375467,123.63225039091931,123.402131226879,123.32805015469626,123.57123828054355,123.60063271028986,123.70147389157643,123.81233428345172,123.08681780846453,122.43118175013772,122.01439831359885,121.62351785065648,121.51502793315396,126.83563875718687,121.51502793315396,125.17936462193495,123.7347869611376,,123.3983094107432,"rgba(38, 166, 154, 1.0)",8.788206791126573,123.94867457385737,0.9946654230950408,59.13663729846809,13.95188800862718,False,True,True,False,False,12.32329894041412,125.471,121.275225,0.0,0.0,0.0,0.0,0.9287820015515902,0.8072666149469873,False,False,False,False,0.28608423331272,0.29635612428039865,False,False,False,False,34571.0,11558.251351047466,False,False,False,False,1751.4498058488211,False,False,False,False
2025-06-23 16:00:00+00:00,132.95,134.08,132.05,134.08,1645.0,,133.40333333333336,126.93437445547205,124.93963287541447,123.77970793440709,123.3698150525543,123.69568095358366,123.46208872400037,123.38696198099768,123.62113430510576,123.64892910732749,123.74649050187212,123.85445386089174,123.12867542427362,122.47065665424408,122.0509472422998,121.66012739226538,121.55178243603379,126.93437445547205,121.55178243603379,125.28669391862226,123.83465295960718,,124.04145836671039,"rgba(38, 166, 154, 1.0)",8.859059239197078,124.6498896699574,1.0644595634171745,59.71851946752269,13.95188800862718,False,True,True,False,False,13.915303677455125,125.8978,121.316025,0.0,0.0,0.0,0.0,0.9268374308147765,0.8055090745269662,False,False,False,False,0.28932127626433785,0.29283870027236825,False,False,False,False,36216.0,11940.542027775411,False,False,False,False,1749.7994212620179,False,False,False,False
2025-06-24 16:00:00+00:00,135.72,136.66,135.72,136.315,895.0,,134.39993110236222,127.0098032337113,125.01632585099573,123.83890124978087,123.42352487266221,123.73980143952414,123.50360426678881,123.42769504325116,123.65585696339491,123.68256776589612,123.77792992910769,123.88395669319306,123.1575364253785,122.49754025630448,122.07566387531078,121.68472453422102,121.57643377181707,127.0098032337113,121.57643377181707,125.36386166276718,123.90393120873813,,124.1383410161,"rgba(38, 166, 154, 1.0)",8.97356176686733,124.7659990180112,1.2870030075048509,63.163323274099156,13.95188800862718,False,True,True,False,True,16.35915670837386,126.3655,121.37355000000001,0.0,0.0,0.0,0.0,0.9371390606633614,0.8026524250012776,False,False,False,False,0.34282825219519714,0.31783347623378266,False,False,False,False,37111.0,12330.781686259512,False,False,False,False,1736.5467170564052,False,False,False,False
2025-06-25 16:00:00+00:00,135.605,135.94,135.33,135.86,1026.0,,134.7768606281548,127.08997353523195,125.09894228042036,123.90324256863478,123.48206151043334,123.7879029569082,123.54892848741483,123.4721838938433,123.69378597503827,123.71931560682867,123.81227529852512,123.91618366790443,123.18915184967884,122.52706414855179,122.10285220155123,121.71181243501726,121.60358932632207,127.08997353523195,121.60358932632207,125.44681381397805,123.97908244510346,,124.20212508061525,"rgba(38, 166, 154, 1.0)",9.081164415654161,124.84788166966727,1.212632854807693,64.26997662320558,9.197803462162774,False,True,True,False,True,15.606134023893205,126.8675,121.42984999999999,0.0,0.0,0.0,0.0,0.9353119661388613,0.7999694025854815,False,False,False,False,0.3305554467833728,0.3241944615085777,False,False,False,False,36085.0,12699.064140736109,False,False,False,False,1725.530488884988,False,False,False,False
2025-06-26 16:00:00+00:00,136.55,137.0,136.39,136.635,1403.0,,135.31280136848463,127.2092486503586,125.21995929143753,123.9972047487703,123.56745644063469,123.8583305612469,123.6152399196308,123.53725712582754,123.74940151482774,123.77321934369103,123.86270537469159,123.96355170832182,123.23543953041946,122.57016325919106,122.14247997909231,121.75122665219767,121.64308336850937,127.2092486503586,121.64308336850937,125.56858196129961,124.0886397371631,,124.29463346101957,"rgba(38, 166, 154, 1.0)",9.17758120894857,124.9667836007479,1.271382528097385,66.00159564016069,10.943047270487263,False,True,True,False,True,16.44498402820622,127.35379999999999,121.49210000000001,0.0,0.0,0.0,0.0,0.9437339496661531,0.7926296866974833,False,False,False,False,0.34282825222830515,0.33351135686844147,False,False,False,False,37488.0,13083.38872770144,False,False,False,False,1720.5300161890968,False,False,False,False
2025-06-27 16:00:00+00:00,138.77,139.16,137.74,138.52,3437.0,,136.6050626536601,127.54247002573523,125.55090126874111,124.25348738103452,123.8001248915714,124.05140861049934,123.79687377662388,123.7154465151421,123.9023313166784,123.92153839567577,124.0016993830391,124.0943270214139,123.36249622148522,122.68796502677122,122.25055448478498,121.85843983974756,121.75043560012048,127.54247002573523,121.75043560012048,125.90255253864628,124.38643275188427,,124.53797425957202,"rgba(38, 166, 154, 1.0)",9.33002703567816,125.28134257153185,1.4189302322322688,69.14854655836645,13.98636489813579,False,True,True,False,True,18.428007117191616,127.87780000000001,121.564125,0.0,0.0,0.0,0.0,0.943186151147716,0.7851241770253435,False,False,False,False,0.3428282523360631,0.3381698046022523,False,False,False,False,40925.0,13515.041615644053,False,False,False,False,1747.1419539225992,False,False,False,False
2025-06-30 16:00:00+00:00,138.775,139.25,138.49,139.07,52977.0,,138.61736876116623,131.11086891109008,129.2710654355961,127.40128351327579,126.73563920371345,126.5696953705478,126.19730476777647,126.07968909210501,125.97708745345872,125.94239706097807,125.9116161553986,125.90475352218074,125.13617506062218,124.35306641907009,123.79507518350331,123.39439823806094,123.28887822960739,131.11086891109008,123.28887822960739,129.61927875920424,127.90621020339513,,126.80508013989123,"rgba(38, 166, 154, 1.0)",9.49795550878428,128.24005573875195,1.1402395232565432,71.74076547343421,16.45952388214937,False,False,True,False,True,18.992727353928977,128.451,121.63535,0.0,0.0,0.0,0.0,0.9469722017345303,0.7879651059284314,False,False,False,False,0.34282825236029496,0.34049902848127367,False,False,False,False,93902.0,14761.351047959648,False,False,False,False,2541.403318978063,False,False,False,False
2025-07-01 16:00:00+00:00,137.945,138.775,137.945,138.485,2805.0,,138.60794263206,131.22979245776756,129.40347508508896,127.52474682666387,126.85421314766297,126.67474112055369,126.29890606156845,126.18019958744823,126.06721306911003,126.03055493893814,125.99561806319828,125.9849455074533,125.21568620307231,124.42888061500969,123.86631285013335,123.46552297332838,123.36016964307235,131.22979245776756,123.36016964307235,129.7499046073737,128.03893889800602,,126.89346592836057,"rgba(38, 166, 154, 1.0)",9.637538904935367,128.34934933896488,1.0516845390730076,71.74115754052323,16.59492805030621,False,False,True,False,True,17.98530107488913,128.972,121.70497500000002,0.0,0.0,0.0,0.0,0.9417109592508226,0.7893950898506708,False,False,False,False,0.33238299460068516,0.3364410115409794,False,False,False,False,91097.0,15944.849481324614,False,False,False,False,2545.490089226465,False,False,False,False
2025-07-02 16:00:00+00:00,138.4,139.115,138.205,139.055,1355.0,,138.61174084189008,131.28891050273097,129.46878466303863,127.58550343049075,126.91253848631703,126.72648531883603,126.34894475778329,126.22969843863002,126.1116447750451,126.07402413292348,126.03705604442713,126.0245211933373,125.2548808387452,124.46622556751673,123.90139368272177,123.50053080313592,123.3952544090142,131.28891050273097,123.3952544090142,129.81440565815888,128.10422842756358,,126.93753752274021,"rgba(38, 166, 154, 1.0)",9.790541784877892,128.40373546647083,1.0879136995238323,72.38927660338082,17.47049213117012,False,False,True,False,True,18.586468206055166,129.47879999999998,121.78240000000001,0.0,0.0,0.0,0.0,0.9427779754944332,0.7905587472672734,False,False,False,False,0.3385186557974965,0.33747983366923795,False,False,False,False,92452.0,17131.00685370718,False,False,False,False,2527.0328785407837,False,False,False,False
2025-07-03 16:00:00+00:00,140.075,140.14,139.87,139.87,1412.0,139.95999999999998,138.640173997461,131.35898111584214,129.54429027007555,127.6546511112518,126.97863239338929,126.78511418354714,126.40551992322735,126.28562683125489,126.16185244098675,126.12314047437144,126.0838819404086,126.06925249285244,125.29898857421236,124.50809245955348,123.94062980651374,123.53961588353343,123.43440722221847,131.35898111584214,123.43440722221847,129.88926915452524,128.1787721106762,139.95999999999998,126.98899124239412,"rgba(38, 166, 154, 1.0)",9.947960571017603,129.3220384774634,1.0603139655847702,73.69512364281866,18.988070657076648,False,False,True,False,True,19.44117687197726,129.947,121.86370000000001,0.0,0.0,0.0,0.0,0.9467446630707286,0.7889792094000863,False,False,False,False,0.3428282524230398,0.3401540430461389,False,False,False,False,93864.0,18320.665662176834,False,False,False,False,2509.745547090539,False,False,False,False
2025-07-04 16:00:00+00:00,139.87,139.87,139.87,139.87,0.0,139.95999999999998,138.640173997461,131.35898111584214,129.54429027007555,127.6546511112518,126.97863239338929,126.78511418354714,126.40551992322735,126.28562683125489,126.16185244098675,126.12314047437144,126.0838819404086,126.06925249285244,125.29898857421236,124.50809245955348,123.94062980651374,123.53961588353343,123.43440722221847,131.35898111584214,123.43440722221847,129.88926915452524,128.1787721106762,139.95999999999998,126.98899124239412,"rgba(38, 166, 154, 1.0)",10.085386851576104,129.3220384774634,1.0458658331869757,74.56568833577722,20.095369151509004,False,False,True,False,True,19.44117687197726,130.3862,121.95235000000001,0.0,0.0,0.0,0.0,0.9465008013432039,0.7936604848762372,False,False,False,False,0.34014095323578825,0.34014749814096357,False,False,False,False,93864.0,19491.880148034557,False,False,False,False,2470.8347634147162,False,False,False,False
2025-07-07 16:00:00+00:00,138.215,138.515,137.525,138.015,2150.0,138.7880226464533,138.62082724356657,131.43992551531528,129.63614773135964,127.7420867243765,127.06313293460072,126.86038461498507,126.47855563096142,126.35794857790538,126.22694637096438,126.18686286943495,126.14468744223754,126.12737045884889,125.35681624790121,124.56345259059917,123.99280944910396,123.59177876457147,123.48670656127437,131.43992551531528,123.48670656127437,129.979589289221,128.27208087620173,138.7880226464533,127.05155527811803,"rgba(38, 166, 154, 0.5)",10.189390464401397,129.3207010012962,0.8532697838088562,69.47463653774736,24.12373850150462,False,True,True,False,False,16.16769495788729,130.78789999999998,122.044625,0.0,0.0,0.0,0.0,0.9421893908834208,0.7956081081081081,False,False,False,False,0.30376966599610505,0.32195858206853434,False,False,False,False,91714.0,20611.602936437124,False,False,False,False,2465.8605810361937,False,False,False,False
2025-07-08 16:00:00+00:00,138.22,138.885,138.125,138.265,3635.0,138.60467023296744,138.61104126569518,131.58058121949733,129.79432157291836,127.89232442718064,127.20828849837447,126.98993088790756,126.60424798377572,126.48241011875717,126.33912976339577,126.29670935190224,126.24956698565167,126.22767176154879,125.45650052567184,124.65882292910766,124.0826876595453,123.68158274553562,123.57673163973406,131.58058121949733,123.57673163973406,130.13531066597002,128.43229316073092,138.60467023296744,127.16073819624704,"rgba(38, 166, 154, 0.5)",10.289531615864341,129.43447624481155,0.8582046379617111,66.52432565900325,21.396915610957606,False,True,True,False,False,16.446800976689037,131.1865,122.13875,0.0,0.0,0.0,0.0,0.9455169455169457,0.7945340298281474,False,False,False,False,0.31322615352848676,0.3175923677985105,False,False,False,False,95349.0,21770.32227075593,False,False,False,False,2483.986773578268,False,False,False,False
2025-07-09 16:00:00+00:00,138.935,139.61,138.62,139.35,24676.0,139.06041179054375,138.75853899770058,132.49607186080095,130.81760392170705,128.8771899777149,128.16476330391342,127.85234338470235,127.44346365809848,127.31415611254901,127.09448690745806,127.03738815858897,126.95887745939542,126.907887142679,126.13280539322582,125.30737922759911,124.6955922147742,124.29393211706426,124.19050224921382,132.49607186080095,124.19050224921382,131.1429690841249,129.47349358773278,139.06041179054375,127.90252835806972,"rgba(38, 166, 154, 0.5)",10.37936080197887,130.29839461557174,0.8720773424412156,66.36455981609991,21.201255066712577,False,True,True,False,False,17.651664370226033,131.60199999999998,122.23774999999999,0.0,0.0,0.0,0.0,0.9473433225409733,0.7854328238335463,False,False,False,False,0.32519763067563645,0.3213949992370735,False,False,False,False,120025.0,23293.650607643434,False,False,False,False,2828.048994142946,False,False,False,False
2025-07-10 16:00:00+00:00,138.725,139.22,138.68,139.09,2569.0,139.05565709501965,138.76465741527898,132.57645243114717,130.90927056885175,128.96817806951842,128.25401871571992,127.93373760692025,127.52309196817755,127.39320405541967,127.16685950752294,127.10847008695326,127.02716494503905,126.97355577358591,126.19840424750582,125.37067935689102,124.75572866180525,124.35411107836104,124.25083846484921,132.57645243114717,124.25083846484921,131.23288623176134,129.5684661679626,139.05565709501965,127.97226017373805,"rgba(38, 166, 154, 0.5)",10.44380735215882,130.3746095383658,0.8345031814314975,65.47017302847985,20.179866538971325,False,True,True,False,False,17.187813653919353,131.9823,122.32725,0.0,0.0,0.0,0.0,0.9462721774699491,0.7881251725262866,False,False,False,False,0.3219506783564494,0.32167283879676145,False,False,False,False,117456.0,24753.531993571443,False,False,False,False,2824.0327306678614,False,False,False,False
2025-07-11 16:00:00+00:00,138.455,138.92,138.075,138.375,847.0,139.04128023841238,138.7620702587803,132.60032743873307,130.93705633961986,128.99622318961957,128.2816616232216,127.9590161065717,127.5478810708611,127.41783023231373,127.1894478158064,127.13066483171399,127.04850175478049,126.99408522033292,126.21897942366441,125.3905992935779,124.77469733772269,124.37311652243365,124.26989913903033,132.60032743873307,124.26989913903033,131.26005162061807,129.59759506747972,139.04128023841238,127.99365044698727,"rgba(38, 166, 154, 0.5)",10.461811470880638,130.39694333526234,0.7625884567833929,62.75793661062902,17.46918490880836,False,True,True,False,False,15.910650473617778,132.306,122.416375,0.0,0.0,0.0,0.0,0.9421109248742899,0.791108998574037,False,False,False,False,0.3130795093671259,0.3173761740819437,False,False,False,False,116609.0,26177.647776616846,False,False,False,False,2793.381060424949,False,False,False,False
2025-07-14 16:00:00+00:00,138.685,139.105,138.495,139.105,4257.0,139.02625128542292,138.76772510284934,132.72634475053164,131.08174940040797,129.1412172852581,128.4243346145997,128.08955662947045,127.67580114581742,127.54488224348135,127.30605121914722,127.2452448271211,127.15868129280678,127.10012690061544,126.32507513857172,125.49318369848775,124.87231860591075,124.47086072944616,124.36790901809847,132.72634475053164,124.36790901809847,131.40180226444144,129.74836278335016,139.02625128542292,128.1053566236836,"rgba(38, 166, 154, 0.5)",10.468914204520873,130.51757999277572,0.8202780001307007,62.41086905882423,16.96936924437712,False,True,True,False,False,16.75136656108462,132.6437,122.50915,0.0,0.0,0.0,0.0,0.9448807082478868,0.7897514129945478,False,False,False,False,0.31900458974068596,0.3181903819113148,False,False,False,False,120866.0,27645.68424519643,False,False,False,False,2816.0728269299884,False,False,False,False
2025-07-15 16:00:00+00:00,139.115,139.3,138.565,138.935,1905.0,139.02198097351896,138.7706737137908,132.78140019679876,131.14506567723967,129.20494212468728,128.48713562269367,128.14713805675805,127.73227512642329,127.60098777548482,127.35762286990199,127.29593718837805,127.20745696475504,127.14709678842058,126.37209812831308,125.53869445170264,124.91566595300974,124.51427145916149,124.41143891771132,132.78140019679876,124.41143891771132,131.46380691746435,129.81448790673068,139.02198097351896,128.1547000597194,"rgba(38, 166, 154, 0.5)",10.468799383048642,130.57077375797013,0.7989670960333283,61.6403069967153,15.99576458897603,False,True,True,False,False,16.44220405450991,132.9898,122.601075,0.0,0.0,0.0,0.0,0.9445719990017468,0.7882455702520587,False,False,False,False,0.3216066903550635,0.3198985361331892,False,False,False,False,118961.0,29061.425574728266,False,False,False,False,2801.9476668225466,False,False,False,False
2025-07-16 16:00:00+00:00,138.465,139.78,138.405,139.36,4983.0,139.03911742114258,138.78896298644662,132.92652851218483,131.3110858200602,129.37193019493242,128.65173445823373,128.29830637223907,127.88056850416494,127.74832420563497,127.49323081278403,127.42926524648998,127.33581333798003,127.27076487259919,126.49585499673624,125.65847465366606,125.02978443166961,124.62853479758986,124.52600756526203,132.92652851218483,124.52600756526203,131.62650435601734,129.98762538344837,139.03911742114258,128.28501010403966,"rgba(38, 166, 154, 0.5)",10.488394340309426,130.7127475971381,0.8244591233215207,62.03970177309934,15.99576458897603,False,True,True,False,False,16.94126750119881,133.3368,122.688475,0.0,0.0,0.0,0.0,0.9500674426737273,0.7851576160263775,False,False,False,False,0.32475447552678705,0.3223265058299881,False,False,False,False,123944.0,30532.473240236355,False,False,False,False,2835.762431678011,False,False,False,False
2025-07-17 16:00:00+00:00,142.545,143.255,141.99,142.98,4553.0,139.36974496767152,138.94340098400986,133.12575690905769,131.5228450659907,129.57331908525575,128.84713053013112,128.47686445172744,128.05438363401748,127.92061493504421,127.65136428378914,127.58461735038743,127.48524070590601,127.41467479865817,126.63801127376645,125.79442547008158,125.15830199368904,124.75655362636053,124.65420020670938,133.12575690905769,124.65420020670938,131.8365534323105,130.19944372098564,139.36974496767152,128.44715913556365,"rgba(38, 166, 154, 1.0)",10.490361062671866,130.9137592679765,1.1502216806396794,67.22133706849309,12.944695987597825,False,True,True,False,True,20.0,133.7318,122.793975,0.0,0.0,0.0,0.0,0.9519978414972159,0.7803232848487819,False,False,False,False,0.34282825255409427,0.3325773791920412,False,False,False,False,128497.0,32051.30311248075,False,False,False,False,2862.386269946569,False,False,False,False
2025-07-18 16:00:00+00:00,143.35,143.35,142.28,142.665,950.0,139.43184890668826,138.9743042787425,133.16640950114757,131.56613372136226,129.61465008646286,128.88728656249523,128.5136260134638,128.09019615832418,127.95612173773655,127.68399710975002,127.61668477793599,127.5161016219458,127.44441038832342,126.66740209065112,125.82255838613402,125.18491810543735,124.7830717332279,124.68075509880697,133.16640950114757,124.68075509880697,131.87947546520812,130.24283685816343,139.43184890668826,128.4805074924675,"rgba(38, 166, 154, 1.0)",10.297494275810834,130.95459696782336,1.1372089868197126,69.70872548078616,15.235749074285536,False,False,True,False,True,20.0,134.1122,122.89789999999999,0.0,0.0,0.0,0.0,0.9529223968565813,0.7823919449901766,False,False,False,False,0.34282825256305516,0.3377028158775482,False,False,False,False,127547.0,33531.856552597324,False,False,False,False,2832.7368704125133,False,False,False,False
