date,Open,High,Low,Close,Volume,aVWAP_peak_876,aVWAP_valley_854,aVWAP_valley_829,aVWAP_valley_810,aVWAP_valley_792,aVWAP_valley_762,aVWAP_valley_734,aVWAP_valley_679,aVWAP_valley_609,aVWAP_valley_573,aVWAP_valley_528,aVWAP_valley_504,aVWAP_valley_467,aVWAP_valley_434,aVWAP_valley_413,aVWAP_valley_390,aVWAP_valley_340,aVWAP_valley_313,aVWAP_valley_300,aVWAP_OB_bull_854,aVWAP_OB_bull_829,aVWAP_OB_bull_679,aVWAP_OB_bull_609,aVWAP_OB_bull_467,aVWAP_OB_bull_340,aVWAP_OB_bear_595,aVWAP_OB_bear_444,Peaks_avg,Valleys_avg,color,StDev,StDev_Mean,StdDev_ZScore,QQEMOD,QQE1_Value,QQE1_Above_Upper,QQE1_Below_Lower,QQE2_Above_Threshold,QQE2_Below_Threshold,QQE2_Above_TL,banker_RSI,SMA_50,SMA_200,OB,OB_High,OB_Low,OB_Mitigated_Index,VI_plus,VI_minus,VI_Regular_Bullish,VI_Regular_Bearish,VI_Hidden_Bullish,VI_Hidden_Bearish,Fisher,Fisher_Signal,Fisher_Regular_Bullish,Fisher_Regular_Bearish,Fisher_Hidden_Bullish,Fisher_Hidden_Bearish,OBV,OBV_Smoothed,OBV_Regular_Bullish,OBV_Regular_Bearish,OBV_Hidden_Bullish,OBV_Hidden_Bearish,Volume_MA,Vol_Regular_Bullish,Vol_Regular_Bearish,Vol_Hidden_Bullish,Vol_Hidden_Bearish
2024-12-20 15:00:00+00:00,18.59,18.645,18.535,18.61,6163.0,,,,,,,,,,,,,,,,,,,,,,,,,,,,,,#000000,,,,,,False,False,False,False,False,,,,0.0,0.0,0.0,0.0,,,False,False,False,False,,,False,False,False,False,0.0,0.0,False,False,False,False,6163.0,False,False,False,False
2024-12-20 16:00:00+00:00,18.62,18.64,18.47,18.48,6966.0,,,,,,,,,,,,,,,,,,,,,,,,,,,,,,#000000,,,,0.0,,False,False,False,True,False,,,,0.0,0.0,0.0,0.0,,,False,False,False,False,,,False,False,False,False,-6966.0,-108.0,False,False,False,False,6175.4496124031,False,False,False,False
2024-12-20 17:00:00+00:00,18.49,18.605,18.48,18.49,6852.0,,,,,,,,,,,,,,,,,,,,,,,,,,,,,,#000000,,,,2.654867256636701,-53.98230088495505,False,False,False,True,True,,,,0.0,0.0,0.0,0.0,,,False,False,False,False,,,False,False,False,False,-114.0,-108.09302325581395,False,False,False,False,6185.938765699177,False,False,False,False
2024-12-20 18:00:00+00:00,18.49,18.49,18.37,18.4,10440.0,,,,,,,,,,,,,,,,,,,,,,,,,,,,,,#000000,,,,3.239599195789781,-53.190555414053605,False,False,False,True,True,,,,0.0,0.0,0.0,0.0,,,False,False,False,False,,,False,False,False,False,-10554.0,-270.04506940688657,False,False,False,False,6251.893203440274,False,False,False,False
2024-12-20 19:00:00+00:00,18.395,18.41,18.33,18.34,5220.0,,,,,,,,,,,,,,,,,,,,,,,,,,,,,,#000000,,,,3.260776494864735,-52.781801000173466,False,False,False,True,True,,,,0.0,0.0,0.0,0.0,,,False,False,False,False,,,False,False,False,False,-15774.0,-510.416463679648,False,False,False,False,6235.89485920089,False,False,False,False
2024-12-20 20:00:00+00:00,18.33,18.4,18.16,18.26,20016.0,,,,,,,,,,,,,,,,,,,,,,,,,,,,,,#000000,,,,2.9738843312986294,-52.60762992681933,False,False,False,True,True,,,,0.0,0.0,0.0,0.0,,,False,False,False,False,,,False,False,False,False,-35790.0,-1057.3867510644598,False,False,False,False,6449.539900143513,False,False,False,False
2024-12-23 15:00:00+00:00,18.2,18.21,18.06,18.13,399.0,,,,,,,,,,,,,,,,,,,,,,,,,,,,,,#000000,,,,2.5160217484467906,-52.59293772600268,False,False,False,True,True,,,,0.0,0.0,0.0,0.0,,,False,False,False,False,,,False,False,False,False,-36189.0,-1602.0629254665612,False,False,False,False,6355.733079986248,False,False,False,False
2024-12-23 16:00:00+00:00,18.13,18.13,18.13,18.13,0.0,,,,,,,,,,,,,,,,,,,,,,,,,,,,,,#000000,,,,2.2107800265455646,-52.421910179568215,False,False,False,True,True,,,,0.0,0.0,0.0,0.0,,,False,False,False,False,,,False,False,False,False,-36189.0,-2138.2945080174673,False,False,False,False,6257.19458262212,False,False,False,False
2024-12-23 17:00:00+00:00,18.13,18.13,18.13,18.13,0.0,,,,,,,,,,,,,,,,,,,,,,,,,,,,,,#000000,,,,2.007285545278081,-52.155634168983056,False,False,False,True,True,,,,0.0,0.0,0.0,0.0,,,False,False,False,False,,,False,False,False,False,-36189.0,-2666.2124226218475,False,False,False,False,6160.183813899296,False,False,False,False
2024-12-23 18:00:00+00:00,18.13,18.13,18.13,18.13,0.0,,,,,,,,,,,,,,,,,,,,,,,,,,,,,,#000000,,,,1.871622557766425,-51.83769355188974,False,False,False,True,True,,,,0.0,0.0,0.0,0.0,,,False,False,False,False,,,False,False,False,False,-36189.0,-3185.945563356392,False,False,False,False,6064.677088102408,False,False,False,False
2024-12-23 19:00:00+00:00,18.13,18.13,18.13,18.13,0.0,,,,,,,,,,,,,,,,,,,,,,,,,,,,,,#000000,,,,1.7811805660919875,-51.49850079139819,False,False,False,True,True,,,,0.0,0.0,0.0,0.0,,,False,False,False,False,,,False,False,False,False,-36189.0,-3697.6208259400137,False,False,False,False,5970.651086736479,False,False,False,False
2024-12-23 20:00:00+00:00,18.13,18.13,18.13,18.13,0.0,,,,,,,,,,,,,,,,,,,,,,,,,,,,,,#000000,,,,1.7208859049756962,-51.15867142294028,False,False,False,True,True,,,,0.0,0.0,0.0,0.0,,,False,False,False,False,,,False,False,False,False,-36189.0,-4201.363138716138,False,False,False,False,5878.082852833587,False,False,False,False
2024-12-24 15:00:00+00:00,18.22,18.28,18.195,18.27,1629.0,,,,,,,,,,,,,,,,,,,,,,,,,,,,,,#000000,,,,15.494054291813551,-38.391558202742075,False,False,False,True,True,,,,0.0,0.0,0.0,0.0,,,False,False,False,False,,,False,False,False,False,-34560.0,-4672.039679201159,False,False,False,False,5812.205599301284,False,False,False,False
2024-12-24 16:00:00+00:00,18.26,18.32,18.21,18.295,1395.0,,,,,,,,,,,,,,,,,,,,,,,,,,,,,,#000000,,,,26.157203666722225,-29.283174572191424,False,False,False,True,True,,,,0.0,0.0,0.0,0.0,,,False,False,False,False,,,False,False,False,False,-33165.0,-5113.791002004242,False,False,False,False,5743.721791560179,False,False,False,False
2024-12-24 17:00:00+00:00,18.295,18.345,18.285,18.33,915.0,,,,,,,,,,,,,,,,,,,,,,,,,,,,,,#000000,,18.32,,35.18133123616009,-21.93889470652993,False,False,False,True,True,,,,0.0,0.0,0.0,0.0,,,False,False,False,False,,,False,False,False,False,-32250.0,-5534.507420577819,False,False,False,False,5668.857887815059,False,False,False,False
2024-12-24 18:00:00+00:00,18.33,18.33,18.33,18.33,0.0,,,,,,,,,,,,,,,,,,,,,,,,,,,,,,#000000,,18.32,,41.19741628245201,-17.31471165757648,False,False,False,True,True,,,,0.0,0.0,0.0,0.0,,,False,False,False,False,,,False,False,False,False,-32250.0,-5948.7011039797135,False,False,False,False,5580.968618236531,False,False,False,False
2024-12-24 19:00:00+00:00,18.33,18.33,18.33,18.33,0.0,,,,,,,,,,,,,,,,,,,,,,,,,,,,,,#000000,,18.32,,45.20813964664662,-14.255392790496813,False,False,False,False,True,,,,0.0,0.0,0.0,0.0,,,False,False,False,False,,,False,False,False,False,-32250.0,-6356.473179887004,False,False,False,False,5494.441972992554,False,False,False,False
2024-12-24 20:00:00+00:00,18.33,18.33,18.33,18.33,0.0,,,,,,,,,,,,,,,,,,,,,,,,,,,,,,#000000,,18.32,,47.88195522277636,-12.079316352647872,False,False,False,False,True,,,,0.0,0.0,0.0,0.0,,,False,False,False,False,,,False,False,False,False,-32250.0,-6757.92320810581,False,False,False,False,5409.256826124452,False,False,False,False
2024-12-25 15:00:00+00:00,18.33,18.33,18.33,18.33,0.0,,,,,,,,,,,,,,,,,,,,,,,,,,,,,,#000000,,18.32,,49.66449894019619,-10.395129192452771,False,False,False,False,True,,,,0.0,0.0,0.0,0.0,,,False,False,False,False,,,False,False,False,False,-32250.0,-7153.149204879363,False,False,False,False,5325.392379207794,False,False,False,False
2024-12-25 16:00:00+00:00,18.33,18.33,18.33,18.33,0.0,,,,,,,,,,,,,,,,,,,,,,,,,,,,,,#000000,,18.32,,50.852861418476074,-8.986166033318739,False,False,True,False,True,,,,0.0,0.0,0.0,0.0,,,False,False,False,False,,,False,False,False,False,-32250.0,-7542.2476668192185,False,False,False,False,5242.82815627434,False,False,False,False
2024-12-25 17:00:00+00:00,18.33,18.33,18.33,18.33,0.0,,,,,,,,,,,,,,,,,,,,,,,,,,,,,,#000000,,18.32,,51.645103070662664,-7.738403012532366,False,False,True,False,True,,,,0.0,0.0,0.0,0.0,,,False,False,False,False,,,False,False,False,False,-32250.0,-7925.313594465432,False,False,False,False,5161.543998812722,False,False,False,False
2024-12-25 18:00:00+00:00,18.33,18.33,18.33,18.33,0.0,,,,,,,,,,,,,,,,,,,,,,,,,,,,,,#000000,,18.32,,52.17326417212039,-6.596184101988747,False,False,True,False,True,,,,0.0,0.0,0.0,0.0,,,False,False,False,False,,,False,False,False,False,-32250.0,-8302.440515481472,False,False,False,False,5081.520060846633,False,False,False,False
2024-12-25 19:00:00+00:00,18.33,18.33,18.33,18.33,0.0,,,,,,,,,,,,,,,,,,,,,,,,,,,,,,#000000,,18.32,,52.5253715730922,-5.535512512334783,False,False,True,False,True,,,,0.0,0.0,0.0,0.0,,,False,False,False,False,,,False,False,False,False,-32250.0,-8673.72050748951,False,False,False,False,5002.736804089321,False,False,False,False
2024-12-25 20:00:00+00:00,18.33,18.33,18.33,18.33,0.0,,,,,,,,,,,,,,,,,,,,,,,,,,,,,,#000000,,18.32,,52.76010984040674,-4.548331627578037,False,False,True,False,True,,,,0.0,0.0,0.0,0.0,,,False,False,False,False,,,False,False,False,False,-32250.0,-9039.244220551687,False,False,False,False,4925.174993173207,False,False,False,False
2024-12-26 15:00:00+00:00,18.43,18.515,18.41,18.485,1296.0,,,,,,,,,,,,,,,,,,,,,,,,,,,,,,#000000,,18.407924016282223,,62.44877438957502,4.945367400555817,False,False,True,False,True,,,,0.0,0.0,0.0,0.0,,,False,False,False,False,,,False,False,False,False,-30954.0,-9379.00787604701,False,False,False,False,4868.908714209281,False,False,False,False
2024-12-26 16:00:00+00:00,18.49,18.51,18.46,18.495,336.0,,,,,,,,,,,,,,,,,,,,,,,,,,,,,,#000000,,18.418531605810756,,69.16529802063371,11.165597014607371,False,False,True,False,True,,,,0.0,0.0,0.0,0.0,,,False,False,False,False,,,False,False,False,False,-30618.0,-9708.29457564318,False,False,False,False,4798.631059725416,False,False,False,False
2024-12-26 17:00:00+00:00,18.495,18.5,18.46,18.46,1090.0,,,,,,,,,,,,,,,,,,,,,,,,,,,,,,#000000,,18.434955549445515,,69.69668911261955,11.646208866751117,False,False,True,False,True,,,,0.0,0.0,0.0,0.0,,,False,False,False,False,,,False,False,False,False,-31708.0,-10049.375279896773,False,False,False,False,4741.13290376068,False,False,False,False
2024-12-26 18:00:00+00:00,18.46,18.54,18.46,18.52,1246.0,,,,,,,,,,,,,,,,,,,,,,,,,,,,,,#000000,,18.479960406853714,,72.16173481356607,14.154270493938782,False,False,True,False,True,,,,0.0,0.0,0.0,0.0,,,False,False,False,False,,,False,False,False,False,-30462.0,-10365.85008175884,False,False,False,False,4686.944796725631,False,False,False,False
2024-12-26 19:00:00+00:00,18.52,18.525,18.45,18.46,1876.0,,,,,,,,,,,,,,,,,,,,,,,,,,,,,,#000000,,18.474928138775716,,68.77092615540707,14.154270493938782,False,False,True,False,False,,,,0.0,0.0,0.0,0.0,,,False,False,False,False,,,False,False,False,False,-32338.0,-10706.503568863352,False,False,False,False,4643.364257241512,False,False,False,False
2024-12-26 20:00:00+00:00,18.46,18.49,18.405,18.46,9036.0,,,,,,,,,,,,,,,,,,,,,,,,,,,,,,#000000,,18.458371338593572,,66.51038704996773,14.154270493938782,False,False,True,False,False,,,,0.0,0.0,0.0,0.0,,,False,False,False,False,,,False,False,False,False,-32338.0,-11041.875606555393,False,False,False,False,4711.467136974202,False,False,False,False
2024-12-27 15:00:00+00:00,18.29,18.315,18.165,18.31,586.0,,,,,,,,,,,,,,,,,,,,,,,,,,,,,,#000000,,18.450383064389676,,57.09644706757119,15.557419385521229,False,False,True,False,False,,,,0.0,0.0,0.0,0.0,,,False,False,False,False,,,False,False,False,False,-32924.0,-11381.133349089418,False,False,False,False,4647.5064061684,False,False,False,False
2024-12-27 16:00:00+00:00,18.31,18.32,18.235,18.24,1122.0,,,,,,,,,,,,,,,,,,,,,,,,,,,,,,#000000,,18.436924681991904,,48.68652641984414,8.009571461967624,False,False,False,True,False,,,,0.0,0.0,0.0,0.0,,,False,False,False,False,,,False,False,False,False,-34046.0,-11732.526630498884,False,False,False,False,4592.847392119277,False,False,False,False
2024-12-27 17:00:00+00:00,18.24,18.28,18.215,18.255,547.0,,,,,,,,,,,,,,,,,,,,,,,,,,,,,,#000000,,18.430544391332873,,43.9603105699063,3.9347819388096354,False,False,False,True,False,,,,0.0,0.0,0.0,0.0,,,False,False,False,False,,,False,False,False,False,-33499.0,-12069.991333902,False,False,False,False,4530.121075962389,False,False,False,False
2024-12-27 18:00:00+00:00,18.255,18.34,18.25,18.335,897.0,,,,,,,,,,,,,,,,,,,,,,,,,,,,,,#000000,,18.424074155095866,,44.928966483506585,3.9347819388096354,False,False,False,True,False,,,,0.0,0.0,0.0,0.0,,,False,False,False,False,,,False,False,False,False,-32602.0,-12388.317049655458,False,False,False,False,4473.793617420337,False,False,False,False
2024-12-27 19:00:00+00:00,18.335,18.38,18.31,18.365,875.0,,,,,,,,,,,,,,,,,,,,,,,,,,,,,,#000000,,18.420524486241835,,46.880727031973436,3.9347819388096354,False,False,False,True,False,,,,0.0,0.0,0.0,0.0,,,False,False,False,False,,,False,False,False,False,-31727.0,-12688.141591521264,False,False,False,False,4417.998367537851,False,False,False,False
2024-12-27 20:00:00+00:00,18.37,18.375,18.27,18.36,2689.0,,,,,,,,,,,,,,,,,,,,,,,,,,,,,,#000000,,18.409340811924316,,47.95104719573497,3.9347819388096354,False,False,False,True,True,,,,0.0,0.0,0.0,0.0,,,False,False,False,False,,,False,False,False,False,-34416.0,-13025.007613358144,False,False,False,False,4391.192191296954,False,False,False,False
2024-12-30 15:00:00+00:00,18.025,18.06,17.935,17.965,5551.0,,,,,,,,,,,,,,,,,,,,,,,,,,,,,,#000000,,18.319538985424167,,39.51578614485953,-0.6885020015381613,False,False,False,True,False,,,,0.0,0.0,0.0,0.0,,,False,False,False,False,,,False,False,False,False,-39967.0,-13442.712921678172,False,False,False,False,4409.173707710955,False,False,False,False
2024-12-30 16:00:00+00:00,17.96,17.975,17.88,17.93,6169.0,,,,,,,,,,,,,,,,,,,,,,,,,,,,,,#000000,,18.139399263732333,,33.50134416804541,-6.353260031898159,False,False,False,True,False,,,,0.0,0.0,0.0,0.0,,,False,False,False,False,,,False,False,False,False,-46136.0,-13949.58558955913,False,False,False,False,4436.457836273575,False,False,False,False
2024-12-30 17:00:00+00:00,17.93,18.125,17.925,18.125,856.0,,,,,,,,,,,,,,,,,,,,,,,,,,,,,,#000000,,18.14147908889342,,35.90644813343223,-6.353260031898159,False,False,False,True,False,,,,0.0,0.0,0.0,0.0,,,False,False,False,False,,,False,False,False,False,-45280.0,-14435.328448635733,False,False,False,False,4380.946862067783,False,False,False,False
2024-12-30 18:00:00+00:00,18.125,18.23,18.1,18.215,576.0,,,,,,,,,,,,,,,,,,,,,,,,,,,,,,#000000,,18.146819362495663,,39.74050165032807,-6.353260031898159,False,False,False,True,True,,,,0.0,0.0,0.0,0.0,,,False,False,False,False,,,False,False,False,False,-44704.0,-14904.61017811425,False,False,False,False,4321.955437849677,False,False,False,False
2024-12-30 19:00:00+00:00,18.215,18.225,18.12,18.155,1996.0,,,,,,,,,,,,,,,,,,,,,,,,,,,,,,#000000,,18.15831852271704,,41.06308175340962,-6.353260031898159,False,False,False,True,True,,,,0.0,0.0,0.0,0.0,,,False,False,False,False,,,False,False,False,False,-46700.0,-15397.561958298524,False,False,False,False,4285.894113231852,False,False,False,False
2024-12-30 20:00:00+00:00,18.155,18.155,18.015,18.04,6586.0,,,,,,,,,,,,,,,,,,,,,,,,,,,,,,#000000,,18.15010144466022,,39.845987551036345,-6.353260031898159,False,False,False,True,True,,,,0.0,0.0,0.0,0.0,,,False,False,False,False,,,False,False,False,False,-53286.0,-15984.97960235591,False,False,False,False,4321.554669615855,False,False,False,False
2024-12-31 15:00:00+00:00,17.97,18.05,17.925,18.015,3473.0,,,,,,,,,,,,,,,,,,,,,,,,,,,,,,#000000,,18.137328743471937,,38.610190189571895,-6.353260031898159,False,False,False,True,True,,,,0.0,0.0,0.0,0.0,,,False,False,False,False,,,False,False,False,False,-56759.0,-16617.134957358143,False,False,False,False,4308.398783265222,False,False,False,False
2024-12-31 16:00:00+00:00,18.03,18.03,17.895,17.945,2022.0,,,,,,,,,,,,,,,,,,,,,,,,,,,,,,#000000,,18.12854027044128,,36.619990323905654,-6.353260031898159,False,False,False,True,True,,,,0.0,0.0,0.0,0.0,,,False,False,False,False,,,False,False,False,False,-58781.0,-17270.83829135259,False,False,False,False,4272.9507401138235,False,False,False,False
2024-12-31 17:00:00+00:00,17.94,18.005,17.89,17.99,1414.0,,,,,,,,,,,,,,,,,,,,,,,,,,,,,,#000000,,18.123138463273815,,36.76255866975334,-6.353260031898159,False,False,False,True,True,,,,0.0,0.0,0.0,0.0,,,False,False,False,False,,,False,False,False,False,-57367.0,-17892.484209316117,False,False,False,False,4228.62592243764,False,False,False,False
2024-12-31 18:00:00+00:00,17.985,18.075,17.95,18.055,2701.0,,,,,,,,,,,,,,,,,,,,,,,,,,,,,,#000000,,18.118336682504353,,38.87458587353848,-6.353260031898159,False,False,False,True,True,,,,0.0,0.0,0.0,0.0,,,False,False,False,False,,,False,False,False,False,-54666.0,-18462.61623707866,False,False,False,False,4204.94179960915,False,False,False,False
2024-12-31 19:00:00+00:00,18.05,18.15,18.045,18.145,2590.0,,,,,,,,,,,,,,,,,,,,,,,,,,,,,,#000000,,18.119522759897468,,42.7526258677168,-6.353260031898159,False,False,False,True,True,,,,0.0,0.0,0.0,0.0,,,False,False,False,False,,,False,False,False,False,-52076.0,-18983.75396983713,False,False,False,False,4179.903942250869,False,False,False,False
2024-12-31 20:00:00+00:00,18.145,18.16,18.09,18.105,4640.0,,,,,,,,,,,,,,,,,,,,,,,,,,,,,,#000000,,18.12137086262903,,44.30874123846952,-12.468021624812152,False,False,False,True,True,,,,0.0,0.0,0.0,0.0,,,False,False,False,False,,,False,False,False,False,-56716.0,-19568.750032320273,False,False,False,False,4187.037214464033,False,False,False,False
2025-01-01 15:00:00+00:00,18.105,18.105,18.105,18.105,0.0,,,,,,,,,,,,,,,,,,,,,,,,,,,,,,#000000,,18.12137086262903,,45.346151485638,-11.08659416717775,False,False,False,True,True,,,,0.0,0.0,0.0,0.0,,,False,False,False,False,,,False,False,False,False,-56716.0,-20144.67638840833,False,False,False,False,4122.121908813428,False,False,False,False
2025-01-01 16:00:00+00:00,18.105,18.105,18.105,18.105,0.0,,,,,,,,,,,,,,,,,,,,,,,,,,,,,,#000000,,18.12137086262903,,46.03775831708366,-9.98666717806585,False,False,False,True,True,0.0,18.2573,,0.0,0.0,0.0,0.0,,,False,False,False,False,,,False,False,False,False,-56716.0,-20711.67365370432,False,False,False,False,4058.2130420101184,False,False,False,False
2025-01-01 17:00:00+00:00,18.105,18.105,18.105,18.105,0.0,,,,,,,,,,,,,,,,,,,,,,,,,,,,,,#000000,,18.12137086262903,,46.49882953804743,-9.069401158486073,False,False,False,True,True,0.0,18.2472,,0.0,0.0,0.0,0.0,,,False,False,False,False,,,False,False,False,False,-56716.0,-21269.880263724408,False,False,False,False,3995.2950103510466,False,False,False,False
2025-01-01 18:00:00+00:00,18.105,18.105,18.105,18.105,0.0,,,,,,,,,,,,,,,,,,,,,,,,,,,,,,#000000,,18.12137086262903,,46.80621035202328,-8.278064526932226,False,False,False,True,True,0.0,18.2397,,0.0,0.0,0.0,0.0,,,False,False,False,False,,,False,False,False,False,-56716.0,-21819.43250769767,False,False,False,False,3933.3524520510305,False,False,False,False
2025-01-01 19:00:00+00:00,18.105,18.105,18.105,18.105,0.0,,,,,,,,,,,,,,,,,,,,,,,,,,,,,,#000000,,18.12137086262903,,47.01113089467384,-7.580533320138585,False,False,False,True,True,0.0,18.232,,0.0,0.0,0.0,0.0,,,False,False,False,False,,,False,False,False,False,-56716.0,-22360.46456184189,False,False,False,False,3872.3702434920997,False,False,False,False
2025-01-01 20:00:00+00:00,18.105,18.105,18.105,18.105,0.0,,,,,,,,,,,,,,,,,,,,,,,,,,,,,,#000000,,18.12137086262903,,47.14774458977422,-6.958643600904168,False,False,False,True,True,0.0,18.2261,,0.0,0.0,0.0,0.0,,,False,False,False,False,,,False,False,False,False,-56716.0,-22893.10852212341,False,False,False,False,3812.333495530982,False,False,False,False
2025-01-02 15:00:00+00:00,18.545,18.57,18.42,18.535,3355.0,,,,,,,,,,,,,,,,,,,,,,,,,,,,,,#000000,,18.148176405102717,,57.751318004411324,3.059404655342142,True,False,True,False,True,6.9064297164332515,18.229999999999997,,0.0,0.0,0.0,0.0,,,False,False,False,False,,,False,False,False,False,-53361.0,-23365.478932633127,False,False,False,False,3805.243053739804,False,False,False,False
2025-01-02 16:00:00+00:00,18.54,18.685,18.5,18.68,836.0,,,,,,,,,,,,,,,,,,,,,,,,,,,,,,#000000,,18.156091401309137,,66.12049323914405,10.404602799194251,True,False,True,False,True,11.557791176247868,18.2384,,0.0,0.0,0.0,0.0,,,False,False,False,False,,,False,False,False,False,-52525.0,-23817.564530576798,False,False,False,False,3759.20827771283,False,False,False,False
2025-01-02 17:00:00+00:00,18.68,18.69,18.5,18.555,1373.0,,,,,,,,,,,,,,,,,,,,,,,,,,,,,,#000000,,18.271006919931423,,67.49129007884571,11.211610234360144,True,False,True,False,True,6.651491815824755,18.246899999999997,,0.0,0.0,0.0,0.0,,,False,False,False,False,,,False,False,False,False,-53898.0,-24283.92787118801,False,False,False,False,3722.2128005389877,False,False,False,False
2025-01-02 18:00:00+00:00,18.55,18.575,18.49,18.525,695.0,,,,,,,,,,,,,,,,,,,,,,,,,,,,,,#000000,,18.27029424595233,,67.4800338746625,11.211610234360144,True,False,True,False,True,5.5335736452632105,18.2548,,0.0,0.0,0.0,0.0,,,False,False,False,False,,,False,False,False,False,-54593.0,-24753.835966208353,False,False,False,False,3675.2792687476854,False,False,False,False
2025-01-02 19:00:00+00:00,18.525,18.55,18.43,18.5,1155.0,,,,,,,,,,,,,,,,,,,,,,,,,,,,,,#000000,,18.26916326750413,,66.66926031233635,11.211610234360144,True,False,True,False,True,4.606768229550973,18.262199999999996,,0.0,0.0,0.0,0.0,,,False,False,False,False,,,False,False,False,False,-55748.0,-25234.36564115086,False,False,False,False,3636.2051715577986,False,False,False,False
2025-01-02 20:00:00+00:00,18.5,18.645,18.5,18.64,3920.0,,,,,,,,,,,,,,,,,,,,,,,,,,,,,,#000000,,18.29801277872928,,68.26912360164044,12.140154162638552,True,False,True,False,True,8.950313043509656,18.2724,,0.0,0.0,0.0,0.0,,,False,False,False,False,,,False,False,False,False,-51828.0,-25646.670049815188,False,False,False,False,3640.6050913786075,False,False,False,False
2025-01-03 15:00:00+00:00,18.53,18.58,18.495,18.535,1566.0,,,,,,,,,,,,,,,,,,,,,,,,,,,,,,#000000,,18.30302568922082,,66.13856240445818,12.140154162638552,True,False,True,False,True,5.164737102917787,18.2805,,0.0,0.0,0.0,0.0,,,False,False,False,False,,,False,False,False,False,-53394.0,-26076.86121183356,False,False,False,False,3608.4406713572334,False,False,False,False
2025-01-03 16:00:00+00:00,18.535,18.595,18.47,18.52,1146.0,,,,,,,,,,,,,,,,,,,,,,,,,,,,,,#000000,,18.306411647695743,,64.28271276271651,12.140154162638552,True,False,True,False,False,4.6412289133785265,18.2883,,0.0,0.0,0.0,0.0,,,False,False,False,False,,,False,False,False,False,-54540.0,-26518.1501852935,False,False,False,False,3570.263296607509,False,False,False,False
2025-01-03 17:00:00+00:00,18.525,18.575,18.51,18.55,362.0,,,,,,,,,,,,,,,,,,,,,,,,,,,,,,#000000,,18.307713506098267,,63.641517209864205,12.140154162638552,True,False,True,False,False,5.56659271146664,18.293899999999997,,0.0,0.0,0.0,0.0,,,False,False,False,False,,,False,False,False,False,-54178.0,-26946.98506614166,False,False,False,False,3520.522780381036,False,False,False,False
2025-01-03 18:00:00+00:00,18.55,18.615,18.535,18.555,2574.0,,,,,,,,,,,,,,,,,,,,,,,,,,,,,,#000000,,18.318560782261425,,63.31984279874868,12.140154162638552,True,False,True,False,False,5.721551099260871,18.2991,,0.0,0.0,0.0,0.0,,,False,False,False,False,,,False,False,False,False,-51604.0,-27329.264367441792,False,False,False,False,3505.8480085921824,False,False,False,False
2025-01-03 19:00:00+00:00,18.555,18.58,18.525,18.545,1631.0,,,,,,,,,,,,,,,,,,,,,,,,,,,,,,#000000,,18.32405387027165,,62.716430918426,12.140154162638552,True,False,True,False,False,5.355563406087992,18.3034,,0.0,0.0,0.0,0.0,,,False,False,False,False,,,False,False,False,False,-53235.0,-27730.903679574476,False,False,False,False,3476.7805976062573,False,False,False,False
2025-01-03 20:00:00+00:00,18.545,18.595,18.51,18.54,3525.0,,,,,,,,,,,,,,,,,,,,,,,,,,,,,,#000000,,18.335005567891933,,62.10166373400638,16.58782117600738,True,False,True,False,False,5.170110606052528,18.307599999999997,,0.0,0.0,0.0,0.0,,,False,False,False,False,,,False,False,False,False,-56760.0,-28180.967188418283,False,False,False,False,3477.5281852402686,False,False,False,False
2025-01-06 15:00:00+00:00,18.36,18.36,18.145,18.315,1223.0,,,,,,,,,,,,,,,,,,,,,,,,,,,,,,#000000,,18.319196340105883,,54.7093628428091,9.515304990085404,False,False,True,False,False,0.0,18.3073,,0.0,0.0,0.0,0.0,,,False,False,False,False,,,False,False,False,False,-57983.0,-28643.01420875288,False,False,False,False,3442.574259887706,False,False,False,False
2025-01-06 16:00:00+00:00,18.315,18.34,18.21,18.315,2193.0,,,,,,,,,,,,,,,,,,,,,,,,,,,,,,#000000,,18.31649162816592,,49.781162248677575,5.092348980852179,False,False,False,True,False,0.0,18.307000000000002,,0.0,0.0,0.0,0.0,,,False,False,False,False,,,False,False,False,False,-57983.0,-29097.897709392368,False,False,False,False,3423.2010155483617,False,False,False,False
2025-01-06 17:00:00+00:00,18.305,18.405,18.28,18.37,956.0,,,,,,,,,,,,,,,,,,,,,,,,,,,,,,#000000,,18.31881234445739,,48.422482546258045,3.980446313722531,False,True,False,True,False,0.0,18.3078,,0.0,0.0,0.0,0.0,,,False,False,False,False,,,False,False,False,False,-57027.0,-29530.907047231245,False,False,False,False,3384.949837012728,False,False,False,False
2025-01-06 18:00:00+00:00,18.37,18.37,18.295,18.325,917.0,,,,,,,,,,,,,,,,,,,,,,,,,,,,,,#000000,,18.319027639608244,,46.27718285187862,1.9852953406679887,False,True,False,True,False,0.0,18.3077,,0.0,0.0,0.0,0.0,,,False,False,False,False,,,False,False,False,False,-57944.0,-29971.420116266418,False,False,False,False,3346.687048841988,False,False,False,False
2025-01-06 19:00:00+00:00,18.315,18.32,18.245,18.255,1991.0,,,,,,,,,,,,,,,,,,,,,,,,,,,,,,#000000,,18.31397381496217,,43.10266892042432,-1.0039965155445287,False,True,False,True,False,0.0,18.3062,,0.0,0.0,0.0,0.0,,,False,False,False,False,,,False,False,False,False,-59935.0,-30435.971742370813,False,False,False,False,3325.6686449839726,False,False,False,False
2025-01-06 20:00:00+00:00,18.245,18.275,18.165,18.17,2286.0,,,,,,,,,,,,,,,,,,,,,,,,,,,,,,#000000,,18.303937247083145,,39.203922358916316,-4.630059675308239,False,True,False,True,False,0.0,18.303,,0.0,0.0,0.0,0.0,,,False,False,False,False,,,False,False,False,False,-62221.0,-30928.76287814801,False,False,False,False,3309.549751263291,False,False,False,False
2025-01-07 15:00:00+00:00,18.61,18.615,18.37,18.45,1447.0,,,,,,,,,,,,,,,,,,,,,,,,,,,,,,#000000,,18.31183420088782,,44.61409726769661,-4.630059675308239,False,True,False,True,True,1.9640677165173024,18.3054,,0.0,0.0,0.0,0.0,,,False,False,False,False,,,False,False,False,False,-60774.0,-31391.479732750366,False,False,False,False,3280.673010933627,False,False,False,False
2025-01-07 16:00:00+00:00,18.45,18.6,18.405,18.59,1685.0,,,,,,,,,,,,,,,,,,,,,,,,,,,,,,#000000,,18.32200339311151,,50.66614594978996,-6.608666804545187,False,False,False,False,True,5.762906592326988,18.3106,,0.0,0.0,0.0,0.0,,,False,False,False,False,,,False,False,False,False,-59089.0,-31820.89865162245,False,False,False,False,3255.9338944850438,False,False,False,False
2025-01-07 17:00:00+00:00,18.58,18.64,18.54,18.555,5262.0,,,,,,,,,,,,,,,,,,,,,,,,,,,,,,"rgba(38, 166, 154, 1.0)",0.18780208098320228,18.350810781386304,1.0872574869495668,53.77504200389341,-3.929204254764322,True,False,True,False,True,4.705320954569476,18.312,,0.0,0.0,0.0,0.0,,,False,False,False,False,,,False,False,False,False,-64351.0,-32325.24130818644,False,False,False,False,3287.035694570547,False,False,False,False
2025-01-07 18:00:00+00:00,18.555,18.59,18.47,18.495,1098.0,,,,,,,,,,,,,,,,,,,,,,,,,,,,,,"rgba(38, 166, 154, 0.5)",0.18578484601551512,18.354038501075568,0.7587351818385734,54.275335344528344,-3.445607840613036,True,False,True,False,True,2.920428448659525,18.312,,0.0,0.0,0.0,0.0,,,False,False,False,False,,,False,False,False,False,-65449.0,-32838.78795457115,False,False,False,False,3253.0971566702287,False,False,False,False
2025-01-07 19:00:00+00:00,18.495,18.515,18.45,18.465,1722.0,,,,,,,,,,,,,,,,,,,,,,,,,,,,,,"rgba(38, 166, 154, 0.5)",0.18560655374418342,18.357178975408523,0.5809117319212965,53.828493403641055,-3.445607840613036,True,False,True,False,True,2.040218674787397,18.3121,,0.0,0.0,0.0,0.0,,,False,False,False,False,,,False,False,False,False,-67171.0,-33371.07031186462,False,False,False,False,3229.3592162567365,False,False,False,False
2025-01-07 20:00:00+00:00,18.465,18.545,18.42,18.52,7295.0,,,,,,,,,,,,,,,,,,,,,,,,,,,,,,"rgba(38, 166, 154, 0.5)",0.1860335870091612,18.370540512068807,0.8034005597270586,54.790939765243884,-2.3118623280642936,True,False,True,False,True,3.550130729457873,18.3121,,0.0,0.0,0.0,0.0,,,False,False,False,False,,,False,False,False,False,-59876.0,-33781.999454316334,False,False,False,False,3292.3924067023686,False,False,False,False
2025-01-08 15:00:00+00:00,18.55,18.65,18.5,18.61,1997.0,,,,,,,,,,,,,,,,,,,,,,,,,,,,,,"rgba(38, 166, 154, 1.0)",0.18897177919819924,18.37666663979335,1.234752412220892,57.29144054618471,0.4560915570528934,True,False,True,False,True,5.9366742633757745,18.3151,,0.0,0.0,0.0,0.0,,,False,False,False,False,,,False,False,False,False,-57879.0,-34155.59636200136,False,False,False,False,3272.3088034976804,False,False,False,False
2025-01-08 16:00:00+00:00,18.6,18.74,18.56,18.715,4098.0,,,,,,,,,,,,,,,,,,,,,,,,,,,,,,"rgba(38, 166, 154, 1.0)",0.1945929454384562,18.43966653495489,1.4149200754669244,60.77645174280116,4.03718558024584,True,False,True,False,True,8.577874954404304,18.3202,,0.0,0.0,0.0,0.0,,,False,False,False,False,,,False,False,False,False,-53781.0,-34459.866185846295,False,False,False,False,3285.110217396941,False,False,False,False
2025-01-08 17:00:00+00:00,18.71,18.715,18.47,18.475,1890.0,,,,,,,,,,,,,,,,,,,,,,,,,,,,,,#000000,0.19532020372194356,18.43640471421009,0.19760006929367055,56.97774714450225,4.03718558024584,True,False,True,False,False,1.7334855928094157,18.323500000000003,,0.0,0.0,0.0,0.0,,,False,False,False,False,,,False,False,False,False,-55671.0,-34788.72097366263,False,False,False,False,3263.480601623345,False,False,False,False
2025-01-08 18:00:00+00:00,18.475,18.55,18.44,18.445,1613.0,,,,,,,,,,,,,,,,,,,,,,,,,,,,,,#000000,0.19456176212010098,18.431836774650822,0.06765576753489977,53.84080374382335,10.702284486854296,True,False,True,False,False,0.9402551518822975,18.3276,,0.0,0.0,0.0,0.0,,,False,False,False,False,,,False,False,False,False,-57284.0,-35137.484989574834,False,False,False,False,3237.891755086549,False,False,False,False
2025-01-08 19:00:00+00:00,18.445,18.61,18.44,18.54,1822.0,,,,,,,,,,,,,,,,,,,,,,,,,,,,,,#000000,0.19478754885564065,18.431679240733292,0.5560969369093763,53.771536250002065,10.412465489434318,False,False,True,False,False,3.3341388358839765,18.333299999999998,,0.0,0.0,0.0,0.0,,,False,False,False,False,,,False,False,False,False,-55462.0,-35452.59374942639,False,False,False,False,3215.939944930168,False,False,False,False
2025-01-08 20:00:00+00:00,18.54,18.66,18.53,18.595,18758.0,,,,,,,,,,,,,,,,,,,,,,,,,,,,,,"rgba(38, 166, 154, 0.5)",0.19574010623576482,18.460887916580408,0.6851538297320431,54.80836612684713,10.412465489434318,True,False,True,False,False,4.677000355748714,18.3385,,0.0,0.0,0.0,0.0,,,False,False,False,False,,,False,False,False,False,-36704.0,-35471.99539672211,False,False,False,False,3456.9021163265993,False,False,False,False
2025-01-09 15:00:00+00:00,18.595,18.595,18.595,18.595,0.0,,,,,,,,,,,,,,,,,,,,,,,,,,,,,,"rgba(38, 166, 154, 0.5)",0.1964898732002988,18.460887916580408,0.6825394165880468,55.49958604474385,10.412465489434318,True,False,True,False,False,4.677000355748714,18.3431,,0.0,0.0,0.0,0.0,,,False,False,False,False,,,False,False,False,False,-36704.0,-35491.096243284555,False,False,False,False,3403.306734678125,False,False,False,False
2025-01-09 16:00:00+00:00,18.595,18.595,18.595,18.595,0.0,,,,,,,,,,,,,,,,,,,,,,,,,,,,,,"rgba(38, 166, 154, 0.5)",0.19703916471714852,18.460887916580408,0.6806366826214998,55.96039932334166,10.412465489434318,True,False,True,False,False,4.677000355748714,18.3478,,0.0,0.0,0.0,0.0,,,False,False,False,False,,,False,False,False,False,-36704.0,-35509.900952690994,False,False,False,False,3350.542289179239,False,False,False,False
2025-01-09 17:00:00+00:00,18.595,18.595,18.595,18.595,0.0,,,,,,,,,,,,,,,,,,,,,,,,,,,,,,"rgba(38, 166, 154, 0.5)",0.19738965442918924,18.460887916580408,0.6794281281226017,56.26760817574019,10.412465489434318,True,False,True,False,False,4.677000355748714,18.3604,,0.0,0.0,0.0,0.0,,,False,False,False,False,,,False,False,False,False,-36704.0,-35528.414116215165,False,False,False,False,3298.595897098941,False,False,False,False
2025-01-09 18:00:00+00:00,18.595,18.595,18.595,18.595,0.0,,,,,,,,,,,,,,,,,,,,,,,,,,,,,,"rgba(38, 166, 154, 0.5)",0.19906757872868175,18.460887916580408,0.6737012841371759,56.472414077339224,10.412465489434318,True,False,True,False,False,4.677000355748714,18.3737,,0.0,0.0,0.0,0.0,,,False,False,False,False,,,False,False,False,False,-36704.0,-35546.640253948266,False,False,False,False,3247.4548754384923,False,False,False,False
2025-01-09 19:00:00+00:00,18.595,18.595,18.595,18.595,0.0,,,,,,,,,,,,,,,,,,,,,,,,,,,,,,"rgba(38, 166, 154, 0.5)",0.20077231512965493,18.460887916580408,0.667980958096659,56.6089513450719,10.412465489434318,False,False,True,False,False,4.677000355748703,18.3831,,0.0,0.0,0.0,0.0,,,False,False,False,False,,,False,False,False,False,-36704.0,-35564.58381590256,False,False,False,False,3197.106737834795,False,False,False,False
2025-01-09 20:00:00+00:00,18.595,18.595,18.595,18.595,0.0,,,,,,,,,,,,,,,,,,,,,,,,,,,,,,"rgba(38, 166, 154, 0.5)",0.20250921456067342,18.460887916580408,0.6622517583238671,56.69997619022702,10.337169094267757,False,False,True,False,False,4.677000355748703,18.390700000000002,,0.0,0.0,0.0,0.0,,,False,False,False,False,,,False,False,False,False,-36704.0,-35582.24918309787,False,False,False,False,3147.539191511775,False,False,False,False
2025-01-10 15:00:00+00:00,18.89,18.98,18.725,18.74,6599.0,,,,,,,,,,,,,,,,,,,,,,,,,,,,,,"rgba(38, 166, 154, 0.5)",0.20699571306001482,18.53421167543519,0.9941670845383274,61.02116125018348,7.392004281162826,True,False,True,False,True,8.463200726141782,18.4024,,0.0,0.0,0.0,0.0,,,False,False,False,False,,,False,False,False,False,-30105.0,-35497.33059111185,False,False,False,False,3201.050211798414,False,False,False,False
2025-01-10 16:00:00+00:00,18.74,18.81,18.63,18.72,7477.0,,,,,,,,,,,,,,,,,,,,,,,,,,,,,,"rgba(38, 166, 154, 0.5)",0.21079190028372502,18.540892286169736,0.8496897347060506,62.88079647374518,9.215985259542038,True,False,True,False,True,7.835491406153491,18.416,,0.0,0.0,0.0,0.0,,,False,False,False,False,,,False,False,False,False,-37582.0,-35529.651047063606,False,False,False,False,3267.3440069643298,False,False,False,False
2025-01-10 17:00:00+00:00,18.725,18.815,18.675,18.815,1738.0,,,,,,,,,,,,,,,,,,,,,,,,,,,,,,"rgba(38, 166, 154, 1.0)",0.21668347821125689,18.54466118578373,1.2476207990011203,66.23898081104187,12.362124894760392,True,False,True,False,True,10.19771705906836,18.432000000000002,,0.0,0.0,0.0,0.0,,,False,False,False,False,,,False,False,False,False,-35844.0,-35534.524674240914,False,False,False,False,3243.6332471664327,False,False,False,False
2025-01-10 18:00:00+00:00,18.805,18.83,18.75,18.795,8581.0,,,,,,,,,,,,,,,,,,,,,,,,,,,,,,"rgba(38, 166, 154, 0.5)",0.22172304370115997,18.564100150688148,1.04138859659108,67.42909664709563,13.4525947745299,True,False,True,False,True,9.558834776747439,18.448999999999998,,0.0,0.0,0.0,0.0,,,False,False,False,False,,,False,False,False,False,-44425.0,-35672.36150099687,False,False,False,False,3326.3831193033875,False,False,False,False
2025-01-10 19:00:00+00:00,18.795,18.87,18.73,18.76,2747.0,,,,,,,,,,,,,,,,,,,,,,,,,,,,,,"rgba(38, 166, 154, 0.5)",0.22568001344484795,18.56930524898621,0.8449784635465414,66.40155497699834,13.4525947745299,True,False,True,False,True,8.4414907435578,18.464399999999998,,0.0,0.0,0.0,0.0,,,False,False,False,False,,,False,False,False,False,-47172.0,-35850.65046997367,False,False,False,False,3317.40043528318,False,False,False,False
2025-01-10 20:00:00+00:00,18.76,18.76,18.575,18.66,11066.0,,,,,,,,,,,,,,,,,,,,,,,,,,,,,,#000000,0.22759389706663966,18.57257725247236,0.3841172749111214,61.40577720113844,15.734744782993971,True,False,True,False,False,5.346215805910614,18.4765,,0.0,0.0,0.0,0.0,,,False,False,False,False,,,False,False,False,False,-58238.0,-36197.74116036167,False,False,False,False,3437.533761867937,False,False,False,False
2025-01-13 15:00:00+00:00,18.66,18.66,18.66,18.66,0.0,,,,,,,,,,,,,,,,,,,,,,,,,,,,,,#000000,0.22940630386336452,18.57257725247236,0.38108258602914985,58.075258683898504,12.784918265506697,False,False,True,False,False,5.346215805910614,18.486800000000002,,0.0,0.0,0.0,0.0,,,False,False,False,False,,,False,False,False,False,-58238.0,-36539.45059973591,False,False,False,False,3384.238664784713,False,False,False,False
2025-01-13 16:00:00+00:00,18.66,18.66,18.31,18.34,641.0,,,,,,,,,,,,,,,,,,,,,,,,,,,,,,"rgba(239, 83, 80, 1.0)",0.22936541913613215,18.571193682598928,-1.0079709638431178,48.164704911399376,3.9206763668348614,False,True,False,True,False,0.0,18.491500000000002,,0.0,0.0,0.0,0.0,,,False,False,False,False,,,False,False,False,False,-58879.0,-36885.80020284078,False,False,False,False,3341.7078327725467,False,False,False,False
2025-01-13 17:00:00+00:00,18.335,18.395,18.255,18.36,2058.0,,,,,,,,,,,,,,,,,,,,,,,,,,,,,,"rgba(239, 83, 80, 0.5)",0.22925993351895393,18.564764068764624,-0.8931524389005212,42.28822218513404,-0.9287573457718921,False,True,False,True,False,0.0,18.496599999999997,,0.0,0.0,0.0,0.0,,,False,False,False,False,,,False,False,False,False,-56821.0,-37194.87306791301,False,False,False,False,3321.805385752817,False,False,False,False
2025-01-13 18:00:00+00:00,18.36,18.425,18.345,18.4,421.0,,,,,,,,,,,,,,,,,,,,,,,,,,,,,,"rgba(239, 83, 80, 0.5)",0.22906846216875523,18.563743037382604,-0.7148213937105659,39.861438107693,-2.7268724654910983,False,True,False,True,False,0.0,18.5025,,0.0,0.0,0.0,0.0,,,False,False,False,False,,,False,False,False,False,-56400.0,-37492.626973836836,False,False,False,False,3276.8316588419207,False,False,False,False
2025-01-13 19:00:00+00:00,18.395,18.44,18.335,18.35,1442.0,,,,,,,,,,,,,,,,,,,,,,,,,,,,,,"rgba(239, 83, 80, 0.5)",0.22889960032080692,18.560128959707097,-0.9179961844083419,37.27472277787058,-4.949035706461935,False,True,False,True,False,0.0,18.507399999999997,,0.0,0.0,0.0,0.0,,,False,False,False,False,,,False,False,False,False,-57842.0,-37808.12112928122,False,False,False,False,3248.384656379255,False,False,False,False
2025-01-13 20:00:00+00:00,18.35,18.355,18.21,18.285,7729.0,,,,,,,,,,,,,,,,,,,,,,,,,,,,,,"rgba(239, 83, 80, 1.0)",0.2291900741526305,18.536611580316592,-1.0978293071672443,34.391621322042894,-7.621563340468541,False,True,False,True,False,0.0,18.511000000000003,,0.0,0.0,0.0,0.0,,,False,False,False,False,,,False,False,False,False,-65571.0,-38238.553359835,False,False,False,False,3317.8515609315145,False,False,False,False
2025-01-14 15:00:00+00:00,18.52,18.82,18.46,18.71,3388.0,,,,,,,,,,,,,,,,,,,,,,,,,,,,,,"rgba(38, 166, 154, 0.5)",0.23157801790838545,18.539478794756427,0.7363445234730092,43.017595828918054,-15.647111591723977,False,True,False,True,True,5.747568735769871,18.5231,,0.0,0.0,0.0,0.0,,,False,False,False,False,,,False,False,False,False,-62183.0,-38609.785090690275,False,False,False,False,3318.9391336302506,False,False,False,False
2025-01-14 16:00:00+00:00,18.71,18.735,18.62,18.645,7152.0,,,,,,,,,,,,,,,,,,,,,,,,,,,,,,#000000,0.2331838581714218,18.54526944038675,0.42769066604916395,47.34435447789032,-11.840291444041469,False,True,False,False,True,4.119032699941222,18.533900000000003,,0.0,0.0,0.0,0.0,,,False,False,False,False,,,False,False,False,False,-69335.0,-39086.14501176484,False,False,False,False,3378.366433884045,False,False,False,False
2025-01-14 17:00:00+00:00,18.655,18.655,18.555,18.62,5262.0,,,,,,,,,,,,,,,,,,,,,,,,,,,,,,#000000,0.23442736442059656,18.546778354746348,0.3123425690282606,49.67345378226784,-9.709476874049884,False,True,False,False,True,3.4976982741083056,18.535600000000002,,0.0,0.0,0.0,0.0,,,False,False,False,False,,,False,False,False,False,-74597.0,-39636.70090305531,False,False,False,False,3407.5700550641373,False,False,False,False
2025-01-14 18:00:00+00:00,18.61,18.79,18.59,18.785,10145.0,,,,,,,,,,,,,,,,,,,,,,,,,,,,,,"rgba(38, 166, 154, 0.5)",0.2381688211907368,18.557838058660018,0.953785387206752,53.98079562681512,-5.58445421771161,False,False,True,False,True,7.089396952084545,18.5377,,0.0,0.0,0.0,0.0,,,False,False,False,False,,,False,False,False,False,-64452.0,-40021.43422238778,False,False,False,False,3512.0263332801974,False,False,False,False
2025-01-14 19:00:00+00:00,18.78,18.795,18.605,18.66,5414.0,,,,,,,,,,,,,,,,,,,,,,,,,,,,,,#000000,0.23898401695585825,18.561791604178044,0.4109412716085354,54.06445733983452,-5.243232962666859,False,False,True,False,True,4.020926246160986,18.5398,,0.0,0.0,0.0,0.0,,,False,False,False,False,,,False,False,False,False,-69866.0,-40484.14066855231,False,False,False,False,3541.5142971053106,False,False,False,False
2025-01-14 20:00:00+00:00,18.66,18.75,18.565,18.73,16311.0,,,,,,,,,,,,,,,,,,,,,,,,,,,,,,"rgba(38, 166, 154, 0.5)",0.24087814197074137,18.57174562097286,0.6569893711915304,55.30474071260949,-3.5898322081730996,True,False,True,False,True,5.505317687075721,18.5439,,0.0,0.0,0.0,0.0,,,False,False,False,False,,,False,False,False,False,-53555.0,-40686.789650435225,False,False,False,False,3739.4908196308093,False,False,False,False
2025-01-15 15:00:00+00:00,18.455,18.55,18.195,18.235,4387.0,,,,,,,,,,,,,,,,,,,,,,,,,,,,,,"rgba(239, 83, 80, 1.0)",0.2416578066098691,18.534999488272696,-1.241422706269175,48.77694694447356,-3.5898322081730996,False,True,False,True,False,0.0,18.538600000000002,,0.0,0.0,0.0,0.0,,,False,False,False,False,,,False,False,False,False,-57942.0,-40954.31229151375,False,False,True,False,3749.529721652037,False,False,True,False
2025-01-15 16:00:00+00:00,18.235,18.555,18.22,18.545,4669.0,,,,,,,,,,,,,,,,,,,,,,,,,,,,,,#000000,0.24196226717969077,18.538904022502667,0.02519391791286077,48.967154659839665,-3.5898322081730996,False,True,False,False,False,1.1385041988320665,18.5367,,0.0,0.0,0.0,0.0,,,False,False,False,False,,,False,False,False,False,-53273.0,-41145.299697846865,False,False,False,False,3763.7850748047185,False,False,False,False
2025-01-15 17:00:00+00:00,18.545,18.645,18.515,18.515,3333.0,,,,,,,,,,,,,,,,,,,,,,,,,,,,,,#000000,0.2420534339042975,18.54440991314459,-0.12150173897643785,48.72288986879563,-3.5898322081730996,False,True,False,False,False,0.5616308138884989,18.536299999999997,,0.0,0.0,0.0,0.0,,,False,False,False,False,,,False,False,False,False,-56606.0,-41385.00047772521,False,False,False,False,3757.106236435653,False,False,False,False
2025-01-15 18:00:00+00:00,18.525,18.735,18.52,18.665,2438.0,,,,,,,,,,,,,,,,,,,,,,,,,,,,,,#000000,0.2374104857388057,18.549452594991315,0.48669882734584324,50.50304248436092,-3.5898322081730996,False,False,False,False,False,3.332047460193376,18.5392,,0.0,0.0,0.0,0.0,,,False,False,False,False,,,False,False,False,False,-54168.0,-41583.18651683025,False,False,False,False,3736.6549769560306,False,False,False,False
2025-01-15 19:00:00+00:00,18.66,18.67,18.57,18.625,4616.0,,,,,,,,,,,,,,,,,,,,,,,,,,,,,,#000000,0.23081254825600153,18.55506359906989,0.3030008613420011,51.100932104326276,-3.5898322081730996,False,False,False,False,False,2.5467136550524607,18.5407,,0.0,0.0,0.0,0.0,,,False,False,False,False,,,False,False,False,False,-58784.0,-41849.865795639074,False,False,False,False,3750.288233127255,False,False,False,False
2025-01-15 20:00:00+00:00,18.62,18.78,18.61,18.76,25598.0,,,,,,,,,,,,,,,,,,,,,,,,,,,,,,"rgba(38, 166, 154, 0.5)",0.2305025258308696,18.58525952134302,0.7580848757605267,53.254633107472486,-3.3804127469601895,False,False,True,False,True,4.964838126769546,18.5448,,0.0,0.0,0.0,0.0,,,False,False,False,False,,,False,False,False,False,-33186.0,-41715.54229493149,False,False,False,False,4089.012446567142,False,False,False,False
2025-01-16 15:00:00+00:00,18.62,18.725,18.565,18.71,4462.0,,,,,,,,,,,,,,,,,,,,,,,,,,,,,,#000000,0.23062244407626023,18.587090083319403,0.5329486346088469,53.84680229127022,-2.3132719820506082,False,False,True,False,True,3.968776673512256,18.548099999999998,,0.0,0.0,0.0,0.0,,,False,False,False,False,,,False,False,False,False,-37648.0,-41652.47962369224,False,False,False,False,4094.7951993335428,False,False,False,False
2025-01-16 16:00:00+00:00,18.71,18.8,18.69,18.75,1570.0,,,,,,,,,,,,,,,,,,,,,,,,,,,,,,"rgba(38, 166, 154, 0.5)",0.2301641012701792,18.588517437920448,0.701597517546818,54.81216199859668,-0.8940634626123867,True,False,True,False,True,4.683777451658123,18.5523,,0.0,0.0,0.0,0.0,,,False,False,False,False,,,False,False,False,False,-36078.0,-41566.053583014844,False,False,False,False,4055.651087715968,False,False,False,False
2025-01-16 17:00:00+00:00,18.75,18.94,18.75,18.865,2079.0,,,,,,,,,,,,,,,,,,,,,,,,,,,,,,"rgba(38, 166, 154, 1.0)",0.22906679068470398,18.59173163834891,1.1929636803059083,57.036357019816265,1.6264243146851314,True,False,True,False,True,6.700682068476368,18.563299999999998,,0.0,0.0,0.0,0.0,,,False,False,False,False,,,False,False,False,False,-33999.0,-41448.73492281306,False,False,False,False,4025.005334418046,False,False,False,False
2025-01-16 18:00:00+00:00,18.86,18.9,18.82,18.87,4923.0,,,,,,,,,,,,,,,,,,,,,,,,,,,,,,"rgba(38, 166, 154, 1.0)",0.22684677528996197,18.599224021429855,1.1936514337663946,58.58762450559985,3.428589723985482,True,False,True,False,True,6.787486115107573,18.574399999999997,,0.0,0.0,0.0,0.0,,,False,False,False,False,,,False,False,False,False,-29076.0,-41256.90957517255,False,False,False,False,4038.9277323340452,False,False,False,False
2025-01-16 19:00:00+00:00,18.91,18.95,18.88,18.945,6010.0,,,,,,,,,,,,,,,,,,,,,,,,,,,,,,"rgba(38, 166, 154, 1.0)",0.22362694159918134,18.609709708673837,1.4993286986284624,60.67619143214199,5.675236020188713,True,False,True,False,True,8.08911025155085,18.5859,,0.0,0.0,0.0,0.0,,,False,False,False,False,,,False,False,False,False,-23066.0,-40974.87996935592,False,False,False,False,4069.4869922978587,False,False,False,False
2025-01-16 20:00:00+00:00,18.94,18.97,18.78,18.78,10244.0,,,,,,,,,,,,,,,,,,,,,,,,,,,,,,"rgba(38, 166, 154, 0.5)",0.21754833779938107,18.645809014493988,0.6168329616462591,58.40045366249089,5.675236020188713,True,False,True,False,False,4.676035051242966,18.595,,0.0,0.0,0.0,0.0,,,False,False,False,False,,,False,False,False,False,-33310.0,-40856.04462099381,False,False,False,False,4165.215876138202,False,False,False,False
2025-01-17 15:00:00+00:00,18.775,18.89,18.745,18.845,2129.0,,,,,,,,,,,,,,,,,,,,,,,,,,,,,,"rgba(38, 166, 154, 0.5)",0.21402917204549593,18.64726975330642,0.9238471784189598,57.959227710466195,5.675236020188713,True,False,True,False,False,5.818376241151984,18.6068,,0.0,0.0,0.0,0.0,,,False,False,False,False,,,False,False,False,False,-31181.0,-40706.04392919545,False,False,False,False,4133.646637748462,False,False,False,False
2025-01-17 16:00:00+00:00,18.84,18.875,18.745,18.8,3700.0,,,,,,,,,,,,,,,,,,,,,,,,,,,,,,"rgba(38, 166, 154, 0.5)",0.21160578680414865,18.649057911627043,0.7133173938795053,56.68224433319342,5.675236020188713,True,False,True,False,False,4.901479581108362,18.6194,,0.0,0.0,0.0,0.0,,,False,False,False,False,,,False,False,False,False,-34881.0,-40615.73317060328,False,False,False,False,4126.923434062439,False,False,False,False
2025-01-17 17:00:00+00:00,18.79,18.875,18.725,18.8,1959.0,,,,,,,,,,,,,,,,,,,,,,,,,,,,,,"rgba(38, 166, 154, 0.5)",0.20769643909033303,18.649965716630046,0.7223729209180167,55.83092208167824,5.675236020188713,True,False,True,False,False,4.901479581108351,18.6264,,0.0,0.0,0.0,0.0,,,False,False,False,False,,,False,False,False,False,-34881.0,-40526.82257881098,False,False,False,False,4093.312218030463,False,False,False,False
2025-01-17 18:00:00+00:00,18.8,18.815,18.74,18.755,1410.0,,,,,,,,,,,,,,,,,,,,,,,,,,,,,,#000000,0.20261282031240863,18.65022223788187,0.5171329334272735,54.15612617894544,8.331660655472248,False,False,True,False,False,3.9686276614929454,18.6297,,0.0,0.0,0.0,0.0,,,False,False,False,False,,,False,False,False,False,-36291.0,-40461.15091092243,False,False,False,False,4051.7104782160372,False,False,False,False
2025-01-17 19:00:00+00:00,18.755,18.76,18.67,18.675,4342.0,,,,,,,,,,,,,,,,,,,,,,,,,,,,,,#000000,0.1961665269772078,18.648638597463158,0.13438277642497837,51.18822854682723,5.400982171201186,False,False,False,False,False,2.330823683295332,18.6321,,0.0,0.0,0.0,0.0,,,False,False,False,False,,,False,False,False,False,-40633.0,-40463.81523788487,False,False,False,False,4056.2110909568737,False,False,False,False
2025-01-17 20:00:00+00:00,18.675,18.78,18.645,18.685,8087.0,,,,,,,,,,,,,,,,,,,,,,,,,,,,,,#000000,0.18927164805313523,18.65312584520023,0.1684042756938505,49.485926208614174,3.7242201764566474,False,True,False,False,False,2.5225554792655522,18.635900000000003,,0.0,0.0,0.0,0.0,,,False,False,False,False,,,False,False,False,False,-32546.0,-40341.05841249131,False,False,False,False,4118.703942259867,False,False,False,False
2025-01-20 15:00:00+00:00,18.685,18.685,18.685,18.685,0.0,,,,,,,,,,,,,,,,,,,,,,,,,,,,,,#000000,0.18178278791451902,18.65312584520023,0.1753419846039441,48.3510579831388,2.549652834634969,False,True,False,True,False,2.5225554792655522,18.6403,,0.0,0.0,0.0,0.0,,,False,False,False,False,,,False,False,False,False,-32546.0,-40220.204793692996,False,False,False,False,4054.8480671860707,False,False,False,False
2025-01-20 16:00:00+00:00,18.685,18.685,18.685,18.685,0.0,,,,,,,,,,,,,,,,,,,,,,,,,,,,,,#000000,0.17362310324946637,18.65312584520023,0.1835824507408555,47.59447916615522,1.675380670828261,False,True,False,True,False,2.5225554792655522,18.643600000000003,,0.0,0.0,0.0,0.0,,,False,False,False,False,0.17813914389403296,0.17813914389403296,False,False,False,False,-32546.0,-40101.22487441094,False,False,False,False,3991.9822056793096,False,False,False,False
2025-01-20 17:00:00+00:00,18.685,18.685,18.685,18.685,0.0,,,,,,,,,,,,,,,,,,,,,,,,,,,,,,#000000,0.1646929165348331,18.65312584520023,0.19353688956639578,47.09009328816616,0.9828735784843872,False,True,False,True,False,2.5225554792655522,18.6451,,0.0,0.0,0.0,0.0,0.9439711664482306,0.9741153342070783,False,False,False,False,0.17813914389403296,0.17813914389403296,False,False,False,False,-32546.0,-39984.08960504023,False,False,False,False,3930.0910086920335,False,False,False,False
2025-01-20 18:00:00+00:00,18.685,18.685,18.685,18.685,0.0,,,,,,,,,,,,,,,,,,,,,,,,,,,,,,#000000,0.1649069352613467,18.65312584520023,0.1932857144501233,46.75383603617345,0.40413326289113627,False,True,False,True,False,2.5225554792655522,18.644499999999997,,0.0,0.0,0.0,0.0,0.9476474486414844,0.9734923790589805,False,False,False,False,0.17813914389403296,0.17813914389403296,False,False,False,False,-32546.0,-39868.770386357435,False,False,False,False,3869.1593651464204,False,False,False,False
2025-01-20 19:00:00+00:00,18.685,18.685,18.685,18.685,0.0,,,,,,,,,,,,,,,,,,,,,,,,,,,,,,#000000,0.16494334271591257,18.65312584520023,0.19324305106795095,46.52966453484498,-0.09882213807753715,False,True,False,True,False,2.5225554792655522,18.648699999999998,,0.0,0.0,0.0,0.0,0.9465419311727363,0.9709321750751765,False,False,False,False,0.17813914389403296,0.17813914389403296,False,False,False,False,-32546.0,-39755.23906253794,False,False,False,False,3809.1723982449253,False,False,False,False
2025-01-20 20:00:00+00:00,18.685,18.685,18.685,18.685,0.0,,,,,,,,,,,,,,,,,,,,,,,,,,,,,,#000000,0.16521435707521429,18.65312584520023,0.19292605899412743,46.380216867292674,-0.5466072677274454,False,True,False,True,False,2.5225554792655522,18.653499999999998,,0.0,0.0,0.0,0.0,0.9535197036039069,0.9629504883799268,False,False,False,False,0.17813914389403296,0.17813914389403296,False,False,False,False,-32546.0,-39643.467914281544,False,False,False,False,3750.115461838027,False,False,False,False
2025-01-21 15:00:00+00:00,19.08,19.255,19.04,19.15,4140.0,,,,,,,,,,,,,,,,,,,,,,,,,,,,,,"rgba(0, 255, 0, 1.0)",0.17696024391913648,18.72245704509393,2.416039588538537,57.35582466635287,3.4989510318086303,True,False,True,False,True,11.497017948303743,18.6657,,0.0,0.0,0.0,0.0,0.9576133029018585,0.944897293772417,False,False,False,False,0.3428281937057594,0.26048366879989615,False,False,False,False,-28406.0,-39469.24360553299,False,False,False,False,3756.160183359918,False,False,False,False
2025-01-21 16:00:00+00:00,19.14,19.215,19.08,19.12,2194.0,,,,,,,,,,,,,,,,,,,,,,,,,,,,,,"rgba(0, 255, 0, 1.0)",0.18628480084810767,18.73111760203375,2.0875691210220544,63.54116288251754,8.71846379921741,True,False,True,False,True,10.797622098156275,18.6762,,0.0,0.0,0.0,0.0,0.9711096520026263,0.9464871963230475,False,False,False,False,0.3428281937057594,0.30165593125282775,False,False,False,False,-30600.0,-39331.73595273402,False,False,False,False,3731.9406456334073,False,False,False,False
2025-01-21 17:00:00+00:00,19.12,19.175,19.025,19.09,1805.0,,,,,,,,,,,,,,,,,,,,,,,,,,,,,,"rgba(0, 255, 255, 0.75)",0.19427446452778988,18.73570512703209,1.8236821490105255,66.50202608453381,10.958020357160294,True,False,True,False,True,10.095516366714524,18.6861,,0.0,0.0,0.0,0.0,0.9772727272727273,0.9397233201581038,False,False,False,False,0.31425517820147725,0.3079555547271525,False,False,False,False,-32405.0,-39224.34469765287,False,False,False,False,3702.065596863897,False,False,False,False
2025-01-21 18:00:00+00:00,19.09,19.145,19.045,19.12,1858.0,,,,,,,,,,,,,,,,,,,,,,,,,,,,,,"rgba(0, 255, 255, 0.75)",0.2024679487480968,18.74047240533127,1.874507036868952,68.92774432134695,12.901290747180084,True,False,True,False,True,10.632999036563206,18.6966,,0.0,0.0,0.0,0.0,0.9741492146596861,0.9368455497382208,False,False,False,False,0.31127691535526586,0.30961623504120916,False,False,False,False,-30547.0,-39089.81222172027,False,False,False,False,3673.4754325714334,False,False,False,False
2025-01-21 19:00:00+00:00,19.12,19.12,19.02,19.055,3752.0,,,,,,,,,,,,,,,,,,,,,,,,,,,,,,"rgba(0, 255, 255, 0.75)",0.20803795998034652,18.74695829518738,1.4806995071559101,67.91368293862533,12.901290747180084,True,False,True,False,True,9.093364928288395,18.7058,,0.0,0.0,0.0,0.0,0.9726918075422628,0.9388816644993506,False,False,False,False,0.29646438697746913,0.30304031100933915,False,False,False,False,-34299.0,-39015.536063243984,False,False,False,False,3674.6928677253645,False,False,False,False
2025-01-21 20:00:00+00:00,19.055,19.11,18.98,19.05,12506.0,,,,,,,,,,,,,,,,,,,,,,,,,,,,,,"rgba(38, 166, 154, 1.0)",0.2132894873297713,18.763745357081287,1.342094476865281,67.03616845564194,12.901290747180084,True,False,True,False,True,8.97485459975378,18.7149,,0.0,0.0,0.0,0.0,0.9703417150225663,0.9400386847195367,False,False,False,False,0.2817772109912943,0.29240876100031676,False,False,False,False,-46805.0,-39136.30294598438,False,False,False,False,3811.612358148227,False,False,False,False
2025-01-22 15:00:00+00:00,18.895,19.13,18.82,19.095,2172.0,,,,,,,,,,,,,,,,,,,,,,,,,,,,,,"rgba(0, 255, 255, 0.75)",0.2194212904498871,18.765728662305914,1.5006353167414526,67.43474850765568,12.901290747180084,True,False,True,False,True,9.81845265717913,18.7249,,0.0,0.0,0.0,0.0,0.9608091024020229,0.9399494310998745,False,False,False,False,0.24125445215340605,0.2668316065768614,False,False,False,False,-44633.0,-39221.52305534896,False,False,False,False,3786.19201151027,False,False,False,False
2025-01-22 16:00:00+00:00,19.08,19.135,19.005,19.095,1736.0,,,,,,,,,,,,,,,,,,,,,,,,,,,,,,"rgba(0, 255, 255, 0.75)",0.2250906323967827,18.768378295211452,1.45106751582975,67.70046854233152,12.901290747180084,True,False,True,False,True,9.81845265717913,18.7349,,0.0,0.0,0.0,0.0,0.9727272727272728,0.9401253918495306,False,False,False,False,0.29646438697746913,0.28164799677716523,False,False,False,False,-44633.0,-39305.42192270789,False,False,False,False,3754.4060888511954,False,False,False,False
2025-01-22 17:00:00+00:00,19.08,19.26,19.055,19.25,2711.0,,,,,,,,,,,,,,,,,,,,,,,,,,,,,,"rgba(0, 255, 0, 1.0)",0.23494041797866635,18.77510790995939,2.0213298934529464,70.74036416598972,15.34808663467777,True,False,True,False,True,12.674459799132116,18.7451,,0.0,0.0,0.0,0.0,0.9759450171821307,0.93783192752265,False,False,False,False,0.3428281941993338,0.31223809548824955,False,False,False,False,-41922.0,-39345.9890246814,False,False,False,False,3738.229250264355,False,False,False,False
2025-01-22 18:00:00+00:00,19.25,19.385,19.205,19.36,2285.0,,,,,,,,,,,,,,,,,,,,,,,,,,,,,,"rgba(0, 255, 0, 1.0)",0.24476874542867758,18.783034705803757,2.357185322765656,74.13860280117507,18.71804374939083,True,False,True,False,True,14.591227769197445,18.7579,,0.0,0.0,0.0,0.0,0.9844479004665629,0.9328149300155528,False,False,False,False,0.3428282002539645,0.327533147871107,False,False,False,False,-39637.0,-39350.500822748356,False,True,False,False,3715.6985642137447,False,False,False,False
2025-01-22 19:00:00+00:00,19.36,19.4,19.24,19.245,1422.0,,,,,,,,,,,,,,,,,,,,,,,,,,,,,,"rgba(0, 255, 255, 0.75)",0.24966260115284417,18.829755701737657,1.6632218696148662,71.74422475014198,18.71804374939083,True,False,True,False,False,11.74527048590354,18.766499999999997,,0.0,0.0,0.0,0.0,0.9820710973724884,0.9338485316846995,False,False,False,False,0.3428282012263419,0.33518067454872447,False,False,False,False,-41059.0,-39376.98918208559,False,False,False,False,3680.137346163919,False,False,False,False
2025-01-22 20:00:00+00:00,19.245,19.25,19.09,19.09,5233.0,,,,,,,,,,,,,,,,,,,,,,,,,,,,,,"rgba(38, 166, 154, 1.0)",0.25103323422342744,18.827821351161088,1.0443981636533621,65.5158225167638,21.407544415629232,True,False,True,False,False,8.11411011195479,18.7724,,0.0,0.0,0.0,0.0,0.9703091521273342,0.9427609427609435,False,False,False,False,0.26493416724231467,0.30005742089551957,False,False,False,False,-46292.0,-39484.19865213078,False,False,False,False,3704.212736145874,False,False,False,False
2025-01-23 15:00:00+00:00,18.94,18.94,18.72,18.72,1163.0,,,,,,,,,,,,,,,,,,,,,,,,,,,,,,#000000,0.24718337650742409,18.821846157567723,-0.4120267269051784,55.03378801451625,12.013530715457875,False,False,True,False,False,0.42366933766327364,18.7716,,0.0,0.0,0.0,0.0,0.9577970667464832,0.953606704579468,False,False,False,False,0.09806899306737918,0.19906320698144936,False,False,False,False,-47455.0,-39607.77696760162,False,False,False,False,3664.8140890738446,False,False,False,False
2025-01-23 16:00:00+00:00,18.715,18.91,18.675,18.795,1336.0,,,,,,,,,,,,,,,,,,,,,,,,,,,,,,#000000,0.24170844621767382,18.8165487972368,-0.08915202415967972,49.70402788148154,7.633890201017735,False,True,False,True,False,1.824151884393384,18.774299999999997,,0.0,0.0,0.0,0.0,0.9557260920897287,0.9560212514757978,False,False,False,False,0.08015322646926704,0.1396082167253582,False,False,False,False,-46119.0,-39708.72616190237,False,False,False,False,3628.708444282002,False,False,False,False
2025-01-23 17:00:00+00:00,18.79,18.93,18.75,18.88,1289.0,,,,,,,,,,,,,,,,,,,,,,,,,,,,,,#000000,0.2339738570134592,18.813625277933156,0.28368435223523797,47.93405218842544,6.331794140386329,False,True,False,True,False,3.3795631563568165,18.7787,,0.0,0.0,0.0,0.0,0.9605724299065422,0.9553154205607485,False,False,False,False,0.10285667610617255,0.12123244641576537,False,False,False,False,-44830.0,-39788.12575629148,False,False,False,False,3592.4338947582496,False,False,False,False
2025-01-23 18:00:00+00:00,18.89,18.92,18.83,18.83,874.0,,,,,,,,,,,,,,,,,,,,,,,,,,,,,,#000000,0.23212294816120999,18.812044885077103,0.07735174425936141,45.94180319390048,4.502303331987235,False,True,False,True,False,2.3921489167895587,18.7885,,0.0,0.0,0.0,0.0,0.9654270772806509,0.9561301568855324,False,False,False,False,0.11965210203422703,0.1204422742249962,False,False,False,False,-45704.0,-39879.8447368141,False,False,False,False,3550.287632824013,False,False,False,False
2025-01-23 19:00:00+00:00,18.835,18.85,18.765,18.79,1626.0,,,,,,,,,,,,,,,,,,,,,,,,,,,,,,#000000,0.23168163150834165,18.808339495438172,-0.07915817632488033,43.95525030385187,2.4761509645405653,False,True,False,True,False,1.604352673281383,18.7971,,0.0,0.0,0.0,0.0,0.9618386816999135,0.9603931772188501,False,False,False,False,0.08731273407913206,0.10387750415206413,False,False,False,False,-47330.0,-39995.35101996427,False,False,False,False,3520.453716036044,False,False,False,False
2025-01-23 20:00:00+00:00,18.78,18.82,18.755,18.78,4763.0,,,,,,,,,,,,,,,,,,,,,,,,,,,,,,#000000,0.2308507181146348,18.799630949082825,-0.08503741830716721,42.45673315057492,0.761305834629006,False,True,False,True,False,1.405945173060278,18.804699999999997,,0.0,0.0,0.0,0.0,0.9614055299539171,0.962269585253457,False,False,False,False,0.07776858085210056,0.09082304250208234,False,False,False,False,-52093.0,-40182.91146926714,False,False,False,False,3539.7179995083534,False,False,False,False
2025-01-24 15:00:00+00:00,18.75,18.77,18.525,18.535,2544.0,,,,,,,,,,,,,,,,,,,,,,,,,,,,,,"rgba(239, 83, 80, 1.0)",0.23034095370763633,18.791626260376695,-1.1141147774460542,37.97485658409485,-3.7430158876113637,False,True,False,True,False,0.0,18.808400000000002,,0.0,0.0,0.0,0.0,0.948339483394834,0.9650865739426632,False,False,False,False,0.011257183483758829,0.051040112992920585,False,False,False,False,-54637.0,-40407.00586509246,False,False,False,False,3524.280511143883,False,False,False,False
2025-01-24 16:00:00+00:00,18.54,18.64,18.525,18.58,3541.0,,,,,,,,,,,,,,,,,,,,,,,,,,,,,,"rgba(239, 83, 80, 0.5)",0.22891296193997535,18.781292985968392,-0.879342891999169,36.21448357816299,-5.67300159376839,False,True,False,True,False,0.0,18.8143,,0.0,0.0,0.0,0.0,0.9486745628877609,0.9726452340665546,False,False,False,False,-0.019553680972593742,0.015743216010163423,False,False,False,False,-51096.0,-40572.72670439335,False,False,False,False,3524.539728025373,False,False,False,False
2025-01-24 17:00:00+00:00,18.585,18.6,18.5,18.505,3041.0,,,,,,,,,,,,,,,,,,,,,,,,,,,,,,"rgba(239, 83, 80, 1.0)",0.22910916395682968,18.772447477811212,-1.1673364486704154,34.07485053404764,-8.031724054739051,False,True,False,True,False,0.0,18.8102,,0.0,0.0,0.0,0.0,0.9470104845565317,0.9807310852932848,False,False,False,False,-0.03496938511206067,-0.009613084550948624,False,False,False,False,-54137.0,-40783.02551517796,False,False,False,False,3517.0429880559873,False,False,False,False
2025-01-24 18:00:00+00:00,18.51,18.59,18.48,18.57,3319.0,,,,,,,,,,,,,,,,,,,,,,,,,,,,,,"rgba(239, 83, 80, 0.5)",0.22944818253465626,18.764271858990597,-0.8466916444685865,34.51009998091037,-8.031724054739051,False,True,False,True,False,0.0,18.808699999999998,,0.0,0.0,0.0,0.0,0.9432363739056765,0.9810787913018929,False,False,False,False,-0.042089489230774345,-0.025851286890861483,False,False,False,False,-50818.0,-40938.60651494264,False,False,False,False,3513.972554132639,False,False,False,False
2025-01-24 19:00:00+00:00,18.57,18.66,18.56,18.605,4021.0,,,,,,,,,,,,,,,,,,,,,,,,,,,,,,"rgba(239, 83, 80, 0.5)",0.22991933563945724,18.757491975569728,-0.6632411978123249,35.79056969325599,-8.031724054739051,False,True,False,True,False,0.0,18.8084,,0.0,0.0,0.0,0.0,0.9479313256403039,0.9766394596115965,False,False,False,False,-0.0065171711531668815,-0.016184229022014184,False,False,False,False,-46797.0,-41029.43432091252,False,False,False,False,3521.833444766241,False,False,False,False
2025-01-24 20:00:00+00:00,18.6,18.77,18.55,18.765,22726.0,,,,,,,,,,,,,,,,,,,,,,,,,,,,,,#000000,0.22796795254459737,18.742181622765482,0.10009467111415292,40.57389699548305,-8.031724054739051,False,True,False,True,True,1.314631524471988,18.808,,0.0,0.0,0.0,0.0,0.9477799497347111,0.9729125942474176,False,False,False,False,0.017182994537258647,0.0004993827576222319,False,False,False,False,-24071.0,-40766.51285857279,False,False,False,False,3819.572461126454,False,False,False,False
2025-01-27 15:00:00+00:00,18.32,18.34,18.16,18.185,4576.0,,,,,,,,,,,,,,,,,,,,,,,,,,,,,,"rgba(255, 26, 202, 1.0)",0.23433974719860393,18.72779072005662,-2.3162554647488163,36.439619911585815,-8.031724054739051,False,True,False,True,False,0.0,18.7985,,0.0,0.0,0.0,0.0,0.9283970707892598,0.9731489015459729,False,False,False,False,-0.179034093789248,-0.08926735551581289,False,False,False,False,-28647.0,-40578.613434408864,False,False,False,False,3831.300019868679,False,False,False,False
2025-01-27 16:00:00+00:00,18.175,18.19,17.99,18.075,2736.0,,,,,,,,,,,,,,,,,,,,,,,,,,,,,,"rgba(255, 26, 202, 1.0)",0.24539143211396675,18.6688950315694,-2.420194651676256,32.88061797906716,-9.946348971391792,False,True,False,True,False,0.0,18.7854,,0.0,0.0,0.0,0.0,0.9221024258760109,0.9795148247978441,False,False,False,False,-0.25859429171181775,-0.17393082361381532,False,False,False,False,-31383.0,-40436.04578426299,False,False,False,False,3814.3186242118,True,False,False,False
2025-01-27 17:00:00+00:00,18.075,18.155,18.04,18.12,2916.0,,,,,,,,,,,,,,,,,,,,,,,,,,,,,,"rgba(255, 26, 202, 1.0)",0.25477532939524805,18.660382233722622,-2.121014758396383,31.444752492982012,-11.444407538313499,False,True,False,True,False,0.0,18.7831,,0.0,0.0,0.0,0.0,0.9352204681546,0.9795862819814921,False,False,False,False,-0.2548001051425673,-0.21436546437819132,False,False,False,False,-28467.0,-40250.47918295659,False,False,False,False,3800.3912036813845,False,False,False,False
2025-01-27 18:00:00+00:00,18.12,18.32,18.105,18.28,10623.0,,,,,,,,,,,,,,,,,,,,,,,,,,,,,,"rgba(239, 83, 80, 1.0)",0.25941682692161433,18.64327107267541,-1.400337352770012,33.6187086691728,-11.444407538313499,False,True,False,True,False,0.0,18.7778,,0.0,0.0,0.0,0.0,0.9354054054054056,0.9710810810810817,False,False,False,False,-0.19744562151687717,-0.20590554294753424,False,False,False,False,-17844.0,-39903.09190880222,False,False,False,False,3906.1680842444634,False,False,False,False
2025-01-27 19:00:00+00:00,18.28,18.37,18.215,18.355,11924.0,,,,,,,,,,,,,,,,,,,,,,,,,,,,,,"rgba(239, 83, 80, 1.0)",0.26238945334219127,18.62827948353065,-1.0415033075824787,36.40906832731136,-11.444407538313499,False,True,False,True,True,0.0,18.7746,,0.0,0.0,0.0,0.0,0.9427111350188275,0.9663797740720824,False,False,False,False,-0.15831123803762703,-0.18210839049258065,False,False,False,False,-5920.0,-39376.222266805285,False,False,False,False,4030.4755558065644,False,False,False,False
2025-01-27 20:00:00+00:00,18.36,18.495,18.33,18.425,18245.0,,,,,,,,,,,,,,,,,,,,,,,,,,,,,,"rgba(239, 83, 80, 0.5)",0.2641468844725702,18.616447595993876,-0.7247770359894415,39.50214077672755,-17.41980084397563,False,True,False,True,True,0.0,18.7698,,0.0,0.0,0.0,0.0,0.9472274310206269,0.9630324136083585,False,False,False,False,-0.1004623086947374,-0.14128534959365902,False,False,False,False,12325.0,-38574.65292933543,False,False,False,False,4250.855779747548,False,False,False,False
2025-01-28 15:00:00+00:00,18.425,18.635,18.405,18.54,2087.0,,,,,,,,,,,,,,,,,,,,,,,,,,,,,,#000000,0.264547259014795,18.616279444398224,-0.2883395756293149,43.47258255094508,-13.5614908748421,False,True,False,True,True,0.0,18.7681,,0.0,0.0,0.0,0.0,0.9484727755644093,0.9580345285524573,False,False,False,False,-0.04921386098738947,-0.09524960529052424,False,False,False,False,14412.0,-37753.154434306976,False,False,False,False,4217.307628123555,False,False,False,False
2025-01-28 16:00:00+00:00,18.535,18.67,18.535,18.67,2856.0,,,,,,,,,,,,,,,,,,,,,,,,,,,,,,#000000,0.264250052204496,18.61745203408611,0.19885697457961599,48.034033210478015,-9.24658669948473,False,True,False,False,True,0.45218618444196323,18.766299999999998,,0.0,0.0,0.0,0.0,0.9575709360912227,0.9559798461946438,False,False,False,False,-0.01007217684996905,-0.05266089107024665,False,False,False,False,17268.0,-36900.113280286714,False,False,False,False,4196.202083501485,False,False,False,False
2025-01-28 17:00:00+00:00,18.665,18.71,18.62,18.64,1693.0,,,,,,,,,,,,,,,,,,,,,,,,,,,,,,#000000,0.2640351805660854,18.618356991071206,0.08197017110520104,50.50770578332384,-6.886846337397337,False,False,True,False,True,0.0,18.7649,,0.0,0.0,0.0,0.0,0.973002159827214,0.952213822894169,False,False,False,False,0.01955363355770294,-0.016553628756271855,False,False,False,False,15575.0,-36086.54563253033,False,False,False,False,4157.392748873554,False,False,False,False
2025-01-28 18:00:00+00:00,18.64,18.825,18.635,18.79,2048.0,,,,,,,,,,,,,,,,,,,,,,,,,,,,,,"rgba(38, 166, 154, 0.5)",0.2641721388014029,18.6203495678773,0.6421965347762727,54.286961449163684,-3.2626507681980286,False,False,True,False,True,2.4095078092983258,18.765700000000002,,0.0,0.0,0.0,0.0,0.9769003491807684,0.9417136717700787,False,False,False,False,0.04631721839936225,0.014881794821545198,False,False,False,False,17623.0,-35253.83949869265,False,False,False,False,4124.688985325127,False,False,False,False
2025-01-28 19:00:00+00:00,18.79,18.8,18.72,18.755,1658.0,,,,,,,,,,,,,,,,,,,,,,,,,,,,,,"rgba(38, 166, 154, 0.5)",0.26421773030778567,18.62195676816466,0.5035363511765699,56.05830834207273,-1.4656925377353645,True,False,True,False,True,1.8105050042925441,18.7635,,0.0,0.0,0.0,0.0,0.9789132197891321,0.9507975128413091,False,False,False,False,0.06078510709909919,0.037833450960322194,False,False,False,False,15965.0,-34459.748963829195,False,False,False,False,4086.4457452425668,False,False,False,False
2025-01-28 20:00:00+00:00,18.755,18.76,18.655,18.68,6243.0,,,,,,,,,,,,,,,,,,,,,,,,,,,,,,#000000,0.26396812529386937,18.62569990154736,0.20570702766551224,55.64090247917246,-1.4656925377353645,True,False,True,False,True,0.5324913235881716,18.7597,,0.0,0.0,0.0,0.0,0.9658906334596644,0.9585814834867359,False,False,False,False,0.03547933368349005,0.03665639232190612,False,False,False,False,9722.0,-33774.76060780083,False,False,False,False,4119.880694928728,False,False,False,False
2025-01-29 15:00:00+00:00,18.855,18.875,18.575,18.605,1600.0,,,,,,,,,,,,,,,,,,,,,,,,,,,,,,#000000,0.26405759677464913,18.62646817534042,-0.08130110855602946,53.84642358254352,-1.4656925377353645,False,False,True,False,True,0.0,18.7529,,0.0,0.0,0.0,0.0,0.9608893651218859,0.9525850522368076,False,False,False,False,0.04390794926618194,0.04028217079404403,False,False,False,False,8122.0,-33125.19842783493,False,False,False,False,4080.812777177895,False,False,False,False
2025-01-29 16:00:00+00:00,18.605,18.625,18.56,18.595,1121.0,,,,,,,,,,,,,,,,,,,,,,,,,,,,,,#000000,0.2643051744200518,18.62651105949631,-0.1192222572465821,52.44411313132982,-1.4656925377353645,False,False,True,False,False,0.0,18.749200000000002,,0.0,0.0,0.0,0.0,0.9655728886498117,0.962076385153309,False,False,False,False,-0.01983869042441557,0.01022174018481423,False,False,False,False,7001.0,-32503.0868243026,False,False,False,False,4034.9242069890906,False,False,False,False
2025-01-29 17:00:00+00:00,18.595,18.645,18.47,18.515,2427.0,,,,,,,,,,,,,,,,,,,,,,,,,,,,,,#000000,0.26517312040207347,18.626029122351955,-0.4187042871600437,49.86056600566783,-1.4656925377353645,False,False,False,False,False,0.0,18.7426,,0.0,0.0,0.0,0.0,0.9656652360515021,0.9554721030042925,False,False,False,False,-0.03668313343436452,-0.013230696624775147,False,False,False,False,4574.0,-31928.248268887055,False,False,False,False,4009.9951495163914,False,False,False,False
2025-01-29 18:00:00+00:00,18.515,18.525,18.465,18.505,1874.0,,,,,,,,,,,,,,,,,,,,,,,,,,,,,,#000000,0.2661214076386798,18.625272291256138,-0.4519451942003706,47.93234172288703,4.158129220888391,False,True,False,True,False,0.0,18.7367,,0.0,0.0,0.0,0.0,0.9668731483975224,0.9606786964718564,False,False,False,False,-0.06682060454014538,-0.040025650582460263,False,False,False,False,2700.0,-31391.37620270276,False,False,False,False,3976.8789456479203,False,False,False,False
2025-01-29 19:00:00+00:00,18.5,18.5,18.305,18.355,4764.0,,,,,,,,,,,,,,,,,,,,,,,,,,,,,,"rgba(239, 83, 80, 0.5)",0.26585137756826416,18.604315265553115,-0.9377994119631624,43.86877596366352,0.12344845322532905,False,True,False,True,False,0.0,18.7278,,0.0,0.0,0.0,0.0,0.9584450402144773,0.9605898123324403,False,False,False,False,-0.13393085986881365,-0.08697825522563696,False,False,False,False,-2064.0,-30936.688199560078,False,False,False,False,3989.0823728471773,False,False,False,False
2025-01-29 20:00:00+00:00,18.355,18.485,18.335,18.455,5027.0,,,,,,,,,,,,,,,,,,,,,,,,,,,,,,"rgba(239, 83, 80, 0.5)",0.2644226755619497,18.602532443586284,-0.5579417244483694,43.82008138846929,-0.15207716943326233,False,True,False,True,False,0.0,18.721799999999998,,0.0,0.0,0.0,0.0,0.9568942436412319,0.9651941097724237,False,False,False,False,-0.15963502704428065,-0.1233066411349588,False,False,False,False,2963.0,-30411.11163832659,False,False,False,False,4005.1741190045855,False,False,False,False
2025-01-30 15:00:00+00:00,18.81,18.93,18.79,18.86,14658.0,,,,,,,,,,,,,,,,,,,,,,,,,,,,,,"rgba(38, 166, 154, 0.5)",0.26262363026041646,18.651262696567933,0.794815391231487,50.56694483986211,-5.749297419313528,False,False,False,False,True,3.6244219900208847,18.7255,,0.0,0.0,0.0,0.0,0.9590443686006825,0.9608821212916782,False,False,False,False,0.08336327203886745,-0.019971684548045675,False,False,False,False,17621.0,-29666.427736957186,False,False,False,False,4170.334210182808,False,False,False,False
2025-01-30 16:00:00+00:00,18.86,18.92,18.795,18.795,17425.0,,,,,,,,,,,,,,,,,,,,,,,,,,,,,,#000000,0.25940276172928767,18.666687875669844,0.49464440345498045,53.756865857849405,-2.810295335687975,True,False,True,False,True,2.534635825638418,18.7277,,0.0,0.0,0.0,0.0,0.9570680628272253,0.9620418848167545,False,False,False,False,0.08201261562747351,0.03102046553971392,False,False,False,False,196.0,-29203.444361190406,False,False,False,False,4375.832904598578,False,False,False,False
2025-01-30 17:00:00+00:00,18.795,18.83,18.72,18.805,4660.0,,,,,,,,,,,,,,,,,,,,,,,,,,,,,,"rgba(38, 166, 154, 0.5)",0.2546529700104123,18.66852158226629,0.5359388415070475,56.02287403256623,-0.668789648692858,True,False,True,False,True,2.691972839863489,18.7301,,0.0,0.0,0.0,0.0,0.952628839146278,0.9640812077043214,False,False,False,False,0.03757862466358708,0.0342995451016505,False,False,False,False,4856.0,-28675.390960241715,False,False,False,False,4380.23859600015,False,False,False,False
2025-01-30 18:00:00+00:00,18.81,18.85,18.735,18.835,5755.0,,,,,,,,,,,,,,,,,,,,,,,,,,,,,,"rgba(38, 166, 154, 0.5)",0.2549808860527414,18.67146668173313,0.6413552042996891,57.98314795666027,1.283441838100245,True,False,True,False,True,3.169397790351436,18.7331,,0.0,0.0,0.0,0.0,0.953686934023286,0.9632600258732218,False,False,False,False,0.04698573452385477,0.04064263981275264,False,False,False,False,10611.0,-28066.29962752479,False,False,False,False,4401.552726294722,False,False,False,False
2025-01-30 19:00:00+00:00,18.825,18.825,18.66,18.665,4577.0,,,,,,,,,,,,,,,,,,,,,,,,,,,,,,#000000,0.2549077381229213,18.671435885161216,-0.02524790031330259,55.59692357781906,1.283441838100245,True,False,True,False,True,0.29474844101368447,18.7327,,0.0,0.0,0.0,0.0,0.9497435897435897,0.9643589743589749,False,False,False,False,0.020124639147928506,0.03038363948034057,False,False,False,False,6034.0,-27537.612811594172,False,False,False,False,4404.272839065346,False,False,False,False
2025-01-30 20:00:00+00:00,18.665,18.695,18.465,18.6,21040.0,,,,,,,,,,,,,,,,,,,,,,,,,,,,,,#000000,0.25502857992108535,18.660154109786543,-0.2358720336566012,52.795087242711475,1.283441838100245,True,False,True,False,False,0.0,18.731,,0.0,0.0,0.0,0.0,0.9404460212873796,0.9713634059807406,False,False,False,False,-0.06717404773830547,-0.01839520412898245,False,False,False,False,-15006.0,-27343.32424087178,False,False,False,False,4662.191089622473,False,False,False,False
2025-01-31 15:00:00+00:00,18.65,18.73,18.565,18.68,2865.0,,,,,,,,,,,,,,,,,,,,,,,,,,,,,,#000000,0.25497664616603405,18.659895618467647,0.07884793307407784,52.51254219699414,1.283441838100245,True,False,True,False,False,0.5522311816990673,18.7309,,0.0,0.0,0.0,0.0,0.9459663231967832,0.9698416687609958,False,False,False,False,-0.03086347883838678,-0.024629341483684616,False,False,False,False,-12141.0,-27107.6292914009,False,False,False,False,4634.327661876388,False,False,False,False
2025-01-31 16:00:00+00:00,18.7,18.71,18.625,18.635,2367.0,,,,,,,,,,,,,,,,,,,,,,,,,,,,,,#000000,0.2550757350878744,18.659682654222873,-0.09676598291236324,51.39052263943775,1.283441838100245,True,False,False,False,False,0.0,18.7299,,0.0,0.0,0.0,0.0,0.9491991991991993,0.9709709709709714,False,False,False,False,-0.020124692828195567,-0.022377017155940093,False,False,False,False,-14508.0,-26912.28620161174,False,False,False,False,4599.175295025592,False,False,False,False
2025-01-31 17:00:00+00:00,18.645,18.77,18.63,18.755,1594.0,,,,,,,,,,,,,,,,,,,,,,,,,,,,,,#000000,0.2551024877951372,18.659966653386892,0.37253006599223987,53.00271270457499,1.283441838100245,True,False,True,False,False,1.7791015465170936,18.721999999999998,,0.0,0.0,0.0,0.0,0.9486135843296871,0.9750699567540071,False,False,False,False,-0.002682959877952012,-0.012529988516946053,False,False,False,False,-12914.0,-26695.258508563493,False,False,False,False,4552.5834299864355,False,False,False,False
2025-01-31 18:00:00+00:00,18.755,18.76,18.565,18.57,2735.0,,,,,,,,,,,,,,,,,,,,,,,,,,,,,,#000000,0.24931919914649955,18.65945563834509,-0.35879963777890106,50.43185533133257,6.137104145316428,True,False,False,False,False,0.0,18.711,,0.0,0.0,0.0,0.0,0.941266209000763,0.9814391050088993,False,False,False,False,-0.022808857591376377,-0.017669423054161214,False,False,False,False,-15649.0,-26523.9986867253,False,False,False,False,4524.40384192463,False,False,False,False
2025-01-31 19:00:00+00:00,18.57,18.6,18.515,18.53,3328.0,,,,,,,,,,,,,,,,,,,,,,,,,,,,,,"rgba(239, 83, 80, 0.5)",0.2494730843594328,18.657737026660424,-0.5120272873861758,48.035930753306125,3.654310814925651,False,False,False,True,False,0.0,18.6998,,0.0,0.0,0.0,0.0,0.938394683026585,0.9897750511247448,False,False,False,False,-0.07931224725512659,-0.048490835154643905,False,False,False,False,-18977.0,-26406.99095514816,False,False,False,False,4505.854945150604,False,False,False,False
2025-01-31 20:00:00+00:00,18.53,18.575,18.485,18.51,7478.0,,,,,,,,,,,,,,,,,,,,,,,,,,,,,,"rgba(239, 83, 80, 0.5)",0.24953109178167482,18.653444344453156,-0.5748555958656247,46.08142086143765,1.6149207082660695,False,False,False,True,False,0.0,18.6876,,0.0,0.0,0.0,0.0,0.9373881932021468,0.9851776130845903,False,False,False,False,-0.09417992803620018,-0.07133538159542205,False,False,False,False,-26455.0,-26407.735281424935,False,False,False,False,4551.934713442843,False,False,False,False
2025-02-03 15:00:00+00:00,18.45,18.685,18.315,18.465,2343.0,,,,,,,,,,,,,,,,,,,,,,,,,,,,,,"rgba(239, 83, 80, 0.5)",0.2512616811860123,18.64165108364645,-0.7030562034474096,43.94864389141429,-0.5802418960943925,False,True,False,True,False,0.0,18.6758,,0.0,0.0,0.0,0.0,0.9326267978803938,0.9785516023214742,False,False,False,False,-0.11044693389534815,-0.0908911577453851,False,False,False,False,-28798.0,-26444.79364915478,False,False,False,False,4517.687663622024,False,False,False,False
2025-02-03 16:00:00+00:00,18.46,18.535,18.365,18.435,1019.0,,,,,,,,,,,,,,,,,,,,,,,,,,,,,,"rgba(239, 83, 80, 0.5)",0.25322350630250146,18.640044765632446,-0.8097382767755384,41.966024309851015,-2.623370893976748,False,True,False,True,False,0.0,18.6635,,0.0,0.0,0.0,0.0,0.9317036290322581,0.9909274193548391,False,False,False,False,-0.1376929240182171,-0.11429204088180109,False,False,False,False,-29817.0,-26497.07591816013,False,False,False,False,4463.444444030984,False,False,False,False
2025-02-03 17:00:00+00:00,18.44,18.54,18.41,18.44,1381.0,,,,,,,,,,,,,,,,,,,,,,,,,,,,,,"rgba(239, 83, 80, 0.5)",0.2552532393843515,18.638869998612062,-0.7791086181382764,40.80725515784667,-3.9214133490717558,False,True,False,True,False,0.0,18.6504,,0.0,0.0,0.0,0.0,0.9372005044136194,0.9904161412358139,False,False,False,False,-0.12404702357389183,-0.11916953222784646,False,False,False,False,-28436.0,-26527.13675663827,False,False,False,False,4415.654607689419,False,False,False,False
2025-02-03 18:00:00+00:00,18.42,18.545,18.4,18.515,2392.0,,,,,,,,,,,,,,,,,,,,,,,,,,,,,,#000000,0.2563184779959318,18.63775518356475,-0.47891663731983153,42.44283127637034,-3.9214133490717558,False,True,False,True,False,0.0,18.6388,,0.0,0.0,0.0,0.0,0.9380196523053669,0.9909297052154199,False,False,False,False,-0.12540946485313426,-0.12228949854049036,False,False,False,False,-26044.0,-26519.646264287287,False,False,False,False,4384.280117647722,False,False,False,False
2025-02-03 19:00:00+00:00,18.505,18.59,18.505,18.545,5526.0,,,,,,,,,,,,,,,,,,,,,,,,,,,,,,#000000,0.2570279369258314,18.63764180305148,-0.36043476113731215,44.44157554625448,-3.9214133490717558,False,True,False,True,True,0.0,18.624699999999997,,0.0,0.0,0.0,0.0,0.9413541404480243,0.9876667505663231,False,False,False,False,-0.0847142860152499,-0.10350189227787013,False,False,False,False,-20518.0,-26426.59748499601,False,False,False,False,4401.981201095044,False,False,False,False
2025-02-03 20:00:00+00:00,18.55,18.7,18.515,18.69,15037.0,,,,,,,,,,,,,,,,,,,,,,,,,,,,,,#000000,0.25641258630262914,18.641251028134786,0.1901192627404024,49.459408810388894,-5.8233399382571776,True,False,False,False,True,1.0941589385056467,18.6113,,0.0,0.0,0.0,0.0,0.9409113670505761,0.9842263395092644,False,False,False,False,-0.05236490628733903,-0.07793339928260458,False,False,False,False,-5481.0,-26101.859539492194,False,False,False,False,4566.865213481167,False,False,False,False
2025-02-04 15:00:00+00:00,18.91,19.285,18.875,19.16,8074.0,,,,,,,,,,,,,,,,,,,,,,,,,,,,,,"rgba(0, 255, 255, 0.75)",0.26101045852503363,18.659951445463825,1.915818076263848,58.729236292424844,2.576776353676145,True,False,True,False,True,8.454242386609764,18.6096,,0.0,0.0,0.0,0.0,0.9514870794734279,0.9624573378839596,False,False,False,False,0.20400315775737787,0.06303487923738665,False,False,False,False,2593.0,-25656.977996244255,False,False,False,False,4621.239396217893,False,False,False,False
2025-02-04 16:00:00+00:00,19.17,19.4,19.17,19.37,4681.0,,,,,,,,,,,,,,,,,,,,,,,,,,,,,,"rgba(0, 255, 0, 1.0)",0.27054586129351876,18.67343865598785,2.5746516345945536,66.27837338125889,9.060482969511057,True,False,True,False,True,11.344491824030982,18.6152,,0.0,0.0,0.0,0.0,0.9663682555044764,0.9574159206387618,False,False,False,False,0.32189508407239925,0.19246498165489295,False,False,False,False,7274.0,-25146.42019785287,False,False,False,False,4622.165917206763,False,False,False,False
2025-02-04 17:00:00+00:00,19.375,19.42,19.325,19.365,2794.0,,,,,,,,,,,,,,,,,,,,,,,,,,,,,,"rgba(0, 255, 0, 1.0)",0.2805734635856664,18.681552939191935,2.435893445066979,71.18046360229714,13.079204282195946,True,False,True,False,True,11.25347614945494,18.6281,,0.0,0.0,0.0,0.0,0.9855143628774858,0.9531058188067768,False,False,False,False,0.34282819666431835,0.26764658915960565,False,False,False,False,4480.0,-24687.095853700113,False,False,False,False,4593.822259575651,False,False,False,False
2025-02-04 18:00:00+00:00,19.36,19.365,19.29,19.32,1495.0,,,,,,,,,,,,,,,,,,,,,,,,,,,,,,"rgba(0, 255, 0, 1.0)",0.2885244848853685,18.685425590471944,2.199378017363672,73.19311585164871,14.649285578070263,True,False,True,False,True,10.426504493971425,18.6386,,0.0,0.0,0.0,0.0,0.9805514524864597,0.954702117183654,False,False,False,False,0.3170554870649625,0.2923510381122841,False,False,False,False,2985.0,-24258.07111178228,False,False,False,False,4545.778503613237,False,False,False,False
2025-02-04 19:00:00+00:00,19.32,19.62,19.31,19.505,5291.0,,,,,,,,,,,,,,,,,,,,,,,,,,,,,,"rgba(0, 255, 0, 1.0)",0.3019042715649749,18.70167346143603,2.66086509607758,75.87910353661235,17.12518229525523,True,False,True,False,True,12.923260230635641,18.6511,,0.0,0.0,0.0,0.0,0.9782873871676017,0.9458404488899738,False,False,False,False,0.34282820054939056,0.3175896193308373,False,False,False,False,8276.0,-23753.66690849883,False,False,False,False,4557.332325262644,False,False,False,False
2025-02-04 20:00:00+00:00,19.51,19.535,19.39,19.415,5827.0,,,,,,,,,,,,,,,,,,,,,,,,,,,,,,"rgba(0, 255, 0, 1.0)",0.3116781517371073,18.7173318721806,2.2384248749263103,75.27765848161593,17.12518229525523,True,False,True,False,True,11.267439283980679,18.6628,,0.0,0.0,0.0,0.0,0.9815220034038414,0.9484561147580848,False,False,False,False,0.3414821478526376,0.32953588359173747,False,False,False,False,2449.0,-23347.424010692648,False,False,False,False,4577.017095413611,False,False,False,False
2025-02-05 15:00:00+00:00,19.795,19.945,19.78,19.88,2354.0,,,,,,,,,,,,,,,,,,,,,,,,,,,,,,"rgba(0, 255, 0, 1.0)",0.3378549584850903,18.803847104057596,3.185251152647785,77.8081942681201,19.400262897408908,True,False,True,False,True,17.023748180955813,18.6846,,0.0,0.0,0.0,0.0,0.9857244825124909,0.9338567689745426,False,False,False,False,0.3428282126293537,0.3361820481105456,False,False,False,False,4803.0,-22910.983328356328,False,False,False,False,4542.551714089369,False,False,False,False
2025-02-05 16:00:00+00:00,19.88,19.895,19.65,19.695,2559.0,,,,,,,,,,,,,,,,,,,,,,,,,,,,,,"rgba(0, 255, 0, 1.0)",0.3542807330886441,18.808724414214435,2.501619487063135,75.85402883731584,19.400262897408908,True,False,True,False,True,13.76886005918762,18.702900000000003,18.56685,0.0,0.0,0.0,0.0,0.9834515366430258,0.9345153664302606,False,False,False,False,0.3056646812542671,0.32092336468240634,False,False,False,False,2244.0,-22520.983586831422,False,False,False,False,4511.798974336045,False,False,False,False
2025-02-05 17:00:00+00:00,19.695,19.765,19.69,19.725,2107.0,,,,,,,,,,,,,,,,,,,,,,,,,,,,,,"rgba(0, 255, 0, 1.0)",0.37051688998715726,18.814159152237917,2.4582977790665796,74.77085126199898,19.400262897408908,True,False,True,False,True,14.125145058035308,18.7267,18.572425,0.0,0.0,0.0,0.0,0.9848411934552452,0.9564485081809434,False,False,False,False,0.2873912785506753,0.30415732161654085,False,False,False,False,4351.0,-22104.363686260393,False,False,False,False,4474.51526930758,False,False,False,False
2025-02-05 18:00:00+00:00,19.73,19.795,19.695,19.705,1964.0,,,,,,,,,,,,,,,,,,,,,,,,,,,,,,"rgba(0, 255, 0, 1.0)",0.3849287169296501,18.819785543655918,2.2996841165941455,73.62986784898114,19.400262897408908,True,False,True,False,False,13.773752599913646,18.749200000000002,18.57855,0.0,0.0,0.0,0.0,0.9833212472806379,0.9540729997582793,False,False,False,False,0.29447480481736316,0.29931606321695203,False,False,False,False,2387.0,-21724.65262135713,False,False,False,False,4435.592551953974,False,False,False,False
2025-02-05 19:00:00+00:00,19.705,19.71,19.49,19.49,3608.0,,,,,,,,,,,,,,,,,,,,,,,,,,,,,,"rgba(0, 255, 255, 0.75)",0.3926309043198417,18.82516527842532,1.6932816909213444,68.75284002906304,25.980675031998942,True,False,True,False,False,10.093554147520354,18.768900000000002,18.58355,0.0,0.0,0.0,0.0,0.967075222302331,0.9603460706560926,False,False,False,False,0.2365734911705785,0.26794477719376525,False,False,False,False,-1221.0,-21406.766534204307,False,False,False,False,4422.761659675618,False,False,False,False
2025-02-05 20:00:00+00:00,19.49,19.67,19.485,19.625,8068.0,,,,,,,,,,,,,,,,,,,,,,,,,,,,,,"rgba(0, 255, 255, 0.75)",0.4032016909731326,18.842180089007417,1.941509493929047,66.99044647095297,24.04874090318694,True,False,True,False,False,11.772971605957245,18.79,18.589675,0.0,0.0,0.0,0.0,0.9702922855773837,0.9599904168663155,False,False,False,False,0.22773573685387272,0.24784025702381898,False,False,False,False,6847.0,-20968.723642201137,False,False,False,False,4479.276982781422,False,False,False,False
2025-02-06 15:00:00+00:00,19.54,19.63,19.525,19.565,14514.0,,,,,,,,,,,,,,,,,,,,,,,,,,,,,,"rgba(0, 255, 255, 0.75)",0.4116371182450718,18.871035552428864,1.6858646045568197,64.72267043466015,21.61690472798479,True,False,True,False,False,10.766549472821158,18.8092,18.5958,0.0,0.0,0.0,0.0,0.9732185557149687,0.9583931133428986,False,False,False,False,0.22773573685387272,0.23778799693884584,False,False,False,False,-7667.0,-20762.49536867864,False,False,False,False,4634.85408382357,False,False,False,False
2025-02-06 16:00:00+00:00,19.56,19.685,19.545,19.57,9239.0,,,,,,,,,,,,,,,,,,,,,,,,,,,,,,"rgba(0, 255, 255, 0.75)",0.4196856395399136,18.88937089904989,1.6217593284732343,63.27478103927433,19.933036411502613,True,False,True,False,False,10.829837495346617,18.8253,18.60235,0.0,0.0,0.0,0.0,0.975627240143369,0.9572281959378738,False,False,False,False,0.2424854672448694,0.24013673209185762,False,False,False,False,1572.0,-20416.224122652613,False,False,False,False,4706.236191051112,False,False,False,False
2025-02-06 17:00:00+00:00,19.565,19.635,19.565,19.605,6118.0,,,,,,,,,,,,,,,,,,,,,,,,,,,,,,"rgba(0, 255, 255, 0.75)",0.4280508094788351,18.900912247744735,1.6448695731063183,62.792459257669,19.08159008366701,True,False,True,False,False,11.278293287316174,18.8537,18.609724999999997,0.0,0.0,0.0,0.0,0.9726553130247061,0.9644998800671626,False,False,False,False,0.2365734911705785,0.23835511163121806,False,False,False,False,7690.0,-19980.46870989831,False,False,False,False,4728.124002042568,False,False,False,False
2025-02-06 18:00:00+00:00,19.605,19.615,19.525,19.57,2056.0,,,,,,,,,,,,,,,,,,,,,,,,,,,,,,"rgba(0, 255, 255, 0.75)",0.43451586396359193,18.904421546809374,1.531770203092965,61.65659332705072,17.571505803483262,True,False,True,False,False,10.667385116916503,18.8836,18.616925,0.0,0.0,0.0,0.0,0.9677186220187904,0.9696458684654303,False,False,False,False,0.22479763780247242,0.23157637471684522,False,False,False,False,5634.0,-19583.345164008413,False,False,False,False,4686.695722941132,False,False,False,False
2025-02-06 19:00:00+00:00,19.57,19.58,19.525,19.535,3305.0,,,,,,,,,,,,,,,,,,,,,,,,,,,,,,"rgba(38, 166, 154, 1.0)",0.44032627133208396,18.909671869305857,1.4201472212920383,60.05688747351046,15.655674292517816,False,False,True,False,False,10.052863377198381,18.9119,18.62395,0.0,0.0,0.0,0.0,0.971796742037442,0.9698516897641628,False,False,False,False,0.21795679816663951,0.22476658644174236,False,False,False,False,2329.0,-19243.61888239588,False,False,False,False,4665.274083825765,False,False,False,False
2025-02-06 20:00:00+00:00,19.535,19.67,19.53,19.665,10167.0,,,,,,,,,,,,,,,,,,,,,,,,,,,,,,"rgba(0, 255, 255, 0.75)",0.4490040730969471,18.927993190693257,1.6414256650799026,61.16173017515381,15.655674292517816,True,False,True,False,False,11.77188449058928,18.9396,18.631625,0.0,0.0,0.0,0.0,0.9735372663267782,0.9575139596989564,False,False,False,False,0.2365734911705785,0.23067003880616044,False,False,False,False,12496.0,-18751.53176794013,False,False,False,False,4750.572160045521,False,False,False,False
2025-02-07 15:00:00+00:00,19.73,20.04,19.715,19.92,3274.0,,,,,,,,,,,,,,,,,,,,,,,,,,,,,,"rgba(0, 255, 0, 1.0)",0.46392331029797274,18.93675394129502,2.1194150776201646,64.94966622775428,15.655674292517816,True,False,True,False,True,14.953026642740074,18.9709,18.640575,0.0,0.0,0.0,0.0,0.9802884615384613,0.9449519230769232,False,False,False,False,0.3428282129800058,0.2867491258930831,False,False,False,False,15770.0,-18216.314221150362,False,False,False,False,4727.679568416908,False,False,False,False
2025-02-07 16:00:00+00:00,19.915,19.95,19.765,19.775,2807.0,,,,,,,,,,,,,,,,,,,,,,,,,,,,,,"rgba(0, 255, 255, 0.75)",0.47459726881594994,18.943466587296673,1.752082170168992,64.1427193459505,15.655674292517816,True,False,True,False,True,12.401537886449717,18.9979,18.648799999999998,0.0,0.0,0.0,0.0,0.9784224406617116,0.9518101174778232,False,False,False,False,0.33456354845796604,0.31065633717552454,False,False,False,False,12963.0,-17732.91400066741,False,False,False,False,4697.901590611995,False,False,False,False
2025-02-07 17:00:00+00:00,19.77,19.88,19.755,19.86,4939.0,,,,,,,,,,,,,,,,,,,,,,,,,,,,,,"rgba(0, 255, 255, 0.75)",0.48699578221159534,18.954944956851257,1.858445342254533,64.64553807427762,15.655674292517816,True,False,True,False,True,13.445920343689469,19.0243,18.65675,0.0,0.0,0.0,0.0,0.9749761677788368,0.9523355576739754,False,False,False,False,0.3181642874686434,0.31441031232208394,False,False,False,False,17902.0,-17180.434713835355,False,False,False,False,4701.639550447468,False,False,False,False
2025-02-07 18:00:00+00:00,19.855,19.91,19.82,19.83,3607.0,,,,,,,,,,,,,,,,,,,,,,,,,,,,,,"rgba(0, 255, 255, 0.75)",0.497923363255499,18.963314310525295,1.7406005691481918,64.27990219610008,15.655674292517816,True,False,True,False,True,12.91765967519446,19.0475,18.664424999999998,0.0,0.0,0.0,0.0,0.9781680113906026,0.9511153298528714,False,False,False,False,0.3376575810714417,0.32603394669676283,False,False,False,False,14295.0,-16692.443477961937,False,False,False,False,4684.668394626576,False,False,False,False
2025-02-07 19:00:00+00:00,19.825,19.89,19.78,19.8,5953.0,,,,,,,,,,,,,,,,,,,,,,,,,,,,,,"rgba(0, 255, 255, 0.75)",0.5077227909326355,18.976076147043653,1.6227828800887252,63.299482967599616,15.655674292517816,True,False,True,False,True,12.385083540624095,19.070700000000002,18.671775,0.0,0.0,0.0,0.0,0.976392823418319,0.9523135033050047,False,False,False,False,0.32531813010613203,0.32567603840144743,False,False,False,False,8342.0,-16304.312571326866,False,False,False,False,4704.332450523839,False,False,False,False
2025-02-07 20:00:00+00:00,19.805,19.875,19.74,19.82,12667.0,,,,,,,,,,,,,,,,,,,,,,,,,,,,,,"rgba(0, 255, 255, 0.75)",0.5166886249329741,19.001130260200394,1.5848418182340116,62.97345079510109,15.655674292517816,True,False,True,False,True,12.642052142822823,19.0913,18.679225,0.0,0.0,0.0,0.0,0.9746657283603094,0.953319258737978,False,False,False,False,0.3140905224716064,0.3198832804365269,False,False,False,False,21009.0,-15725.811601228776,False,False,False,False,4827.784660593237,False,False,False,False
2025-02-10 15:00:00+00:00,20.085,20.19,20.025,20.135,5808.0,,,,,,,,,,,,,,,,,,,,,,,,,,,,,,"rgba(0, 255, 255, 0.75)",0.5326521438108542,19.100292031391135,1.942558535869319,66.65625453317224,12.727809550632948,True,False,True,False,True,16.50046880880545,19.1189,18.68825,0.0,0.0,0.0,0.0,0.978787180078395,0.9439704865114134,False,False,False,False,0.34282821770374244,0.33135574907013465,False,False,False,False,26817.0,-15066.23312679112,False,False,False,False,4842.981797638304,False,False,False,False
2025-02-10 16:00:00+00:00,20.135,20.135,19.915,20.045,1913.0,,,,,,,,,,,,,,,,,,,,,,,,,,,,,,"rgba(0, 255, 255, 0.75)",0.546412476609555,19.103440533947737,1.7231661178283573,66.87215620943438,13.075193278577238,True,False,True,False,True,14.879099665438506,19.1462,18.696825,0.0,0.0,0.0,0.0,0.9739785437114813,0.9470440538689796,False,False,False,False,0.312831828493558,0.32209378878184636,False,False,False,False,24904.0,-14446.539589941645,False,False,False,False,4797.555723256314,False,False,False,False
2025-02-10 17:00:00+00:00,20.045,20.1,20.005,20.02,1089.0,,,,,,,,,,,,,,,,,,,,,,,,,,,,,,"rgba(0, 255, 255, 0.75)",0.5597103498021713,19.105570236072992,1.6337553240711216,66.39736602018098,13.075193278577238,True,False,True,False,True,14.429927447721848,19.174500000000002,18.705275,0.0,0.0,0.0,0.0,0.9777931991672448,0.9597501734906314,False,False,False,False,0.32276776729428514,0.32243077803806575,False,False,False,False,23815.0,-13853.337425756505,False,False,False,False,4740.058735298852,False,False,False,False
2025-02-10 18:00:00+00:00,20.015,20.055,19.945,20.045,4252.0,,,,,,,,,,,,,,,,,,,,,,,,,,,,,,"rgba(0, 255, 255, 0.75)",0.5722905218867731,19.113522020429905,1.627631323508777,66.42742876063573,13.081014891184239,True,False,True,False,True,14.73723775841091,19.2035,18.71385,0.0,0.0,0.0,0.0,0.9793455558134139,0.9538175910884195,False,False,False,False,0.30385082963219484,0.3131408038351303,False,False,False,False,28067.0,-13203.40971372927,False,False,False,False,4732.491933201195,False,False,False,False
2025-02-10 19:00:00+00:00,20.04,20.095,20.025,20.075,3688.0,,,,,,,,,,,,,,,,,,,,,,,,,,,,,,"rgba(0, 255, 255, 0.75)",0.5852255821322032,19.12201675115518,1.628403265237882,66.88356964516562,13.793078914052074,True,False,True,False,True,15.109315324975118,19.2347,18.722575,0.0,0.0,0.0,0.0,0.9809080325960418,0.9520372526193248,False,False,False,False,0.3254882196678522,0.3193145117514913,False,False,False,False,31755.0,-12506.380105764474,False,False,False,False,4716.298259818231,False,False,False,False
2025-02-10 20:00:00+00:00,20.075,20.115,19.99,20.005,8170.0,,,,,,,,,,,,,,,,,,,,,,,,,,,,,,"rgba(38, 166, 154, 1.0)",0.5961451014492836,19.13895529146594,1.4527414658421653,65.08707200353544,13.793078914052074,True,False,True,False,False,13.803845215321122,19.2647,18.73095,0.0,0.0,0.0,0.0,0.9758364312267657,0.9519052044609665,False,False,False,False,0.32276776729428386,0.3210411395228876,False,False,False,False,23585.0,-11946.823825054948,False,False,False,False,4769.844023231902,False,False,False,False
2025-02-11 15:00:00+00:00,19.79,19.9,19.76,19.845,799.0,,,,,,,,,,,,,,,,,,,,,,,,,,,,,,"rgba(38, 166, 154, 1.0)",0.6031217736691893,19.1397734681812,1.169293768866009,59.93512219102973,13.244771196360801,False,False,True,False,False,10.901210445295941,19.2945,18.738525,0.0,0.0,0.0,0.0,0.9697109826589596,0.9590751445086706,False,False,False,False,0.24394586313615538,0.2824935013295215,False,False,False,False,22786.0,-11408.330432418436,False,False,False,False,4708.2805500035,False,False,False,False
2025-02-11 16:00:00+00:00,19.865,19.91,19.77,19.775,2015.0,,,,,,,,,,,,,,,,,,,,,,,,,,,,,,"rgba(38, 166, 154, 1.0)",0.6083225495773764,19.141760379631584,1.0409602945153824,55.065902772677,8.93931588624472,False,True,True,False,False,9.665773781621287,19.3209,18.74575,0.0,0.0,0.0,0.0,0.9772937905468025,0.9534291010194624,False,False,False,False,0.2474187058141856,0.26495610357185356,False,False,False,False,20771.0,-10909.426084629002,False,False,False,False,4666.524262406546,False,False,False,False
2025-02-11 17:00:00+00:00,19.77,19.84,19.74,19.785,2688.0,,,,,,,,,,,,,,,,,,,,,,,,,,,,,,"rgba(38, 166, 154, 1.0)",0.6132897776348036,19.1442051888684,1.0448483482031452,52.070243216217165,6.44909479015962,False,True,False,False,False,9.802461120463114,19.3394,18.75225,0.0,0.0,0.0,0.0,0.9720940959409593,0.9522601476014759,False,False,False,False,0.23011112926377628,0.2475336164178149,False,False,False,False,23459.0,-10376.582269363435,False,False,False,False,4635.849467640553,False,False,False,False
2025-02-11 18:00:00+00:00,19.785,19.8,19.69,19.735,2611.0,,,,,,,,,,,,,,,,,,,,,,,,,,,,,,"rgba(38, 166, 154, 0.5)",0.6149058596372392,19.14620139937273,0.9575426732388437,48.97084152733825,3.80795982185073,False,True,False,True,False,8.906830809617617,19.3582,18.75845,0.0,0.0,0.0,0.0,0.9857742537313433,0.9535914179104477,False,False,False,False,0.21464958918123775,0.23109160279952634,False,False,False,False,20848.0,-9892.48021867563,False,False,False,False,4604.456452638374,False,False,False,False
2025-02-11 19:00:00+00:00,19.74,19.755,19.645,19.685,2839.0,,,,,,,,,,,,,,,,,,,,,,,,,,,,,,"rgba(38, 166, 154, 0.5)",0.6159572715378531,19.147981596954903,0.8718435967227538,45.83947880024083,1.0895393368473663,False,True,False,True,False,8.012215643319688,19.375799999999998,18.764575,0.0,0.0,0.0,0.0,0.9862213918729565,0.9432508173750583,False,False,False,False,0.19928848074381075,0.21519004177166856,False,False,False,False,18009.0,-9459.899130013991,False,False,False,False,4577.085034768012,False,False,False,False
2025-02-11 20:00:00+00:00,19.69,19.77,19.63,19.765,13970.0,,,,,,,,,,,,,,,,,,,,,,,,,,,,,,"rgba(38, 166, 154, 0.5)",0.6167878502793717,19.213646003198036,0.8939118962090946,46.13923283617489,1.0895393368473663,False,True,False,True,False,9.158344864246825,19.394399999999997,18.770799999999998,0.0,0.0,0.0,0.0,0.9813693525850022,0.944108057755007,False,False,False,False,0.19928848074381075,0.20723926125773967,False,False,False,False,31979.0,-8817.435577610673,False,False,False,False,4722.711623376259,False,False,False,False
2025-02-12 15:00:00+00:00,19.935,20.02,19.805,20.005,7503.0,,,,,,,,,,,,,,,,,,,,,,,,,,,,,,"rgba(38, 166, 154, 1.0)",0.6219413662581544,19.230404398548114,1.2454479529351123,51.411930902461464,-4.290206646620405,False,True,False,False,True,12.43524279490319,19.4212,18.778525,0.0,0.0,0.0,0.0,0.9882053654024051,0.9350138760407032,False,False,False,False,0.2727782984920565,0.24000877987489808,False,False,False,False,39482.0,-8068.607119043065,False,False,False,False,4765.816869525464,False,False,False,False
2025-02-12 16:00:00+00:00,20.0,20.335,19.995,20.305,8197.0,,,,,,,,,,,,,,,,,,,,,,,,,,,,,,"rgba(0, 255, 255, 0.75)",0.6333320151716937,19.25686843333513,1.6549480234008493,58.56189784595988,2.1374436674315973,False,True,True,False,True,16.169859191389587,19.4553,18.78775,0.0,0.0,0.0,0.0,1.0027504011001604,0.9172587669035068,False,False,False,False,0.34282821872105335,0.2914184992979757,False,False,False,False,47679.0,-7204.303132701312,False,False,False,False,4819.01350720724,False,False,False,False
2025-02-12 17:00:00+00:00,20.3,20.695,20.3,20.695,7964.0,,,,,,,,,,,,,,,,,,,,,,,,,,,,,,"rgba(0, 255, 0, 1.0)",0.6560675091608897,19.29141423649465,2.139392278853341,66.00058678862615,8.626959240126673,True,False,True,False,True,20.0,19.4956,18.799675,0.0,0.0,0.0,0.0,1.0133794694348326,0.9199538638985006,False,False,False,False,0.342828223650801,0.31712336147438835,False,False,False,False,55643.0,-6229.926339946253,False,False,False,False,4867.772987715654,False,False,False,False
2025-02-12 18:00:00+00:00,20.695,20.74,20.44,20.48,4461.0,,,,,,,,,,,,,,,,,,,,,,,,,,,,,,"rgba(0, 255, 255, 0.75)",0.662480888726555,19.408450874925048,1.6174793013798832,66.78560331164518,9.020948256002214,True,False,True,False,True,16.70145445302965,19.5325,18.810875,0.0,0.0,0.0,0.0,1.0123513266239708,0.9146843549862764,False,False,False,False,0.34282822478909075,0.3299757931317395,False,False,False,False,51182.0,-5339.818954830807,False,False,False,False,4861.466429766575,False,False,False,False
2025-02-12 19:00:00+00:00,20.48,20.48,20.32,20.455,3540.0,,,,,,,,,,,,,,,,,,,,,,,,,,,,,,"rgba(0, 255, 255, 0.75)",0.6643070154761349,19.414921379118017,1.5656595469438426,66.85661937039399,9.145191306530023,True,False,True,False,True,16.272180461151898,19.5665,18.821875,0.0,0.0,0.0,0.0,1.009808394160584,0.9231295620437957,False,False,False,False,0.28750844331176795,0.30874211822175374,False,False,False,False,47642.0,-4518.395405143508,False,False,False,False,4840.978578142287,False,False,False,False
2025-02-12 20:00:00+00:00,20.455,20.46,20.335,20.405,7441.0,,,,,,,,,,,,,,,,,,,,,,,,,,,,,,"rgba(0, 255, 255, 0.75)",0.6644960157555156,19.43164112096383,1.4648076978000957,65.94908015539963,9.145191306530023,True,False,True,False,True,15.408463670729105,19.6032,18.832225,0.0,0.0,0.0,0.0,1.0089265278095674,0.9299610894941633,False,False,False,False,0.28679251045742743,0.2977673143395906,False,False,False,False,40201.0,-3825.071445373841,False,False,False,False,4881.288987783491,False,False,False,False
2025-02-13 15:00:00+00:00,20.295,20.395,20.235,20.31,6599.0,,,,,,,,,,,,,,,,,,,,,,,,,,,,,,"rgba(38, 166, 154, 1.0)",0.6648179456820499,19.44315608255351,1.3038816462109422,63.553870197070154,9.145191306530023,False,False,True,False,False,13.779640849664567,19.6388,18.84195,0.0,0.0,0.0,0.0,1.0032073310423824,0.9326460481099657,False,False,False,False,0.26332189193981065,0.28054460313970064,False,False,False,False,33602.0,-3244.806771802154,False,False,False,False,4907.920166267468,False,False,False,False
2025-02-13 16:00:00+00:00,20.315,20.415,20.29,20.31,4682.0,,,,,,,,,,,,,,,,,,,,,,,,,,,,,,"rgba(38, 166, 154, 1.0)",0.6655619653568933,19.45232764684061,1.288643879611538,61.95706355818383,9.145191306530023,False,False,True,False,False,13.779640849664567,19.6748,18.8517,0.0,0.0,0.0,0.0,1.0075809786354237,0.9294739260280266,False,False,False,False,0.27395376973063096,0.27724918643516583,False,False,False,False,33602.0,-2673.5384497587092,False,False,False,False,4904.417528030763,False,False,False,False
2025-02-13 17:00:00+00:00,20.31,20.32,20.225,20.23,1204.0,,,,,,,,,,,,,,,,,,,,,,,,,,,,,,"rgba(38, 166, 154, 1.0)",0.6651464852548258,19.45412072746809,1.1664787978766225,59.287577875526665,9.145191306530023,False,True,True,False,False,12.398985193099385,19.7101,18.863025,0.0,0.0,0.0,0.0,1.0290738569753808,0.9315357561547479,False,False,False,False,0.25134224470357014,0.264295715569368,False,False,False,False,32398.0,-2129.7936675919077,False,False,False,False,4847.046713642689,False,False,False,False
2025-02-13 18:00:00+00:00,20.235,20.25,20.11,20.21,3017.0,,,,,,,,,,,,,,,,,,,,,,,,,,,,,,"rgba(38, 166, 154, 1.0)",0.6655874124437793,19.457554435969275,1.130498488948337,57.102849063712625,13.715425372751383,False,True,True,False,False,12.053624597979226,19.745600000000003,18.874425000000002,0.0,0.0,0.0,0.0,1.022716516800757,0.9344533838144816,False,False,False,False,0.22550635738791538,0.2449010364786417,False,False,False,False,29381.0,-1641.2542308850561,False,False,False,False,4818.67389637691,False,False,False,False
2025-02-13 19:00:00+00:00,20.21,20.4,20.19,20.395,4558.0,,,,,,,,,,,,,,,,,,,,,,,,,,,,,,"rgba(38, 166, 154, 1.0)",0.6707461422828984,19.46618267598698,1.3847523906015653,58.6382325688184,13.715425372751383,False,True,True,False,False,14.316962330250256,19.7847,18.885775000000002,0.0,0.0,0.0,0.0,1.0124941065535122,0.9318717586044318,False,False,False,False,0.2576754033423189,0.25128821991048034,False,False,False,False,33939.0,-1089.6223823442026,False,False,False,False,4814.632440619129,False,False,False,False
2025-02-13 20:00:00+00:00,20.395,20.49,20.385,20.435,6779.0,,,,,,,,,,,,,,,,,,,,,,,,,,,,,,"rgba(0, 255, 255, 0.75)",0.6754095320885244,19.48204602993718,1.4109276295169564,60.22534895088538,13.715425372751383,False,True,True,False,True,14.79457566662878,19.8231,18.896875,0.0,0.0,0.0,0.0,1.0218061151931737,0.9317373785257169,False,False,False,False,0.2982823861733561,0.2747853030419182,False,False,False,False,40718.0,-441.44219036987397,False,False,False,False,4845.087751617282,False,False,False,False
2025-02-14 15:00:00+00:00,20.22,20.24,20.015,20.035,1668.0,,,,,,,,,,,,,,,,,,,,,,,,,,,,,,"rgba(38, 166, 154, 0.5)",0.6750141806985599,19.48323216597182,0.817416655539244,54.27011465229492,10.620872786751363,False,True,True,False,False,8.119076213698083,19.852899999999998,18.906274999999997,0.0,0.0,0.0,0.0,1.0063039925286015,0.9322904506187252,False,False,False,False,0.21097545108251492,0.24288037706221657,False,False,False,False,39050.0,170.82823118624816,False,False,False,False,4795.830577173603,False,False,False,False
2025-02-14 16:00:00+00:00,20.035,20.055,19.87,19.885,601.0,,,,,,,,,,,,,,,,,,,,,,,,,,,,,,"rgba(38, 166, 154, 0.5)",0.6721986380594752,19.483237182565183,0.5976846644537099,48.56588962832364,5.359088034155803,False,True,False,True,False,5.81997770108725,19.8768,18.915499999999998,0.0,0.0,0.0,0.0,0.9976668222118527,0.9461035930937937,False,False,False,False,0.1658439047093899,0.20436214088580323,False,False,False,False,38449.0,764.2882586097171,False,False,False,False,4730.794444194167,False,False,False,False
2025-02-14 17:00:00+00:00,19.885,19.935,19.785,19.845,1429.0,,,,,,,,,,,,,,,,,,,,,,,,,,,,,,"rgba(38, 166, 154, 0.5)",0.6675688512589365,19.482774684461997,0.5426036802869066,44.322956103188524,1.5518816989813757,False,True,False,True,False,5.216221326107725,19.8905,18.92465,0.0,0.0,0.0,0.0,0.9974281038110826,0.950666354921674,False,False,False,False,0.13815224929098377,0.1712571950883935,False,False,False,False,37020.0,1326.3923166157679,False,False,False,False,4679.603832656273,False,False,False,False
2025-02-14 18:00:00+00:00,19.85,19.89,19.78,19.85,2298.0,,,,,,,,,,,,,,,,,,,,,,,,,,,,,,"rgba(38, 166, 154, 0.5)",0.661287428478017,19.482028771779415,0.5564467315936864,41.60067556453654,-0.9084624080622845,False,True,False,True,False,5.282651868713373,19.9001,18.934175,0.0,0.0,0.0,0.0,0.9913490764554596,0.9562777647884029,False,False,False,False,0.13143158314738876,0.1513443891178911,False,False,False,False,39318.0,1915.4094900015698,False,False,False,False,4642.679742227493,False,False,False,False
2025-02-14 19:00:00+00:00,19.855,19.87,19.795,19.87,5821.0,,,,,,,,,,,,,,,,,,,,,,,,,,,,,,"rgba(38, 166, 154, 0.5)",0.6544816255619436,19.48096074168566,0.5944234996365383,40.25156000827226,-2.2546615735668567,False,True,False,True,False,5.552490366254659,19.9102,18.943575,0.0,0.0,0.0,0.0,0.989186647860837,0.9635637047484719,False,False,False,False,0.1307601751758636,0.14105228214687737,False,False,False,False,45139.0,2585.5426762030957,False,False,False,False,4660.948273355749,False,False,False,False
2025-02-14 20:00:00+00:00,19.87,19.87,19.665,19.695,15209.0,,,,,,,,,,,,,,,,,,,,,,,,,,,,,,#000000,0.6445699173700125,19.51880292240106,0.2733560360959164,37.133432769418434,-5.358860735175519,False,True,False,True,False,2.8617656028573677,19.9177,18.951774999999998,0.0,0.0,0.0,0.0,0.9799018462257537,0.9619069876139281,False,False,False,False,0.11334285802963982,0.1271975700882586,False,False,False,False,29930.0,3009.4877509906446,False,False,False,False,4824.483959040155,False,False,False,False
2025-02-17 15:00:00+00:00,19.695,19.695,19.695,19.695,0.0,,,,,,,,,,,,,,,,,,,,,,,,,,,,,,#000000,0.6338899498086992,19.51880292240106,0.2779616203918571,35.05468127684922,-7.521131368867152,False,True,False,True,False,2.861765602857389,19.921499999999998,18.959525,0.0,0.0,0.0,0.0,0.9788881069669247,0.9727891156462581,False,False,False,False,0.09399583272849896,0.11059670140837878,False,False,False,False,29930.0,3426.860033921022,False,False,False,False,4749.685758124804,False,False,False,False
2025-02-17 16:00:00+00:00,19.695,19.695,19.695,19.695,0.0,,,,,,,,,,,,,,,,,,,,,,,,,,,,,,#000000,0.6189623691424395,19.51880292240106,0.28466525007498705,33.66884694846975,-9.11880200889837,False,True,False,True,False,2.8617656028573677,19.9271,18.967475,0.0,0.0,0.0,0.0,0.9834319526627219,0.9734911242603547,False,False,False,False,0.09399583272849896,0.10229626706843886,False,False,False,False,29930.0,3837.761428743952,False,False,False,False,4676.047219239148,False,False,False,False
2025-02-17 17:00:00+00:00,19.695,19.695,19.695,19.695,0.0,,,,,,,,,,,,,,,,,,,,,,,,,,,,,,#000000,0.6057287175619849,19.51880292240106,0.29088447103535015,32.74495739621676,-10.37437188708845,False,True,False,True,False,2.861765602857389,19.9234,18.975425,0.0,0.0,0.0,0.0,0.9849857006673022,0.9694947569113438,False,False,False,False,0.09399583272849896,0.09814604989846891,False,False,False,False,29930.0,4242.292259306061,False,False,False,False,4603.550363126913,False,False,False,False
2025-02-17 18:00:00+00:00,19.695,19.695,19.695,19.695,0.0,,,,,,,,,,,,,,,,,,,,,,,,,,,,,,#000000,0.6002094229111695,19.51880292240106,0.2935593325815146,32.129031028048104,-11.416207855707775,False,True,False,True,False,2.861765602857389,19.9234,18.983375000000002,0.0,0.0,0.0,0.0,0.9848920863309352,0.968585131894484,False,False,False,False,0.09399583272849896,0.09607094131348393,False,False,False,False,29930.0,4640.551294045502,False,False,False,False,4532.177489279984,False,False,False,False
2025-02-17 19:00:00+00:00,19.695,19.695,19.695,19.695,0.0,,,,,,,,,,,,,,,,,,,,,,,,,,,,,,#000000,0.5933004343546475,19.51880292240106,0.29697783348261725,31.718413449269,-12.316536265547157,False,True,False,True,False,2.861765602857389,19.9228,18.991325000000003,0.0,0.0,0.0,0.0,0.9857487922705314,0.9683574879227049,False,False,False,False,0.09399583272849896,0.09503338702099144,False,False,False,False,29930.0,5032.635770106812,False,False,False,False,4461.911171616728,False,False,False,False
2025-02-17 20:00:00+00:00,19.695,19.695,19.695,19.695,0.0,,,,,,,,,,,,,,,,,,,,,,,,,,,,,,#000000,0.5862459435307972,19.51880292240106,0.30055146571719155,31.4446683967496,-13.114923756100552,False,True,False,True,False,2.861765602857389,19.9226,18.999275,0.0,0.0,0.0,0.0,0.984969696969697,0.965333333333333,False,False,False,False,0.09399583272849896,0.09451460987474519,False,False,False,False,29930.0,5418.6414170819,False,False,False,False,4392.734254227321,False,False,False,False
2025-02-18 15:00:00+00:00,19.735,19.825,19.68,19.81,3844.0,,,,,,,,,,,,,,,,,,,,,,,,,,,,,,"rgba(38, 166, 154, 0.5)",0.5797855925541285,19.518673296553143,0.5024731679921107,36.09681749014172,-13.114923756100552,False,True,False,True,True,4.640816434999479,19.929000000000002,19.0078,0.0,0.0,0.0,0.0,0.987669245647969,0.9564796905222435,False,False,False,False,0.10933356090354926,0.10192408538914723,False,False,False,False,33774.0,5858.259379607762,False,False,False,False,4384.226746409843,False,False,False,False
2025-02-18 16:00:00+00:00,19.815,19.91,19.73,19.845,4179.0,,,,,,,,,,,,,,,,,,,,,,,,,,,,,,"rgba(38, 166, 154, 0.5)",0.5695819709415235,19.566508990660502,0.488939298551092,40.41846306053527,-15.095416925946282,False,True,False,True,True,5.175595279741195,19.9334,19.0165,0.0,0.0,0.0,0.0,0.9913148371531967,0.9534378769601928,False,False,False,False,0.12740488065641073,0.11466448302277898,False,False,False,False,37953.0,6355.852257443301,False,False,False,False,4381.044936387985,False,False,False,False
2025-02-18 17:00:00+00:00,19.845,19.895,19.82,19.83,4704.0,,,,,,,,,,,,,,,,,,,,,,,,,,,,,,"rgba(38, 166, 154, 0.5)",0.5570773152221731,19.568774041274843,0.46892226911263446,42.787461180915464,-12.846216028845795,False,True,False,True,True,4.909980893761009,19.938699999999997,19.022975,0.0,0.0,0.0,0.0,0.99375,0.9497596153846151,False,False,False,False,0.13747963419495057,0.12607205860886478,False,False,False,False,33249.0,6772.800284459683,False,False,False,False,4386.051991637783,False,False,False,False
2025-02-18 18:00:00+00:00,19.83,19.87,19.735,19.765,4251.0,,,,,,,,,,,,,,,,,,,,,,,,,,,,,,"rgba(38, 166, 154, 0.5)",0.5455958640301962,19.56786909162021,0.36131305491142846,42.268757152681516,-12.846216028845795,False,True,False,True,True,3.7562868404892136,19.9426,19.028399999999998,0.0,0.0,0.0,0.0,0.989730117028899,0.9512777645091948,False,False,False,False,0.12271224001164631,0.12439214931025555,False,False,False,False,28998.0,7117.377024235501,False,False,False,False,4383.958162310066,False,False,False,False
2025-02-18 19:00:00+00:00,19.765,19.8,19.725,19.76,2978.0,,,,,,,,,,,,,,,,,,,,,,,,,,,,,,"rgba(38, 166, 154, 0.5)",0.5322966388318844,19.566873379095092,0.3628176599587819,41.76722374847505,-12.846216028845795,False,True,False,True,True,3.6671384407030665,19.9457,19.034425000000002,0.0,0.0,0.0,0.0,0.9892908138981439,0.9547834364588287,False,False,False,False,0.11200602875388072,0.11819908903206813,False,False,False,False,26020.0,7410.440946340377,False,False,False,False,4362.160361344018,False,False,False,False
2025-02-18 20:00:00+00:00,19.76,19.89,19.75,19.76,17756.0,,,,,,,,,,,,,,,,,,,,,,,,,,,,,,"rgba(38, 166, 154, 0.5)",0.5213230137685221,19.568840093739595,0.3666822703232606,41.43286814567074,-12.846216028845795,False,True,False,True,True,3.6671384407030665,19.949499999999997,19.040599999999998,0.0,0.0,0.0,0.0,0.9905437352245864,0.9508274231678483,False,False,False,False,0.12740488065641073,0.12280198484423943,False,False,False,False,26020.0,7698.961241745953,False,False,False,False,4569.8167898503125,False,False,False,False
2025-02-19 15:00:00+00:00,19.345,19.395,19.02,19.03,8552.0,,,,,,,,,,,,,,,,,,,,,,,,,,,,,,"rgba(239, 83, 80, 0.5)",0.5105647376693394,19.54150429449875,-1.0018402305527383,32.01400246567606,-12.477470921575865,False,True,False,True,False,0.0,19.9394,19.04325,0.0,0.0,0.0,0.0,0.9732754682503426,0.9584285061671992,False,False,False,False,-0.0349942894794809,0.04390384768237927,False,False,False,False,17468.0,7850.419206990202,False,False,False,False,4631.556064426276,False,False,False,False
2025-02-19 16:00:00+00:00,19.035,19.12,18.97,18.97,7349.0,,,,,,,,,,,,,,,,,,,,,,,,,,,,,,"rgba(239, 83, 80, 0.5)",0.4993913683062103,19.517948220512494,-1.0972320614410611,25.4760974343529,-18.240845339127084,False,True,False,True,False,0.0,19.9255,19.0449,0.0,0.0,0.0,0.0,0.9711887477313974,0.971188747731397,False,False,False,False,-0.07803804068991346,-0.017067096503767098,False,False,False,False,10119.0,7885.591002230664,False,False,False,False,4673.686978156101,False,False,False,False
2025-02-19 17:00:00+00:00,18.97,19.09,18.885,19.01,6469.0,,,,,,,,,,,,,,,,,,,,,,,,,,,,,,"rgba(239, 83, 80, 0.5)",0.48643474975147083,19.499330856551037,-1.0059537415882482,22.352678571221485,-20.807545012192122,False,True,False,True,False,0.0,19.9073,19.047275,0.0,0.0,0.0,0.0,0.9667820069204154,0.9820069204152244,False,False,False,False,-0.09333005239930829,-0.055198574451537696,False,False,False,False,16588.0,8020.5120719635215,False,False,False,False,4701.521288572286,False,False,False,False
2025-02-19 18:00:00+00:00,19.01,19.24,18.995,19.22,5552.0,,,,,,,,,,,,,,,,,,,,,,,,,,,,,,#000000,0.467807970536317,19.488716535374007,-0.5744163252839376,25.860481975277274,-20.807545012192122,False,True,False,True,True,0.0,19.8962,19.050774999999998,0.0,0.0,0.0,0.0,0.9701629561624973,0.973376176268074,False,False,False,False,-0.058807709684792736,-0.057003142068165216,False,False,False,False,22140.0,8239.418861545482,False,False,False,False,4714.70700502853,False,False,False,False
2025-02-19 19:00:00+00:00,19.2,19.345,19.16,19.345,2621.0,,,,,,,,,,,,,,,,,,,,,,,,,,,,,,#000000,0.4453268563752016,19.48546945509317,-0.3154300107488278,30.84049889002278,-26.917271465990076,False,True,False,True,True,0.0,19.8859,19.054750000000002,0.0,0.0,0.0,0.0,0.9802933088909258,0.9667736021998163,False,False,False,False,-0.023104122395552876,-0.040053632231859045,False,False,False,False,24761.0,8495.567406327722,False,False,False,False,4682.246431307158,False,False,False,False
2025-02-19 20:00:00+00:00,19.345,19.505,19.34,19.48,11852.0,,,,,,,,,,,,,,,,,,,,,,,,,,,,,,#000000,0.42006817336032604,19.479406810863942,0.0014121258730767697,36.6359438271689,-21.701143007704843,False,True,False,True,True,0.0,19.8789,19.059375,0.0,0.0,0.0,0.0,0.9876627827278956,0.9581905414667576,False,False,False,False,0.021783430817249153,-0.009135100707304946,False,False,False,False,36613.0,8931.496593826518,False,False,False,False,4793.405401364411,False,False,False,False
2025-02-20 15:00:00+00:00,18.83,19.325,18.82,19.08,7814.0,,,,,,,,,,,,,,,,,,,,,,,,,,,,,,"rgba(239, 83, 80, 0.5)",0.402414312965245,19.46559106270427,-0.9581942050296154,35.75957305614145,-21.701143007704843,False,True,False,True,True,0.0,19.8645,19.06205,0.0,0.0,0.0,0.0,0.9603475161505903,0.9592336823345953,False,False,False,False,-0.07073776129649624,-0.03993643100190059,False,False,False,False,28799.0,9239.519902449361,False,False,False,False,4840.236325374264,False,False,False,False
2025-02-20 16:00:00+00:00,19.08,19.465,19.05,19.33,6814.0,,,,,,,,,,,,,,,,,,,,,,,,,,,,,,#000000,0.380187862524334,19.459470415013758,-0.34054326236012594,38.95277302733306,-19.57001617155092,False,True,False,True,True,0.0,19.8547,19.066,0.0,0.0,0.0,0.0,0.9727232732072151,0.9531456225252964,False,False,False,False,-0.021783457229777436,-0.030859944115839012,False,False,False,False,35613.0,9648.411066752473,False,False,False,False,4870.837312577763,False,False,False,False
2025-02-20 17:00:00+00:00,19.33,19.375,18.96,18.995,4960.0,,,,,,,,,,,,,,,,,,,,,,,,,,,,,,"rgba(239, 83, 80, 1.0)",0.37005599771041764,19.45244698636256,-1.236156120135439,37.973793385534535,-19.57001617155092,False,True,False,True,True,0.0,19.8319,19.069399999999998,0.0,0.0,0.0,0.0,0.9759141668491351,0.9581782351653159,False,False,False,False,-0.04557153230840606,-0.03821573821212254,False,False,False,False,30653.0,9974.06360835321,False,False,False,False,4872.21967982462,False,False,False,False
2025-02-20 18:00:00+00:00,18.99,19.125,18.95,19.075,5941.0,,,,,,,,,,,,,,,,,,,,,,,,,,,,,,"rgba(239, 83, 80, 0.5)",0.37206379623457,19.443362541813997,-0.9900520973606393,38.43772942413079,-19.463965127580074,False,True,False,True,True,0.0,19.8125,19.0732,0.0,0.0,0.0,0.0,0.9674388111888111,0.969405594405594,False,False,False,False,-0.08003043492338824,-0.05912308656775539,False,False,False,False,36594.0,10386.775800471763,False,False,False,False,4888.7899173467185,False,False,False,False
2025-02-20 19:00:00+00:00,19.06,19.255,18.98,19.255,6127.0,,,,,,,,,,,,,,,,,,,,,,,,,,,,,,#000000,0.3739480741522455,19.43675661498365,-0.4860477364289166,41.11201178472977,-16.47417332001271,False,False,False,True,True,0.0,19.7972,19.077624999999998,0.0,0.0,0.0,0.0,0.9666666666666667,0.9692810457516337,False,False,False,False,-0.058807709684792736,-0.05896539812627406,False,False,False,False,42721.0,10888.081602014838,False,False,False,False,4907.98697289173,False,False,False,False
2025-02-20 20:00:00+00:00,19.255,19.255,18.99,19.055,21640.0,,,,,,,,,,,,,,,,,,,,,,,,,,,,,,"rgba(239, 83, 80, 0.5)",0.3800808709583784,19.41235360496858,-0.9402041309458922,40.91871654420383,-16.18142463434178,False,False,False,True,True,0.0,19.7774,19.081275,0.0,0.0,0.0,0.0,0.9607119600607771,0.9748209246798347,False,False,False,False,-0.057483241731268266,-0.05822431992877117,False,False,False,False,21081.0,11046.11134461926,False,False,False,False,5167.398027575579,False,False,False,False
2025-02-21 15:00:00+00:00,18.53,18.585,18.285,18.29,5178.0,,,,,,,,,,,,,,,,,,,,,,,,,,,,,,"rgba(255, 26, 202, 1.0)",0.4133421569822628,19.396829692923035,-2.6777566096906287,36.000872262462906,-16.18142463434178,False,True,False,True,False,0.0,19.741699999999998,19.08145,0.0,0.0,0.0,0.0,0.9448086276168323,0.9845633326284622,False,False,False,False,-0.24362842094983556,-0.15092637043930335,False,False,False,False,15903.0,11121.411943927487,False,False,False,False,5167.562399241074,False,False,False,False
2025-02-21 16:00:00+00:00,18.29,18.475,18.28,18.465,1887.0,,,,,,,,,,,,,,,,,,,,,,,,,,,,,,"rgba(255, 0, 0, 1.0)",0.4382360937598414,19.34649491695314,-2.0114612408812924,34.77972198535699,-16.18142463434178,False,True,False,True,False,0.0,19.7109,19.082925,0.0,0.0,0.0,0.0,0.9510135135135134,0.982896959459459,False,False,False,False,-0.2597909631799978,-0.20535866680965056,False,False,False,False,17790.0,11224.800906037139,False,False,False,False,5116.700966694701,False,False,False,False
2025-02-21 17:00:00+00:00,18.47,18.515,18.41,18.48,8895.0,,,,,,,,,,,,,,,,,,,,,,,,,,,,,,"rgba(255, 0, 0, 1.0)",0.4601354383457463,19.327184432230716,-1.841163191595211,34.1459765859355,-16.18142463434178,False,True,False,True,False,0.0,19.6836,19.083074999999997,0.0,0.0,0.0,0.0,0.9654067905188981,0.9741618620542383,False,False,False,False,-0.23594289838920765,-0.2206507825994291,False,False,False,False,26685.0,11464.493915245865,False,False,False,False,5175.279246280829,False,False,False,False
2025-02-21 18:00:00+00:00,18.48,18.655,18.45,18.64,1700.0,,,,,,,,,,,,,,,,,,,,,,,,,,,,,,"rgba(239, 83, 80, 1.0)",0.47629517118075027,19.324616092807236,-1.4373777737659015,35.682451376340154,-16.18142463434178,False,True,False,True,False,0.0,19.660899999999998,19.083325,0.0,0.0,0.0,0.0,0.9689972204404531,0.9668590977122081,False,False,False,False,-0.21097547867513314,-0.21581313063728114,False,False,False,False,28385.0,11726.827342916471,False,False,False,False,5121.398947888879,False,False,False,False
2025-02-21 19:00:00+00:00,18.64,18.765,18.595,18.65,6720.0,,,,,,,,,,,,,,,,,,,,,,,,,,,,,,"rgba(239, 83, 80, 1.0)",0.4915800045780044,19.31650581354817,-1.3558440281156885,36.83167908123165,-16.18142463434178,False,True,False,True,False,0.0,19.638199999999998,19.0838,0.0,0.0,0.0,0.0,0.9719786096256683,0.9629946524064166,False,False,False,False,-0.17603612362364227,-0.19592462713046171,False,False,False,False,35105.0,12089.27963217358,False,False,False,False,5146.18346032471,False,False,False,False
2025-02-21 20:00:00+00:00,18.66,18.7,18.55,18.62,18688.0,,,,,,,,,,,,,,,,,,,,,,,,,,,,,,"rgba(239, 83, 80, 1.0)",0.5068195478215729,19.28538499120181,-1.3128637087140502,37.333929532978615,-16.18142463434178,False,False,False,True,False,0.0,19.6159,19.084425,0.0,0.0,0.0,0.0,0.9667164497546404,0.9654363132067417,False,False,False,False,-0.19105104822632066,-0.19348783767839117,False,False,False,False,16417.0,12156.376071984843,False,False,False,False,5356.134104350683,False,False,False,False
2025-02-24 15:00:00+00:00,18.545,18.795,18.465,18.595,4891.0,,,,,,,,,,,,,,,,,,,,,,,,,,,,,,"rgba(239, 83, 80, 1.0)",0.5219023414912636,19.277455451352203,-1.3076305605416192,37.43087364738522,-16.18142463434178,False,False,False,True,False,0.0,19.5941,19.085075,0.0,0.0,0.0,0.0,0.9662162162162161,0.958826013513513,False,False,False,False,-0.18968263125267285,-0.191585234465532,False,False,False,False,11526.0,12146.60279955097,False,False,False,False,5348.922722887881,False,False,False,False
2025-02-24 16:00:00+00:00,18.595,18.86,18.595,18.84,2234.0,,,,,,,,,,,,,,,,,,,,,,,,,,,,,,"rgba(239, 83, 80, 0.5)",0.530092784671108,19.275111914383274,-0.8208221786177223,41.035980766140284,-13.73551375266036,False,False,False,True,True,0.0,19.5756,19.086675,0.0,0.0,0.0,0.0,0.972361809045226,0.9551926298157449,False,False,False,False,-0.1631318553505555,-0.17735854490804376,False,False,False,False,13760.0,12171.616709635451,False,False,False,False,5300.629347339232,False,False,False,False
2025-02-24 17:00:00+00:00,18.84,18.86,18.7,18.7,2371.0,,,,,,,,,,,,,,,,,,,,,,,,,,,,,,"rgba(239, 83, 80, 0.5)",0.5413501889045909,19.247572481560656,-1.0114940250942863,41.852620604327754,-12.727121546141625,True,False,False,True,True,0.0,19.549500000000002,19.087125,0.0,0.0,0.0,0.0,0.9867563590498213,0.9533319318898461,False,False,False,False,-0.14893145330838958,-0.16314499910821667,False,False,False,False,11389.0,12159.483117238002,False,False,False,False,5255.208737302964,False,False,False,False
2025-02-24 18:00:00+00:00,18.7,18.785,18.635,18.65,3761.0,,,,,,,,,,,,,,,,,,,,,,,,,,,,,,"rgba(239, 83, 80, 1.0)",0.5532161251094277,19.240311841875414,-1.067054655644121,41.844323204817904,-12.43033748385168,True,False,False,True,True,0.0,19.516399999999997,19.0868,0.0,0.0,0.0,0.0,0.984047019311503,0.9510915197313179,False,False,False,False,-0.16787957478966006,-0.16551228694893838,False,False,False,False,7628.0,12089.227565032761,False,False,False,False,5232.042710368035,False,False,False,False
2025-02-24 19:00:00+00:00,18.655,18.74,18.65,18.655,6919.0,,,,,,,,,,,,,,,,,,,,,,,,,,,,,,"rgba(239, 83, 80, 0.5)",0.5644561841133399,19.230319673324917,-1.019245938865283,41.92161810950881,-11.994533506531205,True,False,False,True,True,0.0,19.4756,19.087699999999998,0.0,0.0,0.0,0.0,0.9857202855942879,0.9512809743805121,False,False,False,False,-0.17195501704038135,-0.16873365199465987,False,False,False,False,14547.0,12127.3325640245,False,False,False,False,5258.197086951476,False,False,False,False
2025-02-24 20:00:00+00:00,18.655,18.71,18.56,18.56,17715.0,,,,,,,,,,,,,,,,,,,,,,,,,,,,,,"rgba(239, 83, 80, 1.0)",0.5774396969412583,19.20197243157739,-1.1117566647703063,40.799734652069034,-11.994533506531205,True,False,False,True,True,0.0,19.4372,19.088275,0.0,0.0,0.0,0.0,0.9828092243186581,0.9522012578616348,False,False,False,False,-0.18831491590672905,-0.17852428395069447,False,False,False,False,-3168.0,11890.195625047376,False,False,False,False,5451.325814285561,False,False,False,False
2025-02-25 15:00:00+00:00,18.345,18.39,18.135,18.15,10148.0,,,,,,,,,,,,,,,,,,,,,,,,,,,,,,"rgba(255, 0, 0, 1.0)",0.601241380976232,19.171510859699726,-1.6990029163347116,36.33928838916666,-9.89340707375355,False,False,False,True,False,0.0,19.391099999999998,19.086325000000002,0.0,0.0,0.0,0.0,0.9691830403309204,0.9619441571871765,False,False,False,False,-0.2925280885559816,-0.23552618625333804,False,False,False,False,-13316.0,11499.401894426486,False,False,False,False,5524.142468327645,False,False,False,False
2025-02-25 16:00:00+00:00,18.15,18.175,17.99,18.11,7197.0,,,,,,,,,,,,,,,,,,,,,,,,,,,,,,"rgba(255, 0, 0, 1.0)",0.6247866518743568,19.08272349637342,-1.5568890491742318,33.08479564898278,-12.89310659569324,False,True,False,True,False,0.0,19.3452,19.0839,0.0,0.0,0.0,0.0,0.9635459817729907,0.9753521126760559,False,False,False,False,-0.34282825441539394,-0.289177220334366,False,False,False,False,-20513.0,11003.085585985766,False,False,False,False,5550.078244012487,False,False,False,False
2025-02-25 17:00:00+00:00,18.11,18.16,18.075,18.135,8375.0,,,,,,,,,,,,,,,,,,,,,,,,,,,,,,"rgba(239, 83, 80, 1.0)",0.6460133320800997,19.061581969970646,-1.4343078137213385,31.4327864386974,-14.377731135486755,False,True,False,True,False,0.0,19.301699999999997,19.0816,0.0,0.0,0.0,0.0,0.9830651989839118,0.9752328535139709,False,False,False,False,-0.33252484810724414,-0.31085103422080507,False,False,False,False,-12138.0,10644.309065272808,False,False,False,False,5593.875480539425,False,False,False,False
2025-02-25 18:00:00+00:00,18.135,18.235,18.125,18.155,3166.0,,,,,,,,,,,,,,,,,,,,,,,,,,,,,,"rgba(239, 83, 80, 1.0)",0.6639610661004943,19.054895984976305,-1.3553445087698854,30.778961926507023,-15.026626304375931,False,True,False,True,False,0.0,19.2586,19.0794,0.0,0.0,0.0,0.0,0.9923501912452187,0.9655758606034847,False,False,False,False,-0.3142923875458618,-0.31257171088333346,False,False,False,False,-8972.0,10340.1802425554,False,False,False,False,5556.234000220984,False,False,False,False
2025-02-25 19:00:00+00:00,18.145,18.275,18.14,18.26,9739.0,,,,,,,,,,,,,,,,,,,,,,,,,,,,,,"rgba(239, 83, 80, 1.0)",0.6789320707970453,19.037482300497658,-1.1451547716473547,32.67911110673847,-15.026626304375931,False,True,False,True,True,0.0,19.2192,19.077725,0.0,0.0,0.0,0.0,0.9908704883227175,0.9624203821656049,False,False,False,False,-0.30633440392867045,-0.30945305740600193,False,False,False,False,767.0,10191.758843446014,False,False,False,False,5621.083085488875,False,False,False,False
2025-02-25 20:00:00+00:00,18.26,18.43,18.235,18.37,25279.0,,,,,,,,,,,,,,,,,,,,,,,,,,,,,,"rgba(239, 83, 80, 0.5)",0.6899190969674398,19.006328638985757,-0.9223235619694503,36.16554469499174,-18.25036312533992,True,False,False,True,True,0.0,19.1824,19.0766,0.0,0.0,0.0,0.0,0.9921376965575858,0.9628134296642581,False,False,False,False,-0.27061543976443286,-0.2900342485852174,False,False,False,False,26046.0,10437.561031919719,False,False,False,False,5925.85699114021,False,False,False,False
2025-02-26 15:00:00+00:00,18.285,18.48,18.225,18.445,6547.0,,,,,,,,,,,,,,,,,,,,,,,,,,,,,,"rgba(239, 83, 80, 0.5)",0.6988622478296052,18.99919754812174,-0.7929996932054363,39.90050059398904,-14.83777231094485,True,False,False,True,True,0.0,19.1434,19.07585,0.0,0.0,0.0,0.0,0.9870926787981378,0.9629707998307233,False,False,False,False,-0.2649646059519065,-0.27749942726856197,False,False,False,False,32593.0,10781.056209719412,False,False,False,False,5935.487115308579,False,False,False,False
2025-02-26 16:00:00+00:00,18.45,18.45,18.38,18.39,2558.0,,,,,,,,,,,,,,,,,,,,,,,,,,,,,,"rgba(239, 83, 80, 0.5)",0.7084929253176999,18.99663964700055,-0.8562395266382108,41.477016962811476,-13.435690316952723,True,False,False,True,True,0.0,19.1025,19.074825,0.0,0.0,0.0,0.0,0.9887401742086253,0.9694072657743783,False,False,False,False,-0.24741007628997652,-0.26245475177926925,False,False,False,False,30035.0,11079.56696615787,False,False,False,False,5883.122973985965,False,False,False,False
2025-02-26 17:00:00+00:00,18.39,18.525,18.38,18.47,1890.0,,,,,,,,,,,,,,,,,,,,,,,,,,,,,,"rgba(239, 83, 80, 0.5)",0.7158516442508064,18.995101078928307,-0.733533383831041,44.12410216841825,-10.968443340607465,True,False,False,True,True,0.0,19.071199999999997,19.073475000000002,0.0,0.0,0.0,0.0,0.9855010660980807,0.9720682302771853,False,False,False,False,-0.2369492937314076,-0.24970202275533843,False,False,False,False,31925.0,11402.751974434494,False,False,False,False,5821.214090668353,False,False,False,False
2025-02-26 18:00:00+00:00,18.46,18.545,18.455,18.51,5109.0,,,,,,,,,,,,,,,,,,,,,,,,,,,,,,"rgba(239, 83, 80, 0.5)",0.7186051428645344,18.991704020159123,-0.6703319965661979,46.67093481136696,-8.587688608319958,True,False,False,True,True,0.0,19.043699999999998,19.072425,0.0,0.0,0.0,0.0,0.9831232642597733,0.9726554155095062,False,False,False,False,-0.22377136559073482,-0.2367366941730366,False,False,False,False,37034.0,11800.135664753338,False,False,False,False,5810.1720117432615,False,False,False,False
2025-02-26 19:00:00+00:00,18.5,18.725,18.465,18.695,3372.0,,,,,,,,,,,,,,,,,,,,,,,,,,,,,,#000000,0.7191786606580818,18.9615295881178,-0.3706027482432687,51.494955129143534,-4.142015248356742,True,False,True,False,True,0.0,19.0207,19.071825,0.0,0.0,0.0,0.0,0.9800636267232236,0.9669141039236476,False,False,False,False,-0.19763842534965598,-0.2171875597613463,False,False,False,False,40406.0,12243.637437392821,False,False,False,False,5772.370895282125,False,False,False,False
2025-02-26 20:00:00+00:00,18.7,18.71,18.565,18.635,12815.0,,,,,,,,,,,,,,,,,,,,,,,,,,,,,,"rgba(239, 83, 80, 0.5)",0.7203973065463845,18.958713812638095,-0.4493545571262492,53.360903304048904,-2.479325128842447,True,False,True,False,True,0.0,18.9964,19.071025,0.0,0.0,0.0,0.0,0.9836379090522734,0.9723756906077344,False,False,False,False,-0.18603511796941655,-0.2016113388653814,False,False,False,False,27591.0,12481.581043014638,False,False,False,False,5881.558943417286,False,False,False,False
2025-02-27 15:00:00+00:00,18.195,18.315,18.13,18.14,9457.0,,,,,,,,,,,,,,,,,,,,,,,,,,,,,,"rgba(239, 83, 80, 1.0)",0.7296268452663589,18.93358391872806,-1.0876572372256308,47.3592344403512,3.6961057777469506,True,False,False,True,False,0.0,18.9618,19.067925,0.0,0.0,0.0,0.0,0.9697349196409933,0.9749530369442702,False,False,False,False,-0.3020095525226336,-0.2518104456940075,False,False,False,False,18134.0,12569.215445448519,False,False,False,False,5936.992138092987,False,False,False,False
2025-02-27 16:00:00+00:00,18.135,18.165,18.0,18.005,9081.0,,,,,,,,,,,,,,,,,,,,,,,,,,,,,,"rgba(239, 83, 80, 1.0)",0.7405080311138763,18.909719226999336,-1.2217547804828706,42.12542325350174,-0.9499476850305797,True,False,False,True,False,0.0,18.928,19.06465,0.0,0.0,0.0,0.0,0.9671038933999581,0.9795960857797208,False,False,False,False,-0.34282825441539394,-0.2973193500547007,False,False,False,False,9053.0,12514.700477302029,False,False,False,False,5985.73644602953,False,False,False,False
2025-02-27 17:00:00+00:00,18.01,18.075,17.99,18.005,8730.0,,,,,,,,,,,,,,,,,,,,,,,,,,,,,,"rgba(239, 83, 80, 1.0)",0.7511545947574509,18.889188064418885,-1.1771053130606117,38.6362157956021,-3.991054616192919,True,False,False,True,False,0.0,18.8942,19.061375,0.0,0.0,0.0,0.0,0.9697478991596636,0.9880252100840333,False,False,False,False,-0.34282825441539394,-0.32007380223504733,False,False,False,False,9053.0,12461.030702460137,False,False,False,False,6028.283167796514,False,False,False,False
2025-02-27 18:00:00+00:00,18.015,18.075,17.98,18.025,2791.0,,,,,,,,,,,,,,,,,,,,,,,,,,,,,,"rgba(239, 83, 80, 1.0)",0.7621519320762575,18.883186522519853,-1.12600452272289,36.74825533660298,-5.69834387570846,False,False,False,True,False,0.0,18.860799999999998,19.0598,0.0,0.0,0.0,0.0,0.9699958036088963,0.9775493075954677,False,False,False,False,-0.34282825441539394,-0.33145102832522066,False,False,False,False,11844.0,12451.464334980135,False,False,False,False,5978.09273108649,False,False,False,False
2025-02-27 19:00:00+00:00,18.025,18.025,17.86,17.975,3719.0,,,,,,,,,,,,,,,,,,,,,,,,,,,,,,"rgba(239, 83, 80, 1.0)",0.7740025141379684,18.874448986332155,-1.1620750190119198,34.92555800826495,-7.525277935050738,False,False,False,True,False,0.0,18.8264,19.057875,0.0,0.0,0.0,0.0,0.96872376154492,0.9804785894206546,False,False,False,False,-0.34282825441539394,-0.3371396413703073,False,False,False,False,8125.0,12384.387368546333,False,False,False,False,5943.068037581273,False,False,False,False
2025-02-27 20:00:00+00:00,17.975,18.01,17.925,17.94,22585.0,,,,,,,,,,,,,,,,,,,,,,,,,,,,,,"rgba(239, 83, 80, 1.0)",0.7855895359021291,18.828306494787856,-1.1307514346760887,33.305397394843254,-9.288100557240355,False,True,False,True,False,0.0,18.7913,19.055575,0.0,0.0,0.0,0.0,0.9716921786538056,0.97609561752988,False,False,False,False,-0.3358503122082902,-0.33649497678929874,False,False,False,False,-14460.0,11968.195316320809,False,False,False,False,6201.08248661102,False,False,False,False
2025-02-28 15:00:00+00:00,17.625,17.985,17.585,17.95,3636.0,,,,,,,,,,,,,,,,,,,17.839999999999996,,,,,,,,,,17.839999999999996,"rgba(239, 83, 80, 1.0)",0.796512177338584,18.74624064124437,-0.9996590936059248,32.51276972318481,-10.389029229261077,False,True,False,True,False,0.0,18.7564,19.053575,0.0,0.0,0.0,0.0,0.9646496153046369,0.9765023913495525,True,False,False,False,-0.34282825441539394,-0.3396616156023463,False,False,False,False,-10824.0,11614.827947075524,False,False,False,False,6161.313765888368,False,False,False,False
2025-02-28 16:00:00+00:00,17.955,18.11,17.955,18.05,4235.0,,,,,,,,,,,,,,,,,,,17.946713462922965,,,,,,,,,,17.946713462922965,"rgba(239, 83, 80, 0.5)",0.805076377105288,18.74672016696255,-0.865408782043337,34.78944594243528,-10.389029229261077,False,True,False,True,False,0.0,18.7235,19.0524,0.0,0.0,0.0,0.0,0.9785907295780499,0.9704843067969234,False,False,False,False,-0.27876827471899307,-0.3092149451606697,False,False,False,False,-6589.0,11332.598056423189,False,False,False,False,6131.448436184673,False,False,False,False
2025-02-28 17:00:00+00:00,18.05,18.175,18.045,18.085,6423.0,,,,,,,,,,,,,,,,,,,18.01634158854531,,,,,,,,,,18.01634158854531,"rgba(239, 83, 80, 0.5)",0.8115587104705015,18.743155576805847,-0.8109771582936747,37.232771508711295,-10.389029229261077,False,False,False,True,True,0.0,18.689,19.049275,0.0,0.0,0.0,0.0,0.9770139181779839,0.9744833403627159,False,False,False,False,-0.2591810851056102,-0.28419801513313997,False,False,False,False,-166.0,11154.325218339107,False,False,False,False,6135.968615468631,False,False,False,False
2025-02-28 18:00:00+00:00,18.08,18.14,17.97,17.97,11446.0,,,,,,,,,,,,,,,,,,,18.02093291893292,,,,,,,,,,18.02093291893292,"rgba(239, 83, 80, 1.0)",0.8164079089976263,18.727586438893873,-0.9279508815930355,36.829826977738776,-10.389029229261077,False,False,False,True,True,0.0,18.651500000000002,19.0459,0.0,0.0,0.0,0.0,0.9736897495264152,0.9755840875605134,False,False,False,False,-0.2730607782801387,-0.27862939670663933,False,False,False,False,-11612.0,10801.358935884236,False,False,False,False,6218.294683445861,False,False,False,False
2025-02-28 19:00:00+00:00,17.97,18.08,17.97,18.065,8696.0,,,,,,,,,,,,,,,,,,,18.025326983389476,,,,,,,,,,18.025326983389476,"rgba(239, 83, 80, 0.5)",0.8133445132889873,18.716710601033885,-0.8012725116918887,39.08931928858967,-10.389029229261077,False,False,False,True,True,0.0,18.6162,19.043125,0.0,0.0,0.0,0.0,0.9768469795832455,0.9743211955377813,False,False,False,False,-0.2806746978632743,-0.27965204728495685,False,False,False,False,-2916.0,10588.686704320138,False,False,False,False,6256.708719361429,False,False,False,False
2025-02-28 20:00:00+00:00,18.05,18.34,18.05,18.32,22725.0,,,,,,,,,,,,,,,,,,,18.109347457182345,,,,,,,,,,18.109347457182345,"rgba(239, 83, 80, 0.5)",0.7959647780699406,18.65974096290056,-0.4268291415159923,45.55092762870615,-10.748554441994408,True,False,False,True,True,0.0,18.5873,19.0408,0.0,0.0,0.0,0.0,0.9797325532804011,0.9644797325532802,False,False,False,False,-0.23791923052615505,-0.25878563890555595,False,False,False,False,19809.0,10731.637298051608,False,False,False,False,6512.031064797686,False,False,False,False
2025-03-03 15:00:00+00:00,18.2,18.32,18.14,18.16,5058.0,,,,,,,,,,,,,,,,,,,18.117258875906074,,,,,,,,,,18.117258875906074,"rgba(239, 83, 80, 0.5)",0.7848773359146217,18.656283113109893,-0.6323065916173661,46.80068974469904,-9.528214557228154,True,False,False,False,True,0.0,18.5553,19.0383,0.0,0.0,0.0,0.0,0.9870482556925004,0.9646960518069769,False,False,False,False,-0.22922637369127538,-0.24400600629841568,False,False,False,False,14751.0,10793.95299885701,False,False,False,False,6489.487947514001,False,False,False,False
2025-03-03 16:00:00+00:00,18.165,18.24,18.11,18.16,4083.0,,,,,,,,,,,,,,,,,,,18.120506772043072,,,,,,,,,,18.120506772043072,"rgba(239, 83, 80, 0.5)",0.7730205584483412,18.65278469607925,-0.6374794184884319,47.6338644886943,-8.544031343540382,True,False,False,False,True,0.0,18.523300000000003,19.035449999999997,0.0,0.0,0.0,0.0,0.9939165093350114,0.962450178309209,False,False,False,False,-0.24290238945973944,-0.24345419787907757,False,False,False,False,14751.0,10855.302564766203,False,False,False,False,6452.178056854868,False,False,False,False
2025-03-03 17:00:00+00:00,18.16,18.23,18.12,18.16,3802.0,,,,,,,,,,,,,,,,,,,18.12319097341093,,,,,,,,,,18.12319097341093,"rgba(239, 83, 80, 0.5)",0.7610335137226284,18.649647102648043,-0.6433975558486414,48.18931431802447,-7.700365243250637,True,False,False,False,True,0.0,18.5059,19.035075000000003,0.0,0.0,0.0,0.0,0.9901177460050461,0.9642556770395289,False,False,False,False,-0.24290238945973852,-0.24317829366940805,False,False,False,False,14751.0,10915.700974614789,False,False,False,False,6411.090024965646,False,False,False,False
2025-03-03 18:00:00+00:00,18.15,18.21,18.03,18.14,3831.0,,,,,,,,,,,,,,,,,,,18.12337106918239,,,,,,,,,,18.12337106918239,"rgba(239, 83, 80, 0.5)",0.7503623328970022,18.64581037316995,-0.6740881717997697,48.11321214587003,-7.36403203675539,True,False,False,False,True,0.0,18.4893,19.03305,0.0,0.0,0.0,0.0,0.9838743455497382,0.9643979057591621,False,False,False,False,-0.25666811132074996,-0.249923202495079,False,False,False,False,10920.0,10915.767626171148,False,False,False,False,6371.088629229744,False,False,False,False
2025-03-03 19:00:00+00:00,18.13,18.14,17.86,17.87,5650.0,,,,,,,,,,,,,,,,,,,18.111536177252834,,,,,,,,,,18.111536177252834,"rgba(239, 83, 80, 1.0)",0.7428219567698979,18.636265821500395,-1.0315605435687976,43.39324259663477,-7.36403203675539,True,False,False,True,False,0.0,18.4665,19.029825,0.0,0.0,0.0,0.0,0.9766812408911096,0.9700187382885694,False,False,False,False,-0.28704391222820513,-0.2684835573616421,False,False,False,False,5270.0,10828.236345145238,False,False,False,False,6359.908960559515,False,False,False,False
2025-03-03 20:00:00+00:00,17.87,17.965,17.85,17.965,10842.0,,,,,,,,,,,,,,,,,,,18.089370726294874,,,,,,,,,,18.089370726294874,"rgba(239, 83, 80, 1.0)",0.7341345520683119,18.618550384200987,-0.8902324272297337,42.528035584368354,-2.1449716266322696,True,False,False,True,False,0.0,18.4414,19.026325,0.0,0.0,0.0,0.0,0.9789011907248798,0.9768121997075411,False,False,False,False,-0.3108129324899014,-0.28964824492577174,False,False,False,False,16112.0,10910.155161499575,False,False,False,False,6429.398744116732,False,False,False,False
2025-03-04 15:00:00+00:00,17.82,17.895,17.66,17.675,2189.0,,,,,,,,,,,,,,,,,,,18.081192054648586,,,,,,,,,,18.081192054648586,"rgba(239, 83, 80, 1.0)",0.7300823722500567,18.61370332089168,-1.285749877782516,38.38181052279112,-6.178741854513355,False,True,False,True,False,0.0,18.408,19.021575,0.0,0.0,0.0,0.0,0.9703995032084453,0.9703995032084453,False,False,False,False,-0.34282825441539394,-0.31623824967058284,False,False,False,False,13923.0,10956.865934189504,False,False,False,False,6363.656127928875,False,False,False,False
2025-03-04 16:00:00+00:00,17.68,17.93,17.62,17.905,2125.0,,,,,,,,,,,,,,,,,,17.818333333333335,18.075296246257338,,,,,,,,,,17.946814789795337,"rgba(239, 83, 80, 1.0)",0.7148242271185801,18.53890773429694,-0.8868022518657349,40.03953916751924,-6.178741854513355,False,False,False,True,False,0.0,18.3765,19.0173,0.0,0.0,0.0,0.0,0.9702564102564102,0.9682051282051279,False,False,False,False,-0.34282825441539394,-0.3295332520429884,False,False,False,False,16048.0,11035.79824528734,False,False,False,False,6297.940529046257,False,False,False,False
2025-03-04 17:00:00+00:00,17.91,17.98,17.84,17.875,3866.0,,,,,,,,,,,,,,,,,,17.869957436154234,18.06835821324382,,,,,,,,,,17.969157824699025,"rgba(239, 83, 80, 1.0)",0.6968730027644788,18.536496129110855,-0.9492348340181287,40.753200885215435,-6.178741854513355,False,False,False,True,True,0.0,18.3524,19.013125,0.0,0.0,0.0,0.0,0.9861254918202524,0.9703872437357628,False,False,False,False,-0.30770535516013464,-0.31861930360156154,False,False,False,False,12182.0,11053.568815127846,False,False,False,False,6260.236024719959,False,False,False,False
2025-03-04 18:00:00+00:00,17.875,18.01,17.875,18.0,7254.0,,,,,,,,,,,,,,,,,,17.920184597961498,18.06104730102052,,,,,,,,,,17.99061594949101,"rgba(239, 83, 80, 0.5)",0.6865602537155651,18.531122387931113,-0.7735990906213331,43.40057848018385,-6.178741854513355,True,False,False,True,True,0.0,18.3258,19.009375,0.0,0.0,0.0,0.0,0.9854832019908751,0.9628784736623804,False,False,False,False,-0.2993615590750519,-0.3089904313383067,False,False,False,False,19436.0,11183.528988536716,False,False,False,False,6275.643218135153,False,False,False,False
2025-03-04 19:00:00+00:00,18.005,18.31,18.0,18.285,5570.0,,,,,,,,,,,,,,,,,,18.002527858977768,18.06790969299387,,,,,,,,,,18.03521877598582,"rgba(239, 83, 80, 0.5)",0.6754116062356619,18.534304665355293,-0.3691151633368685,48.999864909879925,-6.6179627674057855,True,False,False,False,True,0.0,18.311600000000002,19.006475,0.0,0.0,0.0,0.0,0.9888843145327294,0.951008645533141,False,False,False,False,-0.24573556631791704,-0.2773629988281119,False,False,False,False,25006.0,11397.830864683434,False,False,False,False,6264.703013202825,False,False,False,False
2025-03-04 20:00:00+00:00,18.285,18.515,18.26,18.44,16909.0,,,,,,,,,,,,,,,,,,18.193027283245627,18.112321879382886,,,,,,,,,,18.15267458131426,#000000,0.6632519054553022,18.550149861206222,-0.16607545383621072,54.33318826446657,-1.8021803378338532,True,False,True,False,True,0.0,18.2989,19.004324999999998,0.0,0.0,0.0,0.0,1.0,0.9430327868852457,False,False,False,False,-0.18859908990636212,-0.232981044367237,False,False,False,False,41915.0,11870.965269882141,False,False,False,False,6429.730873463246,False,False,False,False
2025-03-05 15:00:00+00:00,18.98,19.06,18.865,18.91,1304.0,,,,,,,,,,,,,,,,,,18.219509200244865,18.120697216994227,,,,,,,,,,18.170103208619544,#000000,0.6500628313360822,18.552813201595193,0.549465038126664,61.290071981845514,4.373203559889795,True,False,True,False,True,2.6117004427518893,18.291999999999998,19.004150000000003,0.0,0.0,0.0,0.0,1.0030078203328654,0.9352316021656304,False,False,False,False,-0.051626645107669865,-0.14230384473745342,False,False,False,False,43219.0,12356.98131220955,False,False,False,False,6350.262177750637,False,False,False,False
2025-03-05 16:00:00+00:00,18.91,19.0,18.865,18.88,7070.0,,,,,,,,,,,,,,,,,,18.331013575823548,18.161773629620956,,,,,,,,,,18.24639360272225,#000000,0.6357109731957129,18.569268997060654,0.4887928886570945,65.41395428789153,7.861212487630048,True,False,True,False,True,2.240976893854299,18.2885,19.004649999999998,0.0,0.0,0.0,0.0,1.0026120152702431,0.9419328912999796,False,False,False,False,-0.0586818399335179,-0.10049284233548567,False,False,False,False,36149.0,12725.849818996998,False,False,False,False,6361.4209036769835,False,False,False,False
2025-03-05 17:00:00+00:00,18.87,18.955,18.8,18.8,3764.0,,,,,,,,,,,,,,,,,,18.37195917429276,18.180258783107195,,,,,,,,,,18.276108978699977,#000000,0.624680804978116,18.57537244059295,0.3595877408381703,66.74024834138056,8.950027845664948,True,False,True,False,True,1.2499054986279425,18.2987,19.004425,0.0,0.0,0.0,0.0,0.9928410717938229,0.9599100020454078,False,False,False,False,-0.07163204558994751,-0.08606244396271659,False,False,False,False,32385.0,13030.642845059061,False,False,False,False,6321.150812147108,False,False,False,False
2025-03-05 18:00:00+00:00,18.8,18.845,18.63,18.635,3268.0,,,,,,,,,,,,,,,,,,18.39313912249821,18.192150645351283,,,,,,,,,,18.292644883924744,#000000,0.6129852370986594,18.57686603976707,0.09483745564263292,64.88274410091026,8.950027845664948,True,False,True,False,True,0.0,18.3021,19.003600000000002,0.0,0.0,0.0,0.0,0.9742014742014741,0.9694922194922192,False,False,False,False,-0.10471500352916589,-0.09538872374594123,False,False,False,False,29117.0,13280.043731182175,False,False,False,False,6273.8151406409515,False,False,False,False
2025-03-05 19:00:00+00:00,18.635,18.745,18.6,18.685,4679.0,,,,,,,,,,,,,,,,,,18.41690993686801,18.207424692605688,,,,,,,,,,18.312167314736847,#000000,0.6007489919686508,18.579151107138706,0.17619487385975666,64.14713589635363,8.950027845664948,True,False,True,False,True,0.0,18.3062,19.003025,0.0,0.0,0.0,0.0,0.9666939109113201,0.974458520637515,False,False,False,False,-0.12014854243807245,-0.10776863309200685,False,False,False,False,33796.0,13598.120572559197,False,False,False,False,6249.089324506984,False,False,False,False
2025-03-05 20:00:00+00:00,18.69,18.88,18.67,18.88,10242.0,,,,,,,,,,,,,,,,,,18.477863267273268,18.24632110016575,,,,,,,,,,18.36209218371951,#000000,0.5886421234923204,18.593063403600112,0.4874550850991386,65.46811609545182,8.950027845664948,True,False,True,False,True,2.1926965080303056,18.311,19.00365,0.0,0.0,0.0,0.0,0.9711440764072344,0.966876651087177,False,False,False,False,-0.09583406053944354,-0.1018013468157252,False,False,False,False,44038.0,14070.056687713319,False,False,False,False,6310.9949163750925,False,False,False,False
2025-03-06 15:00:00+00:00,18.895,18.97,18.735,18.87,9720.0,,,,,,,,,,,,,,,,,,18.52667044999626,18.281648999031987,,,,,,,,,,18.404159724514123,#000000,0.5760128173623954,18.606614988962843,0.45725546914601206,66.15965785900978,9.302651364288238,True,False,True,False,True,2.0672886918796927,18.3154,19.004625,0.0,0.0,0.0,0.0,0.9728903383611904,0.9735018344883813,False,False,False,False,-0.0775261808123225,-0.08966376381402386,False,False,False,False,34318.0,14383.978289454197,False,False,False,False,6363.847708369277,False,False,False,False
2025-03-06 16:00:00+00:00,18.87,18.99,18.84,18.865,4864.0,,,,,,,,,,,,,,,,,,18.549089601289765,18.29896233403174,,,,,,,,,,18.424025967660754,#000000,0.5628511476531008,18.613542265080156,0.4467570795019898,66.51568840019836,10.168074057164034,True,False,True,False,True,2.0034619651775856,18.3203,19.005525,0.0,0.0,0.0,0.0,0.9739148155695945,0.9692276339922556,False,False,False,False,-0.06280002163662246,-0.07623189272532316,False,False,False,False,29454.0,14617.62203690452,False,False,False,False,6340.594255526343,False,False,False,False
2025-03-06 17:00:00+00:00,18.86,18.89,18.7,18.745,14127.0,,,,,,,,,,,,,,,,,,18.583264969080435,18.33510357850619,,,,,,,,,,18.459184273793312,#000000,0.5485260101251188,18.624506501374963,0.21966779405329076,64.24690166980922,10.168074057164034,True,False,True,False,True,0.4727004060625468,18.3233,19.005825,0.0,0.0,0.0,0.0,0.9667286629468899,0.9847075842116136,False,False,False,False,-0.09110380087583571,-0.08366784680057943,False,False,False,False,15327.0,14628.62014485949,False,False,False,False,6461.313724432911,False,False,False,False
2025-03-06 18:00:00+00:00,18.76,18.795,18.645,18.655,15742.0,,,,,,,,,,,,,,,,,,18.599657191896526,18.3632542421557,,,,,,,,,,18.481455717026115,#000000,0.5298078693058232,18.630671274452155,0.04591990220855516,61.018239019134874,10.168074057164034,True,False,True,False,False,0.0,18.3196,19.005675,0.0,0.0,0.0,0.0,0.9697095435684648,0.9865145228215764,False,False,False,False,-0.10886499807791516,-0.0962664224392473,False,False,False,False,-415.0,14395.385724008955,False,False,False,False,6605.200333356432,False,False,False,False
2025-03-06 19:00:00+00:00,18.65,18.78,18.57,18.59,10308.0,,,,,,,,,,,,,,,,,,18.60366816486221,18.37694230216591,,,,,,,,,,18.49030523351406,#000000,0.5086533448481618,18.63263413611812,-0.08381766590141575,57.675081908536946,13.53561528975981,True,False,True,False,False,0.0,18.3174,19.0052,0.0,0.0,0.0,0.0,0.965133072003301,0.9818444398597067,False,False,False,False,-0.1195539368195102,-0.10791017962937874,False,False,False,False,-10723.0,14005.953387202613,False,False,False,False,6662.6080801261,False,False,False,False
2025-03-06 20:00:00+00:00,18.585,18.71,18.53,18.675,20295.0,,,,,,,,,,,,,,,,,,18.60865395291044,18.399639815793336,,,,,,,,,,18.50414688435189,#000000,0.486740602800313,18.635778725420288,0.0805794181830436,56.881613664955054,12.592715000094955,True,False,True,False,False,0.0,18.3179,19.00515,0.0,0.0,0.0,0.0,0.9633970799917747,0.9860168620193294,False,False,False,False,-0.13265547314081377,-0.12028282638509626,False,False,False,False,9572.0,13937.209923835131,False,False,False,False,6873.962993612517,False,False,False,False
2025-03-07 15:00:00+00:00,19.135,19.135,18.77,18.815,1372.0,,,,,,,,,,,,,,,,,,18.611523663136325,18.402598793395573,,,,,,,,,,18.507061228265947,#000000,0.46653275427434704,18.634500193422006,0.3868963216928836,58.43888869757061,12.592715000094955,True,False,True,False,False,1.4051906738323616,18.321099999999998,19.0058,0.0,0.0,0.0,0.0,0.9780085522296886,0.966401954795357,False,False,False,False,-0.0539777716366636,-0.08713029901087993,False,False,False,False,10944.0,13890.803568426834,False,False,False,False,6788.661241773562,False,False,False,False
2025-03-07 16:00:00+00:00,18.81,18.815,18.65,18.66,1323.0,,,,,,,,,,,,,,,,,,18.61241432664358,18.40430969018151,,,,,,,,,,18.508362008412547,#000000,0.4442067735386921,18.62889158657716,0.07003138014987767,56.43051400589984,11.844643861381797,True,False,True,False,False,0.0,18.3231,19.005675,0.0,0.0,0.0,0.0,0.9733034440595069,0.9777868351334824,False,False,False,False,-0.10590034341167877,-0.09651532121127934,False,False,False,False,9621.0,13824.605063489984,False,False,False,False,6703.922307792577,False,False,False,False
2025-03-07 17:00:00+00:00,18.66,18.935,18.645,18.89,1756.0,,,,,,,,,,,,,,,,,,18.61495883656916,18.407399051393792,,,,,,,,,,18.511178943981477,#000000,0.42216716726566283,18.63043378413323,0.6148422615334,58.24237107881014,11.844643861381797,True,False,True,False,False,2.2796074417986567,18.3379,19.004375,0.0,0.0,0.0,0.0,0.9716828478964403,0.9714805825242715,False,False,False,False,-0.0922859764898693,-0.09440064885057432,False,False,False,False,11377.0,13786.657698164558,False,False,False,False,6627.210334028351,False,False,False,False
2025-03-07 18:00:00+00:00,18.885,19.105,18.885,19.085,1162.0,,,,,,,,,,,,,,,,,,18.618206299981825,18.410397565208182,,,,,,,,,,18.514301932595004,"rgba(38, 166, 154, 0.5)",0.4231343577218491,18.63459382410062,1.0644519115024444,61.47495801631577,11.844643861381797,True,False,True,False,True,4.582255067571378,18.3574,19.0042,0.0,0.0,0.0,0.0,0.9806451612903226,0.9669354838709673,False,False,False,False,-0.04398928576877375,-0.06919496730967403,False,False,False,False,12539.0,13767.314167960456,False,False,False,False,6542.478390865121,False,False,False,False
2025-03-07 19:00:00+00:00,19.085,19.125,19.02,19.04,2965.0,,,,,,,,,,,,,,,,,,18.62699048000802,18.41836704484642,,,,,,,,,,18.52267876242722,"rgba(38, 166, 154, 0.5)",0.42424323721695484,18.64289862241285,0.9360228820431937,62.73071573824494,7.462840634963079,True,False,True,False,True,3.99325801518496,18.375500000000002,19.00395,0.0,0.0,0.0,0.0,0.9853029997986713,0.9641634789611432,False,False,False,False,-0.02579613974470044,-0.047495553527187234,False,False,False,False,9574.0,13702.301545201379,False,False,False,False,6487.013609611397,False,False,False,False
2025-03-07 20:00:00+00:00,19.04,19.06,18.27,18.3,49096.0,,,,,,,,,,,,,,,,,,18.6063283881927,18.439421979864807,,,,,,,,,,18.522875184028756,"rgba(239, 83, 80, 0.5)",0.42081591704215865,18.61732743146069,-0.7540765893341889,54.35764894226703,10.210748802266679,True,False,True,False,False,0.0,18.3784,18.99985,0.0,0.0,0.0,0.0,0.9579009203054633,0.9669081652633637,False,False,False,False,-0.12193286843323159,-0.08471421098020941,False,False,False,False,-39522.0,12877.118575508333,False,False,False,False,7147.618049772461,False,False,False,False
2025-03-10 14:00:00+00:00,18.21,18.24,18.005,18.22,9640.0,,,,,,,,,,,,,,,,,,18.585453305249153,18.43031403670202,,,,,,,,,,18.507883670975588,"rgba(239, 83, 80, 1.0)",0.41345119650557133,18.604257786887537,-0.9293909175622863,48.16147323601275,4.774610516537223,False,False,False,True,False,0.0,18.3776,18.995675000000002,0.0,0.0,0.0,0.0,0.9480116391852571,0.9953443258971867,False,False,False,False,-0.25384090351822014,-0.16927755724921478,False,False,False,False,-49162.0,11915.271775888048,False,False,False,False,7186.259630396143,False,False,False,False
2025-03-10 15:00:00+00:00,18.235,18.27,18.23,18.27,2.0,,,,,,,,,,,,,,,,,,18.58545015025533,18.430312883048373,,,,,,,,,,18.50788151665185,"rgba(239, 83, 80, 1.0)",0.40173721858049094,18.6042558921222,-0.8320262018621761,44.7435594935447,1.9203866062308848,False,True,False,True,False,0.0,18.3756,18.991775,0.0,0.0,0.0,0.0,0.9560054506521316,0.9972746739342024,False,False,False,False,-0.22221933111498338,-0.19574844418209908,False,False,False,False,-49160.0,10968.368337502186,False,False,False,False,7074.8757601574425,False,False,False,False
2025-03-10 16:00:00+00:00,18.27,18.27,18.27,18.27,0.0,,,,,,,,,,,,,,,,,,18.58545015025533,18.430312883048373,,,,,,,,,,18.50788151665185,"rgba(239, 83, 80, 1.0)",0.38462826326324073,18.6042558921222,-0.8690362202879381,42.46495033189933,-0.056673231173896,False,True,False,True,False,0.0,18.3721,18.987650000000002,0.0,0.0,0.0,0.0,0.9516001580403003,1.0102726195179768,False,False,False,False,-0.21730002841244758,-0.20652423629727334,False,False,False,False,-49160.0,10036.145572579671,False,False,False,False,6965.1877638759315,False,False,False,False
2025-03-10 17:00:00+00:00,18.27,18.27,17.755,17.785,28825.0,,,,,,,,,,,,,,,,,,18.5066246852801,18.3871758563125,,,,,,,,,,18.4469002707963,"rgba(255, 26, 202, 1.0)",0.3852828842563557,18.556010885676102,-2.0011552996034316,37.279516768694975,-4.8297069280209115,False,True,False,True,False,0.0,18.36,18.981099999999998,0.0,0.0,0.0,0.0,0.9301872074882995,1.006630265210608,False,False,False,False,-0.28152527119125126,-0.2440247537442623,False,False,False,False,-77985.0,8671.476648973785,False,False,False,False,7304.099581490258,False,False,False,False
2025-03-10 18:00:00+00:00,17.785,17.81,17.61,17.635,19311.0,,,,,,,,,,,,,,,,,17.685000000000002,18.444781622680683,18.348342268680938,,,,,,17.685000000000002,,,,18.159374630453872,"rgba(255, 26, 202, 1.0)",0.38196711098453073,18.442710556672317,-2.1146076021844378,33.000069378507135,-8.73290471685263,False,True,False,True,False,0.0,18.3433,18.973025,1.0,17.81,17.61,0.0,0.925140968306436,1.0217771728563092,True,False,False,False,-0.34282825441539394,-0.2934265040798281,False,False,False,False,-97296.0,7028.5700342610135,False,False,False,False,7490.253076350874,True,False,False,False
2025-03-10 19:00:00+00:00,17.635,17.95,17.635,17.95,52399.0,,,,,,,,,,,,,,,,,17.801913122298146,18.343059196827188,18.282664133302124,,,,,,17.801913122298146,,,,18.142545484142484,"rgba(239, 83, 80, 1.0)",0.37960104709411646,18.388575951810502,-1.155360226658606,34.63182716965103,-8.73290471685263,False,True,False,True,False,0.0,18.3321,18.965975,0.0,0.0,0.0,0.0,0.9242482652274481,1.0173477255204315,False,False,False,False,-0.3217558989828728,-0.30759120153135044,False,False,False,False,-44897.0,6223.52243683061,False,False,False,False,8186.512718577992,False,False,False,False
2025-03-11 14:00:00+00:00,18.76,19.115,18.715,18.96,5353.0,,,,,,,,,,,,,,,,,17.88027302337049,18.353055328427367,18.291179638280738,,,,,,17.88027302337049,,,,18.174835996692863,"rgba(38, 166, 154, 1.0)",0.37706856498877944,18.399684971745778,1.485976504752913,43.81596513338394,-15.156064711918688,False,True,False,True,True,3.1096219998671053,18.3374,18.96455,0.0,0.0,0.0,0.0,0.9403593258010743,1.0011113169105388,False,False,False,False,-0.053906330968125235,-0.18074876624973785,False,False,False,False,-39544.0,5513.948445561919,False,False,False,False,8142.5822888325965,False,False,False,False
2025-03-11 15:00:00+00:00,18.96,19.09,18.75,18.94,7045.0,,,,,,,,,,,,,,,,,17.967920372219844,18.36563045345349,18.30199439414582,,,,,,17.967920372219844,,,,18.211848406606382,"rgba(38, 166, 154, 1.0)",0.3690885413438705,18.412975478296083,1.4279081105715032,49.75968938818533,-9.852125738619378,False,False,False,False,True,2.9070946100317485,18.3435,18.963800000000003,0.0,0.0,0.0,0.0,0.9435661764705884,1.001470588235294,False,False,False,False,-0.05275723538845449,-0.11675300081909618,False,False,False,False,-46589.0,4706.150795243129,False,False,False,False,8125.565509160773,False,False,False,False
2025-03-11 16:00:00+00:00,18.945,19.02,18.84,18.995,2919.0,,,,,,,,,,,,,,,,,18.000916516330182,18.370905728162825,18.306543289093153,,,,,,18.000916516330182,,,,18.22612184452872,"rgba(38, 166, 154, 1.0)",0.3677032807885964,18.418317248750647,1.568337247392977,54.05489797276267,-6.011427987588924,True,False,True,False,True,3.4278454018253335,18.360599999999998,18.965175,0.0,0.0,0.0,0.0,0.9435394298407997,1.0122176971492038,False,False,False,False,-0.05045945870361072,-0.08360622976135344,False,False,False,False,-43670.0,3956.132953456414,False,False,False,False,8044.843563282311,False,False,False,False
2025-03-11 17:00:00+00:00,18.995,18.995,18.79,18.89,4546.0,,,,,,,,,,,,,,,,,18.045136430316067,18.378105326809013,18.31285495815507,,,,,,18.045136430316067,,,,18.24536557176005,"rgba(38, 166, 154, 0.5)",0.37188675259647463,18.425553935677115,1.248891123655713,55.81293137349926,-4.317431821981927,True,False,True,False,True,2.3395678136839244,18.3783,18.965649999999997,0.0,0.0,0.0,0.0,0.9457306908686793,1.0111131691053896,False,False,False,False,-0.059079065510448024,-0.07134264763590073,False,False,False,False,-48216.0,3147.262675108252,False,False,False,False,7990.5979266422755,False,False,False,False
2025-03-11 18:00:00+00:00,18.89,19.06,18.89,18.955,3349.0,,,,,,,,,,,,,,,,,18.07770829382721,18.384056115844295,18.31802272987653,,,,,,18.07770829382721,,,,18.25992904651601,"rgba(38, 166, 154, 1.0)",0.37725259776775205,18.4312943510677,1.3882095233568368,57.466995059987845,-2.4645438068058922,True,False,True,False,True,2.9709251336341325,18.3973,18.966025000000002,0.0,0.0,0.0,0.0,0.9462504617657924,1.0073882526782414,False,False,False,False,-0.04012569795503833,-0.05573417279546953,False,False,False,False,-44867.0,2402.8555018507595,False,False,False,False,7918.635168089681,False,False,False,False
2025-03-11 19:00:00+00:00,18.955,19.075,18.89,19.06,11545.0,,,,,,,,,,,,,,,,,18.178622812702528,18.40502488495798,18.336287844931178,,,,,,18.178622812702528,,,,18.306645180863896,"rgba(38, 166, 154, 1.0)",0.384585924512752,18.450692481406044,1.5843209014108146,59.363293851425546,-0.23336576948025112,True,False,True,False,True,3.98801369642921,18.418000000000003,18.967175,0.0,0.0,0.0,0.0,0.9486093203168171,1.0051574875667708,False,False,False,False,-0.03840429636398896,-0.047069234579729245,False,False,False,False,-33322.0,1848.9817731398953,False,False,False,False,7974.857878661934,False,False,False,False
2025-03-12 14:00:00+00:00,18.895,19.135,18.87,19.025,2196.0,,,,,,,,,,,,,,,,,18.19542433947158,18.40886554152176,18.33966157538,,,,,,18.19542433947158,,,,18.31465048545778,"rgba(38, 166, 154, 1.0)",0.39012589790503666,18.454146280662847,1.4632551245703427,60.158997480715215,1.0809565990849705,True,False,True,False,True,3.610455488392123,18.439,18.968349999999997,0.0,0.0,0.0,0.0,0.9453182150694953,1.0043891733723478,False,False,False,False,-0.03381497633351602,-0.040442105456622635,False,False,False,False,-35518.0,1269.64872239354,False,False,False,False,7885.263182868725,False,False,False,False
2025-03-12 15:00:00+00:00,19.025,19.085,18.97,19.02,1358.0,,,,,,,,,,,,,,,,,18.20566387326056,18.41127494343962,18.341777331954184,,,,,,18.20566387326056,,,,18.319572049551454,"rgba(38, 166, 154, 1.0)",0.3953448488971931,18.456295636474422,1.4258548330603515,60.61611060949495,2.18739604338829,True,False,True,False,True,3.555719065022892,18.4606,18.969549999999998,0.0,0.0,0.0,0.0,0.9502378338821807,1.0069520673252832,False,False,False,False,-0.028080305296605504,-0.03426120537661407,False,False,False,False,-36876.0,678.2433158448031,False,False,False,False,7784.065304064558,False,False,False,False
2025-03-12 16:00:00+00:00,19.015,19.135,18.99,19.05,6818.0,,,,,,,,,,,,,,,,,18.255420379040103,18.423734152905922,18.352714081466505,,,,,,18.255420379040103,,,,18.343956204470842,"rgba(38, 166, 154, 1.0)",0.4012476263576554,18.467228701965983,1.4523981196453486,61.222079834256135,3.4854857702527227,True,False,True,False,True,3.858997311229114,18.4826,18.972125000000002,0.0,0.0,0.0,0.0,0.9564818215203819,1.0011017260374584,False,False,False,False,-0.020054782302606187,-0.02715799383961013,False,False,False,False,-30058.0,201.7124117231782,False,False,False,False,7769.087547412394,False,False,False,False
2025-03-12 17:00:00+00:00,19.06,19.14,19.0,19.035,7134.0,,,,,,,,,,,,,,,,,18.301623834759717,18.436267285124618,18.363805922243742,,,,,,18.301623834759717,,,,18.367232347376028,"rgba(38, 166, 154, 1.0)",0.40682220478521247,18.47801266447002,1.3691173416260494,61.35465388348709,4.357223298466792,True,False,True,False,True,3.688573845329376,18.5023,18.9744,0.0,0.0,0.0,0.0,0.956481821520382,1.0012853470437015,False,False,False,False,-0.018335398585401678,-0.022746696212505906,False,False,False,False,-37192.0,-378.0350675283439,False,False,False,False,7759.241228847861,False,False,False,False
2025-03-12 18:00:00+00:00,19.02,19.12,19.02,19.04,3408.0,,,,,,,,,,,,,,,,,18.321913720779914,18.44209699447932,18.368994889683503,,,,,,18.321913720779914,,,,18.377668534980913,"rgba(38, 166, 154, 1.0)",0.41012740275002535,18.4829638030939,1.358202824710098,61.50529771413469,5.245764595999638,True,False,True,False,True,3.740954486844302,18.5214,18.977075,0.0,0.0,0.0,0.0,0.9583180315828131,0.9994491369812704,False,False,False,False,-0.018335398585401678,-0.020541047398953793,False,False,False,False,-33784.0,-895.957004465889,False,False,False,False,7691.780124524637,False,False,False,False
2025-03-12 19:00:00+00:00,19.04,19.11,18.96,18.965,6485.0,,,,,,,,,,,,,,,,,18.35532808928331,18.452049891228395,18.377982288544338,,,,,,18.35532808928331,,,,18.395120089685346,"rgba(38, 166, 154, 0.5)",0.4135094800486261,18.491352521391946,1.145433179796401,60.04217993971356,5.245764595999638,True,False,True,False,True,2.8655231665674705,18.5413,18.97905,0.0,0.0,0.0,0.0,0.958012467913458,0.9983498349834982,False,False,False,False,-0.02636028112053117,-0.02345066425974248,False,False,False,False,-40269.0,-1506.391779590449,False,False,False,False,7673.070355152163,False,False,False,False
2025-03-13 14:00:00+00:00,19.48,19.635,19.385,19.5,15838.0,,,,,,,,,,,,,,,,,18.47713445643848,18.49521550476545,18.41525771805736,,,,,,18.47713445643848,,,,18.462535893087097,"rgba(0, 255, 0, 1.0)",0.4304941639850886,18.526582757059206,2.2611624602058744,64.47744374528949,8.946883853066005,True,False,True,False,True,8.26603333758825,18.57,18.983525,0.0,0.0,0.0,0.0,0.9606539705353935,0.9825727632051741,False,False,False,False,0.08268792555289053,0.029618630646574027,False,False,False,False,-24431.0,-1861.812062077419,False,False,False,False,7799.658411661431,False,False,False,False
2025-03-13 15:00:00+00:00,19.5,19.755,19.5,19.595,21312.0,,,,,,,,,,,,,,,,,18.619142867723877,18.55375695628319,18.4663766038439,,,,,,18.619142867723877,,,,18.546425475950326,"rgba(0, 255, 0, 1.0)",0.44960571315019177,18.620437970708245,2.167592627912624,68.05881444777651,12.489035432879163,True,False,True,False,True,9.159196437193703,18.5955,18.987675000000003,0.0,0.0,0.0,0.0,0.9654678833422795,0.9788870996600464,False,False,False,False,0.10986700340904437,0.0697428170278092,False,False,False,False,-3119.0,-1881.3033479366836,False,False,False,False,8009.152079697688,False,False,False,False
2025-03-13 16:00:00+00:00,19.595,19.695,19.505,19.565,19817.0,,,,,,,,,,,,,,,,,18.719788183036126,18.601650228967575,18.509076708719274,,,,,,18.719788183036126,,,,18.61017170690766,"rgba(0, 255, 255, 0.75)",0.46698888811364353,18.656637916930357,1.9451471034758123,69.83545110593829,14.28569934730939,True,False,True,False,True,8.797796556380597,18.6236,18.994575,0.0,0.0,0.0,0.0,0.9607245337159253,0.9888809182209467,False,False,False,False,0.10349290538612012,0.08661786120696466,False,False,False,False,-22936.0,-2207.7327533950297,False,False,False,False,8192.219489314779,False,False,False,False
2025-03-13 17:00:00+00:00,19.57,19.57,19.38,19.385,37148.0,,,,,,,,,,,,,,,,,18.837956664517364,18.66899073717818,18.57140168864111,,,,,,18.837956664517364,,,,18.692783030112217,"rgba(38, 166, 154, 1.0)",0.47677385237269665,18.70367873363838,1.4290239764009307,67.5647474953332,14.28569934730939,True,False,True,False,False,6.651085648034602,18.6481,19.001125,0.0,0.0,0.0,0.0,0.9491525423728812,1.0046880634691668,False,False,False,False,0.07461732833554455,0.0806175947712546,False,False,False,False,-60084.0,-3105.0392223346416,False,False,False,False,8641.146318937805,False,False,False,False
2025-03-13 18:00:00+00:00,19.38,19.53,19.37,19.515,28179.0,,,,,,,,,,,,,,,,,18.907668228190712,18.71483232267549,18.614690985352137,,,,,,18.907668228190712,,,,18.745730512072782,"rgba(38, 166, 154, 1.0)",0.48873266887084343,18.73797463025447,1.5898781056333957,67.31978146454122,14.28569934730939,True,False,True,False,False,7.917554811898736,18.6752,19.0081,0.0,0.0,0.0,0.0,0.9372613202400436,1.0192762320421893,False,False,False,False,0.06885861136736299,0.0747381030693088,False,False,False,False,-31905.0,-3551.5502421434066,False,False,False,False,8944.058779109311,False,False,False,False
2025-03-13 19:00:00+00:00,19.515,19.52,19.32,19.39,20901.0,,,,,,,,,,,,,,,,,18.945563263444992,18.743083237249724,18.642079466161388,,,,,,18.945563263444992,,,,18.7769086556187,"rgba(38, 166, 154, 1.0)",0.49686597065284005,18.758739612600387,1.2704842446146813,64.92436930276493,14.28569934730939,True,False,True,False,False,6.436997117679219,18.7002,19.01365,0.0,0.0,0.0,0.0,0.9300967329804708,1.0213542617265923,False,False,False,False,0.08398239103380105,0.07936024705155492,False,False,False,False,-52806.0,-4315.185122110175,False,False,False,False,9129.43771276653,False,False,False,False
2025-03-14 14:00:00+00:00,19.37,19.53,19.31,19.49,4361.0,,,,,,,,,,,,,,,,,18.95327685824136,18.748970970623585,18.647795723551116,,,,,,18.95327685824136,,,,18.783347850805352,"rgba(38, 166, 154, 1.0)",0.5068972477927024,18.76319093506301,1.4338390435179835,64.42667569848267,14.28569934730939,True,False,True,False,False,7.422023681786985,18.7326,19.019325,0.0,0.0,0.0,0.0,0.9342560553633217,1.0114733199781458,False,False,False,False,0.08398239103380105,0.08167131904267799,False,False,False,False,-48445.0,-4999.368298511567,False,False,False,False,9055.508445901933,False,False,False,False
2025-03-14 15:00:00+00:00,19.5,19.585,19.44,19.555,2676.0,,,,,,,,,,,,,,,,,18.958677780202606,18.75296277967671,18.65162634929632,,,,,,18.958677780202606,,,,18.78775563639188,"rgba(38, 166, 154, 1.0)",0.5187229380762753,18.766321936662024,1.5204225713689279,64.7901562885198,14.28569934730939,True,False,True,False,False,8.059893120214234,18.764400000000002,19.024974999999998,0.0,0.0,0.0,0.0,0.9384895359417652,1.008735213830755,False,False,False,False,0.10657025949320731,0.09412078926794265,False,False,False,False,-45769.0,-5631.455611712939,False,False,False,False,8956.60133821353,False,False,False,False
2025-03-14 16:00:00+00:00,19.55,19.705,19.49,19.7,21587.0,,,,,,,,,,,,,,,,,19.006203210276375,18.787900020198936,18.68491431030495,,,,,,19.006203210276375,,,,18.82633918026009,"rgba(0, 255, 255, 0.75)",0.5343070362712868,18.79460198225143,1.6945275960933959,66.47179611945926,14.28569934730939,True,False,True,False,False,9.467914253235268,18.8049,19.030775000000002,0.0,0.0,0.0,0.0,0.9444040697674418,1.002361918604651,False,False,False,False,0.1274220972685566,0.11077144326824963,False,False,False,False,-24182.0,-5919.060951066226,False,False,False,False,9152.421472504793,False,False,False,False
2025-03-14 17:00:00+00:00,19.7,19.745,19.625,19.67,7842.0,,,,,,,,,,,,,,,,,19.023056350277116,18.800601845883836,18.697042956771234,,,,,,19.023056350277116,,,,18.84023371764406,"rgba(0, 255, 255, 0.75)",0.5484340935380956,18.80498362653784,1.5772476285741255,66.933630483353,14.28569934730939,True,False,True,False,True,9.094477186184601,18.8402,19.035775,0.0,0.0,0.0,0.0,0.9473014719244048,1.0016354715609666,False,False,False,False,0.1490031709037819,0.12988730708601576,False,False,False,False,-32024.0,-6323.788688258997,False,False,False,False,9132.104860527976,False,False,False,False
2025-03-14 18:00:00+00:00,19.67,19.72,19.59,19.64,4901.0,,,,,,,,,,,,,,,,,19.03270578697016,18.808093442341704,18.70424718336799,,,,,,19.03270578697016,,,,18.848348804226617,"rgba(38, 166, 154, 1.0)",0.5607092114633196,18.811060806808854,1.4783762710582367,66.54311020348644,14.28569934730939,True,False,True,False,True,8.716807406191862,18.875500000000002,19.040775,0.0,0.0,0.0,0.0,0.9484573502722322,0.999092558983666,False,False,False,False,0.141589409629484,0.1357383583577499,False,False,False,False,-36925.0,-6798.226072937153,False,False,False,False,9066.50633555855,False,False,False,False
2025-03-14 19:00:00+00:00,19.64,19.77,19.64,19.74,19501.0,,,,,,,,,,,,,,,,,19.072175382994654,18.83889802327516,18.733812022088685,,,,,,19.072175382994654,,,,18.8816284761195,"rgba(0, 255, 255, 0.75)",0.5751000461337672,18.83638899026696,1.5712240258156038,67.4670875086878,14.28569934730939,True,False,True,False,True,9.714086953019002,18.910300000000003,19.045525,0.0,0.0,0.0,0.0,0.9544299201161947,0.9947349310094407,False,False,False,False,0.15395467755574876,0.14484651795674933,False,False,False,False,-17424.0,-6962.966753976887,False,False,False,False,9228.281431131287,False,False,False,False
2025-03-17 14:00:00+00:00,19.89,19.945,19.78,19.8,4693.0,,,,,,,,,,,,,,,,,19.08271534421802,18.84701362374326,18.741543278720055,,,,,,19.08271534421802,,,,18.890424082227113,"rgba(0, 255, 255, 0.75)",0.5903312018925702,18.843194125549537,1.6207950238493154,68.7526325754042,15.285350249850893,True,False,True,False,True,10.309990381545447,18.9406,19.05075,0.0,0.0,0.0,0.0,0.9551479934628653,0.9930996913019792,False,False,False,False,0.19323116480674107,0.1690388413817452,False,False,False,False,-12731.0,-7052.393626008253,False,False,False,False,9157.966990338553,False,False,False,False
2025-03-17 15:00:00+00:00,19.8,20.0,19.78,19.93,4856.0,,,,,,,,,,,,,,,,,19.094183468689625,18.855786088982992,18.749872383522654,,,,,,19.094183468689625,,,,18.899947313731758,"rgba(0, 255, 255, 0.75)",0.6084243570060267,18.850603649095852,1.774084713201999,70.92500086582169,17.49615339198907,True,False,True,False,True,11.589615668194046,18.970399999999998,19.057,0.0,0.0,0.0,0.0,0.9482820976491861,0.994394213381555,False,False,False,False,0.2716508284409712,0.2203448349113582,False,False,False,False,-7875.0,-7065.1472132019235,False,False,False,False,9091.269827697644,False,False,False,False
2025-03-17 16:00:00+00:00,19.93,20.1,19.915,20.1,5900.0,,,,,,,,,,,,,,,,,19.109946997266384,18.867599027698297,18.76099863103654,,,,,,19.109946997266384,,,,18.912848218667076,"rgba(0, 255, 255, 0.75)",0.6303758924370165,18.860714699521452,1.965946533404863,73.76108341574047,20.21037989097053,True,False,True,False,True,13.220303614091264,18.9942,19.064475,0.0,0.0,0.0,0.0,0.9627940908261897,0.988692321721685,False,False,False,False,0.3428282221778499,0.2815865285446041,False,False,False,False,-1975.0,-6986.230202144529,False,False,False,False,9041.792776105432,False,False,False,False
2025-03-17 17:00:00+00:00,20.095,20.19,20.085,20.185,3927.0,,,,,,,,,,,,,,,,,19.121414449839772,18.876091253989696,18.76895547771606,,,,,,19.121414449839772,,,,18.92215372718184,"rgba(0, 255, 255, 0.75)",0.6501612551188031,18.868044829799434,2.025582361040446,76.24487045635692,22.50982849591624,True,False,True,False,True,14.02039393855597,19.0203,19.072425,0.0,0.0,0.0,0.0,0.9742088897018472,0.9785988659228094,False,False,False,False,0.34282822390426826,0.3122073762244362,False,False,False,False,1952.0,-6847.652989708179,False,False,False,False,8962.493663297597,False,False,False,False
2025-03-17 18:00:00+00:00,20.185,20.265,20.15,20.165,5621.0,,,,,,,,,,,,,,,,,19.138016335745213,18.88842803920197,18.780512266824484,,,,,,19.138016335745213,,,,18.935652213923888,"rgba(0, 255, 255, 0.75)",0.6658148702465585,18.878709322109167,1.9319044007150292,77.29470402863124,23.486103790551482,True,False,True,False,True,13.744450895275484,19.0476,19.080675,0.0,0.0,0.0,0.0,0.9796703296703293,0.9714285714285713,False,False,False,False,0.34282822475943486,0.3275178004919355,False,False,False,False,-3669.0,-6798.371548007277,False,False,False,False,8910.687559990658,False,False,False,False
2025-03-17 19:00:00+00:00,20.165,20.21,20.115,20.175,9619.0,,,,,,,,,,,,,,,,,19.16457577831761,18.908591237791626,18.79949468187338,,,,,,19.16457577831761,,,,18.95755389932754,"rgba(0, 255, 255, 0.75)",0.6801506060034406,18.89606961154942,1.8803635211994645,78.0800094774858,24.298145406354763,True,False,True,False,True,13.84117461774305,19.0784,19.089025,0.0,0.0,0.0,0.0,0.9785596481583283,0.9717793659519882,False,False,False,False,0.32954077466259707,0.3285292875772663,False,False,False,False,5950.0,-6600.722376720342,False,False,False,False,8921.669148207857,False,False,False,False
2025-03-18 14:00:00+00:00,20.515,20.57,20.295,20.32,1678.0,,,,,,,,,,,,,,,,,19.17009294814411,18.91267024383277,18.803297135155173,,,,,,19.17009294814411,,,,18.96202010904402,"rgba(0, 255, 255, 0.75)",0.6973396809522828,18.99144709842193,1.9051732432088295,79.74750919276866,25.96728085980176,True,False,True,False,True,15.237410825823858,19.1111,19.09885,0.0,0.0,0.0,0.0,0.9804383263901464,0.9601521463502988,False,False,False,False,0.34282822721034045,0.3356787573938034,False,False,False,False,7628.0,-6380.122029794445,False,False,False,False,8809.364200173626,False,False,False,False
2025-03-18 15:00:00+00:00,20.32,20.4,20.245,20.34,1371.0,,,,,,,,,,,,,,,,,19.174320778109696,18.915837249514016,18.806260918438802,,,,,,19.174320778109696,,,,18.965472982020838,"rgba(0, 255, 255, 0.75)",0.7125574230060918,18.992225838099348,1.8914604190280533,81.00298665416435,27.249466580801595,True,False,True,False,True,15.428824011717538,19.1403,19.108275000000003,0.0,0.0,0.0,0.0,0.9833061150426416,0.9662493195427327,False,False,False,False,0.3131866283899948,0.3244326928918991,False,False,False,False,8999.0,-6141.686029332515,False,False,False,False,8694.040724201943,False,False,False,False
2025-03-18 16:00:00+00:00,20.325,20.355,20.22,20.24,3150.0,,,,,,,,,,,,,,,,,19.183447363742616,18.922770558167425,18.81277513801707,,,,,,19.183447363742616,,,,18.972997686642373,"rgba(0, 255, 255, 0.75)",0.7228240848627413,18.99504271914644,1.722351685458802,78.34759953037602,27.249466580801595,True,False,True,False,False,13.974859894882684,19.167700000000004,19.115175,0.0,0.0,0.0,0.0,0.9814012278801008,0.9617190321415673,False,False,False,False,0.3038681110343315,0.3141504019631153,False,False,False,False,5849.0,-5955.7839203506155,False,False,False,False,8608.086604446875,False,False,False,False
2025-03-18 17:00:00+00:00,20.24,20.27,20.065,20.09,2410.0,,,,,,,,,,,,,,,,,19.189506092025795,18.92752076858311,18.81727942424336,,,,,,19.189506092025795,,,,18.978102094950753,"rgba(38, 166, 154, 1.0)",0.7283031185107164,18.995885944960513,1.5022784157190012,72.32379585477292,26.686842890037724,True,False,True,False,False,11.837780276655675,19.1922,19.12165,0.0,0.0,0.0,0.0,0.9759813586664273,0.965047499551891,False,False,False,False,0.272293398294622,0.2932219001288686,False,False,False,False,3439.0,-5810.128355694016,False,False,False,False,8511.992238486459,False,False,False,False
2025-03-18 18:00:00+00:00,20.09,20.145,20.02,20.025,2908.0,,,,,,,,,,,,,,,,,19.196122444640014,18.932836863508825,18.82235491493516,,,,,,19.196122444640014,,,,18.983771407694665,"rgba(38, 166, 154, 1.0)",0.7329617690950583,18.997007328968113,1.4025188139090572,66.730931500402,21.80592538640012,True,False,True,False,False,10.925202318556732,19.2178,19.127750000000002,0.0,0.0,0.0,0.0,0.9744825124910774,0.9696645253390435,False,False,False,False,0.2502477043339235,0.27173480223139607,False,False,False,False,531.0,-5711.8162881638755,False,False,False,False,8425.108637889769,False,False,False,False
2025-03-18 19:00:00+00:00,20.03,20.11,19.995,20.085,6493.0,,,,,,,,,,,,,,,,,19.210539877012625,18.944528928660745,18.833539618379486,,,,,,19.210539877012625,,,,18.996202808017618,"rgba(38, 166, 154, 1.0)",0.7384184340763621,19.00313052177157,1.4651171047505986,64.1191264796639,19.707947096765224,True,False,True,False,False,11.55323545619391,19.246399999999998,19.134,0.0,0.0,0.0,0.0,0.973698240625555,0.9710325217700373,False,False,False,False,0.24252444027029368,0.2571296212508449,False,False,False,False,7024.0,-5514.361772068311,False,False,False,False,8395.153465209307,False,False,False,False
2025-03-19 14:00:00+00:00,19.975,20.03,19.87,19.89,1360.0,,,,,,,,,,,,,,,,,19.213036504514157,18.94665912490086,18.83560560550159,,,,,,19.213036504514157,,,,18.998433744972203,"rgba(38, 166, 154, 1.0)",0.7372720719707967,19.003835272925365,1.2019507597864592,58.136948138267215,14.429282872730212,False,False,True,False,False,8.828378753031565,19.2724,19.140125,0.0,0.0,0.0,0.0,0.9675485008818339,0.9721340388007054,False,False,False,False,0.21634355277067693,0.2367365870107609,False,False,False,False,5664.0,-5341.05383761764,False,False,False,False,8286.081318461876,False,False,False,False
2025-03-19 15:00:00+00:00,19.89,19.925,19.82,19.83,988.0,,,,,,,,,,,,,,,,,19.214659177965043,18.948088518995185,18.837003642483214,,,,,,19.214659177965043,,,,18.999917113147813,"rgba(38, 166, 154, 1.0)",0.735987704313669,19.004108948590822,1.1221533275197098,53.078005191513206,10.074789866384549,False,True,False,False,False,8.007894364673554,19.2955,19.146275,0.0,0.0,0.0,0.0,0.965911087682305,0.9759269021261641,False,False,False,False,0.19674217296505808,0.2167393799879095,False,False,False,False,4676.0,-5185.750677344498,False,False,False,False,8172.932770888824,False,False,False,False
2025-03-19 16:00:00+00:00,19.835,19.925,19.81,19.825,2486.0,,,,,,,,,,,,,,,,,19.21867482824931,18.95164575420028,18.84048738624085,,,,,,19.21867482824931,,,,19.003602656230147,"rgba(38, 166, 154, 1.0)",0.7377412569201796,19.005063317678648,1.1114149773110293,49.612576757167616,7.126880850340008,False,True,False,True,False,7.938865612246396,19.315700000000003,19.151999999999997,0.0,0.0,0.0,0.0,0.9660510114335968,0.9804749340369392,False,False,False,False,0.19548283260997076,0.20611110629894014,False,False,False,False,2190.0,-5071.397953664739,False,False,False,False,8084.763270564967,False,False,False,False
2025-03-19 17:00:00+00:00,19.825,19.885,19.805,19.88,1994.0,,,,,,,,,,,,,,,,,19.221876162291792,18.954489314788177,18.843273594345067,,,,,,19.221876162291792,,,,19.006546357141676,"rgba(38, 166, 154, 1.0)",0.7374114208524358,19.064862572937137,1.1054038546359584,48.72075316903019,6.354879885002099,False,True,False,True,False,8.559039022038885,19.3401,19.158225,0.0,0.0,0.0,0.0,0.9639894086496025,0.9848190644307148,False,False,False,False,0.18982331027749882,0.19796720828821948,False,False,False,False,4184.0,-4927.903411747457,False,False,False,False,7990.3328322616335,False,False,False,False
2025-03-19 18:00:00+00:00,19.835,20.015,19.835,19.99,4111.0,,,,,,,,,,,,,,,,,19.229297478086014,18.960875055969392,18.84947582214638,,,,,,19.229297478086014,,,,19.01321611873393,"rgba(38, 166, 154, 1.0)",0.738110870843712,19.07240341507091,1.2431690429924342,50.65789774710977,6.354879885002099,False,True,False,False,False,9.78976656791718,19.362099999999998,19.1644,0.0,0.0,0.0,0.0,0.96201195919803,0.9797748856841364,False,False,False,False,0.21000331971965297,0.20398526400393624,False,False,False,False,8295.0,-4722.897157301759,False,False,False,False,7930.188137187809,False,False,False,False
2025-03-19 19:00:00+00:00,19.995,20.04,19.875,19.99,6606.0,,,,,,,,,,,,,,,,,19.241260405946253,18.97118773901833,18.859491449899092,,,,,,19.241260405946253,,,,19.02397986495456,"rgba(38, 166, 154, 1.0)",0.7379924802468563,19.08098144838503,1.2317450054652355,51.94932746582949,6.354879885002099,False,True,False,False,True,9.78976656791718,19.3802,19.1715,0.0,0.0,0.0,0.0,0.9664441321152492,0.9780393534785664,False,False,False,False,0.21824894505890513,0.21111710453142069,False,False,False,False,8295.0,-4521.069294397855,False,False,False,False,7909.6580885492385,False,False,False,False
2025-03-20 14:00:00+00:00,19.84,20.035,19.84,20.035,2124.0,,,,,,,,,,,,,,,,,19.245033571089614,18.97446429343663,18.862678530571138,,,,,,19.245033571089614,,,,19.027392131699127,"rgba(38, 166, 154, 1.0)",0.7374417063539846,19.083497268015368,1.2902751821415088,53.85596619272221,6.354879885002099,False,True,True,False,True,10.300267078560132,19.4001,19.179025,0.0,0.0,0.0,0.0,0.9657102869139255,0.9758572428271518,False,False,False,False,0.21317132581508458,0.21214421517325263,False,False,False,False,10419.0,-4289.440313089361,False,False,False,False,7819.957963145374,False,False,False,False
2025-03-20 15:00:00+00:00,20.035,20.135,20.02,20.06,1458.0,,,,,,,,,,,,,,,,,19.24796114881551,18.976929460804712,18.86505559780962,,,,,,19.24796114881551,,,,19.029982069143276,"rgba(38, 166, 154, 1.0)",0.7307657220618298,19.08619802646208,1.3325775199066159,55.710366791506736,6.354879885002099,False,True,True,False,True,10.586132234555794,19.435299999999998,19.186775,0.0,0.0,0.0,0.0,0.9711083873227102,0.975485904395027,False,False,False,False,0.24895848443527133,0.23055134980426198,False,False,False,False,11877.0,-4038.7978276151066,False,False,False,False,7721.322955964826,False,False,False,False
2025-03-20 16:00:00+00:00,20.06,20.085,19.99,20.005,520.0,,,,,,,,,,,,,,,,,19.248943499384605,18.97776996176252,18.865869592462126,,,,,,19.248943499384605,,,,19.03086101786975,"rgba(38, 166, 154, 1.0)",0.7241795730715287,19.0869737450398,1.267677643911567,55.10824185620577,6.354879885002099,False,True,True,False,True,9.745565264195136,19.471,19.194475,0.0,0.0,0.0,0.0,0.9831601576495876,0.9720530275886778,False,False,False,False,0.2386734782017541,0.23461241400300803,False,False,False,False,11357.0,-3800.1032876520817,False,False,False,False,7609.674538042891,False,False,False,False
2025-03-20 17:00:00+00:00,20.005,20.01,19.93,19.935,497.0,,,,,,,,,,,,,,,,,19.24979779451852,18.97851977674077,18.866600782245637,,,,,,19.24979779451852,,,,19.031639451168314,"rgba(38, 166, 154, 1.0)",0.7078662137555266,19.087486531754553,1.1972791634580657,52.59902579261469,6.354879885002099,False,True,True,False,False,8.678254699030763,19.5043,19.201975,0.0,0.0,0.0,0.0,0.9827586206896549,0.9647988505747126,False,False,False,False,0.2214280762382631,0.22802024512063557,False,False,False,False,10860.0,-3572.814864587708,False,False,False,False,7499.400514197264,False,False,False,False
2025-03-20 18:00:00+00:00,19.935,19.975,19.92,19.925,1022.0,,,,,,,,,,,,,,,,,19.251502776025387,18.98002926918691,18.868076086347447,,,,,,19.251502776025387,,,,19.033202710519916,"rgba(38, 166, 154, 1.0)",0.6961620526886054,19.088426696223216,1.2016933421548983,50.63273333429206,6.354879885002099,False,True,False,False,False,8.524911071134326,19.5374,19.209400000000002,0.0,0.0,0.0,0.0,0.9853737811484288,0.9647887323943661,False,False,False,False,0.21570876624259172,0.22186450568161364,False,False,False,False,9838.0,-3364.895254284023,False,False,False,False,7398.975700023662,False,False,False,False
2025-03-20 19:00:00+00:00,19.925,20.04,19.925,20.02,4004.0,,,,,,,,,,,,,,,,,19.258629385361182,18.98623401778903,18.874111760160552,,,,,,19.258629385361182,,,,19.039658387770256,"rgba(38, 166, 154, 1.0)",0.683714958256841,19.0934168516215,1.355218482773668,52.25534327573452,6.354879885002099,False,True,True,False,False,9.685189770317802,19.5821,19.216925,0.0,0.0,0.0,0.0,0.9814949201741652,0.9677068214804064,False,False,False,False,0.2246116176891497,0.22323806168538168,False,False,False,False,13842.0,-3098.1216844501623,False,False,False,False,7346.340417852753,False,False,False,False
2025-03-21 14:00:00+00:00,19.945,20.1,19.8,20.06,9111.0,,,,,,,,,,,,,,,,19.986666666666668,19.274169657667116,18.999959603503974,18.887507409365224,,,,,,19.274169657667116,,,,19.287075834300744,"rgba(38, 166, 154, 1.0)",0.673798015554941,19.171441474178888,1.318731289360199,54.41304213198683,6.354879885002099,False,True,True,False,True,10.171351391213879,19.6306,19.2245,0.0,0.0,0.0,0.0,0.9710930442637757,0.9694670280036133,False,False,False,False,0.21634355277067693,0.2197908072280293,False,False,False,False,22953.0,-2694.2283250013224,False,False,False,False,7373.699481141857,False,False,False,False
2025-03-21 15:00:00+00:00,20.06,20.125,19.975,20.07,7187.0,,,,,,,,,,,,,,,,20.017534871354357,19.28712704933456,19.011273295981308,18.89850739703647,,,,,,19.28712704933456,,,,19.303610653426674,"rgba(38, 166, 154, 1.0)",0.6694906965692685,19.183008028521463,1.324875724224145,56.126559295453134,6.354879885002099,False,True,True,False,True,10.29421578439165,19.673,19.2314,0.0,0.0,0.0,0.0,0.9708966015907445,0.9743311641359363,False,False,False,False,0.24188212601262746,0.23083646662032836,False,False,False,False,30140.0,-2185.1705215129296,False,False,False,False,7370.804915542758,False,False,False,False
2025-03-21 16:00:00+00:00,20.08,20.2,20.075,20.18,4962.0,,,,,,,,,,,,,,,,20.04884070241455,19.296899241052277,19.019641169044792,18.90659504011841,,,,,,19.296899241052277,,,,19.317994038157508,"rgba(0, 255, 255, 0.75)",0.6691065913818538,19.192983786277505,1.4751255277340591,59.94299582973969,4.343911667490083,False,True,True,False,True,11.642020586480978,19.697400000000002,19.2365,0.0,0.0,0.0,0.0,0.9976041282712861,0.9699594544784372,False,False,False,False,0.2644840669307979,0.24766026677556313,False,False,False,False,35102.0,-1607.074854512729,False,False,False,False,7333.459102898683,False,False,False,False
2025-03-21 17:00:00+00:00,20.18,20.28,20.155,20.24,4549.0,,,,,,,,,,,,,,,,20.07988989628941,19.306418083694453,19.027695402737834,18.91434968153525,,,,,,19.306418083694453,,,,19.332088266064236,"rgba(0, 255, 255, 0.75)",0.6753522070768827,19.203038949477374,1.5354374201439094,63.660008500405866,7.875568383276011,False,False,True,False,True,12.368146024281405,19.7234,19.240850000000002,0.0,0.0,0.0,0.0,0.9919895678092396,0.9718703427719821,False,False,False,False,0.285381864127589,0.26652106545157606,False,False,False,False,39651.0,-967.4147792489658,False,False,False,False,7290.28919432661,False,False,False,False
2025-03-21 18:00:00+00:00,20.245,20.275,20.22,20.26,4856.0,,,,,,,,,,,,,,,,20.107091852818087,19.31665499156241,19.036364123633756,18.9226940154928,,,,,,19.31665499156241,,,,19.34570124587676,"rgba(0, 255, 255, 0.75)",0.6811409016700888,19.213378480584986,1.5365712392968995,66.51474183051116,10.557578173932612,True,False,True,False,True,12.611348840010756,19.7487,19.245325,0.0,0.0,0.0,0.0,0.9977341389728093,0.9682779456193356,False,False,False,False,0.29328062043851216,0.27990084294504414,False,False,False,False,44507.0,-262.38509274898183,False,False,False,False,7252.548276585113,False,False,False,False
2025-03-21 19:00:00+00:00,20.265,20.335,20.08,20.3,29427.0,,,,,,,,,,,,,,,,20.171360691384322,19.37341778686541,19.085828644948364,18.970627937680018,,,,,,19.37341778686541,,,,19.400308765219528,"rgba(0, 255, 255, 0.75)",0.6862207180447761,19.26196734888336,1.5126804303931098,69.1665293605384,13.071930431973115,True,False,True,False,True,13.101866675659412,19.7769,19.250225,0.0,0.0,0.0,0.0,0.9928463855421683,0.9567018072289157,False,False,False,False,0.28275667659128056,0.28132875976816235,False,False,False,False,73934.0,887.9464590765838,False,False,False,False,7596.338225785344,False,False,False,False
2025-03-24 14:00:00+00:00,20.42,20.59,20.415,20.58,4441.0,,,,,,,,,,,,,,,,20.195926657679017,19.38405313131146,19.094732202835466,18.97914607862694,,,,,,19.38405313131146,,,,19.41346451761322,"rgba(0, 255, 0, 1.0)",0.6940610807297862,19.272674786285197,1.8835881308028168,74.24506856101962,17.7984410954773,True,False,True,False,True,16.393180722128033,19.8094,19.2556,0.0,0.0,0.0,0.0,0.9999999999999998,0.9537158984007525,False,False,False,False,0.34282822789229345,0.3120784938302279,False,False,False,False,78375.0,2089.296126377722,False,False,False,False,7547.418253292548,False,False,False,False
2025-03-24 15:00:00+00:00,20.575,20.81,20.56,20.805,2509.0,,,,,,,,,,,,,,,,20.21572685779064,19.39099344633608,19.100397378632486,18.98452317265936,,,,,,19.39099344633608,,,,19.422910213854642,"rgba(0, 255, 0, 1.0)",0.7069950558589677,19.280133637444695,2.156827476965393,78.98355425565892,22.09564505560907,True,False,True,False,True,18.84170327960128,19.8443,19.262549999999997,0.0,0.0,0.0,0.0,1.005082831325301,0.9454066265060241,False,False,False,False,0.3428282295193408,0.32745336167478434,False,False,False,False,80884.0,3310.919442247835,False,False,False,False,7469.303241613593,False,False,False,False
2025-03-24 16:00:00+00:00,20.815,20.815,20.64,20.68,6376.0,,,,,,,,,,,,,,,,20.258796843644156,19.408138376535284,19.11450168933993,18.997936294493634,,,,,,19.408138376535284,,,,19.444843301003253,"rgba(0, 255, 0, 1.0)",0.7180942182654882,19.297895652195933,1.9246838543589073,78.01816066335752,22.09564505560907,True,False,True,False,True,16.67056597541277,19.8774,19.26655,0.0,0.0,0.0,0.0,1.0223377623724244,0.9362603504717889,False,False,False,False,0.34282822986998934,0.33514079577238687,False,False,False,False,74508.0,4414.750148569574,False,False,False,False,7452.352803759119,False,False,False,False
2025-03-24 17:00:00+00:00,20.675,20.755,20.66,20.71,2833.0,,,,,,,,,,,,,,,,20.275498747557407,19.415595120005836,19.120676712379975,19.00381796424872,,,,,,19.415595120005836,,,,19.453897136047985,"rgba(0, 255, 0, 1.0)",0.7287788564589665,19.305389256700664,1.9273483730361525,77.66463400550316,22.09564505560907,True,False,True,False,True,16.99919851915039,19.911199999999997,19.271625,0.0,0.0,0.0,0.0,1.023390682389329,0.9340808041755269,False,False,False,False,0.33792704957829306,0.33653392267534,False,False,False,False,77341.0,5545.38968114989,False,False,False,False,7380.73493083262,False,False,False,False
2025-03-24 18:00:00+00:00,20.71,20.725,20.57,20.685,3946.0,,,,,,,,,,,,,,,,20.294417683953267,19.42545694908038,19.128938977832796,19.01171287224798,,,,,,19.42545694908038,,,,19.465131620778607,"rgba(0, 255, 255, 0.75)",0.7378833558543414,19.31492606777155,1.8567622122905023,76.58264383046625,22.09564505560907,True,False,True,False,False,16.560542752895287,19.9439,19.276425000000003,0.0,0.0,0.0,0.0,1.0148562608527878,0.9369091259888096,False,False,False,False,0.3233158542796279,0.3299248884774839,False,False,False,False,73395.0,6597.321624077798,False,False,False,False,7327.4832264786255,False,False,False,False
2025-03-24 19:00:00+00:00,20.685,20.685,20.53,20.57,12829.0,,,,,,,,,,,,,,,,20.335870294326316,19.454833431554714,19.15408352595837,19.0358761224421,,,,,,19.454833431554714,,,,19.495165843570376,"rgba(0, 255, 255, 0.75)",0.742204532165889,19.341584656587685,1.6550900596464617,72.2437907709668,22.09564505560907,True,False,True,False,False,14.556221567538355,19.9746,19.280749999999998,0.0,0.0,0.0,0.0,1.0117919969070173,0.9437463754107869,False,False,False,False,0.3136490070685082,0.32178694777299605,False,False,False,False,60566.0,7434.04531982853,False,False,False,False,7412.778060176631,False,False,False,False
2025-03-25 14:00:00+00:00,21.075,21.19,21.02,21.02,7014.0,,,,,,,,,,,,,,,,20.387808976409435,19.476803897521084,19.171944143125135,19.052763351261778,,,,,,19.476803897521084,,,,19.522330092079358,"rgba(0, 255, 0, 1.0)",0.754238462064669,19.36408073473788,2.195485046903032,74.09950145351063,22.09564505560907,True,False,True,False,False,19.414774391880893,20.0142,19.2884,0.0,0.0,0.0,0.0,1.0076002280068401,0.9380581417442524,False,False,False,False,0.34282823259926476,0.33230759018613043,False,False,False,False,67580.0,8366.540741226538,False,False,False,False,7406.595454592497,False,False,False,False
2025-03-25 15:00:00+00:00,21.02,21.115,20.98,21.11,4109.0,,,,,,,,,,,,,,,,20.414657765957102,19.489334880961053,19.182208979584313,19.062486971737005,,,,,,19.489334880961053,,,,19.53717214955987,"rgba(0, 255, 0, 1.0)",0.7659616695888247,19.37658266107065,2.2630601605167318,75.93468887390394,22.09564505560907,True,False,True,False,True,20.0,20.0571,19.295825,0.0,0.0,0.0,0.0,1.0077946768060835,0.9384030418250952,False,False,False,False,0.330335022775968,0.3313213064810492,False,False,False,False,71689.0,9348.284295626127,False,False,False,False,7355.469943668581,False,False,False,False
2025-03-25 16:00:00+00:00,21.11,21.21,21.11,21.185,4242.0,,,,,,,,,,,,,,,,20.444153681271196,19.50287241153409,19.19324583684848,19.072922963542762,,,,,,19.50287241153409,,,,19.553298723299132,"rgba(0, 255, 0, 1.0)",0.7794872535060469,19.390149885913644,2.302603546130253,77.6371706042338,22.09564505560907,True,False,True,False,True,20.0,20.090799999999998,19.303925,0.0,0.0,0.0,0.0,1.0161104718066742,0.9378596087456849,False,False,False,False,0.3428282329470581,0.33707476971405365,False,False,False,False,75931.0,10380.574461585411,False,False,False,False,7307.199091828757,False,False,False,False
2025-03-25 17:00:00+00:00,21.185,21.26,21.16,21.235,3728.0,,,,,,,,,,,,,,,,20.469895453342726,19.514942451614697,19.203087584887694,19.082226226811898,,,,,,19.514942451614697,,,,19.567537929164253,"rgba(0, 255, 0, 1.0)",0.7948696873197786,19.40218061553429,2.3058111457813824,79.08934882780204,23.13278366651842,True,False,True,False,True,20.0,20.1236,19.31225,0.0,0.0,0.0,0.0,1.0131248793669176,0.9380428488708744,False,False,False,False,0.34282823325374856,0.3399515014839011,False,False,False,False,79659.0,11454.658578460056,False,False,False,False,7251.707633040714,False,True,False,False
2025-03-25 18:00:00+00:00,21.245,21.28,21.115,21.115,7480.0,,,,,,,,,,,,,,,,20.51368162219862,19.53798223852524,19.222081951925283,19.10023448779273,,,,,,19.53798223852524,,,,19.593495075110468,"rgba(0, 255, 0, 1.0)",0.8031847756175459,19.56050408102086,1.9354150703167046,76.7955077113937,23.13278366651842,True,False,True,False,True,19.43411700929604,20.154600000000002,19.3198,0.0,0.0,0.0,0.0,1.0073330760324197,0.9372829023543033,False,False,False,False,0.34018532848111527,0.34006841498250817,False,False,False,False,72179.0,12396.12123615835,False,False,False,False,7255.247049582718,False,False,False,False
2025-03-25 19:00:00+00:00,21.115,21.175,21.045,21.155,20770.0,,,,,,,,,,,,,,,,20.60413665647923,19.59704461673721,19.271775804203312,19.14759526351472,,,,,,19.59704461673721,,,,19.655138085233617,"rgba(0, 255, 0, 1.0)",0.8146798575331875,19.610957645326394,1.8952749848865726,75.66314005439716,23.13278366651842,True,False,True,False,False,19.844223488525003,20.19,19.327725,0.0,0.0,0.0,0.0,1.00714561606798,0.9383932020084975,False,False,False,False,0.32181024782498086,0.33093933140374454,False,False,False,False,92949.0,13645.00307745822,False,False,False,False,7464.77810307756,False,False,False,False
2025-03-26 14:00:00+00:00,20.97,21.0,20.81,20.96,1785.0,,,,,,,,,,,,,,,,20.60814474677697,19.601273075670523,19.275474123529463,19.151157744427326,,,,,,19.601273075670523,,,,19.65901242260107,"rgba(0, 255, 255, 0.75)",0.8232252983794394,19.613630484212386,1.6354812205577391,70.25363968099896,26.043290055276685,True,False,True,False,False,16.485388327248387,20.218899999999998,19.334850000000003,0.0,0.0,0.0,0.0,0.995027729967489,0.9380378657487092,False,False,False,False,0.2795469245523188,0.30524312797803166,False,False,False,False,91164.0,14846.847990986,False,False,False,False,7376.719527836048,False,False,False,False
2025-03-26 15:00:00+00:00,20.96,21.065,20.905,20.905,4574.0,,,,,,,,,,,,,,,,20.61906129027861,19.612269905554587,19.285075456227865,19.160400575709364,,,,,,19.612269905554587,,,,19.669201806942606,"rgba(0, 255, 255, 0.75)",0.8293641056977602,19.621338983698966,1.5477653391100963,65.51943652581532,21.667878073806506,False,False,True,False,False,15.56233367967955,20.249200000000002,19.34105,0.0,0.0,0.0,0.0,1.002102848403747,0.9344293634104378,False,False,False,False,0.2959167072695105,0.3005799176237711,False,False,False,False,86590.0,15959.14492135831,False,False,False,False,7333.266511900605,False,False,False,False
2025-03-26 16:00:00+00:00,20.91,20.975,20.82,20.92,1580.0,,,,,,,,,,,,,,,,20.622107539714644,19.615878376349087,19.28826173945772,19.163477343563677,,,,,,19.615878376349087,,,,19.672431249771286,"rgba(0, 255, 255, 0.75)",0.8211641209365762,19.62371736242913,1.5785914222511344,62.61479568317533,19.03739000468748,False,True,True,False,False,15.728760066250508,20.2778,19.34605,0.0,0.0,0.0,0.0,1.0086922928336874,0.9314274676453544,False,False,False,False,0.2780198428147257,0.2892998802192484,False,False,False,False,88170.0,17078.693062112445,False,False,False,False,7244.0685814835415,False,False,False,False
2025-03-26 17:00:00+00:00,20.92,20.94,20.825,20.85,2876.0,,,,,,,,,,,,,,,,20.62685494717254,19.622226750382463,19.29391060508892,19.168943409514974,,,,,,19.622226750382463,,,,19.677983928039723,"rgba(0, 255, 255, 0.75)",0.8080257611182071,19.627756932225985,1.5126288375788712,59.11287162175787,15.80421235160469,False,True,True,False,False,14.534954073017353,20.3037,19.351425,0.0,0.0,0.0,0.0,1.0145264381173738,0.9242688359480922,False,False,False,False,0.2749694603388832,0.2821346702790658,False,False,False,False,85294.0,18136.29472006419,False,False,False,False,7176.346587972168,False,False,False,False
2025-03-26 18:00:00+00:00,20.845,20.89,20.8,20.8,2407.0,,,,,,,,,,,,,,,,20.63003853307377,19.62731519567689,19.298483362685786,19.17337999622717,,,,,,19.62731519567689,,,,19.682304271915903,"rgba(0, 255, 255, 0.75)",0.7937017105975226,19.63084533111683,1.4730403793674516,55.69616385360473,12.633519432407184,False,True,True,False,False,13.684438852164892,20.325699999999998,19.356125,0.0,0.0,0.0,0.0,1.0102633617350891,0.9256390395042603,False,False,False,False,0.26736515833504815,0.274749914307057,False,False,False,False,82887.0,19140.181623629083,False,False,False,False,7102.403230019111,False,False,False,False
2025-03-26 19:00:00+00:00,20.8,20.83,20.66,20.745,8189.0,,,,,,,,,,,,,,,20.744999999999997,20.63585766679029,19.643109228278163,19.312986553666374,19.187532662758464,,,,,,19.643109228278163,,,,19.90489722229866,"rgba(0, 255, 255, 0.75)",0.7768181637033781,19.745499938288273,1.2866589742787988,52.25256727689079,9.414237793544146,False,True,False,False,False,12.748823398915693,20.3472,19.360699999999998,0.0,0.0,0.0,0.0,1.0028979907264297,0.9310278207109738,False,False,False,False,0.24723128455440366,0.26099059943073033,False,False,False,False,74698.0,20001.543148844135,False,False,False,False,7119.249691569202,False,False,False,False
2025-03-27 14:00:00+00:00,21.13,21.245,21.03,21.235,1219.0,,,,,,,,,,,,,,,20.8000674957483,20.63985228948235,19.64631433061719,19.315754007064633,19.190186582735553,,,,,,19.64631433061719,,,,19.918434941129608,"rgba(0, 255, 0, 1.0)",0.7503564738428445,19.751805308263364,1.976653421993767,57.564128156478624,9.414237793544146,False,True,True,False,True,18.196741021061595,20.379099999999998,19.367874999999998,0.0,0.0,0.0,0.0,1.0055248618784531,0.9220803962659555,False,False,False,False,0.3275621396982717,0.294276369564501,False,False,False,False,75917.0,20868.449456613995,False,False,False,False,7027.772952165028,False,True,False,False
2025-03-27 15:00:00+00:00,21.21,21.31,21.185,21.19,1253.0,,,,,,,,,,,,,,,20.850402088609574,20.644341530087914,19.649720427095925,19.31867928631736,19.19298728798844,,,,,,19.649720427095925,,,,19.931226124019844,"rgba(0, 255, 0, 1.0)",0.7124172972390804,19.89579727979327,1.8166357347334423,60.16482958947535,2.408354426160898,False,True,True,False,True,17.438640361169153,20.4081,19.374725,0.0,0.0,0.0,0.0,1.007831900668577,0.9253104106972304,False,False,False,False,0.34282823347807695,0.318552301521289,False,False,False,False,74664.0,21702.4889999223,False,False,False,False,6938.24158856557,False,False,False,False
2025-03-27 16:00:00+00:00,21.19,21.215,21.11,21.17,2982.0,,,,,,,,,,,,,,,20.91916489530651,20.65362554863245,19.657445008966448,19.325375566412518,19.19941535320676,,,,,,19.657445008966448,,,,19.951005274504936,"rgba(0, 255, 0, 1.0)",0.6827718215922448,19.90373745312674,1.8545911047124024,61.457047159911376,3.749414801833815,False,False,True,False,True,17.098880628074074,20.4355,19.3799,0.0,0.0,0.0,0.0,1.0053794428434197,0.9304514889529301,False,False,False,False,0.32513357607308674,0.32184293879718784,False,False,False,False,71682.0,22477.365139458387,False,False,False,False,6876.904509673081,False,False,False,False
2025-03-27 17:00:00+00:00,21.17,21.215,20.93,20.965,5550.0,,,,,,,,,,,,,,,20.95314263880929,20.665929223770718,19.670407859998754,19.336849544411386,19.210494279674293,,,,,,19.670407859998754,,,,19.96736470933289,"rgba(0, 255, 0, 1.0)",0.678488469764694,19.91025298254434,1.5545540778628952,58.27474284274373,3.749414801833815,False,True,True,False,True,13.689402743453176,20.456200000000003,19.3845,0.0,0.0,0.0,0.0,0.9925685975609757,0.929878048780488,False,False,False,False,0.3066098366675948,0.3142263877323913,False,False,False,False,66132.0,23154.18118380787,False,False,False,False,6856.332346732413,False,False,False,False
2025-03-27 18:00:00+00:00,20.96,21.035,20.92,20.925,2037.0,,,,,,,,,,,,,,,20.953800596639976,20.66935571241441,19.674841100944068,19.340834096574977,19.214357792810862,,,,,,19.674841100944068,,,,19.97063785987686,"rgba(0, 255, 255, 0.75)",0.6719653975433025,19.91181417812603,1.5077946358222711,55.462420302617495,3.749414801833815,False,True,True,False,False,13.040475570010436,20.4727,19.389025,0.0,0.0,0.0,0.0,0.9921785578023657,0.9395268981304847,False,False,False,False,0.2872756782084651,0.3007510329704282,False,False,False,False,64095.0,23788.922560803094,False,False,False,False,6781.614015775321,False,False,False,False
2025-03-27 19:00:00+00:00,20.925,21.135,20.925,21.125,20747.0,,,,,,,,,,,,,,,21.00711306191486,20.710974358449914,19.721755821986125,19.382809866504576,19.25499378152312,,,,,,19.721755821986125,,,,20.01552937807572,"rgba(0, 255, 0, 1.0)",0.6692125936468389,19.94941178894986,1.7566737718485452,56.653807848091745,3.749414801833815,False,True,True,False,False,15.2702397292907,20.491500000000002,19.394425,0.0,0.0,0.0,0.0,0.9895556399544249,0.9367641473604256,False,False,False,False,0.2979336437577221,0.29934233836407514,False,False,False,False,84842.0,24735.48190094568,False,False,False,False,6998.1316279338425,False,False,False,False
2025-03-28 14:00:00+00:00,21.16,21.25,20.745,20.84,1351.0,,,,,,,,,,,,,,,21.005176329394388,20.712579935574183,19.724444537542606,19.385287315371748,19.257411123039724,,,,,,19.724444537542606,,,,20.01697984818453,"rgba(0, 255, 255, 0.75)",0.6578411320030007,19.950769467922242,1.3517405477067392,52.97718076193792,10.345831272972681,False,True,True,False,False,10.781413026070169,20.505,19.39825,0.0,0.0,0.0,0.0,0.982502351834431,0.9397930385700849,False,False,False,False,0.2913282477188153,0.29533529304144523,False,False,False,False,83491.0,25646.420166047297,False,False,False,False,6910.579199593783,False,False,False,False
2025-03-28 15:00:00+00:00,20.815,20.995,20.805,20.91,1620.0,,,,,,,,,,,,,,,21.001505739966184,20.714136408128038,19.727543533831827,19.38816862758423,19.260229340004734,,,,,,19.727543533831827,,,,20.018316729903,"rgba(0, 255, 255, 0.75)",0.6479326583293704,19.952056973419246,1.4784607848764935,51.596736873687455,8.766742285911562,False,True,False,False,False,11.57190419270865,20.519700000000004,19.402775,0.0,0.0,0.0,0.0,0.9810293012772352,0.9489105935386929,False,False,False,False,0.271657062763067,0.2834961779022561,False,False,False,False,85111.0,26568.35163634114,False,False,False,False,6828.5547158791505,False,False,False,False
2025-03-28 16:00:00+00:00,20.9,21.005,20.9,20.985,3997.0,,,,,,,,,,,,,,,20.998388463241053,20.71905425043778,19.735507039241014,19.395510746825984,19.267393983247818,,,,,,19.735507039241014,,,,20.02317089659873,"rgba(0, 255, 0, 1.0)",0.6406353968613874,19.956666894833873,1.6051768450575081,51.81000843571714,8.58740792441644,False,True,False,False,False,12.414170515340572,20.533,19.408475,0.0,0.0,0.0,0.0,0.9940884820747522,0.9448893974065602,False,False,False,False,0.2822228341240406,0.28285950601314835,False,False,False,False,89108.0,27537.958587715697,False,False,False,False,6784.6546427647445,False,False,False,False
2025-03-28 17:00:00+00:00,20.985,20.99,20.87,20.935,7984.0,,,,,,,,,,,,,,,20.989031073793672,20.7271176056115,19.75070833565462,19.409681478263455,19.281262502491884,,,,,,19.75070833565462,,,,20.031560199163025,"rgba(0, 255, 0, 1.0)",0.6305317218445783,19.964882204213986,1.5385709587267056,51.12540908403629,7.448904737299827,False,True,False,False,False,11.631594138597453,20.5449,19.414275,0.0,0.0,0.0,0.0,0.9978987583572112,0.9396370582617003,False,False,False,False,0.27768725460462607,0.2802733803088872,False,False,False,False,81124.0,28368.749927441033,False,False,False,False,6803.249144427306,False,False,False,False
2025-03-28 18:00:00+00:00,20.94,20.98,20.855,20.915,4105.0,,,,,,,,,,,,,,,20.984164017869823,20.730742993593477,19.75827733849925,19.41679531040014,19.288239468212545,,,,,,19.75827733849925,,,,20.035643825715045,"rgba(0, 255, 0, 1.0)",0.6187796621337092,19.968955042018578,1.5288882551815264,50.322038231529206,6.18243268923402,False,True,False,False,False,11.316187334692703,20.558399999999995,19.419925,0.0,0.0,0.0,0.0,0.997711234026321,0.9366774747282092,False,False,False,False,0.27517230451812724,0.2777228424135072,False,False,False,False,77019.0,29123.01737042644,False,False,False,False,6761.415824358665,False,False,False,False
2025-03-28 19:00:00+00:00,20.915,20.97,20.875,20.915,8688.0,,,,,,,,,,,,,,,20.976168593366037,20.73810604398311,19.774022187452232,19.43166500244037,19.30284108145484,,,,,,19.774022187452232,,,,20.04456058173932,"rgba(0, 255, 0, 1.0)",0.6065734137813362,19.9778842306145,1.544933800417637,49.78645766319114,5.169609634263985,False,True,False,False,False,11.316187334692692,20.574900000000003,19.425825,0.0,0.0,0.0,0.0,0.9988556170131605,0.9370589357238225,False,False,False,False,0.27617787546073713,0.27695035893712217,False,False,False,False,77019.0,29865.590744528356,False,False,False,False,6791.285346461632,False,False,False,False
2025-03-31 14:00:00+00:00,20.85,21.005,20.73,20.8,918.0,,,,,,,,,,,,,,,20.97446399584749,20.738543667021954,19.775553690595626,19.43314070265074,19.30429783464702,,,,,,19.775553690595626,,,,20.045199978152564,"rgba(0, 255, 255, 0.75)",0.5912032165366506,20.084864198966734,1.20962772364912,47.28384724439524,2.3964989870602977,False,True,False,True,False,9.474831264623198,20.5904,19.4314,0.0,0.0,0.0,0.0,0.9979107312440647,0.934093067426401,False,False,False,False,0.2651460314437673,0.27104819519044476,False,False,False,False,76101.0,30582.418795000784,False,False,False,False,6700.2266589195915,False,False,False,False
2025-03-31 15:00:00+00:00,20.805,20.905,20.79,20.79,1030.0,,,,,,,,,,,,,,,20.972363890051625,20.73895422791044,19.77724013949501,19.434773278090457,19.305911399496328,,,,,,19.77724013949501,,,,20.04584858700877,"rgba(0, 255, 255, 0.75)",0.5744920043508894,20.08491856542497,1.2273128768287906,45.43560594736425,0.3554556038448311,False,True,False,True,False,9.315233186122615,20.604499999999998,19.436525000000003,0.0,0.0,0.0,0.0,0.9977233921457029,0.9373932840068301,False,False,False,False,0.2611501675803923,0.26609918138541855,False,False,False,False,75071.0,31272.164240039532,False,False,False,False,6612.316168083628,False,False,False,False
2025-03-31 16:00:00+00:00,20.79,20.97,20.76,20.945,1989.0,,,,,,,,,,,,,,,20.970184838241085,20.740290839750642,19.78067685310801,19.43805789088096,19.309146874509533,,,,,,19.78067685310801,,,,20.047671459298044,"rgba(0, 255, 0, 1.0)",0.555707178708813,20.088342385749037,1.541562979699865,47.73819906743668,0.3554556038448311,False,True,False,True,True,11.221059198642656,20.6256,19.441225,0.0,0.0,0.0,0.0,1.009554748710109,0.9334989489776421,False,False,False,False,0.2646460981800499,0.26537263978273423,False,False,False,False,77060.0,31982.053166550544,False,False,False,False,6540.636847648223,False,False,False,False
2025-03-31 17:00:00+00:00,20.94,21.1,20.915,21.065,4738.0,,,,,,,,,,,,,,,20.97359837323707,20.74613962791179,19.78976317235457,19.446543978070448,19.317454142621425,,,,,,19.78976317235457,,,,20.05469985883906,"rgba(0, 255, 0, 1.0)",0.5521616243995054,20.100247676029575,1.7472281327403498,51.44696796559455,-3.5030797793865105,False,True,True,False,True,12.65020677637219,20.650299999999998,19.445025,0.0,0.0,0.0,0.0,1.0015273004963727,0.9335624284077894,False,False,False,False,0.29335802039815284,0.2793653300904435,False,False,False,False,81798.0,32754.393427534254,False,False,False,False,6512.6889895451495,False,False,False,False
2025-03-31 18:00:00+00:00,21.065,21.21,21.06,21.09,9154.0,,,,,,,,,,,,,,,20.98890557122896,20.760331754733723,19.808244880985093,19.46363867732751,19.334142710875525,,,,,,19.808244880985093,,,,20.071052719030163,"rgba(0, 255, 0, 1.0)",0.5502092312913697,20.24074639980566,1.5435102719034703,54.34556559463637,-0.7732207061123688,False,True,True,False,True,12.945806211360075,20.6756,19.447,0.0,0.0,0.0,0.0,1.0036245707745135,0.9318962228157194,False,False,False,False,0.31945117085969815,0.2994082504750708,False,False,False,False,90952.0,33656.681901525975,False,False,False,False,6553.639547846775,False,False,False,False
2025-03-31 19:00:00+00:00,21.09,21.21,21.09,21.115,18368.0,,,,,,,,,,,,,,,21.014818666465253,20.787086534879837,19.844319603485747,19.497276034655656,19.367048486130294,,,,,,19.844319603485747,,,,20.102109865123357,"rgba(0, 255, 0, 1.0)",0.5473057843853509,20.386782537014092,1.330549546089171,56.72672628533738,1.4665826918571696,False,True,True,False,True,13.244562947371445,20.7003,19.450174999999998,0.0,0.0,0.0,0.0,1.0076452599388381,0.9304281345565751,False,False,False,False,0.32254816932830765,0.31097820990168923,False,False,False,False,109320.0,34829.756600727116,False,False,False,False,6736.807926949925,False,False,False,False
2025-04-01 14:00:00+00:00,20.98,21.03,20.825,20.975,3034.0,,,,,,,,,,,,,,,21.012828023704408,20.788892147601924,19.849221205140914,19.50205778566865,19.37178295993366,,,,,,19.849221205140914,,,,20.10495642440991,"rgba(0, 255, 0, 1.0)",0.5371215575338707,20.38526022383746,1.0979633341664066,54.71784635998438,1.4665826918571696,False,True,True,False,True,10.881855561309134,20.72,19.452775000000003,0.0,0.0,0.0,0.0,0.998861047835991,0.932232346241458,False,False,False,False,0.27718399144584216,0.2940811006737657,False,False,False,False,106286.0,35937.60533559957,False,False,False,False,6679.400052113492,False,False,False,False
2025-04-01 15:00:00+00:00,20.975,21.095,20.86,20.86,1508.0,,,,,,,,,,,,,,,21.011811031344394,20.78974560566353,19.85163017624043,19.50441452626426,19.374118134133884,,,,,,19.85163017624043,,,,20.1063438947293,"rgba(0, 255, 255, 0.75)",0.5279380935589655,20.384726348282612,0.9002450429622273,51.02066132976668,6.569639148360217,False,True,False,False,False,8.996781757201923,20.7374,19.45505,0.0,0.0,0.0,0.0,0.9971466615940651,0.9395092257941795,False,False,False,False,0.2872756782084651,0.2906783894411154,False,False,False,False,104778.0,37004.89827613291,False,False,False,False,6599.223307119484,False,False,False,False
2025-04-01 16:00:00+00:00,20.86,20.885,20.56,20.62,1576.0,,,,,,,,,,,,,,20.688333333333336,21.007260741243222,20.78914391555107,19.853559843887425,19.506441306639186,19.37616231929258,,,,,,19.853559843887425,,,,20.203483576657803,"rgba(38, 166, 154, 1.0)",0.5129682391868522,20.462930700907066,0.30619692818003424,44.96766058961168,1.0330246872172069,False,True,False,True,False,5.2458691134274815,20.7491,19.4566,0.0,0.0,0.0,0.0,0.9824063564131669,0.9470298902762015,False,False,False,False,0.23635447341889596,0.2635164314300057,False,False,False,False,103202.0,38031.209930766505,False,False,False,False,6521.343876001352,False,False,False,False
2025-04-01 17:00:00+00:00,20.62,20.75,20.6,20.72,1219.0,,,,,,,,,,,,,,20.689060226595114,21.00384599197099,20.78869101020435,19.855049271661713,19.508006425694106,19.3777410962019,,,,,,19.855049271661713,,,,20.203732337054696,"rgba(0, 255, 255, 0.75)",0.5003332222962803,20.46022311566574,0.5192077454741288,43.252437615755596,-0.42280333458982966,False,True,False,True,False,6.545555694229421,20.7623,19.45865,0.0,0.0,0.0,0.0,0.9850661625708886,0.9491493383742913,False,False,False,False,0.22700796459633954,0.24526219801317262,False,False,False,False,104421.0,39060.50900160733,False,False,False,False,6439.136994202881,False,False,False,False
2025-04-01 18:00:00+00:00,20.72,20.795,20.695,20.71,2406.0,,,,,,,,,,,,,,20.709541113888356,20.99821878980708,20.78819634321623,19.858125282032326,19.511196269455024,19.38094862984285,,,,,,19.858125282032326,,,,20.207704404706977,"rgba(0, 255, 255, 0.75)",0.48854174441503195,20.457483805486337,0.5168774161070321,41.9559252220957,-1.6766420815585192,False,True,False,True,False,6.390810204784177,20.7764,19.46105,0.0,0.0,0.0,0.0,0.9882753403933435,0.9470499243570351,False,False,False,False,0.24079586243652995,0.24302903022485128,False,False,False,False,102015.0,40036.54762173745,False,False,False,False,6376.607738478805,False,False,False,False
2025-04-01 19:00:00+00:00,20.715,20.96,20.69,20.945,10172.0,,,,,,,,,,,,,,20.81240508250396,20.987449828080383,20.790992251945962,19.872816424012054,19.525933984590445,19.395647329702093,,,,,,19.872816424012054,,,,20.230874150139147,"rgba(0, 255, 0, 1.0)",0.48162122981556355,20.460971784843977,1.0049976728421655,45.81301801131938,-1.6766420815585192,False,True,False,True,True,9.376987915569512,20.796599999999998,19.464725,0.0,0.0,0.0,0.0,0.9915190350546552,0.9402563136072374,False,False,False,False,0.2566645411308852,0.24984678567786825,False,False,False,False,112187.0,41155.15928651672,False,False,False,False,6435.451029355102,False,False,False,False
2025-04-02 14:00:00+00:00,20.68,20.99,20.68,20.97,2510.0,,,,,,,,,,,,,,20.82189248634644,20.98534845155727,20.791784666678492,19.876429651545042,19.529561561362847,19.399266211051582,,,,,,19.876429651545042,,,,20.23404717142361,"rgba(0, 255, 0, 1.0)",0.4735656389714755,20.461559162254638,1.0736438539958901,48.805706272055716,-7.859614910431318,False,True,False,False,True,9.685582632342228,20.8175,19.4676,0.0,0.0,0.0,0.0,0.9975527108433736,0.9365587349397594,False,False,False,False,0.25865689509309614,0.2542518403854822,False,False,False,False,114697.0,42295.342863469945,False,False,False,False,6374.591323473628,False,False,False,False
2025-04-02 15:00:00+00:00,20.935,21.145,20.915,21.065,2884.0,,,,,,,,,,,,,,20.852413444406995,20.986586157933772,20.794314904085287,19.881213043833082,19.534201855304165,19.403854206218217,,,,,,19.881213043833082,,,,20.24209726863025,"rgba(0, 255, 0, 1.0)",0.4651687672039366,20.46643300058341,1.286773836976398,52.370395893435926,-4.474103247851467,False,True,True,False,True,10.855219820609317,20.8384,19.47075,0.0,0.0,0.0,0.0,1.0067478912839738,0.9244611059044052,False,False,False,False,0.2979336437577221,0.27609274207160217,False,False,False,False,117581.0,43462.56235395878,False,False,False,False,6320.473628536052,False,False,False,False
2025-04-02 16:00:00+00:00,21.07,21.205,21.055,21.17,4315.0,,,,,,,,,,,,,,20.902462057783804,20.991576191073435,20.7995236118893,19.888917620062845,19.54155632077015,19.41109418491407,,,,,,19.888917620062845,,,,20.255854997748937,"rgba(0, 255, 0, 1.0)",0.4601062548649112,20.47635393156832,1.50757800203203,56.29475080552975,-0.7830777549477617,False,False,True,False,True,12.125089371730809,20.860599999999998,19.476425000000003,0.0,0.0,0.0,0.0,1.021870286576169,0.9217571644042236,False,False,False,False,0.3184201565488782,0.2972564493102402,False,False,False,False,121896.0,44678.5846430447,False,False,False,False,6289.3810141401445,False,False,False,False
2025-04-02 17:00:00+00:00,21.17,21.185,21.025,21.075,4742.0,,,,,,,,,,,,,,20.933075487303295,20.99507218638248,20.804291435843695,19.89695476819173,19.549319863680463,19.41876134739686,,,,,,19.89695476819173,,,,20.266245848133085,"rgba(0, 255, 0, 1.0)",0.4541990971147667,20.484007560543684,1.3011748442709548,56.67646570203827,-0.3057520339526718,False,False,True,False,True,10.561281836295134,20.8807,19.482375,0.0,0.0,0.0,0.0,1.0223739097459235,0.9233978005309067,False,False,False,False,0.3132748472318126,0.3052656482710264,False,False,False,False,117154.0,45802.23449354013,False,False,False,False,6265.390610820142,False,False,False,False
2025-04-02 18:00:00+00:00,21.075,21.1,20.855,20.895,12702.0,,,,,,,,,,,,,,20.93813063380834,20.991329993180244,20.810328366679936,19.915421874546983,19.56782271905842,19.43721173843107,,,,,,19.915421874546983,,,,20.27670755428417,"rgba(0, 255, 0, 1.0)",0.4485170459866497,20.489649691568708,0.9037567514064045,53.4427307588273,-0.3057520339526718,False,True,True,False,False,7.691660441287173,20.895,19.487625,0.0,0.0,0.0,0.0,1.007554296506138,0.9288007554296509,False,False,False,False,0.2872756782084651,0.29627066323974577,False,False,False,False,104452.0,46711.53318356276,False,False,False,False,6365.183004450837,False,False,False,False
2025-04-02 19:00:00+00:00,20.9,21.055,20.9,21.04,21830.0,,,,,,,,,,,,,,20.958551805581454,20.99220452435022,20.822825469131896,19.947105176512324,19.599578515346554,19.468884024150007,,,,,,19.947105176512324,,,,20.298191585845412,"rgba(0, 255, 0, 1.0)",0.44704568765048747,20.50508993911759,1.1965445046427057,53.79157980237885,-0.3057520339526718,False,True,True,False,False,9.497481604964452,20.910999999999998,19.493575,0.0,0.0,0.0,0.0,1.0077358490566037,0.9315094339622646,False,False,False,False,0.2872756782084651,0.29177317072410547,False,False,False,False,126282.0,47945.183831879614,False,False,False,False,6604.9476090329945,False,False,False,False
2025-04-03 14:00:00+00:00,20.93,21.405,20.93,21.15,17415.0,,,,,,,,,,,,,,21.001809749177582,21.007556719658186,20.83988887860746,19.974806890551307,19.62676064352776,19.49584532484858,,,,,,19.974806890551307,,21.161666666666665,,20.32444470106181,"rgba(0, 255, 0, 1.0)",0.44800533901264444,20.629690680974065,1.161390889163597,55.66089017787568,-0.3057520339526718,False,False,True,False,False,10.830190266623255,20.928800000000003,19.499975,-1.0,21.405,20.93,477.0,1.0041252578286144,0.9300581286330398,False,False,False,False,0.32616891407130166,0.30897104239770357,False,False,False,False,143697.0,49429.7081135559,False,False,False,False,6772.545320520855,False,False,False,False
2025-04-03 15:00:00+00:00,21.165,21.24,20.875,20.945,3784.0,,,,,,,,,,,,,,21.00261428320963,21.007796931543,20.841838326082335,19.979961127213084,19.632008625495242,19.50110181620543,,,,,,19.979961127213084,,21.136379310344825,,20.327553518291456,"rgba(0, 255, 255, 0.75)",0.44585444843495753,20.630148532948756,0.7061754529004687,53.25450957565578,-0.3057520339526718,False,False,True,False,False,7.633018705664668,20.9417,19.506225,0.0,0.0,0.0,0.0,0.99234360410831,0.9441643323996269,False,False,False,False,0.30354259808002126,0.3062568202388624,False,False,False,False,139913.0,50832.54984822945,False,False,False,False,6726.211284543788,False,False,False,False
2025-04-03 16:00:00+00:00,20.945,21.01,20.855,20.855,6188.0,,,,,,,,,,,,,,20.996142684818825,21.004702066559844,20.842965823016062,19.9873745798428,19.639812180770804,19.508984507357972,,,,,,19.9873745798428,,21.084476515621766,,20.329996973727717,"rgba(0, 255, 255, 0.75)",0.44294024773451596,20.627400184910222,0.5138386413379044,50.30188601568198,-0.3057520339526718,False,True,False,False,False,6.27672227218838,20.947200000000002,19.512025,0.0,0.0,0.0,0.0,0.9846066134549601,0.9621816799695936,False,False,False,False,0.2781906549552811,0.29222373759707176,False,False,False,False,133725.0,52117.70411414837,False,False,False,False,6717.866923543109,False,False,False,False
2025-04-03 17:00:00+00:00,20.855,21.04,20.775,21.0,2142.0,,,,,,,,,,,,,,20.994823756013563,21.00400637480874,20.843536530171512,19.990000663948994,19.642558162456034,19.511753926788398,,,,,,19.990000663948994,,21.07387545576665,,20.331113235697874,"rgba(0, 255, 0, 1.0)",0.4428365061410619,20.627210795625196,0.8418213024561605,50.76993495179868,-0.3057520339526718,False,True,False,False,False,8.082402160722449,20.9511,19.51855,0.0,0.0,0.0,0.0,0.9816565809379728,0.9589636913767023,False,False,False,False,0.27316278786847137,0.28269326273277157,False,False,False,False,135867.0,53416.14281005305,False,False,False,False,6646.923250309882,False,False,False,False
2025-04-03 18:00:00+00:00,21.005,21.03,20.825,21.02,2781.0,,,,,,,,,,,,,,20.993773957061773,21.003393143659043,20.844421570312544,19.993460047813397,19.64616080415534,19.51538373092173,,,,,,19.993460047813397,,21.063930465284226,,20.33276554232064,"rgba(0, 255, 0, 1.0)",0.4429596101410016,20.62743157519696,0.8862397740463891,51.40377549243813,-0.3057520339526718,False,True,False,False,False,8.328955038453014,20.9579,19.525175,0.0,0.0,0.0,0.0,0.9860324650811627,0.957719894299736,False,False,False,False,0.27718399144584216,0.27993862708930684,False,False,False,False,138648.0,54737.56695253285,False,False,False,False,6586.986455731434,False,False,False,False
2025-04-03 19:00:00+00:00,21.005,21.2,20.99,21.0,18864.0,,,,,,,,,,,,,,21.00513176952595,21.00839649219069,20.855300778224468,20.018772869170853,19.67200142412278,19.541289756981566,,,,,,20.018772869170853,,21.063710347702614,,20.350148848369386,"rgba(0, 255, 0, 1.0)",0.44148099445901473,20.64011381764586,0.8151793324537977,51.440170875941654,-0.3057520339526718,False,False,False,False,False,8.016843464420347,20.9637,19.5317,0.0,0.0,0.0,0.0,0.9986784972626015,0.9471398905040593,False,False,False,False,0.311221227163689,0.29557992712649794,False,False,False,False,119784.0,55746.03878272614,False,False,False,False,6777.327750991411,False,False,False,False
2025-04-04 14:00:00+00:00,20.28,20.3,19.83,20.11,9541.0,,,,,,,,,,,,,,20.934558397496886,20.970788732175105,20.836290992822324,20.019496881692714,19.675729734941367,19.545811425116185,,,,,,20.019496881692714,,20.909126135770954,,20.330446027374098,#000000,0.44112034884169005,20.60562165014599,-1.1235519999188737,42.465781891758425,-1.914176910833497,False,True,False,True,False,0.0,20.952199999999998,19.533775,0.0,0.0,0.0,0.0,0.9823700472555432,0.9527444565612508,False,False,False,False,0.10981742134184314,0.20269867423417054,False,False,False,False,110243.0,56590.95291012573,False,False,False,False,6820.1753827589855,False,False,False,False
2025-04-04 15:00:00+00:00,20.105,20.32,20.0,20.09,6192.0,,,,,,,,,,,,,,20.896919873333175,20.94942186819127,20.825332456395536,20.02038923054217,19.678447200513897,19.549012547568882,,,,,,20.02038923054217,,20.837637815674494,,20.319920529424156,#000000,0.4398602153060233,20.587533299170666,-1.1311168454380847,36.37599845414724,-7.357065980064071,False,True,False,True,False,0.0,20.942600000000002,19.53575,0.0,0.0,0.0,0.0,0.986060825488776,0.957096307023896,False,False,False,False,0.1277936207325996,0.16524614748338506,False,False,False,False,104051.0,57326.76759368967,False,False,False,False,6810.436229537916,False,False,False,False
2025-04-04 16:00:00+00:00,20.11,20.15,19.97,19.97,6273.0,,,,,,,,,,,,,,20.857379764813086,20.926165403882575,20.81290897636384,20.020462814577584,19.680534435146992,19.551638108547827,,,,,,20.020462814577584,,20.768406987337162,,20.30818158388865,#000000,0.44219151205488494,20.56823924717277,-1.3528962697468445,31.66201902810531,-11.436312490369765,False,True,False,True,False,0.0,20.9216,19.536550000000002,0.0,0.0,0.0,0.0,0.9825866134590966,0.9664429530201346,False,False,False,False,0.10887336089938798,0.13705975419138652,False,False,False,False,97778.0,57953.91848370998,False,False,False,False,6802.103884893917,False,False,False,False
2025-04-04 17:00:00+00:00,19.97,20.095,19.79,20.09,5695.0,,,,,,,,,,,,,,20.822958193407846,20.905187326889827,20.80142562215135,20.020264035823494,19.682202486971136,19.55380801364423,,,,,,20.020264035823494,,20.712324120443743,,20.297640946481312,#000000,0.43789422393016736,20.551296064636865,-1.0534417661339834,30.686723512288623,-12.183916127794589,False,True,False,True,False,0.0,20.9012,19.537775,0.0,0.0,0.0,0.0,0.9724025974025973,0.9693362193362197,False,False,False,False,0.08673984146945139,0.11189979783041895,False,False,False,False,103473.0,58659.64067776099,False,False,False,False,6784.939483577732,False,False,False,False
2025-04-04 18:00:00+00:00,20.12,20.185,19.805,19.92,2856.0,,,,,,,,,,,,,,20.806282865689617,20.89477642910229,20.79563599576404,20.02009063284147,19.682974189568807,19.55483471794181,,,,,,20.02009063284147,,20.686384419620467,,20.292432471818007,#000000,0.43562027848469037,20.543030678924726,-1.430215051264241,28.910205720033872,-13.922233753049746,False,True,False,True,False,0.0,20.8759,19.538225,0.0,0.0,0.0,0.0,0.9781440343962736,0.9627373701182377,False,False,False,False,0.09661753064271807,0.10425866423656852,False,False,False,False,100617.0,59310.14237267942,False,False,False,False,6724.025693134666,False,False,False,False
2025-04-04 19:00:00+00:00,19.925,19.97,19.7,19.81,36931.0,,,,,,,,,,,,,,20.608607195284975,20.760366942779555,20.71559258803618,20.011830478128733,19.68778952515163,19.56323797418343,,,,,,20.011830478128733,,20.418815725899336,,20.22457078392742,#000000,0.4360270571818299,20.44056689080263,-1.4461645909732477,27.05941787009688,-15.850197132189955,False,True,False,True,False,0.0,20.847399999999997,19.53845,0.0,0.0,0.0,0.0,0.976453799500535,0.967178023546201,False,False,False,False,0.06656455826906045,0.08541161125281449,False,False,False,False,63686.0,59377.98512659136,False,False,False,False,7192.350876186842,False,False,False,False
2025-04-07 14:00:00+00:00,19.68,20.3,19.56,19.79,2220.0,,,,,,,,,,,,,,20.59991509121598,20.75378249503719,20.711480287416446,20.01150145999012,19.68818264459343,19.56383169476614,,,,,,20.01150145999012,,20.40898158259019,,20.221448945503216,#000000,0.43840931756725,20.435903170650246,-1.4732879634821354,25.70198270039623,-17.40489652351912,False,True,False,True,False,0.0,20.820899999999998,19.5386,0.0,0.0,0.0,0.0,0.9746148459383752,0.9557072829131656,False,False,False,False,0.08439056863794116,0.08490108994537782,False,False,False,False,61466.0,59410.3574502101,False,False,False,False,7115.260164928131,False,False,False,False
2025-04-07 15:00:00+00:00,19.795,19.95,19.245,19.56,702.0,,,,,,,,,,,,,,20.596083369187188,20.751014335309264,20.70972294692647,20.01115641197918,19.688117091189927,19.563844103238115,,,,,,20.01115641197918,,20.404224089244202,,20.219989709638355,"rgba(239, 83, 80, 0.5)",0.45034708336520557,20.43380620676089,-1.9402950280734612,23.491671409673984,-19.79615061805478,False,True,False,True,False,0.0,20.789,19.5376,0.0,0.0,0.0,0.0,0.9656180161595324,0.9661337459171399,False,False,False,False,0.022159093257306996,0.05353009160134241,False,False,False,False,60764.0,59431.34415640839,False,False,False,False,7015.829774774207,False,False,False,False
2025-04-07 16:00:00+00:00,19.5,19.55,19.22,19.255,958.0,,,,,,,,,,,,,,20.58965349192251,20.746473846988547,20.70681664264331,20.010418079258645,19.687816980326247,19.563666515371356,,,,,,20.010418079258645,,20.39591730454321,,20.217474259418434,"rgba(255, 0, 0, 1.0)",0.4730992505816855,20.408620031443757,-2.438431322867998,20.729899586203153,-22.666035772509964,False,True,False,True,False,0.0,20.754900000000003,19.538725,0.0,0.0,0.0,0.0,0.9592611772829276,0.9932677369238742,False,False,False,False,-0.01749295899642982,0.018018566302456296,False,False,False,False,59806.0,59437.15277413849,False,False,False,False,6921.90993330484,False,False,False,False
2025-04-07 17:00:00+00:00,19.44,19.74,19.34,19.73,3123.0,,,,,,,,,,,,,,20.573443294863896,20.734592843054386,20.69922716171189,20.008959799173667,19.687579079978057,19.563769605485295,,,,,,20.008959799173667,,20.376220175333895,,20.21126196404453,"rgba(239, 83, 80, 0.5)",0.47993865035873023,20.412232187181775,-1.421498740874152,26.294555633726368,-22.666035772509964,False,True,False,True,True,0.0,20.731399999999997,19.542525,0.0,0.0,0.0,0.0,0.9649991463206419,0.9730237322861539,False,False,False,False,0.011428049662116031,0.014723307982286164,False,False,False,False,62929.0,59491.289940430914,False,False,False,False,6863.012104881509,False,False,False,False
2025-04-07 18:00:00+00:00,19.73,19.8,19.395,19.405,493.0,,,,,,,,,,,,,,20.570751764524736,20.732625168203345,20.697962690419732,20.008690985386,19.687510544168955,19.56375712366542,,,,,,20.008690985386,,20.372926343685435,,20.210216379394698,"rgba(239, 83, 80, 1.0)",0.4968715461096403,20.410688984699895,-2.024042214882592,27.91064281138577,-28.947844741648957,False,True,False,True,True,0.0,20.7011,19.5445,0.0,0.0,0.0,0.0,0.9671768707482993,0.9751700680272113,False,False,False,False,0.022159093257306996,0.01844120061979658,False,False,False,False,62436.0,59536.94435995912,False,False,False,False,6764.252227286446,False,False,False,False
2025-04-07 19:00:00+00:00,19.405,19.55,19.3,19.48,4550.0,,,,,,,,,,,,,,20.544453965536093,20.713424520633886,20.685528875055546,20.005757298073434,19.686513311174732,19.563303053908513,,,,,,20.005757298073434,,20.34056682324979,,20.19983017073037,"rgba(239, 83, 80, 0.5)",0.5097894195178074,20.39303969958903,-1.7910134354154337,29.94637367498666,-26.861387413952038,False,True,False,True,True,0.0,20.6737,19.5458,0.0,0.0,0.0,0.0,0.9558273870200474,0.9894665307509348,False,False,False,False,-0.01002861378575618,0.0042062934170202,False,False,False,False,66986.0,59652.43359468843,False,False,False,False,6729.922735390533,False,False,False,False
2025-04-08 14:00:00+00:00,19.965,20.13,19.85,19.865,3717.0,,,,,,,,,,,,,,20.533307123584912,20.704228344360303,20.679608476491527,20.00551490077883,19.687383931857,19.564485416380958,,,,,,20.00551490077883,,20.32972113322175,,20.195754698908924,#000000,0.5111884492344103,20.395103506160073,-1.0370021211433718,35.57652773648947,-21.489473378020502,False,True,False,True,True,0.0,20.655,19.5484,0.0,0.0,0.0,0.0,0.9581317764804003,0.9786488740617185,False,False,False,False,0.09567601823869966,0.04994115582785993,False,False,False,False,70703.0,59823.76020562349,False,False,False,False,6683.2107549968805,False,False,False,False
2025-04-08 15:00:00+00:00,19.865,20.01,19.75,19.975,2176.0,,,,,,,,,,,,,,20.526575884393175,20.6986904043226,20.676014908672023,20.005283558429458,19.68781968817357,19.56510843109863,,,,,,20.005283558429458,,20.3230616906172,,20.19324881251491,#000000,0.5102559241284307,20.393944241095575,-0.8210472848721416,40.37154788462195,-17.05658881648649,False,True,False,True,True,0.0,20.6396,19.550874999999998,0.0,0.0,0.0,0.0,0.9794532178638138,0.9801324503311262,False,False,False,False,0.07500250270591843,0.062471829266889184,False,False,False,False,72879.0,60026.16702414095,False,False,False,False,6613.3315184853,False,False,False,False
2025-04-08 16:00:00+00:00,19.965,19.99,19.55,19.56,1118.0,,,,,,,,,,,,,,20.522002771248292,20.695117901084465,20.673673948659204,20.004897399866348,19.687831834805113,19.565232684856536,,,,,,20.004897399866348,,20.318003688670412,,20.191459423419992,"rgba(239, 83, 80, 0.5)",0.5206529770610873,20.391519359689475,-1.5970702105327939,40.24314123036149,-17.05658881648649,False,True,False,True,True,0.0,20.6061,19.553275,0.0,0.0,0.0,0.0,0.9817505914160188,0.955221358567084,False,False,False,False,0.05439279007220376,0.058432309669546476,False,False,False,False,71761.0,60208.10241911551,False,False,False,False,6528.132580214209,False,False,False,False
2025-04-08 17:00:00+00:00,19.56,19.62,19.425,19.57,1027.0,,,,,,,,,,,,,,20.517028775360814,20.691329132157392,20.671177994836828,20.004355900637268,19.687695009863717,19.56520994289876,,,,,,20.004355900637268,,20.312232556854493,,20.18946612595913,"rgba(239, 83, 80, 0.5)",0.5311139322302317,20.388225681332344,-1.5405841038597572,40.265227226704354,-16.78396376248159,False,False,False,True,True,0.0,20.5737,19.554475,0.0,0.0,0.0,0.0,0.9704052463426938,0.9692281822767788,False,False,False,False,0.008162715899146846,0.03329751278434666,False,False,False,False,72788.0,60403.139590912164,False,False,False,False,6442.843703001585,False,False,False,False
2025-04-08 18:00:00+00:00,19.575,19.63,19.375,19.53,8219.0,,,,,,,,,,,,,,20.47792678752545,20.661198031586608,20.65113052978048,19.999821781409583,19.686415068188566,19.56485010163848,,,,,,19.999821781409583,,20.267461005454813,,20.17355705002153,"rgba(239, 83, 80, 0.5)",0.5425181111271317,20.362938513664112,-1.5353192761318213,39.9621537359222,-16.6264632445491,False,False,False,True,True,0.0,20.5409,19.55715,0.0,0.0,0.0,0.0,0.9676558852950983,0.9691563854618211,False,False,False,False,0.004431114953571978,0.01886431386895932,False,False,False,False,64569.0,60467.7265739988,False,False,False,False,6470.3810099317925,False,False,False,False
2025-04-08 19:00:00+00:00,19.53,19.555,19.065,19.24,6877.0,,,,,,,,,,,,,19.286666666666665,20.44038154947952,20.63243675562412,20.631672949714883,19.994372332564797,19.683997714901423,19.563294558610245,,,,,19.286666666666665,19.994372332564797,,20.223617824347926,,20.033260361080234,"rgba(239, 83, 80, 1.0)",0.5636267933324424,20.309049462909538,-1.8967328657120552,37.638630217899426,-16.6264632445491,False,True,False,True,False,0.0,20.5064,19.557975,1.0,19.555,19.065,0.0,0.9744702152511263,0.971633572501252,True,False,False,False,-0.03149451643352279,-0.0063151012822817345,False,False,False,False,57692.0,60424.692053471685,True,False,False,False,6476.685180320446,False,False,False,False
2025-04-09 14:00:00+00:00,20.02,20.115,19.355,19.37,8787.0,,,,,,,,,,,,,19.469916155941437,20.408365016777903,20.60589958590906,20.613449984420733,19.990687990915117,19.683455897708868,19.563649541238973,,,,,19.469916155941437,19.990687990915117,,20.190643571154798,,20.047917738987444,"rgba(239, 83, 80, 0.5)",0.5803172710984777,20.302655746754546,-1.607148008862684,37.77386149446036,-16.6264632445491,False,True,False,True,False,0.0,20.4753,19.55855,0.0,0.0,0.0,0.0,0.9854765013054829,0.9352154046997394,False,False,False,False,0.04109401743995126,0.01738945807883476,False,False,False,False,66479.0,60518.55729295274,False,False,False,False,6512.504014734083,False,False,False,False
2025-04-09 15:00:00+00:00,19.37,19.845,19.325,19.765,7705.0,,,,,,,,,,,,,19.527643102685897,20.38330332921442,20.58444888372529,20.598488527134275,19.987781693176082,19.683199072850176,19.564152461638738,,,,,19.527643102685897,19.987781693176082,,20.165961571578976,,20.047002438632123,#000000,0.5871402061021458,20.292159005853918,-0.8978417767598882,42.096237042731005,-13.635195720299727,False,False,False,True,True,0.0,20.4481,19.5621,0.0,0.0,0.0,0.0,0.9837899173285781,0.9489382395850224,False,False,False,False,-0.13677005099055728,-0.059690296455861255,False,False,False,False,74184.0,60730.42462174417,False,False,False,False,6530.992324583167,False,False,False,False
2025-04-09 16:00:00+00:00,19.765,20.02,19.72,19.9,24705.0,,,,,,,,,,,,,19.708717636698978,20.33536829288665,20.537394328243067,20.564578199894168,19.98495251133693,19.687324908210435,19.57029155874945,,,,,19.708717636698978,19.98495251133693,,20.129739684541725,,20.055518205145667,#000000,0.5917431266419377,20.27979398455976,-0.6418223845117401,46.17710824896265,-9.678352943634017,True,False,False,True,True,0.0,20.4293,19.570149999999998,0.0,0.0,0.0,0.0,0.9859906604402934,0.9549699799866582,False,False,False,False,-0.05610977658892123,-0.05790003652239124,False,False,False,False,98889.0,61322.030441562085,False,False,False,False,6812.759885442342,False,False,False,False
2025-04-09 17:00:00+00:00,19.905,20.61,19.87,20.405,10552.0,,,,,,,,,,,,,19.814241661833773,20.333790330447577,20.530670639593986,20.55925124391619,19.988390084730447,19.69271795999682,19.576258471261173,,,,,19.814241661833773,19.988390084730447,,20.138221703933212,,20.07076005596857,"rgba(38, 166, 154, 0.5)",0.592165000137154,20.289225330019896,0.1955108288286037,52.47613367929398,-3.854389803554149,True,False,True,False,True,2.1490787550926918,20.4192,19.57985,0.0,0.0,0.0,0.0,0.9899605003291638,0.9353192890059254,False,False,False,False,0.04767939348745647,-0.005110321517467386,False,False,False,False,109441.0,62068.060977351815,False,False,False,False,6870.732600396725,False,False,False,False
2025-04-09 18:00:00+00:00,20.38,20.44,20.18,20.33,6819.0,,,,,,,,,,,,,19.866591514503273,20.333368435188326,20.526902066918545,20.55619257310223,19.990725418682317,19.696276028447564,19.580177142523027,,,,,19.866591514503273,19.990725418682317,,20.143950324058817,,20.07860473990933,"rgba(38, 166, 154, 0.5)",0.5924496557469188,20.294199518188186,0.06042788862232878,55.855613405667754,-0.8636769762647631,True,False,True,False,True,1.3925554077840374,20.4061,19.589100000000002,0.0,0.0,0.0,0.0,0.9972094550229809,0.9387721602101121,False,False,False,False,0.06736283696790014,0.031126257725216377,False,False,False,False,102622.0,62696.80421801303,False,False,False,False,6869.93054457662,False,False,False,False
2025-04-09 19:00:00+00:00,20.325,20.66,20.265,20.4,14473.0,,,,,,,,,,,,,19.970736546626963,20.33875027039647,20.523831088706334,20.553207591455056,19.997432885653133,19.705189818089284,19.58974697081338,,,,,19.970736546626963,19.997432885653133,,20.162941824640892,,20.096985024534376,"rgba(38, 166, 154, 0.5)",0.5927608180264914,20.30806166852233,0.15510190397496637,58.584291656218255,1.6120942490939782,True,False,True,False,True,2.0736178957417906,20.3954,19.5979,0.0,0.0,0.0,0.0,1.0016313213703099,0.9311582381729206,False,False,False,False,0.10236928162372785,0.06674776967447212,False,False,False,False,117095.0,63540.187098353905,False,False,False,False,6987.8075903971385,False,False,False,False
2025-04-10 14:00:00+00:00,20.73,21.11,20.63,21.06,28009.0,,,,,,,,,,,,,20.22054774677946,20.390915599575663,20.550522985710483,20.57146053488771,20.02361967982818,19.732969695158776,19.61802319101493,,,,,20.22054774677946,20.02361967982818,,20.247596877631832,,20.158294204707886,"rgba(0, 255, 255, 0.75)",0.5951163713892801,20.366726202259812,1.1649382054836785,63.85784893673625,6.475323201722418,True,False,True,False,True,8.034822951064235,20.3983,19.609949999999998,0.0,0.0,0.0,0.0,1.0027252324462967,0.9126322539275413,False,False,False,False,0.22365608350422003,0.14520192658934608,False,False,False,False,145104.0,64804.74233713911,False,False,False,False,7313.717550235942,False,False,False,False
2025-04-10 15:00:00+00:00,21.05,21.23,20.995,21.01,14161.0,,,,,,,,,,,,,20.320042387458226,20.420112539453537,20.567361975353148,20.58347441646122,20.038332057705027,19.748181430451965,19.633397676666295,,,,,20.320042387458226,20.038332057705027,,20.291320824025995,,20.1872717833642,"rgba(0, 255, 255, 0.75)",0.5969864486065559,20.395838827497652,1.0287690347676761,66.77896104635842,9.137014999933612,True,False,True,False,True,7.513419416966858,20.400199999999998,19.6219,0.0,0.0,0.0,0.0,1.0144046094750319,0.9094110115236881,False,False,False,False,0.2989067016674862,0.22205431412841614,False,False,False,False,130943.0,65830.14168074935,False,False,False,False,7419.8769680617415,False,False,False,False
2025-04-10 16:00:00+00:00,21.02,21.345,20.89,21.32,11194.0,,,,,,,,,,,,,20.39268787233085,20.444958957602413,20.582555091152017,20.594537296717082,20.050837953129776,19.76090965985771,19.646204101179435,,,,,20.39268787233085,20.050837953129776,,20.327017351360286,,20.210384418852755,"rgba(0, 255, 0, 1.0)",0.602800543708733,20.419548220574328,1.4937806357732182,70.03381751325043,12.206034662690385,True,False,True,False,True,10.091981953368474,20.4106,19.635525,0.0,0.0,0.0,0.0,1.0116131084950681,0.9082087177855558,False,False,False,False,0.3000423011960284,0.2610483076622223,False,False,False,False,142137.0,67013.19374771448,False,False,False,False,7478.390503440629,False,False,False,False
2025-04-10 17:00:00+00:00,21.31,21.565,21.26,21.49,8320.0,,,,,,,,,,,,,20.454126059895575,20.468377308931405,20.597920479199402,20.605916012264142,20.06199477304211,19.771881936211237,19.65713104576505,,,,,20.454126059895575,20.06199477304211,,20.359058953379975,,20.231049659329845,"rgba(0, 255, 0, 1.0)",0.6095690620770465,20.441261633418595,1.720458651572524,72.83865845511852,14.924567269747513,True,False,True,False,True,11.450708649974423,20.4246,19.648775,0.0,0.0,0.0,0.0,1.0200822264389626,0.9002213788741308,False,False,False,False,0.3428282232626042,0.30193826546241326,False,False,False,False,150457.0,68306.89617023054,False,False,False,False,7491.438712689611,False,False,False,False
2025-04-10 18:00:00+00:00,21.48,21.795,21.38,21.775,10259.0,,,,,,,,,,,,,20.534913561304965,20.50175524943416,20.620708283102115,20.622992984542723,20.077585189147776,19.786908849351168,19.672001936491707,,,,,20.534913561304965,20.077585189147776,,20.40337827029776,,20.25955229333923,"rgba(0, 255, 0, 1.0)",0.621626028186536,20.47165313123508,2.0966735781112016,75.66268427658346,17.727516822201792,True,False,True,False,True,13.647729912277754,20.441200000000002,19.66415,0.0,0.0,0.0,0.0,1.0230479774223893,0.895421762307934,False,False,False,False,0.34282822539844676,0.32238324543043,False,False,False,False,160716.0,69739.59545441302,False,False,False,False,7534.346639624655,False,False,False,False
2025-04-10 19:00:00+00:00,21.76,21.915,21.62,21.865,22905.0,,,,,,,,,,,,,20.70071700635898,20.578774926376692,20.675107206822574,20.6644600334185,20.114529885516014,19.82223903772244,19.706874097344645,,,,,20.70071700635898,20.114529885516014,,20.50280798244496,,20.32324317050855,"rgba(0, 255, 0, 1.0)",0.6347831579820837,20.54033896296527,2.0867929786380963,77.82607102976583,19.978482786074366,True,False,True,False,True,14.323679578260837,20.4572,19.680225,0.0,0.0,0.0,0.0,1.0301139023248558,0.8923388984240918,False,False,False,False,0.3428282273099014,0.3326057363701657,False,False,False,False,183621.0,71505.19862566242,False,False,False,False,7772.651342886288,False,False,False,False
2025-04-11 14:00:00+00:00,22.345,22.505,22.06,22.11,12682.0,,,,,,,,,,,,,20.803844043859275,20.63112961388673,20.713706151117048,20.694318423324955,20.13929975370477,19.84536238972101,19.729516359309233,,,,,20.803844043859275,20.13929975370477,,20.568118957696022,,20.36531096213186,"rgba(0, 255, 0, 1.0)",0.6538071939393881,20.586397439815524,2.3303545361810785,79.989703357103,22.2957061052672,True,False,True,False,True,16.125487711109045,20.4776,19.6975,0.0,0.0,0.0,0.0,1.0365198711063368,0.8783182445910699,False,False,False,False,0.3428282316083859,0.3377169839892758,False,False,False,False,196303.0,73440.04825937308,False,False,False,False,7848.765275554718,False,False,False,False
2025-04-11 15:00:00+00:00,22.14,22.325,21.945,22.32,9058.0,,,,,,,,,,,,,20.868046599086036,20.665900814969742,20.73962351048066,20.7145724726228,20.15640287511182,19.861414002214772,19.745259896665512,,,,,20.868046599086036,20.15640287511182,,20.6110669362673,,20.39303145302162,"rgba(0, 255, 0, 1.0)",0.679880375010468,20.61677483269682,2.505183602743286,81.97939577868159,24.492487409549,True,False,True,False,True,17.61590532947043,20.5017,19.7163,0.0,0.0,0.0,0.0,1.0345878409264055,0.8843516684443095,False,False,False,False,0.30650010044419046,0.32210854221673313,False,False,False,False,205361.0,75485.33433287118,False,False,False,False,7867.513100739916,False,False,False,False
2025-04-11 16:00:00+00:00,22.32,22.34,22.115,22.175,4167.0,,,,,,,,,,,,,20.895912429674148,20.68151818149455,20.751350948885552,20.72378996153122,20.164226577897328,19.86876668302006,19.752474226188596,,,,,20.895912429674148,20.164226577897328,,20.630232718133996,,20.40543414409878,"rgba(0, 255, 0, 1.0)",0.699868501162161,20.630375917373357,2.207020433212426,81.15104364157403,24.492487409549,True,False,True,False,True,15.992933611025531,20.5257,19.736425,0.0,0.0,0.0,0.0,1.040160642570281,0.8945010812480696,False,False,False,False,0.32918473556112976,0.3256466388889314,False,False,False,False,201194.0,77434.30589360185,False,False,False,False,7810.1408046044135,False,False,False,False
2025-04-11 17:00:00+00:00,22.195,22.235,22.09,22.19,9720.0,,,,,,,,,,,,,20.954851325852097,20.715864310093252,20.77729254474562,20.744312066117793,20.18190893114066,19.885462093417644,19.768879478566024,,,,,20.954851325852097,20.18190893114066,,20.67215912800795,,20.432652964276155,"rgba(0, 255, 0, 1.0)",0.7208203097298039,20.660197846342086,2.1223072283179065,80.65811296014469,24.492487409549,True,False,True,False,True,16.101882791726144,20.5523,19.756825000000003,0.0,0.0,0.0,0.0,1.035957842529448,0.9011159330440177,False,False,False,False,0.31321133126273376,0.3194289850758326,False,False,False,False,210914.0,79503.75851540647,False,False,False,False,7839.751024688066,False,False,False,False
2025-04-11 18:00:00+00:00,22.19,22.385,22.17,22.32,7162.0,,,,,,,,,,,,,20.998859836210002,20.742179367307408,20.797402322975554,20.760305291458856,20.1955136167642,19.89824733295201,19.781422337720883,,,,,20.998859836210002,20.1955136167642,,20.703978816891617,,20.45341858648413,"rgba(0, 255, 0, 1.0)",0.7447044277327329,20.683009689012515,2.1981745374756723,80.85798363812766,24.721279534048293,True,False,True,False,True,17.048148878106247,20.5863,19.777749999999997,0.0,0.0,0.0,0.0,1.038253058695989,0.8946879355737962,False,False,False,False,0.34158289126768787,0.3305059381717602,False,False,False,False,218076.0,81652.16536012886,False,False,False,False,7829.243256863444,False,False,False,False
2025-04-11 19:00:00+00:00,22.32,22.435,22.235,22.39,9555.0,,,,,,,,,,,,,21.05584541264879,20.777292249711657,20.824487652701563,20.781973264833457,20.21391909806037,19.915528443156425,19.798369502801705,,,,,21.05584541264879,20.21391909806037,,20.746108289335915,,20.48105937484485,"rgba(0, 255, 0, 1.0)",0.7693324121343216,20.713402260053734,2.179289099876818,81.27308767505176,25.686796492310663,True,False,True,False,True,17.555245657279563,20.619699999999998,19.798925,0.0,0.0,0.0,0.0,1.044124477473293,0.8893017494968265,False,False,False,False,0.34282822993084566,0.33666708405130297,False,False,False,False,227631.0,83915.40310648346,False,False,False,False,7855.999175361685,False,False,False,False
2025-04-14 14:00:00+00:00,23.145,23.5,23.095,23.37,10317.0,,,,,,,,,,,,,21.154302950661325,20.835789024872156,20.87055879227027,20.818732547699216,20.24227993189006,19.94122066551493,19.823260033228596,,,,,21.154302950661325,20.24227993189006,,20.815235731579563,,20.52659199230522,"rgba(0, 255, 0, 1.0)",0.8276301127941506,20.76417198156072,3.1485418161523624,84.02792243239588,28.741863690886532,True,False,True,False,True,20.0,20.6729,19.824475,0.0,0.0,0.0,0.0,1.0478267408632873,0.8777259738306515,False,False,False,False,0.3428282358409088,0.3397476599461059,False,False,False,False,237948.0,86303.50538390232,False,False,False,False,7894.154226906465,False,False,False,False
2025-04-14 15:00:00+00:00,23.375,23.52,23.255,23.31,13352.0,,,,,,,,,,,,,21.271827625120125,20.908772184952745,20.928650894839148,20.865490328930214,20.278691234576222,19.974287762995154,19.85531777293297,,,,,21.271827625120125,20.278691234576222,,20.900717714576878,,20.583291114906654,"rgba(0, 255, 0, 1.0)",0.8784620057211078,21.029401094967866,2.5961269698397995,85.0342895668101,30.051185223908007,True,False,True,False,True,20.0,20.7202,19.849175,0.0,0.0,0.0,0.0,1.0540378264785348,0.8770639447613333,False,False,False,False,0.34282823625089126,0.3412879480984986,False,False,False,False,224596.0,88447.57506787282,False,False,False,False,7978.771990830395,False,False,False,False
2025-04-14 16:00:00+00:00,23.28,23.325,23.12,23.265,16693.0,,,,,,,,,,,,,21.394453762138344,20.98993365260839,20.994034765426562,20.918774724202223,20.321237124861067,20.013247692713463,19.893189196345947,,,,,21.394453762138344,20.321237124861067,,20.994806794116673,,20.646410131185142,"rgba(0, 255, 0, 1.0)",0.9236209198603403,21.09269357845578,2.3519458847604846,85.03982902453072,30.449385724681292,True,False,True,False,True,20.0,20.7661,19.873275,0.0,0.0,0.0,0.0,1.050307854032137,0.8831656404865599,False,False,False,False,0.31314162075894564,0.3272147844287221,False,False,False,False,207903.0,90299.59715984378,False,False,False,False,8113.876301050079,False,False,False,False
2025-04-14 17:00:00+00:00,23.26,23.375,23.09,23.14,15251.0,,,,,,,,,,,,,21.491940715824324,21.05820923170135,21.049730903797318,20.96470081405697,20.358597769841957,20.047659726217674,19.926700581462928,,,,,21.491940715824324,20.358597769841957,,21.073135302048616,,20.699648534700362,"rgba(0, 255, 0, 1.0)",0.9604543313050243,21.147587741147266,2.074447679511768,83.14776708829154,30.449385724681292,True,False,True,False,True,20.0,20.807599999999997,19.897025,0.0,0.0,0.0,0.0,1.04531179901301,0.8838043965903997,False,False,False,False,0.3149252019501013,0.3210699931894117,False,False,False,False,192652.0,91886.45611860589,False,False,False,False,8224.529381653952,False,False,False,False
2025-04-14 18:00:00+00:00,23.14,23.28,23.055,23.085,14196.0,,,,,,,,,,,,,21.57073610984814,21.116357157379706,21.097691809129124,21.004686398840505,20.391777788328522,20.078417057565822,19.956713456514034,,,,,21.57073610984814,20.391777788328522,,21.13923638082622,,20.74519711108655,"rgba(0, 255, 0, 1.0)",0.9938042387034405,21.19411001741548,1.9026785245467033,81.0387989710689,30.449385724681292,True,False,True,False,False,20.0,20.8459,19.9201,0.0,0.0,0.0,0.0,1.0427567648377933,0.8902676035281809,False,False,False,False,0.3033659946967116,0.31221799394306166,False,False,False,False,178456.0,93228.61958963524,False,False,False,False,8317.110321473272,False,False,False,False
2025-04-14 19:00:00+00:00,23.08,23.125,22.74,22.76,45948.0,,,,,,,,,,,,,21.745522009992214,21.262167101537138,21.220559302729708,21.109713248354186,20.48409358544404,20.16563960653801,20.042348241730103,,,,,21.745522009992214,20.48409358544404,,21.30205723935281,,20.861434728046483,"rgba(0, 255, 255, 0.75)",1.016818647627109,21.30557792539349,1.4303652652325103,75.13646151109288,29.705395309137543,True,False,True,False,False,17.049269809410387,20.8796,19.94135,0.0,0.0,0.0,0.0,1.0290714921388309,0.8969148620587365,False,False,False,False,0.26219979008039107,0.2872088920117264,False,False,False,False,132508.0,93837.60223165639,False,False,False,False,8900.534967651982,False,False,False,False
2025-04-15 14:00:00+00:00,23.0,23.28,22.975,23.225,2765.0,,,,,,,,,,,,,21.756837604735676,21.271588916240084,21.228594125984767,21.11661825242639,20.49006654261489,20.17124904413662,20.04784380470664,,,,,21.756837604735676,20.49006654261489,,21.3124860721171,,20.868971184406437,"rgba(0, 255, 0, 1.0)",1.0516962789052384,21.313582575482915,1.817461431456973,73.89490704860803,28.625626005264195,True,False,True,False,False,20.0,20.926199999999998,19.964,0.0,0.0,0.0,0.0,1.0303519061583577,0.8865102639296191,False,False,False,False,0.29629172019293565,0.291750306102331,False,False,False,False,135273.0,94480.01149938264,False,False,False,False,8805.41039451009,False,False,False,False
2025-04-15 15:00:00+00:00,23.225,23.265,23.155,23.22,1696.0,,,,,,,,,,,,,21.763949662374856,21.277483849429597,21.233624864870247,21.120940635378663,20.493789989621852,20.17474059569297,20.051262708374466,,,,,21.763949662374856,20.493789989621852,,21.319008189474662,,20.873684615106093,"rgba(0, 255, 0, 1.0)",1.0844575095826268,21.31864003240897,1.7532821256618898,73.00392145943962,27.738052718257734,True,False,True,False,False,20.0,20.9698,19.986925,0.0,0.0,0.0,0.0,1.0341842723004695,0.8883509389671366,False,False,False,False,0.3109148532120254,0.3013325796571782,False,False,False,False,133577.0,95086.16635985732,False,False,False,False,8695.186977540941,False,False,False,False
2025-04-15 16:00:00+00:00,23.225,23.29,23.195,23.25,2654.0,,,,,,,,,,,,,21.775180833109516,21.286786824584933,21.241571390150902,21.12777073097838,20.499663876553942,20.180245097708085,20.056651443619952,,,,,21.775180833109516,20.499663876553942,,21.329294160141824,,20.8811243138151,"rgba(0, 255, 0, 1.0)",1.1161360027239695,21.32666179757812,1.723211327049666,72.57903563145081,27.168474096098734,True,False,True,False,False,20.0,21.011799999999997,20.012475000000002,0.0,0.0,0.0,0.0,1.0325287017957019,0.8929938180747723,False,False,False,False,0.3167107251986428,0.30902165242791046,False,False,False,False,136231.0,95724.07075737891,False,False,False,False,8601.525163935656,False,False,False,False
2025-04-15 17:00:00+00:00,23.255,23.325,23.205,23.275,2481.0,,,,,,,,,,,,,21.78569118838952,21.295506860783554,21.249029207978303,21.134185933767874,20.50517871598956,20.18541201193142,20.061709242479544,,,,,21.78569118838952,20.50517871598956,,21.3389266921358,,20.88810188018854,"rgba(0, 255, 0, 1.0)",1.146771417800753,21.33420488729792,1.6923992720572718,72.4489871624142,26.775249547110946,True,False,True,False,False,20.0,21.058400000000002,20.038825000000003,0.0,0.0,0.0,0.0,1.0329199881901385,0.8932683790965459,False,False,False,False,0.32073532879313277,0.31487849061052164,False,False,False,False,138712.0,96390.55028052033,False,False,False,False,8506.633300928901,False,False,False,False
2025-04-15 18:00:00+00:00,23.27,23.3,23.155,23.23,9052.0,,,,,,,,,,,,,21.82181360847176,21.32604953832044,21.27525010598124,21.156836781026847,20.524826205371703,20.203875209106844,20.079799931880785,,,,,21.82181360847176,20.524826205371703,,21.372562054226975,,20.91263591145137,"rgba(0, 255, 0, 1.0)",1.174704992676836,21.360412299875584,1.5915380557497503,71.59532571793147,25.665471060519863,True,False,True,False,False,19.872458668183324,21.1059,20.06495,0.0,0.0,0.0,0.0,1.0274903931421815,0.8968371268105236,False,False,False,False,0.3140331695052441,0.3144558300578829,False,False,False,False,129660.0,96906.35570252777,False,False,False,False,8515.088598588918,False,False,False,False
2025-04-15 19:00:00+00:00,23.225,23.365,23.19,23.255,6362.0,,,,,,,,,,,,,21.84685828868526,21.347402189464272,21.293651372151547,21.172779792469605,20.538676436884163,20.216895090606236,20.092558012889217,,,,,21.84685828868526,20.538676436884163,,21.396009053910387,,20.929831597592898,"rgba(0, 255, 0, 1.0)",1.2019033253983742,21.37883402182463,1.5609957461042119,71.22226360215286,25.00299443566624,True,False,True,False,False,20.0,21.151,20.091099999999997,0.0,0.0,0.0,0.0,1.0234513274336283,0.8977876106194695,False,False,False,False,0.32297556147044604,0.3187156957641645,False,False,False,False,136022.0,97512.79980016299,False,False,False,False,8481.707380006144,False,False,False,False
2025-04-16 14:00:00+00:00,23.79,23.875,23.435,23.45,7910.0,,,,,,,,,,,,,21.88347979041319,21.377571395155,21.319652744029618,21.195212525651264,20.557677057679257,20.234592659922253,20.109845529223165,,,,,21.88347979041319,20.557677057679257,,21.42915689785341,,20.954004528867678,"rgba(0, 255, 0, 1.0)",1.2324559345594057,21.40588305776636,1.6585720307837186,72.4134679221676,25.00299443566624,True,False,True,False,False,20.0,21.1996,20.118475,0.0,0.0,0.0,0.0,1.0231071065252142,0.8854817613718938,False,False,False,False,0.3428282373691892,0.33077196656667684,False,False,False,False,143932.0,98232.47732264108,False,False,False,False,8472.843699695972,False,False,False,False
2025-04-16 15:00:00+00:00,23.455,23.84,23.43,23.81,4999.0,,,,,,,,,,,,,21.907239744458398,21.39712274977326,21.336542254035667,21.209798725081047,20.569982060114324,20.24603457540441,20.121015523220194,,,,,21.907239744458398,20.569982060114324,,21.450603788529055,,20.969676518869612,"rgba(0, 255, 0, 1.0)",1.2708425416887155,21.423537420753853,1.8778585866939717,75.16562237880754,21.60863987240603,True,False,True,False,True,20.0,21.2558,20.147825,0.0,0.0,0.0,0.0,1.0237615207373272,0.8859447004608298,False,False,False,False,0.3394228145442938,0.3350973905554853,False,False,False,False,148931.0,99018.50093004199,False,False,False,False,8418.98565784022,False,False,False,False
2025-04-16 16:00:00+00:00,23.805,23.9,23.775,23.81,4605.0,,,,,,,,,,,,,21.930194707020494,21.41588510872916,21.352768407919037,21.223807619355206,20.58171834225142,20.256918050426965,20.131630231879036,,,,,21.930194707020494,20.58171834225142,,21.471171687742785,,20.984703209654473,"rgba(0, 255, 0, 1.0)",1.3069482437004847,21.64354861743282,1.6576412975873491,77.0003920165675,23.40631696022352,True,False,True,False,True,20.0,21.3298,20.177125,0.0,0.0,0.0,0.0,1.0322206095791002,0.8923076923076928,False,False,False,False,0.34282823805630847,0.3389628143058969,False,False,False,False,148931.0,99792.33812492505,False,False,False,False,8359.85409725355,False,False,False,False
2025-04-16 17:00:00+00:00,23.815,23.85,23.56,23.56,7357.0,,,,,,,,,,,,,21.962535175226865,21.44317574923835,21.376489986424637,21.24442518765625,20.599311735879215,20.27333985405148,20.1476811896937,,,,,21.962535175226865,20.599311735879215,,21.500962866684077,,21.00670841116721,"rgba(0, 255, 255, 0.75)",1.3343240756048769,21.660255409375146,1.4237505156036838,73.65194267482616,23.40631696022352,True,False,True,False,False,20.0,21.399199999999997,20.204674999999998,0.0,0.0,0.0,0.0,1.027323984386295,0.8892583489952295,False,False,False,False,0.3213030720745312,0.330132943190214,False,False,False,False,141574.0,100440.11582841458,False,False,False,False,8344.305971714735,False,False,False,False
2025-04-16 18:00:00+00:00,23.59,23.815,23.585,23.645,11293.0,,,,,,,,,,,,,22.010585130386936,21.4842560855778,21.41235597613559,21.275723038295954,20.62614697422559,20.298424943207515,20.172210522455508,,,,,22.010585130386936,20.62614697422559,,21.545656913596822,,21.039957524326415,"rgba(0, 255, 255, 0.75)",1.3620652476070338,21.69402335691285,1.4323665085169401,72.09220799294906,26.04220737744069,True,False,True,False,False,20.0,21.4727,20.232475,0.0,0.0,0.0,0.0,1.0279498631321138,0.8886327618498778,False,False,False,False,0.32049652341361157,0.3253147333019128,False,False,False,False,152867.0,101252.93573805156,False,False,False,False,8390.02215819978,False,False,False,False
2025-04-16 19:00:00+00:00,23.645,23.74,23.6,23.71,29653.0,,,,,,,,,,,,,22.12495609807837,21.58535332770038,21.501493541819986,21.35425725863257,20.6944732432313,20.362600212697043,20.235057199563464,,,,,22.12495609807837,20.6944732432313,,21.654823427634227,,21.122598697389016,"rgba(0, 255, 255, 0.75)",1.390354319997319,21.778899788466916,1.388926681320204,71.56854615999464,25.503217777531063,True,False,True,False,False,20.0,21.545099999999998,20.261175,0.0,0.0,0.0,0.0,1.0329099307159355,0.8881351039260974,False,False,False,False,0.3156656486931566,0.32049019099753473,False,False,False,False,182520.0,102512.89022273292,False,False,False,False,8719.68072939048,False,False,False,False
2025-04-17 14:00:00+00:00,23.67,23.67,23.06,23.18,5240.0,,,,,,,,,,,,23.30333333333333,22.139023581373664,21.599197458432965,21.51390506005745,21.365427640825235,20.704736079914003,20.37241964680194,20.244731551593286,,,,,22.139023581373664,20.704736079914003,,21.669566910565354,,21.405346794041485,"rgba(38, 166, 154, 1.0)",1.4067929408333164,21.93262991036558,0.8866763924018108,63.837368830287815,18.37796154524213,False,False,True,False,False,15.631155255032013,21.6103,20.286749999999998,0.0,0.0,0.0,0.0,1.017204606853405,0.8871036542016211,False,False,False,False,0.2673109654530216,0.29390057822527815,False,False,False,False,177280.0,103672.0702192797,False,False,False,False,8665.732190950317,False,False,False,False
2025-04-17 15:00:00+00:00,23.18,23.41,23.175,23.285,4385.0,,,,,,,,,,,,23.297258874458876,22.15040823124357,21.610523025377805,21.52408433875614,21.37461379874865,20.713218748339784,20.38054945196935,20.252745507310397,,,,,22.15040823124357,20.713218748339784,,21.681604504498395,,21.412925247025573,"rgba(38, 166, 154, 1.0)",1.4244080736784783,21.939206893867297,0.9448086759696923,59.80890184134981,14.958507048947197,False,True,True,False,False,16.372533163011354,21.6798,20.311575,0.0,0.0,0.0,0.0,1.0211137877284966,0.8938642482641354,False,False,False,False,0.25600187820023396,0.2749512282127561,False,False,False,False,181665.0,104881.26292905831,False,False,False,False,8599.36425000535,False,False,False,False
2025-04-17 16:00:00+00:00,23.285,23.425,23.285,23.405,1465.0,,,,,,,,,,,,23.307088217613465,22.154430731171388,21.61445543777291,21.527615291225192,21.377793345773235,20.716129786981718,20.38333143613544,20.25548526474256,,,,,22.154430731171388,20.716129786981718,,21.685788611387594,,21.417041188926987,"rgba(38, 166, 154, 1.0)",1.4434699184276338,21.9424645784345,1.0132081056172169,58.37092098972033,13.848108069468346,False,True,True,False,False,17.214062149518863,21.7521,20.3378,0.0,0.0,0.0,0.0,1.0293950582220963,0.8925021300766833,False,False,False,False,0.2657471757682147,0.2703492019904854,False,False,False,False,183130.0,106094.42164333648,False,False,False,False,8488.753951555655,False,False,False,False
2025-04-17 17:00:00+00:00,23.395,23.42,23.335,23.38,843.0,,,,,,,,,,,,23.312121288304144,22.156746008059063,21.616718857504697,21.52964830792098,21.379624458921455,20.71780618623442,20.384933485535612,20.25706298155708,,,,,22.156746008059063,20.71780618623442,,21.688196364446362,,21.41933269675468,"rgba(38, 166, 154, 1.0)",1.4606918698818083,21.944315461827735,0.9828798035881671,57.0819300878403,12.67858117276279,False,True,True,False,False,16.933535194414308,21.8285,20.3639,0.0,0.0,0.0,0.0,1.032253481102586,0.8895993179880652,False,False,False,False,0.2692675010469012,0.2698083515186933,False,False,False,False,182287.0,107275.70192793591,False,False,False,False,8370.215130601304,False,False,False,False
2025-04-17 18:00:00+00:00,23.38,23.5,23.365,23.495,2443.0,,,,,,,,,,,,23.33611829901688,22.16381535623155,21.623523392544527,21.535752809197955,21.38511052658366,20.722789076387155,20.389682614300252,20.261735835499668,,,,,22.16381535623155,20.722789076387155,,21.69544338288224,,21.427315988720206,"rgba(38, 166, 154, 1.0)",1.4785216868137085,21.950711705535383,1.0444813276920137,57.50552613986882,12.67858117276279,False,True,True,False,False,17.751014922759662,21.9133,20.390575,0.0,0.0,0.0,0.0,1.033371201363249,0.8873899460380578,False,False,False,False,0.2779004434320658,0.27385439747537954,False,False,False,False,184730.0,108476.54375851054,False,False,False,False,8278.320322374926,False,False,False,False
2025-04-17 19:00:00+00:00,23.495,23.515,23.335,23.345,4242.0,,,,,,,,,,,,23.350293622659077,22.175393260993893,21.634868132436647,21.545959665966492,21.39431633582519,20.73122491285185,20.397746704173198,20.269678086490135,,,,,22.175393260993893,20.73122491285185,,21.707497339850075,,21.43743509017456,"rgba(38, 166, 154, 1.0)",1.491049551747306,21.9595217336353,0.9291966620030228,55.6400160777186,11.03127296564741,False,True,True,False,False,16.04502998650582,21.985599999999998,20.416600000000003,0.0,0.0,0.0,0.0,1.0325686774284908,0.886151231945625,False,False,False,False,0.2767208697886742,0.2752876336320269,False,False,False,False,180488.0,109593.0004444251,False,False,False,False,8215.741712725703,False,False,False,False
2025-04-18 14:00:00+00:00,23.345,23.345,23.345,23.345,0.0,,,,,,,,,,,,23.350293622659077,22.175393260993893,21.634868132436647,21.545959665966492,21.39431633582519,20.73122491285185,20.397746704173198,20.269678086490135,,,,,22.175393260993893,20.73122491285185,,21.707497339850075,,21.43743509017456,"rgba(38, 166, 154, 1.0)",1.5033571830472945,21.9595217336353,0.9215895477057191,54.39634270295179,9.6320960306889,False,True,True,False,False,16.04502998650582,22.0644,20.443975000000002,0.0,0.0,0.0,0.0,1.032166239681184,0.8941076003415889,False,False,False,False,0.26418465503429733,0.2697361443331621,False,False,False,False,180488.0,110692.14772435647,False,False,False,False,8088.365872218327,False,False,False,False
2025-04-18 15:00:00+00:00,23.345,23.345,23.345,23.345,0.0,,,,,,,,,,,,23.350293622659077,22.175393260993893,21.634868132436647,21.545959665966492,21.39431633582519,20.73122491285185,20.397746704173198,20.269678086490135,,,,,22.175393260993893,20.73122491285185,,21.707497339850075,,21.43743509017456,"rgba(38, 166, 154, 1.0)",1.5146695593012858,21.9595217336353,0.9147066156157642,53.56722711977392,8.57693959419663,False,True,True,False,False,16.04502998650582,22.141699999999997,20.470875,0.0,0.0,0.0,0.0,1.031174031174031,0.8943228943228946,False,False,False,False,0.26418465503429733,0.26696039968372975,False,False,False,False,180488.0,111774.25396118815,False,False,False,False,7962.964850943625,False,False,False,False
2025-04-18 16:00:00+00:00,23.345,23.345,23.345,23.345,0.0,,,,,,,,,,,,23.350293622659077,22.175393260993893,21.634868132436647,21.545959665966492,21.39431633582519,20.73122491285185,20.397746704173198,20.269678086490135,,,,,22.175393260993893,20.73122491285185,,21.707497339850075,,21.43743509017456,"rgba(38, 166, 154, 1.0)",1.5266841239806264,21.9595217336353,0.9075081378014525,53.01448339765534,7.734415599191792,False,True,True,False,False,16.04502998650582,22.211299999999998,20.499224999999996,0.0,0.0,0.0,0.0,1.0323554788610871,0.8935864250790916,False,False,False,False,0.26418465503429733,0.26557252735901354,False,False,False,False,180488.0,112839.58335713872,False,False,False,False,7839.50803154915,False,False,False,False
2025-04-18 17:00:00+00:00,23.345,23.345,23.345,23.345,0.0,,,,,,,,,,,,23.350293622659077,22.175393260993893,21.634868132436647,21.545959665966492,21.39431633582519,20.73122491285185,20.397746704173198,20.269678086490135,,,,,22.175393260993893,20.73122491285185,,21.707497339850075,,21.43743509017456,"rgba(38, 166, 154, 1.0)",1.5380778047073602,21.9595217336353,0.9007855533214106,52.64598758290962,7.02851270321198,False,True,True,False,False,16.04502998650582,22.2787,20.526425,0.0,0.0,0.0,0.0,1.0272687923820514,0.896118886163613,False,False,False,False,0.26418465503429733,0.26487859119665547,False,False,False,False,180488.0,113888.39601826834,False,False,False,False,7717.9652713700925,False,False,False,False
2025-04-18 18:00:00+00:00,23.345,23.345,23.345,23.345,0.0,,,,,,,,,,,,23.350293622659077,22.175393260993893,21.634868132436647,21.545959665966492,21.39431633582519,20.73122491285185,20.397746704173198,20.269678086490135,,,,,22.175393260993893,20.73122491285185,,21.707497339850075,,21.43743509017456,"rgba(38, 166, 154, 1.0)",1.5492644055158167,21.9595217336353,0.8942813514801011,52.40032370641247,6.4161736775626395,False,True,True,False,False,16.04502998650582,22.354400000000002,20.553775,0.0,0.0,0.0,0.0,1.0282118055555556,0.8943865740740744,False,False,False,False,0.26418465503429733,0.2645316231154764,False,False,False,False,180488.0,114920.9480179851,False,False,False,False,7598.306895069781,False,False,False,False
2025-04-18 19:00:00+00:00,23.345,23.345,23.345,23.345,0.0,,,,,,,,,,,,23.350293622659077,22.175393260993893,21.634868132436647,21.545959665966492,21.39431633582519,20.73122491285185,20.397746704173198,20.269678086490135,,,,,22.175393260993893,20.73122491285185,,21.707497339850075,,21.43743509017456,"rgba(38, 166, 154, 1.0)",1.5602906203076077,21.9595217336353,0.8879616709427864,52.23654778874771,5.873469257360938,False,True,True,False,False,16.04502998650582,22.429899999999996,20.5805,0.0,0.0,0.0,0.0,1.0300174013921113,0.8919663573085852,False,False,False,False,0.26418465503429733,0.26435813907488687,False,False,False,False,180488.0,115937.4914595667,False,False,False,False,7480.50368739428,False,False,False,False
2025-04-21 14:00:00+00:00,23.52,23.665,23.37,23.435,4322.0,,,,,,,,,,,,23.376614937518163,22.187835896290398,21.646871755332814,21.55675356321898,21.404034658537967,20.74005883390185,20.406168183173918,20.277964740727338,,,,,22.187835896290398,20.74005883390185,,21.720260741540876,,21.449537821087677,"rgba(38, 166, 154, 1.0)",1.5715030763313822,21.970119623271874,0.9321524079659048,54.23172466113243,5.873469257360938,False,True,True,False,True,16.785077435890422,22.507999999999996,20.60625,0.0,0.0,0.0,0.0,1.0300762699669015,0.8832925600805875,False,False,False,False,0.29132265106825994,0.27784039507157343,False,False,False,False,184810.0,117005.28228965093,False,False,False,False,7431.534637977315,False,False,False,False
2025-04-21 15:00:00+00:00,23.435,23.45,23.26,23.29,2490.0,,,,,,,,,,,,23.37237698256652,22.194048354402447,21.65313519130328,21.56241837259115,21.409175342456955,20.744834124870035,20.41075376278467,20.28248761755741,,,,,22.194048354402447,20.744834124870035,,21.72688773980939,,21.45365371856656,"rgba(38, 166, 154, 1.0)",1.5788246512134776,21.9741021300605,0.8334667620803264,51.83170577860847,5.261594815722049,False,True,False,False,False,14.92924187335296,22.588999999999995,20.630499999999998,0.0,0.0,0.0,0.0,1.0267087880528434,0.8915852958070078,False,False,False,False,0.2657471757682147,0.2717937854198941,False,False,False,False,182320.0,118017.91357198193,False,False,False,False,7354.921697853635,False,False,False,False
2025-04-21 16:00:00+00:00,23.285,23.325,23.175,23.195,1341.0,,,,,,,,,,,,23.365328589393997,22.19707018267766,21.65628621068812,21.565279952069695,21.411786863752052,20.747297876050105,20.413131697186746,20.284836902144658,,,,,22.19707018267766,20.747297876050105,,21.73020978274588,,21.45512728424538,"rgba(38, 166, 154, 1.0)",1.5852856706782337,21.975645007523596,0.7691705129427726,48.28634925936541,1.9217006151619813,False,True,False,True,False,13.729834776579757,22.6655,20.651925000000002,0.0,0.0,0.0,0.0,1.0279780790308621,0.8964522642053652,False,False,False,False,0.24940226062778706,0.26059802302384055,False,False,False,False,180979.0,118994.05444683491,False,False,False,False,7261.682601762881,False,False,False,False
2025-04-21 17:00:00+00:00,23.195,23.235,23.13,23.15,2914.0,,,,,,,,,,,,23.34631794958172,22.20319901923336,21.662831073069505,21.57124180051395,21.41724974398634,20.752505933876265,20.418175460007223,20.289825348688872,,,,,22.20319901923336,20.752505933876265,,21.737091812158386,,21.457668291119653,"rgba(38, 166, 154, 1.0)",1.5913400296888687,21.97839568113584,0.7362375714844709,45.071070997054846,-0.9859679911922683,False,True,False,True,False,13.161495768880158,22.733199999999997,20.673275,0.0,0.0,0.0,0.0,1.0216606498194942,0.8996389891696753,False,False,False,False,0.2389638552586128,0.24978093914122668,False,False,False,False,178065.0,119909.88306006228,False,False,False,False,7194.276669952604,False,False,False,False
2025-04-21 18:00:00+00:00,23.135,23.38,23.085,23.33,4982.0,,,,,,,,,,,,23.334631734310246,22.214493496113757,21.674574808513384,21.58192126404123,21.427004072828428,20.761699927553217,20.427046929174647,20.29858909169528,,,,,22.214493496113757,20.761699927553217,,21.749462553183186,,21.464995165528773,"rgba(38, 166, 154, 1.0)",1.597688222920147,21.985440249356394,0.8415657894668014,47.39054308096725,-0.9859679911922683,False,True,False,True,True,14.737010186972917,22.801800000000004,20.695925000000003,0.0,0.0,0.0,0.0,1.0175337740730095,0.8982466225926994,False,False,False,False,0.2466909765173179,0.24823595782927227,False,False,False,False,183047.0,120888.75309013882,False,False,False,False,7159.977806852563,False,False,False,False
2025-04-21 19:00:00+00:00,23.33,23.58,23.33,23.54,20261.0,,,,,,,,,,,,23.389482504369354,22.267106689833863,21.726932295439287,21.629458677400404,21.470223474533924,20.80160889205725,20.465295627626165,20.336288733126747,,,,,22.267106689833863,20.80160889205725,,21.80473422468783,,21.510799611798376,"rgba(38, 166, 154, 1.0)",1.6053971415142303,22.02884952598879,0.941293861147575,52.496806592617176,-2.232820646203649,False,True,True,False,True,16.511028521944212,22.864500000000003,20.72045,0.0,0.0,0.0,0.0,1.0221967635686666,0.8951739939853935,False,False,False,False,0.2814437074947688,0.26483983266202055,False,False,False,False,203308.0,122166.57087168706,False,False,False,False,7363.094430002136,False,False,False,False
2025-04-22 14:00:00+00:00,23.5,23.72,23.49,23.685,17568.0,,,,,,,,,,,,23.448171140476713,22.31446556628934,21.773569034713976,21.671941744406816,21.508908952694153,20.837140144368668,20.499286206760303,20.36976942165871,,,,,22.31446556628934,20.837140144368668,,21.853873478219814,,21.552906526421086,"rgba(38, 166, 154, 1.0)",1.61552365649184,22.206965088934687,0.914895244725113,57.733699632890605,2.3396051208210125,False,True,True,False,True,17.69949922104035,22.9316,20.74545,0.0,0.0,0.0,0.0,1.0247933884297522,0.8915645483043606,False,False,False,False,0.3052471594436674,0.28504349605284396,False,False,False,False,220876.0,123696.94961786245,False,False,False,False,7521.31002023466,False,False,False,False
2025-04-22 15:00:00+00:00,23.68,23.69,23.445,23.47,11767.0,,,,,,,,,,,,23.460296452772862,22.342193792148773,21.801989963589552,21.69804819711839,21.532910053389436,20.8596380037159,20.52095773451039,20.391163448730243,,,,,22.342193792148773,20.8596380037159,,21.883624059162827,,21.57589970574694,"rgba(38, 166, 154, 1.0)",1.6220221280191784,22.22595604842723,0.7669710111119157,56.736978831340124,2.3396051208210125,False,True,True,False,True,14.934560607082371,22.993000000000002,20.768399999999996,0.0,0.0,0.0,0.0,1.0275085518814138,0.8940992018244017,False,False,False,False,0.2992657356733294,0.29215461586308666,False,False,False,False,209109.0,125021.16745324443,False,False,False,False,7587.134671083735,False,False,False,False
2025-04-22 16:00:00+00:00,23.47,23.525,23.105,23.275,5916.0,,,,,,,,,,,,23.449889885671826,22.35302894022025,21.81405764555568,21.709266728157463,21.543381913295956,20.869833725131524,20.53090241175242,20.401020439824023,,,,,22.35302894022025,20.869833725131524,,21.89612952257723,,21.583922711201144,"rgba(38, 166, 154, 0.5)",1.6254062472097701,22.230101167084015,0.6428539540251512,53.0132967919082,2.3396051208210125,False,True,True,False,False,12.518661201439546,23.037299999999995,20.790425,0.0,0.0,0.0,0.0,1.0115024140869069,0.9051405850610625,False,False,False,False,0.2595046150903681,0.27582961547672735,False,False,False,False,203193.0,126233.13384931815,False,False,False,False,7561.22560641577,False,False,False,False
2025-04-22 17:00:00+00:00,23.275,23.325,23.1,23.105,3987.0,,,,,,,,,,,,23.43832158103774,22.359249990527793,21.82140729627339,21.71615259721153,21.549872834459524,20.876306360450727,20.537263902474525,20.40734118602576,,,,,22.359249990527793,20.876306360450727,,21.903695190111012,,21.588239468557624,"rgba(38, 166, 154, 0.5)",1.6157561557843545,22.231476369409034,0.5406283785234427,48.386117935580316,4.871334951075397,False,True,False,True,False,10.476053677743725,23.079199999999997,20.811625,0.0,0.0,0.0,0.0,1.0072474065652977,0.9170100895267873,False,False,False,False,0.24359671082422743,0.2597131631504774,False,False,False,False,199206.0,127364.49611522019,False,False,False,False,7505.811255928704,False,False,False,False
2025-04-22 18:00:00+00:00,23.105,23.185,23.055,23.11,15751.0,,,,,,,,,,,,23.392228742293426,22.381195959365556,21.84843175720903,21.7416433246706,21.574091634412316,20.900867990664782,20.56153464117259,20.431497892624115,,,,,22.381195959365556,20.900867990664782,,21.931361245298607,,21.60393649280155,"rgba(38, 166, 154, 0.5)",1.6047567327078738,22.23745139281908,0.5437264037575205,45.395688378994485,2.202043869645287,False,True,False,True,False,10.521218061995889,23.115,20.833450000000003,0.0,0.0,0.0,0.0,1.0036994877632326,0.9210301650540696,False,False,False,False,0.22934407009501262,0.244528616622745,False,False,False,False,214957.0,128722.51943126328,False,False,False,False,7633.643639557717,False,False,False,False
2025-04-22 19:00:00+00:00,23.11,23.14,22.97,23.025,27780.0,,,,,,,,,,,,23.322176275929515,22.413468914747813,21.89090033541498,21.782181102279925,21.6131279734496,20.94154018910351,20.602075963167835,20.47195988006076,,,,,22.413468914747813,20.94154018910351,,21.974427475142313,,21.629678829269245,"rgba(38, 166, 154, 0.5)",1.5898436038443415,22.250125029652537,0.48739068954566683,42.32897648157274,-0.6247224335606489,False,True,False,True,False,9.4952582348869,23.145699999999998,20.855300000000003,0.0,0.0,0.0,0.0,1.0007099247479765,0.9207723981257989,False,False,False,False,0.2193835298258853,0.23195607322431516,False,False,False,False,187177.0,129628.79044783284,False,False,False,False,7945.990249797132,False,False,False,False
2025-04-23 14:00:00+00:00,22.48,22.89,22.415,22.89,3726.0,,,,,,,,,,,22.731666666666662,23.306618418974754,22.415530416709412,21.894883733152938,21.786125563376334,21.617095336462032,20.94608312815222,20.606728573609242,20.47664247047358,,,,,22.415530416709412,20.94608312815222,,21.978334889019987,,21.75348603417524,"rgba(38, 166, 154, 0.5)",1.5749337695212635,22.321034675232017,0.361263016755894,38.74797859904426,-3.975907390932832,False,True,False,True,False,7.88381512332635,23.168000000000003,20.876800000000003,0.0,0.0,0.0,0.0,0.9883655733109054,0.9241659657975895,False,False,True,False,0.15857150522824173,0.19526378922627846,False,False,False,False,183451.0,130463.24330910675,False,False,False,False,7880.564044373919,False,False,False,False
2025-04-23 15:00:00+00:00,22.89,22.965,22.625,22.8,4759.0,,,,,,,,,,,22.76812335494009,23.290016782732028,22.418658374089173,21.90030790056079,21.791459254321854,21.62241500979074,20.95206213868451,20.612822469831407,20.482766700798035,,,,,22.418658374089173,20.95206213868451,,21.98369292596317,,21.759847998416515,"rgba(38, 166, 154, 0.5)",1.5552541636380826,22.322881715448567,0.3067783361115388,35.44269100343232,-7.094630515284457,False,True,False,True,False,6.822273932155362,23.186700000000002,20.897425,0.0,0.0,0.0,0.0,0.9953981313624318,0.9213498814670203,False,False,False,False,0.17994612608777585,0.18760495765702717,False,False,False,False,178692.0,131210.97597098106,False,False,False,False,7832.16770260068,False,False,False,False
2025-04-23 16:00:00+00:00,22.8,22.925,22.79,22.82,2414.0,,,,,,,,,,,22.78515062543964,23.282787311457465,22.42042585882178,21.903181457918294,21.794272356995165,21.62520542617702,20.955159325320984,20.615968775618406,20.4859255014443,,,,,22.42042585882178,20.955159325320984,,21.986544048378136,,21.76311962657701,"rgba(38, 166, 154, 0.5)",1.5321810750844445,22.324101389041918,0.32365535576841126,33.74520836584058,-8.80147076676176,False,True,False,True,False,7.019703222406086,23.200899999999997,20.91745,0.0,0.0,0.0,0.0,0.9988690981057392,0.9294599943454908,False,False,False,False,0.18937139869142344,0.1884881781742253,False,False,False,False,181106.0,131984.54223499686,False,False,False,False,7748.165102560359,False,False,False,False
2025-04-23 17:00:00+00:00,22.82,22.94,22.78,22.915,2738.0,,,,,,,,,,,22.80385959766322,23.275469755639843,22.4225689197782,21.90653421636325,21.797545544270573,21.628441055160575,20.9587217079825,20.61957985644336,20.489548537325977,,,,,22.4225689197782,20.9587217079825,,21.989879762056006,,21.766918798958613,"rgba(38, 166, 154, 0.5)",1.5077577230282815,22.325723951870675,0.39082940125538407,34.98922790793121,-8.80147076676176,False,True,False,True,False,7.960652866488783,23.2128,20.938724999999998,0.0,0.0,0.0,0.0,0.9997174742195224,0.9269670857465746,False,False,False,False,0.18974909126722356,0.18911863472072443,False,False,False,False,183844.0,132788.56483600466,False,False,False,False,7670.48812422609,False,False,False,False
2025-04-23 18:00:00+00:00,22.91,22.97,22.79,22.93,4408.0,,,,,,,,,,,22.826530340814628,23.26474840869301,22.426114381657495,21.911984688655018,21.802862522104114,21.633691140852488,20.964483775751525,20.625416293072806,20.495402978080232,,,,,22.426114381657495,20.964483775751525,,21.99530766977955,,21.77235939218681,"rgba(38, 166, 154, 0.5)",1.4763238066163054,22.32816401545285,0.4076585244036285,36.19062524067796,-8.80147076676176,False,True,False,True,False,8.10982484068272,23.227899999999998,20.958925,0.0,0.0,0.0,0.0,0.9963354474982381,0.9289640591966181,False,False,False,False,0.1927725680110603,0.19094560136589236,False,False,False,False,188252.0,133648.4630556015,False,False,False,False,7619.906912997778,False,False,False,False
2025-04-23 19:00:00+00:00,22.925,23.015,22.805,22.905,18200.0,,,,,,,,,,,22.867606750356373,23.22745578027925,22.44055787236657,21.934126932183247,21.824510014152228,21.655111542624915,20.98805761491822,20.649322806565316,20.519392588287175,,,,,22.44055787236657,20.98805761491822,,22.017328667733008,,21.789571322414808,"rgba(38, 166, 154, 0.5)",1.4342396045442751,22.336397967676135,0.396448425020684,36.574898399790044,-8.80147076676176,False,True,False,True,False,7.796501950590841,23.242199999999997,20.978025000000002,0.0,0.0,0.0,0.0,0.9953632148377124,0.9293241534354368,False,False,False,False,0.19731433754633007,0.19412996945611122,False,False,False,False,170052.0,134212.85897722008,False,False,False,False,7783.939363959053,False,False,False,False
2025-04-24 14:00:00+00:00,22.87,23.255,22.86,23.2,3430.0,,,,,,,,,,,22.888129972694813,23.22508774402574,22.44428748013035,21.939010392917197,21.82921826313969,21.659688990055276,20.99288495580713,20.654159670428363,20.524228192444895,,,,,22.44428748013035,20.99288495580713,,22.022250250979177,,21.795188406849274,"rgba(38, 166, 154, 0.5)",1.4043682559066457,22.340319539588037,0.6121474597536819,43.11087816900147,-13.572566200928016,False,True,False,True,True,10.714652439603544,23.2598,20.998825,0.0,0.0,0.0,0.0,0.9981851179673322,0.9236353483177444,False,False,False,False,0.219765824296177,0.20694789687614412,False,False,False,False,173482.0,134821.6828690461,False,False,False,False,7716.436428083718,False,False,False,False
2025-04-24 15:00:00+00:00,23.22,23.245,23.04,23.07,3438.0,,,,,,,,,,,22.90648729308252,23.223057869218145,22.448058602276525,21.94392004359276,21.833951835585847,21.664290260888762,20.99773191907856,20.659015004155084,20.529081905914623,,,,,22.448058602276525,20.99773191907856,,22.027199019264074,,21.80062163708809,"rgba(38, 166, 154, 0.5)",1.3621474434354501,22.344200454014512,0.532834789275793,45.038724015229306,-11.64676230696918,False,True,False,True,True,9.073050444318497,23.273400000000002,21.022675,0.0,0.0,0.0,0.0,1.0051546391752575,0.9211479520757874,False,False,False,False,0.23280230073336125,0.2198750988047527,False,False,False,False,170044.0,135367.76530518493,False,False,False,False,7650.10408036149,False,False,False,False
2025-04-24 16:00:00+00:00,23.07,23.255,23.07,23.225,1437.0,,,,,,,,,,,22.91541720912832,23.222744645087893,22.449774009740107,21.94607297325393,21.836019675675367,21.666290477962036,20.999813183533806,20.66109223741573,20.531156055177092,,,,,22.449774009740107,20.999813183533806,,22.029376699095298,,21.803153385219364,"rgba(38, 166, 154, 1.0)",1.3201254786115426,22.34609345440634,0.6657750038413484,48.848868248268396,-7.9515198937982134,False,True,False,False,True,10.574236923400594,23.270500000000002,21.0477,0.0,0.0,0.0,0.0,1.0144136579904839,0.9199552197033309,False,False,False,False,0.23588087981842568,0.2278779893115892,False,False,False,False,171481.0,135927.66041673243,False,False,False,False,7553.776885317126,False,False,False,False
2025-04-24 17:00:00+00:00,23.225,23.365,23.225,23.335,2870.0,,,,,,,,,,,22.939197666244905,23.22407158715839,22.453755944868462,21.950782690784912,21.840512097155727,21.670597489392396,21.004195360523248,20.665435805171672,20.535483677955963,,,,,22.453755944868462,21.004195360523248,,22.03417001403369,,21.809336924361745,"rgba(38, 166, 154, 1.0)",1.2872428458314378,22.350976089520664,0.7644430991913962,52.92434793313912,-4.085109816447506,False,False,True,False,True,11.619349955311964,23.271,21.073025,0.0,0.0,0.0,0.0,1.0161019322318674,0.9186502380285638,False,False,False,False,0.2563907662436285,0.24213437777760885,False,False,False,False,174351.0,136523.3711079459,False,False,False,False,7481.160189420736,False,False,False,False
2025-04-24 18:00:00+00:00,23.335,23.37,23.255,23.305,1923.0,,,,,,,,,,,22.953648609394104,23.22495503635586,22.456408542145265,21.953924039476547,21.843510269321683,21.673473642019736,21.007124392490937,20.66834001111695,20.538377536209868,,,,,22.456408542145265,21.007124392490937,,22.037365825234453,,21.81330689761455,"rgba(38, 166, 154, 1.0)",1.254685675435971,22.354142991837943,0.7578447947384579,55.00117075509281,-2.069395515518522,False,False,True,False,True,11.23006742761568,23.2718,21.0982,0.0,0.0,0.0,0.0,1.0193439865433134,0.9158957106812453,False,False,False,False,0.2591151158477838,0.2506247468126963,False,False,False,False,172428.0,137080.03202100098,False,False,False,False,7394.9871632281665,False,False,False,False
2025-04-24 19:00:00+00:00,23.305,23.48,23.295,23.385,19106.0,,,,,,,,,,,23.074515868262015,23.239942775185224,22.484186598733015,21.986084794768548,21.874170493534184,21.70282432743042,21.03678217035958,20.697679498086643,20.567591275580188,,,,,22.484186598733015,21.03678217035958,,22.070130921892968,,21.851530866882204,"rgba(38, 166, 154, 1.0)",1.2070332440543325,22.386243943688484,0.8274470162534812,57.55936656069463,0.4766939068917537,True,False,True,False,True,12.00049143878719,23.2767,21.126199999999997,0.0,0.0,0.0,0.0,1.0202853945159485,0.912003357582541,False,False,False,False,0.27083417958482314,0.2607294631987597,False,False,False,False,191534.0,137924.27958656684,False,False,False,False,7576.553253720753,False,False,False,False
2025-04-25 14:00:00+00:00,23.185,23.33,23.185,23.3,2551.0,,,,,,,,,,,23.08159941314554,23.24033055099019,22.48731376217911,21.98992627685526,21.877867975975263,21.706404794154516,21.04049511805903,20.70138351129732,20.571289286799868,,,,,22.48731376217911,21.04049511805903,,22.07401398312886,,21.85517896549512,"rgba(38, 166, 154, 1.0)",1.1548497542775977,22.389281869258596,0.7886031298600338,57.313246969484965,0.48152117747064693,True,False,True,False,True,10.875661645235454,23.281,21.154525,0.0,0.0,0.0,0.0,1.016317991631799,0.9135285913528597,False,False,False,False,0.25056533800988656,0.2556474006043231,False,False,False,False,188983.0,138715.88765499217,False,False,False,False,7498.6376993995,False,False,False,False
2025-04-25 15:00:00+00:00,23.3,23.49,23.3,23.405,6302.0,,,,,,,,,,,23.107420959354222,23.244961891295617,22.496164243589288,22.000246784742256,21.887741463372745,21.71589047707163,21.050132673624383,20.710937083635233,20.580808151965325,,,,,22.496164243589288,21.050132673624383,,22.08450323924768,,21.866033747627856,"rgba(38, 166, 154, 1.0)",1.0971459822222285,22.398719443920864,0.917180186032266,58.80293611008585,2.256116427236698,True,False,True,False,True,11.903942212525536,23.293899999999997,21.1818,0.0,0.0,0.0,0.0,1.023417897964873,0.907443546138835,False,False,False,False,0.2720100404546521,0.2638287205294876,False,False,False,False,195285.0,139592.92815646515,False,False,False,False,7480.085176928189,False,False,False,False
2025-04-25 16:00:00+00:00,23.405,23.47,23.325,23.47,5863.0,,,,,,,,,,,23.129574781057737,23.249652694140835,22.504454169442084,22.009871459803172,21.896952826104616,21.724741445406448,21.059116790100806,20.71984121817333,20.589679413637224,,,,,22.504454169442084,21.059116790100806,,22.094284379323806,,21.875987199762918,"rgba(0, 255, 255, 0.75)",1.0211938473541373,22.407487062724677,1.0404615539236166,60.739930410497834,4.443623994787153,True,False,True,False,True,12.536662700375423,23.2988,21.204349999999998,0.0,0.0,0.0,0.0,1.0219625510347738,0.915528649866254,False,False,False,False,0.2724021571341544,0.268115438831821,False,False,False,False,201148.0,140547.2703555897,False,False,False,False,7455.014088913798,False,False,False,False
2025-04-25 17:00:00+00:00,23.47,23.605,23.44,23.45,2599.0,,,,,,,,,,,23.140749673522688,23.25254501531214,22.508384888902416,22.014325828616247,21.90120436418959,21.728811601125972,21.06320613796587,20.723881104588667,20.593700222734366,,,,,22.508384888902416,21.06320613796587,,22.098822412492325,,21.880756537439773,"rgba(0, 255, 255, 0.75)",0.9421283026949192,22.411773867698706,1.1020007883549303,61.49268730789845,5.533285950044757,True,False,True,False,True,12.261920733386258,23.3034,21.2269,0.0,0.0,0.0,0.0,1.0208128252003934,0.9136549008578259,False,False,False,False,0.29211533734469225,0.28011538808825664,False,False,False,False,198549.0,141446.52197798365,False,False,False,False,7379.7270487756,False,False,False,False
2025-04-25 18:00:00+00:00,23.45,23.525,23.295,23.32,2559.0,,,,,,,,,,,23.147681521234556,23.253988061528474,22.51176584348167,22.01833802124292,21.905059945905705,21.732534127340017,21.067024163259948,20.727678188626832,20.597487460225057,,,,,22.51176584348167,21.067024163259948,,22.102886648014056,,21.88461748142724,"rgba(0, 255, 255, 0.75)",0.8718884185573773,22.415162546825762,1.037790425833822,58.74828279914147,5.533285950044757,True,False,True,False,False,10.482416242788204,23.3048,21.248525,0.0,0.0,0.0,0.0,1.0187780269058293,0.9135369955156952,False,False,False,False,0.27436397003210494,0.27723967906018077,False,False,False,False,195990.0,142292.15729615442,False,False,False,False,7304.987094531017,False,False,False,False
2025-04-25 19:00:00+00:00,23.32,23.515,23.295,23.36,9540.0,,,,,,,,,,,23.171303505921543,23.25949644110488,22.52428478823685,22.033198374168386,21.91935440959427,21.74634843053676,21.081208668085047,20.74179163054754,20.611566492232743,,,,,22.52428478823685,21.081208668085047,,22.11793047985079,,21.89872808226978,"rgba(0, 255, 255, 0.75)",0.7999919650497831,22.427624120677287,1.1654815548862314,57.71004413888129,5.533285950044757,True,False,True,False,False,10.892876557313688,23.306499999999996,21.270875,0.0,0.0,0.0,0.0,1.0238663484486867,0.9136599747297488,False,False,False,False,0.2735789983869265,0.27540933872355366,False,False,False,False,205530.0,143272.58896598147,False,False,False,False,7339.638457406505,False,False,False,False
2025-04-28 14:00:00+00:00,23.24,23.58,23.175,23.58,3110.0,,,,,,,,,,,23.179733443593832,23.26191365344059,22.52854352949692,22.038167003325086,21.924127106749577,21.750951232730145,21.085904656261224,20.746455152705288,20.616215812829388,,,,,22.52854352949692,21.085904656261224,,22.122967755728567,,21.903556843459118,"rgba(0, 255, 0, 1.0)",0.7463220810405634,22.537839414650158,1.3963952183979373,60.5543070622044,5.533285950044757,True,False,True,False,True,13.102915303111654,23.313500000000005,21.294,0.0,0.0,0.0,0.0,1.0206099429048878,0.9075337696699626,False,False,False,False,0.2692675010469008,0.2723384198852272,False,False,False,False,208640.0,144286.037199067,False,False,False,False,7274.062667369195,False,False,False,False
2025-04-28 15:00:00+00:00,23.58,23.585,23.39,23.44,4903.0,,,,,,,,,,,23.193252547004672,23.266135874392205,22.53537116577854,22.046076685708105,21.93172191587533,21.75827066271053,21.093353492128692,20.75384706239666,20.623583490902064,,,,,22.53537116577854,21.093353492128692,,22.130990582748545,,21.91129032187742,"rgba(0, 255, 0, 1.0)",0.680549407093683,22.54540246559002,1.3145225388269772,59.2228988673638,5.533285950044757,True,False,True,False,True,11.173843728632018,23.3172,21.315899999999996,0.0,0.0,0.0,0.0,1.0264697687378097,0.9101421008637505,False,False,False,False,0.28657396483862413,0.27945619236192565,False,False,False,False,203737.0,145207.75755256985,False,False,False,False,7237.302005859596,False,False,False,False
2025-04-28 16:00:00+00:00,23.44,23.56,23.425,23.55,5183.0,,,,,,,,,,,23.208112579799927,23.271251675001473,22.542785832905953,22.054575678035345,21.939876260332937,21.766119748009842,21.101308893794418,20.761731997606653,20.631439500573457,,,,,22.542785832905953,21.101308893794418,,22.139618403734357,,21.919689129562222,"rgba(0, 255, 0, 1.0)",0.6100823456456806,22.55383051830494,1.6328443017651382,59.992101553101335,5.533285950044757,True,False,True,False,True,12.27497097004628,23.319200000000002,21.338525,0.0,0.0,0.0,0.0,1.0327984234234229,0.9131475225225225,False,False,False,False,0.28736453399009476,0.2834103631760102,False,False,False,False,208920.0,146195.54425718117,False,False,False,False,7205.452362357897,False,False,False,False
2025-04-28 17:00:00+00:00,23.55,23.635,23.48,23.54,2478.0,,,,,,,,,,,23.215610814095843,23.274017496304907,22.546435861384943,22.058714919998046,21.943843655736675,21.769933056163875,21.105156730624216,20.765540490489784,20.63523234131248,,,,,22.546435861384943,21.105156730624216,,22.143824540335515,,21.92383170734564,"rgba(0, 255, 0, 1.0)",0.5655667650824547,22.558113579398817,1.7361105376445365,60.267667174239975,5.533285950044757,True,False,True,False,True,12.135522006006905,23.3138,21.361124999999998,0.0,0.0,0.0,0.0,1.032689868958715,0.903762153022404,False,False,False,False,0.2976742115505848,0.2905422873632975,False,False,False,False,206442.0,147129.5978345892,False,False,False,False,7132.158527282581,False,False,False,False
2025-04-28 18:00:00+00:00,23.54,23.6,23.51,23.52,2045.0,,,,,,,,,,,23.22140923038766,23.27619197933241,22.549403453022656,22.062094709527166,21.947086223447055,21.773053128471787,21.10831233005775,20.76866629634094,20.63834609467513,,,,,22.549403453022656,21.10831233005775,,22.14725644472371,,21.927173716140285,"rgba(0, 255, 0, 1.0)",0.5121200239387106,22.561369553682013,1.8718862795974431,59.93715312535246,5.545618521582043,True,False,True,False,True,11.85231051163682,23.308000000000003,21.383474999999997,0.0,0.0,0.0,0.0,1.0308711587256834,0.9049901325063436,False,False,False,False,0.29727655960449906,0.29390942348389826,False,False,False,False,204397.0,148017.46453482812,False,False,False,False,7053.287852440991,False,False,False,False
2025-04-28 19:00:00+00:00,23.535,23.67,23.49,23.65,11862.0,,,,,,,,,,,23.256957264890197,23.29082777968452,22.56729282067059,22.082181565577763,21.966335758990233,21.791542854133734,21.12690352650939,20.787048742032646,20.656647027929246,,,,,22.56729282067059,21.12690352650939,,22.16767732915583,,21.947304148935366,"rgba(0, 255, 0, 1.0)",0.4697028771392177,22.581654550160955,2.274513318602455,61.840714349308485,7.666417921806243,True,False,True,False,True,13.184903340706661,23.3098,21.406549999999996,0.0,0.0,0.0,0.0,1.0311004784688989,0.9027582324795945,False,False,False,False,0.30125721443298153,0.2975833189584399,False,False,False,False,216259.0,149075.4728366137,False,False,False,False,7127.841529147332,False,False,False,False
2025-04-29 14:00:00+00:00,23.66,23.875,23.635,23.855,11897.0,,,,,,,,,,,23.30232640309265,23.312192442913968,22.587731915827625,22.10419557950211,21.987329474467174,21.811571280226733,21.146645662778067,20.806442968014764,20.675914643164848,,,,,22.587731915827625,21.146645662778067,,22.190157231127852,,21.970483374443106,"rgba(0, 255, 0, 1.0)",0.43397375060743254,22.607148676857115,2.875407375207071,65.59757384462722,11.353595757504827,True,False,True,False,True,15.214999806716772,23.313999999999997,21.430625,0.0,0.0,0.0,0.0,1.0354888483658293,0.8970402581007154,False,False,False,False,0.3293910264793875,0.3134871727189137,False,False,False,False,228156.0,150301.5275213174,False,False,False,False,7201.7819705559,False,False,False,False
2025-04-29 15:00:00+00:00,23.86,23.865,23.68,23.73,6599.0,,,,,,,,,,,23.322945765383032,23.322572202028176,22.59850072235365,22.115949880400116,21.99857642688203,21.82234233724377,21.157347486290927,20.81698567895436,20.686398050019598,,,,,22.59850072235365,21.157347486290927,,22.20213043718047,,21.982402061061737,"rgba(0, 255, 0, 1.0)",0.40539901376350923,22.619180222153325,2.7400653186953123,64.94115264600151,11.353595757504827,True,False,True,False,True,13.408466160410736,23.3144,21.454449999999998,0.0,0.0,0.0,0.0,1.0360990625437243,0.897299566251574,False,False,False,False,0.33223161835973397,0.32285939553932386,False,False,False,False,221557.0,151406.2635287388,False,False,False,False,7192.4365136480565,False,False,False,False
2025-04-29 16:00:00+00:00,23.72,23.825,23.69,23.805,3153.0,,,,,,,,,,,23.332470504986816,23.32752791822123,22.60364205404515,22.121558060252227,22.003945314024122,21.827486325706165,21.162459221161374,20.822021994636653,20.691406219502202,,,,,22.60364205404515,21.162459221161374,,22.207841438901113,,21.988057512503993,"rgba(0, 255, 0, 1.0)",0.3788293965781657,22.624847808836137,3.1152603304383653,65.47955375511512,11.44672786691094,True,False,True,False,True,14.154436219018805,23.326900000000002,21.475975,0.0,0.0,0.0,0.0,1.0405955892681555,0.8990026689141736,False,False,False,False,0.3297965103256272,0.3263279529324755,False,False,False,False,224710.0,152542.75556705293,False,False,False,False,7129.809590955839,False,False,False,False
2025-04-29 17:00:00+00:00,23.805,23.9,23.78,23.79,2399.0,,,,,,,,,,,23.34024372024045,23.331640928020544,22.60768978981845,22.12592815380794,22.008123411173276,21.831482163800278,21.166409414260862,20.825907184163437,20.695267520451704,,,,,22.60768978981845,21.166409414260862,,22.212296889801436,,21.992521365081885,"rgba(0, 255, 0, 1.0)",0.3599908907757345,22.629434947541682,3.2238733873444607,65.44378605497006,11.665740565049333,True,False,True,False,True,13.93461221588202,23.337,21.496950000000002,0.0,0.0,0.0,0.0,1.0414325842696626,0.8941011235955056,False,False,False,False,0.3428282380653365,0.33457809549890605,False,False,False,False,222311.0,153624.43377531564,False,False,False,False,7056.463705824741,False,False,False,False
2025-04-29 18:00:00+00:00,23.79,23.83,23.695,23.75,3432.0,,,,,,,,,,,23.349505574776448,23.3366453820243,22.613126836611293,22.131903195909707,22.013854484206455,21.836985217183383,21.171902443457405,20.831327714106145,20.70066051583913,,,,,22.613126836611293,21.171902443457405,,22.218372830020154,,21.998434596012697,"rgba(0, 255, 0, 1.0)",0.34674221283574264,22.635185432875197,3.21511060913979,64.31583172130922,11.665740565049333,True,False,True,False,True,13.341903161043103,23.343899999999998,21.517875,0.0,0.0,0.0,0.0,1.039971850809289,0.8976776917663617,False,False,False,False,0.33020903867717233,0.3323935670880392,False,False,False,False,218879.0,154636.13247647355,False,False,False,False,7000.270470075519,False,False,False,False
2025-04-29 19:00:00+00:00,23.755,23.81,23.62,23.645,9535.0,,,,,,,,,,,23.369343382443848,23.347848627861104,22.62710234422776,22.147605054068023,22.028980670970622,21.85158565626093,21.186651810452727,20.84594211254696,20.71521997516863,,,,,22.62710234422776,21.186651810452727,,22.234285401433674,,22.013364403777846,"rgba(0, 255, 0, 1.0)",0.3238373799435664,22.648790759387094,3.0762638975973395,60.87137789018611,14.520529597810878,True,False,True,False,False,11.792528955816131,23.3492,21.539175,0.0,0.0,0.0,0.0,1.0334928229665068,0.9019138755980861,False,False,False,False,0.3225247928738862,0.3274591799809627,False,False,False,False,209344.0,155484.31646908633,False,False,False,False,7039.56860232241,False,False,False,False
2025-04-30 14:00:00+00:00,23.93,24.04,23.76,23.875,3556.0,,,,,,,,,,,23.380398238252532,23.354174244604945,22.633183970195894,22.15412836001642,22.035222459796632,21.857557547504523,21.19254400601776,20.85173464359624,20.720976002802065,,,,,22.633183970195894,21.19254400601776,,22.240934589842553,,22.019991052531893,"rgba(0, 255, 0, 1.0)",0.303126248488295,22.65562551617839,4.022662141278391,62.30018187480428,14.520529597810878,True,False,True,False,False,14.176882796437098,23.3568,21.560975,0.0,0.0,0.0,0.0,1.0299091544374561,0.8960167714884696,False,False,False,False,0.3428282382790627,0.3351437091300127,False,False,False,False,212900.0,156374.4821052245,False,False,False,False,6985.559786782527,False,False,False,False
2025-04-30 15:00:00+00:00,23.875,23.97,23.84,23.9,2985.0,,,,,,,,,,,23.389526666666665,23.359484435114908,22.638290976947008,22.15960315413178,22.040462501554416,21.862572181473585,21.197491582028384,20.85659865925293,20.72580940251786,,,,,22.638290976947008,21.197491582028384,,22.246514200537618,,22.025537728854168,"rgba(0, 255, 0, 1.0)",0.2865126917303793,22.661329019443762,4.323267402485188,63.58766530526421,14.520529597810878,True,False,True,False,True,14.430304484031009,23.3679,21.583524999999998,0.0,0.0,0.0,0.0,1.0312980299007957,0.8980019561268688,False,False,False,False,0.3428282382966213,0.33898597371331696,False,False,False,False,215885.0,157297.1257935156,False,False,False,False,6923.535604041713,False,False,False,False
2025-04-30 16:00:00+00:00,23.915,23.975,23.88,23.925,5690.0,,,,,,,,,,,23.406824343954572,23.369749703391044,22.648090527630032,22.17008321503047,22.050494161401975,21.872171804851945,21.20695368593758,20.865898295045106,20.7350496260102,,,,,22.648090527630032,21.20695368593758,,22.25719529126622,,22.03614615147255,"rgba(0, 255, 0, 1.0)",0.2714435385023177,22.672240879382777,4.6151738498889605,64.80043616559868,11.12036804486084,True,False,True,False,True,14.686730391582852,23.379499999999997,21.605700000000002,0.0,0.0,0.0,0.0,1.0390559145827476,0.8946333239674065,False,False,False,False,0.34282823837516435,0.3409071060442407,False,False,False,False,221575.0,158293.6819827634,False,False,False,False,6904.411021033314,False,False,False,False
2025-04-30 17:00:00+00:00,23.915,24.07,23.89,24.045,4286.0,,,,,,,,,,,23.420911815194646,23.378248685434077,22.65580142846953,22.1782291779082,22.058279603977972,21.879605801445475,21.214233172183352,20.873036878164662,20.742137417783745,,,,,22.65580142846953,21.214233172183352,,22.265509022252072,,22.044498220062408,"rgba(0, 255, 0, 1.0)",0.28239918076609555,22.681007997114833,4.830014021941979,67.19386934939033,13.435203456304173,True,False,True,False,True,15.911970429643624,23.393500000000003,21.62815,0.0,0.0,0.0,0.0,1.0384128324187416,0.8936260025327142,False,False,False,False,0.34282823855548816,0.3418676722998644,False,False,False,False,225861.0,159341.23730086008,False,False,False,False,6863.815501327371,False,False,False,False
2025-04-30 18:00:00+00:00,24.045,24.12,24.005,24.07,7358.0,,,,,,,,,,,23.44607562451106,23.393747567971552,22.66944963418781,22.192525987440344,22.071932265194153,21.89262511692729,21.226924151386257,20.88546311223231,20.75446897736927,,,,,22.66944963418781,21.226924151386257,,22.28011230960968,,22.05924582635778,"rgba(0, 255, 0, 1.0)",0.2933003871753012,22.82353676853465,4.249783791524136,69.09662261692527,15.247725458506167,True,False,True,False,True,16.166049566233056,23.408,21.65,0.0,0.0,0.0,0.0,1.0503892427459303,0.8856334041047417,False,False,False,False,0.3428282388308048,0.3423479555653346,False,False,False,False,233219.0,160486.62897061417,False,False,False,False,6871.47727650059,False,False,False,False
2025-04-30 19:00:00+00:00,24.08,24.11,23.905,24.05,9027.0,,,,,,,,,,,23.472402306771176,23.410664715760653,22.685327918930078,22.20937335790293,22.08807137909807,21.90807280752872,21.242104908184665,20.900370457448762,20.76927682304455,,,,,22.685327918930078,21.242104908184665,,22.29728028965281,,22.07618496385218,"rgba(0, 255, 0, 1.0)",0.3026538027588431,22.83843334009014,4.003143687162739,69.66659800446745,15.856911183817786,True,False,True,False,True,15.847156740936594,23.4221,21.6719,0.0,0.0,0.0,0.0,1.0463538722442054,0.8822781232334652,False,False,False,False,0.33428068378699327,0.33831431967616393,False,False,False,False,224192.0,161474.30914161238,False,False,False,False,6904.896233454068,False,False,False,False
2025-05-01 14:00:00+00:00,23.22,23.55,23.18,23.4,13328.0,,,,,,,,,,,23.466346154758906,23.4093640722264,22.697109530568063,22.225034390274754,22.1036298438271,21.92363873242181,21.259087843202344,20.917628158335727,20.786608775111286,,,,,22.697109530568063,21.259087843202344,,22.31276507417115,,22.087605277858486,"rgba(0, 255, 0, 1.0)",0.3011206247182264,22.82457777125122,1.9109359556065915,57.952082118531976,12.755738438776746,True,False,True,False,False,6.404049788072996,23.4232,21.690700000000003,0.0,0.0,0.0,0.0,1.0284923928077454,0.8876901798063624,False,False,False,False,0.23750229589783392,0.28790830778699894,False,False,False,False,210864.0,162240.04078282768,False,False,False,False,7004.479237586564,False,False,False,False
2025-05-01 15:00:00+00:00,23.4,23.5,23.3,23.44,5275.0,,,,,,,,,,,23.46505129712976,23.40942327539649,22.701907976706824,22.231310977400742,22.109858728002045,21.929861877089394,21.265850094190885,20.924493068349392,20.793501206526145,,,,,22.701907976706824,21.265850094190885,,22.31897868146531,,22.09236205564352,"rgba(0, 255, 0, 1.0)",0.29882838788419963,22.823893746551697,2.061739374262711,50.89016450686752,6.8440068152098235,False,True,False,False,False,6.848882899592105,23.425099999999997,21.709199999999996,0.0,0.0,0.0,0.0,1.0320121951219507,0.8934312638580931,False,False,False,False,0.24264847511424678,0.2652783914506229,False,False,False,False,216139.0,163075.6835613885,False,False,False,False,6977.665605996074,False,False,False,False
2025-05-01 16:00:00+00:00,23.445,23.515,23.4,23.51,8638.0,,,,,,,,,,,23.465433915696796,23.410986767835404,22.710297458645996,22.24197595949889,22.12040833799289,21.94035995797696,21.277147671933218,20.935929933239525,20.804973867669172,,,,,22.710297458645996,21.277147671933218,,22.329568455505623,,22.100834874498762,"rgba(0, 255, 0, 1.0)",0.2892390295521688,22.826302693531204,2.3637795615874237,47.5140984878602,4.303512738151959,False,True,False,True,False,7.6290422619793645,23.426600000000004,21.72775,0.0,0.0,0.0,0.0,1.035251497840323,0.8932701685941199,False,False,False,False,0.2511304956328879,0.2582044435417554,False,False,False,False,224777.0,164032.29311857626,False,False,False,False,7003.407224507762,False,False,False,False
2025-05-01 17:00:00+00:00,23.51,23.545,23.44,23.51,2169.0,,,,,,,,,,,23.465748589252293,23.411506579452787,22.712438940966877,22.24467539984989,22.123076970812832,21.943013394475486,21.279996288763023,20.938811877714116,20.807864287396523,,,,,22.712438940966877,21.279996288763023,,22.332250688708154,,22.103014703187092,"rgba(0, 255, 0, 1.0)",0.28853778618080195,22.827238921647098,2.366279603757256,45.26338780852199,2.5410625995835545,False,True,False,True,False,7.6290422619793645,23.431000000000004,21.74565,0.0,0.0,0.0,0.0,1.029921700223713,0.896392617449664,False,False,False,False,0.25631077372814093,0.2572576086349482,False,False,False,False,224777.0,164974.07151983865,False,False,False,False,6928.455174515394,False,False,False,False
2025-05-01 18:00:00+00:00,23.51,23.64,23.5,23.55,4106.0,,,,,,,,,,,23.46748407160522,23.413197964768717,22.71679381038091,22.250017219339725,22.128338029150548,21.94822067388257,21.28552629343753,20.944387892943627,20.81345079159734,,,,,22.71679381038091,21.28552629343753,,22.33757585685847,,22.107490749678465,"rgba(0, 255, 0, 1.0)",0.2879312981120609,22.82996658841213,2.500712552991159,44.62584770797413,1.9886562635406904,False,True,False,True,False,8.084811335344348,23.4381,21.7629,0.0,0.0,0.0,0.0,1.0276923076923075,0.8953846153846153,False,False,False,False,0.2678299062082254,0.26254375742158675,False,False,False,False,228883.0,165964.90762030624,False,False,False,False,6884.696179561667,False,False,False,False
2025-05-01 19:00:00+00:00,23.55,23.61,23.455,23.455,5847.0,,,,,,,,,,,23.46845186799817,23.414657582418364,22.72250882197048,22.25722476284272,22.135470615168174,21.95532026010372,21.293160262706675,20.952116520958302,20.821203935974204,,,,,22.72250882197048,21.293160262706675,,22.3447330310899,,22.11334607001565,"rgba(0, 255, 0, 1.0)",0.2872062227990167,22.832916960163228,2.1659803669090283,42.68994865169929,0.0063203799538698036,False,True,False,True,False,6.74461379752643,23.444200000000002,21.77925,0.0,0.0,0.0,0.0,1.02727654217373,0.8956497412225485,False,False,False,False,0.2622476391550542,0.2623956982883205,False,False,False,False,223036.0,166849.7307579759,False,False,False,False,6868.607866700246,False,False,False,False
2025-05-02 14:00:00+00:00,23.34,23.445,23.215,23.31,3135.0,,,,,,,,,,,23.466555142813068,23.413899280283367,22.724830652285572,22.26049324040417,22.13875732694811,21.95865357606696,21.296894589602598,20.955945208649663,20.82506006093105,,,,,22.724830652285572,21.296894589602598,,22.347934725853108,,22.115676564220507,"rgba(0, 255, 0, 1.0)",0.2869807414200645,22.83286946619638,1.6625872922435,39.4298678140335,-3.2501268125551945,False,True,False,True,False,4.74130077243602,23.443799999999996,21.794975,0.0,0.0,0.0,0.0,1.0256015668718519,0.897593732512591,False,False,False,False,0.23236843554346495,0.2473820669158927,False,False,False,False,219901.0,167672.23105630185,False,False,False,False,6810.722473418072,False,False,False,False
2025-05-02 15:00:00+00:00,23.315,23.335,23.095,23.15,1525.0,,,,,,,,,,,23.46482899998895,23.41301196841836,22.72570969825598,22.26188234957139,22.140174821538277,21.960115276609002,21.298589949740308,20.957701155340654,20.826834168657353,,,,,22.72570969825598,21.298589949740308,,22.349278040580437,,22.11653870979114,"rgba(0, 255, 0, 1.0)",0.28787991740812846,22.83231365904202,1.1035376966139498,35.513138469573526,-7.065657904605317,False,True,False,True,False,2.600001819946062,23.436,21.80985,0.0,0.0,0.0,0.0,1.02107761027359,0.8997766610831938,False,False,False,False,0.2155829067535459,0.2314824868347193,False,False,False,False,218376.0,168458.3360011654,False,False,False,False,6728.7732877836825,False,False,False,False
2025-05-02 16:00:00+00:00,23.155,23.195,23.05,23.05,1283.0,,,,,,,,,,,23.46289130784161,23.411950530719697,22.72629697351622,22.262928954399623,22.141257119547355,21.96124781783593,21.299942533078415,20.959113634992192,20.828264853396963,,,,,22.72629697351622,21.299942533078415,,22.350278056126996,,22.117099302814225,"rgba(0, 255, 0, 1.0)",0.2905110129559854,22.831526217468713,0.7520327037116065,31.974625034676667,-10.482401259503028,False,True,False,True,False,1.2934247242428079,23.423299999999998,21.823500000000003,0.0,0.0,0.0,0.0,1.0191603268526344,0.9126514511129897,False,False,False,False,0.20216821016137082,0.21682534849804508,False,False,False,False,217093.0,169212.36179959693,True,False,False,False,6644.342694174633,False,False,False,False
2025-05-02 17:00:00+00:00,23.055,23.175,23.02,23.125,756.0,,,,,,,,,,23.106666666666666,23.461784979233677,23.411344961342014,22.726649887786255,22.263550574079755,22.14189925590682,21.961918989262795,21.30074227185008,20.95994829645549,20.82911012381473,,,,,22.726649887786255,21.30074227185008,,22.350872610374456,,22.21636160063983,"rgba(0, 255, 0, 1.0)",0.29256181298057105,22.891393959409946,0.7984843893675477,31.5726727206641,-11.067944439147695,False,True,False,True,False,2.231103926776324,23.4164,21.837425000000003,0.0,0.0,0.0,0.0,1.0199829931972784,0.9080215419501132,True,False,False,False,0.19855509777682978,0.20769022313743743,False,False,False,False,217849.0,169966.41820580472,False,False,False,False,6553.050559381228,False,False,False,False
2025-05-02 18:00:00+00:00,23.13,23.2,23.075,23.11,3440.0,,,,,,,,,,23.12442961550683,23.457138379046945,23.408813340787745,22.728338594535845,22.266439972804307,22.144875770004923,21.965020706638516,21.304415924758136,20.963776298368074,20.83298493561355,,,,,22.728338594535845,21.304415924758136,,22.353643447756415,,22.21962335380649,"rgba(0, 255, 0, 1.0)",0.2911616683514189,22.89070241269108,0.7531815178508893,31.127420495248753,-11.880544909633585,False,True,False,True,False,2.0311093939689755,23.413100000000004,21.851774999999996,0.0,0.0,0.0,0.0,1.0221276595744677,0.9007092198581561,False,False,False,False,0.20433857411938516,0.2060143986284113,False,False,False,False,214409.0,170655.4504816837,False,False,False,False,6504.786209623378,False,False,False,False
2025-05-02 19:00:00+00:00,23.11,23.145,23.075,23.105,7069.0,,,,,,,,,,23.114328894806924,23.447428287888094,23.40338960257455,22.731593299431456,22.272180944792357,22.15081304820977,21.97123436221838,21.311836627927622,20.9715280568099,20.840837572245405,,,,,22.731593299431456,21.311836627927622,,22.35913040512002,,22.221517069690446,"rgba(0, 255, 0, 1.0)",0.2895188148362882,22.886571377337177,0.7544539818123283,30.765674094884737,-12.720900930611052,False,True,False,True,False,1.9633199075141228,23.4131,21.86685,0.0,0.0,0.0,0.0,1.0245328769077156,0.9025816573955211,False,False,False,False,0.2003610086732247,0.203187703650818,False,False,False,False,207340.0,171224.203187394,False,False,False,False,6513.533710249372,False,False,False,False
2025-05-05 14:00:00+00:00,23.19,23.515,23.19,23.45,2028.0,,,,,,,,,,23.15562288422478,23.44693366150961,23.40329486498822,22.733194927747313,22.274353716412236,22.152991152170088,21.973435224959392,21.31428039424593,20.974028199120372,20.84335404724385,,,,,22.733194927747313,21.31428039424593,,22.361265711877188,,22.227148907262176,"rgba(0, 255, 0, 1.0)",0.28898949449416456,22.88971476301915,1.9387737189600958,38.29685592242164,-18.402840078663488,False,True,False,True,True,6.224713186373869,23.4199,21.883975,0.0,0.0,0.0,0.0,1.0238230289279635,0.8925127623369258,False,False,False,False,0.23566737657264286,0.21942754011173043,False,False,False,False,209368.0,171815.5798821631,False,False,False,False,6443.990551950932,False,False,False,False
2025-05-05 15:00:00+00:00,23.45,23.53,23.365,23.51,1736.0,,,,,,,,,,23.19174407257081,23.447077822964523,23.40358042083025,22.73473421164888,22.27634596235323,22.154975247689645,21.975424663590044,21.316451726537323,20.976238080097673,20.845574736925553,,,,,22.73473421164888,21.316451726537323,,22.363234735444426,,22.232214694520795,"rgba(0, 255, 0, 1.0)",0.28786912066196946,22.892831126205873,2.143921766860292,44.26941083982202,-12.878766269971521,False,True,False,True,True,6.929528659897539,23.4296,21.901099999999996,0.0,0.0,0.0,0.0,1.0241374414312077,0.8967769416441856,False,False,False,False,0.2496528491778642,0.2345401946447973,False,False,False,False,211104.0,172424.7026746877,False,False,False,False,6370.998450370297,False,False,False,False
2025-05-05 16:00:00+00:00,23.51,23.535,23.46,23.47,1103.0,,,,,,,,,,23.212022894454087,23.447253653736425,23.403816192344944,22.73573545212542,22.27762950335298,22.156251922789792,21.976702838800836,21.317841851352384,20.97765138802179,20.846994487013145,,,,,22.73573545212542,21.317841851352384,,22.364504732275503,,22.23519001839918,"rgba(0, 255, 0, 1.0)",0.28569627292008093,22.894700247264037,2.0136760863411505,47.428533353530504,-10.036656832815538,False,True,False,False,True,6.362312015633112,23.4412,21.919,0.0,0.0,0.0,0.0,1.041764361078546,0.8874560375146542,False,False,False,False,0.25705190759198504,0.24579605111839117,False,False,False,False,210001.0,173007.2809277933,False,False,False,False,6289.324055790913,False,False,False,False
2025-05-05 17:00:00+00:00,23.465,23.53,23.375,23.53,1095.0,,,,,,,,,,23.22895038795689,23.447384600388364,23.404021418995907,22.736713630102795,22.27889054606118,22.15750742584776,21.977961228824476,21.319213784486013,20.979047291089245,20.84839710122493,,,,,22.736713630102795,21.319213784486013,,22.365751491609167,,22.237808741497755,"rgba(0, 255, 0, 1.0)",0.28497355654164264,22.896327686132466,2.2236179439159227,50.59797322776707,-7.08844170754238,False,True,True,False,True,7.082023498049715,23.4558,21.9375,0.0,0.0,0.0,0.0,1.0344573700485933,0.8876454130466794,False,False,False,False,0.25039153851322815,0.24809379481580968,False,False,False,False,211096.0,173597.80370410657,False,False,False,False,6208.791899887178,False,False,False,False
2025-05-05 18:00:00+00:00,23.53,23.56,23.46,23.55,2362.0,,,,,,,,,,23.264446458046184,23.448068630142558,23.404726038642877,22.73894238608588,22.28170343015288,22.160299532323783,21.98074970334041,21.322228781126736,20.982107181644754,20.851469245409966,,,,,22.73894238608588,21.322228781126736,,22.368539758844477,,22.243474138691603,"rgba(0, 255, 0, 1.0)",0.2851594780609487,22.900036418874507,2.279298536893007,53.07283014098019,-4.695197727574779,False,False,True,False,True,7.32339556836558,23.470400000000005,21.956124999999997,0.0,0.0,0.0,0.0,1.0379335793357929,0.8814760147601476,False,False,False,False,0.2589059537567553,0.2534998742862825,False,False,False,False,213458.0,174215.79124357778,False,False,False,False,6149.151715392803,False,False,False,False
2025-05-05 19:00:00+00:00,23.55,23.67,23.55,23.58,7926.0,,,,,,,,,,23.361106366224483,23.452525655545767,23.408520647871878,22.747051893695897,22.291627333805682,22.17010828881411,21.990495112682424,21.3326362962583,20.992629631338826,20.86202118798342,,,,,22.747051893695897,21.3326362962583,,22.378413485369308,,22.260872241422078,"rgba(0, 255, 0, 1.0)",0.28587896701899645,22.91245411903442,2.3350646881315287,55.29374575234483,-2.4378848398815336,False,False,True,False,True,7.689537975247653,23.4837,21.974624999999996,0.0,0.0,0.0,0.0,1.0461561294152564,0.8759275749480557,False,False,False,False,0.2738023583046424,0.26365111629546245,False,False,False,False,221384.0,174947.08130181688,False,False,False,False,6176.69975081307,False,False,False,False
2025-05-06 14:00:00+00:00,23.8,23.92,23.65,23.715,2643.0,,,,,,,,,,23.39621084510467,23.45552046794343,23.410794253007964,22.750228363752093,22.295308222260328,22.173715918323477,21.994042585734398,21.3363316140126,20.996336055793652,20.865728543131432,,,,,22.750228363752093,21.3363316140126,,22.38210195211571,,22.267421686906406,"rgba(0, 255, 0, 1.0)",0.28806330635562216,22.917722903451917,2.7677148701605954,59.07237846000427,1.2954440775513234,True,False,True,False,True,9.321174019723845,23.4994,21.99325,0.0,0.0,0.0,0.0,1.0466567607726591,0.8689450222882614,False,False,False,False,0.30016365837708886,0.2819073873362756,False,False,False,False,224027.0,175708.01027388175,False,False,False,False,6121.913708164805,False,False,False,False
2025-05-06 15:00:00+00:00,23.715,23.95,23.71,23.83,1279.0,,,,,,,,,,23.413859358929496,23.457267831431377,23.412096251182817,22.751861759482125,22.297165566191275,22.175530729495517,21.995820348185184,21.338166086983374,20.998170341135765,20.867561456841187,,,,,22.751861759482125,21.338166086983374,,22.383967882836593,,22.27074997298581,"rgba(0, 255, 0, 1.0)",0.29195021481066313,22.920498495033577,3.115262324969534,63.15939183452077,5.2558390641692725,True,False,True,False,True,10.676514118361208,23.5179,22.012449999999998,0.0,0.0,0.0,0.0,1.0516061867935749,0.861540749553837,False,False,False,False,0.3070068982454788,0.2944571427908772,False,False,False,False,225306.0,176476.97135490683,False,False,False,False,6046.829774704885,False,False,False,False
2025-05-06 16:00:00+00:00,23.83,23.93,23.78,23.78,4503.0,,,,,,,,,,23.465998516045257,23.463292134320625,23.41661655504952,22.757573368800088,22.303669127755178,22.181888642350387,22.002052045553032,21.34460332745109,21.004609489563446,20.873996632030213,,,,,22.757573368800088,21.34460332745109,,22.390499201073663,,22.281429983891886,"rgba(0, 255, 0, 1.0)",0.29483272093408763,22.92953991101067,2.884551233984159,64.35041730313515,6.562868328481201,True,False,True,False,True,9.899242500061632,23.529500000000002,22.031175000000005,0.0,0.0,0.0,0.0,1.058885861338177,0.8696639418710262,False,False,False,False,0.3108207437315798,0.30263894326122853,False,False,False,False,220803.0,177164.19660521834,False,False,False,False,6022.894429360623,False,False,False,False
2025-05-06 17:00:00+00:00,23.795,23.96,23.78,23.95,2495.0,,,,,,,,,,23.493955249121893,23.467138672083443,23.419476459272037,22.76090716482912,22.307405240327096,22.185532057368732,22.005611940512072,21.348251030739743,21.008248555900586,20.877630322828818,,,,,22.76090716482912,21.348251030739743,,22.39425912678005,,22.287415669298355,"rgba(0, 255, 0, 1.0)",0.3009239824994134,22.934795544499753,3.3736242856689738,67.33885547933296,9.638207075291831,True,False,True,False,True,11.885754788281389,23.5471,22.050625,0.0,0.0,0.0,0.0,1.0695277649592367,0.8558683279495463,False,False,False,False,0.31311325725455075,0.30787610025788964,False,False,False,False,223298.0,177879.4493710289,False,False,False,False,5968.198391696116,False,False,False,False
2025-05-06 18:00:00+00:00,23.95,24.065,23.94,23.995,4941.0,,,,,,,,,,23.551599271486534,23.47634311974074,23.426245626248807,22.768047490146962,22.315230336544232,22.193134808776907,22.013005562695874,21.355735779180282,21.015685115220677,20.885046040112883,,,,,22.768047490146962,21.355735779180282,,22.402158343779053,,22.30000731501539,"rgba(0, 255, 0, 1.0)",0.30773748611507196,22.946304139982786,3.4077611839107487,69.82614571720728,12.240410590732559,True,False,True,False,True,12.401701983577443,23.5625,22.070574999999998,0.0,0.0,0.0,0.0,1.076029730566739,0.8395788169711986,False,False,False,False,0.33350598071776527,0.3206910404878275,False,False,False,False,228239.0,178660.21759783462,False,False,False,False,5952.272835235712,False,False,False,False
2025-05-06 19:00:00+00:00,23.995,24.2,23.96,24.195,10715.0,,,,,,,,,,23.663864814232802,23.499523371456426,23.44331464325036,22.78471319247426,22.333128238857956,22.210470689757084,22.02979619735789,21.37254275332573,21.03232007085333,20.901613631860457,,,,,22.78471319247426,21.37254275332573,,22.420273368311346,,22.327128760342628,"rgba(0, 255, 0, 1.0)",0.3196765256961237,22.972306289528287,3.8247841558249864,73.31281635776706,15.755388069937851,True,False,True,False,True,14.63950602882706,23.5797,22.091875,0.0,0.0,0.0,0.0,1.0761429240131062,0.8427211733499764,False,False,False,False,0.34282823888798103,0.33175963968790423,False,False,False,False,238954.0,179595.00492189918,False,False,False,False,6026.113566472367,False,False,False,False
2025-05-07 14:00:00+00:00,23.925,24.05,23.79,23.935,11190.0,,,,,,,,,,23.70862673161665,23.514984044925335,23.455409604805027,22.799223875357896,22.349460592668656,22.226443754070853,22.045450691118607,21.388657287489874,21.048426619097036,20.917706329081017,,,,,22.799223875357896,21.388657287489874,,22.436679706987405,,22.345438953023095,"rgba(0, 255, 0, 1.0)",0.3242937996146882,22.98937721453352,2.9159446976477117,69.1747120937945,15.755388069937851,True,False,True,False,False,10.581107354281862,23.5923,22.111925,0.0,0.0,0.0,0.0,1.0645966609455446,0.8447495709158994,False,False,False,False,0.318181414335747,0.3249705270118256,False,False,False,False,227764.0,180341.81104714106,False,False,False,False,6106.17382125574,False,False,False,False
2025-05-07 15:00:00+00:00,23.935,24.03,23.935,24.03,2301.0,,,,,,,,,,23.718490525090505,23.518568864578665,23.458198484489948,22.802353441692002,22.352931948166493,22.22983169107207,22.048762069093417,21.39204080921617,21.051800268490947,20.921074435134695,,,,,22.802353441692002,21.39204080921617,,22.440173142265497,,22.349405253702493,"rgba(0, 255, 0, 1.0)",0.33066697544313595,22.993168705329047,3.135575584109866,67.59292556763768,15.755388069937851,True,False,True,False,False,11.650464726308037,23.6052,22.131974999999997,0.0,0.0,0.0,0.0,1.0724365004703664,0.8367826904985889,False,False,False,False,0.32776313054521916,0.3263668287785224,False,False,False,False,230065.0,181112.71320144893,False,False,False,False,6047.178878290534,False,False,False,False
2025-05-07 16:00:00+00:00,24.03,24.13,23.97,24.1,2988.0,,,,,,,,,,23.733232629540407,23.52379722595564,23.46223034486939,22.80662390104466,22.357604281768584,22.234381108688865,22.053195520934665,21.39653631755776,21.056271006474542,20.92553404520488,,,,,22.80662390104466,21.39653631755776,,22.444884266372494,,22.35494063820394,"rgba(0, 255, 0, 1.0)",0.3383189097356919,22.998559592053546,3.255627682197676,67.36412333185564,15.755388069937851,True,False,True,False,False,12.431398880341913,23.621199999999998,22.152175000000003,0.0,0.0,0.0,0.0,1.0689490445859868,0.8421974522292993,False,False,False,False,0.3381771312016332,0.3322719799900778,False,False,False,False,233053.0,181917.98896576755,False,False,False,False,5999.749748394557,False,False,False,False
2025-05-07 17:00:00+00:00,24.1,24.1,23.915,23.92,2101.0,,,,,,,,,,23.740318765394722,23.52682566008537,23.464623829652602,22.809400128637574,22.360705371643665,22.23741297486466,22.056164986175776,21.39958400451281,21.05931464786057,20.92857426830123,,,,,22.809400128637574,21.39958400451281,,22.44800102673841,,22.358292463712896,"rgba(0, 255, 0, 1.0)",0.34212548406529036,23.00174560076505,2.683969601807601,63.47196406653921,20.583813505580935,True,False,True,False,False,9.691960357118866,23.631500000000003,22.171425000000003,0.0,0.0,0.0,0.0,1.070550678371907,0.8389465283320032,False,False,False,False,0.3316120598924953,0.3319420199412866,False,False,False,False,230952.0,182678.2061911045,False,False,False,False,5939.3040158613085,False,False,False,False
2025-05-07 18:00:00+00:00,23.93,24.075,23.82,23.945,2458.0,,,,,,,,,,23.74706986205948,23.53007292938447,23.467225101885944,22.81254390058934,22.36424763836337,22.24088238289612,22.059570371890327,21.403096758748845,21.06282888172663,20.93208655418408,,,,,22.81254390058934,21.403096758748845,,22.4515562195508,,22.36196243817286,"rgba(0, 255, 0, 1.0)",0.34547242755140445,23.005193800111524,2.720350815112845,61.254305008884586,18.22991392335163,True,False,True,False,False,9.980681092616678,23.641,22.190250000000002,0.0,0.0,0.0,0.0,1.074341682723185,0.838150289017341,False,False,False,False,0.3223903128287843,0.32716616638503543,False,False,False,False,233410.0,183464.7456300021,False,False,False,False,5885.330310189041,False,False,False,False
2025-05-07 19:00:00+00:00,23.945,23.985,23.7,23.97,6413.0,,,,,,,,,,23.757917596657755,23.537093546652518,23.473025395498944,22.820223289787105,22.373058190241213,22.249543367105257,22.068109183526346,21.41199510016039,21.07176228043592,20.941025180444733,,,,,22.820223289787105,21.41199510016039,,22.460373583421656,,22.370375313051017,"rgba(0, 255, 0, 1.0)",0.3480537004234264,23.012873726590808,2.749938507318826,60.17774408699369,16.894790801343348,True,False,True,False,False,10.272674411974894,23.6514,22.208900000000003,0.0,0.0,0.0,0.0,1.0742875440281778,0.8296509766250401,False,False,False,False,0.3063778892165361,0.3167720278007857,False,False,False,False,239823.0,184338.51701558343,False,False,False,False,5893.5112356124655,False,False,False,False
2025-05-08 14:00:00+00:00,24.37,24.41,24.11,24.33,5852.0,,,,,,,,,,23.793100022122037,23.550324419829465,23.483162949644903,22.829721432755154,22.38310420154574,22.259273099014578,22.077524680575475,21.421358490057877,21.081012271725193,20.950232042812758,,,,,22.829721432755154,21.421358490057877,,22.47054888624151,,22.38288136100832,"rgba(0, 255, 0, 1.0)",0.3584332397915249,23.025611009643285,3.639140697763923,63.81767909821653,16.894790801343348,True,False,True,False,True,14.279515719310513,23.671599999999998,22.22925,0.0,0.0,0.0,0.0,1.084036288397262,0.8209454082444692,False,False,False,False,0.3428282394526142,0.32980013362669997,False,False,False,False,245675.0,185289.47024014802,False,False,False,False,5892.867650564211,False,False,False,False
2025-05-08 15:00:00+00:00,24.345,24.47,24.105,24.205,4968.0,,,,,,,,,,23.818213803656626,23.56084789177454,23.491326931457124,22.83756065069173,22.391446400970047,22.267365913750343,22.085371396680493,21.429195239132568,21.088766334309735,20.957953967395248,,,,,22.83756065069173,21.429195239132568,24.259999999999998,22.478988339179562,,22.392804852981843,"rgba(0, 255, 0, 1.0)",0.36638552284637615,23.15951580125597,2.8535084864212674,63.67383898946099,16.894790801343348,True,False,True,False,True,12.36338398464041,23.688499999999998,22.248775000000002,-1.0,24.47,24.105,648.0,1.0941195270054325,0.8159156279961649,False,False,False,False,0.34282823866509937,0.3363141861458997,False,False,False,False,240707.0,186148.6567480527,False,False,False,False,5878.5286172221295,False,False,False,False
2025-05-08 16:00:00+00:00,24.205,24.205,23.835,23.93,2416.0,,,,,,,,,,23.822592830966396,23.56392048580756,23.493862582133342,22.8406242325348,22.394894226136746,22.270747860018297,22.088695737661965,21.432628719105896,21.092203683470483,20.961390232564263,,,,,22.8406242325348,21.432628719105896,24.17165763813651,22.48244600229273,,22.396156059039974,"rgba(0, 255, 0, 1.0)",0.3692911764083105,23.156945612365142,2.0933464892216174,59.10642499203113,15.469931768220775,True,False,True,False,False,8.347662647695554,23.695499999999996,22.265524999999997,0.0,0.0,0.0,0.0,1.0812083807048882,0.8434302420009746,False,False,False,False,0.30125001142998287,0.3187820987879413,False,False,False,False,238291.0,186957.0651705635,False,False,False,False,5824.846003001631,False,False,False,False
2025-05-08 17:00:00+00:00,23.93,23.96,23.86,23.91,3213.0,,,,,,,,,,23.825458800638152,23.567184620156674,23.496657681010966,22.844391469098696,22.399227646872053,22.275016610864856,22.092913524748294,21.43703821812482,21.096636508445577,20.96582762571248,,,,,22.844391469098696,21.43703821812482,24.0923232990469,22.486777135775977,,22.400035270567255,"rgba(0, 255, 0, 1.0)",0.37143552785296696,23.155241088837904,2.03200516527021,55.77796588754468,12.228115583379449,False,False,True,False,False,8.064314855121033,23.704900000000002,22.28105,0.0,0.0,0.0,0.0,1.084142927712827,0.8404412975465174,False,False,False,False,0.2807502450650703,0.2997661719265058,False,False,False,False,235078.0,187703.12617567103,False,False,False,False,5784.352266520986,False,False,False,False
2025-05-08 18:00:00+00:00,23.91,23.95,23.66,23.84,4143.0,,,,,,,,,,23.8251021533802,23.570182303222243,23.499405458675476,22.84878807608012,22.40443596807013,22.280175892223905,22.098045523086114,21.44248720676805,21.10214292217721,20.971348979549873,,,,,22.84878807608012,21.44248720676805,24.01484396200814,22.49195956163263,,22.40421144832333,"rgba(0, 255, 0, 1.0)",0.37297678839941956,23.153626287232967,1.8402585204095794,52.530571711669744,9.102906305831496,False,False,False,False,False,7.067896590712685,23.710699999999996,22.29685,0.0,0.0,0.0,0.0,1.0645692637127324,0.8464832811727887,False,False,False,False,0.25682321845523365,0.2782946951908697,False,False,False,False,230935.0,188373.38778535055,False,False,False,False,5758.90494455942,False,False,False,False
2025-05-08 19:00:00+00:00,23.84,23.86,23.66,23.735,11731.0,,,,,,,,,,23.817536424713477,23.57615369728383,23.50539312073283,22.860202459327617,22.418308644446075,22.29398879868982,22.111869142361975,21.457362918933956,21.117243748671033,20.986512926849507,,,,,22.860202459327617,21.457362918933956,23.898213201868707,22.50570762101105,,22.414457188201013,"rgba(0, 255, 0, 1.0)",0.3722961743578652,23.153585705261023,1.5616982789087148,48.89505340590871,5.646244781809365,False,True,False,True,False,5.588229581865399,23.7146,22.311975000000004,0.0,0.0,0.0,0.0,1.0607076974677172,0.866510145899715,False,False,False,False,0.24739687442662225,0.262845784808746,False,False,False,False,219204.0,188851.38177317457,False,False,False,False,5851.495565574002,False,False,False,False
2025-05-09 14:00:00+00:00,23.695,24.105,23.655,24.08,3390.0,,,,,,,,,,23.821269753955058,23.579643450525385,23.508399270660213,22.864157213167495,22.422843021766656,22.298459790891084,22.116290856665945,21.461988378715123,21.121896188134595,20.991171069926867,,,,,22.864157213167495,21.461988378715123,23.90371393009834,22.510237854554507,,22.418611899440844,"rgba(0, 255, 0, 1.0)",0.37360802314058406,23.15743368388463,2.469342891408459,51.56135570520526,5.646244781809365,False,True,False,False,False,9.544968929727954,23.7258,22.32895,0.0,0.0,0.0,0.0,1.049825029161806,0.8535244125979005,False,False,False,False,0.2657719488375107,0.2643088668231284,False,False,False,False,222594.0,189374.52314103232,False,False,False,False,5813.332843627119,False,False,False,False
2025-05-09 15:00:00+00:00,24.08,24.33,24.08,24.32,6889.0,,,,,,,,,,23.844690910018475,23.592108070186914,23.518434712630917,22.874284184003013,22.43375307555104,22.30909344483739,22.12665691125927,21.472451265949527,21.132291683183908,21.001537773162994,,,,,22.874284184003013,21.472451265949527,23.9673775510204,22.52124011941633,,22.430530203078344,"rgba(0, 255, 0, 1.0)",0.37990397079668287,23.17268578844055,3.0200111074213294,55.78052558793116,-1.3002165855365035,False,False,True,False,True,12.09054631933919,23.7392,22.3477,0.0,0.0,0.0,0.0,1.061453449430676,0.85264567983925,False,False,False,False,0.3250514285378773,0.2946801476805028,False,False,False,False,229483.0,189996.35999155894,False,False,False,False,5830.009853803442,False,False,False,False
2025-05-09 16:00:00+00:00,24.325,24.415,24.225,24.255,2367.0,,,,,,,,,,23.853178485138315,23.59663606264006,23.522076675709,22.877867891669826,22.437584571154066,22.312823414406925,22.13028725635183,21.476099072696062,21.13591038341347,21.005144615445783,,,,,22.877867891669826,21.476099072696062,23.987403942020087,22.525107933790263,,22.43476084286253,"rgba(0, 255, 0, 1.0)",0.3822505899453562,23.177982177849252,2.8175700717812098,57.53955664342375,0.4263011266348258,True,False,True,False,True,11.164468412046517,23.747200000000003,22.363874999999997,0.0,0.0,0.0,0.0,1.0628834355828218,0.8703135650988413,False,False,False,False,0.342828231323965,0.3187541895022339,False,False,False,False,227116.0,190571.85828626345,False,False,False,False,5776.319778550675,False,False,False,False
2025-05-09 17:00:00+00:00,24.255,24.37,24.235,24.365,1373.0,,,,,,,,,,23.858226204998278,23.59932868889842,23.524241220165482,22.879974840984545,22.439829621112725,22.315007775959515,22.132411732748185,21.47822940916821,21.138022219080252,21.007249038140582,,,,,22.879974840984545,21.47822940916821,23.998795175763558,22.52737531151267,,22.43725207512562,"rgba(0, 255, 0, 1.0)",0.3834619094983161,23.181086971992066,3.087433193969247,59.824546978904465,2.74651410951342,True,False,True,False,True,12.315506989222968,23.759900000000002,22.38015,0.0,0.0,0.0,0.0,1.050957592339261,0.8755129958960329,False,False,False,False,0.3387862985220574,0.3287702440121456,False,False,False,False,228489.0,191159.72094849194,False,False,False,False,5708.051254852216,False,True,False,False
2025-05-09 18:00:00+00:00,24.365,24.41,24.285,24.34,2279.0,,,,,,,,,,23.86674903774498,23.603886758039856,23.52790509937117,22.883510869453932,22.443587064194396,22.31866207399719,22.13596379669116,21.48178533504527,21.141545220440403,21.010759002200878,,,,,22.883510869453932,21.48178533504527,24.017243135604442,22.531171517352064,,22.441435425717923,"rgba(0, 255, 0, 1.0)",0.38050176687454795,23.186272971320275,3.032120029708327,60.88768385231684,4.009001104694846,True,False,True,False,True,11.951903750607954,23.770599999999998,22.395925,0.0,0.0,0.0,0.0,1.0569007263922514,0.87668626772743,False,False,False,False,0.3428282291800419,0.3357992365960938,False,False,False,False,226210.0,191703.13612758508,False,False,False,False,5654.887669505669,False,False,False,False
2025-05-09 19:00:00+00:00,24.335,24.37,24.22,24.3,8222.0,,,,,,,,,,23.89229214389806,23.61883494466197,23.540089715835595,22.895709989994145,22.45667908327346,22.331425246718588,22.148406085471326,21.49432580654311,21.154000350811685,21.02317817601782,,,,,22.895709989994145,21.49432580654311,24.06229854288011,22.544374896914213,,22.455494154322576,"rgba(0, 255, 0, 1.0)",0.37603580670992715,23.20243321312611,2.918782645931776,60.81597738585995,4.33285537942934,True,False,True,False,True,11.364729923418349,23.7808,22.41125,0.0,0.0,0.0,0.0,1.0420796383237694,0.8850634672230917,False,False,False,False,0.3288039111327968,0.33230157386444525,False,False,False,False,217988.0,192110.65339692484,False,False,False,False,5694.687860676124,False,False,False,False
2025-05-12 14:00:00+00:00,23.145,23.165,22.815,22.84,4096.0,,,,,,,,,,23.864915942008643,23.611615621354215,23.535388575964195,22.895899644447315,22.458374220083446,22.333375243776793,22.150670448556422,21.497527235524256,21.157505792924248,21.026780515356517,,,,,22.895899644447315,21.497527235524256,23.978849910142134,22.545843383138312,,22.453205323999605,#000000,0.37812243596040995,23.192718077805722,-0.932814465002157,48.55119052795799,5.748307465559094,False,True,False,True,False,0.0,23.762600000000003,22.419875,0.0,0.0,0.0,0.0,1.0221290863369652,0.8992455993294217,False,False,False,False,-0.017269170472252064,0.1575162016960966,False,False,False,False,213892.0,192448.34869309654,False,False,False,False,5669.902002371067,False,False,False,False
2025-05-12 15:00:00+00:00,22.84,22.945,22.65,22.68,5393.0,,,,,,,,,,23.82455861070912,23.599832604003165,23.527455297927574,22.895128389186198,22.459753018601546,22.335160531603346,22.152950497632716,21.50119268960612,21.161632043319955,21.03105452789321,,,,,22.895128389186198,21.50119268960612,23.87001647927689,22.546876804909136,,22.448871821048293,#000000,0.38561288528439397,23.17837226931445,-1.2924160170293484,39.81966078097807,-1.9409972282777659,False,True,False,True,False,0.0,23.743299999999998,22.4275,0.0,0.0,0.0,0.0,1.0085498742665544,0.9106454316848281,False,False,False,False,-0.13315429382555388,0.012180953935271355,False,False,False,False,208499.0,192697.1960001803,False,False,False,False,5665.608948070741,False,False,False,False
2025-05-12 16:00:00+00:00,22.68,22.725,22.475,22.545,5023.0,,,,,,,,,,23.783726898936326,23.586903602619717,23.51854653412369,22.89350006291226,22.460272737457085,22.336121317486285,22.15444352925732,21.504110467103203,21.165033001939186,21.034611158018034,,,,,22.89350006291226,21.504110467103203,23.771221292663437,22.547033682849747,,22.44372693098531,#000000,0.39708178747709383,23.16380520696469,-1.5583822438604888,33.53860278814719,-7.2564990674437695,False,True,False,True,False,0.0,23.7167,22.435425,0.0,0.0,0.0,0.0,0.9943944284015624,0.9337523356548327,False,False,False,False,-0.19367389480251967,-0.09074647043362416,False,False,False,False,203476.0,192864.30924048755,False,False,False,False,5655.646018643287,False,False,False,False
2025-05-12 17:00:00+00:00,22.545,22.57,22.39,22.415,3588.0,,,,,,,,,22.458333333333332,23.75333732732637,23.57675882036584,23.511460659018333,22.891891295216517,22.46026684965443,22.336460625874548,22.155197623282856,21.505947597561285,21.16724176289183,21.036939994818056,,,,22.458333333333332,22.891891295216517,21.505947597561285,23.703041037665297,22.546748891283098,,22.441257808122128,"rgba(239, 83, 80, 0.5)",0.4187311055305028,23.15569629061144,-1.7689067777112768,28.912933367667527,-11.169841533306297,False,True,False,True,False,0.0,23.686999999999998,22.442974999999997,1.0,22.57,22.39,0.0,0.9953822473063105,0.9324439883701043,True,False,False,False,-0.23851870170662204,-0.1646325860701231,False,False,False,False,199888.0,192973.20367086757,True,False,False,False,5623.58949122246,False,False,False,False
2025-05-12 18:00:00+00:00,22.415,22.54,22.405,22.495,5058.0,,,,,,,,,22.47100855887115,23.713468436680433,23.5630347509133,23.50183330965153,22.889755846225377,22.460350941342384,22.33702023098293,22.15632986302074,21.5085840612462,21.170394706039637,21.040259889452056,,,,22.47100855887115,22.889755846225377,21.5085840612462,23.61961251444164,22.546448137570522,,22.437458235856887,"rgba(239, 83, 80, 0.5)",0.43418928284032055,23.142441914290668,-1.4911513016980043,26.942958534755867,-12.883618635932876,False,True,False,True,False,0.0,23.6584,22.45085,0.0,0.0,0.0,0.0,0.9900497512437808,0.933779378967233,False,False,False,False,-0.24091684458809204,-0.20277471532910757,False,False,False,False,204946.0,193158.82842015647,False,False,False,False,5614.820661901182,False,False,False,False
2025-05-12 19:00:00+00:00,22.495,22.57,22.41,22.455,6620.0,,,,,,,,,22.47418489890388,23.66484540792763,23.545556174897968,23.48948101005055,22.886982929503635,22.460450680970297,22.33773763173857,22.157792316195952,21.512007340262315,21.174493299699716,21.04457701242938,,,,22.47418489890388,22.886982929503635,21.512007340262315,23.526070831630946,22.546048805658817,,22.431646245689084,"rgba(239, 83, 80, 0.5)",0.4525406059129489,23.125714556314204,-1.482109113636589,25.454355022430143,-14.46633216281603,False,True,False,True,False,0.0,23.6266,22.458875000000003,0.0,0.0,0.0,0.0,0.9910836762688611,0.9291838134430728,False,False,False,False,-0.2685191666999824,-0.23564694101454497,False,False,False,False,198326.0,193238.93960744084,False,False,False,False,5630.40483768566,False,False,False,False
2025-05-13 14:00:00+00:00,22.545,22.7,22.505,22.66,8008.0,,,,,,,,,22.52492967832488,23.617426846643323,23.52789181019869,23.47699400157522,22.884837312042624,22.461525141137127,22.33947062308674,22.160326910034232,21.516725666865103,21.17995831004958,21.0502834037671,,,,22.52492967832488,22.884837312042624,21.516725666865103,23.4444903710045,22.546581298646775,,22.430942700338605,#000000,0.4647676257507672,23.113050048390846,-0.9747883098763755,27.471279788227463,-14.46633216281603,False,True,False,True,False,0.0,23.5984,22.468175000000002,0.0,0.0,0.0,0.0,0.9898937992463167,0.9282288454950327,False,False,False,False,-0.2471877560819339,-0.24141734854823943,False,False,False,False,206334.0,193441.96379957354,False,False,False,False,5667.266778186658,False,False,False,False
2025-05-13 15:00:00+00:00,22.66,22.81,22.66,22.81,6999.0,,,,,,,,,22.579277023530317,23.584664219031502,23.515270843069057,23.468089053485087,22.883961146966044,22.463253681342927,22.341702058109227,22.16317704524171,21.521328934797516,21.185156113645586,21.05567317061455,,,,22.579277023530317,22.883961146966044,21.521328934797516,23.394470030766232,22.547886775511927,,22.432868480893955,#000000,0.4725747760079651,23.106057195105166,-0.6264769304999406,30.8131414627855,-14.46633216281603,False,True,False,True,True,0.0,23.573600000000003,22.4785,0.0,0.0,0.0,0.0,0.9929649965682906,0.9260466712422787,False,False,False,False,-0.24222897868228155,-0.2418231636152605,False,False,False,False,213333.0,193750.3519577197,False,False,False,False,5687.913804881438,False,False,False,False
2025-05-13 16:00:00+00:00,22.82,23.05,22.805,23.05,6382.0,,,,,,,,,22.647015595871412,23.563913059916718,23.507194948239974,23.462492718225143,22.884497673399014,22.465906851225828,22.344719399996368,22.166651397165026,21.526197782333067,21.190489043198045,21.061155408403614,,,,22.647015595871412,22.884497673399014,21.526197782333067,23.36784847980579,22.55021890504022,,22.43820307981584,"rgba(38, 166, 154, 0.5)",0.4762150131388114,23.10451113175666,-0.11446747845551286,35.87532481955456,-23.694171611042897,False,True,False,True,True,0.0,23.566599999999998,22.487574999999996,0.0,0.0,0.0,0.0,0.9923961096374885,0.931211317418214,False,False,False,False,-0.17150191529887993,-0.2066625394570702,False,False,False,False,219715.0,194152.90464054575,False,False,False,False,5698.674831162346,False,False,False,False
2025-05-13 17:00:00+00:00,23.055,23.055,22.91,22.935,11248.0,,,,,,,,,22.722072173628654,23.530457744023906,23.493485107121835,23.45289637119069,22.88540837897189,22.470500427207867,22.34995316739485,22.1726897709147,21.534689798926212,21.199802118275652,21.070733118243076,,,,22.722072173628654,22.88540837897189,21.534689798926212,23.32805787759613,22.554250676164372,,22.443880743263573,#000000,0.48112815995986563,23.09990093596724,-0.3427380679214416,38.202503451480865,-21.202791256126247,False,True,False,True,True,0.0,23.5565,22.4963,0.0,0.0,0.0,0.0,0.9904102290889713,0.9314508968211686,False,False,False,False,-0.1516315305374941,-0.17914703499728213,False,False,False,False,208467.0,194374.82859960705,False,False,False,False,5784.710880291612,False,False,False,False
2025-05-13 18:00:00+00:00,22.935,23.135,22.935,23.11,9961.0,,,,,,,,,22.78024476934421,23.50822293972794,23.483962216713568,23.446275705927963,22.887105368525226,22.475250702455476,22.355205485267465,22.17858134825408,21.542611734501573,21.20839980388202,21.07954851770111,,,,22.78024476934421,22.887105368525226,21.542611734501573,23.30641412749493,22.55854990623982,,22.449582599300058,"rgba(38, 166, 154, 0.5)",0.483874490464813,23.098051729534667,0.024692912523358305,41.74858330704882,-17.530018495096982,False,True,False,True,True,0.0,23.5485,22.506,0.0,0.0,0.0,0.0,0.996092362344582,0.9216696269982237,False,False,False,False,-0.13277478279864877,-0.15596090889796543,False,False,False,False,218428.0,194747.74598565965,False,False,False,False,5849.459548814222,False,False,False,False
2025-05-13 19:00:00+00:00,23.11,23.29,23.11,23.25,20678.0,,,,,,,,,22.895142938385412,23.48217374052486,23.472304196389274,23.438515273707388,22.89362348242031,22.48744896768398,22.368233765749338,22.192695327893457,21.560468021084027,21.227485253608247,21.099029288164367,,,,22.895142938385412,22.89362348242031,21.560468021084027,23.29353066749974,22.569962042116774,,22.46519275051006,"rgba(38, 166, 154, 0.5)",0.48526392930151013,23.14932213109409,0.20747033279564828,45.58139232545694,-13.628262846948608,False,True,False,True,True,0.0,23.5433,22.517425,0.0,0.0,0.0,0.0,1.0033874130861111,0.9176323765377072,False,False,False,False,-0.0740550939304709,-0.11500800141421816,False,False,False,False,239106.0,195435.47085409903,False,False,False,False,6079.359400770591,False,False,False,False
2025-05-14 14:00:00+00:00,22.67,22.925,22.63,22.795,20217.0,,,,,,,,,22.872254343064093,23.426031798698755,23.444126418016833,23.417557371602168,22.89153123633544,22.49213317306624,22.37428212045295,22.200443708455992,21.57308927724222,21.241808441785167,21.113907573636485,,,,22.872254343064093,22.89153123633544,21.57308927724222,23.230736719387323,22.57351923028819,,22.458833223850576,#000000,0.4935496725551943,23.115666089217164,-0.6497139134081832,43.885889173482,-13.628262846948608,False,True,False,True,True,0.0,23.5282,22.526774999999997,0.0,0.0,0.0,0.0,0.9892756680731358,0.9168424753867792,False,False,False,False,-0.22643209136869055,-0.17072004639145436,False,False,False,False,218889.0,195799.0914610122,False,False,False,False,6298.547627115233,False,False,False,False
2025-05-14 15:00:00+00:00,22.8,22.805,22.64,22.69,6857.0,,,,,,,,,22.861828368807757,23.407083421981362,23.434105115261318,23.409981120518246,22.890381353153607,22.493305655771653,22.375941274077167,22.20270829672563,21.57706106758906,21.246383656306644,21.11868024913316,,,,22.861828368807757,22.890381353153607,21.57706106758906,23.20993678862858,22.574295982242415,,22.456132689029598,#000000,0.5032362653255418,23.105743856001745,-0.8261404923446842,41.96542012236085,-13.628262846948608,False,True,False,True,True,0.0,23.5129,22.534599999999998,0.0,0.0,0.0,0.0,1.000708717221828,0.9149539333805812,False,False,False,False,-0.24689744341081787,-0.2088087449011361,False,False,False,False,212032.0,196050.76446161667,False,False,False,False,6307.2058034390275,False,False,False,False
2025-05-14 16:00:00+00:00,22.7,22.785,22.53,22.68,1895.0,,,,,,,,,22.858359051631925,23.40168324961855,23.431208023985825,23.407777935573552,22.889983855546216,22.49355869984685,22.37633358710868,22.20327354432728,21.578108883201114,21.247602933946325,21.11995570844152,,,,22.858359051631925,22.889983855546216,21.578108883201114,23.203968166352627,22.57443670579835,,22.455258679384347,#000000,0.5130617159020783,23.10288113584961,-0.8242305413610729,40.605902473997844,-13.628262846948608,False,True,False,True,False,0.0,23.500300000000003,22.5438,0.0,0.0,0.0,0.0,0.9960651046324444,0.9280987301019497,False,False,False,False,-0.271349395639759,-0.24007907027044756,False,False,False,False,210137.0,196269.15571027377,False,False,False,False,6238.799511912841,False,False,False,False
2025-05-14 17:00:00+00:00,22.69,22.79,22.68,22.76,5817.0,,,,,,,,,22.85245490964281,23.38729834413247,23.423345123654272,23.401800298695672,22.88919418646162,22.49468361045644,22.37785622516311,22.20529296751123,21.581543653590828,21.251538765663554,21.12405565770614,,,,22.85245490964281,22.88919418646162,21.581543653590828,23.188984674543754,22.575237254409853,,22.453551249334375,#000000,0.521275186269096,23.096109681469493,-0.6447835813461921,40.79925162841408,-13.628262846948608,False,True,False,True,False,0.0,23.4925,22.55305,0.0,0.0,0.0,0.0,0.9949919513503839,0.927383294580576,False,False,False,False,-0.24222897868228155,-0.24115402447636455,False,False,False,False,215954.0,196574.34709461062,False,False,False,False,6232.259984596362,False,False,False,False
2025-05-14 18:00:00+00:00,22.78,22.785,22.655,22.685,1900.0,,,,,,,,,22.850078482081905,23.38248703030303,23.420685484502503,23.399768518304352,22.888876647172104,22.494997435905347,22.378303463167992,22.205906606247215,21.5826274995811,21.25278978188914,21.125361487744467,,,,22.850078482081905,22.888876647172104,21.5826274995811,23.183931653488706,22.575442992490178,,22.452898403354467,#000000,0.5305932681595925,23.093784872015164,-0.770429812336424,40.19988550991231,-13.628262846948608,False,True,False,True,False,0.0,23.4852,22.561549999999997,0.0,0.0,0.0,0.0,0.9926759556984631,0.9285459092533047,False,False,False,False,-0.2478323973741189,-0.24449321092524173,False,False,False,False,214054.0,196845.3494652368,False,False,False,False,6165.093163129752,False,False,False,False
2025-05-14 19:00:00+00:00,22.685,22.74,22.66,22.67,6028.0,,,,,,,,,22.842120499879044,23.367260817864477,23.412163035486248,23.39323166039487,22.88777499645441,22.495901973428367,22.37963602774386,22.20777290506937,21.585996606284056,21.25669479906687,21.129442376951754,,,,22.842120499879044,22.88777499645441,21.585996606284056,23.167989075046812,22.576002062324168,,22.45072688169303,#000000,0.5399670243519031,23.08640139685768,-0.7711607896009326,39.646970811445385,-13.628262846948608,False,True,False,True,False,0.0,23.476100000000002,22.570225,0.0,0.0,0.0,0.0,0.9924865831842571,0.9313059033989267,False,False,False,False,-0.2553274849253286,-0.24991034792528516,False,False,False,False,208026.0,197018.6928843804,False,False,False,False,6162.967687732391,False,False,False,False
2025-05-15 14:00:00+00:00,22.745,23.065,22.69,22.88,6390.0,,,,,,,,,22.843933326021446,23.356124390913337,23.405643336327678,23.38825334981574,22.8877198784458,22.497773246283707,22.381885896446548,22.21050217392134,21.590151174800635,21.261352110110217,21.134264430639735,,,,22.843933326021446,22.8877198784458,21.590151174800635,23.158406316712316,22.57755807853414,,22.450691210338743,#000000,0.5450906776371326,23.082699891972787,-0.3718645361015063,42.48784676995085,-13.560918306023936,False,True,False,True,False,0.0,23.471499999999995,22.58005,0.0,0.0,0.0,0.0,0.9946808510638292,0.9187943262411348,False,False,False,False,-0.18968263322268708,-0.21979649057398612,False,False,False,False,214416.0,197288.41857609543,False,False,False,False,6166.487568542741,False,False,False,False
2025-05-15 15:00:00+00:00,22.88,22.945,22.86,22.925,3372.0,,,,,,,,,22.845633678832936,23.3508258633746,23.4024694539502,23.38582564956392,22.887788303233915,22.49883490899165,22.383140197897983,22.212001339819714,21.592386419168406,21.263846923772313,21.136844330697205,,,,22.845633678832936,22.887788303233915,21.592386419168406,23.154144043978338,22.57845852029042,,22.450872460845716,#000000,0.5493634727803506,23.081118619936245,-0.28418092514619014,45.01051874019709,-10.812245046307773,False,True,False,True,True,0.0,23.467900000000004,22.590099999999996,0.0,0.0,0.0,0.0,0.9994663820704369,0.9251156172180718,False,False,False,False,-0.1805775120428325,-0.20018700130840933,False,False,False,False,217788.0,197606.24154390788,False,False,False,False,6123.162179883164,False,False,False,False
2025-05-15 16:00:00+00:00,22.925,22.985,22.82,22.98,3271.0,,,,,,,,,22.84764806995857,23.346013744866855,23.399542417110663,23.383583933787737,22.887908733214424,22.499905247867073,22.384393391266205,22.213487510494506,21.594577559081333,21.266286679751534,21.139365604856046,,,,22.84764806995857,22.887908733214424,21.594577559081333,23.150447064947546,22.579375386386936,,22.45115571747772,#000000,0.552483801890529,23.079780551406806,-0.1806035779969824,47.48567386762575,-8.207054054901036,False,False,False,False,True,0.0,23.4585,22.601,0.0,0.0,0.0,0.0,0.9956608208280595,0.9423250768396312,False,False,False,False,-0.1805775120428325,-0.19038225667562092,False,False,False,False,221059.0,197969.85020214185,False,False,False,False,6078.942611202804,False,False,False,False
2025-05-15 17:00:00+00:00,22.98,23.045,22.96,22.995,3227.0,,,,,,,,,22.851223215237983,23.342168922649236,23.397123786923796,23.381738573326164,22.888236237076377,22.501131737893715,22.38578624549781,22.215094046205397,21.596847967871643,21.26879010302263,21.14194538575334,,,,22.851223215237983,22.888236237076377,21.596847967871643,23.148055699220272,22.580460024856766,,22.451826020132554,#000000,0.5539473175588928,23.079126291731235,-0.15186695388644125,49.364257626976325,-6.205396601638476,False,False,False,False,True,0.0,23.4482,22.612025000000003,0.0,0.0,0.0,0.0,1.0009147457006946,0.9381631906330039,False,False,False,False,-0.1444360970343078,-0.16740917685496437,False,False,False,False,224286.0,198377.85252458928,False,False,False,False,6034.7264466880315,False,False,False,False
2025-05-15 18:00:00+00:00,22.995,23.13,22.97,23.045,11527.0,,,,,,,,,22.8664677307891,23.33095132035062,23.38974138537821,23.376105948863465,22.889889859420283,22.50588386815828,22.39109803191957,22.221129564800826,21.605175729117335,21.277921738611745,21.151340558766883,,,,22.8664677307891,22.889889859420283,21.605175729117335,23.142697875203144,22.58473028109294,,22.45506415783421,#000000,0.5555636533944922,23.078198979661895,-0.05975729236253629,51.41780542744807,-4.055650247965644,False,False,True,False,True,0.0,23.439700000000002,22.622525,0.0,0.0,0.0,0.0,0.9886716608806864,0.9373287045496072,False,False,False,False,-0.12740491024189268,-0.14740704354842854,False,False,False,False,235813.0,198958.24240792898,False,False,False,False,6119.877974646356,False,False,False,False
2025-05-15 19:00:00+00:00,23.05,23.19,23.045,23.14,11622.0,,,,,,,,,22.88516914075872,23.323317849952055,23.384209806872118,23.37190038034796,22.892313060546385,22.511257792539013,22.396982809692076,22.22768279503819,21.613916878390118,21.28742885411032,21.161098937766642,,,,22.88516914075872,22.892313060546385,21.613916878390118,23.14178844192518,22.58965660195278,,22.459570755092145,"rgba(38, 166, 154, 0.5)",0.5556100210539388,23.07927851602286,0.10928795679739065,54.25105134609067,-1.2252236201220654,True,False,True,False,True,0.0,23.4319,22.6329,0.0,0.0,0.0,0.0,0.9992652461425418,0.9329537105069802,False,False,False,False,-0.10332616209391149,-0.12536660282117001,False,False,False,False,247435.0,199709.82004501534,False,False,False,False,6205.182192093699,False,False,False,False
2025-05-16 14:00:00+00:00,22.845,23.02,22.805,22.99,5167.0,,,,,,,,,22.886825632768904,23.317076764273097,23.380106030324413,23.368695884047863,22.892522973574597,22.512899549986543,22.398905824795282,22.22996610722813,21.617294789684536,21.291198064070205,21.164997048355627,,,,22.886825632768904,22.892522973574597,21.617294789684536,23.137244155301477,22.59106438460992,,22.460044424464474,#000000,0.5570790698726289,23.077307839738765,-0.15672432238161219,53.15888668976616,-1.2252236201220654,True,False,True,False,True,0.0,23.420699999999997,22.6424,0.0,0.0,0.0,0.0,0.9879120879120874,0.9346153846153847,False,False,False,False,-0.1769438224283334,-0.1511552126247517,False,False,False,False,242268.0,200369.63678850347,False,False,False,False,6189.086344154262,False,False,False,False
2025-05-16 15:00:00+00:00,23.0,23.135,22.985,23.06,3162.0,,,,,,,,,22.89006585046412,23.314551447539692,23.378313167114815,23.36730593825131,22.892989158550822,22.514183577407135,22.4003398203555,22.231594935711165,21.619543053955898,21.293665947431116,21.16753720325469,,,,22.89006585046412,22.892989158550822,21.619543053955898,23.13620258112755,22.592220170902582,,22.460917281821477,#000000,0.5579264780909923,23.07704544226317,-0.030551413013224032,53.61825287284195,-1.2252236201220654,True,False,True,False,True,0.0,23.410299999999996,22.652125,0.0,0.0,0.0,0.0,0.9939582570486997,0.9276821677041376,False,False,False,False,-0.12382906973821574,-0.13749214118148373,False,False,False,False,245430.0,201068.24707085226,False,False,False,False,6142.154772927064,False,False,False,False
2025-05-16 16:00:00+00:00,23.06,23.19,23.06,23.15,3362.0,,,,,,,,,22.894811059667198,23.312678274041026,23.376862923768616,23.366191146660782,22.89369839168876,22.51572476810854,22.402026450974244,22.233472482335028,21.622047157666945,21.296391011945886,21.17033493518039,,,,22.894811059667198,22.89369839168876,21.622047157666945,23.13616202596216,22.593634503792327,,22.46220350927613,"rgba(38, 166, 154, 0.5)",0.5585288188101892,23.077339152515393,0.13009328263381714,55.365799542001426,0.41822187492374496,True,False,True,False,True,0.0,23.399,22.662999999999997,0.0,0.0,0.0,0.0,1.018290406868234,0.9231056364315043,False,False,False,False,-0.10065860288795124,-0.11907537203471749,False,False,False,False,248792.0,201808.1502170406,False,False,False,False,6099.051598153001,False,False,False,False
2025-05-16 17:00:00+00:00,23.15,23.205,23.12,23.135,3385.0,,,,,,,,,22.899790534555585,23.311037007284607,23.37553850395149,23.365174896074585,22.894467506376717,22.517318769508293,22.403763024549804,22.23539683103748,21.624593291364476,21.299156358894113,21.173172390796438,,,,22.899790534555585,22.894467506376717,21.624593291364476,23.136402964080627,22.595103556929544,,22.463582646763054,"rgba(38, 166, 154, 0.5)",0.5573554593867115,23.07776874779213,0.10268357695974675,56.187075990196725,1.472223941620456,True,False,True,False,True,0.0,23.385099999999998,22.674375,0.0,0.0,0.0,0.0,1.0163288288288284,0.9123498498498499,False,False,False,False,-0.08734143279557618,-0.10320840241514684,False,False,False,False,245407.0,202484.1013764663,False,False,False,False,6056.973278801792,False,False,False,False
2025-05-16 18:00:00+00:00,23.13,23.185,23.12,23.15,1623.0,,,,,,,,,22.90209537072536,23.310253814407393,23.37490431607463,23.36468726355908,22.894832294724328,22.51807822381555,22.40459096724349,22.236314972229277,21.625809753231692,21.300478146598902,21.1745288399082,,,,22.90209537072536,22.894832294724328,21.625809753231692,23.136504966367053,22.59580309469746,,22.464233996592533,"rgba(38, 166, 154, 0.5)",0.555617966164152,23.07795930820307,0.12965867949569646,57.006303138540815,2.5470668529140994,True,False,True,False,True,0.0,23.3725,22.687025000000002,0.0,0.0,0.0,0.0,1.0122341426689248,0.9134199134199135,False,False,False,False,-0.09088946462132388,-0.09704893351823536,False,False,False,False,247030.0,203174.73546365288,False,False,False,False,5988.229507037423,False,False,False,False
2025-05-16 19:00:00+00:00,23.15,23.35,23.15,23.305,18628.0,,,,,,,,,22.936904346435906,23.30801558184217,23.371548413562433,23.362226003869722,22.900815007046738,22.52824782114307,22.415427822181677,22.248049210980344,21.640691202446146,21.31646267470695,21.190876232077606,,,,22.936904346435906,22.900815007046738,21.640691202446146,23.14589596359395,22.605367014476276,,22.474478574208433,"rgba(38, 166, 154, 0.5)",0.5526767378645869,23.084460268064912,0.3990392879338489,60.08169240692422,5.656880734171935,True,False,True,False,True,1.4124057558954313,23.3596,22.699949999999998,0.0,0.0,0.0,0.0,1.0114317841079454,0.9074212893553223,False,False,False,False,-0.056379676161670195,-0.07671430483995278,False,False,False,False,265658.0,204143.46824716212,False,False,False,False,6184.1949410368425,False,False,False,False
2025-05-19 14:00:00+00:00,23.5,23.7,23.43,23.67,2931.0,,,,,,,,,22.94667462619539,23.310448093722165,23.372674748704913,23.363177835079718,22.90257274774889,22.53052875921827,22.417761676055,22.25046356915141,21.643480323876233,21.319377480884587,21.193832119355022,,,,22.94667462619539,22.90257274774889,21.643480323876233,23.15092942827105,22.607587591712527,,22.477362907271964,"rgba(0, 255, 255, 0.75)",0.5485936154887513,23.0874413559453,1.0619129125950402,65.81353295176825,11.014561443681302,True,False,True,False,True,5.439149490163775,23.353099999999998,22.71475,0.0,0.0,0.0,0.0,1.0159613956941347,0.899591685226429,False,False,False,False,0.05461421428242029,-0.011050045278766248,False,False,False,False,268589.0,205142.62377821386,False,False,False,False,6133.757810168054,False,False,False,False
2025-05-19 15:00:00+00:00,23.67,23.755,23.66,23.725,2378.0,,,,,,,,,22.955731284659947,23.31315296811388,23.374031983781936,23.36431139463609,22.90422306126966,22.532567579289385,22.419829320907688,22.25258004695706,21.645868128424354,21.321854128436936,21.19633769345443,,,,22.955731284659947,22.90422306126966,21.645868128424354,23.155942083576956,22.609586847634972,,22.480044326357397,"rgba(0, 255, 255, 0.75)",0.544426609685271,23.09037804063725,1.1656703549622978,70.03266786528059,14.764279431551685,True,False,True,False,True,6.01953856811495,23.3437,22.728650000000002,0.0,0.0,0.0,0.0,1.0256935393781415,0.897784397691305,False,False,False,False,0.10510531139152345,0.047027633056378595,False,False,False,False,270967.0,206163.15674289272,False,False,False,False,6075.529006909634,False,False,False,False
2025-05-19 16:00:00+00:00,23.725,23.755,23.685,23.69,2216.0,,,,,,,,,22.96394415863703,23.31562036003075,23.375274729126787,23.36535111888069,22.905748601134114,22.534455843482572,22.421745226795608,22.254542347547908,21.64808473179977,21.32415423702935,21.1986650087977,,,,22.96394415863703,22.905748601134114,21.64808473179977,23.16050602805244,22.61143780183289,,22.48250785120566,"rgba(0, 255, 255, 0.75)",0.5402495002520481,23.093052897329066,1.1049470705524673,71.89732554876069,16.35278005162209,True,False,True,False,True,5.582945571358653,23.338800000000003,22.74225,0.0,0.0,0.0,0.0,1.0261838440111417,0.8917363045496749,False,False,False,False,0.10955620070866479,0.07829191688252168,False,False,False,False,268751.0,207133.51090191762,False,False,False,False,6015.691347887779,False,False,False,False
2025-05-19 17:00:00+00:00,23.69,23.715,23.65,23.715,5674.0,,,,,,,,,22.983727773502043,23.321539206859473,23.37825885413653,23.36785763928174,22.909548091818518,22.539195034308307,22.426561874135462,22.259485493859483,21.653692934875437,21.32998244809292,21.204565013329976,,,,22.983727773502043,22.909548091818518,21.653692934875437,23.171511955120973,22.61607737874347,,22.488583124018174,"rgba(0, 255, 255, 0.75)",0.5414573511026775,23.099515750487228,1.1367178749338955,73.37037137712858,17.72356259645653,True,False,True,False,True,5.854524864437355,23.3325,22.7555,0.0,0.0,0.0,0.0,1.0248240088921818,0.8934790663208594,False,False,False,False,0.09621578711894614,0.0872538520007339,False,False,False,False,274425.0,208176.78980266306,False,False,False,False,6010.393807610449,False,False,False,False
2025-05-19 18:00:00+00:00,23.71,23.755,23.69,23.745,3993.0,,,,,,,,,22.99770567522265,23.325994461152952,23.380566052509966,23.36979486767278,22.912324090636766,22.542612225048973,22.4300271885139,22.263032290513944,21.65769184774022,21.334130179017276,21.20876128385784,,,,22.99770567522265,22.912324090636766,21.65769184774022,23.179513917046723,22.6194289570875,,22.492967287444298,"rgba(0, 255, 255, 0.75)",0.5428586994491591,23.104207801763053,1.1804032962668967,74.64293554507995,19.029294197378235,True,False,True,False,True,6.18419064126655,23.3254,22.768375000000002,0.0,0.0,0.0,0.0,1.0262428386619844,0.8922565145074846,False,False,False,False,0.11044689203600727,0.09885037201837059,False,False,False,False,278418.0,209265.80081347446,False,False,False,False,5979.116384236643,False,False,False,False
2025-05-19 19:00:00+00:00,23.75,23.86,23.715,23.825,8086.0,,,,,,,,,23.02702438950904,23.33623803898616,23.386064359833178,23.374405200051434,22.9183648214774,22.54987689341161,22.437363313547543,22.27050279775121,21.666014776819065,21.34272988261594,21.217451093590025,,,,23.02702438950904,22.9183648214774,21.666014776819065,23.1970094639314,22.626578574335227,,22.502366869781145,"rgba(0, 255, 255, 0.75)",0.5448561426801398,23.11444833981777,1.3041087445339896,76.24736330206034,20.719051989669666,True,False,True,False,True,7.065529563847335,23.3235,22.782124999999997,0.0,0.0,0.0,0.0,1.027022058823529,0.888970588235294,False,False,False,False,0.13367045807298847,0.11626041504567952,False,False,False,False,286504.0,210463.29227373065,False,False,False,False,6011.78124649654,False,False,False,False
2025-05-20 14:00:00+00:00,24.115,24.24,24.07,24.155,2858.0,,,,,,,,,23.04140793058728,23.342444581482223,23.38961066680438,23.377350766911068,22.921332123789846,22.55314802058939,22.44060815406529,22.27373474207139,21.669427877585196,21.346192175882496,21.220928872494113,,,,23.04140793058728,22.921332123789846,21.669427877585196,23.206462654204834,22.629843201937934,,22.50692599202388,"rgba(0, 255, 0, 1.0)",0.5514360858311879,23.119923224659093,1.8770566561321813,79.47907337663622,23.90333473188265,True,False,True,False,True,10.540412112649186,23.3277,22.798425,0.0,0.0,0.0,0.0,1.030599311968133,0.8832156436719173,False,False,False,False,0.2685122815254772,0.19238634828557835,False,False,False,False,289362.0,211686.5280524325,False,False,False,False,5962.885413217524,False,False,False,False
2025-05-20 15:00:00+00:00,24.165,24.18,24.075,24.115,1390.0,,,,,,,,,23.048076472831433,23.345312954472387,23.391252759968367,23.37871732524667,22.922733230298142,22.55470277690315,22.442152800111813,22.27527621654916,21.671063366659165,21.34785404717288,21.22259910671717,,,,23.048076472831433,22.922733230298142,21.671063366659165,23.2108418922804,22.63139306933205,,22.50906736881185,"rgba(0, 255, 0, 1.0)",0.5570255060717404,23.122465441106893,1.7818475959793387,80.45106777012595,24.970805739101294,True,False,True,False,True,10.002635018464872,23.3306,22.8138,0.0,0.0,0.0,0.0,1.0306637806637802,0.8858225108225106,False,False,False,False,0.25814531757255066,0.2252658329290645,False,False,False,False,287972.0,212869.2485477436,False,False,False,False,5891.987964950585,False,False,False,False
2025-05-20 16:00:00+00:00,24.115,24.26,24.1,24.25,1337.0,,,,,,,,,23.054885132206326,23.348333802938065,23.39299716643184,23.380167777023516,22.924167430328094,22.556271469824978,22.44370644936103,22.276820572299933,21.67268569258127,21.349496697582577,21.224248100358682,,,,23.054885132206326,22.924167430328094,21.67268569258127,23.21538071474015,22.632960583741976,,22.511252753721482,"rgba(0, 255, 0, 1.0)",0.5650045284041366,23.125097460049563,1.990961989504297,81.89415533868046,26.549900064827852,True,False,True,False,True,11.380072303838851,23.329,22.8293,0.0,0.0,0.0,0.0,1.0317489114658922,0.8929608127721332,False,False,False,False,0.2779859059819106,0.25162586945548754,False,False,False,False,289309.0,214054.36097336,False,False,False,False,5821.367996501738,False,False,False,False
2025-05-20 17:00:00+00:00,24.25,24.28,24.18,24.275,1881.0,,,,,,,,,23.064671987210872,23.352753308370442,23.39556422927013,23.382302627175704,22.926245296652713,22.55852908977794,22.44593926218126,22.279036014379653,21.675002117654483,21.351838208793207,21.22659735604903,,,,23.064671987210872,22.926245296652713,21.675002117654483,23.221962826137936,22.635218977658198,,22.514407227046856,"rgba(0, 255, 0, 1.0)",0.5729104217514416,23.12891530562284,2.000460544727863,82.99548366652397,27.841910095431217,True,False,True,False,True,11.633826789841113,23.3304,22.84595,0.0,0.0,0.0,0.0,1.038769566800145,0.8840553330906441,False,False,False,False,0.29708198745082764,0.2743539284531576,False,False,False,False,291190.0,215250.26235361796,False,False,False,False,5760.277019811789,False,False,False,False
2025-05-20 18:00:00+00:00,24.27,24.38,24.23,24.37,1868.0,,,,,,,,,23.07489473296213,23.357497155591954,23.398341917291642,23.38461203004895,22.928429729419022,22.560873420731344,22.44825157968706,22.28132240381955,21.677371377354927,21.354225324916637,21.228989787047244,,,,23.07489473296213,22.928429729419022,21.677371377354927,23.2289318838573,22.637568972364928,,22.517709950806402,"rgba(0, 255, 0, 1.0)",0.5814188687176945,23.13295642235674,2.1276288820339277,84.24792065644655,29.297282618971565,True,False,True,False,True,12.598922023065562,23.3392,22.863525,0.0,0.0,0.0,0.0,1.0436840189297412,0.8758645795413176,False,False,False,False,0.3261309218090055,0.30024242513108157,False,False,False,False,293058.0,216456.58386751535,False,False,False,False,5699.931639659668,False,False,False,False
2025-05-20 19:00:00+00:00,24.365,24.445,24.34,24.425,10105.0,,,,,,,,,23.130662785077966,23.384346783331562,23.41430273640404,23.3979125181424,22.94077082836505,22.57399410729029,22.461168741274058,22.294063015251584,21.69048368877581,21.36740372724385,21.242186692509136,,,,23.130662785077966,22.94077082836505,21.69048368877581,23.267687147031033,22.650740880590416,,22.536117783969612,"rgba(0, 255, 0, 1.0)",0.5896085279372056,23.15551006304986,2.1531064711556267,85.36561060595471,30.63110783654328,True,False,True,False,True,13.155373970483918,23.3495,22.88065,0.0,0.0,0.0,0.0,1.0493265380414996,0.8702220604295593,False,False,False,False,0.34282821583947887,0.3215353204852802,False,False,False,False,303163.0,217800.8693889492,False,False,False,False,5768.227273153317,False,False,False,False
2025-05-21 14:00:00+00:00,24.645,24.645,24.495,24.555,3399.0,,,,,,,,,23.15063473271393,23.394455069835402,23.42041715129005,23.40301553916695,22.94532943097646,22.578751914625943,22.46583387209186,22.298640072911148,21.69512709816409,21.372045645734424,21.246826843054905,,,,23.15063473271393,22.94532943097646,21.69512709816409,23.281929426495395,22.65553206806731,,22.54282521550592,"rgba(0, 255, 0, 1.0)",0.6007086655783841,23.16382334284223,2.315892439837359,86.71203494349257,32.170596422664474,True,False,True,False,True,14.457492637269791,23.3638,22.898325,0.0,0.0,0.0,0.0,1.0542069720751959,0.8689541887205693,False,False,False,False,0.3428282191039483,0.3321817697946142,False,False,False,False,306562.0,219177.01094881046,False,False,False,False,5731.495067367994,False,False,False,False
2025-05-21 15:00:00+00:00,24.53,24.84,24.53,24.795,3434.0,,,,,,,,,23.172428705701112,23.405836690065993,23.427365447272052,23.408815014798876,22.950352038745244,22.583913000583976,22.47087626987024,22.30356392700818,21.700058376174447,21.376951133473213,21.251722351022128,,,,23.172428705701112,22.950352038745244,21.700058376174447,23.297722867319393,22.660743455687083,,22.550171177701404,"rgba(0, 255, 0, 1.0)",0.6169256675478341,23.173048053075853,2.6290881255939786,88.42917703260312,34.02124296279044,True,False,True,False,True,16.7672057539665,23.385,22.9173,0.0,0.0,0.0,0.0,1.0464396284829718,0.8694226916772899,False,False,False,False,0.34282822093934545,0.33750499536697987,False,False,False,False,309996.0,220585.05729068938,False,False,False,False,5695.874988804148,False,False,False,False
2025-05-21 16:00:00+00:00,24.795,24.88,24.77,24.85,3753.0,,,,,,,,,23.19723371601769,23.419091269330757,23.435522707936876,23.415629336847854,22.956152842191653,22.589818320787593,22.476633488784636,22.309169793592385,21.705627889544207,21.382474349214053,21.25722854467373,,,,23.19723371601769,22.956152842191653,21.705627889544207,23.315914731153605,22.6667159433984,,22.558598387174673,"rgba(0, 255, 0, 1.0)",0.6333619860754718,23.18369355749844,2.630891147772489,89.72703535232668,35.45107566198402,True,False,True,False,True,17.28211820541584,23.4004,22.941,0.0,0.0,0.0,0.0,1.049570148161697,0.8725077739162245,False,False,False,False,0.34282822293154375,0.3401666091492618,False,False,False,False,313749.0,222029.45950323684,False,False,False,False,5665.752895954472,False,False,False,False
2025-05-21 17:00:00+00:00,24.85,24.935,24.78,24.86,3569.0,,,,,,,,,23.22049500256345,23.431688489090433,23.443329892009583,23.422162577848276,22.961709215249268,22.59546768517612,22.482140278910578,22.31453039196507,21.71094819560297,21.387748358781543,21.262485597551155,,,,23.22049500256345,22.961709215249268,21.71094819560297,23.333097811780444,22.67243041877558,,22.566609607704404,"rgba(0, 255, 0, 1.0)",0.6509339651816359,23.19378284456036,2.5597330060579955,90.62148456249109,36.511581941606494,True,False,True,False,True,17.37664947828606,23.411199999999997,22.964850000000002,0.0,0.0,0.0,0.0,1.0517526151587444,0.8689667828959441,False,False,False,False,0.34282822336056895,0.34149741625491536,False,False,False,False,317318.0,223506.80121636493,False,False,False,False,5633.245099117968,False,False,False,False
2025-05-21 18:00:00+00:00,24.855,25.07,24.795,25.06,5347.0,,,,,,,,,23.256547814401895,23.451664104786165,23.45581868781214,23.432626742552568,22.970481513231825,22.604312644697732,22.49074568136997,22.322885872217896,21.719179663475895,21.395884493200203,21.27058754753495,,,,23.256547814401895,22.970481513231825,21.719179663475895,23.36005167621492,22.681390146451328,,22.579157705934662,"rgba(0, 255, 0, 1.0)",0.6731587366177045,23.20965498863391,2.7487499020857573,91.73474649120615,37.78419030673861,True,False,True,False,True,19.240403790902253,23.4273,22.990299999999998,0.0,0.0,0.0,0.0,1.0651291512915126,0.8571955719557193,False,False,False,False,0.34282822430736226,0.3421628202811388,False,False,False,False,322665.0,225044.13763161507,False,False,False,False,5628.807190604511,False,False,False,False
2025-05-21 19:00:00+00:00,25.06,25.14,25.02,25.03,46164.0,,,,,,,,,23.52879080647354,23.613662002038016,23.56153913659165,23.522284569345132,23.046356904075648,22.680773867618253,22.56519872063319,22.395230928293703,21.790439594576902,21.466319987940718,21.340726904811902,,,,23.52879080647354,23.046356904075648,21.790439594576902,23.57149277899383,22.75881070012449,,22.68284758385442,"rgba(0, 255, 0, 1.0)",0.693116411838891,23.337616401105056,2.441701812261121,91.43290193850017,37.78419030673861,True,False,True,False,True,18.776158214001537,23.4406,23.015,0.0,0.0,0.0,0.0,1.0739025745508424,0.8466382663456193,False,False,False,False,0.3428282260105012,0.34249552314582,False,False,False,False,276501.0,225841.918443528,False,False,False,False,6257.259792300565,False,False,False,False
2025-05-22 14:00:00+00:00,24.59,24.92,24.495,24.9,5226.0,,,,,,,,,23.549635634459875,23.62669054549213,23.570482065713104,23.53001277920734,23.05340897595932,22.68810803397415,22.572404074430928,22.402311746940715,21.7976138003568,21.473490782660893,21.3478945890722,,,,23.549635634459875,23.05340897595932,21.7976138003568,23.5881250839733,22.76618988659817,,22.69200482075159,"rgba(0, 255, 0, 1.0)",0.7087579034944328,23.34816097985728,2.189519175012499,86.99946905868225,40.86763506548887,True,False,True,False,False,16.777029958471488,23.4518,23.0399,0.0,0.0,0.0,0.0,1.0585766423357659,0.8478102189781019,False,False,False,False,0.24023135704592744,0.2913634400958737,False,False,False,False,271275.0,226546.30730486865,False,False,False,False,6241.271268388928,False,False,False,False
2025-05-22 15:00:00+00:00,24.87,25.03,24.805,24.97,5116.0,,,,,,,,,23.572013732554083,23.640943338571688,23.580282795694405,23.53846936822679,23.060907947409188,22.69579709960736,22.57993281132106,22.40967780812883,21.804987509015675,21.48082671849729,21.3552158139827,,,,23.572013732554083,23.060907947409188,21.804987509015675,23.60615295292415,22.773945615368056,,22.70173226754628,"rgba(0, 255, 0, 1.0)",0.7253127812404024,23.359566082964356,2.220330261217153,84.61288938752108,38.65934149477417,True,False,True,False,False,17.45111355251553,23.4652,23.065700000000003,0.0,0.0,0.0,0.0,1.0728464760517205,0.8424694955381532,False,False,False,False,0.2973314443175479,0.29434744220671083,False,False,False,False,276391.0,227319.0932381265,False,False,False,False,6223.825202212355,False,False,False,False
2025-05-22 16:00:00+00:00,24.975,25.13,24.94,25.025,2319.0,,,,,,,,,23.58262361718844,23.647777120904887,23.58499278617409,23.542532182638997,23.06446177435662,22.69941483694334,22.5834691132807,22.413129901031237,21.808421360944894,21.484234520405636,21.358613920494612,,,,23.58262361718844,23.06446177435662,21.808421360944894,23.614749652614346,22.77759935987798,,22.706333739487587,"rgba(0, 255, 0, 1.0)",0.742395671682823,23.36500554066025,2.2359969523757623,83.45562760081972,37.57005090673856,True,False,True,False,False,17.980389576659398,23.508899999999997,23.091875,0.0,0.0,0.0,0.0,1.098575920103569,0.8320695394858515,False,False,False,False,0.33009902738274416,0.31222323479472747,False,False,False,False,278710.0,228115.85148249663,False,False,False,False,6163.285276596659,False,False,False,False
2025-05-22 17:00:00+00:00,25.025,25.025,24.895,25.005,1262.0,,,,,,,,,23.58810969264039,23.651316793288192,23.587443243250803,23.544650108154993,23.066334832132178,22.701331184401514,22.58534484126613,22.414964141570582,21.81025419531078,21.48605671922159,21.36043204333761,,,,23.58810969264039,23.066334832132178,21.81025419531078,23.619199189910518,22.779532901088476,,22.70874889041589,"rgba(0, 255, 0, 1.0)",0.7582239798395061,23.367835199676527,2.159210001073841,81.98825394781363,36.1283392539424,True,False,True,False,False,17.66416302338961,23.5554,23.1191,0.0,0.0,0.0,0.0,1.0898415657036342,0.8374650512581545,False,False,False,False,0.3091087256816255,0.3106659802381765,False,False,False,False,277448.0,228880.69099439587,False,False,False,False,6087.296357579657,False,False,False,False
2025-05-22 18:00:00+00:00,25.005,25.09,24.955,24.975,2782.0,,,,,,,,,23.600324702859968,23.659238569650785,23.59293731203026,23.54939976987361,23.070519217178845,22.705602951598408,22.589524048532382,22.41904824928099,21.814327432944637,21.490103328773472,21.364468588037862,,,,23.600324702859968,23.070519217178845,21.814327432944637,23.629132549116495,22.78384458246345,,22.714135833705566,"rgba(0, 255, 0, 1.0)",0.7725275994370345,23.374158757448168,2.0722123633102787,79.91354681273548,34.111923100261265,True,False,True,False,False,17.18428699340287,23.604,23.1477,0.0,0.0,0.0,0.0,1.0859273066169612,0.8335507921714816,False,False,False,False,0.3265815426361421,0.3186237614371593,False,False,False,False,274666.0,229590.54074642074,False,False,False,False,6036.05145281098,False,False,False,False
2025-05-22 19:00:00+00:00,24.98,25.015,24.84,24.845,3618.0,,,,,,,,,23.61471788930449,23.66859870654755,23.599484732225523,23.555081984528723,23.075635783578218,22.710878344077692,22.594698693128056,22.42412227500707,21.81943270709227,21.495192854865067,21.369551428539282,,,,23.61471788930449,23.075635783578218,21.81943270709227,23.64085612564306,22.78915914211816,,22.72067230899036,"rgba(0, 255, 0, 1.0)",0.7836770742830312,23.381697237303705,1.8672267069124582,74.27149275889312,28.903445628396213,True,False,True,False,False,15.120630105584965,23.652600000000003,23.173275,0.0,0.0,0.0,0.0,1.0819672131147535,0.8369970193740683,False,False,False,False,0.3000952582897698,0.30935950986346455,False,False,False,False,271048.0,230233.29205267777,False,False,False,False,5998.562282999957,False,False,False,False
2025-05-23 14:00:00+00:00,25.11,25.325,25.06,25.31,8588.0,,,,,,,,,23.656134340036065,23.6960958288183,23.61866401450367,23.5716596818211,23.089854344677093,22.725181378981052,22.608643249921126,22.43768606964166,21.832781108065795,21.508384094107797,21.382686153020856,,,,23.656134340036065,23.089854344677093,21.832781108065795,23.674943590434534,22.80363345054693,,22.738888205781322,"rgba(0, 255, 0, 1.0)",0.8046009978652898,23.403427218542603,2.36958789078783,75.49779782214571,28.903445628396213,True,False,True,False,False,19.643679498920058,23.7089,23.202800000000003,0.0,0.0,0.0,0.0,1.0808769344141484,0.8238761974944727,False,False,False,False,0.34282822718533584,0.3260938685244002,False,False,False,False,279636.0,230999.22550922542,False,False,False,False,6038.7086041937555,False,False,False,False
2025-05-23 15:00:00+00:00,25.28,25.41,25.23,25.325,4177.0,,,,,,,,,23.676628262874008,23.709886570124848,23.62834181147995,23.580035501869247,23.0969901006671,22.732327218316183,22.615603266388234,22.444446900150837,21.839406690684097,21.514920665275778,21.389190957204292,,,,23.676628262874008,23.0969901006671,21.839406690684097,23.691928626929997,22.810870238608803,,22.747979813184962,"rgba(0, 255, 0, 1.0)",0.8248129736137128,23.414301302976146,2.316523573401862,76.42160545405288,28.903445628396213,True,False,True,False,True,19.780974611128325,23.7663,23.232025,0.0,0.0,0.0,0.0,1.0866838804869048,0.8222058281077089,False,False,False,False,0.34282822840459204,0.3344610484644961,False,False,False,False,283813.0,231818.04371838472,False,False,False,False,6009.84490490393,False,False,False,False
2025-05-23 16:00:00+00:00,25.325,25.525,25.28,25.49,4311.0,,,,,,,,,23.698636822447302,23.724831259861496,23.638856803879513,23.589137056483874,23.10466887383533,22.739972730856397,22.623039693658004,22.451656961173917,21.846433663652693,21.521837737472246,21.396069109584946,,,,23.698636822447302,23.10466887383533,21.846433663652693,23.71025365054311,22.818621010308046,,22.757740064809614,"rgba(0, 255, 0, 1.0)",0.8474422938710898,23.42604447825226,2.4355115819387017,78.13685461896836,28.903445628396213,True,False,True,False,True,20.0,23.8229,23.26015,0.0,0.0,0.0,0.0,1.0869807121661716,0.8258531157270026,False,False,False,False,0.3428282291369782,0.33864463880073714,False,False,False,False,288124.0,232691.0042808904,False,False,False,False,5983.506224207745,False,False,False,False
2025-05-23 17:00:00+00:00,25.485,25.64,25.455,25.55,2701.0,,,,,,,,,23.713056420617164,23.734694205922647,23.645807241937423,23.595152257798553,23.109694141801725,22.744947564115922,22.627871616442793,22.456332782313083,21.850965140709775,21.526288049041074,21.400490849469136,,,,23.713056420617164,23.109694141801725,21.850965140709775,23.722304423213536,22.82366961221677,,22.76411820637903,"rgba(0, 255, 0, 1.0)",0.871859915188079,23.610501458278414,2.2245529447275887,79.63953911414507,24.802968746804083,True,False,True,False,True,20.0,23.8777,23.288024999999998,0.0,0.0,0.0,0.0,1.0868596881959907,0.821083890126206,False,False,False,False,0.3428282303289684,0.3407364345648528,False,False,False,False,290825.0,233592.3065401014,False,False,False,False,5932.614654840183,False,False,False,False
2025-05-23 18:00:00+00:00,25.55,25.575,25.465,25.53,1778.0,,,,,,,,,23.72229875980967,23.741040011307334,23.65029522942696,23.59904136897807,23.11295708612882,22.74818364407095,22.631016492668444,22.459378233470954,21.853921918731697,21.529194035380147,21.40337891998305,,,,23.72229875980967,23.11295708612882,21.853921918731697,23.730043838236384,22.82695239892952,,22.768245972723278,"rgba(0, 255, 0, 1.0)",0.8943209613902796,23.614658227130498,2.1416715648618823,80.05036603013937,25.39528876959234,True,False,True,False,True,20.0,23.9273,23.317875,0.0,0.0,0.0,0.0,1.0863577144984176,0.8233761399590541,False,False,False,False,0.33621881406288356,0.3384776243138682,False,False,False,False,289047.0,234452.06922940214,False,False,False,False,5868.202024532583,False,False,False,False
2025-05-23 19:00:00+00:00,25.51,25.57,25.33,25.43,8385.0,,,,,,,,,23.762762408941274,23.769053257708833,23.670282712179272,23.616419058042922,23.127720087166757,22.762906833868204,22.645348348147575,22.473286480493048,21.86749946053226,21.54256847460351,21.416681211807084,,,,23.762762408941274,23.127720087166757,21.86749946053226,23.76407496152549,22.841870786463353,,22.786775303044614,"rgba(0, 255, 0, 1.0)",0.9131083828982024,23.631965404156084,1.969136007860273,77.42164312117322,25.39528876959234,True,False,True,False,False,19.85227816627241,23.977200000000003,23.347174999999996,0.0,0.0,0.0,0.0,1.075282773966252,0.8282959391804187,False,False,False,False,0.31952034474763796,0.32899898453075305,False,False,False,False,280662.0,235168.50226460522,False,False,False,False,5907.22214818324,False,False,False,False
2025-05-26 14:00:00+00:00,25.43,25.43,25.43,25.43,0.0,,,,,,,,,23.762762408941274,23.769053257708833,23.670282712179272,23.616419058042922,23.127720087166757,22.762906833868204,22.645348348147575,22.473286480493048,21.86749946053226,21.54256847460351,21.416681211807084,,,,23.762762408941274,23.127720087166757,21.86749946053226,23.76407496152549,22.841870786463353,,22.786775303044614,"rgba(0, 255, 0, 1.0)",0.9315974849010298,23.631965404156084,1.9300552276984022,75.66916118186245,25.39528876959234,False,False,True,False,False,19.8522781662724,24.0236,23.376675,0.0,0.0,0.0,0.0,1.0782122905027929,0.8329608938547483,False,False,False,False,0.31478120546686106,0.32189009499880705,False,False,False,False,280662.0,235873.82781089042,False,False,False,False,5815.637308676523,False,False,False,False
2025-05-26 15:00:00+00:00,25.43,25.43,25.43,25.43,0.0,,,,,,,,,23.762762408941274,23.769053257708833,23.670282712179272,23.616419058042922,23.127720087166757,22.762906833868204,22.645348348147575,22.473286480493048,21.86749946053226,21.54256847460351,21.416681211807084,,,,23.762762408941274,23.127720087166757,21.86749946053226,23.76407496152549,22.841870786463353,,22.786775303044614,"rgba(0, 255, 0, 1.0)",0.9492715462229542,23.631965404156084,1.8941203947364644,74.5008398889886,28.99320448929892,False,False,True,False,False,19.85227816627241,24.0672,23.407625,0.0,0.0,0.0,0.0,1.0772548284267762,0.8359272454528405,False,False,False,False,0.31478120546686106,0.31833565023283406,False,False,False,False,280662.0,236568.21807738824,False,False,False,False,5725.472389162159,False,False,False,False
2025-05-26 16:00:00+00:00,25.43,25.43,25.43,25.43,0.0,,,,,,,,,23.762762408941274,23.769053257708833,23.670282712179272,23.616419058042922,23.127720087166757,22.762906833868204,22.645348348147575,22.473286480493048,21.86749946053226,21.54256847460351,21.416681211807084,,,,23.762762408941274,23.127720087166757,21.86749946053226,23.76407496152549,22.841870786463353,,22.786775303044614,"rgba(0, 255, 0, 1.0)",0.9661873244593903,23.631965404156084,1.8609585846615906,73.7219590270727,28.055826221947186,False,False,True,False,False,19.85227816627241,24.1199,23.437925,0.0,0.0,0.0,0.0,1.0840733043642543,0.8310976761760813,False,False,False,False,0.31478120546686106,0.31655842784984756,False,False,False,False,280662.0,237251.8426033202,False,False,False,False,5636.705375376699,False,False,False,False
2025-05-26 17:00:00+00:00,25.43,25.43,25.43,25.43,0.0,,,,,,,,,23.762762408941274,23.769053257708833,23.670282712179272,23.616419058042922,23.127720087166757,22.762906833868204,22.645348348147575,22.473286480493048,21.86749946053226,21.54256847460351,21.416681211807084,,,,23.762762408941274,23.127720087166757,21.86749946053226,23.76407496152549,22.841870786463353,,22.786775303044614,"rgba(0, 255, 0, 1.0)",0.981210467729544,23.631965404156084,1.832465770574634,73.20270511912877,27.31370467752373,False,False,True,False,False,19.8522781662724,24.1747,23.46625,0.0,0.0,0.0,0.0,1.0803044719314934,0.8359657469077066,False,False,False,False,0.31478120546686106,0.3156698166583543,False,False,False,False,280662.0,237924.86829939275,False,False,False,False,5549.314594363106,False,False,False,False
2025-05-26 18:00:00+00:00,25.43,25.43,25.43,25.43,0.0,,,,,,,,,23.762762408941274,23.769053257708833,23.670282712179272,23.616419058042922,23.127720087166757,22.762906833868204,22.645348348147575,22.473286480493048,21.86749946053226,21.54256847460351,21.416681211807084,,,,23.762762408941274,23.127720087166757,21.86749946053226,23.76407496152549,22.841870786463353,,22.786775303044614,"rgba(0, 255, 0, 1.0)",0.9963795136067296,23.631965404156084,1.8045680097690155,72.85653584716614,26.695077063074677,False,False,True,False,False,19.8522781662724,24.229699999999998,23.4939,0.0,0.0,0.0,0.0,1.0797933409873706,0.834290088021431,False,False,False,False,0.31478120546686106,0.31522551106260766,False,False,False,False,280662.0,238587.45948854944,False,False,False,False,5463.2787091791815,False,False,False,False
2025-05-26 19:00:00+00:00,25.43,25.43,25.43,25.43,0.0,,,,,,,,,23.762762408941274,23.769053257708833,23.670282712179272,23.616419058042922,23.127720087166757,22.762906833868204,22.645348348147575,22.473286480493048,21.86749946053226,21.54256847460351,21.416681211807084,,,,23.762762408941274,23.127720087166757,21.86749946053226,23.76407496152549,22.841870786463353,,22.786775303044614,"rgba(0, 255, 0, 1.0)",1.0115304032785193,23.631965404156084,1.7775388559911007,72.62575633252439,26.159460512069444,False,False,True,False,False,19.8522781662724,24.2831,23.519025000000003,0.0,0.0,0.0,0.0,1.0758713652994412,0.8384363566339301,False,False,False,False,0.31478120546686106,0.31500335826473436,False,False,False,False,280662.0,239239.77794609132,False,False,False,False,5378.576713688031,False,False,False,False
2025-05-27 14:00:00+00:00,25.12,25.23,25.02,25.18,6970.0,,,,,,,,,23.789226566338836,23.787598542124478,23.68380687117018,23.62828544265291,23.138278643451414,22.773667418128284,22.655885466816343,22.483591511548575,21.877767465454514,21.552766873270567,21.4268533328112,,,,23.789226566338836,23.138278643451414,21.877767465454514,23.786478094634408,22.852727564779354,,22.799793466706117,"rgba(0, 255, 255, 0.75)",1.0216080902626683,23.638908710769982,1.508495580564347,63.321615646780614,17.449290024445617,False,True,True,False,False,15.445790605122532,24.333000000000002,23.543274999999998,0.0,0.0,0.0,0.0,1.0728628800917952,0.8364888123924266,False,False,False,False,0.24404955121776778,0.27952645474125104,False,False,False,False,273692.0,239773.9209236713,False,False,False,False,5403.249942933178,False,False,False,False
2025-05-27 15:00:00+00:00,25.16,25.235,25.01,25.1,2576.0,,,,,,,,,23.798553004318407,23.794185926666557,23.6886467309399,23.6325433758225,23.142098225816397,22.77757251941346,22.659713250159164,22.48733962506192,21.881513298000193,21.55649180463181,21.430570191344835,,,,23.798553004318407,23.142098225816397,21.881513298000193,23.794405765442708,22.856664864991455,,22.80447526837956,"rgba(0, 255, 255, 0.75)",1.02999158135283,23.64223623239214,1.415316196752967,55.32364955115643,10.466154490074011,False,True,True,False,False,14.094282913738624,24.3816,23.566774999999996,0.0,0.0,0.0,0.0,1.0724665391969403,0.835946462715105,False,False,False,False,0.24348044464991864,0.2615034496955848,False,False,False,False,271116.0,240259.84463028106,False,False,False,False,5359.416610484602,False,False,False,False
2025-05-27 16:00:00+00:00,25.095,25.17,25.08,25.11,2045.0,,,,,,,,,23.805891804646926,23.799388679513214,23.692479074827872,23.63591762156726,23.145127627852524,22.780669996756114,22.66274969532667,22.49031317986674,21.884485410733497,21.559447507567704,21.433519547620314,,,,23.805891804646926,23.145127627852524,21.884485410733497,23.800655800509684,22.859787709152933,,22.808180922388985,"rgba(0, 255, 255, 0.75)",1.0378988433412257,23.645149200672677,1.4113618188566859,50.32852138568104,6.414330502791117,False,True,False,True,False,14.210146028543214,24.426200000000005,23.587024999999997,0.0,0.0,0.0,0.0,1.0807044706793105,0.8389781304431969,False,False,False,False,0.24404955121776778,0.2527765004566763,False,False,False,False,273161.0,240769.94006236971,False,False,False,False,5308.03030644608,False,False,False,False
2025-05-27 17:00:00+00:00,25.095,25.115,24.98,24.98,2091.0,,,,,,,,,23.812775459962552,23.80428674909264,23.69611709475587,23.639132132776883,23.148067048039216,22.7837004153009,22.665726968191358,22.493237095674385,21.887429678802626,21.56238412962663,21.436452786076725,,,,23.812775459962552,23.148067048039216,21.887429678802626,23.80652998273764,22.862838064149535,,22.81175541439089,"rgba(0, 255, 255, 0.75)",1.04411812437947,23.64753800363335,1.2761602018531626,44.36464968431967,1.407128280924674,False,True,False,True,False,12.014333723057014,24.467299999999994,23.606875,0.0,0.0,0.0,0.0,1.0686711930164885,0.8409311348205625,False,False,False,False,0.22647723251189353,0.23962686648428494,False,False,False,False,271070.0,241239.70843349575,False,False,False,False,5258.153867586451,False,False,False,False
2025-05-27 18:00:00+00:00,24.98,25.015,24.89,24.95,4308.0,,,,,,,,,23.82587203394656,23.813656755604004,23.703139898882363,23.645360205561108,23.15385864435271,22.789714694748234,22.671647393486488,22.499066028566453,21.893336890142287,21.56829086447604,21.442357748320546,,,,23.82587203394656,23.15385864435271,21.893336890142287,23.817738574803105,22.868883333512464,,22.818754650735166,"rgba(0, 255, 255, 0.75)",1.0492191734208436,23.651918046232197,1.2371885556909656,39.86550686188798,-2.3115309362513017,False,True,False,True,False,11.51289985886693,24.506700000000002,23.625024999999997,0.0,0.0,0.0,0.0,1.0638463031243932,0.843780322142441,False,False,False,False,0.2051218931900529,0.2223743798371689,False,False,False,False,266762.0,241635.40287638726,False,False,False,False,5243.4227998719325,False,False,False,False
2025-05-27 19:00:00+00:00,24.95,25.01,24.845,24.85,11312.0,,,,,,,,,23.857403849475737,23.83649774112271,23.720488159156368,23.660820739968734,23.168472642001024,22.804987777689686,22.686710583593126,22.513931583516925,21.90848841841154,21.58347551512992,21.457549469943423,,,,23.857403849475737,23.168472642001024,21.90848841841154,23.844899023797023,22.88421466114614,,22.836256952728107,"rgba(38, 166, 154, 1.0)",1.0533222858355755,23.664225365714017,1.1257472192808844,35.28571106296041,-6.2467561359968755,False,True,False,True,False,9.849769850601618,24.5438,23.641824999999997,0.0,0.0,0.0,0.0,1.0599418040737143,0.8469447138700289,False,False,False,False,0.19953335405035938,0.21095386694376414,False,False,False,False,255450.0,241849.58267675337,False,False,False,False,5337.509268090972,False,False,False,False
2025-05-28 14:00:00+00:00,24.95,24.985,24.855,24.905,939.0,,,,,,,,,23.859970757437512,23.838373914982025,23.721921677787822,23.662100625991698,23.169684008526875,22.80625365964818,22.68795929676011,22.515164141255376,21.90974484912467,21.58473480450963,21.458809385764358,,,,23.859970757437512,23.169684008526875,21.90974484912467,23.847120210353197,22.885485255964756,,22.83770155652621,"rgba(38, 166, 154, 1.0)",1.057549513248915,23.66538728010549,1.1721557282800643,34.36967589721698,-6.997363913731199,False,True,False,True,False,10.54517416880789,24.581,23.657474999999998,0.0,0.0,0.0,0.0,1.0588690937257936,0.8466305189775367,False,False,False,False,0.19785920336689228,0.2044065351553282,False,False,False,False,256389.0,242074.9999995944,False,False,False,False,5269.315325950027,False,False,False,False
2025-05-28 15:00:00+00:00,24.9,24.95,24.75,24.79,1418.0,,,,,,,,24.830000000000002,23.863513152732743,23.84097210673684,23.723926185042167,23.663897671117827,23.171421196943427,22.80808547489753,22.6897704787142,22.516957210424483,21.91158660943954,21.58658618435754,21.46066351745823,,,24.830000000000002,23.863513152732743,23.171421196943427,21.91158660943954,23.850191438959893,22.887320757697886,,23.005614982322044,"rgba(38, 166, 154, 1.0)",1.0606202417912554,23.793201712497424,0.9398258191066641,31.92017018453563,-9.44136393438066,False,True,False,True,False,8.64038665338132,24.614,23.6721,1.0,24.95,24.75,0.0,1.0555340557275539,0.8508126934984519,False,False,False,False,0.18228517131633556,0.19334585323583187,False,False,False,False,254971.0,242274.93798409682,False,False,False,False,5209.605010819018,False,False,False,False
2025-05-28 16:00:00+00:00,24.79,24.93,24.775,24.9,1043.0,,,,,,,,24.846246105919,23.86620495796305,23.842948249566156,23.72544690178672,23.66525928507195,23.17272613381797,22.809456243323183,22.691124553084663,22.51829614591727,21.91295759567139,21.587962684735512,21.462041511050167,,,24.846246105919,23.86620495796305,23.17272613381797,21.91295759567139,23.852526139056042,22.888695234579057,,23.008389197325588,"rgba(38, 166, 154, 1.0)",1.0649139795231477,23.795320356703254,1.0373416675320606,34.04050398528135,-9.44136393438066,False,True,False,True,False,10.051903982153352,24.652200000000004,23.68605,0.0,0.0,0.0,0.0,1.0510580469811681,0.8590564938846824,False,False,False,False,0.18283984013689744,0.18809284668636467,False,False,False,False,256014.0,242487.94669752166,False,False,False,False,5145.006483519499,False,False,False,False
2025-05-28 17:00:00+00:00,24.9,25.045,24.895,25.0,1339.0,,,,,,,,24.893376754385965,23.870022341444855,23.845749168469553,23.727583450663477,23.66716464452959,23.174508602220218,22.811308659797962,22.692949475690746,22.520094404985898,21.91478223306909,21.58978823717771,21.463866882559966,,,24.893376754385965,23.870022341444855,23.174508602220218,21.91478223306909,23.855835536401408,22.890556366402816,,23.014266237916257,"rgba(38, 166, 154, 1.0)",1.0611906877068409,23.800088398893298,1.1307219475320007,38.257978098870446,-9.44136393438066,False,True,False,True,True,11.308640189789198,24.691000000000003,23.699450000000002,0.0,0.0,0.0,0.0,1.0540435458786932,0.8540046656298598,False,False,False,False,0.20904138262338084,0.19856711465487276,False,False,False,False,257353.0,242718.41264019575,False,False,False,False,5085.998631061832,False,False,False,False
2025-05-28 18:00:00+00:00,25.0,25.165,25.0,25.12,1693.0,,,,,,,,24.95551914557922,23.875307854111238,23.84962795427579,23.730521552511885,23.669776181992937,23.176900515230436,22.81377024854284,22.695368516655762,22.522470442034113,21.917172593982066,21.592171812657085,21.466247525612633,,,24.95551914557922,23.875307854111238,23.176900515230436,21.917172593982066,23.86041736645737,22.893034055371277,,23.0220711952655,"rgba(0, 255, 255, 0.75)",1.0553872010519103,23.806780481269094,1.244301160201691,43.8309487415539,-14.89164491478445,False,True,False,True,True,12.782795919592907,24.7304,23.714175,0.0,0.0,0.0,0.0,1.0576699029126209,0.8479611650485436,False,False,False,False,0.23439547771994063,0.2164812961874067,False,False,False,False,259046.0,242971.55352949502,False,False,False,False,5033.394001122889,False,False,False,False
2025-05-28 19:00:00+00:00,25.12,25.195,25.06,25.12,4109.0,,,,,,,,25.028045372491842,23.88825925664366,23.85916693060153,23.73775587876952,23.676207551844133,23.182771521117708,22.819800920607634,22.701292590434385,22.52828605091665,21.923013836707117,21.597992847142773,21.472060170811577,,,25.028045372491842,23.88825925664366,23.182771521117708,21.923013836707117,23.87166487728291,22.899106050865505,,23.034554410674048,"rgba(0, 255, 255, 0.75)",1.045875029139054,23.81838123380843,1.244526095305134,47.54626250334287,-11.33712811333266,False,True,False,False,True,12.782795919592907,24.770100000000003,23.728825,0.0,0.0,0.0,0.0,1.0564719580826698,0.8497962352027943,False,False,False,False,0.2446188128489812,0.23055005451819394,False,False,False,False,259046.0,243220.76975384392,False,False,False,False,5019.062311182998,False,False,False,False
2025-05-29 14:00:00+00:00,24.97,25.095,24.94,25.02,1828.0,,,,,,,,25.02649212598425,23.89344562052745,23.863011148886876,23.74070458163124,23.678841176723164,23.185229219403702,22.822350048786873,22.703803221726016,22.530759002635133,21.92551930041924,21.600498199505026,21.47456481582368,,,25.02649212598425,23.89344562052745,23.185229219403702,21.92551930041924,23.87618418669634,22.90166779744777,,23.037101538504388,"rgba(38, 166, 154, 1.0)",1.0310704094237346,23.820931099230087,1.162936003022405,47.44253863286057,-11.198798800811957,False,True,False,False,True,11.054558801053926,24.8075,23.742325,0.0,0.0,0.0,0.0,1.054048818287485,0.8502518403719487,False,False,False,False,0.21971235545345136,0.22513120498582265,False,False,False,False,257218.0,243437.78107548974,False,False,False,False,4969.588476901091,False,False,False,False
2025-05-29 15:00:00+00:00,25.02,25.185,25.02,25.14,7095.0,,,,,,,,25.06039028340081,23.914824117834726,23.878921671881905,23.75287813412438,23.689696537103227,23.19520599930483,22.832621285023897,22.713901224868525,22.54068208123977,21.93550817487747,21.61046157524228,21.48451691332211,,,25.06039028340081,23.914824117834726,23.19520599930483,21.93550817487747,23.894849014773623,22.912003704717787,,23.050800666518665,"rgba(0, 255, 255, 0.75)",1.0181022931313517,23.834831360561875,1.2819621841964928,50.18292049819273,-8.231887587544193,False,True,False,False,True,12.559824633510193,24.8442,23.756075,0.0,0.0,0.0,0.0,1.0601124684894312,0.8458406050029085,False,False,False,False,0.23893312269956546,0.23203216384269404,False,False,False,False,264313.0,243761.4278805209,False,False,False,False,5002.540593538283,False,False,False,False
2025-05-29 16:00:00+00:00,25.14,25.235,25.1,25.2,3791.0,,,,,,,,25.080426226324906,23.926529938863712,23.88768548565005,23.759593064507516,23.69568453239904,23.200669092516545,22.838223021606893,22.719403601950287,22.546082681662604,21.940925630429135,21.61585787423295,21.489904621911915,,,25.080426226324906,23.926529938863712,23.200669092516545,21.940925630429135,23.905099087560238,22.91764454971116,,23.058415481004626,"rgba(0, 255, 255, 0.75)",1.0035087003667422,23.842796984626236,1.3524576467326686,53.22827815085427,-5.0094945940405395,False,True,True,False,True,13.300839294616132,24.8748,23.765225,0.0,0.0,0.0,0.0,1.0628795298726734,0.8558276199804112,False,False,False,False,0.2537484424490609,0.24289030314587748,False,False,False,False,268104.0,244138.83209942753,False,False,False,False,4983.757018444666,False,False,False,False
2025-05-29 17:00:00+00:00,25.205,25.33,25.195,25.32,1851.0,,,,,,,,25.09583964359112,23.93263231690209,23.892260875655886,23.763085902728708,23.698793323216567,23.20346439274474,22.841068772302478,22.722193810425598,22.548814761618534,21.943648414269944,21.618563007165037,21.492603065351844,,,25.09583964359112,23.93263231690209,23.20346439274474,21.943648414269944,23.91044591776852,22.920513993973188,,23.06274735716438,"rgba(0, 255, 255, 0.75)",0.9937467638340592,23.84741256785398,1.4818538140084156,57.38037024057532,-0.8297981853568572,False,True,True,False,True,14.759830885907345,24.9067,23.775275,0.0,0.0,0.0,0.0,1.0634547591069325,0.8493928711320015,False,False,False,False,0.27560144237101314,0.2592458727584453,False,False,False,False,269955.0,244539.08276455267,False,False,False,False,4935.18714218971,False,False,False,False
2025-05-29 18:00:00+00:00,25.315,25.36,25.265,25.315,6625.0,,,,,,,,25.142634125746948,23.954532674441538,23.90876128407717,23.775714957341155,23.710041580260206,23.21355945215529,22.851331489495987,22.73225371364878,22.558661506448836,21.953449497539385,21.628295860417825,21.502310249932144,,,25.142634125746948,23.954532674441538,23.21355945215529,21.953449497539385,23.929681491553776,22.9308642951458,,23.077628865958772,"rgba(0, 255, 255, 0.75)",0.9857732365376468,23.863567563936662,1.4723796328263457,59.989007357827,1.8640487213430248,False,True,True,False,True,14.669677545477441,24.9392,23.785524999999996,0.0,0.0,0.0,0.0,1.0646298472385425,0.8484136310223267,False,False,False,False,0.2872057424928031,0.2732258076256242,False,False,False,False,263330.0,244830.41481471463,False,False,False,False,4961.385791148009,False,False,False,False
2025-05-29 19:00:00+00:00,25.315,25.34,25.175,25.23,19530.0,,,,,,,,25.183656055005763,24.012327434444728,23.953096025292986,23.81025079504222,23.740998833545255,23.24186053401472,22.88030958451693,22.76072462915817,22.586609620459875,21.981460802041653,21.656190623115208,21.530158192361387,,,25.183656055005763,24.012327434444728,23.24186053401472,21.981460802041653,23.98091098340177,22.96004330201619,,23.111470260749908,"rgba(0, 255, 255, 0.75)",0.9801728887762222,23.900520556819217,1.3563723894064057,59.071287209717546,1.8640487213430248,False,True,True,False,True,13.13411784775709,24.969499999999996,23.795975000000002,0.0,0.0,0.0,0.0,1.0607485792670974,0.8528316676464823,False,False,False,False,0.27444503200851994,0.27383541981707205,False,False,False,False,243800.0,244814.43939123067,False,False,False,False,5187.255778882149,False,False,False,False
2025-05-30 14:00:00+00:00,25.505,25.525,25.335,25.42,8610.0,,,,,,,,25.219160048869885,24.03964273350516,23.9742873960818,23.82679198137969,23.755822666770165,23.255175676651316,22.893808944143174,22.773957910072248,22.599560410188726,21.994325057043,21.66895600613215,21.542886720481047,,,25.219160048869885,24.03964273350516,23.255175676651316,21.994325057043,24.00525601685071,22.97365951351012,,23.128697962609863,"rgba(0, 255, 255, 0.75)",0.9739704104131663,23.91984347373058,1.5402485642587875,61.810945616432605,4.197436438168914,False,False,True,False,True,15.459746534051245,25.003,23.807650000000002,0.0,0.0,0.0,0.0,1.0579879353959911,0.8445222805993383,False,False,False,False,0.31478120546686106,0.29430831264196655,False,False,False,False,252410.0,244932.200020824,False,False,False,False,5240.3215807599445,False,False,False,False
2025-05-30 15:00:00+00:00,25.42,25.53,25.4,25.46,8030.0,,,,,,,,25.248441006341906,24.06483269103791,23.993994483615673,23.84226331373138,23.76971313670387,23.267655656875892,22.90645097951515,22.786350861577883,22.611688072107498,22.006363696867734,21.680899226045987,21.5547944617725,,,25.248441006341906,24.06483269103791,23.267655656875892,22.006363696867734,24.02780053618925,22.986411508726984,,23.14445396551611,"rgba(0, 255, 255, 0.75)",0.970534254284087,23.937578915982517,1.5686422991226574,64.21250319625808,6.806539499030393,False,False,True,False,True,15.936712179652716,25.0357,23.82115,0.0,0.0,0.0,0.0,1.0645979703356747,0.8434816549570646,False,False,False,False,0.3230838218225504,0.3086960672322585,False,False,False,False,260440.0,245172.6310282531,False,False,False,False,5283.572408965217,False,False,False,False
2025-05-30 16:00:00+00:00,25.455,25.5,25.225,25.3,6223.0,,,,,,,,25.256368085445562,24.08210363123392,24.007676535157497,23.85316850508243,23.779561138935726,23.276700084815484,22.915700797758706,22.79544379453885,22.62061822782406,22.015309620879783,21.689807205854496,21.56368724467587,,,25.256368085445562,24.08210363123392,23.276700084815484,22.015309620879783,24.043357427946077,22.995723390453776,,23.1546787393502,"rgba(0, 255, 255, 0.75)",0.9663999228118967,23.948787420925303,1.3981919360497532,61.40045000202823,6.806539499030393,False,False,True,False,True,13.057480635534585,25.058600000000002,23.831524999999996,0.0,0.0,0.0,0.0,1.0797202797202794,0.8385614385614385,False,False,False,False,0.2988858289914211,0.3037909481118398,False,False,False,False,254217.0,245312.85380300885,False,False,False,False,5298.137177818469,False,False,False,False
2025-05-30 17:00:00+00:00,25.3,25.315,25.19,25.29,2709.0,,,,,,,,25.256676197503534,24.089028119618046,24.013208864597388,23.857624390730763,23.783601215755017,23.280467447887506,22.919578958337013,22.799263371795384,22.6243784642739,22.019099578128856,21.693590376684455,21.567467127079833,,,25.256676197503534,24.089028119618046,23.280467447887506,22.019099578128856,24.049622012609575,22.99962235514459,,23.158665342699308,"rgba(0, 255, 255, 0.75)",0.9520826294672963,23.953056621873106,1.404230406844973,59.27831380041742,6.806539499030393,False,False,True,False,False,12.880028400496844,25.0821,23.841875,0.0,0.0,0.0,0.0,1.0737474949899795,0.8434869739478956,False,False,False,False,0.2732893373354737,0.2885401427236568,False,False,False,False,251508.0,245408.90258125679,False,False,False,False,5257.995516146865,False,False,False,False
2025-05-30 18:00:00+00:00,25.29,25.53,25.29,25.495,4173.0,,,,,,,,25.26614395860134,24.101086581746074,24.022803301266084,23.865272184283857,23.790504983801686,23.286747361451948,22.925967617136163,22.805536052540997,22.63052877777976,22.025231279285784,21.699684490222698,21.57354690036084,,,25.26614395860134,24.101086581746074,23.286747361451948,22.025231279285784,24.060505857525012,23.006059802032553,,23.166087790706438,"rgba(0, 255, 255, 0.75)",0.9363188318916698,23.96130192081793,1.63800836525257,61.38359877769403,6.806539499030393,False,False,True,False,False,15.392737320589148,25.107,23.853099999999998,0.0,0.0,0.0,0.0,1.0733798604187434,0.8362911266201394,False,False,False,False,0.31005571725078646,0.2992979299872216,False,False,False,False,255681.0,245568.1599055784,False,False,False,False,5241.173880237611,False,False,False,False
2025-05-30 19:00:00+00:00,25.495,25.61,25.445,25.57,19046.0,,,,,,,,25.319089641789336,24.157542836781953,24.06808232729004,23.901490654025384,23.823227600670947,23.31630603983947,22.95590186095829,22.834899602512085,22.65928206158729,22.053778910890486,21.72801050377693,21.601790315614895,,,25.319089641789336,24.157542836781953,23.31630603983947,22.053778910890486,24.111658068825047,23.036244692416414,,23.20161686297809,"rgba(0, 255, 0, 1.0)",0.9195626751415794,24.00115438451371,1.7060779628150344,63.79796614541813,7.048090265605396,False,False,True,False,True,16.279448905235103,25.1329,23.864575,0.0,0.0,0.0,0.0,1.0777799880644514,0.834692659637955,False,False,False,False,0.33801855408210396,0.31865824203466275,False,False,False,False,274727.0,246020.234945802,False,False,False,False,5455.2021921719115,False,False,False,False
2025-06-02 14:00:00+00:00,26.73,27.02,26.73,26.955,17404.0,,,,,,,,25.555477212195072,24.252415921064138,24.143225139787678,23.959574510174722,23.874910224243244,23.35874462514958,22.99673746426176,22.87439333092652,22.6972290991254,22.089477857007594,21.76263288072393,21.636037745458253,,,25.555477212195072,24.252415921064138,23.35874462514958,22.089477857007594,24.197011197652547,23.077840647715103,,23.26673800084315,"rgba(0, 255, 0, 1.0)",0.9370967000396743,24.08160229635225,3.0662766217468214,72.17143555213124,14.951514773007176,True,False,True,False,True,20.0,25.1846,23.883200000000002,0.0,0.0,0.0,0.0,1.07638494989601,0.8339950841368878,False,False,False,False,0.34282823759182557,0.33074323981324416,False,False,False,False,292131.0,246735.1305280376,False,False,False,False,5640.454871363044,False,False,False,False
2025-06-02 15:00:00+00:00,26.955,27.135,26.905,27.01,15314.0,,,,,,,,25.725214643495587,24.334025560203845,24.20874542701313,24.010780504531464,23.92064614106916,23.396449907392746,23.03301424898811,22.909489670605375,22.73096014712617,22.121198112212134,21.7933897366385,21.666458675065538,,,25.725214643495587,24.334025560203845,23.396449907392746,22.121198112212134,24.27092294534129,23.114786668340855,,23.320864397861815,"rgba(0, 255, 0, 1.0)",0.9507393993126745,24.392400522590492,2.753224994464173,77.85748562868045,20.05692793750717,True,False,True,False,True,20.0,25.2363,23.901975000000004,0.0,0.0,0.0,0.0,1.08446455505279,0.828996983408748,False,False,False,False,0.34282823812825597,0.33678573897075004,False,False,False,False,307445.0,247676.3688144246,False,False,False,False,5790.4323152178795,False,False,False,False
2025-06-02 16:00:00+00:00,27.015,27.07,26.835,27.07,2775.0,,,,,,,,25.751323467502687,24.348167777277077,24.220196809819967,24.019800697672643,23.928725889139816,23.403152714699043,23.039477075502575,22.915747489350295,22.736980812327857,22.126873247456086,21.79889809756636,21.671908789868393,,,25.751323467502687,24.348167777277077,23.403152714699043,22.126873247456086,24.283785327241223,23.121365064515107,,23.330104405681897,"rgba(0, 255, 0, 1.0)",0.9622191880054062,24.403126743003927,2.7715860276329156,81.76780132407717,23.516626747299654,True,False,True,False,True,20.0,25.2866,23.920075,0.0,0.0,0.0,0.0,1.0905148029417309,0.8255704318310388,False,False,False,False,0.3318737229220151,0.3343297309463826,False,False,False,False,310220.0,248646.03751497614,False,False,False,False,5743.68142660985,False,False,False,False
2025-06-02 17:00:00+00:00,27.07,27.08,26.96,27.01,1811.0,,,,,,,,25.768121495121573,24.357402801983334,24.227686397719797,24.025707282212018,23.934018798796465,23.407543970780743,23.043710037933547,22.919846070684144,22.74092384063958,22.1305887821437,21.802503909096572,21.67547627849346,,,25.768121495121573,24.357402801983334,23.407543970780743,22.1305887821437,24.29219099387058,23.12567383696877,,23.336127472133743,"rgba(0, 255, 0, 1.0)",0.9739109972839642,24.41029572219348,2.669344822120867,83.29578332994647,24.933462728866417,True,False,True,False,True,20.0,25.330899999999996,23.936075000000002,0.0,0.0,0.0,0.0,1.1002083727978782,0.8202311043758287,False,False,False,False,0.3428282381282553,0.33857898453731894,False,False,False,False,308409.0,249572.59507288347,False,False,False,False,5682.7096215461315,False,False,False,False
2025-06-02 18:00:00+00:00,27.0,27.1,26.96,27.075,1861.0,,,,,,,,25.785306230926103,24.36692684600352,24.235418850612696,24.031810003609493,23.93948878892838,23.412080698365788,23.048081445919305,22.924078352979834,22.74499496988965,22.13442312766314,21.80622419183329,21.679156724641786,,,25.785306230926103,24.36692684600352,23.412080698365788,22.13442312766314,24.300864304337527,23.13012382070315,,23.342332519281076,"rgba(0, 255, 0, 1.0)",0.9855083382116547,24.417830964402118,2.6962420636843047,84.50630725344242,26.286293628502335,True,False,True,False,True,20.0,25.3754,23.9524,0.0,0.0,0.0,0.0,1.1019325502084119,0.8141341417203484,False,False,False,False,0.342828238163993,0.34070361135065597,False,False,False,False,310270.0,250513.6401105132,False,False,False,False,5623.458309584176,False,True,False,False
2025-06-02 19:00:00+00:00,27.07,27.08,26.96,27.065,6808.0,,,,,,,,25.84394672814744,24.40107240451283,24.26324861553618,24.053853214652413,23.959272609756052,23.428535769087055,23.063952274367566,22.939449981380807,22.759788292990624,22.148370818419178,21.819763143655585,21.692552816396915,,,25.84394672814744,24.40107240451283,23.428535769087055,22.148370818419178,24.332019103952014,23.1462758586819,,23.36448388907522,"rgba(0, 255, 0, 1.0)",0.9949963239553676,24.444325325625996,2.633853624660788,85.10334927298622,27.243508455818954,True,False,True,False,True,20.0,25.419500000000003,23.969925,0.0,0.0,0.0,0.0,1.1032062227281347,0.8138873079112122,False,False,False,False,0.3412039677480975,0.3409537895493767,False,False,False,False,303462.0,251334.54491500134,False,False,False,False,5641.823297032483,False,False,False,False
2025-06-03 14:00:00+00:00,26.505,26.655,26.41,26.535,5096.0,,,,,,,,25.867339106328764,24.421304746264088,24.280015363254005,24.06740145824957,23.971528186533273,23.43905563615456,23.074259267032268,22.949480899128307,22.769503404838566,22.157692765133437,21.828881235127675,21.70159895373807,,,25.867339106328764,24.421304746264088,23.43905563615456,22.157692765133437,24.350636043086993,23.156730518602775,,23.377338418481884,"rgba(0, 255, 0, 1.0)",0.9883327803349907,24.454365933974636,2.105195848426826,76.82237918598202,34.96541278218841,True,False,True,False,False,20.0,25.448999999999998,23.984374999999996,0.0,0.0,0.0,0.0,1.0861074948856235,0.8190440766226518,False,False,False,False,0.26391522011304763,0.30243450483121215,False,False,False,False,298366.0,252063.71476128037,False,False,False,False,5633.360920334306,False,False,False,False
2025-06-03 15:00:00+00:00,26.515,26.65,26.415,26.625,3622.0,,,,,,,,25.88372938935268,24.43565405545702,24.291939261993342,24.07705731322326,23.980269348308667,23.446561505480737,23.081611057428745,22.95663582993517,22.77643289337948,22.164339572669967,21.835381723947812,21.708047793525257,,,25.88372938935268,24.43565405545702,23.446561505480737,22.164339572669967,24.36385705047626,23.164187724588107,,23.386471645391847,"rgba(0, 255, 0, 1.0)",0.9826579280724345,24.462436703133683,2.2007284886088136,72.0236319254971,30.50206228248878,True,False,True,False,False,20.0,25.4809,23.99895,0.0,0.0,0.0,0.0,1.085767097966728,0.8182994454713491,False,False,False,False,0.26391522011304763,0.28317486247212986,False,False,False,False,301988.0,252837.73468746207,False,False,False,False,5602.1770300965645,False,False,False,False
2025-06-03 16:00:00+00:00,26.63,26.73,26.54,26.635,2972.0,,,,,,,,25.897971213706178,24.447677224833157,24.301936471840353,24.085151491114786,23.98759569455742,23.452834494012333,23.08774409756643,22.962601855934754,22.782207193280776,22.16986720031443,21.84078297467536,21.713404485047427,,,25.897971213706178,24.447677224833157,23.452834494012333,22.16986720031443,24.374937651643748,23.17041082404516,,23.39414786640695,"rgba(0, 255, 0, 1.0)",0.9773437848955085,24.469939104735438,2.2152500775313553,68.90920954331821,27.574598851150697,True,False,True,False,False,20.0,25.515600000000003,24.016225,0.0,0.0,0.0,0.0,1.090011181513231,0.8274319791278417,False,False,False,False,0.2798838451260376,0.2815293537990837,False,False,False,False,304960.0,253645.83182409056,False,False,False,False,5561.399091645455,False,False,False,False
2025-06-03 17:00:00+00:00,26.64,26.72,26.635,26.7,3060.0,,,,,,,,25.91303858329788,24.460199668322012,24.31235964124878,24.093594358288087,23.99523850992985,23.45936856448233,23.094125350025976,22.968807705132033,22.78821136010299,22.175607806125644,21.84638933412912,21.71896353802779,,,25.91303858329788,24.460199668322012,23.45936856448233,22.175607806125644,24.386483850523838,23.176887047223897,,23.402158701592708,"rgba(0, 255, 0, 1.0)",0.9669884195809201,24.478203359662565,2.2976455512262817,67.41939769186202,26.00680634106493,True,False,True,False,False,20.0,25.5502,24.0333,0.0,0.0,0.0,0.0,1.087289719626168,0.8278504672897193,False,False,False,False,0.28654556644843227,0.28403746012375797,False,False,False,False,308020.0,254488.842183407,False,False,False,False,5522.6177103796335,False,False,False,False
2025-06-03 18:00:00+00:00,26.705,26.77,26.665,26.76,3483.0,,,,,,,,25.930496941568343,24.474579072745936,24.324344431880956,24.103309705119617,24.00403531651867,23.466880934223493,23.101455258607686,22.9759346768646,22.795104647735254,22.18219166523877,21.85281631330805,21.725335257826796,,,25.930496941568343,24.474579072745936,23.466880934223493,22.18219166523877,24.39975047141389,23.184327203159068,,23.41137368513651,"rgba(0, 255, 0, 1.0)",0.9573644048133413,24.488092531790375,2.3730853756282944,66.97941915315816,25.217421688740416,True,False,True,False,False,20.0,25.584899999999998,24.050074999999996,0.0,0.0,0.0,0.0,1.084764749813293,0.8263629574309183,False,False,False,False,0.2928381105276616,0.2884377853257098,False,False,False,False,311503.0,255372.78261467197,False,False,False,False,5490.995730373747,False,False,False,False
2025-06-03 19:00:00+00:00,26.76,26.89,26.755,26.82,8023.0,,,,,,,,25.97222550026652,24.508312457491453,24.352519806839382,24.12617584151565,24.02474647467083,23.484528370277687,23.118643457681372,22.992640150272326,22.81125276861502,22.19758384492414,21.867828460217396,21.740213647082765,,,25.97222550026652,24.508312457491453,23.484528370277687,22.19758384492414,24.43090372771718,23.201779304695794,,23.433055898321214,"rgba(0, 255, 0, 1.0)",0.9490745278741058,24.51259554214542,2.431215241887365,67.24983508170655,24.961739196003137,True,False,True,False,False,20.0,25.6212,24.067275000000006,0.0,0.0,0.0,0.0,1.0913677130044839,0.8215620328849026,False,False,False,False,0.30946533806016546,0.29895156169293763,False,False,False,False,319526.0,256367.40614002588,False,False,False,False,5530.2516105229915,False,False,False,False
2025-06-04 14:00:00+00:00,26.75,27.0,26.735,26.97,6127.0,,,,,,,,26.004313842605374,24.534296568783805,24.37429566140813,24.143891457411378,24.04080582733317,23.49820091342687,23.131944424040984,23.005564870652634,22.82374206232928,22.209472107405805,21.87941613638766,21.751695557011907,,,26.004313842605374,24.534296568783805,23.49820091342687,22.209472107405805,24.454938562189053,23.215286807589724,,23.449803285733083,"rgba(0, 255, 0, 1.0)",0.9412960061379025,24.53210366904063,2.5899359128930692,68.75116615445614,24.961739196003137,True,False,True,False,False,20.0,25.6611,24.084649999999996,0.0,0.0,0.0,0.0,1.0869080779944287,0.8196843082636951,False,False,False,False,0.3166418850406284,0.307796723366783,False,False,False,False,325653.0,257441.60139366888,False,False,False,False,5539.503523538138,False,False,False,False
2025-06-04 15:00:00+00:00,26.985,27.02,26.76,26.845,912.0,,,,,,,,26.008765358044485,24.538073099104842,24.377471349115407,24.146483785445273,24.043158795629154,23.500210840732734,23.133902322636295,23.007468285187805,22.825582453504737,22.211226504235427,21.881127260558568,21.753391438493207,,,26.008765358044485,24.538073099104842,23.500210840732734,22.211226504235427,24.45843765143697,23.217274479210086,,23.452238457723997,"rgba(0, 255, 0, 1.0)",0.9280974581863075,24.534899208434403,2.4890713482612115,67.27837914502197,24.03701212061854,True,False,True,False,False,20.0,25.701099999999997,24.10215,0.0,0.0,0.0,0.0,1.0840569000554219,0.8239423609828189,False,False,False,False,0.3202419892092908,0.3140193562880369,False,False,False,False,324741.0,258485.0029224492,False,False,False,False,5467.759282863129,False,False,False,False
2025-06-04 16:00:00+00:00,26.84,26.895,26.735,26.8,2674.0,,,,,,,,26.020598786740678,24.5487699979223,24.386495075359793,24.15387585305488,24.049877436179184,23.505976975099372,23.139531591274814,23.012944737292354,22.83088242560754,22.216291243184884,21.886072342588957,21.758294303547725,,,26.020598786740678,24.5487699979223,23.505976975099372,22.216291243184884,24.468364570325598,23.222986596934092,,23.45913423065437,"rgba(0, 255, 0, 1.0)",0.9158027198155796,24.542596754810177,2.464944901719019,65.43440739118873,21.81382816440538,True,False,True,False,False,20.0,25.730900000000002,24.119425,0.0,0.0,0.0,0.0,1.08257392598103,0.8393156034963732,False,False,False,False,0.3082722630736591,0.31114580968084804,False,False,False,False,322067.0,259470.77031900038,False,False,False,False,5424.445185454398,False,False,False,False
2025-06-04 17:00:00+00:00,26.8,26.805,26.71,26.78,1407.0,,,,,,,,26.02633900940105,24.554246918806133,24.39112866765066,24.15768332806512,24.053342129193794,23.508961715927985,23.14245044251686,23.015785921437814,22.833634023125406,22.21892565868967,21.888646610606177,21.76084732139343,,,26.02633900940105,24.554246918806133,23.508961715927985,22.21892565868967,24.473454586218562,23.22594728624972,,23.462665978901175,"rgba(0, 255, 0, 1.0)",0.9106699691945391,24.54646065213604,2.4526331419926586,63.79951815416344,19.8445552106308,False,False,True,False,False,20.0,25.76,24.136599999999998,0.0,0.0,0.0,0.0,1.0798429319371725,0.8429319371727746,False,False,False,False,0.29915328558799886,0.3051495476344235,False,False,False,False,320660.0,260419.44054661278,False,False,False,False,5362.159213586888,False,False,False,False
2025-06-04 18:00:00+00:00,26.77,26.9,26.735,26.855,2037.0,,,,,,,,26.035211997535672,24.5623601276213,24.397987914351145,24.163312940865815,24.058462401140407,23.513359304086503,23.146743599020144,23.019962842799146,22.83767661797038,22.222788716466447,21.89241834068469,21.764586821883718,,,26.035211997535672,24.5623601276213,23.513359304086503,22.222788716466447,24.480991760365495,23.2303034626517,,23.467905968702112,"rgba(0, 255, 0, 1.0)",0.906567255745087,24.552352477909253,2.539963259756447,63.71938307999463,19.316626582900625,False,False,True,False,False,20.0,25.787300000000002,24.154150000000005,0.0,0.0,0.0,0.0,1.0781162399551483,0.8387217342552791,False,False,False,False,0.3086698600546257,0.3069097038445246,False,False,False,False,322697.0,261384.98410402963,False,False,False,False,5310.606357562285,False,False,False,False
2025-06-04 19:00:00+00:00,26.855,26.93,26.78,26.91,8653.0,,,,,,,,26.072758923887235,24.59683561453325,24.42721201809729,24.187349356034016,24.08034082852178,23.532153175055647,23.16508293394346,23.037805193938823,22.854943847754033,22.239280428460688,21.908516403021146,21.780545960309265,,,26.072758923887235,24.59683561453325,23.532153175055647,22.239280428460688,24.51305967875692,23.24891270074124,,23.490235390296387,"rgba(0, 255, 0, 1.0)",0.9007665254289375,24.577780124809266,2.5891502507602073,64.389296721276,19.316626582900625,True,False,True,False,False,20.0,25.8145,24.171975000000003,0.0,0.0,0.0,0.0,1.0798877455565947,0.838540692235734,False,False,False,False,0.31464525987880054,0.31077748186166254,False,False,False,False,331350.0,262469.7130326493,False,False,False,False,5362.4264140341875,False,False,False,False
2025-06-05 14:00:00+00:00,27.14,27.145,26.57,26.775,6867.0,,,,,,,,26.09875632648232,24.622964754238957,24.449515419812258,24.205820382874865,24.097197283302343,23.546727471431748,23.179340443680523,23.051689026205345,22.868395632127715,22.252163592568902,21.921107059623154,21.79303314468797,,,26.09875632648232,24.622964754238957,23.546727471431748,22.252163592568902,24.537447178448026,23.263371229804317,,23.50722587808634,"rgba(0, 255, 0, 1.0)",0.8907335624524685,24.80586754686662,2.2106862659488673,61.74192498824759,16.670437923912402,False,False,True,False,False,20.0,25.8394,24.189125,0.0,0.0,0.0,0.0,1.0649494020239187,0.8371665133394661,False,False,False,False,0.31504439017365704,0.3129109360176598,False,False,False,False,324483.0,263431.15934222064,False,False,False,False,5385.753136297223,False,False,False,False
2025-06-05 15:00:00+00:00,26.75,26.78,26.315,26.365,5273.0,,,,,,,,26.108719945248723,24.6395601298724,24.46393275960495,24.21799662696304,24.108392692761537,23.55667041342391,23.189190798519615,23.0613187566856,22.87777344119281,22.261269014712113,21.93005833177172,21.801929171543122,,,26.108719945248723,24.6395601298724,23.55667041342391,22.261269014712113,24.55307533823749,23.273333439814557,,23.518067673524957,"rgba(0, 255, 0, 1.0)",0.8728581249586279,24.80624164549947,1.785809526117904,53.85330359423297,9.229381789009402,False,True,False,False,False,13.764360136774112,25.8581,24.204224999999997,0.0,0.0,0.0,0.0,1.0543795620437952,0.8567518248175179,False,False,False,False,0.2662437105536485,0.2895773232856541,False,False,False,False,319210.0,264295.94756947306,False,False,False,False,5384.005025656956,False,False,False,False
2025-06-05 16:00:00+00:00,26.36,26.515,26.305,26.465,5322.0,,,,,,,,26.116796248112664,24.655493121537273,24.477864901362413,24.229842283306333,24.119311711477476,23.56643934793612,23.19889854573802,23.07081879198189,22.887037038217244,22.270293104720484,21.938942060753714,21.81076236183413,,,26.116796248112664,24.655493121537273,23.56643934793612,22.270293104720484,24.568128404997925,23.2831445779988,,23.52854162641481,"rgba(0, 255, 0, 1.0)",0.8567585729085158,24.81054131628354,1.9310675562894213,50.28641998609153,6.090585179722488,False,True,False,False,False,14.772614910564844,25.878800000000002,24.219375,0.0,0.0,0.0,0.0,1.0659805182870792,0.8652821172578568,False,False,False,False,0.24500112053739384,0.267289221911524,False,False,False,False,324532.0,265229.83985521767,False,False,False,False,5383.043707429716,False,False,False,False
2025-06-05 17:00:00+00:00,26.465,26.68,26.465,26.535,7475.0,,,,,,,,26.131987055743302,24.679025256983294,24.498401487512076,24.247250950827496,24.135340247876307,23.580674692717118,23.212987606668893,23.084591596896033,22.900447604222027,22.283301334282104,21.951724802995834,21.82346433395294,,,26.131987055743302,24.679025256983294,23.580674692717118,22.283301334282104,24.59033554023963,23.29739477596368,,23.544099747556448,"rgba(0, 255, 0, 1.0)",0.8483181931072445,24.824443531421387,2.01640903434257,49.0576642090694,5.026514051924231,False,True,False,True,False,15.472705333541207,25.9009,24.235599999999998,0.0,0.0,0.0,0.0,1.0662397072278131,0.8591033851784078,False,False,False,False,0.27013081894592006,0.26871002042872205,False,False,False,False,332007.0,266265.1446636639,False,False,False,False,5415.477138322278,False,False,False,False
2025-06-05 18:00:00+00:00,26.535,26.545,26.405,26.41,9636.0,,,,,,,,26.14558456471622,24.70684354749834,24.52294572037475,24.268294786939734,24.15479914014279,23.598177004462034,23.230403145590703,23.10164644695827,22.917091619136333,22.29953890916333,21.967720016618113,21.839372012190342,,,26.14558456471622,24.70684354749834,23.598177004462034,22.29953890916333,24.616731161420194,23.314988181631648,,23.562701409482575,"rgba(0, 255, 0, 1.0)",0.8358922405656248,24.83875621043927,1.8797205109805926,46.55156346606228,2.6376675650069075,False,True,False,True,False,13.596152110655954,25.920499999999997,24.251674999999995,0.0,0.0,0.0,0.0,1.0628090093389486,0.8676066654458886,False,False,False,False,0.2550149589176132,0.2618624896731676,False,False,False,False,322371.0,267135.0028859327,False,False,False,False,5480.911601294025,False,False,False,False
2025-06-05 19:00:00+00:00,26.41,26.5,26.37,26.47,14666.0,,,,,,,,26.163801701933384,24.747392510369163,24.55901639504949,24.299468618007083,24.18371237268798,23.62434872172363,23.256499145803204,23.12722407339146,22.942079453478264,22.323971968148264,21.99181190036866,21.863340121933522,,,26.163801701933384,24.747392510369163,23.62434872172363,22.323971968148264,24.655359366776395,23.341335967393107,,23.59022224857451,"rgba(0, 255, 0, 1.0)",0.8261451675328131,24.861598801969713,1.9468747881605242,45.96031580921253,1.9371432337818177,False,True,False,True,False,14.213690904661757,25.9413,24.268275,0.0,0.0,0.0,0.0,1.063669724770642,0.8678899082568804,False,False,False,False,0.24884679458670816,0.25535464212993786,False,False,False,False,337037.0,268218.754779174,False,False,False,False,5623.316072591792,False,False,False,False
2025-06-06 14:00:00+00:00,26.2,26.2,25.785,25.83,11900.0,,,,,,,,26.153250508275956,24.769496158065206,24.5796870331261,24.3182800875956,24.201491185944512,23.64147202798288,23.27403955471427,23.144557654850725,22.959192703008753,22.34116791598886,22.00896147217434,21.88046867333998,,,26.153250508275956,24.769496158065206,23.64147202798288,22.34116791598886,24.67696397060593,23.358944334288644,,23.606005414588925,"rgba(0, 255, 255, 0.75)",0.8106710489153606,24.86376222103773,1.191898711882023,39.60610445899567,-4.090657149996346,False,True,False,True,False,5.411524001521133,25.949300000000004,24.280775,0.0,0.0,0.0,0.0,1.0475072254335258,0.8701228323699419,False,False,False,False,0.1817275772808682,0.21854110970540302,False,False,False,False,325137.0,269101.2081934504,False,False,False,False,5720.629001698896,False,False,False,False
2025-06-06 15:00:00+00:00,25.83,25.935,25.765,25.825,9717.0,,,,,,,,26.14178244598649,24.78550244000367,24.594943191620313,24.33242575460613,24.214950301820384,23.654686724661598,23.287679472341537,23.158069453151743,22.972573554715275,22.354714375227367,22.022513091050083,21.894017992793614,,,26.14178244598649,24.78550244000367,23.654686724661598,22.354714375227367,24.692761812699793,23.37261416498612,,23.617821566498183,"rgba(0, 255, 255, 0.75)",0.7965353580203189,24.865181146461865,1.2049921499073624,35.338607420231504,-7.9746310020036475,False,True,False,True,False,5.348326649273808,25.957199999999997,24.292199999999998,0.0,0.0,0.0,0.0,1.0513332124070378,0.8759296208960635,False,False,False,False,0.16048045378518588,0.18951078174529445,False,False,False,False,315420.0,269819.32899665274,False,False,False,False,5782.588241982634,False,False,False,False
2025-06-06 16:00:00+00:00,25.82,25.89,25.735,25.78,10991.0,,,,,,,,26.128188896444474,24.8023766388972,24.611221425137828,24.347696972190125,24.229542411663694,23.669174064089628,23.302695190185165,23.17296515372502,22.98735089229223,22.36973677379228,22.03756708970316,21.90907832026264,,,26.128188896444474,24.8023766388972,23.669174064089628,22.36973677379228,24.709517781373638,23.38764837273158,,23.630632819031955,"rgba(0, 255, 255, 0.75)",0.7828206104262259,24.86744064380696,1.1657324092376338,32.18805832257348,-10.83214081348207,False,True,False,True,False,4.772554671887622,25.9692,24.302675,0.0,0.0,0.0,0.0,1.0408724340175952,0.8878299120234601,False,False,False,False,0.15491365814308422,0.17221221994418934,False,False,False,False,304429.0,270355.9130432162,False,False,False,False,5863.338811874376,False,False,False,False
2025-06-06 17:00:00+00:00,25.78,25.99,25.78,25.98,8832.0,,,,,,,,26.121606936287208,24.817049760701348,24.62522044696885,24.36069282535884,24.241918691009445,23.681294891405326,23.31518127503399,23.185332097950763,22.999594740684582,22.382115050546705,22.04994428309717,21.92145148889855,,,26.121606936287208,24.817049760701348,23.681294891405326,22.382115050546705,24.723999376991898,23.40016429455965,,23.641783540661894,"rgba(0, 255, 255, 0.75)",0.7717963426931843,24.872539114292948,1.434913363080429,33.69514211981779,-10.83214081348207,False,True,False,True,False,6.983013747448201,25.986800000000002,24.315225,0.0,0.0,0.0,0.0,1.0429493087557602,0.8857142857142855,False,False,False,False,0.16568503566507253,0.16894862780463094,False,False,False,False,313261.0,271021.10818983306,False,False,False,False,5909.364566729037,False,False,False,False
2025-06-06 18:00:00+00:00,25.98,26.01,25.92,25.97,13009.0,,,,,,,,26.114816685756637,24.83892331742524,24.64607932830993,24.380050226245885,24.260355515291955,23.699305959262684,23.333706122554926,23.203675919767033,23.017749860813677,22.400446658872493,22.068265849100957,21.939764248151146,,,26.114816685756637,24.83892331742524,23.699305959262684,22.400446658872493,24.745576237750633,23.418737339180257,,23.658594974296047,"rgba(0, 255, 255, 0.75)",0.7646171685323282,24.882171561439804,1.4227099303148865,34.60017461810552,-10.83214081348207,False,True,False,True,True,6.8515679999268215,26.003999999999998,24.328699999999998,0.0,0.0,0.0,0.0,1.058670143415906,0.873905755261687,False,False,False,False,0.17761517569503454,0.17328190174983274,False,False,False,False,300252.0,271474.30031092087,False,False,False,False,6019.436433911532,False,False,False,False
2025-06-06 19:00:00+00:00,25.975,26.045,25.855,25.91,25063.0,,,,,,,,26.100946128699224,24.877740247824203,24.68361765808382,24.41537744963988,24.29418154739141,23.732768830470796,23.368277397055802,23.237966931311625,23.05175872688984,22.43494801145269,22.102817118500564,21.97432263635056,,,26.100946128699224,24.877740247824203,23.732768830470796,22.43494801145269,24.7841309035648,23.45336003819238,,23.6895602236392,"rgba(0, 255, 255, 0.75)",0.757753454163871,24.90034316800328,1.3324344830744572,34.57089403883495,-10.83214081348207,False,True,False,True,True,6.055898954368345,26.0226,24.342725,0.0,0.0,0.0,0.0,1.0551327269352142,0.8639316873955816,False,False,False,False,0.1753745594624972,0.17432823060616498,False,False,False,False,275189.0,271531.8925541624,False,False,False,False,6314.685481447787,False,False,False,False
2025-06-09 14:00:00+00:00,25.785,25.89,25.71,25.86,1029.0,,,,,,,,26.10005091371145,24.8791062245208,24.684973084751746,24.416685020920507,24.295444601492648,23.73404972528465,23.369613576245868,23.23929635248524,23.053082303234135,22.43630342111492,22.10417972219613,21.975687316764446,,,26.10005091371145,24.8791062245208,23.73404972528465,22.43630342111492,24.78550571338409,23.454695362601903,,23.690706021893547,"rgba(0, 255, 255, 0.75)",0.7506137008661032,24.900882428860672,1.2777778636769346,34.01538582895641,-10.83214081348207,False,True,False,True,True,5.391379623092952,26.0408,24.356474999999996,0.0,0.0,0.0,0.0,1.056621344756938,0.8681318681318678,False,False,False,False,0.15306019090325537,0.1636942107547102,False,False,False,False,274160.0,271572.6384060359,False,False,False,False,6232.736869332317,False,False,False,False
2025-06-09 15:00:00+00:00,25.86,26.02,25.81,26.005,1785.0,,,,,,,,26.09919858420306,24.881779961288895,24.6875747808253,24.41914902091839,24.297809898379224,23.73640088782923,23.37204605038507,23.241710790986637,23.055478893405713,22.43873883255455,22.106620489584852,21.9781292231559,,,26.09919858420306,24.881779961288895,23.73640088782923,22.43873883255455,24.78816907712746,23.457130396738968,,23.6928864511264,"rgba(0, 255, 255, 0.75)",0.7465376356496847,24.902246559367633,1.477157196063772,36.59606412785283,-10.83214081348207,False,True,False,True,True,7.040102373904844,26.0639,24.371374999999997,0.0,0.0,0.0,0.0,1.0603239620182459,0.8599888288959222,False,False,False,False,0.17015318596242765,0.1669236983585689,False,False,False,False,275945.0,271640.4269578803,False,False,False,False,6163.779708567475,False,False,False,False
2025-06-09 16:00:00+00:00,26.005,26.135,25.99,26.07,1633.0,,,,,,,,26.099027460293133,24.884489046762447,24.690171787938485,24.421572985219065,24.300125056491964,23.738664093734165,23.374370968267776,23.24401374282414,23.057758836811093,22.44104005118758,22.10892042366864,21.980428060341005,,,26.099027460293133,24.884489046762447,23.738664093734165,22.44104005118758,24.790846589926534,23.45946115961716,,23.69504854279496,"rgba(0, 255, 0, 1.0)",0.742106734510195,24.903865283419655,1.5713840911981705,39.527777939919005,-16.166708768845623,False,True,False,True,True,7.768513543456855,26.0872,24.387275,0.0,0.0,0.0,0.0,1.0679849340866288,0.8632768361581917,False,False,False,False,0.1922233417423063,0.17957352005043759,False,False,False,False,277578.0,271732.48235388217,False,False,False,False,6093.535061923018,False,False,False,False
2025-06-09 17:00:00+00:00,26.075,26.08,26.01,26.015,2001.0,,,,,,,,26.098637271294027,24.88770783291156,24.69327156625702,24.424479435430875,24.30290560097483,23.741395641184912,23.377182640738045,23.246800596849486,23.060520041639673,22.443832565197717,22.111713667630124,21.983220758421773,,,26.098637271294027,24.88770783291156,23.741395641184912,22.443832565197717,24.794035325350244,23.462278672243027,,23.69763896821084,"rgba(0, 255, 0, 1.0)",0.7351396141225364,24.905733657640774,1.5089192869619044,40.63402180416469,-14.87261512147299,False,True,False,True,True,7.009566187220528,26.1117,24.40335,0.0,0.0,0.0,0.0,1.0530906332954115,0.8729616989002652,False,False,False,False,0.18959556312146902,0.1845845415859533,False,False,False,False,275577.0,271792.0872786282,False,False,False,False,6030.084905924211,False,False,False,False
2025-06-09 18:00:00+00:00,26.005,26.095,25.965,26.055,2241.0,,,,,,,,26.098228486069427,24.891301778515555,24.696734794937324,24.427728791098218,24.306015054917175,23.74445154115802,23.38032843957202,23.249918830284134,23.063609810449957,22.44695776450581,22.11483987276178,21.986346418732808,,,26.098228486069427,24.891301778515555,23.74445154115802,22.44695776450581,24.79759671032074,23.46543088741472,,23.700538465250187,"rgba(0, 255, 0, 1.0)",0.7291075131732939,24.907837639754085,1.573378876941099,42.207040816775105,-13.116408671896863,False,True,False,True,True,7.469102930164034,26.1348,24.419525,0.0,0.0,0.0,0.0,1.0459901178259214,0.8753325731660963,False,False,False,False,0.18734524035565198,0.18596489097080265,False,False,False,False,277818.0,271885.5122820603,False,False,False,False,5971.339403506781,False,False,False,False
2025-06-09 19:00:00+00:00,26.055,26.11,25.955,25.98,4804.0,,,,,,,,26.097036373918186,24.8987757271584,24.703971025124215,24.434550212508245,24.312554065886335,23.750908752311197,23.38698806732013,23.256524186164317,23.070159962357998,22.45359552504565,22.12148497445482,21.99299215218871,,,26.097036373918186,24.8987757271584,23.750908752311197,22.45359552504565,24.80502063610138,23.47210127373908,,23.706628418703186,"rgba(0, 255, 255, 0.75)",0.723335616719095,24.912133700061712,1.476308196714984,41.975600174291436,-13.040815439423966,False,True,False,True,True,6.416271513753344,26.154399999999995,24.434849999999997,0.0,0.0,0.0,0.0,1.0451955943790352,0.8731484998101023,False,False,False,False,0.18772016333540692,0.1868425271531048,False,False,False,False,273014.0,271903.00821567175,False,False,False,False,5953.241118181095,False,False,False,False
2025-06-10 14:00:00+00:00,26.12,26.125,25.745,25.815,8760.0,,,,,,,,26.09189382624933,24.91071349297001,24.71577443740017,24.445906107674517,24.32351844952975,23.76197020693093,23.398494932639753,23.26796758082926,23.081545818623034,22.465230291290794,22.133172408912316,22.00469436049163,,,26.09189382624933,24.91071349297001,23.76197020693093,22.465230291290794,24.81700778452085,23.48360539868633,,23.71674015946179,"rgba(0, 255, 255, 0.75)",0.7168133183286373,24.91808284799427,1.2512562602729451,39.42375831237494,-13.040815439423966,False,True,False,True,False,4.14795391309168,26.1683,24.449275000000004,0.0,0.0,0.0,0.0,1.0349821327816437,0.8753056234718823,False,False,False,False,0.1731356849317832,0.179989106042444,False,False,False,False,264254.0,271784.4189410102,False,False,False,False,5996.756759759683,False,False,False,False
2025-06-10 15:00:00+00:00,25.81,25.865,25.625,25.695,3588.0,,,,,,,,26.088142632702976,24.91470686097949,24.71986793537048,24.44997742409,24.327493951865208,23.76611654103817,23.40286498049993,23.27233051788445,23.08590819223768,22.469742613335953,22.137727417237688,22.009262742744756,,,26.088142632702976,24.91470686097949,23.76611654103817,22.469742613335953,24.821094435959676,23.487962388937305,,23.72034515083223,"rgba(0, 255, 255, 0.75)",0.7097985502816703,24.91949139195506,1.092575643803717,36.302136054931786,-8.797101319483787,False,True,False,True,False,2.5446504827429415,26.1798,24.463224999999998,0.0,0.0,0.0,0.0,1.0328022492970945,0.8839737582005621,False,False,False,False,0.14491714224343202,0.162453124142938,False,False,False,False,260666.0,271612.04035277746,False,False,False,False,5959.4116937168965,False,False,False,False
2025-06-10 16:00:00+00:00,25.695,25.775,25.59,25.62,5787.0,,,,,,,25.661666666666665,26.08116158601838,24.920545053866554,24.7259690733421,24.45615014076027,24.333555845007595,23.772541381993097,23.409677812489036,23.27914475474999,23.09273719062939,22.476845834760994,22.144913856038695,22.01647574713223,,,26.08116158601838,24.920545053866554,23.772541381993097,22.476845834760994,24.827130312659893,23.49474609337784,,23.874721918727303,"rgba(38, 166, 154, 1.0)",0.7004901565756925,25.03923518360589,0.8290834795354562,33.416571672811855,-11.573294245088256,False,True,False,True,False,1.5556259081554522,26.191799999999997,24.475324999999998,0.0,0.0,0.0,0.0,1.0500492610837437,0.8788177339901475,False,False,False,False,0.13568672789849603,0.149069926020717,False,False,True,False,254879.0,271352.61337056383,False,False,False,False,5956.738644201906,False,False,False,False
2025-06-10 17:00:00+00:00,25.62,25.72,25.61,25.71,6535.0,,,,,,,25.671389790618406,26.07388072371916,24.927189503020085,24.732897614247847,24.463150399690512,24.340428967421392,23.77981440963104,23.417384229308393,23.28685204352481,23.100460193863444,22.48487522813599,22.15303614502171,22.024627689917587,,,26.07388072371916,24.927189503020085,23.77981440963104,22.48487522813599,24.833990448209207,23.502420284831693,,23.881229764470802,"rgba(38, 166, 154, 1.0)",0.6977293739547288,25.041591871690393,0.9579761914294531,33.8514385396867,-11.573294245088256,False,True,False,True,False,2.685002509718288,26.203200000000002,24.488525,0.0,0.0,0.0,0.0,1.0577610162763,0.8713775307661769,False,False,False,False,0.13310639084063774,0.14108815843067737,False,False,False,False,261414.0,271198.52634156286,False,False,False,False,5965.703936539861,False,False,False,False
2025-06-10 18:00:00+00:00,25.7,25.805,25.7,25.725,7065.0,,,,,,,25.69760741734152,26.0675197318305,24.934836690936905,24.740769125169404,24.4710180901795,24.34812860436277,23.78787515531498,23.425888576190758,23.295347975871056,23.108961571488543,22.49368182786722,22.16193221059836,22.033552046863505,,,26.0675197318305,24.934836690936905,23.78787515531498,22.49368182786722,24.84182986928416,23.510896004311366,,23.889778386462694,"rgba(0, 255, 255, 0.75)",0.6950328075735577,25.045956111549394,0.9769954469073632,34.533151700003565,-11.573294245088256,False,True,False,True,False,2.8736265407993535,26.2137,24.501025,0.0,0.0,0.0,0.0,1.0686763825114791,0.8584547813934915,False,False,False,False,0.14602641124461938,0.14355728483764837,False,False,False,False,268479.0,271156.36314246885,False,False,False,False,5982.747286360949,False,False,False,False
2025-06-10 19:00:00+00:00,25.725,25.84,25.65,25.675,17688.0,,,,,,,25.709085772083615,26.05162278023347,24.95287152919061,24.759534223092285,24.48996968118555,24.366746155754065,23.807548376051255,23.446713327117866,23.31617693917385,23.129834645121605,22.515377115844196,22.183878744235678,22.055579005598887,,,26.05162278023347,24.95287152919061,23.807548376051255,22.515377115844196,24.860418658920224,23.531634092023587,,23.906533714975613,"rgba(38, 166, 154, 1.0)",0.6939752182921103,25.053199986344065,0.8959974322803632,34.23079145467578,-11.573294245088256,False,True,False,True,False,2.188807780509787,26.2208,24.512725,0.0,0.0,0.0,0.0,1.070045899022151,0.8509279584913189,False,False,False,False,0.14491714224343202,0.1442372135405402,False,False,False,False,250791.0,270840.6210782445,False,False,False,False,6164.224072618919,False,False,False,False
2025-06-11 14:00:00+00:00,25.745,25.895,25.745,25.86,1108.0,,,,,,,25.712691206383294,26.050996069204793,24.954133879222816,24.760819483498857,24.491243632867445,24.367990332808347,23.808838535867846,23.44806866480582,23.317529813833623,23.13118692292807,22.516773428935394,22.185287610067064,22.05699181124934,,,26.050996069204793,24.954133879222816,23.808838535867846,22.516773428935394,24.861704568363223,23.53298578949284,,23.907888568590206,"rgba(0, 255, 255, 0.75)",0.6929204418536931,25.05403704069233,1.1631392446029845,38.64026354044879,-15.906237980032316,False,True,False,True,True,4.528581772048618,26.2317,24.5255,0.0,0.0,0.0,0.0,1.0702068416865553,0.8452665075576767,False,False,False,False,0.15533430492772585,0.149785759234133,False,False,False,False,251899.0,270546.95253439574,False,False,False,False,6085.833001725602,False,False,False,False
2025-06-11 15:00:00+00:00,25.845,25.885,25.745,25.83,2104.0,,,,,,,25.718295438561654,26.049743551417276,24.956484839099595,24.763221400930735,24.493632155292076,24.370325676077517,23.811267819262675,23.450623743292585,23.320081217863333,23.133738413888516,22.519411032843124,22.187950170327582,22.05966224336195,,,26.049743551417276,24.956484839099595,23.811267819262675,22.519411032843124,24.86410369068542,23.53553333368629,,23.910341361709126,"rgba(0, 255, 255, 0.75)",0.6917278275357771,25.05550664421393,1.1196504245681935,41.000458590614,-13.654602032326927,False,True,False,True,True,4.107933357412978,26.2437,24.537725000000002,0.0,0.0,0.0,0.0,1.070063694267516,0.8467356687898085,False,False,False,False,0.14999687384291108,0.14989131653852206,False,False,False,False,249795.0,270225.21683618805,False,False,False,False,6024.099156737608,False,False,False,False
2025-06-11 16:00:00+00:00,25.83,25.925,25.755,25.875,5766.0,,,,,,,25.734993992429015,26.046843297434968,24.963096568444104,24.769943934039805,24.500289323040654,24.376826301413235,23.817999755097034,23.457690998384173,23.327134967742065,23.140788142231568,22.526686972928086,22.19529039205899,22.067022624775618,,,26.046843297434968,24.963096568444104,23.817999755097034,22.526686972928086,24.870833103870464,23.542582237409277,,23.91727748230918,"rgba(0, 255, 255, 0.75)",0.6896719549216015,25.059897590558293,1.1818697333203343,43.62716238678626,-11.173844016428546,False,True,False,True,True,4.677254119813963,26.252799999999997,24.5506,0.0,0.0,0.0,0.0,1.068876023158315,0.8518666400479135,False,False,False,False,0.1515264915626048,0.15070890405056342,False,False,False,False,255561.0,269997.8646371774,False,False,False,False,6020.097619423846,False,False,False,False
2025-06-11 17:00:00+00:00,25.875,25.93,25.75,25.75,5140.0,,,,,,,25.7425249220271,26.04379175157982,24.968636139588234,24.775638846306958,24.505987669787316,24.38241089792332,23.823841294727025,23.46384695659199,23.333286618852355,23.14694562080967,22.533065304190576,22.20173467003481,22.073487890210608,,,26.04379175157982,24.968636139588234,23.823841294727025,22.533065304190576,24.876503502212454,23.548717051562253,,23.922707583279212,"rgba(0, 255, 255, 0.75)",0.687764874446566,25.063031941743276,0.9988414409932129,42.87048647936319,-11.173844016428546,False,True,False,True,True,2.9039217974856903,26.2586,24.562325,0.0,0.0,0.0,0.0,1.0624127617148553,0.8562313060817545,False,False,False,False,0.1515264915626048,0.15111769780658413,False,False,False,False,250421.0,269694.34735598083,False,False,False,False,6006.4526950916925,False,False,False,False
2025-06-11 18:00:00+00:00,25.765,25.865,25.74,25.755,3358.0,,,,,,,25.745242158713864,26.041645500606933,24.97211692647418,24.779242642008942,24.509617603216917,24.385976661738887,23.8275945313053,23.467811493727076,23.337251394148584,23.150917915377182,22.53718937259815,22.205905224654092,22.07767334622096,,,26.041645500606933,24.97211692647418,23.8275945313053,22.53718937259815,24.880079505669006,23.552665902647654,,23.92601421313777,"rgba(0, 255, 255, 0.75)",0.685811040873331,25.064828949537286,1.0063574502735175,42.500494524751566,-11.173844016428546,False,True,False,True,True,2.9693563267612646,26.2677,24.57375,0.0,0.0,0.0,0.0,1.056501703065518,0.8677619715487876,False,False,False,False,0.14574012741160702,0.14842891260909558,False,False,False,False,253779.0,269447.5977845703,False,False,False,False,5965.391412997247,False,False,False,False
2025-06-11 19:00:00+00:00,25.77,25.875,25.755,25.875,9507.0,,,,,,,25.75856333322926,26.03687481281457,24.982388147875472,24.78979047434893,24.520168545817654,24.396319352994848,23.83840332982939,23.47919508028416,23.34862721633457,23.16230455790227,22.548981558516225,22.21781890506689,22.089625741456945,,,26.03687481281457,24.982388147875472,23.83840332982939,22.548981558516225,24.890584709583454,23.56401074156781,,23.936081619728554,"rgba(0, 255, 255, 0.75)",0.6836095442641119,25.07094542618492,1.1761898009786036,45.29452750162508,-9.301678903339464,False,True,False,True,True,4.535568022654097,26.2794,24.585875,0.0,0.0,0.0,0.0,1.05294825511432,0.8674288006417968,False,False,False,False,0.14766782018931043,0.148048366399203,False,False,False,False,263286.0,269352.0691367475,False,False,False,False,6020.300073260855,False,False,False,False
2025-06-12 14:00:00+00:00,26.285,26.355,26.23,26.28,4540.0,,,,,,,25.793624935615227,26.03961684144285,24.989769666961728,24.796906107126254,24.52686488263812,24.40274648293056,23.844686706293597,23.48563136944778,23.35500701256909,23.168624691927604,22.55535591468749,22.22419021874916,22.095994352749546,,,26.03961684144285,24.989769666961728,23.844686706293597,22.55535591468749,24.897889421726582,23.57046223604141,,23.944539937164542,"rgba(0, 255, 0, 1.0)",0.6826544837208072,25.07858871414409,1.7599112208384267,53.262925632995845,-1.9379451916494617,False,False,True,False,True,9.444531427287934,26.2951,24.600674999999995,0.0,0.0,0.0,0.0,1.0561285204284014,0.8671162237207456,False,False,False,False,0.22226858806483293,0.18515847723201795,False,False,False,False,267826.0,269328.4091501313,False,False,False,False,5997.349684528129,False,False,False,False
2025-06-12 15:00:00+00:00,26.285,26.5,26.285,26.48,4184.0,,,,,,,25.829729008088083,26.043418024886293,24.997189805611807,24.80398512828951,24.533455119514027,24.409047203653508,23.850763310902696,23.491817847378304,23.361128212369838,23.174674622129235,22.561420356634194,22.230236352663603,22.102032613891133,,,26.043418024886293,24.997189805611807,23.850763310902696,22.561420356634194,24.90519315132103,23.576671200863984,,23.952992123539403,"rgba(0, 255, 0, 1.0)",0.6832888339718483,25.08660040455176,2.039254157496812,60.33720982212496,4.249960182956876,True,False,True,False,True,11.667806832342173,26.313299999999998,24.616275,0.0,0.0,0.0,0.0,1.0510891089108911,0.8675247524752473,False,False,False,False,0.2381774862984956,0.21166798176525678,False,False,False,False,272010.0,269369.9842020672,False,False,False,False,5969.235735930793,False,False,False,False
2025-06-12 16:00:00+00:00,26.48,26.61,26.48,26.51,2571.0,,,,,,,25.85373557345649,26.046395054404385,25.00206578343062,24.808602719846412,24.53772016827867,24.413113157494422,23.854644658871564,23.495750817803778,23.36501427938615,23.178508523568166,22.565244954892528,22.234041721858663,22.105830374061142,,,26.046395054404385,25.00206578343062,23.854644658871564,22.565244954892528,24.90997447492554,23.580622338733484,,23.95851290671946,"rgba(0, 255, 0, 1.0)",0.6839577656735848,25.09200654832184,2.0732178547335782,65.29277653425456,8.386177768145657,True,False,True,False,True,11.994865350784824,26.3044,24.630925,0.0,0.0,0.0,0.0,1.077544426494346,0.8588449111470111,False,False,False,False,0.2626713553536432,0.23716966855945,False,False,False,False,274581.0,269450.77514467074,False,False,False,False,5916.549910567524,False,False,False,False
2025-06-12 17:00:00+00:00,26.52,26.53,26.33,26.44,2747.0,,,,,,,25.874121681604784,26.048891084528606,25.006903461162864,24.813224760602868,24.542029781279894,24.417236196715564,23.8586249619313,23.499803827961074,23.369025144423404,23.182473402301472,22.569220461547623,22.23800576272455,22.109789440292566,,,26.048891084528606,25.006903461162864,23.8586249619313,22.569220461547623,24.91473938371217,23.584689722832234,,23.96379615131358,"rgba(0, 255, 0, 1.0)",0.6803567890161287,25.097037687851692,1.973908886968529,66.8717904716974,9.55917082124644,True,False,True,False,True,10.938198958514327,26.293000000000003,24.645925000000002,0.0,0.0,0.0,0.0,1.0709820528332326,0.8574309336559788,False,False,False,False,0.24417355107257943,0.2406716098160147,False,False,False,False,271834.0,269487.724367234,False,False,False,False,5867.409601876555,False,False,False,False
2025-06-12 18:00:00+00:00,26.445,26.45,26.39,26.445,4008.0,,,,,,,25.90117483477047,26.05242905697775,25.013878941373193,24.81990088295031,24.5482661384674,24.423206956041223,23.864399179564103,23.505687289150696,23.37484888870313,23.18823217469457,22.57499878523385,22.243769197341262,22.115546257826015,,,26.05242905697775,25.013878941373193,23.864399179564103,22.57499878523385,24.921615659790945,23.590593080606833,,23.971256814084146,"rgba(0, 255, 0, 1.0)",0.6750159958064482,25.10413106726101,1.9864254196480773,67.979394185932,10.58866558409671,True,False,True,False,True,10.994862667306204,26.280500000000004,24.6604,0.0,0.0,0.0,0.0,1.0784552845528457,0.8587398373983738,False,False,False,False,0.24161517897775056,0.24114339439688265,False,False,False,False,275842.0,269586.24026851717,False,False,False,False,5838.581546033508,False,False,False,False
2025-06-12 19:00:00+00:00,26.44,26.49,26.39,26.44,6080.0,,,,,,,25.93832339244947,26.057834559059668,25.024416982352772,24.829996324036845,24.557706369823197,24.43224932378222,23.873148732851096,23.514602754236407,23.38367469742578,23.19696044628314,22.583757785833875,22.25250621951033,22.124273457477766,,,26.057834559059668,25.024416982352772,23.873148732851096,22.583757785833875,24.93200813000809,23.59953825372066,,23.982265465009426,"rgba(0, 255, 0, 1.0)",0.669281246851698,25.114632782896827,1.9802844070974763,68.57395633771944,11.369410935892844,True,False,True,False,True,10.917316474479048,26.2691,24.6749,0.0,0.0,0.0,0.0,1.0723871492476618,0.8572590483936557,False,False,False,False,0.24484761873029615,0.2429955065635894,False,False,False,False,269762.0,269588.9652255944,False,False,False,False,5842.32446780043,False,False,False,False
2025-06-13 14:00:00+00:00,26.69,26.92,26.6,26.78,6836.0,,,,,,,25.997914176067802,26.068778385821314,25.038772508066685,24.843470609628348,24.570031147016042,24.443958167633717,23.884158454868306,23.52567444817356,23.39459157231802,23.207701106599618,22.594388846959415,22.263049215428524,22.134783385393852,,,26.068778385821314,25.038772508066685,23.884158454868306,22.594388846959415,24.946018883241177,23.610677818155995,,23.997482463382706,"rgba(0, 255, 0, 1.0)",0.664527536560241,25.130399994800268,2.4823651608757578,72.19418142177781,15.034952575624004,True,False,True,False,True,14.690897471221579,26.2632,24.6912,0.0,0.0,0.0,0.0,1.0743785084202087,0.8442261427425821,False,False,False,False,0.297305943470063,0.2701507250168262,False,False,False,False,276598.0,269697.63243139914,False,False,False,False,5857.7302900050745,False,False,False,False
2025-06-13 15:00:00+00:00,26.785,26.88,26.675,26.855,5339.0,,,,,,,26.040759974625445,26.077530288524834,25.050055320288802,24.854062660591733,24.579720798288033,24.45316462232331,23.89280772511418,23.53436652142973,23.4031610855088,23.216130809512144,22.60272696548488,22.271315997263144,22.14302344736346,,,26.077530288524834,25.050055320288802,23.89280772511418,22.60272696548488,24.957030902098754,23.619424052092132,,24.00914047817835,"rgba(0, 255, 0, 1.0)",0.6593733169996692,25.1425725938514,2.597052931927269,75.11178677696357,17.976169144767923,True,False,True,False,True,15.479818448676617,26.259,24.707225000000005,0.0,0.0,0.0,0.0,1.0768003191701576,0.8448035108717334,False,False,False,False,0.29842164120798537,0.2842861831124058,False,False,False,False,281937.0,269887.3900681216,False,False,False,False,5849.687959927476,False,False,False,False
2025-06-13 16:00:00+00:00,26.86,26.94,26.785,26.895,9983.0,,,,,,,26.116082866619543,26.094872954368498,25.071596683823117,24.87426414969546,24.598178295136048,24.470694747369212,23.90922926771026,23.550841493903768,23.41939702876904,23.232092817417243,22.618487821910534,22.286930451091646,22.15858340038695,,,26.094872954368498,25.071596683823117,23.90922926771026,22.618487821910534,24.978042473208042,23.6360068070898,,24.030865536784713,"rgba(0, 255, 0, 1.0)",0.6514095942334853,25.324838562045237,2.410405759838975,77.32524425171329,20.268816754263725,True,False,True,False,True,15.900551585453517,26.266200000000005,24.722424999999998,0.0,0.0,0.0,0.0,1.081570996978852,0.8547834843907351,False,False,False,False,0.3130576750012871,0.2986719290568465,False,False,False,False,291920.0,270228.98091977864,False,False,False,False,5913.770317137903,False,False,False,False
2025-06-13 17:00:00+00:00,26.915,26.915,26.645,26.735,3846.0,,,,,,,26.13793847204708,26.10045231734843,25.079269532622934,24.88152349178208,24.604875287191447,24.477079271810428,23.915278103320706,23.556939717226967,23.42541661988418,23.238023290122005,22.624374962161344,22.292776336143387,22.164413555281197,,,26.10045231734843,25.079269532622934,23.915278103320706,22.624374962161344,24.985559156296468,23.642138102358864,,24.03833545822632,"rgba(0, 255, 0, 1.0)",0.6411855362466202,25.330304805610496,2.1907780431422794,74.44673895865839,20.268816754263725,True,False,True,False,False,13.351433313312004,26.2684,24.73745,0.0,0.0,0.0,0.0,1.0685725709716114,0.8520591763294683,False,False,False,False,0.2985926998482005,0.2986323144525235,False,False,False,False,288074.0,270505.6478822627,False,False,False,False,5881.711862608633,False,False,False,False
2025-06-13 18:00:00+00:00,26.735,26.85,26.635,26.83,1596.0,,,,,,,26.146673662210247,26.102763394256847,25.08244572134337,24.884530214051924,24.60765078352295,24.479725969497586,23.91778656674915,23.55946879352671,23.427913228381893,23.2404830968549,22.62681700808425,22.295201372567405,22.16683210221619,,,26.102763394256847,25.08244572134337,23.91778656674915,22.62681700808425,24.988671487352168,23.64468081414656,,24.041407070251033,"rgba(0, 255, 0, 1.0)",0.628023045712432,25.332864730992675,2.3838858768454374,73.53421590495756,20.268816754263725,True,False,True,False,False,14.381362079137435,26.272299999999994,24.752574999999997,0.0,0.0,0.0,0.0,1.0696328810853952,0.8565442936951316,False,False,False,False,0.29193650511839525,0.29528440978545933,False,False,False,False,289670.0,270802.76962052216,False,False,False,False,5815.26671745191,False,False,False,False
2025-06-13 19:00:00+00:00,26.825,26.905,26.805,26.825,6654.0,,,,,,,26.184623576877218,26.113267412612593,25.096129673167535,24.897446507888425,24.619535644632215,24.49104600048238,23.928465001297486,23.570209954171478,23.438509404253825,23.250913873791912,22.637146993616057,22.30544870145859,22.177048286359007,,,26.113267412612593,25.096129673167535,23.928465001297486,22.637146993616057,25.002060213086377,23.655485018066262,,24.05459931004683,"rgba(0, 255, 0, 1.0)",0.6164453973612755,25.346215829909305,2.3988891415536595,72.79015485839108,20.268816754263725,True,False,True,False,False,14.301238192423757,26.2748,24.76775,0.0,0.0,0.0,0.0,1.0707876370887337,0.8568295114656033,False,False,False,False,0.3116627238575247,0.303473566821492,False,False,False,False,283016.0,270992.1220295063,False,False,False,False,5828.270334235602,False,False,False,False
2025-06-16 14:00:00+00:00,26.405,26.58,26.3,26.36,7581.0,,,,,,,26.197958515031956,26.1180287287876,25.10767858560999,24.90874031859097,24.63032652891185,24.501470771422323,23.938749876019198,23.580760390427695,23.448982292823278,23.261305972672428,22.64765357384433,22.315962688843996,22.1875621559178,,,26.1180287287876,25.10767858560999,23.938749876019198,22.64765357384433,25.013562522420248,23.666051887242237,,24.065013876838723,"rgba(0, 255, 0, 1.0)",0.601924144453143,25.348332609139646,1.6807223969715783,63.43708333794499,20.354929339673674,True,False,True,False,False,7.300046138481484,26.266800000000003,24.7808,0.0,0.0,0.0,0.0,1.0575864779874216,0.8653694968553459,False,False,False,False,0.2399283132525862,0.2717009400370391,False,False,False,False,275435.0,271061.0038585062,False,False,False,False,5855.444437580786,False,False,False,False
2025-06-16 15:00:00+00:00,26.365,26.575,26.35,26.475,4210.0,,,,,,,26.206386109724633,26.12107403119512,25.114263497058204,24.91515955095476,24.636440788398374,24.50737147351707,23.944547057585613,23.58669535965438,23.454870544784548,23.267144784520255,22.653545322202657,22.321853969631437,22.193451782245173,,,26.12107403119512,25.114263497058204,23.944547057585613,22.653545322202657,25.020109864980526,23.67199839265756,,24.070984943959402,"rgba(0, 255, 0, 1.0)",0.5901912043207946,25.351508353204682,1.9036062187478016,58.93240165542545,16.319327824619293,True,False,True,False,False,8.613494879222909,26.2599,24.794950000000004,0.0,0.0,0.0,0.0,1.0564263322884013,0.8683385579937304,False,False,False,False,0.2437499525538384,0.25772544629543875,False,False,False,False,279645.0,271194.0890700022,False,False,False,False,5829.933671106665,False,False,False,False
2025-06-16 16:00:00+00:00,26.475,26.52,26.42,26.51,4603.0,,,,,,,26.215568080324985,26.124500969350702,25.121478293008987,24.922192494612016,24.643139836709032,24.51383711873483,23.950896733923255,23.5931938716907,23.46131770046132,23.27353747775594,22.659994357076194,22.328301912080885,22.199897717964344,,,26.124500969350702,25.121478293008987,23.950896733923255,22.659994357076194,25.02728291098753,23.67850977007069,,24.077527427976403,"rgba(0, 255, 0, 1.0)",0.5778817329672823,25.35565259063921,1.997549573739766,56.44945750307285,14.089412347911889,True,False,True,False,False,9.011088901326112,26.2507,24.808125,0.0,0.0,0.0,0.0,1.0719794344473008,0.867312635950168,False,False,False,False,0.24148907497769156,0.24960726063656516,False,False,False,False,284248.0,271396.4752859712,False,False,False,False,5810.911443647647,False,False,False,False
2025-06-16 17:00:00+00:00,26.515,26.515,26.39,26.44,2853.0,,,,,,,26.220254959806336,26.126388651085367,25.125798121369257,24.92642300543428,24.647189144224757,24.517752572351103,23.95476225455489,23.597158517100908,23.46525384952796,23.277443945588793,22.66394417045974,22.332254830515406,22.20385071260716,,,26.126388651085367,25.125798121369257,23.95476225455489,22.66394417045974,25.03158763840741,23.682480315527698,,24.081421133432766,"rgba(0, 255, 0, 1.0)",0.5614957662311153,25.35803845835587,1.9269273371489462,53.66972869185058,11.443996576431218,True,False,True,False,False,7.996653165520421,26.242600000000003,24.820825,0.0,0.0,0.0,0.0,1.0637371338083927,0.8719319081551861,False,False,False,False,0.23671903062307034,0.24316314562981775,False,False,False,False,281395.0,271551.49117301044,False,False,False,False,5765.0523514980705,False,False,False,False
2025-06-16 18:00:00+00:00,26.425,26.5,26.405,26.455,2080.0,,,,,,,26.22362705682959,26.12777222576005,25.12894167600191,24.92950262083019,24.650138052910258,24.520604553668633,23.957578542138666,23.6000470939727,23.468121793857215,23.28029041130913,22.66682242050996,22.33513545136099,22.20673142763655,,,26.12777222576005,25.12894167600191,23.957578542138666,22.66682242050996,25.034720646893994,23.685373122616664,,24.08425487129122,"rgba(0, 255, 0, 1.0)",0.5474844026738503,25.359869288943532,2.000295726614265,52.085534918724306,9.793211810668964,False,False,False,False,False,8.173096966315395,26.235699999999998,24.833475,0.0,0.0,0.0,0.0,1.0614469772051538,0.8745292368681863,False,False,False,False,0.23598739609275662,0.2395752708612872,False,False,False,False,283475.0,271736.35177497927,False,False,False,False,5707.919756901201,False,False,False,False
2025-06-16 19:00:00+00:00,26.46,26.46,26.29,26.36,10196.0,,,,,,,26.233320289243224,26.132694908801714,25.14318205587592,24.943604899094414,24.663793533268134,24.533866465426353,23.97083452660486,23.613711485935532,23.481710739094986,23.29380556113276,22.68055924485351,22.348913417969236,22.220520161571958,,,26.132694908801714,25.14318205587592,23.97083452660486,22.68055924485351,25.048990258790834,23.699042209402734,,24.096962868374817,"rgba(0, 255, 0, 1.0)",0.5338224558918309,25.36696244142434,1.860239387862841,49.40304324142271,7.028043990132716,False,False,False,False,False,6.781317952112516,26.2273,24.845049999999997,0.0,0.0,0.0,0.0,1.054326353220071,0.8771236665349663,False,False,False,False,0.22209151843181502,0.23083339464655112,False,False,False,False,273279.0,271760.2688017238,False,False,False,False,5777.50239632909,False,False,False,False
2025-06-17 14:00:00+00:00,26.19,26.23,25.905,26.08,10562.0,,,,,,26.07166666666667,26.222942749011814,26.131436628919715,25.154088639270427,24.954930047485217,24.675278661284786,24.545205561346098,23.98272506280906,23.6262081633714,23.494213722341843,23.30633600942083,22.69354012251608,22.36203551468056,22.233687829798903,,,26.131436628919715,25.154088639270427,23.98272506280906,22.69354012251608,25.060187557943987,23.711490688351617,,24.24673538420881,"rgba(0, 255, 255, 0.75)",0.5228590149835046,25.464538856822838,1.1771072613074816,43.96647308785174,1.7772180903002663,False,True,False,True,False,2.862766173365138,26.211799999999997,24.855099999999997,0.0,0.0,0.0,0.0,1.0381322957198442,0.8821011673151751,False,False,False,False,0.16338285277665784,0.19710812371160447,False,False,False,False,262717.0,271620.06308386754,False,False,False,False,5851.6806537503435,False,False,False,False
2025-06-17 15:00:00+00:00,26.08,26.23,26.07,26.2,8790.0,,,,,,26.11481724541822,26.22008863335199,26.13203093943575,25.163891666850237,24.964970388162065,24.685335631242154,24.555094982124857,23.992963954425875,23.636912055127556,23.504907539129935,23.317033643255435,22.704569334773147,22.3731636431155,22.244847442387883,,,26.13203093943575,25.163891666850237,23.992963954425875,22.704569334773147,25.070178847999667,23.72216452177697,,24.257901935628617,"rgba(0, 255, 0, 1.0)",0.5108858055439369,25.469988862399582,1.428912546950055,42.72852979462287,0.4695156486889971,False,True,False,True,False,4.343312151633949,26.1976,24.865850000000002,0.0,0.0,0.0,0.0,1.043452844894778,0.8883476227591582,False,False,False,False,0.16383114823273884,0.18046963597217164,False,False,False,False,271507.0,271618.3101678386,False,False,False,False,5897.235992451889,False,False,False,False
2025-06-17 16:00:00+00:00,26.2,26.2,26.04,26.055,2954.0,,,,,,26.1126342688066,26.218048223095877,26.1318409778346,25.166922031176703,24.968117579800303,24.68853052553801,24.558251655812565,23.996275861371156,23.640392403043627,23.508390386842155,23.320525009256812,22.70818729601591,22.376821700942507,22.248518481132866,,,26.1318409778346,25.166922031176703,23.996275861371156,22.70818729601591,25.07328943554723,23.725631113112936,,24.260246885762122,"rgba(0, 255, 255, 0.75)",0.49663650673283255,25.470440596722277,1.1770367166990983,40.19937149082501,-2.161012113856465,False,True,False,True,False,2.3850089597581032,26.183200000000003,24.879125,0.0,0.0,0.0,0.0,1.0365781710914452,0.9008849557522126,False,False,False,False,0.15173640735154442,0.16610302166185803,False,False,False,False,268553.0,271570.7859791899,False,False,False,False,5851.604426677441,False,False,False,False
2025-06-17 17:00:00+00:00,26.055,26.09,26.0,26.08,2832.0,,,,,,26.1063290635691,26.215496436873384,26.131436887749192,25.169679703397595,24.971007795944157,24.691489809998806,24.561184309188672,23.999378475137444,23.643663379225572,23.511667045030947,23.323813878346307,22.71160605921863,22.380282752916777,22.251993325263275,,,26.131436887749192,25.169679703397595,23.999378475137444,22.71160605921863,25.076133432527026,23.72888685533207,,24.262073494418562,"rgba(0, 255, 255, 0.75)",0.4867274428297367,25.470409067959597,1.252427700596376,39.03298308868638,-3.5812227851924305,False,True,False,True,False,2.6989586717006304,26.1775,24.892325,0.0,0.0,0.0,0.0,1.025963808025177,0.9073564122738003,False,False,False,False,0.13663942048345354,0.15137122107265577,False,False,False,False,271385.0,271567.90557641175,False,False,False,False,5804.7888541708135,False,False,False,False
2025-06-17 18:00:00+00:00,26.065,26.1,26.02,26.065,2914.0,,,,,,26.101689600266173,26.213033700148888,26.131053110113175,25.172515331355097,24.973979343398135,24.69453254981695,24.564199967216144,24.00256892095521,23.647026789300057,23.51503640042798,23.327195909397666,22.715121779757453,22.383842063707757,22.25556685960269,,,26.131053110113175,25.172515331355097,24.00256892095521,22.715121779757453,25.079057491288616,23.732234562550882,,24.26409730896167,"rgba(0, 255, 255, 0.75)",0.47753314115448764,25.470587846226756,1.2447558138817125,38.060056318975235,-4.9147348952636065,False,True,False,True,False,2.493830125590197,26.169500000000003,24.9051,0.0,0.0,0.0,0.0,1.0257569799449469,0.9069996067636651,False,False,False,False,0.13965365441800465,0.1455124377453302,False,False,False,False,268471.0,271519.89153646736,False,False,False,False,5759.970422323204,False,False,False,False
2025-06-17 19:00:00+00:00,26.07,26.16,26.035,26.135,5018.0,,,,,,26.102950609817558,26.210269388082445,26.130855562141868,25.177619500219535,24.97928437818447,24.699924819051006,24.56953141492183,24.008168315407456,23.65291230740267,23.520927441324584,23.333102928697542,22.721245887872627,22.390035543156902,22.261782858091724,,,26.130855562141868,25.177619500219535,24.008168315407456,22.721245887872627,25.08429804425689,23.738096105053852,,24.268472211026587,"rgba(0, 255, 0, 1.0)",0.4632165547306652,25.472116838604578,1.4310437626324775,39.05851417850751,-4.9147348952636065,False,True,False,True,False,3.3940338750328287,26.1615,24.918225000000003,0.0,0.0,0.0,0.0,1.0276579050608081,0.9032954099646922,False,False,False,False,0.1449291541075576,0.1452207959264439,False,False,False,False,273489.0,271550.42034985544,False,False,False,False,5748.467004922843,False,False,False,False
2025-06-18 14:00:00+00:00,26.125,26.18,25.935,25.99,5345.0,,,,,,26.093496073582365,26.20539978168209,26.12990698740783,25.18256306434104,24.98450967682194,24.705320369402838,24.5748954652492,24.013888302521295,23.65896008478369,23.526992104970194,23.339198168174896,22.72760098648899,22.39647746666123,22.268253298662387,,,26.12990698740783,25.18256306434104,24.013888302521295,22.72760098648899,25.089417914518073,23.74411149677539,,24.27196155933928,"rgba(0, 255, 255, 0.75)",0.44901998390485537,25.47236957938245,1.1528004079373735,37.634222815957806,-6.138247106748736,False,True,False,True,False,1.3893650349171978,26.153100000000006,24.930425,0.0,0.0,0.0,0.0,1.022010128554733,0.9047526295286328,False,False,False,False,0.13282654693639923,0.13902367143142158,False,False,False,False,268144.0,271497.607631253,False,False,False,False,5742.211702520938,False,False,False,False
2025-06-18 15:00:00+00:00,25.99,26.17,25.99,26.16,8547.0,,,,,,26.095893097965728,26.201199888516726,26.129544958028884,25.191005492312904,24.993321383585982,24.714318326604637,24.583808830180775,24.023290105238424,23.66885709057099,23.53690470998871,23.3491455049418,22.737931807556386,22.4069333008227,22.278749944141715,,,26.129544958028884,25.191005492312904,24.023290105238424,22.737931807556386,25.09810319400339,23.75396417041153,,24.279350317175453,"rgba(0, 255, 0, 1.0)",0.4387735466333354,25.475370983524662,1.5603242759925393,40.32921849197254,-6.138247106748736,False,True,False,True,True,3.5744487091472763,26.146900000000002,24.94395,0.0,0.0,0.0,0.0,1.023147247617195,0.9093561563898076,False,False,False,False,0.1144767754701458,0.12675022345078368,False,False,False,False,276691.0,271578.1253423964,False,False,False,False,5785.696792404335,False,False,False,False
2025-06-18 16:00:00+00:00,26.16,26.205,26.135,26.135,17496.0,,,,,,26.112841410944593,26.197766215096397,26.130434592031442,25.208763678073602,25.011751853395708,24.733052049888407,24.60234327878874,24.04274567652133,23.689293175002803,23.557363655031132,23.369664033674905,22.759204910669713,22.42845035936352,22.300346504768516,,,26.130434592031442,25.208763678073602,24.04274567652133,22.759204910669713,25.116315166640657,23.77431614662908,,24.296001528089345,"rgba(0, 255, 0, 1.0)",0.4301743518306774,25.484460211775392,1.5122700492396413,41.71458318886766,-6.138247106748736,False,True,False,True,True,3.2259961790252305,26.153,24.958075000000004,0.0,0.0,0.0,0.0,1.0248422712933754,0.9148264984227131,False,False,False,False,0.13526336985087162,0.13100679665082765,False,False,False,False,259195.0,271386.1389029794,False,False,False,False,5967.25188089419,False,False,False,False
2025-06-18 17:00:00+00:00,26.14,26.15,26.04,26.05,6123.0,,,,,,26.109992372829325,26.19455492415808,26.12989498622493,25.214325346558674,25.01763359368959,24.739139863722226,24.608405668384222,24.049221951269303,23.696141677719577,23.564234984321704,23.376574467925632,22.76641726511785,22.435765477277197,22.307695563622833,,,26.12989498622493,25.214325346558674,24.049221951269303,22.76641726511785,25.122073733513428,23.781126130297988,,24.300714153058653,"rgba(0, 255, 0, 1.0)",0.4255169934464221,25.48630143718693,1.3247380750824145,41.25063563307685,-6.138247106748736,False,True,False,True,True,2.040677268807947,26.1575,24.972574999999996,0.0,0.0,0.0,0.0,1.0208949339641238,0.9146461659767399,False,False,False,False,0.11396450568857153,0.12248565116969959,False,False,False,False,253072.0,271102.1987649487,False,False,False,False,5969.666580415211,False,False,False,False
2025-06-18 18:00:00+00:00,26.04,26.2,26.02,26.06,3989.0,,,,,,26.109101224799964,26.192788136025847,26.129641906669047,25.21796583218953,25.021478356054747,24.743115568649564,24.612364035964077,24.05344655382006,23.700607095525704,23.568715021496708,23.38107964946238,22.771117965205836,22.440532748519132,22.312484827773982,,,26.129641906669047,25.21796583218953,24.05344655382006,22.771117965205836,25.125840139106412,23.785566692728914,,24.303888494439754,"rgba(0, 255, 0, 1.0)",0.41920079473478716,25.487685835918068,1.365250665719784,41.184681373900204,-6.138247106748736,False,True,False,True,True,2.1731512619547075,26.1631,24.987624999999998,0.0,0.0,0.0,0.0,1.0191057711246798,0.9158952137088835,False,False,False,False,0.11362937569790033,0.11805751343379996,False,False,False,False,257061.0,270884.50576084096,False,False,False,False,5938.958571416525,False,False,False,False
2025-06-18 19:00:00+00:00,26.055,26.06,25.91,25.97,7349.0,,,,,,26.09751948062517,26.186158690995008,26.127757627004414,25.223736206951628,25.027748741028763,24.749769588598745,24.61904775093853,24.060754176512006,23.708402791254397,23.576558589215388,23.388995427232558,22.779449204986552,22.449011618393364,22.321012977478162,,,26.127757627004414,25.223736206951628,24.060754176512006,22.779449204986552,25.131899174074903,23.793303538574385,,24.308280205086763,"rgba(0, 255, 255, 0.75)",0.4118144097868349,25.488238865958913,1.1698501135267645,39.632585980401906,-6.138247106748736,False,True,False,True,True,0.9073942254691545,26.1629,25.00185,0.0,0.0,0.0,0.0,1.0115981914684489,0.9223510910163164,False,False,False,False,0.07705118775973135,0.09755435059676565,False,False,False,False,249712.0,270556.2498575721,False,False,False,False,5960.819678836424,False,False,False,False
2025-06-19 14:00:00+00:00,25.97,25.97,25.97,25.97,0.0,,,,,,26.09751948062517,26.186158690995008,26.127757627004414,25.223736206951628,25.027748741028763,24.749769588598745,24.61904775093853,24.060754176512006,23.708402791254397,23.576558589215388,23.388995427232558,22.779449204986552,22.449011618393364,22.321012977478162,,,26.127757627004414,25.223736206951628,24.060754176512006,22.779449204986552,25.131899174074903,23.793303538574385,,24.308280205086763,"rgba(0, 255, 255, 0.75)",0.40525295181519194,25.488238865958913,1.1887911781597202,38.59785571806971,-7.0229298642584865,False,True,False,True,False,0.9073942254691545,26.1629,25.016149999999996,0.0,0.0,0.0,0.0,1.0120624876408937,0.9294047854459168,False,False,False,False,0.06483951293530638,0.08119693176603601,False,False,False,False,249712.0,270233.08319311356,False,False,False,False,5868.403869862215,False,False,False,False
2025-06-19 15:00:00+00:00,25.97,25.97,25.97,25.97,0.0,,,,,,26.09751948062517,26.186158690995008,26.127757627004414,25.223736206951628,25.027748741028763,24.749769588598745,24.61904775093853,24.060754176512006,23.708402791254397,23.576558589215388,23.388995427232558,22.779449204986552,22.449011618393364,22.321012977478162,,,26.127757627004414,25.223736206951628,24.060754176512006,22.779449204986552,25.131899174074903,23.793303538574385,,24.308280205086763,"rgba(0, 255, 255, 0.75)",0.3964039026725465,25.488238865958913,1.2153289379672179,37.908035543181576,-8.002590049774156,False,True,False,True,False,0.9073942254691545,26.164099999999998,25.030475000000003,0.0,0.0,0.0,0.0,1.0077442414614772,0.9316918189038922,False,False,False,False,0.045641406893264305,0.06341916932965017,False,False,False,False,249712.0,269914.9268645381,False,False,False,False,5777.420864127917,False,False,False,False
2025-06-19 16:00:00+00:00,25.97,25.97,25.97,25.97,0.0,,,,,,26.09751948062517,26.186158690995008,26.127757627004414,25.223736206951628,25.027748741028763,24.749769588598745,24.61904775093853,24.060754176512006,23.708402791254397,23.576558589215388,23.388995427232558,22.779449204986552,22.449011618393364,22.321012977478162,,,26.127757627004414,25.223736206951628,24.060754176512006,22.779449204986552,25.131899174074903,23.793303538574385,,24.308280205086763,"rgba(0, 255, 0, 1.0)",0.3870662349911734,25.488238865958913,1.2446477901955781,37.44815542658949,-8.765554737790438,False,True,False,True,False,0.9073942254691545,26.1663,25.043074999999998,0.0,0.0,0.0,0.0,1.004407051282051,0.9379006410256412,False,False,False,False,0.031673685251152724,0.04754642729040144,False,False,False,False,249712.0,269601.70319221966,False,False,False,False,5687.84844762981,False,False,False,False
2025-06-19 17:00:00+00:00,25.97,25.97,25.97,25.97,0.0,,,,,,26.09751948062517,26.186158690995008,26.127757627004414,25.223736206951628,25.027748741028763,24.749769588598745,24.61904775093853,24.060754176512006,23.708402791254397,23.576558589215388,23.388995427232558,22.779449204986552,22.449011618393364,22.321012977478162,,,26.127757627004414,25.223736206951628,24.060754176512006,22.779449204986552,25.131899174074903,23.793303538574385,,24.308280205086763,"rgba(0, 255, 0, 1.0)",0.38719903162335295,25.488238865958913,1.2442209166207794,37.141568682194766,-9.386908526881967,False,True,False,True,False,0.9073942254691545,26.165599999999998,25.055375000000005,0.0,0.0,0.0,0.0,1.0030425963488843,0.9450304259634891,False,False,False,False,0.028780802689887607,0.03816361499014452,False,False,False,False,249712.0,269293.3357008674,False,False,False,False,5599.664750767332,False,False,False,False
2025-06-19 18:00:00+00:00,25.97,25.97,25.97,25.97,0.0,,,,,,26.09751948062517,26.186158690995008,26.127757627004414,25.223736206951628,25.027748741028763,24.749769588598745,24.61904775093853,24.060754176512006,23.708402791254397,23.576558589215388,23.388995427232558,22.779449204986552,22.449011618393364,22.321012977478162,,,26.127757627004414,25.223736206951628,24.060754176512006,22.779449204986552,25.131899174074903,23.793303538574385,,24.308280205086763,"rgba(0, 255, 0, 1.0)",0.3861368729927991,25.488238865958913,1.2476434335502335,36.93717751926495,-9.911172393761689,False,True,False,True,False,0.9073942254691545,26.163600000000002,25.067875,0.0,0.0,0.0,0.0,0.9932762836185818,0.9464140179299105,False,False,False,False,0.028780802689887607,0.03347220884001606,False,False,False,False,249712.0,268989.7491008539,False,False,False,False,5512.848243003497,False,False,False,False
2025-06-19 19:00:00+00:00,25.97,25.97,25.97,25.97,0.0,,,,,,26.09751948062517,26.186158690995008,26.127757627004414,25.223736206951628,25.027748741028763,24.749769588598745,24.61904775093853,24.060754176512006,23.708402791254397,23.576558589215388,23.388995427232558,22.779449204986552,22.449011618393364,22.321012977478162,,,26.127757627004414,25.223736206951628,24.060754176512006,22.779449204986552,25.131899174074903,23.793303538574385,,24.308280205086763,"rgba(0, 255, 0, 1.0)",0.38473329945779866,25.488238865958913,1.252195052312935,36.800916743978405,-10.364591625526458,False,True,False,True,False,0.9073942254691545,26.1627,25.080075,0.0,0.0,0.0,0.0,0.9928234570432641,0.9483288907115032,False,False,False,False,0.028780802689887607,0.031126505764951833,False,False,False,False,249712.0,268690.8692698329,False,False,False,False,5427.377727608095,False,False,False,False
2025-06-20 14:00:00+00:00,25.885,25.895,25.585,25.77,2743.0,,,,,,26.086260049766523,26.181145078581494,26.12599050487376,25.225219424608273,25.02950795648053,24.751773974891165,24.62110694733283,24.06314237842563,23.71100564204197,23.5791942143493,23.3916764565941,22.78232507842145,22.451960473869384,22.323986488330664,,,26.12599050487376,25.225219424608273,24.06314237842563,22.78232507842145,25.133531372071456,23.795875067675365,,24.30887819061194,"rgba(0, 255, 255, 0.75)",0.38462439850833763,25.486975865713067,0.7358455037812627,32.34635787789142,-14.690055682370613,False,True,False,True,False,0.0,26.156999999999996,25.091175000000003,0.0,0.0,0.0,0.0,0.9795876709532556,0.9540722596448257,False,False,False,False,-0.03660408071611324,-0.0027387874755807045,False,False,False,False,246969.0,268354.0961028588,False,False,False,False,5385.759468265333,False,False,False,False
2025-06-20 15:00:00+00:00,25.765,25.84,25.685,25.745,5391.0,,,,,,26.066529025499797,26.17176723301833,26.122625934638133,25.228146986484322,25.032972367403197,24.755716164376256,24.625156020914932,24.067834919650995,23.716118568771996,23.58437145166502,23.39694280334307,22.787973688487288,22.457752413732152,22.329826867090155,,,26.122625934638133,25.228146986484322,24.067834919650995,22.787973688487288,25.136748670042966,23.800926594254594,,24.31026674607683,"rgba(38, 166, 154, 1.0)",0.3834171510400708,25.484804251422545,0.6786231337634204,29.001815875310577,-17.736066264367473,False,True,False,True,False,0.0,26.1523,25.102000000000004,0.0,0.0,0.0,0.0,0.9745209947003667,0.9592335915205873,False,False,False,False,-0.03020295018019974,-0.01647086882789022,False,False,False,False,241578.0,267938.9628299462,False,False,False,False,5385.840716819359,False,False,False,False
2025-06-20 16:00:00+00:00,25.75,25.78,25.6,25.67,6845.0,,,,,,26.03945958636917,26.158439918733865,26.11760267587916,25.23130862505066,25.036882932487,24.760313781784394,24.629925231128023,24.073498643492922,23.722341797141578,23.59068894738994,23.403389072776303,22.7949385330278,22.46491447241304,22.33705579260337,,,26.11760267587916,25.23130862505066,24.073498643492922,22.7949385330278,25.140308528443217,23.807064079871473,,24.311482857876946,"rgba(38, 166, 154, 1.0)",0.38176259072314656,25.481277808442336,0.49434438088913474,25.735593009353607,-20.61509144896788,False,True,False,True,False,0.0,26.1494,25.111775,0.0,0.0,0.0,0.0,0.9886246122026888,0.956566701137539,False,False,False,False,-0.07583311498269642,-0.046151991905293316,False,False,False,False,234733.0,267424.1417007997,False,False,False,False,5408.463341364795,False,False,False,False
2025-06-20 17:00:00+00:00,25.68,25.71,25.55,25.565,2413.0,,,,,,26.028984335404264,26.153198967397888,26.115558040220506,25.232229529536934,25.038091658514478,24.761792875318434,24.631477269539907,24.07539318707857,23.724442688148457,23.592827442917237,23.405578386984697,22.7973222535586,22.46737300661225,22.33953976043089,,,26.115558040220506,25.232229529536934,24.07539318707857,22.7973222535586,25.14138062044058,23.809132032777313,,24.311700671547367,"rgba(38, 166, 154, 1.0)",0.37774953568692204,25.479734857276306,0.22571872277392613,22.40598418639065,-23.50990549523348,False,True,False,True,False,0.0,26.1468,25.12045,0.0,0.0,0.0,0.0,0.9736623807548735,0.9639153878058899,False,False,False,False,-0.09413025387768753,-0.07014112289149042,False,False,False,False,232320.0,266879.8914418726,False,False,False,False,5362.022049250612,False,False,False,False
2025-06-20 18:00:00+00:00,25.565,25.695,25.525,25.635,3369.0,,,,,,26.01551059927282,26.146177742276947,26.112786398053785,25.233541771750936,25.03980018324864,24.763873649920587,24.633658086093032,24.078047718943804,23.727383636837963,23.595820387820783,23.40864166100974,22.80065544064198,22.470810062847914,22.34301213174759,,,26.112786398053785,25.233541771750936,24.078047718943804,22.80065544064198,25.14290115203137,23.812027355751592,,24.31212281931904,"rgba(38, 166, 154, 1.0)",0.3746985214568585,25.539296587369027,0.25541443894380034,23.52652336135873,-23.50990549523348,False,True,False,True,False,0.0,26.147100000000002,25.129724999999997,0.0,0.0,0.0,0.0,0.9669987546699874,0.9686591946865921,False,False,False,False,-0.10024268943321389,-0.08519190616235216,False,False,False,False,235689.0,266396.3117295955,False,False,False,False,5331.122482595564,False,False,False,False
2025-06-20 19:00:00+00:00,25.635,25.81,25.6,25.785,12165.0,,,,,,25.985444323508496,26.127419038230226,26.105266664936615,25.239580729356128,25.047078863012015,24.772289109030734,24.642350300927397,24.0882570150312,23.738559326656297,23.607155746883226,23.420196182973996,22.813107309295987,22.483603266194425,22.35592114028636,,,26.105266664936615,25.239580729356128,24.0882570150312,22.813107309295987,25.14960158356847,23.823056415250544,,24.31615921545165,"rgba(0, 255, 255, 0.75)",0.3696296905121155,25.540848506411415,0.6605299840776262,29.787338360676777,-25.122622103852795,False,True,False,True,True,0.0,26.148600000000002,25.1389,0.0,0.0,0.0,0.0,0.972072817542408,0.959660736450145,False,False,False,False,-0.07126721200101428,-0.07822955908168322,False,False,False,False,247854.0,266108.8340283614,False,False,False,False,5437.074072012688,False,False,False,False
2025-06-23 14:00:00+00:00,26.035,26.36,25.995,26.36,3018.0,,,,,,25.99191979954127,26.12865047628157,26.105914846593016,25.242575644517228,25.05017992153062,24.77544493936703,24.645478598162075,24.091545203234052,23.74201253520462,23.610615547978345,23.423669398776557,22.81671356002529,22.487254258716582,22.359586900924253,,,26.105914846593016,25.242575644517228,24.091545203234052,22.81671356002529,25.152666819969276,23.826494165407837,,24.319397259346605,"rgba(0, 255, 0, 1.0)",0.3630514072749184,25.54847257652326,2.2352961790400547,43.384980941790886,-13.071636232224506,False,True,False,True,True,6.590935273972036,26.1613,25.150724999999998,0.0,0.0,0.0,0.0,0.9776513612352703,0.9471759447379118,False,False,False,False,0.07202795431168202,-0.0031008023850006006,False,False,False,False,250872.0,265872.6040434256,False,False,False,False,5399.569047640398,False,False,False,False
2025-06-23 15:00:00+00:00,26.36,26.405,26.23,26.25,3827.0,,,,,,26.001451297011528,26.130959955983627,26.107075626257544,25.246562297704205,25.054275544665835,24.779581490428278,24.64956836745513,24.095810063019027,23.746476799293045,23.615084043963755,23.428149768722193,22.82135114440346,22.491943517767407,22.364293122242067,,,26.107075626257544,25.246562297704205,24.095810063019027,22.82135114440346,25.156730573725827,23.830941477677687,,24.323755931351226,"rgba(0, 255, 0, 1.0)",0.3536070629313412,25.656966721118998,1.6770968146531322,50.2055159550121,-7.664750327435726,False,False,True,False,True,4.922506319113658,26.172800000000002,25.160999999999998,0.0,0.0,0.0,0.0,0.991873222267371,0.9422998780983343,False,False,False,False,0.11479052007551162,0.05584485884525551,False,False,False,False,247045.0,265580.703205543,False,False,False,False,5375.188132173104,False,False,False,False
2025-06-23 16:00:00+00:00,26.25,26.285,26.055,26.09,3251.0,,,,,,26.005143107546758,26.131104183249313,26.107263727758706,25.24943878435316,25.05731090813592,24.782727881220996,24.652707920920093,24.099171109183395,23.750031942470546,23.61865415203977,23.431744058523492,22.825109437744736,22.49575943451323,22.36812826094154,,,26.107263727758706,25.24943878435316,24.099171109183395,22.825109437744736,25.159703094996267,23.83447509278326,,24.326735350614403,"rgba(0, 255, 0, 1.0)",0.3417854155317999,25.656212472347853,1.269180918609989,51.878691205422335,-6.748817380165363,False,False,True,False,True,2.5682643245238417,26.1774,25.171774999999997,0.0,0.0,0.0,0.0,0.98440065681445,0.9644909688013141,False,False,False,False,0.06974588223953886,0.06279537054239719,False,False,False,False,243794.0,265242.924861271,False,False,False,False,5342.254982837087,False,False,False,False
2025-06-23 17:00:00+00:00,26.095,26.215,26.0,26.03,1756.0,,,,,,26.00620371174271,26.130794870698562,26.107192200053245,25.250878175422013,25.058850709906515,24.784344593220112,24.65432831292494,24.100927335573207,23.751898473912203,23.62053132594509,23.433637466517308,22.827098252448952,22.497782463949097,22.370162757812704,,,26.107192200053245,25.250878175422013,24.100927335573207,22.827098252448952,25.16120104652039,23.836328398784204,,24.328187903580474,"rgba(0, 255, 0, 1.0)",0.33331903122466877,25.655704658826238,1.122934204502337,52.001975872716784,-6.748817380165363,False,False,True,False,True,1.7036877896501856,26.1814,25.181775,0.0,0.0,0.0,0.0,0.9751998360319737,0.9708956753433086,False,False,False,False,0.05075452844704697,0.056774949494722074,False,False,False,False,242038.0,264883.15858435206,False,False,False,False,5286.65413039,False,False,False,False
2025-06-23 18:00:00+00:00,26.03,26.045,25.89,25.915,1255.0,,,,,,26.005652445187774,26.129990032527303,26.106878894622124,25.25174129727639,25.05980706100458,24.785380563329618,24.65537752373799,24.102097283666776,23.753155352582322,23.621799495968016,23.43492181158159,22.828460712029845,22.499173842959053,22.371563897992953,,,26.106878894622124,25.25174129727639,24.102097283666776,22.828460712029845,25.162115929465536,23.8375735091639,,24.32900001531902,"rgba(0, 255, 255, 0.75)",0.332783442827006,25.653973430139914,0.7843736684813898,50.27085221809659,-6.748817380165363,False,False,False,False,True,0.06728358957552061,26.1822,25.19085,0.0,0.0,0.0,0.0,0.9685249948570253,0.9825138860316811,False,False,False,False,0.008325864931594233,0.032550407213158154,False,False,False,False,240783.0,264509.5127148272,False,False,False,False,5224.147864802558,False,False,False,False
2025-06-23 19:00:00+00:00,25.915,25.965,25.885,25.93,6920.0,,,,,,26.00159985022836,26.125118780950267,26.10491988450801,25.256304722868187,25.064906421548347,24.79094614913725,24.661028710346937,24.108440694528507,23.759986643115546,23.628697559074762,23.44191465703188,22.835895943015828,22.506773992518745,22.379219803652084,,,26.10491988450801,25.256304722868187,24.108440694528507,22.835895943015828,25.1669743967426,23.844337175264414,,24.333268129466052,"rgba(0, 255, 255, 0.75)",0.3307481009866601,25.648282811938294,0.8517575375982814,49.383579124005195,-6.748817380165363,False,False,False,False,True,0.27945249182783627,26.1858,25.200899999999997,0.0,0.0,0.0,0.0,0.9609504132231406,0.9904958677685956,False,False,False,False,-0.004541330552364728,0.014004538330396714,False,False,False,False,247703.0,264248.9466262252,False,False,False,False,5250.4401459684095,False,False,False,False
2025-06-24 14:00:00+00:00,24.93,25.37,24.76,25.345,5755.0,,,,,25.15833333333333,25.96709012731078,26.10623215045441,26.096438956143402,25.25575690210501,25.06536126159508,24.792430107874043,24.66286041086924,24.111467557038377,23.76363217788883,23.632495331367227,23.44591134633978,22.840521899203097,22.51165473645429,22.384188161073684,,,26.096438956143402,25.25575690210501,24.111467557038377,22.840521899203097,25.166928970139658,23.847865673417672,,24.38629163060337,#000000,0.3380861609889235,25.64249380870506,-0.8799348894816377,42.48108411216009,1.0243439115017878,False,True,False,True,False,0.0,26.177599999999998,25.2079,1.0,25.37,24.76,0.0,0.9362628661916074,0.9897070467141731,True,False,False,False,-0.27137978437762705,-0.12868762302361517,False,False,False,False,241948.0,263903.19551574107,False,False,False,False,5258.262779364248,False,False,False,False
2025-06-24 15:00:00+00:00,25.35,25.525,25.34,25.47,3750.0,,,,,25.27143170261266,25.95352953263562,26.097920814590857,26.09265788661777,25.256443916299204,25.066561776721645,24.794143154718366,24.664733080240865,24.113968030387863,23.766483576417038,23.63542287870421,23.448939910009305,22.84389788679736,22.51516882910274,22.387749583550825,,,26.09265788661777,25.256443916299204,24.113968030387863,22.84389788679736,25.16787826166383,23.850655414705486,,24.393936837293758,#000000,0.3432467922069147,25.64119748448138,-0.4987591679463731,39.9538525140316,-1.4922292076444208,False,True,False,True,False,0.0,26.1695,25.2154,0.0,0.0,0.0,0.0,0.9644911723864313,0.9833366395556443,False,False,False,False,-0.15487328090623156,-0.14178045196492337,False,False,False,False,245698.0,263620.9444224738,False,False,False,False,5234.878860304338,False,False,False,False
2025-06-24 16:00:00+00:00,25.47,25.565,25.47,25.52,2534.0,,,,,25.323400199352104,25.94602303435413,26.093039485812536,26.09041414079121,25.2570847935794,25.067525082828745,24.79542548674191,24.66611189092021,24.115745180663307,23.76848883317711,23.637475723205384,23.451056217134337,22.846238379878308,22.51759797199527,22.390209080007082,,,26.09041414079121,25.2570847935794,24.115745180663307,22.846238379878308,25.168684847983936,23.85262147895159,,24.39772236669607,#000000,0.3458846602527715,25.640494237391977,-0.34836536926477235,39.08888371310043,-2.6060364330667767,False,True,False,True,False,0.0,26.1543,25.221349999999997,0.0,0.0,0.0,0.0,0.9658102766798419,0.9762845849802376,False,False,False,False,-0.12861740679143197,-0.13519892937817768,False,False,False,False,248232.0,263382.35613685404,False,False,False,False,5193.004769446906,False,False,False,False
2025-06-24 17:00:00+00:00,25.535,25.68,25.505,25.65,2404.0,,,,,25.371381407371505,25.94063983301521,26.089223803086252,26.088646296705896,25.257906079212933,25.068623601780327,24.796794366385832,24.66755866139159,24.11753892129349,23.77048822019039,23.639515555335873,23.45315042026327,22.848532441486366,22.519970430419665,22.392608341439978,,,26.088646296705896,25.257906079212933,24.11753892129349,22.848532441486366,25.16964997622514,23.854586670619895,,24.401505225291906,"rgba(38, 166, 154, 0.5)",0.34811567405461585,25.641186322853272,0.025318242767039065,40.590083958965145,-2.6060364330667767,False,True,False,True,False,0.0,26.1377,25.228575,0.0,0.0,0.0,0.0,0.9674190382728165,0.9719332679097159,False,False,False,False,-0.10559718603457176,-0.12039805770637471,False,False,False,False,250636.0,263184.7382122516,False,False,False,False,5149.7643854244725,False,False,False,False
2025-06-24 18:00:00+00:00,25.65,25.65,25.47,25.49,2293.0,,,,,25.394027147068194,25.934529928060083,26.085077450123755,26.086708968744617,25.258520576891286,25.06952313161395,24.797975989487565,24.66882521310295,24.11916015453411,23.772313732154377,23.64138343539008,23.455074874066337,22.850657738927495,22.52217514470934,22.394840252750743,,,26.086708968744617,25.258520576891286,24.11916015453411,22.850657738927495,25.170411095907063,23.856377200670707,,24.403386249174993,#000000,0.3532449575011329,25.639747085983934,-0.4239185381250794,39.83120064410594,-2.6661779827145793,False,True,False,True,False,0.0,26.1173,25.236375000000002,0.0,0.0,0.0,0.0,0.9662833755603196,0.9732995517442999,False,False,False,False,-0.11555751602572986,-0.11797778686605229,False,False,False,False,248343.0,262954.63374384464,False,False,False,False,5105.473464720217,False,False,False,False
2025-06-24 19:00:00+00:00,25.49,25.635,25.4,25.495,13474.0,,,,,25.44575234469822,25.899879776918944,26.060790766459696,26.075055277190792,25.261736416525103,25.07444203402437,24.804595908367226,24.675967293684053,24.128434599855638,23.782803943285362,23.65213209674208,23.466167856170824,22.862955399901338,22.534951508598496,22.407780760415385,,,26.075055277190792,25.261736416525103,24.128434599855638,22.862955399901338,25.174499490546452,23.866656318768765,,24.408896398855838,#000000,0.3577216190793255,25.62798826227784,-0.37176467729323165,39.41244923254412,-3.638275088471147,False,True,False,True,False,0.0,26.098399999999998,25.2443,0.0,0.0,0.0,0.0,0.9638856701429124,0.9741212823483976,False,False,False,False,-0.12861740679143197,-0.12329759682874213,False,False,False,False,261817.0,262936.9960113819,False,False,False,False,5235.218062166415,False,False,False,False
2025-06-25 14:00:00+00:00,25.48,25.615,25.45,25.52,3516.0,,,,,25.454361570697184,25.89213142109238,26.054986875948778,26.072187525019622,25.262623067274827,25.07576085414528,24.80634752480927,24.677851618653953,24.13086627035038,23.78554936295047,23.654944091657452,23.469068649612147,22.86616784454984,22.538287940321236,22.41115973017593,,,26.072187525019622,25.262623067274827,24.13086627035038,22.86616784454984,25.175607615584855,23.869347323437907,,24.41015295648392,#000000,0.3628242569639177,25.625549375702768,-0.29091047160406663,39.610166622459715,-4.052898231008022,False,True,False,True,False,0.0,26.0799,25.2527,0.0,0.0,0.0,0.0,0.9660333909038573,0.9750527729802347,False,False,False,False,-0.12400327564353829,-0.12365043623614021,False,False,False,False,265333.0,262974.14336004265,False,False,False,False,5208.563518566935,False,False,False,False
2025-06-25 15:00:00+00:00,25.55,25.55,25.42,25.48,1415.0,,,,,25.455528157992084,25.888729038367657,26.052490133074873,26.070947088229946,25.26291808402474,25.076236888821402,24.80700627737109,24.67856760824744,24.13181106817089,23.786623344362095,23.656046263895522,23.470208299929077,22.86743667914504,22.53960839933141,22.412497917511963,,,26.070947088229946,25.26291808402474,24.13181106817089,22.86743667914504,25.175994974664277,23.870398540067804,,24.410443683231684,#000000,0.3685174583613304,25.624244482401323,-0.391418314461215,39.20540941512081,-5.062555064243902,False,True,False,True,False,0.0,26.060699999999997,25.261425,0.0,0.0,0.0,0.0,0.9650563299599009,0.9776589650563304,False,False,False,False,-0.1386336744704834,-0.1311420553533118,False,False,False,False,263918.0,262988.77679632104,False,False,False,False,5149.748580294579,False,False,False,False
2025-06-25 16:00:00+00:00,25.48,25.595,25.48,25.495,1881.0,,,,,25.45897317811031,25.884730589782073,26.049435609675754,26.06941790639293,25.263379988219203,25.076929985052775,24.80793166790976,24.679564634950545,24.133102084059804,23.788082524626,23.65754138503051,23.47175133683073,22.869147236151388,22.541385717975807,22.414298152319187,,,26.06941790639293,25.263379988219203,24.133102084059804,22.869147236151388,25.17657521636613,23.87182843681465,,24.411044799805783,#000000,0.3735186597603487,25.62295339010833,-0.34256224358489373,39.278329419526315,-5.598760240797326,False,True,False,True,False,0.0,26.035,25.2685,0.0,0.0,0.0,0.0,0.9750869061413675,0.9756662804171501,False,False,False,False,-0.12246640811115095,-0.12680423173223138,False,False,False,False,265799.0,263032.34614831605,False,False,False,False,5099.070307731873,False,False,False,False
2025-06-25 17:00:00+00:00,25.49,25.5,25.425,25.495,1920.0,,,,,25.459681192542753,25.880186176027244,26.04606102994192,26.067723689644907,25.26375942126114,25.077556246103512,24.808807937450755,24.680519746337406,24.134370093581346,23.789526588232064,23.659024206990733,23.473285648885636,22.8708581392471,22.543167321949813,22.416104047604225,,,26.067723689644907,25.26375942126114,24.134370093581346,22.8708581392471,25.177080379109956,23.873241320294813,,24.411375432386702,#000000,0.3781209706806098,25.621170676754257,-0.3336780727267037,39.32694275579665,-6.140042100300725,False,True,False,True,False,0.0,26.007799999999996,25.274375,0.0,0.0,0.0,0.0,0.9731934731934733,0.9794094794094799,False,False,False,False,-0.1455841220528135,-0.13619417689252244,False,False,False,False,265799.0,263075.2400064817,False,False,False,False,5049.782395984092,False,False,False,False
2025-06-25 18:00:00+00:00,25.495,25.52,25.36,25.375,3131.0,,,,,25.45660415626807,25.87201379901476,26.04012160406152,26.06472769874879,25.26421362673267,25.07843194110455,24.81011409577872,24.68196464439237,24.13634800877871,23.791799417122096,23.66136395429014,23.475713990926927,22.87358448016912,22.546013549346394,22.418991507062554,,,26.06472769874879,25.26421362673267,24.13634800877871,22.87358448016912,25.177748229646696,23.875460997935406,,24.411467098253166,#000000,0.3855132883513535,25.617535516955893,-0.6291236237098229,37.45949826169728,-8.379595676041461,False,True,False,True,False,0.0,25.9774,25.279975,0.0,0.0,0.0,0.0,0.968035645098799,0.976172026346378,False,False,False,False,-0.15254856541264608,-0.14437137115258425,False,False,False,False,262668.0,263068.9262079316,False,False,False,False,5020.033831705268,False,False,False,False
2025-06-25 19:00:00+00:00,25.375,25.46,25.34,25.445,6896.0,,,,,25.450745301449217,25.85487090293605,26.027360319236482,26.05819203802299,25.265183222696646,25.08032610913342,24.81295558970649,24.68511283103629,24.14067165951416,23.79677278823005,23.666485607816927,23.48103192674282,22.87956085152443,22.55225525780854,22.425324518511154,,,26.05819203802299,25.265183222696646,24.14067165951416,22.87956085152443,25.179186002912896,23.880316883687517,,24.41178992829105,#000000,0.39107440364867624,25.610100919186166,-0.4221726547321808,38.12885698801579,-8.379595676041461,False,True,False,True,False,0.0,25.9516,25.285375,0.0,0.0,0.0,0.0,0.9711184338050011,0.9763520062027529,False,False,False,False,-0.16496659959130114,-0.15466898537194268,False,False,False,False,269564.0,263169.62502641324,False,False,False,False,5049.1185785005355,False,False,False,False
2025-06-26 14:00:00+00:00,25.485,25.62,25.425,25.59,2197.0,,,,,25.454792472866096,25.851211508759857,26.024243447851926,26.05655265187149,25.265755289126954,25.081157774640488,24.814049531013,24.686287771881148,24.142182894857775,23.798477636103712,23.668231888908586,23.48283352417247,22.881556289461322,22.554328149208178,22.42742402433259,,,26.05655265187149,25.265755289126954,24.142182894857775,22.881556289461322,25.17989091731434,23.881987997206053,,24.41260565700371,"rgba(38, 166, 154, 0.5)",0.39405406177780017,25.60915078771676,-0.048599391744272157,41.96504454554834,-11.87280373860122,False,False,False,True,True,0.0,25.926800000000004,25.291625,0.0,0.0,0.0,0.0,0.9779624975836073,0.9663638121012956,False,False,False,False,-0.12707876737086413,-0.14087387637140342,False,False,False,False,271761.0,263302.8246384068,False,False,False,False,5004.899685810605,False,False,False,False
2025-06-26 15:00:00+00:00,25.6,25.635,25.53,25.585,3303.0,,,,,25.462587190267246,25.846538450027552,26.020001383605294,26.054290813496362,25.26672841470388,25.08250539475118,24.81577396702937,24.68812674896608,24.14451071389215,23.80109059829817,23.670904669973144,23.48558639852999,22.8845937381509,22.557479040363518,22.430613883477616,,,26.054290813496362,25.26672841470388,24.14451071389215,22.8845937381509,25.181056330124292,23.884551834242835,,24.41408876036883,"rgba(38, 166, 154, 0.5)",0.39694789410023273,25.608276768372683,-0.05863935473305324,44.41536396251196,-9.52334147052629,True,False,False,True,True,0.0,25.902,25.29805,0.0,0.0,0.0,0.0,0.9837240844797521,0.9655105599689987,False,False,False,False,-0.10865958960437577,-0.1247667329878896,False,False,False,False,268458.0,263382.74983781134,False,False,False,False,4978.51364417013,False,False,False,False
2025-06-26 16:00:00+00:00,25.58,25.6,25.455,25.47,4121.0,,,,,25.465804801729533,25.839334227565793,26.01393224092159,26.051054356889637,25.267648569844283,25.083926376327632,24.817705484427375,24.690219269436863,24.147253661329913,23.804203223340345,23.674098564457005,23.48888849517254,22.88826880692713,22.561303868305234,22.434490231207544,,,26.051054356889637,25.267648569844283,24.147253661329913,22.88826880692713,25.182231620965084,23.88759905417651,,24.41520881185882,#000000,0.4015854502765919,25.60592630957708,-0.3384741889514691,43.689890319397435,-9.52334147052629,True,False,False,True,True,0.0,25.8842,25.3112,0.0,0.0,0.0,0.0,0.9806314158435018,0.9661049777261286,False,False,False,False,-0.12554072619534126,-0.12515372959161541,False,False,False,False,264337.0,263397.54441396927,False,False,False,False,4965.218858989197,False,False,False,False
2025-06-26 17:00:00+00:00,25.48,25.545,25.435,25.495,7377.0,,,,,25.468696898954526,25.826564080349602,26.003073419878767,26.04518059027045,25.269165497091596,25.08634756445716,24.821053526025864,24.69386277789281,24.15207656618921,23.809692662575298,23.679736611240152,23.49472416828116,22.894780214365493,22.568087405012328,22.441367457434616,,,26.04518059027045,25.269165497091596,24.15207656618921,22.894780214365493,25.18420810640761,23.89296961395549,,24.4169606293346,#000000,0.4051567931394047,25.60148707194484,-0.2628292891739843,43.85906033852747,-9.52334147052629,True,False,False,True,True,0.0,25.8646,25.325275,0.0,0.0,0.0,0.0,0.9838678328474247,0.9667638483965019,False,False,False,False,-0.13763641452986078,-0.13139507206073808,False,False,False,False,271714.0,263526.48170987674,False,False,False,False,5002.610814663783,False,False,False,False
2025-06-26 18:00:00+00:00,25.49,25.54,25.455,25.49,7282.0,,,,,25.47131180402918,25.814962898185833,25.992855431214313,26.039536400734434,25.27066500776414,25.088728960701754,24.824342252836228,24.697441912018828,24.156815306819958,23.815087163212063,23.68527802697413,23.500460992363116,22.901184111763726,22.57476045159537,22.44813322639493,,,26.039536400734434,25.27066500776414,24.156815306819958,22.901184111763726,25.186155415994104,23.89824683834329,,24.418770929773867,#000000,0.4078292015754109,25.597507347566854,-0.26360875374191745,43.86029888171133,-9.52334147052629,True,False,False,True,True,0.0,25.8442,25.34,0.0,0.0,0.0,0.0,0.9836289222373806,0.9660884817774318,False,False,False,False,-0.16240816249429874,-0.1469016172775184,False,False,False,False,264432.0,263540.52075313445,False,False,False,False,5037.950181878297,False,False,False,False
2025-06-26 19:00:00+00:00,25.49,25.725,25.47,25.715,6081.0,,,,,25.483986995251904,25.809901230302863,25.986972275262765,26.036114395970063,25.272683212579008,25.091382495531672,24.827639033677407,24.7009328947162,24.161163173885335,23.819943237065473,23.690239875332093,23.50556498624687,22.90679847250318,22.58057886478857,22.45402183775643,,,26.036114395970063,25.272683212579008,24.161163173885335,22.90679847250318,25.188500340525316,23.90301576660907,,24.421861532057992,"rgba(38, 166, 154, 0.5)",0.40683200375493905,25.640630140167463,0.18280238316092348,49.046053425707115,-4.689902065246535,True,False,False,False,True,0.0,25.8297,25.3565,0.0,0.0,0.0,0.0,0.9796195652173914,0.9635093167701868,False,False,False,False,-0.14071019019905603,-0.14380590373828722,False,False,False,False,270513.0,263648.62120657426,False,False,False,False,5054.121496887936,False,False,False,False
2025-06-27 14:00:00+00:00,24.97,25.155,24.86,25.0,16442.0,,,,25.005000000000003,25.40175519288867,25.75252195302429,25.944993049217953,26.012964927204948,25.268750830926926,25.09026601992933,24.829564156933788,24.703958306227822,24.167813759424874,23.828424035955475,23.69921726913151,23.51518947698538,22.91837797211973,22.592971814683736,22.466696752951727,,,26.012964927204948,25.268750830926926,24.167813759424874,22.91837797211973,25.18595368443858,23.911129331993518,,24.449904094850385,"rgba(239, 83, 80, 0.5)",0.4213094880069336,25.57843940602325,-1.3729560394180598,42.64716395557846,-2.986300073263024,False,False,False,True,False,0.0,25.8006,25.369024999999997,0.0,0.0,0.0,0.0,0.9557655954631379,0.9693761814744806,False,False,False,False,-0.34282825441539394,-0.24331707907684058,False,False,False,False,254071.0,263500.13095530955,False,False,False,False,5230.677752750138,False,False,False,False
2025-06-27 15:00:00+00:00,25.025,25.19,25.02,25.16,5458.0,,,,25.03449147640792,25.386743570746486,25.737976919579957,25.933496001968894,26.006383825487365,25.26804513540028,25.09040728733152,24.830618843956348,24.705338895218656,24.17030712031279,23.831492954448017,23.702437928168813,23.518608716417262,22.922410026591926,22.59725820566645,22.471071305487133,,,26.006383825487365,25.26804513540028,24.17030712031279,22.922410026591926,25.18566651935163,23.91408483091442,,24.450443013324364,"rgba(239, 83, 80, 0.5)",0.4307860299540639,25.57200965189333,-0.9564136792858987,40.98455092737707,-4.253741730159504,False,False,False,True,False,0.0,25.7766,25.382549999999995,0.0,0.0,0.0,0.0,0.958875683833239,0.9684965100924359,False,False,False,False,-0.30752403154949076,-0.27542055531316567,False,False,False,False,259529.0,263438.5630335218,False,False,False,False,5234.202128676492,False,False,False,False
2025-06-27 16:00:00+00:00,25.16,25.21,25.11,25.15,10059.0,,,,25.07294575341323,25.365947772616042,25.714222548115533,25.91396683794605,25.994954960978053,25.26705781924755,25.090924900943282,24.832762010124732,24.70806064512003,24.17502795192217,23.83725593685037,23.70847389738033,23.52500248149357,22.929914491842887,22.605223766134017,22.479196754400828,,,25.994954960978053,25.26705781924755,24.17502795192217,22.929914491842887,25.185423479124946,23.919643288244433,,24.451308658033042,"rgba(239, 83, 80, 0.5)",0.43977541360834943,25.5621138146644,-0.9371006243459927,39.77864022087289,-5.27661998207666,False,False,False,True,False,0.0,25.758000000000003,25.395,0.0,0.0,0.0,0.0,0.9676442762535478,0.9648060548722805,False,False,False,False,-0.2879369303885659,-0.2816787428508658,False,False,False,False,249470.0,263221.99616478506,False,False,False,False,5309.00519644895,False,False,False,False
2025-06-27 17:00:00+00:00,25.15,25.15,24.875,24.925,5756.0,,,,25.059269256264088,25.3471316872428,25.69752260996016,25.900769094630135,25.98722845726305,25.265625893792667,25.090446088429335,24.8333262351279,24.709007294528227,24.17723563594721,23.840100889217222,23.711494630149378,23.52825246025069,22.933853585455346,22.609451443353958,22.48352467745332,,,25.98722845726305,25.265625893792667,24.17723563594721,22.933853585455346,25.184458949139096,23.92235910265367,,24.44838999619159,"rgba(239, 83, 80, 0.5)",0.45563060943294076,25.5507081211137,-1.3732793806202588,36.92820338637354,-7.922661954072396,False,True,False,True,False,0.0,25.7325,25.405575000000002,0.0,0.0,0.0,0.0,0.9559072922555116,0.970604861503675,False,False,False,False,-0.3409983134126371,-0.31133852813175145,False,False,False,False,243714.0,262919.54661184264,False,False,False,False,5315.93534844199,False,False,False,False
2025-06-27 18:00:00+00:00,24.925,25.025,24.87,24.94,2367.0,,,,25.05252120652662,25.33916058129278,25.690517760981162,25.895227610273796,25.983965259378493,25.264961846121004,25.090180399952985,24.83349805365103,24.709340558495853,24.17809698536103,23.841227614525224,23.712695360698753,23.52954962930012,22.93543883435874,22.611157600226935,22.48527285655751,,,25.983965259378493,25.264961846121004,24.17809698536103,22.93543883435874,25.1839898900038,23.92343168311479,,24.447050759856378,"rgba(239, 83, 80, 0.5)",0.47010697459998263,25.54583265718032,-1.2887123355185826,35.30696279393646,-9.45693116164562,False,True,False,True,False,0.0,25.7102,25.415025,0.0,0.0,0.0,0.0,0.9527395970627001,0.9772170965919795,False,False,False,False,-0.34282825441539394,-0.32708339127357267,False,False,False,False,246081.0,262658.48387367453,False,False,False,False,5270.215420559169,False,False,False,False
2025-06-27 19:00:00+00:00,24.94,25.035,24.875,25.035,9520.0,,,,25.038922254478983,25.312764170260298,25.664937169262032,25.874409645840966,25.971500568899536,25.262621522595325,25.089388965457722,24.83440929737883,24.71087856456815,24.18170657990408,23.845885926981733,23.717644139248684,23.534877431219297,22.94190537199298,22.618102024304072,22.49238341069007,,,25.971500568899536,25.262621522595325,24.18170657990408,22.94190537199298,25.182408376748413,23.927876965601673,,24.443271065192672,"rgba(239, 83, 80, 0.5)",0.4814540195833394,25.529617583238892,-1.0273412685741918,36.0334218636445,-9.45693116164562,False,True,False,True,False,0.0,25.6893,25.425524999999997,0.0,0.0,0.0,0.0,0.949398043641836,0.9804364183596694,False,False,False,False,-0.34016315980165257,-0.3336232755376126,False,False,False,False,255601.0,262549.06551904394,False,False,False,False,5336.103553573756,False,False,False,False
2025-06-30 14:00:00+00:00,25.085,25.29,25.065,25.25,3283.0,,,,25.049025117393086,25.310005533915724,25.65924270618438,25.86916417687127,25.96821313673153,25.262448364231584,25.089670652436403,24.83518655087966,24.711832571907205,24.183284117659053,23.847793005651504,23.71963727541293,23.53698369093492,22.9443654069598,22.620709434478904,22.49504200651687,,,25.96821313673153,25.262448364231584,24.183284117659053,22.9443654069598,25.182460150499494,23.929719519708726,,24.4439127342603,#000000,0.48733578892910484,25.527820848465296,-0.5700809478322808,40.03685827334755,-9.45693116164562,False,False,False,True,True,0.0,25.673,25.436225,0.0,0.0,0.0,0.0,0.9530665669409125,0.9732610321615563,False,False,False,False,-0.2630079877020225,-0.29831563161981756,False,False,False,False,258884.0,262492.24279781844,False,False,False,False,5304.272490727651,False,False,False,False
2025-06-30 15:00:00+00:00,25.245,25.365,25.24,25.33,4108.0,,,,25.067956064779885,25.31005559101057,25.6539777036204,25.86377749945119,25.96472357929746,25.262622697521866,25.09036538354106,24.8364450355237,24.71328800865975,24.185463697612636,23.850365050668096,23.722308299843714,23.539785415251952,22.94758573865161,22.624103406605453,22.498496254390975,,,25.96472357929746,25.262622697521866,24.185463697612636,22.94758573865161,25.1828933394598,23.932216344878814,,24.445707464151894,#000000,0.49171193867000296,25.52752187148918,-0.40170241142292806,43.84931768752784,-11.708246730134498,True,False,False,True,True,0.0,25.656899999999997,25.446624999999997,0.0,0.0,0.0,0.0,0.9629213483146066,0.9696629213483153,False,False,False,False,-0.22102102128392517,-0.2596683264518714,False,False,False,False,262992.0,262499.9909714957,False,False,False,False,5285.725630406291,False,False,False,False
2025-06-30 16:00:00+00:00,25.32,25.475,25.32,25.475,4460.0,,,,25.09374785066094,25.31364422551019,25.650245959623444,25.859205130890867,25.96161744047832,25.26323835029858,25.091492854467518,24.838123141730577,24.71515357253945,24.188054211762573,23.853359877408323,23.725401097848334,23.543008279204113,22.951236781496718,22.627931214991055,22.502385387101427,,,25.96161744047832,25.26323835029858,24.188054211762573,22.951236781496718,25.18376535886273,23.935135530981174,,24.448615336000778,#000000,0.49428855051594456,25.52909000471136,-0.10943001745619843,48.31027337988853,-7.637725701752785,True,False,False,False,True,0.0,25.6466,25.460025,0.0,0.0,0.0,0.0,0.9636671686746988,0.9762801204819282,False,False,False,False,-0.18962350902614364,-0.2246459177390075,False,False,False,False,267452.0,262576.76630527095,False,False,False,False,5272.923682648054,False,False,False,False
2025-06-30 17:00:00+00:00,25.5,25.505,25.365,25.41,2330.0,,,,25.105909411598702,25.315484325905643,25.64837197450702,25.856871956630783,25.960018819348775,25.263564766199803,25.092084724674816,24.839000981774763,24.716128859249395,24.1894068853717,23.85492322106882,23.72701553707407,23.54469056766304,22.953142451914022,22.629929163932225,22.504415357511405,,,25.960018819348775,25.263564766199803,24.1894068853717,22.953142451914022,25.18422471368109,23.936659441620737,,24.45005993777656,#000000,0.49563138365972265,25.529795541358922,-0.24170289716998233,50.20710440606602,-5.942535999873932,True,False,False,False,True,0.0,25.631600000000002,25.473625000000002,0.0,0.0,0.0,0.0,0.9629281144147535,0.9753481369966135,False,False,False,False,-0.1773340127001872,-0.20098996521959733,False,False,False,False,265122.0,262616.2272927861,False,False,False,False,5227.296958886068,False,False,False,False
2025-06-30 18:00:00+00:00,25.41,25.62,25.405,25.595,2712.0,,,,25.12361380554929,25.319659786273508,25.647324920940854,25.854894887675176,25.958562937059945,25.264205920712232,25.093003468256775,24.840215865343353,24.7174412105948,24.19112149071888,23.856869891772778,23.729015850278532,23.546762574189465,22.955458323457712,22.632345176278882,22.506866090021816,,,25.958562937059945,25.264205920712232,24.19112149071888,22.955458323457712,25.18500611306017,23.938563895926993,,24.45233513744525,#000000,0.492055323557651,25.531759434276317,0.12852328324880352,53.81924736853223,-2.574672164967879,True,False,True,False,True,0.0,25.6208,25.488200000000003,0.0,0.0,0.0,0.0,0.970954356846473,0.9698227084119206,False,False,False,False,-0.15209851062042004,-0.17654423792000867,False,False,False,False,267834.0,262697.12299367314,False,False,False,False,5188.300106810315,False,False,False,False
2025-06-30 19:00:00+00:00,25.585,25.71,25.56,25.705,10290.0,,,,25.195271862994073,25.34198275843663,25.647714204872848,25.850349187477903,25.954665651565445,25.267644083674206,25.09736922176727,24.84556042778871,24.723093695679758,24.19815498657522,23.864731736653418,23.737058867895687,23.555049708805655,22.964608319395246,22.64184734179753,22.516490270145606,,,25.954665651565445,25.267644083674206,24.19815498657522,22.964608319395246,25.188917945970726,23.946279817483795,,24.462599520345325,"rgba(38, 166, 154, 0.5)",0.48696775518978486,25.54244017963697,0.33382050172844585,57.43370882516356,0.7777612857018212,True,False,True,False,True,0.3899705610922162,25.613899999999997,25.502925,0.0,0.0,0.0,0.0,0.9781420765027322,0.9594874693800648,False,False,False,False,-0.112586156617757,-0.14456519726888284,False,False,False,False,278124.0,262936.2993813681,False,False,False,False,5267.396229185349,False,False,False,False
2025-07-01 14:00:00+00:00,25.965,25.965,25.615,25.62,1636.0,,,,25.206496771698056,25.346041366879877,25.648192885271044,25.849920519584046,25.954209797246815,25.268289072260025,25.09814909662487,24.84648154619398,24.724057696285893,24.199324147513106,23.866027370921447,23.738381124487912,23.556408054158908,22.966097711346357,22.643390014535086,22.518051396051053,,,25.954209797246815,25.268289072260025,24.199324147513106,22.966097711346357,25.189632354867815,23.947553653073975,,24.464344910691153,#000000,0.48326122792377874,25.584067260930833,0.07435469057500078,58.23269595505269,1.5953896803650665,True,False,True,False,True,0.0,25.605099999999997,25.5176,0.0,0.0,0.0,0.0,0.9765434415462563,0.958153499718522,False,False,False,False,-0.06307271355693642,-0.10381895541290963,False,False,False,False,276488.0,263146.4032669283,False,False,False,False,5211.095512453792,False,False,False,False
2025-07-01 15:00:00+00:00,25.62,25.635,25.47,25.54,2408.0,,,,25.21668052307959,25.34908283851257,25.647377846169842,25.84830308436304,25.952983110341297,25.268858805071567,25.098960193268677,24.847551757248322,24.7252137792585,24.200834634536317,23.867742516072898,23.740143963221048,23.55823465464713,22.968140646123086,22.645522070029177,22.52021438435323,,,25.952983110341297,25.268858805071567,24.200834634536317,22.968140646123086,25.190323842133388,23.949231394983933,,24.465990300393518,#000000,0.47980038078912557,25.578235195412127,-0.07968979797231997,57.30308931464268,1.5953896803650665,True,False,True,False,True,0.0,25.596499999999995,25.531950000000002,0.0,0.0,0.0,0.0,0.9652842934884593,0.9735410020641777,False,False,False,False,-0.13915052881712295,-0.12148474211501628,False,False,False,False,274080.0,263315.91639457276,False,False,False,False,5167.636667299469,False,False,False,False
2025-07-01 16:00:00+00:00,25.54,25.74,25.49,25.74,2201.0,,,,25.228343891766027,25.353252535517786,25.64744662979312,25.84736825599461,25.952166789120422,25.269578615079304,25.09987712488899,24.84867789860022,24.726406351222927,24.20232307912654,23.869408024603622,23.74184861842611,23.559992032412175,22.970083421075035,22.647540737406104,22.522259369336773,,,25.952166789120422,25.269578615079304,24.20232307912654,22.970083421075035,25.191144110406885,23.950865521029908,,24.46791083589811,"rgba(38, 166, 154, 0.5)",0.47495616677788827,25.58071600079824,0.3353656828636288,59.22244150371244,2.9538314553484426,True,False,True,False,True,0.8791700921541725,25.5919,25.54625,0.0,0.0,0.0,0.0,0.9595205344861465,0.9811357830615058,False,False,False,False,-0.11901008823941932,-0.12024741517721779,False,False,False,False,276281.0,263516.9254427189,False,False,False,False,5121.642300364593,False,False,False,False
2025-07-01 17:00:00+00:00,25.735,25.77,25.675,25.725,1634.0,,,,25.23789709912123,25.356939938859558,25.64786152768577,25.846920687114324,25.95169973248393,25.270203005758543,25.100637170164145,24.849580722813432,24.72735303832031,24.203476681230583,23.87068852320425,23.743156169428502,23.56133621215244,22.97155964749769,22.649070789145654,22.523808075373854,,,25.95169973248393,25.270203005758543,24.203476681230583,22.97155964749769,25.191838146347674,23.952123992015203,,24.469511813772137,"rgba(38, 166, 154, 0.5)",0.46221824142139617,25.583483550537245,0.30616803228615563,60.203109208841,4.205086699048593,True,False,True,False,True,0.680825829954042,25.587000000000003,25.56025,0.0,0.0,0.0,0.0,0.9596997234294745,0.9843935203476893,False,False,False,False,-0.08458289846697768,-0.10241515682209773,False,False,False,False,274647.0,263689.4847381806,False,False,False,False,5067.5703267155295,False,False,False,False
2025-07-01 18:00:00+00:00,25.725,25.76,25.69,25.73,2431.0,,,,25.251539659758503,25.362340603875626,25.648497363067012,25.84627855681637,25.951018473087363,25.27113558593198,25.10177054677032,24.850925575867365,24.72876286164956,24.205193486767662,23.87259374960852,23.745101570550087,23.56333601928618,22.973755647929043,22.65134678921935,22.526111804774402,,,25.951018473087363,25.27113558593198,24.205193486767662,22.973755647929043,25.1928738167005,23.95399650867441,,24.47185676843496,"rgba(38, 166, 154, 0.5)",0.4463830920463395,25.5869132447502,0.3205469871044012,60.92378156090783,5.266788740986243,True,False,True,False,True,0.7468441783288888,25.582200000000004,25.574,0.0,0.0,0.0,0.0,0.9628156691191092,0.9821037979717644,False,False,False,False,-0.08378495316266883,-0.09310005499238327,False,False,False,False,277078.0,263897.0586182088,False,False,False,False,5026.693267386607,False,False,False,False
2025-07-01 19:00:00+00:00,25.71,25.72,25.555,25.59,4997.0,,,,25.27162310515571,25.369900032279023,25.648059636601875,25.84383996112334,25.948981635381706,25.27260150793133,25.10369810381871,24.85334715649992,24.731344731502734,24.208467608026552,23.876276655410212,23.748877188221435,23.56723615550778,22.97808687309771,22.65585525318615,22.530681791838592,,,25.948981635381706,25.27260150793133,24.208467608026552,22.97808687309771,25.19457383524347,23.957605890414158,,24.47555483722392,#000000,0.4286724951616267,25.588675380176827,0.003090050885287691,58.42818864822379,5.266788740986243,True,False,True,False,True,0.0,25.5746,25.586975,0.0,0.0,0.0,0.0,0.9521825396825396,0.9837301587301592,False,False,False,False,-0.11178382610231999,-0.10244194054735163,False,False,False,False,272081.0,264023.9414303296,False,False,False,False,5026.2329066519305,False,False,False,False
2025-07-02 14:00:00+00:00,25.685,25.685,25.47,25.515,3878.0,,,,25.283141276787884,25.37403169804146,25.64691697402302,25.841440544494407,25.947107718577797,25.273520461421253,25.104997702819585,24.8550578960111,24.73319262968905,24.21088173728613,23.87901811681999,23.75169552633296,23.570157304489662,22.98135602764866,22.659268219955113,22.534144727180195,,,25.947107718577797,25.273520461421253,24.21088173728613,22.98135602764866,25.195684518701153,23.960287263405796,,24.477870535098642,#000000,0.41544080572694175,25.588569128990038,-0.17708691100120857,55.34969714620201,5.266788740986243,True,False,True,False,False,0.0,25.5655,25.599325,0.0,0.0,0.0,0.0,0.9489614243323441,0.9859545004945606,False,False,False,False,-0.13010186798942067,-0.11627190426838616,False,False,False,False,268203.0,264088.7330360609,False,False,False,False,5008.430846083684,False,False,False,False
2025-07-02 15:00:00+00:00,25.52,25.525,25.135,25.16,2654.0,,,25.273333333333326,25.282877342229074,25.37252988600051,25.643747509265005,25.83821049820298,25.94491235899418,25.273520048043395,25.10532758477682,24.855753023314456,24.734019028540406,24.212182137050153,23.88057315658762,23.753317286113706,23.571867089022554,22.98334295344903,22.661371380977176,22.536288371242282,,25.273333333333326,25.94491235899418,25.273520048043395,24.212182137050153,22.98334295344903,25.19584718125445,23.96179236991293,,24.52489252865545,"rgba(239, 83, 80, 0.5)",0.4028650546426691,25.58897341251839,-1.0648067077917114,48.42349560927683,4.302979477694649,True,False,False,True,False,0.0,25.5493,25.609425,0.0,0.0,0.0,0.0,0.9363867684478371,0.991583480133099,False,False,False,False,-0.20277278013713396,-0.15952234220276007,False,False,False,False,265549.0,264111.3728339514,False,False,False,False,4971.928042268432,False,False,False,False
2025-07-02 16:00:00+00:00,25.165,25.5,25.155,25.45,3865.0,,,25.329657156005517,25.286100004228096,25.372440678183622,25.640386265055426,25.83435189395227,25.942189389866396,25.273824088309297,25.10607602770187,24.856990573091807,24.73542919154386,24.214239247091534,23.882985600639937,23.75582009163801,23.57448958625657,22.98635012781652,22.664539330866614,22.53951229521559,,25.329657156005517,25.942189389866396,25.273824088309297,24.214239247091534,22.98635012781652,25.196371786558732,23.964136403703744,,24.529140091027234,#000000,0.3844181047756057,25.58909849523063,-0.3618416861813147,48.485344084754146,4.302979477694649,True,False,False,True,False,0.0,25.5429,25.621725,0.0,0.0,0.0,0.0,0.9502674856350307,0.9918763621953642,False,False,False,False,-0.20365776458788218,-0.18159005339532114,False,False,False,False,269414.0,264193.58410784364,False,False,False,False,4954.766367194503,False,False,False,False
2025-07-02 17:00:00+00:00,25.45,25.715,25.44,25.575,6461.0,,,25.452610041088853,25.303331314058436,25.379448879328667,25.63911227533793,25.830862384558365,25.939326310735982,25.27543884551692,25.108304082575327,24.859883508865366,24.738543937797168,24.218279575617498,23.88756417809197,23.76052498983194,23.57936363851014,22.991798423049147,22.670225345248607,22.54528097042122,,25.452610041088853,25.939326310735982,25.27543884551692,24.218279575617498,22.991798423049147,25.19829552794575,23.968616232238013,,24.53999404121374,#000000,0.3778719693563084,25.598846141021326,-0.06310640363705182,50.14085818146877,4.302979477694649,True,False,False,False,False,0.0,25.539500000000004,25.6343,0.0,0.0,0.0,0.0,0.9614243323442138,0.9831849653808116,False,False,False,False,-0.11646976034352485,-0.149029906869423,False,False,False,False,275875.0,264374.69133097783,False,False,False,False,4978.118826617844,False,False,False,False
2025-07-02 18:00:00+00:00,25.575,25.605,25.495,25.525,4563.0,,,25.47577400292614,25.31291192785555,25.383287233656404,25.637755473505948,25.828122806289098,25.937138622706833,25.276437607789074,25.109748308014424,24.861813554302767,24.74063854480316,24.22104544904907,23.89071615998748,23.763769388911953,23.58273153300828,22.995580510946525,22.67417946491699,22.549294953056506,,25.47577400292614,25.937138622706833,25.276437607789074,24.22104544904907,22.995580510946525,25.199517867758466,23.97169655078791,,24.54358503186625,#000000,0.36826195142161383,25.600812187654235,-0.20586483985536883,50.51971234335341,4.302979477694649,True,False,False,False,True,0.0,25.5366,25.646175000000003,0.0,0.0,0.0,0.0,0.9585235165707482,0.9906727525302645,False,False,False,False,-0.12595140739577398,-0.1374906571325985,False,False,False,False,271312.0,264482.24650414096,False,False,False,False,4971.682875817567,False,False,False,False
2025-07-02 19:00:00+00:00,25.53,25.62,25.52,25.58,14585.0,,,25.520062562250995,25.342563024663413,25.396650050459282,25.635010521959302,25.82063466091705,25.930851841232332,25.27995557543281,25.11463446272363,24.868194016792387,24.747522800889644,24.230019301499986,23.90090266928002,23.77424415802616,23.593592206914817,23.007743966966718,22.686884320071204,22.562188292424384,,25.520062562250995,25.930851841232332,25.27995557543281,24.230019301499986,23.007743966966718,25.203723465117143,23.981658932557945,,24.55362673132377,#000000,0.3565828814614382,25.60666972442838,-0.07479249794346783,51.55069968484946,4.302979477694649,True,False,False,False,True,0.0,25.5369,25.6584,0.0,0.0,0.0,0.0,0.9557715192383974,0.9896866322887748,False,False,False,False,-0.11905352660378002,-0.12827209186818928,False,False,False,False,285897.0,264814.2581862473,False,False,False,False,5120.726552161481,False,False,False,False
2025-07-03 14:00:00+00:00,25.835,25.925,25.69,25.735,4829.0,,,25.55446293440124,25.358575421095793,25.405447374330812,25.637073878394876,25.820275191214954,25.93001261528504,25.281922701557075,25.116959908705144,24.870903058189654,24.7503503821604,24.23342468980098,23.904668321324873,23.778087322380735,23.597540706622432,23.012073526672438,22.691370570155975,22.56672903127814,,25.55446293440124,25.93001261528504,25.281922701557075,24.23342468980098,23.012073526672438,25.205874474211388,23.985361753751747,,24.559404566680627,"rgba(38, 166, 154, 0.5)",0.34600066395810647,25.61341898780612,0.3513895343524534,54.277725685984464,4.302979477694649,True,False,True,False,True,1.071201333028764,25.538899999999998,25.671324999999996,0.0,0.0,0.0,0.0,0.9573673870333987,0.9809430255402755,False,False,False,False,-0.03781726059249594,-0.0830446762303426,False,False,False,False,290726.0,265215.99061746825,False,False,False,False,5116.203659879907,False,False,False,False
2025-07-03 15:00:00+00:00,25.73,25.95,25.71,25.775,4512.0,,,25.582447772231465,25.373450003274186,25.413902741320644,25.639314125296355,25.820198369217664,25.929386873303244,25.283849930133872,25.1192098967837,24.8734979619467,24.75305051527403,24.236650985297697,23.908226046669327,23.781715488991683,23.601264816243113,23.01614791869473,22.695588892084903,22.570997408953865,,25.582447772231465,25.929386873303244,25.283849930133872,24.236650985297697,23.01614791869473,25.207967809116525,23.988862079248168,,24.564641161512775,"rgba(38, 166, 154, 0.5)",0.3344699046507899,25.61958199592344,0.46466962173719645,56.590838206896144,1.3357917277379272,True,False,True,False,True,1.5757658305785114,25.5387,25.683675000000004,0.0,0.0,0.0,0.0,0.9548033652905498,0.9847387986695368,False,False,False,False,-0.03016360030710497,-0.056604138268723785,False,False,False,False,295238.0,265681.4481272749,False,False,False,False,5106.836161277117,False,False,False,False
2025-07-03 16:00:00+00:00,25.805,26.03,25.76,26.03,6191.0,,,25.62889355154567,25.397870465780134,25.42851104831959,25.644516416456142,25.82164756078419,25.92946331627383,25.287109044302884,25.122841319491357,24.877519142492666,24.75717957225668,24.241415398806488,23.913413794966463,23.786986144579345,23.606649891200913,23.02197496700172,22.70159601683278,22.577067097416077,,25.62889355154567,25.92946331627383,25.287109044302884,24.241415398806488,23.02197496700172,25.211422288757298,23.993979771982,,24.57321498520629,"rgba(38, 166, 154, 1.0)",0.3275496386286471,25.671578092341548,1.094252184673624,60.837303762325135,5.40228219226627,True,False,True,False,True,4.697032058642787,25.5321,25.695475000000002,0.0,0.0,0.0,0.0,0.9575508607198747,0.9859154929577469,False,False,False,False,-0.008069689803712412,-0.0323369140362181,False,False,False,False,301429.0,266235.67373770475,False,False,False,False,5123.644902962742,False,False,False,False
2025-07-03 17:00:00+00:00,26.03,26.03,26.03,26.03,0.0,,,25.62889355154567,25.397870465780134,25.42851104831959,25.644516416456142,25.82164756078419,25.92946331627383,25.287109044302884,25.122841319491357,24.877519142492666,24.75717957225668,24.241415398806488,23.913413794966463,23.786986144579345,23.606649891200913,23.02197496700172,22.70159601683278,22.577067097416077,,25.62889355154567,25.92946331627383,25.287109044302884,24.241415398806488,23.02197496700172,25.211422288757298,23.993979771982,,24.57321498520629,"rgba(38, 166, 154, 1.0)",0.32677268457963093,25.671578092341548,1.0968539433445506,63.668280799277795,8.052378330149608,True,False,True,False,True,4.697032058642787,25.5277,25.706999999999997,0.0,0.0,0.0,0.0,0.9667984189723319,0.9865612648221348,False,False,False,False,0.04310760242155449,0.005385344192668194,False,False,False,False,301429.0,266781.3067030116,False,False,False,False,5044.208547878048,False,False,False,False
2025-07-03 18:00:00+00:00,26.03,26.03,26.03,26.03,0.0,,,25.62889355154567,25.397870465780134,25.42851104831959,25.644516416456142,25.82164756078419,25.92946331627383,25.287109044302884,25.122841319491357,24.877519142492666,24.75717957225668,24.241415398806488,23.913413794966463,23.786986144579345,23.606649891200913,23.02197496700172,22.70159601683278,22.577067097416077,,25.62889355154567,25.92946331627383,25.287109044302884,24.241415398806488,23.02197496700172,25.211422288757298,23.993979771982,,24.57321498520629,"rgba(0, 255, 255, 0.75)",0.3236811494147878,25.671578092341548,1.1073301868412055,65.5555988239129,9.859836875681971,True,False,True,False,True,4.697032058642787,25.526500000000002,25.7187,0.0,0.0,0.0,0.0,0.9675815433571996,0.9815035799522678,False,False,False,False,0.04310760242155449,0.02424647330711134,False,False,False,False,301429.0,267318.4802424998,False,False,False,False,4966.003764190016,False,False,False,False
2025-07-03 19:00:00+00:00,26.03,26.03,26.03,26.03,0.0,,,25.62889355154567,25.397870465780134,25.42851104831959,25.644516416456142,25.82164756078419,25.92946331627383,25.287109044302884,25.122841319491357,24.877519142492666,24.75717957225668,24.241415398806488,23.913413794966463,23.786986144579345,23.606649891200913,23.02197496700172,22.70159601683278,22.577067097416077,,25.62889355154567,25.92946331627383,25.287109044302884,24.241415398806488,23.02197496700172,25.211422288757298,23.993979771982,,24.57321498520629,"rgba(0, 255, 255, 0.75)",0.3232984285050975,25.671578092341548,1.1086410451042508,66.81381084033632,11.168948101766517,True,False,True,False,True,4.697032058642787,25.526500000000002,25.730275000000002,0.0,0.0,0.0,0.0,0.96845677779996,0.9778398882012382,False,False,False,False,0.04310760242155449,0.03367703786433292,False,False,False,False,301429.0,267847.3255100579,False,False,False,False,4889.011457768465,False,False,False,False
2025-07-04 14:00:00+00:00,26.03,26.03,26.03,26.03,0.0,,,25.62889355154567,25.397870465780134,25.42851104831959,25.644516416456142,25.82164756078419,25.92946331627383,25.287109044302884,25.122841319491357,24.877519142492666,24.75717957225668,24.241415398806488,23.913413794966463,23.786986144579345,23.606649891200913,23.02197496700172,22.70159601683278,22.577067097416077,,25.62889355154567,25.92946331627383,25.287109044302884,24.241415398806488,23.02197496700172,25.211422288757298,23.993979771982,,24.57321498520629,"rgba(0, 255, 255, 0.75)",0.3225043892431123,25.671578092341548,1.1113706343644993,67.65261885128525,12.182245315346478,True,False,True,False,True,4.697032058642787,25.528799999999997,25.7417,0.0,0.0,0.0,0.0,0.9672427652733119,0.981511254019293,False,False,False,False,0.04310760242155449,0.038392320142943706,False,False,False,False,301429.0,268367.97162618104,False,False,False,False,4813.2128305162405,False,False,False,False
2025-07-04 15:00:00+00:00,26.03,26.03,26.03,26.03,0.0,,,25.62889355154567,25.397870465780134,25.42851104831959,25.644516416456142,25.82164756078419,25.92946331627383,25.287109044302884,25.122841319491357,24.877519142492666,24.75717957225668,24.241415398806488,23.913413794966463,23.786986144579345,23.606649891200913,23.02197496700172,22.70159601683278,22.577067097416077,,25.62889355154567,25.92946331627383,25.287109044302884,24.241415398806488,23.02197496700172,25.211422288757298,23.993979771982,,24.57321498520629,"rgba(0, 255, 255, 0.75)",0.3219575821201863,25.671578092341548,1.1132581667999195,68.21182419191788,13.016018153037251,True,False,True,False,True,4.697032058642787,25.5308,25.752725,0.0,0.0,0.0,0.0,0.9652244237767892,0.9826122118883951,False,False,False,False,0.04310760242155449,0.0407499612822491,False,False,False,False,301429.0,268880.545709496,False,False,False,False,4738.589375779555,False,False,False,False
2025-07-04 16:00:00+00:00,26.03,26.03,26.03,26.03,0.0,,,25.62889355154567,25.397870465780134,25.42851104831959,25.644516416456142,25.82164756078419,25.92946331627383,25.287109044302884,25.122841319491357,24.877519142492666,24.75717957225668,24.241415398806488,23.913413794966463,23.786986144579345,23.606649891200913,23.02197496700172,22.70159601683278,22.577067097416077,,25.62889355154567,25.92946331627383,25.287109044302884,24.241415398806488,23.02197496700172,25.211422288757298,23.993979771982,,24.57321498520629,"rgba(0, 255, 255, 0.75)",0.32015234267847303,25.671578092341548,1.1195354832009272,68.58462775233963,13.735096797089263,True,False,True,False,True,4.697032058642787,25.544500000000003,25.7621,0.0,0.0,0.0,0.0,0.973090457462223,0.991099151314428,False,False,False,False,0.04310760242155449,0.0419287818519018,False,False,False,False,301429.0,269385.1729077984,False,False,False,False,4665.122873829484,False,False,False,False
2025-07-04 17:00:00+00:00,26.03,26.03,26.03,26.03,0.0,,,25.62889355154567,25.397870465780134,25.42851104831959,25.644516416456142,25.82164756078419,25.92946331627383,25.287109044302884,25.122841319491357,24.877519142492666,24.75717957225668,24.241415398806488,23.913413794966463,23.786986144579345,23.606649891200913,23.02197496700172,22.70159601683278,22.577067097416077,,25.62889355154567,25.92946331627383,25.287109044302884,24.241415398806488,23.02197496700172,25.211422288757298,23.993979771982,,24.57321498520629,"rgba(0, 255, 255, 0.75)",0.3207198126062531,25.671578092341548,1.1175546179882776,68.83316345928746,14.374376225075693,True,False,True,False,True,4.697032058642787,25.5557,25.771675000000002,0.0,0.0,0.0,0.0,0.9833262980160404,0.9755170958210221,False,False,False,False,0.04310760242155449,0.04251819213672814,False,False,False,False,301429.0,269881.97642860765,False,False,False,False,4592.795387413523,False,False,False,False
2025-07-04 18:00:00+00:00,26.03,26.03,26.03,26.03,0.0,,,25.62889355154567,25.397870465780134,25.42851104831959,25.644516416456142,25.82164756078419,25.92946331627383,25.287109044302884,25.122841319491357,24.877519142492666,24.75717957225668,24.241415398806488,23.913413794966463,23.786986144579345,23.606649891200913,23.02197496700172,22.70159601683278,22.577067097416077,,25.62889355154567,25.92946331627383,25.287109044302884,24.241415398806488,23.02197496700172,25.211422288757298,23.993979771982,,24.57321498520629,"rgba(0, 255, 255, 0.75)",0.3183998987052092,25.671578092341548,1.1256973042893408,68.99885393058602,14.951925120077576,True,False,True,False,True,4.697032058642787,25.565900000000003,25.780575,0.0,0.0,0.0,0.0,0.9836030664395229,0.9640119250425899,False,False,False,False,0.04310760242155449,0.04281289727914131,False,False,False,False,301429.0,270371.0775692494,False,False,False,False,4521.589257376104,False,False,False,False
2025-07-04 19:00:00+00:00,26.03,26.03,26.03,26.03,0.0,,,25.62889355154567,25.397870465780134,25.42851104831959,25.644516416456142,25.82164756078419,25.92946331627383,25.287109044302884,25.122841319491357,24.877519142492666,24.75717957225668,24.241415398806488,23.913413794966463,23.786986144579345,23.606649891200913,23.02197496700172,22.70159601683278,22.577067097416077,,25.62889355154567,25.92946331627383,25.287109044302884,24.241415398806488,23.02197496700172,25.211422288757298,23.993979771982,,24.57321498520629,"rgba(0, 255, 255, 0.75)",0.3165627188330094,25.671578092341548,1.1322303175173478,69.10931424478505,15.476805946447158,True,False,True,False,True,4.697032058642787,25.5735,25.78935,0.0,0.0,0.0,0.0,0.9765742531699978,0.9707715452396308,False,False,False,False,0.04310760242155449,0.042960249850347895,False,False,False,False,301429.0,270852.59574647027,False,False,False,False,4451.487098347017,False,False,False,False
2025-07-07 14:00:00+00:00,26.12,26.305,26.06,26.28,7263.0,,,25.706400081325977,25.43720172572618,25.453322944854925,25.65586530446414,25.827151584916322,25.931855844381573,25.292484623305896,25.128480777251696,24.883409178047124,24.763104855738813,24.247870365783758,23.920287439056334,23.79392231745083,23.61367673450393,23.029422914038552,22.709211049649934,22.584739970767064,,25.706400081325977,25.931855844381573,25.292484623305896,24.247870365783758,23.029422914038552,25.21694765433634,24.00079310593879,,24.586965159486063,"rgba(0, 255, 0, 1.0)",0.32136411108255974,25.770804363404274,1.5844819599812527,73.26980639655385,19.63177834276175,True,False,True,False,True,8.108949213953995,25.589299999999998,25.798900000000003,0.0,0.0,0.0,0.0,0.9792735042735041,0.9547008547008552,False,False,False,False,0.09593287895462954,0.06944656440248873,False,False,False,False,308692.0,271439.25317675754,False,False,False,False,4495.076445659467,False,False,False,False
2025-07-07 15:00:00+00:00,26.28,26.63,26.24,26.56,9276.0,,,25.817694538336525,25.497401120066932,25.49295791770878,25.67620275965108,25.83855512716655,25.93762434176482,25.301182033621046,25.137313435594223,24.89232015273028,24.771953994128413,24.257141716377095,23.93000095443495,23.803674708246337,23.623493472842874,23.039661950279648,22.719611113425785,22.595195461213628,,25.817694538336525,25.93762434176482,25.301182033621046,24.257141716377095,23.039661950279648,25.22574365569609,24.010455441778905,,24.60776381162288,"rgba(0, 255, 0, 1.0)",0.33440565806238354,25.829731177808707,2.183781298506198,78.09899633478508,24.12003776583086,True,False,True,False,True,11.624076574471967,25.610599999999998,25.809575,0.0,0.0,0.0,0.0,0.9885883347421808,0.93956043956044,False,False,False,False,0.1847363940357272,0.12709147921910796,False,False,False,False,317968.0,272160.6290964977,False,False,False,False,4569.1992914631965,False,False,False,False
2025-07-07 16:00:00+00:00,26.56,26.755,26.555,26.655,8296.0,,,25.913511989332598,25.55440667200903,25.531862258452893,25.6974225196668,25.85117686173517,25.94435377411115,25.310016825892525,25.14615429509399,24.901093266075492,24.780611024415048,24.26602945806395,23.93922990156075,23.812914813145255,23.63276143263968,23.049240325980943,22.729303096044752,22.6049263091616,,25.913511989332598,25.94435377411115,25.310016825892525,24.26602945806395,23.049240325980943,25.234613705946284,24.01965356839645,,24.627353813140097,"rgba(0, 255, 0, 1.0)",0.3513456371676587,25.87797468800454,2.211569548036464,81.78107859563606,27.374874613651144,True,False,True,False,True,12.756494124518408,25.6333,25.820074999999996,0.0,0.0,0.0,0.0,1.0241639697950375,0.9316073354908311,False,False,False,False,0.2644849050141285,0.19578819211661824,False,False,False,False,326264.0,272999.44104849,False,False,False,False,4626.979147409504,False,False,False,False
2025-07-07 17:00:00+00:00,26.655,26.9,26.655,26.7,13323.0,,,26.043633115041914,25.64215225977513,25.59410022799399,25.732892341557452,25.872991784176282,25.956335328805444,25.324968896400218,25.161034721763293,24.915767733719346,24.795056954072027,24.280737723290446,23.954443996680276,23.82812981439635,23.64799964563013,23.064926562660844,22.74514930161609,22.620827043450475,,26.043633115041914,25.956335328805444,25.324968896400218,24.280737723290446,23.064926562660844,25.24958443481046,24.03482915349523,,24.657714555942924,"rgba(0, 255, 0, 1.0)",0.3688919981597557,25.942760869737157,2.052739376403892,84.44192926682052,29.672451312656904,True,False,True,False,True,13.289466165620354,25.6577,25.8296,0.0,0.0,0.0,0.0,1.0292473118279568,0.9141935483870972,False,False,False,False,0.31029443046749683,0.25304131129205754,False,False,False,False,339587.0,274031.8063035522,False,False,False,False,4761.801176131837,False,False,False,False
2025-07-07 18:00:00+00:00,26.7,26.845,26.64,26.83,7727.0,,,26.10377011064194,25.688205383918604,25.627945216264642,25.75277411321958,25.88544343371312,25.963293451553913,25.333619047619045,25.169646219006083,24.924263968353007,24.803423270737227,24.289257064997678,23.963255154691687,23.836942034134537,23.65682590314679,23.074012453534806,22.754328214941047,22.630037696237288,,26.10377011064194,25.963293451553913,25.333619047619045,24.289257064997678,23.074012453534806,25.258246284943585,24.043617834297848,,24.67394369039477,"rgba(0, 255, 0, 1.0)",0.3901715146071036,25.973141391964553,2.1961075474673946,86.74888872995373,31.706998605448973,True,False,True,False,True,14.808782720477094,25.6844,25.8395,0.0,0.0,0.0,0.0,1.0298283261802574,0.9148068669527901,False,False,False,False,0.29708449467621917,0.2750629029841384,False,False,False,False,347314.0,275167.96434535756,False,False,False,False,4807.77325092049,False,False,False,False
2025-07-07 19:00:00+00:00,26.83,27.265,26.795,27.25,25755.0,,,26.319560142497906,25.857511930753628,25.75692899411632,25.83376577906515,25.939205458344258,25.994825159304856,25.368199409232762,25.20350316494638,24.957014403393057,24.835418901782393,24.320975252532982,23.995651720494894,23.86921378675312,23.68898254158474,23.106665527626006,22.787123760367777,22.66287990960796,,26.319560142497906,25.994825159304856,25.368199409232762,24.320975252532982,23.106665527626006,25.29259254668322,24.07602063887587,,24.735142696612012,"rgba(0, 255, 0, 1.0)",0.4278388283723824,26.166001262063105,2.5336614305455325,89.32957469550924,34.05694779041079,True,False,True,False,True,19.32744594598734,25.719500000000004,25.85145,0.0,0.0,0.0,0.0,1.0341680814940575,0.9021646859083194,False,False,False,False,0.34282821884960424,0.3089455609168713,False,False,False,False,373069.0,276685.80985938304,False,False,False,False,5132.536456332575,False,False,False,False
2025-07-08 14:00:00+00:00,26.66,26.69,25.905,26.005,19353.0,,,26.302872097971196,25.88576223700717,25.784241213387567,25.849557526133054,25.947578451865493,25.999002546638685,25.380235958027427,25.21644356207771,24.970895430233654,24.849536133322363,24.336756050538217,24.012609600524286,23.886390149712195,23.70646464544719,23.125388260578866,22.806353714845965,22.682286623782517,,26.302872097971196,25.999002546638685,25.380235958027427,24.336756050538217,23.125388260578866,25.30511008618241,24.092789218491873,,24.74955142365256,#000000,0.42812549730357247,26.12978337907477,-0.2914644884751864,73.81944125241667,30.5798479652004,True,False,True,False,False,1.8717358122620915,25.7321,25.856175000000004,0.0,0.0,0.0,0.0,0.9768285311303646,0.9085230707233533,False,False,False,False,0.09816522941813952,0.20355539516750543,False,False,False,False,353716.0,277880.076373191,False,False,False,False,5353.008759335171,False,False,False,False
2025-07-08 15:00:00+00:00,26.0,26.005,25.69,25.78,8933.0,,,26.27394773216972,25.883533636343728,25.78536885051277,25.849078293916584,25.945788436923248,25.99738251723786,25.383186965559624,25.220069548432132,24.97527551653072,24.85417211239726,24.34250302561865,24.01902247478369,23.892962087595222,23.71325098057357,23.13290935563542,22.814184240816044,22.69022547295458,,26.27394773216972,25.99738251723786,25.383186965559624,24.34250302561865,23.13290935563542,25.308399514867865,24.0990787168271,,24.751344779294165,#000000,0.4272373857514972,26.103397269458817,-0.7569498368921306,62.05141348735423,20.670385785051437,True,False,True,False,False,0.0,25.7388,25.859924999999997,0.0,0.0,0.0,0.0,0.9709302325581395,0.9378508420208506,False,False,False,False,-0.04479585951604111,0.07937976782573215,False,False,False,False,344783.0,278917.331003064,False,False,False,False,5408.512499500517,False,False,False,False
2025-07-08 16:00:00+00:00,25.785,25.855,25.62,25.79,10586.0,,25.755,26.239216043294647,25.878179711867116,25.784404797604196,25.846951838107604,25.94254296499006,25.994737443899105,25.3860876361773,25.223820154467845,24.979985463590232,24.85921718664003,24.348937371596232,24.02627121259216,23.900412578696233,23.720972290891172,23.14153776128893,22.823196798922787,22.699372663360293,25.755,26.239216043294647,25.994737443899105,25.3860876361773,24.348937371596232,23.14153776128893,25.311723190632037,24.106173266684262,,24.808380217665885,#000000,0.4263517137103753,26.056284076581253,-0.624564339765134,54.30811865088913,14.54614351466958,False,True,False,False,False,0.0,25.7428,25.864375,1.0,25.855,25.62,0.0,0.9747747747747747,0.938538538538539,False,False,False,False,-0.07979680238825564,-0.0002085172812617414,False,False,False,False,355369.0,280102.6281968149,False,False,False,False,5488.783623539269,False,False,False,False
2025-07-08 17:00:00+00:00,25.8,25.975,25.715,25.96,6791.0,,25.805153171817153,26.22456548842266,25.87831383918477,25.78637922234664,25.847471830813,25.941903809675196,25.993962964744956,25.38856379558019,25.22677326994679,24.98347246450789,24.86288341300367,24.353408209256415,24.03123239033533,23.905489380926895,23.726205479396736,23.147313452196038,22.829201203169962,22.705457206788942,25.805153171817153,26.22456548842266,25.993962964744956,25.38856379558019,24.353408209256415,23.147313452196038,25.31443920928765,24.111044305010854,,24.813208366228515,#000000,0.4271959906347487,26.048304752253983,-0.20670782074236013,50.91916702793966,12.122759701757111,False,True,False,True,False,1.35705776841165,25.750299999999996,25.869325,0.0,0.0,0.0,0.0,0.9746253746253746,0.9390609390609393,False,False,False,False,-0.04558979576960881,-0.022899156525435276,False,False,False,False,362160.0,281374.835511593,False,False,False,False,5508.973024724706,False,False,False,False
2025-07-08 18:00:00+00:00,25.96,26.035,25.79,25.91,8856.0,,25.84111106875564,26.208623433955246,25.87940866751424,25.789557352459575,25.848646458990633,25.941484062641727,25.993223575462434,25.391938901148862,25.230749350803748,24.988121459444567,24.867756867488012,24.359306792862732,24.037760839012805,23.91216529090621,23.73308117520994,23.154886572819528,22.837068424556502,22.713427514959584,25.84111106875564,26.208623433955246,25.993223575462434,25.391938901148862,24.359306792862732,23.154886572819528,25.318117056839142,24.117457463284726,,24.818239878277332,#000000,0.4277200503149592,26.03917358086793,-0.3020049697759365,48.248366282779934,9.888858722584345,False,True,False,True,False,0.7823772562326496,25.7591,25.87375,0.0,0.0,0.0,0.0,0.9705472636815919,0.9414925373134333,False,False,False,False,-0.024170386693922265,-0.02353477160967877,False,False,False,False,353304.0,282490.0163563745,False,False,False,False,5560.864915814245,False,False,False,False
2025-07-08 19:00:00+00:00,25.915,25.96,25.79,25.815,20482.0,,25.847200613650145,26.17134665630474,25.8776863517196,25.793183956031868,25.848904417745516,25.938793806959296,25.990409874489227,25.3987472300208,25.23901988712934,24.998048306194253,24.878253925529247,24.372287547344307,24.05223606823999,23.92700352276098,23.74840928058432,23.171886814193027,22.85477812759826,22.73138623188126,25.847200613650145,26.17134665630474,25.990409874489227,25.3987472300208,24.372287547344307,23.171886814193027,25.325656277909882,24.13165316171124,,24.824421256576457,#000000,0.4277814336257999,26.014680220842376,-0.46678094266485615,45.66107848546748,7.374295857642615,False,True,False,True,False,0.0,25.765500000000003,25.8778,0.0,0.0,0.0,0.0,0.9698711595639244,0.9425173439048566,False,False,False,False,-0.03606606392723608,-0.029800417768457425,False,False,False,False,332822.0,283270.3571880586,False,False,False,False,5792.200343476039,False,False,False,False
2025-07-09 14:00:00+00:00,26.105,26.33,26.03,26.325,7690.0,,25.901072695524306,26.173516196266174,25.886736110878047,25.80205323388755,25.854601448497192,25.9421363461677,25.992214472504077,25.403301584887917,25.24391663362617,25.003315139605263,24.883622098346176,24.37831574176298,24.058724634652272,23.933583669704674,23.755117013983796,23.179094875067644,22.86219443802821,22.73887551332142,25.901072695524306,26.173516196266174,25.992214472504077,25.403301584887917,24.37831574176298,23.179094875067644,25.33039050987529,24.13806492313839,,24.832910658150645,"rgba(38, 166, 154, 1.0)",0.43279063036267196,26.02100306552753,0.7024110808908319,48.97711384893719,7.374295857642615,False,True,False,False,False,5.192178203668348,25.7822,25.88455,0.0,0.0,0.0,0.0,0.9730573994533385,0.9265911753221402,False,False,False,False,0.0606866167695466,0.015443099500544587,False,False,False,False,340512.0,284157.82451847626,False,False,False,False,5821.623593964782,False,False,False,False
2025-07-09 15:00:00+00:00,26.325,26.35,26.105,26.295,4081.0,,25.92541992955579,26.175030862999343,25.891644302227284,25.806846639676397,25.85772714388287,25.944010972696574,25.993247941375145,25.405761221507866,25.24655241059262,25.006141029529072,24.886499250379977,24.38153624320677,24.062186586210622,23.93709324939019,23.75869307485355,23.182933406536545,22.866142213426347,22.74286157716903,25.92541992955579,26.175030862999343,25.993247941375145,25.405761221507866,24.38153624320677,23.182933406536545,25.332942939307493,24.141486779299168,,24.837240447512002,"rgba(38, 166, 154, 0.5)",0.43730903168031876,26.024384447359857,0.6188199489050794,50.88125506775782,7.374295857642615,False,True,False,False,True,4.842186911970021,25.7938,25.891800000000003,0.0,0.0,0.0,0.0,0.9764591439688716,0.9266536964980548,False,False,False,False,0.07581115116180945,0.04562712533117702,False,False,False,False,336431.0,284968.2613476472,False,False,False,False,5794.63718165525,False,False,False,False
2025-07-09 16:00:00+00:00,26.295,26.43,26.175,26.405,4853.0,,25.95692943262971,26.178749808383714,25.898681541460977,25.81350394200272,25.862187529385125,25.94683376242972,25.994877391215915,25.408965968756615,25.249938040584986,25.009717844094283,24.89012141099136,24.38552853818836,24.066451740063577,23.941408782614438,23.76307976798611,23.187614230355276,22.870944757597204,22.747706761747583,25.95692943262971,26.178749808383714,25.994877391215915,25.408965968756615,24.38552853818836,23.187614230355276,25.336244939628045,24.14570820380633,,24.842957847249313,"rgba(38, 166, 154, 1.0)",0.4438105065968519,26.029996392440715,0.8449633390494096,53.11521310128439,7.374295857642615,False,True,True,False,True,5.969415856071642,25.8219,25.897275,0.0,0.0,0.0,0.0,0.9872922776148582,0.92375366568915,False,False,False,False,0.09976543438220799,0.0726962798566925,False,False,False,False,341284.0,285841.3735748154,False,False,False,False,5780.038155583075,False,False,False,False
2025-07-09 17:00:00+00:00,26.405,26.515,26.38,26.43,3564.0,,25.98275194435725,26.183118497141272,25.90491488945937,25.81924749030886,25.86612390667498,25.949432520023304,25.99642883657939,25.41157028355702,25.25264999772267,25.012539288656903,24.892962242680497,24.388607297945885,24.069718259197455,23.944706697221974,23.76642286947029,23.19115727126107,22.87456984565575,22.751360568733197,25.98275194435725,26.183118497141272,25.99642883657939,25.41157028355702,24.388607297945885,23.19115727126107,25.33890916123868,24.14894613366446,,24.84768237259151,"rgba(38, 166, 154, 1.0)",0.44516671641688793,26.035501456031113,0.8861815796656459,54.83167329267911,7.374295857642615,False,True,True,False,True,6.2256775290943835,25.8473,25.902800000000003,0.0,0.0,0.0,0.0,0.9999999999999999,0.9098939929328625,False,False,False,False,0.14642775852420692,0.10956201919044971,False,False,False,False,344848.0,286756.20499226014,False,False,False,False,5745.680974876361,False,False,False,False
2025-07-09 18:00:00+00:00,26.43,26.58,26.425,26.515,2340.0,,26.000457134054464,26.186610201279965,25.909416499626488,25.823349611989933,25.86896805698661,25.951347340885352,25.997589471279554,25.413380502156116,25.254520845792293,25.014469693246987,24.894899830669377,24.390687536095868,24.07191670023948,23.94692351070101,23.768666521222748,23.193525751084334,22.87698925149002,22.75379779010217,26.000457134054464,26.186610201279965,25.997589471279554,25.413380502156116,24.390687536095868,23.193525751084334,25.340754119257966,24.151127215466193,,24.850973124939046,"rgba(38, 166, 154, 1.0)",0.45014674284068573,26.03962541330943,1.0560435996730362,56.78139391905088,7.374295857642615,False,True,True,False,True,7.1001850338828305,25.8746,25.907925,0.0,0.0,0.0,0.0,1.0031446540880502,0.9036949685534595,False,False,False,False,0.1642832685060948,0.13692264384827224,False,False,False,False,347188.0,287693.1320466437,False,False,False,False,5692.879719451921,False,False,False,False
2025-07-09 19:00:00+00:00,26.515,26.665,26.47,26.63,10411.0,,26.077294193219007,26.20501514551429,25.931285263451006,25.843134591179346,25.88290394210277,25.960939301808807,26.00350816058315,25.42195864656382,25.2633157968295,25.02346498210697,24.903898292944817,24.400248806740336,24.081976468699946,23.957053301418647,23.77890089859552,23.204281311551192,22.887955899879152,22.764838239742076,26.077294193219007,26.20501514551429,26.00350816058315,25.42195864656382,24.400248806740336,23.204281311551192,25.349462480687837,24.16111719660462,,24.866220735718354,"rgba(0, 255, 255, 0.75)",0.4596857720323711,26.059991653621314,1.2399956253998337,59.14259515501336,-0.08120081617984454,False,False,True,False,True,8.271573499091186,25.9087,25.913325,0.0,0.0,0.0,0.0,1.0041136141038196,0.8985308521057791,False,False,False,False,0.18552086256308317,0.16122175320567772,False,False,False,False,357599.0,288776.9439528973,False,False,False,False,5766.028871088325,False,False,False,False
2025-07-10 14:00:00+00:00,26.415,26.485,26.145,26.32,5372.0,,26.092417907463602,26.207593653809784,25.93758587912099,25.849370775232565,25.887196945132256,25.96368199308503,26.005118786498954,25.425316523820044,25.266887539300484,25.027267567117857,24.907761300286968,24.40454138099878,24.086576612375826,23.961713351070376,23.783644914222094,23.209361097397046,22.893175718842027,22.770107198477337,26.092417907463602,26.207593653809784,26.005118786498954,25.425316523820044,24.40454138099878,23.209361097397046,25.352933592762714,24.16566662030657,,24.87107328579178,"rgba(38, 166, 154, 0.5)",0.4631182792122639,26.06388029926715,0.5530330203517201,56.51938587305664,-0.08120081617984454,False,True,True,False,True,4.49904904272362,25.936299999999996,25.917275,0.0,0.0,0.0,0.0,0.9824358232001543,0.9046516116579815,False,False,False,False,0.1037681939243397,0.13249497356500872,False,False,False,False,352227.0,289760.6657520772,False,False,False,False,5759.91989634277,False,False,False,False
2025-07-10 15:00:00+00:00,26.335,26.6,26.27,26.58,4359.0,,26.11148151255804,26.212665790328778,25.944731028420453,25.85607375165041,25.891946267551017,25.9669128222756,26.007106232973438,25.428528751788004,25.27022531706607,25.03073341542462,24.911249338070792,24.408312766073745,24.090573335623567,23.965747805320778,23.78773376084369,23.213691249183825,22.897605199537804,22.774571490852612,26.11148151255804,26.212665790328778,26.007106232973438,25.428528751788004,24.408312766073745,23.213691249183825,25.356215834218176,24.169629009355926,,24.876104990863514,"rgba(38, 166, 154, 1.0)",0.4721553035078798,26.069663894906483,1.0808649215670578,57.31827723232377,-0.08120081617984454,False,True,True,False,True,7.130501402635129,25.967200000000002,25.923025000000003,0.0,0.0,0.0,0.0,0.9892493760798617,0.9020925321558844,False,False,False,False,0.1423829825158685,0.13743897804043861,False,False,False,False,356586.0,290796.71744584345,False,False,False,False,5738.200208027378,False,False,False,False
2025-07-10 16:00:00+00:00,26.6,26.62,26.375,26.52,2970.0,,26.12413648421851,26.21628431572762,25.949684718075122,25.86071517905666,25.895256077690703,25.969182626072683,26.008512121505973,25.430750978371005,25.27252946723987,25.033120514211433,24.913649708598182,24.410901316175988,24.09331346180473,23.968512883397054,23.790534940814556,23.21665454592857,22.90063516461061,22.77762482208565,26.12413648421851,26.21628431572762,26.008512121505973,25.430750978371005,24.410901316175988,23.21665454592857,25.358484069758283,24.172346236802625,,24.879555518088054,"rgba(38, 166, 154, 1.0)",0.47951775700099625,26.073706674822795,0.9307128227501235,57.082436237587146,-0.08120081617984454,False,True,True,False,True,6.4149243790073385,25.992600000000003,25.928475,0.0,0.0,0.0,0.0,0.9923283467587264,0.906214039125432,False,False,False,False,0.16265591079546393,0.15004744441795126,False,False,False,False,353616.0,291770.65981102415,False,False,False,False,5695.282375344783,False,False,False,False
2025-07-10 17:00:00+00:00,26.52,26.615,26.505,26.605,1434.0,,26.131030024843003,26.21841543241844,25.952342833992898,25.863173412531747,25.89702338452873,25.97041399012349,26.009283390426123,25.431890352872017,25.27370191245376,25.034324990099158,24.91485695555615,24.412190556508754,24.0946725832321,23.96988257113807,23.791920187700594,23.218113816546225,22.902124672597168,22.779124920708238,26.131030024843003,26.21841543241844,26.009283390426123,25.431890352872017,24.412190556508754,23.218113816546225,25.359642704067436,24.173695231047628,,24.881360332682036,"rgba(38, 166, 154, 1.0)",0.4857644667090252,26.07599178711621,1.0890220449176444,57.77420098819229,0.8518489968758516,False,True,True,False,True,7.2679997703450425,26.018100000000004,25.934350000000006,0.0,0.0,0.0,0.0,0.9973118279569891,0.9059139784946242,False,False,False,False,0.18306226340745535,0.1665548539127033,False,False,False,False,355050.0,292751.7348527137,False,False,False,False,5629.215981928585,False,False,False,False
2025-07-10 18:00:00+00:00,26.61,26.705,26.515,26.69,2936.0,,26.14637816834669,26.223441753884735,25.958247291699116,25.868585511342648,25.900939812401823,25.973175121298016,26.011027388959576,25.434341530435212,25.276209271322088,25.03688366822853,24.917414842243115,24.41490051144676,24.097519705199915,23.972748686950187,23.79481482225971,23.221152416116798,22.905221696100515,22.782242393864255,26.14637816834669,26.223441753884735,26.011027388959576,25.434341530435212,24.41490051144676,23.221152416116798,25.362128059346123,24.17652327546975,,24.885291366227758,"rgba(0, 255, 255, 0.75)",0.4946943910542411,26.08123875206809,1.2305804531856206,59.07873390767367,2.722263384102739,False,False,True,False,True,8.116883515957106,26.042399999999997,25.94065,0.0,0.0,0.0,0.0,0.9973138910207214,0.9040675364543367,False,False,False,False,0.19949581751295914,0.18302533571283122,False,False,False,False,357986.0,293763.11880848557,False,False,False,False,5587.460695387056,False,False,False,False
2025-07-10 19:00:00+00:00,26.7,26.81,26.675,26.805,10608.0,,26.207353454513836,26.24590838004752,25.982586477965018,25.890647495810274,25.917128834116983,25.98483206917589,26.018508136482932,25.44403964469919,25.286028546631698,25.04678727637923,24.927269947758873,24.42519210256486,24.108264171183276,23.983543009156897,23.805688430080917,23.23249173238312,22.91674720405825,22.79383297983643,26.207353454513836,26.24590838004752,26.018508136482932,25.44403964469919,24.42519210256486,23.23249173238312,25.371912262651882,24.187210645691433,,24.900936105158067,"rgba(0, 255, 255, 0.75)",0.5061913251505233,26.10374714670396,1.3853513848494194,61.04879163767357,5.11173830140261,False,False,True,False,True,9.254441581523594,26.070299999999996,25.947525,0.0,0.0,0.0,0.0,1.0036517393811262,0.9000576590428604,False,False,False,False,0.24358973547373994,0.21330753559328558,False,False,False,False,368594.0,294923.2875091292,False,False,False,False,5665.298514063225,False,False,False,False
2025-07-11 14:00:00+00:00,27.33,27.58,27.265,27.515,7358.0,,26.287289281635005,26.27978185277398,26.012794003392447,25.916924567942708,25.936874510509526,25.99970682696094,26.02833671272444,25.454158747063445,25.295909389727232,25.05632479461124,24.936589906155792,24.434368847453637,24.11758971116095,23.99282766935271,23.814932659173067,23.24184316594854,22.926128044422263,22.803223567502293,26.287289281635005,26.27978185277398,26.02833671272444,25.454158747063445,24.434368847453637,23.24184316594854,25.381944817473947,24.196543667848953,,24.918644681028347,"rgba(0, 255, 0, 1.0)",0.5413339130383295,26.135270695287744,2.548758301448895,66.73152572467065,10.732108113022804,True,False,True,False,True,15.61728922569717,26.108700000000002,25.95795,0.0,0.0,0.0,0.0,1.008813050815676,0.8880555034689673,False,False,False,False,0.34282822448983535,0.27806788004156047,False,False,False,False,375952.0,296179.5466175148,False,False,False,False,5691.541947953719,False,False,False,False
2025-07-11 15:00:00+00:00,27.515,27.79,27.495,27.6,4569.0,,26.33866635921516,26.302872068533915,26.033138748934267,25.93460973675362,25.9502679841299,26.009886536349004,26.035113575229563,25.460936696720218,25.30249377356732,25.06263883739799,24.94274267956131,24.440367966791644,24.12365676998192,23.99885837263793,23.82092434525681,23.24786960268628,22.93215805754499,22.80925442177953,26.33866635921516,26.302872068533915,26.035113575229563,25.460936696720218,24.440367966791644,23.24786960268628,25.388648291314777,24.20262224468113,,24.930358696281743,"rgba(0, 255, 0, 1.0)",0.575361985548574,26.15650514308887,2.5088464187199335,70.87049582621404,14.65724477263656,True,False,True,False,True,16.31115453243467,26.1466,25.9688,0.0,0.0,0.0,0.0,1.0167660208643814,0.8813338301043224,False,False,False,False,0.34282822693273785,0.31044805348714916,False,False,False,False,380521.0,297487.1660498014,False,False,False,False,5674.138196822652,False,False,False,False
2025-07-11 16:00:00+00:00,27.575,27.725,27.43,27.69,5386.0,,26.393817210339684,26.32883198889183,26.056277962459017,25.954833054768525,25.96566321946049,26.021626765928502,26.042962635506317,25.468823745019233,25.310163730402774,25.070003747543616,24.949923797877155,24.447381477803518,24.130754721052508,24.005915782552083,23.8279386421677,23.254930859535087,22.939226363511473,22.816324727456152,26.393817210339684,26.32883198889183,26.042962635506317,25.468823745019233,24.447381477803518,23.254930859535087,25.396452501743692,24.209732377091886,,24.943633357348645,"rgba(0, 255, 0, 1.0)",0.6096609602774876,26.180298811989214,2.4762963128287656,74.00575522230493,17.590654868426498,True,False,True,False,True,17.042832228989564,26.188000000000002,25.98135,0.0,0.0,0.0,0.0,1.009941849559182,0.8876383417745268,False,False,False,False,0.3250673233918011,0.31775768843947516,False,False,False,False,385907.0,298858.0161885641,False,False,False,False,5669.670937957185,False,False,False,False
2025-07-11 17:00:00+00:00,27.69,27.81,27.66,27.785,6755.0,,26.463620888222568,26.3632825125663,26.086821066593416,25.981550990893425,25.986140634361863,26.03735283523791,26.053543471804097,25.479258957498587,25.320277742004606,25.079673595752844,24.959334885788625,24.456511607549707,24.139963700113544,24.015061885411235,23.83701538944491,23.26403130005794,22.948319397856135,22.82541450089215,26.463620888222568,26.3632825125663,26.053543471804097,25.479258957498587,24.456511607549707,23.26403130005794,25.40676157135915,24.21896418276988,,24.960954186780548,"rgba(0, 255, 0, 1.0)",0.6445778211880611,26.211636000054042,2.4409217137598587,76.4927299966169,19.956352627269794,True,False,True,False,True,17.81078307081046,26.2329,25.994775,0.0,0.0,0.0,0.0,1.0167387624600337,0.8897874741395528,False,False,False,False,0.3428282278447184,0.3302929581420968,False,False,False,False,392662.0,300312.341518974,False,False,False,False,5686.49774512064,False,False,False,False
2025-07-11 18:00:00+00:00,27.785,27.91,27.73,27.75,5151.0,,26.51390589909583,26.389267638729542,26.109991888270358,26.00190120320914,26.00183281452441,26.049463657523418,26.061735690713384,25.487308713523564,25.328075711402324,25.087123962759616,24.966583865657427,24.463534534521045,24.147041657804667,24.02208988376897,23.84398789814303,23.271015430179318,22.955294942171307,22.83238651552014,26.51390589909583,26.389267638729542,26.061735690713384,25.487308713523564,24.463534534521045,23.271015430179318,25.41471196737797,24.226060847031512,,24.974030105973196,"rgba(0, 255, 0, 1.0)",0.674696815460672,26.235179699538733,2.2451866760731223,77.48799113394749,21.035925455741264,True,False,True,False,True,17.350754212606656,26.273100000000003,26.007975,0.0,0.0,0.0,0.0,1.0120142669419936,0.8903698141543086,False,False,False,False,0.34282822863096984,0.3365605933865333,False,False,False,False,387511.0,301664.2587047263,False,False,False,False,5678.195454498614,False,False,False,False
2025-07-11 19:00:00+00:00,27.75,27.89,27.74,27.865,24017.0,,26.71100907813256,26.50168540723554,26.212310386637803,26.09279999862104,26.072907051339072,26.104887214507812,26.09968842816956,25.524672761900973,25.3643019490561,25.121771221478237,25.00031168797856,24.496233273508032,24.179997838142615,24.054817349703523,23.876461343357153,23.303547120633972,22.987789060089657,22.864865056982154,26.71100907813256,26.50168540723554,26.09968842816956,25.524672761900973,24.496233273508032,23.303547120633972,25.451628360482612,24.259102162097196,,25.031669790415247,"rgba(0, 255, 0, 1.0)",0.7063169094511006,26.336613104379865,2.1638826356399816,78.71751930995488,22.454542923606326,True,False,True,False,True,18.2931340919824,26.315899999999996,26.0224,0.0,0.0,0.0,0.0,1.0180552943389127,0.8879067143125827,False,False,False,False,0.3415395549807191,0.3390500741836262,False,False,False,False,411528.0,303367.5725232577,False,False,False,False,5962.518005591659,False,False,False,False
2025-07-14 14:00:00+00:00,28.17,28.2,27.545,27.595,9543.0,27.779999999999998,26.770977689208678,26.54008337058045,26.248475770424594,26.125459258117342,26.098853167587773,26.125333474027983,26.113884171300388,25.538865431815456,25.378111478185705,25.135038577833672,25.01325324999834,24.508851789184206,24.192746710807082,24.067490058029247,23.889051462886027,23.31619887560465,23.000444045936685,22.87752031522268,26.770977689208678,26.54008337058045,26.113884171300388,25.538865431815456,24.508851789184206,23.31619887560465,25.465673997862996,24.27187596421503,27.779999999999998,25.05225771648616,"rgba(0, 255, 255, 0.75)",0.7267895404008043,26.474905197458227,1.541154268571436,74.68401663860779,22.454542923606326,True,False,True,False,False,14.77721905454949,26.353199999999998,26.035625,0.0,0.0,0.0,0.0,1.0082781456953642,0.8760117733627671,False,False,False,False,0.3428282290937672,0.3409391516386967,False,False,False,False,401985.0,304896.5248872382,False,False,False,False,6018.029354342176,False,False,False,False
2025-07-14 15:00:00+00:00,27.595,27.785,27.575,27.625,4963.0,27.739514109104274,26.796226807558664,26.557334968692636,26.265229585641457,26.14077009042877,26.111109550228893,26.135024426006847,26.1206548721863,25.54579018343159,25.38488037417824,25.14157992020457,25.019650383855026,24.515139994920375,24.19912381525285,24.073837707701855,23.895368964555825,23.32257673231656,23.00683681329121,22.883917932023472,26.796226807558664,26.557334968692636,26.1206548721863,25.54579018343159,24.515139994920375,23.32257673231656,25.472541819898126,24.27825977991716,27.739514109104274,25.061947395693064,"rgba(0, 255, 255, 0.75)",0.745089371264378,26.48754398397637,1.5266034651567058,72.23902195869813,28.54688126141069,True,False,True,False,False,15.033448583122933,26.3939,26.0495,0.0,0.0,0.0,0.0,1.0093440820813484,0.8931843165994874,False,False,False,False,0.29481891059303306,0.3178790311158649,False,False,False,False,406948.0,306478.7182998391,False,False,False,False,6001.672310088808,False,False,False,False
2025-07-14 16:00:00+00:00,27.62,27.715,27.49,27.665,6086.0,27.705176686739186,26.824012977406834,26.577069494170296,26.28469059004781,26.158670960578416,26.125514183592394,26.146448351839613,26.12867264933585,25.55406767584917,25.392987486937685,25.149433999056733,25.027339757152035,24.522723379496924,24.206825740768327,24.081508289646315,23.90300857791764,23.330303356988534,23.014587843917102,22.891677090551628,26.824012977406834,26.577069494170296,26.12867264933585,25.55406767584917,24.522723379496924,23.330303356988534,25.4807587910099,24.285967022118477,27.705176686739186,25.073307911402964,"rgba(0, 255, 255, 0.75)",0.7637055526648636,26.502790711915345,1.521802851935876,70.9556104272685,27.14786057595768,True,False,True,False,False,15.378579093850156,26.436899999999994,26.063299999999998,0.0,0.0,0.0,0.0,1.0044386905862768,0.9084520066580362,False,False,False,False,0.2758684072570056,0.29687371918643524,False,False,False,False,413034.0,308130.7381711594,False,False,False,False,6002.979716133944,False,False,False,False
2025-07-14 17:00:00+00:00,27.665,27.69,27.57,27.59,4865.0,27.688261840227312,26.844742661420085,26.592229740936585,26.2997751690403,26.172608830210336,26.13678264759609,26.155414345029993,26.134992278433813,25.560616049279595,25.39940675840674,25.15565987321849,25.03343816641195,24.528745814373224,24.21294563390993,24.08760466717168,23.9090821136025,23.33645033370919,23.02075619943361,22.89785261165915,26.844742661420085,26.592229740936585,26.134992278433813,25.560616049279595,24.528745814373224,23.33645033370919,25.487261922866317,24.29209025181903,27.688261840227312,25.08217243854685,"rgba(0, 255, 255, 0.75)",0.7803344455083467,26.515113651756067,1.3774687948623117,68.6651152033873,24.764735009942086,True,False,True,False,False,14.39420798776549,26.485500000000002,26.0773,0.0,0.0,0.0,0.0,1.0046382189239331,0.9076066790352506,False,False,False,False,0.282570031064965,0.28972187512570013,False,False,False,False,408169.0,309681.7189747073,False,False,False,False,5985.336619759773,False,False,False,False
2025-07-14 18:00:00+00:00,27.59,27.59,27.455,27.48,4438.0,27.661550928248868,26.860204981868836,26.604256564610765,26.31213308142482,26.18415640076621,26.146172859503896,26.16289920139153,26.140292498709332,25.56624066735641,25.40494583479071,25.161063156856123,25.038744064011986,24.534027224333485,24.218332178059928,24.09297750075768,23.914443891711862,23.341900896994296,23.026236457829746,22.903343036217425,26.860204981868836,26.604256564610765,26.140292498709332,25.56624066735641,24.534027224333485,23.341900896994296,25.492859777292797,24.297475065359357,27.661550928248868,25.089576138733054,"rgba(38, 166, 154, 1.0)",0.7930792537336188,26.524131412041704,1.2052623788332701,65.12831154218611,21.278343503632797,False,False,True,False,False,12.960416585099516,26.5261,26.0902,0.0,0.0,0.0,0.0,0.9962866691422204,0.9134793910137396,False,False,False,False,0.25650710751402894,0.27311449131986454,False,False,False,False,403731.0,311139.8473626963,False,False,False,False,5961.346904724738,False,False,False,False
2025-07-14 19:00:00+00:00,27.48,27.6,27.375,27.415,23615.0,27.574073662243816,26.926735916803295,26.660350181337247,26.37153761549416,26.240412885383595,26.192470911843202,26.200086992200713,26.166915749361326,25.594950693988288,25.43331692952835,25.188858870542404,25.066091371867614,24.561397688515378,24.246312852942573,24.12091236475849,23.942353954299058,23.370355290498402,23.054883229817317,22.932056196474914,26.926735916803295,26.660350181337247,26.166915749361326,25.594950693988288,24.561397688515378,23.370355290498402,25.521478961553044,24.325430225594186,27.574073662243816,25.12611109420313,"rgba(38, 166, 154, 1.0)",0.8021719559089663,26.568916064240803,1.0547413550508284,61.6313294402883,17.917322112597716,False,True,True,False,False,12.11789975784173,26.5629,26.102275,0.0,0.0,0.0,0.0,0.9985121815138552,0.9120327320066953,False,False,False,False,0.24809615331285284,0.2606053223163587,False,False,False,False,380116.0,312209.2450780033,False,False,False,False,6235.046952713502,False,False,False,False
2025-07-15 14:00:00+00:00,27.265,27.495,27.175,27.45,4351.0,27.55897850019875,26.935631880541433,26.668825738947664,26.38097256193911,26.249519094823235,26.20006929039459,26.20623621388668,26.171372100729794,25.599895646405628,25.438231142753427,25.193707339883236,25.07087623017771,24.56623024457706,24.251272899675257,24.12587161450933,23.94731826257645,23.37544078745734,23.060014082172525,22.93720282146462,26.935631880541433,26.668825738947664,26.171372100729794,25.599895646405628,24.56623024457706,23.37544078745734,25.526421317046562,24.33038092788432,27.55897850019875,25.132149330717503,"rgba(38, 166, 154, 1.0)",0.8113389667203759,26.57567924607504,1.0776269719414195,59.82062519646192,16.12326344121375,False,True,True,False,False,12.447105444852436,26.6014,26.113925,0.0,0.0,0.0,0.0,0.9914783253056686,0.9138569840681736,False,False,False,False,0.2118305060299,0.23621791417312935,False,False,False,False,384467.0,313329.5203481118,False,False,False,False,6205.836922438873,False,False,False,False
2025-07-15 15:00:00+00:00,27.44,27.49,26.96,27.02,23818.0,27.44166238159951,26.957364181885225,26.698631746675083,26.419003294881616,26.28775151556976,26.232617920417834,26.23274455260581,26.190900646159854,25.623236520260477,25.461733817937258,25.21727086922179,25.094289402433258,24.590373399218716,24.27628335146454,24.150959960810912,23.972538397007035,23.401555735722848,23.0864863694345,22.963800385919246,26.957364181885225,26.698631746675083,26.190900646159854,25.623236520260477,24.590373399218716,23.401555735722848,25.54989586765469,24.355289762297875,27.44166238159951,25.15875233709032,"rgba(38, 166, 154, 0.5)",0.8123373017976333,26.596687145663275,0.5211047841825923,52.5732609218342,9.35918323062188,False,True,False,False,False,7.061272562899362,26.6302,26.123425,0.0,0.0,0.0,0.0,0.9775711159737417,0.917396061269147,False,False,False,False,0.18601355593459165,0.2111157350538605,False,False,False,False,360649.0,314063.1556915519,False,False,False,False,6478.893714339046,False,False,False,False
2025-07-15 16:00:00+00:00,27.015,27.29,27.005,27.27,7254.0,27.42099908545384,26.964079359417287,26.707577610840254,26.430321882347855,26.299164788569993,26.242420199078143,26.240793367973918,26.196885395738015,25.63035073933525,25.468895955861704,25.224450743157803,25.101423933673672,24.597726910730163,24.283898011288137,24.158598184834222,23.98021648295996,23.4095042518097,23.09454312476068,22.97189512027295,26.964079359417287,26.707577610840254,26.196885395738015,25.63035073933525,24.597726910730163,23.4095042518097,25.557049819694946,24.36287376877529,27.42099908545384,25.166819225702763,"rgba(38, 166, 154, 1.0)",0.8189361479470673,26.60393559991263,0.8133288556831659,51.3365410707099,8.284000273241439,False,True,False,False,False,9.4561583408328,26.6609,26.134674999999998,0.0,0.0,0.0,0.0,0.9900662251655626,0.9210816777041945,False,False,False,False,0.1679723761783985,0.1895440556161295,False,False,False,False,367903.0,314897.8819598999,False,False,False,False,6490.910866054719,False,False,False,False
2025-07-15 17:00:00+00:00,27.285,27.565,27.28,27.555,3514.0,27.42273495444236,26.97105951797514,26.714236187038512,26.437655593415126,26.306288572824315,26.24847275880473,26.24577489277112,26.200565456725297,25.63438535699444,25.472902307820956,25.228400336654108,25.105321229615683,24.601655285246,24.28792454356304,24.162623168965705,23.9842443049752,23.413625430889343,23.098699208808984,22.97606336104224,26.97105951797514,26.714236187038512,26.200565456725297,25.63438535699444,24.601655285246,23.413625430889343,25.561080412926387,24.366893523538412,27.42273495444236,25.171660973007217,"rgba(38, 166, 154, 1.0)",0.8195149521251712,26.610131994016335,1.1529600570842877,53.62431715390477,8.284000273241439,False,True,True,False,False,12.037971924544348,26.6965,26.14675,0.0,0.0,0.0,0.0,0.9979816513761466,0.9106422018348626,False,False,False,False,0.23256565998242099,0.21105485779927524,False,False,False,False,371417.0,315774.14735587046,False,False,False,False,6444.757209216661,False,False,False,False
2025-07-15 18:00:00+00:00,27.56,27.64,27.535,27.56,2646.0,27.427064540327187,26.977344560396137,26.71990614956553,26.44370151583744,26.3121062931108,26.253405072280948,26.24983992690674,26.20356561045507,25.637596131438386,25.47607682182229,25.231513076875345,25.108385756860937,24.604721226684333,24.29105603000749,24.165749687940888,23.98736812559455,23.41680845311508,23.101903350959176,22.97927481863876,26.977344560396137,26.71990614956553,26.20356561045507,25.637596131438386,24.604721226684333,23.41680845311508,25.564281382051867,24.37002227722287,27.427064540327187,25.175573478249436,"rgba(38, 166, 154, 1.0)",0.8220122968765003,26.615537590715974,1.1489638450334785,55.19953161331962,8.284000273241439,False,True,True,False,True,12.082339390404062,26.7271,26.15855,0.0,0.0,0.0,0.0,1.0047697670152262,0.9058888277380299,False,False,False,False,0.2722231731691193,0.24163901548419728,False,False,False,False,374063.0,316677.8504976399,False,False,False,False,6385.8617486086505,False,False,False,False
2025-07-15 19:00:00+00:00,27.56,27.585,27.455,27.505,13446.0,27.437958137935055,27.00420855195683,26.745562463102424,26.47179921612076,26.339427699717678,26.276742806331118,26.269152760291142,26.217918455663398,25.6532224336523,25.49158016988711,25.246780849301217,25.12344561129172,24.619874367951265,24.30657261558323,24.181256250593254,24.002880198784613,23.432663487658075,23.117885686864184,22.995301471700596,27.00420855195683,26.745562463102424,26.217918455663398,25.6532224336523,24.619874367951265,23.432663487658075,25.579885209238956,24.385515709218797,27.437958137935055,25.19423750535838,"rgba(38, 166, 154, 1.0)",0.8219735808208982,26.6396803402029,1.0527341510573984,55.42218825773791,8.284000273241439,False,True,True,False,True,11.398961307720668,26.7566,26.169475,0.0,0.0,0.0,0.0,1.002934702861335,0.9077402787967721,False,False,False,False,0.25590515904122074,0.248772087262709,False,False,False,False,360617.0,317359.0776217075,False,False,False,False,6495.32125638216,False,False,False,False
2025-07-16 14:00:00+00:00,27.28,27.31,27.08,27.08,4549.0,27.426643100947935,27.006742863024385,26.750001974315698,26.47782277320949,26.345659639511876,26.282215449961157,26.273712724103405,26.22138150204953,25.657444134362724,25.49585253633409,25.251091333935662,25.127741007760015,24.62433515477767,24.31120584830891,24.185909516950066,24.00756505311368,23.437531366353504,23.122828089927566,23.00027009316034,27.006742863024385,26.750001974315698,26.22138150204953,25.657444134362724,24.62433515477767,23.437531366353504,25.584140773354328,24.390126653164707,27.426643100947935,25.198850614508878,"rgba(38, 166, 154, 0.5)",0.809260211606904,26.643360771754875,0.5395535601313117,50.54272520042027,7.171226645515333,False,True,False,False,False,6.364357251143513,26.777600000000003,26.1783,0.0,0.0,0.0,0.0,0.9922073214932943,0.9111997100398698,False,False,False,False,0.17901629006421055,0.21389418866345977,False,False,False,False,356068.0,317959.2159531539,False,False,False,False,6465.145733027397,False,False,False,False
