date,Close,High,Low,Open,Volume,aVWAP_OB_bull_791,aVWAP_OB_bull_651,aVWAP_OB_bull_621,aVWAP_OB_bull_535,aVWAP_OB_bull_167,Peaks_Valleys_avg,color,StDev,StDev_Mean,StdDev_ZScore,QQEMOD,QQE1_Value,QQE1_Above_Upper,QQE1_Below_Lower,QQE2_Above_Threshold,QQE2_Below_Threshold,QQE2_Above_TL,banker_RSI,SMA_50,SMA_200,OB,OB_High,OB_Low,OB_Mitigated_Index,TTM_squeeze_Active,VI_plus,VI_minus,VI_Regular_Bullish,VI_Regular_Bearish,VI_Hidden_Bullish,VI_Hidden_Bearish,Fisher,Fisher_Signal,Fisher_Regular_Bullish,Fisher_Regular_Bearish,Fisher_Hidden_Bullish,Fisher_Hidden_Bearish,OBV,OBV_Smoothed,OBV_Regular_Bullish,OBV_Regular_Bearish,OBV_Hidden_Bullish,OBV_Hidden_Bearish,Volume_MA,Vol_Regular_Bullish,Vol_Regular_Bearish,Vol_Hidden_Bullish,Vol_Hidden_Bearish
2022-01-03 00:00:00+00:00,11.4112185519,11.6026819504,11.3920722121,11.5643892707,296297,,,,,,,#000000,,,,,,False,False,False,False,False,,,,0.0,0.0,0.0,0.0,0,,,False,False,False,False,,,False,False,False,False,0,0.0,False,False,False,False,296297.0,False,False,False,False
2022-01-04 00:00:00+00:00,11.4303648918,11.7223465745,11.3920722121,11.5165234211,371094,,,,,,,#000000,,,,100.0,,False,False,True,False,False,,,,0.0,0.0,0.0,0.0,0,,,False,False,False,False,,,False,False,False,False,371094,14552.70588235294,False,False,False,False,299230.2156862745,False,False,False,False
2022-01-05 00:00:00+00:00,11.1527429639,11.6936270647,11.0953039443,11.4973770812,478612,,,,,,,#000000,,,,82.93325073808639,-18.266997047654456,False,False,True,False,True,,,,0.0,0.0,0.0,0.0,0,,,False,False,False,False,,,False,False,False,False,-107518,9765.61937716263,False,False,False,False,306264.7954632834,False,False,False,False
2022-01-06 00:00:00+00:00,10.7602429969,11.0761576045,10.750669827,10.9708527353,578577,,,,,,,#000000,,,,68.31893241240051,-18.266997047654456,False,False,False,True,True,,,,0.0,0.0,0.0,0.0,0,,,False,False,False,False,,,False,False,False,False,-686095,-17523.03236311826,False,False,False,False,316943.7054451154,False,False,False,False
2022-01-07 00:00:00+00:00,10.7793893368,10.8368283563,10.6070722781,10.7793893368,672936,,,,,,,#000000,,,,56.87852747599915,-18.266997047654456,False,False,False,True,True,,,,0.0,0.0,0.0,0.0,0,,,False,False,False,False,,,False,False,False,False,-13159,-17351.893839074408,False,False,False,False,330904.18758452265,False,False,False,False
2022-01-10 00:00:00+00:00,11.0857307744,11.0857307744,10.626218618,10.7219503172,633430,,,,,,,#000000,,,,53.19488073080696,-18.266997047654456,False,False,False,True,True,,,,0.0,0.0,0.0,0.0,0,,,False,False,False,False,,,False,False,False,False,620271,7652.925527163803,False,False,False,False,342767.9449341492,False,False,False,False
2022-01-11 00:00:00+00:00,11.5452429309,11.5452429309,10.9469198105,11.143169794,821752,,,,,,,#000000,,,,54.1360516738523,-18.266997047654456,False,False,False,True,True,,,,0.0,0.0,0.0,0.0,0,,,False,False,False,False,,,False,False,False,False,1442023,63902.732369235804,False,False,False,False,361551.6333681041,False,False,False,False
2022-01-12 00:00:00+00:00,11.5835356106,11.66012097,11.4020283088,11.6314014602,505861,,,,,,,#000000,,,,55.127903010340994,-18.266997047654456,False,False,False,False,True,,,,0.0,0.0,0.0,0.0,0,,,False,False,False,False,,,False,False,False,False,1947884,137784.35070769716,False,False,False,False,367210.8242164138,False,False,False,False
2022-01-13 00:00:00+00:00,11.3250600226,11.66012097,11.3250600226,11.5835356106,357899,,,,,,,#000000,,,,54.06792567405925,-18.266997047654456,False,False,False,False,True,,,,0.0,0.0,0.0,0.0,0,,,False,False,False,False,,,False,False,False,False,1589985,194733.39577798356,False,False,False,False,366845.6546392995,False,False,False,False
2022-01-14 00:00:00+00:00,11.1623161338,11.3824990421,11.1240234541,11.2963405128,399301,,,,,,,#000000,,,,52.2776640450566,-18.266997047654456,False,False,False,False,True,,,,0.0,0.0,0.0,0.0,0,,,False,False,False,False,,,False,False,False,False,1190684,233790.28221806264,False,False,False,False,368118.41328089556,False,False,False,False
2022-01-18 00:00:00+00:00,10.9899990752,11.2389014932,10.9708527353,11.143169794,602397,,,,,,,#000000,,,,49.9830476560434,-18.266997047654456,False,False,False,True,True,,,,0.0,0.0,0.0,0.0,0,,,False,False,False,False,,,False,False,False,False,588287,247692.11428794256,False,False,False,False,377305.8088385075,False,False,False,False
2022-01-19 00:00:00+00:00,11.6792673098,11.7749990091,11.0857307744,11.1240234541,1298123,,,,,,,#000000,,,,51.4356481509659,-18.266997047654456,False,False,False,False,True,,,,0.0,0.0,0.0,0.0,0,,,False,False,False,False,,,False,False,False,False,1886410,311955.5607864546,False,False,False,False,413416.2869232719,False,False,False,False
2022-01-20 00:00:00+00:00,11.2771941729,11.8611575384,11.2580478331,11.7749990091,1244917,,,,,,11.4654665148,#000000,,11.4654665148,,50.96443739678859,-18.266997047654456,False,False,False,False,True,,,,0.0,0.0,0.0,0.0,0,,,False,False,False,False,,,False,False,False,False,641493,324878.5976183583,False,False,False,False,446024.1580243201,False,False,False,False
2022-01-21 00:00:00+00:00,11.0953039443,11.3681392872,11.0570112646,11.3585661173,1091473,,,,,,11.329063721073616,#000000,,11.329063721073616,,49.95785966421145,-18.266997047654456,False,False,False,False,True,,,,0.0,0.0,0.0,0.0,0,,,False,False,False,False,,,False,False,False,False,-449980,294491.98594705015,False,False,False,False,471335.877317484,False,False,False,False
2022-01-24 00:00:00+00:00,11.0761576045,11.1144502842,10.7498082417,11.009145415,925912,,,,,,11.230031241943928,#000000,,11.230031241943928,,49.07061186341041,-18.266997047654456,False,False,False,False,True,,,,0.0,0.0,0.0,0.0,0,,,False,False,False,False,,,False,False,False,False,-1375892,228986.73159618548,False,False,False,False,489162.39193248464,False,False,False,False
2022-01-25 00:00:00+00:00,10.9995722451,11.1048771143,10.8464015263,10.9804259052,815823,,,,,,11.180736422096993,#000000,,11.180736422096993,,48.08627835735518,-18.266997047654456,False,False,False,True,True,,,,0.0,0.0,0.0,0.0,0,,,False,False,False,False,,,False,False,False,False,-2191715,134057.25192574682,False,False,False,False,501972.6118567009,False,False,False,False
2022-01-26 00:00:00+00:00,10.626218618,11.1240234541,10.5065539939,10.8655478661,1239821,,,,,,11.08084307484112,#000000,,11.08084307484112,,46.1728982993904,-18.266997047654456,False,False,False,True,True,,,,0.0,0.0,0.0,0.0,0,,,False,False,False,False,,,False,False,False,False,-3431536,-5769.9344242824445,False,False,False,False,530907.8427642813,False,False,False,False
2022-01-27 00:00:00+00:00,10.3390235202,10.6932308074,10.3390235202,10.4778344841,880205,,,,,,10.992263710981975,#000000,,10.992263710981975,,43.91212531208326,-18.266997047654456,False,False,False,True,True,,,,0.0,0.0,0.0,0.0,0,,,False,False,False,False,,,False,False,False,False,-4311741,-174631.54483901645,False,False,False,False,544605.7704990155,False,False,False,False
2022-01-28 00:00:00+00:00,10.3773161999,10.3773161999,10.1858528014,10.3007308405,724233,,,,,,10.617372354793863,#000000,,10.617372354793863,,42.23258054951428,-18.266997047654456,False,False,False,True,True,,,,0.0,0.0,0.0,0.0,0,,,False,False,False,False,,,False,False,False,False,-3587508,-308469.8371982707,False,False,False,False,551649.9755774855,False,False,False,False
2022-01-31 00:00:00+00:00,10.5783527683,10.5974991082,10.3360558375,10.4251820495,547688,,,,,,10.643084349395203,#000000,,10.643084349395203,,41.72066228351226,-18.266997047654456,False,False,False,True,True,,,,0.0,0.0,0.0,0.0,0,,,False,False,False,False,,,False,False,False,False,-3039820,-415581.60828853457,False,False,False,False,551494.6039862116,False,False,False,False
2022-02-01 00:00:00+00:00,10.616645448,10.7793893368,10.5496332586,10.626218618,638890,,,,,,10.675850200029,#000000,,10.675850200029,,41.46028487839831,-18.266997047654456,False,False,False,True,True,,,,0.0,0.0,0.0,0.0,0,,,False,False,False,False,,,False,False,False,False,-2400930,-493438.40796349396,False,False,False,False,554921.8744181249,False,False,False,False
2022-02-02 00:00:00+00:00,10.7315234872,10.9134137157,10.5304869187,10.6453649578,612773,,,,,,10.700453855562076,#000000,,10.700453855562076,,41.7202852729874,-18.266997047654456,True,False,False,True,True,,,,0.0,0.0,0.0,0.0,0,,,False,False,False,False,,,False,False,False,False,-1788157,-544211.6860825727,False,False,False,False,557190.5460095711,False,False,False,False
2022-02-03 00:00:00+00:00,10.616645448,10.7985356766,10.4634747292,10.626218618,699343,,,,,,10.701124919625695,#000000,,10.701124919625695,,41.59012746410964,-18.266997047654456,True,False,False,True,True,,,,0.0,0.0,0.0,0.0,0,,,False,False,False,False,,,False,False,False,False,-2487500,-620419.0709420796,False,False,False,False,562765.1520484114,False,False,False,False
2022-02-04 00:00:00+00:00,10.5974991082,10.7123771473,10.5113405789,10.5113405789,501053,,,,,,10.69842052537211,#000000,,10.69842052537211,,41.42640731053067,-18.266997047654456,True,False,False,True,True,,,,0.0,0.0,0.0,0.0,0,,,False,False,False,False,,,False,False,False,False,-2988553,-713287.0681600373,False,False,False,False,560345.067654356,False,False,False,False
2022-02-07 00:00:00+00:00,11.0187185849,11.0474380947,10.6260271546,10.6932308074,543903,,,,,,10.721305917641729,#000000,,10.721305917641729,,42.923884713280316,-18.266997047654456,True,False,False,True,True,,,,0.0,0.0,0.0,0.0,0,,,False,False,False,False,,,False,False,False,False,-2444650,-781183.6537223888,False,False,False,False,559700.2806875185,False,False,False,False
2022-02-08 00:00:00+00:00,11.3154868526,11.3729258722,10.9804259052,10.9899990752,621671,,,,,,10.771309648229932,#000000,,10.771309648229932,,45.074677228027284,-18.266997047654456,True,False,False,False,True,,,,0.0,0.0,0.0,0.0,0,,,False,False,False,False,,,False,False,False,False,-1822979,-822038.3731842559,False,False,False,False,562130.5049742826,False,False,False,False
2022-02-09 00:00:00+00:00,11.3250600226,11.4590844015,11.2006088135,11.3442063624,448446,,,,,,10.80746350845826,#000000,,10.80746350845826,,46.86264833859616,-18.266997047654456,True,False,True,False,True,,,,0.0,0.0,0.0,0.0,0,,,False,False,False,False,,,False,False,False,False,-1374533,-843704.8291378145,False,False,False,False,557672.2890929382,False,False,False,False
2022-02-10 00:00:00+00:00,11.0953039443,11.4734441564,11.0570112646,11.2580478331,526079,,,,,,10.835768123533132,#000000,,10.835768123533132,,47.52702738512532,-18.266997047654456,True,False,True,False,True,,,,0.0,0.0,0.0,0.0,0,,,False,False,False,False,,,False,False,False,False,-1900612,-885152.1691716257,False,False,False,False,556433.3365794896,False,False,False,False
2022-02-11 00:00:00+00:00,11.6314014602,11.7462794993,11.1144502842,11.143169794,910610,,,,,,10.905190531318592,#000000,,10.905190531318592,,49.55129267283597,-16.498513335220046,True,False,True,False,True,,,,0.0,0.0,0.0,0.0,0,,,False,False,False,False,,,False,False,False,False,-990002,-889263.9272433267,False,False,False,False,570322.617497941,False,False,False,False
2022-02-14 00:00:00+00:00,11.8994502181,11.9760355775,11.6862557239,11.7367063294,641927,,,,,,10.969152007460739,#000000,,10.969152007460739,,51.808194486101115,-13.359856302314512,True,False,True,False,True,,,,0.0,0.0,0.0,0.0,0,,,False,False,False,False,,,False,False,False,False,-348075,-868040.8320573139,False,False,False,False,573130.6324980217,False,False,False,False
2022-02-15 00:00:00+00:00,11.7654258392,11.8755172933,11.4878039113,11.6218282903,432394,,,,,,11.001025380340305,#000000,,11.001025380340305,,53.198785732930844,-11.145080557096804,True,False,True,False,True,,,,0.0,0.0,0.0,0.0,0,,,False,False,False,False,,,False,False,False,False,-780469,-864606.6425648702,False,False,False,False,567611.5488706483,False,False,False,False
2022-02-16 00:00:00+00:00,12.0334745971,12.0804788614,11.7941453489,11.8228648587,499946,,,,,,11.046626148159806,#000000,,11.046626148159806,,54.91679462589757,-8.667583824324538,True,False,True,False,True,,,,0.0,0.0,0.0,0.0,0,,,False,False,False,False,,,False,False,False,False,-280523,-841701.4016799734,False,False,False,False,564957.9979345443,False,False,False,False
2022-02-17 00:00:00+00:00,12.052620937,12.2632306753,11.9717276511,12.1292062964,1301757,,,,,,11.16009180009447,#000000,,11.16009180009447,,56.362505939523714,-6.514214915362473,True,False,True,False,True,,,,0.0,0.0,0.0,0.0,0,,,False,False,False,False,,,False,False,False,False,1021234,-768645.1114180136,False,False,False,False,593852.0764469152,False,False,False,False
2022-02-18 00:00:00+00:00,11.8037185189,12.0539611807,11.7271331595,12.0334745971,639311,,,,,,11.195007821742118,#000000,,11.195007821742118,,56.68926040850173,-5.495293219682836,True,False,True,False,True,,,,0.0,0.0,0.0,0.0,0,,,False,False,False,False,,,False,False,False,False,381923,-723524.7933231895,False,False,False,False,595634.7793313499,False,False,False,False
2022-02-22 00:00:00+00:00,11.6218282903,11.9664624076,11.5356697609,11.8515843685,726581,,,,,,11.222192578074221,#000000,,11.222192578074221,,56.37906154891904,-5.13229705514285,True,False,True,False,False,,,,0.0,0.0,0.0,0.0,0,,,False,False,False,False,,,False,False,False,False,-344658,-708667.2720163978,False,False,False,False,600769.9252399245,False,False,False,False
2022-02-23 00:00:00+00:00,11.8515843685,11.9185008263,11.6122551204,11.6792673098,659958,,,,,,11.248418391783575,#000000,,11.248418391783575,,56.68084518243785,-4.179165375049621,True,False,True,False,False,,,,0.0,0.0,0.0,0.0,0,,,False,False,False,False,,,False,False,False,False,315300,-668511.6927216372,False,False,False,False,603091.0262109077,False,False,False,False
2022-02-24 00:00:00+00:00,11.7271331595,12.2153648257,11.530883176,12.2153648257,939770,,,,,,11.283599848222789,#000000,,11.283599848222789,,56.53351097977416,-3.6947275804930655,True,False,True,False,False,,,,0.0,0.0,0.0,0.0,0,,,False,False,False,False,,,False,False,False,False,-624470,-666784.5675168671,False,False,False,False,616294.1232222447,False,False,False,False
2022-02-25 00:00:00+00:00,11.8037185189,11.8037185189,11.3824990421,11.5165234211,672872,,,,,,11.299305692173348,#000000,,11.299305692173348,,56.60306980892639,-3.0132378128643253,True,False,True,False,False,,,,0.0,0.0,0.0,0.0,0,,,False,False,False,False,,,False,False,False,False,48402,-638738.0354573821,False,False,False,False,618512.863488039,False,False,False,False
2022-02-28 00:00:00+00:00,11.8324380287,11.9090233881,11.6218282903,11.8420111986,890000,,,,,,11.324748089979114,#000000,,11.324748089979114,,56.73276592886514,-2.295605440139866,True,False,True,False,False,,,,0.0,0.0,0.0,0.0,0,,,False,False,False,False,,,False,False,False,False,938402,-576889.4066159162,False,False,False,False,629159.4178610571,False,False,False,False
2022-03-01 00:00:00+00:00,12.5504257731,12.559998943,11.8324380287,11.8324380287,794988,,,,,,11.369130074872706,#000000,,11.369130074872706,,58.36704019869641,-0.1438473199570609,True,False,True,False,True,,,,0.0,0.0,0.0,0.0,0,,,False,False,False,False,,,False,False,False,False,1733390,-486290.21419960575,False,False,False,False,635662.4995135646,False,False,False,False
2022-03-02 00:00:00+00:00,12.6557306423,12.7227428318,12.3398160347,12.4259745641,611940,,,,,,11.409303108368583,#000000,,11.409303108368583,,59.888549176173534,1.836287182167041,True,False,True,False,True,,,,0.0,0.0,0.0,0.0,0,,,False,False,False,False,,,False,False,False,False,2345330,-375246.28423099377,False,False,False,False,634732.2054149935,False,False,False,False
2022-03-03 00:00:00+00:00,12.8663403807,12.8663403807,12.6270111325,12.6557306423,615847,,,,,,11.454047141888255,#000000,,11.454047141888255,,61.48893932874385,3.8406749250643486,True,False,True,False,True,,,,0.0,0.0,0.0,0.0,0,,,False,False,False,False,,,False,False,False,False,2961177,-244406.15543762152,False,False,False,False,633991.6091242095,False,False,False,False
2022-03-04 00:00:00+00:00,13.1152427987,13.1343891386,12.8471940408,12.8759135506,1201412,,,,,,11.548019143895683,#000000,,11.548019143895683,,63.18726235543349,5.8917689531549655,True,False,True,False,True,,,,0.0,0.0,0.0,0.0,0,,,False,False,False,False,,,False,False,False,False,4162589,-71582.8160086952,False,False,False,False,656243.3891585541,False,False,False,False
2022-03-07 00:00:00+00:00,13.4024378965,13.4933830108,12.8854867205,13.1631086484,1247253,,,,,,11.647553292222572,#000000,,11.647553292222572,,64.98421370724505,7.993511209569753,True,False,True,False,True,,,,0.0,0.0,0.0,0.0,0,,,False,False,False,False,,,False,False,False,False,5409842,143375.0199132144,False,False,False,False,679420.2366425324,False,False,False,False
2022-03-08 00:00:00+00:00,13.335425707,13.7374988439,13.0099379296,13.4981695958,2156193,,,,,,11.803624545884526,#000000,,11.803624545884526,,66.20775434151355,9.49713328251557,True,False,True,False,True,,,,0.0,0.0,0.0,0.0,0,,,False,False,False,False,,,False,False,False,False,3253649,265346.54854406876,False,False,False,False,737332.8940290997,False,False,False,False
2022-03-09 00:00:00+00:00,13.4024378965,13.4790232559,12.7131696619,12.9046330604,1268491,,,,,,11.874313934289638,#000000,,11.874313934289638,,67.30769771046776,10.858050526319758,True,False,True,False,True,,,,0.0,0.0,0.0,0.0,0,,,False,False,False,False,,,False,False,False,False,4522140,432279.62507175235,False,False,False,False,758162.6236750174,False,False,False,False
2022-03-10 00:00:00+00:00,13.8428037131,13.9433219974,13.335425707,13.3832915567,1204902,,,,,,12.541469912726342,#000000,,12.541469912726342,,68.8011107626988,12.582546497453826,True,False,True,False,True,,,,0.0,0.0,0.0,0.0,0,,,False,False,False,False,,,False,False,False,False,5727042,639917.365265017,False,False,False,False,775681.8149034481,False,False,False,False
2022-03-11 00:00:00+00:00,13.6896329943,13.8763098079,13.5029561808,13.5843281251,1136772,,,,,,12.586561497389956,#000000,,12.586561497389956,,69.45441362667243,13.465613082472153,True,False,True,False,True,,,,0.0,0.0,0.0,0.0,0,,,False,False,False,False,,,False,False,False,False,4590270,794833.1548624673,False,False,False,False,789842.2143189992,False,False,False,False
2022-03-14 00:00:00+00:00,13.1343891386,13.5364622755,12.9764318348,13.5364622755,1686720,,,,,,12.564838834792335,#000000,,12.564838834792335,,68.1886536001417,13.465613082472153,True,False,True,False,False,,,,0.0,0.0,0.0,0.0,0,,,False,False,False,False,,,False,False,False,False,2903550,877527.9331031549,False,False,False,False,825013.8921888424,False,False,False,False
2022-03-15 00:00:00+00:00,13.2779866875,13.3737183868,12.7897550213,12.8854867205,1077120,,,,,,12.565104736737643,#000000,,12.565104736737643,,67.39848893751966,13.465613082472153,True,False,True,False,False,17.16141361436976,11.677735602646,,0.0,0.0,0.0,0.0,0,,,False,False,False,False,0.21555277469536843,0.21555277469536843,False,False,False,False,3980670,999219.7788638156,False,False,False,False,834900.4062206525,False,False,False,False
2022-03-16 00:00:00+00:00,13.3737183868,13.3832915567,13.0434440243,13.2301208379,897502,,,,,,12.579020121534604,#000000,,12.579020121534604,,66.91438924490643,13.465613082472153,True,False,True,False,False,17.965082595823024,11.716985599344,,0.0,0.0,0.0,0.0,0,1.0576311406196872,0.8922079996336421,False,False,False,False,0.24240580027751724,0.22897928748644283,False,False,False,False,4878172,1151335.5522417051,False,False,False,False,837355.3706825877,False,False,False,False
2022-03-17 00:00:00+00:00,13.5747549552,13.7757915236,13.344998877,13.3832915567,1337701,,,,,,12.627428308946198,#000000,,12.627428308946198,,66.85117164119335,13.465613082472153,True,False,True,False,False,19.614198574257497,11.759873400612001,,0.0,0.0,0.0,0.0,0,1.0716624656543396,0.8797783681930317,False,False,False,False,0.3149922458750038,0.27198576668072333,False,False,False,False,6215873,1349944.8639185012,False,False,False,False,856976.7679107216,False,False,False,False
2022-03-18 00:00:00+00:00,12.5791452829,12.8471940408,12.4786269987,12.6557306423,6367043,,,,,,12.548260865931875,#000000,,12.548260865931875,,64.21595014108978,13.465613082472153,True,False,True,False,False,7.552012666593075,11.788401446992003,,0.0,0.0,0.0,0.0,0,1.0560330101906554,0.8905384120498923,False,False,False,False,0.13192578947396028,0.2019557780773418,False,False,False,False,-151170,1291077.6143530698,False,False,False,False,1073057.796620105,False,False,False,False
2022-03-21 00:00:00+00:00,12.6653038122,12.8089013611,12.5121330934,12.5887184528,2251303,,,,,,12.542816472451742,#000000,,12.542816472451742,,62.22553206088597,17.1197425658097,True,False,True,False,False,8.302874302701436,11.826502663298,,0.0,0.0,0.0,0.0,0,1.0757027888719097,0.8665938426549851,False,False,False,False,0.13145422191332792,0.16670499999533486,False,False,False,False,2100133,1322805.2765353024,False,False,False,False,1119263.490870297,False,False,False,False
2022-03-22 00:00:00+00:00,12.5121330934,12.6653038122,12.3781087144,12.6365843024,1255731,,,,,,12.53495867023929,#000000,,12.53495867023929,,60.26144731048258,15.075562140007321,True,False,False,False,False,6.6538800394703195,11.86115753843,,0.0,0.0,0.0,0.0,0,1.0759454832551354,0.8625030571158417,False,False,False,False,0.1041956564923225,0.1354503282438287,False,False,False,False,844402,1304044.3637299966,False,False,False,False,1124615.157894991,False,False,False,False
2022-03-23 00:00:00+00:00,12.7418891716,12.7667794134,12.3350294498,12.569572113,2567425,,,,,,12.530719443784292,#000000,,12.530719443784292,,59.11378146041709,13.84930762007535,False,False,False,False,False,8.663782787281537,11.894280706374,,0.0,0.0,0.0,0.0,0,1.0731494467910088,0.869182305928109,False,False,False,False,0.10991521913234469,0.1226827736880867,False,False,False,False,3411827,1386702.5063288203,False,False,False,False,1181195.936016756,False,False,False,False
2022-03-24 00:00:00+00:00,12.7323160017,12.8759135506,12.6365843024,12.7227428318,3052369,,,,,,12.540289847773911,#000000,,12.540289847773911,,58.15239792792335,12.805753509367996,False,False,False,False,False,8.559306270098002,11.91802216779,,0.0,0.0,0.0,0.0,0,1.0734859290520853,0.8835337001069379,False,False,False,False,0.1503646273124291,0.13652370050025792,False,False,False,False,359458,1346418.4080414155,False,False,False,False,1254575.2718592363,False,False,False,False
2022-03-25 00:00:00+00:00,12.6653038122,12.7391129524,12.564785528,12.6653038122,980526,,,,,,12.540839867758626,#000000,,12.540839867758626,,57.20353076656582,11.772260638683719,False,True,False,False,False,7.820566715592328,11.939657531822002,,0.0,0.0,0.0,0.0,0,1.0487566486413642,0.8950220484596151,False,False,False,False,0.12976648501600008,0.133145092758129,False,False,False,False,-621068,1269262.078314301,False,False,False,False,1243828.2415902466,False,False,False,False
2022-03-28 00:00:00+00:00,12.3589623746,12.5217062633,12.301523355,12.4929867536,1002748,,,,,,12.534464438080265,#000000,,12.534464438080265,,55.714154092834406,10.213331141888403,False,True,False,True,False,4.540296682454034,11.960335578862,,0.0,0.0,0.0,0.0,0,1.037131702010023,0.8986652744379068,False,False,False,False,0.08268792777512753,0.10791651026662827,False,False,False,False,-1623816,1155808.0360274657,False,False,False,False,1234374.1144690604,False,False,False,False
2022-03-29 00:00:00+00:00,12.435547734,12.4546940738,11.9856087475,12.1196331264,1287341,,,,,,12.46570568735052,#000000,,12.46570568735052,,54.67334268688987,9.1024145209499,False,True,False,True,False,5.24508732750197,11.985800210866,,0.0,0.0,0.0,0.0,0,1.0313705218812301,0.8897783970873612,False,False,False,False,0.045452612235805906,0.07668456125121709,False,False,False,False,-336475,1097287.1326538397,False,False,False,False,1236451.2472349796,False,False,False,False
2022-03-30 00:00:00+00:00,12.6308404005,12.7797210288,12.4579467676,12.4675519695,1552240,,,,,,12.511593473473566,#000000,,12.511593473473566,,54.26805558565658,8.608210090267903,False,True,False,True,False,7.014581754557991,12.018617037372001,,0.0,0.0,0.0,0.0,0,1.0594763573398651,0.8675019172748619,False,False,False,False,0.12325018593780063,0.09996737359450886,False,False,False,False,1215765,1101933.3235301597,False,False,False,False,1248835.1198924314,False,False,False,False
2022-03-31 00:00:00+00:00,12.6692612078,13.0486666799,12.5924195932,12.5924195932,2405060,,,,,,12.553089149511516,#000000,,12.553089149511516,,54.02369672448151,8.255757413028505,False,True,False,True,False,7.359041619726341,12.038416915332,,0.0,0.0,0.0,0.0,0,1.065885517294802,0.8826754707993203,False,False,False,False,0.16312437803825752,0.1315458758163832,False,False,False,False,3620825,1200713.389274075,False,False,False,False,1294177.2720535125,False,False,False,False
2022-04-01 00:00:00+00:00,13.0726796845,13.0918900881,12.5732091895,12.5828143914,1285980,,,,,,12.57485338556218,#000000,,12.57485338556218,,54.68464821479817,8.255757413028505,False,True,False,False,True,10.84191335404411,12.074326625564002,,0.0,0.0,0.0,0.0,0,1.0570133079226773,0.8842512800418615,False,False,False,False,0.16551289692240798,0.14852938636939558,False,False,False,False,4906805,1346050.3151848956,False,False,False,False,1293855.8104043554,False,False,False,False
2022-04-04 00:00:00+00:00,13.0054432717,13.1879421064,12.9382068589,13.0726796845,1256324,,,,,,12.599018780397326,#000000,,12.599018780397326,,55.04315318844396,8.255757413028505,False,True,False,False,True,10.096729780160192,12.112529412111998,,0.0,0.0,0.0,0.0,0,1.0842650881172005,0.855724702706116,False,False,False,False,0.2117711443775166,0.18015026537345608,False,False,False,False,3650481,1436420.1459619587,False,False,False,False,1292383.974702224,False,False,False,False
2022-04-05 00:00:00+00:00,12.7268924187,13.3800461429,12.7268924187,13.0726796845,1220338,,,,,,12.612734692724178,#000000,,12.612734692724178,,54.608592180019755,8.255757413028505,False,True,False,False,True,7.0844275727426975,12.145544108396,,0.0,0.0,0.0,0.0,0,1.087643360415728,0.8366489237874268,False,False,False,False,0.20982711892582667,0.19498869214964137,False,False,False,False,2430143,1475389.669649725,False,False,False,False,1289558.6423609601,False,False,False,False
2022-04-06 00:00:00+00:00,12.822944437,12.9141938543,12.6692612078,12.7364976206,795160,,,,,,12.615881347873902,#000000,,12.615881347873902,,54.4688957150299,8.212511707452862,False,True,False,False,True,7.919944036643173,12.182011552234,,0.0,0.0,0.0,0.0,0,1.0804157270867023,0.8580935226939554,False,False,False,False,0.15739939843136763,0.1761940452905045,False,False,False,False,3225303,1544013.721820324,False,False,False,False,1270170.4603075893,False,False,False,False
2022-04-07 00:00:00+00:00,13.0054432717,13.0102458726,12.7076820151,12.822944437,1030639,,,,,,12.623859325665453,#000000,,12.623859325665453,,54.75644194642585,8.212511707452862,False,True,True,False,True,9.482622676639256,12.229596045308002,,0.0,0.0,0.0,0.0,0,1.099764250219685,0.8522642612449622,False,False,False,False,0.1707742727957713,0.1734841590431379,False,False,False,False,4255942,1650363.85037639,False,False,False,False,1260777.0697072917,False,False,False,False
2022-04-08 00:00:00+00:00,13.2263629137,13.3128097301,13.0006406708,13.1207056936,650315,,,,,,12.635004554372404,#000000,,12.635004554372404,,55.45240313072463,8.212511707452862,False,True,True,False,True,11.315191386716837,12.287342833178,,0.0,0.0,0.0,0.0,0,1.1220865302972052,0.8167371999818797,False,False,False,False,0.23081068369078941,0.20214742136696368,False,False,False,False,4906257,1778045.934675355,False,False,False,False,1236837.3806991628,False,False,False,False
2022-04-11 00:00:00+00:00,13.2167577118,13.3992565465,12.986232868,13.3608357392,708277,,,,,,12.646815957146899,#000000,,12.646815957146899,,55.9937168796826,8.212511707452862,False,True,True,False,True,11.20821239652226,12.344131663416,,0.0,0.0,0.0,0.0,0,1.1273964638674119,0.799542222947965,False,False,False,False,0.232335703080785,0.21724156222387433,False,False,False,False,4197980,1872945.3097861256,False,False,False,False,1216109.522632529,False,False,False,False
2022-04-12 00:00:00+00:00,13.2263629137,13.4953085648,13.1783369045,13.3320201337,939242,,,,,,12.664391361188631,#000000,,12.664391361188631,,56.45760525297088,8.212511707452862,False,True,True,False,True,11.288787533167962,12.397091866323999,,0.0,0.0,0.0,0.0,0,1.1290474889631197,0.8059545382755628,False,False,False,False,0.260050863589288,0.23864621290658117,False,False,False,False,5137222,2000956.160382748,False,False,False,False,1205251.9727253711,False,False,False,False
2022-04-13 00:00:00+00:00,13.3608357392,13.5433345739,13.1111004918,13.264783721,873051,,,,,,12.680492928577806,#000000,,12.680492928577806,,57.13435233877879,8.212511707452862,False,True,True,False,True,12.418030671199062,12.451975672148,,0.0,0.0,0.0,0.0,0,1.114634695210001,0.81408514965043,False,False,False,False,0.25784988509418355,0.24824804900038236,False,False,False,False,6010273,2158184.2717402875,False,False,False,False,1192224.483598886,False,False,False,False
2022-04-14 00:00:00+00:00,13.5433345739,13.5481371748,13.2263629137,13.370440941,1169214,,,,,,12.703858247256083,#000000,,12.703858247256083,,58.07515435729816,8.212511707452862,False,True,True,False,True,13.917332512740018,12.508211893882,,0.0,0.0,0.0,0.0,0,1.1212942744502323,0.8196349627379864,False,False,False,False,0.27164707244537617,0.2599475607228793,False,False,False,False,7179487,2355098.1042210604,False,False,False,False,1191322.1116930475,False,False,False,False
2022-04-18 00:00:00+00:00,13.3032045283,13.7066230049,13.2839941246,13.6682021976,1137510,,,,,,12.865730697861412,#000000,,12.865730697861412,,58.06178511163424,8.212511707452862,False,True,True,False,True,11.146329741983298,12.561943075488,,0.0,0.0,0.0,0.0,0,1.1266416446371503,0.8075555265426885,False,False,False,False,0.2967426994547575,0.2783451300888184,False,False,False,False,6041977,2499681.590330038,False,False,False,False,1189211.832803124,False,False,False,False
2022-04-19 00:00:00+00:00,13.2839941246,13.370440941,13.1495212991,13.2551785191,697167,,,,,,12.860150824083831,#000000,,12.860150824083831,,57.98964533565264,8.212511707452862,False,True,True,False,False,10.927730933388908,12.615672975815999,,0.0,0.0,0.0,0.0,0,1.1179803592004374,0.8194494239802431,False,False,False,False,0.23482603500112811,0.25658558254497327,False,False,False,False,5344810,2611255.2534543504,False,False,False,False,1169915.9570069232,False,False,False,False
2022-04-20 00:00:00+00:00,13.6682021976,13.6682021976,13.1591265009,13.3032045283,770491,,,,,,12.878880803910723,"rgba(38, 166, 154, 0.5)",1.0073819332031397,12.878880803910723,0.7835373731386033,58.77073602985655,6.03824256799188,False,False,True,False,False,14.082426989569523,12.66866264807,,0.0,0.0,0.0,0.0,0,1.1140774404747986,0.8230240840901968,False,False,False,False,0.2634503365481042,0.2600179595465387,False,False,False,False,6115301,2748668.8121424154,False,False,False,False,1154252.23320273,False,False,False,False
2022-04-21 00:00:00+00:00,13.0342588772,13.591360583,12.8517600425,13.591360583,1085452,,,,,,12.87122673571354,#000000,1.0095873620568754,12.87122673571354,0.16148393652066617,57.60092538863559,6.03824256799188,False,True,True,False,False,7.262971778011721,12.703038088562,,0.0,0.0,0.0,0.0,0,1.0780208630363106,0.8413745032461706,False,False,False,False,0.2054170747759635,0.2327175171612511,False,False,False,False,5029849,2838126.8587250663,False,False,False,False,1151554.184841839,False,False,False,False
2022-04-22 00:00:00+00:00,12.7172872169,12.9845039317,12.6356430014,12.7461028224,892151,,,,,,12.848135301781742,#000000,1.0084341985880059,12.848135301781742,-0.12975371627117815,55.90397941404356,8.536161099792068,False,True,False,False,False,4.170779505175428,12.730882632448,,0.0,0.0,0.0,0.0,0,1.0553955915288986,0.8716707481982697,False,False,False,False,0.09080474342270425,0.1617611302919777,False,False,False,False,4137698,2889090.432892711,False,False,False,False,1141381.5109264727,False,False,False,False
2022-04-25 00:00:00+00:00,12.3042635384,12.4867623731,12.0353178873,12.3426843457,1131052,,,,,,12.79769991512733,#000000,1.0018004486924397,12.79769991512733,-0.49254956650435483,53.66776799226047,6.315214514481767,False,True,False,True,False,0.4022258555206655,12.755061824330001,,0.0,0.0,0.0,0.0,0,1.037214254557401,0.885869104586436,False,False,False,False,-0.08755791694397572,0.03710160667400099,False,False,False,False,3006646,2893700.4551322125,False,False,False,False,1140976.432066611,False,False,False,False
2022-04-26 00:00:00+00:00,11.99689708,12.3522895475,11.9488710709,12.2946583366,872025,,,,,,12.760751012565672,"rgba(239, 83, 80, 0.5)",0.9884608538914775,12.760751012565672,-0.7727710506272967,51.278939481065485,3.9839409109433745,False,True,False,True,False,0.0,12.762371736726003,,0.0,0.0,0.0,0.0,0,1.0319592292230106,0.9039822474329628,False,False,False,False,-0.15575153427470617,-0.05932496380035259,False,False,False,False,2134621,2863932.6333623216,False,False,False,False,1130429.3170836067,False,False,False,False
2022-04-27 00:00:00+00:00,11.7663722362,12.0353178873,11.7375566307,11.99689708,924427,,,,,,12.718080825426778,"rgba(239, 83, 80, 0.5)",0.9760383995566022,12.718080825426778,-0.9750728963728504,48.93472922936777,1.7296264276996496,False,True,False,True,False,0.0,12.759710177088,,0.0,0.0,0.0,0.0,0,0.9988297643986528,0.9312000080200655,False,False,False,False,-0.24229067327550563,-0.1508078185379291,False,False,False,False,1210194,2799080.137936348,False,False,False,False,1122350.794845034,False,False,False,False
2022-04-28 00:00:00+00:00,11.9584762727,11.9776866764,11.6607150161,11.7471618325,692570,,,,,,12.691176160688755,"rgba(239, 83, 80, 0.5)",0.9678108347789955,12.691176160688755,-0.7570693173279781,47.514718318402295,0.3970824445275625,False,True,False,True,False,0.0,12.763571185758002,,0.0,0.0,0.0,0.0,0,1.0054879849528668,0.9300340362961588,False,False,False,False,-0.2648483002875705,-0.2078280594127498,False,False,False,False,1902764,2763930.485468256,False,False,False,False,1105496.6460275818,False,False,False,False
2022-04-29 00:00:00+00:00,11.8143982453,12.1409751074,11.7855826398,12.0737386946,732811,,,,,,12.667252115191207,"rgba(239, 83, 80, 0.5)",0.9658247482818141,12.667252115191207,-0.8830317005320274,46.098703519967714,-0.9344273397025944,False,True,False,True,False,0.0,12.759189658722,,0.0,0.0,0.0,0.0,0,0.9984973231274804,0.9333798068682059,False,False,False,False,-0.2168020782490662,-0.212315068830908,False,False,False,False,1169953,2701421.5644695004,False,False,False,False,1090881.5226539513,False,False,False,False
2022-05-02 00:00:00+00:00,11.6222942088,11.6415046125,11.334138154,11.612689007,1213339,,,,,,12.61570764019395,"rgba(239, 83, 80, 1.0)",0.9654955809530319,12.61570764019395,-1.028915565220258,44.610341309159146,-2.3393583140846204,False,True,False,True,False,0.0,12.750583124158002,,0.0,0.0,0.0,0.0,0,0.9752330248039729,0.9570257257245406,False,False,False,False,-0.34282825441539394,-0.27757166162315094,False,False,False,False,-43386,2593782.0521373632,False,False,False,False,1095683.7766675218,False,False,False,False
2022-05-03 00:00:00+00:00,11.9008450618,12.0065022818,11.6222942088,11.6222942088,521000,,,,,,12.601713996394448,"rgba(239, 83, 80, 0.5)",0.9606404134129028,12.601713996394448,-0.7295851026134168,44.12996723291548,-2.768244870303036,False,True,False,True,False,0.0,12.752525655015999,,0.0,0.0,0.0,0.0,0,0.9993720145152499,0.9311862695226748,False,False,False,False,-0.23641588320660026,-0.2569937724148756,False,False,False,False,477614,2510795.069700604,False,False,False,False,1073147.1579746779,False,False,False,False
2022-05-04 00:00:00+00:00,12.160185511,12.1986063183,11.7663722362,11.9296606672,863674,,,,,,12.586087124345784,#000000,0.9527027737676241,12.586087124345784,-0.4470456317257108,44.37340419883267,-2.768244870303036,False,True,False,True,True,0.0,12.763292799430001,,0.0,0.0,0.0,0.0,0,1.0145340413952164,0.9185564431458787,False,False,False,False,-0.18376265258173158,-0.22037821249830358,False,False,False,False,1341288,2464932.0473594037,False,False,False,False,1064932.524328612,False,False,False,False
2022-05-05 00:00:00+00:00,11.7951878417,12.3426843457,11.5838734015,12.2946583366,813724,,,,,,12.569023066677648,"rgba(239, 83, 80, 0.5)",0.9430162501914706,12.569023066677648,-0.8205958538047751,43.89266413508251,-2.989761426977047,False,True,False,True,True,0.0,12.762164868893999,,0.0,0.0,0.0,0.0,0,1.0027702486943724,0.9116848562133236,False,False,False,False,-0.18972420524984293,-0.20505120887407324,False,False,False,False,527564,2388956.8298158976,False,False,False,False,1055081.2096490588,False,False,False,False
2022-05-06 00:00:00+00:00,11.6991358234,11.8528190526,11.5934786033,11.775977438,1018025,,,,,,12.543433067763692,"rgba(239, 83, 80, 0.5)",0.9428588722382646,12.543433067763692,-0.8954651318700573,43.32987032410754,-3.5686320678598378,False,True,False,True,True,0.0,12.761604922171998,,0.0,0.0,0.0,0.0,0,1.0069292638192548,0.9454960066790434,False,False,False,False,-0.265529189839238,-0.23529019935665563,False,False,False,False,-490461,2276038.4835486077,False,False,False,False,1053628.0249569388,False,False,False,False
2022-05-09 00:00:00+00:00,11.0363768975,11.5262421906,10.9835482874,11.4301901723,1372474,,,,,,12.491231023411432,"rgba(255, 0, 0, 1.0)",0.9465917048351175,12.491231023411432,-1.5369394412397117,41.831559840965596,-5.06603044481318,False,True,False,True,True,0.0,12.746258089744002,,0.0,0.0,0.0,0.0,0,0.9845703850353251,0.9347211831234654,False,False,False,False,-0.34282825441539394,-0.2890592268860248,False,False,False,False,-1862935,2113725.7979192506,False,False,False,False,1066131.7886841176,False,False,False,False
2022-05-10 00:00:00+00:00,10.8346676591,11.2188757321,10.6521688244,11.1900601267,1475232,,,,,,12.430096596065642,"rgba(255, 0, 0, 1.0)",0.9513132209601409,12.430096596065642,-1.6770805890360774,40.3312406721857,-6.5516253296591245,False,True,False,True,False,0.0,12.726302682352,,0.0,0.0,0.0,0.0,0,0.9596538654051011,0.9536778246990575,False,False,False,False,-0.34282825441539394,-0.3159437406507094,False,False,False,False,-3338167,1899926.08035379,False,False,False,False,1082174.9342259169,False,False,False,False
2022-05-11 00:00:00+00:00,10.8346676591,11.1996653285,10.7434182418,10.9595352829,1238093,,,,,,12.384549343393916,"rgba(255, 0, 0, 1.0)",0.9556883342821185,12.384549343393916,-1.6217438559173527,39.10370680682033,-7.76157784905859,False,True,False,True,False,0.0,12.691987520072,,0.0,0.0,0.0,0.0,0,0.9538522497276228,0.9829567877344928,False,False,False,False,-0.33317216470811273,-0.32455795267941107,False,False,False,False,-3338167,1694510.665437955,False,False,False,False,1088289.3681778417,False,False,False,False
2022-05-12 00:00:00+00:00,10.2007243386,10.7482208427,9.7732928574,10.623353219,1962079,,,,,,11.875464647303236,"rgba(255, 0, 0, 1.0)",0.9738893904202708,11.946157242079408,-1.7922290977276036,37.30010356999311,-9.528179251989812,False,True,False,True,False,0.0,12.642887393998,,0.0,0.0,0.0,0.0,0,0.8876156184586496,1.0062640752280803,False,False,False,False,-0.34282825441539394,-0.3336931035474025,False,False,False,False,-5300246,1420206.4824796037,True,False,False,False,1122555.6282492988,True,False,False,False
2022-05-13 00:00:00+00:00,10.2679607514,10.5369064025,10.0854619167,10.2295399441,1460040,,,,,,11.823746327062478,"rgba(255, 0, 0, 1.0)",0.9826587531779564,11.897591020935899,-1.6583887990267332,36.010404258275614,-10.780933270680208,False,True,False,True,False,0.0,12.590919801412,,0.0,0.0,0.0,0.0,0,0.889705996367802,1.0214061838902933,False,False,False,False,-0.3319742439554556,-0.332833673751429,False,False,False,False,-3840206,1213915.7968921685,False,False,False,False,1135790.3094944241,False,False,False,False
2022-05-16 00:00:00+00:00,10.3063815587,10.3640127697,10.1190801231,10.2679607514,947832,,,,,,11.78902972140408,"rgba(255, 0, 0, 1.0)",0.9835084904096507,11.865146954901363,-1.584902836529765,35.06479662633185,-11.700333611024142,False,True,False,True,False,0.0,12.534742576612,,0.0,0.0,0.0,0.0,0,0.8815019463414765,1.0403624739019095,False,False,False,False,-0.34282825441539394,-0.3378309640834115,False,False,False,False,-2892374,1052884.8244650248,False,False,False,False,1128419.3953966037,False,False,False,False
2022-05-17 00:00:00+00:00,10.4120387788,10.5417090034,10.2823685542,10.4600647879,717326,,,,,,11.770347882856626,"rgba(239, 83, 80, 1.0)",0.9826389285636453,11.847164451917665,-1.4604811914132436,34.59880278791768,-12.163468425716466,False,True,False,True,False,0.0,12.474934594258,,0.0,0.0,0.0,0.0,0,0.8851470649573515,1.048871390382449,False,False,False,False,-0.3066275765528361,-0.3222292703181238,False,False,False,False,-2175048,926299.223505612,False,False,False,False,1112298.0857732075,False,False,False,False
2022-05-18 00:00:00+00:00,10.2583555496,10.4120387788,10.1046723204,10.3255919624,1184027,,,,,,11.730127435875069,"rgba(255, 0, 0, 1.0)",0.9905121003517829,11.809415010398084,-1.5659167215092291,34.00365674788549,-12.770821563196648,False,True,False,True,False,0.0,12.413393191109998,,0.0,0.0,0.0,0.0,0,0.8696009999053156,1.0663657062215481,False,False,False,False,-0.3392218984703041,-0.33072558439421396,False,False,False,False,-3359075,758245.3323877449,False,False,False,False,1115110.9843703366,False,False,False,False
2022-05-19 00:00:00+00:00,10.9787456865,11.0651925029,10.4216439806,10.5465116044,1111500,,,,,,11.723416396941555,"rgba(239, 83, 80, 0.5)",0.9834861243818166,11.801068572934517,-0.8361306438882387,35.413137133995306,-12.770821563196648,False,True,False,True,True,0.0,12.364919346909998,,0.0,0.0,0.0,0.0,0,0.8897859521775934,1.0194931627548263,False,False,False,False,-0.2383498052582833,-0.28453769482624863,False,False,False,False,-2247575,640370.0252352844,False,False,False,False,1114969.3771401274,False,False,False,False
2022-05-20 00:00:00+00:00,10.9691404847,11.0747977048,10.8154572555,10.949930081,619824,,,,,,11.721759590784144,"rgba(239, 83, 80, 0.5)",0.9790076831272533,11.79832526365684,-0.8469645266809015,36.55015459314996,-12.770821563196648,False,True,False,True,True,0.0,12.307446082341999,,0.0,0.0,0.0,0.0,0,0.8777828207471858,1.0402506077656315,False,False,False,False,-0.19786975000321833,-0.24120372241473348,False,False,False,False,-2867399,502810.45561821444,False,False,False,False,1095551.9113699263,False,False,False,False
2022-05-23 00:00:00+00:00,11.170849723,11.2909147458,10.9883508883,11.1996653285,1036024,,,,,,11.724987454967593,"rgba(239, 83, 80, 0.5)",0.9687768151132292,11.799136152141505,-0.6485357817611195,37.95927472980645,-15.279948611915557,False,True,False,True,True,0.0,12.257070416916001,,0.0,0.0,0.0,0.0,0,0.8768743276892136,1.0267135333636044,False,False,False,False,-0.15257586869938994,-0.1968897955570617,False,False,False,False,-1831375,411273.77108416683,False,False,False,False,1093217.4834730665,False,False,False,False
2022-05-24 00:00:00+00:00,11.4301901723,11.4926239842,11.0267716956,11.2092705303,826425,,,,,,11.730602807356476,#000000,0.9545062400258497,11.802585884159255,-0.3901448688791914,39.696873340628045,-13.57147503827565,False,True,False,True,True,0.0,12.22298643759,,0.0,0.0,0.0,0.0,0,0.9082264373488663,1.00930733578754,False,False,False,False,-0.12822434762374166,-0.16255707159040167,False,False,False,False,-1004950,355735.58398282697,False,False,False,False,1082755.0331407895,False,False,False,False
2022-05-25 00:00:00+00:00,11.1132185121,11.2765069431,10.949930081,11.228480934,765284,,,,,,11.728570255744293,"rgba(239, 83, 80, 0.5)",0.9529347759334288,11.799503003100234,-0.7201799203182591,40.51966600912988,-12.764273946156997,False,False,False,False,True,0.0,12.179691074082,,0.0,0.0,0.0,0.0,0,0.9057818292595392,1.0047564475216364,False,False,False,False,-0.1579563931520366,-0.16025673237121912,False,False,False,False,-1770234,272364.2277482063,False,False,False,False,1070305.1887038958,False,False,False,False
2022-05-26 00:00:00+00:00,11.1036133102,11.1660471221,10.9115092737,10.9883508883,871747,,,,,,11.723790360466625,"rgba(239, 83, 80, 0.5)",0.9560222288750507,11.793885117757663,-0.7220248512107338,41.17507130020534,-12.10832059113131,False,False,False,False,True,0.0,12.134288972550001,,0.0,0.0,0.0,0.0,0,0.8919784313882771,1.0102952708306494,False,False,False,False,-0.17316967333719185,-0.1667132028542055,False,False,False,False,-2641981,158076.17960121785,False,False,False,False,1062518.5930684488,False,False,False,False
2022-05-27 00:00:00+00:00,11.1804549248,11.2380861358,10.9691404847,11.2092705303,724507,,,,,,11.721008254856901,"rgba(239, 83, 80, 0.5)",0.9580307493595943,11.790315160859363,-0.6365768911561878,41.897631454823085,-11.374159390439047,False,False,False,False,True,0.0,12.086402971942,,0.0,0.0,0.0,0.0,0,0.879866528144372,1.0252205768571332,False,False,False,False,-0.15639939861320215,-0.1615563007337038,False,False,False,False,-1917474,76682.05491097401,False,False,False,False,1049263.2364775294,False,False,False,False
2022-05-31 00:00:00+00:00,10.8250624573,11.3053225486,10.7194052372,11.1516393194,1020103,,,,,,11.710759918455553,"rgba(239, 83, 80, 0.5)",0.9628728693278762,11.779735756667192,-0.9914842652421936,41.814231012075645,-11.374159390439047,False,False,False,True,True,0.0,12.05132131543,,0.0,0.0,0.0,0.0,0,0.8935002084982464,1.0131002176106227,False,False,False,False,-0.17542333811730978,-0.16848981942550678,False,False,False,False,-2937577,-41524.18253651516,False,False,False,False,1048119.6977921361,False,False,False,False
2022-06-01 00:00:00+00:00,10.9691404847,11.0459820993,10.78664165,10.9019040719,667829,,,,,,11.703704235548532,"rgba(239, 83, 80, 0.5)",0.9714522933540141,11.772525803468334,-0.8269941038427973,42.10770173068495,-11.068872391199832,True,False,False,True,True,0.0,12.01739804888,,0.0,0.0,0.0,0.0,0,0.8949142464835413,1.023632106089471,False,False,False,False,-0.1955855329310478,-0.1820376761782773,False,False,False,False,-2269748,-128905.50871155379,False,False,False,False,1033206.3370944053,False,False,False,False
2022-06-02 00:00:00+00:00,11.5166369887,11.5742681997,11.0459820993,11.0459820993,743676,,,,,,11.544311851348116,#000000,0.9741772602790442,11.716790856342666,-0.20545939204671362,43.58129835012839,-9.562678704602547,True,False,False,False,True,0.0,11.997488126786,,0.0,0.0,0.0,0.0,0,0.9113023327178468,0.9882159250710887,False,False,False,False,-0.11373512853387634,-0.1478864023560768,False,False,False,False,-1526072,-183696.35150717915,False,False,False,False,1021852.2062279581,False,False,False,False
2022-06-03 00:00:00+00:00,11.3053225486,11.5694655988,11.2476913376,11.391769365,530040,,,,,,11.545677573853512,#000000,0.9785043913894896,11.716565172876516,-0.4202767283369533,44.36170404785457,-8.747841782866232,True,False,False,False,True,0.0,11.968756794326,,0.0,0.0,0.0,0.0,0,0.9223664287978119,0.9931579079923699,False,False,False,False,-0.09354870090748718,-0.120717551631782,False,False,False,False,-2056112,-257124.41615395644,False,False,False,False,1002565.453042548,False,False,False,False
2022-06-06 00:00:00+00:00,11.3053225486,11.4878213833,11.1996653285,11.391769365,560346,,,,,,11.54384100772921,#000000,0.9838950315549354,11.713927165343447,-0.41529289572455125,45.00021780053963,-8.06949869300631,True,False,False,False,True,0.0,11.940216925264002,,0.0,0.0,0.0,0.0,0,0.9061258656346356,1.0021337926024234,False,False,False,False,-0.10683263872979953,-0.11377509518079076,False,False,False,False,-2056112,-327672.9488538013,False,False,False,False,985223.5137075462,False,False,False,False
2022-06-07 00:00:00+00:00,11.3437433559,11.391769365,11.2092705303,11.2380861358,404493,,,,,,11.542512676982236,#000000,0.9887431400694934,11.71201167460618,-0.372461060696003,45.61123657260074,-7.413851556059932,True,False,True,False,True,0.0,11.913785716138,,0.0,0.0,0.0,0.0,0,0.9099836733194284,1.000219889468284,False,False,False,False,-0.11570922371231894,-0.11474215944655486,False,False,False,False,-1651619,-379592.4018399267,False,False,False,False,962449.7680719561,False,False,False,False
2022-06-08 00:00:00+00:00,11.2669017413,11.4301901723,11.1421301696,11.2957173467,628163,,,,,,11.53914604191471,#000000,0.9935279642205987,11.708057763192459,-0.44402979863635367,45.94099021880972,-7.027590662393543,True,False,False,False,True,0.0,11.891944503472,,0.0,0.0,0.0,0.0,0,0.9216092970608134,0.9949328487125552,False,False,False,False,-0.11866217618073817,-0.1167021678136465,False,False,False,False,-2279782,-454109.640983459,False,False,False,False,949340.4830495266,False,False,False,False
2022-06-09 00:00:00+00:00,10.8634832646,11.170849723,10.8298650582,11.1516393194,913202,,,,,,11.513160759490765,"rgba(239, 83, 80, 0.5)",1.0031540035473263,11.686433258967506,-0.8203625679181992,45.375584543950154,-7.027590662393543,True,False,False,False,False,0.0,11.860503214083998,,0.0,0.0,0.0,0.0,0,0.917130527416174,0.9994681962551565,False,False,False,False,-0.17793558124564227,-0.14731887452964437,False,False,False,False,-3192984,-561516.4785919508,False,False,False,False,947923.2876358198,False,False,False,False
2022-06-10 00:00:00+00:00,11.2765069431,11.3677563604,10.565722008,10.7098000354,913096,,,,,,11.501443902655495,#000000,1.0078490926860462,11.67535360910579,-0.39574046243650696,45.89792070647016,-6.951354334584536,True,False,False,False,False,0.0,11.833416544935998,,0.0,0.0,0.0,0.0,0,0.8859001149010592,1.0061313493041077,False,False,False,False,-0.18498180803641995,-0.16615034128303216,False,False,False,False,-2279888,-628903.5970785411,False,False,False,False,946557.5116501013,False,False,False,False
2022-06-13 00:00:00+00:00,10.6425636226,10.9979560902,10.5273012007,10.9115092737,1800907,,,,,,11.45136475147792,"rgba(239, 83, 80, 0.5)",1.0219381751725576,11.632641582158508,-0.968823734754139,45.15776379528141,-6.951354334584536,True,False,False,True,False,0.0,11.792882593232001,,0.0,0.0,0.0,0.0,0,0.8668499314882867,1.0224645325706514,False,False,False,False,-0.22818206507238367,-0.19716620317770792,False,False,False,False,-4080795,-764271.8873891865,False,False,False,False,980061.4131540189,False,False,False,False
2022-06-14 00:00:00+00:00,10.5369064025,10.6905896317,10.4408543843,10.623353219,1102798,,,,,,11.41927652803983,"rgba(239, 83, 80, 1.0)",1.038133807246042,11.605085518279784,-1.0289416531125661,44.378193385275814,-6.951354334584536,True,False,False,True,False,0.0,11.742167127592,,0.0,0.0,0.0,0.0,0,0.8620955554833155,1.0389188518540384,False,False,False,False,-0.2706650362757886,-0.23391561972674824,False,False,False,False,-5183593,-937578.5976876498,False,False,False,False,984874.612638175,False,False,False,False
2022-06-15 00:00:00+00:00,10.6617740263,10.844272861,10.4120387788,10.8058520536,1314596,,,,,,11.391632927465654,"rgba(239, 83, 80, 0.5)",1.0514798396276135,11.580237617502913,-0.8734961495107614,44.03868017369305,-6.951354334584536,True,False,False,True,False,0.0,11.695293742684001,,0.0,0.0,0.0,0.0,0,0.8452289396950685,1.0359570905673505,False,False,False,False,-0.25709815068095304,-0.24550688520385064,False,False,False,False,-3868997,-1052536.1820920557,False,False,False,False,997804.8631229525,False,False,False,False
2022-06-16 00:00:00+00:00,10.9115092737,10.9931534892,10.4888803934,10.5080907971,1283535,,,,,,11.376050791892135,"rgba(239, 83, 80, 0.5)",1.05942931735892,11.564792210089971,-0.6166366417143878,44.3393183830659,-6.951354334584536,True,False,False,True,False,0.0,11.658986079783999,,0.0,0.0,0.0,0.0,0,0.8574418470829889,1.0381948592801031,False,False,False,False,-0.23280288464622978,-0.23915488492504022,False,False,False,False,-2585462,-1112650.92004923,False,False,False,False,1009009.9665298956,False,False,False,False
2022-06-17 00:00:00+00:00,10.7001948336,10.9259170765,10.6473662235,10.8730884664,3440180,,,,,,11.335826805683459,"rgba(239, 83, 80, 0.5)",1.0695549762977732,11.52463444614767,-0.7708249045798841,44.19402232487965,-6.951354334584536,True,False,False,True,False,0.0,11.616531087715998,,0.0,0.0,0.0,0.0,0,0.8676026843428787,1.019801280327661,False,False,False,False,-0.22305902231786937,-0.23110695362145478,False,False,False,False,-6025642,-1305317.2369100447,False,False,False,False,1104349.9678424487,False,False,False,False
2022-06-21 00:00:00+00:00,10.7770364482,10.949930081,10.6137480171,10.6617740263,968047,,,,,,11.326561567421567,"rgba(239, 83, 80, 0.5)",1.0757979854076885,11.514984753371646,-0.6859543475460125,44.257426008230226,-6.951354334584536,True,False,False,True,False,0.0,11.571962951246,,0.0,0.0,0.0,0.0,0,0.8644987406130764,1.0230790607899556,False,False,False,False,-0.22408270165754676,-0.22759482763950079,False,False,False,False,-5057595,-1452465.3844821998,False,False,False,False,1099004.753417255,False,False,False,False
2022-06-22 00:00:00+00:00,10.5753272098,10.9787456865,10.5273012007,10.7770364482,1373723,,,,,,11.310684084707173,"rgba(239, 83, 80, 0.5)",1.0816122487496158,11.499129494500327,-0.8540974695583168,43.92952051907105,-6.951354334584536,True,False,False,True,False,0.0,11.518942237168,,0.0,0.0,0.0,0.0,0,0.8480466712470119,1.0354242183913014,False,False,False,False,-0.23023456908090684,-0.2289146983602038,False,False,False,False,-6431318,-1647714.5066593685,False,False,False,False,1109778.0179891274,False,False,False,False
2022-06-23 00:00:00+00:00,10.1430931277,10.623353219,10.0374359076,10.5273012007,1613020,,,,,,11.274747971001721,"rgba(239, 83, 80, 1.0)",1.0903964229874843,11.466578367959215,-1.2137652071831917,42.92100501110286,-4.756802193918354,True,False,False,True,False,0.0,11.457468945486001,,0.0,0.0,0.0,0.0,0,0.8277096225642308,1.05515135965369,False,False,False,False,-0.3227350387216865,-0.2758248685409452,False,False,False,False,-8044338,-1898562.4867903737,False,False,False,False,1129512.9976758284,False,False,False,False
2022-06-24 00:00:00+00:00,10.3640127697,10.402433577,10.0576068314,10.1526983295,976350,,,,,,11.254825182528398,"rgba(239, 83, 80, 0.5)",1.0940028655837843,11.44829209587753,-0.9911119616665119,42.646967985832546,-5.094726677434757,False,False,False,True,False,0.0,11.400221942606002,,0.0,0.0,0.0,0.0,0,0.820152102809598,1.069414825471048,False,False,False,False,-0.34282825441539394,-0.30932656147816956,False,False,False,False,-7067988,-2101285.0559358494,False,False,False,False,1123506.6056101096,False,False,False,False
2022-06-27 00:00:00+00:00,10.3640127697,10.4504595861,10.2199347423,10.3640127697,1274714,,,,,,11.232652385712612,"rgba(239, 83, 80, 0.5)",1.094922905320428,11.427481501492961,-0.9712727047953553,42.422755874247756,-5.386544320218675,False,False,False,True,False,0.0,11.340285483215998,,0.0,0.0,0.0,0.0,0,0.8289726876971761,1.0700537830077432,False,False,False,False,-0.3191531474884637,-0.3142398544833166,False,False,False,False,-7067988,-2296057.7204089537,False,False,False,False,1129436.3073508898,False,False,False,False
2022-06-28 00:00:00+00:00,10.1911191368,10.4696699898,10.1623035313,10.4216439806,837212,,,,,,11.217424682034101,"rgba(239, 83, 80, 1.0)",1.0879686280775238,11.413253565006903,-1.1233177103336656,41.929604404794574,-5.941568723914884,False,True,False,True,False,0.0,11.273241174473998,,0.0,0.0,0.0,0.0,0,0.8209650465521162,1.0694419467643623,False,False,False,False,-0.32345091497031164,-0.3188453847268141,False,False,False,False,-7905200,-2516024.084314485,False,False,False,False,1117976.5305920313,False,False,False,False
2022-06-29 00:00:00+00:00,10.2225492782,10.3286323368,10.0103831611,10.2707688503,929391,,,,,,11.19933330502562,"rgba(239, 83, 80, 1.0)",1.0819054779155837,11.396470839426785,-1.0850500207175955,41.61195489064981,-6.321094098085062,False,True,False,True,False,0.0,11.211628069472,,0.0,0.0,0.0,0.0,0,0.8104926799571515,1.0835176486321054,False,False,False,False,-0.34282825441539394,-0.330836819571104,False,False,False,False,-6975809,-2690917.6104197996,False,False,False,False,1110581.0195884223,False,False,False,False
2022-06-30 00:00:00+00:00,9.7403535576,10.1550418773,9.7065998571,10.1164662197,1309992,,,,,,11.165631368231406,"rgba(239, 83, 80, 1.0)",1.0959138062346299,11.36605611515263,-1.4834219153952088,40.52985167644869,-7.441523172593385,False,True,False,True,False,0.0,11.140755258132002,,0.0,0.0,0.0,0.0,0,0.8023029085233342,1.071985484794868,False,False,False,False,-0.34282825441539394,-0.336832536993249,False,False,False,False,-8285801,-2910324.802168043,False,False,False,False,1118401.058035935,False,False,False,False
2022-07-01 00:00:00+00:00,10.0489588188,10.1453979629,9.470323954,9.5667630981,1050761,,,,,,11.140636232601565,"rgba(239, 83, 80, 1.0)",1.0983924828565335,11.343267435396852,-1.1783662368398682,40.47102864259148,-7.5499117137933,False,True,False,True,False,0.0,11.068370390556,,0.0,0.0,0.0,0.0,0,0.7927293567657633,1.0852611397817513,False,False,False,False,-0.34282825441539394,-0.3398303957043215,False,False,False,False,-7235040,-3079921.4765928257,False,False,False,False,1115748.5067404083,False,False,False,False
2022-07-05 00:00:00+00:00,9.4992556972,9.913944017,9.2822676229,9.8850122738,1509326,,,,,,11.096451678054745,"rgba(255, 0, 0, 1.0)",1.1098657991197447,11.303624684471613,-1.6257542026276428,39.56564273104664,-8.488074705375539,False,True,False,True,False,0.0,10.997670326956001,,0.0,0.0,0.0,0.0,0,0.7950181846097846,1.0897951541552149,False,False,False,False,-0.34282825441539394,-0.3413293250598577,False,False,False,False,-8744366,-3302056.5559421265,False,False,False,False,1131182.9182407844,False,False,False,False
2022-07-06 00:00:00+00:00,9.4896117828,9.658380285,9.214760222,9.5185435261,1225567,,,,,,11.059987493262545,"rgba(255, 0, 0, 1.0)",1.1144915002056242,11.270846535456801,-1.5982488447226038,38.810889306548496,-9.266197787604796,False,True,False,True,False,0.0,10.933116818274002,,0.0,0.0,0.0,0.0,0,0.8043477597302907,1.0760616958708755,False,False,False,False,-0.34282825441539394,-0.34207878973762584,False,False,False,False,-9969933,-3563541.9066894944,False,False,False,False,1134884.2547803614,False,False,False,False
2022-07-07 00:00:00+00:00,9.6149826702,9.8416146589,9.5281874405,9.5378313549,741985,,,,,,11.041984995490777,"rgba(239, 83, 80, 1.0)",1.1316583846338892,11.25433128069247,-1.4486249850239283,38.53245401277224,-9.574438574388445,False,True,False,True,False,0.0,10.87933120091,,0.0,0.0,0.0,0.0,0,0.8382600103479753,1.0548977677920932,False,False,False,False,-0.2764435009452979,-0.3092611453414619,False,False,False,False,-9227948,-3785675.478976181,False,False,False,False,1119476.440867406,False,False,False,False
2022-07-08 00:00:00+00:00,9.6149826702,9.7451755148,9.3931726387,9.6149826702,836125,,,,,,11.021088419790924,"rgba(239, 83, 80, 1.0)",1.1460688388528317,11.235189340063187,-1.4137079858876083,38.3046433178644,-9.83848847191343,False,True,False,True,False,0.0,10.831692912713999,,0.0,0.0,0.0,0.0,0,0.8356589264598009,1.053287700596137,False,False,False,False,-0.3047177001868533,-0.3069894227641576,False,False,False,False,-9227948,-3999097.9307810366,False,False,False,False,1108364.6196569195,False,False,False,False
2022-07-11 00:00:00+00:00,9.5860509269,9.749997472,9.4606800396,9.4799678684,613996,,,,,,11.006376732292285,"rgba(239, 83, 80, 1.0)",1.161468781403028,11.221641259733103,-1.4082086053637584,38.068297889675335,-10.115665973478926,False,True,False,True,False,0.0,10.788086486528,,0.0,0.0,0.0,0.0,0,0.8483498237389698,1.0385882157024469,False,False,False,False,-0.29447537266405405,-0.3007323977141058,False,False,False,False,-9841944,-4228229.14918178,False,False,False,False,1088977.6149644912,False,False,False,False
2022-07-12 00:00:00+00:00,9.4510361252,9.6535583278,9.3449530666,9.5185435261,882694,,,,,,10.9839044137209,"rgba(239, 83, 80, 1.0)",1.1751919445651364,11.201040265998992,-1.489121967600414,37.63922104519576,-10.583104853427486,False,True,False,True,False,0.0,10.737937683578,,0.0,0.0,0.0,0.0,0,0.8465123177079056,1.040378892035322,False,False,False,False,-0.32469893879157635,-0.3127156682528411,False,False,False,False,-10724638,-4482990.280586416,False,False,False,False,1080888.061436472,False,False,False,False
2022-07-13 00:00:00+00:00,9.7885731296,9.913944017,9.354596981,9.354596981,750045,,,,,,10.968289630529652,"rgba(239, 83, 80, 1.0)",1.1804265547921418,11.186412696983913,-1.1841817364317557,38.27735674299058,-10.583104853427486,False,True,False,True,True,0.0,10.697421181263998,,0.0,0.0,0.0,0.0,0,0.842707574481503,1.035603298766948,False,False,False,False,-0.286324628436221,-0.299520148344531,False,False,False,False,-9974593,-4698347.249975184,False,False,False,False,1067913.823733081,False,False,False,False
2022-07-14 00:00:00+00:00,9.4799678684,9.5281874405,9.1327869495,9.4317482963,1113319,,,,,,10.9396711074338,"rgba(239, 83, 80, 1.0)",1.1913859050256108,11.160130813818794,-1.41025921016136,38.23458691985067,-10.583104853427486,False,True,False,True,True,0.0,10.654574654455999,,0.0,0.0,0.0,0.0,0,0.8373817033714844,1.0262719141706647,False,False,False,False,-0.34282825441539394,-0.32117420137996244,False,False,False,False,-11087912,-4948918.416642824,False,False,False,False,1069694.4188808035,False,False,False,False
2022-07-15 00:00:00+00:00,9.3835287243,9.5571191837,9.2340480509,9.5571191837,815805,,,,,,10.919632455258238,"rgba(239, 83, 80, 1.0)",1.2068858147982768,11.141622495379314,-1.456719226891542,38.031515753230686,-10.583104853427486,False,True,False,True,True,0.0,10.604228327706,,0.0,0.0,0.0,0.0,0,0.8285035196534352,1.0415023635827019,False,False,False,False,-0.3247544216976266,-0.3229643115387945,False,False,False,False,-11903717,-5221655.615990165,False,False,False,False,1059737.9710815563,False,False,False,False
2022-07-18 00:00:00+00:00,9.5571191837,9.7211621679,9.5378313549,9.5571191837,748374,,,,,,10.904627707415193,"rgba(239, 83, 80, 1.0)",1.216456809346495,11.127455599330654,-1.2909101281403248,38.36994077305384,-10.583104853427486,False,True,False,True,True,0.0,10.55216700116,,0.0,0.0,0.0,0.0,0,0.828013353633511,1.035961776076715,False,False,False,False,-0.2607992505988632,-0.2918817810688289,False,False,False,False,-11155343,-5454349.238892511,False,False,False,False,1047527.6192744365,False,False,False,False
2022-07-19 00:00:00+00:00,9.7307096431,9.8560805305,9.5764070125,9.6149826702,733484,,,,,,10.891793561739519,"rgba(239, 83, 80, 1.0)",1.2188762833542996,11.115132146680443,-1.135818722939268,39.13327423066681,-10.583104853427486,False,True,False,True,True,0.0,10.510877437188,,0.0,0.0,0.0,0.0,0,0.8336895363944616,1.0362582566354868,False,False,False,False,-0.22743352358548624,-0.25965765232715754,False,False,False,False,-10421859,-5649153.543249669,False,False,False,False,1035212.1832244586,False,False,False,False
2022-07-20 00:00:00+00:00,9.3256652378,9.798217044,9.3160213234,9.6728461567,650770,,,,,,10.877962692470007,"rgba(239, 83, 80, 1.0)",1.2268889525906432,11.102140194838936,-1.4479508950568127,38.99315748789161,-10.583104853427486,False,True,False,True,True,0.0,10.463408025476001,,0.0,0.0,0.0,0.0,0,0.8230239868522103,1.0161072938112994,False,False,False,False,-0.2639880362756615,-0.2618228443014095,False,False,False,False,-11072629,-5861838.855279094,False,False,False,False,1020136.0191764407,False,False,False,False
2022-07-21 00:00:00+00:00,9.3353091522,9.3835287243,9.1617186928,9.3160213234,1150461,,,,,,10.85064307468134,"rgba(239, 83, 80, 1.0)",1.2253699500084412,11.076734742942579,-1.4211427256973144,38.90627415391758,-10.583104853427486,False,True,False,True,True,0.0,10.42938667057,,0.0,0.0,0.0,0.0,0,0.8420754037809578,1.0287075472247291,False,False,False,False,-0.34282825441539394,-0.3023255493584017,False,False,False,False,-9922168,-6021067.449189717,False,False,False,False,1025246.8027381488,False,False,False,False
2022-07-22 00:00:00+00:00,9.1424308639,9.634270499,9.1327869495,9.3738848099,1430662,,,,,,10.81838101611273,"rgba(255, 0, 0, 1.0)",1.2271796436574864,11.04653519389397,-1.5516101003101528,38.487213098441885,-10.583104853427486,False,True,False,True,False,0.0,10.395541934666001,,0.0,0.0,0.0,0.0,0,0.8558039642390181,1.0025689657786439,False,False,False,False,-0.3048348138929031,-0.3035801816256524,False,False,False,False,-11352830,-6230156.176672473,False,False,False,False,1041145.4379248881,False,False,False,False
2022-07-25 00:00:00+00:00,9.1038552063,9.1520747783,8.9206208324,9.0942112919,992472,,,,,,10.297302339055776,"rgba(239, 83, 80, 1.0)",1.2331959037746583,10.777483543635705,-1.3571471752484243,38.07525873525408,-10.583104853427486,False,True,False,True,False,0.0,10.36092568561,,0.0,0.0,0.0,0.0,0,0.8398541967282234,1.0245852330072067,True,False,False,False,-0.34282825441539394,-0.3232042180205232,False,False,False,False,-12345302,-6469965.816802964,False,False,False,False,1039236.6756533239,False,False,False,False
2022-07-26 00:00:00+00:00,9.3931726387,9.4124604675,9.0942112919,9.0942112919,800418,,,,,,10.305264850772726,"rgba(239, 83, 80, 1.0)",1.2298638594911273,10.777034871591175,-1.1252157888953391,38.61886517556031,-10.583104853427486,False,True,False,True,True,0.0,10.344774651612,,0.0,0.0,0.0,0.0,0,0.8945575985922132,0.9946963388351169,False,False,False,False,-0.27646451805931327,-0.29983436803991825,False,False,False,False,-11544884,-6668982.216144023,False,False,False,False,1029871.2373924092,False,False,False,False
2022-07-27 00:00:00+00:00,9.6921339855,9.7162437715,9.2678017513,9.4317482963,950878,,,,,,10.320236086651445,"rgba(239, 83, 80, 0.5)",1.2161636750629816,10.780764125348792,-0.8951345630286279,39.883353574197365,-11.55241884723086,False,False,False,True,True,0.0,10.333258116294001,,0.0,0.0,0.0,0.0,0,0.8877186176148287,0.9693329504239908,False,False,False,False,-0.20609159901205718,-0.25296298352598773,False,False,False,False,-10594006,-6822904.7174717095,False,False,False,False,1026773.4633770207,False,False,False,False
2022-07-28 00:00:00+00:00,10.0103831611,10.1646857918,9.8078609585,9.9718075035,813256,,,,,,10.346565249680287,"rgba(239, 83, 80, 0.5)",1.1913488914640407,10.79351427561658,-0.6573482546781033,41.70122536435157,-9.778481935476066,True,False,False,False,True,0.0,10.327338148342001,,0.0,0.0,0.0,0.0,0,0.9079879976573813,0.9427054516374852,False,False,False,False,-0.06580735702322096,-0.15938517027460436,False,False,False,False,-9780750,-6938898.650119878,False,False,False,False,1018400.2295190983,False,False,False,False
2022-07-29 00:00:00+00:00,10.077890562,10.1791516634,9.8079573976,10.0875344764,582382,,,,,,10.358844784648252,"rgba(239, 83, 80, 0.5)",1.1640243398696806,10.798611071429594,-0.6191627483582367,43.34726338728568,-8.202615231735237,True,False,True,False,True,0.0,10.320655184006,,0.0,0.0,0.0,0.0,0,0.9005832087421215,0.9509208865688441,False,False,False,False,-0.06377308398727265,-0.11157912713093851,False,False,False,False,-9198368,-7027505.291291648,False,False,False,False,1001301.4754203102,False,False,False,False
2022-08-01 00:00:00+00:00,10.0586027332,10.1839736206,9.9573416319,10.1453979629,377084,,,,,,10.365633999016824,"rgba(239, 83, 80, 0.5)",1.1343789460320723,10.801247156459992,-0.6546704924819665,44.6458091821886,-6.9843657930357494,True,False,True,False,True,0.0,10.316660127677999,,0.0,0.0,0.0,0.0,0,0.9160953098126378,0.9441893602987851,False,False,False,False,-0.04226035247752779,-0.07691973980423315,False,False,False,False,-9575452,-7127424.770064524,False,False,False,False,976822.3587371608,False,False,False,False
2022-08-02 00:00:00+00:00,9.8657244449,10.2466590643,9.8657244449,10.0682466476,439746,,,,,,10.370142505113986,"rgba(239, 83, 80, 0.5)",1.1000908918199512,10.802108214119553,-0.8511876392962705,45.22846353469913,-6.467929369873069,True,False,True,False,True,0.0,10.294399702845999,,0.0,0.0,0.0,0.0,0,0.9021427148715125,0.9794773269343492,False,False,False,False,-0.046292935493289986,-0.06160633764876157,False,False,False,False,-10015198,-7240670.779081602,False,False,False,False,955760.5407474682,False,False,False,False
2022-08-03 00:00:00+00:00,9.7017778999,9.8946561882,9.6005167986,9.8946561882,515635,,,,,,10.367311580760582,"rgba(239, 83, 80, 1.0)",1.0582762617336745,10.797672964758302,-1.0355472427048495,45.31547471179605,-6.420201121815097,True,False,True,False,True,0.0,10.269052451149998,,0.0,0.0,0.0,0.0,0,0.8696494595049573,0.9974345405753076,False,False,False,False,-0.13289668284526504,-0.09725151024701331,False,False,False,False,-10530833,-7369696.748529382,False,False,False,False,938500.7156201166,False,False,False,False
2022-08-04 00:00:00+00:00,10.02967099,10.193617535,9.7403535576,9.798217044,604323,,,,,,10.370732916598584,"rgba(239, 83, 80, 0.5)",1.017331361118041,10.797158748374823,-0.7544127584264767,46.23950082212827,-5.5383582089782735,True,False,True,False,True,0.0,10.24622887649,,0.0,0.0,0.0,0.0,0,0.8681625594756164,0.9924326698498935,False,False,False,False,-0.07119883447817307,-0.08422517236259319,False,False,False,False,-9926510,-7469963.934861563,False,False,False,False,925395.7071644258,False,False,False,False
2022-08-05 00:00:00+00:00,9.9621635891,9.9621635891,9.6921339855,9.8078609585,607187,,,,,,10.36993069549904,"rgba(239, 83, 80, 0.5)",0.9739963602612506,10.793815668756718,-0.8538554286113024,46.82665186673654,-4.9852114953684605,True,False,True,False,True,0.0,10.216868344826,,0.0,0.0,0.0,0.0,0,0.8597018607553479,1.010469652058859,False,False,False,False,-0.11043075203505615,-0.09732796219882467,False,False,False,False,-10533697,-7590110.329572874,False,False,False,False,912916.9343344483,False,False,False,False
2022-08-08 00:00:00+00:00,10.1550418773,10.2948786363,10.0875344764,10.1357540485,408598,,,,,,10.374219188110143,"rgba(239, 83, 80, 0.5)",0.9086696635553699,10.794957070046294,-0.7042330325439554,47.79080212256641,-4.05941062170119,True,False,True,False,True,0.0,10.197704812129999,,0.0,0.0,0.0,0.0,0,0.8836094814528012,0.9971055533883698,False,False,False,False,-0.00869641202318658,-0.053012187111005624,False,False,False,False,-10125099,-7689521.649981781,False,False,False,False,893139.7212232935,False,False,False,False
2022-08-09 00:00:00+00:00,10.1550418773,10.2504201909,10.0248490328,10.193617535,537992,,,,,,10.37820849722922,"rgba(239, 83, 80, 0.5)",0.8638487624423913,10.795384117819218,-0.741266606331361,48.57965233188176,-3.306786790774325,True,False,True,False,True,0.0,10.178733383472,,0.0,0.0,0.0,0.0,0,0.8822305875985517,0.9938082519395138,False,False,False,False,-0.023605316469139537,-0.03830875179007258,False,False,False,False,-10125099,-7785034.487237398,False,False,False,False,879212.3596066937,False,False,False,False
2022-08-10 00:00:00+00:00,9.9814514179,10.3768519088,9.9332318458,10.2225492782,1016830,,,,,,10.193158874196092,"rgba(239, 83, 80, 0.5)",0.8283197806847403,10.716411871394582,-0.887290718672706,48.74973184852671,-3.1522886348968413,True,False,True,False,True,0.0,10.154753313334,,0.0,0.0,0.0,0.0,0,0.8758657554565566,0.9911712899273875,False,False,False,False,-0.018760099170703343,-0.02853442548038796,False,False,False,False,-11141929,-7916677.40930652,False,False,False,False,884609.129818196,False,False,False,False
2022-08-11 00:00:00+00:00,10.0489588188,10.2611249359,9.9814514179,10.0875344764,542243,,,,,,10.195624543209643,"rgba(239, 83, 80, 0.5)",0.8031529187238431,10.715298978796724,-0.829655404920268,49.07404572015486,-2.83130487680495,True,False,True,False,True,0.0,10.139231240564,,0.0,0.0,0.0,0.0,0,0.8889210580347269,1.0002247213989552,False,False,False,False,-0.0281562622900679,-0.02834534388522793,False,False,False,False,-10599686,-8021893.43247097,False,False,False,False,871183.0070802275,False,False,False,False
2022-08-12 00:00:00+00:00,10.2032614494,10.2707688503,10.0586027332,10.0586027332,480905,,,,,,10.202461220562105,"rgba(239, 83, 80, 0.5)",0.7840930955402655,10.717056232153752,-0.6552726783032455,49.75679791159845,-2.152679137099433,True,False,True,False,True,0.0,10.123913659858,,0.0,0.0,0.0,0.0,0,0.8887249211259828,0.9862047819635807,False,False,False,False,-0.016076161869582273,-0.0222107528774051,False,False,False,False,-10118781,-8104124.317472109,False,False,False,False,855877.9871947283,False,False,False,False
2022-08-15 00:00:00+00:00,10.02967099,10.0875344764,9.8657244449,9.9718075035,394439,,,,,,10.19859158647624,"rgba(239, 83, 80, 0.5)",0.7706420003169591,10.712979467443411,-0.8866743275896873,49.81370106523599,-2.081730733491881,True,False,True,False,True,0.0,10.094174339884,,0.0,0.0,0.0,0.0,0,0.8621568828467793,1.0203249459236752,False,False,False,False,-0.06850259873880542,-0.04535667580810526,False,False,False,False,-10513220,-8198598.657963399,False,False,False,False,837782.3406380723,False,False,False,False
2022-08-16 00:00:00+00:00,10.0586027332,10.0971783909,9.9187659742,9.9910953323,286781,,,,,,10.197342143976424,"rgba(239, 83, 80, 0.5)",0.751060310485368,10.71092425645167,-0.8685341431903247,49.94291939611807,-1.9260579820732673,True,False,True,False,True,0.0,10.069239943576001,,0.0,0.0,0.0,0.0,0,0.8535026971614129,1.019732375867275,False,False,False,False,-0.05212686301902449,-0.04874176941356488,False,False,False,False,-10226439,-8278121.808631501,False,False,False,False,816174.4449267754,False,False,False,False
2022-08-17 00:00:00+00:00,9.7210657287,10.1164662197,9.6798862142,9.9814514179,594350,,,,,,10.185657224860707,"rgba(239, 83, 80, 1.0)",0.7371416432915904,10.701230401967955,-1.329682947894768,49.12243033534284,-1.9260579820732673,True,False,False,False,False,0.0,10.037554807178,,0.0,0.0,0.0,0.0,0,0.8448792906966164,1.0144362154855886,False,False,False,False,-0.07894296411755039,-0.06384236676555763,False,False,False,False,-10820789,-8377834.247508698,False,False,False,False,807475.4470865098,False,False,False,False
2022-08-18 00:00:00+00:00,9.7885731296,9.8753683593,9.6728461567,9.6728461567,393729,,,,,,10.177592529949349,"rgba(239, 83, 80, 1.0)",0.7259634353473776,10.694559905650287,-1.2479785233491378,48.65790933596817,-1.9260579820732673,True,False,False,False,False,0.0,10.006451402651999,,0.0,0.0,0.0,0.0,0,0.8441895912101488,1.0218102499687383,False,False,False,False,-0.11406464926209257,-0.0889535080138251,False,False,False,False,-10427060,-8458196.041724045,False,False,False,False,791250.0962203722,False,False,False,False
2022-08-19 00:00:00+00:00,9.5667630981,9.8078609585,9.5281874405,9.8078609585,409344,,,,,,10.165941906816295,"rgba(255, 0, 0, 1.0)",0.7089871825825041,10.68561123245166,-1.5780935986405664,47.70708089820062,-0.46033683679971205,True,False,False,True,False,0.0,9.972448629788,,0.0,0.0,0.0,0.0,0,0.8401724590532395,1.027217951601823,False,False,False,False,-0.11827535371555524,-0.10361443086469016,False,False,False,False,-10836404,-8551459.098911338,False,False,False,False,776273.3865646713,False,False,False,False
2022-08-22 00:00:00+00:00,9.6632022423,9.6728461567,9.4413922107,9.470323954,550360,,,,,,10.150992552133124,"rgba(239, 83, 80, 1.0)",0.6800176351790334,10.673920281256235,-1.4863115111568175,47.237800063825645,-0.9368906137792052,True,False,False,True,False,0.0,9.948443009342,,0.0,0.0,0.0,0.0,0,0.855039301847479,1.0260499797169844,False,False,False,False,-0.15313437915796582,-0.128374405011328,False,False,False,False,-10286044,-8619482.036208933,False,False,False,False,767414.038071939,False,False,False,False
2022-08-23 00:00:00+00:00,9.8175048729,10.02967099,9.718558311,9.7210657287,495382,,,,,,10.147727185451782,"rgba(239, 83, 80, 1.0)",0.6592344634427043,10.669551255401322,-1.2924785182675365,47.33511552210486,-0.9368906137792052,True,False,False,True,False,0.0,9.919262967938,,0.0,0.0,0.0,0.0,0,0.8773148172199154,1.0201228395758524,False,False,False,False,-0.01409621398215014,-0.07123530949673906,False,False,False,False,-9790662,-8665410.662239956,False,False,False,False,756746.1150102944,False,False,False,False
2022-08-24 00:00:00+00:00,9.9428757602,9.9428757602,9.7017778999,9.7885731296,330465,,,,,,10.1458489568972,"rgba(239, 83, 80, 1.0)",0.6387449131078884,10.666823395916266,-1.133390843292691,47.791978061562574,-0.9368906137792052,True,False,False,False,True,0.0,9.90526921069,,0.0,0.0,0.0,0.0,0,0.8901906028198573,1.020435208803111,False,False,False,False,-0.03363608626159293,-0.05243569787916599,False,False,False,False,-9460197,-8696578.75391682,False,False,False,False,740029.2085393025,False,False,False,False
2022-08-25 00:00:00+00:00,10.0007392467,10.0200270756,9.8175048729,10.0103831611,332379,,,,,,10.145678175433414,"rgba(239, 83, 80, 1.0)",0.6326586950431776,10.66514246289073,-1.050176376925295,48.3389066325109,-0.9368906137792052,True,False,False,False,True,0.0,9.894545867574,,0.0,0.0,0.0,0.0,0,0.900881583063046,0.9996190727792623,False,False,False,False,0.002741826182858455,-0.02484693584815377,False,False,False,False,-9127818,-8713490.096900474,False,False,False,False,724042.9258514867,False,False,False,False
2022-08-26 00:00:00+00:00,9.6149826702,10.0103831611,9.5860509269,10.0007392467,752554,,,,,,10.136648856497342,"rgba(255, 0, 0, 1.0)",0.6327171061746492,10.656009165428031,-1.6453269321608581,47.69776891306264,-0.9368906137792052,False,False,False,False,True,0.0,9.873610040452,,0.0,0.0,0.0,0.0,0,0.8898367784540502,1.0084867815552738,False,False,False,False,-0.0427407202147202,-0.03379382803143699,False,False,False,False,-9880372,-8759250.171531828,False,False,False,False,725161.0071906442,False,False,False,False
2022-08-29 00:00:00+00:00,9.6246265846,9.7210657287,9.5088996116,9.5088996116,554301,,,,,,10.127331719106804,"rgba(255, 0, 0, 1.0)",0.632231623406889,10.647599705212885,-1.6180353572009234,47.204313530575305,-1.0594319892811868,False,False,False,True,False,0.0,9.84787238667,,0.0,0.0,0.0,0.0,0,0.8795656203991218,1.032799004126365,False,False,False,False,-0.11227808233249882,-0.0730359551819679,False,False,False,False,-9326071,-8781478.439314894,False,False,False,False,718460.6147517954,False,False,False,False
2022-08-30 00:00:00+00:00,9.4124604675,9.6294485418,9.3690628526,9.5956948414,936320,,,,,,10.10687320764708,"rgba(255, 0, 0, 1.0)",0.6387846999307205,10.630352307447817,-1.9065764099858726,46.25122668975027,-2.01244526836782,False,True,False,True,False,0.0,9.822117699348,,0.0,0.0,0.0,0.0,0,0.8629697899247026,1.0341783477970041,False,False,False,False,-0.15622532036814077,-0.11463063777505433,False,False,False,False,-10262391,-8839553.441694703,False,False,False,False,727004.1200556466,False,False,False,False
2022-08-31 00:00:00+00:00,9.3353091522,9.4606800396,9.2099382648,9.3353091522,692361,,,,,,10.08935157307449,"rgba(255, 0, 0, 1.0)",0.6463252897491515,10.61599962654979,-1.9814952233214402,45.279673187158856,-2.972155861292208,False,True,False,True,False,0.0,9.793283153428,,0.0,0.0,0.0,0.0,0,0.855356138188071,1.0450373099680836,False,False,False,False,-0.2184708623996891,-0.16655075008737172,False,False,False,False,-10954752,-8922502.4047655,False,False,False,False,725645.5663279743,False,False,False,False
2022-09-01 00:00:00+00:00,8.9495525757,9.2581578369,8.8675793031,9.1617186928,1351251,,,,,9.025096571899999,9.735217321289015,"rgba(255, 26, 202, 1.0)",0.6615459507109378,10.424314970379237,-2.2292667547800225,43.613705123077146,-4.596033836136662,False,True,False,True,False,0.0,9.760767660746,,1.0,9.258158,8.867579,0.0,0,0.8370226133348702,1.0535443197541117,True,False,False,False,-0.32777898311819126,-0.24716486660278147,False,False,False,False,-12306003,-9055188.702617833,False,False,False,False,750179.112746485,False,False,False,False
2022-09-02 00:00:00+00:00,9.3738848099,9.470323954,9.0074160621,9.1617186928,841510,,,,,9.124407252007341,9.740423947632229,"rgba(255, 0, 0, 1.0)",0.6670764642790038,10.420672188061426,-1.569216475494792,43.641016635509885,-4.596033836136662,False,True,False,True,False,0.0,9.74538349439,,0.0,0.0,0.0,0.0,0,0.8682479284968879,1.0189410661585667,False,False,False,False,-0.23111904423386848,-0.23914195541832498,False,False,False,False,-11464493,-9149671.224083802,False,False,False,False,753760.7161681915,False,False,False,False
2022-09-06 00:00:00+00:00,9.3256652378,9.6728461567,9.3160213234,9.470323954,482615,,,,,9.181008740279985,9.746524027669924,"rgba(255, 0, 0, 1.0)",0.6736512994657005,10.42049356405866,-1.6252151923807057,43.55072849767015,-4.643586954771202,False,True,False,True,True,0.0,9.724616543752001,,0.0,0.0,0.0,0.0,0,0.8843730698864782,0.9953846240449048,False,False,False,False,-0.09753540083071129,-0.16833867812451814,False,False,False,False,-11947108,-9259374.627060907,False,False,False,False,743127.5508282625,False,False,False,False
2022-09-07 00:00:00+00:00,9.7017778999,9.7596413864,9.2292260936,9.306377409,541179,,,,,9.245370289502779,9.756090351772485,"rgba(239, 83, 80, 1.0)",0.6681653748533161,10.421971507817224,-1.0778672990580065,44.55586697752274,-4.643586954771202,False,True,False,True,True,0.0,9.711371846356,,0.0,0.0,0.0,0.0,0,0.872645108035841,0.9933400643437962,False,False,False,False,-0.0940087788096445,-0.1311737284670813,False,False,False,False,-11405929,-9343553.229921265,False,False,False,False,735207.9998153894,False,False,False,False
2022-09-08 00:00:00+00:00,9.7114218143,9.7596413864,9.5474752693,9.6824900711,447762,,,,,9.297605794573174,9.765489263205396,"rgba(239, 83, 80, 1.0)",0.6622837507570114,10.424162926580951,-1.0761869236052768,45.40433501371502,-6.428209205217492,False,True,False,True,True,0.0,9.701777899906,,0.0,0.0,0.0,0.0,0,0.8926427355906768,0.9943613073714086,False,False,False,False,0.022738752002659464,-0.054217488232210925,False,False,False,False,-10958167,-9406871.416983176,False,False,False,False,723935.6076657664,False,False,False,False
2022-09-09 00:00:00+00:00,9.8753683593,9.9332318458,9.7579054818,9.8850122738,573782,,,,,9.373137475324025,9.782543392980504,"rgba(239, 83, 80, 0.5)",0.6508166348843218,10.429938124720984,-0.8521136917767248,46.54278708221082,-5.318583476306408,False,True,False,False,True,0.0,9.694834281528,,0.0,0.0,0.0,0.0,0,0.9095279720354625,0.9743731877932214,False,False,False,False,0.13325154481649779,0.03951702829214343,False,False,False,False,-10384385,-9445205.282983836,False,False,False,False,718047.2308945598,False,False,False,False
2022-09-12 00:00:00+00:00,10.2514810215,10.4540032242,10.1550418773,10.1646857918,1456279,,,,,9.606808083632439,9.876050944314418,#000000,0.631834460183612,10.44442372742977,-0.3053690770106156,48.39139611353899,-3.5301683453965396,True,False,True,False,True,0.0,9.705056830805999,,0.0,0.0,0.0,0.0,0,0.9367596910792515,0.9489658249469446,False,False,False,False,0.34282819601196446,0.19117261215205394,False,False,False,False,-8928106,-9424926.879729569,False,False,False,False,746997.4963496751,False,False,False,False
2022-09-13 00:00:00+00:00,9.913944017,10.077890562,9.8609024877,10.0007392467,796591,,,,,9.649037582199503,9.8644758851626,"rgba(239, 83, 80, 0.5)",0.6201095612377008,10.435863626252443,-0.841657090741712,48.97623832583811,-2.9924128142158537,True,False,True,False,True,0.0,9.70235653477,,0.0,0.0,0.0,0.0,0,0.9314360335850176,0.9589458006854045,False,False,False,False,0.15686337652714477,0.17401799433959936,False,False,False,False,-9724697,-9436682.570720566,False,False,False,False,748942.33963008,False,False,False,False
2022-09-14 00:00:00+00:00,9.9235879314,10.1453979629,9.8994781454,9.9718075035,713323,,,,,9.682746810367426,9.866353819560448,"rgba(239, 83, 80, 0.5)",0.6079359007071274,10.43393484342841,-0.8394748713388938,49.478554301547874,-2.523620018082781,True,False,True,False,True,0.0,9.710843179454,,0.0,0.0,0.0,0.0,0,0.9502212143487038,0.9482647457707647,False,False,False,False,0.18528548548630006,0.1796517399129497,False,False,False,False,-9011374,-9420003.80324133,False,False,False,False,747545.5027818417,False,False,False,False
2022-09-15 00:00:00+00:00,9.5667630981,9.9428757602,9.4896117828,9.8657244449,870009,,,,,9.680987254206462,9.842809154821914,"rgba(239, 83, 80, 1.0)",0.5953447009194248,10.418518235890703,-1.4306923979927761,48.990389776094275,-2.523620018082781,True,False,False,False,True,0.0,9.71238620576,,0.0,0.0,0.0,0.0,0,0.9305283974787681,0.945238201047787,False,False,False,False,0.02384479442406743,0.10174826716850856,False,False,False,False,-9881383,-9438097.105075004,False,False,False,False,752347.9928688282,False,False,False,False
2022-09-16 00:00:00+00:00,9.5281874405,9.7596413864,9.3642408954,9.4510361252,3351273,,,,,9.642769307325857,9.775500535120775,"rgba(239, 83, 80, 1.0)",0.5903248495767297,10.368574157670079,-1.4236004426590652,48.49918523827334,-2.523620018082781,True,False,False,False,False,0.0,9.710650301166,,0.0,0.0,0.0,0.0,0,0.9077056065971533,0.9686478339419885,False,False,False,False,-0.056524020482417225,0.022612123343045666,False,False,False,False,-13232656,-9586903.336248534,False,False,False,False,854266.6205994624,False,False,False,False
2022-09-19 00:00:00+00:00,9.7114218143,9.7564588946,9.4221043819,9.470323954,702752,,,,,9.642029126961981,9.77052918569327,"rgba(239, 83, 80, 1.0)",0.5801459034391964,10.362654064261374,-1.1225318425947113,48.59847950643956,-2.523620018082781,True,False,False,False,False,0.0,9.712579084048,,0.0,0.0,0.0,0.0,0,0.9187055906571865,0.9632522201260367,False,False,False,False,-0.04226014346683065,-0.009824010061892492,False,False,False,False,-12529904,-9702315.126983885,False,False,False,False,848324.8707720325,False,False,False,False
2022-09-20 00:00:00+00:00,9.4992556972,9.5956948414,9.4028165531,9.5956948414,545466,,,,,9.63588431634647,9.762895605655883,"rgba(255, 0, 0, 1.0)",0.5541901603556223,10.356040536786361,-1.5460123634035006,48.15338496748261,-2.523620018082781,True,False,False,False,False,0.0,9.710843179453999,,0.0,0.0,0.0,0.0,0,0.9071602311646557,0.9661574774399141,False,False,False,False,-0.08932428336782518,-0.04957414671485884,False,False,False,False,-13075370,-9834591.788670791,False,False,False,False,836448.0523103842,False,False,False,False
2022-09-21 00:00:00+00:00,9.5860509269,9.8367927017,9.4028165531,9.5956948414,775007,,,,,9.634309331382202,9.757822764831008,"rgba(239, 83, 80, 1.0)",0.5327010504837323,10.349707662917723,-1.4335559040558774,48.03255899894093,-2.523620018082781,True,False,False,False,False,0.0,9.713543475488,,0.0,0.0,0.0,0.0,0,0.9144254413322895,0.9471457727098404,False,False,False,False,-0.026355934710764375,-0.03796504071281161,False,False,False,False,-12300363,-9931288.698918996,False,False,False,False,834038.5992786045,False,False,False,False
2022-09-22 00:00:00+00:00,9.470323954,9.7885731296,9.4413922107,9.6053387558,748165,,,,,9.630749716268467,9.751802903447938,"rgba(255, 0, 0, 1.0)",0.5104277583935535,10.342988272995893,-1.7096725337634275,47.641881354665244,-2.523620018082781,True,False,False,True,False,0.0,9.707178491976,,0.0,0.0,0.0,0.0,0,0.9150476381466228,0.9643173351665558,False,False,False,False,-0.028867355296420025,-0.033416198004615816,False,False,False,False,-13048528,-10053533.377392761,False,False,False,False,830671.0071500319,False,False,False,False
2022-09-23 00:00:00+00:00,9.1231430351,9.2195821792,8.9929501905,9.2195821792,1316031,,,,,9.586732871017174,9.713790366952383,"rgba(255, 26, 202, 1.0)",0.48996214257754017,10.316106297213851,-2.434807015574792,46.515692494655916,-1.5362266200146877,False,False,False,True,False,0.0,9.700041995309999,,0.0,0.0,0.0,0.0,0,0.927385460213388,0.9751987531887835,False,False,False,False,-0.3025146477505984,-0.1679654228776071,False,False,False,False,-14364559,-10222593.2057303,False,False,False,False,849704.7323598346,False,False,False,False
2022-09-26 00:00:00+00:00,8.9977721477,9.2195821792,8.8744264824,9.0652795486,1530256,,,,,9.536799002674458,9.486632729194719,"rgba(255, 26, 202, 1.0)",0.472765125725338,10.180674091721029,-2.5020922222343853,45.3264251902349,-2.717550579690382,False,True,False,True,False,0.0,9.692326863778,,0.0,0.0,0.0,0.0,0,0.9146727953155042,0.9769164203598493,False,False,False,False,-0.336617154593725,-0.25229128873566603,False,False,False,False,-15894815,-10445033.276093818,False,False,False,False,876393.0173653313,False,False,False,False
2022-09-27 00:00:00+00:00,9.0459917198,9.2292260936,8.9881282333,9.1617186928,790374,,,,,9.516898878489481,9.474910743368103,"rgba(255, 26, 202, 1.0)",0.46651016458587624,10.169850273128967,-2.4090762402285972,44.50862477337586,-3.5239431171006927,False,True,False,True,False,0.0,9.6821043145,,0.0,0.0,0.0,0.0,0,0.9120936251470733,0.9948745768859639,False,False,False,False,-0.3011420727949988,-0.2767166807653324,False,False,False,False,-15104441,-10627755.147619551,False,False,False,False,873019.7225666909,False,False,False,False
2022-09-28 00:00:00+00:00,9.5956948414,9.5956948414,9.1890155443,9.1890155443,710646,,,,,9.514723599159431,9.491200981967891,"rgba(239, 83, 80, 1.0)",0.43505390784904047,10.172744432434184,-1.3263864101053302,45.41183496950252,-3.5239431171006927,False,True,False,True,True,0.0,9.679404018466,,0.0,0.0,0.0,0.0,0,0.915594143495359,0.974431823015185,False,False,False,False,-0.1457452834615185,-0.21123098211342545,False,False,False,False,-14393795,-10775442.984967805,False,False,False,False,866652.1256032913,False,False,False,False
2022-09-29 00:00:00+00:00,9.586012001,9.6247433626,9.372989512,9.4601350757,483173,,,,,9.515058573666925,9.501020646550797,"rgba(239, 83, 80, 1.0)",0.4243977320031593,10.17438493020155,-1.3863715209419856,46.1264468755765,-3.5239431171006927,False,False,False,True,True,0.0,9.684610953730001,,0.0,0.0,0.0,0.0,0,0.9404625952276057,0.9690003273794681,False,False,False,False,-0.08952849148114375,-0.1503797367972846,False,False,False,False,-14876968,-10936287.103204362,False,False,False,False,851613.7285208093,False,False,False,False
2022-09-30 00:00:00+00:00,9.8571315323,9.9830084576,9.5375977989,9.5472806393,814159,,,,,9.526446059186743,9.529909141056667,"rgba(239, 83, 80, 0.5)",0.41531715291050386,10.183442797014136,-0.7856917597247709,47.394142242844,-4.63531122371397,True,False,False,False,True,0.0,9.695047401332,,0.0,0.0,0.0,0.0,0,0.9596553192932205,0.9247468488365459,False,False,False,False,0.04680436550343096,-0.05178768564692683,False,False,False,False,-14062809,-11058895.805039486,False,False,False,False,850144.9156376404,False,False,False,False
2022-10-03 00:00:00+00:00,10.1766652657,10.2250794677,9.9830084576,10.0411055,581325,,,,,9.543576036545,9.560350766353189,#000000,0.4050083025668763,10.195019296129326,-0.04531766463304684,49.151592807927436,-2.9348043395918637,True,False,True,False,True,0.31228962125194926,9.715732089368,,0.0,0.0,0.0,0.0,0,0.9796292007325209,0.91733809973882,False,False,False,False,0.22961636072843794,0.08891433754075556,False,False,False,False,-13481484,-11153899.26366539,False,False,False,False,839602.9581616545,False,False,False,False
2022-10-04 00:00:00+00:00,10.4671504778,10.6317587647,10.2831765101,10.350956393,588651,,,,,9.569269638279057,9.76077021128225,"rgba(38, 166, 154, 0.5)",0.39111011636294835,10.230621773102687,0.6047624308388284,51.17483594998083,-0.997518901903554,True,False,True,False,True,2.5315330791968513,9.742997994798001,,0.0,0.0,0.0,0.0,0,1.0032142182850572,0.8678721745077077,False,False,False,False,0.3428282019037443,0.21587126972224993,False,False,False,False,-12892833,-11222092.743521648,False,False,False,False,829761.7049004133,False,False,False,False
2022-10-05 00:00:00+00:00,10.3122250313,10.3122250313,10.0749954414,10.2541279889,530222,,,,,9.585610109464653,9.760873617215875,#000000,0.38100993101735503,10.230615882731714,0.21419165728929393,52.386368631427125,0.12976560708247575,True,False,True,False,True,1.2977461534959893,9.761379042649999,,0.0,0.0,0.0,0.0,0,0.972486377964662,0.8927526849368945,False,False,False,False,0.20954694621458853,0.21270910796841924,False,False,False,False,-13423055,-11308404.98887374,False,False,False,False,818015.0498062795,False,False,False,False
2022-10-06 00:00:00+00:00,10.2734936697,10.3606392334,10.0604711808,10.1960309465,542115,,,,,9.601466237811126,9.77249861815844,#000000,0.36702408004466436,10.235020261268792,0.1048252976385818,53.26642772064277,0.937747934172279,True,False,True,False,True,0.9892654722012288,9.773006236334,,0.0,0.0,0.0,0.0,0,0.9613932999582019,0.9065742590905835,False,False,False,False,0.21784370232326775,0.2152764051458435,False,False,False,False,-13965170,-11412591.852055162,False,False,False,False,807195.4400099549,False,False,False,False
2022-10-07 00:00:00+00:00,9.7215717666,10.2250794677,9.7022060858,10.1282510636,611895,,,,,9.60905530346332,9.757440772216468,"rgba(239, 83, 80, 1.0)",0.3541956974567402,10.227733052117085,-1.42904413902121,52.55869088363955,0.937747934172279,True,False,True,False,False,0.0,9.767230008443999,,0.0,0.0,0.0,0.0,0,0.9139194965830858,0.9339672426486801,False,False,False,False,0.09924843070338256,0.15726241792461304,False,False,False,False,-14577065,-11536688.838249076,False,False,False,False,799536.5992252508,False,False,False,False
2022-10-10 00:00:00+00:00,9.5569634797,9.6537918838,9.4698179161,9.6053776818,443853,,,,,9.608118015596132,9.734539459252446,"rgba(255, 0, 0, 1.0)",0.3516789397068322,10.216907626676159,-1.8765529363979074,51.60788509282763,0.937747934172279,True,False,True,False,False,0.0,9.756811466798,,0.0,0.0,0.0,0.0,0,0.9015693766952666,0.9634436694942281,False,False,False,False,-0.08934567320191038,0.03395837236135133,False,False,False,False,-15020918,-11673325.275964798,False,False,False,False,785588.2227850449,False,False,False,False
2022-10-11 00:00:00+00:00,9.6247433626,9.7893516495,9.5472806393,9.6537918838,1007586,,,,,9.610023837176977,9.711087860261362,"rgba(255, 0, 0, 1.0)",0.3440591745186375,10.203974904384332,-1.6835230236040533,50.99927150875705,0.937747934172279,True,False,False,False,False,0.0,9.748134279385999,,0.0,0.0,0.0,0.0,0,0.8975046847678505,0.9559280301616974,False,False,False,False,-0.03928894782312039,-0.002665287730884529,False,False,False,False,-14013332,-11765090.245534807,False,False,False,False,794294.0179699451,False,False,False,False
2022-10-12 00:00:00+00:00,9.7409374474,9.8377658515,9.5182321181,9.6537918838,834384,,,,,9.61299491282,9.702939315865887,"rgba(239, 83, 80, 1.0)",0.3358233168502621,10.19788799696669,-1.360687381247075,50.79295304974716,3.2724622578438485,True,False,False,False,False,0.0,9.745638539436,,0.0,0.0,0.0,0.0,0,0.9007653352834379,0.9565981284150513,False,False,False,False,-0.03475182332513205,-0.018708555528008288,False,False,False,False,-13178948,-11820535.647670697,False,False,False,False,795866.1741279865,False,False,False,False
2022-10-13 00:00:00+00:00,9.731254607,9.7603031282,9.0921871403,9.4407693949,1061953,,,,,9.60952569359417,9.657034015506785,"rgba(239, 83, 80, 1.0)",0.3311940328426348,10.138261475431406,-1.2289076132745216,50.59949056674782,3.0677479030710018,True,False,False,False,False,0.0,9.746228073578,,0.0,0.0,0.0,0.0,0,0.8937485772910124,0.9419488837827317,False,False,False,False,-0.15374130388182974,-0.08622492970491902,False,False,False,False,-14240901,-11915451.935997337,False,False,False,False,806300.9516131635,False,False,False,False
2022-10-14 00:00:00+00:00,9.4214037141,9.6925232454,9.4214037141,9.6925232454,522439,,,,,9.60760339680149,9.647932889381945,"rgba(255, 26, 202, 1.0)",0.3273260468719294,10.132625873610463,-2.1728248219388964,49.680505956821804,2.142536241943006,False,False,False,True,False,0.0,9.73406272806,,0.0,0.0,0.0,0.0,0,0.9034837372964343,0.9623501446882038,False,False,False,False,-0.09162972656238895,-0.08892732813365398,False,False,False,False,-14763340,-12027133.820860187,False,False,False,False,795169.1103734316,False,False,False,False
2022-10-17 00:00:00+00:00,9.7118889262,9.8377658515,9.6441090434,9.6441090434,471801,,,,,9.60976106888951,9.657767604520888,"rgba(239, 83, 80, 1.0)",0.32729394895486735,10.134808876065183,-1.292171612752613,49.689568162999244,2.122206099980943,False,False,False,False,False,0.0,9.729057234802,,0.0,0.0,0.0,0.0,0,0.9105194838742279,0.9321770550308227,False,False,False,False,-0.005287011797104113,-0.047107169965379045,False,False,False,False,-14291539,-12115934.023963708,False,False,False,False,782488.0080058461,False,False,False,False
2022-10-18 00:00:00+00:00,9.7506202878,9.8764972131,9.6489504636,9.7893516495,441635,,,,,9.612154562941237,9.66547767458304,"rgba(239, 83, 80, 1.0)",0.32478179168838395,10.136417860091006,-1.18786699921024,49.79479130918824,2.122206099980943,False,False,False,False,False,0.0,9.720968803012001,10.944025072967499,0.0,0.0,0.0,0.0,0,0.8947602135556695,0.9414444208248257,False,False,False,False,0.004907611458363164,-0.02109977925350794,False,False,False,False,-13849904,-12183932.846553368,False,False,False,False,769121.2233781659,False,False,False,False
2022-10-19 00:00:00+00:00,9.5375977989,9.6537918838,9.4843421767,9.6053776818,256596,,,,,9.611658900766235,9.662192607946228,"rgba(255, 0, 0, 1.0)",0.3245001404774024,10.134188066343402,-1.83849001287242,49.34627814365747,1.6870856196764237,False,False,False,False,False,0.0,9.708619921444,10.9346569692025,0.0,0.0,0.0,0.0,0,0.8836257137219445,0.9462426294104093,False,False,False,False,-0.08592132810834499,-0.05351055368092646,False,False,False,False,-14106500,-12259327.636884611,False,False,False,False,749022.1950103947,False,False,False,False
2022-10-20 00:00:00+00:00,9.6634747242,9.8958628939,9.5279149585,9.5472806393,302854,,,,,9.612567195135094,9.66379520984005,"rgba(239, 83, 80, 1.0)",0.3236318137503013,10.133836798022875,-1.4533863910727371,49.3164121837746,1.5967566549015118,False,False,False,False,False,0.0,9.70226038757,10.9258225183645,0.0,0.0,0.0,0.0,0,0.890893480497636,0.9393587958888727,False,False,False,False,-0.018881919003570898,-0.03619623634224868,False,False,False,False,-13803646,-12319889.141320508,False,False,False,False,731525.4030492028,False,False,False,False
2022-10-21 00:00:00+00:00,10.1863481061,10.2250794677,9.682840405,9.682840405,486252,,,,,9.619707182386597,9.684019064655022,#000000,0.3283542722587014,10.140820102725238,0.13865512716366435,50.527337483062254,1.5967566549015118,False,False,False,False,True,0.9802512768231395,9.705008173316001,10.9209905440755,0.0,0.0,0.0,0.0,0,0.8975765808362999,0.9140518686873128,False,False,False,False,0.09467478748830087,0.029239275573026094,False,False,False,False,-13317394,-12359006.978915783,False,False,False,False,721906.8382237438,False,False,False,False
2022-10-24 00:00:00+00:00,10.1669824253,10.1766652657,9.9345942555,10.0798368616,770570,,,,,9.632149626579093,9.714093400713782,#000000,0.3324679845782299,10.151515051652785,0.046522896533443596,51.46517265012585,1.5967566549015118,True,False,True,False,True,0.828299780886514,9.704282592834,10.9180242412175,0.0,0.0,0.0,0.0,0,0.9076113597948023,0.9174749025395543,False,False,False,False,0.1429329013179628,0.08608608844549445,False,False,False,False,-14087964,-12426809.215036733,False,False,False,False,723815.1975090873,False,False,False,False
2022-10-25 00:00:00+00:00,10.350956393,10.4284191162,10.1766652657,10.1766652657,1178362,,,,,9.6586961600105,9.77120090137092,"rgba(38, 166, 154, 0.5)",0.34018082889770146,10.173735522034594,0.5209607829449441,52.631798534345805,0.41580708172174496,True,False,True,False,True,2.2388907390368615,9.710708300894,10.915882076498498,0.0,0.0,0.0,0.0,0,0.937906438730143,0.8984555078389196,False,False,False,False,0.2634348901212421,0.1747604892833683,False,False,False,False,-12909602,-12445742.26542745,False,False,False,False,741640.5623126526,False,False,False,False
2022-10-26 00:00:00+00:00,10.5446132011,10.6704901263,10.4555310693,10.4574676374,862906,,,,,9.68342879438704,9.819805409976855,"rgba(38, 166, 154, 0.5)",0.3516257857814597,10.193833678498324,0.9975932846395148,53.9859877506916,1.7562879361186319,True,False,True,False,True,3.6954574441763377,9.720428510251999,10.913176488632,0.0,0.0,0.0,0.0,0,0.9452242688804637,0.8833457462261919,False,False,False,False,0.34282820555955673,0.2587943474214625,False,False,False,False,-12046696,-12430093.392273432,False,False,False,False,746396.0696729408,False,False,False,False
2022-10-27 00:00:00+00:00,10.447784797,10.7092214879,10.3848463344,10.6317587647,382621,,,,,9.693447046756535,9.837601746835134,"rgba(38, 166, 154, 0.5)",0.36103962521751826,10.201251604510295,0.6828424784154223,54.801130205670106,2.5581693424148995,True,False,True,False,True,2.899826825152477,9.734962891618,10.907689197962503,0.0,0.0,0.0,0.0,0,0.9544032705534474,0.8815029831932647,False,False,False,False,0.33504255845247416,0.29691845293696834,False,False,False,False,-12429317,-12430062.94551761,False,False,False,False,732130.3806661587,False,False,False,False
2022-10-28 00:00:00+00:00,10.5058818394,10.5155646798,10.2690395631,10.3896877546,309951,,,,,9.700576256310672,9.84928621661474,"rgba(38, 166, 154, 0.5)",0.3701432957520998,10.20608488373517,0.8099483608251486,55.59412514721981,3.3390625949180546,True,False,True,False,True,3.343377589216569,9.749309065814,10.9023009291065,0.0,0.0,0.0,0.0,0,0.9483710381221838,0.879117058426224,False,False,False,False,0.26148210791012627,0.2792002804235473,False,False,False,False,-12119366,-12417878.751575744,False,False,False,False,715574.3265223878,False,False,False,False
2022-10-31 00:00:00+00:00,10.399370595,10.496198999,10.3315907121,10.3800049142,346287,,,,,9.708154014224316,9.861125913174595,"rgba(38, 166, 154, 0.5)",0.3747498161202758,10.210986487642723,0.5026929947760562,55.90629627487169,3.6546168461356885,True,False,True,False,True,2.4520135772204803,9.765961215752,10.8976724819685,0.0,0.0,0.0,0.0,0,0.9592894160121166,0.8751061574641653,False,False,False,False,0.2715663948676469,0.2753833376455971,False,False,False,False,-12465653,-12419752.251513949,False,False,False,False,701092.4705803334,False,False,False,False
2022-11-01 00:00:00+00:00,10.496198999,10.7285871687,10.4526262172,10.6220759243,464366,,,,,9.720187054664004,9.880613484297871,"rgba(38, 166, 154, 0.5)",0.38302794550105806,10.219323570635066,0.7228596023267713,56.38800431323771,4.147130767726345,True,False,True,False,True,3.2097177942811648,9.782621150886,10.894341896294499,0.0,0.0,0.0,0.0,0,0.9682520441747867,0.8520178201621195,False,False,False,False,0.34282820643298756,0.30910577203929235,False,False,False,False,-12001287,-12403341.849493794,False,False,False,False,691809.0795771831,False,False,False,False
2022-11-02 00:00:00+00:00,9.9733256172,10.6317587647,9.9636427767,10.5155646798,784961,,,,,9.731144667622614,9.892534711567928,"rgba(239, 83, 80, 0.5)",0.38358082475630384,10.223814267123783,-0.6530270382595982,55.264953341788456,4.147130767726345,True,False,True,False,False,0.0,9.785737565772001,10.889258529004499,0.0,0.0,0.0,0.0,0,0.9292789671260667,0.8777078335747442,False,False,False,False,0.20769774178502656,0.25840175691215944,False,False,False,False,-12786248,-12418357.776964627,False,False,False,False,695462.0960643524,False,False,False,False
2022-11-03 00:00:00+00:00,9.8958628939,9.9152285747,9.6247433626,9.8280830111,633550,,,,,9.732638914577361,9.887189075813556,"rgba(239, 83, 80, 0.5)",0.3799065157610821,10.220410204248683,-0.854282032248128,54.14708430333229,6.403639235439755,True,False,False,False,False,0.0,9.784797308446,10.880341506925,0.0,0.0,0.0,0.0,0,0.9140420093945948,0.9100165708129422,False,False,False,False,-0.020876885912336784,0.11876243549991133,False,False,False,False,-13419798,-12457629.942573858,False,False,False,False,693034.1707284955,False,False,False,False
2022-11-04 00:00:00+00:00,10.902878296,10.927085397,10.350956393,10.350956393,900206,,,,,9.758097751895585,9.926410415882561,"rgba(0, 255, 255, 0.75)",0.39692470009948605,10.237956938228042,1.6751826167666108,55.3626608892729,6.403639235439755,True,False,True,False,True,5.836287551836563,9.802840089432001,10.8784699275405,0.0,0.0,0.0,0.0,0,0.9260147328019798,0.8865718427942668,False,False,False,False,0.342828207892162,0.23079532169603667,False,False,False,False,-12519592,-12460059.827178806,False,False,False,False,701158.5561901231,False,False,False,False
2022-11-07 00:00:00+00:00,10.8931954556,10.9609753385,10.7285871687,10.9416096577,573920,,,,,9.775810615742774,9.953282976544859,"rgba(0, 255, 255, 0.75)",0.4080138523274226,10.250271027953152,1.5757416665621318,56.33143566652518,6.403639235439755,True,False,True,False,True,5.75890029019364,9.828404345140001,10.877459385097,0.0,0.0,0.0,0.0,0,0.9577645890271751,0.8830863763397638,False,False,False,False,0.34282821321686946,0.2868117674564531,False,False,False,False,-13093512,-12484901.08885807,False,False,False,False,696168.8088885496,False,False,False,False
2022-11-08 00:00:00+00:00,11.7840167729,12.0164049426,10.8835126152,10.9319268173,1048310,,,,,9.826699648616387,10.034704128772002,"rgba(0, 255, 0, 1.0)",0.4570197450900927,10.289093408961715,3.2710257707653057,58.44354616116989,6.074830547504952,True,False,True,False,True,11.468600348255844,9.871592148906,10.880998680939,0.0,0.0,0.0,0.0,0,0.9715489816000322,0.8201529484463255,False,False,False,False,0.34282822359260506,0.3148199955245291,False,False,False,False,-12045202,-12467657.987334225,False,False,False,False,709978.2673635083,False,False,False,False
2022-11-09 00:00:00+00:00,11.6097256456,12.0454534638,11.6000428052,11.7646510921,803112,,,,,9.867834486703412,10.098132236575733,"rgba(0, 255, 0, 1.0)",0.49539453506372727,10.32001481039661,2.6034014183008316,59.71790300471012,7.284857062058535,True,False,True,False,True,10.068127120311967,9.915537452468,10.8840494479415,0.0,0.0,0.0,0.0,0,1.0149728683521222,0.8157487523574323,False,False,False,False,0.34282822773218286,0.328824111628356,False,False,False,False,-12848314,-12482585.674105432,False,False,False,False,713630.5706041551,False,False,False,False
2022-11-10 00:00:00+00:00,12.2391102719,12.6796795104,12.1133301751,12.5876925265,1044735,,,,,9.934804305899677,10.682800224157198,"rgba(0, 255, 0, 1.0)",0.563186558856743,10.502768153560341,3.083067397532351,61.53192363699004,9.016679968317398,True,False,True,False,True,13.72503666302567,9.973613474862,10.892113906211,0.0,0.0,0.0,0.0,0,1.0225493344030236,0.7663862801061528,False,False,False,False,0.3428282323029153,0.3358261719656357,False,False,False,False,-11803579,-12455957.961395415,False,False,False,False,726615.0580314432,False,False,False,False
2022-11-11 00:00:00+00:00,12.5392783245,12.5925339467,12.1906960699,12.2972073144,941784,,,,,9.994447789525482,10.76784440250104,"rgba(0, 255, 0, 1.0)",0.6381646324128836,10.547514303785753,3.1210818017028603,63.33692327846599,10.726101899158742,True,False,True,False,True,15.359663536449936,10.045407989838,10.903115180232499,0.0,0.0,0.0,0.0,0,1.0467467734337916,0.7637828861013713,False,False,False,False,0.3417473539650986,0.33878676296536714,False,False,False,False,-10861795,-12393441.76683089,False,True,False,False,735053.0557557002,False,True,False,False
2022-11-14 00:00:00+00:00,12.3553043568,12.5556423248,12.2197445911,12.43276708,784882,,,,,10.040784296510518,10.82316205938272,"rgba(0, 255, 0, 1.0)",0.6948490117188952,10.578851518795448,2.5566026691324204,64.3421168230442,11.649829905578635,True,False,True,False,True,13.876838186908213,10.105036380776001,10.913005121017,0.0,0.0,0.0,0.0,0,1.0445772085115033,0.7766805289180025,False,False,False,False,0.3408810662523576,0.33983391460886236,False,False,False,False,-11646677,-12364156.874013992,False,False,False,False,737007.1320005747,False,False,False,False
2022-11-15 00:00:00+00:00,12.2778416335,12.4424499204,12.1229161871,12.4424499204,533301,,,,,10.070003562205747,10.853664776419464,"rgba(0, 255, 0, 1.0)",0.7427963931013618,10.597210169634506,2.262573538959222,64.96575300270631,12.215692783117312,True,False,True,False,True,13.254590897334314,10.164079908689999,10.921502565342998,0.0,0.0,0.0,0.0,0,1.0247587375147824,0.7917681180228443,False,False,False,False,0.317861550349935,0.3288477324793987,False,False,False,False,-12179978,-12356934.173072267,False,False,False,False,729018.6562358463,False,False,False,False
2022-11-16 00:00:00+00:00,12.2003789103,12.360145777,12.1616475487,12.1810132295,556401,,,,,10.099145309821612,10.882789275432385,"rgba(0, 255, 0, 1.0)",0.7834653709008446,10.615147434573995,2.0233587017423282,65.27289712990961,12.494326813980422,True,False,True,False,True,12.628562507345876,10.214051928898,10.9294212326545,0.0,0.0,0.0,0.0,0,1.0314320894073505,0.7967569320595547,False,False,False,False,0.3131269938074943,0.3209873631434465,False,False,False,False,-12736379,-12371814.36236355,False,False,False,False,722249.3363834602,False,False,False,False
2022-11-17 00:00:00+00:00,12.2391102719,12.287524474,11.8905280173,12.0357706234,528438,,,,,10.124827156817721,10.905554013860689,"rgba(0, 255, 255, 0.75)",0.8214361337317982,10.630017891210228,1.9588770381692826,65.57648296891874,12.793497602943013,True,False,True,False,True,12.853477023768718,10.26460569805,10.936959166578001,0.0,0.0,0.0,0.0,0,1.0020062723613232,0.8022046041492921,False,False,False,False,0.2762308552380916,0.29860910919076905,False,False,False,False,-12207941,-12365387.955996353,False,False,False,False,714648.8918194029,False,False,False,False
2022-11-18 00:00:00+00:00,12.2778416335,12.287524474,12.1035505063,12.2003789103,552109,,,,,10.152067116078959,10.932562560441744,"rgba(0, 255, 255, 0.75)",0.8590411188649082,10.646842768035746,1.8986272363997772,65.87909269325559,13.111282698671815,True,False,True,False,True,13.081315662492646,10.312655163534,10.9452651475055,0.0,0.0,0.0,0.0,0,1.0044409109271748,0.8127348400241408,False,False,False,False,0.29900360398894205,0.29880635658985555,False,False,False,False,-11655832,-12337562.23223179,False,False,False,False,708274.7784147206,False,False,False,False
2022-11-21 00:00:00+00:00,12.0648191446,12.2294274315,12.026087783,12.1422818679,663181,,,,,10.182082251560715,10.958597616395489,"rgba(0, 255, 255, 0.75)",0.8873760531422655,10.664178431879652,1.5784071564254787,65.51825510551927,13.111282698671815,True,False,True,False,False,11.305549092906933,10.348921925996,10.952601747687499,0.0,0.0,0.0,0.0,0,0.9922622768816133,0.8281058570699338,False,False,False,False,0.28447841618771985,0.2916423863887877,False,False,False,False,-12319013,-12336834.811359957,False,False,False,False,706506.3949474766,False,False,False,False
2022-11-22 00:00:00+00:00,12.3165729952,12.3165729952,12.1664889689,12.1906960699,723176,,,,,10.216410530039688,10.993539736709995,"rgba(0, 255, 255, 0.75)",0.9217555927603078,10.685903891737409,1.7690905444678195,65.60675158358463,13.111282698671815,True,False,True,False,False,12.817354414185665,10.39697450556,10.959091019739,0.0,0.0,0.0,0.0,0,1.0100631660879043,0.8070541027713589,False,False,False,False,0.3089298893112923,0.30028613785004,False,False,False,False,-11595837,-12307776.073659567,False,False,False,False,707160.1049495364,False,False,False,False
2022-11-23 00:00:00+00:00,12.3649871972,12.4134013992,12.2197445911,12.287524474,698632,,,,,10.24955297829858,11.028219365879016,"rgba(0, 255, 255, 0.75)",0.9554730557340573,10.70732557762809,1.7349119471489278,65.75163796871709,13.123023658845355,True,False,True,False,False,13.105635375098547,10.445802490876002,10.964338521462,0.0,0.0,0.0,0.0,0,1.010836192861481,0.8050508619813945,False,False,False,False,0.3252540056138251,0.31277007173193255,False,False,False,False,-10897205,-12252459.560967036,False,False,False,False,706825.6694613193,False,False,False,False
2022-11-25 00:00:00+00:00,12.2003789103,12.3795114578,12.1422818679,12.3746700376,259754,,,,,10.261079763039344,11.039234613759819,"rgba(0, 255, 255, 0.75)",0.9821250701691924,10.714441811998286,1.512981537112914,65.3825937175794,13.123023658845355,True,False,True,False,False,11.710958518303553,10.498474807120001,10.9687151159005,0.0,0.0,0.0,0.0,0,1.02804267996242,0.794218029848093,False,False,False,False,0.3131269938074943,0.31294853276971346,False,False,False,False,-11156959,-12209498.754654603,False,False,False,False,689293.4471295029,False,False,False,False
2022-11-28 00:00:00+00:00,11.7549682517,12.1810132295,11.6775055284,12.1810132295,665921,,,,,10.284625390016847,11.351801510647384,"rgba(38, 166, 154, 0.5)",0.9971733647097814,10.797637075013164,0.9600448734061993,63.882449755113484,13.123023658845355,True,False,True,False,False,8.079776165057478,10.543010423344,10.9720134374375,0.0,0.0,0.0,0.0,0,1.0095386858744764,0.7953481370666937,False,False,False,False,0.24258078789863172,0.2777646603341726,False,False,False,False,-11822880,-12194337.234864226,False,False,False,False,688376.8805754047,False,False,False,False
2022-11-29 00:00:00+00:00,12.0938676659,12.1325990275,11.8130652941,11.8808451769,470973,,,,,10.302320331074425,11.373327267686307,"rgba(38, 166, 154, 1.0)",1.0191850394908817,10.81050240239486,1.2592073213184378,63.25280155666704,13.123023658845355,True,False,True,False,False,10.187045411080017,10.590659340376,10.974325768465999,0.0,0.0,0.0,0.0,0,1.0105163233889327,0.7951438720344515,False,False,False,False,0.25170178088192013,0.2647332206080464,False,False,False,False,-11351907,-12161300.755065627,False,False,False,False,679851.2381998986,False,False,False,False
2022-11-30 00:00:00+00:00,12.2100617507,12.3456215164,11.9873564214,12.2681587931,668841,,,,,10.329240711823381,11.410562467689138,"rgba(38, 166, 154, 1.0)",1.0424173682287379,10.831594790293082,1.322375281168992,62.93197662243226,15.385974300509574,True,False,True,False,False,10.893286985129688,10.644875461445999,10.975878826129001,0.0,0.0,0.0,0.0,0,1.0262105639134615,0.7825447948778691,False,False,False,False,0.2927638414835539,0.2787485310458001,False,False,False,False,-10683066,-12103330.764670897,False,False,False,False,679419.4641528438,False,False,False,False
2022-12-01 00:00:00+00:00,12.3940357184,12.4714984416,12.0454534638,12.4037185588,812246,,,,,10.3630112211045,11.76652146053014,"rgba(38, 166, 154, 1.0)",1.0689969971365887,10.942176822849964,1.358150583620889,62.97186718374951,15.368117640111123,True,False,True,False,False,12.002364720216622,10.701035157276001,10.979021875525,0.0,0.0,0.0,0.0,0,1.0291751651125152,0.7883156823799689,False,False,False,False,0.3126017737895399,0.29567515241767,False,False,False,False,-9870820,-12015781.322919097,False,False,False,False,684628.3479115559,False,False,False,False
2022-12-02 00:00:00+00:00,12.3262558356,12.360145777,12.1035505063,12.1810132295,673410,,,,,10.389581614896244,11.781834551283072,"rgba(38, 166, 154, 1.0)",1.0903068532654234,10.957482047896162,1.2554023517365016,62.8148602419503,15.145083152412553,True,False,True,False,False,11.440162681768598,10.758153794908,10.9804857817175,0.0,0.0,0.0,0.0,0,1.0285268107876475,0.7891948898565185,False,False,False,False,0.3068352952690904,0.3012552238433802,False,False,False,False,-10544230,-11958073.427902661,False,False,False,False,684188.4126993379,False,False,False,False
2022-12-05 00:00:00+00:00,11.9486250598,12.2681587931,11.8856865971,12.2487931123,611201,,,,,10.41019056703926,11.770098505372228,"rgba(38, 166, 154, 0.5)",1.1027302908274343,10.962340508788827,0.8944023386453935,61.68663957738355,13.973924566499718,False,False,True,False,False,8.37714930827699,10.814663435401998,10.9799658023315,0.0,0.0,0.0,0.0,0,1.0275383689058444,0.7742707699786029,False,False,False,False,0.2736610395737908,0.2874581317085855,False,False,False,False,-11155431,-11926597.254259419,False,False,False,False,681326.1612209325,False,False,False,False
2022-12-06 00:00:00+00:00,11.9873564214,12.1132333467,11.9098936982,12.074501985,726514,,,,,10.43357567074001,11.762096082416031,"rgba(38, 166, 154, 0.5)",1.1129056342862653,10.969435682217364,0.9146514383813447,60.838448412672676,13.093526570548661,False,True,True,False,False,8.62330972547916,10.874455120876,10.980883991844001,0.0,0.0,0.0,0.0,0,1.0350845965630688,0.7805961704835119,False,False,False,False,0.25832340506388835,0.27289076838623694,False,False,False,False,-10428917,-11867864.695268853,False,False,False,False,683098.2333299154,False,False,False,False
2022-12-07 00:00:00+00:00,12.1132333467,12.2100617507,11.9728321608,12.0648191446,630670,,,,,10.454524008253484,11.767122744837334,"rgba(38, 166, 154, 1.0)",1.125428104898847,10.97945790224379,1.0074170349230012,60.39095026637485,12.610815053756475,False,True,True,False,False,9.426796430299682,10.935799953414,10.983341017126,0.0,0.0,0.0,0.0,0,1.0324786692993166,0.7760648821670083,False,False,False,False,0.2693070735309478,0.27109892095859234,False,False,False,False,-9798247,-11786703.217023015,False,False,False,False,681042.2241797227,False,False,False,False
2022-12-08 00:00:00+00:00,12.1132333467,12.4134013992,12.0832165414,12.2972073144,781749,,,,,10.481375943185832,11.782886530619205,"rgba(38, 166, 154, 0.5)",1.1382778758636356,10.99514859381979,0.9822599354589886,60.0248154194039,12.204942774220399,False,True,True,False,False,9.426796430299682,10.98615072352,10.984649262017001,0.0,0.0,0.0,0.0,0,1.0355841209832264,0.7894442344202912,False,False,False,False,0.30630340506907255,0.2887011630138324,False,False,False,False,-9798247,-11708724.541845642,False,False,False,False,684991.5095060081,False,False,False,False
2022-12-09 00:00:00+00:00,11.8711623365,12.2197445911,11.8517966557,12.2197445911,1408020,,,,,10.52173053999072,11.779007258741853,"rgba(38, 166, 154, 0.5)",1.1469962469281163,11.010536039737405,0.7503305255509972,59.0533190459284,11.208602698023242,False,True,False,False,False,7.42883649048024,11.03185373023,10.985369407901999,0.0,0.0,0.0,0.0,0,1.0138744832761286,0.8022347488554371,False,False,False,False,0.25524623726371715,0.27197370013877475,False,False,False,False,-11206267,-11689020.324518362,False,False,False,False,713345.567956753,False,False,False,False
2022-12-12 00:00:00+00:00,11.8227481345,11.8324309749,11.6290913264,11.7356025709,629895,,,,,10.536477936187605,11.767493321208564,"rgba(38, 166, 154, 0.5)",1.1547413676848401,11.013135163224957,0.701120609282621,58.127338617828,10.268725447040374,False,True,False,False,False,7.032652302107117,11.071166062274,10.98546455598,0.0,0.0,0.0,0.0,0,0.993766299530839,0.8370983668969836,False,False,False,False,0.18412270115039545,0.2280482006445851,False,False,False,False,-11836162,-11694790.586301956,False,False,False,False,710072.9966643313,False,False,False,False
2022-12-13 00:00:00+00:00,11.929259379,12.2100617507,11.8130652941,12.2003789103,688171,,,,,10.555051073922984,11.769142892068182,"rgba(38, 166, 154, 0.5)",1.1600058198411634,11.021306638824814,0.7827139525037113,57.618467025642964,9.74244970779396,False,True,False,False,False,7.758180062396935,11.10621794454,10.9859486627315,0.0,0.0,0.0,0.0,0,0.9866970041690935,0.8368398432714361,False,False,False,False,0.2495173860679786,0.23878279335628183,False,False,False,False,-11147991,-11673347.465270508,False,False,False,False,709214.0948343575,False,False,False,False
2022-12-14 00:00:00+00:00,11.9195765386,11.9970392618,11.7259197305,11.9098936982,524626,,,,,10.567892813409525,11.766699633809159,"rgba(38, 166, 154, 0.5)",1.1643841588037616,11.025888641237103,0.7675198005794183,57.17351328615938,9.275507394553657,False,True,False,False,False,7.676311711149822,11.135266465755999,10.982794416558999,0.0,0.0,0.0,0.0,0,0.9717626037013782,0.8674205488339141,False,False,False,False,0.21433896883452505,0.22656088109540345,False,False,False,False,-11672617,-11673318.819573626,False,False,False,False,701975.3460173239,False,False,False,False
2022-12-15 00:00:00+00:00,11.6387741668,11.8179067143,11.570994284,11.5903599648,552465,,,,,10.579080355297767,11.756847037783693,"rgba(38, 166, 154, 0.5)",1.1614724727378622,11.027550167471858,0.5262492342047015,56.00625372302352,8.104434932484992,False,True,False,True,False,5.324907617588025,11.161797448466,10.9777096341815,0.0,0.0,0.0,0.0,0,0.9773263400253005,0.8625099143011753,False,False,False,False,0.17579020955193822,0.20117554532367082,False,False,False,False,-12225082,-11694956.591355052,False,False,False,False,696112.1951931152,False,False,False,False
2022-12-16 00:00:00+00:00,11.6871883688,11.7549682517,11.5032144011,11.5322629224,2268774,,,,,10.621656645918254,11.723615186359192,"rgba(38, 166, 154, 0.5)",1.1571563397425586,11.035236176251981,0.5634089104096883,55.17982859952147,7.2787323024578185,False,True,False,True,False,5.67180577635488,11.190071342448,10.971813874121999,0.0,0.0,0.0,0.0,0,0.9744465820120718,0.8680569449930925,False,False,False,False,0.16085159988047548,0.18101357260207315,False,False,False,False,-9956308,-11626774.293654853,False,False,False,False,757785.2071463263,False,False,False,False
2022-12-19 00:00:00+00:00,11.4741658799,11.7840167729,11.4063859971,11.7356025709,455010,,,,,10.629049078184131,11.781585933570991,#000000,1.1426381111072696,11.064905074657458,0.3581718492182516,53.91853549027314,6.03487416917222,False,True,False,True,False,3.907915312425736,11.225123224714,10.963608489528,0.0,0.0,0.0,0.0,0,0.990768433324386,0.8604690942198765,False,False,True,False,0.1531339944112798,0.16707378350667648,False,False,False,False,-10411318,-11579109.340962507,False,False,True,False,745911.6696111762,False,False,True,False
2022-12-20 00:00:00+00:00,11.7743339325,11.8179067143,11.6290913264,11.6484570072,493878,,,,,10.63852369695713,11.797105929227909,"rgba(38, 166, 154, 0.5)",1.13808900216811,11.073332795232856,0.6159457967977064,53.687394006773474,5.803625873918364,False,True,False,True,False,6.074824214378225,11.26947063377,10.955467969708,0.0,0.0,0.0,0.0,0,1.0052559638874694,0.8242733720286066,False,False,False,False,0.18245421489599525,0.17476399920133587,False,False,False,False,-9917440,-11513945.83739535,False,False,False,False,736027.996293091,False,False,False,False
2022-12-21 00:00:00+00:00,11.7840167729,11.9195765386,11.7307611507,11.8614794961,358199,,,,,10.645731324504485,11.80452345339192,"rgba(38, 166, 154, 0.5)",1.1318960282411292,11.078564952500182,0.6232478980388596,53.523153895138464,5.623064129440067,False,True,False,True,True,6.143907662591609,11.312656101976,10.9477109250375,0.0,0.0,0.0,0.0,0,1.0065640760356411,0.825583861382301,False,False,False,False,0.20590909000196336,0.19033654460164962,False,False,False,False,-9559241,-11437290.745732786,False,False,False,False,721211.1729090483,False,False,False,False
2022-12-22 00:00:00+00:00,11.8033824537,11.8227481345,11.6000428052,11.6968712092,353626,,,,,10.652342125392392,11.804119478401589,"rgba(38, 166, 154, 0.5)",1.1307853917757493,11.081334755430824,0.6385364575105582,53.440821684529254,5.508982260203048,False,True,False,True,True,6.284465469857022,11.353905002102001,10.9397156478235,0.0,0.0,0.0,0.0,0,1.0011386975125551,0.8324762771449505,False,False,False,False,0.1796756308280241,0.18500608771483684,False,False,False,False,-9205615,-11349774.049821695,False,False,False,False,706796.0680890855,False,False,False,False
2022-12-23 00:00:00+00:00,11.8130652941,11.9486250598,11.6581398476,11.8614794961,463070,,,,,10.661385020033675,11.806950368360017,"rgba(38, 166, 154, 0.5)",1.1292120117823516,11.08610974606923,0.6437724186827773,53.40067410764646,5.423640281381481,False,True,False,False,True,6.355957788019207,11.395541215843998,10.9295669557285,0.0,0.0,0.0,0.0,0,1.027698023078483,0.8178638715727625,False,False,False,False,0.1945576513073735,0.18978186951110518,False,False,False,False,-8742545,-11247529.7733581,False,False,False,False,697238.1830659842,False,False,False,False
2022-12-27 00:00:00+00:00,12.0648191446,12.2391102719,11.8566380759,11.9389422194,445736,,,,,10.671804625558618,11.821699999648837,"rgba(38, 166, 154, 0.5)",1.1322640815878726,11.09494706310042,0.8565776281973397,54.05242232565886,5.423640281381481,False,True,False,False,True,8.199823683108537,11.448409524454,10.92144288648,0.0,0.0,0.0,0.0,0,1.0201397494963804,0.7992406064711906,False,False,False,False,0.2539415746893738,0.22186172210023947,False,False,False,False,-8296809,-11131815.23322641,False,False,False,False,687375.3523575142,False,False,False,False
2022-12-28 00:00:00+00:00,11.7162368901,12.0115635224,11.667822688,11.9486250598,312406,,,,,10.677684402792393,11.820887436726979,"rgba(38, 166, 154, 0.5)",1.1341164276336673,11.09732000447372,0.5457260564663965,53.49511916145393,5.423640281381481,False,True,False,False,True,5.157713908628569,11.488496483732002,10.9143521252375,0.0,0.0,0.0,0.0,0,1.0069631780310135,0.8285917909583622,False,False,False,False,0.2027587542369222,0.21231023816858083,False,False,False,False,-8609215,-11032889.733884199,False,False,False,False,672670.6718729058,False,False,False,False
2022-12-29 00:00:00+00:00,11.7549682517,11.9006909986,11.7355385521,11.8424018998,370824,,,,,10.684575419916678,11.819858098225671,"rgba(38, 166, 154, 0.5)",1.13268094933578,11.100083275909318,0.5781724996564257,53.14781208999719,5.064047019613646,False,True,False,False,True,5.446054418137905,11.52858344301,10.9067370330585,0.0,0.0,0.0,0.0,0,1.0093607809616543,0.8353090045304186,False,False,False,False,0.19751731658293153,0.20491377737575617,False,False,False,False,-8238391,-10923301.54824168,False,False,False,False,660833.547485733,False,False,False,False
2022-12-30 00:00:00+00:00,11.7258237023,11.7646831015,11.6189603545,11.6966791529,226321,,,,,10.688388086408864,11.817129889782107,"rgba(38, 166, 154, 0.5)",1.1305409135459106,11.100988973142186,0.5526865252474907,52.77368005719471,4.652728914438967,False,True,False,False,False,5.191848332434873,11.572347961078002,10.898497559636,0.0,0.0,0.0,0.0,0,1.0173917196765037,0.8347741067210336,False,False,False,False,0.1580602573890927,0.18148701738242445,False,False,False,False,-8464712,-10826886.271840047,False,False,False,False,643793.8397411945,False,False,False,False
2023-01-03 00:00:00+00:00,11.9006909986,12.1727067929,11.83268705,11.9006909986,476829,,,,,10.698405921970812,11.82348747459651,"rgba(38, 166, 154, 0.5)",1.1244430912441397,11.107297201044458,0.705588218499961,52.97689993245962,4.652728914438967,False,True,False,False,False,6.516771204426071,11.617092286566,10.890127239853,0.0,0.0,0.0,0.0,0,1.0207831707460029,0.8279950110845514,False,False,False,False,0.23529065841890312,0.2083888379006638,False,False,False,False,-7987883,-10715552.81019926,False,False,False,False,637246.19896703,False,False,False,False
2023-01-04 00:00:00+00:00,12.2407107414,12.2504255912,11.929835548,12.0658434451,852788,,,,,10.718305482505436,11.844210544558257,"rgba(38, 166, 154, 0.5)",1.1211487351585179,11.122246703041533,0.9976054053170098,54.025012093354654,4.652728914438967,False,True,True,False,True,9.0021010304893,11.658179539272,10.8884350671455,0.0,0.0,0.0,0.0,0,1.0172834753959341,0.839370717402405,False,False,False,False,0.2586295708881842,0.23350920439442402,False,False,False,False,-7135095,-10575142.699995369,False,False,False,False,645698.8186153818,False,False,False,False
2023-01-05 00:00:00+00:00,12.260140441,12.2795701406,12.0075543463,12.0075543463,639762,,,,,10.733308635070332,11.85884494774127,"rgba(38, 166, 154, 1.0)",1.1200837107171024,11.13328541658003,1.006045363965282,54.92985370273726,3.1237144131004584,False,True,True,False,True,9.141464115420028,11.700042699586,10.8864092502895,0.0,0.0,0.0,0.0,0,1.0081664664032668,0.8357936445594841,False,False,False,False,0.27302758945582595,0.253268396925125,False,False,False,False,-6495333,-10415150.162740648,False,False,False,False,645466.0021990923,False,False,False,False
2023-01-06 00:00:00+00:00,12.357288939,12.4252928875,12.1532770933,12.3378592394,1436455,,,,,10.768813331527872,11.897082888900247,"rgba(38, 166, 154, 1.0)",1.11565423974262,11.160623771874226,1.0726129337363906,55.910231208873284,4.099623863732226,False,False,True,False,True,9.84343604107147,11.740169350506001,10.8856350295175,0.0,0.0,0.0,0.0,0,1.0033671789527496,0.8422912789809861,False,False,False,False,0.3128828211499996,0.2830756090375623,False,False,False,False,-5058878,-10205100.27400572,False,False,False,False,676485.1785834417,False,False,False,False
2023-01-09 00:00:00+00:00,12.2407107414,12.5321562353,12.1824216426,12.3961483381,1217811,,,,,10.797807499847405,11.9232025303138,"rgba(38, 166, 154, 0.5)",1.109856160014671,11.181604126734294,0.9542737634142651,56.282511283481526,4.475222484595179,False,False,True,False,True,8.750362112790498,11.774091301312001,10.8831291373665,0.0,0.0,0.0,0.0,0,0.9953451513925795,0.8528026832759116,False,False,False,False,0.3318094148828527,0.3074425119602075,False,False,False,False,-6276689,-10051044.929927064,False,False,False,False,697713.6421684048,False,False,False,False
2023-01-10 00:00:00+00:00,12.2892849904,12.4350077373,12.2067087671,12.3670037887,1489069,,,,,10.831637380523912,11.948993480104738,"rgba(38, 166, 154, 0.5)",1.101244792081002,11.204857790655181,0.9847285612997974,56.716634535149,4.917082949167813,True,False,True,False,True,9.111277218097019,11.810921305179999,10.88091398231,0.0,0.0,0.0,0.0,0,1.0005935743735204,0.8595620950426488,False,False,False,False,0.3216424307648925,0.31454247136255,False,False,False,False,-4787620,-9844636.109145612,False,False,False,False,728747.1856127811,False,False,False,False
2023-01-11 00:00:00+00:00,12.2698552908,12.3961483381,12.1727067929,12.3767186385,1216184,,,,,10.857613151424026,11.965124122030932,"rgba(38, 166, 154, 0.5)",1.0828267995229295,11.221735397085782,0.9679478695724915,56.99604733460266,5.212376022950849,True,False,True,False,True,8.924662853267765,11.846200774208,10.878936739703,0.0,0.0,0.0,0.0,0,1.0051423267955517,0.8507758024305615,False,False,False,False,0.31153933764103314,0.31304090450179156,False,False,False,False,-6003804,-9694015.242120292,False,False,False,False,747862.3548044368,False,False,False,False
2023-01-12 00:00:00+00:00,12.6293047332,12.6973086818,12.2504255912,12.3378592394,1449373,,,,,10.89252936080795,11.997692325989554,"rgba(38, 166, 154, 1.0)",1.0644914602138136,11.247749872546464,1.2978543391752873,58.14932856202982,6.361758548878512,True,False,True,False,True,11.580839678994419,11.890799456972,10.880288451495998,0.0,0.0,0.0,0.0,0,1.0064265125339429,0.83597998564376,False,False,False,False,0.34282822702300736,0.32793456576239943,False,False,False,False,-4554431,-9492462.918899888,False,False,False,False,775372.576184655,False,False,False,False
2023-01-13 00:00:00+00:00,12.8721759781,12.9887541756,12.6098750336,12.6098750336,2017161,,,,,10.9471933698349,12.060095923916803,"rgba(0, 255, 255, 0.75)",1.0495567884094876,11.292111138738425,1.505459120278785,59.62577205385164,7.808626487862597,True,False,True,False,True,13.291158970578643,11.938318996554,10.882471592716499,0.0,0.0,0.0,0.0,0,1.0223392352600102,0.8361080056433626,False,False,False,False,0.34282822996583195,0.3353813978641157,False,False,False,False,-2537270,-9219710.255413618,False,False,False,False,824070.1614323156,False,False,False,False
2023-01-17 00:00:00+00:00,12.6293047332,12.8236017291,12.5224413855,12.8138868793,815246,,,,,10.966549814814135,12.077087851546468,"rgba(38, 166, 154, 1.0)",1.0418089513384565,11.306403625233903,1.2698116159076083,59.89617435258013,8.065131975490559,True,False,True,False,True,10.926557030403966,11.991438578874002,10.88246391438,0.0,0.0,0.0,0.0,0,1.042354247622787,0.8343054064697069,False,False,False,False,0.3122520752477864,0.32381673655595106,False,False,False,False,-3352516,-8989624.206181712,False,False,False,False,823724.1158859503,False,False,False,False
2023-01-18 00:00:00+00:00,12.639019583,12.8721759781,12.6195898834,12.8333165789,524311,,,,,10.979143063767092,12.088456055154163,"rgba(38, 166, 154, 1.0)",1.0323332042698892,11.315816139252505,1.2817600347199158,60.14056637563803,8.309246244636185,True,False,True,False,True,10.99652162416091,12.046301712656,10.882312706256,0.0,0.0,0.0,0.0,0,1.0647842401171694,0.79390766297935,False,False,False,False,0.3246172151467153,0.3242169758513332,False,False,False,False,-2828205,-8747999.923586352,False,False,False,False,811982.4250668933,False,False,False,False
2023-01-19 00:00:00+00:00,13.3093442188,13.3287739184,12.687593832,12.7070235316,1143562,,,,,11.012165491606183,12.128032022715484,"rgba(0, 255, 255, 0.75)",1.0408464342557597,11.343426644725685,1.8887681307954056,61.69767181565917,9.837726742097772,True,False,True,False,True,15.56591796549182,12.094431031111998,10.8834960289275,0.0,0.0,0.0,0.0,0,1.0517059929085206,0.7950441089402028,False,False,False,False,0.3428282201796227,0.33352259801547796,False,False,False,False,-1684643,-8471005.534426102,False,False,False,False,824985.5456525054,False,False,False,False
2023-01-20 00:00:00+00:00,13.2510551201,13.3530610429,13.0965890083,13.1150472229,733815,,,,,11.034053183215141,12.154830793229099,"rgba(0, 255, 255, 0.75)",1.0518162292758206,11.361948232206242,1.7960427262036216,62.75469356211908,10.85845108342626,True,False,True,False,True,14.995814543165274,12.141588224401998,10.8847240881695,0.0,0.0,0.0,0.0,0,1.053419495934965,0.7958712423111799,False,False,False,False,0.34282821268506264,0.3381754053502703,False,False,False,False,-2418458,-8233650.729154491,False,False,False,False,821410.2301367208,False,False,False,False
2023-01-23 00:00:00+00:00,13.1539066221,13.2704848197,13.0276135748,13.1830511715,662469,,,,,11.05271472339264,12.175926601600551,"rgba(0, 255, 255, 0.75)",1.0633012990138502,11.377263938485783,1.6708741776784708,63.25556842721888,11.333861229203542,True,False,True,False,True,14.042559385113325,12.168986021385999,10.8868591591865,0.0,0.0,0.0,0.0,0,1.0428513164219604,0.8531792533929108,False,False,False,False,0.3087622356469604,0.32346882049861536,False,False,False,False,-3080927,-8031583.131932747,False,False,False,False,815177.2407195945,False,False,False,False
2023-01-24 00:00:00+00:00,13.3676333176,13.4356372662,13.0324709997,13.1441917723,423094,,,,,11.065178144301537,12.19068997125738,"rgba(0, 255, 255, 0.75)",1.0758725536158782,11.38770596633874,1.8402991549574923,64.06935745215146,12.12182723271706,True,False,True,False,True,15.458366854934425,12.204144174825998,10.8895826035895,0.0,0.0,0.0,0.0,0,1.0002047551318183,0.8446298891023145,False,False,False,False,0.3428282092217327,0.33314851486017405,False,False,False,False,-2657833,-7820847.832641267,False,False,False,False,799801.4273580419,False,False,False,False
2023-01-25 00:00:00+00:00,13.5425006139,13.6250768372,13.2899145192,13.3287739184,630429,,,,,11.085207253590168,12.552638909782718,"rgba(0, 255, 255, 0.75)",1.090212180352517,11.51453385113672,1.8601578658821643,65.04439918686413,13.066176370233244,True,False,True,False,True,16.590978837312115,12.230211981666,10.8922678903005,0.0,0.0,0.0,0.0,0,1.015786404286344,0.8885301375770784,False,True,False,False,0.3428282146441522,0.3379883647521631,False,True,False,False,-2027404,-7593653.956851414,False,False,False,False,793159.3713832167,False,False,False,False
2023-01-26 00:00:00+00:00,13.348203618,13.5522154637,13.2607699699,13.4744966654,666485,,,,,11.105168103225491,12.56205107563546,"rgba(0, 255, 255, 0.75)",1.087172675184953,11.527759495041279,1.6744756049438247,65.10725708003778,13.122069751048855,True,False,True,False,True,14.65732991585784,12.246390487536,10.892877093822,0.0,0.0,0.0,0.0,0,1.0091555607093674,0.8868472573134978,False,False,False,False,0.32267585559306683,0.330332110172615,False,False,False,False,-2693889,-7401506.311484693,False,False,False,False,788191.7489760317,False,False,False,False
2023-01-27 00:00:00+00:00,13.1441917723,13.2704848197,13.1053323731,13.2510551201,470162,,,,,11.117742736136842,12.558590841820733,"rgba(0, 255, 255, 0.75)",1.0737160932931025,11.533578697633828,1.5000362616587013,64.43807961790766,13.122069751048855,True,False,True,False,False,12.674160731503182,12.262168235846,10.8925142641245,0.0,0.0,0.0,0.0,0,0.9925163169649729,0.8968169306355653,False,False,False,False,0.23890148452441476,0.28461679734851486,False,False,False,False,-3164051,-7235331.5933872545,False,False,False,False,775719.9941142264,False,False,False,False
2023-01-30 00:00:00+00:00,12.9887541756,13.3287739184,12.9887541756,13.0859026736,496823,,,,,11.13041052568032,12.55676188195211,"rgba(38, 166, 154, 1.0)",1.0570710730241264,11.53986555375159,1.370663391349223,63.37146513231208,13.122069751048855,True,False,True,False,False,11.191932117935384,12.276386486688,10.891326220434001,0.0,0.0,0.0,0.0,0,0.9912703176125314,0.8860480574658263,False,False,False,False,0.22799930553996528,0.25630805144424007,False,False,False,False,-3660874,-7095156.785803441,False,False,False,False,764782.8570901391,False,False,False,False
2023-01-31 00:00:00+00:00,12.9984690254,13.066472974,12.7847423299,12.920750227,553498,,,,,11.14325946050974,12.550921329588567,"rgba(38, 166, 154, 1.0)",1.0414946035718575,11.54515626525517,1.3954107444826143,62.52180698081588,14.548747225929375,True,False,True,False,False,11.260655592657784,12.292348288989999,10.889514386865,0.0,0.0,0.0,0.0,0,0.9759632296268466,0.8980323870526036,False,False,False,False,0.1424538817523027,0.19938096659827137,False,False,False,False,-3107376,-6938773.225575855,False,False,False,False,756497.1764199376,False,False,False,False
2023-02-01 00:00:00+00:00,13.1247620727,13.2170531458,12.8916056777,13.0276135748,629544,,,,,11.158674118645955,12.556163227205044,"rgba(0, 255, 255, 0.75)",1.02564082298491,11.554785460218298,1.5307274996256657,62.12895784693271,14.16284457029576,True,False,True,False,False,12.158484209460731,12.310061325006,10.887421524359002,0.0,0.0,0.0,0.0,0,0.9998693324666136,0.8833876103572561,False,False,False,False,0.18934811190170786,0.19436453924998962,False,False,False,False,-2477832,-6763834.353984645,False,False,False,False,751518.6204819009,False,False,False,False
2023-02-02 00:00:00+00:00,12.8138868793,13.2024808711,12.6584492826,13.1344769225,812822,,,,,11.176320682336351,12.553886614452043,"rgba(38, 166, 154, 1.0)",0.9932634549887489,11.563568149330882,1.2587986839637435,60.76822551568343,12.828221989132487,False,False,True,False,False,9.180132333167812,12.320782229922,10.884974936113998,0.0,0.0,0.0,0.0,0,0.9721580127335715,0.8869007806666459,False,False,False,False,0.144210970274204,0.1692877547620968,False,False,False,False,-3290654,-6627631.202847992,False,False,False,False,753922.6745806499,False,False,False,False
2023-02-03 00:00:00+00:00,12.4932968361,12.6584492826,12.3961483381,12.5515859348,708381,,,,,11.188104945662808,12.537447677457076,"rgba(38, 166, 154, 0.5)",0.9637189164448204,11.565370071446898,0.9628603826479244,58.72641646139362,10.848216139306537,False,False,False,False,False,6.258191773416748,12.329351783752,10.8810214496715,0.0,0.0,0.0,0.0,0,0.9544982592396348,0.9113506929822186,False,False,False,False,0.00033676254463233684,0.08481225865336456,False,False,False,False,-3999035,-6524548.998814738,False,False,False,False,752136.7265578794,False,False,False,False
2023-02-06 00:00:00+00:00,12.4350077373,12.5515859348,12.30871469,12.4835819863,526845,,,,,11.196188459183954,12.525508520974226,"rgba(38, 166, 154, 0.5)",0.9325232875397979,11.566408818274484,0.9314501102884747,56.89715047760001,9.102670733863334,False,True,False,True,False,5.738252820867324,12.331720478594,10.87485547737,0.0,0.0,0.0,0.0,0,0.9467124362865844,0.9294907439522353,False,False,False,False,-0.03410603284392291,0.025353112904720823,False,False,False,False,-4525880,-6446169.822390631,False,False,False,False,743301.7568889429,False,False,False,False
2023-02-07 00:00:00+00:00,12.5710156344,12.6487344328,12.3621463638,12.4738671365,516346,,,,,11.204614259521794,12.518673399426254,"rgba(38, 166, 154, 1.0)",0.8924526228833036,11.569012006570238,1.1227527401875124,55.78866525165729,8.073198530600102,False,True,False,True,False,6.77760533248189,12.335841047337999,10.872539261155998,0.0,0.0,0.0,0.0,0,0.9470260969998137,0.9298719481200175,False,False,False,False,-0.007410027971768173,0.008971542466476325,False,False,False,False,-4009534,-6350615.476414528,False,False,False,False,734401.5311285922,False,False,False,False
2023-02-08 00:00:00+00:00,12.4932968361,12.6584492826,12.4641522867,12.6001601838,358045,,,,,11.210444060032675,12.514907581574557,"rgba(38, 166, 154, 1.0)",0.8527038952759557,11.571073739567618,1.0815279508415157,54.65568470132429,7.0153626123580395,False,True,False,True,False,6.068262527867166,12.341699405854,10.871419309251998,0.0,0.0,0.0,0.0,0,0.9578926725956971,0.9270132133418865,False,False,False,False,0.012387748191194325,0.010679645328835325,False,False,False,False,-4367579,-6272849.340084546,False,False,False,False,719642.4514764906,False,False,False,False
2023-02-09 00:00:00+00:00,12.3184295398,12.6584492826,12.2455681663,12.6001601838,418754,,,,,11.216531114039997,12.508214278572733,"rgba(38, 166, 154, 0.5)",0.8264142665518995,11.572467542941578,0.9026489825385604,53.233764560666465,5.673370448803269,False,True,False,True,False,4.485319995699168,12.352968631616,10.871490139258999,0.0,0.0,0.0,0.0,0,0.9740028496759799,0.9154575062649996,False,False,False,False,-0.02635225816208926,-0.007836306416626967,False,False,False,False,-4786333,-6214554.581649858,False,False,False,False,707842.9043597655,False,False,False,False
2023-02-10 00:00:00+00:00,12.4155780377,12.5661582095,12.2989998402,12.2989998402,504513,,,,,11.223901360175313,12.501647322499007,"rgba(38, 166, 154, 1.0)",0.7981187223880781,11.574572972819675,1.0537342895101176,52.37202744404635,4.877831048253874,False,True,False,True,False,5.25731478071441,12.359402839052,10.873583544047499,0.0,0.0,0.0,0.0,0,0.972330390069401,0.9212162330762612,False,False,False,False,-0.03324431689691776,-0.020540311656772364,False,False,False,False,-4281820,-6138761.068643982,False,False,False,False,699869.1826201669,False,False,False,False
2023-02-13 00:00:00+00:00,12.4252928875,12.4884394112,12.2892849904,12.357288939,389155,,,,,11.229404240970347,12.496684304967058,"rgba(38, 166, 154, 1.0)",0.7735647613623677,11.576126614169107,1.0977313287065698,51.697715933008695,4.252310996522546,False,True,False,True,False,5.335140387992173,12.363707461788,10.876878147304001,0.0,0.0,0.0,0.0,0,0.9605007294022966,0.9386840322588563,False,False,False,False,-0.04876400071336047,-0.03465215618506642,False,False,False,False,-3892665,-6050678.86987363,False,False,False,False,687684.3127134937,False,False,False,False
2023-02-14 00:00:00+00:00,12.6195898834,12.639019583,12.30871469,12.3475740892,668056,,,,,11.23969873274222,12.4929615031336,"rgba(38, 166, 154, 1.0)",0.7544047220803715,11.58056328301431,1.377280085840973,51.75102536032308,4.252310996522546,False,True,False,True,False,6.886320105473164,12.368218545088,10.8801837153575,0.0,0.0,0.0,0.0,0,0.9578193526346364,0.9367527867020583,False,False,False,False,-0.018601650165993692,-0.026626903175530056,False,False,False,False,-3224609,-5939852.60046682,False,False,False,False,686914.5749600234,False,False,False,False
2023-02-15 00:00:00+00:00,12.5515859348,12.5613007846,12.30871469,12.3378592394,589493,,,,,11.248308546787907,12.489012918076742,"rgba(38, 166, 154, 1.0)",0.7301874284470455,11.584045895334796,1.3250571042053647,51.57356688712378,4.135973699798832,False,True,False,True,True,6.2402766760091914,12.372725147071998,10.883869653805,0.0,0.0,0.0,0.0,0,0.9526692751753691,0.933173085510389,False,False,False,False,-0.032382650300343305,-0.02950477673793668,False,False,False,False,-3814102,-5856489.831821063,False,False,False,False,683094.1210400226,False,False,False,False
2023-02-16 00:00:00+00:00,12.5321562353,12.5855879091,12.2795701406,12.4350077373,459463,,,,,11.254892578786878,12.48616299602765,"rgba(38, 166, 154, 1.0)",0.705759655064615,11.5867575618921,1.3395476301650397,51.36371544024799,3.900505969502973,False,True,False,True,True,6.053840650869727,12.384395770582,10.8884189639375,0.0,0.0,0.0,0.0,0,0.9679679777590725,0.9288994195879714,False,False,False,False,-0.03324431689691776,-0.03137454681742722,False,False,False,False,-4273565,-5794414.348220237,False,False,False,False,674324.2731561001,False,False,False,False
2023-02-17 00:00:00+00:00,12.4058631879,12.4787245614,12.1629919431,12.3864334883,595031,,,,,11.262503388428382,12.480044602767986,"rgba(38, 166, 154, 1.0)",0.6749753657821789,11.589113167444728,1.210044191033255,50.77169730501427,3.2801312834634615,False,True,False,True,True,4.838610063851391,12.392765905911999,10.890944054568,0.0,0.0,0.0,0.0,0,0.956074210813198,0.923251546306467,False,False,False,False,-0.07295524810496339,-0.052164897461195306,False,False,False,False,-4868596,-5758107.746329247,False,False,False,False,671214.7330323315,False,False,False,False
2023-02-21 00:00:00+00:00,12.3281443896,12.5515859348,12.2698552908,12.3475740892,468083,,,,,11.268601481816939,12.476306579429714,"rgba(38, 166, 154, 1.0)",0.6449732084836227,11.591323901797502,1.1424047977664302,50.03434258838336,2.5168440623942985,False,True,False,True,True,4.093965535671547,12.39706412677,10.891783848961,0.0,0.0,0.0,0.0,0,0.958954791938652,0.9249707684808826,False,False,False,False,-0.04100169122449862,-0.04658329434284696,False,False,False,False,-5336679,-5741581.1288261395,False,False,False,False,663248.7827173381,False,False,False,False
2023-02-22 00:00:00+00:00,12.1921364924,12.2795701406,12.0658434451,12.2504255912,542317,,,,,11.274306117130722,12.468050786676836,"rgba(38, 166, 154, 1.0)",0.588770709749389,11.592074374901273,1.0191779372892782,49.00027864038848,1.4679716895041608,False,True,False,True,False,2.7982260222382678,12.398642189684,10.8937685922145,0.0,0.0,0.0,0.0,0,0.9358922283415495,0.9515600343147564,False,False,False,False,-0.12599367973083148,-0.08628848703683922,False,False,False,False,-5878996,-5746969.947303546,False,False,False,False,658506.3598656778,False,False,False,False
2023-02-23 00:00:00+00:00,12.1629919431,12.30871469,12.0561285953,12.2504255912,548036,,,,,11.279978383510024,12.4602509324184,"rgba(38, 166, 154, 1.0)",0.5202911639918886,11.592933539876435,1.095652670419849,48.06278002575775,0.5219262786560463,False,True,False,True,False,2.520537283226794,12.404478781816001,10.896087872813,0.0,0.0,0.0,0.0,0,0.9495043911855199,0.9370535583941457,False,False,False,False,-0.12249729582263523,-0.10439289142973723,False,False,True,False,-6427032,-5773639.047409289,False,False,False,False,654174.1888905532,False,False,True,False
2023-02-24 00:00:00+00:00,12.590445334,12.6050176087,11.9589800974,12.0172691961,871881,,,,,11.290926636334643,12.462023336305387,"rgba(0, 255, 255, 0.75)",0.49566166569464987,11.636820995687899,1.9239420845177433,48.82069359049434,0.5219262786560463,False,True,False,True,True,6.195964545744101,12.419832725806,10.9038582149955,0.0,0.0,0.0,0.0,0,0.958543031577847,0.8986921846777004,False,False,False,False,-0.08681537094732805,-0.09560413118853264,False,False,False,False,-5555151,-5765070.888687356,False,False,False,False,662711.7108948453,False,False,False,False
2023-02-27 00:00:00+00:00,12.590445334,12.8818908279,12.5710156344,12.6001601838,640038,,,,,11.300966368642703,12.489783907597358,"rgba(0, 255, 0, 1.0)",0.46824919506175583,11.649116416053696,2.0103161476276656,49.44080468891519,0.5219262786560463,False,True,False,True,True,6.195964545744111,12.433056444905999,10.91263710337,0.0,0.0,0.0,0.0,0,0.9849716332321642,0.9044220984049375,False,False,False,False,0.07103664365572013,-0.012283743766406258,False,False,False,False,-5555151,-5756838.736189813,False,False,False,False,661822.5457617141,False,False,False,False
2023-02-28 00:00:00+00:00,12.7361680809,12.8333165789,12.4738671365,12.5807304842,848629,,,,,11.3140566104775,12.505467704041921,"rgba(0, 255, 0, 1.0)",0.4661722727004471,11.660031927144658,2.308451653551789,50.41444253442015,0.5219262786560463,False,True,False,False,True,7.412557539679916,12.449388275752002,10.922144605479,0.0,0.0,0.0,0.0,0,0.9844344565428832,0.894762378449512,False,False,False,False,0.04512581851054631,0.016421037372070027,False,False,False,False,-4706522,-5715649.844574526,False,False,False,False,669148.2890651763,False,False,False,False
2023-03-01 00:00:00+00:00,13.1441917723,13.1830511715,12.779884905,12.8527462785,1175510,,,,,11.336382382702155,12.552491147074553,"rgba(0, 255, 0, 1.0)",0.4672773790746891,11.684216795871269,3.124428961915081,52.33658088617826,-0.12380509409336327,False,True,True,False,True,10.662869478545382,12.479496627862002,10.9368619426475,0.0,0.0,0.0,0.0,0,1.0164637602214914,0.8664169432328572,False,False,False,False,0.162716039640678,0.089568538506374,False,False,False,False,-3531012,-5629977.77223827,False,False,False,False,689005.6110626204,False,False,False,False
2023-03-02 00:00:00+00:00,13.1053323731,13.1490491972,13.0008977379,13.066472974,538947,,,,,11.346717710254953,12.569646009978445,"rgba(0, 255, 0, 1.0)",0.4748350235776317,11.69429085309902,2.9716458347354533,53.75866135304898,1.2569465700791511,False,False,True,False,True,10.264385082365248,12.507859507947998,10.951048800755999,0.0,0.0,0.0,0.0,0,1.03445702533995,0.8637674273311482,False,False,False,False,0.1969407727477728,0.1432546556270734,False,False,False,False,-4069959,-5568800.565483828,False,False,False,False,683120.9596484,False,False,False,False
2023-03-03 00:00:00+00:00,13.2316254205,13.2801996695,12.9887541756,13.2121957209,805544,,,,,11.362655757936999,12.59525354048975,"rgba(0, 255, 0, 1.0)",0.48472136074109545,11.70967927020103,3.139837179801712,55.244630540671864,2.689877499717511,True,False,True,False,True,11.247876651570149,12.54300869876,10.965675020065,0.0,0.0,0.0,0.0,0,1.0399154231533985,0.8566782165511414,False,False,False,False,0.21239439497350776,0.17782452530029058,False,False,False,False,-3264415,-5478432.504092306,False,False,False,False,687921.8631916,False,False,False,False
2023-03-06 00:00:00+00:00,13.1247620727,13.3724907425,13.0081838752,13.2024808711,968623,,,,,11.381471514967508,12.620443693930762,"rgba(0, 255, 0, 1.0)",0.4922103671655209,11.726601575836288,2.8405750673543557,56.02986712389945,3.434143526890338,True,False,True,False,True,10.13116969539627,12.570017261564,10.979238636534498,0.0,0.0,0.0,0.0,0,1.0368573718065974,0.8628645779446971,False,False,False,False,0.23433467260270333,0.20607959895149697,False,False,False,False,-4233038,-5429593.503931823,False,False,False,False,698929.7509095764,False,False,False,False
2023-03-07 00:00:00+00:00,12.6001601838,13.1344769225,12.5613007846,12.9596096262,884333,,,,,11.394511645685093,12.620487704182407,"rgba(0, 255, 255, 0.75)",0.4925951286703547,11.733714088466822,1.7589416640638451,54.88142133877183,3.434143526890338,True,False,True,False,False,4.946004783726174,12.586340129782,10.990947659705501,0.0,0.0,0.0,0.0,0,1.0026777241554152,0.8866985838679501,False,False,False,False,0.10248937558521258,0.15428448726835478,False,False,False,False,-5117371,-5417349.484169791,False,False,False,False,706200.4665601812,False,False,False,False
2023-03-08 00:00:00+00:00,12.3864334883,12.6973086818,12.3670037887,12.6098750336,721331,,,,,11.402818662293678,12.610672251735679,"rgba(38, 166, 154, 1.0)",0.49205641899022257,11.735596107040422,1.3226885294885469,53.34165894778131,6.032646298928604,False,False,False,False,False,2.9717016690476505,12.598001150474,10.997986098714499,0.0,0.0,0.0,0.0,0,0.998823637410757,0.9079723241796352,False,False,False,False,-0.01588856236059197,0.0691979624538814,False,False,False,False,-5838702,-5433873.112241564,False,False,False,False,706793.8208127231,False,False,False,False
2023-03-09 00:00:00+00:00,12.4155780377,12.6195898834,12.3961483381,12.4738671365,651883,,,,,11.410173295161632,12.602898838001478,"rgba(38, 166, 154, 1.0)",0.4916978208530668,11.737495261976196,1.379064024622622,52.174084722426514,4.916590414404553,False,True,False,False,False,3.2183640480347897,12.610051405346,11.005218286479499,0.0,0.0,0.0,0.0,0,0.9964780441579654,0.9193933435874845,False,False,False,False,-0.024970818206249256,0.022113572123816073,False,False,False,False,-5186819,-5424184.715683072,False,False,False,False,704640.4552906556,False,False,False,False
2023-03-10 00:00:00+00:00,12.6584492826,13.0373284246,12.6244473083,12.639019583,953021,,,,,11.423682172499179,12.605911602084724,"rgba(0, 255, 255, 0.75)",0.4923576547741125,11.745657257905208,1.8539206526880732,51.96063926280415,4.7238531177239835,False,True,False,False,False,5.24950350361884,12.621924008106,11.0126562842775,0.0,0.0,0.0,0.0,0,0.9884104173875796,0.9034108859903572,False,False,False,False,0.09607162777836582,0.05909259995109095,False,False,False,False,-4233798,-5377502.883695501,False,False,False,False,714380.8688086692,False,False,False,False
2023-03-13 00:00:00+00:00,13.3190590686,13.4113501417,13.066472974,13.0859026736,1673512,,,,,11.45518571674087,12.644232153894787,"rgba(0, 255, 0, 1.0)",0.5017694346655144,11.773298597898117,3.080619033186637,53.3967158054835,4.7238531177239835,False,False,True,False,True,10.328545972913261,12.653980451675999,11.022100628758999,0.0,0.0,0.0,0.0,0,1.0048294134768698,0.8528015967235575,False,False,False,False,0.2535942531962956,0.15634342657369327,False,False,False,False,-2560286,-5267023.790217246,False,False,False,False,751993.8543455842,False,False,False,False
2023-03-14 00:00:00+00:00,13.678508511,13.6882233608,13.2607699699,13.3093442188,1405658,,,,,11.484747243813212,12.686100618703227,"rgba(0, 255, 0, 1.0)",0.5220530508752017,11.800999063945135,3.596395891006276,55.25824867277564,2.408818184900973,True,False,True,False,True,12.841595985103108,12.692451256862,11.0349270787535,0.0,0.0,0.0,0.0,0,1.0131900204819084,0.8335812308761262,False,False,False,False,0.342828212867855,0.24958581972077412,False,False,False,False,-1154628,-5105753.367071472,False,False,False,False,777627.7424104633,False,False,False,False
2023-03-15 00:00:00+00:00,13.6493639617,14.0088134041,13.445352116,13.8630906571,1629000,,,,,11.520537441182663,12.737065978020098,"rgba(0, 255, 0, 1.0)",0.5402273945487478,11.834784348153518,3.3589181738223446,56.68891360464964,3.781323254472454,True,False,True,False,True,12.560089659936374,12.730922062049999,11.047655832011001,0.0,0.0,0.0,0.0,0,1.0298687419492067,0.8117447181569404,False,False,False,False,0.34282821146343123,0.29620701559210266,False,False,False,False,-2783628,-5014689.627186316,False,False,False,False,811014.8897669157,False,False,False,False
2023-03-16 00:00:00+00:00,13.6202194123,13.6979382106,13.2510551201,13.6882233608,864282,,,,,11.537548035999103,12.756303267127084,"rgba(0, 255, 0, 1.0)",0.555678658380238,11.849540826205427,3.186515370692786,57.763504455007705,4.805642794356508,True,False,True,False,True,12.27469214254598,12.765312630323999,11.0598546544485,0.0,0.0,0.0,0.0,0,1.0128791823044612,0.8506562902474815,False,False,False,False,0.2322477738021259,0.2642273946971143,False,False,False,False,-3647910,-4961090.426120186,False,False,False,False,813103.7960505661,False,False,False,False
2023-03-17 00:00:00+00:00,14.4168370954,14.5431301428,13.6493639617,13.8048015584,4598441,,,,,11.65281004819263,12.927410604432007,"rgba(0, 255, 0, 1.0)",0.5926213979971487,11.961459631761642,4.143248070246313,59.9641853215292,6.9291620900049224,True,False,True,False,True,17.50183643834978,12.808835157403998,11.077813527639,0.0,0.0,0.0,0.0,0,1.0289331882184194,0.8133942080478037,False,False,False,False,0.3428282164851778,0.30352780559114606,False,False,False,False,950531,-4729262.134899788,False,False,False,False,961548.3922838772,False,False,False,False
2023-03-20 00:00:00+00:00,14.4071222456,14.6985677395,14.2613994987,14.5722746922,1133841,,,,,11.682379171753464,12.969787882250737,"rgba(0, 255, 0, 1.0)",0.6295096881438828,11.989948700848915,3.8397717942644407,61.73304439203369,8.612804748302331,True,False,True,False,True,17.406010742545774,12.851774793495998,11.0950034364435,0.0,0.0,0.0,0.0,0,1.0576118696161232,0.8082235024820027,False,False,False,False,0.34282822231445287,0.32317801395279944,False,False,False,False,-183310,-4550989.502158619,False,False,False,False,968304.9651354899,False,False,False,False
2023-03-21 00:00:00+00:00,13.9893837045,14.2128252498,13.7367976098,14.0865322024,957939,,,,,11.702673783011468,12.991690250685854,"rgba(0, 255, 0, 1.0)",0.6499203356354216,12.007593033943312,3.0492824457002223,61.89115175793485,8.728345995776024,True,False,True,False,True,13.388387417977935,12.884416688806,11.107367170022501,0.0,0.0,0.0,0.0,0,1.0157082893286367,0.8354492313217233,False,False,False,False,0.18766726488823127,0.25542263942051535,False,False,False,False,-1141249,-4417274.188348478,False,False,False,False,967898.456698804,False,False,False,False
2023-03-22 00:00:00+00:00,14.2419697991,14.4945558938,14.0282431037,14.0768173526,1044360,,,,,11.727020347291349,13.021479571699189,"rgba(0, 255, 0, 1.0)",0.6776514544714095,12.029755819361132,3.2645307040098777,62.43510041838024,9.253125698103396,True,False,True,False,True,14.997971774670692,12.92444186996,11.122050406275001,0.0,0.0,0.0,0.0,0,1.0273286848963987,0.8255561515095481,False,False,False,False,0.2741408256428765,0.2647817325316959,False,False,False,False,-96889,-4247847.318217165,False,False,False,False,970896.9485929686,False,False,False,False
2023-03-23 00:00:00+00:00,14.5722746922,14.7957162374,14.3294034473,14.3585479967,1221543,,,,,11.758344956815268,13.063412767210512,"rgba(0, 255, 0, 1.0)",0.7143308624087932,12.05931003492315,3.517928161192544,63.37581245178811,10.181909261636207,True,False,True,False,True,17.019197793128217,12.970101663996,11.138385166992999,0.0,0.0,0.0,0.0,0,1.036662230358021,0.8033799563046433,False,False,False,False,0.3428282234236317,0.3038049779776638,False,False,False,False,1124654,-4037160.99201257,False,False,False,False,980726.2055108914,False,False,False,False
2023-03-24 00:00:00+00:00,14.581989542,14.7617142632,14.4945558938,14.6014192415,783302,,,,,11.778400234642978,13.089785884266641,"rgba(0, 255, 0, 1.0)",0.7447973424939388,12.078138106746161,3.361788895311768,64.15964545188206,10.964504243030056,True,False,True,False,True,17.07775621090739,13.016344349019999,11.154576397923499,0.0,0.0,0.0,0.0,0,1.0468519028723378,0.8035727707703879,False,False,False,False,0.34282822425130477,0.3233166011144843,False,False,False,False,1907956,-3804019.149188548,False,False,False,False,972984.0798045819,False,False,False,False
2023-03-27 00:00:00+00:00,14.7665716881,14.7762865379,14.2711143485,14.2808291983,1128049,,,,,11.806710943195718,13.125768655574344,"rgba(0, 255, 0, 1.0)",0.7793050125772516,12.10442419229425,3.41605334604704,65.07122571535862,11.879685715543758,True,False,True,False,True,18.190144287697393,13.059089688118,11.1720747476575,0.0,0.0,0.0,0.0,0,1.031224239987634,0.818899407985329,False,False,False,False,0.31164046983829385,0.31747853547638905,False,False,False,False,3036005,-3535782.9080438986,False,False,False,False,979065.0570671473,False,False,False,False
2023-03-28 00:00:00+00:00,15.1163062807,15.1260211305,14.6499934905,14.8442904864,1149493,,,,,11.838614264562983,13.169609336636743,"rgba(0, 255, 0, 1.0)",0.8248140940405111,12.13499117289092,3.6145297823471125,66.28927906747352,13.096029846413444,True,False,True,False,True,20.0,13.10397229417,11.193338862737999,0.0,0.0,0.0,0.0,0,1.0320632316616383,0.8168170407335434,False,False,False,False,0.34282822713820765,0.3301533813072983,False,False,False,False,4185498,-3232987.5783166867,False,False,False,False,985748.5058096121,False,False,False,False
2023-03-29 00:00:00+00:00,15.0677320317,15.1454508301,14.9025795852,14.960868684,979962,,,,,11.865943724847128,13.206707496458751,"rgba(0, 255, 0, 1.0)",0.8643081948569363,12.161097799429907,3.36296039950334,67.12665590951198,13.938833406192735,True,False,True,False,True,19.743300033626817,13.15274084014,11.212294988181,0.0,0.0,0.0,0.0,0,1.0522330242532838,0.8088121360534984,False,False,False,False,0.342828228439334,0.3364908048733162,False,False,False,False,3205536,-2980496.457598385,False,False,False,False,985521.5840131568,False,False,False,False
2023-03-30 00:00:00+00:00,15.2824302122,15.31165092,15.0097036054,15.31165092,800160,,,,,11.889041571285505,13.238532109316987,"rgba(0, 255, 0, 1.0)",0.9049187897863198,12.183319111135518,3.4247394750155213,68.09679221763494,14.916139491475263,True,False,True,False,True,20.0,13.205609052724,11.235494321129002,0.0,0.0,0.0,0.0,0,1.0526126544286518,0.8032598399267978,False,False,False,False,0.3428282296274119,0.33965951725036403,False,False,False,False,4005696,-2706528.12592786,False,False,False,False,978252.5022871507,False,False,False,False
2023-03-31 00:00:00+00:00,15.4090532796,15.4674946953,15.2045083245,15.2824302122,888591,,,,,11.915534233326571,13.275480341465416,"rgba(0, 255, 0, 1.0)",0.9453479027800333,12.20895836528937,3.3850975972971926,69.05296737759451,15.881243443396897,True,False,True,False,True,20.0,13.247603233940001,11.2598550555145,0.0,0.0,0.0,0.0,0,1.0629926580552898,0.8171835233000606,False,False,False,False,0.3428282310012751,0.3412438741258196,False,False,False,False,4894287,-2408456.9445189247,False,False,False,False,974736.3649425566,False,False,False,False
2023-04-03 00:00:00+00:00,15.8668443694,15.944766257,15.3603520998,15.4090532796,1320364,,,,,11.958238889686385,13.337433104265944,"rgba(0, 255, 0, 1.0)",1.000251618007844,12.25099390171161,3.61494088346482,70.36897353763212,17.19671897946462,True,False,True,False,True,20.0,13.299919018926,11.285880407230001,0.0,0.0,0.0,0.0,0,1.0488689819831443,0.7969101264611888,False,False,False,False,0.3428282331312271,0.34203605362852335,False,False,False,False,6214651,-2070295.8486554376,False,False,False,False,988290.3898467701,False,False,False,False
2023-04-04 00:00:00+00:00,16.2759342795,16.3684665211,15.7889224818,15.8571041335,1353040,,,,,12.00579451477958,13.408477198288182,"rgba(0, 255, 0, 1.0)",1.0656863605438247,12.298437224767257,3.7323336414881085,71.85148422971388,18.666047090950002,True,False,True,False,True,20.0,13.362359572073998,11.312702532259,0.0,0.0,0.0,0.0,0,1.0732611907543927,0.7747077883818182,False,False,False,False,0.3428282354532864,0.34243214454090487,False,False,False,False,7567691,-1692335.5800807145,False,False,False,False,1002594.296127289,False,False,False,False
2023-04-05 00:00:00+00:00,16.2174928638,16.5584011222,16.0032076728,16.4999597064,1227533,,,,,12.049189450532113,14.101691245135289,"rgba(0, 255, 0, 1.0)",1.117769998384225,12.57004470230611,3.2631473082712925,72.86463019148891,19.669975154976356,True,False,True,False,True,20.0,13.419356762998,11.34028902241,0.0,0.0,0.0,0.0,0,1.0832379245147399,0.7751841791619803,False,False,False,False,0.3428282363861827,0.3426301904635438,False,False,False,False,6340158,-1377335.831842255,False,False,False,False,1011415.4217693561,False,False,False,False
2023-04-06 00:00:00+00:00,16.168791684,16.3635964031,15.9058053132,16.0713893244,1168157,,,,,12.088578564885326,14.136703045783179,"rgba(0, 255, 0, 1.0)",1.1633514065028046,12.604817422684409,3.063540596069239,73.5223701861299,20.332463002966804,True,False,True,False,True,20.0,13.4718825844,11.367247798589,0.0,0.0,0.0,0.0,0,1.064983325860957,0.7957770225880739,False,False,False,False,0.3167079843695939,0.32966908741656886,False,False,False,False,5172001,-1120499.0933386371,False,False,False,False,1017562.1503274206,False,False,False,False
2023-04-10 00:00:00+00:00,15.7791822458,16.0129479087,15.6038579986,15.9739869649,963859,,,,,12.117778904414978,14.144572464598571,"rgba(0, 255, 0, 1.0)",1.1880202096675645,12.625977636313921,2.654167482864974,72.76543506973478,20.332463002966804,True,False,True,False,False,20.0,13.520502156955999,11.393267073769,0.0,0.0,0.0,0.0,0,1.0429611937302632,0.8045478135380285,False,False,False,False,0.2597960594992276,0.2947325734578983,False,False,False,False,4208142,-911532.7759528083,False,False,False,False,1015456.1444322277,False,False,False,False
2023-04-11 00:00:00+00:00,16.0421686166,16.2808043975,15.8278834256,15.8765846054,1002788,,,,,12.1497183606161,14.177841015671996,"rgba(0, 255, 0, 1.0)",1.2226132945168562,12.655365935530723,2.7701340205102642,72.49279771481055,20.332463002966804,True,False,True,False,False,20.0,13.578461693842,11.4227624512135,0.0,0.0,0.0,0.0,0,1.062316387147459,0.7816548084416688,False,False,False,False,0.30252018153008714,0.2986263774939927,False,False,False,False,5210930,-671436.1965036787,False,False,False,False,1014959.3544544933,False,False,False,False
2023-04-12 00:00:00+00:00,16.0324283806,16.3928171109,15.9739869649,16.2856745154,813773,,,,,12.175800824933138,14.20794140460969,"rgba(0, 255, 0, 1.0)",1.2535041654840409,12.680117645917596,2.674351491594691,72.23828484815715,20.332463002966804,True,False,True,False,False,20.0,13.639335177942,11.451104529268001,0.0,0.0,0.0,0.0,0,1.0748241002520746,0.7798829675023797,False,False,False,False,0.3253667654336081,0.3119965714638004,False,False,False,False,4397157,-472667.83585647563,False,False,False,False,1007069.6934954935,False,False,False,False
2023-04-13 00:00:00+00:00,16.2174928638,16.4025573469,16.163921566,16.2856745154,883061,,,,,12.20462516329893,14.244500808365027,"rgba(0, 255, 0, 1.0)",1.2868760928066485,12.708326575342719,2.7268874665344565,72.27398590197707,20.332463002966804,True,False,True,False,False,20.0,13.703715654709999,11.4803719297385,0.0,0.0,0.0,0.0,0,1.0871850658227327,0.76132615558106,False,False,False,False,0.3428282363968631,0.3274124039303318,False,False,False,False,5280218,-247064.46974445702,False,False,False,False,1002206.6074760625,False,False,False,False
2023-04-14 00:00:00+00:00,16.0421686166,16.1931422739,15.740221302,16.0226881447,857709,,,,,12.230401156798873,14.267733261976456,"rgba(0, 255, 0, 1.0)",1.311953379657307,12.731128041890603,2.52374865300036,71.71905071987347,20.332463002966804,True,False,True,False,False,20.0,13.762063785588003,11.5096271771375,0.0,0.0,0.0,0.0,0,1.0599345070475672,0.7791629062353178,False,False,False,False,0.2867843968162626,0.30709840037329716,False,False,False,False,4422509,-63943.94151918418,False,False,False,False,996540.034633864,False,False,False,False
2023-04-17 00:00:00+00:00,15.6915201222,16.0129479087,15.5795074088,15.9837272009,753931,,,,,12.251399477228045,14.281008939755656,"rgba(0, 255, 0, 1.0)",1.3293343668727011,12.74824457695372,2.214097234370329,70.18741815653664,23.094256542083528,True,False,True,False,False,18.35022145190279,13.819616450445999,11.5369720313575,0.0,0.0,0.0,0.0,0,1.06225053157561,0.7848655756946038,False,False,False,False,0.25733784278453786,0.2822181215789175,False,False,False,False,3668578,82429.46795215635,False,False,False,False,987025.9548443008,False,False,False,False
2023-04-18 00:00:00+00:00,15.8181431896,16.1395709761,15.6915201222,15.7597017739,880343,,,,,12.276444333766452,14.301323419035734,"rgba(0, 255, 0, 1.0)",1.3420275139195195,12.76981367019344,2.271435933905426,69.14518112871419,22.020658305599326,True,False,True,False,False,19.07616741660485,13.886113377516,11.5673609795175,0.0,0.0,0.0,0.0,0,1.0876309506769346,0.7604068016923375,False,False,False,False,0.2779016500403836,0.2800598858096506,False,False,False,False,4548921,257585.99862069922,False,False,False,False,982842.3095562889,False,False,False,False
2023-04-19 00:00:00+00:00,15.6622994144,15.7207408301,15.4285337515,15.5551568189,651835,,,,,12.293348421902676,14.74734630503033,"rgba(0, 255, 255, 0.75)",1.349635123406742,12.971769339577296,1.9935240482118464,67.8302451076053,20.691013014338836,False,False,True,False,False,17.586111797583495,13.950659211058001,11.5954276824955,0.0,0.0,0.0,0.0,0,1.0739849156479577,0.7723296440755524,False,False,False,False,0.21969212844010721,0.2498760071248789,False,False,False,False,3897086,400311.4888708679,False,False,False,False,969861.6307501598,False,False,False,False
2023-04-20 00:00:00+00:00,15.7986627177,15.9837272009,15.749961538,15.7889224818,629510,,,,,12.310684336074182,14.781106699572153,"rgba(0, 255, 0, 1.0)",1.3575361498613379,12.992092615759352,2.0673999010835304,66.9977747542248,19.842994583669622,False,False,True,False,False,18.3867256762271,14.015212152724,11.626924717598001,0.0,0.0,0.0,0.0,0,1.082457707376402,0.7634102183381355,False,False,False,False,0.26948148046368026,0.2596787437942796,False,False,False,False,4526596,562126.5677386769,False,False,False,False,956514.5079756437,False,False,False,False
2023-04-21 00:00:00+00:00,15.6233384706,15.7986627177,15.4626245773,15.7304810661,858351,,,,,12.332623454914183,14.78185365315204,"rgba(0, 255, 255, 0.75)",1.3627923287812356,13.00721980262146,1.919675223236817,65.79308523302583,18.633399607208318,False,True,True,False,False,16.708940985791898,14.077812985414,11.657593351036999,0.0,0.0,0.0,0.0,0,1.0634707879792051,0.7742198103898622,False,False,False,False,0.22914529777531398,0.2444120207847968,False,False,False,False,3668245,683935.1337097092,False,False,False,False,952664.9586432657,False,False,False,False
2023-04-24 00:00:00+00:00,15.7597017739,15.7937925998,15.5064556391,15.6135982346,649795,,,,,12.349331061315509,14.78961344747971,"rgba(0, 255, 255, 0.75)",1.3743294865387328,13.020551693742366,1.9930810675220394,65.06703406760231,17.896753414243165,False,True,True,False,False,17.528412249939347,14.146638430095999,11.6883169465555,0.0,0.0,0.0,0.0,0,1.0763487304407424,0.7731017205665975,False,False,False,False,0.2324427325106551,0.23842737664772595,False,False,False,False,4318040,826449.0500348186,False,False,False,False,940787.7053631375,False,False,False,False
2023-04-25 00:00:00+00:00,16.0226881447,16.0226881447,15.5015855211,15.7012603582,957731,,,,,12.374838294757078,14.813652421087834,"rgba(0, 255, 0, 1.0)",1.3899528251792987,13.044022421685408,2.1429977111851644,64.94761732556769,17.74404000869447,False,True,True,False,False,19.075599139300405,14.218780632236001,11.720355473928,0.0,0.0,0.0,0.0,0,1.072692692655015,0.7606984526503138,False,False,False,False,0.25150207668831603,0.244964726668021,False,False,False,False,5275771,1000932.2637589434,False,False,False,False,941452.1482900733,False,False,False,False
2023-04-26 00:00:00+00:00,15.9155455492,16.1979149895,15.8571041335,16.1200905042,1325590,,,,,12.410945576054594,14.853221376924049,"rgba(0, 255, 0, 1.0)",1.4027249014625873,13.078702316200463,2.022380318508376,64.51558581809101,17.270034922164427,False,True,True,False,False,18.034394814495442,14.28858568547,11.7520029470395,0.0,0.0,0.0,0.0,0,1.0892851059330169,0.7504585270439615,False,False,False,False,0.29740843823447716,0.27118658245124905,False,False,False,False,3950181,1116589.0769448671,False,False,False,False,956516.377768894,False,False,False,False
2023-04-27 00:00:00+00:00,15.8960650773,15.8960650773,15.5746372908,15.8181431896,852582,,,,,12.43250550374396,14.864790045179777,"rgba(0, 255, 255, 0.75)",1.4116681148032213,13.096308763559993,1.9832964167574736,64.10011315928813,16.805483353051656,False,True,True,False,False,17.843750928056185,14.354115189347999,11.784228091800001,0.0,0.0,0.0,0.0,0,1.07422470667579,0.7708114913898418,False,False,False,False,0.24692859202829484,0.25905758723977196,False,False,False,False,3097599,1194275.7405940879,False,False,False,False,952440.5198171727,False,False,False,False
2023-04-28 00:00:00+00:00,15.8376236615,15.964246729,15.6282085885,15.9058053132,617111,,,,,12.448037027985404,14.873786710534228,"rgba(0, 255, 255, 0.75)",1.4185065940679993,13.109160092187642,1.9234761267395022,63.56825343190841,16.222771798204704,False,True,True,False,False,17.264973762850786,14.419835943882001,11.8144733444595,0.0,0.0,0.0,0.0,0,1.0793580189602332,0.7669918526757807,False,False,False,False,0.25733784278453786,0.25819771501215494,False,False,False,False,2480488,1244715.4370413786,False,False,False,False,939290.3425694405,False,False,False,False
2023-05-01 00:00:00+00:00,16.0226881447,16.4074274649,15.9740843673,16.1298307402,758043,,,,,12.468745005018329,14.896946295862737,"rgba(0, 255, 0, 1.0)",1.426917477678042,13.129195264946446,2.0277927245393346,63.511868263226965,16.10034302067227,False,True,True,False,False,18.40499537531992,14.48964658207,11.847186945840999,0.0,0.0,0.0,0.0,0,1.0893910226494021,0.7451295916147264,False,False,False,False,0.3262536818186835,0.29222569841541923,False,False,False,False,3238531,1322904.282647599,False,False,False,False,932182.6036451487,False,False,False,False
2023-05-02 00:00:00+00:00,16.9577507963,16.9869715041,16.0033050751,16.0324283806,2432059,,,,,12.542750192208358,15.011982712848482,"rgba(0, 255, 0, 1.0)",1.460518226611114,13.209334987553433,2.5664971107167447,64.95210458484395,16.10034302067227,False,True,True,False,True,20.0,14.580684334238,11.885058056201,0.0,0.0,0.0,0.0,0,1.0958602549265437,0.7237735661336848,False,False,False,False,0.34282823728018674,0.317526967847803,False,False,False,False,5670590,1493401.7617594579,False,False,False,False,991001.2858551429,False,False,False,False
2023-05-03 00:00:00+00:00,17.1233348075,17.3181395266,16.8603484367,17.0064519761,1205380,,,,,12.582390840271382,15.079630647628795,"rgba(0, 255, 0, 1.0)",1.4984306300265133,13.253934290608697,2.58230206948108,66.33787068970061,13.798819062655497,False,True,True,False,True,20.0,14.676588142596001,11.92288913432,0.0,0.0,0.0,0.0,0,1.1284781903813639,0.714447083099695,False,False,False,False,0.34282823935077494,0.33017760359928894,False,False,False,False,6875970,1704482.86914144,False,False,False,False,999408.2942529805,False,False,False,False
2023-05-04 00:00:00+00:00,17.1233348075,17.4934637738,17.1233348075,17.3083992906,1355266,,,,,12.627560075679268,15.802223626705882,"rgba(0, 255, 0, 1.0)",1.5303768440738585,13.565773650578413,2.324630806260353,67.47167932094698,14.934736572171943,False,True,True,False,True,20.0,14.775212108898,11.959852260142002,0.0,0.0,0.0,0.0,0,1.150688549107381,0.6981573626566706,False,False,False,False,0.3428282399662945,0.33650292178279173,False,False,False,False,6875970,1907286.2860378542,False,False,False,False,1013363.4983999224,False,False,False,False
2023-05-05 00:00:00+00:00,17.0551531558,17.1038543356,16.5632712401,16.7142448974,1141772,,,,,12.662194709566055,15.80675213882686,"rgba(0, 255, 0, 1.0)",1.5577407024259995,13.591909586185215,2.22324778714531,68.16196584974382,15.63139212399139,False,False,True,False,True,20.0,14.873055333152,11.998499699732,0.0,0.0,0.0,0.0,0,1.1254798144496052,0.7196486378895562,False,False,False,False,0.27433160408089885,0.3054172629318453,False,False,False,False,5734198,2057361.2552128402,False,False,False,False,1018399.125913651,False,False,False,False
2023-05-08 00:00:00+00:00,17.0843738637,17.1428152794,16.8652185547,16.9869715041,885917,,,,,12.689454260057495,15.832212994153997,"rgba(0, 255, 0, 1.0)",1.5902535662880044,13.617984169938342,2.1797716837403245,68.76891552701726,16.250597956852445,False,False,True,False,True,20.0,14.962933903746,12.037245023289499,0.0,0.0,0.0,0.0,0,1.1452471639354351,0.7264866190193655,False,False,False,False,0.2965497893487473,0.30098352614029633,False,False,False,False,6620115,2236292.774616258,False,False,False,False,1013203.7484268412,False,False,False,False
2023-05-09 00:00:00+00:00,16.8798289086,17.1038543356,16.7385954873,17.0454129199,1013534,,,,,12.719351789896288,15.851438136776574,"rgba(0, 255, 0, 1.0)",1.6154138128872566,13.644310703042407,2.002903639764412,68.53375695322916,16.250597956852445,False,False,True,False,True,20.0,15.048721575238,12.075932013513,0.0,0.0,0.0,0.0,0,1.1121885242683431,0.741130877696158,False,False,False,False,0.2841800589677323,0.2925817925540143,False,False,False,False,5606581,2368460.9403175814,False,False,False,False,1013216.699468926,False,False,False,False
2023-05-10 00:00:00+00:00,16.7824265491,16.9772312682,16.5291804143,16.8895691446,952588,,,,,12.746111557777587,15.861709736383892,"rgba(0, 255, 255, 0.75)",1.6358261466566002,13.666039145212569,1.9050847244720288,68.00379602363586,16.250597956852445,False,False,True,False,False,20.0,15.129646744602,12.114324870227001,0.0,0.0,0.0,0.0,0,1.1067981883626619,0.7455851612080224,False,False,False,False,0.2593306063057832,0.27595619942989874,False,False,False,False,4653993,2458089.6485404214,False,False,False,False,1010839.1034113211,False,False,False,False
2023-05-11 00:00:00+00:00,16.6168425379,17.1135945715,16.3684665211,16.9285300884,1270206,,,,,12.780693750242616,15.873611065082638,"rgba(0, 255, 255, 0.75)",1.653312538529511,13.69369510831002,1.7680549572253792,67.0088440054043,16.250597956852445,False,False,True,False,False,19.163825139681535,15.199099759913999,12.150443219723,0.0,0.0,0.0,0.0,0,1.086995260805345,0.7600810572506411,False,False,False,False,0.25754237647900574,0.26674928795445224,False,False,False,False,3383787,2494391.5054604053,False,False,False,False,1021010.354257936,False,False,False,False
2023-05-12 00:00:00+00:00,16.7239851334,16.8603484367,16.4950895885,16.597362066,1131085,,,,,12.810932801891186,15.885636276107462,"rgba(0, 255, 255, 0.75)",1.672781166531101,13.718245913665914,1.7968514231704207,66.40689987483537,16.250597956852445,False,True,True,False,False,19.800422435572596,15.271472815120001,12.1856024754625,0.0,0.0,0.0,0.0,0,1.0821098452507867,0.7717830822331705,False,False,False,False,0.24826923277764132,0.25750926036604677,False,False,False,False,4514872,2573626.0346580367,False,False,False,False,1025327.0070321347,False,False,False,False
2023-05-15 00:00:00+00:00,16.9772312682,17.0356726839,16.7532058412,16.8213874929,623512,,,,,12.82837419870428,15.899411311421279,"rgba(0, 255, 255, 0.75)",1.694254428981866,13.734183243712812,1.9141446343664246,66.39016319655947,16.250597956852445,False,False,True,False,False,20.0,15.346384932073999,12.220436715997998,0.0,0.0,0.0,0.0,0,1.092424696692764,0.7688195443712255,False,False,False,False,0.28019632044112386,0.26885279040358534,False,False,False,False,5138384,2674204.7783969375,False,False,False,False,1009569.5557759725,False,False,False,False
2023-05-16 00:00:00+00:00,16.4902194705,16.9577507963,16.4220378188,16.9090496165,1001978,,,,,12.854071810996897,15.907302846933968,"rgba(0, 255, 255, 0.75)",1.7034406893841403,13.754388037654914,1.6060620424854333,64.83744763278969,17.19917074156014,False,True,True,False,False,16.47383006377658,15.41369408003,12.252498360540498,0.0,0.0,0.0,0.0,0,1.0758539529656246,0.7771477115698006,False,False,False,False,0.2500492369606277,0.25945101368210655,False,False,False,False,4136406,2731546.0027735285,False,False,False,False,1009271.8477063265,False,False,False,False
2023-05-17 00:00:00+00:00,16.1882721559,16.4609987626,16.0519088525,16.4609987626,774911,,,,,12.871678710859873,15.901154115385115,"rgba(38, 166, 154, 1.0)",1.7052877669778397,13.76515949770184,1.4209406207683464,62.75614107869499,15.147521015134757,False,True,False,False,False,13.674658013589418,15.485456319472,12.283146707654,0.0,0.0,0.0,0.0,0,1.07833701104354,0.7857219283376614,False,False,False,False,0.1875416924080212,0.22349635304506388,False,False,False,False,3361495,2756249.885017704,False,False,False,False,1000081.226227647,False,False,False,False
2023-05-18 00:00:00+00:00,15.5843775267,15.964246729,15.2241836012,15.964246729,1390904,,,,,12.89687078814442,15.859000723872677,"rgba(38, 166, 154, 1.0)",1.699892943559252,13.771657606310715,1.06637298969769,59.694476669389445,12.177814769156136,False,True,False,True,False,8.462381784061595,15.54941520024,12.311739973063,0.0,0.0,0.0,0.0,0,1.0477146187540864,0.7845236233250569,False,False,False,False,0.09460695731812503,0.15905165518159445,False,False,False,False,1970591,2725439.7326640687,False,False,False,False,1015407.6095128374,False,False,False,False
2023-05-19 00:00:00+00:00,15.8376236615,15.8960650773,15.5161958751,15.7304810661,1354382,,,,,12.922378591317194,15.833407388118442,"rgba(38, 166, 154, 1.0)",1.6975534604881963,13.782657658981595,1.2105456766748433,57.7632007390262,10.354129848000937,False,True,False,True,False,10.09491566263436,15.617856112716,12.342419201870998,0.0,0.0,0.0,0.0,0,1.058760503823642,0.7858458429858817,False,False,False,False,0.09409700464695453,0.12657432991427447,False,False,False,False,3324973,2748950.841187047,False,False,False,False,1028700.7228652751,False,False,False,False
2023-05-22 00:00:00+00:00,15.749961538,15.9106754312,15.7158707121,15.8376236615,432070,,,,,12.930540349453352,15.826922862538584,"rgba(38, 166, 154, 1.0)",1.6894627694152051,13.786613117941542,1.1621140492714481,55.99682812986404,8.7019878434824,False,True,False,True,False,9.36378650985564,15.679686357824,12.371020654611,0.0,0.0,0.0,0.0,0,1.0674549259905228,0.8074768332595083,False,False,False,False,0.08774103600143518,0.10715768295785483,False,False,False,False,2892903,2754596.023885594,False,False,False,False,1005303.4396156565,False,False,False,False
2023-05-23 00:00:00+00:00,15.7304810661,15.8522340155,15.5064556391,15.6038579986,807764,,,,,12.945168502044456,15.813245162997372,"rgba(38, 166, 154, 1.0)",1.674990581233112,13.79313006906039,1.1566339648389838,54.50904904702767,7.324317325756276,False,True,False,True,False,9.199741637995238,15.727914797774002,12.399862241995999,0.0,0.0,0.0,0.0,0,1.0581503373135697,0.8378013958107104,False,False,False,False,0.04960159542800468,0.07837963919292976,False,False,False,False,2085139,2728342.8072626297,False,False,False,False,997556.7949248465,False,False,False,False
2023-05-24 00:00:00+00:00,15.2045083245,15.7986627177,15.1752876167,15.7889224818,795981,,,,,12.957858777609315,15.79326914569,"rgba(38, 166, 154, 0.5)",1.6550145497467779,13.796577982119748,0.8507057189289786,52.23177410604569,5.1763958879557705,False,True,False,True,False,4.918295395235855,15.758434794044001,12.425109574232001,0.0,0.0,0.0,0.0,0,1.0352129819375329,0.8532774302145365,False,False,False,False,0.016446321338401116,0.047412980265665434,False,False,False,False,1289158,2671904.187369978,False,False,False,False,989651.8617905389,False,False,False,False
2023-05-25 00:00:00+00:00,15.0291840773,15.1850278526,14.9512621897,15.1752876167,671367,,,,,12.966990321620969,15.77058814247825,"rgba(38, 166, 154, 0.5)",1.6359734981330787,13.796798226969248,0.7533042874698839,50.05453330311058,3.139802428866602,False,True,False,True,False,3.5595705808078613,15.786031196356,12.449480285231997,0.0,0.0,0.0,0.0,0,1.017150148357352,0.8909142342825664,False,False,False,False,-0.05571365057549836,-0.004150335154916463,False,False,False,False,617791,2591350.729041744,False,False,False,False,977170.1025046353,False,False,False,False
2023-05-26 00:00:00+00:00,14.9707426616,15.2239887964,14.8295092403,15.1752876167,777083,,,,,12.977224906137337,15.74504203908435,"rgba(38, 166, 154, 0.5)",1.6144634689701305,13.796979170099046,0.727030071637173,48.168724016053716,1.3936390776790972,False,True,False,True,False,3.1078884996263128,15.813041661342,12.4744267414505,0.0,0.0,0.0,0.0,0,1.020337384318267,0.8754841243972736,False,False,False,False,-0.1223389767531243,-0.06324465595402039,False,False,False,False,-159292,2483482.3867263817,False,False,False,False,969323.549465238,False,False,False,False
2023-05-30 00:00:00+00:00,15.0097036054,15.1265864369,14.8246391223,15.0291840773,674366,,,,,12.985932395951632,15.76169124766302,"rgba(38, 166, 154, 0.5)",1.588424269715667,13.93732411943681,0.6751215694753585,46.734802631747264,0.08359939233977087,False,True,False,True,False,3.3879815550362196,15.824898991542,12.499230465383498,0.0,0.0,0.0,0.0,0,1.0042189022068013,0.9153746953243341,False,False,False,False,-0.13262869820541726,-0.09793667707971881,False,False,False,False,515074,2406289.900972406,False,False,False,False,957756.586741111,False,False,False,False
2023-05-31 00:00:00+00:00,15.4480142234,15.5746372908,15.0364892543,15.097365729,1130648,,,,,13.003003369189871,15.785144867491928,"rgba(38, 166, 154, 0.5)",1.564587428400579,13.954192020443518,0.9547706800147064,46.707944658590776,0.08359939233977087,False,True,False,True,False,6.453695266511392,15.845716831098,12.525454229253501,0.0,0.0,0.0,0.0,0,0.9852602316577699,0.9016898862076443,False,False,False,False,-0.06662968744136198,-0.0822831822605404,False,False,False,False,1645722,2376463.7087774095,False,False,False,False,964536.6421630282,False,False,False,False
2023-06-01 00:00:00+00:00,15.8278834256,15.954506493,15.4775271383,15.5454165829,816078,,,,,13.017245302244131,15.811980388458561,"rgba(38, 166, 154, 1.0)",1.541937126826959,13.970503635120455,1.2045755680724235,47.54133304392371,0.08359939233977087,False,True,False,True,True,8.954140214057599,15.88248682552,12.5544452914315,0.0,0.0,0.0,0.0,0,1.0313100871110183,0.8696635291663122,False,False,False,False,-0.014921532932806096,-0.04860235759667325,False,False,False,False,2461800,2379810.230001825,False,False,False,False,958714.7346272232,False,False,False,False
2023-06-02 00:00:00+00:00,15.5648970548,15.9058053132,15.4139233975,15.8473638975,1180424,,,,,13.03665660976625,15.81490345911055,"rgba(38, 166, 154, 1.0)",1.5200526566490142,13.984139553119743,1.0399360145621976,47.659246884602965,0.08359939233977087,False,True,False,True,True,6.845032989374367,15.908945370634001,12.581976763039501,0.0,0.0,0.0,0.0,0,1.0171956922660481,0.8860926137125614,False,False,False,False,-0.06079318500885993,-0.054697771302766596,False,False,False,False,1281376,2336734.3778448906,False,False,False,False,967409.215622234,False,False,False,False
2023-06-05 00:00:00+00:00,15.6817798863,15.7694420099,15.4772349312,15.4772349312,452301,,,,,13.044059641288804,15.814572301415248,"rgba(38, 166, 154, 1.0)",1.495989508095765,13.988981144007173,1.1315578973863114,48.01559301733954,0.08359939233977087,False,True,False,True,True,7.612792853309095,15.931135474516,12.6117803338275,0.0,0.0,0.0,0.0,0,1.0105963370312403,0.9084872515114368,False,False,False,False,-0.06948700494701135,-0.06209238812488897,False,False,False,False,1733677,2313085.068909797,False,False,False,False,947208.89344097,False,False,False,False
2023-06-06 00:00:00+00:00,15.7304810661,15.740221302,15.5260335134,15.6135982346,355280,,,,,13.049895925163066,15.814425697150494,"rgba(38, 166, 154, 1.0)",1.470186262667768,13.992834109339345,1.1819229990678584,48.41695871739575,0.08359939233977087,False,True,False,True,True,7.93400572723511,15.954105304998002,12.64148987351,0.0,0.0,0.0,0.0,0,1.0053468656780218,0.9080507308793996,False,False,False,False,-0.06715608661163092,-0.06462423736825995,False,False,False,False,2088957,2304295.7328741187,False,False,False,False,923995.9956589711,False,False,False,False
2023-06-07 00:00:00+00:00,15.4480142234,16.0372984986,15.3603520998,15.8181431896,781807,,,,,13.062402323769717,15.897327269813399,"rgba(38, 166, 154, 0.5)",1.438201366415651,14.170681483694159,0.8881459644898447,48.12099627608785,0.08359939233977087,False,True,False,True,True,5.658552936668471,15.967734155704,12.6708961291365,0.0,0.0,0.0,0.0,0,1.0079038781127192,0.8960528121850347,False,False,False,False,-0.10933726492956837,-0.08698075114891415,False,False,False,False,1307150,2265191.978643761,False,False,False,False,918419.9566135213,False,False,False,False
2023-06-08 00:00:00+00:00,15.7791822458,15.8960650773,15.6428189425,15.6720396503,505827,,,,,13.07092428778349,15.910708728470947,"rgba(38, 166, 154, 1.0)",1.403808315814325,14.179595127283553,1.1394626321105337,48.633611547627666,0.08359939233977087,False,True,False,False,True,7.862274172375997,15.980991675006,12.701476029153998,0.0,0.0,0.0,0.0,0,0.9947969859442592,0.9092614663162053,False,False,False,False,-0.10580011179507247,-0.0963904314719933,False,False,False,False,1812977,2247458.0579126333,False,False,False,False,902239.8406678931,False,False,False,False
2023-06-09 00:00:00+00:00,15.6428189425,15.8668443694,15.6038579986,15.7597017739,483132,,,,,13.078809855225524,15.91094559876459,"rgba(38, 166, 154, 1.0)",1.3623327291465888,14.184746086881049,1.070276610422725,48.749269444878,0.08359939233977087,False,True,False,False,True,6.770374375886252,15.992493413221998,12.730602599502,0.0,0.0,0.0,0.0,0,0.9816818658764443,0.911532906309754,False,False,False,False,-0.11556392067007591,-0.1059771760710346,False,False,False,False,1329845,2211473.2321121376,False,False,False,False,885804.2390730738,False,False,False,False
2023-06-12 00:00:00+00:00,15.4772349312,15.6817798863,15.1314565549,15.6038579986,904992,,,,,13.09192438261924,15.879287162800228,"rgba(38, 166, 154, 0.5)",1.316433960787155,14.18486411347171,0.9817209645332485,48.48252209094052,0.08359939233977087,False,True,False,True,True,5.45671418510625,15.996389507602,12.758274395357,0.0,0.0,0.0,0.0,0,0.9560935434149747,0.9281432194001707,False,False,False,False,-0.21114109805313236,-0.15855913706208347,False,False,False,False,424853,2141409.693597936,False,False,False,False,886556.7002858946,False,False,False,False
2023-06-13 00:00:00+00:00,15.2629497402,15.7110005941,15.1558071448,15.5064556391,791801,,,,,13.103019065344345,15.855768690498905,"rgba(38, 166, 154, 0.5)",1.2801051907573953,14.185690707482902,0.8415394613623277,47.815285029977844,0.08359939233977087,False,True,False,True,True,3.7853156544799624,15.993467436813999,12.7845854478245,0.0,0.0,0.0,0.0,0,0.9491687883697209,0.9346284687322939,False,False,False,False,-0.2032327838941553,-0.1808959604781194,False,False,False,False,-366948,2043042.7252215466,False,False,False,False,882840.7904707615,False,False,False,False
2023-06-14 00:00:00+00:00,15.2434692683,15.4772349312,15.0535346672,15.4772349312,675260,,,,,13.111907240714155,15.832486988564767,"rgba(38, 166, 154, 0.5)",1.2416858225934726,14.185083148654972,0.8523783556088357,47.22873282941933,0.08359939233977087,False,True,False,True,False,3.6337823378523417,15.980999934792,12.812727880815,0.0,0.0,0.0,0.0,0,0.9373871447217182,0.9656230472527053,False,False,False,False,-0.2532984123107374,-0.2170971863944284,False,False,False,False,-1042208,1922052.5007030547,False,False,False,False,874700.3673150454,False,False,False,False
2023-06-15 00:00:00+00:00,14.9999633695,15.2349952631,14.9658725436,15.2045083245,1141505,,,,,13.125443460102735,15.78432463989613,"rgba(38, 166, 154, 0.5)",1.2058670696417235,14.180535357610697,0.6795342807833399,46.248328386025655,-0.8609627867133582,False,True,False,True,False,1.7508700307868992,15.955480516591999,12.8396045647395,0.0,0.0,0.0,0.0,0,0.9130096748020018,0.9946406342161216,False,False,False,False,-0.3036892908715716,-0.260393238633,False,False,False,False,-2183713,1761042.088910778,False,False,False,False,885163.2940870045,False,False,False,False
2023-06-16 00:00:00+00:00,15.2239887964,15.3311313919,14.9025610099,14.9804828976,2647061,,,,,13.157475894473647,15.718117116460004,"rgba(38, 166, 154, 0.5)",1.1788591606126357,14.182178354287178,0.8837446210040979,46.044322903171874,-1.1407898961873144,False,True,False,True,False,3.3612584105567436,15.935610435244,12.868662206383998,0.0,0.0,0.0,0.0,0,0.8999934107822658,0.998840299594657,False,False,False,False,-0.2986118537124856,-0.27950254617274284,False,False,False,False,463348,1710152.1246397672,False,False,False,False,954257.3217698671,False,False,False,False
2023-06-20 00:00:00+00:00,14.5421722796,15.1363266728,14.5421722796,15.0097036054,1314581,,,,,13.169799887047883,15.664611211490485,#000000,1.1533905345704536,14.174690882369834,0.3186096870189977,44.61579501221448,-2.6160263399847423,False,True,False,True,False,0.0,15.903078047155997,12.894696522021,0.0,0.0,0.0,0.0,0,0.8853377981605992,0.9949379199421972,False,False,False,False,-0.34282825441539394,-0.31116540029406836,False,False,False,False,-851233,1609705.6491636978,False,False,False,False,968387.6620926174,False,False,False,False
2023-06-21 00:00:00+00:00,14.6493148751,14.7077562909,14.3571077965,14.4837308639,789533,,,,,13.1763239528214,15.62993483183303,#000000,1.1293561019688443,14.168803581236745,0.4254736774570607,43.72651856111763,-3.544140211827113,False,True,False,True,False,0.0,15.880480699742,12.923195333517999,0.0,0.0,0.0,0.0,0,0.8965246218307853,1.005427122439794,False,False,False,False,-0.34282825441539394,-0.3269968273547311,False,False,False,False,-61700,1544160.3295886507,False,False,False,False,961373.7537752598,False,False,False,False
2023-06-22 00:00:00+00:00,14.7369769987,14.7808080605,14.4934710999,14.5421722796,470678,,,,,13.180458468801602,15.61293159801688,"rgba(38, 166, 154, 0.5)",1.1007970167497658,14.16644932865572,0.5182859885729257,43.22937763354382,-4.08511863464814,False,True,False,True,False,0.0,15.854376867383998,12.950010794462,0.0,0.0,0.0,0.0,0,0.8937418253515408,1.016564321982461,False,False,False,False,-0.3151393017982561,-0.3210680645764936,False,False,False,False,408978,1499643.375487135,False,False,False,False,942130.7830389752,False,False,False,False
2023-06-23 00:00:00+00:00,14.668795347,14.9123012459,14.5957435774,14.8148988864,791271,,,,,13.187613379513827,15.588147184525255,#000000,1.0545562837314726,14.163651666233235,0.4790106403608436,42.69614052603292,-4.664722037402036,False,True,False,True,False,0.0,15.827104206711999,12.976726445008001,0.0,0.0,0.0,0.0,0,0.8912403394234816,1.0157509075952316,False,False,False,False,-0.28477188476740933,-0.3029199746719515,False,False,False,False,-382293,1425841.9489974435,False,False,False,False,936214.713115878,False,False,False,False
2023-06-26 00:00:00+00:00,14.7954184144,14.9561323077,14.6590551111,14.7369769987,392433,,,,,13.191315892573122,15.577894199622767,"rgba(38, 166, 154, 0.5)",0.9956138789231997,14.162924583949831,0.6352802465291456,42.60935908941945,-4.812848104429584,False,True,False,True,False,0.2110359784910365,15.798662717724001,13.0021946475805,0.0,0.0,0.0,0.0,0,0.8910992424369759,1.0202730787333372,False,False,False,False,-0.27102565349140517,-0.2869728140816783,False,False,False,False,10140,1370324.2255073478,False,False,False,False,914889.9400525104,False,False,False,False
2023-06-27 00:00:00+00:00,14.7272367628,14.8636000661,14.5567826336,14.7954184144,649221,,,,,13.19707299433024,15.55929665876954,"rgba(38, 166, 154, 0.5)",0.9338637628167152,14.160995572123202,0.6063423951357795,42.400407080623204,-5.090998631658849,False,True,False,True,False,0.0,15.772364080647998,13.027273722323,0.0,0.0,0.0,0.0,0,0.9062321223415736,1.0161535169795575,False,False,False,False,-0.2960970635353043,-0.2915349388084913,False,False,False,False,-639081,1291524.020585491,False,False,False,False,904471.5502465295,False,False,False,False
2023-06-28 00:00:00+00:00,14.5324320437,14.7252887156,14.4545101561,14.6298344032,680449,,,,,13.202488391429295,15.53689416873209,#000000,0.8805216104816375,14.157708802284251,0.42556961345988864,41.841891218916764,-5.713895760322025,False,True,False,True,False,0.0,15.749182319077999,13.050559040745,0.0,0.0,0.0,0.0,0,0.9094003499250435,1.015614987848714,False,False,False,False,-0.32757135107831037,-0.3095531449434008,False,False,False,False,-1319530,1189129.745268413,False,False,False,False,895686.352197646,False,False,False,False
2023-06-29 00:00:00+00:00,14.7515873527,14.7613566158,14.3803553531,14.4292016688,352627,,,,,13.20540108918921,15.526657330582955,"rgba(38, 166, 154, 0.5)",0.8470606810143969,14.156453647164543,0.7025868616906578,42.019646529565684,-5.713895760322025,False,True,False,True,False,0.0,15.72785120234,13.073059572401,0.0,0.0,0.0,0.0,0,0.9004027129305514,1.0199023030991696,False,False,False,False,-0.3326105494133595,-0.3210818471783802,False,False,False,False,-966903,1104579.441532397,False,False,False,False,874389.9070134247,False,False,False,False
2023-06-30 00:00:00+00:00,15.0153574576,15.0495498787,14.6880871422,14.7613566158,613934,,,,,13.211457554407813,15.516364333785674,"rgba(38, 166, 154, 1.0)",0.8210712119569408,14.157053491723843,1.0453465587113642,42.87329256954558,-5.713895760322025,False,True,False,True,True,1.8744908453328684,15.714912363204,13.098566639604,0.0,0.0,0.0,0.0,0,0.9315830650689605,0.9913584255282513,False,False,False,False,-0.255436758398712,-0.28825930278854606,False,False,False,False,-352969,1047420.6791193618,False,False,False,False,864175.9498756434,False,False,False,False
2023-07-03 00:00:00+00:00,15.3670509309,15.4061279835,15.0007035629,15.0153574576,385021,,,,,13.21598717091911,15.397929351308232,"rgba(38, 166, 154, 1.0)",0.7905663675446362,14.303479434653443,1.3453285390192191,44.41931150208662,-7.875783346219293,False,True,False,False,True,4.370549152990517,15.706280127467998,13.1257839546015,0.0,0.0,0.0,0.0,0,0.9355322166298706,0.988387365553336,False,False,False,False,-0.17215099089074085,-0.23020514683964344,False,False,False,False,32052,1007602.2995460535,False,False,False,False,845385.5596844418,False,False,False,False
2023-07-05 00:00:00+00:00,13.5695065118,14.7711258789,12.9638121967,14.6148176686,6741003,,,,,13.236586029559739,14.490787997117085,"rgba(239, 83, 80, 0.5)",0.7922838753985514,14.210016863515275,-0.8084354252357736,42.68901383250815,-7.875783346219293,False,True,False,True,False,0.0,15.665203488292,13.14579767167,0.0,0.0,0.0,0.0,0,0.8608988359670823,0.9831941990164977,True,False,False,False,-0.34282825441539394,-0.28651670062751866,False,False,False,False,-6708951,704992.366230522,True,False,False,False,1076586.2436183854,True,False,False,False
2023-07-06 00:00:00+00:00,13.8625844062,13.9016614588,13.1689667228,13.5597372487,4263042,,,,,13.245985686566016,14.367256571064704,#000000,0.80573155601547,14.158493521318112,-0.36725521410809797,41.892307570795076,-5.791628847058931,False,True,False,True,False,0.0,15.627261140938002,13.167469656498502,0.0,0.0,0.0,0.0,0,0.8702274402653645,1.019630623746975,False,False,False,False,-0.34282825441539394,-0.31467247752145633,False,False,False,False,-2445909,581427.6067705016,False,False,False,False,1201545.2928882528,False,False,False,False
2023-07-07 00:00:00+00:00,13.9895848272,14.2484703006,13.8430458799,13.9505077746,1569648,,,,,13.252558264264433,14.361897400890163,#000000,0.8152651758407432,14.153721711683891,-0.20132944390102908,41.502512504731314,-6.184914345064065,False,True,False,True,False,0.0,15.586599074587998,13.188860471563,0.0,0.0,0.0,0.0,0,0.8981022062246583,1.0147754876115862,False,False,False,False,-0.24552926141650402,-0.28010086946898016,False,False,False,False,-876261,524263.34768146236,False,False,False,False,1215980.693167145,False,False,False,False
2023-07-10 00:00:00+00:00,14.0775081955,14.1539038333,13.7600071432,13.8723536694,1003375,,,,,13.2565420991812,14.356303687713392,#000000,0.8130240409599588,14.150054192720011,-0.08922983031886038,41.367477919092984,-6.341850874507799,False,True,False,True,False,0.0,15.549838327514001,13.211751734054499,0.0,0.0,0.0,0.0,0,0.8799573489068012,1.0260444503355894,False,False,False,False,-0.26208552173712873,-0.27109319560305445,False,False,False,False,127114,508688.8634586599,False,False,False,False,1207643.2150037275,False,False,False,False
2023-07-11 00:00:00+00:00,13.9895848272,14.2389941153,13.9358538798,14.1654315638,855065,,,,,13.260165350404579,14.353549307189757,#000000,0.8190788897255843,14.14778035262853,-0.1931383257619181,41.127970559930446,-6.614820299441831,False,True,False,True,False,0.0,15.511708722512001,13.233769403556,0.0,0.0,0.0,0.0,0,0.899813950939943,1.0106681977355279,False,False,False,False,-0.2378068820439516,-0.25445003882350303,False,False,False,False,-727951,460193.1825387125,False,False,False,False,1193816.6183369146,False,False,False,False
2023-07-12 00:00:00+00:00,14.4878172477,14.6148176686,14.1507776691,14.2240471427,992393,,,,,13.266231667772109,14.36517374440121,#000000,0.8205159415240943,14.150987355664551,0.4105098694484765,41.96005703586487,-6.614820299441831,False,True,False,True,False,0.0,15.484712594235997,13.258856870024498,0.0,0.0,0.0,0.0,0,0.9010216286413552,0.9911052052856951,False,False,False,False,-0.18379756116713428,-0.21912379999531867,False,False,False,False,264442,452516.6655764101,False,False,False,False,1185917.6529119376,False,False,False,False
2023-07-13 00:00:00+00:00,14.7222795632,14.8102029315,14.5464328266,14.5464328266,845250,,,,,13.272571303884256,14.383127452536138,"rgba(38, 166, 154, 0.5)",0.8184095064028002,14.157085152402777,0.6906009844404832,43.08265648563756,-6.614820299441831,False,True,False,True,True,0.2032246670950535,15.458704422605999,13.286852552665,0.0,0.0,0.0,0.0,0,0.9053413161049642,1.0038279686476128,False,False,False,False,-0.13080308578193753,-0.17496344288862808,False,False,False,False,1109692,478288.24731851165,False,False,False,False,1172558.1371114694,False,False,False,False
2023-07-14 00:00:00+00:00,14.6734332475,14.8199721947,14.5220096687,14.7418180895,1110474,,,,,13.280692220070362,14.403188363559138,"rgba(38, 166, 154, 0.5)",0.819704851417815,14.164078883101435,0.6213875195657952,43.915855671685684,-8.30371349679396,False,True,False,False,True,0.0,15.413018071629999,13.315230858164,0.0,0.0,0.0,0.0,0,0.9002291198266436,1.0285110342141996,False,False,False,False,-0.13210701411227369,-0.15353522850045087,False,False,False,False,-782,459501.1787962171,False,False,False,False,1170123.4650678823,False,False,False,False
2023-07-17 00:00:00+00:00,14.7027410369,14.800531361,14.5708559844,14.6538947212,534421,,,,,13.284621457277485,14.412347951168996,"rgba(38, 166, 154, 0.5)",0.8241249662095109,14.16737956861886,0.6496120008880273,44.65593542675437,-7.5601889699100155,False,False,False,False,True,0.0799328305290139,15.364606196217999,13.343514604749501,0.0,0.0,0.0,0.0,0,0.8640405688005877,1.0440634637716173,False,False,False,False,-0.1294909111406915,-0.14151306982057119,False,False,False,False,533639,462408.54433362035,False,False,False,False,1145193.956633848,False,False,False,False
2023-07-18 00:00:00+00:00,14.7906644052,14.8590492473,14.6587793528,14.7515873527,592574,,,,,13.28919327220837,14.423580840716848,"rgba(38, 166, 154, 0.5)",0.8269630864679128,14.171567316564994,0.7486393271545705,45.441663224794254,-6.773081496674308,True,False,False,False,True,0.6640088970255285,15.317952788171999,13.3694894525685,0.0,0.0,0.0,0.0,0,0.8553464235326772,1.0495167345941616,False,False,False,False,-0.09748978429846156,-0.11950142705951637,False,False,False,False,1126213,488440.09161465487,False,False,False,False,1123522.5857854616,False,False,False,False
2023-07-19 00:00:00+00:00,14.7027410369,14.8102029315,14.5952791423,14.7906644052,474710,,,,,13.29267123388616,14.430957654943859,"rgba(38, 166, 154, 0.5)",0.8322196299685741,14.174336581080434,0.6349339006092882,45.90894752374072,-6.296550742572947,True,False,False,False,True,0.06684527753122893,15.270904545794002,13.395073097748,0.0,0.0,0.0,0.0,0,0.8743761322580743,1.0359650630397683,False,False,False,False,-0.10829168404277098,-0.11389655555114367,False,False,False,False,651503,494834.71547290374,False,False,False,False,1098078.9549703454,False,False,False,False
2023-07-20 00:00:00+00:00,14.4780479845,14.8492799841,14.4682787214,14.6734332475,633087,,,,,13.29694218548566,14.437942540306256,#000000,0.8411760412756504,14.176947825960445,0.3579514201128861,45.85041553942024,-6.296550742572947,True,False,False,False,True,0.0,15.218778028210002,13.418177680009,0.0,0.0,0.0,0.0,0,0.8559303316823726,1.0357949958659332,False,False,False,False,-0.11146747597942744,-0.11268201576528555,False,False,False,False,18416,476151.62859161344,False,False,False,False,1079843.9763440574,False,False,False,False
2023-07-21 00:00:00+00:00,14.2826627216,14.4780479845,14.175200827,14.4780479845,694801,,,,,13.300572512270646,14.4383150532054,#000000,0.8524930004927722,14.176891762900748,0.12407252451118278,45.435332699880654,-6.296550742572947,True,False,False,False,False,0.0,15.16683470447,13.438707667288499,0.0,0.0,0.0,0.0,0,0.8481284988261042,1.0506699198762572,False,False,False,False,-0.17632857989907744,-0.1445052978321815,False,False,False,False,-676385,430954.1137448835,False,False,False,False,1064744.2517815453,False,False,False,False
2023-07-24 00:00:00+00:00,14.4096631425,14.4292016688,14.1800854585,14.2826627216,759378,,,,,13.304618445971327,14.439245590483903,#000000,0.8571138370288626,14.177093677354751,0.27134022938124236,45.398392188816636,-6.296550742572947,True,False,False,True,False,0.0,15.119379436337999,13.458420230612,0.0,0.0,0.0,0.0,0,0.8563876350972895,1.04763268169524,False,False,False,False,-0.18078654106255182,-0.16264591944736667,False,False,False,False,82993,417308.5798725352,False,False,False,False,1052769.1046528574,False,False,False,False
2023-07-25 00:00:00+00:00,14.6929717738,14.7125103001,14.3998938793,14.4487401951,632000,,,,,13.308808530874211,14.445213767488076,"rgba(38, 166, 154, 0.5)",0.8576323756362341,14.179476996096032,0.5987352999856526,46.01492346377151,-6.04494579938747,True,False,False,False,False,0.12046100333207121,15.080902021056,13.4803239643245,0.0,0.0,0.0,0.0,0,0.8709558265688848,1.0418520586702764,False,False,False,False,-0.13014606978601717,-0.14639599461669192,False,False,False,False,714993,428982.47870106326,False,False,False,False,1036268.3554507847,False,False,False,False
2023-07-26 00:00:00+00:00,14.4096631425,14.7515873527,14.2680088269,14.7125103001,864334,,,,,13.313943918172864,14.449416153939179,#000000,0.8622128740169328,14.18116009306767,0.26501929664743396,45.95021421321842,-6.04494579938747,True,False,False,False,False,0.0,15.034615581237999,13.5010048116885,0.0,0.0,0.0,0.0,0,0.8598867617221884,1.0283240117451213,False,False,False,False,-0.13943022778309805,-0.14291311119989497,False,False,False,False,-149341,406303.1265951392,False,False,False,False,1029525.8317076167,False,False,False,False
2023-07-27 00:00:00+00:00,13.8918921957,14.3022012479,13.8625844062,14.3022012479,581054,,,,,13.316022107710602,14.443871212914711,#000000,0.879638849894732,14.178769609520469,-0.3261309045806689,44.98293572099103,-6.04494579938747,True,False,False,True,False,0.0,14.972908799788001,13.521856413834,0.0,0.0,0.0,0.0,0,0.827973356296745,1.052628339585166,False,False,False,False,-0.2189744904731135,-0.18094380083650424,False,False,False,False,-730395,361726.7294737612,False,False,False,False,1011938.7010524161,False,False,False,False
2023-07-28 00:00:00+00:00,14.0970467218,14.1361237744,13.877238301,13.9993540903,414406,,,,,13.317534373950172,14.440234310526204,#000000,0.8896064565507318,14.1771949725821,-0.09009405247895666,44.6668725709573,-6.04494579938747,True,False,False,True,False,0.0,14.925045344814,13.544556830044499,0.0,0.0,0.0,0.0,0,0.8423172586000165,1.0582517462526686,False,False,False,False,-0.2191126055532668,-0.2000282031948855,False,False,False,False,-315989,335149.64204341767,False,False,False,False,988506.046109184,False,False,False,False
2023-07-31 00:00:00+00:00,14.4780479845,14.5855098791,14.0970467218,14.0970467218,659822,,,,,13.321094707625363,14.441411322820901,#000000,0.8925882040756058,14.177683124460472,0.3365100039055474,45.22828469587026,-6.04494579938747,True,False,False,True,False,0.0,14.890840861386,13.568823353154,0.0,0.0,0.0,0.0,0,0.8708670404525991,1.0163722820440855,False,False,False,False,-0.09678663580316318,-0.14840741949902436,False,False,False,False,343833,335490.1658848523,False,False,False,False,975616.4756735298,False,False,False,False
2023-08-01 00:00:00+00:00,14.1458930375,14.2191625111,14.0237772482,14.2045086164,871075,,,,,13.324632970920412,14.436340424345843,#000000,0.898087025695913,14.175493324051399,-0.032959263083063954,45.095962332953604,-6.04494579938747,True,False,False,True,False,0.0,14.862071171601999,13.590848131104499,0.0,0.0,0.0,0.0,0,0.8931674979662304,1.0090581780832628,False,False,False,False,-0.16156250549662063,-0.1549849624978225,False,False,False,False,-527242,301657.5319285836,False,False,False,False,971516.8099608424,False,False,False,False
2023-08-02 00:00:00+00:00,13.6965069327,14.1165852481,13.6574298801,14.1068159849,465737,,,,,13.325797533442085,14.429657568994973,"rgba(239, 83, 80, 0.5)",0.914136092222214,14.172587556362279,-0.520798410338392,44.27015202842439,-6.04494579938747,True,False,False,True,False,0.0,14.819248837026,13.610674392733001,0.0,0.0,0.0,0.0,0,0.8618140536208023,1.0092485137794016,False,False,False,False,-0.23218720033722887,-0.1935860814175257,False,False,False,False,-992979,250887.47185295282,False,False,False,False,951682.3076094368,False,False,False,False
2023-08-03 00:00:00+00:00,13.7355839853,13.8625844062,13.5890450381,13.7258147222,481672,,,,,13.326768791950974,14.42164502091507,#000000,0.9309222963456241,14.16908209738271,-0.4656651943824153,43.681760067395196,-4.501352037844555,False,False,False,True,False,0.0,14.778961285972,13.632245294089,0.0,0.0,0.0,0.0,0,0.8499304043089133,1.0216267394575747,False,False,False,False,-0.2808837604361449,-0.2372349209268353,False,False,False,False,-511307,220997.49256460174,False,False,False,False,933250.5308404393,False,False,False,False
2023-08-04 00:00:00+00:00,13.8235073536,13.9505077746,13.7990841958,13.8137380905,384226,,,,,13.327786855504199,14.41676068021881,#000000,0.9439268152994942,14.166934251467575,-0.36382788612548383,43.402075104767114,-4.809264635868416,False,True,False,True,False,0.0,14.740821811722,13.652803386226001,0.0,0.0,0.0,0.0,0,0.8655653220681114,1.012001955654657,False,False,False,False,-0.23388454206684353,-0.2355597314968394,False,False,False,False,-127081,207347.355601284,False,False,False,False,911720.1570819906,False,False,False,False
2023-08-07 00:00:00+00:00,13.7551225116,13.9309692483,13.5841604065,13.8918921957,350417,,,,,13.328535709457922,14.411421510050577,#000000,0.9585136683973386,14.164576573310551,-0.42717602806350174,43.05667613965387,-5.185052619292492,False,True,False,True,False,0.0,14.711834095463999,13.672825897345001,0.0,0.0,0.0,0.0,0,0.8692887820279696,1.0105555318832338,False,False,False,False,-0.2707722768414647,-0.253166004169152,False,False,False,False,-477498,180490.67498946897,False,False,False,False,889708.2685689714,False,False,False,False
2023-08-08 00:00:00+00:00,13.6183528275,13.7258147222,13.4815831435,13.5597372487,400114,,,,,13.329092821344192,14.40384220882952,"rgba(239, 83, 80, 0.5)",0.9741044802716365,14.161214233872183,-0.5572927928848056,42.539277856179055,-5.729126771505371,False,True,False,True,False,0.0,14.683617470468,13.693229672488,0.0,0.0,0.0,0.0,0,0.8746652547503827,0.9908644105735743,False,False,False,False,-0.3203218786656506,-0.28674394141740134,False,False,False,False,-877612,138996.45244086237,False,False,False,False,870508.4933309725,False,False,False,False
2023-08-09 00:00:00+00:00,13.6965069327,13.7453532485,13.579275775,13.6769684064,410909,,,,,13.329795448835934,14.396934232202947,#000000,0.9882367548476195,14.15813259101699,-0.4671205114083922,42.316220380805284,-5.984415930018912,False,True,False,True,False,0.0,14.658132755890001,13.713394833530499,0.0,0.0,0.0,0.0,0,0.8837406562954458,0.9916889077624207,False,False,False,False,-0.30127817581135957,-0.2940110586143805,False,False,False,False,-466703,115243.53273729915,False,False,False,False,852484.9837885814,False,False,False,False
2023-08-10 00:00:00+00:00,13.6281220907,13.9016614588,13.4425060909,13.8723536694,712133,,,,,13.330949058395962,14.384994502220408,"rgba(239, 83, 80, 0.5)",1.001885360359961,14.152768739487708,-0.5236593621841242,42.008048206525544,-6.326444239305232,False,True,False,True,False,0.0,14.630501125596,13.730603703453498,0.0,0.0,0.0,0.0,0,0.8783768335325133,0.9797735881923573,False,False,False,False,-0.29812508559691886,-0.29606807210564967,False,False,False,False,-1178836,64495.31576720899,False,False,False,False,846980.9844243234,False,False,False,False
2023-08-11 00:00:00+00:00,13.5597372487,13.7062761959,13.5060063014,13.5988143013,496189,,,,,13.331584687202694,14.37607004918551,"rgba(239, 83, 80, 0.5)",1.013234126804837,14.148730842035752,-0.5813005876471043,41.62773790689527,-6.7394237748436225,False,True,False,True,False,0.0,14.592735586102002,13.747567477570499,0.0,0.0,0.0,0.0,0,0.8704071935881935,1.0116128836116258,False,False,False,False,-0.3195239760837486,-0.30779602409469914,False,False,False,False,-1675025,-3721.167204054109,False,False,False,False,833224.4360155265,False,False,False,False
2023-08-14 00:00:00+00:00,13.4131983015,13.4718138803,13.1396589333,13.4327368277,661936,,,,,13.33161713924371,14.360334049438913,"rgba(239, 83, 80, 0.5)",1.0277246564690183,14.141569500657969,-0.7087221217990957,41.04245863333005,-7.349935134470073,False,True,False,True,False,0.0,14.54444188362,13.762878687113,0.0,0.0,0.0,0.0,0,0.8314043631548431,1.0384758319202356,False,False,False,False,-0.34282825441539394,-0.32531213925504654,False,False,False,False,-2336961,-95220.76849016963,False,False,False,False,826507.2424462903,False,False,False,False
2023-08-15 00:00:00+00:00,13.0908126176,13.452275354,13.0712740913,13.4327368277,475289,,,,,13.33132147835506,14.347732650624328,"rgba(239, 83, 80, 0.5)",1.048641745134484,14.135794983480883,-0.9965103627901721,40.00046943510537,-8.397178708779606,False,True,False,True,False,0.0,14.494960194876,13.7756096841955,0.0,0.0,0.0,0.0,0,0.8302659664895953,1.0372685094301373,False,False,False,False,-0.34282825441539394,-0.3340701968352202,False,False,False,False,-2812250,-201770.9344317316,False,False,False,False,812733.978036632,False,False,False,False
2023-08-16 00:00:00+00:00,12.9540429335,13.1396589333,12.8954273546,13.1396589333,555215,,,,,13.330411840371037,14.33054267375233,"rgba(239, 83, 80, 1.0)",1.0718884656465117,14.12787256821071,-1.0951042690833626,38.9241739759944,-9.461464867307129,False,True,False,True,False,0.0,14.44040545582,13.788140974877999,0.0,0.0,0.0,0.0,0,0.8182454176894159,1.0459225328831383,False,False,False,False,-0.34282825441539394,-0.3384492256253071,False,False,False,False,-3367465,-325915.79974813433,False,False,False,False,802635.194584215,False,False,False,False
2023-08-17 00:00:00+00:00,12.9638121967,13.0712740913,12.856350302,13.0028892493,467827,,,,,13.329574853874208,14.316053627708886,"rgba(239, 83, 80, 1.0)",1.090829090471154,14.121146892428309,-1.0609679424926504,38.07498010986898,-10.291598995543175,False,True,False,True,False,0.0,14.385072078432,13.8004306266645,0.0,0.0,0.0,0.0,0,0.8139807113370924,1.0478244686561322,False,False,False,False,-0.34282825441539394,-0.34063874002035055,False,False,False,False,-2899638,-426846.0821109526,False,False,False,False,789505.4614632654,False,False,False,False
2023-08-18 00:00:00+00:00,12.9051966178,12.9638121967,12.8087739905,12.9638121967,438544,,,,,13.32864162544109,14.30202165645493,"rgba(239, 83, 80, 1.0)",1.0913237848469932,14.11459545927418,-1.108194339999417,37.27849792215959,-11.06508253887678,False,True,False,True,False,0.0,14.334215726320002,13.8129597567785,0.0,0.0,0.0,0.0,0,0.8150289890930515,1.069243685558292,False,False,False,False,-0.34282825441539394,-0.3417334972178723,False,False,False,False,-3338182,-541016.1181066015,False,False,False,False,775742.2668960786,False,False,False,False
2023-08-21 00:00:00+00:00,12.983350723,13.0077738808,12.7928500916,12.9638121967,494816,,,,,13.327678514429454,13.899822256301658,"rgba(239, 83, 80, 1.0)",1.0827479471172339,14.10065001977928,-1.0319107967408654,36.89763995289304,-11.432450062510576,False,True,False,True,False,0.0,14.278299095864,13.8253955153985,0.0,0.0,0.0,0.0,0,0.8076265778474431,1.070543059855374,False,False,False,False,-0.33918818384752536,-0.3404608405326988,False,False,False,False,-2843366,-631304.3487690878,False,False,False,False,764725.5505472128,False,False,False,False
2023-08-22 00:00:00+00:00,13.0224277756,13.0810433544,12.9003119862,13.0224277756,479700,,,,,13.326919588127753,13.896232592365916,"rgba(239, 83, 80, 1.0)",1.0703363226209195,14.09608785786656,-1.0031053413542967,36.724108348631304,-11.60654755752789,False,True,False,True,False,0.0,14.225891272526,13.840641026190502,0.0,0.0,0.0,0.0,0,0.8142436625720767,1.0656441735208784,False,False,False,False,-0.31276691946816737,-0.3266138800004331,False,False,False,False,-2363666,-699240.099797751,False,False,False,False,753548.0779767339,False,False,False,False
2023-08-23 00:00:00+00:00,13.3741212489,13.4425060909,13.1054665123,13.1396589333,549625,,,,,13.326867633439752,13.912330738216161,"rgba(239, 83, 80, 0.5)",1.0499373190799217,14.096882517373164,-0.6883851591317205,37.74866662303584,-11.60654755752789,False,True,False,True,True,0.0,14.18382899888,13.8580323179655,0.0,0.0,0.0,0.0,0,0.8433322720456226,1.0364613898716724,False,False,False,False,-0.23370600000036765,-0.2801599400004004,False,False,False,False,-1814041,-742957.7821586236,False,False,False,False,745551.094526666,False,False,False,False
2023-08-24 00:00:00+00:00,13.2373515648,13.4229675646,13.1103511439,13.2959671437,443063,,,,,13.326718080101966,13.91268754349151,"rgba(239, 83, 80, 0.5)",1.0283674187610414,14.0942717651758,-0.8332821370480604,38.282790502001994,-11.60654755752789,False,True,False,True,True,0.0,14.143317035372002,13.8697046843095,0.0,0.0,0.0,0.0,0,0.8403643714914274,1.039436209481794,False,False,False,False,-0.22836890110630464,-0.2542644205533525,False,False,False,False,-2257104,-802336.0652112266,False,False,False,False,733688.816309934,False,False,False,False
2023-08-25 00:00:00+00:00,12.9931199861,13.2861978805,12.9247351441,13.2373515648,486916,,,,,13.326111896372439,13.900784954371193,"rgba(239, 83, 80, 1.0)",1.0150878768948548,14.087854351158061,-1.0784626533092327,38.20729130882087,-11.60654755752789,False,True,False,True,True,0.0,14.098310049728,13.880204306962,0.0,0.0,0.0,0.0,0,0.835531671657718,1.0345380892966969,False,False,False,False,-0.2742462294996765,-0.2642553250265145,False,False,False,False,-2744020,-878480.5332421588,False,False,False,False,724011.4509644464,False,False,False,False
2023-08-28 00:00:00+00:00,13.1787359859,13.2080437754,12.9540429335,13.0224277756,259108,,,,,13.325847253297333,13.8959823998151,"rgba(239, 83, 80, 0.5)",0.9980399429144937,14.084899977190194,-0.9079436126013136,38.74032585876707,-12.94033083541212,False,True,False,True,True,0.0,14.061885502056,13.887177903027,0.0,0.0,0.0,0.0,0,0.8418374660289022,1.02650838955905,False,False,False,False,-0.2817544803338799,-0.27300490268019717,False,False,False,False,-2484912,-941477.845664035,False,False,False,False,705779.9430834877,False,False,False,False
2023-08-29 00:00:00+00:00,13.3350441963,13.3350441963,13.0615048281,13.120120407,538933,,,,,13.325635443421497,13.891864173388376,"rgba(239, 83, 80, 0.5)",0.9803925067167424,14.08063208603104,-0.7604993761406387,39.65492950884554,-12.031446220257195,False,True,False,True,True,0.0,14.024106610054,13.895804495780501,0.0,0.0,0.0,0.0,0,0.8494855087163912,1.0251093044599664,False,False,False,False,-0.24598038182882853,-0.25949264225451285,False,False,False,False,-1945979,-980870.0477948572,False,False,False,False,699236.9257076646,False,False,False,False
2023-08-30 00:00:00+00:00,13.2178130385,13.4718138803,13.1738513543,13.3448134594,446178,,,,,13.325554744469756,13.68188724424123,"rgba(239, 83, 80, 0.5)",0.9591964871048457,14.082613495262516,-0.9015884319726337,40.13118501690353,-11.557247038437993,False,False,False,True,True,0.0,13.997619425232001,13.9006980096135,0.0,0.0,0.0,0.0,0,0.8763075665646246,1.0126074389403525,False,False,False,False,-0.20863314550006418,-0.2340628938772885,False,False,False,False,-2392157,-1036214.6341558432,False,False,False,False,689313.0462681483,False,False,False,False
2023-08-31 00:00:00+00:00,13.0419663018,13.2666593542,12.9491583019,13.2666593542,457055,,,,,13.325031968307725,13.653843209481385,"rgba(239, 83, 80, 1.0)",0.9297970580296024,14.072009264862995,-1.107814822780608,40.12617999378382,-11.54718351595129,False,False,False,True,True,0.0,13.965472453766,13.903211449499999,0.0,0.0,0.0,0.0,0,0.873969882479303,1.00068622303705,False,False,False,False,-0.27349707391812694,-0.25377998389770773,False,False,False,False,-2849212,-1107312.5700713003,False,False,False,False,680204.8875909661,False,False,False,False
2023-09-01 00:00:00+00:00,12.856350302,13.2568900911,12.8465810389,13.2275823017,411769,,,,,13.324368110442448,13.632491160290922,"rgba(239, 83, 80, 1.0)",0.9172322450825353,14.063217209694377,-1.3157702579304553,39.72750026500208,-11.54718351595129,False,False,False,True,False,0.0,13.927859919832,13.905716679226,0.0,0.0,0.0,0.0,0,0.8621029207582497,1.0050803429855182,False,False,False,False,-0.2908055009330155,-0.2722927424153616,False,False,False,False,-3260981,-1191770.1555587004,False,False,False,False,669677.9900383792,False,False,False,False
2023-09-05 00:00:00+00:00,12.387425671,12.7969531821,12.3239254605,12.7781961969,651657,,,,,13.321825425177044,13.561736141562966,"rgba(255, 0, 0, 1.0)",0.9227911915435414,14.038229532863912,-1.7889245985352682,38.531537292980865,-11.54718351595129,False,True,False,True,False,0.0,13.882232526312,13.9062645994135,0.0,0.0,0.0,0.0,0,0.8329452698080567,1.0329586054569886,False,False,False,False,-0.34282825441539394,-0.3075604984153778,False,False,False,False,-3912638,-1298470.8553407122,False,False,False,False,668971.2845466781,False,False,False,False
2023-09-06 00:00:00+00:00,12.2604252501,12.4265027236,12.2360020922,12.3483486184,637138,,,,,13.318765925437372,13.500665154388292,"rgba(255, 0, 0, 1.0)",0.9428956553059222,14.01517834674453,-1.8610257527119483,37.34329058759741,-10.971229078664877,False,True,False,True,False,0.0,13.831532663025998,13.906564831112501,0.0,0.0,0.0,0.0,0,0.824019463964086,1.0550194840899514,False,False,False,False,-0.34282825441539394,-0.32519437641538584,False,False,False,False,-4549776,-1425973.0178763708,False,False,False,False,667722.9204468084,False,False,False,False
2023-09-07 00:00:00+00:00,12.3288100921,12.3336947237,12.0210783029,12.2604252501,559862,,,,,13.315881766797263,13.074810041214096,"rgba(255, 0, 0, 1.0)",0.9534550354022708,13.942367701815167,-1.6923269056252805,36.610887839899995,-11.679452535992624,False,True,False,True,False,0.0,13.783564129612,13.907013330213498,0.0,0.0,0.0,0.0,0,0.8181268016931754,1.05501719846054,False,False,False,False,-0.34282825441539394,-0.33401131541538986,False,False,False,False,-3989914,-1526519.7230576896,False,False,False,False,663493.0804292866,False,False,False,False
2023-09-08 00:00:00+00:00,12.3776564078,12.5535031445,12.2701945132,12.3092715658,569726,,,,,13.313425498607756,13.06746955535029,"rgba(255, 0, 0, 1.0)",0.9622419330064647,13.93323927292715,-1.616623441328137,36.18638843526344,-12.088728329531726,False,True,False,True,False,0.0,13.740468616894002,13.907512404085,0.0,0.0,0.0,0.0,0,0.8368695340563438,1.0361957203356083,False,False,False,False,-0.2864476756569567,-0.3102294955361733,False,False,False,False,-3420188,-1600781.2241142509,False,False,False,False,659815.940020295,False,False,False,False
2023-09-11 00:00:00+00:00,12.5339646182,12.6560804075,12.4655797761,12.5437338813,482317,,,,,13.311699540177004,13.069795033193197,"rgba(239, 83, 80, 1.0)",0.9654902241497164,13.928200419863092,-1.444070345601853,36.39379041195332,-12.088728329531726,False,True,False,True,False,0.0,13.696116162204,13.909858131453,0.0,0.0,0.0,0.0,0,0.8456157079120179,1.028200836397926,False,False,False,False,-0.2515424520148566,-0.28088597377551494,False,False,False,False,-2937871,-1653216.1172862411,False,False,False,False,652855.1972744011,False,False,False,False
2023-09-12 00:00:00+00:00,12.4460412499,12.5730416708,12.3678871447,12.4069641973,344372,,,,,13.310327317058704,13.062199941245131,"rgba(255, 0, 0, 1.0)",0.978518924216613,13.922123774104886,-1.5084864356472352,36.381441533559915,-12.088728329531726,False,True,False,True,False,0.0,13.64472983805,13.9105054727265,0.0,0.0,0.0,0.0,0,0.8226395573254581,1.0482931239109554,False,False,False,False,-0.2726376727488566,-0.2767618232621858,False,False,False,False,-3282243,-1717099.5244514865,False,False,False,False,640757.8169891306,False,False,False,False
2023-09-13 00:00:00+00:00,12.3288100921,12.5437338813,12.3092715658,12.4948875656,355395,,,,,13.308801984923017,13.050324231171704,"rgba(255, 0, 0, 1.0)",0.9951449997571314,13.914718053112168,-1.593645108400499,36.13107393428521,-12.180992118475864,False,True,False,True,False,0.0,13.583965021274,13.910324587201,0.0,0.0,0.0,0.0,0,0.8009629633748081,1.0695696197296314,False,False,False,False,-0.2728882598805947,-0.2748250415713902,False,False,False,False,-3637638,-1792414.7587867226,False,False,False,False,629567.1182836745,False,False,False,False
2023-09-14 00:00:00+00:00,12.4265027236,12.524195355,12.3190408289,12.3581178815,437321,,,,,13.306991891777347,13.038721228296392,"rgba(239, 83, 80, 1.0)",1.0087005444764228,13.906488918610833,-1.4672205771228526,36.29264592434613,-12.180992118475864,False,True,False,True,True,0.0,13.561104945510001,13.911455206267501,0.0,0.0,0.0,0.0,0,0.9079001693519341,1.077739150218022,False,False,False,False,-0.27423288778908117,-0.2745289646802357,False,False,False,False,-3200317,-1847626.6113833217,False,False,False,False,622028.0548215696,False,False,False,False
2023-09-15 00:00:00+00:00,12.719580618,12.7781961969,12.5388492498,12.5535031445,1801631,,,,,13.30174684918827,13.04401063454568,"rgba(239, 83, 80, 1.0)",1.0147198276354554,13.889328016568621,-1.1527786948781886,37.448660881982676,-12.180992118475864,False,True,False,True,True,0.0,13.538244869746,13.916278268099,0.0,0.0,0.0,0.0,0,0.8995729768685586,1.0039332692267724,False,False,False,False,-0.21002610887552248,-0.24227753677787908,False,False,False,False,-1398686,-1830021.0972114266,False,False,False,False,668286.9938481747,False,False,False,False
2023-09-18 00:00:00+00:00,12.6805035654,12.8026193547,12.6218879865,12.7293498811,427226,,,,,13.300560948964703,13.043923609090394,"rgba(239, 83, 80, 1.0)",1.0133715557574048,13.885089828001403,-1.1886916065066402,38.29812297293496,-13.357092461020969,True,False,False,True,True,0.0,13.51206324451,13.919211447596501,0.0,0.0,0.0,0.0,0,0.8605419983687158,1.0244961876449856,False,False,False,False,-0.1957157361784138,-0.21899663647814643,False,False,False,False,-1825912,-1829859.9561443117,False,False,False,False,658833.6215404031,False,False,False,False
2023-09-19 00:00:00+00:00,12.4851183024,12.822157881,12.4753490393,12.7293498811,363570,,,,,13.29937500656554,12.827880360326617,"rgba(239, 83, 80, 1.0)",1.0057859092279124,13.841109441089355,-1.3481906300817794,38.5217636227823,-13.126707001993083,True,False,False,True,True,0.0,13.480215446647998,13.920586730354998,0.0,0.0,0.0,0.0,0,0.8560717023891454,1.0172898448900665,False,False,False,False,-0.21263696232707371,-0.21581679940261006,False,False,False,False,-2189482,-1843962.7813935545,False,False,False,False,647254.6559897991,False,False,False,False
2023-09-20 00:00:00+00:00,12.5046568287,12.6658496707,12.4851183024,12.5046568287,576889,,,,,13.297388902105435,12.817301962470676,"rgba(239, 83, 80, 1.0)",1.002058042139866,13.831714853236486,-1.3243324924598099,38.77571509890939,-12.85842606846581,True,False,False,True,True,0.0,13.450516886677999,13.921139835906502,0.0,0.0,0.0,0.0,0,0.8442596175787916,1.0329484634724875,False,False,False,False,-0.2323123165451147,-0.22406455797386238,False,False,False,False,-1612593,-1834889.456633023,False,False,False,False,644495.218500003,False,False,False,False
2023-09-21 00:00:00+00:00,12.3385793552,12.421618092,12.0601553555,12.2995023026,497824,,,,,13.29504654321642,12.78220525409367,"rgba(239, 83, 80, 1.0)",0.9971501880730002,13.816198022803249,-1.4818416375759376,38.58615447970782,-12.85842606846581,True,False,False,True,True,0.0,13.407532128828002,13.9212014535045,0.0,0.0,0.0,0.0,0,0.8141453431577168,1.0787603757756867,False,False,False,False,-0.3247165177879754,-0.2743905378809189,False,False,False,False,-2110417,-1845694.4583336888,False,False,False,False,638743.4060098068,False,False,False,False
2023-09-22 00:00:00+00:00,12.2506559869,12.4802336709,12.2408867238,12.3678871447,469870,,,,,13.292954270141056,12.764234327778846,"rgba(255, 0, 0, 1.0)",0.9907886279766891,13.80558291755455,-1.5693831022565334,38.227403338408635,-12.85842606846581,True,False,False,True,False,0.0,13.358099657302,13.92271160814,0.0,0.0,0.0,0.0,0,0.8029114053630847,1.0919687132767235,False,False,False,False,-0.291124364426551,-0.28275745115373496,False,False,False,False,-2580287,-1874502.0089872698,False,False,False,False,632120.9194996184,False,False,False,False
2023-09-25 00:00:00+00:00,12.1529633554,12.2750791448,12.0943477765,12.2408867238,670460,,,,,13.289525258990224,12.730085450888033,"rgba(255, 0, 0, 1.0)",0.9912580841740571,13.787717201300847,-1.6491707578485646,37.70991182086308,-12.85842606846581,False,False,False,True,False,0.0,13.307690259460001,13.92353964281,0.0,0.0,0.0,0.0,0,0.7933388285123436,1.1068466333763296,False,False,False,False,-0.3407275584038187,-0.31174250477877685,False,False,False,False,-3250747,-1928472.4007916907,False,False,False,False,633624.4128525745,False,False,False,False
2023-09-26 00:00:00+00:00,11.7035772506,12.0943477765,11.6840387244,12.0748092503,509715,,,,,13.286126199044372,12.687067781824524,"rgba(255, 26, 202, 1.0)",0.9923919842467274,13.768727986210138,-2.080982886190566,36.38317928360937,-12.039160054477222,False,True,False,True,False,0.0,13.247706983734002,13.9214913623295,0.0,0.0,0.0,0.0,0,0.7629471842562691,1.1118507389137586,False,False,False,False,-0.34282825441539394,-0.32728537959708537,False,False,False,False,-3760462,-2000315.1301724087,False,False,False,False,628765.2201916893,False,False,False,False
2023-09-27 00:00:00+00:00,11.3909608299,11.6840387244,11.2541911459,11.6840387244,567400,,,,,13.281369228134638,12.622669428596897,"rgba(255, 26, 202, 1.0)",1.0032975529916288,13.742056728375314,-2.343368516612869,34.78079622044682,-13.60238471980395,False,True,False,True,False,0.0,13.179712912228002,13.917879999745498,0.0,0.0,0.0,0.0,0,0.7324049985524014,1.1387635928342419,False,False,False,False,-0.34282825441539394,-0.3350568170062397,False,False,False,False,-4327862,-2091591.4780087848,False,False,False,False,626358.7409684858,False,False,False,False
2023-09-28 00:00:00+00:00,11.596115356,11.596115356,11.3310051828,11.4635602694,729347,,,,,13.275504358770776,12.559534415913888,"rgba(255, 26, 202, 1.0)",1.0093114595651647,13.71321173253612,-2.0975649849930518,34.2706003655667,-14.081724587388138,False,True,False,True,False,0.0,13.117580398609999,13.916504764843001,0.0,0.0,0.0,0.0,0,0.7421919633801055,1.1408078297197768,False,False,False,False,-0.34282825441539394,-0.3389425357108168,False,False,False,False,-3598515,-2150686.5180868716,False,False,False,False,630397.4962246236,False,False,False,False
2023-09-29 00:00:00+00:00,11.5372019842,11.8121310528,11.4782886124,11.7924932621,1165656,,,,,13.266744515904424,12.489353122379118,"rgba(255, 26, 202, 1.0)",1.0193022975247912,13.676041943802588,-2.0983372300802334,33.747942552781964,-14.580186066550077,False,True,False,True,False,0.0,13.058763478603998,13.915077034091498,0.0,0.0,0.0,0.0,0,0.758928512267435,1.129934406901002,False,False,False,False,-0.29991432763801285,-0.3194284316744148,False,False,False,False,-4764171,-2253176.105612877,False,False,False,False,651388.0257844423,False,False,False,False
2023-10-02 00:00:00+00:00,11.2524540203,11.4635602694,11.1837217532,11.3800996593,658519,,,,,13.260920517467536,12.439795558696492,"rgba(255, 26, 202, 1.0)",1.035155276842285,13.651412607776688,-2.3174867009272764,32.83774979787134,-15.4601927223856,False,True,False,True,False,0.0,12.998159304578001,13.911693007298,0.0,0.0,0.0,0.0,0,0.7567985035609406,1.1233866403470172,False,False,False,False,-0.34282825441539394,-0.33112834304490435,False,False,False,False,-5422690,-2377470.768137862,False,False,False,False,651667.6718321113,False,False,False,False
2023-10-03 00:00:00+00:00,11.2622729156,11.3359146304,11.0364383236,11.1739028579,752369,,,,,13.254010615951879,11.949607579149781,"rgba(255, 26, 202, 1.0)",1.0529229997336442,13.507675309363936,-2.1325418803957654,32.1327899131837,-16.13657364507921,False,True,False,True,False,0.0,12.93521150004,13.908406489183001,0.0,0.0,0.0,0.0,0,0.7479219268033943,1.1279914817366998,True,False,False,False,-0.34282825441539394,-0.3369782987301492,False,False,False,False,-4670321,-2467386.4635050045,False,False,False,False,655616.7435249697,False,False,False,False
2023-10-04 00:00:00+00:00,11.2622729156,11.2917296015,11.0953516954,11.2917296015,760719,,,,,13.247087920421036,11.908062318714297,"rgba(255, 26, 202, 1.0)",1.0632409546280484,13.481945571218862,-2.087647814878769,31.556004552984717,-16.690212849674424,False,True,False,True,False,0.0,12.866597522875999,13.906523982926998,0.0,0.0,0.0,0.0,0,0.7357662040924509,1.1498729321449785,False,False,False,False,-0.34118806103975247,-0.33908317988495085,False,False,False,False,-4670321,-2553776.053171475,False,False,False,False,659738.4006416375,False,False,False,False
2023-10-05 00:00:00+00:00,11.370280764,11.3800996593,11.2229973344,11.2229973344,439758,,,,,13.243319166783907,11.894076179642434,"rgba(255, 0, 0, 1.0)",1.0809631098163883,13.470055714658908,-1.94250380201742,31.55209999662866,-16.692789709274166,False,True,False,True,False,0.0,12.805809875306,13.904939444903,0.0,0.0,0.0,0.0,0,0.7470757851187596,1.1498492339864128,False,False,False,False,-0.31597823183585466,-0.3275307058604028,False,False,False,False,-4230563,-2619532.4040274955,False,False,False,False,651111.7182635341,False,False,False,False
2023-10-06 00:00:00+00:00,11.5175641936,11.5862964607,11.3899185546,11.4095563452,500828,,,,,13.239431384750521,11.88982244848726,"rgba(255, 0, 0, 1.0)",1.0916389964709907,13.460175035822212,-1.77953595327962,32.165965051294066,-16.692789709274166,False,True,False,True,True,0.0,12.758323315263999,13.9051564364715,0.0,0.0,0.0,0.0,0,0.7855327849654928,1.116590972387673,False,False,False,False,-0.27345906499762873,-0.30049488542901576,False,False,False,False,-3729735,-2663069.7607322996,False,False,False,False,645218.2391159446,False,False,False,False
2023-10-09 00:00:00+00:00,11.723760995,11.7630365762,11.5372019842,11.6255720419,401023,,,,,13.236645490669021,11.893585434135003,"rgba(255, 0, 0, 1.0)",1.09484717661201,13.454645930334717,-1.580937479047001,33.47574003542173,-18.30460491478721,False,True,False,True,True,0.0,12.710857600728,13.904903571784,0.0,0.0,0.0,0.0,0,0.7928857073002847,1.0924924790651565,False,False,False,False,-0.23730661249983082,-0.2689007489644233,False,False,False,False,-3328712,-2689173.377958484,False,False,False,False,635641.9552290449,False,False,False,False
2023-10-10 00:00:00+00:00,11.7335798903,11.8023121574,11.6255720419,11.7433987856,450937,,,,,13.233616221763599,11.897517682902377,"rgba(255, 0, 0, 1.0)",1.0975848166291822,13.448574547569397,-1.5625167470304084,34.58506413511501,-17.229625530745153,False,True,False,True,True,0.0,12.655968238844,13.904651387371,0.0,0.0,0.0,0.0,0,0.7795195644097278,1.1224258934256037,False,False,False,False,-0.21456524164162896,-0.2417329953030261,False,False,False,False,-2877775,-2696569.519999328,False,False,False,False,628398.6236514354,False,False,False,False
2023-10-11 00:00:00+00:00,11.7924932621,11.9103200058,11.6746665185,11.8415877387,562621,,,,,13.23003267276921,11.903803103931919,"rgba(255, 0, 0, 1.0)",1.0954866309886866,13.441736870607865,-1.5054894891956896,35.72553832556388,-16.133037889028643,False,False,False,True,True,0.0,12.608900243336,13.904596941412999,0.0,0.0,0.0,0.0,0,0.8025753321019795,1.1093624957463954,False,False,False,False,-0.18387962040153286,-0.2128063078522795,False,False,False,False,-2315154,-2681612.048626805,False,False,False,False,625819.1089984379,False,False,False,False
2023-10-12 00:00:00+00:00,11.3899185546,11.851406634,11.2966390492,11.8121310528,883335,,,,,13.223353918652013,11.885766292272548,"rgba(255, 0, 0, 1.0)",1.1010881765420368,13.422477483749528,-1.8459547313756217,35.673577234883844,-16.133037889028643,False,False,False,True,True,0.0,12.562768475774,13.9024812077155,0.0,0.0,0.0,0.0,0,0.8046921011627542,1.107873532380701,False,False,False,False,-0.23925486198640045,-0.22603058491933997,False,False,False,False,-3198489,-2701881.7329943813,False,False,False,False,635917.771390656,False,False,False,False
2023-10-13 00:00:00+00:00,11.7630365762,11.8906822152,11.6992137567,11.7924932621,957004,,,,,13.21731629922135,11.889241606417817,"rgba(239, 83, 80, 1.0)",1.1013106294621535,13.409521877086354,-1.4950235263691656,36.97899473860805,-14.933496354036109,True,False,False,True,True,0.0,12.523317527591999,13.9009722948735,0.0,0.0,0.0,0.0,0,0.8186716631492702,1.0653273393096374,False,False,False,False,-0.18256077706773247,-0.20429568099353623,False,False,False,False,-2241485,-2683826.9591514645,False,False,False,False,648509.3881988656,False,False,False,False
2023-10-16 00:00:00+00:00,11.6844854138,11.851406634,11.6255720419,11.6943043091,591931,,,,,13.213441977459972,11.887123629595434,"rgba(255, 0, 0, 1.0)",1.0974400232516812,13.40032103854728,-1.5634892006793348,37.853184245364154,-14.095076520989451,True,False,False,True,True,0.0,12.480537088796,13.900813537492002,0.0,0.0,0.0,0.0,0,0.8038780793241048,1.078207957469907,False,False,False,False,-0.19050927972053058,-0.1974024803570334,False,False,False,False,-2833416,-2689693.1960474853,False,False,False,False,646290.6278773415,False,False,False,False
2023-10-17 00:00:00+00:00,11.949595587,11.9594144823,11.596115356,11.6550287279,845652,,,,,13.208363697413786,11.890514264716284,"rgba(239, 83, 80, 1.0)",1.0819283714179324,13.389642281894496,-1.3310000300733664,39.43028490185848,-12.57477971223107,True,False,False,False,True,0.0,12.444426550304001,13.9017866741685,0.0,0.0,0.0,0.0,0,0.8166572784436334,1.0694829392817478,False,False,False,False,-0.17469085151781144,-0.18604666593742242,False,False,False,False,-1987764,-2662166.5609083683,False,False,False,False,654108.7209017595,False,False,False,False
2023-10-18 00:00:00+00:00,11.949595587,12.1656112838,11.8759538722,12.1263357025,747760,,,,,13.204430418729682,11.900569939225699,"rgba(239, 83, 80, 1.0)",1.054822922428036,13.382967201317257,-1.3588741615681448,40.720639984444745,-11.349095752647607,True,False,False,False,True,0.0,12.411051405494,13.902905533592,0.0,0.0,0.0,0.0,0,0.8447094756030069,1.043562685195406,False,False,False,False,-0.10884268809110668,-0.14744467701426456,False,False,False,False,-1987764,-2635719.40165706,False,False,False,False,657781.3200820826,False,False,False,False
2023-10-19 00:00:00+00:00,12.0281467495,12.0674223307,11.8023121574,11.8808633199,827769,,,,,13.199994603015675,11.908182708347265,"rgba(239, 83, 80, 1.0)",1.0587526307821316,13.37468872403737,-1.2718192478470067,42.03090084620596,-10.109828969000574,True,False,True,False,True,0.0,12.37768420183,13.9035428123465,0.0,0.0,0.0,0.0,0,0.8342296012060868,1.0511838181746294,False,False,False,False,-0.1319862487785971,-0.13971546289643083,False,False,False,False,-1159995,-2577847.856494038,False,False,False,False,664447.5036082754,False,False,False,False
2023-10-20 00:00:00+00:00,12.1459734931,12.3865364281,12.0134184065,12.077241226,1365040,,,,,13.194017065506007,11.934864802191072,"rgba(239, 83, 80, 1.0)",1.0581434673099497,13.366918883612016,-1.1538561908017513,43.47974757850275,-8.740545543793111,True,False,True,False,True,0.0,12.348041229878,13.903069126104999,0.0,0.0,0.0,0.0,0,0.8567780741736559,1.0404776353795426,False,False,False,False,-0.05355596603880928,-0.09663571446762005,False,False,False,False,205045,-2468714.8032981935,False,False,False,False,691921.7191530489,False,False,False,False
2023-10-23 00:00:00+00:00,12.2932569227,12.3914458758,11.8612255293,12.0576034354,856736,,,,,13.19030112439789,11.948874249011276,"rgba(239, 83, 80, 1.0)",1.0540695646705311,13.361557439956238,-1.013500961476063,45.11874738814414,-7.19295907596036,True,False,True,False,True,0.0,12.322711623358,13.903234708513498,0.0,0.0,0.0,0.0,0,0.8456419988549451,1.026352313540901,False,False,False,False,-0.039611289397452495,-0.06812350193253627,False,False,False,False,1061781,-2330263.987482578,False,False,False,False,698385.0242843019,False,False,False,False
2023-10-24 00:00:00+00:00,12.2736191321,12.2834380274,12.1459734931,12.2441624462,625344,,,,,13.187745959398573,11.959761914448814,"rgba(239, 83, 80, 1.0)",1.048384387860729,13.35811939750439,-1.034449079900319,46.39319350430822,-6.007674085505158,True,False,True,False,True,0.0,12.299920039969999,13.902816359478999,0.0,0.0,0.0,0.0,0,0.887298617193909,1.0235809897254997,False,False,False,False,-0.012294235853422852,-0.04020886889297956,False,False,False,False,436437,-2221765.9095420847,False,False,False,False,695520.6703908,False,False,False,False
2023-10-25 00:00:00+00:00,11.9299577964,12.3914458758,11.9299577964,12.204886865,789981,,,,,13.184030890312307,11.966347168441384,"rgba(239, 83, 80, 1.0)",1.046919715234013,13.351312494670363,-1.3576539610323934,46.35440720830618,-6.007674085505158,True,False,True,False,True,0.0,12.276702943545999,13.901262594754,0.0,0.0,0.0,0.0,0,0.8780198678699951,1.0149126686414676,False,False,False,False,-0.028983210050654743,-0.03459603947181715,False,False,False,False,-353544,-2148502.305246317,False,False,False,False,699224.9970421412,False,False,False,False
2023-10-26 00:00:00+00:00,12.0477845401,12.091969569,11.7335798903,11.8808633199,1284025,,,,,13.17736002952786,11.968098417779894,"rgba(239, 83, 80, 1.0)",1.0344628097121302,13.337239579559235,-1.2464972421947804,46.71075566777708,-5.7656694645733,True,False,True,False,False,0.0,12.258577775677999,13.900055092502498,0.0,0.0,0.0,0.0,0,0.8775808391639729,1.013926270932424,False,False,False,False,-0.10595296365445749,-0.07027450156313732,False,False,False,False,930481,-2027757.8619033243,False,False,False,False,722158.330491469,False,False,False,False
2023-10-27 00:00:00+00:00,12.1263357025,12.204886865,11.8023121574,12.077241226,940872,,,,,13.172862200200221,11.972703760777353,"rgba(239, 83, 80, 1.0)",1.0144914443788926,13.328504498204722,-1.184996485052402,47.25745742549323,-5.23181202362715,True,False,True,False,False,0.0,12.241828245794,13.899337494560998,0.0,0.0,0.0,0.0,0,0.886165199860351,1.0018542452954926,False,False,False,False,-0.07765878265825849,-0.0739666421106979,False,False,False,False,1871353,-1874851.5535933902,False,False,False,False,730735.3371388625,False,False,False,False
2023-10-30 00:00:00+00:00,12.0674223307,12.2490718939,12.0428750924,12.1950679697,516553,,,,,13.170571711788536,11.976694732769372,"rgba(239, 83, 80, 1.0)",0.9947191092030042,13.324395801080948,-1.263646650347423,47.514549539505055,-4.967943875128171,True,False,True,False,False,0.0,12.225072760051999,13.8965280825485,0.0,0.0,0.0,0.0,0,0.9053960544907891,0.9919273992902637,False,False,False,False,-0.03353715985814945,-0.05375190098442367,False,False,False,False,1354800,-1748198.5514916887,False,False,False,False,722336.0298000836,False,False,False,False
2023-10-31 00:00:00+00:00,11.9986900636,12.1066979119,11.8955916628,12.0674223307,860063,,,,,13.166348993156328,11.97857534081955,"rgba(239, 83, 80, 1.0)",0.9731897247750827,13.315824436312695,-1.3534199336281558,47.50137916244008,-4.951195841424173,True,False,True,False,False,0.0,12.205379546864002,13.892160652976,0.0,0.0,0.0,0.0,0,0.8967768228158292,1.004118382443539,False,False,False,False,-0.07842165915627099,-0.06608678007034732,False,False,False,False,494737,-1660240.2945704462,False,False,False,False,727737.0874549823,False,False,False,False
2023-11-01 00:00:00+00:00,12.0379656448,12.1066979119,11.8612255293,12.0379656448,914007,,,,,13.161900946933471,11.980402429207045,"rgba(239, 83, 80, 1.0)",0.9468527190322578,13.306838561724811,-1.3400953405104845,47.634004782158094,-4.773789327536193,True,False,True,False,False,0.0,12.185690304248,13.889203957534,0.0,0.0,0.0,0.0,0,0.8879708076630766,1.0088752210226057,False,False,False,False,-0.0837643962040465,-0.07492558813719691,False,False,False,False,1408744,-1539887.9692931739,False,False,False,False,735041.7899077282,False,False,False,False
2023-11-02 00:00:00+00:00,12.3816269805,12.4012647711,12.0674223307,12.0674223307,944744,,,,,13.15844593994055,11.992314075478552,"rgba(239, 83, 80, 1.0)",0.9185568792332142,13.301865607787937,-1.001830858918749,48.88830447045993,-3.4967681645087865,True,False,True,False,True,0.0,12.16584041888,13.887916994521499,0.0,0.0,0.0,0.0,0,0.8911273111865956,1.0135930007360372,False,False,False,False,-0.006227703969697285,-0.040576646053447095,False,False,False,False,2353488,-1387206.5587326572,False,False,False,False,743265.4059897781,False,False,False,False
2023-11-03 00:00:00+00:00,12.5780048866,12.7252883162,12.4502610587,12.5092726195,1591440,,,,,13.154668556175046,12.02761864737067,"rgba(239, 83, 80, 0.5)",0.894326949983776,13.300513339414312,-0.8078795487795808,50.480012721491384,-1.910556040130885,True,False,True,False,True,0.0,12.152653485316,13.884260297860498,0.0,0.0,0.0,0.0,0,0.9115369493997736,0.9930576799694982,False,False,False,False,0.1033110757009139,0.031367214823733405,False,False,False,False,3944928,-1178103.2427039256,False,False,False,False,776527.1547744927,False,False,False,False
2023-11-06 00:00:00+00:00,12.6074615725,12.7743827927,12.5092726195,12.5976426772,632868,,,,,13.153299887883469,12.041480846754173,"rgba(239, 83, 80, 0.5)",0.8739392229645913,13.300182511217557,-0.7926420058910928,51.86483335087357,-0.547826204603318,True,False,True,False,True,0.0,12.144940317044,13.8810423301225,0.0,0.0,0.0,0.0,0,0.9270447607137787,0.9808057881713744,False,False,False,False,0.12021754116173958,0.0757923779927365,False,False,False,False,4577796,-952381.7037743599,False,False,False,False,770893.4624303951,False,False,False,False
2023-11-07 00:00:00+00:00,12.4896348288,12.5878237819,12.2343435509,12.4699970382,805328,,,,,13.15092920427748,12.052850371910273,"rgba(239, 83, 80, 0.5)",0.8490985058249217,13.297317252504817,-0.9512234660219215,52.540701455598885,0.11399890951277314,True,False,True,False,True,0.0,12.131158293902,13.877720971156,0.0,0.0,0.0,0.0,0,0.9065034845338599,0.9867399474482449,False,False,False,False,0.04840408103543802,0.062098229514087264,False,False,False,False,3772468,-767093.480096934,False,False,False,False,772243.8364527326,False,False,False,False
2023-11-08 00:00:00+00:00,12.303075818,12.5289104101,12.1165168072,12.4405403523,1211118,,,,,13.146793400774413,12.063900922042448,"rgba(239, 83, 80, 1.0)",0.8140711984779112,13.290769805770191,-1.2132771551393866,52.412000345692206,0.11399890951277314,True,False,True,False,True,0.0,12.110518926336,13.872398183658001,0.0,0.0,0.0,0.0,0,0.892791099266095,0.9988666228497247,False,False,False,False,0.021072463567548792,0.041585346540818025,False,False,False,False,2561350,-636566.284799015,False,False,False,False,789454.5879643902,False,False,False,False
2023-11-09 00:00:00+00:00,12.9020284317,12.9511229082,12.0085089589,12.0085089589,1945659,,,,,13.142637946079775,12.098008372958763,#000000,0.7864300035982854,13.288184987281506,-0.4910246987203678,53.93617354430545,1.5042689333081256,True,False,True,False,True,0.41543629490950806,12.1042032342,13.869195822746999,0.0,0.0,0.0,0.0,0,0.8834131814901115,0.9812127479284577,False,False,False,False,0.11478920678606847,0.07818727666344324,False,False,False,False,4507009,-434857.45010101446,False,False,False,False,834795.9374559828,False,False,False,False
2023-11-10 00:00:00+00:00,12.4798159335,12.9511229082,12.3472608469,12.9216662223,1683954,,,,,13.138905207008248,12.122844048817992,"rgba(239, 83, 80, 1.0)",0.7708634428164735,13.284781651991855,-1.044239062045521,53.839000898598734,1.5042689333081256,True,False,True,False,True,0.0,12.092960226834,13.8648538843245,0.0,0.0,0.0,0.0,0,0.9197746612070393,0.9690416284647974,False,False,False,False,0.18983552740190673,0.13401140203267498,False,False,False,False,2823055,-307096.17754803353,False,False,False,False,868096.2536341796,False,False,False,False
2023-11-13 00:00:00+00:00,11.8219499481,12.4503592476,11.8121310528,12.4012647711,1292227,,,,,13.133149322589759,12.11970251253218,"rgba(255, 0, 0, 1.0)",0.7533789539280776,13.272647003754724,-1.9255874458542628,52.14118718728397,1.5042689333081256,True,False,True,False,False,0.0,12.072272219755998,13.8582426752035,0.0,0.0,0.0,0.0,0,0.8933001897358737,0.997204310602124,False,False,False,False,0.07888783632508571,0.10644961917888035,False,False,False,False,1530828,-235020.7196049734,False,False,False,False,884728.8319230353,False,False,False,False
2023-11-14 00:00:00+00:00,11.9790522729,12.1116073596,11.6746665185,11.9888711683,1187509,,,,,13.127408084552252,12.055231774662767,"rgba(255, 0, 0, 1.0)",0.7197117373012655,13.183997430652756,-1.674205234266417,51.15892572186622,3.6198906677773053,True,False,False,False,False,0.0,12.064104751794,13.853194165689999,0.0,0.0,0.0,0.0,0,0.9135191876697,0.9934605898203291,False,False,False,False,-0.024257527030292634,0.04109604607429386,False,False,False,False,2718337,-119202.76981654308,False,False,False,False,896602.5640044849,False,False,False,False
2023-11-15 00:00:00+00:00,11.9594144823,12.077241226,11.709032652,12.077241226,1016162,,,,,13.12251184975729,12.050813918888867,"rgba(255, 0, 0, 1.0)",0.6950833359621316,13.17367520765876,-1.7469282639008834,50.310287272847205,2.788479820425138,True,False,False,False,False,0.0,12.058084536438,13.847998892974498,0.0,0.0,0.0,0.0,0,0.92173588692624,0.973469317449465,False,False,False,False,-0.0242575270519297,0.00841925951118208,False,False,False,False,1702175,-47776.1906080512,False,False,False,False,901291.1693376424,False,False,False,False
2023-11-16 00:00:00+00:00,12.2736191321,12.3718080852,11.9299577964,11.9790522729,1139010,,,,,13.118317004596102,12.072141533808601,"rgba(239, 83, 80, 1.0)",0.6798083361053752,13.170866974148092,-1.3198541329875837,50.414112826996586,2.788479820425138,True,False,False,False,False,0.0,12.056980717238,13.8437431782715,0.0,0.0,0.0,0.0,0,0.9481513582032279,0.9507272677207705,False,False,False,False,0.0874397407832088,0.04792950014719544,False,False,False,False,2841185,65516.40510206845,False,False,False,False,910613.4764224407,False,False,False,False
2023-11-17 00:00:00+00:00,12.1165168072,12.4699970382,12.0968790166,12.3227136086,809116,,,,,13.115474921788476,12.08299987198664,"rgba(255, 0, 0, 1.0)",0.6632776514511994,13.168071181585754,-1.585390932568036,50.115114859382174,2.563612377810678,True,False,False,False,False,0.0,12.051757925226,13.840256327911,0.0,0.0,0.0,0.0,0,0.9435828706794221,0.9581536857975017,False,False,False,False,0.14556466634269832,0.09674708324494688,False,False,False,False,2032069,142636.1147059089,False,False,False,False,906633.1832294038,False,False,False,False
2023-11-20 00:00:00+00:00,12.8725717458,12.9629055826,11.9790522729,12.0281467495,1947339,,,,,13.111582599485406,12.13825985592362,#000000,0.6446792012874303,13.173437493151543,-0.46669063737547406,51.49232436184121,2.563612377810678,True,False,True,False,True,0.7806512647779194,12.058530067778,13.8421527024595,0.0,0.0,0.0,0.0,0,0.9330900859008947,0.9427169889963073,False,False,False,False,0.2296046062431501,0.1631758447440485,False,False,False,False,3979408,293097.7572664615,False,False,False,False,947445.176043937,False,False,False,False
2023-11-21 00:00:00+00:00,13.2849653486,13.5598944172,13.0493118613,13.0493118613,1925229,,,,,13.11297736423944,12.232852056567832,#000000,0.6334651555000274,13.19701382500433,0.1388419281345404,53.320063235632006,0.8429722562841633,True,False,True,False,True,3.7819300058886363,12.075308549751998,13.846402490516,0.0,0.0,0.0,0.0,0,0.9894485884503297,0.9065753136489711,False,False,False,False,0.3428282194527689,0.2530020320984087,False,False,False,False,5904637,513158.11972660024,False,False,False,False,985789.6397284885,False,False,False,False
2023-11-22 00:00:00+00:00,13.6777211608,13.6875400561,13.2947842439,13.3340598251,1255611,,,,,13.115115126518159,12.293793329795088,"rgba(38, 166, 154, 0.5)",0.6350572937671676,13.214058100564909,0.7301121722177807,55.40218203699635,2.8634485215068466,True,False,True,False,True,6.474852160631716,12.102286771126,13.851936018148,0.0,0.0,0.0,0.0,0,1.005600927109761,0.8983330049413717,False,False,False,False,0.34282822228254456,0.29791512719047664,False,False,False,False,7160248,773828.3111098709,False,False,False,False,996370.8695430576,False,False,False,False
2023-11-24 00:00:00+00:00,13.8937368576,14.0619345341,13.731725085,13.746453428,869093,,,,,13.11772951428991,12.341949960880052,"rgba(38, 166, 154, 1.0)",0.6409230011569221,13.229061417941754,1.0370597380004294,57.40326789624312,4.779958685856371,True,False,True,False,True,7.898820609475504,12.131631453806,13.858938218255501,0.0,0.0,0.0,0.0,0,1.025710078038943,0.8798881903887057,False,False,False,False,0.3428282270914432,0.32037167714095993,False,False,False,False,8029341,1058358.2204781114,False,False,False,False,991379.5805413692,False,False,False,False
2023-11-27 00:00:00+00:00,14.1392092402,14.1588470308,13.8986463052,14.099933659,1219447,,,,,13.122162433190612,12.409483490999728,"rgba(38, 166, 154, 1.0)",0.6567609838127946,13.25119885097315,1.3521058819169607,59.36287100212546,6.638500477799326,True,False,True,False,True,9.477635446823967,12.160024026250001,13.8680421167575,0.0,0.0,0.0,0.0,0,1.028792267846994,0.8920928601994259,False,False,False,False,0.3428282283594821,0.331599952750221,False,False,False,False,9248788,1379551.5451652443,False,False,False,False,1000323.4009122959,False,False,False,False
2023-11-28 00:00:00+00:00,14.325768251,14.4092288611,14.1686659261,14.2373981933,930878,,,,,13.12635686513914,12.463181855383977,"rgba(0, 255, 255, 0.75)",0.6805783987914952,13.269800917126213,1.5515733907348077,61.201181511712825,8.36704571305144,True,False,True,False,True,10.651789379125397,12.192929319962001,13.877593067824,0.0,0.0,0.0,0.0,0,1.0371636292481763,0.8798754925158958,False,False,False,False,0.3428282305445505,0.3372140916473858,False,False,False,False,10179666,1724654.0728058228,False,False,False,False,997600.0518569117,False,False,False,False
2023-11-29 00:00:00+00:00,14.4435949947,14.4730516806,14.2079415073,14.2373981933,988505,,,,,13.131055556621998,12.517828848892332,"rgba(0, 255, 255, 0.75)",0.7108432108957675,13.289257710033985,1.6238985854720052,62.851592953989986,9.907376297835341,True,False,True,False,True,11.386449858829181,12.232098853808003,13.88768457836,0.0,0.0,0.0,0.0,0,1.0474115284677252,0.8769398727721752,False,False,False,False,0.3428282309346578,0.3400211612910218,False,False,False,False,11168171,2094988.0699506924,False,False,False,False,997243.3831566407,False,False,False,False
2023-11-30 00:00:00+00:00,14.3945005181,14.4435949947,14.2069596178,14.3552249369,688279,,,,,13.134237054912592,12.552756407609536,"rgba(38, 166, 154, 1.0)",0.7426206892065423,13.301844005146908,1.4713521032124044,64.05545253610128,11.015396764475312,True,False,True,False,True,10.969143037184068,12.269895727596,13.8965591315335,0.0,0.0,0.0,0.0,0,1.0466864937022253,0.8704493385482996,False,False,False,False,0.33925882435120347,0.3396399928211126,False,False,False,False,10479892,2423807.83191341,False,False,False,False,985127.1328367725,False,False,False,False
2023-12-01 00:00:00+00:00,14.5123272618,14.551602843,14.3073087278,14.3454060416,1041013,,,,,13.139445665067132,13.00832318772495,"rgba(38, 166, 154, 1.0)",0.7781326099434002,13.368887328417927,1.469466667725498,65.19706544541268,12.075532160691843,True,False,True,False,True,11.71778930759028,12.313370685727998,13.9063628381685,0.0,0.0,0.0,0.0,0,1.0735241140042224,0.854307427216521,False,False,False,False,0.3428282315787055,0.34123411219990907,False,False,False,False,11520905,2780556.7404658254,False,False,False,False,987318.7354706245,False,False,False,False
2023-12-04 00:00:00+00:00,14.0017447059,14.2963115651,13.9526502294,14.2373981933,1386386,,,,,13.144370582815812,13.007727080600286,"rgba(38, 166, 154, 0.5)",0.7962107742951763,13.375911694763236,0.7860142456509283,64.66909838789378,12.075532160691843,True,False,True,False,False,7.454939324993571,12.348392460108,13.913710780521502,0.0,0.0,0.0,0.0,0,1.0330515046818418,0.8620777347260132,False,False,False,False,0.2746413178017447,0.3079377150008269,False,False,False,False,10134519,3068947.417310303,False,False,False,False,1002968.4321188354,False,False,False,False
2023-12-05 00:00:00+00:00,13.7660912186,13.9624691247,13.633536132,13.9133746482,951506,,,,,13.146664370295023,13.002028428781589,#000000,0.8086039101830255,13.377510095302583,0.48055805618038955,63.63957476618652,12.075532160691843,True,False,True,False,False,5.58920187732161,12.380655017371998,13.920511920674999,0.0,0.0,0.0,0.0,0,1.0214481572510796,0.8682117909199846,False,False,False,False,0.20429626825307154,0.25611699162694923,False,False,False,False,9183013,3308714.6950628404,False,False,False,False,1000950.2975259399,False,False,False,False
2023-12-06 00:00:00+00:00,13.7857290092,13.9428313341,13.7120872944,13.8937368576,696067,,,,,13.14840018800681,13.006073088158036,#000000,0.8204858283959682,13.380791169596042,0.4935342276363296,62.83166712964584,12.075532160691843,True,False,True,False,False,5.722498377654752,12.422298052543999,13.927799843773,0.0,0.0,0.0,0.0,0,1.0512313484647426,0.860996605941358,False,False,False,False,0.2105522816110071,0.2333346366189782,False,False,False,False,9879080,3566376.07957018,False,False,False,False,988994.0897798247,False,False,False,False
2023-12-07 00:00:00+00:00,13.5991699984,13.8740990669,13.5648038648,13.8740990669,585776,,,,,13.149560682972504,13.006282209712424,#000000,0.8281410875798574,13.382237146057161,0.2619515630806339,61.69416055899296,14.952851408876967,True,False,True,False,False,4.2472223419579755,12.466462235914001,13.934835011303,0.0,0.0,0.0,0.0,0,1.0680277305708665,0.8424497854758958,False,False,False,False,0.18768901044771888,0.21051182353334852,False,False,False,False,9293304,3790961.4882144867,False,False,False,False,973181.615670812,False,False,False,False
2023-12-08 00:00:00+00:00,13.4518865688,13.6826306085,13.3536976157,13.4126109876,786198,,,,,13.150574194483593,13.000913268367745,#000000,0.8292918755367301,13.38184968028728,0.08445384620148634,60.39747911351572,13.680077721917222,True,False,True,False,False,3.0974101548673403,12.503577660170002,13.9412794844315,0.0,0.0,0.0,0.0,0,1.0522103719348652,0.8485978924694525,False,False,False,False,0.14557387117213733,0.17804284735274292,False,False,False,False,8507106,3975908.331813919,False,False,False,False,965848.924860192,False,False,False,False
2023-12-11 00:00:00+00:00,13.4224298829,13.4715243594,13.137681919,13.265327558,805297,,,,,13.1511515971064,12.992442300308047,#000000,0.8317691584733556,13.379938775685634,0.05108521611014575,59.262597153524,12.5657815190404,True,False,False,False,False,2.86684199164047,12.541282218144001,13.945439407176,0.0,0.0,0.0,0.0,0,1.0325484507002411,0.8717139350082679,False,False,False,False,0.10144154998164058,0.13974219866719176,False,False,False,False,7701809,4122022.083507491,False,False,False,False,959552.7709441062,False,False,False,False
2023-12-12 00:00:00+00:00,13.0689496519,13.49116215,12.8332961645,13.49116215,985736,,,,,13.151078680735264,13.091632388719153,#000000,0.8324120543706457,13.34741020235576,-0.3345224867824544,57.484439037432864,10.82461076603991,False,False,False,False,False,0.15010576195978942,12.577612130775998,13.947831928765499,0.0,0.0,0.0,0.0,0,1.0338507222384827,0.858109273809496,False,False,False,False,0.07224767888215548,0.10599493877467361,False,False,False,False,6716073,4223749.570428765,False,False,False,False,960579.5642404158,False,False,False,False
2023-12-13 00:00:00+00:00,13.6482644749,13.6580833702,12.9903984894,13.0591307566,1193474,,,,,13.152313394796069,13.12354215791519,#000000,0.839250754491732,13.357188096512548,0.3468288551777752,57.222549782311496,10.567136235389533,False,False,False,False,False,4.276602119041275,12.625331961961999,13.952392410735499,0.0,0.0,0.0,0.0,0,1.0490947592981976,0.845455337886501,False,False,False,False,0.10496320410452686,0.10547907143960024,False,False,False,False,7909547,4368290.646098225,False,False,False,False,969712.6793682427,False,False,False,False
2023-12-14 00:00:00+00:00,14.1490281355,14.551602843,13.8740990669,13.8740990669,1754073,,,,,13.158977833839426,13.252123563461414,"rgba(38, 166, 154, 0.5)",0.855102319089666,13.400342212488855,0.8755512718152711,57.85504822694194,10.567136235389533,False,False,True,False,True,7.5562273547818,12.68306706636,13.9574165925515,0.0,0.0,0.0,0.0,0,1.077510371808269,0.8141185080583142,False,False,False,False,0.2923491786282296,0.19891412503391492,False,False,False,False,9663620,4575950.62076104,False,False,False,False,1000471.9076283117,False,False,False,False
2023-12-15 00:00:00+00:00,14.0802958684,14.1833942691,13.9526502294,14.0802958684,2186305,,,,,13.166218506876955,13.321182004853148,"rgba(38, 166, 154, 0.5)",0.8701898792525564,13.429035226622698,0.7484121078685699,58.20569186185301,10.567136235389533,False,False,True,False,True,7.023504644951515,12.737267368448002,13.962291410028001,0.0,0.0,0.0,0.0,0,1.074760691894558,0.8377138747121379,False,False,False,False,0.2542387904501174,0.22657645774201615,False,False,False,False,7477315,4689729.616025312,False,False,False,False,1046975.1661526916,False,False,False,False
2023-12-18 00:00:00+00:00,14.1883037167,14.2570359839,13.9919258106,14.2177604026,565346,,,,,13.168222878935953,13.337578303937297,"rgba(38, 166, 154, 0.5)",0.8890230771877643,13.436248028945595,0.8459349448310985,58.67146302051003,10.567136235389533,False,False,True,False,True,7.719663095937264,12.790682158909998,13.967074801509,0.0,0.0,0.0,0.0,0,1.0691710774029637,0.8447471754255484,False,False,False,False,0.26558144475206913,0.24607895124704265,False,False,False,False,8042661,4821217.121279221,False,False,False,False,1028087.7478721939,False,False,False,False
2023-12-19 00:00:00+00:00,14.5908784243,14.6988862726,14.1588470308,14.2373981933,599085,,,,,13.171067343075078,13.36496741254902,"rgba(38, 166, 154, 1.0)",0.9190640223353747,13.447597549355667,1.2439621692939467,59.67883135462525,10.567136235389533,False,False,True,False,True,10.242026604601076,12.848024507496,13.974405383267001,0.0,0.0,0.0,0.0,0,1.0701033024867987,0.8348952203993522,False,False,False,False,0.3426754235093182,0.2943771873781804,False,False,False,False,8641746,4971041.78318984,False,False,False,False,1011264.1107007354,False,False,False,False
2023-12-20 00:00:00+00:00,14.1588470308,14.7185240632,14.1588470308,14.6301540055,679419,,,,,13.173941889474943,13.388223283961548,"rgba(38, 166, 154, 0.5)",0.9367307090676709,13.457869872894127,0.7483230250917647,59.44692614399205,10.567136235389533,False,False,True,False,True,6.880453943546261,12.896529850305999,13.982198817501999,0.0,0.0,0.0,0.0,0,1.0645257889321422,0.8389065552645539,False,False,False,False,0.34282822856042744,0.3186027079693039,False,False,False,False,7962327,5088347.0858098455,False,False,False,False,998250.5769477654,False,False,False,False
2023-12-21 00:00:00+00:00,14.3945005181,14.5123272618,14.2864926698,14.3650438322,486775,,,,,13.17608442096624,13.404978143790709,"rgba(38, 166, 154, 0.5)",0.9584330528804157,13.465366081658633,0.9694307115650933,59.63159191681464,10.567136235389533,False,True,True,False,True,8.343518902541145,12.948569995426,13.992239152651,0.0,0.0,0.0,0.0,0,1.0617966641645218,0.8488002230968025,False,False,False,False,0.33270710990307234,0.3256549089361881,False,False,False,False,8449102,5220141.396170244,False,False,False,False,978192.7111851079,False,False,False,False
2023-12-22 00:00:00+00:00,14.4239572041,14.9247208647,14.4043194135,14.6006973196,747690,,,,,13.179861114578747,13.79984400211637,"rgba(38, 166, 154, 0.5)",0.9798707971171354,13.521110570756736,0.9213935510676684,59.82933264227157,10.567136235389533,False,True,True,False,True,8.52562733236589,13.009250768416,14.002281048483,0.0,0.0,0.0,0.0,0,1.085292739825806,0.8254349811528459,False,False,False,False,0.34282822910268773,0.3342415690194379,False,False,False,False,9196792,5376088.4786733715,False,False,False,False,969153.3891778488,False,False,False,False
2023-12-26 00:00:00+00:00,14.4828705759,14.5577887471,14.32586644,14.4828705759,193548,,,,,13.180746085465604,13.79980839873355,"rgba(38, 166, 154, 0.5)",1.0016844145110997,13.522682169308812,0.95857377102132,60.08764351237113,10.567136235389533,False,True,True,False,True,8.894206772769337,13.06364744841,14.0114031549495,0.0,0.0,0.0,0.0,0,1.078027546466794,0.8580776919722313,False,False,False,False,0.28743155472782206,0.31083656187362996,False,False,False,False,9390340,5533510.106960691,False,False,False,False,938737.4915630312,False,False,False,False
2023-12-27 00:00:00+00:00,14.5123272618,14.7136146156,14.4670621545,14.6006973196,566984,,,,,13.183552201934917,13.817640518698145,"rgba(38, 166, 154, 0.5)",1.0234758018589047,13.53213547969894,0.9577088000720385,60.348887063047776,10.567136235389533,False,True,True,False,True,9.080687287023146,13.120204285369999,14.0173694959155,0.0,0.0,0.0,0.0,0,1.088427424763453,0.8487050056593773,False,False,False,False,0.3239118850776923,0.31737422347566113,False,False,False,False,9957324,5706993.004726938,False,False,False,False,924158.9232664418,False,False,False,False
2023-12-28 00:00:00+00:00,14.1244808972,14.4692206681,14.1097063356,14.4002727139,477240,,,,,13.185343189002628,13.809208895257393,"rgba(38, 166, 154, 0.5)",1.0358794842844476,13.5331465383357,0.5708524667546386,59.56021947177207,10.567136235389533,False,True,True,False,True,6.010362775102163,13.163701991573998,14.0195993578465,0.0,0.0,0.0,0.0,0,1.0701969346160918,0.8640516624625326,False,False,False,False,0.24549676102235748,0.2814354922490093,False,False,False,False,9480084,5854957.357482744,False,False,False,False,906632.6909814833,False,False,False,False
2023-12-29 00:00:00+00:00,14.0653826508,14.1244808972,13.9570358657,14.0062844044,326626,,,,,13.186349323394515,13.799302181577062,"rgba(38, 166, 154, 0.5)",1.046072702613473,13.532387032861262,0.5095206256765134,58.770250650592466,10.567136235389533,False,True,True,False,False,5.5530023818545935,13.20601773285,14.021679451292,0.0,0.0,0.0,0.0,0,1.049435748000561,0.8902190897624435,False,False,False,False,0.18348394674951776,0.23245971949926353,False,False,False,False,9153458,5984310.32385597,False,False,False,False,883887.330550837,False,False,False,False
2024-01-02 00:00:00+00:00,13.868388496,14.1441803127,13.7797411264,14.0358335276,709229,,,,,13.188227725458976,13.778007414735935,#000000,1.0531514732046114,13.530199250376892,0.32112118173660137,57.645928402938516,10.270959093778728,False,True,False,False,False,4.035282389908243,13.24282256778,14.022920296710499,0.0,0.0,0.0,0.0,0,1.0441447934028414,0.885005113267742,False,False,False,False,0.16414520758545192,0.19830246354235773,False,False,False,False,8444229,6080777.722920442,False,False,False,False,877037.9842547257,False,False,False,False
2024-01-03 00:00:00+00:00,13.5433481407,13.6615446335,13.4448510633,13.6024463871,547977,,,,,13.188931498900551,13.748445062664576,#000000,1.0568470086692427,13.523844107134014,0.018454926215426482,55.99388792747234,8.602558418903136,False,True,False,False,False,1.6051726462645064,13.270770060732,14.018552851936999,0.0,0.0,0.0,0.0,0,1.018928675898191,0.9142092968149784,False,False,False,False,0.06543377772627447,0.1318681206343161,False,False,False,False,7896252,6151972.792609836,False,False,False,False,864133.6319310111,False,False,False,False
2024-01-04 00:00:00+00:00,13.7304925877,13.7304925877,13.4842498942,13.5728972639,451653,,,,,13.189667220523726,13.733070452008539,#000000,1.0623610369188659,13.5211265959504,0.19707612052190634,55.05811918622534,7.655524273457601,False,True,False,True,False,2.907465792650001,13.299514774032,14.0151697036475,0.0,0.0,0.0,0.0,0,1.0286385995981044,0.9098513673875297,False,False,False,False,0.07840209674899122,0.10513510869165366,False,False,False,False,8347905,6238087.781134941,False,False,False,False,847957.9208748931,False,False,False,False
2024-01-05 00:00:00+00:00,13.4054522323,13.8880879115,13.2774060317,13.6516949258,1118770,,,,,13.190986649245358,13.695049025201357,#000000,1.0639803443928237,13.513460674239074,-0.10151356884389653,53.59561045406575,6.201791774989665,False,True,False,True,False,0.5322133345649362,13.322151436036,14.0122500462865,0.0,0.0,0.0,0.0,0,1.0047793605173079,0.8995369213067099,False,False,False,False,0.07250440445312402,0.08881975657238883,False,False,False,False,7229135,6276952.377953178,False,False,False,False,858578.002409211,False,False,False,False
2024-01-08 00:00:00+00:00,13.5039493097,13.5398022459,13.1690592466,13.267556324,452003,,,,,13.191326531812855,13.772598241173473,#000000,1.0663212887248332,13.492408642980328,0.010822879409518827,52.62582628919337,5.242148071144463,False,True,False,True,False,1.2276923834294884,13.353631266302,14.0085599438395,0.0,0.0,0.0,0.0,0,1.0100123824849294,0.9211838257677697,False,False,False,False,0.018006465012308105,0.053413110792348464,False,False,False,False,7681138,6332018.480778543,False,False,False,False,842633.8846676734,False,False,False,False
2024-01-09 00:00:00+00:00,13.5827469716,13.6615446335,13.3660534014,13.6319955103,729588,,,,,13.192212837926641,13.772165520784933,#000000,1.068306920667692,13.493895792247102,0.08317008682988476,52.01574312331958,4.632417955859388,False,True,False,True,False,1.7858725586192001,13.384330514932001,14.003612305236501,0.0,0.0,0.0,0.0,0,1.029143438355689,0.9004905232056525,False,False,False,False,0.05601630565977592,0.05471470822606219,False,False,False,False,8410726,6413536.422708796,False,False,False,False,838200.7127199216,False,False,False,False
2024-01-10 00:00:00+00:00,13.6713943413,13.681244049,13.5039493097,13.5531978484,464679,,,,,13.192908870948708,13.772538955479508,#000000,1.070257684628736,13.495247748449142,0.16458334789902612,51.725268147689256,4.324776452149429,False,True,False,True,False,2.4163165213863493,13.415231687708001,13.999059329233,0.0,0.0,0.0,0.0,0,1.0328611878075185,0.9039663098780447,False,False,False,False,0.07486285436531263,0.06478878129568741,False,False,False,False,8875405,6510080.288484922,False,False,False,False,823552.8024171796,False,False,False,False
2024-01-11 00:00:00+00:00,13.6516949258,13.7403422954,13.3759031091,13.7107931722,609967,,,,,13.19375594482075,13.766763328569443,#000000,1.0708344546997146,13.495307799154386,0.14604229996453372,51.43921364549245,4.007403614229425,False,True,False,True,False,2.265448102902056,13.446917139610001,13.993484945421502,0.0,0.0,0.0,0.0,0,1.0146513273829818,0.9039801146716892,False,False,False,False,0.0666117429096584,0.06570026210267291,False,False,False,False,8265438,6578917.845799239,False,False,False,False,815176.8885968981,False,False,False,False
2024-01-12 00:00:00+00:00,14.2820762211,14.3362496136,13.8880879115,14.0161341121,886557,,,,,13.196774940302442,13.816184134341748,"rgba(38, 166, 154, 0.5)",1.0738824386121348,13.513265768631205,0.7159167752686142,52.57672787507148,4.007403614229425,False,True,False,False,True,6.6169408264927085,13.49258486276,13.9893137951235,0.0,0.0,0.0,0.0,0,1.0344662319025986,0.873804705217575,False,False,False,False,0.20112731717269125,0.13341378963768208,False,False,False,False,9151995,6679822.832238485,False,False,False,False,817976.1086519217,False,False,False,False
2024-01-16 00:00:00+00:00,14.3510241752,14.4938449374,14.0850820663,14.2131282669,1025064,,,,,13.200745988316525,13.865950651011484,"rgba(38, 166, 154, 0.5)",1.0714602157241289,13.53300436071078,0.7634626115691785,53.63949903690144,4.007403614229425,False,True,True,False,True,7.070514468931783,13.538846033368,13.985730255841002,0.0,0.0,0.0,0.0,0,1.0451317992132694,0.8673321545901098,False,False,False,False,0.24549676102235748,0.18945527533001977,False,False,False,False,10177059,6816969.34862129,False,False,False,False,826097.2024302777,False,False,False,False
2024-01-17 00:00:00+00:00,13.9767352812,14.1983537053,13.8585387883,14.0752323585,998503,,,,,13.203552415525616,13.87621277829594,#000000,1.0658873065572974,13.54054254852874,0.40922969059469977,53.55749767117541,4.007403614229425,False,True,True,False,True,4.161972257835096,13.570748199382,13.979201781186,0.0,0.0,0.0,0.0,0,1.0187492327863275,0.890061018279514,False,False,False,False,0.18045366530650603,0.1849544703182629,False,False,False,False,9178556,6909580.589851828,False,False,False,False,832858.2140996786,False,False,False,False
2024-01-18 00:00:00+00:00,13.9471861579,14.2020965942,13.9471861579,14.0456832353,632451,,,,,13.205365814752462,13.882461518621469,#000000,1.0578735108583364,13.545280318152791,0.3799186156207938,53.41874875752522,4.007403614229425,False,True,False,False,True,3.9366115082624304,13.598131824808002,13.9718924455775,0.0,0.0,0.0,0.0,0,1.0081907286999434,0.9033203786838253,False,False,False,False,0.1918406901512903,0.1883975802347766,False,False,False,False,8546105,6973758.017700776,False,False,False,False,824999.1076643971,False,False,False,False
2024-01-19 00:00:00+00:00,13.9668855734,14.094931774,13.6960186106,14.094931774,868824,,,,,13.207505711697824,13.882980529158967,#000000,1.0429277531621595,13.549058013781224,0.40062943799503165,53.349747946459246,4.007403614229425,False,True,False,False,True,4.0739682560160375,13.625320304826,13.962392651597499,0.0,0.0,0.0,0.0,0,0.993603462954635,0.9112493696721156,False,False,False,False,0.1479228388336767,0.16816020953422667,False,False,False,False,9414929,7069490.21308506,False,False,False,False,826717.7308932443,False,False,False,False
2024-01-22 00:00:00+00:00,14.0259838199,14.0860670371,13.7994405419,13.8191399573,324765,,,,,13.208359634100441,13.88428571970168,#000000,1.0274123631447845,13.55083633287884,0.4624700889979484,53.43127810835072,4.007403614229425,False,True,False,False,True,4.491166809758518,13.656047284648,13.9511428992995,0.0,0.0,0.0,0.0,0,1.01230426210308,0.9034510404925583,False,False,False,False,0.15945031182457592,0.1638052606794013,False,False,False,False,9739694,7174204.087081725,False,False,False,False,807033.3100739014,False,False,False,False
2024-01-23 00:00:00+00:00,14.2623768056,14.3116253443,14.0063829015,14.1737294359,375053,,,,,13.20963121046651,13.891134910646567,"rgba(38, 166, 154, 0.5)",1.0134962370807485,13.554751886659009,0.6982018216261152,54.03456133595441,1.753075746233101,False,True,True,False,True,6.14431152204147,13.695233304399999,13.9413673190085,0.0,0.0,0.0,0.0,0,1.0277256274366153,0.8895085232836695,False,False,False,False,0.21276572853767806,0.18828549460853966,False,False,False,False,10114747,7289519.495431461,False,False,False,False,790092.9057572779,False,False,False,False
2024-01-24 00:00:00+00:00,14.1244808972,14.5577695407,13.9964346966,14.5381686223,701297,,,,,13.212078991101167,13.904231266678554,"rgba(38, 166, 154, 0.5)",0.998565485098232,13.56224357753528,0.563045016130725,54.13769588517634,1.9256174325919275,False,True,True,False,True,5.027455801031046,13.71968235371,13.9311457650745,0.0,0.0,0.0,0.0,0,1.0329573445105253,0.8959591522919582,False,False,False,False,0.24237424342619532,0.2153298690173675,False,False,False,False,9413450,7372810.887767483,False,False,False,False,786610.7133746395,False,False,False,False
2024-01-25 00:00:00+00:00,14.0161341121,14.3067004904,13.9668855734,14.3017756365,846333,,,,,13.214641691559116,13.911969900170527,#000000,0.984291445737843,13.568483182780401,0.4547951028712142,53.91998025202473,1.9256174325919275,False,True,True,False,True,4.153981101986481,13.750408717282001,13.922330524406,0.0,0.0,0.0,0.0,0,1.0154158169907717,0.906866419391634,False,False,False,False,0.20723946093534246,0.21128466497635498,False,False,False,False,8567117,7419646.421580523,False,False,False,False,788952.763830536,False,False,False,False
2024-01-26 00:00:00+00:00,13.8388393728,14.1047814818,13.8388393728,14.0555329431,436526,,,,,13.215705389223741,13.911537041580825,#000000,0.9715648425149847,13.570096013905248,0.27660877291430797,53.2611857664172,1.9256174325919275,False,True,False,False,False,2.7372281858912686,13.790746505776001,13.911313878187,0.0,0.0,0.0,0.0,0,1.037444430070846,0.891601117317644,False,False,False,False,0.1665556185985922,0.18892014178747357,False,False,False,False,8130591,7447526.601126385,False,False,False,False,775132.106425417,False,False,False,False
2024-01-29 00:00:00+00:00,14.134330605,14.1540300205,13.7994405419,13.9176370347,525428,,,,,13.217163992927796,13.91393598218911,"rgba(38, 166, 154, 0.5)",0.9610601086900967,13.573081507793237,0.5839895883013327,53.451968046903026,1.9256174325919275,False,True,False,False,False,4.871923770072208,13.833852072418,13.901823389309001,0.0,0.0,0.0,0.0,0,1.0424979136197359,0.8717703807304822,False,False,False,False,0.1677615419270242,0.17834084185724888,False,False,False,False,8656019,7494918.459905742,False,False,False,False,765339.788526381,False,False,False,False
2024-01-30 00:00:00+00:00,14.2426773901,14.2623768056,14.0456832353,14.1638797282,423304,,,,,13.218557864896159,13.919160711332188,"rgba(38, 166, 154, 0.5)",0.9520048907365503,13.576699460785246,0.6995530546061572,53.85984081488022,1.9256174325919275,False,False,True,False,True,5.638552059067873,13.879517330574002,13.8919493119405,0.0,0.0,0.0,0.0,0,1.0534882963213708,0.8636078934493938,False,False,False,False,0.1985295549797248,0.18843519841848683,False,False,False,False,9079323,7557051.971281987,False,False,False,False,751926.6203488759,False,False,False,False
2024-01-31 00:00:00+00:00,14.3411744675,14.621891138,14.2722265133,14.2820762211,829651,,,,,13.221921367461684,13.937988791778503,"rgba(38, 166, 154, 0.5)",0.9329780254297385,13.587055379214112,0.8082924439067402,54.42121624532765,2.5144976826944614,False,False,True,False,True,6.334874470219823,13.920868437282,13.883444341195,0.0,0.0,0.0,0.0,0,1.0524489529783632,0.8593991282971575,False,False,False,False,0.2765650473023544,0.23250012286042063,False,False,False,False,9908974,7649284.207702301,False,False,False,False,754974.6352371554,False,False,False,False
2024-02-01 00:00:00+00:00,14.774561608,14.8188852928,14.3411744675,14.3411744675,608133,,,,,13.224855456927498,13.957406175682,"rgba(38, 166, 154, 1.0)",0.9292128453832534,13.596866196348467,1.2674118933060963,55.788781937602174,3.901281888157577,True,False,True,False,True,9.296351117069317,13.974029333297999,13.878859548624,0.0,0.0,0.0,0.0,0,1.047251624837065,0.855174345766832,False,False,False,False,0.31455830671655344,0.273529214788487,False,False,False,False,10517107,7761747.846615937,False,False,False,False,749216.1397376591,False,False,False,False
2024-02-02 00:00:00+00:00,14.6169662842,14.774561608,14.2180531208,14.774561608,851997,,,,,13.22863374241433,13.978309356503605,"rgba(38, 166, 154, 1.0)",0.9187547850789466,13.608366154297034,1.097790342192666,56.427495356778536,4.555275900935847,True,False,True,False,True,7.96856867233533,14.008917224066,13.872853664096999,0.0,0.0,0.0,0.0,0,1.048016461103932,0.879577307441989,False,False,False,False,0.2619293271227018,0.2677292709555944,False,False,False,False,9665110,7836389.499689822,False,False,False,False,753246.7617087313,False,False,False,False
2024-02-05 00:00:00+00:00,14.4692206681,14.5627928916,14.1983537053,14.360873883,686466,,,,,13.231369473657864,13.990063805213515,"rgba(38, 166, 154, 0.5)",0.9105086686407167,13.615751537065856,0.9373542069712241,56.51355745916712,4.669855615628748,True,False,True,False,True,6.736934604162908,14.032602330456,13.8668882703655,0.0,0.0,0.0,0.0,0,0.9983297038636048,0.9173778004864287,False,False,False,False,0.20821139930028507,0.23797033512793975,False,False,False,False,8978644,7881183.793819633,False,False,False,False,750627.9083083889,False,False,False,False
2024-02-06 00:00:00+00:00,14.7647119003,15.074977694,14.54801833,14.6169662842,1539878,,,,,13.239453840039507,14.24010743599581,"rgba(38, 166, 154, 1.0)",0.9059292848022686,13.687897276703598,1.1886298871897394,57.20099407546512,5.378205417839688,True,False,True,False,True,8.744160164556526,14.054342145246,13.861718516278499,0.0,0.0,0.0,0.0,0,1.0001610669758711,0.8948813695534183,False,False,False,False,0.3428282095071573,0.29039927231754853,False,False,False,False,10518522,7984608.821512981,False,False,False,False,781578.8922962953,False,False,False,False
2024-02-07 00:00:00+00:00,14.8829083931,14.9026078086,14.6760645306,14.735162777,764010,,,,,13.243496934518797,14.260573723465683,"rgba(38, 166, 154, 1.0)",0.9038507828406772,13.700240026387968,1.3084774491150728,57.99572687259429,6.184263798220719,True,False,True,False,True,9.529915267989054,14.074125575956002,13.858016365891,0.0,0.0,0.0,0.0,0,0.9869251993038397,0.9206309027529997,False,False,False,False,0.3329079718298191,0.31165362207368386,False,False,False,False,11282532,8113939.142237962,False,False,False,False,780889.916127813,False,False,False,False
2024-02-08 00:00:00+00:00,14.4199721294,14.8730586854,14.3362496136,14.8139604389,1323547,,,,,13.24922873614168,14.259060559500437,"rgba(38, 166, 154, 0.5)",0.8951219690694596,13.70964291224664,0.7935557853549228,57.331611495627655,6.184263798220719,True,False,True,False,False,5.70472917652555,14.079740833739999,13.8513177176685,0.0,0.0,0.0,0.0,0,0.960923772608514,0.92799467960943,False,False,False,False,0.25245578151588105,0.2820547017947824,False,False,False,False,9958985,8186293.881758043,False,False,False,False,802170.5860835852,False,False,False,False
2024-02-09 00:00:00+00:00,14.4199721294,14.5381686223,14.3510241752,14.4298218371,839634,,,,,13.25254103055982,14.256098057181074,"rgba(38, 166, 154, 0.5)",0.88831526654198,13.71437022296848,0.7943147360038919,56.78824436901859,6.184263798220719,True,False,True,False,False,5.70472917652555,14.081624911308,13.843304137592,0.0,0.0,0.0,0.0,0,0.9491512354000124,0.9582770557429803,False,False,False,False,0.18526519101640743,0.23365994640559493,False,False,False,False,9958985,8255811.180512629,False,False,False,False,803639.7395705035,False,False,False,False
2024-02-12 00:00:00+00:00,14.6662148229,14.7253130693,14.2919259288,14.321475052,888435,,,,,13.256393023905078,14.263466224753007,"rgba(38, 166, 154, 1.0)",0.8836432780565575,13.722620447162981,1.06784536154942,56.88370998322182,6.184263798220719,True,False,True,False,False,7.3990092180778895,14.086077307872,13.8370574839605,0.0,0.0,0.0,0.0,0,0.944574007086501,0.9523501869123517,False,False,False,False,0.2119109346924438,0.22278544054901936,False,False,False,False,10847420,8357442.898923899,False,False,False,False,806965.043901072,False,False,False,False
2024-02-13 00:00:00+00:00,13.9865849889,14.3510241752,13.833914519,14.2919259288,1548155,,,,,13.260479566984575,14.231587732542485,#000000,0.8623346551380355,13.72049382244632,0.3085706516237443,55.30150622706469,7.088986477340754,True,False,False,False,False,2.0905812914822732,14.077918997288002,13.8275100835185,0.0,0.0,0.0,0.0,0,0.9080127789190844,0.9552201098980542,False,False,False,False,0.04228619533883498,0.13253581794392716,False,False,False,False,9299265,8394377.0989661,False,False,False,False,836031.3166892653,False,False,False,False
2024-02-14 00:00:00+00:00,13.868388496,14.0653826508,13.8437642267,14.0161341121,570519,,,,,13.261728508347653,14.218651459545473,#000000,0.8422620501906748,13.718884315706713,0.17750316574211197,53.75802813934452,5.584005448879466,False,False,False,False,False,1.2191877602580057,14.065040221972001,13.817663907691,0.0,0.0,0.0,0.0,0,0.9034283499342713,0.9746616730917547,False,False,False,False,-0.012922522724380327,0.05980664760977342,False,False,False,False,8728746,8407489.604888998,False,False,False,False,825619.0689759608,False,False,False,False
2024-02-15 00:00:00+00:00,13.9668855734,14.3116253443,13.9373364502,14.0456832353,962226,,,,,13.26428544084469,14.207109727591632,#000000,0.8234101377388876,13.719590337989814,0.3003305692704585,52.731021019695355,4.600731387724132,False,True,False,True,False,1.921604243516569,14.064343039322,13.807384894834502,0.0,0.0,0.0,0.0,0,0.9314205285268184,0.9568612919447934,False,False,False,False,0.055127080658360555,0.057466864134066986,False,False,False,False,9690972,8457822.247834528,False,False,False,False,830976.2035259232,False,False,False,False
2024-02-16 00:00:00+00:00,13.9373364502,14.0653826508,13.8092902496,13.9176370347,684009,,,,,13.265791962889061,14.195718192627997,#000000,0.8016337505337713,13.71867083601696,0.272774959933312,51.823708282139684,3.7373647059948354,False,True,False,True,False,1.6980767670567403,14.067767943954003,13.792282823104,0.0,0.0,0.0,0.0,0,0.9425716362040342,0.9541988686093665,False,False,False,False,-0.01982225081034725,0.01882230666185987,False,False,False,False,9006963,8479357.179291997,False,False,False,False,825212.7837798086,False,False,False,False
2024-02-20 00:00:00+00:00,13.8782382038,14.094931774,13.7009434645,14.0259838199,1269860,,,,,13.26838078890196,14.175025455353403,#000000,0.7762281724400386,13.716642852227967,0.20818021982385165,50.94316521352867,2.8996976704229738,False,True,False,True,False,1.2459054311107352,14.069618127845999,13.776057340085499,0.0,0.0,0.0,0.0,0,0.9337529282264149,0.9521268590177263,False,False,False,False,-0.03560120612470585,-0.008389449731422992,False,False,False,False,7737103,8450249.172260938,False,False,False,False,842649.9295139337,False,False,False,False
2024-02-21 00:00:00+00:00,13.641845218,13.9767352812,12.5780767823,13.5433481407,1734894,,,,13.3988857605,13.26911448506679,13.986361126498881,#000000,0.7503626239757526,13.671920791874545,-0.04008138587072838,49.684683164184634,1.6941343447520225,False,True,False,True,False,0.0,14.070471632238,13.758649892138,1.0,13.976735,12.578076,0.0,0,0.8911784164520763,0.9569156034686509,True,False,False,False,-0.29192849197575765,-0.1501589708535903,False,False,False,False,6002209,8354247.596878157,False,False,False,False,877639.8930624069,False,False,False,False
2024-02-22 00:00:00+00:00,13.5433481407,13.6811455519,13.4251516478,13.641845218,1362571,,,,13.465308721685295,13.270348750370061,13.972214178689915,#000000,0.7332894626529268,13.66819406237602,-0.17025462390301957,48.43926132593068,0.5088448160152126,False,True,False,True,False,0.0,14.072300863676,13.741090867062502,0.0,0.0,0.0,0.0,0,0.9408430619684421,0.9616907549125893,False,False,False,False,-0.17533791462333467,-0.1627484427384625,False,False,True,False,4639638,8208576.6322947005,False,False,False,False,896656.7992168224,False,False,True,False
2024-02-23 00:00:00+00:00,13.9865849889,14.0259838199,13.4251516478,13.6024463871,969093,,,,13.54806466707985,13.272038770621196,13.979630488489112,#000000,0.7200852985770113,13.671671824805056,0.4373275842698868,48.60004341280066,0.5088448160152126,False,True,False,True,False,2.03210201818138,14.083583965795999,13.725601922688499,0.0,0.0,0.0,0.0,0,0.9516683753852131,0.9362063036363761,False,False,False,False,-0.10494830384406398,-0.13384837329126326,False,False,False,False,5608731,8106621.901616477,False,False,False,False,899497.4345416529,False,False,False,False
2024-02-26 00:00:00+00:00,13.8388393728,13.8585387883,13.6122960948,13.7895908341,845907,,,,13.586262354376624,13.27338956926565,13.978860396877044,#000000,0.7065354713098142,13.672630944704022,0.2352442797922841,48.387186498791486,0.5015624985409062,False,True,False,True,True,0.9102912059947563,14.098981760213999,13.7103969750095,0.0,0.0,0.0,0.0,0,0.9682219134232282,0.93814411511464,False,False,False,False,-0.13374526832418357,-0.13379682080772343,False,False,False,False,4762824,7975492.572141321,False,False,False,False,897395.8488733529,False,False,False,False
2024-02-27 00:00:00+00:00,13.7009434645,13.9668855734,13.6713943413,13.8782382038,836810,,,,13.614423291402053,13.27474501480116,13.977032381243362,#000000,0.6895345524123068,13.673354282841274,0.040011311343581824,47.89865252775088,0.016226532747126043,False,True,False,True,True,0.0,14.100035340006,13.6949895595865,0.0,0.0,0.0,0.0,0,0.9629308417625164,0.9398568134612842,False,False,False,False,-0.09723953351072319,-0.1155181771592233,False,False,False,False,3926014,7816689.490880878,False,False,False,False,895019.9332312606,False,False,False,False
2024-02-28 00:00:00+00:00,13.5531978484,13.681244049,13.4596256249,13.681244049,461992,,,,13.610724084087249,13.275172883504698,13.969514535312786,#000000,0.6669039614680843,13.671455636769812,-0.17732356561428425,47.16992326500559,-0.7092262079158402,False,True,False,True,True,0.0,14.088118734264,13.679671336139002,0.0,0.0,0.0,0.0,0,0.9174551796962159,0.9853112819097887,False,False,False,False,-0.20683238647307667,-0.16117528181614998,False,False,False,False,3464022,7645996.648101236,False,False,False,False,878038.4456535642,False,False,False,False
2024-02-29 00:00:00+00:00,14.3707235907,14.3805732984,13.6910937567,13.7304925877,914861,,,,13.679631350872745,13.277714504419999,13.985538940536582,"rgba(38, 166, 154, 1.0)",0.6603714672187613,13.678959927830704,1.0475371774960964,48.48993268968894,-0.7092262079158402,False,True,False,True,True,4.623925289277935,14.093927288709999,13.667905028425501,0.0,0.0,0.0,0.0,0,0.9205611250987649,0.9284322968169815,False,False,False,False,-0.003707903453808717,-0.08244159263497935,False,False,False,False,4378883,7517874.544254129,False,False,False,False,879482.4673926402,False,False,False,False
2024-03-01 00:00:00+00:00,14.9321569318,15.1980990408,14.3313247598,14.4692206681,1706024,,,,13.900007450234412,13.28605207157025,14.063487414974265,"rgba(0, 255, 255, 0.75)",0.6515322700212101,13.712276965334208,1.8723247068423479,50.562901070976295,-1.6368123709116276,False,True,True,False,True,8.218481548217785,14.108804353012001,13.6576796567435,0.0,0.0,0.0,0.0,0,0.9510272085721216,0.8955207886616283,False,False,False,False,0.32040330625658375,0.1189808568108022,False,False,False,False,6084907,7461679.738597104,False,False,False,False,911895.8608282229,False,False,False,False
2024-03-04 00:00:00+00:00,15.1587002098,15.4443417342,15.0306540092,15.1193013788,1862583,,,,14.128368838012578,13.297344132331887,14.15948304442443,"rgba(0, 255, 0, 1.0)",0.6211173234956708,13.755493292089833,2.259165643316575,52.613130389740235,0.32707530760138326,False,False,True,False,True,9.59399478655829,14.120160788722,13.65102206044,0.0,0.0,0.0,0.0,0,0.971366706780495,0.8999503366547958,False,False,False,False,0.3428282166285131,0.23090453671965766,False,False,False,False,7947490,7480731.121397219,False,False,False,False,949177.7094231946,False,False,False,False
2024-03-05 00:00:00+00:00,15.2473475795,15.3261452414,14.8927581009,15.2867464104,1603731,,,,14.262296836355489,13.306680817380172,14.222720262025911,"rgba(0, 255, 0, 1.0)",0.5956823730288654,13.786735501746199,2.4519981518456366,54.427034542186604,2.039486157692494,True,False,True,False,True,10.127523211206704,14.141930799696002,13.646317437558,0.0,0.0,0.0,0.0,0,0.9646726851892081,0.9058726961401299,False,False,False,False,0.2951679113982349,0.2630362240589463,False,False,False,False,9551221,7561926.802911053,False,False,False,False,974846.4659164028,False,False,False,False
2024-03-06 00:00:00+00:00,15.7890815051,15.8432548976,15.2719718488,15.2965961181,1198921,,,,14.384208299593427,13.31539366521077,14.28492710013567,"rgba(0, 255, 0, 1.0)",0.583690128097149,13.817085595841856,3.3784979637858914,56.676844435590496,4.163467663231451,True,False,True,False,True,13.267647712261034,14.169822419436,13.647340957450002,0.0,0.0,0.0,0.0,0,0.9816563883180726,0.8779308511637376,False,False,False,False,0.3428282219333665,0.3029322229961564,False,False,False,False,10750142,7686954.849855718,False,False,False,False,983633.702547132,False,False,False,False
2024-03-07 00:00:00+00:00,15.6610353045,15.9368271212,15.5956332451,15.8481797515,1309398,,,,14.503322793548756,13.32522757227356,14.349781097630398,"rgba(0, 255, 0, 1.0)",0.5764553522197023,13.8498554495693,3.1419256460306246,58.185791325607134,5.550358920100585,True,False,True,False,True,12.249052351283293,14.194563981444,13.646458015665,0.0,0.0,0.0,0.0,0,0.9916682568381509,0.8923487893482595,False,False,False,False,0.34282822465605656,0.3228802238261065,False,False,False,False,9440744,7755730.894959415,False,False,False,False,996408.7730354798,False,False,False,False
2024-03-08 00:00:00+00:00,15.9171277057,15.9663762444,15.7102838432,15.7496826741,906405,,,,14.581846936529407,13.332363073658817,14.394666969729297,"rgba(0, 255, 0, 1.0)",0.5683707666509905,13.87303774085421,3.59640235702159,59.7676218683965,7.012223807811864,True,False,True,False,True,13.69287877122333,14.22324912404,13.647293846503501,0.0,0.0,0.0,0.0,0,0.998461296422588,0.8717615553886097,False,False,False,False,0.34282822549389624,0.33285422466000136,False,False,False,False,10347149,7857355.134372772,False,False,False,False,992879.2133085984,False,False,False,False
2024-03-11 00:00:00+00:00,15.8580294592,16.2520177688,15.7792317973,15.9368271212,1813734,,,,14.724782055263224,13.347072348478603,14.811385367360606,"rgba(0, 255, 0, 1.0)",0.5833032314040484,14.011889963201739,3.1649738876887166,60.90243360921706,8.043372996400393,True,False,True,False,True,13.214922045160577,14.250163167988001,13.647931588469,0.0,0.0,0.0,0.0,0,0.9951160545292522,0.867071502647721,False,False,False,False,0.3428282273665111,0.3378412260132562,False,False,False,False,8533415,7883867.285965996,False,False,False,False,1025069.5971004182,False,False,False,False
2024-03-12 00:00:00+00:00,15.8087809206,15.9466768289,15.5034399807,15.5526885193,1125171,,,,14.786806329538745,13.355388694182334,14.830452209302184,"rgba(0, 255, 0, 1.0)",0.6038714711857315,14.0310679026265,2.943859915228108,61.69410695201726,8.755920077736803,True,False,True,False,True,12.812530362896172,14.283849168456001,13.650952951449499,0.0,0.0,0.0,0.0,0,1.0009148168411532,0.872154347891899,False,False,False,False,0.26606980498734095,0.3019555155002986,False,False,False,False,7408244,7865215.392398702,False,False,False,False,1028995.1423121665,False,False,False,False
2024-03-13 00:00:00+00:00,15.9368271212,16.0599484679,15.7368780541,15.8875785825,1032631,,,,14.84579126155486,13.363471069607908,14.86593845928341,"rgba(0, 255, 0, 1.0)",0.6328271301660092,14.053952350965144,2.9753382566593234,62.53346759570804,9.535389499074007,True,False,True,False,True,13.556119182897774,14.321278057864,13.655491166669002,0.0,0.0,0.0,0.0,0,1.018710008500099,0.8519547871674041,False,False,False,False,0.3114417895068487,0.30669865250357364,False,False,False,False,8440875,7887790.278971302,False,False,False,False,1029137.7249665915,False,False,False,False
2024-03-14 00:00:00+00:00,15.6314861813,15.9269774134,15.5329891039,15.7989312128,667083,,,,14.873696768204494,13.368228767668235,14.877522792084822,"rgba(0, 255, 0, 1.0)",0.6516643442642333,14.064825936947845,2.4040907840692207,62.364928213034545,9.535389499074007,True,False,True,False,True,11.05240223106997,14.35654001157,13.6587948842675,0.0,0.0,0.0,0.0,0,1.0169988622142723,0.8587961179068265,False,False,False,False,0.26734331433151026,0.28702098341754195,False,False,False,False,7773792,7883319.758227331,False,False,False,False,1014939.5004580977,False,False,False,False
2024-03-15 00:00:00+00:00,15.7299832586,15.7595323819,15.5428388116,15.6117867658,1400768,,,,14.925454952339743,13.378072335347724,14.901905632316476,"rgba(0, 255, 0, 1.0)",0.6732432260601511,14.087168383135023,2.4401506199754923,62.39167459899725,9.535389499074007,True,False,True,False,False,11.642032971453514,14.400272713928,13.662396282533498,0.0,0.0,0.0,0.0,0,1.031807343604707,0.8524047724653414,False,False,False,False,0.24706554218532492,0.2670432628014334,False,False,False,False,9174560,7933956.63045371,False,False,False,False,1030070.0298518977,False,False,False,False
2024-03-18 00:00:00+00:00,15.5920873503,15.9466768289,15.5526885193,15.6905844277,1234877,,,,14.966910155518894,13.386754553412679,14.925055069648101,"rgba(0, 255, 0, 1.0)",0.6900696236033532,14.107080051402566,2.1519673495308136,62.030753390157884,9.535389499074007,True,False,True,False,False,10.515605539417571,14.437504609180001,13.663116648168,0.0,0.0,0.0,0.0,0,1.0302268605419642,0.8479566187673339,False,False,False,False,0.2724458781826501,0.26974457049204176,False,False,False,False,7939683,7934181.193965331,False,False,False,False,1038101.6757400587,False,False,False,False
2024-03-19 00:00:00+00:00,15.2571972872,15.5231393961,15.2177984562,15.4837405652,522757,,,,14.975043869200633,13.389833746380182,14.925486238237161,"rgba(0, 255, 255, 0.75)",0.6987440380110239,14.111873956950163,1.6391171415358368,60.862554204995014,9.535389499074007,True,False,True,False,False,7.846453504222566,14.474539510278,13.660263217475999,0.0,0.0,0.0,0.0,0,1.0241265056051854,0.8701764221937227,False,False,False,False,0.176300541266081,0.2230225558790614,False,False,False,False,7416926,7913896.676554926,False,False,False,False,1017892.0806129976,False,False,False,False
2024-03-20 00:00:00+00:00,15.7496826741,15.7644572357,15.188249333,15.2079487485,933702,,,,14.997672938565804,13.395970947049944,15.142120566657004,"rgba(0, 255, 0, 1.0)",0.7182617982507516,14.194048858436508,2.1658312045163326,60.79320937145007,9.535389499074007,True,False,True,False,False,10.851025838258948,14.519454177566,13.661187145572498,0.0,0.0,0.0,0.0,0,1.0275389300289082,0.8441615192336811,False,False,False,False,0.20275126896885876,0.21288691242396007,False,False,False,False,8350628,7931023.395121399,False,False,False,False,1014590.5088242528,False,False,False,False
2024-03-21 00:00:00+00:00,15.5231393961,15.9860756599,15.4738908574,15.8974282902,561431,,,,15.012567042660116,13.39980289557717,15.15628270174229,"rgba(0, 255, 255, 0.75)",0.7311722707596374,14.204010082149646,1.8041292957949155,60.179767235197815,9.535389499074007,True,False,True,False,False,9.085131658864853,14.558262026056,13.6603939431215,0.0,0.0,0.0,0.0,0,1.031321967283596,0.8411367845988171,False,False,False,False,0.26734331433151026,0.24011511337773517,False,False,False,False,7789197,7925461.575704874,False,False,False,False,996819.5476938899,False,False,False,False
2024-03-22 00:00:00+00:00,15.3753937801,15.5912008766,15.2916712643,15.4443417342,616310,,,,15.022353638112877,13.403546635045572,15.147643277740235,"rgba(0, 255, 255, 0.75)",0.739751492299154,14.207798105081888,1.5783620407296695,59.32627539552796,12.16764758315449,True,False,True,False,False,7.949673296589015,14.592342014831999,13.6586185066915,0.0,0.0,0.0,0.0,0,1.0165822614605229,0.8608837897126886,False,False,False,False,0.19399946498797105,0.2170572891828531,False,False,False,False,7172887,7895948.847245859,False,False,False,False,981897.6046470708,False,False,False,False
2024-03-25 00:00:00+00:00,15.5428388116,15.7250584048,15.414792611,15.414792611,407921,,,,15.0307933835671,13.406190267607158,15.15164084677654,"rgba(0, 255, 255, 0.75)",0.7489382993152702,14.213087758973439,1.775514823907802,58.94140669865966,11.734147796744963,True,False,True,False,False,8.980663986216065,14.630164892548,13.6590926296325,0.0,0.0,0.0,0.0,0,1.0262355368188742,0.8555924298076724,False,False,False,False,0.2263604582470468,0.22170887371494996,False,False,False,False,7580808,7883590.382647983,False,False,False,False,959388.718190323,False,False,False,False
2024-03-26 00:00:00+00:00,15.4246423187,15.8383300438,15.4049429033,15.8186306283,525785,,,,15.041191695251223,13.409580437946287,15.156354398117145,"rgba(0, 255, 255, 0.75)",0.755203580877845,14.219728163542513,1.5954825767071985,58.334781873482015,11.078403122813391,True,False,True,False,False,8.060731729974332,14.653016214500001,13.657319929997001,0.0,0.0,0.0,0.0,0,1.0133829333579234,0.8734292065414007,False,False,False,False,0.23951325997827205,0.230611066846611,False,False,False,False,7055023,7851097.544112768,False,False,False,False,942384.6508103104,False,False,False,False
2024-03-27 00:00:00+00:00,15.7831716804,15.7831716804,15.4374826887,15.5263741437,617247,,,,15.055428818525403,13.413753628399352,15.16790699162921,"rgba(0, 255, 0, 1.0)",0.7658078757849783,14.229422184166626,2.028902477192115,58.50357977437705,11.078403122813391,False,False,True,False,False,10.25591460025409,14.681659164604,13.6580216936865,0.0,0.0,0.0,0.0,0,1.00522917424078,0.8823646646240952,False,False,False,False,0.23662991076884976,0.2336204888077304,False,False,False,False,7672270,7844084.699245601,False,False,False,False,929634.1547001022,False,False,False,False
2024-03-28 00:00:00+00:00,16.2177521272,16.3461508956,15.7535411954,15.9708314188,914650,,,,15.089634205065213,13.421104993949905,15.213117684498792,"rgba(0, 255, 0, 1.0)",0.7843210542515082,14.253327423341512,2.504618093840634,59.34809153458646,11.078403122813391,True,False,True,False,True,12.779637452397708,14.726479501524,13.661724279666501,0.0,0.0,0.0,0.0,0,1.037154613405347,0.8504726268106152,False,False,False,False,0.3428282277003856,0.288224358254058,False,False,False,False,8586920,7873215.495353617,False,False,False,False,929046.5407902942,False,False,False,False
2024-04-01 00:00:00+00:00,16.3560277239,16.5831947756,16.1881216422,16.4745496639,960680,,,,15.132169957898908,13.429555310602192,15.268520021976665,"rgba(0, 255, 0, 1.0)",0.8043003180434627,14.28188359867849,2.5788179846391976,60.247018583809776,11.078403122813391,True,False,True,False,True,13.557246868497863,14.774656332844,13.667189669585,0.0,0.0,0.0,0.0,0,1.0527115969517111,0.8407773881726864,False,False,False,False,0.34282823058664563,0.31552629442035185,False,False,False,False,9547600,7938877.63279073,False,False,False,False,930287.0686024395,False,False,False,False
2024-04-02 00:00:00+00:00,16.2078752989,16.5535642906,16.1486143289,16.4350423506,663278,,,,15.15831560095976,13.435218735249217,15.298021953587414,"rgba(0, 255, 0, 1.0)",0.8100292152673342,14.298938366308937,2.356627263080944,60.58609065489592,11.078403122813391,True,False,True,False,True,12.363543655771448,14.819476127354001,13.672011699738,0.0,0.0,0.0,0.0,0,1.062358481368273,0.8372821427954362,False,False,False,False,0.33461304092930805,0.3250696676748299,False,False,False,False,8884322,7975953.882485212,False,False,False,False,919816.1247356771,False,False,False,False
2024-04-03 00:00:00+00:00,16.2770130972,16.3461508956,16.0498460455,16.1683679855,902910,,,,15.18975602566452,13.442681081902172,15.329436499763958,"rgba(0, 255, 0, 1.0)",0.8271614390328271,14.319309046783198,2.366773834024326,60.97669753328623,11.078403122813391,True,False,True,False,True,12.763029510108655,14.8644967129,13.6783969483765,0.0,0.0,0.0,0.0,0,1.053105878078289,0.846412914423502,False,False,False,False,0.2987329816169845,0.31190132464590725,False,False,False,False,9787232,8046984.396897556,False,False,False,False,919153.1394519251,False,False,False,False
2024-04-04 00:00:00+00:00,15.9905850755,16.3461508956,15.9658930046,16.3461508956,728955,,,,15.210946211758937,13.4484105536789,15.347439944296989,"rgba(0, 255, 255, 0.75)",0.8412467366349037,14.333181031425974,1.9701758971498153,60.53168127553182,11.078403122813391,True,False,True,False,True,10.45890764160887,14.899060878298,13.682229929772,0.0,0.0,0.0,0.0,0,1.0396977057231997,0.8571929424582945,False,False,False,False,0.2890275019781828,0.300464413312045,False,False,False,False,9058277,8086642.930352554,False,False,False,False,911694.3888851829,False,False,False,False
2024-04-05 00:00:00+00:00,16.1584911572,16.3807197947,15.8720631355,15.9510777621,1560813,,,,15.254878380852473,13.46076198884343,15.384599746869222,"rgba(0, 255, 0, 1.0)",0.8576323506859049,14.362472511735309,2.0941591627558096,60.46787714824819,11.078403122813391,False,False,True,False,True,11.45680921241689,14.939741083498001,13.690311524160002,0.0,0.0,0.0,0.0,0,1.0359697593010053,0.8664934978658031,False,False,False,False,0.28220843482611757,0.2913364240690813,False,False,False,False,10619090,8185954.58014265,False,False,False,False,937150.0206936072,False,False,False,False
2024-04-08 00:00:00+00:00,16.0794765305,16.3955350372,15.8820387321,16.2967667539,653310,,,,15.271701900047224,13.465863618486178,15.398136546120195,"rgba(0, 255, 255, 0.75)",0.8719252690639557,14.373985679792705,1.956005762441318,60.203406011718165,11.078403122813391,False,False,True,False,False,10.819642489891844,14.981007931866,13.697462332437,0.0,0.0,0.0,0.0,0,1.0374746067911498,0.8555184500747751,False,False,False,False,0.2850579339216265,0.2881971789953539,False,False,False,False,9965780,8255751.655431174,False,False,False,False,926019.0394899363,False,False,False,False
2024-04-09 00:00:00+00:00,16.1683679855,16.3560277239,15.9115704488,16.3362740672,1273552,,,,15.303644954186984,13.475850616852037,15.424034337146058,"rgba(0, 255, 255, 0.75)",0.8890245690499511,14.396241746502588,1.9933377554359182,60.15482821549989,11.078403122813391,False,True,True,False,False,11.358065610042832,15.02759850412,13.704619287371,0.0,0.0,0.0,0.0,0,1.0442433149387265,0.8493898179972131,False,False,False,False,0.2839107830911471,0.2860539810432505,False,False,False,False,11239332,8372754.806198578,False,False,False,False,939647.7830393505,False,False,False,False
2024-04-10 00:00:00+00:00,16.0597228738,16.0597228738,15.6350192554,15.7831716804,965587,,,,15.320221030942873,13.482732969357237,15.433449570970629,"rgba(0, 255, 255, 0.75)",0.9008709640682453,14.408972096914606,1.832394252591695,59.80743590157833,11.078403122813391,False,True,True,False,False,10.463878782205136,15.066106349496,13.711573925005,0.0,0.0,0.0,0.0,0,1.0285025843432583,0.8611309025817203,False,False,False,False,0.21914309363032128,0.2525985373367859,False,False,False,False,10273745,8447303.441249615,False,False,False,False,940665.0072338858,False,False,False,False
2024-04-11 00:00:00+00:00,16.2276289555,16.2671362689,15.8918167921,16.1683679855,607440,,,,15.333714136237948,13.487415608415906,15.444122407465736,"rgba(0, 255, 255, 0.75)",0.9169407072132915,14.418863196307905,1.9726092919237717,59.85744980154386,11.078403122813391,False,True,True,False,False,11.500748354196848,15.105805380804,13.7187349777105,0.0,0.0,0.0,0.0,0,1.028769210742901,0.8577265534168897,False,False,False,False,0.27146337279855975,0.2620309550676728,False,False,False,False,10881185,8542749.776886884,False,False,False,False,927597.3598913805,False,False,False,False
2024-04-12 00:00:00+00:00,15.9214472771,16.6029484323,15.8621863071,16.4251655223,1243694,,,,15.35998200545328,13.496951491880102,15.708478376160532,"rgba(38, 166, 154, 1.0)",0.9263611099883772,14.534236423292786,1.497483906491519,59.04495259419153,11.043953618825086,False,True,True,False,False,8.989818335189764,15.137410836996,13.724706030282,0.0,0.0,0.0,0.0,0,1.0184596700538713,0.8614232524426098,False,True,False,False,0.3067669049605856,0.2843989300141292,False,False,False,False,9637491,8585680.805244261,False,False,False,False,939993.3065623068,False,False,False,False
2024-04-15 00:00:00+00:00,15.8029253371,16.0300923888,15.6448960837,16.0004619038,835665,,,,15.370101005839603,13.502587336459673,15.685901012628843,"rgba(38, 166, 154, 1.0)",0.9336586970965371,14.536981459518708,1.3558957695334326,58.06865993625494,10.027114929569947,False,True,False,False,False,8.037716031751689,15.157978111578,13.731058496748998,0.0,0.0,0.0,0.0,0,1.0060339115167425,0.894483587252952,False,False,False,False,0.21694456827490954,0.2506717491445194,False,False,False,False,8801826,8594157.087391546,False,False,False,False,935902.0004226085,False,False,False,False
2024-04-16 00:00:00+00:00,15.6152655987,15.8819399638,15.5164973154,15.5560046287,846887,,,,15.376585259190575,13.507892566397121,15.664379564204419,"rgba(38, 166, 154, 1.0)",0.9382005240329605,14.539118573740037,1.1470330674449258,56.79013665352706,8.734520510022726,False,True,False,False,False,6.544245789645526,15.177944097868,13.735376887979001,0.0,0.0,0.0,0.0,0,1.0058522723447143,0.8981682134996527,False,False,False,False,0.18637103919437342,0.2185213941694464,False,False,False,False,7954939,8569089.711415408,False,False,False,False,932411.2160923101,False,False,False,False
2024-04-17 00:00:00+00:00,15.9412009338,16.0399692172,15.6942802254,15.7041570537,681691,,,,15.385363404886423,13.512577630615858,15.666690141732067,"rgba(38, 166, 154, 1.0)",0.9443242058938354,14.546640646352596,1.4767812566314593,56.48005158285466,8.402896532081876,False,True,False,False,False,8.65889409367827,15.207383703182002,13.740006105359999,0.0,0.0,0.0,0.0,0,1.0134515312999735,0.8808208350470693,False,False,False,False,0.22354643017553089,0.22103391217248863,False,False,False,False,8636630,8571738.350183431,False,False,False,False,922579.0507553568,False,False,False,False
2024-04-18 00:00:00+00:00,15.9609545905,16.1189838438,15.8128021654,16.0498460455,428230,,,,15.39149336476336,13.515600634288592,15.670661800660772,"rgba(38, 166, 154, 1.0)",0.9494739517340354,14.552152950788678,1.483770710232136,56.26930881853829,8.161801086315286,False,True,False,False,False,8.785388698725775,15.231308556986,13.742975623658,0.0,0.0,0.0,0.0,0,1.0068344145096537,0.9020694833463236,False,False,False,False,0.2456952466290669,0.23336457940077776,False,False,False,False,9064860,8591076.454097807,False,False,False,False,903192.813470833,False,False,False,False
2024-04-19 00:00:00+00:00,15.9115704488,16.1683679855,15.8621863071,15.9708314188,482799,,,,15.39844481279401,13.519022781059933,15.675372615646149,"rgba(38, 166, 154, 1.0)",0.9506630034475598,14.558435594664715,1.4233591180346437,55.959154036882225,7.817440353456455,False,True,False,False,False,8.379820229627448,15.251881798099998,13.754685943342999,0.0,0.0,0.0,0.0,0,1.0033131186454567,0.8925576331529,False,False,False,False,0.25685761539379287,0.24511109739728532,False,False,False,False,8582061,8590722.906878285,False,False,False,False,886706.781570016,False,False,False,False
2024-04-22 00:00:00+00:00,15.2498229503,15.6004503562,15.1708083236,15.4078522037,1061618,,,,15.39697609212925,13.524565609805807,15.641854502647268,"rgba(38, 166, 154, 0.5)",0.9390092995598669,14.556806002030777,0.738029909388602,54.095726859838805,5.963626308084351,False,True,False,True,False,3.203727245397996,15.268478814517998,13.7616221360635,0.0,0.0,0.0,0.0,0,0.9975829179930238,0.9039274022273573,False,False,False,False,0.1182033258645232,0.18165721163090426,False,False,False,False,7520443,8548751.145824235,False,False,False,False,893566.0450378585,False,False,False,False
2024-04-23 00:00:00+00:00,15.5856351137,15.5856351137,15.1115473536,15.1115473536,707614,,,,15.39748377654206,13.528418059920273,15.67590642838616,"rgba(38, 166, 154, 1.0)",0.9325867308497497,14.6220182256663,1.0332732132652973,53.36040353486627,5.2394703250323005,False,True,False,True,False,5.43977029778728,15.291792074204,13.769602387496,0.0,0.0,0.0,0.0,0,0.9943906068802137,0.8911956093290293,False,False,True,False,0.11023563960280061,0.14594642561685245,False,False,False,False,8228057,8536174.90481152,False,False,False,False,886273.8079775503,False,False,False,False
2024-04-24 00:00:00+00:00,15.5461278004,15.6844033971,15.3979753753,15.4078522037,447389,,,,15.398991187859615,13.530993028370917,15.67938810791045,"rgba(38, 166, 154, 1.0)",0.9185644056788832,14.626235034813174,1.001446126041605,52.669298311623926,4.559353137541159,False,True,False,True,False,5.1401416280875125,15.309390333754,13.7769454855205,0.0,0.0,0.0,0.0,0,1.0094908274505108,0.8943666102539289,False,False,False,False,0.15184350503443006,0.14889496532564125,False,False,False,False,7780668,8506547.183054207,False,False,False,False,869062.6390372543,False,False,False,False
2024-04-25 00:00:00+00:00,15.7436643671,15.8029253371,15.328837577,15.4374826887,579861,,,,15.401990698228802,13.534456804104883,15.685583156227779,"rgba(38, 166, 154, 1.0)",0.9076311758145402,14.632412611880435,1.224342866167293,52.55628278125302,4.439727833780687,False,True,False,True,False,6.443032591459172,15.344531921317998,13.78571588322,0.0,0.0,0.0,0.0,0,1.0409764983704621,0.8847775943143481,False,False,False,False,0.15721277996454228,0.15305387264509177,False,False,False,False,8360529,8500820.979797179,False,False,False,False,857721.3982906953,False,False,False,False
2024-04-26 00:00:00+00:00,15.8523094788,15.9016936205,15.6448960837,15.8819399638,401883,,,,15.405612676343399,13.537050519208849,15.69674014304357,"rgba(38, 166, 154, 1.0)",0.8985916215572739,14.638866166397403,1.3503835149271488,52.70656819784365,4.439727833780687,False,True,False,False,True,7.153176723582266,15.384210340974,13.792538344375501,0.0,0.0,0.0,0.0,0,1.0545189575069578,0.867876302365289,False,False,False,False,0.2027033693284831,0.17787862098678742,False,False,False,False,8762412,8511079.451177683,False,False,False,False,839845.3826714524,False,False,False,False
2024-04-29 00:00:00+00:00,15.8720631355,15.946139348,15.6448960837,15.8918167921,322363,,,,15.408625854144537,13.539146367583966,15.70407320398392,"rgba(38, 166, 154, 1.0)",0.890553912997437,14.643666600956527,1.3793623458560986,52.874579975203616,4.439727833780687,False,True,False,False,True,7.28331403659611,15.422313892216,13.798287262237,0.0,0.0,0.0,0.0,0,1.0537639942447956,0.8791444204085797,False,False,False,False,0.20762356063759232,0.19275109081218988,False,False,False,False,9084775,8533577.315837381,False,False,False,False,819551.9559000229,False,False,False,False
2024-04-30 00:00:00+00:00,15.2004388086,15.6547729121,15.1708083236,15.506620487,649044,,,,15.407666963970888,13.542471098551696,15.681107750106511,"rgba(38, 166, 154, 0.5)",0.8760426770987979,14.641720149771107,0.6377756169131036,51.44994631314712,3.2846446251734918,False,True,False,True,False,2.1492989302290333,15.447575939383999,13.8009222900425,0.0,0.0,0.0,0.0,0,1.0280154806482655,0.8739546864863893,False,False,False,False,0.12405574829038465,0.15840341955128728,False,False,False,False,8435731,8529740.205412386,False,False,False,False,812865.3693941396,False,False,True,False
2024-05-01 00:00:00+00:00,15.299207092,15.5560046287,15.1214241819,15.269576607,574092,,,,15.406634581936178,13.545374876259215,15.66410335496214,"rgba(38, 166, 154, 0.5)",0.8718753912489211,14.640727752571863,0.7552447815792757,50.52680454334353,2.3712316391951163,False,True,False,True,False,2.8250656140810584,15.475995317148001,13.803904620318,0.0,0.0,0.0,0.0,0,1.0305463186148207,0.8797946679062375,False,False,False,False,0.10811331664009363,0.13325836809569047,False,False,False,False,9009823,8548566.981670724,False,False,False,False,803501.7078492715,False,False,False,False
2024-05-02 00:00:00+00:00,15.4078522037,15.565881457,15.1214241819,15.239946122,385404,,,,15.406286587253526,13.547362108441478,15.65562411250292,"rgba(38, 166, 154, 0.5)",0.868757562711015,14.640881594454495,0.8828361814222627,50.038680318014606,1.887187184565967,False,True,False,True,False,3.5687995515114324,15.511315456861999,13.8069905593105,0.0,0.0,0.0,0.0,0,1.0831637913117442,0.8687061547857156,False,False,False,False,0.08742549511894902,0.11034193160731975,False,False,False,False,9395227,8581769.335330697,False,False,False,False,787105.7193061628,False,False,False,False
2024-05-03 00:00:00+00:00,15.2498229503,15.5263741437,15.210315637,15.5263741437,500397,,,,15.405454079336398,13.549884526667697,15.644264507549332,"rgba(38, 166, 154, 0.5)",0.8593659216858112,14.640850289254118,0.7086302187213402,49.2881265717153,1.1439695962569445,False,True,False,True,False,2.3852388118508543,15.545444953054,13.8097259688775,0.0,0.0,0.0,0.0,0,1.0484014840262232,0.8574009687568925,False,False,False,False,0.09175805607779519,0.10104999384255747,False,False,False,False,8894830,8594046.224141259,False,False,False,False,775862.2401176859,False,False,False,False
2024-05-06 00:00:00+00:00,15.4276058603,15.5560046287,15.3189607487,15.5263741437,502595,,,,15.405761012392277,13.552560457811582,15.638187634973352,"rgba(38, 166, 154, 0.5)",0.8496280045303319,14.642483877044478,0.9240773362802833,49.1239484360261,0.9721006623651292,False,True,False,True,False,3.619610055394574,15.574265370482001,13.814473758256499,0.0,0.0,0.0,0.0,0,1.0508839381062933,0.8668218996666438,False,False,False,False,0.10812949595077037,0.10458974489666392,False,False,False,False,9397425,8625551.274174936,False,False,False,False,765145.8777601295,False,False,False,False
2024-05-07 00:00:00+00:00,15.5955119421,15.6103271846,15.3782217187,15.4078522037,363693,,,,15.406698719236433,13.5545884320838,15.63661558613237,"rgba(38, 166, 154, 1.0)",0.8406998396851291,14.644583666863658,1.1311150904852043,49.398955581920575,0.9721006623651292,False,True,False,True,True,4.77012722668815,15.609398821868002,13.821038004359,0.0,0.0,0.0,0.0,0,1.0512277337498104,0.8615862629813924,False,False,False,False,0.12162040577706706,0.1131050753368655,False,False,False,False,9761118,8670083.302638665,False,False,False,False,749402.6276518892,False,False,False,False
2024-05-08 00:00:00+00:00,15.6745265687,15.7288491246,15.4078522037,15.447359517,486380,,,,15.408699304903996,13.557397833632564,15.637098707469033,"rgba(38, 166, 154, 1.0)",0.8328286332401805,14.6482588037857,1.2322676286014929,49.814298305341694,0.9721006623651292,False,True,False,False,True,5.3095169313398,15.648870483952,13.82736232149,0.0,0.0,0.0,0.0,0,1.0497992166072152,0.8612778167542388,False,False,False,False,0.1392844619394438,0.12619476863815465,False,False,False,False,10247498,8731942.702535188,False,False,False,False,739088.0148027955,False,False,False,False
2024-05-09 00:00:00+00:00,15.9313241055,16.0004619038,15.5757582854,15.7831716804,702669,,,,15.41487412713831,13.561901793042374,15.647970947258177,"rgba(0, 255, 255, 0.75)",0.8308990850646388,14.657134998567747,1.5335064508262504,50.749894638357105,0.9721006623651292,False,True,False,False,True,7.0404821680219065,15.696433009094001,13.8335540831485,0.0,0.0,0.0,0.0,0,1.0677609738646467,0.8377065580636246,False,False,False,False,0.16360981620590007,0.14490229242202735,False,False,False,False,10950167,8818931.890671063,False,False,False,False,737659.8181438623,False,False,False,False
2024-05-10 00:00:00+00:00,16.1387375005,16.3461508956,15.9609545905,16.1584911572,543963,,,,15.422994444762901,13.565854162740015,15.66566369380141,"rgba(0, 255, 255, 0.75)",0.8288994762387002,14.6673887711287,1.7750629256611958,51.96298794206834,0.14230044305510603,False,True,True,False,True,8.403760242567358,15.73179328729,13.8421994549385,0.0,0.0,0.0,0.0,0,1.0813648150006387,0.8553127074123391,False,False,False,False,0.23999781321782104,0.1924500528199242,False,False,False,False,11494130,8923841.620448668,False,False,False,False,730063.8644911619,False,False,False,False
2024-05-13 00:00:00+00:00,15.9115704488,16.1881216422,15.7436643671,16.0794765305,417365,,,,15.42741311506659,13.568643342143694,15.673041280211189,"rgba(0, 255, 255, 0.75)",0.820988480963136,14.67312117902244,1.5084855616057886,52.33500143681105,0.5101929264250202,False,True,True,False,True,6.574930239989463,15.75138155763,13.852297846204001,0.0,0.0,0.0,0.0,0,1.0419629634088559,0.8990843786516638,False,False,False,False,0.11339875826805201,0.15292440554398812,False,False,False,False,11076765,9008269.98827421,False,False,False,False,717801.1639228811,False,False,False,False
2024-05-14 00:00:00+00:00,16.1486143289,16.1584911572,15.9313241055,15.9412009338,334399,,,,15.431782537142503,13.570996801774779,15.681072027699951,"rgba(0, 255, 255, 0.75)",0.8113146655935132,14.678509996866893,1.8120026598528927,53.15315264958213,1.3187096687048623,False,False,True,False,True,8.136052968059047,15.771179840011998,13.862555684239501,0.0,0.0,0.0,0.0,0,1.0215134224934062,0.914979137384697,False,False,False,False,0.1550078505979697,0.15396612807097892,False,False,False,False,11411164,9102501.125988945,False,False,False,False,702765.7849455132,False,False,False,False
2024-05-15 00:00:00+00:00,16.2375057839,16.4054118656,15.9807082471,16.3263972389,455388,,,,15.438800632776234,13.574358367598963,15.694514352987795,"rgba(0, 255, 255, 0.75)",0.8081495230743564,14.686821657836756,1.9188084405026244,54.008891552388135,2.159316913137559,True,False,True,False,True,8.714740268844881,15.7909830041,13.8713529732365,0.0,0.0,0.0,0.0,0,1.030606056344084,0.8972341882293997,False,False,False,False,0.21169137272092364,0.18282875039595128,False,False,False,False,11866552,9210895.277910948,False,False,False,False,693064.6953398068,False,False,False,False
2024-05-16 00:00:00+00:00,16.0992301872,16.2276289555,15.9313241055,16.2276289555,357999,,,,15.443369499530775,13.576873060397551,15.702046118582405,"rgba(0, 255, 255, 0.75)",0.804055611850274,14.692287400587484,1.749807806670104,54.31430109164371,2.4618032693255927,True,False,True,False,True,7.5802839854940665,15.797185977742002,13.881119658985002,0.0,0.0,0.0,0.0,0,1.0106833528896717,0.930679463814783,False,False,False,False,0.13784762710386658,0.16033818874990893,False,False,False,False,11508553,9300999.502306597,False,False,False,False,679924.8641500105,False,False,False,False
2024-05-17 00:00:00+00:00,16.4449191789,16.5239338056,16.1683679855,16.2967667539,642539,,,,15.455075757359003,13.581899423995393,15.72422906779712,"rgba(0, 255, 0, 1.0)",0.8063206595806489,14.705414740990753,2.157335815770775,55.29006398429347,3.4244504751343285,True,False,True,False,True,9.833105520070042,15.812863655229998,13.894861720216,0.0,0.0,0.0,0.0,0,1.0030087786890922,0.9176434282828186,False,False,False,False,0.31512718918534777,0.23773268896762834,False,False,False,False,12151092,9412767.835549476,False,False,False,False,678458.7518304023,False,False,False,False
2024-05-20 00:00:00+00:00,16.563441119,16.5831947756,16.2967667539,16.5140569773,638385,,,,15.46767283801224,13.587057027725244,15.747534414683907,"rgba(0, 255, 0, 1.0)",0.815684901879229,14.719103687099382,2.2610905604008495,56.319899082499084,4.431422949144142,True,False,True,False,True,10.586125362248325,15.825789923496,13.9090010058845,0.0,0.0,0.0,0.0,0,1.0061008070151025,0.9185250883256842,False,False,False,False,0.3428281871603175,0.2902804380639729,False,False,False,False,12789477,9545187.80278283,False,False,False,False,676887.2321507786,False,False,False,False
2024-05-21 00:00:00+00:00,16.3856582089,16.4943033206,16.2671362689,16.4054118656,525258,,,,15.476820248571444,13.5911425650039,15.7628056611122,"rgba(0, 255, 0, 1.0)",0.8192738312586924,14.72899557355077,2.0221110111670653,56.63477810070628,4.737221632540063,True,False,True,False,True,9.09870444848018,15.836342498490001,13.921811760160999,0.0,0.0,0.0,0.0,0,0.997857784931043,0.9329205571190328,False,False,False,False,0.3034692663791554,0.2968748522215642,False,False,False,False,12264219,9651816.477183502,False,False,False,False,670940.987752709,False,False,False,False
2024-05-22 00:00:00+00:00,15.9807082471,16.3135573621,15.857247893,16.2671362689,568573,,,,15.482963993713298,13.595027366394293,15.769583392512601,"rgba(0, 255, 255, 0.75)",0.8148875121489255,14.736012825478852,1.527444466953217,55.80815990858943,4.737221632540063,True,False,True,False,False,5.833523139067584,15.839781045019999,13.932939688838498,0.0,0.0,0.0,0.0,0,0.9877097686923287,0.9235130217321723,False,False,False,False,0.11804295413069961,0.2074589031761319,False,False,False,False,11695646,9731966.654548855,False,False,False,False,666926.5568604459,False,False,False,False
2024-05-23 00:00:00+00:00,15.8918167921,16.0695997022,15.857247893,15.9807082471,598725,,,,15.488055641625992,13.598920695009248,15.773310242407618,"rgba(38, 166, 154, 1.0)",0.8132081344457791,14.74207811297634,1.4138307653639424,54.911656173446694,4.737221632540063,True,False,True,False,False,5.136605406493203,15.838880838438001,13.944307008661498,0.0,0.0,0.0,0.0,0,0.9760804730176348,0.940786711181015,False,False,False,False,0.04442378486258733,0.1259413440193596,False,False,False,False,11096921,9785494.275939098,False,False,False,False,664251.9860031735,False,False,False,False
2024-05-24 00:00:00+00:00,16.0399692172,16.183183228,15.9609545905,16.0893533588,428078,,,,15.492590563965749,13.601840898065143,15.778085532133028,"rgba(0, 255, 255, 0.75)",0.8137499815591126,14.747236656546203,1.5886114776641496,54.52909775315044,6.465433261552491,True,False,True,False,False,6.146185288365192,15.847050499156001,13.956024320084,0.0,0.0,0.0,0.0,0,0.988313739978084,0.9252221460772202,False,False,False,False,0.10994758752789097,0.11794446577362529,False,False,False,False,11524999,9853710.147470899,False,False,False,False,654990.2610618726,False,False,False,False
2024-05-28 00:00:00+00:00,16.1979984705,16.3807197947,16.1091070155,16.2770130972,657216,,,,15.501429545627746,13.606615893997628,15.789609541959356,"rgba(0, 255, 255, 0.75)",0.8094919953456531,14.756834173341554,1.7803317456438452,54.579623729620906,6.465433261552491,True,False,True,False,False,7.212398160531265,15.856410803394,13.968873701983,0.0,0.0,0.0,0.0,0,0.9918091920794262,0.9041922807961204,False,False,False,False,0.21641042653270479,0.16717744615316504,False,False,False,False,12182215,9945024.063256353,False,False,False,False,655077.5449417991,False,False,False,False
2024-05-29 00:00:00+00:00,16.0399692172,16.2572594405,16.0202155605,16.0597228738,508565,,,,15.506989346427819,13.610125593940719,15.795457665851433,"rgba(0, 255, 255, 0.75)",0.8028252927406374,14.763055047070655,1.5905255871676527,54.19440049557274,6.101212369684028,True,False,False,False,False,5.933551604886379,15.865368440732,13.9812748618255,0.0,0.0,0.0,0.0,0,0.986819068959284,0.9189375717968346,False,False,False,False,0.15058993389210396,0.1588836900226345,False,False,False,False,11673650,10012813.315677673,False,False,False,False,649331.9549440815,False,False,False,False
2024-05-30 00:00:00+00:00,16.2770130972,16.4745496639,16.0893533588,16.0893533588,591520,,,,15.51517594109999,13.614479949086098,15.80597550835859,"rgba(0, 255, 255, 0.75)",0.802136472983525,14.77180309150882,1.8765011396285134,54.42786067055084,6.101212369684028,True,False,True,False,False,7.539732166958533,15.885764756932002,13.995593935804003,0.0,0.0,0.0,0.0,0,1.0049878884842576,0.8882800389519204,False,False,False,False,0.23978369335258667,0.1993336916876106,False,False,False,False,12265170,10101141.028788352,False,False,False,False,647064.8194560783,False,False,False,False
2024-05-31 00:00:00+00:00,16.4449191789,16.4794880781,16.1091070155,16.3955350372,1190772,,,,15.532481043390963,13.623412710994721,15.82831406946336,"rgba(0, 255, 0, 1.0)",0.7892613482420777,14.789987733934609,2.0968104527751446,54.98564103316028,6.101212369684028,True,False,True,False,True,8.654918852421929,15.899669487028,14.012364468610501,0.0,0.0,0.0,0.0,0,1.0075170821663035,0.8990032027000289,False,False,False,False,0.2476310556621443,0.22348237367487744,False,False,False,False,13455942,10232701.851188809,False,False,False,False,668386.6696734871,False,False,False,False
2024-06-03 00:00:00+00:00,16.593071604,16.6128252606,16.3185945445,16.4943033206,587219,,,,15.542418641763799,13.628059990486467,15.841977545289206,"rgba(0, 255, 0, 1.0)",0.7738104130750876,14.800106662504522,2.3170597231566257,55.754921751707315,6.101212369684028,True,False,True,False,True,9.627908361204824,15.921068131186,14.030559611963,0.0,0.0,0.0,0.0,0,1.0037309965199344,0.902370262111323,False,False,False,False,0.34282818869574055,0.28315528118530897,False,False,False,False,14043161,10382131.621730424,False,False,False,False,665203.6238039385,False,False,False,False
2024-06-04 00:00:00+00:00,16.2375057839,16.3757813806,15.9214472771,16.3757813806,671094,,,,15.549734553187653,13.632746467829406,15.848980601136319,"rgba(0, 255, 255, 0.75)",0.7541384106993209,14.808109247378335,1.8954034382046283,55.382672468617386,6.101212369684028,True,False,True,False,True,6.693816026675805,15.938310371262,14.046928079899,0.0,0.0,0.0,0.0,0,0.982108564720915,0.8854758030594775,False,False,False,False,0.14531420755558094,0.21423474437044496,False,False,False,False,13372067,10499383.989505703,False,False,False,False,665434.6189488821,False,False,False,False
2024-06-05 00:00:00+00:00,16.4350423506,16.5041801489,16.1584911572,16.2967667539,499657,,,,15.55666712882966,13.636480984670046,15.857196032197786,"rgba(0, 255, 0, 1.0)",0.7342921455198421,14.815334474510166,2.205808527262894,55.51354194950102,6.101212369684028,True,False,True,False,True,8.010460680409132,15.956154442042,14.064577308563,0.0,0.0,0.0,0.0,0,0.9897521361147607,0.8876904295729872,False,False,False,False,0.25680704752818145,0.2355208959493132,False,False,False,False,13871724,10631632.617368225,False,False,False,False,658933.5358528475,False,False,False,False
2024-06-06 00:00:00+00:00,17.0967898491,17.1560508191,16.4449191789,16.5041801489,827036,,,,15.575281364238032,13.643843526400374,16.14962162451322,"rgba(0, 255, 0, 1.0)",0.7238898505851622,14.971678492287623,2.935683315762094,56.85491324668523,5.062193176803575,True,False,True,False,True,12.151614958495777,15.989597392649998,14.085144504193499,0.0,0.0,0.0,0.0,0,1.0039796938549836,0.8623096625701536,False,True,False,False,0.3428282037468721,0.28917454984809265,False,False,False,False,14698760,10791127.808843981,False,False,False,False,665525.7893488143,False,True,False,False
2024-06-07 00:00:00+00:00,16.4844264923,16.8219177165,16.4844264923,16.5831947756,1382183,,,,15.59841771112455,13.654938406509196,16.136403718807124,"rgba(0, 255, 0, 1.0)",0.6891386546388247,14.984473674339887,2.17656172362909,56.451782952132575,5.062193176803575,True,False,True,False,True,7.344967263750579,16.003622488888,14.102454497776998,0.0,0.0,0.0,0.0,0,0.9915434722108327,0.8648298621382225,False,False,False,False,0.2698520061925958,0.2795132780203442,False,False,False,False,13316577,10890165.032026572,False,False,False,False,693629.9936880765,False,False,False,False
2024-06-10 00:00:00+00:00,16.8498691407,16.8794996257,16.2375057839,16.5140569773,1122345,,,,15.61750759130968,13.664064941615868,16.152640372174886,"rgba(0, 255, 0, 1.0)",0.6527309483206752,15.001740858346555,2.831378360576054,56.75170408592776,5.062193176803575,True,False,True,False,True,9.543356274086875,16.016264829158,14.119833237236001,0.0,0.0,0.0,0.0,0,0.9642881068814287,0.8896391007638126,False,False,False,False,0.22443724968061468,0.2519752638504794,False,False,False,False,14438922,11029331.9719471,False,False,False,False,710442.3468767795,False,False,False,False
2024-06-11 00:00:00+00:00,16.5041801489,16.8276462769,16.4301039364,16.741224029,546917,,,,15.6259665477674,13.668391099905973,16.15781435445972,"rgba(0, 255, 0, 1.0)",0.6241286695308826,15.009140692482143,2.395402629944212,56.24875098158915,5.062193176803575,True,False,True,False,False,6.9722987432598735,16.019227877658,14.136167380156499,0.0,0.0,0.0,0.0,0,0.9515456822158541,0.9026755501121096,False,False,False,False,0.25809926355229024,0.2550372637013848,False,False,False,False,13892005,11141593.659321724,False,False,False,False,704029.5881757293,False,False,False,False
2024-06-12 00:00:00+00:00,16.563441119,16.8202386557,16.5189953914,16.6918398873,947284,,,,15.640972104732594,13.675973924011652,16.17061193060831,"rgba(0, 255, 0, 1.0)",0.5866695720613689,15.023061002862672,2.625634922099208,55.943130798306356,5.062193176803575,True,False,True,False,False,7.3322726583261755,16.02633919406,14.154018985821,0.0,0.0,0.0,0.0,0,0.9568564955171893,0.9004550516424087,False,False,False,False,0.27784792761254223,0.2664425956569635,False,False,False,False,14839289,11286601.31974048,False,False,False,False,713568.9768747203,False,False,False,False
2024-06-13 00:00:00+00:00,16.2375057839,16.6325789173,16.1881216422,16.5140569773,656745,,,,15.648241098752958,13.680710246574453,16.167889315450555,"rgba(0, 255, 0, 1.0)",0.5325901786057273,15.028558007498319,2.2699400495266326,55.01397620569745,6.744295197031455,False,False,False,False,False,4.957717634353141,16.025549047794,14.169312834811,0.0,0.0,0.0,0.0,0,0.945965266785112,0.9002135082031321,False,False,False,False,0.15508275376547379,0.21076267471121862,False,False,False,False,14182544,11400167.6993585,False,False,False,False,711340.5856247313,False,False,False,False
2024-06-14 00:00:00+00:00,16.1683679855,16.3856582089,16.0794765305,16.2868899256,782588,,,,15.65500930374409,13.686034421112103,16.16020088381243,"rgba(0, 255, 0, 1.0)",0.4595165179501247,15.03322391067826,2.470300915156545,54.11424999257525,5.849547485042713,False,True,False,False,False,4.461664932792278,16.029104705994,14.183479453757,0.0,0.0,0.0,0.0,0,0.944575708584056,0.911812816265954,False,False,False,False,0.0737142800106481,0.14223847736093337,False,False,False,False,13399956,11478590.769971892,False,False,False,False,714134.6018747417,False,False,False,False
2024-06-17 00:00:00+00:00,16.1288606722,16.1436759147,15.7239107104,16.0103387322,1056604,,,,15.66050119087035,13.69258583348711,16.141733694049112,"rgba(0, 255, 0, 1.0)",0.423693518779172,15.035994746635405,2.579378435416173,53.295980134417235,5.042505333622863,False,True,False,False,False,4.175251911190347,16.028512096294,14.1980346919255,0.0,0.0,0.0,0.0,0,0.9304891857078875,0.9237722378889559,False,False,False,False,-0.06139460800360972,0.04042193467866183,False,False,False,False,12343352,11512502.975071035,False,False,False,False,727564.7743502421,False,False,False,False
2024-06-18 00:00:00+00:00,16.3263972389,16.4597344214,16.0202155605,16.1189838438,1213040,,,,15.671455438688813,13.700936711805104,16.140934087039675,"rgba(0, 255, 0, 1.0)",0.40979690553538617,15.046115834725569,3.124185143618363,53.042899684362354,4.7886464875354875,False,True,False,False,False,5.454191376025026,16.033450510462,14.214456846611002,0.0,0.0,0.0,0.0,0,0.9441975356161871,0.9088111941945957,False,False,False,False,0.07707792613524596,0.05874993040695389,False,False,False,False,13556392,11592655.485852564,False,False,False,False,746603.0184933698,False,False,False,False
2024-06-20 00:00:00+00:00,16.3263972389,16.4943033206,16.2523210264,16.3757813806,1270903,,,,15.684162937668473,13.709928924824451,16.14617337796974,"rgba(0, 255, 0, 1.0)",0.4015826023773645,15.058705947686752,3.156738573106828,52.83583386159018,4.5697046706284254,False,True,False,False,False,5.454191376025026,16.03661109553,14.231807081295502,0.0,0.0,0.0,0.0,0,0.9536154919762181,0.9042547500561771,False,False,False,False,0.1379977051233964,0.09837381776517515,False,False,False,False,13556392,11669664.76091717,False,False,False,False,767163.8020818651,False,False,False,False
2024-06-21 00:00:00+00:00,16.2276289555,16.3263972389,16.0844149447,16.3263972389,2984669,,,,15.706195367330197,13.729666970646413,16.143059422837414,"rgba(0, 255, 0, 1.0)",0.3939034479630366,15.08102775059174,2.9108686680393148,52.43334695612653,4.152334108989045,False,True,False,False,False,4.7048707874907585,16.039969217164,14.251008097718,0.0,0.0,0.0,0.0,0,0.9637949664234008,0.9018743925074371,False,False,False,False,0.06139456270515144,0.0798841902351633,False,False,False,False,10571723,11626608.22127336,False,False,False,False,854124.7902355175,False,False,False,False
2024-06-24 00:00:00+00:00,15.3782217187,16.3757813806,15.1708083236,16.3263972389,2237862,,,,15.704238132016618,13.740905606113476,16.101537948363834,"rgba(38, 166, 154, 0.5)",0.3993377259020273,15.07997837782671,0.7468448922515827,50.41844291295334,2.168631554080079,False,True,False,True,False,0.0,16.022981072428,14.266597080060999,0.0,0.0,0.0,0.0,0,0.9090956466513682,0.9133594530924868,False,False,False,False,-0.13459063842990024,-0.02735322409736847,False,False,False,False,8333861,11497480.879262641,False,False,False,False,908388.9945400071,False,False,False,False
2024-06-25 00:00:00+00:00,15.269576607,15.4967436587,14.9337644436,15.0621632119,1576533,,,15.233361569766666,15.69439641693548,13.747060443948424,15.906885461433978,#000000,0.405922728167371,15.121118451479617,0.3657300890507651,48.58847114333386,0.401330256631951,False,True,False,True,False,0.0,16.009943659026,14.2813009126355,1.0,15.496743,14.933764,0.0,0,0.8982793304630036,0.9713874779571273,True,False,False,False,-0.34282825441539394,-0.1850907392563812,False,False,False,False,6757328,11311592.531056263,False,False,False,False,934590.7202443206,False,False,False,False
2024-06-26 00:00:00+00:00,15.180685152,15.358468062,15.0473479694,15.1214241819,576718,,,15.22322098638987,15.690610890462267,13.749242276111342,15.891030422673804,#000000,0.41585498473510263,15.117538938463309,0.15184671545278175,46.94144744368988,-1.163648240696908,False,True,False,True,False,0.0,15.997498855324,14.295316056356498,0.0,0.0,0.0,0.0,0,0.9139783914924454,0.9501843868195216,False,False,False,False,-0.34282825441539394,-0.2639594968358876,False,False,False,False,6180610,11110377.52983837,True,False,False,False,920556.495921014,False,False,False,False
2024-06-27 00:00:00+00:00,15.328837577,15.4967436587,15.3238991628,15.328837577,446219,,,15.250675769859908,15.688816428964422,13.751144360356705,15.88843419430118,"rgba(38, 166, 154, 0.5)",0.4219513692520671,15.117709784984356,0.5003604855931139,45.97503811208301,-2.0535577216364516,False,True,False,True,False,0.0,15.99177029489,14.309290421150502,0.0,0.0,0.0,0.0,0,0.9265102461654806,0.9291541083219356,False,False,False,False,-0.24935495581198522,-0.2566572263239364,False,False,False,False,6626829,10934552.09729569,False,False,False,False,901955.025492739,False,False,False,False
2024-06-28 00:00:00+00:00,15.4345196402,15.5831189949,15.3453600274,15.4147063929,400447,,,15.27786114925128,15.687594631887366,13.75292184461147,15.887584017928646,"rgba(38, 166, 154, 0.5)",0.4258037883646206,15.118407703115826,0.7423887380106703,45.45433820323532,-2.516385795840989,False,True,False,True,False,0.0,15.981636669017998,14.324232813101998,0.0,0.0,0.0,0.0,0,0.9212907292929106,0.9351450247361285,False,False,False,False,-0.22579800771564373,-0.24122761701979006,False,False,False,False,7027276,10781325.58367625,False,False,False,False,882288.044100867,False,False,False,False
2024-07-01 00:00:00+00:00,15.3255467801,15.5732123712,15.3057335328,15.5335858766,252555,,,15.287461537528811,15.686657531313433,13.754006213648653,15.885302513597363,#000000,0.4317139844364137,15.118327898896785,0.47999112531351273,44.81712258470485,-3.1079015197638213,False,True,False,True,False,0.0,15.968928512809999,14.339216496541999,0.0,0.0,0.0,0.0,0,0.9133647613710515,0.9393938753501166,False,False,False,False,-0.23658649209481908,-0.23890705455730457,False,False,False,False,6774721,10624203.835296791,False,False,False,False,857592.6306067153,False,False,False,False
2024-07-02 00:00:00+00:00,15.4840527584,15.538341056,15.2562004146,15.4345196402,570541,,,15.308166380433105,15.684744411947824,13.75648729126291,15.880595883746759,"rgba(38, 166, 154, 0.5)",0.4334417136114755,15.118343325657486,0.843733819930229,44.71503033208704,-3.1906638491262242,False,True,False,True,False,0.0,15.960378159002,14.354504246716,0.0,0.0,0.0,0.0,0,0.9083926957395627,0.9434699045014168,False,False,False,False,-0.25509687284264326,-0.2470019636999739,False,False,False,False,7345262,10495617.880971428,False,False,False,False,846335.7039162559,False,False,False,False
2024-07-03 00:00:00+00:00,15.7019984786,15.860504457,15.5732123712,15.6326521131,348886,,,15.34193009036607,15.684865860720254,13.758259833685589,15.884559009706754,"rgba(38, 166, 154, 1.0)",0.4336298979974718,15.120669924118124,1.3406099467921508,45.183992320528475,-3.1906638491262242,False,True,False,True,True,1.1036978487256697,15.969421669568,14.369416336019,0.0,0.0,0.0,0.0,0,0.9421537155049309,0.9124424592193261,False,False,False,False,-0.11822163786380531,-0.1826118007818896,False,False,False,False,7694148,10385756.317011764,False,False,False,False,826827.8723901282,False,False,False,False
2024-07-05 00:00:00+00:00,16.1279832954,16.2468627791,15.9298508225,15.9397574461,482790,,,15.420720411976466,15.687428404660254,13.761195565165355,15.901094881017148,"rgba(0, 255, 0, 1.0)",0.43237428133843653,15.127787394096055,2.313264096578057,46.536463888895184,-3.1906638491262242,False,True,False,True,True,4.001458317697658,15.980268633202,14.386653734668998,0.0,0.0,0.0,0.0,0,0.9517511956030767,0.888259794406707,False,False,False,False,0.035816873573319044,-0.07339746360428528,False,False,False,False,8176938,10299135.990854442,False,False,False,False,813336.1911199271,False,False,False,False
2024-07-08 00:00:00+00:00,15.9595706934,16.0289170589,15.7614382205,15.9892905643,421406,,,15.461890707036329,15.688652191907233,13.763550030987968,15.908146380919206,"rgba(0, 255, 255, 0.75)",0.42495709730462283,15.131665087651655,1.9482098569467494,47.25572633485801,-4.895893044577868,False,True,False,False,True,2.7711535472335065,15.988537491061999,14.404025996624,0.0,0.0,0.0,0.0,0,0.9243860711709663,0.8995333820999741,False,False,False,False,-0.04403413109875449,-0.05871579735151988,False,False,False,False,7755532,10199386.814742504,False,False,False,False,797966.3797034593,False,False,False,False
2024-07-09 00:00:00+00:00,15.7614382205,16.0487303062,15.7119051023,15.9694773171,501236,,,15.49593359399004,15.68961162103942,13.766245279519326,15.912711621976717,"rgba(38, 166, 154, 1.0)",0.4248851054664543,15.135076412723686,1.4741910218026393,47.40480517548054,-4.747487506223628,False,True,False,False,True,1.3438812590373068,15.988892968130001,14.420309903583,0.0,0.0,0.0,0.0,0,0.9248482162053429,0.9037872089873424,False,False,False,False,-0.050186805210665465,-0.05445130128109267,False,False,False,False,7254296,10083893.057301622,False,False,False,False,786329.8942248924,False,False,False,False
2024-07-10 00:00:00+00:00,15.9100375752,16.0190104353,15.7614382205,15.8704110806,500051,,,15.528919511362181,15.690907994110487,13.76899977183333,15.917792698945249,"rgba(0, 255, 255, 0.75)",0.42199340450592987,15.138764996003099,1.8276887054666366,47.87144892002042,-4.273865522040225,False,True,False,False,True,2.364057156943904,15.990047530058,14.438167194683,0.0,0.0,0.0,0.0,0,0.9115005625895507,0.9102270650867446,False,False,False,False,-0.046084629344162714,-0.05026796531262769,False,False,False,False,7754347,9992538.30995646,False,False,False,False,775103.2709219555,False,False,False,False
2024-07-11 00:00:00+00:00,16.5737813595,16.6332211013,15.7218117259,16.0883568008,1261228,,,15.663089613812753,15.70051885286453,13.777257215508984,15.952475922292987,"rgba(0, 255, 0, 1.0)",0.42250098595923086,15.156553318262928,3.3543780685374003,49.589043482110824,-2.5806932782806626,False,False,True,False,True,6.6771580699180575,16.004081894538,14.459782821546,0.0,0.0,0.0,0.0,0,0.912199164166725,0.8851957401209939,False,False,False,False,0.07276383105704719,0.011247932872209748,False,False,False,False,9015575,9954226.0232915,False,False,False,False,794166.9857877612,False,False,False,False
2024-07-12 00:00:00+00:00,17.0492992945,17.1285522836,16.5935946067,16.643127725,777554,,,15.783871102951395,15.712123012757697,13.783549550717542,15.991428338282123,"rgba(0, 255, 0, 1.0)",0.4374938909898049,15.174642028157667,4.2849907277585695,51.77001675380835,-0.46323391497814015,True,False,True,False,True,9.519588225362067,16.041059104256,14.484264501241498,0.0,0.0,0.0,0.0,0,0.9871228108907224,0.855527685622701,False,False,False,False,0.34282820974810396,0.17703807131015686,False,False,False,False,9793129,9947908.492966345,False,False,False,False,793515.4961490255,False,False,False,False
2024-07-15 00:00:00+00:00,17.3068715092,17.4455642403,16.9898595526,17.11864566,1043475,,,15.950601359929943,15.731422040596899,13.792820554351454,16.050604504040457,"rgba(0, 255, 0, 1.0)",0.45815585866500336,15.202454038847918,4.593234879684908,53.932037537595335,1.6048124861831568,True,False,True,False,True,10.99145290392806,16.0812123926,14.5122809725345,0.0,0.0,0.0,0.0,0,1.0089299471625848,0.8353437928134063,False,False,False,False,0.3428282176546165,0.2599331444823867,False,False,False,False,10836604,9982759.297163744,False,False,False,False,803317.8296333775,False,False,False,False
2024-07-16 00:00:00+00:00,17.732856326,17.9458487344,17.3564046275,17.3663112511,1101504,,,16.136072311218566,15.756918109713004,13.803767546401655,16.122894616376602,"rgba(0, 255, 0, 1.0)",0.4983968572611592,15.236780199296414,5.008210004413504,56.27072465140136,3.820491987162306,True,False,True,False,True,13.330795661606953,16.127712475046,14.543990450015,0.0,0.0,0.0,0.0,0,1.024202731259544,0.8107391440077283,False,False,False,False,0.3428282241624764,0.30138068432243154,False,False,False,False,11938108,10059439.63845144,False,False,False,False,815011.4049418725,False,False,False,False
2024-07-17 00:00:00+00:00,18.0300550354,18.1291212718,17.6932298314,17.7229497024,1121260,,,16.314838065923023,15.785778472624594,13.815626777901615,16.19829707052198,"rgba(0, 255, 0, 1.0)",0.5485189037137553,15.273632662048623,5.025209440712032,58.54470896091241,5.951122927640654,True,False,True,False,True,14.894648048616698,16.183317116748,14.576160148412,0.0,0.0,0.0,0.0,0,1.0360043180592666,0.801101686955485,False,False,False,False,0.34282822706737265,0.3221044556949021,False,False,False,False,13059368,10177083.887923934,False,False,False,False,827021.1537676814,False,False,False,False
2024-07-18 00:00:00+00:00,17.9408954226,18.1093080246,17.8121093152,18.0300550354,915557,,,16.436877951682877,15.808822140625713,13.82526785667182,16.253417045295926,"rgba(0, 255, 0, 1.0)",0.588933945997477,15.301891391438982,4.480984750660517,60.17316618952424,7.440546070810356,True,False,True,False,True,14.202182658070797,16.233582907994002,14.608178615604002,0.0,0.0,0.0,0.0,0,1.0398443714754992,0.8067293303867522,False,False,False,False,0.3428282275585731,0.3324663416267376,False,False,False,False,12143811,10254210.44133868,False,False,False,False,830493.1477375763,False,False,False,False
2024-07-19 00:00:00+00:00,17.9210821753,18.1687477664,17.4519044794,17.5545371004,906044,,,16.533655749318285,15.830037070587263,13.834518851490245,16.640139859299175,"rgba(0, 255, 0, 1.0)",0.625802883503318,15.503201378837636,3.863645982145023,61.45234470327169,8.596057821124397,True,False,True,False,True,14.046642264164653,16.280094312658,14.641521756379,0.0,0.0,0.0,0.0,0,1.0191847363784599,0.810899510627519,False,True,False,False,0.3029503436452681,0.3177083426360029,False,False,False,False,11237767,10292781.28677638,False,False,False,False,833455.9262576713,False,False,False,False
2024-07-22 00:00:00+00:00,17.6932298314,17.901268928,17.6585566487,17.8319225625,455176,,,16.57422292051456,15.840028687938831,13.839039236928105,16.65192720232729,"rgba(0, 255, 0, 1.0)",0.651778685870559,15.51286829555536,3.345248292267188,61.88814581818205,8.94717769302786,True,False,True,False,True,12.261140180940508,16.320468377912,14.673676540957999,0.0,0.0,0.0,0.0,0,1.026660180287055,0.8276667393317836,False,False,False,False,0.2950015358012093,0.3063549392186061,False,False,False,False,10782591,10311989.510824367,False,False,False,False,818621.4193456058,False,False,False,False
2024-07-23 00:00:00+00:00,17.7922960679,17.8121093152,17.4752841112,17.6536033368,487530,,,16.612786617605988,15.850295708584104,13.84379802100308,16.663347549128112,"rgba(0, 255, 0, 1.0)",0.6792853033591286,15.522690035094067,3.34116757948762,62.39210918240799,9.396840030742972,True,False,True,False,True,12.814336364293137,16.35768781716,14.7063266567195,0.0,0.0,0.0,0.0,0,1.010121535062849,0.84405330215192,False,False,False,False,0.25982550630768003,0.2830902227631431,False,False,False,False,11270121,10349563.294713609,False,False,False,False,805637.4421163664,False,False,False,False
2024-07-24 00:00:00+00:00,17.2672450147,17.8814556807,17.257338391,17.8715490571,803710,,,16.658798022342935,15.864942854520859,13.851161305603393,16.66699144606755,"rgba(0, 255, 0, 1.0)",0.6913951241616747,15.533860130235585,2.5070828877570763,61.493934122335,9.396840030742972,True,False,True,False,False,8.817406165399767,16.380257967444003,14.735811477973,0.0,0.0,0.0,0.0,0,0.9830984992720413,0.8599494619256778,False,False,False,False,0.24090548208548795,0.2619978524243155,False,False,False,False,10466411,10354145.557666017,False,False,False,False,805561.8561510186,False,False,False,False
2024-07-25 00:00:00+00:00,16.9304198107,17.1285522836,16.8016337033,16.9601396816,1003026,,,16.677328759741155,15.877101122723575,13.859006164603182,16.639048232048612,"rgba(0, 255, 0, 1.0)",0.6969103461776291,15.536365501583749,2.000335217811405,60.02591624768776,9.396840030742972,True,False,True,False,False,6.392350550438309,16.400634954682,14.762875756058502,0.0,0.0,0.0,0.0,0,0.9775092458179802,0.8814826676049657,False,False,False,False,0.09198667953491509,0.1769922659796153,False,False,False,False,9463385,10319213.771090878,False,False,False,False,813305.5480666651,False,False,False,False
2024-07-26 00:00:00+00:00,17.2078052728,17.341544692,17.0294860472,17.088925789,612840,,,16.696403069058984,15.886019631217724,13.864149124259422,16.64159313908909,"rgba(0, 255, 0, 1.0)",0.7069849833654204,15.543608184643244,2.3539355535315267,59.31180781357559,12.423478279223424,True,False,True,False,False,8.020822692128604,16.421818773560002,14.7902959774475,0.0,0.0,0.0,0.0,0,0.9758604715519504,0.8674054528262117,False,False,False,False,0.14549793056497232,0.1612450982722938,False,False,False,False,10076225,10309684.79967555,False,False,False,False,805444.1540248351,False,False,False,False
2024-07-29 00:00:00+00:00,17.4554708639,17.4752841112,17.11864566,17.2375251437,403789,,,16.711950117544617,15.892527457925002,13.867688327857262,16.64855774710144,"rgba(0, 255, 0, 1.0)",0.7216852326689541,15.550045793810733,2.640243951012517,59.137882174880346,12.246784035948124,True,False,True,False,False,9.438612438726455,16.446178075160002,14.8189054323155,0.0,0.0,0.0,0.0,0,0.9776408004784486,0.8722683064744582,False,False,False,False,0.17285325065190635,0.16704917446210008,False,False,False,False,10480014,10316364.376158861,False,False,False,False,789692.9715140573,False,False,False,False
2024-07-30 00:00:00+00:00,17.2276185201,17.5793036595,17.0740658536,17.564443724,748537,,,16.736525032028098,15.903980850989631,13.874124799228847,16.658856408645434,"rgba(0, 255, 0, 1.0)",0.7311871672758552,15.560996327087604,2.2793373128000027,58.49108176983094,11.586056054729681,True,False,True,False,False,7.79337211425679,16.468745841818002,14.8460810586055,0.0,0.0,0.0,0.0,0,0.9785258072246114,0.8608656730824554,False,False,False,False,0.18018981261071154,0.17361949353640582,False,False,False,False,9731477,10293427.616309496,False,False,False,False,788079.0118468393,False,False,False,False
2024-07-31 00:00:00+00:00,17.3762178748,17.4851907349,17.1879920255,17.4851907349,656343,,,16.75843087458789,15.914270107761418,13.879840976557128,16.670201085243654,"rgba(0, 255, 0, 1.0)",0.7422780948925638,15.571312486995208,2.4315757129624442,58.21786361412883,11.278803364152722,True,False,True,False,False,8.653657589803327,16.487371815736,14.876012555206499,0.0,0.0,0.0,0.0,0,0.975886570617457,0.8814244998163359,False,False,False,False,0.18263956608220097,0.1781295298093034,False,False,False,False,10387820,10297129.278415006,False,False,False,False,782912.8937351987,False,False,False,False
2024-08-01 00:00:00+00:00,17.0790191654,17.5149106058,16.8808866925,17.3960311221,475975,,,16.768526633960924,15.920657282147916,13.883746400430365,16.673288447163948,"rgba(0, 255, 0, 1.0)",0.7466692114652442,15.576923712311388,2.0117281254184003,57.34448464625464,10.373448394565898,True,False,True,False,False,6.523951716334135,16.497683376664,14.9025924681525,0.0,0.0,0.0,0.0,0,0.956327797145572,0.8846646228793782,False,False,False,False,0.14852602642845553,0.16332777811887947,False,False,False,False,9911845,10282020.091026183,False,False,False,False,770876.1135887202,False,False,False,False
2024-08-02 00:00:00+00:00,16.9106065634,17.5347238531,16.8016337033,17.2276185201,650537,,,16.778994312537296,15.928752324658998,13.888945641876441,16.675434890669624,"rgba(0, 255, 255, 0.75)",0.7465377420696192,15.583727685127291,1.7773768203523288,56.2787537615053,9.283499237488684,False,False,False,False,False,5.341250959037481,16.508182343754,14.928723073900498,0.0,0.0,0.0,0.0,0,0.9580602878482202,0.8851499225527334,False,False,False,False,0.14126303058206136,0.1522954043504704,False,False,False,False,9261308,10241992.165887903,False,False,False,False,766156.9326636724,False,False,False,False
2024-08-05 00:00:00+00:00,16.1973296609,16.2468627791,15.7330062106,16.0487303062,739478,,,16.75269262611256,15.929776456701132,13.892948026818319,16.64227827739778,"rgba(38, 166, 154, 0.5)",0.7455652339594243,15.578089577708663,0.8305645904420441,54.10426130874101,7.124577302961917,False,True,False,True,False,0.60127364432417,16.51251477203,14.949961744269999,0.0,0.0,0.0,0.0,0,0.9531041709955644,0.9108886737385383,False,False,False,False,-0.1426068500996434,0.004844277125413493,False,False,False,False,8521830,10174534.826049162,False,False,False,False,765110.700010195,False,False,False,False
2024-08-06 00:00:00+00:00,16.3756488865,16.5935946067,15.9793839407,16.1477965427,829736,,,16.73550447457685,15.933154310594132,13.897952427442577,16.620145152148506,"rgba(38, 166, 154, 1.0)",0.7446999154801528,15.576735250855382,1.0727994176412778,52.68371483521669,5.72905618347351,False,True,False,True,False,1.7044106351076174,16.522191413917998,14.972092010767499,0.0,0.0,0.0,0.0,0,0.964474588282095,0.8871003757988171,False,False,False,False,-0.07079413837120083,-0.03297493062289367,False,False,False,False,9351566,10142261.538753118,False,False,False,False,767645.0254999913,False,False,False,False
2024-08-07 00:00:00+00:00,15.8109713387,16.5935946067,15.6326521131,16.5242482412,1105030,,16.0124060195,16.699472011590043,15.934066286214543,13.90375193784614,16.52407558580781,#000000,0.745473855993842,15.650007272675003,0.21592181232218366,50.63046240278666,3.727218447302903,False,True,False,True,False,0.0,16.517611456348,14.991006133713501,1.0,16.593596,15.632652,0.0,0,0.9495752648357001,0.8978656586222618,False,False,False,False,-0.11264021370951824,-0.07280757216620595,False,False,False,False,8246536,10067919.3607628,False,False,False,False,780875.8088137171,False,False,False,False
2024-08-08 00:00:00+00:00,15.9793839407,16.3706955747,15.8010647151,15.9100375752,663456,,16.02665266934068,16.68061654921447,15.934864388644035,13.907281117177712,16.508454490280258,#000000,0.736492278149535,15.64799967039668,0.44994941581184644,49.29420968989071,2.4417316593187977,False,True,False,True,False,0.0,16.513239165752,15.010173185951501,0.0,0.0,0.0,0.0,0,0.9537421424989159,0.9190407775074291,False,False,False,False,-0.11924815437357153,-0.09602786326988874,False,False,False,False,8909992,10022510.444654454,False,False,False,False,776271.1104288655,False,False,False,False
2024-08-09 00:00:00+00:00,16.1477965427,16.1874230373,15.9595706934,16.1577031663,456988,,16.041357516830928,16.669192844754562,15.935633017815542,13.909759433017053,16.500483506199863,"rgba(38, 166, 154, 0.5)",0.7320274775172058,15.647443878469153,0.6835162334723797,48.54042810198628,1.7202086985358136,False,True,False,True,False,0.2974989768934897,16.515395712262,15.029445884051501,0.0,0.0,0.0,0.0,0,0.9639412897107605,0.92148009474185,False,False,False,False,-0.12225515931707231,-0.10914151129348053,False,False,False,False,9366980,9996803.368393496,False,False,False,False,763750.2041375375,False,False,False,False
2024-08-12 00:00:00+00:00,16.7620072087,16.9798538627,16.336022392,16.336022392,668625,,16.19182078958497,16.669846688064673,15.940807409505632,13.914357445065678,16.529430480156172,"rgba(0, 255, 255, 0.75)",0.7285165687573179,15.6592442843871,1.5137101496455447,49.045512411084495,1.7202086985358136,False,True,False,True,True,3.949097896936422,16.525095594492,15.0518878244345,0.0,0.0,0.0,0.0,0,0.9713686107295827,0.9058143043725067,False,False,False,False,0.018221470672801467,-0.04546002031033953,False,False,False,False,10035605,9998325.001005515,False,False,False,False,760019.8039752812,False,False,False,False
2024-08-13 00:00:00+00:00,16.9304198107,17.1483655309,16.7223807141,16.7223807141,444085,,16.29051732856315,16.674647528912697,15.945294807492031,13.917667232911358,16.552116855649928,"rgba(0, 255, 255, 0.75)",0.7287567765003482,15.668584818966604,1.7314898913091499,49.73783856262399,1.7202086985358136,False,True,False,True,True,4.907723991251128,16.534805607128,15.076890134506,0.0,0.0,0.0,0.0,0,0.9862946532515976,0.8993956356769317,False,False,False,False,0.08481832649514258,0.019679153092401525,False,False,False,False,10479690,10017202.059789615,False,False,False,False,747630.2038193878,False,False,False,False
2024-08-14 00:00:00+00:00,16.8808866925,16.9551863698,16.558921424,16.8214469506,313691,,16.334137861527633,16.676216887159548,15.948009384178873,13.919896063442476,16.561483854568692,"rgba(0, 255, 255, 0.75)",0.7292468056899779,15.673240071500407,1.6560190755405164,50.21113346267365,1.7202086985358136,False,True,False,False,True,4.5854625080035305,16.540561908898,15.101055645268,0.0,0.0,0.0,0.0,0,0.9712947814424229,0.9129919215212954,False,False,False,False,0.041964568737726554,0.030821860915064038,False,False,False,False,10165999,10023037.233915512,False,False,False,False,730612.9801401962,False,False,False,False
2024-08-15 00:00:00+00:00,16.8709800688,17.0988324127,16.8214469506,16.9700463053,348837,,16.38612990851913,16.679753802130293,15.951473669773579,13.922484118044752,16.574088648120274,"rgba(0, 255, 255, 0.75)",0.7295634110635144,15.679234578900136,1.6335050138583698,50.57893935721996,1.7202086985358136,False,True,False,False,True,4.520013960752035,16.553231394595997,15.1247788670995,0.0,0.0,0.0,0.0,0,1.0068072136249462,0.9048813722656995,False,False,False,False,0.09079131894257365,0.06080658992881885,False,False,False,False,9817162,10014963.69533059,False,False,False,False,715641.3730758748,False,False,False,False
2024-08-16 00:00:00+00:00,17.1087390363,17.2771516383,16.8808866925,17.0393926708,617601,,16.480113888946928,16.689590895333836,15.958530933463361,13.927296142439836,16.599727406114436,"rgba(0, 255, 255, 0.75)",0.721773541588993,15.691239373163839,1.9639119217580627,51.30709453509073,1.7202086985358136,False,True,True,False,True,5.911431974233523,16.56670532831,15.1499854506275,0.0,0.0,0.0,0.0,0,0.9991169289829323,0.9026685187371404,False,False,False,False,0.11955948653589278,0.09018303823235582,False,False,False,False,10434763,10031426.413160764,False,False,False,False,711796.6525630953,False,False,False,False
2024-08-19 00:00:00+00:00,17.1879920255,17.3167781329,16.9898595526,17.0988324127,742040,,16.57490639610009,16.702934337829376,15.967457179099881,13.933196848315013,16.628176570349687,"rgba(0, 255, 0, 1.0)",0.7162531288589361,15.70534387198214,2.070005831429832,52.04335079314909,-1.004454398152589,False,True,True,False,True,6.372265581918075,16.568529371838,15.175931960437001,0.0,0.0,0.0,0.0,0,0.9921322965655074,0.926949250745302,False,False,False,False,0.13763712391379268,0.11391008107307425,False,False,False,False,11176803,10076343.14205642,False,False,False,False,712982.666188072,False,False,False,False
2024-08-20 00:00:00+00:00,17.2771516383,17.4059377457,17.1632254664,17.3167781329,497404,,16.634957263619917,16.713632387944365,15.973945609928283,13.93728322439718,16.64795461737574,"rgba(0, 255, 0, 1.0)",0.7133672854307007,15.715281895870026,2.189432812982144,52.806491303788206,-0.20065167872611767,False,True,True,False,True,6.89376195343732,16.584383874758,15.2021278904045,0.0,0.0,0.0,0.0,0,1.0092754193966587,0.9195388348576624,False,False,False,False,0.16980182316883236,0.1418559521209533,False,False,False,False,11674207,10139004.469818914,False,False,False,False,704528.6008473632,False,False,False,False
2024-08-21 00:00:00+00:00,17.4455642403,17.5396771649,17.1483655309,17.2672450147,482218,,16.691463070255196,16.725317874067755,15.980631123229735,13.941348483078922,16.667821982100502,"rgba(0, 255, 0, 1.0)",0.7090462566063372,15.725329950565285,2.4261242108070116,53.73310389873087,0.7611703573111654,False,False,True,False,True,7.876876502273312,16.59629777675,15.2274475767035,0.0,0.0,0.0,0.0,0,1.0192825365248817,0.9154261204263252,False,False,False,False,0.18447830348136865,0.163167127801161,False,False,False,False,12156425,10218119.000414252,False,False,False,False,695810.5380690353,False,False,False,False
2024-08-22 00:00:00+00:00,17.1879920255,17.3762178748,17.089322054,17.257338391,445777,,16.726042657739114,16.733199601496715,15.986053658467617,13.944923396323636,16.68037177932253,"rgba(0, 255, 0, 1.0)",0.7033249643222151,15.732701306463762,2.0691583448039332,53.88294281210984,0.9647530859896065,False,False,True,False,True,6.050989474650766,16.609974014282,15.250497512398,0.0,0.0,0.0,0.0,0,1.0065444975366167,0.9179566894857513,False,False,False,False,0.1570678787664558,0.16011750328380842,False,False,False,False,11710648,10276649.549417615,False,False,False,False,686005.3012820143,False,False,False,False
2024-08-23 00:00:00+00:00,17.6635099605,17.7179963905,17.2078052728,17.3167781329,741194,,16.805187411122933,16.753845146706876,15.997221942490354,13.951415024776031,16.711457680501717,"rgba(0, 255, 0, 1.0)",0.7083275926134586,15.748824865587057,2.7031067473292776,54.84170463175785,1.9674664387019476,False,False,True,False,True,8.798565645333216,16.631975391112,15.275777754338002,0.0,0.0,0.0,0.0,0,1.0075284296490599,0.9036759184258167,False,False,False,False,0.21407542091940351,0.18709646210160596,False,False,False,False,12451842,10361951.214146337,False,False,False,False,688169.5639768373,False,False,False,False
2024-08-26 00:00:00+00:00,17.732856326,17.8517358098,17.5842569713,17.732856326,614397,,16.87444753177542,16.77422767589019,16.007509483409297,13.957067867373398,16.999622281767984,"rgba(0, 255, 0, 1.0)",0.7150897174320059,15.920382654522987,2.534610171694088,55.74006061460642,2.903214865777727,True,False,True,False,True,9.188823885720751,16.661882401954003,15.301993861824,0.0,0.0,0.0,0.0,0,1.0378189447908994,0.889209533018813,False,False,False,False,0.27892926161830783,0.2330128618599569,False,False,False,False,13066239,10468001.715552364,False,False,False,False,685276.5222522555,False,False,False,False
2024-08-27 00:00:00+00:00,17.4653774876,17.6090235304,17.341544692,17.594163595,422760,,16.903944331489278,16.784181606284754,16.013492049506066,13.960689135085147,16.990897083495867,"rgba(0, 255, 0, 1.0)",0.7192444522232233,15.922788993550961,2.144734643806867,55.83613339478981,3.05506179986795,True,False,True,False,True,7.2797733798518145,16.687822591996,15.327805370172,0.0,0.0,0.0,0.0,0,1.0266982494997778,0.8841581228731222,False,False,False,False,0.21717894431009335,0.22509590308502514,False,False,False,False,12643479,10553314.550236586,False,False,False,False,674981.7566737357,False,False,False,False
2024-08-28 00:00:00+00:00,17.2078052728,17.3910778102,17.0938791009,17.2771516383,366765,,16.917372309380568,16.78964293343035,16.01779144493013,13.963609455006443,16.976145343099695,"rgba(0, 255, 255, 0.75)",0.721276289055872,15.922483151634415,1.7820107782109862,55.33791776272082,3.05506179986795,True,False,True,False,False,5.486406997566316,16.709401484008,15.3493342543775,0.0,0.0,0.0,0.0,0,1.0292718003113812,0.8806508824499159,False,False,False,False,0.15945000717065422,0.19227295512783968,False,False,False,False,12276714,10620898.84238417,False,False,False,False,662894.8250394716,False,False,False,False
2024-08-29 00:00:00+00:00,17.2474317674,17.425750993,17.1879920255,17.1879920255,253468,,16.927574849774352,16.7938101387733,16.020881693311093,13.965659239616231,16.973389002058163,"rgba(0, 255, 255, 0.75)",0.7210634132298769,15.924210610563557,1.8350967925404844,55.00766088000053,3.05506179986795,True,False,True,False,False,5.723447616151059,16.727822174578,15.373172333547,0.0,0.0,0.0,0.0,0,1.0208133025587518,0.8917388718498833,False,False,False,False,0.1752966869031315,0.1837848210154856,False,False,False,False,12530182,10695772.691702439,False,False,False,False,646838.8711163551,False,False,False,False
2024-08-30 00:00:00+00:00,17.1087390363,17.257338391,17.0096727999,17.2177118964,331084,,16.934452854582485,16.797397861840338,16.02438268053599,13.968202643890926,16.96459871113679,"rgba(0, 255, 255, 0.75)",0.7215196773095233,15.924810213094592,1.640882238472227,54.42184562773087,3.05506179986795,True,False,True,False,False,4.752182965033768,16.743469010526,15.399606278988,0.0,0.0,0.0,0.0,0,1.003126224889766,0.900510260627339,False,False,False,False,0.13280815322386988,0.15829648711967775,False,False,False,False,12199098,10754726.625361167,False,False,False,False,634456.3271510078,False,False,False,False
2024-09-03 00:00:00+00:00,16.5539681122,16.9304198107,16.3855555102,16.9304198107,524247,,16.918205965052632,16.794464346217644,16.027374098757395,13.971582606688454,16.925031049033308,"rgba(38, 166, 154, 0.5)",0.7202377784147487,15.917636948362775,0.8835015086792543,52.80849754170438,5.378980820389202,False,False,False,False,False,1.0188797701046255,16.749995793660002,15.4224808581845,0.0,0.0,0.0,0.0,0,0.9829710933810358,0.9017160286139679,False,False,False,False,0.018233328929286616,0.08826490802448218,False,False,False,False,11674851,10790809.934170533,False,False,False,False,630134.392752929,False,False,False,False
2024-09-04 00:00:00+00:00,16.3657422629,16.5737813595,16.3459290156,16.4350886284,458373,,16.896823380417175,16.78915037066076,16.029118129025594,13.974314204903234,16.85147802358727,"rgba(38, 166, 154, 0.5)",0.7183189353334994,16.000385641644804,0.5086273008876874,51.14603317179689,3.718745683456568,False,True,False,True,False,0.0,16.769746204544003,15.444512497087501,0.0,0.0,0.0,0.0,0,1.0207135653019503,0.915362511018554,False,False,False,False,-0.029194270523931438,0.029535318750275374,False,False,False,False,11216478,10807502.799497178,False,False,False,False,623398.6518606573,False,False,False,False
2024-09-05 00:00:00+00:00,16.6629409723,16.811540327,16.5733850945,16.6035012304,270382,,16.891445047162048,16.788245718339873,16.03078993149991,13.976089216182936,16.86071619985313,"rgba(38, 166, 154, 0.5)",0.7180522458985055,16.00406391867141,0.9175892943613468,50.44623861228846,3.0160235143264416,False,True,False,True,False,1.690224850369681,16.79761349185,15.4664591062885,0.0,0.0,0.0,0.0,0,1.0321871554025288,0.8563158723779899,False,False,False,False,0.0264881098237868,0.028011714287031086,False,False,False,False,11486860,10834144.258340426,False,False,False,False,609554.8615916119,False,False,False,False
2024-09-06 00:00:00+00:00,16.3459290156,16.7421939614,16.3459290156,16.6827542196,328424,,16.87920917542907,16.78507834871499,16.032175330279976,13.978079382700976,16.780393653020248,#000000,0.7187243209207148,16.090985710544132,0.3547164018733566,49.291656550877335,1.8680097019436843,False,True,False,True,False,0.0,16.820918369122,15.487606167330501,0.0,0.0,0.0,0.0,0,1.0170316441496774,0.8538164677557845,False,False,False,False,-0.03475352360203108,-0.0033709046574999964,False,False,False,False,11158436,10846861.581542762,False,False,False,False,598530.1219213526,False,False,False,False
2024-09-09 00:00:00+00:00,16.6728475959,16.7174274023,16.4152753811,16.4152753811,413943,,16.869234981929527,16.782750459886895,16.034390906582804,13.980707295389553,16.786806511374316,"rgba(38, 166, 154, 0.5)",0.7182373449953819,16.094113079012605,0.8057705728057278,49.044460070423874,1.6077858661061413,False,True,False,True,False,1.7019312327504323,16.8477985695,15.506607546581002,0.0,0.0,0.0,0.0,0,1.0111262957607405,0.8645915568020006,False,False,False,False,-0.02900876438935557,-0.016189834523427784,False,False,False,False,11572379,10875313.245011674,False,False,False,False,591291.4112577701,False,False,False,False
2024-09-10 00:00:00+00:00,17.0393926708,17.0492992945,16.613407854,16.6629409723,538636,,16.870641535273737,16.784668685512276,16.038753001092708,13.984507928924337,16.83381981685689,"rgba(38, 166, 154, 1.0)",0.7158764704610856,16.109176981690137,1.2994081066957353,49.55326930330256,1.6077858661061413,False,True,False,True,True,3.911886393438408,16.879896030112,15.525379683192,0.0,0.0,0.0,0.0,0,1.0194669916839116,0.855674558905854,False,False,False,False,0.0392487558009157,0.011529460638743957,False,False,False,False,12111015,10923772.137364157,False,False,False,False,589226.4931692302,False,False,False,False
2024-09-11 00:00:00+00:00,16.8214469506,16.9601396816,16.7421939614,16.9601396816,686753,,16.86905725138509,16.78581828627477,16.043872142691043,13.989240878641606,16.849667679856992,"rgba(38, 166, 154, 0.5)",0.7108574939755603,16.11697472940854,0.9910175065491805,49.54521924954007,1.6077858661061413,False,True,False,True,True,2.4942806560762243,16.909814033522,15.541098312141001,0.0,0.0,0.0,0.0,0,1.0233266858227255,0.8558614556987348,False,False,False,False,0.04435893872546699,0.027944199682105476,False,False,False,False,11424262,10943399.190800857,False,False,False,False,593051.0620645545,False,False,False,False
2024-09-12 00:00:00+00:00,17.6040702186,17.7031364551,16.9799529289,16.9898595526,653446,,16.896386406647775,16.79801548772149,16.0522288632417,13.994654889345766,16.93119070926931,"rgba(0, 255, 0, 1.0)",0.7157101334598323,16.144092311475294,2.0399011259865647,50.87679697219419,1.6077858661061413,False,True,False,False,True,6.972214811642196,16.952214382725998,15.559649978946,0.0,0.0,0.0,0.0,0,1.0282014824196812,0.8214523090222732,False,False,False,False,0.14897313059555062,0.08845866513882805,False,False,False,False,12077708,10987881.889200823,False,False,False,False,595419.4910031995,False,False,False,False
2024-09-13 00:00:00+00:00,17.9607086699,18.06968153,17.7427629497,17.7823894442,583348,,16.939303587303815,16.816765389235456,16.06225783794911,14.000168743010567,17.030130576388792,"rgba(0, 255, 0, 1.0)",0.7288659873393571,16.177091906199465,2.4471120818950918,52.48009052974168,-0.008758138662592785,False,False,True,False,True,8.8713013183528,16.997388586552002,15.5787574760945,0.0,0.0,0.0,0.0,0,1.044858309090419,0.8185551802326806,False,False,False,False,0.32355104265918117,0.2060048538990046,False,False,False,False,12661056,11053496.560212556,False,False,False,False,594946.0991991524,False,False,False,False
2024-09-16 00:00:00+00:00,17.8616424334,18.0201484117,17.564443724,17.9508020462,551596,,16.97257532612019,16.83224074699509,16.07109339028436,14.005223873137227,17.09311830276429,"rgba(0, 255, 0, 1.0)",0.737143470512173,16.200064160865473,2.2540771762924923,53.587291657928176,1.083836056861351,True,False,True,False,True,8.212855166813615,17.032061769312,15.596436847006501,0.0,0.0,0.0,0.0,0,1.0319874809552476,0.8401635551263342,False,False,False,False,0.2839656568673035,0.24498525538315408,False,False,False,False,12109460,11094906.891184613,False,False,False,False,593246.0953089895,False,False,False,False
2024-09-17 00:00:00+00:00,17.7724828206,17.9805219172,17.6635099605,17.8319225625,459659,,16.998126432275985,16.84464875610846,16.07834710367473,14.009415294043867,17.135550361728615,"rgba(0, 255, 0, 1.0)",0.7452765798532843,16.2165849459812,2.0876784762578953,54.30584632938355,1.794037028727061,True,False,True,False,True,7.617201532541518,17.068320011856002,15.613081286136001,0.0,0.0,0.0,0.0,0,1.047652370388306,0.8364542319606006,False,False,False,False,0.29420443897915,0.269594847181152,False,False,False,False,11649801,11116667.444471492,False,False,False,False,588007.3856890292,False,False,False,False
2024-09-18 00:00:00+00:00,17.7031364551,18.4451425661,17.5248172295,17.8814556807,1014817,,17.054763305974557,16.873294439053804,16.094931166921622,14.018844040715011,17.219404730376848,"rgba(0, 255, 255, 0.75)",0.7527500451028319,16.251061558992767,1.9290266477617664,54.744810039320896,2.238183423705223,True,False,True,False,True,7.150495927574642,17.107153976548,15.629624465821001,0.0,0.0,0.0,0.0,0,1.0427957944572488,0.8219474472174356,False,False,False,False,0.34282821905768524,0.3062115331194186,False,False,False,False,10634984,11097777.897629471,False,False,False,False,604745.0176227929,False,False,False,False
2024-09-19 00:00:00+00:00,17.8121093152,18.06968153,17.6536033368,18.06968153,484561,,17.077997395307666,16.885834000762568,16.10254360894,14.023276820844123,17.249229517057213,"rgba(0, 255, 0, 1.0)",0.7623457840458429,16.26468483527784,2.0298196859039854,55.28550732493472,2.791924031789854,True,False,True,False,True,7.759572050912226,17.145195411348,15.646123376088,0.0,0.0,0.0,0.0,0,1.045785180697862,0.8373735227204001,False,False,False,False,0.29769032689823854,0.30195093000882856,False,False,False,False,11119545,11098631.509487139,False,False,False,False,600031.9188924873,False,False,False,False
2024-09-20 00:00:00+00:00,18.2876272502,18.3371603684,17.7922960679,17.9706152935,1501303,,17.166567671732224,16.93400697169769,16.129622059898495,14.037996947614086,17.362645505462474,"rgba(0, 255, 0, 1.0)",0.7795747619183908,16.31509769467745,2.5302634870689173,56.46634104078579,3.9728336602981926,True,False,True,False,True,10.343952951942754,17.179472329162,15.6675527888095,0.0,0.0,0.0,0.0,0,1.0539567151255378,0.8493991900593377,False,False,False,False,0.3428282187175045,0.3223895743631665,False,False,False,False,12620848,11158326.273820978,False,False,False,False,635375.8828574878,False,False,False,False
2024-09-23 00:00:00+00:00,18.1786543901,18.6145458305,18.1687477664,18.3470669921,555739,,17.201160217835298,16.953461286307007,16.140353566245704,14.043659382254972,17.40491804332851,"rgba(0, 255, 0, 1.0)",0.7944971052671046,16.33440788419794,2.3212752994009165,57.17739884299379,4.687556291497216,True,False,True,False,True,9.58373471586599,17.202059431073998,15.689615604667,0.0,0.0,0.0,0.0,0,1.0341964419607526,0.8587125064481586,False,False,False,False,0.3428282235766639,0.3326088989699152,False,False,False,False,12065109,11193886.38072996,False,False,False,False,632252.8678434687,False,False,False,False
2024-09-24 00:00:00+00:00,18.4065067339,18.4956663467,18.1192146482,18.3272537448,782141,,17.247276497014365,16.980317869878235,16.15541574614143,14.051640112353455,17.458642633862315,"rgba(0, 255, 0, 1.0)",0.8147967277841218,16.360073702358708,2.511587199308792,58.10300767806989,5.61326379851873,True,False,True,False,True,10.803802357924237,17.224052135568,15.712719493290502,0.0,0.0,0.0,0.0,0,1.0154909078640497,0.8766415176311735,False,False,False,False,0.31707502105739527,0.32484196001365523,False,False,False,False,12847250,11258724.169720942,False,False,False,False,638130.8338103915,False,False,False,False
2024-09-25 00:00:00+00:00,18.4758530994,18.5947325832,18.3421136802,18.4362266049,1008877,,17.307993875278083,17.016639816789297,16.175684184445924,14.06220246380266,17.527685792815014,"rgba(0, 255, 0, 1.0)",0.8353249763949869,16.393779892703417,2.492530770098827,58.963922498043914,6.473328536964829,True,False,True,False,True,11.173497156985736,17.238912071036,15.7371029087955,0.0,0.0,0.0,0.0,0,1.011708785406606,0.8939406822807254,False,False,False,False,0.3428282245319575,0.3338350922728064,False,False,False,False,13856127,11360583.10424169,False,False,False,False,652669.8991511605,False,False,False,False
2024-09-26 00:00:00+00:00,18.8126783034,18.852304798,18.5501527768,18.5848259596,677145,,17.354097290087047,17.044346112618967,16.190652560320103,14.069691902673057,17.580700828129178,"rgba(0, 255, 0, 1.0)",0.8650918782542117,16.419200007583903,2.7667330557376464,60.15384259442514,7.651768404027791,True,False,True,False,True,12.944697683617239,17.254564536396,15.7639068674685,0.0,0.0,0.0,0.0,0,1.0030007501803648,0.8872757962082927,False,False,False,False,0.3428282270979028,0.3383316596853546,False,False,False,False,14533272,11485002.27662437,False,False,False,False,653629.7070275856,False,False,False,False
2024-09-27 00:00:00+00:00,18.32527242,18.900159557,18.2756104352,18.8715542537,542744,,17.382963904904923,17.062886576325493,16.201415165076664,14.075372350886585,17.61097578128045,"rgba(0, 255, 0, 1.0)",0.8795464976062579,16.43544497652006,2.148638472921247,59.949381540172546,7.651768404027791,True,False,True,False,False,9.482946529149057,17.262252076343998,15.788421080153999,0.0,0.0,0.0,0.0,0,0.9862667882063824,0.8859703702446898,False,False,False,False,0.3121691114499833,0.32525038556766894,False,False,False,False,13990528,11583258.187344983,False,False,False,False,649281.2479284646,False,False,False,False
2024-09-30 00:00:00+00:00,18.3848668019,18.4345287868,18.0968272896,18.1464892745,511492,,17.40434910184652,17.077620744249153,16.210614316484406,14.080477142250649,17.631151035318506,"rgba(0, 255, 0, 1.0)",0.8947372866396863,16.447848461832116,2.1649017750703474,59.875985338648235,7.651768404027791,True,False,True,False,False,9.803131834506491,17.271527768876002,15.815000665904002,0.0,0.0,0.0,0.0,0,0.9938655510313755,0.9067482208727972,False,False,False,False,0.22783770524135952,0.2765440454045142,False,False,False,False,14502020,11697719.43490008,False,False,False,False,643877.7480097013,False,False,False,False
2024-10-01 00:00:00+00:00,18.5636499474,18.7126359021,18.355069611,18.6232443293,469872,,17.4281094109402,17.09342011905084,16.219947934243073,14.085419684547414,17.655442918680365,"rgba(0, 255, 0, 1.0)",0.9102814005128685,16.461421570037256,2.3094269268583427,60.09823766938531,7.678889248119162,True,False,True,False,False,10.764124046909878,17.288936171196,15.839577593266501,0.0,0.0,0.0,0.0,0,0.9969570898284249,0.8845489334334681,False,False,False,False,0.29775443382208444,0.2871492396132993,False,False,False,False,14971892,11826118.359021647,False,False,False,False,637053.9931857914,False,False,False,False
2024-10-02 00:00:00+00:00,18.6828387112,18.8119598718,18.4245963898,18.5040555656,640458,,17.461597663064154,17.115804826957625,16.23307118465854,14.092283707526862,17.689929002427384,"rgba(0, 255, 0, 1.0)",0.9265251297321904,16.480587037831295,2.3768936240350635,60.466090131557415,8.094445026427152,True,False,True,False,False,11.401829924195408,17.306747024062,15.862246646145001,0.0,0.0,0.0,0.0,0,1.0077969214530371,0.8767218573652974,False,False,False,False,0.3203325848849216,0.3037409122491105,False,False,False,False,15612350,11974598.031216877,False,False,False,False,637187.4836490938,False,False,False,False
2024-10-03 00:00:00+00:00,18.7225682991,18.9013514446,18.5040555656,18.5338527565,529182,,17.489454356935468,17.134638895378934,16.244117585334926,14.098026026245742,17.71854703496242,"rgba(0, 255, 0, 1.0)",0.9417251121615745,16.496608485301344,2.3637044239898555,60.830202721726266,8.509990376012318,True,False,True,False,False,11.615860606550193,17.33585348975,15.8854580082985,0.0,0.0,0.0,0.0,0,1.0207432763955766,0.8746444002183428,False,False,False,False,0.34282822711275307,0.3232845696809318,False,False,False,False,16141532,12138007.206463274,False,False,False,False,632951.9744863842,False,False,False,False
2024-10-04 00:00:00+00:00,18.4841907716,18.8616218567,18.4543935807,18.7821626809,567983,,17.515445128507206,17.152996125304384,16.255344171745648,14.104027861222889,17.743919169654085,"rgba(0, 255, 0, 1.0)",0.9525926119007944,16.511920541309497,2.0704236056954666,60.50479524319665,8.509990376012318,True,False,True,False,False,9.86723574837466,17.366928908968,15.906937443573,0.0,0.0,0.0,0.0,0,1.0332539200360538,0.8494039762584135,False,False,False,False,0.3306734439380668,0.3269790068094993,False,False,False,False,15573549,12272734.335621577,False,False,False,False,630404.1715653496,False,False,False,False
2024-10-07 00:00:00+00:00,18.5139879626,18.548751352,18.2756104352,18.4841907716,394911,,17.530345824220003,17.164161640613127,16.262578631092193,14.108048866657155,17.757353130970408,"rgba(0, 255, 0, 1.0)",0.9630532433507643,16.521025102107792,2.0694212643509373,60.292090463683515,8.509990376012318,True,False,True,False,False,10.034524132143229,17.393052562764,15.9265529912645,0.0,0.0,0.0,0.0,0,1.020030440196256,0.8757718441528232,False,False,False,False,0.2653766877582043,0.29617784728385177,False,False,False,False,15968460,12417664.753832497,False,False,False,False,621169.1452294535,False,False,False,False
2024-10-08 00:00:00+00:00,18.6033795354,18.6083457338,18.335204817,18.3947991989,489672,,17.54952571838202,17.178477946354207,16.271766480782937,14.113104146950429,17.775021181688214,"rgba(0, 255, 0, 1.0)",0.9731287529807218,16.532741722262838,2.1278148516265056,60.28263007575174,8.509990376012318,True,False,True,False,False,10.541331341944364,17.416010736194,15.9487756537875,0.0,0.0,0.0,0.0,0,1.0188086196049109,0.8785653418222327,False,False,False,False,0.28098509279010475,0.28858147003697826,False,False,False,False,16458132,12576114.449760634,False,False,False,False,616012.3944361416,False,False,False,False
2024-10-09 00:00:00+00:00,18.7126359021,18.742433093,18.1365568775,18.4543935807,661413,,17.574659100670505,17.197550792898998,16.284140053824824,14.119937112230105,17.797990627108355,"rgba(0, 255, 0, 1.0)",0.968286059061316,16.548298344009243,2.2352253632453696,60.47668578427124,8.509990376012318,True,False,True,False,False,11.162430023365363,17.445711083834,15.970366330707499,0.0,0.0,0.0,0.0,0,1.0120068491811856,0.8777870064013981,False,False,False,False,0.27251443302750805,0.28054795153224316,False,False,False,False,17119545,12754288.196828846,False,False,False,False,617792.8103406067,False,False,False,False
2024-10-10 00:00:00+00:00,18.9212162386,18.9510134295,18.4841907716,18.732500696,465351,,17.596097959331985,17.213155889431746,16.293743584986213,14.125009073051318,17.819088821026945,"rgba(0, 255, 0, 1.0)",0.9631286129687261,16.561220458221833,2.450343337951272,61.009704735053504,9.013487208332329,True,False,True,False,True,12.338626090689093,17.47661105111,15.99285262588,0.0,0.0,0.0,0.0,0,1.0220362925944355,0.8655803376011096,False,False,False,False,0.3428282272618809,0.31168808939706205,False,False,False,False,17584896,12943723.796953205,False,False,False,False,611814.7001311712,False,False,False,False
2024-10-11 00:00:00+00:00,19.1794585599,19.4128698889,19.0404050023,19.0999993841,541949,,17.628723656918353,17.23576142992196,16.306729153256356,14.131439955641065,17.853476971459504,"rgba(0, 255, 0, 1.0)",0.9593475900872007,16.580218093558486,2.7093834322398753,61.878727322786155,9.928090275463248,True,False,True,False,True,13.764030030546362,17.518619839,16.0163355658,0.0,0.0,0.0,0.0,0,1.0545874556700072,0.8485186895589252,False,False,False,False,0.34282823153230585,0.3272581604646839,False,False,False,False,18126845,13146983.451974647,False,False,False,False,609074.8687534782,False,False,False,False
2024-10-14 00:00:00+00:00,19.2191881478,19.2688501327,18.9808106204,19.1893909569,212471,,17.640728330565555,17.244243672107135,16.31169348078304,14.133929678967327,17.865912079532826,"rgba(0, 255, 0, 1.0)",0.957926594264785,16.587293606482582,2.7474908381026992,62.65478652175102,10.737294257244997,True,False,True,False,True,13.981929953547855,17.564791470688,16.039869870230003,0.0,0.0,0.0,0.0,0,1.0565398998872157,0.8528016294404616,False,False,False,False,0.3197052452949184,0.32348170287980116,False,False,False,False,18339316,13350604.336210936,False,False,False,False,593521.7758611849,False,False,False,False
2024-10-15 00:00:00+00:00,19.556889645,19.6065516299,19.169526163,19.2092557509,436842,,17.66940671928769,17.264042002945335,16.322874063806463,14.139333957992932,17.89650959316745,"rgba(0, 255, 0, 1.0)",0.9661701262231213,16.603903581514643,3.056383118601424,63.8176725984005,11.911315948321722,True,False,True,False,True,15.808770681206518,17.63198267037,16.067031913969,0.0,0.0,0.0,0.0,0,1.0957394352909222,0.8036157725682213,False,False,False,False,0.3428282320696949,0.33315496747474804,False,False,False,False,18776158,13563371.146555606,False,False,False,False,587377.4709254522,False,False,False,False
2024-10-16 00:00:00+00:00,19.6860108057,20.1230362726,19.5370248511,19.7754023785,645229,,17.717884688811903,17.297071196648023,16.341013798716304,14.14780300386633,17.949202430287848,"rgba(0, 255, 0, 1.0)",0.9720003622784599,16.631643271886567,3.142352258649071,64.95740132097684,13.044936223407639,True,False,True,False,True,16.492201150974843,17.698189908754,16.0951350547435,0.0,0.0,0.0,0.0,0,1.1014342015842955,0.7955537984662485,False,False,False,False,0.34282823469887724,0.33799160108681264,False,False,False,False,19421387,13793097.258455388,False,False,False,False,589646.1583401404,False,False,False,False
2024-10-17 00:00:00+00:00,19.9045235392,20.1031714787,19.7257403936,19.8349967603,365879,,17.746057019633493,17.316371689769063,16.351598530091643,14.152703915086542,17.979781338015982,"rgba(0, 255, 0, 1.0)",0.985782925289634,16.64778226823,3.3037103680946123,66.19664367500495,14.261178115323347,True,False,True,False,True,17.63594836299297,17.780060952764,16.1253157299595,0.0,0.0,0.0,0.0,0,1.1274199919103651,0.7893724603296574,False,False,False,False,0.3428282351322519,0.34040991810953225,False,False,False,False,19787266,14028162.699300276,False,False,False,False,580870.9756601348,False,False,False,False
2024-10-18 00:00:00+00:00,20.4905349607,20.6891829002,20.0137799059,20.0137799059,494174,,17.791278187576026,17.346797361016893,16.367736668618676,14.159868445266424,18.02985395623275,"rgba(0, 255, 0, 1.0)",1.0222898233477644,16.673287609042298,3.7340167773137893,67.91711315517689,15.9307577923759,True,False,True,False,True,20.0,17.870283973164,16.1600516640595,0.0,0.0,0.0,0.0,0,1.1266247986184952,0.7486108141855982,False,False,False,False,0.3428282371021571,0.34161907760584465,False,False,False,False,20281440,14273389.26011203,False,False,False,False,577471.0942616982,False,False,False,False
2024-10-21 00:00:00+00:00,20.778574473,20.9805994275,20.6295885184,20.778574473,548896,,17.84713895764572,17.3842176679692,16.387268872956458,14.168314133932535,18.09212367585051,"rgba(0, 255, 0, 1.0)",1.0738887967508726,16.7045874002307,3.793676854712926,69.61980705873445,17.56101369192804,True,False,True,False,True,20.0,17.96289953177,16.195292073486,0.0,0.0,0.0,0.0,0,1.1397749089885525,0.7233378742588759,False,False,False,False,0.34282823737012585,0.3422236574879852,False,False,False,False,20830336,14530524.426382147,False,False,False,False,576350.502329867,False,False,False,False
2024-10-22 00:00:00+00:00,20.9573576186,21.0566815883,20.8133378624,20.9076956337,414007,,17.889938791866154,17.413095899888393,16.402372270937924,14.17481032626409,18.13964644657432,"rgba(0, 255, 0, 1.0)",1.1231583594932841,16.72862123163204,3.7650402111379604,71.1857835482017,19.041924037134947,True,False,True,False,True,20.0,18.046806539968,16.2330516004175,0.0,0.0,0.0,0.0,0,1.1415828677443571,0.7431914510436778,False,False,False,False,0.34282823786495764,0.34252594767647143,False,False,False,False,21244343,14793811.429269122,False,False,False,False,569984.0904737938,False,True,False,False
2024-10-23 00:00:00+00:00,20.7388448851,20.9284543434,20.5352307471,20.7587096791,367059,,17.92438479738862,17.436822146073002,16.41506895702906,14.180382509410634,18.17728816636337,"rgba(0, 255, 0, 1.0)",1.1542617931142791,16.74821670808918,3.457299029402875,71.7383958617648,19.530492999550944,True,False,True,False,True,20.0,18.122975041456,16.269226078294498,0.0,0.0,0.0,0.0,0,1.108776522097612,0.7558270187359439,False,False,False,False,0.3095599334019526,0.326042940539212,False,False,False,False,20877284,15032378.98106249,False,False,False,False,562026.243788547,False,False,False,False
2024-10-24 00:00:00+00:00,20.5203321516,20.8481012518,20.1528334635,20.768642076,520782,,17.968013139480504,17.46763031746385,16.432015342928395,14.187998705939076,18.224049119701398,"rgba(0, 255, 0, 1.0)",1.1771199198043665,16.773452508168255,3.1830908477485167,71.49824396171823,19.530492999550944,True,False,True,False,False,19.053311906543374,18.195763950638003,16.3039140041945,0.0,0.0,0.0,0.0,0,1.0970355697422107,0.7539679057033444,False,False,False,False,0.27246095501665046,0.29925194777793124,False,False,False,False,20356502,15241168.11906004,False,False,False,False,560408.822463506,False,False,False,False
2024-10-25 00:00:00+00:00,20.5600617395,20.8381688549,20.4955011592,20.5401969456,533981,,18.013356617953463,17.499848244252973,16.44977107015612,14.195941974129935,18.272546670781594,"rgba(0, 255, 0, 1.0)",1.2097148193939333,16.799755988839358,3.108423316285861,71.35419259828608,19.530492999550944,True,False,True,False,False,19.24950660478865,18.269545584052,16.3383573411855,0.0,0.0,0.0,0.0,0,1.1004712180459237,0.7618644404742054,False,False,False,False,0.2990569181422834,0.29915443296010735,False,False,False,False,20890483,15462709.879096901,False,False,False,False,559372.4372688588,False,False,False,False
2024-10-28 00:00:00+00:00,20.6395209154,20.6991152972,20.4607377698,20.5600617395,301634,,18.037994603000303,17.51757916039917,16.459659733322255,14.200398411747624,18.298673936446527,"rgba(0, 255, 0, 1.0)",1.2471981700314316,16.81417012522332,3.067155550813767,71.34374193625061,19.530492999550944,True,False,True,False,False,19.645664619017236,18.340161221634002,16.3732964711335,0.0,0.0,0.0,0.0,0,1.0973073474450752,0.7753442015904125,False,False,False,False,0.2851144515589096,0.29213444225950846,False,False,False,False,21192117,15687392.51128918,False,False,False,False,549265.0475720408,False,False,False,False
2024-10-29 00:00:00+00:00,20.8679660458,21.1450799214,20.6792505033,20.768642076,535818,,18.0855756320181,17.551574696697305,16.478364617018944,14.20866696790802,18.951833840430112,"rgba(0, 255, 0, 1.0)",1.2906004284221584,17.131189036920382,2.89537871411376,71.63615730239178,19.530492999550944,True,False,True,False,False,20.0,18.413760702039998,16.406225920257,0.0,0.0,0.0,0.0,0,1.0997465413284502,0.7564579495461687,False,False,False,False,0.33905206485860706,0.31559325355905776,False,False,False,False,21727935,15924276.53045431,False,False,False,False,548737.7123731372,False,False,False,False
2024-10-30 00:00:00+00:00,20.8878308397,20.9275604276,20.4955011592,20.8878308397,304114,,18.110693874025845,17.56984536917143,16.48860754956432,14.213261844496536,18.964907958436733,"rgba(0, 255, 0, 1.0)",1.3335760387103794,17.143276347467655,2.80790474898865,71.90130093670436,19.714765027577016,True,False,True,False,False,20.0,18.485974286068,16.438909953579497,0.0,0.0,0.0,0.0,0,1.0824057006129877,0.7727284184148235,False,False,False,False,0.3062712261875317,0.31093223987329477,False,False,False,False,22032049,16163797.019456103,False,False,False,False,539144.6256134064,False,False,False,False
2024-10-31 00:00:00+00:00,19.9939151119,20.7090476942,19.983982715,20.6097237244,1234167,,18.188180747617565,17.62972211006483,16.52448635535818,14.230309111570289,18.955359409097234,"rgba(0, 255, 0, 1.0)",1.353135805610737,17.171152629167295,2.0860895639803534,69.45931451121756,21.670007878368395,True,False,True,False,False,13.522212473381742,18.5369413035,16.468995852733,0.0,0.0,0.0,0.0,0,1.0500714238061142,0.7857920178192815,False,False,False,False,0.24818126213794447,0.2795567510056196,False,False,False,False,20797882,16345525.842222532,False,False,False,False,566400.405001116,False,False,False,False
2024-11-01 00:00:00+00:00,20.2422250363,20.4508053728,20.0137799059,20.1031714787,578777,,18.222711100822064,17.656952100342412,16.5411057671141,14.23827917938541,18.972959359659374,"rgba(0, 255, 0, 1.0)",1.3768584709075367,17.18948768322338,2.2171758518248073,67.87973382240443,20.13527521754719,True,False,True,False,False,14.830036980547472,18.598025963716,16.500471047125,0.0,0.0,0.0,0.0,0,1.0560492389185498,0.7932293442372952,False,False,False,False,0.23035228290483023,0.2549545169552249,False,False,False,False,21376659,16542825.181743218,False,False,False,False,566885.7616677389,False,False,False,False
2024-11-04 00:00:00+00:00,20.1528334635,20.371346197,20.0535094938,20.3018194182,323262,,18.24109335267387,17.67166477275076,16.550216130316397,14.242689588123907,18.982725024233723,"rgba(0, 255, 0, 1.0)",1.3976507567511238,17.199534273141634,2.1130451767674687,66.35948506323652,18.674405409876343,False,False,True,False,False,14.133492921195451,18.647812433776,16.5314007865755,0.0,0.0,0.0,0.0,0,1.053918807464342,0.8112143131344185,False,False,False,False,0.22726652734464098,0.24111052214993295,False,False,False,False,21053397,16719710.35108662,False,False,False,False,557331.888661161,False,False,False,False
2024-11-05 00:00:00+00:00,20.3415490061,20.3958504136,20.2024954484,20.2422250363,514075,,18.271395404490743,17.695817395347607,16.565087988837345,14.249831954159358,19.004844063265757,"rgba(0, 255, 0, 1.0)",1.4206176771480064,17.21749553477826,2.1990810909755156,65.43902525646695,17.80650714455608,False,False,True,False,False,15.133483748739032,18.699986287378,16.562978612506498,0.0,0.0,0.0,0.0,0,1.0414159078925769,0.8137055279045212,False,False,False,False,0.24077345715967785,0.2409419896548054,False,False,False,False,21567472,16909818.651044007,False,False,False,False,555635.5400862135,False,False,False,False
2024-11-06 00:00:00+00:00,20.1826306545,20.1826306545,19.5072276601,19.8349967603,741450,,18.306222229615404,17.72525404932244,16.584315213010164,14.259501082633518,19.016338704194762,"rgba(0, 255, 0, 1.0)",1.4396085426653358,17.236173324431242,2.0467073115679035,64.26702838756287,16.68857021141217,False,True,True,False,False,13.878737746570131,18.754331350716,16.592579881751,0.0,0.0,0.0,0.0,0,1.0206956692977733,0.8145033107622343,False,False,False,False,0.17087785086784377,0.2059099202613246,False,False,False,False,20826022,17063395.25296385,False,False,False,False,562922.3816514601,False,False,False,False
2024-11-07 00:00:00+00:00,20.4011433879,20.5203321516,19.7654699815,20.0733742877,573044,,18.336434486947937,17.750188733454586,16.600210711278546,14.267306629146045,19.038277444154666,"rgba(0, 255, 0, 1.0)",1.458624864797081,17.25480713145529,2.157056507385411,63.69381145166879,16.15212291332216,False,True,True,False,False,15.049686118154053,18.818198113018,16.6239631942045,0.0,0.0,0.0,0.0,0,1.045701116447138,0.7965781348712296,False,False,False,False,0.2164994054219211,0.21120466284162284,False,False,False,False,21399066,17233421.55676919,False,False,False,False,563319.3078612068,False,False,False,False
2024-11-08 00:00:00+00:00,20.1031714787,20.6395209154,19.9442531271,20.4210081819,456882,,18.359850560225084,17.76971586004963,16.61278503026347,14.273515299860081,19.05541240734359,"rgba(0, 255, 255, 0.75)",1.4671609587005712,17.269460994002223,1.9314244070449664,62.45477645488441,14.95545925844607,False,True,True,False,False,12.711524169577029,18.875312907244002,16.654398381037502,0.0,0.0,0.0,0.0,0,1.048432568329373,0.796944477908841,False,False,False,False,0.23963572398650904,0.22542019341406594,False,False,False,False,20942184,17378863.22120961,False,False,False,False,559145.2957882184,False,False,False,False
2024-11-11 00:00:00+00:00,19.0106078114,19.4277684843,18.4047315958,19.3284445146,1033488,,18.375855306616835,17.790339676226896,16.630944658436405,14.284500701169593,19.01584500146269,"rgba(38, 166, 154, 1.0)",1.464676267098687,17.273437954246358,1.1860435621003989,59.25385378886977,11.859878231321971,False,True,False,True,False,4.944961716906665,18.913350282746,16.6802572232305,0.0,0.0,0.0,0.0,0,1.0051200618794847,0.8236653828121538,False,False,False,False,0.0322826248914413,0.12885140915275362,False,False,False,False,19908696,17478072.349789627,False,False,False,False,577746.9704631902,False,False,False,False
2024-11-12 00:00:00+00:00,18.4543935807,18.9301553958,18.2954752291,18.7225682991,880772,,18.380031257281363,17.801654772571183,16.643646622496338,14.293047166552249,18.97371968588211,"rgba(38, 166, 154, 0.5)",1.4617013354368458,17.272158524657982,0.8088075363827272,55.80273865552571,8.57156303505505,False,True,False,True,False,1.4293445044789905,18.951358792116,16.701857538109,0.0,0.0,0.0,0.0,0,1.0234473226650027,0.8344432253708062,False,False,False,False,-0.012480070964860002,0.058185669093946804,False,False,False,False,19027924,17538850.84587631,False,False,False,False,589630.3049548299,False,False,False,False
2024-11-13 00:00:00+00:00,18.2954752291,18.5537175505,18.1961512594,18.5437851535,796036,,18.379396960917944,17.808824696044184,16.653731962120755,14.30036054378821,18.93455186631448,"rgba(38, 166, 154, 0.5)",1.4564632829865245,17.269454649564334,0.704460312539961,52.76046585999374,5.724738128626228,False,True,False,True,False,0.46186032832904544,18.989953451439998,16.722121527304,0.0,0.0,0.0,0.0,0,1.0209292956683174,0.8360997743844144,False,False,False,False,-0.05485789157377225,0.0016638887600872766,False,False,False,False,18231888,17566028.773489006,False,False,False,False,597724.6459369934,False,False,False,False
2024-11-14 00:00:00+00:00,18.4643259777,18.5338527565,18.1365568775,18.1365568775,917124,,18.379370913938292,17.81729907514438,16.665406202457465,14.30881553353275,18.897847901923893,"rgba(38, 166, 154, 0.5)",1.4525684364574427,17.419065292522667,0.7195947942573627,50.63028813114819,3.7871357991332673,False,True,False,True,False,1.4709861982599364,19.025981151548,16.742737284855,0.0,0.0,0.0,0.0,0,1.0177768750006913,0.854489997474307,False,False,True,False,-0.060849642534600054,-0.02959287688725639,False,False,False,False,19149012,17628106.54707767,False,False,False,False,610250.1108022094,False,False,False,False
2024-11-15 00:00:00+00:00,18.4047315958,18.5835147414,18.2557456412,18.4941231686,4642366,,18.3829960751819,17.8591478533625,16.723361701774742,14.351459553678323,18.789617017750206,"rgba(38, 166, 154, 0.5)",1.4454003480846183,17.42998686333558,0.6743769874942345,48.79840578629661,2.134627521422985,False,True,False,True,False,1.0999405336948413,19.067157203152,16.760888134794,0.0,0.0,0.0,0.0,0,1.0318042066819346,0.8492891559794153,False,False,False,False,-0.050055579065832495,-0.039824227976544446,False,False,False,False,14506646,17505696.32954521,False,False,False,False,768372.302535456,False,False,False,False
2024-11-18 00:00:00+00:00,19.0304726053,19.139728972,18.762297887,18.8516894597,527951,,18.3898604799628,17.867987389637392,16.73182310343888,14.356917210240235,18.79956531823651,"rgba(38, 166, 154, 1.0)",1.437967468179621,17.438771156647874,1.1069106108965903,48.56155767115587,2.016815626769649,False,True,False,True,False,4.75192020181434,19.11430970334,16.782955666399502,0.0,0.0,0.0,0.0,0,1.037265733740345,0.8311330545037642,False,False,False,False,0.010909958117541474,-0.014457134929501486,False,False,False,False,15034597,17408790.473484617,False,False,False,False,758944.0161615167,False,False,False,False
2024-11-19 00:00:00+00:00,19.6164840269,19.6164840269,19.0006754144,19.159593766,521207,,18.401371629915964,17.879936119616037,16.74171565100998,14.362797093069522,18.821539589679517,"rgba(0, 255, 255, 0.75)",1.422634990402813,17.452053786690538,1.521423453528732,49.355596663918156,2.016815626769649,False,True,False,True,True,7.919762415260333,19.165851530462,16.808691983193498,0.0,0.0,0.0,0.0,0,1.0385892236872285,0.8266148774749635,False,False,False,False,0.06724979232766287,0.026396328699080693,False,False,False,False,15555804,17336124.337269533,False,False,False,False,749620.9959198886,False,False,False,False
2024-11-20 00:00:00+00:00,19.7058755996,19.7853347755,19.5171600571,19.556889645,399222,,18.412224935296113,17.89048642064876,16.749971893742032,14.36752149176568,18.842664788174112,"rgba(0, 255, 255, 0.75)",1.4103789694502493,17.463988174717368,1.5895638501731875,50.14552550671294,2.016815626769649,False,True,False,True,True,8.387336363963037,19.223540103442,16.83339780169,0.0,0.0,0.0,0.0,0,1.0570803554307255,0.8193542788455004,False,False,False,False,0.09449581732998046,0.060446073014530574,False,False,False,False,15955026,17281963.618160926,False,False,False,False,735879.858824991,False,False,False,False
2024-11-21 00:00:00+00:00,19.7257403936,19.8846587452,19.556889645,19.8647939513,675544,,18.430929483329827,17.908581818630218,16.7640887230337,14.375576439613619,18.876736982301523,"rgba(0, 255, 255, 0.75)",1.3836258994704125,17.483897635117177,1.620266547005874,50.824068427244086,2.016815626769649,False,True,False,False,True,8.492457012059564,19.265973506942,16.8576119616925,0.0,0.0,0.0,0.0,0,1.0567610651922739,0.8461113699779452,False,False,False,False,0.07513997904089174,0.06779302602771116,False,False,False,False,16630570,17256418.770389907,False,False,False,False,733513.7467142071,False,False,False,False
2024-11-22 00:00:00+00:00,19.974050318,20.0137799059,19.6164840269,19.7853347755,388843,,18.442642919518423,17.919659908939163,16.772550868598724,14.380327907491186,18.897518729966603,"rgba(0, 255, 255, 0.75)",1.3619653019768088,17.49598224190464,1.8194795950371117,51.78258646274894,2.016815626769649,False,True,False,False,True,9.804750926256698,19.306240339904,16.8853823526355,0.0,0.0,0.0,0.0,0,1.0340546609237662,0.8577087115537513,False,False,False,False,0.09510058688887511,0.08144680645829314,False,False,False,False,17019413,17247124.426453047,False,False,False,False,719997.2468430616,False,False,False,False
2024-11-25 00:00:00+00:00,19.169526163,19.556889645,19.1446951705,19.3979712934,519376,,18.4517721898305,17.929932989306682,16.781685902474756,14.385994823815382,18.907999559335146,"rgba(38, 166, 154, 1.0)",1.3342293109599825,17.50560151592498,1.2471054513693913,51.126090151176825,2.016815626769649,False,True,False,False,True,4.611324372888962,19.332398014496,16.9091301228035,0.0,0.0,0.0,0.0,0,1.009950412206358,0.8594387802246868,False,False,False,False,-0.0058772115814468085,0.03778479743842316,False,False,False,False,16500037,17217826.880317632,False,False,False,False,712129.7469668632,False,False,False,False
2024-11-26 00:00:00+00:00,19.3085797206,19.3334107131,19.0106078114,19.1099317811,353214,,18.45733968407976,17.936462549538497,16.787681346097756,14.389784152119846,18.91335564946738,"rgba(38, 166, 154, 1.0)",1.3192848858270563,17.511480038654334,1.3621771167484193,50.82570842967201,2.016815626769649,False,True,False,False,True,5.363445908979138,19.363119952496,16.932341947292,0.0,0.0,0.0,0.0,0,1.000648197257758,0.8668046640158467,False,False,False,False,-0.04863945209856518,-0.005427327330071008,False,False,False,False,16853251,17203529.78697184,False,False,False,False,698054.6196348293,False,False,False,False
2024-11-27 00:00:00+00:00,19.1794585599,19.4972952632,19.0999993841,19.3681741025,304617,,18.46233443926723,17.942220992041953,16.792915915540075,14.393075328123455,18.918350694310643,"rgba(38, 166, 154, 1.0)",1.305657454750012,17.516707944304354,1.2734968192051594,50.36375162723182,2.016815626769649,False,True,False,False,True,4.557959701154147,19.392646394592,16.958306315147,0.0,0.0,0.0,0.0,0,1.009953567093349,0.8762178936031446,False,False,False,False,-0.021409110721983392,-0.0134182190260272,False,False,False,False,16548634,17177847.599247456,False,False,False,False,682625.6933746401,False,False,False,False
2024-11-29 00:00:00+00:00,19.2489853388,19.4079036904,19.1993233539,19.2489853388,118879,,18.46433108580442,17.944499617413996,16.794974610194057,14.394365511721848,18.920389775894993,"rgba(38, 166, 154, 1.0)",1.2906379314209038,17.51878646251978,1.3405764964426463,50.11249931005332,2.016815626769649,False,True,False,False,True,4.94377098619805,19.421383915064,16.985209299361003,0.0,0.0,0.0,0.0,0,1.0080053067530366,0.8627054956622954,False,False,False,False,-0.04515817018627468,-0.02928819460615094,False,False,False,False,16667513,17157834.47770834,False,False,False,False,660517.979908968,False,False,False,False
2024-12-02 00:00:00+00:00,19.0106078114,19.1297965751,18.9311486355,19.1297965751,378703,,18.468621808825315,17.95030129327827,16.80082382000966,14.39825146445071,18.92201555278448,"rgba(38, 166, 154, 1.0)",1.2734192845268377,17.523476931581968,1.1678250030355108,49.49278559977974,2.016815626769649,False,True,False,True,False,3.4407268452691717,19.435843526288,17.010427910551,0.0,0.0,0.0,0.0,0,0.992044249309696,0.8790826802320016,False,False,False,False,-0.14184606689567889,-0.0855671307509149,False,False,False,False,16288810,17123755.08642566,False,False,False,False,649466.4120694005,False,False,False,False
2024-12-03 00:00:00+00:00,19.149661369,19.3334107131,19.0602697962,19.169526163,393757,,18.47425786708666,17.95714185347048,16.80730101915405,14.402422110688212,18.926431703333257,"rgba(38, 166, 154, 1.0)",1.2602932046208022,17.52943387105917,1.2855956788470717,49.255488051255284,2.016815626769649,False,True,False,True,False,4.232699978948013,19.455263665866,17.036489535144998,0.0,0.0,0.0,0.0,0,0.9796338665476619,0.8794674017491535,False,False,False,False,-0.10010045474434769,-0.09283379274763129,False,False,False,False,16682567,17106453.59284034,False,False,False,False,639438.5919882476,False,False,False,False
2024-12-04 00:00:00+00:00,19.2787825297,19.3880388964,19.0702021932,19.0702021932,520371,,18.482238782083606,17.966536961273672,16.816038442560153,14.407997011848877,18.93340366138299,"rgba(38, 166, 154, 1.0)",1.248438832532393,17.53776834091789,1.394553055715636,49.31153818113021,2.016815626769649,False,True,False,True,False,4.967105354234867,19.472709181782,17.0634922567745,0.0,0.0,0.0,0.0,0,0.9820668028977642,0.8719282113938032,False,False,False,False,-0.0920451222873166,-0.09243945751747394,False,False,False,False,17202938,17110237.295081895,False,False,False,False,634769.274655375,False,False,False,False
2024-12-05 00:00:00+00:00,19.4377008813,19.566822042,19.149661369,19.2787825297,410553,,18.48954565183229,17.97464855302265,16.82327988149715,14.412512515125268,18.941051319352987,"rgba(0, 255, 255, 0.75)",1.2383278506380033,17.545228210472544,1.528248492394343,49.66326009552582,2.016815626769649,False,True,False,False,False,5.868120598415583,19.49194613742,17.092471535091,0.0,0.0,0.0,0.0,0,0.9762411859485319,0.869496449534491,False,False,False,False,-0.05993212822871979,-0.07618579287309686,False,False,False,False,17613491,17129972.73449045,False,False,False,False,625976.4795708505,False,False,False,False
2024-12-06 00:00:00+00:00,19.0304726053,19.4377008813,19.0006754144,19.2489853388,336792,,18.493944729822882,17.980166963664328,16.82866280098775,14.41604073026954,18.94379746857606,"rgba(38, 166, 154, 1.0)",1.2283431272834862,17.549908432414618,1.2053343564999555,49.179994756890316,2.016815626769649,False,True,False,True,False,3.23618343617488,19.496302023458,17.119907157414,0.0,0.0,0.0,0.0,0,0.9646064036301578,0.8888913846331843,False,False,False,False,-0.09452236957670525,-0.08535408122490105,False,False,False,False,17276699,17135726.705686904,False,False,False,False,614635.9117445427,False,False,False,False
2024-12-09 00:00:00+00:00,19.4674980722,20.0336446998,19.4674980722,19.6661460117,521086,,18.505689653684318,17.992190655475927,16.8387208331836,14.422063900991763,19.13051893437776,"rgba(38, 166, 154, 1.0)",1.2154606792249154,17.74441604407763,1.4176369977029275,49.61041243128856,2.016815626769649,False,True,False,False,False,5.705845388023512,19.519146536502,17.1473117228305,0.0,0.0,0.0,0.0,0,0.9775463795009983,0.8529128081523699,False,False,False,False,0.03716126891560801,-0.024096406154646522,False,False,False,False,17797785,17161689.776052125,False,False,False,False,610967.2877545606,False,False,False,False
2024-12-10 00:00:00+00:00,19.4178360874,19.8548615543,19.4079036904,19.576754439,633357,,18.51848441273309,18.005744711049935,16.850436667081237,14.429232232000379,19.132236629951098,"rgba(38, 166, 154, 1.0)",1.2091056481717757,17.75392700344505,1.3761486322314846,49.86720197019996,2.016815626769649,False,True,False,False,True,5.385071772734385,19.539805922212,17.1752067064035,0.0,0.0,0.0,0.0,0,0.9824783039605917,0.8419342470430037,False,False,False,False,-0.0009455716675911566,-0.012520988911118839,False,False,False,False,17164428,17161797.157383416,False,False,False,False,611845.3156857543,False,False,False,False
2024-12-11 00:00:00+00:00,20.0137799059,20.0237123029,19.4277684843,19.5270924541,550095,,18.532075416956143,18.01927724678138,16.86150508148231,14.435758538721856,19.161190987079426,"rgba(0, 255, 255, 0.75)",1.2086154152504869,17.77004747338515,1.8564486305594854,51.0940454678062,2.016815626769649,False,True,True,False,True,8.615893061637824,19.568808521382,17.2067708886105,0.0,0.0,0.0,0.0,0,0.972685668575769,0.8474966441147878,False,False,False,False,0.02301264391475368,0.00524582750181742,False,False,False,False,17714523,17183472.68062328,False,False,False,False,609423.7346784698,False,False,False,False
2024-12-12 00:00:00+00:00,19.2986473236,19.8449291573,19.2887149267,19.6959432027,470273,,18.540428947703283,18.02850761088296,16.869809195454003,14.440969447059626,19.159324192294818,"rgba(38, 166, 154, 1.0)",1.197537666438512,17.77587421357709,1.271586817433185,50.797218504180535,2.016815626769649,False,True,False,False,True,4.119647027946595,19.581124693630002,17.2354981359865,0.0,0.0,0.0,0.0,0,0.9581033346958886,0.8538632041394605,False,False,False,False,-0.017336992363369986,-0.006045582430776283,False,False,False,False,17244250,17185856.104912564,False,False,False,False,603966.8431224514,False,False,False,False
2024-12-13 00:00:00+00:00,18.9410810325,19.2191881478,18.75236549,19.159593766,609922,,18.54530616922124,18.036181414559884,16.878424054112106,14.447033608920373,19.1285381979499,"rgba(38, 166, 154, 0.5)",1.1804124504155231,17.77394483581956,0.9887528687702271,49.99215056659731,2.016815626769649,False,True,False,False,False,2.0069601085660693,19.585494948298,17.2583499231955,0.0,0.0,0.0,0.0,0,0.9364501999118647,0.8797477138232512,False,False,False,False,-0.16636032775991963,-0.08620295509534795,False,False,False,False,16634328,17164227.551778737,False,False,False,False,604200.3786862768,False,False,False,False
2024-12-16 00:00:00+00:00,18.8417570628,19.159593766,18.8218922688,19.159593766,539373,,18.54923247085512,18.04265117248805,16.8858761402237,14.452347590547582,19.108782710539757,"rgba(38, 166, 154, 0.5)",1.1634746099652533,17.773935277809677,0.917786925339275,49.18170055540368,1.7545802696016608,False,True,False,True,False,1.4284945178601625,19.592646274122,17.2778979238505,0.0,0.0,0.0,0.0,0,0.9409812638394953,0.8802018863459288,False,False,False,False,-0.1650646437393103,-0.1256337994173291,False,False,False,False,16094955,17122295.294846237,False,False,False,False,601658.128541717,False,False,False,False
2024-12-17 00:00:00+00:00,18.8516894597,19.0205402083,18.5735823444,18.6232443293,606125,,18.552165643286408,18.048809331161635,16.89367776815888,14.458137293021665,19.086296590682696,"rgba(38, 166, 154, 0.5)",1.1428871612809863,17.773236736862998,0.943621347210023,48.537385178860646,1.0585456474465005,False,True,False,True,False,1.4848450924556857,19.599400304063998,17.296362870099998,0.0,0.0,0.0,0.0,0,0.9386573336201455,0.8742029416051916,False,False,False,False,-0.2160507185919589,-0.170842259004644,False,False,False,False,16701080,17105777.04798952,False,False,False,False,601833.2999714535,False,False,False,False
2024-12-18 00:00:00+00:00,18.2756104352,18.9212162386,18.2458132442,18.742433093,527106,,18.551488645258686,18.051783570045426,16.899239470372713,14.462774279282922,19.057749108636266,#000000,1.1099121529029001,17.76905159391176,0.45639543630851215,47.14702487888173,-0.3572080371647246,False,True,False,True,False,0.0,19.59284492206,17.3115041843785,0.0,0.0,0.0,0.0,0,0.9246570565693373,0.8822907889448038,False,False,False,False,-0.2735906336698644,-0.2222164463372542,False,False,False,False,16173974,17069235.75198993,False,False,False,False,598902.8176196319,False,False,False,False
2024-12-19 00:00:00+00:00,18.3153400231,18.5139879626,18.2160160533,18.335204817,467370,,18.549793178643455,18.05358329760854,16.903728184833263,14.466741616455119,19.031967199990753,"rgba(38, 166, 154, 0.5)",1.0689158545582582,17.764756271049116,0.5150861498620193,46.09023224834099,-1.4278232011809564,False,True,False,True,False,0.0,19.58489900448,17.3241354769685,0.0,0.0,0.0,0.0,0,0.930347079988611,0.9020218437212238,False,False,False,False,-0.33436285394595405,-0.2782896501416041,False,False,False,False,16641344,17052455.683284443,False,False,False,False,593744.667909058,False,False,False,False
2024-12-20 00:00:00+00:00,18.1663540684,18.5239203595,18.0372329077,18.3848668019,1710395,,18.540681080381756,18.057686438593592,16.918733286390257,14.480797336966882,18.949917891451342,#000000,1.0371960523847363,17.750730995891125,0.4007179467693391,45.00845706269749,-2.5131608288750797,False,True,False,True,False,0.0,19.569801761075997,17.336662070787998,0.0,0.0,0.0,0.0,0,0.909852140222351,0.9098521402184474,False,False,False,False,-0.34282825441539394,-0.31055895227849906,False,False,False,False,14930949,16969259.342763487,False,False,False,False,637534.8770106636,False,False,False,False
2024-12-23 00:00:00+00:00,18.1166920835,18.2458132442,17.908211071,18.0868948926,368311,,18.53782308166989,18.057837974240257,16.921553923922016,14.483688408997955,18.932705548458355,#000000,0.9936153179461888,17.747414994279644,0.3716499560248859,44.04992558562062,-3.4706057607849132,False,True,False,True,False,0.0,19.548546431548,17.347659892677,0.0,0.0,0.0,0.0,0,0.8870771433980954,0.9360259837240982,False,False,False,False,-0.34282825441539394,-0.3266936033469465,False,False,False,False,14562638,16874882.035204135,False,False,False,False,626977.0779122062,False,False,False,False
2024-12-24 00:00:00+00:00,18.2060836563,18.2358808473,18.0570977017,18.2358808473,142793,,18.536911552236067,18.058033469213985,16.922714809978906,14.484831652092494,18.926929812156907,#000000,0.9583067840268527,17.74643059008114,0.4796512702199333,43.471237294724205,-4.055847987905089,False,True,False,True,False,0.0,19.528284341718,17.3594001636625,0.0,0.0,0.0,0.0,0,0.894813215408294,0.9304617849040631,False,False,False,False,-0.324927514644866,-0.3258105589959063,False,False,False,False,14705431,16789805.52401966,False,False,False,False,607989.4670136883,False,False,False,False
2024-12-26 00:00:00+00:00,18.335204817,18.4146639928,18.1862188624,18.2458132442,192923,,18.536168459391533,18.058650190879455,16.92446312920304,14.486436198012427,18.920860013256952,"rgba(38, 166, 154, 0.5)",0.9317315858075423,17.745732180285298,0.6326635757483743,43.29675513598489,-4.2551335173971765,False,True,False,True,False,0.0,19.503850645158,17.372032283144502,0.0,0.0,0.0,0.0,0,0.8915707570268567,0.9362048485161635,False,False,False,False,-0.2859503538701302,-0.3058804564330182,False,False,False,False,14898354,16715630.95445026,False,False,False,False,591712.3506602104,False,False,False,False
2024-12-27 00:00:00+00:00,18.2358808473,18.2557456412,17.9875709229,18.0968272896,194120,,18.53492100812482,18.05889654753577,16.926025264224513,14.487985122814214,18.91338331321048,"rgba(38, 166, 154, 0.5)",0.8980771686635061,17.744476895532614,0.5471734155080225,42.98331979118747,-4.603737645626602,False,True,False,True,False,0.0,19.47484804599,17.383527551775,0.0,0.0,0.0,0.0,0,0.864612835422553,0.9595206295011534,False,False,False,False,-0.3313015919590854,-0.3185910241960518,False,False,False,False,14704234,16636752.642511034,False,False,False,False,576120.4937715747,False,False,False,False
2024-12-30 00:00:00+00:00,17.918044144,18.1067596866,17.7551528336,18.0273005108,594625,,18.52880856823588,18.05791658607549,16.92988646954249,14.492420972215074,18.884894002425515,#000000,0.8914859332296122,17.73825938855057,0.20166863968129867,42.202225047023454,-5.414015687677477,False,True,False,True,False,0.0,19.435118458086002,17.3949603415885,0.0,0.0,0.0,0.0,0,0.844512767628515,0.96121470407414,False,False,False,False,-0.34282825441539394,-0.33070963930572284,False,False,False,False,14109609,16537648.9702557,True,False,False,False,576846.1606824934,False,False,False,False
2024-12-31 00:00:00+00:00,18.022627318,18.0773922076,17.7537814961,17.8334395174,420291,,18.524735370815645,18.05736090032524,16.932664661786916,14.49557183152984,18.68696334573061,#000000,0.8903947023174591,17.81670536892684,0.23127041135487633,41.825570239858784,-5.826846914568549,False,True,False,True,False,0.0,19.385760305232,17.4064235618855,0.0,0.0,0.0,0.0,0,0.8342376940144882,0.990050055395551,True,False,False,False,-0.34282825441539394,-0.33676894686055836,False,False,False,False,14529900,16458913.716520183,False,False,False,False,570706.7426165133,False,False,False,False
2025-01-02 00:00:00+00:00,18.5603189617,18.6001479724,18.2815158872,18.2815158872,352055,,18.52447652493747,18.05920034832358,16.936183640765087,14.498610371679673,18.730206147235524,"rgba(38, 166, 154, 0.5)",0.8802883716936651,17.82908916388033,0.8306707453295001,42.750488274889506,-5.826846914568549,False,True,False,True,True,0.18738783347972543,19.341395195006,17.4212647199425,0.0,0.0,0.0,0.0,0,0.8263745803413244,0.9924057211199261,False,False,False,False,-0.2186064109026688,-0.2776876788816136,False,False,False,False,14881955,16397072.198225275,False,False,False,False,562132.1644746892,False,False,False,False
2025-01-03 00:00:00+00:00,18.4507891824,18.5752548407,18.3711311612,18.5702762144,293767,,18.524190013059215,18.060669094438623,16.939079500157284,14.501132794944505,18.74105451134035,"rgba(38, 166, 154, 0.5)",0.8692207480784271,17.833075589025835,0.710652149916734,43.3044205777171,-5.826846914568549,False,True,False,True,True,0.0,19.291263826281998,17.4372326794185,0.0,0.0,0.0,0.0,0,0.8234298017221022,0.9979178703608123,False,False,False,False,-0.2102299370014225,-0.24395880794151806,False,False,False,False,14588188,16326135.563000755,False,False,False,False,551608.0403776426,False,False,False,False
2025-01-06 00:00:00+00:00,18.082370834,18.610105225,18.0724135813,18.5204899511,322470,,18.52275647280382,18.06143660924862,16.941808593587368,14.503750984898184,18.733192876517357,#000000,0.8616283329871444,17.831985272979747,0.29059578409196524,43.109380819836744,-5.826846914568549,False,True,False,True,True,0.0,19.23813434526,17.448896120218002,0.0,0.0,0.0,0.0,0,0.824594544858927,0.9924820273100186,False,False,False,False,-0.24079350719643317,-0.24237615756897563,False,False,False,False,14265718,16245334.874255627,False,False,False,False,542622.2348726371,False,False,False,False
2025-01-07 00:00:00+00:00,18.4408319298,18.6598914883,18.3014303925,18.3313021505,395695,,18.522397035051206,18.063394861757125,16.945681189228175,14.50714036065782,18.737058098527722,"rgba(38, 166, 154, 0.5)",0.8511603740851923,17.834663427604777,0.7121672021523798,43.72743521971008,-5.826846914568549,False,True,False,True,True,0.0,19.196544340823998,17.463484582886498,0.0,0.0,0.0,0.0,0,0.8397528672824214,0.9782052631927133,False,False,False,False,-0.2085119515038854,-0.22544405453643052,False,False,False,False,14661413,16183220.290951487,False,False,False,False,536860.3825246905,False,False,False,False
2025-01-08 00:00:00+00:00,18.5204899511,18.639976983,18.3512166558,18.5105326984,396720,,18.522277396465274,18.06551503843479,16.949636811986487,14.51056397635962,18.7397846282116,"rgba(38, 166, 154, 0.5)",0.8482595516169861,17.837163588093,0.805562827679827,44.39913561667652,-7.791300665788214,False,True,False,True,True,0.01742402087388939,19.155752905056,17.4792100637415,0.0,0.0,0.0,0.0,0,0.8274295058371469,0.9785652209879654,False,False,False,False,-0.2050796064355417,-0.21526183048598613,False,False,False,False,15058133,16139099.220718097,False,False,False,False,531364.6812492125,False,False,False,False
2025-01-10 00:00:00+00:00,18.5901907197,19.2971556587,18.4926096436,19.2473693954,723786,,18.525437555404753,18.071850376616112,16.958136309650627,14.51724662565625,18.76252091101644,"rgba(38, 166, 154, 0.5)",0.8429506716284209,17.847714425208856,0.8808063383552692,45.09708924365793,-7.067406974636498,False,True,False,False,True,0.4437654422604105,19.114766301142,17.494446823281997,0.0,0.0,0.0,0.0,0,0.8383692548728913,0.9472433474728876,False,False,False,False,-0.11481073942443609,-0.1650362849552111,False,False,False,False,15781919,16125092.153238956,False,False,False,False,538910.6153178709,False,False,False,False
2025-01-13 00:00:00+00:00,18.1919006132,18.4308746771,18.0923280866,18.3412594032,354197,,18.523808916766708,18.072556700449795,16.961018029827677,14.520085868143935,18.750694274613757,#000000,0.8460199559091772,17.84565189723082,0.4092677880122637,44.91732306383193,-7.067406974636498,False,True,False,True,True,0.0,19.06124499249,17.508283114754498,0.0,0.0,0.0,0.0,0,0.8137484888587959,0.9948842744429959,False,False,False,False,-0.2536228014725688,-0.20932954321388997,False,False,False,False,15427722,16097744.30409233,False,False,False,False,531666.9441289348,False,False,False,False
2025-01-14 00:00:00+00:00,18.6499342357,18.729592257,18.2118151186,18.3014303925,786147,,18.523891466881356,18.076827361704904,16.96881991540843,14.52686596974024,18.747748969465704,"rgba(38, 166, 154, 0.5)",0.8442669266751086,17.8485960746348,0.9491526148264894,45.72685440251497,-6.373208621978023,False,False,False,False,True,0.8162825996750165,19.01648706041,17.522616927531,0.0,0.0,0.0,0.0,0,0.8258049387948199,0.9735718866625501,False,False,False,False,-0.1812439597977667,-0.19528675150582833,False,False,False,False,16213869,16102298.213735769,False,False,False,False,541646.5541630943,False,False,False,False
2025-01-15 00:00:00+00:00,18.6598914883,18.8689937942,18.1122425919,18.8689937942,543421,,18.524088777203488,18.07983947915897,16.974224583065997,14.531558674669945,18.745923147696207,"rgba(38, 166, 154, 0.5)",0.845382690601589,17.850729567366937,0.9571545880094267,46.40904023651571,-5.66848022307375,False,False,False,False,True,0.8759533429823634,18.989806587938002,17.5348276243365,0.0,0.0,0.0,0.0,0,0.8484233159764292,0.9662465569318415,False,False,False,False,-0.17246735286681364,-0.183877052186321,False,False,False,False,16757290,16127984.166138288,False,False,False,False,541716.1402743455,False,False,False,False
2025-01-16 00:00:00+00:00,18.699720499,18.8889082996,18.4906181931,18.8490792889,682803,,18.525879301556515,18.084735971695103,16.981588941777954,14.537653383663232,18.750280793848958,"rgba(38, 166, 154, 1.0)",0.8412917463823577,17.85577531720728,1.0031540014766283,47.05003515068134,-5.007680474165333,True,False,False,False,True,1.118515133416043,18.958956497192,17.546546088211997,0.0,0.0,0.0,0.0,0,0.8628485892466848,0.9558047460890646,False,False,False,False,-0.1161550159541501,-0.15001603407023556,False,False,False,False,17440093,16179439.414525023,False,False,False,False,547248.9583028026,False,False,False,False
2025-01-17 00:00:00+00:00,18.6200624777,18.7943143993,18.4308746771,18.6200624777,403216,,18.526433966358816,18.087224902526476,16.98571141364385,14.541176719712604,18.750078387439498,"rgba(38, 166, 154, 0.5)",0.8386585492953436,17.85781467643189,0.9088893232037815,47.40485540129396,-4.62688575868097,True,False,False,False,True,0.613543734644054,18.928301077476,17.558607024106,0.0,0.0,0.0,0.0,0,0.8591155685666121,0.9564915394705601,False,False,False,False,-0.13786991973659174,-0.14394297690341365,False,False,False,False,17036877,16213064.417876983,False,False,False,False,541600.6069968104,False,False,False,False
2025-01-21 00:00:00+00:00,18.9685663209,19.1776686268,18.8988655522,18.9785235735,520267,,18.53032275883947,18.092809309022304,16.99229810800156,14.546159298285145,18.762799133029972,"rgba(38, 166, 154, 1.0)",0.8358055323016038,17.86517526197221,1.3201528540847516,48.43166747985569,-3.589521314330227,True,False,True,False,True,2.753214645171937,18.900841423772,17.572064790224502,0.0,0.0,0.0,0.0,0,0.8644222539338642,0.9420486736375193,False,False,False,False,-0.018185789073686374,-0.08106438298855001,False,False,False,False,17557144,16265773.421097493,False,False,False,False,540763.9949577198,False,False,False,False
2025-01-22 00:00:00+00:00,19.0083953315,19.317070164,18.759464015,19.0980106055,463619,,18.533829836613023,18.09780015849723,16.998169991500372,14.550603181768619,18.773172621875613,"rgba(38, 166, 154, 1.0)",0.8338984650022531,17.871507259703506,1.3633411254611474,49.35280119251473,-2.66726230882,True,False,True,False,True,2.9947513504243446,18.877356717312,17.587153841504502,0.0,0.0,0.0,0.0,0,0.8899143867018644,0.9336622113685061,False,False,False,False,-0.018185789073686374,-0.04962508603111819,False,False,False,False,18020763,16334596.541838769,False,False,False,False,537738.7010378093,False,False,False,False
2025-01-23 00:00:00+00:00,18.7096777517,18.9486518155,18.610105225,18.8789510469,471534,,18.53541089682856,18.10135307898498,17.00331148856889,14.554839730862215,18.77519202100037,"rgba(38, 166, 154, 1.0)",0.8340015420624198,17.874869308451263,1.0009675056287317,49.4266811060782,-2.5744866704406277,True,False,True,False,True,1.0489739399691338,18.843527404588,17.599909774477002,0.0,0.0,0.0,0.0,0,0.8693649555350754,0.9589220494046218,False,False,False,False,-0.09033309771828207,-0.06997909187470014,False,False,False,False,17549229,16382229.187256858,False,False,False,False,535142.4382520128,False,False,False,False
2025-01-24 00:00:00+00:00,18.6798059937,19.0581815948,18.4010029191,18.9088228049,732902,,18.537352438231625,18.106440946740534,17.011048197466756,14.561340198740217,18.77603053379799,"rgba(38, 166, 154, 0.5)",0.8320060655951943,17.879256840699153,0.9621914864624898,49.420877621059944,-2.5451470451433593,True,False,True,False,False,0.855870105279422,18.815060094888,17.612911421792997,0.0,0.0,0.0,0.0,0,0.8534044388437315,0.9592508937619026,False,False,False,False,-0.04720756688046449,-0.05859332937758231,False,False,False,False,16816327,16399252.630893845,False,False,False,False,542897.7151833065,False,False,False,False
2025-01-27 00:00:00+00:00,18.3512166558,18.5802334671,17.9130975387,18.5005754458,932336,,18.53384307218614,18.10827417390712,17.018319920749946,14.568723845204957,18.64393404839314,#000000,0.8340614966721164,17.966910836246164,0.4607643693986645,48.712357497728775,-2.5451470451433593,True,False,False,False,False,0.0,18.801872271776002,17.6238256651445,0.0,0.0,0.0,0.0,0,0.8727386785987516,0.9509773469076674,False,False,False,False,-0.21837237816284852,-0.1384828537702154,False,False,False,False,15883991,16379046.292427419,False,False,False,False,558169.8047839612,False,False,False,False
2025-01-28 00:00:00+00:00,18.6001479724,18.7544853886,18.3213448978,18.4010029191,334405,,18.53396457119946,18.109959363349443,17.021475650601115,14.571562186261438,18.656939612461844,"rgba(38, 166, 154, 0.5)",0.834093338172398,17.971423462694002,0.7537819581242671,48.716732156895134,-2.5451470451433593,True,False,False,False,False,0.3528816069382614,18.80478735961,17.6365277906375,0.0,0.0,0.0,0.0,0,0.8967578738960056,0.9251134686296291,False,False,False,False,-0.11426577375394852,-0.12637431376208197,False,False,False,False,16218396,16372746.280959677,False,False,False,False,549394.7144002764,False,False,False,False
2025-01-29 00:00:00+00:00,18.3810884138,18.8291647836,18.2317296239,18.6798059937,364297,,18.53368178101457,18.11146425488928,17.024725089973685,14.574589251203626,18.65957280661768,#000000,0.8376355032394449,17.97323553933452,0.48690972730759674,48.26014042638522,-2.5451470451433593,True,False,False,False,False,0.0,18.806499623304,17.647295087929,0.0,0.0,0.0,0.0,0,0.8982160899480975,0.9067910819403546,False,False,False,False,-0.1168953401332021,-0.12163482694764204,False,False,False,False,15854099,16352407.171902435,False,False,False,False,542135.9805022264,False,False,False,False
2025-01-30 00:00:00+00:00,18.5304472037,18.8490792889,18.3860670401,18.7196350043,1192473,,18.534618038109777,18.117720589209963,17.036041784599725,14.584737934462296,18.673195655127312,"rgba(38, 166, 154, 0.5)",0.840637542275928,17.98135122352374,0.6531899333090074,48.23895060912848,-2.5451470451433593,True,False,False,False,False,0.0,18.807822047824,17.660340087562,0.0,0.0,0.0,0.0,0,0.9073319037877098,0.9051813706636477,False,False,False,False,-0.08630740515041513,-0.10397111604902859,False,False,False,False,17046572,16379629.32202391,False,False,False,False,567639.3930315508,False,False,False,False
2025-01-31 00:00:00+00:00,18.4408319298,18.6798059937,18.3611739085,18.5304472037,518725,,18.534318199109446,18.11985460124032,17.040616738618255,14.589032682263253,18.67042647037382,"rgba(38, 166, 154, 0.5)",0.8451989404874076,17.982323422425853,0.542485899366765,48.026335977391255,-2.5451470451433593,True,False,False,False,False,0.0,18.808544054504,17.6735296205255,0.0,0.0,0.0,0.0,0,0.9012173587856344,0.9143817091984614,False,False,False,False,-0.12040394002797607,-0.11218752803850232,False,False,False,False,16527847,16385441.779983757,False,False,False,False,565721.1815401174,False,False,False,False
2025-02-03 00:00:00+00:00,18.610105225,18.6200624777,18.2217723712,18.3910456665,597751,,18.533894256973735,18.12221923254787,17.04581731519692,14.593957442632894,18.666658095182473,"rgba(38, 166, 154, 0.5)",0.8478408918719814,17.98324559088835,0.7393599909147832,48.26221118218313,-2.5451470451433593,True,False,False,False,False,0.4558455283572833,18.800136706897998,17.688503818657,0.0,0.0,0.0,0.0,0,0.8874514456830468,0.9395096899552934,False,False,False,False,-0.15566741643726237,-0.13392747223788234,False,False,False,False,17125598,16414467.514102042,False,False,False,False,566977.2528522696,False,False,False,False
2025-02-04 00:00:00+00:00,19.317070164,19.5361297226,18.6598914883,18.8789510469,537711,,18.53868488240562,18.128310514779756,17.052683280268248,14.599157477771195,18.693645369161796,"rgba(0, 255, 255, 0.75)",0.8468607336768184,17.994363045010168,1.5618944962143069,49.911584247768815,-1.7851489007814578,True,False,True,False,True,4.836400450563776,18.794148429640003,17.705383164808,0.0,0.0,0.0,0.0,0,0.8952598336528206,0.9230086337329603,False,False,False,False,0.0810117703110678,-0.026457850963407276,False,False,False,False,17663309,16463441.69001961,False,False,False,False,565829.5566619844,False,False,False,False
2025-02-05 00:00:00+00:00,19.5460869753,19.8547618078,19.3967281853,19.5361297226,454073,,18.545376045166794,18.135489138189534,17.059611758377844,14.603949863524091,18.728032143403592,"rgba(0, 255, 255, 0.75)",0.8458824835955134,18.008033190094206,1.8182830535373333,51.65885315067362,-0.06529692690996569,True,False,True,False,True,6.173351693774112,18.790952657154,17.723308826732,0.0,0.0,0.0,0.0,0,0.9023143830729163,0.9142933990813886,False,False,False,False,0.2706151726820122,0.12207866085930245,False,False,False,False,18117382,16528302.094332566,False,False,False,False,561446.9465968086,False,False,False,False
2025-02-06 00:00:00+00:00,19.5859159859,19.6257449965,19.4116640643,19.5261724699,361383,,18.55035109203513,18.14092776782103,17.064973537908124,14.607713144845114,18.750956812016035,"rgba(0, 255, 255, 0.75)",0.8429756848632989,18.01761894726905,1.8604297452366907,53.157069110867305,1.3830063427367563,True,False,True,False,True,6.405304866552466,18.788156169,17.7416805544175,0.0,0.0,0.0,0.0,0,0.9008080052164786,0.927662070818338,False,False,False,False,0.23103029429089533,0.1765544775750989,False,False,False,False,18478765,16604790.835731288,False,False,False,False,553601.301632228,False,False,False,False
2025-02-07 00:00:00+00:00,19.7253175232,19.9543343344,19.6257449965,19.7551892812,465195,,18.558135502691545,18.148993847392294,17.07247215924098,14.612771904483306,18.784958321588004,"rgba(0, 255, 0, 1.0)",0.8313643063256484,18.031805501355933,2.0370275809997467,54.625709954793365,2.784899309683304,True,False,True,False,True,7.221098277114958,18.783181513104,17.764058027281997,0.0,0.0,0.0,0.0,0,0.9055046561486438,0.9175209602807273,False,False,False,False,0.34282821490212567,0.2596913462386123,False,False,False,False,18943960,16696522.95982026,False,False,False,False,550134.3878427289,False,False,False,False
2025-02-10 00:00:00+00:00,19.9145053237,20.1335648823,19.8348473024,20.0439496083,392367,,18.5656563655429,18.15653660754659,17.07921388926612,14.61719002158958,18.81602550806654,"rgba(0, 255, 0, 1.0)",0.8144861531127614,18.044871301117144,2.2954767437575003,56.14828700735914,4.226141376769803,True,False,True,False,True,8.31931786635053,18.798081096318,17.785702378332,0.0,0.0,0.0,0.0,0,0.9409829696589718,0.9019864324141179,False,False,False,False,0.34282821861095225,0.30125978242478224,False,False,False,False,19336327,16800044.68688613,False,False,False,False,543947.4314567395,False,False,False,False
2025-02-11 00:00:00+00:00,19.6854885125,19.8945908184,19.5510656016,19.8846335658,560065,,18.574349910005644,18.165714817745272,17.087950620320672,14.623188674114996,18.847431083162036,"rgba(0, 255, 0, 1.0)",0.7892226177412333,18.059216137082363,2.060600315880523,56.764175351258814,4.776893188420168,True,False,True,False,True,6.684451662003589,18.805619272156,17.806399181892502,0.0,0.0,0.0,0.0,0,0.933844009514741,0.9019677999870054,False,False,False,False,0.25179630384625185,0.27652804313551704,False,False,False,False,18776262,16877543.40504746,False,False,False,False,544579.4929682399,False,False,False,False
2025-02-12 00:00:00+00:00,20.2928809249,20.6453676691,19.5759587332,19.5759587332,729442,,18.589991920136278,18.181027018966397,17.10122810467506,14.631686415795903,19.13821259196818,"rgba(0, 255, 0, 1.0)",0.778578536787574,18.258877746811773,2.6124572949063722,58.24954845766829,6.184817332143801,True,False,True,False,True,10.129231546617916,18.827887719456,17.8291452646815,0.0,0.0,0.0,0.0,0,0.9330125234312613,0.8803443457484598,False,True,False,False,0.3428282206736257,0.3096781319045714,False,False,False,False,19505704,16980608.52641815,False,False,False,False,551829.0030479168,False,False,False,False
2025-02-13 00:00:00+00:00,20.3426671882,20.4024107042,19.994163345,20.3127954302,651734,,18.604361364673075,18.195019767249683,17.113282262249808,14.639359407288202,19.18896992962556,"rgba(0, 255, 0, 1.0)",0.7745460028696555,18.281725699587167,2.660838066399084,59.53760308146132,7.392143968702754,True,False,True,False,True,10.40167555720502,18.849761356444002,17.8515970532285,0.0,0.0,0.0,0.0,0,0.9474636809099626,0.8883752895383049,False,False,False,False,0.34282822196883866,0.326253176936705,False,False,False,False,20157438,17105190.07440175,False,True,False,False,555746.8460656456,False,True,False,False
2025-02-14 00:00:00+00:00,19.5958732386,20.4123679568,19.5809373596,20.3227526829,646515,,18.61510070281226,18.206155205036897,17.123696999476703,14.646431275554528,19.194044644085203,"rgba(0, 255, 255, 0.75)",0.7582522079301146,18.290979591014047,1.7209229777887045,58.77376110477161,7.392143968702754,True,False,True,False,False,5.24342021095233,18.861466664988,17.870216103744,0.0,0.0,0.0,0.0,0,0.9418990927568073,0.8838752543601714,False,False,False,False,0.2786996746178056,0.3024764257772553,False,False,False,False,19510923,17199532.54207227,False,False,False,False,559306.3815140516,False,False,False,False
2025-02-18 00:00:00+00:00,19.6954457652,19.8197122784,19.5361297226,19.7751037865,895845,,18.627587359403833,18.219698219421822,17.137062427934048,14.655863123255727,19.194925451332672,"rgba(0, 255, 255, 0.75)",0.7401916327658192,18.3008379898783,1.8841171847762874,58.31999967933203,7.392143968702754,True,False,True,False,False,5.811985021668981,18.872382352912,17.892691138527,0.0,0.0,0.0,0.0,0,0.9367858414683076,0.9178722917248573,False,False,False,False,0.1815134105779466,0.24199491817760094,False,False,False,False,20406768,17325306.48159885,False,False,False,False,572503.9743958535,False,False,False,False
2025-02-19 00:00:00+00:00,19.4265999433,19.6755312599,18.8092502783,19.5460869753,1009815,,18.636377815561303,18.230784066995092,17.149738874070813,14.66565236823298,19.170631555709896,"rgba(0, 255, 255, 0.75)",0.7118518210723718,18.302476603527353,1.579153563278392,57.36878435456018,9.669656509811873,True,False,True,False,False,4.037126942075805,18.875338701184,17.9133281027835,0.0,0.0,0.0,0.0,0,0.9083148280401665,0.9267822542649372,False,False,False,False,0.05367196277038661,0.14783344047399377,False,False,False,False,19396953,17406547.521536153,False,False,False,False,589653.4263803298,False,False,False,False
2025-02-20 00:00:00+00:00,18.9586090682,19.5261724699,18.639976983,19.2374121427,1362653,,18.643363382571007,18.2418199687546,17.16455746172791,14.678053782513272,19.12975761808213,"rgba(38, 166, 154, 0.5)",0.6798275363680598,18.299746233555386,0.9691617349961332,55.68009205311003,8.043384843887232,True,False,False,False,False,1.0695188636482982,18.865756864922,17.931081887106,0.0,0.0,0.0,0.0,0,0.9003364913186008,0.9408396657616557,False,False,False,False,0.007557380991277297,0.07769541073263553,False,False,False,False,18034300,17431165.26578964,False,False,False,False,619967.1351497286,False,False,False,False
2025-02-21 00:00:00+00:00,18.5304472037,18.8291647836,18.2018578659,18.8291647836,1290640,,18.641389292127652,18.245366795264676,17.174542932458145,14.688340167902856,19.06179817018283,#000000,0.6735050436750001,18.28470331839859,0.36487311804006617,53.568623302941226,6.0221879430913745,False,False,False,True,False,0.0,18.855756356889998,17.947485008373,0.0,0.0,0.0,0.0,0,0.8855231392118742,0.9583591299166205,False,False,False,False,-0.15784095467557785,-0.04007277197147116,False,False,False,False,16743660,17404204.27497436,False,False,False,False,646268.0318105236,False,False,False,False
2025-02-24 00:00:00+00:00,18.4906181931,18.8290652111,18.3910456665,18.729592257,535715,,18.640917985735797,18.247074088223762,17.17879623001247,14.692648876934404,19.04089036887053,#000000,0.6613761705890633,18.280485250460746,0.31772076464759486,51.77591341346154,4.331843901886657,False,False,False,True,False,0.0,18.836218759308,17.962800070037,0.0,0.0,0.0,0.0,0,0.8892307275922638,0.9955526242259386,False,False,False,False,-0.12993373382048135,-0.08500325289597625,False,False,False,False,16207945,17357292.146543995,False,False,False,False,641932.6187983463,False,False,False,False
2025-02-25 00:00:00+00:00,18.2616013819,18.5791381693,17.9130975387,18.3711311612,1064815,,18.63585422905151,18.24711755701311,17.185253391723588,14.700482607518362,18.985927239743287,#000000,0.6533249717098019,18.266269561598797,-0.007145264456339181,49.93541762117168,2.603920015583981,False,True,False,True,False,0.0,18.813094065198,17.976130517236,0.0,0.0,0.0,0.0,0,0.8739321155029278,0.9983522889515726,False,False,False,False,-0.238875314098163,-0.16193928349706962,False,False,False,False,15143130,17270462.25844423,False,False,False,False,658516.241590568,False,False,False,False
2025-02-26 00:00:00+00:00,18.5603189617,18.6499342357,18.0923280866,18.2018578659,799962,,18.633904354116645,18.248559245691194,17.190877170817267,14.706647195448705,18.958799737920096,#000000,0.6355727876506047,18.260226244610127,0.4721610536523508,49.07467386328959,1.8334967903438368,False,True,False,True,False,0.0,18.784024846313997,17.990559479201,0.0,0.0,0.0,0.0,0,0.8802800117311859,1.0025491760795195,False,False,False,False,-0.20094975168848542,-0.18144451759277752,False,False,False,False,15943092,17218408.522818968,False,False,False,False,664063.1340772124,False,False,False,False
2025-02-27 00:00:00+00:00,17.8433967701,18.4258960508,17.7836532541,18.2815158872,877351,,18.627437847869746,18.246623958024447,17.19494007530635,14.712631876717683,18.914007858253576,"rgba(239, 83, 80, 0.5)",0.6323400313853912,18.247234574519045,-0.6386402637427175,47.273349840345816,0.13178389025781456,False,True,False,True,False,0.0,18.754919835244,18.000119842524,0.0,0.0,0.0,0.0,0,0.8752722039219557,1.0056369979918343,False,False,False,False,-0.28258935855034717,-0.23201693807156235,False,False,False,False,15065741,17133990.188590772,False,False,False,False,672427.3641134002,True,False,False,False
2025-02-28 00:00:00+00:00,18.2516441292,18.2616013819,17.4717921007,17.6044227062,997320,17.995012537266664,18.619983158797133,18.244249441225836,17.199384569045577,14.719362268242167,18.700757907959023,#000000,0.6133052787717177,18.29093149848934,-0.0640584235114071,46.621093205610386,-0.44880437641989346,False,True,False,True,False,0.0,18.741131097178,18.010684375667502,1.0,18.2616,17.471792,0.0,0,0.8827806678746848,0.9908960460788149,True,False,False,False,-0.34282825441539394,-0.28742259624347816,False,False,False,False,16063061,17091992.96550878,False,False,False,False,685168.2517952276,False,False,False,False
2025-03-03 00:00:00+00:00,17.9230547914,18.5204899511,17.7736960014,18.5204899511,824041,18.030031203926526,18.614701570204613,18.242919906506586,17.203373413660024,14.72503341276326,18.67962928939965,"rgba(239, 83, 80, 0.5)",0.6073330986195562,18.283474437516794,-0.5934464084635191,45.6159351445857,-1.395057341666778,False,True,False,True,False,0.0,18.72275705175,18.0207417973805,0.0,0.0,0.0,0.0,0,0.8933930031965887,0.9789803902797969,False,False,False,False,-0.25608346670564097,-0.27175303147455954,False,False,False,False,15239020,17019327.359018244,False,False,False,False,690614.2419209051,False,False,False,False
2025-03-04 00:00:00+00:00,18.3512166558,18.4408319298,17.5446791902,18.1620288553,868389,18.056573248733606,18.609645661629184,18.241863028512533,17.207728524984535,14.731059905600107,18.65957871705478,#000000,0.6101078107672823,18.276516053120673,0.1224383647627463,45.60198404394055,-1.395057341666778,False,True,False,True,False,0.0,18.712747595672,18.031754809015,0.0,0.0,0.0,0.0,0,0.8958936944243293,0.9771209407626258,False,False,False,False,-0.3032858272257791,-0.28751942935016933,False,False,False,False,16107409,16983565.85474302,False,False,False,False,697585.8010612618,False,False,False,False
2025-03-05 00:00:00+00:00,18.7992930256,18.9884808262,18.2914731399,18.2914731399,994532,18.228391977640243,18.610596231001907,18.246004099033794,17.215835436234414,14.739116657120608,18.68935457913596,"rgba(38, 166, 154, 0.5)",0.6082599461496961,18.28625594890257,0.8434503701007598,46.352669987762795,-1.395057341666778,False,True,False,True,True,0.5089843610872578,18.72322124748,18.0445637452235,0.0,0.0,0.0,0.0,0,0.9359442138662921,0.9530760778341537,False,False,False,False,-0.11156928686275636,-0.19954435810646284,False,False,False,False,17101941,16988208.01730212,False,False,False,False,709230.7500392515,False,False,False,False
2025-03-06 00:00:00+00:00,18.6001479724,18.9088228049,18.4557678088,18.6499342357,1009599,18.320131640056562,18.611102906407055,18.24977855297822,17.223764834145037,14.747183390091605,18.702165104029557,"rgba(38, 166, 154, 0.5)",0.6053771481287186,18.291476627013804,0.5098827174767477,46.651768338695014,-1.395057341666778,False,True,False,True,True,0.0,18.728917406466,18.0570683341495,0.0,0.0,0.0,0.0,0,0.9434891482411517,0.9412315442466748,False,False,False,False,-0.09945629835357839,-0.14950032823002063,False,False,False,False,16092342,16953076.016623605,False,False,False,False,721009.8970965358,False,False,False,False
2025-03-07 00:00:00+00:00,18.2416868765,19.0780961001,18.1919006132,18.7495067623,2339923,18.381263712057592,18.608335414983245,18.255101097215725,17.239906621630524,14.765034673345934,18.692290213244014,#000000,0.6079571519617455,18.291023751513034,-0.08115189508641127,46.35454326867612,-1.395057341666778,False,True,False,True,True,0.0,18.730424062628,18.0660521726375,0.0,0.0,0.0,0.0,0,0.9412112557609992,0.9362804591708956,False,False,False,False,-0.1129964222127309,-0.13124837522137578,False,False,False,False,13752419,16827560.055187386,False,False,False,False,784496.6854456912,False,False,False,False
2025-03-10 00:00:00+00:00,17.8732685281,18.3512166558,17.5347219376,18.2715586345,3394372,18.23103631495405,18.583480263920443,18.245211825570756,17.252118515869082,14.786631717597396,18.582347594759163,"rgba(239, 83, 80, 0.5)",0.616511360893201,18.252478592404547,-0.6150901481444702,45.59473601092824,-1.4735808586243806,False,True,False,True,True,0.0,18.725555591520003,18.072601309683,0.0,0.0,0.0,0.0,0,0.9233027189352133,0.9534470071069135,False,False,False,False,-0.3187869190711939,-0.22501764714628483,False,False,False,False,10358047,16573853.660866313,False,False,False,False,886844.7369968406,False,False,False,False
2025-03-11 00:00:00+00:00,18.9586090682,19.0183525842,18.0027128127,18.0027128127,1010091,18.26890767702031,18.58429228602455,18.248818986817913,17.25960368579762,14.794506343816064,18.58982763690899,"rgba(38, 166, 154, 1.0)",0.6163060039222464,18.25653040432199,1.1391721959706675,46.698050692805325,-1.4735808586243806,False,True,False,True,True,1.4406504711467818,18.740606099758,18.0854660639795,0.0,0.0,0.0,0.0,0,0.9324341803550449,0.9270838936695573,False,False,False,False,-0.1488397059902024,-0.18692867656824363,False,False,False,False,11368138,16369707.948675478,False,False,False,False,891677.9237812782,False,False,False,False
2025-03-12 00:00:00+00:00,18.8889082996,19.2274548901,18.7096777517,18.9287373102,686770,18.30703283796576,18.58685842229208,18.25289464599096,17.26566385152748,14.800231553323023,18.60242390300802,"rgba(38, 166, 154, 1.0)",0.6099907340421065,18.262502055066054,1.0269110817193277,47.49743896690453,-1.4735808586243806,False,True,False,False,True,1.0655551906352692,18.75168016941,18.100007064242003,0.0,0.0,0.0,0.0,0,0.9529100399541269,0.9267677994162452,False,False,False,False,-0.018097308245791505,-0.10251299240701757,False,False,False,False,10681368,16146635.79382546,False,False,False,False,883642.3189271104,False,False,False,False
2025-03-13 00:00:00+00:00,19.317070164,19.6705526335,18.9586090682,18.9984380789,1556076,18.42172471051394,18.598510753735205,18.2668631607835,17.282257513678978,14.814309602343748,18.65011157359796,"rgba(0, 255, 255, 0.75)",0.60427866797884,18.28469620774597,1.708440179937282,48.743464613410495,-4.1289785408867345,False,True,False,False,True,3.2717891442714446,18.773303955743998,18.1171333311015,0.0,0.0,0.0,0.0,0,0.9690459283637994,0.9078389216510662,False,False,False,False,0.08002087593277642,-0.011246058237120576,False,False,False,False,12237444,15993334.154851913,False,False,False,False,910012.2672044786,False,False,False,False
2025-03-14 00:00:00+00:00,19.6655740072,19.6854885125,19.1179251108,19.5261724699,955361,18.491431810465706,18.60717631696321,18.276653897311185,17.29317462041654,14.82324241108328,18.682007194032177,"rgba(0, 255, 0, 1.0)",0.6031376411869662,18.299970431314918,2.264165727076151,50.212006324785236,-2.666726117741149,False,False,True,False,True,5.006534595404499,18.808254553008,18.1352613550515,0.0,0.0,0.0,0.0,0,0.9866758352571436,0.9069365257363587,False,False,False,False,0.10489618047968986,0.04682506112128464,False,False,False,False,13192805,15883509.482112624,False,False,False,False,911790.6488827344,False,False,False,False
2025-03-17 00:00:00+00:00,20.0937358717,20.173393893,19.5958732386,19.5958732386,714415,18.559513828820496,18.616901552578128,18.28663916883232,17.302980268724635,14.830563006899972,18.716118763158327,"rgba(0, 255, 0, 1.0)",0.606307187898681,18.3161149003552,2.931881737219084,51.92827593276088,-0.9782515970451229,False,False,True,False,True,7.066242940092078,18.849676724082,18.1547400420575,0.0,0.0,0.0,0.0,0,1.0027926646123424,0.8904544064287186,False,False,False,False,0.24606327449370138,0.146444167807493,False,False,False,False,13907220,15806007.933794484,False,False,False,False,904050.4273579214,False,False,False,False
2025-03-18 00:00:00+00:00,20.0041205977,20.5218977361,19.9145053237,20.4123679568,786001,18.63682989877818,18.62895725993427,18.298740933590523,17.314462577389897,14.8388947467848,18.7565642317711,"rgba(0, 255, 0, 1.0)",0.6197674055538919,18.335502501066035,2.6923295444082025,53.17763744368657,0.24018032315436244,True,False,True,False,True,6.553688712626677,18.878552756802,18.17456079896,0.0,0.0,0.0,0.0,0,1.0044505260997387,0.8913938782062125,False,False,False,False,0.342828222918219,0.24463619536285602,False,False,False,False,13121219,15700722.093253523,False,False,False,False,899421.0380497676,False,False,False,False
2025-03-19 00:00:00+00:00,19.8945908184,20.0738213663,19.7054030178,20.0140778504,476370,18.672799868376202,18.634957078582282,18.30499537809956,17.320752756020667,14.843689129978129,18.775589877702117,"rgba(0, 255, 0, 1.0)",0.6291130226381558,18.345005281448067,2.4631274209740885,54.00646970687694,1.0484692211661155,True,False,True,False,True,5.923351093274114,18.907428789522,18.192648687566,0.0,0.0,0.0,0.0,0,0.9945167108254809,0.9060243510927819,False,False,False,False,0.24241378025149152,0.24352498780717377,False,False,False,False,12644849,15580883.932733778,False,False,False,False,882830.8012635022,False,False,False,False
2025-03-20 00:00:00+00:00,19.9344198291,20.053906861,19.6257449965,19.7551892812,339490,18.696801770033034,18.639130993532167,18.30936719279005,17.32518222390383,14.847086889014067,18.788469703994036,"rgba(0, 255, 0, 1.0)",0.6400986964591895,18.35153807381095,2.4728713931851765,54.737587566370664,1.7705934239374557,True,False,True,False,True,6.120892598848091,18.944469769424003,18.210096190817,0.0,0.0,0.0,0.0,0,1.001790225376993,0.9075050225793676,False,False,False,False,0.227653747129211,0.23558936746819237,False,False,False,False,12984339,15479058.64125402,False,False,False,False,861523.318861012,False,False,False,False
2025-03-21 00:00:00+00:00,20.2331374089,20.2430946616,19.6556167545,19.6954457652,1525613,18.80802516439069,18.660124412561302,18.330853841538364,17.34623559966258,14.862821922298734,18.850746168332805,"rgba(0, 255, 0, 1.0)",0.6576407566628835,18.383468584637427,2.8125824099596373,55.73076632606213,2.75636190031738,True,False,True,False,True,7.596080816750614,18.980315879006,18.2282965198415,0.0,0.0,0.0,0.0,0,1.0024524587623116,0.9101869834093191,False,False,False,False,0.26026422873038596,0.24792679809928916,False,False,False,False,14509952,15441054.45924406,False,False,False,False,887566.0514546979,False,False,False,False
2025-03-24 00:00:00+00:00,20.4621542201,20.7260214157,20.1335648823,20.1335648823,1027085,18.893989493982573,18.677858492955206,18.348302222264344,17.36228364522884,14.874168470218677,18.90147534230845,"rgba(0, 255, 0, 1.0)",0.6820904085621198,18.409550878832995,3.0092833963081147,56.834287141897555,3.8505188064528397,True,False,True,False,True,8.706812930861393,19.019149164386,18.249419762022498,0.0,0.0,0.0,0.0,0,1.0165360841055804,0.8945168444960814,False,False,False,False,0.3428282255184092,0.2953775118088492,False,False,False,False,15537037,15444818.480450176,False,False,False,False,893037.3827701999,False,False,False,False
2025-03-25 00:00:00+00:00,21.0695466325,21.1890336645,20.6413847681,20.6812137787,744756,18.970217372366452,18.694270696514792,18.363910971098242,17.375787584380827,14.883142058222289,18.947864071346878,"rgba(0, 255, 0, 1.0)",0.7257904410024378,18.43322546411796,3.6323448470068573,58.43978307509383,5.4301027781507045,True,False,True,False,True,11.537034676768965,19.068736282642,18.272592283432,0.0,0.0,0.0,0.0,0,1.0227625588862879,0.8947396121135134,False,False,False,False,0.3428282301196893,0.31910287096426926,False,False,False,False,16281793,15477641.010628602,False,False,False,False,887222.4265831333,False,False,False,False
2025-03-26 00:00:00+00:00,20.701128284,21.1093756432,20.5816412521,21.0595893799,483382,19.012815809501134,18.704013452159618,18.37329016280047,17.384087642087362,14.888790542870517,18.97430596461476,"rgba(0, 255, 0, 1.0)",0.7529250017856424,18.44706495216,2.993742174179692,59.027124617648695,6.0089321885846445,True,False,True,False,True,9.309253038671898,19.118920836058,18.2906139756065,0.0,0.0,0.0,0.0,0,1.035161744027958,0.8741406732635503,False,False,False,False,0.3259864535304039,0.3225446622473366,False,False,False,False,15798411,15490220.225898068,False,False,False,False,871385.5471092849,False,False,False,False
2025-03-27 00:00:00+00:00,21.0695466325,21.2189054224,20.788931338,20.8305725686,611949,19.070525315251427,18.717550565362465,18.38616987626731,17.395237021272866,14.896201757760371,19.010661543156385,"rgba(0, 255, 0, 1.0)",0.7897221890835147,18.466103850037452,3.296656493195265,59.92815562285054,6.906219360903123,True,False,True,False,True,10.990716750770673,19.167313083994,18.3135395763075,0.0,0.0,0.0,0.0,0,1.0358425296323868,0.8780637142104549,False,False,False,False,0.342828230806683,0.3326864465270098,False,False,False,False,16410360,15526304.138607949,False,False,False,False,861211.5648697051,False,False,False,False
2025-03-28 00:00:00+00:00,20.8305725686,21.2487771804,20.6513420207,21.1790764118,487369,19.111592473335396,18.72768526191451,18.395893235346737,17.40378680755252,14.90198037179758,19.036988200246967,"rgba(0, 255, 0, 1.0)",0.8181971884775548,18.480176055963362,2.8726528833594447,60.20385322409174,7.200832892091029,True,False,True,False,True,9.558126170290546,19.2107267056,18.333443093447,0.0,0.0,0.0,0.0,0,1.0347699895608908,0.8810550464790404,False,False,False,False,0.33016532218297645,0.3314258843549931,False,False,False,False,15922991,15541860.48611352,False,False,False,False,846551.0721297167,False,False,False,False
2025-03-31 00:00:00+00:00,21.0749155832,21.1647234621,20.5061323501,20.9352144382,723134,19.169416956479736,18.742585406479385,18.41021158729418,17.416414268734748,14.910541116290162,19.074691499561585,"rgba(0, 255, 0, 1.0)",0.8509670714257506,18.500620059002053,3.0251411724837367,60.71724754200064,7.744177487039515,True,False,True,False,True,10.676186882093162,19.258230607284002,18.3562967706185,0.0,0.0,0.0,0.0,0,1.0172385672978115,0.8854961846911271,False,False,False,False,0.30354500893179,0.3174854466433915,False,False,False,False,16646125,15585164.976854168,False,False,False,False,841711.1869481592,False,False,False,False
2025-04-01 00:00:00+00:00,20.9052784786,21.1048515428,20.5161110033,20.9651503978,690151,19.21907629237695,18.75614523773102,18.423331118436977,17.428131080206768,14.918589402479233,19.107759989737918,"rgba(0, 255, 0, 1.0)",0.8772247112930995,18.51895768034554,2.7203073141166203,60.802565232543344,7.880926071817598,True,False,True,False,True,9.651621239045493,19.303934927302,18.378005957416498,0.0,0.0,0.0,0.0,0,1.01938964767933,0.8852046124281006,False,False,False,False,0.29780785122371717,0.3076466489335543,False,False,False,False,15955974,15599706.507173613,False,False,False,False,835767.6502050941,False,False,False,False
2025-04-02 00:00:00+00:00,20.9851077043,21.1597341355,20.5560256161,20.8354279061,1310880,19.30882105439961,18.78212988830084,18.448455077341364,17.450542554485875,14.93396604751678,19.16897920384002,"rgba(0, 255, 0, 1.0)",0.8986634226747019,18.55353117549582,2.7057699995923397,60.97329966439706,8.11741388665363,True,False,True,False,True,10.024736231531552,19.34426575497,18.4017439670185,0.0,0.0,0.0,0.0,0,1.0144907416879487,0.8983668556389663,False,False,False,False,0.3087250724024521,0.30818586066800324,False,False,False,False,17266854,15665084.840225628,False,False,False,False,854399.5070597964,False,False,False,False
2025-04-03 00:00:00+00:00,20.9352144382,21.3742751795,20.2566660198,20.266644673,1171737,19.379254421844646,18.804347825383513,18.47008128433982,17.470074105417137,14.947540841015433,19.21861543952823,"rgba(0, 255, 0, 1.0)",0.9241513288717406,18.582479061745012,2.54583346141735,61.00806288160673,8.232953305340118,True,False,True,False,False,9.716255122083801,19.382802137104,18.425578199282,0.0,0.0,0.0,0.0,0,1.0091060661244216,0.8977829794581343,False,False,False,False,0.2989537491332809,0.30356980490064206,False,False,False,False,16095117,15681948.84649129,False,False,False,False,866844.1146260789,False,False,False,False
2025-04-04 00:00:00+00:00,19.7677120124,20.6059188822,19.6579468271,20.4662177372,1460069,19.413154313855625,18.82024224419721,18.487137036864652,17.488104307567703,14.961962607822555,19.245921040977944,"rgba(38, 166, 154, 1.0)",0.9274263163473903,18.602039400401132,1.256889729622722,58.950580982114026,8.232953305340118,True,False,True,False,False,2.962306660652345,19.403962822318,18.443772455982998,0.0,0.0,0.0,0.0,0,0.9864551685194974,0.9046454747766846,False,False,False,False,0.14761705159021743,0.22559342824542974,False,False,False,False,14635048,15640893.911334768,False,False,False,False,890107.8356211346,False,False,False,False
2025-04-07 00:00:00+00:00,19.4384164564,20.2953831943,18.9444731225,19.0692062876,955347,19.41811940232294,18.82656117831098,18.4948494228206,17.497678727286072,14.970515421608782,19.34303772308047,"rgba(38, 166, 154, 0.5)",0.9278402411454296,18.719942864572726,0.7743505400674461,56.789333390253375,9.54490964695976,True,False,False,False,False,1.213566513299078,19.419135031572,18.4593325520705,0.0,0.0,0.0,0.0,0,0.9713579805866982,0.9194755043210127,False,False,False,False,0.038859506549196676,0.1322264673973132,False,False,False,False,13679701,15563984.385400072,False,False,False,False,892666.2342242274,False,False,False,False
2025-04-08 00:00:00+00:00,19.1989287794,20.2367087134,19.0342810014,20.2367087134,677454,19.419808318433923,18.83055850352486,18.4998991024879,17.50418775593958,14.97646962031947,19.339743354989462,"rgba(38, 166, 154, 0.5)",0.9274687096203548,18.722643409887397,0.5135325478609006,54.68716115967693,7.487903675088781,False,False,False,True,False,0.0,19.436089274044,18.473695209773,0.0,0.0,0.0,0.0,0,0.9921205333907147,0.9109083412472918,False,False,False,False,0.042139762856743763,0.08718311512702848,False,False,False,False,13002247,15463524.09577654,False,False,False,False,884226.5387644538,False,False,False,False
2025-04-09 00:00:00+00:00,20.3664312051,20.6059188822,19.278758005,19.7677120124,1830261,19.459450184786505,18.85063129746121,18.521318533462377,17.526757022657574,14.99458355755962,19.425500098421047,"rgba(0, 255, 255, 0.75)",0.9337234659771961,18.76036807910952,1.7200629356676198,54.63237055805487,7.443334035912692,False,False,False,False,False,5.61692692669542,19.471414938698,18.494389221021002,0.0,0.0,0.0,0.0,0,0.9852211938088179,0.9054097886353996,False,False,False,False,0.10707507889386846,0.09712909701044847,False,False,False,False,14832508,15438778.3665304,False,False,False,False,921325.9294011419,False,False,False,False
2025-04-10 00:00:00+00:00,21.7634426548,21.8632291869,20.266644673,20.5360683097,2060521,19.575244022673047,18.893979177654764,18.562957366213645,17.563539820274418,15.019651624767112,19.60940944322556,"rgba(0, 255, 0, 1.0)",0.9770071887652629,18.839769513284967,2.9924786379616672,56.03366202364637,7.443334035912692,False,False,True,False,True,11.460075988879787,19.539062023518,18.5263153257015,0.0,0.0,0.0,0.0,0,1.0162562829796054,0.8744925304125114,False,False,False,False,0.34282823125710865,0.21997866413377856,False,False,False,False,16893029,15495807.803137051,False,False,False,False,966000.2458952148,False,False,False,False
2025-04-11 00:00:00+00:00,22.3521831943,22.4892898894,21.8831864933,22.4519697264,1238046,19.672474196406586,18.92923257672709,18.59580878084635,17.59079630566694,15.036867745838748,19.739687932360237,"rgba(0, 255, 0, 1.0)",1.0363678965058958,18.899084598458565,3.3319235451846043,57.67306543310846,4.8010549279586385,True,False,True,False,True,13.680766573964846,19.61549674333,18.561728358638003,0.0,0.0,0.0,0.0,0,1.0541449591995433,0.8561966605563326,False,False,False,False,0.34282823726872214,0.28140345070125033,False,False,False,False,18131075,15599151.614778737,False,False,False,False,976668.7068405006,False,False,False,False
2025-04-14 00:00:00+00:00,22.7114147099,23.4797710072,22.15261013,22.15261013,1471567,19.801625153503164,18.976853908806287,18.639770270816403,17.626495705202395,15.058749684501882,19.896329947428477,"rgba(0, 255, 0, 1.0)",1.1032682707002717,18.974137296575385,3.3874602511250265,59.295946930707785,6.372510545478981,True,False,True,False,True,14.986677174223164,19.700908398932,18.5993820064275,0.0,0.0,0.0,0.0,0,1.0607193807116853,0.8283662539421022,False,False,False,False,0.342828239451084,0.3121158450761672,False,False,False,False,19602642,15756151.23772859,False,False,False,False,996076.483042834,False,False,False,False
2025-04-15 00:00:00+00:00,23.2003687173,23.4997283136,22.7213933631,22.8211798952,768211,19.872499371197588,19.003552706628195,18.66431384912078,17.64622288940262,15.070652885691876,19.977204437284467,"rgba(0, 255, 0, 1.0)",1.1845653379688736,19.014402328982502,3.533757281379689,60.987212328820455,8.000617382636584,True,False,True,False,True,16.710815913556196,19.792713668778,18.638739662128998,0.0,0.0,0.0,0.0,0,1.0790234594001271,0.8277492214621707,False,False,False,False,0.34282824029112247,0.3274720426836448,False,False,False,False,20370853,15937119.934288252,False,False,False,False,987140.5817470367,False,False,False,False
2025-04-16 00:00:00+00:00,23.6693654182,24.0186182806,23.3711034737,23.8988744421,1426526,20.01713085502654,19.058656707675237,18.714659228330074,17.68608577142199,15.094152598777487,20.137459684858282,"rgba(0, 255, 0, 1.0)",1.278684539234473,19.09565586195703,3.5768865704602746,62.6971720046398,9.637985783269585,True,False,True,False,True,18.305023310031952,19.879759573862,18.679913891019,0.0,0.0,0.0,0.0,0,1.0817221656374123,0.8325938236202777,False,False,False,False,0.3428282417071451,0.33515014219539496,False,False,False,False,21797379,16166934.015296558,False,False,False,False,1004371.3824628391,False,False,False,False
2025-04-17 00:00:00+00:00,23.2801979429,23.6792442849,23.0107743062,23.469792354,681659,20.075977906944924,19.082503083704637,18.736631428238805,17.703807840724334,15.104864183750852,20.197583420798143,"rgba(0, 255, 0, 1.0)",1.3459361753020063,19.12853758167439,3.0845893270489175,63.486291470238086,10.375224594212682,True,False,True,False,True,16.19318862579512,19.954441793214002,18.719687146833,0.0,0.0,0.0,0.0,0,1.0538381706160649,0.8531925256512742,False,False,False,False,0.29898303437042817,0.31706658828291157,False,False,False,False,21115720,16361004.053912379,False,False,False,False,991715.9949152768,False,False,False,False
2025-04-21 00:00:00+00:00,23.4598137008,24.1283834659,23.0207529594,24.1283834659,927182,20.157770405799152,19.116120804693,18.7675553205658,17.72864156739659,15.119765523444661,21.055047339607253,"rgba(0, 255, 0, 1.0)",1.4087368194162613,19.464688068606204,2.8359630962504827,64.26792443292476,11.122495906508306,True,False,True,False,True,16.813428218123626,20.031919747512,18.759565951545,0.0,0.0,0.0,0.0,0,1.0524331481693456,0.8387098341595137,False,False,False,False,0.3276167098309878,0.3223416490569497,False,False,False,False,22042902,16583823.581209933,False,False,False,False,989185.2500166384,False,False,False,False
2025-04-22 00:00:00+00:00,22.9708596934,24.0186182806,22.9209664273,23.5695788861,888862,20.22747343733729,19.146203355286545,18.795400017377403,17.751304657477696,15.133607802656021,21.089277438667203,"rgba(0, 255, 0, 1.0)",1.450500510419059,19.497115903986547,2.394858715637313,64.15305831807972,11.122495906508306,True,False,True,False,True,14.200095696070761,20.096830590916,18.795910257619,0.0,0.0,0.0,0.0,0,1.0443214521924449,0.8541864838896834,False,False,False,False,0.31448583255683876,0.3184137408068942,False,False,False,False,21154040,16763047.754495818,False,False,False,False,985251.0049179468,False,False,False,False
2025-04-23 00:00:00+00:00,22.8511158548,22.9658703668,22.0328662915,22.2124820493,1130767,20.292973426675285,19.17763327394487,18.825010035582718,17.77633668742801,15.149674945495043,21.07380112201322,"rgba(0, 255, 0, 1.0)",1.4915059254911578,19.518122665370818,2.234649646686195,63.87885430989159,11.122495906508306,True,False,True,False,True,13.570104159241072,20.155562801538,18.829525920416003,0.0,0.0,0.0,0.0,0,1.0182842850161131,0.8904121465511327,False,False,False,False,0.1971331277728164,0.25777343428985533,False,False,False,False,20023273,16890899.72490775,False,False,False,False,990957.5145290077,False,False,False,False
2025-04-24 00:00:00+00:00,23.3201125558,23.4498350475,22.811201242,23.0506889191,665949,20.339064818931714,19.198940270245117,18.844856364375264,17.792702156474103,15.15983405525844,21.112382336737706,"rgba(0, 255, 0, 1.0)",1.541788105460292,19.544602737774078,2.448786447797097,64.06541766556283,11.122495906508306,True,False,True,False,True,15.256466277259975,20.228255282404,18.866328629728,0.0,0.0,0.0,0.0,0,1.0456876265921267,0.8732916311324875,False,False,False,False,0.27265330420905354,0.26521336924945443,False,False,False,False,20689222,17039853.539617248,False,False,False,False,978212.0825866937,False,False,False,False
2025-04-25 00:00:00+00:00,23.3001552494,23.5496215797,22.6914574035,22.7413506695,1007904,20.405790414922873,19.230655510381535,18.8744620047094,17.817223283006474,15.175135620385182,21.165240363208234,"rgba(0, 255, 0, 1.0)",1.5823015047017015,19.58282912645595,2.349315924871629,64.1860779486875,11.171982996651742,True,False,True,False,True,15.14900844518938,20.288400768894,18.9040222148725,0.0,0.0,0.0,0.0,0,1.0422344688829086,0.8892603106995712,False,False,False,False,0.2714375748752407,0.2683254720623476,False,False,False,False,19681318,17143440.381200887,False,False,False,False,979376.4715048625,False,False,False,False
2025-04-28 00:00:00+00:00,23.5895361925,23.6194721521,23.0906035319,23.2003687173,893335,20.467519295425724,19.26011850529095,18.901887176679804,17.839786896451162,15.189075856686667,21.222261345725133,"rgba(0, 255, 0, 1.0)",1.6321850061977599,19.620276555847557,2.4318687045771794,64.5402165919414,11.596862308325022,True,False,True,False,True,16.1850786773074,20.35333814898,18.942419707959,0.0,0.0,0.0,0.0,0,1.0416184994608813,0.8816234493972457,False,False,False,False,0.30022372583586865,0.2842745989491081,False,False,False,False,20574653,17277997.738800853,False,False,False,False,976002.2961517307,False,False,False,False
2025-04-29 00:00:00+00:00,23.5795575393,23.8689384824,23.4997283136,23.4997283136,764897,20.522116899369966,19.286309248571023,18.926216415971645,17.859704084192938,15.201286552862184,21.275927326791756,"rgba(0, 255, 0, 1.0)",1.6784054846703793,19.654276757652372,2.33869635049394,64.81255996359809,11.947768863087873,True,False,True,False,True,16.12957099450118,20.433011834994,18.977448588858,0.0,0.0,0.0,0.0,0,1.0633375014753514,0.8740303293338768,False,False,False,False,0.341490973068406,0.3128827860087571,False,False,False,False,19809756,17377282.376494937,False,False,False,False,967723.657086957,False,False,False,False
2025-04-30 00:00:00+00:00,23.9787036678,24.0685115467,23.4398563943,23.4398563943,827955,20.582417548746253,19.315461814112552,18.953262714670437,17.8817739738876,15.21474440458454,21.33659540210067,"rgba(0, 255, 0, 1.0)",1.7332118360158235,19.692320849218582,2.47308651459168,65.3910619274907,12.601199857384792,True,False,True,False,True,17.556826291119016,20.518676993046,19.0120956107245,0.0,0.0,0.0,0.0,0,1.0623931025041635,0.8548775088187219,False,False,False,False,0.34282824183519495,0.327855513921976,False,False,False,False,20637711,17505142.322514743,False,False,False,False,962242.5332796255,False,False,False,False
2025-05-01 00:00:00+00:00,23.4099204347,23.5995148457,23.1306179313,23.3999417815,884261,20.635859571631613,19.34313006649533,18.97919083461408,17.903399244145156,15.228324424128118,21.377295898559368,"rgba(0, 255, 0, 1.0)",1.762646154188736,19.724161879837855,2.091037129660619,64.87868150799079,12.601199857384792,True,False,True,False,True,14.405050578386735,20.598343402873997,19.042610855352,0.0,0.0,0.0,0.0,0,1.0639484242328672,0.8538536112144057,False,False,False,False,0.29461735901464114,0.31123643646830856,False,False,False,False,19753450,17593311.251043577,False,False,False,False,959184.4339353265,False,False,False,False
2025-05-02 00:00:00+00:00,23.0606675723,23.6943120512,22.9808383466,23.6793440714,521832,20.66494810410519,19.358742868868887,18.99388572693064,17.915769381540212,15.236185155272407,21.397165979367138,"rgba(0, 255, 255, 0.75)",1.7868216884192412,19.74133704070956,1.8576730700683262,63.900411618665665,12.601199857384792,True,False,True,False,False,12.537349558439853,20.680384572956,19.069249911583498,0.0,0.0,0.0,0.0,0,1.0647338285626426,0.8469251951210235,False,False,False,False,0.29126341947551543,0.30124992797191197,False,False,False,False,19231618,17657558.574532066,False,False,False,False,942033.3580947255,False,False,False,False
2025-05-05 00:00:00+00:00,23.5795575393,23.7291375509,23.0606675723,23.709280031,531737,20.696301048526855,19.375381524440034,19.009494422271246,17.928812666351067,15.244390037882026,21.421774262600525,"rgba(0, 255, 0, 1.0)",1.8208051370343927,19.76049013303969,2.097460803785164,63.626891043092265,12.601199857384792,True,False,True,False,False,14.454843209051663,20.781366779668,19.096997424102998,0.0,0.0,0.0,0.0,0,1.0815687189953247,0.8310493200217176,False,False,False,False,0.2982646955804858,0.2997573117761989,False,False,False,False,19763355,17740138.8265112,False,False,False,False,925943.3048361089,False,False,False,False
2025-05-06 00:00:00+00:00,24.1583194256,24.178276732,23.5995148457,23.9188317485,704223,20.744410723866405,19.40000403583682,19.03240706525236,17.947615898271295,15.25592071281942,21.468146726801912,"rgba(0, 255, 0, 1.0)",1.8672932919308385,19.79131282867084,2.338682742448852,63.93429614771836,12.601199857384792,True,False,True,False,False,16.49882348493547,20.894720804318,19.128084544118,0.0,0.0,0.0,0.0,0,1.0896957748597746,0.8197018866883972,False,False,False,False,0.3428282421166041,0.3212927769464015,False,False,False,False,20467578,17847097.225471545,False,False,False,False,917248.3909209674,False,False,False,False
2025-05-07 00:00:00+00:00,23.9288104017,24.0784901999,23.6080964875,23.79908791,728030,20.79109065804667,19.424595650251096,19.055366040323904,17.966589916105416,15.267663528888257,21.510304566303084,"rgba(0, 255, 0, 1.0)",1.902906056463243,19.821030408338732,2.158687749933396,63.81175687041238,12.601199857384792,True,False,True,False,False,15.265735728704673,21.008064984714,19.15812318525,0.0,0.0,0.0,0.0,0,1.1004344862513677,0.8132432605305375,False,False,False,False,0.3372299960522911,0.32926138649934633,False,False,False,False,19739548,17921310.98133541,False,False,False,False,909828.0618652432,False,False,False,False
2025-05-08 00:00:00+00:00,23.659386765,24.647273433,23.6094934989,23.8888957889,1109254,20.861823696910683,19.462381709406163,19.09065085619925,17.995753759907423,15.28570166800978,21.574490641695217,"rgba(0, 255, 255, 0.75)",1.9329385757102604,19.866501413868885,1.9622379100884857,63.27945813479026,12.601199857384792,True,False,True,False,False,13.831711926919954,21.11004634078,19.187953969918002,0.0,0.0,0.0,0.0,0,1.0946852501649067,0.8028589209308717,False,False,False,False,0.3428282425869899,0.33604481454316815,False,False,False,False,18630294,17949114.236969315,False,False,False,False,917648.6868901356,False,False,False,False
2025-05-09 00:00:00+00:00,24.3079992238,24.3578924898,23.6032069474,24.0485542402,1070480,20.929635832962134,19.499192180703023,19.125034583533782,18.024179643718842,15.303273349618085,21.636301064417456,"rgba(0, 255, 0, 1.0)",1.9764023916812654,19.910570499745624,2.224966303705804,63.46364216493919,12.601199857384792,True,False,True,False,False,16.12921844289743,21.239338389854,19.2205324856975,0.0,0.0,0.0,0.0,0,1.105853578878362,0.8078320172594304,False,False,False,False,0.32544044397966604,0.33074262926141706,False,False,False,False,19700774,18017806.776696008,False,False,False,False,923642.0717179734,False,False,False,False
2025-05-12 00:00:00+00:00,22.4320124199,23.3899631283,22.3521831943,23.3899631283,1220921,20.971640837030183,19.528194264343615,19.153053122691844,18.049054910811837,15.320128920133582,22.09385192785964,"rgba(38, 166, 154, 1.0)",1.977389356832713,20.156996034165047,1.1505151364721442,61.15808221859318,13.443505938356601,False,False,True,False,False,7.035327175384946,21.322945755667998,19.2463563227235,0.0,0.0,0.0,0.0,0,1.0674456404016348,0.8105422754460354,False,False,False,False,0.1984046794913769,0.264573654376397,False,False,False,False,18479853,18035926.23643342,False,False,False,False,935300.068905504,False,False,False,False
2025-05-13 00:00:00+00:00,23.190390064,23.2352940035,22.4270230933,22.6016495245,988438,21.008439406539058,19.552929171581106,19.17683534695216,18.069966401221414,15.334134062474467,22.124236440303488,"rgba(0, 255, 255, 0.75)",1.9880924181595938,20.184396730452104,1.5119987914498396,60.008045422527374,12.29262619733344,False,True,True,False,False,9.72243875102431,21.428292461119998,19.27765617399,0.0,0.0,0.0,0.0,0,1.0617403252231843,0.8210345755178613,False,False,False,False,0.19397963004871357,0.22927664221255528,False,False,False,False,19468291,18092097.403632108,False,False,False,False,937383.9093405823,False,False,False,False
2025-05-14 00:00:00+00:00,22.5916708713,22.9109877741,22.4720268193,22.8710731613,1112309,21.042248974204092,19.57797886137366,19.201196295145717,18.091887863254513,15.349229749081244,22.115926617951803,"rgba(38, 166, 154, 1.0)",1.9830754612997326,20.202209090055216,1.204927310067515,58.42734981594752,10.735822865787469,False,True,False,False,False,7.107293658776143,21.51310154543,19.3045755019825,0.0,0.0,0.0,0.0,0,1.0618789957470245,0.8193846090688428,False,False,False,False,0.1785551880845495,0.2039159151485524,False,False,False,False,18355982,18102445.819175947,False,False,False,False,944243.7168174223,False,False,False,False
2025-05-15 00:00:00+00:00,23.0706462255,23.1355074714,22.5816922181,22.8910304677,1288189,21.085996936049717,19.60899789489364,19.23116554234833,18.1185067872067,15.367280274248836,22.13812939946112,"rgba(38, 166, 154, 1.0)",1.987093869480313,20.23244258894959,1.4283188530457744,57.58907135344985,9.918960769443771,False,True,False,False,False,8.775987799718866,21.598528609427998,19.332651378790498,0.0,0.0,0.0,0.0,0,1.046252169196115,0.8267784784338758,False,False,False,False,0.19702103532054838,0.2004684752345504,False,False,False,False,19644171,18162905.630188655,False,False,False,False,957731.7671383077,False,False,False,False
2025-05-16 00:00:00+00:00,23.2801979429,23.3001552494,22.5816922181,22.7114147099,1328013,21.131934986866913,19.641559388717372,19.26258622433549,18.146347280549584,15.38610451317218,22.166480477345424,"rgba(0, 255, 255, 0.75)",1.9892524123508042,20.265411272657694,1.515537521294029,57.097913665921,9.436586174965562,False,True,False,False,False,9.494744238763658,21.692129608838,19.3629142759045,0.0,0.0,0.0,0.0,0,1.0418891597776405,0.8218777589493492,False,False,False,False,0.20616712012598543,0.20331779768026792,False,False,False,False,20972184,18273073.409396943,False,False,False,False,972252.5997995506,False,False,False,False
2025-05-19 00:00:00+00:00,23.7591732971,23.8090665632,23.3201125558,23.5695788861,466262,21.152236793034785,19.654749398732584,19.275151567763054,18.157185050097933,15.393186147776403,22.18996104085599,"rgba(0, 255, 255, 0.75)",2.0002853080180194,20.281831225377765,1.7384230428447003,57.13062086481854,9.436586174965562,False,True,False,False,False,11.112009850984766,21.802479337250002,19.394829053016,0.0,0.0,0.0,0.0,0,1.0662541411181656,0.8118238959309453,False,False,False,False,0.2766930765770438,0.24000543712865585,False,False,False,False,21438446,18397205.667851966,False,False,False,False,952409.8311799605,False,False,False,False
2025-05-20 00:00:00+00:00,24.3778497962,24.4077857559,23.5546109063,23.7691519503,785905,21.192260840788908,19.679468480171856,19.29850404577081,18.17696296457685,15.405794824236837,22.244949607733894,"rgba(0, 255, 0, 1.0)",2.020302494562862,20.31542605113184,2.010799747068152,57.680684175336026,9.436586174965562,False,True,True,False,True,13.12546307051646,21.932570962611997,19.43132320617,0.0,0.0,0.0,0.0,0,1.088402691855181,0.7789790077837925,False,False,False,False,0.32354442995018695,0.2817749335394214,False,False,False,False,22224351,18547289.79852444,False,False,False,False,945880.229957217,False,False,False,False
2025-05-21 00:00:00+00:00,24.9266757229,25.0963128275,24.367871143,24.5774228605,1530530,21.284712033808702,19.73413127454223,19.349706672966914,18.21949721178132,15.432164898601695,22.38190373727325,"rgba(0, 255, 0, 1.0)",2.052948700152685,20.39368878828981,2.208037119618749,58.560616348865246,9.436586174965562,False,True,True,False,True,14.841644498940934,22.051932295706003,19.4714035519675,0.0,0.0,0.0,0.0,0,1.1012774186468581,0.7793808552346083,False,False,False,False,0.3428282415646209,0.31230158755202114,False,False,False,False,23754881,18751509.0613274,False,False,False,False,968807.6719196792,False,False,False,False
2025-05-22 00:00:00+00:00,24.8069318843,25.0763555211,24.4427110421,24.9466330293,887438,21.335860463787043,19.765161435495877,19.37884465241773,18.243829933946564,15.447352038914678,22.448690534249458,"rgba(0, 255, 0, 1.0)",2.088553705191677,20.43529386541935,2.093141300610913,59.12730743208652,9.436586174965562,False,True,True,False,True,14.29026851436613,22.1702927674,19.514451563084503,0.0,0.0,0.0,0.0,0,1.0851197004075719,0.7857706210025157,False,False,False,False,0.3428282408127479,0.32756491418238454,False,False,False,False,22867443,18912918.235392995,False,False,False,False,965616.7043934172,False,False,False,False
2025-05-23 00:00:00+00:00,25.355757811,25.5952454881,24.9765689889,25.3158431981,1052094,21.40370597367295,19.805325190439547,19.416363526677856,18.27478321503169,15.466319978498497,22.5418245369648,"rgba(0, 255, 0, 1.0)",2.137134622239365,20.490868689213585,2.2763606331400936,60.017607139969634,7.7500287838371165,False,True,True,False,True,15.98419233813183,22.29106652034,19.559352107707,0.0,0.0,0.0,0.0,0,1.0897470276071073,0.78139728390482,False,False,False,False,0.34282824182816796,0.33519657800527625,False,False,False,False,23919537,19109256.226161897,False,False,False,False,969007.970887793,False,False,False,False
2025-05-27 00:00:00+00:00,24.8069318843,25.3258218513,24.7919639045,24.8668038036,876628,21.453802317921948,19.836343009513566,19.44551148371763,18.29915197655955,15.481533983349005,22.60113142072247,"rgba(0, 255, 255, 0.75)",2.1692263688701514,20.530511504180517,1.9714034650735275,60.0393360751674,7.800917018298314,False,True,True,False,True,13.465453174954245,22.393893677882,19.604331910434997,0.0,0.0,0.0,0.0,0,1.0803742227113606,0.7877609235576212,False,False,False,False,0.3134322157506886,0.3243143968779824,False,False,False,False,23042909,19263517.119253587,False,False,False,False,965385.226931409,False,False,False,False
2025-05-28 00:00:00+00:00,25.0763555211,25.1362274403,24.7171240054,24.8169105376,493951,21.48142876325993,19.853662730039712,19.46180604160548,18.312808451663205,15.490086646146624,22.632553036051103,"rgba(0, 255, 0, 1.0)",2.2060265099821432,20.552201220645305,2.050815926274303,60.27816433374005,8.078583652085868,False,False,True,False,True,14.30710047702193,22.493546070869996,19.649816768337,0.0,0.0,0.0,0.0,0,1.06676838571988,0.8039823934505856,False,False,False,False,0.2965530312257982,0.3104337140518903,False,False,False,False,23536860,19431099.19300835,False,False,False,False,946897.6101890007,False,False,False,False
2025-05-29 00:00:00+00:00,25.1761420532,25.2958858917,24.8817717834,25.1462060935,713754,21.522175816034494,19.879169307212464,19.48578185850777,18.33286006586337,15.502601728962832,22.67921916555256,"rgba(0, 255, 0, 1.0)",2.2439604675760516,20.584235913162388,2.0463400342332387,60.556365121018516,8.401893306486585,False,False,True,False,True,14.619219337527014,22.596986499979998,19.694958495889498,0.0,0.0,0.0,0.0,0,1.0631967220438758,0.8078041863575979,False,False,False,False,0.3172777363559527,0.31385572520392147,False,False,False,False,24250614,19620099.77367469,False,False,False,False,937754.7235149223,False,False,False,False
2025-05-30 00:00:00+00:00,25.5054376092,25.6201921211,25.1362274403,25.1362274403,1129195,21.590079358837478,19.921323563570304,19.525316765013663,18.36574695411682,15.522956096775866,22.75908599203748,"rgba(0, 255, 0, 1.0)",2.2843691240316786,20.637870247219585,2.130814722880537,61.057754584394445,8.946323986475576,False,False,True,False,True,15.64702843714868,22.709203435796,19.738675647892002,0.0,0.0,0.0,0.0,0,1.0747139169426543,0.7888676329440965,False,False,False,False,0.3428282415529177,0.3283419833784196,False,False,False,False,25379809,19845970.723726664,False,False,False,False,945262.1853378665,False,False,False,False
2025-06-02 00:00:00+00:00,27.0022355909,27.0820648166,25.7549039395,25.9444983505,996737,21.666138011192178,19.965957232736894,19.56674971002347,18.399387519421502,15.54300978682868,22.861588274495045,"rgba(0, 255, 0, 1.0)",2.367471977050753,20.6993144108997,2.6623002261898288,62.529028877090646,10.429437741826668,True,False,True,False,True,19.990182009294358,22.850559751032,19.789034726793,0.0,0.0,0.0,0.0,0,1.0836204264843334,0.7589549126611485,False,False,False,False,0.3428282435210571,0.33558511344973835,False,False,False,False,26376546,20102071.714953072,False,False,False,False,947280.8055206953,False,False,False,False
2025-06-03 00:00:00+00:00,26.7527692606,26.9623209781,26.3536231322,26.7827052203,628963,21.71368265252417,19.994137587565774,19.592927612036746,18.420670999561985,15.555714022052502,22.923805229130267,"rgba(0, 255, 0, 1.0)",2.4375834159040894,20.737449581959506,2.4677390071631407,63.390529499088686,11.29567922126786,True,False,True,False,True,18.822585495469326,22.980952388065997,19.8383941396335,0.0,0.0,0.0,0.0,0,1.0964513750967202,0.7659054258428972,False,False,False,False,0.34282824389176525,0.3392066786707518,False,False,False,False,25747583,20323464.314366676,False,False,False,False,934797.7543238052,False,False,False,False
2025-06-04 00:00:00+00:00,26.8325984863,27.0621075102,26.6431038618,26.9423636716,550439,21.755843639245,20.019178049416592,19.61618122743257,18.43955837094991,15.566964248086089,22.978532910870488,"rgba(0, 255, 0, 1.0)",2.4978244735986888,20.771185216673622,2.426677027827149,64.14962058020099,12.05678616725396,True,False,True,False,True,19.04715982343435,23.108361273389995,19.888202231721,0.0,0.0,0.0,0.0,0,1.0922267256705196,0.7743316156101862,False,False,False,False,0.3428282441749594,0.3410174614228556,False,False,False,False,26298022,20557760.694195434,False,False,False,False,919724.8619973816,False,False,False,False
2025-06-05 00:00:00+00:00,26.4234737046,27.5410828644,26.2538366,27.1818513487,945805,21.825210592163085,20.061115231769897,19.655207670206917,18.471406493516238,15.586060958543758,24.118707882366312,"rgba(0, 255, 0, 1.0)",2.5437116159049897,21.221244675037582,2.0451331813852622,64.19361371528176,12.122020702959553,True,False,True,False,True,17.121293310122134,23.215439814832003,19.934775905062498,0.0,0.0,0.0,0.0,0,1.0735539359655981,0.7813617677669414,False,False,False,False,0.3428282442380748,0.3419228528304652,False,False,False,False,25352217,20745778.58854071,False,False,False,False,920747.6125072882,False,False,False,False
2025-06-06 00:00:00+00:00,25.8646691248,26.5432175432,25.6704845333,26.4234737046,997200,21.885968791038728,20.100105401425562,19.691797454831015,18.501847293984202,15.604841582340002,24.099454850474746,"rgba(0, 255, 255, 0.75)",2.569934066972841,21.24867320711737,1.7961534410569024,63.48698894809973,12.122020702959553,True,False,True,False,False,14.565078752612763,23.318710631648,19.978159290559,0.0,0.0,0.0,0.0,0,1.060343440835505,0.8052721657296965,False,False,False,False,0.2642856071806088,0.303104230005537,False,False,False,False,24355017,20887317.34977441,False,False,False,False,923745.7453501397,False,False,False,False
2025-06-09 00:00:00+00:00,25.9345196973,26.0742208422,25.6152027945,25.8047972055,467470,21.912830098626184,20.11774563699151,19.708399075339763,18.515747532277327,15.6134947385414,24.102423836267267,"rgba(0, 255, 255, 0.75)",2.5875592724515277,21.263938394664642,1.805014228025902,62.96874054009388,12.122020702959553,True,False,True,False,False,14.778223569893015,23.416010092944003,20.021446130854,0.0,0.0,0.0,0.0,0,1.0562173794131244,0.8210533712638252,False,False,False,False,0.23897375915550773,0.2710389945805224,False,False,False,False,24822487,21041637.72821463,False,False,False,False,905852.5788658204,False,False,False,False
2025-06-10 00:00:00+00:00,25.6251814477,26.2438579468,25.5353735688,26.0243275762,970002,21.96642062476853,20.153546588302763,19.742159191671252,18.54413885638081,15.631275913824547,24.117680002297586,"rgba(0, 255, 255, 0.75)",2.5882848833488596,21.297129333083937,1.6721699154755336,62.132947007765424,12.122020702959553,True,False,True,False,False,13.36981601704522,23.511902270526,20.062344216891,0.0,0.0,0.0,0.0,0,1.0574555060255733,0.818171939422882,False,False,False,False,0.24328751410079627,0.25716325434065934,False,False,False,False,23852485,21151867.032990526,False,False,False,False,908368.2424397098,False,False,False,False
2025-06-11 00:00:00+00:00,25.8147758587,25.874647778,25.5752881816,25.6650960605,809015,22.009470922687548,20.182819311847457,19.769817271039837,18.56749865227369,15.645990936734641,24.13551278792457,"rgba(0, 255, 255, 0.75)",2.5882215184028174,21.3255245427218,1.7344926947166792,61.62768758966167,13.64024377344586,True,False,True,False,False,13.968608637968043,23.606699476036002,20.105478136057,0.0,0.0,0.0,0.0,0,1.0624437563483444,0.8235013788811807,False,False,False,False,0.22751249587150282,0.24233787510608107,False,False,False,False,24661500,21289499.698363446,False,False,False,False,904472.0368538388,False,False,False,False
2025-06-12 00:00:00+00:00,26.3536231322,26.5482068698,26.0542635358,26.0941781487,631499,22.047357991222704,20.207747727809647,19.79324746242041,18.587049962057478,15.65808641291358,24.174746486639954,"rgba(0, 255, 255, 0.75)",2.590353561556531,21.35582715372707,1.9293875757523147,61.70279326923398,13.64024377344586,True,False,True,False,False,15.641171240139705,23.715666369108,20.148928701915498,0.0,0.0,0.0,0.0,0,1.067769929849666,0.8092929633855702,False,False,False,False,0.2832694630145485,0.26280366906031477,False,False,False,False,25292999,21446499.670976646,False,False,False,False,893767.2118791784,False,False,False,False
2025-06-13 00:00:00+00:00,26.7427906074,26.8824917524,26.3735804386,26.5232602368,969355,22.108864513899924,20.247775597226934,19.830787030947114,18.618210809377036,15.677203427647651,24.248936264567824,"rgba(0, 255, 0, 1.0)",2.6025303638279853,21.407334705083773,2.0501032289469476,62.095347581120805,13.64024377344586,True,False,True,False,True,16.816272847700894,23.83082002717,20.1939783733225,0.0,0.0,0.0,0.0,0,1.0741716576520035,0.8017025695555694,False,False,False,False,0.3156473391521931,0.2892255041062539,False,False,False,False,26262354,21635356.703487366,False,False,False,False,896731.4388643088,False,False,False,False
2025-06-16 00:00:00+00:00,26.3137085193,26.8824917524,26.2338792936,26.5731535028,1032448,22.169946686103252,20.28862339666249,19.869225033189966,18.650360921401287,15.69714180156957,24.30879479941064,"rgba(0, 255, 255, 0.75)",2.5849623502601746,21.455758798089473,1.8793115964422376,61.80251442962852,13.64024377344586,True,False,True,False,True,14.815854287670959,23.938389908791997,20.238220028481,0.0,0.0,0.0,0.0,0,1.0789315550334768,0.8046778054646941,False,False,False,False,0.30867496366337666,0.2989502338848153,False,False,False,False,25229906,21776319.420997664,False,False,False,False,902053.6569480613,False,False,False,False
2025-06-17 00:00:00+00:00,26.0742208422,26.393537745,25.8546904716,26.3137085193,609323,22.20217838366179,20.31105683147872,19.890446208170957,18.668322608013447,15.708472531807063,24.33089352476086,"rgba(0, 255, 255, 0.75)",2.5676333094854487,21.47952627098377,1.789466803628982,61.23065999702193,13.11564871477789,False,False,True,False,True,13.715037192010971,24.064520085387997,20.282552106328,0.0,0.0,0.0,0.0,0,1.0940668689987585,0.8023259863712062,False,False,False,False,0.2659638466277533,0.28245704025628426,False,False,False,False,24620583,21887859.169193834,False,False,False,False,890574.023342255,False,False,False,False
2025-06-18 00:00:00+00:00,25.9444983505,26.1540500679,25.8247545119,25.9644556569,958321,22.25012607007885,20.345189595333828,19.92282349991081,18.695895574423986,15.726015909619248,24.359125483010782,"rgba(0, 255, 255, 0.75)",2.535468765476782,21.51422574511319,1.7473189438220988,60.58167262756024,12.441940246630011,False,False,True,False,False,13.118093609018587,24.194641723269996,20.3260374392435,0.0,0.0,0.0,0.0,0,1.1140112625120278,0.7953423426700121,False,False,False,False,0.252717717143281,0.26758737869978266,False,False,False,False,23662262,21957443.593931332,False,False,False,False,893230.7675249117,False,False,False,False
2025-06-20 00:00:00+00:00,25.7549039395,26.0243275762,25.4655229963,25.8546904716,2041085,22.342330371136125,20.413666897221642,19.988111785758534,18.75213030187692,15.76236139239976,24.39996981380878,"rgba(0, 255, 255, 0.75)",2.5060716875716156,21.579467692734642,1.6661280152010964,59.78303994017229,11.628639773737198,False,True,True,False,False,12.242608298989342,24.325761226472,20.3692682637595,0.0,0.0,0.0,0.0,0,1.1042404202507354,0.793764210006132,False,False,False,False,0.2243195823511524,0.24595348052546753,False,False,False,False,21621177,21944256.668679126,False,False,False,False,938244.658994523,False,False,False,False
2025-06-23 00:00:00+00:00,25.8646691248,26.3536231322,25.6551174073,25.7449252862,629374,22.37147866229537,20.435249031448283,20.008671105817175,18.76980394589609,15.773749569696365,24.4176864207276,"rgba(0, 255, 255, 0.75)",2.4847138583889956,21.601239442400047,1.7158634456058517,59.25197624851364,11.083171088233719,False,True,True,False,False,12.608809740794051,24.435725984866,20.4158217688225,0.0,0.0,0.0,0.0,0,1.1068584211162538,0.7930654270861116,False,False,False,False,0.23306976184742306,0.2395116211864453,False,False,False,False,22250551,21956268.211083867,False,False,False,False,926132.0841319928,False,False,False,False
2025-06-24 00:00:00+00:00,25.4455656899,25.6152027945,24.7071453522,25.1761420532,932148,22.405514661453523,20.462883552420152,20.03530037546864,18.793280858613816,15.78941046089403,24.420296829575236,"rgba(0, 255, 255, 0.75)",2.4487098366989724,21.62376886411896,1.5607389526123199,58.21471279694147,10.0470455467972,False,True,False,False,False,10.66134070348171,24.509368445567997,20.461220885957502,0.0,0.0,0.0,0.0,0,1.05166777244528,0.8374470293660277,False,False,False,False,0.08698059229077115,0.16324610673860823,False,False,False,False,21318403,21931253.88908058,False,False,False,False,926368.0024013264,False,False,False,False
2025-06-25 00:00:00+00:00,25.3956724238,25.5603202018,25.1960993596,25.2759285853,537086,22.42562805305342,20.479084225561866,20.050894642502545,18.806997312273495,15.79853224997847,24.424790649642965,"rgba(0, 255, 255, 0.75)",2.3985468432713173,21.63772893200204,1.5667584322316572,57.29523417482572,9.137749663056248,False,True,False,False,False,10.430649450398526,24.570238230158,20.504884543215,0.0,0.0,0.0,0.0,0,1.0248886991795036,0.8564516651926638,False,False,False,False,0.10236970707511799,0.13280790690686312,False,False,False,False,20781317,21886158.324802913,False,False,False,False,911102.0415228431,False,False,False,False
2025-06-26 00:00:00+00:00,25.6650960605,25.6750747138,25.3158431981,25.4555443431,566307,22.447731166157627,20.49663223926187,20.067753947443993,18.821766124537607,15.808299773319805,24.432958981044585,"rgba(0, 255, 255, 0.75)",2.3359769323239754,21.65370296553361,1.7172229055257007,56.88195200163555,8.72668881826305,False,True,False,False,False,11.374803973142761,24.629311857170002,20.5514803784395,0.0,0.0,0.0,0.0,0,1.0213971836547227,0.8769349845210815,False,False,False,False,0.12018394041419221,0.12649592366052767,False,False,False,False,21347624,21865039.331673387,False,False,False,False,897580.6673454767,False,False,False,False
2025-06-27 00:00:00+00:00,24.9765689889,25.1561847467,24.7370813119,24.9466330293,863110,22.474476730281214,20.520022408154468,20.090483302697134,18.842171006985488,15.82224154680206,24.429131354710165,"rgba(38, 166, 154, 1.0)",2.2902590761612838,21.671042653753318,1.4432979960883254,55.573765334480925,7.4410996589583505,False,True,False,True,False,8.20223619276323,24.664835862602,20.592998985404495,0.0,0.0,0.0,0.0,0,0.9845606685268644,0.8785164756231243,False,False,False,False,0.03726624088942147,0.08188108227497456,False,False,False,False,20484514,21810901.08337247,False,False,False,False,896228.8764691835,False,False,False,False
2025-06-30 00:00:00+00:00,25.71,25.715,24.9,25.05,551997,22.49456936218171,20.53647472542152,20.106347230062255,18.85617942024173,15.831607967670974,24.43568865342372,"rgba(0, 255, 255, 0.75)",2.2474340944209956,21.685673905922933,1.7906314156517464,55.40274745514092,7.274842954112202,False,True,False,True,False,10.766698113035076,24.705648554238,20.636352022050495,0.0,0.0,0.0,0.0,0,0.97580577509259,0.8821284405707773,False,False,False,False,0.0916583557429976,0.08676971900898608,False,False,False,False,21036511,21780532.844808843,False,False,False,False,882729.5871958822,False,False,False,False
2025-07-01 00:00:00+00:00,25.59,26.2301,25.47,26.09,337461,22.508045708609117,20.54713480914275,20.11658131532945,18.865131070215668,15.837516493483538,24.443054370342587,"rgba(0, 255, 255, 0.75)",2.2098807803643714,21.695977012809987,1.7620964089058033,55.09698747698769,6.963391371653891,False,True,False,False,False,10.22046986405337,24.75184459538,20.680194787297502,0.0,0.0,0.0,0.0,0,1.0015681874953435,0.8588212142693834,False,False,False,False,0.17457238867783617,0.13067105384341113,False,False,False,False,20699050,21738121.752855554,False,False,False,False,861346.5053450634,False,False,False,False
