date,Open,High,Low,Close,Volume,aVWAP_peak_864,aVWAP_peak_791,aVWAP_valley_870,aVWAP_valley_835,aVWAP_valley_767,aVWAP_valley_745,aVWAP_valley_732,aVWAP_valley_704,aVWAP_valley_670,aVWAP_valley_628,aVWAP_valley_614,aVWAP_valley_572,aVWAP_valley_516,aVWAP_valley_480,aVWAP_valley_439,aVWAP_valley_414,aVWAP_valley_399,aVWAP_valley_376,aVWAP_valley_314,aVWAP_OB_bull_572,aVWAP_OB_bull_414,aVWAP_OB_bear_791,Peaks_avg,Valleys_avg,color,StDev,StDev_Mean,StdDev_ZScore,QQEMOD,QQE1_Value,QQE1_Above_Upper,QQE1_Below_Lower,QQE2_Above_Threshold,QQE2_Below_Threshold,QQE2_Above_TL,banker_RSI,OB,OB_High,OB_Low,OB_Mitigated_Index,TTM_squeeze_Active,VI_plus,VI_minus,VI_Regular_Bullish,VI_Regular_Bearish,VI_Hidden_Bullish,VI_Hidden_Bearish,Fisher,Fisher_Signal,Fisher_Regular_Bullish,Fisher_Regular_Bearish,Fisher_Hidden_Bullish,Fisher_Hidden_Bearish,OBV,OBV_Smoothed,OBV_Regular_Bullish,OBV_Regular_Bearish,OBV_Hidden_Bullish,OBV_Hidden_Bearish,Volume_MA,Vol_Regular_Bullish,Vol_Regular_Bearish,Vol_Hidden_Bullish,Vol_Hidden_Bearish
2025-01-23 15:00:00+00:00,3.88,3.94,3.82,3.91,14225.0,,,,,,,,,,,,,,,,,,,,,,,,,#000000,,,,,,False,False,False,False,False,,0.0,0.0,0.0,0.0,0,,,False,False,False,False,,,False,False,False,False,0.0,0.0,False,False,False,False,14225.0,False,False,False,False
2025-01-23 16:00:00+00:00,3.905,3.93,3.9,3.92,2019.0,,,,,,,,,,,,,,,,,,,,,,,,,"rgba(38, 166, 154, 0.5)",,,,100.0,,False,False,True,False,False,,0.0,0.0,0.0,0.0,0,,,False,False,False,False,,,False,False,False,False,2019.0,31.302325581395348,False,False,False,False,14035.759689922479,False,False,False,False
2025-01-23 17:00:00+00:00,3.925,3.94,3.905,3.92,185.0,,,,,,,,,,,,,,,,,,,,,,,,,"rgba(38, 166, 154, 0.5)",,,,100.0,50.0,False,False,True,False,True,,0.0,0.0,0.0,0.0,0,,,False,False,False,False,,,False,False,False,False,2019.0,62.11934378943573,False,False,False,False,13821.019229613603,False,False,False,False
2025-01-23 18:00:00+00:00,3.925,3.93,3.91,3.915,724.0,,,,,,,,,,,,,,,,,,,,,,,,,"rgba(38, 166, 154, 0.5)",,,,87.08133971291866,38.37320574162679,False,False,True,False,False,,0.0,0.0,0.0,0.0,0,,,False,False,False,False,,,False,False,False,False,1295.0,81.23377256789409,False,False,False,False,13617.964667914166,False,False,False,False
2025-01-23 19:00:00+00:00,3.915,3.92,3.915,3.915,798.0,,,,,,,,,,,,,,,,,,,,,,,,,"rgba(38, 166, 154, 0.5)",,,,78.46889952153111,31.397129186602882,False,False,True,False,False,,0.0,0.0,0.0,0.0,0,,,False,False,False,False,,,False,False,False,False,1295.0,100.05185361335309,False,False,False,False,13419.205525775962,False,False,False,False
2025-01-23 20:00:00+00:00,3.915,3.93,3.895,3.92,14286.0,,,,,,,,,,,,,,,,,,,,,,,,,"rgba(38, 166, 154, 0.5)",,,,76.97863101304998,30.986031069639722,False,False,True,False,False,,0.0,0.0,0.0,0.0,0,,,False,False,False,False,,,False,False,False,False,15581.0,340.0665535573321,False,False,False,False,13432.644199794939,False,False,False,False
2025-01-24 15:00:00+00:00,3.945,4.03,3.93,4.015,4756.0,,,,,,,,,,,,,,,,,,,,,,,,,"rgba(38, 166, 154, 0.5)",,,,83.57362336580475,28.37635102563162,False,False,True,False,True,,0.0,0.0,0.0,0.0,0,,,False,False,False,False,,,False,False,False,False,20337.0,650.0965294711718,False,False,False,False,13298.12258429424,False,False,False,False
2025-01-24 16:00:00+00:00,4.015,4.08,4.01,4.025,2156.0,,,,,,,,,,,,,,,,,,,,,,,,,"rgba(38, 166, 154, 0.5)",,,,88.07162875979157,31.870928512333307,False,False,True,False,True,,0.0,0.0,0.0,0.0,0,,,False,False,False,False,,,False,False,False,False,22493.0,988.7461956809211,False,False,False,False,13125.376497716034,False,False,False,False
2025-01-24 17:00:00+00:00,4.02,4.07,4.02,4.035,2374.0,,,,,,,,,,,,,,,,,,,,,,,,,"rgba(38, 166, 154, 0.5)",,,,91.1637265738374,34.25965069421041,False,False,True,False,True,,0.0,0.0,0.0,0.0,0,,,False,False,False,False,,,False,False,False,False,24867.0,1358.9516810192013,False,False,False,False,12958.688489999506,False,False,False,False
2025-01-24 18:00:00+00:00,4.035,4.04,3.98,3.985,2900.0,,,,,,,,,,,,,,,,,,,,,,,,,"rgba(38, 166, 154, 0.5)",,,,81.87896981663093,39.885518741381475,False,False,True,False,False,,0.0,0.0,0.0,0.0,0,,,False,False,False,False,,,False,False,False,False,21967.0,1678.4563061196786,False,False,False,False,12802.739831239824,False,False,False,False
2025-01-24 19:00:00+00:00,3.985,3.99,3.965,3.965,2007.0,,,,,,,,,,,,,,,,,,,,,,,,,"rgba(38, 166, 154, 0.5)",,,,72.82007015619396,32.117829838877256,False,False,True,False,False,,0.0,0.0,0.0,0.0,0,,,False,False,False,False,,,False,False,False,False,19960.0,1961.8910920713115,False,False,False,False,12635.364019902772,False,False,False,False
2025-01-24 20:00:00+00:00,3.965,3.97,3.93,3.955,3426.0,,,,,,,,,,,,,,,,,,,,,,,,,"rgba(38, 166, 154, 0.5)",,,,65.48542854676279,25.971116888158832,False,False,True,False,False,,0.0,0.0,0.0,0.0,0,,,False,False,False,False,,,False,False,False,False,16534.0,2187.815261186485,False,False,False,False,12492.583182384898,False,False,False,False
2025-01-27 15:00:00+00:00,3.885,3.95,3.825,3.945,1202.0,,,,,,,,,,,,,,,,,,,,,,,,,"rgba(38, 166, 154, 0.5)",,3.9066666666666667,,59.34208694199778,20.782956251790637,False,False,True,False,False,,0.0,0.0,0.0,0.0,0,,,False,False,False,False,,,False,False,False,False,15332.0,2391.6010710905703,False,False,False,False,12317.535381107613,False,False,False,False
2025-01-27 16:00:00+00:00,3.945,3.95,3.915,3.93,1636.0,,,,,,,,,,,,,,,,,,,,,,,,,#000000,,3.92107822410148,,53.505139688941654,15.683384771422368,False,False,False,False,False,,0.0,0.0,0.0,0.0,0,,,False,False,False,False,,,False,False,False,False,13696.0,2566.8630699883906,False,False,False,False,12151.930181400518,False,False,False,False
2025-01-27 17:00:00+00:00,3.925,3.945,3.92,3.925,2199.0,,,,,,,,,,,,,,,,,,,,,,,,,"rgba(239, 83, 80, 0.5)",,3.924973198332341,,49.05652373343678,11.66442110268899,False,False,False,True,False,,0.0,0.0,0.0,0.0,0,,,False,False,False,False,,,False,False,False,False,11497.0,2705.3148053374075,False,False,False,False,11997.621186340046,False,False,False,False
2025-01-27 18:00:00+00:00,3.925,3.94,3.885,3.9,3236.0,,,,,,,,,,,,,,,,,,,,,,,,,"rgba(239, 83, 80, 0.5)",,3.9184644828558763,,43.633602970596066,6.554453984896014,False,False,False,True,False,,0.0,0.0,0.0,0.0,0,,,False,False,False,False,,,False,False,False,False,8261.0,2791.4494595182227,False,False,False,False,11861.782098179734,False,False,False,False
2025-01-27 19:00:00+00:00,3.895,3.925,3.89,3.915,2648.0,,,,,,,,,,,,,,,,,,,,,,,,,"rgba(239, 83, 80, 0.5)",,3.9164121112230257,,42.48819403160308,5.207042232060886,False,False,False,True,False,,0.0,0.0,0.0,0.0,0,,,False,False,False,False,,,False,False,False,False,10909.0,2917.3029562698785,False,False,False,False,11718.932763324234,False,False,False,False
2025-01-27 20:00:00+00:00,3.915,3.955,3.905,3.94,4449.0,,,,,,,,,,,,,,,,,,,,,,,,,"rgba(239, 83, 80, 0.5)",,3.9213101279548903,,45.13924305087028,5.207042232060886,False,False,False,True,False,,0.0,0.0,0.0,0.0,0,,,False,False,False,False,,,False,False,False,False,15358.0,3110.181980203679,False,False,False,False,11606.22062745874,False,False,False,False
2025-01-28 15:00:00+00:00,3.955,4.005,3.925,3.98,264.0,,,,,,,,,,,,,,,,,,,,,,,,,#000000,,3.9221323184512387,,50.79975123794234,5.207042232060886,False,False,False,False,True,,0.0,0.0,0.0,0.0,0,,,False,False,False,False,,,False,False,False,False,15622.0,3304.163654929203,False,False,False,False,11430.372245637676,False,False,False,False
2025-01-28 16:00:00+00:00,3.98,3.99,3.89,3.905,371.0,,,,,,,,,,,,,,,,,,,,,,,,,"rgba(239, 83, 80, 0.5)",,3.9222760595647195,,47.69772952403156,5.207042232060886,False,False,False,True,True,,0.0,0.0,0.0,0.0,0,,,False,False,False,False,,,False,False,False,False,15251.0,3489.385923845029,False,False,False,False,11258.909110046394,False,False,False,False
2025-01-28 17:00:00+00:00,3.905,3.965,3.89,3.935,2091.0,,,,,,,,,,,,,,,,,,,,,,,,,#000000,,3.923168563955202,,48.164934741762266,5.207042232060886,False,False,False,False,True,,0.0,0.0,0.0,0.0,0,,,False,False,False,False,,,False,False,False,False,17342.0,3704.1551343280516,False,False,False,False,11116.77098430924,False,False,False,False
2025-01-28 18:00:00+00:00,3.935,3.965,3.915,3.915,644.0,,,,,,,,,,,,,,,,,,,,,,,,,"rgba(239, 83, 80, 0.5)",,3.923460601209534,,47.02246611538568,5.207042232060886,False,False,False,True,True,,0.0,0.0,0.0,0.0,0,,,False,False,False,False,,,False,False,False,False,16698.0,3905.610093485756,False,False,False,False,10954.402441916847,False,False,False,False
2025-01-28 19:00:00+00:00,3.915,3.985,3.885,3.98,555.0,,,,,,,,,,,,,,,,,,,,,,,,,#000000,,3.924223978578216,,50.77712735265,5.207042232060886,False,False,False,False,True,,0.0,0.0,0.0,0.0,1,,,False,False,False,False,,,False,False,False,False,17253.0,4112.546371106131,False,False,False,False,10793.171396305732,False,False,False,False
2025-01-28 20:00:00+00:00,3.975,3.99,3.93,3.945,4006.0,,,,,,,,,,,,,,,,,,,,,,,,,#000000,,3.9295151138005524,,50.767828769999866,5.207042232060886,False,False,False,False,True,,0.0,0.0,0.0,0.0,1,,,False,False,False,False,,,False,False,False,False,13247.0,4254.165807213012,False,False,False,False,10687.943932797116,False,False,False,False
2025-01-29 15:00:00+00:00,3.915,3.96,3.835,3.845,205.0,,,,,,,,,,,,,,,,,,,,,,,,,"rgba(239, 83, 80, 0.5)",,3.9290832837006153,,45.794788979991324,4.768658761134894,False,False,False,True,False,,0.0,0.0,0.0,0.0,1,,,False,False,False,False,,,False,False,False,False,13042.0,4390.411298574051,False,False,False,False,10525.41767027313,False,False,False,False
2025-01-29 16:00:00+00:00,3.845,3.86,3.805,3.825,1454.0,,,,,,,,,,,,,,,,,,,,,,,,,"rgba(239, 83, 80, 0.5)",,3.876655682425213,,41.73893064446652,0.5406275616480585,False,False,False,True,False,,0.0,0.0,0.0,0.0,1,,,False,False,False,False,,,False,False,False,False,11588.0,4502.001821076779,False,False,False,False,10384.775535850289,False,False,False,False
2025-01-29 17:00:00+00:00,3.825,3.91,3.825,3.905,1717.0,,,,,,,,,,,,,,,,,,,,,,,,,"rgba(239, 83, 80, 0.5)",,3.888798606475421,,43.85928387096273,0.5406275616480585,False,False,False,True,False,,0.0,0.0,0.0,0.0,1,,,False,False,False,False,,,False,False,False,False,13305.0,4638.48241299807,False,False,False,False,10250.391419015401,False,False,False,False
2025-01-29 18:00:00+00:00,3.91,3.91,3.87,3.9,1246.0,,,,,,,,,,,,,,,,,,,,,,,,,"rgba(239, 83, 80, 0.5)",,3.8933062577529305,,45.03074416978892,0.5406275616480585,False,False,False,True,False,,0.0,0.0,0.0,0.0,1,,,False,False,False,False,,,False,False,False,False,12059.0,4753.529197292673,False,False,False,False,10110.788451278728,False,False,False,False
2025-01-29 19:00:00+00:00,3.905,3.935,3.875,3.9,3413.0,,,,,,,,,,,,,,,,,,,,,,,,,"rgba(239, 83, 80, 0.5)",,3.9002889614065612,,45.81171770233971,0.5406275616480585,False,False,False,True,True,,0.0,0.0,0.0,0.0,1,,,False,False,False,False,,,False,False,False,False,12059.0,4866.792310512942,False,False,False,False,10006.946769863553,False,False,False,False
2025-01-29 20:00:00+00:00,3.9,3.95,3.875,3.94,6027.0,,,,,,,,,,,,,,,,,,,,,,,,,#000000,,3.909026580054972,,48.65871678270555,0.5406275616480585,False,False,False,False,True,,0.0,0.0,0.0,0.0,1,,,False,False,False,False,,,False,False,False,False,18086.0,5071.741266939098,False,False,False,False,9945.242168780396,False,False,False,False
2025-01-30 15:00:00+00:00,3.945,3.96,3.905,3.915,1735.0,,,,,,,,,,,,,,,,,,,,,,,,,#000000,,3.910707312270374,,49.01143253568943,0.5406275616480585,False,False,False,False,True,,0.0,0.0,0.0,0.0,1,,,False,False,False,False,,,False,False,False,False,16351.0,5246.613495358647,False,False,False,False,9817.951592520236,False,False,False,False
2025-01-30 16:00:00+00:00,3.92,3.925,3.815,3.825,1948.0,,,,,,,,,,,,,,,,,,,,,,,,,"rgba(239, 83, 80, 0.5)",,3.9065431324878563,,44.9917309434618,0.5406275616480585,False,False,False,True,False,,0.0,0.0,0.0,0.0,1,,,False,False,False,False,,,False,False,False,False,14403.0,5388.57297605076,False,False,False,False,9695.93683914783,False,False,False,False
2025-01-30 17:00:00+00:00,3.825,3.87,3.815,3.85,916.0,,,,,,,,,,,,,,,,,,,,,,,,,"rgba(239, 83, 80, 0.5)",,3.90446988728074,,43.872854119382865,0.28586766944225417,False,False,False,True,False,,0.0,0.0,0.0,0.0,1,,,False,False,False,False,,,False,False,False,False,15319.0,5542.533084949198,False,False,False,False,9559.813787378096,False,False,False,False
2025-01-30 18:00:00+00:00,3.85,3.92,3.85,3.905,1678.0,,,,,,,,,,,,,,,,,,,,,,,,,"rgba(239, 83, 80, 0.5)",,3.90390515501153,,46.147941511803126,0.28586766944225417,False,False,False,True,False,,0.0,0.0,0.0,0.0,1,,,False,False,False,False,,,False,False,False,False,16997.0,5720.121719291071,False,False,False,False,9437.615124007893,False,False,False,False
2025-01-30 19:00:00+00:00,3.905,3.94,3.9,3.93,529.0,,,,,,,,,,,,,,,,,,,,,,,,,#000000,,3.9043334110988956,,48.873616749266155,0.28586766944225417,False,False,False,False,True,,0.0,0.0,0.0,0.0,1,,,False,False,False,False,,,False,False,False,False,17526.0,5903.158591860201,False,False,False,False,9299.497060069785,False,False,False,False
2025-01-30 20:00:00+00:00,3.93,3.955,3.865,3.92,2939.0,,,,,,,,,,,,,,,,,,,,,,,,,#000000,,3.905453290919744,,50.1104865283954,0.28586766944225417,False,False,False,False,True,,0.0,0.0,0.0,0.0,1,,,False,False,False,False,,,False,False,False,False,14587.0,6037.791791986399,False,False,False,False,9200.884702549323,False,False,False,False
2025-01-31 15:00:00+00:00,3.91,3.95,3.9,3.93,2931.0,,,,,,,,,,,,,,,,,,,,,,,,,"rgba(38, 166, 154, 0.5)",,3.907450063608986,,51.484998066570064,-4.216278281662753,False,False,True,False,True,,0.0,0.0,0.0,0.0,1,,,False,False,False,False,,,False,False,False,False,17518.0,6215.779516141649,False,False,False,False,9103.677187781117,False,False,False,False
2025-01-31 16:00:00+00:00,3.925,3.995,3.925,3.97,1340.0,,,,,,,,,,,,,,,,,,,,,,,,,"rgba(38, 166, 154, 0.5)",,3.9095951326341574,,54.466565839605,-1.1644523841725913,False,False,True,False,True,,0.0,0.0,0.0,0.0,0,,,False,False,False,False,,,False,False,False,False,18858.0,6411.782934496042,False,False,False,False,8983.310099598464,False,False,False,False
2025-01-31 17:00:00+00:00,3.97,4.01,3.93,3.975,2400.0,,,,,,,,,,,,,,,,,,,,,,,,,"rgba(38, 166, 154, 0.5)",,3.9329160788236823,,56.700692440212215,1.1164674849763543,False,False,True,False,True,,0.0,0.0,0.0,0.0,0,,,False,False,False,False,,,False,False,False,False,21258.0,6641.956842488351,False,False,False,False,8881.243276348876,False,False,False,False
2025-01-31 18:00:00+00:00,3.975,3.99,3.865,3.895,2282.0,,,,,,,,,,,,,,,,,,,,,,,,,"rgba(38, 166, 154, 0.5)",,3.924138474503064,,53.05906427448438,1.1164674849763543,False,False,True,False,False,,0.0,0.0,0.0,0.0,1,,,False,False,False,False,,,False,False,False,False,18976.0,6833.182317798609,False,False,False,False,8778.929427103158,False,False,False,False
2025-01-31 19:00:00+00:00,3.895,3.895,3.815,3.83,553.0,,,,,,,,,,,,,,,,,,,,,,,,,"rgba(239, 83, 80, 0.5)",,3.920098150308189,,47.777841344988474,3.8441733973591212,False,False,False,True,False,,0.0,0.0,0.0,0.0,1,,,False,False,False,False,,,False,False,False,False,18423.0,7012.869413646692,False,False,False,False,8651.395637535667,False,False,False,False
2025-01-31 20:00:00+00:00,3.83,3.87,3.805,3.85,3945.0,,,,,,,,,,,,,,,,,,,,,,,,,"rgba(239, 83, 80, 1.0)",,3.902785321529777,,45.529412109788254,1.8155408247925067,False,True,False,True,False,,0.0,0.0,0.0,0.0,1,,,False,False,False,False,,,False,False,False,False,22368.0,7250.933453745193,False,False,False,False,8578.428263310307,False,False,False,False
2025-02-03 15:00:00+00:00,3.69,3.805,3.66,3.8,2765.0,,,,,,,,,,,,,,,,,,,,,,,,,"rgba(239, 83, 80, 1.0)",,3.8535003915411097,,42.03320969619724,-1.4418166319540617,False,True,False,True,False,,0.0,0.0,0.0,0.0,0,,,False,False,False,False,,,False,False,False,False,19603.0,7442.438361439066,False,False,False,False,8488.29759256131,False,False,False,False
2025-02-03 16:00:00+00:00,3.8,3.805,3.745,3.755,2825.0,,,,,,,,,,,,,,,,,,,,,,,,,"rgba(239, 83, 80, 1.0)",,3.8471920331760554,,38.197922879829804,-5.001712941178262,False,True,False,True,False,,0.0,0.0,0.0,0.0,0,,,False,False,False,False,,,False,False,False,False,16778.0,7587.175751184197,False,False,False,False,8400.494529110747,False,False,False,False
2025-02-03 17:00:00+00:00,3.755,3.76,3.73,3.735,4352.0,,,,,,,,,,,,,,,,,,,,,,,,,"rgba(239, 83, 80, 1.0)",,3.833442323260456,,35.02536817111502,-7.952776821609575,False,True,False,True,False,,0.0,0.0,0.0,0.0,0,,,False,False,False,False,,,False,False,False,False,12426.0,7662.196282173589,False,False,False,False,8337.727172070268,False,False,False,False
2025-02-03 18:00:00+00:00,3.735,3.775,3.725,3.76,6442.0,,,,,,,,,,,,,,,,,,,,,,,,,"rgba(239, 83, 80, 1.0)",,3.8228450540241212,,34.77450241866815,-8.317676069001351,False,True,False,True,False,,0.0,0.0,0.0,0.0,0,,,False,False,False,False,,,False,False,False,False,18868.0,7835.929673147642,False,False,False,False,8308.336053123443,False,False,False,False
2025-02-03 19:00:00+00:00,3.765,3.81,3.76,3.805,4946.0,,,,,,,,,,,,,,,,,,,,,,,,,"rgba(239, 83, 80, 1.0)",,3.821912542865755,,37.60947271842182,-8.317676069001351,False,True,False,True,False,,0.0,0.0,0.0,0.0,0,,,False,False,False,False,,,False,False,False,False,23814.0,8083.651693718995,False,False,False,False,8256.206811989747,False,False,False,False
2025-02-03 20:00:00+00:00,3.805,3.83,3.77,3.77,10733.0,,,,,,,,,,,,,,,,,,,,,,,,,"rgba(239, 83, 80, 0.75)",,3.81871692837639,,37.95488922294784,-8.317676069001351,False,True,False,True,True,,0.0,0.0,0.0,0.0,0,,,False,False,False,False,,,False,False,False,False,13081.0,8161.129962033429,False,False,False,False,8294.606706377503,False,False,False,False
2025-02-04 15:00:00+00:00,3.805,3.83,3.77,3.82,1523.0,,,,,,,,,,,,,,,,,,,,,,,,,"rgba(239, 83, 80, 0.75)",,3.818770825569921,,41.18758359225651,-8.317676069001351,False,True,False,True,True,,0.0,0.0,0.0,0.0,0,,,False,False,False,False,,,False,False,False,False,14604.0,8261.0194199864,False,False,False,False,8189.620555891029,False,False,False,False
2025-02-04 16:00:00+00:00,3.815,3.87,3.815,3.84,711.0,,,,,,,,,,,,,,,,,,,,,,,,,"rgba(239, 83, 80, 0.75)",,3.819264665551527,,44.42401687446314,-12.007312101222304,False,True,False,True,True,0.0,0.0,0.0,0.0,0.0,0,,,False,False,False,False,,,False,False,False,False,15315.0,8370.38345998661,False,False,False,False,8073.672950373338,False,False,False,False
2025-02-04 17:00:00+00:00,3.835,3.845,3.79,3.845,1640.0,,,,,,,,,,,,,,,,,,,,,,,,,"rgba(239, 83, 80, 0.75)",,3.8198756791595248,,46.86202303948891,-9.549271362417201,False,True,False,True,True,0.0,0.0,0.0,0.0,0.0,0,,,False,False,False,False,,,False,False,False,False,16955.0,8503.478290064337,False,False,False,False,7973.926082925688,False,False,False,False
2025-02-04 18:00:00+00:00,3.845,3.85,3.83,3.845,3770.0,,,,,,,,,,,,,,,,,,,,,,,,,#000000,,3.822033250417088,,48.48736048283942,-7.817193760106733,False,True,False,False,True,0.0,0.0,0.0,0.0,0.0,0,,,False,False,False,False,,,False,False,False,False,16955.0,8634.509634404425,False,False,False,False,7908.748934353197,False,False,False,False
2025-02-04 19:00:00+00:00,3.845,3.855,3.78,3.78,6363.0,,,,,,,,,,,,,,,,,,,,,,,,,"rgba(239, 83, 80, 0.75)",,3.82131523807076,,45.77893743530595,-7.817193760106733,False,True,False,True,True,0.0,0.0,0.0,0.0,0.0,0,,,False,False,False,False,,,False,False,False,False,10592.0,8664.858322243117,False,False,False,False,7884.7838345957825,False,False,False,False
2025-02-04 20:00:00+00:00,3.785,3.8,3.775,3.785,10241.0,,,,,,,,,,,,,,,,,,,,,,,,,"rgba(239, 83, 80, 1.0)",,3.8177153512274655,,44.344516830797275,-7.817193760106733,False,True,False,True,False,0.0,0.0,0.0,0.0,0.0,0,,,False,False,False,False,,,False,False,False,False,20833.0,8853.511681588185,False,False,False,False,7921.314317780344,False,False,False,False
2025-02-05 15:00:00+00:00,3.76,3.855,3.75,3.845,1289.0,,,,,,,,,,,,,,,,,,,,,,,,,"rgba(239, 83, 80, 0.75)",,3.817813308056194,,47.315755683789945,-7.817193760106733,False,True,False,True,True,0.0,0.0,0.0,0.0,0.0,0,,,False,False,False,False,,,False,False,False,False,22122.0,9059.224678772864,False,False,False,False,7818.487739210105,False,False,False,False
2025-02-05 16:00:00+00:00,3.845,3.865,3.8,3.845,1976.0,,,,,,,,,,,,,,,,,,,,,,,,,#000000,,3.818444402448291,,49.296581585785056,-6.715308308181136,False,False,False,False,True,0.0,0.0,0.0,0.0,0.0,0,,,False,False,False,False,,,False,False,False,False,22122.0,9261.748327163981,False,False,False,False,7727.906533951034,False,False,False,False
2025-02-05 17:00:00+00:00,3.845,3.86,3.83,3.83,541.0,,,,,,,,,,,,,,,,,,,,,,,,,#000000,,3.818632484926411,,49.5539834230454,-6.199467352217859,False,False,False,False,True,0.0,0.0,0.0,0.0,0.0,0,,,False,False,False,False,,,False,False,False,False,21581.0,9452.74447713043,False,False,False,False,7616.481626447918,False,False,False,False
2025-02-05 18:00:00+00:00,3.835,3.84,3.8,3.82,581.0,,,,,,,,,,,,,,,,,,,,,,,,,#000000,,3.8186877870819735,,49.008195633814054,-6.199467352217859,False,False,False,False,True,0.0,0.0,0.0,0.0,0.0,0,,,False,False,False,False,,,False,False,False,False,21000.0,9631.771694539262,False,False,False,False,7507.404391929345,False,False,False,False
2025-02-05 19:00:00+00:00,3.82,3.83,3.8,3.81,924.0,,,,,,,,,,,,,,,,,,,,,,,,,"rgba(239, 83, 80, 0.5)",,3.8186978477017104,,47.907592350079625,-6.199467352217859,False,False,False,True,True,0.0,0.0,0.0,0.0,0.0,1,,,False,False,False,False,,,False,False,False,False,20076.0,9793.697714778964,False,False,False,False,7405.336106783154,False,False,False,False
2025-02-05 20:00:00+00:00,3.815,3.85,3.8,3.83,5413.0,,,,,,,,,,,,,,,,,,,,,,,,,#000000,,3.8195470431880025,,48.87553588990366,-5.897803131042174,False,False,False,False,True,0.0,0.0,0.0,0.0,0.0,1,,,False,False,False,False,,,False,False,False,False,25489.0,10037.03573470487,False,False,False,False,7374.447174895042,False,False,False,False
2025-02-06 15:00:00+00:00,3.86,3.885,3.82,3.86,2638.0,,,,,,,,,,,,,,,,,,,,,,,,,"rgba(38, 166, 154, 1.0)",,3.827585349088634,,51.76614670659924,-2.904041377073554,True,False,True,False,True,0.0,0.0,0.0,0.0,0.0,1,,,False,False,False,False,,,False,False,False,False,28127.0,10317.500296957509,False,False,False,False,7301.013885361785,False,False,False,False
2025-02-06 16:00:00+00:00,3.865,3.885,3.84,3.84,688.0,,,,,,,,,,,,,,,,,,,,,,,,,"rgba(38, 166, 154, 1.0)",,3.832351614139307,,51.906568213675776,-2.524837897503005,True,False,True,False,True,0.0,0.0,0.0,0.0,0.0,1,,,False,False,False,False,,,False,False,False,False,27439.0,10582.949904756617,False,False,False,False,7198.486538301912,False,False,False,False
2025-02-06 17:00:00+00:00,3.845,3.855,3.825,3.855,1183.0,,,,,,,,,,,,,,,,,,,,,,,,,"rgba(38, 166, 154, 1.0)",,3.831106447107636,,53.161405296307734,-1.0654078162909286,True,False,True,False,True,0.0,0.0,0.0,0.0,0.0,1,,,False,False,False,False,,,False,False,False,False,28622.0,10862.625100031708,False,False,False,False,7105.223181118937,False,False,False,False
2025-02-06 18:00:00+00:00,3.855,3.855,3.815,3.83,880.0,,,,,,,,,,,,,,,,,,,,,,,,,#000000,,3.8298750801388963,,51.767520414907295,-1.0654078162909286,True,False,False,False,True,0.0,0.0,0.0,0.0,0.0,1,,,False,False,False,False,,,False,False,False,False,27742.0,11124.320834914937,False,False,False,False,7008.708093039573,False,False,False,False
2025-02-06 19:00:00+00:00,3.83,3.835,3.755,3.76,1722.0,,,,,,,,,,,,,,,,,,,,,,,,,"rgba(239, 83, 80, 0.5)",,3.8229329563968286,,46.354457521081876,0.6965067098308424,False,False,False,True,False,0.0,0.0,0.0,0.0,0.0,1,,,False,False,False,False,,,False,False,False,False,26020.0,11355.261597164317,False,False,False,False,6926.74362648082,False,False,False,False
2025-02-06 20:00:00+00:00,3.76,3.81,3.755,3.81,1862.0,,,,,,,,,,,,,,,,,,,,,,,,,"rgba(239, 83, 80, 0.5)",,3.819765330844491,,46.63100351404689,0.6965067098308424,False,False,False,True,False,0.0,0.0,0.0,0.0,0.0,1,,,False,False,False,False,,,False,False,False,False,27882.0,11611.490099533863,False,False,False,False,6848.220469481117,False,False,False,False
2025-02-07 15:00:00+00:00,3.81,3.825,3.765,3.8,1082.0,,,,,,,,,,,,,,,,,,,,,,,,,"rgba(239, 83, 80, 0.5)",,3.818748087605666,,46.200597663233324,0.4608419430721753,False,False,False,True,False,0.0,0.0,0.0,0.0,0.0,1,,,False,False,False,False,,,False,False,False,False,26800.0,11846.9708731845,False,False,False,False,6758.821702512418,False,False,False,False
2025-02-07 16:00:00+00:00,3.795,3.81,3.755,3.755,439.0,,,,,,,,,,,,,,,,,,,,,,,,,"rgba(239, 83, 80, 1.0)",,3.817945988135287,,43.417066590270686,-2.2866355249136205,False,True,False,True,False,0.0,0.0,0.0,0.0,0.0,1,,,False,False,False,False,,,False,False,False,False,26361.0,12071.99458057699,False,False,False,False,6660.839970690519,False,False,False,False
2025-02-07 17:00:00+00:00,3.75,3.815,3.735,3.81,3314.0,,,,,,,,,,,,,,,,,,,,,,,,,"rgba(239, 83, 80, 0.5)",,3.8109150901963775,,45.39596400244143,-2.2866355249136205,False,False,False,True,True,0.0,0.0,0.0,0.0,0.0,1,,,False,False,False,False,,,False,False,False,False,29675.0,12344.909393281223,False,False,False,False,6608.950978896868,False,False,False,False
2025-02-07 18:00:00+00:00,3.805,3.815,3.775,3.775,389.0,,,,,,,,,,,,,,,,,,,,,,,,,"rgba(239, 83, 80, 0.75)",,3.8107277307684213,,44.79031017698275,-2.2866355249136205,False,True,False,True,True,0.0,0.0,0.0,0.0,0.0,0,,,False,False,False,False,,,False,False,False,False,29286.0,12607.56196082725,False,False,False,False,6512.517630386839,False,False,False,False
2025-02-07 19:00:00+00:00,3.775,3.79,3.76,3.79,4421.0,,,,,,,,,,,,,,,,,,,,,,,,,"rgba(239, 83, 80, 0.5)",,3.8074859981450477,,45.39086625247727,-2.2866355249136205,False,False,False,True,True,0.0,0.0,0.0,0.0,0.0,0,,,False,False,False,False,,,False,False,False,False,33707.0,12934.685031202021,False,False,False,False,6480.091000458361,False,False,False,False
2025-02-07 20:00:00+00:00,3.785,3.805,3.745,3.76,8195.0,,,,,,,,,,,,,,,,,,,,,,,,,"rgba(239, 83, 80, 0.75)",,3.802077512872407,,44.12533414655774,-2.2866355249136205,False,True,False,True,True,0.0,0.0,0.0,0.0,0.0,0,,,False,False,False,False,,,False,False,False,False,25512.0,13129.682162501214,False,False,False,False,6506.678736885363,False,False,False,False
2025-02-10 15:00:00+00:00,3.825,3.915,3.815,3.845,2420.0,,,,,,,,,,,,,,,,,,,,,,,,,#000000,,3.812399699903133,,48.24209797536443,-5.8795643673328755,True,False,False,False,True,0.0,0.0,0.0,0.0,0.0,1,,,False,False,False,False,,,False,False,False,False,27932.0,13359.175462307396,False,False,False,False,6443.319376623574,False,False,False,False
2025-02-10 16:00:00+00:00,3.845,3.86,3.815,3.82,620.0,,,,,,,,,,,,,,,,,,,,,,,,,#000000,,3.812144066058506,,49.5229195296797,-4.666038954673041,True,False,False,False,True,0.0,0.0,0.0,0.0,0.0,1,,,False,False,False,False,,,False,False,False,False,27312.0,13575.498323356893,False,False,False,False,6353.035355280572,False,False,False,False
2025-02-10 17:00:00+00:00,3.82,3.83,3.805,3.815,487.0,,,,,,,,,,,,,,,,,,,,,,,,,#000000,0.07245377526084845,3.811698239380391,0.04557058079750928,50.07829872733924,-4.041708868064823,True,False,False,False,True,0.0,0.0,0.0,0.0,0.0,1,,,False,False,False,False,,,False,False,False,False,26825.0,13780.916954002523,False,False,False,False,6262.089070702578,False,False,False,False
2025-02-10 18:00:00+00:00,3.815,3.82,3.8,3.815,690.0,,,,,,,,,,,,,,,,,,,,,,,,,#000000,0.07262249670058865,3.8111351674209395,0.053218117727273404,50.44855152577893,-3.499552476725782,True,False,False,False,True,0.0,0.0,0.0,0.0,0.0,1,,,False,False,False,False,,,False,False,False,False,26825.0,13983.150799676903,False,False,False,False,6175.700092862228,False,False,False,False
2025-02-10 19:00:00+00:00,3.815,3.815,3.785,3.785,920.0,,,,,,,,,,,,,,,,,,,,,,,,,#000000,0.07307326941298492,3.8100274099564766,-0.3424974707923654,48.72488338585534,-3.499552476725782,True,False,False,False,True,0.0,0.0,0.0,0.0,0.0,1,,,False,False,False,False,,,False,False,False,False,25905.0,14167.985670999742,False,False,False,False,6094.216370492271,False,False,False,False
2025-02-10 20:00:00+00:00,3.785,3.79,3.755,3.78,5020.0,,,,,,,,,,,,,,,,,,,,,,,,,"rgba(239, 83, 80, 0.5)",0.07355496810775805,3.804523454530857,-0.333403101948605,47.25589599847045,-3.499552476725782,True,False,False,True,False,0.0,0.0,0.0,0.0,0.0,1,,,False,False,False,False,,,False,False,False,False,20885.0,14272.125428038506,False,False,False,False,6077.561853120297,False,False,False,False
2025-02-11 15:00:00+00:00,3.635,3.695,3.625,3.68,393.0,,,,,,,,,,,,,,,,,,,,,,,,,"rgba(239, 83, 80, 1.0)",0.07646214396326735,3.8030892032784367,-1.6098058058320854,41.50658700903007,-4.329448163281832,False,True,False,True,False,0.0,0.0,0.0,0.0,0.0,1,,,False,False,False,False,,,False,False,False,False,20492.0,14368.557591944886,False,False,False,False,5989.429111211455,False,False,False,False
2025-02-11 16:00:00+00:00,3.69,3.705,3.64,3.645,720.0,,,,,,,,,,,,,,,,,,,,,,,,,"rgba(239, 83, 80, 1.0)",0.08031609848390066,3.8005537990764178,-1.9367698632372994,36.545433609747,-8.717968156898337,False,True,False,True,False,0.0,0.0,0.0,0.0,0.0,0,,,False,False,False,False,,,False,False,False,False,19772.0,14452.331892844964,False,False,False,False,5907.732535843836,False,False,False,False
2025-02-11 17:00:00+00:00,3.645,3.665,3.625,3.64,2139.0,,,,,,,,,,,,,,,,,,,,,,,,,"rgba(239, 83, 80, 1.0)",0.08396143473358746,3.7929717090518764,-1.821928240474461,33.07998544657046,-11.659850053464808,False,True,False,True,False,0.0,0.0,0.0,0.0,0.0,0,,,False,False,False,False,,,False,False,False,False,17633.0,14501.644576676825,False,False,False,False,5849.302574047807,False,False,False,False
2025-02-11 18:00:00+00:00,3.645,3.645,3.62,3.625,1214.0,,,,,,,,,,,,,,,,,,,,,,,,,"rgba(239, 83, 80, 1.0)",0.086109975774749,3.7888776956498504,-1.9031209122451773,30.27558226796021,-14.059137083582172,False,True,False,True,False,0.0,0.0,0.0,0.0,0.0,0,,,False,False,False,False,,,False,False,False,False,16419.0,14531.371017348501,False,False,False,False,5777.43741786102,False,False,False,False
2025-02-11 19:00:00+00:00,3.625,3.635,3.59,3.59,2601.0,,,,,,,,,,,,,,,,,,,,,,,,,"rgba(239, 83, 80, 1.0)",0.08890890165103105,3.779885667417716,-2.1357329119081974,27.34095917638037,-16.667634756906892,False,True,False,True,False,0.0,0.0,0.0,0.0,0.0,0,,,False,False,False,False,,,False,False,False,False,13818.0,14520.311001575656,False,False,False,False,5728.190326111237,False,False,False,False
2025-02-11 20:00:00+00:00,3.595,3.61,3.565,3.57,4517.0,,,,,,,,,,,,,,,,,,,,,,,,,"rgba(239, 83, 80, 1.0)",0.09173807210680729,3.7653721702569904,-2.129673817752851,24.834381559382294,-18.954490587190392,False,True,False,True,False,0.0,0.0,0.0,0.0,0.0,0,,,False,False,False,False,,,False,False,False,False,9301.0,14439.39145116363,False,False,False,False,5709.412181520364,False,False,False,False
2025-02-12 15:00:00+00:00,3.51,3.52,3.465,3.475,596.0,,,,,,,,,,,,,,,,,,,,,,,,,"rgba(239, 83, 80, 1.0)",0.09942909103549134,3.76270117262774,-2.893531155032329,21.239588719010627,-22.297627314164654,False,True,False,True,False,0.0,0.0,0.0,0.0,0.0,0,,,False,False,False,False,,,False,False,False,False,8705.0,14350.48615734714,False,False,False,False,5630.134473279738,False,False,False,False
2025-02-12 16:00:00+00:00,3.475,3.495,3.46,3.485,1072.0,,,,,,,,,,,,,,,,,,,,,,,,,"rgba(239, 83, 80, 1.0)",0.10606210996944682,3.727081540104994,-2.2824507279247075,19.797984181896663,-23.69252284366587,False,True,False,True,False,0.0,0.0,0.0,0.0,0.0,0,,,False,False,False,False,,,False,False,False,False,9777.0,14279.579395217728,False,False,False,False,5559.465721756021,False,False,False,False
2025-02-12 17:00:00+00:00,3.485,3.515,3.485,3.515,454.0,,,,,,,,,,,,,,,,,,,,,,,,,"rgba(239, 83, 80, 1.0)",0.11093582269382868,3.7263606885446965,-1.9052519142354032,21.637339858125973,-23.69252284366587,False,True,False,True,False,0.0,0.0,0.0,0.0,0.0,0,,,False,False,False,False,,,False,False,False,False,10231.0,14216.810722423654,False,False,False,False,5480.311214441974,False,False,False,False
2025-02-12 18:00:00+00:00,3.515,3.52,3.475,3.485,4120.0,,,,,,,,,,,,,,,,,,,,,,,,,"rgba(239, 83, 80, 1.0)",0.11656100749593873,3.713455772307457,-1.9599673785885636,22.00167342751637,-23.69252284366587,False,True,False,True,False,0.0,0.0,0.0,0.0,0.0,0,,,False,False,False,False,,,False,False,False,False,6111.0,14091.13923835507,False,False,False,False,5459.221118094036,False,False,False,False
2025-02-12 19:00:00+00:00,3.485,3.505,3.47,3.5,1008.0,,,,,,,,,,,,,,,,,,,,,,,,,"rgba(239, 83, 80, 0.75)",0.12130031230695806,3.7104860548369487,-1.7352474270989553,23.64393548122505,-23.69252284366587,False,True,False,True,True,0.0,0.0,0.0,0.0,0.0,0,,,False,False,False,False,,,False,False,False,False,7119.0,13983.044056365068,False,False,False,False,5390.209937968547,False,False,False,False
2025-02-12 20:00:00+00:00,3.495,3.5,3.46,3.46,3791.0,,,,,,,,,,,,,,,,,,,,,,,,,"rgba(239, 83, 80, 0.75)",0.1270456752652501,3.676118328303686,-1.701107321067537,23.480777454792914,-23.69252284366587,False,True,False,True,True,0.0,0.0,0.0,0.0,0.0,0,,,False,False,False,False,,,False,False,False,False,3328.0,13817.849574871036,True,False,False,False,5365.415985441902,False,False,False,False
2025-02-13 15:00:00+00:00,3.805,3.84,3.76,3.77,6537.0,,,,,,,,,,,,,,,,,,,,,,,,,"rgba(239, 83, 80, 0.75)",0.12658946200964621,3.714041575243268,0.4420464694957617,37.45881008452112,-19.05901208068134,False,True,False,True,True,0.0,0.0,0.0,0.0,0.0,0,,,False,False,False,False,,,False,False,False,False,9865.0,13756.565085338152,False,False,False,False,5383.580078690865,False,False,False,False
2025-02-13 16:00:00+00:00,3.755,3.795,3.735,3.775,703.0,,,,,,,,,,,,,,,,,,,,,,,,,#000000,0.12591914322544606,3.715719819674502,0.47077973060349076,46.891400616431156,-10.905160314074024,True,False,False,False,True,0.0,0.0,0.0,0.0,0.0,0,,,False,False,False,False,,,False,False,False,False,10568.0,13707.12996773601,False,False,False,False,5311.012945687906,False,False,False,False
2025-02-13 17:00:00+00:00,3.775,3.835,3.775,3.795,4202.0,,,,,,,,,,,,,,,,,,,,,,,,,"rgba(38, 166, 154, 1.0)",0.12483870674875827,3.7263324846192964,0.5500498777105963,53.665686538178576,-5.314833357074875,True,False,True,False,True,0.15321002090408697,0.0,0.0,0.0,0.0,0,,,False,False,False,False,,,False,False,False,False,14770.0,13723.608572887388,False,False,False,False,5293.818946529954,False,False,False,False
2025-02-13 18:00:00+00:00,3.795,3.795,3.735,3.775,3104.0,,,,,,,,,,,,,,,,,,,,,,,,,"rgba(38, 166, 154, 1.0)",0.1230176139149719,3.7301740374821692,0.3643865385717346,57.15796791918012,-2.570293055802246,True,False,True,False,True,0.0,0.0,0.0,0.0,0.0,0,,,False,False,False,False,,,False,False,False,False,11666.0,13691.707664780606,False,False,False,False,5259.868265188404,False,False,False,False
2025-02-13 19:00:00+00:00,3.775,3.865,3.77,3.845,1249.0,,,,,,,,,,,,,,,,,,,,,,,,,"rgba(38, 166, 154, 1.0)",0.12248434354812116,3.732776999724206,0.9162232251479923,61.30895193153726,1.0761687032919696,True,False,True,False,True,2.5400858243688518,0.0,0.0,0.0,0.0,0,,,False,False,False,False,,,False,False,False,False,12915.0,13679.665685481681,False,False,False,False,5197.684261076955,False,False,False,False
2025-02-13 20:00:00+00:00,3.845,3.9,3.845,3.88,5756.0,,,,,,,,,,,,,,,,,,,,,,,,,"rgba(38, 166, 154, 1.0)",0.12179061932248603,3.7584849059669314,0.9977377133727517,64.8765795308821,4.373450629743864,True,False,True,False,True,4.143839556456996,0.0,0.0,0.0,0.0,0,,,False,False,False,False,,,False,False,False,False,18671.0,13757.050713613748,False,False,False,False,5206.340319044754,False,True,False,False
2025-02-14 15:00:00+00:00,3.875,3.88,3.79,3.815,439.0,,,,,,,,,,,,,,,,,,,,,,,,,"rgba(38, 166, 154, 1.0)",0.12098313485324584,3.758735116455587,0.46506385879869033,63.854134409434124,4.373450629743864,True,False,True,False,True,0.9579385924827193,0.0,0.0,0.0,0.0,0,,,False,False,False,False,,,False,False,False,False,18232.0,13826.42977231741,False,False,False,False,5132.428066036308,False,False,False,False
2025-02-14 16:00:00+00:00,3.815,3.835,3.8,3.82,1151.0,,,,,,,,,,,,,,,,,,,,,,,,,"rgba(38, 166, 154, 1.0)",0.11901434541438338,3.759215167768669,0.5107353405145462,63.326695805750376,4.373450629743864,True,False,True,False,True,1.191152342641356,0.0,0.0,0.0,0.0,0,,,False,False,False,False,,,False,False,False,False,19383.0,13912.578147940396,False,False,False,False,5070.700499121017,False,False,False,False
2025-02-14 17:00:00+00:00,3.815,3.825,3.775,3.775,695.0,,,,,,,,,,,,,,,,,,,,,,,,,"rgba(38, 166, 154, 0.75)",0.11762675738986346,3.759128140631758,0.13493408915146934,60.70755759268402,4.373450629743864,True,False,True,False,False,0.0,0.0,0.0,0.0,0.0,0,,,False,False,False,False,,,False,False,False,False,18688.0,13986.615696034343,False,False,False,False,5002.860181305187,False,False,False,False
2025-02-14 18:00:00+00:00,3.775,3.79,3.72,3.745,548.0,,,,,,,,,,,,,,,,,,,,,,,,,"rgba(38, 166, 154, 0.75)",0.11753174767572996,3.7585980786310604,-0.11569706823876576,57.5613206609256,4.373450629743864,True,False,True,False,False,0.0,0.0,0.0,0.0,0.0,0,,,False,False,False,False,,,False,False,False,False,18140.0,14051.009251134585,False,False,False,False,4933.792581595029,False,False,False,False
2025-02-14 19:00:00+00:00,3.745,3.76,3.72,3.75,1327.0,,,,,,,,,,,,,,,,,,,,,,,,,"rgba(38, 166, 154, 0.75)",0.11751507474699804,3.756178513953642,-0.052576352156895836,55.69123719639565,4.373450629743864,True,False,True,False,False,0.0,0.0,0.0,0.0,0.0,0,,,False,False,False,False,,,False,False,False,False,19467.0,14134.978099954204,False,False,False,False,4877.8733167640985,False,False,False,False
2025-02-14 20:00:00+00:00,3.74,3.765,3.725,3.755,3683.0,,,,,,,,,,,,,,,,,,,,,,,,,"rgba(38, 166, 154, 0.75)",0.11672007786399186,3.7548173395244135,0.001564944771534461,54.692855784779226,4.373450629743864,True,False,True,False,False,0.0,0.0,0.0,0.0,0.0,0,,,False,False,False,False,,,False,False,False,False,23150.0,14274.745881350262,False,False,False,False,4859.34814906233,False,False,False,False
2025-02-17 15:00:00+00:00,3.755,3.755,3.755,3.755,0.0,,,,,,,,,,,,,,,,,,,,,,,,,"rgba(38, 166, 154, 0.75)",0.11595541236896793,3.7548173395244135,0.0015752647664701244,54.02726817703494,11.688584175175201,True,False,True,False,False,0.0,0.0,0.0,0.0,0.0,0,,,False,False,False,False,,,False,False,False,False,23150.0,14412.346720399093,False,False,False,False,4784.009418069115,False,False,False,False
2025-02-17 16:00:00+00:00,3.755,3.755,3.755,3.755,0.0,,,,,,,,,,,,,,,,,,,,,,,,,"rgba(38, 166, 154, 0.75)",0.11515277748348889,3.7548173395244135,0.001586244635849447,53.58354310520542,10.60853431027465,True,False,True,False,False,0.0,0.0,0.0,0.0,0.0,0,,,False,False,False,False,,,False,False,False,False,23150.0,14547.814213106083,False,False,False,False,4709.838729416881,False,False,False,False
2025-02-17 17:00:00+00:00,3.755,3.755,3.755,3.755,0.0,,,,,,,,,,,,,,,,,,,,,,,,,"rgba(38, 166, 154, 0.75)",0.11363316195325747,3.7548173395244135,0.0016074574749709585,53.2877263906524,9.654051751408701,True,False,True,False,False,0.0,0.0,0.0,0.0,0.0,0,,,False,False,False,False,,,False,False,False,False,23150.0,14681.181434608314,False,False,False,False,4636.817973922045,False,False,False,False
2025-02-17 18:00:00+00:00,3.755,3.755,3.755,3.755,0.0,,,,,,,,,,,,,,,,,,,,,,,,,"rgba(38, 166, 154, 0.75)",0.11249852851890402,3.7548173395244135,0.0016236699092082379,53.09051524761706,8.800362567886367,True,False,True,False,False,0.0,0.0,0.0,0.0,0.0,0,,,False,False,False,False,,,False,False,False,False,23150.0,14812.480947250044,False,False,False,False,4564.929323163564,False,False,False,False
2025-02-17 19:00:00+00:00,3.755,3.755,3.755,3.755,0.0,,,,,,,,,,,,,,,,,,,,,,,,,"rgba(38, 166, 154, 0.75)",0.1123650341560961,3.7548173395244135,0.0016255988970074052,52.95904115226017,8.033496043342716,True,False,True,False,False,0.0,0.0,0.0,0.0,0.0,0,,,False,False,False,False,,,False,False,False,False,23150.0,14941.744808532987,False,False,False,False,4494.15522513002,False,False,False,False
2025-02-17 20:00:00+00:00,3.755,3.755,3.755,3.755,0.0,,,,,,,,,,,,,,,,,,,,,,,,,"rgba(38, 166, 154, 0.75)",0.11202786815450425,3.7548173395244135,0.0016304914000008586,52.871391755355575,7.344982235805752,True,False,True,False,False,0.0,0.0,0.0,0.0,0.0,0,,,False,False,False,False,,,False,False,False,False,23150.0,15069.004578943328,False,False,False,False,4424.478399934205,False,False,False,False
2025-02-18 15:00:00+00:00,3.785,3.895,3.77,3.845,1472.0,,,,,,,,,,,,,,,,,,,,,,,,,"rgba(38, 166, 154, 1.0)",0.11127990032443398,3.758187272991463,0.7801294461572713,58.945987329589336,4.428434133738506,True,False,True,False,True,2.986496865365634,0.0,0.0,0.0,0.0,0,,,False,False,False,False,,,False,False,False,False,24622.0,15217.113035083741,False,False,False,False,4378.703541020497,False,False,False,False
2025-02-18 16:00:00+00:00,3.85,3.85,3.785,3.79,743.0,,,,,,,,,,,,,,,,,,,,,,,,,"rgba(38, 166, 154, 1.0)",0.10975061821328363,3.7590113071377704,0.28235551987513907,57.99566136455155,4.428434133738506,True,False,True,False,True,0.04431642937589686,0.0,0.0,0.0,0.0,0,,,False,False,False,False,,,False,False,False,False,23879.0,15351.405856245234,False,False,False,False,4322.336044260489,False,False,False,False
2025-02-18 17:00:00+00:00,3.785,3.83,3.775,3.82,1292.0,,,,,,,,,,,,,,,,,,,,,,,,,"rgba(38, 166, 154, 1.0)",0.10850071615157732,3.7602736308613953,0.5504698149196157,59.039698529370085,4.6904971744295665,True,False,True,False,True,1.5858818741252847,0.0,0.0,0.0,0.0,0,,,False,False,False,False,,,False,False,False,False,25171.0,15503.64762591585,False,False,False,False,4275.354090085908,False,False,False,False
2025-02-18 18:00:00+00:00,3.825,3.83,3.8,3.81,1220.0,,,,,,,,,,,,,,,,,,,,,,,,,"rgba(38, 166, 154, 1.0)",0.10695932543400338,3.761465203277373,0.4537687249399704,58.89594845567889,4.777263953926223,True,False,True,False,True,1.0538577623398098,0.0,0.0,0.0,0.0,0,,,False,False,False,False,,,False,False,False,False,23951.0,15634.614329390022,False,False,False,False,4227.984259231863,False,False,False,False
2025-02-18 19:00:00+00:00,3.815,3.83,3.785,3.82,1826.0,,,,,,,,,,,,,,,,,,,,,,,,,"rgba(38, 166, 154, 1.0)",0.10448212054468102,3.762977765984218,0.5457606882260456,59.411486265545236,5.553526148916262,True,False,True,False,True,1.5743381768647993,0.0,0.0,0.0,0.0,0,,,False,False,False,False,,,False,False,False,False,25777.0,15791.860618856843,False,False,False,False,4190.74419319726,False,False,False,False
2025-02-18 20:00:00+00:00,3.815,3.95,3.805,3.88,19576.0,,,,,,,,,,,,,,,,,,,,,,,,,"rgba(38, 166, 154, 1.0)",0.10245557156223319,3.796196259575824,0.817952007356399,62.79104120356045,8.91630760427428,True,False,True,False,True,4.607800332779156,0.0,0.0,0.0,0.0,0,,,False,False,False,False,,,False,False,False,False,45353.0,16250.172857324178,False,False,False,False,4429.275290977147,False,True,False,False
2025-02-19 15:00:00+00:00,3.84,3.845,3.765,3.77,756.0,,,,,,,,,,,,,,,,,,,,,,,,,"rgba(38, 166, 154, 0.75)",0.1012982395371858,3.79586788090388,-0.2553635781042772,57.579691903317375,11.831306117557013,True,False,True,False,False,0.0,0.0,0.0,0.0,0.0,0,,,False,False,False,False,,,False,False,False,False,44597.0,16689.658549458687,False,False,False,False,4372.325286465873,False,False,False,False
2025-02-19 16:00:00+00:00,3.765,3.79,3.76,3.775,394.0,,,,,,,,,,,,,,,,,,,,,,,,,"rgba(38, 166, 154, 0.75)",0.10099696721875923,3.7955992004284647,-0.2039586038642816,54.39077178500965,9.032417036080687,True,False,True,False,False,0.0,0.0,0.0,0.0,0.0,0,,,False,False,False,False,,,False,False,False,False,44991.0,17128.439037063978,False,False,False,False,4310.6458246602015,False,False,False,False
2025-02-19 17:00:00+00:00,3.775,3.785,3.765,3.765,881.0,,,,,,,,,,,,,,,,,,,,,,,,,#000000,0.10046177167244914,3.7949845874035666,-0.2984676350455952,51.70205864385625,6.67652926257189,True,False,False,False,False,0.0,0.0,0.0,0.0,0.0,0,,,False,False,False,False,,,False,False,False,False,44110.0,17546.75781168314,False,False,False,False,4257.4730211770975,False,False,False,False
2025-02-19 18:00:00+00:00,3.765,3.795,3.765,3.765,2325.0,,,,,,,,,,,,,,,,,,,,,,,,,#000000,0.10035468630344474,3.793642486703653,-0.2854125478210958,49.90958321642064,5.077330788423758,False,False,False,False,False,0.0,0.0,0.0,0.0,0.0,0,,,False,False,False,False,,,False,False,False,False,44110.0,17958.591023905105,False,False,False,False,4227.512199143344,False,False,False,False
2025-02-19 19:00:00+00:00,3.75,3.8,3.74,3.77,1104.0,,,,,,,,,,,,,,,,,,,,,,,,,#000000,0.10036047640991429,3.79300249383876,-0.22919873103041322,49.10405891898641,4.269346267956813,False,False,False,False,False,0.0,0.0,0.0,0.0,0.0,0,,,False,False,False,False,,,False,False,False,False,45214.0,18381.155504154638,False,False,False,False,4179.085653420191,False,False,False,False
2025-02-19 20:00:00+00:00,3.775,3.775,3.74,3.74,2849.0,,,,,,,,,,,,,,,,,,,,,,,,,"rgba(239, 83, 80, 0.5)",0.10034548428412687,3.7908750483411855,-0.5069988819540028,46.538970461143236,1.7525806191981985,False,False,False,True,False,0.0,0.0,0.0,0.0,0.0,0,,,False,False,False,False,,,False,False,False,False,42365.0,18752.99805447782,False,False,False,False,4158.464170421429,False,False,False,False
2025-02-20 15:00:00+00:00,3.685,3.685,3.635,3.635,672.0,,,,,,,,,,,,,,,,,,,,,,,,,"rgba(239, 83, 80, 1.0)",0.10137491738035403,3.7895775948923434,-1.5248110566874795,40.200875977677995,-4.129322224428591,False,True,False,True,False,0.0,0.0,0.0,0.0,0.0,0,,,False,False,False,False,,,False,False,False,False,41693.0,19108.656999369636,False,False,False,False,4104.41046235288,False,False,False,False
2025-02-20 16:00:00+00:00,3.63,3.65,3.575,3.575,476.0,,,,,,,,,,,,,,,,,,,,,,,,,"rgba(239, 83, 80, 1.0)",0.10339668212217255,3.788375771767707,-2.0636616899910183,34.34854693553234,-9.33124778477881,False,True,False,True,False,0.0,0.0,0.0,0.0,0.0,0,,,False,False,False,False,,,False,False,False,False,41217.0,19451.422007131347,False,False,False,False,4048.1560365799673,False,False,False,False
2025-02-20 17:00:00+00:00,3.575,3.61,3.575,3.58,229.0,,,,,,,,,,,,,,,,,,,,,,,,,"rgba(239, 83, 80, 1.0)",0.10533528621749808,3.7877727447412175,-1.9724894876366954,30.868644801828193,-12.299709687951022,False,True,False,True,False,0.0,0.0,0.0,0.0,0.0,0,,,False,False,False,False,,,False,False,False,False,41446.0,19792.423216323106,False,False,False,False,3988.9443150826037,False,False,False,False
2025-02-20 18:00:00+00:00,3.575,3.605,3.575,3.595,679.0,,,,,,,,,,,,,,,,,,,,,,,,,"rgba(239, 83, 80, 1.0)",0.10658448410651507,3.7860437836472616,-1.7924164595696876,29.875297080366487,-13.139666710134946,False,True,False,True,False,0.0,0.0,0.0,0.0,0.0,0,,,False,False,False,False,,,False,False,False,False,42125.0,20138.66471684523,False,False,False,False,3937.627348957292,False,False,False,False
2025-02-20 19:00:00+00:00,3.595,3.605,3.58,3.585,674.0,,,,,,,,,,,,,,,,,,,,,,,,,"rgba(239, 83, 80, 1.0)",0.10772077685277556,3.784358180458634,-1.8506938613253905,28.862168661288912,-14.23271368814693,False,True,False,True,False,0.0,0.0,0.0,0.0,0.0,0,,,False,False,False,False,,,False,False,False,False,41451.0,20469.08851968484,False,False,False,False,3887.0284753300466,False,False,False,False
2025-02-20 20:00:00+00:00,3.585,3.59,3.565,3.57,3711.0,,,,,,,,,,,,,,,,,,,,,,,,,"rgba(239, 83, 80, 1.0)",0.10898293113730687,3.7751542455528866,-1.8824438231929574,27.651082926189616,-15.650043433476881,False,True,False,True,False,0.0,0.0,0.0,0.0,0.0,0,,,False,False,False,False,,,False,False,False,False,37740.0,20736.85458914709,False,False,False,False,3884.2993516815186,False,False,False,False
2025-02-21 15:00:00+00:00,3.46,3.47,3.415,3.425,1268.0,,,,,,,,,,,,,,,,,,,,,,,,,"rgba(239, 83, 80, 1.0)",0.11430392551171226,3.7703250414619354,-3.0211127038375554,23.52703400775627,-19.761638572227852,False,True,False,True,False,0.0,0.0,0.0,0.0,0.0,0,,,False,False,False,False,,,False,False,False,False,36472.0,20980.81033195101,False,False,False,False,3843.7365710352933,False,False,False,False
2025-02-21 16:00:00+00:00,3.43,3.435,3.415,3.425,901.0,,,,,,,,,,,,,,,,,,,,,,,,,"rgba(239, 83, 80, 1.0)",0.11971580461189547,3.7668951834253854,-2.8558901185500902,20.77766806213404,-22.496550601091773,False,True,False,True,False,0.0,0.0,0.0,0.0,0.0,0,,,False,False,False,False,-0.34282825441539394,-0.34282825441539394,False,False,False,False,36472.0,21220.983815176573,False,False,False,False,3798.1127482285447,False,False,False,False
2025-02-21 17:00:00+00:00,3.425,3.43,3.365,3.37,128.0,,,,,,,,,,,,,,,,,,,,,,,,,"rgba(239, 83, 80, 1.0)",0.12663034092682088,3.766364511948637,-3.1300911696802136,18.13399781841228,-25.135634567187008,False,True,False,True,False,0.0,0.0,0.0,0.0,0.0,0,0.9080157687253615,1.042706964520368,False,False,False,False,-0.34282825441539394,-0.34282825441539394,False,False,False,False,36344.0,21455.449182383138,False,False,False,False,3741.211775387792,False,False,False,False
2025-02-21 18:00:00+00:00,3.37,3.41,3.355,3.37,713.0,,,,,,,,,,,,,,,,,,,,,,,,,"rgba(239, 83, 80, 1.0)",0.132376646643493,3.7633693298136395,-2.971591589512254,16.37155098926444,-26.98811620031512,False,True,False,True,False,0.0,0.0,0.0,0.0,0.0,0,0.89652914210871,1.0438768827766864,False,False,False,False,-0.34282825441539394,-0.34282825441539394,False,False,False,False,36344.0,21686.279427617505,False,False,False,False,3694.262755614338,False,False,False,False
2025-02-21 19:00:00+00:00,3.37,3.38,3.355,3.36,1590.0,,,,,,,,,,,,,,,,,,,,,,,,,"rgba(239, 83, 80, 1.0)",0.13793075034919336,3.7566924757020104,-2.8760263733628735,15.04526278758241,-28.505011168793132,False,True,False,True,False,0.0,0.0,0.0,0.0,0.0,0,0.8957377049180328,1.0491803278688525,False,False,False,False,-0.34282825441539394,-0.34282825441539394,False,False,False,False,34754.0,21888.879746569168,False,False,False,False,3661.638526845123,False,False,False,False
2025-02-21 20:00:00+00:00,3.365,3.4,3.35,3.35,19635.0,,,,,,,,,,,,,,,,,,,,,,,,,"rgba(239, 83, 80, 1.0)",0.1434901823555606,3.6934757513343084,-2.3937230108412204,14.003126454145033,-29.82291124138118,False,True,False,True,False,0.0,0.0,0.0,0.0,0.0,0,0.8948399738732854,1.0450685826257349,False,False,False,False,-0.33465103638178484,-0.33873964539858936,False,False,False,False,15119.0,21783.920370653366,False,False,False,False,3909.2875419327956,False,False,False,False
2025-02-24 15:00:00+00:00,3.385,3.41,3.335,3.335,7832.0,,,,,,,,,,,,,,,,,,,,,,,,,"rgba(239, 83, 80, 1.0)",0.14916364434000795,3.6743837169313087,-2.275244201983344,13.06756576756671,-31.088363144537052,False,True,False,True,False,0.0,0.0,0.0,0.0,0.0,0,0.8932038834951457,1.042071197411003,False,False,False,False,-0.3373719353159711,-0.33805579035728023,False,False,False,False,7287.0,21559.161915294397,False,False,False,False,3970.1047893446903,False,False,False,False
2025-02-24 16:00:00+00:00,3.335,3.385,3.335,3.385,2906.0,,,,,,,,,,,,,,,,,,,,,,,,,"rgba(239, 83, 80, 0.75)",0.15298801695993355,3.6681395796033223,-1.8507304377798077,17.92589732309839,-31.088363144537052,False,True,False,True,True,0.0,0.0,0.0,0.0,0.0,0,0.8959948320413437,1.0465116279069768,False,False,False,False,-0.34282825441539394,-0.3404420223863371,False,False,False,False,10193.0,21382.94235071619,False,False,False,False,3953.60704067268,False,False,False,False
2025-02-24 17:00:00+00:00,3.385,3.405,3.385,3.395,541.0,,,,,,,,,,,,,,,,,,,,,,,,,"rgba(239, 83, 80, 0.75)",0.1560266205053031,3.6671185101650754,-1.7440518116959822,22.129607947322775,-33.96657525296435,False,True,False,True,True,0.0,0.0,0.0,0.0,0.0,0,0.8980392156862746,1.058823529411765,False,False,False,False,-0.30543380139184567,-0.3229379118890914,False,False,False,False,10734.0,21217.842469309737,False,False,False,False,3900.698404383181,False,False,False,False
2025-02-24 18:00:00+00:00,3.395,3.405,3.385,3.395,2174.0,,,,,,,,,,,,,,,,,,,,,,,,,"rgba(239, 83, 80, 0.75)",0.15837966131140915,3.663106525210258,-1.6928090576169479,24.932081696805696,-31.335651744954685,False,True,False,True,True,0.0,0.0,0.0,0.0,0.0,0,0.886842105263158,1.0657894736842106,False,False,False,False,-0.30543380139184567,-0.3141858566404685,False,False,False,False,10734.0,21055.302275987106,False,False,False,False,3873.927886485767,False,False,False,False
2025-02-24 19:00:00+00:00,3.395,3.395,3.365,3.365,3442.0,,,,,,,,,,,,,,,,,,,,,,,,,"rgba(239, 83, 80, 0.75)",0.16149406593845134,3.656547596914702,-1.8053146115338774,25.458223700828853,-30.721206758206314,False,True,False,True,True,0.0,0.0,0.0,0.0,0.0,0,0.882585751978892,1.065963060686016,False,False,False,False,-0.32020504340973,-0.31719545002509925,False,False,False,False,7292.0,20841.917744576454,False,False,False,False,3867.2313301061427,False,False,False,False
2025-02-24 20:00:00+00:00,3.365,3.39,3.355,3.36,3418.0,,,,,,,,,,,,,,,,,,,,,,,,,"rgba(239, 83, 80, 0.75)",0.1642105054193842,3.6502187347033637,-1.7673579041862262,25.59578133825006,-30.29371375722168,False,True,False,True,True,0.0,0.0,0.0,0.0,0.0,0,0.8861681005956321,1.0628722700198545,False,False,False,False,-0.3279078968084833,-0.32255167341679125,False,False,False,False,3874.0,20578.84925241248,False,False,False,False,3860.2665032827917,False,False,False,False
2025-02-25 15:00:00+00:00,3.28,3.28,3.175,3.21,1480.0,,,,,,,,,,,,,,,,,,,,,,,,,"rgba(239, 83, 80, 1.0)",0.17150780719234746,3.6460987420182938,-2.5427340548363806,21.81706235482961,-30.29371375722168,False,True,False,True,False,0.0,0.0,0.0,0.0,0.0,0,0.8762151652624758,1.0589760207388206,False,False,False,False,-0.34282825441539394,-0.3326899639160926,False,False,False,False,2394.0,20296.913605088255,False,False,False,False,3823.3631466427482,False,False,False,False
2025-02-25 16:00:00+00:00,3.205,3.205,3.165,3.175,3472.0,,,,,,,,,,,,,,,,,,,,,,,,,"rgba(239, 83, 80, 1.0)",0.1800819883345417,3.635867003181763,-2.559206544996615,18.796942761790774,-25.316356448304333,False,True,False,True,False,0.0,0.0,0.0,0.0,0.0,0,0.8788860103626944,1.0654145077720207,False,False,False,False,-0.34282825441539394,-0.33775910916574325,False,False,False,False,-1078.0,19965.519595707043,False,False,False,False,3817.9156559971243,False,False,False,False
2025-02-25 17:00:00+00:00,3.175,3.22,3.165,3.215,1843.0,,,,,,,,,,,,,,,,,,,,,,,,,"rgba(239, 83, 80, 1.0)",0.18613300485269926,3.6308675949377696,-2.2342496177229627,20.25403086967722,-25.316356448304333,False,True,False,True,False,0.0,0.0,0.0,0.0,0.0,0,0.8920863309352519,1.0621321124918248,False,False,False,False,-0.33576827753178246,-0.3367636933487629,False,False,False,False,765.0,19667.837121354994,False,False,False,False,3787.2968086173237,False,False,False,False
2025-02-25 18:00:00+00:00,3.215,3.24,3.215,3.215,1802.0,,,,,,,,,,,,,,,,,,,,,,,,,"rgba(239, 83, 80, 0.75)",0.19177825971913595,3.626378057971816,-2.145071389083881,21.225422941601515,-25.316356448304333,False,True,False,True,True,0.0,0.0,0.0,0.0,0.0,0,0.8867059593975116,1.0595939751146037,False,False,False,False,-0.3032319756790129,-0.31999783451388786,False,False,False,False,765.0,19374.769879163443,False,False,False,False,3756.5170131348846,False,False,False,False
2025-02-25 19:00:00+00:00,3.215,3.215,3.185,3.195,850.0,,,,,,,,,,,,,,,,,,,,,,,,,"rgba(239, 83, 80, 0.75)",0.19798357380220952,3.624163619689557,-2.167672860165167,21.33075524245812,-25.316356448304333,False,True,False,True,True,0.0,0.0,0.0,0.0,0.0,0,0.8821989528795815,1.0621727748691099,False,False,False,False,-0.32874042232968514,-0.3243691284217865,False,False,False,False,-85.0,19073.06802057176,False,False,False,False,3711.4547338614757,False,False,False,False
2025-02-25 20:00:00+00:00,3.195,3.205,3.17,3.17,6606.0,,,,,,,,,,,,,,,,,,,,,,,,,"rgba(239, 83, 80, 0.75)",0.20387193471825688,3.607139894072531,-2.144188677449114,20.755681767737812,-25.316356448304333,False,True,False,True,True,0.0,0.0,0.0,0.0,0.0,0,0.8845144356955382,1.062992125984252,False,False,False,False,-0.3404713027837541,-0.3324202156027703,False,False,False,False,-6691.0,18673.625105524137,False,False,False,False,3756.331404654321,False,False,False,False
2025-02-26 15:00:00+00:00,3.18,3.22,3.175,3.185,761.0,,,,,,,,,,,,,,,,,,,,,,,,,"rgba(239, 83, 80, 0.75)",0.20922206832424076,3.6053286650036136,-2.009007311562428,21.904929497574653,-25.316356448304333,False,True,False,True,True,0.0,0.0,0.0,0.0,0.0,0,0.8840864440078586,1.058284217419777,False,False,False,False,-0.33107952814795333,-0.3317498718753618,False,False,False,False,-5930.0,18292.17355350051,False,False,False,False,3709.892158070533,False,False,False,False
2025-02-26 16:00:00+00:00,3.19,3.205,3.135,3.135,1780.0,,,,,,,,,,,,,,,,,,,,,,,,,"rgba(239, 83, 80, 0.75)",0.215384152929905,3.600787598605067,-2.1625899225587584,21.24636327088428,-25.316356448304333,False,True,False,True,True,0.0,0.0,0.0,0.0,0.0,0,0.8772044415414763,1.0640104506858263,False,False,False,False,-0.34282825441539394,-0.3372890631453779,False,False,False,False,-7710.0,17889.039079802827,False,False,False,False,3679.9713494182765,False,False,False,False
2025-02-26 17:00:00+00:00,3.135,3.145,3.095,3.095,4257.0,,,,,,,,,,,,,,,,,,,,,,,,,"rgba(239, 83, 80, 0.75)",0.2225255729812418,3.589180971852191,-2.220782830627061,19.896294572348932,-26.03456069105537,False,True,False,True,True,0.0,0.0,0.0,0.0,0.0,0,0.8688524590163936,1.078688524590164,False,False,False,False,-0.34282825441539394,-0.3400586587803859,False,False,False,False,-11967.0,17426.154752984177,False,False,False,False,3688.9175300474503,False,False,False,False
2025-02-26 18:00:00+00:00,3.095,3.11,3.075,3.075,1872.0,,,,,,,,,,,,,,,,,,,,,,,,,"rgba(239, 83, 80, 1.0)",0.2286116144693212,3.584002086069339,-2.226492679520642,18.58574131059487,-27.532907012244333,False,True,False,True,False,0.0,0.0,0.0,0.0,0.0,0,0.8697089947089948,1.082010582010582,False,False,False,False,-0.34282825441539394,-0.3414434565978899,False,False,False,False,-13839.0,16941.42367154256,False,False,False,False,3660.748266015707,False,False,False,False
2025-02-26 19:00:00+00:00,3.075,3.095,3.075,3.075,3921.0,,,,,,,,,,,,,,,,,,,,,,,,,"rgba(239, 83, 80, 1.0)",0.2344527459640627,3.573425296492853,-2.125909399966047,17.71203913609216,-28.594680594421543,False,True,False,True,False,0.0,0.0,0.0,0.0,0.0,0,0.8687541638907396,1.0812791472351766,False,False,False,False,-0.34282825441539394,-0.34213585550664194,False,False,False,False,-13839.0,16464.20780066593,False,False,False,False,3664.7831766201143,False,False,False,False
2025-02-26 20:00:00+00:00,3.075,3.11,3.065,3.095,7692.0,,,,,,,,,,,,,,,,,,,,,,,,,"rgba(239, 83, 80, 0.75)",0.23926166459368983,3.554405616501745,-1.920097050573896,19.4575319841327,-28.594680594421543,False,True,False,True,True,0.0,0.0,0.0,0.0,0.0,0,0.8640000000000002,1.0793333333333335,False,False,False,False,-0.3407374420433641,-0.341436648775003,False,False,False,False,-6147.0,16113.646439415294,False,False,False,False,3727.220646750035,False,False,False,False
2025-02-27 15:00:00+00:00,3.015,3.065,3.005,3.015,822.0,,,,,,,,,,,,,,,,,,,,,,,,,"rgba(239, 83, 80, 0.75)",0.2458110678571659,3.5522004814105306,-2.1854202338955826,18.539098519890768,-28.594680594421543,False,True,False,True,True,0.0,0.0,0.0,0.0,0.0,0,0.8558077436582111,1.0841121495327102,False,False,False,False,-0.34282825441539394,-0.34213245159519845,False,False,False,False,-6969.0,15755.775951982498,False,False,False,False,3682.1784661802667,False,False,False,False
2025-02-27 16:00:00+00:00,3.015,3.025,2.975,2.985,4206.0,,,,,,,,,,,,,,,,,,,,,,,,,"rgba(239, 83, 80, 1.0)",0.2530178571485323,3.5405005274013415,-2.195499296617784,17.3533588661494,-29.25155013636122,False,True,False,True,False,0.0,0.0,0.0,0.0,0.0,0,0.8455882352941178,1.09024064171123,False,False,False,False,-0.34282825441539394,-0.3424803530052962,False,False,False,False,-11175.0,15338.24454187424,False,False,False,False,3690.2997302704953,False,False,False,False
2025-02-27 17:00:00+00:00,2.985,3.005,2.965,2.995,7721.0,,,,,,,,,,,,,,,,,,,,,,,,,"rgba(239, 83, 80, 1.0)",0.2593614473285484,3.5201210673476586,-2.024668942730169,17.616780206091946,-29.25155013636122,False,True,False,True,False,0.0,0.0,0.0,0.0,0.0,0,0.8553076402974984,1.0899256254225826,False,False,False,False,-0.34282825441539394,-0.3426543037103451,False,False,False,False,-3454.0,15046.891913318052,False,False,False,False,3752.7912073205653,False,False,False,False
2025-02-27 18:00:00+00:00,2.995,3.015,2.995,3.005,3966.0,,,,,,,,,,,,,,,,,,,,,,,,,"rgba(239, 83, 80, 1.0)",0.2659071334199265,3.510605397991417,-1.9014360069571878,18.888112533747936,-29.25155013636122,False,True,False,True,False,0.0,0.0,0.0,0.0,0.0,0,0.8627717391304348,1.075407608695652,False,False,False,False,-0.3278626708618612,-0.3352584872861032,False,False,False,False,512.0,14821.544751871259,False,False,False,False,3756.096769997766,False,False,False,False
2025-02-27 19:00:00+00:00,3.005,3.005,2.965,2.975,2063.0,,,,,,,,,,,,,,,,,,,,,,,,,"rgba(239, 83, 80, 1.0)",0.2730302593532839,3.505573792864582,-1.9432783535470806,18.883041172910673,-29.25155013636122,False,True,False,True,False,0.0,0.0,0.0,0.0,0.0,0,0.8550922761449077,1.0840738209159262,False,False,False,False,-0.34282825441539394,-0.33904337085074854,False,False,False,False,-1551.0,14567.706848741473,False,False,False,False,3729.847207672219,False,False,False,False
2025-02-27 20:00:00+00:00,2.975,2.975,2.945,2.95,19226.0,,,,,,,,,,,,,,,,,,,,,,,,,"rgba(239, 83, 80, 1.0)",0.28037418690864463,3.461137047890518,-1.8230531616559396,18.24656857417689,-29.25155013636122,False,True,False,True,False,0.0,0.0,0.0,0.0,0.0,0,0.8459958932238193,1.0882956878850103,False,False,False,False,-0.34282825441539394,-0.34093581263307127,False,False,False,False,-20777.0,14019.726897598193,False,False,False,False,3970.097638561022,False,False,False,False
2025-02-28 15:00:00+00:00,2.9,2.94,2.88,2.915,1116.0,,,,,,,,,,,,,,,,,,,,,,,,,"rgba(239, 83, 80, 1.0)",0.2882573143552096,3.458575652962958,-1.8857306506822178,17.048171423874848,-30.311260864980554,False,True,False,True,False,0.0,0.0,0.0,0.0,0.0,0,0.8366370471633631,1.0950102529049899,False,False,False,False,-0.34282825441539394,-0.34188203352423263,False,False,False,False,-21893.0,13462.940434069538,False,False,False,False,3925.8480627693784,False,False,False,False
2025-02-28 16:00:00+00:00,2.915,2.92,2.87,2.87,241.0,,,,,,,,,,,,,,,,,,,,,,,,,"rgba(239, 83, 80, 1.0)",0.29703682242084517,3.457999616301108,-1.9795512607121257,15.442432684551465,-31.92839240439774,False,True,False,True,False,0.0,0.0,0.0,0.0,0.0,0,0.8347050754458163,1.100137174211248,False,False,False,False,-0.34282825441539394,-0.34235514396981326,False,False,False,False,-22134.0,12911.04988470412,False,False,False,False,3868.7186354396204,False,False,False,False
2025-02-28 17:00:00+00:00,2.875,2.905,2.85,2.85,4025.0,,,,,,,,,,,,,,,,,,,,,,,,,"rgba(239, 83, 80, 1.0)",0.3058951566253471,3.4482447280015713,-1.9557182094722956,14.060873482399238,-33.28425407483681,False,True,False,True,False,0.0,0.0,0.0,0.0,0.0,0,0.8278463648834021,1.1035665294924553,False,False,False,False,-0.34282825441539394,-0.34259169919260357,False,False,False,False,-26159.0,12305.312677189328,False,False,False,False,3871.141602332029,False,False,False,False
2025-02-28 18:00:00+00:00,2.855,2.855,2.83,2.83,2171.0,,,,,,,,,,,,,,,,,,,,,,,,,"rgba(239, 83, 80, 1.0)",0.3149606296002676,3.4428498169804795,-1.9457981708960832,12.842137464505456,-34.47086496835536,False,True,False,True,False,0.0,0.0,0.0,0.0,0.0,0,0.8355308813324082,1.1068702290076335,False,False,False,False,-0.34282825441539394,-0.34270997680399873,False,False,False,False,-28330.0,11675.307829480966,False,False,False,False,3844.7828177997494,False,False,False,False
2025-02-28 19:00:00+00:00,2.835,2.85,2.825,2.845,71.0,,,,,,,,,,,,,,,,,,,,,,,,,"rgba(239, 83, 80, 1.0)",0.3231416446738508,3.4426756165475934,-1.8495778133172265,13.897054309186245,-34.47086496835536,False,True,False,True,False,0.0,0.0,0.0,0.0,0.0,0,0.8341463414634147,1.100348432055749,False,False,False,False,-0.34282825441539394,-0.34276911560969636,False,False,False,False,-28259.0,11056.171273985137,False,False,False,False,3786.274557058668,False,False,False,False
2025-02-28 20:00:00+00:00,2.845,2.9,2.845,2.875,8426.0,,,,,,,,,,,,,,,,,,,,,,,,,"rgba(239, 83, 80, 0.75)",0.33011259340461857,3.423888407094242,-1.662730892612359,18.053462565763212,-34.97141090256037,False,True,False,True,True,0.0,0.0,0.0,0.0,0.0,0,0.8317039106145251,1.100558659217877,False,False,False,False,-0.320105874976461,-0.33143749529307864,False,False,False,False,-19833.0,10577.269393768314,False,False,False,False,3858.2082848562077,False,False,False,False
2025-03-03 15:00:00+00:00,2.785,2.85,2.77,2.815,2827.0,,,,,,,,,,,,,,,,,,,,,,,,,"rgba(239, 83, 80, 0.75)",0.33822818674129596,3.4171757271216827,-1.7803830394013704,18.915262338769836,-34.27915075359458,False,True,False,True,True,0.0,0.0,0.0,0.0,0.0,0,0.8124567474048444,1.1058823529411763,False,False,False,False,-0.34282825441539394,-0.33713287485423626,False,False,False,False,-22660.0,10061.962891539348,False,False,False,False,3842.2205595095998,False,False,False,False
2025-03-03 16:00:00+00:00,2.815,2.84,2.795,2.835,1297.0,,,,,,,,,,,,,,,,,,,,,,,,,"rgba(239, 83, 80, 0.5)",0.3454089233420627,3.414209041182169,-1.6768792061824387,21.482384170859916,-31.949469940405052,False,False,False,True,True,0.0,0.0,0.0,0.0,0.0,0,0.8196378830083567,1.1100278551532035,False,False,False,False,-0.3380470394329023,-0.3375899571435693,False,False,False,False,-21363.0,9574.754164538737,False,False,False,False,3802.759775641234,False,False,False,False
2025-03-03 17:00:00+00:00,2.835,2.84,2.795,2.8,1782.0,,,,,,,,,,,,,,,,,,,,,,,,,"rgba(239, 83, 80, 0.5)",0.35311582205245684,3.4101014816076107,-1.7277659156178444,22.04802059295855,-31.455085248162042,False,False,False,True,True,0.0,0.0,0.0,0.0,0.0,0,0.8146341463414635,1.1094076655052265,False,False,False,False,-0.3380470394329023,-0.33781849828823585,False,False,False,False,-23145.0,9067.47115423581,False,False,False,False,3771.4301667165632,False,False,False,False
2025-03-03 18:00:00+00:00,2.795,2.795,2.74,2.745,1993.0,,,,,,,,,,,,,,,,,,,,,,,,,"rgba(239, 83, 80, 0.5)",0.35945538133566685,3.405171355567542,-1.8365877653979537,20.988998763518296,-31.455085248162042,False,False,False,True,True,0.0,0.0,0.0,0.0,0.0,0,0.8025122121423588,1.1214235868806701,False,False,False,False,-0.34282825441539394,-0.34032337635181487,False,False,False,False,-25138.0,8537.153771999598,False,False,False,False,3743.8576059922752,False,False,False,False
2025-03-03 19:00:00+00:00,2.745,2.755,2.715,2.725,1674.0,,,,,,,,,,,,,,,,,,,,,,,,,"rgba(239, 83, 80, 0.5)",0.3655899465371107,3.4009056157065105,-1.8488079940620028,19.83848136807772,-31.455085248162042,False,False,False,True,False,0.0,0.0,0.0,0.0,0.0,0,0.7971929824561405,1.129824561403509,False,False,False,False,-0.34282825441539394,-0.3415758153836044,False,False,False,False,-26812.0,7989.104876309681,False,False,False,False,3711.7667903954957,False,False,False,False
2025-03-03 20:00:00+00:00,2.725,2.725,2.685,2.695,5394.0,,,,,,,,,,,,,,,,,,,,,,,,,"rgba(239, 83, 80, 1.0)",0.37153488553723935,3.3869228845835524,-1.8623362475990168,18.448646182252112,-28.067656893949724,False,True,False,True,False,0.0,0.0,0.0,0.0,0.0,0,0.799715909090909,1.1328125,False,False,False,False,-0.34282825441539394,-0.3422020348994992,False,False,False,False,-32206.0,7365.924955746739,False,False,False,False,3737.8479254281237,False,False,False,False
2025-03-04 15:00:00+00:00,2.67,2.68,2.625,2.645,1655.0,,,,,,,,,,,,,,,,,,,,,,,,,"rgba(239, 83, 80, 1.0)",0.37835793863711653,3.3824253944842733,-1.9490152556083638,16.65244023016919,-29.83161759239871,False,True,False,True,False,0.0,0.0,0.0,0.0,0.0,0,0.7972972972972975,1.1237553342816502,False,False,False,False,-0.34282825441539394,-0.3425151446574466,False,False,False,False,-33861.0,6726.74782464989,False,False,False,False,3705.5557095300132,False,False,False,False
2025-03-04 16:00:00+00:00,2.645,2.65,2.605,2.64,1340.0,,,,,,,,,,,,,,,,,,,,,,,,,"rgba(239, 83, 80, 1.0)",0.38346508115924544,3.3253714429185117,-1.78731122230629,15.374923474195972,-31.101383397546172,False,True,False,True,False,0.0,0.0,0.0,0.0,0.0,0,0.7952924393723253,1.1248216833095577,False,False,False,False,-0.34282825441539394,-0.3426716995364203,False,False,False,False,-35201.0,6076.7052227173335,False,False,False,False,3668.880427211718,False,False,False,False
2025-03-04 17:00:00+00:00,2.645,2.67,2.635,2.655,444.0,,,,,,,,,,,,,,,,,,,,,,,,,"rgba(239, 83, 80, 1.0)",0.38682907042998704,3.3246623056381064,-1.731158169921746,16.221252779577753,-31.101383397546172,False,True,False,True,False,0.0,0.0,0.0,0.0,0.0,0,0.822757111597374,1.1218088986141501,False,False,False,False,-0.32808609489802837,-0.33537889721722436,False,False,False,False,-34757.0,5443.6245215899335,False,False,False,False,3618.8822810533966,False,False,False,False
2025-03-04 18:00:00+00:00,2.655,2.69,2.655,2.685,239.0,,,,,,,,,,,,,,,,,,,,,,,,,"rgba(239, 83, 80, 0.5)",0.38997693394482585,3.324428606181976,-1.6396575041344434,19.964770255170276,-33.71016019781467,False,False,False,True,True,0.0,0.0,0.0,0.0,0.0,0,0.8125915080527086,1.1193265007320643,False,False,False,False,-0.31639099250263725,-0.3258849448599308,False,False,False,False,-34518.0,4824.064451487764,False,False,False,False,3566.4810053781503,False,False,False,False
2025-03-04 19:00:00+00:00,2.685,2.73,2.685,2.72,778.0,,,,,,,,,,,,,,,,,,,,,,,,,"rgba(239, 83, 80, 0.5)",0.3916960464349759,3.324069673458761,-1.542189866241196,25.66041200432936,-28.566743972358182,True,False,False,True,True,0.0,0.0,0.0,0.0,0.0,0,0.8195763330898466,1.1066471877282686,False,False,False,False,-0.2961223140005587,-0.31100362943024473,False,False,False,False,-33740.0,4226.171979371675,False,False,False,False,3523.2487417288767,False,False,False,False
2025-03-04 20:00:00+00:00,2.725,2.745,2.695,2.705,1469.0,,,,,,,,,,,,,,,,,,,,,,,,,"rgba(239, 83, 80, 0.5)",0.39393163764177797,3.322140751948524,-1.5666189078972157,28.716806137836222,-26.00032734830416,True,False,False,True,True,0.0,0.0,0.0,0.0,0.0,0,0.8217677136596055,1.1066471877282689,False,False,False,False,-0.2889412016691994,-0.2999724155497221,False,False,False,False,-35209.0,3614.773964187618,False,False,False,False,3491.3999240276535,False,False,False,False
2025-03-05 15:00:00+00:00,2.79,2.795,2.69,2.705,909.0,,,,,,,,,,,,,,,,,,,,,,,,,"rgba(239, 83, 80, 0.5)",0.3961255715912144,3.320824790200573,-1.5546201365562917,30.754402226840796,-24.291391134804247,True,False,False,True,True,0.0,0.0,0.0,0.0,0.0,0,0.8173913043478261,1.103623188405797,False,False,False,False,-0.2760873752958726,-0.28802989542279733,False,False,False,False,-35209.0,3012.854987998662,False,False,False,False,3451.3627159031935,False,False,False,False
2025-03-05 16:00:00+00:00,2.705,2.73,2.685,2.72,3442.0,,,,,,,,,,,,,,,,,,,,,,,,,"rgba(239, 83, 80, 0.5)",0.3974538898974225,3.314018316283967,-1.4945590705811809,33.64535682395863,-21.69804258325538,True,False,False,True,True,0.0,0.0,0.0,0.0,0.0,0,0.8148148148148149,1.1161946259985476,False,False,False,False,-0.2961223140005587,-0.292076104711678,False,False,False,False,-31767.0,2473.6324300451947,False,False,False,False,3451.2175575170977,False,False,False,False
2025-03-05 17:00:00+00:00,2.72,2.75,2.69,2.725,8857.0,,,,,,,,,,,,,,,,,,,,,,,,,"rgba(239, 83, 80, 0.5)",0.39812337940043535,3.296820828595902,-1.4362905023489223,36.093056566448624,-19.47184470788996,True,False,False,True,True,0.0,0.0,0.0,0.0,0.0,0,0.8155410312273058,1.1132897603485838,False,False,False,False,-0.2889412016691994,-0.2905086531904387,False,False,False,False,-22910.0,2080.0877412072846,False,False,False,False,3535.028138020709,False,False,False,False
2025-03-05 18:00:00+00:00,2.725,2.745,2.7,2.735,2440.0,,,,,,,,,,,,,,,,,,,,,,,,,"rgba(239, 83, 80, 0.5)",0.39813953595452917,3.2922332555846876,-1.399592869491686,38.803045237062754,-16.952020048323426,True,False,False,True,True,0.0,0.0,0.0,0.0,0.0,0,0.8101818181818182,1.12,False,False,False,False,-0.2875084741316877,-0.2890085636610632,False,False,False,False,-20470.0,1730.4739777777143,False,False,False,False,3518.0509575862793,False,False,False,False
2025-03-05 19:00:00+00:00,2.735,2.765,2.735,2.745,3987.0,,,,,,,,,,,,,,,,,,,,,,,,,"rgba(239, 83, 80, 0.5)",0.3975197088433687,3.2853846551769075,-1.3593908507057961,41.68959123517704,-14.245631005675591,True,False,False,True,True,0.0,0.0,0.0,0.0,0.0,0,0.8182481751824818,1.1138686131386861,False,False,False,False,-0.27182265723526183,-0.28041561044816254,False,False,False,False,-16483.0,1448.0945362617808,False,False,False,False,3525.3214853756394,False,False,False,False
2025-03-05 20:00:00+00:00,2.745,2.75,2.7,2.74,5369.0,,,,,,,,,,,,,,,,,,,,,,,,,"rgba(239, 83, 80, 0.5)",0.3965155098474046,3.275740356449396,-1.3511208090083808,43.11341847623471,-12.8420780505881,True,False,False,True,True,0.0,0.0,0.0,0.0,0.0,0,0.8081395348837209,1.1162790697674418,False,False,False,False,-0.2860768945342036,-0.28324625249118307,False,False,False,False,-21852.0,1086.852760505784,False,False,False,False,3553.9056483930713,False,False,False,False
2025-03-06 15:00:00+00:00,2.665,2.73,2.66,2.725,505.0,,,,,,,,,,,,,,,,,,,,,,,,,"rgba(239, 83, 80, 0.5)",0.3952779498753443,3.2747787934918917,-1.3908663351074124,42.58459250137117,-12.8420780505881,True,False,False,True,True,0.0,0.0,0.0,0.0,0.0,0,0.8082788671023965,1.1183732752360203,False,False,False,False,-0.3033332286466651,-0.2932897405689241,False,False,False,False,-22357.0,723.382175071586,False,False,False,False,3506.635793379225,False,False,False,False
2025-03-06 16:00:00+00:00,2.725,2.76,2.725,2.755,665.0,,,,,,,,,,,,,,,,,,,,,,,,,"rgba(239, 83, 80, 0.5)",0.39309303623332303,3.273670817482919,-1.3194607120311812,45.70836232680462,-10.045512568583604,True,False,False,True,True,0.0,0.0,0.0,0.0,0.0,0,0.8187092095721538,1.1058738216098623,False,False,False,False,-0.2760873752958726,-0.28468855793239833,False,False,False,False,-21692.0,375.85687003171637,False,False,False,False,3462.5794244896247,False,False,False,False
2025-03-06 17:00:00+00:00,2.755,2.785,2.755,2.77,1958.0,,,,,,,,,,,,,,,,,,,,,,,,,#000000,0.39022236672888566,3.270672477664461,-1.2830440291299672,49.25105322780698,-6.608209418909823,True,False,False,False,True,0.0,0.0,0.0,0.0,0.0,0,0.8247800586510265,1.1114369501466277,False,False,False,False,-0.2604966484700837,-0.272592603201241,False,False,False,False,-19734.0,64.07614336455794,False,False,False,False,3439.2526117068396,False,False,False,False
2025-03-06 18:00:00+00:00,2.775,2.79,2.755,2.765,2168.0,,,,,,,,,,,,,,,,,,,,,,,,,"rgba(38, 166, 154, 1.0)",0.3849228540936495,3.2673737737440516,-1.3051284650971304,50.99199910449194,-4.874435784874976,True,False,True,False,True,0.0,0.0,0.0,0.0,0.0,0,0.8166421207658322,1.1126656848306333,False,False,False,False,-0.2590855373674111,-0.2658390702843261,False,False,False,False,-21902.0,-276.48317668760575,False,False,False,False,3419.5432688896794,False,False,False,False
2025-03-06 19:00:00+00:00,2.765,2.8,2.75,2.76,4341.0,,,,,,,,,,,,,,,,,,,,,,,,,"rgba(38, 166, 154, 1.0)",0.38038328228438056,3.260850584938545,-1.316699782205732,51.50148575215659,-4.185830641698189,True,False,True,False,True,0.0,0.0,0.0,0.0,0.0,1,0.8120411160058738,1.1101321585903086,False,False,False,False,-0.257675434860985,-0.26175725257265553,False,False,False,False,-26243.0,-679.0648328629917,False,False,False,False,3433.829419759607,False,False,False,False
2025-03-06 20:00:00+00:00,2.765,2.795,2.76,2.79,3228.0,,,,,,,,,,,,,,,,,,,,,,,,,"rgba(38, 166, 154, 1.0)",0.3741655219790234,3.2562579865009282,-1.2461276069339913,54.92545438665679,-0.7621303777660486,True,False,True,False,True,0.0,0.0,0.0,0.0,0.0,1,0.8177810433504775,1.1080088170462894,False,False,False,False,-0.2562663342681655,-0.2590117934204105,False,False,False,False,-23015.0,-1025.358401345736,False,False,False,False,3430.6382659648843,False,False,False,False
2025-03-07 15:00:00+00:00,2.85,2.88,2.795,2.81,840.0,,,,,,,,,,,,,,,,,,,,,,,,,"rgba(38, 166, 154, 1.0)",0.3673472226408948,3.2552563022058147,-1.2120856638164403,58.83302281828446,2.9820128441122122,True,False,True,False,True,0.0,0.0,0.0,0.0,0.0,0,0.823743627093955,1.0924981791697015,False,False,False,False,-0.22273154787522711,-0.24087167064781878,False,False,False,False,-22175.0,-1353.2598214799104,False,False,False,False,3390.4733316088395,False,False,False,False
2025-03-07 16:00:00+00:00,2.805,2.825,2.785,2.81,2140.0,,,,,,,,,,,,,,,,,,,,,,,,,"rgba(38, 166, 154, 1.0)",0.35963216944163157,3.252497912360839,-1.2304180492191936,61.43806843936957,5.456002167816074,True,False,True,False,True,0.0,0.0,0.0,0.0,0.0,0,0.8220277169948942,1.1035740335521518,False,False,False,False,-0.2408304678076874,-0.2408510692277531,False,False,False,False,-22175.0,-1676.0774986662684,False,False,False,False,3371.0861481730435,False,False,False,False
2025-03-07 17:00:00+00:00,2.815,2.88,2.785,2.86,2056.0,,,,,,,,,,,,,,,,,,,,,,,,,"rgba(38, 166, 154, 1.0)",0.3489724685183357,3.2501892946435804,-1.1181091055699692,66.37088004199677,10.050939230718697,True,False,True,False,True,0.0,0.0,0.0,0.0,0.0,0,0.8198983297022513,1.1002178649237473,False,False,False,False,-0.2255063897068795,-0.2331787294673163,False,False,False,False,-20119.0,-1962.014281632683,False,False,False,False,3350.697215643229,False,False,False,False
2025-03-07 18:00:00+00:00,2.865,2.92,2.86,2.915,2348.0,,,,,,,,,,,,,,,,,,,,,,,,,"rgba(38, 166, 154, 1.0)",0.3402892648670844,3.2481471172273593,-0.9790115399540599,71.73802698859683,14.917929409686138,True,False,True,False,True,0.0,0.0,0.0,0.0,0.0,0,0.8282608695652174,1.0942028985507246,False,False,False,False,-0.1937900155036015,-0.2134843724854589,False,False,False,False,-17771.0,-2207.1148354058196,False,False,False,False,3335.1515223774422,False,False,False,False
2025-03-07 19:00:00+00:00,2.915,2.975,2.915,2.95,1710.0,,,,,,,,,,,,,,,,,,,,,,,,,"rgba(38, 166, 154, 1.0)",0.33064498802810394,3.2269882916919173,-0.8377211260446319,76.24013733490014,18.922532293230674,True,False,True,False,True,0.0,0.0,0.0,0.0,0.0,0,0.839105339105339,1.0815295815295816,False,False,False,False,-0.16380965687117263,-0.18864701467831577,False,False,False,False,-16061.0,-2421.9037526863494,False,False,False,False,3309.955374743683,False,False,False,False
2025-03-07 20:00:00+00:00,2.95,2.975,2.945,2.96,5076.0,,,,,,,,,,,,,,,,,,,,,,,,,"rgba(38, 166, 154, 1.0)",0.3205867649699075,3.208161341822141,-0.7740847999306366,79.47948103141869,21.812241045598526,True,False,True,False,True,0.0,0.0,0.0,0.0,0.0,0,0.8446531791907516,1.0816473988439308,False,False,False,False,-0.1556857779612406,-0.1721663963197782,False,False,False,True,-10985.0,-2554.664934815243,False,False,False,False,3337.335911569362,False,False,False,False
2025-03-10 14:00:00+00:00,2.945,2.955,2.81,2.835,3480.0,,,,,,,,,,,,,,,,,,,,,,,,,"rgba(38, 166, 154, 0.75)",0.31062636517001496,3.200794494218706,-1.1776028542152113,70.03867725162837,28.5670743802512,True,False,True,False,False,0.0,0.0,0.0,0.0,0.0,0,0.8347639484978543,1.0801144492131618,False,False,False,False,-0.19790386210051777,-0.18503512921014797,False,False,False,False,-14465.0,-2739.3212924150066,False,False,False,False,3339.5477579016197,False,False,False,False
2025-03-10 15:00:00+00:00,2.84,2.97,2.81,2.835,4455.0,,,,,,,,,,,,,,,,,,,,,,,,,"rgba(38, 166, 154, 0.75)",0.29965051715695257,3.1948619688523876,-1.2009389213364754,63.744808065101495,23.112596798625802,True,False,True,False,False,0.0,0.0,0.0,0.0,0.0,0,0.8372093023255814,1.0732910500352362,False,False,False,False,-0.19379001550360125,-0.18941257235687461,False,False,False,False,-14465.0,-2921.1147607496578,False,False,False,False,3356.8415911124475,False,False,False,False
2025-03-10 16:00:00+00:00,2.835,2.835,2.835,2.835,0.0,,,,,,,,,,,,,,,,,,,,,,,,,"rgba(38, 166, 154, 0.75)",0.2887453911336032,3.1948619688523876,-1.2462951094719936,59.54889527408358,19.49877436450565,True,False,True,False,False,0.0,0.0,0.0,0.0,0.0,0,0.8379530916844351,1.0952380952380953,False,False,False,False,-0.22411854445773607,-0.20676555840730534,False,False,False,False,-14465.0,-3100.0897256992753,False,False,False,False,3304.7975354362857,False,False,False,False
2025-03-10 17:00:00+00:00,2.835,2.92,2.835,2.895,2984.0,,,,,,,,,,,,,,,,,,,,,,,,,"rgba(38, 166, 154, 0.75)",0.2799248129425069,3.191923853015413,-1.0607271641774663,60.28017752399372,19.49877436450565,True,False,True,False,False,0.0,0.0,0.0,0.0,0.0,0,0.8400566171266808,1.0806794055201698,False,False,False,False,-0.20065009639532608,-0.2037078274013157,False,False,False,False,-11481.0,-3230.0263190992864,False,False,False,False,3299.823930235723,False,False,False,False
2025-03-10 18:00:00+00:00,2.895,2.92,2.885,2.895,6303.0,,,,,,,,,,,,,,,,,,,,,,,,,"rgba(38, 166, 154, 0.75)",0.272260854646733,3.1871551203568114,-1.0730706062606459,60.767699023933815,19.49877436450565,True,False,True,False,False,0.0,0.0,0.0,0.0,0.0,0,0.8490028490028491,1.081908831908832,False,False,False,False,-0.18694790254926127,-0.19532786497528848,False,False,False,False,-11481.0,-3357.9483916713903,False,False,False,False,3346.384799534394,False,False,False,False
2025-03-10 19:00:00+00:00,2.895,2.975,2.885,2.95,8111.0,,,,,,,,,,,,,,,,,,,,,,,,,"rgba(38, 166, 154, 1.0)",0.2637151924002467,3.168822957258497,-0.8297700078135205,63.65493091356822,19.49877436450565,True,False,True,False,True,0.0,0.0,0.0,0.0,0.0,0,0.8444130127298445,1.0735502121640734,False,False,False,False,-0.17195502361995757,-0.18364144429762302,False,False,False,False,-3370.0,-3358.135238312144,False,False,False,False,3420.254802642388,False,False,False,False
2025-03-11 14:00:00+00:00,2.915,2.94,2.85,2.855,2405.0,,,,,,,,,,,,,,,,,,,,,,,,,"rgba(38, 166, 154, 0.75)",0.2545251186740366,3.1660928145770537,-1.2222479895018215,59.08127456659222,18.342772364780856,True,False,True,False,False,0.0,0.0,0.0,0.0,0.0,0,0.8417366946778713,1.072829131652661,False,False,False,False,-0.19105105408465448,-0.18734624919113874,False,False,False,False,-5775.0,-3395.6060098111802,False,False,False,False,3404.5144181052965,False,False,False,False
2025-03-11 15:00:00+00:00,2.845,2.89,2.835,2.885,886.0,,,,,,,,,,,,,,,,,,,,,,,,,"rgba(38, 166, 154, 0.75)",0.2447590652049405,3.165060916149853,-1.1442310253773595,57.545958991912016,16.51894532896739,True,False,True,False,False,0.0,0.0,0.0,0.0,0.0,0,0.841625788367204,1.0819901892081292,False,False,False,False,-0.2089069244939617,-0.19812658684255022,False,False,False,False,-4889.0,-3418.759405007906,False,False,False,False,3365.467682940873,False,False,False,False
2025-03-11 16:00:00+00:00,2.885,2.895,2.85,2.855,1569.0,,,,,,,,,,,,,,,,,,,,,,,,,"rgba(38, 166, 154, 0.75)",0.2349020689180456,3.1632818152664437,-1.3123844191172254,54.841001153464184,13.540916485756838,True,False,True,False,False,0.0,0.0,0.0,0.0,0.0,0,0.8391459074733097,1.103202846975089,False,False,False,False,-0.20339932050317533,-0.2007629536728628,False,False,False,False,-6458.0,-3465.8794142325896,False,False,False,False,3337.615470802255,False,False,False,False
2025-03-11 17:00:00+00:00,2.855,2.86,2.825,2.845,875.0,,,,,,,,,,,,,,,,,,,,,,,,,#000000,0.2289611281379318,3.162129066791506,-1.3850781980793672,52.48475108630055,10.897529368969714,True,False,False,False,False,0.0,0.0,0.0,0.0,0.0,0,0.8353528153955809,1.1004989308624376,False,False,False,False,-0.21996007629118092,-0.21036151498202185,False,False,False,False,-7333.0,-3525.834772151464,False,False,False,False,3299.4353859836156,False,False,False,False
2025-03-11 18:00:00+00:00,2.845,2.905,2.845,2.895,2532.0,,,,,,,,,,,,,,,,,,,,,,,,,"rgba(38, 166, 154, 0.75)",0.22235303882310684,3.1599216068281186,-1.1914458566895378,53.678368464223,10.897529368969714,True,False,True,False,False,0.0,0.0,0.0,0.0,0.0,0,0.8404255319148937,1.0893617021276596,False,False,False,False,-0.20202433182226193,-0.2061929234021419,False,False,False,False,-4801.0,-3545.6047756839994,False,False,False,False,3287.53716294511,False,False,False,False
2025-03-11 19:00:00+00:00,2.895,2.9,2.855,2.86,6794.0,,,,,,,,,,,,,,,,,,,,,,,,,#000000,0.21701565103187587,3.1539327335309815,-1.3544310381918396,52.396889686267286,9.959837346987584,True,False,False,False,False,0.0,0.0,0.0,0.0,0.0,0,0.8431095406360424,1.0883392226148412,False,False,False,False,-0.20065009639532608,-0.20342150989873398,False,False,False,False,-11595.0,-3670.4016008671933,False,False,False,False,3341.90092786069,False,False,False,False
2025-03-12 14:00:00+00:00,2.76,2.765,2.675,2.675,747.0,,,,,,,,,,,,,,,,,,,,,,,,,"rgba(239, 83, 80, 0.5)",0.2132759917305385,3.1523593592899575,-2.2382236060262835,44.93239006209223,2.6519651281290066,False,False,False,True,False,0.0,0.0,0.0,0.0,0.0,0,0.8354080221300136,1.091286307053942,False,False,False,False,-0.2889412016691994,-0.2461813557839667,False,False,False,False,-12342.0,-3804.84498690026,False,False,False,False,3301.669905723315,False,False,False,False
2025-03-12 15:00:00+00:00,2.675,2.69,2.66,2.665,519.0,,,,,,,,,,,,,,,,,,,,,,,,,"rgba(239, 83, 80, 1.0)",0.20950245649938162,3.1511568327132733,-2.320530464590081,39.719761662552926,-2.2479418946952876,False,True,False,True,False,0.0,0.0,0.0,0.0,0.0,0,0.8373702422145329,1.0982698961937718,False,False,False,False,-0.31493503638290066,-0.2805581960834337,False,False,False,False,-12861.0,-3945.250490979326,False,False,False,False,3258.5277366423334,False,False,False,False
2025-03-12 16:00:00+00:00,2.665,2.675,2.635,2.635,1320.0,,,,,,,,,,,,,,,,,,,,,,,,,"rgba(239, 83, 80, 1.0)",0.20604571783425585,3.147958060334975,-2.4895351659169203,35.52352664088368,-6.145703590810072,False,True,False,True,False,0.0,0.0,0.0,0.0,0.0,0,0.8445850914205344,1.1005625879043601,False,False,False,False,-0.3266195184453838,-0.30358885726440876,False,False,False,False,-14181.0,-4103.944281816855,False,False,False,False,3228.473043050979,False,False,False,False
2025-03-12 17:00:00+00:00,2.635,2.725,2.63,2.68,1140.0,,,,,,,,,,,,,,,,,,,,,,,,,"rgba(239, 83, 80, 1.0)",0.20177143433030253,3.1455431567352785,-2.3072798103480694,35.41768133314105,-6.383172230155836,False,True,False,True,False,0.0,0.0,0.0,0.0,0.0,0,0.842436974789916,1.0945378151260505,False,False,False,False,-0.3134803718611204,-0.30853461456276454,False,False,False,False,-13041.0,-4242.50328519954,False,False,False,False,3196.093616026933,False,False,False,False
2025-03-12 18:00:00+00:00,2.685,2.725,2.67,2.705,894.0,,,,,,,,,,,,,,,,,,,,,,,,,"rgba(239, 83, 80, 1.0)",0.19506229081319926,3.143838845988399,-2.249736964325163,36.74608391483271,-6.383172230155836,False,True,False,True,False,0.0,0.0,0.0,0.0,0.0,0,0.8504542278127183,1.0887491264849756,False,False,False,False,-0.30188861668046146,-0.30521161562161303,False,False,False,False,-12147.0,-4365.053621863113,False,False,False,False,3160.4022421350423,False,False,False,False
2025-03-12 19:00:00+00:00,2.705,2.71,2.695,2.7,5118.0,,,,,,,,,,,,,,,,,,,,,,,,,"rgba(239, 83, 80, 1.0)",0.18737398167569785,3.1348007023696964,-2.320496679855148,37.44301720538552,-6.383172230155836,False,True,False,True,False,0.0,0.0,0.0,0.0,0.0,0,0.8544436668999299,1.0881735479356194,False,False,False,False,-0.2990030513675844,-0.30210733349459873,False,False,False,False,-17265.0,-4565.052790516398,False,False,False,False,3190.752594970158,False,False,False,False
2025-03-13 14:00:00+00:00,2.69,2.73,2.66,2.665,678.0,,,,,,,,,,,,,,,,,,,,,,,,,"rgba(239, 83, 80, 1.0)",0.17938362937147348,3.133602834380259,-2.612294310367981,36.59203972364417,-6.401297894935176,False,True,False,True,False,0.0,0.0,0.0,0.0,0.0,0,0.8542538354253836,1.0836820083682008,False,False,False,False,-0.3033332286466651,-0.3027202810706319,False,False,False,False,-17943.0,-4772.4628247719575,False,False,False,False,3151.795190396977,False,False,False,False
2025-03-13 15:00:00+00:00,2.665,2.675,2.635,2.645,610.0,,,,,,,,,,,,,,,,,,,,,,,,,"rgba(239, 83, 80, 1.0)",0.17200722800650586,3.132409638255819,-2.8336578869661424,35.31152101083337,-8.145857328636723,False,True,False,True,False,0.0,0.0,0.0,0.0,0.0,0,0.8541521284019539,1.0879274249825541,False,False,False,False,-0.3266195184453838,-0.31466989975800785,False,False,False,False,-18553.0,-4986.114563922779,False,False,False,False,3112.3875130264814,False,False,False,False
2025-03-13 16:00:00+00:00,2.645,2.71,2.645,2.675,735.0,,,,,,,,,,,,,,,,,,,,,,,,,"rgba(239, 83, 80, 1.0)",0.16344925101588323,3.1311072803263063,-2.790513125581616,36.560052974561614,-8.145857328636723,False,True,False,True,False,0.0,0.0,0.0,0.0,0.0,0,0.8631578947368422,1.0778947368421055,False,False,False,False,-0.3134803718611204,-0.31407513580956414,False,False,False,False,-17818.0,-5185.058524172038,False,False,False,False,3075.528791894288,False,False,False,False
2025-03-13 17:00:00+00:00,2.675,2.675,2.615,2.615,1021.0,,,,,,,,,,,,,,,,,,,,,,,,,"rgba(239, 83, 80, 1.0)",0.16054066869893682,3.101616795940127,-3.0311123024701185,35.12398358429942,-9.145633052835166,False,True,False,True,False,0.0,0.0,0.0,0.0,0.0,0,0.8601398601398601,1.079020979020979,False,False,False,False,-0.3324940415206134,-0.3232845886650888,True,False,False,False,-18839.0,-5396.747539301154,False,False,False,False,3043.6756323300356,False,False,False,False
2025-03-13 18:00:00+00:00,2.615,2.67,2.615,2.665,550.0,,,,,,,,,,,,,,,,,,,,,,,,,"rgba(239, 83, 80, 1.0)",0.15735519583939103,3.077200135722599,-2.6195521128093056,37.337505641595506,-9.145633052835166,False,True,False,True,False,0.0,0.0,0.0,0.0,0.0,0,0.8571428571428573,1.0822299651567946,False,False,False,False,-0.3339661237442468,-0.3286253562046678,False,False,False,False,-18289.0,-5596.627422412763,False,False,False,False,3005.013994619492,False,False,False,False
2025-03-13 19:00:00+00:00,2.665,2.67,2.65,2.665,1754.0,,,,,,,,,,,,,,,,,,,,,,,,,"rgba(239, 83, 80, 0.75)",0.15253276121292314,3.0754887823879633,-2.6911515868709333,38.81318701312623,-9.145633052835166,False,True,False,True,True,0.0,0.0,0.0,0.0,0.0,0,0.862937062937063,1.0832167832167834,False,False,False,False,-0.3236904249115002,-0.326157890558084,False,False,False,False,-18289.0,-5793.408392607913,False,False,False,False,2985.618428811438,False,False,False,False
2025-03-14 14:00:00+00:00,2.7,2.745,2.69,2.745,224.0,,,,,,,,,,,,,,,,,,,,,,,,,"rgba(239, 83, 80, 0.75)",0.14626931226920792,3.0757843360435135,-2.261474610851431,44.09450706690515,-11.324081627974714,False,True,False,True,True,0.0,0.0,0.0,0.0,0.0,0,0.8665740097289785,1.0722724113968032,False,False,False,False,-0.2903750844170879,-0.30826648748758595,False,False,False,False,-18065.0,-5983.665626831045,False,False,False,False,2942.8026392174625,False,False,False,False
2025-03-14 15:00:00+00:00,2.745,2.785,2.73,2.755,1677.0,,,,,,,,,,,,,,,,,,,,,,,,,#000000,0.14010694113765476,3.0616240824789114,-2.1885002983374964,48.071727151510515,-7.6365860618061845,False,True,False,False,True,0.0,0.0,0.0,0.0,0.0,0,0.8737864077669905,1.0658807212205272,False,False,False,False,-0.26756756862622616,-0.28791702805690605,False,False,False,False,-16388.0,-6144.973136492579,False,False,False,False,2923.177792097812,False,False,False,False
2025-03-14 16:00:00+00:00,2.755,2.775,2.75,2.775,237.0,,,,,,,,,,,,,,,,,,,,,,,,,"rgba(38, 166, 154, 0.5)",0.1342123166700479,3.0618113877189086,-2.136997518819495,51.65562897013457,-4.368165588311442,False,False,True,False,True,0.0,0.0,0.0,0.0,0.0,0,0.8701677607585703,1.088256746900073,False,False,False,False,-0.26473610056777463,-0.2763265643123404,False,False,False,False,-16151.0,-6300.105335926803,False,False,False,False,2881.5316247784663,False,False,False,False
2025-03-14 17:00:00+00:00,2.775,2.78,2.755,2.755,421.0,,,,,,,,,,,,,,,,,,,,,,,,,"rgba(38, 166, 154, 0.5)",0.12734909812318274,3.061975749672561,-2.4105058786959623,52.73540428479238,-3.3573240836643308,False,False,True,False,True,0.0,0.0,0.0,0.0,0.0,0,0.8739002932551319,1.0813782991202345,False,False,False,False,-0.2619087748772727,-0.26911766959480654,False,False,False,False,-16572.0,-6459.3595167651465,False,False,False,False,2843.383847650118,False,False,False,False
2025-03-14 18:00:00+00:00,2.755,2.765,2.75,2.755,169.0,,,,,,,,,,,,,,,,,,,,,,,,,"rgba(38, 166, 154, 0.5)",0.12178947276210239,3.0619671964001203,-2.5204739739676443,53.45525449456426,-2.509867398538219,False,False,True,False,True,0.0,0.0,0.0,0.0,0.0,0,0.866420664206642,1.0900369003690038,False,False,False,False,-0.26756756862622616,-0.2683426191105164,False,False,False,False,-16572.0,-6616.144640536229,False,False,False,False,2801.920532182674,False,False,False,False
2025-03-14 19:00:00+00:00,2.755,2.77,2.755,2.765,1447.0,,,,,,,,,,,,,,,,,,,,,,,,,"rgba(38, 166, 154, 0.5)",0.11713828741437854,3.0619196555166956,-2.534778867530627,54.54479818341487,-1.2090050586218624,False,False,True,False,True,0.0,0.0,0.0,0.0,0.0,0,0.8722139673105497,1.0839524517087666,False,False,False,False,-0.26473610056777463,-0.2665393598391455,False,False,False,False,-15125.0,-6748.06487866745,False,False,False,False,2780.914012303873,False,False,False,False
2025-03-17 14:00:00+00:00,2.77,2.77,2.68,2.69,6353.0,,,,,,,,,,,,,,,,,,,,,,,,,#000000,0.11344391796177379,3.05322751250577,-3.2018244700272396,50.45126788825101,-1.2090050586218624,False,True,False,False,False,0.0,0.0,0.0,0.0,0.0,0,0.8557620817843867,1.0944237918215616,False,False,False,False,-0.2860768945342036,-0.2763081271866745,False,False,False,False,-21478.0,-6976.435965819893,False,False,False,False,2836.2951904076886,False,False,False,False
2025-03-17 15:00:00+00:00,2.7,2.715,2.68,2.685,3322.0,,,,,,,,,,,,,,,,,,,,,,,,,"rgba(239, 83, 80, 1.0)",0.10944631330241598,3.048558875905773,-3.32180102678477,47.457957706233174,3.3512709778347656,False,True,False,True,False,0.0,0.0,0.0,0.0,0.0,0,0.8441461595824011,1.108128262490679,False,False,False,False,-0.30188861668046146,-0.289098371933568,False,False,False,False,-24800.0,-7252.770291931212,False,False,False,False,2843.8254975331506,False,False,False,False
2025-03-17 16:00:00+00:00,2.685,2.71,2.685,2.71,1356.0,,,,,,,,,,,,,,,,,,,,,,,,,"rgba(239, 83, 80, 1.0)",0.10397600208223086,3.046949239733072,-3.240644312007604,47.32463713714044,3.05670389729093,False,True,False,True,False,0.0,0.0,0.0,0.0,0.0,0,0.8516566265060239,1.1069277108433735,False,False,False,False,-0.30188861668046146,-0.29549349430701477,False,False,False,False,-23444.0,-7503.797109110574,False,False,False,False,2820.7584355558924,False,False,False,False
2025-03-17 17:00:00+00:00,2.705,2.745,2.705,2.735,977.0,,,,,,,,,,,,,,,,,,,,,,,,,#000000,0.10068011961892738,3.046147941147309,-3.0904605827346945,48.94702179403093,3.05670389729093,False,True,False,False,False,0.0,0.0,0.0,0.0,0.0,0,0.8532731376975169,1.0948081264108354,False,False,False,False,-0.2860768945342036,-0.2907851944206092,False,False,False,False,-22467.0,-7735.78475082979,False,False,False,False,2792.173033454251,False,False,False,False
2025-03-17 18:00:00+00:00,2.735,2.75,2.735,2.74,238.0,,,,,,,,,,,,,,,,,,,,,,,,,#000000,0.09800956011465868,3.0459918983215095,-3.1220617454413406,50.36888513789869,3.05670389729093,False,True,False,False,True,0.0,0.0,0.0,0.0,0.0,0,0.8608169440242057,1.0930408472012103,False,False,False,False,-0.2760873752958726,-0.2834362848582409,False,False,False,False,-22229.0,-7960.485762444832,False,False,False,False,2752.5734515402314,False,False,False,False
2025-03-17 19:00:00+00:00,2.745,2.745,2.71,2.72,4088.0,,,,,,,,,,,,,,,,,,,,,,,,,#000000,0.09498254936923771,3.042464454288871,-3.394986304645432,49.76187328472674,3.05670389729093,False,True,False,False,True,0.0,0.0,0.0,0.0,0.0,0,0.8646387832699618,1.0889733840304183,False,False,False,False,-0.2846464556368638,-0.2840413702475524,False,False,False,False,-26317.0,-8245.082882406929,False,False,False,False,2773.2777391132513,False,False,False,False
2025-03-18 14:00:00+00:00,2.755,2.82,2.755,2.775,827.0,,,,,,,,,,,,,,,,,,,,,,,,,"rgba(38, 166, 154, 0.5)",0.09115994260161701,3.0136093027393227,-2.6174797386839326,53.016231597835244,3.05670389729093,False,False,True,False,True,0.0,0.0,0.0,0.0,0.0,0,0.867370007535795,1.0700828937452902,False,False,False,False,-0.25063981826482457,-0.2673405942561885,False,False,False,False,-25490.0,-8512.445938493642,False,False,False,False,2743.1028904448285,False,False,False,False
2025-03-18 15:00:00+00:00,2.775,2.795,2.755,2.775,3809.0,,,,,,,,,,,,,,,,,,,,,,,,,"rgba(38, 166, 154, 0.5)",0.08807373037391418,3.012002277695392,-2.6909530990592363,55.18580380657424,0.16292274479563673,False,False,True,False,True,0.0,0.0,0.0,0.0,0.0,0,0.8666164280331575,1.0746043707611155,False,False,False,False,-0.257675434860985,-0.26250801455858674,False,False,False,False,-25490.0,-8775.663830920097,False,False,False,False,2759.6284270270794,False,False,False,False
2025-03-18 16:00:00+00:00,2.775,2.79,2.745,2.775,3596.0,,,,,,,,,,,,,,,,,,,,,,,,,"rgba(38, 166, 154, 0.5)",0.08555857800516092,3.010293451006194,-2.7500860403734286,56.63218527906692,1.6782072064161753,False,False,True,False,True,0.0,0.0,0.0,0.0,0.0,0,0.8615269461077846,1.0733532934131738,False,False,False,False,-0.2619087748772727,-0.2622083947179297,False,False,False,False,-25490.0,-9034.800825789553,False,False,False,False,2772.5954281584427,False,False,False,False
2025-03-18 17:00:00+00:00,2.775,2.8,2.775,2.79,902.0,,,,,,,,,,,,,,,,,,,,,,,,,"rgba(38, 166, 154, 1.0)",0.08387705502910366,3.010094086290163,-2.6240082727486653,58.62865358145851,3.7172857145164713,True,False,True,False,True,0.0,0.0,0.0,0.0,0.0,0,0.8665175242356451,1.0715883668903805,False,False,False,False,-0.25063981826482457,-0.25642410649137715,False,False,False,False,-24588.0,-9275.935696707544,False,False,False,False,2743.59394865211,False,False,False,False
2025-03-18 18:00:00+00:00,2.785,2.79,2.74,2.76,3928.0,,,,,,,,,,,,,,,,,,,,,,,,,"rgba(38, 166, 154, 1.0)",0.08301486896010486,3.0078492637158143,-2.985600854648406,56.89407952545574,3.7172857145164713,True,False,True,False,True,0.0,0.0,0.0,0.0,0.0,0,0.8623242042931165,1.072538860103627,False,False,False,False,-0.263321923323102,-0.2598730149072396,False,False,False,False,-28516.0,-9574.231267301224,False,False,False,False,2761.9568331691316,False,False,False,False
2025-03-18 19:00:00+00:00,2.76,2.78,2.755,2.77,8129.0,,,,,,,,,,,,,,,,,,,,,,,,,"rgba(38, 166, 154, 0.75)",0.08243113423874986,3.003704559313827,-2.8351491396070774,56.548073745300314,3.7172857145164713,True,False,True,False,False,0.0,0.0,0.0,0.0,0.0,0,0.8650442477876107,1.0737463126843658,False,False,False,False,-0.2619087748772727,-0.26089089489225614,False,False,False,False,-20387.0,-9741.871092614383,False,False,False,False,2845.1668047479047,False,False,False,False
2025-03-19 14:00:00+00:00,2.73,2.765,2.725,2.755,1021.0,,,,,,,,,,,,,,,,,,,,,,,,,"rgba(38, 166, 154, 0.75)",0.08208367517189169,3.0029982808406763,-3.02128627064203,54.81015386667174,3.7172857145164713,True,False,True,False,False,0.0,0.0,0.0,0.0,0.0,0,0.8608058608058609,1.0747252747252747,False,False,False,False,-0.27466472108773154,-0.26777780798999384,False,False,False,False,-21408.0,-9922.741308232766,False,False,False,False,2816.8851488603405,False,False,False,False
2025-03-19 15:00:00+00:00,2.755,2.795,2.755,2.795,2382.0,,,,,,,,,,,,,,,,,,,,,,,,,"rgba(38, 166, 154, 0.75)",0.08161699169491747,3.002058652366517,-2.5369552107543725,56.82137395356238,3.7172857145164713,True,False,True,False,False,0.0,0.0,0.0,0.0,0.0,0,0.86598689002185,1.069919883466861,False,False,False,False,-0.257675434860985,-0.2627266214254894,False,False,False,False,-19026.0,-10063.877101903574,False,False,False,False,2810.1427434516527,False,False,False,False
2025-03-19 16:00:00+00:00,2.795,2.8,2.765,2.775,110.0,,,,,,,,,,,,,,,,,,,,,,,,,"rgba(38, 166, 154, 0.75)",0.08057496090175413,3.0020130865067154,-2.8174147894842276,56.15372923642363,3.7172857145164713,True,False,True,False,False,0.0,0.0,0.0,0.0,0.0,0,0.8653846153846153,1.0887573964497042,False,False,False,False,-0.25345111221960687,-0.25808886682254817,False,False,False,False,-19136.0,-10204.530170091115,False,False,False,False,2768.280065258604,False,False,False,False
2025-03-19 17:00:00+00:00,2.775,2.775,2.745,2.755,18.0,,,,,,,,,,,,,,,,,,,,,,,,,"rgba(38, 166, 154, 0.75)",0.08033712749438411,3.0020023077630023,-3.0745723112924197,53.876944143000884,3.7172857145164713,True,False,True,False,False,0.0,0.0,0.0,0.0,0.0,1,0.8594795539033457,1.0862453531598515,False,False,False,False,-0.26615131339780107,-0.2621200901101746,False,False,False,False,-19154.0,-10343.28164032226,False,False,False,False,2725.6400642468425,False,False,False,False
2025-03-19 18:00:00+00:00,2.735,2.805,2.735,2.805,813.0,,,,,,,,,,,,,,,,,,,,,,,,,"rgba(38, 166, 154, 1.0)",0.0800378288938982,3.001675640287961,-2.4572835496160574,56.07410987973823,3.7172857145164713,True,False,True,False,True,0.0,0.0,0.0,0.0,0.0,1,0.859792284866469,1.0786350148367954,False,False,False,False,-0.2604966484700837,-0.2613083692901291,False,False,False,False,-18341.0,-10467.277273805636,False,True,False,False,2695.986729917434,False,True,False,False
2025-03-19 19:00:00+00:00,2.805,2.825,2.785,2.79,1029.0,,,,,,,,,,,,,,,,,,,,,,,,,"rgba(38, 166, 154, 1.0)",0.07997961451978629,2.9762093029641186,-2.328209557924937,56.146175587315966,3.7172857145164713,True,False,True,False,True,0.0,0.0,0.0,0.0,0.0,1,0.8637037037037038,1.0755555555555556,False,False,False,False,-0.2408304678076874,-0.2510694185489083,False,False,False,False,-19370.0,-10605.303982738882,False,False,False,False,2670.141974414838,False,False,False,False
2025-03-20 14:00:00+00:00,2.77,2.815,2.77,2.795,1099.0,,,,,,,,,,,,,,,,,,,,,,,,,"rgba(38, 166, 154, 1.0)",0.08005729929972687,2.9757397655446516,-2.25763006153854,56.562205726962546,3.7172857145164713,True,False,True,False,True,0.0,0.0,0.0,0.0,0.0,1,0.8637037037037036,1.0770370370370372,False,False,False,False,-0.24783239984295677,-0.24945090919593255,False,False,False,False,-18271.0,-10724.151983006497,False,False,False,False,2645.7831841138327,False,False,False,False
2025-03-20 15:00:00+00:00,2.795,2.8,2.775,2.78,843.0,,,,,,,,,,,,,,,,,,,,,,,,,"rgba(38, 166, 154, 1.0)",0.07997370063206827,2.975287661519892,-2.441898523845284,55.33686709336338,3.7172857145164713,True,False,True,False,True,0.0,0.0,0.0,0.0,0.0,1,0.8589743589743589,1.0987933634992462,False,False,False,False,-0.24511208464454215,-0.24728149692023735,False,False,False,False,-19114.0,-10854.22714606066,False,False,False,False,2617.833057228347,False,False,False,False
2025-03-20 16:00:00+00:00,2.775,2.785,2.73,2.73,107.0,,,,,,,,,,,,,,,,,,,,,,,,,#000000,0.07967982099546134,2.975142126597536,-3.0765898258167472,50.50893141405452,4.4715171922189825,False,False,False,False,False,0.0,0.0,0.0,0.0,0.0,1,0.8622526636225266,1.0913242009132422,False,False,False,False,-0.2613450279474331,-0.25431326243383523,False,False,False,False,-19221.0,-10983.944554648868,False,False,False,False,2578.905412930233,False,False,False,False
2025-03-20 17:00:00+00:00,2.73,2.75,2.72,2.745,77.0,,,,,,,,,,,,,,,,,,,,,,,,,"rgba(239, 83, 80, 0.5)",0.07851808766192023,2.975022509578758,-2.929548036997268,48.696321880272606,2.823085875343324,False,False,False,True,False,0.0,0.0,0.0,0.0,0.0,1,0.8614916286149163,1.0882800608828007,False,False,False,False,-0.2751799609446006,-0.2647466116892179,False,False,False,False,-19144.0,-11110.457042173692,False,False,False,False,2540.1161817220127,False,False,False,False
2025-03-20 18:00:00+00:00,2.745,2.755,2.71,2.71,3127.0,,,,,,,,,,,,,,,,,,,,,,,,,"rgba(239, 83, 80, 1.0)",0.0774368094607104,2.9709191580158754,-3.3694461307611028,45.11893927766431,-0.4565549679869676,False,True,False,True,False,0.0,0.0,0.0,0.0,0.0,0,0.8597422289613341,1.086429112964367,False,False,False,False,-0.276723447620492,-0.27073502965485496,False,False,False,False,-22271.0,-11283.48871593844,False,False,False,False,2549.215155648803,False,False,False,False
2025-03-20 19:00:00+00:00,2.71,2.73,2.705,2.71,1840.0,,,,,,,,,,,,,,,,,,,,,,,,,"rgba(239, 83, 80, 1.0)",0.07664120219482982,2.968896971834998,-3.378039023668432,42.73401754259211,-2.5894100337879706,False,True,False,True,False,0.0,0.0,0.0,0.0,0.0,0,0.8588770864946889,1.0918057663125948,False,False,False,False,-0.2855227388179685,-0.27812888423641174,False,False,False,False,-22271.0,-11453.837728094431,False,False,False,False,2538.219571840294,False,False,False,False
2025-03-21 14:00:00+00:00,2.65,2.69,2.63,2.69,1762.0,,,,,,,,,,,,,,,,,,,,,,,,,"rgba(239, 83, 80, 1.0)",0.07657252347510997,2.936585497935002,-3.22028694816562,39.848671343970004,-5.211961841159109,False,True,False,True,False,0.0,0.0,0.0,0.0,0.0,0,0.853252647503782,1.0953101361573374,False,False,False,False,-0.32167170264900957,-0.29990029344271063,False,False,False,False,-24033.0,-11648.863499751882,False,False,False,False,2526.185159873778,False,False,False,False
2025-03-21 15:00:00+00:00,2.685,2.685,2.655,2.675,500.0,,,,,,,,,,,,,,,,,,,,,,,,,"rgba(239, 83, 80, 1.0)",0.07710750655780849,2.9359346644159405,-3.3840371199179504,37.022000387957604,-7.785351963764477,False,True,False,True,False,0.0,0.0,0.0,0.0,0.0,0,0.8562783661119515,1.0915279878971256,False,False,False,False,-0.31263563698914554,-0.3062679652159281,False,False,False,False,-24533.0,-11848.617554019294,False,False,False,False,2494.7714364648823,False,False,False,False
2025-03-21 16:00:00+00:00,2.67,2.725,2.665,2.725,1317.0,,,,,,,,,,,,,,,,,,,,,,,,,"rgba(239, 83, 80, 0.75)",0.07693228565804794,2.9353761207684235,-2.734562205827506,40.39164995103737,-7.785351963764477,False,True,False,True,True,0.0,0.0,0.0,0.0,0.0,0,0.8644325971058644,1.0807311500380807,False,False,False,False,-0.2928671293201662,-0.29956754726804713,False,False,False,False,-23216.0,-12024.85604155388,False,False,False,False,2476.511414194109,False,False,False,False
2025-03-21 17:00:00+00:00,2.725,2.745,2.705,2.735,229.0,,,,,,,,,,,,,,,,,,,,,,,,,"rgba(239, 83, 80, 0.75)",0.07669337568440178,2.935367824475642,-2.6125831949315748,43.50400369939334,-12.258347471800839,False,True,False,True,True,0.0,0.0,0.0,0.0,0.0,0,0.879019908116386,1.0727411944869834,False,False,False,False,-0.2696682012429033,-0.28461787425547524,False,False,False,False,-22987.0,-12194.811761839866,False,False,False,False,2441.6662759895494,False,False,False,False
2025-03-21 18:00:00+00:00,2.735,2.745,2.725,2.73,118.0,,,,,,,,,,,,,,,,,,,,,,,,,"rgba(239, 83, 80, 0.75)",0.07662192192130028,2.9353714139099467,-2.680321881261179,45.133079764026505,-10.739825599844913,False,True,False,True,True,0.0,0.0,0.0,0.0,0.0,0,0.8818112049117421,1.066768994627782,False,False,False,False,-0.2623333457443953,-0.27347560999993525,False,False,False,False,-23105.0,-12363.96196708266,False,False,False,False,2405.6404422532773,False,False,False,False
2025-03-21 19:00:00+00:00,2.735,2.735,2.705,2.715,2097.0,,,,,,,,,,,,,,,,,,,,,,,,,"rgba(239, 83, 80, 0.75)",0.07670218527017429,2.934398542421341,-2.860394937230745,44.87678302752715,-10.739825599844913,False,True,False,True,True,0.0,0.0,0.0,0.0,0.0,0,0.878741366078281,1.0675364543361476,False,False,False,False,-0.2733462351213587,-0.273410922560647,False,False,False,False,-25202.0,-12563.001316430215,False,False,False,False,2400.8553191175674,False,False,False,False
2025-03-24 14:00:00+00:00,2.725,2.785,2.72,2.78,4130.0,,,,,,,,,,,,,,,,,,,,,,,,,#000000,0.0766366176913236,2.9344562982974476,-2.015437305956869,50.05818582964129,-5.8762926277403125,False,False,False,False,True,0.0,0.0,0.0,0.0,0.0,0,0.8803353658536585,1.0586890243902438,False,False,False,False,-0.24812773895388032,-0.26076933075726366,False,False,False,False,-21072.0,-12694.923776640599,False,False,False,False,2427.6637637824115,False,False,False,False
2025-03-24 15:00:00+00:00,2.785,2.805,2.76,2.775,2195.0,,,,,,,,,,,,,,,,,,,,,,,,,"rgba(38, 166, 154, 1.0)",0.07660346003990301,2.9115234602096804,-1.782210100412762,53.021696895841366,-3.099820698570042,True,False,True,False,True,0.0,0.0,0.0,0.0,0.0,0,0.8890577507598785,1.0531914893617023,False,False,False,False,-0.20740209374839336,-0.2340857122528285,False,False,False,False,-23267.0,-12858.831935142294,False,False,False,False,2424.05657364625,False,False,False,False
2025-03-24 16:00:00+00:00,2.775,2.775,2.745,2.745,2711.0,,,,,,,,,,,,,,,,,,,,,,,,,"rgba(38, 166, 154, 1.0)",0.0765822880752578,2.9100685895606615,-2.155440816791053,52.22196538873224,-3.099820698570042,True,False,True,False,True,0.0,0.0,0.0,0.0,0.0,0,0.8938807126258715,1.055770720371805,False,False,False,False,-0.22401851848525758,-0.22905211536904305,False,False,False,False,-25978.0,-13062.229889636212,False,False,False,False,2428.505308938556,False,False,False,False
2025-03-24 17:00:00+00:00,2.745,2.755,2.735,2.735,1792.0,,,,,,,,,,,,,,,,,,,,,,,,,#000000,0.07651767740169511,2.9089455839077103,-2.273273180974217,50.8399976334795,-3.099820698570042,True,False,False,False,True,0.0,0.0,0.0,0.0,0.0,0,0.8923315259488769,1.053446940356313,False,False,False,False,-0.233435429282263,-0.23124377232565302,False,False,False,False,-27770.0,-13290.257333207743,False,False,False,False,2418.6370095751677,False,False,False,False
2025-03-24 18:00:00+00:00,2.735,2.74,2.725,2.735,399.0,,,,,,,,,,,,,,,,,,,,,,,,,#000000,0.07659369813887773,2.908660766419648,-2.2672983631730492,49.91868579664434,-3.099820698570042,False,False,False,False,False,0.0,0.0,0.0,0.0,0.0,0,0.897736143637783,1.0554254488680717,False,False,False,False,-0.24446307067029782,-0.23785342149797542,False,False,False,False,-27770.0,-13514.749467576614,False,False,False,False,2387.3248078763277,False,False,False,False
2025-03-24 19:00:00+00:00,2.735,2.75,2.735,2.745,2705.0,,,,,,,,,,,,,,,,,,,,,,,,,#000000,0.07663220925622866,2.9073180729456327,-2.118144244059353,50.340423080860205,-3.099820698570042,False,False,False,False,False,0.0,0.0,0.0,0.0,0.0,0,0.9002356637863314,1.0510604870384919,False,False,False,False,-0.23535914598498928,-0.23660628374148235,False,False,False,False,-25065.0,-13693.823119242092,False,False,False,False,2392.2500046534387,False,False,False,False
2025-03-25 14:00:00+00:00,2.725,2.77,2.705,2.745,350.0,,,,,,,,,,,,,,,,,,,,,,,,,#000000,0.07667075978102947,2.9071361074156754,-2.114705891512404,50.62158127033745,-3.099820698570042,False,False,False,False,False,0.0,0.0,0.0,0.0,0.0,0,0.896174863387978,1.042935206869633,False,False,False,False,-0.2399062305777959,-0.2382562571596391,False,False,False,False,-25065.0,-13870.120435222834,False,False,False,False,2360.587213883618,False,False,False,False
2025-03-25 15:00:00+00:00,2.74,2.75,2.735,2.735,372.0,,,,,,,,,,,,,,,,,,,,,,,,,#000000,0.07675061991705719,2.906944906182045,-2.2403064153470367,49.60759885897057,-3.099820698570042,False,False,False,False,False,0.0,0.0,0.0,0.0,0.0,0,0.901098901098901,1.0494505494505493,False,False,False,False,-0.23535914598498928,-0.23680770157231418,False,False,False,False,-25437.0,-14049.45190134341,False,False,False,False,2329.7564043660427,False,False,False,False
2025-03-25 16:00:00+00:00,2.735,2.735,2.705,2.73,1291.0,,,,,,,,,,,,,,,,,,,,,,,,,"rgba(239, 83, 80, 0.5)",0.07680412667213125,2.9060062586350934,-2.2916250240881673,48.327334953454454,-3.099820698570042,False,False,False,True,False,0.0,0.0,0.0,0.0,0.0,0,0.8980237154150198,1.0537549407114624,False,False,False,False,-0.2558993099351048,-0.24635350575370948,False,False,False,False,-26728.0,-14246.018538531884,False,False,False,False,2313.651653910755,False,False,False,False
2025-03-25 17:00:00+00:00,2.73,2.735,2.715,2.72,49.0,,,,,,,,,,,,,,,,,,,,,,,,,"rgba(239, 83, 80, 1.0)",0.07678934563856175,2.9059716661737296,-2.421842048883653,46.269271143355894,0.4585438542044713,False,True,False,True,False,0.0,0.0,0.0,0.0,0.0,1,0.8991262907069103,1.050039714058777,False,False,False,False,-0.25131710716253797,-0.24883530645812374,False,False,False,False,-26777.0,-14440.297320880227,False,False,False,False,2278.5407755555493,False,False,False,False
2025-03-25 18:00:00+00:00,2.725,2.725,2.705,2.705,484.0,,,,,,,,,,,,,,,,,,,,,,,,,"rgba(239, 83, 80, 1.0)",0.07688660188579305,2.9055590627708936,-2.6085047050044285,43.24516421453745,-2.5262160221356567,False,True,False,True,False,0.0,0.0,0.0,0.0,0.0,0,0.8895949166004767,1.0548054011119938,False,False,False,False,-0.26049205441934503,-0.2546636804387344,False,False,False,False,-27261.0,-14639.067905052627,False,False,False,False,2250.718437950037,False,False,False,False
2025-03-25 19:00:00+00:00,2.705,2.745,2.705,2.735,5069.0,,,,,,,,,,,,,,,,,,,,,,,,,"rgba(239, 83, 80, 0.75)",0.07608565585589636,2.902606799162752,-2.2028698744503656,45.60860482444983,-2.5262160221356567,False,True,False,True,True,0.0,0.0,0.0,0.0,0.0,0,0.8899445764053839,1.0514647664291368,False,False,False,False,-0.2495387814809828,-0.2521012309598586,False,False,False,False,-22192.0,-14756.167627454912,False,False,False,False,2294.412725733757,False,False,False,False
2025-03-26 14:00:00+00:00,2.7,2.715,2.685,2.705,412.0,,,,,,,,,,,,,,,,,,,,,,,,,"rgba(239, 83, 80, 0.75)",0.07415906935474854,2.9022602125835584,-2.659960734403787,43.98768647946519,-2.5262160221356567,False,True,False,True,True,0.0,0.0,0.0,0.0,0.0,0,0.8871349644830308,1.0513022888713497,False,False,False,False,-0.2723087493822105,-0.26220499017103455,False,False,False,False,-22604.0,-14877.839447184293,False,False,False,False,2265.228032311528,False,False,False,False
2025-03-26 15:00:00+00:00,2.705,2.71,2.685,2.695,424.0,,,,,,,,,,,,,,,,,,,,,,,,,"rgba(239, 83, 80, 1.0)",0.07099695463583186,2.9018850913498544,-2.9139995146417244,42.00144127877115,-3.5743717006559876,False,True,False,True,False,0.0,0.0,0.0,0.0,0.0,0,0.8885375494071146,1.051383399209486,False,False,False,False,-0.25861539859258154,-0.260410194381808,False,False,False,False,-23028.0,-15004.19852552252,False,False,False,False,2236.681861267938,False,False,False,False
2025-03-26 16:00:00+00:00,2.695,2.705,2.685,2.69,189.0,,,,,,,,,,,,,,,,,,,,,,,,,"rgba(239, 83, 80, 1.0)",0.06716236880708233,2.9017126838343854,-3.152251589614275,40.21901494204985,-5.320444485289848,False,True,False,True,False,0.0,0.0,0.0,0.0,0.0,0,0.903409090909091,1.048701298701299,False,False,False,False,-0.26155565460820457,-0.26098292449500626,False,False,False,False,-23217.0,-15131.528780940776,False,False,False,False,2204.9348556668847,False,False,False,False
2025-03-26 17:00:00+00:00,2.685,2.69,2.67,2.675,36.0,,,,,,,,,,,,,,,,,,,,,,,,,"rgba(239, 83, 80, 1.0)",0.06698614889765557,2.878284939771835,-3.0347309573270564,37.70211103769504,-7.740813348779625,False,True,False,True,False,0.0,0.0,0.0,0.0,0.0,0,0.9030154849225754,1.0399348003259985,False,False,False,False,-0.27929235181711964,-0.27013763815606295,False,False,False,False,-23253.0,-15257.44306340681,False,False,False,False,2171.3079586798012,False,False,False,False
2025-03-26 18:00:00+00:00,2.675,2.7,2.67,2.695,662.0,,,,,,,,,,,,,,,,,,,,,,,,,"rgba(239, 83, 80, 1.0)",0.06649100731714606,2.8555007425015577,-2.4138714237852956,39.17167776096607,-7.740813348779625,False,True,False,True,False,0.0,0.0,0.0,0.0,0.0,0,0.9026186579378069,1.0409165302782326,False,False,False,False,-0.27336157959845475,-0.27174960887725885,False,False,False,False,-22591.0,-15371.141620563294,False,False,False,False,2147.9078352894167,False,False,False,False
2025-03-26 19:00:00+00:00,2.695,2.71,2.68,2.705,2513.0,,,,,,,,,,,,,,,,,,,,,,,,,"rgba(239, 83, 80, 0.75)",0.06584673714609929,2.854511674550627,-2.270601111470317,41.56227412432629,-7.740813348779625,False,True,False,True,True,0.0,0.0,0.0,0.0,0.0,0,0.8961569910057237,1.0425183973834833,False,False,False,False,-0.25774315394912606,-0.26474638141319246,False,False,False,False,-20078.0,-15444.116169081692,False,False,False,False,2153.5681789283403,False,False,False,False
2025-03-27 14:00:00+00:00,2.705,2.81,2.705,2.795,762.0,,,,,,,,,,,,,,,,,,,,,,,,,"rgba(38, 166, 154, 1.0)",0.06374449278451468,2.8559387590502925,-0.9559846880622805,50.76428642503349,-4.6723456348578125,True,False,True,False,True,0.0,0.0,0.0,0.0,0.0,0,0.9063004846526654,1.0218093699515347,False,False,False,False,-0.18143882965863392,-0.2230926055359132,False,False,False,False,-19316.0,-15504.145375762595,False,False,False,False,2131.993478479839,False,False,False,False
2025-03-27 15:00:00+00:00,2.795,2.82,2.785,2.785,828.0,,,,,,,,,,,,,,,,,,,,,,,,,"rgba(38, 166, 154, 1.0)",0.06143604306416595,2.841128562791934,-0.9136096661256494,55.73488560070031,-0.4808291687731696,True,False,True,False,True,0.0,0.0,0.0,0.0,0.0,0,0.9216478190630049,1.018578352180937,False,False,False,False,-0.12806399379183797,-0.1755782996638756,False,False,False,False,-20144.0,-15576.081106370926,False,False,False,False,2111.7765253251123,False,False,False,False
2025-03-27 16:00:00+00:00,2.785,2.81,2.755,2.77,536.0,,,,,,,,,,,,,,,,,,,,,,,,,"rgba(38, 166, 154, 1.0)",0.05652273719322569,2.8413545385840586,-1.2624041602962306,57.3298580006771,0.7046616478522836,True,False,True,False,True,0.0,0.0,0.0,0.0,0.0,0,0.9168684422921711,1.023405972558515,False,False,False,False,-0.14238304108469338,-0.15898067037428448,False,False,False,False,-20680.0,-15655.211631853546,False,False,False,False,2087.3458815216222,False,False,False,False
2025-03-27 17:00:00+00:00,2.77,2.775,2.75,2.76,620.0,,,,,,,,,,,,,,,,,,,,,,,,,"rgba(38, 166, 154, 1.0)",0.054945673414943705,2.8412048938671157,-1.4779124327745603,57.27136414101554,0.7046616478522836,True,False,True,False,True,0.0,0.0,0.0,0.0,0.0,0,0.921951219512195,1.0268292682926827,False,False,False,False,-0.15020586710469447,-0.15459326873948948,False,False,False,False,-21300.0,-15742.727730584498,False,False,False,False,2064.5963329708993,False,False,False,False
2025-03-27 18:00:00+00:00,2.76,2.785,2.755,2.785,1000.0,,,,,,,,,,,,,,,,,,,,,,,,,"rgba(38, 166, 154, 1.0)",0.052498991839260635,2.8417503173567376,-1.0809791839525855,59.163947219413984,2.60984482054549,True,False,True,False,True,0.0,0.0,0.0,0.0,0.0,0,0.9290375203915172,1.0154975530179446,False,False,False,False,-0.12844369402418235,-0.14151848138183593,False,False,False,False,-20300.0,-15813.383114606442,False,False,False,False,2048.0909634674745,False,False,False,False
2025-03-27 19:00:00+00:00,2.785,2.815,2.78,2.785,3341.0,,,,,,,,,,,,,,,,,,,,,,,,,"rgba(38, 166, 154, 1.0)",0.05097411461079988,2.844473500384331,-1.1667392526270643,60.42566927167961,4.054921130998068,True,False,True,False,True,0.0,0.0,0.0,0.0,0.0,0,0.9363784665579118,1.0048939641109298,False,False,False,False,-0.08630062304477391,-0.11390955221330493,False,False,False,False,-20300.0,-15882.943066317968,False,False,False,False,2068.136064809064,False,False,False,False
2025-03-28 14:00:00+00:00,2.725,2.74,2.715,2.72,93.0,,,,,,,,,,,,,,,,,,,,,,,,,"rgba(38, 166, 154, 0.75)",0.04938522958228993,2.8443614994138775,-2.518192189562579,54.80444296881204,4.054921130998068,True,False,True,False,False,0.0,0.0,0.0,0.0,0.0,0,0.932038834951456,1.0072815533980581,False,False,False,False,-0.18873112953230065,-0.15132034087280277,False,False,False,False,-20393.0,-15952.866429630867,False,False,False,False,2037.5138002383808,False,False,False,False
2025-03-28 15:00:00+00:00,2.715,2.725,2.705,2.705,272.0,,,,,,,,,,,,,,,,,,,,,,,,,#000000,0.04578071508690563,2.84395305588273,-3.0351875373496244,49.98189471292281,6.883981320637766,True,False,False,False,False,0.0,0.0,0.0,0.0,0.0,0,0.9317627944760355,1.0121852152721365,False,False,False,False,-0.1905556804554539,-0.17093801066412834,False,False,False,False,-20665.0,-16025.922764055194,False,False,False,False,2010.1414932579407,False,False,False,False
2025-03-28 16:00:00+00:00,2.7,2.71,2.695,2.7,248.0,,,,,,,,,,,,,,,,,,,,,,,,,"rgba(239, 83, 80, 0.5)",0.043398218919673846,2.8435355701340503,-3.3074069329831586,46.40364568778631,3.6059649257789985,False,False,False,True,False,0.0,0.0,0.0,0.0,0.0,0,0.944078947368421,1.0123355263157896,False,False,False,False,-0.20156012737374512,-0.18624906901893673,False,False,False,False,-20913.0,-16101.691403372168,False,False,False,False,1982.8214701066547,False,False,False,False
2025-03-28 17:00:00+00:00,2.7,2.705,2.675,2.685,750.0,,,,,,,,,,,,,,,,,,,,,,,,,"rgba(239, 83, 80, 1.0)",0.043242663284336,2.842134518811983,-3.633784482208394,42.92506270692937,0.3792963568657939,False,True,False,True,False,0.0,0.0,0.0,0.0,0.0,0,0.9455445544554455,1.0066006600660067,False,False,False,False,-0.22442179694472758,-0.20533543298183216,False,False,False,False,-21663.0,-16187.913242079576,False,False,False,False,1963.7079589422106,False,False,False,False
2025-03-28 18:00:00+00:00,2.685,2.715,2.685,2.7,1028.0,,,,,,,,,,,,,,,,,,,,,,,,,"rgba(239, 83, 80, 1.0)",0.04271812071981135,2.8406956522845275,-3.2935824402798923,42.43992159018843,-0.19427477055450737,False,True,False,True,False,0.0,0.0,0.0,0.0,0.0,0,0.9487603305785123,1.0016528925619834,False,False,False,False,-0.20611513155872502,-0.2057252822702786,False,False,False,False,-20635.0,-16256.86032359772,False,False,False,False,1949.2008588035717,False,False,False,False
2025-03-28 19:00:00+00:00,2.7,2.705,2.685,2.695,1251.0,,,,,,,,,,,,,,,,,,,,,,,,,"rgba(239, 83, 80, 1.0)",0.04145039366676366,2.839034954482569,-3.4748754291822594,41.685004664489234,-1.2249273560888696,False,True,False,True,False,0.0,0.0,0.0,0.0,0.0,0,0.9438016528925617,1.0049586776859505,False,False,False,False,-0.20834792301077382,-0.2070366026405262,False,False,False,False,-21886.0,-16344.133806952794,False,False,False,False,1938.376039287237,False,False,False,False
2025-03-31 14:00:00+00:00,2.655,2.685,2.635,2.635,2769.0,,,,,,,,,,,,,,,,,,,,,,,,,"rgba(239, 83, 80, 1.0)",0.04251359083163812,2.8338812411744154,-4.678062645002702,37.21150248804293,-5.71115285636192,False,True,False,True,False,0.0,0.0,0.0,0.0,0.0,0,0.9390444810543656,1.0049423393739705,False,False,False,False,-0.27200417960971957,-0.23952039112512288,False,False,False,False,-24655.0,-16472.98444560469,False,False,False,False,1951.2539301510008,False,False,False,False
2025-03-31 15:00:00+00:00,2.64,2.655,2.6,2.625,1790.0,,,,,,,,,,,,,,,,,,,,,,,,,"rgba(239, 83, 80, 1.0)",0.04413717356248153,2.830376028387615,-4.6531304977397445,33.7330262973157,-9.133018141489352,False,True,False,True,False,0.0,0.0,0.0,0.0,0.0,0,0.936833470057424,1.0049220672682526,False,False,False,False,-0.34282825441539394,-0.2911743227702584,False,False,False,False,-26445.0,-16627.589337920894,False,False,False,False,1948.753869218427,False,False,False,False
2025-03-31 16:00:00+00:00,2.625,2.645,2.605,2.635,2936.0,,,,,,,,,,,,,,,,,,,,,,,,,"rgba(239, 83, 80, 1.0)",0.04534651371716271,2.8254979939461182,-4.2009402340012505,32.7791723678204,-10.240613920899051,False,True,False,True,False,0.0,0.0,0.0,0.0,0.0,0,0.9480626545754327,1.0024732069249795,False,False,False,False,-0.34282825441539394,-0.31700128859282617,False,False,False,False,-23509.0,-16734.277875317468,False,False,False,False,1964.060010780932,False,False,False,False
2025-03-31 17:00:00+00:00,2.635,2.68,2.6,2.615,5370.0,,,,,,,,,,,,,,,,,,,,,,,,,"rgba(239, 83, 80, 1.0)",0.04664413870648902,2.81842881534318,-4.361294280150987,30.99304302354457,-12.225733663143735,False,True,False,True,False,0.0,0.0,0.0,0.0,0.0,0,0.9491386382280557,0.9934372436423298,False,False,False,False,-0.31001173185117825,-0.3135065102220022,False,False,False,False,-28879.0,-16922.56814081642,False,False,False,False,2016.8652819316153,False,False,False,False
2025-03-31 18:00:00+00:00,2.62,2.715,2.58,2.695,8136.0,,,,,,,,,,,,,,,,,,,,,,,,,"rgba(239, 83, 80, 0.75)",0.04579134030405056,2.8126432172271967,-2.569114955929571,37.898741296526076,-19.174449056851238,False,True,False,True,True,0.0,0.0,0.0,0.0,0.0,0,0.9497975708502023,0.9854251012145749,False,False,False,False,-0.29384691298103643,-0.3036767116015193,False,False,False,False,-20743.0,-16981.799642509188,False,False,False,False,2111.735587638102,False,False,False,False
2025-03-31 19:00:00+00:00,2.695,2.725,2.675,2.675,2258.0,,,,,,,,,,,,,,,,,,,,,,,,,"rgba(239, 83, 80, 0.75)",0.04579134030405056,2.8118496672370097,-2.9885490646995665,41.019733682769015,-16.269487200739498,False,True,False,True,True,0.0,0.0,0.0,0.0,0.0,0,0.9685483870967742,0.9758064516129031,False,False,False,False,-0.18429747458592224,-0.2439870930937208,False,False,False,False,-23001.0,-17075.120578284237,False,False,False,False,2114.0032529460386,False,False,False,False
2025-04-01 14:00:00+00:00,2.58,2.665,2.57,2.655,814.0,,,,,,,,,,,,,,,,,,,,,,,,,"rgba(239, 83, 80, 0.75)",0.044668750791709226,2.788849669143552,-2.996494568824958,41.71027763501952,-15.494688347657664,False,True,False,True,True,0.0,0.0,0.0,0.0,0.0,0,0.9546178343949044,0.9832802547770704,False,False,False,False,-0.34282825441539394,-0.29340767375455734,False,False,False,False,-23815.0,-17179.61483288448,False,False,False,False,2093.8481637530767,False,False,False,False
2025-04-01 15:00:00+00:00,2.655,2.71,2.65,2.71,3570.0,,,,,,,,,,,,,,,,,,,,,,,,,"rgba(239, 83, 80, 0.5)",0.04409326724354579,2.7901758169083726,-1.8183233386976658,46.238631920997165,-11.077047714438656,False,False,False,True,True,0.0,0.0,0.0,0.0,0.0,1,0.9642004773269688,0.9840891010342083,False,False,False,False,-0.2127132662802852,-0.25306047001742127,False,False,False,False,-20245.0,-17227.140184312626,False,False,False,False,2116.7342387336494,False,False,False,False
2025-04-01 16:00:00+00:00,2.71,2.725,2.69,2.7,4746.0,,,,,,,,,,,,,,,,,,,,,,,,,#000000,0.04358041133636521,2.7900213387373336,-2.065637656389353,48.48300853365897,-8.83533831539112,True,False,False,False,True,0.0,0.0,0.0,0.0,0.0,0,0.986323411102172,0.9774738535800481,False,False,False,False,-0.15786792661744276,-0.205464198317432,False,False,False,False,-24991.0,-17347.510103935685,False,False,False,False,2157.498048985841,False,False,False,False
2025-04-01 17:00:00+00:00,2.705,2.71,2.67,2.68,2756.0,,,,,,,,,,,,,,,,,,,,,,,,,#000000,0.04392838151693312,2.789038423030779,-2.482186214594491,48.45401390938132,-8.576205544847667,True,False,False,False,True,0.0,0.0,0.0,0.0,0.0,1,0.9790660225442834,0.9782608695652175,False,False,False,False,-0.1926401346845299,-0.19905216650098095,False,False,False,False,-27747.0,-17508.742505425056,False,False,False,False,2166.777149001564,False,False,False,False
2025-04-01 18:00:00+00:00,2.675,2.675,2.64,2.655,1599.0,,,,,,,,,,,,,,,,,,,,,,,,,"rgba(239, 83, 80, 0.5)",0.04465251221198379,2.7879258705333,-2.9768956761547183,46.68733837409745,-8.576205544847667,False,False,False,True,True,0.0,0.0,0.0,0.0,0.0,1,0.9734085414987912,0.983078162771958,False,False,False,False,-0.25852962794139367,-0.2287908972211873,False,False,False,False,-29346.0,-17692.26587743397,False,False,False,False,2157.9744025054156,False,False,False,False
2025-04-01 19:00:00+00:00,2.655,2.67,2.655,2.665,4252.0,,,,,,,,,,,,,,,,,,,,,,,,,"rgba(239, 83, 80, 0.5)",0.0448959758624662,2.7855532993706826,-2.6851693733082924,46.390224369050856,-8.576205544847667,False,False,False,True,True,0.0,0.0,0.0,0.0,0.0,1,0.9853896103896101,0.9772727272727273,False,False,False,False,-0.24826250417987078,-0.23852670070052906,False,False,False,False,-25094.0,-17807.02144522569,False,False,False,False,2190.4399156448667,False,False,False,False
2025-04-02 14:00:00+00:00,2.705,2.745,2.7,2.725,782.0,,,,,,,,,,,,,,,,,,,,,,,,,#000000,0.044773001034285345,2.7856275612647066,-1.3541098399519915,50.50680614358426,-5.696696811599253,True,False,False,False,True,0.0,0.0,0.0,0.0,0.0,0,0.9911290322580644,0.9629032258064517,False,False,False,False,-0.12836471977748734,-0.1834457102390082,False,False,False,False,-24312.0,-17907.87382591987,False,False,False,False,2168.603637882931,False,False,False,False
2025-04-02 15:00:00+00:00,2.725,2.735,2.705,2.735,219.0,,,,,,,,,,,,,,,,,,,,,,,,,"rgba(38, 166, 154, 1.0)",0.044658564546813176,2.7856502990431062,-1.1341676463875674,53.84061138928968,-2.3758691180753218,True,False,True,False,True,0.0,0.0,0.0,0.0,0.0,0,0.9967689822294024,0.9596122778675285,False,False,False,False,-0.13326515724390306,-0.1583554337414556,False,False,False,False,-24093.0,-18003.767254975377,False,False,False,False,2138.377224892498,False,False,False,False
2025-04-02 16:00:00+00:00,2.735,2.755,2.715,2.745,1037.0,,,,,,,,,,,,,,,,,,,,,,,,,"rgba(38, 166, 154, 1.0)",0.04448149731740257,2.7858861052860244,-0.9191710655393873,56.66863258974523,0.4097035492331287,True,False,True,False,True,0.0,0.0,0.0,0.0,0.0,0,1.0089285714285712,0.9512987012987014,False,False,False,False,-0.10394950601081553,-0.13115246987613557,False,False,False,False,-23056.0,-18082.09644482072,False,False,False,False,2121.3016090026917,False,False,False,False
2025-04-02 17:00:00+00:00,2.745,2.765,2.71,2.715,142.0,,,,,,,,,,,,,,,,,,,,,,,,,"rgba(38, 166, 154, 1.0)",0.04430392576095634,2.7708789660738824,-1.261264439078826,55.76233955708204,0.4097035492331287,True,False,True,False,True,0.0,0.0,0.0,0.0,0.0,0,1.0113452188006482,0.9448946515397083,False,False,False,False,-0.09908216232693495,-0.11511731610153526,False,False,False,False,-23198.0,-18161.412779009544,False,False,False,False,2090.614762351487,False,False,False,False
2025-04-02 18:00:00+00:00,2.715,2.715,2.68,2.69,1140.0,,,,,,,,,,,,,,,,,,,,,,,,,"rgba(38, 166, 154, 0.75)",0.0442451198509522,2.769112912490697,-1.7880596268515812,53.146132015003644,0.4097035492331287,True,False,True,False,False,0.0,0.0,0.0,0.0,0.0,1,1.0016207455429496,0.9562398703403566,False,False,False,False,-0.17768613335520034,-0.1464017247283678,False,False,False,False,-24338.0,-18257.17382119544,False,False,False,False,2075.8765489816965,False,False,False,False
2025-04-02 19:00:00+00:00,2.685,2.72,2.685,2.71,1743.0,,,,,,,,,,,,,,,,,,,,,,,,,"rgba(38, 166, 154, 0.75)",0.0442451198509522,2.769128855285804,-1.3363927024040312,52.99032204638364,0.4097035492331287,True,False,True,False,False,0.0,0.0,0.0,0.0,0.0,1,0.999189627228525,0.9586709886547812,False,False,False,False,-0.16776070982893876,-0.15708121727865326,False,False,False,False,-22595.0,-18324.426940246674,False,False,False,False,2070.715672253298,False,False,False,False
2025-04-03 14:00:00+00:00,2.6,2.64,2.57,2.57,848.0,,,,,,,,,,,,,,,,,,,,,,,,,"rgba(239, 83, 80, 0.5)",0.04775764643266312,2.766983890957845,-4.1246565874134244,45.53341044922682,1.6621732094455197,False,False,False,True,False,0.0,0.0,0.0,0.0,0.0,0,0.9792498004788507,0.9672785315243417,False,False,False,False,-0.34282825441539394,-0.2499547358470236,False,False,False,False,-23443.0,-18403.784662103313,False,False,False,False,2051.75884012534,False,False,False,False
2025-04-03 15:00:00+00:00,2.57,2.615,2.57,2.605,581.0,,,,,,,,,,,,,,,,,,,,,,,,,"rgba(239, 83, 80, 1.0)",0.0496480405244998,2.7658299296186,-3.239401352390439,42.99886698326553,-0.6457593055545416,False,True,False,True,False,0.0,0.0,0.0,0.0,0.0,0,0.9776357827476038,0.9736421725239618,False,False,False,False,-0.34282825441539394,-0.29639149513120877,False,False,False,False,-22862.0,-18472.904279745122,False,False,False,False,2028.9563774877379,False,False,False,False
2025-04-03 16:00:00+00:00,2.605,2.63,2.6,2.605,1366.0,,,,,,,,,,,,,,,,,,,,,,,,,"rgba(239, 83, 80, 1.0)",0.05145565746037178,2.763934200654483,-3.0887604686984176,41.30917133929134,-2.2756693249633244,False,True,False,True,False,0.0,0.0,0.0,0.0,0.0,0,0.9830234438156831,0.9789814066289413,False,False,False,False,-0.29812069148294773,-0.29725609330707825,False,False,False,False,-22862.0,-18540.952275407988,False,False,False,False,2018.6779840383156,False,False,False,False
2025-04-03 17:00:00+00:00,2.605,2.625,2.595,2.605,652.0,,,,,,,,,,,,,,,,,,,,,,,,,"rgba(239, 83, 80, 1.0)",0.05275192665448503,2.763107165150452,-2.9971827604709813,40.182707576641874,-3.507830285055789,False,True,False,True,False,0.0,0.0,0.0,0.0,0.0,0,0.9829821717990275,0.9692058346839547,False,False,False,False,-0.30795049258044743,-0.30260329294376287,False,False,False,False,-22862.0,-18607.94526338616,False,False,False,False,1997.4891780842331,False,False,False,False
2025-04-03 18:00:00+00:00,2.605,2.615,2.585,2.605,2852.0,,,,,,,,,,,,,,,,,,,,,,,,,"rgba(239, 83, 80, 1.0)",0.05392061231502113,2.7597219204207515,-2.869439232566899,39.43173173487556,-4.503733234541087,False,True,False,True,False,0.0,0.0,0.0,0.0,0.0,0,0.9804560260586318,0.9739413680781759,False,False,False,False,-0.3277866859422622,-0.3151949894430125,False,False,False,False,-22862.0,-18673.899600387922,False,False,False,False,2010.7374078813766,False,False,False,False
2025-04-03 19:00:00+00:00,2.605,2.615,2.585,2.6,2215.0,,,,,,,,,,,,,,,,,,,,,,,,,"rgba(239, 83, 80, 1.0)",0.05510636725194338,2.7574176603808778,-2.856614729495278,38.633424033740766,-5.621544915725892,False,True,False,True,False,0.0,0.0,0.0,0.0,0.0,0,0.9787755102040815,0.973061224489796,False,False,False,False,-0.3277866859422622,-0.3214908376926373,False,False,False,False,-25077.0,-18773.172474800514,False,False,False,False,2013.9042697746884,False,False,False,False
2025-04-04 14:00:00+00:00,2.41,2.42,2.305,2.345,2675.0,,,,,,,,,,,,,,,,,,,,,,,,,"rgba(239, 83, 80, 1.0)",0.06898537513108306,2.7475175397010974,-5.834824249868186,31.007353512469784,-12.919292174123107,False,True,False,True,False,0.0,0.0,0.0,0.0,0.0,0,0.9538341158059467,0.9796557120500784,False,False,False,False,-0.34282825441539394,-0.33215954605401565,False,False,False,False,-27752.0,-18912.37910309818,False,False,False,False,2024.1538159797317,False,False,False,False
2025-04-04 15:00:00+00:00,2.345,2.455,2.345,2.385,1946.0,,,,,,,,,,,,,,,,,,,,,,,,,"rgba(239, 83, 80, 1.0)",0.07812971427214147,2.741940341470583,-4.568560691612008,28.508655775403195,-15.200927421780115,False,True,False,True,False,0.0,0.0,0.0,0.0,0.0,0,0.9658914728682169,0.972093023255814,False,False,False,False,-0.2970137493438437,-0.3145866476989297,False,False,False,False,-25806.0,-19019.256946461,False,False,False,False,2022.9421289102784,False,False,False,False
2025-04-04 16:00:00+00:00,2.38,2.41,2.36,2.365,654.0,,,,,,,,,,,,,,,,,,,,,,,,,"rgba(239, 83, 80, 1.0)",0.08691924387009532,2.7400524337188332,-4.314952788583453,26.456982089634323,-17.16013041786264,False,True,False,True,False,0.0,0.0,0.0,0.0,0.0,0,0.9758566978193146,0.9774143302180686,False,False,False,False,-0.31518471330878667,-0.3148856805038582,False,False,False,False,-26460.0,-19134.617303880208,False,False,False,False,2001.7182199349252,False,False,False,False
2025-04-04 17:00:00+00:00,2.365,2.38,2.335,2.375,357.0,,,,,,,,,,,,,,,,,,,,,,,,,"rgba(239, 83, 80, 1.0)",0.09427638111441342,2.7389865335213264,-3.860845412379521,25.786708936963485,-17.959510513567245,False,True,False,True,False,0.0,0.0,0.0,0.0,0.0,0,0.9618973561430791,0.9867807153965786,False,False,False,False,-0.34282825441539394,-0.32885696745962606,False,False,False,False,-26103.0,-19242.65424490532,False,False,False,False,1976.2187126491124,False,False,False,False
2025-04-04 18:00:00+00:00,2.38,2.39,2.335,2.355,310.0,,,,,,,,,,,,,,,,,,,,,,,,,"rgba(239, 83, 80, 1.0)",0.10123080398608766,2.7380622460348163,-3.784048243728868,24.87399997225912,-19.11372824732156,False,True,False,True,False,0.0,0.0,0.0,0.0,0.0,0,0.9573973663826489,0.989155693261038,False,False,False,False,-0.336694084408742,-0.332775525934184,False,False,False,False,-26413.0,-19353.822396147098,False,False,False,False,1950.3858643909866,False,False,False,False
2025-04-04 19:00:00+00:00,2.355,2.405,2.355,2.37,880.0,,,,,,,,,,,,,,,,,,,,,,,,,"rgba(239, 83, 80, 1.0)",0.10707410921814307,2.735645388639998,-3.414881443422191,25.4458910477678,-19.11372824732156,False,True,False,True,False,0.0,0.0,0.0,0.0,0.0,0,0.9605873261205564,0.9876352395672335,False,False,False,False,-0.3154121596594221,-0.3240938427968031,False,False,False,False,-25533.0,-19449.623599307608,False,False,False,False,1933.7907347105063,False,False,False,False
2025-04-07 14:00:00+00:00,2.295,2.39,2.245,2.325,1807.0,,,,,,,,,,,,,,,,,,,,,,,,,"rgba(239, 83, 80, 1.0)",0.11432496751887623,2.7299101162465185,-3.5417470482085505,24.635667905427447,-20.052116672508564,False,True,False,True,False,0.0,0.0,0.0,0.0,0.0,0,0.9451637471439452,0.9916222391469918,False,False,False,False,-0.34282825441539394,-0.3334610486060985,False,False,False,False,-27340.0,-19571.955016372605,False,False,False,False,1931.824986885537,False,False,False,False
2025-04-07 15:00:00+00:00,2.325,2.335,2.205,2.245,651.0,,,,,,,,,,,,,,,,,,,,,,,,,"rgba(239, 83, 80, 1.0)",0.1236446521285649,2.727563901201685,-3.9028287345571395,22.469945806571232,-22.445556127160092,False,True,False,True,False,0.0,0.0,0.0,0.0,0.0,0,0.9384384384384384,0.9992492492492494,False,False,False,False,-0.34282825441539394,-0.33814465151074624,False,False,False,False,-27991.0,-19702.48284557613,False,False,False,False,1911.9672351508775,False,False,False,False
2025-04-07 16:00:00+00:00,2.245,2.245,2.175,2.185,838.0,,,,,,,,,,,,,,,,,,,2.201666666666667,,,,,2.201666666666667,"rgba(239, 83, 80, 1.0)",0.13479687755356926,2.684166566197585,-3.703101846696802,20.10912396697965,-24.919414813152265,False,True,False,True,False,0.0,0.0,0.0,0.0,0.0,0,0.9292168674698794,1.026355421686747,False,False,False,False,-0.34282825441539394,-0.3404864529630701,False,False,False,False,-28829.0,-19843.979235567196,False,False,False,False,1895.3165803423367,False,False,False,False
2025-04-07 17:00:00+00:00,2.185,2.325,2.185,2.305,5479.0,,,,,,,,,,,,,,,,,,,2.2623806131602553,,,,,2.2623806131602553,"rgba(239, 83, 80, 0.75)",0.13992913264276255,2.670546300952133,-2.6123673751724605,25.711171076010892,-29.54929282426922,False,True,False,True,True,0.0,0.0,0.0,0.0,0.0,0,0.9332344213649849,1.0059347181008902,False,False,False,False,-0.299003053674097,-0.31974475331858354,False,False,False,False,-23350.0,-19898.336146643673,False,False,False,False,1950.877563592843,False,False,False,False
2025-04-07 18:00:00+00:00,2.305,2.315,2.255,2.265,1839.0,,,,,,,,,,,,,,,,,,,2.2659776034003594,,,,,2.2659776034003594,"rgba(239, 83, 80, 0.75)",0.1461217867963918,2.6657568624213654,-2.7426222414032324,28.374093605383813,-27.12720570728608,False,True,False,True,True,0.0,0.0,0.0,0.0,0.0,0,0.9433258762117819,1.0156599552572707,False,False,False,False,-0.27040323744823547,-0.2950739953834095,False,False,False,False,-25189.0,-19980.36194281974,False,False,False,False,1949.1430277231866,False,False,False,False
2025-04-07 19:00:00+00:00,2.265,2.31,2.26,2.29,9793.0,,,,,,,,,,,,,,,,,,,2.2772655858265085,,,,,2.2772655858265085,"rgba(239, 83, 80, 0.75)",0.15145281428533608,2.6435486017913203,-2.3343811962796357,31.42472638245196,-24.315718899347416,False,True,False,True,True,0.0,0.0,0.0,0.0,0.0,0,0.9327856609410006,1.022404779686333,False,False,False,False,-0.27040323744823547,-0.2827386164158225,False,False,False,False,-15396.0,-19909.286563861293,False,False,False,False,2070.7532133398813,False,False,False,False
2025-04-08 14:00:00+00:00,2.35,2.415,2.33,2.33,2819.0,,,,,,,,,,,,,,,,,,,2.2882695332562917,,,,,2.2882695332562917,"rgba(239, 83, 80, 0.75)",0.15511872814013564,2.6397060278134488,-1.9965740534802316,35.418083868340815,-20.64513277101834,False,True,False,True,True,0.0,0.0,0.0,0.0,0.0,0,0.9297337278106507,1.014792899408284,False,False,False,False,-0.18922666228849522,-0.23598263935215885,False,False,False,False,-12577.0,-19795.60770240608,False,False,False,False,2082.3539387144565,False,False,False,False
2025-04-08 15:00:00+00:00,2.335,2.35,2.305,2.345,1377.0,,,,,,,,,,,,,,,,,,,2.291071648980206,,,,,2.291071648980206,"rgba(239, 83, 80, 0.5)",0.15842231733762788,2.637531786367854,-1.8465314185779351,38.800640694869905,-17.564876630406047,False,False,False,True,True,0.0,0.0,0.0,0.0,0.0,0,0.921771217712177,1.0243542435424355,False,False,False,False,-0.22606563074275376,-0.2310241350474563,False,False,False,False,-11200.0,-19662.342466709862,False,False,False,False,2071.4182187343877,False,False,False,False
2025-04-08 16:00:00+00:00,2.345,2.35,2.3,2.3,5148.0,,,,,,,,,,,,,,,,,,,2.2958993759083524,,,,,2.2958993759083524,"rgba(239, 83, 80, 0.5)",0.16264444723448016,2.6289814748821945,-2.0227033905923073,39.321815800915246,-17.034670780940957,False,False,False,True,True,0.0,0.0,0.0,0.0,0.0,0,0.940823970037453,1.0224719101123596,False,False,False,False,-0.22847772030722788,-0.2297509276773421,False,False,False,False,-16348.0,-19610.957312187227,False,False,False,False,2119.117161079591,False,False,False,False
2025-04-08 17:00:00+00:00,2.3,2.305,2.27,2.295,1134.0,,,,,,,,,,,,,,,,,,,2.295664040055815,,,,,2.295664040055815,"rgba(239, 83, 80, 0.5)",0.16683932498171314,2.626927810913363,-1.9895058371264975,39.47997537598432,-16.632288024315905,False,False,False,True,True,0.0,0.0,0.0,0.0,0.0,0,0.9351145038167938,1.0320610687022902,False,False,False,False,-0.2649915527826772,-0.24737124023000967,False,False,False,False,-17482.0,-19577.950222075797,False,False,False,False,2103.8440267992873,False,False,False,False
2025-04-08 18:00:00+00:00,2.295,2.295,2.25,2.25,672.0,,,,,,,,,,,,,,,,,,,2.2949558976826236,,,,,2.2949558976826236,"rgba(239, 83, 80, 0.5)",0.17205894129417557,2.6255908450863914,-2.1829196568414875,37.931417190094336,-16.632288024315905,False,False,False,True,True,0.0,0.0,0.0,0.0,0.0,0,0.9287338893100833,1.0128885519332829,False,False,False,False,-0.27978744136886013,-0.2635793407994349,False,False,False,False,-18154.0,-19555.873474446715,False,False,False,False,2081.6448946008486,False,False,False,False
2025-04-08 19:00:00+00:00,2.25,2.255,2.19,2.195,1348.0,,,,,,,,,,,,,,,,,,,2.2913421683581303,,,,,2.2913421683581303,"rgba(239, 83, 80, 0.5)",0.17819887159527983,2.622397419671191,-2.398429439227224,35.199700438145385,-16.632288024315905,False,False,False,True,False,0.0,0.0,0.0,0.0,0.0,0,0.9193916349809884,1.031939163498099,False,False,False,False,-0.33002325038961217,-0.2968012955945235,False,False,False,False,-19502.0,-19555.038226780875,False,False,False,False,2070.2705551496724,False,False,False,False
2025-04-09 14:00:00+00:00,2.205,2.255,2.195,2.21,399.0,,,,,,,,,,,,,,,,,,,2.290419341243597,,,,,2.290419341243597,"rgba(239, 83, 80, 1.0)",0.18332470086144712,2.6214883573183094,-2.244587638134501,34.385048667564554,-16.632288024315905,False,True,False,True,False,0.0,0.0,0.0,0.0,0.0,0,0.9128787878787876,1.031818181818182,False,False,False,False,-0.327474856977944,-0.31213807628623375,False,False,False,False,-19103.0,-19548.02988217962,False,False,False,False,2044.359383752003,False,False,False,False
2025-04-09 15:00:00+00:00,2.21,2.24,2.185,2.185,225.0,,,,,,,,,,,,,,,,,,,2.2897887097293292,,,,,2.2897887097293292,"rgba(239, 83, 80, 1.0)",0.18880551507441612,2.620948902757563,-2.3089839435343693,33.02778115264395,-11.678172128482295,False,True,False,True,False,0.0,0.0,0.0,0.0,0.0,0,0.9108910891089108,1.0426504188880428,False,False,False,False,-0.3401275273960795,-0.3261328018411566,False,False,False,False,-19328.0,-19544.618566176836,False,False,False,False,2016.1522615232896,False,False,False,False
2025-04-09 16:00:00+00:00,2.185,2.23,2.18,2.21,326.0,,,,,,,,,,,,,,,,,,,2.288925640453971,,,,,2.288925640453971,"rgba(239, 83, 80, 1.0)",0.19332258435478922,2.5839803640765715,-1.9344887475238577,33.92074716146455,-11.678172128482295,False,True,False,True,False,0.0,0.0,0.0,0.0,0.0,0,0.9163468917881812,1.0406753645433615,False,False,False,False,-0.34282825441539394,-0.3344805281282753,False,False,False,False,-19002.0,-19536.205875228356,False,False,False,False,1989.9483504919206,False,False,False,False
2025-04-09 17:00:00+00:00,2.205,2.46,2.19,2.455,728.0,,,,,,,,,,,,,,,,,,,2.2907251361867704,,,,,2.2907251361867704,"rgba(239, 83, 80, 0.5)",0.19254710433392738,2.5888198854996327,-0.6949981718112661,44.383310707382705,-11.31491188150109,True,False,False,True,True,0.0,0.0,0.0,0.0,0.0,0,0.9227340267459136,0.99777117384844,False,False,False,False,-0.21550589866445508,-0.2749932133963652,False,False,False,False,-18274.0,-19516.63679189148,False,False,False,False,1970.3832597866194,False,False,False,False
2025-04-09 18:00:00+00:00,2.475,2.545,2.425,2.45,1883.0,,,,,,,,,,,,,,,,,,,2.3008360287775425,,,,,2.3008360287775425,"rgba(38, 166, 154, 1.0)",0.19178375585278823,2.5714115908659734,-0.6330650389346208,51.130639250676666,-5.445187292118327,True,False,True,False,True,0.0,0.0,0.0,0.0,0.0,0,0.9559147685525345,0.9860396767083026,False,False,False,False,-0.05526068384860444,-0.1651269486224848,False,False,False,False,-20157.0,-19526.5649036451,False,False,False,False,1969.0284805651213,False,False,False,False
2025-04-09 19:00:00+00:00,2.455,2.52,2.445,2.49,3810.0,,,,,,,,,,,,,,,,,,,2.319389752675093,,,,,2.319389752675093,"rgba(38, 166, 154, 1.0)",0.19102280416668727,2.5732052955518148,-0.4355778144645457,56.64342751115312,-0.7823113264808867,True,False,True,False,True,0.0,0.0,0.0,0.0,0.0,0,0.9627465303140977,0.9846603360116875,False,False,False,False,-0.05772205453809884,-0.11142450158029182,False,False,False,False,-16347.0,-19477.26932374362,False,False,False,False,1997.5706746648868,False,False,False,False
2025-04-10 14:00:00+00:00,2.325,2.35,2.315,2.325,236.0,,,,,,,,,,,,,,,,,,,2.3194555543876247,,,,,2.3194555543876247,"rgba(38, 166, 154, 1.0)",0.19220254894202782,2.5723983617329056,-1.2871752382822237,53.88214704258938,-0.7823113264808867,True,False,True,False,True,0.0,0.0,0.0,0.0,0.0,0,0.9489942528735629,0.9956896551724138,False,False,False,False,-0.2078105695061849,-0.15961753554323838,False,False,False,False,-16583.0,-19432.39693112744,False,False,False,False,1970.2595014142685,False,False,False,False
2025-04-10 15:00:00+00:00,2.325,2.365,2.305,2.34,2406.0,,,,,,,,,,,,,,,,,,,2.320479032789587,,,,,2.320479032789587,"rgba(38, 166, 154, 0.75)",0.19297675255589658,2.5660958373929175,-1.1716221482555416,52.529400162307375,-0.7823113264808867,True,False,True,False,False,0.0,0.0,0.0,0.0,0.0,0,0.946236559139785,0.9928315412186381,False,False,False,False,-0.1892266672278863,-0.17442210138556236,False,False,False,False,-14177.0,-19350.91790893942,False,False,False,False,1977.0151680590084,False,False,False,False
2025-04-10 16:00:00+00:00,2.345,2.345,2.285,2.32,465.0,,,,,,,,,,,,,,,,,,,2.3204357157401754,,,,,2.3204357157401754,#000000,0.1937924728221279,2.5649330273005186,-1.2638933996437014,50.949983785424784,-0.7823113264808867,True,False,False,False,False,0.0,0.0,0.0,0.0,0.0,0,0.9562043795620437,0.9897810218978104,False,False,False,False,-0.21212546251136866,-0.1932737819484655,False,False,False,False,-14642.0,-19277.911429731055,False,False,False,False,1953.5730724301864,False,False,False,False
2025-04-10 17:00:00+00:00,2.315,2.36,2.285,2.355,476.0,,,,,,,,,,,,,,,,,,,2.3205840036069985,,,,,2.3205840036069985,#000000,0.19391571959565035,2.5639372165418433,-1.0774640497300347,51.190959171284504,-0.7823113264808867,True,False,False,False,False,0.0,0.0,0.0,0.0,0.0,0,0.9586656997824509,0.9767947788252359,False,False,False,False,-0.2035139487487519,-0.1983938653486087,False,False,False,False,-14166.0,-19198.656988960032,False,False,False,False,1930.6649627801057,False,False,False,False
2025-04-10 18:00:00+00:00,2.355,2.365,2.31,2.335,544.0,,,,,,,,,,,,,,,,,,,2.320792585528669,,,,,2.320792585528669,#000000,0.1943129963243145,2.562882796662593,-1.1727614774785797,50.565897210533066,-0.7823113264808867,True,False,False,False,False,0.0,0.0,0.0,0.0,0.0,0,0.9659913169319825,0.9739507959479017,False,False,False,False,-0.18637852831051202,-0.19238619682956037,False,False,False,False,-14710.0,-19129.06540773585,False,False,False,False,1909.1662811866156,False,False,False,False
2025-04-10 19:00:00+00:00,2.325,2.365,2.32,2.35,2998.0,,,,,,,,,,,,,,,,,,,2.3224073826847342,,,,,2.3224073826847342,#000000,0.1944204369563518,2.5581334392104633,-1.0705327200616777,50.77534925603035,-0.7823113264808867,True,False,False,False,False,0.0,0.0,0.0,0.0,0.0,0,0.9679300291545189,0.9810495626822159,False,False,False,False,-0.18069115811478273,-0.18653867747217157,False,False,False,False,-11712.0,-19014.072145600407,False,False,False,False,1926.0474241139548,False,False,False,False
2025-04-11 14:00:00+00:00,2.38,2.39,2.335,2.355,121.0,,,,,,,,,,,,,,,,,,,2.3225083214983138,,,,,2.3225083214983138,#000000,0.1944610246041157,2.557984102007752,-1.0438292322124059,51.13799187839621,-0.7823113264808867,True,False,False,False,False,0.0,0.0,0.0,0.0,0.0,0,0.964285714285714,0.9774052478134112,False,False,False,False,-0.15805310652501647,-0.17229589199859402,False,False,False,False,-11591.0,-18898.985755746136,False,False,False,False,1898.062192732343,False,False,False,False
2025-04-11 15:00:00+00:00,2.375,2.395,2.34,2.36,343.0,,,,,,,,,,,,,,,,,,,2.322829299447222,,,,,2.322829299447222,#000000,0.19450577239631694,2.5575884881940847,-1.0158489681811944,51.62344046742287,-0.7823113264808867,True,False,False,False,False,0.0,0.0,0.0,0.0,0.0,0,0.9615942028985506,0.9746376811594204,False,False,False,False,-0.15241948483745457,-0.16235768841802428,False,False,False,False,-11248.0,-18780.365821548523,False,False,False,False,1873.9527013721515,False,False,False,False
2025-04-11 16:00:00+00:00,2.355,2.41,2.35,2.395,1328.0,,,,,,,,,,,,,,,,,,,2.324595913127207,,,,,2.324595913127207,"rgba(38, 166, 154, 0.75)",0.19367249684978075,2.5564486227884546,-0.8336166746158072,53.635078352454094,-0.7823113264808867,True,False,True,False,False,0.0,0.0,0.0,0.0,0.0,0,0.9680696661828735,0.9753265602322206,False,False,False,False,-0.13837653366138816,-0.15036711103970624,False,False,False,False,-9920.0,-18642.995808811338,False,False,False,False,1865.4883184051414,False,False,False,False
2025-04-11 17:00:00+00:00,2.395,2.44,2.375,2.435,603.0,,,,,,,,,,,,,,,,,,,2.3257687270269134,,,,,2.3257687270269134,"rgba(38, 166, 154, 1.0)",0.19283674185435012,2.556184145612467,-0.6284287135695203,56.68054090129542,1.7147302709040844,True,False,True,False,True,0.0,0.0,0.0,0.0,0.0,0,0.9754157628344177,0.9631236442516268,False,False,False,False,-0.10766411572137097,-0.1290156133805386,False,False,False,False,-9317.0,-18498.406726504185,False,False,False,False,1845.9148561042864,False,False,False,False
2025-04-11 18:00:00+00:00,2.435,2.435,2.4,2.405,892.0,,,,,,,,,,,,,,,,,,,2.3273882092750022,,,,,2.3273882092750022,"rgba(38, 166, 154, 1.0)",0.19226687064999462,2.5557477797398027,-0.7840548880323035,56.776057901333104,2.093182245623055,True,False,True,False,True,0.0,0.0,0.0,0.0,0.0,0,0.977487291212781,0.9687726942628904,False,False,False,False,-0.09654892442932345,-0.11278226890493102,False,False,False,False,-10209.0,-18369.888792759935,False,False,False,False,1831.1254784902665,False,False,False,False
2025-04-11 19:00:00+00:00,2.405,2.45,2.405,2.435,5180.0,,,,,,,,,,,,,,,,,,,2.3373400736441368,,,,,2.3373400736441368,"rgba(38, 166, 154, 1.0)",0.19147424732161647,2.5540419986800886,-0.6217128430860757,58.191327343638875,3.735318153722673,True,False,True,False,True,0.0,0.0,0.0,0.0,0.0,0,0.9825327510917029,0.9614264919941775,False,False,False,False,-0.08545746623047945,-0.09911986756770524,False,False,False,False,-5029.0,-18163.053307600865,False,False,False,False,1883.0460137074715,False,False,False,False
2025-04-14 14:00:00+00:00,2.465,2.5,2.46,2.49,406.0,,,,,,,,,,,,,,,,,,,2.338441479609534,,,,,2.338441479609534,"rgba(38, 166, 154, 1.0)",0.19059657408790484,2.5346386831238767,-0.2342050655290833,61.24897242577198,6.81063363334718,True,False,True,False,True,0.0,0.0,0.0,0.0,0.0,0,0.9869186046511628,0.9527616279069768,False,False,False,False,-0.027506985893709084,-0.06331342673070717,False,False,False,False,-4623.0,-17953.13000050628,False,False,False,False,1860.1460755104563,False,False,False,False
2025-04-14 15:00:00+00:00,2.485,2.495,2.425,2.425,508.0,,,,,,,,,,,,,,,,,,,2.3394691112583756,,,,,2.3394691112583756,"rgba(38, 166, 154, 0.75)",0.18968316399378937,2.533595523825929,-0.5725100822837641,59.293577082556695,6.81063363334718,True,False,True,False,False,0.0,0.0,0.0,0.0,0.0,0,0.976911976911977,0.9538239538239538,False,False,False,False,-0.049540535530924926,-0.05642698113081605,False,False,False,False,-5131.0,-17754.337287320137,False,False,False,False,1839.1825704637824,False,False,False,False
2025-04-14 16:00:00+00:00,2.425,2.465,2.41,2.45,434.0,,,,,,,,,,,,,,,,,,,2.340279106858054,,,,,2.340279106858054,"rgba(38, 166, 154, 0.75)",0.1884327968239897,2.533145083672152,-0.4412452878349814,59.052756645533314,6.81063363334718,True,False,True,False,False,0.0,0.0,0.0,0.0,0.0,0,0.9724837074583633,0.9666908037653876,False,False,False,False,-0.07438694429198132,-0.06540696271139869,False,False,False,False,-4697.0,-17551.897949532227,False,False,False,False,1817.3967941775222,False,False,False,False
2025-04-14 17:00:00+00:00,2.46,2.475,2.445,2.465,537.0,,,,,,,,,,,,,,,,,,,2.341457967869307,,,,,2.341457967869307,"rgba(38, 166, 154, 0.75)",0.18545094783809024,2.5332052827049636,-0.3677807177589139,59.527668975890904,6.81063363334718,True,False,True,False,False,0.0,0.0,0.0,0.0,0.0,0,0.9716569767441856,0.9709302325581394,False,False,False,False,-0.049540535530924926,-0.05747374912116181,False,False,False,False,-4160.0,-17344.27162473328,False,False,False,False,1797.5456810894984,False,False,False,False
2025-04-14 18:00:00+00:00,2.465,2.485,2.455,2.485,818.0,,,,,,,,,,,,,,,,,,,2.3434047071682733,,,,,2.3434047071682733,"rgba(38, 166, 154, 0.75)",0.18249368741394292,2.533541631086183,-0.26599074068835077,60.6948920805905,6.81063363334718,True,False,True,False,False,0.0,0.0,0.0,0.0,0.0,0,0.970225127087872,0.9680464778503993,False,False,False,False,-0.03851908779911148,-0.04799641846013664,False,False,False,False,-3342.0,-17127.182142179274,False,False,False,False,1782.3589263439248,False,False,False,False
2025-04-14 19:00:00+00:00,2.485,2.49,2.475,2.48,1379.0,,,,,,,,,,,,,,,,,,,2.3467210510447827,,,,,2.3467210510447827,"rgba(38, 166, 154, 0.75)",0.1797210551316945,2.5340428708459544,-0.3007041707292075,61.09831985408633,7.44470445315968,True,False,True,False,False,0.0,0.0,0.0,0.0,0.0,0,0.9723636363636362,0.968,False,False,False,False,-0.024755106405015437,-0.036375762432576036,False,False,False,False,-4721.0,-16934.838232998198,False,False,False,False,1776.1052995789025,False,False,False,False
2025-04-15 14:00:00+00:00,2.45,2.47,2.405,2.415,334.0,,,,,,,,,,,,,,,,,,,2.3472020659680184,,,,,2.3472020659680184,"rgba(38, 166, 154, 0.75)",0.1772430255047627,2.533769064993431,-0.6700916137895623,57.09826924935327,10.855388068105889,True,False,True,False,False,0.0,0.0,0.0,0.0,0.0,0,0.9632299927901945,0.9675558759913482,False,False,False,False,-0.07438694429198132,-0.05538135336227868,False,False,False,False,-5055.0,-16750.6546945021,False,False,False,False,1753.7470778800048,False,False,False,False
2025-04-15 15:00:00+00:00,2.415,2.425,2.395,2.405,662.0,,,,,,,,,,,,,,,,,,,2.3478939839511237,,,,,2.3478939839511237,"rgba(38, 166, 154, 0.75)",0.1741094974925519,2.5330081953159578,-0.735216614598718,53.865817837399845,7.862139232006328,True,False,True,False,False,0.0,0.0,0.0,0.0,0.0,0,0.9611510791366905,0.9748201438848921,False,False,False,False,-0.10488293867798054,-0.08013214602012961,False,False,False,False,-5717.0,-16579.59028063385,False,False,False,False,1736.8207665950433,False,False,False,False
2025-04-15 16:00:00+00:00,2.405,2.435,2.4,2.4,256.0,,,,,,,,,,,,,,,,,,,2.3481718984066453,,,,,2.3481718984066453,#000000,0.17079696602573294,2.5327559101836945,-0.7772732342546007,51.40947637020495,5.644668704293132,True,False,False,False,False,0.0,0.0,0.0,0.0,0.0,0,0.9724437998549672,0.973168963016679,False,False,False,False,-0.09654892442932345,-0.08834053522472653,False,False,False,False,-5973.0,-16415.147020468983,False,False,False,False,1713.8623050974456,False,False,False,False
2025-04-15 17:00:00+00:00,2.405,2.435,2.395,2.435,430.0,,,,,,,,,,,,,,,,,,,2.3487059632045604,,,,,2.3487059632045604,#000000,0.16854370941086383,2.5200783873909693,-0.5047853028057622,52.10093506083355,5.644668704293132,True,False,False,False,False,0.0,0.0,0.0,0.0,0.0,0,0.9717391304347823,0.9652173913043478,False,False,False,False,-0.09932538727870882,-0.09383296125171767,False,False,False,False,-5543.0,-16246.586601546984,False,False,False,False,1693.9574631579503,False,False,False,False
2025-04-15 18:00:00+00:00,2.435,2.45,2.425,2.44,853.0,,,,,,,,,,,,,,,,,,,2.349979592516701,,,,,2.349979592516701,"rgba(38, 166, 154, 0.75)",0.16644989506623084,2.520308518695523,-0.48247863817257475,52.88064341252115,5.644668704293132,True,False,True,False,False,0.0,0.0,0.0,0.0,0.0,0,0.9753623188405796,0.9623188405797102,False,False,False,False,-0.07438694429198132,-0.08410995277184949,False,False,False,False,-4690.0,-16067.414716251682,False,False,False,False,1680.919362953951,False,False,False,False
2025-04-15 19:00:00+00:00,2.445,2.46,2.44,2.455,1483.0,,,,,,,,,,,,,,,,,,,2.352431257790061,,,,,2.352431257790061,"rgba(38, 166, 154, 1.0)",0.1643212355980204,2.5205907679590354,-0.3991618473432747,54.385713566885315,5.644668704293132,True,False,True,False,True,0.0,0.0,0.0,0.0,0.0,0,0.9745639534883719,0.9658430232558141,False,False,False,False,-0.06057402265727795,-0.07234198771456372,False,False,False,False,-3207.0,-15868.028441581111,False,False,False,False,1677.850845698851,False,False,False,False
2025-04-16 14:00:00+00:00,2.45,2.465,2.435,2.445,267.0,,,,,,,,,,,,,,,,,,,2.352845746259395,,,,,2.352845746259395,"rgba(38, 166, 154, 1.0)",0.16239410964329487,2.520559567818701,-0.4652851509495677,54.501370134215776,5.644668704293132,True,False,True,False,True,0.0,0.0,0.0,0.0,0.0,0,0.9695431472081216,0.965917331399565,False,False,False,False,-0.06057402265727795,-0.06645800518592083,False,False,False,False,-3474.0,-15675.872961866675,False,False,False,False,1655.977189176388,False,False,False,False
2025-04-16 15:00:00+00:00,2.445,2.48,2.44,2.46,895.0,,,,,,,,,,,,,,,,,,,2.354375983958812,,,,,2.354375983958812,"rgba(38, 166, 154, 1.0)",0.16007551708853782,2.520708990718083,-0.3792521918545792,55.674160495521534,1.8594393628483203,True,False,True,False,True,0.0,0.0,0.0,0.0,0.0,0,0.9739130434782607,0.9630434782608698,False,False,False,False,-0.049540535530924926,-0.05799927035842288,False,False,False,False,-2579.0,-15472.820667884245,False,False,False,False,1644.179093220165,False,False,False,False
2025-04-16 16:00:00+00:00,2.465,2.47,2.455,2.455,769.0,,,,,,,,,,,,,,,,,,,2.3556563053335644,,,,,2.3556563053335644,"rgba(38, 166, 154, 1.0)",0.15775985284971183,2.520768545230201,-0.41689025466355173,55.94334761423916,2.3596316639590924,True,False,True,False,True,0.0,0.0,0.0,0.0,0.0,0,0.9743213499633159,0.9772560528246514,False,False,False,False,-0.046784150392517765,-0.05239171037547032,False,False,False,False,-3348.0,-15284.838952103093,False,False,False,False,1630.6104251082245,False,False,False,False
2025-04-16 17:00:00+00:00,2.455,2.475,2.42,2.425,526.0,,,,,,,,,,,,,,,,,,,2.356349862689616,,,,,2.356349862689616,"rgba(38, 166, 154, 0.75)",0.15646900507621656,2.5205480651211323,-0.6106517075032891,53.2652978089104,2.3596316639590924,True,False,True,False,False,0.0,0.0,0.0,0.0,0.0,0,0.9692532942898973,0.9729136163982431,False,False,False,False,-0.06333459286687214,-0.05786315162117123,False,False,False,False,-3874.0,-15107.926720287542,False,False,False,False,1613.4846820832906,False,False,False,False
2025-04-16 18:00:00+00:00,2.43,2.435,2.415,2.415,658.0,,,,,,,,,,,,,,,,,,,2.3570149065119277,,,,,2.3570149065119277,#000000,0.1552990431161258,2.520031652229874,-0.67631873398818,50.619949327116124,4.287432328828515,False,False,False,False,False,0.0,0.0,0.0,0.0,0.0,0,0.9698750918442319,0.9779573842762674,False,False,False,False,-0.0882282593188843,-0.07304570547002776,False,False,False,False,-4532.0,-14943.958864159053,False,False,False,False,1598.6709660819993,False,False,False,False
2025-04-16 19:00:00+00:00,2.415,2.45,2.405,2.445,948.0,,,,,,,,,,,,,,,,,,,2.358118254972829,,,,,2.358118254972829,#000000,0.153855056395199,2.51957404754552,-0.48470326093128757,51.659073179481894,4.287432328828515,False,False,False,False,False,0.0,0.0,0.0,0.0,0.0,0,0.964102564102564,0.9772893772893773,False,False,False,False,-0.08545746623047945,-0.0792515858502536,False,False,False,False,-3584.0,-14767.835470916276,False,False,False,False,1588.5830441272396,False,False,False,False
2025-04-17 14:00:00+00:00,2.46,2.47,2.435,2.435,50.0,,,,,,,,,,,,,,,,,,,2.3581857224855103,,,,,2.3581857224855103,#000000,0.15267426905809606,2.519563833024997,-0.5538839880924445,51.375089467719135,4.287432328828515,False,False,False,False,False,0.0,0.0,0.0,0.0,0.0,1,0.9735682819383256,0.9728340675477238,False,False,False,False,-0.05781437425329336,-0.06853298005177348,False,False,False,False,-3634.0,-14595.217866716024,False,False,False,False,1564.7290434430963,False,False,False,False
2025-04-17 15:00:00+00:00,2.435,2.46,2.435,2.45,783.0,,,,,,,,,,,,,,,,,,,2.3592486622694735,,,,,2.3592486622694735,"rgba(38, 166, 154, 0.5)",0.14994497489241493,2.519425551577225,-0.46300685719569634,52.56747638721987,4.287432328828515,False,False,True,False,True,0.0,0.0,0.0,0.0,0.0,1,0.9713656387665195,0.9728340675477238,False,False,False,False,-0.06333459286687214,-0.06593378645932281,False,False,False,False,-2851.0,-14413.136969557636,False,False,False,False,1552.6092133121956,False,False,False,False
2025-04-17 16:00:00+00:00,2.465,2.495,2.445,2.495,940.0,,,,,,,,,,,,,,,,,,,2.3609108187568673,,,,,2.3609108187568673,"rgba(38, 166, 154, 1.0)",0.14765530837081856,2.5197397648529423,-0.16755079872110804,56.687200862225495,2.9726982779895224,True,False,True,False,True,0.0,0.0,0.0,0.0,0.0,0,0.9779897285399851,0.9662509170946442,False,False,False,False,-0.03851908779911148,-0.052226437129217144,False,False,False,False,-1911.0,-14219.305388634262,False,False,False,False,1543.1113960515415,False,False,False,False
2025-04-17 17:00:00+00:00,2.495,2.5,2.475,2.485,1080.0,,,,,,,,,,,,,,,,,,,2.362895682927542,,,,,2.362895682927542,"rgba(38, 166, 154, 1.0)",0.1456596675086489,2.512121659991777,-0.18619883222077618,58.29852404344656,4.4343545071538415,True,False,True,False,True,0.0,0.0,0.0,0.0,0.0,0,0.977941176470588,0.9698529411764706,False,False,False,False,-0.01925243011570792,-0.035739433622462534,False,False,False,False,-2991.0,-14045.223134546908,False,False,False,False,1535.9313744073315,False,False,False,False
2025-04-17 18:00:00+00:00,2.485,2.49,2.475,2.475,1273.0,,,,,,,,,,,,,,,,,,,2.3650345055165785,,,,,2.3650345055165785,"rgba(38, 166, 154, 1.0)",0.14229378947274512,2.5122704343581206,-0.26192593855446694,58.23009257731947,4.4343545071538415,True,False,True,False,True,0.0,0.0,0.0,0.0,0.0,0,0.9764011799410028,0.9719764011799411,False,False,False,False,-0.024755106405015437,-0.030247270013738985,False,False,False,False,-4264.0,-13893.576264243855,False,False,False,False,1531.8549189901637,False,False,False,False
2025-04-17 19:00:00+00:00,2.475,2.485,2.47,2.47,2705.0,,,,,,,,,,,,,,,,,,,2.369142795978123,,,,,2.369142795978123,"rgba(38, 166, 154, 1.0)",0.13901898891615722,2.5123813428253703,-0.3048600997301916,57.59599029521298,4.4343545071538415,True,False,True,False,True,0.0,0.0,0.0,0.0,0.0,0,0.9785661492978565,0.9689578713968957,False,False,False,False,-0.030259281953507123,-0.030253275983623054,False,False,False,False,-6969.0,-13786.21849270519,False,False,False,False,1550.0432148197735,False,False,False,False
2025-04-18 14:00:00+00:00,2.47,2.47,2.47,2.47,0.0,,,,,,,,,,,,,,,,,,,2.369142795978123,,,,,2.369142795978123,"rgba(38, 166, 154, 1.0)",0.13610750255677895,2.5123813428253703,-0.3113813862515785,57.173255440475316,4.4343545071538415,True,False,True,False,True,0.0,0.0,0.0,0.0,0.0,0,0.9798356982823,0.9753547423450337,False,False,False,False,-0.038519087799111,-0.034386181891367024,False,False,False,False,-6969.0,-13680.525182740766,False,False,False,False,1526.0115370706296,False,False,False,False
2025-04-18 15:00:00+00:00,2.47,2.47,2.47,2.47,0.0,,,,,,,,,,,,,,,,,,,2.369142795978123,,,,,2.369142795978123,"rgba(38, 166, 154, 1.0)",0.1336746756828317,2.5123813428253703,-0.3170484058321398,56.89143220398354,4.4343545071538415,True,False,True,False,True,0.0,0.0,0.0,0.0,0.0,0,0.9722013523666414,0.9782118707738542,False,False,False,False,-0.03729766923012544,-0.03584192556074623,False,False,False,False,-6969.0,-13576.470528744785,False,False,False,False,1502.3524434726353,False,False,False,False
2025-04-18 16:00:00+00:00,2.47,2.47,2.47,2.47,0.0,,,,,,,,,,,,,,,,,,,2.369142795978123,,,,,2.369142795978123,"rgba(38, 166, 154, 0.75)",0.1309099133197968,2.5123813428253703,-0.323744334944579,56.70355004632236,4.4343545071538415,True,False,True,False,False,0.0,0.0,0.0,0.0,0.0,0,0.9742813918305596,0.9765506807866868,False,False,False,False,-0.03729766923012544,-0.03656979739543584,False,False,False,False,-6969.0,-13474.029125198353,False,False,False,False,1479.060157527323,False,False,False,False
2025-04-18 17:00:00+00:00,2.47,2.47,2.47,2.47,0.0,,,,,,,,,,,,,,,,,,,2.369142795978123,,,,,2.369142795978123,"rgba(38, 166, 154, 0.75)",0.1263066838230252,2.5123813428253703,-0.33554315213241426,56.57829527454824,4.4343545071538415,True,False,True,False,False,0.0,0.0,0.0,0.0,0.0,0,0.9734244495064537,0.9741837509491266,False,False,False,False,-0.03729766923012544,-0.03693373331278064,False,False,False,False,-6969.0,-13373.175960466595,False,False,False,False,1456.1289922943413,False,False,False,False
2025-04-18 18:00:00+00:00,2.47,2.47,2.47,2.47,0.0,,,,,,,,,,,,,,,,,,,2.369142795978123,,,,,2.369142795978123,"rgba(38, 166, 154, 0.75)",0.12108789897950388,2.5123813428253703,-0.35000477489946236,56.49479209336549,4.4343545071538415,True,False,True,False,False,0.0,0.0,0.0,0.0,0.0,0,0.9800918836140886,0.9716692189892804,False,False,False,False,-0.03729766923012544,-0.03711570127145304,False,False,False,False,-6969.0,-13273.886410691919,False,False,False,False,1433.553349002956,False,False,False,False
2025-04-18 19:00:00+00:00,2.47,2.47,2.47,2.47,0.0,,,,,,,,,,,,,,,,,,,2.369142795978123,,,,,2.369142795978123,"rgba(38, 166, 154, 0.75)",0.11514573609357741,2.5123813428253703,-0.3680669754972719,56.43912330591033,4.4343545071538415,True,False,True,False,False,0.0,0.0,0.0,0.0,0.0,0,0.9815384615384614,0.9661538461538464,False,False,False,False,-0.03729766923012544,-0.03720668525078924,False,False,False,False,-6969.0,-13176.136233781966,False,False,False,False,1411.3277156850809,False,False,False,False
2025-04-21 14:00:00+00:00,2.4,2.415,2.385,2.395,1540.0,,,,,,,,,,,,,,,,,,,2.3697507347902915,,,,,2.3697507347902915,"rgba(239, 83, 80, 1.0)",0.10974901752106057,2.5100520979623986,-1.0483200721165484,46.83154637991804,-0.27210201008140444,False,True,False,True,False,0.0,0.0,0.0,0.0,0.0,0,0.9785932721712535,0.9671253822629968,False,False,False,False,-0.11510825781828563,-0.07615747153453743,False,False,False,False,-8509.0,-13103.77753248302,False,False,False,False,1413.3226348217463,False,False,False,False
2025-04-21 15:00:00+00:00,2.395,2.41,2.385,2.385,2150.0,,,,,,,,,,,,,,,,,,,2.370417049964517,,,,,2.370417049964517,"rgba(239, 83, 80, 1.0)",0.10487113499407807,2.5073377894931497,-1.166553499206985,39.77265514187316,-6.29299430470909,False,True,False,True,False,0.0,0.0,0.0,0.0,0.0,0,0.9793577981651373,0.9640672782874617,False,False,False,False,-0.11790742019236358,-0.0970324458634505,False,False,False,False,-10659.0,-13065.874004847625,False,False,False,False,1424.7439893206338,False,False,False,False
2025-04-21 16:00:00+00:00,2.385,2.405,2.385,2.395,197.0,,,,,,,,,,,,,,,,,,,2.3704805285027066,,,,,2.3704805285027066,"rgba(239, 83, 80, 1.0)",0.09876156563581814,2.5071237187302566,-1.135297096683453,36.90040815653101,-8.371071289866734,False,True,False,True,False,0.0,0.0,0.0,0.0,0.0,0,0.989197530864197,0.9614197530864198,False,False,False,False,-0.12070842294792489,-0.1088704344056877,False,False,False,False,-10462.0,-13025.503865237584,False,False,False,False,1405.7091987885308,False,False,False,False
2025-04-21 17:00:00+00:00,2.395,2.4,2.38,2.385,263.0,,,,,,,,,,,,,,,,,,,2.3705418615182308,,,,,2.3705418615182308,"rgba(239, 83, 80, 1.0)",0.09685821345402086,2.5068133604426097,-1.2576461623508617,34.187511395387176,-10.493550396922181,False,True,False,True,False,0.0,0.0,0.0,0.0,0.0,0,0.9853054911059548,0.9621036349574632,False,False,False,False,-0.12631613302721142,-0.11759328371644956,False,False,False,False,-10725.0,-12989.837138644754,False,False,False,False,1387.9927771018868,False,False,False,False
2025-04-21 18:00:00+00:00,2.385,2.4,2.365,2.37,153.0,,,,,,,,,,,,,,,,,,2.378333333333334,2.370557402410036,,,,,2.374445367871685,"rgba(239, 83, 80, 1.0)",0.09395345790466356,2.493521420075644,-1.314708610309835,31.27838247734077,-12.946656652855012,False,True,False,True,False,0.0,0.0,0.0,0.0,0.0,0,0.9813664596273289,0.9681677018633542,False,False,True,False,-0.13474265223802892,-0.12616796797723923,False,False,False,False,-10878.0,-12957.095477580495,False,False,False,False,1368.8456022630976,False,False,True,False
2025-04-21 19:00:00+00:00,2.375,2.4,2.375,2.39,918.0,,,,,,,,,,,,,,,,,,2.3869047619047623,2.3707676221148684,,,,,2.3788361920098153,"rgba(239, 83, 80, 1.0)",0.09079989879737059,2.4929702470485138,-1.1340348217601262,32.98877576412782,-12.946656652855012,False,True,False,True,False,0.0,0.0,0.0,0.0,0.0,0,0.9758942457231725,0.9704510108864698,False,False,False,False,-0.12912293251823712,-0.12764545024773816,False,False,False,False,-9960.0,-12910.628881028859,False,False,False,False,1361.8557479644448,False,False,False,False
2025-04-22 14:00:00+00:00,2.45,2.485,2.44,2.45,165.0,,,,,,,,,,,,,,,,,,2.3964401294498385,2.370953357329562,,,,,2.3836967433897005,"rgba(239, 83, 80, 0.75)",0.08768452871839869,2.493463340670259,-0.4956785570444523,41.15464362257781,-15.576938234502002,False,True,False,True,True,0.0,0.0,0.0,0.0,0.0,0,0.9754035357417369,0.9623366641045351,False,False,False,False,-0.04559647384503796,-0.08662096204638806,False,False,False,False,-9795.0,-12862.324557291977,False,False,False,False,1343.2998448952287,False,False,False,False
2025-04-22 15:00:00+00:00,2.45,2.48,2.45,2.475,84.0,,,,,,,,,,,,,,,,,,2.401015151515152,2.371058397753636,,,,,2.386036774634394,#000000,0.08468542744541542,2.493713491252554,-0.2209765223729388,48.50420029987297,-9.15689832802044,False,True,False,False,True,0.0,0.0,0.0,0.0,0.0,0,0.980015372790161,0.9615680245964642,False,False,False,False,-0.04282956459091823,-0.06472526331865314,False,False,False,False,-9711.0,-12813.466812217683,False,False,False,False,1323.7758162922019,False,False,False,False
2025-04-22 16:00:00+00:00,2.48,2.515,2.475,2.505,1480.0,,,,,,,,,,,,,,,,,,2.4524547619047623,2.3734321521284367,,,,,2.4129434570165995,"rgba(38, 166, 154, 1.0)",0.08220645291515741,2.497279790935631,0.09391244592850458,55.28845809800353,-3.339513097907897,True,False,True,False,True,1.1242522583099195,0.0,0.0,0.0,0.0,0,0.9822393822393819,0.9644787644787645,False,False,False,False,-0.009665626569361705,-0.03719544494400742,False,False,False,False,-8231.0,-12742.420815129035,False,False,False,False,1326.1978966597646,False,False,False,False
2025-04-22 17:00:00+00:00,2.505,2.52,2.465,2.475,573.0,,,,,,,,,,,,,,,,,,2.458266627137069,2.3742439350907696,,,,,2.4162552811139193,"rgba(38, 166, 154, 1.0)",0.08259872607698407,2.4978161122771496,-0.2762283797922542,56.428646354428196,-2.5870232628207788,True,False,True,False,True,0.0,0.0,0.0,0.0,0.0,0,0.9745566692366999,0.9668465690053973,False,False,False,False,-0.012427471128137345,-0.024811458036072383,False,False,False,False,-8804.0,-12681.360027297576,False,False,False,False,1314.5204098898457,False,False,False,False
2025-04-22 18:00:00+00:00,2.475,2.5,2.475,2.495,607.0,,,,,,,,,,,,,,,,,,2.463106365159129,2.3751164104601776,,,,,2.4191113878096533,"rgba(38, 166, 154, 1.0)",0.08343671065349947,2.4983306413575606,-0.039918176681150795,58.55868852900663,-0.557485510666254,True,False,True,False,True,0.5486355390182958,0.0,0.0,0.0,0.0,0,0.9783950617283947,0.9652777777777779,False,False,False,False,-0.017951771188090132,-0.021381614612081257,False,False,False,False,-8197.0,-12611.835065634048,False,False,False,False,1303.551101209383,False,False,False,False
2025-04-22 19:00:00+00:00,2.495,2.5,2.47,2.48,4318.0,,,,,,,,,,,,,,,,,,2.473631798827027,2.3806234188155053,,,,,2.427127608821266,"rgba(38, 166, 154, 1.0)",0.08395290400028584,2.500035930786735,-0.23865679246386293,58.35645426300643,-0.4796190720308715,True,False,True,False,True,0.0,0.0,0.0,0.0,0.0,0,0.9791987673343603,0.9622496147919877,False,False,False,False,-0.020714311043888108,-0.021047962827984684,False,False,False,False,-12515.0,-12610.333746787008,False,False,False,False,1350.286743051098,False,False,False,False
2025-04-23 14:00:00+00:00,2.55,2.565,2.505,2.51,2347.0,,,,,,,,,,,,,,,,,,2.485324878659778,2.3845542380073157,,,,,2.434939558333547,"rgba(38, 166, 154, 1.0)",0.08494948154288844,2.4978953826163726,0.14249195126065564,60.30216606224525,1.8042289316523394,True,False,True,False,True,1.4034964179423994,0.0,0.0,0.0,0.0,0,0.9824695121951219,0.9481707317073172,False,False,False,False,0.03453248747982498,0.006742262325920147,False,False,False,False,-10168.0,-12572.468107301938,False,False,False,False,1365.739661763484,False,True,False,False
2025-04-23 15:00:00+00:00,2.51,2.535,2.485,2.495,1958.0,,,,,,,,,,,,,,,,,,2.4883816022640115,2.3871993786242243,,,,,2.437790490444118,"rgba(38, 166, 154, 1.0)",0.08554425649808968,2.4983302454853966,-0.03893008860823846,59.95032587489869,1.9735293816392456,True,False,True,False,True,0.5235173074211978,0.0,0.0,0.0,0.0,0,0.9780136467020467,0.954510993176649,False,False,False,False,0.006903818987649586,0.006823040656784867,False,False,False,False,-12126.0,-12565.546121142217,False,False,False,False,1374.9219925888563,False,False,False,False
2025-04-23 16:00:00+00:00,2.495,2.525,2.485,2.51,1109.0,,,,,,,,,,,,,,,,,,2.489860462854921,2.3886671430365065,,,,,2.439263802945714,"rgba(38, 166, 154, 1.0)",0.08642290737362442,2.4987212595039776,0.13050637659367104,60.799522968127505,3.390408633168981,True,False,True,False,True,1.3886403765328588,0.0,0.0,0.0,0.0,0,0.9824961948249618,0.9589041095890414,False,False,False,False,0.0013806985542247528,0.00410186960550481,False,False,False,False,-11017.0,-12541.537654147764,False,False,False,False,1370.7991709983312,False,True,False,False
2025-04-23 17:00:00+00:00,2.505,2.52,2.49,2.5,1180.0,,,,,,,,,,,,,,,,,,2.4909280150416335,2.3901467715008486,,,,,2.4405373932712413,"rgba(38, 166, 154, 1.0)",0.08670520626112341,2.499052463481078,0.010928254020509296,60.189518686619664,3.390408633168981,True,False,True,False,True,0.7897437881847971,0.0,0.0,0.0,0.0,0,0.9787395596051631,0.9567198177676539,False,False,False,False,0.0013806985542247528,0.002741284079864781,False,False,False,False,-12197.0,-12536.195985091208,False,False,False,False,1367.8410443161865,False,False,False,False
2025-04-23 18:00:00+00:00,2.5,2.51,2.45,2.47,10176.0,,,,,,,,,,,,,,,,,,2.485138822403064,2.398810510191362,,,,,2.441974666297213,"rgba(38, 166, 154, 0.75)",0.08502914179824547,2.497813972586105,-0.3271110586074215,56.63691908875019,3.390408633168981,True,False,True,False,False,0.0,0.0,0.0,0.0,0.0,0,0.9773242630385485,0.9561602418745275,False,False,False,False,-0.02624038147608748,-0.011749548698111349,False,False,False,False,-22373.0,-12688.704574469639,False,False,False,False,1504.4016482802767,False,False,False,False
2025-04-23 19:00:00+00:00,2.47,2.475,2.465,2.47,2508.0,,,,,,,,,,,,,,,,,,2.4837619669277635,2.400525128845353,,,,,2.442143547886558,"rgba(38, 166, 154, 0.75)",0.0812901598601042,2.4974593157518363,-0.3377938461320789,54.26851935683721,3.390408633168981,True,False,True,False,False,0.0,0.0,0.0,0.0,0.0,0,0.9780469341408022,0.9613928841786525,False,False,False,False,-0.03729766923012609,-0.024523608964118718,False,False,False,False,-22373.0,-12838.84868959414,False,False,False,False,1519.9613126480244,False,False,False,False
2025-04-24 14:00:00+00:00,2.47,2.485,2.455,2.47,0.0,,,,,,,,,,,,,,,,,,2.4837619669277635,2.400525128845353,,,,,2.442143547886558,#000000,0.08063654414868901,2.4974593157518363,-0.34053190202698647,52.689586202228554,8.751970932789291,True,False,False,False,False,0.0,0.0,0.0,0.0,0.0,0,0.9780801209372636,0.9584278155706729,False,False,False,False,-0.03729766923012609,-0.030910639097122404,False,False,False,False,-22373.0,-12986.664988980277,False,False,False,False,1496.3960209790628,False,False,False,False
2025-04-24 15:00:00+00:00,2.475,2.485,2.455,2.455,111.0,,,,,,,,,,,,,,,,,,2.4836867482934233,2.4005937842755403,,,,,2.4421402662844818,#000000,0.07891139974046996,2.497437569768316,-0.5377875681826475,49.94819091574131,5.893758584181427,False,False,False,False,False,0.0,0.0,0.0,0.0,0.0,1,0.9780469341408022,0.9613928841786525,False,False,False,False,-0.03729766923012609,-0.03410415416362425,False,False,False,False,-22484.0,-13133.910493027095,False,False,False,False,1474.917012901868,False,False,False,False
2025-04-24 16:00:00+00:00,2.455,2.49,2.45,2.485,71.0,,,,,,,,,,,,,,,,,,2.4836645291447517,2.400644428892808,,,,,2.4421544790187797,#000000,0.07794823877368351,2.497432747112062,-0.1595000388419228,51.58381036237704,5.893758584181427,False,False,False,False,False,0.0,0.0,0.0,0.0,0.0,1,0.9833206974981044,0.959059893858984,False,False,False,False,-0.03729766923012544,-0.035700911696874844,False,False,False,False,-22413.0,-13277.77234584838,False,False,False,False,1453.1508576630793,False,False,False,False
2025-04-24 17:00:00+00:00,2.485,2.505,2.485,2.5,32.0,,,,,,,,,,,,,,,,,,2.4836795010195516,2.4006738767921485,,,,,2.44217668890585,"rgba(38, 166, 154, 1.0)",0.07784206695212204,2.497439386367863,0.032894985094781,54.107048146440334,5.893758584181427,True,False,True,False,True,0.9113672282107039,0.0,0.0,0.0,0.0,1,0.9886191198786036,0.9559939301972687,False,False,False,False,-0.009665626569361705,-0.022683269133118276,False,False,False,False,-22381.0,-13418.907658315846,False,False,False,False,1431.1175110326437,False,False,False,False
2025-04-24 18:00:00+00:00,2.5,2.505,2.495,2.505,253.0,,,,,,,,,,,,,,,,,,2.483841778697001,2.400918158901944,,,,,2.4423799687994725,"rgba(38, 166, 154, 1.0)",0.0779586399928887,2.4975074590304884,0.09610918007542107,56.25859625432201,0.5986202362773128,True,False,True,False,True,1.2209753939137755,0.0,0.0,0.0,0.0,1,0.990121580547112,0.9551671732522797,False,False,False,False,-0.004142337643651558,-0.013412803388384917,False,False,False,False,-22128.0,-13553.932345783816,False,False,False,False,1412.8521232646958,False,False,False,False
2025-04-24 19:00:00+00:00,2.505,2.515,2.49,2.51,1166.0,,,,,,,,,,,,,,,,,,2.484686398028005,2.4020656247143766,,,,,2.443376011371191,"rgba(38, 166, 154, 1.0)",0.07729083952102711,2.497857855436213,0.15709681301214617,58.1837840778801,2.5971474101272705,True,False,True,False,True,1.534246031039178,0.0,0.0,0.0,0.0,1,0.9916476841305998,0.9514047076689446,False,False,False,False,-0.0013808090146678706,-0.007396806201526394,False,False,False,False,-20962.0,-13668.786107864687,False,False,False,False,1409.0249585629176,False,False,False,False
2025-04-25 14:00:00+00:00,2.445,2.46,2.435,2.455,28.0,,,,,,,,,,,,,,,,,,2.484653179190752,2.402078311639616,,,,,2.443365745415184,"rgba(38, 166, 154, 0.75)",0.07585833168794176,2.497847129638576,-0.5648308984019855,52.932549646396616,2.5971474101272705,True,False,True,False,False,0.0,0.0,0.0,0.0,0.0,1,0.9849170437405731,0.9539969834087482,False,False,False,False,-0.06221408040086508,-0.03480544330119574,False,False,False,False,-20990.0,-13782.293299990815,False,False,False,False,1387.6137188952753,False,False,False,False
2025-04-25 15:00:00+00:00,2.46,2.46,2.445,2.45,14.0,,,,,,,,,,,,,,,,,,2.484637391314257,2.4020848731156366,,,,,2.443361132214947,"rgba(239, 83, 80, 1.0)",0.0730215320582598,2.4978420579960905,-0.6551774065479729,48.98892067611042,5.15400804178406,False,True,False,True,False,0.0,0.0,0.0,0.0,0.0,0,0.9848828420256991,0.9554043839758126,False,False,False,False,-0.05667151647290743,-0.045738479887051584,False,False,False,False,-21004.0,-13894.257744952198,False,False,False,False,1366.3173821682167,False,False,False,False
2025-04-25 16:00:00+00:00,2.45,2.46,2.45,2.455,12.0,,,,,,,,,,,,,,,,,,2.4846252377860556,2.4020908738671474,,,,,2.4433580558266015,"rgba(239, 83, 80, 1.0)",0.06771908057457081,2.497838203874108,-0.6325869091937162,47.02781204807344,3.3495939215522412,False,True,False,True,False,0.0,0.0,0.0,0.0,0.0,0,0.9815950920245398,0.9700920245398774,False,False,False,False,-0.05390155947827207,-0.04982001968266182,False,False,False,False,-20992.0,-14004.300260534334,False,False,False,False,1345.3202134524304,False,False,False,False
2025-04-25 17:00:00+00:00,2.455,2.465,2.42,2.425,89.0,,,,,,,,,,,,,,,,,2.4366666666666665,2.4844798196602165,2.4021199302526135,,,,,2.441088805526499,"rgba(239, 83, 80, 1.0)",0.06250427012432942,2.4907308207929812,-1.0516212838296322,43.03684588322014,-0.39486241675959377,False,True,False,True,False,0.0,0.0,0.0,0.0,0.0,0,0.9647779479326185,0.9709035222052067,False,False,False,False,-0.0655367499192153,-0.057678384800938565,False,False,False,False,-21081.0,-14114.01653556481,False,False,False,False,1325.8423806857259,False,False,False,False
2025-04-25 18:00:00+00:00,2.425,2.445,2.425,2.445,382.0,,,,,,,,,,,,,,,,,2.4380184005661714,2.4838869644178385,2.4022500815394645,,,,,2.441385148841158,"rgba(239, 83, 80, 1.0)",0.05518821195445739,2.4906100731844814,-0.8264459305570548,43.036019776683304,-0.5005712916570104,False,True,False,True,False,0.0,0.0,0.0,0.0,0.0,0,0.9699769053117783,0.9722863741339492,False,False,False,False,-0.07393191993956172,-0.06580515237025014,False,False,False,False,-20699.0,-14216.109302455277,False,False,False,False,1311.209165481296,False,False,False,False
2025-04-25 19:00:00+00:00,2.44,2.445,2.425,2.44,1958.0,,,,,,,,,,,,,,,,,2.4369287772745984,2.480969592746855,2.402872623468765,,,,,2.440256997830073,"rgba(239, 83, 80, 1.0)",0.048227594807250036,2.4896018329464473,-1.0284948512296688,42.55633203840274,-1.2579515851266692,False,True,False,True,False,0.0,0.0,0.0,0.0,0.0,0,0.9707241910631741,0.9668721109399075,False,False,False,False,-0.07393191993956172,-0.06986853615490593,False,False,False,False,-22657.0,-14346.975824897832,False,False,False,False,1321.236930357555,False,False,False,False
2025-04-28 14:00:00+00:00,2.445,2.49,2.435,2.48,372.0,,,,,,,,,,,,,,,,,2.441099607283113,2.480822989437791,2.4030968163656112,,,,,2.441673137695505,"rgba(239, 83, 80, 0.75)",0.04840240482439054,2.489771613584774,-0.2018828118195033,46.736142362975784,-1.2579515851266692,False,True,False,True,True,0.0,0.0,0.0,0.0,0.0,0,0.9716039907904834,0.9616270145817345,False,False,False,False,-0.04319144323700697,-0.05652998969595645,False,False,False,False,-22285.0,-14470.045967147478,False,False,False,False,1306.5200787241045,False,False,False,False
2025-04-28 15:00:00+00:00,2.485,2.485,2.45,2.455,343.0,,,,,,,,,,,,,,,,,2.4435252332485153,2.480637876590449,2.4032864358195436,,,,,2.4424831818861694,"rgba(239, 83, 80, 0.75)",0.04841608324832265,2.4898382789368076,-0.7195600428503173,46.955297839025164,-1.2579515851266692,False,True,False,True,True,0.0,0.0,0.0,0.0,0.0,0,0.9700690713737528,0.9669992325402916,False,False,False,False,-0.004647981893888229,-0.03058898579492234,False,False,False,False,-22628.0,-14596.525874633564,False,False,False,False,1291.5817829299322,False,False,False,False
2025-04-28 16:00:00+00:00,2.455,2.455,2.435,2.44,259.0,,,,,,,,,,,,,,,,,2.443510627877363,2.4803420988183436,2.403381401452725,,,,,2.4424113760494772,"rgba(239, 83, 80, 0.75)",0.04809965256182174,2.4897387229782826,-1.034076554177896,45.73921914880516,-1.2579515851266692,False,True,False,True,True,0.0,0.0,0.0,0.0,0.0,0,0.9721577726218098,0.9667440061871617,False,False,False,False,-0.03254675442596858,-0.031567870110445456,False,False,False,False,-22887.0,-14725.060357197384,False,False,False,False,1275.5727630395456,False,False,False,False
2025-04-28 17:00:00+00:00,2.44,2.465,2.435,2.465,1004.0,,,,,,,,,,,,,,,,,2.4461281294909614,2.4795864270864274,2.403851581022886,,,,,2.443188712533425,"rgba(239, 83, 80, 0.75)",0.04617309774041975,2.489624271816725,-0.5333034390536319,47.55853630489041,-1.2579515851266692,False,True,False,True,True,0.0,0.0,0.0,0.0,0.0,0,0.9737451737451738,0.9629343629343631,False,False,False,False,-0.02634417792780576,-0.028956024019125608,False,False,False,False,-21883.0,-14836.03616561293,False,False,False,False,1271.3623326048241,False,False,False,False
2025-04-28 18:00:00+00:00,2.465,2.49,2.455,2.475,608.0,,,,,,,,,,,,,,,,,2.449426387504154,2.47947551393508,2.404232742649535,,,,,2.4443782146962563,#000000,0.044673691796516556,2.489765785321977,-0.33052529863064256,49.73017274225252,-5.60237084949334,False,False,False,False,True,0.0,0.0,0.0,0.0,0.0,0,0.9784449576597383,0.9568899153194766,False,False,False,False,0.001549234751334209,-0.013703394633895699,False,False,False,False,-21275.0,-14935.865062270092,False,False,False,False,1261.0776452776174,False,False,False,False
2025-04-28 19:00:00+00:00,2.475,2.5,2.475,2.495,4231.0,,,,,,,,,,,,,,,,,2.4679930059845696,2.4806318436382844,2.4073865042049425,,,,,2.4520037846092655,"rgba(38, 166, 154, 1.0)",0.04253689442564906,2.4912431947829274,0.0883187470030105,52.97031461521646,-2.3841788574176093,True,False,True,False,True,0.9871098168405936,0.0,0.0,0.0,0.0,0,0.9845916795069337,0.9545454545454546,False,False,False,False,0.02014350335502115,0.0032200543605627263,False,False,False,False,-17044.0,-14968.549324870555,False,False,False,False,1307.1229531027707,False,False,False,False
2025-04-29 14:00:00+00:00,2.465,2.485,2.445,2.485,0.0,,,,,,,,,,,,,,,,,2.4679930059845696,2.4806318436382844,2.4073865042049425,,,,,2.4520037846092655,"rgba(38, 166, 154, 1.0)",0.04132468668630372,2.4912431947829274,-0.15107663925729778,53.90594382469851,-1.3419807537468529,True,False,True,False,True,0.31926046293667554,0.0,0.0,0.0,0.0,0,0.9769585253456221,0.9569892473118281,False,False,False,False,-0.007746694349599012,-0.002263319994518143,False,False,False,False,-17044.0,-15000.726854717523,False,False,False,False,1286.8574809616425,False,False,False,False
2025-04-29 15:00:00+00:00,2.48,2.49,2.475,2.485,0.0,,,,,,,,,,,,,,,,,2.4679930059845696,2.4806318436382844,2.4073865042049425,,,,,2.4520037846092655,"rgba(38, 166, 154, 1.0)",0.0392724372087572,2.4912431947829274,-0.15897141167331014,54.529696631019874,-0.5024821526390468,True,False,True,False,True,0.31926046293667554,0.0,0.0,0.0,0.0,0,0.9815526518063027,0.9546502690238278,False,False,False,False,0.013944501143145339,0.005840590574313598,False,False,False,False,-17044.0,-15032.405508132755,False,False,False,False,1266.9062021870434,False,False,False,False
2025-04-29 16:00:00+00:00,2.485,2.515,2.485,2.495,118.0,,,,,,,,,,,,,,,,,2.4683753381745692,2.4806859191757065,2.4074796769143054,,,,,2.452180311421527,"rgba(38, 166, 154, 1.0)",0.03773210452258366,2.49128607736096,0.09842871703106977,56.014688869028845,1.1733753215787104,True,False,True,False,True,0.996494419231734,0.0,0.0,0.0,0.0,0,0.9922779922779924,0.949034749034749,False,False,False,False,0.0356488277866703,0.020744709180491948,False,False,False,False,-16926.0,-15061.763562270231,False,False,False,False,1249.0937029283295,False,False,False,False
2025-04-29 17:00:00+00:00,2.495,2.505,2.48,2.495,120.0,,,,,,,,,,,,,,,,,2.4686911289188807,2.4807250883939407,2.4075690294677985,,,,,2.45232841559354,"rgba(38, 166, 154, 1.0)",0.036214078194135205,2.4913199226892764,0.10162007413237732,57.004683694368154,2.380176957455717,True,False,True,False,True,0.996494419231734,0.0,0.0,0.0,0.0,0,0.9968968192397206,0.9456943366951126,False,False,False,False,0.026344053898128876,0.023544381539310412,False,False,False,False,-16926.0,-15090.666452777668,False,False,False,False,1231.5883742007586,False,False,False,False
2025-04-29 18:00:00+00:00,2.495,2.525,2.48,2.51,783.0,,,,,,,,,,,,,,,,,2.47146017986429,2.481205919554769,2.4082262126276373,,,,,2.453630770682232,"rgba(38, 166, 154, 1.0)",0.03498416630253442,2.488226013254921,0.6223954733344944,59.319354679053276,4.787117471892955,True,False,True,False,True,2.0300017440090095,0.0,0.0,0.0,0.0,0,0.9961240310077519,0.9410852713178295,False,False,False,False,0.03875171122788514,0.031148046383597777,False,False,False,False,-16143.0,-15106.981701571813,False,False,False,False,1224.6335156860182,False,False,False,False
2025-04-29 19:00:00+00:00,2.505,2.505,2.485,2.495,2334.0,,,,,,,,,,,,,,,,,2.4758203052667778,2.4819749665583797,2.409936510215226,,,,,2.4559105940134613,"rgba(38, 166, 154, 1.0)",0.03446789863086431,2.4884603987647878,0.18973019809674338,58.30793146949542,4.787117471892955,True,False,True,False,True,0.9476964169228985,0.0,0.0,0.0,0.0,0,0.9968725566849101,0.9483971853010166,False,False,False,False,0.029445059003229874,0.030296552693413824,False,False,False,False,-18477.0,-15159.230047283878,False,False,False,False,1241.8329960629792,False,False,False,False
2025-04-30 14:00:00+00:00,2.39,2.425,2.39,2.405,405.0,,,,,,,,,,,,,,,,2.4066666666666663,2.473666897329438,2.481253400837493,2.40992536517902,,2.4066666666666663,,,2.442878082503154,"rgba(239, 83, 80, 0.5)",0.03492050173512604,2.479294744461555,-2.1275394329979833,49.24372047448458,4.2783698266644095,False,False,False,True,False,0.0,1.0,2.425,2.39,0.0,0,0.9929300864100549,0.9552238805970149,False,False,False,False,-0.07917918490738303,-0.024441316106984603,False,False,False,False,-18882.0,-15216.947410891878,False,False,False,False,1228.8588410852585,False,False,True,False
2025-04-30 15:00:00+00:00,2.41,2.43,2.405,2.425,194.0,,,,,,,,,,,,,,,,2.4109849749582635,2.4728781565656566,2.48097355344653,2.409941787027623,,2.4109849749582635,,,2.4436946179995185,"rgba(239, 83, 80, 1.0)",0.03458088833198677,2.479198585763744,-1.5672988282840414,45.5097999338292,1.127086925277922,False,True,False,True,False,0.0,0.0,0.0,0.0,0.0,0,0.9802839116719243,0.9558359621451106,False,False,False,False,-0.06671858819437057,-0.04557995215067759,False,False,False,False,-18688.0,-15270.762179715259,False,False,False,False,1212.8145179676576,False,False,False,False
2025-04-30 16:00:00+00:00,2.425,2.43,2.405,2.415,133.0,,,,,,,,,,,,,,,,2.412017304189435,2.4723174329358235,2.4807727642658155,2.4099492936074975,,2.412017304189435,,,2.4437641987496432,"rgba(239, 83, 80, 1.0)",0.03484301990395688,2.479036024994303,-1.8378437107579964,42.341675033593596,-1.5760288754599756,False,True,False,True,False,0.0,0.0,0.0,0.0,0.0,0,0.9952076677316294,0.9472843450479232,False,False,False,False,-0.06671858819437057,-0.05614927017252408,False,False,False,False,-18821.0,-15325.804626541378,False,False,False,False,1196.0732076115698,False,False,False,False
2025-04-30 17:00:00+00:00,2.415,2.43,2.405,2.42,140.0,,,,,,,,,,,,,,,,2.4130313455657495,2.4717564759147925,2.480568217271933,2.409959133204795,,2.4130313455657495,,,2.4438287929893177,"rgba(239, 83, 80, 1.0)",0.034926176971282315,2.478876414399797,-1.685738878555399,40.85316627870988,-2.8613727748146474,False,True,False,True,False,0.0,0.0,0.0,0.0,0.0,0,0.9823293172690761,0.9542168674698794,False,False,False,False,-0.06671858819437057,-0.061433929183447325,False,False,False,False,-18681.0,-15377.823159463216,False,False,False,False,1179.6999795865843,False,False,False,False
2025-04-30 18:00:00+00:00,2.42,2.435,2.415,2.425,509.0,,,,,,,,,,,,,,,,2.4174426743905384,2.4700543556000567,2.4799141711951287,2.4100230385896375,,2.4174426743905384,,,2.44435855994384,"rgba(239, 83, 80, 1.0)",0.034926176971282315,2.478477846159565,-1.531168046349209,40.52015803677406,-3.282473122877313,False,True,False,True,False,0.0,0.0,0.0,0.0,0.0,0,0.9774557165861515,0.9557165861513688,False,False,False,False,-0.05738690861176379,-0.05941041889760556,False,False,False,False,-18172.0,-15421.143730634329,False,False,False,False,1169.3015302906683,False,False,False,False
2025-04-30 19:00:00+00:00,2.425,2.455,2.4,2.43,5565.0,,,,,,,,,,,,,,,,2.4261680583549285,2.4581764465135314,2.474033258212115,2.4108358460164,,2.4261680583549285,,,2.442303402274244,"rgba(239, 83, 80, 1.0)",0.03506107926562972,2.4749533462013162,-1.2821438228053557,40.99144945729383,-3.282473122877313,False,True,False,True,False,0.0,0.0,0.0,0.0,0.0,0,0.9783132530120482,0.9502008032128515,False,False,False,False,-0.054278645889579646,-0.056844532393592606,False,False,False,False,-12607.0,-15377.513595275657,False,False,False,False,1237.4518941621307,False,False,False,False
2025-05-01 14:00:00+00:00,2.49,2.52,2.475,2.51,627.0,,,,,,,,,,,,,,,,2.432418900479775,2.459528105482304,2.474383727437614,2.411287869768475,,2.432418900479775,,,2.444404650792042,#000000,0.03557532295840895,2.4756456710180768,0.9656786256610129,48.731307945485696,-7.580720694895128,False,True,False,False,True,2.3431247280125227,0.0,0.0,0.0,0.0,0,0.9888446215139444,0.9346613545816733,False,False,False,False,0.03254663035099221,-0.0121489510213002,False,False,False,False,-11980.0,-15324.838965891538,False,False,False,False,1227.9875237100046,False,False,False,False
2025-05-01 15:00:00+00:00,2.51,2.525,2.47,2.47,702.0,,,,,,,,,,,,,,,,2.437162336354482,2.4604967426710096,2.4745790369439624,2.4117147750862316,,2.437162336354482,,,2.4459882227639214,#000000,0.035463088283765196,2.4761400440224692,-0.17313901071836194,50.09209749590357,-6.341483743993635,False,False,False,False,True,0.0,0.0,0.0,0.0,0.0,0,0.985748218527316,0.9334916864608076,False,False,False,False,0.03254663035099221,0.010198839664846004,False,False,False,False,-12682.0,-15283.864718358336,False,False,False,False,1219.8326783811672,False,False,False,False
2025-05-01 16:00:00+00:00,2.47,2.525,2.45,2.515,2024.0,,,,,,,,,,,,,,,,2.448856361459042,2.463693595342067,2.4754360689888744,2.4130505941976064,,2.448856361459042,,,2.4502591549968975,"rgba(38, 166, 154, 1.0)",0.03598648394909572,2.4776048908164103,1.0391431748788413,53.88454070250728,-2.7487352721448914,True,False,True,False,True,2.5466856019035795,0.0,0.0,0.0,0.0,0,0.9809825673534073,0.941362916006339,False,False,False,False,0.02014350335502115,0.015171171509933579,False,False,False,False,-10658.0,-15212.14588551557,False,False,False,False,1232.300388793862,False,False,False,False
2025-05-01 17:00:00+00:00,2.52,2.555,2.515,2.545,1568.0,,,,,,,,,,,,,,,,2.4606790539591588,2.468476786006212,2.4772715626609094,2.41455839121925,,2.4606790539591588,,,2.4552464484613825,"rgba(38, 166, 154, 1.0)",0.03699427761922218,2.4796416567214523,1.7667149484921285,57.966126997713204,1.062218802283347,True,False,True,False,True,4.397505221212622,0.0,0.0,0.0,0.0,0,0.9905063291139242,0.935126582278481,False,False,False,False,0.07917906018507523,0.047175115847504404,False,False,False,False,-9090.0,-15117.22889504246,False,False,False,False,1237.505033928841,False,False,False,False
2025-05-01 18:00:00+00:00,2.54,2.565,2.54,2.565,1199.0,,,,,,,,,,,,,,,,2.4694873462931786,2.4725964597862364,2.4790045815886885,2.415854273777291,,2.4694873462931786,,,2.4592356653613487,"rgba(38, 166, 154, 1.0)",0.03837134816958975,2.481371350860221,2.179455586761391,61.626097984885625,4.459144397258001,True,False,True,False,True,5.603447165228744,0.0,0.0,0.0,0.0,0,0.992862807295797,0.9365582870737511,False,False,False,False,0.10104665548239232,0.07411088566494836,False,False,False,False,-7891.0,-15005.194338530175,False,False,False,False,1236.9080566586265,False,False,False,False
2025-05-01 19:00:00+00:00,2.565,2.59,2.555,2.57,6787.0,,,,,,,,,,,,,,,,2.5044186436978464,2.4933146915634437,2.4891946033237735,2.423502288983229,,2.5044186436978464,,,2.4776075568920732,"rgba(38, 166, 154, 1.0)",0.039655044099257464,2.490193187530725,2.0125261308376503,64.30265431483802,6.986374186713697,True,False,True,False,True,5.904518863010573,0.0,0.0,0.0,0.0,0,0.996022275258552,0.9339697692919648,False,False,False,False,0.1588606087433288,0.11648574720413858,False,False,False,False,-1104.0,-14789.671945684746,False,False,False,False,1322.9559937646943,False,False,False,False
2025-05-02 14:00:00+00:00,2.57,2.62,2.57,2.59,987.0,,,,,,,,,,,,,,,,2.508629718490084,2.4962667085314436,2.49083381177171,2.4247059773944764,,2.508629718490084,,,2.4801090540469284,"rgba(38, 166, 154, 1.0)",0.04207104673007931,2.4933320909449597,2.2977300677885455,67.0302754955907,9.638315468598186,True,False,True,False,True,7.106762447047533,0.0,0.0,0.0,0.0,0,1.0031746031746032,0.9214285714285715,False,False,False,False,0.1896275205288186,0.15305663386647858,False,False,False,False,-117.0,-14562.188659705136,False,False,False,False,1317.747373706327,False,False,False,False
2025-05-02 15:00:00+00:00,2.595,2.61,2.57,2.585,4811.0,,,,,,,,,,,,,,,,2.5235786129195747,2.507846038551361,2.497781455972747,2.4301701036771735,,2.5235786129195747,,,2.489844052780214,"rgba(38, 166, 154, 1.0)",0.04412308745813694,2.4984394509897196,1.9617971904710236,68.23117005807707,10.966363840639985,True,False,True,False,True,6.743924883515227,0.0,0.0,0.0,0.0,0,1.0023790642347343,0.9238699444885011,False,False,False,False,0.2982998210931191,0.22567822747979882,False,False,False,False,-4928.0,-14412.821393663196,False,False,False,False,1371.9063291527405,False,False,False,False
2025-05-02 16:00:00+00:00,2.58,2.62,2.58,2.61,5533.0,,,,,,,,,,,,,,,,2.5377295514793916,2.51991252712116,2.50577645292593,2.436574511035949,,2.5377295514793916,,,2.4999982606406075,"rgba(38, 166, 154, 1.0)",0.04702472035340446,2.5079931320978504,2.169217958884991,70.26216729987951,13.166232045075134,True,False,True,False,True,8.248921521276554,0.0,0.0,0.0,0.0,0,1.0193392425463337,0.91941982272361,False,False,False,False,0.3159645516240627,0.27082138955193075,False,False,False,False,605.0,-14179.986953451364,False,False,False,False,1436.419409320915,False,False,False,False
2025-05-02 17:00:00+00:00,2.615,2.615,2.585,2.6,4456.0,,,,,,,,,,,,,,,,2.5455151047512166,2.5273101718455258,2.51119372333471,2.4413014578924823,,2.5455151047512166,,,2.5063301144559835,"rgba(38, 166, 154, 1.0)",0.049246850175862326,2.5118625098301597,1.789708171286045,70.28988848061566,13.583095934014779,True,False,True,False,True,7.5063886032501514,0.0,0.0,0.0,0.0,0,1.020193861066236,0.9159935379644588,False,False,False,False,0.3159645516240627,0.29339297058799674,False,False,False,False,-3851.0,-14019.847620839715,False,False,False,False,1483.2346122771798,False,False,False,False
2025-05-02 18:00:00+00:00,2.595,2.61,2.57,2.57,6549.0,,,,,,,,,,,,,,,,2.5513856297455106,2.53400657054207,2.516814490063809,2.447093028323797,,2.5513856297455106,,,2.5123249296687966,"rgba(38, 166, 154, 0.75)",0.05049279673888256,2.5153063065634504,1.0831979404783472,66.72011906992853,13.583095934014779,True,False,True,False,False,5.313479077778879,0.0,0.0,0.0,0.0,0,1.0129032258064516,0.9193548387096774,False,False,False,False,0.30667285668382577,0.3000329136359112,False,False,False,False,-10400.0,-13963.725952299565,False,False,False,False,1561.7736105364484,False,False,False,False
2025-05-02 19:00:00+00:00,2.575,2.575,2.565,2.575,7658.0,,,,,,,,,,,,,,,,2.554501407640714,2.5386248291912206,2.5213947254600506,2.4527625669826367,,2.554501407640714,,,2.5168208823186555,"rgba(38, 166, 154, 0.75)",0.051769847566983565,2.5179931414595442,1.101159482200452,64.71606967618048,13.583095934014779,True,False,True,False,False,5.627057323999054,0.0,0.0,0.0,0.0,0,1.0129449838187705,0.923948220064725,False,False,False,False,0.2875445596503945,0.29378873664315286,False,False,False,False,-2742.0,-13789.745704977091,False,False,False,False,1656.2887483575887,False,False,False,False
2025-05-05 14:00:00+00:00,2.53,2.56,2.525,2.56,105.0,,,,,,,,,,,,,,,,2.554488442237882,2.538641125658775,2.5214255322238683,2.4528221674486748,,2.554488442237882,,,2.5168443168923,"rgba(38, 166, 154, 0.75)",0.05233296034747459,2.5180010640920534,0.8025331574802342,61.6389874152364,17.96876516551741,True,False,True,False,False,4.531508983291957,0.0,0.0,0.0,0.0,0,1.007258064516129,0.9225806451612903,False,False,False,False,0.23833651888845403,0.26606262776580347,False,False,False,False,-2847.0,-13620.090732806904,False,False,False,False,1632.2377600109594,False,False,False,False
2025-05-05 15:00:00+00:00,2.555,2.56,2.54,2.55,41.0,,,,,,,,,,,,,,,,2.5544847611999018,2.5386485658902345,2.5214382863218554,2.4528458255893817,,2.5544847611999018,,,2.516854359750343,"rgba(38, 166, 154, 0.75)",0.052481485366726484,2.518004966602022,0.6096442045114626,58.46650077642616,14.826675739227994,True,False,True,False,False,3.803097656223109,0.0,0.0,0.0,0.0,0,1.0096930533117934,0.9224555735056544,False,False,False,False,0.2516356176715139,0.2588491227186587,False,False,False,False,-2888.0,-13453.701729197495,False,False,False,False,1607.5674071425724,False,False,False,False
2025-05-05 16:00:00+00:00,2.55,2.55,2.535,2.545,0.0,,,,,,,,,,,,,,,,2.5544847611999018,2.5386485658902345,2.5214382863218554,2.4528458255893817,,2.5544847611999018,,,2.516854359750343,"rgba(38, 166, 154, 0.75)",0.0528714231639268,2.518004966602022,0.5105789060052436,55.77865030118892,12.172657529015737,True,False,True,False,False,3.43657567791546,0.0,0.0,0.0,0.0,0,1.0313028764805414,0.9179357021996617,False,False,False,False,0.23833651888845403,0.24859282080355635,False,False,False,False,-2888.0,-13289.89240006265,False,False,False,False,1582.6438814504395,False,False,False,False
2025-05-05 17:00:00+00:00,2.545,2.545,2.505,2.515,3950.0,,,,,,,,,,,,,,,,2.552081641732941,2.537640533581791,2.5214477021512,2.454422993987426,,2.552081641732941,,,2.5163982178633395,#000000,0.05274859632640521,2.5172306972549703,-0.042289224933432096,50.92817711078393,7.573124018154161,False,True,False,False,False,1.2648433810439883,0.0,0.0,0.0,0.0,0,1.019691780821918,0.9238013698630136,False,False,False,False,0.20761590855275666,0.2281043646781565,False,False,False,False,-6838.0,-13189.863060526795,False,False,False,False,1619.3470770868666,False,False,False,False
2025-05-05 18:00:00+00:00,2.515,2.56,2.515,2.545,1053.0,,,,,,,,,,,,,,,,2.5518503163866466,2.537677288439822,2.5216493908734257,2.454942632467198,,2.5518503163866466,,,2.516529907041773,#000000,0.053120464830189756,2.5172654885712484,0.5221059626908469,51.02476775969113,7.573124018154161,False,True,False,False,False,3.2908286938930935,0.0,0.0,0.0,0.0,0,1.0188517566409598,0.9134532990574122,False,False,False,False,0.229516474703712,0.22881041969093424,False,False,False,False,-5785.0,-13075.058982069015,False,False,False,False,1610.5665022483104,False,False,False,False
2025-05-05 19:00:00+00:00,2.545,2.545,2.525,2.525,221.0,,,,,,,,,,,,,,,,2.551769533537377,2.537657701495178,2.521672194696525,2.4550402856566937,,2.551769533537377,,,2.5165349288464434,#000000,0.05332612563900852,2.517254367204077,0.1452502446616356,49.15866328803755,5.571562899884249,False,True,False,False,False,1.854305789628654,0.0,0.0,0.0,0.0,0,1.0249569707401034,0.910499139414802,False,False,False,False,0.2251196596182931,0.22696503965461368,False,False,False,False,-6006.0,-12965.461168393525,False,False,False,False,1589.022835546786,False,False,False,False
2025-05-06 14:00:00+00:00,2.485,2.52,2.47,2.475,3998.0,,,,,,,,,,,,,,,,2.547486532128684,2.534911811666852,2.5203535353535353,2.455789614917649,,2.547486532128684,,,2.51463537351668,"rgba(239, 83, 80, 1.0)",0.05333406531021395,2.5154165885565907,-0.7578006349508565,44.26095989832468,0.8197475420913634,False,True,False,True,False,0.0,0.0,0.0,0.0,0.0,0,1.0163511187607572,0.9156626506024095,False,False,False,False,0.15580546005254683,0.19138524985358024,False,False,False,False,-10004.0,-12919.547041751764,False,False,False,False,1626.3713187166031,False,False,False,False
2025-05-06 15:00:00+00:00,2.47,2.485,2.46,2.47,4291.0,,,,,,,,,,,,,,,2.4716666666666667,2.5423635037109356,2.53134597781194,2.518370851918636,2.4561641033251984,,2.5423635037109356,,,2.5039822206866753,"rgba(239, 83, 80, 1.0)",0.05334740805266541,2.5100470970827633,-0.7506849637985781,40.69221003140363,-2.561110503459453,False,True,False,True,False,0.0,0.0,0.0,0.0,0.0,0,1.0112359550561796,0.9239412273120137,False,False,False,False,0.11749968294790612,0.1544424664007432,False,False,False,False,-14295.0,-12940.871893817628,False,False,False,False,1667.6833912946404,False,False,False,False
2025-05-06 16:00:00+00:00,2.47,2.525,2.47,2.51,2185.0,,,,,,,,,,,,,,,2.4817886555486925,2.541009854216458,2.530517677412762,2.518031503261897,2.4567041263599285,,2.541009854216458,,,2.505610363359948,"rgba(239, 83, 80, 1.0)",0.05341558972076292,2.510095665669796,-0.0017909690840489636,42.56879330563623,-2.561110503459453,False,True,False,True,False,0.8342146115835511,0.0,0.0,0.0,0.0,0,1.0324846356453026,0.9130816505706759,False,False,False,False,0.1600877592212326,0.1572651128109879,False,False,False,False,-12110.0,-12927.990159029758,False,False,False,False,1675.703803832708,False,False,False,False
2025-05-06 17:00:00+00:00,2.51,2.52,2.485,2.495,190.0,,,,,,,,,,,,,,,2.482307730773077,2.5408915822973746,2.5304437960296626,2.5179997060961843,2.4567487615233947,,2.5408915822973746,,,2.5056783153439386,"rgba(239, 83, 80, 1.0)",0.05340799953570687,2.5100809730204823,-0.28237292449793994,42.662052845871315,-2.561110503459453,False,True,False,True,False,0.0,0.0,0.0,0.0,0.0,0,1.0428571428571427,0.9026785714285713,False,False,False,False,0.1686700166561269,0.1629675647335574,False,False,False,False,-12300.0,-12918.253877494413,False,False,False,False,1652.6696363314256,False,False,False,False
2025-05-06 18:00:00+00:00,2.495,2.525,2.495,2.52,451.0,,,,,,,,,,,,,,,2.4842738045056434,2.540704210134877,2.5303460318666886,2.5179802549693764,2.4568868921966627,,2.540704210134877,,,2.5060382387346496,"rgba(239, 83, 80, 0.75)",0.05354445824733559,2.5101364356257365,0.18421260943011442,45.072464790429265,-2.561110503459453,False,True,False,True,True,1.4978024828322987,0.0,0.0,0.0,0.0,0,1.050359712230216,0.8848920863309355,False,False,False,False,0.18159012035988795,0.17227884254672265,False,False,False,False,-11849.0,-12901.676297998376,False,False,False,False,1634.039099334039,False,False,False,False
2025-05-06 19:00:00+00:00,2.52,2.54,2.52,2.52,675.0,,,,,,,,,,,,,,,2.487946184120465,2.540562801896319,2.530314834355006,2.5180341107059423,2.457140910520876,,2.540562801896319,,,2.5067997683197216,"rgba(239, 83, 80, 0.75)",0.05367217810648608,2.510335696690432,0.18006169398219612,46.67940608680124,-2.561110503459453,False,True,False,True,True,1.4978024828322987,0.0,0.0,0.0,0.0,0,1.0542279411764706,0.8943014705882352,False,False,False,False,0.21635146602318073,0.1943151542849517,False,False,False,False,-11849.0,-12885.35573523871,False,False,False,False,1619.1702760885498,False,False,False,False
2025-05-07 14:00:00+00:00,2.56,2.565,2.52,2.525,933.0,,,,,,,,,,,,,,,2.4931560649474687,2.5405092974192915,2.5303884150101603,2.518192430755407,2.4575390556527403,,2.5405092974192915,,,2.507957052757013,#000000,0.05383717527353295,2.5106990491305496,0.2656333805923284,48.256062443056635,-7.692714124125047,False,True,False,False,True,1.8396429107769663,0.0,0.0,0.0,0.0,0,1.0414746543778801,0.8875576036866359,False,False,False,False,0.23833651888845403,0.21632583658670285,False,False,False,False,-10916.0,-12854.823088180745,False,False,False,False,1608.5319772344637,False,False,False,False
2025-05-07 15:00:00+00:00,2.525,2.555,2.52,2.54,179.0,,,,,,,,,,,,,,,2.4940642782270137,2.5405035795201534,2.530406033201189,2.518225210562845,2.457616585449536,,2.5405035795201534,,,2.508163137392147,#000000,0.054163000568859775,2.510766717209596,0.5397279043512093,50.80790518986771,-5.017126052325224,False,False,False,False,True,2.8666055602352962,0.0,0.0,0.0,0.0,0,1.0406654343807764,0.888170055452865,False,False,False,False,0.229516474703712,0.22292115564520742,False,False,False,False,-10737.0,-12821.988621697323,False,False,False,False,1586.3686907657125,False,False,False,False
2025-05-07 16:00:00+00:00,2.54,2.555,2.53,2.55,55.0,,,,,,,,,,,,,,,2.49437697659709,2.5405072070486305,2.5304159702878364,2.518238593334424,2.4576423426513467,,2.5405072070486305,,,2.5082362179838658,"rgba(38, 166, 154, 0.5)",0.05461222844278721,2.5107923103338865,0.7179287640164332,53.46403981442086,-2.314406632546877,False,False,True,False,True,3.5488977971304934,0.0,0.0,0.0,0.0,0,1.0376647834274952,0.9058380414312618,False,False,False,False,0.23833651888845403,0.23062883726683073,False,False,False,False,-10682.0,-12788.810503531473,False,False,False,False,1562.6265405212828,False,False,False,False
2025-05-07 17:00:00+00:00,2.55,2.555,2.5,2.51,109.0,,,,,,,,,,,,,,,2.4947050066166736,2.5404771319362065,2.53040417964822,2.5182419857100062,2.4576797214083843,,2.5404771319362065,,,2.508301605063898,#000000,0.053572212778395426,2.510806796245711,-0.015059976130692328,50.80222434468844,-2.314406632546877,False,False,False,False,False,0.6290732553090095,0.0,0.0,0.0,0.0,0,1.0366541353383458,0.893796992481203,False,False,False,False,0.2119797027292724,0.22130426999805158,False,False,False,False,-10791.0,-12757.83669727517,False,False,False,False,1540.0896949318055,False,False,False,False
2025-05-07 18:00:00+00:00,2.505,2.52,2.49,2.515,545.0,,,,,,,,,,,,,,,2.4954776517909774,2.540222608047112,2.530256460638511,2.5181931997494553,2.4578271542961314,,2.540222608047112,,,2.508395414904437,#000000,0.05223284666052553,2.5107749750154587,0.08088827729418951,49.58805867952431,-2.314406632546877,False,True,False,False,False,0.9800267089843935,0.0,0.0,0.0,0.0,0,1.0358490566037735,0.9,False,False,False,False,0.1729703161664742,0.1971372930822629,False,False,False,False,-10246.0,-12718.893492666251,False,False,False,False,1524.6619477235604,False,False,False,False
2025-05-07 19:00:00+00:00,2.515,2.515,2.475,2.485,1491.0,,,,,,,,,,,,,,,2.494965928194044,2.5391930583009805,2.5295625703489306,2.5178406413330605,2.4580944824455906,,2.5391930583009805,,,2.5079313361245212,"rgba(239, 83, 80, 1.0)",0.05101245210987196,2.5103587593059906,-0.49710920093337957,46.07045283790942,1.8040084316690326,False,True,False,True,False,0.0,0.0,0.0,0.0,0.0,0,1.0386427898209234,0.892554194156456,False,False,False,False,0.15580546005254683,0.17647137656740486,False,False,False,False,-11737.0,-12703.670337741194,False,False,False,False,1524.1400570611795,False,False,False,False
2025-05-08 14:00:00+00:00,2.54,2.58,2.535,2.54,556.0,,,,,,,,,,,,,,,2.497669668381932,2.5392909112286888,2.5297097968278304,2.518007462664503,2.458369326916474,,2.5392909112286888,,,2.508609433203886,#000000,0.049726096616127084,2.5106280650124284,0.5906744543879152,49.05301916603074,1.8040084316690326,False,True,False,False,True,2.647259654965353,0.0,0.0,0.0,0.0,1,1.0438842203548087,0.8776844070961715,False,False,False,False,0.26502247618015745,0.22074692637378115,False,False,False,False,-11181.0,-12680.06304568319,False,False,False,False,1509.13013369589,False,False,False,False
2025-05-08 15:00:00+00:00,2.545,2.63,2.535,2.625,247.0,,,,,,,,,,,,,,,2.499723272024859,2.5394901718174405,2.5299073333094446,2.5181794204591728,2.4585495497872047,,2.5394901718174405,,,2.5091699494796247,"rgba(38, 166, 154, 1.0)",0.049818408985691336,2.5108813211745824,2.290692961675961,55.73597420038874,-0.6046162142505409,True,False,True,False,True,7.926409430780989,0.0,0.0,0.0,0.0,0,1.0547818012999068,0.861652739090065,False,False,False,False,0.3103542462832567,0.2655505863285189,False,False,False,False,-10934.0,-12652.992300788877,False,False,False,False,1489.5622246463413,False,False,False,False
2025-05-08 16:00:00+00:00,2.625,2.63,2.59,2.63,586.0,,,,,,,,,,,,,,,2.5052086501774324,2.540120860526952,2.5305103646506697,2.5186875873161227,2.4590368930779243,,2.540120860526952,,,2.51071287114982,"rgba(38, 166, 154, 1.0)",0.05049948710818707,2.5116055189483686,2.344468980407466,60.40034591222987,3.5256722741067605,True,False,True,False,True,8.218883707931763,0.0,0.0,0.0,0.0,0,1.06430568499534,0.8611369990680333,False,False,False,False,0.3428280715370269,0.3041893289327729,False,False,False,False,-10348.0,-12617.255986047963,False,False,False,False,1475.5535079851577,False,False,False,False
2025-05-08 17:00:00+00:00,2.63,2.665,2.62,2.64,7196.0,,,,,,,,,,,,,,,2.5550817715475644,2.5493817803913617,2.539251753091816,2.52601533518813,2.465697092400578,,2.5493817803913617,,,2.52708554652389,"rgba(38, 166, 154, 1.0)",0.05262411326843489,2.520576044032937,2.269377069745254,63.95065277179906,6.654122130214304,True,False,True,False,True,8.807925398298277,0.0,0.0,0.0,0.0,0,1.0718954248366013,0.8515406162464987,False,False,False,False,0.342828085122273,0.32350870702752293,False,False,False,False,-3152.0,-12470.507831225514,False,False,False,False,1564.2426008846128,False,False,False,False
2025-05-08 18:00:00+00:00,2.645,2.65,2.64,2.645,861.0,,,,,,,,,,,,,,,2.558849148418491,2.550413903341064,2.5402374972031554,2.5268576161935066,2.466476068414883,,2.550413903341064,,,2.5285668467142197,"rgba(38, 166, 154, 1.0)",0.05498386331658594,2.521502327193974,2.246071217203335,66.54891892631586,9.014434412727368,True,False,True,False,True,9.10447150970473,0.0,0.0,0.0,0.0,0,1.077140169332079,0.8513640639698964,False,False,False,False,0.3428280299737772,0.33316836850065007,False,False,False,False,-2291.0,-12312.686004384808,False,False,False,False,1553.3396148243862,False,False,False,False
2025-05-08 19:00:00+00:00,2.645,2.65,2.625,2.635,765.0,,,,,,,,,,,,,,,2.5616420361247947,2.551233267105426,2.541029589145039,2.527543956403092,2.4671304897092043,,2.551233267105426,,,2.5297158676975107,"rgba(38, 166, 154, 1.0)",0.05696940857605336,2.522240600102587,1.9792973582809863,67.05682060008485,9.620634821580595,True,False,True,False,True,8.342468789734664,0.0,0.0,0.0,0.0,0,1.0759368836291912,0.8895463510848126,False,False,False,False,0.3260863361900316,0.3296273523453408,False,False,False,False,-3056.0,-12169.17149268892,False,False,False,False,1541.1172952147058,False,False,False,False
2025-05-09 14:00:00+00:00,2.845,2.875,2.62,2.66,8930.0,,,,,,,,,,,,,,,2.607905989970794,2.56791338773381,2.5565430804453544,2.5405175875442927,2.4779216335222265,,2.56791338773381,,,2.5501603358432954,"rgba(38, 166, 154, 1.0)",0.05948820762839177,2.535954550266405,2.0852107447660293,68.7348598155528,11.491228737095838,True,False,True,False,True,9.848302800595938,0.0,0.0,0.0,0.0,0,1.0278578290105667,0.8655139289145052,False,False,False,False,0.34282808316512775,0.3362277177552343,False,False,False,False,5874.0,-11889.432399779014,False,False,False,False,1655.6736162191291,False,False,False,False
2025-05-09 15:00:00+00:00,2.665,2.705,2.605,2.68,2615.0,,,,,,,,,,,,,,,2.612316899979712,2.570623386731831,2.559210898391226,2.5429154192082466,2.480225043113073,,2.570623386731831,,,2.5530583294848177,"rgba(38, 166, 154, 1.0)",0.06260868028347717,2.5382390215138395,2.2642384066282943,70.80010754687264,13.762931946452241,True,False,True,False,True,11.02802978915436,0.0,0.0,0.0,0.0,0,1.0210325047801148,0.8938814531548757,False,False,False,False,0.19113795099891262,0.26368283437707346,False,False,False,False,8489.0,-11573.487711410347,False,False,False,False,1670.5468934870496,False,False,False,False
2025-05-09 16:00:00+00:00,2.685,2.69,2.655,2.66,255.0,,,,,,,,,,,,,,,2.6127482510443407,2.5708932452435103,2.5594760842839577,2.5431537425915716,2.480452649609961,,2.5708932452435103,,,2.5533447945546683,"rgba(38, 166, 154, 1.0)",0.06475783023363589,2.5384658471530215,1.876748377895042,69.6115946703345,13.762931946452241,True,False,True,False,True,9.467333174429577,0.0,0.0,0.0,0.0,0,1.0471512770137525,0.888015717092338,False,False,False,False,0.2189835048990384,0.24133316963805593,False,False,False,False,8234.0,-11266.394878675304,False,False,False,False,1648.600430022134,False,False,False,False
2025-05-09 17:00:00+00:00,2.66,2.705,2.66,2.705,46.0,,,,,,,,,,,,,,,2.612855412482535,2.5709525562195084,2.559533278718195,2.5432040623758443,2.480498377562929,,2.5709525562195084,,,2.5534087374718024,"rgba(38, 166, 154, 1.0)",0.06837087520697993,2.5385147633345873,2.4350315271145813,71.0728338250722,14.64264892088508,True,False,True,False,True,12.08774879643175,0.0,0.0,0.0,0.0,0,1.0502463054187194,0.8876847290640394,False,False,False,False,0.23504394685805166,0.2381885582480538,False,False,False,False,8280.0,-10963.349996835377,False,False,False,False,1623.7539117272174,False,False,False,False
2025-05-09 18:00:00+00:00,2.705,2.71,2.675,2.685,169.0,,,,,,,,,,,,,,,2.6132465746574662,2.5711699533560246,2.559742976432769,2.5433886371696337,2.4806662068703993,,2.5711699533560246,,,2.5536428696972586,"rgba(38, 166, 154, 1.0)",0.07099435328383562,2.5386940794990602,2.0608106663921335,69.74030171706153,14.64264892088508,True,False,True,False,True,10.536592045232254,0.0,0.0,0.0,0.0,0,1.0574257425742575,0.8821782178217823,False,False,False,False,0.24964837379657467,0.24391846602231423,False,False,False,False,8111.0,-10667.623640295293,False,False,False,False,1601.1995875143923,False,False,False,False
2025-05-09 19:00:00+00:00,2.685,2.745,2.64,2.71,8902.0,,,,,,,,,,,,,,,2.631181844730694,2.582328572226548,2.5705606265198275,2.553013283465098,2.4894792183082046,,2.582328572226548,,,2.5653127090500742,"rgba(38, 166, 154, 1.0)",0.07429076064430218,2.5479090768744617,2.181844979372547,70.12753639243643,14.64264892088508,True,False,True,False,True,11.968580924554907,0.0,0.0,0.0,0.0,0,1.050196850393701,0.8789370078740156,False,False,False,False,0.24632740417464297,0.2451229350984786,False,False,False,False,17013.0,-10238.4666846318,False,False,False,False,1714.3902915839365,False,False,False,False
2025-05-12 14:00:00+00:00,2.91,2.955,2.86,2.905,3627.0,,,,,,,,,,,,,,,2.6529700095219404,2.593524246404121,2.5809201472983494,2.56174282123526,2.49624965696013,,2.593524246404121,,,2.5770813762839597,"rgba(38, 166, 154, 1.0)",0.08635553994545571,2.5566193525211105,4.034259385083286,75.28313198783897,19.565821422175958,True,False,True,False,True,20.0,0.0,0.0,0.0,0.0,0,1.0569259962049338,0.8595825426944972,False,False,False,False,0.34282812332557966,0.29397552921202913,False,False,False,False,20640.0,-9759.730767040608,False,False,False,False,1744.0431552803095,False,False,False,False
2025-05-12 15:00:00+00:00,2.905,2.945,2.905,2.945,1096.0,,,,,,,,,,,,,,,2.6594752067582434,2.5970149131895384,2.584156780695624,2.564481628094447,2.498374512440558,,2.5970149131895384,,,2.580700608235682,"rgba(38, 166, 154, 1.0)",0.09858654221696929,2.559331983550837,3.911974269270795,79.22132591088014,23.32375038929102,True,False,True,False,True,20.0,0.0,0.0,0.0,0.0,0,1.0636277302943968,0.8613485280151945,False,False,False,False,0.34282812274295843,0.3184018259774938,False,False,False,False,21736.0,-9271.424863675637,False,False,False,False,1733.9959745782892,False,False,False,False
2025-05-12 16:00:00+00:00,2.945,3.0,2.93,2.995,898.0,,,,,,,,,,,,,,,2.6653962830613196,2.6001851471339084,2.5870896807026043,2.5669568886024043,2.5002726776828723,,2.6001851471339084,,,2.5839801354366214,"rgba(38, 166, 154, 1.0)",0.11171202521021895,2.5617860693841314,3.877952528392978,82.39718351537604,26.302555682408197,True,False,True,False,True,20.0,0.0,0.0,0.0,0.0,0,1.0653409090909092,0.856060606060606,False,False,False,False,0.3428281304559864,0.33061497821674013,False,False,False,False,22634.0,-8776.767113851209,False,False,False,False,1721.0347966778506,False,False,False,False
2025-05-12 17:00:00+00:00,2.995,3.03,2.97,2.975,3521.0,,,,,,,,,,,,,,,2.687757750353616,2.6126493744103536,2.598653245663879,2.576765833841687,2.5078278975460724,,2.6126493744103536,,,2.5967308203631214,"rgba(38, 166, 154, 1.0)",0.12208393213883044,2.593429343106226,3.1254781051765477,82.90353056826882,26.87593966404802,True,False,True,False,True,20.0,0.0,0.0,0.0,0.0,0,1.0719016083254493,0.8514664143803214,False,False,False,False,0.34282813495451236,0.33672155658562625,False,False,False,False,19113.0,-8344.36762371398,False,False,False,False,1748.9412339386593,False,False,False,False
2025-05-12 18:00:00+00:00,2.975,2.99,2.945,2.955,419.0,,,,,,,,,,,,,,,2.689987128247704,2.613973031973671,2.5998894093472154,2.57782535934202,2.5086597857261173,,2.613973031973671,,,2.5980669429273453,"rgba(38, 166, 154, 1.0)",0.13030103744925625,2.594284195793105,2.768326417564944,81.62643954328065,26.87593966404802,True,False,True,False,True,20.0,0.0,0.0,0.0,0.0,0,1.0654648956356736,0.8614800759013282,False,False,False,False,0.30432224142203873,0.3205218990038325,False,False,False,False,18694.0,-7925.168125671903,False,False,False,False,1728.3219900016256,False,False,False,False
2025-05-12 19:00:00+00:00,2.955,2.99,2.945,2.985,1817.0,,,,,,,,,,,,,,,2.6995905614624136,2.619760381121205,2.605299353137839,2.582471054826135,2.5123109744583263,,2.619760381121205,,,2.603886465001184,"rgba(38, 166, 154, 1.0)",0.1391673436893214,2.598440321507257,2.77766082361752,81.3942465302694,26.87593966404802,True,False,True,False,True,20.0,0.0,0.0,0.0,0.0,0,1.060952380952381,0.8666666666666665,False,False,False,False,0.30432224142203873,0.3124220702129356,False,False,False,False,20511.0,-7484.297302018075,False,False,False,False,1729.6968428698174,False,False,False,False
2025-05-13 14:00:00+00:00,2.915,2.95,2.915,2.94,409.0,,,,,,,,,,,,,,,2.7013729428534403,2.620899023261564,2.6063709752188706,2.5834006885968868,2.5130572654959455,,2.620899023261564,,,2.6050201790853413,"rgba(38, 166, 154, 0.75)",0.14566102819603924,2.5991498196618394,2.3400231658355737,77.7251059413748,26.87593966404802,True,False,True,False,False,19.93160604080822,0.0,0.0,0.0,0.0,0,1.0435193945127719,0.8675496688741718,False,False,False,False,0.2638083589014164,0.28811521455717604,False,False,False,False,20102.0,-7056.602770203841,False,False,False,False,1709.220922825324,False,False,False,False
2025-05-13 15:00:00+00:00,2.935,2.99,2.91,2.99,2838.0,,,,,,,,,,,,,,,2.714448616705067,2.629271658970294,2.6142441045648006,2.590227813797994,2.5185068943949283,,2.629271658970294,,,2.6133398176866165,"rgba(38, 166, 154, 0.75)",0.1534129151098915,2.6052762674740517,2.5077662610763007,76.66133620889435,32.01706055539785,True,False,True,False,False,20.0,0.0,0.0,0.0,0.0,0,1.0413533834586468,0.8637218045112781,False,False,False,False,0.2839518041285768,0.2860335093428764,False,False,False,False,22940.0,-6591.539161363471,False,False,False,False,1726.7213736342335,False,False,False,False
2025-05-13 16:00:00+00:00,2.985,3.0,2.965,2.985,4450.0,,,,,,,,,,,,,,,2.7339657515998717,2.6423445788597375,2.626581920479556,2.601000414649867,2.527163785887671,,2.6423445788597375,,,2.6262112902953407,"rgba(38, 166, 154, 0.75)",0.16038686338331526,2.615438397543799,2.3041887263108967,75.56681826692808,30.72242491411444,True,False,True,False,False,20.0,0.0,0.0,0.0,0.0,0,1.0463137996219283,0.8714555765595464,False,False,False,False,0.3219792176790505,0.30400636351096344,False,False,False,False,18490.0,-6202.678089094269,False,False,False,False,1768.942747686416,False,False,False,False
2025-05-13 17:00:00+00:00,2.99,3.0,2.98,2.985,663.0,,,,,,,,,,,,,,,2.7366871604539833,2.644237474384893,2.62837464308672,2.602575411890495,2.528439877630915,,2.644237474384893,,,2.6280629134894014,"rgba(38, 166, 154, 0.75)",0.1663606740605069,2.6169208973795106,2.2125367350135616,74.83713963895056,29.73141455548425,True,False,True,False,False,20.0,0.0,0.0,0.0,0.0,0,1.0562977099236643,0.8692748091603051,False,False,False,False,0.33088040247912615,0.3174433829950448,False,False,False,False,18490.0,-5819.845870658699,False,False,False,False,1751.7963484974791,False,False,False,False
2025-05-13 18:00:00+00:00,2.98,2.99,2.97,2.99,645.0,,,,,,,,,,,,,,,2.7392278740450906,2.6460327368737855,2.6300777350462314,2.6040757042612026,2.52966114182012,,2.6460327368737855,,,2.6298150384092858,"rgba(38, 166, 154, 0.75)",0.17193173797328667,2.6183174256034634,2.161803159660294,74.5215295560133,29.084342176561663,True,False,True,False,False,20.0,0.0,0.0,0.0,0.0,0,1.0576368876080693,0.8645533141210376,False,False,False,False,0.3190231468026548,0.31823326489884984,False,False,False,False,19135.0,-5432.949035454688,False,False,False,False,1734.6367151874406,False,False,False,False
2025-05-13 19:00:00+00:00,2.985,2.99,2.945,2.95,8957.0,,,,,,,,,,,,,,,2.7670653560982883,2.667649052785572,2.6507910587589842,2.62262724610148,2.5451884124850364,,2.667649052785572,,,2.6506642252458716,"rgba(38, 166, 154, 0.75)",0.17595932679081583,2.634922805839452,1.7906251399513398,70.67377753546205,25.226716983812977,True,False,True,False,False,18.837398474136194,0.0,0.0,0.0,0.0,0,1.0459770114942528,0.8668582375478925,False,False,False,False,0.30432224142203873,0.31127775316044426,False,False,False,False,10178.0,-5190.918817850739,False,False,False,False,1846.611339758178,False,False,False,False
2025-05-14 14:00:00+00:00,2.865,2.875,2.82,2.84,5746.0,,,,,,,,,,,,,,,2.772857182889711,2.6751128786935507,2.6582737560404284,2.629789663877008,2.551945465337784,,2.6751128786935507,,,2.6575957893676962,"rgba(38, 166, 154, 0.5)",0.17687061999158787,2.6399365432225417,1.131128826183644,61.52523136684711,16.80458902391915,False,False,True,False,False,11.4368698023079,0.0,0.0,0.0,0.0,0,1.031954887218045,0.8787593984962405,False,False,False,False,0.16858307700032285,0.23993041508038354,False,False,False,False,4432.0,-5041.7262780391,False,False,False,False,1907.066977901462,False,False,False,False
2025-05-14 15:00:00+00:00,2.845,2.85,2.825,2.85,1031.0,,,,,,,,,,,,,,,2.7737626517249745,2.676361148265534,2.6595328915970207,2.631007117060882,2.5531123542540755,,2.676361148265534,,,2.6587552325804973,"rgba(38, 166, 154, 0.5)",0.17804873307986177,2.640817797430508,1.174859258760722,56.014286283999496,12.09847179665492,False,True,True,False,False,11.898514243817239,0.0,0.0,0.0,0.0,0,1.0290806754221389,0.8846153846153846,False,False,False,False,0.15760787915938743,0.19876914711988547,False,False,False,False,5463.0,-4878.862304736168,False,False,False,False,1893.4845441355478,False,False,False,False
2025-05-14 16:00:00+00:00,2.845,2.85,2.825,2.835,470.0,,,,,,,,,,,,,,,2.7741377502040545,2.676906981854712,2.6600855710824174,2.631544421468462,2.5536320247063777,,2.676906981854712,,,2.659261349863205,#000000,0.17873295294505998,2.6412030524510426,1.084282133516408,51.593027074221126,8.391060914921539,False,True,False,False,False,10.943128673342933,0.0,0.0,0.0,0.0,0,1.0426136363636365,0.881628787878788,False,False,False,False,0.15760787915938743,0.17818851313963646,False,False,False,False,4993.0,-4725.810175980569,False,False,False,False,1871.4150163194927,False,False,False,False
2025-05-14 17:00:00+00:00,2.83,2.865,2.805,2.86,344.0,,,,,,,,,,,,,,,2.7744384371486683,2.6773207084941246,2.6605030942493104,2.631948630174987,2.554020104155309,,2.6773207084941246,,,2.6596461948444796,#000000,0.1801694647714441,2.6415008455939706,1.2127424293745266,50.27607888408858,7.390749120123019,False,True,False,False,False,12.11886350064113,0.0,0.0,0.0,0.0,0,1.0404896421845573,0.8709981167608284,False,False,False,False,0.15487005402273862,0.16652928358118754,False,False,False,False,5337.0,-4569.797615112653,False,False,False,False,1847.7341633532988,False,False,False,False
2025-05-14 18:00:00+00:00,2.855,2.86,2.825,2.835,125.0,,,,,,,,,,,,,,,2.77454179699324,2.6774675277791813,2.6606515821332763,2.6320928163134054,2.554159242205451,,2.6774675277791813,,,2.6597825930849104,"rgba(239, 83, 80, 1.0)",0.18074238797471792,2.641606135948573,1.0699972829753612,48.005442477542566,5.265236837804018,False,True,False,True,False,10.517200802808194,0.0,0.0,0.0,0.0,0,1.0433145009416196,0.8738229755178908,False,False,False,False,0.1630906098521384,0.164809946716663,False,False,False,False,5212.0,-4418.141838134163,False,False,False,False,1821.0251065571235,False,False,False,False
2025-05-14 19:00:00+00:00,2.835,2.855,2.825,2.84,2007.0,,,,,,,,,,,,,,,2.776157820284151,2.679789089744502,2.6630025058073334,2.6343808053779596,2.556374848091619,,2.679789089744502,,,2.661941013861113,"rgba(239, 83, 80, 1.0)",0.18103921729335576,2.643293315098604,1.0865418434871632,46.85633579411288,4.03352848781212,False,True,False,True,False,10.758235874140173,0.0,0.0,0.0,0.0,0,1.0443396226415094,0.8745283018867924,False,False,False,False,0.16034804969651775,0.16257899820659039,False,False,False,False,7219.0,-4237.721034442161,False,False,False,False,1823.9084382384083,False,False,False,False
2025-05-15 14:00:00+00:00,2.845,2.845,2.8,2.805,1239.0,,,,,,,,,,,,,,2.8166666666666664,2.776765938885793,2.680985509597951,2.6642360004319183,2.6356108499942814,2.5576144425183314,,2.680985509597951,,,2.6886465680158236,"rgba(239, 83, 80, 1.0)",0.18103921729335584,2.6561740696223213,0.8220645924276254,44.126291198116164,1.2365355770672934,False,True,False,True,False,8.528051986839163,0.0,0.0,0.0,0.0,0,1.0338345864661656,0.8796992481203006,False,False,False,False,0.14121457660262143,0.1518967874046059,False,False,False,False,5980.0,-4079.306754838407,False,False,False,False,1814.8400903587428,False,False,False,False
2025-05-15 15:00:00+00:00,2.805,2.845,2.805,2.835,725.0,,,,,,,,,,,,,,2.820973353699932,2.7772149757583766,2.681735310770152,2.665003181256381,2.6363688261056684,2.5583667507372145,,2.681735310770152,,,2.689943733054621,"rgba(239, 83, 80, 1.0)",0.1814507850282829,2.656912951850232,0.9814619877340802,44.61829904332621,1.2365355770672934,False,True,False,True,False,10.006353008671908,0.0,0.0,0.0,0.0,0,1.0318352059925093,0.8820224719101123,False,False,False,False,0.1439413305956768,0.14791905900014135,False,False,False,False,6705.0,-3912.108200499827,False,False,False,False,1797.9433447717854,False,False,False,False
2025-05-15 16:00:00+00:00,2.835,2.85,2.83,2.845,1221.0,,,,,,,,,,,,,,2.8289063317634744,2.7781465041035354,2.683094273751116,2.6663832940915526,2.6377197099934073,2.5596864456678357,,2.683094273751116,,,2.6923227598951534,"rgba(239, 83, 80, 1.0)",0.18211685685169932,2.658292762819417,1.025205686108574,45.68398594193215,1.2365355770672934,False,True,False,True,False,10.494302886274475,0.0,0.0,0.0,0.0,0,1.0375234521575984,0.8818011257035646,False,False,False,False,0.16034804969651775,0.15413355434832954,False,False,False,False,7926.0,-3728.571639251768,False,False,False,False,1788.998486713308,False,False,False,False
2025-05-15 17:00:00+00:00,2.845,2.855,2.83,2.835,1338.0,,,,,,,,,,,,,,2.8321880757609255,2.779110870291392,2.6845418054281893,2.6678569555637317,2.6391678393268303,2.561110086252599,,2.6845418054281893,,,2.693995938770611,"rgba(239, 83, 80, 1.0)",0.18240058380653776,2.6595135673682893,0.9620935907630619,45.69689738916654,1.2365355770672934,False,True,False,True,False,9.844321363884141,0.0,0.0,0.0,0.0,0,1.0366886171213545,0.8833490122295389,False,False,False,False,0.1630906098521384,0.15861208210023398,False,False,False,False,6588.0,-3568.6247921315853,False,False,False,False,1782.0062621131017,False,False,False,False
2025-05-15 18:00:00+00:00,2.835,2.84,2.825,2.835,991.0,,,,,,,,,,,,,,2.832393906420022,2.779729866718889,2.685551587410288,2.6688907591279216,2.640191949459252,2.562130246582112,,2.685551587410288,,,2.6948147192864145,"rgba(239, 83, 80, 1.0)",0.18256300899208777,2.6602609400792354,0.957143842476532,45.70550502065613,1.1682971872004018,False,True,False,True,False,9.844321363884141,0.0,0.0,0.0,0.0,0,1.032925682031985,0.8842897460018816,False,False,False,False,0.15213453028487695,0.15537330619255546,False,False,False,False,6588.0,-3411.1577410907853,False,False,False,False,1769.7425991346038,False,False,False,False
2025-05-15 19:00:00+00:00,2.835,2.84,2.815,2.83,1393.0,,,,,,,,,,,,,,2.831574972250374,2.780497475491864,2.686900787109582,2.670278749890637,2.641576562535771,2.56352517539075,,2.686900787109582,,,2.6957256204448297,"rgba(239, 83, 80, 1.0)",0.1826671269803962,2.661207694801955,0.9240431378556672,45.30052086493274,0.23591064402870643,False,True,False,True,False,9.509826926014014,0.0,0.0,0.0,0.0,0,1.0378429517502366,0.8845789971617787,False,False,False,False,0.14667021205279338,0.1510217591226744,False,False,False,False,5195.0,-3277.7289389033313,False,False,False,False,1763.9016286053852,False,False,False,False
2025-05-16 14:00:00+00:00,2.825,2.85,2.82,2.84,611.0,,,,,,,,,,,,,,2.8319887824776093,2.780883898378241,2.687518960376865,2.6709116556371093,2.6422042880514534,2.5641515291403643,,2.687518960376865,,,2.6962765190102735,"rgba(239, 83, 80, 1.0)",0.18278619420729164,2.661690582218733,0.975508126062586,46.08832313981908,0.23591064402870643,False,True,False,True,False,10.032543062828566,0.0,0.0,0.0,0.0,0,1.0396600566572238,0.875354107648725,False,False,False,False,0.15487005402273862,0.1529459065727065,False,False,False,False,5806.0,-3136.8959320986282,False,False,False,False,1746.027184751038,False,False,False,False
2025-05-16 15:00:00+00:00,2.835,2.85,2.815,2.85,310.0,,,,,,,,,,,,,,2.8322400357690345,2.7810837269840563,2.6878341355552857,2.671234142542619,2.6425239482234675,2.56447015874682,,2.6878341355552857,,,2.696564357970214,#000000,0.18310263945822725,2.6619401533296974,1.0270733793174316,47.66771015724353,0.23591064402870643,False,True,False,False,True,10.557394972371721,0.0,0.0,0.0,0.0,1,1.0406811731315044,0.8779564806054871,False,False,False,False,0.15213453028487695,0.15254021842879173,False,False,False,False,6116.0,-2993.4401812133783,False,False,False,False,1723.7631973905568,False,False,False,False
2025-05-16 16:00:00+00:00,2.845,2.85,2.825,2.835,1.0,,,,,,,,,,,,,,2.8322406011836336,2.781084350642551,2.6878351388823343,2.6712351704568986,2.6425249689366974,2.564471179138067,,2.6878351388823343,,,2.6965652348733635,"rgba(239, 83, 80, 0.75)",0.1829285785897269,2.6619409353425114,0.9460471731190033,47.15287619838642,0.23591064402870643,False,True,False,True,True,9.512370689333189,0.0,0.0,0.0,0.0,1,1.0369668246445498,0.8815165876777251,False,False,False,False,0.15760787915938743,0.1550740487940896,False,False,False,False,6115.0,-2852.224054372861,False,False,False,False,1697.0536904542691,False,False,False,False
2025-05-16 17:00:00+00:00,2.835,2.87,2.835,2.855,34.0,,,,,,,,,,,,,,2.8323318071982704,2.781111902465287,2.6878730631583907,2.6712736321807657,2.642562645542139,2.5645079918987777,,2.6878730631583907,,,2.696610173740605,#000000,0.18135272485078321,2.6619745482620933,1.0643647725543013,48.99859011886005,0.23591064402870643,False,True,False,False,True,10.582861440966532,0.0,0.0,0.0,0.0,1,1.0387890255439924,0.8760643330179754,False,False,False,False,0.17408563885188252,0.16457984382298607,False,False,False,False,6149.0,-2712.670193064754,False,False,False,False,1671.2699123076914,False,False,False,False
2025-05-16 18:00:00+00:00,2.855,2.885,2.855,2.88,1103.0,,,,,,,,,,,,,,2.837375827199048,2.782238859160288,2.6892415950832684,2.6726487307473192,2.6438929479809063,2.56577951851603,,2.6892415950832684,,,2.6985295797811433,"rgba(38, 166, 154, 0.5)",0.18030771995083014,2.677870819943684,1.1210234376622168,52.53656176744208,-1.2393783002098075,False,True,True,False,True,11.898531686152431,0.0,0.0,0.0,0.0,1,1.0408357075023742,0.8793922127255459,False,False,False,False,0.19342936346981143,0.17900460364639875,False,False,False,False,7252.0,-2558.179182319564,False,False,False,False,1662.4595260703627,False,False,False,False
2025-05-16 19:00:00+00:00,2.875,2.88,2.85,2.85,2700.0,,,,,,,,,,,,,,2.842612006400366,2.784497387793448,2.692271295517471,2.6757186278020186,2.6469000034357175,2.568715264689289,,2.692271295517471,,,2.7017857642730516,"rgba(38, 166, 154, 0.5)",0.17845071492614095,2.679917192875938,0.9531080174963589,51.61749449121333,-1.2393783002098075,False,True,True,False,True,9.778289630910745,0.0,0.0,0.0,0.0,0,1.0341555977229602,0.881404174573055,False,False,False,False,0.18788859319500828,0.18344659842070352,False,False,False,False,4552.0,-2447.943846159571,False,False,False,False,1678.5454248909773,False,False,False,False
2025-05-19 14:00:00+00:00,2.85,2.875,2.835,2.87,752.0,,,,,,,,,,,,,,2.843664975573093,2.7851032585304787,2.693096075713189,2.6765558200275072,2.6477226819718807,2.5695225222901144,,2.693096075713189,,,2.7026108890177105,"rgba(38, 166, 154, 0.5)",0.17673635375533794,2.680557698923372,1.0718920983222247,52.84776802799162,-0.9048022694257867,False,True,True,False,True,10.843164567802557,0.0,0.0,0.0,0.0,0,1.0311614730878185,0.8810198300283285,False,False,False,False,0.1768408182687614,0.18014370834473248,False,False,False,False,5304.0,-2327.7586702501203,False,False,False,False,1664.1803795438304,False,False,False,False
2025-05-19 15:00:00+00:00,2.875,2.88,2.85,2.85,48.0,,,,,,,,,,,,,,2.8437278731482967,2.785141601163242,2.69314844594359,2.6766089996396434,2.647774977759529,2.569573897482381,,2.69314844594359,,,2.7026626325227805,#000000,0.17466395018860864,2.680598586463974,0.9698705047784619,51.63619106731664,-0.9048022694257867,False,True,False,False,True,9.436436213842263,0.0,0.0,0.0,0.0,0,1.0348399246704332,0.8794726930320151,False,False,False,False,0.18788859319500828,0.18401615076987038,False,False,False,False,5256.0,-2210.181016447793,False,False,False,False,1639.1233193958642,False,False,False,False
2025-05-19 16:00:00+00:00,2.85,2.86,2.85,2.85,116.0,,,,,,,,,,,,,,2.843816430880093,2.785225862919921,2.693269820325904,2.6767327225652258,2.647897286225268,2.569695130934404,,2.693269820325904,,,2.7027728756418026,#000000,0.17248841193612272,2.6806817409495136,0.9816210674673599,50.82847309353332,-0.9048022694257867,False,True,False,False,False,9.436436213842263,0.0,0.0,0.0,0.0,1,1.0347744360902256,0.8806390977443608,False,False,False,False,0.1768408182687614,0.1804284845193159,False,False,False,False,5256.0,-2094.426272006742,False,False,False,False,1615.509004366471,False,False,False,False
2025-05-19 17:00:00+00:00,2.85,2.86,2.85,2.85,35.0,,,,,,,,,,,,,,2.8438428311008956,2.785251245847177,2.693306405793883,2.6767700187455747,2.647934161063844,2.5697316896524214,,2.693306405793883,,,2.702806058700633,#000000,0.17164461504476983,2.6807069141679762,0.9863000117298604,50.28999444434444,-0.9048022694257867,False,True,False,False,False,9.436436213842253,0.0,0.0,0.0,0.0,1,1.0347091932457786,0.8808630393996246,False,False,False,False,0.1768408182687614,0.17863465139403867,False,False,False,False,5256.0,-1980.4661747663272,False,False,False,False,1591.0049887948978,False,False,False,False
2025-05-19 18:00:00+00:00,2.85,2.86,2.84,2.86,22.0,,,,,,,,,,,,,,2.8438593506870267,2.785267191148396,2.6933293938147376,2.6767934539969827,2.6479573327590122,2.569754664594741,,2.6933293938147376,,,2.702826897833482,#000000,0.170057012167628,2.680722756200098,1.054218473644506,51.162578071978146,-0.9048022694257867,False,True,False,False,False,10.002277249744239,0.0,0.0,0.0,0.0,1,1.0327102803738315,0.881308411214953,False,False,False,False,0.1713330735524844,0.17498386247326153,False,False,False,False,5278.0,-1867.9318154676243,False,False,False,False,1566.6793300538916,False,False,False,False
2025-05-19 19:00:00+00:00,2.86,2.86,2.85,2.86,592.0,,,,,,,,,,,,,,2.8444323936210414,2.7857143537227858,2.6939583455291687,2.6774336106735914,2.6485889931238975,2.5703787553109274,,2.6939583455291687,,,2.7034177419969017,#000000,0.1691259991946745,2.681190554599476,1.0572558107680596,51.74430049040062,-0.9048022694257867,False,True,False,False,False,10.002277249744239,0.0,0.0,0.0,0.0,1,1.034514925373134,0.8815298507462683,False,False,False,False,0.1768408182687614,0.17591234037101147,False,False,False,False,5278.0,-1757.1421749177387,False,False,False,False,1551.5680226111956,False,False,False,False
2025-05-20 14:00:00+00:00,2.82,2.825,2.805,2.815,505.0,,,,,,,,,,,,,,2.84335032032615,2.7858699792699233,2.6943546348041436,2.677849986314807,2.6490175156799753,2.5708318174260874,,2.6943546348041436,,,2.703545708970181,"rgba(239, 83, 80, 1.0)",0.1681422606598748,2.6812179345855975,0.7956480713972459,46.96565658325575,0.3491543453434076,False,True,False,True,False,6.698532353205039,0.0,0.0,0.0,0.0,1,1.028624192059095,0.8827331486611262,False,False,False,False,0.13304665047102038,0.1544794954210159,False,False,False,False,4773.0,-1655.8996605779287,False,False,False,False,1535.3421617955182,False,False,False,False
2025-05-20 15:00:00+00:00,2.815,2.815,2.785,2.805,2870.0,,,,,,,,,,,,,,2.836146172066321,2.786333064354127,2.6963148777548644,2.679943788777788,2.651219259892116,2.5732362249304983,,2.6963148777548644,,,2.7038655646292855,"rgba(239, 83, 80, 1.0)",0.16729399056533015,2.6813253944219184,0.7392650815498686,42.92897823209688,-3.2630867231307192,False,True,False,True,False,5.984791063875036,0.0,0.0,0.0,0.0,0,1.024793388429752,0.8852157943067034,False,False,False,False,0.11676249409310069,0.1356209947570583,False,False,False,False,1903.0,-1600.7229216542396,False,False,False,False,1556.034531380084,False,False,False,False
2025-05-20 16:00:00+00:00,2.805,2.825,2.805,2.825,491.0,,,,,,,,,,,,,,2.8356346142598112,2.786492753475893,2.6966950072014564,2.6803430018957193,2.6516306129713088,2.573672209642846,,2.6966950072014564,,,2.7040780332411725,"rgba(239, 83, 80, 1.0)",0.16657839103663438,2.681524921589093,0.8613066647963581,43.12817043012867,-3.2630867231307192,False,True,False,True,False,7.193718994000303,0.0,0.0,0.0,0.0,0,1.034386617100372,0.8819702602230483,False,False,False,False,0.13304665047102038,0.13433382261403934,False,False,False,False,2394.0,-1538.7892329464219,False,False,False,False,1539.5223681028735,False,False,False,False
2025-05-20 17:00:00+00:00,2.825,2.825,2.805,2.82,1064.0,,,,,,,,,,,,,,2.8345233375548333,2.7868155599796234,2.6974995010640463,2.681189890933719,2.652506262414707,2.574605289275287,,2.6974995010640463,,,2.7045233068703696,"rgba(239, 83, 80, 1.0)",0.16601020266050195,2.681954752697234,0.8315467669482598,42.73742091751997,-3.345099801948834,False,True,False,True,False,6.828063745115223,0.0,0.0,0.0,0.0,0,1.034418604651163,0.8809302325581395,False,False,False,False,0.13304665047102038,0.13369023654252987,False,False,False,False,1330.0,-1494.31188049764,False,False,False,False,1532.149928287325,False,False,False,False
2025-05-20 18:00:00+00:00,2.815,2.82,2.78,2.805,1544.0,,,,,,,,,,,,,,2.831948828554512,2.787042590759077,2.6985033652695853,2.682266273570348,2.653645933850952,2.5758635134148977,,2.6985033652695853,,,2.7048784175698954,"rgba(239, 83, 80, 1.0)",0.165231151219517,2.682339002040023,0.7423600032721217,40.958624966875476,-5.121721692380021,False,True,False,True,False,5.72866276855693,0.0,0.0,0.0,0.0,0,1.0296570898980537,0.8813716404077848,False,False,False,False,0.11676249409310069,0.12522636531781528,False,False,False,False,-214.0,-1474.4620839007773,False,False,False,False,1532.333650329382,False,False,False,False
2025-05-20 19:00:00+00:00,2.805,2.85,2.8,2.84,3293.0,,,,,,,,,,,,,,2.8316697828796706,2.7883989497537396,2.701151666381257,2.685028694350279,2.6564736510657077,2.578831921615364,,2.701151666381257,,,2.706925777674336,"rgba(239, 83, 80, 0.75)",0.16492236775944305,2.684346764258714,0.9437969988905481,44.40044279425195,-5.121721692380021,False,True,False,True,True,7.875914372986916,0.0,0.0,0.0,0.0,0,1.034101382488479,0.8755760368663591,False,False,False,False,0.1439413305956768,0.13458384795674605,False,False,False,False,3079.0,-1403.8657725224705,False,False,False,False,1559.6308030374535,False,False,False,False
2025-05-21 14:00:00+00:00,2.815,2.82,2.795,2.82,225.0,,,,,,,,,,,,,,2.8314759792734217,2.7884490390809886,2.7013035348198997,2.685190282834469,2.6566434902584497,2.5790175945976914,,2.7013035348198997,,,2.7070133201441533,"rgba(239, 83, 80, 0.75)",0.16430108595758114,2.684438961696057,0.8250769464721709,44.56189374531391,-5.121721692380021,False,True,False,True,True,6.4045710182867595,0.0,0.0,0.0,0.0,0,1.032198712051518,0.8776448942042316,False,False,False,False,0.1231907745425933,0.12888731124966968,False,False,False,False,2854.0,-1337.8523496926648,False,False,False,False,1538.9388526027642,False,False,False,False
2025-05-21 15:00:00+00:00,2.82,2.83,2.81,2.83,74.0,,,,,,,,,,,,,,2.8314501151793507,2.788473720106064,2.7013586619212444,2.685248231372727,2.6567034649188908,2.5790816547081223,,2.7013586619212444,,,2.707052641367733,"rgba(239, 83, 80, 0.75)",0.16328000600304376,2.6844784913806627,0.8912389960141514,45.87445492633047,-8.157113868725382,False,True,False,True,True,7.020327083544387,0.0,0.0,0.0,0.0,0,1.0341013824884793,0.8764976958525342,False,False,False,False,0.1302247724158856,0.12955604183277764,False,False,False,False,2928.0,-1271.7151039609955,False,False,False,False,1516.226622329853,False,False,False,False
2025-05-21 16:00:00+00:00,2.825,2.845,2.825,2.825,510.0,,,,,,,,,,,,,,2.8314547542039454,2.7886833108155265,2.701763106272226,2.685670310539346,2.6571362459845145,2.579537269881691,,2.701763106272226,,,2.7073741662828748,"rgba(239, 83, 80, 0.75)",0.1622213480580144,2.6847951302748085,0.864281251534483,46.17429911005809,-7.694309570194811,False,True,False,True,True,6.64639351303693,0.0,0.0,0.0,0.0,0,1.0345794392523366,0.8822429906542057,False,False,False,False,0.14725771871062426,0.13840688027170095,False,False,False,False,2418.0,-1214.510218628267,False,False,False,False,1500.6262095805528,False,False,False,False
2025-05-21 17:00:00+00:00,2.825,2.83,2.765,2.785,508.0,,,,,,,,,,,,,,2.830658304201796,2.7887056781239163,2.702045330906517,2.68597856759062,2.6574709910380645,2.579920715898833,,2.702045330906517,,,2.707463264626624,"rgba(239, 83, 80, 1.0)",0.1606833661090589,2.6849102220613137,0.6229006795311569,42.59255254497615,-7.694309570194811,False,True,False,True,False,3.7168199245152813,0.0,0.0,0.0,0.0,0,1.021355617455896,0.8848653667595171,False,False,False,False,0.10481243814958521,0.12160965921064308,False,False,False,False,1910.0,-1166.0681997348054,False,False,False,False,1485.236655943645,False,False,False,False
2025-05-21 18:00:00+00:00,2.785,2.8,2.75,2.75,3286.0,,,,,,,,,,,,,,2.823039865705349,2.7880406381624065,2.703308458895214,2.6874457700650756,2.659179846807159,2.582062374140139,,2.703308458895214,,,2.7071794922958907,"rgba(239, 83, 80, 1.0)",0.15887342687107717,2.684932310618846,0.4095567815375138,37.92852462216236,-7.732590915194791,False,True,False,True,False,1.273267097154708,0.0,0.0,0.0,0.0,0,1.0139017608897127,0.8971269694161259,False,False,False,False,0.0795342997642994,0.10057197948747124,False,False,False,False,-1376.0,-1169.322956328064,False,False,False,False,1513.1554674794024,False,False,False,False
2025-05-21 19:00:00+00:00,2.75,2.76,2.735,2.74,1560.0,,,,,,,,,,,,,,2.818865036635689,2.7874327635740337,2.7036917819387716,2.6879383558637637,2.6598127417842585,2.582944680289771,,2.7036917819387716,,,2.706780893347714,"rgba(239, 83, 80, 1.0)",0.15691858220566232,2.6847251606341747,0.3522517128875193,34.26300862971827,-10.967581121098085,False,True,False,True,False,0.5891670327464347,0.0,0.0,0.0,0.0,0,1.0130475302889097,0.9049394221808014,False,False,False,False,0.0487727497632488,0.07467236462536002,False,False,False,False,-2936.0,-1196.7132980904198,False,False,False,False,1513.8817393014272,False,False,False,False
2025-05-22 14:00:00+00:00,2.705,2.72,2.7,2.72,62.0,,,,,,,,,,,,,,2.8186411388290042,2.787391194194612,2.703695303800675,2.687946991053049,2.6598284238434373,2.5829727353598164,,2.703695303800675,,,2.7067459645134324,"rgba(239, 83, 80, 1.0)",0.1543410871128131,2.684700614976411,0.2287102267057876,30.777690599146883,-14.019607255193577,False,True,False,True,False,0.0,0.0,0.0,0.0,0.0,0,1.006505576208178,0.9052044609665426,False,False,False,False,0.00696208092840238,0.0408172227768812,False,False,False,False,-2998.0,-1224.6402237014208,False,False,False,False,1491.371944893653,False,False,False,False
2025-05-22 15:00:00+00:00,2.72,2.73,2.705,2.725,361.0,,,,,,,,,,,,,,2.8174374661979447,2.7871717818522908,2.7037299081684245,2.688010326865358,2.6599309061229106,2.5831441904207333,,2.7037299081684245,,,2.706570763271277,"rgba(239, 83, 80, 1.0)",0.15228062052467872,2.68458202171735,0.2654177409009177,29.25676676812139,-15.319239975198322,False,True,False,True,False,0.0,0.0,0.0,0.0,0.0,0,1.0083720930232554,0.9032558139534883,False,False,False,False,0.015317595285151548,0.02806740903101637,False,False,False,False,-2637.0,-1246.5372744967476,False,False,False,False,1473.8467984611934,False,False,False,False
2025-05-22 16:00:00+00:00,2.73,2.735,2.71,2.715,222.0,,,,,,,,,,,,,,2.816711735892102,2.7870375604179993,2.7037511155734046,2.6880491516188583,2.6599937553021014,2.583249415263414,,2.7037511155734046,,,2.7064654556779804,"rgba(239, 83, 80, 1.0)",0.14977586858638023,2.6845112769173562,0.20356231861916962,27.662727981624684,-16.829208302259296,False,True,False,True,False,0.0,0.0,0.0,0.0,0.0,0,1.0075258701787388,0.9162746942615237,False,False,False,False,0.020889054528957823,0.0244782317799871,False,False,False,False,-2859.0,-1271.5366965975732,False,False,False,False,1454.438320965671,False,False,False,False
2025-05-22 17:00:00+00:00,2.715,2.73,2.685,2.725,1176.0,,,,,,,,,,,,,,2.812787747724485,2.7862655753181875,2.7038168252746484,2.6882106688829377,2.66028775848816,2.5837770917411147,,2.7038168252746484,,,2.705857611238256,"rgba(239, 83, 80, 1.0)",0.14588475026662048,2.6840945454566265,0.2803956854202673,28.34952568137841,-16.829208302259296,False,True,False,True,False,0.0,0.0,0.0,0.0,0.0,0,1.0065913370998116,0.9114877589453859,False,False,False,False,0.004177183084188063,0.014327707432087581,False,False,False,False,-1683.0,-1277.915972619316,False,False,False,False,1450.1214477724047,False,False,False,False
2025-05-22 18:00:00+00:00,2.725,2.73,2.7,2.71,513.0,,,,,,,,,,,,,,2.8111678044133988,2.7859338593846985,2.70384520798814,2.6882804820356148,2.660414997030892,2.584005938464469,,2.70384520798814,,,2.7056080482195353,"rgba(239, 83, 80, 1.0)",0.1417458072532227,2.6839264746653084,0.18394565483063866,27.767472666987057,-17.04312115951106,False,True,False,True,False,0.0,0.0,0.0,0.0,0.0,0,1.0094339622641508,0.9094339622641506,False,False,False,False,0.012532243809935768,0.013429975621011675,False,False,False,False,-2196.0,-1292.149833508939,False,False,False,False,1435.5924330782589,False,False,False,False
2025-05-22 19:00:00+00:00,2.705,2.715,2.695,2.695,1027.0,,,,,,,,,,,,,,2.8077099091896764,2.785173494879208,2.703832277651918,2.688354540051248,2.660612141066686,2.5844205466918275,,2.703832277651918,,,2.7050171515884274,"rgba(239, 83, 80, 1.0)",0.13864537691727932,2.6835120485428203,0.0828585252001127,26.442909338487652,-18.5841291112102,False,True,False,True,False,0.0,0.0,0.0,0.0,0.0,0,1.007561436672968,0.9111531190926278,False,False,False,False,0.0013923500318470722,0.0074111628264293735,False,False,False,False,-3223.0,-1322.0854950049245,False,False,False,False,1429.2576666739446,False,False,False,False
2025-05-23 14:00:00+00:00,2.63,2.675,2.63,2.67,927.0,,,,,,,,,,,,,2.658333333333333,2.8035701117123577,2.7841487717585833,2.7035898209731415,2.6882053673527735,2.6606023531628535,2.584654891914662,,2.7035898209731415,,,2.697586378601101,"rgba(239, 83, 80, 1.0)",0.13525624662930055,2.6860266371924255,-0.11849092069181917,24.24891978182637,-20.896162733065268,False,True,False,True,False,0.0,0.0,0.0,0.0,0.0,0,1.0066100094428703,0.9131255901794142,False,False,False,False,-0.057150794700072005,-0.024869815936821315,False,False,False,False,-4150.0,-1365.929130741282,False,False,False,False,1421.4707261053563,False,False,False,False
2025-05-23 15:00:00+00:00,2.675,2.68,2.655,2.655,48.0,,,,,,,,,,,,,2.6585794871794874,2.803369157436984,2.7840982530722256,2.7035787161819167,2.6881989696761845,2.660602960409997,2.584667806560086,,2.7035787161819167,,,2.6975850500738403,"rgba(239, 83, 80, 1.0)",0.13262294992511964,2.686006310210554,-0.23379294630424616,22.12176986221513,-23.08034256184374,False,True,False,True,False,0.0,0.0,0.0,0.0,0.0,0,1.0084745762711862,0.9058380414312616,False,False,False,False,-0.040401764006976947,-0.03263578997189913,False,False,True,False,-4198.0,-1409.8372062336653,False,False,False,False,1400.1766063207772,False,False,True,False
2025-05-23 16:00:00+00:00,2.655,2.675,2.655,2.67,141.0,,,,,,,,,,,,,2.659601254480287,2.802796143250688,2.7839541878021707,2.70354883011385,2.688182712267982,2.660606918442802,2.5847073252986785,,2.70354883011385,,,2.6976281959509225,"rgba(239, 83, 80, 1.0)",0.12972187851615363,2.685965844394212,-0.12307749916081999,23.481421450323715,-23.08034256184374,False,True,False,True,False,0.0,0.0,0.0,0.0,0.0,0,1.0103773584905658,0.9084905660377358,False,False,False,False,-0.04319144323700716,-0.037913616604453144,False,False,False,False,-4057.0,-1450.8784898579495,False,False,False,False,1380.6544883933232,False,False,False,False
2025-05-23 17:00:00+00:00,2.665,2.685,2.665,2.675,201.0,,,,,,,,,,,,,2.661951404707669,2.802037047982111,2.7837639764680016,2.703515917307623,2.688168538824998,2.6606202988102776,2.584769315986205,,2.703515917307623,,,2.6978323571552694,"rgba(239, 83, 80, 0.75)",0.12680239290660417,2.6859675956740654,-0.08649360175831793,25.289518669675697,-23.08034256184374,False,True,False,True,True,0.0,0.0,0.0,0.0,0.0,0,1.0122873345935728,0.9064272211720225,False,False,False,False,-0.03203632215205281,-0.03497496937825298,False,False,False,False,-3856.0,-1488.1671954415472,False,False,False,False,1362.365271519008,False,False,False,False
2025-05-23 18:00:00+00:00,2.675,2.685,2.64,2.66,385.0,,,,,,,,,,,,,2.6618869956913436,2.8004579632226894,2.7833570523752242,2.70342370879928,2.6881140737182054,2.6606221587149155,2.58487030618928,,2.70342370879928,,,2.6975331798158484,"rgba(239, 83, 80, 0.75)",0.1243940266808172,2.685705376401181,-0.20664478100012162,25.43420541541806,-23.08034256184374,False,True,False,True,True,0.0,0.0,0.0,0.0,0.0,0,1.008498583569405,0.9074598677998111,False,False,False,False,-0.04598179447131823,-0.0404783819247856,False,False,False,False,-4241.0,-1530.8467738067945,False,False,False,False,1347.2123215729769,False,False,False,False
2025-05-23 19:00:00+00:00,2.655,2.675,2.65,2.66,1151.0,,,,,,,,,,,,,2.6617981072555206,2.7959420965842163,2.782156524099313,2.7031504486833255,2.68795257119008,2.660627679882188,2.585170651788576,,2.7031504486833255,,,2.6966854399261746,"rgba(239, 83, 80, 0.75)",0.12218683080273265,2.6849580251899363,-0.2042611714042263,25.53066324591297,-23.08034256184374,False,True,False,True,True,0.0,0.0,0.0,0.0,0.0,0,1.0037735849056604,0.9122641509433962,False,False,False,False,-0.045981794471318775,-0.043230088198052186,False,False,False,False,-4241.0,-1572.8646532826583,False,False,False,False,1344.1702700757214,False,False,False,False
2025-05-26 14:00:00+00:00,2.66,2.66,2.66,2.66,0.0,,,,,,,,,,,,,2.6617981072555206,2.7959420965842163,2.782156524099313,2.7031504486833255,2.68795257119008,2.660627679882188,2.585170651788576,,2.7031504486833255,,,2.6966854399261746,"rgba(239, 83, 80, 0.75)",0.1187406895354131,2.6849580251899363,-0.21018932337000382,25.59496846624291,-23.08034256184374,False,True,False,True,True,0.0,0.0,0.0,0.0,0.0,0,1.0037807183364837,0.9149338374291115,False,False,False,False,-0.04877286142082389,-0.04600147480943804,False,False,False,False,-4241.0,-1614.231092766648,False,False,False,False,1323.3304209272605,False,False,False,False
2025-05-26 15:00:00+00:00,2.66,2.66,2.66,2.66,0.0,,,,,,,,,,,,,2.6617981072555206,2.7959420965842163,2.782156524099313,2.7031504486833255,2.68795257119008,2.660627679882188,2.585170651788576,,2.7031504486833255,,,2.6966854399261746,"rgba(239, 83, 80, 0.75)",0.11532062628533055,2.6849580251899363,-0.2164229071058295,25.63783861312954,-23.08034256184374,False,True,False,True,True,0.0,0.0,0.0,0.0,0.0,0,1.0047483380816713,0.9164292497625832,False,False,False,False,-0.04877286142082389,-0.04738716811513097,False,False,False,False,-4241.0,-1654.9561921035993,False,False,False,False,1302.8136702152099,False,False,False,False
2025-05-26 16:00:00+00:00,2.66,2.66,2.66,2.66,0.0,,,,,,,,,,,,,2.6617981072555206,2.7959420965842163,2.782156524099313,2.7031504486833255,2.68795257119008,2.660627679882188,2.585170651788576,,2.7031504486833255,,,2.6966854399261746,"rgba(239, 83, 80, 0.75)",0.11068732847385344,2.6849580251899363,-0.2254822257800879,25.666418711053957,-23.08034256184374,False,True,False,True,True,0.0,0.0,0.0,0.0,0.0,0,1.0134874759152213,0.9142581888246627,False,False,False,False,-0.04877286142082389,-0.04808001476797743,False,False,False,False,-4241.0,-1695.0498945516056,False,False,False,False,1282.6150086614857,False,False,False,False
2025-05-26 17:00:00+00:00,2.66,2.66,2.66,2.66,0.0,,,,,,,,,,,,,2.6617981072555206,2.7959420965842163,2.782156524099313,2.7031504486833255,2.68795257119008,2.660627679882188,2.585170651788576,,2.7031504486833255,,,2.6966854399261746,"rgba(239, 83, 80, 0.75)",0.10777959659154185,2.6849580251899363,-0.2315653980829131,25.685472109670236,-23.08034256184374,False,True,False,True,True,0.0,0.0,0.0,0.0,0.0,0,1.0115942028985505,0.9140096618357487,False,False,False,False,-0.04877286142082389,-0.048426438094400656,False,False,False,False,-4241.0,-1734.5219892097202,False,False,False,False,1262.7295046512302,False,False,False,False
2025-05-26 18:00:00+00:00,2.66,2.66,2.66,2.66,0.0,,,,,,,,,,,,,2.6617981072555206,2.7959420965842163,2.782156524099313,2.7031504486833255,2.68795257119008,2.660627679882188,2.585170651788576,,2.7031504486833255,,,2.6966854399261746,"rgba(239, 83, 80, 0.75)",0.10709989443216762,2.6849580251899363,-0.23303501205356922,25.69817437541442,-23.08034256184374,False,True,False,True,True,0.0,0.0,0.0,0.0,0.0,0,1.0106485963213938,0.9138431752178121,False,False,False,False,-0.04877286142082389,-0.04859964975761227,False,False,False,False,-4241.0,-1773.3821134080192,False,False,False,False,1243.1523030287306,False,False,False,False
2025-05-26 19:00:00+00:00,2.66,2.66,2.66,2.66,0.0,,,,,,,,,,,,,2.6617981072555206,2.7959420965842163,2.782156524099313,2.7031504486833255,2.68795257119008,2.660627679882188,2.585170651788576,,2.7031504486833255,,,2.6966854399261746,"rgba(239, 83, 80, 0.75)",0.10652170611602096,2.6849580251899363,-0.23429990093054343,25.70664255257721,-23.08034256184374,False,True,False,True,True,0.0,0.0,0.0,0.0,0.0,0,1.0166015624999998,0.9140624999999999,False,False,False,False,-0.04877286142082389,-0.04868625558921808,False,False,False,False,-4241.0,-1811.639755060608,False,False,False,False,1223.878623912006,False,False,False,False
2025-05-27 14:00:00+00:00,2.705,2.75,2.695,2.725,1302.0,,,,,,,,,,,,,2.681080625752106,2.7933645518081267,2.781507320946215,2.7032987559282944,2.688195293344855,2.66100039108092,2.585779192954562,,2.7032987559282944,,,2.6991751616878683,"rgba(239, 83, 80, 0.5)",0.10526778380064995,2.6857491384623344,0.3728667985639051,39.338476728427054,-13.775507251591229,False,False,False,True,True,0.7938777594126414,0.0,0.0,0.0,0.0,0,1.0154142581888244,0.9007707129094411,False,False,False,False,0.020889054528957823,-0.01389860053013013,False,False,False,False,-2939.0,-1829.118208470521,False,False,False,False,1225.0898080374013,False,False,False,False
2025-05-27 15:00:00+00:00,2.725,2.75,2.715,2.74,2936.0,,,,,,,,,,,,,2.7034057255676207,2.789038741490588,2.780377987119685,2.7038154853442746,2.688908326587936,2.661979109887816,2.587246704249444,,2.7038154853442746,,,2.702110297178195,"rgba(38, 166, 154, 1.0)",0.10395715506921194,2.6868091626889377,0.5116611480532485,49.81814856953376,-4.914394458329454,True,False,True,False,True,1.9824962209800319,0.0,0.0,0.0,0.0,0,1.019212295869356,0.9010566762728145,False,False,False,False,0.03203621064530302,0.009068805057586445,False,False,False,False,-3.0,-1800.8062982616757,False,False,False,False,1251.6155474476743,False,False,False,False
2025-05-27 16:00:00+00:00,2.74,2.77,2.735,2.76,1924.0,,,,,,,,,,,,,2.714417082640044,2.787462061936747,2.779980474686294,2.7043564390880745,2.6895616103598976,2.6627784104696355,2.5883208970540106,,2.7043564390880745,,,2.703839568033529,"rgba(38, 166, 154, 1.0)",0.10226542043237451,2.687637408958678,0.7075958885748015,58.3428140771931,1.911228429057715,True,False,True,False,True,3.539822055621716,0.0,0.0,0.0,0.0,0,1.0212150433944065,0.9054966248794598,False,False,False,False,0.05435720592654494,0.03171300549206569,False,False,False,False,1921.0,-1743.1038750328123,False,False,False,False,1262.0401126035242,False,False,False,False
2025-05-27 17:00:00+00:00,2.76,2.785,2.75,2.785,753.0,,,,,,,,,,,,,2.718958845208845,2.7872104910538344,2.779939973837172,2.7046405725747635,2.689884434231828,2.663148954290258,2.58878340050506,,2.7046405725747635,,,2.7046523816716808,"rgba(38, 166, 154, 1.0)",0.10093647096647125,2.6880737689849843,0.9602696635511706,65.51645730131402,7.537383479717782,True,False,True,False,True,5.4323562615319645,0.0,0.0,0.0,0.0,0,1.0212150433944065,0.9016393442622948,False,False,False,False,0.07113232016523602,0.05142266282865085,False,False,False,False,2674.0,-1674.6216444121485,False,False,False,False,1254.1480178344773,False,False,False,False
2025-05-27 18:00:00+00:00,2.785,2.79,2.765,2.77,503.0,,,,,,,,,,,,,2.7217033394995616,2.787066965781008,2.779919949283306,2.704833645203116,2.6901029756071,2.663398818062445,2.5890938427664403,,2.704833645203116,,,2.7051599337432823,"rgba(38, 166, 154, 1.0)",0.09998166498577363,2.6883564896992964,0.8165848239506778,67.39035242019843,8.552659608562642,True,False,True,False,True,4.148991225655429,0.0,0.0,0.0,0.0,0,1.0269749518304427,0.8949903660886317,False,False,False,False,0.0823373932931749,0.06688002806091287,False,False,False,False,2171.0,-1614.9996034135104,False,False,False,False,1242.5023121316171,False,False,False,False
2025-05-27 19:00:00+00:00,2.765,2.785,2.76,2.78,4000.0,,,,,,,,,,,,,2.736641791044776,2.786035446897328,2.779766306497618,2.706332101817199,2.691801731497786,2.6653467631319803,2.5915262063559035,,2.706332101817199,,,2.708207192463228,"rgba(38, 166, 154, 1.0)",0.0985890094928788,2.6902520000136314,0.9103245934614143,69.36824401387503,10.13675360171171,True,False,True,False,True,4.909772035656875,0.0,0.0,0.0,0.0,0,1.0260366441658628,0.89778206364513,False,False,False,False,0.0767324529102399,0.07180624048557638,False,False,False,False,6171.0,-1494.2864312675645,False,False,False,False,1285.2542142691113,False,False,False,False
2025-05-28 14:00:00+00:00,2.755,2.765,2.735,2.765,1100.0,,,,,,,,,,,,,2.7379555656756227,2.7853226289158473,2.7795554282647528,2.7066162516874295,2.692147585786021,2.66577504230596,2.592112284795803,,2.7066162516874295,,,2.708497826775919,"rgba(38, 166, 154, 1.0)",0.09799949439101746,2.6904865927014066,0.760344813630216,67.91710550012229,10.13675360171171,True,False,True,False,True,3.61766399247297,0.0,0.0,0.0,0.0,0,1.0144369586140518,0.9037536092396535,False,False,False,False,0.05156457617463854,0.06168540833010746,False,False,False,False,5071.0,-1392.4990447362843,False,False,False,False,1282.38205590835,False,False,False,False
2025-05-28 15:00:00+00:00,2.765,2.77,2.73,2.74,336.0,,,,,,,,,,,,,2.738141911249761,2.785053321998521,2.7794701110733677,2.7066875508859685,2.692238568259329,2.665892905411753,2.5922813523160246,,2.7066875508859685,,,2.7085379601706747,"rgba(38, 166, 154, 0.75)",0.09727836902968333,2.690529723232397,0.5085434435327358,63.15188600735359,10.13675360171171,True,False,True,False,False,1.5135938509848934,0.0,0.0,0.0,0.0,0,1.0095969289827256,0.9049904030710173,False,False,False,False,0.05156457617463854,0.056624992252372996,False,False,False,False,4735.0,-1297.4990595465745,False,False,False,False,1267.709465894267,False,False,False,False
2025-05-28 16:00:00+00:00,2.74,2.77,2.74,2.77,120.0,,,,,,,,,,,,,2.7383076388450114,2.784991140802637,2.7794520893112438,2.7067214253314207,2.6922789304742047,2.665941850906353,2.592346850995464,,2.7067214253314207,,,2.708577132380905,"rgba(38, 166, 154, 0.75)",0.09670993129355947,2.6905605904361756,0.8214193568464961,62.93273459411794,10.13675360171171,True,False,True,False,False,3.845430085070948,0.0,0.0,0.0,0.0,0,1.0192678227360308,0.9036608863198459,False,False,False,False,0.057150682943458986,0.05688783759791599,False,False,False,False,4855.0,-1202.111477228023,False,False,False,False,1249.915520686604,False,False,False,False
2025-05-28 17:00:00+00:00,2.77,2.78,2.76,2.77,856.0,,,,,,,,,,,,,2.7399337649103876,2.784730345832063,2.7793900893997465,2.707006940234914,2.692607768705062,2.6663264875773125,2.592840375205944,,2.707006940234914,,,2.7089765388379186,"rgba(38, 166, 154, 0.75)",0.09614234941660992,2.6908585805978946,0.8231691848840198,62.786633651960834,10.13675360171171,True,False,True,False,False,3.8454300850709267,0.0,0.0,0.0,0.0,0,1.0173243503368623,0.9027911453320501,False,False,False,False,0.07393180793720266,0.06540982276755933,False,False,False,False,4855.0,-1108.2027721547204,False,False,False,False,1243.8083033116177,False,False,False,False
2025-05-28 18:00:00+00:00,2.77,2.78,2.755,2.76,800.0,,,,,,,,,,,,,2.7410807641709085,2.7844146918641473,2.7793024117796414,2.7072504614684765,2.6928928953570046,2.6666661861298415,2.593286192583289,,2.7072504614684765,,,2.709270514764758,"rgba(38, 166, 154, 0.75)",0.09490882300755192,2.691092530270647,0.7260386078528188,61.13345884760277,10.13675360171171,True,False,True,False,False,2.986540596853292,0.0,0.0,0.0,0.0,0,1.014450867052023,0.907514450867052,False,False,False,False,0.07113232016523602,0.06827107146639767,False,False,False,False,4055.0,-1028.1531167724766,False,False,False,False,1236.9275544230654,False,False,False,False
2025-05-28 19:00:00+00:00,2.76,2.77,2.735,2.75,2517.0,,,,,,,,,,,,,2.7424129999999995,2.7828453156137747,2.778782603605423,2.7078296171964586,2.693612301203276,2.667576998614989,2.594566152940546,,2.7078296171964586,,,2.709660855596352,"rgba(38, 166, 154, 0.75)",0.09243468597428815,2.6915065822363298,0.632808097383929,58.53733669848692,16.21508053050998,True,False,True,False,False,2.1291997595196364,0.0,0.0,0.0,0.0,0,1.0115384615384615,0.9076923076923076,False,False,False,False,0.05435720592654494,0.0613141386964713,False,False,False,False,1538.0,-988.3677971325932,False,False,False,False,1256.7736388506148,False,False,False,False
2025-05-29 14:00:00+00:00,2.795,2.835,2.79,2.835,467.0,,,,,,,,,,,,,2.7441833194899106,2.783172765416722,2.7789259455085262,2.708100334713186,2.693898681869642,2.6678794316297223,2.5949036709552,,2.708100334713186,,,2.7101520213689874,"rgba(38, 166, 154, 1.0)",0.09025863737956435,2.6918580000986285,1.5859091612409,63.426470142811006,16.21508053050998,True,False,True,False,True,8.472668559630531,0.0,0.0,0.0,0.0,0,1.0143129770992365,0.8998091603053434,False,False,False,False,0.12173699725252671,0.09152556797449901,False,False,False,False,2005.0,-941.9589940762739,False,False,False,False,1244.529086310295,False,False,False,False
2025-05-29 15:00:00+00:00,2.835,2.85,2.825,2.835,436.0,,,,,,,,,,,,,2.7461123602672664,2.7836093277179854,2.7791128142319894,2.708389374446765,2.694200066816438,2.6681915247025345,2.5952411374310462,,2.708389374446765,,,2.710693800802004,"rgba(38, 166, 154, 1.0)",0.08850240491461082,2.692243148339778,1.6130279374662972,66.68589243902707,9.100089201039609,True,False,True,False,True,8.472668559630531,0.0,0.0,0.0,0.0,0,1.0209923664122136,0.8940839694656487,False,False,False,False,0.1501045463518663,0.12081505716318265,False,False,False,False,2005.0,-896.2697073464092,False,False,False,False,1231.9937516388177,False,False,False,False
2025-05-29 16:00:00+00:00,2.83,2.865,2.83,2.86,620.0,,,,,,,,,,,,,2.749152999117223,2.7843900761710927,2.7794451874291926,2.708845964722915,2.6946713507372855,2.668672681411673,2.595749116803472,,2.708845964722915,,,2.7115610537704073,"rgba(38, 166, 154, 1.0)",0.08606523819300833,2.692859468804192,1.9420213631545615,70.08052395730796,12.473222449044172,True,False,True,False,True,10.2001608923267,0.0,0.0,0.0,0.0,0,1.0309477756286265,0.8878143133462281,False,False,False,False,0.15852492126402395,0.1396699892136033,False,False,False,False,2625.0,-841.6763785503408,False,False,False,False,1222.5054764196113,False,False,False,False
2025-05-29 17:00:00+00:00,2.86,2.865,2.845,2.855,314.0,,,,,,,,,,,,,2.7506750011448458,2.7847979482085155,2.779620075093008,2.709081468405271,2.694914003631046,2.6689198238803473,2.5960089577075744,,2.709081468405271,,,2.7120024682958013,"rgba(38, 166, 154, 1.0)",0.08468845927946239,2.693175447044547,1.910821785309027,71.5785881802756,14.112013417068752,True,False,True,False,True,9.75103822730917,0.0,0.0,0.0,0.0,0,1.0309777347531461,0.8886737657308811,False,False,False,False,0.16725029423913348,0.1534601417263684,False,False,False,False,2311.0,-792.7976750069246,False,False,False,False,1208.4201201960516,False,False,False,False
2025-05-29 18:00:00+00:00,2.855,2.885,2.855,2.87,219.0,,,,,,,,,,,,,2.751859811389191,2.7851398304567168,2.779765749388524,2.709262110773942,2.695098625027484,2.6691056697840336,2.596200354485506,,2.709262110773942,,,2.7123474501864853,"rgba(38, 166, 154, 1.0)",0.08203904805273775,2.6934212921180656,2.1523739252608487,73.3531224259691,16.09782234555763,True,False,True,False,True,10.787232351836277,0.0,0.0,0.0,0.0,0,1.0328820116054156,0.8849129593810445,False,False,False,False,0.18477841235916506,0.16911927704276675,False,False,False,False,2530.0,-741.2814319835614,False,False,False,False,1193.0802733713065,False,False,False,False
2025-05-29 19:00:00+00:00,2.87,2.87,2.825,2.85,3053.0,,,,,,,,,,,,,2.7635900142047336,2.7884875038318504,2.781272571968772,2.711404950683268,2.6973185221740317,2.671385547523314,2.598632008567122,,2.711404950683268,,,2.7160130169932986,"rgba(38, 166, 154, 1.0)",0.07920141958865923,2.696155673934748,1.9424440479003842,71.44123569934621,16.09782234555763,True,False,True,False,True,8.972889826698413,0.0,0.0,0.0,0.0,0,1.0269749518304432,0.8882466281310212,False,False,False,False,0.156214863152196,0.16266707009748138,False,False,False,False,-523.0,-737.8972237357542,False,False,False,False,1221.9162381252395,False,False,False,False
2025-05-30 14:00:00+00:00,2.84,2.88,2.84,2.875,169.0,,,,,,,,,,,,,2.764268006435108,2.7887112168396775,2.7813743005380034,2.7115358445531412,2.697452882969593,2.6715217855943316,2.598774137430223,,2.7115358445531412,,,2.716234024908583,"rgba(38, 166, 154, 1.0)",0.07653780788623366,2.6963224058213457,2.334501067031367,71.7333145526823,16.09782234555763,True,False,True,False,True,10.707262717174316,0.0,0.0,0.0,0.0,0,1.027831094049904,0.8877159309021114,False,False,False,False,0.17022795875668864,0.166447514427085,False,False,False,False,-354.0,-731.9453287941146,False,False,False,False,1205.591955363608,False,False,False,False
2025-05-30 15:00:00+00:00,2.875,2.88,2.845,2.845,15.0,,,,,,,,,,,,,2.764322803410693,2.7887288477615386,2.7813824191886534,2.7115468212950127,2.6974642054559412,2.6715333480439694,2.598786350448154,,2.7115468212950127,,,2.716252113657709,"rgba(38, 166, 154, 0.75)",0.0731678928255727,2.696336184409561,2.031817643632893,67.97860309444087,16.09782234555763,True,False,True,False,False,8.036445856383573,0.0,0.0,0.0,0.0,0,1.0317919075144508,0.8911368015414258,False,False,False,False,0.1592958418845449,0.16287167815581494,False,False,False,False,-369.0,-726.3182694329655,False,False,False,False,1187.1331653579705,False,False,False,False
2025-05-30 16:00:00+00:00,2.845,2.845,2.79,2.805,900.0,,,,,,,,,,,,,2.76600682116087,2.7891059922223174,2.78158780325215,2.7120066424059903,2.6979565067555438,2.672062696072127,2.5993942413338234,,2.7120066424059903,,,2.7168743861718316,"rgba(38, 166, 154, 0.75)",0.07069812745199944,2.6968510001226207,1.5297293404384344,61.49912056728505,18.267721885824386,True,False,True,False,False,4.659107431974242,0.0,0.0,0.0,0.0,0,1.0155189136760425,0.9107662463627546,False,False,False,False,0.10201107040158079,0.13244137427869787,False,False,False,False,-1269.0,-734.7319396743148,False,False,False,False,1182.6814883756763,False,False,False,False
2025-05-30 17:00:00+00:00,2.805,2.845,2.8,2.84,1488.0,,,,,,,,,,,,,2.769357200486495,2.790075549944909,2.782079381569588,2.712869038544257,2.698865967540808,2.6730212812151732,2.6004617069479297,,2.712869038544257,,,2.7181043037498798,"rgba(38, 166, 154, 0.75)",0.07069812745199944,2.697849710173476,2.010665557203573,59.968824933573835,16.808759960512774,True,False,True,False,False,7.124033144818334,0.0,0.0,0.0,0.0,0,1.01846452866861,0.9115646258503399,False,False,False,False,0.10833646933977056,0.12038892180923422,False,False,False,False,219.0,-719.9453979739378,False,False,False,False,1187.4151087109371,False,False,False,False
2025-05-30 18:00:00+00:00,2.85,2.865,2.845,2.86,321.0,,,,,,,,,,,,,2.770358069661691,2.790428727997709,2.782248206046676,2.7130986466634175,2.6991030729983376,2.6732639763741695,2.60071915342524,,2.7130986466634175,,,2.718459979023891,"rgba(38, 166, 154, 0.75)",0.07083002112018479,2.698129304810601,2.285340207858131,60.30808130340897,16.808759960512774,True,False,True,False,False,8.483170584361716,0.0,0.0,0.0,0.0,0,1.0304219823356227,0.9057899901864569,False,False,False,False,0.14968613159219793,0.13503752670071606,False,False,False,False,540.0,-700.4113607960472,False,False,False,False,1173.9823163278218,False,False,False,False
2025-05-30 19:00:00+00:00,2.86,2.88,2.85,2.85,2385.0,,,,,,,,,,,,,2.7773938416647472,2.793066307417593,2.7835341483823854,2.7148210016435703,2.700879478751967,2.675079697057411,2.6026405758194358,,2.7148210016435703,,,2.721059292962444,"rgba(38, 166, 154, 0.75)",0.07099124422596557,2.7002013279574455,2.1101006705241634,59.50670725507308,15.842753180618757,True,False,True,False,False,7.638911266412695,0.0,0.0,0.0,0.0,0,1.0186823992133724,0.9085545722713865,False,False,False,False,0.16250548703819526,0.14877150686945567,False,False,False,False,-1845.0,-718.1569210937829,False,False,False,False,1192.7577842917315,False,False,False,False
2025-06-02 14:00:00+00:00,2.825,2.895,2.815,2.895,8117.0,,,,,,,,,,,,,2.796564729205624,2.801667980739448,2.7880529933495724,2.7207115337342116,2.7069437293560035,2.6812700670876075,2.6091767236241004,,2.7207115337342116,,,2.7291982510137953,"rgba(38, 166, 154, 0.75)",0.07159539720467259,2.7070009757539415,2.625853498774765,61.83150463554462,15.842753180618757,True,False,True,False,False,10.628141814545458,0.0,0.0,0.0,0.0,0,1.0068093385214005,0.9085603112840466,False,False,False,False,0.14968613159219735,0.1492288192308265,False,False,False,False,6272.0,-609.7823951853522,False,False,False,False,1300.1103767833326,False,False,False,False
2025-06-02 15:00:00+00:00,2.89,2.92,2.885,2.905,830.0,,,,,,,,,,,,,2.798817689530686,2.8028423049803313,2.7886777537637157,2.7214252830804693,2.7076682950536446,2.6819950504136667,2.609914818532133,,2.7214252830804693,,,2.7301915993363783,"rgba(38, 166, 154, 1.0)",0.07268201755365371,2.7078309527128734,2.7127624400571517,63.922912264626106,15.842753180618757,True,False,True,False,True,11.269439193043706,0.0,0.0,0.0,0.0,0,1.0175097276264589,0.9085603112840466,False,False,False,False,0.2110897940582356,0.18015930664453106,False,False,False,False,7102.0,-490.2198774305406,False,False,False,False,1292.8218438099477,False,False,False,False
2025-06-02 16:00:00+00:00,2.905,2.93,2.89,2.93,1868.0,,,,,,,,,,,,,2.80416067990227,2.8057263577668063,2.790220037543786,2.7231276781463274,2.709389409335714,2.6837067645979267,2.611637376798175,,2.7231276781463274,,,2.732566900584429,"rgba(38, 166, 154, 1.0)",0.07428415130516805,2.7098141814519,2.96410223014531,66.59258829473795,10.734914926853556,True,False,True,False,True,12.848961421580409,0.0,0.0,0.0,0.0,0,1.0155945419103312,0.9122807017543859,False,False,False,False,0.22091843001426706,0.20053886832939904,False,False,False,False,8970.0,-343.54980181146243,False,False,False,False,1301.739334603592,False,False,False,False
2025-06-02 17:00:00+00:00,2.93,2.93,2.905,2.905,842.0,,,,,,,,,,,,,2.8063470411949387,2.806941456785488,2.7908851262770473,2.7238723133528002,2.7101436391613265,2.6844592576736455,2.612399093636866,,2.7238723133528002,,,2.7335782754403017,"rgba(38, 166, 154, 1.0)",0.07546689507490176,2.7106699780653436,2.575036666630864,65.52116727338432,10.734914926853556,True,False,True,False,True,10.682047000918473,0.0,0.0,0.0,0.0,0,1.0185728250244377,0.9100684261974583,False,False,False,False,0.23078924888160005,0.21566405860549953,False,False,False,False,8128.0,-212.20794441903666,False,False,False,False,1294.6115929818309,False,False,False,False
2025-06-02 18:00:00+00:00,2.905,2.93,2.905,2.93,540.0,,,,,,,,,,,,,2.807809388502724,2.807766312500555,2.7913366709079024,2.7243676798877026,2.7106441384004403,2.684956740976644,2.6128990561839007,,2.7243676798877026,,,2.734254283908552,"rgba(38, 166, 154, 1.0)",0.07701158214046624,2.7112407700273806,2.8406016847389384,66.24724268552009,10.839954139426261,True,False,True,False,True,12.261168259039405,0.0,0.0,0.0,0.0,0,1.0166666666666664,0.9117647058823529,False,False,False,False,0.23078924888160005,0.22322665374354977,False,False,False,False,8668.0,-74.53030186990432,False,False,False,False,1282.9121884394767,False,False,False,False
2025-06-02 19:00:00+00:00,2.93,2.945,2.925,2.935,3398.0,,,,,,,,,,,,,2.8172085816188948,2.81327354869391,2.7943915585621113,2.7276356382088216,2.7139356403226613,2.6882136158153096,2.616142669732963,,2.7276356382088216,,,2.738685893279239,"rgba(38, 166, 154, 1.0)",0.07854401417139419,2.714995116591493,2.8010394646805956,67.00974186406357,11.915267056589599,True,False,True,False,True,12.57395834817465,0.0,0.0,0.0,0.0,0,1.0196463654223966,0.907662082514735,False,False,False,False,0.2539977128942406,0.2386121833188952,False,False,False,False,12066.0,113.69497412807868,False,False,False,False,1315.7042475334383,False,False,False,False
2025-06-03 14:00:00+00:00,3.015,3.05,2.99,3.025,1456.0,,,,,,,,,,,,,2.823483950981632,2.817068200767051,2.7964436658294844,2.7295774406192836,2.7158580432572044,2.6900643390995183,2.6178849649441696,,2.7295774406192836,,,2.7414829436426205,"rgba(38, 166, 154, 1.0)",0.08287475626039127,2.7172960727308975,3.712878820449272,71.12296631425296,16.021148846775716,True,False,True,False,True,17.81088356906505,0.0,0.0,0.0,0.0,0,1.0242013552758953,0.8944820909970959,False,False,False,False,0.3428281191354951,0.29072015122719513,False,False,False,False,13522.0,321.5756722036123,False,False,False,False,1317.8793754786564,False,False,False,False
2025-06-03 15:00:00+00:00,3.025,3.065,3.025,3.065,1036.0,,,,,,,,,,,,,2.8283607363397563,2.820068892290978,2.798072906076124,2.731083875831806,2.7173441061850627,2.6914867486805623,2.6192070188238143,,2.731083875831806,,,2.743660612032587,"rgba(38, 166, 154, 1.0)",0.0884385570798871,2.7190839419208173,3.911371572545158,74.87457997330449,19.596974536219093,True,False,True,False,True,19.906920960693558,0.0,0.0,0.0,0.0,0,1.0317613089509141,0.8854667949951878,False,False,False,False,0.342828125042913,0.31677413813505406,False,False,False,False,14558.0,542.2954292237114,False,False,False,False,1313.5091526030183,False,False,False,False
2025-06-03 16:00:00+00:00,3.065,3.07,3.055,3.065,2415.0,,,,,,,,,,,,,2.8395116495378834,2.8271121314934486,2.8019622843126553,2.7346672040585744,2.720876817660372,2.694865455161125,2.622340068372772,,2.7346672040585744,,,2.748762230085261,"rgba(38, 166, 154, 1.0)",0.0935931871702144,2.723301207862481,3.6508938574352,77.37565574600552,21.946542648584213,True,False,True,False,True,19.90692096069357,0.0,0.0,0.0,0.0,0,1.0465116279069766,0.883720930232558,False,False,False,False,0.3428281288802316,0.32980113350764284,False,False,False,False,14558.0,759.5931745070648,False,False,False,False,1330.586530082041,False,False,False,False
2025-06-03 17:00:00+00:00,3.065,3.07,3.01,3.015,1813.0,,,,,,,,,,,,,2.846121968805738,2.83146369176132,2.8044632244168346,2.7370525781081567,2.7232409773358217,2.6971473130093133,2.6244964095322207,,2.7370525781081567,,,2.751998023281344,"rgba(38, 166, 154, 0.75)",0.09670005636448736,2.7260386534305683,2.9882231451888948,73.87207236278655,21.946542648584213,True,False,True,False,False,15.585731611879996,0.0,0.0,0.0,0.0,0,1.0346153846153845,0.8846153846153847,False,False,False,False,0.3148362534927754,0.32231869350020914,False,False,False,False,12745.0,945.4134353674203,False,False,False,False,1338.06580868542,False,False,False,False
2025-06-03 18:00:00+00:00,3.01,3.015,2.995,3.015,3233.0,,,,,,,,,,,,,2.8554976609755376,2.837928070512604,2.808346018505429,2.740883045737304,2.7270564809908584,2.7008620443499187,2.628068655814153,,2.740883045737304,,,2.7569488538408295,"rgba(38, 166, 154, 0.75)",0.09960181987552577,2.7303278973996425,2.858101417786518,71.53635010730724,27.350124853643663,True,False,True,False,False,15.585731611879996,0.0,0.0,0.0,0.0,0,1.0326609029779057,0.8933717579250717,False,False,False,False,0.2722076556202819,0.29726317456024554,False,False,False,False,12745.0,1128.3527619508711,False,False,False,False,1367.4446333569638,False,False,False,False
2025-06-03 19:00:00+00:00,3.015,3.02,3.005,3.02,10283.0,,,,,,,,,,,,,2.880266795533944,2.856368729322802,2.820149406133994,2.752664632532219,2.738813127603225,2.7123530430122047,2.6391929806412637,,2.752664632532219,,,2.771401244968522,"rgba(38, 166, 154, 0.75)",0.10257934744633888,2.7431773404320134,2.698619814410474,70.23631579116918,26.046424855666018,True,False,True,False,False,15.866074775151482,0.0,0.0,0.0,0.0,0,1.0405405405405403,0.8909266409266409,False,False,False,False,0.2812566010817213,0.28925988782098344,False,False,False,False,23028.0,1467.8821764942684,False,False,False,False,1505.6702979560805,False,False,False,False
2025-06-04 14:00:00+00:00,2.97,3.07,2.97,3.045,449.0,,,,,,,,,,,,,2.8812640186799072,2.8571471634959535,2.820667316770463,2.753181010350481,2.7393283657022054,2.712856927224101,2.6396808771062705,,2.753181010350481,,,2.772017954189912,"rgba(38, 166, 154, 0.75)",0.10603535021628266,2.7437329823123955,2.84119415905265,70.61867127672838,26.046424855666018,True,False,True,False,False,17.256183061871653,0.0,0.0,0.0,0.0,0,1.0315186246418337,0.8853868194842407,False,False,False,False,0.2903506547160703,0.28980527126852684,False,False,False,False,23477.0,1809.1088094168379,False,False,False,False,1489.2878127164513,False,False,False,False
2025-06-04 15:00:00+00:00,3.045,3.065,3.04,3.045,630.0,,,,,,,,,,,,,2.8828436383989384,2.858364339454414,2.821465044115862,2.7539590935758897,2.740102189011451,2.7136096040653013,2.6404014435428484,,2.7539590935758897,,,2.7729636217378153,"rgba(38, 166, 154, 0.75)",0.10915490274278584,2.744576957801569,2.7522633857899352,70.87357493376786,26.046424855666018,True,False,True,False,False,17.256183061871653,0.0,0.0,0.0,0.0,0,1.0429389312977098,0.8835877862595419,False,False,False,False,0.3303257521734367,0.31006551172098173,False,False,False,False,23477.0,2145.0451069452592,False,False,False,False,1475.9655210464289,False,False,False,False
2025-06-04 16:00:00+00:00,3.045,3.07,3.04,3.06,166.0,,,,,,,,,,,,,2.8832713487393096,2.858693570702273,2.8216804207119757,2.7541680353714906,2.740309816564991,2.713811288702206,2.6405939693834797,,2.7541680353714906,,,2.773218350025104,"rgba(38, 166, 154, 0.75)",0.11274934329923474,2.744803899951815,2.7955471032027237,71.81440729046952,26.046424855666018,True,False,True,False,False,18.0919491292187,0.0,0.0,0.0,0.0,0,1.0527325023969316,0.87823585810163,False,False,False,False,0.33344187862189906,0.32175369517144037,False,False,False,False,23643.0,2478.3467331941697,False,False,False,False,1455.6559780844689,False,False,False,False
2025-06-04 17:00:00+00:00,3.055,3.06,3.05,3.06,148.0,,,,,,,,,,,,,2.883650909861808,2.858986181711658,2.82187211088329,2.754354077755569,2.7404947007628997,2.713990904060193,2.64076546882006,,2.754354077755569,,,2.77344490769364,"rgba(38, 166, 154, 0.75)",0.11606778075643573,2.745005857643803,2.7138809780226736,72.44162886160396,26.046424855666018,True,False,True,False,False,18.091949129218712,0.0,0.0,0.0,0.0,0,1.056730769230769,0.8730769230769231,False,False,False,False,0.333070906779686,0.3274123009755632,False,False,False,False,23643.0,2806.4808923694536,False,False,False,False,1435.382241990136,False,False,False,False
2025-06-04 18:00:00+00:00,3.055,3.09,3.055,3.08,4715.0,,,,,,,,,,,,,2.8961251371106753,2.868700293122744,2.828283837336529,2.7605158720454734,2.746608821556913,2.7199171836883416,2.646393701068788,,2.7605158720454734,,,2.780934977989923,"rgba(38, 166, 154, 1.0)",0.11988951370111496,2.7516853253339066,2.738476990444579,73.91202810635802,26.046424855666018,True,False,True,False,True,19.212932992533236,0.0,0.0,0.0,0.0,0,1.0559845559845558,0.8745173745173744,False,False,False,False,0.3428281261630209,0.335120213569292,False,False,False,False,28358.0,3202.628475433493,False,False,False,False,1486.2290289360253,False,True,False,False
2025-06-04 19:00:00+00:00,3.075,3.1,3.06,3.07,1209.0,,,,,,,,,,,,,2.899093447564652,2.871071012128699,2.8298866749932396,2.762066064531479,2.7481485175638953,2.721412550430893,2.6478189651629505,,2.762066064531479,,,2.78278531891083,"rgba(38, 166, 154, 1.0)",0.12324157775069604,2.775061614549849,2.3931727492711796,73.27230930672917,26.046424855666018,True,False,True,False,True,18.275506560708084,-1.0,3.1,3.06,600.0,0,1.0540019286403086,0.8717454194792672,False,False,False,False,0.3428281278072818,0.3389741706882869,False,False,False,False,27149.0,3573.89004945778,False,False,False,False,1481.930904456397,False,False,False,False
2025-06-05 14:00:00+00:00,2.585,2.715,2.58,2.665,11623.0,,,,,,,,,,,,,2.865550271260481,2.849565530818039,2.819573422121708,2.7571712175787857,2.7440788221666637,2.7187754093152106,2.6479891514076517,,2.7571712175787857,,,2.771814832095506,#000000,0.12456652768626957,2.748570344712751,-0.670889253036173,55.031179498177615,10.60139886931266,False,True,False,False,False,0.0,0.0,0.0,0.0,0.0,0,1.0221434898139947,0.8883968113374666,False,False,False,False,-0.15928225751158734,0.08984595658834978,False,False,False,False,15526.0,3759.1940796987446,False,False,False,False,1639.1567819066854,False,False,False,False
2025-06-05 15:00:00+00:00,2.665,2.67,2.595,2.605,6748.0,,,,,,,,,,,,,2.8477660145510995,2.8372964686405004,2.8131364747743333,2.753762351946493,2.741143052567986,2.7166761950704346,2.6475551489129323,,2.753762351946493,,,2.7653336723519684,"rgba(239, 83, 80, 1.0)",0.12697034483871725,2.7428183863598576,-1.0854375998972046,42.189664606973594,-0.2288077554193535,False,True,False,True,False,0.0,0.0,0.0,0.0,0.0,0,1.0201754385964912,0.9000000000000001,False,False,False,False,-0.17668779508468674,-0.04342091924816848,False,False,False,False,8778.0,3837.005024199539,False,False,False,False,1718.3636535050314,False,False,False,False
2025-06-05 16:00:00+00:00,2.605,2.615,2.565,2.595,3398.0,,,,,,,,,,,,2.591666666666667,2.8386349646044935,2.83076688884369,2.809537819412366,2.7517096972949333,2.739335100040221,2.715306812808939,2.6470641156911094,2.591666666666667,2.7517096972949333,,,2.7405027581703028,"rgba(239, 83, 80, 1.0)",0.12946355012436925,2.737250143040311,-1.0987659685190019,33.51736320306822,-7.0499028338963825,False,True,False,True,False,0.0,1.0,2.615,2.565,0.0,0,1.0148992112182296,0.9141104294478527,True,False,False,False,-0.22662203989864219,-0.13502147957340532,False,False,False,False,5380.0,3860.9274269251277,True,False,False,False,1744.4045270941008,True,False,False,False
2025-06-05 17:00:00+00:00,2.59,2.615,2.585,2.615,11499.0,,,,,,,,,,,,2.601958671768365,2.8134805358151613,2.812133524732342,2.7988770434835164,2.745681091833878,2.734052852589967,2.7113639406194388,2.64584957301012,2.601958671768365,2.745681091833878,,,2.7329246542315984,"rgba(239, 83, 80, 1.0)",0.13150720187175444,2.7295450488782818,-0.8710173074018079,28.952134907697943,-10.35114560997691,False,True,False,True,False,0.0,0.0,0.0,0.0,0.0,0,1.018421052631579,0.9122807017543858,False,False,False,False,-0.21478135104204316,-0.17490141530772424,False,False,False,False,16879.0,4062.7580094534205,False,False,False,False,1895.638565433727,False,False,False,False
2025-06-05 18:00:00+00:00,2.615,2.635,2.595,2.615,8929.0,,,,,,,,,,,,2.6068460225523937,2.79816728879365,2.8002606225352,2.7917245918445883,2.7416402437053553,2.7305254923431708,2.7087615184840144,2.6451730798512685,2.6068460225523937,2.7416402437053553,,,2.727887357513705,"rgba(239, 83, 80, 1.0)",0.13346585756338336,2.7247933054998574,-0.8226321510556812,25.908649377451088,-12.70920063414664,False,True,False,True,False,0.0,0.0,0.0,0.0,0.0,0,1.0183727034120735,0.9090113735783029,False,False,False,False,-0.19712983019277794,-0.18601562275025108,False,False,False,False,16879.0,4261.459435663444,False,False,False,False,2004.6829287603357,False,False,False,False
2025-06-05 19:00:00+00:00,2.615,2.675,2.605,2.66,24702.0,,,,,,,,,,,,2.6271157544785138,2.7715186968018193,2.7783239571528804,2.7776313498603087,2.734156059455677,2.724172562694169,2.7044447790316966,2.645258506913892,2.6271157544785138,2.734156059455677,,,2.72032770829862,"rgba(239, 83, 80, 1.0)",0.13456727444421815,2.7175359698771855,-0.42756286857125575,26.827153539921667,-12.70920063414664,False,True,False,True,False,0.0,0.0,0.0,0.0,0.0,0,1.025305410122164,0.9022687609075043,False,False,False,False,-0.16797242239355042,-0.17699402257190075,False,False,False,False,41581.0,4840.056963792694,False,False,False,False,2356.5793174617256,False,False,False,False
2025-06-06 14:00:00+00:00,2.73,2.875,2.715,2.855,2927.0,,,,,,,,,,,,2.6378034852460073,2.772406454103045,2.778934310498079,2.7780566507762456,2.734903959105711,2.7249806379447636,2.7053480276263486,2.646401149004968,2.6378034852460073,2.734903959105711,,,2.7223543342881458,"rgba(239, 83, 80, 0.75)",0.13467150557712124,2.719142315186592,1.0088079451640746,35.75375044939352,-12.70920063414664,False,True,False,True,True,2.333095821310806,0.0,0.0,0.0,0.0,0,1.0355029585798816,0.8698224852071006,False,False,False,False,0.008461682551450153,-0.0842661700102253,False,False,False,False,44508.0,5455.063832571101,False,False,False,False,2365.423048973947,False,False,False,False
2025-06-06 15:00:00+00:00,2.855,2.95,2.815,2.915,9559.0,,,,,,,,,,,,2.677837081107068,2.7799655702328017,2.7848312500224703,2.7821877979682856,2.7395501229219836,2.729734054441499,2.710233490839621,2.6517129944265645,2.677837081107068,2.7395501229219836,,,2.732006545245037,"rgba(239, 83, 80, 0.75)",0.13523546365737363,2.7271505063506223,1.3890549754412393,43.3744416319756,-19.158750067359165,False,True,False,True,True,5.089846818605878,0.0,0.0,0.0,0.0,0,1.0540765391014977,0.858569051580699,False,False,False,False,0.08070097436001551,-0.001782597825104891,False,False,False,False,54067.0,6208.737261523486,False,False,False,False,2476.9513737960565,False,False,False,False
2025-06-06 16:00:00+00:00,2.915,2.915,2.855,2.855,10942.0,,,,,,,,,,,,2.7078186901254466,2.786311560947627,2.789855215631961,2.785845082511341,2.7439494074298336,2.734282045045946,2.7149934566838616,2.657078999308897,2.7078186901254466,2.7439494074298336,,,2.740016807210614,#000000,0.13529220961303048,2.7340801228406564,0.8937682184746976,46.338738843110434,-16.369256742683383,False,True,False,False,True,2.105031101044826,0.0,0.0,0.0,0.0,0,1.0594142259414225,0.8761506276150628,False,False,False,False,0.07142767721253436,0.03482253969371474,False,False,False,False,43125.0,6781.082420259557,False,False,False,False,2608.1924377682108,False,False,False,False
2025-06-06 17:00:00+00:00,2.855,2.87,2.845,2.855,3793.0,,,,,,,,,,,,2.71527199478981,2.787903263646576,2.7911211744273,2.7867994448234046,2.745204332226745,2.735596000996353,2.716398149092102,2.6587279380533846,2.71527199478981,2.745204332226745,,,2.742127787256959,#000000,0.13538843018153815,2.7359598749564684,0.8792488758745067,48.314936983867,-14.19423307990452,False,True,False,False,True,2.1050311010448475,0.0,0.0,0.0,0.0,0,1.058425063505504,0.8907705334462319,False,False,False,False,0.030315332297058076,0.032568935995386405,False,False,False,False,43125.0,7344.55401064313,False,False,False,False,2626.561547260176,False,False,False,False
2025-06-06 18:00:00+00:00,2.855,2.865,2.835,2.84,3452.0,,,,,,,,,,,,2.720998872068113,2.789088786548768,2.7920628037591255,2.787524766838408,2.746222083712298,2.7366707779708834,2.717563132065466,2.6601304992321646,2.720998872068113,2.746222083712298,,,2.743782715274403,#000000,0.1354131149915174,2.737454556026569,0.7572785249039926,49.05513601873365,-12.900438811879397,False,True,False,False,True,1.3642025048784063,0.0,0.0,0.0,0.0,0,1.0474978795589482,0.8914334181509753,False,False,False,False,0.020206759941922624,0.026387847968654517,False,False,False,False,39673.0,7845.770227532384,False,False,False,False,2639.3590426514916,False,False,False,False
2025-06-06 19:00:00+00:00,2.845,2.865,2.84,2.85,13833.0,,,,,,,,,,,,2.740427549784666,2.793769438736888,2.79585427185746,2.7904946550764222,2.750296745741752,2.7409634224115975,2.722202669761267,2.665692160484755,2.740427549784666,2.750296745741752,,,2.749962614231851,#000000,0.13548045967942818,2.7431396226688185,0.788751216109194,49.948399624693906,-11.263977624069227,False,True,False,False,True,1.8423670070178666,0.0,0.0,0.0,0.0,0,1.043404255319149,0.8970212765957446,False,False,False,False,0.0235757233545778,0.024981785661616157,False,False,False,False,53506.0,8553.68076664041,False,False,False,False,2812.9038636956543,False,False,False,False
2025-06-09 14:00:00+00:00,2.93,2.95,2.875,2.885,1576.0,,,,,,,,,,,,2.743141211288447,2.7946952182833287,2.7966275942987076,2.791086777010851,2.75096754814378,2.741651036726328,2.722913814235746,2.6664757360704856,2.743141211288447,2.75096754814378,,,2.7509448670072096,"rgba(38, 166, 154, 0.5)",0.1357163178063461,2.7558810270694623,0.951388712997487,51.94607004649622,-8.541932702112675,False,True,True,False,True,3.5005520539156088,0.0,0.0,0.0,0.0,0,1.0410729253981559,0.8809723386420788,False,False,False,False,0.10476932822432122,0.06487555694296869,False,False,False,False,55082.0,9275.050057080092,False,False,False,False,2793.7270596073495,False,False,False,False
2025-06-09 15:00:00+00:00,2.885,2.9,2.86,2.87,3602.0,,,,,,,,,,,,2.7480383591957533,2.796248259852653,2.797922513175232,2.7921010029556754,2.7522143283308083,2.74294531484946,2.7242812182624125,2.668047908083592,2.7480383591957533,2.7522143283308083,,,2.752724863088198,"rgba(38, 166, 154, 0.5)",0.1356828575680512,2.756526623598654,0.8363132855190192,52.52588488850852,-7.136979554258531,False,True,True,False,True,2.7300752362614773,0.0,0.0,0.0,0.0,0,1.0409698996655519,0.8896321070234114,False,False,False,False,0.060686555584885116,0.06278105626392691,False,False,False,False,51480.0,9929.39036627265,False,False,False,False,2806.2584230242896,False,False,False,False
2025-06-09 16:00:00+00:00,2.865,2.93,2.865,2.925,9431.0,,,,,,,,,,,,2.7619363699141295,2.801466807651254,2.802341704334738,2.7955489480883906,2.7561239211518203,2.746953955100012,2.728431532933601,2.672631244327041,2.7619363699141295,2.7561239211518203,,,2.7581793104376233,"rgba(38, 166, 154, 0.5)",0.13600798201269448,2.7620607478978183,1.1980124231750853,55.11423000837674,-3.8928658529276845,False,False,True,False,True,5.290000574528655,0.0,0.0,0.0,0.0,0,1.0440414507772022,0.9196891191709846,False,False,False,False,0.08438330508749539,0.07358218067571115,False,False,False,False,60911.0,10719.802918733538,False,False,False,False,2908.967594760347,False,False,False,False
2025-06-09 17:00:00+00:00,2.925,2.95,2.92,2.935,6585.0,,,,,,,,,,,,2.771913118208028,2.8057325574626213,2.806002014056495,2.79841902874711,2.75923047337226,2.750114719548438,2.731662308307404,2.676103418384298,2.771913118208028,2.75923047337226,,,2.7623972047608314,"rgba(38, 166, 154, 0.5)",0.13622143472770196,2.7780278273705674,1.1523309304678084,57.214984854066515,-1.2222107652186196,False,False,True,False,True,5.745126184053774,0.0,0.0,0.0,0.0,0,1.0568181818181817,0.8854895104895103,False,False,False,False,0.1355173229215092,0.10454975179861017,False,False,False,False,67496.0,11600.054036272553,False,False,False,False,2965.9603452291785,False,False,False,False
2025-06-09 18:00:00+00:00,2.935,2.945,2.88,2.895,6764.0,,,,,,,,,,,,2.779446451005025,2.8089393434101466,2.8087764240893174,2.8006600860076825,2.761814512994584,2.752771770995647,2.7344293631981738,2.679195588495773,2.779446451005025,2.761814512994584,,,2.7657541925245437,"rgba(38, 166, 154, 0.5)",0.1360515601785637,2.780147104395743,0.8441865382029861,56.299571223838775,-1.2222107652186196,False,False,True,False,True,3.649254358010701,0.0,0.0,0.0,0.0,0,1.0408695652173914,0.8843478260869567,False,False,False,False,0.1047693282243207,0.10465954001146544,False,False,False,False,60732.0,12361.789632609412,False,False,False,False,3024.844680962059,False,False,False,False
2025-06-09 19:00:00+00:00,2.895,2.9,2.845,2.855,4293.0,,,,,,,,,,,,2.7824351279083683,2.8100803823976745,2.809771657863228,2.8015161567092033,2.7629680336628026,2.753985578482579,2.7357432068078875,2.6807778701808664,2.7824351279083683,2.7629680336628026,,,2.7671597517515765,"rgba(38, 166, 154, 0.5)",0.1355342116312957,2.7804312971887675,0.5501836172116276,53.63949545900527,-1.2222107652186196,False,False,True,False,False,1.6198726013088915,0.0,0.0,0.0,0.0,0,1.0338541666666667,0.894965277777778,False,False,False,False,0.05055314733901511,0.07760634367524027,False,False,False,False,56439.0,13045.157235204615,False,False,False,False,3044.5060037378407,False,False,False,False
2025-06-10 14:00:00+00:00,2.83,2.865,2.825,2.845,3504.0,,,,,,,,,,,,2.784137348686611,2.8106348051987284,2.8102591453180485,2.8019716482517816,2.763698082681654,2.754770448176513,2.7366220950386935,2.6819014471812985,2.784137348686611,2.763698082681654,,,2.767999377566666,#000000,0.13506838441494298,2.7872146040442294,0.42782325564988294,51.370430742822336,-1.2222107652186196,False,True,False,False,False,1.1188293970219227,0.0,0.0,0.0,0.0,0,1.0277536860364267,0.9019947961838681,False,False,False,False,0.013470132293843652,0.045538237984541964,False,False,False,False,52935.0,13663.604409852605,False,False,False,False,3051.6299416643856,False,False,False,False
2025-06-10 15:00:00+00:00,2.845,2.9,2.845,2.9,4552.0,,,,,,,,,,,,2.7874668081585305,2.812070282845055,2.8115201465911994,2.803041569339908,2.7650463661570566,2.7561762882917953,2.7381221595405725,2.683661339882625,2.7874668081585305,2.7650463661570566,,,2.7696381201008426,"rgba(38, 166, 154, 0.5)",0.13466986661078767,2.7893664063305055,0.8215170657979414,52.6926564564647,-1.2222107652186196,False,False,True,False,False,3.7343062543134735,0.0,0.0,0.0,0.0,1,1.037620297462817,0.9011373578302713,False,False,False,False,0.05055314733901511,0.048045692661778536,False,False,False,False,57487.0,14343.036899622333,False,False,False,False,3074.8914929564103,False,False,False,False
2025-06-10 16:00:00+00:00,2.895,2.925,2.895,2.905,2551.0,,,,,,,,,,,,2.7897357460336147,2.813148286347261,2.812468865242779,2.8038278325015,2.765958286555397,2.7571151453729073,2.739102992134521,2.6847651250783175,2.7897357460336147,2.765958286555397,,,2.770765284908287,"rgba(38, 166, 154, 0.5)",0.13406583699303506,2.790902223986877,0.8510577979612385,53.813777637987414,-1.2222107652186196,False,False,True,False,False,3.9675741648923974,0.0,0.0,0.0,0.0,1,1.0354545454545456,0.9163636363636365,False,False,False,False,0.10136608079071602,0.07470588672624728,False,False,False,False,60038.0,15051.485939938266,False,False,False,False,3066.769144228404,False,False,False,False
2025-06-10 17:00:00+00:00,2.905,2.905,2.87,2.875,2415.0,,,,,,,,,,,,2.7913700680370477,2.8138845474987657,2.8131202352179963,2.8043859401796354,2.766661235725179,2.757848149715679,2.7398855336558006,2.6856843818071554,2.7913700680370477,2.766661235725179,,,2.7716050114796573,"rgba(38, 166, 154, 0.5)",0.13284387639439735,2.7915766870646186,0.6279801162057912,52.72997825017456,-1.2222107652186196,False,False,True,False,False,2.4161476373296793,0.0,0.0,0.0,0.0,1,1.0227479526842584,0.9181073703366698,False,False,False,False,0.0708324276056491,0.0727691571659482,False,False,False,False,57623.0,15711.509413737673,False,False,False,False,3056.6641962558706,False,False,False,False
2025-06-10 18:00:00+00:00,2.875,2.875,2.84,2.845,8796.0,,,,,,,,,,,,2.795075151424512,2.815336340193605,2.8144229019890927,2.805606205325004,2.7685114588111372,2.7598260220766346,2.7420839823311036,2.6884643142385483,2.795075151424512,2.7685114588111372,,,2.7736657970487046,#000000,0.13121030502265665,2.791990088990373,0.40400722336918354,50.333756230482884,-1.2222107652186196,False,True,False,False,False,0.8946629802591346,0.0,0.0,0.0,0.0,0,1.0128205128205128,0.9331501831501833,False,False,False,False,0.030315332297058076,0.05154224473150314,False,False,False,False,48827.0,16224.927872439413,False,False,False,False,3145.646146701516,False,False,False,False
2025-06-10 19:00:00+00:00,2.845,2.9,2.835,2.895,7939.0,,,,,,,,,,,,2.799253084110542,2.8173080162625332,2.8161910819288902,2.8071699629029054,2.770555947108592,2.761970355455586,2.7443974300124423,2.691239470305114,2.799253084110542,2.770555947108592,,,2.7760106685108257,#000000,0.1299466973190878,2.7938934941390032,0.7780613739857265,51.58571383428877,-1.2222107652186196,False,False,False,False,False,3.2914510236299996,0.0,0.0,0.0,0.0,1,1.0045745654162854,0.9341262580054894,False,False,False,False,0.04380342823943394,0.04767283648546854,False,False,False,False,56766.0,16853.47162635508,False,False,False,False,3219.961710318547,False,False,False,False
2025-06-11 14:00:00+00:00,2.89,2.905,2.87,2.885,7425.0,,,,,,,,,,,,2.803248023701223,2.819332554948835,2.8180150287271197,2.808773110803299,2.772573055220848,2.764074577013343,2.7466484823558903,2.693897927227934,2.803248023701223,2.772573055220848,,,2.7783203449998117,#000000,0.12863706890119195,2.795981705655886,0.6920112149981439,51.80529583222176,-1.2222107652186196,False,False,False,False,False,2.77806834010849,0.0,0.0,0.0,0.0,1,1.0155820348304307,0.9257561869844179,False,False,False,False,0.0708324276056491,0.05925263204555882,False,False,False,False,49341.0,17357.154236799186,False,False,False,False,3285.1561024066314,False,False,False,False
2025-06-11 15:00:00+00:00,2.885,2.885,2.865,2.875,2150.0,,,,,,,,,,,,2.804185148961934,2.819799121326353,2.818438899363999,2.8091575894223326,2.7730857204936887,2.7646139560094922,2.7472338549499837,2.6946084904426546,2.804185148961934,2.7730857204936887,,,2.7788903476213047,#000000,0.1269318111612657,2.796422156784376,0.6190555582303295,51.30805052202655,-1.2222107652186196,False,False,False,False,False,2.2611026748265637,0.0,0.0,0.0,0.0,1,1.0147329650092083,0.9290976058931861,False,False,False,False,0.05392969518303102,0.05659116361429492,False,False,False,False,47191.0,17819.694481189897,False,False,False,False,3267.5567829894744,False,False,False,False
2025-06-11 16:00:00+00:00,2.875,2.92,2.855,2.92,6217.0,,,,,,,,,,,,2.8076113946872403,2.8216574116363455,2.820121146642644,2.810629891357749,2.7748725824513727,2.7664680671375534,2.7492005941763176,2.6968939112338117,2.8076113946872403,2.7748725824513727,,,2.780931874915379,"rgba(38, 166, 154, 0.5)",0.12538147197057498,2.7983960845626674,0.9698714931809941,53.58698443899047,-0.8465886165435421,False,False,True,False,True,4.415377380304321,0.0,0.0,0.0,0.0,1,1.0248847926267282,0.9216589861751153,False,False,False,False,0.0708324276056491,0.063711795609972,False,False,False,False,53408.0,18371.451155900133,False,False,False,False,3313.284584803591,False,False,False,False
2025-06-11 17:00:00+00:00,2.92,2.99,2.92,2.97,3826.0,,,,,,,,,,,,2.810949530516432,2.8236430314943894,2.821910507944151,2.812132298236251,2.776483821582445,2.768105516966349,2.7508757388952807,2.6986978808253994,2.810949530516432,2.776483821582445,,,2.782849790807587,"rgba(38, 166, 154, 0.5)",0.12422454966202673,2.800682419054291,1.3629961340682297,57.40259456112202,2.8933785772224283,False,False,True,False,True,6.708526347979497,0.0,0.0,0.0,0.0,0,1.0378578024007388,0.9159741458910436,False,False,False,False,0.1630625910559425,0.11338719333295726,False,False,False,False,57234.0,18973.97129301796,False,False,False,False,3321.2336610081866,False,False,False,False
2025-06-11 18:00:00+00:00,2.965,2.975,2.935,2.955,3563.0,,,,,,,,,,,,2.8138293598469333,2.825375629174703,2.823477322064029,2.813458103483302,2.777919085840134,2.7695665976247827,2.752375238389773,2.7003240179327683,2.8138293598469333,2.777919085840134,,,2.784540669294553,"rgba(38, 166, 154, 1.0)",0.12273948827486868,2.8026185535212824,1.2415030290615792,58.80551190855118,4.287961355110674,True,False,True,False,True,5.903913652130601,0.0,0.0,0.0,0.0,0,1.0304428044280443,0.9206642066420665,False,False,False,False,0.1630625910559425,0.1382248921944499,False,False,False,False,53671.0,19511.909722583572,False,False,False,False,3324.981976341393,False,False,False,False
2025-06-11 19:00:00+00:00,2.95,2.97,2.945,2.96,7007.0,,,,,,,,,,,,2.819295749428638,2.8287372806131286,2.8265288694839694,2.8160546834700506,2.780727287738503,2.772424802295169,2.755308276019987,2.703503609538984,2.819295749428638,2.780727287738503,,,2.787822569823554,"rgba(38, 166, 154, 1.0)",0.12116153315764784,2.8062828370307,1.2686960866473433,59.98843303214604,5.527958263977489,True,False,True,False,True,6.1345742479273575,0.0,0.0,0.0,0.0,0,1.0294930875576036,0.9216589861751152,False,False,False,False,0.1665222167268349,0.15237355446064238,False,False,False,False,60678.0,20150.143680372974,False,False,False,False,3382.06752709579,False,False,False,False
2025-06-12 14:00:00+00:00,3.515,3.69,3.51,3.69,110738.0,,,,,,,,,,,,3.12262505293365,3.0574977312219946,3.038174047009645,2.9957164203995417,2.948396668366297,2.938013299459872,2.916002424916081,2.854533688392185,3.12262505293365,2.948396668366297,,,2.983869916587408,"rgba(38, 166, 154, 1.0)",0.15255402233217105,3.034701392091981,4.295518386799214,70.32263708611116,15.04368940584689,True,False,True,False,True,20.0,0.0,0.0,0.0,0.0,0,1.0301548492257537,0.898125509372453,False,False,False,False,0.34282818108296587,0.24760086777180412,False,False,False,False,171416.0,22495.35075509587,False,False,False,False,5046.500588691204,False,False,False,False
2025-06-12 15:00:00+00:00,3.685,3.785,3.675,3.72,70177.0,,,,,,,,,,,,3.2383983895269175,3.160019652105697,3.1366636633759573,3.085415258999163,3.0349409956112474,3.023995438755662,3.000541005953415,2.936192920356343,3.2383983895269175,3.0349409956112474,,,3.0770209155855506,"rgba(38, 166, 154, 1.0)",0.17929353354531816,3.1664661914544543,3.087304921711719,77.31413018738455,21.02336844046225,True,False,True,False,True,20.0,0.0,0.0,0.0,0.0,0,1.060483870967742,0.8838709677419355,False,False,False,False,0.34282818944543475,0.2952145286086194,False,False,False,False,241593.0,25892.213534086633,False,False,False,False,6056.275773362659,False,False,False,False
2025-06-12 16:00:00+00:00,3.715,3.725,3.655,3.695,29085.0,,,,,,,,,,,,3.27175442991001,3.1917622320392387,3.1677269056443533,3.1147566920097467,3.0638743370374404,3.0528600530048196,3.029174159202619,2.9644145348105404,3.27175442991001,3.0638743370374404,,,3.107040417957346,"rgba(38, 166, 154, 1.0)",0.2001748784987194,3.1937567934910254,2.504026530542798,81.03575218305204,23.976897703778747,True,False,True,False,True,20.0,0.0,0.0,0.0,0.0,0,1.0675895765472314,0.8859934853420194,False,False,False,False,0.31705548021277924,0.3061350044106993,False,False,False,False,212508.0,28785.481541310095,False,False,False,False,6413.310257496571,False,False,False,False
2025-06-12 17:00:00+00:00,3.695,3.7,3.67,3.695,27109.0,,,,,,,,,,,,3.298493702136593,3.2179395327130065,3.193538850491465,3.1395139439524544,3.0885055394937795,3.0774744074443445,3.0536812792953163,2.988772033254932,3.298493702136593,3.0885055394937795,,,3.1322399110977366,"rgba(38, 166, 154, 1.0)",0.21908392402401639,3.216478644886512,2.184192004252358,83.51683351349703,26.000645731645534,True,False,True,False,True,20.0,0.0,0.0,0.0,0.0,0,1.0691619202603744,0.8860862489829129,False,False,False,False,0.31386298996608647,0.30999899718839286,False,False,False,False,212508.0,31633.89268020451,False,False,False,False,6734.173664357089,False,False,False,False
2025-06-12 18:00:00+00:00,3.695,3.725,3.695,3.715,36083.0,,,,,,,,,,,,3.3310150908987786,3.250311420340839,3.2256150381744875,3.1705990032297158,3.119590369940278,3.1085678475716323,3.0847076019570734,3.019759071473317,3.3310150908987786,3.119590369940278,,,3.1637706804482653,"rgba(38, 166, 154, 1.0)",0.23682456349346287,3.245206853195802,1.9837179888528145,85.28727384375495,27.601996226501655,True,False,True,False,True,20.0,0.0,0.0,0.0,0.0,0,1.0731707317073171,0.8821138211382112,False,False,False,False,0.32988895639584054,0.3199439767921167,False,False,False,False,248591.0,34997.568762681956,False,False,False,False,7189.19422770039,False,False,False,False
2025-06-12 19:00:00+00:00,3.715,3.725,3.66,3.665,39467.0,,,,,,,,,,,,3.3589428902158245,3.2792877186140945,3.2546432793362015,3.199359294137488,3.1487571974597994,3.1378217169528737,3.114067892727353,3.049477578123374,3.3589428902158245,3.1487571974597994,,,3.192794695945876,"rgba(38, 166, 154, 1.0)",0.25083828823934023,3.270812788936375,1.5714794333451463,84.14199594232319,27.601996226501655,True,False,True,False,True,20.0,0.0,0.0,0.0,0.0,0,1.0706742485783916,0.8846466287571079,False,False,False,False,0.31865407020968056,0.31929902350089867,False,False,False,False,209124.0,37697.203355508595,False,False,False,False,7689.625324945346,False,False,False,False
2025-06-13 14:00:00+00:00,3.655,3.655,3.605,3.605,5477.0,,,,,,,,,,,,3.361801522152867,3.2824378911377208,3.257845264529448,3.202621194236548,3.1521284218226113,3.1412152395831323,3.1174994260449678,3.0530118082856474,3.361801522152867,3.1521284218226113,,,3.1960700959741177,"rgba(38, 166, 154, 0.75)",0.26166629942017344,3.27352160891504,1.2667981769891017,80.76287494694503,27.601996226501655,True,False,True,False,False,20.0,0.0,0.0,0.0,0.0,0,1.0582524271844662,0.8940129449838189,False,False,False,False,0.27913596747983754,0.29921749549036813,False,False,False,False,203647.0,40270.06841976428,False,False,False,False,7655.321056341542,False,False,False,False
2025-06-13 15:00:00+00:00,3.605,3.665,3.6,3.665,8189.0,,,,,,,,,,,,3.366308298553756,3.2873352627593166,3.2628088591466544,3.2076527046231256,3.157308735129185,3.1464260827396138,3.122761254155175,3.0584136225092022,3.366308298553756,3.157308735129185,,,3.2011268524520036,"rgba(38, 166, 154, 0.75)",0.2734847690803176,3.2778065801005156,1.4157769048768218,79.35368185157358,27.601996226501655,True,False,True,False,False,20.0,0.0,0.0,0.0,0.0,0,1.0571198712791634,0.8921962992759451,False,False,False,False,0.28069973620707445,0.2899586158487213,False,False,False,False,211836.0,42930.00534348886,False,False,False,False,7663.595148491286,False,False,False,False
2025-06-13 16:00:00+00:00,3.665,3.685,3.66,3.665,3291.0,,,,,,,,,,,,3.3682495574728493,3.289410821884394,3.264905090253423,3.2097643482673646,3.159472497084663,3.148600633951088,3.1249531449801697,3.060654466738365,3.3682495574728493,3.159472497084663,,,3.2032513200790396,"rgba(38, 166, 154, 0.75)",0.2844005549848163,3.27965310782096,1.3549442341967766,78.41421978799261,27.601996226501655,True,False,True,False,False,20.0,0.0,0.0,0.0,0.0,0,1.0710250201775626,0.8870056497175139,False,False,False,False,0.30590863778221444,0.29793362681546787,False,False,False,False,211836.0,45548.702935062676,False,False,False,False,7595.802975646459,False,False,False,False
2025-06-13 17:00:00+00:00,3.665,3.73,3.66,3.73,5333.0,,,,,,,,,,,,3.371719090928315,3.293046306204748,3.2685598977361403,3.213414951329518,3.1631893781436395,3.1523314838911323,3.128704474467974,3.0644674712840856,3.371719090928315,3.1631893781436395,,,3.2069291317481943,"rgba(38, 166, 154, 0.75)",0.29640222549649536,3.2829436975312527,1.5082757955676458,78.70896914630015,27.601996226501655,True,False,True,False,False,20.0,0.0,0.0,0.0,0.0,0,1.0698795180722893,0.8803212851405621,False,False,False,False,0.3202542374235563,0.3090939321195121,False,False,False,False,217169.0,48209.482734519064,False,False,False,False,7560.72075896977,False,False,False,False
2025-06-13 18:00:00+00:00,3.725,3.735,3.665,3.675,12886.0,,,,,,,,,,,,3.379453315574398,3.301265282709118,3.276852235182226,3.2217566563975955,3.1717231284427085,3.1609051809926094,3.137341950173857,3.0732866590064316,3.379453315574398,3.1717231284427085,,,3.215323051059868,"rgba(38, 166, 154, 0.75)",0.30541329257135386,3.2903551164839357,1.2594241733149165,76.2410926821002,32.566227431916616,True,False,True,False,False,20.0,0.0,0.0,0.0,0.0,0,1.0661354581673308,0.8812749003984063,False,False,False,False,0.32345934572414503,0.31627663892182856,False,False,False,False,204283.0,50629.227188247445,False,False,False,False,7643.283227822952,False,False,False,False
2025-06-13 19:00:00+00:00,3.675,3.675,3.59,3.6,17473.0,,,,,,,,,,,,3.387140693890945,3.3099794638391313,3.2857785256343788,3.2309963601631364,3.1813639559390263,3.1706275684507603,3.1472127199632975,3.0835467569124546,3.387140693890945,3.1813639559390263,,,3.224580755599141,"rgba(38, 166, 154, 0.75)",0.31196569457969386,3.2979885815315777,0.9680917604588456,71.41267204172355,27.769199271750594,True,False,True,False,False,20.0,0.0,0.0,0.0,0.0,0,1.0536700868192583,0.8926598263614837,False,False,False,False,0.2806997362070742,0.2984881875644514,False,False,False,False,186810.0,52740.556999282366,False,False,False,False,7795.681937469107,False,False,False,False
2025-06-16 14:00:00+00:00,3.595,3.655,3.595,3.635,5762.0,,,,,,,,,,,,3.3896388998741678,3.3128093589589316,3.288678069654841,3.2340008044376614,3.1844999987823264,3.1737904099792247,3.1504246427421094,3.086887405249013,3.3896388998741678,3.1844999987823264,,,3.227591198709784,"rgba(38, 166, 154, 0.75)",0.318878411689217,3.300491419949644,1.0490160756833302,69.03116283873555,25.39167108719512,True,False,True,False,False,20.0,0.0,0.0,0.0,0.0,0,1.0548589341692793,0.8942006269592476,False,False,False,False,0.2760124097116895,0.28725029863807044,False,False,False,False,192572.0,54908.486348130704,False,False,False,False,7764.151984950206,False,False,False,False
2025-06-16 15:00:00+00:00,3.635,3.635,3.6,3.635,8198.0,,,,,,,,,,,,3.393032759490142,3.3166875735065595,3.2926603607160523,3.238144742439724,3.188837350520916,3.178167121318105,3.1548742071234552,3.0915271321673305,3.393032759490142,3.188837350520916,,,3.2317414059102854,"rgba(38, 166, 154, 0.75)",0.3251186477812855,3.3039229755303814,1.0183267761753894,67.44349003674355,23.710893087260743,True,False,True,False,False,20.0,0.0,0.0,0.0,0.0,0,1.0571205007824727,0.8974960876369326,False,False,False,False,0.2713368831848934,0.2792935909114819,False,False,False,False,192572.0,57042.80438924496,False,False,False,False,7770.8783107649315,False,False,False,False
2025-06-16 16:00:00+00:00,3.635,3.64,3.585,3.605,14027.0,,,,,,,,,,,3.61,3.398293378275211,3.3228243622386198,3.298992680402057,3.2447957172561064,3.1958413903949157,3.1852429004529257,3.1620851579887055,3.0990879623709513,3.398293378275211,3.1958413903949157,,,3.2796848388199438,"rgba(38, 166, 154, 0.75)",0.33000045045013776,3.3324441049908473,0.825925827184091,64.95994228499924,21.165416661987067,True,False,True,False,False,19.992667196824183,0.0,0.0,0.0,0.0,0,1.0537802026500391,0.8986749805144193,False,False,False,False,0.2682262983558933,0.2737599446336876,False,False,False,False,178545.0,58926.559359954335,False,False,False,False,7867.872445481754,False,False,False,False
2025-06-16 17:00:00+00:00,3.605,3.625,3.595,3.625,2847.0,,,,,,,,,,,3.6108436055469952,3.399354598547344,3.3240598460071467,3.3002673656371027,3.24613478254425,3.1972514464754838,3.1866674001536053,3.1635369552212365,3.100610465678754,3.399354598547344,3.1972514464754838,,,3.2809696073124357,"rgba(38, 166, 154, 0.75)",0.3357709295295139,3.333511214939686,0.8681179918367302,63.93797278479809,19.95779078566771,True,False,True,False,False,20.0,0.0,0.0,0.0,0.0,0,1.05616224648986,0.9009360374414975,False,False,False,False,0.2666729084661124,0.27021642654989997,False,False,False,False,181392.0,60825.24836212559,False,False,False,False,7790.029461830874,False,False,False,False
2025-06-16 18:00:00+00:00,3.625,3.645,3.625,3.64,4116.0,,,,,,,,,,,3.615907336827061,3.4010229102332863,3.3259593161439276,3.3022177647308513,3.248166388822535,3.199378184188473,3.1888135635771917,3.1657194316496504,3.1028878264543445,3.4010229102332863,3.199378184188473,,,3.283341413625258,"rgba(38, 166, 154, 0.75)",0.3414508920938829,3.3353638756466837,0.8921813689962651,63.74632502176786,19.425694998190068,True,False,True,False,False,20.0,0.0,0.0,0.0,0.0,0,1.059328649492584,0.8977361436377831,False,False,False,False,0.28226484395697715,0.27624063525343856,False,False,False,False,185508.0,62758.31427899186,False,False,False,False,7733.067764748225,False,False,False,False
2025-06-16 19:00:00+00:00,3.645,3.65,3.635,3.64,7623.0,,,,,,,,,,,3.6227700695488068,3.404115800696103,3.3294725678340824,3.305824006314175,3.2519214275640076,3.2033075228415466,3.1927785313654544,3.169751094457649,3.1070939195419127,3.404115800696103,3.2033075228415466,,,3.28744832668486,"rgba(38, 166, 154, 0.75)",0.3469244926545263,3.3386796314902867,0.868547406970697,63.61855984641437,18.86564480566871,True,False,True,False,False,20.0,0.0,0.0,0.0,0.0,0,1.0595144870790918,0.8997650743931087,False,False,False,False,0.286968295538009,0.2816044653957238,False,False,False,False,185508.0,64661.41018164314,False,False,False,False,7731.361287775384,False,False,False,False
2025-06-17 14:00:00+00:00,3.645,3.65,3.61,3.635,5354.0,,,,,,,,,,,3.6241723829991854,3.406151520974493,3.331816158751357,3.3082373117459984,3.25444963739822,3.2059637967438146,3.1954609472863895,3.172482991205909,3.1099544842355846,3.406151520974493,3.2059637967438146,,,3.2898543590378835,"rgba(38, 166, 154, 0.5)",0.3518520240766618,3.340725933368057,0.8363574642044013,63.19538070199918,17.99823776633741,False,False,True,False,False,20.0,0.0,0.0,0.0,0.0,0,1.0523846755277562,0.9022673964034401,False,False,False,False,0.27913596747983754,0.2803702164377807,False,False,False,False,180154.0,66451.99296952464,False,False,False,False,7694.502973236231,False,False,False,False
2025-06-17 15:00:00+00:00,3.635,3.645,3.605,3.615,1305.0,,,,,,,,,,,3.6240796760414304,3.4066204461710314,3.3323630259447095,3.30880210936788,3.2550445751856314,3.206591167191699,3.1960949296845995,3.1731295859567688,3.110633730230577,3.4066204461710314,3.206591167191699,,,3.290373249530481,"rgba(38, 166, 154, 0.5)",0.3561369687922577,3.3411802430421247,0.7688608062410967,61.517132547040205,16.01139429155451,False,False,True,False,False,19.699701374095056,0.0,0.0,0.0,0.0,0,1.052302888368462,0.9024199843871972,False,False,False,False,0.2760124097116895,0.2781913130747351,False,False,False,False,178849.0,68194.58222581107,False,False,False,False,7595.440911635669,False,False,False,False
2025-06-17 16:00:00+00:00,3.615,3.625,3.595,3.605,2899.0,,,,,,,,,,,3.6228837773877207,3.4075907394163845,3.333514864005566,3.3099963668304686,3.2563115151230253,3.2079335382648284,3.197452653236507,3.1745168271812214,3.1120970107248795,3.4075907394163845,3.2079335382648284,,,3.291366365796734,"rgba(38, 166, 154, 0.5)",0.35971908459215357,3.342079612317382,0.7309047502461948,59.69240664547909,13.991869505681613,False,False,True,False,False,19.20904328106645,0.0,0.0,0.0,0.0,0,1.0531665363565288,0.9046129788897577,False,False,False,False,0.2666729084661124,0.27243211077042373,False,False,False,False,175950.0,69865.20885796903,False,False,False,False,7522.627874245969,False,False,False,False
2025-06-17 17:00:00+00:00,3.605,3.625,3.605,3.605,5518.0,,,,,,,,,,,3.621467035943449,3.409442293242045,3.335707203661989,3.3122685243954875,3.258720687791033,3.2104850622763057,3.20003317241073,3.177153135174302,3.1148771477048056,3.409442293242045,3.2104850622763057,,,3.2933504736222385,"rgba(38, 166, 154, 0.5)",0.3632196119243614,3.343841707293759,0.7190093379666566,58.475922711105014,12.600384164377303,False,False,True,False,False,19.20904328106645,0.0,0.0,0.0,0.0,0,1.0524667188723573,0.9052466718872356,False,False,False,False,0.269780953571842,0.2711065321711329,False,False,False,False,175950.0,71509.93430203153,False,False,False,False,7491.548372319674,False,False,False,False
2025-06-17 18:00:00+00:00,3.605,3.61,3.6,3.605,455.0,,,,,,,,,,,3.62129730729733,3.4095884855136513,3.335882107055238,3.312450216214004,3.2589141601124796,3.210690543510611,3.2002410982256064,3.1773657864380556,3.1151019524904946,3.4095884855136513,3.210690543510611,,,3.293503517428608,"rgba(38, 166, 154, 0.5)",0.3661297707220847,3.343978981726935,0.7129194049374259,57.66493342152229,11.593514445186614,False,True,True,False,False,19.20904328106645,0.0,0.0,0.0,0.0,0,1.0516836335160535,0.904463586530932,False,False,False,False,0.26356988857686564,0.2673382103739993,False,False,False,False,175950.0,73129.16012680622,False,False,False,False,7382.454599105415,False,False,False,False
2025-06-17 19:00:00+00:00,3.605,3.61,3.595,3.6,8900.0,,,,,,,,,,,3.61800357564789,3.412356711500324,3.3392163649297286,3.3159193947643884,3.262619525102285,3.2146336215362763,3.204232566661564,3.181451146254352,3.119428493213094,3.412356711500324,3.2146336215362763,,,3.2964290444011004,"rgba(38, 166, 154, 0.5)",0.3681916485881877,3.3465922846252036,0.6882494927478001,56.65227094771835,10.399611502867394,False,True,True,False,False,18.950447765894367,0.0,0.0,0.0,0.0,0,1.0508607198748046,0.9045383411580593,False,False,False,False,0.26202024062997936,0.2646792255019893,False,False,False,False,167050.0,74585.2971791038,False,False,False,False,7405.9824347782,False,False,False,False
2025-06-18 14:00:00+00:00,3.635,3.635,3.605,3.605,514.0,,,,,,,,,,,3.61797475011514,3.4125252377346595,3.339416027430575,3.316126439537193,3.262839394222641,3.2148666789732805,3.204468314360843,3.181692095795606,3.119682857804779,3.4125252377346595,3.2148666789732805,,,3.2966213106638573,"rgba(38, 166, 154, 0.5)",0.3704328853146276,3.3467589882587463,0.6971330623681437,56.39518707564333,9.902348495944139,False,True,True,False,False,19.107000169089392,0.0,0.0,0.0,0.0,0,1.0530835284933646,0.9000780640124902,False,False,False,False,0.2728940963055448,0.268786660903767,False,False,False,False,167564.0,76026.82745539676,False,False,False,False,7299.129993928925,False,False,False,False
2025-06-18 15:00:00+00:00,3.605,3.61,3.59,3.605,5715.0,,,,,,,,,,,3.6164023529544087,3.4142581545684756,3.3415102157351235,3.3183074935055155,3.265173826855086,3.2173540645288083,3.2069868580177734,3.184271318137677,3.122417902608111,3.4142581545684756,3.2173540645288083,,,3.2985202429901084,"rgba(38, 166, 154, 0.5)",0.3726007693676046,3.369664989250663,0.6316009791089766,56.223797827593316,9.454097069584222,False,True,True,False,False,19.107000169089382,0.0,0.0,0.0,0.0,0,1.0491036632891664,0.9041309431021046,False,False,False,False,0.26047182211368725,0.26462924150872713,False,False,False,False,167564.0,77446.00842508052,False,False,False,False,7274.56983898429,False,False,False,False
2025-06-18 16:00:00+00:00,3.605,3.62,3.6,3.605,3790.0,,,,,,,,,,,3.615917415917416,3.415430223781698,3.342915783489721,3.319769214265989,3.2667346086888336,3.2190143593064713,3.208667449268957,3.1859914151851756,3.124239634246266,3.415430223781698,3.2190143593064713,,,3.299853344905614,"rgba(38, 166, 154, 0.5)",0.3743763944009856,3.3708695365101997,0.625387890346069,56.10953832889331,9.044859756956242,False,True,True,False,False,19.107000169089382,0.0,0.0,0.0,0.0,0,1.0556426332288404,0.902037617554859,False,False,False,False,0.2666729084661124,0.2656510749874198,False,False,False,False,167564.0,78843.18658903276,False,False,False,False,7220.545500395387,False,False,False,False
2025-06-18 17:00:00+00:00,3.605,3.61,3.6,3.605,3089.0,,,,,,,,,,,3.6154076218406095,3.4163587594809584,3.344036220030004,3.320936084307405,3.2679839338030594,3.220345674201381,3.210015485029364,3.1873720912288483,3.125704190442002,3.4163587594809584,3.220345674201381,,,3.3009066733737367,"rgba(38, 166, 154, 0.5)",0.37636328769464494,3.3717246837278445,0.6198142164743201,56.03336532975997,8.670105399699814,False,True,True,False,False,19.107000169089392,0.0,0.0,0.0,0.0,0,1.0589622641509435,0.9017295597484275,False,False,False,False,0.26356988857686564,0.26461048178214275,False,False,False,False,167564.0,80218.7030760245,False,False,False,False,7156.4905313970075,False,False,False,False
2025-06-18 18:00:00+00:00,3.605,3.615,3.59,3.595,6858.0,,,,,,,,,,3.6000000000000005,3.613960347897548,3.418334282341031,3.3464428088849396,3.323447870512309,3.2706842213659915,3.223230799035805,3.212938300801306,3.1903687789673585,3.1288904333322876,3.418334282341031,3.223230799035805,,,3.3328297843138572,"rgba(38, 166, 154, 0.5)",0.37805408593465784,3.3939243235442524,0.5318701316469869,54.46741248555374,6.964186167917838,False,True,True,False,False,18.540483238647774,0.0,0.0,0.0,0.0,0,1.0542026708562453,0.9025923016496463,False,False,False,False,0.26202024062997936,0.263315361206061,False,False,False,False,160706.0,81466.56814461327,False,False,False,False,7151.86277122031,False,False,False,False
2025-06-18 19:00:00+00:00,3.595,3.62,3.595,3.6,10953.0,,,,,,,,,,3.6030747852450733,3.6127914676702835,3.4214872084314494,3.3502679076728152,3.327437887803639,3.274971073757722,3.227808774332648,3.21757572174226,3.195122920773301,3.133944457528159,3.4214872084314494,3.227808774332648,,,3.336448220495735,"rgba(38, 166, 154, 0.5)",0.3798301303581981,3.396813361845595,0.5349408114695645,54.13318829527154,6.473934961320815,False,True,True,False,False,18.71336142816899,0.0,0.0,0.0,0.0,0,1.0549450549450552,0.9018838304552589,False,False,False,False,0.2651207748707477,0.26421806803840436,False,False,False,False,171659.0,82864.90042144097,False,False,False,False,7210.795131356429,False,False,False,False
2025-06-19 14:00:00+00:00,3.6,3.6,3.6,3.6,0.0,,,,,,,,,,3.6030747852450733,3.6127914676702835,3.4214872084314494,3.3502679076728152,3.327437887803639,3.274971073757722,3.227808774332648,3.21757572174226,3.195122920773301,3.133944457528159,3.4214872084314494,3.227808774332648,,,3.336448220495735,"rgba(38, 166, 154, 0.5)",0.38113181375930477,3.396813361845595,0.5331138226176073,53.91037216841674,6.079913290068042,False,True,True,False,False,18.713361428169,0.0,0.0,0.0,0.0,0,1.0600315955766195,0.9036334913112162,False,False,False,False,0.2604718221136877,0.262344945076046,False,False,False,False,171659.0,84241.55312808529,False,False,False,False,7098.999858002066,False,False,False,False
2025-06-19 15:00:00+00:00,3.6,3.6,3.6,3.6,0.0,,,,,,,,,,3.6030747852450733,3.6127914676702835,3.4214872084314494,3.3502679076728152,3.327437887803639,3.274971073757722,3.227808774332648,3.21757572174226,3.195122920773301,3.133944457528159,3.4214872084314494,3.227808774332648,,,3.336448220495735,"rgba(38, 166, 154, 0.5)",0.38246297589168804,3.396813361845595,0.53125832031372,53.76182808384688,5.749870420674412,False,True,True,False,False,18.71336142816899,0.0,0.0,0.0,0.0,1,1.0573248407643314,0.9076433121019107,False,False,False,False,0.2604718221136877,0.26140838359486684,False,False,False,False,171659.0,85596.86238191342,False,False,False,False,6988.937844699708,False,False,False,False
2025-06-19 16:00:00+00:00,3.6,3.6,3.6,3.6,0.0,,,,,,,,,,3.6030747852450733,3.6127914676702835,3.4214872084314494,3.3502679076728152,3.327437887803639,3.274971073757722,3.227808774332648,3.21757572174226,3.195122920773301,3.133944457528159,3.4214872084314494,3.227808774332648,,,3.336448220495735,"rgba(38, 166, 154, 0.5)",0.3836297483039888,3.396813361845595,0.5296425500177832,53.66279869413364,5.465063054172184,False,True,True,False,False,18.71336142816899,0.0,0.0,0.0,0.0,1,1.0617481956696073,0.9053728949478749,False,False,False,False,0.2604718221136877,0.26094010285427727,False,False,False,False,171659.0,86931.15908917057,False,False,False,False,6880.582219200487,False,False,False,False
2025-06-19 17:00:00+00:00,3.6,3.6,3.6,3.6,0.0,,,,,,,,,,3.6030747852450733,3.6127914676702835,3.4214872084314494,3.3502679076728152,3.327437887803639,3.274971073757722,3.227808774332648,3.21757572174226,3.195122920773301,3.133944457528159,3.4214872084314494,3.227808774332648,,,3.336448220495735,"rgba(38, 166, 154, 0.5)",0.3853771172793224,3.396813361845595,0.5272410556933372,53.59677910099148,5.214656940797745,False,True,True,False,False,18.71336142816899,0.0,0.0,0.0,0.0,1,1.0595333869670154,0.9066773934030571,False,False,False,False,0.2604718221136877,0.2607059624839825,False,False,False,False,171659.0,88244.76902577258,False,False,False,False,6773.906525879549,False,False,False,False
2025-06-19 18:00:00+00:00,3.6,3.6,3.6,3.6,0.0,,,,,,,,,,3.6030747852450733,3.6127914676702835,3.4214872084314494,3.3502679076728152,3.327437887803639,3.274971073757722,3.227808774332648,3.21757572174226,3.195122920773301,3.133944457528159,3.4214872084314494,3.227808774332648,,,3.336448220495735,"rgba(38, 166, 154, 0.5)",0.3872311621925218,3.396813361845595,0.5247166498789826,53.552766038896706,4.992322698371531,False,True,True,False,False,18.71336142816899,0.0,0.0,0.0,0.0,1,1.0573042776432608,0.9087974172719934,False,False,False,False,0.2604718221136877,0.2605888922988351,False,False,False,False,171659.0,89538.01291684587,False,False,False,False,6668.884719276765,False,False,False,False
2025-06-19 19:00:00+00:00,3.6,3.6,3.6,3.6,0.0,,,,,,,,,,3.6030747852450733,3.6127914676702835,3.4214872084314494,3.3502679076728152,3.327437887803639,3.274971073757722,3.227808774332648,3.21757572174226,3.195122920773301,3.133944457528159,3.4214872084314494,3.227808774332648,,,3.336448220495735,"rgba(38, 166, 154, 0.5)",0.3889437996411274,3.396813361845595,0.5224061634145658,53.52342399750019,4.79420703932356,False,True,True,False,False,18.71336142816899,0.0,0.0,0.0,0.0,1,1.0676998368678632,0.9053833605220225,False,False,False,False,0.2604718221136877,0.2605303572062614,False,False,False,False,171659.0,90811.2065150343,False,False,False,False,6565.491157737591,False,False,False,False
2025-06-20 14:00:00+00:00,3.665,3.69,3.625,3.645,3743.0,,,,,,,,,,3.6118025269864833,3.614521659483578,3.42281777378448,3.351792378366997,3.329008550167046,3.276621808537711,3.229545406636413,3.2193300137780003,3.196911315813804,3.135821772760631,3.42281777378448,3.229545406636413,,,3.3388173206315144,"rgba(38, 166, 154, 0.5)",0.39072729597485,3.398753141445332,0.6302269155275965,60.8433316676639,8.999404295794022,False,True,True,False,True,20.0,0.0,0.0,0.0,0.0,0,1.06969205834684,0.8905996758508913,False,False,False,False,0.29641263469221035,0.27847149594923587,False,False,False,False,175402.0,92122.69168534383,False,False,False,False,6521.731604904449,False,False,False,False
2025-06-20 15:00:00+00:00,3.645,3.655,3.625,3.645,4338.0,,,,,,,,,,3.616806027601833,3.6158009937276376,3.424263784088958,3.353472487957301,3.3307452505644686,3.2784583258433693,3.231485526905991,3.221291402993958,3.1989140777679963,3.1379319365937803,3.424263784088958,3.231485526905991,,,3.340916981404529,"rgba(38, 166, 154, 0.5)",0.39232044725368526,3.4005031655050133,0.6232069630999587,65.7232701144397,13.09829362153728,False,False,True,False,True,20.0,0.0,0.0,0.0,0.0,0,1.0720647773279355,0.8898785425101213,False,False,False,False,0.28539911416007885,0.28193530505465736,False,False,False,False,175402.0,93413.84375223772,False,False,False,False,6487.875300952443,False,False,False,False
2025-06-20 16:00:00+00:00,3.645,3.665,3.625,3.63,2258.0,,,,,,,,,,3.618666489046773,3.6163804231794305,3.4250032078526607,3.354334315519879,3.3316368137162273,3.279402616625969,3.232484106243689,3.2223011270490702,3.1999455296626693,3.139019748482952,3.4250032078526607,3.232484106243689,,,3.341917437737932,"rgba(38, 166, 154, 0.5)",0.3935791185041717,3.401342692833854,0.5809691023120738,64.78982874537208,13.09829362153728,False,False,True,False,False,19.43669650356229,0.0,0.0,0.0,0.0,0,1.076113360323887,0.8850202429149797,False,False,False,False,0.28853885378888106,0.28523707942176924,False,False,False,False,173144.0,94649.9702056914,False,False,False,False,6422.295838922172,False,False,False,False
2025-06-20 17:00:00+00:00,3.625,3.64,3.625,3.64,4650.0,,,,,,,,,,3.6209820630081295,3.6172554032931794,3.4264750370537835,3.3560621040498333,3.3334272416964725,3.281305031717889,3.2345001802407323,3.224340523640552,3.2020305583841444,3.141222934335492,3.4264750370537835,3.2345001802407323,,,3.343760107742021,"rgba(38, 166, 154, 0.5)",0.39499572354852147,3.4028918222521276,0.6002803666271744,65.53878644995575,13.09829362153728,False,False,True,False,False,19.833216280530927,0.0,0.0,0.0,0.0,0,1.0754257907542581,0.8905109489051092,False,False,False,False,0.28069973620707445,0.28296840781442184,False,False,False,False,177794.0,95939.02493118455,False,False,False,False,6394.818384055162,False,False,False,False
2025-06-20 18:00:00+00:00,3.635,3.645,3.635,3.635,4212.0,,,,,,,,,,3.622956653697899,3.6181159771496514,3.4278115623374297,3.35762737064577,3.335048603483611,3.2830268419234736,3.2363240546143395,3.2261853563421954,3.2039164231139714,3.14321512571621,3.4278115623374297,3.2363240546143395,,,3.3454227969024553,"rgba(38, 166, 154, 0.5)",0.3961861879161033,3.404293470837442,0.5823184558150534,64.72542340273081,13.09829362153728,False,False,True,False,False,19.489181136933833,0.0,0.0,0.0,0.0,0,1.0764227642276427,0.8902439024390243,False,False,False,False,0.28539911416007885,0.28418376098725034,False,False,False,False,173582.0,97142.79198651503,False,False,False,False,6360.976238565934,False,False,False,False
2025-06-20 19:00:00+00:00,3.635,3.665,3.635,3.655,10185.0,,,,,,,,,,3.6291522060017933,3.621130681935144,3.4311751004774425,3.361517956625913,3.3390681167097735,3.2872761901528267,3.2408110421075147,3.2307212477469838,3.2085478564781287,3.148095039309161,3.4311751004774425,3.2408110421075147,,,3.3497495437544678,"rgba(38, 166, 154, 0.5)",0.3975773254723265,3.407969561216168,0.6213393545277186,66.75493814910132,13.127800542636287,False,False,True,False,True,20.0,0.0,0.0,0.0,0.0,0,1.0806845965770175,0.8859005704971474,False,False,False,False,0.29168413923890957,0.28793395011308,False,False,False,False,183767.0,98485.80296346829,False,False,False,False,6420.263428665687,False,False,False,False
2025-06-23 14:00:00+00:00,3.675,3.695,3.645,3.65,1576.0,,,,,,,,,,3.630256699403358,3.6217094191864256,3.43171361827119,3.362134633859222,3.3397038588826375,3.287945758854095,3.2415161698404176,3.2314337072248773,3.2092746094113074,3.148859088609516,3.43171361827119,3.2415161698404176,,,3.350454756354304,"rgba(38, 166, 154, 0.5)",0.39874408691144925,3.430963594056135,0.5493157469505173,66.7970033388073,13.223312126758138,False,False,True,False,True,19.94574102723031,0.0,0.0,0.0,0.0,0,1.0796100731112919,0.8813972380178716,False,False,False,False,0.3043222922639887,0.2961281211885344,False,False,False,False,182191.0,99783.55795628273,False,False,False,False,6345.158569306528,False,False,False,False
2025-06-23 15:00:00+00:00,3.655,3.665,3.645,3.65,4901.0,,,,,,,,,,3.6323638384816976,3.623002868047558,3.433300817059366,3.3639732188483653,3.341604439102882,3.2899577475496615,3.2436423646299266,3.23358342092377,3.2114704269016587,3.1511747901993106,3.433300817059366,3.2436423646299266,,,3.3524073931744196,"rgba(38, 166, 154, 0.5)",0.39991172449352613,3.432139898298968,0.5447704789774394,66.82504679861128,13.425704581489839,False,False,True,False,True,19.94574102723031,0.0,0.0,0.0,0.0,0,1.080422420796101,0.883834281072299,False,False,False,False,0.29483504761474016,0.2954815844016373,False,False,False,False,182191.0,101061.19271665045,False,False,False,False,6322.768513968442,False,False,False,False
2025-06-23 16:00:00+00:00,3.655,3.655,3.62,3.625,19297.0,,,,,,,,,,3.632620218991106,3.6244357510979492,3.438786763991789,3.3705070538146407,3.3484029407277434,3.2972444494785984,3.2514063383507525,3.2414455168711864,3.2195271402834917,3.1597345052685872,3.438786763991789,3.2514063383507525,,,3.3584110678875847,"rgba(38, 166, 154, 0.5)",0.4005775672543159,3.435935295376298,0.47198026070109433,61.04619126835508,14.775861993063543,False,True,True,False,False,18.147361116602486,0.0,0.0,0.0,0.0,0,1.0840816326530616,0.8816326530612244,False,False,False,False,0.2838313001277033,0.2896564422646703,False,False,False,False,162894.0,102019.8408915861,False,False,False,False,6523.919389720869,False,False,False,False
2025-06-23 17:00:00+00:00,3.625,3.645,3.615,3.635,1106.0,,,,,,,,,,3.6326059820637084,3.6244927820446082,3.439089470106864,3.37086963298449,3.3487807828451865,3.2976507002031963,3.2518400633208375,3.2418848933656124,3.219977771274971,3.1602142085361744,3.439089470106864,3.2518400633208375,,,3.358740628674565,"rgba(38, 166, 154, 0.5)",0.3949046754632077,3.4361731483405267,0.5034806220672293,58.957551257741336,12.958309399378528,False,True,True,False,False,18.58352112921466,0.0,0.0,0.0,0.0,0,1.0791190864600329,0.8841761827079934,False,False,False,False,0.27913596747983754,0.2843962048722539,False,False,False,False,164000.0,102980.77359094135,False,False,False,False,6439.920639492638,False,False,False,False
2025-06-23 18:00:00+00:00,3.635,3.635,3.625,3.635,2186.0,,,,,,,,,,3.6325790575595853,3.6246028976348463,3.439684980094203,3.371583314451292,3.3495246274793784,3.2984507551020705,3.2526944133754387,3.242750413427978,3.2208655473514085,3.161159475322145,3.439684980094203,3.2526944133754387,,,3.359389548179834,"rgba(38, 166, 154, 0.5)",0.3872358152038307,3.4366445345920047,0.5122342965709048,57.565124583998845,11.718591014179182,False,True,True,False,False,18.58352112921466,0.0,0.0,0.0,0.0,0,1.0808823529411766,0.8848039215686271,False,False,False,False,0.27913596747983754,0.2817660861760457,False,False,False,False,164000.0,103926.80810891125,False,False,False,False,6373.968381516007,False,False,False,False
2025-06-23 19:00:00+00:00,3.635,3.645,3.615,3.63,30231.0,,,,,,,,,,3.631846927213427,3.625547951685337,3.4474899861266364,3.3810063828076307,3.3593659999783343,3.309081167686782,3.264077039936186,3.2542879500297133,3.232713424193716,3.17380875502008,3.4474899861266364,3.264077039936186,,,3.3679225584677845,"rgba(38, 166, 154, 0.5)",0.37858874975551016,3.442940444183917,0.4940969744528455,55.501535412517924,9.792955407306756,False,True,True,False,False,18.211231176056124,0.0,0.0,0.0,0.0,1,1.077487765089723,0.8849918433931483,False,False,False,False,0.27913596747983754,0.28045102682794165,False,False,False,False,133769.0,104389.47775063355,False,False,False,False,6743.844840717309,False,False,False,False
2025-06-24 14:00:00+00:00,3.645,3.655,3.635,3.645,4020.0,,,,,,,,,,3.6323253765737076,3.625990579209733,3.4485612608455525,3.38228029057182,3.3606925472200917,3.310507307982191,3.2655990628518112,3.255829775704989,3.2342949564521493,3.1754931970974276,3.4485612608455525,3.2655990628518112,,,3.369157435450947,"rgba(38, 166, 154, 0.5)",0.369923269375183,3.443937233182152,0.5435255996667964,56.9370648388205,9.792955407306756,False,True,True,False,False,18.894485925980483,0.0,0.0,0.0,0.0,1,1.084288052373159,0.8821603927986906,False,False,False,False,0.2885388537888807,0.28449494030841116,False,False,False,False,137789.0,104907.29980101132,False,False,False,False,6701.614688148049,False,False,False,False
2025-06-24 15:00:00+00:00,3.645,3.655,3.64,3.645,3436.0,,,,,,,,,,3.632757817756326,3.6263850392185173,3.449475429760945,3.383366273921924,3.3618232439000817,3.311722730061253,3.26689604056509,3.257143604408663,3.235642594364477,3.1769284942556855,3.449475429760945,3.26689604056509,,,3.3702141268212964,"rgba(38, 166, 154, 0.5)",0.3605200448001495,3.4447925206160583,0.5553296752055066,57.89408445635555,9.792955407306756,False,True,True,False,True,18.894485925980483,0.0,0.0,0.0,0.0,1,1.0836065573770495,0.880327868852459,False,False,False,False,0.2901107984839814,0.2873028693961963,False,False,False,False,137789.0,105417.09360254603,False,False,False,False,6650.985003060482,False,False,False,False
2025-06-24 16:00:00+00:00,3.645,3.665,3.645,3.655,966.0,,,,,,,,,,3.632944788657222,3.6265377003851222,3.449741719713613,3.3836795956561327,3.362148773439817,3.3120713158672075,3.267267051886979,3.2575192542961537,3.236027535044775,3.1773375721853823,3.449741719713613,3.267267051886979,,,3.3705275307132405,"rgba(38, 166, 154, 0.5)",0.35173294281750495,3.445053728549687,0.5968911236137542,60.242399125851605,5.893774270324371,False,True,True,False,True,19.359183377948803,0.0,0.0,0.0,0.0,1,1.0825163398692814,0.8766339869281046,False,False,False,False,0.29483504761474016,0.2910689585054682,False,False,False,False,138755.0,105933.96036839802,False,False,False,False,6562.845700687451,False,False,False,False
2025-06-24 17:00:00+00:00,3.655,3.655,3.645,3.65,4093.0,,,,,,,,,,3.6335313575723966,3.6270563365575543,3.450835093022294,3.384974860329663,3.3634966656637157,3.3135190531117398,3.2688110402455357,3.2590831433342613,3.2376313702067563,3.179045058244301,3.450835093022294,3.2688110402455357,,,3.3717983978288215,"rgba(38, 166, 154, 0.5)",0.3471314624926002,3.446090115175038,0.5874140112819904,60.35768387654713,6.147884231323154,False,False,True,False,True,18.962118499852345,0.0,0.0,0.0,0.0,1,1.082381729200653,0.8784665579119088,False,False,False,False,0.29168413923890957,0.2913765488721889,False,False,False,False,134662.0,106379.35633167866,False,False,False,False,6524.553519281444,False,False,False,False
2025-06-24 18:00:00+00:00,3.645,3.65,3.64,3.645,7734.0,,,,,,,,,,3.6342311869952058,3.627775776113084,3.452817777560659,3.38734273598972,3.3659655871202894,3.3161809065574657,3.2716569340066965,3.2619670825394005,3.240591907498156,3.18220411910654,3.452817777560659,3.2716569340066965,,,3.3740734013487215,"rgba(38, 166, 154, 0.5)",0.34335018763843805,3.4478992163137208,0.5740517721628116,59.01900219249679,6.147884231323154,False,True,True,False,True,18.560380232183224,0.0,0.0,0.0,0.0,1,1.0814332247557006,0.8794788273615635,False,False,False,False,0.28853885378888106,0.289957701330535,False,False,False,False,126928.0,106697.93995444333,False,False,False,False,6543.3046275096385,False,False,False,False
2025-06-24 19:00:00+00:00,3.645,3.685,3.635,3.685,13701.0,,,,,,,,,,3.637558018379805,3.6304654656108215,3.4566471143595985,3.3918037466203166,3.3705916493397154,3.3211202558923527,3.2769027790647396,3.267276493937027,3.24602887477085,3.1879734953152292,3.4566471143595985,3.2769027790647396,,,3.3786367893290454,"rgba(38, 166, 154, 1.0)",0.3383240623591094,3.451772214859105,0.6893620971402822,63.75566592244444,9.437987013231485,True,False,True,False,True,20.0,0.0,0.0,0.0,0.0,1,1.0799676898222943,0.8747980613893376,False,False,False,False,0.29799165674350536,0.2939746790370202,False,False,False,False,140629.0,107224.00290088606,False,False,False,False,6654.276648788559,False,False,False,False
2025-06-25 14:00:00+00:00,3.64,3.645,3.605,3.62,6193.0,,,,,,,,,,3.6369572595365884,3.630257892403586,3.4579751794811098,3.39345339489235,3.3723274852179834,3.323024209655378,3.2789613023419446,3.2693669429839614,3.2481842757682564,3.190296503748353,3.4579751794811098,3.2789613023419446,,,3.380080444602951,"rgba(38, 166, 154, 0.5)",0.33228526223035376,3.470485368318473,0.4499586610551429,56.80242204097454,11.790718960197651,False,True,True,False,False,15.408027111932675,0.0,0.0,0.0,0.0,1,1.067783094098884,0.8763955342902711,False,False,False,False,0.2760124097116895,0.28499354437435487,False,False,False,False,134436.0,107645.8943287793,False,False,False,False,6647.125072838349,False,False,False,False
2025-06-25 15:00:00+00:00,3.62,3.665,3.62,3.655,4703.0,,,,,,,,,,3.637258986388265,3.630612712191713,3.4591099971440387,3.394816099398555,3.3737509092567306,3.324565234705493,3.28061310488082,3.2710416877058894,3.249905506898165,3.192138281963754,3.4591099971440387,3.28061310488082,,,3.3813812520533424,"rgba(38, 166, 154, 0.5)",0.32571058838697114,3.47192714583775,0.5620721606530772,55.98509890780187,11.28479178997982,False,True,True,False,False,17.0930648036442,0.0,0.0,0.0,0.0,1,1.069675376088678,0.8741092636579572,False,False,False,False,0.286968295538009,0.2859809199561819,False,False,False,False,139139.0,108134.15953298427,False,False,False,False,6616.983598840856,False,False,False,False
2025-06-25 16:00:00+00:00,3.655,3.685,3.645,3.665,9059.0,,,,,,,,,,3.638825740808858,3.6319877422743665,3.4614678252126816,3.3975881500189704,3.3766329319760815,3.327659220630863,3.283910646311618,3.2743814859733904,3.2533306902910017,3.195785792238055,3.4614678252126816,3.283910646311618,,,3.3841570225735884,"rgba(38, 166, 154, 0.5)",0.31897051460783776,3.474776357165917,0.5963674826432019,56.36188343649668,11.28479178997982,False,True,True,False,False,17.566535116660393,0.0,0.0,0.0,0.0,1,1.0742218675179573,0.8786911412609736,False,False,False,False,0.301154045188657,0.2935674825724195,False,False,False,False,148198.0,108755.30434642638,False,False,False,False,6654.844318238672,False,False,False,False
2025-06-25 17:00:00+00:00,3.665,3.685,3.665,3.685,2122.0,,,,,,,,,,3.6393415825236946,3.6324178120431063,3.4620480136061453,3.3982612454434284,3.3773306313542193,3.3284041750175692,3.2847016469947805,3.275182062992469,3.254150579150579,3.19665612150564,3.4620480136061453,3.2847016469947805,,,3.384849387063163,"rgba(38, 166, 154, 0.5)",0.31279188890661075,3.475472967867886,0.6698608230044983,58.3275604782324,11.28479178997982,False,True,True,False,False,18.5091711571736,0.0,0.0,0.0,0.0,0,1.0744000000000002,0.8783999999999998,False,False,False,False,0.3074964780479222,0.3005319803101708,False,False,False,False,150320.0,109399.71823252829,False,False,False,False,6584.567662141948,False,False,False,False
2025-06-25 18:00:00+00:00,3.685,3.74,3.685,3.735,8733.0,,,,,,,,,,3.6434547124933334,3.635639530312348,3.4648571961232264,3.4014048045259426,3.380561148702625,3.3317980959223994,3.2882649305145466,3.2787807662532122,3.257819958582347,3.2005121211098544,3.4648571961232264,3.2882649305145466,,,3.388309326453983,"rgba(38, 166, 154, 1.0)",0.3062153013988861,3.479420605002568,0.8346395292131598,62.81125778425084,7.251885329102798,True,False,True,False,True,20.0,0.0,0.0,0.0,0.0,0,1.0741626794258377,0.8732057416267942,False,False,False,False,0.3315004623403261,0.3160162213252484,False,False,False,False,159053.0,110169.5365545046,False,False,False,False,6617.876690635871,False,False,False,False
2025-06-25 19:00:00+00:00,3.735,3.755,3.7,3.7,6196.0,,,,,,,,,,3.646069240161548,3.6377428414654505,3.4668006909210907,3.403586666829628,3.3828054099537317,3.3341604139315573,3.2907482571291355,3.2812893973042603,3.2603792336306987,3.2032049777750915,3.4668006909210907,3.2907482571291355,,,3.390678712910219,"rgba(38, 166, 154, 1.0)",0.3001680760405307,3.503322342216305,0.6552251004771692,61.835351245606354,7.251885329102798,True,False,True,False,True,18.106744338708996,0.0,0.0,0.0,0.0,0,1.0739268680445153,0.8736089030206677,False,False,False,False,0.34120480921196256,0.3286105152686055,False,False,False,False,152857.0,110831.35769319444,False,False,False,False,6611.335966750043,False,False,False,False
2025-06-26 14:00:00+00:00,3.69,3.73,3.68,3.715,3049.0,,,,,,,,,,3.6471210089806596,3.6386154526030707,3.467708579640321,3.4046155881978395,3.3838662896444305,3.3352823380589363,3.2919314485414906,3.282485384548496,3.2616009437503672,3.204494328892163,3.467708579640321,3.2919314485414906,,,3.391772136285777,"rgba(38, 166, 154, 1.0)",0.29403274010261554,3.504117016775152,0.7172091895319249,62.17413505327008,7.251885329102798,True,False,True,False,True,18.792629655614164,0.0,0.0,0.0,0.0,0,1.0680918448139354,0.8788598574821851,False,False,False,False,0.3266708900966352,0.32764070268262036,False,False,False,False,155906.0,111530.18935686584,False,False,False,False,6556.1059517616695,False,False,False,False
2025-06-26 15:00:00+00:00,3.715,3.73,3.7,3.715,1338.0,,,,,,,,,,3.6476204787804467,3.639027577836114,3.4681158180582172,3.40507478496627,3.384339178758657,3.3357813139398225,3.2924568361293516,3.2830162934951397,3.2621429377637647,3.205065521421569,3.4681158180582172,3.2924568361293516,,,3.392264074114935,"rgba(38, 166, 154, 1.0)",0.28625694059015605,3.5045569919258646,0.7351542556148318,62.3999909250459,7.292666434290652,True,False,True,False,True,18.792629655614174,0.0,0.0,0.0,0.0,0,1.0719936708860762,0.8781645569620253,False,False,False,False,0.333113631365986,0.3303771670243032,False,False,False,False,155906.0,112218.18642110049,False,False,False,False,6475.205084292496,False,False,False,False
2025-06-26 16:00:00+00:00,3.715,3.715,3.705,3.705,110.0,,,,,,,,,,3.6476571840517664,3.639058306025686,3.468148335931997,3.4051116653749807,3.38437721334365,3.3358215574017334,3.292499290819633,3.2830592100435174,3.262186783562727,3.2051118104139538,3.468148335931997,3.292499290819633,,,3.3923031356969644,"rgba(38, 166, 154, 1.0)",0.27646997784325306,3.504587165309156,0.7248990876125788,61.319512244969296,7.292666434290652,True,False,True,False,True,18.014240542244412,0.0,0.0,0.0,0.0,0,1.079554494828958,0.8790771678599839,False,False,False,False,0.32988895639584054,0.33013306171007184,False,False,False,False,155796.0,112893.81143782761,False,False,False,False,6376.519734148426,False,False,False,False
2025-06-26 17:00:00+00:00,3.705,3.705,3.645,3.645,3175.0,,,,,,,,,,3.6479546281191144,3.639386095125905,3.4689144863188894,3.406020738264744,3.385324859958874,3.336844706369912,3.2935936544802336,3.284168374780826,3.263326068778836,3.20632948275747,3.4689144863188894,3.2935936544802336,,,3.393186309495481,"rgba(38, 166, 154, 0.5)",0.2650615600773355,3.504554103498015,0.5298614271379362,54.99905218209807,10.06816097829423,False,True,True,False,False,13.516667051116752,0.0,0.0,0.0,0.0,0,1.0705789056304524,0.8818398096748613,False,False,False,False,0.3074964780479222,0.31881476987899704,False,False,False,False,152621.0,113509.7368418923,False,False,False,False,6326.883769277908,False,False,False,False
2025-06-26 18:00:00+00:00,3.645,3.65,3.635,3.64,7179.0,,,,,,,,,,3.647719885318676,3.639449442129388,3.470421487225039,3.407869882032565,3.3872673537552904,3.338972024502741,3.2958905948431623,3.2865004997773717,3.2657302289379473,3.2089202707105233,3.470421487225039,3.2958905948431623,,,3.3948741669232705,#000000,0.2546323440386767,3.504249644845152,0.5331229843064579,50.41924611299561,5.905500608222752,False,True,False,False,False,13.154203344420324,0.0,0.0,0.0,0.0,0,1.0675675675675675,0.8903020667726548,False,False,False,False,0.286968295538009,0.302891532708503,False,False,False,False,145442.0,114004.81068930481,False,False,False,False,6340.094873630188,False,False,False,False
2025-06-26 19:00:00+00:00,3.645,3.66,3.62,3.625,1891.0,,,,,,,,,,3.6475960218065975,3.6394171237542126,3.4707987933850766,3.408338389248372,3.3877608513208397,3.339515210911814,3.2964790217597435,3.2870983081167036,3.266347286190121,3.209587145484432,3.4707987933850766,3.2964790217597435,,,3.395293815197791,"rgba(239, 83, 80, 1.0)",0.24346953487944825,3.504226761425545,0.49605072205134365,46.259161374446904,2.2089474110996647,False,True,False,True,False,12.062844665272884,0.0,0.0,0.0,0.0,0,1.0618066561014265,0.8906497622820918,False,False,False,False,0.2853991141600791,0.29414532343429106,False,False,False,False,143551.0,114462.89114373419,False,False,False,False,6271.116658535147,False,False,False,False
2025-06-27 14:00:00+00:00,3.63,3.64,3.595,3.625,2159.0,,,,,,,,,,3.647292586575402,3.6392574243595948,3.471188303682019,3.4088356946531766,3.38828785262309,3.3401015889369603,3.2971186928329637,3.287749017690622,3.2670207155328863,3.21031922812856,3.471188303682019,3.2971186928329637,,,3.395717110501528,"rgba(239, 83, 80, 1.0)",0.23017997267316798,3.5040887807221472,0.5252899193342695,43.48577154874776,-0.2284346869832774,False,True,False,True,False,12.062844665272884,0.0,0.0,0.0,0.0,0,1.0584518167456558,0.8941548183254344,False,False,False,False,0.27133688318489374,0.2827411033095924,False,False,False,False,143551.0,114913.86957561428,False,False,False,False,6207.36291189119,False,False,False,False
2025-06-27 15:00:00+00:00,3.625,3.625,3.615,3.625,1966.0,,,,,,,,,,3.6470385460315224,3.6391266588270588,3.4715451821363215,3.409290074020341,3.3887691040964136,3.340636586803777,3.2977019805193324,3.288342310540265,3.2676346026348666,3.2109863020553653,3.4715451821363215,3.2977019805193324,,,3.396107134766526,"rgba(239, 83, 80, 1.0)",0.21425498406851315,3.5040198622442276,0.5646549520504324,41.636844998281674,-1.9288553872991514,False,True,False,True,False,12.062844665272884,0.0,0.0,0.0,0.0,0,1.0650277557494057,0.894528152260111,False,False,False,False,0.2728940963055448,0.2778175998075686,False,False,False,False,143551.0,115357.85609382181,False,False,False,False,6141.605347365746,False,False,False,False
2025-06-27 16:00:00+00:00,3.625,3.63,3.615,3.62,3272.0,,,,,,,,,,3.6466267339322425,3.6389132843556524,3.472135394199663,3.4100420081985687,3.3895656621722434,3.3415224866934756,3.298668107637449,3.2893250632108404,3.268651592289771,3.2120917246286793,3.472135394199663,3.298668107637449,,,3.3967542057318587,"rgba(239, 83, 80, 1.0)",0.19892440503598252,3.5039714736004854,0.5832794944317004,39.938943818255126,-3.6192946898036737,False,True,False,True,False,11.68277970736641,0.0,0.0,0.0,0.0,0,1.063352044907779,0.9029671210906173,False,False,False,False,0.27445260208422717,0.2761351009458979,False,False,False,False,140279.0,115744.2304179486,False,False,False,False,6097.11534198023,False,False,False,False
2025-06-27 17:00:00+00:00,3.615,3.62,3.59,3.595,6730.0,,,,,,,,,,3.645174243987987,3.6380000012144578,3.4731744617500766,3.411427407904749,3.391047335625916,3.343198358942157,3.3005153468544,3.2912077716117274,3.270607647601484,3.214236685551442,3.4731744617500766,3.3005153468544,,,3.3978589261044396,"rgba(239, 83, 80, 1.0)",0.18124101717411292,3.503536224213817,0.5046527392765446,36.71834260554224,-6.770730639308823,False,True,False,True,False,9.794201135011175,0.0,0.0,0.0,0.0,0,1.0536858974358976,0.9070512820512818,False,False,False,False,0.26356988857686564,0.26985249476138173,False,False,False,False,133549.0,116020.27335720521,False,False,False,False,6106.927507220847,False,False,False,False
2025-06-27 18:00:00+00:00,3.595,3.615,3.555,3.57,8759.0,,,,,,,,,3.58,3.642544492455861,3.6362063281902812,3.4742782177774005,3.4129987935018673,3.3927497747275135,3.345167264542917,3.3027154734664315,3.293455710215146,3.2729548950655247,3.2168390432063667,3.4742782177774005,3.3027154734664315,,,3.4154463630135736,"rgba(239, 83, 80, 1.0)",0.16050876319710375,3.516527115589942,0.33314619927881106,32.93925357977858,-10.388082064249119,False,True,False,True,False,7.950065392459262,0.0,0.0,0.0,0.0,0,1.0470869912210696,0.9106145251396647,True,False,False,False,0.25120663444835584,0.26052956460486876,False,False,False,False,124790.0,116156.23811135707,True,False,False,False,6148.04491020967,False,False,False,False
2025-06-27 19:00:00+00:00,3.565,3.595,3.565,3.595,8517.0,,,,,,,,,3.5824649803195188,3.6403719866722817,3.6347114566159493,3.475379558420779,3.4145438367236163,3.3944194395073595,3.3470907268392267,3.3048598310891264,3.2956457946722364,3.275240003198495,3.2193685884947385,3.475379558420779,3.3048598310891264,,,3.4167360184139386,"rgba(239, 83, 80, 1.0)",0.13911722971510232,3.5161646143992926,0.5666831187061033,34.24831805102334,-10.388082064249119,False,True,False,True,False,9.405747172179087,0.0,0.0,0.0,0.0,0,1.0462151394422312,0.9139442231075696,False,False,False,False,0.2481276758016823,0.2543286202032755,False,False,False,False,133307.0,116422.14139645231,False,False,False,False,6184.772896097891,False,False,False,False
2025-06-30 14:00:00+00:00,3.61,3.64,3.605,3.625,1037.0,,,,,,,,,3.584779209668906,3.6402940229093863,3.6346711568938197,3.4755585287766064,3.4147719419124556,3.3946612458533245,3.3473602115386725,3.3051541201071686,3.2959452357097136,3.2755500948957863,3.2197062465709845,3.4755585287766064,3.3051541201071686,,,3.4171320013488025,"rgba(239, 83, 80, 0.75)",0.11698375185554284,3.516359708646939,0.9286784671363193,38.7415938257723,-10.388082064249119,False,True,False,True,True,11.10436031566617,0.0,0.0,0.0,0.0,0,1.0492845786963436,0.9117647058823527,False,False,False,False,0.27445260208422717,0.26439061114375134,False,False,False,False,134344.0,116699.99966937552,False,False,False,False,6104.96246360025,False,False,False,False
2025-06-30 15:00:00+00:00,3.625,3.635,3.625,3.625,348.0,,,,,,,,,3.5855914295411115,3.6402756850823863,3.634663632766126,3.475620520115512,3.41485021105045,3.3947440494010204,3.347452164677832,3.3052543067918085,3.296047133363696,3.2756555270438006,3.219820834669636,3.475620520115512,3.3052543067918085,,,3.417270499500307,"rgba(239, 83, 80, 0.75)",0.08712758585096528,3.516432458535676,1.2460754008498802,41.73711100893827,-15.197695016121408,False,True,False,True,True,11.10436031566617,0.0,0.0,0.0,0.0,0,1.0575539568345327,0.9096722621902475,False,False,False,False,0.27913596747983754,0.27176328931179444,False,False,False,False,134344.0,116973.55006209838,False,False,False,False,6015.707231606447,False,False,False,False
2025-06-30 16:00:00+00:00,3.625,3.635,3.615,3.635,455.0,,,,,,,,,3.586608774499547,3.640251793552737,3.6346538220924858,3.475701496161025,3.4149524591987364,3.394852224177526,3.3475723000140376,3.305385204339834,3.296180267412453,3.2757932815228714,3.2199705584075278,3.475701496161025,3.305385204339834,,,3.4174474710344342,"rgba(239, 83, 80, 0.75)",0.03774917217636954,3.5165253741890736,3.138469507553589,44.913188053008156,-12.146122437690565,False,True,False,True,True,11.673528446962525,0.0,0.0,0.0,0.0,0,1.0537289494787494,0.9109863672814755,False,False,False,False,0.2760124097116895,0.27388784951174194,False,False,False,False,134799.0,117249.91362702708,False,False,False,False,5929.494716387741,False,False,False,False
2025-06-30 17:00:00+00:00,3.635,3.65,3.63,3.635,1407.0,,,,,,,,,3.5901548668973025,3.640239998193805,3.634671371847111,3.4759677266726543,3.4152828118901515,3.395200400777841,3.3479563546639253,3.3058018225530565,3.2966036590031402,3.276230644531596,3.2204441774054424,3.4759677266726543,3.3058018225530565,,,3.4180503485850933,#000000,0.03729623317454719,3.5168757962268815,3.1671885796159205,47.03057274905475,-10.037786649629673,False,True,False,False,True,11.673528446962514,0.0,0.0,0.0,0.0,0,1.0554662379421225,0.9083601286173631,False,False,False,False,0.28539911416007885,0.27964348183591037,False,False,False,False,134799.0,117521.99248552279,False,False,False,False,5859.378519234443,False,False,False,False
2025-06-30 18:00:00+00:00,3.635,3.645,3.635,3.645,616.0,,,,,,,,,3.5916559439897817,3.6402438282096656,3.6346859488289747,3.476086398452287,3.415429293406749,3.395354608668449,3.3481261053581663,3.3059857196950166,3.296790499747871,3.2764235545157723,3.2206528469394096,3.476086398452287,3.3059857196950166,,,3.418312249801104,#000000,0.036088230219304684,3.5170326297399193,3.5459585987574185,49.72368326373108,-7.337044111584447,False,True,False,False,True,12.255488193393052,0.0,0.0,0.0,0.0,0,1.065587044534413,0.9028340080971657,False,False,False,False,0.28539911416007885,0.28252129799799464,False,False,False,False,135415.0,117799.40345473948,False,False,False,False,5778.085829013754,False,False,False,False
2025-06-30 19:00:00+00:00,3.645,3.655,3.62,3.62,1724.0,,,,,,,,,3.5946729796323025,3.6401798655027933,3.6346684424474383,3.476397619644354,3.415820169340706,3.395767686343696,3.3485839964529536,3.306484023654635,3.2972972060900263,3.276947618615694,3.2212219078564837,3.476397619644354,3.306484023654635,,,3.418912865052825,#000000,0.03552971095240611,3.5173597197844595,2.888857732420975,48.18341037989007,-7.337044111584447,False,True,False,False,True,10.25677495590314,0.0,0.0,0.0,0.0,0,1.061638280616383,0.9010543390105433,False,False,False,False,0.2838313001277033,0.28317629906284897,False,False,False,False,133691.0,118045.78479652647,False,False,False,False,5715.231785153076,False,False,False,False
2025-07-01 14:00:00+00:00,3.635,3.69,3.635,3.69,4202.0,,,,,,,,,3.6066267011515483,3.6407419578221125,3.6351840244614237,3.4773450657441467,3.416942438983652,3.396938178008512,3.3498506953224156,3.3078408189297934,3.298672807361955,3.2783618056289763,3.222736862255447,3.4773450657441467,3.3078408189297934,,,3.4210219414245433,"rgba(38, 166, 154, 0.5)",0.0354244533040816,3.518872371883161,4.830776826614329,53.814900220761956,-3.313288961092759,False,False,True,False,True,14.23374365715496,0.0,0.0,0.0,0.0,0,1.0547504025764898,0.8977455716586151,False,False,False,False,0.2995721236121728,0.29137421133751085,False,False,False,False,137893.0,118353.49355937101,False,False,False,False,5691.770827243726,False,False,False,False
2025-07-01 15:00:00+00:00,3.685,3.71,3.685,3.7,3269.0,,,,,,,,,3.6165096371508314,3.641530827882603,3.635861293832668,3.478176088582845,3.4178994283934774,3.3979296543363677,3.3509103810822554,3.308966258787447,3.2998120142094547,3.2795291222580745,3.2239780019941575,3.478176088582845,3.308966258787447,,,3.422827518955471,"rgba(38, 166, 154, 1.0)",0.03501929969820236,3.520302656875761,5.131380258111318,58.21234300215205,0.801058320233281,True,False,True,False,True,14.773036548408257,0.0,0.0,0.0,0.0,0,1.0620467365028208,0.8968573730862206,False,False,False,False,0.32185599239650453,0.3066151018670077,False,False,False,False,141162.0,118707.11381426448,False,False,False,False,5654.208488836846,False,False,False,False
2025-07-01 16:00:00+00:00,3.695,3.725,3.685,3.685,2279.0,,,,,,,,,3.6222274859718513,3.6420681284899206,3.6363249252104737,3.478751752560286,3.418562756706189,3.3986170168974206,3.3516453418484082,3.3097470348080096,3.300602383619015,3.280339091501581,3.2248394435953536,3.478751752560286,3.3097470348080096,,,3.423975032837137,"rgba(38, 166, 154, 1.0)",0.035310335878053996,3.5212243151788707,4.638179749599009,59.23919990749154,1.8404998022745787,True,False,True,False,True,13.569903738645849,0.0,0.0,0.0,0.0,0,1.0681265206812656,0.8961881589618814,False,False,False,False,0.3266708900966352,0.31664299598182144,False,False,False,False,138883.0,119019.91825125263,False,False,False,False,5601.87967505643,False,False,False,False
2025-07-01 17:00:00+00:00,3.685,3.74,3.68,3.735,8917.0,,,,,,,,,3.6428625892928803,3.6447899998265627,3.638639060213944,3.4811780460095156,3.4213116671208663,3.401453949723048,3.35465555230269,3.31292779815331,3.303818950673466,3.283628564562257,3.2283212393826815,3.4811780460095156,3.31292779815331,,,3.4285079470237476,"rgba(38, 166, 154, 1.0)",0.036861684494675036,3.5250946171793807,5.694405605661936,63.0501097843319,5.574320824728744,True,False,True,False,True,16.248099062729338,0.0,0.0,0.0,0.0,0,1.0557350565428112,0.898222940226171,False,False,False,False,0.32988895639584054,0.323265976188831,False,False,False,False,147800.0,119466.12106906266,False,False,False,False,5653.2768893966395,False,False,False,False
2025-07-01 18:00:00+00:00,3.74,3.75,3.735,3.745,4802.0,,,,,,,,,3.6532757057757053,3.6466482493032957,3.6402061961182817,3.482600014006535,3.4228940831710504,3.4030798362729007,3.356366266919884,3.314724648529566,3.3056339450540624,3.2854803360112332,3.2302706142532345,3.482600014006535,3.314724648529566,,,3.431016354128704,"rgba(38, 166, 154, 1.0)",0.03873413653787219,3.5273623313472653,5.618756169766176,66.09614176424401,8.565444298226595,True,False,True,False,True,16.76623041849323,0.0,0.0,0.0,0.0,0,1.0640713706407139,0.8978102189781021,False,False,False,False,0.342828190150098,0.3330470831694645,False,False,False,False,152602.0,119979.85562613145,False,False,False,False,5640.078798088165,False,False,False,False
2025-07-01 19:00:00+00:00,3.74,3.75,3.68,3.69,19786.0,,,,,,,,,3.6692531030380025,3.650975378684362,3.644067116084195,3.4874983086340494,3.42852574190591,3.4089143982036845,3.36260589719814,3.3213526819227503,3.3123434486755174,3.2923568673918697,3.237586399501827,3.4874983086340494,3.3213526819227503,,,3.4377708492036647,"rgba(38, 166, 154, 0.75)",0.03905782269296009,3.5330536427543207,4.018307893900287,62.2948632863706,8.565444298226595,True,False,True,False,False,12.43852786891934,0.0,0.0,0.0,0.0,0,1.052334943639292,0.8985507246376809,False,False,False,False,0.32525589807977784,0.3291514906246212,False,False,False,False,132816.0,120178.865616424,False,False,False,False,5859.395405869744,False,False,False,False
2025-07-02 14:00:00+00:00,3.73,3.745,3.715,3.725,8082.0,,,,,,,,,3.6756882300089844,3.653188351933853,3.646020360167607,3.4896298184308336,3.4309365519986064,3.4114024006108985,3.3652476259251705,3.3241446334387845,3.3151670042809256,3.2952451014545967,3.2406455126845466,3.4896298184308336,3.3241446334387845,,,3.440665053721346,"rgba(38, 166, 154, 0.75)",0.03890679553419856,3.5356070483091786,4.8678630324193,61.99369092059732,8.565444298226595,True,False,True,False,False,14.297448039241434,0.0,0.0,0.0,0.0,0,1.0536858974358978,0.8958333333333331,False,False,False,False,0.3348160960565052,0.33198379334056316,False,False,False,False,140898.0,120500.09250609184,False,False,False,False,5893.854391825251,False,False,False,False
2025-07-02 15:00:00+00:00,3.73,3.75,3.73,3.74,5773.0,,,,,,,,,3.6803306949428767,3.654926740943211,3.647551051788152,3.491202700134139,3.4327016277422513,3.4132205417700976,3.3671712613681994,3.326172485105472,3.317216816090964,3.297339804777071,3.242859117754409,3.491202700134139,3.326172485105472,,,3.4427902584015313,"rgba(38, 166, 154, 0.75)",0.040385306399409376,3.5375170037204526,5.0137788797984415,62.64930314127265,8.565444298226595,True,False,True,False,False,15.076113466167158,0.0,0.0,0.0,0.0,0,1.0520416333066456,0.896717373899119,False,False,False,False,0.34122240777548596,0.33660310055802456,False,False,False,False,146671.0,120905.84300987335,False,False,False,False,5891.9806803240845,False,False,False,False
2025-07-02 16:00:00+00:00,3.745,3.745,3.73,3.745,1205.0,,,,,,,,,3.681216421526358,3.655280849197056,3.6478642847301685,3.4915285184504934,3.433067512274554,3.4135975077583387,3.367570293787619,3.32659326686834,3.3176421811170314,3.297774546184614,3.243318690738212,3.4915285184504934,3.32659326686834,,,3.4432230975120715,"rgba(38, 166, 154, 0.75)",0.04183117075636381,3.5379047063206834,4.950741036761709,63.378856587027556,8.565444298226595,True,False,True,False,False,15.336432444249876,0.0,0.0,0.0,0.0,0,1.0512611879576896,0.907241659886086,False,False,False,False,0.33961831806711285,0.3381107093125687,False,False,False,False,147876.0,121323.98497871253,False,False,False,False,5819.314313187277,False,False,False,False
2025-07-02 17:00:00+00:00,3.745,3.745,3.73,3.73,1707.0,,,,,,,,,3.682324083569605,3.6557481524979054,3.648280510191517,3.4919793553715297,3.43357591540404,3.4141218731342664,3.368126532969958,3.327180691028138,3.3182361730753245,3.298381993549591,3.2439617290193388,3.4919793553715297,3.327180691028138,,,3.4438106372555652,"rgba(38, 166, 154, 0.75)",0.04300345680638393,3.5384246114208358,4.454883463013247,62.224168939774366,8.565444298226595,True,False,True,False,False,14.150864102807105,0.0,0.0,0.0,0.0,0,1.0457516339869286,0.9093137254901957,False,False,False,False,0.33961831806711285,0.3388645136898408,False,False,False,False,146169.0,121709.17901005031,False,False,False,False,5755.557502130109,False,False,False,False
2025-07-02 18:00:00+00:00,3.735,3.74,3.73,3.735,3018.0,,,,,,,,,3.684174728084778,3.6565610831277064,3.6490067540943567,3.492772369221542,3.434470602235689,3.4150447838241367,3.3691058616628116,3.3282151407927874,3.3192822323925286,3.2994518490011693,3.2450945235336133,3.492772369221542,3.3282151407927874,,,3.444834538906466,"rgba(38, 166, 154, 0.75)",0.0442405382565184,3.5393283515689746,4.422903882779839,61.824304422035574,8.565444298226595,True,False,True,False,False,14.421282604283842,0.0,0.0,0.0,0.0,0,1.040883074407196,0.9108748977923138,False,False,False,False,0.33801591010802795,0.33844021189893436,False,False,False,False,149187.0,122135.19173857666,False,False,False,False,5713.1147501591,False,False,False,False
2025-07-02 19:00:00+00:00,3.735,3.745,3.72,3.74,7182.0,,,,,,,,,3.6880961665860954,3.65843016350148,3.650687051768981,3.494638869278675,3.436578499160123,3.4172198500936757,3.3714154985262192,3.3306558662603143,3.3217505709220645,3.3019768453045923,3.247769355815549,3.494638869278675,3.3306558662603143,,,3.4472017033834335,"rgba(38, 166, 154, 0.75)",0.045294631068205686,3.5414059853686988,4.384493480745081,61.95015184318786,8.565444298226595,True,False,True,False,False,14.69475343399792,0.0,0.0,0.0,0.0,0,1.0468750000000004,0.9095394736842102,False,False,False,False,0.33641517303870483,0.3374276924688196,False,False,False,False,156369.0,122665.94845580801,False,False,False,False,5735.888164885316,False,False,False,False
2025-07-03 14:00:00+00:00,3.72,3.74,3.7,3.715,1286.0,,,,,,,,,3.6885082105025204,3.658684666380345,3.650922906465821,3.494947086092242,3.4369319135765135,3.4175859340926684,3.3718071681139086,3.3310719243225138,3.3221717570459144,3.3024085978326134,3.2482289495828938,3.494947086092242,3.3310719243225138,,,3.447569919455269,"rgba(38, 166, 154, 0.75)",0.04587802080292985,3.5417131306572713,3.7771217308411464,59.02285184061963,8.565444298226595,True,False,True,False,False,12.675398720046509,0.0,0.0,0.0,0.0,0,1.0459016393442626,0.9016393442622948,False,False,False,False,0.3284361749075319,0.33293193368817575,False,False,False,False,155083.0,123168.53840222959,False,False,False,False,5666.8976507010475,False,False,False,False
2025-07-03 15:00:00+00:00,3.715,3.755,3.715,3.75,4483.0,,,,,,,,,3.690843348102589,3.6598714133946233,3.6519925712627503,3.496118492864147,3.4382513425053256,3.4189466127434414,3.3732505805042674,3.3325961045738373,3.3237129637095775,3.303984753105018,3.2498976179609254,3.496118492864147,3.3325961045738373,,,3.449042345520591,"rgba(38, 166, 154, 0.75)",0.04733035138432261,3.562685549571943,3.9575968685941687,59.97733312130866,8.565444298226595,True,False,True,False,False,14.61744258529183,0.0,0.0,0.0,0.0,0,1.0465306122448985,0.9004081632653061,False,False,False,False,0.3380159101080277,0.3354739218981017,False,False,False,False,159566.0,123732.84013242758,False,False,False,False,5648.542648364597,False,False,False,False
2025-07-03 16:00:00+00:00,3.745,3.755,3.735,3.74,9629.0,,,,,,,,,3.695502382861831,3.662408186606566,3.654289244487152,3.4986309491140446,3.4410777358074243,3.421860670037691,3.376340767879983,3.3358582469337423,3.3270113753216686,3.3073576643965255,3.2534678493566798,3.4986309491140446,3.3358582469337423,,,3.4521640975275734,"rgba(38, 166, 154, 0.75)",0.048434780147423286,3.5848842163922825,3.2025702013219486,59.448997919331966,8.565444298226595,True,False,True,False,False,13.810634247043424,0.0,0.0,0.0,0.0,0,1.0562448304383794,0.9073614557485525,False,False,False,False,0.3428281902892004,0.33915105609365104,False,False,False,False,149937.0,124139.10617688607,False,False,False,False,5710.255165444216,False,False,False,False
2025-07-03 17:00:00+00:00,3.74,3.74,3.735,3.735,0.0,,,,,,,,,3.695502382861831,3.662408186606566,3.654289244487152,3.4986309491140446,3.4410777358074243,3.421860670037691,3.376340767879983,3.3358582469337423,3.3270113753216686,3.3073576643965255,3.2534678493566798,3.4986309491140446,3.3358582469337423,,,3.4521640975275734,"rgba(38, 166, 154, 0.75)",0.0493414286029285,3.5848842163922825,3.042388270022805,58.49766818897626,12.59870158627777,True,False,True,False,False,13.404568395652284,0.0,0.0,0.0,0.0,0,1.044813278008299,0.908713692946058,False,False,False,False,0.33802631009081857,0.3385886830922348,False,False,False,False,149937.0,124539.07352298086,False,False,False,False,5621.724077607872,False,False,False,False
2025-07-03 18:00:00+00:00,3.735,3.735,3.735,3.735,0.0,,,,,,,,,3.695502382861831,3.662408186606566,3.654289244487152,3.4986309491140446,3.4410777358074243,3.421860670037691,3.376340767879983,3.3358582469337423,3.3270113753216686,3.3073576643965255,3.2534678493566798,3.4986309491140446,3.3358582469337423,,,3.4521640975275734,"rgba(38, 166, 154, 0.75)",0.05003764348734955,3.5848842163922825,3.000057019984753,57.86344836873913,11.688655727519752,True,False,True,False,False,13.404568395652284,0.0,0.0,0.0,0.0,0,1.0450375312760636,0.9099249374478731,False,False,False,False,0.336429025231582,0.3375088541619084,False,False,False,False,149937.0,124932.83982495015,False,False,False,False,5534.565564776742,False,False,False,False
2025-07-03 19:00:00+00:00,3.735,3.735,3.735,3.735,0.0,,,,,,,,,3.695502382861831,3.662408186606566,3.654289244487152,3.4986309491140446,3.4410777358074243,3.421860670037691,3.376340767879983,3.3358582469337423,3.3270113753216686,3.3073576643965255,3.2534678493566798,3.4986309491140446,3.3358582469337423,,,3.4521640975275734,"rgba(38, 166, 154, 0.75)",0.050549948539030595,3.5848842163922825,2.96965255052258,57.440635155247705,10.97858687637288,True,False,True,False,False,13.404568395652284,0.0,0.0,0.0,0.0,0,1.043441938178781,0.9081035923141187,False,False,False,False,0.336429025231582,0.33696893969674524,False,False,False,False,149937.0,125320.50122301294,False,False,False,False,5448.758346718188,False,False,False,False
2025-07-04 14:00:00+00:00,3.735,3.735,3.735,3.735,0.0,,,,,,,,,3.695502382861831,3.662408186606566,3.654289244487152,3.4986309491140446,3.4410777358074243,3.421860670037691,3.376340767879983,3.3358582469337423,3.3270113753216686,3.3073576643965255,3.2534678493566798,3.4986309491140446,3.3358582469337423,,,3.4521640975275734,"rgba(38, 166, 154, 0.75)",0.05099743855077526,3.5848842163922825,2.9435945779562163,57.15875967958675,10.399537271333521,True,False,True,False,False,13.404568395652284,0.0,0.0,0.0,0.0,0,1.0428571428571434,0.9126050420168067,False,False,False,False,0.336429025231582,0.33669898246416363,False,False,False,False,149937.0,125702.15236684219,False,False,False,False,5364.281473125658,False,False,False,False
2025-07-04 15:00:00+00:00,3.735,3.735,3.735,3.735,0.0,,,,,,,,,3.695502382861831,3.662408186606566,3.654289244487152,3.4986309491140446,3.4410777358074243,3.421860670037691,3.376340767879983,3.3358582469337423,3.3270113753216686,3.3073576643965255,3.2534678493566798,3.4986309491140446,3.3358582469337423,,,3.4521640975275734,"rgba(38, 166, 154, 0.75)",0.051381806995194956,3.5848842163922825,2.921574627022278,56.970842695812784,9.910589439464907,True,False,True,False,False,13.404568395652284,0.0,0.0,0.0,0.0,1,1.0423011844331644,0.9137055837563451,False,False,False,False,0.336429025231582,0.33656400384787283,False,False,False,False,149937.0,126077.88643867409,False,False,False,False,5281.114318503554,False,False,False,False
2025-07-04 16:00:00+00:00,3.735,3.735,3.735,3.735,0.0,,,,,,,,,3.695502382861831,3.662408186606566,3.654289244487152,3.4986309491140446,3.4410777358074243,3.421860670037691,3.376340767879983,3.3358582469337423,3.3270113753216686,3.3073576643965255,3.2534678493566798,3.4986309491140446,3.3358582469337423,,,3.4521640975275734,"rgba(38, 166, 154, 0.75)",0.0516273898951785,3.5848842163922825,2.907677182838498,56.84556470663014,9.487589636673874,True,False,True,False,False,13.404568395652284,0.0,0.0,0.0,0.0,0,1.0728782287822882,0.900369003690037,False,False,False,False,0.336429025231582,0.3364965145397274,False,False,False,False,149937.0,126447.795176059,False,False,False,False,5199.236577131406,False,False,False,False
2025-07-04 17:00:00+00:00,3.735,3.735,3.735,3.735,0.0,,,,,,,,,3.695502382861831,3.662408186606566,3.654289244487152,3.4986309491140446,3.4410777358074243,3.421860670037691,3.376340767879983,3.3358582469337423,3.3270113753216686,3.3073576643965255,3.2534678493566798,3.4986309491140446,3.3358582469337423,,,3.4521640975275734,"rgba(38, 166, 154, 0.75)",0.05188761243616565,3.5848842163922825,2.8930948363137,56.76204604717505,9.11619988525316,True,False,True,False,False,13.404568395652284,0.0,0.0,0.0,0.0,0,1.0710944808231995,0.8905519176800746,False,False,False,False,0.336429025231582,0.3364627698856547,False,False,False,False,149937.0,126811.96889425963,False,False,False,False,5118.628258106113,False,False,False,False
2025-07-04 18:00:00+00:00,3.735,3.735,3.735,3.735,0.0,,,,,,,,,3.695502382861831,3.662408186606566,3.654289244487152,3.4986309491140446,3.4410777358074243,3.421860670037691,3.376340767879983,3.3358582469337423,3.3270113753216686,3.3073576643965255,3.2534678493566798,3.4986309491140446,3.3358582469337423,,,3.4521640975275734,"rgba(38, 166, 154, 0.75)",0.052088109690913105,3.5848842163922825,2.8819587521699876,56.706366940871646,8.787685037198983,True,False,True,False,False,13.404568395652284,0.0,0.0,0.0,0.0,0,1.0774315391879135,0.879131255901794,False,False,False,False,0.3363732542786429,0.33641801208214883,False,False,False,False,149937.0,127170.49650830211,False,False,False,False,5039.269680461057,False,False,False,False
2025-07-04 19:00:00+00:00,3.735,3.735,3.735,3.735,0.0,,,,,,,,,3.695502382861831,3.662408186606566,3.654289244487152,3.4986309491140446,3.4410777358074243,3.421860670037691,3.376340767879983,3.3358582469337423,3.3270113753216686,3.3073576643965255,3.2534678493566798,3.4986309491140446,3.3358582469337423,,,3.4521640975275734,"rgba(38, 166, 154, 0.75)",0.0522295694786906,3.5848842163922825,2.8741531876682207,56.66924753666938,8.496409974843353,True,False,True,False,False,13.404568395652284,0.0,0.0,0.0,0.0,0,1.0740740740740742,0.8784425451092116,False,False,False,False,0.336287750960006,0.33635288152107745,False,False,False,False,149937.0,127523.46555468503,False,False,False,False,4961.1414683608855,False,False,False,False
2025-07-07 14:00:00+00:00,3.735,3.82,3.735,3.76,4335.0,,,,,,,,,3.6984289740998775,3.663883057179127,3.6556030724687067,3.4998745149912738,3.4424508436229164,3.423269690535813,3.377821306079429,3.337410963857897,3.328579373304287,3.308956899353164,3.25515035967433,3.4998745149912738,3.337410963857897,,,3.4537662777424383,"rgba(38, 166, 154, 1.0)",0.05281976834414732,3.606686691757143,2.902574415774481,61.09483739467521,9.060862089445763,True,False,True,False,True,15.048437843557416,0.0,0.0,0.0,0.0,0,1.0715630885122416,0.867231638418079,False,False,False,False,0.34282818930264364,0.3395905354118606,False,False,False,False,154272.0,127938.1715150775,False,False,False,False,4951.433848696375,False,False,False,False
2025-07-07 15:00:00+00:00,3.765,3.785,3.755,3.785,1250.0,,,,,,,,,3.6992680681698635,3.6643138939638797,3.6559871939067454,3.500235368616328,3.4428486513937435,3.423677743592599,3.378249758362387,3.337860058703996,3.3290328404476166,3.3094193027839265,3.2556366029054806,3.500235368616328,3.337860058703996,,,3.4542299529860516,"rgba(38, 166, 154, 1.0)",0.053783181670779875,3.6072629862104435,3.3046950416122414,66.62065958800419,13.983100840735524,True,False,True,False,True,16.637805458234123,0.0,0.0,0.0,0.0,0,1.074003795066414,0.8804554079696393,False,False,False,False,0.33718477428904503,0.3383876548504528,False,False,False,False,155522.0,128365.82777065769,False,False,False,False,4894.047277398757,False,False,False,False
2025-07-07 16:00:00+00:00,3.785,3.8,3.735,3.76,5340.0,,,,,,,,3.7650000000000006,3.7022076410290765,3.6659544783717344,3.657465131000467,3.5017106159684546,3.4444865796488497,3.4253610206823946,3.380023872519543,3.3397246048646503,3.330916515901296,3.3113421934761798,3.2576638322726383,3.5017106159684546,3.3397246048646503,,,3.4818213738112735,"rgba(38, 166, 154, 0.75)",0.054090514730267485,3.626495832818654,2.468162261851076,64.49635142524525,13.983100840735524,True,False,True,False,False,14.224123359587484,0.0,0.0,0.0,0.0,0,1.0615234375000002,0.9082031249999998,False,False,False,False,0.33490606568205006,0.33664686026625146,False,False,False,False,150182.0,128704.06299901959,False,False,False,False,4900.961273098001,False,False,False,False
2025-07-07 17:00:00+00:00,3.755,3.79,3.75,3.78,3190.0,,,,,,,,3.768116451738961,3.7040583315660394,3.6669895975929516,3.6583960008629894,3.5026117247506754,3.4454823537638513,3.426383154004699,3.381098718684588,3.3408523718479195,3.3320554900065043,3.312504120120669,3.2588869399958194,3.5026117247506754,3.3408523718479195,,,3.4831196045779724,"rgba(38, 166, 154, 0.75)",0.054778670143626376,3.627744580459516,2.7794654222397037,65.30606985819287,13.983100840735524,True,False,True,False,False,15.503391288663877,0.0,0.0,0.0,0.0,0,1.0457711442786073,0.9233830845771143,False,False,False,False,0.3368827616115075,0.33676481093887944,False,False,False,False,153372.0,129086.5116346937,False,False,False,False,4874.43474173214,False,False,False,False
2025-07-07 18:00:00+00:00,3.785,3.8,3.77,3.8,2866.0,,,,,,,,3.773619983619984,3.706021514803715,3.6680458161939544,3.659339096769891,3.5034657548355694,3.446417079807397,3.4273402328978015,3.3821002185463587,3.341899457798608,3.3331122521280667,3.313580634841971,3.2600163230297894,3.5034657548355694,3.341899457798608,,,3.4845798637727583,"rgba(38, 166, 154, 1.0)",0.05589549450812515,3.6293342242102704,3.0533011165134405,67.59822301985125,13.983100840735524,True,False,True,False,True,16.75441972391925,0.0,0.0,0.0,0.0,0,1.0420420420420422,0.9139139139139135,False,False,False,False,0.34282817562204115,0.3397964932804603,False,False,False,False,156238.0,129507.46494268294,False,False,False,False,4843.29621860451,False,False,False,False
2025-07-07 19:00:00+00:00,3.795,3.8,3.775,3.79,9590.0,,,,,,,,3.780343562374917,3.7118663645652847,3.671405303659092,3.6623598030238274,3.5062704936125733,3.44949324798681,3.430491874466863,3.3854024340832685,3.345355015210325,3.336600349536552,3.317135279995315,3.263748928388212,3.5062704936125733,3.345355015210325,,,3.4883727214085862,"rgba(38, 166, 154, 1.0)",0.05659242619559853,3.633238795040616,2.7700032583437135,67.1516755082118,13.983100840735524,True,False,True,False,True,15.780525943076306,0.0,0.0,0.0,0.0,0,1.0450450450450453,0.9049049049049047,False,False,False,False,0.34282817583104197,0.34131233455575116,False,False,False,False,146648.0,129773.20967225375,False,False,False,False,4916.888525292811,False,False,False,False
2025-07-08 14:00:00+00:00,3.91,3.97,3.875,3.895,13865.0,,,,,,,,3.8332517479173247,3.7306238066779027,3.680794932230054,3.6705785800325934,3.511983617238661,3.455449145855598,3.4365104850300336,3.3915348858771126,3.351640819768001,3.34291948356826,3.3235200408334546,3.2703170430159254,3.511983617238661,3.351640819768001,,,3.4999270490037433,"rgba(38, 166, 154, 1.0)",0.06096905137220703,3.672657499774023,3.646809245376131,72.39028617032645,18.234316058653917,True,False,True,False,True,20.0,0.0,0.0,0.0,0.0,0,1.048590864917396,0.8862973760932945,False,True,False,False,0.342828185676876,0.3420702601163136,False,False,False,False,160513.0,130249.79556880795,False,False,False,False,5055.618935753388,False,False,False,False
2025-07-08 15:00:00+00:00,3.895,3.905,3.875,3.885,4109.0,,,,,,,,3.839061045516769,3.734858511732057,3.6831549221846775,3.6726715773994005,3.5135425140734626,3.4570901793487665,3.438173418127804,3.393239244842979,3.353395301533757,3.3446847785332587,3.325306936125861,3.272163426407618,3.5135425140734626,3.353395301533757,,,3.5022784879855338,"rgba(38, 166, 154, 1.0)",0.06438951008518883,3.6751694697082895,3.258768858686758,74.49886155993569,20.030561736842174,True,False,True,False,True,20.0,0.0,0.0,0.0,0.0,0,1.047572815533981,0.8990291262135922,False,False,False,False,0.3206480212831914,0.3313591406997525,False,False,False,False,156404.0,130655.28711037681,False,False,False,False,5040.942673183567,False,False,False,False
2025-07-08 16:00:00+00:00,3.885,3.905,3.875,3.885,2186.0,,,,,,,,3.8416787780100132,3.737020017524191,3.684388702905468,3.6737687453211842,3.514366600515196,3.4579581538283994,3.4390531248128258,3.3941412118949312,3.354324024458332,3.345619271874408,3.3262529698651395,3.2731412189902884,3.514366600515196,3.354324024458332,,,3.5034760683333643,"rgba(38, 166, 154, 1.0)",0.06742049037588037,3.6764577710239346,3.0931579971223564,75.90457848634185,21.274547948222022,True,False,True,False,True,20.0,0.0,0.0,0.0,0.0,0,1.0462598425196854,0.9153543307086615,False,False,False,False,0.3206480212831914,0.326003580991472,False,False,False,False,156404.0,131054.49196137872,False,False,False,False,4996.679996079945,False,False,False,False
2025-07-08 17:00:00+00:00,3.885,3.885,3.86,3.865,1877.0,,,,,,,,3.8429143713827485,3.7386089273096474,3.685342131669449,3.674622217278938,3.5150367648535226,3.458669023970724,3.4397750310578963,3.3948844300510155,3.3550916099787624,3.346392091754678,3.32703633232069,3.2739533771296427,3.5150367648535226,3.3550916099787624,,,3.5043605257298096,"rgba(38, 166, 154, 0.75)",0.07005872697406727,3.6772635163224656,2.679701613005708,73.88884013223347,21.274547948222022,True,False,True,False,False,18.95359115952397,0.0,0.0,0.0,0.0,0,1.0463968410661404,0.9091806515301087,False,False,False,False,0.3088312753544077,0.31741742817293983,False,False,False,False,154527.0,131418.40681469068,False,False,False,False,4948.312864357776,False,False,False,False
2025-07-08 18:00:00+00:00,3.865,3.9,3.865,3.895,3170.0,,,,,,,,3.845916877737608,3.7415375439647396,3.6870736384683562,3.676168413336645,3.5162157394527114,3.459912455153772,3.4410357763067885,3.3961782146966173,3.356424575952985,3.3477335015182854,3.3283946666952513,3.2753582091819218,3.5162157394527114,3.356424575952985,,,3.505995801038807,"rgba(38, 166, 154, 0.75)",0.07348855399019134,3.679001900414211,2.9392073711862468,74.14860699678485,21.274547948222022,True,False,True,False,False,20.0,0.0,0.0,0.0,0.0,0,1.0466732869910627,0.9116186693147963,False,False,False,False,0.315573268413018,0.31649534829297893,False,False,False,False,157697.0,131825.82686407532,False,False,False,False,4920.742122274709,False,False,False,False
2025-07-08 19:00:00+00:00,3.895,3.9,3.875,3.88,6098.0,,,,,,,,3.850474619596744,3.7467962558883685,3.6902949510424063,3.6790571800164833,3.518452667520782,3.4622749264666117,3.4434321290024865,3.398639576973499,3.358962038922032,3.350287352469118,3.3309814373067708,3.278035272963465,3.518452667520782,3.358962038922032,,,3.5089740340140634,"rgba(38, 166, 154, 0.75)",0.07595417062964852,3.682085977822143,2.6057031567480715,72.27140804829496,21.274547948222022,True,False,True,False,False,19.1914971947983,0.0,0.0,0.0,0.0,0,1.0377733598409546,0.9155069582504971,False,False,False,False,0.3189546734280734,0.3177250108605262,False,False,False,False,151599.0,132132.3876878881,False,False,False,False,4938.994182394481,False,False,False,False
2025-07-09 14:00:00+00:00,3.86,3.88,3.85,3.85,8530.0,,,,,,,,3.851810531450212,3.7523176319455946,3.6940724923975146,3.6824919366803153,3.5213262442406457,3.4653430267820853,3.446553773246208,3.401866426529548,3.362304130864761,3.353654131920703,3.3343983109455366,3.2815881711749215,3.5213262442406457,3.362304130864761,,,3.5123105673481714,"rgba(38, 166, 154, 0.75)",0.07748798221265756,3.6848209633872435,2.13167296264652,67.44860222594264,22.319545690795778,True,False,True,False,False,16.40004308223481,0.0,0.0,0.0,0.0,0,1.0410410410410413,0.9179179179179177,False,False,False,False,0.3037926114512946,0.3107588111559104,False,False,False,False,143069.0,132301.94756869605,False,False,False,False,4994.668691194566,False,False,False,False
2025-07-09 15:00:00+00:00,3.855,3.855,3.825,3.84,2383.0,,,,,,,,3.8513652353226586,3.753496312634444,3.6949743424163604,3.6833228111263847,3.522073507498057,3.4661487028947118,3.447375731551689,3.4027208480228,3.3631926478137193,3.3545499273446797,3.3353089758483527,3.2825389415667487,3.522073507498057,3.3631926478137193,,,3.51308899867005,"rgba(38, 166, 154, 0.75)",0.07859549765892455,3.685304430759738,1.968249757913405,63.16614743538625,18.438808009171325,True,False,True,False,False,15.487902072714434,0.0,0.0,0.0,0.0,0,1.0432595573440648,0.9134808853118712,False,False,False,False,0.2871030655185183,0.29893093833721435,False,False,False,False,140686.0,132431.93287770852,False,False,False,False,4954.177703734185,False,False,False,False
2025-07-09 16:00:00+00:00,3.835,3.84,3.83,3.84,2061.0,,,,,,,,3.85090106999668,3.7544521551155285,3.6957276672548236,3.684019238849077,3.522710230691222,3.4668365357362463,3.448077847202168,3.4034515212788405,3.363953090094864,3.3553167209557344,3.336088762341169,3.2833537317947723,3.522710230691222,3.363953090094864,,,3.513740714275927,"rgba(38, 166, 154, 0.5)",0.07981386002602575,3.685691605310505,1.9333533629269124,60.31117757501532,15.915527661602525,False,False,True,False,False,15.487902072714434,0.0,0.0,0.0,0.0,0,1.0485829959514172,0.908906882591093,False,False,False,False,0.2831030565830165,0.29101699746011545,False,False,False,False,140686.0,132559.90291061226,False,False,False,False,4909.322235459236,False,False,False,False
2025-07-09 17:00:00+00:00,3.835,3.845,3.83,3.835,1835.0,,,,,,,,3.8505117983109782,3.755284882907944,3.696391676744026,3.684633997528745,3.523274968623495,3.4674467983702066,3.4487008441343803,3.4041000046226046,3.3646280930425587,3.355997381729594,3.3367810024927036,3.2840771620046056,3.523274968623495,3.3646280930425587,,,3.514319050875987,"rgba(38, 166, 154, 0.5)",0.08078315987209657,3.6860417217092634,1.8439273547430088,57.791508369835455,13.635932661670523,False,True,True,False,False,15.020195593160466,0.0,0.0,0.0,0.0,0,1.044897959183674,0.9142857142857143,False,False,False,False,0.2847806544759134,0.2878988259680144,False,False,False,False,138851.0,132657.43929959502,False,False,False,False,4861.658324831961,False,False,False,False
2025-07-09 18:00:00+00:00,3.835,3.86,3.83,3.86,7938.0,,,,,,,,3.8504576570093376,3.759260688009193,3.69945978486507,3.6874656205980885,3.5257976866149514,3.4701581901835827,3.451464839281691,3.4069688325533565,3.3676078637002616,3.359000867280324,3.3398329184386766,3.287259956975105,3.5257976866149514,3.3676078637002616,,,3.5170612421258034,"rgba(38, 166, 154, 0.5)",0.08221083640021816,3.688111262787907,2.090828225798669,58.63177010981104,13.635932661670523,False,True,True,False,False,16.56128368075575,0.0,0.0,0.0,0.0,0,1.0346938775510206,0.9163265306122447,False,False,False,False,0.2898228693947943,0.28886084768140435,False,False,False,False,146789.0,132876.53326394237,False,False,False,False,4909.353544602009,False,False,False,False
2025-07-09 19:00:00+00:00,3.855,3.86,3.84,3.86,16190.0,,,,,,,,3.85096799593692,3.766679420608941,3.7054828080864257,3.6930629173466842,3.5308757100289037,3.475618288678963,3.4570319564961314,3.4127502010685964,3.373614491666558,3.365055654998774,3.3459862562947156,3.2936795374962937,3.5308757100289037,3.373614491666558,,,3.5225671032256596,"rgba(38, 166, 154, 0.5)",0.08319130238669563,3.692399277357191,2.014642370469878,59.1919446031281,13.635932661670523,False,True,True,False,False,16.56128368075575,0.0,0.0,0.0,0.0,0,1.0419651995905836,0.9119754350051174,False,False,False,False,0.2931923144234629,0.2910265810524336,False,False,False,False,146789.0,133092.23042264095,False,False,False,False,5084.2472880965515,False,False,False,False
2025-07-10 14:00:00+00:00,3.885,3.895,3.87,3.875,3594.0,,,,,,,,3.85206838427088,3.7686291269727277,3.706986166805287,3.69445287614571,3.5320731542443524,3.4768934180876463,3.458328692831477,3.414089798938827,3.3750008061667818,3.366451997814995,3.347403028014634,3.295151877949851,3.5320731542443524,3.3750008061667818,,,3.5239607773535973,"rgba(38, 166, 154, 0.5)",0.08453966498015482,3.6937033064559253,2.144516347286603,60.99869018273626,13.635932661670523,False,True,True,False,True,17.484506159726546,0.0,0.0,0.0,0.0,0,1.0522006141248723,0.9007164790174,False,False,False,False,0.31499704378306626,0.30301181241774994,False,False,False,False,150383.0,133360.30436957674,False,False,False,False,5061.142678978776,False,False,False,False
2025-07-10 15:00:00+00:00,3.875,3.885,3.875,3.885,4049.0,,,,,,,,3.8532805035517668,3.7707785171653216,3.7086651410774403,3.6960080938019324,3.5334188081720703,3.4783262794475323,3.459785840666839,3.415595183854935,3.376558687702788,3.3680211496459296,3.3489951510378706,3.2968064853109458,3.5334188081720703,3.376558687702788,,,3.5255199867862808,"rgba(38, 166, 154, 0.5)",0.08598983807551992,3.69515685293644,2.207739324928504,63.08966095925527,13.635932661670523,False,False,True,False,True,18.096054438588943,0.0,0.0,0.0,0.0,0,1.054865424430642,0.9068322981366457,False,False,False,False,0.3130639293854884,0.30803787090161916,False,False,False,False,154432.0,133686.99732508717,False,False,False,False,5045.450544420964,False,False,False,False
2025-07-10 16:00:00+00:00,3.885,3.915,3.88,3.88,3443.0,,,,,,,,3.8545722481771807,3.7727020500781014,3.710148712466732,3.6973805056367857,3.534587563758408,3.4795667434004174,3.4610462171304963,3.4168949601688716,3.377901966917849,3.369373783032858,3.350366816356165,3.298230057730075,3.534587563758408,3.377901966917849,,,3.5268976354044947,"rgba(38, 166, 154, 0.5)",0.08709330194248667,3.717812348351109,1.8622287596351976,63.57417817577554,13.635932661670523,False,False,True,False,True,17.59374484504525,0.0,0.0,0.0,0.0,0,1.0486542443064184,0.901656314699793,False,False,False,False,0.32525210058904086,0.31664498574533,False,False,False,False,150989.0,133955.24542857418,False,False,False,False,5020.606349933818,False,False,False,False
2025-07-10 17:00:00+00:00,3.885,3.91,3.88,3.91,9581.0,,,,,,,,3.8584619956208956,3.7780995782495355,3.714337154966896,3.7012597332182327,3.537875113152764,3.4830487962301833,3.46458225011771,3.4205376715158717,3.3816634031897856,3.3731607771539696,3.3542057789629762,3.302211004763323,3.537875113152764,3.3816634031897856,,,3.530786938095179,"rgba(38, 166, 154, 1.0)",0.08901826920500189,3.7217685431526,2.1145261363587973,66.43738514542072,11.349466958373341,True,False,True,False,True,19.42947921444678,0.0,0.0,0.0,0.0,0,1.0495867768595046,0.8987603305785122,False,False,False,False,0.32327336109269844,0.31995917341901425,False,False,False,False,160570.0,134367.87728239474,False,False,False,False,5091.310127454224,False,False,False,False
2025-07-10 18:00:00+00:00,3.905,3.91,3.895,3.91,6251.0,,,,,,,,3.8609242801279784,3.7815156278260558,3.7170425900745996,3.7037732878086644,3.5400175086796555,3.485316565055067,3.4668848814539173,3.4229093214379134,3.384111816968673,3.3756257232155082,3.3567043654321345,3.3048015396401635,3.5400175086796555,3.384111816968673,,,3.533302292310028,"rgba(38, 166, 154, 1.0)",0.09076318061282845,3.72423071415905,2.0467472006450764,68.34618979185085,13.318053670464934,True,False,True,False,True,19.42947921444678,0.0,0.0,0.0,0.0,0,1.0553235908141965,0.9050104384133612,False,False,False,False,0.32759321929247787,0.32377619635574606,False,False,False,False,160570.0,134774.11174313282,False,False,False,False,5109.289815400671,False,False,False,False
2025-07-10 19:00:00+00:00,3.91,3.915,3.865,3.875,12744.0,,,,,,,,3.8632683933073584,3.7868994276569854,3.7217647560615994,3.708219618722353,3.5440735538463377,3.4896484435573183,3.471294561614757,3.427475586399411,3.3888441801069793,3.3803937202006273,3.361545423299579,3.3098408191648536,3.5440735538463377,3.3888441801069793,,,3.537772373661514,"rgba(38, 166, 154, 0.5)",0.09167790266929009,3.747341140713042,1.3924714197210855,63.823942381457464,13.318053670464934,False,False,True,False,False,15.898446656332741,0.0,0.0,0.0,0.0,0,1.0356394129979039,0.9182389937106918,False,False,False,False,0.31814580971789963,0.32096100303682285,False,False,False,False,147826.0,134976.46659982842,False,False,False,False,5227.6574151619,False,False,False,False
2025-07-11 14:00:00+00:00,3.82,3.82,3.785,3.795,663.0,,,,,,,,3.8629495336480364,3.7869347897777463,3.7218790221908917,3.708336618008608,3.544229999354594,3.489823338399223,3.471474816752108,3.427667000177477,3.3890461739215496,3.380597958538925,3.3617543474448612,3.3100622002898366,3.544229999354594,3.3890461739215496,,,3.5378963165419877,#000000,0.09131669474275086,3.7470288547078967,0.525327218941106,53.82454159270797,9.992034386770293,False,True,False,False,False,8.606707640851322,0.0,0.0,0.0,0.0,0,1.0228215767634858,0.9242738589211618,False,False,False,False,0.2532032574915981,0.2870821302642105,False,False,False,False,147163.0,135165.40510215666,False,False,False,False,5156.887532756288,False,False,False,False
2025-07-11 15:00:00+00:00,3.795,3.805,3.79,3.8,3914.0,,,,,,,,3.8610826006825785,3.7871135779216,3.7225325977276604,3.7090088376850643,3.5451436941588326,3.4908462949314214,3.4725295537315093,3.4287879689317777,3.390229785736417,3.3817948580925594,3.362979003649857,3.311360620801796,3.5451436941588326,3.390229785736417,,,3.538617449504256,"rgba(239, 83, 80, 1.0)",0.09088290654850738,3.745547999193011,0.5991445792716336,47.735994474654575,4.858613723809881,False,True,False,True,False,8.944645325943014,0.0,0.0,0.0,0.0,0,1.0218295218295221,0.926195426195426,False,False,False,False,0.08936106921452876,0.1882215997393696,False,False,False,False,151077.0,135412.09649592167,False,False,False,False,5137.6179586050275,False,False,False,False
2025-07-11 16:00:00+00:00,3.805,3.805,3.795,3.805,2157.0,,,,,,,,3.8601513665252196,3.787238297866704,3.72290365882555,3.7093886875359914,3.54565101958048,3.491413230709126,3.4731138308935945,3.4294083864554548,3.390884455260492,3.3824567960337193,3.3636561230362934,3.3120781092303084,3.54565101958048,3.390884455260492,,,3.5390286634960777,"rgba(239, 83, 80, 1.0)",0.09091501823429712,3.7449937288359103,0.660025948732119,44.2917609526952,2.0851797153397484,False,True,False,True,False,9.285951830899034,0.0,0.0,0.0,0.0,0,1.0232273838630812,0.9596577017114915,False,False,False,False,0.09421929918391533,0.14122044946164247,False,False,False,False,153234.0,135688.40507738024,False,False,False,False,5091.406827463864,False,False,False,False
2025-07-11 17:00:00+00:00,3.805,3.805,3.795,3.805,2292.0,,,,,,,,3.859193313607213,3.787368502215362,3.7232941490753904,3.70978891296326,3.5461879025600056,3.4920133872469203,3.4737324072469233,3.43006537555685,3.391577819329142,3.3831578793114696,3.364373334381136,3.31283820550666,3.5461879025600056,3.391577819329142,,,3.5394659324166944,"rgba(239, 83, 80, 1.0)",0.09001040980839901,3.744509110643771,0.6720432612738172,41.99560527138895,0.13621454029146207,False,True,False,True,False,9.285951830899034,0.0,0.0,0.0,0.0,0,0.9824561403508777,0.9824561403508774,False,False,False,False,0.09421929918391533,0.1177198743227789,False,False,False,False,153234.0,135960.4298048627,False,False,False,False,5048.005171224114,False,False,False,False
2025-07-11 18:00:00+00:00,3.805,3.81,3.795,3.81,4755.0,,,,,,,,3.857412105167358,3.787692526703228,3.7241259757888745,3.71063797565687,3.5473090126578883,3.4932644244267457,3.475021279683004,3.431433161146749,3.393020470222397,3.384616424055704,3.3658650858069135,3.3144183055785112,3.5473090126578883,3.393020470222397,,,3.5404013955745213,"rgba(239, 83, 80, 1.0)",0.08966067162384027,3.743838928701377,0.7379051494973554,41.19424584914297,-0.6884313864809286,False,True,False,True,False,9.637603233767376,0.0,0.0,0.0,0.0,0,0.987293519695045,0.9656925031766203,False,False,False,False,0.09908196772827059,0.10840092102552475,False,False,False,False,157989.0,136301.95802494237,False,False,False,False,5043.462455391182,False,False,False,False
2025-07-11 19:00:00+00:00,3.805,3.805,3.74,3.745,5298.0,,,,,,,,3.8540885560793687,3.7872037504844642,3.7245657300849357,3.711156408075645,3.548346628818579,3.4944618557684572,3.4762657272543103,3.432776760251105,3.394454679187648,3.3860697936925885,3.367358754998317,3.3160184217124304,3.548346628818579,3.394454679187648,,,3.5410639222006535,"rgba(239, 83, 80, 1.0)",0.08912775525479617,3.742137912789855,0.032112187746265855,36.195421343592436,-5.526969714948365,False,True,False,True,False,4.027755702717734,0.0,0.0,0.0,0.0,0,0.9685534591194974,0.9597484276729561,False,False,False,False,0.04097170755934005,0.0746863142924324,False,False,False,False,152691.0,136556.05169897428,False,False,False,False,5047.408773912249,False,False,False,False
2025-07-14 14:00:00+00:00,3.735,3.755,3.72,3.735,1862.0,,,,,,,3.736666666666666,3.852648536860063,3.7868498565244693,3.724613243979211,3.7112443109967854,3.5486639987763233,3.494838689955942,3.476660153453684,3.433208506696598,3.394919853614308,3.386542021753845,3.3678458740357167,3.316544718178624,3.5486639987763233,3.394919853614308,,,3.5562497254994034,"rgba(239, 83, 80, 1.0)",0.08882450558711198,3.751531007290766,-0.1861086327641193,32.37984590217764,-9.189508816546855,False,True,False,True,False,3.2139281909684634,0.0,0.0,0.0,0.0,0,0.9572864321608046,0.9786432160804022,False,False,False,False,-0.026502642300361784,0.02409183599603531,False,False,True,False,150829.0,136777.33771914523,False,False,False,False,4998.022591370973,False,False,True,False
2025-07-14 15:00:00+00:00,3.735,3.775,3.735,3.755,2013.0,,,,,,,3.746190537634408,3.8513708366917148,3.786610547493206,3.7247416869824375,3.711406705839477,3.5490392463146434,3.495275552148407,3.4771151961043087,3.4337020038031283,3.3954482333310745,3.387077773845125,3.3683971583445516,3.3171369800016137,3.5490392463146434,3.3954482333310745,,,3.557193266041084,"rgba(239, 83, 80, 1.0)",0.08880807324717709,3.7513965731120207,0.04057544270721752,32.61239257689467,-9.189508816546855,False,True,False,True,False,4.691552898502213,0.0,0.0,0.0,0.0,0,0.969658659924147,0.9734513274336285,False,False,False,False,0.007226304694060067,0.01565907034504769,False,False,False,False,152842.0,137026.40225063133,False,False,False,False,4951.743171349717,False,False,False,False
2025-07-14 16:00:00+00:00,3.755,3.775,3.745,3.77,3872.0,,,,,,,3.7547586162385436,3.849209475682029,3.7862789261570455,3.725052926142932,3.711774775516928,3.5497862591113103,3.4961385729454473,3.478012422201011,3.4346715106592662,3.396483677414963,3.3881271651304874,3.3694759121633147,3.318293302786699,3.5497862591113103,3.396483677414963,,,3.5583125801653828,"rgba(239, 83, 80, 1.0)",0.08863748419041298,3.7509174497334734,0.21528758900165826,34.672705406653115,-9.189508816546855,False,True,False,True,False,5.781934711834481,0.0,0.0,0.0,0.0,0,0.9859872611464973,0.9579617834394906,False,False,False,False,0.01686281075155712,0.016260940548302405,False,False,False,False,156714.0,137331.63632426495,False,False,False,False,4935.002967142745,False,False,False,False
2025-07-14 17:00:00+00:00,3.775,3.775,3.735,3.745,8874.0,,,,,,,3.7531078154142348,3.8440135162174616,3.7851845365771384,3.725535914777178,3.712412466291618,3.55138633372245,3.4980102151571595,3.4799644321727476,3.4367939802064877,3.398760128030586,3.390436160294006,3.3718535704662957,3.320852051109914,3.55138633372245,3.398760128030586,,,3.5591008554182526,"rgba(239, 83, 80, 1.0)",0.08853833088577029,3.7486738626313683,-0.0414946000744928,34.261266436753374,-9.189508816546855,False,True,False,True,False,3.7060562685576954,0.0,0.0,0.0,0.0,0,0.9846153846153849,0.9602564102564105,False,False,False,False,0.007226304694060067,0.011743622621181235,False,False,False,False,147840.0,137494.55669133062,False,False,False,False,4996.0726885823915,False,False,False,False
2025-07-14 18:00:00+00:00,3.745,3.765,3.745,3.755,1499.0,,,,,,,3.7532643487858715,3.8432197030541375,3.785024176847169,3.7256259633498887,3.7125271545807967,3.5516585750992,3.498327789374063,3.480295432126321,3.4371534716208614,3.399145394200173,3.390826876581122,3.37225578717321,3.321284617119601,3.5516585750992,3.399145394200173,,,3.5592776376855704,"rgba(239, 83, 80, 0.75)",0.08843366730785074,3.7483862508463064,0.07478768386558098,35.28457273636065,-9.189508816546855,False,True,False,True,True,4.446075085584798,0.0,0.0,0.0,0.0,0,0.9717586649550709,0.9679075738125804,False,False,False,False,0.007226304694060067,0.009484963657620651,False,False,False,False,149339.0,137678.19147131,False,False,False,False,4941.85450736406,False,False,False,False
2025-07-14 19:00:00+00:00,3.755,3.755,3.745,3.755,5813.0,,,,,,,3.752876293541692,3.8401593713700835,3.78435081779352,3.7259309763733093,3.7129316734258935,3.5526902609635473,3.499536030695726,3.481556038316498,3.4385253612694004,3.400617655152001,3.392320357931323,3.3737940813577914,3.3229411218779545,3.5526902609635473,3.400617655152001,,,3.559863849236057,"rgba(239, 83, 80, 0.75)",0.08825980281416287,3.7472393305704434,0.0879298296858545,35.96677693609884,-9.189508816546855,False,True,False,True,True,4.446075085584777,0.0,0.0,0.0,0.0,0,0.9713168187744462,0.9817470664928295,False,False,False,False,-0.0024088594303457137,0.003538052113637469,False,False,False,False,149339.0,137858.979200437,False,False,False,False,4955.360639032834,False,False,False,False
2025-07-15 14:00:00+00:00,3.735,3.82,3.735,3.8,13953.0,,,,,,,3.7647071037674427,3.836062388544357,3.7843808189505266,3.727546268894629,3.7146762602201497,3.5555313868446787,3.502766956414054,3.484902190750167,3.442115370762989,3.4044326874515427,3.3961831182952635,3.377757319571679,3.3271708190968043,3.5555313868446787,3.4044326874515427,,,3.5629409761203297,"rgba(239, 83, 80, 0.75)",0.08750665354369663,3.7473516718095325,0.6016494295965417,41.641065952205345,-14.838584784304146,False,True,False,True,True,7.718330864446187,0.0,0.0,0.0,0.0,0,0.9675324675324678,0.9662337662337664,False,False,False,False,0.050627040195043875,0.02708254615434067,False,False,False,False,163292.0,138253.2896004302,False,False,False,False,5094.858923698992,False,False,False,False
2025-07-15 15:00:00+00:00,3.8,3.85,3.795,3.845,6530.0,,,,,,,3.7743064060999036,3.835858733955811,3.7853465844067,3.728840887922204,3.7159681336389183,3.5570933928406454,3.5044911422426774,3.486674010299958,3.443987222359764,3.4064002839219483,3.3981711195370745,3.3797880553477335,3.3293157901842503,3.5570933928406454,3.4064002839219483,,,3.5650955202121226,#000000,0.08706231588264243,3.748720356642373,1.1058704605033645,48.86220872736588,-8.063366684079568,False,True,False,False,True,10.758619754012873,0.0,0.0,0.0,0.0,0,1.0026178010471207,0.9424083769633509,False,False,False,False,0.1381717695434396,0.08262715784889013,False,False,False,False,169822.0,138742.72697096615,False,False,False,False,5117.109172943969,False,False,False,False
2025-07-15 16:00:00+00:00,3.845,3.86,3.805,3.805,5073.0,,,,,,,3.7793320401166586,3.8355401638440187,3.785961228095915,3.7297594751953804,3.7168944371031363,3.558265315684666,3.5057909535056084,3.488011501085031,3.4454040956606393,3.407892489451002,3.399679368928759,3.3813299657300755,3.3309475571957603,3.558265315684666,3.407892489451002,,,3.5665237378151273,#000000,0.08582230752240734,3.7495162788941707,0.6464953309644256,49.87939138657049,-7.156271066296611,False,True,False,False,True,7.3820771400673735,0.0,0.0,0.0,0.0,0,1.0039318479685455,0.9344692005242465,False,False,False,False,0.157867729074205,0.12024744346154756,False,False,False,False,164749.0,139145.92500242405,False,False,False,False,5116.42530979755,False,False,False,False
2025-07-15 17:00:00+00:00,3.805,3.825,3.805,3.825,1797.0,,,,,,,3.7806985987078994,3.835386524558398,3.7861457140773105,3.7300634371065216,3.7172035038222377,3.5586701891722363,3.5062416352243644,3.488475706174926,3.445896850402387,3.408412181253216,3.4002047948861764,3.3818674363182666,3.33151714935191,3.5586701891722363,3.408412181253216,,,3.5669833631581422,"rgba(38, 166, 154, 0.5)",0.08466186054317992,3.7497432642700455,0.8889095425864363,52.030733715300585,-5.009092178834706,False,True,True,False,True,8.713642642053749,0.0,0.0,0.0,0.0,0,1.0026315789473688,0.9381578947368422,False,False,False,False,0.1234702105783307,0.12185882701993914,False,False,False,False,166546.0,139570.73236672755,False,False,False,False,5064.961351506115,False,False,False,False
2025-07-15 18:00:00+00:00,3.825,3.845,3.825,3.835,3997.0,,,,,,,3.784624628427063,3.835378997524995,3.78675723412251,3.730858358334644,3.7179964302815853,3.559623742433882,3.5072927090040613,3.4895554904160475,3.447037049527425,3.409610213268862,3.4014151602188205,3.3831036536297074,3.332822521830036,3.559623742433882,3.409610213268862,,,3.5681597068476654,"rgba(38, 166, 154, 0.5)",0.08350308836065888,3.7505070835249583,1.0118537904862583,54.180490144549225,-2.795382959157159,False,False,True,False,True,9.373009519187239,0.0,0.0,0.0,0.0,0,1.0119521912350602,0.9335989375830015,False,False,False,False,0.16281017171994971,0.1423344993699444,False,False,False,False,170543.0,140050.92256259223,False,False,False,False,5048.403811172687,False,False,False,False
2025-07-15 19:00:00+00:00,3.835,3.845,3.75,3.75,9990.0,,,,,,,3.784171913859227,3.8328860538370777,3.786602805866812,3.7318024573327206,3.719049901095485,3.5615224402732557,3.5094677831694017,3.491812916616063,3.449470051717539,3.4122035707084146,3.404042539701863,3.385802925398674,3.3357123464388634,3.5615224402732557,3.4122035707084146,,,3.5695805927704147,#000000,0.08176835000821112,3.7501771967476794,-0.002167057885619063,49.380391483672675,-2.795382959157159,False,True,False,False,False,2.671714827460363,0.0,0.0,0.0,0.0,0,0.9895561357702353,0.9308093994778069,False,False,False,False,0.08936106921452876,0.11584778429223658,False,False,False,False,160553.0,140368.78422828848,False,False,False,False,5125.01770557311,False,False,False,False
2025-07-16 14:00:00+00:00,3.745,3.77,3.725,3.755,5839.0,,,,,,,3.7813660610492366,3.8306969391309083,3.7859651080564163,3.731997971055027,3.719346344170685,3.5624597570261245,3.5105771362417557,3.4929738723156523,3.4507417883654723,3.413574186828033,3.405434084406074,3.3872388886638043,3.3372655188251397,3.5624597570261245,3.413574186828033,,,3.5699721273949483,"rgba(239, 83, 80, 1.0)",0.07925651137034023,3.758714527453565,-0.046867158159516635,46.59629121383408,3.8276116700799037,False,True,False,True,False,3.014895498154708,0.0,0.0,0.0,0.0,0,0.9753566796368357,0.9559014267185475,False,False,False,False,-0.007226497404797702,0.054310643443719435,False,False,False,False,166392.0,140772.2449379274,False,False,False,False,5136.087198509961,False,False,False,False
2025-07-16 15:00:00+00:00,3.755,3.79,3.725,3.785,2511.0,,,,,,3.7666666666666666,3.7808647207168042,3.8299778614619497,3.7858215956879704,3.732157415089836,3.7195404551204447,3.5628955473645467,3.511084052338589,3.4935020909921706,3.451315656214916,3.4141892225612835,3.4060578465945257,3.3878811451290964,3.3379566961648126,3.5628955473645467,3.4141892225612835,,,3.584279355150258,"rgba(239, 83, 80, 1.0)",0.07575018211260218,3.765417879942047,0.258509214259636,47.15240231857433,3.8276116700799037,False,True,False,True,False,5.04700059652237,0.0,0.0,0.0,0.0,0,0.9731113956466073,0.9526248399487838,False,False,False,False,0.012044278119478155,0.03317746078159879,False,False,False,False,168903.0,141208.38067532386,False,False,False,False,5095.388172176473,False,False,False,False
2025-07-16 16:00:00+00:00,3.79,3.815,3.785,3.81,825.0,,,,,,3.7757344124700243,3.781113708002005,3.8298799110584327,3.785864277589849,3.7322648029885177,3.719653235033727,3.5630640135410805,3.511273995031616,3.4936984304261065,3.4515256181963707,3.4144117999822527,3.406283106974857,3.388112067594809,3.338202681086529,3.5630640135410805,3.4144117999822527,,,3.5850772899982983,#000000,0.07296025080960544,3.766125562565758,0.6013471300795707,49.30237178581798,3.8276116700799037,False,True,False,False,False,6.686837277441828,0.0,0.0,0.0,0.0,0,0.9948652118100133,0.946084724005135,False,False,False,False,0.09421929918391533,0.06369837998275707,False,False,False,False,169728.0,141650.54531601653,False,False,False,False,5029.180603615598,False,False,False,False
2025-07-16 17:00:00+00:00,3.81,3.895,3.81,3.875,13822.0,,,,,,3.8436163888565105,3.7934663343529316,3.831627399376258,3.788772831649669,3.735414060948535,3.7227482271766608,3.566509268213243,3.5150303529299287,3.497546575825566,3.455567090599207,3.4186412058941897,3.41055272220577,3.392465936353114,3.3427829782874126,3.566509268213243,3.4186412058941897,,,3.5939100980477856,"rgba(38, 166, 154, 0.5)",0.07169913364726334,3.775694104453405,1.3850361991143143,54.321010416715005,-2.672749830028309,False,False,True,False,True,10.68667603758291,0.0,0.0,0.0,0.0,0,1.0025380710659904,0.9251269035532996,False,False,False,False,0.19764325355643364,0.13067081676959535,False,False,False,False,183550.0,142300.14926460542,False,False,False,False,5165.503384954891,False,False,False,False
2025-07-16 18:00:00+00:00,3.875,3.875,3.835,3.845,16490.0,,,,,,3.8475616183230303,3.802627497772686,3.832924650641794,3.7915850002395177,3.7387357596508615,3.726053016264864,3.5704026097218606,3.519301532745697,3.5019299016009184,3.460188054759064,3.423489831176757,3.4154500119504085,3.397465527023768,3.348056924610431,3.5704026097218606,3.423489831176757,,,3.598269424034405,"rgba(38, 166, 154, 0.5)",0.06980261746817089,3.7793779897661737,0.9401081594647841,55.3619540811774,-1.5283616711179775,False,False,True,False,True,8.387249375083705,0.0,0.0,0.0,0.0,0,1.0113924050632914,0.9253164556962027,False,False,False,False,0.2026563599818315,0.16666358837571343,False,False,False,False,167060.0,142684.02291941774,False,False,False,False,5341.076975885822,False,False,False,False
2025-07-16 19:00:00+00:00,3.845,3.93,3.835,3.915,32540.0,,,,,,3.8700643621200217,3.8241247147365858,3.839767360905633,3.799834652673439,3.7469873065029025,3.734107525115615,3.5788748462073063,3.5284374621556718,3.5112623192504917,3.4699351257824023,3.4336467941410174,3.425695012775789,3.407895011208009,3.3589848728778926,3.5788748462073063,3.4336467941410174,,,3.6092583833180556,"rgba(38, 166, 154, 1.0)",0.0693421468757332,3.7900112023856165,1.802493912373,59.17644453470966,2.2464968435995445,True,False,True,False,True,12.387766836007923,0.0,0.0,0.0,0.0,0,1.0086956521739132,0.9130434782608696,False,False,False,False,0.25852942207156876,0.2125965052236411,False,False,False,False,199600.0,143566.44116872907,False,False,False,False,5762.765704941856,False,False,False,False
2025-07-17 14:00:00+00:00,3.905,4.0,3.895,3.97,11666.0,,,,,,3.882791507180106,3.8343739734794067,3.844264338401326,3.804217572269451,3.750892972296705,3.737855931036422,3.5823796179147775,3.5321403865033374,3.515023321708806,3.4738171222375063,3.437656330962286,3.429732167121824,3.4119895924617687,3.36323668809356,3.5823796179147775,3.437656330962286,,,3.6143122515476627,"rgba(38, 166, 154, 1.0)",0.0703103160321656,3.7955890815685542,2.4805878891464,63.52072385695267,6.408181700421224,True,False,True,False,True,15.264059556705543,0.0,0.0,0.0,0.0,0,1.0242718446601946,0.8944174757281556,False,False,False,False,0.3428280528759753,0.2777122790498082,False,False,False,False,211266.0,144616.0467320046,False,False,False,False,5854.288717268339,False,False,False,False
2025-07-17 15:00:00+00:00,3.975,3.975,3.93,3.945,17684.0,,,,,,3.8952317402499523,3.8466435843584357,3.8501699518980237,3.8102033959696953,3.7564031062827783,3.743176094341031,3.5874999015481355,3.537567557212475,3.520541014745166,3.479524684843692,3.4435603586355747,3.4356786808816393,3.4180247523245155,3.3695139095582274,3.5874999015481355,3.4435603586355747,,,3.6209813380606666,"rgba(38, 166, 154, 1.0)",0.07049458480258597,3.802567869604007,2.020469101206312,64.56716865156726,7.517623243965957,True,False,True,False,True,13.380915144305064,0.0,0.0,0.0,0.0,0,1.0337349397590363,0.9012048192771084,False,False,False,False,0.34282805558120155,0.3102701673155049,False,False,False,False,193582.0,145375.20879817507,False,False,False,False,6037.695093744799,False,False,False,False
2025-07-17 16:00:00+00:00,3.94,3.945,3.88,3.88,6048.0,,,,,,3.895614848502746,3.8485705296722217,3.851135195108271,3.8114699989696272,3.7577650915013825,3.7445238768139366,3.588989338435875,3.539177717575429,3.52218732233818,3.4812481006489024,3.445358717339915,3.4374931396224984,3.4198731284431156,3.3714538393226676,3.588989338435875,3.445358717339915,,,3.6224900603067693,"rgba(38, 166, 154, 0.75)",0.06818740736034073,3.8037693095298217,1.1179584826760194,61.18677150571737,7.517623243965957,True,False,True,False,False,8.74561245115008,0.0,0.0,0.0,0.0,0,1.0203349282296656,0.9162679425837322,False,False,False,False,0.26517272547359033,0.2877214463945476,False,False,False,False,187534.0,146028.83346797078,False,False,False,False,6037.854859733251,False,False,False,False
2025-07-17 17:00:00+00:00,3.88,3.91,3.875,3.905,5627.0,,,,,,3.8956700524501064,3.8500881910369644,3.851915610194928,3.812553730504278,3.7589662932630064,3.745718168201891,3.5903405118063425,3.540642570558953,3.52368629568321,3.4828200410565686,3.4470010640666886,3.4391506026801473,3.421562481437848,3.373229171610037,3.5903405118063425,3.4470010640666886,,,3.6238103417536403,"rgba(38, 166, 154, 0.75)",0.06813625723175659,3.804760015740585,1.4711695113874743,60.05079247469064,7.517623243965957,True,False,True,False,False,10.081857975071799,0.0,0.0,0.0,0.0,0,1.0226460071513708,0.9189511323003576,False,False,False,False,0.2275383049005115,0.25762987564752954,False,False,False,False,193161.0,146759.56473203324,False,False,False,False,6031.485016946688,False,False,False,False
2025-07-17 18:00:00+00:00,3.905,3.99,3.885,3.97,7360.0,,,,,,3.899053063694471,3.8539823356760103,3.8540297945702036,3.814775854120249,3.761084309336348,3.7477773535507795,3.5923850881760377,3.542815981057469,3.525898000569426,3.4851126974631312,3.449376023276257,3.441543345060007,3.423992472337182,3.375760659439197,3.5923850881760377,3.449376023276257,,,3.626256212737626,"rgba(38, 166, 154, 0.75)",0.06988452508853038,3.807170231919052,2.329983181178863,61.785702879621596,7.517623243965957,True,False,True,False,False,13.379071913007913,0.0,0.0,0.0,0.0,0,1.022196261682243,0.9042056074766355,False,False,False,False,0.3132850231408861,0.2854574493942078,False,False,False,False,200521.0,147593.0753563428,False,False,False,False,6052.082148466895,False,False,False,False
2025-07-17 19:00:00+00:00,3.975,3.975,3.95,3.95,12157.0,,,,,,3.9047397222441407,3.86039449830336,3.8576755048000217,3.818554394116208,3.764662291342757,3.751253593173536,3.59580503640702,3.5464429277053457,3.529586490616554,3.4889312651046653,3.453327645029398,3.445523747766972,3.4280331415420027,3.3799658127321064,3.59580503640702,3.453327645029398,,,3.6303497193488634,"rgba(38, 166, 154, 0.75)",0.07049675732113789,3.811241485893523,1.9682964065195587,61.68597082059094,7.517623243965957,True,False,True,False,False,11.991836684830592,0.0,0.0,0.0,0.0,0,1.0372526193247966,0.9057043073341093,False,False,False,False,0.34282806077947925,0.31414275508684353,False,False,False,False,188364.0,148225.1827151592,False,False,False,False,6146.732037637951,False,False,False,False
2025-07-18 14:00:00+00:00,3.95,4.01,3.935,4.005,9552.0,,,,,,3.910248345342745,3.866056724559695,3.861034228501553,3.8218930978234353,3.7677351060438884,3.754225599788354,3.5986298763736255,3.5494188667333173,3.532607194033013,3.492046136758034,3.4565413136736374,3.4487588576555317,3.4313130208842186,3.383368526320594,3.5986298763736255,3.4565413136736374,,,3.633848349606546,"rgba(38, 166, 154, 1.0)",0.073582888237987,3.814881317060628,2.5837349890979597,63.56568843418921,7.566283925045539,True,False,True,False,True,14.650017029368325,0.0,0.0,0.0,0.0,0,1.035673187571922,0.899884925201381,False,False,False,False,0.3428280657128769,0.32848541039986023,False,False,False,False,197916.0,148995.58298314124,False,False,False,False,6199.526889767595,False,False,False,False
2025-07-18 15:00:00+00:00,4.005,4.035,3.985,3.995,3854.0,,,,,,3.9128541916424044,3.868591600078265,3.8625702693948525,3.823377878536036,3.7690727502082098,3.7555146652155273,3.599821541345888,3.550667522425137,3.5338726591421867,3.49334676445762,3.457879820819761,3.4501056115127198,3.4326769402167474,3.3847797855023614,3.599821541345888,3.457879820819761,,,3.635366571464122,"rgba(38, 166, 154, 1.0)",0.07617565050416308,3.8330366547866297,2.1261826337081158,64.14386986797791,8.527254058434941,True,False,True,False,True,13.953770221556113,0.0,0.0,0.0,0.0,0,1.0457665903890163,0.8958810068649886,False,False,False,False,0.3428280821694869,0.33565674628467357,False,False,False,False,194062.0,149694.2871229375,False,False,False,False,6163.162131786702,False,False,False,False
2025-07-18 16:00:00+00:00,3.995,4.03,3.985,4.015,4689.0,,,,,,3.9159994821336097,3.871662236362149,3.8644595469874785,3.8252010421397826,3.770714068475683,3.757096333507854,3.6012797747893566,3.5521941280274008,3.535419427853268,3.494935694112678,3.4595143448276735,3.4517500677531388,3.434342064714946,3.3865019609755183,3.6012797747893566,3.4595143448276735,,,3.637219298047181,"rgba(38, 166, 154, 1.0)",0.07823117739827147,3.8351056089848625,2.2995229906780357,65.26244332465758,10.003619569572813,True,False,True,False,True,14.906229063453306,0.0,0.0,0.0,0.0,0,1.0441676104190263,0.8935447338618348,False,False,False,False,0.3385280187103355,0.3370923824975045,False,False,False,False,198751.0,150454.85631482996,False,False,False,False,6140.306904937296,False,False,False,False
2025-07-18 17:00:00+00:00,4.015,4.025,3.995,3.995,382.0,,,,,,3.9162336182139983,3.871897698923042,3.864606115952475,3.825344026097311,3.77084402415266,3.7572217916599873,3.6013966687510646,3.552316696085425,3.535543673329163,3.4950634570190577,3.4596458731915094,3.451882415576196,3.43447612025383,3.386640722288358,3.6013966687510646,3.4596458731915094,,,3.6373652072495766,"rgba(38, 166, 154, 1.0)",0.08005983123002015,3.8352494681698976,1.9953893154124034,64.51058452192358,10.003619569572813,True,False,True,False,True,13.497293012791456,0.0,0.0,0.0,0.0,0,1.0461192350956132,0.8953880764904387,False,False,False,False,0.3428280821694869,0.3399602323334957,False,False,False,False,198369.0,151197.7112556853,False,False,False,False,6051.030828891756,False,False,False,False
2025-07-18 18:00:00+00:00,3.995,4.005,3.99,3.995,1475.0,,,,,,3.9170424342000616,3.872742691105663,3.8651357758483953,3.8258684857000342,3.7713266560409573,3.757688776000416,3.6018380855037337,3.552780639897235,3.536014295552904,3.495548130184303,3.460145391819666,3.4523851604697127,3.4349856004928307,3.387168718708849,3.6018380855037337,3.460145391819666,,,3.637905060108911,"rgba(38, 166, 154, 1.0)",0.08191777903804084,3.8357141759389703,1.944459748927774,64.0093453201009,10.003619569572813,True,False,True,False,True,13.497293012791456,0.0,0.0,0.0,0.0,0,1.0448430493273546,0.9002242152466371,False,False,False,False,0.3214459866656118,0.3307031094995537,False,False,False,False,198369.0,151929.04906567468,False,False,False,False,5980.084614490333,False,False,False,False
2025-07-18 19:00:00+00:00,3.995,4.005,3.985,4.005,6211.0,,,,,,3.920344729102488,3.8762249503359305,3.86734793506144,3.828063336078998,3.7733513795287217,3.75964893057561,3.6036938591064165,3.5547309497313777,3.537992651890066,3.4975855345197973,3.462245135784291,3.4544984533566003,3.4371271875463507,3.3893880923411936,3.6036938591064165,3.462245135784291,,,3.6401602232113777,"rgba(38, 166, 154, 1.0)",0.0839401331065703,3.8378261989186733,1.9915837025071543,64.17357193821744,10.064220570342016,True,False,True,False,True,13.995012556396155,0.0,0.0,0.0,0.0,0,1.0435267857142863,0.9006696428571431,False,False,False,False,0.3172040181483685,0.3239535638239611,False,False,False,False,204580.0,152745.34287860995,False,False,False,False,5983.664697986606,False,False,False,False
2025-07-21 14:00:00+00:00,3.995,4.01,3.965,3.985,2319.0,,,,,,3.9213356355608244,3.877356577296266,3.8680832666742857,3.82881339802037,3.774059397721418,3.760337257070834,3.604361950506394,3.5554357298858155,3.5387083659499488,3.4983243879310137,3.4630079520298134,3.4552664674801328,3.437906086835699,3.3901968156062057,3.604361950506394,3.4630079520298134,,,3.64094237775493,"rgba(38, 166, 154, 0.75)",0.0850332208530964,3.838476988180208,1.723126683310344,62.490799169278745,10.064220570342016,True,False,True,False,False,12.549086769123587,0.0,0.0,0.0,0.0,0,1.0386740331491717,0.9005524861878456,False,False,False,False,0.30454345418726675,0.31424850900561396,False,False,False,False,202261.0,153513.02748514313,False,False,False,False,5926.848191041077,False,False,False,False
2025-07-21 15:00:00+00:00,3.985,3.99,3.915,3.925,2695.0,,,,,,3.9217110704401956,3.878132964222765,3.868618373141103,3.829439353744808,3.774709824749005,3.760979807007875,3.6050477693736966,3.556169883465793,3.5394570782579313,3.49910429407159,3.4638185386887486,3.4560836702775823,3.4387372462132975,3.391065837074483,3.6050477693736966,3.4638185386887486,,,3.641648265052063,"rgba(38, 166, 154, 0.75)",0.08492243413740955,3.8386832304570624,1.0164189288695114,57.04170581779725,11.121482312500078,True,False,True,False,False,8.401009651996336,0.0,0.0,0.0,0.0,0,1.0271739130434785,0.9065217391304348,False,False,False,False,0.24662558767271808,0.28043704833916605,False,False,False,False,199566.0,154227.02705901687,False,False,False,False,5876.742017536564,False,False,False,False
2025-07-21 16:00:00+00:00,3.925,3.95,3.915,3.95,635.0,,,,,,3.921777646722425,3.8782994199970395,3.8687349862012232,3.8295794164095893,3.7748578296605464,3.7611264160424493,3.6052065768212933,3.5563402327445672,3.5396309088172204,3.4992855951129638,3.4640071448929373,3.456273850830446,3.4389307508601394,3.3912683496735054,3.6052065768212933,3.4640071448929373,,,3.6418085089133108,"rgba(38, 166, 154, 0.75)",0.08521155443372615,3.838728262583552,1.3058292171279493,55.08420359152557,9.341655391679282,True,False,True,False,False,9.716124888519879,0.0,0.0,0.0,0.0,0,1.0275027502750278,0.9284928492849285,False,False,False,False,0.21426625902274526,0.24735165368095566,False,False,False,False,200201.0,154939.80183329567,False,False,False,False,5795.474699435222,False,False,False,False
2025-07-21 17:00:00+00:00,3.945,3.955,3.92,3.925,2416.0,,,,,,3.9219510990444713,3.8788723589146956,3.8691435036737096,3.8300846893916027,3.775401359877877,3.7616663379091193,3.6058003664210863,3.5569785136275933,3.54028262683761,3.4999661896198013,3.4647158212365645,3.4569885754917737,3.439658257190851,3.3920304566410913,3.6058003664210863,3.4647158212365645,,,3.6423957254198465,#000000,0.08457194815313941,3.8388787159762727,1.0183197372701196,52.15872811670633,6.6521415878243815,False,False,False,False,False,8.042830962875023,0.0,0.0,0.0,0.0,0,1.0285714285714285,0.9197802197802197,False,False,False,False,0.22231224610412403,0.23483194989253986,False,False,False,False,197785.0,155604.06847153915,False,False,False,False,5743.07974285483,False,False,False,False
2025-07-21 18:00:00+00:00,3.925,3.93,3.905,3.905,3654.0,,,,,,3.9217598048744926,3.879406544659574,3.869562151763191,3.830693361426762,3.7761131487025947,3.762382132659633,3.6066397630590177,3.557888682609225,3.5412142605241534,3.500944169230142,3.4657380081163933,3.458020262509933,3.4407100803873765,3.393136580674057,3.6066397630590177,3.4657380081163933,,,3.643157782228325,"rgba(239, 83, 80, 1.0)",0.084222838271394,3.8388812823663607,0.7850449948098707,48.99251182292342,3.7738258539922214,False,True,False,True,False,6.725103661453396,0.0,0.0,0.0,0.0,0,1.0253583241455348,0.9272326350606398,False,False,False,False,0.1902870629871541,0.21255950643984697,False,False,False,False,194131.0,156201.38523942226,False,False,False,False,5710.690909632274,False,False,False,False
2025-07-21 19:00:00+00:00,3.905,3.905,3.88,3.885,3892.0,,,,,3.8899999999999997,3.9210262367658926,3.879578610499021,3.869766328272393,3.831151656001255,3.776735711984928,3.7630204483261447,3.6074611692643193,3.5587897296764726,3.542139569203503,3.5019221200701396,3.4667651720620074,3.459057977365624,3.441770230092444,3.394256984542482,3.6074611692643193,3.4667651720620074,,,3.6602294629417753,"rgba(239, 83, 80, 1.0)",0.08349693849921479,3.848514136190262,0.4369724742671967,45.724143090077746,0.8252977915568422,False,True,False,True,False,5.422905489464334,0.0,0.0,0.0,0.0,0,1.0198019801980203,0.9273927392739275,False,False,False,False,0.1507834742109662,0.18167149032540658,False,False,False,False,190239.0,156729.1001969506,False,False,False,False,5682.494151343401,False,False,False,False
2025-07-22 14:00:00+00:00,3.905,3.935,3.895,3.915,1593.0,,,,,3.8972607110300816,3.9209697995849426,3.8798125415441933,3.869950534027988,3.831416023085784,3.7770443804465375,3.763330949989975,3.607825626852846,3.559184851647828,3.542544001503428,3.502346674512142,3.4672089074189962,3.4595058354514103,3.4422268304929626,3.394737163721007,3.607825626852846,3.4672089074189962,,,3.6610243220873415,"rgba(239, 83, 80, 1.0)",0.0828907345478179,3.84895048054587,0.7968263258184471,45.99348926540388,0.8252977915568422,False,True,False,True,False,7.079393660274572,0.0,0.0,0.0,0.0,0,1.018538713195202,0.9203925845147218,False,False,False,False,0.1863121793154127,0.18399183482040965,False,False,False,False,191832.0,157273.33120164904,False,False,False,False,5619.091141245054,False,False,False,False
2025-07-22 15:00:00+00:00,3.915,3.925,3.91,3.915,700.0,,,,,3.8994570196712477,3.920952163484526,3.8799191844867287,3.8700339816643625,3.8315339713460856,3.7771812142552132,3.763468485437913,3.607986372125127,3.559359012013325,3.5427222348128833,3.5025337097805336,3.4674043416800586,3.4597030753003373,3.4424278987663546,3.394948560343448,3.607986372125127,3.4674043416800586,,,3.6613087483445437,"rgba(239, 83, 80, 1.0)",0.08220908303427481,3.849100106988999,0.8016132838207907,46.17305338228797,0.8252977915568422,False,True,False,True,False,7.079393660274572,0.0,0.0,0.0,0.0,0,1.0218818380743986,0.9266958424507664,False,False,False,False,0.1902870629871541,0.18713944890378187,False,False,False,False,191832.0,157809.12451635217,False,False,False,False,5542.826162311022,False,False,False,False
2025-07-22 16:00:00+00:00,3.915,3.92,3.895,3.905,1560.0,,,,,3.9009091887239076,3.920822865718634,3.8800905659447404,3.870179231967087,3.831764918378633,3.777463402367897,3.763754157730981,3.6083324173613813,3.5597356854685915,3.5431082244489724,3.502939874079639,3.4678295891038906,3.4601324208617252,3.4428659454324153,3.3954100390924498,3.6083324173613813,3.4678295891038906,,,3.6616892351120627,"rgba(239, 83, 80, 1.0)",0.08135325040435892,3.849208798311011,0.6857894603065481,45.540762994135356,0.25632290456653806,False,True,False,True,False,6.406713120773404,0.0,0.0,0.0,0.0,0,1.0165016501650168,0.933993399339934,False,False,False,False,0.17442184943848688,0.18078064917113437,False,False,False,False,190272.0,158312.42491144748,False,False,False,False,5481.076919484494,False,False,False,False
2025-07-22 17:00:00+00:00,3.905,3.925,3.9,3.925,6020.0,,,,,3.9078005811841625,3.920682599214024,3.88097312239551,3.870879817152242,3.8327602107780323,3.778624321472523,3.7649223516502386,3.6097048233080335,3.5612233087164373,3.5446308643036906,3.504538261013543,3.4695001369453946,3.4618184814958872,3.444584914575269,3.3972177777163273,3.6097048233080335,3.4695001369453946,,,3.663324104794754,"rgba(239, 83, 80, 1.0)",0.08062833204234675,3.849979965492718,0.9304425951398891,46.94616881577249,0.25632290456653806,False,True,False,True,False,7.535096160760997,0.0,0.0,0.0,0.0,0,1.017582417582418,0.9263736263736265,False,False,False,False,0.1823431073294128,0.1815618782502736,False,False,False,False,196292.0,158901.25553297543,False,False,False,False,5489.432316081634,False,False,False,False
2025-07-22 18:00:00+00:00,3.925,3.95,3.925,3.945,5062.0,,,,,3.9164580124289583,3.921215662972432,3.882146930608536,3.8717447592208054,3.833806991291738,3.7797481016599552,3.7660398511754267,3.610936413719644,3.5625461211036993,3.5459813223480667,3.505948313801751,3.470968043044817,3.46329885625472,3.4460916755339444,3.39879600914386,3.610936413719644,3.470968043044817,,,3.66504847095389,#000000,0.08007974628936318,3.8512137346378807,1.1711608703557608,49.55162952532608,0.25632290456653806,False,False,False,False,True,8.64887043119338,0.0,0.0,0.0,0.0,0,1.0286343612334807,0.918502202643172,False,False,False,False,0.22231224610412403,0.2019370621771988,False,False,False,False,201354.0,159559.43761773547,False,False,False,False,5482.805458467966,False,False,False,False
2025-07-22 19:00:00+00:00,3.945,3.995,3.935,3.995,8975.0,,,,,3.935356449176318,3.9237243911565685,3.8853092610722793,3.8739859369520797,3.836208993049171,3.782129442401544,3.768378177649991,3.6133274815372043,3.5650842979498143,3.548563848124698,3.50862583041555,3.473740810434762,3.4660922379061896,3.4489284984348614,3.4017513016071113,3.6133274815372043,3.473740810434762,,,3.668747130524543,"rgba(38, 166, 154, 1.0)",0.08035714199916087,3.854537263899979,1.7479807345747567,54.58902110671394,-0.16502741489914285,True,False,True,False,True,11.330297734607573,0.0,0.0,0.0,0.0,0,1.0317286652078779,0.9070021881838076,False,False,False,False,0.26710619401523267,0.23452162809621574,False,False,False,False,210329.0,160346.5626159101,False,False,False,False,5536.94800949947,False,False,False,False
2025-07-23 14:00:00+00:00,4.07,4.12,4.065,4.08,2737.0,,,,,3.9490667125096874,3.9260330376648507,3.887396208510633,3.8753954124943144,3.837510264630083,3.7832641005263423,3.7694663347295894,3.614276959701368,3.5660644218979005,3.5495529035228253,3.5096332383487248,3.474770141318287,3.46712640453532,3.4499726373962285,3.4028235075957483,3.614276959701368,3.474770141318287,,,3.670823485692127,"rgba(38, 166, 154, 1.0)",0.08291561975890348,3.8737860134551587,2.4870342541544845,61.42291407974495,5.988126759680938,True,False,True,False,True,15.501368239510526,0.0,0.0,0.0,0.0,0,1.04162219850587,0.8954108858057632,False,False,False,False,0.34282810989687007,0.28867486899654293,False,False,False,False,213066.0,161163.9182342681,False,False,False,False,5493.537962840563,False,False,False,False
2025-07-23 15:00:00+00:00,4.08,4.085,4.01,4.015,8823.0,,,,,3.9687022593702896,3.930818552037678,3.8921838503837587,3.8787429705175414,3.8407695522790406,3.7862553304024478,3.772363982117206,3.6169812380692523,3.5688889996222204,3.5524133012095236,3.5125691973704845,3.477787501344062,3.4701615335784366,3.4530448789854638,3.4059983945027033,3.6169812380692523,3.477787501344062,,,3.6751787694526734,"rgba(38, 166, 154, 1.0)",0.08328595049318124,3.876349573835859,1.6647516819237371,60.91126417187468,5.988126759680938,True,False,True,False,True,11.100014333527259,0.0,0.0,0.0,0.0,0,1.0317124735729386,0.9059196617336154,False,False,False,False,0.27907489954683523,0.28387488427168905,False,False,False,False,204243.0,161831.81097482206,False,False,False,False,5545.1575293081505,False,False,False,False
2025-07-23 16:00:00+00:00,4.01,4.015,3.975,3.975,8850.0,,,,,3.9723058228933326,3.933210226916764,3.895180733216875,3.8809781941515618,3.8431527709090285,3.7886200127287695,3.7746879443058328,3.6193508151987124,3.5713991171957256,3.554965880845414,3.515212887414073,3.4805227669887246,3.472916638880228,3.4558418204482693,3.4089095790652184,3.6193508151987124,3.4805227669887246,,,3.6778170140772355,"rgba(38, 166, 154, 0.75)",0.08268669838670062,3.8773766958551965,1.1806409742985382,58.11609995365357,5.988126759680938,True,False,True,False,False,8.548543614782268,0.0,0.0,0.0,0.0,0,1.0210748155953637,0.9241306638566914,False,False,False,False,0.20736074221555015,0.2456178132436196,False,False,False,False,195393.0,162352.13948684031,False,False,False,False,5596.395397070814,False,False,False,False
2025-07-23 17:00:00+00:00,3.975,3.99,3.965,3.975,2098.0,,,,,3.9724876764062813,3.933634434818213,3.895778415619588,3.8814386368901133,3.843661999996364,3.789140222488869,3.775201867622672,3.619890503513217,3.5719732443541705,3.555550451017134,3.5158199556924767,3.4811521041996936,3.4735507927717,3.456486155549869,3.409581637888296,3.619890503513217,3.4811521041996936,,,3.67835653992191,"rgba(38, 166, 154, 0.75)",0.08248030067842337,3.8776023362450958,1.1808597077578709,56.25265714150616,5.988126759680938,True,False,True,False,False,8.548543614782247,0.0,0.0,0.0,0.0,0,1.017875920084122,0.929547844374343,False,False,False,False,0.18394942593642852,0.21478361959002407,False,False,False,False,195393.0,162864.40089014513,False,False,False,False,5542.156708744134,False,False,False,False
2025-07-23 18:00:00+00:00,3.975,3.985,3.965,3.985,3447.0,,,,,3.9728625109288096,3.9343400162110918,3.896761439726038,3.882198668790534,3.844500657611857,3.7899962437284263,3.776047523980793,3.620777802593489,3.572916878032524,3.5565111723465064,3.516817498951953,3.4821861079686873,3.4745926839861583,3.457544720174144,3.410685613349077,3.620777802593489,3.4821861079686873,,,3.679249302558672,"rgba(38, 166, 154, 0.5)",0.08277033241404236,3.87806866223021,1.2919041720756508,55.60284642584169,11.50665373162441,False,False,True,False,False,9.057221043546736,0.0,0.0,0.0,0.0,0,1.0168243953732914,0.932702418506835,False,False,False,False,0.18062174340514903,0.19770268149758655,False,False,False,False,198840.0,163422.1621166545,False,False,False,False,5509.673658996164,False,False,False,False
2025-07-23 19:00:00+00:00,3.985,4.04,3.985,4.04,9330.0,,,,,3.9800802066986862,3.937918238551772,3.9006614493219227,3.885098166139311,3.847437434262891,3.792799119170469,3.778784386038455,3.6234459776133403,3.575719831142275,3.5593546874846442,3.519747592594898,3.4852059600841168,3.477632063521176,3.4606251364406,3.413878835085824,3.6234459776133403,3.4852059600841168,,,3.6825592722766918,"rgba(38, 166, 154, 0.75)",0.08370976241949019,3.8814276269640686,1.8943115886685509,58.03466255515527,11.50665373162441,True,False,True,False,False,11.773496101614146,0.0,0.0,0.0,0.0,0,1.0208333333333337,0.9197916666666671,False,False,False,False,0.2309983683016271,0.21435052489960682,False,False,False,False,208170.0,164115.92704507848,False,False,False,False,5568.903524748161,False,False,False,False
2025-07-24 14:00:00+00:00,4.065,4.075,4.04,4.045,2228.0,,,,,3.982578989002016,3.9390366145196807,3.901791379190071,3.8859292555047062,3.848249247298888,3.7935496673756615,3.7795129873610405,3.6241281416668745,3.5764311665288497,3.5600747423517904,3.520486102138115,3.485964378706475,3.478394833878852,3.46139700783686,3.41467591678271,3.6241281416668745,3.485964378706475,,,3.6834800286761724,"rgba(38, 166, 154, 1.0)",0.0849637972718383,3.882504524609814,1.912526047656367,59.88928434443871,11.50665373162441,True,False,True,False,True,12.014170885381969,0.0,0.0,0.0,0.0,0,1.0331606217616585,0.9119170984455961,False,False,False,False,0.2930359590921656,0.2536932419958862,False,False,False,False,210398.0,164833.47856375942,False,False,False,False,5517.106570876096,False,False,False,False
2025-07-24 15:00:00+00:00,4.045,4.045,4.02,4.025,2735.0,,,,,3.9844848885623314,3.940105911866427,3.9029456931797974,3.8867976622596196,3.849124694073673,3.794382893329725,3.780326351506977,3.624917219939626,3.577258898795344,3.560914109426458,3.521350299296602,3.4868544435524824,3.4792905312671385,3.4623045390688443,3.4156160193043057,3.624917219939626,3.4868544435524824,,,3.6844449436952895,"rgba(38, 166, 154, 1.0)",0.08589864129647097,3.883499085722648,1.647300960081258,59.46616789470045,11.50665373162441,True,False,True,False,True,10.682920946116347,0.0,0.0,0.0,0.0,0,1.0302083333333332,0.9250000000000002,False,False,False,False,0.2583286439596016,0.2560109429777439,False,False,False,False,207663.0,165497.50215191816,False,False,False,False,5473.973135668714,False,False,False,False
2025-07-24 16:00:00+00:00,4.025,4.035,4.01,4.025,1894.0,,,,,3.985536858057875,3.9407779592080354,3.903691646928475,3.88736521616989,3.849703855504164,3.794940243917068,3.7808715639076835,3.62545290109706,3.5778219244114493,3.5614853838818297,3.5219392225084674,3.487461568153193,3.4799016148414634,3.4629239523024524,3.416258316918057,3.62545290109706,3.487461568153193,,,3.685075481853811,"rgba(38, 166, 154, 1.0)",0.08656888107844761,3.8841173327633074,1.6274054311621158,59.184090261541606,11.50665373162441,True,False,True,False,True,10.682920946116347,0.0,0.0,0.0,0.0,0,1.0432033719704952,0.9262381454162277,False,False,False,False,0.24461871453382505,0.2503148287557845,False,False,False,False,207663.0,166151.2308007256,False,False,False,False,5418.469676200982,False,False,False,False
2025-07-24 17:00:00+00:00,4.025,4.035,4.02,4.02,8143.0,,,,,3.98965211879058,3.943603764333598,3.906839445823547,3.889781793091552,3.8521741184532954,3.7973231684023028,3.7832039510245963,3.627749254137973,3.5802354695549368,3.563934312844487,3.5244639207662076,3.49006431079438,3.48252133357256,3.4655794029887126,3.4190119320013497,3.627749254137973,3.49006431079438,,,3.687742553105338,"rgba(38, 166, 154, 1.0)",0.08784343156133935,3.886724050925564,1.5171988013853006,58.52375497679629,11.50665373162441,True,False,True,False,True,10.34304096490025,0.0,0.0,0.0,0.0,0,1.0424178154825026,0.9300106044538706,False,False,False,False,0.2514621056772389,0.2508884672165117,False,False,False,False,199520.0,166668.5760596291,False,False,False,False,5460.7104564149195,False,False,False,False
2025-07-24 18:00:00+00:00,4.02,4.05,4.02,4.045,15406.0,,,,,3.997673925677146,3.949258066807436,3.9129928183133504,3.8945577778427025,3.857008420226974,3.801955313697775,3.787733638729628,3.6321657858680765,3.5848659540410726,3.568629386634085,3.5292972132984457,3.49504122963781,3.4875295391990244,3.4706534226554164,3.4242671511402145,3.6321657858680765,3.49504122963781,,,3.692908642917944,"rgba(38, 166, 154, 1.0)",0.08958362141166476,3.8919724105269395,1.7082094590689827,59.79091310990509,11.50665373162441,True,False,True,False,True,11.625634004067443,0.0,0.0,0.0,0.0,0,1.0371944739638683,0.9309245483528164,False,False,False,False,0.26177083287818437,0.25632965004734803,False,False,False,False,214926.0,167416.7531749837,False,False,False,False,5614.9009919743785,False,False,False,False
2025-07-24 19:00:00+00:00,4.045,4.075,4.045,4.06,15214.0,,,,,4.00639672084901,3.955422394101154,3.9194863315632635,3.899648874056095,3.8620839770264555,3.8067618199930537,3.7924250844811094,3.6366627482462683,3.5895619115860895,3.573385337375242,3.5341812609386483,3.5000607392267087,3.4925786329780832,3.4757646525549455,3.4295501293701687,3.6366627482462683,3.5000607392267087,,,3.6982647076230863,"rgba(38, 166, 154, 1.0)",0.09158513983087598,3.897664794395183,1.7725059535268466,61.574397031326406,7.276755440858238,True,False,True,False,True,12.386082240220663,0.0,0.0,0.0,0.0,0,1.0381760339342523,0.9257688229056205,False,False,False,False,0.29654345088265843,0.27643655046500326,False,False,False,False,230140.0,168389.20661413122,False,False,False,False,5763.724232408884,False,False,False,False
2025-07-25 14:00:00+00:00,4.01,4.035,3.995,4.005,1944.0,,,,,4.006489307221203,3.9558196100941037,3.920003685793335,3.9000876072508848,3.862560358140622,3.8072483473407828,3.7929067364461364,3.6371657268401707,3.5900943053867747,3.5739267111405097,3.53474209072864,3.5006408890838494,3.493162972228014,3.4763578672230255,3.430167585420057,3.6371657268401707,3.5006408890838494,,,3.698758253355874,"rgba(38, 166, 154, 0.5)",0.09234765882302251,3.8980513520355276,1.1581089258519435,57.64606641942155,7.276755440858238,False,False,True,False,False,8.6314201673596,0.0,0.0,0.0,0.0,0,1.0222222222222224,0.9407407407407409,False,False,False,False,0.23439538153447917,0.2554159659997412,False,False,False,False,228196.0,169316.44372088887,False,False,False,False,5704.503701673862,False,False,False,False
2025-07-25 15:00:00+00:00,4.005,4.05,4.0,4.045,3711.0,,,,,4.007306302209942,3.956828551525709,3.9211873415865424,3.901064079617908,3.863582227555935,3.8082609614619227,3.79390386010559,3.6381732287655106,3.591154937848894,3.5750035107848612,3.5358537801583267,3.5017879218251924,3.4943176881726963,3.477528818970537,3.431383063936468,3.6381732287655106,3.5017879218251924,,,3.6998224183017356,"rgba(38, 166, 154, 0.5)",0.0938744609274413,3.8990116388927696,1.555144601257094,57.73272725403105,7.276755440858238,False,False,True,False,False,10.682254711946914,0.0,0.0,0.0,0.0,0,1.020127118644068,0.9406779661016954,False,False,False,False,0.24803756419687858,0.2517267650983099,False,False,False,False,231907.0,170286.83994227045,False,False,False,False,5673.596667539384,False,False,False,False
2025-07-25 16:00:00+00:00,4.045,4.055,4.035,4.045,2495.0,,,,,4.008111095897836,3.9576101216593407,3.922063488011737,3.901778675422014,3.864316291988449,3.8089769723829416,3.7946069154334374,3.638870564475592,3.5918866655078023,3.575745681739309,3.536618429632841,3.5025756547177958,3.495110447826645,3.478332183379115,3.4322155934142597,3.638870564475592,3.5025756547177958,,,3.700587918765941,"rgba(38, 166, 154, 0.5)",0.0953014184593475,3.899748426835984,1.524128134839624,57.79050114377071,7.276755440858238,False,False,True,False,False,10.682254711946914,0.0,0.0,0.0,0.0,0,1.0319829424307037,0.9339019189765462,False,False,False,False,0.27560133741536813,0.263664051256839,False,False,False,False,231907.0,171242.19126099496,False,False,False,False,5624.316099050401,False,False,False,False
2025-07-25 17:00:00+00:00,4.045,4.085,4.045,4.085,1729.0,,,,,4.009037744759079,3.958306467559798,3.9227935376741634,3.902361163165628,3.8648960777686314,3.8095263967954813,3.795143459622603,3.639384045738879,3.5924221211248826,3.576287771598945,3.537174699450826,3.503146974836466,3.49568505821332,3.4789137064527442,3.4328162495364007,3.639384045738879,3.503146974836466,,,3.701193031619856,"rgba(38, 166, 154, 1.0)",0.09737375749477867,3.9003919768893036,1.8958703850017837,60.212132327014174,7.276755440858238,True,False,True,False,True,12.687158354739719,0.0,0.0,0.0,0.0,0,1.0297872340425533,0.9276595744680856,False,False,False,False,0.30357985584194225,0.2836219535493906,False,False,False,False,233636.0,172209.53713291753,False,False,False,False,5563.923601390705,False,False,False,False
2025-07-25 18:00:00+00:00,4.085,4.145,4.085,4.14,1967.0,,,,,4.01090264586254,3.959444783429475,3.9239007148931857,3.9032197423123667,3.8657155757675414,3.8102713082872635,3.795864917270629,3.6400363717432924,3.5930953481490646,3.576967212873225,3.5378671738520278,3.503854486557506,3.4963958876231045,3.479631437142985,3.43355337010306,3.6400363717432924,3.503854486557506,,,3.702048065057818,"rgba(38, 166, 154, 1.0)",0.10072185409281953,3.9014187613961644,2.368713729038113,64.25010235065876,10.059985347954807,True,False,True,False,True,15.298274552464573,0.0,0.0,0.0,0.0,0,1.036842105263158,0.9126315789473687,False,False,False,False,0.34282811597475066,0.31322503476207064,False,False,False,False,235603.0,173192.38151845368,False,False,False,False,5508.157344004802,False,False,False,False
2025-07-25 19:00:00+00:00,4.145,4.15,4.105,4.105,9317.0,,4.12,,,4.018729396062731,3.9645245266830105,3.9288982176950373,3.9071372881038133,3.8694783637823846,3.813715120233904,3.799205211358895,3.6430813268872853,3.5962412320106423,3.5801432000358235,3.5411065318141537,3.5071659961689154,3.4997232971334675,3.482991979656815,3.4370068124368682,3.6430813268872853,3.5071659961689154,4.12,4.12,3.7059432333375826,"rgba(38, 166, 154, 1.0)",0.10285155050578866,3.9220337532764034,1.778935230668199,63.81656571210232,10.059985347954807,True,False,True,False,True,12.90634628766539,-1.0,4.15,4.105,0.0,0,1.053854276663147,0.9091869060190074,False,False,False,False,0.3428281191354951,0.3280265769487829,False,False,False,False,226286.0,174015.5383941366,False,False,False,False,5567.209168128759,False,False,False,False
2025-07-28 14:00:00+00:00,4.105,4.125,4.055,4.065,1696.0,,4.114096673628136,,,4.019540712139409,3.965195316104954,3.929603641990433,3.9077095388061553,3.870048387497024,3.8142563552576525,3.7997340871437855,3.6435872391228257,3.5967682327040076,3.580676573710144,3.541653536346149,3.5077275072603094,3.500287981989148,3.483563333779755,3.437596644353956,3.6435872391228257,3.5077275072603094,4.114096673628136,4.114096673628136,3.706529939213714,"rgba(38, 166, 154, 0.75)",0.10389586782617836,3.9223288696283065,1.373212750004533,60.529685552748695,10.059985347954807,True,False,True,False,False,10.272187360666873,0.0,0.0,0.0,0.0,0,1.044885177453027,0.9039665970772445,False,False,False,False,0.2928919743463631,0.31045927564757303,False,False,False,False,224590.0,174799.63857407245,False,False,False,False,5507.190421336066,False,False,False,False
2025-07-28 15:00:00+00:00,4.065,4.115,4.055,4.115,2510.0,,4.110552145727033,,,4.020953364758297,3.9662861190718504,3.9307262619433914,3.908613977234758,3.8709391978274126,3.8150930963701106,3.800550019009705,3.644356550240381,3.5975674607638126,3.581484815833707,3.542480986824378,3.5085757645161406,3.5011408008135554,3.484425718098219,3.438485619789652,3.644356550240381,3.5085757645161406,4.110552145727033,4.110552145727033,3.7074453168730246,"rgba(38, 166, 154, 0.75)",0.10615974704140588,3.9231057344982814,1.8075991216037244,60.90613162597336,10.059985347954807,True,False,True,False,False,12.655092037606828,0.0,0.0,0.0,0.0,0,1.0478170478170474,0.9085239085239086,False,False,False,False,0.28634469514477356,0.2984019853961733,False,False,False,False,227100.0,175610.49689075348,False,False,False,False,5460.72235278822,False,False,False,False
2025-07-28 16:00:00+00:00,4.115,4.115,4.06,4.065,1387.0,,4.107710038005813,,,4.0215579407907205,3.9668117248465644,3.9312840473040973,3.9090701024901047,3.871395678269923,3.815528670935171,3.800976092719721,3.644766427010123,3.5979947223430107,3.5819173389648546,3.5429247821518075,3.5090314894814343,3.501599134456642,3.484889538338589,3.4389646275818295,3.644766427010123,3.5090314894814343,4.107710038005813,4.107710038005813,3.707914154512307,"rgba(38, 166, 154, 0.5)",0.10722259409605837,3.9234275533009964,1.3203602085225843,57.90153218356934,12.333513277945244,False,False,True,False,False,9.481498722546483,0.0,0.0,0.0,0.0,0,1.053941908713693,0.9045643153526973,False,False,False,False,0.28961531497343956,0.29400865018480643,False,False,False,False,225713.0,176387.27988469528,False,False,False,False,5397.56386669848,False,False,False,False
2025-07-28 17:00:00+00:00,4.06,4.08,4.055,4.065,402.0,,4.106632488679902,,,4.0216914093646885,3.9669453180554015,3.9314305096939526,3.90919157281325,3.8715191768954282,3.8156482965912075,3.8010934512108783,3.644881444283572,3.5981149942876938,3.5820392066488944,3.543050082385201,3.5091603570230263,3.501728780447159,3.4850208254158592,3.439100441830812,3.644881444283572,3.5091603570230263,4.106632488679902,4.106632488679902,3.708041057796468,"rgba(38, 166, 154, 0.5)",0.1083137750882929,3.9234928254258463,1.306455937472434,55.898465888633325,10.421893534568483,False,True,True,False,False,9.481498722546483,0.0,0.0,0.0,0.0,0,1.0486039296794212,0.9089968976215099,False,False,False,False,0.2636123023181922,0.27881047625149935,False,False,False,False,225713.0,177152.0197314442,False,False,False,False,5320.1132641140075,False,False,False,False
2025-07-28 18:00:00+00:00,4.065,4.065,4.055,4.055,529.0,,4.105019569471625,,,4.021833523957555,3.9671059270136353,3.931610913742414,3.9093426893729712,3.8716745237664827,3.815800320672987,3.8012428867614148,3.6450297138862005,3.5982703553856656,3.5821967254998075,3.543212253504733,3.50932731228351,3.501896778407107,3.4851910245805207,3.4392767010316674,3.6450297138862005,3.50932731228351,4.105019569471625,4.105019569471625,3.7082007766577783,"rgba(38, 166, 154, 0.5)",0.10923039540019397,3.923556591803893,1.2033592638251427,53.89628938077968,8.497523364660715,False,True,True,False,False,8.8493031868788,0.0,0.0,0.0,0.0,0,1.048654244306418,0.9130434782608696,False,False,False,False,0.2539520445522215,0.2663812604018604,False,False,False,False,225184.0,177896.70159607296,False,False,False,False,5245.832438313791,False,False,False,False
2025-07-28 19:00:00+00:00,4.055,4.065,4.04,4.05,1975.0,,4.099105111510253,,,4.022259345180881,3.9676571413168915,3.932244740389866,3.9098790569309223,3.8722315959652946,3.8163506621978014,3.8017848398880414,3.6455734201521595,3.5988410723144075,3.5827756749235795,3.543808987720232,3.5099421788017913,3.502515592959917,3.485818183482904,3.4399267947894465,3.6455734201521595,3.5099421788017913,4.099105111510253,4.099105111510253,3.7087739524676095,#000000,0.1099877143016471,3.92376104353862,1.1477550675811186,52.20854291877727,6.844298245788664,False,True,False,False,False,8.53038577519224,0.0,0.0,0.0,0.0,0,1.050777202072539,0.9108808290155442,False,False,False,False,0.24433797096041662,0.2553596156811385,False,False,False,False,223209.0,178599.2178503974,False,False,False,False,5195.121857874817,False,False,False,False
2025-07-29 14:00:00+00:00,3.975,4.0,3.955,3.955,3709.0,,4.076858846302749,,,4.020895095182458,3.9676854750182042,3.9326153955422845,3.91030156703065,3.872796570998854,3.817020991000104,3.8024657339401147,3.6463860158327988,3.5997163925969167,3.5836703813852515,3.544746262199353,3.5109196144990946,3.5035016893707573,3.486822782001296,3.440981445302023,3.6463860158327988,3.5109196144990946,4.076858846302749,4.076858846302749,3.709368360793344,"rgba(239, 83, 80, 1.0)",0.10999987714982423,3.9227727261013334,0.2929755444614889,46.00346236673118,1.0963891954701594,False,True,False,True,False,2.7938271562025,0.0,0.0,0.0,0.0,0,1.0462962962962965,0.9135802469135806,False,False,False,False,0.1502996156303677,0.2028296156557531,False,False,False,False,219500.0,179233.3385038796,False,False,False,False,5172.081208915517,False,False,False,False
2025-07-29 15:00:00+00:00,3.96,3.97,3.935,3.96,6756.0,,4.047748193722523,,,4.017903928761797,3.9674120529001264,3.9330086532243933,3.910866519994936,3.8736528316335055,3.818108832002589,3.803582145444276,3.6477876335628823,3.601236077080709,3.5852266564184787,3.546383122490952,3.5126315709387703,3.5052298166169362,3.488585524543675,3.4428375959421036,3.6477876335628823,3.5126315709387703,4.047748193722523,4.047748193722523,3.710296864103742,"rgba(239, 83, 80, 1.0)",0.11002485386707825,3.9213034709469823,0.3517071615452197,42.26834940941812,-2.1763397781554943,False,True,False,True,False,3.059167161333967,0.0,0.0,0.0,0.0,0,1.040082219938335,0.9157245632065778,False,False,False,False,0.10163556124408474,0.15223258844991894,False,False,False,False,226256.0,179962.37201544736,False,False,False,False,5196.6380893974465,False,False,False,False
2025-07-29 16:00:00+00:00,3.96,3.96,3.915,3.94,2128.0,,4.0400914203032,,,4.016782280750563,3.9672159673061356,3.9330379558608266,3.91097543424857,3.873864350371305,3.8184066495002575,3.8038920810121986,3.6482026732147776,3.60168963289028,3.5856921800527033,3.5468750787663614,3.5131478583329083,3.5057513354696344,3.4891182640558056,3.443400536629779,3.6482026732147776,3.5131478583329083,4.0400914203032,4.0400914203032,3.71053681856414,"rgba(239, 83, 80, 1.0)",0.10983148435197629,3.9208337051637705,0.1745063808370953,38.902738379092106,-5.131676388386026,False,True,False,True,False,1.9056591345763962,0.0,0.0,0.0,0.0,0,1.0298047276464546,0.9249743062692707,False,False,False,False,0.08062190442608456,0.11642724643800176,False,False,False,False,224128.0,180647.11043381252,False,False,False,False,5149.062305065703,False,False,False,False
2025-07-29 17:00:00+00:00,3.935,3.95,3.895,3.895,384.0,,4.038510700483876,,,4.016519806712212,3.9671504809710987,3.933018407523186,3.9109771202215606,3.873887627788777,3.818449063677385,3.8039374855495702,3.648270998705213,3.6017652792509653,3.5857701075170265,3.546958060281124,3.5132354195844995,3.505839879347786,3.4892089205091663,3.443496859418081,3.648270998705213,3.5132354195844995,4.038510700483876,4.038510700483876,3.7105657011371767,"rgba(239, 83, 80, 1.0)",0.10874583972576203,3.9207150566156685,-0.23646933694675035,34.93875292525924,-8.675311077275374,False,True,False,True,False,0.0,0.0,0.0,0.0,0.0,0,1.0213849287169043,0.9266802443991857,False,False,False,False,0.06082107660153808,0.08862416151976991,False,False,False,False,223744.0,181315.27926429603,False,False,False,False,5075.185370103443,False,False,False,False
2025-07-29 18:00:00+00:00,3.895,3.97,3.875,3.97,10515.0,,4.013010433814273,,,4.011440567318048,3.966222342021136,3.933158972295231,3.911502457596268,3.8749118479534648,3.819898108032614,3.805447135060299,3.650303534851714,3.60398758365008,3.5880514361165434,3.549369873696559,3.5157671846039746,3.5083974362579435,3.491821823846098,3.4462587234849678,3.650303534851714,3.5157671846039746,4.013010433814273,4.013010433814273,3.711769268452329,"rgba(239, 83, 80, 0.75)",0.10769292347117913,3.9190838417304064,0.47279019482854007,37.92179674760524,-8.675311077275374,False,True,False,True,True,3.3789812305442553,0.0,0.0,0.0,0.0,0,1.0190571715145438,0.9237713139418258,False,False,False,False,0.05392969518303102,0.07127692835140047,False,False,False,False,234259.0,182136.11214391934,False,False,False,False,5159.5235814196685,False,False,False,False
2025-07-29 19:00:00+00:00,3.965,4.005,3.945,3.965,25775.0,,3.9971251037272233,,,4.00597694472276,3.9666207189253013,3.935503397423783,3.91420724400824,3.8785398176017654,3.8242653791305883,3.8099012892967994,3.6557302377018366,3.6098437860466808,3.5940410887124634,3.555654019510547,3.5223271036072066,3.5150168338502694,3.498568614551423,3.4533500120261835,3.6557302377018366,3.5223271036072066,3.9971251037272233,3.9971251037272233,3.7159697658077233,"rgba(239, 83, 80, 0.75)",0.1066478587022227,3.919701425707886,0.4247490277192937,39.66111537803822,-8.675311077275374,False,True,False,True,True,3.098163321572706,0.0,0.0,0.0,0.0,0,1.0298507462686566,0.9203980099502491,False,False,False,False,0.12524249932261555,0.09825971383700802,False,False,False,False,208484.0,182544.60652928494,False,False,False,False,5479.143370855022,False,False,False,False
2025-07-30 14:00:00+00:00,3.935,3.94,3.89,3.925,4625.0,,3.992043216935349,,,4.003868603963708,3.965994924431566,3.9353178499246457,3.914240262489172,3.87880577014411,3.824748600807917,3.810420173762252,3.656523540417069,3.6107229325089647,3.5949471140941776,3.556619861800314,3.5233469261127084,3.5160482454442765,3.4996249967578885,3.4544733965855374,3.656523540417069,3.5233469261127084,3.992043216935349,3.992043216935349,3.716380213282953,"rgba(239, 83, 80, 0.75)",0.10552178375506333,3.919164676929243,0.055299700811555184,38.907966358170135,-8.675311077275374,False,True,False,True,True,0.8788935996080447,0.0,0.0,0.0,0.0,0,1.0147347740667978,0.9282907662082521,False,False,False,False,0.04380342823943394,0.07103157103822098,False,False,False,False,203859.0,182875.06224200918,False,False,False,False,5465.900837973549,False,False,False,False
2025-07-30 15:00:00+00:00,3.925,3.925,3.885,3.915,4235.0,,3.987375092723051,,,4.001809570339005,3.965318681207099,3.9350534488609186,3.9141972938913883,3.8789853722595735,3.825139923750649,3.810847340003242,3.6572181707014706,3.6114975347216256,3.5957467932071,3.55747543341783,3.52425263105658,3.5169647058499054,3.5005646566356954,3.455475228580275,3.6572181707014706,3.52425263105658,3.987375092723051,3.987375092723051,3.7167031189654907,"rgba(239, 83, 80, 0.75)",0.10447220415711037,3.9185949608128725,-0.0344106917421422,37.956292885178776,-8.675311077275374,False,True,False,True,True,0.33279972059948193,0.0,0.0,0.0,0.0,0,1.0166830225711483,0.9332679097154077,False,False,False,False,0.014194427596325925,0.042612999317273456,False,False,False,False,199624.0,183134.73569562144,False,False,False,False,5446.817104051478,False,False,False,False
2025-07-30 16:00:00+00:00,3.915,3.925,3.895,3.905,1652.0,,3.985692291169964,,,4.001030240022608,3.96505917135296,3.9349517100281486,3.9141807015951264,3.879054840960642,3.8252915804116996,3.811012961325134,3.6574880959972114,3.611798601492484,3.596057628757136,3.557808049576469,3.524604776514363,3.517321041230693,3.500930031241866,3.4558648277588397,3.6574880959972114,3.524604776514363,3.985692291169964,3.985692291169964,3.716830283884359,"rgba(239, 83, 80, 0.75)",0.10202344722556331,3.9183838586669615,-0.1311841447326451,36.85331851612659,-8.675311077275374,False,True,False,True,True,0.0,0.0,0.0,0.0,0.0,0,1.0187932739861525,0.9426310583580617,False,False,False,False,-0.0038373039886503606,0.019387847664311546,False,False,False,False,197972.0,183364.7708011157,False,False,False,False,5387.982730345253,False,False,False,False
2025-07-30 17:00:00+00:00,3.905,3.905,3.895,3.9,4911.0,,3.9805916337397687,,,3.9985868146696273,3.9641901727359503,3.934560519284778,3.9140624150745986,3.8792011966079514,3.825694255578275,3.8114601314586274,3.6582605596485656,3.6126649548008256,3.596953467045411,3.5587697051579643,3.525625166392047,3.5183540250392844,3.501990207677092,3.456997806225852,3.6582605596485656,3.525625166392047,3.9805916337397687,3.9805916337397687,3.7171580931597896,"rgba(239, 83, 80, 1.0)",0.0992180236460077,3.917677382593046,-0.17816705013310727,35.870166451425675,-8.675311077275374,False,True,False,True,False,0.0,0.0,0.0,0.0,0.0,0,1.0089285714285714,0.9503968253968256,False,False,False,False,-0.025390142073572805,-0.0030011472046306293,False,False,False,False,193061.0,183515.0999359821,False,False,False,False,5380.5876492546295,False,False,False,False
2025-07-30 18:00:00+00:00,3.905,3.905,3.885,3.895,11586.0,,3.9700523246751405,,,3.992995457616063,3.9620764679359897,3.9335428023095123,3.913694527083077,3.879457416371084,3.826564478401836,3.8124389113442154,3.6600263040154517,3.614653146382493,3.5990116151896276,3.560984228849106,3.5279787638321918,3.5207374358744707,3.5044380454118094,3.4596180428085614,3.6600263040154517,3.5279787638321918,3.9700523246751405,3.9700523246751405,3.717881176228367,"rgba(239, 83, 80, 1.0)",0.09688071982534714,3.9160474798380966,-0.21725148074911313,34.948330983098685,-9.644098610897963,False,True,False,True,False,0.0,0.0,0.0,0.0,0.0,0,1.006972111553785,0.9531872509960164,False,False,False,False,-0.03756263661884256,-0.020281891911736592,False,False,False,False,181475.0,183483.4704796103,False,False,False,False,5476.795592677038,False,False,False,False
2025-07-30 19:00:00+00:00,3.895,3.905,3.835,3.85,26089.0,,3.9468856696704693,,,3.9789436196521186,3.955721132892228,3.929698402937229,3.911597118791709,3.8788893352869827,3.8275754907354522,3.8137471173090205,3.66338445405108,3.6185348825614123,3.603058755093243,3.5654028056071083,3.5327223421647433,3.525550559153649,3.509401936595017,3.464984061197665,3.66338445405108,3.5327223421647433,3.9468856696704693,3.9468856696704693,3.7186141342685772,"rgba(239, 83, 80, 1.0)",0.09533289233189092,3.911190110429792,-0.6418572743682761,32.20752602434082,-12.556687427837545,False,True,False,True,False,0.0,0.0,0.0,0.0,0.0,0,0.9980119284294233,0.9562624254473165,False,False,False,False,-0.08218459492115744,-0.051233243416447014,False,False,False,False,155386.0,183047.85078225198,False,False,False,False,5796.364653255689,False,False,False,False
2025-07-31 14:00:00+00:00,3.87,3.885,3.805,3.805,8434.0,,3.9393301196076145,,,3.97395849386759,3.9531925540142097,3.9279932816654695,3.910535258899193,3.878357541235552,3.8276115367525807,3.813894795127354,3.664278272281974,3.61960497970795,3.604184755122566,3.566654836779901,3.534083119067205,3.5269345690402143,3.510836454319947,3.4665529108205573,3.664278272281974,3.534083119067205,3.9393301196076145,3.9393301196076145,3.718578223913485,"rgba(239, 83, 80, 1.0)",0.09384537790940214,3.9092485446930105,-1.1108543331100589,28.793232841344732,-15.948924423683188,False,True,False,True,False,0.0,0.0,0.0,0.0,0.0,0,0.9813542688910696,0.9627085377821395,False,False,False,False,-0.12261079740984715,-0.08692202041314709,False,False,False,False,146952.0,182488.22518872868,False,False,False,False,5837.258224523042,False,False,False,False
2025-07-31 15:00:00+00:00,3.805,3.815,3.765,3.775,2449.0,,3.936446379885654,,,3.972119352031062,3.952202945974451,3.9272747077166357,3.910052862814016,3.8780532568161443,3.8275027986263725,3.813825814845395,3.6644641735420014,3.619845759426991,3.6044429910629687,3.566952557528383,3.5344143325688524,3.5272729206529037,3.5111903677570937,3.466948044699059,3.6644641735420014,3.5344143325688524,3.936446379885654,3.936446379885654,3.7184375257374884,"rgba(239, 83, 80, 1.0)",0.09331376886324447,3.908451103998498,-1.4301330406456614,25.654080173006527,-18.97035957481017,False,True,False,True,False,0.0,0.0,0.0,0.0,0.0,0,0.9842364532019704,0.9763546798029562,False,False,False,False,-0.22011303492233955,-0.15351752766774332,False,False,False,False,144503.0,181899.3069687484,False,False,False,False,5784.727089259119,False,False,False,False
2025-07-31 16:00:00+00:00,3.775,3.825,3.765,3.81,1296.0,,3.935110368187771,,,3.9712373622550037,3.9517305071552595,3.926937140112871,3.9098295192967187,3.877918859957964,3.8274657082136225,3.8138083701262566,3.664574533987836,3.6199844425872567,3.604590678357715,3.5671205975855798,3.534599726594209,3.527462016361526,3.511387527687135,3.467166594345955,3.664574533987836,3.534599726594209,3.935110368187771,3.935110368187771,3.7183875723083273,"rgba(239, 83, 80, 1.0)",0.09197345876458421,3.908078434490366,-1.0663775811825034,27.161799791528548,-18.97035957481017,False,True,False,True,False,0.0,0.0,0.0,0.0,0.0,0,0.9822834645669292,0.9783464566929135,False,False,False,False,-0.21163155380992046,-0.1825745407388319,False,False,False,False,145799.0,181339.6122870624,False,False,False,False,5715.13442120859,False,False,False,False
2025-07-31 17:00:00+00:00,3.815,3.815,3.775,3.78,11583.0,,3.923433430825628,,,3.9633004846954196,3.9473648825004424,3.923766249516879,3.9076947779799416,3.876586370815054,3.8270195062733747,3.8135428796887476,3.6654807088956898,3.621146175243777,3.6058337491187484,3.5685477313069653,3.53618326067733,3.529078899632155,3.5130771198118578,3.46904891248721,3.6654807088956898,3.53618326067733,3.923433430825628,3.923433430825628,3.71784478057624,"rgba(239, 83, 80, 1.0)",0.09244184926481647,3.904645838220283,-1.348370237198657,27.016106781069258,-18.97035957481017,False,True,False,True,False,0.0,0.0,0.0,0.0,0.0,0,0.9823356231599608,0.9823356231599609,False,False,False,False,-0.21163155380992046,-0.19710304727437616,False,False,False,False,134216.0,180609.0136469529,False,False,False,False,5806.10908134489,False,False,False,False
2025-07-31 18:00:00+00:00,3.785,3.855,3.785,3.81,9213.0,,3.9170109452671347,,,3.9583648144562282,3.9446177573057186,3.9218293737023964,3.9064229559509984,3.8758726518158437,3.826922356365099,3.8135703425415493,3.66634454078573,3.622203079971094,3.6069520867170617,3.5698050008745117,3.537559698984276,3.5304807921926447,3.5145344513794794,3.4706535875010545,3.66634454078573,3.537559698984276,3.9170109452671347,3.9170109452671347,3.717742232702912,"rgba(239, 83, 80, 0.75)",0.0930636225269648,3.9026168525971725,-0.995199306478072,29.70422202281248,-18.97035957481017,False,True,False,True,True,0.0,0.0,0.0,0.0,0.0,0,0.9835111542192047,0.9728419010669254,False,False,False,False,-0.16964578133530409,-0.18337441430484014,False,False,False,False,143429.0,180032.5793268451,False,False,False,False,5858.929095587605,False,False,False,False
2025-07-31 19:00:00+00:00,3.815,3.825,3.77,3.775,17265.0,,3.9041437283746325,,,3.9483748547980224,3.9387583244436835,3.917508046989609,3.903452451501256,3.873997698343947,3.8262842882700374,3.8131883113062957,3.6676545403337055,3.6238858152156026,3.6087537311901285,3.5718762718430117,3.539860071190232,3.5328300466519837,3.5169903759657872,3.4733924605658384,3.6676545403337055,3.539860071190232,3.9041437283746325,3.9041437283746325,3.7171204859072757,"rgba(239, 83, 80, 0.75)",0.0937537026296045,3.89819852752395,-1.3140657282696797,29.974006199867215,-18.97035957481017,False,True,False,True,True,0.0,0.0,0.0,0.0,0.0,0,0.9807507218479307,0.9788257940327239,False,False,False,False,-0.20740210982185003,-0.1953882620633451,False,False,False,False,126164.0,179197.40755433586,False,False,False,False,6035.767404183145,False,False,False,False
2025-08-01 14:00:00+00:00,3.685,3.82,3.68,3.705,17890.0,,3.8880746654913056,,,3.936015770695192,3.9310594412388373,3.9115125624019136,3.8991135500758043,3.870922516617716,3.8246784221484504,3.8118968386304943,3.668385794680001,3.6250285762192203,3.610028289716495,3.573450899117638,3.5416854280085266,3.5347087846225014,3.518985975718331,3.475696879128815,3.668385794680001,3.5416854280085266,3.8880746654913056,3.8880746654913056,3.715544648601329,"rgba(239, 83, 80, 0.75)",0.09686728173265632,3.892180284796659,-1.9323375390387958,27.849558713080498,-18.97035957481017,False,True,False,True,True,0.0,0.0,0.0,0.0,0.0,0,0.964319248826291,0.9793427230046952,False,False,False,False,-0.28921382284185965,-0.24230104245260237,False,False,False,False,108274.0,178097.81984031515,False,False,False,False,6219.553956056274,False,False,False,False
2025-08-01 15:00:00+00:00,3.705,3.775,3.695,3.77,11167.0,,3.88015848865539,,,3.9294087187387046,3.926810717717302,3.9082002501102107,3.896701311938757,3.869229934747677,3.8238310843868035,3.811231161978428,3.668912791937276,3.6258044705246633,3.6108839706092115,3.5744883445857782,3.542875336352865,3.535931184905922,3.520279503463725,3.477178635373651,3.668912791937276,3.542875336352865,3.88015848865539,3.88015848865539,3.714784494491398,"rgba(239, 83, 80, 0.75)",0.09816675461537501,3.888941619905972,-1.2116283193021342,31.306880208890455,-23.555654592219454,False,True,False,True,True,0.0,0.0,0.0,0.0,0.0,0,0.9693308550185874,0.988847583643123,False,False,False,False,-0.3158013125748725,-0.2790511775137374,False,False,False,False,119441.0,177188.41178077538,False,False,False,False,6296.258545884859,False,False,False,False
2025-08-01 16:00:00+00:00,3.765,3.775,3.745,3.76,7532.0,,3.8757865562050133,,,3.9255133261896686,3.9242579299368447,3.906218588392773,3.8952577428954918,3.868235499836421,3.8233668551807916,3.8108809397392442,3.6693245255586313,3.6263793546691816,3.611511171570931,3.5752347451446305,3.543722144925527,3.536799411334589,3.5211946012060595,3.478217940405081,3.6693245255586313,3.543722144925527,3.8757865562050133,3.8757865562050133,3.7144076517990583,"rgba(239, 83, 80, 0.75)",0.09790292121272748,3.8870398156146493,-1.2976100614874624,33.20329378939247,-21.702359013078425,False,True,False,True,True,0.0,0.0,0.0,0.0,0.0,0,0.9823091247672252,0.9878957169459964,False,False,False,False,-0.29634233671150245,-0.28769675711261994,False,False,False,False,111909.0,176176.32787719747,False,False,False,False,6315.417328119202,False,False,False,False
2025-08-01 17:00:00+00:00,3.76,3.775,3.745,3.77,9043.0,,3.871079773635789,,,3.9211563222283607,3.9213545203883333,3.903960954926936,3.893606082799506,3.8671012725274916,3.822847193638408,3.810493868892974,3.669831959081642,3.6270801499360776,3.6122740092589933,3.5761390099938404,3.544745682826242,3.5378484012887,3.522299297526208,3.479470336828757,3.669831959081642,3.544745682826242,3.871079773635789,3.871079773635789,3.7140139374761647,"rgba(239, 83, 80, 0.75)",0.09752107649305305,3.8848992072168613,-1.1781987171259969,35.19867650560326,-19.737883977260907,False,True,False,True,True,0.0,0.0,0.0,0.0,0.0,0,0.9794776119402983,0.9906716417910448,False,False,False,False,-0.29634233671150245,-0.2920195469120612,False,False,False,False,120952.0,175320.13674731844,False,False,False,False,6357.705431559214,False,False,False,False
2025-08-01 18:00:00+00:00,3.77,3.77,3.695,3.71,12901.0,,3.862848534348966,,,3.9139158014002575,3.9164273154658744,3.900015888313048,3.890647449673559,3.864942650612057,3.821653602335632,3.8095123630427823,3.670253536677612,3.62778979179388,3.6130762965026646,3.577152999535367,3.5459362883510197,3.539076640302186,3.5236100697780857,3.4809993911287918,3.670253536677612,3.5459362883510197,3.862848534348966,3.862848534348966,3.7130006723275213,"rgba(239, 83, 80, 0.75)",0.0995643664323065,3.8811356991158354,-1.7188448563290974,34.043366803425975,-19.737883977260907,False,True,False,True,True,0.0,0.0,0.0,0.0,0.0,0,0.9667590027700832,0.991689750692521,False,False,False,False,-0.34282825441539394,-0.3174239006637276,False,False,False,False,108051.0,174277.20439464683,False,False,False,False,6459.1518589769,False,False,False,False
2025-08-01 19:00:00+00:00,3.705,3.715,3.645,3.675,23951.0,,3.845374290741582,,,3.898807179566823,3.9058290866739767,3.8913000712430765,3.8839489991670524,3.8598242556181983,3.818479729792204,3.8067748041718583,3.6703665611875964,3.6284608035944914,3.613927302531759,3.578416546266573,3.5475401525581423,3.540752919035293,3.5254455305210373,3.4832548175239144,3.6703665611875964,3.5475401525581423,3.845374290741582,3.845374290741582,3.710208583963466,"rgba(239, 83, 80, 1.0)",0.10320398763161526,3.8728340583903273,-1.9169226202430527,32.09898770049787,-19.737883977260907,False,True,False,True,False,0.0,0.0,0.0,0.0,0.0,0,0.9580291970802919,0.9990875912408761,False,False,False,False,-0.34282825441539394,-0.3301260775395608,False,False,False,False,84100.0,172879.10820248176,False,False,False,False,6730.343303023769,False,False,False,False
2025-08-04 14:00:00+00:00,3.71,3.715,3.685,3.695,4436.0,,3.8428396239490263,,,3.8964538688979795,3.9041324212696877,3.8899050658009813,3.882870679219701,3.8590080194761427,3.817988954308913,3.8063572748698205,3.670438831295225,3.6286321883887283,3.6141306781847202,3.578693265749283,3.547877723903333,3.541103455434688,3.525824556140593,3.4837091496109487,3.670438831295225,3.547877723903333,3.8428396239490263,3.8428396239490263,3.709808408836716,"rgba(239, 83, 80, 1.0)",0.10685546354816682,3.871529977921246,-1.6520444725942574,32.39665139339856,-19.737883977260907,False,True,False,True,False,0.0,0.0,0.0,0.0,0.0,0,0.9637681159420289,0.9963768115942031,False,False,False,False,-0.310072223209548,-0.3200991503745544,False,False,False,False,88536.0,171571.46311407117,False,False,False,False,6694.7720890234,False,False,False,False
2025-08-04 15:00:00+00:00,3.695,3.705,3.69,3.695,3904.0,,3.8406552406106647,,,3.894410984342505,3.9026501162130995,3.8886834045318763,3.8819235144125472,3.8582890878545855,3.817554371529046,3.8059868414602853,3.670498344112971,3.6287787352992353,3.61430532760673,3.578932366550363,3.548170285968132,3.541407408593741,3.526153544316911,3.4841043169046713,3.670498344112971,3.548170285968132,3.8406552406106647,3.8406552406106647,3.7094565766464465,"rgba(239, 83, 80, 1.0)",0.11004167924552352,3.870390608739163,-1.5938561637889408,32.59509385533235,-19.737883977260907,False,True,False,True,False,0.0,0.0,0.0,0.0,0.0,0,0.9647696476964769,0.9981933152664862,False,False,False,False,-0.314130346210091,-0.31711474829232267,False,False,False,False,88536.0,170284.09159292278,False,False,False,False,6651.504304697456,False,False,False,False
2025-08-04 16:00:00+00:00,3.695,3.715,3.695,3.705,3618.0,,3.83880220466178,,,3.8926329342839936,3.901350003999796,3.8876134902491115,3.881093399247059,3.8576625465867287,3.8171819680486565,3.8056717713766024,3.670570743428922,3.628930585871624,3.6144828337951322,3.579168710415061,3.548455547880333,3.5417030984728717,3.5264721474897454,3.4844835339025386,3.670570743428922,3.548455547880333,3.83880220466178,3.83880220466178,3.7091648876698784,"rgba(239, 83, 80, 1.0)",0.1132962313408506,3.869398939570741,-1.4510539108414686,33.6307772563546,-19.737883977260907,False,True,False,True,False,0.0,0.0,0.0,0.0,0.0,0,0.9657965796579657,0.9963996399639966,False,False,False,False,-0.30198542966137176,-0.3095500889768472,False,False,False,False,92154.0,169072.77234342007,False,False,False,False,6604.473230206022,False,False,False,False
2025-08-04 17:00:00+00:00,3.705,3.71,3.7,3.705,1701.0,,3.8379483851282727,,,3.8918084713407053,3.9007446500002714,3.8871147665830175,3.8807058073782694,3.857369745331377,3.8170077331597274,3.8055243198498765,3.6706046770078706,3.629001769400647,3.6145660482901207,3.5792795213220354,3.5485893052238207,3.541841747754387,3.526621546563132,3.4846613728819213,3.6706046770078706,3.5485893052238207,3.8379483851282727,3.8379483851282727,3.709029432139146,"rgba(239, 83, 80, 1.0)",0.1163341335577573,3.8689375179677703,-1.409195332050837,34.321232857036094,-19.523824721333455,False,True,False,True,False,0.0,0.0,0.0,0.0,0.0,0,0.9667565139263253,0.9973045822102427,False,False,False,False,-0.30198542966137176,-0.3057677593191095,False,False,False,False,92154.0,167880.23323732053,False,False,False,False,6528.450389427634,False,False,False,False
2025-08-04 18:00:00+00:00,3.705,3.705,3.7,3.705,934.0,,3.83747836120893,,,3.891354830507673,3.900411025042989,3.8868395842518004,3.880491697943162,3.857207695247794,3.816910872575146,3.8054422001067443,3.6706223796377975,3.6290399429185274,3.6146108345050916,3.5793394778656795,3.548661871144141,3.541917001776165,3.526702708142887,3.484758162621669,3.6706223796377975,3.548661871144141,3.83747836120893,3.83747836120893,3.708954018952484,"rgba(239, 83, 80, 0.75)",0.11926716923638762,3.868682943703137,-1.3724057068774504,34.78153659082376,-18.790651557079673,False,True,False,True,True,0.0,0.0,0.0,0.0,0.0,0,0.966786355475763,0.9982046678635548,False,False,False,False,-0.30602397375988544,-0.30589586653949746,False,False,False,False,92154.0,166706.1831096101,False,False,False,False,6441.714724475268,False,False,False,False
2025-08-04 19:00:00+00:00,3.705,3.74,3.7,3.74,3860.0,,3.8359020924387695,,,3.889732787971418,3.899205947762566,3.8858545093884183,3.8797281156818473,3.8566425901751624,3.8165941948615947,3.8051814485873523,3.6707473801133044,3.6292467080410002,3.6148439986149676,3.5796331638404095,3.5490061814975356,3.542272116211364,3.527081546166774,3.4851998694100956,3.6707473801133044,3.5490061814975356,3.8359020924387695,3.8359020924387695,3.708731370554921,"rgba(239, 83, 80, 0.5)",0.12114011692222931,3.8677842434231238,-1.054846624468422,38.68363017674265,-14.961243368338224,False,False,False,True,True,0.0,0.0,0.0,0.0,0.0,0,0.967023172905526,0.9919786096256686,False,False,False,False,-0.2779488132254561,-0.2919223398824768,False,False,False,False,96014.0,165610.1802707014,False,False,False,False,6401.6881395996825,False,False,False,False
2025-08-05 14:00:00+00:00,3.655,3.665,3.605,3.625,16129.0,,3.8244437893423577,,,3.879531953566643,3.891670584112748,3.8794860331840035,3.874687399079204,3.8526454182506233,3.813921815455925,3.802814294567297,3.670386523888855,3.629267936094596,3.6149890034797685,3.5800629980918433,3.54966891732465,3.5429843813370407,3.5279029702067115,3.48630889440343,3.670386523888855,3.54966891732465,3.8244437893423577,3.8244437893423577,3.706421941536223,"rgba(239, 83, 80, 1.0)",0.12607465970536375,3.8617947136701125,-1.8782102146736017,35.3541323329851,-14.961243368338224,False,True,False,True,False,0.0,0.0,0.0,0.0,0.0,0,0.9503916449086162,0.9921671018276762,False,False,False,False,-0.34282825441539394,-0.31737529714893536,False,False,False,False,79885.0,164281.10770836493,False,False,False,False,6552.499176195036,False,False,False,False
2025-08-05 15:00:00+00:00,3.625,3.655,3.625,3.645,24620.0,,3.810025744376126,,,3.865996513813771,3.881365235046456,3.8707259300043093,3.867677013057528,3.847074654760744,3.8102041218857936,3.799526962644545,3.6699873555042473,3.629431762317957,3.6153354523834405,3.580830117786222,3.550781206007416,3.544170151007349,3.5292507100723465,3.4880840030951834,3.6699873555042473,3.550781206007416,3.810025744376126,3.810025744376126,3.703362745959154,"rgba(239, 83, 80, 1.0)",0.13000779602404794,3.853665684583492,-1.6050243982668122,34.79032610820252,-11.280337071215847,False,True,False,True,False,0.0,0.0,0.0,0.0,0.0,0,0.954112554112554,0.9939393939393941,False,False,False,False,-0.33532736092529486,-0.3263513290371151,False,False,False,False,104505.0,163354.3463485453,False,False,False,False,6832.615468036973,False,False,False,False
2025-08-05 16:00:00+00:00,3.645,3.675,3.625,3.655,41935.0,,3.7912686818701347,,,3.847058425253812,3.866295923438469,3.857793359978639,3.857147523077544,3.838664552107581,3.8045827396932097,3.7945618862073505,3.669563670788929,3.629921162665665,3.6161216978290502,3.5823013709101206,3.5528168635698836,3.546326133598361,3.53167203348353,3.4912068229296835,3.669563670788929,3.5528168635698836,3.7912686818701347,3.7912686818701347,3.699068944368789,"rgba(239, 83, 80, 1.0)",0.133503450034726,3.841864787241728,-1.3997000616322814,35.24831022128781,-11.280337071215847,False,True,False,True,False,0.0,0.0,0.0,0.0,0.0,0,0.9538327526132403,1.0052264808362372,False,False,False,False,-0.32043310127327634,-0.32339221515519573,False,False,False,False,146440.0,163092.1084206609,False,False,False,False,7376.8384840364,False,False,False,False
2025-08-05 17:00:00+00:00,3.655,3.66,3.63,3.63,25847.0,,3.780976618608768,,,3.8363642007132355,3.8575010425218608,3.850146572466899,3.850813711605268,3.83353071159888,3.8010627623383493,3.7914277820577396,3.6691481945861155,3.6300560654031933,3.616436009540301,3.5830306682413213,3.553887825889966,3.54746997818786,3.5329767803959116,3.492937220588447,3.6691481945861155,3.553887825889966,3.780976618608768,3.780976618608768,3.69645263507569,"rgba(239, 83, 80, 1.0)",0.13710149459368853,3.83492834003793,-1.4947199565201816,34.39771521848926,-11.871253298471792,False,True,False,True,False,0.0,0.0,0.0,0.0,0.0,0,0.9512195121951218,1.001742160278746,False,False,False,False,-0.327862672373932,-0.3256274437645639,False,False,False,False,120593.0,162433.2075149142,False,False,False,False,7663.197577307154,False,False,False,False
2025-08-05 18:00:00+00:00,3.635,3.655,3.635,3.645,24604.0,,3.7727056010033952,,,3.827396748729317,3.8499199289116253,3.843511944039154,3.8452535669750985,3.829004386517007,3.797948913303804,3.7886549273263053,3.66882941047279,3.6302440717185447,3.616789488570255,3.583767413433559,3.554940914248385,3.548590611376656,3.5342465893109285,3.494602166227885,3.66882941047279,3.554940914248385,3.7727056010033952,3.7727056010033952,3.6942467387440874,"rgba(239, 83, 80, 1.0)",0.14012918749922357,3.828956540135686,-1.3127639103502649,35.1944526451352,-11.871253298471792,False,True,False,True,False,0.0,0.0,0.0,0.0,0.0,0,0.9543859649122804,1.0043859649122808,False,False,False,False,-0.32786267237393263,-0.32674505806924825,False,False,False,False,145197.0,162165.97949142713,False,False,False,False,7925.845676883786,False,False,False,False
2025-08-05 19:00:00+00:00,3.645,3.655,3.57,3.575,104364.0,,3.737284554730831,,,3.789691541814291,3.817071162176027,3.814136286016579,3.820038743194862,3.8078385809884723,3.78250301061441,3.7746280010619997,3.6651796129001672,3.62871187666036,3.6159521355259834,3.5845467162987443,3.557046772810147,3.550979772710171,3.537263056962919,3.4992799286071508,3.6651796129001672,3.557046772810147,3.737284554730831,3.737284554730831,3.6829911465561525,"rgba(239, 83, 80, 1.0)",0.14465843585172072,3.8023400046571965,-1.5715641007637235,32.758839481597846,-13.649419197026347,False,True,False,True,False,0.0,0.0,0.0,0.0,0.0,0,0.9408181026979983,1.0026109660574416,False,False,False,False,-0.34282825441539394,-0.33478665624232107,False,False,False,False,40833.0,160284.84802644377,False,False,False,False,9421.010860187913,False,False,False,False
2025-08-06 14:00:00+00:00,3.605,3.645,3.59,3.625,17313.0,,3.733425445515074,,,3.7851488401268134,3.81286587948669,3.8103274663143134,3.8166842128883456,3.8050020395690947,3.780426387944717,3.7727440043257294,3.664785650092616,3.628639270663697,3.6159853509905706,3.5848268410813815,3.5575310927449215,3.551507811340033,3.5378879545832973,3.500162239758461,3.664785650092616,3.5575310927449215,3.733425445515074,3.733425445515074,3.681635002794045,"rgba(239, 83, 80, 0.5)",0.14767101858432835,3.7989338515196898,-1.1778469004083145,35.047636856693266,-13.649419197026347,False,False,False,True,True,0.0,0.0,0.0,0.0,0.0,0,0.9386343993085565,1.0034572169403633,False,False,False,False,-0.3356543054677553,-0.3352204808550382,False,False,False,False,58146.0,158701.29999502606,False,False,False,False,9543.367280960192,False,False,False,False
2025-08-06 15:00:00+00:00,3.625,3.625,3.545,3.565,17840.0,,3.728339430034987,,3.578333333333333,3.7795969381382952,3.807819826936413,3.805730293043589,3.8126355050578153,3.801528977329335,3.77779982000661,3.7703334549628917,3.6640157630461454,3.628210930481226,3.6156696554670478,3.584774399551657,3.5576947056979664,3.551717632717653,3.538200299121899,3.5007465620904736,3.6640157630461454,3.5576947056979664,3.728339430034987,3.728339430034987,3.673425506061397,"rgba(239, 83, 80, 0.75)",0.15204234237171294,3.784871798060999,-1.4461221435503584,34.19398855502891,-13.649419197026347,False,True,False,True,True,0.0,0.0,0.0,0.0,0.0,0,0.9306506849315069,1.0068493150684934,True,False,False,False,-0.34282825441539394,-0.33902436763521604,False,False,False,False,40306.0,156865.71394859152,False,False,False,False,9671.997245596469,True,False,False,False
2025-08-06 16:00:00+00:00,3.57,3.605,3.565,3.595,24888.0,,3.7222144801587156,,3.58415808525245,3.7726926496589313,3.8014238352440044,3.7998821286063,3.8074432401613185,3.797067188188482,3.7744256966989167,3.7672387828056584,3.6630870568257974,3.627742801749803,3.615353598818923,3.584814049753259,3.558027237138589,3.5521128635162427,3.5387346545992,3.501650491643573,3.6630870568257974,3.558027237138589,3.7222144801587156,3.7222144801587156,3.671615897541341,"rgba(239, 83, 80, 0.5)",0.15518506824243333,3.7800473384874076,-1.1924300487358912,35.695549358286115,-13.649419197026347,False,False,False,True,True,0.0,0.0,0.0,0.0,0.0,0,0.9298245614035089,1.0289473684210528,False,False,False,False,-0.34282825441539394,-0.340926311025305,False,False,False,False,65194.0,155444.44706566763,False,False,False,False,9907.904265044584,False,False,False,False
2025-08-06 17:00:00+00:00,3.595,3.625,3.59,3.625,6913.0,,3.720907288444761,,3.588221026973671,3.771110645198966,3.7999136077350975,3.7984985555727215,3.8062031189977366,3.7960052990559805,3.773632762621128,3.766515301732541,3.6629180486667132,3.627695969283812,3.6153471316028902,3.5849020327556143,3.558193465714102,3.552295865794531,3.538954861075529,3.5019697306125828,3.6629180486667132,3.558193465714102,3.720907288444761,3.720907288444761,3.6713985889621013,"rgba(239, 83, 80, 0.5)",0.1575804384896738,3.7790518058569362,-0.977607419635599,38.61333544046231,-15.208261204499614,True,False,False,True,True,0.0,0.0,0.0,0.0,0.0,0,0.9342681858019282,1.0140227870289222,False,False,False,False,-0.3124086339585361,-0.3266674724919205,False,False,False,False,72107.0,154152.39362278907,False,False,False,False,9861.471640780326,False,False,False,False
2025-08-06 18:00:00+00:00,3.625,3.64,3.615,3.63,2272.0,,3.7205434513728988,,3.589976563352789,3.7706463260791976,3.7994620221149273,3.798084779956334,3.805830427542441,3.795687415494755,3.773398088171316,3.7663021465603173,3.6628794809899983,3.627696649371241,3.61536077982762,3.584946023838854,3.558262682368041,3.5523704939655567,3.539041487925213,3.5020883308092934,3.6628794809899983,3.558262682368041,3.7205434513728988,3.7205434513728988,3.671377106147993,"rgba(239, 83, 80, 0.5)",0.16009358186685127,3.7787835313117553,-0.9293535042241582,40.87857515141507,-13.10935382449113,True,False,False,True,True,0.0,0.0,0.0,0.0,0.0,0,0.9385964912280703,1.0114035087719297,False,False,False,False,-0.28583292019396755,-0.30625019634294404,False,False,False,False,74379.0,152915.59682243573,False,False,False,False,9743.805413791482,False,False,False,False
2025-08-06 19:00:00+00:00,3.635,3.64,3.595,3.635,45303.0,,3.7134789520457625,,3.6055209361970597,3.7616755361214644,3.790679732526481,3.7900036696292503,3.7985115255823727,3.789409247942967,3.768716067076258,3.762035883968276,3.6620192583010884,3.6276057482496586,3.6155244249195526,3.585705972432464,3.5595183847495218,3.5537325898112955,3.5406396129798896,3.5043157057748133,3.6620192583010884,3.5595183847495218,3.7134789520457625,3.7134789520457625,3.6697258935164005,"rgba(239, 83, 80, 0.5)",0.16223475927531794,3.7725945434918673,-0.8481199966424264,42.735817997677465,-11.384770795623062,True,False,False,True,True,0.0,0.0,0.0,0.0,0.0,0,0.9379370629370632,1.007867132867133,False,False,False,False,-0.2990694889824695,-0.30265984266270674,False,False,False,False,119682.0,152400.34725929718,False,False,False,False,10295.11075621332,False,False,False,False
2025-08-07 14:00:00+00:00,3.64,3.7,3.62,3.675,8763.0,,3.7128069252660363,,3.61043903351922,3.7605500339665183,3.789479127830456,3.7888954357736444,3.7974837966318074,3.7885388044730006,3.768093890806431,3.7614789997472062,3.662031747466171,3.627755833040968,3.6157200846022173,3.5860084568375536,3.559910655655381,3.5541441762407975,3.5410940182095114,3.5048846742966804,3.662031747466171,3.559910655655381,3.7128069252660363,3.7128069252660363,3.669781798068598,"rgba(239, 83, 80, 0.5)",0.16368182165024306,3.771910423023628,-0.592065887626221,46.58920818192165,-7.836798361203648,True,False,False,True,True,0.0,0.0,0.0,0.0,0.0,0,0.9418907198612316,1.0000000000000002,False,False,False,False,-0.24345425972138984,-0.27305705119204826,False,False,False,False,128445.0,152028.9465265949,False,False,False,False,10271.357101078229,False,False,False,False
2025-08-07 15:00:00+00:00,3.675,3.715,3.675,3.685,880.0,,3.712777537311349,,3.6111079553430225,3.7604695949920948,3.789385384061901,3.7888089495734047,3.797402061252405,3.788470788390197,3.768047877461867,3.7614387887967173,3.662044211538879,3.6277815820887236,3.6157502338268523,3.5860489171545855,3.5599598423304006,3.554195242654498,3.54114924856982,3.5049510677522187,3.662044211538879,3.5599598423304006,3.712777537311349,3.712777537311349,3.669813234111724,#000000,0.16497837696155243,3.7718734144377883,-0.5265745489667036,49.76105893757748,-5.000559779276237,True,False,False,False,True,0.0,0.0,0.0,0.0,0.0,0,0.9498269896193772,0.9974048442906577,False,False,False,False,-0.19875147601469395,-0.2359042636033711,False,False,False,False,129325.0,151676.94735563995,False,False,False,False,10125.754665402597,False,False,False,False
2025-08-07 16:00:00+00:00,3.685,3.7,3.68,3.685,3124.0,,3.712657497488811,,3.613301495079543,3.760171786224328,3.7890427373248614,3.788492669508177,3.7971038023200885,3.7882218129617953,3.767877867483715,3.761289611336319,3.662083404917482,3.627868063156105,3.6158523795451747,3.586187776101813,3.560129747093753,3.5543718342305914,3.5413406547006034,3.5051821828266885,3.662083404917482,3.560129747093753,3.712657497488811,3.712657497488811,3.6699073640506903,"rgba(38, 166, 154, 1.0)",0.1662653637146787,3.7717242180167796,-0.521601228777892,51.8756261080147,-3.1217763683947837,True,False,True,False,True,0.0,0.0,0.0,0.0,0.0,0,0.9549393414211439,0.9965337954939342,False,False,False,False,-0.20508584053016737,-0.22049505206676923,False,False,False,False,129325.0,151330.40553617265,False,False,False,False,10017.200329504882,False,False,False,False
2025-08-07 17:00:00+00:00,3.685,3.685,3.675,3.685,4291.0,,3.7124498577028846,,3.615868614032939,3.759729122891855,3.7885449561675975,3.78803277112318,3.7966718278988507,3.7878591516637883,3.76762605477226,3.7610670633935834,3.662123425251633,3.627973395484859,3.6159793532075493,3.5863654854077676,3.5603502920427785,3.554601603270313,3.541590865239245,3.505487164545043,3.662123425251633,3.5603502920427785,3.7124498577028846,3.7124498577028846,3.669991946649578,"rgba(38, 166, 154, 1.0)",0.16740179318144585,3.771472933078799,-0.5165591803731233,53.28533755497285,-1.8040415731917605,True,False,True,False,True,0.0,0.0,0.0,0.0,0.0,0,0.9582608695652174,0.9947826086956523,False,False,False,False,-0.2178039649962383,-0.21914950853150378,False,False,False,False,129325.0,150989.23645809246,False,False,False,False,9928.422029822636,False,False,False,False
2025-08-07 18:00:00+00:00,3.685,3.685,3.675,3.685,5147.0,,3.7122044374844134,,3.618704485252455,3.7592046947658226,3.7879539284911052,3.7874863255438846,3.796157925701871,3.787427387257865,3.767325942326268,3.7608017555454,3.6621712138905553,3.62809919746174,3.616131011709795,3.586577774777112,3.5606137793490245,3.5548761164975753,3.541889815077427,3.5058515986598238,3.6621712138905553,3.5606137793490245,3.7122044374844134,3.7122044374844134,3.670079559519233,"rgba(38, 166, 154, 1.0)",0.16847399350193396,3.771163572954124,-0.5114354516273459,54.22514518627828,-0.8135045970135621,True,False,True,False,True,0.0,0.0,0.0,0.0,0.0,0,0.9573913043478262,0.9921739130434782,False,False,False,False,-0.2178039649962383,-0.21847673676387103,False,False,False,False,129325.0,150653.35682308328,False,False,False,False,9854.291455716857,False,False,False,False
2025-08-07 19:00:00+00:00,3.685,3.695,3.675,3.695,3488.0,,3.7120761597073186,,3.620680462781408,3.7588835031980654,3.7875819949963114,3.7871423223879574,3.795832396367544,3.787155099589594,3.767139487712536,3.7606380300769153,3.6622144955815625,3.628194684314214,3.616243804089653,3.586731150036985,3.560801486678185,3.5550712204739443,3.5421013100283605,3.5061070434134196,3.6622144955815625,3.560801486678185,3.7120761597073186,3.7120761597073186,3.6701574057329163,"rgba(38, 166, 154, 1.0)",0.169397900366716,3.770980693983465,-0.4485338591504425,55.72393575372234,0.7694196857363309,True,False,True,False,True,0.0,0.0,0.0,0.0,0.0,0,0.9574283231972197,0.9913119026933104,False,False,False,False,-0.21143647783784217,-0.21495660730085658,False,False,False,False,132813.0,150376.76214365562,False,False,False,False,9755.589262604968,False,False,False,False
2025-08-08 14:00:00+00:00,3.75,3.775,3.74,3.765,711.0,,3.7121285979572884,,3.6214817586151113,3.7588845336860763,3.787561019870832,3.787123140572812,3.7958103582702725,3.7871398982550515,3.767136054205506,3.7606377363784,3.6622474605351902,3.628237262448514,3.616289566619104,3.5867843703433637,3.5608611452656858,3.555132271186101,3.5421654383332477,3.5061794699066646,3.6622474605351902,3.5608611452656858,3.7121285979572884,3.7121285979572884,3.6702294677807457,"rgba(38, 166, 154, 1.0)",0.16949402710782585,3.771010601715686,-0.035462026705296766,61.118969043635325,5.8769758671731935,True,False,True,False,True,0.0,0.0,0.0,0.0,0.0,0,0.9612403100775192,0.9879414298018949,False,False,False,False,-0.12072133873859871,-0.16783897301972764,False,False,False,False,133524.0,150115.47900964547,False,False,False,False,9615.363072487062,False,False,False,False
2025-08-08 15:00:00+00:00,3.765,3.795,3.765,3.775,1756.0,,3.7123070282067574,,3.6236786014335554,3.758928766475111,3.7875437212402407,3.7871078254812605,3.7957838512156465,3.7871277394262473,3.767149338019253,3.760657831344001,3.662344032447284,3.628356917650103,3.616416866904642,3.5869295688880154,3.5610218854233895,3.555296375321281,3.542336974363196,3.5063710764571723,3.662344032447284,3.5610218854233895,3.7123070282067574,3.7123070282067574,3.67044071075565,"rgba(38, 166, 154, 1.0)",0.1693629558398589,3.7711250607574582,0.022879497014716862,65.17295052494069,9.551253577981782,True,False,True,False,True,0.0,0.0,0.0,0.0,0.0,0,0.9638865004299226,0.9845227858985385,False,False,False,False,-0.09303249487253884,-0.13043573394613323,False,False,False,False,135280.0,149885.47158313936,False,False,False,False,9493.512482215943,False,False,False,False
2025-08-08 16:00:00+00:00,3.775,3.885,3.77,3.87,9909.0,,3.7142449146200422,,3.6396452181197727,3.7599771570964324,3.788110267759679,3.7876390297249185,3.7961732084383466,3.7875493647191245,3.767644873994019,3.761173636457102,3.663181904915491,3.6293121939182265,3.617411002868683,3.5880145601695754,3.562187554666547,3.556479576101233,3.543558811251995,3.507697881282944,3.663181904915491,3.562187554666547,3.7142449146200422,3.7142449146200422,3.672234765092756,"rgba(38, 166, 154, 1.0)",0.1685217391809726,3.7762220758647436,0.5564737498617317,70.93000727797659,14.714462120474508,True,False,True,False,True,4.141790124163823,0.0,0.0,0.0,0.0,0,0.9618320610687023,0.9737065309584397,False,False,False,False,-0.034991286912515185,-0.0827135104293242,False,False,False,False,145189.0,149812.65807022247,False,False,False,False,9499.954149158331,False,False,False,False
2025-08-08 17:00:00+00:00,3.865,3.865,3.845,3.845,2784.0,,3.7148208852536513,,3.643920382803768,3.7603024198343853,3.788296638382256,3.7878136991482747,3.7963051996964214,3.787688325562797,3.767801563027507,3.761335232812324,3.6634290139996986,3.629591613900339,3.617701119538544,3.5883296869443404,3.5625249728555923,3.5568218418163204,3.5439117568960627,3.5080798739840273,3.6634290139996986,3.5625249728555923,3.7148208852536513,3.7148208852536513,3.672740833825166,"rgba(38, 166, 154, 1.0)",0.1663112516711831,3.776728586448075,0.41050387671247857,72.23503515714553,15.757546163279017,True,False,True,False,True,2.7556649663366386,0.0,0.0,0.0,0.0,0,0.9729272419627749,0.9746192893401017,False,False,False,False,-0.001520799048798969,-0.04211715473906159,False,False,False,False,142405.0,149697.81065828103,False,False,False,False,9395.83082901634,False,False,False,False
2025-08-08 18:00:00+00:00,3.845,3.875,3.845,3.865,5491.0,,3.7160248483219607,,3.6522489203120654,3.7610067132069567,3.7887185432255213,3.7882089465926327,3.796610392842484,3.788003210226422,3.7681455472850485,3.7616873674376197,3.6639402945558976,3.630165396246629,3.618295594751909,3.5889725405070796,3.5632111134828306,3.5575174024912,3.5446280642550168,3.508852668537145,3.6639402945558976,3.5632111134828306,3.7160248483219607,3.7160248483219607,3.6737632947472787,"rgba(38, 166, 154, 1.0)",0.16512967877039542,3.77781958100843,0.5279512419617214,73.74734524968908,17.21008075104963,True,False,True,False,True,3.7740193221623635,0.0,0.0,0.0,0.0,0,0.9720575783234549,0.9779847586790857,False,False,False,False,0.004562181962525714,-0.018777486388267935,False,False,False,False,147896.0,149669.87560931544,False,False,False,False,9335.290816163373,False,False,False,False
2025-08-08 19:00:00+00:00,3.865,3.865,3.78,3.785,11889.0,,3.717663990684923,,3.664313987224106,3.7617328432472505,3.788980251362594,3.788458561037587,3.7967444055791972,3.788204080650336,3.768475033747128,3.762051733988665,3.66475140306905,3.6311229589228753,3.6193017058588977,3.590092359594455,3.564430676326495,3.558758601098808,3.545917030136542,3.510271042025022,3.66475140306905,3.564430676326495,3.717663990684923,3.717663990684923,3.6752254171168133,"rgba(38, 166, 154, 0.75)",0.16452423902035954,3.7779809027670104,0.04266299771258124,68.19562953459305,17.21008075104963,True,False,True,False,False,0.0,0.0,0.0,0.0,0.0,0,0.9614093959731544,0.979026845637584,False,False,False,False,-0.04108305907300349,-0.029930272730635712,False,False,False,False,136007.0,149458.04808048884,False,False,False,False,9374.883206610453,False,False,False,False
2025-08-11 14:00:00+00:00,3.82,3.83,3.775,3.82,8877.0,,3.718829633577409,,3.67209400825189,3.7622428895582556,3.7891563343552055,3.7886271060360435,3.796830368060395,3.7883403989390794,3.768707944925459,3.762310894198989,3.665344290428614,3.631824706266343,3.6200395603097415,3.5909148276390073,3.5653273130281247,3.5596713265422997,3.546865286889923,3.5113155575995743,3.665344290428614,3.5653273130281247,3.718829633577409,3.718829633577409,3.6762258008143087,"rgba(38, 166, 154, 0.75)",0.1637756375639021,3.7783112460035317,0.2545479572943317,66.09684485580605,23.11359694576855,True,False,True,False,False,1.278878466509024,0.0,0.0,0.0,0.0,0,0.9583333333333334,0.985,False,False,False,False,-0.06548520053598057,-0.04770773663330814,False,False,False,False,144884.0,149387.13260637273,False,False,False,False,9367.16408712812,False,False,False,False
2025-08-11 15:00:00+00:00,3.815,3.84,3.805,3.84,3710.0,,3.7194148470818944,,3.6755435541590296,3.7625438319797637,3.789304742533729,3.788767336866312,3.796927728055765,3.7884532719167456,3.7688532066313862,3.762465044379316,3.6656250856168766,3.6321493916809,3.620378804407712,3.5912881822405125,3.56573077872518,3.560081332533673,3.5472897271095167,3.5117791791247255,3.6656250856168766,3.56573077872518,3.7194148470818944,3.7194148470818944,3.6766988248725716,"rgba(38, 166, 154, 0.75)",0.16286782348865317,3.7786435531626195,0.3767254054429912,65.55088876134724,22.435998554247888,True,False,True,False,False,2.28425516652991,0.0,0.0,0.0,0.0,0,0.9682539682539684,0.9841269841269843,False,False,False,False,-0.04108305907300349,-0.04439539785315581,False,False,False,False,148594.0,149374.83597681657,False,False,False,False,9279.456116785048,False,False,False,False
2025-08-11 16:00:00+00:00,3.84,3.855,3.83,3.835,1358.0,,3.7196502742139237,,3.676861970711281,3.7626727172697056,3.789374939458302,3.788833481803176,3.7969763980995324,3.7885064686847874,3.7689165956456634,3.7625312515261324,3.6657349779357893,3.6322750223693188,3.620509655482556,3.5914312623646008,3.565884700500252,3.560237610998694,3.5474512044568502,3.5119547852030215,3.6657349779357893,3.565884700500252,3.7196502742139237,3.7196502742139237,3.676884565156854,"rgba(38, 166, 154, 0.75)",0.16110633833668805,3.778799035598408,0.34884390634054613,64.78846123683857,21.390158320354487,True,False,True,False,False,2.016317626736125,0.0,0.0,0.0,0.0,0,0.9797297297297296,0.9746621621621624,False,False,False,False,-0.016729728963867208,-0.03056256340851151,False,False,False,False,147236.0,149341.67572911398,False,False,False,False,9156.642843656597,False,False,False,False
2025-08-11 17:00:00+00:00,3.835,3.835,3.815,3.825,3612.0,,3.720194519453376,,3.6799547799883627,3.7629473521127106,3.7895056641956404,3.7889572518466803,3.7970603697294387,3.7886063668538608,3.769049186340265,3.7626728090168666,3.666001494584795,3.6325843600186345,3.6208332015557505,3.5917881089526973,3.5662709040243934,3.560630190035735,3.5478578576467164,3.5123996324148945,3.666001494584795,3.5662709040243934,3.720194519453376,3.720194519453376,3.67731997058234,"rgba(38, 166, 154, 0.75)",0.15918805808803932,3.779083058378754,0.2884446369453914,63.43551803277548,19.727057419350842,True,False,True,False,False,1.4752304348134722,0.0,0.0,0.0,0.0,0,0.9763713080168777,0.9755274261603378,False,False,False,False,-0.03803682027812457,-0.03429969184331804,False,False,False,False,143624.0,149253.02959377886,False,False,False,False,9070.679388716184,False,False,False,False
2025-08-11 18:00:00+00:00,3.825,3.86,3.825,3.86,4976.0,,3.721100032379373,,3.6846622879467215,3.7634625431720035,3.7898015516428685,3.789235870576909,3.7972711551627367,3.7888307602208493,3.7693065726765336,3.762939390357469,3.666420866199663,3.6330603709150857,3.6213280041972222,3.5923269371087416,3.5668488805742236,3.5612166816743387,3.5484631299210028,3.5130559901983838,3.666420866199663,3.5668488805742236,3.721100032379373,3.721100032379373,3.6780144370340473,"rgba(38, 166, 154, 0.75)",0.15759167216302475,3.779705812519122,0.5095078082413861,64.3168028716089,19.727057419350842,True,False,True,False,False,3.274919657856252,0.0,0.0,0.0,0.0,0,0.977310924369748,0.9714285714285718,False,False,False,False,-0.016729728963867208,-0.025514710403592624,False,False,False,False,148600.0,149242.90510395283,False,False,False,False,9007.19598734074,False,False,False,False
2025-08-11 19:00:00+00:00,3.855,3.865,3.85,3.855,4194.0,,3.7219027000928926,,3.688622120001171,3.763934130294121,3.790083815545744,3.7895015089848716,3.797476248539976,3.7890448885844896,3.769544954745641,3.7631845931492816,3.6667889600419024,3.633475414189203,3.621758626276166,3.5927940573782027,3.5673485567578074,3.561723443269884,3.5489855149190532,3.5136209104849034,3.6667889600419024,3.5673485567578074,3.7219027000928926,3.7219027000928926,3.678617983947651,"rgba(38, 166, 154, 0.75)",0.155933746614825,3.780275015465361,0.4792098321040062,64.43241398365996,19.727057419350842,True,False,True,False,False,2.9966181874021807,0.0,0.0,0.0,0.0,0,0.9815281276238454,0.9706129303106635,False,False,False,False,0.0015206773895539358,-0.011997016507019344,False,False,False,False,144406.0,149167.91432714736,False,False,False,False,8932.572793738558,False,False,False,False
2025-08-12 14:00:00+00:00,3.905,3.935,3.885,3.895,2949.0,,3.7226618140152823,,3.69206897141571,3.764434225563645,3.7904239072985044,3.789820555428581,3.7977366812835593,3.7893016844033554,3.769804354489301,3.7634449871737403,3.6671125993475786,3.6338293287377947,3.6221225812336306,3.593181506327133,3.5677573958317947,3.56213695396639,3.549409304049709,3.514072831691552,3.6671125993475786,3.5677573958317947,3.7226618140152823,3.7226618140152823,3.6791661167651237,"rgba(38, 166, 154, 1.0)",0.15449064813238203,3.780937109939356,0.7383158232523189,66.41356088046248,19.727057419350842,True,False,True,False,True,5.027497828988555,0.0,0.0,0.0,0.0,0,0.9825581395348837,0.9617940199335547,False,False,False,False,0.0654850783545603,0.02674403092377048,False,False,False,False,147355.0,149139.80712827685,False,False,False,False,8839.804223292998,False,False,False,False
2025-08-12 15:00:00+00:00,3.895,3.9,3.88,3.885,6202.0,,3.7240938684528766,,3.6984310194936767,3.765351142533262,3.7910295293927576,3.7903895543506683,3.7981958303336563,3.7897607883325826,3.7702798104514716,3.763925397872912,3.667742893172485,3.634525076777189,3.6228400474881033,3.5939498292342154,3.568571663476291,3.5629612436959786,3.5502556650032098,3.5149794880688625,3.667742893172485,3.568571663476291,3.7240938684528766,3.7240938684528766,3.6801993112298326,"rgba(38, 166, 154, 1.0)",0.15249034823984572,3.782062444112347,0.6750430901091945,66.71416501944967,19.727057419350842,True,False,True,False,True,4.455794398060451,0.0,0.0,0.0,0.0,0,0.9916247906197655,0.9673366834170857,False,False,False,False,0.04108293720858565,0.033913484066178064,False,False,False,False,141153.0,149015.98066117178,False,False,False,False,8798.90803378458,False,False,False,False
2025-08-12 16:00:00+00:00,3.885,3.89,3.885,3.885,644.0,,3.7242396572075216,,3.6990624886050494,3.7654442959331216,3.791090916762517,3.790447262300769,3.7982423640020135,3.789807414768023,3.7703282681675976,3.763974405314731,3.6678076425782646,3.63459663057672,3.622913859506752,3.5940289303737196,3.568655538504667,3.563046159962494,3.5503428747357666,3.5150729621443464,3.6678076425782646,3.568655538504667,3.7242396572075216,3.7242396572075216,3.6803038758897846,"rgba(38, 166, 154, 1.0)",0.1501187817984537,3.782173096763195,0.6849702749044286,66.91456777877445,19.727057419350842,True,False,True,False,True,4.455794398060451,0.0,0.0,0.0,0.0,0,0.9957912457912458,0.9604377104377105,False,False,False,False,0.038036698443060395,0.03597509125461923,False,False,False,False,141153.0,148894.07398425438,False,False,False,False,8672.475351090245,False,False,False,False
2025-08-12 17:00:00+00:00,3.885,3.905,3.88,3.88,3425.0,,3.7250185476218856,,3.7023801237828136,3.76594410053686,3.7914217452328383,3.790758309265203,3.7984936741129753,3.7900588912570434,3.7705889878224244,3.764237918207948,3.6681539758140076,3.6349790071227805,3.6233081989713183,3.5944512903863806,3.5691032048171007,3.5634993465908025,3.5508082202849196,3.515571524767585,3.6681539758140076,3.5691032048171007,3.7250185476218856,3.7250185476218856,3.6808599074358126,"rgba(38, 166, 154, 1.0)",0.1487199738792128,3.7827602319027185,0.6538447093613498,66.44721175215841,19.727057419350842,True,False,True,False,True,4.161377484259798,0.0,0.0,0.0,0.0,0,0.9924050632911391,0.9611814345991561,False,False,False,False,0.04412993820250553,0.040052514728562374,False,False,False,False,137728.0,148720.95655814192,False,False,False,False,8591.119144096596,False,False,False,False
2025-08-12 18:00:00+00:00,3.885,3.895,3.875,3.875,3858.0,,3.72585164446356,,3.705851509463632,3.7664718426151067,3.791766262051141,3.7910825434508557,3.7987541995826803,3.790321515034874,3.7708647419839387,3.764517536523581,3.6685310204068564,3.635397049622986,3.6237398528020246,3.5949148374978583,3.56959546791474,3.563997870914064,3.5513205410857442,3.5161215093503024,3.6685310204068564,3.56959546791474,3.72585164446356,3.72585164446356,3.681453018768774,"rgba(38, 166, 154, 1.0)",0.1464912443959972,3.78335435775719,0.6256049132538735,65.4969155092817,19.159333252758046,True,False,True,False,True,3.8631927118391474,0.0,0.0,0.0,0.0,0,0.9898562975486053,0.962806424344886,False,False,False,False,0.03499116510453219,0.037521839916547284,False,False,False,False,133870.0,148490.70916964358,False,False,False,False,8517.73745194006,False,False,False,False
2025-08-12 19:00:00+00:00,3.875,3.89,3.875,3.885,4475.0,,3.7268171623745205,,3.709749978320873,3.767086757002943,3.792169943635739,3.7914626128730524,3.7990603866590624,3.790629783350233,3.7711876721170956,3.7648448005889152,3.6689701069471012,3.635883446846418,3.624241960255475,3.5954537619098343,3.5701675576853087,3.564577193096964,3.5519158002081213,3.5167602843314003,3.6689701069471012,3.5701675576853087,3.7268171623745205,3.7268171623745205,3.6821351278642838,"rgba(38, 166, 154, 1.0)",0.14425431122260918,3.7840325637454435,0.6999266462043287,65.61265405156908,18.938581101713353,True,False,True,False,True,4.405873698769611,0.0,0.0,0.0,0.0,0,0.9915110356536502,0.9634974533106961,False,False,False,False,0.03194628047025815,0.03473406019340272,False,False,False,False,138345.0,148333.41135305996,False,False,False,False,8455.059351909982,False,False,False,False
2025-08-13 14:00:00+00:00,4.015,4.04,3.985,4.015,15004.0,4.013333333333333,3.7325882340832743,,3.730574292249759,3.771355817049047,3.7953914159065234,3.7944856865665324,3.8016299857171294,3.7930773386208947,3.7734965824317555,3.7671186002052433,3.671314203973713,3.6383499238416124,3.6267489996195175,3.598055463920009,3.5728605205732893,3.567290280617985,3.5546729255575893,3.5196396895844257,3.671314203973713,3.5728605205732893,3.7325882340832743,3.8729607837083035,3.6860038579021897,"rgba(38, 166, 154, 1.0)",0.14269216535625612,3.8009865158259117,1.4998264525579634,71.09243605833878,17.566921933255827,True,False,True,False,True,10.893279617118186,0.0,0.0,0.0,0.0,0,0.9917012448132779,0.9526970954356847,False,False,False,False,0.19243268919086126,0.11358337469213199,False,False,False,False,153349.0,148411.1724173536,False,False,False,False,8556.593315446262,False,False,False,False
2025-08-13 15:00:00+00:00,4.015,4.025,3.975,3.985,5668.0,4.008306566047471,3.734569858592103,,3.737253250505419,3.772810966062237,3.7964837613059705,3.7955124898209456,3.8025020468373683,3.7939121990538975,3.774291591417787,3.7679036168059286,3.6721444176855136,3.639228161638631,3.627643170362451,3.5989868693898,3.5738273438737487,3.568264898898835,3.5556646279825292,3.520678688446622,3.6721444176855136,3.5738273438737487,3.734569858592103,3.871438212319787,3.6873192562554804,"rgba(38, 166, 154, 1.0)",0.13895987495262768,3.802332441416536,1.3145345636338288,71.7457433417322,18.16818332535246,True,False,True,False,True,9.073931981023868,0.0,0.0,0.0,0.0,0,0.9901071723000824,0.9538334707337179,False,False,False,False,0.1767010795258516,0.1451422271089918,False,False,False,False,147681.0,148399.85191475897,False,False,False,False,8511.808922958722,False,False,False,False
2025-08-13 16:00:00+00:00,3.985,3.995,3.97,3.975,2765.0,4.004967074853152,3.7354706709002805,,3.740207894960806,3.77346651577031,3.7969723717165422,3.795972206826465,3.8028916854956654,3.7942867724675153,3.7746511330710875,3.7682594441387103,3.6725291295067084,3.6396370242602427,3.628060049712309,3.5994224989683032,3.5742806401628706,3.5687220777423234,3.556130325181857,3.521167916357694,3.6725291295067084,3.5742806401628706,3.7354706709002805,3.870218872876716,3.687916105396213,"rgba(38, 166, 154, 1.0)",0.13601679149123694,3.8028595564921255,1.2655822977486202,71.21928164694529,18.16818332535246,True,False,True,False,True,8.472546639210105,0.0,0.0,0.0,0.0,0,0.9908409658617819,0.9691923397169026,False,False,False,False,0.15481959784825153,0.14998091247862166,False,False,False,False,144916.0,148345.8387067782,False,False,False,False,8422.711110199672,False,False,False,False
2025-08-13 17:00:00+00:00,3.975,3.975,3.925,3.935,2221.0,3.9997762231402807,3.736086593510925,,3.7421907591392123,3.7739013651253845,3.7972882767924587,3.7962699047999378,3.8031418216631288,3.7945300613211574,3.77488995848562,3.76849729833776,3.6728023581838882,3.6399310363314106,3.628360965908995,3.5997395853774536,3.5746126729892764,3.5690573851997107,3.5564728319880463,3.521530218146231,3.6728023581838882,3.5746126729892764,3.736086593510925,3.867931408325603,3.6883260312368544,"rgba(38, 166, 154, 0.75)",0.13351306579785288,3.803034131837433,0.9884116387707806,67.33794455547107,21.069100903148538,True,False,True,False,False,6.1046054554517575,0.0,0.0,0.0,0.0,0,0.9733333333333334,0.9774999999999999,False,False,False,False,0.11455368004149515,0.1322672962600584,False,False,False,False,142695.0,148258.2288043475,False,False,False,False,8326.560550351614,False,False,False,False
2025-08-13 18:00:00+00:00,3.935,3.955,3.925,3.955,3015.0,3.994016438228763,3.7369169351535962,,3.7448218460541067,3.77448815583677,3.7977149655516675,3.7966721307848275,3.8034799749845436,3.7948590710182,3.7752130936667503,3.768819162064415,3.673172389538542,3.640329251958682,3.6287685454746517,3.600169099158354,3.575062455871272,3.5695116088548224,3.5569368195362783,3.522021051605066,3.673172389538542,3.575062455871272,3.7369169351535962,3.8654666866911795,3.6888774763724346,"rgba(38, 166, 154, 0.75)",0.1297515644162779,3.8033262473748266,1.1689550974396217,65.80493910327326,19.67502538517175,True,False,True,False,False,7.087531165386434,0.0,0.0,0.0,0.0,0,0.9715481171548116,0.9824267782426778,False,False,False,False,0.10224411968420744,0.11725570797213292,False,False,False,False,145710.0,148218.72138102428,False,False,False,False,8244.21077437717,False,False,False,False
2025-08-13 19:00:00+00:00,3.955,3.955,3.915,3.925,11638.0,3.976015727717,3.739859635683775,,3.753732270666011,3.7765417250903632,3.79919209917486,3.7980667908284786,3.80464870835083,3.7960040831130337,3.7763519213581325,3.769957435307614,3.674521735061141,3.6417898301842997,3.6302661013970603,3.601753340018574,3.5767262260077226,3.5711927842697406,3.558656298524686,3.523845671270453,3.674521735061141,3.5767262260077226,3.739859635683775,3.8579376817003874,3.6908279387889373,"rgba(38, 166, 154, 0.75)",0.12693606960107437,3.804360358967916,0.9503968526142466,62.343266944233356,16.493632148661362,True,False,True,False,False,5.3332823224918435,0.0,0.0,0.0,0.0,0,0.9699749791492909,0.9766472060050041,False,False,False,False,0.09610112928112322,0.10667841862662807,False,False,False,False,134072.0,147999.39236736498,False,False,False,False,8296.82766159613,False,False,False,False
2025-08-14 14:00:00+00:00,3.845,3.865,3.805,3.835,4012.0,3.9632513593393943,3.740352650790084,3.8349999999999995,3.755046697197899,3.7768038408165934,3.799327707123712,3.798197862182983,3.804743805910547,3.796116272126835,3.7764987194724418,3.7701137862213883,3.674809998932919,3.6421231730648915,3.6306144541285397,3.6021369800882375,3.577140962057837,3.5716142800896105,3.5590927382661492,3.524322712720825,3.674809998932919,3.577140962057837,3.740352650790084,3.851802005064739,3.6996296464942002,"rgba(38, 166, 154, 0.5)",0.12324716980469724,3.806091672237568,0.2345557127862747,54.8168432615136,9.733214736455352,False,False,True,False,False,0.40059105909618253,0.0,0.0,0.0,0.0,0,0.955701394585726,0.985233798195242,False,False,False,False,-0.025858352518856098,0.040410033053885984,False,False,False,False,130060.0,147721.26225314228,False,False,False,False,8230.396224982236,False,False,False,False
2025-08-14 15:00:00+00:00,3.835,3.855,3.825,3.855,11070.0,3.9396194465004597,3.7418278296480807,3.842339875348097,3.758889609270279,3.777637241102691,3.79980002154843,3.7986517109346876,3.805088848850492,3.7965012611405102,3.776968573508683,3.7706072102647683,3.6756493575249967,3.6430843820257914,3.6316162460185444,3.6032341909705154,3.5783225457157104,3.572814217887588,3.5603332422713962,3.5256735463500877,3.6756493575249967,3.5783225457157104,3.7418278296480807,3.8407236380742704,3.701012475337251,#000000,0.11976986190115951,3.805722345861085,0.4114361773213165,51.12372380970072,6.702996383954883,False,True,False,False,False,1.4250156865825225,0.0,0.0,0.0,0.0,0,0.9709784411276949,0.986733001658375,False,False,False,False,-0.01977221862378633,0.010318907215049827,False,False,False,False,141130.0,147619.07214069046,False,False,False,False,8274.421089711193,False,False,False,False
2025-08-14 16:00:00+00:00,3.855,3.865,3.85,3.865,630.0,3.9387240954607923,3.741922557200333,3.8430479887983706,3.7591348414385,3.7776944832087667,3.7998354304241087,3.7986855486653375,3.8051156209306116,3.796529708858732,3.7770009724041613,3.7706407184595534,3.675701085943898,3.643142854575587,3.631676965026513,3.603300191464895,3.578393241606821,3.5728859362397998,3.560407219363688,3.5257536759973735,3.675701085943898,3.578393241606821,3.741922557200333,3.8403233263305627,3.7011144990239244,"rgba(239, 83, 80, 1.0)",0.1163521371519355,3.8057505367889037,0.5092253968118098,49.33262998460624,5.292097741959637,False,True,False,True,False,1.9369173543071732,0.0,0.0,0.0,0.0,0,0.9791666666666665,0.9724999999999999,False,False,False,False,0.0015206773895539358,0.0059197923023018816,False,False,False,False,141760.0,147528.23381292782,False,False,False,False,8155.902933281562,False,False,False,False
2025-08-14 17:00:00+00:00,3.865,3.885,3.865,3.875,4309.0,3.934172827023801,3.7426482066636213,3.8499248289296237,3.7610255521767066,3.7781548442513997,3.80013660704212,3.7989723665251356,3.805347890218389,3.7967694236388545,3.7772618206347173,3.770907590788456,3.6760828479692362,3.6435695496749854,3.632118626599416,3.603777031165086,3.5789015346750186,3.5734010855068483,3.5609375060308146,3.5263252584948486,3.6760828479692362,3.5789015346750186,3.7426482066636213,3.838410516843711,3.7019773155483326,"rgba(239, 83, 80, 1.0)",0.11522551331594016,3.806204031599056,0.5970549960780854,48.83825653992714,4.852107848637807,False,True,False,True,False,2.4519750543868213,0.0,0.0,0.0,0.0,0,0.9815281276238457,0.9722921914357684,False,False,False,False,0.0228149526115796,0.01436737245694074,False,False,False,False,146069.0,147505.61003288243,False,False,False,False,8096.261027339211,False,False,False,False
2025-08-14 18:00:00+00:00,3.875,3.885,3.87,3.875,2974.0,3.931471292873766,3.7431506882415855,3.8533834166847867,3.7623134607822943,3.7784754697998086,3.800347666694487,3.799173381285368,3.8055111145655616,3.7969375249525013,3.7774441014865032,3.7710939233447283,3.6763476823553938,3.6438652469110018,3.632424605385019,3.604107179299637,3.5792533041024193,3.5737575685951195,3.5613043962713626,3.5267205456772097,3.6763476823553938,3.5792533041024193,3.7431506882415855,3.8373109905576754,3.7024976816584236,"rgba(239, 83, 80, 1.0)",0.11398000456854009,3.806478381084939,0.6011722773169098,48.5086742434744,4.34973520235058,False,True,False,True,False,2.4519750543868213,0.0,0.0,0.0,0.0,0,0.9722222222222221,0.9764309764309763,False,False,False,False,0.02585823077852624,0.02011280161773349,False,False,False,False,146069.0,147483.3370091168,False,False,False,False,8016.846127690541,False,False,False,False
2025-08-14 19:00:00+00:00,3.875,3.88,3.855,3.87,8714.0,3.923831967971859,3.7445109772100844,3.857491826715864,3.765663816248351,3.7793242992741245,3.8008926357116843,3.7996937248387432,3.8059295883929014,3.7973749659865867,3.7779298319423935,3.771593329380572,3.6770875379554777,3.644696494310222,3.6332863101151496,3.6050405140002253,3.5802504948260996,3.5747686733962505,3.562346236610224,3.5278461832437276,3.6770875379554777,3.5802504948260996,3.7445109772100844,3.8341714725909717,3.703600968408741,"rgba(239, 83, 80, 1.0)",0.11303997538941261,3.8068946129977803,0.5582572606268479,47.90775022579352,3.4646753241886614,False,True,False,True,False,2.1687593941602437,0.0,0.0,0.0,0.0,0,0.9651360544217689,0.9906462585034016,False,False,False,False,0.013687427288346326,0.01690011445303991,False,False,False,False,137355.0,147326.3085283553,False,False,False,False,8027.654714858129,False,False,False,False
2025-08-15 14:00:00+00:00,3.87,3.94,3.83,3.935,10899.0,3.920918526915825,3.7466182630469964,3.8687916197271246,3.770834949717656,3.7807528946153246,3.8018929573590854,3.8006443773460092,3.80672063296398,3.798168106636375,3.7787514268371907,3.7724235395073293,3.67816481749711,3.645881227650061,3.634506857626177,3.606345258985306,3.5816312835553585,3.57616607115776,3.563780277893353,3.529380483911683,3.67816481749711,3.5816312835553585,3.7466182630469964,3.8337683949814108,3.705578634293346,"rgba(38, 166, 154, 0.5)",0.11362662104019455,3.808466522804377,1.1135900727952035,52.10829971455831,3.4646753241886614,False,True,True,False,True,5.538128013361298,0.0,0.0,0.0,0.0,0,0.9571428571428573,0.9773109243697481,False,False,False,False,0.03499116510453219,0.02594563977878605,False,False,False,False,148254.0,147340.69134186915,False,False,False,False,8072.17169602312,False,False,False,False
2025-08-15 15:00:00+00:00,3.935,3.955,3.89,3.895,7405.0,3.920296672718952,3.7481233721398537,3.875386532834796,3.774423420267775,3.781796456683986,3.802639497021258,3.8013536520753646,3.8073157973034673,3.7987601070526713,3.7793558331756483,3.7730319547586175,3.6789287649751024,3.646716376853398,3.6353657456208603,3.607259962093368,3.5825966235976647,3.5771424808714762,3.5647811023796603,3.5304481963391265,3.6789287649751024,3.5825966235976647,3.7481233721398537,3.834210022429403,3.7069001472884846,"rgba(38, 166, 154, 0.5)",0.11236431256738816,3.8096235038038606,0.7598186136273172,51.84189009908555,3.4646753241886614,False,True,True,False,True,3.2645163741739722,0.0,0.0,0.0,0.0,0,0.9670608108108107,0.9839527027027027,False,False,False,False,0.080774215152081,0.053359927465433526,False,False,False,False,140849.0,147240.04496447582,False,False,False,False,8061.827948797954,False,False,False,False
2025-08-15 16:00:00+00:00,3.895,3.9,3.88,3.895,2282.0,3.91959117119841,3.748521626008353,3.8760969499952194,3.7753262805046095,3.782062319249364,3.8028229090493264,3.8015284887281955,3.807460661679025,3.7989070504801137,3.7795110554054236,3.7731896010574806,3.679141522642186,3.646951864899184,3.635608815528893,3.6075208719345047,3.582873566558267,3.5774229234221875,3.565069271945989,3.530757485649305,3.679141522642186,3.582873566558267,3.748521626008353,3.8340563986033818,3.707191272866428,#000000,0.1111862733766644,3.809826759450721,0.76604096857117,51.66428368877038,3.4646753241886614,False,True,False,False,True,3.2645163741739722,0.0,0.0,0.0,0.0,0,0.95458440445587,1.0051413881748075,False,False,False,False,0.04108293720858565,0.04722143233700959,False,False,False,False,140849.0,147140.95899603431,False,False,False,False,7972.218213157676,False,False,False,False
2025-08-15 17:00:00+00:00,3.895,3.9,3.875,3.89,3635.0,3.918410569992692,3.749136794812825,3.8768922164610524,3.7766956862352905,3.782470366141224,3.8031026075949756,3.8017953451842,3.8076812975619174,3.7991317825062767,3.779750102682765,3.7734328118114777,3.6794742453949816,3.64732094365848,3.635990023172942,3.607930624432827,3.583308934826613,3.5778638817118646,3.5655225755223157,3.5312445204342504,3.6794742453949816,3.583308934826613,3.749136794812825,3.833773682402758,3.7076239979607912,#000000,0.11068574132803329,3.8101141064086064,0.7217360848190942,51.14413914504071,3.4646753241886614,False,True,False,False,True,2.97800311557123,0.0,0.0,0.0,0.0,0,0.947549441100602,1.0008598452278592,False,False,False,False,0.038036698443060395,0.04262906539003499,False,False,False,False,137214.0,146987.05265501054,False,False,False,False,7904.974519930425,False,False,False,False
2025-08-15 18:00:00+00:00,3.885,3.9,3.885,3.885,3472.0,3.9174213158431366,3.74972631985394,3.8776583560598405,3.7779921204052176,3.782863290410964,3.803373251630895,3.802053587364978,3.807895250343474,3.799349375991143,3.779980941698402,3.7736675148858803,3.6797935896287663,3.6476748504669945,3.6363554622954894,3.6083232075345157,3.5837258890198913,3.5782861550306784,3.5659565959868718,3.5317106439477426,3.6797935896287663,3.5837258890198913,3.74972631985394,3.8335738178485386,3.7080388283942196,#000000,0.11028088625812196,3.8103993011602584,0.6764608208273918,50.36739700261749,3.4646753241886614,False,True,False,False,True,2.6877970076142645,0.0,0.0,0.0,0.0,0,0.9575021682567214,0.9956634865568083,False,False,False,False,0.04412993820250553,0.04337950179627026,False,False,False,False,133742.0,146781.70300144446,False,False,False,False,7836.24623279972,False,False,False,False
2025-08-15 19:00:00+00:00,3.885,3.885,3.83,3.835,10253.0,3.9111350932712536,3.7509504523544464,3.873587131816333,3.780345670157319,3.783580012383497,3.803798186122445,3.8024645708173996,3.8082159519782044,3.7997050315977248,3.780411212160079,3.7741186934924436,3.6805526213768474,3.6485424342849098,3.637259290954085,3.609312444965565,3.584790638197524,3.579367342638048,3.5670741527402043,3.532927201599699,3.6805526213768474,3.584790638197524,3.7509504523544464,3.83104277281285,3.7085913286636663,"rgba(239, 83, 80, 1.0)",0.10958389767951122,3.8102860528659823,0.22552535233137982,46.195255278026025,0.600658469375837,False,True,False,True,False,0.0,0.0,0.0,0.0,0.0,0,0.9490060501296457,0.9922212618841832,False,False,False,False,0.0015206773895539358,0.022450089592912097,False,False,False,False,123489.0,146420.57582312747,False,False,False,False,7873.7152834539875,False,False,False,False
2025-08-18 14:00:00+00:00,3.84,3.845,3.815,3.835,1788.0,3.9098636439560703,3.751121925148092,3.8725379906592203,3.7806365319208965,3.7836693684443183,3.8038424069666386,3.802508157126598,3.8082470595596054,3.799744120991331,3.780466079860974,3.7741779503020934,3.6806700483339543,3.6486792699504065,3.637402609807574,3.609471050243906,3.584962670939156,3.579542295348997,3.56725557104791,3.533126191189334,3.6806700483339543,3.584962670939156,3.751121925148092,3.830492784552081,3.7086434925113476,"rgba(239, 83, 80, 1.0)",0.10894560176595976,3.8102040912704873,0.2275989881884353,43.41382746163172,-2.0620693699304127,False,True,False,True,False,0.0,0.0,0.0,0.0,0.0,0,0.9439579684763574,1.0131348511383538,False,False,False,False,-0.031946402253425425,-0.004748156330256664,False,False,False,False,123489.0,146065.04751579213,False,False,False,False,7779.363108516716,False,False,False,False
2025-08-18 15:00:00+00:00,3.835,3.835,3.82,3.825,1407.0,3.9088292049970104,3.7512480033054194,3.8716520475863647,3.7808409069393174,3.7837321500782304,3.803870870910797,3.802536498637719,3.8082662667573794,3.7997700063916224,3.7805049651261724,3.7742204463957756,3.6807592692893,3.6487838656992944,3.6375123418457433,3.6095928948174962,3.5850951369691653,3.5796770705016754,3.5673954603264035,3.5332799729232494,3.6807592692893,3.5850951369691653,3.7512480033054194,3.830038604151215,3.708675892423276,"rgba(239, 83, 80, 1.0)",0.10831165410248964,3.810127271571143,0.13731420272451889,40.88086769851695,-4.446729298134862,False,True,False,True,False,0.0,0.0,0.0,0.0,0.0,0,0.9333333333333332,1.012280701754386,False,False,False,False,-0.034991286912515185,-0.019869721621385925,False,False,False,False,122082.0,145693.21732174885,False,False,False,False,7680.566781252891,False,False,False,False
2025-08-18 16:00:00+00:00,3.825,3.865,3.825,3.835,187.0,3.9087184011480867,3.751268054713902,3.8715752746324923,3.78087677966761,3.7837433907449682,3.8038771344154445,3.8025425988419843,3.808270895069481,3.7997753595511226,3.780511806070611,3.774227703133966,3.680772337385399,3.6487989294068988,3.6375280721792485,3.609610196818266,3.5851138242034577,3.5796960591622438,3.5674151162059875,3.533301443794214,3.680772337385399,3.5851138242034577,3.751268054713902,3.829993227930994,3.7086845247813764,"rgba(239, 83, 80, 1.0)",0.10820705044389994,3.810123530313213,0.22989693910642514,40.41305563743782,-4.959744378897405,False,True,False,True,False,0.0,0.0,0.0,0.0,0.0,0,0.9364518976169461,1.0132391879964695,False,False,False,False,-0.013687548970104388,-0.016778635295745158,False,False,False,False,122269.0,145330.05116172173,False,False,False,False,7564.387451310985,False,False,False,False
2025-08-18 17:00:00+00:00,3.835,3.85,3.83,3.835,712.0,3.908279034426325,3.751341506716164,3.871254344691679,3.781005509945279,3.783783688884466,3.803898861713447,3.8025638305022227,3.8082867478148374,3.7997941082935585,3.7805364199199007,3.7742539538118707,3.680821044134023,3.648855271852374,3.637586965416773,3.6096751044089253,3.5851840265609636,3.579767413430277,3.5674890206193206,3.5333822830955723,3.680821044134023,3.5851840265609636,3.751341506716164,3.8298102705712447,3.7087140350056167,"rgba(239, 83, 80, 1.0)",0.10833161467799547,3.8101043811282196,0.22980935847564013,40.10118093005174,-5.454449547488849,False,True,False,True,False,0.0,0.0,0.0,0.0,0.0,0,0.9281277728482699,1.0204081632653061,False,False,False,False,-0.01977221862378633,-0.018275426959765743,False,False,False,False,122269.0,144972.5154847958,False,False,False,False,7458.14888617438,False,False,False,False
2025-08-18 18:00:00+00:00,3.835,3.835,3.81,3.815,1406.0,3.907204083164452,3.751455698623278,3.870295478233872,3.781177274080108,3.783836405712839,3.803918886127156,3.802584231964816,3.8082989324097927,3.799813491448901,3.7805695655948615,3.7742909155341016,3.680905953244632,3.64895567830588,3.6376925498968893,3.6097929024567836,3.5853125107831905,3.579898219997236,3.5676249720780926,3.533532202705055,3.680905953244632,3.5853125107831905,3.751455698623278,3.829329890893865,3.7087353041514235,"rgba(239, 83, 80, 1.0)",0.10837052722569047,3.8100118324287777,0.0460288207404764,38.232481975485186,-7.431064882668558,False,True,False,True,False,0.0,0.0,0.0,0.0,0.0,0,0.9243098842386466,1.0222617987533393,False,False,False,False,-0.04108305907300349,-0.029679243016384617,False,False,False,False,120863.0,144598.72454704702,False,False,False,False,7364.317120497258,False,False,False,False
2025-08-18 19:00:00+00:00,3.81,3.815,3.785,3.8,7516.0,3.900652344787584,3.7518834944929798,3.863904593710813,3.781610291664499,3.7839612067519046,3.803893004617857,3.802568168648486,3.8082530391444895,3.799814442985032,3.780656415389147,3.774401479840351,3.6812930844582543,3.649427897967476,3.6381932093404794,3.6103606787490223,3.585938637016826,3.5805370133177448,3.5682918500405636,3.5342752029293045,3.6812930844582543,3.585938637016826,3.7518834944929798,3.826267919640282,3.70866942450425,"rgba(239, 83, 80, 1.0)",0.10834857827593937,3.809255318234109,-0.08542168601915656,35.88008864577644,-9.790743488672703,False,True,False,True,False,0.0,0.0,0.0,0.0,0.0,0,0.9180765805877114,1.0249332146037402,False,False,False,False,-0.06854035581727708,-0.04910979941683084,False,False,False,False,113347.0,144114.2016858525,False,False,False,False,7366.668793047687,False,False,False,False
2025-08-19 14:00:00+00:00,3.775,3.8,3.76,3.76,2444.0,3.898171458336655,3.751944785120666,3.861303922144549,3.781548834642241,3.7839345901844292,3.8038275171198346,3.802509197189615,3.80819035878408,3.799770584133382,3.780645787088118,3.7743999881912185,3.681390269972282,3.6495537334639807,3.6383286245057493,3.6105187155972795,3.5861161847860066,3.580718790896763,3.5684830148660462,3.534491758105989,3.681390269972282,3.5861161847860066,3.751944785120666,3.8250581217286603,3.708572463039504,"rgba(239, 83, 80, 1.0)",0.1083914743497599,3.808898210314245,-0.45112598207179316,31.983707312543405,-13.475315980033514,False,True,False,True,False,0.0,0.0,0.0,0.0,0.0,0,0.9148936170212766,1.0239361702127658,False,False,False,False,-0.09303249487253938,-0.07107114714468511,False,False,False,False,110903.0,143599.29933413386,False,False,False,False,7290.3483466438465,False,False,False,False
2025-08-19 15:00:00+00:00,3.765,3.77,3.735,3.745,989.0,3.8970122480190903,3.75194253899076,3.860025473071324,3.7814543249814228,3.7839002341158015,3.8037808798935417,3.8024663702215604,3.808148121917566,3.799737249327522,3.780627799173109,3.7743862073665357,3.6814195734404573,3.6495949966971333,3.6383738875626292,3.610573427807659,3.5861789938908033,3.580783353309148,3.5685514713817397,3.5345707285998187,3.6814195734404573,3.5861789938908033,3.75194253899076,3.8244773935049254,3.7085042995739865,"rgba(239, 83, 80, 1.0)",0.10846546342850197,3.808710523291443,-0.587380731871759,28.689798700906394,-16.48591514000553,False,True,False,True,False,0.0,0.0,0.0,0.0,0.0,0,0.9115826702033599,1.0291777188328912,False,False,False,False,-0.12689802761301205,-0.09898458737884858,False,False,False,False,109914.0,143077.04663127908,False,False,False,False,7192.653023440065,False,False,False,False
2025-08-19 16:00:00+00:00,3.745,3.755,3.725,3.745,5417.0,3.8906290708376314,3.7518779429620928,3.8530199808422836,3.7808120282154367,3.7836673287290985,3.8034875030807793,3.8021959680615116,3.807884864535977,3.7995249964294833,3.780502942955876,3.77428530207904,3.6815601837530214,3.649801697390162,3.6386026956817368,3.610854474895226,3.586504706326079,3.58111873415705,3.568908332369289,3.5349855530123464,3.6815601837530214,3.586504706326079,3.7518779429620928,3.821253506899862,3.7081010172067295,"rgba(239, 83, 80, 1.0)",0.10856259870618784,3.807639620964886,-0.5769908026466185,26.49385962648172,-18.473913704285664,False,True,False,True,False,0.0,0.0,0.0,0.0,0.0,0,0.9131205673758864,1.0328014184397163,False,False,False,False,-0.1423830410846931,-0.12068381423177084,False,False,False,False,109914.0,142562.8908695538,False,False,False,False,7165.123519200684,False,False,False,False
2025-08-19 17:00:00+00:00,3.745,3.785,3.735,3.77,4651.0,3.8862911498135295,3.75193943895418,3.8486826207212075,3.7805730789429344,3.78357150335804,3.803325323818018,3.8020481344348664,3.807733906540349,3.799411773938093,3.780455830774359,3.7742563794347728,3.6817237184489895,3.6500201131631727,3.6388394712636094,3.6111346291705075,3.5868221729329695,3.58144428686086,3.569251839307641,3.535377593356911,3.6817237184489895,3.5868221729329695,3.75193943895418,3.8191152943838547,3.7079219044980762,"rgba(239, 83, 80, 0.75)",0.10816757936289491,3.8069756328614637,-0.3418365565657424,29.030857598969654,-18.473913704285664,False,True,False,True,True,0.0,0.0,0.0,0.0,0.0,0,0.9234194122885127,1.0240427426536063,False,False,False,False,-0.11763645747129155,-0.1191601358515312,False,False,False,False,114565.0,142128.81504211886,False,False,False,False,7126.144859988271,False,False,False,False
2025-08-19 18:00:00+00:00,3.775,3.78,3.765,3.77,1576.0,3.88498266441642,3.7519752587874837,3.8474408854060096,3.780532011071191,3.7835525232732197,3.8032820551956155,3.8020090233220465,3.8076925429800323,3.799382393361787,3.7804476663301094,3.7742540640732463,3.6817846275195976,3.6500993621580955,3.6389248562237957,3.61123451155774,3.586934555188255,3.58155937929499,3.569372948100443,3.5355149769589502,3.6817846275195976,3.586934555188255,3.7519752587874837,3.8184789616019517,3.7078834342361837,"rgba(239, 83, 80, 0.75)",0.10816757936289491,3.8067851904751846,-0.34007593302770284,30.722189580628278,-18.473913704285664,False,True,False,True,True,0.0,0.0,0.0,0.0,0.0,0,0.9285075960679178,1.0178731009830206,False,False,False,False,-0.10224424261941685,-0.11070218923547402,False,False,False,False,114565.0,141701.4690724736,False,False,False,False,7040.096102469072,False,False,False,False
2025-08-19 19:00:00+00:00,3.775,3.79,3.775,3.785,2547.0,3.883141342948854,3.7520670089966934,3.8458128687039896,3.7805527320777736,3.7835519599592895,3.8032380898814835,3.8019702495363203,3.807647478253753,3.7993549742345207,3.7804519919315953,3.774267163846545,3.6818956438668824,3.650239490070451,3.63907472420249,3.6114073901999793,3.58712734151249,3.5817564847063696,3.5695796382195697,3.5357476197356275,3.6818956438668824,3.58712734151249,3.7520670089966934,3.8176041759727735,3.707863284761125,"rgba(239, 83, 80, 0.75)",0.10812280305533836,3.8065420708995648,-0.19923707387181924,34.15060851977655,-21.327867488222317,False,True,False,True,True,0.0,0.0,0.0,0.0,0.0,0,0.9283154121863797,1.0161290322580645,False,False,False,False,-0.0899654838758668,-0.10033383655567041,False,False,False,False,117112.0,141320.2369938306,False,False,False,False,6970.435697779629,False,False,False,False
