date,Open,High,Low,Close,Volume,Gap_Up_aVWAP_876,Gap_Up_aVWAP_858,Gap_Up_aVWAP_822,Gap_Up_aVWAP_810,Gap_Up_aVWAP_798,Gap_Up_aVWAP_792,Gap_Up_aVWAP_786,Gap_Up_aVWAP_762,Gap_Up_aVWAP_744,Gap_Up_aVWAP_714,Gap_Down_aVWAP_888,Gap_Down_aVWAP_870,Gap_Down_aVWAP_846,Gap_Down_aVWAP_774,Gap_Down_aVWAP_768,Gap_Down_aVWAP_756,Gap_Down_aVWAP_708,Gap_Down_aVWAP_696,Gap_Down_aVWAP_684,Gap_Down_aVWAP_654,aVWAP_OB_bear_753,aVWAP_OB_bear_624,aVWAP_OB_bear_546,aVWAP_OB_bear_439,aVWAP_OB_bear_85,color,Liquidity,Liquidity_Level,StDev,StDev_Mean,StdDev_ZScore,OB,OB_High,OB_Low,OB_Mitigated_Index,FVG,FVG_High,FVG_Low,FVG_Mitigated_Index,QQEMOD,QQE1_Value,QQE1_Above_Upper,QQE1_Below_Lower,QQE2_Above_Threshold,QQE2_Below_Threshold,QQE2_Above_TL,banker_RSI,TTM_squeeze_Active,VI_plus,VI_minus,VI_Regular_Bullish,VI_Regular_Bearish,VI_Hidden_Bullish,VI_Hidden_Bearish,Fisher,Fisher_Signal,Fisher_Regular_Bullish,Fisher_Regular_Bearish,Fisher_Hidden_Bullish,Fisher_Hidden_Bearish,OBV,OBV_Smoothed,OBV_Regular_Bullish,OBV_Regular_Bearish,OBV_Hidden_Bullish,OBV_Hidden_Bearish,Volume_MA,Vol_Regular_Bullish,Vol_Regular_Bearish,Vol_Hidden_Bullish,Vol_Hidden_Bearish
2025-04-14 14:00:00+00:00,89.94,91.38,89.74,91.345,8094.0,,,,,,,,,,,,,,,,,,,,,,,,,,"rgba(38, 166, 154, 1.0)",0.0,0.0,,,,0.0,0.0,0.0,0.0,0.0,0.0,0.0,0.0,,,False,False,False,False,False,,0,,,False,False,False,False,,,False,False,False,False,0.0,0.0,False,False,False,False,8094.0,False,False,False,False
2025-04-14 15:00:00+00:00,91.34,91.465,90.29,90.29,15295.0,,,,,,,,,,,,,,,,,,,,,,,,,,"rgba(239, 83, 80, 1.0)",0.0,0.0,,,,0.0,0.0,0.0,0.0,0.0,0.0,0.0,0.0,0.0,,False,False,False,True,False,,0,,,False,False,False,False,,,False,False,False,False,-15295.0,-237.13178294573643,False,False,False,False,8205.643410852712,False,False,False,False
2025-04-14 16:00:00+00:00,90.2,90.555,90.03,90.23,2051.0,,,,,,,,,,,,,,,,,,,,,,,,,,"rgba(239, 83, 80, 1.0)",0.0,0.0,,,,0.0,0.0,0.0,0.0,0.0,0.0,0.0,0.0,0.0,-50.0,False,False,False,True,True,,0,,,False,False,False,False,,,False,False,False,False,-17346.0,-502.3855537527793,False,False,False,False,8110.2225827774755,False,False,False,False
2025-04-14 17:00:00+00:00,90.255,90.555,90.255,90.505,2639.0,,,,,,,,,,,,,,,,,,,,,,,,,,"rgba(38, 166, 154, 1.0)",0.0,0.0,,,,0.0,0.0,0.0,0.0,0.0,0.0,0.0,0.0,7.889284386123198,-42.89964405248912,False,False,False,True,True,,0,,,False,False,False,False,,,False,False,False,False,-14707.0,-722.6121343147518,False,False,False,False,8025.397426455344,False,False,False,False
2025-04-14 18:00:00+00:00,90.51,90.94,90.51,90.71,4727.0,,,,,,,,,,,,,,,,,,,,,,,,,,"rgba(239, 83, 80, 1.0)",0.0,0.0,,,,0.0,0.0,0.0,0.0,0.0,0.0,0.0,0.0,17.362718415928434,-34.8469104888318,False,False,False,True,True,,0,,,False,False,False,False,,,False,False,False,False,-9980.0,-866.1375275811897,False,False,False,False,7974.259481859138,False,False,False,False
2025-04-14 19:00:00+00:00,90.71,91.11,90.495,90.605,22644.0,,,,,,,,,,,,,,,,,,,,,,,,,,"rgba(239, 83, 80, 1.0)",0.0,0.0,,,,0.0,0.0,0.0,0.0,0.0,0.0,0.0,0.0,22.623948536834416,-30.932666522160673,False,False,False,True,True,,0,,,False,False,False,False,,,False,False,False,False,-32624.0,-1358.5074883938844,False,False,False,False,8201.697319349694,False,False,False,False
2025-04-15 14:00:00+00:00,91.985,92.205,91.62,92.135,15946.0,,,,,,,,,,,,,,,,,,,,,,,,,,"rgba(38, 166, 154, 1.0)",0.0,0.0,,,,0.0,0.0,0.0,0.0,0.0,0.0,0.0,0.0,39.238180160644475,-16.699664597082126,False,False,False,True,True,,0,,,False,False,False,False,,,False,False,False,False,-16678.0,-1596.0190002017312,False,False,False,False,8321.76402757683,False,False,False,False
2025-04-15 15:00:00+00:00,92.135,92.275,91.695,91.825,20982.0,,,,,,,,,,,,,,,,,,,,,,,,,,"rgba(239, 83, 80, 1.0)",0.0,0.0,,,,0.0,0.0,0.0,0.0,0.0,0.0,0.0,0.0,47.458761766000265,-10.587614369141015,False,False,True,False,True,,0,,,False,False,False,False,,,False,False,False,False,-37660.0,-2155.1504885706963,False,False,False,False,8518.046755831452,False,False,False,False
2025-04-15 16:00:00+00:00,91.83,91.95,91.05,91.18,8773.0,,,,,,,,,,,,,,,,,,,,,,,,,,"rgba(239, 83, 80, 1.0)",0.0,0.0,,,,0.0,0.0,0.0,0.0,0.0,0.0,0.0,0.0,48.322644796458206,-10.587614369141015,False,False,False,False,True,,0,,,False,False,False,False,,,False,False,False,False,-46433.0,-2841.6287755696003,False,False,False,False,8521.999519306934,False,False,False,False
2025-04-15 17:00:00+00:00,91.175,91.64,91.065,91.54,7464.0,,,,,,,,,,,,,,,,,,,,,,,,,,"rgba(38, 166, 154, 1.0)",0.0,0.0,,,,0.0,0.0,0.0,0.0,0.0,0.0,0.0,0.0,50.89303463343401,-8.870914782696062,False,False,True,False,True,,0,,,False,False,False,False,,,False,False,False,False,-38969.0,-3401.7430581189087,False,False,False,False,8505.596425984344,False,False,False,False
2025-04-15 18:00:00+00:00,91.54,91.615,91.39,91.555,8974.0,,,,,,,,,,,,,,,,,,,,,,,,,,"rgba(38, 166, 154, 1.0)",0.0,0.0,,,,0.0,0.0,0.0,0.0,0.0,0.0,0.0,0.0,52.6884599015426,-7.250765227507216,False,False,True,False,True,,0,,,False,False,False,False,,,False,False,False,False,-29995.0,-3814.041615357375,False,False,False,False,8512.858496899315,False,False,False,False
2025-04-15 19:00:00+00:00,91.495,91.65,91.32,91.49,19634.0,,,,,,,,,,,,,,,,,,,,,,,,,,"rgba(239, 83, 80, 1.0)",0.0,0.0,,,,0.0,0.0,0.0,0.0,0.0,0.0,0.0,0.0,53.38828668741775,-6.335528571326222,False,False,True,False,True,,0,,,False,False,False,False,,,False,False,False,False,-49629.0,-4524.351047677415,False,False,False,False,8685.279295397,False,False,False,False
2025-04-16 14:00:00+00:00,92.0,92.455,91.89,92.425,6807.0,,,,,,,,,,,,,,,,,,,,,,,,,,"rgba(38, 166, 154, 1.0)",0.0,0.0,,,,0.0,0.0,0.0,0.0,0.0,0.0,0.0,0.0,58.37796975470316,-1.3179988834238543,False,False,True,False,True,,0,,,False,False,False,False,,,False,False,False,False,-42822.0,-5118.113046938231,False,False,False,False,8656.158686166038,False,False,False,False
2025-04-16 15:00:00+00:00,92.425,93.02,92.39,92.545,11405.0,,,,,,,,,,,,,,,,,,,,,,,,,,"rgba(38, 166, 154, 1.0)",0.0,0.0,,,,0.0,0.0,0.0,0.0,0.0,0.0,0.0,0.0,62.14250854891429,2.4757466140861055,False,False,True,False,True,,0,,,False,False,False,False,,,False,False,False,False,-31417.0,-5525.847728381048,False,False,False,False,8698.776380954161,False,False,False,False
2025-04-16 16:00:00+00:00,92.48,92.95,92.41,92.435,9371.0,,,,,,,,,,,,,,,,,,,,,,,,,,"rgba(38, 166, 154, 1.0)",0.0,0.0,,,,0.0,0.0,0.0,0.0,0.0,0.0,0.0,0.0,63.698331373541386,4.28134992375486,False,False,True,False,True,,0,,,False,False,False,False,,,False,False,False,False,-40788.0,-6072.547763599946,False,False,False,False,8709.198452567274,False,False,False,False
2025-04-16 17:00:00+00:00,92.435,93.04,92.03,92.03,12262.0,,,,,,,,,,,,,,,,,,,,,,,,,,"rgba(239, 83, 80, 1.0)",0.0,0.0,,92.36666666666666,,0.0,0.0,0.0,0.0,0.0,0.0,0.0,0.0,61.49769388222313,4.28134992375486,False,False,True,False,True,,0,,,False,False,False,False,,,False,False,False,False,-53050.0,-6800.88035641235,False,False,False,False,8764.280647101114,False,False,False,False
2025-04-16 18:00:00+00:00,92.02,92.39,91.92,91.935,10182.0,,,,,,,,,,,,,,,,,,,,,,,,,,"rgba(239, 83, 80, 1.0)",0.0,0.0,,92.23737286876968,,0.0,0.0,0.0,0.0,0.0,0.0,0.0,0.0,59.327376329178186,4.28134992375486,False,False,True,False,False,,0,,,False,False,False,False,,,False,False,False,False,-63232.0,-7675.781436157895,False,False,False,False,8786.260792107298,False,False,False,False
2025-04-16 19:00:00+00:00,91.98,92.44,91.765,92.04,34338.0,,,,,,,,,,,,,,,,,,,,,,,,,,"rgba(239, 83, 80, 1.0)",0.0,0.0,,92.14321205076727,,0.0,0.0,0.0,0.0,0.0,0.0,0.0,0.0,58.5395752823369,4.28134992375486,False,False,True,False,False,,0,,,False,False,False,False,,,False,False,False,False,-28894.0,-8004.746065054672,False,False,False,False,9182.411787578501,False,False,False,False
2025-04-17 14:00:00+00:00,91.83,92.025,91.47,91.565,5977.0,,,,,,,,,,,,,,,,,,,,,,,,,,"rgba(239, 83, 80, 1.0)",0.0,0.0,,92.09973188440438,,0.0,0.0,0.0,0.0,0.0,0.0,0.0,0.0,54.54515794214737,4.28134992375486,False,False,True,False,False,,0,,,False,False,False,False,,,False,False,False,False,-34871.0,-8421.277133813514,False,False,False,False,9132.715480794337,False,False,False,False
2025-04-17 15:00:00+00:00,91.575,92.1,91.5,91.79,7988.0,,,,,,,,,,,,,,,,,,,,,,,,,,"rgba(239, 83, 80, 1.0)",0.0,0.0,,92.06551297817106,,0.0,0.0,0.0,0.0,0.0,0.0,0.0,0.0,53.46280077165643,11.10069334279325,False,False,True,False,False,,1,,,False,False,False,False,,,False,False,False,False,-26883.0,-8707.505395304775,False,False,False,False,9114.967953960315,False,False,False,False
2025-04-17 16:00:00+00:00,91.79,92.375,91.78,92.32,1929.0,,,,,,,,,,,,,,,,,,,,,,,,,,"rgba(239, 83, 80, 1.0)",0.0,0.0,,92.06797665896124,,0.0,0.0,0.0,0.0,0.0,0.0,0.0,0.0,55.83156071488777,11.10069334279325,False,False,True,False,False,,1,,,False,False,False,False,,,False,False,False,False,-24954.0,-8959.389032586872,False,False,False,False,9003.55759808496,False,False,False,False
2025-04-17 17:00:00+00:00,92.38,92.39,92.07,92.36,3013.0,,,,,,,,,,,,,,,,,,,,,,,,,,"rgba(239, 83, 80, 1.0)",0.0,0.0,,92.07615142226746,,0.0,0.0,0.0,0.0,0.0,0.0,0.0,0.0,57.6197932074367,11.10069334279325,False,False,True,False,True,,0,,,False,False,False,False,,,False,False,False,False,-21941.0,-9160.654318903355,False,False,False,False,8910.680736099148,False,False,False,False
2025-04-17 18:00:00+00:00,92.36,92.895,92.36,92.725,3920.0,,,,,,,,,,,,,,,,,,,,,,,,,,"rgba(239, 83, 80, 1.0)",0.0,0.0,,92.10490051376102,,0.0,0.0,0.0,0.0,0.0,0.0,0.0,0.0,60.627490068390514,11.10069334279325,False,False,True,False,True,,0,,,False,False,False,False,,,False,False,False,False,-18021.0,-9298.024019385473,False,False,False,False,8833.305840965828,False,False,False,False
2025-04-17 19:00:00+00:00,92.635,92.64,92.15,92.615,28072.0,,,,,,,,,,,,,,,,,,,,,,,,,,"rgba(239, 83, 80, 1.0)",0.0,0.0,,92.19964597592272,,0.0,0.0,0.0,0.0,0.0,0.0,0.0,0.0,61.62348955617655,5.068615545686889,False,False,True,False,True,,0,,,False,False,False,False,,,False,False,False,False,-46093.0,-9868.488763270969,False,False,False,False,9131.580169012868,False,False,False,False
2025-04-18 14:00:00+00:00,92.615,92.615,92.615,92.615,0.0,,,,,,,,,,,,,,,,,,,,,,,,,,"rgba(239, 83, 80, 1.0)",0.0,0.0,,92.19964597592272,,0.0,0.0,0.0,0.0,0.0,0.0,0.0,0.0,62.28748921470058,6.113015753063735,False,False,True,False,True,,0,,,False,False,False,False,,,False,False,False,False,-46093.0,-10430.109092522582,False,False,False,False,8990.005282671584,False,False,False,False
2025-04-18 15:00:00+00:00,92.615,92.615,92.615,92.615,0.0,,,,,,,,,,,,,,,,,,,,,,,,,,"rgba(239, 83, 80, 1.0)",0.0,0.0,,92.19964597592272,,0.0,0.0,0.0,0.0,0.0,0.0,0.0,0.0,62.730155653716594,7.001850837909423,False,False,True,False,True,,0,,,False,False,False,False,,,False,False,False,False,-46093.0,-10983.022129847812,False,False,False,False,8850.625355808457,False,False,False,False
2025-04-18 16:00:00+00:00,92.615,92.615,92.615,92.615,0.0,,,,,,,,,,,,,,,,,,,,,,,,,,"rgba(239, 83, 80, 1.0)",0.0,0.0,,92.19964597592272,,0.0,0.0,0.0,0.0,0.0,0.0,0.0,0.0,63.02526661306061,7.782130827282316,False,False,True,False,True,,0,,,False,False,False,False,,,False,False,False,False,-46093.0,-11527.362872020714,False,False,False,False,8713.406358043985,False,False,False,False
2025-04-18 17:00:00+00:00,92.615,92.615,92.615,92.615,0.0,,,,,,,,,,,,,,,,,,,,,,,,,,"rgba(239, 83, 80, 1.0)",0.0,0.0,,92.19964597592272,,0.0,0.0,0.0,0.0,0.0,0.0,0.0,0.0,63.222007252623285,8.479431013538331,False,False,True,False,True,,0,,,False,False,False,False,,,False,False,False,False,-46093.0,-12063.264222842097,False,False,False,False,8578.314786601442,False,False,False,False
2025-04-18 18:00:00+00:00,92.615,92.615,92.615,92.615,0.0,,,,,,,,,,,,,,,,,,,,,,,,,,"rgba(239, 83, 80, 1.0)",0.0,0.0,,92.19964597592272,,0.0,0.0,0.0,0.0,0.0,0.0,0.0,0.0,63.3531676789984,9.107536556723076,False,False,True,False,True,,0,,,False,False,False,False,,,False,False,False,False,-46093.0,-12590.857025588732,False,False,False,False,8445.317658127002,False,False,False,False
2025-04-18 19:00:00+00:00,92.615,92.615,92.615,92.615,0.0,,,,,,,,,,,,,,,,,,,,,,,,,,"rgba(239, 83, 80, 1.0)",0.0,0.0,,92.19964597592272,,0.0,0.0,0.0,0.0,0.0,0.0,0.0,0.0,63.44060796324848,9.674102932197322,False,False,True,False,True,,0,,,False,False,False,False,,,False,False,False,False,-46093.0,-13110.27009495945,False,False,False,False,8314.38250063666,False,False,False,False
2025-04-21 14:00:00+00:00,92.745,92.745,91.64,91.64,2927.0,,,,,,,,,,,,,,,,,,,,,,,,,,"rgba(239, 83, 80, 1.0)",0.0,0.0,,92.1945833031969,,0.0,0.0,0.0,0.0,0.0,0.0,0.0,0.0,53.34775572655667,7.666245081651496,False,False,False,False,False,,0,,,False,False,False,False,,,False,False,False,False,-49020.0,-13667.01009348721,False,False,False,False,8230.85719054927,False,False,False,False
2025-04-21 15:00:00+00:00,91.69,91.86,91.31,91.31,10888.0,,,,,,,,,,,,,,,,,,,,,,,,,,"rgba(239, 83, 80, 1.0)",0.0,0.0,,92.13174000241438,,0.0,0.0,0.0,0.0,0.0,0.0,0.0,0.0,44.91492831502599,0.2572308044580396,False,False,False,True,False,,0,,,False,False,False,False,,,False,False,False,False,-59908.0,-14383.924665681207,False,False,False,False,8272.053203098894,False,False,False,False
2025-04-21 16:00:00+00:00,91.39,91.61,91.32,91.43,4969.0,,,,,,,,,,,,,,,,,,,,,,,,,,"rgba(239, 83, 80, 1.0)",0.0,0.0,,92.10508438434879,,0.0,0.0,0.0,0.0,0.0,0.0,0.0,0.0,40.71598367915424,-3.080271061427993,False,False,False,True,False,,0,,,False,False,False,False,,,False,False,False,False,-54939.0,-15012.685523577622,False,False,False,False,8220.843075919067,False,False,False,False
2025-04-21 17:00:00+00:00,91.43,91.46,90.91,90.97,4874.0,,,,,,,,,,,,,,,,,,,,,,,,,,"rgba(239, 83, 80, 1.0)",0.0,0.0,,92.06828042952463,,0.0,0.0,0.0,0.0,0.0,0.0,0.0,0.0,35.721936375086095,-7.271740072675179,False,False,False,True,False,,0,,,False,False,False,False,,,False,False,False,False,-59813.0,-15707.264042591923,False,False,False,False,8168.954035982337,False,False,False,False
2025-04-21 18:00:00+00:00,90.97,91.15,90.68,90.68,6219.0,,,,,,,,,,,,,,,,,,,,,,,,,,"rgba(239, 83, 80, 1.0)",0.0,0.0,,91.42463290636192,,0.0,0.0,0.0,0.0,0.0,0.0,0.0,0.0,31.309585549967874,-11.009458649965708,False,False,False,True,False,,0,,,False,False,False,False,,,False,False,False,False,-66032.0,-16487.49250704786,False,False,False,False,8138.722190463231,False,False,False,False
2025-04-21 19:00:00+00:00,90.73,91.52,90.705,91.42,19304.0,,,,,,,,,,,,,,,,,,,,,,,,,,"rgba(239, 83, 80, 1.0)",0.0,0.0,,91.51862903022135,,0.0,0.0,0.0,0.0,0.0,0.0,0.0,0.0,35.24149134886682,-11.009458649965708,False,False,False,True,True,,0,,,False,False,False,False,,,False,False,False,False,-46728.0,-16956.33758445797,False,False,False,False,8311.82727278163,False,False,False,False
2025-04-22 14:00:00+00:00,92.41,92.835,92.35,92.795,4429.0,,,,,,,,,,,,,,,,,,,,,,,,,,"rgba(38, 166, 154, 1.0)",0.0,0.0,,91.64251716562626,,0.0,0.0,0.0,0.0,0.0,0.0,0.0,0.0,44.640022094308165,-14.501895726694869,False,False,False,True,True,,0,,,False,False,False,False,,,False,False,False,False,-42299.0,-17349.247079272576,False,False,False,False,8251.628400335401,False,False,False,False
2025-04-22 15:00:00+00:00,92.79,93.435,92.78,93.425,6529.0,,,,,,,,,,,,,,,,,,,,,,,,,,"rgba(38, 166, 154, 1.0)",0.0,0.0,,91.83411514858776,,0.0,0.0,0.0,0.0,0.0,0.0,0.0,0.0,52.80148882317309,-7.394575779917687,False,False,True,False,True,,0,,,False,False,False,False,,,False,False,False,False,-35770.0,-17634.840147810984,False,False,False,False,8224.920983275937,False,False,False,False
2025-04-22 16:00:00+00:00,93.55,93.73,93.45,93.59,9723.0,,,,,,,,,,,,,,,,,,,,,,,,,,"rgba(38, 166, 154, 1.0)",0.0,0.0,,92.07866321370054,,0.0,0.0,0.0,0.0,0.0,0.0,0.0,0.0,58.693487155343504,-2.3585886373768474,False,False,True,False,True,,0,,,False,False,False,False,,,False,False,False,False,-26047.0,-17765.261230790657,False,False,False,False,8248.147014542978,False,False,False,False
2025-04-22 17:00:00+00:00,93.55,93.635,92.95,92.97,4738.0,,,,,,,,,,,,,,,,,,,,,,,,,,"rgba(38, 166, 154, 1.0)",0.0,0.0,,92.14428635062634,,0.0,0.0,0.0,0.0,0.0,0.0,0.0,0.0,58.949667660985305,-2.233790311953335,False,False,True,False,True,,0,,,False,False,False,False,,,False,False,False,False,-30785.0,-17967.117645817158,False,False,False,False,8193.726130596575,False,False,False,False
2025-04-22 18:00:00+00:00,92.97,93.805,92.97,93.75,2930.0,,,,,,,,,,,,,,,,,,,,,,,,,,"rgba(38, 166, 154, 1.0)",0.0,0.0,,92.19134442543123,,0.0,0.0,0.0,0.0,0.0,0.0,0.0,0.0,61.56815022748724,0.4860977214762414,False,False,True,False,True,,0,,,False,False,False,False,,,False,False,False,False,-27855.0,-18120.418147432396,False,False,False,False,8112.117973533062,False,False,False,False
2025-04-22 19:00:00+00:00,93.76,93.765,93.16,93.39,19400.0,,,,,,,,,,,,,,,,,,,,,,,,,,"rgba(38, 166, 154, 1.0)",0.0,0.0,,92.40979636464584,,0.0,0.0,0.0,0.0,0.0,0.0,0.0,0.0,61.39943127067593,0.8086884680579374,True,False,True,False,True,,0,,,False,False,False,False,,,False,False,False,False,-47255.0,-18572.117090883057,False,False,False,False,8287.123896424022,False,False,False,False
2025-04-23 14:00:00+00:00,94.975,95.34,94.725,94.945,9118.0,,,,,,,,,,,,,,,,,,,,,,,,,,"rgba(38, 166, 154, 1.0)",0.0,0.0,,93.40320547584047,,0.0,0.0,0.0,0.0,0.0,0.0,0.0,0.0,65.11141855554676,4.887544946717924,True,False,True,False,True,,0,,,False,False,False,False,,,False,False,False,False,-38137.0,-18875.44860885386,False,False,False,False,8300.005696479464,False,False,False,False
2025-04-23 15:00:00+00:00,94.965,94.965,93.69,93.97,8504.0,,,,,,,,,,,,,,,,,,,,,,,,,,"rgba(38, 166, 154, 1.0)",0.0,0.0,,93.34148490660726,,0.0,0.0,0.0,0.0,0.0,0.0,0.0,0.0,63.42542175018272,4.887544946717924,True,False,True,False,True,,0,,,False,False,False,False,,,False,False,False,False,-46641.0,-19305.92227383287,False,False,False,False,8303.168398859627,False,False,False,False
2025-04-23 16:00:00+00:00,93.975,94.04,93.54,93.985,3277.0,,,,,,,,,,,,,,,,,,,,,,,,,,"rgba(38, 166, 154, 1.0)",0.0,0.0,,93.31867298997419,,0.0,0.0,0.0,0.0,0.0,0.0,0.0,0.0,62.34096408059092,4.887544946717924,True,False,True,False,True,,0,,,False,False,False,False,,,False,False,False,False,-43364.0,-19678.91572695174,False,False,False,False,8225.243307404438,False,False,False,False
2025-04-23 17:00:00+00:00,93.985,94.16,93.54,93.75,5468.0,,,,,,,,,,,,,,,,,,,,,,,,,,"rgba(38, 166, 154, 1.0)",0.0,0.0,,93.29713406428618,,0.0,0.0,0.0,0.0,0.0,0.0,0.0,0.0,60.620456726369255,4.887544946717924,True,False,True,False,False,,0,,,False,False,False,False,,,False,False,False,False,-48832.0,-20130.90152963466,False,False,False,False,8182.4953491501055,False,False,False,False
2025-04-23 18:00:00+00:00,93.745,93.81,93.37,93.47,4711.0,,,,,,,,,,,,,,,,,,,,,,,,,,"rgba(38, 166, 154, 1.0)",0.0,0.0,,93.27098228666114,,0.0,0.0,0.0,0.0,0.0,0.0,0.0,0.0,58.28224225045829,4.887544946717924,True,False,True,False,False,,0,,,False,False,False,False,,,False,False,False,False,-53543.0,-20648.91856018296,False,False,False,False,8128.673715829949,False,False,False,False
2025-04-23 19:00:00+00:00,93.47,93.745,93.21,93.725,13412.0,,,,,,,,,,,,,,,,,,,,,,,,,,"rgba(38, 166, 154, 1.0)",0.0,0.0,,93.24064808556665,,0.0,0.0,0.0,0.0,0.0,0.0,0.0,0.0,57.65409331411138,4.887544946717924,True,False,True,False,False,,0,,,False,False,False,False,,,False,False,False,False,-40131.0,-20950.966334443685,False,False,False,False,8210.585751243438,False,False,False,False
2025-04-24 14:00:00+00:00,93.5,94.07,93.38,93.83,13127.0,,,,,,,,,,,,,,,,,,,,,,,,,,"rgba(38, 166, 154, 1.0)",0.0,0.0,,93.26119650719933,,0.0,0.0,0.0,0.0,0.0,0.0,0.0,0.0,57.62950921223297,4.887544946717924,True,False,True,False,False,,0,,,False,False,False,False,,,False,False,False,False,-27004.0,-21044.811817630605,False,False,False,False,8286.809227968346,False,False,False,False
2025-04-24 15:00:00+00:00,93.825,94.115,93.71,93.92,17280.0,,,,,,,,,,,,,,,,,,,,,,,,,,"rgba(38, 166, 154, 1.0)",0.0,0.0,,93.31182015029246,,0.0,0.0,0.0,0.0,0.0,0.0,0.0,0.0,57.97349022600406,4.887544946717924,True,False,True,False,False,11.45979926000879,0,,,False,False,False,False,,,False,False,False,False,-9724.0,-20869.295355341757,False,False,False,False,8426.23854226341,False,False,False,False
2025-04-24 16:00:00+00:00,93.925,94.525,93.89,94.475,3955.0,,,,,,,,,,,,,,,,,,,,,,,,,,"rgba(38, 166, 154, 1.0)",0.0,0.0,,93.3337717122202,,0.0,0.0,0.0,0.0,0.0,0.0,0.0,0.0,60.27311389981226,4.887544946717924,True,False,True,False,False,14.296122763053049,0,,,False,False,False,False,,,False,False,False,False,-5769.0,-20635.182249057387,False,False,False,False,8356.917014476381,False,False,False,False
2025-04-24 17:00:00+00:00,94.475,94.485,94.275,94.43,2451.0,,,,,,,,,,,,,,,,,,,,,,,,,,"rgba(38, 166, 154, 1.0)",0.0,0.0,,93.3485869086907,,0.0,0.0,0.0,0.0,0.0,0.0,0.0,0.0,61.5138491339982,6.122467069042585,True,False,True,False,True,13.967549466805075,0,,,False,False,False,False,,,False,False,False,False,-8220.0,-20442.698803335563,False,False,False,False,8265.352409600779,False,False,False,False
2025-04-24 18:00:00+00:00,94.435,94.545,94.29,94.32,3711.0,,,,,,,,,,,,,,,,,,,,,,,,,,"rgba(38, 166, 154, 1.0)",0.0,0.0,,93.36974604789721,,0.0,0.0,0.0,0.0,0.0,0.0,0.0,0.0,61.576349063953806,6.645114727338566,True,False,True,False,True,13.158420851895698,0,,,False,False,False,False,,,False,False,False,False,-11931.0,-20310.73448080323,False,False,False,False,8194.742294723246,False,False,False,False
2025-04-24 19:00:00+00:00,94.33,94.73,94.22,94.68,13832.0,,,,,,,,,,,,,,,,,,,,,,,,,,"rgba(38, 166, 154, 1.0)",0.0,0.0,,93.45412923308886,,0.0,0.0,0.0,0.0,0.0,0.0,0.0,0.0,63.10643800052442,8.513938689854577,True,False,True,False,True,14.981293397046038,0,,,False,False,False,False,,,False,False,False,False,1901.0,-19966.366504356665,False,False,False,False,8282.141638991103,False,False,False,False
2025-04-25 14:00:00+00:00,94.82,94.94,94.51,94.58,5539.0,,,,,,,,,,,,,,,,,,,,,,,,,,"rgba(38, 166, 154, 1.0)",0.0,0.0,,93.48850799815779,,0.0,0.0,0.0,0.0,0.0,0.0,0.0,0.0,63.351161668784556,9.134680380320539,True,False,True,False,True,14.2357276865222,0,,,False,False,False,False,,,False,False,False,False,-3638.0,-19713.213535296873,False,False,False,False,8239.612311254807,False,False,False,False
2025-04-25 15:00:00+00:00,94.6,94.815,94.505,94.745,3561.0,,,,,,,,,,,,,,,,,,,,,,,,,,"rgba(38, 166, 154, 1.0)",0.0,0.0,,93.50966625636612,,0.0,0.0,0.0,0.0,0.0,0.0,0.0,0.0,64.25264862633198,10.35532942786351,True,False,True,False,True,15.071760043269197,0,,,False,False,False,False,,,False,False,False,False,-77.0,-19408.77611614498,False,False,False,False,8167.075686274112,False,False,False,False
2025-04-25 16:00:00+00:00,94.755,95.045,94.73,94.815,4354.0,,,,,,,,,,,,,,,,,,,,,,,,,,"rgba(38, 166, 154, 1.0)",0.0,0.0,,93.53879736660322,,0.0,0.0,0.0,0.0,0.0,0.0,0.0,0.0,65.17504550853097,11.545643127378497,True,False,True,False,True,15.426585928190029,0,,,False,False,False,False,,,False,False,False,False,4277.0,-19041.55478101095,False,False,False,False,8107.958233773737,False,False,False,False
2025-04-25 17:00:00+00:00,94.795,95.13,94.69,94.775,1679.0,,,,,,,,,,,,,,,,,,,,,,,,,,"rgba(38, 166, 154, 1.0)",0.0,0.0,,93.54965558486401,,0.0,0.0,0.0,0.0,0.0,0.0,0.0,0.0,65.38934593549445,12.055156369973957,True,False,True,False,True,15.11547231800925,0,,,False,False,False,False,,,False,False,False,False,2598.0,-18706.057807661942,False,False,False,False,8008.284462707477,False,False,False,False
2025-04-25 18:00:00+00:00,94.82,95.15,94.76,94.83,5079.0,,,,,,,,,,,,,,,,,,,,,,,,,,"rgba(38, 166, 154, 1.0)",0.0,0.0,,93.58263346312138,,0.0,0.0,0.0,0.0,0.0,0.0,0.0,0.0,65.83975938917158,12.782832262908663,True,False,True,False,True,15.403160965430693,0,,,False,False,False,False,,,False,False,False,False,7677.0,-18297.018151729197,False,False,False,False,7962.869199719764,False,False,False,False
2025-04-25 19:00:00+00:00,94.835,94.95,94.58,94.93,9172.0,,,,,,,,,,,,,,,,,,,,,,,,,,"rgba(38, 166, 154, 1.0)",0.0,0.0,,93.63322578681857,,0.0,0.0,0.0,0.0,0.0,0.0,0.0,0.0,66.72010162141775,13.874865318105591,True,False,True,False,True,15.929649452558383,0,,,False,False,False,False,,,False,False,False,False,16849.0,-17752.118645500836,False,False,False,False,7981.615413677597,False,False,False,False
2025-04-28 14:00:00+00:00,95.35,95.77,95.195,95.695,3893.0,,,,,,,,,,,,,,,,,,,,,,,,,,"rgba(38, 166, 154, 1.0)",0.0,0.0,,93.66795351641888,,0.0,0.0,0.0,0.0,0.0,0.0,0.0,0.0,70.56908564398165,17.588242517234065,True,False,True,False,True,19.740385460592027,0,,,False,False,False,False,,,False,False,False,False,20742.0,-17155.31060448532,False,False,False,False,7918.226027419029,False,False,False,False
2025-04-28 15:00:00+00:00,95.7,95.705,95.26,95.26,2537.0,,,,,,,,,,,,,,,,,,,,,,,,,,"rgba(38, 166, 154, 1.0)",0.0,0.0,,93.68795873930117,,0.0,0.0,0.0,0.0,0.0,0.0,0.0,0.0,68.81194377530285,17.588242517234065,True,False,True,False,False,16.32203457259321,0,,,False,False,False,False,,,False,False,False,False,18205.0,-16607.088734648336,False,False,False,False,7834.796166528811,False,False,False,False
2025-04-28 16:00:00+00:00,95.275,95.275,94.995,95.07,1512.0,,,,,,,,,,,,,,,,,,,,,,,,,,"rgba(38, 166, 154, 1.0)",0.0,0.0,,93.69739528465429,,0.0,0.0,0.0,0.0,0.0,0.0,0.0,0.0,66.00167219296057,19.373538878947116,True,False,True,False,False,14.876704951989154,0,,,False,False,False,False,,,False,False,False,False,16693.0,-16090.808289149913,False,False,False,False,7736.768318985729,False,False,False,False
2025-04-28 17:00:00+00:00,95.08,95.145,94.59,94.87,1818.0,,,,,,,,,,,,,,,,,,,,,,,,,,"rgba(38, 166, 154, 1.0)",0.0,0.0,,93.70634258395823,,0.0,0.0,0.0,0.0,0.0,0.0,0.0,0.0,62.480463146494365,16.22813909717115,True,False,True,False,False,13.374365907492098,0,,,False,False,False,False,,,False,False,False,False,14875.0,-15610.71823815534,False,False,False,False,7645.004469078973,False,False,False,False
2025-04-28 18:00:00+00:00,94.87,95.095,94.785,94.97,2087.0,,,,,,,,,,,,,,,,,,,,,,,,,,"rgba(38, 166, 154, 1.0)",0.0,0.0,,93.71726112789885,,0.0,0.0,0.0,0.0,0.0,0.0,0.0,0.0,60.78688885402079,14.794533125319617,True,False,True,False,False,13.895486258084116,0,,,False,False,False,False,,,False,False,False,False,16962.0,-15105.714854618047,False,False,False,False,7558.833857155268,False,False,False,False
2025-04-28 19:00:00+00:00,94.94,95.46,94.935,95.335,13483.0,,,,,,,,,,,,,,,,,,,,,,,,,,"rgba(38, 166, 154, 1.0)",0.0,0.0,,93.80098806503945,,0.0,0.0,0.0,0.0,0.0,0.0,0.0,0.0,61.831743816418765,14.794533125319617,True,False,True,False,False,15.761219421828859,0,,,False,False,False,False,,,False,False,False,False,30445.0,-14399.502221213115,False,False,False,False,7650.6813942536355,False,False,False,False
2025-04-29 14:00:00+00:00,95.955,96.31,95.82,96.27,3937.0,,,,,,,,,,,,,,,,,,,,,,,,,,"rgba(38, 166, 154, 1.0)",0.0,0.0,,93.83923485783136,,0.0,0.0,0.0,0.0,0.0,0.0,0.0,0.0,66.20984747839226,11.747803490810519,True,False,True,False,True,20.0,0,,,False,False,False,False,,,False,False,False,False,34382.0,-13643.199861194307,False,False,False,False,7593.104938528773,False,False,False,False
2025-04-29 15:00:00+00:00,96.27,96.595,96.065,96.4,5180.0,,,,,,,,,,,,,,,,,,,,,,,,,,"rgba(38, 166, 154, 1.0)",0.0,0.0,,93.89245811871935,,0.0,0.0,0.0,0.0,0.0,0.0,0.0,0.0,69.50989513310924,14.676270369513006,True,False,True,False,True,20.0,0,,,False,False,False,False,,,False,False,False,False,39562.0,-12818.313041640908,False,False,False,False,7555.69245886166,False,False,False,False
2025-04-29 16:00:00+00:00,96.42,96.72,96.29,96.31,3310.0,,,,,,,,,,,,,,,,,,,,,,,,,,"rgba(38, 166, 154, 1.0)",0.0,0.0,,93.926411571999,,0.0,0.0,0.0,0.0,0.0,0.0,0.0,0.0,70.83804698235792,15.8271403277314,True,False,True,False,True,20.0,0,,,False,False,False,False,,,False,False,False,False,36252.0,-12057.532994483685,False,False,False,False,7489.867769576983,False,False,False,False
2025-04-29 17:00:00+00:00,96.31,96.87,96.29,96.78,1639.0,,,,,,,,,,,,,,,,,,,,,,,,,,"rgba(38, 166, 154, 1.0)",0.0,0.0,,93.94430152792154,,0.0,0.0,0.0,0.0,0.0,0.0,0.0,0.0,73.20767899219832,18.046784992513437,True,False,True,False,True,20.0,0,,,False,False,False,False,,,False,False,False,False,37891.0,-11283.137134104092,False,False,False,False,7399.156641366487,False,False,False,False
2025-04-29 18:00:00+00:00,96.78,96.89,96.65,96.67,2719.0,,,,,,,,,,,,,,,,,,,,,,,,,,"rgba(38, 166, 154, 1.0)",0.0,0.0,,93.97444442371096,,0.0,0.0,0.0,0.0,0.0,0.0,0.0,0.0,73.6869000941586,18.588527843427727,True,False,True,False,True,20.0,0,,,False,False,False,False,,,False,False,False,False,35172.0,-10562.902449854417,False,False,False,False,7326.5960732832855,False,False,False,False
2025-04-29 19:00:00+00:00,96.675,96.805,96.37,96.37,11017.0,,,,,,,,,,,,,,,,,,,,,,,,,,"rgba(38, 166, 154, 1.0)",0.0,0.0,,94.07979855709006,,0.0,0.0,0.0,0.0,0.0,0.0,0.0,0.0,71.14467290682302,18.588527843427727,True,False,True,False,False,18.898330871246944,0,,,False,False,False,False,,,False,False,False,False,24155.0,-10024.640396368302,False,False,False,False,7383.811638038583,False,False,False,False
2025-04-30 14:00:00+00:00,95.54,96.825,95.54,96.755,12426.0,,,,,,,,,,,,,,,,,,,,,,,,,,"rgba(38, 166, 154, 1.0)",0.0,0.0,,94.1810442363949,,0.0,0.0,0.0,0.0,0.0,0.0,0.0,0.0,71.06089688260676,18.588527843427727,True,False,True,False,False,20.0,0,,,False,False,False,False,,,False,False,False,False,36581.0,-9302.072328207552,False,False,False,False,7461.985101014729,False,False,False,False
2025-04-30 15:00:00+00:00,96.8,97.05,96.435,96.79,5534.0,,,,,,,,,,,,,,,,,,,,,,,,,,"rgba(38, 166, 154, 1.0)",0.0,0.0,,94.23100390473455,,0.0,0.0,0.0,0.0,0.0,0.0,0.0,0.0,71.14432036464282,18.588527843427727,True,False,True,False,False,20.0,0,,,False,False,False,False,,,False,False,False,False,42115.0,-8504.908416142318,False,False,False,False,7432.09385913853,False,False,False,False
2025-04-30 16:00:00+00:00,96.775,97.065,96.705,97.065,4643.0,,,,,,,,,,,,,,,,,,,,,,,,,,"rgba(38, 166, 154, 1.0)",0.0,0.0,1.8385988299946416,94.27449634356121,1.5177338367211513,0.0,0.0,0.0,0.0,0.0,0.0,0.0,0.0,72.2767185283953,18.588527843427727,True,False,True,False,False,20.0,0,,,False,False,False,False,,,False,False,False,False,46758.0,-7648.119138372669,False,False,False,False,7388.852093880569,False,False,False,False
2025-04-30 17:00:00+00:00,97.08,97.53,96.82,97.45,9147.0,,,,,,,,,,,,,,,,,,,,,,,,,,"rgba(38, 166, 154, 1.0)",0.0,0.0,1.8827718018011819,94.36630139454691,1.6378504301493295,0.0,0.0,0.0,0.0,0.0,0.0,0.0,0.0,74.30992709956823,20.11227903852381,True,False,True,False,True,20.0,0,,,False,False,False,False,,,False,False,False,False,55905.0,-6662.799461808751,False,False,False,False,7416.110200952187,False,False,False,False
2025-04-30 18:00:00+00:00,97.45,97.61,97.28,97.29,8718.0,,,,,,,,,,,,,,,,,,,,,,,,,,"rgba(38, 166, 154, 1.0)",0.0,0.0,1.8978543883236396,94.4521136557831,1.4953130027660317,0.0,0.0,0.0,0.0,0.0,0.0,0.0,0.0,73.94656968685439,20.11227903852381,True,False,True,False,True,20.0,0,,,False,False,False,False,,,False,False,False,False,47187.0,-5827.918849997764,False,False,False,False,7436.294538921921,False,False,False,False
2025-04-30 19:00:00+00:00,97.355,97.78,97.15,97.68,22612.0,,,,,,,,,,,,,,,,,,,,,,,,,,"rgba(38, 166, 154, 1.0)",0.0,0.0,1.9173848603508699,94.66248989734396,1.5737633925532617,0.0,0.0,0.0,0.0,0.0,0.0,0.0,0.0,75.06867639310565,21.28331154561208,True,False,True,False,True,20.0,0,,,False,False,False,False,,,False,False,False,False,69799.0,-4655.408480230356,False,False,False,False,7671.576794132434,False,False,False,False
2025-05-01 14:00:00+00:00,96.85,96.87,96.1,96.51,4853.0,,,,,,,,,,,,,,,,,,,,,,,,,,"rgba(38, 166, 154, 1.0)",0.0,0.0,1.910298252738153,94.68801271248503,0.9537711113452576,0.0,0.0,0.0,0.0,0.0,0.0,0.0,0.0,67.04701077940614,21.36190152239105,True,False,True,False,False,15.400278514015657,0,,,False,False,False,False,,,False,False,False,False,64946.0,-3576.316875885699,False,False,False,False,7627.877929107124,False,False,False,False
2025-05-01 15:00:00+00:00,96.51,96.54,96.03,96.03,7068.0,,,,,,,,,,,,,,,,,,,,,,,,,,"rgba(38, 166, 154, 1.0)",0.0,0.0,1.8959383970491852,94.7175736154258,0.6922305000082487,0.0,0.0,0.0,0.0,0.0,0.0,0.0,0.0,59.39148550985699,14.638229723191884,False,True,True,False,False,12.24537162402623,0,,,False,False,False,False,,,False,False,False,False,57878.0,-2623.53676928282,False,False,False,False,7619.19765113647,False,False,False,False
2025-05-01 16:00:00+00:00,96.13,96.41,95.77,96.36,4372.0,,,,,,,,,,,,,,,,,,,,,,,,,,"rgba(38, 166, 154, 1.0)",0.0,0.0,1.88187951141818,94.73499381957873,0.8635017122837293,0.0,0.0,0.0,0.0,0.0,0.0,0.0,0.0,56.05880360268662,12.025332459229148,False,True,True,False,False,13.74507179179555,0,,,False,False,False,False,,,False,False,False,False,62250.0,-1617.7455015420012,False,False,False,False,7568.853501506447,False,False,False,False
2025-05-01 17:00:00+00:00,96.41,96.69,96.35,96.4,2456.0,,,,,,,,,,,,,,,,,,,,,,,,,,"rgba(38, 166, 154, 1.0)",0.0,0.0,1.8933823302884931,94.74677716384149,0.8731584792526397,0.0,0.0,0.0,0.0,0.0,0.0,0.0,0.0,54.05277516603101,10.441907883630279,False,True,True,False,False,13.92559701227928,0,,,False,False,False,False,,,False,False,False,False,64706.0,-589.4703774870864,False,False,False,False,7489.584454971464,False,False,False,False
2025-05-01 18:00:00+00:00,96.385,96.71,96.385,96.6,2389.0,,,,,,,,,,,,,,,,,,,,,,,,,,"rgba(38, 166, 154, 1.0)",0.0,0.0,1.9022723206686314,94.75867767139516,0.9679593760569591,0.0,0.0,0.0,0.0,0.0,0.0,0.0,0.0,53.83313226490431,10.259130434988592,False,True,True,False,False,14.830325857539101,0,,,False,False,False,False,,,False,False,False,False,67095.0,459.9012562724033,False,False,False,False,7410.505626212216,False,False,False,False
2025-05-01 19:00:00+00:00,96.6,96.77,96.15,96.15,16258.0,,,,,,,,,,,,,,,,,,,,,,,,,,"rgba(38, 166, 154, 1.0)",0.0,0.0,1.8898391847308562,94.82599979151911,0.7005888221486187,0.0,0.0,0.0,0.0,0.0,0.0,0.0,0.0,51.10210115990651,7.567756403277613,False,True,False,False,False,11.875624520380665,0,,,False,False,False,False,,,False,False,False,False,50837.0,1240.9415468728312,False,False,False,False,7547.676081619778,False,False,False,False
2025-05-02 14:00:00+00:00,98.43,98.865,98.28,98.865,8123.0,,,,,,,,,,,,,,,,,,,,,,,,,,"rgba(38, 166, 154, 1.0)",0.0,0.0,1.9468332984341368,94.90896742194884,2.0320345769887123,0.0,0.0,0.0,0.0,0.0,0.0,0.0,0.0,58.27604596089468,1.3262419202560451,False,True,True,False,True,20.0,0,,,False,False,False,False,,,False,False,False,False,58960.0,2135.8106701771285,False,False,False,False,7556.59583229234,False,True,False,False
2025-05-02 15:00:00+00:00,98.865,98.895,97.91,97.91,5699.0,,,,,,,,,,,,,,,,,,,,,,,,,98.23833333333334,"rgba(38, 166, 154, 1.0)",0.0,0.0,1.9706549832639697,95.77833692931968,1.0817028291526063,-1.0,98.895,97.91,0.0,0.0,0.0,0.0,0.0,59.084178590955375,2.021698218684989,False,True,True,False,True,16.9480521348659,0,,,False,False,False,False,,,False,False,False,False,53261.0,2928.4492644379484,False,False,False,False,7527.795896907963,False,False,False,False
2025-05-02 16:00:00+00:00,97.91,98.6,97.91,98.485,1170.0,,,,,,,,,,,,,,,,,,,,,,,,,98.25423084388801,"rgba(38, 166, 154, 1.0)",0.0,0.0,2.004391031062917,95.78999161237482,1.3445522085558486,0.0,0.0,0.0,0.0,0.0,0.0,0.0,0.0,60.933959472645014,3.896887374852163,False,True,True,False,True,18.912156888043736,0,,,False,False,False,False,,,False,False,False,False,54431.0,3726.9384231288327,False,False,False,False,7429.225417886134,False,False,False,False
2025-05-02 17:00:00+00:00,98.48,98.54,98.295,98.425,1913.0,,,,,,,,,,,,,,,,,,,,,,,,,98.29034065892357,"rgba(38, 166, 154, 1.0)",0.0,0.0,2.0468287006317345,95.81181107724049,1.2767013292089215,0.0,0.0,0.0,0.0,0.0,0.0,0.0,0.0,61.916971221444484,5.079342128349019,False,False,True,False,True,18.575051839634206,0,,,False,False,False,False,,,False,False,False,False,52518.0,4483.388990212106,False,False,False,False,7343.702543190225,False,False,False,False
2025-05-02 18:00:00+00:00,98.42,98.535,98.26,98.375,3737.0,,,,,,,,,,,,,,,,,,,,,,,,,98.32008959714567,"rgba(38, 166, 154, 1.0)",0.0,0.0,2.085581190196385,95.84363729958204,1.2137445007257648,0.0,0.0,0.0,0.0,0.0,0.0,0.0,0.0,62.342992768934,5.863910207819735,False,False,True,False,True,18.290296031707854,0,,,False,False,False,False,,,False,False,False,False,48781.0,5170.173657030524,False,False,False,False,7287.784674303554,False,False,False,False
2025-05-02 19:00:00+00:00,98.37,98.65,98.235,98.33,12509.0,,,,,,,,,,,,,,,,,,,,,,,,,98.36252783549092,"rgba(38, 166, 154, 1.0)",0.0,0.0,2.1182006600027563,95.9328221451361,1.1317048002717451,0.0,0.0,0.0,0.0,0.0,0.0,0.0,0.0,62.399798844596404,6.403668758828431,False,False,True,False,True,18.03030796965294,0,,,False,False,False,False,,,False,False,False,False,36272.0,5652.372515061059,False,False,False,False,7368.7337491205535,False,False,False,False
2025-05-05 14:00:00+00:00,98.185,98.415,98.095,98.3,24153.0,,,,,,,,,,,,,,,,,,,,,,,,,98.31708701869962,"rgba(38, 166, 154, 1.0)",0.0,0.0,2.1405657078327764,96.05383531858203,1.0493322737997628,0.0,0.0,0.0,0.0,0.0,0.0,0.0,0.0,62.2704540510681,6.810324273599647,False,False,True,False,True,17.85427197029983,0,,,False,False,False,False,,,False,False,False,False,12119.0,5752.630305525228,False,False,False,False,7628.954931304731,False,False,False,False
2025-05-05 15:00:00+00:00,98.36,98.36,97.815,98.07,18346.0,,,,,,,,,,,,,,,,,,,,,,,,,98.25312709484108,"rgba(38, 166, 154, 1.0)",0.0,0.0,2.152803165286729,96.12258967874075,0.9045928362892702,0.0,0.0,0.0,0.0,0.0,0.0,0.0,0.0,60.84617345394355,6.810324273599647,False,True,True,False,True,16.4997764591659,0,,,False,False,False,False,,,False,False,False,False,-6227.0,5566.899603113984,False,False,False,False,7795.110668803882,False,False,False,False
2025-05-05 16:00:00+00:00,98.07,98.2,98.0,98.09,5540.0,,,,,,,,,,,,,,,,,,,,,,,,,98.24126413656872,"rgba(38, 166, 154, 1.0)",0.0,0.0,2.1640957227667625,96.14397404898571,0.8992328437885955,0.0,0.0,0.0,0.0,0.0,0.0,0.0,0.0,59.98475503408241,6.810324273599647,False,True,True,False,True,16.57539834871657,0,,,False,False,False,False,,,False,False,False,False,-687.0,5469.939919344775,False,False,False,False,7760.147712698395,False,False,False,False
2025-05-05 17:00:00+00:00,98.11,98.115,97.855,97.96,2541.0,,,,,,,,,,,,,,,,,,,,,,,,,98.23237166261066,"rgba(38, 166, 154, 1.0)",0.0,0.0,2.160605422744491,96.15220102086812,0.8367094519440449,0.0,0.0,0.0,0.0,0.0,0.0,0.0,0.0,58.556148455937716,6.810324273599647,False,True,True,False,False,15.796916696929312,0,,,False,False,False,False,,,False,False,False,False,-3228.0,5335.088137649507,False,False,False,False,7679.230693896869,False,False,False,False
2025-05-05 18:00:00+00:00,97.96,98.13,97.895,97.905,7085.0,,,,,,,,,,,,,,,,,,,,,,,,,98.2104632798423,"rgba(38, 166, 154, 1.0)",0.0,0.0,2.1573239491605647,96.17524393022471,0.8018063631326005,0.0,0.0,0.0,0.0,0.0,0.0,0.0,0.0,57.222977241121185,6.810324273599647,False,True,True,False,False,15.464912941953791,0,,,False,False,False,False,,,False,False,False,False,-10313.0,5092.48212001153,False,False,False,False,7670.017814921724,False,False,False,False
2025-05-05 19:00:00+00:00,97.905,97.915,97.35,97.355,19596.0,,,,,,,,,,,,,,,,,,,,,,,,,98.08201937647254,"rgba(38, 166, 154, 1.0)",0.0,0.0,2.151953476673203,96.20394661949297,0.5348876697308993,0.0,0.0,0.0,0.0,0.0,0.0,0.0,0.0,52.92499303707547,7.186306800400516,False,True,False,False,False,12.210919419427633,0,,,False,False,False,False,,,False,False,False,False,-29909.0,4549.823482491972,False,False,False,False,7854.916763527588,False,False,False,False
2025-05-06 14:00:00+00:00,96.42,96.43,96.11,96.415,8117.0,,,,,,,,,,,,,,,,,,,,,,,,,97.95235396325079,"rgba(38, 166, 154, 1.0)",0.0,0.0,2.134550626801459,96.17976546700237,0.11020330464128043,0.0,0.0,0.0,0.0,0.0,0.0,0.0,0.0,46.14469684816202,0.9898989938922611,False,True,False,True,False,7.063097570612825,0,,,False,False,False,False,,,False,False,False,False,-38026.0,3889.7331959417083,False,False,False,False,7858.980069519408,False,False,False,False
2025-05-06 15:00:00+00:00,96.415,96.615,96.225,96.38,3677.0,,,,,,,,,,,,,,,,,,,,,,,,,97.90253504027768,"rgba(38, 166, 154, 1.0)",0.0,0.0,2.1213885517244395,96.17146443533787,0.09830144717836493,0.0,0.0,0.0,0.0,0.0,0.0,0.0,0.0,41.505280304709274,-3.0056954163050946,False,True,False,True,False,6.879468357598249,0,,,False,False,False,False,,,False,False,False,False,-41703.0,3182.8691153844725,False,False,False,False,7794.143169216782,False,False,False,False
2025-05-06 16:00:00+00:00,96.38,96.73,96.29,96.33,1666.0,,,,,,,,,,,,,,,,,,,,,,,,,97.88162839419778,"rgba(38, 166, 154, 1.0)",0.0,0.0,2.104848484842621,96.16821263591527,0.07686413784640062,0.0,0.0,0.0,0.0,0.0,0.0,0.0,0.0,38.226121896004386,-5.7644527900154685,False,True,False,True,False,6.613254628744247,0,,,False,False,False,False,,,False,False,False,False,-43369.0,2461.134710494791,False,False,False,False,7699.133197601017,False,False,False,False
2025-05-06 17:00:00+00:00,96.3,96.47,96.06,96.105,1884.0,,,,,,,,,,,,,,,,,,,,,,,,,97.85488243095048,"rgba(239, 83, 80, 1.0)",0.0,0.0,2.0855637969986653,96.16305228530746,-0.02783529585189249,0.0,0.0,0.0,0.0,0.0,0.0,0.0,0.0,35.188386676449376,-8.4057348377777,False,True,False,True,False,5.412741969963374,0,,,False,False,False,False,,,False,False,False,False,-45253.0,1721.3806839754916,False,False,False,False,7608.976093762241,False,False,False,False
2025-05-06 18:00:00+00:00,96.105,96.155,95.81,96.14,7731.0,,,,,,,,,,,,,,,,,,,,,,,,,97.7426531540155,"rgba(239, 83, 80, 1.0)",0.0,0.0,2.065228048398539,96.13908010242808,0.00044542178895546556,0.0,0.0,0.0,0.0,0.0,0.0,0.0,0.0,33.49219448616785,-9.93481291851461,False,True,False,True,False,5.574841731352237,0,,,False,False,False,False,,,False,False,False,False,-37522.0,1112.9561772471893,False,False,False,False,7610.8679372698025,False,False,False,False
2025-05-06 19:00:00+00:00,96.17,96.355,95.96,95.97,6719.0,,,,,,,,,,,,,,,,,,,,,,,,,97.65883781410173,"rgba(239, 83, 80, 1.0)",0.0,0.0,2.042782861642414,96.12219897873156,-0.0745057057161683,0.0,0.0,0.0,0.0,0.0,0.0,0.0,0.0,31.65208808286717,-11.746875355189367,False,True,False,True,False,4.655193898328303,0,,,False,False,False,False,,,False,False,False,False,-44241.0,409.7940659720391,False,False,False,False,7597.04052738965,False,False,False,False
2025-05-07 14:00:00+00:00,95.915,95.93,95.255,95.26,4305.0,,,,,,,,,,,,,,,,,,,,,,,,,97.59011679913188,"rgba(239, 83, 80, 1.0)",0.0,0.0,2.0179277569904692,96.10366555276524,-0.4180851122358665,0.0,0.0,0.0,0.0,0.0,0.0,0.0,0.0,28.10048319698653,-15.189413076319092,False,True,False,True,False,0.9603799800093675,0,,,False,False,False,False,,,False,False,False,False,-48546.0,-349.21049319031806,False,False,False,False,7546.001139368105,False,False,False,False
2025-05-07 15:00:00+00:00,95.26,95.565,95.125,95.565,4298.0,,,,,,,,,,,,,,,,,,,,,,,,,97.52376815508767,"rgba(239, 83, 80, 1.0)",0.0,0.0,1.9921469698668586,95.95195391697727,-0.19423964337487498,0.0,0.0,0.0,0.0,0.0,0.0,0.0,0.0,28.56479257650485,-15.189413076319092,False,True,False,True,False,2.435802085252714,0,,,False,False,False,False,,,False,False,False,False,-44248.0,-1029.8118808927939,False,False,False,False,7495.644532556196,False,False,False,False
2025-05-07 16:00:00+00:00,95.57,96.09,95.505,96.065,8474.0,,,,,,,,,,,,,,,,,,,,,,,,,97.43076200053632,"rgba(239, 83, 80, 1.0)",0.0,0.0,1.9664883870942993,95.99746391780421,0.03434349403689008,0.0,0.0,0.0,0.0,0.0,0.0,0.0,0.0,32.764173624003554,-15.189413076319092,False,True,False,True,True,4.7766736768799305,0,,,False,False,False,False,,,False,False,False,False,-35774.0,-1568.481464134766,False,False,False,False,7510.81283437703,False,False,False,False
2025-05-07 17:00:00+00:00,96.07,96.16,96.0,96.05,3027.0,,,,,,,,,,,,,,,,,,,,,,,,,97.40369643924906,"rgba(239, 83, 80, 1.0)",0.0,0.0,1.916245197686827,96.00644501761043,0.022729336747793264,0.0,0.0,0.0,0.0,0.0,0.0,0.0,0.0,35.48754201143655,-21.176781900728017,False,True,False,True,True,4.697969527774678,0,,,False,False,False,False,,,False,False,False,False,-38801.0,-2145.7298135280253,False,False,False,False,7441.296356324673,False,False,False,False
2025-05-07 18:00:00+00:00,96.055,96.19,95.72,96.08,1873.0,,,,,,,,,,,,,,,,,,,,,,,,,97.38659033277077,"rgba(239, 83, 80, 1.0)",0.0,0.0,1.8530413082525354,96.00797084507242,0.03887077671004669,0.0,0.0,0.0,0.0,0.0,0.0,0.0,0.0,37.54616240783719,-19.086992085636812,False,True,False,True,True,4.839229778175643,0,,,False,False,False,False,,,False,False,False,False,-36928.0,-2684.9898164190636,False,False,False,False,7354.966180257624,False,False,False,False
2025-05-07 19:00:00+00:00,96.11,96.2,95.605,96.095,9780.0,,,,,,,,,,,,,,,,,,,,,,,,,97.30183170572914,"rgba(239, 83, 80, 1.0)",0.0,0.0,1.789232413810687,96.0048202837785,0.05040134279114431,0.0,0.0,0.0,0.0,0.0,0.0,0.0,0.0,39.05266814430127,-17.445862315118205,False,True,False,True,True,4.911082857038895,0,,,False,False,False,False,,,False,False,False,False,-27148.0,-3064.261292133496,False,False,False,False,7392.563603819521,False,False,False,False
2025-05-08 14:00:00+00:00,95.81,96.025,95.385,95.945,4287.0,,,,,,,,,,,,,,,,,,,,,,,,,97.26315464896574,"rgba(239, 83, 80, 1.0)",0.0,0.0,1.7040679653789712,95.99524407409079,-0.029484782949736797,0.0,0.0,0.0,0.0,0.0,0.0,0.0,0.0,39.047533645374244,-17.105409663766267,False,True,False,True,True,4.0846319583603545,0,,,False,False,False,False,,,False,False,False,False,-31435.0,-3504.117706208946,False,False,False,False,7344.415330892086,False,False,False,False
2025-05-08 15:00:00+00:00,95.985,96.92,95.925,96.66,4364.0,,,,,,,,,,,,,,,,,,,,,,,,,97.24388910146035,"rgba(239, 83, 80, 1.0)",0.0,0.0,1.6027427926712596,96.01085594361957,0.40502073030601893,0.0,0.0,0.0,0.0,0.0,0.0,0.0,0.0,44.704104337256254,-11.547202532528303,False,True,False,True,True,7.481074484553957,0,,,False,False,False,False,,,False,False,False,False,-27071.0,-3869.495726267722,False,False,False,False,7298.207341265852,False,False,False,False
2025-05-08 16:00:00+00:00,96.665,97.135,96.66,96.975,3882.0,,,,,,,,,,,,,,,,,,,,,,,,,97.23683361398851,"rgba(38, 166, 154, 1.0)",0.0,0.0,1.5248557958700282,96.182089875415,0.519990235622632,0.0,0.0,0.0,0.0,0.0,0.0,0.0,0.0,50.25355543189566,-6.3655969513736395,False,False,True,False,True,8.90417755624527,0,,,False,False,False,False,,,False,False,False,False,-23189.0,-4169.022924310083,False,False,False,False,7245.2428863625055,False,False,False,False
2025-05-08 17:00:00+00:00,97.01,97.02,96.75,96.855,4130.0,,,,,,,,,,,,,,,,,,,,,,,,,97.22855467776157,"rgba(38, 166, 154, 1.0)",0.0,0.0,1.4862593258863037,96.19409922242579,0.4446739314352808,0.0,0.0,0.0,0.0,0.0,0.0,0.0,0.0,52.942557797788666,-3.9161498553693974,False,False,True,False,True,8.222317491073248,0,,,False,False,False,False,,,False,False,False,False,-27319.0,-4527.937297576593,False,False,False,False,7196.944547039056,False,False,False,False
2025-05-08 18:00:00+00:00,96.82,96.85,96.565,96.565,3799.0,,,,,,,,,,,,,,,,,,,,,,,,,97.21683511302099,"rgba(38, 166, 154, 1.0)",0.0,0.0,1.459259089432141,96.18986493916294,0.2570722797300058,0.0,0.0,0.0,0.0,0.0,0.0,0.0,0.0,52.432707062213524,-3.9161498553693974,False,False,True,False,True,6.587290753871127,0,,,False,False,False,False,,,False,False,False,False,-31118.0,-4940.186331722693,False,False,False,False,7144.263236232248,False,False,False,False
2025-05-08 19:00:00+00:00,96.565,96.67,95.81,95.885,15443.0,,,,,,,,,,,,,,,,,,,,,,,,,97.13216372541655,"rgba(38, 166, 154, 1.0)",0.0,0.0,1.432860806251021,96.11378410333033,-0.15966945451521145,0.0,0.0,0.0,0.0,0.0,0.0,0.0,0.0,48.01300925955419,-3.9161498553693974,False,False,False,True,False,2.9242437717036154,0,,,False,False,False,False,,,False,False,False,False,-46561.0,-5585.470264564201,False,False,False,False,7272.925821717019,False,False,False,False
2025-05-09 14:00:00+00:00,96.66,96.75,96.355,96.4,3806.0,,,,,,,,,,,,,,,,,,,,,,,,,97.12037468087439,"rgba(38, 166, 154, 1.0)",0.0,0.0,1.3894532659930021,96.11930815003905,0.20201604244699592,0.0,0.0,0.0,0.0,0.0,0.0,0.0,0.0,48.485576885684864,-3.9161498553693974,False,False,False,False,False,5.341196886308179,0,,,False,False,False,False,,,False,False,False,False,-42755.0,-6161.742043408167,False,False,False,False,7219.175033783422,False,False,False,False
2025-05-09 15:00:00+00:00,96.4,96.46,95.945,96.45,3040.0,,,,,,,,,,,,,,,,,,,,,,,,,97.10808208811933,"rgba(38, 166, 154, 1.0)",0.0,0.0,1.3643481167883915,96.11735263719298,0.24381414003785104,0.0,0.0,0.0,0.0,0.0,0.0,0.0,0.0,49.10547269106916,-3.9161498553693974,False,False,False,False,False,5.57184575950502,0,,,False,False,False,False,,,False,False,False,False,-39715.0,-6681.947593122768,False,False,False,False,7154.381622406935,False,False,False,False
2025-05-09 16:00:00+00:00,96.45,96.465,96.055,96.165,2245.0,,,,,,,,,,,,,,,,,,,,,,,,,97.0986247342412,"rgba(38, 166, 154, 1.0)",0.0,0.0,1.3279554901366366,96.11504299236593,0.03761948951236099,0.0,0.0,0.0,0.0,0.0,0.0,0.0,0.0,47.77478859484411,-3.9161498553693974,False,False,False,True,False,4.0494658334677816,0,,,False,False,False,False,,,False,False,False,False,-41960.0,-7228.8941420666015,False,False,False,False,7078.267178648688,False,False,False,False
2025-05-09 17:00:00+00:00,96.125,96.425,96.125,96.365,1697.0,,,,,,,,,,,,,,,,,,,,,,,,,97.09222772676966,"rgba(38, 166, 154, 1.0)",0.0,0.0,1.3213371946563206,96.11453605154408,0.1895533929331808,0.0,0.0,0.0,0.0,0.0,0.0,0.0,0.0,48.27485215741045,-3.9161498553693974,False,False,False,False,False,4.996613828023673,1,,,False,False,False,False,,,False,False,False,False,-40263.0,-7741.05082203456,False,False,False,False,6994.83667975491,False,False,False,False
2025-05-09 18:00:00+00:00,96.38,96.43,96.03,96.2,7640.0,,,,,,,,,,,,,,,,,,,,,,,,,97.06168398472771,"rgba(38, 166, 154, 1.0)",0.0,0.0,1.2971414240067005,96.10812022039651,0.07083250746837101,0.0,0.0,0.0,0.0,0.0,0.0,0.0,0.0,47.528368905502276,-3.9161498553693974,False,False,False,True,False,4.107600526040745,1,,,False,False,False,False,,,False,False,False,False,-47903.0,-8363.716700762707,False,False,False,False,7004.839211851733,False,False,False,False
2025-05-09 19:00:00+00:00,96.2,96.2,95.81,95.81,9885.0,,,,,,,,,,,,,,,,,,,,,,,,,97.01306544826315,"rgba(38, 166, 154, 1.0)",0.0,0.0,1.2728489432893022,96.08448472615807,-0.21564595516632146,0.0,0.0,0.0,0.0,0.0,0.0,0.0,0.0,44.7472513356993,-0.12120017491898949,False,False,False,True,False,2.042590709396716,1,,,False,False,False,False,,,False,False,False,False,-57788.0,-9129.984658890417,False,False,False,False,7049.492867481938,False,False,False,False
2025-05-12 14:00:00+00:00,94.705,95.13,94.24,95.01,10269.0,,,,,,,,,,,,,,,,,,,,,,,,,96.91742194547825,"rgba(239, 83, 80, 1.0)",0.0,0.0,1.2484861752258183,95.99862813636399,-0.7918615007372176,0.0,0.0,0.0,0.0,0.0,0.0,0.0,0.0,39.55434330273194,-5.126978131576088,False,True,False,True,False,0.0,0,,,False,False,False,False,,,False,False,False,False,-68057.0,-10043.581795961883,False,False,False,False,7099.407706745784,False,False,False,False
2025-05-12 15:00:00+00:00,95.005,95.34,94.65,94.745,8229.0,,,,,,,,,,,,,,,,,,,,,,,,,96.85047828890798,"rgba(239, 83, 80, 1.0)",0.0,0.0,1.219256818389569,95.94699846275627,-0.985845184236001,0.0,0.0,0.0,0.0,0.0,0.0,0.0,0.0,35.24677439125964,-9.09677404569026,False,True,False,True,False,0.0,0,,,False,False,False,False,,,False,False,False,False,-76286.0,-11070.596031683404,False,False,False,False,7116.920765555926,False,False,False,False
2025-05-12 16:00:00+00:00,94.705,94.92,94.7,94.87,12422.0,,,,,,,,,,,,,,,,,,,,,,,,,96.75356510977765,"rgba(239, 83, 80, 1.0)",0.0,0.0,1.1946512476885756,95.877081782338,-0.8429922827155658,0.0,0.0,0.0,0.0,0.0,0.0,0.0,0.0,33.4539988363799,-10.72035538929483,False,True,False,True,False,0.0,0,,,False,False,False,False,,,False,False,False,False,-63864.0,-11889.098418789088,False,False,False,False,7199.170056012423,False,False,False,False
2025-05-12 17:00:00+00:00,94.865,95.145,94.75,94.78,6358.0,,,,,,,,,,,,,,,,,,,,,,,,,96.70895016758624,"rgba(239, 83, 80, 1.0)",0.0,0.0,1.1737739933171354,95.84791415579649,-0.9098124186399086,0.0,0.0,0.0,0.0,0.0,0.0,0.0,0.0,31.915307569952994,-12.229919064835954,False,True,False,True,False,0.0,0,,,False,False,False,False,,,False,False,False,False,-70222.0,-12793.484489815613,False,False,False,False,7186.128659795176,False,False,False,False
2025-05-12 18:00:00+00:00,94.76,95.085,94.68,94.97,4624.0,,,,,,,,,,,,,,,,,,,,,,,,,96.67816546278459,"rgba(239, 83, 80, 1.0)",0.0,0.0,1.1518198213701525,95.82866196692629,-0.7454828880309303,0.0,0.0,0.0,0.0,0.0,0.0,0.0,0.0,32.686032080122466,-12.229919064835954,False,True,False,True,False,0.0,0,,,False,False,False,False,,,False,False,False,False,-65598.0,-13612.15914888824,False,False,False,False,7146.405734837111,False,False,False,False
2025-05-12 19:00:00+00:00,94.91,94.975,94.585,94.82,30090.0,,,,,,,,,,,,,,,,,,,,,,,,,96.48914830306057,"rgba(239, 83, 80, 1.0)",0.0,0.0,1.145301120953755,95.71348775992664,-0.7801334894203078,0.0,0.0,0.0,0.0,-1.0,94.68,94.575,0.0,32.48077100788718,-12.229919064835954,False,True,False,True,False,0.0,0,,,False,False,False,False,,,False,False,False,False,-95688.0,-14884.652805494623,False,False,False,False,7502.120374607078,False,False,False,False
2025-05-13 14:00:00+00:00,94.53,94.575,94.05,94.32,8103.0,,,,,,,,,,,,,,,,,,,,,,,,,96.43197824890015,"rgba(239, 83, 80, 1.0)",0.0,0.0,1.1477385794888646,95.67475986788958,-1.1803732070180253,0.0,0.0,0.0,0.0,-1.0,94.585,94.425,0.0,30.300342374532136,-14.468771560160825,False,True,False,True,False,0.0,0,,,False,False,False,False,,,False,False,False,False,-103791.0,-16263.045785254395,False,False,False,False,7511.436337791464,False,False,False,False
2025-05-13 15:00:00+00:00,94.3,94.425,94.06,94.17,19420.0,,,,,,,,,,,,,,,,,,,,,,,,,96.30074342716482,"rgba(239, 83, 80, 1.0)",0.0,0.0,1.151279926198984,95.58697879459083,-1.2307856346189137,0.0,0.0,0.0,0.0,0.0,0.0,0.0,0.0,28.32267319015795,-16.578651381887312,False,True,False,True,False,0.0,0,,,False,False,False,False,-0.01514608942385239,-0.01514608942385239,False,False,False,False,-123211.0,-17921.15360253727,False,False,False,False,7696.065231779193,False,False,False,False
2025-05-13 16:00:00+00:00,94.18,94.315,94.015,94.125,4339.0,,,,,,,,,,,,,,,,,,,,,,,,,96.27264910076565,"rgba(239, 83, 80, 1.0)",0.0,0.0,1.1632439419437084,95.56838424919708,-1.2408267923452714,0.0,0.0,0.0,0.0,0.0,0.0,0.0,0.0,26.84141024923625,-18.20034985374051,False,True,False,True,False,0.0,0,0.9741331865712713,0.9506053935057791,False,False,False,False,-0.021325699780916137,-0.018235894602384263,False,False,False,False,-127550.0,-19620.825639707236,False,False,False,False,7644.017708805872,False,False,False,False
2025-05-13 17:00:00+00:00,94.12,94.3,93.94,94.16,4617.0,,,,,,,,,,,,,,,,,,,,,,,,,96.24329881922013,"rgba(239, 83, 80, 1.0)",0.0,0.0,1.1723425075272258,95.54904053965578,-1.1848419132951407,0.0,0.0,0.0,0.0,0.0,0.0,0.0,0.0,26.291275755596324,-18.98367923369353,False,True,False,True,False,0.0,0,0.9651429764141096,0.951436721630836,False,False,False,False,-0.024914577821543136,-0.0215752362119637,False,False,False,False,-122933.0,-21222.564777076113,False,False,False,False,7597.087201692601,False,False,False,False
2025-05-13 18:00:00+00:00,94.155,94.32,94.03,94.09,5032.0,,,,,,,,,,,,,,,,,,,,,,,,,96.21241047719148,"rgba(239, 83, 80, 1.0)",0.0,0.0,1.1859847582693104,95.52893848256367,-1.2132858137768079,0.0,0.0,0.0,0.0,0.0,0.0,0.0,0.0,25.61100987686173,-19.93416505222345,False,True,False,True,False,0.0,0,0.9699148401507748,0.9382940108892928,False,False,False,False,-0.02535897361440697,-0.023467104913185335,False,False,False,False,-127965.0,-22877.48625340051,False,False,False,False,7557.31840786791,False,False,False,False
2025-05-13 19:00:00+00:00,94.1,94.18,93.48,93.52,17083.0,,,,,,,,,,,,,,,,,,,,,,,,,96.09400904982843,"rgba(239, 83, 80, 1.0)",0.0,0.0,1.2159209870904906,95.44597845065431,-1.5839667799984924,0.0,0.0,0.0,0.0,0.0,0.0,0.0,0.0,23.097368472170754,-22.54757608075093,False,True,False,True,False,0.0,0,0.9596555794736477,0.9409068814665651,False,False,False,False,-0.06896865891392599,-0.046217881913555664,False,False,False,False,-145048.0,-24771.602745595854,False,False,False,False,7705.003393792438,False,False,False,False
2025-05-14 14:00:00+00:00,87.78,87.86,87.145,87.53,36051.0,,,,,,,,,,,,,,,,,,,,,,,,,95.31010749228307,"rgba(239, 83, 80, 1.0)",0.0,0.0,1.5684256466308073,94.74645627443175,-4.6010828055086215,0.0,0.0,0.0,0.0,0.0,0.0,0.0,0.0,16.899205123106903,-28.363977872046892,False,True,False,True,False,0.0,0,0.9498364231188658,0.9588812624286359,False,False,False,False,-0.34282825441539394,-0.1945230681644748,False,False,False,False,-181099.0,-27195.283323183514,False,False,False,False,8144.476209392555,False,False,False,False
2025-05-14 15:00:00+00:00,87.56,87.67,86.65,87.595,30927.0,,,,,,,,,,,,,,,,,,,,,,,,,94.72843182839858,"rgba(239, 83, 80, 1.0)",0.0,0.0,1.8464806627306132,93.25342154700782,-3.0644358542266183,0.0,0.0,0.0,0.0,0.0,0.0,0.0,0.0,13.056214680163716,-31.767814553918157,False,True,False,True,False,0.0,0,0.9439693682195279,0.9636885768985326,False,False,False,False,-0.34282825441539394,-0.26867566128993436,False,False,False,False,-150172.0,-29101.899085614776,False,False,False,False,8497.693632502747,False,False,False,False
2025-05-14 16:00:00+00:00,87.63,88.77,87.53,88.655,18749.0,,,,,,,,,,,,,,,,,,,,,,,,,94.45797552795598,"rgba(239, 83, 80, 1.0)",0.0,0.0,2.029628339918035,93.11544052567908,-2.1976636992855587,0.0,0.0,0.0,0.0,0.0,0.0,0.0,0.0,14.999538418292545,-31.767814553918157,False,True,False,True,True,0.0,0,0.953583792793948,0.9633927426593156,False,False,False,False,-0.27982919411707957,-0.274252427703507,False,False,False,False,-131423.0,-30688.272743202142,False,False,False,False,8656.628614944564,False,False,False,False
2025-05-14 17:00:00+00:00,88.61,89.43,88.34,88.345,17977.0,,,,,,,,,,,,,,,,,,,,,,,,,94.23428851932599,"rgba(239, 83, 80, 1.0)",0.0,0.0,2.210807876878653,92.9975956631502,-2.1044776037793924,0.0,0.0,0.0,0.0,0.0,0.0,0.0,0.0,16.012530153464894,-31.767814553918157,False,True,False,True,True,0.0,0,0.9632484076433124,0.9561146496815289,False,False,False,False,-0.23444390539964946,-0.2543481665515782,False,False,False,False,-149400.0,-32528.764638656372,False,False,False,False,8801.130496883408,False,False,False,False
2025-05-14 18:00:00+00:00,88.335,88.4,87.755,88.045,22972.0,,,,,,,,,,,,,,,,,,,,,,,,,93.9423520460727,"rgba(239, 83, 80, 1.0)",0.0,0.0,2.386329497045345,92.79515261568078,-1.9905686207886293,0.0,0.0,0.0,0.0,0.0,0.0,0.0,0.0,16.407730442739346,-31.767814553918157,False,True,False,True,True,0.0,0,0.9638954565786952,0.9649817879736726,False,False,False,False,-0.2843645712936459,-0.26935636892261205,False,False,False,False,-172372.0,-34696.87681480123,False,False,False,False,9020.833900032503,False,False,False,False
2025-05-14 19:00:00+00:00,88.12,88.21,87.27,87.285,30530.0,,,,,,,,,,,,,,,,,,,,,,,,,93.5662966204646,"rgba(239, 83, 80, 1.0)",0.0,0.0,2.577617899541405,92.51355258999335,-2.028443622665559,0.0,0.0,0.0,0.0,0.0,0.0,0.0,0.0,15.999247333306554,-31.767814553918157,False,True,False,True,True,0.0,0,0.9577025823686555,0.9636178603231145,False,False,False,False,-0.3056316320346043,-0.2874940004786082,False,False,False,False,-202902.0,-37304.708182013615,False,False,False,False,9354.309343442852,False,False,False,False
2025-05-15 14:00:00+00:00,87.805,87.89,86.7,86.765,24528.0,,,,,,,,,,,,,,,,,,,,,,,,,93.2736206723195,"rgba(239, 83, 80, 1.0)",0.0,0.0,2.772786452598163,92.28572741067838,-1.9910395210945042,0.0,0.0,0.0,0.0,0.0,0.0,0.0,0.0,15.308112904277426,-31.767814553918157,False,True,False,True,True,0.0,0,0.9469682689286838,0.9677662582469371,False,False,False,False,-0.3340919516592505,-0.3107929760689293,False,False,False,False,-227430.0,-40252.38712492814,False,False,False,False,9589.560361373971,False,False,False,False
2025-05-15 15:00:00+00:00,86.76,87.535,86.76,87.535,25360.0,,,,,,,,,,,,,,,,,,,,,,,,,93.00479879084192,"rgba(239, 83, 80, 1.0)",0.0,0.0,2.921989827078412,92.08394875939003,-1.556798287671779,0.0,0.0,0.0,0.0,0.0,0.0,0.0,0.0,18.323563830698504,-36.37511485772965,False,True,False,True,True,0.0,0,0.9488877780554864,0.9728192951762064,False,False,False,False,-0.34282825441539394,-0.3268106152421616,False,False,False,False,-202070.0,-42761.18732454165,False,False,False,False,9834.063301507707,False,False,False,False
2025-05-15 16:00:00+00:00,87.535,87.57,87.26,87.56,13783.0,,,,,,,,,,,,,,,,,,,,,,,,,92.8730037076597,"rgba(239, 83, 80, 1.0)",0.0,0.0,3.0601104393307543,91.98792994445422,-1.4469837060595134,0.0,0.0,0.0,0.0,0.0,0.0,0.0,0.0,20.444960924169706,-34.223602655462955,False,True,False,True,True,0.0,0,0.9526239526239528,0.9812889812889818,False,False,False,False,-0.32558378365340657,-0.3261971994477841,False,False,False,False,-188287.0,-45017.40147454875,False,False,False,False,9895.287126290534,False,False,False,False
2025-05-15 17:00:00+00:00,87.56,87.83,87.525,87.7,9748.0,,,,,,,,,,,,,,,,,,,,,,,,,92.7871810016591,"rgba(239, 83, 80, 1.0)",0.0,0.0,3.182023956455954,91.9273019815099,-1.3284947063120613,0.0,0.0,0.0,0.0,0.0,0.0,0.0,0.0,22.537230061748545,-32.13454421882758,False,True,False,True,True,0.0,0,0.9494559716599192,0.9850708502024296,False,False,False,False,-0.30884164578947315,-0.31751942261862864,False,False,False,False,-178539.0,-47087.503777268925,False,False,False,False,9893.003604952695,False,False,False,False
2025-05-15 18:00:00+00:00,87.715,87.755,87.495,87.74,6480.0,,,,,,,,,,,,,,,,,,,,,,,,,92.73144858265253,"rgba(239, 83, 80, 1.0)",0.0,0.0,3.293552679440907,91.8877722432837,-1.2593611358260743,0.0,0.0,0.0,0.0,0.0,0.0,0.0,0.0,24.142295420705334,-30.50516927314724,False,True,False,True,True,0.0,0,0.9486414423565265,0.9850812595226008,False,False,False,False,-0.3121764023359943,-0.3148479124773115,False,False,False,False,-172059.0,-49025.046354365535,False,False,False,False,9840.088820379786,False,False,False,False
2025-05-15 19:00:00+00:00,87.74,87.83,87.56,87.58,14108.0,,,,,,,,,,,,,,,,,,,,,,,,,92.6140521712467,"rgba(239, 83, 80, 1.0)",0.0,0.0,3.4025988649907206,91.80433076042007,-1.2415012547861983,0.0,0.0,0.0,0.0,0.0,0.0,0.0,0.0,24.87239776916774,-29.6466204362739,False,True,False,True,True,0.0,0,0.9538579851320176,0.9851320174314284,False,False,False,False,-0.3077315416573822,-0.3112897270673468,False,False,False,False,-186167.0,-51151.27819383274,False,False,False,False,9906.257985955292,False,False,False,False
2025-05-16 14:00:00+00:00,89.425,89.52,89.025,89.06,9105.0,,,,,,,,,,,,,,,,,,,,,,,,,92.56385560018222,"rgba(239, 83, 80, 1.0)",0.0,0.0,3.4636796517186483,91.77935769109376,-0.7851065815929138,0.0,0.0,0.0,0.0,0.0,0.0,0.0,0.0,32.22334009791647,-22.767805859599378,False,False,False,True,True,0.0,0,0.9563467102780225,0.9678575921499566,False,False,False,False,-0.210288776033823,-0.2607892515505849,False,False,False,False,-177062.0,-53103.382407881836,False,False,False,False,9893.835381521876,False,False,False,False
2025-05-16 15:00:00+00:00,89.095,89.33,88.97,89.14,7947.0,,,,,,,,,,,,,,,,,,,,,,,,,92.52053766974153,"rgba(239, 83, 80, 1.0)",0.0,0.0,3.5197321803827193,91.75690487107805,-0.7434954527686531,0.0,0.0,0.0,0.0,0.0,0.0,0.0,0.0,37.41967668051904,-18.193618858283926,True,False,False,True,True,0.0,0,0.9574360593621725,0.970760972529208,False,False,False,False,-0.21769442234800535,-0.23924183694929513,False,False,False,False,-169115.0,-54902.01213799219,False,False,False,False,9863.651887234715,False,False,False,False
2025-05-16 16:00:00+00:00,89.14,89.325,89.1,89.26,4093.0,,,,,,,,,,,,,,,,,,,,,,,,,92.49918275747672,"rgba(239, 83, 80, 1.0)",0.0,0.0,3.571646523928697,91.74604338956749,-0.6960496714643856,0.0,0.0,0.0,0.0,0.0,0.0,0.0,0.0,41.36110813099863,-14.81997446332393,True,False,False,True,True,0.0,0,0.9628314093619181,0.9656222250412285,False,False,False,False,-0.21391314295524516,-0.22657748995227014,False,False,False,False,-165022.0,-56609.29877151169,False,False,False,False,9774.184416114796,False,False,False,False
2025-05-16 17:00:00+00:00,89.26,89.59,89.135,89.16,5143.0,,,,,,,,,,,,,,,,,,,,,,,,,92.47327811007447,"rgba(239, 83, 80, 1.0)",0.0,0.0,3.619466995751359,91.73309106956596,-0.710903310511281,0.0,0.0,0.0,0.0,0.0,0.0,0.0,0.0,43.57716676035331,-12.94166210866436,True,False,False,True,True,0.0,0,0.9628264599351848,0.9631441824998416,False,False,False,False,-0.20486238578474295,-0.21571993786850654,False,False,False,False,-170165.0,-58369.85227893011,False,False,False,False,9702.383107337822,False,False,False,False
2025-05-16 18:00:00+00:00,89.135,89.455,89.11,89.39,4387.0,,,,,,,,,,,,,,,,,,,,,,,,,92.45166991136534,"rgba(239, 83, 80, 1.0)",0.0,0.0,3.6591120963060635,91.72227883883681,-0.6373892839170708,0.0,0.0,0.0,0.0,0.0,0.0,0.0,0.0,46.11035865702713,-10.61719386270208,True,False,False,True,True,0.0,0,0.9588194046025372,0.9682539682539688,False,False,False,False,-0.20968524632968297,-0.21270259209909476,False,False,False,False,-165778.0,-60035.09487925677,False,False,False,False,9619.974066913981,False,False,False,False
2025-05-16 19:00:00+00:00,89.405,89.815,89.385,89.76,25683.0,,,,,,,,,,,,,,,,,,,,,,,,,92.34379230678785,"rgba(239, 83, 80, 1.0)",0.0,0.0,3.6865878435116572,91.4220488933,-0.45083664457505845,0.0,0.0,0.0,0.0,0.0,0.0,0.0,0.0,49.41534536190237,-7.507186863980586,True,False,False,False,True,0.0,0,0.9586861035075437,0.9639060411229238,False,False,False,False,-0.19059881914601856,-0.20165070562255666,False,False,False,False,-140095.0,-61276.333718338065,False,False,False,False,9869.013228667252,False,False,False,False
2025-05-19 14:00:00+00:00,89.01,89.105,88.68,89.065,6967.0,,,,,,,,,,,,,,,,,,,,,,,,,92.30866874287588,"rgba(239, 83, 80, 1.0)",0.0,0.0,3.719411161378556,91.38482897109787,-0.6237086652818614,0.0,0.0,0.0,0.0,0.0,0.0,0.0,0.0,48.379362222205984,-7.507186863980586,True,False,False,False,True,0.0,0,0.945189025161209,0.9712353015551907,False,False,False,False,-0.23333940497622896,-0.2174950552993928,False,False,False,False,-147062.0,-62606.34404828631,False,False,False,False,9824.020775509622,False,False,False,False
2025-05-19 15:00:00+00:00,89.09,89.11,88.885,88.905,5605.0,,,,,,,,,,,,,,,,,,,,,,,,,92.28107257259396,"rgba(239, 83, 80, 1.0)",0.0,0.0,3.7534027240637244,91.36047344149296,-0.6541993018096576,0.0,0.0,0.0,0.0,0.0,0.0,0.0,0.0,47.0250840243292,-7.507186863980586,True,False,False,True,True,0.0,0,0.9512954025908053,0.968884937769876,False,False,False,False,-0.22694675673684406,-0.22222090601811845,False,False,False,False,-152667.0,-64002.633287847755,False,False,False,False,9758.60960069552,False,False,False,False
2025-05-19 16:00:00+00:00,88.885,89.07,88.86,89.06,3538.0,,,,,,,,,,,,,,,,,,,,,,,,,92.26404223060857,"rgba(239, 83, 80, 1.0)",0.0,0.0,3.776144481365101,91.34701135624934,-0.6056472064391369,0.0,0.0,0.0,0.0,0.0,0.0,0.0,0.0,46.95299062534915,-7.507186863980586,True,False,False,True,False,0.0,0,0.9452184927169095,0.969157694743509,False,False,False,False,-0.22892346239469474,-0.2255721842064066,False,False,False,False,-149129.0,-65322.42191904392,False,False,False,False,9662.166040994813,False,False,False,False
2025-05-19 17:00:00+00:00,89.055,89.285,89.055,89.15,2184.0,,,,,,,,,,,,,,,,,,,,,,,,,92.25414908350363,"rgba(239, 83, 80, 1.0)",0.0,0.0,3.8067961950004925,91.34065470707725,-0.5754588884885024,0.0,0.0,0.0,0.0,0.0,0.0,0.0,0.0,47.40858700699293,-7.507186863980586,True,False,False,True,False,0.0,0,0.9478403637282143,0.9665319525132613,False,False,False,False,-0.2164837509526226,-0.2210279675795146,False,False,False,False,-146945.0,-66587.88824588044,False,False,False,False,9546.2254822197,False,False,False,False
2025-05-19 18:00:00+00:00,89.15,89.175,88.96,89.15,4216.0,,,,,,,,,,,,,,,,,,,,,,,,,92.23481049039891,"rgba(239, 83, 80, 1.0)",0.0,0.0,3.838742433202365,91.32763709303926,-0.5672787718718127,0.0,0.0,0.0,0.0,0.0,0.0,0.0,0.0,47.71231792808878,-7.507186863980586,True,False,False,True,False,0.0,0,0.946785062031614,0.9680080609610181,False,False,False,False,-0.22269513091204252,-0.22186154924577856,False,False,False,False,-146945.0,-67833.73493974276,False,False,False,False,9463.586327456602,False,False,False,False
2025-05-19 19:00:00+00:00,89.165,89.46,89.115,89.3,32809.0,,,,,,,,,,,,,,,,,,,,,,,,,92.10098227757342,"rgba(239, 83, 80, 1.0)",0.0,0.0,3.8630367005180637,91.2585396448317,-0.5069948324770115,0.0,0.0,0.0,0.0,0.0,0.0,0.0,0.0,48.88867661231056,-6.098516066568202,True,False,False,False,False,0.0,0,0.9489591171306747,0.9645723601705547,False,False,False,False,-0.20938353795258055,-0.21562254359917954,False,False,False,False,-114136.0,-68551.59951432039,False,False,False,False,9825.53072548053,False,False,False,False
2025-05-20 14:00:00+00:00,89.13,89.38,89.06,89.13,5939.0,,,,,,,,,,,,,,,,,,,,,,,,,92.07721737668155,"rgba(239, 83, 80, 1.0)",0.0,0.0,3.887123333624846,91.24499262424516,-0.5441022686236391,0.0,0.0,0.0,0.0,0.0,0.0,0.0,0.0,48.52454638395581,-6.0360466129473025,True,False,False,False,False,0.0,0,0.9484761428928304,0.9657132150886839,False,False,False,False,-0.21345979610602722,-0.21454116985260338,False,False,False,False,-120075.0,-69350.41192495108,False,False,False,False,9765.274435163003,False,False,False,False
2025-05-20 15:00:00+00:00,89.12,89.235,88.885,88.99,3300.0,,,,,,,,,,,,,,,,,,,,,,,,,92.0634869606111,"rgba(239, 83, 80, 1.0)",0.0,0.0,3.9087798757562475,91.23622335403726,-0.5746610004746515,0.0,0.0,0.0,0.0,0.0,0.0,0.0,0.0,47.34758479152872,-6.0360466129473025,True,False,False,True,False,0.0,1,0.9465240641711231,0.9676657132197491,False,False,False,False,-0.2231502810053289,-0.21884572542896613,False,False,False,False,-123375.0,-70188.00243774253,False,False,False,False,9665.037622214739,False,False,False,False
2025-05-20 16:00:00+00:00,88.995,89.085,88.375,88.38,4790.0,,,,,,,,,,,,,,,,,,,,,,,,,92.04101949572411,"rgba(239, 83, 80, 1.0)",0.0,0.0,3.942170736677575,91.21842858753628,-0.7200166550697107,0.0,0.0,0.0,0.0,0.0,0.0,0.0,0.0,43.21457646961276,-2.534355592525195,True,False,False,True,False,0.0,0,0.9520714865962632,0.9710054364806604,False,False,False,False,-0.24327004694047272,-0.23105788618471942,False,False,False,False,-128165.0,-71086.87061700234,False,False,False,False,9589.455643575751,False,False,False,False
2025-05-20 17:00:00+00:00,88.38,88.44,88.235,88.38,12888.0,,,,,,,,,,,,,,,,,,,,,,,,,91.97749044804979,"rgba(239, 83, 80, 1.0)",0.0,0.0,3.933864193829697,91.16500024354775,-0.7079553605119504,0.0,0.0,0.0,0.0,0.0,0.0,0.0,0.0,40.459237588335455,-5.16613847243292,True,False,False,True,False,0.0,0,0.9542487762018326,0.9678674532446345,False,False,False,False,-0.26745596042456354,-0.2492569233046415,False,False,False,False,-128165.0,-71971.80285549842,False,False,False,False,9640.595866155973,False,False,False,False
2025-05-20 18:00:00+00:00,88.4,88.54,87.73,87.74,14983.0,,,,,,,,,,,,,,,,,,,,,,,,,91.89949445095012,"rgba(239, 83, 80, 1.0)",0.0,0.0,3.9488208617507654,91.09623983659067,-0.8499346904034127,0.0,0.0,0.0,0.0,0.0,0.0,0.0,0.0,35.958500282517406,-9.312711164361893,True,False,False,True,False,0.0,0,0.9482414567223747,0.9638313793963584,False,False,False,False,-0.2800529093204688,-0.2646549163125551,False,False,False,False,-143148.0,-73075.3097879713,False,False,False,False,9723.423837223321,False,False,False,False
2025-05-20 19:00:00+00:00,87.745,88.095,87.47,87.99,30575.0,,,,,,,,,,,,,,,,,,,,,,,,,91.74362425992649,"rgba(239, 83, 80, 1.0)",0.0,0.0,3.9444606934487263,90.96304363344132,-0.753726266908728,0.0,0.0,0.0,0.0,0.0,0.0,0.0,0.0,35.181243827685705,-9.97472816294625,False,False,False,True,False,0.0,0,0.9501588686063173,0.9675409631798645,False,False,False,False,-0.3021919755195567,-0.2834234459160559,False,False,False,False,-112573.0,-73687.67707808026,False,False,False,False,10046.704087809005,False,False,False,False
2025-05-21 14:00:00+00:00,88.72,89.04,88.52,88.59,9922.0,,,,,,,,,,,,,,,,,,,,,,,,,91.70626598758679,"rgba(239, 83, 80, 1.0)",0.0,0.0,3.926668219534996,90.94034739130234,-0.598560219478046,0.0,0.0,0.0,0.0,0.0,0.0,0.0,0.0,39.038866049482195,-9.97472816294625,True,False,False,True,True,0.0,0,0.959794643409414,0.9562070885136391,False,False,False,False,-0.24020953581140878,-0.2618164908637323,False,False,False,False,-102651.0,-74136.72084431157,False,False,False,False,10044.770691098787,False,False,False,False
2025-05-21 15:00:00+00:00,88.605,88.76,88.435,88.47,20703.0,,,,,,,,,,,,,,,,,,,,,,,,,91.62715130187046,"rgba(239, 83, 80, 1.0)",0.0,0.0,3.907071119103099,90.88854929483988,-0.6190184977731031,0.0,0.0,0.0,0.0,0.0,0.0,0.0,0.0,40.94663092307939,-14.319619419358823,True,False,False,True,True,0.0,0,0.9584785856573703,0.9643301792828686,False,False,False,False,-0.2514022284575562,-0.25660935966064424,False,False,False,False,-123354.0,-74899.77943587262,False,False,False,False,10210.014556353068,False,False,False,False
2025-05-21 16:00:00+00:00,88.5,88.51,88.255,88.305,3985.0,,,,,,,,,,,,,,,,,,,,,,,,,91.6114228654343,"rgba(239, 83, 80, 1.0)",0.0,0.0,3.8861646775324252,90.87748802504163,-0.6619606317545604,0.0,0.0,0.0,0.0,0.0,0.0,0.0,0.0,41.295933791231086,-13.894736331055611,True,False,False,True,True,0.0,0,0.9465639211723089,0.9743557352198079,False,False,False,False,-0.2646679928936727,-0.2606386762771585,False,False,False,False,-127339.0,-75712.7906074095,False,False,False,False,10113.502702766198,False,False,False,False
2025-05-21 17:00:00+00:00,88.295,88.365,87.68,87.84,3822.0,,,,,,,,,,,,,,,,,,,,,,,,,91.59466568001012,"rgba(239, 83, 80, 1.0)",0.0,0.0,3.868286247874539,90.86433439508562,-0.7818279727223811,0.0,0.0,0.0,0.0,0.0,0.0,0.0,0.0,39.23451659980789,-13.894736331055611,True,False,False,True,True,0.0,0,0.9338931683293342,0.9837732036873345,False,False,False,False,-0.2870885886539061,-0.27386363246553225,False,False,False,False,-131161.0,-76572.45276853493,False,False,False,False,10015.96002520393,False,False,False,False
2025-05-21 18:00:00+00:00,87.82,88.115,87.675,87.7,3572.0,,,,,,,,,,,,,,,,,,,,,,,,,91.57858054041421,"rgba(239, 83, 80, 1.0)",0.0,0.0,3.8521583244664965,90.85137510553025,-0.8180803695202995,0.0,0.0,0.0,0.0,0.0,0.0,0.0,0.0,37.24467919875147,-13.894736331055611,True,False,False,True,False,0.0,0,0.9258115348250863,0.9906082571698711,False,False,False,False,-0.2950959833585502,-0.2844798079120412,False,False,False,False,-134733.0,-77474.16667910028,False,False,False,False,9916.053668224025,False,False,False,False
2025-05-21 19:00:00+00:00,87.7,87.805,87.45,87.53,17448.0,,,,,,,,,,,,,,,,,,,,,,,,,91.49714095117798,"rgba(239, 83, 80, 1.0)",0.0,0.0,3.833263555573271,90.78347406758897,-0.8487478151244431,0.0,0.0,0.0,0.0,0.0,0.0,0.0,0.0,35.17485170537159,-9.74467547071307,False,False,False,True,False,0.0,0,0.9289828470156336,0.9932907146021902,False,False,False,False,-0.3120174523279639,-0.2982486301200026,False,False,False,False,-152181.0,-78632.41215694368,False,False,False,False,10032.828029956987,False,False,False,False
2025-05-22 14:00:00+00:00,86.59,86.795,86.385,86.565,8589.0,,,,,,,,,,,,,,,,,,,,,,,,,91.44816582371476,"rgba(239, 83, 80, 1.0)",0.0,0.0,3.8289360223256272,90.73731405120219,-1.0896797509476286,0.0,0.0,0.0,0.0,0.0,0.0,0.0,0.0,30.694009997174213,-13.99459364965643,False,False,False,True,False,0.0,0,0.9228295819935689,0.9989281886387998,False,False,False,False,-0.34282825441539394,-0.32053844226769823,False,False,False,False,-160770.0,-79905.86313125463,False,False,False,False,10010.44309925998,False,False,False,False
2025-05-22 15:00:00+00:00,86.59,86.59,86.2,86.28,8951.0,,,,,,,,,,,,,,,,,,,,,,,,,91.39584210772047,"rgba(239, 83, 80, 1.0)",0.0,0.0,3.825195152532047,90.68755506019991,-1.152243188764468,0.0,0.0,0.0,0.0,0.0,0.0,0.0,0.0,27.050659299536285,-17.338274072934773,False,True,False,True,False,0.0,0,0.9178783664180046,1.001011505879378,False,False,False,False,-0.34282825441539394,-0.3316833483415461,False,False,False,False,-169721.0,-81298.34587340572,False,False,False,False,9994.017624852848,False,False,False,False
2025-05-22 16:00:00+00:00,86.315,86.41,85.765,85.81,8094.0,,,,,,,,,,,,,,,,,,,,,,,,,91.3461154956707,"rgba(239, 83, 80, 1.0)",0.0,0.0,3.8359637512495603,90.63936309550294,-1.2589699508838639,0.0,0.0,0.0,0.0,0.0,0.0,0.0,0.0,23.673991601569544,-20.409928690615857,False,True,False,True,False,0.0,0,0.9079514045124378,1.0160699363630523,False,False,False,False,-0.34282825441539394,-0.33725580137847,False,False,False,False,-177815.0,-82794.72810792655,False,False,False,False,9964.55998725823,False,False,False,False
2025-05-22 17:00:00+00:00,85.79,86.18,85.72,86.08,6250.0,,,,,,,,,,,,,,,,,,,,,,,,,91.3083280924385,"rgba(239, 83, 80, 1.0)",0.0,0.0,3.852440887644154,90.60309773753141,-1.1740862142851416,0.0,0.0,0.0,0.0,0.0,0.0,0.0,0.0,23.778628284405887,-20.409928690615857,False,True,False,True,False,0.0,0,0.9198388982720537,1.0143562426919581,False,False,False,False,-0.34282825441539394,-0.34004202789693194,False,False,False,False,-171565.0,-84171.01139307498,False,False,False,False,9906.969909936397,False,False,False,False
2025-05-22 18:00:00+00:00,86.08,86.195,86.05,86.12,4788.0,,,,,,,,,,,,,,,,,,,,,,,,,91.28042918867177,"rgba(239, 83, 80, 1.0)",0.0,0.0,3.863715594890217,90.57679507281415,-1.1534997758914447,0.0,0.0,0.0,0.0,0.0,0.0,0.0,0.0,24.202589921286222,-20.409928690615857,False,True,False,True,False,0.0,0,0.9257325588983876,1.0021536252692036,False,False,False,False,-0.3327397283587833,-0.3363908781278576,False,False,False,False,-166777.0,-85451.72439473274,False,False,False,False,9827.606035363739,False,False,False,False
2025-05-22 19:00:00+00:00,86.125,86.415,86.05,86.1,17057.0,,,,,,,,,,,,,,,,,,,,,,,,,91.18468752595007,"rgba(239, 83, 80, 1.0)",0.0,0.0,3.871298257458065,90.48815956990796,-1.133511106113865,0.0,0.0,0.0,0.0,0.0,0.0,0.0,0.0,24.420081975221564,-20.409928690615857,False,True,False,True,False,0.0,0,0.9254845468831845,1.0008512310110007,False,False,False,False,-0.3263405306866362,-0.3313657044072469,False,False,False,False,-183834.0,-86977.03099326401,False,False,False,False,9939.68966272244,False,False,False,False
2025-05-23 14:00:00+00:00,85.61,86.05,85.61,85.99,3038.0,,,,,,,,,,,,,,,,,,,,,,,,,91.16699359208167,"rgba(239, 83, 80, 1.0)",0.0,0.0,3.8799039321254027,89.9617260829225,-1.0236660887494702,0.0,0.0,0.0,0.0,0.0,0.0,0.0,0.0,24.183531451085543,-20.893590549375734,False,True,False,True,False,0.0,0,0.921345373642193,1.0003926187671774,False,False,False,False,-0.34282825441539394,-0.33709697941132044,False,False,False,False,-186872.0,-88525.79020267077,False,False,False,False,9832.686722215114,False,False,False,False
2025-05-23 15:00:00+00:00,86.01,86.38,85.98,86.145,9199.0,,,,,,,,,,,,,,,,,,,,,,,,,91.11698127384409,"rgba(239, 83, 80, 1.0)",0.0,0.0,3.880423757856887,89.94498220120707,-0.9792699040956698,0.0,0.0,0.0,0.0,0.0,0.0,0.0,0.0,25.755992626140674,-20.893590549375734,False,True,False,True,True,0.0,0,0.9281547033759421,0.9952146837102593,False,False,False,False,-0.3226174242172416,-0.329857201814281,False,False,False,False,-177673.0,-89907.9174863503,False,False,False,False,9822.862121870694,False,False,False,False
2025-05-23 16:00:00+00:00,86.145,86.295,86.095,86.24,3175.0,,,,,,,,,,,,,,,,,,,,,,,,,91.10009461465144,"rgba(239, 83, 80, 1.0)",0.0,0.0,3.8777436924252426,89.93399355272304,-0.9526141606364712,0.0,0.0,0.0,0.0,0.0,0.0,0.0,0.0,27.866288063806913,-20.893590549375734,False,True,False,True,True,0.0,0,0.9269644388731276,1.0005937850498121,False,False,False,False,-0.3217570184398985,-0.32580711012708974,False,False,False,False,-174498.0,-91219.39163384873,False,False,False,False,9719.794492074248,False,False,False,False
2025-05-23 17:00:00+00:00,86.26,86.555,86.2,86.405,2437.0,,,,,,,,,,,,,,,,,,,,,,,,,91.08767716640413,"rgba(239, 83, 80, 1.0)",0.0,0.0,3.8798888079636713,89.92825066298786,-0.9080803181153567,0.0,0.0,0.0,0.0,0.0,0.0,0.0,0.0,31.095662903000434,-23.398246818149815,False,True,False,True,True,0.0,0,0.9239453357100414,0.9977553310886645,False,False,False,False,-0.3113251359898536,-0.31856612305847165,False,False,False,False,-172061.0,-92472.74990309139,False,False,False,False,9606.882949561468,False,False,False,False
2025-05-23 18:00:00+00:00,86.41,86.54,86.33,86.375,3305.0,,,,,,,,,,,,,,,,,,,,,,,,,91.0710419557118,"rgba(239, 83, 80, 1.0)",0.0,0.0,3.8738579985322614,89.91969829797975,-0.915030519787451,0.0,0.0,0.0,0.0,0.0,0.0,0.0,0.0,33.04577671722095,-21.487854384651545,False,False,False,True,True,0.0,0,0.922852210861771,1.003386004514673,False,False,False,False,-0.30805203000366105,-0.3133090765310663,False,False,False,False,-175366.0,-93757.9165712605,False,False,False,False,9509.179337940359,False,False,False,False
2025-05-23 19:00:00+00:00,86.375,86.565,86.125,86.55,6358.0,,,,,,,,,,,,,,,,,,,,,,,,,91.03935943933644,"rgba(239, 83, 80, 1.0)",0.0,0.0,3.8522072086503796,89.90051226442176,-0.8697642891322085,0.0,0.0,0.0,0.0,0.0,0.0,0.0,0.0,36.36568404573161,-18.34401422857929,False,False,False,True,True,0.0,0,0.915276674609478,1.0025152237225314,False,False,False,False,-0.3131780112573006,-0.31324354389418346,False,False,False,False,-169008.0,-94924.58453139599,False,False,False,False,9460.323844328881,False,False,False,False
2025-05-26 14:00:00+00:00,86.55,86.55,86.55,86.55,0.0,,,,,,,,,,,,,,,,,,,,,,,,,91.03935943933644,"rgba(239, 83, 80, 1.0)",0.0,0.0,3.826469148463594,89.90051226442176,-0.8756146030256289,0.0,0.0,0.0,0.0,0.0,0.0,0.0,0.0,38.57895559807205,-16.276364890861046,True,False,False,True,True,0.0,0,0.9204356777578531,1.0035199574948532,False,False,False,False,-0.3015248903622081,-0.30738421712819575,False,False,False,False,-169008.0,-96073.16461618054,False,False,False,False,9313.652156819906,False,False,False,False
2025-05-26 15:00:00+00:00,86.55,86.55,86.55,86.55,0.0,,,,,,,,,,,,,,,,,,,,,,,,,91.03935943933644,"rgba(239, 83, 80, 1.0)",0.0,0.0,3.795664309386316,89.90051226442176,-0.8827209129469824,0.0,0.0,0.0,0.0,0.0,0.0,0.0,0.0,40.05446996629901,-14.847387357257652,True,False,False,True,True,0.0,0,0.9208291541290535,1.006018054162488,False,False,False,False,-0.3015248903622081,-0.3044545537452019,False,False,False,False,-169008.0,-97203.93725779014,False,False,False,False,9169.254448962232,False,False,False,False
2025-05-26 16:00:00+00:00,86.55,86.55,86.55,86.55,0.0,,,,,,,,,,,,,,,,,,,,,,,,,91.03935943933644,"rgba(239, 83, 80, 1.0)",0.0,0.0,3.7599413595196625,89.90051226442176,-0.8911075849464308,0.0,0.0,0.0,0.0,0.0,0.0,0.0,0.0,41.038146211783655,-13.795788017538293,True,False,False,True,True,0.0,0,0.916470509112919,1.0088775304324438,False,False,False,False,-0.3015248903622081,-0.302989722053705,False,False,False,False,-169008.0,-98317.17854061509,False,False,False,False,9027.095465257391,False,False,False,False
2025-05-26 17:00:00+00:00,86.55,86.55,86.55,86.55,0.0,,,,,,,,,,,,,,,,,,,,,,,,,91.03935943933644,"rgba(239, 83, 80, 1.0)",0.0,0.0,3.7226972143258013,89.90051226442176,-0.9000227715346333,0.0,0.0,0.0,0.0,0.0,0.0,0.0,0.0,41.693930375440075,-12.968754120764416,True,False,False,True,True,0.0,0,0.9161882893226174,1.0072263118795168,False,False,False,False,-0.3015248903622081,-0.30225730620795654,False,False,False,False,-169008.0,-99413.16026866756,False,False,False,False,8887.140496803788,False,False,False,False
2025-05-26 18:00:00+00:00,86.55,86.55,86.55,86.55,0.0,,,,,,,,,,,,,,,,,,,,,,,,,91.03935943933644,"rgba(239, 83, 80, 1.0)",0.0,0.0,3.6640641087175743,89.90051226442176,-0.914425120578594,0.0,0.0,0.0,0.0,0.0,0.0,0.0,0.0,42.13111981787769,-12.279176413527217,True,False,False,True,True,0.0,0,0.9127780792186648,1.0103771025501904,False,False,False,False,-0.3015248903622081,-0.3018910982850823,False,False,False,False,-169008.0,-100492.15003194402,False,False,False,False,8749.355372822334,False,False,False,False
2025-05-26 19:00:00+00:00,86.55,86.55,86.55,86.55,0.0,,,,,,,,,,,,,,,,,,,,,,,,,91.03935943933644,"rgba(239, 83, 80, 1.0)",0.0,0.0,3.591074123484486,89.90051226442176,-0.9330111685833714,0.0,0.0,0.0,0.0,0.0,0.0,0.0,0.0,42.422579446169436,-11.678922409336714,True,False,False,True,True,0.0,0,0.912800218340611,1.0115993449781662,False,False,False,False,-0.3015248903622081,-0.3017079943236452,False,False,False,False,-169008.0,-101554.41127175883,False,False,False,False,8613.706452313461,False,False,False,False
2025-05-27 14:00:00+00:00,87.255,87.4,87.125,87.185,2182.0,,,,,,,,,,,,,,,,,,,,,,,,,91.03050297937986,"rgba(38, 166, 154, 1.0)",0.0,0.0,3.5074637367853665,89.6358508742043,-0.6987530187412648,0.0,0.0,0.0,0.0,0.0,0.0,0.0,0.0,51.03284263321635,-3.567997066199041,True,False,True,False,True,0.0,0,0.9123949010035255,1.008068890697044,False,False,False,False,-0.2616127947982262,-0.2816603945609357,False,False,False,False,-166826.0,-102566.37388770055,False,False,False,False,8513.990073207826,False,False,False,False
2025-05-27 15:00:00+00:00,87.12,87.125,86.88,86.91,3802.0,,,,,,,,,,,,,,,,,,,,,,,,,91.01409825382751,"rgba(38, 166, 154, 1.0)",0.0,0.0,3.4277995436885176,89.61570395748257,-0.7893413611261147,0.0,0.0,0.0,0.0,0.0,0.0,0.0,0.0,52.73438145527497,-2.172154758471578,True,False,True,False,True,0.0,0,0.9106209704784523,1.0082796063793693,False,False,False,False,-0.27607676013654636,-0.27886857734874104,False,False,False,False,-170628.0,-103621.59289719356,False,False,False,False,8440.93596354569,False,False,False,False
2025-05-27 16:00:00+00:00,86.91,87.145,86.68,87.12,5678.0,,,,,,,,,,,,,,,,,,,,,,,,,90.98990444832361,"rgba(38, 166, 154, 1.0)",0.0,0.0,3.3578007200659132,89.60427223073016,-0.7398510030343283,0.0,0.0,0.0,0.0,0.0,0.0,0.0,0.0,55.803391086790796,0.5905695892705864,True,False,True,False,True,0.0,0,0.9026603001364253,1.0161664392905871,False,False,False,False,-0.28110959525328433,-0.2799890863010127,False,False,False,False,-164950.0,-104572.42091429133,False,False,False,False,8398.099747056607,False,False,False,False
2025-05-27 17:00:00+00:00,87.115,87.3,86.915,87.06,6193.0,,,,,,,,,,,,,,,,,,,,,,,,,90.96456025728642,"rgba(38, 166, 154, 1.0)",0.0,0.0,3.268147005085042,89.59874262592851,-0.7768140851615224,0.0,0.0,0.0,0.0,0.0,0.0,0.0,0.0,57.00706231897976,1.6863639765263159,True,False,True,False,True,0.0,0,0.9049016930638989,1.0131758601856913,False,False,False,False,-0.2702222916971317,-0.2751056889990722,False,False,False,False,-171143.0,-105604.52291562014,False,False,False,False,8363.912154078986,False,False,False,False
2025-05-27 18:00:00+00:00,87.065,87.09,86.795,86.8,6866.0,,,,,,,,,,,,,,,,,,,,,,,,,90.93543691885641,"rgba(38, 166, 154, 1.0)",0.0,0.0,3.1719700417793075,89.57975964865598,-0.8763511672691222,0.0,0.0,0.0,0.0,0.0,0.0,0.0,0.0,54.524073288624635,1.6863639765263159,True,False,True,False,False,0.0,0,0.9069005528632852,1.0101699542693336,False,False,False,False,-0.27943045284485946,-0.2772680709219658,False,False,False,False,-178009.0,-106727.0729479361,False,False,False,False,8340.6887098297,False,False,False,False
2025-05-27 19:00:00+00:00,86.815,86.995,86.68,86.72,25728.0,,,,,,,,,,,,,,,,,,,,,,,,,90.82739317627447,"rgba(38, 166, 154, 1.0)",0.0,0.0,3.0772149760795844,89.5042783841926,-0.9048046385565865,0.0,0.0,0.0,0.0,0.0,0.0,0.0,0.0,51.971657247624364,1.6863639765263159,True,False,False,False,False,0.0,0,0.910566321988632,1.0097240293090464,False,False,False,False,-0.2853142411045274,-0.2812911560132466,False,False,False,False,-203737.0,-108231.10282471229,False,False,False,False,8610.259427506759,False,False,False,False
2025-05-28 14:00:00+00:00,85.69,85.73,85.365,85.405,7279.0,,,,,,,,,,,,,,,,,,,,,,,,,90.78831929204073,"rgba(239, 83, 80, 1.0)",0.0,0.0,2.984455459105873,89.44773432759594,-1.354596971873428,0.0,0.0,0.0,0.0,0.0,0.0,0.0,0.0,42.442443377405844,-1.2282396259922592,True,False,False,True,False,0.0,0,0.9037267080745337,1.0126248987307593,False,False,False,False,-0.34282825441539394,-0.31205970521432025,False,False,False,False,-211016.0,-109824.66712200356,False,False,False,False,8589.619746460141,False,False,False,False
2025-05-28 15:00:00+00:00,85.41,85.505,85.155,85.36,6542.0,,,,,,,,,,,,,,,,,,,,,,,,,90.75263970862044,"rgba(239, 83, 80, 1.0)",0.0,0.0,2.8877389967780958,89.029394827362,-1.2706809138415938,0.0,0.0,0.0,0.0,0.0,0.0,0.0,0.0,35.942123255922844,-6.820349667290145,False,True,False,True,False,0.0,0,0.8986262434864989,1.0206401840698387,False,False,False,False,-0.34282825441539394,-0.32744397981485707,False,False,False,False,-217558.0,-111494.95135267018,False,False,False,False,8557.873703879362,False,False,False,False
2025-05-28 16:00:00+00:00,85.405,85.55,85.28,85.33,2581.0,,,,,,,,,,,,,,,,,,,,,,,,,90.73881160724059,"rgba(239, 83, 80, 1.0)",0.0,0.0,2.7944915136423765,89.01437292696762,-1.3184412652466304,0.0,0.0,0.0,0.0,0.0,0.0,0.0,0.0,31.50155602611965,-10.52510680586603,False,True,False,True,False,0.0,0,0.8938917737086632,1.0286280404482104,False,False,False,False,-0.3380815860827402,-0.33276278294879863,False,False,False,False,-220139.0,-113179.35520766754,False,False,False,False,8465.208995292085,False,False,False,False
2025-05-28 17:00:00+00:00,85.32,85.495,85.16,85.475,7445.0,,,,,,,,,,,,,,,,,,,,,,,,,90.69924644548351,"rgba(239, 83, 80, 1.0)",0.0,0.0,2.716085136454287,88.97106723690155,-1.28717144760252,0.0,0.0,0.0,0.0,0.0,0.0,0.0,0.0,30.36515646225162,-11.395881441682356,False,True,False,True,False,0.0,0,0.8886072480646704,1.0333630197985892,False,False,False,False,-0.34282825441539394,-0.3377955186820963,False,False,False,False,-212694.0,-114722.21791762619,False,False,False,False,8449.391801566626,False,False,False,False
2025-05-28 18:00:00+00:00,85.46,85.6,85.305,85.5,3503.0,,,,,,,,,,,,,,,,,,,,,,,,,90.68114879557318,"rgba(239, 83, 80, 1.0)",0.0,0.0,2.637592792441276,88.95406105142128,-1.3095505346086054,0.0,0.0,0.0,0.0,0.0,0.0,0.0,0.0,29.93187881899314,-11.945389850504533,False,True,False,True,False,0.0,0,0.8873026767330126,1.0336993822923821,False,False,False,False,-0.3358542543021343,-0.3368248864921153,False,False,False,False,-209191.0,-116186.85019797305,False,False,False,False,8372.703556581097,False,False,False,False
2025-05-28 19:00:00+00:00,85.49,85.595,85.195,85.39,10022.0,,,,,,,,,,,,,,,,,,,,,,,,,90.62932161265155,"rgba(239, 83, 80, 1.0)",0.0,0.0,2.547957095470758,88.9021864731687,-1.3784323446465996,0.0,0.0,0.0,0.0,0.0,0.0,0.0,0.0,29.034854792413377,-13.152008417607178,False,True,False,True,False,0.0,0,0.8855098389982105,1.0359157836796484,False,False,False,False,-0.33905834660675416,-0.3379416165494347,False,False,False,False,-219213.0,-117784.15484606649,False,False,False,False,8398.274044075963,False,False,False,False
2025-05-29 14:00:00+00:00,85.785,86.43,85.785,86.115,5477.0,,,,,,,,,,,,,,,,,,,,,,,,,90.60524347600516,"rgba(239, 83, 80, 1.0)",0.0,0.0,2.4422429839785003,88.89578869057578,-1.1386208124327526,0.0,0.0,0.0,0.0,0.0,0.0,0.0,0.0,36.139963901634744,-13.152008417607178,False,False,False,True,True,0.0,0,0.884510684633183,1.0242275758813126,False,False,False,False,-0.29980319994602694,-0.31887240824773083,False,False,False,False,-213736.0,-119271.78035232903,False,False,False,False,8352.982973625172,False,False,False,False
2025-05-29 15:00:00+00:00,86.12,86.325,85.535,85.54,4607.0,,,,,,,,,,,,,,,,,,,,,,,,,90.58380477116009,"rgba(239, 83, 80, 1.0)",0.0,0.0,2.325673770434258,88.88170322664743,-1.4368753129220917,0.0,0.0,0.0,0.0,0.0,0.0,0.0,0.0,37.17071336430114,-20.752724793767065,False,False,False,True,True,0.0,0,0.8854724009481878,1.0243819844226216,False,False,False,False,-0.3094947144659314,-0.3141835613568311,False,False,False,False,-218343.0,-120807.76825384331,False,False,False,False,8294.90571822013,False,False,False,False
2025-05-29 16:00:00+00:00,85.54,85.82,85.475,85.77,12826.0,,,,,,,,,,,,,,,,,,,,,,,,,90.52374418701785,"rgba(239, 83, 80, 1.0)",0.0,0.0,2.198964543384561,88.83597428784952,-1.3942809114741337,0.0,0.0,0.0,0.0,0.0,0.0,0.0,0.0,39.68870497412479,-18.112286936811344,True,False,False,True,True,0.0,0,0.8945599231666318,1.0318995678123077,False,False,False,False,-0.32503709300848166,-0.31961032718265636,False,False,False,False,-205517.0,-122121.08967626434,False,False,False,False,8365.155241968656,False,False,False,False
2025-05-29 17:00:00+00:00,85.78,86.05,85.725,86.02,4872.0,,,,,,,,,,,,,,,,,,,,,,,,,90.50244313477192,"rgba(239, 83, 80, 1.0)",0.0,0.0,2.0764723681029085,88.8236020213168,-1.350175453516009,0.0,0.0,0.0,0.0,0.0,0.0,0.0,0.0,43.20112034648178,-14.56070782708808,True,False,False,True,True,0.0,0,0.8852538053584953,1.0319581238377304,False,False,False,False,-0.3118235407634076,-0.315716933973032,False,False,False,False,-200645.0,-123338.51464252379,False,False,False,False,8310.997796356738,False,False,False,False
2025-05-29 18:00:00+00:00,86.07,86.505,85.965,86.385,7978.0,,,,,,,,,,,,,,,,,,,,,,,,,90.47064940726312,"rgba(38, 166, 154, 1.0)",0.0,0.0,1.9430244419413207,88.81304429139833,-1.2496210747469583,0.0,0.0,0.0,0.0,0.0,0.0,0.0,0.0,47.87384351572564,-10.019719055911395,True,False,False,False,True,0.0,0,0.885125386465132,1.0258330470628656,False,False,False,False,-0.2928753827415168,-0.3042961583572744,False,False,False,False,-192667.0,-124413.3748806242,False,False,False,False,8305.835039824075,False,False,False,False
2025-05-29 19:00:00+00:00,86.38,86.9,86.25,86.385,18986.0,,,,,,,,,,,,,,,,,,,,,,,,,90.40087551948488,"rgba(38, 166, 154, 1.0)",0.0,0.0,1.7958582028334185,88.60576741738437,-1.2366051027194385,0.0,0.0,0.0,0.0,0.0,0.0,0.0,0.0,50.98899229522154,-6.984652666262598,True,False,True,False,True,0.0,0,0.8873684934332666,1.0268170253730322,False,False,False,False,-0.27453211941905115,-0.2894141388881628,False,False,False,False,-192667.0,-125471.57061890909,False,False,False,False,8471.418992695018,False,False,False,False
2025-05-30 14:00:00+00:00,86.035,86.315,85.75,85.985,8546.0,,,,,,,,,,,,,,,,,,,,,,,,,90.36636922802991,"rgba(38, 166, 154, 1.0)",0.0,0.0,1.631203686995543,88.57269908882898,-1.5863739822677672,0.0,0.0,0.0,0.0,0.0,0.0,0.0,0.0,49.95509569603933,-6.984652666262598,True,False,False,False,True,0.0,0,0.873733223774308,1.0348534648041636,False,False,False,False,-0.30389143982615535,-0.2966527893571591,False,False,False,False,-201213.0,-126645.8563457477,False,False,False,False,8472.575287381916,False,False,False,False
2025-05-30 15:00:00+00:00,85.985,86.26,85.6,85.725,6455.0,,,,,,,,,,,,,,,,,,,,,,,,,90.3397477378914,"rgba(38, 166, 154, 1.0)",0.0,0.0,1.4476890655904016,88.54721529619918,-1.9494623281196255,0.0,0.0,0.0,0.0,0.0,0.0,0.0,0.0,47.56498370303139,-6.984652666262598,True,False,False,True,False,0.0,0,0.8735112936344963,1.03791923340178,False,False,False,False,-0.3094947144659314,-0.3030737519115453,False,False,False,False,-207668.0,-127902.0136117051,False,False,False,False,8441.295050368244,False,False,False,False
2025-05-30 16:00:00+00:00,85.705,86.11,85.065,85.255,3841.0,,,,,,,,,,,,,,,,,,,,,,,,,90.32270649444564,"rgba(38, 166, 154, 1.0)",0.0,0.0,1.2762946085944666,88.52657264853082,-2.5633365733117652,0.0,0.0,0.0,0.0,0.0,0.0,0.0,0.0,43.43159495434095,-6.984652666262598,True,False,False,True,False,0.0,0,0.8831276287664617,1.0388885058263813,False,False,False,False,-0.32835752376066046,-0.3157156378361029,False,False,False,False,-211509.0,-129198.24595881045,False,False,False,False,8369.972646486565,False,False,False,False
2025-05-30 17:00:00+00:00,85.26,85.605,85.245,85.335,2710.0,,,,,,,,,,,,,,,,,,,,,,,,,90.31055339162003,"rgba(38, 166, 154, 1.0)",0.0,0.0,1.2946438238488622,88.51194444081396,-2.4539138736777755,0.0,0.0,0.0,0.0,0.0,0.0,0.0,0.0,41.38874459531597,-1.091210095597603,True,False,False,True,False,0.0,0,0.8863400815311265,1.0413874110412498,False,False,False,False,-0.3373858132770065,-0.32655072555655473,False,False,False,False,-208799.0,-130432.36617650332,False,False,False,False,8282.221132587549,False,False,False,False
2025-05-30 18:00:00+00:00,85.33,85.63,85.33,85.585,4092.0,,,,,,,,,,,,,,,,,,,,,,,,,90.29276105035783,"rgba(38, 166, 154, 1.0)",0.0,0.0,1.3073723113022289,88.49324625904784,-2.2244973630740565,0.0,0.0,0.0,0.0,0.0,0.0,0.0,0.0,42.19818812706385,-1.091210095597603,True,False,False,True,False,0.0,0,0.8905935439083646,1.0394307532106912,False,False,False,False,-0.3343242127463646,-0.33043746915145966,False,False,False,False,-204707.0,-131583.91088694512,False,False,False,False,8217.25646386526,False,False,False,False
2025-05-30 19:00:00+00:00,85.585,86.12,85.57,85.94,7424.0,,,,,,,,,,,,,,,,,,,,,,,,,90.26323390255989,"rgba(38, 166, 154, 1.0)",0.0,0.0,1.3037377382316808,88.47238200904748,-1.9424014008233488,0.0,0.0,0.0,0.0,0.0,0.0,0.0,0.0,45.40368046513488,-1.091210095597603,True,False,False,True,True,0.0,1,0.8862047483906689,1.036408943033156,False,False,False,False,-0.31415564846869054,-0.32229655881007513,False,False,False,False,-197283.0,-132602.50141582967,False,False,False,False,8204.957914037892,False,False,False,False
2025-06-02 14:00:00+00:00,84.83,85.445,84.745,85.18,8317.0,,,,,,,,,,,,,,,,,,,,,,,,,90.22501962626511,"rgba(38, 166, 154, 1.0)",0.0,0.0,1.3157050759369335,88.42763002386766,-2.468357144214079,0.0,0.0,0.0,0.0,0.0,0.0,0.0,0.0,43.13107276901448,-1.091210095597603,True,False,False,True,True,0.0,1,0.8724437452978587,1.0387114424457975,False,False,False,False,-0.34282825441539394,-0.3325624066127345,False,False,False,False,-205600.0,-133734.24557992534,False,False,False,False,8206.695000641956,False,False,False,False
2025-06-02 15:00:00+00:00,85.18,85.645,85.06,85.475,3375.0,,,,,,,,,,,,,,,,,,,,,,,,,90.21048618618589,"rgba(38, 166, 154, 1.0)",0.0,0.0,1.3244064351266072,88.41386342066443,-2.219004183850474,0.0,0.0,0.0,0.0,0.0,0.0,0.0,0.0,43.66938997882548,-1.091210095597603,True,False,False,True,True,0.0,1,0.8799096756534824,1.0368140139592177,False,False,False,False,-0.3287421549212668,-0.33065228076700065,False,False,False,False,-202225.0,-134796.1177414769,False,False,False,False,8131.785000632003,False,False,False,False
2025-06-02 16:00:00+00:00,85.5,85.5,85.015,85.215,3070.0,,,,,,,,,,,,,,,,,,,,,,,,,90.19693257067449,"rgba(38, 166, 154, 1.0)",0.0,0.0,1.3414012943305937,88.40012943662045,-2.3744791734452098,0.0,0.0,0.0,0.0,0.0,0.0,0.0,0.0,42.67904563316831,-1.091210095597603,True,False,False,True,True,0.0,0,0.8754940711462444,1.0570299265951442,False,False,False,False,-0.33383758089316057,-0.3322449308300806,False,False,False,False,-205295.0,-135889.1236679656,False,False,False,False,8053.307713800499,False,False,False,False
2025-06-02 17:00:00+00:00,85.215,85.33,85.075,85.185,1741.0,,,,,,,,,,,,,,,,,,,,,,,,,90.18920701696777,"rgba(38, 166, 154, 1.0)",0.0,0.0,1.3581760656205746,88.39224018043275,-2.3614318214091807,0.0,0.0,0.0,0.0,0.0,0.0,0.0,0.0,41.86136828974016,-2.3087186281823975,False,False,False,True,False,0.0,0,0.880330908572243,1.0604763942376267,False,False,False,False,-0.3368746897215914,-0.33455981027583603,False,False,False,False,-207036.0,-136992.1760141987,False,False,False,False,7955.442477927622,False,False,False,False
2025-06-02 18:00:00+00:00,85.18,85.455,85.175,85.425,3144.0,,,,,,,,,,,,,,,,,,,,,,,,,90.17574733359054,"rgba(38, 166, 154, 1.0)",0.0,0.0,1.3692757110868246,88.37989115110786,-2.15799573977873,0.0,0.0,0.0,0.0,0.0,0.0,0.0,0.0,43.200623253834706,-2.3087186281823975,False,False,False,True,False,0.0,0,0.8810616929698702,1.0548063127690102,False,False,False,False,-0.3306687588398374,-0.3326142845578367,False,False,False,False,-203892.0,-138029.38258762198,False,False,False,False,7880.846470517891,False,False,False,False
2025-06-02 19:00:00+00:00,85.425,85.46,85.14,85.17,10933.0,,,,,,,,,,,,,,,,,,,,,,,,,90.12860954098032,"rgba(38, 166, 154, 1.0)",0.0,0.0,1.3837259955027161,88.33593953359242,-2.287981539612701,0.0,0.0,0.0,0.0,0.0,0.0,0.0,0.0,42.54022183551853,-2.370617690973326,False,False,False,True,False,0.0,0,0.875170189896094,1.0538158366177002,False,False,False,False,-0.3314947880887975,-0.3320545363233171,False,False,False,False,-214825.0,-139220.01231494566,False,False,False,False,7928.166680277303,False,False,False,False
2025-06-03 14:00:00+00:00,84.34,85.12,84.13,85.095,4253.0,,,,,,,,,,,,,,,,,,,,,,,,,90.10875174864864,"rgba(38, 166, 154, 1.0)",-1.0,84.67667,1.397649919434994,88.04210123928144,-2.1086118907893727,0.0,0.0,0.0,0.0,0.0,0.0,0.0,0.0,41.6532261534472,-3.617123402415075,False,False,False,True,False,0.0,1,0.8625602495038268,1.0572724695208393,True,False,False,False,-0.34282825441539394,-0.3374413953693555,False,False,False,False,-219078.0,-140458.12065114803,False,False,False,False,7871.1873519009105,False,False,False,False
2025-06-03 15:00:00+00:00,85.1,85.42,85.095,85.16,5285.0,,,,,,,,,,,,,,,,,,,,,,,,,90.08631660082312,"rgba(38, 166, 154, 1.0)",0.0,0.0,1.4091522849435067,88.04268449710482,-2.0456869906153448,0.0,0.0,0.0,0.0,0.0,0.0,0.0,0.0,41.677663272673925,-4.009515007828249,False,False,False,True,False,0.0,1,0.8764371894960958,1.0547196593328605,False,False,False,False,-0.30883041418761503,-0.3231359047784853,False,False,False,False,-213793.0,-141595.0955247736,False,False,False,False,7831.091423964462,False,False,False,False
2025-06-03 16:00:00+00:00,85.205,85.385,85.07,85.37,2231.0,,,,,,,,,,,,,,,,,,,,,,,,,90.07700439668736,"rgba(38, 166, 154, 1.0)",0.0,0.0,1.4177321377516114,88.03902453647733,-1.882601420540655,0.0,0.0,0.0,0.0,0.0,0.0,0.0,0.0,43.645336020421624,-4.009515007828249,False,False,False,True,False,0.0,1,0.8780608985733543,1.0518844488608137,False,False,False,False,-0.31005792869262516,-0.31659691673555523,False,False,False,False,-211562.0,-142679.85373369185,False,False,False,False,7744.268301112299,False,False,False,False
2025-06-03 17:00:00+00:00,85.39,85.565,85.295,85.455,5736.0,,,,,,,,,,,,,,,,,,,,,,,,,90.05403572273315,"rgba(38, 166, 154, 1.0)",0.0,0.0,1.4033924855391675,88.03224195899732,-1.8364370520390612,0.0,0.0,0.0,0.0,0.0,0.0,0.0,0.0,45.72146210035534,-4.009515007828249,True,False,False,True,True,0.0,1,0.8847798204360832,1.0487387772552375,False,False,False,False,-0.2991902753928072,-0.3078935960641812,False,False,False,False,-205826.0,-143658.86375332455,False,False,False,False,7713.132358459395,False,False,False,False
2025-06-03 18:00:00+00:00,85.455,85.5,85.315,85.455,1661.0,,,,,,,,,,,,,,,,,,,,,,,,,90.04740551035283,"rgba(38, 166, 154, 1.0)",0.0,0.0,1.385400560022638,88.02916293428702,-1.8580640203039576,0.0,0.0,0.0,0.0,0.0,0.0,0.0,0.0,47.10554615364448,-6.763700007816489,True,False,False,True,True,0.0,1,0.8824032499465462,1.0473950538094223,False,False,False,False,-0.30012059495607074,-0.30400709551012595,False,False,False,False,-205826.0,-144622.69532304045,False,False,False,False,7619.300849025915,False,False,False,False
2025-06-03 19:00:00+00:00,85.46,85.49,85.28,85.415,8411.0,,,,,,,,,,,,,,,,,,,,,,,,,90.01391677806359,"rgba(38, 166, 154, 1.0)",0.0,0.0,1.3629405247013513,88.00998726688691,-1.903962219815512,0.0,0.0,0.0,0.0,0.0,0.0,0.0,0.0,47.60613957686699,-6.100380251458873,True,False,False,False,True,0.0,1,0.883888453034733,1.0463590328792527,False,False,False,False,-0.3013332158557854,-0.30267015568295563,False,False,False,False,-214237.0,-145701.98686841968,False,False,False,False,7631.575254467373,False,False,False,False
2025-06-04 14:00:00+00:00,85.89,86.16,85.71,86.04,4315.0,,,,,,,,,,,,,,,,,,,,,,,,,89.99903839556708,"rgba(38, 166, 154, 1.0)",0.0,0.0,1.334716310917772,88.01132638403071,-1.4769628331545515,0.0,0.0,0.0,0.0,0.0,0.0,0.0,0.0,53.22647013092856,-0.7896771064639481,True,False,True,False,True,0.0,1,0.8860723642285628,1.0388019542590106,False,False,False,False,-0.269898788973076,-0.2862844723280158,False,False,False,False,-209922.0,-146697.64598673873,False,False,False,False,7580.155483080282,False,False,False,False
2025-06-04 15:00:00+00:00,86.025,86.21,85.825,86.145,4805.0,,,,,,,,,,,,,,,,,,,,,,,,,89.98296599876244,"rgba(38, 166, 154, 1.0)",0.0,0.0,1.297638707890423,88.0126346966694,-1.4392563086420413,0.0,0.0,0.0,0.0,0.0,0.0,0.0,0.0,57.62610913501688,3.1324823449085883,True,False,True,False,True,0.0,0,0.8951515581742028,1.0351387804358634,False,False,False,False,-0.2608742414801542,-0.27357935690408497,False,False,False,False,-205117.0,-147603.372405549,False,False,False,False,7537.129816675936,False,False,False,False
2025-06-04 16:00:00+00:00,86.15,86.44,86.11,86.435,3291.0,,,,,,,,,,,,,,,,,,,,,,,,,89.9727811014998,"rgba(38, 166, 154, 1.0)",0.0,0.0,1.245097231992916,88.0161787622218,-1.2699239236850157,0.0,0.0,0.0,0.0,0.0,0.0,0.0,0.0,62.19543410761735,7.119032978115236,True,False,True,False,True,0.0,0,0.9025460299194474,1.0242376294591489,False,False,False,False,-0.2461168891708449,-0.25984812303746496,False,False,False,False,-201826.0,-148444.0332984862,False,False,False,False,7471.298346649952,False,False,False,False
2025-06-04 17:00:00+00:00,86.435,86.565,86.41,86.445,3362.0,,,,,,,,,,,,,,,,,,,,,,,,,89.96284656528746,"rgba(38, 166, 154, 1.0)",0.0,0.0,1.2109670843084794,88.0207727334575,-1.3012514988030037,0.0,0.0,0.0,0.0,0.0,0.0,0.0,0.0,65.29553950322025,9.739208302125888,True,False,True,False,True,0.0,0,0.9048856173774986,1.0251858266580072,False,False,False,False,-0.23401740602964077,-0.24693276453355287,False,False,False,False,-198464.0,-149219.5366581996,False,False,False,False,7407.588294763906,False,False,False,False
2025-06-04 18:00:00+00:00,86.445,86.46,86.12,86.135,3526.0,,,,,,,,,,,,,,,,,,,,,,,,,89.95179023337116,"rgba(38, 166, 154, 1.0)",0.0,0.0,1.1801353106108838,88.0214374589386,-1.5984925135085641,0.0,0.0,0.0,0.0,0.0,0.0,0.0,0.0,63.445331759423375,9.739208302125888,True,False,True,False,True,0.0,0,0.8996169689961695,1.0284021102840215,False,False,False,False,-0.24526052617109684,-0.24609664535232484,False,False,False,False,-201990.0,-150037.6833766771,False,False,False,False,7347.408631279194,False,False,False,False
2025-06-04 19:00:00+00:00,86.135,86.22,85.935,85.94,7881.0,,,,,,,,,,,,,,,,,,,,,,,,,89.9259516738397,"rgba(38, 166, 154, 1.0)",0.0,0.0,1.1437035147838883,88.01526797468236,-1.81451569209744,0.0,0.0,0.0,0.0,0.0,0.0,0.0,0.0,60.13690284392656,9.739208302125888,True,False,True,False,False,0.0,0,0.9000868809730667,1.0281639154358533,False,False,False,False,-0.2574259145581436,-0.25176127995523423,False,False,False,False,-209871.0,-150965.33169641852,False,False,False,False,7355.681365677966,False,False,False,False
2025-06-05 14:00:00+00:00,86.87,87.56,86.865,87.56,10410.0,,,,,,,,,,,,,,,,,,,,,,,,,89.90353100751409,"rgba(38, 166, 154, 1.0)",0.0,0.0,1.107619800121372,88.04848767838932,-0.4410246894609423,0.0,0.0,0.0,0.0,0.0,0.0,0.0,0.0,65.57504821395233,9.739208302125888,True,False,True,False,True,0.0,0,0.9055235657922796,1.0093125755313856,False,False,False,False,-0.19321647830843153,-0.22248887913183288,False,False,False,False,-199461.0,-151717.20252283066,False,False,False,False,7403.035142954276,False,False,False,False
2025-06-05 15:00:00+00:00,87.565,87.6,87.235,87.24,10221.0,,,,,,,,,,,,,,,,,,,,,,,,,89.88214289727217,"rgba(38, 166, 154, 1.0)",0.0,0.0,1.0659695413389378,88.07458111257361,-0.7829314818182512,0.0,0.0,0.0,0.0,0.0,0.0,0.0,0.0,66.68260481700622,9.961979188411469,True,False,True,False,True,0.0,0,0.9086124742194722,1.0115923476281918,False,False,False,False,-0.1817995360171664,-0.20214420757449963,False,False,False,False,-209682.0,-152615.88155348445,False,False,False,False,7446.724520582891,False,False,False,False
2025-06-05 16:00:00+00:00,87.245,87.37,87.085,87.19,6685.0,,,,,,,,,,,,,,,,,,,,,,,,,89.86756399616239,"rgba(38, 166, 154, 1.0)",0.0,0.0,1.015825373373036,88.08600990915266,-0.8820511208314054,0.0,0.0,0.0,0.0,0.0,0.0,0.0,0.0,67.0289197354036,10.446015328820344,True,False,True,False,True,0.0,0,0.915706618962433,1.0094454382826477,False,False,False,False,-0.192379438088593,-0.1972618228315463,False,False,False,False,-216367.0,-153604.27098676373,False,False,False,False,7434.914838093234,False,False,False,False
2025-06-05 17:00:00+00:00,87.19,87.25,87.065,87.09,4951.0,,,,,,,,,,,,,,,,,,,,,,,,,89.85654642744777,"rgba(38, 166, 154, 1.0)",0.0,0.0,0.9679319833147363,88.09234331669569,-1.0355513961457359,0.0,0.0,0.0,0.0,0.0,0.0,0.0,0.0,66.4248013583685,10.446015328820344,True,False,True,False,True,0.0,0,0.9169778799195634,1.005960930767021,False,False,False,False,-0.1962879244347253,-0.1967748736331358,False,False,False,False,-221318.0,-154654.0962427829,False,False,False,False,7396.404530525897,False,False,False,False
2025-06-05 18:00:00+00:00,87.09,87.295,86.965,87.205,2804.0,,,,,,,,,,,,,,,,,,,,,,,,,89.85039150812447,"rgba(38, 166, 154, 1.0)",0.0,0.0,0.9236516688691014,88.09576521485226,-0.9643951771806994,0.0,0.0,0.0,0.0,0.0,0.0,0.0,0.0,66.5515711426006,10.684979406892936,True,False,True,False,True,0.0,0,0.9097527571541846,1.0129027607583077,False,False,False,False,-0.1978250163333358,-0.1972999449832358,False,False,False,False,-218514.0,-155644.17227002655,False,False,False,False,7325.204460285186,False,False,False,False
2025-06-05 19:00:00+00:00,87.205,87.27,86.83,86.965,8949.0,,,,,,,,,,,,,,,,,,,,,,,,,89.8299717443713,"rgba(38, 166, 154, 1.0)",0.0,0.0,0.8956405579295061,88.10227461379056,-1.2697890953259674,0.0,0.0,0.0,0.0,0.0,0.0,0.0,0.0,64.47960105482596,10.684979406892936,True,False,True,False,True,0.0,0,0.901069710675569,1.014214947232393,False,False,False,False,-0.2023018358074449,-0.19980089039534035,False,False,False,False,-227463.0,-156757.64246739045,False,False,False,False,7350.379584931927,False,False,False,False
2025-06-06 14:00:00+00:00,87.43,87.59,87.24,87.31,7127.0,,,,,,,,,,,,,,,,,,,,,,,,,89.81596736954755,"rgba(38, 166, 154, 1.0)",0.0,0.0,0.8707289945679125,88.11270213722808,-0.9218736739396297,0.0,0.0,0.0,0.0,0.0,0.0,0.0,0.0,64.88852355023738,10.684979406892936,True,False,True,False,True,0.0,0,0.9072349570200574,1.0060888252148998,False,False,False,False,-0.18193847920942996,-0.19086968480238514,False,False,False,False,-220336.0,-157743.35343688828,False,False,False,False,7346.916335553137,False,False,False,False
2025-06-06 15:00:00+00:00,87.315,87.95,87.255,87.74,9640.0,,,,,,,,,,,,,,,,,,,,,,,,,89.79933653730596,"rgba(38, 166, 154, 1.0)",0.0,0.0,0.8707289945679125,88.1310093152879,-0.4490597163149895,0.0,0.0,0.0,0.0,0.0,0.0,0.0,0.0,66.98515847550297,12.028904959646837,True,False,True,False,True,0.9198284651492763,0,0.9092274678111589,1.0010729613733909,False,False,False,False,-0.17153661042797688,-0.18120314761518103,False,False,False,False,-210696.0,-158564.32470143263,False,False,False,False,7382.468020273243,False,False,False,False
2025-06-06 16:00:00+00:00,87.74,87.84,87.575,87.63,9147.0,,,,,,,,,,,,,,,,,,,,,,,,,89.78403138254498,"rgba(38, 166, 154, 1.0)",0.0,0.0,0.8623294086416595,88.14690737202551,-0.5994314549004495,0.0,0.0,0.0,0.0,0.0,0.0,0.0,0.0,67.34121609957508,12.699381035986995,True,False,True,False,True,0.3267219402267081,0,0.9174285508602693,1.001151824922612,False,False,False,False,-0.16572772025341495,-0.17346543393429797,False,False,False,False,-219843.0,-159514.38168280578,False,False,False,False,7409.825105230248,False,False,False,False
2025-06-06 17:00:00+00:00,87.65,87.725,87.51,87.725,7354.0,,,,,,,,,,,,,,,,,,,,,,,,,89.77172217500076,"rgba(38, 166, 154, 1.0)",0.0,0.0,0.8368511981990532,88.15789799853013,-0.5172938743013765,0.0,0.0,0.0,0.0,0.0,0.0,0.0,0.0,68.01426127370236,13.692022904696628,True,False,True,False,True,0.8373066694496103,0,0.9076811066618131,1.0158718602111396,False,False,False,False,-0.17070607565112042,-0.1720857547927092,False,False,False,False,-212489.0,-160335.69359470028,False,False,False,False,7408.9595997228025,False,False,False,False
2025-06-06 18:00:00+00:00,87.725,87.895,87.725,87.75,5167.0,,,,,,,,,,,,,,,,,,,,,,,,,89.7637108095766,"rgba(38, 166, 154, 1.0)",0.0,0.0,0.8154775310226917,88.16653277435263,-0.5107838763261294,0.0,0.0,0.0,0.0,0.0,0.0,0.0,0.0,68.5851829038391,14.583283791112635,True,False,True,False,True,0.9732261654183141,0,0.8996635951440691,1.016600848325289,False,False,False,False,-0.15988866414025982,-0.16598720946648451,False,False,False,False,-207322.0,-161064.16346144912,False,False,False,False,7374.200536161209,False,False,False,False
2025-06-06 19:00:00+00:00,87.75,88.05,87.7,87.805,36381.0,,,,,,,,,,,,,,,,,,,,,,,,,89.71079217224161,"rgba(38, 166, 154, 1.0)",0.0,0.0,0.8006945183470237,88.21904357042285,-0.5171055389233977,0.0,0.0,0.0,0.0,0.0,0.0,0.0,0.0,69.2560855461589,15.55218925772823,True,False,True,False,True,1.2765444215008444,0,0.898100803506209,1.01263696128561,False,False,False,False,-0.153668782626946,-0.15982799604671527,False,False,False,False,-170941.0,-161217.29271010883,False,False,False,False,7823.918357305996,False,False,False,False
2025-06-09 14:00:00+00:00,87.5,87.685,87.3,87.555,13252.0,,,,,,,,,,,,,,,,,,,,,,,,,89.68885998519814,"rgba(38, 166, 154, 1.0)",0.0,0.0,0.7938556158005048,88.22554960290778,-0.8446745095222427,0.0,0.0,0.0,0.0,0.0,0.0,0.0,0.0,66.68553640345161,15.55218925772823,True,False,True,False,False,0.0,0,0.8940508264763709,1.0137624699628633,False,False,False,False,-0.17303539302296403,-0.16643169453483964,False,False,False,False,-184193.0,-161573.50522623115,False,False,False,False,7908.074661843887,False,False,False,False
2025-06-09 15:00:00+00:00,87.595,87.68,87.535,87.58,2338.0,,,,,,,,,,,,,,,,,,,,,,,,,89.68518533568904,"rgba(38, 166, 154, 1.0)",0.0,0.0,0.791070730655711,88.22692844923037,-0.8177883773984913,0.0,0.0,0.0,0.0,0.0,0.0,0.0,0.0,65.15413927776612,18.73210303552281,True,False,True,False,False,0.0,0,0.907505518763797,1.0113318616629876,False,False,False,False,-0.16648677036175283,-0.16645923244829625,False,False,False,False,-181855.0,-161887.94700566944,False,False,False,False,7821.716915148632,False,False,False,False
2025-06-09 16:00:00+00:00,87.58,87.88,87.58,87.765,2625.0,,,,,,,,,,,,,,,,,,,,,,,,,89.68135728676208,"rgba(38, 166, 154, 1.0)",0.0,0.0,0.7965421724125423,88.22910445868966,-0.5826489478692584,0.0,0.0,0.0,0.0,0.0,0.0,0.0,0.0,65.47091132364196,18.73210303552281,True,False,True,False,False,1.0572625614894164,0,0.9062847814795579,1.0166209096980043,False,False,False,False,-0.1553317609949843,-0.16089549672164027,False,False,False,False,-179230.0,-162156.81604434122,False,False,False,False,7741.147660650204,False,False,False,False
2025-06-09 17:00:00+00:00,87.76,87.85,87.545,87.63,7049.0,,,,,,,,,,,,,,,,,,,,,,,,,89.67080116870457,"rgba(38, 166, 154, 1.0)",0.0,0.0,0.8110274431317195,88.23382846670792,-0.7445228540926891,0.0,0.0,0.0,0.0,0.0,0.0,0.0,0.0,63.92022138572955,17.286661013092157,True,False,True,False,False,0.26479468489285907,0,0.9115742463714183,1.0128023818384817,False,False,False,False,-0.15721829607284374,-0.15905689639724202,False,False,False,False,-186279.0,-162530.80339249095,False,False,False,False,7730.416689167255,False,False,False,False
2025-06-09 18:00:00+00:00,87.63,87.86,87.605,87.835,4843.0,,,,,,,,,,,,,,,,,,,,,,,,,89.66394291583897,"rgba(38, 166, 154, 1.0)",0.0,0.0,0.8302711757157947,88.23763208650891,-0.484940460761869,0.0,0.0,0.0,0.0,0.0,0.0,0.0,0.0,64.45602196421719,17.286661013092157,True,False,True,False,False,1.4522153129187423,0,0.9106236944195764,1.012757385854969,False,False,False,False,-0.1551866885004848,-0.15712179244886343,False,False,False,False,-181436.0,-162823.90721586318,False,False,False,False,7685.650538947607,False,False,False,False
2025-06-09 19:00:00+00:00,87.83,87.945,87.52,87.52,28446.0,,,,,,,,,,,,,,,,,,,,,,,,,89.62246138863742,"rgba(38, 166, 154, 1.0)",0.0,0.0,0.839605511185866,88.2517376591815,-0.8715255550764457,0.0,0.0,0.0,0.0,0.0,0.0,0.0,0.0,61.056001718580355,14.42448475957545,True,False,True,False,False,0.0,0,0.9084816442028447,1.0108719934470178,False,False,False,False,-0.1544875436023183,-0.15580466802559087,False,False,False,False,-209882.0,-163553.49004972575,False,False,False,False,8007.5164220646975,False,False,False,False
2025-06-10 14:00:00+00:00,88.8,89.18,88.78,88.795,3845.0,,,,,,,,,,,,,,,,,,,,,,,,,89.62049511901544,"rgba(38, 166, 154, 1.0)",0.0,0.0,0.8855538552961638,88.26103989220336,0.6029674023812677,0.0,0.0,0.0,0.0,0.0,0.0,0.0,0.0,65.48677950003014,11.727329807470397,True,False,True,False,True,6.473412089834568,0,0.9115561727943865,0.9986843067027268,False,False,False,False,-0.077580581926741,-0.11669262497616593,False,False,False,False,-206037.0,-164212.14911872224,False,False,False,False,7942.981283738112,False,False,False,False
2025-06-10 15:00:00+00:00,88.79,88.88,88.485,88.785,8961.0,,,,,,,,,,,,,,,,,,,,,,,,,89.61465098312561,"rgba(38, 166, 154, 1.0)",0.0,0.0,0.9276373553616385,88.27907443578914,0.5453915382845064,0.0,0.0,0.0,0.0,0.0,0.0,0.0,0.0,68.34495399612246,14.199846184654504,True,False,True,False,True,6.413967497590548,0,0.9104663060956001,0.999707645081129,False,False,False,False,-0.07188344415047773,-0.09428803456332183,False,False,False,False,-214998.0,-164999.5266517653,False,False,False,False,7958.7645196491485,False,False,False,False
2025-06-10 16:00:00+00:00,88.785,88.825,88.66,88.8,2758.0,,,,,,,,,,,,,,,,,,,,,,,,,89.61295684154202,"rgba(38, 166, 154, 1.0)",0.0,0.0,0.9669675269612072,88.28462401494637,0.5329816883026508,0.0,0.0,0.0,0.0,0.0,0.0,0.0,0.0,70.30636778134543,15.884101707712631,True,False,True,False,True,6.4904765067766945,0,0.9244832475188419,0.9947018879188124,False,False,False,False,-0.06804600840051232,-0.08116702148191707,False,False,False,False,-212240.0,-165731.9370912728,False,False,False,False,7878.132511592573,False,False,False,False
2025-06-10 17:00:00+00:00,88.8,88.945,88.745,88.745,2796.0,,,,,,,,,,,,,,,,,,,,,,,,,89.61134668609041,"rgba(38, 166, 154, 1.0)",0.0,0.0,1.0011036342386161,88.29037461729143,0.45412419569761475,0.0,0.0,0.0,0.0,0.0,0.0,0.0,0.0,70.97052402608784,16.48135168314063,True,False,True,False,True,6.151772556433933,0,0.919040817860633,0.9960159362549807,False,False,False,False,-0.06025445885844387,-0.07071074017018047,False,False,False,False,-215036.0,-166496.34116737708,False,False,False,False,7799.3397594748585,False,False,False,False
2025-06-10 18:00:00+00:00,88.78,88.975,88.705,88.925,2382.0,,,,,,,,,,,,,,,,,,,,,,,,,89.61007688306469,"rgba(38, 166, 154, 1.0)",0.0,0.0,1.0391405405729988,88.29540815482089,0.6058774733511404,0.0,0.0,0.0,0.0,0.0,0.0,0.0,0.0,72.22014347217728,17.742756065977773,True,False,True,False,True,7.094320058269375,0,0.9177495680913392,0.9892586193945773,False,False,False,False,-0.06057531713127012,-0.0656430286507253,False,False,False,False,-212654.0,-167211.9637849371,False,False,False,False,7715.34999576207,False,False,False,False
2025-06-10 19:00:00+00:00,88.95,89.1,88.86,88.975,11321.0,,,,,,,,,,,,,,,,,,,,,,,,,89.60498697032625,"rgba(38, 166, 154, 1.0)",0.0,0.0,1.0764770410088194,88.32029172591612,0.6081952973844329,0.0,0.0,0.0,0.0,0.0,0.0,0.0,0.0,73.27721470336084,18.8807580298095,True,False,True,False,True,7.356805978635336,0,0.9191386839331426,0.9907393464839638,False,False,False,False,-0.049826719576641414,-0.05773487411368336,False,False,False,False,-201333.0,-167740.97209834895,False,False,False,False,7771.251546215371,False,False,False,False
2025-06-11 14:00:00+00:00,89.385,89.65,89.21,89.52,4836.0,,,,,,,,,,,,,,,,,,,,,,,,,89.60448968246425,"rgba(38, 166, 154, 1.0)",0.0,0.0,1.1293233244604741,88.3339199993537,1.0502572425066492,0.0,0.0,0.0,0.0,0.0,0.0,0.0,0.0,75.99836849164913,21.55745037510583,True,False,True,False,True,10.145128067134042,0,0.922240551889622,0.981403719256149,False,False,False,False,-0.017712342567922593,-0.037723608340802975,False,False,False,False,-196497.0,-168186.80198829705,False,False,False,False,7725.743770305055,False,False,False,False
2025-06-11 15:00:00+00:00,89.525,89.73,89.405,89.525,4706.0,,,,,,,,,,,,,,,,,,,,,,,,,89.60431950700328,"rgba(38, 166, 154, 1.0)",0.0,0.0,1.178401153800593,88.34750976858459,0.9992269844761811,0.0,0.0,0.0,0.0,0.0,0.0,0.0,0.0,77.82812717775315,23.353414593746336,True,False,True,False,True,10.170145417263523,0,0.9265180514899048,0.9785333633566017,False,False,False,False,0.006727839967016007,-0.015497884186893483,False,False,False,False,-191791.0,-168552.75854661805,False,False,False,False,7678.9260374321075,False,False,False,False
2025-06-11 16:00:00+00:00,89.525,89.725,89.4,89.7,4659.0,,,,,,,,,,,,,,,,,,,,,,,,,89.60433268255541,"rgba(38, 166, 154, 1.0)",0.0,0.0,1.230126156278149,88.36102714301543,1.088484177131673,0.0,0.0,0.0,0.0,0.0,0.0,0.0,0.0,79.6071467842082,25.111892283739493,True,False,True,False,True,11.051140476690303,0,0.9374338824240596,0.976122109717395,False,False,False,False,0.008835682601155902,-0.0033311007928687906,False,False,False,False,-187132.0,-168840.80880170924,False,True,False,False,7632.10547871223,False,True,False,False
2025-06-11 17:00:00+00:00,89.64,89.78,89.58,89.655,3308.0,,,,,,,,,,,,,,,,,,,,,,,,,89.60448925175231,"rgba(38, 166, 154, 1.0)",1.0,90.62,1.2769589332145383,88.46366573345797,0.9329464210278374,0.0,0.0,0.0,0.0,0.0,0.0,0.0,0.0,80.08501711879984,25.708638938355122,True,False,True,False,True,10.745396697949904,0,0.939853041436255,0.9729565941974095,False,False,False,False,0.019353197542806254,0.008011048374968731,False,False,False,False,-190440.0,-169175.67998307807,False,False,False,False,7565.065083693436,False,False,False,False
2025-06-11 18:00:00+00:00,89.665,89.7,88.65,88.71,3899.0,,,,,,,,,,,,,,,,,,,,,,,,,89.60289172684749,"rgba(38, 166, 154, 1.0)",0.0,0.0,1.297177854955396,88.44554814798038,0.20386707266808213,0.0,0.0,0.0,0.0,0.0,0.0,0.0,0.0,70.23672302089291,25.346794639095194,True,False,True,False,False,4.678905431978784,0,0.9272713654407913,0.9728110253913567,False,False,False,False,-0.01555099497487687,-0.0037699732999540696,False,False,False,False,-194339.0,-169565.80897558847,False,False,False,False,7508.2268653415995,False,False,False,False
2025-06-11 19:00:00+00:00,88.745,88.765,88.485,88.6,26352.0,,,,,,,,,,,,,,,,,,,,,,,,,89.5850038796345,"rgba(38, 166, 154, 1.0)",0.0,0.0,1.3143301757207384,88.43700837269022,0.12401117338753902,0.0,0.0,0.0,0.0,0.0,0.0,0.0,0.0,62.879895543316664,18.990810844713323,False,False,True,False,False,4.0149016279026455,0,0.9258342707161606,0.9865766779152608,False,False,False,False,-0.05361151664874203,-0.02869074497434805,False,False,False,False,-220691.0,-170358.44759612196,False,False,False,False,7800.378386809171,False,False,False,False
2025-06-12 14:00:00+00:00,89.045,89.385,89.03,89.35,5122.0,,,,,,,,,,,,,,,,,,,,,,,,,89.58384457195478,"rgba(38, 166, 154, 1.0)",0.0,0.0,1.3470622122244025,88.45123253746773,0.6672056081568265,0.0,0.0,0.0,0.0,0.0,0.0,0.0,0.0,62.551571793531686,18.990810844713323,False,False,True,False,False,7.9049939375647575,0,0.9267530147387227,0.9792317999106744,False,False,False,False,-0.0014340078114810277,-0.01506237639291454,False,False,False,False,-215569.0,-171059.3863930813,False,False,False,False,7758.853140502052,False,False,False,False
2025-06-12 15:00:00+00:00,89.345,89.445,88.83,88.97,8501.0,,,,,,,,,,,,,,,,,,,,,,,,,89.58093356740395,"rgba(38, 166, 154, 1.0)",0.0,0.0,1.3693662077070943,88.46809895143615,0.3665206909145576,0.0,0.0,0.0,0.0,0.0,0.0,0.0,0.0,59.62648379196355,16.4717684337284,False,True,True,False,False,5.620784119946908,0,0.9318774688827607,0.9762241931877473,False,False,False,False,0.2652175017366221,0.1250775626718538,False,False,False,False,-224070.0,-171881.25637148315,False,False,False,False,7770.359293362485,False,False,False,False
2025-06-12 16:00:00+00:00,88.97,89.13,88.755,88.915,9591.0,,,,,,,,,,,,,,,,,,,,,,,,,89.57672576722443,"rgba(38, 166, 154, 1.0)",0.0,0.0,1.3894521410439264,88.48183821261078,0.31175005931746597,0.0,0.0,0.0,0.0,0.0,0.0,0.0,0.0,57.30158128355843,14.301022307421945,False,True,True,False,False,5.294052102329822,0,0.9363182450683473,0.9682409756896131,False,False,False,False,0.2381093810134961,0.18159347184267494,False,False,False,False,-233661.0,-172839.0818540958,False,False,False,False,7798.586281062291,False,False,False,False
2025-06-12 17:00:00+00:00,88.87,88.985,88.78,88.85,4409.0,,,,,,,,,,,,,,,,,,,,,,,,,89.57462608017467,"rgba(38, 166, 154, 1.0)",0.0,0.0,1.407552930532828,88.48724839944524,0.2577179107697497,0.0,0.0,0.0,0.0,0.0,0.0,0.0,0.0,55.276895215323506,12.297487289599118,False,True,True,False,False,4.903539292091743,0,0.944084951053592,0.9670648747303802,False,False,False,False,0.22983877650085685,0.20571612417176588,False,False,False,False,-238070.0,-173850.41391837338,False,False,False,False,7746.034555774504,False,False,False,False
2025-06-12 18:00:00+00:00,88.875,89.16,88.865,89.145,2988.0,,,,,,,,,,,,,,,,,,,,,,,,,89.57358282715322,"rgba(38, 166, 154, 1.0)",0.0,0.0,1.4311529875848963,88.49213544460608,0.4561808283652767,0.0,0.0,0.0,0.0,0.0,0.0,0.0,0.0,55.89999704630286,12.297487289599118,False,True,True,False,False,6.447574915099722,0,0.9295584765756655,0.9818840579710146,False,False,False,False,0.24779908098021944,0.22675760257599265,False,False,False,False,-235082.0,-174799.74083436758,False,False,False,False,7672.266578165597,False,False,False,False
2025-06-12 19:00:00+00:00,89.145,89.24,89.0,89.195,18476.0,,,,,,,,,,,,,,,,,,,,,,,,,89.56831076413046,"rgba(38, 166, 154, 1.0)",0.0,0.0,1.454673735129282,88.52353687319467,0.4615901907004912,0.0,0.0,0.0,0.0,0.0,0.0,0.0,0.0,56.638458640513385,12.297487289599118,False,True,True,False,False,6.707743348643376,0,0.916994358009916,0.9915370148743379,False,False,False,False,0.2627696622364248,0.24476363240620871,False,False,False,False,-216606.0,-175447.89989119908,False,False,False,False,7839.766321139774,False,False,False,False
2025-06-13 14:00:00+00:00,87.42,87.51,87.195,87.37,5364.0,,,,,,,,,,,,,,,,,,,,,,,,,89.56044635229767,"rgba(239, 83, 80, 1.0)",0.0,0.0,1.455399075328746,88.5131524986671,-0.785456386530187,0.0,0.0,0.0,0.0,0.0,0.0,0.0,0.0,47.80309757765595,4.7016825285563755,False,True,False,True,False,0.0,0,0.9201269947364022,0.975269446069012,False,False,False,False,0.026118690247028647,0.13544116132661868,False,False,False,False,-221970.0,-176169.17276110296,False,False,False,False,7801.382347168615,False,False,False,False
2025-06-13 15:00:00+00:00,87.35,87.49,87.21,87.37,4912.0,,,,,,,,,,,,,,,,,,,,,,,,,89.55328816220079,"rgba(239, 83, 80, 1.0)",0.0,0.0,1.456013228827892,88.50435399482437,-0.7790822036263602,0.0,0.0,0.0,0.0,0.0,0.0,0.0,0.0,41.91285686908432,-0.6112001796102646,False,True,False,True,False,0.0,0,0.9276843794880458,0.972121314522261,False,False,False,False,0.025792060809614322,0.0806166110681165,False,False,False,False,-221970.0,-176879.26310589208,False,False,False,False,7756.585721631116,False,False,False,False
2025-06-13 16:00:00+00:00,87.37,87.61,87.365,87.52,1871.0,,,,,,,,,,,,,,,,,,,,,,,,,89.55074885191836,"rgba(239, 83, 80, 1.0)",0.0,0.0,1.4570666942012822,88.50166386790114,-0.6737261045138806,0.0,0.0,0.0,0.0,0.0,0.0,0.0,0.0,39.09690575657571,-3.0750847786610507,False,True,False,True,False,0.0,0,0.9389594780219779,0.9641140109890114,False,False,False,False,0.04376678917377584,0.06219170012094617,False,False,False,False,-220099.0,-177549.3365461108,False,False,False,False,7665.336330598076,False,False,False,False
2025-06-13 17:00:00+00:00,87.49,87.515,87.025,87.08,1962.0,,,,,,,,,,,,,,,,,,,,,,,,,89.54771531597012,"rgba(239, 83, 80, 1.0)",0.0,0.0,1.4453363242129464,88.4978482155527,-0.9809815139910636,0.0,0.0,0.0,0.0,0.0,0.0,0.0,0.0,35.70252592497731,-6.21782443707712,False,True,False,True,False,0.0,0,0.9316770186335404,0.9593685300207043,False,False,False,False,0.015342443167897539,0.038767071644421856,False,False,False,False,-222061.0,-178239.4398554734,False,False,False,False,7576.912511519035,False,False,False,False
2025-06-13 18:00:00+00:00,87.07,87.105,86.33,86.525,4085.0,,,,,,,,,,,,,,,,,,,,,,,,,89.53993751892608,"rgba(239, 83, 80, 1.0)",0.0,0.0,1.4336230547331348,88.48605494287922,-1.3679013715667825,0.0,0.0,0.0,0.0,0.0,0.0,0.0,0.0,31.880489475293867,-9.819793516473354,False,True,False,True,False,0.0,0,0.9117672229353871,0.9673085151904154,False,False,False,False,-0.05685644427438163,-0.009044686314979886,False,False,False,False,-226146.0,-178982.1772220552,False,False,False,False,7522.774333045872,False,False,False,False
2025-06-13 19:00:00+00:00,86.495,86.645,86.08,86.19,20717.0,,,,,,,,,,,,,,,,,,,,,,,,,89.49644417317157,"rgba(239, 83, 80, 1.0)",0.0,0.0,1.4233150999947888,88.42118207405117,-1.5675953090495178,0.0,0.0,0.0,0.0,0.0,0.0,0.0,0.0,28.532847397744646,-13.023816949613149,False,True,False,True,False,0.0,0,0.9033824657067393,0.9797222458890693,False,False,False,False,-0.10351354504774761,-0.05627911568136375,False,False,False,False,-246863.0,-180034.5930790776,False,False,False,False,7727.335971293222,False,False,False,False
2025-06-16 14:00:00+00:00,86.72,87.04,86.635,86.68,17216.0,,,,,,,,,,,,,,,,,,,,,,,,,89.46648446398389,"rgba(239, 83, 80, 1.0)",0.0,0.0,1.4122516141328796,88.38813471150546,-1.2095116014820373,0.0,0.0,0.0,0.0,0.0,0.0,0.0,0.0,29.950179868754457,-13.023816949613149,False,True,False,True,False,0.0,0,0.9067060312104597,0.9644875579924084,False,False,False,False,-0.041150814550446765,-0.04871496511590526,False,False,False,False,-229647.0,-180803.77768250275,False,False,False,False,7874.44704150573,False,False,False,False
2025-06-16 15:00:00+00:00,86.695,86.695,85.815,85.95,10090.0,,,,,,,,,,,,,,,,,,,,,,,,,89.4451670885968,"rgba(239, 83, 80, 1.0)",0.0,0.0,1.4065268802494204,88.36075867029224,-1.7139798066743932,0.0,0.0,0.0,0.0,0.0,0.0,0.0,0.0,28.817459342609666,-13.13020117277162,False,True,False,True,False,0.0,0,0.8928780161977121,0.9718627369124159,False,False,False,False,-0.11772182856673669,-0.08321839684132097,False,False,False,False,-239737.0,-181717.47105176628,False,False,False,False,7908.796699776959,False,False,False,False
2025-06-16 16:00:00+00:00,85.96,86.18,85.96,86.08,3467.0,,,,,,,,,,,,,,,,,,,,,,,,,89.43772898497146,"rgba(239, 83, 80, 1.0)",0.0,0.0,1.397719426277641,88.35131479366741,-1.6250148284168187,0.0,0.0,0.0,0.0,0.0,0.0,0.0,0.0,28.960587673869334,-13.478477217492852,False,True,False,True,False,0.0,0,0.8917060593038246,0.9925225612376453,False,False,False,False,-0.14228784738791797,-0.11275312211461946,False,False,False,False,-236270.0,-182563.24669437454,False,False,False,False,7839.931634664138,False,False,False,False
2025-06-16 17:00:00+00:00,86.12,86.29,86.0,86.105,2401.0,,,,,,,,,,,,,,,,,,,,,,,,,89.43268606048821,"rgba(239, 83, 80, 1.0)",0.0,0.0,1.3978116519809516,88.34509468798585,-1.6025726247246734,0.0,0.0,0.0,0.0,0.0,0.0,0.0,0.0,29.241740332616907,-13.786145497843819,False,True,False,True,False,0.0,0,0.8932105670768439,0.9873504861887964,False,False,False,False,-0.13230972777053213,-0.1225314249425758,False,False,False,False,-233869.0,-183358.68473012067,False,False,False,False,7755.607113196477,False,False,False,False
2025-06-16 18:00:00+00:00,86.1,86.18,85.95,85.99,2672.0,,,,,,,,,,,,,,,,,,,,,,,,,89.42693665687844,"rgba(239, 83, 80, 1.0)",0.0,0.0,1.3921364519687731,88.33790599072343,-1.6865487484384172,0.0,0.0,0.0,0.0,0.0,0.0,0.0,0.0,29.040146152621436,-14.623310227644367,False,True,False,True,False,0.0,0,0.8901221820684911,0.9891584925141975,False,False,False,False,-0.14295403548390165,-0.13274273021323874,False,False,False,False,-236541.0,-184183.21674980872,False,False,False,False,7676.7914990383915,False,False,False,False
2025-06-16 19:00:00+00:00,85.99,86.095,85.725,86.095,14218.0,,,,,,,,,,,,,,,,,,,,,,,,,89.39605756546827,"rgba(239, 83, 80, 1.0)",0.0,0.0,1.3885368149551491,88.29993537627983,-1.5879560070224397,0.0,0.0,0.0,0.0,0.0,0.0,0.0,0.0,29.825559856858725,-14.623310227644367,False,True,False,True,False,0.0,0,0.8854803963808704,0.9951744937526933,False,False,False,False,-0.16367152789540126,-0.14820712905431999,False,False,False,False,-222323.0,-184774.53121880392,False,False,False,False,7778.205584324618,False,False,False,False
2025-06-17 14:00:00+00:00,85.725,86.0,85.405,85.845,1883.0,,,,,,,,,,,,,,,,,,,,,,,,,89.39174729878224,"rgba(239, 83, 80, 1.0)",0.0,0.0,1.3904779397387808,88.2945140159817,-1.7616345761241479,0.0,0.0,0.0,0.0,0.0,0.0,0.0,0.0,29.36695461955992,-15.4347998237508,False,True,False,True,False,0.0,0,0.8794757580949121,0.9928901833133462,False,False,False,False,-0.19162921392350168,-0.16991817148891084,False,False,False,False,-224206.0,-185385.87182006278,False,False,False,False,7686.807048133539,False,False,False,False
2025-06-17 15:00:00+00:00,85.845,86.07,85.84,86.0,4237.0,,,,,,,,,,,,,,,,,,,,,,,,,89.38266944905702,"rgba(239, 83, 80, 1.0)",0.0,0.0,1.3937547705244504,88.28380499108086,-1.6385988693129228,0.0,0.0,0.0,0.0,0.0,0.0,0.0,0.0,30.526576246152544,-15.4347998237508,False,True,False,True,False,0.0,0,0.8818119305483928,0.9978511260099713,False,False,False,False,-0.15764318307154768,-0.16378067728022927,False,False,False,False,-219969.0,-185922.0443499843,False,False,False,False,7633.321667542321,False,False,False,False
2025-06-17 16:00:00+00:00,85.975,86.16,85.73,85.75,1281.0,,,,,,,,,,,,,,,,,,,,,,,,,89.37986222762775,"rgba(239, 83, 80, 1.0)",0.0,0.0,1.3998673907592154,88.28044711384054,-1.8076334448137652,0.0,0.0,0.0,0.0,0.0,0.0,0.0,0.0,30.201485805512974,-15.492808909061978,False,True,False,True,False,0.0,0,0.8924721835883173,0.9953059805285124,False,False,False,False,-0.15898181851097398,-0.16138124789560163,False,False,False,False,-221250.0,-186469.7645926202,False,False,False,False,7534.836060293602,False,False,False,False
2025-06-17 17:00:00+00:00,85.75,85.8,85.265,85.345,1288.0,,,,,,,,,,,,,,,,,,,,,,,,,89.37671407429724,"rgba(239, 83, 80, 1.0)",0.0,0.0,1.4084227553035913,88.27635281040249,-2.0813017961859197,0.0,0.0,0.0,0.0,0.0,0.0,0.0,0.0,28.462380677243168,-17.514609712306665,False,True,False,True,False,0.0,0,0.8814629085249871,1.0016427459795958,False,False,False,False,-0.21475504782285285,-0.18806814785922724,False,False,False,False,-222538.0,-187028.9620407966,False,False,False,False,7437.985888816182,False,False,False,False
2025-06-17 18:00:00+00:00,85.295,85.295,84.815,84.905,7036.0,,,,,,,,,,,,,,,,,,,,,,,,,89.35756930729939,"rgba(239, 83, 80, 1.0)",0.0,0.0,1.4219630606823959,88.2499171008869,-2.352323483903785,0.0,0.0,0.0,0.0,0.0,0.0,0.0,0.0,25.979800106943884,-20.09077784197795,False,True,False,True,False,0.0,0,0.873946689595873,1.008770421324162,False,False,False,False,-0.2810294238229931,-0.23454878584111016,False,False,False,False,-229574.0,-187688.57503241216,False,False,False,False,7431.75354945469,False,False,False,False
2025-06-17 19:00:00+00:00,84.915,85.005,84.745,84.87,29049.0,,,,,,,,,,,,,,,,,,,,,,,,,89.27793317670523,"rgba(239, 83, 80, 1.0)",0.0,0.0,1.4291663449160639,88.14394856815038,-2.2908100094832946,0.0,0.0,0.0,0.0,0.0,0.0,0.0,0.0,24.226546386807467,-21.885779110141932,False,True,False,True,False,0.0,0,0.8694568580268136,1.0174458576830532,False,False,False,False,-0.3066199789480827,-0.2705843823945964,False,False,False,False,-258623.0,-188788.3335590414,False,False,False,False,7766.904657215082,False,False,False,False
2025-06-18 14:00:00+00:00,84.71,85.06,84.62,85.02,4717.0,,,,,,,,,,,,,,,,,,,,,,,,,89.26534464961308,"rgba(239, 83, 80, 1.0)",0.0,0.0,1.4346780346343786,87.91282301128969,-2.0163569396438943,0.0,0.0,0.0,0.0,0.0,0.0,0.0,0.0,24.730818630074005,-21.885779110141932,False,True,False,True,False,0.0,0,0.8694461090660051,1.0145535484975605,False,False,False,False,-0.3116404987683096,-0.291112440581453,False,False,False,False,-253906.0,-189797.90978293223,False,False,False,False,7719.6193136923675,False,False,False,False
2025-06-18 15:00:00+00:00,85.02,85.155,84.75,84.755,6948.0,,,,,,,,,,,,,,,,,,,,,,,,,89.24687718894629,"rgba(239, 83, 80, 1.0)",0.0,0.0,1.4490994780540765,87.89075551727043,-2.163933922246173,0.0,0.0,0.0,0.0,0.0,0.0,0.0,0.0,24.10805855141954,-22.30837501623926,False,True,False,True,False,0.0,0,0.8691524843923718,1.0177884204224754,False,False,False,False,-0.2955558452954013,-0.2933341429384272,False,False,False,False,-260854.0,-190899.55459249916,False,False,False,False,7707.656223557602,False,False,False,False
2025-06-18 16:00:00+00:00,84.8,85.01,84.725,84.96,8055.0,,,,,,,,,,,,,,,,,,,,,,,,,89.22571817476337,"rgba(239, 83, 80, 1.0)",0.0,0.0,1.4633036792330416,87.8667191255861,-1.986408677048909,0.0,0.0,0.0,0.0,0.0,0.0,0.0,0.0,25.97221380007444,-22.30837501623926,False,True,False,True,True,0.0,0,0.8695875406469281,1.0189115180557935,False,False,False,False,-0.30769453556493537,-0.30051433925168125,False,False,False,False,-252799.0,-191859.23591664646,False,False,False,False,7713.041398386166,False,False,False,False
2025-06-18 17:00:00+00:00,84.94,85.19,84.78,85.18,4871.0,,,,,,,,,,,,,,,,,,,,,,,,,89.21346751887545,"rgba(239, 83, 80, 1.0)",0.0,0.0,1.4633036792330416,87.85529566109616,-1.8282573187394395,0.0,0.0,0.0,0.0,0.0,0.0,0.0,0.0,29.48045077045068,-24.203067968352826,False,True,False,True,True,0.0,0,0.8736536160027357,1.0133356129252868,False,False,False,False,-0.29093703731941106,-0.29572568828554613,False,False,False,False,-247928.0,-192728.51908072946,False,False,False,False,7668.978741046845,False,False,False,False
2025-06-18 18:00:00+00:00,85.35,85.35,84.735,84.765,4977.0,,,,,,,,,,,,,,,,,,,,,,,,,89.20072542720285,"rgba(239, 83, 80, 1.0)",0.0,0.0,1.475582883760226,87.84146222330311,-2.0849131940751207,0.0,0.0,0.0,0.0,0.0,0.0,0.0,0.0,29.748213633456906,-23.921721611543628,False,True,False,True,True,0.0,0,0.8814110797157294,1.0080486343008823,False,False,False,False,-0.2827946503291463,-0.2892601693073462,False,False,False,False,-252905.0,-193661.48777715224,False,False,False,False,7627.242636534491,False,False,False,False
2025-06-18 19:00:00+00:00,84.675,84.98,84.67,84.78,7859.0,,,,,,,,,,,,,,,,,,,,,,,,,89.18010161477946,"rgba(239, 83, 80, 1.0)",0.0,0.0,1.4835110592989729,87.8167403277644,-2.046995409120445,0.0,0.0,0.0,0.0,0.0,0.0,0.0,0.0,30.086483135525604,-23.461788213847875,False,True,False,True,True,0.0,0,0.8829059829059832,1.0033333333333336,False,False,False,False,-0.3137968047858322,-0.3015284870465892,False,False,False,False,-245046.0,-194458.14688138245,False,False,False,False,7630.835773952561,False,False,False,False
2025-06-19 14:00:00+00:00,84.78,84.78,84.78,84.78,0.0,,,,,,,,,,,,,,,,,,,,,,,,,89.18010161477946,"rgba(239, 83, 80, 1.0)",0.0,0.0,1.490889072072273,87.8167403277644,-2.0368653742585052,0.0,0.0,0.0,0.0,0.0,0.0,0.0,0.0,30.311996136904735,-23.039030765430404,False,True,False,True,True,0.0,0,0.8919223435604093,1.008580343213729,False,False,False,False,-0.3202828039209098,-0.3109056454837495,False,False,False,False,-245046.0,-195242.45468167108,False,False,False,False,7512.528242573451,False,False,False,False
2025-06-19 15:00:00+00:00,84.78,84.78,84.78,84.78,0.0,,,,,,,,,,,,,,,,,,,,,,,,,89.18010161477946,"rgba(239, 83, 80, 1.0)",0.0,0.0,1.5018275563486994,87.8167403277644,-2.022029969371081,0.0,0.0,0.0,0.0,0.0,0.0,0.0,0.0,30.46233813782416,-22.64344544240498,False,True,False,True,True,0.0,0,0.8952948392184354,1.0008761938140722,False,False,False,False,-0.3202828039209098,-0.3155942247023297,False,False,False,False,-245046.0,-196014.60267110253,False,False,False,False,7396.054936487041,False,False,False,False
2025-06-19 16:00:00+00:00,84.78,84.78,84.78,84.78,0.0,,,,,,,,,,,,,,,,,,,,,,,,,89.18010161477946,"rgba(239, 83, 80, 1.0)",0.0,0.0,1.508824352907662,87.8167403277644,-2.0126533097853905,0.0,0.0,0.0,0.0,0.0,0.0,0.0,0.0,30.562566138437106,-22.272053172496317,False,True,False,True,True,0.0,0,0.8840489154690712,1.0120503436579495,False,False,False,False,-0.3202828039209098,-0.31793851431161974,False,False,False,False,-245046.0,-196774.77937387614,False,False,False,False,7281.387418091893,False,False,False,False
2025-06-19 17:00:00+00:00,84.78,84.78,84.78,84.78,0.0,,,,,,,,,,,,,,,,,,,,,,,,,89.18010161477946,"rgba(239, 83, 80, 1.0)",0.0,0.0,1.5145442034300092,87.8167403277644,-2.005052292885911,0.0,0.0,0.0,0.0,0.0,0.0,0.0,0.0,30.629384805512405,-21.924986467341956,False,True,False,True,True,0.0,0,0.8848985455198423,1.0070928353384816,False,False,False,False,-0.3202828039209098,-0.3191106591162648,False,False,False,False,-245046.0,-197523.1703913354,False,False,False,False,7168.4976906796155,False,False,False,False
2025-06-19 18:00:00+00:00,84.78,84.78,84.78,84.78,0.0,,,,,,,,,,,,,,,,,,,,,,,,,89.18010161477946,"rgba(239, 83, 80, 1.0)",0.0,0.0,1.5212903839937093,87.8167403277644,-1.9961608643001605,0.0,0.0,0.0,0.0,0.0,0.0,0.0,0.0,30.673930583562605,-21.603361671812003,False,True,False,True,True,0.0,0,0.8876161269955808,1.0026156760169576,False,False,False,False,-0.3202828039209098,-0.3196967315185873,False,False,False,False,-245046.0,-198259.95844728372,False,False,False,False,7057.358191599311,False,False,False,False
2025-06-19 19:00:00+00:00,84.78,84.78,84.78,84.78,0.0,,,,,,,,,,,,,,,,,,,,,,,,,89.18010161477946,"rgba(239, 83, 80, 1.0)",0.0,0.0,1.5311255119462375,87.8167403277644,-1.9833385990050927,0.0,0.0,0.0,0.0,0.0,0.0,0.0,0.0,30.703627768929405,-21.308211943579856,False,True,False,True,True,0.0,0,0.8967123287671235,1.0000000000000004,False,False,False,False,-0.3202828039209098,-0.3199897677197485,False,False,False,False,-245046.0,-198985.32343259716,False,False,False,False,6947.9417855280035,False,False,False,False
2025-06-20 14:00:00+00:00,86.115,86.165,85.755,86.04,6748.0,,,,,,,,,,,,,,,,,,,,,,,,,89.16727386460796,"rgba(38, 166, 154, 1.0)",0.0,0.0,1.5248646314159955,87.81715570197085,-1.1654514540878078,0.0,0.0,0.0,0.0,0.0,0.0,0.0,0.0,43.84194313380034,-9.233364899261822,False,False,False,True,True,0.0,0,0.8985546278840115,0.9881497441422034,False,False,False,False,-0.15697407571370964,-0.23848192171672908,False,False,False,False,-238298.0,-199594.82229410726,False,False,False,False,6944.841912884158,False,False,False,False
2025-06-20 15:00:00+00:00,86.04,86.24,85.765,85.765,9541.0,,,,,,,,,,,,,,,,,,,,,,,,,89.14895390459233,"rgba(38, 166, 154, 1.0)",0.0,0.0,1.5211414040681643,87.6938945643546,-1.268057367445214,0.0,0.0,0.0,0.0,0.0,0.0,0.0,0.0,49.73826036554232,-4.484286794525417,True,False,True,False,True,0.0,0,0.9029830690674554,0.9812774343814394,False,False,False,False,-0.15129222610501772,-0.1948870739108734,False,False,False,False,-247839.0,-200342.79404148544,False,False,False,False,6985.092425862697,False,False,False,False
2025-06-20 16:00:00+00:00,85.755,85.88,85.44,85.57,6670.0,,,,,,,,,,,,,,,,,,,,,,,,,89.1351155036511,"rgba(38, 166, 154, 1.0)",0.0,0.0,1.5191100909637079,87.67737302000275,-1.3872418019854362,0.0,0.0,0.0,0.0,0.0,0.0,0.0,0.0,51.84362417547338,-3.1547905204683104,True,False,True,False,True,0.0,0,0.9047359825802942,0.9825802939575401,False,False,False,False,-0.1973907906244829,-0.19613893226767815,False,False,False,False,-254509.0,-201182.58018037712,False,False,False,False,6980.207271973353,False,False,False,False
2025-06-20 17:00:00+00:00,85.585,85.655,85.105,85.11,3114.0,,,,,,,,,,,,,,,,,,,,,,,,,89.12806893193864,"rgba(38, 166, 154, 1.0)",0.0,0.0,1.530537869890996,87.66578998378948,-1.6698639308882326,0.0,0.0,0.0,0.0,0.0,0.0,0.0,0.0,49.6770488099766,-3.1547905204683104,True,False,False,False,False,0.0,0,0.9022978107472412,0.9829925818708165,False,False,False,False,-0.23569387834143044,-0.2159164053045543,False,False,False,False,-257623.0,-202057.6254488984,False,False,False,False,6920.2660739582625,False,False,False,False
2025-06-20 18:00:00+00:00,85.125,85.36,85.065,85.21,4526.0,,,,,,,,,,,,,,,,,,,,,,,,,89.11766502440501,"rgba(38, 166, 154, 1.0)",0.0,0.0,1.5409996258423109,87.64984000604446,-1.5832839704362975,0.0,0.0,0.0,0.0,0.0,0.0,0.0,0.0,49.04601260387176,-3.1547905204683104,True,False,False,False,False,0.0,0,0.9088674435542611,0.9849781500364171,False,False,False,False,-0.2589292697397039,-0.23742283752212912,False,False,False,False,-253097.0,-202848.93358147363,False,False,False,False,6883.145669710848,False,False,False,False
2025-06-20 19:00:00+00:00,85.18,85.525,85.18,85.415,10597.0,,,,,,,,,,,,,,,,,,,,,,,,,89.09451992646365,"rgba(38, 166, 154, 1.0)",0.0,0.0,1.5500169339380747,87.62539382603612,-1.426044953212375,0.0,0.0,0.0,0.0,0.0,0.0,0.0,0.0,50.25007894606443,-3.1547905204683104,True,False,False,False,False,0.0,0,0.911595657330536,0.977739257367029,False,False,False,False,-0.23949091371610667,-0.23845687561911788,False,False,False,False,-242500.0,-203463.67879726473,False,False,False,False,6940.724806614556,False,False,False,False
2025-06-23 14:00:00+00:00,85.2,85.485,85.2,85.32,2395.0,,,,,,,,,,,,,,,,,,,,,,,,,89.08927507271532,"rgba(38, 166, 154, 1.0)",0.0,0.0,1.5601768553017037,87.61998178355503,-1.4741801711385307,0.0,0.0,0.0,0.0,0.0,0.0,0.0,0.0,50.238206657477335,-3.1547905204683104,True,False,False,False,False,0.0,0,0.9061789061789066,0.9787969787969792,False,False,False,False,-0.24087333028751312,-0.2396651029533155,False,False,False,False,-244895.0,-204106.0248624234,False,False,False,False,6870.2484530236325,False,False,False,False
2025-06-23 15:00:00+00:00,85.26,85.285,84.875,84.895,6967.0,,,,,,,,,,,,,,,,,,,,,,,,,89.07282085451102,"rgba(239, 83, 80, 1.0)",0.0,0.0,1.5750457508010394,87.59807510276003,-1.71618830842552,0.0,0.0,0.0,0.0,0.0,0.0,0.0,0.0,47.06106127229914,-3.1547905204683104,True,False,False,True,False,0.0,0,0.899772830531577,0.9858246251703778,False,False,False,False,-0.2775040725294996,-0.2585845877414076,False,False,False,False,-251862.0,-204846.42757773466,False,False,False,False,6871.748477007763,False,False,False,False
2025-06-23 16:00:00+00:00,84.91,84.91,84.36,84.455,2922.0,,,,,,,,,,,,,,,,,,,,,,,,,89.06520912521836,"rgba(239, 83, 80, 1.0)",0.0,0.0,1.5964369307533464,87.40853055625021,-1.8500765669812373,0.0,0.0,0.0,0.0,0.0,0.0,0.0,0.0,42.49130343617241,-1.8803659665544075,True,False,False,True,False,0.0,0,0.899428156485432,0.9869292910955801,False,False,False,False,-0.34136376345092917,-0.29997417559616835,False,False,False,False,-254784.0,-205620.65350676203,False,False,False,False,6810.512066511517,False,False,False,False
2025-06-23 17:00:00+00:00,84.42,85.14,84.415,85.125,2346.0,,,,,,,,,,,,,,,,,,,,,,,,,89.05954841837888,"rgba(239, 83, 80, 1.0)",0.0,0.0,1.6071029359832976,87.40987327641942,-1.4217342431904838,0.0,0.0,0.0,0.0,0.0,0.0,0.0,0.0,44.6958288148639,-1.8803659665544075,True,False,False,True,False,0.0,0,0.8943331528604949,0.9888106839920596,False,False,False,False,-0.32064389794409165,-0.31030903677013,False,False,False,False,-252438.0,-206346.5038399905,False,False,False,False,6741.294825170253,False,False,False,False
2025-06-23 18:00:00+00:00,85.15,85.275,85.04,85.085,2714.0,,,,,,,,,,,,,,,,,,,,,,,,,89.05339503417375,"rgba(239, 83, 80, 1.0)",0.0,0.0,1.6191730232679165,87.41205930187122,-1.4371900151687393,0.0,0.0,0.0,0.0,0.0,0.0,0.0,0.0,45.90972560960588,-1.8803659665544075,True,False,False,True,True,0.0,0,0.9035981603390753,0.9848498512038962,False,False,False,False,-0.2666176751381723,-0.2884633559541512,False,False,False,False,-255152.0,-207103.1781990604,False,False,False,False,6678.856145710249,False,False,False,False
2025-06-23 19:00:00+00:00,85.125,85.385,85.125,85.345,8385.0,,,,,,,,,,,,,,,,,,,,,,,,,89.03523604072775,"rgba(239, 83, 80, 1.0)",0.0,0.0,1.627419855902794,87.40970009386099,-1.2686954054125275,0.0,0.0,0.0,0.0,0.0,0.0,0.0,0.0,48.48504139146328,-7.2610675838861525,True,False,False,False,True,0.0,0,0.9024192092435459,0.9868207257627735,False,False,False,False,-0.2530087156998256,-0.27073603582698835,False,False,False,False,-246767.0,-207718.12117271838,False,False,False,False,6705.307988412415,False,False,False,False
2025-06-24 14:00:00+00:00,85.52,86.655,85.52,86.59,5671.0,,,,,,,,,,,,,,,,,,,,,,,,,89.02620452777083,"rgba(38, 166, 154, 1.0)",0.0,0.0,1.6272072687567425,87.43012318132614,-0.5162975838769609,0.0,0.0,0.0,0.0,0.0,0.0,0.0,0.0,55.701646253587995,-0.5439890421030569,True,False,True,False,True,0.24436328383007933,0,0.9059125508939637,0.9660116834838026,False,False,False,False,-0.13995717268540353,-0.20534660425619594,False,False,False,False,-241096.0,-208235.6076661646,False,False,False,False,6689.272205646331,False,False,False,False
2025-06-24 15:00:00+00:00,86.595,86.805,86.505,86.795,6229.0,,,,,,,,,,,,,,,,,,,,,,,,,89.01793982387863,"rgba(38, 166, 154, 1.0)",0.0,0.0,1.6264673208968043,87.45505886153714,-0.40582362341789535,0.0,0.0,0.0,0.0,0.0,0.0,0.0,0.0,61.12836684187192,4.27018805416148,True,False,True,False,True,1.3044321194760577,0,0.9267968056787935,0.9637089618456077,False,False,False,False,-0.06504708058264554,-0.13519684241942073,False,False,False,False,-234867.0,-208648.49746978996,False,False,False,False,6682.136202458016,False,False,False,False
2025-06-24 16:00:00+00:00,86.815,87.095,86.81,87.04,6163.0,,,,,,,,,,,,,,,,,,,,,,,,,89.01080184119134,"rgba(38, 166, 154, 1.0)",0.0,0.0,1.6266056516393972,87.47873561667548,-0.2697246356136086,0.0,0.0,0.0,0.0,0.0,0.0,0.0,0.0,65.46312665291498,8.053771200716241,True,False,True,False,True,2.557202517374691,0,0.9248014121800533,0.9584289496910855,False,False,False,False,-0.026118703312319056,-0.08065777286586989,False,False,False,False,-228704.0,-208959.43549351415,False,False,False,False,6674.087579164093,False,False,False,False
2025-06-24 17:00:00+00:00,87.04,87.17,86.945,87.15,3057.0,,,,,,,,,,,,,,,,,,,,,,,,,89.0074649082762,"rgba(38, 166, 154, 1.0)",0.0,0.0,1.6260072914076964,87.48942003511401,-0.20874447298459162,0.0,0.0,0.0,0.0,0.0,0.0,0.0,0.0,68.6748185292414,10.887915042225458,True,False,True,False,True,3.117033115864583,0,0.9274725274725277,0.9572747252747251,False,False,False,False,-0.012404203262371887,-0.04653098806412089,False,False,False,False,-225647.0,-209218.15742384727,False,False,False,False,6618.008701967749,False,False,False,False
2025-06-24 18:00:00+00:00,87.155,87.475,87.145,87.37,4814.0,,,,,,,,,,,,,,,,,,,,,,,,,89.00289226983492,"rgba(38, 166, 154, 1.0)",0.0,0.0,1.6236113179301854,87.50781408392623,-0.08488120426625162,0.0,0.0,0.0,0.0,0.0,0.0,0.0,0.0,71.45906890387181,13.463585776590449,True,False,True,False,True,4.2331133794639975,0,0.9313871165107948,0.9521894939253561,False,False,False,False,0.020566690620381828,-0.012982148721869532,False,False,False,False,-220833.0,-209398.2325025473,False,False,False,False,6590.039574805459,False,False,False,False
2025-06-24 19:00:00+00:00,87.37,87.505,87.285,87.335,12509.0,,,,,,,,,,,,,,,,,,,,,,,,,88.99144267199392,"rgba(38, 166, 154, 1.0)",0.0,0.0,1.6218657924279463,87.54613660803872,-0.13018130663120728,0.0,0.0,0.0,0.0,0.0,0.0,0.0,0.0,72.96405881323251,15.004405050336473,True,False,True,False,True,4.033907488839663,0,0.9340879407923381,0.9518502394427514,False,False,False,False,0.03167230019267206,0.009345075735401264,False,False,False,False,-233342.0,-209769.45370405816,False,False,False,False,6681.806403103048,False,False,False,False
2025-06-25 14:00:00+00:00,87.645,87.9,87.515,87.56,7262.0,,,,,,,,,,,,,,,,,,,,,,,,,88.98602148604799,"rgba(38, 166, 154, 1.0)",0.0,0.0,1.620664328250655,87.57384366741236,-0.008541970827051215,0.0,0.0,0.0,0.0,0.0,0.0,0.0,0.0,74.68826547363268,16.897507988419065,True,False,True,False,True,5.18531911545379,0,0.9355923435075015,0.9427487497844455,False,False,False,False,0.07259013227427995,0.040967604004840605,False,False,False,False,-226080.0,-210022.33039081696,False,False,False,False,6690.801652667342,False,False,False,False
2025-06-25 15:00:00+00:00,87.555,87.555,87.29,87.48,3807.0,,,,,,,,,,,,,,,,,,,,,,,,,88.98273616821616,"rgba(38, 166, 154, 1.0)",0.0,0.0,1.6187518214534125,87.5776454987993,-0.06032147578473345,0.0,0.0,0.0,0.0,0.0,0.0,0.0,0.0,74.93255585193229,17.537093246014024,True,False,True,False,True,4.7160662104754465,0,0.9319430140748374,0.9488499828355647,False,False,False,False,0.0352668320576719,0.038117218031256256,False,False,False,False,-229887.0,-210330.30976460275,False,False,False,False,6646.091549525212,False,False,False,False
2025-06-25 16:00:00+00:00,87.48,87.675,87.48,87.56,978.0,,,,,,,,,,,,,,,,,,,,,,,,,88.98196544682753,"rgba(38, 166, 154, 1.0)",0.0,0.0,1.616869199721576,87.57984428792358,-0.01227327969819253,0.0,0.0,0.0,0.0,0.0,0.0,0.0,0.0,75.40369101193363,18.50992211700097,True,False,True,False,True,5.133277835393258,0,0.934467494141134,0.9509591181321068,False,False,False,False,0.05554666468372016,0.04683194135748821,False,False,False,False,-228909.0,-210618.35147367866,False,False,False,False,6558.21416116048,False,False,False,False
2025-06-25 17:00:00+00:00,87.57,87.61,87.3,87.43,4474.0,,,,,,,,,,,,,,,,,,,,,,,,,88.97813882770167,"rgba(38, 166, 154, 1.0)",0.0,0.0,1.616103859497887,87.58624562363468,-0.09668043468643114,0.0,0.0,0.0,0.0,0.0,0.0,0.0,0.0,74.0799189300222,18.50992211700097,True,False,True,False,True,4.3522137359073305,0,0.9366429439333452,0.948359659781288,False,False,False,False,0.039516097230425165,0.043174019293956686,False,False,False,False,-233383.0,-210971.29176090844,False,False,False,False,6525.90076331303,False,False,False,False
2025-06-25 18:00:00+00:00,87.45,87.545,87.32,87.5,2375.0,,,,,,,,,,,,,,,,,,,,,,,,,88.97612623809884,"rgba(38, 166, 154, 1.0)",0.0,0.0,1.6155811522355479,87.58985432738831,-0.055617340709857875,0.0,0.0,0.0,0.0,0.0,0.0,0.0,0.0,73.55472848917772,18.50992211700097,True,False,True,False,True,4.728554504781986,0,0.9402126546975772,0.9496252396723026,False,False,False,False,0.03657415556518249,0.03987408742956959,False,False,False,False,-231008.0,-211281.93840027417,False,False,False,False,6461.54571271903,False,False,False,False
2025-06-25 19:00:00+00:00,87.52,87.73,87.515,87.59,6632.0,,,,,,,,,,,,,,,,,,,,,,,,,88.97111023468554,"rgba(38, 166, 154, 1.0)",0.0,0.0,1.6142332238249162,87.60420414014249,-0.008799310987309083,0.0,0.0,0.0,0.0,0.0,0.0,0.0,0.0,73.67644195760161,18.50992211700097,True,False,True,False,True,5.2162574306935525,0,0.9390893996329637,0.948702263392467,False,False,False,False,0.061442178480308494,0.05065813295493904,False,False,False,False,-224376.0,-211484.94710724664,False,False,False,False,6464.188414847417,False,False,False,False
2025-06-26 14:00:00+00:00,87.575,87.74,87.445,87.55,5400.0,,,,,,,,,,,,,,,,,,,,,,,,,88.96695371416831,"rgba(38, 166, 154, 1.0)",0.0,0.0,1.6136741356963917,87.613799002441,-0.03953648449193782,0.0,0.0,0.0,0.0,0.0,0.0,0.0,0.0,73.13924806700504,18.50992211700097,True,False,True,False,True,4.9645677128162795,0,0.939963296338373,0.9448571178886658,False,False,False,False,0.05751138722268668,0.054084760088812855,False,False,False,False,-229776.0,-211768.52932263818,False,False,False,False,6447.689369655985,False,False,False,False
2025-06-26 15:00:00+00:00,87.52,87.6,87.29,87.35,10278.0,,,,,,,,,,,,,,,,,,,,,,,,,88.95817869166531,"rgba(38, 166, 154, 1.0)",0.0,0.0,1.6102550019082231,87.62416167877132,-0.17025979018629198,0.0,0.0,0.0,0.0,0.0,0.0,0.0,0.0,69.80970207715953,18.50992211700097,True,False,True,False,False,3.70463510274136,0,0.9392588708267788,0.9456388743226711,False,False,False,False,0.038208486219776135,0.04614662315429449,False,False,False,False,-240054.0,-212207.06375174454,False,False,False,False,6507.074030591551,False,False,False,False
2025-06-26 16:00:00+00:00,87.355,87.39,87.125,87.22,3103.0,,,,,,,,,,,,,,,,,,,,,,,,,88.95526234447682,"rgba(38, 166, 154, 1.0)",0.0,0.0,1.608684062957576,87.62541321231465,-0.25201543401213355,0.0,0.0,0.0,0.0,0.0,0.0,0.0,0.0,65.84387646700475,20.61355327088522,True,False,True,False,False,2.890639102090187,0,0.9423556664290808,0.9434248039914469,False,False,False,False,0.013710050954598619,0.029928337054446554,False,False,False,False,-243157.0,-212686.9077245857,False,False,False,False,6454.2976890319915,False,False,False,False
2025-06-26 17:00:00+00:00,87.22,87.305,87.045,87.05,3529.0,,,,,,,,,,,,,,,,,,,,,,,,,88.9517418966557,"rgba(38, 166, 154, 1.0)",0.0,0.0,1.5911476593557092,87.6256409752087,-0.36177721899285525,0.0,0.0,0.0,0.0,0.0,0.0,0.0,0.0,61.100466812863935,16.210282642600163,True,False,True,False,False,1.830325993357448,0,0.94458325896841,0.9408352668213456,False,False,False,False,0.0029376873243621934,0.016433012189404374,False,False,False,False,-246686.0,-213214.02543428203,False,False,False,False,6408.944236488859,False,False,False,False
2025-06-26 18:00:00+00:00,87.05,87.145,86.94,87.075,5103.0,,,,,,,,,,,,,,,,,,,,,,,,,88.94645235198766,"rgba(38, 166, 154, 1.0)",0.0,0.0,1.5733250410147173,87.59484659523282,-0.3304127130001981,0.0,0.0,0.0,0.0,0.0,0.0,0.0,0.0,58.22327746657797,13.634108574301038,True,False,True,False,False,1.9794881821935384,0,0.9404091843116235,0.9444295541856518,False,False,False,False,-0.014363011644514853,0.0010350002724447607,False,False,False,False,-241583.0,-213653.8544973164,False,False,False,False,6388.697039023915,False,False,False,False
2025-06-26 19:00:00+00:00,87.08,87.23,86.98,87.18,11722.0,,,,,,,,,,,,,,,,,,,,,,,,,88.93490033076891,"rgba(38, 166, 154, 1.0)",0.0,0.0,1.555095446217409,87.59906797337533,-0.26948054821628775,0.0,0.0,0.0,0.0,0.0,0.0,0.0,0.0,57.52637070465322,12.98310902217142,True,False,True,False,False,2.6119260468301455,0,0.9431818181818185,0.9418396564065855,False,False,False,False,-0.0062018663341407345,-0.002583433030847987,False,False,False,False,-229861.0,-213905.1280710014,False,False,False,False,6471.383906635947,False,False,False,False
2025-06-27 14:00:00+00:00,87.81,88.035,87.505,87.885,10752.0,,,,,,,,,,,,,,,,,,,,,,,,,88.92836673171757,"rgba(38, 166, 154, 1.0)",0.0,0.0,1.542759996047564,87.63174515789218,0.16415699315294782,0.0,0.0,0.0,0.0,0.0,0.0,0.0,0.0,62.44251575919134,12.98310902217142,True,False,True,False,True,6.666809990463058,0,0.9447200566973779,0.9340007087172216,False,False,False,False,0.08079850763104533,0.03910753730009867,False,False,False,False,-219109.0,-213985.8082559471,False,False,False,False,6537.750047618336,False,False,False,False
2025-06-27 15:00:00+00:00,87.885,88.35,87.765,88.18,10229.0,,,,,,,,,,,,,,,,,,,,,,,,,88.92381218324667,"rgba(38, 166, 154, 1.0)",0.0,0.0,1.5303618396835548,87.66359081583673,0.337442538602545,0.0,0.0,0.0,0.0,0.0,0.0,0.0,0.0,67.08446507370047,10.897440418196943,True,False,True,False,True,8.26300115709287,0,0.951434878587197,0.9285651214128035,False,False,False,False,0.11871479301961058,0.07891116515985462,False,False,False,False,-208880.0,-213906.64843802544,False,False,False,False,6594.978729050609,False,False,False,False
2025-06-27 16:00:00+00:00,88.165,88.5,88.12,88.13,4519.0,,,,,,,,,,,,,,,,,,,,,,,,,88.92218271364455,"rgba(38, 166, 154, 1.0)",0.0,0.0,1.516096962598129,87.70620327622245,0.2795314114021332,0.0,0.0,0.0,0.0,0.0,0.0,0.0,0.0,69.48205222204476,13.029110957310387,True,False,True,False,True,7.927976947634715,0,0.9537210756722956,0.940230501206111,False,False,False,False,0.15229417768915005,0.11560267142450234,False,False,False,False,-213399.0,-213898.77791960642,False,False,False,False,6562.793012321142,False,False,False,False
2025-06-27 17:00:00+00:00,88.125,88.125,87.64,87.83,8363.0,,,,,,,,,,,,,,,,,,,,,,,,,88.91747252904344,"rgba(38, 166, 154, 1.0)",0.0,0.0,1.4850145083767234,87.70603810583498,0.0834752074580901,0.0,0.0,0.0,0.0,0.0,0.0,0.0,0.0,67.21809797961528,13.029110957310387,True,False,True,False,True,5.934178435206647,0,0.9492499775442382,0.9446690020659301,False,False,False,False,0.09560176043910408,0.10560221593180322,False,False,False,False,-221762.0,-214020.6883394575,False,False,False,False,6590.703198176628,False,False,False,False
2025-06-27 18:00:00+00:00,87.795,87.89,87.535,87.625,7953.0,,,,,,,,,,,,,,,,,,,,,,,,,88.91226556360508,"rgba(38, 166, 154, 1.0)",0.0,0.0,1.45062092328159,87.70655945623557,-0.056223824519960386,0.0,0.0,0.0,0.0,0.0,0.0,0.0,0.0,63.47114556754,13.029110957310387,True,False,True,False,False,4.599740500321982,0,0.9484508307139654,0.9398293668612482,False,False,False,False,0.07324642851989145,0.08942432222584734,False,False,False,False,-229715.0,-214264.01100086127,False,False,False,False,6611.824078825051,False,False,False,False
2025-06-27 19:00:00+00:00,87.61,87.97,87.61,87.925,11925.0,,,,,,,,,,,,,,,,,,,,,,,,,88.90549333015623,"rgba(38, 166, 154, 1.0)",0.0,0.0,1.4132967433217813,87.71917093949533,0.1456375396584395,0.0,0.0,0.0,0.0,0.0,0.0,0.0,0.0,63.17242611435006,13.029110957310387,True,False,True,False,False,6.29142236274555,0,0.945341949380722,0.9425596840782623,False,False,False,False,0.08342743126575601,0.08642587674580168,False,False,False,False,-217790.0,-214318.67749697194,False,False,False,False,6694.198899308384,False,False,False,False
2025-06-30 14:00:00+00:00,87.58,88.095,87.45,88.015,2487.0,,,,,,,,,,,,,,,,,,,,,,,,,88.9041156788501,"rgba(38, 166, 154, 1.0)",0.0,0.0,1.3771847409879616,87.72183330793675,0.21287390379662574,0.0,0.0,0.0,0.0,0.0,0.0,0.0,0.0,63.573904352905394,13.029110957310387,True,False,True,False,False,6.793149518958867,0,0.9382782406163221,0.9485801307892142,False,False,False,False,0.08112706140735922,0.08377646907658046,False,False,False,False,-215303.0,-214333.93831097236,False,False,False,False,6628.971009396626,False,False,False,False
2025-06-30 15:00:00+00:00,88.015,88.31,88.01,88.105,3880.0,,,,,,,,,,,,,,,,,,,,,,,,,88.90256136748614,"rgba(38, 166, 154, 1.0)",0.0,0.0,1.3660926161996867,87.72991618527229,0.27456689998893097,0.0,0.0,0.0,0.0,0.0,0.0,0.0,0.0,64.4516795592077,13.029110957310387,True,False,True,False,False,7.297618560622624,0,0.9428468403497706,0.9515009465428649,False,False,False,False,0.13230971448425244,0.10804309178041645,False,False,False,False,-211423.0,-214288.80748444566,False,False,False,False,6586.351303824585,False,False,False,False
2025-06-30 16:00:00+00:00,88.105,88.18,87.985,88.08,2151.0,,,,,,,,,,,,,,,,,,,,,,,,,88.90163468103674,"rgba(38, 166, 154, 1.0)",0.0,0.0,1.3567971925165863,87.73370663433657,0.2552285393671276,0.0,0.0,0.0,0.0,0.0,0.0,0.0,0.0,64.68810618912177,13.029110957310387,True,False,True,False,False,7.125449263914497,0,0.9522944116310773,0.9441163107678328,False,False,False,False,0.1220264134016587,0.11503475259103757,False,False,False,False,-213574.0,-214277.7251978651,False,False,False,False,6517.58616733118,False,False,False,False
2025-06-30 17:00:00+00:00,88.145,88.21,87.985,87.99,2718.0,,,,,,,,,,,,,,,,,,,,,,,,,88.90043822127842,"rgba(38, 166, 154, 1.0)",0.0,0.0,1.327445569030236,87.73813517949638,0.18973645803617584,0.0,0.0,0.0,0.0,0.0,0.0,0.0,0.0,63.53920002758831,13.029110957310387,True,False,True,False,False,6.499127044243458,0,0.9546620260120907,0.9421139402821033,False,False,False,False,0.12401466017516363,0.1195247063831006,False,False,False,False,-216292.0,-214308.95426456488,False,False,False,False,6458.67785465938,False,False,False,False
2025-06-30 18:00:00+00:00,87.99,88.23,87.99,88.185,2451.0,,,,,,,,,,,,,,,,,,,,,,,,,88.89945628826005,"rgba(38, 166, 154, 1.0)",0.0,0.0,1.3108373638990702,87.74258226734261,0.33750772204220925,0.0,0.0,0.0,0.0,0.0,0.0,0.0,0.0,64.42531148274429,13.029110957310387,True,False,True,False,False,7.634975930042554,0,0.9640234266059314,0.9380868271822999,False,False,False,False,0.12567227732459468,0.12259849185384764,False,False,False,False,-213841.0,-214301.6991596879,False,False,False,False,6396.5433142770635,False,False,False,False
2025-06-30 19:00:00+00:00,88.185,88.485,88.185,88.295,8529.0,,,,,,,,,,,,,,,,,,,,,,,,,88.89688848425098,"rgba(38, 166, 154, 1.0)",0.0,0.0,1.2973317454132252,87.76177889050535,0.41101369127817505,0.0,0.0,0.0,0.0,0.0,0.0,0.0,0.0,65.86177488636795,13.029110957310387,True,False,True,False,False,8.271867381536765,0,0.9642624476500703,0.9238715681712426,False,False,False,False,0.15563626513218642,0.13911737849301703,False,False,False,False,-205312.0,-214162.32397891756,False,False,False,False,6429.60465824176,False,False,False,False
2025-07-01 14:00:00+00:00,88.17,89.03,88.06,88.765,5647.0,,,,,,,,,,,,,,,,,,,,,,,,,88.89607124920681,"rgba(38, 166, 154, 1.0)",0.0,0.0,1.2952854636842415,87.77814574593233,0.761881671443073,0.0,0.0,0.0,0.0,0.0,0.0,0.0,0.0,69.58258707336927,15.053763971900096,True,False,True,False,True,10.913524434962383,0,0.9608419891534155,0.915249563378987,False,False,False,False,0.18385401013020453,0.16148569431161078,False,False,False,False,-199665.0,-213937.5592660661,False,False,False,False,6417.471252687624,False,False,False,False
2025-07-01 15:00:00+00:00,88.73,89.31,88.725,89.28,2610.0,,,,,,,,,,,,,,,,,,,,,,,,,88.89635417217927,"rgba(38, 166, 154, 1.0)",0.0,0.0,1.299102330405166,87.78889036175276,1.147799987228249,0.0,0.0,0.0,0.0,0.0,0.0,0.0,0.0,73.94964461781206,19.1599306740775,True,False,True,False,True,13.630006470418248,0,0.9686753628513692,0.9191622267132097,False,False,False,False,0.248492930142768,0.20498931222718939,False,False,False,False,-197055.0,-213675.81416116585,False,False,False,False,6358.440690630451,False,False,False,False
2025-07-01 16:00:00+00:00,89.29,89.52,88.775,88.805,2255.0,,,,,,,,,,,,,,,,,,,,,,,,,88.89651424689151,"rgba(38, 166, 154, 1.0)",0.0,0.0,1.2889072052646198,87.75021050213134,0.8183595324475779,0.0,0.0,0.0,0.0,0.0,0.0,0.0,0.0,71.25053580460997,19.1599306740775,True,False,True,False,False,10.22989837238655,0,0.9891626528343838,0.9112634309003336,False,False,False,False,0.2666176611314791,0.23580348667933426,False,False,False,False,-199310.0,-213453.08836021755,False,False,False,False,6294.8214551168,False,False,False,False
2025-07-01 17:00:00+00:00,88.805,89.07,88.69,89.01,2697.0,,,,,,,,,,,,,,,,,,,,,,,,,88.8965516786331,"rgba(38, 166, 154, 1.0)",0.0,0.0,1.3175592435862722,87.75633540239276,0.9515052956517414,0.0,0.0,0.0,0.0,0.0,0.0,0.0,0.0,70.4749439636225,19.1599306740775,True,False,True,False,False,11.305978934373929,0,0.9816829381682943,0.9230125523012555,False,False,False,False,0.2294948450861124,0.23264916588272333,False,False,False,False,-196613.0,-213192.00171897386,False,False,False,False,6239.04127751809,False,False,False,False
2025-07-01 18:00:00+00:00,89.01,89.12,88.94,89.055,2616.0,,,,,,,,,,,,,,,,,,,,,,,,,88.89674336240192,"rgba(38, 166, 154, 1.0)",0.0,0.0,1.3463681811742838,87.76681701058457,0.9567835956223332,0.0,0.0,0.0,0.0,0.0,0.0,0.0,0.0,70.1829738838162,19.1599306740775,True,False,True,False,False,11.542129114817456,0,0.9870955676080051,0.9189265008415934,False,False,False,False,0.25022858086611355,0.24143887337441844,False,False,False,False,-193997.0,-212894.40479309828,False,False,False,False,6182.870094920911,False,False,False,False
2025-07-01 19:00:00+00:00,88.995,89.08,88.9,89.015,10560.0,,,,,,,,,,,,,,,,,,,,,,,,,88.89729477744274,"rgba(38, 166, 154, 1.0)",0.0,0.0,1.3719198851137195,87.80088148674187,0.884977706374953,0.0,0.0,0.0,0.0,0.0,0.0,0.0,0.0,69.4949293756956,19.1599306740775,True,False,True,False,False,11.252073976659638,0,0.985204607172957,0.916377938009177,False,False,False,False,0.24467964106837115,0.2430592572213948,False,False,False,False,-204557.0,-212765.14270328282,False,False,False,False,6250.732574069423,False,False,False,False
2025-07-02 14:00:00+00:00,89.17,89.435,88.86,88.975,4835.0,,,,,,,,,,,,,,,,,,,,,,,,,88.8977725001115,"rgba(38, 166, 154, 1.0)",0.0,0.0,1.3988407587955602,87.81726610428527,0.8276380913518475,0.0,0.0,0.0,0.0,0.0,0.0,0.0,0.0,68.50565992140119,22.963292712370702,True,False,True,False,False,10.958096740313461,0,0.9826783386105427,0.9125535481467686,False,False,False,False,0.2666176611314791,0.25483845917643694,False,False,False,False,-209392.0,-212712.84591718542,False,False,False,False,6228.783231835789,False,False,False,False
2025-07-02 15:00:00+00:00,88.97,89.48,88.935,89.21,9476.0,,,,,,,,,,,,,,,,,,,,,,,,,88.89927409461247,"rgba(38, 166, 154, 1.0)",0.0,0.0,1.4312988274055856,87.85080865757557,0.9496209431598112,0.0,0.0,0.0,0.0,0.0,0.0,0.0,0.0,69.3388042511774,22.963292712370702,True,False,True,False,False,12.240444479601504,0,0.9847908745247155,0.9121765742372252,False,False,False,False,0.27504031320667943,0.2649393861915582,False,False,False,False,-199916.0,-212514.4452052911,False,False,False,False,6279.127677853839,False,False,False,False
2025-07-02 16:00:00+00:00,89.205,89.24,89.04,89.18,5897.0,,,,,,,,,,,,,,,,,,,,,,,,,88.90003624777222,"rgba(38, 166, 154, 1.0)",0.0,0.0,1.4605159121793234,87.86856002740882,0.8979292602394929,0.0,0.0,0.0,0.0,0.0,0.0,0.0,0.0,69.4480667271263,22.963292712370702,True,False,True,False,False,12.013481281962683,0,1.0057465850211973,0.9098445595854925,False,False,False,False,0.2654176107995205,0.2651784984955393,False,False,False,False,-205813.0,-212410.54683001526,False,False,False,False,6273.203217732073,False,False,False,False
2025-07-02 17:00:00+00:00,89.17,89.26,89.1,89.16,2763.0,,,,,,,,,,,,,,,,,,,,,,,,,88.900419850786,"rgba(38, 166, 154, 1.0)",0.0,0.0,1.4887890447672876,87.87671633447046,0.8619647424461858,0.0,0.0,0.0,0.0,0.0,0.0,0.0,0.0,69.19716808442996,22.765217357639557,True,False,True,False,False,11.859758281175544,0,0.9886599886599893,0.9148554148554149,False,False,False,False,0.2710361268469319,0.2681073126712356,False,False,False,False,-208576.0,-212351.0964915654,False,False,False,False,6218.7814624183975,False,False,False,False
2025-07-02 18:00:00+00:00,89.16,89.5,89.16,89.31,4562.0,,,,,,,,,,,,,,,,,,,,,,,,,88.90139769038366,"rgba(38, 166, 154, 1.0)",0.0,0.0,1.5164421584152472,87.89192835595802,0.9351307177610639,0.0,0.0,0.0,0.0,0.0,0.0,0.0,0.0,70.1281432758368,22.765217357639557,True,False,True,False,False,12.70204755410709,0,0.9902710871823943,0.9097005761783321,False,False,False,False,0.2922583589087918,0.2801828357900137,False,False,False,False,-204014.0,-212221.83918161865,False,True,False,False,6193.094928117337,False,True,False,False
2025-07-02 19:00:00+00:00,89.31,89.335,89.11,89.3,19898.0,,,,,,,,,,,,,,,,,,,,,,,,,88.90486155803303,"rgba(38, 166, 154, 1.0)",0.0,0.0,1.5429329827275269,87.94696625078977,0.8769232133584924,0.0,0.0,0.0,0.0,0.0,0.0,0.0,0.0,70.56085808137841,22.765217357639557,True,False,True,False,False,12.622531743206835,0,0.9850633390054837,0.9161467196067311,False,False,False,False,0.2770241684457949,0.2786035021179043,False,False,False,False,-223912.0,-212403.08198500442,False,False,False,False,6405.574076518618,False,False,False,False
2025-07-03 14:00:00+00:00,88.545,88.645,87.27,88.09,17313.0,,,,,,,,,,,,,,,,,,,,,,,,,88.89708297890259,"rgba(239, 83, 80, 1.0)",0.0,0.0,1.5482102424910609,87.84527490444982,0.15806967867388533,0.0,0.0,0.0,0.0,0.0,0.0,0.0,0.0,58.5641434573795,12.527104702853848,False,True,True,False,False,3.8011683941317997,0,0.956609116652965,0.918425139307573,False,False,False,False,0.10504271724642981,0.19182310968216706,False,False,False,False,-241225.0,-212849.93342709736,False,False,False,False,6574.681455177245,False,False,False,False
2025-07-03 15:00:00+00:00,88.115,88.16,87.67,87.795,22988.0,,,,,,,,,,,,,,,,,,,,,,,,,88.88552729352388,"rgba(239, 83, 80, 1.0)",0.0,0.0,1.5493725175687973,87.82945287242683,-0.022236661639569836,0.0,0.0,0.0,0.0,0.0,0.0,0.0,0.0,49.13765097332017,4.469357251928017,False,True,False,True,False,1.875772781211758,0,0.9647368899391083,0.9274743251840407,False,False,False,False,0.0994244288902718,0.14562376928621942,False,False,False,False,-264213.0,-213646.26004063073,False,False,False,False,6829.151510135737,False,False,False,False
2025-07-03 16:00:00+00:00,87.765,88.0,87.57,87.77,18712.0,,,,,,,,,,,,,,,,,,,,,,,,,88.87544592438014,"rgba(239, 83, 80, 1.0)",0.0,0.0,1.550695548676129,87.81766738265824,-0.030739356090202192,0.0,0.0,0.0,0.0,0.0,0.0,0.0,0.0,42.73539450533661,-0.6299449991960557,False,True,False,True,False,1.7136843275169937,0,0.9602376599634375,0.939579524680073,False,False,False,False,0.08227632348652922,0.11395004638637432,False,False,False,False,-282925.0,-214720.34903224887,False,False,False,False,7013.38171928092,False,False,False,False
2025-07-03 17:00:00+00:00,87.77,87.77,87.77,87.77,0.0,,,,,,,,,,,,,,,,,,,,,,,,,88.87544592438014,"rgba(239, 83, 80, 1.0)",0.0,0.0,1.5497155565798464,87.81766738265824,-0.030758794706460067,0.0,0.0,0.0,0.0,0.0,0.0,0.0,0.0,38.4672235266809,-3.9027946010148185,False,True,False,True,False,1.7136843275169937,0,0.9615207585381574,0.9443063610420692,False,False,False,False,0.08030098852769879,0.09712551745703656,False,False,False,False,-282925.0,-215777.7854813613,False,False,False,False,6904.647118981991,False,False,False,False
2025-07-03 18:00:00+00:00,87.77,87.77,87.77,87.77,0.0,,,,,,,,,,,,,,,,,,,,,,,,,88.87544592438014,"rgba(239, 83, 80, 1.0)",0.0,0.0,1.5496301505852554,87.81766738265824,-0.030760489940289463,0.0,0.0,0.0,0.0,0.0,0.0,0.0,0.0,35.621776207577085,-6.131890781924781,False,True,False,True,False,1.7136843275169937,0,0.956006298045754,0.9482263591738446,False,False,False,False,0.08030098852769879,0.08871325299236768,False,False,False,False,-282925.0,-216818.8275669216,False,False,False,False,6797.598326439635,False,False,False,False
2025-07-03 19:00:00+00:00,87.77,87.77,87.77,87.77,0.0,,,,,,,,,,,,,,,,,,,,,,,,,88.87544592438014,"rgba(239, 83, 80, 1.0)",0.0,0.0,1.5468832424475498,87.81766738265824,-0.030815113481238228,0.0,0.0,0.0,0.0,0.0,0.0,0.0,0.0,33.724811328174546,-7.774547765362925,False,True,False,True,False,1.7136843275169937,0,0.9503065205275874,0.9503994055359465,False,False,False,False,0.08030098852769879,0.08450712076003324,False,False,False,False,-282925.0,-217843.72946510886,False,False,False,False,6692.209205099485,False,False,False,False
2025-07-04 14:00:00+00:00,87.77,87.77,87.77,87.77,0.0,,,,,,,,,,,,,,,,,,,,,,,,,88.87544592438014,"rgba(239, 83, 80, 1.0)",0.0,0.0,1.5386430402808464,87.81766738265824,-0.030980143808759134,0.0,0.0,0.0,0.0,0.0,0.0,0.0,0.0,32.46016807523952,-9.08999527584573,False,True,False,True,False,1.7136843275169937,0,0.9554122265844087,0.9481211441390913,False,False,False,False,0.08030098852769879,0.08240405464386602,False,False,False,False,-282925.0,-218852.74141138626,False,False,False,False,6588.454023625074,False,False,False,False
2025-07-04 15:00:00+00:00,87.77,87.77,87.77,87.77,0.0,,,,,,,,,,,,,,,,,,,,,,,,,88.87544592438014,"rgba(239, 83, 80, 1.0)",0.0,0.0,1.5223724461721413,87.81766738265824,-0.031311248951005406,0.0,0.0,0.0,0.0,0.0,0.0,0.0,0.0,31.617072573282837,-10.21928941839392,False,True,False,True,False,1.7136843275169937,0,0.9586505027722964,0.9433323935720327,False,False,False,False,0.08030098852769879,0.0813525215857824,False,False,False,False,-282925.0,-219846.10976159733,False,False,False,False,6486.307449615383,False,False,False,False
2025-07-04 16:00:00+00:00,87.77,87.77,87.77,87.77,0.0,,,,,,,,,,,,,,,,,,,,,,,,,88.87544592438014,"rgba(239, 83, 80, 1.0)",0.0,0.0,1.5042675719190437,87.81766738265824,-0.03168810093900791,0.0,0.0,0.0,0.0,0.0,0.0,0.0,0.0,31.055008905311713,-11.234859369879423,False,True,False,True,False,1.7136843275169937,0,0.9572550159930218,0.9604536202384415,False,False,False,False,0.08030098852769879,0.0808267550567406,False,False,False,False,-282925.0,-220824.0770521152,False,False,False,False,6385.744543419795,False,False,False,False
2025-07-04 17:00:00+00:00,87.77,87.77,87.77,87.77,0.0,,,,,,,,,,,,,,,,,,,,,,,,,88.87544592438014,"rgba(239, 83, 80, 1.0)",0.0,0.0,1.4878283133780519,87.81766738265824,-0.03203822795253855,0.0,0.0,0.0,0.0,0.0,0.0,0.0,0.0,30.680299793330963,-12.170746861103652,False,True,False,True,False,1.7136843275169937,0,0.949726669269817,0.9609527528309254,False,False,False,False,0.08030098852769879,0.08056387179221969,False,False,False,False,-282925.0,-221786.88205905916,False,False,False,False,6286.740752048946,False,False,False,False
2025-07-04 18:00:00+00:00,87.77,87.77,87.77,87.77,0.0,,,,,,,,,,,,,,,,,,,,,,,,,88.87544592438014,"rgba(239, 83, 80, 1.0)",0.0,0.0,1.4648469464677416,87.81766738265824,-0.032540862219899304,0.0,0.0,0.0,0.0,0.0,0.0,0.0,0.0,30.43049371867713,-13.040684624830547,False,True,False,True,False,1.7136843275169937,0,0.9523903013644848,0.9562187101207423,False,False,False,False,0.08030098852769879,0.08043243015995924,False,False,False,False,-282925.0,-222734.75985659313,False,False,False,False,6189.27190317997,False,False,False,False
2025-07-04 19:00:00+00:00,87.77,87.77,87.77,87.77,0.0,,,,,,,,,,,,,,,,,,,,,,,,,88.87544592438014,"rgba(239, 83, 80, 1.0)",0.0,0.0,1.4447730206092486,87.81766738265824,-0.032992990579341006,0.0,0.0,0.0,0.0,0.0,0.0,0.0,0.0,30.263956335574576,-13.8486054168893,False,True,False,True,False,1.7136843275169937,0,0.9526108374384241,0.9536945812807882,False,False,False,False,0.08030098852769879,0.08036670934382902,False,False,False,False,-282925.0,-223667.94187432036,False,False,False,False,6093.314199254699,False,False,False,False
2025-07-07 14:00:00+00:00,87.55,87.715,87.34,87.52,13592.0,,,,,,,,,,,,,,,,,,,,,,,,,88.86655957938079,"rgba(239, 83, 80, 1.0)",0.0,0.0,1.4267483347844159,87.80272483895196,-0.1981602725996411,0.0,0.0,0.0,0.0,0.0,0.0,0.0,0.0,27.409054414612783,-17.064000057388327,False,True,False,True,False,0.0,0,0.9472959685349069,0.9546705998033432,False,False,False,False,0.04844220998548604,0.06440445966465752,False,False,False,False,-296517.0,-224797.3846359588,False,False,False,False,6209.572893839898,False,False,False,False
2025-07-07 15:00:00+00:00,87.52,87.61,87.13,87.3,17531.0,,,,,,,,,,,,,,,,,,,,,,,,,88.85376836275356,"rgba(239, 83, 80, 1.0)",0.0,0.0,1.3984132513748988,87.7800784031604,-0.34330224108531543,0.0,0.0,0.0,0.0,0.0,0.0,0.0,0.0,23.957877591052366,-20.62185236021648,False,True,False,True,False,0.0,0,0.9458636274317158,0.9562782471998429,False,False,False,False,0.027806959506373845,0.046105709585515686,False,False,False,False,-314048.0,-226181.1151067191,False,False,False,False,6385.09889548579,False,False,False,False
2025-07-07 16:00:00+00:00,87.295,87.46,86.935,87.06,6042.0,,,,,,,,,,,,,,,,,,,,,,,,,88.84884569469314,"rgba(239, 83, 80, 1.0)",0.0,0.0,1.3691787437846556,87.77065725079909,-0.5190390619377449,0.0,0.0,0.0,0.0,0.0,0.0,0.0,0.0,20.47452314607393,-24.04195446937767,False,True,False,True,False,0.0,0,0.9392596967907072,0.9708604055916521,False,False,False,False,0.005232944985656144,0.025669327285585915,False,False,False,False,-320090.0,-227637.06681049088,False,False,False,False,6379.77953276508,False,False,False,False
2025-07-07 17:00:00+00:00,87.07,87.305,86.925,87.175,9430.0,,,,,,,,,,,,,,,,,,,,,,,,,88.84114443420991,"rgba(239, 83, 80, 1.0)",0.0,0.0,1.3384187860479781,87.75672793196019,-0.43463819995973585,0.0,0.0,0.0,0.0,0.0,0.0,0.0,0.0,21.059133758943332,-24.04195446937767,False,True,False,True,False,0.0,0,0.93838533927687,0.9808816245666171,False,False,False,False,-0.005560024080951269,0.010054651602317322,False,False,False,False,-310660.0,-228924.24406924297,False,False,False,False,6427.069772567173,False,False,False,False
2025-07-07 18:00:00+00:00,87.18,87.235,86.675,87.17,7072.0,,,,,,,,,,,,,,,,,,,,,,,,,88.83505031107826,"rgba(239, 83, 80, 1.0)",0.0,0.0,1.306151247398393,87.74547429055664,-0.4405877892800531,0.0,0.0,0.0,0.0,0.0,0.0,0.0,0.0,21.412512752256724,-24.04195446937767,False,True,False,True,False,0.0,0,0.9275162497537917,0.9802048453811306,False,False,False,False,-0.02649778174310099,-0.008221565070391833,False,False,False,False,-317732.0,-230301.10850227796,False,False,False,False,6437.068690821944,False,False,False,False
2025-07-07 19:00:00+00:00,87.18,87.225,86.72,86.79,18642.0,,,,,,,,,,,,,,,,,,,,,,,,,88.81817127333638,"rgba(239, 83, 80, 1.0)",0.0,0.0,1.2737149963359893,87.7147036643509,-0.725989461544328,0.0,0.0,0.0,0.0,0.0,0.0,0.0,0.0,19.468840416700807,-25.59818046546826,False,True,False,True,False,0.0,0,0.9300822561692128,0.9782608695652174,False,False,False,False,-0.024206913542702695,-0.016214239306547265,False,False,False,False,-336374.0,-231945.649455731,False,False,False,False,6626.29243204951,False,False,False,False
2025-07-08 14:00:00+00:00,86.535,86.96,86.315,86.89,11570.0,,,,,,,,,,,,,,,,,,,,,,,,,88.80681438259798,"rgba(239, 83, 80, 1.0)",0.0,0.0,1.2392701353892803,87.6936144502493,-0.6484578521670474,0.0,0.0,0.0,0.0,0.0,0.0,0.0,0.0,20.437252735579598,-25.59818046546826,False,True,False,True,False,0.0,0,0.9186960318230332,0.9869021053652858,False,False,False,False,-0.06813298684799932,-0.04217361307727329,False,False,False,False,-324804.0,-233385.31380525455,False,False,False,False,6702.939061009983,False,False,False,False
2025-07-08 15:00:00+00:00,86.88,86.95,86.565,86.77,9831.0,,,,,,,,,,,,,,,,,,,,,,,,,88.79744398035862,"rgba(239, 83, 80, 1.0)",0.0,0.0,1.2039338597855094,87.67767482811766,-0.7539241634747054,0.0,0.0,0.0,0.0,0.0,0.0,0.0,0.0,20.352108838506155,-25.59818046546826,False,True,False,True,False,0.0,0,0.924083769633508,0.990110529377545,False,False,False,False,-0.05237688749778166,-0.04727525028752748,False,False,False,False,-334635.0,-234955.0763819173,False,False,False,False,6751.436129831533,False,False,False,False
2025-07-08 16:00:00+00:00,86.785,86.815,86.22,86.385,9292.0,,,,,,,,,,,,,,,,,,,,,,,,,88.7874226546906,"rgba(239, 83, 80, 1.0)",0.0,0.0,1.1706561377245188,87.65883391402235,-1.0881367063930336,0.0,0.0,0.0,0.0,0.0,0.0,0.0,0.0,18.537788000056405,-27.253817151931276,False,True,False,True,False,0.0,0,0.9270228416569883,0.9879984514130857,False,False,False,False,-0.08392293798911787,-0.06559909413832268,False,False,False,False,-343927.0,-236644.56356979453,False,False,False,False,6790.824716965928,False,False,False,False
2025-07-08 17:00:00+00:00,86.39,86.5,86.095,86.375,5226.0,,,,,,,,,,,,,,,,,,,,,,,,,88.78146146287477,"rgba(239, 83, 80, 1.0)",0.0,0.0,1.1659691286686387,87.64735187897261,-1.0912397658636543,0.0,0.0,0.0,0.0,0.0,0.0,0.0,0.0,17.290588514045414,-28.670672933839978,False,True,False,True,False,0.0,0,0.9204545454545457,0.9940292758089371,False,False,False,False,-0.11298577910128935,-0.08929243661980601,False,False,False,False,-349153.0,-238388.88041367367,False,False,False,False,6766.563868640875,False,False,False,False
2025-07-08 18:00:00+00:00,86.37,86.7,86.28,86.66,4655.0,,,,,,,,,,,,,,,,,,,,,,,,,88.77665606084611,"rgba(239, 83, 80, 1.0)",0.0,0.0,1.153320146515986,87.63917890058622,-0.8490087540256522,0.0,0.0,0.0,0.0,0.0,0.0,0.0,0.0,22.009885931433338,-32.230652790960946,False,True,False,True,True,0.0,0,0.9233282090699465,0.9940430438124519,False,False,False,False,-0.08754707234482,-0.08841975448231301,False,False,False,False,-344498.0,-240033.98304291905,False,False,False,False,6733.826444320862,False,False,False,False
2025-07-08 19:00:00+00:00,86.65,87.06,86.575,87.04,24122.0,,,,,,,,,,,,,,,,,,,,,,,,,88.75588387420389,"rgba(239, 83, 80, 1.0)",0.0,0.0,1.1335835825990213,87.61323143822742,-0.5056807870427469,0.0,0.0,0.0,0.0,0.0,0.0,0.0,0.0,30.33631918480944,-24.696393423005674,False,True,False,True,True,0.0,0,0.9299119111451554,0.9865951742627346,False,False,False,False,-0.044509056888729914,-0.06646440568552146,False,False,False,False,-320376.0,-241279.5957089203,False,False,False,False,7003.410530455421,False,False,False,False
2025-07-09 14:00:00+00:00,86.945,86.945,86.11,86.17,14187.0,,,,,,,,,,,,,,,,,,,,,,,,,88.74076707390027,"rgba(239, 83, 80, 1.0)",0.0,0.0,1.1103739934835912,87.5889076710425,-1.2778646468393464,0.0,0.0,0.0,0.0,0.0,0.0,0.0,0.0,30.113105759660126,-24.696393423005674,False,True,False,True,True,0.0,0,0.919084979676718,0.9873333963512619,False,False,False,False,-0.08260562103029039,-0.07453501335790592,False,False,False,False,-334563.0,-242725.85003901456,False,False,False,False,7114.7840106034,False,False,False,False
2025-07-09 15:00:00+00:00,86.17,86.315,86.005,86.185,19926.0,,,,,,,,,,,,,,,,,,,,,,,,,88.71770977389967,"rgba(239, 83, 80, 1.0)",0.0,0.0,1.0891203368349156,87.3834142702247,-1.1003506496879907,0.0,0.0,0.0,0.0,0.0,0.0,0.0,0.0,30.130746442185714,-24.696393423005674,False,True,False,True,True,0.0,0,0.9185297461159531,1.0008525956801817,False,False,False,False,-0.13124394585783464,-0.10288947960787029,False,False,False,False,-314637.0,-243840.75158879728,False,False,False,False,7313.407514314975,False,False,False,False
2025-07-09 16:00:00+00:00,86.18,86.45,86.18,86.405,10614.0,,,,,,,,,,,,,,,,,,,,,,,,,88.70643522311431,"rgba(239, 83, 80, 1.0)",0.0,0.0,1.0696036270124605,87.37066650201182,-0.9028265028504474,0.0,0.0,0.0,0.0,0.0,0.0,0.0,0.0,32.58347738436694,-22.803696635411207,False,True,False,True,True,0.0,0,0.9197314652656161,1.0143023934617628,False,False,False,False,-0.11066763379278993,-0.10677855670033011,False,False,False,False,-304023.0,-244773.80970369963,False,False,False,False,7364.579490837223,False,False,False,False
2025-07-09 17:00:00+00:00,86.39,86.51,86.28,86.46,8768.0,,,,,,,,,,,,,,,,,,,,,,,,,88.69748227100582,"rgba(239, 83, 80, 1.0)",0.0,0.0,1.0461756480083912,87.36109008652605,-0.8613181622430828,0.0,0.0,0.0,0.0,0.0,0.0,0.0,0.0,34.81555948663801,-20.598023301442304,False,True,False,True,True,0.0,0,0.927183992191313,1.0073206442166904,False,False,False,False,-0.10008508580173998,-0.10343182125103505,False,False,False,False,-295255.0,-245556.46381682056,False,False,False,False,7386.337948343622,False,False,False,False
2025-07-09 18:00:00+00:00,86.435,86.75,86.405,86.75,14560.0,,,,,,,,,,,,,,,,,,,,,,,,,88.68417726616057,"rgba(239, 83, 80, 1.0)",0.0,0.0,1.0047093748578328,87.35180624535073,-0.5989853985744742,0.0,0.0,0.0,0.0,0.0,0.0,0.0,0.0,39.24347162298131,-16.413260678923507,False,False,False,True,True,0.0,0,0.9264662970528161,1.0015562688454427,False,False,False,False,-0.07602323285315164,-0.08972752705209334,False,False,False,False,-280695.0,-246101.24732353652,False,False,False,False,7497.557515035968,False,False,False,False
2025-07-09 19:00:00+00:00,86.73,87.085,86.725,86.97,27568.0,,,,,,,,,,,,,,,,,,,,,,,,,88.66296953638151,"rgba(239, 83, 80, 1.0)",0.0,0.0,0.9405760646181789,87.34664684202924,-0.40044272462125957,0.0,0.0,0.0,0.0,0.0,0.0,0.0,0.0,44.10346891570836,-11.968609512240654,False,False,False,True,True,0.0,0,0.9312518180936681,0.9973819451178121,False,False,False,False,-0.03304473406579574,-0.06138613055894454,False,False,False,False,-253127.0,-246210.17372162122,False,False,False,False,7808.727165965643,False,False,False,False
2025-07-10 14:00:00+00:00,87.78,88.875,87.78,88.82,28146.0,,,,,,,,,,,,,,,,,,,,,,,,,88.66088478384945,"rgba(38, 166, 154, 1.0)",0.0,0.0,0.9072412494391825,87.41100200251188,1.5530576881938476,0.0,0.0,0.0,0.0,0.0,0.0,0.0,0.0,55.20292455241844,-2.002037822751916,True,False,True,False,True,9.39856343954352,0,0.9387218045112784,0.9752819548872178,False,False,False,False,0.1542748383342167,0.04644435388763608,False,False,False,False,-224981.0,-245881.03924531702,False,False,False,False,8124.033721532066,False,False,False,False
2025-07-10 15:00:00+00:00,88.83,89.465,88.83,89.12,25607.0,,,,,,,,,,,,,,,,,,,,,,,,,88.66611327432014,"rgba(38, 166, 154, 1.0)",0.0,0.0,0.8742878543429122,87.50610617220804,1.8459524740909525,0.0,0.0,0.0,0.0,0.0,0.0,0.0,0.0,63.24445911841073,4.7984960554263125,True,False,True,False,True,11.02096334549437,0,0.9556944314895999,0.9666075925753191,False,False,False,False,0.26646982608319364,0.15645708998541485,False,False,False,False,-199374.0,-245159.99987717258,False,False,False,False,8395.087462283507,False,False,False,False
2025-07-10 16:00:00+00:00,89.12,89.235,88.68,88.71,12867.0,,,,,,,,,,,,,,,,,,,,,,,,,88.66725640527262,"rgba(38, 166, 154, 1.0)",0.0,0.0,0.8391140598301784,87.52840667098432,1.4081438812439904,0.0,0.0,0.0,0.0,0.0,0.0,0.0,0.0,65.54237437999015,6.410217873166161,True,False,True,False,True,8.15309310350597,0,0.9506403664578856,0.9813966532672711,False,False,False,False,0.2399840274335521,0.19822055870948346,False,False,False,False,-212241.0,-244649.6277860536,False,False,False,False,8464.419439612444,False,False,False,False
2025-07-10 17:00:00+00:00,88.72,89.12,88.705,89.07,13933.0,,,,,,,,,,,,,,,,,,,,,,,,,88.66901040259513,"rgba(38, 166, 154, 1.0)",0.0,0.0,0.8431329659060159,87.55589953280779,1.795802712523738,0.0,0.0,0.0,0.0,0.0,0.0,0.0,0.0,68.09637126065778,8.634937521982657,True,False,True,False,True,10.091952472300008,0,0.9475501633224451,0.9850676621558561,False,False,False,False,0.23376045827556485,0.21599050849252416,False,False,False,False,-198308.0,-243931.1529366574,False,False,False,False,8549.203634347135,False,False,False,False
2025-07-10 18:00:00+00:00,89.015,89.165,88.77,88.79,16940.0,,,,,,,,,,,,,,,,,,,,,,,,,88.670712326348,"rgba(38, 166, 154, 1.0)",0.0,0.0,0.8442045245546574,87.58543910002619,1.4268590903481058,0.0,0.0,0.0,0.0,0.0,0.0,0.0,0.0,67.78745018460884,8.634937521982657,True,False,True,False,True,8.17725988001959,0,0.9489234784229656,0.9841550936713576,False,False,False,False,0.24136950747590777,0.22868000798421595,False,False,False,False,-215248.0,-243486.45289112782,False,False,False,False,8679.293500481288,False,False,False,False
2025-07-10 19:00:00+00:00,88.78,88.965,88.67,88.715,26636.0,,,,,,,,,,,,,,,,,,,,,,,,,88.67195770538994,"rgba(38, 166, 154, 1.0)",0.0,0.0,0.8467229196744223,87.62264113891386,1.2901019161098988,0.0,0.0,0.0,0.0,0.0,0.0,0.0,0.0,67.03878583163053,8.634937521982657,True,False,True,False,True,7.668831803548283,0,0.9438034983252699,0.9889281726832897,False,False,False,False,0.2639166661714625,0.2462983370778392,False,False,False,False,-241884.0,-243461.60866025763,False,False,False,False,8957.692050861424,False,False,False,False
2025-07-11 14:00:00+00:00,88.005,88.075,87.715,87.815,5906.0,,,,,,,,,,,,,,,,,,,,,,,,,88.66999210092592,"rgba(38, 166, 154, 1.0)",0.0,0.0,0.8433567795760776,87.62118332945197,0.22981574968242427,0.0,0.0,0.0,0.0,0.0,0.0,0.0,0.0,61.15321374408249,8.634937521982657,True,False,True,False,False,1.9121153057752558,0,0.9535295213261314,0.992084186999441,False,False,False,False,0.12898534118713953,0.18764183913248939,False,False,False,False,-247790.0,-243528.71550273424,False,False,False,False,8910.37899580931,False,False,False,False
2025-07-11 15:00:00+00:00,87.815,87.905,87.62,87.675,5477.0,,,,,,,,,,,,,,,,,,,,,,,,,88.66787232597801,"rgba(38, 166, 154, 1.0)",0.0,0.0,0.841972576643144,87.6188664644413,0.06666907820501587,0.0,0.0,0.0,0.0,0.0,0.0,0.0,0.0,56.54865202062004,15.56512643930293,True,False,True,False,False,1.0712756396392606,0,0.9548375081478723,0.9778377875034917,False,False,False,False,0.11009117803712377,0.14886650858480657,False,False,False,False,-253267.0,-243679.6966577306,False,False,False,False,8857.148313703738,False,False,False,False
2025-07-11 16:00:00+00:00,87.67,87.68,87.39,87.595,4239.0,,,,,,,,,,,,,,,,,,,,,,,,,88.66592645367443,"rgba(38, 166, 154, 1.0)",0.0,0.0,0.8405347397031985,87.61601245598678,-0.02499891437467253,0.0,0.0,0.0,0.0,0.0,0.0,0.0,0.0,53.070228171844334,12.133659237459938,True,False,False,False,False,0.5894217887654776,0,0.9479323308270677,0.9916353383458645,False,False,False,False,0.07782446165931309,0.11334548512205983,False,False,False,False,-257506.0,-243894.0579498588,False,False,False,False,8785.549115041664,False,False,False,False
2025-07-11 17:00:00+00:00,87.555,87.63,87.455,87.565,2373.0,,,,,,,,,,,,,,,,,,,,,,,,,88.66483522944708,"rgba(38, 166, 154, 1.0)",0.0,0.0,0.8405147607641035,87.61448052161602,-0.05886930715058061,0.0,0.0,0.0,0.0,0.0,0.0,0.0,0.0,50.58513340195374,9.56458895597072,True,False,False,False,False,0.40664986890748267,0,0.9525208491281275,0.9936504927975738,False,False,False,False,0.07888526102980957,0.0961153730759347,False,False,False,False,-259879.0,-244141.88650877573,False,False,False,False,8686.129748916987,False,False,False,False
2025-07-11 18:00:00+00:00,87.565,87.66,87.545,87.55,1456.0,,,,,,,,,,,,,,,,,,,,,,,,,88.66418773050586,"rgba(38, 166, 154, 1.0)",0.0,0.0,0.8401809650624853,87.61365273827406,-0.0757607478875985,0.0,0.0,0.0,0.0,0.0,0.0,0.0,0.0,48.83651554152317,7.577910331999405,True,False,False,True,False,0.31373898580375936,0,0.9554285714285716,0.987047619047619,False,False,False,False,0.0873782399573217,0.0917468065166282,False,False,False,False,-261335.0,-244408.44640786445,False,False,False,False,8574.034714050056,False,False,False,False
2025-07-11 19:00:00+00:00,87.545,87.645,87.43,87.48,3984.0,,,,,,,,,,,,,,,,,,,,,,,,,88.66231076202011,"rgba(38, 166, 154, 1.0)",0.0,0.0,0.8405559185750388,87.61105710051173,-0.15591717054815496,0.0,0.0,0.0,0.0,0.0,0.0,0.0,0.0,47.20601886147675,5.6084486396724955,True,False,False,True,False,0.0,0,0.9527709007808038,0.9845743667872786,False,False,False,False,0.07817804191063246,0.08496242421363033,False,False,False,False,-265319.0,-244732.6410371999,False,False,False,False,8502.871385150056,False,False,False,False
2025-07-14 14:00:00+00:00,87.385,87.74,87.245,87.455,3661.0,,,,,,,,,,,,,,,,,,,,,,,,,88.6605337663978,"rgba(38, 166, 154, 1.0)",0.0,0.0,0.8404077571021541,87.60857739956853,-0.182741530252041,0.0,0.0,0.0,0.0,0.0,0.0,0.0,0.0,45.94024175817719,3.9162144477155536,True,False,False,True,False,0.0,0,0.9480975424613344,0.9864313502229812,False,False,False,False,0.0718164951248203,0.07838945966922531,False,False,False,False,-268980.0,-245108.5690831348,False,False,False,False,8427.803611736877,False,False,False,False
2025-07-14 15:00:00+00:00,87.45,87.56,87.31,87.41,4102.0,,,,,,,,,,,,,,,,,,,,,,,,,88.65845938659488,"rgba(239, 83, 80, 1.0)",0.0,0.0,0.8409223111159605,87.60559572074285,-0.23259665983090586,0.0,0.0,0.0,0.0,0.0,0.0,0.0,0.0,44.74740572224472,2.250690571054072,True,False,False,True,False,0.0,0,0.9467792429560764,0.9913670429750495,False,False,False,False,0.06369621862944513,0.07104283914933522,False,False,False,False,-273082.0,-245542.26568649703,False,False,False,False,8360.73688907429,False,False,False,False
2025-07-14 16:00:00+00:00,87.425,87.625,87.315,87.565,1536.0,,,,,,,,,,,,,,,,,,,,,,,,,88.65773161067347,"rgba(239, 83, 80, 1.0)",0.0,0.0,0.8410156718870555,87.60469809619799,-0.047202564143568285,0.0,0.0,0.0,0.0,0.0,0.0,0.0,0.0,45.59431964084088,2.250690571054072,True,False,False,True,False,0.44265308036980144,0,0.9551112417916301,0.9889248260315591,False,False,False,False,0.06863792841967421,0.06984038378450472,False,False,False,False,-271546.0,-245945.4243580242,False,False,False,False,8254.927014825074,False,False,False,False
2025-07-14 17:00:00+00:00,87.565,87.72,87.54,87.68,1197.0,,,,,,,,,,,,,,,,,,,,,,,,,88.65723614764923,"rgba(239, 83, 80, 1.0)",0.0,0.0,0.840606993259271,87.60428205903698,0.09007531649177841,0.0,0.0,0.0,0.0,0.0,0.0,0.0,0.0,47.32896157043568,2.250690571054072,True,False,False,True,False,1.1945970712095395,0,0.9591475989394092,0.9866444073455756,False,False,False,False,0.09127498779346524,0.08055768578898498,False,False,False,False,-270349.0,-246323.7743679773,False,False,False,False,8145.501789789027,False,False,False,False
2025-07-14 18:00:00+00:00,87.7,87.86,87.67,87.7,1867.0,,,,,,,,,,,,,,,,,,,,,,,,,88.65653815546413,"rgba(239, 83, 80, 1.0)",0.0,0.0,0.8389804677252625,87.60393013944969,0.1145078631100802,0.0,0.0,0.0,0.0,0.0,0.0,0.0,0.0,48.69631706485123,2.250690571054072,True,False,False,False,True,1.3264569533486323,0,0.9586118757373183,0.9862367282736921,False,False,False,False,0.1104469063036399,0.09550229604631244,False,False,False,False,-268482.0,-246667.31274986913,False,False,False,False,8048.160676769042,False,False,False,False
2025-07-14 19:00:00+00:00,87.67,87.73,87.32,87.355,9818.0,,,,,,,,,,,,,,,,,,,,,,,,,88.65178502439964,"rgba(239, 83, 80, 1.0)",0.0,0.0,0.8378282306913626,87.59827300851431,-0.29036143639318857,0.0,0.0,0.0,0.0,0.0,0.0,0.0,0.0,46.1837253875192,2.0727211020994147,True,False,False,True,True,0.0,0,0.9584441161989166,0.987001477104874,False,False,False,False,0.07641033394247258,0.08595631499439252,False,False,False,False,-278300.0,-247157.74200956107,False,False,False,False,8075.60004612146,False,False,False,False
2025-07-15 14:00:00+00:00,86.725,86.77,85.67,85.96,4274.0,,,,,,,,,,,,,,,,,,,,,,,,,88.64740700210513,"rgba(239, 83, 80, 1.0)",0.0,0.0,0.8604768319819273,87.58752603688308,-1.8914234252355397,0.0,0.0,0.0,0.0,0.0,0.0,0.0,0.0,37.97752694464946,-5.710812298137782,False,False,False,True,False,0.0,0,0.9506626680855178,0.9865531585566407,False,False,False,False,-0.1076018661250204,-0.010822775565313941,False,False,False,False,-282574.0,-247706.83128073066,False,False,False,False,8016.660510522678,True,False,False,False
2025-07-15 15:00:00+00:00,85.96,86.18,85.875,86.12,1875.0,,,,,,,,,,,,,,,,,,,,,,,,,88.64543401417389,"rgba(239, 83, 80, 1.0)",0.0,0.0,0.878283158386623,87.5827033515921,-1.665412045790602,0.0,0.0,0.0,0.0,0.0,0.0,0.0,0.0,34.01975545123575,-9.254767445213801,False,True,False,True,False,0.0,0,0.9592610597958189,0.9890131259115208,False,False,False,False,-0.13506455849505353,-0.07294366703018373,False,False,False,False,-280699.0,-248218.33777250227,False,False,False,False,7921.440967723877,False,False,False,False
2025-07-15 16:00:00+00:00,86.125,86.245,86.005,86.05,814.0,,,,,,,,,,,,,,,,,,,,,,,,,88.6445921900956,"rgba(239, 83, 80, 1.0)",0.0,0.0,0.8983633617467963,87.58067862279975,-1.7038524587906965,0.0,0.0,0.0,0.0,0.0,0.0,0.0,0.0,31.140260797078714,-11.85048925644103,False,True,False,True,False,0.0,0,0.9591656007084519,1.00413263800059,False,False,False,False,-0.12113213578039063,-0.09703790140528717,False,False,False,False,-281513.0,-248734.53408610687,False,False,False,False,7811.2480845033515,False,False,False,False
2025-07-15 17:00:00+00:00,86.08,86.105,85.76,86.035,1736.0,,,,,,,,,,,,,,,,,,,,,,,,,88.64270473293551,"rgba(239, 83, 80, 1.0)",0.0,0.0,0.9204455785446192,87.57605770659413,-1.674251843363521,0.0,0.0,0.0,0.0,0.0,0.0,0.0,0.0,29.164487696959483,-13.727440424932475,False,True,False,True,False,0.0,0,0.9701670644391408,1.0000994431185355,False,False,False,False,-0.14869001516471367,-0.12286395828500042,False,False,False,False,-283249.0,-249269.64208477188,False,False,False,False,7717.0581917203535,False,False,False,False
2025-07-15 18:00:00+00:00,86.035,86.155,85.91,86.02,1391.0,,,,,,,,,,,,,,,,,,,,,,,,,88.64122910080455,"rgba(239, 83, 80, 1.0)",0.0,0.0,0.940414720666432,87.57251820495235,-1.650886753295552,0.0,0.0,0.0,0.0,0.0,0.0,0.0,0.0,27.785064905277558,-15.189997776328738,False,True,False,True,False,0.0,0,0.9704742022069786,0.9890645193359175,False,False,False,False,-0.13434885144488873,-0.12860640486494457,False,False,False,False,-284640.0,-249818.01972686843,False,False,False,False,7618.9797701432935,False,False,False,False
2025-07-15 19:00:00+00:00,86.015,86.08,85.835,86.06,4480.0,,,,,,,,,,,,,,,,,,,,,,,,,88.63642129310287,"rgba(239, 83, 80, 1.0)",0.0,0.0,0.9584849296465948,87.56109480365963,-1.5661120558391024,0.0,0.0,0.0,0.0,0.0,0.0,0.0,0.0,27.408623136792976,-15.862998978917794,False,True,False,True,False,0.0,0,0.968159203980099,0.9927363184079597,False,False,False,False,-0.14509925427062206,-0.13685282956778333,False,False,False,False,-280160.0,-250288.43802567665,False,False,False,False,7570.313417117815,False,False,False,False
2025-07-16 14:00:00+00:00,86.585,86.705,85.54,86.02,29948.0,,,,,,,,,,,,,,,,,,,,,,,,,88.6058832758337,"rgba(239, 83, 80, 1.0)",0.0,0.0,0.9776235527083466,87.3959154524106,-1.4074082489101865,0.0,0.0,0.0,0.0,0.0,0.0,0.0,0.0,26.94559108554123,-16.73866097824279,False,True,False,True,False,0.0,0,0.9639542834814885,0.9785093289049521,True,False,False,False,-0.12148877073253209,-0.1291708001501577,False,False,False,False,-310108.0,-251215.873095046,False,False,False,False,7917.254294371803,False,False,False,False
2025-07-16 15:00:00+00:00,86.08,86.38,85.97,86.23,9072.0,,,,,,,,,,,,,,,,,,,,,,,,,88.5971562931008,"rgba(239, 83, 80, 1.0)",0.0,0.0,0.9916685502287507,87.38095515141924,-1.1606248389683689,0.0,0.0,0.0,0.0,0.0,0.0,0.0,0.0,29.68371325656363,-16.73866097824279,False,True,False,True,True,0.0,0,0.9767691556857001,0.9832113225963879,False,False,False,False,-0.11400574990873534,-0.12158827502944652,False,False,False,False,-301036.0,-251988.27816333986,False,False,False,False,7935.157328567589,False,False,False,False
2025-07-16 16:00:00+00:00,86.215,86.345,86.02,86.34,9022.0,,,,,,,,,,,,,,,,,,,,,,,,,88.5886891540598,"rgba(239, 83, 80, 1.0)",0.0,0.0,1.0025964041172442,87.36718684162446,-1.024526756136596,0.0,0.0,0.0,0.0,0.0,0.0,0.0,0.0,32.975944393897365,-16.73866097824279,False,True,False,True,True,0.0,0,0.9857451828548953,0.9837790011797084,False,False,False,False,-0.11293780319971046,-0.1172630391145785,False,False,False,False,-292014.0,-252608.83199026482,False,False,False,False,7952.0076025432845,False,False,False,False
2025-07-16 17:00:00+00:00,86.345,86.695,86.335,86.55,6878.0,,,,,,,,,,,,,,,,,,,,,,,,,88.58306968036793,"rgba(239, 83, 80, 1.0)",0.0,0.0,1.0092563402622938,87.36117899970631,-0.8037393151233494,0.0,0.0,0.0,0.0,0.0,0.0,0.0,0.0,37.733715338280135,-18.46135922412355,False,True,False,True,True,0.0,0,0.9834281231614037,0.9783290841341433,False,False,False,False,-0.06581371394909603,-0.09153837653183727,False,False,False,False,-285136.0,-253113.12916871032,False,False,False,False,7935.356321883699,False,False,False,False
2025-07-16 18:00:00+00:00,86.525,86.705,86.45,86.63,8891.0,,,,,,,,,,,,,,,,,,,,,,,,,88.57609065089441,"rgba(239, 83, 80, 1.0)",0.0,0.0,1.0138632875121993,87.35423746144124,-0.7143344377508432,0.0,0.0,0.0,0.0,0.0,0.0,0.0,0.0,41.814670111540316,-14.663176828755148,False,False,False,True,True,0.0,0,0.987798878283971,0.9798287907114034,False,False,False,False,-0.056994546365260475,-0.07426646144854887,False,False,False,False,-276245.0,-253471.76282500938,False,False,False,False,7950.172502939766,False,False,False,False
2025-07-16 19:00:00+00:00,86.635,86.9,86.52,86.9,21086.0,,,,,,,,,,,,,,,,,,,,,,,,,88.56120583160975,"rgba(239, 83, 80, 1.0)",0.0,0.0,1.0153343522436957,87.34346374956093,-0.4367662224576062,0.0,0.0,0.0,0.0,0.0,0.0,0.0,0.0,47.27148212039128,-9.673906465028196,True,False,False,False,True,0.0,0,0.9983221476510062,0.9688116857481239,False,False,False,False,-0.03832546914058072,-0.05629596529456479,False,False,False,False,-255159.0,-253497.92154090072,False,False,False,False,8153.828743204265,False,False,False,False
2025-07-17 14:00:00+00:00,86.66,86.88,86.44,86.5,9151.0,,,,,,,,,,,,,,,,,,,,,,,,,88.55422717847651,"rgba(239, 83, 80, 1.0)",0.0,0.0,1.0216763428546378,87.3357586078074,-0.818026778884041,0.0,0.0,0.0,0.0,0.0,0.0,0.0,0.0,46.74415740115674,-9.673906465028196,False,False,False,True,True,0.0,0,1.0062265269816164,0.9597746590235217,False,False,False,False,-0.04536656708241712,-0.05083126618849096,False,False,False,False,-264310.0,-253665.5506642976,False,False,False,False,8169.28876268947,False,False,False,False
2025-07-17 15:00:00+00:00,86.5,86.6,86.275,86.58,4754.0,,,,,,,,,,,,,,,,,,,,,,,,,88.55039609857441,"rgba(239, 83, 80, 1.0)",0.0,0.0,1.0251237807040876,87.33084146387256,-0.7324398067878781,0.0,0.0,0.0,0.0,0.0,0.0,0.0,0.0,47.22704988949097,-9.607442131562827,False,False,False,False,True,0.0,0,1.0043431053203034,0.9596288619089913,False,False,False,False,-0.07676385119883675,-0.06379755869366385,False,False,False,False,-259556.0,-253756.87546019995,False,False,False,False,8116.338549314439,False,False,False,False
2025-07-17 16:00:00+00:00,86.58,86.61,86.045,86.15,3984.0,,,,,,,,,,,,,,,,,,,,,,,,,88.54686078896083,"rgba(239, 83, 80, 1.0)",0.0,0.0,1.0335063557553301,87.3253758457054,-1.1372700701452143,0.0,0.0,0.0,0.0,0.0,0.0,0.0,0.0,44.047501007782095,-9.607442131562827,False,False,False,True,False,0.0,0,1.0022646711303655,0.9606144151240638,False,False,False,False,-0.09233822636613434,-0.0780678925298991,False,False,False,False,-263540.0,-253908.55180965422,False,False,False,False,8052.271284983982,False,False,False,False
2025-07-17 17:00:00+00:00,86.16,86.64,86.155,86.64,4917.0,,,,,,,,,,,,,,,,,,,,,,,,,88.54291337681677,"rgba(239, 83, 80, 1.0)",0.0,0.0,1.0276325367707588,87.3204020054225,-0.662106327968745,0.0,0.0,0.0,0.0,0.0,0.0,0.0,0.0,46.464103535234436,-9.607442131562827,False,False,False,True,False,0.0,0,1.001769389560601,0.9618598250270316,False,False,False,False,-0.08242256654275831,-0.0802452295363287,False,False,False,False,-258623.0,-253981.64402965957,False,False,False,False,8003.662427852448,False,False,False,False
2025-07-17 18:00:00+00:00,86.64,86.855,86.63,86.81,4553.0,,,,,,,,,,,,,,,,,,,,,,,,,88.53977725820185,"rgba(239, 83, 80, 1.0)",0.0,0.0,1.0084875483288864,87.31790189742229,-0.5036273360676635,0.0,0.0,0.0,0.0,0.0,0.0,0.0,0.0,49.35033081525816,-7.306860234972234,True,False,False,False,True,0.0,0,1.011613030213561,0.9547288652691657,False,False,False,False,-0.03375083504718958,-0.05699803229175914,False,False,False,False,-254070.0,-253983.01388966484,False,False,False,False,7950.163785560161,False,False,False,False
2025-07-17 19:00:00+00:00,86.8,87.0,86.74,86.93,10143.0,,,,,,,,,,,,,,,,,,,,,,,,,88.53331963497455,"rgba(239, 83, 80, 1.0)",0.0,0.0,0.9974883187011351,87.31423162947283,-0.3851991269162367,0.0,0.0,0.0,0.0,0.0,0.0,0.0,0.0,52.152784287386844,-4.500815178317488,True,False,True,False,True,0.0,0,1.012733195143618,0.9552857565886873,False,False,False,False,-0.015816021820003825,-0.03640702705588148,False,False,False,False,-243927.0,-253827.106697577,False,False,False,False,7984.161246249151,False,False,False,False
2025-07-18 14:00:00+00:00,88.15,88.23,87.69,87.75,14656.0,,,,,,,,,,,,,,,,,,,,,,,,,88.52970159091477,"rgba(38, 166, 154, 1.0)",0.0,0.0,0.9808115916819338,87.32871090326644,0.42953111515649683,0.0,0.0,0.0,0.0,0.0,0.0,0.0,0.0,58.40008902413432,1.3902016774800998,True,False,True,False,True,3.6494255972524314,0,1.0171406310868714,0.9471172574990252,False,False,False,False,0.13828693938772646,0.05093995616592249,False,False,False,False,-229271.0,-253446.39186505642,False,False,False,False,8087.60060677242,False,False,False,False
2025-07-18 15:00:00+00:00,87.75,87.875,87.26,87.42,26477.0,,,,,,,,,,,,,,,,,,,,,,,,,88.51952928416374,"rgba(38, 166, 154, 1.0)",0.0,0.0,0.9615742301035672,87.32764344810141,0.09604724108365742,0.0,0.0,0.0,0.0,0.0,0.0,0.0,0.0,59.648307278095004,2.565969356102954,True,False,True,False,True,1.5109656539125993,0,1.0099719237099427,0.9471391228579721,False,False,False,False,0.08242255238953682,0.06668125427772965,False,False,False,False,-255748.0,-253482.0757121098,False,False,False,False,8372.707574109281,False,False,False,False
2025-07-18 16:00:00+00:00,87.425,87.515,87.13,87.14,7832.0,,,,,,,,,,,,,,,,,,,,,,,,,88.51579801091273,"rgba(38, 166, 154, 1.0)",0.0,0.0,0.9427067125809663,87.32468967290497,-0.19591424399569407,0.0,0.0,0.0,0.0,0.0,0.0,0.0,0.0,58.29720448206241,2.565969356102954,True,False,True,False,True,0.0,0,1.005285412262156,0.9506054199500281,False,False,False,False,0.047831963956037296,0.057256609116883475,False,False,False,False,-263580.0,-253638.6326778135,False,False,False,False,8364.324510944796,False,False,False,False
2025-07-18 17:00:00+00:00,87.125,87.335,87.025,87.08,5089.0,,,,,,,,,,,,,,,,,,,,,,,,,88.51316415232897,"rgba(38, 166, 154, 1.0)",0.0,0.0,0.9239357256998403,87.3219286759505,-0.2618457856116062,0.0,0.0,0.0,0.0,0.0,0.0,0.0,0.0,56.93728859882595,2.565969356102954,True,False,True,False,True,0.0,0,1.003247993886129,0.9543370271303013,False,False,False,False,0.027770707489155222,0.04251365830301935,False,False,False,False,-268669.0,-253871.6616285451,False,False,False,False,8313.544285968908,False,False,False,False
2025-07-18 18:00:00+00:00,87.08,87.23,86.97,87.105,4461.0,,,,,,,,,,,,,,,,,,,,,,,,,88.51078788407122,"rgba(38, 166, 154, 1.0)",0.0,0.0,0.8976761790990033,87.31937416466613,-0.23881012959627893,0.0,0.0,0.0,0.0,0.0,0.0,0.0,0.0,56.205894074480554,2.565969356102954,True,False,True,False,False,0.0,0,1.002186311787072,0.956558935361216,False,False,False,False,0.016519066912395478,0.029516362607707413,False,False,False,False,-264208.0,-254031.91493662965,False,False,False,False,8253.814917194197,False,False,False,False
2025-07-18 19:00:00+00:00,87.1,87.35,87.07,87.35,13334.0,,,,,,,,,,,,,,,,,,,,,,,,,88.50450870026312,"rgba(38, 166, 154, 1.0)",0.0,0.0,0.8704152058815905,87.31695722613851,0.03796208250752532,0.0,0.0,0.0,0.0,0.0,0.0,0.0,0.0,57.41331581612107,2.565969356102954,True,False,True,False,False,1.1064982285058207,0,1.0040658093797272,0.9545196671709526,False,False,False,False,0.031991732697843014,0.030754047652775215,False,False,False,False,-250874.0,-253982.9550151315,False,False,False,False,8332.577476617542,False,False,False,False
2025-07-21 14:00:00+00:00,87.36,87.72,87.34,87.63,4795.0,,,,,,,,,,,,,,,,,,,,,,,,,88.50281716462663,"rgba(38, 166, 154, 1.0)",0.0,0.0,0.8432214503994037,87.31899381036784,0.3688309749293499,0.0,0.0,0.0,0.0,0.0,0.0,0.0,0.0,59.90852629466479,4.033729995295801,True,False,True,False,True,2.8555076907546777,0,1.0091062711227936,0.9478971085242202,False,False,False,False,0.07711735932313453,0.05393570348795487,False,False,False,False,-246079.0,-253860.4130769124,False,False,False,False,8277.731314189363,False,False,False,False
2025-07-21 15:00:00+00:00,87.63,87.72,87.55,87.585,4100.0,,,,,,,,,,,,,,,,,,,,,,,,,88.50146001150674,"rgba(38, 166, 154, 1.0)",0.0,0.0,0.8093353017321611,87.32107563595771,0.32610015092313893,0.0,0.0,0.0,0.0,0.0,0.0,0.0,0.0,61.089300387270946,5.47055915278078,True,False,True,False,True,2.554469807936222,0,1.0130076735916147,0.9480628860190897,False,False,False,False,0.09198378104338271,0.07295974226566879,False,False,False,False,-250179.0,-253803.3369051773,False,False,False,False,8212.960286062395,False,False,False,False
2025-07-21 16:00:00+00:00,87.58,87.67,87.48,87.56,2656.0,,,,,,,,,,,,,,,,,,,,,,,,,88.50053506650691,"rgba(38, 166, 154, 1.0)",0.0,0.0,0.7734820938772957,87.32215336401828,0.30750115337441414,0.0,0.0,0.0,0.0,0.0,0.0,0.0,0.0,61.58558426722499,6.305839535641468,True,False,True,False,True,2.384845086817915,0,1.0119651574614719,0.9556810567627065,False,False,False,False,0.08348413721989616,0.07822193974278246,False,False,False,False,-252835.0,-253788.3239299032,False,False,False,False,8126.805863022667,False,False,False,False
2025-07-21 17:00:00+00:00,87.555,87.645,87.405,87.535,1780.0,,,,,,,,,,,,,,,,,,,,,,,,,88.4998885031429,"rgba(38, 166, 154, 1.0)",0.0,0.0,0.7675979087704742,87.32273085424937,0.27653689949551086,0.0,0.0,0.0,0.0,0.0,0.0,0.0,0.0,61.59859811380099,6.745699548683461,True,False,True,False,True,2.2125217979606333,0,1.010384615384615,0.9574038461538456,False,False,False,False,0.07641033394247258,0.07731613684262753,False,False,False,False,-254615.0,-253801.1406131605,False,False,False,False,8028.40577212309,False,False,False,False
2025-07-21 18:00:00+00:00,87.535,87.615,87.44,87.455,3690.0,,,,,,,,,,,,,,,,,,,,,,,,,88.49851647166716,"rgba(38, 166, 154, 1.0)",0.0,0.0,0.7650617769316266,87.3237431374711,0.1715637435911672,0.0,0.0,0.0,0.0,0.0,0.0,0.0,0.0,60.53907325901727,6.745699548683461,True,False,True,False,True,1.6551394154001713,0,1.0173963467671785,0.9508069971972547,False,False,False,False,0.07676383705833165,0.07703998695047959,False,False,False,False,-258305.0,-253870.96789047582,False,False,False,False,7961.143667128933,False,False,False,False
2025-07-21 19:00:00+00:00,87.46,87.495,87.18,87.22,8833.0,,,,,,,,,,,,,,,,,,,,,,,,,88.49457404909585,"rgba(38, 166, 154, 1.0)",0.0,0.0,0.7621521625752786,87.32304388785504,-0.1352012011707167,0.0,0.0,0.0,0.0,0.0,0.0,0.0,0.0,56.97698389469458,6.745699548683461,True,False,True,False,False,0.03160486218301273,0,1.018932038834951,0.9485436893203877,False,False,False,False,0.04994563476542824,0.06349281085795391,False,False,False,False,-267138.0,-254076.6583107785,False,False,False,False,7974.660819576547,False,False,False,False
2025-07-22 14:00:00+00:00,87.985,88.13,87.19,87.54,4352.0,,,,,,,,,,,,,,,,,,,,,,,,,88.49316089154462,"rgba(38, 166, 154, 1.0)",0.0,0.0,0.760257039273574,87.32502933275019,0.28276050880794223,0.0,0.0,0.0,0.0,0.0,0.0,0.0,0.0,57.668630710765335,6.745699548683461,True,False,True,False,False,2.1747821153492666,1,1.0196567264358996,0.9313452871799784,False,False,False,False,0.09552914454234124,0.07951097770014758,False,False,False,False,-262786.0,-254211.68686409976,False,False,False,False,7918.495535552104,False,False,False,False
2025-07-22 15:00:00+00:00,87.545,87.705,87.44,87.64,20891.0,,,,,,,,,,,,,,,,,,,,,,,,,88.48624795001989,"rgba(38, 166, 154, 1.0)",0.0,0.0,0.7590625263561452,87.33297614744987,0.4044776838398135,0.0,0.0,0.0,0.0,0.0,0.0,0.0,0.0,58.956665179888816,6.745699548683461,True,False,True,False,True,2.832658850088446,1,1.022279842504561,0.942571785268414,False,False,False,False,0.0831302548677153,0.08132061628393145,False,False,False,False,-241895.0,-254020.73047860985,False,False,False,False,8119.619635776102,False,False,False,False
2025-07-22 16:00:00+00:00,87.62,87.87,87.485,87.83,22933.0,,,,,,,,,,,,,,,,,,,,,,,,,88.47989790674391,"rgba(38, 166, 154, 1.0)",0.0,0.0,0.7597159675501142,87.34493035104751,0.6384881583004137,0.0,0.0,0.0,0.0,0.0,0.0,0.0,0.0,61.28546655251251,7.146278323106692,True,False,True,False,True,4.074855883510018,1,1.0227163807150383,0.938752036806287,False,False,False,False,0.09801231908112246,0.08966646768252695,False,False,False,False,-218962.0,-253477.18426963914,False,False,False,False,8349.284447624534,False,False,False,False
2025-07-22 17:00:00+00:00,87.84,88.03,87.685,87.96,6585.0,,,,,,,,,,,,,,,,,,,,,,,,,88.4784861630874,"rgba(38, 166, 154, 1.0)",0.0,0.0,0.7619949338929585,87.34957871692083,0.8010831252651236,0.0,0.0,0.0,0.0,0.0,0.0,0.0,0.0,63.758614622012814,9.550261388796116,True,False,True,False,True,4.917076117397684,0,1.033515797560741,0.9323922020551226,False,False,False,False,0.12362921535371345,0.1066478415181202,False,False,False,False,-212377.0,-252839.9721104199,False,False,False,False,8321.931200374542,False,False,False,False
2025-07-22 18:00:00+00:00,87.975,88.345,87.975,88.33,2626.0,,,,,,,,,,,,,,,,,,,,,,,,,88.47823582136796,"rgba(38, 166, 154, 1.0)",0.0,0.0,0.7704426421636591,87.35255582488709,1.268678707045497,0.0,0.0,0.0,0.0,0.0,0.0,0.0,0.0,67.55771401323452,13.093519367785348,True,False,True,False,True,7.2534634214450975,0,1.0488439306358375,0.9185934489402691,False,False,False,False,0.16177557698993056,0.13421170925402537,False,False,False,False,-209751.0,-252171.92603118857,False,False,False,False,8233.622189516022,False,False,False,False
2025-07-22 19:00:00+00:00,88.345,88.71,88.27,88.645,9727.0,,,,,,,,,,,,,,,,,,,,,,,,,88.47845968343235,"rgba(38, 166, 154, 1.0)",0.0,0.0,0.7856893570394228,87.36745404005465,1.626019174752854,0.0,0.0,0.0,0.0,0.0,0.0,0.0,0.0,71.45586023096578,16.61668024573268,True,False,True,False,True,9.160256255299469,0,1.0537634408602143,0.9155284316574634,False,False,False,False,0.19974475384099596,0.16697823154751068,False,False,False,False,-200024.0,-251363.43105396084,False,False,False,False,8256.77533386461,False,False,False,False
2025-07-23 14:00:00+00:00,90.46,90.615,90.335,90.46,14367.0,,,,,,,,,,,,,,,,,,,,,,,,,88.48878725692042,"rgba(38, 166, 154, 1.0)",0.0,0.0,0.868618308444522,87.42382555778042,3.495406915445524,0.0,0.0,0.0,0.0,0.0,0.0,0.0,0.0,77.62753562647491,22.12476468363849,True,False,True,False,True,18.508675314762993,0,1.047328959700093,0.9143392689784439,False,False,False,False,0.34282824022655095,0.2549032358870308,False,False,False,False,-185657.0,-250344.7266965351,False,False,False,False,8351.507499231051,False,False,False,False
2025-07-23 15:00:00+00:00,90.455,91.195,90.38,91.17,11099.0,,,,,,,,,,,,,,,,,,,,,,,,,88.49846823993893,"rgba(38, 166, 154, 1.0)",0.0,0.0,0.9781557016016601,87.47106151626421,3.7815436516691974,0.0,0.0,0.0,0.0,0.0,0.0,0.0,0.0,82.36124976879748,26.18052003657614,True,False,True,False,True,20.0,0,1.046876450385222,0.9071753457718368,False,False,False,False,0.3428282391598305,0.29886573752343065,False,False,False,False,-174558.0,-249169.7386857361,False,False,False,False,8394.10428218871,False,False,False,False
2025-07-23 16:00:00+00:00,91.12,91.96,91.12,91.5,10374.0,,,,,,,,,,,,,,,,,,,,,,,,,88.50972000365333,"rgba(38, 166, 154, 1.0)",0.0,0.0,1.091125751416704,87.52098147431747,3.6467093921266414,0.0,0.0,0.0,0.0,0.0,0.0,0.0,0.0,85.75758551479811,29.05055777205922,True,False,True,False,True,20.0,0,1.0570278115928455,0.9140368948403408,False,False,False,False,0.3428282412070551,0.32084698936524286,False,False,False,False,-164184.0,-247852.13033401928,False,False,False,False,8424.800339829195,False,False,False,False
2025-07-23 17:00:00+00:00,91.5,91.87,91.495,91.76,4183.0,,,,,,,,,,,,,,,,,,,,,,,,,88.5145050864022,"rgba(38, 166, 154, 1.0)",0.0,0.0,1.2044787964802186,87.5414345681474,3.5023990826407982,0.0,0.0,0.0,0.0,0.0,0.0,0.0,0.0,88.20206769454218,31.182042116807196,True,False,True,False,True,20.0,0,1.0455395548905926,0.9186459697026368,False,False,False,False,0.34282824153439206,0.3318376154498175,False,False,False,False,-160001.0,-246490.09730558484,False,False,False,False,8359.035993475252,False,False,False,False
2025-07-23 18:00:00+00:00,91.785,92.12,91.74,91.945,3233.0,,,,,,,,,,,,,,,,,,,,,,,,,88.51845540972569,"rgba(38, 166, 154, 1.0)",0.0,0.0,1.3138512538017322,87.5578927413143,3.3391201979609546,0.0,0.0,0.0,0.0,0.0,0.0,0.0,0.0,89.95819282876455,32.84303714631923,True,False,True,False,True,20.0,0,1.0446311858076558,0.9196078431372547,False,False,False,False,0.34282824206595486,0.3373329287578862,False,False,False,False,-156768.0,-245099.0570372812,False,False,False,False,8279.562567219822,False,False,False,False
2025-07-23 19:00:00+00:00,91.94,92.35,91.88,92.24,21392.0,,,,,,,,,,,,,,,,,,,,,,,,,88.54604664631526,"rgba(38, 166, 154, 1.0)",0.0,0.0,1.4240944902345445,87.6672920541006,3.2109582455770074,0.0,0.0,0.0,0.0,0.0,0.0,0.0,0.0,91.32413235552934,34.296105680690744,True,False,True,False,True,20.0,0,1.04452086625151,0.9170926666047031,False,False,False,False,0.34282824243548926,0.34008058559668775,False,False,False,False,-135376.0,-243397.92437003652,False,False,False,False,8482.856170828816,False,False,False,False
2025-07-24 14:00:00+00:00,91.945,92.26,91.89,92.07,6438.0,,,,,,,,,,,,,,,,,,,,,,,,,88.5540788277446,"rgba(38, 166, 154, 1.0)",0.0,0.0,1.5168236370604267,87.6979701633592,2.8823587197742357,0.0,0.0,0.0,0.0,0.0,0.0,0.0,0.0,90.51211464798774,34.296105680690744,True,False,True,False,True,20.0,0,1.040958484257453,0.9244915018110892,False,False,False,False,0.33804380991714905,0.33906219775691837,False,False,False,False,-141814.0,-241822.97980615997,False,False,False,False,8451.152974381857,False,False,False,False
2025-07-24 15:00:00+00:00,92.085,92.56,91.995,92.22,13596.0,,,,,,,,,,,,,,,,,,,,,,,,92.25833333333334,88.57180725641223,"rgba(38, 166, 154, 1.0)",0.0,0.0,1.6071541016049418,88.00207645700675,2.624467397856329,-1.0,92.56,91.995,0.0,0.0,0.0,0.0,0.0,90.16234035483751,34.296105680690744,True,False,True,False,True,20.0,0,1.040051679586563,0.9199889258028792,False,False,False,False,0.3428282427423032,0.3409452202496108,False,False,False,False,-128218.0,-240061.6622897854,False,False,False,False,8530.918044546479,False,False,False,False
2025-07-24 16:00:00+00:00,92.2,92.23,91.71,91.77,8300.0,,,,,,,,,,,,,,,,,,,,,,,,92.12376537571551,88.58151263653254,"rgba(38, 166, 154, 1.0)",0.0,0.0,1.6722339753957147,88.02988923875853,2.2365953666001874,0.0,0.0,0.0,0.0,0.0,0.0,0.0,0.0,85.49733153746726,34.296105680690744,True,False,True,False,False,20.0,0,1.0338967396324001,0.9362704350235521,False,False,False,False,0.3073388026192391,0.324142011434425,False,False,False,False,-136518.0,-238456.33419226934,False,False,False,False,8527.337919824828,False,False,False,False
2025-07-24 17:00:00+00:00,91.78,92.09,91.77,92.025,6145.0,,,,,,,,,,,,,,,,,,,,,,,,92.08824251393791,88.5887873171965,"rgba(38, 166, 154, 1.0)",0.0,0.0,1.741179702602822,88.0534853402414,2.280933239585637,0.0,0.0,0.0,0.0,0.0,0.0,0.0,0.0,83.07483994346434,39.36437017840795,True,False,True,False,False,20.0,0,1.0392174956168676,0.9326381839992617,False,False,False,False,0.3027786757024495,0.3134603435684372,False,False,False,False,-130373.0,-236780.62358463724,False,False,False,False,8490.402448199637,False,False,False,False
2025-07-24 18:00:00+00:00,92.025,92.16,91.835,91.95,5624.0,,,,,,,,,,,,,,,,,,,,,,,,92.07043819000941,88.59545714610955,"rgba(38, 166, 154, 1.0)",0.0,0.0,1.8016192966577016,88.07551328491095,2.1505579576533482,0.0,0.0,0.0,0.0,0.0,0.0,0.0,0.0,80.73391779892161,36.980911191865076,True,False,True,False,False,20.0,0,1.036822240633342,0.9337199668599833,False,False,False,False,0.3104810845535337,0.3119707140609854,False,False,False,False,-135997.0,-235218.08678487543,False,False,False,False,8445.962100165534,False,False,False,False
2025-07-24 19:00:00+00:00,91.94,92.19,91.825,91.88,40316.0,,,,,,,,,,,,,,,,,,,,,,,,92.01297957133137,88.6422815168156,"rgba(38, 166, 154, 1.0)",0.0,0.0,1.8516539964371936,88.22564667199005,1.9735616562496907,0.0,0.0,0.0,0.0,0.0,0.0,0.0,0.0,78.45334246851712,34.65129007990319,True,False,True,False,False,20.0,0,1.0399117160198637,0.9320397277910611,False,False,False,False,0.3116252042925998,0.31179795917679265,False,False,False,False,-176313.0,-234304.82962541998,False,False,False,False,8940.07121489165,False,False,False,False
2025-07-25 14:00:00+00:00,90.93,91.585,90.905,91.42,7127.0,,,,,,,,,,,,,,,,,,,,,,,,91.95062260607256,88.6488025746144,"rgba(38, 166, 154, 1.0)",0.0,0.0,1.8854230939612886,88.24322435851039,1.6849139334636993,0.0,0.0,0.0,0.0,0.0,0.0,0.0,0.0,72.65892043045795,29.157003040997765,True,False,True,False,False,18.133887767290936,0,1.0256712626995648,0.9374092888243831,False,False,False,False,0.2263904878879336,0.2690942235323631,False,False,False,False,-183440.0,-233516.22761572353,False,False,False,False,8911.96158365302,False,False,False,False
2025-07-25 15:00:00+00:00,91.42,91.545,91.095,91.24,5060.0,,,,,,,,,,,,,,,,,,,,,,,,91.91202493965277,88.65339563498831,"rgba(38, 166, 154, 1.0)",0.0,0.0,1.9151872276924884,88.25571158274593,1.5582228066807238,0.0,0.0,0.0,0.0,0.0,0.0,0.0,0.0,67.35130968969531,24.31231646934819,True,False,True,False,False,16.84039785599588,0,1.0257499096494398,0.9419949403686302,False,False,False,False,0.23461383765024874,0.25185403059130596,False,False,False,False,-188500.0,-232818.30160617744,False,False,False,False,8852.24124902274,False,False,False,False
2025-07-25 16:00:00+00:00,91.235,91.36,91.09,91.28,2228.0,,,,,,,,,,,,,,,,,,,,,,,,91.8951707279364,88.65537477044516,"rgba(38, 166, 154, 1.0)",0.0,0.0,1.9467904355629366,88.26105090658797,1.5507314183712175,0.0,0.0,0.0,0.0,0.0,0.0,0.0,0.0,64.06430303955862,21.37184168127142,False,False,True,False,False,17.022985997400845,0,1.026936635632288,0.9454939889722496,False,False,False,False,0.22420271314104537,0.23802837186617565,False,False,False,False,-186272.0,-232096.65351925994,False,False,False,False,8749.539834309207,False,False,False,False
2025-07-25 17:00:00+00:00,91.305,91.665,91.3,91.655,2950.0,,,,,,,,,,,,,,,,,,,,,,,,91.8837005634255,88.65829047311165,"rgba(38, 166, 154, 1.0)",0.0,0.0,1.9752419169888962,88.26945511404982,1.7139899962791312,0.0,0.0,0.0,0.0,0.0,0.0,0.0,0.0,64.0736217367514,21.311571094233315,False,False,True,False,False,18.713431273621378,0,1.033128723596317,0.9371727748691097,False,False,False,False,0.25254015429597254,0.2452842630810741,False,False,False,False,-183322.0,-231340.45734066676,False,False,False,False,8659.624488040847,False,False,False,False
2025-07-25 18:00:00+00:00,91.655,91.705,91.585,91.645,3457.0,,,,,,,,,,,,,,,,,,,,,,,,91.87499632571404,88.66182401361982,"rgba(38, 166, 154, 1.0)",0.0,0.0,2.0005651859068254,88.27980514610574,1.6821220711030522,0.0,0.0,0.0,0.0,0.0,0.0,0.0,0.0,63.980757349827755,20.89393802979498,False,False,True,False,False,18.63913871098409,0,1.0413612091592,0.9324825776088334,False,False,False,False,0.27062685461532504,0.25795555884819954,False,False,False,False,-186779.0,-230649.5820330595,False,False,False,False,8578.963643265019,False,False,False,False
2025-07-25 19:00:00+00:00,91.64,91.855,91.635,91.845,6894.0,,,,,,,,,,,,,,,,,,,,,,,,91.86844357912885,88.66915958552926,"rgba(38, 166, 154, 1.0)",0.0,0.0,2.0304591634440152,88.30158507652274,1.745129863861435,0.0,0.0,0.0,0.0,0.0,0.0,0.0,0.0,65.05913087572836,20.89393802979498,False,False,True,False,False,19.536474300357806,0,1.0437460374966037,0.9281767955801105,False,False,False,False,0.2818429565833777,0.2698992577157886,False,False,False,False,-179885.0,-229862.53424960122,False,False,False,False,8552.840175927577,False,False,False,False
2025-07-28 14:00:00+00:00,90.515,90.9,90.48,90.775,6000.0,,,,,,,,,,,,,,,,,,,,,,,,91.80436880012134,88.67334882842437,"rgba(38, 166, 154, 1.0)",0.0,0.0,2.037542080480571,88.31131738980154,1.2091444067831874,0.0,0.0,0.0,0.0,0.0,0.0,0.0,0.0,57.655600740510735,14.4301402816522,False,True,True,False,False,11.97671482813887,0,1.0335314468198353,0.9269937017652797,False,False,False,False,0.16638865289906887,0.21814395530742875,False,False,False,False,-185885.0,-229180.7120131733,False,False,False,False,8513.261258471335,False,False,False,False
2025-07-28 15:00:00+00:00,90.775,90.995,90.66,90.89,7647.0,,,,,,,,,,,,,,,,,,,,,,,,91.74098619491839,88.6790010954199,"rgba(38, 166, 154, 1.0)",0.0,0.0,2.0483099427628115,88.32530928472971,1.2521008963179514,0.0,0.0,0.0,0.0,0.0,0.0,0.0,0.0,53.51989147780524,10.589276804782642,False,True,False,False,False,12.524620087334121,0,1.0359610274579274,0.9269264836138176,False,False,False,False,0.18112768234639767,0.19963581882691322,False,False,False,False,-178238.0,-228390.90252459698,False,False,False,False,8499.830851363253,False,False,False,False
2025-07-28 16:00:00+00:00,90.88,90.92,90.76,90.8,1610.0,,,,,,,,,,,,,,,,,,,,,,,,91.72839958445202,88.68017553420636,"rgba(38, 166, 154, 1.0)",0.0,0.0,2.0585197340552437,88.32822262386549,1.2007547633585995,0.0,0.0,0.0,0.0,0.0,0.0,0.0,0.0,50.22499669746532,7.529797392332625,False,True,False,False,False,11.921160017695094,0,1.034615729530984,0.937763429288853,False,False,False,False,0.18247136865466895,0.1910535937407911,False,False,False,False,-179848.0,-227638.29938468075,False,False,False,False,8393.011768396382,False,False,False,False
2025-07-28 17:00:00+00:00,90.795,90.86,90.445,90.445,3037.0,,,,,,,,,,,,,,,,,,,,,,,,91.69941769243806,88.6821366791282,"rgba(239, 83, 80, 1.0)",0.0,0.0,2.0703926663297887,88.33273558035758,1.020224063769919,0.0,0.0,0.0,0.0,0.0,0.0,0.0,0.0,46.04153697046904,3.6231574456908078,False,True,False,True,False,9.574145948407054,0,1.0243770801475216,0.9443195106593506,False,False,False,False,0.16238157914602733,0.1767175864434092,False,False,False,False,-182885.0,-226944.4497818175,False,False,False,False,8309.972826250701,False,False,False,False
2025-07-28 18:00:00+00:00,90.46,90.48,89.98,90.075,3883.0,,,,,,,,,,,,,,,,,,,,,,,,91.6517372222312,88.68410535560085,"rgba(239, 83, 80, 1.0)",0.0,0.0,2.077014322409664,88.33646518142498,0.8370355465618766,0.0,0.0,0.0,0.0,0.0,0.0,0.0,0.0,41.518821827583416,-0.5733863424882628,False,True,False,True,False,7.213237081586076,0,1.009604164796697,0.9539538641055562,False,False,False,False,0.1175598640373932,0.1471387252404012,False,False,False,False,-186768.0,-226321.55908752573,False,False,False,False,8241.337588634411,False,False,False,False
2025-07-28 19:00:00+00:00,90.055,90.17,89.94,90.135,10705.0,,,,,,,,,,,,,,,,,,,,,,,,91.52684696968574,88.68915665695408,"rgba(239, 83, 80, 1.0)",0.0,0.0,2.0850937455969003,88.34588363947088,0.858050801939819,0.0,0.0,0.0,0.0,0.0,0.0,0.0,0.0,39.05665905913029,-2.896894840281014,False,True,False,True,False,7.5249167563574595,0,1.0176751735954548,0.9526557850121743,False,False,False,False,0.09914151005382114,0.12314011764711116,False,False,False,False,-176063.0,-225542.35662105246,False,False,False,False,8279.533905089691,False,False,False,False
2025-07-29 14:00:00+00:00,91.045,91.56,91.025,91.145,3114.0,,,,,,,,,,,,,,,,,,,,,,,,91.52043515889214,88.6918392754032,"rgba(239, 83, 80, 1.0)",0.0,0.0,2.105632724662722,88.35333671880309,1.3258073207634389,0.0,0.0,0.0,0.0,0.0,0.0,0.0,0.0,44.38662636772139,-2.896894840281014,False,True,False,True,True,12.463909225171601,0,1.0226488542864727,0.939308148279218,False,False,False,False,0.23159504585905322,0.1773675817530822,False,False,False,False,-172949.0,-224726.9557432067,False,False,False,False,8199.448108111555,False,False,False,False
2025-07-29 15:00:00+00:00,91.145,91.56,91.11,91.38,3404.0,,,,,,,,,,,,,,,,,,,,,,,,91.51632336855735,88.6948876043187,"rgba(38, 166, 154, 1.0)",0.0,0.0,2.130111070148823,88.36189517437568,1.4168767384573313,0.0,0.0,0.0,0.0,0.0,0.0,0.0,0.0,49.08977546219944,-9.584931895906635,False,True,False,False,True,13.53213602459244,0,1.0227895062273649,0.9408179489444397,False,False,False,False,0.2362622197145182,0.2068149007338002,False,False,False,False,-169545.0,-223871.42154563757,False,False,False,False,8125.100075427655,False,False,False,False
2025-07-29 16:00:00+00:00,91.38,91.6,91.37,91.39,3742.0,,,,,,,,,,,,,,,,,,,,,,,,91.51469598427681,88.69836066295431,"rgba(38, 166, 154, 1.0)",0.0,0.0,2.153966719944862,88.37171937898336,1.4012661352046825,0.0,0.0,0.0,0.0,0.0,0.0,0.0,0.0,52.2758436747354,-6.580647738273903,False,True,True,False,True,13.577694052767182,0,1.0304324612920448,0.9418935753692831,False,False,False,False,0.2528171610561276,0.2298160308949639,False,False,False,False,-165803.0,-222971.13594027882,False,False,False,False,8057.145035498543,False,False,False,False
2025-07-29 17:00:00+00:00,91.375,91.57,91.33,91.44,2545.0,,,,,,,,,,,,,,,,,,,,,,,,91.51352126644234,88.70071205491841,"rgba(38, 166, 154, 1.0)",0.0,0.0,2.1753882060097345,88.37833563891249,1.407410572802291,0.0,0.0,0.0,0.0,0.0,0.0,0.0,0.0,54.67794668097418,-4.180837171276693,False,True,True,False,True,13.809085694995083,0,1.0197755211117048,0.9461963299483346,False,False,False,False,0.2489425013778232,0.23937926613639354,False,False,False,False,-163258.0,-222045.35088694116,False,False,False,False,7971.685422545076,False,False,False,False
2025-07-29 18:00:00+00:00,91.405,91.495,91.305,91.43,5792.0,,,,,,,,,,,,,,,,,,,,,,,,91.50960684659044,88.70597720866452,"rgba(38, 166, 154, 1.0)",0.0,0.0,2.1944877154663556,88.393003975294,1.3839202668129835,0.0,0.0,0.0,0.0,0.0,0.0,0.0,0.0,56.189762630427566,-2.4673186237932185,False,True,True,False,True,13.740859821640537,0,1.0197772828507794,0.9452115812917596,False,False,False,False,0.24341992061344073,0.24139959337491712,False,False,False,False,-169050.0,-221223.7175398568,False,False,False,False,7937.891850102516,False,False,False,False
2025-07-29 19:00:00+00:00,91.43,91.5,91.25,91.4,11359.0,,,,,,,,,,,,,,,,,,,,,,,,91.50088930420075,88.71614253961846,"rgba(38, 166, 154, 1.0)",0.0,0.0,2.2112238835229876,88.42091837298418,1.3472546354146053,0.0,0.0,0.0,0.0,-1.0,91.305,90.52,0.0,56.90117400243183,-1.3516754760812901,False,True,True,False,True,13.532655196324946,0,1.0187889581478182,0.9456812110418522,False,False,False,False,0.24066410103903577,0.24103184720697646,False,False,False,False,-180409.0,-220590.9312214094,False,False,False,False,7990.932286535036,False,False,False,False
2025-07-30 14:00:00+00:00,90.485,90.52,89.855,89.95,5744.0,,,,,,,,,,,,,,,,,,,,,,,,91.45391438952154,88.71881035299536,"rgba(239, 83, 80, 1.0)",0.0,0.0,2.2102869651852655,88.4262713145883,0.6893804783778287,0.0,0.0,0.0,0.0,0.0,0.0,0.0,0.0,48.63542865223626,7.126030350175505,False,True,False,True,False,4.350643042836364,0,1.0040901575145766,0.949003568009747,False,False,False,False,0.11308000116796593,0.17705592418747118,False,False,False,False,-186153.0,-220057.00980712398,False,False,False,False,7956.096127053872,False,False,False,False
2025-07-30 15:00:00+00:00,89.95,90.15,89.71,89.92,8756.0,,,,,,,,,,,,,,,,,,,,,,,,91.37922183744335,88.7223283584688,"rgba(239, 83, 80, 1.0)",0.0,0.0,2.208569717757994,88.43275167516406,0.6733988575854015,0.0,0.0,0.0,0.0,0.0,0.0,0.0,0.0,43.01411423282825,1.8793847252234528,False,True,False,True,False,4.1772777663174985,0,0.9981769250803018,0.9599791648580605,False,False,False,False,0.08602718975719151,0.13154155697233133,False,False,False,False,-194909.0,-219667.1181822073,False,False,False,False,7968.497737487145,False,False,False,False
2025-07-30 16:00:00+00:00,89.92,90.09,89.755,89.955,4861.0,,,,,,,,,,,,,,,,,,,,,,,,91.3410020609475,88.72428335215811,"rgba(239, 83, 80, 1.0)",0.0,0.0,2.206020063943652,88.43647263211741,0.6883561000655393,0.0,0.0,0.0,0.0,0.0,0.0,0.0,0.0,39.57153793087439,-1.3337567377790194,False,True,False,True,False,4.361006415964635,0,1.001141151685393,0.9701544943820224,False,False,False,False,0.08524131293233513,0.10839143495233322,False,False,False,False,-190048.0,-219207.90704759947,False,False,False,False,7920.31947799122,False,False,False,False
2025-07-30 17:00:00+00:00,89.955,90.13,89.91,90.07,2408.0,,,,,,,,,,,,,,,,,,,,,,,,91.32414338035328,88.72533203418601,"rgba(239, 83, 80, 1.0)",0.0,0.0,2.2035004665998463,88.438614663778,0.7403607854639288,0.0,0.0,0.0,0.0,0.0,0.0,0.0,0.0,38.33613503809002,-2.662569257609931,False,True,False,True,False,4.970110384869862,0,0.9921371145860941,0.9742026680802193,False,False,False,False,0.09546626527119033,0.10192885011176178,False,False,False,False,-187640.0,-218718.4821321328,False,False,False,False,7834.857160502984,False,False,False,False
2025-07-30 18:00:00+00:00,90.09,90.285,89.78,89.82,7888.0,,,,,,,,,,,,,,,,,,,,,,,,91.2688001307984,88.72855974249934,"rgba(239, 83, 80, 1.0)",0.0,0.0,2.198496214143441,88.44503658352792,0.6254108638562161,0.0,0.0,0.0,0.0,0.0,0.0,0.0,0.0,36.27470768611592,-4.937687863868405,False,True,False,True,False,3.4691746297013637,0,0.9889095909857153,0.9750687605358885,False,False,False,False,0.0967785524427113,0.09935370127723654,False,False,False,False,-195528.0,-218358.9397734951,False,False,False,False,7835.681080495186,False,False,False,False
2025-07-30 19:00:00+00:00,89.815,89.84,89.0,89.225,12543.0,,,,,,,,,,,,,,,,,,,,,,,,91.15268628921083,88.73114958429278,"rgba(239, 83, 80, 1.0)",0.0,0.0,2.192515610594858,88.44724033561927,0.35473392327168335,0.0,0.0,0.0,0.0,0.0,0.0,0.0,0.0,32.574196177139676,-8.756414802689648,False,True,False,True,False,0.04838294123974762,0,0.9767666989351402,0.9751826102261725,False,False,False,False,0.03277768521353252,0.06606569324538453,False,False,False,False,-208071.0,-218199.43683127037,False,False,False,False,7908.6627691696785,False,False,False,False
2025-07-31 14:00:00+00:00,88.725,88.785,88.29,88.335,7612.0,,,,,,,,,,,,,,,,,,,,,,,,91.0574173653002,88.73049601443297,"rgba(239, 83, 80, 1.0)",0.0,0.0,2.188522266670174,88.4417036290215,-0.0487560170835543,0.0,0.0,0.0,0.0,0.0,0.0,0.0,0.0,27.86229028224072,-13.419563544006337,False,True,False,True,False,0.0,0,0.9602223380232762,0.9870592322390136,False,False,False,False,-0.059099447564978584,0.0034831228402029714,False,False,False,False,-215683.0,-218160.42230675454,False,False,False,False,7904.063346391853,False,False,False,False
2025-07-31 15:00:00+00:00,88.335,88.495,88.185,88.3,12706.0,,,,,,,,,,,,,,,,,,,,,,,,90.90460318369132,88.72881604973682,"rgba(239, 83, 80, 1.0)",0.0,0.0,2.184798953786804,88.43139237950857,-0.0601393456733548,0.0,0.0,0.0,0.0,0.0,0.0,0.0,0.0,24.649123782761116,-16.628934662195448,False,True,False,True,False,0.0,0,0.9591854419410745,0.9914211438474869,False,False,False,False,-0.07974307079507939,-0.03812997397743821,False,False,False,False,-228389.0,-218319.00490664982,False,False,False,False,7978.511976680351,False,False,False,False
2025-07-31 16:00:00+00:00,88.32,88.55,88.21,88.415,3395.0,,,,,,,,,,,,,,,,,,,,,,,,90.8675821660418,88.72844170382201,"rgba(239, 83, 80, 1.0)",0.0,0.0,2.1773763491333353,88.42903530336572,-0.006445970340085139,0.0,0.0,0.0,0.0,0.0,0.0,0.0,0.0,23.63683357016997,-17.886444471703307,False,True,False,True,False,0.0,0,0.960149656312538,0.9966066301226835,False,False,False,False,-0.07555717044258804,-0.05684357221001313,False,False,False,False,-224994.0,-218422.49320267074,False,False,False,False,7907.449775491508,False,False,False,False
2025-07-31 17:00:00+00:00,88.415,88.44,87.7,87.735,3173.0,,,,,,,,,,,,,,,,,,,,,,,,90.82806925176533,88.72764337387135,"rgba(239, 83, 80, 1.0)",0.0,0.0,2.153153515906962,88.42548208753098,-0.32068409541162357,0.0,0.0,0.0,0.0,0.0,0.0,0.0,0.0,21.40497964026535,-20.391122428969226,False,True,False,True,False,0.0,0,0.9501387443635102,0.999306278182449,False,False,False,False,-0.10807844059159882,-0.08246100640080598,False,False,False,False,-228167.0,-218573.57082743553,False,False,False,False,7834.047453390865,False,False,False,False
2025-07-31 18:00:00+00:00,87.715,87.965,87.61,87.705,3023.0,,,,,,,,,,,,,,,,,,,,,,,,90.78887631491467,88.7266886335461,"rgba(239, 83, 80, 1.0)",0.0,0.0,2.131718963357551,88.42155046035772,-0.33613739553600674,0.0,0.0,0.0,0.0,0.0,0.0,0.0,0.0,19.85714431286448,-22.286937518371854,False,True,False,True,False,0.0,0,0.9468995935310904,1.0033728271209892,False,False,False,False,-0.1379126811555384,-0.11018684377817219,False,False,False,False,-231190.0,-218769.17438049856,False,False,False,False,7759.457570392557,False,False,False,False
2025-07-31 19:00:00+00:00,87.69,87.73,87.195,87.545,10666.0,,,,,,,,,,,,,,,,,,,,,,,,90.64660218619008,88.72239836492689,"rgba(239, 83, 80, 1.0)",0.0,0.0,2.110004803375984,88.40531912576023,-0.4077332546275377,0.0,0.0,0.0,0.0,0.0,0.0,0.0,0.0,18.490773365213748,-24.053615145689186,False,True,False,True,False,0.0,0,0.9390788795325657,1.0077332875064444,False,False,False,False,-0.1725431884441997,-0.14136501611118593,False,False,False,False,-241856.0,-219127.10966142104,False,False,False,False,7804.520243719803,False,False,False,False
2025-08-01 14:00:00+00:00,86.57,86.72,86.21,86.37,3305.0,,,,,,,,,,,,,,,,,,,,,,,,90.59103945627092,88.719940344256,"rgba(239, 83, 80, 1.0)",0.0,0.0,2.103802184291595,88.33169620489906,-0.9324527845566479,0.0,0.0,0.0,0.0,0.0,0.0,0.0,0.0,15.841628488657815,-26.992266269140035,False,True,False,True,False,0.0,0,0.9245585874799356,1.0147841513897102,False,False,False,False,-0.2818429678336595,-0.2116039919724227,False,False,False,False,-245161.0,-219530.7358682207,False,False,False,False,7734.760239941201,False,False,False,False
2025-08-01 15:00:00+00:00,86.37,87.46,86.37,87.425,9001.0,,,,,,,,,,,,,,,,,,,,,,,,90.46948353850817,88.71517295753861,"rgba(239, 83, 80, 1.0)",0.0,0.0,2.0822274715416422,88.339297884946,-0.43909606296236225,0.0,0.0,0.0,0.0,0.0,0.0,0.0,0.0,21.54590801925706,-26.992266269140035,False,True,False,True,True,0.0,0,0.9291423813488758,0.9995004163197335,False,False,False,False,-0.23186932035630864,-0.22173665616436566,False,False,False,False,-236160.0,-219788.55391677545,False,False,False,False,7754.391864128158,False,False,False,False
2025-08-01 16:00:00+00:00,87.425,87.65,87.265,87.265,7840.0,,,,,,,,,,,,,,,,,,,,,,,,90.3793116313213,88.71182422158293,"rgba(239, 83, 80, 1.0)",0.0,0.0,2.0629333440471216,88.33737563539304,-0.5198304823990226,0.0,0.0,0.0,0.0,0.0,0.0,0.0,0.0,24.89847696361078,-32.473840555913206,False,True,False,True,True,0.0,0,0.9692663299375051,0.9956339354507318,False,False,False,False,-0.1730789701724806,-0.19740781316842315,False,False,False,False,-244000.0,-220163.9251738797,False,False,False,False,7755.719122048651,False,False,False,False
2025-08-01 17:00:00+00:00,87.33,87.515,87.155,87.16,7423.0,,,,,,,,,,,,,,,,,,,,,,,,90.29552591625165,88.70839002898047,"rgba(239, 83, 80, 1.0)",0.0,0.0,2.0438481811002616,88.32860538983734,-0.5717672186435322,0.0,0.0,0.0,0.0,0.0,0.0,0.0,0.0,26.824078480858322,-30.514842510065616,False,True,False,True,True,0.0,0,0.9604461604461602,0.9896181896181896,False,False,False,False,-0.1862371867780135,-0.19182249997321832,False,False,False,False,-251423.0,-220648.5619928893,False,False,False,False,7750.5606860478965,False,False,False,False
2025-08-01 18:00:00+00:00,87.185,87.625,87.115,87.425,6530.0,,,,,,,,,,,,,,,,,,,,,,,,90.2280655025248,88.70561710394539,"rgba(239, 83, 80, 1.0)",0.0,0.0,2.025419269241724,88.32205923601467,-0.44290051429722527,0.0,0.0,0.0,0.0,0.0,0.0,0.0,0.0,29.886720973490625,-27.443533648755555,False,True,False,True,True,0.0,0,0.9615285751006766,0.985005569359952,False,False,False,False,-0.18247137940676025,-0.1871469396899893,False,False,False,False,-244893.0,-221024.44475268945,False,False,False,False,7731.637264558782,False,False,False,False
2025-08-01 19:00:00+00:00,87.42,87.92,87.365,87.855,18348.0,,,,,,,,,,,,,,,,,,,,,,,,90.07413980324063,88.69979471541338,"rgba(239, 83, 80, 1.0)",0.0,0.0,2.004386466754247,88.31290271054615,-0.22845031042723207,0.0,0.0,0.0,0.0,0.0,0.0,0.0,0.0,34.55653002858398,-22.941948838327924,False,True,False,True,True,0.0,0,0.9627397725343741,0.9762349346460703,False,False,False,False,-0.15331778697514928,-0.1702323633325693,False,False,False,False,-226545.0,-221110.03475652373,False,False,False,False,7896.2320356508935,False,False,False,False
2025-08-04 14:00:00+00:00,86.94,87.47,86.715,87.31,16468.0,,,,,,,,,,,,,,,,,,,,,,,,89.92264098347695,88.69175415108396,"rgba(239, 83, 80, 1.0)",0.0,0.0,1.9928106074377925,88.28720822449343,-0.4903668320743462,0.0,0.0,0.0,0.0,0.0,0.0,0.0,0.0,35.483231304908756,-21.91564205154521,False,True,False,True,True,0.0,0,0.9462114904246459,0.9777685262281431,False,False,False,False,-0.21247897236910754,-0.1913556678508384,False,False,False,False,-243013.0,-221449.61561301173,False,False,False,False,8029.127663005143,False,False,False,False
2025-08-04 15:00:00+00:00,87.3,87.895,87.21,87.75,18422.0,,,,,,,,,,,,,,,,,,,,,,,,89.79579103254076,88.68550005671774,"rgba(239, 83, 80, 1.0)",0.0,0.0,1.9775227359427856,88.27312536915439,-0.26453570401302373,0.0,0.0,0.0,0.0,0.0,0.0,0.0,0.0,38.597200947222106,-18.753366912511957,False,True,False,True,True,0.0,0,0.9549683049312583,0.9710216514365686,False,False,False,False,-0.16291556502029472,-0.17713561643556658,False,False,False,False,-224591.0,-221498.31924691852,False,False,False,False,8190.257466679482,False,False,False,False
2025-08-04 16:00:00+00:00,87.75,87.925,87.69,87.9,5825.0,,,,,,,,,,,,,,,,,,,,,,,,89.76230166748906,88.68394221580888,"rgba(239, 83, 80, 1.0)",0.0,0.0,1.9651196580029782,88.27044276869941,-0.1885090137848714,0.0,0.0,0.0,0.0,0.0,0.0,0.0,0.0,41.47917224242978,-15.834654514534947,False,False,False,True,True,0.0,0,0.9630145973429552,0.9706412989995079,False,False,False,False,-0.1357930955322511,-0.15646435598390884,False,False,False,False,-218766.0,-221455.95770820658,False,False,False,False,8153.5868082813495,False,False,False,False
2025-08-04 17:00:00+00:00,87.895,87.95,87.6,87.605,5888.0,,,,,,,,,,,,,,,,,,,,,,,,89.72755491396235,88.68215069921763,"rgba(239, 83, 80, 1.0)",0.0,0.0,1.9485539845306068,88.26859435231094,-0.34055733512089115,0.0,0.0,0.0,0.0,0.0,0.0,0.0,0.0,42.008547609652595,-15.04214930798345,False,False,False,True,True,0.0,0,0.9617579908675795,0.9704011741682973,False,False,False,False,-0.1392380465698536,-0.14785120127688123,False,False,False,False,-224654.0,-221505.53975924212,False,False,False,False,8118.46143140877,False,False,False,False
2025-08-04 18:00:00+00:00,87.605,87.67,87.31,87.595,6238.0,,,,,,,,,,,,,,,,,,,,,,,,89.6885883357251,88.67988065530564,"rgba(239, 83, 80, 1.0)",0.0,0.0,1.9333605201566462,88.2580861424247,-0.3429707680029475,0.0,0.0,0.0,0.0,0.0,0.0,0.0,0.0,42.31323662663183,-14.317498218826344,False,False,False,True,True,0.0,0,0.9572795071335924,0.9751134889753565,False,False,False,False,-0.1695981330169009,-0.15872466714689107,False,False,False,False,-230892.0,-221651.0662746027,False,False,False,False,8089.306990611734,False,False,False,False
2025-08-04 19:00:00+00:00,87.59,87.81,87.465,87.785,12562.0,,,,,,,,,,,,,,,,,,,,,,,,89.6197195110819,88.67597235200216,"rgba(239, 83, 80, 1.0)",0.0,0.0,1.9070376938501363,88.25144342775816,-0.24459056538964252,0.0,0.0,0.0,0.0,0.0,0.0,0.0,0.0,43.79104953910926,-12.45346147758449,False,False,False,True,True,0.0,0,0.9600161225312371,0.9729947601773477,False,False,False,False,-0.15385024632115976,-0.15628745673402542,False,False,False,False,-218330.0,-221599.57687499645,False,False,False,False,8158.651068276668,False,False,False,False
2025-08-05 14:00:00+00:00,87.675,87.855,87.37,87.55,5124.0,,,,,,,,,,,,,,,,,,,,,,,,89.59165526100686,88.67423474730484,"rgba(239, 83, 80, 1.0)",0.0,0.0,1.8929466590618809,88.24695291057766,-0.3681841256546896,0.0,0.0,0.0,0.0,0.0,0.0,0.0,0.0,43.447494222146204,-12.334408635166874,False,False,False,True,True,0.0,0,0.9588065909454485,0.9724844024956005,False,False,False,False,-0.15651384806053664,-0.15640065239728101,False,False,False,False,-223454.0,-221628.32762112055,False,False,False,False,8111.602214504937,False,False,False,False
2025-08-05 15:00:00+00:00,87.55,87.76,85.72,86.23,16269.0,,,,,,,,,,,,,,,,,,,,,,,,89.46448173126755,88.6635825042951,"rgba(239, 83, 80, 1.0)",0.0,0.0,1.904316961561171,88.1967207981654,-1.0327696690539727,0.0,0.0,0.0,0.0,0.0,0.0,0.0,0.0,38.22733951547839,-12.334408635166874,False,False,False,True,False,0.0,0,0.9345468628969789,0.9748257164988379,False,False,False,False,-0.25115569977572694,-0.20377817608650398,False,False,False,False,-239723.0,-221908.86517738222,False,False,False,False,8238.073498000984,False,False,False,False
2025-08-05 16:00:00+00:00,86.2,86.69,85.93,86.04,18018.0,,,,,,,,,,,,,,,,,,,,,,,,89.31998528482434,88.64995891533941,"rgba(239, 83, 80, 1.0)",0.0,0.0,1.9217913869966776,88.1431124140871,-1.0943500050615684,0.0,0.0,0.0,0.0,0.0,0.0,0.0,0.0,34.250212311289054,-9.809976010278454,False,True,False,True,False,0.0,0,0.943896424167694,0.9914457459926016,False,False,False,False,-0.2993666036443249,-0.2515723898654144,False,False,False,False,-257741.0,-222464.4021513763,False,False,False,False,8389.700265473837,False,False,False,False
2025-08-05 17:00:00+00:00,86.035,86.07,85.53,85.9,14238.0,,,,,,,,,,,,,,,,,,,,,,,,89.20145165616466,88.63760436575666,"rgba(239, 83, 80, 1.0)",0.0,0.0,1.9530349378513288,88.09824453439654,-1.1255531029132435,0.0,0.0,0.0,0.0,0.0,0.0,0.0,0.0,31.22550077295432,-12.665336102397795,False,True,False,True,False,0.0,0,0.9410224822913457,0.9993840468124422,False,False,False,False,-0.34282825441539394,-0.29720032214040415,False,False,False,False,-271979.0,-223232.07033507587,False,False,False,False,8480.37157918742,False,False,False,False
2025-08-05 18:00:00+00:00,85.905,85.955,85.03,85.14,16549.0,,,,,,,,,,,,,,,,,,,,,,,,89.0559990666685,88.621055186368,"rgba(239, 83, 80, 1.0)",0.0,0.0,1.9988584196939645,88.04065976055873,-1.4511581870830204,0.0,0.0,0.0,0.0,0.0,0.0,0.0,0.0,27.476872329818285,-16.175083300628287,False,True,False,True,False,0.0,0,0.9367156412610955,0.9988521579430668,False,False,False,False,-0.34282825441539394,-0.320014288277899,False,False,False,False,-288528.0,-224244.4103298809,False,False,False,False,8605.466593463585,False,False,False,False
2025-08-05 19:00:00+00:00,85.145,85.72,85.08,85.57,43853.0,,,,,,,,,,,,,,,,,,,,,,,,88.72662114392199,88.57908597319603,"rgba(239, 83, 80, 1.0)",0.0,0.0,2.0287585006731392,87.91855713321152,-1.1576326765518323,0.0,0.0,0.0,0.0,0.0,0.0,0.0,0.0,28.07519334863243,-16.175083300628287,False,True,False,True,False,0.0,0,0.9378810975609754,1.000076219512195,False,False,False,False,-0.34282825441539394,-0.33142127134664645,False,False,False,False,-244675.0,-224561.1636580998,False,False,False,False,9151.939979611436,False,False,False,False
2025-08-06 14:00:00+00:00,84.66,84.89,83.615,83.625,13104.0,,,,,,,,,,,,,,,,,,,,,,,,88.60196558097967,88.56118085584109,"rgba(239, 83, 80, 1.0)",0.0,0.0,2.1145587638477275,87.68636324401577,-1.9206670031839468,0.0,0.0,0.0,0.0,0.0,0.0,0.0,0.0,24.849932335794726,-18.799348050008092,False,True,False,True,False,0.0,0,0.9165609373833866,1.0012687513993581,True,False,False,False,-0.34282825441539394,-0.3371247628810202,False,False,False,False,-257779.0,-225076.1688727029,True,False,False,False,9213.212227989552,True,False,False,False
2025-08-06 15:00:00+00:00,83.675,84.615,83.63,84.48,10118.0,,,,,,,,,,,,,,,,,,,,,,,,88.51415784459486,88.54805487463527,"rgba(239, 83, 80, 1.0)",0.0,0.0,2.169645782108056,87.65365076584756,-1.4627506443766107,0.0,0.0,0.0,0.0,0.0,0.0,0.0,0.0,26.92071718083233,-18.799348050008092,False,True,False,True,False,0.0,0,0.9166419679905156,1.0051126259632484,False,False,False,False,-0.34282825441539394,-0.33997650864820705,False,False,False,False,-247661.0,-225426.32129328113,False,False,False,False,9227.239945385063,False,False,False,False
2025-08-06 16:00:00+00:00,84.48,84.645,84.105,84.345,8299.0,,,,,,,,,,,,,,,,,,,,,,,,88.44673723857782,88.53765470530804,"rgba(239, 83, 80, 1.0)",0.0,0.0,2.229353283592019,87.6287109498292,-1.4729432853900837,0.0,0.0,0.0,0.0,0.0,0.0,0.0,0.0,28.023485282136924,-18.799348050008092,False,True,False,True,True,0.0,0,0.9295732838589981,1.0007421150278293,False,False,False,False,-0.3200638841780351,-0.3300201964131211,False,False,False,False,-255960.0,-225899.71166082716,False,False,False,False,9212.848628402347,False,False,False,False
2025-08-06 17:00:00+00:00,84.425,84.63,84.155,84.215,9144.0,,,,,,,,,,,,,,,,,,,,,,,,88.37438736031925,88.52616880290236,"rgba(239, 83, 80, 1.0)",0.0,0.0,2.292952878037477,87.60011643545549,-1.4763131278793593,0.0,0.0,0.0,0.0,0.0,0.0,0.0,0.0,28.474104119069263,-18.799348050008092,False,True,False,True,True,0.0,0,0.9267027347513525,1.0008152375305714,False,False,False,False,-0.3184982226703051,-0.32425920954171306,False,False,False,False,-265104.0,-226507.5300846903,False,False,False,False,9211.781207806962,False,False,False,False
2025-08-06 18:00:00+00:00,84.215,84.44,84.06,84.06,8194.0,,,,,,,,,,,,,,,,,,,,,,,,88.30940699149734,88.51557121643961,"rgba(239, 83, 80, 1.0)",0.0,0.0,2.357887466845215,87.57228257652302,-1.4895887212218624,0.0,0.0,0.0,0.0,0.0,0.0,0.0,0.0,28.417140008858418,-18.799348050008092,False,True,False,True,True,0.0,0,0.9301858736059478,1.001635687732342,False,False,False,False,-0.3312919544482585,-0.3277755819949858,False,False,False,False,-273298.0,-227232.96372678815,False,False,False,False,9196.001654197551,False,False,False,False
2025-08-06 19:00:00+00:00,84.09,84.31,83.92,84.12,24863.0,,,,,,,,,,,,,,,,,,,,,,,,88.1208776349636,88.48321461748377,"rgba(239, 83, 80, 1.0)",0.0,0.0,2.418348064352978,87.48986463086582,-1.393457244860002,0.0,0.0,0.0,0.0,0.0,0.0,0.0,0.0,28.753073517170428,-18.799348050008092,False,True,False,True,True,0.0,0,0.9299472001189856,0.9988845095560348,False,False,False,False,-0.34282825441539394,-0.33530191820518984,False,False,False,False,-248435.0,-227561.6774674581,False,False,False,False,9438.900853357278,False,False,False,False
2025-08-07 14:00:00+00:00,85.22,85.295,84.845,85.065,6613.0,,,,,,,,,,,,,,,,,,,,,,,,88.08480110959005,88.47654670185472,"rgba(239, 83, 80, 1.0)",0.0,0.0,2.454061026649898,87.47957698507153,-0.9839107336168144,0.0,0.0,0.0,0.0,0.0,0.0,0.0,0.0,34.08309301390208,-20.95764358811934,False,False,False,True,True,0.0,0,0.9309457273128401,0.9924253566700986,False,False,False,False,-0.25838143458036833,-0.2968416763927791,False,False,False,False,-241822.0,-227782.76773928045,False,False,False,False,9395.088437026157,False,False,False,False
2025-08-07 15:00:00+00:00,85.065,85.1,84.745,84.86,5110.0,,,,,,,,,,,,,,,,,,,,,,,,88.05599451406403,88.47116098449617,"rgba(239, 83, 80, 1.0)",0.0,0.0,2.492560088100629,87.47003530520053,-1.0471303450860496,0.0,0.0,0.0,0.0,0.0,0.0,0.0,0.0,36.886165335362065,-18.260156763733704,False,False,False,True,True,0.0,0,0.9249926318891836,1.000589448865311,False,False,False,False,-0.2711638899255068,-0.28400278315914296,False,False,False,False,-246932.0,-228079.65506115207,False,False,False,False,9328.65295738234,False,False,False,False
2025-08-07 16:00:00+00:00,84.935,85.205,84.855,85.025,1275.0,,,,,,,,,,,,,,,,,,,,,,,,88.04917342102365,88.46986731471894,"rgba(239, 83, 80, 1.0)",0.0,0.0,2.524702563874694,87.46789983752583,-0.9675990639375271,0.0,0.0,0.0,0.0,0.0,0.0,0.0,0.0,39.590015535858626,-15.688413417450555,True,False,False,True,True,0.0,0,0.9343043995243759,0.9987366230677766,False,False,False,False,-0.261839545071671,-0.272921164115407,False,False,False,False,-245657.0,-228352.17203694815,False,False,False,False,9203.790120833777,False,False,False,False
2025-08-07 17:00:00+00:00,85.08,85.09,84.79,85.02,1197.0,,,,,,,,,,,,,,,,,,,,,,,,88.04266737550137,88.46863192509647,"rgba(239, 83, 80, 1.0)",0.0,0.0,2.55859340756296,87.46577182212593,-0.9559048400955245,0.0,0.0,0.0,0.0,0.0,0.0,0.0,0.0,41.370338205595225,-13.95953424325183,True,False,False,True,True,0.0,0,0.934889252266984,0.991080719488628,False,False,False,False,-0.26964287317171265,-0.27128201864355983,False,False,False,False,-246854.0,-228639.02208288695,False,False,False,False,9079.653839890618,False,False,False,False
2025-08-07 18:00:00+00:00,85.02,85.135,84.995,85.055,1348.0,,,,,,,,,,,,,,,,,,,,,,,,88.0355986708322,88.4672794479193,"rgba(239, 83, 80, 1.0)",0.0,0.0,2.5915299456998118,87.46357123132309,-0.9294012732979144,0.0,0.0,0.0,0.0,0.0,0.0,0.0,0.0,42.7691245032725,-12.520355514532639,True,False,False,True,True,0.0,0,0.9352100089365506,0.9924039320822164,False,False,False,False,-0.25881336632243235,-0.2650476924829961,False,False,False,False,-245506.0,-228900.5256164856,False,False,False,False,8959.783237721771,False,False,False,False
2025-08-07 19:00:00+00:00,85.08,85.435,85.04,85.395,5843.0,,,,,,,,,,,,,,,,,,,,,,,,88.00766553082869,88.46182165574514,"rgba(239, 83, 80, 1.0)",0.0,0.0,2.6184288012827066,87.4559847781437,-0.7871074352428744,0.0,0.0,0.0,0.0,0.0,0.0,0.0,0.0,45.734292803021816,-9.614273688179225,True,False,False,True,True,0.0,0,0.9345516677809972,0.9888566971250281,False,False,False,False,-0.24396502420178492,-0.2545063583423905,False,False,False,False,-239663.0,-229067.38568444704,False,False,False,False,8911.461016981899,False,False,False,False
2025-08-08 14:00:00+00:00,85.42,85.69,85.265,85.63,4095.0,,,,,,,,,,,,,,,,,,,,,,,,87.99011259236464,88.45829436349179,"rgba(239, 83, 80, 1.0)",0.0,0.0,2.6413585945919245,87.45199914197859,-0.6897962077958911,0.0,0.0,0.0,0.0,0.0,0.0,0.0,0.0,49.00208396487561,-6.49713432583615,True,False,False,False,True,0.0,0,0.9361133783482972,0.9886473250723457,False,False,False,False,-0.2234790962175333,-0.2389927272799619,False,False,False,False,-235568.0,-229168.17040251763,False,False,False,False,8836.787202765125,False,False,False,False
2025-08-08 15:00:00+00:00,85.63,85.875,85.49,85.67,2972.0,,,,,,,,,,,,,,,,,,,,,,,,87.97829495664958,88.45587047935952,"rgba(239, 83, 80, 1.0)",0.0,0.0,2.664082043619252,87.35870191121646,-0.6338775921939298,0.0,0.0,0.0,0.0,0.0,0.0,0.0,0.0,51.40458103764774,-4.211335380399618,True,False,True,False,True,0.0,0,0.934727785195075,0.9908767245215844,False,False,False,False,-0.20612626925359656,-0.22255949826677923,False,False,False,False,-232596.0,-229221.31504743983,False,False,False,False,8745.86026938892,False,False,False,False
2025-08-08 16:00:00+00:00,85.67,85.83,85.65,85.675,2354.0,,,,,,,,,,,,,,,,,,,,,,,,87.96918139639793,88.45398122253883,"rgba(239, 83, 80, 1.0)",0.0,0.0,2.686277158629087,87.35791221844238,-0.6264849526179342,0.0,0.0,0.0,0.0,0.0,0.0,0.0,0.0,53.03719974245439,-2.5920286908465187,True,False,True,False,True,0.0,0,0.9317195706782373,1.0097434726345436,False,False,False,False,-0.20128134255030702,-0.21192042040854314,False,False,False,False,-230242.0,-229237.13962034773,False,False,False,False,8646.761660561186,False,False,False,False
2025-08-08 17:00:00+00:00,85.67,85.77,85.555,85.58,3798.0,,,,,,,,,,,,,,,,,,,,,,,,87.95409263457569,88.45084585572762,"rgba(239, 83, 80, 1.0)",0.0,0.0,2.700162304097264,87.3533914790008,-0.6567721785871309,0.0,0.0,0.0,0.0,0.0,0.0,0.0,0.0,53.31181109342725,-2.128229027401183,True,False,True,False,True,0.0,0,0.9138763313156083,1.0199218450693435,False,False,False,False,-0.20781368923250004,-0.2098670548205216,False,False,False,False,-234040.0,-229311.60257197023,False,False,False,False,8571.58706117264,False,False,False,False
2025-08-08 18:00:00+00:00,85.59,85.65,85.53,85.605,4177.0,,,,,,,,,,,,,,,,,,,,,,,,87.93743946550843,88.44735678689743,"rgba(239, 83, 80, 1.0)",0.0,0.0,2.703778678838841,87.34828279914983,-0.6447579503432178,0.0,0.0,0.0,0.0,0.0,0.0,0.0,0.0,53.68981955005667,-1.4493392916191894,True,False,True,False,True,0.0,0,0.9152267818574515,1.0183585313174945,False,False,False,False,-0.21394045341891366,-0.21190375411971762,False,False,False,False,-229863.0,-229320.15136930402,False,False,False,False,8503.453928441282,False,False,False,False
2025-08-08 19:00:00+00:00,85.6,85.79,85.395,85.75,12864.0,,,,,,,,,,,,,,,,,,,,,,,,87.88866181811363,88.43685220540885,"rgba(239, 83, 80, 1.0)",0.0,0.0,2.6985143977667243,87.33647118070331,-0.5879053978797623,0.0,0.0,0.0,0.0,0.0,0.0,0.0,0.0,55.10172219307732,0.21950345942408234,True,False,True,False,True,0.0,0,0.9127314814814816,1.014429012345679,False,False,False,False,-0.21372892463960746,-0.21281633937966254,False,False,False,False,-216999.0,-229129.12576667915,False,False,False,False,8571.059293891805,False,False,False,False
2025-08-11 14:00:00+00:00,85.37,85.405,84.915,85.03,9112.0,,,,,,,,,,,,,,,,,,,,,,,,87.84750361338197,88.4280598798416,"rgba(239, 83, 80, 1.0)",0.0,0.0,2.6972941012184424,87.31473645044922,-0.8470475835086495,0.0,0.0,0.0,0.0,0.0,0.0,0.0,0.0,50.268101955763775,0.21950345942408234,True,False,False,False,False,0.0,0,0.8996781115879832,1.0156345800122626,False,False,False,False,-0.2506226033793277,-0.2317194713794951,False,False,False,False,-226111.0,-229082.33311913372,False,False,False,False,8579.445971505886,False,False,False,False
2025-08-11 15:00:00+00:00,84.995,85.195,84.905,85.19,9228.0,,,,,,,,,,,,,,,,,,,,,,,,87.80675237069346,88.41914946296711,"rgba(239, 83, 80, 1.0)",0.0,0.0,2.6871696620779475,87.29528103780146,-0.7834566858623581,0.0,0.0,0.0,0.0,0.0,0.0,0.0,0.0,48.42314440462284,3.4923807124452395,True,False,False,True,False,0.0,0,0.9010500498198821,1.0157890702843568,False,False,False,False,-0.26010972926850856,-0.24591460032400184,False,False,False,False,-216883.0,-228893.19617155023,False,False,False,False,8589.50107272285,False,False,False,False
2025-08-11 16:00:00+00:00,85.19,85.255,84.68,84.76,9670.0,,,,,,,,,,,,,,,,,,,,,,,,87.7622931529529,88.40930892537142,"rgba(239, 83, 80, 1.0)",0.0,0.0,2.674878675365899,87.27255887710734,-0.939316949305614,0.0,0.0,0.0,0.0,0.0,0.0,0.0,0.0,44.601848292423824,-0.10898822073898629,True,False,False,True,False,0.0,0,0.9031785218330507,1.0111093966980407,False,False,False,False,-0.2672551601195045,-0.2565848802217532,False,False,False,False,-226553.0,-228856.9140603634,False,False,False,False,8606.252994075983,False,False,False,False
2025-08-11 17:00:00+00:00,84.76,84.87,84.6,84.87,7256.0,,,,,,,,,,,,,,,,,,,,,,,,87.72847321356474,88.40171335565391,"rgba(239, 83, 80, 1.0)",0.0,0.0,2.6605134097769327,87.1193444448656,-0.8454550300703775,0.0,0.0,0.0,0.0,0.0,0.0,0.0,0.0,43.05522662078468,-1.57176087011824,True,False,False,True,False,0.0,0,0.9033876070684467,1.0144301257813104,False,False,False,False,-0.2875391753552719,-0.2720620277885125,False,False,False,False,-219297.0,-228708.69833849728,False,False,False,False,8585.318839129068,False,False,False,False
2025-08-11 18:00:00+00:00,84.865,84.915,84.715,84.81,10335.0,,,,,,,,,,,,,,,,,,,,,,,,87.6821353215007,88.39104849008928,"rgba(239, 83, 80, 1.0)",0.0,0.0,2.640252513176077,87.09801125044991,-0.8665880399816615,0.0,0.0,0.0,0.0,0.0,0.0,0.0,0.0,41.64586005558502,-3.001447904915487,True,False,False,True,False,0.0,0,0.9085851170697785,1.0102774128738121,False,False,False,False,-0.28053449362559557,-0.27629826070705404,False,False,False,False,-229632.0,-228723.0130929392,False,False,False,False,8612.445678832491,False,False,False,False
2025-08-11 19:00:00+00:00,84.8,84.93,84.6,84.68,12489.0,,,,,,,,,,,,,,,,,,,,,,,,87.62662350786489,88.3779707984229,"rgba(239, 83, 80, 1.0)",0.0,0.0,2.6277785089103554,86.93018088919764,-0.8563053855443491,0.0,0.0,0.0,0.0,0.0,0.0,0.0,0.0,39.86839628639873,-4.8282780793055835,True,False,False,True,False,0.0,0,0.9060283687943265,1.0092506938020351,False,False,False,False,-0.2849092343475146,-0.28060374752728434,False,False,False,False,-242121.0,-228930.73382018044,False,False,False,False,8672.547296214932,False,False,False,False
2025-08-12 14:00:00+00:00,85.045,85.395,84.85,85.33,6626.0,,,,,,,,,,,,,,,,,,,,,,,,87.60251750971793,88.37193264170959,"rgba(239, 83, 80, 1.0)",0.0,0.0,2.5970484251399206,86.93339997413898,-0.6173931755056106,0.0,0.0,0.0,0.0,0.0,0.0,0.0,0.0,44.35043314765303,-4.8282780793055835,True,False,False,True,True,0.0,0,0.9067369385884513,0.9999236174763217,False,False,False,False,-0.25385180803184443,-0.2672277777795644,False,False,False,False,-235495.0,-229032.5053888598,False,False,False,False,8640.817880769739,False,False,False,False
2025-08-12 15:00:00+00:00,85.37,85.745,85.37,85.44,5721.0,,,,,,,,,,,,,,,,,,,,,,,,87.58485330964993,88.36727119582295,"rgba(239, 83, 80, 1.0)",0.0,0.0,2.563195204750676,86.94075251087995,-0.5855006704516397,0.0,0.0,0.0,0.0,0.0,0.0,0.0,0.0,48.09110388469644,-7.701317656208836,True,False,False,False,True,0.0,0,0.9160828510508684,0.9937557112397198,False,False,False,False,-0.2166920516427828,-0.24195991471117362,False,False,False,False,-229774.0,-229044.0014293426,False,False,False,False,8595.549386494238,False,False,False,False
2025-08-12 16:00:00+00:00,85.43,85.45,85.1,85.2,13272.0,,,,,,,,,,,,,,,,,,,,,,,,87.53983120680101,88.35550261807312,"rgba(239, 83, 80, 1.0)",0.0,0.0,2.5303804506880794,86.93240191763054,-0.6846408875627586,0.0,0.0,0.0,0.0,0.0,0.0,0.0,0.0,48.61916965783099,-7.176518235670834,True,False,False,False,True,0.0,0,0.9145997099900789,0.9996947263985347,False,False,False,False,-0.2407512468293351,-0.24135558077025437,False,False,False,False,-243046.0,-229261.08667850008,False,False,False,False,8668.052496781149,False,False,False,False
2025-08-12 17:00:00+00:00,85.2,85.24,84.925,85.0,6815.0,,,,,,,,,,,,,,,,,,,,,,,,87.51546917027643,88.34911678042712,"rgba(239, 83, 80, 1.0)",0.0,0.0,2.5068490900649616,86.92227191232189,-0.7668079901339718,0.0,0.0,0.0,0.0,0.0,0.0,0.0,0.0,47.47296508486261,-7.176518235670834,True,False,False,True,True,0.0,0,0.9110247026532482,1.0001524855138764,False,False,False,False,-0.2573020173663011,-0.24932879906827773,False,False,False,False,-249861.0,-229580.4651796086,False,False,False,False,8639.323000707021,False,False,False,False
2025-08-12 18:00:00+00:00,85.0,85.26,84.995,85.2,15467.0,,,,,,,,,,,,,,,,,,,,,,,,87.46401620529996,88.33513768988718,"rgba(239, 83, 80, 1.0)",0.0,0.0,2.4814477538231796,86.9042170684962,-0.6867833771114042,0.0,0.0,0.0,0.0,0.0,0.0,0.0,0.0,48.397054513583285,-7.07502825860022,True,False,False,False,True,0.0,0,0.9119554436560622,1.0008392462043183,False,False,False,False,-0.25342094919270153,-0.25137487413048965,False,False,False,False,-234394.0,-229655.09362643637,False,False,False,False,8745.1784580604,False,False,False,False
2025-08-12 19:00:00+00:00,85.21,86.05,85.205,86.015,48491.0,,,,,,,,,,,,,,,,,,,,,,,,87.3549458058487,88.30027345248772,"rgba(38, 166, 154, 1.0)",0.0,0.0,2.444498972228125,86.90632397205863,-0.36462440041289945,0.0,0.0,0.0,0.0,0.0,0.0,0.0,0.0,53.94758069160773,-1.727238729227281,True,False,True,False,True,0.0,0,0.9125443697605924,0.9902575334189263,False,False,False,False,-0.21076949004971127,-0.23107218209010044,False,False,False,False,-185903.0,-228976.76659346838,False,False,False,False,9361.392745532332,False,False,False,False
2025-08-13 14:00:00+00:00,86.21,86.895,86.195,86.78,15899.0,,,,,,,,,,,,,,,,,,,,,,,,87.33993611928356,88.29287189632771,"rgba(38, 166, 154, 1.0)",0.0,0.0,2.3922879093956397,86.92742840867683,-0.06162653253306595,0.0,0.0,0.0,0.0,0.0,0.0,0.0,0.0,60.43321930651991,4.207077345890113,True,False,True,False,True,0.0,0,0.9236116301666796,0.981463487555124,False,False,False,False,-0.13431805429037744,-0.18269511819023893,False,False,False,False,-170004.0,-228062.4601346549,False,False,False,False,9462.750997539582,False,False,False,False
2025-08-13 15:00:00+00:00,86.78,87.28,86.55,86.635,6750.0,,,,,,,,,,,,,,,,,,,,,,,,87.33546090621842,88.29012020536518,"rgba(38, 166, 154, 1.0)",0.0,0.0,2.3377521504890595,86.90653526978512,-0.1161522917338835,0.0,0.0,0.0,0.0,0.0,0.0,0.0,0.0,63.57013373342941,6.926499583065194,True,False,True,False,True,0.0,0,0.9344640333258951,0.9738897567507255,False,False,False,False,-0.10397181460548335,-0.14333346639786115,False,False,False,False,-176754.0,-227266.98013256723,False,False,False,False,9420.692842538969,False,False,False,False
2025-08-13 16:00:00+00:00,86.635,86.915,86.635,86.805,10459.0,,,,,,,,,,,,,,,,,,,,,,,,87.32819317595109,88.28577082723193,"rgba(38, 166, 154, 1.0)",0.0,0.0,2.2740399419660045,86.91868004998436,-0.04999034884412446,0.0,0.0,0.0,0.0,0.0,0.0,0.0,0.0,66.26584078753856,9.351186296347976,True,False,True,False,True,0.0,0,0.951603099832853,0.97318036772527,False,False,False,False,-0.11542877125420949,-0.1293811188260353,False,False,False,False,-166295.0,-226321.67811500805,False,False,False,False,9436.790627925962,False,False,False,False
2025-08-13 17:00:00+00:00,86.76,86.82,86.385,86.46,8809.0,,,,,,,,,,,,,,,,,,,,,,,,87.31968974803303,88.28156863153124,"rgba(38, 166, 154, 1.0)",0.0,0.0,2.2349347955901573,86.92108729876809,-0.20630906086293102,0.0,0.0,0.0,0.0,0.0,0.0,0.0,0.0,65.17969981953053,9.351186296347976,True,False,True,False,True,0.0,0,0.9447983014862004,0.9657264179557179,False,False,False,False,-0.1295873126607776,-0.12948421574340646,False,False,False,False,-175104.0,-225527.60558609318,False,False,False,False,9427.057439896102,False,False,False,False
2025-08-13 18:00:00+00:00,86.42,86.63,86.325,86.35,10038.0,,,,,,,,,,,,,,,,,,,,,,,,87.30873988306026,88.27647388182945,"rgba(38, 166, 154, 1.0)",0.0,0.0,2.191315798310913,86.92175919284958,-0.26092049046070903,0.0,0.0,0.0,0.0,0.0,0.0,0.0,0.0,63.58396881130571,9.351186296347976,True,False,True,False,False,0.0,0,0.9419740928717529,0.9696235133701997,False,False,False,False,-0.13987918539658667,-0.13468170056999657,False,False,False,False,-185142.0,-224901.47216615375,False,False,False,False,9436.52941757213,False,False,False,False
2025-08-13 19:00:00+00:00,86.335,86.975,86.29,86.495,51358.0,,,,,,,,,,,,,,,,,,,,,,,,87.26573738501702,88.25295223401366,"rgba(38, 166, 154, 1.0)",0.0,0.0,2.146795155910432,86.94491665605608,-0.20957596015502025,0.0,0.0,0.0,0.0,0.0,0.0,0.0,0.0,63.28558744335188,9.351186296347976,True,False,True,False,False,0.0,0,0.945436732233025,0.9624689125028266,False,False,False,False,-0.12712140067086206,-0.1309015506204293,False,False,False,False,-133784.0,-223488.79817908158,False,False,False,False,10086.474697919848,False,False,False,False
2025-08-14 14:00:00+00:00,85.885,85.965,85.49,85.92,12115.0,,,,,,,,,,,,,,,,,,,,,,,,87.24531589686472,88.24489688791637,"rgba(38, 166, 154, 1.0)",0.0,0.0,2.1107802088538574,86.93100201312915,-0.47897076582791737,0.0,0.0,0.0,0.0,0.0,0.0,0.0,0.0,58.79256768667564,15.271700949436024,True,False,True,False,False,0.0,0,0.9336860144549594,0.9707920423217349,False,False,False,False,-0.20233378709402164,-0.16661766885722545,False,False,False,False,-145899.0,-222285.85557165396,False,False,False,False,10117.92470260326,False,False,False,False
2025-08-14 15:00:00+00:00,85.93,86.185,85.8,86.065,5801.0,,,,,,,,,,,,,,,,,,,,,,,,87.2372192535036,88.24141045230557,"rgba(38, 166, 154, 1.0)",0.0,0.0,2.0797918446604577,86.92713266009571,-0.41452833960720736,0.0,0.0,0.0,0.0,0.0,0.0,0.0,0.0,56.71888752824796,13.138495057013166,True,False,True,False,False,0.0,0,0.9395494088779843,0.9664659082459665,False,False,False,False,-0.18011259957904446,-0.17336513421813496,False,False,False,False,-140098.0,-221011.62525271357,False,False,False,False,10050.99563744662,False,False,False,False
2025-08-14 16:00:00+00:00,86.07,86.275,86.005,86.2,10931.0,,,,,,,,,,,,,,,,,,,,,,,,87.2240069485197,88.23529177172887,"rgba(38, 166, 154, 1.0)",0.0,0.0,2.0450187271987543,86.92285763639399,-0.35347237987602453,0.0,0.0,0.0,0.0,0.0,0.0,0.0,0.0,56.19886030899434,12.375589788777376,True,False,True,False,False,0.0,0,0.9462697814619448,0.9740768651092693,False,False,False,False,-0.16782136013634336,-0.17059324717723917,False,False,False,False,-129167.0,-219587.6775743769,False,False,False,False,10064.639115935819,False,False,False,False
2025-08-14 17:00:00+00:00,86.2,86.37,86.155,86.32,8823.0,,,,,,,,,,,,,,,,,,,,,,,,87.21476932424045,88.23066723321406,"rgba(38, 166, 154, 1.0)",0.0,0.0,1.981144477679618,86.92128294167058,-0.3035028229616208,0.0,0.0,0.0,0.0,0.0,0.0,0.0,0.0,56.62537634630078,12.375589788777376,True,False,True,False,False,0.0,0,0.9418789207165,0.9676517270047618,False,False,False,False,-0.1576515848868931,-0.16412241603206612,False,False,False,False,-120344.0,-218049.0159065571,False,False,False,False,10045.3888970841,False,False,False,False
2025-08-14 18:00:00+00:00,86.32,86.555,86.245,86.4,11243.0,,,,,,,,,,,,,,,,,,,,,,,,87.204717110709,88.22516176237978,"rgba(38, 166, 154, 1.0)",0.0,0.0,1.9051265782824696,86.92132565901943,-0.27364358093697694,0.0,0.0,0.0,0.0,0.0,0.0,0.0,0.0,57.43908541486599,12.375589788777376,True,False,True,False,False,0.0,0,0.9424705170849722,0.9643181130934384,False,False,False,False,-0.14627482695887123,-0.15519862149546867,False,False,False,False,-109101.0,-216359.89938087403,False,False,False,False,10063.956511082795,False,False,False,False
2025-08-14 19:00:00+00:00,86.4,86.88,86.4,86.79,36733.0,,,,,,,,,,,,,,,,,,,,,,,,87.18477332932498,88.21022463746809,"rgba(38, 166, 154, 1.0)",0.0,0.0,1.8231342876018783,86.93515166427036,-0.07961655115448915,0.0,0.0,0.0,0.0,0.0,0.0,0.0,0.0,60.30122628813167,12.375589788777376,True,False,True,False,True,0.0,0,0.9401599758527025,0.9647600362209481,False,False,False,False,-0.12650516401684916,-0.14085189275615892,False,False,False,False,-72368.0,-214127.46683233333,False,False,False,False,10477.430053546628,False,False,False,False
2025-08-15 14:00:00+00:00,87.45,87.58,87.185,87.485,7630.0,,,,,,,,,,,,,,,,,,,,,,,,87.18662478766635,88.20862403746793,"rgba(38, 166, 154, 1.0)",0.0,0.0,1.7363983460643995,86.94511970975799,0.31091960635971894,0.0,0.0,0.0,0.0,0.0,0.0,0.0,0.0,65.08803197474899,9.672192246267336,True,False,True,False,True,3.3231484530442685,0,0.9447563440377282,0.9579309828579989,False,False,False,False,-0.06589306087460084,-0.10337247681537988,False,False,False,False,-64738.0,-211811.35106749093,False,False,False,False,10433.28385116606,False,False,False,False
2025-08-15 15:00:00+00:00,87.485,87.905,87.33,87.895,4385.0,,,,,,,,,,,,,,,,,,,,,,,,87.18901532583014,88.20804671389183,"rgba(38, 166, 154, 1.0)",0.0,0.0,1.6478008139703888,86.95239860318495,0.5720360063082167,0.0,0.0,0.0,0.0,0.0,0.0,0.0,0.0,69.49842680091088,13.758332943577692,True,False,True,False,True,5.214144800234724,0,0.9460367218987917,0.9561128526645775,False,False,False,False,-0.04683053278140154,-0.07510150479839071,False,False,False,False,-60353.0,-209463.15957807246,False,False,False,False,10339.512008512322,False,False,False,False
2025-08-15 16:00:00+00:00,87.9,88.23,87.9,88.08,5126.0,,,,,,,,,,,,,,,,,,,,,,,,87.1936942627534,88.2078601215809,"rgba(38, 166, 154, 1.0)",0.0,0.0,1.5564694022045347,86.96316957377391,0.7175408810762639,0.0,0.0,0.0,0.0,0.0,0.0,0.0,0.0,72.93208840950106,16.870709503137192,True,False,True,False,True,6.051668921537306,0,0.9558812532715182,0.9510954909145297,False,False,False,False,-0.01061295978544683,-0.042857232291918776,False,False,False,False,-55227.0,-207071.90129004032,False,False,False,False,10258.682364969494,False,False,False,False
2025-08-15 17:00:00+00:00,88.08,88.17,87.71,87.74,5376.0,,,,,,,,,,,,,,,,,,,,,,,,87.19745892050827,88.20738657356938,"rgba(38, 166, 154, 1.0)",0.0,0.0,1.5096511350469297,86.97273178649584,0.5082420671185737,0.0,0.0,0.0,0.0,0.0,0.0,0.0,0.0,71.93088782481522,16.870709503137192,True,False,True,False,True,4.267619633066236,0,0.9555970149253739,0.9479104477611945,False,False,False,False,-0.02072272458557386,-0.03178997843874632,False,False,False,False,-60603.0,-204801.06561112494,False,False,False,False,10182.98186318702,False,False,False,False
2025-08-15 18:00:00+00:00,87.72,87.98,87.64,87.85,5593.0,,,,,,,,,,,,,,,,,,,,,,,,87.20104503669252,88.20682180439074,"rgba(38, 166, 154, 1.0)",0.0,0.0,1.4631321302703857,86.98201787578354,0.5932356389822778,0.0,0.0,0.0,0.0,0.0,0.0,0.0,0.0,71.69527090644304,16.870709503137192,True,False,True,False,True,4.77789712234588,0,0.9578435043055045,0.9507300636465749,False,False,False,False,-0.03124140425650669,-0.03151569134762651,False,False,False,False,-55010.0,-202478.72350862686,False,False,False,False,10111.819353680245,False,False,False,False
2025-08-15 19:00:00+00:00,87.835,87.9,87.68,87.86,14876.0,,,,,,,,,,,,,,,,,,,,,,,,87.21023610183322,88.20528874995841,"rgba(38, 166, 154, 1.0)",0.0,0.0,1.4134880089163369,87.0052321498608,0.6047223922292149,0.0,0.0,0.0,0.0,0.0,0.0,0.0,0.0,71.580271254457,16.870709503137192,True,False,True,False,True,4.824859779841276,0,0.9566949853394491,0.9522592286294268,False,False,False,False,-0.03286021799223301,-0.032187954669929755,False,False,False,False,-40134.0,-199961.75105112878,False,False,False,False,10185.682619514659,False,False,False,False
2025-08-18 14:00:00+00:00,88.59,88.76,88.215,88.255,9928.0,,,,,,,,,,,,,,,,,,,,,,,,87.22213624308229,88.20581965286058,"rgba(38, 166, 154, 1.0)",0.0,0.0,1.3639794818933095,87.02715427384547,0.9001936923935114,0.0,0.0,0.0,0.0,0.0,0.0,0.0,0.0,73.06155145043053,17.754690978894857,True,False,True,False,True,6.666825116225919,0,0.9527389103899979,0.9472313188448946,False,False,False,False,0.02355412090862377,-0.004316916880652992,False,False,False,False,-30206.0,-197329.87894180897,False,False,False,False,10181.687540142339,False,False,False,False
2025-08-18 15:00:00+00:00,88.255,89.105,88.24,88.95,10181.0,,,,,,,,,,,,,,,,,,,,,,,,87.23767146499986,88.20730285546354,"rgba(38, 166, 154, 1.0)",0.0,0.0,1.337488055010664,87.05301533596207,1.4183189576394424,0.0,0.0,0.0,0.0,0.0,0.0,0.0,0.0,75.99987614885377,20.80015867030798,True,False,True,False,True,9.742160523935308,0,0.9519067640333415,0.9447517887438227,False,False,False,False,0.038527469792701295,0.01710527645602415,False,False,False,False,-20025.0,-194580.966089998,False,False,False,False,10181.676880605246,False,False,False,False
2025-08-18 16:00:00+00:00,88.95,88.95,88.68,88.75,9563.0,,,,,,,,,,,,,,,,,,,,,,,,87.2522468692379,88.20875929286593,"rgba(38, 166, 154, 1.0)",0.0,0.0,1.3246844839360399,87.0765989824868,1.2632449747890284,0.0,0.0,0.0,0.0,0.0,0.0,0.0,0.0,75.9599785890434,21.03283156917192,True,False,True,False,True,8.636866660645758,0,0.9549097445884211,0.9553591491274065,False,False,False,False,0.05007242929108976,0.03358885287355695,False,False,False,False,-29588.0,-192022.9356079825,False,False,False,False,10172.08499098346,False,False,False,False
2025-08-18 17:00:00+00:00,88.755,89.02,88.725,88.76,10558.0,,,,,,,,,,,,,,,,,,,,,,,,87.26845141170402,88.21047289665158,"rgba(38, 166, 154, 1.0)",0.0,0.0,1.3342549022368464,87.10206957539751,1.2425889699359671,0.0,0.0,0.0,0.0,0.0,0.0,0.0,0.0,75.96636524296795,21.41011053205044,True,False,True,False,True,8.680999323107937,0,0.9618424023481603,0.94874689546173,False,False,False,False,0.05473452775988978,0.044161690316723366,False,False,False,False,-19030.0,-189340.87459080448,False,False,False,False,10178.068169417824,False,False,False,False
2025-08-18 18:00:00+00:00,88.76,88.76,88.335,88.46,11496.0,,,,,,,,,,,,,,,,,,,,,,,,87.2822312156911,88.21138742267433,"rgba(38, 166, 154, 1.0)",0.0,0.0,1.3375631061979751,87.12442138742203,0.9985163364548425,0.0,0.0,0.0,0.0,0.0,0.0,0.0,0.0,72.89033331085896,21.41011053205044,True,False,True,False,False,7.011436206006174,0,0.9579541180895079,0.9472734110567885,False,False,False,False,0.02840886084131027,0.03628527557901682,False,False,False,False,-30526.0,-186878.6284731176,False,False,False,False,10198.501221054756,False,False,False,False
2025-08-18 19:00:00+00:00,88.455,88.565,88.195,88.195,24352.0,,,,,,,,,,,,,,,,,,,,,,,,87.30587617594617,88.21205618218443,"rgba(38, 166, 154, 1.0)",0.0,0.0,1.3331785766040603,87.16326030387738,0.7738945961393358,0.0,0.0,0.0,0.0,0.0,0.0,0.0,0.0,68.44083172441054,23.080557488806065,True,False,True,False,False,5.562636994916524,0,0.9574659953407986,0.947546404148193,False,False,False,False,0.014858669576027514,0.025571972577522167,False,False,False,False,-54878.0,-184832.10710144133,False,False,False,False,10417.935310650806,False,False,False,False
2025-08-19 14:00:00+00:00,89.395,90.405,89.37,89.995,15702.0,,,,,,,,,,,,,,,,,,,,,,,89.92333333333333,87.34383317971727,88.21892843140287,"rgba(38, 166, 154, 1.0)",0.0,0.0,1.3896160983882635,87.33673086971423,1.9129521695732719,-1.0,90.405,89.37,0.0,0.0,0.0,0.0,0.0,71.56684252859668,23.080557488806065,True,False,True,False,True,13.13729834955183,0,0.9594801781411993,0.9269913119661244,False,True,False,False,0.13761251253463913,0.08159224255608065,False,False,False,False,-39176.0,-182573.87288281435,False,False,False,False,10499.858794206608,False,False,False,False
2025-08-19 15:00:00+00:00,89.95,90.065,89.44,89.495,17720.0,,,,,,,,,,,,,,,,,,,,,,,89.78725131151137,87.3812347108209,88.22545994106328,"rgba(38, 166, 154, 1.0)",0.0,0.0,1.4278013652947892,87.37786676534184,1.4827925551262224,0.0,0.0,0.0,0.0,0.0,0.0,0.0,0.0,70.44190723080415,23.080557488806065,True,False,True,False,True,10.493817696950728,0,0.9592474211826244,0.9340403893651028,False,False,False,False,0.1265051558009975,0.10404869917853907,False,False,False,False,-56896.0,-180625.37872959243,False,False,False,False,10611.798967939838,False,False,False,False
2025-08-19 16:00:00+00:00,89.495,89.795,89.445,89.73,6596.0,,,,,,,,,,,,,,,,,,,,,,,89.76572758925151,87.3947915006928,88.22785940433987,"rgba(38, 166, 154, 1.0)",0.0,0.0,1.473292482414022,87.39386770710959,1.5856541187684658,0.0,0.0,0.0,0.0,0.0,0.0,0.0,0.0,70.34289828555197,23.080557488806065,True,False,True,False,True,11.408535249604842,0,0.9553779069767445,0.9433139534883724,False,False,False,False,0.11563361714255538,0.10984115816054722,False,False,False,False,-50300.0,-178604.8302221569,False,False,False,False,10549.53851882449,False,False,False,False
2025-08-19 17:00:00+00:00,89.73,89.82,89.585,89.615,9725.0,,,,,,,,,,,,,,,,,,,,,,,89.74766405993473,87.41463237069544,88.23142357739283,"rgba(38, 166, 154, 1.0)",0.0,0.0,1.518830358419465,87.41765798708369,1.4467330078936012,0.0,0.0,0.0,0.0,0.0,0.0,0.0,0.0,69.51243645764302,23.080557488806065,True,False,True,False,True,10.800985492221603,0,0.9544035431641622,0.9430044289552026,False,False,False,False,0.12239932981052526,0.11612024398553625,False,False,False,False,-60025.0,-176766.3832419684,False,False,False,False,10536.75497589698,False,False,False,False
2025-08-19 18:00:00+00:00,89.625,90.01,89.515,90.01,13243.0,,,,,,,,,,,,,,,,,,,,,,,89.7681292403603,87.44311322454952,88.23682339422781,"rgba(38, 166, 154, 1.0)",0.0,0.0,1.569498112239475,87.4533401327483,1.6289665131254476,0.0,0.0,0.0,0.0,0.0,0.0,0.0,0.0,70.16078433519044,23.080557488806065,True,False,True,False,True,12.345009526795092,0,0.9546045973688019,0.9397860344079807,False,False,False,False,0.12732682599071424,0.12172353498812524,False,False,False,False,-46782.0,-174751.12148627898,False,False,False,False,10578.712263092375,False,False,False,False
2025-08-19 19:00:00+00:00,89.995,90.285,89.845,90.135,31390.0,,,,,,,,,,,,,,,,,,,,,,,89.87463096196774,87.51460381330395,88.25139438716971,"rgba(38, 166, 154, 1.0)",0.0,0.0,1.622614151510964,87.54268687740553,1.5976152557159302,0.0,0.0,0.0,0.0,0.0,0.0,0.0,0.0,70.95835234760675,23.080557488806065,True,False,True,False,True,12.827855246763786,0,0.9605737350439676,0.9356350007207731,False,False,False,False,0.15226860425372374,0.13699606962092448,False,False,False,False,-15392.0,-172280.43743222812,False,False,False,False,10901.3678869204,False,False,False,False
2025-08-20 14:00:00+00:00,81.865,82.59,81.62,82.335,72832.0,,,,,,,,,,,,,,,,,,,,,,,86.52375076750715,87.19992262095732,88.14255034363714,"rgba(239, 83, 80, 1.0)",0.0,0.0,1.6916133138523566,87.05815726141529,-2.7921022036999235,0.0,0.0,0.0,0.0,0.0,0.0,0.0,0.0,53.84966571076277,9.362614296561148,False,True,False,False,False,0.0,0,0.9481405224552828,0.9440869900913655,False,False,False,False,-0.34282825441539394,-0.10291609239723473,False,False,False,False,-88224.0,-170977.2368518835,False,False,False,False,11861.532725882873,False,False,False,False
2025-08-20 15:00:00+00:00,82.37,82.505,81.435,81.85,47637.0,,,,,,,,,,,,,,,,,,,,,,,85.50519085076839,87.00409016541997,88.07052864062389,"rgba(239, 83, 80, 1.0)",0.0,0.0,1.7697197365529032,86.81828588783159,-2.8073857036306373,0.0,0.0,0.0,0.0,0.0,0.0,0.0,0.0,42.12618113630031,-0.5239486299235381,False,True,False,True,False,0.0,0,0.9495953609889762,0.9441789332823556,False,False,False,False,-0.34282825441539394,-0.22287217340631432,False,False,False,False,-135861.0,-170432.79907123416,False,False,False,False,12416.191133233526,False,False,False,False
2025-08-20 16:00:00+00:00,81.9,82.625,81.685,82.285,24599.0,,,,,,,,,,,,,,,,,,,,,,,85.16546470155862,86.91360851304627,88.03558445755766,"rgba(239, 83, 80, 1.0)",0.0,0.0,1.8236567313704595,86.71624712624696,-2.4298690921492234,0.0,0.0,0.0,0.0,0.0,0.0,0.0,0.0,35.57633860627238,-5.537171861593947,False,True,False,True,False,0.0,0,0.9526540495762446,0.9507423692092019,False,False,False,False,-0.3295921486597478,-0.27623216103303105,False,False,False,False,-111262.0,-169515.4223414476,False,False,False,False,12605.071890857813,False,False,False,False
2025-08-20 17:00:00+00:00,82.26,82.45,81.295,81.315,20709.0,,,,,,,,,,,,,,,,,,,,,,,84.88854139679343,86.83205206254296,88.00393651334664,"rgba(239, 83, 80, 1.0)",0.0,0.0,1.9090760748221527,86.62596218977833,-2.7819541923037825,0.0,0.0,0.0,0.0,0.0,0.0,0.0,0.0,30.424133837161282,-9.546179384130468,False,True,False,True,False,0.0,0,0.9451200302438413,0.9481444143406216,False,False,False,False,-0.34282825441539394,-0.30953020772421247,False,False,False,False,-131971.0,-168933.3382741383,False,False,False,False,12730.714187123584,False,False,False,False
2025-08-20 18:00:00+00:00,81.31,81.615,81.165,81.51,35063.0,,,,,,,,,,,,,,,,,,,,,,,84.4777681426481,86.6930135604003,87.94891769707728,"rgba(239, 83, 80, 1.0)",0.0,0.0,1.9771564074342574,86.47625056886972,-2.5118147204724086,0.0,0.0,0.0,0.0,0.0,0.0,0.0,0.0,27.606166159355272,-11.751891527496483,False,True,False,True,False,0.0,0,0.9429614706623021,0.9607781415260644,False,False,False,False,-0.34282825441539394,-0.3261792310698032,False,False,False,False,-96908.0,-167816.66636291138,False,False,False,False,13076.951176470504,False,False,False,False
2025-08-20 19:00:00+00:00,81.545,81.59,81.015,81.04,95293.0,,,,,,,,,,,,,,,,,,,,,,,83.68157915694646,86.33487768419123,87.79915700344752,"rgba(239, 83, 80, 1.0)",0.0,0.0,2.052677337588914,86.11047117866346,-2.470174481791306,0.0,0.0,0.0,0.0,0.0,0.0,0.0,0.0,25.294686097639058,-13.866057733525395,False,True,False,True,False,0.0,0,0.9387319522912746,0.9632140615191466,False,False,False,False,-0.34282825441539394,-0.33450374274259853,False,False,False,False,-192201.0,-168194.7180472073,False,False,False,False,14351.618600091115,False,False,False,False
2025-08-21 14:00:00+00:00,78.355,79.545,78.205,79.485,17747.0,,,,,,,,,,,,,,,,,,,,,,,83.48147480175837,86.24758804750093,87.76318567906961,"rgba(239, 83, 80, 1.0)",0.0,0.0,2.1805510668071477,85.63094869148969,-2.8185300427239444,0.0,0.0,0.0,0.0,0.0,0.0,0.0,0.0,22.511203868066975,-16.67848111925383,False,True,False,True,False,0.0,0,0.9205846528623632,0.975030450669915,False,False,False,False,-0.34282825441539394,-0.33866599857899626,False,False,False,False,-209948.0,-168842.05575190176,False,False,False,False,14404.260172182725,False,False,False,False
2025-08-21 15:00:00+00:00,79.53,79.74,78.935,79.23,16863.0,,,,,,,,,,,,,,,,,,,,,,,83.31567627338856,86.16909398721221,87.73015189367507,"rgba(239, 83, 80, 1.0)",0.0,0.0,2.3059843845917065,85.55885376034905,-2.744534526182242,0.0,0.0,0.0,0.0,0.0,0.0,0.0,0.0,20.473708677771118,-18.963161730967332,False,True,False,True,False,0.0,0,0.9262111198690356,0.9772024495240408,False,False,False,False,-0.3174776247343373,-0.32807181165666677,False,False,False,False,-226811.0,-169740.7990735777,False,False,False,False,14442.380169513224,False,False,False,False
2025-08-21 16:00:00+00:00,79.23,79.23,78.855,78.96,25076.0,,,,,,,,,,,,,,,,,,,,,,,83.07612728188157,86.05085860609684,87.67984883189203,"rgba(239, 83, 80, 1.0)",0.0,0.0,2.427648803206612,85.43925288390895,-2.66894160117011,0.0,0.0,0.0,0.0,0.0,0.0,0.0,0.0,18.913490569853323,-20.948081881451103,False,True,False,True,False,0.0,0,0.9191294670458764,0.9873253369605541,False,False,False,False,-0.3335996884575091,-0.33083575005708793,False,False,False,False,-251887.0,-171014.38358406487,False,False,False,False,14607.242492466508,False,False,False,False
2025-08-21 17:00:00+00:00,78.96,79.125,78.805,79.03,18209.0,,,,,,,,,,,,,,,,,,,,,,,82.91715129460893,85.96708597418758,87.64356529409888,"rgba(239, 83, 80, 1.0)",0.0,0.0,2.538081890854478,85.35651002791353,-2.49263431992087,0.0,0.0,0.0,0.0,0.0,0.0,0.0,0.0,18.172490296065344,-22.292328537050327,False,True,False,True,False,0.0,0,0.9174494556765166,0.9957698289269052,False,False,False,False,-0.33786272535296114,-0.33434923770502456,False,False,False,False,-233678.0,-171985.91252074603,False,False,False,False,14663.083694133693,False,False,False,False
2025-08-21 18:00:00+00:00,79.03,79.305,78.72,78.725,26297.0,,,,,,,,,,,,,,,,,,,,,,,82.7044960861881,85.84837252993637,87.59127742388765,"rgba(239, 83, 80, 1.0)",0.0,0.0,2.658579909488123,85.24036089866401,-2.45069214410729,0.0,0.0,0.0,0.0,0.0,0.0,0.0,0.0,17.402278267809464,-23.75300429351519,False,True,False,True,False,0.0,0,0.9068896655017475,1.0030579131303046,False,False,False,False,-0.3352485016679895,-0.334798869686507,False,False,False,False,-259975.0,-173350.08441964918,True,False,False,False,14843.454489573482,True,False,False,False
2025-08-21 19:00:00+00:00,78.735,79.245,78.715,79.18,87405.0,,,,,,,,,,,,,,,,,,,,,,,82.1552617879447,85.48789065642326,87.42443765612893,"rgba(239, 83, 80, 1.0)",0.0,0.0,2.7564644870680244,84.90303593936866,-2.0762233528559233,0.0,0.0,0.0,0.0,0.0,0.0,0.0,0.0,19.045915908621037,-23.75300429351519,False,True,False,True,False,0.0,0,0.9023357209592029,1.0026782933665528,False,False,False,False,-0.3370367017014311,-0.335917785693969,False,False,False,False,-172570.0,-173337.9900875616,False,False,False,False,15968.43969128552,False,False,False,False
2025-08-22 14:00:00+00:00,81.05,82.07,81.035,81.99,10601.0,,,,,,,,,,,,,,,,,,,,,,,82.14708928694954,85.46368694813584,87.41090915047506,"rgba(239, 83, 80, 1.0)",0.0,0.0,2.784159584972331,84.89016120615224,-1.041664860666049,0.0,0.0,0.0,0.0,0.0,0.0,0.0,0.0,29.158016479969575,-29.33400756706224,False,True,False,True,True,0.0,0,0.9079543395542674,0.9923295282961893,False,False,False,False,-0.20080385281673024,-0.2683608192553496,False,False,False,False,-161969.0,-173161.72667535135,False,False,False,False,15885.223572040783,False,False,False,False
2025-08-22 15:00:00+00:00,81.99,82.44,81.82,82.245,15570.0,,,,,,,,,,,,,,,,,,,,,,,82.1476330684869,85.43306151529929,87.3927801998502,"rgba(239, 83, 80, 1.0)",0.0,0.0,2.807377029147044,84.87683452392788,-0.9374709903954368,0.0,0.0,0.0,0.0,0.0,0.0,0.0,0.0,36.478727074322116,-22.58400920010437,False,True,False,True,True,0.0,0,0.9158979924036899,0.9906553324892989,False,False,False,False,-0.17136702960372405,-0.21986392442953684,False,False,False,False,-146399.0,-172746.80068038465,False,False,False,False,15880.336384877359,False,False,False,False
2025-08-22 16:00:00+00:00,82.2,82.33,81.79,81.885,11615.0,,,,,,,,,,,,,,,,,,,,,,,82.14489807633159,85.40943601548965,87.37890886849243,"rgba(239, 83, 80, 1.0)",0.0,0.0,2.8352704353271365,84.86461334662475,-1.050909750794532,0.0,0.0,0.0,0.0,0.0,0.0,0.0,0.0,40.478039065987865,-18.987374782160728,False,True,False,True,True,0.0,0,0.9155887130738226,0.9909151073942605,False,False,False,False,-0.1749185270000349,-0.19739122571478587,False,False,False,False,-158014.0,-172518.38516596006,False,False,False,False,15814.20713860019,False,False,False,False
2025-08-22 17:00:00+00:00,81.885,82.26,81.885,82.13,8288.0,,,,,,,,,,,,,,,,,,,,,,,82.14419575864669,85.39321572628215,87.36921933712549,"rgba(239, 83, 80, 1.0)",0.0,0.0,2.8522906078642123,84.85628632202591,-0.9558234755284454,0.0,0.0,0.0,0.0,0.0,0.0,0.0,0.0,43.79831209900526,-15.878226145701277,False,True,False,True,True,0.0,0,0.9152746788880182,0.9953566905867456,False,False,False,False,-0.17094927225274886,-0.18417024898376738,False,False,False,False,-149726.0,-172165.01485330952,False,False,False,False,15697.521756606387,False,False,False,False
2025-08-22 18:00:00+00:00,82.13,82.175,81.91,82.085,15587.0,,,,,,,,,,,,,,,,,,,,,,,82.1420764888539,85.36281752667725,87.35097217380456,"rgba(239, 83, 80, 1.0)",0.0,0.0,2.8744994346840076,84.83973956488043,-0.958337139204644,0.0,0.0,0.0,0.0,0.0,0.0,0.0,0.0,45.880553996123325,-13.752266522303842,False,True,False,True,True,0.0,0,0.9187636099685461,0.992378417614324,False,False,False,False,-0.1725018830561974,-0.1783360660199824,False,False,False,False,-165313.0,-172058.78206488612,False,False,False,False,15695.808241000086,False,False,False,False
2025-08-22 19:00:00+00:00,82.11,82.115,81.59,82.045,71303.0,,,,,,,,,,,,,,,,,,,,,,,82.11959981307193,85.22493892877195,87.26690803794736,"rgba(239, 83, 80, 1.0)",0.0,0.0,2.8962701658982963,84.75305046642681,-0.9350130724379068,0.0,0.0,0.0,0.0,0.0,0.0,0.0,0.0,47.139475854908625,-12.205944683841182,False,True,False,False,True,0.0,0,0.9143788089060524,0.991431846980028,False,False,False,False,-0.1823545567720783,-0.18034531139603033,False,False,False,False,-236616.0,-173059.66916465535,False,False,False,False,16557.93524501559,False,False,False,False
2025-08-25 14:00:00+00:00,82.355,82.37,81.8,81.835,9255.0,,,,,,,,,,,,,,,,,,,,,,,82.11809293250039,85.20828645868512,87.25635730874876,"rgba(239, 83, 80, 1.0)",0.0,0.0,2.9201563036653537,84.74230107892143,-0.99559776141853,0.0,0.0,0.0,0.0,0.0,0.0,0.0,0.0,47.25449153105958,-11.54467776676183,False,False,False,False,True,0.0,0,0.9163758873781738,0.9892311394537361,False,False,False,False,-0.17030259232988965,-0.17532395186296,False,False,False,False,-245871.0,-174188.5270070638,False,False,False,False,16444.711442767286,False,False,False,False
2025-08-25 15:00:00+00:00,81.82,81.835,81.31,81.49,6267.0,,,,,,,,,,,,,,,,,,,,,,,82.11317695558306,85.19551562776977,87.24861807614612,"rgba(239, 83, 80, 1.0)",0.0,0.0,2.9482891160315963,84.73295774076686,-1.0999456339383356,0.0,0.0,0.0,0.0,0.0,0.0,0.0,0.0,46.146913042920396,-11.54467776676183,False,True,False,True,True,0.0,0,0.9107721868620153,0.9960369881109645,False,False,False,False,-0.19406682699410555,-0.18469538942853275,False,False,False,False,-252138.0,-175397.04596819458,False,False,False,False,16286.917466910427,False,False,False,False
2025-08-25 16:00:00+00:00,81.465,81.525,81.24,81.515,9785.0,,,,,,,,,,,,,,,,,,,,,,,82.10410387095584,85.17511231777614,87.23632642000698,"rgba(239, 83, 80, 1.0)",0.0,0.0,2.975622919113813,84.71761441125489,-1.0762836885960918,0.0,0.0,0.0,0.0,0.0,0.0,0.0,0.0,45.52183076395985,-11.54467776676183,False,True,False,True,True,0.0,0,0.9180794381206103,0.9960038750302737,False,False,False,False,-0.2042020049762278,-0.19444869720238028,False,False,False,False,-242353.0,-176435.12277488926,False,False,False,False,16186.112544942824,False,False,False,False
2025-08-25 17:00:00+00:00,81.49,81.635,81.39,81.39,4523.0,,,,,,,,,,,,,,,,,,,,,,,82.10026374009935,85.16586792892944,87.23070614406161,"rgba(239, 83, 80, 1.0)",0.0,0.0,3.0063072211779605,84.71070378201827,-1.1045789860149822,0.0,0.0,0.0,0.0,0.0,0.0,0.0,0.0,44.61846536943422,-11.54467776676183,False,True,False,True,True,0.0,0,0.9173899848254933,0.9941729893778454,False,False,False,False,-0.19726306275800884,-0.19585587998019455,False,False,False,False,-246876.0,-177527.22939853437,False,False,False,False,16005.289094633632,False,False,False,False
2025-08-25 18:00:00+00:00,81.415,81.435,81.1,81.2,7725.0,,,,,,,,,,,,,,,,,,,,,,,82.09148524829763,85.1492231221219,87.22075555744448,"rgba(239, 83, 80, 1.0)",0.0,0.0,3.0389775618816683,84.69771909592123,-1.150952590040025,0.0,0.0,0.0,0.0,0.0,0.0,0.0,0.0,43.254458531563145,-11.54467776676183,False,True,False,True,False,0.0,0,0.9139980591945657,0.9943595342066959,False,False,False,False,-0.21035648897187775,-0.20310618447603615,False,False,False,False,-254601.0,-178722.17157840205,False,False,False,False,15876.912519523034,False,False,False,False
2025-08-25 19:00:00+00:00,81.2,81.235,80.765,80.78,16672.0,,,,,,,,,,,,,,,,,,,,,,,82.06624160976408,85.11088768888371,87.19825465042108,"rgba(239, 83, 80, 1.0)",0.0,0.0,3.0778297197509805,84.40769824793853,-1.1786546294809426,0.0,0.0,0.0,0.0,0.0,0.0,0.0,0.0,40.76201185352238,-11.54467776676183,False,True,False,True,False,0.0,0,0.9077249318388367,1.0007270524083614,False,False,False,False,-0.22473417283576588,-0.21392017865590102,False,False,False,False,-271273.0,-180157.06814307798,False,False,False,False,15889.239457204845,False,False,False,False
2025-08-26 14:00:00+00:00,81.17,81.45,81.005,81.075,11554.0,,,,,,,,,,,,,,,,,,,,,,,82.05307885670037,85.08628942666633,87.18337309857985,"rgba(239, 83, 80, 1.0)",0.0,0.0,3.1100820142134094,84.39431098798512,-1.0672744232517055,0.0,0.0,0.0,0.0,0.0,0.0,0.0,0.0,40.91474896454827,-11.54467776676183,False,True,False,True,False,0.0,0,0.9050857658742102,0.9959073126692749,False,False,False,False,-0.21250084280953235,-0.21321051073271668,False,False,False,False,-259719.0,-181390.5864664411,False,False,False,False,15822.02644236446,False,False,False,False
2025-08-26 15:00:00+00:00,81.075,81.205,80.93,81.16,5920.0,,,,,,,,,,,,,,,,,,,,,,,82.04589494486537,85.07355450399301,87.17567753619934,"rgba(239, 83, 80, 1.0)",0.0,0.0,3.1397192047511626,84.3852019098101,-1.027226226131812,0.0,0.0,0.0,0.0,0.0,0.0,0.0,0.0,41.540466692868065,-11.54467776676183,False,True,False,True,False,0.0,0,0.9036448935402382,1.0006616143389875,False,False,False,False,-0.21866558542669629,-0.21593804807970648,False,False,False,False,-253799.0,-182513.1975289769,False,False,False,False,15668.50665256036,False,False,False,False
2025-08-26 16:00:00+00:00,81.19,81.29,81.12,81.29,3319.0,,,,,,,,,,,,,,,,,,,,,,,82.04248154640611,85.0666915530442,87.17146724169766,"rgba(239, 83, 80, 1.0)",0.0,0.0,3.1656058441250923,84.38093036756895,-0.9764103681149267,0.0,0.0,0.0,0.0,0.0,0.0,0.0,0.0,42.79632799387383,-11.54467776676183,False,False,False,True,False,0.0,0,0.9122475132727162,0.9995118081405994,False,False,False,False,-0.21113138559492242,-0.21353471683731445,False,False,False,False,-250480.0,-183566.94640449664,False,False,False,False,15477.04143314082,False,False,False,False
2025-08-26 17:00:00+00:00,81.285,81.675,81.255,81.555,6577.0,,,,,,,,,,,,,,,,,,,,,,,82.03796173307042,85.0540873932909,87.16350850635752,"rgba(239, 83, 80, 1.0)",0.0,0.0,3.1858360521768714,84.37521494286622,-0.8852354285272062,0.0,0.0,0.0,0.0,0.0,0.0,0.0,0.0,45.303899678729294,-9.294652935252053,False,False,False,True,True,0.0,0,0.9117898073640576,0.9959765910753476,False,False,False,False,-0.19694848093945988,-0.20524159888838717,False,False,False,False,-243903.0,-184502.3890958998,False,False,False,False,15339.05629464251,False,False,False,False
2025-08-26 18:00:00+00:00,81.555,81.58,81.435,81.555,6057.0,,,,,,,,,,,,,,,,,,,,,,,82.03407857495229,85.04264997440022,87.15623526751752,"rgba(239, 83, 80, 1.0)",0.0,0.0,3.204841162034777,84.36951797805122,-0.8782082592399855,0.0,0.0,0.0,0.0,0.0,0.0,0.0,0.0,46.97561413529961,-7.49343808315291,False,False,False,True,True,0.0,0,0.9127492226083775,0.9962197426986161,False,False,False,False,-0.19463768657071387,-0.1999396427295505,False,False,False,False,-243903.0,-185423.32879983934,False,False,False,False,15195.148445113167,False,False,False,False
2025-08-26 19:00:00+00:00,81.57,81.69,81.305,81.445,22036.0,,,,,,,,,,,,,,,,,,,,,,,82.01927466171978,85.00115260208206,87.12972963866703,"rgba(239, 83, 80, 1.0)",0.0,0.0,3.224205086752388,84.34442086621138,-0.8992668853865795,0.0,0.0,0.0,0.0,0.0,0.0,0.0,0.0,47.31981420390948,-6.922015679527476,False,False,False,True,True,0.0,0,0.9149740774626413,0.9941445562671547,False,False,False,False,-0.19518121736235977,-0.19756043004595514,False,False,False,False,-265939.0,-186671.6337796868,False,False,False,False,15301.208159142421,False,False,False,False
2025-08-27 14:00:00+00:00,81.705,81.725,81.28,81.43,6300.0,,,,,,,,,,,,,,,,,,,,,,,82.01517395855895,84.9894602534546,87.12219500968706,"rgba(239, 83, 80, 1.0)",0.0,0.0,3.2430754464473797,84.11106023094564,-0.8267030092940313,0.0,0.0,0.0,0.0,0.0,0.0,0.0,0.0,47.43732891558692,-6.501156949270339,False,False,False,True,True,0.0,0,0.9202880859375,0.9890747070312502,False,False,False,False,-0.19490943775078423,-0.19623493389836968,False,False,False,False,-272239.0,-187998.25961255984,False,False,False,False,15161.654544271994,False,False,False,False
2025-08-27 15:00:00+00:00,81.43,81.63,81.425,81.53,3657.0,,,,,,,,,,,,,,,,,,,,,,,82.01304104864282,84.98280480362212,87.11786921137012,"rgba(239, 83, 80, 1.0)",0.0,0.0,3.2595168657634987,84.10804509599562,-0.7909285953001954,0.0,0.0,0.0,0.0,0.0,0.0,0.0,0.0,48.38523218294521,-5.296364402162581,False,False,False,False,True,0.0,0,0.9225227425361744,0.9864460589779598,False,False,False,False,-0.193550965274036,-0.19489294958620285,False,False,False,False,-268582.0,-189247.61992864418,False,False,False,False,14983.287807151499,False,False,False,False
2025-08-27 16:00:00+00:00,81.52,81.695,81.365,81.59,2555.0,,,,,,,,,,,,,,,,,,,,,,,82.01162804321653,84.9781991436125,87.11486261633827,"rgba(239, 83, 80, 1.0)",0.0,0.0,3.2735142039162946,84.10588790454213,-0.7685587255226275,0.0,0.0,0.0,0.0,0.0,0.0,0.0,0.0,49.55670377378781,-3.9303669679602677,True,False,False,False,True,0.0,0,0.9183168316831681,0.9925123762376239,False,False,False,False,-0.19341515690526406,-0.19415405324573345,False,False,False,False,-266027.0,-190437.9979142466,False,False,False,False,14790.601174482483,False,False,False,False
2025-08-27 17:00:00+00:00,81.59,81.63,81.39,81.405,2860.0,,,,,,,,,,,,,,,,,,,,,,,82.00980123956711,84.97294585843099,87.11145565556293,"rgba(239, 83, 80, 1.0)",0.0,0.0,3.2916299763034385,84.10228811083472,-0.8194384333149816,0.0,0.0,0.0,0.0,0.0,0.0,0.0,0.0,48.582310732158966,-3.9303669679602677,True,False,False,False,True,0.0,0,0.9173594738801341,0.993299416801092,False,False,False,False,-0.19450182162855703,-0.19432793743714524,False,False,False,False,-268887.0,-191654.26151247532,False,False,False,False,14605.630613637793,False,False,False,False
2025-08-27 18:00:00+00:00,81.39,81.41,81.115,81.34,9823.0,,,,,,,,,,,,,,,,,,,,,,,82.00146317550144,84.95406572671014,87.09939884351229,"rgba(239, 83, 80, 1.0)",0.0,0.0,3.3092317322387865,84.08469735525851,-0.8294062118767506,0.0,0.0,0.0,0.0,0.0,0.0,0.0,0.0,47.33331137161992,-3.9303669679602677,True,False,False,True,False,0.0,0,0.9107928832682411,0.9965284235323291,False,False,False,False,-0.20762471863096799,-0.20097632803405663,False,False,False,False,-278710.0,-193003.96288437492,False,False,False,False,14531.481301798447,False,False,False,False
2025-08-27 19:00:00+00:00,81.33,81.555,81.33,81.43,12545.0,,,,,,,,,,,,,,,,,,,,,,,81.99327249275362,84.93120853942267,87.08446902904159,"rgba(239, 83, 80, 1.0)",0.0,0.0,3.3260337727774365,84.0700587878756,-0.7937558570462085,0.0,0.0,0.0,0.0,0.0,0.0,0.0,0.0,47.54255841356748,-3.9303669679602677,True,False,False,True,False,0.0,0,0.9139384920634921,0.9943576388888887,False,False,False,False,-0.1972246015014474,-0.199100464767752,False,False,False,False,-266165.0,-194138.2425295784,False,False,False,False,14500.683142080641,False,False,False,False
2025-08-28 14:00:00+00:00,80.26,80.345,79.42,79.54,15679.0,,,,,,,,,,,,,,,,,,,,,,,81.95354844893049,84.88959528694407,87.0604333419801,"rgba(239, 83, 80, 1.0)",0.0,0.0,3.3705840152119095,84.00119269941924,-1.3235666814075104,0.0,0.0,0.0,0.0,0.0,0.0,0.0,0.0,38.53107359947902,-7.778956217183854,False,False,False,True,False,0.0,0,0.903710890128547,0.9950885277710405,False,False,False,False,-0.28421754117763004,-0.24165900297269102,False,False,False,False,-281844.0,-195498.0217151663,False,False,False,False,14518.951620497995,False,False,False,False
2025-08-28 15:00:00+00:00,79.535,79.65,79.28,79.63,6836.0,,,,,,,,,,,,,,,,,,,,,,,81.9347513243655,84.87079165383861,87.04964801892599,"rgba(239, 83, 80, 1.0)",0.0,0.0,3.4115784133255223,83.97302184399159,-1.2730241893394216,0.0,0.0,0.0,0.0,0.0,0.0,0.0,0.0,33.31176487942709,-12.198622714392066,False,True,False,True,False,0.0,0,0.9028215064180188,1.0035722935335432,False,False,False,False,-0.3046671904731566,-0.2731630967229238,False,False,False,False,-275008.0,-196730.73455679163,False,False,False,False,14399.836091498026,False,False,False,False
2025-08-28 16:00:00+00:00,79.63,79.655,79.18,79.38,9447.0,,,,,,,,,,,,,,,,,,,,,,,81.90803296096796,84.84446785936535,87.0345670720676,"rgba(239, 83, 80, 1.0)",0.0,0.0,3.4555096715373974,83.61340715596764,-1.2251180168406668,0.0,0.0,0.0,0.0,0.0,0.0,0.0,0.0,29.183649947009613,-15.581739627195049,False,True,False,True,False,0.0,0,0.9103177524230155,1.0023310023310024,False,False,False,False,-0.3073261891840971,-0.2902446429535105,False,False,False,False,-284455.0,-198090.80068769408,False,False,False,False,14323.047935040693,False,False,False,False
2025-08-28 17:00:00+00:00,79.385,79.5,79.33,79.445,5261.0,,,,,,,,,,,,,,,,,,,,,,,81.89351378516868,84.82997135797599,87.02621626229464,"rgba(239, 83, 80, 1.0)",0.0,0.0,3.4938236327231746,83.59520629655431,-1.187869432699309,0.0,0.0,0.0,0.0,0.0,0.0,0.0,0.0,27.071474336162602,-17.215283361435894,False,True,False,True,False,0.0,0,0.9136509108813392,0.9996922698178239,False,False,False,False,-0.30748802094456246,-0.29886633194903645,False,False,False,False,-279194.0,-199348.2146305205,False,False,False,False,14182.55106783076,False,False,False,False
2025-08-28 18:00:00+00:00,79.445,79.57,79.31,79.515,11345.0,,,,,,,,,,,,,,,,,,,,,,,81.86327291523061,84.799202438269,87.00836495772187,"rgba(239, 83, 80, 1.0)",0.0,0.0,3.528151025346849,83.55958144853307,-1.1463742395028136,0.0,0.0,0.0,0.0,0.0,0.0,0.0,0.0,26.39818644815628,-17.743447751709695,False,True,False,True,False,0.0,0,0.9127702827573462,0.9980903098626257,False,False,False,False,-0.3058704043948292,-0.3023683681719328,False,False,False,False,-267849.0,-200410.24231066744,False,False,False,False,14138.55802801943,False,False,False,False
2025-08-28 19:00:00+00:00,79.505,79.605,79.31,79.48,20120.0,,,,,,,,,,,,,,,,,,,,,,,81.81145389366414,84.74549395761274,86.97691266518466,"rgba(239, 83, 80, 1.0)",0.0,0.0,3.562276071672317,83.5010876157697,-1.128797301182217,0.0,0.0,0.0,0.0,0.0,0.0,0.0,0.0,25.8172384946817,-18.40775650329337,False,True,False,True,False,0.0,0,0.910942885278188,0.9981536189069423,False,False,False,False,-0.3047389963644822,-0.3035536822682075,False,False,False,False,-287969.0,-201767.74242988188,False,False,False,False,14231.293562468742,False,False,False,False
2025-08-29 14:00:00+00:00,79.79,80.045,79.605,79.985,7367.0,,,,,,,,,,,,,,,,,,,,,,,81.7962802499587,84.72761617785324,86.96609187953277,"rgba(239, 83, 80, 1.0)",0.0,0.0,3.5876983863906453,83.48763928490085,-0.976291456993026,0.0,0.0,0.0,0.0,0.0,0.0,0.0,0.0,30.561007758403537,-18.40775650329337,False,True,False,True,True,0.0,0,0.9146986469864699,0.9931119311193112,False,False,False,False,-0.2811486285802658,-0.2923511554242366,False,False,False,False,-280602.0,-202989.97898135657,False,False,False,False,14124.870406461474,False,False,False,False
2025-08-29 15:00:00+00:00,80.02,80.065,79.52,79.73,6547.0,,,,,,,,,,,,,,,,,,,,,,,81.78225515517549,84.71149112706283,86.95635886902161,"rgba(239, 83, 80, 1.0)",0.0,0.0,3.6143563443277276,83.4739556713552,-1.0358568206012275,0.0,0.0,0.0,0.0,0.0,0.0,0.0,0.0,32.3353069054603,-23.690169115991498,False,True,False,True,True,0.0,0,0.922967718042096,0.987346460095056,False,False,False,False,-0.2832222532813965,-0.28778670435281656,False,False,False,False,-287149.0,-204294.77000490142,False,False,False,False,14007.384043570599,False,False,False,False
2025-08-29 16:00:00+00:00,79.73,80.085,79.73,80.04,7904.0,,,,,,,,,,,,,,,,,,,,,,,81.76707269943735,84.69286737637104,86.94493703093741,"rgba(239, 83, 80, 1.0)",0.0,0.0,3.6290675570084976,83.46019415537877,-0.9424443336067545,0.0,0.0,0.0,0.0,0.0,0.0,0.0,0.0,36.17926804160229,-20.02826998311795,False,False,False,True,True,0.0,0,0.9339757538078953,0.9793596518495493,False,False,False,False,-0.2758953314367888,-0.28184101789480265,False,False,False,False,-279245.0,-205456.78907459287,False,False,False,False,13912.757934367954,False,False,False,False
2025-08-29 17:00:00+00:00,80.01,80.27,80.005,80.24,11956.0,,,,,,,,,,,,,,,,,,,,,,,81.74730541893531,84.6662658743946,86.92827168056075,"rgba(239, 83, 80, 1.0)",0.0,0.0,3.631354387096219,83.44363535459543,-0.8822150121121043,0.0,0.0,0.0,0.0,0.0,0.0,0.0,0.0,40.292709942490085,-16.194390433421937,True,False,False,True,True,0.0,0,0.938666334909181,0.9734386663349093,False,False,False,False,-0.26132688506013513,-0.2715839514774689,False,False,False,False,-267289.0,-206415.42800366896,False,False,False,False,13882.42060205217,False,False,False,False
2025-08-29 18:00:00+00:00,80.235,80.235,79.925,79.945,6555.0,,,,,,,,,,,,,,,,,,,,,,,81.73575218618579,84.65137431503273,86.91898537935018,"rgba(239, 83, 80, 1.0)",0.0,0.0,3.6369698530108776,83.43269735951789,-0.9589569065662157,0.0,0.0,0.0,0.0,0.0,0.0,0.0,0.0,41.07959719994464,-15.405627791439095,True,False,False,True,True,0.0,0,0.9372783274220645,0.9744882085744508,False,False,False,False,-0.2649586156773996,-0.26827128357743424,False,False,False,False,-273844.0,-207460.8322206663,False,False,False,False,13768.817181865315,False,False,False,False
2025-08-29 19:00:00+00:00,79.945,80.025,79.76,79.82,19820.0,,,,,,,,,,,,,,,,,,,,,,,81.69841650552064,84.6053196584502,86.8903823401626,"rgba(239, 83, 80, 1.0)",0.0,0.0,3.6398772068682907,83.394519575405,-0.9820440010064192,0.0,0.0,0.0,0.0,0.0,0.0,0.0,0.0,40.82940870684441,-15.405627791439095,True,False,False,True,True,0.0,0,0.941224336504757,0.9755883825738607,False,False,False,False,-0.27684936441208485,-0.27256032399475955,False,False,False,False,-293664.0,-208797.31544205133,False,False,False,False,13862.633969743372,False,False,False,False
2025-09-01 14:00:00+00:00,79.82,79.82,79.82,79.82,0.0,,,,,,,,,,,,,,,,,,,,,,,81.69841650552064,84.6053196584502,86.8903823401626,"rgba(239, 83, 80, 1.0)",0.0,0.0,3.644649964037503,83.394519575405,-0.9807579906645391,0.0,0.0,0.0,0.0,0.0,0.0,0.0,0.0,40.662616378110926,-15.202934212181319,True,False,False,True,True,0.0,0,0.9428481609556741,0.972084250235775,False,False,False,False,-0.281467494038468,-0.27701390901661377,False,False,False,False,-293664.0,-210113.07799333736,False,False,False,False,13647.709412072933,False,False,False,False
2025-09-01 15:00:00+00:00,79.82,79.82,79.82,79.82,0.0,,,,,,,,,,,,,,,,,,,,,,,81.69841650552064,84.6053196584502,86.8903823401626,"rgba(239, 83, 80, 1.0)",0.0,0.0,3.6485443561668687,83.394519575405,-0.9797111468203081,0.0,0.0,0.0,0.0,0.0,0.0,0.0,0.0,40.551421492288604,-14.844812799999424,True,False,False,True,True,0.0,0,0.9477149006203315,0.9689201164704395,False,False,False,False,-0.281467494038468,-0.2792407015275409,False,False,False,False,-293664.0,-211408.4411252236,False,False,False,False,13436.117018087305,False,False,False,False
2025-09-01 16:00:00+00:00,79.82,79.82,79.82,79.82,0.0,,,,,,,,,,,,,,,,,,,,,,,81.69841650552064,84.6053196584502,86.8903823401626,"rgba(239, 83, 80, 1.0)",0.0,0.0,3.648554245325024,83.394519575405,-0.9797084913798717,0.0,0.0,0.0,0.0,0.0,0.0,0.0,0.0,40.477291568407054,-14.41014391385491,True,False,False,True,True,0.0,0,0.9578906702723585,0.9660034769171336,False,False,False,False,-0.281467494038468,-0.28035409778300446,False,False,False,False,-293664.0,-212683.72110777826,False,False,False,False,13227.805126334013,False,False,False,False
2025-09-01 17:00:00+00:00,79.82,79.82,79.82,79.82,0.0,,,,,,,,,,,,,,,,,,,,,,,81.69841650552064,84.6053196584502,86.8903823401626,"rgba(239, 83, 80, 1.0)",0.0,0.0,3.6531317639366425,83.394519575405,-0.9784808778846446,0.0,0.0,0.0,0.0,0.0,0.0,0.0,0.0,40.42787161915269,-13.943377200327546,True,False,False,True,True,0.0,0,0.9552014628093776,0.9751844837719585,False,False,False,False,-0.281467494038468,-0.2809107959107362,False,False,False,False,-293664.0,-213939.22930765766,False,False,False,False,13022.72287631333,False,False,False,False
2025-09-01 18:00:00+00:00,79.82,79.82,79.82,79.82,0.0,,,,,,,,,,,,,,,,,,,,,,,81.69841650552064,84.6053196584502,86.8903823401626,"rgba(239, 83, 80, 1.0)",0.0,0.0,3.6542389158417374,83.394519575405,-0.9781844202656989,0.0,0.0,0.0,0.0,0.0,0.0,0.0,0.0,40.39492498631644,-13.474409079487913,True,False,False,True,True,0.0,0,0.9432265686531898,0.9775531635599898,False,False,False,False,-0.281467494038468,-0.2811891449746021,False,False,False,False,-293664.0,-215175.27226412809,False,False,False,False,12820.82019606041,False,False,False,False
2025-09-01 19:00:00+00:00,79.82,79.82,79.82,79.82,0.0,,,,,,,,,,,,,,,,,,,,,,,81.69841650552064,84.6053196584502,86.8903823401626,"rgba(239, 83, 80, 1.0)",0.0,0.0,3.651790665284798,83.394519575405,-0.9788402192342628,0.0,0.0,0.0,0.0,0.0,0.0,0.0,0.0,40.37296056442561,-13.022571138583082,True,False,False,True,True,0.0,0,0.9444078079662357,0.975666051173833,False,False,False,False,-0.281467494038468,-0.28132831950653503,False,False,False,False,-293664.0,-216392.15176390903,False,False,False,False,12622.047789919938,False,False,False,False
2025-09-02 14:00:00+00:00,79.055,79.21,78.38,78.435,14502.0,,,,,,,,,,,,,,,,,,,,,,,81.6548254475451,84.5638316264843,86.86606882655317,"rgba(239, 83, 80, 1.0)",0.0,0.0,3.6644225937989257,83.3429905542258,-1.3393625949505092,0.0,0.0,0.0,0.0,0.0,0.0,0.0,0.0,32.570610434450515,-13.692677629852852,False,True,False,True,False,0.0,0,0.9347882736156352,0.9773941368078177,False,False,False,False,-0.34282825441539394,-0.3120782869609645,False,False,False,False,-308166.0,-217815.0021241585,False,False,False,False,12651.194335812652,False,False,False,False
2025-09-02 15:00:00+00:00,78.395,78.525,78.175,78.355,27560.0,,,,,,,,,,,,,,,,,,,,,,,81.5667326044119,84.4823231037814,86.81844879910699,"rgba(239, 83, 80, 1.0)",0.0,0.0,3.6741250413966444,83.24258742744841,-1.3302724791289333,0.0,0.0,0.0,0.0,0.0,0.0,0.0,0.0,27.163874098737768,-18.489853460501905,False,True,False,True,False,0.0,0,0.9286694101508917,0.9901365210007186,False,False,False,False,-0.34282825441539394,-0.3274532706881792,False,False,False,False,-335726.0,-219643.07961060564,False,False,False,False,12882.33860967602,False,False,False,False
2025-09-02 16:00:00+00:00,78.35,78.415,78.095,78.21,15935.0,,,,,,,,,,,,,,,,,,,,,,,81.51621343315537,84.43532321119933,86.79079753692412,"rgba(239, 83, 80, 1.0)",0.0,0.0,3.677094447600527,83.18728114444923,-1.3535907808125898,0.0,0.0,0.0,0.0,0.0,0.0,0.0,0.0,23.183977894651168,-21.8554922185695,False,True,False,True,False,0.0,0,0.9405084186200067,0.9906239683063718,False,False,False,False,-0.34282825441539394,-0.3351407625517866,False,False,False,False,-351661.0,-221689.8690740071,False,False,False,False,12929.666693246934,False,False,False,False
2025-09-02 17:00:00+00:00,78.21,78.395,78.16,78.29,13031.0,,,,,,,,,,,,,,,,,,,,,,,81.47653838840698,84.3976663814599,86.76842713339224,"rgba(239, 83, 80, 1.0)",0.0,0.0,3.663150166747491,83.14490653576048,-1.3253364767383113,0.0,0.0,0.0,0.0,0.0,0.0,0.0,0.0,21.68932297377421,-23.005978077377765,False,True,False,True,False,0.0,0,0.9344403852540686,0.9964795748920626,False,False,False,False,-0.3414178352118918,-0.33827929888183916,False,False,False,False,-338630.0,-223502.8943596814,False,False,False,False,12931.237752266363,False,False,False,False
2025-09-02 18:00:00+00:00,78.31,78.355,78.07,78.16,16288.0,,,,,,,,,,,,,,,,,,,,,,,81.42698612528773,84.35058277800746,86.7403464092124,"rgba(239, 83, 80, 1.0)",0.0,0.0,3.6387173985216696,83.09271902515395,-1.3556202598085831,0.0,0.0,0.0,0.0,0.0,0.0,0.0,0.0,20.258252944781045,-24.285860861701575,False,True,False,True,False,0.0,0,0.9269166943245934,0.9974112180550947,False,False,False,False,-0.34282825441539394,-0.3405537766486165,False,False,False,False,-354918.0,-225540.3378579809,False,False,False,False,12983.28057781262,True,False,False,False
2025-09-02 19:00:00+00:00,78.165,78.42,78.11,78.355,51049.0,,,,,,,,,,,,,,,,,,,,,,,81.28545786410928,84.20986290577845,86.65453296449022,"rgba(239, 83, 80, 1.0)",0.0,0.0,3.6024997864968267,82.9480272769889,-1.2749556000543951,0.0,0.0,0.0,0.0,0.0,0.0,0.0,0.0,22.202977389837802,-24.285860861701575,False,True,False,True,False,0.0,0,0.9286046357176065,0.9968785282592816,False,False,False,False,-0.33955108830059605,-0.34005243247460626,False,False,False,False,-303869.0,-226754.73572064785,False,False,False,False,13573.446770404673,False,False,False,False
2025-09-03 14:00:00+00:00,77.84,78.38,77.775,78.21,12134.0,,,,,,,,,,,,,,,,,,,,,,,81.2518370618314,84.17641933463717,86.63397396797926,"rgba(239, 83, 80, 1.0)",0.0,0.0,3.5707703423541233,82.5556700508785,-1.2170119145812985,0.0,0.0,0.0,0.0,0.0,0.0,0.0,0.0,22.795484791508017,-24.285860861701575,False,True,False,True,True,0.0,0,0.9282404342645307,0.9937111081689397,True,False,False,False,-0.34282825441539394,-0.34144034344500007,False,False,False,False,-316003.0,-228138.42974048277,False,False,False,False,13551.129766212352,False,False,False,False
2025-09-03 15:00:00+00:00,78.21,78.305,78.155,78.24,10240.0,,,,,,,,,,,,,,,,,,,,,,,81.2250076875715,84.14899580471895,86.61692754786888,"rgba(239, 83, 80, 1.0)",0.0,0.0,3.5312269452325857,82.5323747858493,-1.2155476984123956,0.0,0.0,0.0,0.0,0.0,0.0,0.0,0.0,23.65905285968593,-24.285860861701575,False,True,False,True,True,0.0,0,0.9310413486427291,0.9965487489214842,False,False,False,False,-0.3334348461806771,-0.3374375948128386,False,False,False,False,-305763.0,-229341.91144993267,False,False,False,False,13499.794420999759,False,False,False,False
2025-09-03 16:00:00+00:00,78.24,78.45,78.185,78.45,8410.0,,,,,,,,,,,,,,,,,,,,,,,81.20425715892591,84.12714623857691,86.60319268101493,"rgba(239, 83, 80, 1.0)",0.0,0.0,3.4834390082678666,82.51508785525102,-1.1669754646493378,0.0,0.0,0.0,0.0,0.0,0.0,0.0,0.0,27.396118534758763,-27.848479829214803,False,True,False,True,True,0.0,0,0.9325034946415497,0.9952073487319445,False,False,False,False,-0.32807079405415446,-0.3327541944334965,False,False,False,False,-297353.0,-230396.34693132906,False,False,False,False,13420.88287958891,False,False,False,False
2025-09-03 17:00:00+00:00,78.455,78.58,78.225,78.285,16683.0,,,,,,,,,,,,,,,,,,,,,,,81.16399519808395,84.08430004846458,86.57608698264117,"rgba(239, 83, 80, 1.0)",0.0,0.0,3.4224815255587075,82.47903662936966,-1.2254373319619312,0.0,0.0,0.0,0.0,0.0,0.0,0.0,0.0,28.713456206141792,-26.475371941424577,False,True,False,True,True,0.0,0,0.9539697671251532,0.9920332289255076,False,False,False,False,-0.32287740120944536,-0.32781579782147097,False,False,False,False,-314036.0,-231693.08573859525,False,False,False,False,13471.45833882009,False,False,False,False
2025-09-03 18:00:00+00:00,78.31,78.49,78.24,78.395,8269.0,,,,,,,,,,,,,,,,,,,,,,,81.14454061564864,84.06334122892774,86.56273691320652,"rgba(239, 83, 80, 1.0)",0.0,0.0,3.333745010163589,82.46121038388121,-1.2197124769544632,0.0,0.0,0.0,0.0,0.0,0.0,0.0,0.0,31.203172608604348,-23.991381114805016,False,True,False,True,True,0.0,0,0.9509736697750959,0.9785381239714758,False,False,False,False,-0.32516651389699425,-0.3264911558592326,False,False,False,False,-305767.0,-232841.51851784182,False,False,False,False,13390.800070001174,False,False,False,False
2025-09-03 19:00:00+00:00,78.38,78.765,78.33,78.63,19104.0,,,,,,,,,,,,,,,,,,,,,,,81.10378777853597,84.01718518438634,86.53280896571773,"rgba(239, 83, 80, 1.0)",0.0,0.0,3.23983858039638,82.42609249796256,-1.1716918617279155,0.0,0.0,0.0,0.0,0.0,0.0,0.0,0.0,35.942167163617945,-19.52216823489592,False,False,False,True,True,0.0,0,0.9576323559706105,0.9662157522488499,False,False,False,False,-0.31405662095239084,-0.3202738884058117,False,False,False,False,-286663.0,-233675.9600912086,False,False,False,False,13479.376813101931,False,False,False,False
2025-09-04 14:00:00+00:00,78.75,78.95,78.53,78.68,5748.0,,,,,,,,,,,,,,,,,,,,,,,81.09246651491236,84.00381530291766,86.52401137963876,"rgba(239, 83, 80, 1.0)",0.0,0.0,3.136372370852419,82.41660522530037,-1.191378058302692,0.0,0.0,0.0,0.0,0.0,0.0,0.0,0.0,39.71074055707194,-16.084539036913654,True,False,False,True,True,0.0,0,0.9670170100954226,0.961831005393445,False,False,False,False,-0.30241871485357474,-0.31134630162969323,False,False,False,False,-280915.0,-234408.34830684878,False,False,False,False,13359.510505922057,False,False,False,False
2025-09-04 15:00:00+00:00,78.68,78.785,78.62,78.705,14147.0,,,,,,,,,,,,,,,,,,,,,,,81.06486275324902,83.97109209487212,86.5023968211268,"rgba(239, 83, 80, 1.0)",0.0,0.0,3.033112037269375,82.39262822414597,-1.2157903100295084,0.0,0.0,0.0,0.0,0.0,0.0,0.0,0.0,42.54822254121713,-13.510798352525462,True,False,False,True,True,0.0,0,0.967355745806362,0.9606041623164198,False,False,False,False,-0.3046795227390303,-0.3080129121843618,False,False,False,False,-266768.0,-234910.04833309917,False,False,False,False,13371.719645365127,False,False,False,False
2025-09-04 16:00:00+00:00,78.705,78.74,78.605,78.67,5901.0,,,,,,,,,,,,,,,,,,,,,,,81.05338440331028,83.95748035551738,86.49337975812122,"rgba(239, 83, 80, 1.0)",0.0,0.0,2.9297188054960155,82.38233338760568,-1.2671295895843375,0.0,0.0,0.0,0.0,0.0,0.0,0.0,0.0,43.98504882579884,-12.144088292496697,True,False,False,True,True,0.0,0,0.9915018210383492,0.9580804113404272,False,False,False,False,-0.3064903461541954,-0.3072516291692786,False,False,False,False,-272669.0,-235495.45843646198,False,False,False,False,13255.894534584271,False,False,False,False
2025-09-04 17:00:00+00:00,78.68,78.715,78.505,78.64,5265.0,,,,,,,,,,,,,,,,,,,,,,,81.04301556406058,83.94527642416597,86.48529902348936,"rgba(239, 83, 80, 1.0)",0.0,0.0,2.744807541784875,82.3728107530743,-1.3599535472884037,0.0,0.0,0.0,0.0,0.0,0.0,0.0,0.0,44.52807754690545,-11.45507134248281,True,False,False,True,True,0.0,0,0.9898172889434534,0.9540694735321729,False,False,False,False,-0.3102691801394491,-0.30876040465436383,False,False,False,False,-277934.0,-236153.420321168,False,False,False,False,13132.004696838778,False,False,False,False
2025-09-04 18:00:00+00:00,78.65,78.815,78.6,78.815,15052.0,,,,,,,,,,,,,,,,,,,,,,,81.01533821344279,83.91149365250652,86.46264922755971,"rgba(239, 83, 80, 1.0)",0.0,0.0,2.5596019978475257,82.3479735350582,-1.3802823790687875,0.0,0.0,0.0,0.0,0.0,0.0,0.0,0.0,47.58090588852548,-8.3747674129486,True,False,False,False,True,0.0,0,0.9842548251342329,0.9528370338122188,False,False,False,False,-0.304377907506606,-0.3065691560804849,False,False,False,False,-262882.0,-236567.81690533593,False,False,False,False,13161.772065880037,False,False,False,False
2025-09-04 19:00:00+00:00,78.82,79.08,78.82,78.925,21442.0,,,,,,,,,,,,,,,,,,,,,,,80.98038516716882,83.86593795150246,86.43143500531899,"rgba(38, 166, 154, 1.0)",0.0,0.0,2.3378313601425784,82.31747477640582,-1.4511203991202004,0.0,0.0,0.0,0.0,0.0,0.0,0.0,0.0,51.08256493242688,-4.967462965113306,True,False,True,False,True,0.0,0,0.986608442503639,0.9486899563318777,False,False,False,False,-0.2898127528478444,-0.29819095446416466,False,False,False,False,-241440.0,-236643.35462773382,False,False,False,False,13290.147692765617,False,False,False,False
2025-09-05 14:00:00+00:00,80.7,80.895,80.03,80.115,10723.0,,,,,,,,,,,,,,,,,,,,,,80.34666666666668,80.97508795985924,83.84987893547998,86.41883204577582,"rgba(38, 166, 154, 1.0)",0.0,0.0,2.0827296213558983,82.08812039076183,-0.9473723187733291,-1.0,80.895,80.03,0.0,0.0,0.0,0.0,0.0,60.9083686498509,4.057374554987618,True,False,True,False,True,0.0,0,0.9897567221510883,0.9326362213686157,False,False,False,False,-0.20136648693790182,-0.24977872070103324,False,False,False,False,-230717.0,-236551.47316063716,False,False,False,False,13250.346953342894,False,False,False,False
2025-09-05 15:00:00+00:00,80.125,80.535,80.12,80.36,8206.0,,,,,,,,,,,,,,,,,,,,,,80.34305404405937,80.97104062970068,83.83765908856392,86.40920938742268,"rgba(38, 166, 154, 1.0)",0.0,0.0,1.7537126049893363,82.08840183548789,-0.9855673219035775,0.0,0.0,0.0,0.0,0.0,0.0,0.0,0.0,68.17476523006061,10.358552874684108,True,False,True,False,True,0.0,0,0.9929607508532422,0.9358646188850966,False,False,False,False,-0.2091167822285195,-0.22944775146477636,False,False,False,False,-222511.0,-236333.79140620868,False,False,False,False,13172.140023833701,False,False,False,False
2025-09-05 16:00:00+00:00,80.365,80.46,80.17,80.405,4675.0,,,,,,,,,,,,,,,,,,,,,,80.34343945941366,80.96878182157764,83.83074852275323,86.40374692099955,"rgba(38, 166, 154, 1.0)",0.0,0.0,1.3215369941944823,82.08849908905617,-1.273894788001992,0.0,0.0,0.0,0.0,0.0,0.0,0.0,0.0,73.14767220931265,14.529077963497542,True,False,True,False,True,0.0,0,0.9907107366601856,0.945344566861093,False,False,False,False,-0.20983564260277549,-0.21964169703377592,False,False,False,False,-217836.0,-236047.00394254652,False,True,False,False,13040.401418813022,False,True,False,False
2025-09-05 17:00:00+00:00,80.395,80.4,79.98,80.035,6622.0,,,,,,,,,,,,,,,,,,,,,,80.2985042127087,80.96455919025718,83.82042898989782,86.39576296513104,"rgba(38, 166, 154, 1.0)",0.0,0.0,1.2966277918617148,82.08475428362114,-1.5808347595866947,0.0,0.0,0.0,0.0,0.0,0.0,0.0,0.0,71.72345080687882,14.529077963497542,True,False,True,False,True,0.0,0,0.9893532839364073,0.9433853679591394,False,False,False,False,-0.2170361445821576,-0.21833892080796674,False,False,False,False,-224458.0,-235867.3294628171,False,False,False,False,12940.891319296541,False,False,False,False
2025-09-05 18:00:00+00:00,80.035,80.08,79.86,79.92,3774.0,,,,,,,,,,,,,,,,,,,,,,80.26019024509803,80.96163722781179,83.81427926132343,86.39108760038346,"rgba(38, 166, 154, 1.0)",0.0,0.0,1.280896655956598,82.08119830179969,-1.6872542306589615,0.0,0.0,0.0,0.0,0.0,0.0,0.0,0.0,69.47787114913869,14.529077963497542,True,False,True,False,False,0.0,0,0.9860180180180178,0.9494054054054053,False,False,False,False,-0.22976354271733884,-0.2240512317626528,False,False,False,False,-228232.0,-235748.95226184322,False,False,False,False,12798.768973260936,False,False,False,False
2025-09-05 19:00:00+00:00,79.92,80.28,79.85,80.11,14261.0,,,,,,,,,,,,,,,,,,,,,,80.20694449624611,80.95211478881734,83.79197314601436,86.37382807798204,"rgba(38, 166, 154, 1.0)",0.0,0.0,1.2549992031860209,82.07362581262218,-1.564643075180604,0.0,0.0,0.0,0.0,0.0,0.0,0.0,0.0,69.08918160506181,14.529077963497542,True,False,True,False,False,0.0,0,0.986835479461909,0.9449679879145385,False,False,False,False,-0.22425887395699357,-0.22415505285982318,False,False,False,False,-213971.0,-235411.30959111697,False,False,False,False,12821.43922173751,False,False,False,False
2025-09-08 14:00:00+00:00,79.565,79.84,79.29,79.385,15525.0,,,,,,,,,,,,,,,,,,,,,,80.03609684465766,80.93529710560976,83.76427602903694,86.35343899066787,"rgba(38, 166, 154, 1.0)",0.0,0.0,1.2488103780630204,82.05072868366508,-2.1346144542775054,0.0,0.0,0.0,0.0,0.0,0.0,0.0,0.0,62.235560668386164,21.111960083600835,True,False,True,False,False,0.0,0,0.9725012467051362,0.9485645080857733,False,False,False,False,-0.2533895029104555,-0.23877227788513933,False,False,False,False,-229496.0,-235319.59936489808,False,False,False,False,12863.354892718324,False,False,False,False
2025-09-08 15:00:00+00:00,79.405,79.765,79.405,79.63,8491.0,,,,,,,,,,,,,,,,,,,,,,79.98486480254208,80.92686343482787,83.74961317040015,86.34249280367462,"rgba(38, 166, 154, 1.0)",0.0,0.0,1.237725409445378,82.04099455444307,-1.9479236154030641,0.0,0.0,0.0,0.0,0.0,0.0,0.0,0.0,59.3681392637834,18.277644320071246,True,False,True,False,False,0.0,0,0.9732079236140797,0.9536126549807611,False,False,False,False,-0.25221647018132154,-0.24549437403323043,False,False,False,False,-221005.0,-235097.6675917989,False,False,False,False,12795.566444769203,False,False,False,False
2025-09-08 16:00:00+00:00,79.63,79.725,79.495,79.7,3364.0,,,,,,,,,,,,,,,,,,,,,,79.96952754899239,80.9236513798181,83.74388821895229,86.33819157440125,"rgba(38, 166, 154, 1.0)",0.0,0.0,1.232389508596384,82.0374930068387,-1.8967160873520903,0.0,0.0,0.0,0.0,0.0,0.0,0.0,0.0,57.93401688326661,16.65174158564146,True,False,True,False,False,0.0,0,0.9712040014290816,0.9576991782779565,False,False,False,False,-0.25075113416807415,-0.2481227541006523,False,False,False,False,-217641.0,-234827.02158262374,False,False,False,False,12649.340608416192,False,False,False,False
2025-09-08 17:00:00+00:00,79.7,80.005,79.7,79.785,3165.0,,,,,,,,,,,,,,,,,,,,,,79.9639238552056,80.92108908880451,83.73876517395122,86.33426447263446,"rgba(38, 166, 154, 1.0)",0.0,0.0,1.231191077154966,82.0351697734035,-1.8276365181294096,0.0,0.0,0.0,0.0,0.0,0.0,0.0,0.0,57.584472857470026,15.86570354782522,True,False,True,False,False,0.0,0,0.9708848987767363,0.9562915802274842,False,False,False,False,-0.23659096821550532,-0.2423568611580788,False,False,False,False,-214476.0,-234511.50186816446,False,False,False,False,12502.29656797563,False,False,False,False
2025-09-08 18:00:00+00:00,79.785,79.9,79.71,79.795,3409.0,,,,,,,,,,,,,,,,,,,,,,79.95719594964423,80.9182713399866,83.73322226861424,86.33002151332724,"rgba(38, 166, 154, 1.0)",0.0,0.0,1.22813370094014,82.03253162394509,-1.8218957937822657,0.0,0.0,0.0,0.0,0.0,0.0,0.0,0.0,57.42805908516639,15.114325757445158,True,False,True,False,False,0.0,0,0.9687432944710674,0.9571561404763607,False,False,False,False,-0.23935711530207116,-0.24085698823007498,False,False,False,False,-211067.0,-234148.02121904562,False,False,False,False,12361.315225836473,False,False,False,False
2025-09-08 19:00:00+00:00,79.775,80.055,79.71,79.97,13191.0,,,,,,,,,,,,,,,,,,,,,,79.95090099155189,80.9085615826802,83.71251644050241,86.31393109731692,"rgba(38, 166, 154, 1.0)",0.0,0.0,1.222001618228264,82.02444306545408,-1.6812114115141215,0.0,0.0,0.0,0.0,0.0,0.0,0.0,0.0,58.68160104021382,15.114325757445158,True,False,True,False,False,0.0,0,0.9701577782537298,0.9541657742557291,False,False,False,False,-0.23484576011633623,-0.23785137417320562,False,False,False,False,-197876.0,-233585.66430092088,False,False,False,False,12374.178555668466,False,False,False,False
2025-09-09 14:00:00+00:00,79.605,79.67,79.035,79.175,7444.0,,,,,,,,,,,,,,,,,,,,,,79.90330805380003,80.89981669354039,83.69904552262717,86.30401290988975,"rgba(239, 83, 80, 1.0)",0.0,0.0,1.220524558620489,82.013643112782,-2.325756653344539,0.0,0.0,0.0,0.0,0.0,0.0,0.0,0.0,52.85177369487102,9.912974926064408,True,False,False,False,False,0.0,0,0.9582215949188422,0.9541990119971773,False,False,False,False,-0.2658959320589217,-0.2518736531160637,False,False,False,False,-205320.0,-233147.43694741823,False,False,False,False,12297.741678836395,False,False,False,False
2025-09-09 15:00:00+00:00,79.175,79.205,78.91,78.93,10161.0,,,,,,,,,,,,,,,,,,,,,,79.82343885403486,80.88598988550588,83.67963652587838,86.28998411531254,"rgba(239, 83, 80, 1.0)",0.0,0.0,1.2178025291472923,81.9958496536818,-2.517526101566326,0.0,0.0,0.0,0.0,0.0,0.0,0.0,0.0,47.56783785939615,4.83518174608605,False,False,False,True,False,0.0,0,0.9583038869257946,0.9626855123674913,False,False,False,False,-0.2833944437545699,-0.2676340484353168,False,False,False,False,-215481.0,-232873.53870017143,False,False,False,False,12264.61390086994,False,False,False,False
2025-09-09 16:00:00+00:00,78.945,79.175,78.865,79.175,7201.0,,,,,,,,,,,,,,,,,,,,,,79.77840581639104,80.8766062346792,83.66614458255896,86.28015188578527,"rgba(239, 83, 80, 1.0)",0.0,0.0,1.2178496482584815,81.98425343570132,-2.3067325590794723,0.0,0.0,0.0,0.0,0.0,0.0,0.0,0.0,46.20255116104866,3.4476612616234803,False,False,False,True,False,0.0,0,0.969099323602705,0.9622641509433963,False,False,False,False,-0.285630781775982,-0.2766324151056494,False,False,False,False,-208280.0,-232492.24352652536,False,False,False,False,12186.108258995986,False,False,False,False
2025-09-09 17:00:00+00:00,79.165,79.425,79.165,79.335,6900.0,,,,,,,,,,,,,,,,,,,,,,79.75288894832904,80.8688725201167,83.65395264201513,86.27106422891151,"rgba(239, 83, 80, 1.0)",0.0,0.0,1.1984436228353228,81.97542745435163,-2.2032137382522974,0.0,0.0,0.0,0.0,0.0,0.0,0.0,0.0,46.61471183851177,3.4476612616234803,False,False,False,True,False,0.0,0,0.9735023862098436,0.9556948500605457,False,False,False,False,-0.2692938886001548,-0.2729631518529021,False,False,False,False,-201380.0,-232009.88316177303,False,False,False,False,12104.153092189847,False,False,False,False
2025-09-09 18:00:00+00:00,79.34,79.405,78.835,78.88,8361.0,,,,,,,,,,,,,,,,,,,,,,79.7088915134381,80.85800897291072,83.63836369178617,86.25966089668447,"rgba(239, 83, 80, 1.0)",0.0,0.0,1.1757047263667577,81.96231141282679,-2.6216713633124233,0.0,0.0,0.0,0.0,0.0,0.0,0.0,0.0,43.99015114708958,0.7874041777590932,False,False,False,True,False,0.0,0,0.9720045590539956,0.9568314574725745,False,False,False,False,-0.2796733284412011,-0.2763182401470516,False,False,False,False,-209741.0,-231664.6291592649,False,False,False,False,12046.119710915586,False,False,False,False
2025-09-09 19:00:00+00:00,78.88,79.045,78.75,78.88,28504.0,,,,,,,,,,,,,,,,,,,,,,79.5668339258961,80.8189799109702,83.58431202904494,86.22026075242945,"rgba(239, 83, 80, 1.0)",0.0,0.0,1.1598455046221097,81.91545094800071,-2.617116621053507,0.0,0.0,0.0,0.0,0.0,0.0,0.0,0.0,42.24044401947478,-1.1776473890505912,False,False,False,True,False,0.0,0,0.9719433169550662,0.9564907783237201,False,False,False,False,-0.29295570873452126,-0.2846369744407864,False,False,False,False,-209741.0,-231324.72793198947,False,False,False,False,12301.280645630071,False,False,False,False
2025-09-10 14:00:00+00:00,79.595,79.77,79.21,79.335,4052.0,,,,,,,,,,,,,,,,,,,,,,79.56373514889295,80.81509526481244,83.57761155095375,86.21510923366066,"rgba(239, 83, 80, 1.0)",0.0,0.0,1.1320026422140086,81.9114576188977,-2.2760173190572983,0.0,0.0,0.0,0.0,0.0,0.0,0.0,0.0,44.9199571473298,-1.1776473890505912,False,False,False,True,False,0.0,0,0.9724278964812066,0.9473238840702348,False,False,False,False,-0.25779449154091244,-0.27121573299084945,False,False,False,False,-205689.0,-230927.27478575706,False,False,False,False,12173.384821666814,False,False,False,False
2025-09-10 15:00:00+00:00,79.32,79.42,78.875,78.925,7507.0,,,,,,,,,,,,,,,,,,,,,,79.54276254823323,80.80606299847172,83.56416525994776,86.20507291125351,"rgba(239, 83, 80, 1.0)",0.0,0.0,1.1069436861565414,81.90123123277343,-2.6886925414492473,0.0,0.0,0.0,0.0,0.0,0.0,0.0,0.0,44.019337449027084,-1.1776473890505912,False,False,False,True,False,0.0,0,0.9694178852643416,0.9526152980877389,False,False,False,False,-0.2780384319100745,-0.27462708245046197,False,False,False,False,-213196.0,-230652.37130070658,False,False,False,False,12101.037770168103,False,False,False,False
2025-09-10 16:00:00+00:00,78.915,78.92,78.425,78.43,3148.0,,,,,,,,,,,,,,,,,,,,,,79.5260064322118,80.80125805571846,83.55794831600055,86.20058897073368,"rgba(239, 83, 80, 1.0)",0.0,0.0,1.0875949290646902,81.89541681797782,-3.186312040787097,0.0,0.0,0.0,0.0,0.0,0.0,0.0,0.0,40.90248041081202,-2.9999839418365326,False,True,False,True,False,0.0,0,0.9617798462731819,0.9684084338198996,False,False,False,False,-0.3064903461541954,-0.2905587143023287,False,False,False,False,-216344.0,-230430.53608674213,False,False,False,False,11962.230983033713,False,False,False,False
2025-09-10 17:00:00+00:00,78.415,78.465,77.58,77.595,18144.0,,,,,,,,,,,,,,,,,,,,,,79.37427425637274,80.7651749975889,83.51732515802063,86.17244006647748,"rgba(239, 83, 80, 1.0)",0.0,0.0,1.0894653081466832,81.85002871585661,-3.9056119401313905,0.0,0.0,0.0,0.0,0.0,0.0,0.0,0.0,35.8965980419195,-7.811980021437108,False,True,False,True,False,0.0,0,0.9434676007005248,0.9804553415061295,False,False,False,False,-0.34282825441539394,-0.31669348435886135,False,False,False,False,-234488.0,-230493.44250400196,False,False,False,False,12058.072363141717,False,False,False,False
2025-09-10 18:00:00+00:00,77.615,77.855,77.44,77.85,18058.0,,,,,,,,,,,,,,,,,,,,,,79.234836719625,80.72813351150167,83.4763010236876,86.14405936346967,"rgba(239, 83, 80, 1.0)",0.0,0.0,1.0907287711662026,81.4641445300043,-3.3135135200844497,0.0,0.0,0.0,0.0,0.0,0.0,0.0,0.0,34.537652120098244,-9.162601003395139,False,True,False,True,False,0.0,0,0.9453387458006715,0.9848824188129898,False,False,False,False,-0.34282825441539394,-0.3297608693871277,False,False,False,False,-216430.0,-230275.40463572287,False,False,False,False,12151.094497046495,False,False,False,False
2025-09-10 19:00:00+00:00,77.85,78.0,77.66,77.85,35365.0,,,,,,,,,,,,,,,,,,,,,,79.03724996103912,80.66096311093123,83.3992780823491,86.08982079860164,"rgba(239, 83, 80, 1.0)",0.0,0.0,1.0892202062278922,81.39221052793708,-3.2520609769113737,0.0,0.0,0.0,0.0,0.0,0.0,0.0,0.0,33.63168817221741,-10.224630470035684,False,True,False,True,False,0.0,0,0.9508850486252007,0.9799202406772544,False,False,False,False,-0.3319813467188513,-0.33087110805298947,False,False,False,False,-216430.0,-230060.7471995101,False,False,False,False,12511.000008720192,False,False,False,False
2025-09-11 14:00:00+00:00,78.425,78.485,78.12,78.275,11821.0,,,,,,,,,,,,,,,,,,,,,,79.00369491335714,80.64272017185414,83.3760748903189,86.07284320082685,"rgba(239, 83, 80, 1.0)",0.0,0.0,1.080357277406097,81.37734534221637,-2.8715920252464984,0.0,0.0,0.0,0.0,0.0,0.0,0.0,0.0,36.31181927858232,-10.224630470035684,False,True,False,True,False,0.0,0,0.9528085195239083,0.9731328739472401,False,False,False,False,-0.3042380787623466,-0.317554593407668,False,False,False,False,-204609.0,-229666.14646773477,False,False,False,False,12500.30233416639,False,False,False,False
2025-09-11 15:00:00+00:00,78.25,78.655,78.25,78.635,8870.0,,,,,,,,,,,,,,,,,,,,,,78.98764163547918,80.63047961198644,83.35954980027125,86.06051126526346,"rgba(239, 83, 80, 1.0)",0.0,0.0,1.0690278399181121,81.3684854503825,-2.556982473526484,0.0,0.0,0.0,0.0,0.0,0.0,0.0,0.0,40.451845319875744,-15.735905666603266,False,True,False,True,True,0.0,0,0.9514637904468407,0.9817201288695893,False,False,False,False,-0.29552669353482475,-0.3065406434712464,False,False,False,False,-195739.0,-229140.14419691716,False,False,False,False,12444.018577047531,False,False,False,False
2025-09-11 16:00:00+00:00,78.63,79.15,78.6,79.01,6526.0,,,,,,,,,,,,,,,,,,,,,,78.98605071575821,80.62327591937088,83.34847743175848,86.05195135069602,"rgba(239, 83, 80, 1.0)",0.0,0.0,1.0609950624390205,81.36541281036276,-2.220003554915813,0.0,0.0,0.0,0.0,0.0,0.0,0.0,0.0,45.33471113238711,-11.171695246707365,False,False,False,True,True,0.0,0,0.9447649873346461,0.9850126653532223,False,False,False,False,-0.2712175449763035,-0.28887909422377495,False,False,False,False,-189213.0,-228521.11870549206,False,False,False,False,12352.266351046794,False,False,False,False
2025-09-11 17:00:00+00:00,78.99,79.26,78.95,79.2,5537.0,,,,,,,,,,,,,,,,,,,,,,78.98899752065628,80.61798279041071,83.33958378492858,86.04492489780674,"rgba(38, 166, 154, 1.0)",0.0,0.0,1.045975741711875,81.36406803970621,-2.0689466814635975,0.0,0.0,0.0,0.0,0.0,0.0,0.0,0.0,49.57959676160998,-7.294981376516908,False,False,False,False,True,0.0,0,0.9443657984144954,0.9888165345413361,False,False,False,False,-0.258116208633264,-0.27349765142851945,False,False,False,False,-183676.0,-227825.84554726735,False,False,False,False,12246.603306844516,False,False,False,False
2025-09-11 18:00:00+00:00,79.2,79.38,79.2,79.32,4774.0,,,,,,,,,,,,,,,,,,,,,,78.99415677771252,80.61394910450144,83.33224260996235,86.03902110941027,"rgba(38, 166, 154, 1.0)",0.0,0.0,1.0279502695919722,81.36364343768616,-1.9880761726901064,0.0,0.0,0.0,0.0,0.0,0.0,0.0,0.0,53.03672340166888,-4.14421420071956,True,False,True,False,True,0.0,0,0.9466260277856527,0.9819251488517152,False,False,False,False,-0.24764092555618786,-0.26056928849235367,False,False,False,False,-178902.0,-227067.33631397638,False,False,False,False,12130.748992009718,False,False,False,False
2025-09-11 19:00:00+00:00,79.34,79.655,79.32,79.645,14402.0,,,,,,,,,,,,,,,,,,,,,,79.02017176239848,80.60412427368819,83.31156544489802,86.02190532764824,"rgba(38, 166, 154, 1.0)",0.0,0.0,1.0060380860723313,81.13269117322749,-1.4787622793045316,0.0,0.0,0.0,0.0,0.0,0.0,0.0,0.0,56.94718497742254,-0.5336313355731264,True,False,True,False,True,0.0,0,0.9518029528676879,0.9766467915956839,False,False,False,False,-0.23651627515129656,-0.2485427818218251,False,False,False,False,-164500.0,-226097.30009205427,False,False,False,False,12165.962185932047,False,False,False,False
2025-09-12 14:00:00+00:00,78.83,79.04,78.45,78.46,10090.0,,,,,,,,,,,,,,,,,,,,78.65,,79.00821089160804,80.59167949196984,83.29382603443952,86.00832856179206,"rgba(38, 166, 154, 1.0)",0.0,0.0,0.9818822382175846,81.1037653273284,-2.692548275572893,0.0,0.0,0.0,0.0,0.0,0.0,0.0,0.0,52.42147728186426,-0.5336313355731264,False,False,True,False,False,0.0,0,0.9404177765316127,0.9744146922753397,False,False,False,False,-0.2786627808873024,-0.2636027813545637,False,False,False,False,-174590.0,-225298.73729992937,False,False,False,False,12133.776725685038,False,False,False,False
2025-09-12 15:00:00+00:00,78.46,78.69,78.375,78.48,8545.0,,,,,,,,,,,,,,,,,,,,78.58809632412128,,78.99507411829003,80.58053938183271,83.27847448762789,85.99665951397019,"rgba(38, 166, 154, 1.0)",0.0,0.0,0.9550568258161289,81.08489634296794,-2.727477855301395,0.0,0.0,0.0,0.0,0.0,0.0,0.0,0.0,49.52201432539091,-0.5336313355731264,False,False,False,False,False,0.0,0,0.939543404735061,0.9840755355129649,False,False,False,False,-0.2908984612670966,-0.27725062131083017,False,False,False,False,-166045.0,-224380.07470613203,False,False,False,False,12078.13677644961,False,False,False,False
2025-09-12 16:00:00+00:00,78.465,78.64,78.39,78.555,7974.0,,,,,,,,,,,,,,,,,,,,78.57018696681574,,78.98375445826618,80.57031736676811,83.26427732222979,85.98582230549113,"rgba(38, 166, 154, 1.0)",0.0,0.0,0.9282031804198796,81.07080711655789,-2.71040561983405,0.0,0.0,0.0,0.0,0.0,0.0,0.0,0.0,48.06974550889059,6.044598024323754,False,False,False,True,False,0.0,0,0.9487928210241426,0.9777793604444128,False,False,False,False,-0.2919098454177107,-0.2845802333642704,False,False,False,False,-158071.0,-223352.02703626952,False,False,False,False,12014.506748907756,False,False,False,False
2025-09-12 17:00:00+00:00,78.545,78.615,78.49,78.57,5190.0,,,,,,,,,,,,,,,,,,,,78.56825230353155,,78.97714347665529,80.56381568774927,83.25514063001322,85.97881393082747,"rgba(38, 166, 154, 1.0)",0.0,0.0,0.8991944493017563,81.06286941080135,-2.7723362980466884,0.0,0.0,0.0,0.0,0.0,0.0,0.0,0.0,47.20634948846853,4.917127199656555,False,True,False,True,False,0.0,0,0.9456001143755798,0.9811995139037816,False,False,False,False,-0.28974330194632897,-0.28716176765529966,False,False,False,False,-152881.0,-222259.4529736917,False,False,False,False,11908.70044272314,False,False,False,False
2025-09-12 18:00:00+00:00,78.555,78.8,78.455,78.75,7264.0,,,,,,,,,,,,,,,,,,,,78.58686297348727,,78.97056989036193,80.55528135816706,83.24271029967265,85.96917216600129,"rgba(38, 166, 154, 1.0)",0.0,0.0,0.862368240358728,81.05406149422387,-2.6717837999987446,0.0,0.0,0.0,0.0,0.0,0.0,0.0,0.0,47.93618703145751,4.917127199656555,False,True,False,True,False,0.0,0,0.9422307912025125,0.9798628963153385,False,False,False,False,-0.2854181195070695,-0.2862899435811846,False,False,False,False,-145617.0,-221071.19788882823,False,False,False,False,11836.689583146037,False,False,False,False
2025-09-12 19:00:00+00:00,78.75,78.77,78.28,78.29,11447.0,,,,,,,,,,,,,,,,,,,,78.55509051013001,,78.95356599686411,80.54042568938222,83.22231545494489,85.95356991460356,"rgba(38, 166, 154, 1.0)",0.0,0.0,0.8251640677684408,81.03620429781135,-3.3280706287152477,0.0,0.0,0.0,0.0,0.0,0.0,0.0,0.0,45.60442110279722,2.592815932218926,False,True,False,True,False,0.0,0,0.9378334163169489,0.981719894729355,False,False,False,False,-0.2913318406248836,-0.2888108921030341,False,False,False,False,-157064.0,-220078.83823163708,False,False,False,False,11830.647884182532,False,False,False,False
2025-09-15 14:00:00+00:00,78.27,78.315,77.805,78.18,8094.0,,,,,,,,,,,,,,,,,,,,78.49223639455784,,78.93441674404423,80.52832879228258,83.20695969813451,85.94206914397711,"rgba(38, 166, 154, 1.0)",0.0,0.0,0.79284566735883,81.01956261002354,-3.581482155894019,0.0,0.0,0.0,0.0,0.0,0.0,0.0,0.0,43.449160863517136,0.17007222583346504,False,True,False,True,False,0.0,0,0.9299950351088719,0.9908504149230443,False,False,False,False,-0.3184174790859637,-0.30361418559449893,False,False,False,False,-165158.0,-219227.35236758066,False,False,False,False,11772.715358846368,False,False,False,False
2025-09-15 15:00:00+00:00,78.145,78.15,77.86,77.925,6244.0,,,,,,,,,,,,,,,,,,,,78.44275436405134,,78.91815158566035,80.518614974281,83.1948957625856,85.9330827382072,"rgba(239, 83, 80, 1.0)",0.0,0.0,0.7641425919933481,81.00615542518459,-4.032173389454795,0.0,0.0,0.0,0.0,0.0,0.0,0.0,0.0,40.66880292555927,-2.772275791768706,False,True,False,True,False,0.0,0,0.9279874884481399,0.9973697305751046,False,False,False,False,-0.32165054633910306,-0.312632365966801,False,False,False,False,-171402.0,-218485.87403630035,False,False,False,False,11686.998841654951,False,False,False,False
2025-09-15 16:00:00+00:00,77.955,77.99,77.84,77.865,7237.0,,,,,,,,,,,,,,,,,,,,78.38809701509793,,78.89843185506209,80.50709687150807,83.18076936826115,85.92258804940977,"rgba(239, 83, 80, 1.0)",0.0,0.0,0.728925069368699,80.9904113435779,-4.287699072121003,0.0,0.0,0.0,0.0,0.0,0.0,0.0,0.0,38.50468338480008,-5.086013880731208,False,True,False,True,False,0.0,0,0.921443432096993,1.0066001865270102,False,False,False,False,-0.3269551125585009,-0.319793739262651,False,False,False,False,-178639.0,-217868.09304348947,False,False,False,False,11618.006611551775,False,False,False,False
2025-09-15 17:00:00+00:00,77.84,77.95,77.705,77.855,2455.0,,,,,,,,,,,,,,,,,,,,78.36993547088812,,78.89151258712238,80.50312074670055,83.17593864457068,85.91900686010429,"rgba(239, 83, 80, 1.0)",0.0,0.0,0.7403704210446035,80.98500040464427,-4.227614064089815,0.0,0.0,0.0,0.0,0.0,0.0,0.0,0.0,37.005535138236546,-6.787375282867259,False,True,False,True,False,0.0,0,0.9170330858502116,1.0118936062855903,False,False,False,False,-0.3321294212864661,-0.32596158027455857,False,False,False,False,-181094.0,-217297.952066071,False,False,False,False,11475.94449354322,False,False,False,False
2025-09-15 18:00:00+00:00,77.875,77.895,77.59,77.625,4604.0,,,,,,,,,,,,,,,,,,,,78.33115759459552,,78.87716687864682,80.49532466000812,83.16667717819166,85.91218874719095,"rgba(239, 83, 80, 1.0)",0.0,0.0,0.7553931498287567,80.97414040445184,-4.433638834573858,0.0,0.0,0.0,0.0,0.0,0.0,0.0,0.0,34.71883580142629,-9.223104688718756,False,True,False,True,False,0.0,0,0.9071897310160804,1.0174515035696257,False,False,False,False,-0.33717237394981514,-0.33156697711218686,False,False,False,False,-185698.0,-216808.03032861254,False,False,False,False,11369.402718449526,False,False,False,False
2025-09-15 19:00:00+00:00,77.63,77.65,77.365,77.41,18190.0,,,,,,,,,,,,,,,,,,,,78.17115690988419,,78.81332593269339,80.4624583575614,83.12887392880899,85.8846150807047,"rgba(239, 83, 80, 1.0)",0.0,0.0,0.7769588902345566,80.60633803609822,-4.113908826158462,0.0,0.0,0.0,0.0,0.0,0.0,0.0,0.0,32.122385095770696,-11.897611948389375,False,True,False,True,False,0.0,0,0.9064488143435502,1.0201706188548292,False,False,False,False,-0.34282825441539394,-0.33719761576379037,False,False,False,False,-203888.0,-216607.71978088212,False,False,False,False,11475.148412737131,False,False,False,False
2025-09-16 14:00:00+00:00,77.595,78.085,77.54,77.925,4695.0,,,,,,,,,,,,,,,,,,,,78.15637844795762,,78.80213666163628,80.4551413851997,83.11983973969933,85.87784336773655,"rgba(239, 83, 80, 1.0)",0.0,0.0,0.7850435920627823,80.6018414451959,-3.4097997515809664,0.0,0.0,0.0,0.0,0.0,0.0,0.0,0.0,35.83004755563514,-11.897611948389375,False,True,False,True,True,0.0,0,0.9085545722713854,1.0092092956327792,False,False,False,False,-0.3249432154137008,-0.3310704155887456,False,False,False,False,-199193.0,-216337.72412536456,False,False,False,False,11370.029832694694,False,False,False,False
2025-09-16 15:00:00+00:00,77.94,77.94,77.56,77.765,9972.0,,,,,,,,,,,,,,,,,,,,78.12064175022248,,78.77692540960254,80.43917379626974,83.10040961665189,85.86332855365774,"rgba(239, 83, 80, 1.0)",0.0,0.0,0.7949402039935585,80.58646442286594,-3.5492788120310075,0.0,0.0,0.0,0.0,0.0,0.0,0.0,0.0,37.25826559395688,-11.897611948389375,False,True,False,True,True,0.0,0,0.9084774962314252,1.0101213121814656,False,False,False,False,-0.3285915212010053,-0.32983096839487547,False,False,False,False,-209165.0,-216226.5191001651,False,False,False,False,11348.354951567644,False,False,False,False
2025-09-16 16:00:00+00:00,77.77,77.865,77.745,77.83,4164.0,,,,,,,,,,,,,,,,,,,,78.10962610654387,,78.76733431178975,80.43270566946057,83.0924258741015,85.85732644933387,"rgba(239, 83, 80, 1.0)",0.0,0.0,0.8031146687544449,80.58039091993355,-3.424655316281482,0.0,0.0,0.0,0.0,0.0,0.0,0.0,0.0,38.84971310075281,-17.05272025620264,False,True,False,True,True,0.0,0,0.9075136116152439,1.019818511796733,False,False,False,False,-0.3253805693417375,-0.3276057688683065,False,False,False,False,-205001.0,-216052.4800443486,False,False,False,False,11236.969603481324,False,False,False,False
2025-09-16 17:00:00+00:00,77.83,77.95,77.775,77.81,5495.0,,,,,,,,,,,,,,,,,,,,78.09767377664531,,78.75537646192794,80.4243212576167,83.08198997993266,85.84945061771127,"rgba(239, 83, 80, 1.0)",0.0,0.0,0.8040266456058746,80.57261153274501,-3.4359701234319733,0.0,0.0,0.0,0.0,0.0,0.0,0.0,0.0,39.75705613422534,-15.92848319815036,False,True,False,True,True,0.0,0,0.9066510229522613,1.0238322211630122,False,False,False,False,-0.3220305807921105,-0.3248181748302085,False,False,False,False,-210496.0,-215966.33306691685,False,False,False,False,11147.946818931227,False,False,False,False
2025-09-16 18:00:00+00:00,77.77,77.905,77.755,77.86,10098.0,,,,,,,,,,,,,,,,,,,,78.07792552760871,,78.73407514650675,80.40902470111999,83.06290187165845,85.83500871555627,"rgba(239, 83, 80, 1.0)",0.0,0.0,0.8071781008450812,80.55786227464144,-3.342338291656934,0.0,0.0,0.0,0.0,0.0,0.0,0.0,0.0,40.94458063380236,-14.493477399504975,False,True,False,True,True,0.0,0,0.8997282009843519,1.0222581356056708,False,False,False,False,-0.323923189511971,-0.3243706821710898,False,False,False,False,-200398.0,-215724.9635620034,False,False,False,False,11131.668573676478,False,False,False,False
2025-09-16 19:00:00+00:00,77.86,77.915,77.59,77.695,16668.0,,,,,,,,,,,,,,,,,,,,78.0392283809216,,78.69705760230089,80.38313608431856,83.0310595781233,85.81096763503072,"rgba(239, 83, 80, 1.0)",0.0,0.0,0.8071728662643581,80.53010934632542,-3.512394264993658,0.0,0.0,0.0,0.0,0.0,0.0,0.0,0.0,40.29287586365561,-14.493477399504975,False,True,False,True,True,0.0,0,0.8966884499596143,1.0231294515015783,False,False,False,False,-0.3284454272852408,-0.32640805472816525,False,False,False,False,-217066.0,-215745.754824608,False,False,False,False,11217.50316943343,False,False,False,False
2025-09-17 14:00:00+00:00,78.16,78.265,77.755,77.825,5382.0,,,,,,,,,,,,,,,,,,,,78.03604781069039,,78.68822047242367,80.375553065646,83.02127297027855,85.8034411622051,"rgba(239, 83, 80, 1.0)",0.0,0.0,0.7991736328814139,80.5234531971617,-3.376554338301236,0.0,0.0,0.0,0.0,0.0,0.0,0.0,0.0,41.51359235809923,-13.33183120216598,False,True,False,True,True,0.0,0,0.9041617819460716,1.013262016412661,False,False,False,False,-0.31346879089834206,-0.3199384228132537,False,False,False,False,-211684.0,-215682.7818815908,False,False,False,False,11127.030252077873,False,False,False,False
2025-09-17 15:00:00+00:00,77.82,77.83,77.625,77.795,6280.0,,,,,,,,,,,,,,,,,,,,78.0248266057835,,78.6754745937971,80.36604614885205,83.00945637735225,85.79445579064007,"rgba(239, 83, 80, 1.0)",0.0,0.0,0.7968143385302937,80.51350243892307,-3.4117137549724377,0.0,0.0,0.0,0.0,0.0,0.0,0.0,0.0,42.0242236585529,-12.498033547061787,False,True,False,True,True,0.0,0,0.9040763863385961,1.016819684171869,False,False,False,False,-0.3299069768921206,-0.3249226998526872,False,False,False,False,-217964.0,-215718.14960435685,False,False,False,False,11051.882496231705,False,False,False,False
2025-09-17 16:00:00+00:00,77.795,77.85,77.6,77.635,3445.0,,,,,,,,,,,,,,,,,,,,78.01787845062873,,78.66822178418514,80.3607511231083,83.00292910905166,85.78950158253411,"rgba(239, 83, 80, 1.0)",0.0,0.0,0.7986206408084535,80.50778395563475,-3.597182202461722,0.0,0.0,0.0,0.0,0.0,0.0,0.0,0.0,40.77995471793755,-12.498033547061787,False,True,False,True,True,0.0,1,0.9008545715798219,1.038266656583226,False,False,False,False,-0.3300532066124612,-0.3274879532325742,False,False,False,False,-221409.0,-215806.37984304898,False,False,False,False,10933.946333499429,False,False,False,False
2025-09-17 17:00:00+00:00,77.64,77.755,77.585,77.715,2916.0,,,,,,,,,,,,,,,,,,,,78.01204679311182,,78.66210379190404,80.35626880607927,82.99740627247827,85.78530768114125,"rgba(239, 83, 80, 1.0)",0.0,0.0,0.7979150759735294,80.50293712744076,-3.4940273863596545,0.0,0.0,0.0,0.0,0.0,0.0,0.0,0.0,41.15356353187575,-12.498033547061787,False,True,False,True,True,0.0,1,0.8988729820286313,1.0348004873591226,False,False,False,False,-0.3332737221369593,-0.3303808376847668,False,False,False,False,-218493.0,-215848.03286873817,False,False,False,False,10809.637088018819,False,False,False,False
2025-09-17 18:00:00+00:00,77.915,78.415,77.26,77.535,2536.0,,,,,,,,,,,,,,,,,,,,78.00791409493941,,78.6571227267389,80.35245795767284,82.99265908800591,85.78168707916913,"rgba(239, 83, 80, 1.0)",0.0,0.0,0.7994975787178787,80.20793199721973,-3.3432646556681327,0.0,0.0,0.0,0.0,0.0,0.0,0.0,0.0,39.601449379739364,-12.498033547061787,False,True,False,True,False,0.0,1,0.8951327766493635,1.0203866696757689,False,False,False,False,-0.32348623500339496,-0.32693353634408084,False,False,False,False,-221029.0,-215928.35794054068,False,False,False,False,10681.36364479372,False,False,False,False
2025-09-17 19:00:00+00:00,77.605,77.68,77.085,77.185,13774.0,,,,,,,,,,,,,,,,,,,,77.95581684075752,,78.61904906448906,80.3286593756041,82.96497574171462,85.76105527216119,"rgba(239, 83, 80, 1.0)",0.0,0.0,0.8076128041572955,80.16156626502035,-3.6856353065455094,0.0,0.0,0.0,0.0,0.0,0.0,0.0,0.0,35.88986949681019,-10.253485891052854,False,True,False,True,False,0.0,1,0.8909839132061345,1.031649831649831,False,False,False,False,-0.34282825441539394,-0.3348808953797374,False,False,False,False,-234803.0,-216220.98804998965,False,False,False,False,10729.311495262034,False,False,False,False
2025-09-18 14:00:00+00:00,77.095,77.4,77.085,77.16,8699.0,,,,,,,,,,,,,,,,,,,,77.92215741833719,,78.59430664581471,80.31331975353807,82.94731876422323,85.74792069130596,"rgba(239, 83, 80, 1.0)",0.0,0.0,0.8147178088795369,80.14016203263616,-3.657907069362714,0.0,0.0,0.0,0.0,0.0,0.0,0.0,0.0,33.25062407494238,-12.722125442355313,False,True,False,True,False,0.0,1,0.8917398154400169,1.0387876059719405,False,False,False,False,-0.34282825441539394,-0.33885457489756565,False,False,False,False,-243502.0,-216643.94947557122,False,False,False,False,10697.833797661073,False,False,False,False
2025-09-18 15:00:00+00:00,77.165,77.26,77.06,77.125,3726.0,,,,,,,,,,,,,,,,,,,,77.90738536457907,,78.58347416551894,80.3066551631701,82.93970139446596,85.74226330478749,"rgba(239, 83, 80, 1.0)",0.0,0.0,0.8210467665061201,80.13095138425318,-3.6611207873635463,0.0,0.0,0.0,0.0,0.0,0.0,0.0,0.0,31.24278132294208,-14.581086181301849,False,True,False,True,False,0.0,0,0.8860025600481882,1.0451773209848652,False,False,False,False,-0.34282825441539394,-0.34084141465647977,False,False,False,False,-247228.0,-217118.12080153136,False,False,False,False,10589.743351185707,False,False,False,False
2025-09-18 16:00:00+00:00,77.14,77.345,77.105,77.235,3346.0,,,,,,,,,,,,,,,,,,,,77.89594070585471,,78.57441844031118,80.3008451347617,82.93297218168865,85.73723646661558,"rgba(239, 83, 80, 1.0)",0.0,0.0,0.8232533681106127,80.12380452812958,-3.5090102756086656,0.0,0.0,0.0,0.0,0.0,0.0,0.0,0.0,31.99203363093951,-14.581086181301849,False,True,False,True,False,0.0,0,0.8922243247892645,1.0475658007913295,False,False,False,False,-0.33322032984572325,-0.3370308722511015,False,False,False,False,-243882.0,-217533.0646650735,False,False,False,False,10477.437252717711,False,False,False,False
2025-09-18 17:00:00+00:00,77.22,77.355,77.2,77.3,6528.0,,,,,,,,,,,,,,,,,,,,77.87649147233142,,78.55782404678396,80.28978064944823,82.9200190818643,85.72751144226098,"rgba(239, 83, 80, 1.0)",0.0,0.0,0.8359571683912678,80.11127716685944,-3.362944027706009,0.0,0.0,0.0,0.0,0.0,0.0,0.0,0.0,33.69135235393635,-14.581086181301849,False,True,False,True,True,0.0,0,0.8953945643624914,1.0466660840688626,False,False,False,False,-0.3255032457857996,-0.33126705901845055,False,False,False,False,-237354.0,-217840.3659880956,False,False,False,False,10416.205667404258,False,False,False,False
2025-09-18 18:00:00+00:00,77.3,77.57,77.23,77.57,7593.0,,,,,,,,,,,,,,,,,,,,77.86150104318031,,78.54158362663286,80.27774221117159,82.90548402722769,85.71645739398176,"rgba(239, 83, 80, 1.0)",0.0,0.0,0.8432767331345075,80.10021620499697,-3.0004577448639167,0.0,0.0,0.0,0.0,0.0,0.0,0.0,0.0,39.057116876468925,-15.499240972763168,False,True,False,True,True,0.0,0,0.8904000706526529,1.045482645941888,False,False,False,False,-0.3074645759284768,-0.3193658174734637,False,False,False,False,-229761.0,-218025.18201928792,False,False,False,False,10372.435036901865,False,False,False,False
2025-09-18 19:00:00+00:00,77.56,77.935,77.555,77.78,18735.0,,,,,,,,,,,,,,,,,,,,77.85301275069942,,78.51402304053033,80.25158432668903,82.8719053446387,85.69029463048183,"rgba(239, 83, 80, 1.0)",0.0,0.0,0.846980875581593,80.08391788101058,-2.7201533676053247,0.0,0.0,0.0,0.0,0.0,0.0,0.0,0.0,45.14669785435636,-10.07462023315172,True,False,False,True,True,0.0,0,0.9016833810888243,1.03644340974212,False,False,False,False,-0.25788248463162533,-0.2886241510525445,False,False,False,False,-211026.0,-217916.66756937647,False,False,False,False,10502.087206872378,False,False,False,False
2025-09-19 14:00:00+00:00,77.465,77.495,77.12,77.18,5848.0,,,,,,,,,,,,,,,,,,,77.265,77.83851778553384,,78.50048191404882,80.24194290828139,82.86051465888237,85.68165937117512,"rgba(239, 83, 80, 1.0)",0.0,0.0,0.8608313444577637,80.0726939219418,-3.360349202623311,0.0,0.0,0.0,0.0,0.0,0.0,0.0,0.0,42.987293518407036,-10.07462023315172,False,False,False,True,False,0.0,1,0.8936663693131124,1.024174843889384,False,False,False,False,-0.3210018022985157,-0.3048129766755301,False,False,False,False,-216874.0,-217900.50218070397,False,False,False,False,10429.930816068154,False,False,False,False
2025-09-19 15:00:00+00:00,77.18,77.24,77.02,77.225,7755.0,,,,,,,,,,,,,,,,,,,77.20609020069102,77.81709241367301,,78.48150698442285,80.2288125968682,82.8452030886057,85.6700952114752,"rgba(239, 83, 80, 1.0)",0.0,0.0,0.8727455745148152,80.05677555283195,-3.244674777533216,0.0,0.0,0.0,0.0,0.0,0.0,0.0,0.0,42.09409090474241,-10.07462023315172,False,False,False,True,False,0.0,1,0.8938863452733629,1.0284585689918304,False,False,False,False,-0.34282825441539394,-0.32382061554546204,False,False,False,False,-209119.0,-217764.3548600729,False,False,False,False,10388.459020470198,False,False,False,False
2025-09-19 16:00:00+00:00,77.245,77.26,77.035,77.05,4137.0,,,,,,,,,,,,,,,,,,,77.18484780157837,77.80543342859973,,78.47125273516689,80.22174787467101,82.83700175714279,85.66390523384786,"rgba(239, 83, 80, 1.0)",0.0,0.0,0.8886129641173127,80.04817422838158,-3.3739933463155887,0.0,0.0,0.0,0.0,0.0,0.0,0.0,0.0,40.09203380570398,-10.07462023315172,False,False,False,True,False,0.0,0,0.9146651596496177,1.0191202787981537,False,False,False,False,-0.3402381627393119,-0.332029389142387,False,False,False,False,-213256.0,-217694.45788549812,False,False,False,False,10291.53717519159,False,False,False,False
2025-09-19 17:00:00+00:00,77.06,77.18,77.015,77.075,3542.0,,,,,,,,,,,,,,,,,,,77.16906211822199,77.795404199714,,78.46243520609508,80.21567618400687,82.82996800827917,85.65859715954399,"rgba(239, 83, 80, 1.0)",0.0,0.0,0.9029296511646466,80.04078468106022,-3.2846243084771745,0.0,0.0,0.0,0.0,0.0,0.0,0.0,0.0,39.10983829297628,-5.136722027007707,False,True,False,True,False,0.0,0,0.8993231003908849,1.02459719706359,False,False,False,False,-0.34282825441539394,-0.33742882177889044,False,False,False,False,-209714.0,-217570.7298562656,False,False,False,False,10186.893187979316,False,False,False,False
2025-09-19 18:00:00+00:00,77.075,77.135,76.94,77.12,5014.0,,,,,,,,,,,,,,,,,,,77.14922003346517,77.78119192777663,,78.44992010843126,80.20705291145364,82.81999729048616,85.65107246912103,"rgba(239, 83, 80, 1.0)",0.0,0.0,0.9159703809272948,80.0303089091234,-3.1772958708305734,0.0,0.0,0.0,0.0,0.0,0.0,0.0,0.0,39.13430110787641,-5.403112756958421,False,True,False,True,False,0.0,1,0.8990720367358644,1.0157849421218788,False,False,False,False,-0.34282825441539394,-0.34012853809714216,False,False,False,False,-204700.0,-217371.18365694364,False,False,False,False,10106.69329359204,False,False,False,False
2025-09-19 19:00:00+00:00,77.15,77.31,77.13,77.215,10124.0,,,,,,,,,,,,,,,,,,,77.16843208859602,77.75991391156286,,78.42804489985441,80.190627060619,82.80050331629758,85.6361897267132,"rgba(239, 83, 80, 1.0)",0.0,0.0,0.9271153071706596,80.01233089717051,-3.0172416262949153,0.0,0.0,0.0,0.0,0.0,0.0,0.0,0.0,40.59995188975354,-5.403112756958421,False,False,False,True,False,0.0,1,0.903231993862088,1.010261820274288,False,False,False,False,-0.31650969742989116,-0.32831911776351663,False,False,False,False,-194576.0,-217017.76995683598,False,False,False,False,10106.961614621621,False,False,False,False
2025-09-22 14:00:00+00:00,77.465,77.58,77.35,77.565,4624.0,,,,,,,,,,,,,,,,,,,77.20559862586494,77.75547406061497,,78.42056334053238,80.18388578576938,82.79208911445983,85.62963521908397,"rgba(239, 83, 80, 1.0)",0.0,0.0,0.9324508150674092,80.00635380776943,-2.6182118866966078,0.0,0.0,0.0,0.0,0.0,0.0,0.0,0.0,45.87973549845438,-9.479390134696764,True,False,False,True,True,0.0,0,0.9060965039006063,1.0075122796879514,False,False,False,False,-0.28182681346205707,-0.30507296561278685,False,False,False,False,-189952.0,-216598.1456164199,False,False,False,False,10021.954457805781,False,False,False,False
2025-09-22 15:00:00+00:00,77.57,77.66,77.37,77.42,8927.0,,,,,,,,,,,,,,,,,,,77.25521415754471,77.74683947795862,,78.40622553858243,80.1708940973485,82.7758743285505,85.61698775434367,"rgba(239, 83, 80, 1.0)",0.0,0.0,0.9397146250718509,79.99467758567418,-2.739850500333886,0.0,0.0,0.0,0.0,0.0,0.0,0.0,0.0,47.58825548371898,-7.8263165683346045,True,False,False,False,True,0.0,0,0.9061441702951133,1.0048379293662313,False,False,False,False,-0.2748315799777899,-0.28995227279528835,False,False,False,False,-198879.0,-216323.43018050643,False,False,False,False,10004.978419700266,False,False,False,False
2025-09-22 16:00:00+00:00,77.42,77.565,77.385,77.495,14705.0,,,,,,,,,,,,,,,,,,,77.30670132661267,77.73366870227633,,78.38349959241755,80.14975083496401,82.74937106457908,85.59623537425469,"rgba(239, 83, 80, 1.0)",0.0,0.0,0.9453613256492925,79.97566022594411,-2.6240339631413847,0.0,0.0,0.0,0.0,0.0,0.0,0.0,0.0,49.593707652460594,-5.8403124424825705,True,False,False,False,True,0.0,0,0.8917594199938726,1.0295108751148778,False,False,False,False,-0.2804256355353689,-0.28518895416532863,False,False,False,False,-184174.0,-215824.9894025141,False,False,False,False,10077.84697133282,False,False,False,False
2025-09-22 17:00:00+00:00,77.495,77.76,77.375,77.74,13592.0,,,,,,,,,,,,,,,,,,,77.36197698931876,77.72889878165093,,78.36664941800755,80.13153552074417,82.72576887078895,85.5774848074793,"rgba(239, 83, 80, 1.0)",0.0,0.0,0.9478528224204028,79.96104738987695,-2.3432407831053044,0.0,0.0,0.0,0.0,0.0,0.0,0.0,0.0,53.45394732522527,-2.1611826806459646,True,False,True,False,True,0.0,0,0.8749230453519388,1.0332444079622407,False,False,False,False,-0.2668575521519389,-0.27602325315863374,False,False,False,False,-170582.0,-215123.54770635106,False,False,False,False,10132.329964025334,False,False,False,False
2025-09-22 18:00:00+00:00,77.74,77.81,77.645,77.79,9265.0,,,,,,,,,,,,,,,,,,,77.40287118382021,77.7294633799387,,78.3574259459024,80.11987251458773,82.71019064012283,85.56495138395007,"rgba(239, 83, 80, 1.0)",0.0,0.0,0.9496226989007898,79.68213804801447,-1.9925156066768968,0.0,0.0,0.0,0.0,0.0,0.0,0.0,0.0,56.49473655796036,0.6842224860564983,True,False,True,False,True,0.0,0,0.8801571709233783,1.0301933615965255,False,False,False,False,-0.24453762265335457,-0.26028043790599414,False,False,False,False,-161317.0,-214289.33766439214,False,False,False,False,10118.882987838895,False,False,False,False
2025-09-22 19:00:00+00:00,77.79,77.79,77.56,77.59,19559.0,,,,,,,,,,,,,,,,,,,77.44739734682953,77.7246789599324,,78.33572681931155,80.09458260140514,82.67695480685768,85.53828143894953,"rgba(239, 83, 80, 1.0)",0.0,0.0,0.953304083528978,79.66001548193974,-2.171411533533844,0.0,0.0,0.0,0.0,0.0,0.0,0.0,0.0,55.606448721698904,0.6842224860564983,True,False,True,False,True,0.0,0,0.8760630574569584,1.029247044181705,False,False,False,False,-0.25183403184968806,-0.2560572348778411,False,False,False,False,-180876.0,-213771.30142153334,False,False,False,False,10265.241391128215,False,False,False,False
2025-09-23 14:00:00+00:00,77.45,77.475,76.39,76.455,7080.0,,,,,,,,,,,,,,,,,,76.77333333333333,77.40559749033622,77.70518721893286,,78.3186493453896,80.08233444853272,82.6629612482647,85.52760816162093,"rgba(239, 83, 80, 1.0)",0.0,0.0,0.9777909926065861,79.63687640071159,-3.2541477931079843,0.0,0.0,0.0,0.0,0.0,0.0,0.0,0.0,46.55293347339426,3.0067049440698312,True,False,False,True,False,0.0,0,0.8552243361481328,1.0310306236646656,False,False,False,False,-0.34282825441539394,-0.2994427446466175,False,False,False,False,-187956.0,-213371.06419019174,False,False,False,False,10215.857803668863,False,False,False,False
2025-09-23 15:00:00+00:00,76.41,76.68,76.2,76.46,11879.0,,,,,,,,,,,,,,,,,,76.56865622307787,77.3152282012836,77.66336176258567,,78.28493698120224,80.05997706269642,82.63833693588671,85.509092487254,"rgba(239, 83, 80, 1.0)",0.0,0.0,0.999692957365588,79.59607601351273,-3.137039218298575,0.0,0.0,0.0,0.0,0.0,0.0,0.0,0.0,40.57286785005459,-2.209950815275967,False,False,False,True,False,0.0,0,0.8577393075356411,1.0460285132382887,False,False,False,False,-0.34282825441539394,-0.32113549953100573,False,False,False,False,-176077.0,-212792.86164460736,False,False,False,False,10241.642953999577,False,False,False,False
2025-09-23 16:00:00+00:00,76.46,76.62,76.205,76.23,12482.0,,,,,,,,,,,,,,,,,,76.48251190059689,77.22841007798382,77.61910186193914,,78.24903297872338,80.03616922307768,82.61227818603892,85.48951500233278,"rgba(239, 83, 80, 1.0)",0.0,0.0,1.0251184286657502,79.55757569141853,-3.246040260684377,0.0,0.0,0.0,0.0,0.0,0.0,0.0,0.0,35.559266952592026,-6.5222965634229695,False,True,False,True,False,0.0,0,0.8531004188374702,1.052610072530391,False,False,False,False,-0.34282825441539394,-0.3319818769731998,False,False,False,False,-188559.0,-212417.14285941966,False,False,False,False,10276.377171767026,False,False,False,False
2025-09-23 17:00:00+00:00,76.235,76.24,75.85,75.85,14249.0,,,,,,,,,,,,,,,,,,76.32579725687604,77.11197885440257,77.55830668266661,,78.20192654902971,80.00665788844826,82.58104288780262,85.46636327235392,"rgba(239, 83, 80, 1.0)",0.0,0.0,1.0393785738686177,79.50936789744183,-3.5207267009762324,0.0,0.0,0.0,0.0,0.0,0.0,0.0,0.0,30.79769885792448,-10.675642012421207,False,True,False,True,False,0.0,0,0.8554599467322265,1.0495800040975207,False,False,False,False,-0.34282825441539394,-0.33740506569429685,False,False,False,False,-202808.0,-212268.1639003589,False,False,False,False,10337.968223367536,False,False,False,False
2025-09-23 18:00:00+00:00,75.83,75.91,75.52,75.535,20919.0,,,,,,,,,,,,,,,,,,76.11512891150846,76.93651330926899,77.46001848162658,,78.12659561863394,79.96066721398022,82.53348394584432,85.43142016902577,"rgba(239, 83, 80, 1.0)",0.0,0.0,1.0536958678761728,79.43639549794143,-3.7025821367270626,0.0,0.0,0.0,0.0,0.0,0.0,0.0,0.0,26.668953041556886,-14.343317119109848,False,True,False,True,False,0.0,0,0.8504548706940608,1.0498824491464784,False,False,False,False,-0.34282825441539394,-0.3401166600548454,False,False,False,False,-223727.0,-212445.8202739967,False,False,False,False,10502.015227656411,False,False,False,False
2025-09-23 19:00:00+00:00,75.535,75.565,75.145,75.2,43104.0,,,,,,,,,,,,,,,,,,75.7961909861791,76.61181328075152,77.25260298994552,,77.96441752890564,79.86140748758075,82.43261226246433,85.35763641578401,"rgba(239, 83, 80, 1.0)",0.0,0.0,1.0740547992114025,79.28922014256598,-3.8072732839780468,0.0,0.0,0.0,0.0,0.0,0.0,0.0,0.0,23.06533248398627,-17.65099956030221,False,True,False,True,False,0.0,0,0.8402933387655322,1.0589733143206355,False,False,False,False,-0.34282825441539394,-0.34147245723511965,False,False,False,False,-266831.0,-213289.00135502,False,False,False,False,11007.472355909798,False,False,False,False
2025-09-24 14:00:00+00:00,75.03,75.33,74.975,75.2,26912.0,,,,,,,,,,,,,,,,,,75.672517389448,76.45241967117599,77.13454045403489,,77.86760836022182,79.79977911704393,82.36988212606275,85.31150090561238,"rgba(239, 83, 80, 1.0)",0.0,0.0,1.0996642894751474,79.20525487909171,-3.6422523832281164,0.0,0.0,0.0,0.0,0.0,0.0,0.0,0.0,20.662918778939193,-19.995118218590953,False,True,False,True,False,0.0,0,0.8428018733455503,1.0596619833027894,False,False,False,False,-0.34282825441539394,-0.34215035582525677,False,False,False,False,-266831.0,-214119.10986114372,False,False,False,False,11254.054179849181,False,False,False,False
2025-09-24 15:00:00+00:00,75.2,75.29,75.025,75.11,14377.0,,,,,,,,,,,,,,,,,,75.6219747420564,76.37940481633306,77.07600579186077,,77.81810375695319,79.76732876060724,82.33668976002839,85.28696072329892,"rgba(239, 83, 80, 1.0)",0.0,0.0,1.1267686317726797,79.16295176759972,-3.59696893693557,0.0,0.0,0.0,0.0,0.0,0.0,0.0,0.0,18.82327130297798,-21.98717063712951,False,True,False,True,False,0.0,0,0.8500153358552293,1.0566404253143846,False,False,False,False,-0.3422476853955252,-0.342199020610391,False,False,False,False,-281208.0,-215159.24769275388,False,False,False,False,11302.471944502682,False,False,False,False
2025-09-24 16:00:00+00:00,75.175,75.345,75.0,75.03,11011.0,,,,,,,,,,,,,,,,,,75.58819850876164,76.3280781912884,77.03308289259948,,77.78115994245884,79.7426914723197,82.31141552983759,85.26821517968868,"rgba(239, 83, 80, 1.0)",0.0,0.0,1.1474916710514533,79.13155791577243,-3.5743683542505806,0.0,0.0,0.0,0.0,0.0,0.0,0.0,0.0,17.379315992762596,-23.75185190196855,False,True,False,True,False,0.0,0,0.8481885549608889,1.0649444215726633,False,False,False,False,-0.3405073084214609,-0.3413531645159259,False,False,False,False,-292219.0,-216353.97253472666,False,False,False,False,11297.952999626672,False,False,False,False
2025-09-24 17:00:00+00:00,75.02,75.145,74.94,75.04,14385.0,,,,,,,,,,,,,,,,,,75.54362963298904,76.26280241513516,76.97744518097562,,77.7329287777148,79.71032227319445,82.27828262370164,85.2436292092292,"rgba(239, 83, 80, 1.0)",0.0,0.0,1.1796826684305888,79.09064875322555,-3.4336765823765094,0.0,0.0,0.0,0.0,0.0,0.0,0.0,0.0,16.5883573126266,-25.023732609260843,False,True,False,True,False,0.0,0,0.8482787054215618,1.064110492681921,False,False,False,False,-0.34282825441539394,-0.3420907094656599,False,False,False,False,-277834.0,-217307.1512551185,False,False,False,False,11345.81419343091,False,False,False,False
2025-09-24 18:00:00+00:00,75.0,75.065,74.84,74.91,10034.0,,,,,,,,,,,,,,,,,,75.5110518401705,76.21752597175472,76.93846621643075,,77.69902565134912,79.68751243576085,82.2550221296002,85.2263765801955,"rgba(239, 83, 80, 1.0)",0.0,0.0,1.2074710486511238,79.06191425877145,-3.438520752451659,0.0,0.0,0.0,0.0,0.0,0.0,0.0,0.0,15.65608937979145,-26.50608024931701,False,True,False,True,False,0.0,0,0.842479151652424,1.0674353958612166,False,False,False,False,-0.34282825441539394,-0.3424594819405269,False,False,False,False,-287868.0,-218401.11790232596,False,False,False,False,11325.475988881593,False,False,False,False
2025-09-24 19:00:00+00:00,74.865,75.07,74.745,74.98,40211.0,,,,,,,,,,,,,,,,,,75.4082573253972,76.06259559730525,76.79567305055025,,77.57072170170635,79.59812410089623,82.1631833621656,85.15776843063855,"rgba(239, 83, 80, 1.0)",0.0,0.0,1.2277473219208388,78.95352225537374,-3.2364332500901494,0.0,0.0,0.0,0.0,0.0,0.0,0.0,0.0,16.377964128585447,-26.50608024931701,False,True,False,True,False,0.0,0,0.8374252114710126,1.0754074685372392,False,False,False,False,-0.34282825441539394,-0.34264386817796044,False,False,False,False,-247657.0,-218854.69746973173,False,False,False,False,11773.31357044932,False,False,False,False
2025-09-25 14:00:00+00:00,73.9,73.97,73.41,73.48,7629.0,,,,,,,,,,,,,,,,,73.62000000000002,75.35002324221418,76.00800705893612,76.75337325185508,,77.53627320706813,79.5768821288466,82.14290530531196,85.14319850359487,"rgba(239, 83, 80, 1.0)",0.0,0.0,1.296672189014272,78.92416586626743,-4.198567619782199,0.0,0.0,0.0,0.0,0.0,0.0,0.0,0.0,13.711596429597869,-29.446852448571835,False,True,False,True,False,0.0,0,0.8225273073454249,1.0731536226074752,False,False,False,False,-0.34282825441539394,-0.3427360612966772,False,False,False,False,-255286.0,-219419.52386554983,False,False,False,False,11709.060646876462,False,False,False,False
2025-09-25 15:00:00+00:00,73.48,73.975,73.315,73.83,11214.0,,,,,,,,,,,,,,,,,73.67157777423978,75.27495337819671,75.93481125216738,76.69486661849018,,77.48781024926319,79.54638110245898,82.11357370283402,85.12200916298956,"rgba(239, 83, 80, 1.0)",0.0,0.0,1.3430431358903399,78.88301353517478,-3.76236131226344,0.0,0.0,0.0,0.0,0.0,0.0,0.0,0.0,15.66309210968547,-29.446852448571835,False,True,False,True,False,0.0,0,0.824197727725732,1.074845525214271,False,False,False,False,-0.34282825441539394,-0.3427821578560356,False,False,False,False,-244072.0,-219801.7327978669,False,False,False,False,11701.385288010159,False,False,False,False
2025-09-25 16:00:00+00:00,73.83,73.88,73.635,73.7,7698.0,,,,,,,,,,,,,,,,,73.69093967823368,75.22823280697042,75.88787921389898,76.65639973498382,,77.45551881407957,79.52573863234129,82.09363181549745,85.10754907414206,"rgba(239, 83, 80, 1.0)",0.0,0.0,1.3837610713920199,78.85566403371283,-3.7258339899144506,0.0,0.0,0.0,0.0,0.0,0.0,0.0,0.0,16.647478662059786,-29.446852448571835,False,True,False,True,True,0.0,0,0.8303982389433657,1.0777466479887927,False,False,False,False,-0.33229718416895276,-0.33753967101249416,False,False,False,False,-251770.0,-220297.36484751236,False,False,False,False,11639.31729904876,False,False,False,False
2025-09-25 17:00:00+00:00,73.71,73.89,73.36,73.36,6505.0,,,,,,,,,,,,,,,,,73.66057152655894,75.1858604394744,75.84617956855271,76.62247298274005,,77.42720516955666,79.50780542200147,82.07644936141442,85.09514231366433,"rgba(239, 83, 80, 1.0)",0.0,0.0,1.4471678709963587,78.83170506414169,-3.780974670460643,0.0,0.0,0.0,0.0,0.0,0.0,0.0,0.0,16.528170336460192,-29.446852448571835,False,True,False,True,True,0.0,0,0.8231434536236203,1.075156576200417,False,False,False,False,-0.34282825441539394,-0.340183962713944,False,False,False,False,-258275.0,-220886.16539251216,False,False,False,False,11559.715480458855,False,False,False,False
2025-09-25 18:00:00+00:00,73.36,73.565,73.215,73.4,4954.0,,,,,,,,,,,,,,,,,73.62573210526315,75.15230512426174,75.81349122807018,76.59594902183807,,77.40513098759676,79.49389382622721,82.0631911144755,85.08559460561307,"rgba(239, 83, 80, 1.0)",0.0,0.0,1.5063243193124907,78.37954991249676,-3.3057621447481464,0.0,0.0,0.0,0.0,0.0,0.0,0.0,0.0,16.902692836660073,-29.446852448571835,False,True,False,True,True,0.0,0,0.8215243963032891,1.0828778694226369,True,False,False,False,-0.34282825441539394,-0.341506108564669,False,False,False,False,-253321.0,-221389.03104534143,False,False,False,False,11457.30128696337,False,False,False,False
2025-09-25 19:00:00+00:00,73.38,73.49,73.22,73.24,15913.0,,,,,,,,,,,,,,,,,73.5345081272915,75.04818860286954,75.71099626035304,76.51165119632631,,77.33450715630987,79.44907657460496,82.0205019921916,85.05483063706312,"rgba(239, 83, 80, 1.0)",0.0,0.0,1.5612332703095992,78.31916725416532,-3.2533045194188737,0.0,0.0,0.0,0.0,0.0,0.0,0.0,0.0,16.750913395945656,-29.446852448571835,False,True,False,True,True,0.0,0,0.8212334889264074,1.0830271129208457,False,False,False,False,-0.34282825441539394,-0.34216718149003145,False,False,False,False,-269234.0,-222130.81350975475,True,False,False,False,11526.381887165488,False,False,False,False
2025-09-26 14:00:00+00:00,73.62,73.815,73.5,73.67,26128.0,,,,,,,,,,73.66166666666666,,,,,,,73.57601683303973,74.93006361053506,75.58159077616875,76.396231509812,,77.23320912981535,79.3809452234197,81.95404891003388,85.00614017399619,"rgba(239, 83, 80, 1.0)",0.0,0.0,1.5941191275403712,78.24626838353984,-2.8707191981321647,0.0,0.0,0.0,0.0,0.0,0.0,0.0,0.0,21.412561356218326,-33.19818164827647,False,True,False,True,True,0.0,0,0.828049382716049,1.0670617283950614,False,False,False,False,-0.3153692104931446,-0.328768195991588,False,False,False,False,-243106.0,-222456.01019952598,False,False,False,False,11752.763563333465,False,False,False,False
2025-09-26 15:00:00+00:00,73.66,73.855,73.635,73.695,21646.0,,,,,,,,,,73.69187277598694,,,,,,,73.60844027915728,74.85083645011625,75.48946035876308,76.30962588431251,,77.15491459655372,79.3263482838231,81.90022645248989,84.9663513806233,"rgba(239, 83, 80, 1.0)",0.0,0.0,1.6297799414813456,78.18629477908429,-2.7557676130202307,0.0,0.0,0.0,0.0,0.0,0.0,0.0,0.0,24.775718505872625,-29.958673051907795,False,True,False,True,True,0.0,0,0.8264519952587907,1.0691426313709993,False,False,False,False,-0.3027035029458797,-0.3157358494687339,False,False,False,False,-221460.0,-222440.56818092868,False,False,False,False,11906.147073979457,False,False,False,False
2025-09-26 16:00:00+00:00,73.695,74.0,73.695,73.995,11802.0,,,,,,,,,,73.73244242648046,,,,,,,73.63841364948732,74.81772838682238,75.44742739283522,76.26766106698496,,77.11570762782283,79.2979043032765,81.87177500392578,84.94509865087795,"rgba(239, 83, 80, 1.0)",0.0,0.0,1.6540345105708776,78.15686564621691,-2.5161903331632867,0.0,0.0,0.0,0.0,0.0,0.0,0.0,0.0,29.984460351620434,-25.160564802526356,False,True,False,True,True,0.0,0,0.8425840744148007,1.0660329142389857,False,False,False,False,-0.2923176941268031,-0.3040267717977685,False,False,False,False,-209658.0,-222242.38882928636,False,False,False,False,11904.532390661945,False,False,False,False
2025-09-26 17:00:00+00:00,73.98,74.21,73.95,74.05,7263.0,,,,,,,,,,73.76912281751673,,,,,,,73.6643727364074,74.80209560202843,75.42541520072815,76.24438910216126,,77.09331920117725,79.28110442178419,81.85474455917105,84.9322647026231,"rgba(239, 83, 80, 1.0)",0.0,0.0,1.6661006615483036,78.14055015952425,-2.4551638769070028,0.0,0.0,0.0,0.0,0.0,0.0,0.0,0.0,33.975429873886355,-21.62569672799563,False,False,False,True,True,0.0,0,0.8503227128367992,1.0476385616227846,False,False,False,False,-0.268981377361309,-0.28650407457953875,False,False,False,False,-202395.0,-221934.67737456874,False,False,False,False,11832.570648171062,False,False,False,False
2025-09-26 18:00:00+00:00,74.025,74.09,73.84,73.84,4202.0,,,,,,,,,,73.77824420639725,,,,,,,73.67308116053374,74.79159335356483,75.41165479224485,76.23025574514845,,77.07989496326215,79.27116191100356,81.84474053088807,84.924753390138,"rgba(239, 83, 80, 1.0)",0.0,0.0,1.6874654137255085,78.13025130388739,-2.542423251458273,0.0,0.0,0.0,0.0,0.0,0.0,0.0,0.0,35.22624487524759,-20.567823089245767,False,False,False,True,True,0.0,0,0.8494236311239188,1.0504322766570602,False,False,False,False,-0.280486849585069,-0.28349546208230386,False,False,False,False,-206597.0,-221696.883926901,False,False,False,False,11714.267227269185,False,False,False,False
2025-09-26 19:00:00+00:00,73.84,73.945,73.68,73.92,17336.0,,,,,,,,,,73.79199286390502,,,,,,,73.69443312952421,74.7472699785598,75.35472135216988,76.17188372812973,,77.02440487180297,79.22995990835443,81.80334455834027,84.8936618558813,"rgba(239, 83, 80, 1.0)",0.0,0.0,1.7113098428910107,78.08652751369058,-2.434700840995477,0.0,0.0,0.0,0.0,0.0,0.0,0.0,0.0,36.919743353588565,-18.935394212230428,False,False,False,True,True,0.0,0,0.8433487416538261,1.0501284026707756,False,False,False,False,-0.29585707407685385,-0.28967626807957886,False,False,False,False,-189261.0,-221194.00200555372,False,False,False,False,11801.425874908424,False,False,False,False
2025-09-29 14:00:00+00:00,73.885,74.305,73.885,74.23,4836.0,,,,,,,,,,73.81004788316366,,,,,,,73.70907881679649,74.7394128325249,75.34250494772223,76.158087685873,,77.01065428333338,79.21919464398303,81.79229379652394,84.88524797087332,"rgba(239, 83, 80, 1.0)",0.0,0.0,1.734401036367377,78.076243761015,-2.2176207695717074,0.0,0.0,0.0,0.0,0.0,0.0,0.0,0.0,41.091621674095364,-14.98558276598996,True,False,False,True,True,0.0,0,0.8484693355175588,1.0440258011671952,False,False,False,False,-0.26748583785975183,-0.27858105296966534,False,False,False,False,-184425.0,-220623.93995895598,False,False,False,False,11693.434776072634,False,False,False,False
2025-09-29 15:00:00+00:00,74.225,74.31,73.93,73.98,7452.0,,,,,,,,,,73.82953830361431,,,,,,,73.72663904307211,74.7263924993639,75.32313649578582,76.13650145408008,,76.98923404248377,79.20247827826229,81.77517964912475,84.87222811850114,"rgba(239, 83, 80, 1.0)",0.0,0.0,1.7590755659846227,78.05983882645243,-2.3193084511800306,0.0,0.0,0.0,0.0,0.0,0.0,0.0,0.0,41.86515751719584,-14.188435129126567,True,False,False,True,True,0.0,0,0.8496524938675385,1.0445625511038428,False,False,False,False,-0.26499586335094916,-0.2717884581603073,False,False,False,False,-191877.0,-220178.25096734424,False,False,False,False,11627.676097373833,False,False,False,False
2025-09-29 16:00:00+00:00,73.98,74.145,73.945,74.115,14568.0,,,,,,,,,,73.8597272771978,,,,,,,73.7560680713703,74.70217099262487,75.28678600238756,76.09546859657314,,76.94817874445542,79.17007941943227,81.74191967383469,84.84685407383284,"rgba(239, 83, 80, 1.0)",0.0,0.0,1.779215544826491,78.02797623520101,-2.199270485568182,0.0,0.0,0.0,0.0,0.0,0.0,0.0,0.0,43.68078468118297,-12.297115427676992,True,False,False,True,True,0.0,0,0.8453300381011218,1.05993203583565,False,False,False,False,-0.2724755566799509,-0.2721320074201291,False,False,False,False,-177309.0,-219513.61141746293,False,False,False,False,11673.262514468812,False,False,False,False
2025-09-29 17:00:00+00:00,74.11,74.28,74.06,74.26,6315.0,,,,,,,,,,73.87740607277236,,,,,,,73.77204558277909,74.69428445128624,75.27330778652357,76.0793057892306,,76.93153570210424,79.15652090983181,81.72783687922299,84.83602572706485,"rgba(239, 83, 80, 1.0)",0.0,0.0,1.79044083353113,78.01523342422715,-2.097379234152644,0.0,0.0,0.0,0.0,0.0,0.0,0.0,0.0,46.241282951206145,-9.705107756325766,True,False,False,True,True,0.0,0,0.8484345842836406,1.057951482479784,False,False,False,False,-0.2600254984147298,-0.26607875291742944,False,False,False,False,-170994.0,-218761.36937998288,False,False,False,False,11590.188677035185,False,False,False,False
2025-09-29 18:00:00+00:00,74.265,74.3,74.11,74.115,10197.0,,,,,,,,,,73.9004397004314,,,,,,,73.7941772775749,74.6814415439206,75.25174522310978,76.05344171187524,,76.90484105600717,79.13467345890156,81.70513255246964,84.81854633703533,"rgba(239, 83, 80, 1.0)",0.0,0.0,1.7974162938313987,77.99450693679191,-2.158379753263669,0.0,0.0,0.0,0.0,0.0,0.0,0.0,0.0,46.58551124291665,-9.137280648635084,True,False,False,True,True,0.0,0,0.8445854571933835,1.0581504213044832,False,False,False,False,-0.2565537180866264,-0.2613162355020279,False,False,False,False,-181191.0,-218178.8830330064,False,False,False,False,11568.588852585028,False,False,False,False
2025-09-29 19:00:00+00:00,74.12,74.17,74.02,74.11,14688.0,,,,,,,,,,73.92045664797782,,,,,,,73.81659811026924,74.66144052891293,75.22007056357866,76.01595851290777,,76.86625389485421,79.10306775667146,81.67234423614069,84.79329240722443,"rgba(239, 83, 80, 1.0)",0.0,0.0,1.7958339476590905,77.96384726625992,-2.145993103250718,0.0,0.0,0.0,0.0,0.0,0.0,0.0,0.0,46.76648846931366,-8.6023862269884,True,False,False,True,True,0.0,0,0.8366006256517202,1.0648592283628777,False,False,False,False,-0.26748583785975183,-0.2644010366808899,False,False,False,False,-195879.0,-217833.14841233962,False,False,False,False,11616.95181611084,False,False,False,False
2025-09-30 14:00:00+00:00,74.105,74.36,74.06,74.27,6309.0,,,,,,,,,,73.93324231929225,,,,,,,73.82921891558395,74.65515857446839,75.20851158731037,76.00135892409193,,76.85076712413375,79.08996312034304,81.65858746750554,84.782612906479,"rgba(239, 83, 80, 1.0)",0.0,0.0,1.7852869656015564,77.95167968732228,-2.0622341160048387,0.0,0.0,0.0,0.0,0.0,0.0,0.0,0.0,48.64536701766296,-6.470133540662147,True,False,False,False,True,0.0,0,0.8391571920308748,1.0602899760091788,False,False,False,False,-0.2560582449987707,-0.2602296408398303,False,False,False,False,-189570.0,-217394.9600648615,False,False,False,False,11534.65798950447,False,False,False,False
2025-09-30 15:00:00+00:00,74.27,74.325,74.145,74.28,4873.0,,,,,,,,,,73.94303555076189,,,,,,,73.83891250803677,74.65065271321015,75.19994539638056,75.99037021228376,,76.83901964010391,79.07993084784567,81.6480251706817,84.77439455608356,"rgba(239, 83, 80, 1.0)",0.0,0.0,1.7693865888771063,77.94243021789639,-2.06988695456353,0.0,0.0,0.0,0.0,0.0,0.0,0.0,0.0,50.00846945373799,-4.8765618775563695,True,False,False,False,True,0.0,0,0.8440961337513055,1.0567398119122255,False,False,False,False,-0.25358271898859785,-0.25690617991421405,False,False,False,False,-184697.0,-216888.0149475768,False,False,False,False,11431.376470287347,False,False,False,False
2025-09-30 16:00:00+00:00,74.29,74.615,74.22,74.51,14238.0,,,,,,,,,,73.98489941015481,,,,,,,73.87734581380722,74.64428541430432,75.18081861635038,75.96260958265842,,76.80787922465328,79.05204920516466,81.61815868594235,84.7509065140337,"rgba(239, 83, 80, 1.0)",0.0,0.0,1.7393148697730023,77.91842671091521,-1.9596375389811054,0.0,0.0,0.0,0.0,0.0,0.0,0.0,0.0,53.32324131436811,-1.5503656444378038,True,False,True,False,True,0.0,0,0.8456834905171517,1.0460151311016683,False,False,False,False,-0.23560119997072954,-0.2462536899424718,False,False,False,False,-170459.0,-216168.18525846707,False,False,False,False,11474.890013383667,False,False,False,False
2025-09-30 17:00:00+00:00,74.51,74.51,74.36,74.405,4694.0,,,,,,,,,,73.99660072577463,,,,,,,73.88850041221905,74.64203356792672,75.17453034264156,75.95353754677396,,76.79769009888602,79.04288436921068,81.6083346397269,84.74316886818768,"rgba(239, 83, 80, 1.0)",0.0,0.0,1.7337442478965506,77.91045350818489,-2.0218977005621475,0.0,0.0,0.0,0.0,0.0,0.0,0.0,0.0,54.07967268701449,-0.6673215323112274,True,False,True,False,True,0.0,0,0.8490546544064467,1.0480421531149906,False,False,False,False,-0.2338849518040662,-0.240069320873269,False,False,False,False,-175153.0,-215532.29091337454,False,False,False,False,11369.759935656788,False,False,False,False
2025-09-30 18:00:00+00:00,74.415,74.6,74.405,74.51,12287.0,,,,,,,,,,74.0296811132176,,,,,,,73.91970545465031,74.63844650503847,75.16026013243545,75.93150649611073,,76.77231258560056,79.0194781694041,81.5830308262038,84.72312623879255,"rgba(239, 83, 80, 1.0)",0.0,0.0,1.7246683974255272,77.89065027528034,-1.9601740719124592,0.0,0.0,0.0,0.0,0.0,0.0,0.0,0.0,55.7034873502986,1.0650235866848305,True,False,True,False,True,0.0,0,0.8505865404404196,1.0459971187487134,False,False,False,False,-0.22727769976453285,-0.23367351031890093,False,False,False,False,-162866.0,-214715.7592713067,False,False,False,False,11383.980711848155,False,False,False,False
2025-09-30 19:00:00+00:00,74.515,74.59,74.435,74.495,16563.0,,,,,,,,,,74.06814473109799,,,,,,,73.95719663722957,74.63395498124306,75.14200609003812,75.90288115075728,,76.73900396350591,78.98831736710592,81.54921293241314,84.69623682002003,"rgba(239, 83, 80, 1.0)",0.0,0.0,1.7126632440105205,77.86424680624896,-1.9672558619050131,0.0,0.0,0.0,0.0,0.0,0.0,0.0,0.0,56.550048867182824,2.081926994080824,True,False,True,False,True,0.0,0,0.8516770950866753,1.0460560057441783,False,False,False,False,-0.22630051790657293,-0.22998701411273692,False,False,False,False,-179429.0,-214168.6777322167,False,False,False,False,11464.27558453268,False,False,False,False
2025-10-01 14:00:00+00:00,74.72,74.825,74.0,74.15,12677.0,,,,,,,,,,74.08307614999191,,,,,,,73.97433952725682,74.62610021458799,75.12490717964126,75.87898602689256,,76.71214306320286,78.96380164284493,81.52288487802595,84.67538638861264,"rgba(239, 83, 80, 1.0)",0.0,0.0,1.7033050331732384,77.84219834419989,-2.167667136708541,0.0,0.0,0.0,0.0,0.0,0.0,0.0,0.0,52.51188761020842,2.081926994080824,True,False,True,False,False,0.0,0,0.8453701835787771,1.0405487189832554,False,False,False,False,-0.2360918065866396,-0.23303941034968828,False,False,False,False,-192106.0,-213826.62071311256,False,False,False,False,11483.077513454653,False,False,False,False
2025-10-01 15:00:00+00:00,74.155,74.46,74.135,74.365,15729.0,,,,,,,,,,74.09901510388377,,,,,,,73.99323626423279,74.6167397284776,75.10453488153797,75.85023341506053,,76.67956693171304,78.93370733085712,81.49046137374171,84.64962000539964,"rgba(239, 83, 80, 1.0)",0.0,0.0,1.6849838745978865,77.81519091304179,-2.0476106418912563,0.0,0.0,0.0,0.0,0.0,0.0,0.0,0.0,52.45942713747897,2.081926994080824,True,False,True,False,False,0.0,1,0.8490830744563581,1.047599959915823,False,False,False,False,-0.24740712292446593,-0.2402232666370771,False,False,False,False,-176377.0,-213246.00643849064,False,False,False,False,11548.905769060006,False,False,False,False
2025-10-01 16:00:00+00:00,74.37,74.525,74.37,74.4,12650.0,,,,,,,,,,74.11608952484518,,,,,,,74.01170088603016,74.61229734849566,75.09111149485649,75.82949957461327,,76.6552141718936,78.91036458497709,81.46499869968744,84.62921332947062,"rgba(239, 83, 80, 1.0)",0.0,0.0,1.6735119166388932,77.79501828261107,-2.0286788811337946,0.0,0.0,0.0,0.0,0.0,0.0,0.0,0.0,52.82843631899739,2.081926994080824,True,False,True,False,False,0.0,1,0.8669135040625316,1.047413349789159,False,False,False,False,-0.2326598887969206,-0.23644157771699886,False,False,False,False,-163727.0,-212478.26990456056,False,False,False,False,11565.976997446673,False,False,False,False
2025-10-01 17:00:00+00:00,74.4,74.64,74.365,74.595,13486.0,,,,,,,,,,74.13773671899948,,,,,,,74.03411506591218,74.61032710139165,75.0794957640183,75.8096126179833,,76.63098728446924,78.88630318911515,81.43844428394841,84.60776361683712,"rgba(239, 83, 80, 1.0)",0.0,0.0,1.6601771396849132,77.77494040774538,-1.9154223556824193,0.0,0.0,0.0,0.0,0.0,0.0,0.0,0.0,55.202806473530444,2.081926994080824,True,False,True,False,True,0.0,1,0.8708281829419029,1.0310053564070865,False,False,False,False,-0.22727769976453285,-0.23185963874076587,False,False,False,False,-150241.0,-211513.35099131157,False,False,False,False,11595.744795935872,False,False,False,False
2025-10-01 18:00:00+00:00,74.6,74.87,74.525,74.81,26275.0,,,,,,,,,,74.19256664593627,,,,,,,74.0882588170497,74.61610683640043,75.06606330128918,75.77842177686848,,76.58972848921137,78.84231272831983,81.3887819307264,84.56706481716382,"rgba(38, 166, 154, 1.0)",0.0,0.0,1.6478730134527089,77.74080051456049,-1.778535415432117,0.0,0.0,0.0,0.0,0.0,0.0,0.0,0.0,58.730902581099656,4.384626824498028,True,False,True,False,True,0.0,0,0.8758365077730871,1.0239884690620813,False,False,False,False,-0.2082970414715928,-0.22007834010617933,False,False,False,False,-123966.0,-210156.02772012845,False,False,False,False,11823.330147936866,False,False,False,False
2025-10-01 19:00:00+00:00,74.81,75.055,74.78,75.035,39654.0,,,,,,,,,,74.2855479212442,,,,,,,74.17893171766536,74.63837600699622,75.0599835299185,75.74393579087211,,76.53780136526598,78.78114940972854,81.31766081452274,84.5076444984973,"rgba(38, 166, 154, 1.0)",0.0,0.0,1.6337580152058917,77.69723598441423,-1.6295167091062346,0.0,0.0,0.0,0.0,0.0,0.0,0.0,0.0,62.752903677972924,8.087576080959927,True,False,True,False,True,0.0,0,0.8798477522888586,1.019751054418269,False,False,False,False,-0.1870584593919166,-0.20356839974904795,False,False,False,False,-84312.0,-208204.95752291716,False,False,False,False,12254.813401457222,False,False,False,False
2025-10-02 14:00:00+00:00,75.42,75.53,74.72,74.89,10509.0,,,,,,,,,,74.3093265889166,,,,,,,74.20229646331362,74.6453309381516,75.0597902397477,75.7362662107372,,76.52534077824922,78.76563537652254,81.299338313353,84.49216727812521,"rgba(38, 166, 154, 1.0)",0.0,0.0,1.6197993702916542,77.68655587812925,-1.726482877707082,0.0,0.0,0.0,0.0,0.0,0.0,0.0,0.0,63.169365761304554,8.444811881975639,True,False,True,False,True,0.0,0,0.8817423163036835,1.0090576022796658,False,False,False,False,-0.16717867139870854,-0.18537353557387826,False,False,False,False,-94821.0,-206447.06670860836,False,False,False,False,12227.746527016025,False,False,False,False
2025-10-02 15:00:00+00:00,74.885,75.32,74.78,75.3,17011.0,,,,,,,,,,74.34899171260295,,,,,,,74.24118138673856,74.65842579943973,75.06147847293069,75.72571884428775,,76.50676288486166,78.74137296239574,81.27031336036325,84.46745011497963,"rgba(38, 166, 154, 1.0)",0.0,0.0,1.6063207077708532,77.67047312875296,-1.4757159745780468,0.0,0.0,0.0,0.0,0.0,0.0,0.0,0.0,66.25350114683391,11.371611063443027,True,False,True,False,True,0.0,0,0.8826985413290107,1.0145867098865475,False,False,False,False,-0.17434824037579388,-0.17986088797483607,False,False,False,False,-77810.0,-204452.6935813431,False,False,False,False,12301.905495589419,False,False,False,False
2025-10-02 16:00:00+00:00,75.285,75.71,75.26,75.61,24343.0,,,,,,,,,,74.42488736693574,,,,,,,74.31367762940448,74.69053274888716,75.07627385691707,75.72085759097344,,76.48839531435486,78.7109356669647,81.2318821589608,84.43378667905682,"rgba(38, 166, 154, 1.0)",0.0,0.0,1.5946638212174815,77.65456186003732,-1.2821271999990276,0.0,0.0,0.0,0.0,0.0,0.0,0.0,0.0,69.83499723244009,14.68953797322456,True,False,True,False,True,0.0,0,0.8988923889848586,1.0058937099888219,False,False,False,False,-0.13298742010627335,-0.1564241540405547,False,False,False,False,-53467.0,-202111.83011496568,False,False,False,False,12488.589131316714,False,False,False,False
2025-10-02 17:00:00+00:00,75.615,75.615,75.385,75.445,18478.0,,,,,,,,,,74.47417238544978,,,,,,,74.36162485577985,74.7121334116471,75.08583025347735,75.7165041801158,,76.47427508278781,78.68789262827627,81.20282447242737,84.40827434595099,"rgba(38, 166, 154, 1.0)",0.0,0.0,1.574134917577262,77.64182546114674,-1.3955763490259527,0.0,0.0,0.0,0.0,0.0,0.0,0.0,0.0,69.90295524689081,14.787834284071067,True,False,True,False,True,0.0,0,0.8938825200365216,1.0062899462311046,False,False,False,False,-0.13157001018843376,-0.14399708211449425,False,False,False,False,-71945.0,-200093.73972558638,False,False,False,False,12581.448214552112,False,False,False,False
2025-10-02 18:00:00+00:00,75.445,75.445,75.215,75.22,14822.0,,,,,,,,,,74.50371177194259,,,,,,,74.39132689098042,74.7245896105624,75.08968112554189,75.7104150126448,,76.46113642925805,78.66857329980469,81.17896713366953,84.38748511970249,"rgba(38, 166, 154, 1.0)",0.0,0.0,1.5563034425852298,77.6296597604778,-1.5483225793518933,0.0,0.0,0.0,0.0,0.0,0.0,0.0,0.0,67.10541797448793,14.787834284071067,True,False,True,False,False,0.0,0,0.8897461928934003,1.0126903553299489,False,False,False,False,-0.14766620619096138,-0.1458316441527278,False,False,False,False,-86767.0,-198336.7360089106,False,False,False,False,12616.185451535799,False,False,False,False
2025-10-02 19:00:00+00:00,75.22,75.275,75.06,75.11,30636.0,,,,,,,,,,74.5484256087354,,,,,,,74.43812387505551,74.74256440877681,75.09184781616956,75.69418052778302,,76.43162614469435,78.62764467319597,81.12906131167053,84.3441341048535,"rgba(38, 166, 154, 1.0)",0.0,0.0,1.5367158060180477,77.60173475680423,-1.621467513411501,0.0,0.0,0.0,0.0,0.0,0.0,0.0,0.0,63.95341482706178,19.26830307256607,True,False,True,False,False,0.0,0,0.8854612095296267,1.0188352677662385,False,False,False,False,-0.16312350750757504,-0.15447757583015143,False,False,False,False,-117403.0,-197081.9494041213,False,False,False,False,12895.562421279428,False,False,False,False
2025-10-03 14:00:00+00:00,76.47,77.165,76.375,77.11,32016.0,,,,,,,,,76.88333333333334,74.70624086854149,,,,,,,74.58650601975755,74.83343594669596,75.15843801240946,75.72902204321885,,76.44199382559393,78.60670504944076,81.09265843241853,84.30772891662053,"rgba(38, 166, 154, 1.0)",0.0,0.0,1.5253664070225565,77.60948761133523,-0.32745418349038025,0.0,0.0,0.0,0.0,0.0,0.0,0.0,0.0,69.78793278965125,14.010005939371965,True,False,True,False,True,5.481053570338197,0,0.8902091721496606,0.9976431307080419,False,False,False,False,-0.012884994655218602,-0.08368128524268502,False,False,False,False,-85387.0,-195350.2447621969,False,False,False,False,13192.00331397277,False,False,False,False
2025-10-03 15:00:00+00:00,77.11,77.44,76.835,77.395,24062.0,,,,,,,,,77.02922084715337,74.82792220916333,,,,,,,74.70151810844159,74.90732215642363,75.21455491327956,75.76121831326219,,76.45524338247729,78.59433567553565,81.06788456136522,84.281843477767,"rgba(38, 166, 154, 1.0)",0.0,0.0,1.5170544539381055,77.61954863181934,-0.14801619759689066,0.0,0.0,0.0,0.0,0.0,0.0,0.0,0.0,74.1885960564029,17.905375246403622,True,False,True,False,True,7.057978824263618,0,0.897817363218165,0.9976509738670837,False,False,False,False,0.021244836866451726,-0.031218224188116647,False,False,False,False,-61325.0,-193272.33399068995,False,False,False,False,13360.530394376292,False,False,False,False
2025-10-03 16:00:00+00:00,77.395,77.505,77.285,77.435,15659.0,,,,,,,,,77.11197482935351,74.90662564309329,,,,,,,74.77623122228549,74.95664873965104,75.25267965666798,75.78399410681494,,76.46564644805808,78.587474368078,81.05269962504644,84.26553805192364,"rgba(38, 166, 154, 1.0)",0.0,0.0,1.5125209610629815,77.62739875286351,-0.12720402415335483,0.0,0.0,0.0,0.0,0.0,0.0,0.0,0.0,77.19542974025961,20.539466260053842,True,False,True,False,True,7.277980951360007,0,0.9023287805836683,0.9999999999999994,False,False,False,False,0.04518372558425288,0.006982750698068118,False,False,False,False,-45666.0,-190983.86369626064,False,False,False,False,13396.165582060381,False,False,False,False
2025-10-03 17:00:00+00:00,77.435,77.485,77.145,77.27,15466.0,,,,,,,,,77.14532227484528,74.97661624154644,,,,,,,74.84320745171587,75.00142401323079,75.28722764855681,75.80441963642717,,76.47454531401031,78.58015961888906,81.03738287177524,84.24925612250546,"rgba(38, 166, 154, 1.0)",0.0,0.0,1.5028581628533293,77.6336847229542,-0.2419953738440038,0.0,0.0,0.0,0.0,0.0,0.0,0.0,0.0,77.63507974769308,20.962834497020026,True,False,True,False,True,6.171635910782641,0,0.8981590285938104,0.997160203681942,False,False,False,False,0.037742140422530206,0.022362445560299163,False,False,False,False,-61132.0,-188970.6565071713,False,False,False,False,13428.256038152467,False,False,False,False
2025-10-03 18:00:00+00:00,77.28,77.46,77.1,77.335,15404.0,,,,,,,,,77.16829324510023,75.04232529632746,,,,,,,74.90642975357204,75.04431962949941,75.32046977822893,75.82420136799539,,76.48320428767006,78.57294696799782,81.02224454989971,84.23311107788773,"rgba(38, 166, 154, 1.0)",0.0,0.0,1.4947011000115054,77.63956743591197,-0.20376477672334142,0.0,0.0,0.0,0.0,0.0,0.0,0.0,0.0,78.10289120946676,21.640334289544214,True,False,True,False,True,6.541665652380992,0,0.8980208638003306,0.9967826849956121,False,False,False,False,0.03448780876711719,0.028425127163708177,False,False,False,False,-45728.0,-186749.84012721517,False,False,False,False,13458.887727483436,False,False,False,False
2025-10-03 19:00:00+00:00,77.325,77.395,77.185,77.345,35081.0,,,,,,,,,77.20397352468383,75.17953620836964,,,,,,,75.03948744712612,75.1366825190824,75.39258562624245,75.86764705506029,,76.50249452541367,78.55694652116536,80.98831325607665,84.19667347286513,"rgba(38, 166, 154, 1.0)",0.0,0.0,1.4897198025425165,77.65195117432822,-0.206046246954859,0.0,0.0,0.0,0.0,0.0,0.0,0.0,0.0,78.44414234683018,22.3401631216485,True,False,True,False,True,6.599394076422701,0,0.9016281563810075,0.997562640148191,False,False,False,False,0.03541754029237709,0.031921333728042636,False,False,False,False,-10647.0,-184019.56353609555,False,False,False,False,13794.114274344158,False,False,False,False
2025-10-06 14:00:00+00:00,76.865,77.41,76.785,77.3,10041.0,,,,,,,,,77.20132453117985,75.21336073709357,,,,,,,75.07266321731339,75.16009339212586,75.41080058148182,75.8784269272251,,76.5068981855686,78.55192388313829,80.97834131774744,84.1860991128804,"rgba(38, 166, 154, 1.0)",0.0,0.0,1.4824783030169928,77.65435298132287,-0.23902743170118027,0.0,0.0,0.0,0.0,0.0,0.0,0.0,0.0,78.12194557590456,22.459395567271756,True,False,True,False,True,6.2846494323380355,0,0.8928329625689131,0.9992262307766702,False,False,False,False,0.01752905019619794,0.024725191962120287,False,False,False,False,-20688.0,-181487.29123321033,False,False,False,False,13735.926456137271,False,False,False,False
2025-10-06 15:00:00+00:00,77.295,77.44,77.17,77.41,14638.0,,,,,,,,,77.2138266499145,75.26489714982931,,,,,,,75.12310690932046,75.19616600534334,75.4392770700016,75.89591941876219,,76.51489356491955,78.54558210711151,80.96455971471435,84.17112323494338,"rgba(38, 166, 154, 1.0)",0.0,0.0,1.4803260171713326,77.6591686268907,-0.16832010246420515,0.0,0.0,0.0,0.0,0.0,0.0,0.0,0.0,78.31410203569082,23.14135308001599,True,False,True,False,True,6.939467797413677,0,0.896131528046421,1.003675048355899,False,False,False,False,0.036812252850229446,0.030768722406174866,False,False,False,False,-6050.0,-178767.33322959466,False,False,False,False,13749.912092476228,False,False,False,False
2025-10-06 16:00:00+00:00,77.41,77.545,77.3,77.42,11867.0,,,,,,,,,77.2279825407211,75.30645315291473,,,,,,,75.16383016777792,75.22562644387851,75.46271889231782,75.91058095365341,,76.52189412727037,78.54083433450339,80.95371340654933,84.15917489370239,"rgba(38, 166, 154, 1.0)",0.0,0.0,1.4840044195063373,77.66345550558808,-0.16405308662696605,0.0,0.0,0.0,0.0,0.0,0.0,0.0,0.0,78.48135355101935,23.812262075931756,True,False,True,False,True,6.99957962351268,0,0.8930465232616299,1.022111055527763,False,False,False,False,0.055075333855858236,0.04292202813101655,False,False,False,False,5817.0,-175905.5606213839,False,False,False,False,13720.719656933961,False,False,False,False
2025-10-06 17:00:00+00:00,77.425,77.635,77.315,77.58,16219.0,,,,,,,,,77.25199918090027,75.36299198464427,,,,,,,75.21929765769285,75.26622163286862,75.49528007514127,75.93131459436646,77.50999999999998,76.53221134097494,78.53491697316845,80.93936443849348,84.14312618106854,"rgba(38, 166, 154, 1.0)",0.0,0.0,1.4907963528808992,77.53133500490362,0.03264362365948293,-1.0,77.635,77.315,0.0,0.0,0.0,0.0,0.0,79.23035449351312,24.995467370755478,True,False,True,False,True,7.966192059505179,0,0.8914285714285707,1.0132330827067664,False,True,False,False,0.060764326043957,0.05184317708748677,False,False,False,False,22036.0,-172836.6992164012,False,False,False,False,13759.452685508628,False,False,False,False
2025-10-06 18:00:00+00:00,77.58,77.6,77.09,77.12,20774.0,,,,,,,,,77.25376954650685,75.42366980449097,,,,,,,75.27957053339878,75.31081587123039,75.53071164034384,75.95317892207733,77.37522423161138,76.54194816453837,78.52568454754619,80.91988533603872,84.12194343466949,"rgba(38, 166, 154, 1.0)",0.0,0.0,1.4907270219766189,77.5304067410993,-0.2753064344101834,0.0,0.0,0.0,0.0,-1.0,77.315,77.17,0.0,73.64800722458152,27.993842803830844,True,False,True,False,False,4.644874611643328,0,0.8864158099610734,1.0123764846791092,False,False,False,False,0.055338051117309044,0.053590614102397904,False,False,False,False,1262.0,-170137.49457738723,False,False,False,False,13868.205357051129,False,False,False,False
2025-10-06 19:00:00+00:00,77.115,77.17,76.74,76.81,36071.0,,,,,,,,,77.20314096083808,75.5013126162674,,,,,,,75.3585754098699,75.370189452661,75.57681183953751,75.97947348073914,77.14390183035877,76.5501185312615,78.50542293008847,80.88323109991725,84.08353725403737,"rgba(38, 166, 154, 1.0)",0.0,0.0,1.4851977239669145,77.52097782231098,-0.47870920540598555,0.0,0.0,0.0,0.0,0.0,0.0,0.0,0.0,66.87972199818641,21.799559689059947,True,False,True,False,False,2.511088654761057,0,0.8833333333333325,1.0198602794411173,False,False,False,False,0.024103021889850244,0.03884681799612408,False,False,False,False,-34809.0,-168039.37838238897,False,False,False,False,14212.434731360414,False,False,False,False
2025-10-07 14:00:00+00:00,76.055,76.395,75.73,75.83,24178.0,,,,,,,,,77.09465176786652,75.51771128184201,,,,,,75.985,75.37832063543382,75.38514859965979,75.58577736827426,75.97957378286317,76.85575546917312,76.54175840707278,78.48445622473653,80.85342657766799,84.05474536582973,"rgba(239, 83, 80, 1.0)",0.0,0.0,1.47192817404477,77.49585096007317,-1.1317474517085393,0.0,0.0,0.0,0.0,0.0,0.0,0.0,0.0,56.282666746304045,12.432777806170378,False,False,True,False,False,0.0,0,0.873233908948194,1.0203100470957607,False,False,False,False,-0.0637748504866796,-0.012464016245277758,False,False,False,False,-58987.0,-166348.64383382478,False,False,False,False,14366.939619246297,False,False,False,False
2025-10-07 15:00:00+00:00,75.825,76.325,75.82,76.215,22192.0,,,,,,,,,77.02099896254727,75.53588801929278,,,,,,76.049609014449,75.39917510507892,75.40120132802963,75.59633449037074,75.98187473527031,76.71904493974357,76.53610831346272,78.46653941450322,80.8271374699649,84.0289371632745,"rgba(239, 83, 80, 1.0)",0.0,0.0,1.4552385736722093,77.4808339232226,-0.8698463235676495,0.0,0.0,0.0,0.0,0.0,0.0,0.0,0.0,52.060545319268186,9.174239035598838,False,True,False,False,False,0.0,0,0.8753796414225523,1.0255706867835792,False,False,False,False,-0.055287981448882056,-0.03387599884707991,False,False,False,False,-36795.0,-164340.06020849416,False,False,False,False,14488.258384839377,False,False,False,False
2025-10-07 16:00:00+00:00,76.21,76.255,75.8,75.825,27207.0,,,,,,,,,76.93103683158031,75.55102005747442,,,,,,76.01647376218112,75.41786365854006,75.41577640675501,75.60493676262183,75.98144396206457,76.57821573320787,76.52679926299737,78.44346810656636,80.79422117616535,83.99688945549454,"rgba(239, 83, 80, 1.0)",0.0,0.0,1.4320695098626663,77.46161036092447,-1.1428288568767961,0.0,0.0,0.0,0.0,0.0,0.0,0.0,0.0,47.352555133300164,5.269193019711551,False,True,False,True,False,0.0,0,0.890073021511742,1.0237813301756458,False,False,False,False,-0.05985306704493314,-0.046864532946006524,False,False,False,False,-64002.0,-162784.4313680524,False,False,False,False,14685.448177322487,False,False,False,False
2025-10-07 17:00:00+00:00,75.81,76.035,75.71,75.725,12482.0,,,,,,,,,76.8895607111895,75.55540574657472,,,,,,75.98846066845614,75.42396915567768,75.420595677258,75.60728138431705,75.98002828433249,76.51900089867587,76.52162271550962,78.43245030998285,80.77884567075223,83.9820230977497,"rgba(239, 83, 80, 1.0)",0.0,0.0,1.4191213497804265,77.45225163165748,-1.2171275077531107,0.0,0.0,0.0,0.0,0.0,0.0,0.0,0.0,43.7560813544687,2.2295853721584535,False,True,False,True,False,0.0,0,0.8862985281043162,1.0270670749777726,False,False,False,False,-0.075597537544972,-0.061231035245489264,False,False,False,False,-76484.0,-161446.44018405158,False,False,False,False,14651.286190077177,False,False,False,False
2025-10-07 18:00:00+00:00,75.71,75.755,75.495,75.555,16844.0,,,,,,,,,76.82761546464268,75.5563897728746,,,,,,75.92514708026005,75.42750805862667,75.42343966410051,75.60720120371407,75.97551122851432,76.43119137868653,76.51257718783424,78.41647749772764,80.75732574926026,83.96150427564118,"rgba(239, 83, 80, 1.0)",0.0,0.0,1.4047822504460907,77.43743478631528,-1.3400189144741133,0.0,0.0,0.0,0.0,0.0,0.0,0.0,0.0,40.56920772872435,-0.6211467277008893,False,True,False,True,False,0.0,0,0.8803435679731458,1.0317899101589487,False,False,False,False,-0.10081895427895927,-0.08102499476222427,False,False,False,False,-93328.0,-160390.3403362368,False,False,False,False,14685.281753021716,False,False,False,False
2025-10-07 19:00:00+00:00,75.555,75.58,75.345,75.395,25311.0,,,,,,,,,76.73408467195011,75.55278475911234,,,,,,75.8293731573775,75.42787103237468,75.42382150367196,75.60368864160581,75.96607368359241,76.30654762732804,76.49696047424615,78.39145246960267,80.72431916273774,83.93026684196535,"rgba(239, 83, 80, 1.0)",0.0,0.0,1.3927617744458562,77.41375908646589,-1.4494647422881084,0.0,0.0,0.0,0.0,0.0,0.0,0.0,0.0,37.713236617421984,-3.3287759730496163,False,True,False,True,False,0.0,0,0.8731586752347992,1.0408304498269887,False,False,False,False,-0.1174462739196492,-0.09923563434093674,False,False,False,False,-118639.0,-159743.03273412463,False,False,False,False,14850.021570804325,False,False,False,False
2025-10-08 14:00:00+00:00,76.135,76.465,75.86,76.41,11239.0,,,,,,,,76.245,76.71987185122555,75.56217592044918,,,,,,75.86286996335683,75.4382794986613,75.43214381341072,75.609615703424,75.96823945687548,76.30329266991974,76.49534197266894,78.3834689703139,80.71200677384698,83.9177777728777,"rgba(239, 83, 80, 1.0)",0.0,0.0,1.3844310569141967,77.41038652898632,-0.7225975782543622,0.0,0.0,0.0,0.0,0.0,0.0,0.0,0.0,42.92863590600487,-3.3287759730496163,False,True,False,True,True,0.3292661697226009,0,0.8761053347585264,1.022738315032552,False,False,False,False,-0.0461645214110175,-0.07270007787597713,False,False,False,False,-107400.0,-158931.51284677387,False,False,False,False,14794.03674024922,False,False,False,False
2025-10-08 15:00:00+00:00,76.4,76.825,76.395,76.7,13628.0,,,,,,,,76.46147404190293,76.7171531931828,75.57961984460073,,,,,,75.93205378198469,75.45655828931159,75.44680676974862,75.62103486721088,75.97450520049095,76.32358340150493,76.49646001452233,78.37564122968908,80.69847987735119,83.90346514344462,"rgba(239, 83, 80, 1.0)",0.0,0.0,1.378424345284457,77.41012569166716,-0.5151720470524732,0.0,0.0,0.0,0.0,0.0,0.0,0.0,0.0,47.831236976452374,-11.671745806439617,False,True,False,False,True,1.9849272345415265,0,0.8866899495537441,1.018723321691889,False,False,False,False,0.02017387981605747,-0.026263099029959828,False,False,False,False,-93772.0,-157921.2878413975,False,False,False,False,14775.958651253106,False,False,False,False
2025-10-08 16:00:00+00:00,76.7,76.875,76.64,76.76,17677.0,,,,,,,,76.58481885420584,76.71889444635806,75.60385569538094,,,,,,76.01759087909986,75.48174499107594,75.46713850879188,75.63715198472094,75.98387504956301,76.35510260217154,76.4990592822434,78.36627705545463,80.6815750329866,83.88528485043891,"rgba(38, 166, 154, 1.0)",0.0,0.0,1.3715138541952319,77.41099750662565,-0.47465616525443793,0.0,0.0,0.0,0.0,0.0,0.0,0.0,0.0,51.394745515862745,-8.268043943527317,False,True,True,False,True,2.325125803103184,0,0.9075531077891421,1.016325727773406,False,False,False,False,0.036054728754989454,0.004895814862514813,False,False,False,False,-76095.0,-156652.6632237014,False,False,False,False,14820.936036504996,False,False,False,False
2025-10-08 17:00:00+00:00,76.76,76.995,76.625,76.73,13509.0,,,,,,,,76.63266164760732,76.72091153514921,75.62210235080711,,,,,,76.07372906344236,75.50070983143593,75.48254903124896,75.64943210958485,75.99111228605803,76.3775832552886,76.50119936114022,78.35930373736687,80.66883529270987,83.87150199135473,"rgba(38, 166, 154, 1.0)",0.0,0.0,1.3573396575445487,77.41169177519274,-0.5022263745140435,0.0,0.0,0.0,0.0,0.0,0.0,0.0,0.0,53.5437694403913,-6.049687106034774,False,True,True,False,True,2.1417452205099146,0,0.9098497495826374,1.0048119414710783,False,False,False,False,0.041711208750602774,0.023303511806558794,False,False,False,False,-89604.0,-155613.14906519442,False,False,False,False,14800.595942915772,False,False,False,False
2025-10-08 18:00:00+00:00,76.73,76.76,76.41,76.44,18872.0,,,,,,,,76.60848257146034,76.71319221111943,75.64144948720477,,,,,,76.11673684849619,75.52137603235458,75.49951329029729,75.66251580905259,75.99792549720806,76.38845287705058,76.50156848482442,78.34815554639415,80.65005569335752,83.85166979310935,"rgba(38, 166, 154, 1.0)",0.0,0.0,1.3425405759959004,77.40936987459202,-0.7220413981699864,0.0,0.0,0.0,0.0,0.0,0.0,0.0,0.0,52.81357432600339,-6.049687106034774,False,True,True,False,True,0.37842796973705006,0,0.9065842409969578,1.0088313217544882,False,False,False,False,0.017483438101035795,0.020393474953797293,False,False,False,False,-108476.0,-154882.34055255575,False,False,False,False,14863.718486436457,False,False,False,False
2025-10-08 19:00:00+00:00,76.44,76.63,76.435,76.61,39094.0,,,,,,,,76.59128776782818,76.70082516394945,75.67994254354784,,,,,,76.18800613458941,75.5625275459652,75.53367328544684,75.6890701529974,76.01205795218607,76.4095165299173,76.50276647090398,78.32576121589196,80.61189317238274,83.81104668197312,"rgba(38, 166, 154, 1.0)",0.0,0.0,1.327819736353341,77.40477367501043,-0.5985554011971234,0.0,0.0,0.0,0.0,0.0,0.0,0.0,0.0,53.44377375029229,-5.260817573161312,False,True,True,False,True,1.38497096734584,0,0.90106111220279,1.0163096875614062,False,False,False,False,0.011834287693924882,0.016113881323861087,False,False,False,False,-69382.0,-153556.7538773223,False,False,False,False,15239.381765716511,False,False,False,False
2025-10-09 14:00:00+00:00,75.69,75.73,75.095,75.36,26570.0,,,,,,,,76.36520062024768,76.63359844939912,75.67203778646464,,,,,75.39500000000001,76.10962094917095,75.55812773328087,75.5306978531736,75.68326269718808,76.00166017885145,76.3306680180694,76.4871019571048,78.30104895041275,80.57903222823968,83.77930751119229,"rgba(239, 83, 80, 1.0)",0.0,0.0,1.2993510750422368,77.38292138954642,-1.5568705243736134,0.0,0.0,0.0,0.0,0.0,0.0,0.0,0.0,47.24504220335201,-5.260817573161312,False,True,False,True,False,0.0,0,0.8936047072441399,1.0160123468698747,False,False,False,False,-0.10908590842434884,-0.04648601355024388,False,False,False,False,-95952.0,-152663.65691798396,False,False,False,False,15415.050265472844,False,False,False,False
2025-10-09 15:00:00+00:00,75.36,75.395,74.94,75.1,12793.0,,,,,,,,76.26342840098577,76.59759191507814,75.66509088214616,,,,,75.31374984122145,76.06579789840764,75.55296884872952,75.52675399130005,75.67819278918047,75.99476581036889,76.287899589278,76.47802608853621,78.28828758665932,80.56260153081216,83.76365774258511,"rgba(239, 83, 80, 1.0)",0.0,0.0,1.2684462120208286,77.37085254543987,-1.7902631770424577,0.0,0.0,0.0,0.0,0.0,0.0,0.0,0.0,42.20317171062091,0.9518856631634378,False,True,False,True,False,0.0,0,0.8925858255601496,1.0154822579094136,False,False,False,False,-0.13584166662432362,-0.09116384008728375,False,False,False,False,-108745.0,-151982.7475084028,False,False,False,False,15374.39832337249,False,False,False,False
2025-10-09 16:00:00+00:00,75.105,75.18,74.765,74.8,9483.0,,,,,,,,76.18491462254015,76.56795465507133,75.6578329306303,,,,,75.2363362404291,76.02830630172564,75.54711767833027,75.52215200565868,75.67290113198001,75.98836248346441,76.2521465834393,76.47023010892606,78.27820712730201,80.54997166095981,83.75178508201189,"rgba(239, 83, 80, 1.0)",0.0,0.0,1.2420727916740673,77.36079540535926,-2.0617112157394692,0.0,0.0,0.0,0.0,0.0,0.0,0.0,0.0,37.85426112394707,-3.239091633429389,False,True,False,True,False,0.0,0,0.8856754658385091,1.033870341614906,False,False,False,False,-0.15720155046891734,-0.12418269527810055,False,False,False,False,-118228.0,-151459.41808966786,False,False,False,False,15283.058814482994,False,False,False,False
2025-10-09 17:00:00+00:00,74.8,74.935,74.745,74.805,9262.0,,,,,,,,76.11191819606067,76.53853313344497,75.6500670571087,,,,,75.17130349234758,75.99130119874853,75.5407361030298,75.51709149629383,75.6672201964142,75.98168218577331,76.21683008172539,76.46227037022885,78.26816736410086,80.53750165384155,83.74010640091234,"rgba(239, 83, 80, 1.0)",0.0,0.0,1.235906039606542,77.35065969607247,-2.0597518051476538,0.0,0.0,0.0,0.0,0.0,0.0,0.0,0.0,34.99576224428533,-6.066929209178042,False,True,False,True,False,0.0,0,0.8910387960519883,1.0320531613407598,False,False,False,False,-0.1718513823124795,-0.14801703879529005,False,False,False,False,-108966.0,-150800.60540610712,False,False,False,False,15189.70906542124,False,False,False,False
2025-10-09 18:00:00+00:00,74.805,74.815,74.36,74.425,13205.0,,,,,,,,75.99944321541882,76.49132096150326,75.63535752392407,,,,,75.05317081037117,75.92989883462076,75.52814385448771,75.50696690689834,75.65644950325826,75.96988760307812,76.15932878956399,76.449029600196,78.25273519424155,80.51890283320758,83.7229592337767,"rgba(239, 83, 80, 1.0)",0.0,0.0,1.2319003228356553,77.33424511369546,-2.361591323394415,0.0,0.0,0.0,0.0,0.0,0.0,0.0,0.0,31.83462064415307,-9.249825756654175,False,True,False,True,False,0.0,0,0.8923122065727696,1.0247456964006254,False,False,False,False,-0.199978088512659,-0.1739975636539745,False,False,False,False,-122171.0,-150356.73555484964,False,False,False,False,15158.938382236414,False,False,False,False
2025-10-09 19:00:00+00:00,74.425,74.825,74.425,74.505,45893.0,,,,,,,,75.7187078170613,76.34712868727857,75.58937901006354,,,,,74.86985457229152,75.75818279318605,75.48887774418186,75.47512860683041,75.62220838103356,75.93177125526306,75.99227637342015,76.40559688024265,78.20081103701453,80.45570087379325,83.66419133626144,"rgba(239, 83, 80, 1.0)",0.0,0.0,1.2294417102555544,77.28105201581681,-2.2579777411649555,0.0,0.0,0.0,0.0,0.0,0.0,0.0,0.0,30.46130867561538,-10.856351838605875,False,True,False,True,False,0.0,0,0.9092524933346494,1.015799348276883,False,False,False,False,-0.19578210439540528,-0.1848898340246899,False,False,False,False,-76278.0,-149208.22802686747,False,False,False,False,15635.435461581586,False,False,False,False
2025-10-10 14:00:00+00:00,73.83,73.89,72.83,72.965,15811.0,,,,,,,,75.55931683371385,76.26791989801055,75.55430104819042,,,,73.22833333333334,74.67473596106763,75.65158865645125,75.45691229149672,75.44871215371738,75.59613873232759,75.90637747396056,75.89479848201633,76.38029469686667,78.17667621173975,80.42927724674745,83.6411201033806,"rgba(239, 83, 80, 1.0)",0.0,0.0,1.254537250028428,77.25196757571821,-3.4171704153233113,0.0,0.0,0.0,0.0,0.0,0.0,0.0,0.0,25.939568727497708,-15.422468403927908,False,True,False,True,False,0.0,0,0.8921861451006836,1.009827536371519,False,False,False,False,-0.34222449565208884,-0.26355716483838937,False,False,False,False,-92089.0,-148322.65860009432,False,False,False,False,15638.15739240978,False,False,False,False
2025-10-10 15:00:00+00:00,72.905,72.965,72.095,72.22,16999.0,,,,,,,,75.35763175336604,76.16582034367035,75.50512793643686,,,,72.81298643706187,74.4199969336604,75.51182934819464,75.41153310011418,75.4109879042227,75.55945873404036,75.87158748802135,75.76809930806432,76.34673159780779,78.14682626941017,80.39794408295549,83.61452793516065,"rgba(239, 83, 80, 1.0)",0.0,0.0,1.299720545152945,77.21422130324598,-3.8425347063035638,0.0,0.0,0.0,0.0,0.0,0.0,0.0,0.0,21.938224685272814,-19.397597591684068,False,True,False,True,False,0.0,0,0.8750596089651879,1.0301382927992364,False,False,False,False,-0.34282825441539394,-0.30319270962689165,False,False,False,False,-109088.0,-147714.3693194727,False,False,False,False,15659.255727411177,False,False,False,False
2025-10-10 16:00:00+00:00,72.195,72.445,72.055,72.17,18926.0,,,,,,,,75.14799250308937,76.05250436995898,75.44867035407613,,,,72.59728026261533,74.1739121513103,75.3604629577836,75.35924792015616,75.36729287620157,75.51702022174307,75.83142467836296,75.62955565330343,76.30812411146648,78.11278659696066,80.36246388440941,83.5845338703954,"rgba(239, 83, 80, 1.0)",0.0,0.0,1.3442698141855678,77.1712878495593,-3.7204494192926276,0.0,0.0,0.0,0.0,0.0,0.0,0.0,0.0,19.210009688170757,-22.18278069113766,False,True,False,True,False,0.0,0,0.8700651590647754,1.050114986584898,False,False,False,False,-0.34282825441539394,-0.3230104820211428,False,False,False,False,-128014.0,-147408.93723700024,False,False,False,False,15709.902925435808,False,False,False,False
2025-10-10 17:00:00+00:00,72.165,72.18,71.785,72.02,30889.0,,,,,,,,74.83767615633796,75.87069531682918,75.35434879064402,,,,72.3721203832577,73.83710546244909,75.1253029237094,75.27154889859588,75.2934986982718,75.44538439488231,75.76371093212073,75.41161411338541,76.24320586067414,78.0559415530276,80.30360768353486,83.53494152196244,"rgba(239, 83, 80, 1.0)",0.0,0.0,1.3905279702448272,77.10004490307284,-3.6533209052806135,0.0,0.0,0.0,0.0,0.0,0.0,0.0,0.0,17.197698101954387,-24.374609089065036,False,True,False,True,False,0.0,0,0.8623730113091811,1.0584627180371855,False,False,False,False,-0.34282825441539394,-0.3329193682182684,False,False,False,False,-158903.0,-147587.1397604576,False,False,False,False,15945.237763801146,False,False,False,False
2025-10-10 18:00:00+00:00,72.015,72.07,71.62,71.73,25087.0,,,,,,,,74.61333082057531,75.72799193737644,75.27736628936887,,,,72.24042161814221,73.61063351236153,74.94708511452043,75.19971301651998,75.23261204134742,75.38625326366811,75.70778868921876,75.24420425509595,76.18962775551898,78.00913488661347,80.25534272709636,83.49432328859062,"rgba(239, 83, 80, 1.0)",0.0,0.0,1.4427032934009512,77.04197048725764,-3.6819563049138715,0.0,0.0,0.0,0.0,0.0,0.0,0.0,0.0,15.48694865376958,-26.366282064285627,False,True,False,True,False,0.0,0,0.8522181678509696,1.0701939696562317,False,False,False,False,-0.34282825441539394,-0.33787381131683114,False,False,False,False,-183990.0,-148151.525190528,True,False,False,False,16086.97051164919,True,False,False,False
2025-10-10 19:00:00+00:00,71.725,72.15,71.55,72.0,56259.0,,,,,,,,74.22706861489826,75.44856185697653,75.12064312197133,,,,72.12362181930546,73.26836323146391,74.6195675633506,75.05311243703379,75.10702725488765,75.26367182430086,75.59081733881763,74.92878130759541,76.07651784785268,77.90821726864505,80.15024831772827,83.40496895403298,"rgba(239, 83, 80, 1.0)",0.0,0.0,1.4841263453648965,76.54786410512956,-3.0643375608371106,0.0,0.0,0.0,0.0,0.0,0.0,0.0,0.0,16.718946324542713,-26.366282064285627,False,True,False,True,False,0.0,0,0.8450152788388078,1.0703781512605037,True,False,False,False,-0.3423437668488635,-0.3401087890828473,False,False,False,False,-127731.0,-147834.92790075237,False,False,False,False,16709.79267425928,False,False,False,False
2025-10-13 14:00:00+00:00,72.0,72.0,72.0,72.0,0.0,,,,,,,,74.22706861489826,75.44856185697653,75.12064312197133,,,,72.12362181930546,73.26836323146391,74.6195675633506,75.05311243703379,75.10702725488765,75.26367182430086,75.59081733881763,74.92878130759541,76.07651784785268,77.90821726864505,80.15024831772827,83.40496895403298,"rgba(239, 83, 80, 1.0)",0.0,0.0,1.5233298105495288,76.54786410512956,-2.985475682044821,0.0,0.0,0.0,0.0,0.0,0.0,0.0,0.0,17.540278105058135,-26.366282064285627,False,True,False,True,False,0.0,0,0.848313530088156,1.0757953238788802,False,False,False,False,-0.32787972186608433,-0.3339942554744658,False,False,False,False,-127731.0,-147523.23909608956,False,False,False,False,16450.726121169988,False,False,False,False
2025-10-13 15:00:00+00:00,72.0,72.0,72.0,72.0,0.0,,,,,,,,74.22706861489826,75.44856185697653,75.12064312197133,,,,72.12362181930546,73.26836323146391,74.6195675633506,75.05311243703379,75.10702725488765,75.26367182430086,75.59081733881763,74.92878130759541,76.07651784785268,77.90821726864505,80.15024831772827,83.40496895403298,"rgba(239, 83, 80, 1.0)",0.0,0.0,1.5605726368715118,76.54786410512956,-2.9142277633719695,0.0,0.0,0.0,0.0,0.0,0.0,0.0,0.0,18.087832625401752,-26.366282064285627,False,True,False,True,False,0.0,0,0.8450188060565144,1.0815893528787728,False,False,False,False,-0.3262796356183637,-0.33013694554641476,False,False,False,False,-127731.0,-147216.38267599515,False,False,False,False,16195.676103787508,False,False,False,False
2025-10-13 16:00:00+00:00,72.0,72.0,72.0,72.0,0.0,,,,,,,,74.22706861489826,75.44856185697653,75.12064312197133,,,,72.12362181930546,73.26836323146391,74.6195675633506,75.05311243703379,75.10702725488765,75.26367182430086,75.59081733881763,74.92878130759541,76.07651784785268,77.90821726864505,80.15024831772827,83.40496895403298,"rgba(239, 83, 80, 1.0)",0.0,0.0,1.59593906948563,76.54786410512956,-2.849647704028786,0.0,0.0,0.0,0.0,0.0,0.0,0.0,0.0,18.452868972297495,-26.366282064285627,False,True,False,True,False,0.0,0,0.8594274432379071,1.0833168805528128,False,False,False,False,-0.32599448646108053,-0.3280657160037477,False,False,False,False,-127731.0,-146914.28371977818,False,False,False,False,15944.580350240414,False,False,False,False
2025-10-13 17:00:00+00:00,72.0,72.78,72.0,72.775,4485.0,,,,,,,,74.20789412890113,75.43160856285682,75.1110517479414,,,,72.13413068298745,73.25658748217589,74.60171546109233,75.04416631976494,75.09927370327729,75.25599791857275,75.58331140940962,74.91079196195858,76.06905391064392,77.90112858530301,80.14260320234845,83.39828447441813,"rgba(239, 83, 80, 1.0)",0.0,0.0,1.6061975914251168,76.542532426445,-2.3456220122346316,0.0,0.0,0.0,0.0,0.0,0.0,0.0,0.0,26.002507208028774,-30.307369401836535,False,True,False,True,True,0.0,0,0.8621735302748703,1.0604519221363584,False,False,False,False,-0.2843934883997925,-0.3062296022017701,False,False,False,False,-123246.0,-146547.33358458782,False,False,False,False,15766.912437833585,False,False,False,False
2025-10-13 18:00:00+00:00,72.78,72.87,72.645,72.65,29522.0,,,,,,,,74.10566649503072,75.33219087503029,75.05445639726288,,,,72.22174262628508,73.20648363072574,74.50214404416563,74.99143610488387,75.05330476744963,75.21021018687948,75.53802313264171,74.80828711729616,76.02346353281229,77.85667460923364,80.09399178008483,83.3553071654911,"rgba(239, 83, 80, 1.0)",0.0,0.0,1.6219937458907954,76.50881061393413,-2.37905394130535,0.0,0.0,0.0,0.0,0.0,0.0,0.0,0.0,30.392983622543547,-26.191556736379617,False,True,False,True,True,0.0,0,0.8744372675670384,1.057741240947347,False,False,False,False,-0.24605348429914337,-0.2761415432504567,False,False,False,False,-152768.0,-146643.77802513685,False,False,False,False,15980.169609340042,False,False,False,False
2025-10-13 19:00:00+00:00,72.655,72.81,72.55,72.59,39800.0,,,,,,,,73.98213737794143,75.20578554554982,74.98005218027721,,,,72.29342563932184,73.14409194968411,74.37871263990588,74.92189688790718,74.99225337931422,75.14933401341037,75.4776922721623,74.68013216844876,75.96263901932154,77.79711834920056,80.02882829386567,83.2975253079974,"rgba(239, 83, 80, 1.0)",0.0,0.0,1.6374442621685947,76.45418178712319,-2.3598859981991387,0.0,0.0,0.0,0.0,0.0,0.0,0.0,0.0,32.997401794349585,-23.759983566794286,False,True,False,True,True,0.0,0,0.8709614446071254,1.05827232796486,False,False,False,False,-0.2540764853967678,-0.2651090143236122,False,False,False,False,-192568.0,-147355.7814666076,False,False,False,False,16349.469305319266,False,False,False,False
2025-10-14 14:00:00+00:00,73.66,73.69,73.025,73.2,32253.0,,,,,,,73.30500000000002,73.93856740201946,75.13586278810358,74.939075220495,,,,72.41424994414223,73.15749399377296,74.32369738298358,74.88389648616823,74.95822005252063,75.1144674184472,75.44152351598915,74.61700050816046,75.92436659671525,77.75586130730183,79.98146606670288,83.25400828247164,"rgba(239, 83, 80, 1.0)",0.0,0.0,1.6394701627085366,76.42502124794012,-1.9671118885214265,0.0,0.0,0.0,0.0,0.0,0.0,0.0,0.0,39.27129588071064,-17.953804276044835,False,True,False,True,True,0.0,0,0.8742785686802618,1.0439592150827235,False,False,False,False,-0.18256292648585554,-0.22383597040473388,False,False,False,False,-160315.0,-147556.69958340435,False,False,False,False,16596.035672678656,False,False,False,False
2025-10-14 15:00:00+00:00,73.215,73.825,73.16,73.73,24908.0,,,,,,,73.42120043969375,73.92119874221724,75.09265325719365,74.91372100175954,,,,72.51199536175278,73.18252453626756,74.29507236643042,74.86050419417296,74.93695255267313,75.09226737169634,75.41778985298609,74.58120772286084,75.89848911870071,77.72639280666806,79.94678658477393,83.22155378271503,"rgba(38, 166, 154, 1.0)",0.0,0.0,1.6360629186773397,76.40567657503783,-1.6354362320007552,0.0,0.0,0.0,0.0,0.0,0.0,0.0,0.0,46.29941905762054,-11.638826879747128,False,False,False,False,True,0.0,0,0.8806442335346562,1.040648068258076,False,False,False,False,-0.1563048380116379,-0.19007040420818588,False,False,False,False,-135407.0,-147368.33214800272,False,False,False,False,16724.903336668132,False,False,False,False
2025-10-14 16:00:00+00:00,73.735,74.15,73.525,74.06,15212.0,,,,,,,73.52429098789145,73.92093090261358,75.0730596230583,74.90250080784362,,,,72.58064514811603,73.20847873869698,74.28636201008578,74.85028540233594,74.92743724291196,75.08198260072474,75.40620445990882,74.56749331676214,75.88523184136996,77.71005502880595,79.9269105903773,83.20253431969377,"rgba(38, 166, 154, 1.0)",0.0,0.0,1.6280919800467777,76.39679608815592,-1.4352973399505238,0.0,0.0,0.0,0.0,0.0,0.0,0.0,0.0,52.44382140709496,-6.247748227317253,True,False,True,False,True,0.0,0,0.8969772335947962,1.025636120145398,False,False,False,False,-0.11722502313880544,-0.15364771367349567,False,False,False,False,-120195.0,-146947.04017671588,False,False,False,False,16701.447470983352,False,False,False,False
2025-10-14 17:00:00+00:00,74.06,74.24,73.66,74.08,18320.0,,,,,,,73.61903761407532,73.92330078292501,75.05190862175402,74.89040388682099,,,,72.65943581016285,73.24074097384428,74.27855824889885,74.83931287397806,74.91711235842297,75.07067979844979,75.39323603347313,74.55367075397233,75.87014993393063,77.69098310303258,79.90346940366446,83.1799322741573,"rgba(38, 166, 154, 1.0)",0.0,0.0,1.6248312788353831,76.38644571448044,-1.4194985931915456,0.0,0.0,0.0,0.0,0.0,0.0,0.0,0.0,56.62792208679376,-2.616521996320351,True,False,True,False,True,0.0,0,0.8995811916999809,1.0212259661146008,False,False,False,False,-0.10503173386774045,-0.12933972377061806,False,False,False,False,-101875.0,-146248.24885614665,False,False,False,False,16726.541308642525,False,False,False,False
2025-10-14 18:00:00+00:00,74.075,74.15,73.665,74.02,20529.0,,,,,,,73.67920270569972,73.92406852514111,75.02813249181871,74.87651513568491,,,,72.73505571633238,73.27175244419848,74.26889246639443,74.82666274379292,74.90521905071238,75.05773391195328,75.37849179758233,74.53768181738693,75.85310470011099,77.66956640309803,79.87720777405653,83.15460379773205,"rgba(38, 166, 154, 1.0)",0.0,0.0,1.6221812753472507,76.37357826455126,-1.4508725383033676,0.0,0.0,0.0,0.0,0.0,0.0,0.0,0.0,58.88444465317279,-0.5697135704238718,True,False,True,False,True,0.0,0,0.9006904379078786,1.0197673318830978,False,False,False,False,-0.10963423786025535,-0.11948698081543671,False,False,False,False,-122404.0,-145878.57057930715,False,False,False,False,16785.49415657055,False,False,False,False
2025-10-14 19:00:00+00:00,74.025,74.18,73.66,74.115,30571.0,,,,,,,73.74513352798328,73.92711821131769,74.99580019459778,74.85742901077866,,,,72.83572738697109,73.31564475609781,74.25714854332148,74.80929943985869,74.8887534339929,75.0396714901717,75.35768073239214,74.51687578759243,75.82879426596685,77.63846119671447,79.8387870339187,83.11730476251422,"rgba(38, 166, 154, 1.0)",0.0,0.0,1.6213962895988971,76.35438763518216,-1.381147625381671,0.0,0.0,0.0,0.0,0.0,0.0,0.0,0.0,60.90089210104641,1.4890384116974147,True,False,True,False,True,0.0,0,0.9036507339104253,1.0183477606322915,False,False,False,False,-0.10828008854841967,-0.11388353468192819,False,False,False,False,-91833.0,-145040.65475637215,False,False,False,False,16999.222929336895,False,False,False,False
2025-10-15 14:00:00+00:00,74.64,75.055,74.63,74.91,24516.0,,,,,,74.865,73.9102156728339,73.96331005080968,74.99262783465107,74.85755679840126,,,,72.95884356586578,73.38850971526568,74.27666600089584,74.8102059396638,74.8884174135689,75.03734435822511,75.3518499744552,74.52707745530468,75.81884005081785,77.6198112107721,79.81291385619907,83.09047308160532,"rgba(38, 166, 154, 1.0)",0.0,0.0,1.6187664917930868,76.35093532181506,-0.8901440257877811,0.0,0.0,0.0,0.0,0.0,0.0,0.0,0.0,65.55579695091917,6.08200182607537,True,False,True,False,True,0.0,0,0.915388191538819,1.0079962807996268,False,False,False,False,-0.009100013079287577,-0.061491773880607885,False,False,False,False,-67317.0,-143835.63685317256,False,False,False,False,17115.76210872702,False,False,False,False
2025-10-15 15:00:00+00:00,74.94,75.03,74.48,74.815,21009.0,,,,,,74.82346655683689,74.00720717354089,73.98929244988352,74.9881967463081,74.85637971270216,,,,73.04860124536576,73.4422229126944,74.29001084718975,74.80972169500542,74.88705896980105,75.0343829641705,75.34605841211341,74.53315092873632,75.80968236999671,77.6035118644388,79.79055562690868,83.06736802913464,"rgba(38, 166, 154, 1.0)",0.0,0.0,1.6144360017048516,76.34612313527778,-0.9483950640724738,0.0,0.0,0.0,0.0,0.0,0.0,0.0,0.0,67.74372991595149,8.39045078088153,True,False,True,False,True,0.0,0,0.9171909696521097,1.0038860103626934,False,False,False,False,-0.018469258089141957,-0.03998051598487492,False,False,False,False,-88326.0,-142975.02232831717,False,False,False,False,17176.122386111096,False,False,False,False
2025-10-15 16:00:00+00:00,74.815,74.96,74.53,74.545,18461.0,,,,,,74.78159326519342,74.0674157469907,74.00814355105304,74.98275028230192,74.85417662950528,,,,73.11643127414666,73.48291717118758,74.29893844012507,74.80815264051273,74.88488506457202,75.03088594312257,75.34021904599489,74.53621032235236,75.80102745441415,77.58885848031699,79.77069669464376,83.04693547024486,"rgba(38, 166, 154, 1.0)",0.0,0.0,1.6111000802140172,76.34048876002345,-1.1144489296933897,0.0,0.0,0.0,0.0,0.0,0.0,0.0,0.0,66.67896539665577,8.39045078088153,True,False,True,False,True,0.0,0,0.9169067757226509,1.015707779533413,False,False,False,False,-0.019540204495794748,-0.029760360240334835,False,False,False,False,-106787.0,-142413.9677185758,False,False,False,False,17196.042969272163,False,False,False,False
2025-10-15 17:00:00+00:00,74.55,74.555,74.1,74.48,13442.0,,,,,,74.71158474109279,74.086480317427,74.01537388747462,74.97511251068562,74.84992774360087,,,,73.15354839580249,73.50387864670863,74.30024561366979,74.80444740621314,74.88107250875674,75.02625235840627,75.33413288399075,74.5338245126674,75.7931465871431,77.57719067703239,79.755487461459,83.03158933611302,"rgba(38, 166, 154, 1.0)",0.0,0.0,1.6100086032999474,76.33404002039865,-1.1515714988097063,0.0,0.0,0.0,0.0,0.0,0.0,0.0,0.0,65.37434977646149,8.39045078088153,True,False,True,False,True,0.0,0,0.9086690180063115,1.0205123445331343,False,False,False,False,-0.06432214187274464,-0.04704125105653974,False,False,False,False,-120229.0,-142070.0147306909,False,False,False,False,17137.8407526943,False,False,False,False
2025-10-15 18:00:00+00:00,74.48,74.64,74.415,74.555,20350.0,,,,,,74.67517999959091,74.12472072301462,74.03034523564229,74.96688219231072,74.84574956868292,,,,73.21251250133551,73.53922817064863,74.30599518038021,74.80099772884479,74.87719240912455,75.02104536372669,75.32656642749761,74.5338880810652,75.78269717939371,77.56055352129273,79.73329780476966,83.00888297829948,"rgba(38, 166, 154, 1.0)",0.0,0.0,1.6070457900036066,76.32585177741518,-1.1019298817933496,0.0,0.0,0.0,0.0,0.0,0.0,0.0,0.0,64.93453677096456,8.39045078088153,True,False,True,False,True,0.0,0,0.9112552107457158,1.0175081056044455,False,False,False,False,-0.04284859320900901,-0.04494492213277437,False,False,False,False,-99879.0,-141415.8904713003,False,False,False,False,17187.64167125718,False,False,False,False
2025-10-15 19:00:00+00:00,74.545,74.61,74.2,74.275,56089.0,,,,,,74.56089526452499,74.16967121017386,74.05464808244504,74.93710962790801,74.82858494295468,,,,73.33334174105832,73.61012677695739,74.30949236755642,74.78593334576388,74.86166655301392,75.00226695320447,75.30197609951674,74.5238877529787,75.75085444451858,77.51302635689385,79.67107669566575,82.94564327024442,"rgba(38, 166, 154, 1.0)",0.0,0.0,1.6061161901348735,76.2976561756598,-1.2593461096298006,0.0,0.0,0.0,0.0,0.0,0.0,0.0,0.0,61.929508907036706,8.39045078088153,True,False,True,False,False,0.0,0,0.9071204574801699,1.0195535878989108,False,False,False,False,-0.05599519439605557,-0.050470058264414974,False,False,False,False,-155968.0,-141641.50457252047,False,False,False,False,17790.76350581133,False,False,False,False
2025-10-16 14:00:00+00:00,75.155,75.415,74.885,75.39,12289.0,,,,,75.23,74.61038266247783,74.2119846468084,74.07323854841312,74.94023278818254,74.83167941237785,,,,73.37605180184721,73.64015488241898,74.3219896534632,74.78924462575027,74.86408106259873,75.00367912449707,75.30157643917195,74.53275827770565,75.74830975274706,77.50561869137918,79.65983432508814,82.93330002967204,"rgba(38, 166, 154, 1.0)",0.0,0.0,1.6054568629321326,76.29668762727084,-0.5647536524992074,0.0,0.0,0.0,0.0,0.0,0.0,0.0,0.0,65.2546761435392,8.39045078088153,True,False,True,False,True,1.3998404011437735,0,0.910507246376812,1.0027173913043472,False,False,False,False,0.023824452198116765,-0.013322803033149104,False,False,False,False,-143679.0,-141673.09364891547,False,False,False,False,17705.464846806502,False,False,False,False
2025-10-16 15:00:00+00:00,75.385,75.77,75.28,75.355,18568.0,,,,,75.37341554050407,74.69662174379074,74.28342926504082,74.10580104837088,74.9486064030132,74.83900960232917,,,,73.44489785484544,73.68996495969924,74.34503233614873,74.79681046538326,74.87000723533457,75.00799222584881,75.30296385514455,74.55018583838785,75.74625814319927,77.49567959384946,79.64386340918871,82.91529951104101,"rgba(38, 166, 154, 1.0)",0.0,0.0,1.603627888695676,76.29714996256483,-0.5875115849544947,0.0,0.0,0.0,0.0,0.0,0.0,0.0,0.0,67.1683877678115,10.058875289625867,True,False,True,False,True,1.2125352788473265,0,0.9208886480628558,0.9964779192630719,False,False,False,False,0.06405338701294781,0.025365291989899355,False,False,False,False,-162247.0,-141992.06894118036,False,False,False,False,17718.83748484051,False,False,False,False
2025-10-16 16:00:00+00:00,75.355,75.675,75.145,75.655,5561.0,,,,,75.39147239460341,74.71985660106333,74.30366248792956,74.11542154705121,74.95117310035559,74.84125239763696,,,,73.46487146460393,73.70454772398026,74.35189391779073,74.7991212880884,74.87182786887549,75.00933312162537,75.3034328933375,74.55540909161954,75.74570063300484,77.4927557829158,79.63913047329712,82.9099421875565,"rgba(38, 166, 154, 1.0)",0.0,0.0,1.6030262765283638,76.29729264915717,-0.40067505976768397,0.0,0.0,0.0,0.0,0.0,0.0,0.0,0.0,69.49489868569239,12.594110270307937,True,False,True,False,True,2.7615402627081345,0,0.9164934478084051,1.005603253502033,False,False,False,False,0.06272291931077563,0.04404410565033749,False,False,False,False,-156686.0,-142219.88182581324,False,False,False,False,17530.343880424378,False,False,False,False
2025-10-16 17:00:00+00:00,75.655,76.015,75.51,75.54,8972.0,,,,,75.45015131820519,74.76346447050794,74.34008901431854,74.13284283250601,74.95675170769495,74.84592291183228,,,,73.49933576122787,73.73011906745934,74.36467336589693,74.80386686950462,74.875667754139,75.01235662173428,75.30497025656503,74.56545980330212,75.74549866709673,77.48851835541394,79.63187817178405,82.90154379134368,"rgba(38, 166, 154, 1.0)",0.0,0.0,1.6025715595881362,76.29831050775047,-0.47318355502661774,0.0,0.0,0.0,0.0,0.0,0.0,0.0,0.0,69.9393948600598,13.403771764046738,True,False,True,False,True,2.128204578575808,0,0.9258426966292138,0.9916404494382017,False,False,False,False,0.10181468197701599,0.07292939381367675,False,False,False,False,-165658.0,-142583.26350293242,False,False,False,False,17397.656378402295,False,False,False,False
2025-10-16 18:00:00+00:00,75.54,75.54,75.01,75.03,14465.0,,,,,75.38808679308329,74.79255858857145,74.37480535279806,74.15144763566917,74.95960343074758,74.84898394669256,,,,73.5406368972273,73.75990854549643,74.3772546231959,74.80718935073513,74.87805819525317,75.01364660847054,75.30425596189903,74.57431360133984,75.74238226218196,77.47986130888697,79.61878100061895,82.88711826683655,"rgba(38, 166, 154, 1.0)",0.0,0.0,1.6006355775907897,76.29642160348347,-0.7911992093725859,0.0,0.0,0.0,0.0,0.0,0.0,0.0,0.0,65.92515080346892,13.403771764046738,True,False,True,False,False,0.0,0,0.9177175565691803,1.0005366246310698,False,False,False,False,0.047808600465449956,0.060368997139563355,False,False,False,False,-180123.0,-143165.2749214916,False,False,False,False,17352.188837651873,False,False,False,False
2025-10-16 19:00:00+00:00,75.03,75.445,74.885,75.395,81178.0,,,,,75.30380798583782,74.91618590482649,74.53594846188666,74.2491645301882,74.9774751029237,74.86748627439599,,,,73.74536948709928,73.9118469758921,74.44512439993166,74.82703977720846,74.89279142464434,75.02241704702263,75.3020864182454,74.62325276986331,75.72700945315778,77.4334661381083,79.54747735540248,82.80765550512753,"rgba(38, 166, 154, 1.0)",0.0,0.0,1.600491118318677,76.28594892590971,-0.5566722087440618,0.0,0.0,0.0,0.0,0.0,0.0,0.0,0.0,65.04767370067275,13.403771764046738,True,False,True,False,False,1.2997755542524771,0,0.9163335997868376,1.0005329070077267,False,False,False,False,0.035672188552704036,0.04802059284613369,False,False,False,False,-98945.0,-142479.68926379405,False,False,False,False,18341.736297533236,False,False,False,False
2025-10-17 14:00:00+00:00,75.07,75.105,74.815,74.88,16235.0,,,,,75.26556335893717,74.91708065630675,74.55019254348005,74.26121259074704,74.97692275370352,74.86810097214476,,,,73.77329250071666,73.93237375481488,74.45267199767652,74.82800221655458,74.89311731906825,75.02173701004062,75.29954768170786,74.62773471218031,75.72216593523972,77.42314434251121,79.53249374938254,82.79132175747074,"rgba(38, 166, 154, 1.0)",0.0,0.0,1.5991333576323914,76.28138887301466,-0.8763427179641253,0.0,0.0,0.0,0.0,0.0,0.0,0.0,0.0,60.89623569286764,17.127777984771342,True,False,True,False,False,0.0,0,0.9148420674802586,1.0132806891600858,False,False,False,False,0.01845971771187253,0.03324015527900311,False,False,False,False,-115180.0,-142056.43826745613,False,False,False,False,18309.073719276905,False,False,False,False
2025-10-17 15:00:00+00:00,74.88,75.28,74.855,75.12,17037.0,,,,,75.24791465152079,74.92579816376778,74.56958018859561,74.27615970938307,74.97832354492526,74.8702051859364,,,,73.80486831378057,73.95617800615553,74.46276678204843,74.83042118124997,74.89472241575395,75.02223976872789,75.29800874684216,74.6345669472494,75.71811142335875,77.41305815978001,79.51738933365078,82.77458326671974,"rgba(38, 166, 154, 1.0)",0.0,0.0,1.5982406374298854,76.2777000204213,-0.7243590191042745,0.0,0.0,0.0,0.0,0.0,0.0,0.0,0.0,59.41508087763397,15.557973935754887,True,False,True,False,False,0.0,0,0.918451845184519,0.9969396939693966,False,False,False,False,0.030492491782942152,0.03186632353097263,False,False,False,False,-98143.0,-141375.6097671855,False,False,False,False,18289.351646109822,False,False,False,False
2025-10-17 16:00:00+00:00,75.12,75.245,74.92,74.995,19174.0,,,,,75.22863141047176,74.93283828900674,74.58854306580885,74.29171223402516,74.97940196382771,74.872183024929,,,,73.83779926502385,73.98109955934542,74.47319018197841,74.83275774267626,74.89620168991952,75.02251540282516,75.2960493856035,74.64149232949808,75.71338444953079,77.40165741705013,79.50039199052168,82.75575475319111,"rgba(38, 166, 154, 1.0)",0.0,0.0,1.5971811260926863,76.27323832865142,-0.8003089366441926,0.0,0.0,0.0,0.0,0.0,0.0,0.0,0.0,57.57088350543651,13.595745068831363,True,False,True,False,False,0.0,0,0.9196364290856736,0.9925305975521954,False,False,False,False,0.032172106070057126,0.03201921480051488,False,False,False,False,-117317.0,-141002.60806536867,False,False,False,False,18303.06712446471,False,False,False,False
2025-10-17 17:00:00+00:00,74.995,75.095,74.86,75.055,17252.0,,,,,75.2101868416765,74.93617396420167,74.60267436295933,74.30429882693556,74.97970758389802,74.87344523579605,,,,73.86481973180825,74.00157331011464,74.4814775717465,74.83435145640603,74.89709320950762,75.02236361589031,75.29395537221998,74.64679753009617,75.70887053692721,77.39127681472661,79.48503799647307,82.73878245378482,"rgba(38, 166, 154, 1.0)",0.0,0.0,1.59409694280499,76.26882593159368,-0.7614505109443431,0.0,0.0,0.0,0.0,0.0,0.0,0.0,0.0,56.71029892721553,12.504684329271996,True,False,True,False,False,0.0,0,0.9190574691968705,0.992715172227718,False,False,False,False,0.02041808524598934,0.02621865002325211,False,False,False,False,-100065.0,-140367.91646745597,False,False,False,False,18286.771510131923,False,False,False,False
2025-10-17 18:00:00+00:00,75.055,75.18,74.965,75.145,33107.0,,,,,75.19477368854183,74.94953419829606,74.63298884642144,74.3303106227295,74.9825053642319,74.87749314775863,,,,73.91728855430162,74.04210543457927,74.49939504918413,74.83897185543182,74.90023021715831,75.02347504225914,75.29128363345023,74.65910871875496,75.7014919390803,77.37237464767283,79.45647259367217,82.70680995899674,"rgba(38, 166, 154, 1.0)",0.0,0.0,1.592369332186237,76.26159212706068,-0.7012142877228512,0.0,0.0,0.0,0.0,0.0,0.0,0.0,0.0,56.72047992504074,12.136603267540906,True,False,True,False,False,0.02995358439212481,0,0.9201007737988126,0.9927118949073236,False,False,False,False,0.03105234363448928,0.028635496828870698,False,False,False,False,-66958.0,-139229.77822765044,False,False,False,False,18516.542494470963,False,False,False,False
2025-10-17 19:00:00+00:00,75.145,75.345,75.065,75.11,32837.0,,,,,75.19222905334175,74.96660313047276,74.66399043101217,74.35689405361178,74.98692800461117,74.88272016702922,,,,73.96820088678989,74.08216298814108,74.51831691964102,74.84471294287025,74.90442263463348,75.02566584155662,75.2897203421174,74.67269746513269,75.69525279655255,77.3545530861906,79.42899694720353,82.67567820570962,"rgba(38, 166, 154, 1.0)",0.0,0.0,1.590735220122348,76.25535452169794,-0.7200158186035805,0.0,0.0,0.0,0.0,0.0,0.0,0.0,0.0,56.410627331144724,11.399003281218455,True,False,True,False,False,0.0,0,0.9203698716222284,0.9899452374539902,False,False,False,False,0.04589660030876807,0.037266048568819383,False,False,False,False,-99795.0,-138618.38631714424,False,False,False,False,18738.56509145591,False,False,False,False
2025-10-20 14:00:00+00:00,75.635,76.09,75.63,75.8,12428.0,,,,75.83999999999999,75.22007552095042,74.99110721945053,74.68898422665823,74.37438564159405,74.99434572093976,74.88907902512722,,,,73.99648241850561,74.10541009441903,74.53221383610551,74.85113909355046,74.90982693400251,75.0301467484403,75.29246690166195,74.6842566103924,75.6958970713235,77.34992176839864,79.42030447206695,82.66500367487278,"rgba(38, 166, 154, 1.0)",0.0,0.0,1.592358605316366,76.12522476686348,-0.20424090765589215,0.0,0.0,0.0,0.0,0.0,0.0,0.0,0.0,60.194147263593436,11.399003281218455,True,False,True,False,True,3.4968143502145566,0,0.9215407828170766,0.9815390077216645,False,False,False,False,0.11970407665544697,0.07848506261213317,False,False,False,False,-87367.0,-137823.7911804443,False,False,False,False,18640.726872983723,False,False,False,False
2025-10-20 15:00:00+00:00,75.805,75.83,75.39,75.44,13216.0,,,,75.69226225757812,75.23464402391733,75.00739526932728,74.7080873018395,74.38898848652866,74.99946711505676,74.89373827926593,,,,74.02110122719085,74.12549036356431,74.543504967665,74.85592745512642,74.91375566028569,75.03319032908723,75.29384418579721,74.69331289062706,75.69522545997398,77.3440986243195,79.41037049902135,82.65321358825288,"rgba(38, 166, 154, 1.0)",0.0,0.0,1.5927538393580936,76.1176826083083,-0.4254785589350202,0.0,0.0,0.0,0.0,0.0,0.0,0.0,0.0,59.6190614993881,11.399003281218455,True,False,True,False,True,1.51445890897633,1,0.911605638797766,0.9926411915949992,False,False,False,False,0.09268694382272713,0.08558600321743015,False,False,False,False,-100583.0,-137246.41457299556,False,False,False,False,18556.622580379324,False,False,False,False
2025-10-20 16:00:00+00:00,75.435,75.46,75.155,75.4,15799.0,,,,75.55733662299222,75.23979364575408,75.01847293169627,74.72431019847569,74.4028405020652,75.00313835765516,74.89743528197084,,,,74.04553996057415,74.14526994418306,74.55387453430168,74.85982818484109,74.91683195170317,75.0352977506053,75.29412321942807,74.70124919104184,75.69322681093279,77.3363568749727,79.39790350736793,82.63874512831414,"rgba(38, 166, 154, 1.0)",0.0,0.0,1.5932486303761109,76.10938250561108,-0.44524281526833254,0.0,0.0,0.0,0.0,0.0,0.0,0.0,0.0,58.90721721202773,11.399003281218455,True,False,True,False,True,1.2960035515526052,0,0.9175588865096361,0.9964311206281224,False,False,False,False,0.05854959345361855,0.07206779833552435,False,False,False,False,-116382.0,-136922.9352772902,False,False,False,False,18513.86874192383,False,False,False,False
2025-10-20 17:00:00+00:00,75.4,75.46,75.015,75.08,22866.0,,,,75.42494692292941,75.23611924606432,75.02616778922679,74.74085654620167,74.41901642356616,75.00594592140344,74.90085496468912,,,,74.07533666429559,74.16924513191101,74.5655705964178,74.86358962159396,74.9196149147084,75.03677930444866,75.29314157152636,74.70971291007517,75.68914068339146,77.32440564148558,79.37931810786169,82.61746820906346,"rgba(38, 166, 154, 1.0)",0.0,0.0,1.5931255047456334,76.09911695174318,-0.6396965893191845,0.0,0.0,0.0,0.0,0.0,0.0,0.0,0.0,55.90914155913937,10.325298317567963,True,False,True,False,False,0.0,0,0.9171776415178178,0.9919132675730912,False,False,False,False,0.0506723034329629,0.06137005088424362,False,False,False,False,-139248.0,-136958.98279237098,False,False,False,False,18581.343645149816,False,False,False,False
2025-10-20 18:00:00+00:00,75.08,75.26,75.04,75.14,18840.0,,,,75.36189384919443,75.23143560462891,75.03058717529929,74.75252038951373,74.43120769885881,75.00771337514226,74.90324007750732,,,,74.09793233862706,74.18746898631788,74.57430999230196,74.866262114905,74.92153985965399,75.03766809741695,75.29206390244855,74.71592231277789,75.68557077934197,77.31448331486484,79.36398896469652,82.59993861440917,"rgba(38, 166, 154, 1.0)",0.0,0.0,1.5929105125204166,76.09266410248847,-0.5980650482248978,0.0,0.0,0.0,0.0,0.0,0.0,0.0,0.0,54.36169885552935,8.733976780639566,True,False,True,False,False,0.0,1,0.9173480270174195,0.9958229648062562,False,False,False,False,0.0408344046990248,0.05110222779163421,False,False,False,False,-120408.0,-136702.37840799312,False,False,False,False,18585.353821194003,False,False,False,False
2025-10-20 19:00:00+00:00,75.14,75.455,75.12,75.45,34095.0,,,,75.35601170777751,75.24097646978184,75.04994921678662,74.78164967320643,74.45800088096195,75.01513543498639,74.91080584814323,,,,74.14365919669197,74.22514251095114,74.59464190646122,74.87424808614585,74.92788835744268,75.0420536401726,75.29271567118019,74.73161124674598,75.68152331373588,77.29834946841497,79.33779779457856,82.56924786805376,"rgba(38, 166, 154, 1.0)",0.0,0.0,1.5922716985989915,76.08883054895219,-0.4012069984753732,0.0,0.0,0.0,0.0,0.0,0.0,0.0,0.0,55.535683145979085,8.733976780639566,True,False,True,False,False,1.5653768380781656,1,0.919369129895446,0.9909622541201485,False,False,False,False,0.05629824109305993,0.05370023444234707,False,False,False,False,-86313.0,-135921.147735001,False,False,False,False,18825.813451873164,False,False,False,False
2025-10-21 14:00:00+00:00,75.33,75.665,75.23,75.52,5994.0,,,,75.36163688689095,75.24443411441987,75.05451379910194,74.78759579512146,74.46321815550608,75.01691224787156,74.91250222319778,,,,74.15218768894734,74.2322546103321,74.59870821762752,74.87600717798777,74.92932909975684,75.04314045422694,75.29312809689674,74.73485895271382,75.68109000552306,77.29572696278484,79.33337716839273,82.56397571621311,"rgba(38, 166, 154, 1.0)",0.0,0.0,1.5925413058404376,76.08876525927583,-0.35714317562123066,0.0,0.0,0.0,0.0,0.0,0.0,0.0,0.0,56.78641603908461,8.733976780639566,True,False,True,False,True,1.9418250259213359,1,0.9229751191106409,0.9865007940709365,False,False,False,False,0.0743269596019392,0.06401359702214314,False,False,False,False,-80319.0,-135059.09893290797,False,False,False,False,18626.87060765808,False,False,False,False
2025-10-21 15:00:00+00:00,75.52,75.895,75.505,75.89,6746.0,,,,75.38248440833743,75.25304204915336,75.06304453019723,74.79696806816658,74.47070591462752,75.02016751420429,74.91538867217062,,,,74.16374903689018,74.24202348175815,74.60475388395038,74.87893797568302,74.93180862872403,75.04518511605683,75.29434457319523,74.73991365777843,75.6812806816885,77.29325494229414,79.32878886808672,82.55829511690527,"rgba(38, 166, 154, 1.0)",0.0,0.0,1.5953310961375577,76.09013530762036,-0.1254506403748432,0.0,0.0,0.0,0.0,0.0,0.0,0.0,0.0,59.86563798808792,5.60434178065568,True,False,True,False,True,3.907473692102993,0,0.9249164761737296,0.985756989625461,False,False,False,False,0.10288163742805902,0.08344761722510108,False,False,False,False,-73573.0,-134105.82608123496,False,False,False,False,18442.6710633533,False,False,False,False
2025-10-21 16:00:00+00:00,75.85,76.005,75.64,75.655,8907.0,,,,75.4071217957487,75.26405078054187,75.07405049994176,74.80911203564926,74.48048632369932,75.02444140552103,74.91918475844692,,,,74.17879342798697,74.25476018170279,74.6126634047745,74.88279256472617,74.9350729825698,75.0478794914389,75.295952471588,74.74653344982448,75.68154126106727,77.29001031564978,79.32275444336338,82.55081299911004,"rgba(38, 166, 154, 1.0)",0.0,0.0,1.5967640334049156,76.09179346919034,-0.27354916572044935,0.0,0.0,0.0,0.0,0.0,0.0,0.0,0.0,59.59163795501367,5.60434178065568,True,False,True,False,True,2.555128194578483,0,0.9257956743449973,0.9895375417619127,False,False,False,False,0.11679248970860437,0.10012005346685272,False,False,False,False,-82480.0,-133305.42567687473,False,False,False,False,18294.83120190596,False,False,False,False
2025-10-21 17:00:00+00:00,75.64,75.7,75.52,75.54,4676.0,,,,75.41296960072069,75.26764050237719,75.07822565343284,74.81419072722247,74.48485165196084,75.02612618934555,74.92074370672424,,,,74.18569638837627,74.26057592186906,74.61613181795913,74.88439340135223,74.93640777564573,75.04893373887391,75.29647109744772,74.74936746446897,75.68138950320623,77.28811184530213,79.31943472595945,82.5467875859947,"rgba(38, 166, 154, 1.0)",0.0,0.0,1.5799354958884637,76.09199452049727,-0.3493778840552288,0.0,0.0,0.0,0.0,0.0,0.0,0.0,0.0,58.32642849963275,5.60434178065568,True,False,True,False,True,1.897041584539604,0,0.9231853417899927,0.9963002114164898,False,False,False,False,0.09268694382272713,0.09640349864478992,False,False,False,False,-87156.0,-132589.93070514023,False,False,False,False,18083.686532108968,False,False,False,False
2025-10-21 18:00:00+00:00,75.53,75.9,75.52,75.665,9278.0,,,,75.43008941520277,75.27687183367479,75.08803463509929,74.82545985824211,74.49425369199416,75.03007970338187,74.92431519206055,,,,74.20023837142085,74.27289681628592,74.62370120823525,74.88803495418286,74.93947866154024,75.05143235404049,75.29787679877857,74.75565469045712,75.68143256369169,77.28459649745335,79.3130559230274,82.5389383294754,"rgba(38, 166, 154, 1.0)",0.0,0.0,1.5577789021890307,76.0930237207667,-0.2747653856174446,0.0,0.0,0.0,0.0,0.0,0.0,0.0,0.0,58.411553707355935,5.60434178065568,True,False,True,False,True,2.5786349240930306,0,0.9231917134831459,0.9911341292134824,False,False,False,False,0.10401565929014274,0.10020957896746632,False,False,False,False,-77878.0,-131741.68371746363,False,False,False,False,17947.164260293324,False,False,False,False
2025-10-21 19:00:00+00:00,75.665,75.82,75.625,75.76,19693.0,,,,75.46489104815558,75.29695566468466,75.10916066967346,74.84950633866447,74.51438261541266,75.03881387993367,74.9321755483398,,,,74.2309960470876,74.29907585410346,74.64000772054533,74.89603473290715,74.94625584062369,75.05699793925366,75.30112509240254,74.76928306389269,75.68178988315204,77.27737264502188,79.29973960293067,82.522434383687,"rgba(38, 166, 154, 1.0)",0.0,0.0,1.5346924362461118,76.09535750040885,-0.21851772543372797,0.0,0.0,0.0,0.0,0.0,0.0,0.0,0.0,59.17418428084987,5.60434178065568,True,False,True,False,True,3.098529960787875,0,0.9249603663906992,0.9959485643825962,False,False,False,False,0.10543356192147084,0.10282157044446857,False,False,False,False,-58185.0,-130601.27001641768,False,False,False,False,17974.23148106397,False,False,False,False
2025-10-22 14:00:00+00:00,76.495,76.83,76.48,76.56,8620.0,,,76.62333333333335,75.52001294450149,75.32192847246337,75.13049820173288,74.86979901383735,74.52925313866058,75.0473611198025,74.9393226576129,,,,74.25179958860899,74.31715029269891,74.65266496509244,74.90314659729293,74.95248643058957,75.06256036794443,75.30541192297964,74.78050809913184,75.68453098617869,77.2760407678234,79.2953867136875,82.51617764852584,"rgba(38, 166, 154, 1.0)",0.0,0.0,1.5227017329617512,76.02074613144414,0.3541428087212968,0.0,0.0,0.0,0.0,0.0,0.0,0.0,0.0,63.957391257249405,10.133497097416821,True,False,True,False,True,7.2761678688406555,0,0.9237971391417426,0.989770264412657,False,False,False,False,0.21791330263811992,0.16036743654129426,False,False,False,False,-49565.0,-129344.89373709337,False,False,False,False,17829.20463639631,False,False,False,False
2025-10-22 15:00:00+00:00,76.545,76.735,76.47,76.52,7034.0,,,76.60161513564158,75.55944490201497,75.34088896035495,75.14691983954332,74.88557016165547,74.5409566216359,75.0540559052868,74.94494405001718,,,,74.26816872599058,74.33138745830387,74.66262391511214,74.90874485192163,74.95739036737686,75.06693051594321,75.30876193929171,74.78933000677473,75.68664140377807,77.27487777340407,79.29178113208621,82.51104012453737,"rgba(38, 166, 154, 1.0)",0.0,0.0,1.5086548271173692,76.02403612442286,0.32874575858069865,0.0,0.0,0.0,0.0,0.0,0.0,0.0,0.0,66.70445566125088,12.634707253387276,True,False,True,False,True,7.032989191888511,0,0.9251429561601108,0.9910760700051984,False,False,False,False,0.23178088736157543,0.19607416195143484,False,False,False,False,-56599.0,-128217.05042333998,False,False,False,False,17661.83712265373,False,False,False,False
2025-10-22 16:00:00+00:00,76.52,76.555,75.97,76.3,6903.0,,,76.50166282454818,75.58476321791947,75.35455699458068,75.1593665735882,74.89806802357654,74.55063777818935,75.05928448137706,74.94941489271908,,,,74.28195010883321,74.34334094193409,74.67078004055263,74.91321989221163,74.96128702746901,75.07034649934869,75.31125757146037,74.796463276231,75.688006672881,77.27325256036286,79.28786227457701,82.50575253984279,"rgba(38, 166, 154, 1.0)",0.0,0.0,1.491327179647011,76.02192493045854,0.1864614776264435,0.0,0.0,0.0,0.0,0.0,0.0,0.0,0.0,66.1211311108898,12.634707253387276,True,False,True,False,True,5.694448109140023,0,0.9351081530782027,0.9906296523338294,False,False,False,False,0.19011761343714043,0.19309588769428765,False,False,False,False,-63502.0,-127213.71630824944,False,False,False,False,17495.033446333517,False,False,False,False
2025-10-22 17:00:00+00:00,76.315,76.59,76.27,76.585,15427.0,,,76.49354149115416,75.65048808042232,75.39024670718413,75.19118730215185,74.92927445880923,74.57443435501307,75.07276823922251,74.96083954354329,,,,74.31519904438579,74.37233264723865,74.69102283041828,74.92461743129375,74.97126955496583,75.07920901875845,75.31797461415665,74.81435396018823,75.69210123900285,77.27038752283264,79.27973924096402,82.49435893850647,"rgba(38, 166, 154, 1.0)",0.0,0.0,1.4784938403771541,76.02945399683227,0.37575131393581174,0.0,0.0,0.0,0.0,0.0,0.0,0.0,0.0,67.22253815715936,13.120816201045102,True,False,True,False,True,7.15776840680471,0,0.9435320980064983,0.9760252919996488,False,False,False,False,0.21055278962473284,0.20182433865951024,False,False,False,False,-48075.0,-125986.75946626106,False,False,False,False,17462.970912281835,False,False,False,False
2025-10-22 18:00:00+00:00,76.6,76.665,76.265,76.33,8665.0,,,76.47988124075542,75.68090877500339,75.40824125462323,75.20757515312795,74.94559382430307,74.58712099455914,75.07990362993014,74.96692492690646,,,,74.33291797985689,74.38780839495534,74.70181073741479,74.93069614522682,74.97659265305775,75.08392151168135,75.32151557733823,74.8238716058183,75.69420441110056,77.26866226404518,79.27509720718366,82.48791284965544,"rgba(38, 166, 154, 1.0)",0.0,0.0,1.459500630382611,76.03267499011642,0.20371694516201394,0.0,0.0,0.0,0.0,0.0,0.0,0.0,0.0,65.32329110673817,13.120816201045102,True,False,True,False,False,5.6039616595583475,0,0.9433415319747012,0.9736472241742797,False,False,False,False,0.2148442543027722,0.2083342964811412,False,False,False,False,-56740.0,-124913.16629624151,False,False,False,False,17326.568262479013,False,False,False,False
2025-10-22 19:00:00+00:00,76.35,76.485,76.21,76.37,20006.0,,,76.44239906983721,75.73728947614131,75.44495773143515,75.2418504731971,74.98033887308881,74.61474093299316,75.0953075644775,74.98016309133925,,,,74.37147086423472,74.42154626927685,74.72528816192191,74.94393946104869,74.9881878309659,75.09415311462841,75.32912611751418,74.84454347017733,75.69858341241775,77.26440250325754,79.26419420064984,82.47292319751733,"rgba(38, 166, 154, 1.0)",0.0,0.0,1.4404088883934703,76.03856663200753,0.23009672507792672,0.0,0.0,0.0,0.0,0.0,0.0,0.0,0.0,64.30961184720653,13.120816201045102,True,False,True,False,False,5.813403800602764,0,0.9485080538684972,0.9700730569492122,False,False,False,False,0.20046706351525467,0.20440067999819794,False,False,False,False,-36734.0,-123546.04743893543,False,False,False,False,17368.10983980492,False,False,False,False
2025-10-23 14:00:00+00:00,76.17,76.5,76.1,76.36,4630.0,,,76.43444918285753,75.74835467395066,75.45274151869938,75.24925274393937,74.98793866506242,74.62088440410707,75.09872203919737,74.98311382475397,,,,74.38003086208904,74.42905162795516,74.73051219362637,74.94689419794429,74.99077556049443,75.09643251158906,75.33081193727872,74.84913926168514,75.69953499385103,77.26338459408099,79.26165228563687,82.46944478252826,"rgba(38, 166, 154, 1.0)",0.0,0.0,1.4168548724999592,76.03979139682102,0.22599957793418426,0.0,0.0,0.0,0.0,0.0,0.0,0.0,0.0,63.51950777319249,13.120816201045102,True,False,True,False,False,5.751232138033739,0,0.9523893338026928,0.9640059843351227,False,False,False,False,0.1946784608036935,0.19953957040094572,False,False,False,False,-41364.0,-122271.90716856433,False,False,False,False,17170.619764769188,False,False,False,False
2025-10-23 15:00:00+00:00,76.385,76.62,76.325,76.61,7229.0,,,76.44217262738702,75.77052607959043,75.4673383902409,75.26271263880453,75.00137490228371,74.6314978089689,75.10487490072359,74.98837466326056,,,,74.3945976717413,74.44186882852118,74.73960984435729,74.95214496199489,74.99539570175895,75.10054866210398,75.33395808648844,74.85721776637557,75.70148798462705,77.26213288027252,79.2579592536141,82.46419656232824,"rgba(38, 166, 154, 1.0)",0.0,0.0,1.4073494350834044,76.0434220553699,0.402585122433733,0.0,0.0,0.0,0.0,0.0,0.0,0.0,0.0,64.69409409665596,13.120816201045102,True,False,True,False,False,7.084122209881727,0,0.9628682307285235,0.9557241136002822,False,False,False,False,0.21576486359820202,0.20765221699957387,False,False,False,False,-34135.0,-120905.44349153232,False,False,False,False,17016.48612500532,False,False,False,False
2025-10-23 16:00:00+00:00,76.61,76.83,76.605,76.735,4879.0,,,76.4586222464715,75.78869014174396,75.47884407986389,75.27309377304958,75.01151830450605,74.639365156083,75.1095954581024,74.99237800756191,,,,74.40525567581327,74.45127619409817,74.74639953381883,74.95613028919075,74.9989157826041,75.10371303565756,75.3364379864217,74.86329350364052,75.70313032221733,77.26152263202528,79.25565845383925,82.46078160452873,"rgba(38, 166, 154, 1.0)",0.0,0.0,1.4060100245682225,76.04691760587004,0.4893865492468803,0.0,0.0,0.0,0.0,0.0,0.0,0.0,0.0,66.24768901645439,13.120816201045102,True,False,True,False,True,7.744592700543535,0,0.9707390381895332,0.9477545968882602,False,False,False,False,0.24604670493461697,0.2268494609670954,False,False,False,False,-29256.0,-119484.52188701244,False,False,False,False,16828.308045547874,False,False,False,False
2025-10-23 17:00:00+00:00,76.73,76.81,76.435,76.75,12495.0,,,76.48551497580509,75.82948161380295,75.50603356992555,75.29797598268685,75.03609158250681,74.65868948273632,75.12112756308166,75.0022040404154,,,,74.43143507714294,74.47440861694312,74.76307079918237,74.96592109015909,75.00756281518703,75.11147106892001,75.34248333289024,74.87819204562149,75.70707321547415,77.2597973750006,79.2496498701246,82.45196574837732,"rgba(38, 166, 154, 1.0)",0.0,0.0,1.4180799002879738,76.05452806864558,0.49043211966630884,0.0,0.0,0.0,0.0,0.0,0.0,0.0,0.0,67.37923797087593,13.70995139001753,True,False,True,False,True,7.8245848983639945,0,0.9669137109581787,0.947503088053644,False,False,False,False,0.23425509652731372,0.23055227874720458,False,False,False,False,-16761.0,-117891.90914457812,False,False,False,False,16761.12497507426,False,False,False,False
2025-10-23 18:00:00+00:00,76.76,76.9,76.59,76.67,10650.0,,,76.50895511460698,75.86346526274804,75.52929712227235,75.31931782545914,75.05715499917197,74.67531529631361,75.13116809047092,75.01076251107357,,,,74.45381247576562,74.49423259518372,74.77745771976426,74.97444533804607,75.01510472266183,75.1182549097954,75.3478052543924,74.89108246938275,75.71059997173188,77.25846997528998,79.24465897979177,82.44454399143278,"rgba(38, 166, 154, 1.0)",0.0,0.0,1.4246301875112426,76.06114176234982,0.4273798512678063,0.0,0.0,0.0,0.0,0.0,0.0,0.0,0.0,66.89670167640557,13.70995139001753,True,False,True,False,True,7.2919246414599,0,0.9700715105500131,0.9468526529531207,False,False,False,False,0.24947248361824464,0.2400123811827246,False,False,False,False,-27411.0,-116489.10435163892,False,False,False,False,16666.378851429698,False,False,False,False
2025-10-23 19:00:00+00:00,76.66,76.675,76.3,76.33,17212.0,,,76.49866892929292,75.89666693104908,75.5565047393985,75.34573820104654,75.08445737103439,74.69795816742995,75.14426776768713,75.02213893523232,,,,74.48463330805619,74.52153260946255,74.79692070189562,74.98582708385587,75.02513988275248,75.1271690633678,75.35455142674104,74.90835054363365,75.71465338272614,77.25521027339725,79.23572859099177,82.4319947193046,"rgba(38, 166, 154, 1.0)",0.0,0.0,1.4300939993035402,76.06661597191598,0.18417252866754752,0.0,0.0,0.0,0.0,0.0,0.0,0.0,0.0,62.11292452975451,15.871233791965949,True,False,True,False,False,5.059050142699583,0,0.9661121380160195,0.9474518088196462,False,False,False,False,0.2176071648639488,0.22880977302333672,False,False,False,False,-44623.0,-115374.90118339645,False,False,False,False,16674.83809404319,False,False,False,False
2025-10-24 14:00:00+00:00,76.475,76.76,76.475,76.535,5220.0,,,76.50236551135923,75.90867058806623,75.56583542753762,75.35461060947566,75.09345090021893,74.70531303788121,75.14865958956166,75.02592788895188,,,,74.49451978387118,74.53031936282866,74.80328337502662,74.98960938608036,75.02848686030087,75.13016629946883,75.35687201135347,74.91403545634935,75.71613632769056,77.25441263296025,79.23318068867108,82.42829726863818,"rgba(38, 166, 154, 1.0)",0.0,0.0,1.4391470759805804,76.06895908014457,0.3238313356804674,0.0,0.0,0.0,0.0,0.0,0.0,0.0,0.0,60.83850406307396,14.72793094556205,False,False,True,False,False,6.207461029449227,0,0.9685142957375896,0.9422031222592527,False,False,False,False,0.23363628123725078,0.23122302713029375,False,False,False,False,-39403.0,-114197.04225032053,False,False,False,False,16497.243704988257,False,False,False,False
2025-10-24 15:00:00+00:00,76.535,76.915,76.53,76.815,10351.0,,,76.52101142924136,75.93670602740343,75.58672086631071,75.37411244058129,75.11288265735047,74.72097894467692,75.15826790300353,75.03416626504652,,,,74.5153589661774,74.54888846073767,74.81690887606477,74.997817090465,75.0357713895503,75.13673441687803,75.3620540287492,74.9262830462589,75.71960898180471,77.25322403473085,79.22845412309715,82.4211839636466,"rgba(38, 166, 154, 1.0)",0.0,0.0,1.4536002213816401,76.00740297359637,0.5555840006931273,0.0,0.0,0.0,0.0,0.0,0.0,0.0,0.0,62.16937068561232,14.72793094556205,False,False,True,False,False,7.7465316770096635,1,0.971175749080077,0.939635535307517,False,False,False,False,0.2466691506217223,0.23894608887600802,False,False,False,False,-29052.0,-112876.96407589695,False,False,False,False,16401.95310491092,False,False,False,False
2025-10-24 16:00:00+00:00,76.82,76.845,76.26,76.39,5193.0,,,76.52019650921942,75.94590493042152,75.59469423376957,75.38192159781912,75.12097210025932,74.72777360699061,75.16228137076567,75.03766117584256,,,,74.52449479446221,74.55702386989087,74.82278242221868,75.00131215382466,75.03886369314807,75.13949297503878,75.36416549088844,74.93151727376167,75.72091482540165,77.25232674606303,79.22584602733839,82.41746174311986,"rgba(38, 166, 154, 1.0)",0.0,0.0,1.4620873853910628,76.00501223480242,0.2633137861965799,0.0,0.0,0.0,0.0,0.0,0.0,0.0,0.0,58.49179137403365,12.691678894670254,False,True,True,False,False,4.97526864957878,1,0.9800303111348845,0.9382187750735492,False,False,False,False,0.2256074722747949,0.23227678057540146,False,False,False,False,-34245.0,-111657.86385766599,False,False,False,False,16228.170886230131,False,False,False,False
2025-10-24 17:00:00+00:00,76.39,76.635,76.335,76.4,10242.0,,,76.5159920024641,75.96188818004609,75.60931141057456,75.3964465596778,75.13617857287097,74.74071157915347,75.1698822880068,75.04431017442342,,,,74.54189340754893,74.57253155355475,74.83396209095658,75.00796732246175,75.04475135627963,75.14473513858196,75.36815480118626,74.941467258208,75.72334015765128,77.25046583680492,79.22063837823288,82.4100826329174,"rgba(38, 166, 154, 1.0)",0.0,0.0,1.4619555674090212,76.00409873696293,0.27080252769837504,0.0,0.0,0.0,0.0,0.0,0.0,0.0,0.0,56.13063800281088,10.55802825524328,False,True,True,False,False,5.031530668927157,1,0.9829519964109463,0.9416778824585016,False,False,False,False,0.2173000139669402,0.22478839727117084,False,False,False,False,-24003.0,-110298.87372033783,False,False,False,False,16135.362035280827,False,False,False,False
2025-10-24 18:00:00+00:00,76.405,76.41,76.235,76.295,8247.0,,,76.50573865716174,75.97052607579998,75.61879510390665,75.40631698523526,75.14687165795037,74.75013100642829,75.17526353041835,75.04908016409166,,,,74.55464513282371,74.58389971176535,74.84206815127038,75.01275624255533,75.04897908454947,75.14846810791003,75.37092573343969,74.94863624045853,75.72490203480292,77.24870429589177,79.21624260466777,82.40401140310144,"rgba(38, 166, 154, 1.0)",0.0,0.0,1.456248920657478,76.00251357322028,0.2008491972977145,0.0,0.0,0.0,0.0,0.0,0.0,0.0,0.0,53.500374213114185,8.159296982768268,False,True,True,False,False,4.348460073243626,1,0.9753840625280744,0.9439403467792653,False,False,False,False,0.1974188016577073,0.21110359946443907,False,False,False,False,-32250.0,-109088.81366265817,False,False,False,False,16013.061848687325,False,False,False,False
2025-10-24 19:00:00+00:00,76.295,76.34,76.09,76.095,15544.0,,,76.47694510875755,75.97957899084268,75.63256732403039,75.4216035717804,75.16417822153879,74.76603720995702,75.18405339185736,75.05700072984484,,,,74.57633548714345,74.60324575799198,74.85569342321672,75.02073759764495,75.05600790324682,75.15461168736162,75.37534430493471,74.96059745418577,75.72713669839744,77.24491370184988,79.20760035744082,82.39234196663796,"rgba(38, 166, 154, 1.0)",0.0,0.0,1.4472203490608775,75.9987697663098,0.06649314581061412,0.0,0.0,0.0,0.0,0.0,0.0,0.0,0.0,49.87091239832016,4.854605249689357,False,True,False,False,False,3.0536317127372783,0,0.9776072234762978,0.9451015801354403,False,False,False,False,0.18435171389381994,0.1977276566791295,False,False,False,False,-47794.0,-108138.50647408982,False,False,False,False,16005.789571963489,False,False,False,False
2025-10-27 14:00:00+00:00,75.81,76.12,75.72,75.935,10804.0,,,76.44545219372137,75.97794956464551,75.6375150546121,75.42846687598036,75.17297688063393,74.77496052313701,75.18855387627603,75.06122422055543,,,,74.58876803537879,74.61432250653114,74.86323716029544,75.02503323558977,75.05976189495614,75.1578030612096,75.37743573145877,74.96709129814698,75.72781714811131,77.24168278686282,79.2011295500185,82.3839316328304,"rgba(38, 166, 154, 1.0)",0.0,0.0,1.4369899314400956,75.99372526418473,-0.040866858493488416,0.0,0.0,0.0,0.0,0.0,0.0,0.0,0.0,46.10159715126599,1.4707266655835127,False,True,False,True,False,2.027545922635465,0,0.973567884528642,0.9432566531348671,False,False,False,False,0.14879720939236002,0.17326243303574476,False,False,False,False,-58598.0,-107370.43660627448,False,False,False,False,15925.141671622969,False,False,False,False
2025-10-27 15:00:00+00:00,75.93,76.035,75.82,75.895,10243.0,,,76.41831535517099,75.97626274189446,75.64192214325675,75.43469684039431,75.18104239745806,74.78323413066188,75.19272276076563,75.06515235849892,,,,74.60027298205252,74.62458831203844,74.87023618112835,75.02903093897208,75.06325713950073,75.16077180001605,75.37937396194592,74.97311483897177,75.72843087561306,77.23861491621045,79.19500271017033,82.37596792083976,"rgba(38, 166, 154, 1.0)",0.0,0.0,1.4307379340861774,75.99019536779996,-0.06653585225638244,0.0,0.0,0.0,0.0,0.0,0.0,0.0,0.0,43.25413560339899,-1.060074443782561,False,True,False,True,False,1.7700937493457047,0,0.9752573595810002,0.943380892179881,False,False,False,False,0.14969615796365734,0.16147929549970105,False,False,False,False,-68841.0,-106773.08099997565,False,False,False,False,15837.046451907883,False,False,False,False
2025-10-27 16:00:00+00:00,75.89,76.175,75.76,76.01,19562.0,,,76.37933982338303,75.97653262495724,75.65186587548692,75.44770992148239,75.1972886016223,74.79959366573809,75.20125632184418,75.07311999037717,,,,74.62275814253039,74.64471485118038,74.88416211154424,75.03711881102463,75.0703561443362,75.16685944358663,75.38348028604503,74.98518677811023,75.72999288542964,77.23308137409589,79.18359574907095,82.36096575586876,"rgba(38, 166, 154, 1.0)",0.0,0.0,1.4229680470974073,75.98718243562779,0.016035190964942457,0.0,0.0,0.0,0.0,0.0,0.0,0.0,0.0,42.972009045264855,-1.338757263575431,False,True,False,True,False,2.481164955664248,0,0.9737366419126969,0.9509146893678683,False,False,False,False,0.1544946451851972,0.15798697034244913,False,False,False,False,-49279.0,-105881.69989920083,False,False,False,False,15894.79766970776,False,False,False,False
2025-10-27 17:00:00+00:00,76.015,76.035,75.845,75.96,5998.0,,,76.36781360757526,75.97608218587919,75.65448791236817,75.45132332368226,75.20192225577229,74.80437476401927,75.20372028864584,75.07544226325365,,,,74.62933271651193,74.65060846790455,74.88822842305773,75.03948036077746,75.07242811809527,75.16862855731858,75.38465514045245,74.98870255464217,75.73040189893865,77.23134727386012,79.18007635614065,82.35635480016971,"rgba(38, 166, 154, 1.0)",0.0,0.0,1.4270495770969704,75.98631745579388,-0.018441865101438214,0.0,0.0,0.0,0.0,0.0,0.0,0.0,0.0,42.26667265612576,-2.19892536890859,False,True,False,True,False,2.148811694793025,0,0.9728162377673067,0.9541500543675248,False,False,False,False,0.15119494015841772,0.15459095525043343,False,False,False,False,-55277.0,-105097.13090851554,False,False,False,False,15741.358946146398,False,False,False,False
2025-10-27 18:00:00+00:00,75.97,76.15,75.91,76.07,24466.0,,,76.33601032903347,75.97997969954378,75.66810131080432,75.46830950510143,75.22262221386511,74.82508705865953,75.2148904264328,75.0858253397203,,,,74.65740684881817,74.67585855112758,74.90598341406412,75.05000053257075,75.08170262984217,75.1766487734056,75.39021267076568,75.0042017134658,75.73279304306725,77.22485061907123,79.16622640641143,82.33789768039202,"rgba(38, 166, 154, 1.0)",0.0,0.0,1.432841808660606,75.98629619069783,0.05841803944875776,0.0,0.0,0.0,0.0,0.0,0.0,0.0,0.0,43.43361104219658,-2.19892536890859,False,True,False,True,False,2.8436360735012514,0,0.9728748979406694,0.9546402975596481,False,False,False,False,0.1620065225794884,0.1582987389149609,False,False,False,False,-30811.0,-103945.4079486936,False,False,False,False,15876.624698919322,False,False,False,False
2025-10-27 19:00:00+00:00,76.055,76.245,75.945,76.01,72748.0,,,76.27522820193072,75.99272212635667,75.70567977956946,75.51534541288831,75.28015612218796,74.88388138646377,75.24730304494926,75.11614468513874,,,,74.73596573051172,74.74699955117273,74.95671307216323,75.08072346776684,75.10890640168351,75.20026984038962,75.40676822574723,75.04868586987675,75.74021024105053,77.20631961469788,79.12606002912942,82.28384983151736,"rgba(38, 166, 154, 1.0)",0.0,0.0,1.437823921983419,75.99051062467426,0.013554771921489989,0.0,0.0,0.0,0.0,-1.0,75.91,75.815,0.0,43.471855893039034,-2.19892536890859,False,True,False,True,False,2.4325860654076905,0,0.9689058108965639,0.9567582268153385,False,False,False,False,0.16983816217471037,0.16406845054483565,False,False,False,False,-103559.0,-103939.41712778361,False,False,False,False,16758.351447773286,False,False,False,False
2025-10-28 14:00:00+00:00,75.665,75.815,75.25,75.555,6130.0,,,76.26150833490615,75.98718322968145,75.70437387409974,75.51550764580814,75.28164008530136,74.88648905950609,75.24823857100995,75.11724583992529,,,75.54,74.73972482278266,74.75040283169567,74.95885336580093,75.08188999140653,75.10990734662848,75.20102790136819,75.40704241977821,75.05041313863086,75.73983615523355,77.20407607371037,79.12214850822797,82.27895590273334,"rgba(239, 83, 80, 1.0)",0.0,0.0,1.4392278554200413,75.9883743258921,-0.30111585476895036,0.0,0.0,0.0,0.0,-1.0,75.945,75.61,0.0,39.2497194704592,-5.754370655989838,False,True,False,True,False,0.0,0,0.9598490972783612,0.9592203359382019,False,False,False,False,0.10264134603502138,0.13335489828992853,False,False,False,False,-109689.0,-104028.5579475079,False,False,False,False,16593.570805172152,False,False,False,False
2025-10-28 15:00:00+00:00,75.56,75.61,75.035,75.295,10732.0,,,76.2315115359294,75.97305230104267,75.69905117216251,75.51320507582429,75.28195383034023,74.88943856375545,75.24860079773876,75.11813367028293,,,75.39573557901396,74.74438179760509,74.75460088931383,74.96111603977826,75.08291459828499,75.11073092212368,75.20146491774817,75.4067059933494,75.05202148636405,75.73844553445741,77.19962970145406,79.11488895925743,82.27011740474651,"rgba(239, 83, 80, 1.0)",0.0,0.0,1.4381529852578834,75.982953226498,-0.4783588627566176,0.0,0.0,0.0,0.0,0.0,0.0,0.0,0.0,34.80918555607834,-9.947424370988955,False,True,False,True,False,0.0,0,0.9590888789638226,0.9605180884323358,False,False,False,False,0.07782100904724437,0.10558795366858645,False,False,False,False,-120421.0,-104282.70433591862,False,False,False,False,16502.693738425296,False,False,False,False
2025-10-28 16:00:00+00:00,75.295,75.315,74.9,75.095,3748.0,,,76.21918301368211,75.96672910895752,75.6962327224958,75.51158128606632,75.28133842471688,74.8899534981015,75.24831903824982,75.11811030427964,,,75.34256121623807,74.74539667458492,74.7555067788994,74.96143236553856,75.08294611851606,75.11072047750767,75.20133173901449,75.40632610184355,75.05213087337393,75.73772316074538,77.19790946381322,79.11222048824006,82.26694294841185,"rgba(239, 83, 80, 1.0)",0.0,0.0,1.4370367502672905,75.98053467064436,-0.6162227030586731,0.0,0.0,0.0,0.0,0.0,0.0,0.0,0.0,30.80735718730545,-13.600418178197557,False,True,False,True,False,0.0,0,0.9530105413614433,0.9722172592460249,False,False,False,False,0.05250823263971953,0.07904809315415298,False,False,False,False,-124169.0,-104591.01899737725,False,False,False,False,16304.946548682266,False,False,False,False
2025-10-28 17:00:00+00:00,75.09,75.1,74.76,74.85,9616.0,,,76.1832969506004,75.94725664531333,75.68672355067989,75.50546108993932,75.27802634612249,74.89003563213252,75.24661079247902,75.11724386154725,,,75.20282670548534,74.74653408300848,74.75648546950407,74.9611026991856,75.0822375594959,75.10997194847992,75.20029772762234,75.40471528296524,75.05132146097746,75.73529537776237,77.19308865715337,79.10504962782318,82.2585842740832,"rgba(239, 83, 80, 1.0)",0.0,0.0,1.4172194734878545,75.97310361486151,-0.7924697874052641,0.0,0.0,0.0,0.0,0.0,0.0,0.0,0.0,27.05692463973599,-16.976242336988804,False,True,False,True,False,0.0,0,0.9496692293938848,0.9761308778830683,False,False,False,False,0.03166243497773782,0.0553552640659454,False,False,False,False,-133785.0,-105043.63885788304,False,False,False,False,16201.241951028278,False,False,False,False
2025-10-28 18:00:00+00:00,74.85,74.93,74.7,74.91,8166.0,,,76.15304159274864,75.93040412052301,75.67825425045032,75.49987954605189,75.27484040364207,74.88981072239339,75.24493607664648,75.11632007213487,,,75.12707126484683,74.74714274460062,74.75698965345923,74.96055392234587,75.08145101581204,75.10916736298962,75.19925876749092,75.40320174807835,75.05038041819591,75.73310507400573,77.18890973648784,79.09889735303004,82.25144632067293,"rgba(239, 83, 80, 1.0)",0.0,0.0,1.3786491723922,75.96672476500369,-0.7664928729983488,0.0,0.0,0.0,0.0,0.0,0.0,0.0,0.0,25.56904917868979,-18.314254204043333,False,True,False,True,False,0.0,0,0.9483559685489633,0.9762330235882771,False,False,False,False,0.018172509079598588,0.03676388657277199,False,False,False,False,-125619.0,-105362.63670504764,False,False,False,False,16076.66455643869,False,False,False,False
2025-10-28 19:00:00+00:00,74.92,74.92,74.64,74.865,24023.0,,,76.06908797079565,75.88203790693936,75.65319644418759,75.48306242194852,75.26491977351218,74.88858636415478,75.23962320977598,75.11325746386964,,,75.00439175945952,74.74821773726069,74.75782044693213,74.95843634032921,75.07879442974884,75.1064871404797,75.19590893742051,75.39849297488217,75.0471499178397,75.72644776543852,77.1765021153575,79.08073879588719,82.2304188543584,"rgba(239, 83, 80, 1.0)",0.0,0.0,1.3366229565307812,75.94863402273924,-0.8107252815347645,0.0,0.0,0.0,0.0,0.0,0.0,0.0,0.0,24.34462393051846,-19.56499209193354,False,True,False,True,False,0.0,0,0.945287397358086,0.9788468404141378,False,False,False,False,0.014068417516846836,0.025416152044809414,False,False,False,False,-149642.0,-106049.13846155853,False,False,False,False,16199.863555563672,False,False,False,False
2025-10-29 14:00:00+00:00,74.82,74.92,74.385,74.465,7987.0,,,76.03901063387393,75.86378324441428,75.64311102678636,75.47589980753459,75.260181394046,74.88710202392643,75.23700558768104,75.11153322331435,,,74.95737964357073,74.74729897488356,74.7569224450136,74.95674012216163,75.07721879862464,75.10496177005629,75.19418763521232,75.39637081496927,75.04513033272784,75.72373425280412,77.1720278291504,79.07442877895386,82.22324920001708,"rgba(239, 83, 80, 1.0)",0.0,0.0,1.2894173975956682,75.94181283076222,-1.1453334145451852,0.0,0.0,0.0,0.0,0.0,0.0,0.0,0.0,21.806595842278053,-22.109672819871903,False,True,False,True,False,0.0,0,0.940211123924421,0.9793311452142286,False,False,False,False,-0.0008792245448651048,0.012268463749972154,False,False,False,False,-157629.0,-106848.82623734832,False,False,False,False,16072.532337647956,False,False,False,False
2025-10-29 15:00:00+00:00,74.465,74.55,74.32,74.46,7217.0,,,76.01021969047326,75.84587767346407,75.63291461179149,75.46847056079004,75.25503212474305,74.88511754405421,75.23412632526967,75.1095495477522,,,74.90958371446854,74.74571235565635,74.75541350633797,74.95461320309032,75.07537781904834,75.10320082598278,75.19226514089877,75.3941157657492,75.04273758806248,75.72097770596544,77.16776929094672,79.06855634112162,82.2166580547768,"rgba(239, 83, 80, 1.0)",0.0,0.0,1.2291277871378057,75.93511020051628,-1.2001276156576706,0.0,0.0,0.0,0.0,0.0,0.0,0.0,0.0,20.096137894650102,-23.896691915657755,False,True,False,True,False,0.0,0,0.9407387722561782,0.9836123660200196,False,False,False,False,-0.026382679047160858,-0.007057107648594352,False,False,False,False,-164846.0,-107748.00722591655,False,False,False,False,15935.237262645662,False,False,False,False
2025-10-29 16:00:00+00:00,74.45,74.685,74.41,74.56,4098.0,,,75.99542787614816,75.83667984974588,75.62772187246814,75.4647402262787,75.25252342412284,74.88427297382322,75.23272338693994,75.10861070889828,,,74.8916346455858,74.7451389233423,74.7548583289781,74.95366755050324,75.0745155761381,75.10236855794362,75.19133514808762,75.39298539255893,75.041631406502,75.71955001531917,77.16545301143161,79.06530638995181,82.21297249016854,"rgba(239, 83, 80, 1.0)",0.0,0.0,1.1741926189103173,75.9316844125083,-1.1681936936218027,0.0,0.0,0.0,0.0,0.0,0.0,0.0,0.0,20.879038832504722,-23.896691915657755,False,True,False,True,False,0.0,0,0.9415987238567879,0.9845799361928393,False,False,False,False,-0.013189047410235783,-0.010123077529415068,False,False,False,False,-160748.0,-108569.71254024343,False,False,False,False,15751.714204310068,False,False,False,False
2025-10-29 17:00:00+00:00,74.545,74.575,74.3,74.3,13826.0,,,75.94236968317814,75.80284330794589,75.60801338870411,75.45020893752573,75.24228746840916,74.88009916020492,75.22693030369001,75.10456309520015,,,74.81928442341844,74.7416495330684,74.75154986027728,74.94925265288674,75.07074349246072,75.09876860002103,75.1874374671116,75.38847293079094,75.03672900942773,75.7141024398986,77.15719190126055,79.05398853292783,82.20030495082742,"rgba(239, 83, 80, 1.0)",0.0,0.0,1.1180408460027291,75.91903866783542,-1.4481033261207648,0.0,0.0,0.0,0.0,0.0,0.0,0.0,0.0,20.14089725770262,-24.35599856050996,False,True,False,True,False,0.0,0,0.9382464832345392,0.9859329381580111,False,False,False,False,-0.02608940444904258,-0.018106240989228826,False,False,False,False,-174574.0,-109593.0348264412,False,False,False,False,15721.858170134718,False,False,False,False
2025-10-29 18:00:00+00:00,74.4,74.4,73.435,73.525,4428.0,,,75.91976828250922,75.7878357851007,75.59875986936713,75.44302537141726,75.23676534482739,74.87714006309275,75.22376014820435,75.10218449421492,,,74.7735468452518,74.73863978628555,74.74874305827457,74.94633503435577,75.0684757637045,75.0966434743381,75.18525424943851,75.38616439886195,75.0337166028206,75.71157335116452,77.15398001616629,79.0499065311,82.19594298080514,"rgba(239, 83, 80, 1.0)",0.0,0.0,1.0712846207875404,75.70562355967562,-2.0355221360991385,0.0,0.0,0.0,0.0,-1.0,74.3,73.845,858.0,17.403237930606316,-27.227581024108254,False,True,False,True,False,0.0,0,0.9223964263817113,0.994219146886222,False,False,False,False,-0.08726346166445062,-0.05268485132683973,False,False,False,False,-179002.0,-110669.14281362816,False,False,False,False,15546.75959385356,False,False,False,False
2025-10-29 19:00:00+00:00,73.55,73.845,73.44,73.55,11606.0,,,75.85803735496432,75.74619138816203,75.5726465309718,75.42252948257435,75.22076550833123,74.86822702931121,75.21451305099062,75.09516666463824,,,74.65269056346739,74.72940663157786,74.74013900859866,74.93761326869496,75.0617634531244,75.09036618812362,75.17885210746878,75.37948651506434,75.02479100632253,75.70437607722288,77.1451544826395,79.03888262779854,82.18429400513001,"rgba(239, 83, 80, 1.0)",0.0,0.0,1.021407313904726,75.68400643890372,-2.0892805542439845,0.0,0.0,0.0,0.0,0.0,0.0,0.0,0.0,15.957694873508835,-28.829047824668677,False,True,False,True,False,0.0,0,0.9203871642832225,1.002092779909313,False,False,False,False,-0.11985122528888346,-0.08626803830786159,False,False,False,False,-167396.0,-111548.62897155639,False,False,False,False,15485.662545886837,False,False,False,False
2025-10-30 14:00:00+00:00,74.155,74.335,73.86,74.185,3464.0,,74.12666666666667,75.84432600457085,75.73699381257717,75.56699714008148,75.41821529107946,75.21755987855126,74.86667141347493,75.21265381206571,75.09380756683775,,,74.63685145585778,74.72793634775995,74.73875664003495,74.93603466762274,75.06047927741702,75.08915184441484,75.17757597741264,75.37808092129397,75.02311165576195,75.70276377546858,77.14291155166329,79.03591241800298,82.18103180439554,"rgba(239, 83, 80, 1.0)",0.0,0.0,0.9871357327906446,75.6848235936311,-1.519369164553564,0.0,0.0,0.0,0.0,1.0,74.02,73.845,867.0,22.811593649446287,-32.77873204208076,False,True,False,True,True,0.0,0,0.9223200414293109,0.9903331607112031,False,False,False,False,-0.06603721718089944,-0.07615262774438052,False,False,False,False,-163932.0,-112360.77425881909,False,False,False,False,15299.280180834328,False,False,False,False
2025-10-30 15:00:00+00:00,74.19,74.54,74.02,74.51,4625.0,,74.25817241521408,75.82876063078103,75.72660607436288,75.56071630161632,75.41351756203946,75.21420525084666,74.86524695685955,75.21070496020359,75.0924290169096,,,74.6260225265879,74.7267310832453,74.73761053688834,74.9345327669676,75.05919113703378,75.0879215682002,75.17624879998871,75.3765531551192,75.0214519917567,75.70092961473101,77.14015002675508,79.03213783559805,82.17680461436777,"rgba(239, 83, 80, 1.0)",0.0,0.0,0.9421057399370811,75.68698411581198,-1.2493121163772778,0.0,0.0,0.0,0.0,0.0,0.0,0.0,0.0,30.225855960078775,-26.123606704261363,False,True,False,True,True,0.0,0,0.9250364525259451,0.9867055493610086,False,False,False,False,-0.04457657650308361,-0.06036460212373206,False,False,False,False,-159307.0,-113088.62271992266,False,False,False,False,15133.787464852401,False,False,False,False
2025-10-30 16:00:00+00:00,74.505,74.54,74.265,74.31,4156.0,,74.29669279978224,75.81518864908072,75.71750493754931,75.55519734503157,75.40939094799239,75.21126536407672,74.86401127123858,75.20899191204334,75.09121981542665,,,74.61748524764045,74.72569832472611,74.73662682635131,74.93322465441652,75.05806226570341,75.0868421736497,75.17508162084935,75.37520433989744,75.02000115418393,75.69930404997163,77.13768654823538,79.02876207225243,82.17301725723532,"rgba(239, 83, 80, 1.0)",0.0,0.0,0.8944694839148115,75.68747919608822,-1.5399957414527143,0.0,0.0,0.0,0.0,0.0,0.0,0.0,0.0,33.88983315168871,-23.057896387839186,False,True,False,True,True,0.0,0,0.9360983634946745,0.9906485409992206,False,False,False,False,-0.03019568013089962,-0.04528014112731584,False,False,False,False,-163463.0,-113869.62081728819,False,False,False,False,14963.589209583371,False,False,False,False
2025-10-30 17:00:00+00:00,74.295,74.47,74.23,74.28,6761.0,,74.30735539654144,75.79297013731433,75.70247116789159,75.54599048694766,75.4024590502867,75.20627233355373,74.86183168879151,75.20607104484941,75.08913884467266,,,74.6024279704607,74.72381907613205,74.73484184028759,74.93094006116478,75.05611383250083,75.08498309195693,75.17308411923348,75.37291975342458,75.01749185493678,75.69657870517067,77.13362325696049,79.02322783787308,82.16682831982729,"rgba(239, 83, 80, 1.0)",0.0,0.0,0.867791221205179,75.68585028498735,-1.6200328496466263,0.0,0.0,0.0,0.0,0.0,0.0,0.0,0.0,36.137850222374695,-21.139662642760857,False,True,False,True,True,0.0,0,0.9330558446063125,0.9855185570586193,False,False,False,False,-0.03635704628242021,-0.040818593704868025,False,False,False,False,-170224.0,-114743.33212244652,False,False,False,False,14836.417283853396,False,False,False,False
2025-10-30 18:00:00+00:00,74.28,74.305,74.12,74.165,6577.0,,74.27889900845614,75.77012302478484,75.68680243044241,75.53622477508257,75.39499581219036,75.20075907304405,74.85921738265235,75.20283086682585,75.08678205129748,,,74.58297118936522,74.72141501852404,74.7325719851095,74.92825951727833,75.05389233794563,75.0828747685819,75.17085292320178,75.370431917607,75.0146121306618,75.69368729088492,77.12949926112063,79.01770803110227,82.1607175023713,"rgba(239, 83, 80, 1.0)",0.0,0.0,0.858164419658811,75.68165011953928,-1.767318808372722,0.0,0.0,0.0,0.0,0.0,0.0,0.0,0.0,36.8566994913206,-20.41265911449302,False,True,False,True,True,0.0,0,0.927190777498483,0.9895986824997834,False,False,False,False,-0.0525082443949817,-0.04666341904992487,False,False,False,False,-176801.0,-115705.46650814502,False,False,False,False,14708.36430270838,False,False,False,False
2025-10-30 19:00:00+00:00,74.17,74.385,74.12,74.25,29224.0,,74.26437827284836,75.67932980325398,75.62338031977903,75.49620203845558,75.36439343842885,75.17827551727632,74.84878934897502,75.18945504874553,75.07709662221484,,,74.52478023728244,74.71208519805019,74.72372526635984,74.91745970524306,75.04478324953763,75.07420045544094,75.16161381230893,75.36001571758491,75.00290130132475,75.68144046109943,77.11165507349449,78.99361150839636,82.13386459374826,"rgba(239, 83, 80, 1.0)",0.0,0.0,0.8545367165881013,75.66302665464656,-1.6535587379888517,0.0,0.0,0.0,0.0,0.0,0.0,0.0,0.0,38.27565516557394,-18.83960593746643,False,True,False,True,True,0.0,0,0.9272648461205028,0.9902037277850022,False,False,False,False,-0.04780726380044504,-0.04723534142518496,False,False,False,False,-147577.0,-116199.59881034432,False,False,False,False,14933.412918170266,False,False,False,False
2025-10-31 14:00:00+00:00,74.455,74.58,74.14,74.25,5664.0,,74.26990028278018,75.66379558913948,75.61233987901215,75.48916205945343,75.35902069498809,75.17436812156002,74.84704715099446,75.18710083817867,75.07540611962415,,,74.51814839463407,74.71059447991638,74.72230278733105,74.91562734979719,75.04319903705691,75.07268482092296,75.15998393703336,75.35814840650595,75.00088562608337,75.67920865966128,77.10830822445814,78.98903959971206,82.12872835220267,"rgba(239, 83, 80, 1.0)",0.0,0.0,0.8512982824856038,75.65974041784531,-1.6559887959942563,0.0,0.0,0.0,0.0,0.0,0.0,0.0,0.0,39.221625615076164,-17.604999687017937,False,True,False,True,True,0.0,0,0.9249610524493679,0.9908256880733948,False,False,False,False,-0.035183254281556116,-0.04120929785337053,False,False,False,False,-147577.0,-116686.07014661805,False,False,False,False,14789.70108998158,False,False,False,False
2025-10-31 15:00:00+00:00,74.24,74.68,74.13,74.57,8085.0,,74.29231927183616,75.64442709566745,75.59853820544691,75.48041912276165,75.352446249227,75.169737861299,74.84522396400477,75.18429064591862,75.07344225599643,,,74.51553849100388,74.7092302718285,74.72097928906439,74.91363029618307,75.04137672953763,75.07092456519143,75.15804659539924,75.35584505279785,74.99860520531587,75.67635541641785,77.10377846564222,78.98271968453781,82.12153655351757,"rgba(239, 83, 80, 1.0)",0.0,0.0,0.8418416266267057,75.49464942152406,-1.098365051427992,0.0,0.0,0.0,0.0,0.0,0.0,0.0,0.0,43.36133308022793,-13.421471043691966,False,False,False,True,True,0.0,0,0.9207511413558443,0.9923335343268155,False,False,False,False,-0.029902342602118808,-0.03555582022774467,False,False,False,False,-139492.0,-117039.65045442242,False,False,False,False,14685.752235873337,False,False,False,False
2025-10-31 16:00:00+00:00,74.56,74.63,74.14,74.15,6219.0,,74.29351253761284,75.62807324264818,75.58674509754994,75.47279900055638,75.34659654314322,75.16545621665084,74.84327963821268,75.181689281486,75.07156469700398,,,74.50856795204774,74.70755158620265,74.7193774943112,74.91159080708805,75.03961508284728,75.06923933041901,75.15623792894525,75.35377945136916,74.99636848618985,75.67389424365089,77.10010322403397,78.97770597481819,82.11590324832413,"rgba(239, 83, 80, 1.0)",0.0,0.0,0.8411426805282097,75.48767299325695,-1.5903045038886034,0.0,0.0,0.0,0.0,0.0,0.0,0.0,0.0,42.526257835368895,-13.421471043691966,False,False,False,True,True,0.0,0,0.9215244694673017,1.001385881333911,False,False,False,False,-0.032249191127759196,-0.03390250567775194,False,False,False,False,-145711.0,-117484.16750164067,False,False,False,False,14554.484759348168,False,False,False,False
2025-10-31 17:00:00+00:00,74.135,74.26,73.99,74.035,6069.0,,74.27861010093514,75.60999938809879,75.57357319975306,75.46412488770768,75.33980152564088,75.16029880237714,74.84065257679575,75.17855498373001,75.06923667881193,,,74.49552392930086,74.70506896547884,74.71703063499159,74.90892187195108,75.03740992715858,75.06714739067364,75.15404237054905,75.3513656039822,74.99353399556361,75.67113042879666,77.09625486549363,78.9726023031544,82.11026484696943,"rgba(239, 83, 80, 1.0)",0.0,0.0,0.8536720206941841,75.47830965117853,-1.69070745695153,0.0,0.0,0.0,0.0,0.0,0.0,0.0,0.0,41.14640118060737,-13.421471043691966,False,False,False,True,True,0.0,0,0.9175006526847095,1.0041771821425463,False,False,False,False,-0.06280001687040708,-0.04835126127407951,False,False,False,False,-151780.0,-118015.88583494857,False,False,False,False,14422.92685610246,False,False,False,False
2025-10-31 18:00:00+00:00,74.02,74.31,74.01,74.27,8588.0,,74.2707412149268,75.58680826313217,75.55658136410338,75.45293319212958,75.33108637524555,75.15377353308364,74.83746907330132,75.17456378884229,75.06630309856227,,,74.482755415595,74.70216984345575,74.71427755948925,74.9056428819164,75.03464177220933,75.0645104523664,75.15124776858549,75.3482407699762,74.99000374682342,75.66748716617845,77.0910099189566,78.96554865767321,82.10240073282085,"rgba(239, 83, 80, 1.0)",0.0,0.0,0.8607041952429906,75.47081379358391,-1.3951527135811272,0.0,0.0,0.0,0.0,0.0,0.0,0.0,0.0,42.73208001296682,-13.310225056618627,False,False,False,True,True,0.0,0,0.9092574818951225,1.010121280865544,False,False,False,False,-0.05868183509655449,-0.053516548185316995,False,False,False,False,-143192.0,-118406.21318634471,False,False,False,False,14332.462873837307,False,False,False,False
2025-10-31 19:00:00+00:00,74.27,74.28,73.86,73.92,19544.0,,74.22577272365781,75.53040650174395,75.51460698656389,75.42470591002153,75.30872699500259,75.13656700010507,74.82837490045802,75.1639814601605,75.05835860033918,,,74.44174898248191,74.69343061160009,74.7060177942485,74.89646043975338,75.02709573095869,75.05735904811483,75.14378257165663,75.34011078052788,74.98032191480578,75.65827494024407,77.07841998986986,78.94898204125492,82.08416359996393,"rgba(239, 83, 80, 1.0)",0.0,0.0,0.8716317409830049,75.44950524931733,-1.7547608438311184,0.0,0.0,0.0,0.0,-1.0,74.01,73.12,871.0,41.192289758977786,-13.310225056618627,False,False,False,True,True,0.0,0,0.9047743282024522,1.0089573006348378,False,False,False,False,-0.06927580014761407,-0.061396174166465534,False,False,False,False,-162736.0,-119093.49670283549,False,False,False,False,14413.261899049132,False,False,False,False
2025-11-03 15:00:00+00:00,72.94,73.12,72.415,72.86,12189.0,,74.08217466540117,75.4704161577585,75.46910605814901,75.39283085056631,75.28230716031045,75.11464307481968,74.81438712629719,75.15053547652334,75.04770674789374,,72.79833333333335,74.35568117629536,74.67840920012927,74.69196750448798,74.88298053710729,75.01680573768401,75.04775390536201,75.13416909536679,75.33044469573755,74.96682308479134,75.64833594639492,77.06750457459397,78.93615907453982,82.07111449224932,"rgba(239, 83, 80, 1.0)",0.0,0.0,0.9125689015067148,75.19944476040368,-2.563581507698864,0.0,0.0,0.0,0.0,-1.0,73.86,73.3,872.0,35.51104681257913,-8.528652847291795,False,True,False,True,False,0.0,0,0.896716011570529,1.0119959162838181,False,False,False,False,-0.22560748460457802,-0.14350182938552178,False,False,False,False,-174925.0,-119959.10140511711,False,False,False,False,14378.777218443718,False,False,False,False
2025-11-03 16:00:00+00:00,72.865,73.3,72.855,73.3,10036.0,,74.01099701983979,75.42923924083333,75.43757789469024,75.37065692225333,75.26400324651792,75.09960479580829,74.8050072183855,75.14122457802942,75.04037732376395,,72.95788578927635,74.30590941106689,74.66850971843635,74.68268316133161,74.8738702508062,75.00974244315526,75.04113911950157,75.12750106545829,75.32364388139591,74.95762401908802,75.64121237247265,77.05929928331614,78.92624663463565,82.06080615996267,"rgba(239, 83, 80, 1.0)",0.0,0.0,0.9380731881380464,75.18790635918603,-2.0125363170578217,0.0,0.0,0.0,0.0,1.0,73.165,73.12,873.0,35.4175221388582,-8.740345365572743,False,True,False,True,False,0.0,0,0.9072033898305083,1.0060169491525426,False,False,False,False,-0.18768837715481626,-0.16559510327016902,False,False,False,False,-164889.0,-120655.68898023157,False,False,False,False,14311.447339088001,False,False,False,False
2025-11-03 17:00:00+00:00,73.3,73.32,73.165,73.255,5727.0,,73.97902897873335,75.40734366487816,75.42069981701464,75.35873234707658,75.25416189290937,75.09153957906767,74.80000673017136,75.13620197513173,75.03642925873939,,73.01705322219043,74.281498299833,74.66326815463852,74.67776072235887,74.86899875306872,75.00594058341593,75.03757381133771,75.1238980332551,75.3199509323612,74.95269022274118,75.63731994935581,77.05474582050812,78.92069816026329,82.05499703704893,"rgba(239, 83, 80, 1.0)",0.0,0.0,0.9604187196813117,75.18144826120863,-2.005842057980578,0.0,0.0,0.0,0.0,0.0,0.0,0.0,0.0,35.16102981549513,-9.280501176940689,False,True,False,True,False,0.0,0,0.9086690017513134,1.0225919439579692,False,False,False,False,-0.1677276639705015,-0.16666138362033528,False,False,False,False,-170616.0,-121430.26744565435,False,False,False,False,14178.355132280434,False,False,False,False
2025-11-03 18:00:00+00:00,73.255,73.34,73.135,73.305,9999.0,,73.93009603408495,75.37037977385721,75.39202374758322,75.33836002368733,75.2373203108459,75.07772578814175,74.79142695891937,75.12755778339924,75.02962871792867,,73.08106273001151,74.24198648763655,74.65429401209104,74.66932617433662,74.86063229625267,74.99939193087357,75.03142893147513,75.11768478089951,75.31357590976802,74.94421076929859,75.63059199384946,77.04684950911565,78.91105950092788,82.04488831451582,"rgba(239, 83, 80, 1.0)",0.0,0.0,0.987486809124745,75.16945116202598,-1.8880770302932157,0.0,0.0,0.0,0.0,0.0,0.0,0.0,0.0,35.43108475387554,-9.387324137347917,False,False,False,True,False,0.0,0,0.8993827160493827,1.0272486772486775,False,False,False,False,-0.1683305150645457,-0.1674959493424405,False,False,False,False,-160617.0,-122037.813686807,False,False,False,False,14113.558928679187,False,False,False,False
2025-11-03 19:00:00+00:00,73.31,73.615,73.31,73.545,6912.0,,73.91032247999533,75.34826759489879,75.37473266808888,75.32603996443574,75.227178533121,75.0694908404788,74.78643408393738,75.1223589293818,75.02556511810512,,73.14406730862106,74.22240315203302,74.64916957191264,74.6644960579096,74.8557232656985,74.99548849463025,75.02775424873118,75.11394268681909,75.30968305890934,74.93919238888074,75.62641246103401,77.04174057886658,78.90468616098306,82.03809663533582,"rgba(239, 83, 80, 1.0)",0.0,0.0,1.0072822591243833,75.16482985182341,-1.6081191117487834,0.0,0.0,0.0,0.0,1.0,73.42,73.34,888.0,37.71459466735469,-9.387324137347917,False,False,False,True,True,0.0,0,0.8946117274167986,1.0234196161296008,False,False,False,False,-0.141315118078529,-0.15440553371048477,False,False,False,False,-153705.0,-122528.77781569371,False,False,False,False,14001.906852265556,False,False,False,False
2025-11-03 20:00:00+00:00,73.545,73.89,73.42,73.875,28773.0,,73.88164761899547,75.2726697693806,75.31469953131965,75.28290606791329,75.19181860805027,75.04114628735958,74.76980155333007,75.10417611046515,75.01146741415785,,73.3723671392616,74.17408091397026,74.63260185771121,74.64880275193899,74.83916163385574,74.98199246721758,75.01498577438178,75.10080768753473,75.2957543455887,74.92204425727873,75.61110955317622,77.02204668020678,78.87947644564247,82.01072504688584,"rgba(239, 83, 80, 1.0)",0.0,0.0,1.0184031485468537,75.15419186610714,-1.2560761108529594,0.0,0.0,0.0,0.0,1.0,74.495,73.615,879.0,41.78205011354417,-13.246839682336677,True,False,False,True,True,0.0,0,0.8992445537596626,1.0181834153197473,False,False,False,False,-0.11836497369930658,-0.13638525370489568,False,False,False,False,-124932.0,-122566.03707436513,False,False,False,False,14230.916048354462,False,False,False,False
2025-11-04 15:00:00+00:00,74.495,75.27,74.495,74.965,11124.0,74.91,73.94069390820499,75.26624239860692,75.30907372440129,75.27905405731664,75.18927144398191,75.04008339926878,74.7706484277525,75.10320184441713,75.01104288027592,,73.57416784646846,74.20089393507645,74.63451809419836,74.6504846588999,74.83956168339702,74.98169724133126,75.01458844680964,75.10011094519491,75.29444518376822,74.9219786717968,75.60893099188598,77.0172045172128,78.87201649104416,82.00169401924131,"rgba(38, 166, 154, 1.0)",0.0,0.0,1.0181365773250963,75.09418681525725,-0.12688554574539357,0.0,0.0,0.0,0.0,1.0,74.94,73.89,878.0,49.99551900464373,-5.696706533524029,True,False,True,False,True,0.035588044286960496,0,0.9096712966957121,1.0037960486584423,False,False,False,False,0.026089392718148637,-0.05514793049337352,False,False,False,False,-113808.0,-122430.25355383233,False,False,False,False,14182.746807294703,False,False,False,False
2025-11-04 16:00:00+00:00,74.99,75.245,74.94,75.22,13151.0,75.0318939237899,74.01661129022123,75.26354907370417,75.30625920757672,75.27731609704183,75.18869767046755,75.0409842029869,74.77323190047524,75.10338934948123,75.01165299592883,,73.78381235680023,74.23946793044111,74.63857224046487,74.65414519863492,74.84152106924358,74.98243687174407,75.01512479326442,75.10026091110795,75.29380801757318,74.92334125086455,75.60719637191853,77.01211677638126,78.86373207442517,81.9913847601623,"rgba(38, 166, 154, 1.0)",0.0,0.0,1.0179095873038528,75.11989979284489,0.09833899631522765,0.0,0.0,0.0,0.0,0.0,0.0,0.0,0.0,56.36448550710614,-0.16148253484477237,True,False,True,False,True,1.499701373517972,0,0.916020671834625,1.0031007751937988,False,False,False,False,0.05074510432293593,-0.0022014130852187966,False,False,False,False,-100657.0,-122092.68373129229,False,False,False,False,14166.750732763003,False,False,False,False
2025-11-04 17:00:00+00:00,75.165,75.225,74.78,74.8,5755.0,75.01332500832501,74.0414668080624,75.26062479604444,75.30365081845466,75.27551829713448,75.18752933514818,75.04054585830708,74.7737323003288,75.10295594539296,75.01148824724638,,73.84772033903755,74.25181386655316,74.63961931999292,74.65507069030934,74.84179158639972,74.98233692896537,75.0149689151977,75.09995063816692,75.2931816472107,74.92337379428358,75.60612145004184,77.00966267662008,78.85992444417958,81.98675174924672,"rgba(38, 166, 154, 1.0)",0.0,0.0,1.0188159971423731,75.1245553341773,-0.318561285931546,0.0,0.0,0.0,0.0,-1.0,74.94,74.9,0.0,57.64281299738319,0.7164557256613904,True,False,True,False,True,0.0,0,0.9199066874027991,1.0037152237774327,False,False,False,False,0.040172567026967886,0.018985576970874544,False,False,False,False,-106412.0,-121849.57235561333,False,False,False,False,14036.335992720164,False,False,False,False
2025-11-04 18:00:00+00:00,74.805,74.9,74.36,74.375,10092.0,74.89552589601715,74.06428172169495,75.24962690294647,75.29441764540124,75.2688518318244,75.18238199660937,75.0369776362204,74.7724982460642,75.10044894475544,75.00973666044827,,73.90957925303421,74.26066441128171,74.63903682703705,74.65443829028646,74.84029305370787,74.9807270921457,75.01337105033537,75.0981295434735,75.29089825473089,74.92153071700277,75.60315414912574,77.00456676567549,78.85260345128086,81.97819343126757,"rgba(38, 166, 154, 1.0)",0.0,0.0,1.0226767209987953,75.1216898274431,-0.7301328094315599,0.0,0.0,0.0,0.0,-1.0,74.78,74.49,881.0,55.928379850722095,0.7164557256613904,True,False,True,False,True,0.0,0,0.9064327485380114,1.0098039215686279,False,False,False,False,-0.0035168941884148684,0.007734341391229838,False,False,False,False,-116504.0,-121766.69526482862,False,False,False,False,13975.183496708998,False,False,False,False
2025-11-04 19:00:00+00:00,74.375,74.49,73.695,74.32,21103.0,74.6448775554648,74.073286922548,75.21596041696787,75.26647080510867,75.24824460475273,75.16567491267597,75.02409257222116,74.7657582898177,75.09177273796556,75.00318176828898,,73.95006899696725,74.25518217721681,74.63305449843503,74.64866756129898,74.83327262569111,74.97452170060023,75.00740568180005,75.09179284575897,75.28377974336544,74.91393625430177,75.59481293977787,76.99235721551234,78.83604317422365,81.95945728315515,"rgba(38, 166, 154, 1.0)",0.0,0.0,1.027699048034251,75.10307984790859,-0.7619738963526774,0.0,0.0,0.0,0.0,0.0,0.0,0.0,0.0,54.46550335299338,0.7164557256613904,True,False,True,False,False,0.0,0,0.8937638439257111,1.0184869654114848,False,False,False,False,-0.06662594558988615,-0.029445802099328153,False,False,False,False,-137607.0,-122012.28138475376,False,False,False,False,14085.692279705758,False,False,False,False
2025-11-04 20:00:00+00:00,74.325,74.51,73.92,74.17,41820.0,74.46432751063452,74.09183763511251,75.15691741175445,75.21647886542472,75.21073859279124,75.13514261175396,75.00055953043467,74.75352126840852,75.07562111500413,74.99097048147647,,74.00922710987598,74.24937270810992,74.62241545763172,74.63835500277828,74.82042712733035,74.96297251569165,74.99626634397956,75.07990911335897,75.27032935017878,74.89995019961688,75.57892701642828,76.96873724970092,78.80378937018199,81.92274187121662,"rgba(38, 166, 154, 1.0)",0.0,0.0,1.034219085645923,75.08223934361534,-0.8820561873943757,0.0,0.0,0.0,0.0,0.0,0.0,0.0,0.0,52.57780084342008,0.7164557256613904,True,False,True,False,False,0.0,0,0.8978120759837176,1.0195895522388065,False,False,False,False,-0.04563165094483597,-0.03753872652208206,False,False,False,False,-179427.0,-122902.43206095912,False,False,False,False,14515.681546687063,False,False,False,False
2025-11-05 15:00:00+00:00,74.08,74.155,73.71,73.71,15904.0,74.38330344657516,74.07952287154728,75.12883785674984,75.19269153073346,75.19258352543231,75.11997259296997,74.98828837187412,74.74621789281592,75.06729396336638,74.98445934320623,,73.99676604269976,74.2343194082042,74.61534278493369,74.63159586868282,74.81306229812404,74.95674371104525,74.99032706215962,75.07374974306818,75.26369642903732,74.89224750619191,75.57150673874982,76.9587636346737,78.79073924674323,81.90825644995664,"rgba(38, 166, 154, 1.0)",0.0,0.0,1.0479842298160398,75.0677749407244,-1.295606271635167,0.0,0.0,0.0,0.0,0.0,0.0,0.0,0.0,48.800166380900706,5.743413285224825,True,False,False,True,False,0.0,0,0.8977253437446949,1.0247835681548128,False,False,False,False,-0.060455153473181485,-0.04899693999763177,False,False,False,False,-195331.0,-124025.35559489773,False,False,False,False,14537.20586379269,False,False,False,False
2025-11-05 16:00:00+00:00,73.72,74.155,73.56,74.135,19356.0,74.32266195485822,74.07171074348405,75.09861036410186,75.16675500143772,75.17260848507496,75.10329589432634,74.9748879313123,74.73838973410037,75.05806869219012,74.97727212440283,,73.99249502613148,74.22159486990957,74.60793082603314,74.62448267814871,74.80509576677639,74.9498818456269,74.98376037443234,75.06689584216278,75.2562285071552,74.88384289409233,75.56304038674637,76.94706752089529,78.77524263767586,81.8908969418463,"rgba(38, 166, 154, 1.0)",0.0,0.0,1.054673567190581,75.05440457396887,-0.8717432602563029,0.0,0.0,0.0,0.0,0.0,0.0,0.0,0.0,48.99710242838019,5.698425116981241,True,False,False,False,False,0.0,0,0.9013965298349554,1.0174354633939913,False,False,False,False,-0.06255882945105713,-0.05577788472434445,False,False,False,False,-175975.0,-124830.77643838768,False,False,False,False,14611.915850400554,False,False,False,False
2025-11-05 17:00:00+00:00,74.135,74.325,73.96,74.25,9720.0,74.31318467601194,74.07484521292737,75.08691103984485,75.15650289006034,75.16464638729492,75.09672216770906,74.96975858946881,74.73563822347165,75.05443609377635,74.97449433706878,,74.00064417436235,74.22064396800343,74.60554094006541,74.6221567390155,74.80220393983177,74.94725004357413,74.981215426557,75.06418266141213,75.25316023466584,74.88069684662118,75.55941921685336,76.94167317906034,78.76786454735861,81.88245789432325,"rgba(38, 166, 154, 1.0)",0.0,0.0,1.0597609665879741,75.05102161053654,-0.7558512115383162,0.0,0.0,0.0,0.0,0.0,0.0,0.0,0.0,49.811546013452144,5.698425116981241,True,False,False,False,False,0.0,0,0.9196367374914322,1.0085675119945172,False,False,False,False,-0.024597110529737218,-0.04018749762704084,False,False,False,False,-166255.0,-125473.01246259872,False,False,False,False,14536.072193805196,False,False,False,False
2025-11-05 18:00:00+00:00,74.25,74.425,73.96,74.025,7925.0,74.30421445976275,74.07629231868904,75.07716266648715,75.14795070252387,75.15797813328747,75.09119111816747,74.96540750174641,74.73324852843919,75.05135665006279,74.97212599840249,,74.0053394878898,74.21916549110385,74.60342384940081,74.62010184540327,74.79970966650697,74.94500194927339,74.97904526026565,75.0618792829888,75.250575000672,74.87800152994454,75.5563921057108,76.93722446240054,78.76181202469859,81.87555380831621,"rgba(38, 166, 154, 1.0)",0.0,0.0,1.0645650552004446,75.04788260577666,-0.9608455592073346,0.0,0.0,0.0,0.0,0.0,0.0,0.0,0.0,48.95121001586294,4.924209321319495,True,False,False,False,False,0.0,0,0.9180384087791494,1.0056584362139924,False,False,False,False,-0.01794755242862255,-0.029067525027831692,False,False,False,False,-174180.0,-126228.15955620183,False,False,False,False,14433.574950490385,False,False,False,False
2025-11-05 19:00:00+00:00,74.025,74.155,73.97,74.105,6077.0,74.29568003069448,74.07629891954576,75.06935360003972,75.14110595170757,75.15262616567178,75.08672891527894,74.96186235537552,74.73124595474938,75.04885527292274,74.97018919927672,,74.00717878920322,74.21726734339289,74.60160631602255,74.61834376219427,74.79763771565077,74.94315917725025,74.97727069435207,75.06000671506811,75.24849435870183,74.87578170608037,75.55398185553936,76.93374979120654,78.75712150341809,81.87022700975857,"rgba(38, 166, 154, 1.0)",0.0,0.0,1.0701764694071925,75.04505976433144,-0.878415654992086,0.0,0.0,0.0,0.0,0.0,0.0,0.0,0.0,48.93522180951503,4.42329462831939,True,False,False,False,False,0.0,0,0.9181739879414297,1.0091300602928515,False,False,False,False,-0.03524117394103957,-0.03215434948443563,False,False,False,False,-168103.0,-126877.3818886638,False,False,False,False,14304.015648932394,False,False,False,False
2025-11-05 20:00:00+00:00,74.11,74.515,74.05,74.3,19832.0,74.29487886219545,74.0878363710693,75.0499536958177,75.12368783862746,75.13888758196546,75.07543114405367,74.95320718608114,74.72688086106123,75.04253872805307,74.96541001421583,,74.02900253103452,74.22022792869626,74.59811805320443,74.61489601425434,74.79291896012748,74.93865526582654,74.97287748305722,75.05524971773399,75.24297257072267,74.8705185898797,75.54728965536788,76.9233046058994,78.7425686392933,81.85336452236182,"rgba(38, 166, 154, 1.0)",0.0,0.0,1.0734809170527655,75.0410288699327,-0.6903046511224392,0.0,0.0,0.0,0.0,0.0,0.0,0.0,0.0,50.28665912673024,4.42329462831939,True,False,False,False,False,0.0,0,0.9212923182677435,0.9991407458326178,False,False,False,False,-0.005981950988994407,-0.019068150236715018,False,False,False,False,-148271.0,-127209.06589038993,False,False,False,False,14389.720832669875,False,False,False,False
2025-11-06 15:00:00+00:00,73.48,73.615,73.12,73.325,11196.0,74.24027502525188,74.06594598407632,75.0264913934082,75.10350671655723,75.12300684765555,75.06178301191387,74.9416842780728,74.71928099483003,75.03465530012507,74.95905629147425,73.35333333333334,74.00063714811023,74.20030823365705,74.59034206847245,74.60749895477048,74.78542833146346,74.93252336953893,74.96706808837432,75.04934736438874,75.23685747554484,74.86288344706814,75.5407600685862,76.91536468434478,78.73267890721128,81.84270553618012,"rgba(239, 83, 80, 1.0)",0.0,0.0,1.0924616924847823,75.02691767335857,-1.5578740060784992,0.0,0.0,0.0,0.0,-1.0,74.05,73.65,890.0,45.70728443714073,0.8022004001709675,True,False,False,True,False,0.0,0,0.9135510065978683,0.9980544747081718,False,False,False,False,-0.12831287969117905,-0.07369051496394703,False,False,False,False,-159467.0,-127709.18889984125,False,False,False,False,14340.205781000574,False,False,False,False
2025-11-06 16:00:00+00:00,73.325,73.65,73.15,73.58,13871.0,74.18797036138524,74.04436894474993,75.00010493234224,75.08061856292858,75.10488188459772,75.04620828289157,74.92857982817677,74.71070740191915,75.02560299535286,74.95177195690977,73.41235808034467,73.97390801914253,74.17981629965176,74.58166110967773,74.59922326872348,74.77693865395746,74.92550060324206,74.96040017300915,75.0425476813072,75.22976195829537,74.85419092733659,75.5331159713925,76.90586967884015,78.72071846264689,81.82970233521522,"rgba(239, 83, 80, 1.0)",0.0,0.0,1.1056417035250345,75.01197061917291,-1.29514888467708,0.0,0.0,0.0,0.0,0.0,0.0,0.0,0.0,44.42368704566578,-0.5558257135807736,True,False,False,True,False,0.0,0,0.9169684210526317,0.9945263157894741,False,False,False,False,-0.1239235493494572,-0.09880703215670211,False,False,False,False,-145596.0,-127986.5038006189,False,False,False,False,14332.931272768006,False,False,False,False
2025-11-06 17:00:00+00:00,73.595,73.995,73.515,73.755,9624.0,74.16872812283538,74.03739211147354,74.98572155797513,75.06793242313807,75.09475082272755,75.03755579647124,74.92142223919187,74.70621409247981,75.02055519000041,74.9477506294453,73.50741402669281,73.96664794878687,74.17181136549195,74.57727958608288,74.59501998054108,74.77241716114293,74.92164021658112,74.95671120272151,75.03873707770954,75.22568722087415,74.84948568471366,75.52859526233006,76.8998738062387,78.71291543841485,81.82102126499612,"rgba(239, 83, 80, 1.0)",0.0,0.0,1.1143691020001663,75.00506751036963,-1.1217715101090857,0.0,0.0,0.0,0.0,0.0,0.0,0.0,0.0,44.74376101072028,-0.5558257135807736,True,False,False,True,False,0.0,0,0.9214935782937824,1.0020413370757852,False,False,False,False,-0.076250156280372,-0.08752859421853706,False,False,False,False,-135972.0,-128110.30994324497,False,False,False,False,14259.924586368503,False,False,False,False
2025-11-06 18:00:00+00:00,73.755,73.82,73.465,73.77,17368.0,74.13281216067169,74.02269846109525,74.95915883476879,75.0444539626248,75.07591203042576,75.02139459921823,74.90796173938224,74.69762231406705,75.01104813057128,74.94013958498898,73.56666051979485,73.95074289934992,74.15580146636948,74.5688256599201,74.58691611564936,74.7638033862926,74.91432344453631,74.94972623135486,75.03154514580321,75.21804312247968,74.84055889777188,75.52017514409543,76.88887131034488,78.69869761238856,81.80526652545647,"rgba(239, 83, 80, 1.0)",0.0,0.0,1.1219294553134178,74.9918816558557,-1.0890895591241705,0.0,0.0,0.0,0.0,0.0,0.0,0.0,0.0,45.06302693149999,-0.5558257135807736,True,False,False,True,False,0.0,0,0.9114290580820985,1.011156532106967,False,False,False,False,-0.09131033211180488,-0.08941946316517096,False,False,False,False,-118604.0,-127962.92529296209,False,False,False,False,14308.11180208372,False,False,False,False
2025-11-06 19:00:00+00:00,73.76,74.075,73.505,73.78,20489.0,74.10493488124672,74.01163245381399,74.93157653282262,75.01975750405848,75.05590308597507,75.00423205820178,74.89374358820433,74.68866979480437,75.00085188555677,74.93199576972674,73.62879463711383,73.94049498084092,74.14201499524846,74.5601800373864,74.578596582338,74.75475681343516,74.90650710785407,74.94223860657904,75.02379168165045,75.20971394589439,74.83111354196649,75.51088514113091,76.87639693508952,78.68236593040237,81.78699067143242,"rgba(239, 83, 80, 1.0)",0.0,0.0,1.1255258030496191,74.97918769777421,-1.0654466512673455,0.0,0.0,0.0,0.0,0.0,0.0,0.0,0.0,45.354478580388005,-0.5558257135807736,True,False,False,True,False,0.0,1,0.9084596494199338,1.0076213057837249,False,False,False,False,-0.07157211738170989,-0.08049579027344042,False,False,False,False,-98115.0,-127500.16676128826,False,False,False,False,14403.93952608242,False,False,False,False
2025-11-06 20:00:00+00:00,73.79,74.345,73.765,74.265,23265.0,74.10661605539389,74.0173626029437,74.91059197178052,75.00024383956386,75.03978221116603,74.99057066043147,74.88283223578114,74.68244914745705,74.99264744255389,74.92557767268634,73.74928160409688,73.95271363020483,74.14132277482348,74.55478573217255,74.57330447132168,74.74820529182105,74.90040420063974,74.93630785015263,75.01747993469229,75.20259385397509,74.82400006985993,75.50250281273087,76.86389130860623,78.66522519270323,81.76721275411701,"rgba(239, 83, 80, 1.0)",0.0,0.0,1.1254156509417053,74.97276321236203,-0.6288905008294449,0.0,0.0,0.0,0.0,0.0,0.0,0.0,0.0,49.0010907955634,-0.5558257135807736,True,False,False,False,True,0.0,1,0.913425027423846,1.005062863893343,False,False,False,False,-0.03233780421671042,-0.05641679724507542,False,False,False,False,-74850.0,-126683.88510607448,False,False,False,False,14541.320308623777,False,False,False,False
