date,Open,High,Low,Close,Volume,Gap_Up_aVWAP_438,Gap_Up_aVWAP_434,Gap_Up_aVWAP_433,Gap_Up_aVWAP_431,Gap_Up_aVWAP_416,Gap_Up_aVWAP_415,Gap_Up_aVWAP_407,Gap_Up_aVWAP_405,Gap_Up_aVWAP_402,Gap_Up_aVWAP_401,Gap_Down_aVWAP_445,Gap_Down_aVWAP_439,Gap_Down_aVWAP_429,Gap_Down_aVWAP_426,Gap_Down_aVWAP_419,Gap_Down_aVWAP_413,Gap_Down_aVWAP_410,Gap_Down_aVWAP_409,Gap_Down_aVWAP_404,Gap_Down_aVWAP_399,aVWAP_OB_bear_319,aVWAP_OB_bear_193,aVWAP_OB_bear_151,color,Liquidity,Liquidity_Level,StDev,StDev_Mean,StdDev_ZScore,OB,OB_High,OB_Low,OB_Mitigated_Index,FVG,FVG_High,FVG_Low,FVG_Mitigated_Index,QQEMOD,QQE1_Value,QQE1_Above_Upper,QQE1_Below_Lower,QQE2_Above_Threshold,QQE2_Below_Threshold,QQE2_Above_TL,banker_RSI,TTM_squeeze_Active,VI_plus,VI_minus,VI_Regular_Bullish,VI_Regular_Bearish,VI_Hidden_Bullish,VI_Hidden_Bearish,Fisher,Fisher_Signal,Fisher_Regular_Bullish,Fisher_Regular_Bearish,Fisher_Hidden_Bullish,Fisher_Hidden_Bearish,OBV,OBV_Smoothed,OBV_Regular_Bullish,OBV_Regular_Bearish,OBV_Hidden_Bullish,OBV_Hidden_Bearish,Volume_MA,Vol_Regular_Bullish,Vol_Regular_Bearish,Vol_Hidden_Bullish,Vol_Hidden_Bearish
2023-12-19 17:00:00+00:00,129.39,130.24,129.31,129.51,39629.0,,,,,,,,,,,,,,,,,,,,,,,,"rgba(38, 166, 154, 1.0)",0.0,0.0,,,,0.0,0.0,0.0,0.0,0.0,0.0,0.0,0.0,,,False,False,False,False,False,,0,,,False,False,False,False,,,False,False,False,False,0.0,0.0,False,False,False,False,39629.0,False,False,False,False
2023-12-20 17:00:00+00:00,131.225,131.33,126.37,126.495,45798.0,,,,,,,,,,,,,,,,,,,,,,,,"rgba(239, 83, 80, 1.0)",0.0,0.0,,,,0.0,0.0,0.0,0.0,0.0,0.0,0.0,0.0,0.0,,False,False,False,True,False,,0,,,False,False,False,False,,,False,False,False,False,-45798.0,-710.046511627907,False,False,False,False,39724.64341085271,False,False,False,False
2023-12-21 17:00:00+00:00,128.01,129.13,127.26,128.89,19583.0,,,,,,,,,,,,,,,,,,,,,,,,"rgba(38, 166, 154, 1.0)",0.0,0.0,,,,0.0,0.0,0.0,0.0,0.0,0.0,0.0,0.0,15.730706075533636,-73.59605911330046,False,False,False,True,True,,0,,,False,False,False,False,,,False,False,False,False,-26215.0,-1105.472147106544,False,False,False,False,39412.369869599184,False,False,False,False
2023-12-22 17:00:00+00:00,128.65,128.92,126.96,127.64,22896.0,,,,,,,,,,,,,,,,,,,,,,,,"rgba(239, 83, 80, 1.0)",0.0,0.0,,,,0.0,0.0,0.0,0.0,0.0,0.0,0.0,0.0,22.80472015450233,-65.65637583467526,False,False,False,True,True,,0,,,False,False,False,False,,,False,False,False,False,-49111.0,-1849.7438967638068,False,False,False,False,39156.302119682914,False,False,False,False
2023-12-25 17:00:00+00:00,127.64,127.64,127.64,127.64,0.0,,,,,,,,,,,,,,,,,,,,,,,,"rgba(239, 83, 80, 1.0)",0.0,0.0,,,,0.0,0.0,0.0,0.0,0.0,0.0,0.0,0.0,27.52072954048146,-59.319495259946784,False,False,False,True,True,,0,,,False,False,False,False,,,False,False,False,False,-49111.0,-2582.4765495271586,False,False,False,False,38549.22766821496,False,False,False,False
2023-12-26 17:00:00+00:00,128.985,129.87,128.615,129.07,20391.0,,,,,,,,,,,,,,,,,,,,,,,,"rgba(38, 166, 154, 1.0)",0.0,0.0,,,,0.0,0.0,0.0,0.0,0.0,0.0,0.0,0.0,35.6885703741378,-49.45747195683938,False,False,False,True,True,,0,,,False,False,False,False,,,False,False,False,False,-28720.0,-2987.7094712399157,False,False,False,False,38267.70475863023,False,False,False,False
2023-12-27 17:00:00+00:00,128.32,129.09,128.215,128.935,18842.0,,,,,,,,,,,,,,,,,,,,,,,,"rgba(239, 83, 80, 1.0)",0.0,0.0,,,,0.0,0.0,0.0,0.0,0.0,0.0,0.0,0.0,40.70442261395307,-42.45308646731786,False,False,False,True,True,,0,,,False,False,False,False,,,False,False,False,False,-47562.0,-3678.783743003638,False,False,False,False,37966.53104144217,False,False,False,False
2023-12-28 17:00:00+00:00,128.23,128.96,127.61,128.96,17251.0,,,,,,,,,,,,,,,,,,,,,,,,"rgba(239, 83, 80, 1.0)",0.0,0.0,,,,0.0,0.0,0.0,0.0,0.0,0.0,0.0,0.0,44.13259618852003,-36.76876860714476,False,False,False,True,True,,0,,,False,False,False,False,,,False,False,False,False,-30311.0,-4091.6863206314883,False,False,False,False,37645.36001754384,False,False,False,False
2023-12-29 17:00:00+00:00,128.06,128.09,126.675,126.79,21757.0,,,,,,,,,,,,,,,,,,,,,,,,"rgba(239, 83, 80, 1.0)",0.0,0.0,,,,0.0,0.0,0.0,0.0,0.0,0.0,0.0,0.0,40.74409265331741,-36.76876860714476,False,False,False,True,True,,0,,,False,False,False,False,,,False,False,False,False,-52068.0,-4835.5051373658835,False,False,False,False,37399.02885448115,False,False,False,False
2024-01-01 17:00:00+00:00,126.79,126.79,126.79,126.79,0.0,,,,,,,,,,,,,,,,,,,,,,,,"rgba(239, 83, 80, 1.0)",0.0,0.0,,,,0.0,0.0,0.0,0.0,0.0,0.0,0.0,0.0,38.485090296515665,-36.76876860714476,False,False,False,True,True,,0,,,False,False,False,False,,,False,False,False,False,-52068.0,-5567.791879422226,False,False,False,False,36819.19894976051,False,False,False,False
2024-01-02 17:00:00+00:00,130.035,131.275,128.77,129.47,13561.0,,,,,,,,,,,,,,,,,,,,,,,,"rgba(38, 166, 154, 1.0)",0.0,0.0,,129.83833333333334,,0.0,0.0,0.0,0.0,0.0,0.0,0.0,0.0,44.52636572028483,-29.631842820395043,False,False,False,True,True,,0,,,False,False,False,False,,,False,False,False,False,-38507.0,-6078.477276640486,False,False,False,False,36458.606717981274,False,False,False,False
2024-01-03 17:00:00+00:00,124.87,126.93,124.46,125.35,30179.0,,,,,,,,,,,,,,,,,,,,,,,,"rgba(239, 83, 80, 1.0)",0.0,0.0,,126.2401195511355,,0.0,0.0,0.0,0.0,0.0,0.0,0.0,0.0,41.529476462370816,-29.631842820395043,False,False,False,True,True,,0,,,False,False,False,False,,,False,False,False,False,-68686.0,-7049.136543669315,False,False,False,False,36361.248474291635,False,False,False,False
2024-01-04 17:00:00+00:00,125.62,126.86,124.65,125.67,21448.0,,,,,,,,,,,,,,,,,,,,,,,,"rgba(239, 83, 80, 1.0)",0.0,0.0,,126.077522264205,,0.0,0.0,0.0,0.0,0.0,0.0,0.0,0.0,40.20848642550671,-29.631842820395043,False,False,False,True,True,,0,,,False,False,False,False,,,False,False,False,False,-47238.0,-7672.219698031031,False,False,False,False,36130.035319651455,False,False,False,False
2024-01-05 17:00:00+00:00,126.275,127.2,125.5,126.57,15261.0,,,,,,,,,,,,,,,,,,,,,,,,"rgba(38, 166, 154, 1.0)",0.0,0.0,,126.15816734029079,,0.0,0.0,0.0,0.0,0.0,0.0,0.0,0.0,41.2141925034967,-27.021692760310053,False,False,False,True,True,,1,,,False,False,False,False,,,False,False,False,False,-31977.0,-8049.037997286363,False,False,False,False,35806.48438446306,False,False,False,False
2024-01-08 17:00:00+00:00,129.66,130.375,129.03,129.715,32521.0,,,,,,,,,,,,,,,,,,,,,,,,"rgba(38, 166, 154, 1.0)",0.0,0.0,,127.25601076694718,,0.0,0.0,0.0,0.0,0.0,0.0,0.0,0.0,46.8565827334601,-19.94268527645518,False,False,False,False,True,,1,,,False,False,False,False,,,False,False,False,False,544.0,-7915.812601979597,False,False,False,False,35755.54664206828,False,False,False,False
2024-01-09 17:00:00+00:00,129.43,129.43,127.85,128.25,11493.0,,,,,,,,,,,,,,,,,,,,,,,,"rgba(38, 166, 154, 1.0)",0.0,0.0,,127.37981552096505,,0.0,0.0,0.0,0.0,0.0,0.0,0.0,0.0,48.272828778532634,-17.076658073002747,False,False,False,False,True,,1,,,False,False,False,False,,,False,False,False,False,-10949.0,-7962.838763189216,False,False,False,False,35379.38312823776,False,False,False,False
2024-01-10 17:00:00+00:00,129.99,130.15,128.82,129.17,10266.0,,,,,,,,,,,,,,,,,,,,,,,,"rgba(38, 166, 154, 1.0)",0.0,0.0,,127.54135710839338,,0.0,0.0,0.0,0.0,0.0,0.0,0.0,0.0,50.50067661837201,-13.529755601722762,False,False,False,False,True,,0,,,False,False,False,False,,,False,False,False,False,-683.0,-7849.973045930467,False,False,False,False,34990.02835105577,False,False,False,False
2024-01-11 17:00:00+00:00,126.21,127.11,125.31,125.915,33130.0,,,,,,,,,,,,,,,,,,,,,,,,"rgba(38, 166, 154, 1.0)",0.0,0.0,,127.24783771526401,,0.0,0.0,0.0,0.0,0.0,0.0,0.0,0.0,47.613697445698406,-13.529755601722762,False,False,False,True,True,,1,,,False,False,False,False,,,False,False,False,False,-33813.0,-8252.500595605963,False,False,False,False,34961.19070220219,False,False,False,False
2024-01-12 17:00:00+00:00,126.67,126.9,126.045,126.43,24718.0,,,,,,,,,,,,,,,,,,,,,,,,"rgba(38, 166, 154, 1.0)",0.0,0.0,,127.14319366922608,,0.0,0.0,0.0,0.0,0.0,0.0,0.0,0.0,46.47908501050315,-13.529755601722762,False,False,False,True,True,,1,,,False,False,False,False,,,False,False,False,False,-9095.0,-8265.562601875637,False,False,False,False,34802.38154402851,False,False,False,False
2024-01-15 17:00:00+00:00,126.43,126.43,126.43,126.43,0.0,,,,,,,,,,,,,,,,,,,,,,,,"rgba(38, 166, 154, 1.0)",0.0,0.0,,127.14319366922608,,0.0,0.0,0.0,0.0,0.0,0.0,0.0,0.0,45.722676720372974,-13.529755601722762,False,False,False,True,True,,1,,,False,False,False,False,,,False,False,False,False,-9095.0,-8278.422096420201,False,False,False,False,34262.809737144344,False,False,False,False
2024-01-16 17:00:00+00:00,126.84,127.085,125.675,126.595,20439.0,,,,,,,,,,,,,,,,,,,,,,,,"rgba(38, 166, 154, 1.0)",0.0,0.0,,127.07490644821473,,0.0,0.0,0.0,0.0,0.0,0.0,0.0,0.0,45.52070882613188,-13.529755601722762,False,False,False,True,True,,1,,,False,False,False,False,,,False,False,False,False,11344.0,-7974.1984980260895,False,False,False,False,34048.48710556071,False,False,False,False
2024-01-17 17:00:00+00:00,123.2,123.295,121.48,123.295,34361.0,,,,,,,,,,,,,,,,,,,,,,,,"rgba(239, 83, 80, 1.0)",0.0,0.0,,126.44854038887274,,0.0,0.0,0.0,0.0,0.0,0.0,0.0,0.0,41.35857309397796,-13.529755601722762,False,False,False,True,False,,0,,,False,False,False,False,,,False,False,False,False,-23017.0,-8207.420226738863,False,False,False,False,34053.3322667148,False,False,False,False
2024-01-18 17:00:00+00:00,121.59,122.31,120.74,121.94,23422.0,,,,,,,,,,,,,,,,,,,,,,,,"rgba(239, 83, 80, 1.0)",0.0,0.0,,126.02396563615525,,0.0,0.0,0.0,0.0,0.0,0.0,0.0,0.0,37.37158248555764,-13.529755601722762,False,False,False,True,False,,0,,,False,False,False,False,,,False,False,False,False,-46439.0,-8800.157897642135,False,False,False,False,33888.505409866506,False,False,False,False
2024-01-19 17:00:00+00:00,122.43,123.845,122.325,123.34,27302.0,,,,,,,,,,,,,,,,,,,,,,,,"rgba(239, 83, 80, 1.0)",0.0,0.0,,125.75656625833022,,0.0,0.0,0.0,0.0,0.0,0.0,0.0,0.0,37.383440128039176,-13.529755601722762,False,False,False,True,False,,0,,,False,False,False,False,,,False,False,False,False,-19137.0,-8960.419015508149,False,False,False,False,33786.38904692284,False,False,False,False
2024-01-22 17:00:00+00:00,123.27,124.22,122.62,123.48,21222.0,,,,,,,,,,,,,,,,,,,,,,,,"rgba(239, 83, 80, 1.0)",0.0,0.0,,125.59933465594888,,0.0,0.0,0.0,0.0,0.0,0.0,0.0,0.0,37.654273416957174,-13.529755601722762,False,False,False,True,False,,0,,,False,False,False,False,,,False,False,False,False,2085.0,-8789.17220906616,False,False,False,False,33591.59231751318,False,False,False,False
2024-01-23 17:00:00+00:00,122.2,122.89,121.68,122.305,34194.0,,,,,,,,,,,,,,,,,,,,,,,,"rgba(239, 83, 80, 1.0)",0.0,0.0,,125.27319607544528,,0.0,0.0,0.0,0.0,0.0,0.0,0.0,0.0,36.480988917605856,-13.529755601722762,False,False,False,True,False,,0,,,False,False,False,False,,,False,False,False,False,-32109.0,-9150.719926755057,False,False,False,False,33600.931971505226,False,False,False,False
2024-01-24 17:00:00+00:00,122.135,122.585,120.235,120.76,24386.0,,,,,,,,,,,,,,,,,,,,,,,,"rgba(239, 83, 80, 1.0)",0.0,0.0,,125.00513103776541,,0.0,0.0,0.0,0.0,0.0,0.0,0.0,0.0,34.15232822438562,-9.62857757749476,False,False,False,True,False,,0,,,False,False,False,False,,,False,False,False,False,-56495.0,-9884.739772851877,False,False,False,False,33458.06480915631,False,False,False,False
2024-01-25 17:00:00+00:00,122.96,123.84,122.5,123.43,21994.0,,,,,,,,,,,,,,,,,,,,,,,,"rgba(239, 83, 80, 1.0)",0.0,0.0,,124.90736444483142,,0.0,0.0,0.0,0.0,0.0,0.0,0.0,0.0,37.51205780765939,-9.62857757749476,False,False,False,True,True,,0,,,False,False,False,False,,,False,False,False,False,-34501.0,-10266.387218234018,False,False,False,False,33280.327370254665,False,False,False,False
2024-01-26 17:00:00+00:00,123.73,124.56,123.3,124.215,27092.0,,,,,,,,,,,,,,,,,,,,,,,,"rgba(239, 83, 80, 1.0)",0.0,0.0,,124.85054966465029,,0.0,0.0,0.0,0.0,0.0,0.0,0.0,0.0,40.95392470851778,-15.074500560513066,False,False,False,True,True,,0,,,False,False,False,False,,,False,False,False,False,-7409.0,-10222.086641207134,False,False,False,False,33184.384310250716,False,False,False,False
2024-01-29 17:00:00+00:00,125.94,126.76,124.36,126.51,68578.0,,,,,,,,,,,,,,,,,,,,,,,,"rgba(239, 83, 80, 1.0)",0.0,0.0,,125.28868948627121,,0.0,0.0,0.0,0.0,0.0,0.0,0.0,0.0,46.29787427759505,-10.016217563465403,False,False,False,True,True,,0,,,False,False,False,False,,,False,False,False,False,61169.0,-9115.248088630278,False,False,False,False,33733.122537998766,False,False,False,False
2024-01-30 17:00:00+00:00,123.1,123.23,121.17,121.19,38227.0,,,,,,,,,,,,,,,,,,,,,,,,"rgba(239, 83, 80, 1.0)",0.0,0.0,,124.65847409375347,,0.0,0.0,0.0,0.0,0.0,0.0,0.0,0.0,43.89928897835207,-10.016217563465403,False,False,False,True,True,,0,,,False,False,False,False,,,False,False,False,False,22942.0,-8618.23649035694,False,False,False,False,33802.79505678948,False,False,False,False
2024-01-31 17:00:00+00:00,121.99,125.045,120.35,120.81,39489.0,,,,,,,,,,,,,,,,,,,,,,,,"rgba(239, 83, 80, 1.0)",0.0,0.0,,124.3196394946301,,0.0,0.0,0.0,0.0,0.0,0.0,0.0,0.0,41.97962212841971,-10.016217563465403,False,False,False,True,False,,0,,,False,False,False,False,,,False,False,False,False,-16547.0,-8741.163056397916,False,False,False,False,33890.953272963285,False,False,False,False
2024-02-01 17:00:00+00:00,119.43,122.51,119.17,122.425,34385.0,,,,,,,,,,,,,,,,,,,,,,,,"rgba(239, 83, 80, 1.0)",0.0,0.0,,124.04289294098157,,0.0,0.0,0.0,0.0,0.0,0.0,0.0,0.0,42.869727260950896,-10.016217563465403,False,False,False,True,False,,0,,,False,False,False,False,,,False,False,False,False,17838.0,-8329.083009011902,False,False,False,False,33898.61291214215,False,False,False,False
2024-02-02 17:00:00+00:00,120.005,122.01,119.46,121.4,39315.0,,,,,,,,,,,,,,,,,,,,,,,,"rgba(239, 83, 80, 1.0)",0.0,0.0,,123.76029871357554,,0.0,0.0,0.0,0.0,0.0,0.0,0.0,0.0,42.42299651482466,-10.016217563465403,False,False,False,True,False,,1,,,False,False,False,False,,,False,False,False,False,-21477.0,-8532.926683290785,False,False,False,False,33982.58790575235,False,False,False,False
2024-02-05 17:00:00+00:00,118.05,119.46,117.96,117.98,38948.0,,,,,,,,,,,,,,,,,,,,,,,,"rgba(239, 83, 80, 1.0)",0.0,0.0,,123.31882621435052,,0.0,0.0,0.0,0.0,0.0,0.0,0.0,0.0,39.24838609181579,-4.794965602658003,False,False,False,True,False,,1,,,False,False,False,False,,,False,False,False,False,-60425.0,-9337.454951766897,False,False,False,False,34059.5710389965,False,False,False,False
2024-02-06 17:00:00+00:00,117.93,118.5,117.6,117.645,43229.0,,,,,,,,,,,,,,,,,,,,,,,,"rgba(239, 83, 80, 1.0)",0.0,0.0,,122.87538669237405,,0.0,0.0,0.0,0.0,0.0,0.0,0.0,0.0,36.88646652183925,-7.235714614501823,False,False,False,True,False,,0,,,False,False,False,False,,,False,False,False,False,-103654.0,-10799.726968018571,False,False,False,False,34201.73272831438,False,False,False,False
2024-02-07 17:00:00+00:00,117.45,118.45,117.04,117.22,28543.0,,,,,,,,,,,,,,,,,,,,,,,,"rgba(239, 83, 80, 1.0)",0.0,0.0,,122.60846243195859,,0.0,0.0,0.0,0.0,0.0,0.0,0.0,0.0,34.979899908115414,-9.237188164194698,False,False,False,True,False,,0,,,False,False,False,False,,,False,False,False,False,-132197.0,-12681.8552320803,False,False,False,False,34114.00043795292,False,False,False,False
2024-02-08 17:00:00+00:00,117.88,118.84,117.445,117.88,40042.0,,,,,,,,,,,,,,,,,,,,,,,,"rgba(239, 83, 80, 1.0)",0.0,0.0,,122.31638367504708,,0.0,0.0,0.0,0.0,0.0,0.0,0.0,0.0,34.886331040751784,-9.613457060949742,False,False,False,True,False,,0,,,False,False,False,False,,,False,False,False,False,-92155.0,-13913.997011427891,False,False,False,False,34205.907407907136,False,False,False,False
2024-02-09 17:00:00+00:00,115.8,116.395,115.52,116.15,29063.0,,,,,,,,,,,,,,,,,,,,,,,,"rgba(239, 83, 80, 1.0)",0.0,0.0,,122.0323904896203,,0.0,0.0,0.0,0.0,0.0,0.0,0.0,0.0,33.3036585632222,-11.438798785468812,False,False,False,True,False,,0,,,False,False,False,False,,,False,False,False,False,-121218.0,-15577.624964739085,False,False,False,False,34126.17240933493,False,False,False,False
2024-02-12 17:00:00+00:00,117.605,118.8,117.58,117.9,19687.0,,,,,,,,,,,,,,,,,,,,,,,,"rgba(239, 83, 80, 1.0)",0.0,0.0,,121.92065565447443,,0.0,0.0,0.0,0.0,0.0,0.0,0.0,0.0,35.278611015014185,-11.438798785468812,False,False,False,True,False,,0,,,False,False,False,False,,,False,False,False,False,-101531.0,-16910.235430402045,False,False,False,False,33902.309271205704,False,False,False,False
2024-02-13 17:00:00+00:00,112.96,113.48,111.32,112.8,20145.0,,,,,,,,,,,,,,,,,,,,,,,,"rgba(239, 83, 80, 1.0)",0.0,0.0,,119.36453816809868,,0.0,0.0,0.0,0.0,0.0,0.0,0.0,0.0,32.68505426632945,-12.277332759859739,False,False,False,True,False,,0,,,False,False,False,False,,,False,False,False,False,-121676.0,-18534.51085008573,False,False,False,False,33689.01765459787,False,False,False,False
2024-02-14 17:00:00+00:00,113.43,114.505,112.98,113.085,34135.0,,,,,,,,,,,,,,,,,,,,,,,,"rgba(239, 83, 80, 1.0)",0.0,0.0,,119.23209840549555,,0.0,0.0,0.0,0.0,0.0,0.0,0.0,0.0,31.401965263713535,-13.666778916239615,False,False,False,True,False,,0,,,False,False,False,False,,,False,False,False,False,-87541.0,-19604.378898921612,False,False,False,False,33695.93210956534,False,False,False,False
2024-02-15 17:00:00+00:00,117.33,119.44,117.33,119.4,20176.0,,,,,,,,,,,,,,,,,,,,,,,,"rgba(239, 83, 80, 1.0)",0.0,0.0,,119.5631197108002,,0.0,0.0,0.0,0.0,0.0,0.0,0.0,0.0,38.02019365986459,-17.307566188586563,True,False,False,True,True,,0,,,False,False,False,False,,,False,False,False,False,-67365.0,-20344.853644674768,False,False,False,False,33486.32075902945,False,False,False,False
2024-02-16 17:00:00+00:00,118.68,119.88,118.42,119.27,14022.0,,,,,,,,,,,,,,,,,,,,,,,,"rgba(239, 83, 80, 1.0)",0.0,0.0,,119.71846994583552,,0.0,0.0,0.0,0.0,0.0,0.0,0.0,0.0,42.30858462699689,-13.488666502408194,True,False,False,True,True,,0,,,False,False,False,False,,,False,False,False,False,-81387.0,-21291.243510648805,False,False,False,False,33184.54834416077,False,False,False,False
2024-02-19 17:00:00+00:00,119.27,119.27,119.27,119.27,0.0,,,,,,,,,,,,,,,,,,,,,,,,"rgba(239, 83, 80, 1.0)",0.0,0.0,,119.71846994583552,,0.0,0.0,0.0,0.0,0.0,0.0,0.0,0.0,45.16751193841843,-10.984216296763123,True,False,False,True,True,,0,,,False,False,False,False,,,False,False,False,False,-81387.0,-22222.960665522463,False,False,False,False,32670.059222545875,False,False,False,False
2024-02-20 17:00:00+00:00,118.68,119.025,117.9,118.91,15704.0,,,,,,,,,,,,,,,,,,,,,,,,"rgba(239, 83, 80, 1.0)",0.0,0.0,,119.80513996378963,,0.0,0.0,0.0,0.0,0.0,0.0,0.0,0.0,46.65350755908676,-9.627616456451307,True,False,False,True,True,,0,,,False,False,False,False,,,False,False,False,False,-97091.0,-23383.705461405836,False,False,False,False,32407.019544676947,False,False,False,False
2024-02-21 17:00:00+00:00,120.64,121.51,120.21,121.5,18209.0,,,,,,,,,,,,,,,,,,,,,,,,"rgba(38, 166, 154, 1.0)",0.0,0.0,,120.00372501114649,,0.0,0.0,0.0,0.0,0.0,0.0,0.0,0.0,50.447332091036955,-6.044742716502775,True,False,False,False,True,,0,,,False,False,False,False,,,False,False,False,False,-78882.0,-24244.144136422798,False,False,False,False,32186.89521065095,False,False,False,False
2024-02-22 17:00:00+00:00,120.72,121.58,120.21,121.13,38340.0,,,,,,,,,,,,,,,,,,,,,,,,"rgba(38, 166, 154, 1.0)",0.0,0.0,,120.26721514493846,,0.0,0.0,0.0,0.0,0.0,0.0,0.0,0.0,52.471092589664835,-4.09868378231716,True,False,True,False,True,,0,,,False,False,False,False,,,False,False,False,False,-117222.0,-25685.661281594537,False,False,False,False,32282.29218412923,False,False,False,False
2024-02-23 17:00:00+00:00,122.3,123.175,121.735,121.98,16910.0,,,,,,,,,,,,,,,,,,,,,,,,"rgba(38, 166, 154, 1.0)",0.0,0.0,,120.3993537355192,,0.0,0.0,0.0,0.0,0.0,0.0,0.0,0.0,54.7370928173451,-1.8462215237686905,True,False,True,False,True,,0,,,False,False,False,False,,,False,False,False,False,-100312.0,-26842.6587811047,False,False,False,False,32043.96207274738,False,False,False,False
2024-02-26 17:00:00+00:00,119.53,120.07,118.44,119.05,23339.0,,,,,,,,,,,,,,,,,,,,,,,,"rgba(38, 166, 154, 1.0)",0.0,0.0,,120.39507579539068,,0.0,0.0,0.0,0.0,0.0,0.0,0.0,0.0,52.35607538446973,-1.8462215237686905,True,False,True,False,True,0.0,0,,,False,False,False,False,,,False,False,False,False,-123651.0,-28343.56329612633,False,False,False,False,31909.001420456723,False,False,False,False
2024-02-27 17:00:00+00:00,120.93,122.05,120.375,121.87,21260.0,,,,,,,,,,,,,,,,,,,,,,,,"rgba(38, 166, 154, 1.0)",0.0,0.0,,120.48174003135438,,0.0,0.0,0.0,0.0,0.0,0.0,0.0,0.0,53.839593293477904,-1.8462215237686905,True,False,True,False,True,0.0,0,,,False,False,False,False,,,False,False,False,False,-102391.0,-29491.585570604988,False,False,False,False,31743.900623240337,False,False,False,False
2024-02-28 17:00:00+00:00,122.54,124.04,121.025,121.245,33956.0,,,,,,,,,,,,,,,,,,,,,,,,"rgba(38, 166, 154, 1.0)",0.0,0.0,,120.63344940051125,,0.0,0.0,0.0,0.0,0.0,0.0,0.0,0.0,54.03348669723535,-1.8462215237686905,True,False,True,False,True,0.0,0,,,False,False,False,False,,,False,False,False,False,-136347.0,-31148.258662533593,False,False,False,False,31778.1967376087,False,False,False,False
2024-02-29 17:00:00+00:00,124.06,126.66,123.66,124.91,49529.0,,,,,,,,,,,,,,,,,,,,,,,,"rgba(38, 166, 154, 1.0)",0.0,0.0,,121.03787053120416,,0.0,0.0,0.0,0.0,0.0,0.0,0.0,0.0,57.458437142207686,1.4409608600100086,True,False,True,False,True,0.18694061862793987,0,,,False,False,False,False,,,False,False,False,False,-86818.0,-32011.355427455554,False,False,False,False,32053.4029897388,False,False,False,False
2024-03-01 17:00:00+00:00,123.64,124.41,122.55,124.27,25189.0,,,,,,,,,,,,,,,,,,,,,,,,"rgba(38, 166, 154, 1.0)",0.0,0.0,,121.15769207359331,,0.0,0.0,0.0,0.0,0.0,0.0,0.0,0.0,58.86557281788617,3.0159974340908065,True,False,True,False,True,0.0,0,,,False,False,False,False,,,False,False,False,False,-112007.0,-33251.59797896787,False,False,False,False,31946.97813718471,False,False,False,False
2024-03-04 17:00:00+00:00,125.565,126.635,125.07,126.1,25013.0,,,,,,,,,,,,,,,,,,,,,,,,"rgba(38, 166, 154, 1.0)",0.0,0.0,,121.34311570025567,,0.0,0.0,0.0,0.0,0.0,0.0,0.0,0.0,61.2879644337992,5.537589478741829,True,False,True,False,True,1.8126489827974197,0,,,False,False,False,False,,,False,False,False,False,-86994.0,-34084.813514177666,False,False,False,False,31839.474600174093,False,False,False,False
2024-03-05 17:00:00+00:00,124.6,124.95,123.71,124.13,21377.0,,,,,,,,,,,,,,,,,,,,,,,,"rgba(38, 166, 154, 1.0)",0.0,0.0,,121.43800455359968,,0.0,0.0,0.0,0.0,0.0,0.0,0.0,0.0,60.1833456319529,5.537589478741829,True,False,True,False,True,0.0,0,,,False,False,False,False,,,False,False,False,False,-108371.0,-35236.53733566328,False,False,False,False,31677.265691644265,False,False,False,False
2024-03-06 17:00:00+00:00,123.75,124.23,122.5,123.655,43729.0,,,,,,,,,,,,,,,,,,,,,,,,"rgba(38, 166, 154, 1.0)",0.0,0.0,,121.5649373531395,,0.0,0.0,0.0,0.0,0.0,0.0,0.0,0.0,58.82118656320007,5.537589478741829,True,False,True,False,False,0.0,0,,,False,False,False,False,,,False,False,False,False,-152100.0,-37048.3739661181,False,False,False,False,31864.114285572257,False,False,False,False
2024-03-07 17:00:00+00:00,124.625,125.23,123.65,124.205,22939.0,,,,,,,,,,,,,,,,,,,,,,,,"rgba(38, 166, 154, 1.0)",0.0,0.0,,121.64977608028903,,0.0,0.0,0.0,0.0,0.0,0.0,0.0,0.0,58.50537640556837,5.537589478741829,True,False,True,False,False,0.0,0,,,False,False,False,False,,,False,False,False,False,-129161.0,-38476.476695325575,False,False,False,False,31725.740420679664,False,False,False,False
2024-03-08 17:00:00+00:00,126.375,127.19,125.83,127.09,15102.0,,,,,,,,,,,,,,,,,,,,,,,,"rgba(38, 166, 154, 1.0)",0.0,0.0,,121.7452491758105,,0.0,0.0,0.0,0.0,0.0,0.0,0.0,0.0,61.00201999225676,6.1044530756389435,True,False,True,False,True,3.1034353042004064,0,,,False,False,False,False,,,False,False,False,False,-114059.0,-39648.29876206472,False,False,False,False,31468.00801105672,False,False,False,False
2024-03-11 17:00:00+00:00,127.8,128.325,126.68,126.95,19500.0,,,,,,,,,,,,,,,,,,,,,,,,"rgba(38, 166, 154, 1.0)",0.0,0.0,,122.96479638877103,,0.0,0.0,0.0,0.0,0.0,0.0,0.0,0.0,62.43732760916656,7.689960470850501,True,False,True,False,True,2.906992799875667,0,,,False,False,False,False,,,False,False,False,False,-133559.0,-41104.27862621875,False,False,False,False,31282.45749925739,False,False,False,False
2024-03-12 17:00:00+00:00,124.91,126.25,124.29,126.06,18683.0,,,,,,,,,,,,,,,,,,,,,,,,"rgba(38, 166, 154, 1.0)",0.0,0.0,,122.85457491864172,,0.0,0.0,0.0,0.0,0.0,0.0,0.0,0.0,61.885052652961136,7.689960470850501,True,False,True,False,True,1.6563044643137168,0,,,False,False,False,False,,,False,False,False,False,-152242.0,-42827.34407387428,False,False,False,False,31087.117072912315,False,False,False,False
2024-03-13 17:00:00+00:00,126.14,126.3,124.83,125.17,9684.0,,,,,,,,,,,,,,,,,,,,,,,,"rgba(38, 166, 154, 1.0)",0.0,0.0,,122.84486683404153,,0.0,0.0,0.0,0.0,0.0,0.0,0.0,0.0,60.05109367296572,7.689960470850501,True,False,True,False,False,0.42081847741131995,0,,,False,False,False,False,,,False,False,False,False,-161926.0,-44673.834863426615,False,False,False,False,30755.285800464062,False,False,False,False
2024-03-14 17:00:00+00:00,122.07,123.65,121.31,123.535,39400.0,,,,,,,,,,,,,,,,,,,,,,,,"rgba(38, 166, 154, 1.0)",0.0,0.0,,122.61170905521887,,0.0,0.0,0.0,0.0,0.0,0.0,0.0,0.0,56.38380943979189,10.854485763631281,True,False,True,False,False,0.0,0,,,False,False,False,False,,,False,False,False,False,-201326.0,-47102.55060197814,False,False,False,False,30889.31237720105,False,False,False,False
2024-03-15 17:00:00+00:00,123.22,124.77,122.85,123.75,35905.0,,,,,,,,,,,,,,,,,,,,,,,,"rgba(38, 166, 154, 1.0)",0.0,0.0,,122.68830542975722,,0.0,0.0,0.0,0.0,0.0,0.0,0.0,0.0,54.259589538763336,8.827272031685965,True,False,True,False,False,0.0,0,,,False,False,False,False,,,False,False,False,False,-165421.0,-48936.945166288555,False,False,False,False,30967.074976004136,False,False,False,False
2024-03-18 17:00:00+00:00,124.52,124.82,122.98,123.1,20629.0,,,,,,,,,,,,,,,,,,,,,,,,"rgba(38, 166, 154, 1.0)",0.0,0.0,,122.70328471816576,,0.0,0.0,0.0,0.0,0.0,0.0,0.0,0.0,51.83760407894977,6.526861766350123,True,False,False,False,False,0.0,0,,,False,False,False,False,,,False,False,False,False,-186050.0,-51062.72896216005,False,False,False,False,30806.794743818024,False,False,False,False
2024-03-19 17:00:00+00:00,123.95,124.17,122.8,123.48,20954.0,,,,,,,,,,,,,,,,,,,,,,,,"rgba(38, 166, 154, 1.0)",0.0,0.0,,122.70818264153043,,0.0,0.0,0.0,0.0,0.0,0.0,0.0,0.0,50.897337517219455,5.57085967776257,True,False,False,False,False,0.0,0,,,False,False,False,False,,,False,False,False,False,-165096.0,-52830.68665266919,False,False,False,False,30654.03823616193,False,False,False,False
2024-03-20 17:00:00+00:00,124.65,126.99,124.11,126.08,17247.0,,,,,,,,,,,,,,,,,,,,,,,,"rgba(38, 166, 154, 1.0)",0.0,0.0,,122.8221232177991,,0.0,0.0,0.0,0.0,0.0,0.0,0.0,0.0,54.1295985875057,5.57085967776257,True,False,True,False,True,1.7961486676407574,0,,,False,False,False,False,,,False,False,False,False,-147849.0,-54303.838797589044,False,False,False,False,30446.17717823694,False,False,False,False
2024-03-21 17:00:00+00:00,126.87,128.89,126.54,128.54,14483.0,,,,,,,,,,,,,,,,,,,,,,,,"rgba(38, 166, 154, 1.0)",0.0,0.0,,122.98970448541279,,0.0,0.0,0.0,0.0,0.0,0.0,0.0,0.0,58.8413444514034,3.681645417423013,True,False,True,False,True,4.979061239948855,0,,,False,False,False,False,,,False,False,False,False,-133366.0,-55529.60873871169,False,False,False,False,30198.686059194508,False,False,False,False
2024-03-22 17:00:00+00:00,125.205,126.1,124.915,125.58,7513.0,,,,,,,,,,,,,,,,,,,,,,,,"rgba(38, 166, 154, 1.0)",0.0,0.0,,123.02199677307011,,0.0,0.0,0.0,0.0,0.0,0.0,0.0,0.0,57.2369881441106,3.681645417423013,True,False,True,False,True,0.9257460558566777,0,,,False,False,False,False,,,False,False,False,False,-140879.0,-56852.855114855694,False,False,False,False,29846.969996261258,False,False,False,False
2024-03-25 17:00:00+00:00,126.74,126.875,126.18,126.47,8830.0,,,,,,,,,,,,,,,,,,,,,,,,"rgba(38, 166, 154, 1.0)",0.0,0.0,,123.0786307504124,,0.0,0.0,0.0,0.0,0.0,0.0,0.0,0.0,57.177190723962305,3.681645417423013,True,False,True,False,True,2.059901646289312,0,,,False,False,False,False,,,False,False,False,False,-132049.0,-58018.686818501345,False,False,False,False,29521.12550019519,False,False,False,False
2024-03-26 17:00:00+00:00,125.91,125.925,124.165,124.165,15778.0,,,,,,,,,,,,,,,,,,,,,,,,"rgba(38, 166, 154, 1.0)",0.0,0.0,,123.10855145148582,,0.0,0.0,0.0,0.0,0.0,0.0,0.0,0.0,54.07390984753816,3.681645417423013,True,False,True,False,False,0.0,0,,,False,False,False,False,,,False,False,False,False,-147827.0,-59411.06376705171,False,False,False,False,29308.05378701387,False,False,False,False
2024-03-27 17:00:00+00:00,125.75,127.7,125.28,127.685,20691.0,,,,,,,,,,,,,,,,,,,,,,,,"rgba(38, 166, 154, 1.0)",0.0,0.0,,123.237668135788,,0.0,0.0,0.0,0.0,0.0,0.0,0.0,0.0,55.77149945638791,3.681645417423013,True,False,True,False,False,3.4019780635562356,0,,,False,False,False,False,,,False,False,False,False,-127136.0,-60461.06277841525,False,False,False,False,29174.45605388187,False,False,False,False
2024-03-28 17:00:00+00:00,128.59,129.25,128.46,128.89,15251.0,,,,,,,,,,,,,,,,,,,,,,,,"rgba(38, 166, 154, 1.0)",0.0,0.0,,124.1664338762946,,0.0,0.0,0.0,0.0,0.0,0.0,0.0,0.0,57.95183983591878,3.681645417423013,True,False,True,False,True,4.8030602970560174,0,,,False,False,False,False,,,False,False,False,False,-111885.0,-61258.33312293594,False,False,False,False,28958.588518162767,False,False,False,False
2024-03-29 17:00:00+00:00,128.89,128.89,128.89,128.89,0.0,,,,,,,,,,,,,,,,,,,,,,,,"rgba(38, 166, 154, 1.0)",0.0,0.0,,124.1664338762946,,0.0,0.0,0.0,0.0,0.0,0.0,0.0,0.0,59.405400088939366,4.193402054478817,True,False,True,False,True,4.8030602970560174,0,,,False,False,False,False,,,False,False,False,False,-111885.0,-62043.242686921425,False,False,False,False,28509.618153540086,False,False,False,False
2024-04-01 17:00:00+00:00,125.975,126.515,125.315,125.58,12018.0,,,,,,,,,,,,,,,,,,,,,,,,"rgba(38, 166, 154, 1.0)",0.0,0.0,3.941146191948009,124.00379298738393,0.39993619516991,0.0,0.0,0.0,0.0,0.0,0.0,0.0,0.0,55.98651391596814,4.193402054478817,True,False,True,False,False,0.5732628517079164,0,,,False,False,False,False,,,False,False,False,False,-123903.0,-63002.30869177535,False,False,False,False,28253.934151159618,False,False,False,False
2024-04-02 17:00:00+00:00,123.72,124.07,123.06,123.93,6602.0,,,,,,,,,,,,,,,,,,,,,,,,"rgba(38, 166, 154, 1.0)",0.0,0.0,3.887506351201322,123.89065497959601,0.010120889035162835,0.0,0.0,0.0,0.0,0.0,0.0,0.0,0.0,51.97193484405453,7.521173901313368,False,False,False,False,False,0.0,0,,,False,False,False,False,,,False,False,False,False,-130505.0,-64048.86204539124,False,False,False,False,27918.24524959125,False,False,False,False
2024-04-03 17:00:00+00:00,123.9,124.03,123.39,123.49,6835.0,,,,,,,,,,,,,,,,,,,,,,,,"rgba(38, 166, 154, 1.0)",0.0,0.0,3.875850167708048,123.80871459863225,-0.08223088737734258,0.0,0.0,0.0,0.0,0.0,0.0,0.0,0.0,48.8444303654195,4.642579348048251,False,False,False,True,False,0.0,0,,,False,False,False,False,,,False,False,False,False,-137340.0,-65185.15875786579,False,False,False,False,27591.37323021774,False,False,False,False
2024-04-04 17:00:00+00:00,125.47,125.47,122.33,122.51,8031.0,,,,,,,,,,,,,,,,,,,,,,,,"rgba(38, 166, 154, 1.0)",0.0,0.0,3.833706540391142,123.73279418953085,-0.3189587352729629,0.0,0.0,0.0,0.0,0.0,0.0,0.0,0.0,45.742367877843286,1.778099502161254,False,True,False,True,False,0.0,0,,,False,False,False,False,,,False,False,False,False,-145371.0,-66428.35009495314,False,False,False,False,27288.111629749248,False,False,False,False
2024-04-05 17:00:00+00:00,124.66,124.82,123.82,124.6,7094.0,,,,,,,,,,,,,,,,,,,,,,,,"rgba(38, 166, 154, 1.0)",0.0,0.0,3.808257150262112,123.71031595060218,0.2336197410767233,0.0,0.0,0.0,0.0,0.0,0.0,0.0,0.0,46.63038476176539,1.778099502161254,False,True,False,True,False,0.0,0,,,False,False,False,False,,,False,False,False,False,-138277.0,-67542.28265162054,False,False,False,False,26975.02462773763,False,False,False,False
2024-04-08 17:00:00+00:00,126.47,126.82,126.045,126.77,8530.0,,,,,,,,,,,,,,,,,,,,,,,,"rgba(38, 166, 154, 1.0)",0.0,0.0,3.7975043630504715,123.75785124280013,0.793191651471931,0.0,0.0,0.0,0.0,0.0,0.0,0.0,0.0,49.73785177379703,1.778099502161254,False,False,False,False,True,2.091968061428094,0,,,False,False,False,False,,,False,False,False,False,-129747.0,-68506.69687407603,False,False,False,False,26689.05525366418,False,False,False,False
2024-04-09 17:00:00+00:00,128.58,129.73,128.58,129.46,10280.0,,,,,,,,,,,,,,,,,,,,,,,,"rgba(38, 166, 154, 1.0)",0.0,0.0,3.8051869909422344,124.57110016256578,1.2847988414423865,0.0,0.0,0.0,0.0,0.0,0.0,0.0,0.0,54.297009067469304,-2.0630135222850186,True,False,True,False,True,5.110920138024131,0,,,False,False,False,False,,,False,False,False,False,-119467.0,-69296.77909308262,False,True,False,False,26434.65129624303,False,True,False,False
2024-04-10 17:00:00+00:00,122.89,123.04,121.715,122.8,8650.0,,,,,,,,,,,,,,,,,,,,,,,,"rgba(38, 166, 154, 1.0)",0.0,0.0,3.757343042462148,124.11908312712072,-0.3510680585226359,0.0,0.0,0.0,0.0,0.0,0.0,0.0,0.0,50.559414271552285,-2.0630135222850186,False,False,False,False,False,0.0,0,,,False,False,False,False,,,False,False,False,False,-128117.0,-70208.72050249219,False,False,False,False,26158.9202683943,False,False,False,False
2024-04-11 17:00:00+00:00,123.79,124.69,123.57,123.92,9746.0,,,,,,,,,,,,,,,,,,,,,,,,"rgba(38, 166, 154, 1.0)",0.0,0.0,3.705705452528691,124.00362061469883,-0.022565370013898287,0.0,0.0,0.0,0.0,0.0,0.0,0.0,0.0,49.15261117406976,-2.0630135222850186,False,True,False,False,False,0.0,0,,,False,False,False,False,,,False,False,False,False,-118371.0,-70955.42251020549,False,False,False,False,25904.456388264156,False,False,False,False
2024-04-12 17:00:00+00:00,122.31,122.42,121.235,121.8,9058.0,,,,,,,,,,,,,,,,,,,,,,,,"rgba(239, 83, 80, 1.0)",0.0,0.0,3.6920142723704834,123.8262952114301,-0.5488319009474194,0.0,0.0,0.0,0.0,0.0,0.0,0.0,0.0,46.53795141937579,3.266695947926536,False,True,False,True,False,0.0,0,,,False,False,False,False,,,False,False,False,False,-127429.0,-71830.98185113254,False,False,False,False,25643.271017903473,False,False,False,False
2024-04-15 17:00:00+00:00,119.96,119.96,118.43,119.2,10000.0,,,,,,,,,,,,,,,,,,,,,,,,"rgba(239, 83, 80, 1.0)",0.0,0.0,3.7049135720791826,123.56010694228463,-1.1768444411613512,0.0,0.0,0.0,0.0,0.0,0.0,0.0,0.0,43.00114555823225,-0.16674112312374945,False,True,False,True,False,0.0,0,,,False,False,False,False,,,False,False,False,False,-137429.0,-72848.0053883243,False,False,False,False,25400.739684292566,False,False,False,False
2024-04-16 17:00:00+00:00,117.83,118.22,116.95,116.97,11840.0,,,,,,,,,,,,,,,,,,,,,,,,"rgba(239, 83, 80, 1.0)",0.0,0.0,3.70975241154378,123.2330219155889,-1.6882587355695278,0.0,0.0,0.0,0.0,0.0,0.0,0.0,0.0,39.30606386144585,-3.6994431573175888,False,True,False,True,False,0.0,0,,,False,False,False,False,,,False,False,False,False,-149269.0,-74032.82701021075,False,False,False,False,25190.4956581795,False,False,False,False
2024-04-17 17:00:00+00:00,117.06,118.385,116.41,116.41,9449.0,,,,,,,,,,,,,,,,,,,,,,,,"rgba(239, 83, 80, 1.0)",0.0,0.0,3.784016646631183,123.01242154079998,-1.7448183127518622,0.0,0.0,0.0,0.0,0.0,0.0,0.0,0.0,36.51734374041622,-6.38514800143448,False,True,False,True,False,0.0,0,,,False,False,False,False,,,False,False,False,False,-158718.0,-75345.7754286571,False,False,False,False,24946.441461928654,False,False,False,False
2024-04-18 17:00:00+00:00,114.88,116.635,114.75,116.52,32207.0,,,,,,,,,,,,,,,,,,,,,,,,"rgba(239, 83, 80, 1.0)",0.0,0.0,3.847776062952539,121.64225264174527,-1.3312242079428047,0.0,0.0,0.0,0.0,0.0,0.0,0.0,0.0,34.8127151489667,-8.137284286840867,False,True,False,True,False,0.0,0,,,False,False,False,False,,,False,False,False,False,-126511.0,-76139.03472433683,False,False,False,False,25059.00826096852,False,False,False,False
2024-04-19 17:00:00+00:00,116.665,116.95,115.12,115.435,28003.0,,,,,,,,,,,,,,,,,,,,,,,,"rgba(239, 83, 80, 1.0)",0.0,0.0,3.922331132568158,121.26252393637355,-1.4857297202640725,0.0,0.0,0.0,0.0,0.0,0.0,0.0,0.0,32.95065908865174,-10.125539687824421,False,True,False,True,False,0.0,0,,,False,False,False,False,,,False,False,False,False,-154514.0,-77354.15046504479,False,False,False,False,25104.651543744203,False,False,False,False
2024-04-22 17:00:00+00:00,118.06,118.85,117.19,118.34,11110.0,,,,,,,,,,,,,,,,,,,,,,,,"rgba(239, 83, 80, 1.0)",0.0,0.0,3.873028528423443,121.2317195795218,-0.746630074707685,0.0,0.0,0.0,0.0,0.0,0.0,0.0,0.0,35.78427812484861,-10.125539687824421,False,True,False,True,False,0.0,0,,,False,False,False,False,,,False,False,False,False,-143404.0,-78378.17914000533,False,False,False,False,24887.680201980726,False,False,False,False
2024-04-23 17:00:00+00:00,120.32,120.645,119.28,119.49,20060.0,,,,,,,,,,,,,,,,,,,,,,,,"rgba(239, 83, 80, 1.0)",0.0,0.0,3.8353462697661183,121.2723118384543,-0.4647068903541248,0.0,0.0,0.0,0.0,0.0,0.0,0.0,0.0,39.06744342096135,-10.125539687824421,False,True,False,True,True,0.0,0,,,False,False,False,False,,,False,False,False,False,-123344.0,-79075.3236494626,False,False,False,False,24812.832446911256,False,False,False,False
2024-04-24 17:00:00+00:00,117.88,119.81,117.83,119.67,26383.0,,,,,,,,,,,,,,,,,,,,,,,,"rgba(239, 83, 80, 1.0)",0.0,0.0,3.771260085254064,121.23287995975437,-0.4144185032120584,0.0,0.0,0.0,0.0,0.0,0.0,0.0,0.0,41.4813338399601,-15.346320716764772,False,True,False,True,True,0.0,0,,,False,False,False,False,,,False,False,False,False,-96961.0,-79352.62095722287,False,False,False,False,24837.17612990488,False,False,False,False
2024-04-25 17:00:00+00:00,117.12,117.525,116.61,117.2,24579.0,,,,,,,,,,,,,,,,,,,,,,,,"rgba(239, 83, 80, 1.0)",0.0,0.0,3.7974778056868925,121.06660512211084,-1.0182034813529197,0.0,0.0,0.0,0.0,0.0,0.0,0.0,0.0,40.606745826835564,-15.346320716764772,False,True,False,True,True,0.0,0,,,False,False,False,False,,,False,False,False,False,-121540.0,-80006.68884935894,False,False,False,False,24833.173399208677,False,False,False,False
2024-04-26 17:00:00+00:00,117.45,117.45,116.23,116.29,31282.0,,,,,,,,,,,,,,,,,,,,,,,,"rgba(239, 83, 80, 1.0)",0.0,0.0,3.8303258570480674,120.85237866604533,-1.1911202431120118,0.0,0.0,0.0,0.0,0.0,0.0,0.0,0.0,39.213860703636655,-15.346320716764772,False,True,False,True,True,0.0,0,,,False,False,False,False,,,False,False,False,False,-152822.0,-81135.60840208204,False,False,False,False,24933.155206972882,False,False,False,False
2024-04-29 17:00:00+00:00,117.745,119.15,117.63,119.15,17565.0,,,,,,,,,,,,,,,,,,,,,,,,"rgba(239, 83, 80, 1.0)",0.0,0.0,3.814062418882912,120.81764916381752,-0.43723698793213434,0.0,0.0,0.0,0.0,0.0,0.0,0.0,0.0,42.12164434588482,-14.118062684152818,False,True,False,True,True,0.0,0,,,False,False,False,False,,,False,False,False,False,-135257.0,-81974.69974468542,False,False,False,False,24818.920242523687,False,False,False,False
2024-04-30 17:00:00+00:00,117.32,117.78,115.75,115.84,14579.0,,,,,,,,,,,,,,,,,,,,,,,,"rgba(239, 83, 80, 1.0)",0.0,0.0,3.8451973238650945,120.72637107751137,-1.2707725159341665,0.0,0.0,0.0,0.0,0.0,0.0,0.0,0.0,41.01210482594593,-14.118062684152818,False,True,False,True,True,0.0,0,,,False,False,False,False,,,False,False,False,False,-149836.0,-83026.81292693836,False,False,False,False,24660.16178915123,False,False,False,False
2024-05-01 17:00:00+00:00,116.88,119.885,116.05,116.95,12536.0,,,,,,,,,,,,,,,,,,,,,,,,"rgba(239, 83, 80, 1.0)",0.0,0.0,3.8851587118438333,120.68025637565754,-0.9601297275928307,0.0,0.0,0.0,0.0,0.0,0.0,0.0,0.0,41.64209125239192,-14.058271998395007,False,True,False,True,True,0.0,0,,,False,False,False,False,,,False,False,False,False,-137300.0,-83868.25768776103,False,False,False,False,24472.190288544232,False,False,False,False
2024-05-02 17:00:00+00:00,116.85,118.19,116.73,118.18,12744.0,,,,,,,,,,,,,,,,,,,,,,,,"rgba(239, 83, 80, 1.0)",0.0,0.0,3.9085834834178304,120.63692343706543,-0.6285968938590994,0.0,0.0,0.0,0.0,0.0,0.0,0.0,0.0,43.531915209637,-11.92533754440003,False,True,False,True,True,0.0,0,,,False,False,False,False,,,False,False,False,False,-124556.0,-84499.0753980283,False,False,False,False,24290.357880969903,False,False,False,False
2024-05-03 17:00:00+00:00,120.495,120.69,119.85,120.51,14605.0,,,,,,,,,,,,,,,,,,,,,,,,"rgba(239, 83, 80, 1.0)",0.0,0.0,3.9074835592444375,120.65732456349913,-0.03770318192397281,0.0,0.0,0.0,0.0,0.0,0.0,0.0,0.0,47.27377395347857,-8.183783846861203,False,False,False,False,True,0.0,0,,,False,False,False,False,,,False,False,False,False,-109951.0,-84893.67888022942,False,False,False,False,24140.197293668047,False,False,False,False
2024-05-06 17:00:00+00:00,119.42,120.26,119.395,119.87,7932.0,,,,,,,,,,,,,,,,,,,,,,,,"rgba(239, 83, 80, 1.0)",0.0,0.0,3.90866526606743,120.66020387009968,-0.20216718913224072,0.0,0.0,0.0,0.0,0.0,0.0,0.0,0.0,49.00461736452556,-6.407917694539073,False,False,False,False,True,0.0,0,,,False,False,False,False,,,False,False,False,False,-117883.0,-85405.1412231716,False,False,False,False,23888.90741314606,False,False,False,False
2024-05-07 17:00:00+00:00,119.71,120.15,119.16,119.7,16076.0,,,,,,,,,,,,,,,,,,,,,,,,"rgba(239, 83, 80, 1.0)",0.0,0.0,3.9151959991437875,120.6599603223762,-0.24518831818027084,0.0,0.0,0.0,0.0,0.0,0.0,0.0,0.0,49.94253915169715,-5.318472129305967,False,False,False,False,True,0.0,0,,,False,False,False,False,,,False,False,False,False,-133959.0,-86157.91422746351,False,False,False,False,23767.77706565542,False,False,False,False
2024-05-08 17:00:00+00:00,118.15,118.35,117.85,118.08,3752.0,,,,,,,,,,,,,,,,,,,,,,,,"rgba(239, 83, 80, 1.0)",0.0,0.0,3.936165472973721,120.64998414999442,-0.6529156783779307,0.0,0.0,0.0,0.0,0.0,0.0,0.0,0.0,48.54840124478676,-5.318472129305967,False,False,False,False,True,0.0,0,,,False,False,False,False,,,False,False,False,False,-137711.0,-86957.18687509974,False,False,False,False,23457.454940606498,False,False,False,False
2024-05-09 17:00:00+00:00,120.23,121.22,120.23,120.49,9933.0,,,,,,,,,,,,,,,,,,,,,,,,"rgba(239, 83, 80, 1.0)",0.0,0.0,3.933091134702281,120.66474099276908,-0.04442841184820787,0.0,0.0,0.0,0.0,0.0,0.0,0.0,0.0,50.577706782918185,-4.406991595044417,True,False,False,False,True,0.0,0,,,False,False,False,False,,,False,False,False,False,-127778.0,-87590.06769874161,False,False,False,False,23247.77346865911,False,False,False,False
2024-05-10 17:00:00+00:00,121.29,121.925,120.98,121.615,16763.0,,,,,,,,,,,,,,,,,,,,,,,,"rgba(239, 83, 80, 1.0)",0.0,0.0,3.921493018672263,120.70943314934806,0.2309239991860404,0.0,0.0,0.0,0.0,0.0,0.0,0.0,0.0,53.12725483026656,-1.8436913616118602,True,False,True,False,True,0.0,0,,,False,False,False,False,,,False,False,False,False,-111015.0,-87953.24494372235,False,False,False,False,23147.234345114008,False,False,False,False
2024-05-13 17:00:00+00:00,120.54,120.755,120.08,120.755,6199.0,,,,,,,,,,,,,,,,,,,,,,,,"rgba(239, 83, 80, 1.0)",0.0,0.0,3.880232053987569,120.71561058808607,0.010151303160709524,0.0,0.0,0.0,0.0,0.0,0.0,0.0,0.0,53.590176294284205,-1.2194227972269687,True,False,True,False,True,0.0,0,,,False,False,False,False,,,False,False,False,False,-117214.0,-88406.90006087394,False,False,False,False,22884.471021933943,False,False,False,False
2024-05-14 17:00:00+00:00,123.185,124.33,122.31,124.01,15209.0,,,,,,,,,,,,,,,,,,,,,,,,"rgba(239, 83, 80, 1.0)",0.0,0.0,3.8905958319938256,120.7973753165458,0.8257410489765072,0.0,0.0,0.0,0.0,0.0,0.0,0.0,0.0,57.134556228174155,2.2661652511694754,True,False,True,False,True,1.2653586156354493,0,,,False,False,False,False,,,False,False,False,False,-102005.0,-88617.72331574411,False,False,False,False,22765.471471206285,False,False,False,False
2024-05-15 17:00:00+00:00,125.7,125.7,124.96,125.195,24069.0,,,,,,,,,,,,,,,,,,,,,,,,"rgba(38, 166, 154, 1.0)",0.0,0.0,3.912029434615376,121.40537504090544,0.9687107478185788,0.0,0.0,0.0,0.0,0.0,0.0,0.0,0.0,60.45609366225228,5.412657774204128,True,False,True,False,True,2.4486842140578027,0,,,False,False,False,False,,,False,False,False,False,-77936.0,-88452.11520232171,False,False,False,False,22785.681215838747,False,False,False,False
2024-05-16 17:00:00+00:00,124.875,125.095,124.005,124.1,17865.0,,,,,,,,,,,,,,,,,,,,,,,,"rgba(38, 166, 154, 1.0)",0.0,0.0,3.9214535616319415,121.45643664028675,0.6741284368577611,0.0,0.0,0.0,0.0,0.0,0.0,0.0,0.0,60.945581581999775,5.942905594430975,True,False,True,False,True,1.2941845369484462,0,,,False,False,False,False,,,False,False,False,False,-95801.0,-88566.05140073532,False,False,False,False,22709.39158458543,False,False,False,False
2024-05-17 17:00:00+00:00,124.025,124.265,123.58,124.21,14855.0,,,,,,,,,,,,,,,,,,,,,,,,"rgba(38, 166, 154, 1.0)",0.0,0.0,3.932509321993703,121.49543730763567,0.6902876687875457,0.0,0.0,0.0,0.0,0.0,0.0,0.0,0.0,61.38156646831468,6.561485367923929,True,False,True,False,True,1.4066375013853047,0,,,False,False,False,False,,,False,False,False,False,-80946.0,-88447.91106894097,False,False,False,False,22587.618071646124,False,False,False,False
2024-05-20 17:00:00+00:00,124.36,124.36,123.46,123.695,8223.0,,,,,,,,,,,,,,,,,,,,,,,,"rgba(38, 166, 154, 1.0)",0.0,0.0,3.9151693173838082,121.51603313362185,0.5565447340178317,0.0,0.0,0.0,0.0,0.0,0.0,0.0,0.0,60.76897849807455,6.561485367923929,True,False,True,False,True,0.853752647863562,0,,,False,False,False,False,,,False,False,False,False,-89169.0,-88459.09074229072,False,False,False,False,22364.910814721377,False,False,False,False
2024-05-21 17:00:00+00:00,123.815,123.97,123.245,123.51,6666.0,,,,,,,,,,,,,,,,,,,,,,,,"rgba(38, 166, 154, 1.0)",0.0,0.0,3.8904305188014137,121.5292969851779,0.5091218067640334,0.0,0.0,0.0,0.0,0.0,0.0,0.0,0.0,60.01748562494704,6.561485367923929,True,False,True,False,True,0.653089004216902,0,,,False,False,False,False,,,False,False,False,False,-95835.0,-88573.44592458078,False,False,False,False,22121.516848601666,False,False,False,False
2024-05-22 17:00:00+00:00,123.635,123.9,122.13,122.79,13186.0,,,,,,,,,,,,,,,,,,,,,,,,"rgba(38, 166, 154, 1.0)",0.0,0.0,3.8541406913173644,121.53874877331513,0.32465115492636254,0.0,0.0,0.0,0.0,0.0,0.0,0.0,0.0,58.144104457505,6.561485367923929,True,False,True,False,False,0.0,0,,,False,False,False,False,,,False,False,False,False,-109021.0,-88890.46226683533,False,False,False,False,21982.981703662106,False,False,False,False
2024-05-23 17:00:00+00:00,119.94,119.94,118.2,118.565,12782.0,,,,,,,,,,,,,,,,,,,,,,,,"rgba(239, 83, 80, 1.0)",0.0,0.0,3.8452652212326583,121.44203240711106,-0.748201292130581,0.0,0.0,0.0,0.0,0.0,0.0,0.0,0.0,51.14410412233753,5.728008413764748,True,False,False,False,False,0.0,0,,,False,False,False,False,,,False,False,False,False,-121803.0,-89400.73416967508,False,False,False,False,21840.330824535562,False,False,False,False
2024-05-24 17:00:00+00:00,119.07,119.32,118.22,118.38,9527.0,,,,,,,,,,,,,,,,,,,,,,,,"rgba(239, 83, 80, 1.0)",0.0,0.0,3.8085061352165117,121.37628908791439,-0.7867360538580447,0.0,0.0,0.0,0.0,0.0,0.0,0.0,0.0,46.28696740643927,1.4512916519565238,False,False,False,True,False,0.0,0,,,False,False,False,False,,,False,False,False,False,-131330.0,-90050.80030657935,False,False,False,False,21649.426470666793,False,False,False,False
2024-05-27 17:00:00+00:00,118.38,118.38,118.38,118.38,0.0,,,,,,,,,,,,,,,,,,,,,,,,"rgba(239, 83, 80, 1.0)",0.0,0.0,3.8020096333718154,121.37628908791439,-0.7880803514054039,0.0,0.0,0.0,0.0,0.0,0.0,0.0,0.0,43.048876262507086,-1.2980945767855019,False,True,False,True,False,0.0,0,,,False,False,False,False,,,False,False,False,False,-131330.0,-90690.78789872541,False,False,False,False,21313.776447865755,False,False,False,False
2024-05-28 17:00:00+00:00,117.84,117.91,116.855,116.94,41113.0,,,,,,,,,,,,,,,,,,,,,,,,"rgba(239, 83, 80, 1.0)",0.0,0.0,3.6958773757494194,121.06411843755288,-1.115869932431572,0.0,0.0,0.0,0.0,0.0,0.0,0.0,0.0,39.285771181249075,-4.598239170624311,False,True,False,True,False,0.0,0,,,False,False,False,False,,,False,False,False,False,-172443.0,-91958.26405533431,False,False,False,False,21620.741154100397,False,False,False,False
2024-05-29 17:00:00+00:00,115.115,115.45,114.52,115.21,6438.0,,,,,,,,,,,,,,,,,,,,,,,,"rgba(239, 83, 80, 1.0)",0.0,0.0,3.6341656886075095,121.00113040680264,-1.5935240445852148,0.0,0.0,0.0,0.0,0.0,0.0,0.0,0.0,35.17835181260481,-8.243261476380923,False,True,False,True,False,0.0,0,,,False,False,False,False,,,False,False,False,False,-178881.0,-93305.90337230587,False,False,False,False,21385.34981837791,False,False,False,False
2024-05-30 17:00:00+00:00,117.015,117.1,115.6,116.29,22081.0,,,,,,,,,,,,,,,,,,,,,,,,"rgba(239, 83, 80, 1.0)",0.0,0.0,3.682097903773447,120.84814892256227,-1.2379217070494066,0.0,0.0,0.0,0.0,0.0,0.0,0.0,0.0,34.77449938026062,-8.573930013683167,False,True,False,True,False,0.0,0,,,False,False,False,False,,,False,False,False,False,-156800.0,-94290.30797118484,False,False,False,False,21396.135092511584,False,False,False,False
2024-05-31 17:00:00+00:00,116.95,119.02,116.9,119.02,14056.0,,,,,,,,,,,,,,,,,,,,,,,,"rgba(239, 83, 80, 1.0)",0.0,0.0,3.6847116478671387,120.80246602564527,-0.4837464083999738,0.0,0.0,0.0,0.0,0.0,0.0,0.0,0.0,39.2212781472244,-8.573930013683167,False,True,False,True,True,0.0,0,,,False,False,False,False,,,False,False,False,False,-142744.0,-95041.52800263934,False,False,False,False,21282.33454844164,False,False,False,False
2024-06-03 17:00:00+00:00,118.365,118.365,118.365,118.365,0.0,,,,,,,,,,,,,,,,,,,,,,,,"rgba(239, 83, 80, 1.0)",0.0,0.0,3.6952165024528445,120.80246602564527,-0.6596273923401552,0.0,0.0,0.0,0.0,0.0,0.0,0.0,0.0,41.308985634967186,-8.573930013683167,False,True,False,True,True,0.0,0,,,False,False,False,False,,,False,False,False,False,-142744.0,-95781.10121190075,False,False,False,False,20952.375873272,False,False,False,False
2024-06-04 17:00:00+00:00,118.26,118.48,117.4,117.54,19886.0,,,,,,,,,,,,,,,,,,,,,,,,"rgba(239, 83, 80, 1.0)",0.0,0.0,3.713941347589265,120.72884826912005,-0.8586156782443369,0.0,0.0,0.0,0.0,0.0,0.0,0.0,0.0,41.610728605834126,-15.146155423257255,False,True,False,True,True,0.0,0,,,False,False,False,False,,,False,False,False,False,-162630.0,-96817.51824737515,False,False,False,False,20935.84291399647,False,False,False,False
2024-06-05 17:00:00+00:00,116.97,116.98,116.15,116.35,11306.0,,,,,,,,,,,,,,,,,,,,,,,,"rgba(239, 83, 80, 1.0)",0.0,0.0,3.7698012075100156,120.66937240358068,-1.1457825401975685,0.0,0.0,0.0,0.0,0.0,0.0,0.0,0.0,40.34171733720814,-15.146155423257255,False,True,False,True,True,0.0,0,,,False,False,False,False,,,False,False,False,False,-173936.0,-98013.15362338485,False,False,False,False,20786.54302385699,False,False,False,False
2024-06-06 17:00:00+00:00,116.23,116.955,116.23,116.415,11548.0,,,,,,,,,,,,,,,,,,,,,,,,"rgba(239, 83, 80, 1.0)",0.0,0.0,3.8216729780753314,120.6122096217259,-1.098264986513756,0.0,0.0,0.0,0.0,0.0,0.0,0.0,0.0,39.6279653890763,-15.146155423257255,False,True,False,True,True,0.0,0,,,False,False,False,False,,,False,False,False,False,-162388.0,-99011.21325713082,False,False,False,False,20643.30979868091,False,False,False,False
2024-06-07 17:00:00+00:00,114.915,115.09,114.04,114.5,20122.0,,,,,,,,,,,,,,,,,,,,,,,,"rgba(239, 83, 80, 1.0)",0.0,0.0,3.914218690231138,120.46703113936647,-1.5244501167649656,0.0,0.0,0.0,0.0,0.0,0.0,0.0,0.0,36.92971396683073,-15.146155423257255,False,True,False,True,False,0.0,0,,,False,False,False,False,,,False,False,False,False,-182510.0,-100305.7680903536,False,False,False,False,20635.22747622074,False,False,False,False
2024-06-10 17:00:00+00:00,114.275,115.085,113.805,113.93,38041.0,,,,,,,,,,,,,,,,,,,,,,,,"rgba(239, 83, 80, 1.0)",0.0,0.0,4.005207896888387,120.20835685446556,-1.5675483061299165,0.0,0.0,0.0,0.0,0.0,0.0,0.0,0.0,34.550494940983704,-9.660891986721353,False,True,False,True,False,0.0,0,,,False,False,False,False,,,False,False,False,False,-220551.0,-102170.03525174345,False,False,False,False,20905.08441457391,False,False,False,False
2024-06-11 17:00:00+00:00,114.0,114.58,113.48,113.56,13678.0,,,,,,,,,,,,,,,,,,,,,,,,"rgba(239, 83, 80, 1.0)",0.0,0.0,4.112905558742495,119.54920495133477,-1.4561980249227862,0.0,0.0,0.0,0.0,0.0,0.0,0.0,0.0,32.57943852905211,-11.75013348512418,False,True,False,True,False,0.0,0,,,False,False,False,False,,,False,False,False,False,-234229.0,-104217.46106179393,False,False,False,False,20793.03659419292,False,False,False,False
2024-06-12 17:00:00+00:00,117.27,117.31,115.34,115.76,13863.0,,,,,,,,,,,,,,,,,,,,,,,,"rgba(239, 83, 80, 1.0)",0.0,0.0,4.166857141952579,119.60465982203863,-0.9226761780071548,0.0,0.0,0.0,0.0,0.0,0.0,0.0,0.0,36.16301495610632,-11.75013348512418,False,True,False,True,True,0.0,0,,,False,False,False,False,,,False,False,False,False,-220366.0,-106018.21360347154,False,False,False,False,20685.594166375977,False,False,False,False
2024-06-13 17:00:00+00:00,117.68,118.14,116.62,117.11,8465.0,,,,,,,,,,,,,,,,,,,,,,,,"rgba(239, 83, 80, 1.0)",0.0,0.0,4.177399043156582,119.63489283614885,-0.6044174401497823,0.0,0.0,0.0,0.0,0.0,0.0,0.0,0.0,40.90284530577597,-15.104191904271161,False,True,False,True,True,0.0,0,,,False,False,False,False,-0.1444855439344413,-0.1444855439344413,False,False,False,False,-211901.0,-107659.80719101461,False,False,False,False,20496.127590153093,False,False,False,False
2024-06-14 17:00:00+00:00,116.33,116.915,115.72,116.31,9657.0,,,,,,,,,,,,,,,,,,,,,,,,"rgba(239, 83, 80, 1.0)",0.0,0.0,4.203894058162265,119.6195410363378,-0.7872560513060499,0.0,0.0,0.0,0.0,0.0,0.0,0.0,0.0,42.776159257390205,-13.357580439443694,False,False,False,True,True,0.0,0,0.8344744260974627,0.8459356960665865,False,False,False,False,-0.18537596487222574,-0.16493075440333352,False,False,False,False,-221558.0,-109425.67064541749,False,False,False,False,20328.07910038328,False,False,False,False
2024-06-17 17:00:00+00:00,115.075,116.03,114.91,115.13,25545.0,,,,,,,,,,,,,,,,,,,,,,,,"rgba(239, 83, 80, 1.0)",0.0,0.0,4.224332361557342,119.50812545592663,-1.0364064853818928,0.0,0.0,0.0,0.0,0.0,0.0,0.0,0.0,42.27601826087415,-13.357580439443694,False,False,False,True,True,0.0,0,0.8387567934782609,0.8498301630434787,False,False,False,False,-0.21843087442958764,-0.19168081441646057,False,False,False,False,-247103.0,-111560.20288347303,False,False,False,False,20408.96159495098,False,False,False,False
2024-06-18 17:00:00+00:00,115.355,115.83,115.0,115.69,20370.0,,,,,,,,,,,,,,,,,,,,,,,,"rgba(239, 83, 80, 1.0)",0.0,0.0,4.255445186903299,119.43439659691764,-0.8799071383745042,0.0,0.0,0.0,0.0,0.0,0.0,0.0,0.0,43.0543489767942,-12.729080769073192,False,False,False,True,True,0.0,0,0.8376424750935593,0.8446829234949335,False,False,False,False,-0.2205916013257929,-0.20613620787112674,False,False,False,False,-226733.0,-113345.82764496957,False,False,False,False,20408.357539215303,False,False,False,False
2024-06-19 17:00:00+00:00,115.69,115.69,115.69,115.69,0.0,,,,,,,,,,,,,,,,,,,,,,,,"rgba(239, 83, 80, 1.0)",0.0,0.0,4.2878174670373195,119.43439659691764,-0.8732639916933873,0.0,0.0,0.0,0.0,0.0,0.0,0.0,0.0,43.5732361207409,-11.879664154941963,False,False,False,True,True,0.0,0,0.8399538940595592,0.8433946358834968,False,False,False,False,-0.20980779761504256,-0.20797200274308464,False,False,False,False,-226733.0,-115103.76830163671,False,False,False,False,20091.94889519646,False,False,False,False
2024-06-20 17:00:00+00:00,115.77,116.19,115.26,115.3,9218.0,,,,,,,,,,,,,,,,,,,,,,,,"rgba(239, 83, 80, 1.0)",0.0,0.0,4.318363190914856,119.40369722817663,-0.9502899702392215,0.0,0.0,0.0,0.0,0.0,0.0,0.0,0.0,43.210233021737395,-11.849312691900415,False,False,False,True,True,0.0,0,0.8366573491331264,0.8377891722257476,False,False,False,False,-0.2084388069580006,-0.20820540485054262,False,False,False,False,-235951.0,-116977.3687930842,False,False,False,False,19923.360540232174,False,False,False,False
2024-06-21 17:00:00+00:00,116.215,116.64,115.58,116.53,20747.0,,,,,,,,,,,,,,,,,,,,,,,,"rgba(239, 83, 80, 1.0)",0.0,0.0,4.282025423760279,119.35978952357605,-0.6608530411505734,0.0,0.0,0.0,0.0,0.0,0.0,0.0,0.0,45.74199435158971,-9.116598746778976,True,False,False,True,True,0.0,0,0.8362948309968179,0.8390986496946766,False,False,False,False,-0.19342945186580685,-0.20081742835817473,False,False,False,False,-215204.0,-118500.26230016816,False,False,False,False,19936.130144259583,False,False,False,False
2024-06-24 17:00:00+00:00,118.1,118.64,117.73,118.07,10529.0,,,,,,,,,,,,,,,,,,,,,,,,"rgba(239, 83, 80, 1.0)",0.0,0.0,4.227746176123796,119.26691705165125,-0.2831099601983785,0.0,0.0,0.0,0.0,0.0,0.0,0.0,0.0,50.205826656815304,-4.7761962743689566,True,False,False,False,True,0.0,0,0.8416121407283066,0.8336130999280602,False,False,False,False,-0.11382857077933503,-0.1573229995687549,False,False,False,False,-204675.0,-119836.3047451268,False,False,False,False,19790.283165278815,False,False,False,False
2024-06-25 17:00:00+00:00,115.82,116.58,115.735,116.255,13247.0,,,,,,,,,,,,,,,,,,,,,,,,"rgba(239, 83, 80, 1.0)",0.0,0.0,4.205855568497651,119.14744364567495,-0.6877182534130984,0.0,0.0,0.0,0.0,0.0,0.0,0.0,0.0,49.56844454911588,-4.7761962743689566,True,False,False,False,True,0.0,0,0.8401645640929344,0.835674900561635,False,False,False,False,-0.1915837305612919,-0.1744533650650234,False,False,False,False,-217922.0,-121357.01319869074,False,False,False,False,19688.836914654337,False,False,False,False
2024-06-26 17:00:00+00:00,115.9,115.9,115.25,115.69,11987.0,,,,,,,,,,,,,,,,,,,,,,,,"rgba(239, 83, 80, 1.0)",0.0,0.0,4.20287760923368,119.07247019083114,-0.804798641625892,0.0,0.0,0.0,0.0,0.0,0.0,0.0,0.0,48.17243270393082,-4.7761962743689566,True,False,False,False,False,0.0,0,0.8427721482091116,0.836068103492619,False,False,False,False,-0.214311401207689,-0.1943823831363562,False,False,False,False,-229909.0,-123039.98973824592,False,False,False,False,19569.428590396128,False,False,False,False
2024-06-27 17:00:00+00:00,115.485,116.395,114.665,116.395,8610.0,,,,,,,,,,,,,,,,,,,,,,,,"rgba(239, 83, 80, 1.0)",0.0,0.0,4.208761258771153,118.79062796082903,-0.5692002500347315,0.0,0.0,0.0,0.0,0.0,0.0,0.0,0.0,48.663134691230084,-4.7761962743689566,True,False,False,False,False,0.0,0,0.8413131295914368,0.8309158158482336,False,False,False,False,-0.2160760047479029,-0.20522919394212955,False,False,False,False,-221299.0,-124563.38524618009,False,False,False,False,19399.514968839598,False,False,False,False
2024-06-28 17:00:00+00:00,115.38,116.89,115.045,116.82,11424.0,,,,,,,,,,,,,,,,,,,,,,,,"rgba(239, 83, 80, 1.0)",0.0,0.0,4.205258996212341,118.78626187791097,-0.46757212330607567,0.0,0.0,0.0,0.0,0.0,0.0,0.0,0.0,49.83429075494388,-4.594835116499318,True,False,False,False,False,0.0,0,0.8411792022841026,0.8362945253779609,False,False,False,False,-0.19640559987363435,-0.20081739690788195,False,False,False,False,-209875.0,-125886.04594003776,False,False,False,False,19275.863573973867,False,False,False,False
2024-07-01 17:00:00+00:00,115.28,116.33,115.28,115.82,11286.0,,,,,,,,,,,,,,,,,,,,,,,,"rgba(239, 83, 80, 1.0)",0.0,0.0,4.218640981374134,118.74601358245698,-0.6935915133275695,0.0,0.0,0.0,0.0,0.0,0.0,0.0,0.0,48.57202354070042,-4.594835116499318,True,False,False,False,False,0.0,1,0.8494090204884502,0.8282764983375985,False,False,False,False,-0.20285446938269266,-0.2018359331452873,False,False,False,False,-221161.0,-127363.17701073484,False,False,False,False,19151.989720113805,False,False,False,False
2024-07-02 17:00:00+00:00,116.425,117.15,116.11,117.1,9436.0,,,,,,,,,,,,,,,,,,,,,,,,"rgba(239, 83, 80, 1.0)",0.0,0.0,4.2115201830517,118.75420501800089,-0.3927809783882466,0.0,0.0,0.0,0.0,0.0,0.0,0.0,0.0,50.332484896107175,-3.8106263671173792,True,False,False,False,False,0.0,1,0.8501684971451521,0.8236280141782055,False,False,False,False,-0.17027433978974274,-0.18605513646751504,False,False,False,False,-211725.0,-128671.11225087849,False,False,False,False,19001.354220577156,False,False,False,False
2024-07-03 17:00:00+00:00,117.16,117.16,117.16,117.16,0.0,,,,,,,,,,,,,,,,,,,,,,,,"rgba(239, 83, 80, 1.0)",0.0,0.0,4.160257898710528,118.75420501800089,-0.38319860374401693,0.0,0.0,0.0,0.0,0.0,0.0,0.0,0.0,51.622598350456286,-2.4147087419748985,True,False,True,False,True,0.0,0,0.8497971655866394,0.8236306481920521,False,False,False,False,-0.1495355664052166,-0.1677953514363658,False,False,False,False,-211725.0,-129958.76942528348,False,False,False,False,18706.759581498438,False,False,False,False
2024-07-04 17:00:00+00:00,117.16,117.16,117.16,117.16,0.0,,,,,,,,,,,,,,,,,,,,,,,,"rgba(239, 83, 80, 1.0)",0.0,0.0,4.042313972497903,118.75420501800089,-0.3943793156214857,0.0,0.0,0.0,0.0,0.0,0.0,0.0,0.0,52.48267398668902,-1.4114337163604347,True,False,True,False,True,0.0,0,0.8439535794382544,0.8282724004129441,False,False,False,False,-0.14717285863075769,-0.15748410503356175,False,False,False,False,-211725.0,-131226.4629225659,False,False,False,False,18416.732301165128,False,False,False,False
2024-07-05 17:00:00+00:00,117.09,117.38,116.31,116.77,14909.0,,,,,,,,,,,,,,,,,,,,,,,,"rgba(239, 83, 80, 1.0)",0.0,0.0,3.9947619284338294,118.75668421071012,-0.497322305133967,0.0,0.0,0.0,0.0,0.0,0.0,0.0,0.0,51.996606749772596,-1.4114337163604347,True,False,True,False,True,0.0,0,0.8457062277992969,0.8246434500116027,False,False,False,False,-0.15963018166267556,-0.15855714334811866,False,False,False,False,-226634.0,-132705.64954392146,False,False,False,False,18362.348854635435,False,False,False,False
2024-07-08 17:00:00+00:00,116.3,116.83,116.05,116.665,4818.0,,,,,,,,,,,,,,,,,,,,,,,,"rgba(239, 83, 80, 1.0)",0.0,0.0,3.923758555033385,118.75108408225354,-0.5316545483099395,0.0,0.0,0.0,0.0,0.0,0.0,0.0,0.0,51.37575840027195,-1.4114337163604347,True,False,False,False,True,0.0,1,0.8427211957203534,0.8305345973942186,False,False,False,False,-0.172551819964972,-0.16555448165654532,False,False,False,False,-231452.0,-134236.60071378315,False,False,False,False,18152.358949912403,False,False,False,False
2024-07-09 17:00:00+00:00,116.38,116.66,115.915,116.04,4223.0,,,,,,,,,,,,,,,,,,,,,,,,"rgba(239, 83, 80, 1.0)",0.0,0.0,3.9019779437963673,118.74214014013549,-0.6925052317201156,0.0,0.0,0.0,0.0,0.0,0.0,0.0,0.0,49.21334570511563,-1.4114337163604347,True,False,False,False,False,0.0,1,0.8482338655599254,0.8256701161715934,False,False,False,False,-0.17874625034326067,-0.172150365999903,False,False,False,False,-235675.0,-135809.28907480976,False,False,False,False,17936.399896425388,False,False,False,False
2024-07-10 17:00:00+00:00,115.955,116.98,115.79,116.86,8163.0,,,,,,,,,,,,,,,,,,,,,,,,"rgba(239, 83, 80, 1.0)",0.0,0.0,3.785037419929913,118.73304787398942,-0.49485584055972265,0.0,0.0,0.0,0.0,0.0,0.0,0.0,0.0,50.229247709882905,-1.4114337163604347,True,False,False,False,False,0.0,1,0.8457024883190263,0.8243507551885256,False,False,False,False,-0.1747843413057239,-0.17346735365281346,False,False,False,False,-227512.0,-137231.03653101425,False,False,False,False,17784.874316635847,False,False,False,False
2024-07-11 17:00:00+00:00,123.99,125.075,123.885,124.89,45183.0,,,,,,,,,,,,,,,,,,,,,,,,"rgba(38, 166, 154, 1.0)",0.0,0.0,3.672120454264817,119.4346484325515,1.485613458325593,0.0,0.0,0.0,0.0,0.0,0.0,0.0,0.0,60.38680537330942,6.2022776160157065,True,False,True,False,True,6.141965178249709,0,0.8525703030196444,0.8231652626580609,False,False,False,False,0.14689351475845153,-0.013286919447180967,False,False,False,False,-182329.0,-137930.22976309154,False,False,False,False,18209.651459013585,False,False,False,False
2024-07-12 17:00:00+00:00,127.66,128.295,125.805,125.99,22103.0,,,,,,,,,,,,,,,,,,,,,,,,"rgba(38, 166, 154, 1.0)",0.0,0.0,3.581518725118966,119.75439137121174,1.7410515223764829,0.0,0.0,0.0,0.0,0.0,0.0,0.0,0.0,67.69944491430012,12.416731178022445,True,False,True,False,True,7.328556314819952,0,0.859745022703458,0.8173419490045409,False,False,False,False,0.2523021185790585,0.11950759956593876,False,False,False,False,-160226.0,-138275.90061947773,False,False,False,False,18270.013451897095,False,False,False,False
2024-07-15 17:00:00+00:00,126.56,127.35,126.27,127.05,8756.0,,,,,,,,,,,,,,,,,,,,,,,,"rgba(38, 166, 154, 1.0)",0.0,0.0,3.621613960056357,119.86851200628533,1.9829523723182565,0.0,0.0,0.0,0.0,0.0,0.0,0.0,0.0,73.0667734148064,16.755796351379487,True,False,True,False,True,8.456121582719557,0,0.8682156824576617,0.815533808773824,False,False,False,False,0.24225819371488216,0.18088289664041046,False,False,False,False,-151470.0,-138480.4602997959,False,False,False,False,18122.50936737156,False,False,False,False
2024-07-16 17:00:00+00:00,128.31,128.31,127.16,127.63,22438.0,,,,,,,,,,,,,,,,,,,,,,,,"rgba(38, 166, 154, 1.0)",0.0,0.0,3.7129612183550247,120.16010325627816,2.0118434598224177,0.0,0.0,0.0,0.0,0.0,0.0,0.0,0.0,76.90909845717327,19.808239442671223,True,False,True,False,True,9.069486258127661,0,0.8765155555555556,0.8108800000000002,False,False,False,False,0.2812530985374082,0.23106799758890934,False,False,False,False,-129032.0,-138333.9725432099,False,False,False,False,18189.416198885177,False,False,False,False
2024-07-17 17:00:00+00:00,127.72,129.19,127.09,129.11,15987.0,,,,,,,,,,,,,,,,,,,,,,,128.4633333333333,"rgba(38, 166, 154, 1.0)",0.0,0.0,3.8565908251708834,120.94129158105464,2.1181164373545958,-1.0,129.19,127.09,0.0,0.0,0.0,0.0,0.0,80.10294750727842,22.461213499657845,True,False,True,False,True,10.614757190034183,0,0.8720886851782763,0.8145996553500685,False,False,False,False,0.29858580892049996,0.26482690325470465,False,False,False,False,-113045.0,-137941.8954495167,False,True,False,False,18155.27021130556,False,True,False,False
2024-07-18 17:00:00+00:00,128.93,129.035,126.25,126.425,12979.0,,,,,,,,,,,,,,,,,,,,,,,127.91369214481345,"rgba(38, 166, 154, 1.0)",0.0,0.0,3.9281090951070237,121.01997826594375,1.3759856468316813,0.0,0.0,0.0,0.0,0.0,0.0,0.0,0.0,76.44228837945826,22.461213499657845,True,False,True,False,False,7.054533741092463,0,0.8683786986434621,0.8170354256203461,False,False,False,False,0.27731773046640007,0.27107231686055233,False,False,False,False,-126024.0,-137757.121876656,False,False,False,False,18075.01795996749,False,False,False,False
2024-07-19 17:00:00+00:00,124.37,125.62,124.15,125.16,29723.0,,,,,,,,,,,,,,,,,,,,,,,126.42623779583909,"rgba(38, 166, 154, 1.0)",0.0,0.0,3.938968116121185,121.0690193928875,1.0385919577183593,0.0,0.0,0.0,0.0,0.0,0.0,0.0,0.0,71.78528410780287,30.23753965920102,True,False,True,False,False,5.446279336838476,0,0.8681933752383643,0.8239459001341903,False,False,False,False,0.163233980426248,0.21715314864340018,False,False,False,False,-155747.0,-138036.03471577758,False,False,False,False,18255.6068288052,False,False,False,False
2024-07-22 17:00:00+00:00,125.59,126.05,125.12,125.835,18850.0,,,,,,,,,,,,,,,,,,,,,,,126.24198859068768,"rgba(38, 166, 154, 1.0)",0.0,0.0,3.9162257558995024,121.16079807106844,1.1935476196412362,0.0,0.0,0.0,0.0,0.0,0.0,0.0,0.0,69.363608529984,27.97847901435904,True,False,True,False,False,6.180707868266261,0,0.8761002271436684,0.8204500283929586,False,False,False,False,0.19168709723310676,0.20442012293825346,False,False,False,False,-136897.0,-138018.3752628198,False,False,False,False,18264.82222680822,False,False,False,False
2024-07-23 17:00:00+00:00,121.71,122.34,121.26,121.43,45889.0,,,,,,,,,,,,,,,,,,,,,,,124.54465850536344,"rgba(239, 83, 80, 1.0)",0.0,0.0,3.738409153637336,121.05995525040312,0.09898455048368525,0.0,0.0,0.0,0.0,0.0,0.0,0.0,0.0,61.59518123307791,20.746373184873732,True,False,True,False,False,0.8475229805048343,0,0.8685636617182397,0.832730225415262,False,False,False,False,0.04029932857515657,0.122359725756705,False,False,False,False,-182786.0,-138712.44696417142,False,False,False,False,18693.10405274918,False,False,False,False
2024-07-24 17:00:00+00:00,118.02,118.06,115.69,115.69,18272.0,,,,,,,,,,,,,,,,,,,,,,,123.50473302752292,"rgba(239, 83, 80, 1.0)",0.0,0.0,3.733970515525024,120.8915368164791,-1.3930310362259868,0.0,0.0,0.0,0.0,0.0,0.0,0.0,0.0,51.87931496267091,11.979291602584922,False,False,False,False,False,0.0,0,0.859002206891758,0.8409995308182876,False,False,False,False,-0.15495262022705708,-0.016296447235176037,False,False,False,False,-201058.0,-139679.04468565714,False,False,False,False,18686.575307745316,False,False,False,False
2024-07-25 17:00:00+00:00,116.5,116.84,114.82,116.05,26873.0,,,,,,,,,,,,,,,,,,,,,,,122.29295881705056,"rgba(239, 83, 80, 1.0)",0.0,0.0,3.705021108497735,120.66290625158999,-1.2450418274297965,0.0,0.0,0.0,0.0,0.0,0.0,0.0,0.0,45.86198235313702,6.766915388803497,False,False,False,True,False,0.0,0,0.8525295080254864,0.8531214094216775,False,False,False,False,-0.19741326659483893,-0.10685485691500748,False,False,False,False,-174185.0,-140214.02073704227,False,False,False,False,18813.496620803526,False,False,False,False
2024-07-26 17:00:00+00:00,119.18,119.53,118.75,118.98,22872.0,,,,,,,,,,,,,,,,,,,,,,,121.90990199099826,"rgba(239, 83, 80, 1.0)",0.0,0.0,3.6896769225492028,120.5977966515412,-0.43846566664255804,0.0,0.0,0.0,0.0,0.0,0.0,0.0,0.0,45.32558295490717,6.363130702251546,False,True,False,True,False,0.0,0,0.8706325565095497,0.8457858769931664,False,False,False,False,-0.06459281738471058,-0.08572383714985904,False,False,False,False,-151313.0,-140386.09793491758,False,False,False,False,18876.419153814324,False,False,False,False
2024-07-29 17:00:00+00:00,117.05,117.84,117.05,117.43,9721.0,,,,,,,,,,,,,,,,,,,,,,,121.69390168650101,"rgba(239, 83, 80, 1.0)",0.0,0.0,3.6932773636276006,120.5517072563935,-0.8452404054829225,0.0,0.0,0.0,0.0,0.0,0.0,0.0,0.0,43.70345278873976,4.546585058280961,False,True,False,True,False,0.0,0,0.8686589875612648,0.852646106481236,False,False,False,False,-0.1320331853424398,-0.10887851124614942,False,False,False,False,-161034.0,-140706.2204475545,False,False,False,False,18734.47467080945,False,False,False,False
2024-07-30 17:00:00+00:00,118.06,119.17,117.55,119.06,23925.0,,,,,,,,,,,,,,,,,,,,,,,121.36434120718582,"rgba(239, 83, 80, 1.0)",0.0,0.0,3.6867117566438443,120.4829403360111,-0.3859646291703728,0.0,0.0,0.0,0.0,0.0,0.0,0.0,0.0,44.44954116035298,4.546585058280961,False,True,False,True,False,0.0,0,0.8734629962453511,0.8376247842411518,False,False,False,False,-0.09551772487938925,-0.10219811806276934,False,False,False,False,-137109.0,-140650.44958790246,False,False,False,False,18814.947931727133,False,False,False,False
2024-07-31 17:00:00+00:00,118.815,120.11,117.14,117.325,14911.0,,,,,,,,,,,,,,,,,,,,,,,121.16722722449533,"rgba(239, 83, 80, 1.0)",0.0,0.0,3.679912720517974,120.43699430695774,-0.845670683874183,0.0,0.0,0.0,0.0,0.0,0.0,0.0,0.0,43.426069375377025,3.1641557575712014,False,True,False,True,False,0.0,0,0.8724509769030927,0.8339798569344105,False,False,False,False,-0.08499368958439942,-0.09359590382358438,False,False,False,False,-152020.0,-140826.72168731483,False,False,False,False,18754.421607204233,False,False,False,False
2024-08-01 17:00:00+00:00,115.54,115.54,113.76,115.05,12853.0,,,,,,,,,,,,,,,,,,,,,,,120.84272429521529,"rgba(239, 83, 80, 1.0)",0.0,0.0,3.696631440786107,120.34793965770004,-1.433180381264465,0.0,0.0,0.0,0.0,0.0,0.0,0.0,0.0,40.98127282267978,0.17655314697900337,False,True,False,True,False,0.0,0,0.8777546555680059,0.8417907262152501,False,False,False,False,-0.24622808108530084,-0.1699119924544426,False,False,False,False,-164873.0,-141199.53220379056,False,False,False,False,18662.926698565407,False,False,False,False
2024-08-02 17:00:00+00:00,113.2,113.45,112.435,113.4,21531.0,,,,,,,,,,,,,,,,,,,,,,,120.23476232995365,"rgba(239, 83, 80, 1.0)",0.0,0.0,3.7295762059079887,120.1676304339542,-1.8145843013567204,0.0,0.0,0.0,0.0,0.0,0.0,0.0,0.0,38.21552435979039,-3.027827559646177,False,True,False,True,False,0.0,0,0.8716189937418236,0.8410882862496907,False,False,False,False,-0.3190307526549389,-0.24447137255469076,False,False,False,False,-186404.0,-141900.3766657473,False,False,False,False,18707.392951300826,False,False,False,False
2024-08-05 17:00:00+00:00,113.12,113.23,112.06,112.26,14914.0,,,,,,,,,,,,,,,,,,,,,,,119.83687889157737,"rgba(239, 83, 80, 1.0)",0.0,0.0,3.8061517216116414,120.04164516408456,-2.044491584478814,0.0,0.0,0.0,0.0,0.0,0.0,0.0,0.0,35.62682387611522,-5.988648554167284,False,True,False,True,False,0.0,0,0.8716402602914131,0.8410489461027019,False,False,False,False,-0.332036138393499,-0.2882537554740949,False,False,False,False,-201318.0,-142821.58012829383,False,False,False,False,18648.58065748221,False,False,False,False
2024-08-06 17:00:00+00:00,116.69,117.19,115.13,115.255,24190.0,,,,,,,,,,,,,,,,,,,,,,,119.52988020883176,"rgba(239, 83, 80, 1.0)",0.0,0.0,3.826701735329067,119.93681826719929,-1.2234604604731991,0.0,0.0,0.0,0.0,0.0,0.0,0.0,0.0,37.798271391511896,-5.988648554167284,False,True,False,True,False,0.0,0,0.8731953717621562,0.8344461145873389,False,False,False,False,-0.1839356192320127,-0.23609468735305378,False,False,False,False,-177128.0,-143353.46260692494,False,False,False,False,18734.49413566078,False,False,False,False
2024-08-07 17:00:00+00:00,114.08,114.08,112.11,112.215,30381.0,,,,,,,,,,,,,,,,,,,,,,,118.93544259814486,"rgba(239, 83, 80, 1.0)",0.0,0.0,3.897715537903415,119.72249354029005,-1.9261265906357883,0.0,0.0,0.0,0.0,0.0,0.0,0.0,0.0,36.98369833243581,-5.988648554167284,False,True,False,True,False,0.0,0,0.8708058078123094,0.8382980948562863,False,False,False,False,-0.3124046320458558,-0.2742496596994548,False,False,False,False,-207509.0,-144348.12210139123,False,False,False,False,18915.060118053636,False,False,False,False
2024-08-08 17:00:00+00:00,112.5,113.57,112.225,113.33,13223.0,,,,,,,,,,,,,,,,,,,,,,,118.71719922485399,"rgba(239, 83, 80, 1.0)",0.0,0.0,3.942068956481728,119.63841756865156,-1.6002808774511614,0.0,0.0,0.0,0.0,0.0,0.0,0.0,0.0,37.78334122766077,-5.988648554167284,False,True,False,True,False,0.0,0,0.8683814259700238,0.8444460008404538,False,False,False,False,-0.32099116727295873,-0.29762041348620677,False,False,False,False,-194286.0,-145122.35276648594,False,False,False,False,18826.811123975283,False,False,False,False
2024-08-09 17:00:00+00:00,113.21,113.915,113.085,113.73,9064.0,,,,,,,,,,,,,,,,,,,,,,,118.58994872887298,"rgba(239, 83, 80, 1.0)",0.0,0.0,3.9729840352238286,119.58736860422104,-1.4742995572825266,0.0,0.0,0.0,0.0,0.0,0.0,0.0,0.0,38.81209967905987,-5.988648554167284,False,True,False,True,False,0.0,0,0.8776133805082021,0.8367999714091705,False,False,False,False,-0.3049332700292662,-0.3012768417577365,False,False,False,False,-185222.0,-145744.05272359468,False,False,False,False,18675.449711200472,False,False,False,False
2024-08-12 17:00:00+00:00,111.41,111.98,111.14,111.45,26924.0,,,,,,,,,,,,,,,,,,,,,,,118.10592363255844,"rgba(239, 83, 80, 1.0)",0.0,0.0,4.055368211806739,118.86649748224453,-1.8288098872630707,0.0,0.0,0.0,0.0,0.0,0.0,0.0,0.0,37.646240224185696,-6.300365836453736,False,True,False,True,False,0.0,0,0.8674361851832062,0.8422665170380664,False,False,False,False,-0.34282825441539394,-0.32205254808656525,False,False,False,False,-212146.0,-146773.54027826764,False,False,False,False,18803.334211802015,False,False,False,False
2024-08-13 17:00:00+00:00,113.78,114.07,113.37,113.69,8022.0,,,,,,,,,,,,,,,,,,,,,,,118.01800603667213,"rgba(239, 83, 80, 1.0)",0.0,0.0,4.081416738657526,118.86312516951837,-1.2674827151367871,0.0,0.0,0.0,0.0,0.0,0.0,0.0,0.0,39.68516169324227,-6.300365836453736,False,True,False,True,True,0.0,0,0.8663886481802427,0.8484438186019644,False,False,False,False,-0.2543218904533998,-0.28818721926998253,False,False,False,False,-204124.0,-147662.69469255806,False,False,False,False,18636.181743401983,False,False,False,False
2024-08-14 17:00:00+00:00,113.48,114.53,113.28,113.285,10571.0,,,,,,,,,,,,,,,,,,,,,,,117.90708538288699,"rgba(239, 83, 80, 1.0)",0.0,0.0,4.120741317895148,118.84151716230376,-1.3484265896947885,0.0,0.0,0.0,0.0,0.0,0.0,0.0,0.0,40.666931034392974,-6.300365836453736,False,True,False,True,True,0.0,0,0.8620234869015357,0.8482565492321591,False,False,False,False,-0.24693728342623394,-0.26756225134810824,False,False,False,False,-214695.0,-148701.95523996025,False,False,False,False,18511.1401659849,False,False,False,False
2024-08-15 17:00:00+00:00,115.5,115.97,114.985,115.06,14101.0,,,,,,,,,,,,,,,,,,,,,,,117.82201254493755,"rgba(239, 83, 80, 1.0)",0.0,0.0,4.1381855840364565,118.84562796526224,-0.914803816403437,0.0,0.0,0.0,0.0,0.0,0.0,0.0,0.0,43.48539017243837,-6.300365836453736,False,True,False,True,True,0.0,0,0.8603252992645875,0.8395512373181598,False,False,False,False,-0.1851386912487646,-0.2263504712984364,False,False,False,False,-200594.0,-149506.4830656973,False,False,False,False,18442.7658998456,False,False,False,False
2024-08-16 17:00:00+00:00,114.31,115.17,114.07,114.61,9343.0,,,,,,,,,,,,,,,,,,,,,,,117.7531864386524,"rgba(239, 83, 80, 1.0)",0.0,0.0,4.151811774274963,118.82659444632455,-1.01560347038153,0.0,0.0,0.0,0.0,0.0,0.0,0.0,0.0,44.85242698876718,-10.184987585534152,False,True,False,True,True,0.0,0,0.8609424533877815,0.842261744846238,False,False,False,False,-0.21863575809515215,-0.22249311469679428,False,False,False,False,-209937.0,-150443.3903049888,False,False,False,False,18301.684257987527,False,False,False,False
2024-08-19 17:00:00+00:00,115.15,115.66,114.955,115.595,10618.0,,,,,,,,,,,,,,,,,,,,,,,117.6972100663246,"rgba(239, 83, 80, 1.0)",0.0,0.0,4.158319574621926,118.81577902312819,-0.7745386003481998,0.0,0.0,0.0,0.0,0.0,0.0,0.0,0.0,47.012733498358855,-7.929597244353133,False,True,False,True,True,0.0,0,0.8584730652162167,0.8434702735803181,False,False,False,False,-0.19174465966300008,-0.20711888717989718,False,False,False,False,-199319.0,-151201.15169560912,False,False,False,False,18182.55737026679,False,False,False,False
2024-08-20 17:00:00+00:00,115.18,115.18,114.71,114.83,12646.0,,,,,,,,,,,,,,,,,,,,,,,117.62022376484292,"rgba(239, 83, 80, 1.0)",0.0,0.0,4.1721382952814645,118.78858447787405,-0.9488143004154654,0.0,0.0,0.0,0.0,0.0,0.0,0.0,0.0,47.44701138418165,-7.280200265186963,False,True,False,False,True,0.0,0,0.8558438278064446,0.8436834698516941,False,False,False,False,-0.20588708333994823,-0.20650298525992272,False,False,False,False,-211965.0,-152143.22686311905,False,False,False,False,18096.71927150296,False,False,False,False
2024-08-21 17:00:00+00:00,114.6,115.85,114.42,115.845,10968.0,,,,,,,,,,,,,,,,,,,,,,,117.56767849647703,"rgba(239, 83, 80, 1.0)",0.0,0.0,4.180308595660627,118.7708473972321,-0.6999118199716841,0.0,0.0,0.0,0.0,0.0,0.0,0.0,0.0,49.126337352458876,-5.442042208022954,False,True,False,False,True,0.0,0,0.8511473156971593,0.8477478617796503,False,False,False,False,-0.19846471992679546,-0.2024838525933591,False,False,False,False,-200997.0,-152900.64970245055,False,False,False,False,17986.196492099814,False,False,False,False
2024-08-22 17:00:00+00:00,117.23,118.79,116.63,118.415,23115.0,,,,,,,,,,,,,,,,,,,,,,,117.5853889304033,"rgba(239, 83, 80, 1.0)",0.0,0.0,4.170981099613434,118.80676918617833,-0.09392734630579641,0.0,0.0,0.0,0.0,0.0,0.0,0.0,0.0,53.20535483513876,-1.4865387543042416,False,False,True,False,True,0.0,0,0.8627863148738766,0.8352420991591768,False,False,False,False,-0.09963788538462488,-0.151060868988992,False,False,False,False,-177882.0,-153287.9574590017,False,False,False,False,18065.71282555563,False,False,False,False
2024-08-23 17:00:00+00:00,120.2,121.22,120.2,121.12,12911.0,,,,,,,,,,,,,,,,,,,,,,,117.66870565604157,"rgba(38, 166, 154, 1.0)",0.0,0.0,4.16565144424664,118.86655196686057,0.5409593345242,0.0,0.0,0.0,0.0,0.0,0.0,0.0,0.0,58.25795605165192,3.169429105600166,True,False,True,False,True,2.451819810394685,0,0.8669507661619369,0.83984042070904,False,False,False,False,0.013223275107888071,-0.06891879694055196,False,False,False,False,-164971.0,-153469.08990149776,False,False,False,False,17985.794797252445,False,False,False,False
2024-08-26 17:00:00+00:00,121.56,122.16,121.3,121.54,15242.0,,,,,,,,,,,,,,,,,,,,,,,117.78575271295642,"rgba(38, 166, 154, 1.0)",0.0,0.0,4.173536300579093,119.11306556482062,0.5815055292181465,0.0,0.0,0.0,0.0,0.0,0.0,0.0,0.0,61.94984649700798,6.441826236033094,True,False,True,False,True,2.8639120605809296,0,0.8669771689497717,0.8424474885844752,False,False,False,False,0.051528932474967044,-0.008694932232792458,False,False,False,False,-149729.0,-153411.10401155206,False,False,False,False,17943.25534303148,False,False,False,False
2024-08-27 17:00:00+00:00,120.245,120.98,120.05,120.51,16826.0,,,,,,,,,,,,,,,,,,,,,,,117.87114614208583,"rgba(38, 166, 154, 1.0)",0.0,0.0,4.1253229008206365,119.1241455528006,0.3359384175536231,0.0,0.0,0.0,0.0,0.0,0.0,0.0,0.0,62.60779984597828,6.985829338994556,True,False,True,False,True,1.7726320182204063,0,0.8598906698786252,0.8611136847957012,False,False,False,False,0.005907995217034413,-0.0013934685078790224,False,False,False,False,-166555.0,-153614.8853447063,False,False,False,False,17925.933554767427,False,False,False,False
2024-08-28 17:00:00+00:00,119.54,119.83,118.825,119.19,18931.0,,,,,,,,,,,,,,,,,,,,,,,117.91913988022486,"rgba(38, 166, 154, 1.0)",0.0,0.0,4.041345661627559,119.1073627196146,0.020447961472347374,0.0,0.0,0.0,0.0,0.0,0.0,0.0,0.0,60.89177644537034,6.985829338994556,True,False,True,False,True,0.3908820971931526,0,0.8600780234070221,0.8560096600408693,False,False,False,False,-0.03865521949628865,-0.020024344002083836,False,False,False,False,-185486.0,-154109.01115331548,False,False,False,False,17941.515980274908,False,False,False,False
2024-08-29 17:00:00+00:00,117.73,118.155,116.96,117.86,12388.0,,,,,,,,,,,,,,,,,,,,,,,117.91345936686099,"rgba(38, 166, 154, 1.0)",0.0,0.0,3.9762470897717153,119.06814838022623,-0.3038413742782762,0.0,0.0,0.0,0.0,0.0,0.0,0.0,0.0,57.778139320606144,6.985829338994556,True,False,True,False,False,0.0,0,0.8478151775923275,0.8646543873018234,False,False,False,False,-0.1054186198805727,-0.06272148194132827,False,False,False,False,-197874.0,-154787.5381121788,False,False,False,False,17855.41495732491,False,False,False,False
2024-08-30 17:00:00+00:00,117.81,119.61,117.8,119.58,14288.0,,,,,,,,,,,,,,,,,,,,,,,117.9400039390426,"rgba(38, 166, 154, 1.0)",0.0,0.0,3.9114838524436006,119.06940792207209,0.1305366702738478,0.0,0.0,0.0,0.0,0.0,0.0,0.0,0.0,57.804139838506785,6.985829338994556,True,False,True,False,False,0.8001238131016777,0,0.859072028610278,0.8569486095330341,False,False,False,False,-0.062065935064454306,-0.06239370850289129,False,False,False,False,-183586.0,-155234.02589338532,False,False,False,False,17800.106198296617,False,False,False,False
2024-09-02 17:00:00+00:00,119.58,119.58,119.58,119.58,0.0,,,,,,,,,,,,,,,,,,,,,,,117.9400039390426,"rgba(38, 166, 154, 1.0)",0.0,0.0,3.855884586699275,119.06940792207209,0.13241892137777617,0.0,0.0,0.0,0.0,0.0,0.0,0.0,0.0,57.821473517107215,6.985829338994556,True,False,True,False,False,0.8001238131016777,0,0.8693687782381282,0.8534335689244671,False,False,False,False,-0.02917281014058933,-0.04578325932174031,False,False,False,False,-183586.0,-155673.59138341036,False,False,False,False,17524.135559563336,False,False,False,False
2024-09-03 17:00:00+00:00,118.37,119.02,117.92,118.365,10325.0,,,,,,,,,,,,,,,,,,,,,,,117.94861707087848,"rgba(38, 166, 154, 1.0)",0.0,0.0,3.79692551301055,119.06200714041059,-0.18357145485794368,0.0,0.0,0.0,0.0,0.0,0.0,0.0,0.0,55.823018954609594,10.853515832374121,False,False,True,False,False,0.0,0,0.8609741927019885,0.8572258560263885,False,False,False,False,-0.07092002775134158,-0.058351643536540945,False,False,False,False,-193911.0,-156266.41942397764,False,False,False,False,17412.521054763904,False,False,False,False
2024-09-04 17:00:00+00:00,118.21,118.21,116.825,117.63,15040.0,,,,,,,,,,,,,,,,,,,,,,,117.93888690103444,"rgba(38, 166, 154, 1.0)",0.0,0.0,3.7491333917571192,119.03392141425999,-0.37446558112514017,0.0,0.0,0.0,0.0,0.0,0.0,0.0,0.0,53.34652183484487,8.28330149334952,False,False,True,False,False,0.0,0,0.8534144870731891,0.8679053290118339,False,False,False,False,-0.10693602531298711,-0.08264383442476403,False,False,False,False,-208951.0,-157083.23462670666,False,False,False,False,17375.73778259702,False,False,False,False
2024-09-05 17:00:00+00:00,117.68,118.12,117.21,117.23,24034.0,,,,,,,,,,,,,,,,,,,,,,,117.92296862787263,"rgba(38, 166, 154, 1.0)",0.0,0.0,3.74760866456221,118.99686001745451,-0.47146331850551065,0.0,0.0,0.0,0.0,0.0,0.0,0.0,0.0,51.06688619309903,5.974179209111753,False,True,False,False,False,0.0,0,0.8512499763798869,0.8721679484514654,False,False,False,False,-0.10134296853798508,-0.09199340148137455,False,False,False,False,-232985.0,-158260.00618288174,False,False,False,False,17478.966654184664,False,False,False,False
2024-09-06 17:00:00+00:00,115.68,116.43,115.54,116.315,14195.0,,,,,,,,,,,,,,,,,,,,,,,117.88284154957532,"rgba(38, 166, 154, 1.0)",0.0,0.0,3.749176007969989,118.66819742514267,-0.6276572292525735,0.0,0.0,0.0,0.0,0.0,0.0,0.0,0.0,48.1341216276761,3.119527928395783,False,True,False,True,False,0.0,0,0.8557095984979232,0.8698579475411081,False,False,False,False,-0.1655102780159548,-0.12875183974866466,False,False,False,False,-247180.0,-159638.6107381859,False,False,False,False,17428.052442491877,False,False,False,False
2024-09-09 17:00:00+00:00,118.79,118.965,118.165,118.18,16862.0,,,,,,,,,,,,,,,,,,,,,,,117.89691613364121,"rgba(38, 166, 154, 1.0)",0.0,0.0,3.748644634343677,118.748770707622,-0.15172702752646375,0.0,0.0,0.0,0.0,0.0,0.0,0.0,0.0,49.50565972398526,3.119527928395783,False,True,False,False,False,0.0,0,0.8572399599720558,0.8671714215584465,False,False,False,False,-0.06733945474977246,-0.09804564724921856,False,False,False,False,-230318.0,-160734.41522286518,False,False,False,False,17419.27643563154,False,False,False,False
2024-09-10 17:00:00+00:00,119.015,120.03,119.015,119.86,29005.0,,,,,,,,,,,,,,,,,,,,,,,117.96971349996319,"rgba(38, 166, 154, 1.0)",0.0,0.0,3.757465143724604,118.85693937429669,0.26695141201204187,0.0,0.0,0.0,0.0,0.0,0.0,0.0,0.0,52.792830782645105,3.119527928395783,False,False,True,False,True,1.2337155438028162,0,0.8664028462167768,0.8550065638020589,False,False,False,False,-0.03133164826694523,-0.06468864775808189,False,False,False,False,-201313.0,-161363.54056824712,False,False,False,False,17598.900056784536,False,False,False,False
2024-09-11 17:00:00+00:00,119.065,120.68,118.99,120.56,44621.0,,,,,,,,,,,,,,,,,,,,,,,118.09725388916172,"rgba(38, 166, 154, 1.0)",0.0,0.0,3.76263356352069,118.96968968361932,0.4226588344395221,0.0,0.0,0.0,0.0,0.0,0.0,0.0,0.0,55.86890994631494,0.591988900273563,False,False,True,False,True,1.975553221959938,0,0.8603256212510713,0.8566695229934306,False,False,False,False,-0.01960182991479205,-0.04214523883643697,False,False,False,False,-156692.0,-161291.1135826929,False,False,False,False,18017.84734272586,False,False,False,False
2024-09-12 17:00:00+00:00,121.605,122.47,121.45,121.91,26809.0,,,,,,,,,,,,,,,,,,,,,,,118.23222409481686,"rgba(38, 166, 154, 1.0)",0.0,0.0,3.790999889496339,119.08827564308514,0.7443219306687299,0.0,0.0,0.0,0.0,0.0,0.0,0.0,0.0,59.49093758027446,3.946509303378832,True,False,True,False,True,3.392709907387861,0,0.8658455329437073,0.8525576348302842,False,False,False,False,0.060183381796538045,0.009019071480050538,False,False,False,False,-129883.0,-160804.1660852868,False,False,False,False,18154.144283148715,False,False,False,False
2024-09-13 17:00:00+00:00,125.515,125.605,123.12,124.315,40183.0,,,,,,,,,,,,,,,,,,,,,,124.34666666666666,118.53776905402057,"rgba(38, 166, 154, 1.0)",0.0,0.0,3.864010166597221,119.58333461601066,1.224547860896599,-1.0,125.605,123.12,0.0,0.0,0.0,0.0,0.0,64.11445355846418,8.158246187078674,True,False,True,False,True,5.832795465285713,0,0.8694380495905196,0.8399064044986226,False,False,False,False,0.15137591873280015,0.08019749510642535,False,False,False,False,-89700.0,-159701.77591342188,False,False,False,False,18495.676929921603,False,False,False,False
2024-09-16 17:00:00+00:00,124.005,125.35,124.005,124.68,27759.0,,,,,,,,,,,,,,,,,,,,,,124.48217540941782,118.74267228443037,"rgba(38, 166, 154, 1.0)",0.0,0.0,3.9445117671367416,119.75202029985584,1.2493256430874602,0.0,0.0,0.0,0.0,0.0,0.0,0.0,0.0,67.48886943671161,11.169930151883271,True,False,True,False,True,6.19588517093587,0,0.8691425201194801,0.852685451190046,False,False,False,False,0.16348719248598537,0.12184234379620536,False,False,False,False,-61941.0,-158186.10496902774,False,True,False,False,18639.2943418608,False,True,False,False
2024-09-17 17:00:00+00:00,124.3,124.965,123.19,124.03,46849.0,,,,,,,,,,,,,,,,,,,,,,124.31055556039527,119.02625021337516,"rgba(38, 166, 154, 1.0)",0.0,0.0,4.0075997714251725,119.94334272916696,1.0197268948789657,0.0,0.0,0.0,0.0,0.0,0.0,0.0,0.0,68.20858534330857,11.838283614610255,True,False,True,False,True,5.428666790770997,0,0.857986018260305,0.8625892959468237,False,False,False,False,0.1404560427197862,0.1311491932579958,False,False,False,False,-108790.0,-157420.2738842366,False,False,False,False,19076.65411950637,False,False,False,False
2024-09-18 17:00:00+00:00,123.55,125.525,123.365,123.98,42016.0,,,,,,,,,,,,,,,,,,,,,,124.30504775509598,119.26644756448549,"rgba(38, 166, 154, 1.0)",0.0,0.0,4.062437190643951,120.1081589590063,0.9530832993334135,0.0,0.0,0.0,0.0,0.0,0.0,0.0,0.0,68.56484741533104,12.380859584501621,True,False,True,False,True,5.369058806978089,0,0.8700946966059047,0.8583200476364267,False,False,False,False,0.1545435208073555,0.14284635703267565,False,False,False,False,-150806.0,-157317.72700231045,False,False,False,False,19432.302892847358,False,False,False,False
2024-09-19 17:00:00+00:00,123.37,123.445,122.04,122.22,26992.0,,,,,,,,,,,,,,,,,,,,,,124.05000068915864,119.36048634368146,"rgba(38, 166, 154, 1.0)",0.0,0.0,4.085715086219911,120.14609790130126,0.5075983163127279,0.0,0.0,0.0,0.0,0.0,0.0,0.0,0.0,64.7829221547197,12.380859584501621,True,False,True,False,False,3.285099388357647,0,0.8607396052883692,0.8692469821804945,False,False,False,False,0.08970274147736014,0.1162745492550179,False,False,False,False,-177798.0,-157635.2506146777,False,False,False,False,19549.5074991598,False,False,False,False
2024-09-20 17:00:00+00:00,120.505,121.28,120.26,121.16,22455.0,,,,,,,,,,,,,,,,,,,,,,123.70705817422531,119.39611805471812,"rgba(38, 166, 154, 1.0)",0.0,0.0,4.077740522123127,120.13436410341168,0.25152063772176997,0.0,0.0,0.0,0.0,0.0,0.0,0.0,0.0,60.249566065498755,16.658077381124073,True,False,True,False,False,2.0571500773326825,0,0.8638168876268683,0.8722204101993439,False,False,False,False,0.015474378844637397,0.06587446404982765,False,False,False,False,-200253.0,-158295.99091522532,False,False,False,False,19594.553894521665,False,False,False,False
2024-09-23 17:00:00+00:00,121.77,122.44,121.645,122.165,10451.0,,,,,,,,,,,,,,,,,,,,,,123.62875103635511,119.42475634988295,"rgba(38, 166, 154, 1.0)",0.0,0.0,4.07109076071527,120.14471216760154,0.4962522211230466,0.0,0.0,0.0,0.0,0.0,0.0,0.0,0.0,58.87313753920064,15.299227329457338,True,False,True,False,False,3.147528291428724,0,0.8661118637507256,0.8787497580801238,False,False,False,False,0.06328982329177174,0.0645821436707997,False,False,False,False,-189802.0,-158784.4561723536,False,False,False,False,19452.793369025207,False,False,False,False
2024-09-24 17:00:00+00:00,124.57,125.22,124.35,124.5,37339.0,,,,,,,,,,,,,,,,,,,,,,123.78473179186808,119.61788153974463,"rgba(38, 166, 154, 1.0)",0.0,0.0,4.093225739554838,120.28622113437974,1.0294518635755792,0.0,0.0,0.0,0.0,0.0,0.0,0.0,0.0,61.013763171940795,15.299227329457338,True,False,True,False,False,5.606797741143936,0,0.8596251539408863,0.8781365455665022,False,False,False,False,0.16763113432708013,0.11610663899893992,False,False,False,False,-152463.0,-158686.449099914,False,False,False,False,19730.098898187607,False,False,False,False
2024-09-25 17:00:00+00:00,124.96,125.08,123.73,124.29,29474.0,,,,,,,,,,,,,,,,,,,,,,123.84522865097337,119.75150531459725,"rgba(38, 166, 154, 1.0)",0.0,0.0,4.1345939352019,120.37887736095985,0.9459508479758778,0.0,0.0,0.0,0.0,0.0,0.0,0.0,0.0,61.98994547250234,15.299227329457338,True,False,True,False,True,5.354402934179824,0,0.8563306405298827,0.8779241165435125,False,False,False,False,0.15300733332478847,0.13455698616186418,False,False,False,False,-181937.0,-159046.92275727965,False,False,False,False,19881.16713232423,False,False,False,False
2024-09-26 17:00:00+00:00,121.84,122.13,121.22,121.69,23165.0,,,,,,,,,,,,,,,,,,,,,,123.68168022572712,119.79323191136154,"rgba(38, 166, 154, 1.0)",0.0,0.0,4.146014691220855,120.38715123723289,0.31424123159184214,0.0,0.0,0.0,0.0,0.0,0.0,0.0,0.0,57.86771247373393,14.13297824899206,True,False,True,False,False,2.2966838308207294,0,0.8550165909047318,0.8807181080614535,False,False,False,False,0.049460580885853034,0.0920087835238586,False,False,False,False,-205102.0,-159760.95496259312,False,False,False,False,19932.079269807575,False,False,False,False
2024-09-27 17:00:00+00:00,121.765,122.0,120.85,120.975,25311.0,,,,,,,,,,,,,,,,,,,,,,123.49819653869248,119.8274537982871,"rgba(38, 166, 154, 1.0)",0.0,0.0,4.145176298970757,120.3877965764099,0.14165945697795748,0.0,0.0,0.0,0.0,0.0,0.0,0.0,0.0,54.04783117850566,10.476071657953739,False,False,True,False,False,1.4800214931080902,0,0.8577405857740587,0.876983591384995,False,False,False,False,0.04006404585965622,0.06603641469175742,False,False,False,False,-230413.0,-160856.33550580873,False,False,False,False,20015.47338965552,False,False,False,False
2024-09-30 17:00:00+00:00,118.83,119.07,117.08,118.85,27785.0,,,,,,,,,,,,,,,,,,,,,,123.09932466412252,119.79051037534198,"rgba(239, 83, 80, 1.0)",0.0,0.0,4.123733739580469,120.31719610895516,-0.35579312380736555,0.0,0.0,0.0,0.0,0.0,0.0,0.0,0.0,48.74677532342162,5.552295579881751,False,True,False,True,False,0.0,0,0.8501923296644704,0.8822599687702328,False,False,False,False,-0.08582820617109231,-0.009895895739667447,False,False,False,False,-258198.0,-162365.50859874193,False,False,False,False,20135.931166560084,False,False,False,False
2024-10-01 17:00:00+00:00,117.695,117.725,116.59,117.06,65242.0,,,,,,,,,,,,,,,,,,,,,,122.18224788500648,119.64424587287759,"rgba(239, 83, 80, 1.0)",0.0,0.0,4.112888703391554,120.11164099088118,-0.7419702333215947,0.0,0.0,0.0,0.0,0.0,0.0,0.0,0.0,43.3770130210374,0.6887477547652523,False,True,False,True,False,0.0,0,0.8475677328136345,0.8882074209943063,False,False,False,False,-0.12061562858264517,-0.0652557621611563,False,False,False,False,-323440.0,-164862.78753519553,False,False,False,False,20835.250063202562,False,False,False,False
2024-10-02 17:00:00+00:00,115.31,116.36,115.05,116.36,32263.0,,,,,,,,,,,,,,,,,,,,,,121.74065937506379,119.54594490077059,"rgba(239, 83, 80, 1.0)",0.0,0.0,4.106772963187829,119.9929985644724,-0.8846358435291573,0.0,0.0,0.0,0.0,0.0,0.0,0.0,0.0,39.14742563393752,-3.086373017522405,False,True,False,True,False,0.0,0,0.8398944106507517,0.8931481694020427,False,False,False,False,-0.17632317606752917,-0.12078946911434274,False,False,False,False,-355703.0,-167821.55051914597,False,False,False,False,21012.424480827325,False,False,False,False
2024-10-03 17:00:00+00:00,115.15,115.54,114.99,115.385,19959.0,,,,,,,,,,,,,,,,,,,,,,121.47151069091986,119.47774801547341,"rgba(239, 83, 80, 1.0)",0.0,0.0,4.105804093262564,119.91482247926356,-1.1032729220317132,0.0,0.0,0.0,0.0,0.0,0.0,0.0,0.0,35.45230301627795,-6.431772793877798,False,True,False,True,False,0.0,0,0.8330006908728027,0.8966185614492974,False,False,False,False,-0.19339871648966336,-0.15709409280200304,False,False,False,False,-375662.0,-171043.88306923673,False,False,False,False,20996.092318333875,False,False,False,False
2024-10-04 17:00:00+00:00,114.91,115.0,114.49,114.935,16633.0,,,,,,,,,,,,,,,,,,,,,,121.2471049109493,119.41600115490917,"rgba(239, 83, 80, 1.0)",0.0,0.0,4.121855210748885,119.84620690480673,-1.1915039839340773,0.0,0.0,0.0,0.0,0.0,0.0,0.0,0.0,32.590934541009915,-9.107818770778131,False,True,False,True,False,0.0,0,0.8254376632169456,0.9010349163362026,False,False,False,False,-0.20608347465348203,-0.18158878372774254,False,False,False,False,-392295.0,-174474.1329441323,False,False,False,False,20928.44747618916,False,False,False,False
2024-10-07 17:00:00+00:00,113.09,113.705,112.57,113.55,22480.0,,,,,,,,,,,,,,,,,,,,,,120.90003250664269,119.3081750096397,"rgba(239, 83, 80, 1.0)",0.0,0.0,4.165271962612029,119.30313374221737,-1.3812144306201797,0.0,0.0,0.0,0.0,0.0,0.0,0.0,0.0,29.533452236121843,-12.072996313750537,False,True,False,True,False,0.0,0,0.8241964479740809,0.8981212588158596,False,False,False,False,-0.2738509106271667,-0.22771984717745464,False,False,False,False,-414775.0,-178199.72778220774,False,False,False,False,20952.502554077702,False,False,False,False
2024-10-08 17:00:00+00:00,113.15,114.0,112.84,113.78,19660.0,,,,,,,,,,,,,,,,,,,,,,120.63008116362197,119.22093970399582,"rgba(239, 83, 80, 1.0)",0.0,0.0,4.194806004383724,119.22151959621867,-1.297204111592308,0.0,0.0,0.0,0.0,0.0,0.0,0.0,0.0,28.09310553243754,-13.645975357445494,False,True,False,True,False,0.0,0,0.8204584629405822,0.9020466387969803,False,False,False,False,-0.2617792674494266,-0.2447495573134406,False,False,False,False,-395115.0,-181562.75525845258,False,False,False,False,20932.46375478968,False,False,False,False
2024-10-09 17:00:00+00:00,113.37,114.385,113.22,114.365,13959.0,,,,,,,,,,,,,,,,,,,,,,120.46154824310194,119.16536645868821,"rgba(239, 83, 80, 1.0)",0.0,0.0,4.210381761381728,119.17390454910328,-1.1421540424698073,0.0,0.0,0.0,0.0,0.0,0.0,0.0,0.0,28.698878683302848,-13.645975357445494,False,True,False,True,False,0.0,0,0.8270047240327694,0.8968486515577349,False,False,False,False,-0.24555185893188308,-0.24515070812266185,False,False,False,False,-381156.0,-184657.22416917427,False,False,False,False,20824.348037661155,False,False,False,False
2024-10-10 17:00:00+00:00,114.34,115.04,113.97,115.01,35505.0,,,,,,,,,,,,,,,,,,,,,,120.11053613274576,119.04717547178808,"rgba(239, 83, 80, 1.0)",0.0,0.0,4.223531329573774,119.0802072984628,-0.9636976692850869,0.0,0.0,0.0,0.0,0.0,0.0,0.0,0.0,30.79156259864012,-13.645975357445494,False,True,False,True,False,0.0,0,0.836850469733851,0.8907642479229112,False,False,False,False,-0.2160692321575506,-0.23060997014010623,False,False,False,False,-345651.0,-187153.25170143513,False,False,False,False,21051.9550448292,False,False,False,False
2024-10-11 17:00:00+00:00,116.535,118.0,116.47,117.62,26721.0,,,,,,,,,,,,,,,,,,,,,,119.99062779217935,119.01447980492352,"rgba(239, 83, 80, 1.0)",0.0,0.0,4.2198403912858184,119.08958462398758,-0.3482559736198407,0.0,0.0,0.0,0.0,0.0,0.0,0.0,0.0,37.55313082281964,-20.178530186621146,False,True,False,True,True,0.0,0,0.8496901137252542,0.881781896223198,False,False,False,False,-0.10447374679746213,-0.16754185846878417,False,False,False,False,-318930.0,-189196.30206265318,False,False,False,False,21139.847214676807,False,False,False,False
2024-10-14 17:00:00+00:00,119.02,120.035,118.77,120.005,47188.0,,,,,,,,,,,,,,,,,,,,,,119.9629117536588,119.03400217939316,"rgba(38, 166, 154, 1.0)",0.0,0.0,4.209346130558306,119.17980597050936,0.19603853042638295,0.0,0.0,0.0,0.0,0.0,0.0,0.0,0.0,45.36954611030082,-12.936570568166275,False,True,False,True,True,1.20423930696262,0,0.8567223946340976,0.8760636700370407,False,False,False,False,-0.017815517362367025,-0.0926786879155756,False,False,False,False,-271742.0,-190476.0803252477,False,False,False,False,21543.694544681817,False,False,False,False
2024-10-15 17:00:00+00:00,122.285,122.63,120.86,121.1,25827.0,,,,,,,,,,,,,,,,,,,,,,120.0219780745536,119.07848600464132,"rgba(38, 166, 154, 1.0)",0.0,0.0,4.213849354020351,119.25810562225112,0.4371049420624296,0.0,0.0,0.0,0.0,0.0,0.0,0.0,0.0,51.81351833451636,-7.1724025274104335,False,False,True,False,True,2.4176662508523243,0,0.8687042101690855,0.8622562034615613,False,False,False,False,0.07557782805988143,-0.008550429927847082,False,False,False,False,-245915.0,-191335.59845973997,False,False,False,False,21610.10238119838,False,False,False,False
2024-10-16 17:00:00+00:00,121.9,123.075,121.9,122.56,21510.0,,,,,,,,,,,,,,,,,,,,,,120.09775454466558,119.12869969381282,"rgba(38, 166, 154, 1.0)",0.0,0.0,4.23196253751357,119.49200043994267,0.7249590545430231,0.0,0.0,0.0,0.0,0.0,0.0,0.0,0.0,57.575081331750795,-2.062633672836583,True,False,True,False,True,4.005909725385372,0,0.8682614420813216,0.8586249551095326,False,False,False,False,0.10537929729422332,0.048414433683188124,False,False,False,False,-224405.0,-191848.30235958897,False,False,False,False,21608.55040629608,False,False,False,False
2024-10-17 17:00:00+00:00,122.07,122.21,121.185,121.24,24417.0,,,,,,,,,,,,,,,,,,,,,,120.14608625581224,119.16816150709724,"rgba(38, 166, 154, 1.0)",0.0,0.0,4.236194607989127,119.51440113867935,0.4073464561959231,0.0,0.0,0.0,0.0,0.0,0.0,0.0,0.0,58.82619015983902,-0.9682753786764593,True,False,True,False,True,2.442543378505114,0,0.8616285151064087,0.8723096109747754,False,False,False,False,0.0736764451752772,0.06104543942923266,False,False,False,False,-248822.0,-192731.61550130075,False,False,False,False,21652.092260462032,False,False,False,False
2024-10-18 17:00:00+00:00,121.63,122.0,121.45,121.795,11987.0,,,,,,,,,,,,,,,,,,,,,,120.17193117624102,119.18868375099724,"rgba(38, 166, 154, 1.0)",0.0,0.0,4.241750104136894,119.53767418956815,0.532168504747681,0.0,0.0,0.0,0.0,0.0,0.0,0.0,0.0,60.311260413384275,0.6597461293409026,True,False,True,False,True,3.0533513913834476,0,0.8563303309381641,0.8791013055358766,False,False,False,False,0.07477718010219547,0.06791130976571406,False,False,False,False,-236835.0,-193415.38890438134,False,False,False,False,21502.24586882696,False,False,False,False
2024-10-21 17:00:00+00:00,120.23,120.41,119.29,119.68,68622.0,,,,,,,,,,,,,,,,,,,,,,120.13992615355428,119.21501642555613,"rgba(38, 166, 154, 1.0)",0.0,0.0,4.233897233493416,119.49567233955824,0.0435361678086071,0.0,0.0,0.0,0.0,0.0,0.0,0.0,0.0,57.5471055097202,0.6597461293409026,True,False,True,False,True,0.5792551181749737,0,0.8565744294082003,0.8768127650979596,False,False,False,False,-1.9903498333564364e-09,0.03395565388768212,False,False,False,False,-305457.0,-195152.46814617387,False,False,False,False,22232.784692566078,False,False,False,False
2024-10-22 17:00:00+00:00,116.95,118.47,116.69,118.01,43909.0,,,,,,,,,,,,,,,,,,,,,,120.0159165584657,119.17457548264885,"rgba(38, 166, 154, 1.0)",0.0,0.0,4.221318589093941,119.39813430210785,-0.328839028092829,0.0,0.0,0.0,0.0,0.0,0.0,0.0,0.0,53.337239936911054,0.6597461293409026,False,False,True,False,False,0.0,0,0.8588976887021172,0.8791619524810083,False,False,False,False,-0.0906090382742108,-0.02832669219326434,False,False,False,False,-349366.0,-197543.3756167758,False,False,False,False,22568.850046169704,False,False,False,False
2024-10-23 17:00:00+00:00,120.615,120.82,119.57,119.88,53688.0,,,,,,,,,,,,,,,,,,,,,,120.02029044770856,119.20394711144259,"rgba(38, 166, 154, 1.0)",0.0,0.0,4.214683205476061,119.42902792868045,0.10700022975240485,0.0,0.0,0.0,0.0,0.0,0.0,0.0,0.0,53.22486389472786,0.6597461293409026,False,False,True,False,False,0.8081951442383328,0,0.8666238406873569,0.8727666920945915,False,False,False,False,0.013734275180056996,-0.0072962085066036715,False,False,False,False,-295678.0,-199064.84266147696,False,False,False,False,23051.317487314358,False,False,False,False
2024-10-24 17:00:00+00:00,117.52,117.57,116.315,116.415,33269.0,,,,,,,,,,,,,,,,,,,,,,119.9054562205121,119.15643291000633,"rgba(239, 83, 80, 1.0)",0.0,0.0,4.170071220252885,119.34887096272027,-0.703554161970007,0.0,0.0,0.0,0.0,-1.0,119.57,114.82,0.0,49.01181858123054,7.753995776657163,False,True,False,True,False,0.0,0,0.8604944450005005,0.887618856971274,False,False,False,False,-0.11625982948879152,-0.061778018997697595,False,False,False,False,-328947.0,-201078.51951943856,False,False,False,False,23209.731169681578,False,False,False,False
2024-10-25 17:00:00+00:00,114.56,114.82,113.015,113.015,34048.0,,,,,,,,,,,,,,,,,,,,,,119.6862198523685,119.04806971008422,"rgba(239, 83, 80, 1.0)",0.0,0.0,4.14366355181378,119.18761738437875,-1.4896521658175776,0.0,0.0,0.0,0.0,0.0,0.0,0.0,0.0,43.423718123166196,2.244318345742073,False,True,False,True,False,0.0,0,0.8658792913622259,0.8922430187168447,False,False,False,False,-0.24069807982872177,-0.15123804941320967,False,False,False,False,-362995.0,-203588.85255014492,False,False,False,False,23377.76634534543,False,False,False,False
2024-10-28 17:00:00+00:00,113.27,113.27,112.645,112.66,20075.0,,,,,,,,,,,,,,,,,,,,,,119.54870185935965,118.97749545725789,"rgba(239, 83, 80, 1.0)",0.0,0.0,4.088815570035542,119.08811870160969,-1.5721224377830803,0.0,0.0,0.0,0.0,0.0,0.0,0.0,0.0,39.4450264519984,-1.6391374298364525,False,True,False,True,False,0.0,0,0.862150149174971,0.9064358344665215,False,False,False,False,-0.2815831877289263,-0.216410618571068,False,False,False,False,-383070.0,-206371.50599897988,False,False,False,False,23326.56066557263,False,False,False,False
2024-10-29 17:00:00+00:00,111.81,112.46,111.67,111.68,14720.0,,,,,,,,,,,,,,,,,,,,,,119.43792234533346,118.91911944830584,"rgba(239, 83, 80, 1.0)",0.0,0.0,4.027027503446278,119.00805425889008,-1.8197179563881358,0.0,0.0,0.0,0.0,0.0,0.0,0.0,0.0,36.07684771050088,-4.966180768733693,False,True,False,True,False,0.0,0,0.8558472456636232,0.9018443581349,False,False,False,False,-0.32043197922529154,-0.2684212988981798,False,False,False,False,-397790.0,-209339.23458814298,False,False,False,False,23193.125616493984,False,False,False,False
2024-10-30 17:00:00+00:00,113.86,114.04,113.17,113.46,45530.0,,,,,,,,,,,,,,,,,,,,,,119.18458663003437,118.78503854523738,"rgba(239, 83, 80, 1.0)",0.0,0.0,3.86605327186526,118.83345351323555,-1.3899067434844277,0.0,0.0,0.0,0.0,0.0,0.0,0.0,0.0,36.711883304601244,-4.966180768733693,False,True,False,True,False,0.0,0,0.8498992817465971,0.898528903086658,False,False,False,False,-0.25391437804792005,-0.2611678384730499,False,False,False,False,-352260.0,-211555.06040848186,False,False,False,False,23539.433746470822,False,False,False,False
2024-10-31 17:00:00+00:00,112.99,113.47,111.385,111.535,36462.0,,,,,,,,,,,,,,,,,,,,,,118.94934621485027,118.65439542151124,"rgba(239, 83, 80, 1.0)",0.0,0.0,3.8187902817797337,118.66944432024928,-1.8682472180494563,0.0,0.0,0.0,0.0,0.0,0.0,0.0,0.0,35.49542642919579,-6.213753053339097,False,True,False,True,False,0.0,0,0.846111752903265,0.9005087047283189,False,False,False,False,-0.30454614951568393,-0.2828569939943669,False,False,False,False,-388722.0,-214301.83466571468,False,False,False,False,23739.783610866623,False,False,False,False
2024-11-01 17:00:00+00:00,111.29,111.46,110.6,110.95,28398.0,,,,,,,,,,,,,,,,,,,,,,118.7482046427437,118.53917877474066,"rgba(239, 83, 80, 1.0)",0.0,0.0,3.8101550026400774,118.52824247754123,-1.9889591033147518,0.0,0.0,0.0,0.0,0.0,0.0,0.0,0.0,34.217136165153484,-7.9503766217838745,False,True,False,True,False,0.0,0,0.8435434826677477,0.9078856679505368,False,False,False,False,-0.34282825441539394,-0.3128426242048804,False,False,False,False,-417120.0,-217446.30234531598,False,False,False,False,23812.004020000473,False,False,False,False
2024-11-04 17:00:00+00:00,111.43,113.035,111.39,113.0,26425.0,,,,,,,,,,,,,,,,,,,,,,118.60384088987897,118.45537774351855,"rgba(239, 83, 80, 1.0)",0.0,0.0,3.731299078177709,118.42970260703873,-1.4551775382450691,0.0,0.0,0.0,0.0,0.0,0.0,0.0,0.0,36.62756439460077,-7.9503766217838745,False,True,False,True,False,0.0,0,0.8493225590862141,0.8979889422200616,False,False,False,False,-0.2924479259076467,-0.30264527505626354,False,False,False,False,-390695.0,-220132.32866554364,False,False,False,False,23852.51558558186,False,False,False,False
2024-11-05 17:00:00+00:00,113.4,113.86,112.83,113.805,38215.0,,,,,,,,,,,,,,,,,,,,,,118.4394005601391,118.35825399970808,"rgba(239, 83, 80, 1.0)",0.0,0.0,3.7298978043144304,118.32031464500943,-1.2105732869641874,0.0,0.0,0.0,0.0,0.0,0.0,0.0,0.0,39.39592260779123,-7.9503766217838745,False,True,False,True,True,0.0,0,0.8529670105198651,0.8988867327137163,False,False,False,False,-0.24551845708280767,-0.2740818660695356,False,False,False,False,-352480.0,-222184.230546698,False,False,False,False,24075.18976254958,False,False,False,False
2024-11-06 17:00:00+00:00,111.265,113.26,110.8,112.925,23914.0,,,,,,,,,,,,,,,,,,,,,,118.31866406147803,118.2852174717932,"rgba(239, 83, 80, 1.0)",0.0,0.0,3.761718419614557,118.23770975760468,-1.4123092600187348,0.0,0.0,0.0,0.0,0.0,0.0,0.0,0.0,40.22014798929777,-7.9503766217838745,False,True,False,True,True,0.0,0,0.8423958269906027,0.9046053299234809,False,False,False,False,-0.30012397980246897,-0.28710292293600226,False,False,False,False,-376394.0,-224575.07968550886,False,False,False,False,24072.69069646354,False,False,False,False
2024-11-07 17:00:00+00:00,112.98,113.98,112.27,113.765,19084.0,,,,,,,,,,,,,,,,,,,,,,118.24135988745459,118.2378587773916,"rgba(239, 83, 80, 1.0)",0.0,0.0,3.7826440916802215,118.18592875563752,-1.168740343655693,0.0,0.0,0.0,0.0,0.0,0.0,0.0,0.0,42.091776052882935,-14.426432836540407,False,True,False,True,True,0.0,0,0.8537846827843582,0.900494888852831,False,False,False,False,-0.2545464500803259,-0.27082468650816405,False,False,False,False,-357310.0,-226632.98542681878,False,False,False,False,23995.3466546579,False,False,False,False
2024-11-08 17:00:00+00:00,113.91,114.51,113.7,114.065,16131.0,,,,,,,,,,,,,,,,,,,,,,118.18762062399983,118.20457680268461,"rgba(239, 83, 80, 1.0)",0.0,0.0,3.7982976177218832,117.83996929970638,-0.9938582174533521,0.0,0.0,0.0,0.0,0.0,0.0,0.0,0.0,43.8212931763164,-12.402337954108354,False,True,False,True,True,0.0,0,0.8552234825952287,0.9054788619720616,False,False,False,False,-0.21462084774521847,-0.24272276712669127,False,False,False,False,-341179.0,-228408.89262950374,False,False,False,False,23873.418799546922,False,False,False,False
2024-11-11 17:00:00+00:00,114.15,114.15,110.945,111.395,28057.0,,,,,,,,,,,,,,,,,,,,,,118.0549155280342,118.12139192620147,"rgba(239, 83, 80, 1.0)",0.0,0.0,3.8607027752622756,117.67551167030429,-1.6267793808285664,0.0,0.0,0.0,0.0,0.0,0.0,0.0,0.0,41.651487441842704,-12.402337954108354,False,True,False,True,True,0.0,0,0.8379540914094671,0.9118522444652827,False,False,False,False,-0.2784436761512581,-0.2605832216389747,False,False,False,False,-369236.0,-230592.25863524785,False,False,False,False,23938.280523584952,False,False,False,False
2024-11-12 17:00:00+00:00,109.48,109.51,108.195,108.32,27944.0,,,,,,,,,,,,,,,,,,,,,,117.85354173373048,117.99359633333397,"rgba(239, 83, 80, 1.0)",0.0,0.0,3.99160029887072,117.43523650293079,-2.2836045246087457,0.0,0.0,0.0,0.0,0.0,0.0,0.0,0.0,37.53641525334233,-6.430182742645819,False,True,False,True,False,0.0,0,0.8364000323519895,0.9216677450663212,False,False,False,False,-0.34282825441539394,-0.3017057380271843,False,False,False,False,-397180.0,-233175.01431532152,False,False,False,False,24000.384701513867,False,False,False,False
2024-11-13 17:00:00+00:00,109.5,109.61,108.62,109.03,36387.0,,,,,,,,,,,,,,,,,,,,,,117.6151274020783,117.83940793894179,"rgba(239, 83, 80, 1.0)",0.0,0.0,4.100387081266239,117.22603906022184,-1.998845206021579,0.0,0.0,0.0,0.0,0.0,0.0,0.0,0.0,36.037027971406864,-8.001597577434083,False,True,False,True,False,0.0,0,0.8390180930673496,0.9168969481816162,False,False,False,False,-0.33278109721736826,-0.31724341762227626,False,False,False,False,-360793.0,-235153.5877367894,False,False,False,False,24192.425248777217,False,False,False,False
2024-11-14 17:00:00+00:00,108.955,109.37,108.02,108.245,38068.0,,,,,,,,,,,,,,,,,,,,,,117.36420985832177,117.67407318190476,"rgba(239, 83, 80, 1.0)",0.0,0.0,4.218795051277498,117.02032193139696,-2.0800540971383987,0.0,0.0,0.0,0.0,0.0,0.0,0.0,0.0,34.35886065068556,-9.796500777955416,False,True,False,True,False,0.0,0,0.837376930356172,0.9183965208287189,False,False,False,False,-0.34282825441539394,-0.3300358360188351,False,False,False,False,-398861.0,-237691.6871517229,False,False,False,False,24407.550438718652,False,False,False,False
2024-11-15 17:00:00+00:00,105.5,105.92,105.015,105.56,36326.0,,,,,,,,,,,,,,,,,,,,,,117.05902774257376,117.47084440809398,"rgba(239, 83, 80, 1.0)",0.0,0.0,4.401329173726306,116.74967484670611,-2.542339917110216,0.0,0.0,0.0,0.0,0.0,0.0,0.0,0.0,31.259462837985676,-12.894455315311689,False,True,False,True,False,0.0,0,0.8353532132036355,0.9221416042098544,False,False,False,False,-0.34282825441539394,-0.33643204521711456,False,False,False,False,-435187.0,-240753.6299865799,False,False,False,False,24592.332602459446,False,False,False,False
2024-11-18 17:00:00+00:00,104.09,105.3,103.87,105.205,40638.0,,,,,,,,,,,,,,,,,,,,,,116.71593944534678,117.2384310675063,"rgba(239, 83, 80, 1.0)",0.0,0.0,4.572878076321263,116.45798521156387,-2.4608102432979235,0.0,0.0,0.0,0.0,0.0,0.0,0.0,0.0,28.96165782152226,-15.19539940777696,False,True,False,True,False,0.0,0,0.8341442016270536,0.9232732493220606,False,False,False,False,-0.34282825441539394,-0.3396301498162543,False,False,False,False,-475825.0,-244398.14735112907,False,False,False,False,24841.10263963062,False,False,False,False
2024-11-19 17:00:00+00:00,104.82,105.22,104.32,104.46,34334.0,,,,,,,,,,,,,,,,,,,,,,116.43779841855513,117.0467037545875,"rgba(239, 83, 80, 1.0)",0.0,0.0,4.785803229296861,116.2300456130751,-2.459366808276484,0.0,0.0,0.0,0.0,0.0,0.0,0.0,0.0,26.93093766754889,-17.25877426582221,False,True,False,True,False,0.0,0,0.8432023313231065,0.9179584733071595,False,False,False,False,-0.3370222401383956,-0.33832619497732497,False,False,False,False,-510159.0,-248518.47064801079,False,False,False,False,24988.27934289216,False,False,False,False
2024-11-20 17:00:00+00:00,103.84,104.33,103.22,104.29,30508.0,,,,,,,,,,,,,,,,,,,,,,116.18673842345234,116.87155626015725,"rgba(239, 83, 80, 1.0)",0.0,0.0,4.9682861783061805,115.14389305625772,-2.1846352377306286,0.0,0.0,0.0,0.0,0.0,0.0,0.0,0.0,25.458794831190172,-18.83701335181621,False,True,False,True,False,0.0,0,0.8382346992435579,0.9185712552081223,False,False,False,False,-0.34282825441539394,-0.3405772246963594,False,False,False,False,-540667.0,-253047.90521160752,False,False,False,False,25073.856407343446,False,False,False,False
2024-11-21 17:00:00+00:00,105.19,106.245,105.16,105.895,28390.0,,,,,,,,,,,,,,,,,,,,,,115.99542289993826,116.73508938778424,"rgba(239, 83, 80, 1.0)",0.0,0.0,5.104890321857743,115.05892327023554,-1.7951263773480366,0.0,0.0,0.0,0.0,0.0,0.0,0.0,0.0,28.132964154040025,-18.83701335181621,False,True,False,True,True,0.0,0,0.843156141512652,0.9109224810868296,False,False,False,False,-0.28528330095147003,-0.31293026282391473,False,False,False,False,-512277.0,-257066.96094476088,False,False,False,False,25125.269486299363,False,False,False,False
2024-11-22 17:00:00+00:00,107.53,108.28,107.485,108.25,56652.0,,,,,,,,,,,,,,,,,,,,,,115.71301809588809,116.52613086835888,"rgba(239, 83, 80, 1.0)",0.0,0.0,5.182407632932064,114.97110856876353,-1.296908511413431,0.0,0.0,0.0,0.0,0.0,0.0,0.0,0.0,34.11493262405512,-21.91344462300211,False,True,False,True,True,0.0,0,0.8508549145085489,0.9066493350664928,False,False,False,False,-0.22232809377107385,-0.2676291782974943,False,False,False,False,-455625.0,-260145.3801549196,False,False,False,False,25614.05600589162,False,False,False,False
2024-11-25 17:00:00+00:00,111.09,112.34,110.895,112.06,53098.0,,,,,,,,,,,,,,,,,,,,,,115.58643048723587,116.42166385051023,"rgba(38, 166, 154, 1.0)",0.0,0.0,5.175106738682343,114.67974748812665,-0.5062209574432226,0.0,0.0,0.0,0.0,0.0,0.0,0.0,0.0,42.71019434194184,-14.162390159965746,False,False,False,True,True,0.0,0,0.8589165458193447,0.8975545799479524,False,False,False,False,-0.11810821598471022,-0.19286869714110225,False,False,False,False,-402527.0,-262352.84712926194,False,False,False,False,26040.163664715004,False,False,False,False
2024-11-26 17:00:00+00:00,111.47,111.875,111.11,111.71,21819.0,,,,,,,,,,,,,,,,,,,,,,115.5341349527955,116.37826625737576,"rgba(38, 166, 154, 1.0)",0.0,0.0,5.193854343928464,114.67890658139714,-0.5716191453978211,0.0,0.0,0.0,0.0,0.0,0.0,0.0,0.0,47.92507108361577,-9.734390355487136,True,False,False,False,True,0.0,0,0.8557556180335386,0.9052262168251876,False,False,False,False,-0.12154307372739526,-0.15720588543424874,False,False,False,False,-424346.0,-264864.3688791959,False,False,False,False,25974.719266812448,False,False,False,False
2024-11-27 17:00:00+00:00,111.465,111.51,110.355,110.465,14701.0,,,,,,,,,,,,,,,,,,,,,,115.49281276328742,116.34474310719041,"rgba(38, 166, 154, 1.0)",0.0,0.0,5.2262247782152516,114.65834024035733,-0.8023650758070435,0.0,0.0,0.0,0.0,0.0,0.0,0.0,0.0,49.58081275500218,-8.441445633480257,True,False,False,False,True,0.0,0,0.8483639425775922,0.9155104659555693,False,False,False,False,-0.13696751148609287,-0.1470866984601708,False,False,False,False,-439047.0,-267564.8747880456,False,False,False,False,25799.93292159055,False,False,False,False
2024-11-28 17:00:00+00:00,110.465,110.465,110.465,110.465,0.0,,,,,,,,,,,,,,,,,,,,,,115.49281276328742,116.34474310719041,"rgba(38, 166, 154, 1.0)",0.0,0.0,5.267511757662789,114.65834024035733,-0.79607610448276,0.0,0.0,0.0,0.0,0.0,0.0,0.0,0.0,50.68464053592645,-7.359300342712011,True,False,True,False,True,0.0,0,0.8451502663584278,0.9194893959191875,False,False,False,False,-0.14989364970057698,-0.1484901740803739,False,False,False,False,-439047.0,-270223.51238823094,False,False,False,False,25399.93396156589,False,False,False,False
2024-11-29 17:00:00+00:00,111.085,111.21,110.105,110.32,7960.0,,,,,,,,,,,,,,,,,,,,,,115.46965219682188,116.32601030725645,"rgba(38, 166, 154, 1.0)",0.0,0.0,5.308371023951371,114.6451323353743,-0.8147758165093035,0.0,0.0,0.0,0.0,-1.0,110.465,109.83,0.0,51.18056491514723,-6.605087559967629,True,False,True,False,True,0.0,0,0.8475979899497487,0.9169648241206028,False,False,False,False,-0.14456534081460254,-0.14652775744748822,False,False,False,False,-447007.0,-272964.3416535297,False,False,False,False,25129.547388518356,False,False,False,False
2024-12-02 17:00:00+00:00,109.585,109.83,109.075,109.74,21692.0,,,,,,,,,,,,,,,,,,,,,,115.39506986243516,116.26687383612942,"rgba(38, 166, 154, 1.0)",0.0,0.0,5.359647205849444,114.58296414199856,-0.9035975608082975,0.0,0.0,0.0,0.0,0.0,0.0,0.0,0.0,50.507524799191515,-6.605087559967629,True,False,False,False,True,0.0,0,0.8475091007823654,0.9167152712133703,False,False,False,False,-0.17806612153243015,-0.16229693948995919,False,False,False,False,-468699.0,-275998.98751936643,False,False,False,False,25076.252080169237,False,False,False,False
2024-12-03 17:00:00+00:00,108.48,109.15,107.84,107.99,32050.0,,,,,,,,,,,,,,,,,,,,,,115.26593028867894,116.16581555897159,"rgba(38, 166, 154, 1.0)",0.0,0.0,5.438904381754879,114.45738966965666,-1.189097879961248,0.0,0.0,0.0,0.0,0.0,0.0,0.0,0.0,47.37449137028377,-6.605087559967629,True,False,False,True,False,0.0,0,0.8405997277604291,0.9173672832092239,False,False,False,False,-0.20496737918321264,-0.18363215933658592,False,False,False,False,-500749.0,-279483.4838368956,False,False,False,False,25184.37220295731,False,False,False,False
2024-12-04 17:00:00+00:00,104.4,105.025,103.86,104.925,63470.0,,,,,,,,,,,,,,,,,,,,,,114.89361922722715,115.88155210071153,"rgba(239, 83, 80, 1.0)",0.0,0.0,5.587094744559394,114.02434707834034,-1.6286366160518602,0.0,0.0,0.0,0.0,0.0,0.0,0.0,0.0,41.94225281367481,-0.8233925624112644,False,False,False,True,False,0.0,0,0.8413938418112789,0.9204086906394735,False,False,False,False,-0.3226695406242327,-0.2531508499804093,False,False,False,False,-564219.0,-283897.9879634553,False,False,False,False,25777.947827717664,False,False,False,False
2024-12-05 17:00:00+00:00,105.08,105.64,104.62,105.415,69448.0,,,,,,,,,,,,,,,,,,,,,,114.53781179358211,115.60239445501655,"rgba(239, 83, 80, 1.0)",0.0,0.0,5.706768443091199,113.68317618902833,-1.4488368104435794,0.0,0.0,0.0,0.0,0.0,0.0,0.0,0.0,39.28659264270296,-3.4376400564581715,False,True,False,True,False,0.0,0,0.8451895333797632,0.9178589195104961,False,False,False,False,-0.3021683689121944,-0.27765960944630186,False,False,False,False,-494771.0,-287167.3369872777,False,False,False,False,26455.00290015615,False,False,False,False
2024-12-06 17:00:00+00:00,104.845,104.845,103.51,103.85,35022.0,,,,,,,,,,,,,,,,,,,,,,114.34705894440906,115.45201218023819,"rgba(239, 83, 80, 1.0)",0.0,0.0,5.831164814176367,113.49909548816993,-1.654745800480832,0.0,0.0,0.0,0.0,0.0,0.0,0.0,0.0,36.02994266847732,-6.633151612062846,False,True,False,True,False,0.0,0,0.8403086321802602,0.9170104728657567,False,False,False,False,-0.33064148901475476,-0.3041505492305283,False,False,False,False,-529793.0,-290928.9751735215,False,False,False,False,26587.824560618843,False,False,False,False
2024-12-09 17:00:00+00:00,106.55,106.81,105.78,106.66,39724.0,,,,,,,,,,,,,,,,,,,,,,114.18648724438997,115.32033951537827,"rgba(239, 83, 80, 1.0)",0.0,0.0,5.873963150215403,113.37465914888763,-1.1431224502389672,0.0,0.0,0.0,0.0,0.0,0.0,0.0,0.0,38.78183356149508,-6.633151612062846,False,True,False,True,False,0.0,0,0.8408412591030283,0.9205897568546297,False,False,False,False,-0.2679734799553247,-0.2860620145929265,False,False,False,False,-490069.0,-294016.41741889325,False,False,False,False,26791.48619533793,False,False,False,False
2024-12-10 17:00:00+00:00,105.78,106.1,104.15,104.395,31011.0,,,,,,,,,,,,,,,,,,,,,,114.04169872516978,115.20291844616574,"rgba(239, 83, 80, 1.0)",0.0,0.0,5.97273281423743,113.24822375275001,-1.4822735300742478,0.0,0.0,0.0,0.0,0.0,0.0,0.0,0.0,38.25937819206625,-6.633151612062846,False,True,False,True,False,0.0,0,0.8305425184949486,0.927949248269827,False,False,False,False,-0.30231656298616966,-0.2941892887895481,False,False,False,False,-521080.0,-297536.7830403058,False,False,False,False,26856.90501401486,False,False,False,False
2024-12-11 17:00:00+00:00,103.575,103.78,103.06,103.295,47758.0,,,,,,,,,,,,,,,,,,,,,,113.79214379590694,115.00156548718425,"rgba(239, 83, 80, 1.0)",0.0,0.0,6.103752242796204,113.01706444522623,-1.5928012898460024,0.0,0.0,0.0,0.0,0.0,0.0,0.0,0.0,36.91573729626311,-6.633151612062846,False,True,False,True,False,0.0,0,0.8310226165138344,0.9306188212360509,False,False,False,False,-0.34282825441539394,-0.31850877160247104,False,False,False,False,-568838.0,-301743.0034582855,False,False,False,False,27180.952998293702,False,False,False,False
2024-12-12 17:00:00+00:00,103.33,103.395,102.73,102.77,26362.0,,,,,,,,,,,,,,,,,,,,,,113.65405972262738,114.88948143317997,"rgba(239, 83, 80, 1.0)",0.0,0.0,6.24915486033645,112.88976572082228,-1.619381491896241,0.0,0.0,0.0,0.0,0.0,0.0,0.0,0.0,35.54873214331447,-7.946196915343563,False,True,False,True,False,0.0,0,0.8335594302358056,0.9295375653353546,False,False,False,False,-0.34282825441539394,-0.3306685130089325,False,False,False,False,-595200.0,-306292.7243349012,False,False,False,False,27168.25605258372,False,False,False,False
2024-12-13 17:00:00+00:00,102.68,102.8,102.14,102.69,33158.0,,,,,,,,,,,,,,,,,,,,,,113.4786430995124,114.7465507179584,"rgba(239, 83, 80, 1.0)",0.0,0.0,6.371082447241418,112.72791665069292,-1.5755433607736762,0.0,0.0,0.0,0.0,0.0,0.0,0.0,0.0,34.560491753083284,-9.304948336518471,False,True,False,True,False,0.0,0,0.8307314541244112,0.9310668370198832,False,False,False,False,-0.34282825441539394,-0.3367483837121632,False,False,False,False,-628358.0,-311285.9844227322,False,False,False,False,27261.120299830483,False,False,False,False
2024-12-16 17:00:00+00:00,103.13,103.13,101.37,101.42,45328.0,,,,,,,,,,,,,,,,,,,,,,113.23557313711095,114.54755062666669,"rgba(239, 83, 80, 1.0)",0.0,0.0,6.514762320306717,112.50328711200945,-1.7012573240718993,0.0,0.0,0.0,0.0,0.0,0.0,0.0,0.0,32.69001082086021,-11.470890631739152,False,True,False,True,False,0.0,0,0.8261240187138212,0.9296844025057487,False,False,False,False,-0.34282825441539394,-0.3397883190637786,False,False,False,False,-673686.0,-316904.589315403,False,False,False,False,27541.226961848613,False,False,False,False
2024-12-17 17:00:00+00:00,102.35,103.105,102.22,102.335,45141.0,,,,,,,,,,,,,,,,,,,,,,113.01545423857402,114.36430101129005,"rgba(239, 83, 80, 1.0)",0.0,0.0,6.636463226912373,112.30791624584519,-1.5027456500327985,0.0,0.0,0.0,0.0,0.0,0.0,0.0,0.0,33.406926386657915,-11.470890631739152,False,True,False,True,False,0.0,0,0.8285403696017393,0.9288071943867968,False,False,False,False,-0.3310727455720054,-0.335430532317892,False,False,False,False,-628545.0,-321736.22358958283,False,False,False,False,27814.091660114525,False,False,False,False
2024-12-18 17:00:00+00:00,102.38,102.97,97.93,97.93,70713.0,,,,,,,,,,,,,,,,,,,,,,112.59626758937799,114.0194382537352,"rgba(239, 83, 80, 1.0)",0.0,0.0,6.873944827789459,111.91006174117489,-2.0337756690535764,0.0,0.0,0.0,0.0,0.0,0.0,0.0,0.0,30.285595929325027,-14.358284671652626,False,True,False,True,False,0.0,0,0.8141423979740916,0.9332034674198886,False,False,False,False,-0.34282825441539394,-0.33912939336664294,False,False,False,False,-699258.0,-327589.27438664355,False,False,False,False,28479.191014221276,False,False,False,False
2024-12-19 17:00:00+00:00,98.76,99.59,97.24,97.25,51327.0,,,,,,,,,,,,,,,,,,,,,,112.27291740714124,113.75263466734968,"rgba(239, 83, 80, 1.0)",0.0,0.0,7.117158526792374,111.60024672186816,-2.0162887573526707,0.0,0.0,0.0,0.0,0.0,0.0,0.0,0.0,27.795389051748558,-16.898202991508228,False,True,False,True,False,0.0,0,0.8079325847070044,0.9503921530467273,False,False,False,False,-0.34282825441539394,-0.3409788238910184,False,False,False,False,-750585.0,-334147.34765196685,False,False,False,False,28833.420610900015,False,False,False,False
2024-12-20 17:00:00+00:00,100.4,100.71,99.03,99.245,44049.0,,,,,,,,,,,,,,,,,,,,,,112.03720644700022,113.55373908390581,"rgba(239, 83, 80, 1.0)",0.0,0.0,7.293701591160605,111.38528538172906,-1.6644889059407273,0.0,0.0,0.0,0.0,0.0,0.0,0.0,0.0,29.846668494934168,-16.898202991508228,False,True,False,True,False,0.0,0,0.8134010230971941,0.9371609052860017,False,False,False,False,-0.3069873047711203,-0.3239830643310694,False,False,False,False,-706536.0,-339920.8151302309,False,False,False,False,29069.321066544977,False,False,False,False
2024-12-23 17:00:00+00:00,97.59,97.59,97.59,97.59,0.0,,,,,,,,,,,,,,,,,,,,,,112.03720644700022,113.55373908390581,"rgba(239, 83, 80, 1.0)",0.0,0.0,7.487903571220029,111.38528538172906,-1.842342820058692,0.0,0.0,0.0,0.0,0.0,0.0,0.0,0.0,29.871451795152712,-16.898202991508228,False,True,False,True,False,0.0,0,0.8162859020449185,0.9417256175345003,False,False,False,False,-0.34282825441539394,-0.33340565937323163,False,False,False,False,-706536.0,-345604.77148480096,False,False,False,False,28618.63391822645,False,False,False,False
2024-12-24 17:00:00+00:00,98.75,99.46,98.75,99.36,4076.0,,,,,,,,,,,,,,,,,,,,,,112.01502560750853,113.53500281673705,"rgba(239, 83, 80, 1.0)",0.0,0.0,7.603897168172505,111.36494985575928,-1.5787890854190112,0.0,0.0,0.0,0.0,0.0,0.0,0.0,0.0,32.80621373953791,-16.898202991508228,False,True,False,True,True,0.0,0,0.8186454429548351,0.9409264768380787,False,False,False,False,-0.30652234677638523,-0.31996400307480843,False,False,False,False,-702460.0,-351137.410686587,False,False,False,False,28238.127966005883,False,False,False,False
2024-12-25 17:00:00+00:00,99.36,99.36,99.36,99.36,0.0,,,,,,,,,,,,,,,,,,,,,,112.01502560750853,113.53500281673705,"rgba(239, 83, 80, 1.0)",0.0,0.0,7.698685103595415,111.36494985575928,-1.5593506805665769,0.0,0.0,0.0,0.0,0.0,0.0,0.0,0.0,34.76272170246138,-20.174502105262512,False,True,False,True,True,0.0,0,0.8182384185847422,0.9428176741833176,False,False,False,False,-0.30049008969601154,-0.31022704638541,False,False,False,False,-702460.0,-356584.27253640734,False,False,False,False,27800.327532424395,False,False,False,False
2024-12-26 17:00:00+00:00,100.0,100.2,99.44,99.63,12491.0,,,,,,,,,,,,,,,,,,,,,,111.95050879877797,113.48014446181627,"rgba(239, 83, 80, 1.0)",0.0,0.0,7.754472762207457,111.3067038676403,-1.50580242212577,0.0,0.0,0.0,0.0,0.0,0.0,0.0,0.0,36.5484656336376,-18.34425171362604,False,True,False,True,True,0.0,0,0.8187369530015413,0.9394229080906019,False,False,False,False,-0.2896615143440505,-0.29994428036473025,False,False,False,False,-689969.0,-361753.02800095914,False,False,False,False,27562.97361719301,False,False,False,False
2024-12-27 17:00:00+00:00,98.59,98.64,97.85,98.43,36826.0,,,,,,,,,,,,,,,,,,,,,,111.74203689980864,113.30410083443313,"rgba(239, 83, 80, 1.0)",0.0,0.0,7.7773574248269535,111.11346892334137,-1.630819856993209,0.0,0.0,0.0,0.0,0.0,0.0,0.0,0.0,36.33011619179766,-18.34425171362604,False,True,False,True,True,0.0,0,0.8131341655792936,0.946072798800319,False,False,False,False,-0.32702982964109417,-0.3134870550029122,False,False,False,False,-726795.0,-367412.5934583086,False,False,False,False,27706.58642932955,False,False,False,False
2024-12-30 17:00:00+00:00,97.135,98.0,97.13,97.705,17330.0,,,,,,,,,,,,,,,,,,,,,,111.64115882135012,113.21888804548195,"rgba(239, 83, 80, 1.0)",0.0,0.0,7.793074339287094,111.01934546356621,-1.7084843392863363,0.0,0.0,0.0,0.0,0.0,0.0,0.0,0.0,35.385096896102866,-18.34425171362604,False,True,False,True,True,0.0,0,0.8057369900184125,0.9473398585134215,False,False,False,False,-0.34282825441539394,-0.32815765470915303,False,False,False,False,-744125.0,-373253.0958853116,False,False,False,False,27545.709120347696,False,False,False,False
2024-12-31 17:00:00+00:00,97.15,97.61,96.46,97.51,17568.0,,,,,,,,,,,,,,,,,,,,,,111.53734915962046,113.13115419996767,"rgba(239, 83, 80, 1.0)",0.0,0.0,7.811517739043072,110.92218171503488,-1.716975133782119,0.0,0.0,0.0,0.0,0.0,0.0,0.0,0.0,34.533817969469325,-18.34425171362604,False,True,False,True,True,0.0,0,0.8037188488542549,0.9487308078080392,False,False,False,False,-0.34282825441539394,-0.33549295456227346,False,False,False,False,-761693.0,-379275.4199801129,False,False,False,False,27391.015955691142,False,False,False,False
2025-01-01 17:00:00+00:00,97.51,97.51,97.51,97.51,0.0,,,,,,,,,,,,,,,,,,,,,,111.53734915962046,113.13115419996767,"rgba(239, 83, 80, 1.0)",0.0,0.0,7.814872024336283,110.92218171503488,-1.7162381768080166,0.0,0.0,0.0,0.0,0.0,0.0,0.0,0.0,33.966298685046965,-18.34425171362604,False,True,False,True,False,0.0,0,0.8102653496029439,0.9497578926980432,False,False,False,False,-0.3315593600109604,-0.33352615728661694,False,False,False,False,-761693.0,-385204.3747091034,False,False,False,False,26966.349041649417,False,False,False,False
2025-01-02 17:00:00+00:00,97.37,97.595,96.45,97.46,17055.0,,,,,,,,,,,,,,,,,,,,,,111.43781483307686,113.04676418238563,"rgba(239, 83, 80, 1.0)",0.0,0.0,7.842086445571537,110.82933806708523,-1.7048190121182565,0.0,0.0,0.0,0.0,0.0,0.0,0.0,0.0,33.51802017413074,-18.34425171362604,False,True,False,True,False,0.0,0,0.8074386399241823,0.9473724928920949,False,False,False,False,-0.34282825441539394,-0.3381772058510054,False,False,False,False,-778748.0,-391305.82626400096,False,False,False,False,26812.684715422296,False,False,False,False
2025-01-03 17:00:00+00:00,99.25,99.675,99.06,99.17,21773.0,,,,,,,,,,,,,,,,,,,,,,111.33143248275343,112.954618594069,"rgba(239, 83, 80, 1.0)",0.0,0.0,7.842088971787961,110.73459409074349,-1.4746828469234785,0.0,0.0,0.0,0.0,0.0,0.0,0.0,0.0,37.65138346362363,-16.119162456953553,False,False,False,True,True,0.0,0,0.8129471497807523,0.9441495499653816,False,False,False,False,-0.2879671582208907,-0.31307218203594805,False,False,False,False,-756975.0,-396975.11577928776,False,False,False,False,26734.55006867156,False,False,False,False
2025-01-06 17:00:00+00:00,99.42,99.44,97.63,97.655,29239.0,,,,,,,,,,,,,,,,,,,,,,111.17913862939443,112.82334466972796,"rgba(239, 83, 80, 1.0)",0.0,0.0,7.839768479988209,110.59632179991064,-1.650727548006635,0.0,0.0,0.0,0.0,0.0,0.0,0.0,0.0,37.89119736197121,-15.806943810669793,False,False,False,True,True,0.0,0,0.8083844973138908,0.9464121258633919,False,False,False,False,-0.3072354311712339,-0.310153806603591,False,False,False,False,-786214.0,-403009.8271625546,False,False,False,False,26773.378749777425,False,False,False,False
2025-01-07 17:00:00+00:00,97.76,98.1,97.255,97.425,34952.0,,,,,,,,,,,,,,,,,,,,,,110.99278111233427,112.66262061464425,"rgba(239, 83, 80, 1.0)",0.0,0.0,7.7717402714478006,110.42590981354456,-1.6728440940451839,0.0,0.0,0.0,0.0,0.0,0.0,0.0,0.0,37.70182781978424,-15.806943810669793,False,False,False,True,True,0.0,0,0.7971014492753622,0.9553173004778263,False,False,False,False,-0.3273165223388669,-0.31873516447122896,False,False,False,False,-821166.0,-409492.8686018948,False,False,False,False,26900.179079238238,False,False,False,False
2025-01-08 17:00:00+00:00,97.54,97.54,96.95,97.335,37320.0,,,,,,,,,,,,,,,,,,,,,,110.79476511428666,112.49116353389896,"rgba(239, 83, 80, 1.0)",0.0,0.0,7.693471086600438,110.24481876808959,-1.6780226535944696,0.0,0.0,0.0,0.0,0.0,0.0,0.0,0.0,37.42781183563483,-15.806943810669793,False,False,False,True,True,0.0,0,0.789589281792225,0.9677335622866039,False,False,False,False,-0.337541507538569,-0.32813833600489895,False,False,False,False,-858486.0,-416454.0024220205,False,False,False,False,27061.726690412837,False,False,False,False
2025-01-09 17:00:00+00:00,97.335,97.335,97.335,97.335,0.0,,,,,,,,,,,,,,,,,,,,,,110.79476511428666,112.49116353389896,"rgba(239, 83, 80, 1.0)",0.0,0.0,7.663312430953789,110.24481876808959,-1.6846264437743688,0.0,0.0,0.0,0.0,0.0,0.0,0.0,0.0,37.245134512868546,-15.793881023335423,False,False,False,True,True,0.0,0,0.7892433398245368,0.9657103852562686,False,False,False,False,-0.33540821724554554,-0.33177327662522227,False,False,False,False,-858486.0,-423307.21168679534,False,False,False,False,26642.16503629791,False,False,False,False
2025-01-10 17:00:00+00:00,95.195,95.54,94.59,94.97,34048.0,,,,,,,,,,,,,,,,,,,,,,110.58989435436347,112.31547977818606,"rgba(239, 83, 80, 1.0)",0.0,0.0,7.686237368952914,108.87745373497955,-1.8093968566669636,0.0,0.0,0.0,0.0,0.0,0.0,0.0,0.0,33.64231631122969,-13.245116373217385,False,True,False,True,False,0.0,0,0.7835874511056118,0.9701844016923443,False,False,False,False,-0.34282825441539394,-0.3373007655203081,False,False,False,False,-892534.0,-430582.04561413184,False,False,False,False,26756.98418302197,False,False,False,False
2025-01-13 17:00:00+00:00,95.73,97.79,95.73,97.725,45075.0,,,,,,,,,,,,,,,,,,,,,,110.36137810932951,112.11519570645753,"rgba(239, 83, 80, 1.0)",0.0,0.0,7.681462055253709,108.75370620180021,-1.435756125913188,0.0,0.0,0.0,0.0,0.0,0.0,0.0,0.0,37.87720935664034,-15.581417709614861,False,False,False,True,True,0.0,0,0.785998567221205,0.963304943086842,False,False,False,False,-0.3047575332361405,-0.3210291493782243,False,False,False,False,-847459.0,-437045.2542092616,False,False,False,False,27040.984428246433,False,False,False,False
2025-01-14 17:00:00+00:00,97.52,98.215,97.52,97.8,19399.0,,,,,,,,,,,,,,,,,,,,,,110.27091103318159,112.03490580796729,"rgba(239, 83, 80, 1.0)",0.0,0.0,7.697023395062553,108.69758629525161,-1.4158182632317502,0.0,0.0,0.0,0.0,0.0,0.0,0.0,0.0,40.84749825651611,-12.991290857525918,True,False,False,True,True,0.0,0,0.7949978923703808,0.9609586703868,False,False,False,False,-0.27621188100715566,-0.29862051519268995,False,False,False,False,-828060.0,-443107.4983300482,False,False,False,False,26922.50404951393,False,False,False,False
2025-01-15 17:00:00+00:00,98.17,98.985,98.17,98.5,18931.0,,,,,,,,,,,,,,,,,,,,,,110.18882804666798,111.9612780823671,"rgba(239, 83, 80, 1.0)",0.0,0.0,7.703676449451513,108.64997578284189,-1.317549594591885,0.0,0.0,0.0,0.0,0.0,0.0,0.0,0.0,44.23711921926186,-10.030384137076638,True,False,False,True,True,0.0,0,0.8018588334912601,0.9456664180157655,False,False,False,False,-0.2597285431118238,-0.2791745291522569,False,False,False,False,-809129.0,-448782.2502939235,False,False,False,False,26798.604761924566,False,False,False,False
2025-01-16 17:00:00+00:00,99.12,100.36,98.67,100.11,21510.0,,,,,,,,,,,,,,,,,,,,,,110.10611912281398,111.88575304975035,"rgba(38, 166, 154, 1.0)",0.0,0.0,7.694932790977035,108.61138695142226,-1.1048032753958377,0.0,0.0,0.0,0.0,0.0,0.0,0.0,0.0,49.28144889591028,-5.594164408909251,True,False,False,False,True,0.0,0,0.8000281197903066,0.9413903227750212,False,False,False,False,-0.23543325936619952,-0.25730389425922817,False,False,False,False,-787619.0,-454035.53323510295,False,False,False,False,26716.610889646665,False,False,False,False
2025-01-17 17:00:00+00:00,102.17,102.74,101.705,101.87,17380.0,,,,,,,,,,,,,,,,,,,,,,110.0553994852881,111.83726319202991,"rgba(38, 166, 154, 1.0)",0.0,0.0,7.66803955588562,108.60813764199904,-0.8787301621086657,0.0,0.0,0.0,0.0,0.0,0.0,0.0,0.0,54.99236721193985,-0.6485037593177267,True,False,True,False,True,0.0,0,0.8115510749423052,0.9348556621725572,False,False,False,False,-0.17274963643204214,-0.21502676534563514,False,False,False,False,-770239.0,-458937.9125647913,False,False,False,False,26571.85723244284,False,False,False,False
2025-01-20 17:00:00+00:00,101.87,101.87,101.87,101.87,0.0,,,,,,,,,,,,,,,,,,,,,,110.0553994852881,111.83726319202991,"rgba(38, 166, 154, 1.0)",0.0,0.0,7.654802315310457,108.60813764199904,-0.8802497261780368,0.0,0.0,0.0,0.0,0.0,0.0,0.0,0.0,58.7996460892929,2.51391716262998,True,False,True,False,True,0.0,0,0.818279792746114,0.9331398963730566,False,False,False,False,-0.18082495389436462,-0.19792585961999987,False,False,False,False,-770239.0,-463764.28601339913,False,False,False,False,26159.890453645276,False,False,False,False
2025-01-21 17:00:00+00:00,102.685,103.325,102.44,102.805,25383.0,,,,,,,,,,,,,,,,,,,,,,109.98936475262465,111.77270612731118,"rgba(38, 166, 154, 1.0)",0.0,0.0,7.628094608770669,107.95794975779268,-0.6755225285050718,0.0,0.0,0.0,0.0,0.0,0.0,0.0,0.0,62.50661084464878,5.688905508057367,True,False,True,False,True,0.0,0,0.8214678937200073,0.9242370733531375,False,False,False,False,-0.15768883178474172,-0.17780734570237078,False,False,False,False,-744856.0,-468122.2970829588,False,False,False,False,26147.845640410465,False,False,False,False
2025-01-22 17:00:00+00:00,101.05,101.24,100.56,100.675,11049.0,,,,,,,,,,,,,,,,,,,,,,109.95291722398997,111.73855658253491,"rgba(38, 166, 154, 1.0)",0.0,0.0,7.609445929918688,107.90144431414441,-0.9496676079570534,0.0,0.0,0.0,0.0,0.0,0.0,0.0,0.0,60.05827266040273,5.688905508057367,True,False,True,False,True,0.0,0,0.8110461474211734,0.9325746502401333,False,False,False,False,-0.20317070979756124,-0.190489027749966,False,False,False,False,-755905.0,-472584.04441500595,False,False,False,False,25913.755010326582,False,False,False,False
2025-01-23 17:00:00+00:00,99.43,100.39,99.35,100.34,49131.0,,,,,,,,,,,,,,,,,,,,,,109.78042468037425,111.5783284093063,"rgba(38, 166, 154, 1.0)",0.0,0.0,7.580418718972627,107.71128920863707,-0.9724118788039845,0.0,0.0,0.0,0.0,0.0,0.0,0.0,0.0,57.7640452038239,5.688905508057367,True,False,True,False,False,0.0,0,0.8100023027486446,0.9324666624798507,False,False,False,False,-0.2271203819806919,-0.20880470486532896,False,False,False,False,-805036.0,-477738.3383000446,False,False,False,False,26273.712296988186,False,False,False,False
2025-01-24 17:00:00+00:00,101.7,102.16,101.17,101.605,36074.0,,,,,,,,,,,,,,,,,,,,,,109.67793082788957,111.4795403027994,"rgba(38, 166, 154, 1.0)",0.0,0.0,7.486937686325063,107.67518680720997,-0.8107703124465958,0.0,0.0,0.0,0.0,0.0,0.0,0.0,0.0,58.30509987998898,5.688905508057367,True,False,True,False,False,0.0,0,0.8126190227058702,0.9342052945484982,False,False,False,False,-0.18553192361743925,-0.1971683142413841,False,False,False,False,-768962.0,-482253.4338302764,False,False,False,False,26425.65474199612,False,False,False,False
2025-01-27 17:00:00+00:00,102.445,102.445,101.68,102.13,66076.0,,,,,,,,,,,,,,,,,,,,,,109.50666590144672,111.3114685168579,"rgba(38, 166, 154, 1.0)",0.0,0.0,7.325985612748204,107.61380129635069,-0.7485410955227835,0.0,0.0,0.0,0.0,0.0,0.0,0.0,0.0,59.455383488714446,5.688905508057367,True,False,True,False,False,0.0,0,0.8145019953968622,0.936062839164678,False,False,False,False,-0.17641220276994676,-0.18679025850566544,False,False,False,False,-702886.0,-485674.09377089224,False,False,False,False,27040.38877700393,False,False,False,False
2025-01-28 17:00:00+00:00,97.805,97.945,96.06,97.12,70454.0,,,,,,,,,,,,,,,,,,,,,,109.21391930328673,111.04435696222845,"rgba(239, 83, 80, 1.0)",0.0,0.0,7.180489978638554,107.27370430944211,-1.4140684465334055,0.0,0.0,0.0,0.0,0.0,0.0,0.0,0.0,52.29576807711161,9.43625842614263,True,False,False,False,False,0.0,0,0.8148976180526535,0.9264103635603842,False,False,False,False,-0.29526492654326936,-0.2410275925244674,False,False,False,False,-773340.0,-490134.0303015761,False,False,False,False,27713.46802077131,False,False,False,False
2025-01-29 17:00:00+00:00,97.0,97.22,95.48,95.78,40833.0,,,,,,,,,,,,,,,,,,,,,,109.03862224057308,110.88461307166901,"rgba(239, 83, 80, 1.0)",0.0,0.0,6.993854917254063,107.0785858504675,-1.6155018918956314,0.0,0.0,0.0,0.0,0.0,0.0,0.0,0.0,46.20829750080922,3.846732571967948,True,False,False,True,False,0.0,0,0.8214532871972318,0.9271259305861377,False,False,False,False,-0.31112880067482973,-0.27607819659964855,False,False,False,False,-814173.0,-495157.89029690047,False,False,False,False,27916.871617348497,False,False,False,False
2025-01-30 17:00:00+00:00,97.285,97.625,95.045,95.88,42553.0,,,,,,,,,,,,,,,,,,,,,,108.86120373448499,110.72200659055291,"rgba(239, 83, 80, 1.0)",0.0,0.0,6.82559156595385,106.89241474749238,-1.613400778684513,0.0,0.0,0.0,0.0,0.0,0.0,0.0,0.0,42.34000966345119,0.3784207376611022,False,False,False,True,False,0.0,0,0.822836041975257,0.9256044896000664,False,False,False,False,-0.3114952494982511,-0.2937867230489498,False,False,False,False,-771620.0,-499444.1245558632,False,False,False,False,28143.788336459373,False,False,False,False
2025-01-31 17:00:00+00:00,97.255,98.01,96.19,97.72,40092.0,,,,,,,,,,,,,,,,,,,,,,108.71288827548507,110.58364690787508,"rgba(239, 83, 80, 1.0)",0.0,0.0,6.586925898534746,106.7554972811487,-1.3717320371189605,0.0,0.0,0.0,0.0,0.0,0.0,0.0,0.0,43.06896674311433,0.3784207376611022,False,False,False,True,False,0.0,0,0.8234226247018345,0.9345829903109363,False,False,False,False,-0.29290699451392965,-0.29334685878143973,False,False,False,False,-731528.0,-503042.3241751521,False,False,False,False,28329.031928142173,False,False,False,False
2025-02-03 17:00:00+00:00,95.925,96.21,94.525,94.645,27143.0,,,,,,,,,,,,,,,,,,,,,,108.59583735013565,110.47646764895651,"rgba(239, 83, 80, 1.0)",0.0,0.0,6.449274931660068,106.63275074441239,-1.8587749586489875,0.0,0.0,0.0,0.0,0.0,0.0,0.0,0.0,40.2604562572798,-1.7300678117741484,False,False,False,True,False,0.0,0,0.818901293712935,0.927653377793723,False,False,False,False,-0.3353081620758527,-0.3143275104286462,False,False,False,False,-758671.0,-507005.5594592583,False,False,False,False,28310.64383623299,False,False,False,False
2025-02-04 17:00:00+00:00,94.59,94.81,94.09,94.47,17425.0,,,,,,,,,,,,,,,,,,,,,,108.5180659998613,110.40547241305525,"rgba(239, 83, 80, 1.0)",0.0,0.0,6.3471836877280055,105.48094841811499,-1.73477702235153,0.0,0.0,0.0,0.0,0.0,0.0,0.0,0.0,38.22630687281283,-3.9043998871695607,False,True,False,True,False,0.0,0,0.8161291687828,0.9312679871339085,True,False,False,False,-0.34282825441539394,-0.3285778824220201,False,False,False,False,-776096.0,-511177.5042738434,False,False,False,False,28141.87416435341,True,False,False,False
2025-02-05 17:00:00+00:00,95.815,97.33,95.75,97.04,34971.0,,,,,,,,,,,,,,,,,,,,,,108.38910321659372,110.2847064824233,"rgba(239, 83, 80, 1.0)",0.0,0.0,6.120287098753274,105.46441666218959,-1.376474097743825,0.0,0.0,0.0,0.0,0.0,0.0,0.0,0.0,40.995911378288945,-3.9043998871695607,False,False,False,True,False,0.0,0,0.815681255507532,0.9252444295245683,False,False,False,False,-0.2926018283440122,-0.31058985538301614,False,False,False,False,-741125.0,-514742.5817269621,False,False,False,False,28247.752084285916,False,False,False,False
2025-02-06 17:00:00+00:00,96.89,96.96,96.06,96.575,30614.0,,,,,,,,,,,,,,,,,,,,,,108.2768407629937,110.17938094746117,"rgba(239, 83, 80, 1.0)",0.0,0.0,5.991806340012226,105.38173283140281,-1.4697959733099188,0.0,0.0,0.0,0.0,0.0,0.0,0.0,0.0,42.27065073734421,-3.9043998871695607,False,False,False,True,True,0.0,0,0.8216730038022813,0.9251795521757493,False,False,False,False,-0.29331217894502715,-0.3019510171640216,False,False,False,False,-771739.0,-518727.02232034254,False,False,False,False,28284.43809848303,False,False,False,False
2025-02-07 17:00:00+00:00,95.38,96.285,95.38,95.95,16425.0,,,,,,,,,,,,,,,,,,,,,,108.2141459763547,110.12083326108429,"rgba(239, 83, 80, 1.0)",0.0,0.0,5.9479370653469195,105.32306384426506,-1.5758512138390235,0.0,0.0,0.0,0.0,0.0,0.0,0.0,0.0,42.33186918182243,-3.9043998871695607,False,False,False,True,True,0.0,0,0.8151524811390924,0.9315906917437036,False,False,False,False,-0.30943266533540453,-0.30569184124971305,False,False,False,False,-788164.0,-522904.33980374807,False,False,False,False,28100.57084114221,False,False,False,False
2025-02-10 17:00:00+00:00,94.96,96.11,94.77,95.5,28807.0,,,,,,,,,,,,,,,,,,,,,,108.10208870249039,110.01636483174657,"rgba(239, 83, 80, 1.0)",0.0,0.0,5.910338782380992,105.21293618012835,-1.6433806145060734,0.0,0.0,0.0,0.0,0.0,0.0,0.0,0.0,41.79243549427083,-3.9043998871695607,False,False,False,True,True,0.0,0,0.8130138295838378,0.9343147876702138,False,False,False,False,-0.31884315806749824,-0.3122674996586057,False,False,False,False,-816971.0,-527463.5128300465,False,False,False,False,28111.52323120202,False,False,False,False
2025-02-11 17:00:00+00:00,95.18,95.4,94.84,94.955,32460.0,,,,,,,,,,,,,,,,,,,,,,107.97428561031015,109.89727228486596,"rgba(239, 83, 80, 1.0)",0.0,0.0,5.894074446134083,105.08554970455508,-1.7187685356094706,0.0,0.0,0.0,0.0,0.0,0.0,0.0,0.0,40.71475881960333,-3.9043998871695607,False,False,False,True,True,0.0,0,0.8112411073969314,0.9459158309762573,False,False,False,False,-0.3265559729105507,-0.3194117362845782,False,False,False,False,-849431.0,-532455.2568171775,False,False,False,False,28178.94147567951,False,False,False,False
2025-02-12 17:00:00+00:00,94.225,95.3,94.12,95.18,38851.0,,,,,,,,,,,,,,,,,,,,,,107.82227557601549,109.75532956353392,"rgba(239, 83, 80, 1.0)",0.0,0.0,5.824061075779387,104.93724698446364,-1.6753339049003537,0.0,0.0,0.0,0.0,0.0,0.0,0.0,0.0,40.48751933232387,-4.033663652958168,False,False,False,True,True,0.0,0,0.8121412046953987,0.9429354811070169,False,False,False,False,-0.3364932955077092,-0.3279525158961437,False,False,False,False,-810580.0,-536767.2683393918,False,False,False,False,28344.3997473744,False,False,False,False
2025-02-13 17:00:00+00:00,95.1,95.85,95.09,95.77,100709.0,,,,,,,,,,,,,,,,,,,,,,107.46469985802234,109.4163770314413,"rgba(239, 83, 80, 1.0)",0.0,0.0,5.7792594759263185,104.63475296415321,-1.5338908040172985,0.0,0.0,0.0,0.0,0.0,0.0,0.0,0.0,41.65688761573075,-4.033663652958168,False,False,False,True,True,0.0,0,0.8137519838716595,0.9440869900913648,False,False,False,False,-0.31812197247652263,-0.3230372441863332,False,False,False,False,-709871.0,-539451.0471248275,False,False,False,False,29466.33153423681,False,False,False,False
2025-02-14 17:00:00+00:00,95.73,95.75,94.83,94.84,30371.0,,,,,,,,,,,,,,,,,,,,,,107.35717402118284,109.31423840951699,"rgba(239, 83, 80, 1.0)",0.0,0.0,5.753773754190235,104.54077723129402,-1.6859851717717154,0.0,0.0,0.0,0.0,0.0,0.0,0.0,0.0,40.898257479397415,-4.4712265139622005,False,False,False,True,True,0.0,1,0.8154255205094666,0.9441645045779097,False,False,False,False,-0.3224539205097227,-0.32274558234802797,False,False,False,False,-740242.0,-542564.0851539,False,False,False,False,29480.357401923062,False,False,False,False
2025-02-17 17:00:00+00:00,94.84,94.84,94.84,94.84,0.0,,,,,,,,,,,,,,,,,,,,,,107.35717402118284,109.31423840951699,"rgba(239, 83, 80, 1.0)",0.0,0.0,5.670922976500324,104.54077723129402,-1.7106169968262586,0.0,0.0,0.0,0.0,0.0,0.0,0.0,0.0,40.392504055175195,-5.3725333447485895,False,False,False,True,True,0.0,0,0.8155811093611788,0.9506375266984525,False,False,False,False,-0.3333355800075342,-0.3280405811777811,False,False,False,False,-740242.0,-545628.8590274829,False,False,False,False,29023.297597242083,False,False,False,False
2025-02-18 17:00:00+00:00,95.02,96.0,94.78,95.7,63752.0,,,,,,,,,,,,,,,,,,,,,,107.14381303549332,109.10974960917592,"rgba(239, 83, 80, 1.0)",0.0,0.0,5.539857789178177,104.36470551875844,-1.5640664162326494,0.0,0.0,0.0,0.0,0.0,0.0,0.0,0.0,42.264607537469736,-5.3725333447485895,False,False,False,True,True,0.0,0,0.8077424683736902,0.9546363517802018,False,False,False,False,-0.3200458478824491,-0.3240432145301151,False,False,False,False,-676490.0,-547657.7139262817,False,False,False,False,29561.727091858484,False,False,False,False
2025-02-19 17:00:00+00:00,95.08,95.78,94.82,95.24,47613.0,,,,,,,,,,,,,,,,,,,,,,106.98657725852517,108.9586002076917,"rgba(239, 83, 80, 1.0)",0.0,0.0,5.427795558199971,104.23346864558106,-1.6569284065967251,0.0,0.0,0.0,0.0,0.0,0.0,0.0,0.0,42.56595785704687,-5.3725333447485895,False,False,False,True,True,0.0,0,0.7985406577995923,0.9613471525297451,False,False,False,False,-0.32221295091175073,-0.3231280827209329,False,False,False,False,-724103.0,-550393.2997568819,False,False,False,False,29841.591788108737,False,False,False,False
2025-02-20 17:00:00+00:00,95.03,96.1,95.03,95.525,70271.0,,,,,,,,,,,,,,,,,,,,,,106.76719703222183,108.74577515341655,"rgba(239, 83, 80, 1.0)",0.0,0.0,5.272377982901854,104.05796377009872,-1.6184279271650923,0.0,0.0,0.0,0.0,0.0,0.0,0.0,0.0,43.548327188928646,-5.3725333447485895,False,False,False,True,True,0.0,0,0.7954560392612229,0.9641566067085856,False,False,False,False,-0.31584032493385766,-0.3194842038273953,False,False,False,False,-653832.0,-551997.0005358449,False,False,False,False,30468.404318525656,False,False,False,False
2025-02-21 17:00:00+00:00,95.045,96.06,94.9,95.54,112751.0,,,,,,,,,,,,,,,,,,,,,,106.43071825607454,108.41677828079683,"rgba(239, 83, 80, 1.0)",0.0,0.0,5.089933029346926,103.79068355405067,-1.6209807686034108,0.0,0.0,0.0,0.0,0.0,0.0,0.0,0.0,44.2474944009697,-5.3725333447485895,False,False,False,True,True,0.0,0,0.7997235447703885,0.9615595585492678,False,False,False,False,-0.31788164844817296,-0.31868292613778415,False,False,False,False,-541081.0,-551827.7602174598,False,False,False,False,31744.103476377968,False,False,False,False
2025-02-24 17:00:00+00:00,96.69,97.53,96.66,97.18,53802.0,,,,,,,,,,,,,,,,,,,,,,106.29994998134576,108.28449594817589,"rgba(239, 83, 80, 1.0)",0.0,0.0,4.956886281083829,103.70763820593116,-1.3168827840254342,0.0,0.0,0.0,0.0,0.0,0.0,0.0,0.0,48.89150093659757,-4.575470049770566,True,False,False,False,True,0.0,0,0.8092160042070203,0.9534598361014938,False,False,False,False,-0.2795111870303735,-0.2990970565840788,False,False,False,False,-487279.0,-550827.004245096,False,False,False,False,32086.086368217068,False,False,False,False
2025-02-25 17:00:00+00:00,100.72,101.52,100.66,100.99,52109.0,,,,,,,,,,,,,,,,,,,,,,106.22955812741999,108.20341880373158,"rgba(38, 166, 154, 1.0)",0.0,0.0,4.876493720800063,103.71391108448813,-0.5585798404434811,0.0,0.0,0.0,0.0,0.0,0.0,0.0,0.0,57.22958083018439,2.942862676121692,True,False,True,False,True,0.0,0,0.8199956578376032,0.9458532349109853,False,False,False,False,-0.1877071354814626,-0.2434020960327707,False,False,False,False,-435170.0,-549033.8723963348,False,False,False,False,32396.519137702075,False,False,False,False
2025-02-26 17:00:00+00:00,99.92,99.92,98.95,99.07,24412.0,,,,,,,,,,,,,,,,,,,,,,106.18633104736583,108.15694472056843,"rgba(38, 166, 154, 1.0)",0.0,0.0,4.778896252000117,103.69789318113718,-0.9684021031425958,0.0,0.0,0.0,0.0,0.0,0.0,0.0,0.0,58.45924895146126,3.696394524108868,True,False,True,False,True,0.0,0,0.8108922916757038,0.9545178501713437,False,False,False,False,-0.2252761963550495,-0.2343391461939101,False,False,False,False,-459582.0,-547647.0216615079,False,False,False,False,32272.728143319095,False,False,False,False
2025-02-27 17:00:00+00:00,100.9,101.78,100.67,100.94,30087.0,,,,,,,,,,,,,,,,,,,,,,106.14767964507979,108.11196074630698,"rgba(38, 166, 154, 1.0)",0.0,0.0,4.6922140493244795,103.6997653497026,-0.5881584515736058,0.0,0.0,0.0,0.0,0.0,0.0,0.0,0.0,61.38233908868265,6.212962609796811,True,False,True,False,True,0.0,0,0.8059723889555822,0.9465143200137193,False,False,False,False,-0.18466693025745654,-0.20950303822568334,False,False,False,False,-429495.0,-545815.2073721822,False,False,False,False,32238.840885283138,False,False,False,False
2025-02-28 17:00:00+00:00,101.2,102.54,100.22,102.24,34273.0,,,,,,,,,,,,,,,,,,,,,,106.10899720519194,108.06529999325468,"rgba(38, 166, 154, 1.0)",0.0,0.0,4.658275917387876,103.70774995673534,-0.31508437515620286,0.0,0.0,0.0,0.0,0.0,0.0,0.0,0.0,64.55579524658347,9.015674098081575,True,False,True,False,True,0.0,0,0.8092988456605384,0.9434159897392042,False,False,False,False,-0.1811804784519994,-0.19534175833884138,False,False,False,False,-395222.0,-543480.4289633111,False,False,False,False,32270.3782358989,False,False,False,False
2025-03-03 17:00:00+00:00,102.12,102.37,100.9,101.525,31408.0,,,,,,,,,,,,,,,,,,,,,,106.07359387277556,108.02267875616137,"rgba(38, 166, 154, 1.0)",0.0,0.0,4.625619479330404,103.71282123909286,-0.47297907855783244,0.0,0.0,0.0,0.0,0.0,0.0,0.0,0.0,65.13825128819406,9.524212792916899,True,False,True,False,True,0.0,0,0.8174956164735062,0.9413248941538718,False,False,False,False,-0.17545412815801834,-0.18539794324842984,False,False,False,False,-426630.0,-541668.7944057403,False,False,False,False,32257.008030691162,False,False,False,False
2025-03-04 17:00:00+00:00,100.34,101.69,100.24,100.51,23015.0,,,,,,,,,,,,,,,,,,,,,,106.04351296214668,107.98802904546261,"rgba(38, 166, 154, 1.0)",0.0,0.0,4.59994000940049,103.70887156083168,-0.6954159302717918,0.0,0.0,0.0,0.0,0.0,0.0,0.0,0.0,63.451807307597996,9.524212792916899,True,False,True,False,True,0.0,0,0.81345735375688,0.9439774715193918,False,False,False,False,-0.19052520045321542,-0.18796157185082263,False,False,False,False,-449645.0,-540242.0689110777,False,False,False,False,32113.721084478893,False,False,False,False
2025-03-05 17:00:00+00:00,99.885,102.33,99.82,102.295,18996.0,,,,,,,,,,,,,,,,,,,,,,106.0220825491797,107.96232071943595,"rgba(38, 166, 154, 1.0)",0.0,0.0,4.58193390461927,103.71010755383092,-0.308845038642806,0.0,0.0,0.0,0.0,0.0,0.0,0.0,0.0,64.4118729570423,9.524212792916899,True,False,True,False,True,0.0,0,0.8161911645903311,0.9376674178323903,False,False,False,False,-0.18804514687602614,-0.18800335936342438,False,False,False,False,-430649.0,-538542.9515636191,False,False,False,False,31910.3455637893,False,False,False,False
2025-03-06 17:00:00+00:00,99.51,100.58,99.02,99.7,27357.0,,,,,,,,,,,,,,,,,,,,,,105.98004628720986,107.91594814797348,"rgba(38, 166, 154, 1.0)",0.0,0.0,4.533703018841917,103.6937662683379,-0.8809060169446333,0.0,0.0,0.0,0.0,0.0,0.0,0.0,0.0,60.54277379310787,9.524212792916899,True,False,True,False,False,0.0,0,0.8027267137374636,0.9418612047579665,False,False,False,False,-0.2169402227557872,-0.20247179105960578,False,False,False,False,-458006.0,-537294.316655656,False,False,False,False,31839.751058924347,False,False,False,False
2025-03-07 17:00:00+00:00,101.04,103.13,100.73,102.55,25622.0,,,,,,,,,,,,,,,,,,,,,,105.95600814240952,107.88548319123721,"rgba(38, 166, 154, 1.0)",0.0,0.0,4.442611337433055,103.70064802733467,-0.2590026315467681,0.0,0.0,0.0,0.0,0.0,0.0,0.0,0.0,61.12955877718386,9.524212792916899,True,False,True,False,False,0.0,0,0.8068409191432003,0.9360138166347224,False,False,False,False,-0.1688436823958791,-0.18565773672774244,False,False,False,True,-432384.0,-535667.8001183589,False,False,False,False,31743.351817700714,False,False,False,True
2025-03-10 17:00:00+00:00,105.16,105.16,101.69,102.19,39867.0,,,,,,,,,,,,,,,,,,,,,103.0133333333333,105.9276469504858,107.84584623748093,"rgba(38, 166, 154, 1.0)",0.0,0.0,4.222924909678832,103.37663362588725,-0.28099804075784557,-1.0,105.16,101.69,0.0,0.0,0.0,0.0,0.0,60.94330491150361,9.524212792916899,True,False,True,False,False,0.0,0,0.812396780599979,0.9307201839657149,False,False,False,False,-0.13555472898371015,-0.16060623285572628,False,False,False,False,-472251.0,-534684.5939149734,False,False,False,False,31869.299851534808,False,False,False,False
2025-03-11 17:00:00+00:00,99.11,100.28,98.82,99.23,20188.0,,,,,,,,,,,,,,,,,,,,,101.81324741209446,105.89615413043573,107.81137291849357,"rgba(38, 166, 154, 1.0)",0.0,0.0,3.99173566304142,103.28840044290581,-1.0167007000191974,0.0,0.0,0.0,0.0,0.0,0.0,0.0,0.0,56.68863964623561,11.907870703178546,True,False,True,False,False,0.0,0,0.7988655016934361,0.9482203337004171,False,False,False,False,-0.22264652228327161,-0.19162637756949896,False,False,False,False,-492439.0,-534029.6234666792,False,False,False,False,31688.194427480004,False,False,False,False
2025-03-12 17:00:00+00:00,97.94,98.92,97.785,98.505,31815.0,,,,,,,,,,,,,,,,,,,,,100.63237861470917,105.83924000042654,107.75093455199433,"rgba(38, 166, 154, 1.0)",0.0,0.0,3.7920536379099197,103.18251396595697,-1.2335041675557887,0.0,0.0,0.0,0.0,0.0,0.0,0.0,0.0,52.99519448062065,8.404278666685748,False,False,False,False,False,0.0,0,0.7893953059127043,0.9649097048891494,False,False,False,False,-0.25018560617481367,-0.22090599187215632,False,False,False,False,-524254.0,-533878.0634129322,False,False,False,False,31690.16040534853,False,False,False,False
2025-03-13 17:00:00+00:00,97.78,97.78,96.53,96.65,20524.0,,,,,,,,,,,,,,,,,,,,,99.96664385999252,105.79607303909,107.70650907890963,"rgba(239, 83, 80, 1.0)",0.0,0.0,3.5869858924709734,103.1106280365325,-1.8011300379221602,0.0,0.0,0.0,0.0,0.0,0.0,0.0,0.0,48.50863475330733,4.271517547299339,False,True,False,True,False,0.0,0,0.7780055645043198,0.9656716105683739,False,False,False,False,-0.278101632919029,-0.24950381239559266,False,False,False,False,-544778.0,-534047.0546778479,False,False,False,False,31517.041639374133,False,False,False,False
2025-03-14 17:00:00+00:00,98.455,99.35,98.455,99.31,13264.0,,,,,,,,,,,,,,,,,,,,,99.86865478786335,105.77484404300208,107.68345058385601,"rgba(239, 83, 80, 1.0)",0.0,0.0,3.352173495530487,103.09421106735007,-1.128882819578291,0.0,0.0,0.0,0.0,0.0,0.0,0.0,0.0,49.08135765388208,4.271517547299339,False,True,False,False,False,0.0,0,0.782758189547387,0.9557597732766521,False,False,False,False,-0.2374933829187809,-0.2434985976571868,False,False,False,False,-531514.0,-534007.7825122998,False,False,False,False,31234.048745740423,False,False,False,False
2025-03-17 17:00:00+00:00,100.415,100.73,99.5,99.515,23450.0,,,,,,,,,,,,,,,,,,,,,99.87594343250082,105.74247893626332,107.6470868635074,"rgba(239, 83, 80, 1.0)",0.0,0.0,3.1203420608275416,103.08332847100823,-1.1435696476372457,0.0,0.0,0.0,0.0,0.0,0.0,0.0,0.0,49.71368074828688,4.271517547299339,False,True,False,False,False,0.0,0,0.7849289297658864,0.952654682274247,False,False,False,False,-0.20976999132075697,-0.22663429448897188,False,False,False,False,-508064.0,-533605.5533260626,False,False,False,False,31113.36581944987,False,False,False,False
2025-03-18 17:00:00+00:00,97.93,98.545,97.88,98.41,28876.0,,,,,,,,,,,,,,,,,,,,,99.61674828448997,105.69205676389443,107.59339434302184,"rgba(239, 83, 80, 1.0)",0.0,0.0,2.9438202152054567,103.03768415975836,-1.5719995860669032,0.0,0.0,0.0,0.0,0.0,0.0,0.0,0.0,48.709869731593415,4.177086639536732,False,True,False,False,False,0.0,0,0.7895937545783713,0.9512128759496846,False,False,False,False,-0.25342884819941874,-0.2400315713441953,False,False,False,False,-536940.0,-533657.2501737205,False,False,False,False,31078.677977287854,False,False,False,False
2025-03-19 17:00:00+00:00,97.35,98.29,97.025,97.645,38399.0,,,,,,,,,,,,,,,,,,,,,99.26832363602192,105.62048733634747,107.51821358903051,"rgba(239, 83, 80, 1.0)",0.0,0.0,2.8648373725508356,102.96958268400462,-1.8585985839969845,0.0,0.0,0.0,0.0,0.0,0.0,0.0,0.0,47.08601218964751,2.3602965284128814,False,True,False,True,False,0.0,0,0.7900302114803626,0.9465214837193685,False,False,False,False,-0.2663382298879724,-0.25318490061608384,False,False,False,False,-575339.0,-534303.4788531978,False,False,False,False,31192.171341981062,False,False,False,False
2025-03-20 17:00:00+00:00,97.2,97.56,96.87,96.95,15974.0,,,,,,,,,,,,,,,,,,,,,99.12108973117516,105.58914496945464,107.48562036779055,"rgba(239, 83, 80, 1.0)",0.0,0.0,2.7700660755757838,102.93868358908536,-2.1619280644201067,0.0,0.0,0.0,0.0,0.0,0.0,0.0,0.0,45.141583839135805,0.27586279512784984,False,True,False,True,False,0.0,0,0.7847906986523139,0.9529676429157116,False,False,False,False,-0.2766931554391075,-0.26493902802759567,False,False,False,False,-591313.0,-535187.3473981095,False,False,False,False,30956.230701020115,False,False,False,False
2025-03-21 17:00:00+00:00,96.98,97.06,95.98,96.26,25667.0,,,,,,,,,,,,,,,,,,,,,98.85372451141497,105.53517904728923,107.43019897560211,"rgba(239, 83, 80, 1.0)",0.0,0.0,2.7209875409841406,102.88189413809326,-2.4336363317923215,0.0,0.0,0.0,0.0,0.0,0.0,0.0,0.0,42.99544366079638,-1.9506379685922468,False,True,False,True,False,0.0,0,0.7770098371777479,0.9595488466757122,False,False,False,False,-0.29245365254045436,-0.278696340284025,False,False,False,False,-616980.0,-536455.4505392241,False,False,False,False,30874.227124260113,False,False,False,False
2025-03-24 17:00:00+00:00,97.34,97.75,96.89,97.585,13448.0,,,,,,,,,,,,,,,,,,,,,98.78212368126363,105.5101589936316,107.40393763328055,"rgba(239, 83, 80, 1.0)",0.0,0.0,2.558751191040336,102.86075229816004,-2.0618465432018147,0.0,0.0,0.0,0.0,0.0,0.0,0.0,0.0,43.97138255891126,-1.9506379685922468,False,True,False,True,False,0.0,0,0.7809560132214595,0.9533858801593353,False,False,False,False,-0.268727614588325,-0.27371197743617504,False,False,False,False,-603532.0,-537495.3970424919,False,False,False,False,30604.053060318096,False,False,False,False
2025-03-25 17:00:00+00:00,96.255,96.64,95.13,95.98,18901.0,,,,,,,,,,,,,,,,,,,,,98.5956049517919,105.46882618948298,107.36178586999029,"rgba(239, 83, 80, 1.0)",0.0,0.0,2.483244033098755,102.81711279752948,-2.7532987923855687,0.0,0.0,0.0,0.0,0.0,0.0,0.0,0.0,42.50473377376646,-2.746429503382693,False,True,False,True,False,0.0,0,0.7772608501688867,0.9506086291504682,False,False,False,False,-0.30537116817407306,-0.28954157280512405,False,False,False,False,-622433.0,-538812.2591038486,False,False,False,False,30422.61037721239,False,False,False,False
2025-03-26 17:00:00+00:00,96.36,96.375,95.54,96.13,22592.0,,,,,,,,,,,,,,,,,,,,,98.40931885887133,105.42039056876591,107.31223617488398,"rgba(239, 83, 80, 1.0)",0.0,0.0,2.431916007690454,102.76838811522157,-2.729694649909365,0.0,0.0,0.0,0.0,0.0,0.0,0.0,0.0,41.815693546020455,-3.6519355152546495,False,True,False,True,False,0.0,0,0.7802807913209956,0.9511167836630501,False,False,False,False,-0.3035014033576704,-0.2965214880813972,False,False,False,False,-599841.0,-539758.4411332463,False,False,False,False,30301.205565162585,False,False,False,False
2025-03-27 17:00:00+00:00,95.72,96.4,95.43,95.69,11212.0,,,,,,,,,,,,,,,,,,,,,98.32045628365573,105.39609282065618,107.28742745035412,"rgba(239, 83, 80, 1.0)",0.0,0.0,2.39563727532937,102.74401027137003,-2.9445235069654667,0.0,0.0,0.0,0.0,0.0,0.0,0.0,0.0,40.74753900740535,-4.933107539397845,False,True,False,True,False,0.0,0,0.786149703823371,0.9459773828756055,False,False,False,False,-0.30459722185219235,-0.30055935496679476,False,False,False,False,-611053.0,-540863.7831311804,False,False,False,False,30005.248889733706,False,False,False,False
2025-03-28 17:00:00+00:00,95.51,95.97,95.24,95.6,19789.0,,,,,,,,,,,,,,,,,,,,,98.16413517615112,105.35245239832996,107.2430013991668,"rgba(239, 83, 80, 1.0)",0.0,0.0,2.3583636390613294,102.6998937896062,-3.0105169838999393,0.0,0.0,0.0,0.0,0.0,0.0,0.0,0.0,39.903047345204875,-6.002255364244128,False,True,False,True,False,0.0,0,0.7909104707387412,0.9465296298705521,False,False,False,False,-0.31261194541083814,-0.30658565018881645,False,False,False,False,-630842.0,-542258.7942454257,False,False,False,False,29846.85743407892,False,False,False,False
2025-03-31 17:00:00+00:00,91.96,93.51,91.155,92.48,32027.0,,,,,,,,,,,,,,,,,,,,,97.67158579636677,105.25957254638044,107.15210878956698,"rgba(239, 83, 80, 1.0)",0.0,0.0,2.4172260234908007,102.58347921711677,-4.1797825767761605,0.0,0.0,0.0,0.0,0.0,0.0,0.0,0.0,35.6930538095348,-10.098817382062549,False,True,False,True,False,0.0,0,0.7890829506930438,0.9458224262970432,False,False,False,False,-0.34282825441539394,-0.3247069523021052,False,False,False,False,-662869.0,-544128.7199160393,False,False,False,False,29880.658094015682,False,False,False,False
2025-04-01 17:00:00+00:00,91.57,91.575,90.07,91.165,27359.0,,,,,,,,,,,,,,,,,,,,,97.21476234570962,105.17249186161058,107.06782959169277,"rgba(239, 83, 80, 1.0)",0.0,0.0,2.4928111469597654,102.47149534337254,-4.535640558716991,0.0,0.0,0.0,0.0,0.0,0.0,0.0,0.0,31.799752560743993,-13.698517486885322,False,True,False,True,False,0.0,0,0.7852779083180245,0.9504635365488955,False,False,False,False,-0.34282825441539394,-0.33376760335874955,False,False,False,False,-690228.0,-546393.8250336201,False,False,False,False,29841.56261968986,False,False,False,False
2025-04-02 17:00:00+00:00,92.47,92.82,92.04,92.34,23920.0,,,,,,,,,,,,,,,,,,,,,96.94521714895117,105.10495748900999,107.00147829992834,"rgba(239, 83, 80, 1.0)",0.0,0.0,2.574286615077854,102.39320756211059,-3.905240194789479,0.0,0.0,0.0,0.0,-1.0,90.07,88.54,0.0,31.921137625665754,-13.698517486885322,False,True,False,True,False,0.0,0,0.7944044628028787,0.9448963079674658,False,False,False,False,-0.30567189160732966,-0.3197197474830396,False,False,False,False,-666308.0,-548252.9595292228,False,False,False,False,29749.755447291565,False,False,False,False
2025-04-03 17:00:00+00:00,88.11,88.54,86.03,86.195,39419.0,,,,,,,,,,,,,,,,,,,,,96.09857914551598,104.94788565845944,106.85289771028246,"rgba(239, 83, 80, 1.0)",0.0,0.0,2.9034208729975983,102.17870003380384,-5.50512679110889,0.0,0.0,0.0,0.0,-1.0,92.04,83.92,0.0,27.853821136781125,-17.385827995195534,False,True,False,True,False,0.0,0,0.7926499842948382,0.9475447597110248,False,False,False,False,-0.34282825441539394,-0.3312740009492168,False,False,False,False,-705727.0,-550694.4175210177,False,False,False,False,29899.66621555061,False,False,False,False
2025-04-04 17:00:00+00:00,82.74,83.92,81.2,81.315,43585.0,,,,,,,,,,,,,,,,,,,,,94.90674032288409,104.73215158965776,106.65239005715311,"rgba(239, 83, 80, 1.0)",0.0,0.0,3.4582291763311943,101.87136025006149,-5.944186808310245,0.0,0.0,0.0,0.0,0.0,0.0,0.0,0.0,23.453801685446937,-21.383525536043145,False,True,False,True,False,0.0,0,0.7829232100902684,0.9592555954000247,False,False,False,False,-0.34282825441539394,-0.3370511276823054,False,False,False,False,-749312.0,-553773.759885033,False,False,False,False,30111.84193313897,False,False,False,False
2025-04-07 17:00:00+00:00,79.03,80.02,77.415,77.79,55438.0,,,,,,,,,,,,,,,,,,,,,93.28995394905083,104.4191451050272,106.36383219651887,"rgba(239, 83, 80, 1.0)",0.0,0.0,4.1362238763088195,101.42630489471222,-5.7144645941663414,0.0,0.0,0.0,0.0,0.0,0.0,0.0,0.0,19.676904141673305,-24.7317542138684,False,True,False,True,False,0.0,0,0.7727078196009701,0.9718967168680839,False,False,False,False,-0.34282825441539394,-0.3399396910488497,False,False,False,False,-804750.0,-557664.8643829395,False,False,False,False,30504.495546578677,False,False,False,False
2025-04-08 17:00:00+00:00,78.855,79.14,75.75,77.045,78612.0,,,,,,,,,,,,,,,,,,,,,91.34049805274557,103.96966214457052,105.94895551485232,"rgba(239, 83, 80, 1.0)",0.0,0.0,4.736343336181436,100.81468734992731,-5.018573541395978,0.0,0.0,0.0,0.0,0.0,0.0,0.0,0.0,16.999586628236834,-27.090645567532594,False,True,False,True,False,0.0,0,0.7650859023277412,0.9783578624351442,False,False,False,False,-0.34282825441539394,-0.34138397273212184,False,False,False,False,-883362.0,-562714.4323770024,False,False,False,False,31250.348328802265,False,False,False,False
2025-04-09 17:00:00+00:00,72.62,81.38,72.425,80.87,57562.0,,,,,,,,,,,,,,,,,,,,,90.26489297200315,103.66083382359018,105.66205911108442,"rgba(239, 83, 80, 1.0)",0.0,0.0,5.074759682766254,98.66910314752488,-3.50737852828187,0.0,0.0,0.0,0.0,0.0,0.0,0.0,0.0,20.679345824788832,-27.090645567532594,False,True,False,True,True,0.0,0,0.7534006229546978,0.9761857824389859,False,False,False,False,-0.34282825441539394,-0.34210611357375786,False,False,False,False,-825800.0,-566793.2783866613,False,False,False,False,31658.280912851842,False,False,False,False
2025-04-10 17:00:00+00:00,74.52,76.04,73.47,74.35,49286.0,,,,,,,,,,,,,,,,,,,,,89.23840084765094,103.36558459856595,105.38942699321339,"rgba(239, 83, 80, 1.0)",0.0,0.0,5.677011912286617,98.19879029702105,-4.200940682439947,0.0,0.0,0.0,0.0,0.0,0.0,0.0,0.0,20.679731883973133,-27.090645567532594,False,True,False,True,True,0.0,0,0.7390715929083773,0.9849776695087292,False,False,False,False,-0.34282825441539394,-0.3424671839945759,False,False,False,False,-875086.0,-571573.0105046976,False,False,False,False,31931.578883195223,False,False,False,False
2025-04-11 17:00:00+00:00,74.77,76.945,74.71,76.92,56274.0,,,,,,,,,,,,,,,,,,,,,88.32912629461381,103.05376469860546,105.09954124064987,"rgba(239, 83, 80, 1.0)",0.0,0.0,6.095778661950194,97.821913904285,-3.4289161505739356,0.0,0.0,0.0,0.0,0.0,0.0,0.0,0.0,23.436167953639945,-32.77861503888806,False,True,False,True,True,0.0,0,0.737668464914825,0.9870448788599494,False,False,False,False,-0.3262758252189555,-0.3343715046067657,False,False,False,False,-818812.0,-575406.1731325317,False,False,False,False,32308.98076097514,False,False,False,False
2025-04-14 17:00:00+00:00,79.08,80.36,78.94,79.72,44797.0,,,,,,,,,,,,,,,,,,,,,87.87414731874833,102.84212550077167,104.90016145512875,"rgba(239, 83, 80, 1.0)",0.0,0.0,6.375606074704705,97.63399341895138,-2.809771056907886,0.0,0.0,0.0,0.0,0.0,0.0,0.0,0.0,27.957001503858542,-28.464321571967076,False,True,False,True,True,0.0,0,0.7467217842722554,0.9863487790809461,False,False,False,False,-0.2674149417506647,-0.3008932231787152,False,False,False,False,-774015.0,-578485.3797506319,False,False,False,False,32502.59346235537,False,False,False,False
2025-04-15 17:00:00+00:00,79.22,79.33,78.91,79.115,30081.0,,,,,,,,,,,,,,,,,,,,,87.5756367449975,102.69879479941825,104.76511730281027,"rgba(239, 83, 80, 1.0)",0.0,0.0,6.655526395680152,97.49363442451039,-2.7614095913494183,0.0,0.0,0.0,0.0,0.0,0.0,0.0,0.0,30.640352017411683,-25.924638840046697,False,True,False,True,True,0.0,0,0.7486559916758194,0.9868007784650367,False,False,False,False,-0.2754245209082821,-0.28815887204349866,False,False,False,False,-804096.0,-581983.2188242654,False,False,False,False,32465.04937766769,False,False,False,False
2025-04-16 17:00:00+00:00,78.59,79.085,76.44,77.05,36456.0,,,,,,,,,,,,,,,,,,,,,87.17684136897182,102.51581117972864,104.59328706393683,"rgba(239, 83, 80, 1.0)",0.0,0.0,6.984332499849932,97.29282091023696,-2.898318616800088,0.0,0.0,0.0,0.0,0.0,0.0,0.0,0.0,31.309301116392746,-25.151932396910368,False,True,False,True,True,0.0,0,0.7407230298393267,0.9877199693955624,False,False,False,False,-0.29454987695016027,-0.29135437449682944,False,False,False,False,-840552.0,-585992.0371370675,False,False,False,False,32526.924581114698,False,False,False,False
2025-04-17 17:00:00+00:00,78.41,78.415,77.59,77.83,29400.0,,,,,,,,,,,,,,,,,,,,,86.89059238275634,102.3726177940885,104.45841110634055,"rgba(239, 83, 80, 1.0)",0.0,0.0,7.262808598519596,97.14101621648518,-2.658890972346623,0.0,0.0,0.0,0.0,0.0,0.0,0.0,0.0,32.61152879143661,-23.655073448579394,False,True,False,True,True,0.0,0,0.7475601321755168,0.987378006608776,False,False,False,False,-0.2907567821413864,-0.2910555783191079,False,False,False,False,-811152.0,-589482.8892744773,False,False,False,False,32478.445130244698,False,False,False,False
2025-04-18 17:00:00+00:00,77.83,77.83,77.83,77.83,0.0,,,,,,,,,,,,,,,,,,,,,86.89059238275634,102.3726177940885,104.45841110634055,"rgba(239, 83, 80, 1.0)",0.0,0.0,7.5107145195770775,97.14101621648518,-2.5711290405393514,0.0,0.0,0.0,0.0,0.0,0.0,0.0,0.0,33.47968057479918,-22.498508739048695,False,True,False,True,True,0.0,0,0.7539938585921406,0.9866677031911999,False,False,False,False,-0.29348224037153253,-0.29226890934532024,False,False,False,False,-811152.0,-592919.6196733225,False,False,False,False,31974.90334527966,False,False,False,False
2025-04-21 17:00:00+00:00,75.24,75.77,74.48,75.72,33849.0,,,,,,,,,,,,,,,,,,,,,86.491887910531,102.19233531936057,104.28961728737589,"rgba(239, 83, 80, 1.0)",0.0,0.0,7.815297643227894,96.92700121581717,-2.7135244470430946,0.0,0.0,0.0,0.0,0.0,0.0,0.0,0.0,32.702686006050904,-22.498508739048695,False,True,False,True,True,0.0,0,0.7443854001008496,0.9933284201543776,False,False,False,False,-0.33634621693406436,-0.3143075631396923,False,False,False,False,-845001.0,-596827.8581279997,False,False,False,False,32003.959107368348,False,False,False,False
2025-04-22 17:00:00+00:00,76.48,76.6,75.52,76.285,27108.0,,,,,,,,,,,,,,,,,,,,,86.21367597195895,102.0539890596025,104.15959096653285,"rgba(239, 83, 80, 1.0)",0.0,0.0,8.081952825181522,96.77121888894047,-2.5348105008866275,0.0,0.0,0.0,0.0,0.0,0.0,0.0,0.0,32.95634119159838,-22.25446624676762,False,True,False,True,True,0.0,0,0.7521002643689416,0.9863311465778912,False,False,False,False,-0.3184578291235147,-0.3163826961316035,False,False,False,False,-817893.0,-600255.2246686508,False,False,False,False,31928.05276461845,False,False,False,False
2025-04-23 17:00:00+00:00,77.48,77.74,76.43,77.1,39130.0,,,,,,,,,,,,,,,,,,,,,85.8731055260307,101.86412267735375,103.98032818967462,"rgba(239, 83, 80, 1.0)",0.0,0.0,8.308217128050872,96.56919479194069,-2.3433661508685457,0.0,0.0,0.0,0.0,0.0,0.0,0.0,0.0,34.27295738688235,-20.5914029017621,False,True,False,True,True,0.0,0,0.7607348646301997,0.9765964164496016,False,False,False,False,-0.29957097774018354,-0.3079768369358935,False,False,False,False,-778763.0,-603022.7870768887,False,False,False,False,32039.71086129103,False,False,False,False
2025-04-24 17:00:00+00:00,77.65,77.75,76.955,77.285,20333.0,,,,,,,,,,,,,,,,,,,,,85.7105501830117,101.76754355526839,103.88893565847364,"rgba(239, 83, 80, 1.0)",0.0,0.0,8.515011320766622,96.46849417968504,-2.2529029565585965,0.0,0.0,0.0,0.0,0.0,0.0,0.0,0.0,35.42495452012256,-19.138304894478328,False,True,False,True,True,0.0,0,0.7644251626898049,0.9704594754486296,False,False,False,False,-0.2946764247451541,-0.3013266308405238,False,False,False,False,-758430.0,-605432.2012307354,False,False,False,False,31858.21146809272,False,False,False,False
2025-04-25 17:00:00+00:00,76.005,76.46,75.73,75.84,17496.0,,,,,,,,,,,,,,,,,,,,,85.55428359748998,101.68059029196084,103.80691145962437,"rgba(239, 83, 80, 1.0)",0.0,0.0,8.756404532302295,96.3731178586313,-2.3449256807271546,0.0,0.0,0.0,0.0,0.0,0.0,0.0,0.0,34.90002534557103,-19.138304894478328,False,True,False,True,True,0.0,0,0.7639454577651851,0.9699545481376545,False,False,False,False,-0.3178093444181149,-0.30956798762931936,False,False,False,False,-775926.0,-608075.5159403364,False,False,False,False,31635.54152285097,False,False,False,False
2025-04-28 17:00:00+00:00,75.995,77.2,75.77,76.93,51375.0,,,,,,,,,,,,,,,,,,,,,85.15136078541352,101.43473994810938,103.57416139368804,"rgba(239, 83, 80, 1.0)",0.0,0.0,8.942963941224676,96.11335749987066,-2.1450782565990787,0.0,0.0,0.0,0.0,0.0,0.0,0.0,0.0,36.31941785645388,-17.686863203024444,False,False,False,True,True,0.0,0,0.763196871852598,0.973438394849616,False,False,False,False,-0.3106007042087216,-0.31008434591902045,False,False,False,False,-724551.0,-609881.3373986257,False,False,False,False,31941.579638775762,False,False,False,False
2025-04-29 17:00:00+00:00,72.335,73.21,72.125,72.52,69223.0,,,,,,,,,,,,,,,,,,,,,84.43239448460922,101.05860561187566,103.2209777986952,"rgba(239, 83, 80, 1.0)",0.0,0.0,9.233732148344894,95.67175808129052,-2.507302324709557,0.0,0.0,0.0,0.0,0.0,0.0,0.0,0.0,33.77375771052061,-17.686863203024444,False,True,False,True,False,0.0,0,0.7639162970633633,0.9725484066352749,False,False,False,False,-0.34282825441539394,-0.32645630016720717,False,False,False,False,-793774.0,-612732.3864312051,False,False,False,False,32519.586156004043,False,False,False,False
2025-04-30 17:00:00+00:00,72.18,72.78,71.83,72.7,22093.0,,,,,,,,,,,,,,,,,,,,,84.21671741174984,100.93986452488313,103.10928806210103,"rgba(239, 83, 80, 1.0)",0.0,0.0,9.492705915785766,95.53485220702976,-2.4055156042553523,0.0,0.0,0.0,0.0,0.0,0.0,0.0,0.0,32.36513525803723,-17.686863203024444,False,True,False,True,False,0.0,0,0.7661378555798687,0.9666692716473898,False,False,False,False,-0.34282825441539394,-0.3346422772913006,False,False,False,False,-771681.0,-615196.7060214189,False,False,False,False,32357.933657461344,False,False,False,False
2025-05-01 17:00:00+00:00,73.035,74.09,73.035,73.53,21216.0,,,,,,,,,,,,,,,,,,,,,84.03570236252389,100.83118506226918,103.00666342828639,"rgba(239, 83, 80, 1.0)",0.0,0.0,9.694351962971654,95.41442172697475,-2.2574403952491138,0.0,0.0,0.0,0.0,0.0,0.0,0.0,0.0,32.81685281900201,-17.686863203024444,False,True,False,True,False,0.0,0,0.767538446468802,0.9700264472524244,False,False,False,False,-0.32070554214380165,-0.3276739097175511,False,False,False,False,-750465.0,-617293.8888738,False,False,False,False,32185.190499981323,False,False,False,False
2025-05-02 17:00:00+00:00,74.48,74.905,74.33,74.45,31639.0,,,,,,,,,,,,,,,,,,,,,83.80182383199497,100.67664788147442,102.86014090110547,"rgba(239, 83, 80, 1.0)",0.0,0.0,9.83422021439501,95.24985103828183,-2.11504832969224,0.0,0.0,0.0,0.0,0.0,0.0,0.0,0.0,34.63738847959179,-17.686863203024444,False,False,False,True,True,0.0,0,0.7641546347380366,0.9688539343428415,False,False,False,False,-0.3023775017202225,-0.3150257057188868,False,False,False,False,-718826.0,-618868.0301315706,False,False,False,False,32176.72243021417,False,False,False,False
2025-05-05 17:00:00+00:00,73.715,74.375,73.42,73.595,32839.0,,,,,,,,,,,,,,,,,,,,,83.5518705376943,100.51351807365104,102.70558077409343,"rgba(239, 83, 80, 1.0)",0.0,0.0,9.978548603139402,95.07390931013472,-2.152508362125644,0.0,0.0,0.0,0.0,0.0,0.0,0.0,0.0,34.99518682233019,-17.686863203024444,False,False,False,True,True,0.0,0,0.7685877087482009,0.970188686685463,False,False,False,False,-0.31486366297452645,-0.31494468434670664,False,False,False,False,-751665.0,-620926.8978814688,False,False,False,False,32186.990299513174,False,False,False,False
2025-05-06 17:00:00+00:00,72.765,72.94,71.51,71.54,28392.0,,,,,,,,,,,,,,,,,,,,,83.30756235688357,100.36467137157904,102.5650316284446,"rgba(239, 83, 80, 1.0)",0.0,0.0,10.142541950872827,94.90733506995821,-2.3038933615598505,0.0,0.0,0.0,0.0,0.0,0.0,0.0,0.0,33.40615174045051,-17.686863203024444,False,False,False,True,True,0.0,0,0.756821671851006,0.976138914044966,False,False,False,False,-0.34282825441539394,-0.32888646938105026,False,False,False,False,-780057.0,-623394.0312476475,False,False,False,False,32128.153240605996,False,False,False,False
2025-05-07 17:00:00+00:00,72.17,72.375,71.61,71.87,16916.0,,,,,,,,,,,,,,,,,,,,,83.16629334458997,100.27658514569778,102.48177978595317,"rgba(239, 83, 80, 1.0)",0.0,0.0,10.310196212775766,94.80947252651295,-2.2249307436155044,0.0,0.0,0.0,0.0,0.0,0.0,0.0,0.0,32.974459524346855,-17.686863203024444,False,False,False,True,False,0.0,0,0.7513336876710172,0.9801767751333689,False,False,False,False,-0.34282825441539394,-0.33585736189822213,False,False,False,False,-763141.0,-625560.6509182266,False,False,False,False,31892.305903542336,False,False,False,False
2025-05-08 17:00:00+00:00,74.51,74.7,73.625,73.715,37583.0,,,,,,,,,,,,,,,,,,,,,82.92012038294688,100.09692489637008,102.31080808458515,"rgba(239, 83, 80, 1.0)",0.0,0.0,10.424030708713683,94.62211998399577,-2.005665617093687,0.0,0.0,0.0,0.0,0.0,0.0,0.0,0.0,35.970555488496444,-17.41978889522838,False,False,False,True,True,0.0,0,0.7628538758772969,0.9724982256919804,False,False,False,False,-0.3027816674924079,-0.31931951469531505,False,False,False,False,-725558.0,-627110.9974156184,False,False,False,False,31980.533718991293,False,False,False,False
2025-05-09 17:00:00+00:00,73.63,74.39,73.63,74.09,21585.0,,,,,,,,,,,,,,,,,,,,,82.78498656409383,99.99493905230084,102.21361953519056,"rgba(239, 83, 80, 1.0)",0.0,0.0,10.49863725948734,94.5166721732983,-1.945649865637491,0.0,0.0,0.0,0.0,0.0,0.0,0.0,0.0,38.589261359393625,-14.974353444546438,True,False,False,True,True,0.0,0,0.7675969424317224,0.9624970140934787,False,False,False,False,-0.30556407921374495,-0.31244179695453,False,False,False,False,-703973.0,-628302.656370415,False,False,False,False,31819.362653580574,False,False,False,False
2025-05-12 17:00:00+00:00,74.79,74.97,73.955,74.22,35724.0,,,,,,,,,,,,,,,,,,,,,82.57861844126866,99.83011125652247,102.05618003772781,"rgba(239, 83, 80, 1.0)",0.0,0.0,10.548886069025807,92.5867624715276,-1.7411091892874888,0.0,0.0,0.0,0.0,0.0,0.0,0.0,0.0,40.566692380996706,-13.163014001883816,True,False,False,True,True,0.0,0,0.7681393356051096,0.9617385066060861,False,False,False,False,-0.2973212776912443,-0.30488153732288714,False,False,False,False,-668249.0,-628921.9795274627,False,False,False,False,31879.899666703353,False,False,False,False
2025-05-13 17:00:00+00:00,71.92,72.78,71.73,72.405,37118.0,,,,,,,,,,,,,,,,,,,,,82.32299710216041,99.64729080901486,101.8823384848563,"rgba(239, 83, 80, 1.0)",0.0,0.0,10.689277362034902,92.33660641276093,-1.8646355350037036,0.0,0.0,0.0,0.0,0.0,0.0,0.0,0.0,39.47061441534561,-13.163014001883816,True,False,False,True,True,0.0,0,0.7663512468011666,0.9639350116050706,False,False,False,False,-0.3379295823086102,-0.3214055598157487,False,False,False,False,-705367.0,-630107.173643316,False,False,False,False,31961.11052458392,False,False,False,False
2025-05-14 17:00:00+00:00,71.325,71.465,70.795,70.93,28389.0,,,,,,,,,,,,,,,,,,,,,82.11272694202698,99.50281905330435,101.74521969204253,"rgba(239, 83, 80, 1.0)",0.0,0.0,10.86195063529534,92.14855049768529,-1.9534751362924367,0.0,0.0,0.0,0.0,0.0,0.0,0.0,0.0,37.13096429220391,-13.163014001883816,True,False,False,True,False,0.0,0,0.7639812319057604,0.9607067984426476,False,False,False,False,-0.34282825441539394,-0.3321169071155713,False,False,False,False,-733756.0,-631714.1321914817,False,False,False,False,31905.728966063238,False,False,False,False
2025-05-15 17:00:00+00:00,71.465,71.595,71.085,71.5,42259.0,,,,,,,,,,,,,,,,,,,,,81.8228033320341,99.2929118429908,101.54552506828709,"rgba(239, 83, 80, 1.0)",0.0,0.0,11.008901603816415,91.91295502587312,-1.8542226791087526,0.0,0.0,0.0,0.0,0.0,0.0,0.0,0.0,36.77110066461303,-9.348653182462435,True,False,False,True,False,0.0,0,0.7691860465116281,0.9579591018444269,False,False,False,False,-0.3389914670406782,-0.33555418707812473,False,False,False,False,-691497.0,-632640.9983590555,False,False,False,False,32066.244796046754,False,False,False,False
2025-05-16 17:00:00+00:00,72.195,72.85,72.175,72.83,43394.0,,,,,,,,,,,,,,,,,,,,,81.57407492513278,99.08992634903767,101.3514037680609,"rgba(239, 83, 80, 1.0)",0.0,0.0,11.09909433363894,91.72128596387438,-1.702056527857323,0.0,0.0,0.0,0.0,0.0,0.0,0.0,0.0,39.147143008234636,-9.348653182462435,True,False,False,True,True,0.0,0,0.769461677006204,0.9546327796678008,False,False,False,False,-0.31774157349599147,-0.3266478802870581,False,False,False,False,-648103.0,-632880.719314729,False,False,False,False,32241.868907735952,False,False,False,False
2025-05-19 17:00:00+00:00,73.62,74.39,73.62,74.01,56873.0,,,,,,,,,,,,,,,,,,,,,81.31523263944854,98.8422309600203,101.11299943974986,"rgba(239, 83, 80, 1.0)",0.0,0.0,11.189377138104142,91.51764272107081,-1.5646664246797561,0.0,0.0,0.0,0.0,0.0,0.0,0.0,0.0,42.7718163725353,-11.40554859738986,True,False,False,True,True,0.0,0,0.7772914418195629,0.948495023384099,False,False,False,False,-0.29108559003470746,-0.3088667351608828,False,False,False,False,-591230.0,-632234.971728454,False,False,False,False,32623.746909166402,False,False,False,False
2025-05-20 17:00:00+00:00,73.15,73.19,72.115,72.165,30998.0,,,,,,,,,,,,,,,,,,,,,81.15371507428841,98.70115673554182,100.97762888053408,"rgba(239, 83, 80, 1.0)",0.0,0.0,11.305466548261627,91.38161096131556,-1.6997627545296106,0.0,0.0,0.0,0.0,0.0,0.0,0.0,0.0,42.503158907921886,-11.40554859738986,True,False,False,True,True,0.0,0,0.7671024749110393,0.9545000199912039,False,False,False,False,-0.31522306606982103,-0.31204490061535195,False,False,False,False,-622228.0,-632079.8248799507,False,False,False,False,32598.54153072971,False,False,False,False
2025-05-21 17:00:00+00:00,70.265,70.3,68.55,68.58,32719.0,,,,,,,,,,,,,,,,,,,,,80.92609681155693,98.53507497016167,100.81950114060649,"rgba(239, 83, 80, 1.0)",0.0,0.0,11.457558340899856,91.18860976847853,-1.9732484963897543,0.0,0.0,0.0,0.0,0.0,0.0,0.0,0.0,38.681851659476834,-11.40554859738986,True,False,False,True,False,0.0,0,0.7581562823267289,0.9633564096443066,False,False,False,False,-0.34282825441539394,-0.3274365775153729,False,False,False,False,-654947.0,-632434.3547267732,False,False,False,False,32600.40910389669,False,False,False,False
2025-05-22 17:00:00+00:00,68.22,69.015,68.14,68.595,22896.0,,,,,,,,,,,,,,,,,,,,,80.76454920524765,98.41776716805116,100.70783825215022,"rgba(239, 83, 80, 1.0)",0.0,0.0,11.600212567172733,91.05242551458423,-1.9359494823513976,0.0,0.0,0.0,0.0,0.0,0.0,0.0,0.0,36.16245146876564,-9.204433632409234,True,False,False,True,False,0.0,0,0.750287153652393,0.9740050377833754,False,False,False,False,-0.34282825441539394,-0.33513241596538346,False,False,False,False,-632051.0,-632428.4112426372,False,False,False,False,32449.953148797515,False,False,False,False
2025-05-23 17:00:00+00:00,67.55,68.33,67.39,67.89,18943.0,,,,,,,,,,,,,,,,,,,,,80.62641353064838,98.31910096081954,100.61399861795667,"rgba(239, 83, 80, 1.0)",0.0,0.0,11.750941077896899,88.89004748519278,-1.7870949523092343,0.0,0.0,0.0,0.0,0.0,0.0,0.0,0.0,33.852191998306296,-11.329253161656652,True,False,False,True,False,0.0,0,0.7463362589580484,0.9745953780497627,True,False,False,False,-0.34282825441539394,-0.3389803351903887,False,False,False,False,-650994.0,-632716.2498280227,False,False,False,False,32240.543022459566,True,False,False,False
2025-05-26 17:00:00+00:00,67.89,67.89,67.89,67.89,0.0,,,,,,,,,,,,,,,,,,,,,80.62641353064838,98.31910096081954,100.61399861795667,"rgba(239, 83, 80, 1.0)",0.0,0.0,11.89280489877593,88.89004748519278,-1.7657775153911939,0.0,0.0,0.0,0.0,0.0,0.0,0.0,0.0,32.312019018000065,-12.789469475158114,False,False,False,True,False,0.0,0,0.7508349357352495,0.9755692743649429,False,False,False,False,-0.3423091604471133,-0.340644747818751,False,False,False,False,-650994.0,-632999.6257996813,False,False,False,False,31740.689642266392,False,False,False,False
2025-05-27 17:00:00+00:00,69.565,70.56,69.44,70.39,35150.0,,,,,,,,,,,,,,,,,,,,,80.42183083419557,98.15116191859069,100.45320698445268,"rgba(239, 83, 80, 1.0)",0.0,0.0,11.980950119491947,88.81767302097964,-1.5380811068564124,0.0,0.0,0.0,0.0,0.0,0.0,0.0,0.0,36.341516126971996,-12.789469475158114,True,False,False,True,True,0.0,0,0.7530587316526162,0.9671599351208474,False,False,False,False,-0.30622403216712907,-0.32343438999294005,False,False,False,False,-615844.0,-632733.6471051126,False,False,False,False,31793.547167192493,False,False,False,False
2025-05-28 17:00:00+00:00,69.6,69.85,69.47,69.665,16958.0,,,,,,,,,,,,,,,,,,,,,80.32159304650676,98.0695115712131,100.37504987771186,"rgba(239, 83, 80, 1.0)",0.0,0.0,12.069427111208759,88.74176980977035,-1.58058618971682,0.0,0.0,0.0,0.0,0.0,0.0,0.0,0.0,38.060516314913755,-17.227045178254286,True,False,False,True,True,0.0,0,0.7522744579375578,0.9708027734359346,False,False,False,False,-0.31109964886067787,-0.31726701942680896,False,False,False,False,-632802.0,-632734.706839917,False,False,False,False,31563.53868398021,False,False,False,False
2025-05-29 17:00:00+00:00,70.79,71.35,70.74,71.25,30753.0,,,,,,,,,,,,,,,,,,,,,80.16861559380119,97.93013393271964,100.24097259365115,"rgba(239, 83, 80, 1.0)",0.0,0.0,12.115042298394174,88.64806768836823,-1.4360715596242128,0.0,0.0,0.0,0.0,0.0,0.0,0.0,0.0,41.90710877062694,-13.637365328512189,True,False,False,True,True,0.0,0,0.7573714742948591,0.964112822564513,False,False,False,False,-0.2858045139643343,-0.30153576669557164,False,False,False,False,-602049.0,-632258.95944705,False,False,False,False,31550.97219275571,False,False,False,False
2025-05-30 17:00:00+00:00,69.815,70.525,69.8,70.16,28077.0,,,,,,,,,,,,,,,,,,,,,80.01910324285204,97.79966575560725,100.11566614068437,"rgba(239, 83, 80, 1.0)",0.0,0.0,12.17947207320457,88.52819039375737,-1.508126976551659,0.0,0.0,0.0,0.0,0.0,0.0,0.0,0.0,42.871494476025234,-12.712063297509658,True,False,False,True,True,0.0,0,0.7592985971943886,0.9640881763527055,False,False,False,False,-0.29907056143963245,-0.30030316406760205,False,False,False,False,-630126.0,-632225.8903083361,False,False,False,False,31497.1121587595,False,False,False,False
2025-06-02 17:00:00+00:00,69.31,69.71,68.95,69.59,22786.0,,,,,,,,,,,,,,,,,,,,,79.8920855625704,97.69185166304275,100.0122278250512,"rgba(239, 83, 80, 1.0)",0.0,0.0,12.243705144181053,88.41851495669425,-1.537811858009558,0.0,0.0,0.0,0.0,0.0,0.0,0.0,0.0,42.71001753880793,-12.691359169120588,True,False,False,True,True,0.0,0,0.7572390299294346,0.9604388028226135,False,False,False,False,-0.3147557572282344,-0.3075294606479182,False,False,False,False,-652912.0,-632546.6051872766,False,False,False,False,31362.056156298113,False,False,False,False
2025-06-03 17:00:00+00:00,70.21,70.475,69.98,70.28,36192.0,,,,,,,,,,,,,,,,,,,,,79.71194446135598,97.52724709746211,99.85376695704369,"rgba(239, 83, 80, 1.0)",0.0,0.0,12.276934866313317,88.27137256440486,-1.4654612702859071,0.0,0.0,0.0,0.0,0.0,0.0,0.0,0.0,43.91485188609473,-11.274357306257244,True,False,False,True,True,0.0,0,0.7566191239424619,0.960417131611516,False,False,False,False,-0.29785197611406905,-0.3026907183809936,False,False,False,False,-616720.0,-632301.2314634429,False,False,False,False,31436.939006588065,False,False,False,False
2025-06-04 17:00:00+00:00,70.905,71.11,70.445,70.575,54249.0,,,,,,,,,,,,,,,,,,,,,79.46684437282917,97.28832511749769,99.62306202405559,"rgba(239, 83, 80, 1.0)",0.0,0.0,12.302282482501655,88.07013419175983,-1.4221047367953314,0.0,0.0,0.0,0.0,0.0,0.0,0.0,0.0,45.28749067182179,-9.695626821439824,True,False,False,True,True,0.0,0,0.7636222847128825,0.9560663487793944,False,False,False,False,-0.28757479693161137,-0.2951327576563025,False,False,False,False,-562471.0,-631218.5922159476,False,False,False,False,31790.614370827006,False,False,False,False
2025-06-05 17:00:00+00:00,70.315,70.595,69.4,69.575,26897.0,,,,,,,,,,,,,,,,,,,,,79.33883932276679,97.16768495583649,99.50669006600977,"rgba(239, 83, 80, 1.0)",0.0,0.0,12.329465156121888,87.95806730898911,-1.4909865980570502,0.0,0.0,0.0,0.0,0.0,0.0,0.0,0.0,44.469683276490784,-9.695626821439824,True,False,False,True,True,0.0,0,0.7562242154307178,0.9661747501077567,False,False,False,False,-0.30090737086220565,-0.2980200642592541,False,False,False,False,-589368.0,-630569.7458250027,False,False,False,False,31714.744380581626,False,False,False,False
2025-06-06 17:00:00+00:00,70.31,70.68,70.17,70.53,25687.0,,,,,,,,,,,,,,,,,,,,,79.22731443100093,97.05598180702495,99.3986437875394,"rgba(239, 83, 80, 1.0)",0.0,0.0,12.333026349843477,87.86147127867059,-1.4052894064310948,0.0,0.0,0.0,0.0,0.0,0.0,0.0,0.0,45.909453464974256,-8.619208111220928,True,False,False,True,True,0.0,0,0.7645747316267548,0.9625516102394718,False,False,False,False,-0.2902879620954867,-0.2941540131773704,False,False,False,False,-563681.0,-629532.7110060104,False,False,False,False,31621.290979332298,False,False,False,False
2025-06-09 17:00:00+00:00,72.02,72.545,71.765,71.77,28572.0,,,,,,,,,,,,,,,,,,,,,79.12809683722888,96.94008014530026,99.28585825622828,"rgba(239, 83, 80, 1.0)",0.0,0.0,12.287107062810206,87.77857036009256,-1.302875467614849,0.0,0.0,0.0,0.0,0.0,0.0,0.0,0.0,49.12373617897814,-5.413998713120833,True,False,False,False,True,0.0,0,0.7706892292490118,0.9518074769433467,False,False,False,False,-0.25572775327786995,-0.27494088322762017,False,False,False,False,-535109.0,-628068.7775020412,False,False,False,False,31574.015150195362,False,False,False,False
2025-06-10 17:00:00+00:00,73.215,73.45,72.745,73.325,42438.0,,,,,,,,,,,,,,,,,,,,,79.0086712458371,96.77773178736877,99.12701802427576,"rgba(38, 166, 154, 1.0)",0.0,0.0,12.143799123179349,87.67823219232162,-1.1819391976704416,0.0,0.0,0.0,0.0,0.0,0.0,0.0,0.0,53.59352293612156,-1.2154881581862327,True,False,True,False,True,0.0,0,0.7730170770208492,0.9443613030197423,False,False,False,False,-0.23715287493525503,-0.2560468790814376,False,False,False,False,-492671.0,-625969.5871531724,False,False,False,False,31742.449023835743,False,False,False,False
2025-06-11 17:00:00+00:00,73.565,73.785,72.81,73.195,40051.0,,,,,,,,,,,,,,,,,,,,,78.90194685931856,96.62711280307373,98.9793880845472,"rgba(38, 166, 154, 1.0)",0.0,0.0,12.027653260505236,86.04291228330845,-1.0681977610293005,0.0,0.0,0.0,0.0,0.0,0.0,0.0,0.0,56.26996262961609,1.2120512403175212,True,False,True,False,True,0.0,0,0.7759919741206338,0.9406248720363622,False,False,False,False,-0.23323223865684709,-0.24463955886914235,False,False,False,False,-532722.0,-624523.8881275418,False,False,False,False,31871.26376765224,False,False,False,False
2025-06-12 17:00:00+00:00,72.75,73.18,72.705,73.035,13027.0,,,,,,,,,,,,,,,,,,,,,78.86634143404808,96.57793449793363,98.93119507926572,"rgba(38, 166, 154, 1.0)",0.0,0.0,11.862611090053532,86.0083433649136,-1.09363303461844,0.0,0.0,0.0,0.0,0.0,0.0,0.0,0.0,57.64843305129614,2.49569488660741,True,False,True,False,True,0.0,0,0.7774965011937104,0.9441014242199721,False,False,False,False,-0.24019629253465313,-0.24241792570189774,False,False,False,False,-545749.0,-623302.572032541,False,False,False,False,31579.10463947158,False,False,False,False
2025-06-13 17:00:00+00:00,72.39,72.41,71.51,72.12,18492.0,,,,,,,,,,,,,,,,,,,,,78.80841230263957,96.50565046756806,98.86057167843735,"rgba(38, 166, 154, 1.0)",0.0,0.0,11.661649052797708,85.93864328792355,-1.1849647700218147,0.0,0.0,0.0,0.0,0.0,0.0,0.0,0.0,56.29671898372747,2.49569488660741,True,False,True,False,True,0.0,0,0.7720776011203561,0.9478540242194583,False,False,False,False,-0.25959208946983114,-0.2510050075858644,False,False,False,False,-564241.0,-622386.8887452149,False,False,False,False,31376.203792347987,False,False,False,False
2025-06-16 17:00:00+00:00,72.76,73.16,72.265,72.685,31931.0,,,,,,,,,,,,,,,,,,,,,78.720582401305,96.38531895094088,98.74260332751797,"rgba(38, 166, 154, 1.0)",0.0,0.0,11.455110547595975,85.85741003339103,-1.1499155751190422,0.0,0.0,0.0,0.0,0.0,0.0,0.0,0.0,56.51937357916708,2.49569488660741,True,False,True,False,True,0.0,0,0.7887804673758271,0.9426668900242902,False,False,False,False,-0.24472040865805095,-0.24786270812195768,False,False,False,False,-532310.0,-620990.3478344363,False,False,False,False,31384.80528393949,False,False,False,False
2025-06-17 17:00:00+00:00,71.79,71.98,70.895,71.21,19754.0,,,,,,,,,,,,,,,,,,,,,78.65566527083482,96.30730051738476,98.66642096767545,"rgba(38, 166, 154, 1.0)",0.0,0.0,11.271551409240786,85.78372396797303,-1.2929652218083327,0.0,0.0,0.0,0.0,0.0,0.0,0.0,0.0,53.3288033099757,2.49569488660741,True,False,True,False,False,0.0,0,0.7848627319284697,0.9303375031483505,False,False,False,False,-0.2699843695016287,-0.2589235388117932,False,False,False,False,-552064.0,-619921.7222866155,False,False,False,False,31204.482721397795,False,False,False,False
2025-06-18 17:00:00+00:00,71.705,71.965,70.835,70.875,29970.0,,,,,,,,,,,,,,,,,,,,,78.55752868414432,96.18921513514323,98.55107165341528,"rgba(38, 166, 154, 1.0)",0.0,0.0,11.027915876382227,85.67684115680838,-1.342215639176984,0.0,0.0,0.0,0.0,0.0,0.0,0.0,0.0,50.5288671748445,5.562234899891806,True,False,False,False,False,0.0,0,0.7824409682479123,0.9420068676077836,False,False,False,False,-0.2707323964332068,-0.2648279676225,False,False,False,False,-582034.0,-619334.3157395362,False,False,False,False,31185.34345439938,False,False,False,False
2025-06-19 17:00:00+00:00,70.875,70.875,70.875,70.875,0.0,,,,,,,,,,,,,,,,,,,,,78.55752868414432,96.18921513514323,98.55107165341528,"rgba(38, 166, 154, 1.0)",0.0,0.0,10.831833875576867,85.67684115680838,-1.3665129401756158,0.0,0.0,0.0,0.0,0.0,0.0,0.0,0.0,48.66224308475704,3.733105303905411,True,False,False,True,False,0.0,0,0.7819924434862426,0.9399961577048693,False,False,False,False,-0.2812363072926159,-0.27303213745755794,False,False,False,False,-582034.0,-618756.0162707062,False,False,False,False,30701.849757431944,False,False,False,False
2025-06-20 17:00:00+00:00,71.25,72.015,71.25,71.41,20590.0,,,,,,,,,,,,,,,,,,,,,78.49459282196268,96.10980500526395,98.47334453106579,"rgba(38, 166, 154, 1.0)",0.0,0.0,10.532672129577353,85.61266056029905,-1.3484384955281965,0.0,0.0,0.0,0.0,1.0,71.475,70.875,0.0,48.88564926534478,3.733105303905411,True,False,False,False,False,0.0,0,0.7813108927003705,0.9395730284148094,False,False,False,False,-0.2660993602813143,-0.26956574886943613,False,False,False,False,-561444.0,-617867.4578789123,False,False,False,False,30545.076892975634,False,False,False,False
2025-06-23 17:00:00+00:00,71.475,73.005,71.475,72.91,34747.0,,,,,,,,,,,,,,,,,,,,,78.40444019160914,95.9818471980618,98.34756156456702,"rgba(38, 166, 154, 1.0)",0.0,0.0,10.205766760128727,85.52943241547683,-1.2365001779952167,0.0,0.0,0.0,0.0,0.0,0.0,0.0,0.0,52.43626483572653,3.733105303905411,True,False,True,False,True,0.0,0,0.7808804763930243,0.9350701829008935,False,False,False,False,-0.25404564200102436,-0.26180569543523025,False,False,False,False,-526697.0,-616453.9624079214,False,False,False,False,30610.22298765818,False,False,False,False
2025-06-24 17:00:00+00:00,74.915,75.48,74.645,75.46,65364.0,,,,,,,,,,,,,,,,,,,,,78.31666378028277,95.77238200422386,98.1388393404682,"rgba(38, 166, 154, 1.0)",0.0,0.0,9.92766076300008,85.47854911000579,-1.0091550617185117,0.0,0.0,0.0,0.0,0.0,0.0,0.0,0.0,58.55398009993349,3.131092531301121,True,False,True,False,True,0.0,0,0.7885403031710511,0.9348266689186339,False,False,False,False,-0.1989220020703006,-0.23036384875276544,False,False,False,False,-461333.0,-614048.9862465583,False,False,False,False,31149.041235911543,False,False,False,False
2025-06-25 17:00:00+00:00,73.765,75.01,73.26,73.69,45331.0,,,,,,,,,,,,,,,,,,,,,78.2360642375768,95.62119054293244,97.98877561388342,"rgba(38, 166, 154, 1.0)",0.0,0.0,9.660874631659116,85.4009047260378,-1.2121992234182029,0.0,0.0,0.0,0.0,0.0,0.0,0.0,0.0,58.42264865386666,3.131092531301121,True,False,True,False,True,0.0,0,0.7853108535300318,0.932623814541623,False,False,False,False,-0.21688934387672792,-0.22362659631474668,False,False,False,False,-506664.0,-612384.1027388596,False,False,False,False,31368.916565587333,False,False,False,False
2025-06-26 17:00:00+00:00,73.945,74.305,73.46,74.22,47567.0,,,,,,,,,,,,,,,,,,,,,78.15481313649002,95.46484167397217,97.83335583648754,"rgba(38, 166, 154, 1.0)",0.0,0.0,9.424409892391445,85.31740625177318,-1.177517359546552,0.0,0.0,0.0,0.0,0.0,0.0,0.0,0.0,59.12576273066716,3.714532259040894,True,False,True,False,True,0.0,0,0.7905994636711081,0.9345847674148529,False,False,False,False,-0.22180422519100662,-0.22271541075287665,False,False,False,False,-459097.0,-610007.5585103502,False,False,False,False,31620.049642089853,False,False,False,False
2025-06-27 17:00:00+00:00,74.24,74.375,73.035,73.285,49946.0,,,,,,,,,,,,,,,,,,,,,78.06430353588772,95.29984838312097,97.6694104670393,"rgba(38, 166, 154, 1.0)",0.0,0.0,9.096664197523635,85.2181679586393,-1.3118180136722912,0.0,0.0,0.0,0.0,0.0,0.0,0.0,0.0,57.55384980312633,3.714532259040894,True,False,True,False,True,0.0,0,0.7921187048841236,0.9330702013592811,False,False,False,False,-0.22526554922438366,-0.22399047998863014,False,False,False,False,-509043.0,-608442.2165179416,False,False,False,False,31904.1729034528,False,False,False,False
2025-06-30 17:00:00+00:00,71.88,72.7,71.645,72.655,19467.0,,,,,,,,,,,,,,,,,,,,72.33333333333333,78.02059151311694,95.23260565769044,97.60287480567472,"rgba(38, 166, 154, 1.0)",0.0,0.0,8.73971720273428,85.16842405519917,-1.431788210639614,0.0,0.0,0.0,0.0,0.0,0.0,0.0,0.0,55.21449460318992,3.714532259040894,True,False,True,False,False,0.0,0,0.7836750094327758,0.9376807948685704,False,False,False,False,-0.2553813207359003,-0.23968590036226523,False,False,False,False,-528510.0,-607202.9573471209,False,False,False,False,31711.348517352755,False,False,False,False
2025-07-01 17:00:00+00:00,74.87,75.16,74.41,74.485,27365.0,,,,,,,,,,,,,,,,,,,,73.70746551503247,77.98520723102858,95.14838394208321,97.51858295409811,"rgba(38, 166, 154, 1.0)",0.0,0.0,8.382026848028268,85.12864272691517,-1.2698173031286477,0.0,0.0,0.0,0.0,0.0,0.0,0.0,0.0,56.767271212397596,3.714532259040894,True,False,True,False,False,0.0,0,0.7935303680853725,0.935074409104173,False,False,False,False,-0.2042838944410294,-0.2219848974016473,False,False,False,False,-501145.0,-605558.6479308864,False,False,False,False,31643.963269021704,False,False,False,False
2025-07-02 17:00:00+00:00,75.48,76.35,75.385,76.255,31451.0,,,,,,,,,,75.99666666666667,,,,,,,,,,74.62717561071157,77.96125488430602,95.05858556555611,97.42798899791444,"rgba(38, 166, 154, 1.0)",0.0,0.0,8.019841069732575,85.10034769840613,-1.1029330408789613,0.0,0.0,0.0,0.0,0.0,0.0,0.0,0.0,60.08164415912995,4.86691440991261,True,False,True,False,True,0.0,0,0.7893253736327964,0.9312640895048848,False,False,False,False,-0.1834302075076967,-0.202707552454672,False,False,False,False,-469694.0,-603452.2192807951,False,False,False,False,31640.97159043222,False,False,False,False
2025-07-03 17:00:00+00:00,76.93,76.93,76.93,76.93,0.0,,,,,,,,,,75.99666666666667,,,,,,,,,,74.62717561071157,77.96125488430602,95.05858556555611,97.42798899791444,"rgba(38, 166, 154, 1.0)",0.0,0.0,7.655968010066175,85.10034769840613,-1.067186760402294,0.0,0.0,0.0,0.0,0.0,0.0,0.0,0.0,63.047172962150604,7.700683358009044,True,False,True,False,True,0.0,0,0.7979698412365513,0.9295526519997487,False,False,False,False,-0.163114222339496,-0.182910887397084,False,False,False,False,-469694.0,-601378.4484392323,False,False,False,False,31150.413891355747,False,False,False,False
2025-07-04 17:00:00+00:00,76.93,76.93,76.93,76.93,0.0,,,,,,,,,,75.99666666666667,,,,,,,,,,74.62717561071157,77.96125488430602,95.05858556555611,97.42798899791444,"rgba(38, 166, 154, 1.0)",0.0,0.0,7.290378650924741,85.10034769840613,-1.1207027905703852,0.0,0.0,0.0,0.0,0.0,0.0,0.0,0.0,65.02419216416438,9.609533916835602,True,False,True,False,True,0.0,0,0.7988297693214349,0.9236613908065335,False,False,False,False,-0.163114222339496,-0.17301255486828998,False,False,False,False,-469694.0,-599336.8290835852,False,False,False,False,30667.461738001395,False,False,False,False
2025-07-07 17:00:00+00:00,74.81,75.435,74.55,75.01,23879.0,,,,,,,,,74.99833333333335,75.56581176576903,,,,,,,,,74.99833333333335,74.7139287602044,77.93440380377255,94.98742563533867,97.35653331061756,"rgba(38, 166, 154, 1.0)",0.0,0.0,6.839529168900265,85.06754230834284,-1.4705021442228887,0.0,0.0,0.0,0.0,0.0,0.0,0.0,0.0,61.81384353565815,9.609533916835602,True,False,True,False,False,0.0,0,0.7979110089826615,0.9218926258617093,False,False,False,False,-0.20027347550165367,-0.18664301518497184,False,False,False,False,-493573.0,-597697.0797954676,False,False,False,False,30562.21426919517,False,False,False,False
2025-07-08 17:00:00+00:00,77.04,77.49,76.41,77.025,27702.0,,,,,,,,76.975,76.05991841311076,76.0359598106754,,,,,,,,,76.05991841311076,75.19625023101092,77.92442229871197,94.91360415327148,97.28148448039241,"rgba(38, 166, 154, 1.0)",0.0,0.0,6.41742705661796,85.05193800120614,-1.2508031537231683,0.0,0.0,0.0,0.0,0.0,0.0,0.0,0.0,62.47878583088215,9.609533916835602,True,False,True,False,False,0.0,0,0.8002935946739446,0.9156225447628501,False,False,False,False,-0.16273313155506997,-0.1746880733700209,False,False,False,False,-465871.0,-595653.2646048402,False,False,False,False,30517.869861920826,False,False,False,False
2025-07-09 17:00:00+00:00,76.75,77.265,76.75,77.08,20043.0,,,,,,,,76.99878825007853,76.33184891470269,76.22957564879941,,,,,,,,,76.33184891470269,75.44165072344855,77.91775235881055,94.86073640123954,97.22767927309492,"rgba(38, 166, 154, 1.0)",0.0,0.0,5.94779893651209,85.04018749229226,-1.3383417256132533,0.0,0.0,0.0,0.0,0.0,0.0,0.0,0.0,62.991566215840834,9.609533916835602,True,False,True,False,False,0.0,0,0.8038188647746247,0.9157762938230388,False,False,False,False,-0.16163775609765776,-0.16816291473383932,False,False,False,False,-445828.0,-593330.3922853853,False,False,False,False,30355.46877879027,False,False,False,False
2025-07-10 17:00:00+00:00,79.155,79.685,79.125,79.35,21214.0,,,,,,,79.38666666666667,77.73337623322071,77.02989178281881,76.76843692254879,,,,,,,,,77.02989178281881,75.93071733841357,77.92927693242135,94.81246568102908,97.17764554422456,"rgba(38, 166, 154, 1.0)",0.0,0.0,5.466907096172688,85.04713961012635,-1.0421138515624038,0.0,0.0,0.0,0.0,0.0,0.0,0.0,0.0,65.8643130303065,10.628375930876565,True,False,True,False,True,0.0,0,0.8034337991102201,0.9235749942561149,False,False,False,False,-0.1162740238844181,-0.1422184693091287,False,False,False,False,-424614.0,-590714.6342654568,False,False,False,False,30213.74058066949,False,False,False,False
2025-07-11 17:00:00+00:00,79.11,79.99,79.09,79.61,23708.0,,,,,,,79.47990413012184,78.20155393325923,77.54524908619773,77.21615818789118,,,,,,,,,77.54524908619773,76.3727565625925,77.94347981519974,94.75948893067125,97.12261264258454,"rgba(38, 166, 154, 1.0)",0.0,0.0,4.938171081545846,85.05491531217547,-1.102617795589008,0.0,0.0,0.0,0.0,0.0,0.0,0.0,0.0,68.02997070996192,12.82375160362212,True,False,True,False,True,0.0,0,0.7959848073792732,0.9241412412871993,False,False,False,False,-0.11373546924716997,-0.12797696927814933,False,False,False,False,-400906.0,-587771.8647419614,False,False,False,False,30112.876385620348,False,False,False,False
2025-07-14 17:00:00+00:00,78.51,79.03,78.425,78.59,48847.0,,,,,,,79.06407901331997,78.36727652387749,77.88087749582307,77.57982531852633,,,,,,,,78.68166666666667,77.88087749582307,76.83559792511367,77.95646685349813,94.64522403277667,97.00466311738442,"rgba(38, 166, 154, 1.0)",0.0,0.0,4.506532052934844,85.0495394875911,-1.4333725826679466,0.0,0.0,0.0,0.0,0.0,0.0,0.0,0.0,66.95067549668089,12.82375160362212,True,False,True,False,True,0.0,0,0.7901206227304983,0.9304854125798243,False,False,False,False,-0.12903704320757078,-0.12850700624286004,False,False,False,False,-449753.0,-585632.0373816208,False,False,False,False,30403.327914525456,False,False,False,False
2025-07-15 17:00:00+00:00,77.345,77.855,77.26,77.335,18851.0,,,,,,,78.79948447581839,78.26336848231638,77.84020260270799,77.57139225140436,,,,,,,77.48333333333333,78.34798204279792,77.84020260270799,76.88210917988118,77.95327615817055,94.59828245074502,96.95659598424989,"rgba(38, 166, 154, 1.0)",0.0,0.0,4.081785825163718,85.03770728030165,-1.887092466443337,0.0,0.0,0.0,0.0,0.0,0.0,0.0,0.0,63.499561410014095,12.82375160362212,True,False,True,False,False,0.0,0,0.7850957918514184,0.9386346523885221,False,False,False,False,-0.15117926907648507,-0.13984313765967255,False,False,False,False,-468604.0,-583817.6492051616,False,False,False,False,30224.222055385526,False,False,False,False
2025-07-16 17:00:00+00:00,78.045,78.385,77.72,78.13,19466.0,,,,,,,78.69320577754897,78.24333915361274,77.86295775857837,77.6133554812802,,,,,,,77.7856083026681,78.28776243632693,77.86295775857837,76.96468463165161,77.95414100404265,94.55175398795797,96.90871750714477,"rgba(38, 166, 154, 1.0)",0.0,0.0,3.530269656390532,85.02936549747147,-1.9543451829471932,0.0,0.0,0.0,0.0,0.0,0.0,0.0,0.0,62.395021876179975,17.493295986384425,True,False,True,False,False,0.0,0,0.7779181404749878,0.9397844028970863,False,False,False,False,-0.14179467603554582,-0.14081890684760917,False,False,False,False,-449138.0,-581729.5926283373,False,False,False,False,30057.427914991953,False,False,False,False
2025-07-17 17:00:00+00:00,78.755,79.325,78.37,78.995,37018.0,,,,,,,78.73774473105307,78.3548678112419,78.02191656835376,77.78789361045489,,,,,,,78.3315585053428,78.4692735796385,78.02191656835376,77.18887160630824,77.96637547636377,94.46835095937992,96.82226289914442,"rgba(38, 166, 154, 1.0)",0.0,0.0,3.2896209521757758,85.02309668506935,-1.8324593540426968,0.0,0.0,0.0,0.0,0.0,0.0,0.0,0.0,62.87837461012078,17.493295986384425,True,False,True,False,False,0.0,0,0.7800565622708706,0.9314968052791455,False,False,False,False,-0.12677350302613133,-0.13379620493687025,False,False,False,False,-412120.0,-579099.9865410763,False,False,False,False,30165.34376127115,False,False,False,False
2025-07-18 17:00:00+00:00,78.1,78.31,77.795,78.15,23067.0,,,,,,,78.65939335279516,78.32892105987094,78.02743276660537,77.81110595909851,,,,,,78.08500000000001,78.27376125485254,78.4090759642963,78.02743276660537,77.2492993264694,77.96732727707841,94.41414239975656,96.76638857277528,"rgba(38, 166, 154, 1.0)",0.0,0.0,3.2154489171379446,85.01145835495387,-2.1339037042022793,0.0,0.0,0.0,0.0,0.0,0.0,0.0,0.0,61.2482809408031,16.001521945918597,True,False,True,False,False,0.0,0,0.7750398456505329,0.9365195872829466,False,False,False,False,-0.14179467603554582,-0.13779544048620804,False,False,False,False,-435187.0,-576868.7774474162,False,False,False,False,30055.291920011132,False,False,False,False
2025-07-21 17:00:00+00:00,78.51,78.98,78.25,78.27,14492.0,,,,,,,78.64821608125305,78.33866633517813,78.05204205250934,77.8433378855678,,,,,,78.24512620144307,78.30280311619751,78.41722276149318,78.05204205250934,77.3001312925933,77.96999896344218,94.38112949568955,96.73223130051097,"rgba(38, 166, 154, 1.0)",0.0,0.0,3.223419295552441,85.00598676225938,-2.0897023144191826,0.0,0.0,0.0,0.0,0.0,0.0,0.0,0.0,60.36383326494305,14.916212813228015,True,False,True,False,False,0.0,0,0.7796038058268815,0.9306976646062325,False,False,False,False,-0.1311603066331202,-0.13447787355966412,False,False,False,False,-420695.0,-574447.4785722625,False,False,False,False,29814.00057241406,False,False,False,False
2025-07-22 17:00:00+00:00,79.74,81.655,79.74,80.7,73026.0,,,,,,80.69833333333332,79.1834958471731,78.86493129913202,78.60211582454012,78.3880309537992,,,,,,79.86512804629922,79.2437238866179,79.12677896240386,78.60211582454012,77.87778355710947,78.03725508937524,94.23957999988855,96.5825575348299,"rgba(38, 166, 154, 1.0)",0.0,0.0,3.295711792041451,85.02915061429343,-1.3135707511644503,0.0,0.0,0.0,0.0,0.0,0.0,0.0,0.0,63.191384372646944,14.916212813228015,True,False,True,False,True,0.970844105722751,0,0.7864179198126036,0.9179511848242113,False,False,False,False,-0.09202609408444722,-0.11325198382205567,False,False,False,False,-347669.0,-570931.5331680413,False,False,False,False,30483.954051911518,False,False,False,False
2025-07-23 17:00:00+00:00,82.805,83.355,82.625,83.01,130721.0,,,,,82.99666666666667,82.17290931073013,80.39804106462643,80.0437999767182,79.79385765319458,79.5612793817411,,,,,,81.56155440947731,80.79307609669415,80.51088894847437,79.79385765319458,79.07201025193476,78.2468491755999,94.03516566836839,96.35926948618408,"rgba(38, 166, 154, 1.0)",0.0,0.0,3.363455950047925,84.39884011135877,-0.4129205590871411,0.0,0.0,0.0,0.0,0.0,0.0,0.0,0.0,67.2504365270529,12.51887319091081,True,False,True,False,True,3.76269405610358,0,0.787036265110463,0.9155481450604421,False,False,False,False,-0.049263771339653026,-0.08125787758085434,False,False,False,False,-216948.0,-565443.4163747382,False,False,False,False,32038.01677978886,False,False,False,False
2025-07-24 17:00:00+00:00,82.33,82.74,82.0,82.09,20521.0,,,,,82.89897475568957,82.18240332994453,80.48750150256073,80.1395237175041,79.89523904182957,79.66562738995441,,,,,,81.61760217624614,80.8833732300793,80.60476117568935,79.89523904182957,79.1852307269841,78.27340841536218,94.00169998309813,96.32302896943007,"rgba(38, 166, 154, 1.0)",0.0,0.0,3.486042662020407,84.40518561161369,-0.6641300282515398,0.0,0.0,0.0,0.0,-1.0,82.625,82.48,0.0,67.80202125167119,13.072033854023566,True,False,True,False,True,2.5737704550266898,0,0.7816470196192778,0.9185445911609117,False,False,False,False,-0.06080447515479979,-0.07103117636782706,False,False,False,False,-237469.0,-560358.5417022617,False,False,False,False,31859.458380102213,False,False,False,False
2025-07-25 17:00:00+00:00,81.375,82.48,81.37,82.22,47442.0,,,,,82.68988806345756,82.15462886901476,80.63981556233314,80.30939377668126,80.0788055874244,79.8579993395798,,,,,,81.67984151337508,81.02399055912055,80.76002647742574,80.0788055874244,79.39953846215062,78.32968787734319,93.92339999450698,96.23845697719462,"rgba(38, 166, 154, 1.0)",0.0,0.0,3.59282319165185,84.41496326293094,-0.6109299416768059,0.0,0.0,0.0,0.0,0.0,0.0,0.0,0.0,68.30914406896677,13.718652486131951,True,False,True,False,True,2.7310652993019886,0,0.7842924588490494,0.9165922334226534,False,False,False,False,-0.06909752798475191,-0.07006435217628948,False,False,False,False,-190027.0,-554616.9674123041,False,False,False,False,32101.048172658768,False,False,False,False
2025-07-28 17:00:00+00:00,79.92,80.03,78.98,79.14,20977.0,,,,,82.37412150237563,81.95600895609759,80.58703248890222,80.2738862872688,80.05325464907332,79.84147102682215,,,,,79.38333333333334,81.53396888481112,80.93913434883126,80.69647649352592,80.05325464907332,79.39901488676028,78.33663379747736,93.88149580475383,96.19449493291036,"rgba(38, 166, 154, 1.0)",0.0,0.0,3.581668165370955,84.388218968562,-1.4653001691513317,0.0,0.0,0.0,0.0,0.0,0.0,0.0,0.0,62.54957031613302,17.443122289457634,True,False,True,False,False,0.0,0,0.780081146189933,0.9151557415155746,False,False,False,False,-0.11439347160065484,-0.09222891188847215,False,False,False,False,-211004.0,-549289.6345842064,False,False,False,False,31928.58230951677,False,False,False,False
2025-07-29 17:00:00+00:00,78.925,79.57,78.915,79.52,17835.0,,,,,82.14589562911937,81.80546988082435,80.5438564504642,80.24424538143367,80.03149874577323,79.82690792302152,,,,,79.36112306331376,81.42129795459486,80.87156548957368,80.64506036890461,80.03149874577323,79.39730342041776,78.3421983151728,93.84593952474081,96.15719069056462,"rgba(38, 166, 154, 1.0)",0.0,0.0,3.589291345146735,84.36758153487845,-1.3505678610996907,0.0,0.0,0.0,0.0,0.0,0.0,0.0,0.0,59.28658476047249,14.504651860343628,True,False,True,False,False,0.0,0,0.7798538466455036,0.9181455994205001,False,False,False,False,-0.11933167443085106,-0.10578029315966161,False,False,False,False,-193169.0,-543768.3844356141,False,False,False,False,31710.07715743124,False,False,False,False
2025-07-30 17:00:00+00:00,79.89,80.09,77.475,78.155,23370.0,,,,,81.82584326180236,81.57924394215296,80.4586641476507,80.17786901807466,79.97583312233839,79.78139102952524,,,,,79.06504628885101,81.24211703113825,80.75135204176794,80.5473746602829,79.97583312233839,79.36941458521008,78.34387414037677,93.79717905234328,96.10635648174554,"rgba(239, 83, 80, 1.0)",0.0,0.0,3.6028658862882326,84.3339215280422,-1.7150018132947722,0.0,0.0,0.0,0.0,-1.0,78.915,77.88,425.0,54.91393274354148,10.56823204210066,False,True,True,False,False,0.0,0,0.7706340094399795,0.9190585533869119,False,False,False,False,-0.1279994254341627,-0.11688985929691216,False,False,False,False,-216539.0,-538695.0606459146,False,False,False,False,31580.773635610596,False,False,False,False
2025-07-31 17:00:00+00:00,77.88,77.88,76.23,76.4,36887.0,,,,,81.20776130439212,81.10742798720173,80.2272909169521,79.98073291137956,79.79743149130184,79.6217740800989,,,,,78.23533932578977,80.84415297294562,80.45280116249339,80.29033851936703,79.79743149130184,79.24096803139436,78.32682082624007,93.71213865071435,96.0188270602776,"rgba(239, 83, 80, 1.0)",0.0,0.0,3.5879039930087258,84.25548091571545,-2.189434536437537,0.0,0.0,0.0,0.0,-1.0,77.475,76.545,424.0,49.64333416489724,5.877709956538816,False,True,False,True,False,0.0,0,0.7764643009833263,0.9256519880290727,False,False,False,False,-0.16073317078099708,-0.1388115150389546,False,False,False,False,-253426.0,-534272.2845118694,False,False,False,False,31663.040711027486,False,False,False,False
2025-08-01 17:00:00+00:00,76.29,76.545,75.965,75.99,30079.0,,,,,80.74523450527508,80.73669032009674,80.02624516409033,79.80565393799361,79.63662669238526,79.47552195387158,,,,,77.75353856299233,80.523239069957,80.20185782893951,80.06986900972095,79.63662669238526,79.11888129740822,78.3070728764877,93.64069405151623,95.94556628362402,"rgba(239, 83, 80, 1.0)",0.0,0.0,3.569836304822412,84.18877982635584,-2.296682291924786,0.0,0.0,0.0,0.0,0.0,0.0,0.0,0.0,45.62555910046092,2.383586322453205,False,True,False,True,False,0.0,0,0.7770576659822042,0.9253293976728271,False,False,False,False,-0.17600434773187662,-0.15740793138541562,False,False,False,False,-283505.0,-530384.4196357165,False,False,False,False,31638.48194031388,False,False,False,False
2025-08-04 17:00:00+00:00,76.83,77.555,76.52,77.14,37062.0,,,,,80.37211307484732,80.4265124185544,79.85636387917975,79.65929695654852,79.50389614315412,79.35636094087582,,,,,77.60149274010789,80.2542005290104,79.99124018876304,79.88456535442523,79.50389614315412,79.02338120471411,78.29331194456186,93.55797733507292,95.86013428594799,"rgba(239, 83, 80, 1.0)",0.0,0.0,3.5812318178691296,84.12859043950787,-1.95144877375354,0.0,0.0,0.0,0.0,1.0,77.555,76.545,426.0,45.20951996828996,2.073966930044101,False,True,False,True,False,0.0,0,0.7742886025853355,0.9265480825070445,False,False,False,False,-0.16106640863673333,-0.15923717001107446,False,False,False,False,-246443.0,-525982.2270832247,False,False,False,False,31722.56749162684,False,False,False,False
2025-08-05 17:00:00+00:00,77.555,78.52,77.555,78.15,38089.0,,,,,80.15499538028487,80.23835052138371,79.75697446699633,79.57668074310061,79.4317424724511,79.2942471092264,,,,,77.68977226189719,80.09257914888259,79.86730182786185,79.77649081928654,79.4317424724511,78.97999446098606,78.29084111402969,93.47894606184731,95.77778284893077,"rgba(239, 83, 80, 1.0)",0.0,0.0,3.6015051283004014,84.08770266105063,-1.6486725548139658,0.0,0.0,0.0,0.0,0.0,0.0,0.0,0.0,46.73115990768238,2.073966930044101,False,True,False,True,False,0.0,0,0.7763511047173256,0.9195027161660194,False,False,False,False,-0.14207868527481196,-0.15065792764294322,False,False,False,False,-208354.0,-521057.7584462755,False,False,False,False,31821.271871601617,False,False,False,False
2025-08-06 17:00:00+00:00,75.82,75.96,73.705,73.82,52515.0,,,,,79.50244661520651,79.66768191857577,79.38110738945781,79.23582807106277,79.11041191183558,78.99358638269815,,,,74.49499999999999,77.03648441414148,79.573296872249,79.42745381846677,79.37467776143943,79.11041191183558,78.7138877151278,78.23251907777542,93.34627717696989,95.64277392017394,"rgba(239, 83, 80, 1.0)",0.0,0.0,3.58743681489804,83.95977275631498,-2.826467274407778,0.0,0.0,0.0,0.0,-1.0,77.555,74.785,428.0,42.45641624208172,-0.613128709807576,False,True,False,True,False,0.0,0,0.7714672934798724,0.9205471909874429,False,False,False,False,-0.20336527902934043,-0.17701160333614183,False,False,False,False,-260869.0,-517023.82420679834,False,False,False,False,32142.104865840352,False,False,False,False
2025-08-07 17:00:00+00:00,74.595,74.785,74.08,74.51,20284.0,,,,,79.28740108214828,79.4751438602693,79.24893348873306,79.11517969844556,78.99632252441776,78.88643653533609,,,,74.48478355929797,76.84775978775258,79.3963566276183,79.27512899563045,79.23433116974807,78.99632252441776,78.61854669173168,78.2102527607395,93.29543000699684,95.59099434343783,"rgba(239, 83, 80, 1.0)",0.0,0.0,3.5704758647672983,83.91304225328545,-2.633554352256707,0.0,0.0,0.0,0.0,0.0,0.0,0.0,0.0,40.797593844578934,-2.3062865335229787,False,True,False,True,False,0.0,0,0.7741791804530416,0.9235598540765253,False,False,False,False,-0.21111173404735145,-0.19406166869174662,False,False,False,False,-240585.0,-512737.9509632821,False,False,False,False,31958.258278773057,False,False,False,False
2025-08-08 17:00:00+00:00,74.92,74.945,73.98,74.19,17147.0,,,,,79.11640262593599,79.320521454886,79.14069048352482,79.01603210408074,78.90239332640007,78.7980325410846,,,,74.4632193390108,76.70346653299121,79.25359546754508,79.15127277936624,79.11975020704615,78.90239332640007,78.53960980461233,78.19120383865368,93.25246281696421,95.54724100053804,"rgba(239, 83, 80, 1.0)",0.0,0.0,3.5656907231724704,83.87406780219267,-2.7159023465659837,0.0,0.0,0.0,0.0,-1.0,74.08,73.1,430.0,39.348999087489254,-3.907841272555686,False,True,False,True,False,0.0,0,0.7741744158952745,0.9203965345590887,False,False,False,False,-0.21052989418247503,-0.20229578143711083,False,False,False,False,-257732.0,-508784.3703281924,False,False,False,False,31728.626367474248,False,False,False,False
2025-08-11 17:00:00+00:00,73.1,73.1,71.65,71.89,32804.0,,,,,78.68567393841869,78.93114242402481,78.85854643487097,78.75447049835103,78.65220357123037,78.56027229222184,,,72.21333333333332,73.8619544874406,76.25309264564841,78.89064996065909,78.83146500003043,78.82184343633573,78.65220357123037,78.3223787006012,78.13498515871441,93.16146866731346,95.4555564958894,"rgba(239, 83, 80, 1.0)",0.0,0.0,3.5617665004304353,82.43798416397397,-2.9614474061394125,0.0,0.0,0.0,0.0,-1.0,73.98,73.73,431.0,36.177413198807045,-7.12988934641141,False,True,False,True,False,0.0,0,0.7715086034413768,0.9236115498831114,False,False,False,False,-0.251376939462559,-0.2268363604498349,False,False,False,False,-290536.0,-505400.67466418946,False,False,False,False,31745.29882689325,False,False,False,False
2025-08-12 17:00:00+00:00,72.58,73.73,72.455,73.64,24148.0,,,,,78.44806442969784,78.71187289060273,78.6960146662327,78.60364866857019,78.50811837776696,78.42342627330513,,,72.66348656178302,73.76546728569029,76.0483215877888,78.68533020877179,78.64910928588934,78.65113609329703,78.50811837776696,78.1979407598817,78.10157125423059,93.09835589661834,95.39158582330947,"rgba(239, 83, 80, 1.0)",0.0,0.0,3.5570954025282444,82.40980348034603,-2.4654394914774547,0.0,0.0,0.0,0.0,1.0,73.735,73.1,0.0,37.20870502835716,-7.12988934641141,False,True,False,True,False,0.0,0,0.7694823573809676,0.9212529089879868,False,False,False,False,-0.23725098212513038,-0.23204367128748266,False,False,False,False,-266388.0,-501695.0518011788,False,False,False,False,31627.511248181727,False,False,False,False
2025-08-13 17:00:00+00:00,74.17,75.245,73.735,74.97,26807.0,,,,74.65,78.27151365498618,78.54428126324302,78.56936306867962,78.4864239357815,78.39666959769798,78.3179970927849,,,73.2992685761132,73.90197267397792,75.94915648158926,78.52793264345706,78.50853362627544,78.51895568248803,78.39666959769798,78.10342504866087,78.07542713205999,93.03358842972129,95.32539020537973,"rgba(239, 83, 80, 1.0)",0.0,0.0,3.553936539657511,82.40201982036893,-2.0912078022319305,0.0,0.0,0.0,0.0,1.0,73.84,73.73,0.0,39.983976272732576,-7.12988934641141,False,True,False,True,True,0.0,0,0.7762492159732388,0.9144469997909263,False,False,False,False,-0.20999666435770065,-0.22102016782259165,False,False,False,False,-239581.0,-497631.2680523233,False,False,False,False,31552.774639682782,False,False,False,False
2025-08-14 17:00:00+00:00,73.94,74.875,73.84,74.535,17797.0,,,,74.55689997907513,78.15611173256404,78.43423190529195,78.48481978797507,78.40786012473257,78.32177822325696,78.24694869304888,,,73.49508501056889,73.94980511952878,75.8802488203247,78.42415826560956,78.41521931347611,78.43091436619989,78.32177822325696,78.03935468808943,78.05712037912228,92.99029772613368,95.28118288529146,"rgba(239, 83, 80, 1.0)",0.0,0.0,3.553208612145693,82.38205629849267,-2.208442327779352,0.0,0.0,0.0,0.0,1.0,75.275,75.245,0.0,41.27922718939616,-7.12988934641141,False,True,False,True,True,0.0,0,0.7773014816047946,0.9122065923089729,False,False,False,False,-0.2125669510620816,-0.21679355944233664,False,False,False,False,-257378.0,-493906.411183295,False,False,False,False,31339.506815811732,False,False,False,False
2025-08-15 17:00:00+00:00,75.62,76.29,75.275,76.12,48278.0,,,75.895,75.25241464079873,77.98627938032111,78.26296769485609,78.34927742943083,78.28281762191939,78.20392003227117,78.13622768911334,,,74.26836140884802,74.34145629326883,75.88185249321253,78.26207818741582,78.26839459519904,78.29139905188424,78.20392003227117,77.94281504452644,78.02816664401392,92.8831371599913,95.17062806687835,"rgba(239, 83, 80, 1.0)",0.0,0.0,3.559834483446447,82.36987274280335,-1.755663857930986,0.0,0.0,0.0,0.0,1.0,77.15,74.875,437.0,44.581317712895114,-11.568442315843598,False,True,False,True,True,0.0,0,0.7809314203849431,0.9115918858875074,False,False,False,False,-0.18506175711483128,-0.20092765827858394,False,False,False,False,-209100.0,-489490.80790913536,False,False,False,False,31602.119113241006,False,False,False,False
2025-08-18 17:00:00+00:00,77.745,78.13,77.15,77.27,22023.0,,77.51666666666667,76.403015035348,75.6863872474363,77.97072207196501,78.24069130528284,78.32986284796667,78.26581237863913,78.1890244552942,78.12320244697946,,,74.68462275806824,74.60855658644095,75.95909634228845,78.24090613181733,78.24893393056276,78.2724319300808,78.1890244552942,77.93423936827664,78.02506099315453,92.8393224859093,95.12482163848898,"rgba(239, 83, 80, 1.0)",0.0,0.0,3.575926046505294,82.38081198576879,-1.429227539748346,0.0,0.0,0.0,0.0,0.0,0.0,0.0,0.0,48.347317291556195,-7.905873852224097,False,True,False,False,True,0.0,0,0.7852107580675173,0.9063113720463898,False,False,False,False,-0.1496133775556385,-0.17527051791711123,False,False,False,False,-187077.0,-484802.22174000146,False,False,False,False,31453.60563861711,False,False,False,False
2025-08-19 17:00:00+00:00,77.87,78.41,77.515,78.375,22503.0,,77.81147756367066,76.81449786647127,76.0816591950008,77.9749548491731,78.23652727268743,78.32451360148144,78.26213524117746,78.1870955958105,78.12271450417252,,,75.08005512108117,74.88490654435715,76.05769696039403,78.23693205735908,78.24509583425426,78.26822368706453,78.1870955958105,77.93757911363598,78.02552304727948,92.79650477352438,95.0798041899533,"rgba(38, 166, 154, 1.0)",0.0,0.0,3.5916732806506597,82.39446915988896,-1.1191076820775854,0.0,0.0,0.0,0.0,0.0,0.0,0.0,0.0,52.242725266183704,-4.216074942934739,False,True,True,False,True,0.0,0,0.7849009031351398,0.9054911443156222,False,False,False,False,-0.1434990739827508,-0.15938479594993102,False,False,False,False,-164574.0,-479837.4431083735,False,False,False,False,31314.836558948627,False,False,False,False
2025-08-20 17:00:00+00:00,77.84,77.9,77.26,77.5,22039.0,,77.72600861313504,76.95628443469201,76.28507616951089,77.96185496225536,78.21728162272663,78.30732881908668,78.24706786289104,78.17392668521518,78.11122408795839,,,75.3319443558735,75.07687787733875,76.1222474692088,78.21855714163169,78.22806619134212,78.25153525157246,78.17392668521518,77.93014368093625,78.02268879659195,92.75325947673255,95.03453309420239,"rgba(38, 166, 154, 1.0)",0.0,0.0,3.597079255612268,82.39550380832449,-1.3609663453165186,0.0,0.0,0.0,0.0,0.0,0.0,0.0,0.0,53.291066546019124,-3.1458055845345427,False,False,True,False,True,0.0,0,0.7823804208524539,0.9054528918103273,False,False,False,False,-0.15075213509233276,-0.1550684655211319,False,False,False,False,-186613.0,-475291.3277113444,False,False,False,False,31171.025139430043,False,False,False,False
2025-08-21 17:00:00+00:00,77.04,77.52,76.86,77.435,12828.0,,77.65259787806649,76.98797309751889,76.35854000870702,77.94959481977116,78.20202681482562,78.29406781155433,78.23514659216136,78.1631446397924,78.10147691838925,,,75.4404950842033,75.16508944470033,76.15041468629967,78.20397072038804,78.21455554564447,78.23839965528397,78.1631446397924,77.92280968617084,78.0200740664245,92.72773659616736,95.00786732038145,"rgba(38, 166, 154, 1.0)",0.0,0.0,3.6121837272298634,82.39261998920152,-1.3724717133930096,0.0,0.0,0.0,0.0,1.0,80.615,77.9,439.0,53.87132475195569,-2.3520643436880277,False,False,True,False,True,0.0,0,0.7768540073162622,0.9122879946790825,False,False,False,False,-0.15816366230413334,-0.1566160639126326,False,False,False,False,-199441.0,-471014.57844450185,False,False,False,False,30886.63715277221,False,False,False,False
2025-08-22 17:00:00+00:00,80.98,81.13,80.615,80.875,13842.0,80.87333333333333,78.13075972900019,77.36801702552651,76.69431680072213,78.00458191009577,78.24773154648894,78.32921859457358,78.26948614642652,78.19764666533615,78.1357720021476,,,75.74987779875948,75.40235657052486,76.27208402659647,78.24761595929361,78.25447536729584,78.27597079966141,78.19764666533615,77.95784860051326,78.03075297302387,92.70668612825735,94.98500819570457,"rgba(38, 166, 154, 1.0)",0.0,0.0,3.685571047467532,82.41722782224979,-0.4184501675281763,0.0,0.0,0.0,0.0,0.0,0.0,0.0,0.0,58.40594002977872,2.1146541125208103,True,False,True,False,True,2.3916308376821043,0,0.7764833378488215,0.9145947523081093,False,False,False,False,-0.08875191079343038,-0.12268398735303149,False,False,False,False,-185599.0,-466589.5307166801,False,False,False,False,30622.379212419153,False,False,False,False
2025-08-25 17:00:00+00:00,80.115,80.575,79.905,80.44,19000.0,80.54550108600776,78.4991139127723,77.71586637842417,77.02892898524583,78.06251532233638,78.29497627282944,78.36553055497298,78.30524490991888,78.23386738448771,78.17202474975727,,80.30666666666667,76.0802449482134,75.6670665738676,76.40987863568654,78.29281320027465,78.2959153596098,78.31495300399588,78.23386738448771,77.99552188204002,78.04238540922697,92.67653511623301,94.95249596067282,"rgba(38, 166, 154, 1.0)",0.0,0.0,3.746223140685138,82.44142138816899,-0.5342504471858442,0.0,0.0,0.0,0.0,0.0,0.0,0.0,0.0,60.57715476645366,4.276944846385497,True,False,True,False,True,1.854778342404913,0,0.7770311289748584,0.9130607716301371,False,False,False,False,-0.10059522929584425,-0.11163960832443787,False,False,False,False,-204599.0,-462527.6620233982,False,False,False,False,30442.18728664521,False,False,False,False
2025-08-26 17:00:00+00:00,80.6,81.355,80.55,80.84,30998.0,80.72491410818714,79.02195178485404,78.23367863986925,77.53910593001999,78.17501121294934,78.38952041197237,78.43968797846767,78.37790074664174,78.3069431702378,78.2447742849972,,80.6838240862968,76.59162199542541,76.09179221070828,76.64765643019949,78.3834715417049,78.37944766660218,78.3939098791786,78.3069431702378,78.06996954433176,78.06614100451401,92.63006174455687,94.90195156813299,"rgba(38, 166, 154, 1.0)",0.0,0.0,3.802879897327621,82.48426133880326,-0.4323726710272194,0.0,0.0,0.0,0.0,1.0,81.095,80.575,442.0,62.46551320740651,6.222764478247221,True,False,True,False,True,2.3277923368528732,0,0.7770934402024889,0.9169162623919007,False,False,False,False,-0.0872557773698823,-0.09944769284716008,False,False,False,False,-173601.0,-458048.1788912525,False,False,False,False,30450.80453801505,False,False,False,False
2025-08-27 17:00:00+00:00,81.25,82.15,81.095,81.78,15207.0,80.90769088854312,79.27659016031305,78.48683595526272,77.78936074703635,78.24144172991531,78.4466705272112,78.48520537512843,78.42232511722841,78.35138336908119,78.28883247449745,,80.91498445926949,76.84238245305586,76.30500059012608,76.77454174612473,78.43836837437357,78.43021688617661,78.4420729895653,78.35138336908119,78.11451109672117,78.08072276632302,92.60886721214773,94.87862845579549,"rgba(38, 166, 154, 1.0)",0.0,0.0,3.859522647044337,82.50840993781627,-0.18873057743917904,0.0,0.0,0.0,0.0,0.0,0.0,0.0,0.0,64.7443860012451,8.560235104050008,True,False,True,False,True,3.4375169466321047,0,0.779274699203525,0.9153321470937132,False,False,False,False,-0.0747402936523654,-0.08709399324976275,False,False,False,False,-158394.0,-453402.3776681323,False,False,False,False,30214.466483162105,False,False,False,False
2025-08-28 17:00:00+00:00,81.105,81.97,80.915,81.845,11187.0,80.99062893883311,79.42828155305463,78.64546442256946,77.95075937078985,78.28736937718747,78.48621721126942,78.5168735763011,78.45328394851602,78.38238891280677,78.31960758892438,,81.01188254878348,77.00816931748584,76.44904826981465,76.86207775112729,78.476406395984,78.4654758074479,78.4755605176683,78.38238891280677,78.14569593645444,78.09108338386599,92.59318802359351,94.86139590607455,"rgba(38, 166, 154, 1.0)",0.0,0.0,3.919055788101946,82.52449909943117,-0.17338336991631853,0.0,0.0,0.0,0.0,0.0,0.0,0.0,0.0,66.33528302615079,10.276911074810016,True,False,True,False,True,3.514540580412625,0,0.7752360742705573,0.9152254641909818,False,False,False,False,-0.07810020537049121,-0.08259709931012699,False,False,False,False,-147207.0,-448655.16251048684,False,False,False,False,29919.467002803,False,False,False,False
2025-08-29 17:00:00+00:00,82.08,82.445,81.88,82.445,11703.0,81.13597792427349,79.6108249324436,78.82952551740355,78.13452971302011,78.34373763438512,78.53540307175895,78.55652524532319,78.49193782979758,78.42096339052206,78.35778560205006,,81.17724617363831,77.19364589246821,76.61044685474107,76.9630242902378,78.52373861729208,78.50940425849302,78.51735101429837,78.42096339052206,78.18407123563604,78.10395805702203,92.57784276576052,94.84433654521868,"rgba(38, 166, 154, 1.0)",0.0,0.0,4.000699192267791,82.5443039326311,-0.024821644382319017,0.0,0.0,0.0,0.0,1.0,82.445,81.97,445.0,68.0846323574112,12.174158876344777,True,False,True,False,True,4.231983647068258,0,0.7811947609413269,0.9098498562453415,False,False,False,False,-0.06467035198000406,-0.07363372564506553,False,False,False,False,-135504.0,-443800.1057273785,False,False,False,False,29637.0411577983,False,False,False,False
2025-09-01 17:00:00+00:00,82.445,82.445,82.445,82.445,0.0,81.13597792427349,79.6108249324436,78.82952551740355,78.13452971302011,78.34373763438512,78.53540307175895,78.55652524532319,78.49193782979758,78.42096339052206,78.35778560205006,,81.17724617363831,77.19364589246821,76.61044685474107,76.9630242902378,78.52373861729208,78.50940425849302,78.51735101429837,78.42096339052206,78.18407123563604,78.10395805702203,92.57784276576052,94.84433654521868,"rgba(38, 166, 154, 1.0)",0.0,0.0,4.084104269563871,82.5443039326311,-0.024314739800143842,0.0,0.0,0.0,0.0,0.0,0.0,0.0,0.0,69.25086524491813,13.554842435319259,True,False,True,False,True,4.231983647068258,0,0.783071061072482,0.9116311110154353,False,False,False,False,-0.05940762280563584,-0.06652067422535068,False,False,False,False,-135504.0,-439020.32114245795,False,False,False,False,29177.552147599876,False,False,False,False
2025-09-02 17:00:00+00:00,81.46,81.46,80.44,80.94,25586.0,81.09799483230475,79.77600716393769,79.04179215942902,78.37452909959374,78.42211846081481,78.60226581807473,78.61067425468637,78.54529438266898,78.47477111282448,78.41153178821791,80.94666666666666,81.1253500145143,77.4628113851904,76.858818275367,77.11959304090917,78.58829694403482,78.56962041935792,78.57466734935008,78.47477111282448,78.23932422400706,78.12303782943117,92.54021388426627,94.80333565673303,"rgba(38, 166, 154, 1.0)",0.0,0.0,4.117881094895394,82.56860966842831,-0.3954970119091508,0.0,0.0,0.0,0.0,-1.0,82.445,81.73,0.0,65.80298449374415,13.554842435319259,True,False,True,False,False,2.2081901291187336,0,0.7883503971947448,0.9109937444533435,False,False,False,False,-0.0873025256073844,-0.07691159991636753,False,False,False,False,-161090.0,-434711.3239154431,False,False,False,False,29121.869168567322,False,False,False,False
2025-09-03 17:00:00+00:00,81.13,81.73,81.125,81.57,19562.0,81.14813573783866,79.92275739071049,79.21503100326592,78.56444459230964,78.4908226161291,78.66190541711282,78.65944305716332,78.59318616722723,78.52285622621638,78.45939706444196,81.17558614630401,81.17668369070044,77.6713788336983,77.05249162123404,77.24665229304394,78.64592930445473,78.62348427080478,78.62605855966017,78.52285622621638,78.28805727482867,78.14015089804064,92.51291182170597,94.77333991778218,"rgba(38, 166, 154, 1.0)",0.0,0.0,4.09846191430984,82.59000734180995,-0.24887564240833548,0.0,0.0,0.0,0.0,0.0,0.0,0.0,0.0,64.55875687191704,13.554842435319259,True,False,True,False,False,2.993811821310988,0,0.7851152810317271,0.9223358367454185,False,False,False,False,-0.07838027642343229,-0.07764593816989991,False,False,False,False,-141528.0,-430165.8460252812,False,False,False,False,28973.654142698062,False,False,False,False
