date,Close,High,Low,Open,Volume,Gap_Up_aVWAP_905,Gap_Up_aVWAP_880,Gap_Up_aVWAP_872,Gap_Up_aVWAP_870,Gap_Up_aVWAP_852,Gap_Up_aVWAP_841,Gap_Up_aVWAP_835,Gap_Up_aVWAP_788,Gap_Up_aVWAP_782,Gap_Up_aVWAP_776,Gap_Down_aVWAP_908,Gap_Down_aVWAP_864,Gap_Down_aVWAP_816,Gap_Down_aVWAP_793,Gap_Down_aVWAP_773,Gap_Down_aVWAP_729,Gap_Down_aVWAP_665,Gap_Down_aVWAP_649,Gap_Down_aVWAP_648,Gap_Down_aVWAP_645,aVWAP_OB_bull_817,aVWAP_OB_bull_649,aVWAP_OB_bull_457,aVWAP_OB_bear_788,aVWAP_OB_bear_54,color,Liquidity,Liquidity_Level,StDev,StDev_Mean,StdDev_ZScore,FVG,FVG_High,FVG_Low,FVG_Mitigated_Index,QQEMOD,QQE1_Value,QQE1_Above_Upper,QQE1_Below_Lower,QQE2_Above_Threshold,QQE2_Below_Threshold,QQE2_Above_TL,banker_RSI,TTM_squeeze_Active,VI_plus,VI_minus,VI_Regular_Bullish,VI_Regular_Bearish,VI_Hidden_Bullish,VI_Hidden_Bearish,Fisher,Fisher_Signal,Fisher_Regular_Bullish,Fisher_Regular_Bearish,Fisher_Hidden_Bullish,Fisher_Hidden_Bearish,OBV,OBV_Smoothed,OBV_Regular_Bullish,OBV_Regular_Bearish,OBV_Hidden_Bullish,OBV_Hidden_Bearish,Volume_MA,Vol_Regular_Bullish,Vol_Regular_Bearish,Vol_Hidden_Bullish,Vol_Hidden_Bearish
2022-01-03 00:00:00+00:00,91.1682415455,91.5282593971,90.4565783504,90.4565783504,483896,,,,,,,,,,,,,,,,,,,,,,,,,,#000000,-1.0,87.40811,,,,0.0,0.0,0.0,0.0,,,False,False,False,False,False,,0,,,False,False,False,False,,,False,False,False,False,0,0.0,False,False,False,False,483896.0,False,False,False,False
2022-01-04 00:00:00+00:00,92.8343706728,93.2362510654,91.1682415455,91.2603391355,896800,,,,,,,,,,,,,,,,,,,,,,,,,,"rgba(38, 166, 154, 0.5)",0.0,0.0,,,,0.0,0.0,0.0,0.0,100.0,,False,False,True,False,False,,0,,,False,False,False,False,,,False,False,False,False,896800,35168.62745098039,False,False,False,False,500088.31372549024,False,False,False,False
2022-01-05 00:00:00+00:00,91.7878071506,93.7637190806,91.7626896261,93.2613685899,610954,,,,,,,,,,,,,,,,,,,,,,,,,,"rgba(38, 166, 154, 0.5)",0.0,0.0,,,,0.0,0.0,0.0,0.0,86.37939574026062,-4.4824170389575215,False,False,True,False,True,,0,,,False,False,False,False,,,False,False,False,False,285846,44999.112648981165,False,False,False,False,504435.9876970397,False,False,False,False
2022-01-06 00:00:00+00:00,93.2529960817,93.3785837044,91.8882772488,92.3655102149,590595,,,,,,,,,,,,,,,,,,,,,,,,,,"rgba(38, 166, 154, 0.5)",0.0,0.0,,,,0.0,0.0,0.0,0.0,82.55966403960558,-4.4824170389575215,False,False,True,False,True,,0,,,False,False,False,False,,,False,False,False,False,876441,77604.67685882504,False,False,False,False,507814.7724932342,False,False,False,False
2022-01-07 00:00:00+00:00,94.7600475537,94.9693602581,93.4874263107,93.504171327,621373,,,,,,,,,,,,,,,,,,,,,,,,,,"rgba(38, 166, 154, 0.5)",0.0,0.0,,,,0.0,0.0,0.0,0.0,82.5554414195515,-4.4824170389575215,False,False,True,False,True,,0,,,False,False,False,False,,,False,False,False,False,1497814,133299.16011926328,False,False,False,False,512268.0363170289,False,False,False,False
2022-01-10 00:00:00+00:00,94.492127292,95.0363403235,93.5544063761,94.8186551109,483305,,,,,,,,,,,,,,,,,,,,,,,,,,"rgba(38, 166, 154, 0.5)",0.0,0.0,,,,0.0,0.0,0.0,0.0,81.00815409964801,-4.4824170389575215,False,False,True,False,True,,0,,,False,False,False,False,,,False,False,False,False,1014509,167856.40874203728,False,False,False,False,511132.23097126314,False,False,False,False
2022-01-11 00:00:00+00:00,96.5350192873,96.5350192873,94.6052398775,94.6846949801,562224,,,,,,,,,,,,,,,,,,,,,,,,,,"rgba(38, 166, 154, 0.5)",0.0,0.0,,,,0.0,0.0,0.0,0.0,82.33322073011686,-1.5725587760828077,False,False,True,False,True,,0,,,False,False,False,False,,,False,False,False,False,1576733,223106.47114431032,False,False,False,False,513135.8297567038,False,False,False,False
2022-01-12 00:00:00+00:00,97.841130563,97.9499731693,96.8531745981,96.8531745981,634061,,,,,,,,,,,,,,,,,,,,,,,,,,"rgba(38, 166, 154, 0.5)",0.0,0.0,,,,0.0,0.0,0.0,0.0,84.13637415423017,2.6591167354767222,False,False,True,False,True,,0,,,False,False,False,False,,,False,False,False,False,2210794,301055.0016876707,False,False,False,False,517877.99329565663,False,False,False,False
2022-01-13 00:00:00+00:00,98.7202439217,99.3398095268,98.4690686763,98.6700088726,602452,,,,,,,,,,,,,,,,,,,,,,,,,,"rgba(38, 166, 154, 0.5)",0.0,0.0,,,,0.0,0.0,0.0,0.0,85.82776572982074,6.770400946571108,False,False,True,False,True,,0,,,False,False,False,False,,,False,False,False,False,2813246,399572.29573913466,False,False,False,False,521194.62100955244,False,False,False,False
2022-01-14 00:00:00+00:00,98.8207140198,99.3314370186,97.6150728422,98.1257958411,542123,,,,,,,,,,,,,,,,,,,,,,,,,,"rgba(38, 166, 154, 0.5)",0.0,0.0,,,,0.0,0.0,0.0,0.0,87.00870154932782,10.340555466420518,False,False,True,False,True,,0,,,False,False,False,False,,,False,False,False,False,3355369,515485.8919846588,False,False,False,False,522015.3417542759,False,False,False,False
2022-01-18 00:00:00+00:00,99.2477119369,100.5789407371,98.7788514789,100.0263551974,1189632,,,,,,,,,,,,,,,,,,,,,,,,,,"rgba(38, 166, 154, 0.5)",0.0,0.0,,99.53516805096667,,0.0,0.0,0.0,0.0,88.02573494928295,13.67279757169787,False,False,True,False,True,,0,,,False,False,False,False,,,False,False,False,False,4545001,673506.0922989859,False,False,False,False,548196.3871756769,False,False,False,False
2022-01-19 00:00:00+00:00,98.1341683492,100.1435703119,97.9333118781,99.9844926565,1215184,,,,,,,,,,,,,,,,,,,,,,,,,,"rgba(38, 166, 154, 0.5)",0.0,0.0,,99.13185213267181,,0.0,0.0,0.0,0.0,83.99560691133834,13.67279757169787,False,False,True,False,True,,0,,,False,False,False,False,,,False,False,False,False,3329817,777675.1475029472,False,False,False,False,574352.7641491798,False,False,False,False
2022-01-20 00:00:00+00:00,97.4727402032,99.1723593633,97.4392501705,98.3351085455,881472,,,,,,,,,,,,,,,,,,,,,,,,,,"rgba(38, 166, 154, 0.5)",0.0,0.0,,98.83580017801471,,0.0,0.0,0.0,0.0,78.95617100473643,13.67279757169787,False,False,True,False,True,,0,,,False,False,False,False,,,False,False,False,False,2448345,843191.6123067533,False,False,False,False,586396.6557511728,False,False,False,False
2022-01-21 00:00:00+00:00,95.4549657324,96.9955072371,94.7349300291,96.8280570735,1324035,,,,,,,,,,,,,,,,,,,,,,,,,,"rgba(38, 166, 154, 0.5)",0.0,0.0,,97.94340782236401,,0.0,0.0,0.0,0.0,70.13801754346788,13.67279757169787,False,False,True,False,False,,0,,,False,False,False,False,,,False,False,False,False,1124310,854215.8628045276,False,False,False,False,615323.6496432837,False,False,False,False
2022-01-24 00:00:00+00:00,94.1237369322,94.2911870957,91.8129246752,93.2111335408,1183426,,,,,,,,,,,,,,,,,,,,,,,,,,"rgba(38, 166, 154, 0.5)",0.0,0.0,,95.2132772067656,,0.0,0.0,0.0,0.0,61.6840095061916,31.117649330077086,False,False,True,False,False,,0,,,False,False,False,False,,,False,False,False,False,-59116,818398.9270082716,False,False,False,False,637602.1731866844,False,False,False,False
2022-01-25 00:00:00+00:00,95.6977684696,96.3926866483,92.558077903,93.4706812943,908949,,,,,,,,,,,,,,,,,,,,,,,,,,"rgba(38, 166, 154, 0.5)",0.0,0.0,,95.38861803436572,,0.0,0.0,0.0,0.0,59.00514183603091,27.781255698894142,False,False,True,False,False,,0,,,False,False,False,False,,,False,False,False,False,849833,819631.6357530453,False,False,False,False,648243.225218579,False,False,False,False
2022-01-26 00:00:00+00:00,96.6019993527,98.0085807266,96.1498839112,96.9368996798,1038314,,,,,,,,,,,,,,,,,,,,,,,,,,"rgba(38, 166, 154, 0.5)",0.0,0.0,,95.8775672648725,,0.0,0.0,0.0,0.0,58.643152940020954,26.471258575095575,False,False,True,False,False,,0,,,False,False,False,False,,,False,False,False,False,1888147,861534.1990568475,False,False,False,False,663540.1183472621,False,False,False,False
2022-01-27 00:00:00+00:00,95.1451829298,97.8997381203,94.9191252091,97.4476226787,778931,,,,,,,,,,,,,,,,,,,,,,,,,,"rgba(38, 166, 154, 0.5)",0.0,0.0,,95.94084230681938,,0.0,0.0,0.0,0.0,55.691310675006946,22.611838961894136,False,False,True,False,False,,0,,,False,False,False,False,,,False,False,False,False,1109216,871247.2108585397,False,False,False,False,668065.2509610951,False,False,False,False
2022-01-28 00:00:00+00:00,94.6595774555,94.9191252091,93.5292888516,94.9191252091,1589104,,,,,,,,,,,,,,,,,,,,,,,,,,#000000,0.0,0.0,,95.63919387787095,,0.0,0.0,0.0,0.0,52.91091785703249,18.962868823429403,False,False,False,False,False,,0,,,False,False,False,False,,,False,False,False,False,-479888,818261.5163150675,False,False,False,False,704184.4175900718,False,False,False,False
2022-01-31 00:00:00+00:00,95.6324629058,96.0042448786,93.9425448477,94.2974276399,2471264,,,,,,,,,,,,,,,,,,,,,,,,,,#000000,0.0,0.0,,95.56488525682715,,0.0,0.0,0.0,0.0,52.7664372497736,17.781362045146153,False,False,False,False,False,,0,,,False,False,False,False,,,False,False,False,False,1991376,864266.0058713394,False,False,False,False,773481.6561159514,False,False,False,False
2022-02-01 00:00:00+00:00,96.9843973522,97.1618387483,95.6831604475,95.7507571698,1488689,,,,,,,,,,,,,,,,,,,,,,,,,,"rgba(38, 166, 154, 0.5)",0.0,0.0,,95.71615743584006,,0.0,0.0,0.0,0.0,54.72266055479439,17.781362045146153,False,False,True,False,False,,0,,,False,False,False,False,,,False,False,False,False,3480065,966846.3585822672,False,False,False,False,801529.0029349336,False,False,False,False
2022-02-02 00:00:00+00:00,98.9531518899,99.1643916471,97.3308305541,97.4829231794,886385,,,,,,,,,,,,,,,,,,,,,,,,,,"rgba(38, 166, 154, 0.5)",0.0,0.0,,95.9224338771104,,0.0,0.0,0.0,0.0,58.39679047508213,17.781362045146153,False,False,True,False,False,,0,,,False,False,False,False,,,False,False,False,False,4366450,1100164.1484417862,False,False,False,False,804856.689094348,False,False,False,False
2022-02-03 00:00:00+00:00,98.4123781113,98.8095088549,98.1250920414,98.725012952,1429698,,,,,,,,,,,,,,,,,,,,,,,,,,"rgba(38, 166, 154, 0.5)",0.0,0.0,,96.19234165073239,,0.0,0.0,0.0,0.0,59.76426758030223,17.781362045146153,False,False,True,False,True,,0,,,False,False,False,False,,,False,False,False,False,2936752,1172187.2014440692,False,False,False,False,829360.2699141775,False,False,False,False
2022-02-04 00:00:00+00:00,98.2180375346,98.6405170491,97.3308305541,97.9645498259,613537,,,,,,,,,,,,,,,,,,,,,,,,,,"rgba(38, 166, 154, 0.5)",0.0,0.0,,96.27435437511414,,0.0,0.0,0.0,0.0,60.27711257162276,17.781362045146153,False,False,True,False,True,,0,,,False,False,False,False,,,False,False,False,False,2323215,1217325.546485478,False,False,False,False,820896.6122704843,False,False,False,False
2022-02-07 00:00:00+00:00,98.8855551676,99.189740418,98.3025334375,98.9447022996,1330261,,,,,,,,,,,,,,,,,,,,,,,,,,"rgba(38, 166, 154, 0.5)",0.0,0.0,,96.49102687117156,,0.0,0.0,0.0,0.0,61.48903420286959,17.781362045146153,False,False,True,False,True,,0,,,False,False,False,False,,,False,False,False,False,3653476,1312860.8583880085,False,False,False,False,840871.6862990928,False,False,False,False
2022-02-08 00:00:00+00:00,99.9079555927,100.1614433014,98.8095088549,98.9193535287,796742,,,,,,,,,,,,,,,,,,,,,,,,,,"rgba(38, 166, 154, 0.5)",0.0,0.0,,96.64376170379262,,0.0,0.0,0.0,0.0,63.52445311105048,17.781362045146153,False,False,True,False,True,,0,,,False,False,False,False,,,False,False,False,False,4450218,1435894.4717845572,False,False,False,False,839141.1103657952,False,False,False,False
2022-02-09 00:00:00+00:00,100.558574045,101.0570998722,100.0684978082,100.3473342878,546810,,,,,,,,,,,,,,,,,,,,,,,,,,"rgba(38, 166, 154, 0.5)",0.0,0.0,,96.77007826101436,,0.0,0.0,0.0,0.0,65.60151355543434,17.781362045146153,False,False,True,False,True,,0,,,False,False,False,False,,,False,False,False,False,4997028,1575546.7670086923,False,False,False,False,827677.1452534111,False,False,False,False
2022-02-10 00:00:00+00:00,100.6853178994,102.1259730439,100.2290400237,100.4487293713,581601,,,,,,,,,,,,,,,,,,,,,,,,,,"rgba(38, 166, 154, 0.5)",0.0,0.0,,98.27817576484449,,0.0,0.0,0.0,0.0,67.1282147617217,17.781362045146153,False,False,True,False,True,,0,,,False,False,False,False,,,False,False,False,False,5578629,1732530.3839887436,False,False,False,False,818027.1003415127,False,False,False,False
2022-02-11 00:00:00+00:00,99.8488084606,101.8429117692,99.5192744393,100.3388846975,737816,,,,,,,,,,,,,,,,,,,,,,,,,,"rgba(38, 166, 154, 0.5)",0.0,0.0,,98.25831866770199,,0.0,0.0,0.0,0.0,65.97579331245484,17.781362045146153,False,False,True,False,True,,0,,,False,False,False,False,,,False,False,False,False,4840813,1854423.8199107538,False,False,False,False,814881.5669947867,False,False,False,False
2022-02-14 00:00:00+00:00,98.7503617229,99.7305141966,98.1588904026,99.654467884,875224,,,,,,,,,,,,,,,,,,,,,,,,,,"rgba(38, 166, 154, 0.5)",0.0,0.0,,98.07573585429306,,0.0,0.0,0.0,0.0,62.69961254093574,17.781362045146153,False,False,True,False,False,,0,,,False,False,False,False,,,False,False,False,False,3965589,1937214.6112868027,False,False,False,False,817247.9369165598,False,False,False,False
2022-02-15 00:00:00+00:00,99.2404379597,99.8065605092,98.5222227851,99.8065605092,688311,,,,,,,,,,,,,,,,,,,,,,,,,,"rgba(38, 166, 154, 0.5)",0.0,0.0,,98.06205257375962,,0.0,0.0,0.0,0.0,61.3167283896135,17.781362045146153,False,False,True,False,False,,0,,,False,False,False,False,,,False,False,False,False,4653900,2043751.2931971243,False,False,False,False,812191.5864492437,False,False,False,False
2022-02-16 00:00:00+00:00,99.6460182937,100.1952416626,99.0376477928,99.3587322238,469071,,,,,,,,,,,,,,,,,,,,,,,,,,"rgba(38, 166, 154, 0.5)",0.0,0.0,,98.09228146992565,,0.0,0.0,0.0,0.0,61.05145985718815,17.781362045146153,False,False,True,False,False,,0,,,False,False,False,False,,,False,False,False,False,5122971,2164505.007189394,False,False,False,False,798735.8771767244,False,False,False,False
2022-02-17 00:00:00+00:00,97.7279612978,99.4432281267,97.5843182628,99.0460973831,738789,,,,,,,,,,,,,,,,,,,,,,,,,,"rgba(38, 166, 154, 0.5)",0.0,0.0,,98.02506148271009,,0.0,0.0,0.0,0.0,56.87558406191276,14.078072569538449,False,False,True,False,False,,0,,,False,False,False,False,,,False,False,False,False,4384182,2251551.163770202,False,False,False,False,796385.0192482254,False,False,False,False
2022-02-18 00:00:00+00:00,97.0012965328,98.2518358958,96.832304727,97.9645498259,769522,,,,,,,,,,,,,,,,,,,,,,,,,,#000000,0.0,0.0,,97.91484247173015,,0.0,0.0,0.0,0.0,52.857433621652646,10.08599387404034,False,False,False,False,False,,0,,,False,False,False,False,,,False,False,False,False,3614660,2305006.412249802,False,False,False,False,795331.5675130009,False,False,False,False
2022-02-22 00:00:00+00:00,96.9168006299,97.6688141657,95.8521522533,96.2830813581,1711137,,,,,,,,,,,,,,,,,,,,,,,,,,#000000,0.0,0.0,,97.6891734784067,,0.0,0.0,0.0,0.0,50.03425543095826,7.315392570533334,False,False,False,False,False,,0,,,False,False,False,False,,,False,False,False,False,1903523,2289261.964710594,False,False,False,False,831245.5060419029,False,False,False,False
2022-02-23 00:00:00+00:00,95.6831604475,97.9138522842,95.522618232,97.7955580201,965235,,,,,,,,,,,,,,,,,,,,,,,,,,"rgba(239, 83, 80, 0.5)",0.0,0.0,,97.57365426365847,,0.0,0.0,0.0,0.0,46.16394352056925,3.6018645704575576,False,False,False,True,False,,0,,,False,False,False,False,,,False,False,False,False,938288,2236282.593545473,False,False,False,False,836499.996001044,False,False,False,False
2022-02-24 00:00:00+00:00,93.950994438,94.0777382924,91.5766595664,91.9399919489,1717708,,,,,,,,,,,,,,,,,,,,,,,,,,"rgba(239, 83, 80, 0.5)",0.0,0.0,,96.11516492328234,,0.0,0.0,0.0,0.0,41.382432692099115,-0.8789182248638809,False,False,False,True,False,,0,,,False,False,False,False,,,False,False,False,False,-779420,2118019.7467397684,False,False,False,False,871057.172628454,False,False,False,False
2022-02-25 00:00:00+00:00,96.6464137406,97.0345879186,94.736806335,94.9057981408,1088021,,,,,,,,,,,,,,,,,,,,,,,,,,"rgba(239, 83, 80, 0.5)",0.0,0.0,,96.352577233457,,0.0,0.0,0.0,0.0,43.36100820351179,-0.8789182248638809,False,False,False,True,False,,0,,,False,False,False,False,,,False,False,False,False,308601,2047062.148828405,False,False,False,False,879565.5580155735,False,False,False,False
2022-02-28 00:00:00+00:00,96.2408334067,96.4605227542,94.8044030573,94.8044030573,1219792,,,,,,,,,,,,,,,,,,,,,,,,,,"rgba(239, 83, 80, 0.5)",0.0,0.0,,96.40663277139541,,0.0,0.0,0.0,0.0,44.10812551425503,-0.8789182248638809,False,False,False,True,False,,0,,,False,False,False,False,,,False,False,False,False,-911191,1931052.2214233696,False,False,False,False,892907.7714267275,False,False,False,False
2022-03-01 00:00:00+00:00,95.8352530728,98.5306723754,94.9057981408,97.4744735891,1365578,,,,,,,,,,,,,,,,,,,,,,,,,,"rgba(239, 83, 80, 0.5)",0.0,0.0,,96.48281638633281,,0.0,0.0,0.0,0.0,44.02314647516701,-0.8789182248638809,False,False,False,True,False,,0,,,False,False,False,False,,,False,False,False,False,-2276769,1766039.6245048062,False,False,False,False,911443.8588217578,False,False,False,False
2022-03-02 00:00:00+00:00,98.7672609035,99.3249338627,96.8661030882,97.1111412066,887383,,,,,,,,,,,,,,,,,,,,,,,,,,#000000,0.0,0.0,,96.63503632968943,,0.0,0.0,0.0,0.0,48.340841076095714,-0.8789182248638809,False,False,False,False,True,,0,,,False,False,False,False,,,False,False,False,False,-1389386,1642297.4431516766,False,False,False,False,910500.2957307085,False,False,False,False
2022-03-03 00:00:00+00:00,98.4546260627,99.4601273073,97.939201055,99.0545469734,774053,,,,,,,,,,,,,,,,,,,,,,,,,,#000000,0.0,0.0,,96.75791698595398,,0.0,0.0,0.0,0.0,50.71254537029722,-6.846435651689404,False,False,False,False,True,,0,,,False,False,False,False,,,False,False,False,False,-2163439,1493052.8767535717,False,False,False,False,905149.4213883278,False,False,False,False
2022-03-04 00:00:00+00:00,97.094242026,97.4660239988,95.6493620864,96.5365690668,889865,,,,,,,,,,,,,,,,,,,,,,,,,,#000000,0.0,0.0,,96.7704324234331,,0.0,0.0,0.0,0.0,50.20018236165181,-6.846435651689404,False,False,False,False,True,,0,,,False,False,False,False,,,False,False,False,False,-3053304,1314764.3717828435,False,False,False,False,904550.0323142757,False,False,False,False
2022-03-07 00:00:00+00:00,93.8580489448,96.5027707057,93.8580489448,95.8014547116,1108266,,,,,,,,,,,,,,,,,,,,,,,,,,"rgba(239, 83, 80, 0.5)",0.0,0.0,,96.6540194044232,,0.0,0.0,0.0,0.0,46.111338302828635,-6.846435651689404,False,False,False,True,False,,0,,,False,False,False,False,,,False,False,False,False,-4161570,1100006.1611246928,False,False,False,False,912538.8937921473,False,False,False,False
2022-03-08 00:00:00+00:00,93.748204271,95.6071141349,92.7765013877,94.1875829661,1197337,,,,,,,,,,,,,,,,,,,,,,,,,,"rgba(239, 83, 80, 0.5)",0.0,0.0,,96.50230369808105,,0.0,0.0,0.0,0.0,43.27842910531365,-6.846435651689404,False,False,False,True,False,,0,,,False,False,False,False,,,False,False,False,False,-5358907,846715.4489237245,False,False,False,False,923707.446976769,False,False,False,False
2022-03-09 00:00:00+00:00,97.0857924357,97.3477297347,95.3113784748,95.9028497951,883174,,,,,,,,,,,,,,,,,,,,,,,,,,"rgba(239, 83, 80, 0.5)",0.0,0.0,,96.51555602553357,,0.0,0.0,0.0,0.0,45.97519531170997,-6.846435651689404,False,False,False,True,False,,1,,,False,False,False,False,,,False,False,False,False,-4475733,637991.9803384804,False,False,False,False,922117.9000365037,False,False,False,False
2022-03-10 00:00:00+00:00,97.0012965328,97.6857133463,96.0126944688,96.4943211154,648152,,,,,,,,,,,,,,,,,,,,,,,,,,#000000,0.0,0.0,,96.5336501961231,,0.0,0.0,0.0,0.0,47.66854009233261,-6.846435651689404,False,False,False,False,True,,1,,,False,False,False,False,,,False,False,False,False,-5123885,412036.0203252068,False,False,False,False,911374.1392507585,False,False,False,False
2022-03-11 00:00:00+00:00,97.5843182628,98.6151682783,97.4575744085,97.6519149852,661160,,,,,,,,,,,,,,,,,,,,,,,,,,#000000,0.0,0.0,,96.58030641169424,,0.0,0.0,0.0,0.0,49.51970389380319,-6.846435651689404,False,False,False,False,True,,1,,,False,False,False,False,,,False,False,False,False,-4462725,220868.92148892416,False,False,False,False,901561.8200644542,False,False,False,False
2022-03-14 00:00:00+00:00,98.0236969579,99.2235387792,97.6857133463,97.8124572007,711931,,,,,,,,,,,,,,,,,,,,,,,,,,#000000,0.0,0.0,,96.639809965059,,0.0,0.0,0.0,0.0,51.305797824670755,-5.931404194726412,False,False,False,False,True,,1,,,False,False,False,False,,,False,False,False,False,-3750794,65117.43437171145,False,False,False,False,894125.3173168286,False,False,False,False
2022-03-15 00:00:00+00:00,98.2940838472,98.5053236045,97.0249553856,98.1504408123,891974,,,,,,,,,,,,,,,,,,,,,,,,,,"rgba(38, 166, 154, 0.5)",0.0,0.0,,96.69386119571959,,0.0,0.0,0.0,0.0,52.84851613657073,-4.240832015023194,False,False,True,False,True,7.771887941786371,1,,,False,False,False,False,0.10930979090637175,0.10930979090637175,False,False,False,False,-2858820,-49546.77874090467,False,False,False,False,894040.9519318551,False,False,False,False
2022-03-16 00:00:00+00:00,100.8712088858,101.2007429071,99.1559420568,99.5530728005,986311,,,,,,,,,,,,,,,,,,,,,,,,,,"rgba(38, 166, 154, 0.5)",0.0,0.0,,96.84580749319656,,0.0,0.0,0.0,0.0,56.77095310719676,-0.3456621573194667,False,False,True,False,True,12.64905491465284,1,1.01253431017021,0.8307818662400183,False,False,False,False,0.2623861193124842,0.18584795510942798,False,False,False,False,-1872509,-121035.4933000849,False,False,False,False,897659.3851894294,False,False,False,False
2022-03-17 00:00:00+00:00,101.6654703731,101.6908191439,100.4149310101,100.5923724062,747571,,,,,,,,,,,,,,,,,,,,,,,,,,"rgba(38, 166, 154, 0.5)",0.0,0.0,,96.97624310721554,,0.0,0.0,0.0,0.0,60.12438947109068,2.9070694385126927,False,False,True,False,True,14.039854781250941,0,1.0178679307591698,0.8411558943606973,False,False,False,False,0.3320623244742399,0.25895513979183393,False,False,False,False,-1124938,-160404.21905302274,False,False,False,False,891773.566162393,False,False,False,False
2022-03-18 00:00:00+00:00,102.4597318604,102.7047699788,100.8627592955,101.0739990527,938581,,,,,,,,,,,,,,,,,,,,,,,,,,"rgba(38, 166, 154, 1.0)",0.0,0.0,,97.1541547055545,,0.0,0.0,0.0,0.0,63.072414957665,5.739973379845665,True,False,True,False,True,15.396503048976452,0,1.0164896937806704,0.8362504184412642,False,False,False,False,0.3428282463210709,0.3008916930564524,False,False,False,False,-186357,-161421.9751685905,False,False,False,False,893609.1518030835,False,False,False,False
2022-03-21 00:00:00+00:00,102.5611269438,103.2370941671,102.2400425128,102.9920560486,764702,,,,,,,,,,,,,,,,,,,,,,,,,,"rgba(38, 166, 154, 1.0)",0.0,0.0,,97.30723908127368,,0.0,0.0,0.0,0.0,65.13051938448321,7.750302519617499,True,False,True,False,True,15.568794262285383,0,1.0296199120298488,0.8274367721485281,False,False,False,False,0.34282824694258596,0.32185996999951916,False,False,False,False,578345,-132411.50555413595,False,False,False,False,888553.9693794332,False,False,False,False
2022-03-22 00:00:00+00:00,103.3722876117,103.7356199942,102.6625220273,103.0343040001,634444,,,,,,,,,,,,,,,,,,,,,,,,,103.25680987773335,"rgba(38, 166, 154, 1.0)",1.0,100.74253,,98.60332249777825,,0.0,0.0,0.0,0.0,67.25234255519526,9.867135834123168,True,False,True,False,True,16.93885831547218,0,1.0196612499512032,0.8362955589234472,False,False,False,False,0.3428282472743724,0.33234410863694575,False,False,False,False,1212789,-79658.54455201299,False,True,False,False,878588.872541024,False,False,False,False
2022-03-23 00:00:00+00:00,99.5023752587,100.499426913,99.4770264879,100.0431490373,1451485,,,,,,,,,,,,,,,,,,,,,,,,,100.86968733119001,"rgba(38, 166, 154, 0.5)",0.0,0.0,,98.2171215614335,,0.0,0.0,0.0,0.0,62.05669970111076,9.867135834123168,False,False,True,False,False,7.66200989471848,0,1.0021742715623847,0.8441118292896049,False,False,False,False,0.12635038076124672,0.22934724469909623,False,False,False,False,-238696,-85895.30751075757,False,False,False,False,901055.3873433368,False,False,False,False
2022-03-24 00:00:00+00:00,100.3726830586,100.7360154411,99.6460182937,99.8826068218,779645,,,,,,,,,,,,,,,,,,,,,,,,,100.70151497856695,"rgba(38, 166, 154, 0.5)",0.0,0.0,,98.23711475638837,,0.0,0.0,0.0,0.0,59.62744520995663,17.341709503668667,False,False,True,False,False,9.18594226082314,0,0.9934843113946022,0.8546607108054385,False,False,False,False,0.1394841621359532,0.18441570341752472,False,False,False,False,540949,-61313.17780445336,False,False,False,False,896294.1956828139,False,False,False,False
2022-03-25 00:00:00+00:00,101.1922933168,101.2683396294,100.4656285518,100.4909773227,632639,,,,,,,,,,,,,,,,,,,,,,,,,100.75104978812602,"rgba(38, 166, 154, 0.5)",0.0,0.0,,98.29996729684197,,0.0,0.0,0.0,0.0,58.948255028809896,16.662260840332777,False,False,True,False,False,10.586783643033204,0,0.9819133785840782,0.8584590761321095,False,False,False,False,0.18363759563414547,0.18402664952583508,False,False,False,False,1173588,-12885.680635651268,False,False,False,False,885954.7762442722,False,False,False,False
2022-03-28 00:00:00+00:00,100.7867129829,100.7867129829,99.8065605092,100.761364212,520880,,,,,,,,,,,,,,,,,,,,,,,,,100.71332874958829,"rgba(38, 166, 154, 0.5)",0.0,0.0,,98.3276285842179,,0.0,0.0,0.0,0.0,57.86516489617602,15.41766500613619,False,False,True,False,False,9.676707592594315,0,0.9621868973559762,0.8684405969568196,False,False,False,False,0.14634337361016989,0.16518501156800247,False,False,False,False,652708,13216.032330452703,False,False,False,False,871638.11835234,False,False,False,False
2022-03-29 00:00:00+00:00,100.7782633926,101.7668654566,100.4735711667,101.4795793867,662967,,,,,,,,,,,,,,,,,,,,,,,,,100.75480324514909,"rgba(38, 166, 154, 0.5)",0.0,0.0,,98.38776406426166,,0.0,0.0,0.0,0.0,57.129145272678024,14.421031944345586,False,False,True,False,False,9.657570785914803,0,0.9766952825071419,0.858374596200652,False,False,False,False,0.2003535002707813,0.1827692559193919,False,False,False,False,-10259,12295.442827297695,False,False,False,False,863454.9372404835,False,False,False,False
2022-03-30 00:00:00+00:00,100.3219855169,101.2936884003,100.1022961694,101.0655494625,650753,,,,,,,,,,,,,,,,,,,,,,,,,100.7325762490774,"rgba(38, 166, 154, 0.5)",0.0,0.0,,98.42533649073798,,0.0,0.0,0.0,0.0,55.84531569574104,12.860654203570498,False,True,True,False,False,8.616298929136622,0,0.9616723622412896,0.8742240341788664,False,False,False,False,0.17253925291241148,0.17765425441590169,False,False,False,False,-661012,-14108.770616910057,False,False,False,False,855113.6847996801,False,False,False,False
2022-03-31 00:00:00+00:00,99.6798166548,100.7782633926,99.4939256685,100.0600482179,1277303,,,,,,,,,,,,,,,,,,,,,,,,,100.58792579891437,"rgba(38, 166, 154, 0.5)",0.0,0.0,,98.45683588131871,,0.0,0.0,0.0,0.0,53.886978732553104,10.678594137209828,False,True,True,False,False,7.164927527180282,0,0.963645772206179,0.8738678276691833,False,False,False,False,0.13592255912012288,0.15678840676801228,False,False,False,False,-1938315,-89567.83843585476,False,False,False,False,871670.1285330261,False,False,False,False
2022-04-01 00:00:00+00:00,98.8517568064,100.3726830586,98.4123781113,100.2543887946,712914,,,,,,,,,,,,,,,,,,,,,,,,,100.45400276667836,#000000,0.0,0.0,,98.44950798026825,,0.0,0.0,0.0,0.0,51.23344701287738,7.902170811285551,False,True,False,False,False,5.330277235649991,0,0.9579907180002454,0.8686252886041894,False,False,False,False,0.08800243805758406,0.12239542241279817,False,False,False,False,-2651229,-190025.13888935064,False,False,False,False,865444.3980023193,False,False,False,False
2022-04-04 00:00:00+00:00,99.4009801753,99.6882662451,98.3194326181,98.868655987,537895,,,,,,,,,,,,,,,,,,,,,,,,,100.36383203642573,#000000,0.0,0.0,,98.44473180274733,,0.0,0.0,0.0,0.0,50.46932182107901,6.931138997841998,False,True,False,False,False,6.367466596195165,0,0.9792025588099433,0.8567998106385906,False,False,False,False,0.0631264846499095,0.09276095353135383,False,False,False,False,-2113334,-265449.0157956506,False,False,False,False,852599.3235708558,False,False,False,False
2022-04-05 00:00:00+00:00,99.9502035441,101.0148519207,99.24888755,99.5023752587,712405,,,,,,,,,,,,,,,,,,,,,,,,,100.33952513691796,#000000,0.0,0.0,,98.47113997156733,,0.0,0.0,0.0,0.0,50.9433520555539,6.931138997841998,False,True,False,False,False,7.394465886005175,0,1.0204274402068936,0.8251831334039925,False,False,False,False,0.1356487326888127,0.11420484311008326,False,False,False,False,-1400929,-309977.6426271937,False,False,False,False,847101.506960234,False,False,False,False
2022-04-06 00:00:00+00:00,98.6827650006,99.8488084606,98.2264871249,99.6291191131,749762,,,,,,,,,,,,,,,,,,,,,,,,,100.225315097446,#000000,0.0,0.0,,98.4617046619142,,0.0,0.0,0.0,0.0,49.046771283266025,5.014346009547175,False,True,False,False,False,4.589998234262911,0,1.0016181088592322,0.8539986058003916,False,False,False,False,0.06528607667701483,0.08974545989354904,False,False,False,False,-2150691,-382162.4801712253,False,False,False,False,843284.271393166,False,False,False,False
2022-04-07 00:00:00+00:00,96.6464137406,98.3954789307,95.8521522533,98.2856342569,800237,,,,,,,,,,,,,,,,,,,,,,,,,99.96756593856169,"rgba(239, 83, 80, 1.0)",0.0,0.0,,98.39171568028016,,0.0,0.0,0.0,0.0,45.00098558541684,0.9937175340356745,False,True,False,True,False,0.38342948310432234,0,0.9421638315781347,0.8879153908491202,False,False,False,False,-0.05665116084597935,0.016547149523784846,False,False,False,False,-2950928,-482898.38290960866,False,False,False,False,841596.143103238,False,False,False,False
2022-04-08 00:00:00+00:00,97.4406752279,97.8716043327,96.6548633309,96.6802121018,507013,,,,,,,,,,,,,,,,,,,,,,,,,99.84140413025938,"rgba(239, 83, 80, 1.0)",0.0,0.0,,98.35891765068047,,0.0,0.0,0.0,0.0,43.84553847162195,-0.21443680333677406,False,True,False,True,False,1.9206941492975211,0,0.962234771175649,0.8901048534146858,False,False,False,False,-0.04775521345639644,-0.015604031966305797,False,False,False,False,-2443915,-559800.995344526,False,False,False,False,828475.235530562,False,False,False,False
2022-04-11 00:00:00+00:00,96.7478088241,97.8462555618,96.4858715251,97.153389158,671199,,,,,,,,,,,,,,,,,,,,,,,,,99.67423548399688,"rgba(239, 83, 80, 1.0)",0.0,0.0,,98.31185300920359,,0.0,0.0,0.0,0.0,42.165302015727164,-1.9562564799758917,False,True,False,True,False,0.5354569531495628,0,0.9772720640046993,0.8612566850521537,False,False,False,False,-0.05395453763960301,-0.034779284802954405,False,False,False,False,-3115114,-660009.3484682702,False,False,False,False,822307.5400195596,False,False,False,False
2022-04-12 00:00:00+00:00,95.6493620864,97.1702883386,95.2691305233,96.773157595,521995,,,,,,,,,,,,,,,,,,,,,,,,,99.5133288978087,"rgba(239, 83, 80, 1.0)",0.0,0.0,,98.25919622399908,,0.0,0.0,0.0,0.0,39.71504463841017,-4.40838190981939,False,True,False,True,False,0.0,0,0.9601512481489464,0.8794796638523208,False,False,False,False,-0.11462154740787998,-0.0747004161054172,False,False,False,False,-3637109,-776758.354410691,False,False,False,False,810530.5776658513,False,False,False,False
2022-04-13 00:00:00+00:00,95.7676563504,95.8775010242,94.2382805079,95.0663403563,671183,,,,,,,,,,,,,,,,,,,,,,,,,99.28670354244687,"rgba(239, 83, 80, 1.0)",0.0,0.0,,98.17885014763628,,0.0,0.0,0.0,0.0,38.34303764885361,-5.830590393716598,False,True,False,True,False,0.0,0,0.9317158601387943,0.9057997293372538,False,False,False,False,-0.19031797517096893,-0.13250919563819308,False,False,False,False,-2965926,-862608.0660024286,False,False,False,False,805065.9667769945,False,False,False,False
2022-04-14 00:00:00+00:00,95.9281985659,96.511220296,95.5986645446,95.8099043019,486978,,,,,,,,,,,,,,,,,,,,,,,,,99.16388674964618,"rgba(239, 83, 80, 1.0)",0.0,0.0,,98.13630771470818,,0.0,0.0,0.0,0.0,37.80724030422717,-6.518443773956001,False,True,False,True,False,0.0,0,0.9314251907067915,0.9191444732258262,False,False,False,False,-0.12525792141328296,-0.12888355852573802,False,False,False,False,-2478948,-925993.9457670393,False,False,False,False,792591.9288641711,False,False,False,False
2022-04-18 00:00:00+00:00,95.7761059407,96.3591276707,95.4381223291,95.6071141349,403735,,,,,,,,,,,,,,,,,,,,,,,,,99.06416722895216,"rgba(239, 83, 80, 1.0)",0.0,0.0,,98.10061925785129,,0.0,0.0,0.0,0.0,37.22889229759237,-7.311810469264046,False,True,False,True,False,0.0,0,0.922895752547821,0.9185972579168535,False,False,False,False,-0.13537493296146244,-0.13212924574360024,False,False,False,False,-2882683,-1002726.8498546064,False,False,False,False,777342.6375361644,False,False,False,False
2022-04-19 00:00:00+00:00,96.7900567756,96.8154055464,95.6747108572,96.1816862747,451757,,,,,,,,,,,,,,,,,,,,,,,,,98.97805990880128,"rgba(239, 83, 80, 1.0)",0.0,0.0,,98.07095838157858,,0.0,0.0,0.0,0.0,39.33547917567857,-7.311810469264046,False,True,False,True,False,0.7365985045183869,0,0.9337023513661494,0.9118124646737216,False,False,False,False,-0.11298753093122502,-0.12255838833741263,False,False,False,False,-2430926,-1058734.6596642297,False,False,False,False,764574.5733190599,False,False,False,False
2022-04-20 00:00:00+00:00,99.2066395986,100.1107457597,97.8462555618,98.0659449094,623874,,,,,,,,,,,,,,,,,,,,,,,,,98.98135968634314,"rgba(239, 83, 80, 0.75)",0.0,0.0,2.5302990189606622,98.08502770520312,0.44327246898178796,0.0,0.0,0.0,0.0,45.15548587082831,-10.428136820448039,False,True,False,True,True,5.351075621616985,0,0.9376788887218106,0.8968025418592591,False,False,False,False,0.06150717754275726,-0.030525605397327685,False,False,False,False,-1807052,-1088080.4377166128,False,False,False,False,759056.903777136,False,False,False,False
2022-04-21 00:00:00+00:00,98.0152473677,100.5205508887,97.7449449743,100.0853969888,626126,,,,,,,,,,,,,,,,,,,,,,,,,98.97218342850724,"rgba(239, 83, 80, 0.75)",0.0,0.0,2.4146199479222896,98.20414412249129,-0.07823042916291119,0.0,0.0,0.0,0.0,46.898249699552444,-8.848934785187353,False,True,False,True,True,2.9155168218459835,0,0.9323749546062154,0.9040384915617639,False,False,False,False,0.07136595871793393,0.020420176660303123,False,False,False,False,-2433178,-1140829.3617277262,False,False,False,False,753843.9271584249,False,False,False,False
2022-04-22 00:00:00+00:00,94.6607600224,97.3984272765,94.5002178069,97.3139313736,796839,,,,,,,,,,,,,,,,,,,,,,,,,98.7989910617712,"rgba(239, 83, 80, 1.0)",0.0,0.0,2.373453564698119,97.84462037881043,-1.3414462384122487,0.0,0.0,0.0,0.0,43.70922934896339,-8.848934785187353,False,True,False,True,False,0.0,0,0.8914377686183613,0.941801655661161,False,False,False,False,-0.13209081959065674,-0.05583532146517681,False,False,False,False,-3230017,-1222758.2887187956,False,False,False,False,755530.0084463297,False,False,False,False
2022-04-25 00:00:00+00:00,93.9171960768,94.2130162329,91.9653407198,94.0016919798,995589,,,,,,,,,,,,,,,,,,,,,,,,,98.4784957450132,"rgba(239, 83, 80, 1.0)",0.0,0.0,2.3131027287808346,97.48074321986904,-1.5405918201252051,0.0,0.0,0.0,0.0,40.84388323662935,-2.9636436807155206,False,True,False,True,False,0.0,0,0.8668924412304471,0.9799042254586723,False,False,False,False,-0.3242328837847653,-0.19003410262497106,False,False,False,False,-4225606,-1340517.0224945291,False,False,False,False,764944.0865464737,False,False,False,False
2022-04-26 00:00:00+00:00,91.5682099761,93.8158009934,91.534411615,93.0468882769,1797267,,,,,,,,,,,,,,,,,,,,,,,,,97.88453318978038,"rgba(239, 83, 80, 1.0)",0.0,0.0,2.3652661269830486,97.02061101863855,-2.305195588918029,0.0,0.0,0.0,0.0,36.93066244408537,-6.566111759021375,False,True,False,True,False,0.0,0,0.8687239502650443,0.9800420720692122,False,False,False,False,-0.34282825441539394,-0.2664311785201825,False,False,False,False,-6022873,-1524138.8255339593,False,False,False,False,805427.3380544551,False,False,False,False
2022-04-27 00:00:00+00:00,90.9513898849,91.9484415392,90.5123491735,91.2555751354,792276,,,,,,,,,,,,,,,,,,,,,,,,,97.60996578065307,"rgba(239, 83, 80, 1.0)",0.0,0.0,2.469124460483996,96.82682614086768,-2.3795626141972552,0.0,0.0,0.0,0.0,33.86488532771063,-9.34125211405766,False,True,False,True,False,0.0,0,0.8729180009451153,0.978736086865768,False,False,False,False,-0.34282825441539394,-0.30462971646778825,False,False,False,False,-6815149,-1731629.420611059,False,False,False,False,804911.5993072216,False,False,False,False
2022-04-28 00:00:00+00:00,92.2610763799,92.7258038459,90.7317005374,91.272474316,1181462,,,,,,,,,,,,,,,,,,,,,,,,,97.2836419487321,"rgba(239, 83, 80, 1.0)",0.0,0.0,2.521280720089432,96.62996411475443,-1.7328049590207697,0.0,0.0,0.0,0.0,34.20849550390552,-9.34125211405766,False,True,False,True,False,0.0,0,0.8723888383137768,0.971984387273795,False,False,False,False,-0.31228964534807335,-0.3084596809079308,False,False,False,False,-5633687,-1884651.286469449,False,False,False,False,819678.2816873306,False,False,False,False
2022-04-29 00:00:00+00:00,90.4773678697,93.1650678771,90.2725907262,92.5166069229,1856963,,,,,,,,,,,,,,,,,,,,,,,,,96.79038154329177,"rgba(239, 83, 80, 1.0)",0.0,0.0,2.652036196594079,96.32768455075374,-2.2059716562568434,0.0,0.0,0.0,0.0,32.933747976354326,-10.285300807151593,False,True,False,True,False,0.0,0,0.8651030742602704,0.971965242256173,False,False,False,False,-0.31289206433307953,-0.31067587262050517,False,False,False,False,-7490650,-2104494.3732745685,False,False,False,False,860356.1137780235,False,False,False,False
2022-05-02 00:00:00+00:00,89.7435831057,90.724806918,88.3406890256,90.3152526311,809995,,,,,,,,,,,,,,,,,,,,,,,,,96.5407106181795,"rgba(239, 83, 80, 1.0)",0.0,0.0,2.802542458207221,96.16019442299684,-2.2895679237635993,0.0,0.0,0.0,0.0,31.5241358362062,-11.803762110352963,False,True,False,True,False,0.0,0,0.8628629467432424,0.9902890408284736,False,False,False,False,-0.34282825441539394,-0.32675206351794955,False,False,False,False,-8300645,-2347480.6723618405,False,False,False,False,858381.1681396697,False,False,False,False
2022-05-03 00:00:00+00:00,91.6377716824,92.1667793029,89.991022154,90.2043316784,787008,,,,,,,,,,,,,,,,,,,,,,,,,96.36846639201306,"rgba(239, 83, 80, 1.0)",0.0,0.0,2.8787983686041834,96.05830591563712,-1.5355484015299288,0.0,0.0,0.0,0.0,33.80816858412635,-11.803762110352963,False,True,False,True,False,0.0,0,0.8847596823508896,0.9628668022215592,False,False,False,False,-0.26110657525647046,-0.29392931938721,False,False,False,False,-7513637,-2550075.038151572,False,False,False,False,855582.2203694866,False,False,False,False
2022-05-04 00:00:00+00:00,92.6189954946,92.7298311235,90.5200297745,91.4927212058,817200,,,,,,,,,,,,,,,,,,,,,,,,,96.22378839963913,"rgba(239, 83, 80, 0.75)",0.0,0.0,2.9259771695621786,95.9786685957439,-1.148222595888065,0.0,0.0,0.0,0.0,36.80471375484531,-11.803762110352963,False,True,False,True,True,0.0,0,0.899551259328907,0.952100208309195,False,False,False,False,-0.2330920295862194,-0.2635106744867147,False,False,False,False,-6696437,-2712677.468027981,False,False,False,False,854077.0352569578,False,False,False,False
2022-05-05 00:00:00+00:00,89.9568926301,92.3459593034,89.193585828,92.3118297795,807715,,,,,,,,,,,,,,,,,,,,,,,,,96.04406674553758,"rgba(239, 83, 80, 0.75)",0.0,0.0,3.0374829819601796,95.86464271138493,-1.9449491952289,0.0,0.0,0.0,0.0,36.28639848034662,-11.803762110352963,False,True,False,True,True,0.0,0,0.8885636543001528,0.9559203151847367,False,False,False,False,-0.27714349199421723,-0.27032708324046595,False,False,False,False,-7504152,-2900578.4300660994,False,False,False,False,852258.9162272732,False,False,False,False
2022-05-06 00:00:00+00:00,89.2657697711,89.7521154867,88.4381288164,89.6753240579,727913,,,,,,,,,,,,,,,,,,,,,,,,,95.85444801761594,"rgba(239, 83, 80, 0.75)",0.0,0.0,3.1699038135467577,95.73620914039185,-2.0412100019060753,0.0,0.0,0.0,0.0,35.37743784654145,-11.803762110352963,False,True,False,True,True,0.0,0,0.9022110379047088,0.9563482578441674,False,False,False,False,-0.34282825441539394,-0.3065776688279299,False,False,False,False,-8232065,-3109656.3347693896,False,False,False,False,847382.6057869879,False,False,False,False
2022-05-09 00:00:00+00:00,86.9278973836,88.3698697686,86.6548611924,88.1480278632,767026,,,,,,,,,,,,,,,,,,,,,,,,,95.61392781611424,"rgba(239, 83, 80, 1.0)",0.0,0.0,3.3787825961931888,95.56500230752566,-2.556277202817644,0.0,0.0,0.0,0.0,33.07772651048558,-11.803762110352963,False,True,False,True,False,0.0,0,0.8540549554629564,0.9843911140531255,False,False,False,False,-0.34282825441539394,-0.3247029616216619,False,False,False,False,-8999091,-3340614.556935296,False,False,False,False,844231.366344361,False,False,False,False
2022-05-10 00:00:00+00:00,86.2965011914,88.3698697686,85.6821697611,87.7640707193,870193,,,,,,,,,,,,,,,,,,,,,,,,,95.34039712993462,"rgba(239, 83, 80, 1.0)",0.0,0.0,3.5915967752834153,95.36888111655195,-2.526001801646022,0.0,0.0,0.0,0.0,31.135974530489538,-12.777266080494904,False,True,False,True,False,0.0,0,0.847020329472445,0.9807824975822532,False,False,False,False,-0.34282825441539394,-0.33376560801852795,False,False,False,False,-9869284,-3596640.8096045,False,False,False,False,845249.4696249743,False,False,False,False
2022-05-11 00:00:00+00:00,86.2879688104,88.3272078637,85.8954792855,86.8767030978,774265,,,,,,,,,,,,,,,,,,,,,,,,,95.11233261858773,"rgba(239, 83, 80, 1.0)",0.0,0.0,3.779761671757082,95.20581595152025,-2.3593675780554295,0.0,0.0,0.0,0.0,29.8356644284517,-14.20195747996268,False,True,False,True,False,0.0,0,0.8463328853433104,1.0011284063125476,False,False,False,False,-0.3389257956499672,-0.3363457018342476,False,False,False,False,-10643549,-3872990.1504043234,False,False,False,False,842465.7649337989,False,False,False,False
2022-05-12 00:00:00+00:00,85.5968459514,86.0149326192,84.3596507099,85.6907021421,716097,,,,,,,,,,,,,,,,,,,,,,,,,94.8754040208479,"rgba(239, 83, 80, 1.0)",0.0,0.0,3.9901666352127645,93.64541492043352,-2.0171009646579225,0.0,0.0,0.0,0.0,28.47943988439306,-15.697160826664607,False,True,False,True,False,0.0,0,0.8168907980920749,1.0393476379208049,False,False,False,False,-0.34282825441539394,-0.33958697812482075,False,False,False,False,-11359646,-4166584.497447291,False,False,False,False,837510.1270932577,False,False,False,False
2022-05-13 00:00:00+00:00,87.166804051,87.499566909,86.2367745246,86.3732926202,594180,,,,,,,,,,,,,,,,,,,,,,,,,94.71971420311604,"rgba(239, 83, 80, 1.0)",0.0,0.0,4.135194769498108,93.65672783297678,-1.5694360589367045,0.0,0.0,0.0,0.0,30.512516333753943,-15.697160826664607,False,True,False,True,False,0.0,0,0.8191954269045874,1.0239769556147287,False,False,False,False,-0.2751475146221521,-0.30736724637348645,False,False,False,False,-10765466,-4425364.164214064,False,False,False,False,827967.7691680319,False,False,False,False
2022-05-16 00:00:00+00:00,88.216286911,88.4893231023,86.6036669066,87.1070773841,969402,,,,,,,,,,,,,,,,,,,,,,,,,94.5034186058211,"rgba(239, 83, 80, 0.75)",0.0,0.0,4.24062833475642,93.62956762103818,-1.2765279771562712,0.0,0.0,0.0,0.0,33.61853768256168,-15.697160826664607,False,True,False,True,True,0.0,0,0.844366868970328,1.0043661467409724,False,False,False,False,-0.24854712165276008,-0.27795718401312325,False,False,False,False,-9796064,-4635979.844048807,False,False,False,False,833514.209592815,False,False,False,False
2022-05-17 00:00:00+00:00,89.9568926301,90.2555259643,88.7964888174,89.1633811994,699675,,,,,,,,,,,,,,,,,,,,,,,,,94.39722512400853,"rgba(239, 83, 80, 0.75)",0.0,0.0,4.300311443310952,93.66553227565132,-0.8624118728237764,0.0,0.0,0.0,0.0,38.2514114538483,-17.772983111193767,False,True,False,True,True,0.0,0,0.8826797204424087,0.9832577289841078,False,False,False,False,-0.172714937191714,-0.22533606060241862,False,False,False,False,-9096389,-4810897.850164541,False,False,False,False,828265.6131381948,False,False,False,False
2022-05-18 00:00:00+00:00,87.7470059573,89.5217412003,87.6360850046,89.4108202477,588008,,,,,,,,,,,,,,,,,,,,,,,,,94.28672317917774,"rgba(239, 83, 80, 0.75)",0.0,0.0,4.411502732550636,93.61849544765953,-1.3309499837858547,0.0,0.0,0.0,0.0,38.941976876758055,-17.147624986001127,False,True,False,True,True,0.0,0,0.8768783990827956,0.9771355114215668,False,False,False,False,-0.20870002647997682,-0.21701804354119772,False,False,False,False,-9684397,-5002015.463883579,False,False,False,False,818843.7459563048,False,False,False,False
2022-05-19 00:00:00+00:00,87.1924011939,88.591711674,86.816976431,87.2435954798,730286,,,,,,,,,,,,,,,,,,,,,,,,,94.13802995700752,"rgba(239, 83, 80, 0.75)",0.0,0.0,4.530733441065363,93.52496188964265,-1.3976899718588633,0.0,0.0,0.0,0.0,38.86311691540746,-17.109183849135626,False,True,False,True,True,0.0,0,0.8561188140757884,1.0203143433521518,False,False,False,False,-0.2424074955543182,-0.22971276954775796,False,False,False,False,-10414683,-5214276.935888144,False,False,False,False,815370.8931737046,False,False,False,False
2022-05-20 00:00:00+00:00,87.0729478602,88.4637259593,85.8528173807,87.6190202427,585743,,,,,,,,,,,,,,,,,,,,,,,,,94.01640846965185,"rgba(239, 83, 80, 0.75)",0.0,0.0,4.634417181924927,93.44101027924417,-1.374080530315823,0.0,0.0,0.0,0.0,38.68906606136145,-17.05038260157587,False,True,False,True,True,0.0,0,0.8405050976718724,1.0248735673866072,False,False,False,False,-0.263726776583263,-0.24671977306551046,False,False,False,False,-11000426,-5441184.742323903,False,False,False,False,806365.8777551281,False,False,False,False
2022-05-23 00:00:00+00:00,89.299899295,90.2725907262,88.3869345305,88.566114531,527249,,,,,,,,,,,,,,,,,,,,,,,,,93.94417069154683,"rgba(239, 83, 80, 0.75)",0.0,0.0,4.686641428109336,93.42274421730706,-0.8797013779589006,0.0,0.0,0.0,0.0,41.89927997626179,-13.786554535053853,False,True,False,True,True,0.0,0,0.8453685489305648,1.0070384760714974,False,False,False,False,-0.18013205499929186,-0.21342591403240116,False,False,False,False,-10473177,-5638517.772036692,False,False,False,False,795420.1178431623,False,False,False,False
2022-05-24 00:00:00+00:00,88.8818126271,89.2060431042,87.2862573846,89.1463164374,916317,,,,,,,,,,,,,,,,,,,,,,,,,93.80134033172467,"rgba(239, 83, 80, 0.5)",0.0,0.0,4.744426004973903,93.35008708168513,-0.9417945289695178,0.0,0.0,0.0,0.0,43.51852434343296,-12.107075301206464,False,False,False,True,True,0.0,0,0.8327328453277438,1.0238392255067779,False,False,False,False,-0.22146632646698317,-0.21744612024969218,False,False,False,False,-11389494,-5864046.251564666,False,False,False,False,800161.1720453912,False,False,False,False
2022-05-25 00:00:00+00:00,88.4466611974,89.7179859628,87.3715811944,88.1906897681,930884,,,,,,,,,,,,,,,,,,,,,,,,,93.66505094353595,"rgba(239, 83, 80, 0.5)",0.0,0.0,4.8009310799854905,93.27791716328719,-1.006316459327673,0.0,0.0,0.0,0.0,44.04153728554763,-11.429550345613976,False,False,False,True,True,0.0,0,0.8415670818381494,1.0114367291495465,False,False,False,False,-0.21000624168906704,-0.21372618096937962,False,False,False,False,-12320378,-6117235.731895464,False,False,False,False,805287.5574553758,False,False,False,False
2022-05-26 00:00:00+00:00,90.2555259643,90.8527926326,88.6855678647,88.9671364369,892645,,,,,,,,,,,,,,,,,,,,,,,,,93.57501924664822,#000000,0.0,0.0,4.810760582726418,93.25508947340403,-0.6235112842393975,0.0,0.0,0.0,0.0,46.95917019418562,-8.495778846915087,False,False,False,False,True,0.0,0,0.8388431423177876,1.0202862342419272,False,False,False,False,-0.1635501019034864,-0.188638141436433,False,False,False,False,-11427733,-6325490.526723092,False,False,False,False,808713.3395159493,False,False,False,False
2022-05-27 00:00:00+00:00,91.6207069204,91.6377716824,90.724806918,90.9637135853,580753,,,,,,,,,,,,,,,,,,,,,,,,,93.54030922920579,"rgba(38, 166, 154, 1.0)",0.0,0.0,4.791397584902492,93.2659296654125,-0.34337011610068363,0.0,0.0,0.0,0.0,50.546327801018194,-5.044817324190127,True,False,True,False,True,0.0,0,0.8421093167387224,1.0126576672152354,False,False,False,False,-0.11081520647631402,-0.1497266739563735,False,False,False,False,-10846980,-6502803.839400618,False,False,False,False,799773.718358461,False,False,False,False
2022-05-31 00:00:00+00:00,92.9090964478,93.5916869259,91.5695126346,92.3886212083,946556,,,,,,,,,,,,,,,,,,,,,,,,,93.51943138464308,"rgba(38, 166, 154, 1.0)",0.0,0.0,4.756427493262452,93.31855201143257,-0.08608468524172318,0.0,0.0,0.0,0.0,54.31530917679403,-1.5291887568812257,True,False,True,False,True,0.0,0,0.8463356328971742,1.0032948554573766,False,False,False,False,-0.059158238913110284,-0.1044424564347419,False,False,False,False,-9900424,-6636043.845698633,False,False,False,False,805529.8862659724,False,False,False,False
2022-06-01 00:00:00+00:00,92.7725783522,93.5234278781,91.7401602541,93.3357154966,634783,,,,,,,,,,,,,,,,,,,,,,,,,93.50581097137497,"rgba(38, 166, 154, 1.0)",0.0,0.0,4.732217075084312,93.34713321458887,-0.12141346292290037,0.0,0.0,0.0,0.0,56.595713661157724,0.5475897349522185,True,False,True,False,True,0.0,0,0.835629773330397,1.0091908727693386,False,False,False,False,-0.057275977127860526,-0.08085921678130122,False,False,False,False,-10535207,-6788952.204690844,False,False,False,False,798833.9299418166,False,False,False,False
2022-06-02 00:00:00+00:00,93.8647231171,94.1036297845,92.2094412078,92.5848659707,533754,,,,,,,,,,,,,,,,,,,,,,,,,93.50428944288788,"rgba(38, 166, 154, 1.0)",0.0,0.0,4.714356399038776,93.37959552124107,0.10290431074702817,0.0,0.0,0.0,0.0,59.28372045694836,3.0381924675644427,True,False,True,False,True,0.4575508311374108,0,0.8382387958719838,1.009319167330831,False,False,False,False,0.0001151767249193515,-0.04037202002819093,False,False,False,False,-10001453,-6914932.628036302,False,False,False,False,788438.6385715493,False,False,False,False
2022-06-03 00:00:00+00:00,92.8152402571,93.7836654979,92.6104631137,93.4295716874,416496,,,,,,,,,,,,,,,,,,,,,,,,,93.49978010710683,"rgba(38, 166, 154, 1.0)",0.0,0.0,4.694544021025456,93.39868401688582,-0.12428124162277591,0.0,0.0,0.0,0.0,59.19985305595509,3.0381924675644427,True,False,True,False,True,0.0,0,0.8545693317781513,1.0083160325252745,False,False,False,False,0.0017940299231971567,-0.019288995052496885,False,False,False,False,-10417949,-7052305.819093701,False,False,False,False,773852.652745214,False,False,False,False
2022-06-06 00:00:00+00:00,93.6428812118,94.4278602616,93.1821326391,93.8647231171,430903,,,,,,,,,,,,,,,,,,,,,,,,,93.50244840847367,"rgba(38, 166, 154, 1.0)",0.0,0.0,4.663806359338198,93.46609272946321,0.037906479968408444,0.0,0.0,0.0,0.0,60.10259453403329,4.004344615947211,True,False,True,False,True,0.13294526380235894,0,0.8569175664411623,1.0019683970611455,False,False,False,False,0.026983344059789055,0.003847174503646085,False,False,False,False,-9987046,-7167393.669325321,False,False,False,False,760403.6467552057,False,False,False,False
2022-06-07 00:00:00+00:00,94.1121621654,94.4078944901,93.0200174005,93.0882764483,407203,,,,,,,,,,,,,,,,,,,,,,,,,93.5058698711853,"rgba(38, 166, 154, 1.0)",0.0,0.0,4.652134374102976,93.49348567308611,0.13298766599646514,0.0,0.0,0.0,0.0,61.237049639790314,5.295509216012732,True,False,True,False,True,0.8571720721745706,0,0.8487644638815645,1.0083871167351999,False,False,False,False,0.02320973370867531,0.013528454106160697,False,False,False,False,-9579843,-7261999.52543021,False,False,False,False,746552.6410000996,False,False,False,False
2022-06-08 00:00:00+00:00,92.9773554956,93.7282050215,92.2862326366,93.7026078786,513449,,,,,,,,,,,,,,,,,,,,,,,,,93.49957473349095,"rgba(38, 166, 154, 1.0)",0.0,0.0,4.649411594187118,93.47008983231574,-0.10597778379779892,0.0,0.0,0.0,0.0,59.86841960377712,5.295509216012732,True,False,True,False,True,0.0,0,0.8488981750182479,1.010529632778751,False,False,False,False,-0.006070139363871827,0.003729157371144435,False,False,False,False,-10093292,-7373030.602864319,False,False,False,False,737411.3217451938,False,False,False,False
2022-06-09 00:00:00+00:00,90.4432383458,92.6275278756,90.4347059648,92.3800888273,755979,,,,,,,,,,,,,,,,,,,,,,,,,93.457854057717,"rgba(38, 166, 154, 0.75)",0.0,0.0,4.668309969424965,93.35202152448115,-0.6230912680889198,0.0,0.0,0.0,0.0,55.189110289853005,11.089189826470708,True,False,True,False,False,0.0,0,0.822643850271401,1.0273609349487327,False,False,False,False,-0.060134565365558036,-0.0282027039972068,False,False,False,False,-10849271,-7509353.75569317,False,False,False,False,738139.4659904803,False,False,False,False
2022-06-10 00:00:00+00:00,87.7470059573,88.9842011989,87.4227754802,88.7452945315,843829,,,,,,,,,,,,,,,,,,,,,,,,,93.35196138023234,#000000,0.0,0.0,4.733904073322912,93.11107668703036,-1.1331177494615152,0.0,0.0,0.0,0.0,49.19778128171026,5.515438413199533,True,False,False,False,False,0.0,0,0.8142284881130385,1.0433493881925264,False,False,False,False,-0.19943558074882198,-0.11381914237301438,False,False,False,False,-11693100,-7673422.235862065,False,False,False,False,742284.1535986968,False,False,False,False
2022-06-13 00:00:00+00:00,85.5797811894,86.3220983343,85.1190326167,85.6907021421,717453,,,,,,,,,,,,,,,,,,,,,,,,,93.22619041745976,"rgba(239, 83, 80, 0.5)",0.0,0.0,4.8452973509592665,92.87250151579815,-1.5051130608020062,0.0,0.0,0.0,0.0,43.43557160616629,0.3479068422925522,False,False,False,True,False,0.0,0,0.8078682997946258,1.0496545377488078,False,False,False,False,-0.31662156526532254,-0.21522035381916846,False,False,False,False,-12410553,-7859192.0697498275,False,False,False,False,741310.3828693362,False,False,False,False
2022-06-14 00:00:00+00:00,84.5473630913,86.083191667,84.0098230898,85.6565726182,541567,,,,,,,,,,,,,,,,,,,,,,,,,93.12425677032708,"rgba(239, 83, 80, 1.0)",0.0,0.0,4.970172676414584,92.70446942710514,-1.6412118585967452,0.0,0.0,0.0,0.0,38.85489063130789,-3.6300891241110236,False,True,False,True,False,0.0,0,0.80781192624749,1.048019127905241,False,False,False,False,-0.34282825441539394,-0.2790243041172812,False,False,False,False,-12952120,-8058914.7336812075,False,False,False,False,733477.3090313231,False,False,False,False
2022-06-15 00:00:00+00:00,85.6139107133,86.5354078587,83.950096423,85.016644045,649685,,,,,,,,,,,,,,,,,,,,,,,,,93.01223375581674,"rgba(239, 83, 80, 1.0)",0.0,0.0,5.06367023422223,92.54656012702145,-1.3690957532873962,0.0,0.0,0.0,0.0,37.51635284552996,-4.647301400885532,False,True,False,True,False,0.0,0,0.8103175490330793,1.0368048575011,False,False,False,False,-0.3332233184009222,-0.3061238112591017,False,False,False,False,-12302435,-8225327.29314469,False,False,False,False,730191.3361281339,False,False,False,False
2022-06-16 00:00:00+00:00,83.3357649927,84.3596507099,82.9944697537,83.8903697562,796506,,,,,,,,,,,,,,,,,,,,,,,,,92.84786565386153,"rgba(239, 83, 80, 1.0)",0.0,0.0,5.210128061106693,92.31778354716866,-1.7239535092273268,0.0,0.0,0.0,0.0,34.919955870908794,-7.021865517302118,False,True,False,True,False,0.0,0,0.7825992652023068,1.0574407257289913,False,False,False,False,-0.34282825441539394,-0.3244760328372478,False,False,False,False,-13098941,-8416449.39929588,False,False,False,False,732791.9111819327,False,False,False,False
2022-06-17 00:00:00+00:00,82.0815049893,83.6770602318,81.6548859405,83.1736497542,780645,,,,,,,,,,,,,,,,,,,,,,,,,92.67391860521249,"rgba(239, 83, 80, 1.0)",0.0,0.0,5.356118408245381,92.08855875421206,-1.8683406530943898,0.0,0.0,0.0,0.0,32.38032265897293,-9.419650327039854,False,True,False,True,False,0.0,0,0.7811983384663725,1.053734697159054,False,False,False,False,-0.34282825441539394,-0.3336521436263209,False,False,False,False,-13879586,-8630690.050303884,False,False,False,False,734668.5029002882,False,False,False,False
2022-06-21 00:00:00+00:00,84.1122116616,84.7436078538,83.8050459464,84.5558954723,491527,,,,,,,,,,,,,,,,,,,,,,,,,92.58562396859273,"rgba(239, 83, 80, 1.0)",0.0,0.0,5.440658262151687,91.99002929952552,-1.447953034052533,0.0,0.0,0.0,0.0,33.762466811228485,-9.419650327039854,False,True,False,True,False,0.0,0,0.8095704285062817,1.0194142462616949,False,False,False,False,-0.2720550659865797,-0.3028536048064503,False,False,False,False,-13388059,-8817253.538527261,False,False,False,False,725133.5420022378,False,False,False,False
2022-06-22 00:00:00+00:00,82.533721181,83.1053907064,82.2606849898,82.8067573722,491844,,,,,,,,,,,,,,,,,,,,,,,,,92.48268455485511,"rgba(239, 83, 80, 1.0)",0.0,0.0,5.570443195770698,91.86869132211973,-1.6758038477454014,0.0,0.0,0.0,0.0,33.49207823680674,-9.419650327039854,False,True,False,True,False,0.0,0,0.7926823644040002,1.0203739107045489,False,False,False,False,-0.3420608942128835,-0.3224572495096669,False,False,False,False,-13879903,-9015788.811526194,False,False,False,False,715984.932511954,False,False,False,False
2022-06-23 00:00:00+00:00,80.0763954599,82.542253562,79.7180354589,82.3374764185,695218,,,,,,,,,,,,,,,,,,,,,,,,,92.31403997812342,"rgba(239, 83, 80, 1.0)",0.0,0.0,5.7768886767163155,91.66426980378652,-2.0059023104584517,0.0,0.0,0.0,0.0,31.73499878737207,-10.517768880028015,False,True,False,True,False,0.0,0,0.7738004946859507,1.0250069961333488,False,False,False,False,-0.34282825441539394,-0.33264275196253046,False,False,False,False,-14575121,-9233801.838525167,False,False,False,False,715170.5430016813,False,False,False,False
2022-06-24 00:00:00+00:00,81.5013030829,81.9378196936,80.392093556,80.7333887951,557805,,,,,,,,,,,,,,,,,,,,,,,,,92.18789649187642,"rgba(239, 83, 80, 1.0)",0.0,0.0,5.931196670078586,91.52078133429879,-1.6892844410209111,0.0,0.0,0.0,0.0,32.570733623306985,-10.517768880028015,False,True,False,True,False,0.0,0,0.7880900156068642,1.0214828873419861,False,False,False,False,-0.3413967006670884,-0.3370197263148094,False,False,False,False,-14017316,-9421390.629171237,False,False,False,False,708999.3452369095,False,False,False,False
2022-06-27 00:00:00+00:00,82.533721181,82.717167372,81.450108797,81.8596630839,400780,,,,,,,,,,,,,,,,,,,,,,,,,92.10682006271895,"rgba(239, 83, 80, 1.0)",0.0,0.0,6.032924231146737,91.43500793164105,-1.4754514410583097,0.0,0.0,0.0,0.0,34.50154349555841,-10.517768880028015,False,True,False,True,False,0.0,0,0.8064921364173807,1.0025851045554368,False,False,False,False,-0.3040818697277163,-0.32055079802126285,False,False,False,False,-13616536,-9585906.13390962,False,False,False,False,696912.312090364,False,False,False,False
2022-06-28 00:00:00+00:00,82.6019802288,84.0354202328,82.2606849898,83.2675059449,486581,,,,,,,,,,,,,,,,,,,,,,,,,92.01731525963415,"rgba(239, 83, 80, 0.75)",0.0,0.0,6.126053025591981,91.34614382652437,-1.4273731489419141,0.0,0.0,0.0,0.0,35.88196654225636,-10.517768880028015,False,True,False,True,True,0.0,0,0.8030134035284433,0.9963468426608708,False,False,False,False,-0.26184534719845404,-0.2911980726098584,False,False,False,False,-13129955,-9724888.442383753,False,False,False,False,688664.0253417223,False,False,False,False
2022-06-29 00:00:00+00:00,82.2094907039,82.9091459439,81.7914040361,82.9091459439,391104,,,,,,,,,,,,,,,,,,,,,,,,,91.94145896621616,"rgba(239, 83, 80, 0.75)",0.0,0.0,6.214138879888756,91.26925483037758,-1.4579275264990152,0.0,0.0,0.0,0.0,36.44291802398811,-10.517768880028015,False,True,False,True,True,0.0,0,0.8005653544140602,1.0051866316639648,False,False,False,False,-0.2934078279431989,-0.29230295027652864,False,False,False,False,-13521059,-9873757.876015762,False,False,False,False,676995.0047400862,False,False,False,False
2022-06-30 00:00:00+00:00,82.0559078463,82.2350878468,80.4262230799,81.0490868912,596635,,,,,,,,,,,,,,,,,,,,,,,,,91.81938939379936,"rgba(239, 83, 80, 0.75)",0.0,0.0,6.292264784081619,91.14354083164801,-1.444254699569892,0.0,0.0,0.0,0.0,36.66831594426969,-10.517768880028015,False,True,False,True,True,0.0,0,0.7873299789149615,1.0153428583407282,False,False,False,False,-0.33460110460576986,-0.31345202744114925,False,False,False,False,-14117694,-10040186.743622987,False,False,False,False,673843.6320051808,False,False,False,False
2022-07-01 00:00:00+00:00,82.7384983244,82.9859373727,81.2623964156,81.7402097502,397179,,,,,,,,,,,,,,,,,,,,,,,,,91.74559179719749,"rgba(239, 83, 80, 0.75)",0.0,0.0,6.344743289298752,91.07179611723946,-1.313417645579872,0.0,0.0,0.0,0.0,37.967764545645565,-10.517768880028015,False,True,False,True,True,0.0,0,0.7816710736306772,1.0296400809980757,False,False,False,False,-0.30245513133621926,-0.3079535793886843,False,False,False,False,-13720515,-10184513.34191228,False,False,False,False,662994.038593213,False,False,False,False
2022-07-05 00:00:00+00:00,80.9125687955,81.4927707019,79.4364668867,81.2197345107,684717,,,,,,,,,,,,,,,,,,,,,,,,,91.59834121360616,"rgba(239, 83, 80, 0.75)",0.0,0.0,6.38563472277854,90.91977075955184,-1.5671428759234565,0.0,0.0,0.0,0.0,36.95560477481717,-10.517768880028015,False,True,False,True,True,0.0,0,0.7556851201450476,1.0354793946782366,False,False,False,False,-0.34282825441539394,-0.32539091690203914,False,False,False,False,-14405232,-10350031.720660819,False,False,False,False,663845.9194326948,False,False,False,False
2022-07-06 00:00:00+00:00,81.4159792731,81.6463535595,79.9142802214,80.7077916521,573483,,,,,,,,,,,,,,,,,,,,,,,,,91.48212178327742,"rgba(239, 83, 80, 0.75)",0.0,0.0,6.387697653590515,90.80409282444336,-1.4697178953149588,0.0,0.0,0.0,0.0,37.1576586534051,-10.517768880028015,False,True,False,True,True,0.0,0,0.7853865384014855,1.0114680268782645,False,False,False,False,-0.32539973341365624,-0.3253953251578477,False,False,False,False,-13831749,-10486569.653183924,False,False,False,False,660302.2755333735,False,False,False,False
2022-07-07 00:00:00+00:00,83.0456640396,83.416822612,82.17536118,82.2436202278,521080,,,,,,,,,,,,,,,,,,,,,,,,,91.39731227995556,"rgba(239, 83, 80, 0.5)",0.0,0.0,6.328765484650353,90.72902661635739,-1.2140381240847753,0.0,0.0,0.0,0.0,39.911485675113546,-15.133127140472716,False,False,False,True,True,0.0,0,0.8204020179787391,0.9723495306253941,False,False,False,False,-0.21804405401208957,-0.2717196895849686,False,False,False,False,-13310669,-10597318.647176713,False,False,False,False,654842.5784536334,False,False,False,False
2022-07-08 00:00:00+00:00,83.1736497542,83.6343983269,82.3972030854,83.3442973737,465868,,,,,,,,,,,,,,,,,,,,,,,,,91.3245447567012,"rgba(239, 83, 80, 0.5)",0.0,0.0,6.253738962842205,90.6660480792215,-1.1980670075196655,0.0,0.0,0.0,0.0,41.94302972838398,-13.01868133854338,False,False,False,True,True,0.0,0,0.8255631471133876,0.9672199151070231,False,False,False,False,-0.206676495152073,-0.2391980923685208,False,False,False,False,-12844801,-10685455.210032528,False,False,False,False,647431.810671138,False,False,False,False
2022-07-11 00:00:00+00:00,82.4142678473,82.6958364195,81.8596630839,82.3460087995,531130,,,,,,,,,,,,,,,,,,,,,,,,,91.23577022431172,"rgba(239, 83, 80, 0.5)",0.0,0.0,6.158062846618494,90.58600106904004,-1.326997373244947,0.0,0.0,0.0,0.0,42.29160417517808,-12.503758796109906,False,False,False,True,True,0.0,1,0.8254256782605541,0.9539295054749977,False,False,False,False,-0.24508972478639018,-0.2421439085774555,False,False,False,False,-13375931,-10790964.064541057,False,False,False,False,642870.9553507012,False,False,False,False
2022-07-12 00:00:00+00:00,82.0644402273,82.9091459439,81.6634183214,81.6634183214,572182,,,,,,,,,,,,,,,,,,,,,,,,,91.14090674506993,"rgba(239, 83, 80, 0.5)",0.0,0.0,6.148773187110629,90.50074884540287,-1.3720311940904717,0.0,0.0,0.0,0.0,42.0630590794724,-12.502625278616826,False,False,False,True,True,0.0,1,0.8202425792574721,0.9589544427300142,False,False,False,False,-0.24464177443650623,-0.24339284150698087,False,False,False,False,-13948113,-10914773.826715916,False,False,False,False,640098.8394545953,False,False,False,False
2022-07-13 00:00:00+00:00,80.9893602243,81.6122240356,80.2043811745,81.3221230824,689371,,,,,,,,,,,,,,,,,,,,,,,,,91.01325770721186,"rgba(239, 83, 80, 0.5)",0.0,0.0,6.1323217908655465,90.38002032797434,-1.5313384430775103,0.0,0.0,0.0,0.0,40.55055253632175,-12.502625278616826,False,False,False,True,True,0.0,1,0.8055301867662004,0.9708520124370411,False,False,False,False,-0.31838869932814823,-0.28089077041756455,False,False,False,False,-14637484,-11060762.460962351,False,False,False,False,642031.0810446112,False,False,False,False
2022-07-14 00:00:00+00:00,77.7299906915,79.1463659335,77.1668535471,79.1463659335,793073,,,,,,,,,,,,,,,,,,,,,,,,,90.82886649721749,"rgba(239, 83, 80, 1.0)",-1.0,75.36338,6.160619326427487,88.83895123203366,-1.8032213892650448,0.0,0.0,0.0,0.0,36.4593902162955,-9.027955448643631,False,True,False,True,False,0.0,1,0.8003043727558843,0.954069876694618,False,False,False,False,-0.34282825441539394,-0.31185951241647925,False,False,False,False,-15430557,-11232126.952689318,False,False,False,False,647954.2935526656,False,False,False,False
2022-07-15 00:00:00+00:00,78.5405668842,79.035359657,77.8323792632,78.8136030754,691133,,,,,,,,,,,,,,,,,,,,,,,,,90.67794666419358,"rgba(239, 83, 80, 1.0)",0.0,0.0,6.16263694583826,88.7294324362525,-1.6533288658085261,0.0,0.0,0.0,0.0,35.24201858337023,-10.194750838487593,False,True,False,True,False,0.0,0,0.7901495403565767,0.9698009334656553,False,False,False,False,-0.329761048962557,-0.3208102806895181,False,False,False,False,-14739424,-11369668.013368169,False,False,False,False,649647.5761584435,False,False,False,False
2022-07-18 00:00:00+00:00,79.700970697,80.9722954624,79.4279345057,79.4279345057,588023,,,,,,,,,,,,,,,,,,,,,,,,,90.56849927753464,"rgba(239, 83, 80, 1.0)",0.0,0.0,6.124460169887179,88.69554753892359,-1.4686317801768447,0.0,0.0,0.0,0.0,36.45666413660537,-10.194750838487593,False,True,False,True,False,0.0,0,0.792301616930149,0.9557932272508365,False,False,False,False,-0.2488223572696035,-0.28481631897956083,False,False,False,False,-14151401,-11478755.581471378,False,False,False,False,647230.9261130142,False,False,False,False
2022-07-19 00:00:00+00:00,82.1497640371,82.3460087995,80.6821945092,80.6821945092,1103837,,,,,,,,,,,,,,,,,,,,,,,,,90.40105313112561,"rgba(239, 83, 80, 0.5)",0.0,0.0,6.040427723293106,88.68337972710151,-1.0816478549700337,0.0,0.0,0.0,0.0,40.80197398221735,-14.012586759527238,False,False,False,True,True,0.0,0,0.8087293008721821,0.9317796474745501,False,False,False,False,-0.19066894974693047,-0.23774263436324566,False,False,False,False,-13047564,-11540277.480237206,False,False,False,False,665137.0466576018,False,False,False,False
2022-07-20 00:00:00+00:00,82.6958364195,82.7896926103,81.6036916546,81.9705840366,390919,,,,,,,,,,,,,,,,,,,,,,,,,90.34750731487163,"rgba(239, 83, 80, 0.5)",0.0,0.0,5.953640513860797,88.6758937174246,-1.0044370808083398,0.0,0.0,0.0,0.0,44.38631936928852,-10.761076602686124,True,False,False,True,True,0.0,0,0.8262468749488979,0.9042668374457677,False,False,False,False,-0.1609782293858329,-0.19936043187453928,False,False,False,False,-12656645,-11584056.598659277,False,False,False,False,654383.3977690684,False,False,False,False
2022-07-21 00:00:00+00:00,83.1139230874,83.1651173732,81.6975478453,82.5081240381,408744,,,,,,,,,,,,,,,,,,,,,,,,,90.29432361932845,#000000,0.0,0.0,5.871599586199423,88.66773482937367,-0.9458771260607288,0.0,0.0,0.0,0.0,47.31275830906444,-8.166659929663112,True,False,False,False,True,0.0,0,0.8499976308831116,0.8948046561001234,False,False,False,False,-0.1508392349766589,-0.1750998334255991,False,False,False,False,-12247901,-11610089.712437345,False,False,False,False,644750.480209497,False,False,False,False
2022-07-22 00:00:00+00:00,82.7811602293,83.7453192796,82.2558215326,83.250441183,437559,,,,,,,,,,,,,,,,,,,,,,,,,90.24017416061501,#000000,0.0,0.0,5.771104395039238,88.6586840944791,-1.0184400528660231,0.0,0.0,0.0,0.0,48.76246571974326,-6.91612642626572,True,False,False,False,True,0.0,0,0.8633175152936834,0.8878427638779708,False,False,False,False,-0.12636523205877473,-0.1507325327421869,False,False,False,False,-12685460,-11652261.096263332,False,False,False,False,636625.3241228501,False,False,False,False
2022-07-25 00:00:00+00:00,84.0524849947,84.2060678523,83.1224554683,83.2077792781,461604,,,,,,,,,,,,,,,,,,,,,,,,,90.19057063749833,"rgba(38, 166, 154, 1.0)",0.0,0.0,5.630469380657524,88.66064476864231,-0.81843261412145,0.0,0.0,0.0,0.0,51.44072820637711,-4.441629022852112,True,False,True,False,True,0.0,0,0.865054054833234,0.8783082357376683,False,False,False,False,-0.09801716653918258,-0.12437484964068474,False,False,False,False,-12223856,-11674676.58268438,False,False,False,False,629761.7427846991,False,False,False,False
2022-07-26 00:00:00+00:00,83.3101678498,84.1719383284,82.9774049917,83.5149449932,428801,,,,,,,,,,,,,,,,,,,,,,,,,90.14299117167744,"rgba(38, 166, 154, 1.0)",0.0,0.0,5.521102949908385,88.65243335462868,-0.9676083842844003,0.0,0.0,0.0,0.0,52.01690016488107,-3.891576112314489,True,False,True,False,True,0.0,0,0.8807484223851496,0.8573020303999398,False,False,False,False,-0.10183365262048083,-0.11310425113058278,False,False,False,False,-12652657,-11713028.755912444,False,False,False,False,621880.9293421619,False,False,False,False
2022-07-27 00:00:00+00:00,84.7350754728,85.2043564265,83.3442973737,83.6514630888,505669,,,,,,,,,,,,,,,,,,,,,,,,,90.09555664769225,"rgba(38, 166, 154, 1.0)",0.0,0.0,5.43851433762875,88.65647864544749,-0.7210430880940291,0.0,0.0,0.0,0.0,54.256223981726784,-1.6928765002604536,True,False,True,False,True,0.0,0,0.8716662758296676,0.8634518904715226,False,False,False,False,-0.07209849744513695,-0.09260137428785986,False,False,False,False,-12146988,-11730046.765484504,False,False,False,False,617323.5987797241,False,False,False,False
2022-07-28 00:00:00+00:00,85.0849030928,85.2555507123,83.9159668991,84.7606726157,526584,,,,,,,,,,,,,,,,,,,,,,,,,90.04976830559154,"rgba(38, 166, 154, 1.0)",0.0,0.0,5.328552593271757,88.66158080630811,-0.6712287531935585,0.0,0.0,0.0,0.0,56.17685171894772,0.20474046336416052,True,False,True,False,True,0.0,0,0.8730248064155643,0.8721659704763073,False,False,False,False,-0.058906646657340016,-0.07575401047259994,False,False,False,False,-11620404,-11725747.049190994,False,False,False,False,613765.1831413036,False,False,False,False
2022-07-29 00:00:00+00:00,85.9381411904,86.3647602392,85.1019678548,85.2128888075,1799406,,,,,,,,,,,,,,,,,,,,,,,,,89.92891390345582,"rgba(38, 166, 154, 1.0)",0.0,0.0,5.223898337629736,88.70822528440038,-0.5302714400175836,0.0,0.0,0.0,0.0,58.48356590215389,2.4691407400719214,True,False,True,False,True,0.0,0,0.8675353687052927,0.8773364506245931,False,False,False,False,-0.010436585968584773,-0.043095298220592354,False,False,False,False,-9820998,-11651051.00804625,False,False,False,False,660260.9014494878,False,False,False,False
2022-08-01 00:00:00+00:00,85.2601104167,86.0968395457,84.6131549047,85.7259183854,1993972,,,,,,,,,,,,,,,,,,,,,,,,,89.78816195818693,"rgba(38, 166, 154, 1.0)",0.0,0.0,5.141734372326156,88.6924693376903,-0.6675488604514342,0.0,0.0,0.0,0.0,58.694904630167805,2.800550615740832,True,False,True,False,True,0.0,0,0.8777436971068561,0.8759690184463103,False,False,False,False,-0.02640066789417919,-0.03474798305738577,False,False,False,False,-11814970,-11657479.203809144,False,False,False,False,712563.2974710765,False,False,False,False
2022-08-02 00:00:00+00:00,84.5700245372,85.3808754457,84.0093297601,85.0789628734,585814,,,,,,,,,,,,,,,,,,,,,,,,,89.74246876784014,"rgba(38, 166, 154, 1.0)",0.0,0.0,5.055932335010921,88.67376024033834,-0.8116674494872322,0.0,0.0,0.0,0.0,57.53616206337689,2.800550615740832,True,False,True,False,True,0.0,0,0.8794523052467053,0.8732508102499483,False,False,False,False,-0.05428007277643945,-0.04451402791691261,False,False,False,False,-12400784,-11686628.411502903,False,False,False,False,707592.7367859362,False,False,False,False
2022-08-03 00:00:00+00:00,85.61377943,86.0598336904,84.5700245372,84.6994156396,475533,,,,,,,,,,,,,,,,,,,,,,,,,89.71142985182823,"rgba(38, 166, 154, 1.0)",0.0,0.0,4.954659049254592,88.66737386183314,-0.6163076816138434,0.0,0.0,0.0,0.0,58.239623434400855,2.800550615740832,True,False,True,False,True,0.0,0,0.8939241001749162,0.8633679080417368,False,False,False,False,-0.028091870741584254,-0.036302949329248435,False,False,False,False,-11925251,-11695986.160071418,False,False,False,False,698492.3549511937,False,False,False,False
2022-08-04 00:00:00+00:00,85.1911018288,85.631031577,84.7856763746,85.6224055035,362035,,,,,,,,,,,,,,,,,,,,,,,,,89.6869451036579,"rgba(38, 166, 154, 1.0)",0.0,0.0,4.852896136614201,88.66008797395249,-0.7148280217620212,0.0,0.0,0.0,0.0,57.86982187708334,2.800550615740832,True,False,True,False,True,0.0,0,0.880535047739264,0.8978488478358476,False,False,False,False,-0.032591023600654384,-0.03444698646495141,False,False,False,False,-12287286,-11719174.389088225,False,False,False,False,685297.9488746763,False,False,False,False
2022-08-05 00:00:00+00:00,85.3722493722,85.3808754457,84.3845639571,84.6131549047,405340,,,,,,,,,,,,,,,,,,,,,,,,,89.65889821743451,"rgba(38, 166, 154, 1.0)",0.0,0.0,4.71639361816398,88.64999345993971,-0.6949683069530743,0.0,0.0,0.0,0.0,57.901947836941275,2.9576560095955102,True,False,True,False,True,0.0,0,0.8877863604676371,0.8889293284593142,False,False,False,False,-0.04634688072762379,-0.0403969335962876,False,False,False,False,-11881946,-11725557.589516137,False,False,False,False,674319.2057815517,False,False,False,False
2022-08-08 00:00:00+00:00,85.7000401649,86.2607349421,85.4326318866,86.0364570312,335711,,,,,,,,,,,,,,,,,,,,,,,,,89.63966920704378,"rgba(38, 166, 154, 1.0)",0.0,0.0,4.487494660417639,88.64754063523921,-0.6568253988885843,0.0,0.0,0.0,0.0,58.446894715491396,3.8225259947220422,True,False,True,False,True,0.0,0,0.8958869070008636,0.8835924565155684,False,False,False,False,-0.005656810999400063,-0.02302687229784383,False,False,False,False,-11546235,-11718525.33110374,False,False,False,False,661040.4526136477,False,False,False,False
2022-08-09 00:00:00+00:00,84.9754499914,85.7690487529,84.5613984637,85.5706490625,906494,,,,,,,,,,,,,,,,,,,,,,,,,89.57945755950365,"rgba(38, 166, 154, 1.0)",0.0,0.0,4.2870631593598905,88.6245047849697,-0.8511782210632397,0.0,0.0,0.0,0.0,57.15728329041887,3.8225259947220422,True,False,True,False,True,0.0,0,0.8728749629239136,0.9027688333529367,False,False,False,False,-0.03441217051902731,-0.02871952140843557,False,False,False,False,-12452729,-11747317.63184477,False,False,False,False,670666.0819229165,False,False,False,False
2022-08-10 00:00:00+00:00,87.2009769529,87.6754109951,86.1313438396,86.1313438396,583807,,,,,,,,,,,,,,,,,,,,,,,,,89.55762285012229,"rgba(38, 166, 154, 1.0)",0.0,0.0,4.178403101173947,88.63444848606872,-0.34306683641077407,0.0,0.0,0.0,0.0,59.62244573368673,5.326361315905402,True,False,True,False,True,0.0,0,0.8620513848167833,0.8923078223073918,False,False,False,False,0.0389309527884199,0.005105715689992163,False,False,False,False,-11868922,-11752086.430595957,False,False,False,False,667259.8434161355,False,False,False,False
2022-08-11 00:00:00+00:00,87.9945757144,88.5207661975,87.7271674361,87.847932465,326769,,,,,,,,,,,,,,,,,,,,,,,,,89.55065197100903,"rgba(38, 166, 154, 1.0)",0.0,0.0,4.087842329133542,88.64730852699212,-0.1596766117763826,0.0,0.0,0.0,0.0,62.20295599324949,7.8702816842239685,True,False,True,False,True,0.37348431916522884,0,0.8634643175635149,0.899042183585726,False,False,False,False,0.0906393413794217,0.04787252853470693,False,False,False,False,-11542153,-11743853.747043174,False,False,False,False,653907.2613213852,False,False,False,False
2022-08-12 00:00:00+00:00,89.6335296783,89.8405554422,88.1412189638,88.3482447277,464597,,,,,,,,,,,,,,,,,,,,,,,,,89.54834834407714,"rgba(38, 166, 154, 1.0)",0.0,0.0,4.059771264207614,88.67610168087026,0.23583299036346164,0.0,0.0,0.0,0.0,65.58403872329109,11.064549937537677,True,False,True,False,True,2.7366707505774244,0,0.8646258147294483,0.8821875131646643,False,False,False,False,0.12764468544214028,0.08775860698842361,False,False,False,False,-11077556,-11717724.423629716,False,False,False,False,646483.3295048602,False,False,False,False
2022-08-15 00:00:00+00:00,89.1418434891,89.314364959,87.9686974939,88.4690097566,357682,,,,,,,,,,,,,,,,,,,,,,,,,89.54456951872093,"rgba(38, 166, 154, 1.0)",0.0,0.0,4.036546713860866,88.6941156883673,0.11091852329994503,0.0,0.0,0.0,0.0,66.68147791451297,12.066344942478736,True,False,True,False,True,1.9903316598278806,0,0.8536581768537261,0.8905922871834943,False,False,False,False,0.1126958677716116,0.1002272373800176,False,False,False,False,-11435238,-11706646.524663845,False,False,False,False,635157.7871713362,False,False,False,False
2022-08-16 00:00:00+00:00,90.7117888651,90.9188146289,88.9261916518,88.9261916518,498095,,,,,,,,,,,,,,,,,,,,,,,,,89.54909550631311,"rgba(38, 166, 154, 1.0)",1.0,88.75076,4.008926727378747,88.87794596808457,0.4574398640143007,0.0,0.0,0.0,0.0,68.90879233099571,14.169828388560518,True,False,True,False,True,4.204874393948266,0,0.8618345304617142,0.8712632236521827,False,False,False,True,0.16780611120503366,0.13401667429252562,False,False,False,True,-10937143,-11676469.915853499,False,False,False,False,629782.7759097152,False,False,False,False
2022-08-17 00:00:00+00:00,89.9871986916,90.2287287494,89.3402431795,89.5990253843,385033,,,,,,,,,,,,,,,,,,,,,,,,,89.55074004815773,"rgba(38, 166, 154, 1.0)",0.0,0.0,4.002202226753787,88.88660014418035,0.27499823473746693,0.0,0.0,0.0,0.0,68.72583475550519,14.169828388560518,True,False,True,False,True,3.0893544362759684,0,0.8584578936630192,0.8843156835018111,False,False,False,False,0.16477256195704057,0.1493946181247831,False,False,False,False,-11322176,-11662576.03680042,False,False,False,False,620184.7454818833,False,False,False,False
2022-08-18 00:00:00+00:00,90.4616327337,90.7721713795,89.7025382663,89.8491815157,592750,,,,,,,,,,,,,,,,,,,,,,,,,89.5570498426348,"rgba(38, 166, 154, 1.0)",0.0,0.0,4.011731806579267,88.93661891440622,0.3801385269056976,0.0,0.0,0.0,0.0,69.09767446921637,14.510024593296038,True,False,True,False,True,3.7597149287590845,0,0.8637472428826982,0.877692769979209,False,False,False,False,0.209930502831387,0.17966256047808504,False,False,False,False,-10729426,-11625981.917710207,False,False,False,False,619108.8731100447,False,False,False,False
2022-08-19 00:00:00+00:00,88.9089395048,90.2891112639,88.7105398144,90.0044508385,385894,,,,,,,,,,,,,,,,,,,,,,,,,89.55568579695208,"rgba(38, 166, 154, 0.75)",0.0,0.0,3.9736860324026155,88.93619610851941,-0.006859274612324616,0.0,0.0,0.0,0.0,65.9875054267217,14.510024593296038,True,False,True,False,False,1.3818396179348191,0,0.8631180606749801,0.8777552000013417,False,False,False,False,0.23393672621239991,0.20679964334524248,False,False,False,False,-11115320,-11605955.960152945,False,False,False,False,609963.1918116116,False,False,False,False
2022-08-22 00:00:00+00:00,87.3217419818,87.8220542445,87.2096030264,87.796176024,393225,,,,,,,,,,,,,,,,,,,,,,,,,89.544240125271,"rgba(38, 166, 154, 0.75)",0.0,0.0,3.903349175342411,88.89569861839229,-0.4032323437869773,0.0,0.0,0.0,0.0,61.13371846446631,16.078043086947474,True,False,True,False,False,0.0,0,0.8773312488063004,0.8836211008773667,False,False,False,False,0.1833436164605956,0.19507162990291904,False,False,False,False,-11508545,-11602135.92249989,False,False,False,False,601463.654877823,False,False,False,False
2022-08-23 00:00:00+00:00,87.3562462758,87.7702978035,86.4246303385,87.5115155987,542471,,,,,,,,,,,,,,,,,,,,,,,,,89.52666180022449,"rgba(38, 166, 154, 0.75)",0.0,0.0,3.8797903687866886,88.85181585589649,-0.38547690414629016,0.0,0.0,0.0,0.0,57.95171546917629,13.238377445829201,True,False,True,False,False,0.0,0,0.8839142802726198,0.8571835342568471,False,False,False,False,0.15980689496234537,0.1774392624326322,False,False,False,False,-10966074,-11577192.317695973,False,False,False,False,599150.2174316338,False,False,False,False
2022-08-24 00:00:00+00:00,85.9933266637,86.9163165276,85.596527283,86.4763867794,836281,,,,,,,,,,,,,,,,,,,,,,,,,89.48854980076,#000000,0.0,0.0,3.8612714725811412,88.77170447959892,-0.7195499813023145,0.0,0.0,0.0,0.0,53.65900368403763,9.394274194942113,True,False,False,False,False,0.0,0,0.8857322967849469,0.8463176991120479,False,False,False,False,0.11299051056929114,0.14521488650096168,False,False,False,False,-11802355,-11586022.226805935,False,False,False,False,608449.463806864,False,False,False,False
2022-08-25 00:00:00+00:00,86.4591346324,87.1578465855,85.9156920023,86.364247824,652514,,,,,,,,,,,,,,,,,,,,,,,,,89.46241179428034,#000000,0.0,0.0,3.8601068824916926,88.73618185445248,-0.5898922727711254,0.0,0.0,0.0,0.0,51.62696446853554,7.683792215325887,True,False,False,False,False,0.0,0,0.9011765276207259,0.8392733664520213,False,False,False,False,0.1285313028792491,0.1368730946901054,False,False,False,False,-11149841,-11568917.080656681,False,False,False,False,610177.4848340459,False,False,False,False
2022-08-26 00:00:00+00:00,84.9495717709,87.2613594674,84.7511720806,86.7869254252,608167,,,,,,,,,,,,,,,,,,,,,,,,,89.43150657521502,"rgba(239, 83, 80, 0.5)",0.0,0.0,3.8617503346313473,88.69032177261059,-0.9686669715968824,0.0,0.0,0.0,0.0,48.06711608088776,4.475656280825319,False,False,False,True,False,0.0,0,0.8882828828558992,0.8431758171902837,False,False,False,False,0.09916930267497968,0.11802119868254254,False,False,False,False,-11758008,-11576332.410827007,False,False,False,False,610098.6422915342,False,False,False,False
2022-08-29 00:00:00+00:00,84.6045288312,84.8891892565,83.9144429516,84.5355202432,581641,,,,,,,,,,,,,,,,,,,,,,,,,89.39329159474232,"rgba(239, 83, 80, 0.5)",0.0,0.0,3.864725224158238,88.62887945124288,-1.0413031681752771,0.0,0.0,0.0,0.0,45.232689389016926,1.943661566853244,False,False,False,True,False,0.0,0,0.9016960399704492,0.8566604444822693,False,False,False,False,0.011191026002795604,0.06460611234266908,False,False,False,False,-12339649,-11606266.394716145,False,False,False,False,608982.6563193172,False,False,False,False
2022-08-30 00:00:00+00:00,81.930446048,83.7074171878,81.7924288721,83.4831392769,997326,,,,,,,,,,,,,,,,,,,,,,,,,89.30314710151515,"rgba(239, 83, 80, 1.0)",0.0,0.0,3.892217825013029,88.47653354433096,-1.6818399664743986,0.0,0.0,0.0,0.0,40.39378892936554,-2.4683908747818393,False,True,False,True,False,0.0,0,0.887797758068553,0.8533292861156139,False,False,False,False,-0.0792216286346479,-0.0073077581459894125,False,False,False,False,-13336975,-11674137.320413552,False,False,False,False,624211.807051893,False,False,False,False
2022-08-31 00:00:00+00:00,79.5669019106,81.4560120058,79.5582758371,81.3007426829,1020945,,,,,,,,,,,,,,,,,,,,,,,,,89.18321073020932,"rgba(239, 83, 80, 1.0)",0.0,0.0,3.9569543474734994,88.27677885813486,-2.2011567945169976,0.0,0.0,0.0,0.0,35.33925068739707,-7.003568145070858,False,True,False,True,False,0.0,0,0.858506798616829,0.9034435794094129,False,False,False,False,-0.20438382619764833,-0.10584579217181887,False,False,False,False,-14357920,-11779383.700005177,False,False,False,False,639769.9714812305,False,False,False,False
2022-09-01 00:00:00+00:00,79.5151454696,79.6014062045,77.9883304611,79.1183460889,983911,,,,,,,,,,,,,,,,,,,,,,,,,89.05605702532905,"rgba(239, 83, 80, 1.0)",0.0,0.0,4.012028475148569,87.25561527899625,-1.9293157706488133,0.0,0.0,0.0,0.0,31.93353347414549,-9.977507725983301,False,True,False,True,False,0.0,0,0.8531874775734917,0.9175736971949068,False,False,False,False,-0.3041769287998164,-0.20501136048581764,False,False,False,False,-15341831,-11919087.515691249,False,False,False,False,653265.6980898096,False,False,False,False
2022-09-02 00:00:00+00:00,79.9637012913,81.4560120058,79.644536572,80.7314218323,669169,,,,,,,,,,,,,,,,,,,,,,,,,88.98253504828486,"rgba(239, 83, 80, 1.0)",0.0,0.0,4.033749666815999,87.21321988534928,-1.797215789985206,0.0,0.0,0.0,0.0,30.64232029967357,-11.085967524565689,False,True,False,True,False,0.0,0,0.9000590297551085,0.8874304374825537,False,False,False,False,-0.20192891363804086,-0.20347013706192923,False,False,False,False,-14672662,-12027070.828801395,False,False,False,False,653889.3569882485,False,False,False,False
2022-09-06 00:00:00+00:00,79.0407114274,80.5589003624,78.5835295322,80.4208831865,779829,,,,,,,,,,,,,,,,,,,,,,,,,88.88904276347412,"rgba(239, 83, 80, 1.0)",0.0,0.0,4.094221766811041,87.09225407241388,-1.966562414933661,0.0,0.0,0.0,0.0,29.018633134388438,-12.67720514214713,False,True,False,True,False,0.0,0,0.8833309722358469,0.8948108850625801,False,False,False,False,-0.2583127711191199,-0.23089145409052456,False,False,False,False,-15452491,-12161401.031593498,False,False,False,False,658828.1665181211,False,False,False,False
2022-09-07 00:00:00+00:00,79.8601884094,80.0068316588,78.1522258575,78.4455123563,775587,,,,,,,,,,,,,,,,,,,,,,,,,88.7973253587176,"rgba(239, 83, 80, 1.0)",0.0,0.0,4.13873893376841,86.97994152099096,-1.7202711322282607,0.0,0.0,0.0,0.0,29.76170157072765,-12.67720514214713,False,True,False,True,False,0.0,0,0.8665679589413483,0.9112488439413945,False,False,False,False,-0.2872250203788609,-0.25905823723469273,False,False,False,False,-14676904,-12260048.206825126,False,False,False,False,663406.9443017242,False,False,False,False
2022-09-08 00:00:00+00:00,81.930446048,81.9476119342,79.0924678684,79.3771282937,723593,,,,,,,,,,,,,,,,,,,,,,,,,88.7279887526864,"rgba(239, 83, 80, 0.75)",0.0,0.0,4.151997901951111,86.93512027428174,-1.2053653071283945,0.0,0.0,0.0,0.0,34.15636426821108,-12.67720514214713,False,True,False,True,True,0.0,0,0.8697580520433078,0.9051134722458657,False,False,False,False,-0.20364955396313758,-0.23135389559891517,False,False,False,False,-13953311,-12326450.669302572,False,False,False,False,665767.1817800879,False,False,False,False
2022-09-09 00:00:00+00:00,84.3975030673,84.5527723902,82.698166589,82.698166589,787146,,,,,,,,,,,,,,,,,,,,,,,,,88.68162647482868,"rgba(239, 83, 80, 0.75)",0.0,0.0,4.1260194365198775,86.97131889530259,-0.6238011884339301,0.0,0.0,0.0,0.0,40.554279171781275,-17.973675561359798,False,True,False,True,True,0.0,0,0.9098676098667952,0.8724223783890529,False,False,False,False,-0.03123326554229245,-0.1312935805706038,False,False,False,False,-13166165,-12359380.643055411,False,False,False,False,670527.1354357707,False,False,False,False
2022-09-12 00:00:00+00:00,85.4671361806,86.2089785011,85.0530846529,85.3463711517,755854,,,,,,,,,,,,,,,,,,,,,,,,,88.6533543126612,"rgba(239, 83, 80, 0.5)",0.0,0.0,4.103542951009047,87.03590940375105,-0.38229725919288826,0.0,0.0,0.0,0.0,46.06375201361234,-12.916946791868966,False,False,False,True,True,0.0,0,0.9449559666338815,0.8496973916108606,False,False,False,False,0.07850642828437432,-0.026393576143114744,False,False,False,False,-12410311,-12361377.9119552,False,False,False,False,673873.2869873092,False,False,False,False
2022-09-13 00:00:00+00:00,82.4911408251,83.8023039962,82.1374718118,83.4227567625,775539,,,,,,,,,,,,,,,,,,,,,,,,,88.59927481080761,"rgba(239, 83, 80, 0.5)",0.0,0.0,4.096453452540406,87.01263252470076,-1.1037576166761436,0.0,0.0,0.0,0.0,45.9938524160726,-12.916946791868966,False,False,False,True,True,0.0,0,0.9131780029925997,0.8691925752675087,False,False,False,False,-0.06713980478877014,-0.046766690465942444,False,False,False,False,-13185850,-12393710.150702056,False,False,False,False,677860.1776936894,False,False,False,False
2022-09-14 00:00:00+00:00,83.1898527781,83.362374248,81.9994546359,82.6550362215,798711,,,,,,,,,,,,,,,,,,,,,,,,,88.54499605638138,#000000,0.0,0.0,4.056593968382947,86.98673828910854,-0.9359786906457556,0.0,0.0,0.0,0.0,46.8198326280598,-12.098178533622054,False,False,False,False,True,0.0,0,0.9449588846866709,0.8684896801146148,False,False,False,False,-0.08301660021431127,-0.06489164534012686,False,False,False,False,-12387139,-12393452.458517661,False,False,False,False,682599.4256272701,False,False,False,False
2022-09-15 00:00:00+00:00,83.362374248,84.4233812878,82.7930533974,82.9483227203,1039446,,,,,,,,,,,,,,,,,,,,,,,,,88.48407590568074,#000000,0.0,0.0,3.9851870021966826,86.97077407450689,-0.9054530752303227,0.0,0.0,0.0,0.0,47.593102093763655,-11.048949018662704,False,False,False,False,True,0.0,0,0.9485279600574806,0.8578946513375005,False,False,False,False,-0.0321767394120274,-0.04853419237607713,False,False,False,False,-11347693,-12352442.283673832,False,False,False,False,696593.4089360046,False,False,False,False
2022-09-16 00:00:00+00:00,82.4135061636,82.6550362215,81.7018551004,82.0770892974,707509,,,,,,,,,,,,,,,,,,,,,,,,,88.4330463073179,#000000,0.0,0.0,3.8817894107532527,86.93238198970033,-1.164121838650554,0.0,0.0,0.0,0.0,46.91761009738055,-11.048949018662704,False,False,False,False,True,0.0,0,0.9133915377436598,0.8865941439409349,False,False,False,False,-0.11072780875267521,-0.07963100056437616,False,False,False,False,-12055202,-12340785.801961133,False,False,False,False,697021.4713306711,False,False,False,False
2022-09-19 00:00:00+00:00,83.1035920432,83.1208441902,81.128221213,81.4646380793,632806,,,,,,,,,,,,,,,,,,,,,,,,,88.3895202633528,#000000,0.0,0.0,3.769809767272281,86.90187080972315,-1.0075518397501189,0.0,0.0,0.0,0.0,47.46471050867332,-10.357200498114452,False,False,False,False,True,0.0,0,0.9050313230732859,0.8847325493558932,False,False,False,False,-0.11371045248123705,-0.09667072652280662,False,False,False,False,-11422396,-12304770.515609717,False,False,False,False,694503.2175529978,False,False,False,False
2022-09-20 00:00:00+00:00,81.3783773443,82.2754889877,80.7055436118,82.1892282528,472978,,,,,,,,,,,,,,,,,,,,,,,,,88.35200230677933,"rgba(239, 83, 80, 0.5)",0.0,0.0,3.627941017552002,86.86696577980977,-1.5128659503988469,0.0,0.0,0.0,0.0,45.70386135213286,-10.357200498114452,False,False,False,True,True,0.0,0,0.9035328731222325,0.88112950079041,False,False,False,False,-0.14895262046805868,-0.12281167349543265,False,False,False,False,-11895374,-12288715.750291688,False,False,False,False,685815.9541195468,False,False,False,False
2022-09-21 00:00:00+00:00,80.1362227612,81.7924288721,80.1362227612,81.7061681371,735051,,,,,,,,,,,,,,,,,,,,,,,,,88.28811915267006,"rgba(239, 83, 80, 1.0)",0.0,0.0,3.5258199183992196,86.80021177919159,-1.8900537101217418,0.0,0.0,0.0,0.0,43.20533997650985,-10.357200498114452,False,True,False,True,False,0.0,0,0.8997782795324593,0.8895192068291538,False,False,False,False,-0.17847905243780166,-0.15064536296661715,False,False,False,False,-12630425,-12302116.113025349,False,False,False,False,687746.7402325057,False,False,False,False
2022-09-22 00:00:00+00:00,79.2994936322,80.8004304202,79.1873546768,80.377752819,432911,,,,,,,,,,,,,,,,,,,,,,,,,88.24646760285306,"rgba(239, 83, 80, 1.0)",0.0,0.0,3.3965986148810696,86.7523832122592,-2.1942214624379943,0.0,0.0,0.0,0.0,40.70862638153861,-10.357200498114452,False,True,False,True,False,0.0,0,0.9092084103154126,0.8908741057139415,False,False,False,False,-0.2337933951162199,-0.19221937904141853,False,False,False,False,-13063336,-12331967.873298865,False,False,False,False,677753.1817920153,False,False,False,False
2022-09-23 00:00:00+00:00,77.1084709647,78.3161212539,76.2458636153,78.2384865925,993365,,,,,,,,,,,,,,,,,,,,,,,,,88.12426811075973,"rgba(239, 83, 80, 1.0)",0.0,0.0,3.2826865287053497,86.58838199052586,-2.8878514420822916,0.0,0.0,0.0,0.0,37.16062756472725,-5.851514254464583,False,True,False,True,False,0.0,0,0.9150429239065214,0.8999190060187374,False,False,False,False,-0.34282825441539394,-0.26752381672840625,False,False,False,False,-14056701,-12399604.466502832,False,False,False,False,690130.1158393873,False,False,False,False
2022-09-26 00:00:00+00:00,76.7720540984,77.444887831,75.8640736024,76.3838807912,683348,,,,,,,,,,,,,,,,,,,,,,,,,88.03775681157182,"rgba(239, 83, 80, 1.0)",0.0,0.0,3.2056391675166664,86.47371313513344,-3.0264351443675053,0.0,0.0,0.0,0.0,34.53447278992555,-8.466367225094189,False,True,False,True,False,0.0,0,0.9045803526488607,0.9100257171220749,False,False,False,False,-0.34282825441539394,-0.3051760355719001,False,False,False,False,-14740049,-12491386.60507135,False,False,False,False,689864.1505123525,False,False,False,False
2022-09-27 00:00:00+00:00,75.8231860141,77.5742789334,75.6247863237,77.1429752587,896902,,,,,,,,,,,,,,,,,,,,,,,,,87.92270620418442,"rgba(239, 83, 80, 1.0)",0.0,0.0,3.2298672512753024,86.32380443191086,-3.251099070299165,0.0,0.0,0.0,0.0,32.05443302516948,-10.926309645028311,False,True,False,True,False,0.0,0,0.8932386445529567,0.9313322963914302,False,False,False,False,-0.34282825441539394,-0.324002144993647,False,False,False,False,-15636951,-12614742.07153914,False,False,False,False,697983.2818648092,False,False,False,False
2022-09-28 00:00:00+00:00,77.9797043876,78.2902430334,75.2883694574,75.6161602502,948868,,,,,,,,,,,,,,,,,,,,,,,,,87.81213399974719,"rgba(239, 83, 80, 1.0)",0.0,0.0,3.25031187690554,86.1908194235274,-2.5262545093810505,0.0,0.0,0.0,0.0,34.225915822155116,-10.926309645028311,False,True,False,True,False,0.0,0,0.8867424810076604,0.9502455439207615,False,False,False,False,-0.3325563967932656,-0.3282792708934563,False,False,False,False,-14688083,-12696049.558929762,False,False,False,False,707821.8982622677,False,False,False,False
2022-09-29 00:00:00+00:00,76.3407504237,77.358627096,75.4695170008,77.358627096,818542,,,,,,,,,,,,,,,,,,,,,,,,,87.71154874621723,"rgba(239, 83, 80, 1.0)",0.0,0.0,3.3366772529732462,86.06814191073079,-2.915292894559371,0.0,0.0,0.0,0.0,34.178672813064196,-10.926309645028311,False,True,False,True,False,0.0,0,0.8731729073939486,0.9594316195970966,False,False,False,False,-0.34282825441539394,-0.33555376265442516,False,False,False,False,-15506625,-12806268.203677615,False,False,False,False,712163.8630362964,False,False,False,False
2022-09-30 00:00:00+00:00,75.5989081032,77.444887831,75.3660041189,76.6167847755,885204,,,,,,,,,,,,,,,,,,,,,,,,,87.60235989541371,"rgba(239, 83, 80, 1.0)",0.0,0.0,3.4452342603947916,85.93687751433418,-3.000657902998314,0.0,0.0,0.0,0.0,33.52541729166181,-10.926309645028311,False,True,False,True,False,0.0,0,0.8718397232473877,0.9629244377933432,False,False,False,False,-0.34282825441539394,-0.3391910085349096,False,False,False,False,-16391829,-12946878.430984374,False,False,False,False,718949.7507603633,False,False,False,False
2022-10-03 00:00:00+00:00,77.9883304611,78.3765037684,76.1941071743,76.659915143,1099322,,,,,,,,,,,,,,,,,,,,,,,,,87.48560906066119,"rgba(239, 83, 80, 0.75)",0.0,0.0,3.481109108210928,85.81092455754758,-2.247155677481163,0.0,0.0,0.0,0.0,36.759242465207016,-10.926309645028311,False,True,False,True,True,0.0,0,0.8700817416105994,0.9530660251435928,False,False,False,False,-0.29640235916513213,-0.31779668385002086,False,False,False,False,-15292507,-13038863.865063418,False,False,False,False,733866.3095540745,False,False,False,False
2022-10-04 00:00:00+00:00,79.9723273648,80.2742399371,78.6956684876,78.6956684876,868241,,,,,,,,,,,,,,,,,,,,,,,,,87.41457601273196,"rgba(239, 83, 80, 0.75)",0.0,0.0,3.497774879252492,85.75012097210602,-1.6518483340874108,0.0,0.0,0.0,0.0,41.3596444693987,-15.236995489448049,False,True,False,True,True,0.0,0,0.8850837085348381,0.9408504613111143,False,False,False,False,-0.1851458619347663,-0.25147127289239357,False,False,False,False,-14424266,-13093193.360551128,False,False,False,False,739135.9052578363,False,False,False,False
2022-10-05 00:00:00+00:00,79.0752157214,79.2304850443,77.7985568442,78.5145209443,709622,,,,,,,,,,,,,,,,,,,,,,,,,87.35051383498448,"rgba(239, 83, 80, 0.75)",0.0,0.0,3.5245336731706307,85.68936039339638,-1.8766013564700534,0.0,0.0,0.0,0.0,43.40912157791915,-13.269005707658891,False,True,False,True,True,0.0,0,0.8702329159545281,0.9443520274926318,False,False,False,False,-0.2335179329925506,-0.2424946029424721,False,False,False,False,-15133888,-13173220.60131383,False,False,False,False,737978.4972085095,False,False,False,False
2022-10-06 00:00:00+00:00,76.0215857044,78.3419994744,75.7714295731,78.3333734009,980009,,,,,,,,,,,,,,,,,,,,,,,,,87.24357485857861,"rgba(239, 83, 80, 0.75)",0.0,0.0,3.6088371475622303,85.57325691960055,-2.6467448722790694,0.0,0.0,0.0,0.0,41.855794528600214,-13.269005707658891,False,True,False,True,True,0.0,0,0.8394132815157305,0.9581220986305691,False,False,False,False,-0.3083378562497095,-0.2754162295960908,False,False,False,False,-16113897,-13288541.244399562,False,False,False,False,747469.8894748425,False,False,False,False
2022-10-07 00:00:00+00:00,74.0289627273,75.7369252791,73.8219369634,75.5298995153,775019,,,,,,,,,,,,,,,,,,,,,,,,,87.14330330576611,"rgba(239, 83, 80, 1.0)",0.0,0.0,3.7471122298316164,85.45519118030036,-3.0493424675230028,0.0,0.0,0.0,0.0,39.310684702462794,-13.269005707658891,False,True,False,True,False,0.0,0,0.812140792439055,0.9833893374770315,False,False,False,False,-0.34282825441539394,-0.30912224200574234,False,False,False,False,-16888916,-13429732.411285855,False,False,False,False,748550.2467503389,False,False,False,False
2022-10-10 00:00:00+00:00,73.6666676405,74.6069096514,73.5200243911,74.425762108,346342,,,,,,,,,,,,,,,,,,,,,,,,,87.09690286221878,"rgba(239, 83, 80, 1.0)",0.0,0.0,3.877426968126967,85.40010345121345,-3.0260881525723287,0.0,0.0,0.0,0.0,37.35340791405552,-13.269005707658891,False,True,False,True,False,0.0,0,0.7962921751997474,1.0070827001424458,False,False,False,False,-0.34282825441539394,-0.3259752482105681,False,False,False,False,-17235258,-13578968.708882488,False,False,False,False,732777.374328757,False,False,False,False
2022-10-11 00:00:00+00:00,71.8206879128,73.1491032309,71.5360274875,73.1318510839,831297,,,,,,,,,,,,,,,,,,,,,,,,,86.97211683394252,"rgba(239, 83, 80, 1.0)",0.0,0.0,4.069653270183317,85.24635711126001,-3.2989712653960948,0.0,0.0,0.0,0.0,34.783596346463845,-8.490339766505926,False,True,False,True,False,0.0,0,0.7843942135123684,1.014057172924659,False,False,False,False,-0.34282825441539394,-0.334401751312981,False,False,False,False,-18066555,-13754952.485004744,False,False,False,False,736640.8890609627,True,False,False,False
2022-10-12 00:00:00+00:00,72.5193998658,73.1922335983,71.4152624585,71.8379400597,591042,,,,,,,,,,,,,,,,,,,,,,,,,86.88588002608776,"rgba(239, 83, 80, 1.0)",0.0,0.0,4.227595885223371,85.14232652903164,-2.98584041756505,0.0,0.0,0.0,0.0,34.12852099780952,-9.260357040065784,False,True,False,True,False,0.0,0,0.790327616463344,1.0061026596196634,False,False,False,False,-0.34282825441539394,-0.33861500286418744,False,False,False,False,-17475513,-13900856.818926126,False,False,False,False,730931.1287056308,False,False,False,False
2022-10-13 00:00:00+00:00,75.0295872526,75.6075341767,70.3628814922,71.0443412983,1038716,,,,,,,,,,,,,,,,,,,,,,,,,86.75003541375669,"rgba(239, 83, 80, 1.0)",0.0,0.0,4.309948381814984,84.04381859453783,-2.0914940373698396,0.0,0.0,0.0,0.0,37.080500046184554,-9.260357040065784,False,True,False,True,False,0.0,0,0.7820615218562667,0.988492606584651,True,False,False,False,-0.314935734329306,-0.3267753685967467,False,False,False,False,-16436797,-14000305.453478044,False,False,False,False,743001.1236583511,False,False,False,False
2022-10-14 00:00:00+00:00,74.1756059767,76.1596028803,74.0634670213,75.4953952213,873608,,,,,,,,,,,,,,,,,,,,,,,,,86.64763435640907,"rgba(239, 83, 80, 0.75)",0.0,0.0,4.408438007702412,83.98603467475776,-2.225375219276534,0.0,0.0,0.0,0.0,38.28058385337142,-9.260357040065784,False,True,False,True,True,0.0,0,0.8192090395481287,0.9789378531083174,False,False,False,False,-0.23067278385760012,-0.27872407622717343,False,False,False,False,-17310405,-14130113.278831847,False,False,False,False,748122.9619462589,False,False,False,False
2022-10-17 00:00:00+00:00,76.5995326286,77.0998448912,75.6937949117,75.6937949117,635349,,,,,,,,,,,,,,,,,,,,,,,,,86.58456723046415,"rgba(239, 83, 80, 0.75)",0.0,0.0,4.453857108030935,83.97715451160805,-1.6564567977955895,0.0,0.0,0.0,0.0,41.91502872138771,-14.63954420694268,False,True,False,True,True,0.0,0,0.8275696144270438,0.9530550848351446,False,False,False,False,-0.18132658597106974,-0.2300253310991216,False,False,False,False,-16675056,-14229914.954171775,False,False,False,False,743700.4536346409,False,False,False,False
2022-10-18 00:00:00+00:00,77.358627096,78.3074951804,76.7634280249,77.9797043876,885876,,,,,,,,,,,,,,,,,,,,,,,,,86.50658982893825,"rgba(239, 83, 80, 0.5)",0.0,0.0,4.485354048887624,83.97174229225395,-1.4743797533427732,0.0,0.0,0.0,0.0,45.13507047341462,-11.544791592814299,False,False,False,True,True,0.0,0,0.8281408912595115,0.9482778804063796,False,False,False,False,-0.13833605503357815,-0.18418069306634988,False,False,False,False,-15789180,-14291062.603027783,False,False,False,False,749275.9652568118,False,False,False,False
2022-10-19 00:00:00+00:00,75.7541774261,77.0394623768,75.1848565755,76.8065583924,654749,,,,,,,,,,,,,,,,,,,,,,,,,86.44048034308679,"rgba(239, 83, 80, 0.5)",0.0,0.0,4.54067149995854,83.91915468325168,-1.7981871750084164,0.0,0.0,0.0,0.0,45.586363292421225,-11.032561130425862,False,False,False,True,True,0.0,0,0.8199354268212817,0.9531141135603974,False,False,False,False,-0.19217250025573276,-0.1881765966610413,False,False,False,False,-16443929,-14375488.736242382,False,False,False,False,745569.0254428192,False,False,False,False
2022-10-20 00:00:00+00:00,75.3314998249,77.0049580828,75.0554654731,76.0992203659,564517,,,,,,,,,,,,,,,,,,,,,,,,,86.38309103437463,"rgba(239, 83, 80, 0.5)",0.0,0.0,4.6030065909430675,83.86966513035621,-1.8549105105032877,0.0,0.0,0.0,0.0,45.4566782701643,-10.94687641822106,False,False,False,True,True,0.0,0,0.8134178421270897,0.9755603885777802,False,False,False,False,-0.19530299764481177,-0.19173979715292655,False,False,False,False,-17008446,-14478741.962272093,False,False,False,False,738468.9460136892,False,False,False,False
2022-10-21 00:00:00+00:00,77.5225224924,77.6691657418,75.0640915466,75.3832562659,757403,,,,,,,,,,,,,,,,,,,,,,,,,86.31391461454022,#000000,0.0,0.0,4.6269147180748815,83.82472090690739,-1.3620736059577818,0.0,0.0,0.0,0.0,47.86846771627283,-8.408630591234669,True,False,False,False,True,0.0,0,0.8056265984663711,0.981587314581063,False,False,False,False,-0.1824748687729519,-0.18710733296293924,False,False,False,False,-16251043,-14548243.96375162,False,False,False,False,739211.4579347209,False,False,False,False
2022-10-24 00:00:00+00:00,77.5138964189,77.8848175792,76.8065583924,77.7813046973,621746,,,,,,,,,,,,,,,,,,,,,,,,,86.2616756004572,#000000,0.0,0.0,4.649078946308031,83.7971437625071,-1.3515036884019382,0.0,0.0,0.0,0.0,49.46593101288599,-6.682108462965559,True,False,False,False,True,0.0,0,0.8182979863566777,0.9934062944448417,False,False,False,False,-0.14546178424381231,-0.16628455860337576,False,False,False,False,-16872789,-14639402.592624106,False,False,False,False,734604.9693882612,False,False,False,False
2022-10-25 00:00:00+00:00,78.9975810599,79.0924678684,77.1861056262,77.2033577731,506076,,,,,,,,,,,,,,,,,,,,,,,,,86.2244657177266,"rgba(38, 166, 154, 1.0)",0.0,0.0,4.658220615286954,83.78663274327761,-1.0280860609438083,0.0,0.0,0.0,0.0,52.12009707348662,-3.988719844435792,True,False,True,False,True,0.0,0,0.8270239147884499,0.9799321420522733,False,False,False,False,-0.11575231360355275,-0.14101843610346426,False,False,False,False,-16366713,-14707140.255658455,False,False,False,False,725643.0490200941,False,False,False,False
2022-10-26 00:00:00+00:00,80.1621009817,81.2662383889,78.8801801997,78.9717028395,952605,,,,,,,,,,,,,,,,,,,,,,,,,86.17023477694724,"rgba(38, 166, 154, 1.0)",0.0,0.0,4.660861049362371,83.80020099890386,-0.7805639298561751,0.0,0.0,0.0,0.0,55.024717312901345,-1.129224045357006,True,False,True,False,True,0.0,0,0.8346676652997163,0.9745987990223983,False,False,False,False,-0.04409363508279781,-0.09255603559313104,False,False,False,False,-15414108,-14734864.48092675,False,False,False,False,734543.5176859727,False,False,False,False
2022-10-27 00:00:00+00:00,80.395004966,81.3611251974,79.9809534383,80.5502742889,567192,,,,,,,,,,,,,,,,,,,,,,,,,86.14089759408918,"rgba(38, 166, 154, 1.0)",0.0,0.0,4.662382485435209,83.80991097758044,-0.7324379804205784,0.0,0.0,0.0,0.0,57.186917999855325,0.9923996496247014,True,False,True,False,True,0.0,0,0.8457928150282567,0.9717330527809397,False,False,False,False,-0.022067074977936012,-0.05731155528553353,False,False,False,False,-14846916,-14739258.65814531,False,False,False,False,727980.7130708366,False,False,False,False
2022-10-28 00:00:00+00:00,80.9988301106,81.1886037275,80.0930923937,80.2483617166,1938591,,,,,,,,,,,,,,,,,,,,,,,,,86.04610158961454,"rgba(38, 166, 154, 1.0)",0.0,0.0,4.6412193759331535,83.83068672001195,-0.6101535781946508,0.0,0.0,0.0,0.0,59.231417958293626,3.0104160990521365,True,False,True,False,True,0.0,0,0.8434550959431386,0.9785391763686712,False,False,False,False,-0.01001538562960634,-0.033663470457569934,False,False,False,False,-12908325,-14667457.338218043,False,False,False,False,775455.6262837449,False,False,False,False
2022-10-31 00:00:00+00:00,80.3104694458,81.1477636537,80.1447549671,80.2494167431,1938775,,,,,,,,,,,,,,,,,,,,,,,,,85.95066902945824,"rgba(38, 166, 154, 1.0)",0.0,0.0,4.629862457769954,83.82307498489999,-0.7586846415286159,0.0,0.0,0.0,0.0,59.41958268578578,3.337314714085771,True,False,True,False,True,0.0,0,0.853967166008122,0.9758060964147095,False,False,False,False,0.03196382849823335,-0.0008498209796682921,False,False,False,False,-14847100,-14674502.148484003,False,False,False,False,821075.9938804609,False,False,False,False
2022-11-01 00:00:00+00:00,80.1970858551,81.4879144257,79.8482132685,81.4355835377,752045,,,,,,,,,,,,,,,,,,,,,,,,,85.91437948824269,"rgba(38, 166, 154, 1.0)",0.0,0.0,4.62741067837469,83.81676550287057,-0.7822257195987469,0.0,0.0,0.0,0.0,59.34601645126787,3.5229128255868503,True,False,True,False,True,0.0,0,0.8588057323206448,0.9593289056944356,False,False,False,False,0.04318854430945145,0.02116936166489158,False,False,False,False,-15599145,-14710762.652465023,False,False,False,False,818368.8960812271,False,False,False,False
2022-11-02 00:00:00+00:00,79.4644534231,81.4879144257,79.2812953152,80.3453567044,856184,,,,,,,,,,,,,,,,,,,,,,,,,85.87038444379583,"rgba(38, 166, 154, 1.0)",0.0,0.0,4.6338369339748935,83.80151995298064,-0.9359557946637367,0.0,0.0,0.0,0.0,57.98939186191291,3.5229128255868503,True,False,True,False,True,0.0,0,0.8620292790229582,0.9591700083988953,False,False,False,False,0.044747576922563904,0.03295846929372774,False,False,False,False,-16455329,-14779177.019035023,False,False,False,False,819851.8413329438,False,False,False,False
2022-11-03 00:00:00+00:00,78.9585881725,79.4993406818,77.9904667446,78.3393393312,518980,,,,,,,,,,,,,,,,,,,,,,,,,85.8382991096718,"rgba(38, 166, 154, 0.75)",0.0,0.0,4.6420813005117845,83.78039878070894,-1.0387173976632713,0.0,0.0,0.0,0.0,56.20208120536637,3.5229128255868503,True,False,True,False,False,0.0,0,0.8614831051798646,0.9740531778108418,False,False,False,False,-0.03132715751895167,0.0008156558873880365,False,False,False,False,-16974309,-14865260.62613169,False,False,False,False,808052.9455943969,False,False,False,False
2022-11-04 00:00:00+00:00,82.133328711,82.159494155,80.7465601791,81.112876395,815457,,,,,,,,,,,,,,,,,,,,,,,,,85.80879038298632,"rgba(38, 166, 154, 0.75)",0.0,0.0,4.639023740971055,83.78718204215305,-0.35650891728500933,0.0,0.0,0.0,0.0,58.93565871993774,3.5442688646425964,True,False,True,False,False,0.11372139831241412,0,0.8700787848400301,0.958535796905384,False,False,False,False,0.11114258677717212,0.05597912133228008,False,False,False,False,-16158852,-14915989.69961672,False,False,False,False,808343.3006691264,False,False,False,False
2022-11-07 00:00:00+00:00,82.5868630736,82.8834047723,82.080997823,82.394983151,495539,,,,,,,,,,,,,,,,,,,,,,,,,85.79465713986059,"rgba(38, 166, 154, 1.0)",0.0,0.0,4.638379054006056,83.79740182235001,-0.2609831440370312,0.0,0.0,0.0,0.0,61.20410587096276,5.79967337671885,True,False,True,False,True,0.6984845098332357,0,0.8916922051627698,0.9519750274367997,False,False,False,False,0.17585269744071225,0.11591590938649617,False,False,False,False,-15663313,-14945296.495710183,False,False,False,False,796076.4653487686,False,False,False,False
2022-11-08 00:00:00+00:00,83.4590445402,83.9823534202,82.6391939616,82.9880665483,652550,,,,,,,,,,,,,,,,,,,,,,,,,85.78097004381202,"rgba(38, 166, 154, 1.0)",0.0,0.0,4.634546197253677,83.8187024882428,-0.07760370330452934,0.0,0.0,0.0,0.0,63.55762863541891,8.098134980818223,True,False,True,False,True,1.8198357803368275,0,0.9053326791627602,0.9193803060695002,False,False,False,False,0.2185075242125834,0.16721171679953978,False,False,False,False,-15010763,-14947863.809603902,False,False,False,False,790447.976511562,False,False,False,False
2022-11-09 00:00:00+00:00,81.6449070897,82.9880665483,81.6012980163,82.9880665483,662541,,,,,,,,,,,,,,,,,,,,,,,,,85.75995282693945,"rgba(38, 166, 154, 1.0)",0.0,0.0,4.629917461138564,83.82508214049737,-0.47088853507579315,0.0,0.0,0.0,0.0,61.84460205296777,8.098134980818223,True,False,True,False,True,0.0,0,0.9149341019190919,0.9209239038690201,False,False,False,False,0.16629179130172209,0.16675175405063092,False,False,False,False,-15673304,-14976312.444521395,False,False,False,False,785432.0166483636,False,False,False,False
2022-11-10 00:00:00+00:00,86.0232580521,86.2064161601,83.9561879762,84.4184441535,948123,,,,,,,,,,,,,,,,,,,,,,,,,85.75701471149891,"rgba(38, 166, 154, 1.0)",0.0,0.0,4.644396417242204,83.8818573139272,0.46107191242825646,0.0,0.0,0.0,0.0,64.54041046338888,8.959024491766456,True,False,True,False,True,4.801296384491387,0,0.9361177799185895,0.8723290432335181,False,False,False,False,0.31257299282820955,0.23966237343942023,False,False,False,False,-14725181,-14966464.152579382,False,False,False,False,791812.0552111729,False,False,False,False
2022-11-11 00:00:00+00:00,87.357695696,88.2647644213,86.0755889401,86.5378451174,708481,,,,,,,,,,,,,,,,,,,,,,,,,85.76584591056226,"rgba(38, 166, 154, 1.0)",0.0,0.0,4.67521220816764,84.19473406293967,0.6765386237515799,0.0,0.0,0.0,0.0,67.18898477240009,11.477647922558091,True,False,True,False,True,6.318060852353817,0,0.9702988985621649,0.8362154641963256,False,False,False,False,0.3428282494333123,0.2912453114363663,False,False,False,False,-14016700,-14929218.499537053,False,True,False,False,788544.1706930877,False,False,False,False
2022-11-14 00:00:00+00:00,86.5901760054,87.4798011013,86.572732376,87.1047630707,490651,,,,,,,,,,,,,,,,,,,,,,,,,85.7704482255944,"rgba(38, 166, 154, 1.0)",0.0,0.0,4.684059380237245,84.2178896063028,0.5064595058521733,0.0,0.0,0.0,0.0,67.72239699118728,12.035013703511702,True,False,True,False,True,5.299777689479189,0,0.9603465096222419,0.85980532038095,False,False,False,False,0.3356753402255321,0.3134603258309492,False,False,False,False,-14507351,-14912674.676025795,False,False,False,False,776862.0855678685,False,False,False,False
2022-11-15 00:00:00+00:00,86.8779958894,87.7937864293,86.2151379747,87.357695696,536387,,,,,,,,,,,,,,,,,,,,,,,,,85.77580192823139,"rgba(38, 166, 154, 1.0)",0.0,0.0,4.704963069272507,84.25164324421436,0.5582089819871268,0.0,0.0,0.0,0.0,68.2923679729702,12.732104390752596,True,False,True,False,True,5.6321653396786395,0,0.9668250105494602,0.8478718600046653,False,False,False,False,0.3345944651691035,0.32402739550002635,False,False,False,False,-13970964,-14875744.845593411,False,False,False,False,767431.6900554032,False,False,False,False
2022-11-16 00:00:00+00:00,86.2151379747,87.017544924,85.4388964694,86.86055226,363417,,,,,,,,,,,,,,,,,,,,,,,,,85.77716140225223,"rgba(38, 166, 154, 1.0)",0.0,0.0,4.7228382195968885,84.26116282718955,0.4137290029124112,0.0,0.0,0.0,0.0,67.52419198741126,12.732104390752596,True,False,True,False,True,4.7385459069241485,0,0.963480482238138,0.8495927258274931,False,False,False,False,0.29658197879313186,0.3103046871465791,False,False,False,False,-14334381,-14854514.890864259,False,False,False,False,751587.9767198971,False,False,False,False
2022-11-17 00:00:00+00:00,85.8575435734,85.9796489787,84.7411512962,85.0900238828,425028,,,,,,,,,,,,,,,,,,,,,,,,,85.77627370393114,"rgba(38, 166, 154, 1.0)",0.0,0.0,4.725711488092484,84.26264764458973,0.33749329234951536,0.0,0.0,0.0,0.0,66.38305278209589,12.732104390752596,True,False,True,False,True,4.255024977393294,0,0.9450682379932356,0.8738574858535649,False,False,False,False,0.2550441738005053,0.28267443047354224,False,False,False,False,-14759409,-14850785.248085268,False,False,False,False,738781.7031230385,False,False,False,False
2022-11-18 00:00:00+00:00,86.1628070867,86.520401488,85.7877690561,86.1191980134,443498,,,,,,,,,,,,,,,,,,,,,,,,,85.77767325831941,"rgba(38, 166, 154, 1.0)",0.0,0.0,4.736962541705793,84.28007494339607,0.3974555692023583,0.0,0.0,0.0,0.0,65.93522917034336,12.732104390752596,True,False,True,False,True,4.626742243082138,0,0.926597098252295,0.8845069363504328,False,False,False,False,0.29299631462811554,0.2878353725508289,False,False,False,False,-14315911,-14829809.787376042,False,False,False,False,727201.9500593899,False,False,False,False
2022-11-21 00:00:00+00:00,84.9679184775,86.0930325694,84.6364895202,85.6656636508,927300,,,,,,,,,,,,,,,,,,,,,,,,,85.77351473631624,"rgba(38, 166, 154, 0.75)",0.0,0.0,4.732873744745806,84.29066912222765,0.14309474365848007,0.0,0.0,0.0,0.0,63.44259072650203,12.732104390752596,True,False,True,False,False,2.9899918335595252,0,0.8978497348235603,0.9004948569589983,False,False,False,False,0.255250657258657,0.271543014904743,False,False,False,False,-15243211,-14846021.599635806,False,False,False,False,735048.9324100021,False,False,False,False
2022-11-22 00:00:00+00:00,86.0930325694,86.3285215654,85.2470165468,85.4563400988,588760,,,,,,,,,,,,,,,,,,,,,,,,,85.77407384928424,"rgba(38, 166, 154, 0.75)",0.0,0.0,4.737662404818619,84.31330728279248,0.375654728964516,0.0,0.0,0.0,0.0,63.09466419255179,12.732104390752596,True,False,True,False,False,4.384643448788818,0,0.9198650292319257,0.8860214933410931,False,False,False,False,0.27538404828464913,0.27346353159469605,False,False,False,False,-14654451,-14838509.027101068,False,False,False,False,729312.1115311785,False,False,False,False
2022-11-23 00:00:00+00:00,86.677394152,86.8169431867,85.7964908708,85.7964908708,753349,,,,,,,,,,,,,,,,,,,,,,,,,85.77809577580526,"rgba(38, 166, 154, 0.75)",0.0,0.0,4.757938756608786,84.3533819099299,0.488449381329689,0.0,0.0,0.0,0.0,63.50717829906513,12.732104390752596,True,False,True,False,False,5.10210067565739,0,0.9264651976365159,0.8763480956530153,False,False,False,False,0.3003866605838247,0.28692509608926037,False,False,False,False,-13901102,-14801747.967214752,False,False,False,False,730254.7346083871,False,False,False,False
2022-11-25 00:00:00+00:00,86.6337850787,87.017544924,86.3546870094,86.5640105614,232933,,,,,,,,,,,,,,,,,,,,,,,,,85.77978031162583,"rgba(38, 166, 154, 0.75)",0.0,0.0,4.749442966721102,84.36680904530941,0.47731408699400707,0.0,0.0,0.0,0.0,63.69205447710551,12.732104390752596,True,False,True,False,False,5.040174535567225,0,0.9233699442521293,0.8838278662532708,False,False,False,False,0.3188977939303938,0.3029114450098271,False,False,False,False,-14134035,-14775563.144971035,False,False,False,False,710751.9214864896,False,False,False,False
2022-11-28 00:00:00+00:00,84.0085188642,85.9185962761,83.8689698295,85.4650619134,601945,,,,,,,,,,,,,,,,,,,,,,,,,85.77403520126984,"rgba(38, 166, 154, 0.75)",0.0,0.0,4.6994633155701715,84.36895849260138,-0.0766980406479988,0.0,0.0,0.0,0.0,59.165868444853004,13.484398008003673,True,False,True,False,False,1.4114104276964454,0,0.9161641399720847,0.8783460371375298,False,False,False,False,0.23306923005888605,0.2679903375343566,False,False,False,False,-14735980,-14774010.864776094,False,False,False,False,706484.9833889802,False,False,False,False
2022-11-29 00:00:00+00:00,83.8166389415,84.2265642309,82.9444574749,83.8951352735,581852,,,,,,,,,,,,,,,,,,,,,,,,,85.76415370037665,"rgba(38, 166, 154, 0.75)",0.0,0.0,4.612132708675545,84.3596538033884,-0.1177361746046399,0.0,0.0,0.0,0.0,55.86102348604994,10.390570291423074,True,False,True,False,False,1.1539129122578977,0,0.912036200548322,0.8991786003517326,False,False,False,False,0.17254989353417338,0.22027011553426498,False,False,False,False,-15317832,-14795337.183804482,False,False,False,False,701597.4154129417,False,False,False,False
2022-11-30 00:00:00+00:00,85.3255128788,85.4825055428,83.2671646176,83.9910752349,990759,,,,,,,,,,,,,,,,,,,,,,,,,85.75567534991073,"rgba(38, 166, 154, 0.75)",0.0,0.0,4.5474357364121305,84.37138644947721,0.2098163634689597,0.0,0.0,0.0,0.0,55.849101673627814,10.390570291423074,True,False,True,False,False,3.098163140916,0,0.9277283185950375,0.8861646324416538,False,False,False,False,0.20888590819472633,0.21457801186449565,False,False,False,False,-14327073,-14776973.882478816,False,False,False,False,712937.085396748,False,False,False,False
2022-12-01 00:00:00+00:00,86.3634088241,86.546566932,84.1219024549,85.2819038055,897035,,,,,,,,,,,,,,,,,,,,,,,,,85.75511828274786,"rgba(38, 166, 154, 0.75)",0.0,0.0,4.454696465938878,84.40169513804332,0.4403697762700942,0.0,0.0,0.0,0.0,57.15558547689792,10.390570291423074,True,False,True,False,False,4.402791993544675,0,0.942521803040543,0.8715706415687108,False,False,False,False,0.2538057193324703,0.23419186559848298,False,False,False,False,-13430038,-14724152.867479648,False,False,False,False,720156.6114596208,False,False,False,False
2022-12-02 00:00:00+00:00,87.0785976267,87.3228084373,85.3604001375,85.6482200214,873812,,,,,,,,,,,,,,,,,,,,,,,,,85.76083967885144,"rgba(38, 166, 154, 1.0)",0.0,0.0,4.3911798895200995,84.44577550881758,0.5995705446196513,0.0,0.0,0.0,0.0,58.876450431783006,10.390570291423074,True,False,True,False,True,5.292135598714825,0,0.9645157314002749,0.8543997498747061,False,False,False,False,0.3020803385024764,0.26813610205047966,False,False,False,False,-12556226,-14639136.127578488,False,False,False,False,726182.3129710081,False,False,False,False
2022-12-05 00:00:00+00:00,85.3342346935,87.331530252,84.8109258135,86.8779958894,692445,,,,,,,,,,,,,,,,,,,,,,,,,85.76119040842846,"rgba(38, 166, 154, 1.0)",0.0,0.0,4.286322454372763,84.5656687269831,0.17930661416590887,0.0,0.0,0.0,0.0,57.005012830216344,10.390570291423074,True,False,True,False,True,2.85130289519201,0,0.9806828011459265,0.8385005371255206,False,False,False,False,0.2889974538158638,0.27856677793317175,False,False,False,False,-13248671,-14584608.083359724,False,False,False,False,724859.2810897921,False,False,False,False
2022-12-06 00:00:00+00:00,82.4647576683,85.1685202148,81.9676142323,84.8458130721,678670,,,,,,,,,,,,,,,,,,,,,,,,,85.74766121172597,#000000,0.0,0.0,4.195312539860016,84.46236941444309,-0.4761532608509179,0.0,0.0,0.0,0.0,52.06088045033333,6.976598111297122,False,False,False,False,False,0.0,0,0.9551684547629313,0.8524198885254992,False,False,False,False,0.17175229962461314,0.22515953877889244,False,False,False,False,-13927341,-14558832.903620128,False,False,False,False,723047.9367333297,False,False,False,False
2022-12-07 00:00:00+00:00,82.1246068963,83.5462626869,82.0199451203,82.133328711,451160,,,,,,,,,,,,,,,,,,,,,,,,,85.73651799225178,"rgba(239, 83, 80, 0.5)",0.0,0.0,4.135525451171326,84.41652425325046,-0.5542022129984261,0.0,0.0,0.0,0.0,48.39323009195275,3.6945491922900544,False,False,False,True,False,0.0,0,0.9578627052644424,0.8691122612989078,False,False,False,False,0.1360680264071126,0.18061378259300254,False,False,False,False,-14378501,-14551761.064262476,False,False,False,False,712385.6647045716,False,False,False,False
2022-12-08 00:00:00+00:00,80.7291165497,82.9008484016,80.2919791987,82.6130285176,871199,,,,,,,,,,,,,,,,,,,,,,,,,85.70678646231782,"rgba(239, 83, 80, 1.0)",0.0,0.0,4.071266790748685,84.31583900846563,-0.8809843822851157,0.0,0.0,0.0,0.0,44.48962807124674,0.23676725342066618,False,True,False,True,False,0.0,0,0.9438937420825503,0.8821073392040036,False,False,False,False,0.08273924642255065,0.1316765145077766,False,False,False,False,-15249700,-14579131.218605123,False,False,False,False,718613.6386377256,False,False,False,False
2022-12-09 00:00:00+00:00,80.6157329591,81.0779891364,80.0139277471,80.2406949284,416131,,,,,,,,,,,,,,,,,,,,,,,,,85.69036651213179,"rgba(239, 83, 80, 1.0)",0.0,0.0,4.0302530614562535,84.26940333720974,-0.9065610328671407,0.0,0.0,0.0,0.0,41.771863578034015,-2.104562341364847,False,True,False,True,False,0.0,0,0.9447063866378822,0.8956125651986623,False,False,False,False,0.035931100371078196,0.08380380743942739,False,False,False,False,-15665831,-14621746.896306884,False,False,False,False,706751.5743774227,False,False,False,False
2022-12-12 00:00:00+00:00,80.0837022644,80.1796422258,78.9847536165,80.0313713764,600539,,,,,,,,,,,,,,,,,,,,,,,,,85.66309015909037,"rgba(239, 83, 80, 1.0)",0.0,0.0,3.9801024607242215,84.19638814432963,-1.0333115593163102,0.0,0.0,0.0,0.0,39.39757697542952,-4.189677883194541,False,True,False,True,False,0.0,0,0.930688219709354,0.9006855414007733,False,False,False,False,-0.006870928327444294,0.03846643955599155,False,False,False,False,-16266370,-14686241.919981124,False,False,False,False,702586.3753822297,False,False,False,False
2022-12-13 00:00:00+00:00,79.0719717632,80.7291165497,78.5312192539,78.5661065125,1235230,,,,,,,,,,,,,,,,,,,,,,,,,85.60491052246556,"rgba(239, 83, 80, 1.0)",0.0,0.0,3.957037155938189,84.06759409176708,-1.2624653577160179,0.0,0.0,0.0,0.0,36.79215872955765,-6.555296514743922,False,True,False,True,False,0.0,0,0.9232985534889974,0.9100395318756743,False,False,False,False,-0.004741212642947939,0.016862613456521805,False,False,False,False,-17501600,-14796648.119197551,False,False,False,False,723474.360661358,False,False,False,False
2022-12-14 00:00:00+00:00,78.6620464739,79.7871605658,78.2433993699,78.8888136552,649816,,,,,,,,,,,,,,,,,,,,,,,,,85.57206211255006,"rgba(239, 83, 80, 1.0)",0.0,0.0,3.939672631839444,84.00188178245313,-1.3554007674134934,0.0,0.0,0.0,0.0,34.65558741623707,-8.532085618555463,False,True,False,True,False,0.0,0,0.9013799484416636,0.939161668091501,False,False,False,False,-0.032050299175318826,-0.007593842859398511,False,False,False,False,-18151416,-14928207.643934902,False,False,False,False,720585.7974981675,False,False,False,False
2022-12-15 00:00:00+00:00,77.0572325753,78.1649030379,76.6036982127,77.5892632699,784936,,,,,,,,,,,,,,,,,,,,,,,,,85.5232695287104,"rgba(239, 83, 80, 1.0)",0.0,0.0,3.959906295307988,83.8985364560705,-1.7276428709630371,0.0,0.0,0.0,0.0,31.808220217529005,-11.22044365424567,False,True,False,True,False,0.0,0,0.8977657506968494,0.9475351953099989,False,False,False,False,-0.10482951238629361,-0.05621167762284606,False,False,False,False,-18936352,-15085389.775545297,False,False,False,False,723109.3348511806,False,False,False,False
2022-12-16 00:00:00+00:00,76.7868563206,77.3014433859,76.3420437727,76.3420437727,692389,,,,,,,,,,,,,,,,,,,,,,,,,85.47830311114973,"rgba(239, 83, 80, 1.0)",0.0,0.0,3.9833602787172846,83.80875359606739,-1.7628074751321705,0.0,0.0,0.0,0.0,29.689065481243407,-13.246227358417997,False,True,False,True,False,0.0,0,0.9215130796167568,0.9536868921351879,False,False,False,False,-0.13015206020700015,-0.09318186891492311,False,False,False,False,-19628741,-15263560.411798423,False,False,False,False,721904.6158374088,False,False,False,False
2022-12-19 00:00:00+00:00,76.699638174,77.8073086366,76.28099107,77.3276088299,681758,,,,,,,,,,,,,,,,,,,,,,,,,85.43508094982384,"rgba(239, 83, 80, 1.0)",0.0,0.0,4.007279099194288,83.2760822625926,-1.6411245450597312,0.0,0.0,0.0,0.0,28.20057949454175,-14.742073717269697,False,True,False,True,False,0.0,0,0.9432300100933919,0.9234343598115059,False,False,True,False,-0.12012275402677834,-0.10665231147085072,False,False,False,False,-20310499,-15461479.572120054,False,False,True,False,720330.2387457457,False,False,True,False
2022-12-20 00:00:00+00:00,77.9643013006,78.3480611459,77.0223453166,77.1357289073,538183,,,,,,,,,,,,,,,,,,,,,,,,,85.40464328166321,"rgba(239, 83, 80, 1.0)",0.0,0.0,4.0182070965286725,83.2557843877432,-1.3168766467299597,0.0,0.0,0.0,0.0,30.314333632295824,-14.742073717269697,False,True,False,True,False,0.0,0,0.9511491431081515,0.9029062719656378,False,False,False,False,-0.09134170988943778,-0.09899701068014424,False,False,False,False,-19772316,-15630531.981056523,False,False,False,False,713187.2097753243,False,False,False,False
2022-12-21 00:00:00+00:00,78.9498663578,79.5385888478,78.5835501419,78.5835501419,770996,,,,,,,,,,,,,,,,,,,,,,,,,85.36851213201537,"rgba(239, 83, 80, 0.75)",0.0,0.0,4.018689102413103,83.25802559642851,-1.072030985437909,0.0,0.0,0.0,0.0,33.82939399915469,-14.742073717269697,False,True,False,True,True,0.0,0,0.9794630192511582,0.8782070671983975,False,False,False,False,-0.030015499007999432,-0.06450625484407184,False,False,False,False,-19001320,-15762719.746505287,False,False,False,False,715454.2211566841,False,False,False,False
2022-12-22 00:00:00+00:00,78.0515194472,78.5399410685,77.170616166,78.3916702192,480455,,,,,,,,,,,,,,,,,,,,,,,,,85.34232322424208,"rgba(239, 83, 80, 0.75)",0.0,0.0,4.028435968207583,83.2220347735556,-1.2835044089471248,0.0,0.0,0.0,0.0,34.971054341710236,-14.742073717269697,False,True,False,True,True,0.0,0,0.9623678500378394,0.884899029479583,False,False,False,False,-0.10377567648627023,-0.08414096566517104,False,False,False,False,-19481775,-15908565.050563904,False,False,False,False,706238.5654250495,False,False,False,False
2022-12-23 00:00:00+00:00,78.7579864352,78.7754300645,77.9032485979,78.0776848912,363808,,,,,,,,,,,,,,,,,,,,,,,,,85.32409709511762,"rgba(239, 83, 80, 0.75)",0.0,0.0,4.030382601839215,83.20437515630958,-1.1032175255720216,0.0,0.0,0.0,0.0,37.21532108314459,-19.808811310708663,False,True,False,True,True,0.0,0,0.9803553262599312,0.9035088702309624,False,False,False,False,-0.1545530324019091,-0.11934699903354007,False,False,False,False,-19117967,-16034423.950541789,False,False,False,False,692809.9158005378,False,False,False,False
2022-12-27 00:00:00+00:00,79.1330244658,79.2202426125,78.5486628832,78.7667082499,221135,,,,,,,,,,,,,,,,,,,,,,,,,85.31385295777459,"rgba(239, 83, 80, 0.75)",0.0,0.0,4.007470806144067,83.197754235634,-1.0142880551000235,0.0,0.0,0.0,0.0,39.48417746939364,-17.504952889013936,False,True,False,True,True,0.0,0,0.9455818890281876,0.9031682490750548,False,False,False,False,-0.16230762535921356,-0.1408273121963768,False,False,False,False,-18896832,-16146675.246598974,False,False,False,False,674312.8602789481,False,False,False,False
2022-12-28 00:00:00+00:00,78.1736248526,79.6040024578,78.0079103739,79.1679117245,621039,,,,,,,,,,,,,,,,,,,,,,,,,85.28358232129264,"rgba(239, 83, 80, 0.75)",0.0,0.0,3.972066635745886,83.16862904448644,-1.2575328286123935,0.0,0.0,0.0,0.0,39.52008264088647,-17.25359033613025,False,True,False,True,True,0.0,0,0.9372787043664101,0.9254507549475114,False,False,False,False,-0.16708553112604235,-0.1539564216612096,False,False,False,False,-19517871,-16278879.001634309,False,False,False,False,672223.6892876169,False,False,False,False
2022-12-29 00:00:00+00:00,79.5342279405,79.6083633651,78.5748283272,78.5748283272,478927,,,,,,,,,,,,,,,,,,,,,,,,,85.26265380849787,"rgba(239, 83, 80, 0.75)",0.0,0.0,3.965080904443941,83.15627964779706,-0.9134874658515988,0.0,0.0,0.0,0.0,42.276175140034994,-14.389391447694436,False,True,False,True,True,0.0,0,0.9285819859840375,0.9363120323104049,False,False,False,False,-0.14973386800625602,-0.1518451448337328,False,False,False,False,-19038944,-16387116.844707474,False,False,False,False,664643.4269626123,False,False,False,False
2022-12-30 00:00:00+00:00,79.0196408752,79.6214460871,78.5849456322,79.3161825738,300790,,,,,,,,,,,,,,,,,,,,,,,,,85.24922817901061,"rgba(239, 83, 80, 0.75)",0.0,0.0,3.9532185707590695,83.14627084584738,-1.0438658770782359,0.0,0.0,0.0,0.0,43.26242394544582,-13.225101533848076,False,True,False,True,True,0.0,0,0.9498403128588292,0.9242739122287121,False,False,False,False,-0.14903116124887192,-0.15043815304130237,False,False,False,False,-19339734,-16502905.752758162,False,False,False,False,650374.6651209412,False,False,False,False
2023-01-03 00:00:00+00:00,79.4034007205,79.8316418206,78.8931745625,79.1504680952,572895,,,,,,,,,,,,,,,,,,,,,,,,,85.22505549827197,"rgba(239, 83, 80, 0.75)",0.0,0.0,3.9374110582849027,83.13180581106694,-0.946917920271955,0.0,0.0,0.0,0.0,44.68648687841251,-11.615861812234655,False,True,False,True,True,0.0,0,0.9543967494139287,0.9204905630938929,False,False,False,False,-0.14805715658622365,-0.149247654813763,False,False,False,False,-18766839,-16591687.448728431,False,False,False,False,647336.2468809043,False,False,False,False
2023-01-04 00:00:00+00:00,81.662350719,82.2216806935,80.3540785191,80.5110711831,610240,,,,,,,,,,,,,,,,,,,,,,,,,85.2084147778197,#000000,0.0,0.0,3.932633237119227,83.1505415385442,-0.3784209535477419,0.0,0.0,0.0,0.0,49.3744278577437,-7.014922347658413,False,False,False,False,True,0.0,0,0.9604032926314011,0.9015227708541805,False,False,False,False,-0.04519053784550791,-0.09721909632963546,False,False,False,False,-18156599,-16653056.529170454,False,False,False,False,645881.492101261,False,False,False,False
2023-01-05 00:00:00+00:00,80.9297182871,81.112876395,80.1621985964,81.112876395,411157,,,,,,,,,,,,,,,,,,,,,,,,,85.19529711008352,"rgba(38, 166, 154, 0.5)",0.0,0.0,3.918786500847145,83.15289648674046,-0.5673129166796562,0.0,0.0,0.0,0.0,51.11202288801925,-5.305062671668928,False,False,True,False,True,0.0,0,0.9315648536907676,0.9110672821176176,False,False,False,False,-0.08685491816968186,-0.09203700724965866,False,False,False,False,-18567756,-16728142.782928474,False,False,False,False,636676.6100580744,False,False,False,False
2023-01-06 00:00:00+00:00,82.9706229189,83.1101719536,81.034380063,81.5489671283,507247,,,,,,,,,,,,,,,,,,,,,,,,,85.1851193273001,"rgba(38, 166, 154, 1.0)",0.0,0.0,3.929818846468736,83.1759765441274,-0.052255239554341214,0.0,0.0,0.0,0.0,54.97097273548596,-1.6087002641984256,True,False,True,False,True,1.5523983328818147,0,0.9363039900068227,0.9009310152461107,False,False,False,False,0.004867291835279233,-0.043584857707189714,False,False,False,False,-18060509,-16780392.43849991,False,False,False,False,631600.9390754048,False,False,False,False
2023-01-09 00:00:00+00:00,83.2061119149,83.9736316055,83.0229538069,83.3020518762,467589,,,,,,,,,,,,,,,,,,,,,,,,,85.17921042401699,"rgba(38, 166, 154, 1.0)",0.0,0.0,3.9453872702434998,83.20666437149927,-0.0001400259496532876,0.0,0.0,0.0,0.0,57.81898409073704,1.0718375614422655,True,False,True,False,True,1.8768221733097654,0,0.9381286283822982,0.91420617856775,False,False,False,False,0.09611025936638116,0.026262700829595725,False,False,False,False,-17592920,-16812256.264441088,False,False,False,False,625169.0983273498,False,False,False,False
2023-01-10 00:00:00+00:00,82.9357356603,83.4241572816,82.6391939616,83.2235555442,350049,,,,,,,,,,,,,,,,,,,,,,,,,85.17382019270754,"rgba(38, 166, 154, 1.0)",0.0,0.0,3.956325191958536,83.22421159903188,-0.0729151231850765,0.0,0.0,0.0,0.0,59.14171464162361,2.3554602411170364,True,False,True,False,True,1.4810358731806161,0,0.9199838080777133,0.9212822498982177,False,False,False,False,0.06615194876632584,0.04620732479796078,False,False,False,False,-17942969,-16856597.94034536,False,False,False,False,614380.0748635322,False,False,False,False
2023-01-11 00:00:00+00:00,83.7555862389,83.9910752349,83.3020518762,83.3020518762,723395,,,,,,,,,,,,,,,,,,,,,,,,,85.16623907260268,"rgba(38, 166, 154, 1.0)",0.0,0.0,3.959168930873641,83.26809994505635,0.12312843992137386,0.0,0.0,0.0,0.0,61.08315870696576,4.296466123797664,True,False,True,False,True,2.6338019170197846,0,0.922145825747419,0.9080501629540796,False,False,False,False,0.10566328944858377,0.07593530712327227,False,False,False,False,-17219574,-16870832.295625936,False,False,False,False,618655.1699669232,False,False,False,False
2023-01-12 00:00:00+00:00,84.8283694428,85.0943847901,83.6291199262,84.5318277442,708665,,,,,,,,,,,,,,,,,,,,,,,,,85.16302246969386,"rgba(38, 166, 154, 1.0)",0.0,0.0,3.970028277905615,83.319129600228,0.38015846158360334,0.0,0.0,0.0,0.0,63.62623209879233,6.815831677878407,True,False,True,False,True,4.117789379217928,0,0.9258411313175594,0.8949769657307254,False,False,False,False,0.15204587996227012,0.11399059354277119,False,False,False,False,-16510909,-16856717.65658178,False,False,False,False,622184.9672231224,False,False,False,False
2023-01-13 00:00:00+00:00,85.4301746548,85.5348364308,83.7991953122,83.9997970495,526379,,,,,,,,,,,,,,,,,,,,,,,,,85.16213616545991,"rgba(38, 166, 154, 1.0)",0.0,0.0,3.9734332629743814,83.35823773523335,0.5214475196736208,0.0,0.0,0.0,0.0,65.96719939093956,9.134432375604149,True,False,True,False,True,4.940186077861231,0,0.931456502796646,0.8939074859245136,False,False,False,False,0.17203119796358962,0.1430108957531804,False,False,False,False,-15984530,-16822514.219068773,False,False,False,False,618427.8704692745,False,False,False,False
2023-01-17 00:00:00+00:00,85.9883707934,86.1017543841,85.3604001375,85.7877690561,555176,,,,,,,,,,,,,,,,,,,,,,,,,85.16465935891813,"rgba(38, 166, 154, 1.0)",0.0,0.0,4.009875373257247,83.40701313136833,0.6437500973839021,0.0,0.0,0.0,0.0,68.10904711100017,11.272059512181883,True,False,True,False,True,5.701168844510924,0,0.9559165001746205,0.8851935202543908,False,False,False,False,0.24288345848438436,0.1929471771187824,False,False,False,False,-15429354,-16767880.484987646,False,False,False,False,615947.4049606755,False,False,False,False
2023-01-18 00:00:00+00:00,84.8370912575,86.7733341134,84.8370912575,85.9970926081,563067,,,,,,,,,,,,,,,,,,,,,,,,,85.16589689155023,"rgba(38, 166, 154, 1.0)",0.0,0.0,4.005261022469868,83.4493345578465,0.3464834605954694,0.0,0.0,0.0,0.0,66.67093298820578,11.272059512181883,True,False,True,False,True,3.8975805449033274,0,0.9653537010352206,0.8538575147427561,False,False,False,False,0.247902140958224,0.2204246590385032,False,False,False,False,-15992421,-16737470.309105778,False,False,False,False,613873.6635896687,False,False,False,False
2023-01-19 00:00:00+00:00,85.0900238828,85.1772420295,83.8951352735,84.5056623002,473636,,,,,,,,,,,,,,,,,,,,,,,,,85.16444391558524,"rgba(38, 166, 154, 1.0)",0.0,0.0,3.9883998870748893,83.47561015527714,0.4047772974707602,0.0,0.0,0.0,0.0,66.04892044753302,11.272059512181883,True,False,True,False,True,4.25204238061044,0,0.9410736804029803,0.8940183357303766,False,False,False,False,0.16345029995814603,0.19193747949832463,False,False,False,False,-15518785,-16689678.728356533,False,False,False,False,608374.147370466,False,False,False,False
2023-01-20 00:00:00+00:00,86.2151379747,86.3023561214,84.4533314122,85.0987456975,325642,,,,,,,,,,,,,,,,,,,,,,,,,85.16554680184673,"rgba(38, 166, 154, 1.0)",0.0,0.0,4.019323843610865,83.49886793032616,0.6758027345051179,0.0,0.0,0.0,0.0,67.04352524702333,11.272059512181883,True,False,True,False,True,5.817520010645243,0,0.9324073457083656,0.8904977844659068,False,False,False,False,0.2191303197302842,0.2055338996143044,False,False,False,False,-15193143,-16630991.052734708,False,False,False,False,597286.6121794675,False,False,False,False
2023-01-23 00:00:00+00:00,86.8779958894,87.1658157733,85.8837090174,86.2413034187,436815,,,,,,,,,,,,,,,,,,,,,,,,,85.16997013449195,"rgba(38, 166, 154, 1.0)",0.0,0.0,4.073205503849246,83.53715782550822,0.8201987502802484,0.0,0.0,0.0,0.0,68.45214462275122,12.309169257631467,True,False,True,False,True,6.725733212068757,0,0.9435422622762508,0.8938425051589631,False,False,False,False,0.2972968421731815,0.25141537089374294,False,False,False,False,-14756328,-16557474.85458825,False,False,False,False,590993.6077802727,False,False,False,False
2023-01-24 00:00:00+00:00,86.886717704,87.25303392,86.3459651947,86.72972504,331506,,,,,,,,,,,,,,,,,,,,,,,,,85.17373137353665,"rgba(38, 166, 154, 1.0)",0.0,0.0,4.119435036574904,83.56630759197635,0.8060353137124356,0.0,0.0,0.0,0.0,69.40122521762206,13.500466636846241,True,False,True,False,True,6.737765065035266,0,0.9671013503496849,0.8851011981774751,False,False,False,False,0.31652234726549705,0.28396885907962,False,False,False,False,-14424822,-16473841.40931028,False,False,False,False,580817.6231614385,False,False,False,False
2023-01-25 00:00:00+00:00,86.9477704067,87.1222067,86.1715289014,86.572732376,485137,,,,,,,,,,,,,,,,,,,,,,,,,85.17893579278108,"rgba(38, 166, 154, 1.0)",0.0,0.0,4.1256219957397535,83.6066162327979,0.8098546540018154,0.0,0.0,0.0,0.0,70.11025934171394,14.482530644746433,True,False,True,False,True,6.823583701083322,0,0.9627706278239105,0.9276494249104409,False,False,False,False,0.30581439153721973,0.29489162530841984,False,False,False,False,-13939685,-16374462.72659223,False,False,False,False,577065.4418609899,False,False,False,False
2023-01-26 00:00:00+00:00,88.5176970466,88.5525843053,87.0785976267,87.3925829547,2150167,,,,,,,,,,,,,,,,,,,,,,,,,85.22041175911552,"rgba(38, 166, 154, 1.0)",0.0,0.0,4.115737160151532,83.8144361111235,1.1427505577891042,0.0,0.0,0.0,0.0,72.3301047008776,16.863318773762416,True,False,True,False,True,9.000734912177855,0,0.9457301499585552,0.9341751943847109,False,False,False,False,0.3428282476783748,0.3188599364933973,False,False,False,False,-11789518,-16194660.97260822,False,False,False,False,638755.6990429119,False,False,False,False
2023-01-27 00:00:00+00:00,88.3720427417,88.6100522333,87.9489147565,88.5307157361,1734397,,,,,,,,,,,,,,,,,,,,,,,,,85.25600784413234,"rgba(38, 166, 154, 1.0)",0.0,0.0,4.083909430483918,83.96666735545999,1.0787152509692166,0.0,0.0,0.0,0.0,73.33808856684615,18.05092496127314,True,False,True,False,True,8.747546161491531,0,0.9504095598666066,0.9230091820770998,False,False,False,False,0.3428282479511381,0.3308440922222677,False,False,False,False,-13523915,-16089925.836427504,False,False,False,False,681722.0245706409,False,False,False,False
2023-01-30 00:00:00+00:00,87.2789621132,88.1428484164,87.2172559487,87.9224692574,355368,,,,,,,,,,,,,,,,,,,,,,,,,85.26140123180551,"rgba(38, 166, 154, 0.75)",0.0,0.0,3.963080568606986,83.99137699308399,0.8295529357031428,0.0,0.0,0.0,0.0,70.69144854466504,18.05092496127314,True,False,True,False,False,6.858137183602775,0,0.9422460674343978,0.9298007093768357,False,False,False,False,0.3045500192205537,0.3176970557214107,False,False,False,False,-13879283,-16003233.96048917,False,False,False,False,668923.827528655,False,False,False,False
2023-01-31 00:00:00+00:00,88.7158342296,88.7863555605,86.4238909765,87.5610474367,612926,,,,,,,,,,,,,,,,,,,,,,,,,85.27237947667585,"rgba(38, 166, 154, 0.75)",0.0,0.0,3.8810190854396853,84.03686485080007,1.2056032902167106,0.0,0.0,0.0,0.0,70.77706655621961,18.05092496127314,True,False,True,False,False,8.85965823388895,0,0.9426103767528634,0.9121356817680571,False,False,False,False,0.29982759875651366,0.3087623272389622,False,False,False,False,-13266357,-15895905.452234693,False,False,False,False,666727.8342922372,False,False,False,False
2023-02-01 00:00:00+00:00,88.7510948951,89.1125167158,87.5081564386,88.8568768914,577991,,,,,,,,,,,,,,,,,,,,,,,,,85.28448216298422,"rgba(38, 166, 154, 0.75)",0.0,0.0,3.861993850136137,84.082555639234,1.208841711568605,0.0,0.0,0.0,0.0,70.87589396958225,18.05092496127314,True,False,True,False,False,8.908269797833583,0,0.9687776157982158,0.8977001140719343,False,False,False,False,0.34282824796849815,0.32579528760373017,False,False,False,False,-12688366,-15770119.591362745,False,False,False,False,663247.9584376398,False,False,False,False
2023-02-02 00:00:00+00:00,88.4337489062,89.2711897102,88.3896730744,89.0596257176,474429,,,,,,,,,,,,,,,,,,,,,,,,,85.29509703869132,"rgba(38, 166, 154, 0.75)",0.0,0.0,3.8032030404225026,84.12067075196522,1.1340646577090525,0.0,0.0,0.0,0.0,69.97201985942512,18.05092496127314,True,False,True,False,False,8.345704661179955,0,0.966708194938217,0.9028243832225604,False,False,False,False,0.34282824824771246,0.3343117679257213,False,False,False,False,-13162795,-15667871.568172049,False,False,False,False,655843.2934008696,False,False,False,False
2023-02-03 00:00:00+00:00,88.7158342296,89.1654077139,87.6756445994,87.7373507639,384338,,,,,,,,,,,,,,,,,,,,,,,,,85.3031975633148,"rgba(38, 166, 154, 0.75)",0.0,0.0,3.80353683316205,84.14976115918269,1.2004808342085482,0.0,0.0,0.0,0.0,69.77782002741426,18.05092496127314,True,False,True,False,False,8.748592869882064,0,0.9732348862584179,0.8995292911415037,False,False,False,False,0.31775052173686386,0.3260311448312926,False,False,False,False,-12778457,-15554561.192949617,False,False,False,False,645196.0269929924,False,False,False,False
2023-02-06 00:00:00+00:00,88.8039858932,88.8260238091,87.5786777694,88.010620921,275993,,,,,,,,,,,,,,,,,,,,,,,,,85.30878043347137,"rgba(38, 166, 154, 0.75)",0.0,0.0,3.8146746195011074,84.16979004203499,1.214833849124221,0.0,0.0,0.0,0.0,69.78157044239529,18.05092496127314,True,False,True,False,False,8.876042681738813,0,0.967659827549566,0.9104175717783392,False,False,False,False,0.3045605270592961,0.3152958359452943,False,False,False,False,-12502464,-15434871.106951594,False,False,False,False,630717.4769148359,False,False,False,False
2023-02-07 00:00:00+00:00,89.8970665216,90.3378248396,88.3720427417,88.6100522333,491266,,,,,,,,,,,,,,,,,,,,,,,,,85.32228824372586,"rgba(38, 166, 154, 0.75)",0.0,0.0,3.8070529196542715,84.21295684208984,1.4930471941079155,0.0,0.0,0.0,0.0,71.3063361294974,18.05092496127314,True,False,True,False,False,10.447324016677797,0,0.9711637323423646,0.8984338117173527,False,False,False,False,0.34282824850582416,0.32906204222555924,False,False,False,False,-12011198,-15300609.416482905,False,True,False,False,625248.7915456267,False,True,False,False
2023-02-08 00:00:00+00:00,89.5532750337,90.2673035087,89.3240807084,89.5620902,353117,,,,,,,,,,,,,,,,,,,,,,,,,85.33235509369673,"rgba(38, 166, 154, 0.75)",0.0,0.0,3.770311487103831,84.24422546721752,1.4081196168119887,0.0,0.0,0.0,0.0,71.09105139439828,18.05092496127314,True,False,True,False,False,9.800611975436937,0,0.9762765913477399,0.902244970455906,False,False,False,False,0.34282824870658757,0.3359451454660734,False,False,False,False,-12364315,-15185460.615836516,False,False,False,False,614576.9565830531,False,False,False,False
2023-02-09 00:00:00+00:00,88.9538437213,90.6110949967,88.7599100614,90.4788675013,327343,,,,,,,,,,,,,,,,,,,,,,,,,85.34106670753572,"rgba(38, 166, 154, 0.75)",0.0,0.0,3.7662312874809887,84.59453913974426,1.1574712886184508,0.0,0.0,0.0,0.0,68.8978011122661,18.05092496127314,True,False,True,False,False,8.67388000097894,0,0.9987082572295706,0.891731561455562,False,False,False,False,0.33655068768322904,0.33624791657465125,False,False,False,False,-12691658,-15087664.43482332,False,False,False,False,603312.879854306,False,False,False,False
2023-02-10 00:00:00+00:00,89.4122323719,89.535644701,88.8568768914,89.1477773812,264702,,,,,,,,,,,,,,,,,,,,,,,,,85.34778759272938,"rgba(38, 166, 154, 0.75)",0.0,0.0,3.7649425820331577,84.6093644867476,1.275681575616154,0.0,0.0,0.0,0.0,68.2425252130641,18.05092496127314,True,False,True,False,False,9.354484864789754,0,1.011947946378679,0.8828864525087456,False,False,False,False,0.30897707734117613,0.3226124969579137,False,False,False,False,-12426956,-14983322.927575346,False,False,False,False,590034.0218208039,False,False,False,False
2023-02-13 00:00:00+00:00,89.4827537028,89.9146968544,89.0860712167,89.3857868729,249957,,,,,,,,,,,,,,,,,,,,,,,,,85.35447806297881,"rgba(38, 166, 154, 0.75)",0.0,0.0,3.787369843153735,84.63088119319767,1.281066468428704,0.0,0.0,0.0,0.0,67.93145935036821,21.201395798846292,True,False,True,False,False,9.460063741874304,0,1.010931604597882,0.8923239401027615,False,False,False,False,0.3260613822788328,0.3243369396183733,False,False,False,False,-12176999,-14873271.008846901,False,False,False,False,576697.6680239096,False,False,False,False
2023-02-14 00:00:00+00:00,89.3593413738,89.8441755235,88.4954550707,89.4210475383,293555,,,,,,,,,,,,,,,,,,,,,,,,,85.36181338535296,"rgba(38, 166, 154, 0.75)",0.0,0.0,3.8196232780203925,84.64923815688678,1.2331329228243537,0.0,0.0,0.0,0.0,67.24181375866479,20.385854844822035,True,False,True,False,False,9.218189372057491,0,0.9917226061836949,0.9059741049093478,False,False,False,False,0.30749984431827027,0.3159183919683218,False,False,False,False,-12470554,-14779046.812421534,False,False,False,False,565594.0339837563,False,False,False,False
2023-02-15 00:00:00+00:00,88.8745072241,88.9185830559,88.2398152463,88.2398152463,236135,,,,,,,,,,,,,,,,,,,,,,,,,85.36685019868857,"rgba(38, 166, 154, 0.75)",0.0,0.0,3.8418552084536297,84.65691878252971,1.097799946309765,0.0,0.0,0.0,0.0,64.91608569303061,18.079175641763527,True,False,True,False,False,8.262326558880314,0,0.9654058317049299,0.9219904827929029,False,False,False,False,0.274832327518772,0.2953753597435469,False,False,False,False,-12706689,-14697777.878601082,False,False,False,False,552674.0718667463,False,False,False,False
2023-02-16 00:00:00+00:00,88.4954550707,89.1125167158,88.0811422518,88.1869242481,261841,,,,,,,,,,,,,,,,,,,,,,,,,85.37222476405766,"rgba(38, 166, 154, 0.75)",0.0,0.0,3.861557819811008,84.6661701739878,0.9916425120107673,0.0,0.0,0.0,0.0,61.99727943802359,15.328968008442075,True,False,True,False,False,7.515184420536183,1,0.9700985917340773,0.917821887845953,False,False,False,False,0.27579892041303816,0.28558714007829256,False,False,False,False,-12968530,-14629964.236303002,False,False,False,False,541268.8533621681,False,False,False,False
2023-02-17 00:00:00+00:00,88.4249337398,88.6276825661,87.8540635665,88.1516635827,354824,,,,,,,,,,,,,,,,,,,,,,,,,85.37888616833222,"rgba(38, 166, 154, 0.75)",0.0,0.0,3.869092322030628,84.67712639374037,0.9686528607031679,0.0,0.0,0.0,0.0,59.79404212813245,13.333869279145205,True,False,True,False,False,7.374856265688759,1,1.0088959179866213,0.89306727287749,False,False,False,False,0.2563778712637329,0.27098250567101273,False,False,False,False,-13323354,-14578724.61919308,False,False,False,False,533957.2904852203,False,False,False,False
2023-02-21 00:00:00+00:00,86.1682511521,87.9048389247,85.9919478249,87.8607630929,481600,,,,,,,,,,,,,,,,,,,,,,,,,85.38291450224463,#000000,0.0,0.0,3.8479005444650043,84.66598946766862,0.39041073621102196,0.0,0.0,0.0,0.0,52.304252120718886,6.514440588011773,False,False,False,False,False,3.0411591600592196,0,0.9743043736611937,0.8743375881234517,False,False,False,False,0.1873150175643827,0.2291487616176977,False,False,False,False,-13804954,-14548380.673342373,False,False,False,False,531904.0634073685,False,False,False,False
2023-02-22 00:00:00+00:00,85.3660710135,86.2123269839,84.8812368638,85.9478719931,434185,,,,,,,,,,,,,,,,,,,,,,,,,85.3832011220454,"rgba(239, 83, 80, 1.0)",0.0,0.0,3.8091571036627108,84.64567233222927,0.189122858854531,0.0,0.0,0.0,0.0,45.90397256120848,0.9960966706747456,False,True,False,True,False,1.5798115661000303,0,0.9827333220393359,0.8871237438821399,False,False,False,False,0.11434874618220518,0.17174875389995145,False,False,False,False,-14239139,-14536253.548897574,False,False,False,False,528071.9432737462,False,False,False,False
2023-02-23 00:00:00+00:00,84.8724216974,86.1065449876,84.5198150431,85.9743174922,488979,,,,,,,,,,,,,,,,,,,,,,,,,85.38252748762456,"rgba(239, 83, 80, 1.0)",0.0,0.0,3.757650212390699,84.6264729235978,0.06545281223653857,0.0,0.0,0.0,0.0,40.85242657083743,-3.1634797386968216,False,True,False,True,False,0.6898160346073112,0,0.981669078713724,0.8633886400443627,False,False,False,False,0.10232498011588609,0.13703686700791878,False,False,False,False,-14728118,-14543777.645019237,False,False,False,False,526538.8866747757,False,False,False,False
2023-02-24 00:00:00+00:00,84.8724216974,84.8812368638,83.3738434165,83.7440804036,443326,,,,,,,,,,,,,,,,,,,,,,,,,85.37970135284587,"rgba(239, 83, 80, 1.0)",0.0,0.0,3.7486878946563382,84.604618664551,0.07143913827308723,0.0,0.0,0.0,0.0,37.4847292439234,-5.7973371262979825,False,True,False,True,False,0.6898160346073112,0,0.9862153137417894,0.8740888322273199,False,False,False,False,0.04167856563840962,0.0893577163231642,False,False,False,False,-14728118,-14551006.678547895,False,False,False,False,523275.6362169414,False,False,False,False
2023-02-27 00:00:00+00:00,84.9693885274,85.9037961614,84.8636065311,85.4718530098,352691,,,,,,,,,,,,,,,,,,,,,,,,,85.37940251159385,"rgba(239, 83, 80, 1.0)",0.0,0.0,3.7429493423565767,84.59919863648369,0.0989032597174384,0.0,0.0,0.0,0.0,35.62327123190772,-7.180671835838929,False,True,False,True,False,0.8660312035753215,0,1.0143202872660035,0.8650645469346342,False,False,False,False,0.10595153337882479,0.09765462485099449,False,False,False,False,-14375427,-14544121.200957783,False,False,False,False,516586.04263980646,False,False,False,False
2023-02-28 00:00:00+00:00,83.532516411,84.590336374,82.9903836799,84.5021847104,689180,,,,,,,,,,,,,,,,,,,,,,,,,85.3721404239064,"rgba(239, 83, 80, 1.0)",0.0,0.0,3.7426929947514744,84.56621482040204,-0.27619107708049556,0.0,0.0,0.0,0.0,32.115559822851566,-10.26393435998444,False,True,False,True,False,0.0,0,0.9936839589673832,0.8658061815642621,False,False,False,False,0.024506605651698536,0.06108061525134652,False,False,False,False,-15064607,-14564532.40876336,False,False,False,False,523354.43312451994,False,False,False,False
2023-03-01 00:00:00+00:00,84.5815212076,84.6608577048,83.312137252,83.3826585829,543076,,,,,,,,,,,,,,,,,,,,,,,,,85.36809785911365,"rgba(239, 83, 80, 1.0)",0.0,0.0,3.7281492242187824,84.55185565800653,0.007957178698953668,0.0,0.0,0.0,0.0,33.42640298034134,-10.26393435998444,False,True,False,True,False,0.16956667353848687,0,1.0273157971653324,0.8469068497647797,False,False,False,False,0.03449311644658053,0.04778686584896352,False,False,False,False,-14521531,-14562846.079007935,False,False,False,False,524127.8279039505,False,False,False,False
2023-03-02 00:00:00+00:00,83.4531799138,84.0085353943,82.5099571134,83.9468292298,434408,,,,,,,,,,,,,,,,,,,,,,,,,85.3625455098615,"rgba(239, 83, 80, 1.0)",0.0,0.0,3.725786283500182,84.5339141566501,-0.29006876954702976,0.0,0.0,0.0,0.0,32.52859518046556,-10.26393435998444,False,True,False,True,False,0.0,0,1.0108365904907433,0.8380634391805174,False,False,False,False,-0.0083164682931299,0.01973519877791681,False,False,False,False,-14955939,-14578261.48767429,False,False,False,False,520609.4032802662,False,False,False,False
2023-03-03 00:00:00+00:00,84.7401942021,85.0222795255,83.5501467437,83.6735590727,468677,,,,,,,,,,,,,,,,,,,,,,,,,85.35984278915576,"rgba(239, 83, 80, 0.75)",0.0,0.0,3.7105759104115537,84.5281991884917,0.0571326442920794,0.0,0.0,0.0,0.0,35.53462628350866,-10.26393435998444,False,True,False,True,True,0.48007972982613367,0,1.025288869673962,0.8294549796868181,False,False,False,False,0.02975201501213766,0.024743606895027234,False,False,False,False,-14487262,-14574692.880314514,False,False,False,False,518572.838445746,False,False,False,False
2023-03-06 00:00:00+00:00,84.5727060413,85.3175875985,84.3258813832,84.9076823629,343560,,,,,,,,,,,,,,,,,,,,,,,,,85.35851530102697,"rgba(239, 83, 80, 0.75)",0.0,0.0,3.7020263666043784,84.52689148803034,0.01237553402723957,0.0,0.0,0.0,0.0,37.23591528960388,-10.26393435998444,False,True,False,True,True,0.17754736628781842,0,1.0307204633574223,0.8360850662793906,False,False,False,False,0.0551229001951331,0.03993325354508016,False,False,False,False,-14830822,-14584737.159517867,False,False,False,False,511709.5898792462,False,False,False,False
2023-03-07 00:00:00+00:00,82.007492631,84.2377297196,81.6460708103,84.2377297196,520513,,,,,,,,,,,,,,,,,,,,,,,,,85.34971009654899,"rgba(239, 83, 80, 0.75)",0.0,0.0,3.7007905967929204,84.50320676206145,-0.6743732361469509,0.0,0.0,0.0,0.0,34.72410428191797,-10.26393435998444,False,True,False,True,True,0.0,0,0.9762394768537624,0.8689469875441455,False,False,False,False,-0.04887858670127541,-0.004472666578097622,False,False,False,False,-15351335,-14614799.819928931,False,False,False,False,512054.82164868753,False,False,False,False
2023-03-08 00:00:00+00:00,81.319909655,82.4218054498,81.3022793223,81.8752651356,370475,,,,,,,,,,,,,,,,,,,,,,,,,85.3413022145633,"rgba(239, 83, 80, 0.75)",0.0,0.0,3.7104415948191902,84.48072856425009,-0.851871355060127,0.0,0.0,0.0,0.0,32.32166402699697,-10.26393435998444,False,True,False,True,True,0.0,0,0.9960425674253814,0.8853622315964496,False,False,False,False,-0.12774764513634876,-0.06611015585722319,False,False,False,False,-15721810,-14658211.983853286,False,False,False,False,506502.67178011156,False,False,False,False
2023-03-09 00:00:00+00:00,79.9094830377,81.4477295672,79.5833218825,81.2229428251,645698,,,,,,,,,,,,,,,,,,,,,,,,,85.32129766557607,"rgba(239, 83, 80, 1.0)",0.0,0.0,3.739622575020734,84.42769960192797,-1.2082012218045612,0.0,0.0,0.0,0.0,29.414881651642855,-12.905503372661038,False,True,False,True,False,0.0,0,0.9613166153097035,0.904136567443064,False,False,False,False,-0.23137219520966193,-0.14874117553344257,False,False,False,False,-16367508,-14725243.200172765,False,False,False,False,511961.3121024601,False,False,False,False
2023-03-10 00:00:00+00:00,77.8026582781,79.5833218825,77.5382032874,79.424648888,1307824,,,,,,,,,,,,,,,,,,,,,,,,,85.26523108809384,"rgba(239, 83, 80, 1.0)",0.0,0.0,3.804249840014789,84.28632924949147,-1.7043231238898524,0.0,0.0,0.0,0.0,25.98620947520383,-16.264139234572085,False,True,False,True,False,0.0,0,0.9204362261890136,0.9338657805548064,False,False,False,False,-0.34282825441539394,-0.24578471497441826,False,False,False,False,-17675332,-14840932.957028735,False,False,False,False,543171.6135886381,False,False,False,False
2023-03-13 00:00:00+00:00,76.815359646,77.3530847938,73.8446485832,76.4539378253,1672023,,,,,,,,,,,,,,,,,,,,,,,,,85.17153663111887,"rgba(239, 83, 80, 1.0)",0.0,0.0,3.894085974491882,84.06760644452473,-1.8623745972817227,0.0,0.0,0.0,0.0,23.132997152733687,-19.04621562536484,False,True,False,True,False,0.0,0,0.8795998951065694,0.9649956036814118,False,False,False,False,-0.34282825441539394,-0.2943064846949061,False,False,False,False,-19347355,-15017655.390086433,False,False,False,False,587440.2954086915,False,False,False,False
2023-03-14 00:00:00+00:00,77.6704307827,78.9221844056,77.2649331302,78.6224687494,1263997,,,,,,,,,,,,,,,,,,,,,,,,,85.11674233522987,"rgba(239, 83, 80, 1.0)",0.0,0.0,3.9532095150024236,83.95973376002775,-1.5909359100396414,0.0,0.0,0.0,0.0,23.381996966960354,-19.04621562536484,False,True,False,True,False,0.0,0,0.9179668271718031,0.9438628276636843,False,False,False,False,-0.21738431816320947,-0.25584540142905776,False,False,False,False,-18083358,-15137879.02184775,False,False,False,False,613971.9308828604,False,False,False,False
2023-03-15 00:00:00+00:00,75.757539683,75.8950562782,74.5498618919,75.3079661987,1201613,,,,,,,,,,,,,,,,,,,,,,,,,85.04713784628858,"rgba(239, 83, 80, 1.0)",0.0,0.0,4.04813228036839,83.81943076052323,-1.9915088043490459,0.0,0.0,0.0,0.0,22.264041948812082,-20.284408921312412,False,True,False,True,False,0.0,0,0.8974003726508539,0.9617383541458037,False,False,False,False,-0.34282825441539394,-0.2993368279222258,False,False,False,False,-19284971,-15300510.079814505,False,False,False,False,637016.6786913758,False,False,False,False
2023-03-16 00:00:00+00:00,76.7624686478,77.5734639528,74.5674922246,75.2198145351,746923,,,,,,,,,,,,,,,,,,,,,,,,,85.00836354226104,"rgba(239, 83, 80, 1.0)",0.0,0.0,4.1120237731759,83.74725067720013,-1.698623941564779,0.0,0.0,0.0,0.0,23.791667900411657,-20.284408921312412,False,True,False,True,False,0.0,0,0.8964116740425117,0.9442367953575331,False,False,False,False,-0.3003080375432364,-0.2998224327327311,False,False,False,False,-18538048,-15427472.35119433,False,False,False,False,641326.7305074002,False,False,False,False
2023-03-17 00:00:00+00:00,75.1492932043,76.1189615037,74.8187244658,76.1189615037,664829,,,,,,,,,,,,,,,,,,,,,,,,,84.97044886376253,"rgba(239, 83, 80, 1.0)",0.0,0.0,4.225419947176798,83.67657249623255,-2.0180903670012813,0.0,0.0,0.0,0.0,23.639042045236614,-20.284408921312412,False,True,False,True,False,0.0,0,0.8837601451961306,0.9831951720720005,False,False,False,False,-0.3303571332720113,-0.3150897830023712,False,False,False,False,-19202877,-15575527.43546122,False,False,False,False,642248.388134561,False,False,False,False
2023-03-20 00:00:00+00:00,75.634127354,76.5156439898,75.1492932043,75.7928003484,634485,,,,,,,,,,,,,,,,,,,,,,,,,84.93605152674867,"rgba(239, 83, 80, 1.0)",0.0,0.0,4.320864772801239,83.61506974263253,-1.847070623193431,0.0,0.0,0.0,0.0,24.597017090357536,-20.284408921312412,False,True,False,True,False,0.0,0,0.8972407737661368,0.9709665391453058,False,False,False,False,-0.3121299809891499,-0.31360988199576056,False,False,False,False,-18568392,-15692894.67328627,False,False,False,False,641943.9415410489,False,False,False,False
2023-03-21 00:00:00+00:00,76.3922316608,77.2649331302,76.1542221691,76.815359646,773027,,,,,,,,,,,,,,,,,,,,,,,,,84.89828502712224,"rgba(239, 83, 80, 0.75)",0.0,0.0,4.388529886891736,83.55169490624357,-1.6314035519795465,0.0,0.0,0.0,0.0,26.866492775463744,-20.284408921312412,False,True,False,True,True,0.0,0,0.8928819974812003,0.9814612030283348,False,False,False,False,-0.26895330733832096,-0.29128159466704073,False,False,False,False,-17795365,-15775344.490020141,False,False,False,False,647084.4536374784,False,False,False,False
2023-03-22 00:00:00+00:00,75.5018998586,76.9916629731,75.4930846922,76.7624686478,573697,,,,,,,,,,,,,,,,,,,,,,,,,84.86843827317828,"rgba(239, 83, 80, 0.75)",0.0,0.0,4.4626586855459,83.50140683182025,-1.7925428622022659,0.0,0.0,0.0,0.0,27.55041887072642,-20.284408921312412,False,True,False,True,True,0.0,0,0.8603911123687216,0.9967629361017513,False,False,False,False,-0.29182054676357094,-0.29155107071530584,False,False,False,False,-18369062,-15877058.902176214,False,False,False,False,644206.514279146,False,False,False,False
2023-03-23 00:00:00+00:00,74.3911888974,76.6170184029,74.2237007366,75.8985823447,530655,,,,,,,,,,,,,,,,,,,,,,,,,84.83816971765125,"rgba(239, 83, 80, 0.75)",0.0,0.0,4.549255987419929,83.4495399535194,-1.9911719809059965,0.0,0.0,0.0,0.0,27.06146396469486,-20.284408921312412,False,True,False,True,True,0.0,0,0.8521189178110222,0.994640424002199,False,False,False,False,-0.33280326553788026,-0.312177168126593,False,False,False,False,-18899717,-15995594.513855578,True,False,False,False,639753.5137191794,True,False,False,False
2023-03-24 00:00:00+00:00,74.5322315592,74.5586770583,72.5048314484,73.4567812635,547240,,,,,,,,,,,,,,,,,,,,,,,,,84.80329873464802,"rgba(239, 83, 80, 0.75)",0.0,0.0,4.642035047956777,82.82839157941268,-1.787181685296472,0.0,0.0,0.0,0.0,27.068301543003823,-20.284408921312412,False,True,False,True,True,0.0,0,0.829036000100409,1.031678459260233,True,False,False,False,-0.34282825441539394,-0.3275027112709935,False,False,False,False,-18352477,-16088021.278018104,False,False,False,False,636125.5327890156,False,False,False,False
2023-03-27 00:00:00+00:00,75.6164970212,75.9691036756,75.0258808752,75.6782031858,530372,,,,,,,,,,,,,,,,,,,,,,,,,84.77484706007931,"rgba(239, 83, 80, 0.75)",0.0,0.0,4.7151409299396825,82.83338233288744,-1.5305767990649974,0.0,0.0,0.0,0.0,29.564543457217212,-20.284408921312412,False,True,False,True,True,0.0,0,0.8499972088353666,1.0333417870664592,False,False,False,False,-0.25565732305142524,-0.2915800171612094,False,False,False,False,-17822105,-16156024.56123308,False,False,False,False,631978.3354247404,False,False,False,False
2023-03-28 00:00:00+00:00,75.9779188419,76.12777667,75.4313785277,75.6076818549,391816,,,,,,,,,,,,,,,,,,,,,,,,,84.75463842338526,"rgba(239, 83, 80, 0.75)",0.0,0.0,4.778114737318212,82.82154571217121,-1.4322860053612474,0.0,0.0,0.0,0.0,32.01896009327799,-22.99073964765609,False,True,False,True,True,0.0,0,0.8509932726261785,1.0373047163374083,False,False,False,False,-0.24348209947601523,-0.26753105831861235,False,False,False,False,-17430289,-16205995.71569453,False,False,False,False,622560.2046237703,False,False,False,False
2023-03-29 00:00:00+00:00,77.3795302929,77.4764971228,76.5068288234,76.6214259861,582883,,,,,,,,,,,,,,,,,,,,,,,,,84.7290230672473,"rgba(239, 83, 80, 0.75)",0.0,0.0,4.811460549840144,82.8221774790277,-1.1311839990683343,0.0,0.0,0.0,0.0,36.46934523809776,-18.71798454509412,False,True,False,True,True,0.0,0,0.8398048933004743,1.0300984605635737,False,False,False,False,-0.19191693603872217,-0.22972399717866726,False,False,False,False,-16847406,-16231149.060177099,False,False,False,False,621004.235814995,False,False,False,False
2023-03-30 00:00:00+00:00,77.8555492762,78.5343170858,77.6175397846,78.1464497661,412724,,,,,,,,,,,,,,,,,,,,,,,,,84.71307873181212,"rgba(239, 83, 80, 0.75)",0.0,0.0,4.837054062137557,82.82592518195048,-1.0275626118501586,0.0,0.0,0.0,0.0,40.3034918660942,-15.182611838132196,False,True,False,True,True,0.0,0,0.855725432343586,1.026106580447666,False,False,False,False,-0.1466368370197643,-0.1881804170992158,False,False,False,False,-16434682,-16239130.744091723,False,False,False,False,612836.3834300933,False,False,False,False
2023-03-31 00:00:00+00:00,78.5519474186,78.5695777513,77.8555492762,78.1376345997,580451,,,,,,,,,,,,,,,,,,,,,,,,,84.69185618613857,#000000,0.0,0.0,4.850726064042349,82.82663415440624,-0.8812467823103444,0.0,0.0,0.0,0.0,44.09410236333753,-11.762975669037935,False,False,False,False,True,0.0,0,0.869579543148672,1.005710086621119,False,False,False,False,-0.14097663264190638,-0.16457852487056107,False,False,False,False,-15854231,-16224036.636480285,False,False,False,False,611566.3683936191,False,False,False,False
2023-04-03 00:00:00+00:00,79.8301465405,79.8742223723,78.9662602374,79.2924213926,466059,,,,,,,,,,,,,,,,,,,,,,,,,84.67819365242474,#000000,0.0,0.0,4.844256344792432,82.83757212288901,-0.6208229640080869,0.0,0.0,0.0,0.0,48.64531444127325,-7.68595571346772,False,False,False,False,True,0.0,0,0.8704623665841562,1.0082826022856708,False,False,False,False,-0.09129458787686902,-0.12793655637371504,False,False,False,False,-15388172,-16191257.631128117,False,False,False,False,605860.1970840654,False,False,False,False
2023-04-04 00:00:00+00:00,78.7018052466,80.4560233519,77.7321369472,80.1739380285,548290,,,,,,,,,,,,,,,,,,,,,,,,,84.66036119679843,"rgba(38, 166, 154, 0.5)",0.0,0.0,4.843830931489456,82.83506128926122,-0.8533031191884022,0.0,0.0,0.0,0.0,49.58611132298947,-6.9769900414611,False,False,True,False,True,0.0,0,0.8395563144085979,1.0116469181892036,False,False,False,False,-0.10465805155087955,-0.11629730396229729,False,False,False,False,-15936462,-16181265.64559368,False,False,False,False,603602.542296455,False,False,False,False
2023-04-05 00:00:00+00:00,78.2522317624,78.3315682596,77.5646487864,78.2963075942,780875,,,,,,,,,,,,,,,,,,,,,,,,,84.63111231442022,#000000,0.0,0.0,4.827564774294856,82.80874872490774,-0.9438541325783237,0.0,0.0,0.0,0.0,49.43281108716222,-6.9769900414611,False,False,False,False,True,0.0,0,0.8275778947917772,1.0345170168891864,False,False,False,False,-0.15194031911526726,-0.13411881153878227,False,False,False,False,-16717337,-16202288.051648831,False,False,False,False,610554.4033828685,False,False,False,False
2023-04-06 00:00:00+00:00,78.1288194334,78.2346014297,77.4941274556,78.0142222707,413021,,,,,,,,,,,,,,,,,,,,,,,,,84.61551999231648,#000000,0.0,0.0,4.808426292228978,82.79323876798018,-0.9700511250673587,0.0,0.0,0.0,0.0,49.108701702906785,-6.9769900414611,False,False,False,False,True,0.0,0,0.8282396874795332,1.0339579209304381,False,False,False,False,-0.155419600819362,-0.14476920617907213,False,False,False,False,-17130358,-16238682.951584172,False,False,False,False,602807.9954070698,False,False,False,False
2023-04-10 00:00:00+00:00,78.6841749139,78.6929900803,77.4588667901,77.5734639528,338538,,,,,,,,,,,,,,,,,,,,,,,,,84.6034166995097,#000000,0.0,0.0,4.781171932560219,82.78274745723382,-0.8572317835763604,0.0,0.0,0.0,0.0,49.972596915354764,-6.203564719200699,False,False,False,False,True,0.0,0,0.8172776678735308,1.047928979953815,False,False,False,False,-0.14663683701976363,-0.1457030215994179,False,False,False,False,-16791820,-16260374.600541655,False,False,False,False,592444.46617542,False,False,False,False
2023-04-11 00:00:00+00:00,78.834032742,79.2836062263,78.7282507457,78.9045540729,558655,,,,,,,,,,,,,,,,,,,,,,,,,84.5856496043004,"rgba(38, 166, 154, 0.5)",0.0,0.0,4.770874282923521,82.77261219336074,-0.8255466855327059,0.0,0.0,0.0,0.0,50.84343494718238,-5.082758667238892,False,False,True,False,True,0.0,0,0.8215862316687322,1.0416144092399477,False,False,False,False,-0.10827600314205255,-0.12698951237073522,False,False,False,False,-16233165,-16259307.55738316,False,False,False,False,591119.3890705016,False,False,False,False
2023-04-12 00:00:00+00:00,79.3717578899,79.9359285368,79.0720422337,79.3188668917,365874,,,,,,,,,,,,,,,,,,,,,,,,,84.57512388247368,"rgba(38, 166, 154, 1.0)",0.0,0.0,4.766771800759623,82.76907662675195,-0.7127084909561996,0.0,0.0,0.0,0.0,52.48964420686312,-3.2355281203711144,True,False,True,False,True,0.0,0,0.834847270219604,1.0274885971003458,False,False,False,False,-0.08786885677169874,-0.10742918457121697,False,False,False,False,-15867291,-16243934.359054409,False,False,False,False,582286.2365579329,False,False,False,False
2023-04-13 00:00:00+00:00,80.1474925294,80.2091986939,79.3982033889,79.6538432133,441334,,,,,,,,,,,,,,,,,,,,,,,,,84.56361729085127,"rgba(38, 166, 154, 1.0)",0.0,0.0,4.745871907186346,82.76793106249933,-0.5521511293070053,0.0,0.0,0.0,0.0,55.011733972664594,-0.624981820972252,True,False,True,False,True,0.0,0,0.8456049375808357,1.0324211594317712,False,False,False,False,-0.07562461398130572,-0.09152689927626134,False,False,False,False,-15425957,-16211856.81556208,False,False,False,False,576758.6978693865,False,False,False,False
2023-04-14 00:00:00+00:00,80.1827531948,81.0025636662,80.0681560322,80.7909996736,336201,,,,,,,,,,,,,,,,,,,,,,,,,84.55582833497887,"rgba(38, 166, 154, 1.0)",0.0,0.0,4.733025587080497,82.76958311687652,-0.5465488986870594,0.0,0.0,0.0,0.0,56.757163762864934,1.1929990737550469,True,False,True,False,True,0.0,0,0.8389266323716041,1.0266750049777449,False,False,False,False,-0.04582168059228924,-0.0686742899342753,False,False,False,False,-15089756,-16167852.862010626,False,False,False,False,567325.0626588224,False,False,False,False
2023-04-17 00:00:00+00:00,80.9144120026,80.9144120026,79.8301465405,80.0681560322,521246,,,,,,,,,,,,,,,,,,,,,,,,,84.54420260565247,"rgba(38, 166, 154, 1.0)",0.0,0.0,4.719628752488646,82.77226180401918,-0.39364320772890016,0.0,0.0,0.0,0.0,59.23150383725963,3.6660869836802945,True,False,True,False,True,0.0,0,0.8249440049957816,1.0297808397861363,False,False,False,False,-0.052455601316043404,-0.06056494562515935,False,False,False,False,-14568510,-16105133.534088641,False,False,False,False,565518.0405937706,False,False,False,False
2023-04-18 00:00:00+00:00,81.3022793223,81.540288814,80.8527058381,81.0907153297,383213,,,,,,,,,,,,,,,,,,,,,,,,,84.53714476319895,"rgba(38, 166, 154, 1.0)",1.0,80.97858,4.6931389653331825,82.69212852258295,-0.29614490654322284,0.0,0.0,0.0,0.0,61.53222252068302,5.928804464091826,True,False,True,False,True,0.0,0,0.845692840983593,1.0205803993501017,False,False,False,False,-0.018962569718349233,-0.03976375767175429,False,False,False,False,-14185297,-16029845.82686948,False,False,False,False,558368.8233155835,False,False,False,False
2023-04-19 00:00:00+00:00,81.1612366606,81.416876485,80.6764025109,80.9144120026,384246,,,,,,,,,,,,,,,,,,,,,,,,,84.52978481246097,"rgba(38, 166, 154, 1.0)",0.0,0.0,4.682019500773933,82.69183854880316,-0.3269106179395789,0.0,0.0,0.0,0.0,62.595411104736016,7.032654776731917,True,False,True,False,True,0.0,0,0.8436312253143456,1.0178908210082775,False,False,False,False,-0.025046850810132266,-0.032405304240943275,False,False,False,False,-14569543,-15972579.049345188,False,False,False,False,551540.4773032077,False,False,False,False
2023-04-20 00:00:00+00:00,81.073084997,81.416876485,80.6587721782,80.6587721782,346300,,,,,,,,,,,,,,,,,,,,,,,,,84.52311090522652,"rgba(38, 166, 154, 1.0)",0.0,0.0,4.666010045714256,82.69266241089791,-0.3471011416671726,0.0,0.0,0.0,0.0,62.992137336959146,7.579078810233163,True,False,True,False,True,0.0,0,0.8303378358641477,1.0382782970531956,False,False,False,False,-0.025404803041653632,-0.028905053641298452,False,False,False,False,-14915843,-15931138.419959104,False,False,False,False,543491.8311344546,False,False,False,False
2023-04-21 00:00:00+00:00,80.4383930192,81.2405731578,79.9711892022,81.2405731578,381847,,,,,,,,,,,,,,,,,,,,,,,,,84.5147275153936,"rgba(38, 166, 154, 1.0)",0.0,0.0,4.657481400362458,82.68399035244845,-0.48214842748994813,0.0,0.0,0.0,0.0,61.0711784978476,7.579078810233163,True,False,True,False,True,0.0,0,0.8093648802457829,1.039513376320214,False,False,False,False,-0.040992581862914344,-0.0349488177521064,False,False,False,False,-15297690,-15906297.305450903,False,False,False,False,537152.8181487897,False,False,False,False
2023-04-24 00:00:00+00:00,80.2885351911,80.6323266791,80.1034166976,80.359056522,337699,,,,,,,,,,,,,,,,,,,,,,,,,84.5069542214962,"rgba(38, 166, 154, 0.75)",0.0,0.0,4.664594478915984,82.67563122766404,-0.5117478158827621,0.0,0.0,0.0,0.0,59.29451576815718,7.579078810233163,True,False,True,False,False,0.0,0,0.8153517237349839,1.0530451049716816,False,False,False,False,-0.04749186469333292,-0.041220341222719656,False,False,False,False,-15635389,-15895673.450335182,False,False,False,False,529331.0997900136,False,False,False,False
2023-04-25 00:00:00+00:00,78.0318526034,79.7155493778,77.9657388557,79.645028047,796430,,,,,,,,,,,,,,,,,,,,,,,,,84.48099290625944,"rgba(38, 166, 154, 0.75)",0.0,0.0,4.691816536116881,82.6109533086433,-0.975976078773348,0.0,0.0,0.0,0.0,52.51647628399264,8.143830265168873,True,False,True,False,False,0.0,0,0.7925689219479506,1.0422508206765488,False,False,False,False,-0.11103212148999184,-0.07612623135635574,False,False,False,False,-16431819,-15916698.766008314,False,False,False,False,539805.566464915,False,False,False,False
2023-04-26 00:00:00+00:00,78.5343170858,79.1337483982,77.873179609,77.9525161062,705094,,,,,,,,,,,,,,,,,,,,,,,,,84.45797666127393,#000000,0.0,0.0,4.716431164768299,82.56823694430337,-0.8552907309740285,0.0,0.0,0.0,0.0,49.394980885501965,5.385636477185351,True,False,False,False,False,0.0,0,0.7895259828488422,1.0546058522812969,False,False,False,False,-0.12075390080610483,-0.09844006608123029,False,False,False,False,-15726725,-15909248.814400146,False,False,False,False,546287.4658192322,False,False,False,False
2023-04-27 00:00:00+00:00,79.8733408557,79.9293485132,78.5355783357,78.7139466717,1022269,,,,,,,,,,,,,,,,,,,,,,,,,84.43010529613835,#000000,0.0,0.0,4.726850986352035,82.54361463035836,-0.5649160048345766,0.0,0.0,0.0,0.0,50.48929046548235,5.385636477185351,True,False,False,False,False,0.0,0,0.8060508879716214,1.0432105326305192,False,False,False,False,-0.08042524604778319,-0.08943265606450673,False,False,False,False,-14704456,-15862002.037364846,False,False,False,False,564953.4083361251,False,False,False,False
2023-04-28 00:00:00+00:00,80.435201114,80.4396603224,79.2668885133,79.3828279317,478859,,,,,,,,,,,,,,,,,,,,,,,,,84.41871784082066,#000000,0.0,0.0,4.73333590092852,82.53997187121563,-0.44466963707408724,0.0,0.0,0.0,0.0,52.35126389280076,5.385636477185351,True,False,False,False,False,0.0,0,0.8248751581163842,1.0301536854736641,False,False,False,False,-0.053104463759283,-0.07126855991189487,False,False,False,False,-14225597,-15797829.29080152,False,False,False,False,561577.1570288261,False,False,False,False
2023-05-01 00:00:00+00:00,80.1319749428,81.0773271236,80.0695460252,80.568977366,703797,,,,,,,,,,,,,,,,,,,,,,,,,84.40353014394418,"rgba(38, 166, 154, 0.75)",0.0,0.0,4.739628108031133,82.54004108252728,-0.5080706934889888,0.0,0.0,0.0,0.0,52.828523345494325,5.385636477185351,True,False,True,False,False,0.0,0,0.837409018937296,1.0243526199466166,False,False,False,False,-0.01403975849421823,-0.042654159203056555,False,False,False,False,-14929394,-15763773.004887735,False,False,False,False,567154.4057727937,False,False,False,False
2023-05-02 00:00:00+00:00,77.4386130694,79.9981986908,76.9302633118,79.8019935213,1305618,,,,,,,,,,,,,,,,,,,,,,,,,84.35951426601517,#000000,0.0,0.0,4.767892643203391,82.47379647594576,-1.0560605666579734,0.0,0.0,0.0,0.0,48.03009094249328,4.4296306135664025,True,False,False,False,False,0.0,0,0.8055741023186898,1.029446557764792,False,False,False,False,-0.08758165958598185,-0.0651179093945192,False,False,False,False,-16235012,-15782252.965480372,False,False,False,False,596113.7624091547,False,False,False,False
2023-05-03 00:00:00+00:00,77.3583473182,78.5266599189,76.9570185622,77.3137552342,1268648,,,,,,,,,,,,,,,,,,,,,,,,,84.31389365898275,"rgba(239, 83, 80, 0.5)",0.0,0.0,4.790297821650474,82.40452615494523,-1.0534165149269552,0.0,0.0,0.0,0.0,44.71238772922771,1.3393491291464699,False,False,False,True,False,0.0,0,0.8343306888056355,1.0460531255093872,False,False,False,False,-0.09905767416183735,-0.08208779177817827,False,False,False,False,-17503660,-15849759.123696828,False,False,False,False,622487.6540793839,False,False,False,False
2023-05-04 00:00:00+00:00,75.3606219551,77.055121147,75.1554983688,77.055121147,1308189,,,,,,,,,,,,,,,,,,,,,,,,,84.25532511563551,"rgba(239, 83, 80, 0.5)",0.0,0.0,4.837339325961986,81.96010638419543,-1.3642798208668165,0.0,0.0,0.0,0.0,39.93158986476375,-3.069199418244864,False,False,False,True,False,0.0,0,0.823549570964849,1.0388918698201715,False,False,False,False,-0.18890157501764748,-0.13549468339791287,False,False,False,False,-18811849,-15965919.511002835,False,False,False,False,649377.902939016,False,False,False,False
2023-05-05 00:00:00+00:00,78.4553125845,78.6247625037,76.6716292247,76.7964870599,904925,,,,,,,,,,,,,,,,,,,,,,,,,84.22510594123385,"rgba(239, 83, 80, 0.5)",0.0,0.0,4.846096413895064,81.97112587798387,-0.725493880683652,0.0,0.0,0.0,0.0,42.69663441590396,-3.069199418244864,False,False,False,True,False,0.0,0,0.8342664410006607,1.0009749126635974,False,False,False,False,-0.10111066237071141,-0.11830267288431215,False,False,False,False,-17906924,-16042037.334100762,False,False,False,False,659399.3577257213,False,False,False,False
2023-05-08 00:00:00+00:00,78.6871914213,79.5968699349,78.3839652502,79.0974385941,733274,,,,,,,,,,,,,,,,,,,,,,,,,84.20457070001125,"rgba(239, 83, 80, 0.5)",0.0,0.0,4.849023774923071,81.98485237729673,-0.6800669802962658,0.0,0.0,0.0,0.0,44.89722295047615,-3.069199418244864,False,False,False,True,True,0.0,0,0.8693026697055569,0.9735753511313249,False,False,False,False,-0.026029007315006358,-0.07216584009965925,False,False,False,False,-17173650,-16086414.30139093,False,False,False,False,662296.4025207912,False,False,False,False
2023-05-09 00:00:00+00:00,78.3839652502,78.4999046685,77.2959184006,77.8399418254,856917,,,,,,,,,,,,,,,,,,,,,,,,,84.17705862530195,"rgba(239, 83, 80, 0.5)",0.0,0.0,4.841557784644036,81.96647119330329,-0.7399490210497779,0.0,0.0,0.0,0.0,45.88913780211625,-3.069199418244864,False,False,False,True,True,0.0,0,0.8355402323420227,0.9976817112092171,False,False,False,False,-0.07489892663053616,-0.07353238336509771,False,False,False,False,-18030567,-16162655.583689325,False,False,False,False,669928.5828140934,False,False,False,False
2023-05-10 00:00:00+00:00,78.5355783357,79.1084082468,77.6526550726,79.0706833437,402538,,,,,,,,,,,,,,,,,,,,,,,,,84.16500102864418,"rgba(239, 83, 80, 0.5)",0.0,0.0,4.821563846586184,81.96085255293751,-0.7104073131091513,0.0,0.0,0.0,0.0,46.82241259481213,-3.069199418244864,True,False,False,True,True,0.0,0,0.8602404232962111,0.9783840861717367,False,False,False,False,-0.04657939175889782,-0.06005588756199776,False,False,False,False,-17628029,-16220121.20785837,False,False,False,False,659442.6776056977,False,False,False,False
2023-05-11 00:00:00+00:00,78.0450654118,78.1520864134,77.233489483,77.8221049918,359373,,,,,,,,,,,,,,,,,,,,,,,,,84.15311575959281,"rgba(239, 83, 80, 0.5)",0.0,0.0,4.803426034663737,81.94934082466703,-0.8128105616058174,0.0,0.0,0.0,0.0,46.58815857751884,-3.069199418244864,True,False,False,True,True,0.0,0,0.8460984550424376,0.9864164238350898,False,False,False,False,-0.08696909102918281,-0.07351248929559029,False,False,False,False,-17987402,-16289426.336961964,False,False,False,False,647675.2392682193,False,False,False,False
2023-05-12 00:00:00+00:00,78.2680258318,78.8566413405,77.4832051534,78.3750468334,577962,,,,,,,,,,,,,,,,,,,,,,,,,84.135271014743,"rgba(239, 83, 80, 0.5)",0.0,0.0,4.779205710591755,81.93637874940472,-0.7675653947003906,0.0,0.0,0.0,0.0,46.8936842044283,-3.069199418244864,True,False,False,True,True,0.0,0,0.8652407467214073,0.9764081075442328,False,False,False,False,-0.05892578045896426,-0.06621913487727728,False,False,False,False,-17409440,-16333348.441394828,False,False,False,False,644941.386747897,False,False,False,False
2023-05-15 00:00:00+00:00,79.4363384325,79.6236251853,78.5355783357,78.5980072533,447843,,,,,,,,,,,,,,,,,,,,,,,,,84.12382596347689,#000000,0.0,0.0,4.715174644288709,81.93642002432645,-0.530220358826942,0.0,0.0,0.0,0.0,49.35556272126986,-7.132669994881475,True,False,False,False,True,0.0,0,0.8628732039285131,0.9773079243211665,False,False,False,False,-0.005678915637302931,-0.0359490252572901,False,False,False,False,-16961597,-16357985.6397715,False,False,False,False,637212.0382479795,False,False,False,False
2023-05-16 00:00:00+00:00,78.2234337478,79.7449156537,78.080739079,79.2579700965,568720,,,,,,,,,,,,,,,,,,,,,,,,,84.10785487691983,#000000,0.0,0.0,4.658824456156587,81.9284924172651,-0.7952775865098131,0.0,0.0,0.0,0.0,48.67284405035795,-7.132669994881475,True,False,False,False,True,0.0,1,0.848595603057409,0.9796818886615772,False,False,False,False,0.04744823308354051,0.005749603913125203,False,False,False,False,-17530317,-16403959.41860399,False,False,False,False,634526.0759637449,False,False,False,False
2023-05-17 00:00:00+00:00,79.3739095149,79.4185015989,78.4463941677,78.9101518413,723079,,,,,,,,,,,,,,,,,,,,,,,,,84.08915845385593,#000000,0.0,0.0,4.611002955629999,81.92352155398667,-0.5529408815437021,0.0,0.0,0.0,0.0,50.2934225664726,-5.675215796891912,True,False,False,False,True,0.0,1,0.8834552016547511,0.9710072809660645,False,False,False,False,0.09820579016663784,0.051977697039881525,False,False,False,False,-16807238,-16419774.264933245,False,False,False,False,637998.7396514412,False,False,False,False
2023-05-18 00:00:00+00:00,78.7317835053,79.0260912597,77.7953497414,79.0260912597,588147,,,,,,,,,,,,,,,,,,,,,,,,,84.07235897966038,#000000,0.0,0.0,4.53454052317356,81.91181001890551,-0.7012896890774563,0.0,0.0,0.0,0.0,50.166634583650875,-5.483616971490839,True,False,False,False,True,0.0,1,0.8757877425832495,0.9486000769643562,False,False,False,False,0.09036593483895301,0.07117181593941727,False,False,False,False,-17395385,-16458033.509445667,False,False,False,False,636043.7694690317,False,False,False,False
2023-05-19 00:00:00+00:00,77.9112891598,79.4006647653,77.501041987,79.1598675117,474191,,,,,,,,,,,,,,,,,,,,,,,,,84.05828967054974,#000000,0.0,0.0,4.45838335429845,81.89994293938754,-0.8946412774805393,0.0,0.0,0.0,0.0,48.63750009899324,-5.483616971490839,True,False,False,False,True,0.0,1,0.8939934502757678,0.9314413965419817,False,False,False,False,0.09385112423273384,0.08251147008607555,False,False,False,False,-17869576,-16513388.116918387,False,False,False,False,629696.6020388736,False,False,False,False
2023-05-22 00:00:00+00:00,78.1877600806,78.392883667,77.545634071,78.1520864134,229769,,,,,,,,,,,,,,,,,,,,,,,,,84.0512282339688,#000000,0.0,0.0,4.38138760192925,81.89319328376534,-0.8457213877936145,0.0,0.0,0.0,0.0,48.18367891000402,-5.483616971490839,True,False,False,False,True,0.0,1,0.923281999724855,0.9231919766336943,False,False,False,False,0.05215437056653133,0.06733292032630345,False,False,False,False,-17639807,-16557561.406450998,False,False,False,False,614013.1666648001,False,False,False,False
2023-05-23 00:00:00+00:00,77.5367156542,78.3215363326,77.4921235702,77.7150839902,744273,,,,,,,,,,,,,,,,,,,,,,,,,84.02748844708483,"rgba(239, 83, 80, 0.5)",0.0,0.0,4.297269932619273,81.86803977693555,-1.007924610427142,0.0,0.0,0.0,0.0,46.70349863962764,-5.483616971490839,False,False,False,True,False,0.0,1,0.970401922535443,0.8967889010156538,False,False,False,False,0.046765532259896915,0.05704922629310018,False,False,False,False,-18384080,-16629189.586590175,False,False,False,False,619121.3954230433,False,False,False,False
2023-05-24 00:00:00+00:00,73.9693489344,75.9581558807,73.9470528924,75.7262770439,1689020,,,,,,,,,,,,,,,,,,,,,,,,,83.94735774549446,"rgba(239, 83, 80, 0.5)",0.0,0.0,4.257431592832342,81.72252033080152,-1.8210912441798177,0.0,0.0,0.0,0.0,41.1886315561712,-3.7428465802666935,False,False,False,True,False,0.0,1,0.9042535835424157,0.9360401774925476,False,False,False,False,-0.21071695356914766,-0.07683386363802375,False,False,False,False,-20073100,-16764244.896919973,False,False,False,False,661078.203445669,False,False,False,False
2023-05-25 00:00:00+00:00,73.9247568504,74.5936381104,73.1666914225,74.0050226016,1024768,,,,,,,,,,,,,,,,,,,,,,,,,83.89564864189359,"rgba(239, 83, 80, 1.0)",0.0,0.0,4.176579367502888,81.24307232732649,-1.752227081776251,0.0,0.0,0.0,0.0,37.46930982687731,-7.173180397649013,False,True,False,True,False,0.0,0,0.9152297466080049,0.9361004842432247,False,False,False,False,-0.30951836498224855,-0.19317611431013615,True,False,False,False,-21097868,-16934190.900962327,False,False,False,False,675340.548408584,True,False,False,False
2023-05-26 00:00:00+00:00,75.1822536192,75.2090088696,74.0674515192,74.0674515192,564573,,,,,,,,,,,,,,,,,,,,,,,,,83.8700000210759,"rgba(239, 83, 80, 1.0)",0.0,0.0,4.071149250995332,81.22119628336252,-1.48335084072049,0.0,0.0,0.0,0.0,37.70745761473371,-7.173180397649013,False,True,False,True,False,0.0,0,0.9234970339888883,0.9473693927846067,False,False,False,False,-0.23918198303520521,-0.21617904867267068,False,False,False,False,-20533295,-17075332.23817949,False,False,False,False,670996.7229807964,False,False,False,False
2023-05-30 00:00:00+00:00,74.8076801136,75.7797875447,74.4866171088,75.4141324559,442491,,,,,,,,,,,,,,,,,,,,,,,,,83.85045202968952,"rgba(239, 83, 80, 1.0)",0.0,0.0,3.9789209145094975,81.2020441158052,-1.6070598384822286,0.0,0.0,0.0,0.0,37.39814090778343,-7.247872668913672,False,True,False,True,False,0.0,0,0.9341860136834239,0.9274975950403099,False,False,False,False,-0.19451839781867372,-0.20534872324567222,False,False,False,False,-20975786,-17228291.209231276,False,False,False,False,662035.7142364514,False,False,False,False
2023-05-31 00:00:00+00:00,74.388514524,74.7095775288,73.6126122625,74.4420250248,518864,,,,,,,,,,,,,,,,,,,,,,,,,83.82560363996953,"rgba(239, 83, 80, 1.0)",0.0,0.0,3.867348485262185,81.16251798297846,-1.7515885844766885,0.0,0.0,0.0,0.0,36.66096939075166,-8.124581831779004,False,True,False,True,False,0.0,0,0.9157021281420354,0.9465782562814924,False,False,False,False,-0.28313963076930143,-0.24424417700748682,False,False,False,False,-21494650,-17395599.39710456,False,False,False,False,656421.137207571,False,False,False,False
2023-06-01 00:00:00+00:00,75.2981930376,75.8332980455,73.9693489344,74.6828222784,570807,,,,,,,,,,,,,,,,,,,,,,,,,83.80067467600733,"rgba(239, 83, 80, 1.0)",0.0,0.0,3.7238846201016345,81.1345805820007,-1.5672847415560913,0.0,0.0,0.0,0.0,38.19387989683946,-8.124581831779004,False,True,False,True,False,0.0,0,0.9141815868360976,0.9487953039873532,False,False,False,False,-0.21533612139643665,-0.22979014920196172,False,False,False,False,-20923843,-17533961.891335756,False,False,False,False,653063.720062176,False,False,False,False
2023-06-02 00:00:00+00:00,77.4921235702,77.5723893214,76.0295032151,76.1721978839,400287,,,,,,,,,,,,,,,,,,,,,,,,,83.78724137922832,"rgba(239, 83, 80, 0.5)",0.0,0.0,3.5451969630166857,81.13693794851284,-1.028099261151175,0.0,0.0,0.0,0.0,43.11406451645695,-12.175546513039464,False,False,False,True,True,0.0,0,0.9427070782160506,0.9167327812414713,False,False,False,False,-0.04853265114218613,-0.13916140017207393,False,False,False,False,-20523556,-17651200.875989255,False,False,False,False,643150.9075107181,False,False,False,False
2023-06-05 00:00:00+00:00,76.5646082231,77.590226155,76.5289345559,77.590226155,499400,,,,,,,,,,,,,,,,,,,,,,,,,83.77021877369997,"rgba(239, 83, 80, 0.5)",0.0,0.0,3.3767430048072606,81.13418084541296,-1.353248564017914,0.0,0.0,0.0,0.0,44.8983979148401,-10.524339655485015,False,False,False,True,True,0.0,0,0.9666249652585125,0.9096189498892931,False,False,False,False,-0.02622998706991554,-0.08269569362099473,False,False,False,False,-21022956,-17783426.56712693,False,False,False,False,637513.6170201018,False,False,False,False
2023-06-06 00:00:00+00:00,78.3126179158,78.348291583,76.2792188855,76.4129951375,652823,,,,,,,,,,,,,,,,,,,,,,,,,83.75051328655313,#000000,0.0,0.0,3.1950275919776523,81.13851852556675,-0.8844682959428145,0.0,0.0,0.0,0.0,48.65469410483821,-7.0228855354976645,False,False,False,False,True,0.0,0,0.9873893083894051,0.8698463579845761,False,False,False,False,-0.020261565218651675,-0.0514786294198232,False,False,False,False,-20370133,-17884866.03508274,False,False,False,False,638113.9849800979,False,False,False,False
2023-06-07 00:00:00+00:00,78.392883667,79.1509490949,77.902370743,78.3572099998,496296,,,,,,,,,,,,,,,,,,,,,,,,,83.73765587821103,#000000,0.0,0.0,2.9989718017023455,81.14830558120575,-0.918788870452748,0.0,0.0,0.0,0.0,51.26833988269138,-4.646306686630389,True,False,False,False,True,0.0,0,0.9816289515709119,0.8718651135551722,False,False,False,False,0.08939364555317172,0.01895750806667426,False,False,False,False,-19873837,-17962864.896452047,False,False,False,False,632552.4953730352,False,False,False,False
2023-06-08 00:00:00+00:00,78.2947810822,78.8477229237,77.813186575,78.5177415021,341238,,,,,,,,,,,,,,,,,,,,,,,,,83.7285779658365,"rgba(38, 166, 154, 1.0)",0.0,0.0,2.8750477900502234,81.15216293111747,-0.9938554269623306,0.0,0.0,0.0,0.0,52.82300458167661,-3.221531452986312,True,False,True,False,True,0.0,0,0.9747421100472216,0.8789882031067421,False,False,False,False,0.07157878029912203,0.045268144182898144,False,False,False,False,-20215075,-18051186.861297067,False,False,False,False,621128.3975152691,False,False,False,False
2023-06-09 00:00:00+00:00,77.7418392406,78.6247625037,77.634818239,78.214515331,354289,,,,,,,,,,,,,,,,,,,,,,,,,83.71863270973886,"rgba(38, 166, 154, 1.0)",0.0,0.0,2.7711621093373098,81.15268352880722,-1.2308353512465129,0.0,0.0,0.0,0.0,52.77400667374898,-3.196909758765287,True,False,True,False,True,0.0,0,0.9642655074082747,0.8971783115876741,False,False,False,False,0.053405742598034,0.04933694339046607,False,False,False,False,-20569364,-18149938.905952085,False,False,False,False,610664.1074166311,False,False,False,False
2023-06-12 00:00:00+00:00,77.679410323,78.080739079,77.1532237318,77.5099604038,256191,,,,,,,,,,,,,,,,,,,,,,,,,83.71100788236046,"rgba(38, 166, 154, 1.0)",0.0,0.0,2.6759677014780268,81.15061759728057,-1.2971783151057126,0.0,0.0,0.0,0.0,52.615296183113934,-3.1518626101135183,True,False,True,False,True,0.0,0,0.944855665093931,0.9190383119545564,False,False,False,False,0.0070950949736899235,0.028216019182077997,False,False,False,False,-20825555,-18254865.027287297,False,False,False,False,596763.2012434298,False,False,False,False
2023-06-13 00:00:00+00:00,79.2312148461,79.3560726813,77.902370743,78.0896574958,376004,,,,,,,,,,,,,,,,,,,,,,,,,83.70204152483764,"rgba(38, 166, 154, 1.0)",0.0,0.0,2.5734785056585237,81.15632248502753,-0.7480566224643541,0.0,0.0,0.0,0.0,55.11841570787216,-0.5556391631018727,True,False,True,False,True,0.0,0,0.9496517051075298,0.8995723255919534,False,False,False,False,0.0987278197386106,0.06347191946034429,False,False,False,False,-20449551,-18340931.143864267,False,False,False,False,588105.9776652561,False,False,False,False
2023-06-14 00:00:00+00:00,79.0974385941,80.0606276084,78.5623335861,79.5701146845,339384,,,,,,,,,,,,,,,,,,,,,,,,,83.69465574323196,"rgba(38, 166, 154, 1.0)",0.0,0.0,2.4603889055382377,81.16342242332448,-0.8396980756066779,0.0,0.0,0.0,0.0,56.480114052797376,0.9148524566159466,True,False,True,False,True,0.0,0,0.9492651531380771,0.902918915224616,False,False,False,False,0.1613397679868805,0.1124058437236124,False,False,False,False,-20788935,-18436931.295085277,False,False,False,False,578352.1746195598,False,False,False,False
2023-06-15 00:00:00+00:00,80.0160355244,80.2300775276,78.9190702581,78.9190702581,396159,,,,,,,,,,,,,,,,,,,,,,,,,83.68699402208817,"rgba(38, 166, 154, 1.0)",0.0,0.0,2.39400817957142,81.174407810177,-0.48386312781286306,0.0,0.0,0.0,0.0,58.79836839727943,3.270060424224411,True,False,True,False,True,0.9065444142908845,0,0.9709931874900238,0.9068547794612943,False,False,False,False,0.1857964953980894,0.1491011695608509,False,False,False,False,-20392776,-18513631.087434873,False,False,False,False,571207.3442423221,False,False,False,False
2023-06-16 00:00:00+00:00,80.4530379476,80.6849167844,79.9981986908,80.078464442,489824,,,,,,,,,,,,,,,,,,,,,,,,,83.67912440448191,"rgba(38, 166, 154, 1.0)",0.0,0.0,2.2944200269054624,81.19251618020607,-0.32229418499429086,0.0,0.0,0.0,0.0,60.97135255329589,5.441188915884354,True,False,True,False,True,1.672377893975991,0,0.994080091596411,0.8744509079292551,False,False,False,False,0.2584835877641877,0.2037923786625193,False,False,False,False,-19902952,-18568114.260476645,False,False,False,False,568015.8405465449,False,False,False,False
2023-06-20 00:00:00+00:00,79.5611962677,79.8198303549,79.0796017605,79.8198303549,593993,,,,,,,,,,,,,,,,,,,,,,,,,83.6670660195142,"rgba(38, 166, 154, 1.0)",0.0,0.0,2.219194489241128,81.20240063904978,-0.7395495885135377,0.0,0.0,0.0,0.0,60.16441329353198,5.441188915884354,True,False,True,False,True,0.05682008297080543,0,0.9783376534423122,0.8777298413776053,False,False,False,False,0.17416425162205754,0.1889783151422884,False,False,False,False,-20496945,-18643754.681634422,False,False,False,False,569034.5526819745,False,False,False,False
2023-06-21 00:00:00+00:00,79.6057883517,79.9536066069,78.9725807589,79.3293174309,394791,,,,,,,,,,,,,,,,,,,,,,,,,83.65913522465128,"rgba(38, 166, 154, 1.0)",0.0,0.0,2.0919256545261726,81.20824435014089,-0.7660195738666674,0.0,0.0,0.0,0.0,59.70473308051866,5.441188915884354,True,False,True,False,True,0.13730101181544896,0,0.9772314899541811,0.8819353055451079,False,False,False,False,0.17540828019847488,0.18219329767038164,False,False,False,False,-20102154,-18700946.811766405,False,False,False,False,562201.4721846422,False,False,False,False
2023-06-22 00:00:00+00:00,79.5522778509,79.6325436021,78.7763755893,79.2133780125,574106,,,,,,,,,,,,,,,,,,,,,,,,,83.64712964033411,"rgba(38, 166, 154, 1.0)",0.0,0.0,1.9609867477572172,81.21375589894862,-0.8472663315796786,0.0,0.0,0.0,0.0,59.25282237235354,5.441188915884354,True,False,True,False,True,0.03862742501500804,0,0.9570325948480323,0.8949983995426669,False,False,False,False,0.15144735697036257,0.1668203273203721,False,False,False,False,-20676260,-18778410.074050076,False,False,False,False,562668.3164126955,False,False,False,False
2023-06-23 00:00:00+00:00,78.214515331,78.9012334245,78.1208719546,78.9012334245,327800,,,,,,,,,,,,,,,,,,,,,,,,,83.63887189312969,"rgba(38, 166, 154, 0.75)",0.0,0.0,1.9075015420033254,81.21136166805405,-1.5710846209364833,0.0,0.0,0.0,0.0,55.65426303788928,5.441188915884354,True,False,True,False,False,0.0,0,0.9371766855651624,0.9092735354158069,False,False,False,False,0.08797462860960703,0.12739747796498957,False,False,False,False,-21004060,-18865690.463303015,False,False,False,False,553457.794200433,False,False,False,False
2023-06-26 00:00:00+00:00,79.5790331013,79.8376671885,78.3081587074,78.4018020838,373228,,,,,,,,,,,,,,,,,,,,,,,,,83.6309884009412,"rgba(38, 166, 154, 0.75)",0.0,0.0,1.8777476880071464,81.21365017557716,-0.8705200835645699,0.0,0.0,0.0,0.0,56.00096877161882,5.441188915884354,True,False,True,False,False,0.13214701614592528,0,0.934975734079731,0.9000170505863709,False,False,False,False,0.13932790370484627,0.13336269083491792,False,False,False,False,-20630832,-18934911.70003623,False,False,False,False,546389.9591337494,False,False,False,False
2023-06-27 00:00:00+00:00,80.3995274468,80.479793198,79.4898489333,79.7484830205,462909,,,,,,,,,,,,,,,,,,,,,,,,,83.62320543388651,"rgba(38, 166, 154, 0.75)",0.0,0.0,1.8851640545058999,81.2227161161595,-0.4366668605800821,0.0,0.0,0.0,0.0,57.61212538228216,5.441188915884354,True,False,True,False,False,1.6019750196086946,0,0.9422079736047769,0.902217414597841,False,False,False,False,0.2243873431523118,0.17887501699361485,False,False,False,False,-20167923,-18983265.084348537,False,False,False,False,543116.1960304652,False,False,False,False
2023-06-28 00:00:00+00:00,79.4898489333,79.9625250237,79.0350096765,79.9446881901,360550,,,,,,,,,,,,,,,,,,,,,,,,,83.61608524074504,"rgba(38, 166, 154, 0.75)",0.0,0.0,1.8922177898131665,81.22561576596496,-0.9173187367804794,0.0,0.0,0.0,0.0,56.568838455368535,5.441188915884354,True,False,True,False,False,0.0,1,0.933294653072763,0.9024902492399552,False,False,False,False,0.1787283297168829,0.17880167335524888,False,False,False,False,-20528473,-19043861.473197617,False,False,False,False,535956.7373626038,False,False,False,False
2023-06-29 00:00:00+00:00,79.9090145229,79.9981986908,79.4898489333,79.5344410173,466065,,,,,,,,,,,,,,,,,,,,,,,,,83.60759231780115,"rgba(38, 166, 154, 0.75)",0.0,0.0,1.8981379761214887,81.23116881789741,-0.6965533125779443,0.0,0.0,0.0,0.0,56.63596350896425,5.441188915884354,True,False,True,False,False,0.6966739518191716,1,0.9251711848927741,0.9105163256764134,False,False,False,False,0.2132079227929622,0.19600479807410554,False,False,False,False,-20062408,-19083804.474248692,False,False,False,False,533215.8849170115,False,False,False,False
2023-06-30 00:00:00+00:00,80.5422221156,80.8900403708,80.1141381092,80.301424862,480015,,,,,,,,,,,,,,,,,,,,,,,,,83.60052264974813,"rgba(38, 166, 154, 0.75)",0.0,0.0,1.9179229558382542,81.24168453180872,-0.3646978696821574,0.0,0.0,0.0,0.0,57.79152816160537,5.441188915884354,True,False,True,False,False,1.8371842343618319,1,0.9337393419670253,0.8970108717326046,False,False,False,False,0.28833371228054955,0.24216925517732754,False,False,False,False,-19582393,-19103356.965454627,False,False,False,False,531129.5757045797,False,False,False,False
2023-07-03 00:00:00+00:00,81.371634878,81.9602503867,80.7944349427,80.970306122,220618,,,,,,,,,,,,,,,,,,,,,,,,,83.598186944376,"rgba(38, 166, 154, 1.0)",0.0,0.0,1.9326775049277363,81.2492035617081,0.06334803192965834,0.0,0.0,0.0,0.0,59.89137386573131,5.567749499984892,True,False,True,False,True,3.3080062869678883,1,0.9405128055897766,0.8796502117387729,False,False,False,False,0.3428282445362418,0.29249874985678465,False,False,False,False,-19361775,-19113491.006025035,False,False,False,False,518952.65116714523,False,False,False,False
2023-07-05 00:00:00+00:00,80.881121954,81.0327350396,80.234536736,80.4619563644,693978,,,,,,,,,,,,,,,,,,,,,,,,,83.58870172501726,"rgba(38, 166, 154, 1.0)",0.0,0.0,1.9489307258218735,81.26478925779432,-0.19686041105054225,0.0,0.0,0.0,0.0,59.98677864785007,5.819323751895141,True,False,True,False,True,2.3693804476301423,0,0.9374752979548139,0.8851460053770551,False,False,False,False,0.27097211714010205,0.2817354334984433,False,False,False,False,-20055753,-19150442.456769153,False,False,False,False,525816.3903370611,False,False,False,False
2023-07-06 00:00:00+00:00,79.2133780125,80.2925064452,79.1509490949,79.9446881901,620562,,,,,,,,,,,,,,,,,,,,,,,,,83.57685754456094,"rgba(38, 166, 154, 0.75)",0.0,0.0,1.916873361076619,81.26700498830317,-1.0713420184678981,0.0,0.0,0.0,0.0,56.32113074031176,5.819323751895141,True,False,True,False,False,0.0,1,0.9138917985572793,0.88080025511834,False,False,False,False,0.18637957967217555,0.23405750658530944,False,False,False,False,-20676315,-19210280.595719382,False,False,False,False,529531.9044414902,False,False,False,False
2023-07-07 00:00:00+00:00,79.9981986908,80.4441195308,79.1063570109,79.1777043453,505951,,,,,,,,,,,,,,,,,,,,,,,,,83.56796168294426,"rgba(38, 166, 154, 0.75)",0.0,0.0,1.8998888716939,81.27061686354145,-0.6697329468575668,0.0,0.0,0.0,0.0,55.37006669932994,9.636442633158353,True,False,True,False,False,0.70477354677314,1,0.9388496742374157,0.872329168749126,False,False,False,False,0.19126024065371652,0.21265887361951297,False,False,False,False,-20170364,-19247930.925299015,False,False,False,False,528607.1630908435,False,False,False,False
2023-07-10 00:00:00+00:00,80.16764861,80.4441195308,79.7663198541,79.8198303549,287946,,,,,,,,,,,,,,,,,,,,,,,,,83.56329284081737,"rgba(38, 166, 154, 0.75)",0.0,0.0,1.8961229348601436,81.27364475511806,-0.5832934799660724,0.0,0.0,0.0,0.0,55.05281311101169,9.239383092648637,True,False,True,False,False,1.0114084837058037,1,0.9488397429196452,0.8631847260586486,False,False,False,False,0.22156693623073925,0.2171129049251261,False,False,False,False,-19882418,-19272812.77136572,False,False,False,False,519169.47042061435,False,False,False,False
2023-07-11 00:00:00+00:00,80.7295088684,80.8097746196,79.9981986908,80.5600589492,270847,,,,,,,,,,,,,,,,,,,,,,,,,83.55940525816789,"rgba(38, 166, 154, 0.75)",0.0,0.0,1.882499285023299,81.27785441722592,-0.29128592674027726,0.0,0.0,0.0,0.0,55.89468865374665,9.239383092648637,True,False,True,False,False,2.030383789857929,1,0.9423894507218838,0.8681214861153191,False,False,False,False,0.24935517425005577,0.23323403958759092,False,False,False,False,-19611571,-19286097.40778275,False,False,False,False,509431.3343256883,False,False,False,False
2023-07-12 00:00:00+00:00,81.3537980444,81.8532293851,81.3002875436,81.6481057987,334918,,,,,,,,,,,,,,,,,,,,,,,,,83.55616914239182,"rgba(38, 166, 154, 1.0)",0.0,0.0,1.8477498715094223,81.28752015397575,0.03586951429205273,0.0,0.0,0.0,0.0,57.56054332076803,9.239383092648637,True,False,True,False,True,3.1522561527294535,1,0.9423497209525765,0.8663027109891686,False,False,False,False,0.3428282447922068,0.2880311421898989,False,False,False,False,-19276653,-19285727.03885009,False,False,False,False,502587.67415605346,False,False,False,False
2023-07-13 00:00:00+00:00,82.5221106451,82.7718263155,81.7372899667,81.7818820507,431975,,,,,,,,,,,,,,,,,,,,,,,,,83.55371391317904,"rgba(38, 166, 154, 1.0)",0.0,0.0,1.83991242887201,81.30458230960605,0.6617316761322054,0.0,0.0,0.0,0.0,60.47699145474547,6.337711127097826,True,False,True,False,True,5.201504661799117,1,0.9322082497553393,0.8577816895749858,False,False,False,False,0.3428282455710804,0.31542969388048964,False,False,False,False,-18844678,-19268430.998110875,False,False,False,False,499818.5496793455,False,False,False,False
2023-07-14 00:00:00+00:00,81.8443109683,82.9056025675,81.7997188843,82.8074999827,340668,,,,,,,,,,,,,,,,,,,,,,,,,83.55152868781323,"rgba(38, 166, 154, 1.0)",0.0,0.0,1.8387506004730765,81.31687020436888,0.2868473646156308,0.0,0.0,0.0,0.0,60.625944766445755,6.520171769005387,True,False,True,False,True,3.8697983921317736,0,0.9761402355167301,0.8379493291488836,False,False,False,False,0.34282824567348824,0.3291289697769889,False,False,False,False,-19185346,-19265172.76289084,False,False,False,False,493577.3516527045,False,False,False,False
2023-07-17 00:00:00+00:00,82.2456397243,82.6648053139,81.8353925515,81.8443109683,311296,,,,,,,,,,,,,,,,,,,,,,,,,83.54963310582542,"rgba(38, 166, 154, 1.0)",0.0,0.0,1.8512685167256808,81.32808238119034,0.4956370914428652,0.0,0.0,0.0,0.0,61.37970924130586,7.348440766866652,True,False,True,False,True,4.576307180623388,0,0.9760129710152863,0.8182889737341228,False,False,False,False,0.33388860167201134,0.33150878572450015,False,False,False,False,-18874050,-19249834.615326494,False,False,False,False,486429.0633525985,False,False,False,False
2023-07-18 00:00:00+00:00,83.0304604027,83.1374814042,81.8710662187,82.2545581411,827660,,,,,,,,,,,,,,,,,,,,,,,,,83.54628091283824,"rgba(38, 166, 154, 1.0)",0.0,0.0,1.903593976139949,81.36133336257825,0.8768293349542725,0.0,0.0,0.0,0.0,63.08888392409141,9.078903158016416,True,False,True,False,True,5.944989963988828,0,1.007267386386733,0.7915620932556267,False,False,False,False,0.3428282458271721,0.3371685157758361,False,False,False,False,-18046390,-19202640.7088431,False,False,False,False,499810.66871132015,False,False,False,False
2023-07-19 00:00:00+00:00,83.592320661,83.770688997,83.0126235691,83.3961154914,387399,,,,,,,,,,,,,,,,,,,,,,,,,83.54612295829389,"rgba(38, 166, 154, 1.0)",0.0,0.0,1.9727693912427557,81.38018185341232,1.1213367448864007,0.0,0.0,0.0,0.0,65.02472172013626,10.979592623145862,True,False,True,False,True,6.911682606754848,0,1.021895964787953,0.8179964549979889,False,False,False,False,0.3428282466284175,0.3399983812021268,False,False,False,False,-17658991,-19142105.42614337,False,False,False,False,495402.36797754286,False,False,False,False
2023-07-20 00:00:00+00:00,83.7082600794,84.0471599178,83.0661340699,83.9758125834,296249,,,,,,,,,,,,,,,,,,,,,,,,,83.54620690850862,"rgba(38, 166, 154, 1.0)",0.0,0.0,2.044338386724054,81.39484212556604,1.1316218336735802,0.0,0.0,0.0,0.0,66.48047805094315,12.401992060388444,True,False,True,False,True,7.111790538024572,0,0.9964642938971666,0.8280450891751029,False,False,False,False,0.3428282467611907,0.34141331398165875,False,False,False,False,-17362742,-19072326.468255393,False,False,False,False,487592.4319784235,False,False,False,False
2023-07-21 00:00:00+00:00,83.2534208226,83.7885258306,83.1731550714,83.7885258306,340524,,,,,,,,,,,,,,,,,,,,,,,,,83.54598416277254,"rgba(38, 166, 154, 1.0)",0.0,0.0,2.0983297896607955,81.41045978554553,0.8782990386617932,0.0,0.0,0.0,0.0,65.96284728424473,12.401992060388444,True,False,True,False,True,6.156977560741655,0,1.0179364354519842,0.8158357543382238,False,False,False,False,0.3370368843655823,0.33922509917362054,False,False,False,False,-17703266,-19018637.82244146,False,False,False,False,481825.0424890736,False,False,False,False
2023-07-24 00:00:00+00:00,83.6190759114,84.2433650874,83.1731550714,83.3426049906,872544,,,,,,,,,,,,,,,,,,,,,,,,,83.54651788808509,"rgba(38, 166, 154, 1.0)",0.0,0.0,2.160139025736668,81.45197210184047,1.0032242294314793,0.0,0.0,0.0,0.0,66.24708352335958,12.401992060388444,True,False,True,False,True,6.807462501387498,0,1.0124589797680832,0.8171300498606962,False,False,False,False,0.34282824687926833,0.3410266730264444,False,False,False,False,-16830722,-18932837.20195356,False,False,False,False,497147.35454832565,False,False,False,False
2023-07-25 00:00:00+00:00,83.3871970746,83.9624349582,83.2712576562,83.636912745,1412565,,,,,,,,,,,,,,,,,,,,,,,,,83.54647759530846,"rgba(38, 166, 154, 1.0)",0.0,0.0,2.210085666700778,81.51236070819117,0.848309364047227,0.0,0.0,0.0,0.0,65.63053007744405,12.401992060388444,True,False,True,False,True,6.310313730604051,0,1.026819502017894,0.8107492316009176,False,False,False,False,0.3359547079602237,0.338490690493334,False,False,False,False,-18243287,-18905796.017563224,False,False,False,False,533046.085742509,False,False,False,False
2023-07-26 00:00:00+00:00,83.3336865738,83.8063626642,82.7183158147,83.0215419859,1982295,,,,,,,,,,,,,,,,,,,,,,,,,83.5441325986769,"rgba(38, 166, 154, 1.0)",0.0,0.0,2.254681176404292,81.5835670499942,0.7762159644215592,0.0,0.0,0.0,0.0,65.024083565093,12.401992060388444,True,False,True,False,True,6.19412343081466,0,1.0141942611134798,0.823558904349068,False,False,False,False,0.309579429509422,0.32403506000137805,False,False,False,False,-20225582,-18957552.33059996,False,False,False,False,589879.3764977048,False,False,False,False
2023-07-27 00:00:00+00:00,82.9171965093,84.180902966,82.7276405408,84.036479371,2907370,,,,,,,,,,,,,,,,,,,,,,,,,83.54062689379921,"rgba(38, 166, 154, 0.75)",0.0,0.0,2.2904723674791834,81.67534466655309,0.5421815431520142,0.0,0.0,0.0,0.0,63.08184065430426,12.401992060388444,True,False,True,False,False,5.282978908535593,0,1.0018759051580963,0.8342971261117094,False,False,False,False,0.3238052176801783,0.3239201388407782,False,False,False,False,-23132952,-19121293.494105842,False,False,False,False,680761.3617330889,False,False,False,False
2023-07-28 00:00:00+00:00,83.0345406803,83.8378969278,82.9533024081,83.5851556364,317132,,,,,,,,,,,,,,,,,,,,,,,,,83.54025001787056,"rgba(38, 166, 154, 0.75)",0.0,0.0,2.3273321776009075,81.68460536549614,0.580035513536111,0.0,0.0,0.0,0.0,62.08510891061975,15.610880998640269,True,False,True,False,False,5.507177779044078,0,1.0122377957505653,0.8391908528061134,False,False,False,False,0.3194433031643228,0.3216817210025505,False,False,False,False,-22815820,-19266176.88649385,False,False,False,False,666501.3867631638,False,False,False,False
2023-07-31 00:00:00+00:00,83.8740028265,84.3704589345,83.2421495982,83.305334921,473107,,,,,,,,,,,,,,,,,,,,,,,,,83.54086019666175,"rgba(38, 166, 154, 0.75)",0.0,0.0,2.3823608429140735,81.60114805484554,0.9540346410640037,0.0,0.0,0.0,0.0,63.377491730665355,15.610880998640269,True,False,True,False,False,7.101113383110402,0,1.0112263382809343,0.8260477763965228,False,False,False,False,0.34282824695370545,0.33225498397812797,False,False,False,False,-22342713,-19386825.361533307,False,True,False,False,658917.2931646084,False,False,False,False
2023-08-01 00:00:00+00:00,82.2311844328,83.2692290222,81.6895959514,83.0796730537,1520281,,,,,,,,,,,,,,,,,,,,,,,,,83.53313957247227,"rgba(38, 166, 154, 0.75)",0.0,0.0,2.401812081082303,81.57508194150088,0.27316978562430677,0.0,0.0,0.0,0.0,58.95098229858122,12.709588126502602,True,False,True,False,False,3.505339434329475,0,0.9927506533910059,0.83488320043791,False,False,False,False,0.24665685341576976,0.28945591869694887,False,False,False,False,-23862994,-19562361.386571217,False,False,False,False,692696.2620601141,False,False,False,False
2023-08-02 00:00:00+00:00,80.5793395644,81.554198831,80.0919099311,81.5000399829,533023,,,,,,,,,,,,,,,,,,,,,,,,,83.52655147331366,#000000,0.0,0.0,2.4036580340174125,81.55454990080713,-0.405719250661122,0.0,0.0,0.0,0.0,52.4911698505811,6.861254400776119,False,False,False,False,False,0.12930898208522734,0,0.9657749032446841,0.8578209778761555,False,False,False,False,0.13240882219054936,0.21093237044374913,False,False,False,False,-24396017,-19751916.508666467,False,False,False,False,686434.5655087371,False,False,False,False
2023-08-03 00:00:00+00:00,80.2543864755,80.3581909345,79.541294975,80.1009364058,344309,,,,,,,,,,,,,,,,,,,,,,,,,83.52126119942015,"rgba(239, 83, 80, 1.0)",0.0,0.0,2.399822896682013,81.53884931390328,-0.5352323457615059,0.0,0.0,0.0,0.0,47.61096670353464,2.6909816133903632,False,True,False,True,False,0.0,0,0.9530218842734255,0.8577297224147978,False,False,False,False,0.07370614902213968,0.1423192597329444,False,False,False,False,-24740326,-19947540.41028739,False,False,False,False,673017.8766652573,False,False,False,False
2023-08-04 00:00:00+00:00,80.5432336656,81.4097752359,80.0377510829,80.1370423045,286803,,,,,,,,,,,,,,,,,,,,,,,,,83.51764220006498,"rgba(239, 83, 80, 1.0)",0.0,0.0,2.393914947772786,81.53259838621665,-0.4132831542478646,0.0,0.0,0.0,0.0,45.202512176405136,0.8351272991233571,False,True,False,True,False,0.06799755257825524,0,0.9620073257482019,0.841401177533238,False,False,False,False,0.12569625022163086,0.13400775497728762,False,False,False,False,-24453523,-20124245.609883964,False,False,False,False,657872.195227404,False,False,False,False
2023-08-07 00:00:00+00:00,80.4800483428,81.0261500616,80.350157372,80.4258894947,140102,,,,,,,,,,,,,,,,,,,,,,,,,83.51584996660434,"rgba(239, 83, 80, 1.0)",0.0,0.0,2.3889570518063,81.52977806903635,-0.43940920806535444,0.0,0.0,0.0,0.0,43.466032272744414,-0.5293573292643998,False,True,False,True,False,0.0,0,0.9989354512508816,0.8272787311991014,False,False,False,False,0.1232916513696457,0.12864970317346666,False,False,False,False,-24593625,-20299515.389888514,False,False,False,False,637567.4816890744,False,False,False,False
2023-08-08 00:00:00+00:00,79.6044802978,79.7398774182,78.9455476454,79.1712095126,456130,,,,,,,,,,,,,,,,,,,,,,,,,83.50764220798753,"rgba(239, 83, 80, 1.0)",0.0,0.0,2.3821311953469553,81.50934180821011,-0.7996459280374242,0.0,0.0,0.0,0.0,40.588187656014384,-3.0758462422715667,False,True,False,True,False,0.0,0,0.9965881072029147,0.8142174027098998,False,False,False,False,0.024571389503624908,0.07661054633854579,False,False,False,False,-25049755,-20485799.296167396,False,False,False,False,630452.2863287186,False,False,False,False
2023-08-09 00:00:00+00:00,79.68571857,79.7489038928,78.9726270694,79.6044802978,511207,,,,,,,,,,,,,,,,,,,,,,,,,83.49857033964345,"rgba(239, 83, 80, 1.0)",0.0,0.0,2.3797450137389373,81.49069641759903,-0.7584753144468733,0.0,0.0,0.0,0.0,38.9519853213547,-4.521589313171901,False,True,False,True,False,0.0,0,0.9845227603828778,0.8249974843426255,False,False,False,False,0.02580749638319753,0.05120902136087166,False,False,False,False,-24538548,-20644730.617886323,False,False,False,False,625776.0005903376,False,False,False,False
2023-08-10 00:00:00+00:00,79.3968713799,80.6966837354,79.3517390065,79.8933274879,325532,,,,,,,,,,,,,,,,,,,,,,,,,83.493308909345,"rgba(239, 83, 80, 1.0)",0.0,0.0,2.377971275335139,81.48265844644389,-0.8771287896444109,0.0,0.0,0.0,0.0,37.28580070479012,-6.097951427564148,False,True,False,True,False,0.0,0,0.98387696103987,0.8189439389793907,False,False,False,False,0.07132056049719081,0.06126479092903123,False,False,False,False,-24864080,-20810195.29953784,False,False,False,False,614001.7260573831,False,False,False,False
2023-08-11 00:00:00+00:00,79.3697919558,79.9104777898,79.0538653417,79.0899712404,238913,,,,,,,,,,,,,,,,,,,,,,,,,83.48906914185224,"rgba(239, 83, 80, 1.0)",0.0,0.0,2.3719214580199615,81.47543648063927,-0.8877378792285276,0.0,0.0,0.0,0.0,36.118825543020925,-7.289086584556394,False,True,False,True,False,0.0,0,0.994941631625492,0.8148544207029621,False,False,False,False,0.009513619156487001,0.035389205042759116,False,False,False,False,-25102993,-20978540.307399105,False,False,False,False,599292.3642512112,False,False,False,False
2023-08-14 00:00:00+00:00,78.9365211707,79.4510302281,78.5934248677,78.8823623225,599950,,,,,,,,,,,,,,,,,,,,,,,,,83.4772783897884,"rgba(239, 83, 80, 1.0)",0.0,0.0,2.3701525101536194,81.45392436482855,-1.0621270923892507,0.0,0.0,0.0,0.0,34.43595030179072,-9.03161354882294,False,True,False,True,False,0.0,0,0.9811071737961488,0.8383560574198703,False,False,False,False,-0.12131678327091526,-0.04296378911407807,False,False,False,False,-25702943,-21163811.001226593,False,False,False,False,599318.1538884186,False,False,False,False
2023-08-15 00:00:00+00:00,76.9506967387,78.5303298096,76.7024686847,78.2685620436,585667,,,,,,,,,,,,,,,,,,,,,,,,,83.46174381322196,"rgba(239, 83, 80, 1.0)",0.0,0.0,2.388052900443764,81.41848112353462,-1.870890039330528,0.0,0.0,0.0,0.0,30.32807942601056,-13.020043218990722,False,True,False,True,False,0.0,0,0.9221712750002963,0.8818944896404287,False,False,False,False,-0.2828373238205405,-0.16290055646730928,False,False,False,False,-26288610,-21364783.510982413,False,False,False,False,598782.8145202453,False,False,False,False
2023-08-16 00:00:00+00:00,76.2737111369,76.8784849412,76.0209698456,76.562558327,587240,,,,,,,,,,,,,,,,,,,,,,,,,83.4436840019329,"rgba(239, 83, 80, 1.0)",0.0,0.0,2.413552592651874,81.37616010743476,-2.1140823639266433,0.0,0.0,0.0,0.0,26.870348626865386,-16.291458874170722,False,True,False,True,False,0.0,0,0.9008535945901057,0.9085872249722257,False,False,False,False,-0.34282825441539394,-0.2528644054413516,False,False,False,False,-26875850,-21580903.76545369,False,False,False,False,598330.1551272945,False,False,False,False
2023-08-17 00:00:00+00:00,75.9126521493,77.0319350109,75.8133609277,76.8694584665,309913,,,,,,,,,,,,,,,,,,,,,,,,,83.43400385315655,"rgba(239, 83, 80, 1.0)",0.0,0.0,2.445584153446093,81.35452937406345,-2.225185020558483,0.0,0.0,0.0,0.0,24.205070677474634,-18.795194602774316,False,True,False,True,False,0.0,0,0.9001308717323468,0.9176067919158886,False,False,False,False,-0.34282825441539394,-0.2978463299283728,False,False,False,False,-27185763,-21800702.16680845,False,False,False,False,587019.6784556359,False,False,False,False
2023-08-18 00:00:00+00:00,75.4793813641,75.8945991999,75.1183223765,75.5606196363,464475,,,,,,,,,,,,,,,,,,,,,,,,,83.41802407592077,"rgba(239, 83, 80, 1.0)",0.0,0.0,2.4766419764871817,81.31800303928668,-2.3574750531637414,0.0,0.0,0.0,0.0,22.00858118513912,-20.89089828186165,False,True,False,True,False,0.0,0,0.859040132051078,0.9501209687196994,False,False,False,False,-0.34282825441539394,-0.32033729217188334,False,False,False,False,-27650238,-22030095.728894394,False,False,False,False,582214.004790709,False,False,False,False
2023-08-21 00:00:00+00:00,75.4793813641,76.1473404912,75.1815076993,75.8223874024,354853,,,,,,,,,,,,,,,,,,,,,,,,,83.40602076408922,"rgba(239, 83, 80, 1.0)",0.0,0.0,2.5062132424035792,81.29203233622276,-2.3192962489289783,0.0,0.0,0.0,0.0,20.544254856915444,-22.360443949449873,False,True,False,True,False,0.0,0,0.8615048492942451,0.940458086146761,False,False,False,False,-0.32879634564958193,-0.32456681891073264,False,False,False,False,-27650238,-22250493.465016183,False,False,False,False,573297.8869557793,False,False,False,False
2023-08-22 00:00:00+00:00,74.1795690086,75.6508843832,74.1254101605,75.4793813641,505883,,,,,,,,,,,,,,,,,,,,,,,,,83.38689503266156,"rgba(239, 83, 80, 1.0)",0.0,0.0,2.5348967647155027,81.24927897256441,-2.7889537997646476,0.0,0.0,0.0,0.0,18.423473736508527,-24.50520955087145,False,True,False,True,False,0.0,0,0.8477515023150193,0.9456848547662131,False,False,False,False,-0.34282825441539394,-0.3336975366630633,False,False,False,False,-28156121,-22482086.701682217,False,False,False,False,570654.1658986899,False,False,False,False
2023-08-23 00:00:00+00:00,75.3620371931,75.5876990604,73.9629336161,74.0983307364,611242,,,,,,,,,,,,,,,,,,,,,,,,,83.36473693997179,"rgba(239, 83, 80, 0.75)",0.0,0.0,2.573565753789885,81.20332183385862,-2.269724265702804,0.0,0.0,0.0,0.0,21.678723545752487,-24.50520955087145,False,True,False,True,True,0.0,0,0.8549444278800734,0.9381926654059731,False,False,False,False,-0.34282825441539394,-0.3382628955392286,False,False,False,False,-27544879,-22680627.57612605,False,False,False,False,572245.8456673687,False,False,False,False
2023-08-24 00:00:00+00:00,74.9107134586,75.6689373326,74.8836340345,75.1634547499,441098,,,,,,,,,,,,,,,,,,,,,,,,,83.34916712668127,"rgba(239, 83, 80, 0.75)",0.0,0.0,2.6212466844353295,81.17285608230797,-2.3889940084204504,0.0,0.0,0.0,0.0,23.246270363836377,-24.50520955087145,False,True,False,True,True,0.0,0,0.8594988846305601,0.9615810501701041,False,False,False,False,-0.3022696818904512,-0.3202662887148399,False,False,False,False,-27985977,-22888680.494709343,False,False,False,False,567102.7928960994,False,False,False,False
2023-08-25 00:00:00+00:00,74.4954956228,75.3620371931,73.8094835463,75.1544282752,657469,,,,,,,,,,,,,,,,,,,,,,,,,83.32438150658824,"rgba(239, 83, 80, 0.75)",0.0,0.0,2.6755101901106992,81.12381850078752,-2.4774052076076307,0.0,0.0,0.0,0.0,23.755346843865667,-24.50520955087145,False,True,False,True,True,0.0,0,0.8298782480388982,0.9789699106096718,False,False,False,False,-0.34282825441539394,-0.33154727156511693,False,False,False,False,-28643446,-23114357.57334819,False,False,False,False,570646.5657237034,False,False,False,False
2023-08-28 00:00:00+00:00,75.6960167567,75.8675197758,74.7933692876,74.8836340345,840272,,,,,,,,,,,,,,,,,,,,,,,,,83.29612550571716,"rgba(239, 83, 80, 0.75)",0.0,0.0,2.7042405902141153,81.07474966590222,-1.9889993991904167,0.0,0.0,0.0,0.0,28.166122675372776,-28.817284178629205,False,True,False,True,True,0.0,0,0.835699479734408,0.9681276199555197,False,False,False,False,-0.2841006216370936,-0.30782394660110524,False,False,False,False,-27803174,-23298232.727334537,False,False,False,False,581220.1121659111,False,False,False,False
2023-08-29 00:00:00+00:00,76.0931816431,76.3188435104,73.6109011031,74.3871779265,982418,,,,,,,,,,,,,,,,,,,,,,,,,83.26288043430463,"rgba(239, 83, 80, 0.75)",0.0,0.0,2.723956459749432,80.52151808409562,-1.625700155795798,0.0,0.0,0.0,0.0,32.278457123180516,-24.89152564325768,False,True,False,True,True,0.0,0,0.8037375521646907,0.9692529788937405,False,False,False,False,-0.3126692212382559,-0.3102465839196806,False,False,False,False,-26820756,-23436370.894890048,False,False,False,False,596953.3626692087,False,False,False,False
2023-08-30 00:00:00+00:00,77.1673321313,77.8533442078,76.2195522888,76.2646846622,504579,,,,,,,,,,,,,,,,,,,,,,,,,83.24963805342193,"rgba(239, 83, 80, 0.75)",0.0,0.0,2.7313715975562882,80.53563972537941,-1.233192728917947,0.0,0.0,0.0,0.0,37.843113413079976,-19.720991128751706,False,True,False,True,True,0.0,0,0.8655136313815239,0.9382952278308084,False,False,False,False,-0.15583072399288536,-0.23303865395628298,False,False,False,False,-26316177,-23549304.467639457,False,False,False,False,593330.8386429652,False,False,False,False
2023-08-31 00:00:00+00:00,77.7089206127,78.0790060751,77.0229085362,77.2395439288,739173,,,,,,,,,,,,,,,,,,,,,,,,,83.23197849287469,"rgba(239, 83, 80, 0.75)",0.0,0.0,2.735521979335346,80.54620970026363,-1.0372020802600217,0.0,0.0,0.0,0.0,42.79749293675131,-15.243058227692025,False,True,False,True,True,0.0,0,0.8806453403655696,0.9368608657955216,False,False,False,False,-0.11830212903178938,-0.17567039149403618,False,False,False,False,-25577004,-23628822.09635948,False,False,False,False,599050.139088339,False,False,False,False
2023-09-01 00:00:00+00:00,77.6908676634,78.575462183,77.6006029164,78.0158207522,601652,,,,,,,,,,,,,,,,,,,,,,,,,83.21857974204887,#000000,0.0,0.0,2.7383787018725716,80.5506876529394,-1.0443478791241647,0.0,0.0,0.0,0.0,46.05340180103958,-12.365992168784665,False,False,False,False,True,0.0,0,0.8935751679328083,0.9235707536810575,False,False,False,False,-0.07947675924818227,-0.12757357537110922,False,False,False,False,-26178656,-23728815.582776755,False,False,False,False,599152.1728495806,False,False,False,False
2023-09-05 00:00:00+00:00,76.9597232134,77.8984765812,76.8152996183,77.4652057961,433146,,,,,,,,,,,,,,,,,,,,,,,,,83.20764143177227,#000000,0.0,0.0,2.7485709156952987,80.54177285133963,-1.3032407559451642,0.0,0.0,0.0,0.0,46.35775202558327,-12.11621768975013,False,False,False,False,True,0.0,0,0.9015648508659283,0.9329782366874836,False,False,False,False,-0.13241313013879,-0.1299933527549496,False,False,False,False,-26611802,-23841873.873648256,False,False,False,False,592642.1268554794,False,False,False,False
2023-09-06 00:00:00+00:00,76.2556581875,76.9777761628,75.7953079783,76.6889289727,334219,,,,,,,,,,,,,,,,,,,,,,,,,83.19798900003327,"rgba(239, 83, 80, 0.5)",0.0,0.0,2.7667425514010358,80.52694912419351,-1.543797753979888,0.0,0.0,0.0,0.0,44.97343358081075,-12.11621768975013,False,False,False,True,True,0.0,0,0.8823327463644605,0.9649134916405582,False,False,False,False,-0.2038800292757753,-0.16693669101536246,False,False,False,False,-26946021,-23963605.133505188,False,False,False,False,582507.8865866371,False,False,False,False
2023-09-07 00:00:00+00:00,75.5967255351,76.7250348714,75.5651328737,76.0570757443,375968,,,,,,,,,,,,,,,,,,,,,,,,,83.18656214215541,"rgba(239, 83, 80, 0.75)",0.0,0.0,2.7915627846073723,80.50746749112648,-1.7591372055481662,0.0,0.0,0.0,0.0,42.72097094100617,-12.11621768975013,False,True,False,True,True,0.0,0,0.8592620451714265,0.9798450862404371,False,False,False,False,-0.22195931517122708,-0.19444800309329477,False,False,False,False,-27321989,-24095306.461603027,False,False,False,False,574408.2831910828,False,False,False,False
2023-09-08 00:00:00+00:00,75.5606196363,76.0480492696,75.4071695666,75.5786725857,315288,,,,,,,,,,,,,,,,,,,,,,,,,83.1766233096264,"rgba(239, 83, 80, 1.0)",0.0,0.0,2.8175414089239896,80.48971947751791,-1.7494329721671467,0.0,0.0,0.0,0.0,41.147174833360836,-12.11621768975013,False,True,False,True,False,0.0,0,0.8698654395073031,0.9896113278686701,False,False,False,False,-0.2535654019896079,-0.22400670254145133,False,False,False,False,-27637277,-24234207.267030362,False,False,False,False,564246.703458099,False,False,False,False
2023-09-11 00:00:00+00:00,76.8333525677,76.9958291122,75.7330253029,76.1653934406,347614,,,,,,,,,,,,,,,,,,,,,,,,,83.16693179731246,"rgba(239, 83, 80, 0.5)",0.0,0.0,2.823335104438034,80.47755061843641,-1.2907423015454482,0.0,0.0,0.0,0.0,43.819626425038344,-12.11621768975013,False,False,False,True,False,0.0,0,0.8668791252874835,0.9718545631595109,False,False,False,False,-0.20553026047582415,-0.21476848150863775,False,False,False,False,-27289663,-24354029.06048015,False,False,False,False,555751.3033224874,False,False,False,False
2023-09-12 00:00:00+00:00,77.3749410492,77.6908676634,76.6167171752,76.9597232134,454555,,,,,,,,,,,,,,,,,,,,,,,,,83.15564442389483,#000000,0.0,0.0,2.7698506130906972,80.4687625362486,-1.116963302073683,0.0,0.0,0.0,0.0,46.918565313235696,-11.031548229369342,False,False,False,False,True,0.0,0,0.8747456591493703,0.9747026235630666,False,False,False,False,-0.14723690986393695,-0.18100269568628735,False,False,False,False,-26835108,-24451326.273794655,False,False,False,False,551782.8208392526,False,False,False,False
2023-09-13 00:00:00+00:00,78.3046679423,78.7108593034,77.5825499671,77.5825499671,618603,,,,,,,,,,,,,,,,,,,,,,,,,83.14285918770092,"rgba(38, 166, 154, 0.5)",0.0,0.0,2.70805915017258,80.46835751345593,-0.7989816511275388,0.0,0.0,0.0,0.0,50.98499311754471,-7.049826081487566,False,False,True,False,True,0.0,0,0.8800286162930466,0.9762344680681739,False,False,False,False,-0.07525186037935297,-0.12812727803282015,False,False,False,False,-26216505,-24520548.968939964,False,False,False,False,554403.220022027,False,False,False,False
2023-09-14 00:00:00+00:00,79.4961626015,79.8211156904,78.9094417466,78.9094417466,410103,,,,,,,,,,,,,,,,,,,,,,,,,83.13648448266287,"rgba(38, 166, 154, 1.0)",0.0,0.0,2.671367833766548,80.47675228401388,-0.3670740023590381,0.0,0.0,0.0,0.0,55.7791209515329,-2.490842850655298,True,False,True,False,True,1.1066801905918169,0,0.9073811349791561,0.945089717480237,False,False,False,False,0.012115126439164379,-0.058006075796827886,False,False,False,False,-25806402,-24570974.57800114,False,False,False,False,548744.3878643005,False,False,False,False
2023-09-15 00:00:00+00:00,79.9384598614,80.1550952539,79.2389080728,79.423950804,1149801,,,,,,,,,,,,,,,,,,,,,,,,,83.12048312551056,"rgba(38, 166, 154, 1.0)",0.0,0.0,2.62629342203752,80.50215929097305,-0.2146368813335876,0.0,0.0,0.0,0.0,59.65346575150386,1.127066236076132,True,False,True,False,True,2.035388534826886,0,0.9394269830767448,0.9362677581644004,False,False,False,False,0.035874408750648415,-0.011065833523089735,False,True,False,False,-24656601,-24574332.476903055,False,True,False,False,572315.2353990338,False,False,False,False
2023-09-18 00:00:00+00:00,79.803062741,80.41686302,79.4420037534,80.3356247477,458466,,,,,,,,,,,,,,,,,,,,,,,,,83.11435346357256,"rgba(38, 166, 154, 1.0)",0.0,0.0,2.5679868332337548,80.28213656749959,-0.18655618490703463,0.0,0.0,0.0,0.0,61.80048534635485,3.1539316059239724,True,False,True,False,True,1.7341351915664198,0,0.9432046603950797,0.934036970249071,False,False,False,True,0.05254462892603078,0.020739397701470524,False,False,False,False,-25115067,-24595537.75231862,False,False,False,False,567850.5595010325,False,False,False,False
2023-09-19 00:00:00+00:00,79.1531565633,80.1009364058,78.810150525,79.9294333867,440741,,,,,,,,,,,,,,,,,,,,,,,,,83.10751379054683,"rgba(38, 166, 154, 1.0)",0.0,0.0,2.5270584724954297,80.27331255990991,-0.4432647715918396,0.0,0.0,0.0,0.0,61.18474235611389,3.1539316059239724,True,False,True,False,True,0.2920012435967507,0,0.9223796511385246,0.9399408797482609,False,False,False,False,0.018577757273940548,0.019658577487705536,False,False,False,False,-25555808,-24633195.40909044,False,False,False,False,562865.8708931488,False,False,False,False
2023-09-20 00:00:00+00:00,79.306606633,80.1189893552,79.2885536836,79.4510302281,367892,,,,,,,,,,,,,,,,,,,,,,,,,83.10215213100159,"rgba(38, 166, 154, 1.0)",0.0,0.0,2.518645573904502,80.27690655870046,-0.38524671186516435,0.0,0.0,0.0,0.0,61.08879834625503,3.1539316059239724,True,False,True,False,True,0.6287549610014693,0,0.9244138875793894,0.9436006601451109,False,False,False,False,0.03635962263676674,0.028009100062236135,False,False,False,False,-25187916,-24654949.157753564,False,False,False,False,555219.8367404763,False,False,False,False
2023-09-21 00:00:00+00:00,78.0248472269,78.9726270694,78.0067942775,78.8282034744,534922,,,,,,,,,,,,,,,,,,,,,,,,,83.09166477857198,"rgba(38, 166, 154, 0.75)",0.0,0.0,2.502989568211734,80.25330382269686,-0.8903179717960216,0.0,0.0,0.0,0.0,57.412101251959065,3.1539316059239724,True,False,True,False,False,0.0,0,0.8963718544747531,0.9675833441657976,False,False,False,False,-0.05060114946409386,-0.011296024700928862,False,False,False,False,-25722838,-24696827.15156715,False,False,False,False,554423.8431428106,False,False,False,False
2023-09-22 00:00:00+00:00,77.3839675239,78.3859062145,77.3298086757,78.3859062145,288932,,,,,,,,,,,,,,,,,,,,,,,,,83.08526587579792,"rgba(38, 166, 154, 0.75)",0.0,0.0,2.510209193236151,80.23730474212059,-1.1366929998937967,0.0,0.0,0.0,0.0,53.47323520021443,3.1539316059239724,True,False,True,False,False,0.0,0,0.8836415352538805,0.9986975616300028,False,False,False,False,-0.09608017580964237,-0.053688100255285615,False,False,False,False,-26011770,-24748393.537780207,False,False,False,False,544012.3983136808,False,False,False,False
2023-09-25 00:00:00+00:00,77.5915764418,77.8262647837,76.7250348714,76.941670264,294371,,,,,,,,,,,,,,,,,,,,,,,,,83.07837694878197,#000000,0.0,0.0,2.51575306718707,80.22029109361321,-1.0449016980638912,0.0,0.0,0.0,0.0,51.405742686889496,9.477414704397013,True,False,False,False,False,0.0,0,0.8725722287970701,1.01019236072091,False,False,False,False,-0.13833534334945716,-0.09601172180237139,False,False,False,False,-25717399,-24786393.751984905,False,False,False,False,534222.5395562815,False,False,False,False
2023-09-26 00:00:00+00:00,76.5083994789,77.320782201,76.2105258141,76.8875114159,325361,,,,,,,,,,,,,,,,,,,,,,,,,83.06984759208484,"rgba(239, 83, 80, 0.5)",0.0,0.0,2.533537771143702,80.19651695415743,-1.4557183702820897,0.0,0.0,0.0,0.0,47.66100801576471,5.788920558594043,False,False,False,True,False,0.0,0,0.860240798799094,1.0099996495653227,False,False,False,False,-0.1757522728074672,-0.1358819973049193,False,False,False,False,-26042760,-24835663.016612947,False,False,False,False,526031.8909462313,False,False,False,False
2023-09-27 00:00:00+00:00,75.686990282,76.8062731437,75.2717724462,76.7250348714,517844,,,,,,,,,,,,,,,,,,,,,,,,,83.05471380369109,"rgba(239, 83, 80, 0.5)",0.0,0.0,2.561025292874577,80.15259651039653,-1.7436790807263753,0.0,0.0,0.0,0.0,43.67375502357695,1.9472192210390489,False,False,False,True,False,0.0,0,0.8449168960672446,1.0261011433388136,False,False,False,False,-0.22994536330278753,-0.1829136803038534,False,False,False,False,-26560604,-24903307.7610595,False,False,False,False,525710.797183634,False,False,False,False
2023-09-28 00:00:00+00:00,76.7340613461,76.8694584665,75.7050432314,75.8584933011,367367,,,,,,,,,,,,,,,,,,,,,,,,,83.04478804915928,"rgba(239, 83, 80, 0.5)",0.0,0.0,2.5710281562896364,80.13092347773265,-1.321207674572808,0.0,0.0,0.0,0.0,43.90971424933744,1.9472192210390489,False,False,False,True,False,0.0,0,0.8341885784217519,1.03488641009309,False,False,False,False,-0.21129795070962584,-0.1971058155067396,False,False,False,False,-26193237,-24953893.221410107,False,False,False,False,519501.236509766,False,False,False,False
2023-09-29 00:00:00+00:00,76.1563669659,77.3478616251,76.066102219,77.3478616251,637261,,,,,,,,,,,,,,,,,,,,,,,,,83.02786696275034,"rgba(239, 83, 80, 0.5)",0.0,0.0,2.595082955150595,80.09892926927043,-1.5192432656325747,0.0,0.0,0.0,0.0,42.946516720249235,0.888632856577992,False,False,False,True,False,0.0,0,0.8399655374351831,1.03145295513841,False,False,False,False,-0.18008633681939815,-0.1885960761630689,False,False,False,False,-26830498,-25027485.565668534,False,False,False,False,524119.2664505595,False,False,False,False
2023-10-02 00:00:00+00:00,73.6921393753,75.8214847549,73.6109011031,75.7772550289,1239223,,,,,,,,,,,,,,,,,,,,,,,,,82.98442540611057,"rgba(239, 83, 80, 1.0)",0.0,0.0,2.6710337691645134,79.98577559164104,-2.3562548287473213,0.0,0.0,0.0,0.0,38.719149727721565,-3.36142234727361,False,True,False,True,False,0.0,0,0.8070654765689939,1.0451233066324088,False,False,False,False,-0.3323867333950069,-0.26049140477903787,False,False,False,False,-28069721,-25146788.916034475,False,False,False,False,552162.550119165,False,False,False,False
2023-10-03 00:00:00+00:00,72.3201152224,73.3671862865,72.1666651526,73.204709742,869935,,,,,,,,,,,,,,,,,,,,,,,,,82.94801912308787,"rgba(239, 83, 80, 1.0)",0.0,0.0,2.78080405161868,79.88639219392171,-2.720895406894076,0.0,0.0,0.0,0.0,34.505024639939556,-7.460110155743308,False,True,False,True,False,0.0,0,0.7884842180226611,1.0850217579265582,False,False,False,False,-0.34282825441539394,-0.30165982959721593,False,False,False,False,-28939656,-25295528.801680185,False,False,False,False,564624.2148203742,False,False,False,False
2023-10-04 00:00:00+00:00,72.4194064439,72.5457770896,70.8578263224,72.2479034248,543993,,,,,,,,,,,,,,,,,,,,,,,,,82.92389951560538,"rgba(239, 83, 80, 1.0)",0.0,0.0,2.876906682931192,79.22619158919872,-2.3660083191726935,0.0,0.0,0.0,0.0,31.964068835169677,-9.932345566268737,False,True,False,True,False,0.0,0,0.7701533226670786,1.0920060505226308,False,False,False,False,-0.34282825441539394,-0.32224404200630496,False,False,False,False,-28395663,-25417102.691810377,False,False,False,False,563815.1475725163,False,False,False,False
2023-10-05 00:00:00+00:00,72.9609949254,73.0038706802,72.1215327792,72.1215327792,527126,,,,,,,,,,,,,,,,,,,,,,,,,82.9022269807359,"rgba(239, 83, 80, 1.0)",0.0,0.0,2.955864405325546,79.19522703258,-2.1091062553302002,0.0,0.0,0.0,0.0,31.76555788290672,-10.291691043133405,False,True,False,True,False,0.0,0,0.7973554224349136,1.0828548885466602,False,False,False,False,-0.29100470909243215,-0.30662437554936856,False,False,False,False,-27868537,-25513237.37056291,False,False,False,False,562376.3574716334,False,False,False,False
2023-10-06 00:00:00+00:00,73.1595773686,73.294974489,71.0834881897,72.4916182415,548628,,,,,,,,,,,,,,,,,,,,,,,,,82.87936551647135,"rgba(239, 83, 80, 1.0)",0.0,0.0,3.0249951090651974,79.14793810320195,-1.9796265840748795,0.0,0.0,0.0,0.0,32.18570377645888,-10.291691043133405,False,True,False,True,False,0.0,0,0.7837737738401549,1.0831681538518698,False,False,False,False,-0.313285210669068,-0.30995479310921825,False,False,False,False,-27319909,-25584087.238383975,False,False,False,False,561837.206198236,False,False,False,False
2023-10-09 00:00:00+00:00,73.0151537735,73.177630318,71.5889707724,72.7082536341,431277,,,,,,,,,,,,,,,,,,,,,,,,,82.86160488650573,"rgba(239, 83, 80, 1.0)",0.0,0.0,3.0938779009847455,79.11273720588753,-1.9708545804107955,0.0,0.0,0.0,0.0,32.25714366304198,-10.510301344334835,False,True,False,True,False,0.0,0,0.7906994113274105,1.0794807205273884,False,False,False,False,-0.3016711123841556,-0.30581295274668696,False,False,False,False,-27751186,-25669071.50354539,False,False,False,False,556717.1981120307,False,False,False,False
2023-10-10 00:00:00+00:00,73.935854192,74.3555852651,73.4303716093,73.4303716093,664610,,,,,,,,,,,,,,,,,,,,,,,,,82.8378405906873,"rgba(239, 83, 80, 1.0)",0.0,0.0,3.140656931419257,79.09081975129683,-1.6413653805120705,0.0,0.0,0.0,0.0,34.948397110660764,-10.510301344334835,False,True,False,True,False,0.0,0,0.8109456789599049,1.0742475779222838,False,False,False,False,-0.1983785963531659,-0.25209577454992643,False,False,False,False,-27086576,-25724659.91517106,False,False,False,False,560948.2883821472,False,False,False,False
2023-10-11 00:00:00+00:00,74.4142573506,74.811422237,73.6154143405,74.1615160593,512568,,,,,,,,,,,,,,,,,,,,,,,,,82.82036089239803,"rgba(239, 83, 80, 0.75)",0.0,0.0,3.174643006288355,79.07615154648396,-1.4684782467350337,0.0,0.0,0.0,0.0,37.99249088033231,-10.510301344334835,False,True,False,True,True,0.0,0,0.8438604833860404,1.0608265966443573,False,False,False,False,-0.14936416885517514,-0.2007299717025508,False,False,False,False,-26574008,-25757967.683203567,False,False,False,False,559051.0221710826,False,False,False,False
2023-10-12 00:00:00+00:00,73.3491333371,74.5857603697,72.8978096026,74.4232838253,505735,,,,,,,,,,,,,,,,,,,,,,,,,82.80183754256578,"rgba(239, 83, 80, 0.5)",0.0,0.0,3.2216673941738616,79.04912496553723,-1.7692675658403563,0.0,0.0,0.0,0.0,38.062089092833006,-10.510301344334835,False,False,False,True,True,0.0,0,0.8625547359123185,1.0487574687188423,False,False,False,False,-0.1827738145772349,-0.19175189313989285,False,False,False,False,-27079743,-25809802.009352446,False,False,False,False,556960.1977722165,False,False,False,False
2023-10-13 00:00:00+00:00,72.6992271594,74.1795690086,72.6179888871,73.674086426,457473,,,,,,,,,,,,,,,,,,,,,,,,,82.78433721754998,"rgba(239, 83, 80, 0.75)",0.0,0.0,3.285577816054669,79.01894394455573,-1.923471955001348,0.0,0.0,0.0,0.0,37.06220698691,-10.510301344334835,False,True,False,True,True,0.0,0,0.871156057024157,1.0396940679183755,False,False,False,False,-0.20884209684744934,-0.2002969949936711,False,False,False,False,-27537216,-25877543.73447588,False,False,False,False,553058.7390360512,False,False,False,False
2023-10-16 00:00:00+00:00,74.080277787,74.1118704485,72.7804654316,73.4123186599,666089,,,,,,,,,,,,,,,,,,,,,,,,,82.76026717741748,"rgba(239, 83, 80, 0.5)",0.0,0.0,3.316163899286838,78.98481765621452,-1.478979935300927,0.0,0.0,0.0,0.0,39.88315545450284,-16.268262643930477,False,False,False,True,True,0.0,0,0.8649063301922398,1.055493254257522,False,False,False,False,-0.20469742488742487,-0.20249720994054798,False,False,False,False,-26871127,-25916507.78410428,False,False,False,False,557491.2982895394,False,False,False,False
2023-10-17 00:00:00+00:00,74.080277787,74.5135485722,73.204709742,73.204709742,424017,,,,,,,,,,,,,,,,,,,,,,,,,82.74547218660553,"rgba(239, 83, 80, 0.5)",0.0,0.0,3.3393406675433,78.96616249077071,-1.4631285604547741,0.0,0.0,0.0,0.0,41.7637877662314,-14.277163191223835,False,False,False,True,True,0.0,0,0.8678856747213568,1.0431063854130402,False,False,False,False,-0.16027380208062633,-0.18138550601058717,False,False,False,False,-26871127,-25953943.831786465,False,False,False,False,552257.0120821064,False,False,False,False
2023-10-18 00:00:00+00:00,72.0402945069,73.6470070019,71.9951621335,73.4032921852,599777,,,,,,,,,,,,,,,,,,,,,,,,,82.72138394378598,"rgba(239, 83, 80, 0.5)",0.0,0.0,3.391171316886345,78.92046229207536,-2.0288470095614306,0.0,0.0,0.0,0.0,39.62465028027072,-14.277163191223835,False,False,False,True,True,0.0,0,0.8582148659338315,1.0410614895121357,False,False,False,False,-0.2460865423587575,-0.21373602418467233,False,False,False,False,-27470904,-26013432.465834055,False,False,False,False,554120.541020063,False,False,False,False
2023-10-19 00:00:00+00:00,71.3542824304,72.5096711909,71.295610345,71.9139238613,828685,,,,,,,,,,,,,,,,,,,,,,,,,82.68554998288951,"rgba(239, 83, 80, 0.5)",0.0,0.0,3.460533840175793,78.8452401906598,-2.1646827068390273,0.0,0.0,0.0,0.0,37.298539625064194,-14.277163191223835,False,False,False,True,False,0.0,0,0.8483287588828224,1.0578475553069544,False,False,False,False,-0.325057404491317,-0.26939671433799467,False,False,False,False,-28299589,-26103085.663252328,False,False,False,False,564887.7747055507,False,False,False,False
2023-10-20 00:00:00+00:00,69.9732318028,71.570917823,69.9551788534,71.3181765317,825988,,,,,,,,,,,,,,,,,,,,,,,,,82.6461159275366,"rgba(239, 83, 80, 1.0)",0.0,0.0,3.5757086741166058,78.75421128388257,-2.455731235781379,0.0,0.0,0.0,0.0,34.17331809886788,-9.787736133454061,False,True,False,True,False,0.0,0,0.8234597092999626,1.0855672474568288,False,False,False,False,-0.34282825441539394,-0.3061124843766943,False,False,False,False,-29125577,-26221614.73528165,False,False,False,False,575126.9992269017,False,False,False,False
2023-10-23 00:00:00+00:00,69.9010200052,70.8487998478,69.3865109479,69.5850933911,905177,,,,,,,,,,,,,,,,,,,,,,,,,82.60158780380054,"rgba(239, 83, 80, 1.0)",0.0,0.0,3.67951638900146,78.65324122912712,-2.3786335753493635,0.0,0.0,0.0,0.0,32.01302041281794,-11.878546976046337,False,True,False,True,False,0.0,0,0.8210533571208887,1.083865084180987,False,False,False,False,-0.34282825441539394,-0.3244703693960441,False,False,False,False,-30030754,-26370992.745662764,False,False,False,False,588070.1365121212,False,False,False,False
2023-10-24 00:00:00+00:00,69.0073990108,69.9100464799,68.5109429029,69.9100464799,756002,,,,,,,,,,,,,,,,,,,,,,,,,82.56198223200589,"rgba(239, 83, 80, 1.0)",0.0,0.0,3.799704366742417,78.5612124641629,-2.514357047612531,0.0,0.0,0.0,0.0,29.640524206293684,-14.174759096601733,False,True,False,True,False,0.0,0,0.8164171351538917,1.0901864089157436,False,False,False,False,-0.34282825441539394,-0.333649311905719,False,False,False,False,-30786756,-26544159.932107363,False,False,False,False,594655.6997861556,False,False,False,False
2023-10-25 00:00:00+00:00,68.5560752763,69.4316433213,68.2266089501,68.4928899535,1144283,,,,,,,,,,,,,,,,,,,,,,,,,82.50068224872582,"rgba(239, 83, 80, 1.0)",0.0,0.0,3.9177684006731983,78.42274669291398,-2.5184417269072257,0.0,0.0,0.0,0.0,27.617966989552407,-16.14759250494466,False,True,False,True,False,0.0,0,0.8415273188466786,1.0910249991647794,False,False,False,False,-0.34282825441539394,-0.33823878316055644,False,False,False,False,-31931039,-26755410.091632567,False,False,False,False,616209.7115592476,False,False,False,False
2023-10-26 00:00:00+00:00,69.2240344034,69.8107552583,68.44775758,68.44775758,2807503,,,,,,,,,,,,,,,,,,,,,,,,,82.35711072155695,"rgba(239, 83, 80, 1.0)",0.0,0.0,3.9989825085740143,78.13956177219073,-2.2294489534963975,0.0,0.0,0.0,0.0,28.297681988815036,-16.14759250494466,False,True,False,True,False,0.0,0,0.8568633303460121,1.0616588730796823,False,False,False,False,-0.32293119040512186,-0.33058498678283915,False,False,False,False,-29123536,-26848277.774313644,False,False,False,False,702142.781694179,False,False,False,False
2023-10-27 00:00:00+00:00,68.3213869343,69.9415114426,68.100460865,69.6837643618,3050988,,,,,,,,,,,,,,,,,,,,,,,68.78778641396669,,82.20023838256152,"rgba(239, 83, 80, 1.0)",0.0,0.0,4.077527858992652,77.18442390871112,-2.1736300231191388,0.0,0.0,0.0,0.0,27.704767005237166,-16.321237749936657,False,True,False,True,False,0.0,0,0.8561265994424128,1.0614304158318635,True,False,False,False,-0.3300797376372136,-0.3303323622100264,True,False,False,False,-32174524,-27057150.175320953,False,False,False,False,794254.3588826426,True,False,False,False
2023-10-30 00:00:00+00:00,69.5917118329,69.8586641666,68.8737021076,68.928933625,520018,,,,,,,,,,,,,,,,,,,,,,,68.88296119131174,,82.17514705550224,"rgba(239, 83, 80, 0.75)",0.0,0.0,4.125175314425175,77.15012847093458,-1.8322655552610867,0.0,0.0,0.0,0.0,30.75703662593567,-16.321237749936657,False,True,False,True,True,0.0,0,0.8711232748920208,1.037883260289492,False,False,False,False,-0.30739761775373425,-0.3188649899818803,False,False,False,False,-31654506,-27237438.639033858,False,False,False,False,783499.991867637,False,False,False,False
2023-10-31 00:00:00+00:00,69.5456855684,69.9507166955,68.9891359788,69.5917118329,882911,,,,,,,,,,,,,,,,,,,,,,,69.0043227262074,,82.13295019528647,"rgba(239, 83, 80, 0.75)",0.0,0.0,4.1598201169465066,77.09214573959072,-1.8141313708368128,0.0,0.0,0.0,0.0,32.723340100703,-16.321237749936657,False,True,False,True,True,0.0,0,0.8718681860484102,1.040200814602824,False,False,False,False,-0.30064134513829355,-0.3097531675600869,False,False,False,False,-32537417,-27445280.927699197,False,False,False,False,787398.4627747885,False,False,False,False
2023-11-01 00:00:00+00:00,69.6101223387,69.831048408,68.5607235094,69.7850221435,879785,,,,,,,,,,,,,,,,,,,,,,,69.05869661317958,,82.09064834137611,"rgba(239, 83, 80, 0.75)",0.0,0.0,4.170160435697378,77.03103993812026,-1.7795280814368142,0.0,0.0,0.0,0.0,34.2140549312866,-21.640777407180728,False,True,False,True,True,0.0,0,0.8804725772845716,1.034900287786792,False,False,False,False,-0.31854782041947705,-0.314150493989782,False,False,False,False,-31657632,-27610471.16582864,False,False,False,False,791021.4642346008,False,False,False,False
2023-11-02 00:00:00+00:00,72.3256719406,72.5005717455,70.2636952937,70.4293898457,1205502,,,,,,,,,,,,,,,,,,,,,,,69.5450025390121,,82.04378905420418,"rgba(239, 83, 80, 0.5)",0.0,0.0,4.112595577418989,77.00704927436314,-1.138302380002341,0.0,0.0,0.0,0.0,41.134040112488734,-15.094613514822115,False,False,False,True,True,0.0,0,0.8998313654411343,0.9984713835103356,False,False,False,False,-0.18012692385711523,-0.24713870892344864,False,False,False,False,-30452130,-27721908.767168697,False,False,False,False,807275.6028920674,False,False,False,False
2023-11-03 00:00:00+00:00,73.7248703796,74.2587750471,73.1081184361,73.3934812756,789139,,,,,,,,,,,,,,,,,,,,,,,69.99213008962965,,82.01922925336751,#000000,0.0,0.0,4.0309205140165325,77.01799600707538,-0.8169661535186178,0.0,0.0,0.0,0.0,47.822456545713884,-9.050145078637314,True,False,False,False,True,0.0,0,0.9173857439579756,0.981108250568964,False,False,False,False,-0.041396342794607466,-0.14426752585902805,False,False,False,False,-29662991,-27798029.639044438,False,False,False,False,806564.3635629667,False,False,False,False
2023-11-06 00:00:00+00:00,72.9884501485,74.3324170702,72.7675240792,74.0562594835,571344,,,,,,,,,,,,,,,,,,,,,,,70.23591321318544,,82.00082672464413,"rgba(38, 166, 154, 1.0)",0.0,0.0,3.9613425197799237,77.01936256675216,-1.0175622022394855,0.0,0.0,0.0,0.0,50.7695189037629,-6.604951758805093,True,False,True,False,True,0.0,0,0.9276486664337358,0.9757948660245718,False,False,False,False,-0.04934893471931993,-0.09680823028917399,False,False,False,False,-30234335,-27893571.025748577,False,False,False,False,797340.0355801053,False,False,False,False
2023-11-07 00:00:00+00:00,71.9942828366,72.4361349753,71.8285882847,72.3993139637,497989,,,,,,,,,,,,,,,,,,,,,,,70.34564474810362,,81.98248977398146,"rgba(38, 166, 154, 1.0)",0.0,0.0,3.8878487415727037,77.00761303203285,-1.2894869447531223,0.0,0.0,0.0,0.0,50.86157541306444,-6.604951758805093,True,False,True,False,True,0.0,0,0.9062114481406685,1.0058128383200822,False,False,False,False,-0.13440028024571077,-0.11560425526744238,False,False,False,False,-30732324,-28004894.671797656,False,False,False,False,785600.7792828463,False,False,False,False
2023-11-08 00:00:00+00:00,71.2394520998,72.0771301126,71.2026310883,71.6905094913,838696,,,,,,,,,,,,,,,,,,,,,,,70.45104592782647,,81.9499593402224,#000000,0.0,0.0,3.8239370148183354,76.97832087696841,-1.5007749225286453,0.0,0.0,0.0,0.0,49.621746241384,-6.604951758805093,True,False,False,False,True,0.0,0,0.9117422210554631,1.017620480565444,False,False,False,False,-0.16434241870967514,-0.13997333698855877,False,False,False,False,-31571020,-28144742.72388402,False,False,False,False,787682.9448011661,False,False,False,False
2023-11-09 00:00:00+00:00,71.2854783643,72.3348771935,71.1842205825,71.552430698,444899,,,,,,,,,,,,,,,,,,,,,,,70.50391575843416,,81.93294137885806,#000000,0.0,0.0,3.7526460092703666,76.96335453723671,-1.513032713160351,0.0,0.0,0.0,0.0,48.885106353515056,-6.604951758805093,True,False,False,False,True,0.0,0,0.874678030005428,1.0381348831470238,False,False,False,False,-0.15704185839596832,-0.14850759769226354,False,False,False,False,-31126121,-28261659.519025825,False,False,False,False,774240.4371619046,False,False,False,False
2023-11-10 00:00:00+00:00,71.5984569625,71.6536884798,70.7239579381,71.3315046287,603704,,,,,,,,,,,,,,,,,,,,,,,70.55213307343563,,81.90932335633451,#000000,0.0,0.0,3.6800938915432035,76.94015519553649,-1.4515113990193653,0.0,0.0,0.0,0.0,49.03852762367304,-6.604951758805093,True,False,False,False,True,0.0,0,0.8560797231573484,1.051387013497079,False,False,False,False,-0.1920234337981238,-0.17026551574519366,False,False,False,False,-30522417,-28350316.67514246,False,False,False,False,767552.7337437908,False,False,False,False
2023-11-13 00:00:00+00:00,71.8654092962,72.3624929522,71.0829628007,71.4419676634,668051,,,,,,,,,,,,,,,,,,,,,,,70.62643124916019,,81.88440376307737,#000000,0.0,0.0,3.5927285593026195,76.91930365532873,-1.406700861394811,0.0,0.0,0.0,0.0,49.70385777252243,-6.604951758805093,True,False,False,False,True,0.0,0,0.8535494180618195,1.0480873282513783,False,False,False,False,-0.1592863815075702,-0.16477594862638195,False,False,False,False,-29854366,-28409299.001607463,False,False,False,False,763650.7049695245,False,False,False,False
2023-11-14 00:00:00+00:00,74.0930804951,74.4134232956,73.158747327,73.4026865285,984698,,,,,,,,,,,,,,,,,,,,,,,70.89550020095649,,81.85554090502407,"rgba(38, 166, 154, 1.0)",0.0,0.0,3.4509362040385505,76.92052072570716,-0.8193255578872419,0.0,0.0,0.0,0.0,53.97259270946087,-2.6916692751414075,True,False,True,False,True,0.0,0,0.8788071084247895,1.0126698911905527,False,False,False,False,-0.03528468367588804,-0.100030316151135,False,False,False,False,-28869668,-28427352.687818937,False,False,False,False,772319.2263432686,False,False,False,False
2023-11-15 00:00:00+00:00,74.7834744617,75.1885055888,74.3232118173,74.4428801048,532735,,,,,,,,,,,,,,,,,,,,,,,71.0608070310425,,81.84172104655491,"rgba(38, 166, 154, 1.0)",0.0,0.0,3.3498068506109773,76.92722366671272,-0.6399620338174788,0.0,0.0,0.0,0.0,57.74297283897144,0.9994546284107173,True,False,True,False,True,0.0,0,0.9063875293755318,0.9853585607209118,False,False,False,False,0.022394300239505473,-0.03881800795581476,False,False,False,False,-28336933,-28423806.817708388,False,False,False,False,762923.7664866699,False,False,False,False
2023-11-16 00:00:00+00:00,74.2863908057,74.6638061741,73.9273859431,74.590164151,480662,,,,,,,,,,,,,,,,,,,,,,,71.1807476363235,,81.82846865694358,"rgba(38, 166, 154, 1.0)",0.0,0.0,3.2874384398893204,76.92913611076554,-0.8038919521652002,0.0,0.0,0.0,0.0,59.052025880913476,2.331700821346459,True,False,True,False,True,0.0,0,0.9019162869110335,0.9874653810589541,False,False,False,False,-0.004975693984449596,-0.02189685097013218,False,False,False,False,-28817595,-28439249.491523746,False,False,False,False,751854.6776048397,False,False,False,False
2023-11-17 00:00:00+00:00,75.1793003359,75.4554579225,74.7374481972,74.7374481972,892060,,,,,,,,,,,,,,,,,,,,,,,71.43485679619089,,81.80669681333468,"rgba(38, 166, 154, 1.0)",0.0,0.0,3.2286315810372113,76.94203401642736,-0.5459692864557424,0.0,0.0,0.0,0.0,61.184363106530355,4.489125329117762,True,False,True,False,True,0.0,0,0.9099610744242682,0.9624899301883244,False,False,False,False,0.0426674262970911,0.010385287663479462,False,False,False,False,-27925535,-28419103.825189482,False,False,False,False,757352.9255419048,False,False,False,False
2023-11-20 00:00:00+00:00,74.8847322435,75.2161213474,74.673011427,75.2069160945,629614,,,,,,,,,,,,,,,,,,,,,,,71.58667300190073,,81.79095913178084,"rgba(38, 166, 154, 1.0)",0.0,0.0,3.1601133021062906,76.94806300019532,-0.6529293602606157,0.0,0.0,0.0,0.0,61.8523652402888,5.304861169265031,True,False,True,False,True,0.0,0,0.9056892637941087,0.9814854854117635,False,False,False,False,0.033623368617828595,0.022004328140654027,False,False,False,False,-28555149,-28424438.930084012,False,False,False,False,752343.5559128104,False,False,False,False
2023-11-21 00:00:00+00:00,74.3968538404,75.3081738763,74.2495697942,74.6453956684,1058522,,,,,,,,,,,,,,,,,,,,,,,71.79555555896225,,81.76361628558152,"rgba(38, 166, 154, 1.0)",0.0,0.0,3.0900075006333902,76.95231936167409,-0.8270094880838532,0.0,0.0,0.0,0.0,61.05070798538165,5.304861169265031,True,False,True,False,True,0.0,0,0.8869396395789249,0.9901209486165289,False,False,False,False,0.023763339901824478,0.022883834021239252,False,False,False,False,-29613671,-28471075.481845424,False,False,False,False,764350.5537201511,False,False,False,False
2023-11-22 00:00:00+00:00,74.2219540355,75.0136057839,73.5959968391,74.102285748,868620,,,,,,,,,,,,,,,,,,,,,,,71.92699468859284,,81.74016199014069,"rgba(38, 166, 154, 1.0)",0.0,0.0,3.0373892433698275,76.95009085046686,-0.8981847884402632,0.0,0.0,0.0,0.0,60.06419831489146,5.304861169265031,True,False,True,False,True,0.0,0,0.8668672334637954,1.0119166420332686,False,False,False,False,-0.004428357663272536,0.009227738178983359,False,False,False,False,-30482291,-28549946.6786358,False,False,False,False,768439.5516134785,False,False,False,False
2023-11-24 00:00:00+00:00,75.170095083,75.3542001407,74.2219540355,74.3968538404,426841,,,,,,,,,,,,,,,,,,,,,,,72.0028012940013,,81.72967134344017,"rgba(38, 166, 154, 1.0)",0.0,0.0,2.980667673383361,76.95228553130508,-0.5979165219321836,0.0,0.0,0.0,0.0,61.079393734125844,5.304861169265031,True,False,True,False,True,0.0,0,0.8647473779669824,1.0260458264430254,False,False,False,False,0.0243109804157868,0.01676935929738508,False,False,False,False,-30055450,-28608986.024571653,False,False,False,False,755043.5299815774,False,False,False,False
2023-11-27 00:00:00+00:00,74.2035435297,74.6453956684,74.0286437249,74.6453956684,602348,,,,,,,,,,,,,,,,,,,,,,,72.08193389569699,,81.71357370135395,"rgba(38, 166, 154, 0.75)",0.0,0.0,2.927595401283977,76.95003684839281,-0.9381396478107131,0.0,0.0,0.0,0.0,59.26574976295552,5.304861169265031,True,False,True,False,False,0.0,0,0.8501595287194905,1.0333930126121522,False,False,False,False,-0.002512699281246034,0.007128330008069523,False,False,False,False,-30657798,-28689331.59223551,False,False,False,False,749055.4699823,False,False,False,False
2023-11-28 00:00:00+00:00,73.5775863334,73.9550017018,72.5926242744,73.6788441151,600205,,,,,,,,,,,,,,,,,,,,,,,72.12498303698575,,81.69562799149463,"rgba(38, 166, 154, 0.75)",0.0,0.0,2.8741504502519946,76.94038891853364,-1.170016198991531,0.0,0.0,0.0,0.0,56.61419612084933,5.304861169265031,True,False,True,False,False,0.0,0,0.826776244612219,1.0430924958597338,False,False,False,False,-0.06031773739610067,-0.02659470369401557,False,False,False,False,-31258003,-28790063.804304708,False,False,False,False,743218.1966496608,False,False,False,False
2023-11-29 00:00:00+00:00,74.5717536453,74.9859900252,73.43950754,73.5131495631,568848,,,,,,,,,,,,,,,,,,,,,,,72.1925001006137,,81.68063972212407,"rgba(38, 166, 154, 0.75)",0.0,0.0,2.8259529988433316,76.93804844550208,-0.8373440043661728,0.0,0.0,0.0,0.0,56.78797383713727,5.304861169265031,True,False,True,False,False,0.0,0,0.8483464850769251,1.0238604596910177,False,False,False,False,-0.0032591580304738347,-0.014926930862244702,False,False,False,False,-30689155,-28864537.968841776,False,False,False,False,736380.1497222232,False,False,False,False
2023-11-30 00:00:00+00:00,75.7500260149,75.98936259,74.6914219328,75.0320162897,798083,,,,,,,,,,,,,,,,,,,,,,,72.32764228063728,,81.66297330224535,"rgba(38, 166, 154, 0.75)",0.0,0.0,2.8146643824072135,76.94567318506738,-0.42479209160447434,0.0,0.0,0.0,0.0,58.83151843861799,5.304861169265031,True,False,True,False,False,1.0073949385751604,0,0.8604173759876718,1.0100640208982234,False,False,False,False,0.11535109905569937,0.05021208409672734,False,False,False,False,-29891072,-28904794.205357783,False,False,False,False,738799.8693409596,False,False,False,False
2023-12-01 00:00:00+00:00,77.5266398223,77.6923343743,74.7374481972,75.004400531,1359643,,,,,,,,,,,,,,,,,,,,,,,72.61092427376414,,81.63878071038802,"rgba(38, 166, 154, 1.0)",0.0,0.0,2.8297328944140085,76.97595532436645,0.19460652947867124,0.0,0.0,0.0,0.0,62.45402833499907,7.092365825044794,True,False,True,False,True,4.375959516683022,0,0.8777581724980646,0.9752428674750145,False,False,False,False,0.213065914073807,0.13163899908526716,False,False,False,False,-28531429,-28890152.432598654,False,False,False,False,763146.6587785691,False,False,False,False
2023-12-04 00:00:00+00:00,77.6463081098,78.042133984,76.5692935219,76.5692935219,760637,,,,,,,,,,,,,,,,,,,,,,,72.78090450610584,,81.62741443262102,"rgba(38, 166, 154, 1.0)",0.0,0.0,2.8492957031496817,76.99837206603934,0.22740217627971057,0.0,0.0,0.0,0.0,65.00404657709402,9.523546215898634,True,False,True,False,True,4.596258385700185,0,0.912760529265779,0.962577965350984,False,False,False,False,0.34282824567770803,0.2372336223814876,False,False,False,False,-27770792,-28846255.94504577,False,False,False,False,763048.2407872527,False,False,False,False
2023-12-05 00:00:00+00:00,78.3643178351,78.6772964333,77.2873032472,77.5450503281,647008,,,,,,,,,,,,,,,,,,,,,,,72.93646324821279,,81.61937250900576,"rgba(38, 166, 154, 1.0)",0.0,0.0,2.883064536875912,77.02175716573363,0.46567138965996313,0.0,0.0,0.0,0.0,67.5119501750616,11.892167682929134,True,False,True,False,True,5.915622688422097,0,0.9311202475868149,0.9464516542556886,False,False,False,False,0.342828246323582,0.2900309343525348,False,False,False,False,-27123784,-28778708.02563221,False,False,False,False,758497.6431093212,False,False,False,False
2023-12-06 00:00:00+00:00,79.0178907901,79.8877871881,78.8245804795,79.1467643306,601851,,,,,,,,,,,,,,,,,,,,,,,73.10320083032735,,81.61433069895271,"rgba(38, 166, 154, 1.0)",0.0,0.0,2.9285913024173404,77.0505677711908,0.6717642770042085,0.0,0.0,0.0,0.0,69.87142269011198,14.114398855578244,True,False,True,False,True,7.097553572293741,0,0.9565696734796291,0.9246573471952203,False,False,False,False,0.34282824737964246,0.31642959086608863,False,False,False,False,-26521933,-28690207.04423487,False,False,False,False,752354.637497191,False,False,False,False
2023-12-07 00:00:00+00:00,79.2296116066,79.3492798941,78.5116018813,79.109943319,758582,,,,,,,,,,,,,,,,,,,,,,,73.29432866461588,,81.60743747159401,"rgba(38, 166, 154, 1.0)",0.0,0.0,2.978621288283857,77.08372645659095,0.7204289979561012,0.0,0.0,0.0,0.0,71.66510118103298,15.823214979880888,True,False,True,False,True,7.479402803082884,0,0.9647423850605215,0.9242661867961305,False,False,False,False,0.31315852530669636,0.3147940580863925,False,False,False,False,-25763351,-28575428.375833504,False,False,False,False,752598.8477914188,False,False,False,False
2023-12-08 00:00:00+00:00,80.2974209416,80.5551680224,79.2388168595,79.4229219172,796421,,,,,,,,,,,,,,,,,,,,,,,73.51491724158677,,81.60303343537134,"rgba(38, 166, 154, 1.0)",0.0,0.0,3.049953069182026,77.12603786041612,1.0398137313091238,0.0,0.0,0.0,0.0,73.90275995032894,17.977744602726986,True,False,True,False,True,9.378540529202436,0,0.9689588121034447,0.9088842541167145,False,False,False,False,0.34282824772343007,0.32881115290491125,False,False,False,False,-24966930,-28433918.63560474,False,False,False,False,754317.3635643043,False,False,False,False
2023-12-11 00:00:00+00:00,80.8773518735,81.0522516784,79.9936475963,80.6380152984,491810,,,,,,,,,,,,,,,,,,,,,,,73.65616702823677,,81.60137733574491,"rgba(38, 166, 154, 1.0)",0.0,0.0,3.1338071022408647,77.15468146622734,1.1879066853255649,0.0,0.0,0.0,0.0,75.9001948907945,19.915581817219177,True,False,True,False,True,10.385716152375693,0,0.9742736518355984,0.9083482502095357,False,False,False,False,0.34282824808164347,0.33581970049327736,False,False,False,False,-24475120,-28278671.630286906,False,False,False,False,744022.9571500178,False,False,False,False
2023-12-12 00:00:00+00:00,80.6472205513,80.9601991495,80.2053684127,80.9601991495,457870,,,,,,,,,,,,,,,,,,,,,,,73.78205994443327,,81.59978171938407,"rgba(38, 166, 154, 1.0)",0.0,0.0,3.2075355324398473,77.18057772845926,1.0807808012663853,0.0,0.0,0.0,0.0,76.44045162591286,20.535669100084377,True,False,True,False,True,9.858331855341312,0,1.0090155035396693,0.890550455482239,False,False,False,False,0.3428282481138864,0.33932397430358185,False,False,False,False,-24932990,-28147468.429099184,False,False,False,False,732801.2725558995,False,False,False,False
2023-12-13 00:00:00+00:00,83.1786650955,83.2707176244,80.1961631598,80.7852993446,867431,,,,,,,,,,,,,,,,,,,,,,,74.06193167145088,,81.60164174606861,"rgba(38, 166, 154, 1.0)",0.0,0.0,3.349023054906484,77.24329607636395,1.7722687846058385,0.0,0.0,0.0,0.0,78.78226044172035,22.901786798449564,True,False,True,False,True,14.081676482895766,0,1.0263647612371343,0.831685427141545,False,False,False,False,0.3428282486757816,0.34107611148968175,False,False,False,False,-24065559,-27987393.54952667,False,False,False,False,738080.8697105701,False,False,False,False
2023-12-14 00:00:00+00:00,85.3971310415,85.6778912546,83.9979326025,84.0347536141,1362166,,,,,,,,,,,,,,,,,,,,,,,74.6049412555849,,81.61781010894816,"rgba(38, 166, 154, 1.0)",0.0,0.0,3.5595146849066164,77.37769993568722,2.2529563200897917,0.0,0.0,0.0,0.0,81.46311144183244,25.539461207086006,True,False,True,False,True,17.419993878915736,0,1.0845737815911236,0.7981927651138042,False,False,False,False,0.34282824978882437,0.34195218063925303,False,False,False,False,-22703393,-27780177.841702092,False,False,False,False,762554.796388587,False,False,False,False
2023-12-15 00:00:00+00:00,85.1393839606,86.1243460196,85.0473314317,85.6088518579,810503,,,,,,,,,,,,,,,,,,,,,,,74.91505696165147,,81.6285149289855,"rgba(38, 166, 154, 1.0)",0.0,0.0,3.738889845965051,77.45786126716098,2.0544929136462247,0.0,0.0,0.0,0.0,82.51795088465605,26.640959458781396,True,False,True,False,True,16.823442073582008,0,1.0814361660550063,0.7988851630531003,False,False,False,False,0.34282824999532857,0.3423902153172908,False,False,False,False,-23513896,-27612872.671439264,False,False,False,False,764435.1180988385,False,False,False,False
2023-12-18 00:00:00+00:00,86.5477876525,86.6306349285,85.2774627539,85.3695152828,815412,,,,,,,,,,,,,,,,,,,,,,,75.22964990698907,,81.64123456916559,"rgba(38, 166, 154, 1.0)",0.0,0.0,3.9543569006097985,77.54210317692052,2.2774081100749215,0.0,0.0,0.0,0.0,83.89768907149605,28.101371175819992,True,False,True,False,True,18.844513880066017,0,1.0977584413554806,0.7920457518420387,False,False,False,False,0.34282825009036627,0.34260923270382854,False,False,False,False,-22698484,-27420151.5470691,False,False,False,False,766434.2115067272,False,False,False,False
2023-12-19 00:00:00+00:00,88.4716855061,88.4946986383,87.0172555498,87.0172555498,479484,,,,,,,,,,,,,,,,,,,,,,,75.43639022686126,,81.6517223844219,"rgba(38, 166, 154, 1.0)",0.0,0.0,4.230640431428487,77.59950857494242,2.5698655102878982,0.0,0.0,0.0,0.0,85.55378058181242,29.83648717557226,True,False,True,False,True,20.0,0,1.1077302715678805,0.7701414718446596,False,False,False,False,0.34282825050213,0.34271874160297927,False,False,False,False,-22219000,-27216184.819733053,False,False,False,False,755181.2620358752,False,False,False,False
2023-12-20 00:00:00+00:00,87.6892390106,89.6039316113,87.652417999,88.6834063225,808878,,,,,,,,,,,,,,,,,,,,,,,75.77891002726264,,81.6702272827705,"rgba(38, 166, 154, 1.0)",0.0,0.0,4.459584260315085,77.69682571060619,2.2406602760966368,0.0,0.0,0.0,0.0,84.61535302928564,29.83648717557226,True,False,True,False,True,19.624459702518806,0,1.0961196884373272,0.7717528652802929,False,False,False,False,0.34282825067451916,0.3427734961387492,False,False,False,False,-23027878,-27051937.493469015,False,False,False,False,757287.0164658409,False,False,False,False
2023-12-21 00:00:00+00:00,89.5394948411,89.5947263584,88.3059909541,88.3059909541,782520,,,,,,,,,,,,,,,,,,,,,,,76.11422327203378,,81.69025964461242,"rgba(38, 166, 154, 1.0)",0.0,0.0,4.743352321650663,77.79494435607553,2.476002137015497,0.0,0.0,0.0,0.0,84.8647743653572,29.83648717557226,True,False,True,False,True,20.0,0,1.0932151080202832,0.7718901234259269,False,False,False,False,0.3428282507344184,0.34280087343658383,False,False,False,False,-22245358,-26863444.179999642,False,False,False,False,758276.5452318863,False,False,False,False
2023-12-22 00:00:00+00:00,90.4231991183,90.7545882223,89.7788314162,89.7788314162,630939,,,,,,,,,,,,,,,,,,,,,,,76.39581280358657,,81.70886032991152,"rgba(38, 166, 154, 1.0)",0.0,0.0,5.038263691377941,77.87952362760254,2.489682211783328,0.0,0.0,0.0,0.0,85.39202257729343,30.30192303174681,True,False,True,False,True,20.0,0,1.1201640099564834,0.7534596900730133,False,False,False,False,0.34282825096044467,0.34281456219851425,False,False,False,False,-21614419,-26657600.055293772,False,False,False,False,753282.9160071064,False,False,False,False
2023-12-26 00:00:00+00:00,91.104387832,91.2148508667,90.4324043712,90.7177672107,260336,,,,,,,,,,,,,,,,,,,,,,,76.51362858192151,,81.71704367149407,"rgba(38, 166, 154, 1.0)",0.0,0.0,5.334680311096686,77.91545404066827,2.4723006857406977,0.0,0.0,0.0,0.0,86.01021538292964,31.192872943309965,True,False,True,False,True,20.0,0,1.1340409318549791,0.7389170902069192,False,False,False,False,0.3428282510479267,0.34282140662322047,False,False,False,False,-21354083,-26449618.99430186,False,False,False,False,733951.6643989846,False,False,False,False
2023-12-27 00:00:00+00:00,91.6382924995,91.8960395804,90.772998728,90.93869328,404526,,,,,,,,,,,,,,,,,,,,,,,76.69940800924542,,81.730445721843,"rgba(38, 166, 154, 1.0)",0.0,0.0,5.627421311113032,77.9727465633033,2.4283850774083633,0.0,0.0,0.0,0.0,86.62822578446907,32.08261220271535,True,False,True,False,True,20.0,0,1.1381268392281796,0.728732159023565,False,False,False,False,0.34282825112437104,0.34282482887379573,False,False,False,False,-20949557,-26233930.28864296,False,True,False,False,721033.0108931422,False,False,False,False
2023-12-28 00:00:00+00:00,90.9294880271,92.1629919141,90.772998728,91.4265716831,608670,,,,,,,,,,,,,,,,,,,,,,,76.96767639920023,,81.75023664372772,"rgba(38, 166, 154, 1.0)",0.0,0.0,5.874181401717933,78.57822506142335,2.102635605033319,0.0,0.0,0.0,0.0,85.10567326222824,32.08261220271535,True,False,True,False,True,20.0,0,1.1321664136203533,0.7308775967524119,False,False,False,False,0.3428282511437745,0.3428265400087851,False,False,False,False,-21558227,-26050569.375362847,False,False,False,False,716626.6183090975,False,False,False,False
2023-12-29 00:00:00+00:00,91.0767720734,91.5002137062,90.6625356934,90.7177672107,353890,,,,,,,,,,,,,,,,,,,,,,,77.11695685905978,,81.761454863098,"rgba(38, 166, 154, 0.75)",0.0,0.0,6.107832155177097,78.6211478746157,2.0392872433841696,0.0,0.0,0.0,0.0,84.17957732896188,32.08261220271535,True,False,True,False,False,20.0,0,1.1558013224531578,0.7293986123040175,False,False,False,False,0.3302314076704989,0.336528973839642,False,False,False,False,-21204337,-25860521.046917245,False,False,False,False,702401.6528852113,False,False,False,False
2024-01-02 00:00:00+00:00,90.1102205201,90.8282302454,89.8524734393,90.1010152672,592751,,,,,,,,,,,,,,,,,,,,,,,77.34583386354893,,81.7785440562637,"rgba(38, 166, 154, 0.75)",0.0,0.0,6.294419954187337,78.67574761800648,1.816604704693525,0.0,0.0,0.0,0.0,80.90146077357633,35.12031250540349,True,False,True,False,False,20.0,0,1.1507797998461198,0.7194971828714325,False,False,False,False,0.3063636354376719,0.321446304638657,False,False,False,False,-21797088,-25701170.731351864,False,False,False,False,698101.6272818696,False,False,False,False
2024-01-03 00:00:00+00:00,89.1620794727,89.6959841402,88.9043323918,89.4014160477,409881,,,,,,,,,,,,,,,,,,,,,,,77.48748631242161,,81.78891978429589,"rgba(38, 166, 154, 0.75)",0.0,0.0,6.4447393494497645,78.70474459453573,1.6226156421759859,0.0,0.0,0.0,0.0,76.36892939612025,30.87317048000847,True,False,True,False,False,18.63933327394583,0,1.155720670565256,0.7147960799695121,False,False,False,False,0.27341559036235535,0.29743094750050614,False,False,False,False,-22206969,-25564143.21247532,False,False,False,False,686798.8575845415,False,False,False,False
2024-01-04 00:00:00+00:00,89.3093635189,90.1838625432,88.8491008745,88.9779744149,920533,,,,,,,,,,,,,,,,,,,,,,,77.79868346691184,,81.81271820552297,"rgba(38, 166, 154, 0.75)",0.0,0.0,6.593765374948157,78.78980755927553,1.5953791743321133,0.0,0.0,0.0,0.0,73.52081468657414,28.33546790508116,True,False,True,False,False,18.842236959831123,0,1.1632020540302617,0.6973112844267979,False,False,False,False,0.28021790126654333,0.28882442438352474,False,False,False,False,-21286436,-25396389.988456678,False,False,False,False,695964.9023851479,False,False,False,False
2024-01-05 00:00:00+00:00,89.8524734393,90.8282302454,89.0746295702,89.3553897833,438745,,,,,,,,,,,,,,,,,,,,,,,77.94714709543985,,81.82470560991514,"rgba(38, 166, 154, 0.75)",0.0,0.0,6.7535380180540034,78.83770627274995,1.6309624876775168,0.0,0.0,0.0,0.0,72.27287213070124,27.27334417739108,True,False,True,False,False,19.59279794806801,0,1.17776485970379,0.6767100618901793,False,False,False,False,0.29397246819924583,0.2913984462913853,False,False,False,False,-20847691,-25218009.635968182,False,False,False,False,685877.8473896518,False,False,False,False
2024-01-08 00:00:00+00:00,90.7914092338,90.8834617627,89.5440974675,89.8524734393,428781,,,,,,,,,,,,,,,,,,,,,,,78.09453789995904,,81.83709068051364,"rgba(38, 166, 154, 0.75)",0.0,0.0,6.929862966661099,78.8889816960986,1.7175559740449167,0.0,0.0,0.0,0.0,72.4831649890762,27.27334417739108,True,False,True,False,False,20.0,0,1.1879349130939652,0.6698799784409794,False,False,False,False,0.30197921440181286,0.2966888303465991,False,False,False,False,-20418910,-25029809.65024394,False,False,False,False,675795.6180802537,False,False,False,False
2024-01-09 00:00:00+00:00,89.1989004842,90.4416096241,89.1712847255,90.1378362788,433691,,,,,,,,,,,,,,,,,,,,,,,78.23062368182585,,81.8484116896938,"rgba(38, 166, 154, 0.75)",0.0,0.0,7.063342476930419,78.93262442591383,1.4534586269626382,0.0,0.0,0.0,0.0,68.6916831014873,23.881982064966564,True,False,True,False,False,17.19372121322053,0,1.174161494860563,0.6775997578953712,False,False,False,False,0.28892620611800407,0.29280751823230156,False,False,False,False,-20852601,-24865997.54631281,False,False,False,False,666301.3193320085,False,False,False,False
2024-01-10 00:00:00+00:00,87.900959827,89.7235998988,87.7812915395,89.1712847255,916318,,,,,,,,,,,,,,,,,,,,,,,78.48015482014404,,81.86873725196804,"rgba(38, 166, 154, 0.5)",0.0,0.0,7.164644449287937,79.005183194978,1.2416215061315576,0.0,0.0,0.0,0.0,63.5837133410933,19.18200402195116,False,False,True,False,False,14.345079801341054,0,1.159461239242185,0.6898194942189189,False,False,False,False,0.25491028902832774,0.2738589036303146,False,False,False,False,-21768919,-24744543.485673092,False,False,False,False,676105.8950444787,False,False,False,False
2024-01-11 00:00:00+00:00,87.1461290902,87.7720862866,86.2900405716,87.7720862866,596865,,,,,,,,,,,,,,,,,,,,,,,78.61438651070452,,81.87911716188837,"rgba(38, 166, 154, 0.5)",0.0,0.0,7.248195970404064,79.03912072312099,1.1184863654599944,0.0,0.0,0.0,0.0,58.84489129651074,14.96590332146178,False,False,True,False,False,12.736344330278737,0,1.1340556059857876,0.7218808326643502,False,False,False,False,0.201189577600498,0.2375242406154063,False,False,False,False,-22365784,-24651258.799960423,False,False,False,False,672998.4089643031,False,False,False,False
2024-01-12 00:00:00+00:00,86.8147399862,88.232348931,86.6490454342,87.8733440683,383928,,,,,,,,,,,,,,,,,,,,,,,78.70015309694897,,81.88598059141329,#000000,0.0,0.0,7.321298827647615,79.0630897054011,1.058780752334017,0.0,0.0,0.0,0.0,55.110775552577316,11.73593671111665,False,True,False,False,False,12.034296033113222,0,1.1362557354675753,0.719199120248614,False,False,False,False,0.21385892176581636,0.22569158119061133,False,False,False,False,-22749712,-24576688.337216876,False,False,False,False,661662.3144951147,False,False,False,False
2024-01-16 00:00:00+00:00,86.8975872622,86.9982927288,85.7469306512,86.4097088592,544009,,,,,,,,,,,,,,,,,,,,,,,78.80928005144304,,81.89443444925966,#000000,0.0,0.0,7.389491497772581,79.09188423038253,1.0563247869180648,0.0,0.0,0.0,0.0,52.78744334950095,9.772286835551313,False,True,False,False,False,12.162564481403876,0,1.1297849098026078,0.7344321325474812,False,False,False,False,0.16566626519225006,0.1956789231914307,False,False,False,False,-22205703,-24483708.520071115,False,False,False,False,657048.459024718,False,False,False,False
2024-01-17 00:00:00+00:00,86.1243460196,86.6398401814,85.6732886281,85.9034199503,443496,,,,,,,,,,,,,,,,,,,,,,,78.8915200099496,,81.90071056314862,"rgba(239, 83, 80, 1.0)",0.0,0.0,7.446123576587354,79.3959288020484,0.9036134235950067,0.0,0.0,0.0,0.0,49.81033855878663,7.099030074666679,False,True,False,True,False,10.50369820671407,0,1.1134152148492877,0.7641765783712096,False,False,False,False,0.1584485391952908,0.17706373119336077,False,False,False,False,-22649199,-24411766.970264405,False,False,False,False,648673.8527884546,False,False,False,False
2024-01-18 00:00:00+00:00,86.2440143072,86.8515609978,86.0414987436,86.1887827899,331410,,,,,,,,,,,,,,,,,,,,,,,78.9537187456449,,81.9056453846,"rgba(239, 83, 80, 1.0)",0.0,0.0,7.499965459452835,79.41835917165358,0.9100915427475045,0.0,0.0,0.0,0.0,48.10492662439666,5.544277724527589,False,True,False,True,False,10.696962160346185,0,1.0910436694090297,0.7763020888162857,False,False,False,False,0.16813962554704218,0.17260167837020146,False,False,False,False,-22317789,-24329650.187116783,False,False,False,False,636232.1330712603,False,False,False,False
2024-01-19 00:00:00+00:00,88.2231436781,88.3520172185,86.1151407667,86.2900405716,631784,,,,,,,,,,,,,,,,,,,,,,,79.08793731870915,,81.91750567321597,#000000,0.0,0.0,7.566303998826225,79.49289607875372,1.1538325185851144,0.0,0.0,0.0,0.0,50.904753694024905,5.544277724527589,False,True,False,False,False,13.792185226442008,0,1.096038149609895,0.758244305431508,False,False,False,False,0.19460801759140683,0.18360484798080415,False,False,False,False,-21686005,-24225977.826837692,False,False,False,False,636057.6964802305,False,False,False,False
2024-01-22 00:00:00+00:00,88.315196207,88.8491008745,87.7997020452,88.6097642994,678970,,,,,,,,,,,,,,,,,,,,,,,79.24008017514409,,81.93190004882936,#000000,0.0,0.0,7.614754841955495,79.57248077391837,1.1481282870607123,0.0,0.0,0.0,0.0,52.92799775535095,5.544277724527589,False,True,False,False,True,13.931697294558258,0,1.1317944918908545,0.7317809276918023,False,False,False,False,0.23175128984922344,0.20767806891501378,False,False,False,False,-21007035,-24099744.77480484,False,False,False,False,637740.5319123784,False,False,False,False
2024-01-23 00:00:00+00:00,87.9469860914,88.9871796678,87.7536757808,88.3612224714,330153,,,,,,,,,,,,,,,,,,,,,,,79.3115314573031,,81.93877553460649,#000000,0.0,0.0,7.652052507635713,79.6049558789961,1.0901689715379885,0.0,0.0,0.0,0.0,53.414721312814635,5.544277724527589,False,True,False,False,True,13.111961897155435,0,1.1393026949602036,0.7261310314800253,False,False,False,False,0.2333317209790556,0.22050489494703468,False,False,False,False,-21337188,-23991409.215008575,False,False,False,False,625678.2757589518,False,False,False,False
2024-01-24 00:00:00+00:00,88.4624802532,89.0608216909,88.315196207,88.9871796678,398127,,,,,,,,,,,,,,,,,,,,,,,79.39983866272848,,81.94755096349836,#000000,0.0,0.0,7.697865812518504,79.64673785282402,1.1452190275958762,0.0,0.0,0.0,0.0,54.73262224103246,5.544277724527589,False,True,False,False,True,13.916310531012154,0,1.1423611832410592,0.7233921560519968,False,False,False,False,0.2442684167894584,0.23238665586824653,False,False,False,False,-20939061,-23871709.285008237,False,False,False,False,616754.6963174243,False,False,False,False
2024-01-25 00:00:00+00:00,89.0240006793,89.3185687718,88.6649958167,89.1528742198,613274,,,,,,,,,,,,,,,,,,,,,,,79.5382502793608,,81.96181123645032,"rgba(38, 166, 154, 0.5)",0.0,0.0,7.749201849837505,79.71333883088894,1.201499461342112,0.0,0.0,0.0,0.0,56.642997270957174,-0.47003312948339016,False,True,True,False,True,14.786170991091094,0,1.1510870469345078,0.7069886044667116,False,False,False,False,0.2524611337374331,0.24242389480283982,False,False,False,False,-20325787,-23732653.50912556,False,False,False,False,616618.1984226233,False,False,False,False
2024-01-26 00:00:00+00:00,89.134463714,89.4106213006,88.8398956216,89.3185687718,1909917,,,,,,,,,,,,,,,,,,,,,,,79.95024514781494,,82.00664191556018,"rgba(38, 166, 154, 0.5)",0.0,0.0,7.794585985795312,79.90188973631828,1.1844854870427977,0.0,0.0,0.0,0.0,58.12043619304881,1.2050273279482795,False,True,True,False,True,14.957806134632339,0,1.1499887098232358,0.7128224921414016,False,False,False,False,0.25010401977783225,0.24626395729033604,False,False,False,False,-18415870,-23524152.195042208,False,False,False,False,667335.7984844812,False,False,False,False
2024-01-29 00:00:00+00:00,89.6251036929,89.6623543595,88.0233250317,88.935966362,2365474,,,,,,,,,,,,,,,,,,,,,,,80.41266819948659,,82.0612040112494,"rgba(38, 166, 154, 0.5)",0.0,0.0,7.851846894439159,80.10752137375161,1.2121456833154678,0.0,0.0,0.0,0.0,60.0170903682545,3.272958856570199,False,True,True,False,True,15.723599646153712,0,1.128854663536701,0.730724430188622,False,False,False,False,0.23923347669143621,0.24274871699088613,False,False,False,False,-16050396,-23231063.71680526,False,False,False,False,733929.453445874,False,False,False,False
2024-01-30 00:00:00+00:00,89.2805350274,89.7368556925,88.6845243628,89.4854136934,581988,,,,,,,,,,,,,,,,,,,,,,,80.52096690059437,,82.07474595655013,"rgba(38, 166, 154, 0.5)",0.0,0.0,7.902244844084329,80.60010227440475,1.0984768156726359,0.0,0.0,0.0,0.0,60.18639858383836,3.7344376471634604,False,True,True,False,True,14.901904364021544,0,1.1249860155384237,0.744012765227417,False,False,False,False,0.2534036838455584,0.24807620041822226,False,False,False,False,-16632384,-22972291.963205058,False,False,False,False,727970.9650754476,False,False,False,False
2024-01-31 00:00:00+00:00,87.7066943662,89.5226643599,87.5856296999,88.8987156954,914708,,,,,,,,,,,,,,,,,,,,,,,80.66769032939547,,82.0930797202362,"rgba(38, 166, 154, 0.5)",0.0,0.0,7.913574586700746,80.63033298389553,0.8942054320429018,0.0,0.0,0.0,0.0,56.152894721288305,3.7344376471634604,False,True,True,False,False,11.2605604367903,0,1.114757839832977,0.7452351380318759,False,False,False,False,0.22817848206905755,0.2381273412436399,False,False,False,False,-17547092,-22759539.023471527,False,False,False,False,735293.986052881,False,False,False,False
2024-02-01 00:00:00+00:00,87.6415056997,88.0792010316,86.9058981622,87.7253196994,1233763,,,,,,,,,,,,,,,,,,,,,,,80.83884945937265,,82.11473790995949,#000000,0.0,0.0,7.911249683530411,80.67098978737133,0.8810891061673676,0.0,0.0,0.0,0.0,53.315193285912194,9.747754791911738,False,True,False,False,False,11.1131434561205,0,1.0999650002066692,0.7813903723733475,False,False,False,False,0.1879724527411023,0.2130498969923711,False,False,False,False,-18780855,-22603512.199021664,False,False,False,False,754841.7905213955,False,False,False,False
2024-02-02 00:00:00+00:00,87.0454950351,87.2689990343,86.3097943709,87.2503737011,587969,,,,,,,,,,,,,,,,,,,,,,,80.9096279334303,,82.12373714704034,#000000,0.0,0.0,7.913804252794278,80.68519921577155,0.8036963786516081,0.0,0.0,0.0,0.0,50.06821926868213,6.611146774020817,False,True,False,False,False,9.761721829351345,1,1.0861277011619868,0.7866093042275577,False,False,False,False,0.16167640610771344,0.18736315155004227,False,False,False,False,-19368824,-22476661.681412973,False,False,False,False,748297.7595205564,False,False,False,False
2024-02-05 00:00:00+00:00,85.8720990391,86.8126783692,85.5652466735,86.8126783692,421393,,,,,,,,,,,,,,,,,,,,,,,80.95274595784964,,82.12909502820466,"rgba(239, 83, 80, 1.0)",0.0,0.0,7.90098004895611,80.68843344783303,0.6560788103688266,0.0,0.0,0.0,0.0,45.63793997326643,2.444952488726983,False,True,False,True,False,7.171094232888407,1,1.0778682313229924,0.7922840917575992,False,False,False,False,0.13939727211573996,0.16338021183289111,False,False,False,False,-19790217,-22371310.909592856,False,False,False,False,735477.9650295542,False,False,False,False
2024-02-06 00:00:00+00:00,85.723096373,86.2446057045,85.4064657074,85.4902797071,644247,,,,,,,,,,,,,,,,,,,,,,,81.0136220212837,,82.13665572992454,"rgba(239, 83, 80, 1.0)",0.0,0.0,7.856372966255349,80.69290929330938,0.6402683657326673,0.0,0.0,0.0,0.0,42.423011242234274,-0.5077568275639877,False,True,False,True,False,6.846955367503796,0,1.085485262405075,0.7944445636935764,False,False,False,False,0.1259801763585311,0.1446801940957111,False,False,False,False,-20434464,-22295356.128824506,False,False,False,False,731900.2801264344,False,False,False,False
2024-02-07 00:00:00+00:00,85.4437163739,85.9186623723,85.1829617081,85.8441610392,437615,,,,,,,,,,,,,,,,,,,,,,,81.05176577843591,,82.14138679110245,"rgba(239, 83, 80, 1.0)",0.0,0.0,7.793876168082374,80.69552316514076,0.6092210225515432,0.0,0.0,0.0,0.0,39.774294574110954,-2.950017844501261,False,True,False,True,False,6.233865198996369,0,1.0739146963038113,0.8027444528792848,False,False,False,False,0.11586796555767873,0.13027407982669492,False,False,False,False,-20872079,-22239541.339458838,False,False,False,False,720359.68090579,False,False,False,False
2024-02-08 00:00:00+00:00,85.5647810402,85.6020317067,84.6337937567,85.1270857083,314726,,,,,,,,,,,,,,,,,,,,,,,81.07729732178231,,82.14453135436206,"rgba(239, 83, 80, 1.0)",0.0,0.0,7.701511605057063,80.69667322703188,0.6320977053350884,0.0,0.0,0.0,0.0,38.43843232695717,-4.233288690551575,False,True,False,True,False,6.460881143990772,0,1.0764980799901074,0.8041433217004554,False,False,False,False,0.09998045635851559,0.11512726809260526,False,False,False,False,-20557353,-22173573.169283982,False,False,False,False,704452.4777330138,False,False,False,False
2024-02-09 00:00:00+00:00,86.2725437044,86.290237771,85.1177730417,85.7137837063,440130,,,,,,,,,,,,,,,,,,,,,,,81.11775121713963,,82.1497987382549,"rgba(239, 83, 80, 1.0)",0.0,0.0,7.60636446703489,80.70586637470169,0.731844674788284,0.0,0.0,0.0,0.0,39.953762931643666,-4.233288690551575,False,True,False,True,False,7.784596843331201,0,1.105905141228958,0.7867416064705717,False,False,False,False,0.10997299161210272,0.11255012985235399,False,False,False,False,-20117223,-22092931.986174807,False,False,False,False,694086.8903709349,False,False,False,False
2024-02-12 00:00:00+00:00,87.3807510339,87.3993763672,86.1514790382,86.2539183711,450502,,,,,,,,,,,,,,,,,,,,,,,81.16769814262419,,82.15673118083247,"rgba(239, 83, 80, 0.75)",0.0,0.0,7.494027095538769,80.72666651916575,0.8879183955306834,0.0,0.0,0.0,0.0,44.04576440078107,-4.233288690551575,False,True,False,True,True,9.796622834410993,0,1.1090448067616656,0.784703164038701,False,False,False,False,0.13884856981578433,0.12569934983406916,False,False,False,False,-19666721,-21997786.457305204,False,False,False,False,684534.5417289375,False,False,False,False
2024-02-13 00:00:00+00:00,84.3541343776,86.1421663715,83.5066817139,86.1421663715,1258144,,,,,,,,,,,,,,,,,,,,,,,81.24908068093478,,82.16676121871178,"rgba(239, 83, 80, 0.75)",0.0,0.0,7.339080695711186,80.72786274836713,0.4941043408000673,0.0,0.0,0.0,0.0,41.070783245561564,-4.233288690551575,False,True,False,True,True,3.267476058602412,0,1.035954303588372,0.8078946700673358,False,False,False,False,0.04255913429740119,0.08412924206573517,False,False,False,False,-20924865,-21955711.106038332,False,False,False,False,707029.0302885871,False,False,False,False
2024-02-14 00:00:00+00:00,86.2166677046,86.2259803712,85.1177730417,85.2574630412,445497,,,,,,,,,,,,,,,,,,,,,,,81.28668117341556,,82.17196846220801,"rgba(239, 83, 80, 0.75)",0.0,0.0,7.202128887219217,80.7404234815679,0.7603646517282067,0.0,0.0,0.0,0.0,43.01255330227574,-4.233288690551575,False,True,False,True,True,6.575800982589524,0,1.0477989371343424,0.8170203830727915,False,False,False,False,0.05995719200144476,0.07204321703358997,False,False,False,False,-20479368,-21897815.2979584,False,False,False,False,696772.8722380543,False,False,False,False
2024-02-15 00:00:00+00:00,88.0698883649,88.2561416976,86.4587970371,86.4587970371,507621,,,,,,,,,,,,,,,,,,,,,,,81.34483833318345,,82.18068216086154,"rgba(239, 83, 80, 0.75)",0.0,0.0,7.0483464833481,80.7713175030238,1.0355011461367942,0.0,0.0,0.0,0.0,47.24062956040986,-10.479091562102333,False,True,False,True,True,9.636525077542,0,1.0371714169079294,0.7980990235210215,False,False,False,False,0.1295476724506491,0.10079544474211954,False,False,False,False,-19971747,-21822283.207842384,False,False,False,False,689355.1517581305,False,False,False,False
2024-02-16 00:00:00+00:00,87.7160070328,88.4051443638,87.455252367,87.762570366,269653,,,,,,,,,,,,,,,,,,,,,,,81.37658387826114,,82.18552460545058,#000000,0.0,0.0,6.911492715491869,80.7887528072923,1.0022804784240744,0.0,0.0,0.0,0.0,49.434805555682416,-8.369511528612165,False,True,False,False,True,8.905204480975534,0,1.0413191773554986,0.8036888830144672,False,False,False,False,0.14476674192416705,0.1227810933331433,False,False,False,False,-20241400,-21760287.787926994,False,False,False,False,672896.243846047,False,False,False,False
2024-02-20 00:00:00+00:00,88.0978263648,88.4423950303,87.5483790334,87.5483790334,520699,,,,,,,,,,,,,,,,,,,,,,,81.43860867505578,,82.19513271413813,#000000,0.0,0.0,6.7657048320181365,80.82340452287792,1.0751905414933975,0.0,0.0,0.0,0.0,51.488533577151074,-6.328888118939929,False,True,False,False,True,9.528048716807799,0,1.0277218590013548,0.8209412816608715,False,False,False,False,0.1482725963930191,0.1355268448630812,False,False,False,False,-19720701,-21680303.992322013,False,False,False,False,666927.7244795354,False,False,False,False
2024-02-21 00:00:00+00:00,87.8184463658,88.2375163643,87.5763170333,88.1630150313,342100,,,,,,,,,,,,,,,,,,,,,,,81.4778073675916,,82.20126395252012,#000000,0.0,0.0,6.606379779588231,80.84484680990013,1.0555856291287153,0.0,0.0,0.0,0.0,52.302192486398994,-5.374983940985437,False,True,False,False,True,8.937467850962001,0,1.0326430242213989,0.8157437561734839,False,False,False,False,0.12756665022210606,0.13154674754259363,False,False,False,False,-20062801,-21616872.50242703,False,False,False,False,654189.3823430829,False,False,False,False
2024-02-22 00:00:00+00:00,88.2654543642,89.4388503602,88.0512630316,88.4703330302,567426,,,,,,,,,,,,,,,,,,,,,,,81.54885798773067,,82.21266886356834,"rgba(38, 166, 154, 0.5)",0.0,0.0,6.508635034570869,81.29753531674899,1.070565335195572,0.0,0.0,0.0,0.0,53.614192874530005,-3.8616694700584304,False,True,True,False,True,9.682545756785995,0,1.025762728518776,0.8134093017499435,False,False,False,False,0.16734829416350583,0.14944752085304974,False,False,False,False,-19495375,-21533676.521939695,False,False,False,False,650786.8967610012,False,False,False,False
2024-02-23 00:00:00+00:00,88.3958316971,88.935966362,88.2282036977,88.3027050308,2508523,,,,,,,,,,,,,,,,,,,,,,,81.84390396055208,,82.26209334065673,"rgba(38, 166, 154, 0.5)",0.0,0.0,6.434654576259242,81.46135898544154,1.0776759854745432,0.0,0.0,0.0,0.0,54.719676982908155,-2.5008447480871183,False,True,True,False,True,9.901060681267747,0,1.0176610161049842,0.826718720358209,False,False,False,False,0.1562793759548659,0.15286344840395782,False,False,False,False,-16986852,-21355369.67794206,False,False,False,False,723639.2929664522,False,False,False,False
2024-02-26 00:00:00+00:00,87.4273143671,88.7450566959,87.3900637006,88.0512630316,774271,,,,,,,,,,,,,,,,,,,,,,,81.921406482062,,82.27558586938018,"rgba(38, 166, 154, 0.5)",0.0,0.0,6.3288212596884685,81.49552525600862,0.9372660196416045,0.0,0.0,0.0,0.0,53.28392321699236,-2.5008447480871183,False,True,True,False,True,7.8013073613131,0,1.0026857016225232,0.8295833281098887,False,False,False,False,0.09978131856747001,0.12632238348571392,False,False,False,False,-17761123,-21214418.827826686,False,False,False,False,725624.8501050227,False,False,False,False
2024-02-27 00:00:00+00:00,84.1771937116,84.7126720431,82.4636630508,84.3727597109,2282738,,,,,,,,,,,,,,,,,,,,,,,81.98964335465645,,82.28624383011427,"rgba(239, 83, 80, 1.0)",0.0,0.0,6.177138276178228,81.57776896947803,0.4208137532142509,0.0,0.0,0.0,0.0,47.3345740867894,4.419898578094454,False,True,False,True,False,1.3365298055137345,0,0.9712959606921849,0.8839166438900261,False,False,False,False,-0.34282825441539394,-0.10825293546484001,False,False,False,False,-20043861,-21168514.599284463,False,False,False,False,786688.1108852178,False,False,False,False
2024-02-28 00:00:00+00:00,83.376304381,84.4006977108,83.2273017148,84.0561290453,672523,,,,,,,,,,,,,,,,,,,,,,,82.00756107225217,,82.28911341015072,"rgba(239, 83, 80, 1.0)",0.0,0.0,5.996576408892543,81.56008503778378,0.3028760444914668,0.0,0.0,0.0,0.0,42.48805062649184,-0.13411351597557086,False,True,False,True,False,0.0,0,0.9396763218185101,0.9109572092246387,False,False,False,False,-0.3217458896488171,-0.21499941255682856,False,False,False,False,-20716384,-21150783.987547815,True,False,False,False,782211.0477132485,True,False,False,False
2024-02-29 00:00:00+00:00,84.2796330446,84.3913850442,83.4414930474,83.8791883793,832473,,,,,,,,,,,,,,,,,,,,,,,82.03403496579597,,82.29359612983907,"rgba(239, 83, 80, 1.0)",0.0,0.0,5.8063257162931174,81.55352200323718,0.4695070815116509,0.0,0.0,0.0,0.0,41.15305777669977,-1.3596639533362094,False,True,False,True,False,1.4955975010242248,0,0.9269983521470839,0.9163566733907337,False,False,False,False,-0.3122741695649393,-0.26363679106088395,False,False,False,False,-19883911,-21101102.69391849,False,False,False,False,784182.1046656702,False,False,False,False
2024-03-01 00:00:00+00:00,84.5217623771,84.931519709,83.7115603799,84.5031370438,619908,,,,,,,,,,,,,,,,,,,,,,,82.05667857244096,,82.29758776239011,"rgba(239, 83, 80, 1.0)",0.0,0.0,5.613977703361311,81.55660936117798,0.528173279731174,0.0,0.0,0.0,0.0,40.76232180754596,-1.849816868371029,False,True,False,True,False,1.9288784571245898,0,0.9292252850037545,0.9175044322450941,False,False,False,False,-0.2753263930341099,-0.2694815920474969,False,False,False,False,-19264003,-21029059.568666786,False,False,False,False,777739.9829140753,False,False,False,False
2024-03-04 00:00:00+00:00,85.0991477084,85.5647810402,84.3261963777,84.3820723776,916872,,,,,,,,,,,,,,,,,,,,,,,82.09791607499903,,82.30517377104067,"rgba(239, 83, 80, 1.0)",0.0,0.0,5.418111525639855,81.57670958818495,0.6501228525005414,0.0,0.0,0.0,0.0,41.70283885193821,-1.849816868371029,False,True,False,True,False,2.9621377775326216,0,0.9191902467681747,0.9298537287369547,False,False,False,False,-0.21978513193675633,-0.2446333619921266,False,False,False,False,-18347131,-20923885.899307303,False,False,False,False,783196.1404468566,False,False,False,False
2024-03-05 00:00:00+00:00,85.1829617081,85.6765330398,84.8663310426,85.0153337087,670028,,,,,,,,,,,,,,,,,,,,,,,82.1298154448509,,82.31119318029847,"rgba(239, 83, 80, 1.0)",0.0,0.0,5.276644153596075,81.59452485407124,0.6800604227941368,0.0,0.0,0.0,0.0,42.508400093700345,-1.849816868371029,False,True,False,True,False,3.1127084616760214,0,0.9164839991471557,0.9431123684677241,False,False,False,False,-0.19131323526556296,-0.2179732986288448,False,False,False,False,-17677103,-20796561.079726625,False,False,False,False,778758.1741548231,False,False,False,False
2024-03-06 00:00:00+00:00,86.1142283716,86.5612363701,85.5508120402,85.9652257055,795744,,,,,,,,,,,,,,,,,,,,,,,82.17679281981248,,82.32033400045692,"rgba(239, 83, 80, 0.75)",0.0,0.0,5.14778451978777,81.6301863774582,0.8710624885143153,0.0,0.0,0.0,0.0,44.9822407352862,-1.849816868371029,False,True,False,True,True,4.776853997496438,0,0.9199176525560002,0.9332823474858865,False,False,False,False,-0.12392738289201277,-0.17095034076042878,False,False,False,False,-16881359,-20643023.743266758,False,False,False,False,779424.284972281,False,False,False,False
2024-03-07 00:00:00+00:00,87.4273143671,87.5390663667,86.2539183711,86.6636757031,422285,,,,,,,,,,,,,,,,,,,,,,,82.20753747585634,,82.32645128354945,#000000,0.0,0.0,5.002875249087762,81.65766066725551,1.1532675536725678,0.0,0.0,0.0,0.0,48.94929429379008,-7.824381541317507,False,True,False,False,True,7.0403682677493755,0,0.9104327394067779,0.9322291920426251,False,False,False,False,-0.05295018189060013,-0.11195026132551446,False,False,False,False,-16459074,-20478947.282746494,False,False,False,False,765418.8228165052,False,False,False,False
2024-03-08 00:00:00+00:00,87.5670043666,87.9674490319,87.4040327005,87.7439450327,396594,,,,,,,,,,,,,,,,,,,,,,,82.2394196263264,,82.33287350977808,"rgba(38, 166, 154, 0.5)",0.0,0.0,4.874220517916864,81.68744925364457,1.2062554599947037,0.0,0.0,0.0,0.0,51.82382885292878,-5.017284598874156,False,False,True,False,True,7.277332654217734,0,0.9175021373456623,0.9326023611520138,False,False,False,False,0.013206029737258878,-0.04937211579412779,False,False,False,False,-16062480,-20305752.48734467,False,False,False,False,750955.1042746814,False,False,False,False
2024-03-11 00:00:00+00:00,87.939511032,88.0605756983,86.9989317019,87.0920583683,349628,,,,,,,,,,,,,,,,,,,,,,,82.26732149997355,,82.33854379896428,"rgba(38, 166, 154, 0.5)",0.0,0.0,4.729985758146588,81.71288757930306,1.316414841624555,0.0,0.0,0.0,0.0,54.373854325078355,-2.5365619984476098,False,False,True,False,True,7.913846146983129,0,0.9065560638624641,0.9411159627544627,False,False,False,False,0.00014006176922278134,-0.024616027012452506,False,False,False,False,-15712852,-20125638.74274292,False,False,False,False,735216.7864599881,False,False,False,False
2024-03-12 00:00:00+00:00,88.0326376984,88.1723276979,87.5949423665,88.1350770314,273615,,,,,,,,,,,,,,,,,,,,,,,82.29002772097279,,82.34319483341336,"rgba(38, 166, 154, 0.5)",0.0,0.0,4.559335236721096,81.73378032164135,1.3815297734694654,0.0,0.0,0.0,0.0,56.23829637588229,-0.6836611038092784,False,False,True,False,True,8.074311155074248,0,0.9142296981583935,0.9426999001730444,False,False,False,False,0.04838151925539727,0.011882746121472382,False,False,False,False,-15439237,-19941858.282243196,False,False,False,False,717114.75561842,False,False,False,False
2024-03-13 00:00:00+00:00,88.9639043619,89.0290930283,88.0140123651,88.1071390315,782298,,,,,,,,,,,,,,,,,,,,,,,82.36228892882723,,82.35819463507185,"rgba(38, 166, 154, 1.0)",0.0,0.0,4.375958853311256,81.80254859449997,1.6365226473692944,0.0,0.0,0.0,0.0,59.056949728158635,2.0843663739871303,True,False,True,False,True,9.66887355440372,0,0.9222463717284582,0.9204874767110114,False,False,False,False,0.1534116827784337,0.08264721444995304,False,False,False,False,-14656939,-19734606.54568464,False,False,False,False,719670.9612804428,False,False,False,False
2024-03-14 00:00:00+00:00,87.3248750341,88.9639043619,87.0641203684,88.9639043619,335197,,,,,,,,,,,,,,,,,,,,,,,82.38847918199298,,82.36370200917615,"rgba(38, 166, 154, 0.5)",0.0,0.0,4.198292950641037,81.82467064015852,1.3101049542294712,0.0,0.0,0.0,0.0,56.92355528212218,2.0843663739871303,False,False,True,False,True,6.1946122957314955,0,0.9245957737002019,0.9160498454987694,False,False,False,False,0.11133131601949153,0.09698926523472229,False,False,False,False,-14992136,-19548627.308598965,False,False,False,False,704593.5510341509,False,False,False,False
2024-03-15 00:00:00+00:00,87.3993763672,87.8836350322,86.5798617034,87.0548077017,437926,,,,,,,,,,,,,,,,,,,,,,,82.41920249988995,,82.370222685672,"rgba(38, 166, 154, 0.5)",0.0,0.0,3.9689407086494612,81.84852347483917,1.3985728938363666,0.0,0.0,0.0,0.0,55.646756195550196,2.0843663739871303,False,False,True,False,False,6.3253156121763325,0,0.9329263394177008,0.921440535135636,False,False,False,False,0.032961540368848644,0.06497540280178546,False,False,False,False,-14554210,-19352767.806300968,False,False,False,False,694136.0000132038,False,False,False,False
2024-03-18 00:00:00+00:00,87.4645650337,87.660131033,86.7009263696,87.4738777003,256501,,,,,,,,,,,,,,,,,,,,,,,82.43697395395415,,82.3740243233453,"rgba(38, 166, 154, 0.5)",0.0,0.0,3.6889303577239443,81.86213852310193,1.5187130054834486,0.0,0.0,0.0,0.0,54.93305535723174,2.0843663739871303,False,False,True,False,False,6.4415960978267535,0,0.9351371168501146,0.9314168455573439,False,False,False,False,0.027854643097311806,0.046415022949548634,False,False,False,False,-14297709,-19154530.20605387,False,False,False,False,676973.843149941,False,False,False,False
2024-03-19 00:00:00+00:00,87.5763170333,88.0233250317,87.1013710349,87.2317483678,371751,,,,,,,,,,,,,,,,,,,,,,,82.46404028778628,,82.37985105777437,"rgba(38, 166, 154, 0.75)",0.0,0.0,3.4251302820616485,81.88357468882285,1.662051331095817,0.0,0.0,0.0,0.0,54.71006534736027,2.0843663739871303,True,False,True,False,False,6.6440581182701415,0,0.9369288270530026,0.9347364971222676,False,False,False,False,0.06597734427206396,0.0561961836108063,False,False,False,False,-13925958,-18949488.158757642,False,False,False,False,665004.319889159,False,False,False,False
2024-03-20 00:00:00+00:00,89.5226643599,89.5412896932,87.3062497009,87.3900637006,415517,,,,,,,,,,,,,,,,,,,,,,,82.50112745215432,,82.38788028262832,"rgba(38, 166, 154, 1.0)",0.0,0.0,3.2029801158838924,81.91643616521624,2.3747347531018796,0.0,0.0,0.0,0.0,58.19139269760071,2.0843663739871303,True,False,True,False,True,10.052711618779249,0,0.9338870749607089,0.9142102645747578,False,False,False,False,0.1853377930472302,0.12076698832901825,False,False,False,False,-13510441,-18736192.19174754,False,False,False,False,655220.5034229174,False,False,False,False
2024-03-21 00:00:00+00:00,89.8113570256,90.3607112304,89.3829743604,89.7368556925,413046,,,,,,,,,,,,,,,,,,,,,,,82.54371656427782,,82.39716203843659,"rgba(38, 166, 154, 1.0)",0.0,0.0,3.038240228618699,81.95621609450885,2.585424568175903,0.0,0.0,0.0,0.0,60.94664362907061,4.616913602798604,True,False,True,False,True,10.539221274560973,0,0.9745659617661222,0.8999478513903651,False,False,False,False,0.3428282426283812,0.2317976154786997,False,False,False,False,-13097395,-18515062.89011038,False,False,False,False,645723.4640729992,False,False,False,False
2024-03-22 00:00:00+00:00,88.9266536953,89.9603596918,88.8707776955,89.5319770266,317827,,,,,,,,,,,,,,,,,,,,,,,82.5734941203233,,82.40371567149595,"rgba(38, 166, 154, 1.0)",0.0,0.0,2.8499599541564113,81.9826454778482,2.43652834746839,0.0,0.0,0.0,0.0,60.30355553062664,4.616913602798604,True,False,True,False,True,8.581387339133226,0,0.9873592172365958,0.8939259892305564,False,False,False,False,0.28993573630226055,0.2608666758904801,False,False,False,False,-13415222,-18315069.129713897,False,False,False,False,632864.7792073914,False,False,False,False
2024-03-25 00:00:00+00:00,89.112907028,89.7368556925,89.0337493616,89.0384056949,2251100,,,,,,,,,,,,,,,,,,,,,,,82.77834355390205,,82.45005922480921,"rgba(38, 166, 154, 1.0)",0.0,0.0,2.6748052328631116,82.15801419350441,2.6001492553725356,0.0,0.0,0.0,0.0,60.2200371279431,4.616913602798604,True,False,True,False,True,8.906362768912395,0,1.0122763095311704,0.866835529314552,False,False,False,False,0.28648529923674815,0.2736759875636141,False,False,False,False,-11164122,-18034639.830509428,False,False,False,False,696324.9839443566,False,False,False,False
2024-03-26 00:00:00+00:00,89.3736616938,89.6064783597,89.1408450279,89.4667883601,271126,,,,,,,,,,,,,,,,,,,,,,,82.80246598157225,,82.45566295576171,"rgba(38, 166, 154, 1.0)",0.0,0.0,2.5121374164617363,82.17811593345535,2.864312164292091,0.0,0.0,0.0,0.0,60.66313305003668,5.026108149233018,True,False,True,False,True,9.365135168358126,0,1.008178563804054,0.8732571730700764,False,False,False,False,0.285159978452985,0.27941798300829956,False,False,False,False,-10892996,-17754575.366567884,False,False,False,False,679650.5139857543,False,False,False,False
2024-03-27 00:00:00+00:00,89.7554810258,89.802044359,89.112907028,89.2619096942,452634,,,,,,,,,,,,,,,,,,,,,,,82.84345813486134,,82.46524511289162,"rgba(38, 166, 154, 1.0)",0.0,0.0,2.3447920328718537,82.21242420561865,3.2169406559023344,0.0,0.0,0.0,0.0,61.687820386325534,6.334454607470725,True,False,True,False,True,10.038872993282016,0,1.0218101585380963,0.8499754563340921,False,False,False,False,0.29472439609714884,0.2870711895527242,False,False,False,False,-10440362,-17467743.46983973,False,False,False,False,670747.9055941562,False,False,False,False
2024-03-28 00:00:00+00:00,90.9661276883,91.2455076874,89.699605026,89.8672330254,397185,,,,,,,,,,,,,,,,,,,,,,,82.88474346805238,,82.47490976119055,"rgba(38, 166, 154, 1.0)",0.0,0.0,2.227550708863552,82.24870117136324,3.9134581683144756,0.0,0.0,0.0,0.0,64.37258950169547,9.141183069548056,True,False,True,False,True,12.126986168989419,0,1.0358726057336096,0.8268858649815979,False,False,False,False,0.34282824365688463,0.3149497166048044,False,False,False,False,-10043177,-17176584.00043425,False,False,False,False,660019.9485120325,False,False,False,False
2024-04-01 00:00:00+00:00,90.9009390219,91.2827583539,90.3328663572,90.9195643552,703677,,,,,,,,,,,,,,,,,,,,,,,82.95869918555888,,82.49239812235861,"rgba(38, 166, 154, 1.0)",0.0,0.0,2.1191229957668334,82.3134415257769,4.052382760829606,0.0,0.0,0.0,0.0,65.93663288427413,10.804900339684949,True,False,True,False,True,11.973377604422023,0,1.039877615182487,0.8299458430418545,False,False,False,False,0.3428282441564736,0.328888980380639,False,False,False,False,-10746854,-16924437.72590742,False,False,False,False,661731.9897468548,False,False,False,False
2024-04-02 00:00:00+00:00,89.8113570256,90.9242206885,89.6297600262,90.5191196899,397168,,,,,,,,,,,,,,,,,,,,,,,82.99609367860562,,82.50139135704579,"rgba(38, 166, 154, 0.75)",0.0,0.0,1.9658782769585887,82.34469807450904,3.7981288254747056,0.0,0.0,0.0,0.0,63.49104969863821,10.804900339684949,True,False,True,False,False,9.434484921160909,0,1.0283254333595389,0.8564947301417809,False,False,False,False,0.2892818674591096,0.3090854239198743,False,False,False,False,-11144022,-16697754.756263992,False,False,False,False,651356.9313254094,False,False,False,False
2024-04-03 00:00:00+00:00,90.2397396908,91.1430683544,89.597165693,89.6809796927,449215,,,,,,,,,,,,,,,,,,,,,,,83.03912339356832,,82.51181038312849,"rgba(38, 166, 154, 0.75)",0.0,0.0,1.90895705132013,82.38078703784949,4.116882906043217,0.0,0.0,0.0,0.0,62.709363305604114,10.804900339684949,True,False,True,False,False,10.193451745506707,0,1.001477150451983,0.8619146808954673,False,False,False,False,0.2985521708541489,0.3038187973870116,False,False,False,False,-10694807,-16462345.04033207,False,False,False,False,643429.7967636287,False,False,False,False
2024-04-04 00:00:00+00:00,89.9696723584,92.1860870175,89.7508246925,91.2082570208,857601,,,,,,,,,,,,,,,,,,,,,,,83.12330756068363,,82.53240773083549,"rgba(38, 166, 154, 0.75)",0.0,0.0,1.9005519395365482,82.95574494182883,3.6904686847345687,0.0,0.0,0.0,0.0,61.35452598305297,10.804900339684949,True,False,True,False,False,9.563734539322066,0,1.0044902453395919,0.8506638087659203,False,True,False,False,0.3428282443797751,0.32332352088339333,False,False,False,False,-11552408,-16269798.48973081,False,False,False,False,651828.6674787806,False,False,False,False
2024-04-05 00:00:00+00:00,90.4725563567,90.873001022,89.3550363605,89.6530416928,335158,,,,,,,,,,,,,,,,,,,,,,,83.15396903571252,,82.54003106154538,"rgba(38, 166, 154, 0.75)",0.0,0.0,1.8928550554675068,82.97454899619999,3.9612158040532672,0.0,0.0,0.0,0.0,61.51697451860981,10.804900339684949,True,False,True,False,False,10.470031419894244,0,0.9955488614702739,0.8781317949264473,False,False,False,False,0.25924572385593153,0.29128462236966246,False,False,False,False,-11217250,-16071659.333270779,False,False,False,False,639410.2099305931,False,False,False,False
2024-04-08 00:00:00+00:00,91.2920710205,91.5435130197,90.565683023,90.8078123555,292003,,,,,,,,,,,,,,,,,,,,,,,83.18383731286974,,82.54743623842992,"rgba(38, 166, 154, 0.75)",0.0,0.0,1.9212361955159203,83.00532084823953,4.313238628129834,0.0,0.0,0.0,0.0,63.17337722045308,10.804900339684949,True,False,True,False,False,11.922769866948368,0,1.0101968006264546,0.8739510902081333,False,False,False,False,0.34282824449555854,0.3170564334326105,False,False,False,False,-10925247,-15869839.241769964,False,False,False,False,625786.3977764522,False,False,False,False
2024-04-09 00:00:00+00:00,91.5993890195,92.0370843513,90.8264376888,91.6925156858,586984,,,,,,,,,,,,,,,,,,,,,,,83.24584981284652,,82.56289549484762,"rgba(38, 166, 154, 1.0)",0.0,0.0,1.9627482958241467,83.06906090065536,4.346114138523707,0.0,0.0,0.0,0.0,64.81170096619711,10.804900339684949,True,False,True,False,True,12.461509053733735,0,1.0113818478007512,0.8691580409622766,False,False,False,False,0.3428282449725587,0.3299423392025846,False,False,False,False,-10338263,-15652914.68326918,False,False,False,False,624264.7351185522,False,True,False,False
2024-04-10 00:00:00+00:00,89.0011550284,90.2769903574,88.2287624577,90.0627990248,962389,,,,,,,,,,,,,,,,,,,,,,,83.31749582151548,,82.58157131215627,"rgba(38, 166, 154, 0.75)",0.0,0.0,1.9644402933742129,83.09388468632447,3.007100985456237,0.0,0.0,0.0,0.0,58.918837249389696,13.804206691930332,True,False,True,False,False,6.459303913352336,0,0.9819045759327325,0.8824963657305264,False,False,False,False,0.1477227570910157,0.23883254814680016,False,False,False,False,-11300652,-15482237.71529784,False,False,False,False,637524.5102119423,False,False,False,False
2024-04-11 00:00:00+00:00,88.2933923642,89.0011550284,87.6135676998,89.0011550284,896097,,,,,,,,,,,,,,,,,,,,,,,83.37301783972697,,82.59659169364939,#000000,0.0,0.0,1.9579301047568018,83.10745860441381,2.6486817620235477,0.0,0.0,0.0,0.0,53.663732056590064,9.066905185545274,False,False,False,False,False,4.9345087984326845,0,0.963496458957103,0.9026347324810908,False,False,False,False,0.06719801989505053,0.15301528402092535,False,False,False,False,-12196749,-15353395.020580279,False,False,False,False,647664.6078506897,False,False,False,False
2024-04-12 00:00:00+00:00,86.6264250365,87.6694436996,86.2446057045,87.5390663667,701316,,,,,,,,,,,,,,,,,,,,,,,83.40303552160039,,82.60530692442254,"rgba(239, 83, 80, 1.0)",0.0,0.0,1.9474146178112854,83.09951787883763,1.8110715229334589,0.0,0.0,0.0,0.0,47.578513010728976,3.6982854777117495,False,True,False,True,False,1.4933262889792935,0,0.9506213757593586,0.9099328504625065,False,False,False,False,-0.046560780327384324,0.05322725184677051,False,False,False,False,-12898065,-15257107.568792816,False,False,False,False,649768.5840134077,False,False,False,False
2024-04-15 00:00:00+00:00,86.3749830374,87.9581363653,86.0350707052,87.2410610344,711784,,,,,,,,,,,,,,,,,,,,,,,83.4324761452718,,82.61399650314664,"rgba(239, 83, 80, 1.0)",0.0,0.0,1.9252372733305176,83.09672304830615,1.7027823190970677,0.0,0.0,0.0,0.0,43.180373822141746,-0.005697362279150298,False,True,False,True,False,0.9898101294733443,0,0.9578807770506622,0.8861084269132813,False,False,False,False,-0.04322369595990269,0.00500177794343391,False,False,False,False,-13609849,-15192509.19354604,False,False,False,False,652200.5611109211,False,False,False,False
2024-04-16 00:00:00+00:00,84.8942690425,86.1235410383,84.5962637102,85.9372877056,709058,,,,,,,,,,,,,,,,,,,,,,,83.44769278138543,,82.61934522418018,"rgba(239, 83, 80, 1.0)",0.0,0.0,1.912175304505281,83.07463975772983,0.951601707480972,0.0,0.0,0.0,0.0,38.439946886973644,-4.058311500090767,False,True,False,True,False,0.0,0,0.9478859715962439,0.9031222064052609,False,False,False,False,-0.18293075060950653,-0.08896448633303632,False,False,False,False,-14318907,-15158250.283995215,False,False,False,False,654430.2645967673,False,False,False,False
2024-04-17 00:00:00+00:00,84.7080157098,85.7603470395,84.139943045,85.2202123747,654813,,,,,,,,,,,,,,,,,,,,,,,83.45887759103766,,82.62362717696094,"rgba(239, 83, 80, 1.0)",0.0,0.0,1.9159569248393475,83.05455281777596,0.8629958589296992,0.0,0.0,0.0,0.0,35.07343188472305,-6.875017521015572,False,True,False,True,False,0.0,0,0.9553847577279551,0.9052975230674114,False,False,False,False,-0.21882332255146592,-0.15389390444225112,False,False,False,False,-14973720,-15151013.802269913,False,False,False,False,654445.2738282667,False,False,False,False
2024-04-18 00:00:00+00:00,84.7545790429,85.5740937068,84.1306303784,85.2854010411,718085,,,,,,,,,,,,,,,,,,,,,,,83.47051774258794,,82.62820074646523,"rgba(239, 83, 80, 1.0)",0.0,0.0,1.9117404560563271,83.03606512430405,0.8989263752575658,0.0,0.0,0.0,0.0,32.96860668105327,-8.646283014966116,False,True,False,True,False,0.0,0,0.9578681134375964,0.9007312470549119,False,False,False,False,-0.22746787760153028,-0.1906808910218907,False,False,False,False,-14255635,-15115900.90806325,False,False,False,False,656940.949364413,False,False,False,False
2024-04-19 00:00:00+00:00,85.8069103727,86.2539183711,84.8849563758,84.9780830422,351583,,,,,,,,,,,,,,,,,,,,,,,83.4796010900494,,82.63127732645471,"rgba(239, 83, 80, 1.0)",0.0,0.0,1.9053973300442213,83.03371287842086,1.4554431511745551,0.0,0.0,0.0,0.0,34.57634868581024,-8.646283014966116,False,True,False,True,False,0.0,0,0.9701146146695335,0.8859687791762594,False,False,False,False,-0.16476070057060194,-0.17772079579624633,False,False,False,False,-13904052,-15068377.421472535,False,False,False,False,644966.1278207105,False,False,False,False
2024-04-22 00:00:00+00:00,86.5984870366,86.9523683687,85.9559130388,86.4308590372,409046,,,,,,,,,,,,,,,,,,,,,,,83.49419606748556,,82.63585932848575,"rgba(239, 83, 80, 0.75)",0.0,0.0,1.902200548498058,83.03792598209216,1.8718116012106063,0.0,0.0,0.0,0.0,37.617092125748684,-8.646283014966116,False,True,False,True,True,1.5463847564316886,0,0.9906192971164128,0.8700825031117945,False,False,False,False,-0.08907724622378642,-0.13339902101001638,False,False,False,False,-13495006,-15006676.581414789,False,False,False,False,635714.3581022513,False,False,False,False
2024-04-23 00:00:00+00:00,87.3714383673,87.5297537001,86.6450503698,86.9151177022,606020,,,,,,,,,,,,,,,,,,,,,,,83.52039063551968,,82.6438179698425,"rgba(239, 83, 80, 0.75)",0.0,0.0,1.8930120067993403,83.05195635333244,2.2818038123650553,0.0,0.0,0.0,0.0,41.38114979267762,-17.395291215030205,False,True,False,True,True,3.0424051366665488,0,0.9927977544598365,0.8705412584888322,False,False,False,False,-0.035571544436949966,-0.08448528272348317,False,False,False,False,-12888986,-14923629.891947543,False,False,False,False,634549.8734707905,False,False,False,False
2024-04-24 00:00:00+00:00,86.4587970371,87.6694436996,85.9838510387,87.0082443686,348887,,,,,,,,,,,,,,,,,,,,,,,83.5333559605679,,82.64790584362618,"rgba(239, 83, 80, 0.75)",0.0,0.0,1.8804554972790697,83.0572271942409,1.8089073885454958,0.0,0.0,0.0,0.0,42.14112094222055,-16.558814243943132,False,True,False,True,True,1.1732358064143042,0,0.9693664201814354,0.8847532481306832,False,False,False,False,-0.057561265722810076,-0.07102327422314662,False,False,False,False,-13237873,-14857521.778537836,False,False,False,False,623347.407844485,False,False,False,False
2024-04-25 00:00:00+00:00,86.3470450375,86.6450503698,85.0060210421,85.7324090396,3247106,,,,,,,,,,,,,,,,,,,,,,,83.62341149062371,,82.67901904156321,"rgba(239, 83, 80, 0.75)",0.0,0.0,1.848811908795201,83.07644412005092,1.7690284781756933,0.0,0.0,0.0,0.0,42.440416369319195,-15.989666193414735,False,True,False,True,True,0.9459607489010473,0,1.0096500300160336,0.8954469161863999,False,False,False,False,-0.1426971541898327,-0.10686021420648967,False,False,False,False,-16484979,-14921343.63035988,False,False,False,False,726239.9016545053,False,False,False,False
2024-04-26 00:00:00+00:00,85.6914333064,86.6246036834,85.28611688,86.4455103787,3961611,,,,,,,,,,,,,,,,,,,,,,,83.71912570721797,,82.71472675168117,"rgba(239, 83, 80, 0.75)",0.0,0.0,1.8510824414608404,83.10663906463638,1.3963690562175854,0.0,0.0,0.0,0.0,41.431965228605264,-15.989666193414735,False,True,False,True,True,0.0,0,1.0015527627385012,0.9071437473025253,False,False,False,False,-0.13156622341395477,-0.11921321881022222,False,False,False,False,-20446590,-15138019.958581062,False,False,False,False,853117.1996288383,False,False,False,False
2024-04-29 00:00:00+00:00,85.0504677949,86.1815834034,84.5980215515,85.9647862451,666777,,,,,,,,,,,,,,,,,,,,,,,83.73022785817754,,82.71954687181703,"rgba(239, 83, 80, 0.75)",0.0,0.0,1.8720990718501767,83.1074926191803,1.0378591629766007,0.0,0.0,0.0,0.0,39.668740873214276,-15.989666193414735,False,True,False,True,True,0.0,0,0.9756556621367499,0.9391452955976589,False,False,False,False,-0.18033088475331,-0.1497720517817661,False,False,False,False,-21113367,-15372347.29353867,False,False,False,False,845809.7408198643,False,False,False,False
2024-04-30 00:00:00+00:00,84.1927051252,85.0881716485,84.1078714545,84.3812243932,1133254,,,,,,,,,,,,,,,,,,,,,,,83.73899780735844,,82.72510379411355,"rgba(239, 83, 80, 1.0)",0.0,0.0,1.909738498353237,83.09800311430645,0.5732208948175445,0.0,0.0,0.0,0.0,37.18108521823502,-15.989666193414735,False,True,False,True,False,0.0,0,0.9541234282798902,0.9571764087840925,False,False,False,False,-0.25011390240521963,-0.19994297709349287,False,False,False,False,-22246621,-15641926.654576369,False,False,False,False,857082.0647092814,False,False,False,False
2024-05-01 00:00:00+00:00,84.5037619175,85.587747709,83.9663877438,84.3246686128,502118,,,,,,,,,,,,,,,,,,,,,,,83.74399348644403,,82.72786919180834,"rgba(239, 83, 80, 1.0)",0.0,0.0,1.9382792030457876,83.27484895206413,0.6340226751155195,0.0,0.0,0.0,0.0,36.46358996296361,-15.989666193414735,False,True,False,True,False,0.0,0,0.9512375671923446,0.9509932187689971,False,False,False,False,-0.234147096029906,-0.21704503656169943,False,False,False,False,-21744503,-15881243.374004746,False,False,False,False,843161.9053089175,False,False,False,False
2024-05-02 00:00:00+00:00,84.7299850392,85.1682923375,83.9853339303,85.0033379779,778443,,,,,,,,,,,,,,,,,,,,,,,83.75116374120886,,82.73201431049799,"rgba(239, 83, 80, 1.0)",0.0,0.0,1.961921330546545,83.26889043461492,0.7447263974534895,0.0,0.0,0.0,0.0,36.683414136640835,-15.989666193414735,False,True,False,True,False,0.0,0,0.9514717181527458,0.9544113983748367,False,False,False,False,-0.2520133584343975,-0.23452919749804846,False,False,False,False,-20966060,-16080647.947573189,False,False,False,False,840623.9090222933,False,False,False,False
2024-05-03 00:00:00+00:00,85.9930641353,86.3041209277,85.2955428434,85.5500438553,486885,,,,,,,,,,,,,,,,,,,,,,,83.7618311778173,,82.73628250175409,"rgba(239, 83, 80, 0.75)",0.0,0.0,1.9631089125550567,83.29050586805178,1.376672608414143,0.0,0.0,0.0,0.0,40.29377889161474,-15.989666193414735,False,True,False,True,True,0.4279346140954914,1,0.9585972109822806,0.9541999733739437,False,False,False,False,-0.14490503987988976,-0.18971711868896912,False,False,False,False,-20479175,-16253139.204531103,False,False,False,False,826751.7949429877,False,False,False,False
2024-05-06 00:00:00+00:00,87.7085894749,87.8405529625,86.1156016596,86.4455103787,531087,,,,,,,,,,,,,,,,,,,,,,,83.78077830846655,,82.74293946369579,#000000,0.0,0.0,1.959021410647477,83.3303080030881,2.2349329354010585,0.0,0.0,0.0,0.0,46.165070568333206,-10.711550281213412,False,False,False,False,True,3.8007294385034633,0,0.9665548219968939,0.9246319233495616,False,False,False,False,-0.04478560794511313,-0.11725136331704113,False,False,False,False,-19948088,-16398039.15729459,False,False,False,False,815157.0971020863,False,False,False,False
2024-05-07 00:00:00+00:00,86.7754190979,88.1044799378,86.6717335004,88.038498194,311054,,,,,,,,,,,,,,,,,,,,,,,83.79165890383895,,82.74679648614855,#000000,0.0,0.0,1.9578441116972,83.34830259182668,1.750454229526194,0.0,0.0,0.0,0.0,48.034475120771184,-8.938358154513914,False,False,False,False,True,1.870923751284078,1,0.9861115019120197,0.9183461018926619,False,False,False,False,-0.010254081061749505,-0.06375272218939532,False,False,False,False,-20259142,-16549454.955047743,False,False,False,False,795388.3481961221,False,False,False,False
2024-05-08 00:00:00+00:00,87.5294961702,87.5577740604,86.3229728545,86.3418247813,391557,,,,,,,,,,,,,,,,,,,,,,,83.80506803042368,,82.75159074849898,#000000,0.0,0.0,1.9548275931375803,83.36740713339397,2.1291335621704164,0.0,0.0,0.0,0.0,50.66420212746839,-6.400899436379717,False,False,False,False,True,3.318427133622844,0,1.0139662465096861,0.9024592015632014,False,False,False,False,-0.05920121339183708,-0.0614769677906162,False,False,False,False,-19867585,-16679577.701908616,False,False,False,False,779551.8247374506,False,False,False,False
2024-05-09 00:00:00+00:00,87.8405529625,88.6229079251,87.5907649323,87.6520336944,778107,,,,,,,,,,,,,,,,,,,,,,,83.83836337531761,,82.76299549786404,"rgba(38, 166, 154, 1.0)",0.0,0.0,1.9544352620418015,83.41637361188342,2.263661240943144,0.0,0.0,0.0,0.0,52.969512290285145,-4.155520832970673,True,False,True,False,True,3.910713224505443,0,1.0205325681544377,0.8820475310333955,False,False,False,False,0.03802147122963856,-0.01172774828048882,False,False,False,False,-19089478,-16774083.595951416,False,False,False,False,779495.1649438251,False,False,False,False
2024-05-10 00:00:00+00:00,88.3684069132,88.8601594239,88.1327578281,88.3401290229,3098211,,,,,,,,,,,,,,,,,,,,,,,83.97916829320033,,82.81164514096199,"rgba(38, 166, 154, 1.0)",0.0,0.0,1.9537481436281707,83.58169404449816,2.4500153125227118,0.0,0.0,0.0,0.0,55.43331937578779,-1.7407325563137164,True,False,True,False,True,4.913494977857404,0,1.0220216044256836,0.875052135299632,False,False,False,False,0.05759674075790778,0.02293449623870948,False,False,False,False,-15991267,-16743384.905914105,False,False,False,False,870425.1976911261,False,False,False,False
2024-05-13 00:00:00+00:00,88.7077415957,89.0790302942,88.4626665472,88.5569261812,656603,,,,,,,,,,,,,,,,,,,,,,,84.00981455192355,,82.82238419740037,"rgba(38, 166, 154, 1.0)",0.0,0.0,1.9504436818611095,83.61391715568183,2.6116234410611896,0.0,0.0,0.0,0.0,57.661227305650954,0.46675476025416174,True,False,True,False,True,5.556071634005928,0,1.021675892316776,0.8774862864655567,False,False,False,False,0.07393959863530762,0.04843704743700855,False,False,False,False,-15334664,-16688140.948819436,False,False,False,False,862040.0134679447,False,False,False,False
2024-05-14 00:00:00+00:00,89.0753541685,89.3392811438,88.8397050834,89.1413359123,358995,,,,,,,,,,,,,,,,,,,,,,,84.02757673594303,,82.8285702059895,"rgba(38, 166, 154, 1.0)",0.0,0.0,1.9497264958430627,83.63295374150948,2.7913660908820037,0.0,0.0,0.0,0.0,59.77973043350288,2.594381438924387,True,False,True,False,True,6.252828736039504,0,1.016316950709672,0.8799924544164353,False,False,False,False,0.10486724997257699,0.07665214870479277,False,False,False,False,-14975669,-16620985.186120635,False,False,False,False,842312.7580378292,False,False,False,False
2024-05-15 00:00:00+00:00,89.7823014238,89.9896726187,89.3110032536,89.3110032536,551671,,,,,,,,,,,,,,,,,,,,,,,84.0578918660967,,82.83897638625305,"rgba(38, 166, 154, 1.0)",0.0,0.0,1.9522841690895136,83.66684746477388,3.1324609684655638,0.0,0.0,0.0,0.0,62.34239519578156,5.149419631153073,True,False,True,False,True,7.580238225382793,0,1.011720296961232,0.8685558762028027,False,False,False,False,0.1598303486463642,0.11824124867557848,False,False,False,False,-14423998,-16534828.82588061,False,False,False,False,830915.0420363457,False,False,False,False
2024-05-16 00:00:00+00:00,89.0282243514,89.9990985821,88.9952334795,89.7823014238,594166,,,,,,,,,,,,,,,,,,,,,,,84.08815649389845,,82.84957284970189,"rgba(38, 166, 154, 1.0)",0.0,0.0,1.9491373891641763,83.69859650990973,2.7343520631840637,0.0,0.0,0.0,0.0,61.77611914226887,5.149419631153073,True,False,True,False,True,5.880444344441052,0,1.002238846171458,0.8865810574247033,False,False,False,False,0.144737911896206,0.13148958028589225,False,False,False,False,-15018164,-16475351.773885291,False,False,False,False,821630.7658780576,False,False,False,False
2024-05-17 00:00:00+00:00,89.7540235336,89.857709131,89.018798388,89.3392811438,652575,,,,,,,,,,,,,,,,,,,,,,,84.12226632622216,,82.86153336496017,"rgba(38, 166, 154, 1.0)",0.0,0.0,1.9684081806260458,83.73428537084763,3.0581757493193393,0.0,0.0,0.0,0.0,62.66759177971387,5.845663332873173,True,False,True,False,True,7.2500754433244765,0,0.9940356473982457,0.904744881245237,False,False,False,False,0.13895088545963222,0.13522023287276225,False,False,False,False,-14365589,-16392615.978830967,False,False,False,False,815001.1280004866,False,False,False,False
2024-05-20 00:00:00+00:00,88.7831493029,89.9189778931,88.7642973761,89.4241148144,176316,,,,,,,,,,,,,,,,,,,,,,,84.1307548041097,,82.86457034978416,"rgba(38, 166, 154, 1.0)",0.0,0.0,1.9748641283067683,83.7426598790104,2.552322132769341,0.0,0.0,0.0,0.0,60.58510757190473,5.845663332873173,True,False,True,False,True,5.084022955437337,0,0.9728843329733725,0.911137197918576,False,False,False,False,0.12947996108098078,0.1323500969768715,False,False,False,False,-14541905,-16320039.077700341,False,False,False,False,789954.6523926245,False,False,False,False
2024-05-21 00:00:00+00:00,89.1978916927,89.9425428016,88.5475002178,88.7831493029,660559,,,,,,,,,,,,,,,,,,,,,,,84.16276708707905,,82.87605548653973,"rgba(38, 166, 154, 1.0)",0.0,0.0,1.985329889360002,83.77415841156798,2.7319053171966448,0.0,0.0,0.0,0.0,60.00025968587538,5.845663332873173,True,False,True,False,True,5.877512856505838,0,0.975848588346077,0.912627082433582,False,False,False,False,0.12003208053592081,0.12619108875639615,False,False,False,False,-13881346,-16224404.055045426,False,False,False,False,784880.3130831099,False,False,False,False
2024-05-22 00:00:00+00:00,89.0565022417,89.2073176561,88.481518474,88.6794637055,453184,,,,,,,,,,,,,,,,,,,,,,,84.18315034648286,,82.88352255621423,"rgba(38, 166, 154, 0.75)",0.0,0.0,1.985752485151914,83.7931525218014,2.650556783513703,0.0,0.0,0.0,0.0,59.21188248354335,5.845663332873173,True,False,True,False,False,5.559463847664112,0,0.9659808110811378,0.925515353372682,False,False,False,False,0.08106560625117992,0.10362834750378803,False,False,False,False,-14334530,-16150291.34700443,False,False,False,False,771872.6145308311,False,False,False,False
2024-05-23 00:00:00+00:00,89.1224839855,89.9142649114,88.4626665472,89.3015772902,841702,,,,,,,,,,,,,,,,,,,,,,,84.22253457529202,,82.8979182362756,"rgba(38, 166, 154, 0.75)",0.0,0.0,1.9842273095506875,83.83059409445525,2.6669776519924286,0.0,0.0,0.0,0.0,58.83207861973505,5.845663332873173,True,False,True,False,False,5.689255728762021,0,0.9596813055309981,0.9282302605812593,False,False,False,False,0.11451159973382254,0.10906997361880529,False,False,False,False,-13492828,-16046077.098102296,False,False,False,False,774611.0218041319,False,False,False,False
2024-05-24 00:00:00+00:00,89.9896726187,90.3761371182,89.2355955463,89.2355955463,1433773,,,,,,,,,,,,,,,,,,,,,,,84.2975155378761,,82.92501284785047,"rgba(38, 166, 154, 0.75)",0.0,0.0,1.989638927409593,83.90534927808847,3.0580037698262204,0.0,0.0,0.0,0.0,60.3938237622218,5.845663332873173,True,False,True,False,False,7.38416550834825,0,0.9834909118209546,0.9179083570625675,False,False,False,False,0.1752292506269239,0.1421496121228646,False,False,False,False,-12059055,-15889723.290333578,False,False,False,False,800460.5111451464,False,False,False,False
2024-05-28 00:00:00+00:00,90.5929342765,90.8568612518,90.0933582161,90.1687659233,998905,,,,,,,,,,,,,,,,,,,,,,,84.35452310862664,,82.94551379054023,"rgba(38, 166, 154, 1.0)",0.0,0.0,2.0057397212401225,84.4075871781588,3.083823405819015,0.0,0.0,0.0,0.0,62.534223817160765,7.190290960558535,True,False,True,False,True,8.537848500244689,0,1.0021226783726696,0.8921728769398715,False,False,False,False,0.24253933825102023,0.19234447518694242,False,False,False,False,-11060150,-15700328.259340106,False,False,False,False,808242.6479629839,False,False,False,False
2024-05-29 00:00:00+00:00,81.9870296886,87.5200702068,81.7890844571,87.5200702068,3325769,,,,,,,,,,,,,,,,,,,,,,,84.33706979400618,,82.952821786296,#000000,0.0,0.0,2.103838774435331,84.05719110139425,-0.9839924227795825,0.0,0.0,0.0,0.0,50.898613223956296,6.953526992436018,False,False,False,False,False,0.0,0,0.9159734519795306,0.9041624707612937,False,False,False,False,-0.3344490906931912,-0.07105230775312438,False,False,False,False,-14385919,-15648782.798189513,False,False,False,False,906969.1715722787,False,False,False,False
2024-05-30 00:00:00+00:00,82.5997173099,82.976755846,81.7419546401,82.6279952001,1238144,,,,,,,,,,,,,,,,,,,,,,,84.31636901804833,,82.9511239421028,"rgba(239, 83, 80, 1.0)",0.0,0.0,2.181032517640138,83.97834515478915,-0.6320987118435162,0.0,0.0,0.0,0.0,44.20093933266989,1.1395372873250764,False,True,False,True,False,0.0,0,0.9102983547702154,0.9706612347198937,False,False,False,False,-0.34282825441539394,-0.20694028108425916,False,False,False,False,-13147775,-15550704.061005613,False,False,False,False,919956.4197459149,False,False,False,False
2024-05-31 00:00:00+00:00,83.9947598937,84.0324637473,82.3734941882,82.9390519924,946385,,,,,,,,,,,,,,,,,,,,,,,84.30934447190008,,82.95242457315462,"rgba(239, 83, 80, 1.0)",0.0,0.0,2.1884597588015984,83.9470401056084,0.021805193309902868,0.0,0.0,0.0,0.0,42.02131261569603,-0.4375231282417502,False,True,False,True,False,0.0,0,0.9153892494448745,0.9767074757954627,False,False,False,False,-0.2753845333264859,-0.24116240720537252,False,False,False,False,-12201390,-15419358.411554413,False,False,False,False,920992.8346578397,False,False,False,False
2024-06-03 00:00:00+00:00,83.8345185158,84.3717984298,82.9861818094,83.466905943,525890,,,,,,,,,,,,,,,,,,,,,,,84.30669827727239,,82.95351379001434,"rgba(239, 83, 80, 1.0)",0.0,0.0,2.224522487748463,83.93379926048901,-0.044630137584941915,0.0,0.0,0.0,0.0,40.41299356340347,-1.7028435573123346,False,True,False,True,False,0.0,0,0.8960885793402829,0.9833176142541744,False,False,False,False,-0.23841607815178856,-0.23978924267858054,False,False,False,False,-12727280,-15313786.709140515,False,False,False,False,905498.6058477283,False,False,False,False
2024-06-04 00:00:00+00:00,82.5054576758,83.3443684188,81.8550662009,83.3443684188,902714,,,,,,,,,,,,,,,,,,,,,,,84.29315517077757,,82.95259074058163,"rgba(239, 83, 80, 1.0)",0.0,0.0,2.296271246812021,83.89478065879149,-0.6050343507633622,0.0,0.0,0.0,0.0,38.08381200314863,-3.8187376902885717,False,True,False,True,False,0.0,0,0.8825259387612854,0.9853424491668058,False,False,False,False,-0.3233292351225999,-0.2815592389005902,False,False,False,False,-13629994,-15247755.622507554,False,False,False,False,905389.4056184057,False,False,False,False
2024-06-05 00:00:00+00:00,81.8362142741,82.7882365779,81.4780276648,82.7128288707,520663,,,,,,,,,,,,,,,,,,,,,,,84.2830500102206,,82.95132316572541,"rgba(239, 83, 80, 1.0)",0.0,0.0,2.3842767978946857,83.86931308853327,-0.8527109001054316,0.0,0.0,0.0,0.0,35.93863632608581,-5.86196163383498,False,True,False,True,False,0.0,0,0.8775670669019519,0.9912671246810247,False,False,False,False,-0.34282825441539394,-0.31219374665799204,False,False,False,False,-14150657,-15204732.1471151,False,False,False,False,890302.0955941544,False,False,False,False
2024-06-06 00:00:00+00:00,81.5628613354,82.2132528103,81.1009891286,81.8739181278,811247,,,,,,,,,,,,,,,,,,,,,,,84.26465685153201,,82.94847863799188,"rgba(239, 83, 80, 1.0)",0.0,0.0,2.4735383608977277,83.82683219964336,-0.9152762294018731,0.0,0.0,0.0,0.0,34.262392366186134,-7.555479949914378,False,True,False,True,False,0.0,0,0.8725660893963325,0.9975497307597303,False,False,False,False,-0.34282825441539394,-0.327511000536693,False,False,False,False,-14961904,-15195209.474679215,False,False,False,False,887201.8957669328,False,False,False,False
2024-06-07 00:00:00+00:00,80.082985081,81.157544909,79.9698735201,80.8747660069,915073,,,,,,,,,,,,,,,,,,,,,,,84.23474427234503,,82.94233348355515,"rgba(239, 83, 80, 1.0)",0.0,0.0,2.6068517466531667,83.7653131003689,-1.4125575127532628,0.0,0.0,0.0,0.0,31.887997600413236,-9.971285890439326,False,True,False,True,False,0.0,0,0.8544660764469448,1.008568022241088,False,False,False,False,-0.34282825441539394,-0.3351696274760435,False,False,False,False,-15876977,-15221945.456064345,False,False,False,False,888294.8802466609,False,False,False,False
2024-06-10 00:00:00+00:00,79.6022609474,79.9698735201,78.9612954359,79.4985753499,622869,,,,,,,,,,,,,,,,,,,,,,,84.20996646477543,,82.93670338837195,"rgba(239, 83, 80, 1.0)",0.0,0.0,2.74454699586982,83.71770925034896,-1.4995000301114054,0.0,0.0,0.0,0.0,29.927205853925024,-12.023567099107652,False,True,False,True,False,0.0,0,0.8313436121478177,1.0415074711900443,False,False,False,False,-0.34282825441539394,-0.3389989409457187,False,False,False,False,-16499846,-15272059.202885352,False,False,False,False,877886.0221977722,False,False,False,False
2024-06-11 00:00:00+00:00,78.7256463508,79.1780925942,78.3190102895,79.1780925942,439299,,,,,,,,,,,,,,,,,,,,,,,84.18980782039861,,82.93185334558383,"rgba(239, 83, 80, 1.0)",0.0,0.0,2.9018313263195687,83.54203753894892,-1.659776412386314,0.0,0.0,0.0,0.0,27.94987097248712,-14.123248062688788,False,True,False,True,False,0.0,0,0.8099683888006194,1.0465931528200423,False,False,False,False,-0.34282825441539394,-0.3409135976805563,False,False,False,False,-16939145,-15337435.116497692,False,False,False,False,860686.5311311929,False,False,False,False
2024-06-12 00:00:00+00:00,80.0264293006,80.7616544461,79.696614841,80.035855264,579953,,,,,,,,,,,,,,,,,,,,,,,84.17030087255247,,82.92763222977142,"rgba(239, 83, 80, 1.0)",0.0,0.0,3.0073759411969463,83.54709297252096,-1.170676277512455,0.0,0.0,0.0,0.0,29.47034144091428,-14.123248062688788,False,True,False,True,False,0.0,0,0.8260790672481889,1.0219816229327419,False,False,False,False,-0.25856671646495694,-0.2997401570727566,False,False,False,False,-16359192,-15377504.013889939,False,False,False,False,849677.3730476168,False,False,False,False
2024-06-13 00:00:00+00:00,79.6211128742,79.8661879227,78.8764617653,79.8661879227,403017,,,,,,,,,,,,,,,,,,,,,,,84.15448501435364,,82.92395869789245,"rgba(239, 83, 80, 1.0)",0.0,0.0,3.1053990620687544,83.51800956697846,-1.2548779125934413,0.0,0.0,0.0,0.0,30.083188926186267,-14.123248062688788,False,True,False,True,False,0.0,0,0.8129155566511157,1.0344474369389836,False,False,False,False,-0.3068761499026342,-0.30330815348769535,False,False,False,False,-16762209,-15431806.170207981,False,False,False,False,832161.279986926,False,False,False,False
2024-06-14 00:00:00+00:00,78.7916280946,79.0461291065,78.3486078146,79.0084252529,425144,,,,,,,,,,,,,,,,,,,,,,,84.13535656609385,,82.91928294648197,"rgba(239, 83, 80, 1.0)",0.0,0.0,3.2155740438550726,83.47615991282503,-1.4568259832726027,0.0,0.0,0.0,0.0,29.689640072127382,-14.123248062688788,False,True,False,True,False,0.0,0,0.7935384072385445,1.0519068562373977,False,False,False,False,-0.34282825441539394,-0.3230682039515447,False,False,False,False,-17187353,-15500651.143925315,False,False,False,False,816199.8180266544,False,False,False,False
2024-06-17 00:00:00+00:00,78.9801473627,79.0555550699,78.5748309363,78.6973684606,399080,,,,,,,,,,,,,,,,,,,,,,,84.11798950294111,,82.91505109279342,"rgba(239, 83, 80, 1.0)",0.0,0.0,3.3252486901111866,83.44283454165534,-1.342061179432005,0.0,0.0,0.0,0.0,29.874057437967036,-14.123248062688788,False,True,False,True,False,0.0,0,0.7989741410071582,1.0349987392257296,False,False,False,False,-0.33599070065019654,-0.3295294523008706,False,False,False,False,-16788273,-15551146.118673343,False,False,False,False,799842.1781040404,False,False,False,False
2024-06-18 00:00:00+00:00,79.3289080087,79.6022609474,78.7162203874,78.9895733261,739728,,,,,,,,,,,,,,,,,,,,,,,84.08819963524472,,82.90789860062145,"rgba(239, 83, 80, 1.0)",0.0,0.0,3.4218306620474706,83.39349130723265,-1.1878388207850672,0.0,0.0,0.0,0.0,30.856106695116186,-14.123248062688788,False,True,False,True,False,0.0,0,0.7854360629297292,1.0379835007075242,False,False,False,False,-0.3161946016429829,-0.3228620269719268,False,False,False,False,-16048545,-15570651.957156742,False,False,False,False,797484.7593548624,False,False,False,False
2024-06-20 00:00:00+00:00,79.0744069967,79.713110277,78.66918483,79.2629262648,400419,,,,,,,,,,,,,,,,,,,,,,,84.07201635070699,,82.90397198600623,"rgba(239, 83, 80, 1.0)",0.0,0.0,3.525123971962564,83.36701625537108,-1.2177186654463183,0.0,0.0,0.0,0.0,31.195697268904084,-14.123248062688788,False,True,False,True,False,0.0,0,0.7808357031647806,1.0431930068580317,False,False,False,False,-0.3120816347342907,-0.3174718308531087,False,False,False,False,-16448964,-15605095.566680007,False,False,False,False,781913.5531056521,False,False,False,False
2024-06-21 00:00:00+00:00,78.9612954359,79.2205094295,78.607633289,78.8387579116,508602,,,,,,,,,,,,,,,,,,,,,,,84.0506906966377,,82.89870134082432,"rgba(239, 83, 80, 0.75)",0.0,0.0,3.6271562473362016,83.33145868966182,-1.2048456023837635,0.0,0.0,0.0,0.0,31.274552527765632,-14.123248062688788,False,True,False,True,True,0.0,0,0.8108010756068993,1.0456125222547474,False,False,False,False,-0.32926080686942394,-0.3233663188612663,False,False,False,False,-16957566,-15658133.622888634,False,False,False,False,771195.4529838618,False,False,False,False
2024-06-24 00:00:00+00:00,80.3280601295,80.4223197635,79.149814704,79.4702974597,1361335,,,,,,,,,,,,,,,,,,,,,,,84.00585466888802,,82.88833021223138,"rgba(239, 83, 80, 0.75)",0.0,0.0,3.6936079076296044,83.27328830765956,-0.7973851723881735,0.0,0.0,0.0,0.0,34.88831812826197,-14.123248062688788,False,True,False,True,True,0.0,0,0.8244508962755155,1.0085345733858402,False,False,False,False,-0.27577644569079923,-0.29957138227603275,False,False,False,False,-15596231,-15655706.069049865,False,False,False,False,794338.180317828,False,False,False,False
2024-06-25 00:00:00+00:00,79.9321696665,80.3940418733,79.371324844,80.0735591176,651586,,,,,,,,,,,,,,,,,,,,,,,83.98438789591948,,82.88327794274048,"rgba(239, 83, 80, 0.75)",0.0,0.0,3.76325191872779,83.24444089365456,-0.880161971265082,0.0,0.0,0.0,0.0,36.633517807179544,-18.44639898089989,False,True,False,True,True,0.0,0,0.8531145301643471,0.9990838832973595,False,False,False,False,-0.2699490562040119,-0.2847602192400223,False,False,False,False,-16247817,-15678926.105557714,False,False,False,False,788740.0555994818,False,False,False,False
2024-06-26 00:00:00+00:00,79.5645570938,79.6022609474,78.848183875,79.2817781916,575357,,,,,,,,,,,,,,,,,,,,,,,83.9630414165505,,82.8779951212144,"rgba(239, 83, 80, 0.75)",0.0,0.0,3.836514415725776,83.21292240940339,-0.9509583231718948,0.0,0.0,0.0,0.0,37.180631525395995,-17.72652804027034,False,True,False,True,True,0.0,0,0.8421814185274334,1.0097750640006322,False,False,False,False,-0.3099813916268213,-0.2973708054334218,False,False,False,False,-16823174,-15723798.57200643,False,False,False,False,780372.0926347963,False,False,False,False
2024-06-27 00:00:00+00:00,78.5182751559,79.6493907644,78.3014779976,79.6493907644,1435969,,,,,,,,,,,,,,,,,,,,,,,83.90476933612389,,82.8629693373195,"rgba(239, 83, 80, 0.75)",0.0,0.0,3.9281723812260463,82.99194064875624,-1.13886689755197,0.0,0.0,0.0,0.0,35.936732251844404,-17.72652804027034,False,True,False,True,True,0.0,0,0.8576122953142021,0.9864459515295817,True,False,False,False,-0.32544031596628836,-0.3114055606998551,False,False,False,False,-18259143,-15823223.843692452,False,False,False,False,806081.775276569,False,False,False,False
2024-06-28 00:00:00+00:00,79.0367031431,79.3854637891,78.5654049729,78.7822021312,1258951,,,,,,,,,,,,,,,,,,,,,,,83.8564577116961,,82.85044675682246,"rgba(239, 83, 80, 0.75)",0.0,0.0,4.000738536795212,82.92827066733884,-0.9727122851062829,0.0,0.0,0.0,0.0,36.53395422745322,-17.72652804027034,False,True,False,True,True,0.0,0,0.8658194606744264,0.9841745945533433,False,False,False,False,-0.32544031596628836,-0.3184229383330717,False,False,False,False,-17000192,-15869379.457665296,False,False,False,False,823841.3527167035,False,False,False,False
2024-07-01 00:00:00+00:00,78.3957376316,79.6823816363,78.3203299244,79.2487873197,311066,,,,,,,,,,,,,,,,,,,,,,,83.84419049343859,,82.84720812334598,"rgba(239, 83, 80, 0.75)",0.0,0.0,4.074693301095908,82.91060341938982,-1.108025918558219,0.0,0.0,0.0,0.0,35.92073226414354,-17.72652804027034,False,True,False,True,True,0.0,0,0.8622373818641026,0.9771398595827194,False,False,False,False,-0.3238291966222613,-0.3211260674776665,False,False,False,False,-17311258,-15925923.714227444,False,False,False,False,803732.5153552642,False,False,False,False
2024-07-02 00:00:00+00:00,79.4608714963,79.5551311304,78.4145895585,78.4145895585,1040447,,,,,,,,,,,,,,,,,,,,,,,83.80635738681681,,82.83733068699829,"rgba(239, 83, 80, 0.75)",0.0,0.0,4.133085804543859,82.86380228890788,-0.8233390143671199,0.0,0.0,0.0,0.0,38.3018304940599,-15.991843882999056,False,True,False,True,True,0.0,0,0.8535492119758828,0.9904314316536154,False,False,False,False,-0.3248542659048714,-0.3229901666912689,False,False,False,False,-16270811,-15939448.705826368,False,False,False,False,813015.4363217244,False,False,False,False
2024-07-03 00:00:00+00:00,80.0924110444,80.4317457269,79.6965205814,79.8944658129,254875,,,,,,,,,,,,,,,,,,,,,,,83.79901225544721,,82.8355262701457,"rgba(239, 83, 80, 0.5)",0.0,0.0,4.175886993715474,82.85878314147683,-0.6624633523943794,0.0,0.0,0.0,0.0,41.35326151302189,-13.029542065792697,False,False,False,True,True,0.0,1,0.8549940804188458,0.9906698637038146,False,False,False,False,-0.2590527926381271,-0.291021479664698,False,False,False,False,-16015936,-15942448.20755867,False,False,False,False,791127.5760738137,False,False,False,False
2024-07-05 00:00:00+00:00,78.9141656189,80.5825611414,78.8858877287,80.4317457269,461308,,,,,,,,,,,,,,,,,,,,,,,83.78361694477711,,82.83154322768837,"rgba(239, 83, 80, 0.5)",0.0,0.0,4.23773097742917,82.84169156661223,-0.9267992632450845,0.0,0.0,0.0,0.0,41.225534415481356,-13.029542065792697,False,False,False,True,True,0.0,1,0.8355747543126576,0.9976185163792901,False,False,False,False,-0.2789108620071853,-0.28496617083594167,False,False,False,False,-16477244,-15963420.591575976,False,False,False,False,778193.4750513112,False,False,False,False
2024-07-08 00:00:00+00:00,79.4137416793,79.4231676427,78.6313867168,79.1309627772,1210895,,,,,,,,,,,,,,,,,,,,,,,83.74090773161875,,82.82019135442374,"rgba(239, 83, 80, 0.5)",0.0,0.0,4.285216640640302,82.78824323035225,-0.7874751346405735,0.0,0.0,0.0,0.0,42.319507165666025,-11.950707365034738,False,False,False,True,True,0.0,1,0.839381826460887,1.0166288034068929,False,False,False,False,-0.322219700370661,-0.30359293560330136,False,False,False,False,-15266349,-15936084.45072986,False,False,False,False,795162.1623042009,False,False,False,False
2024-07-09 00:00:00+00:00,79.7436503984,79.7719282886,78.7822021312,79.3100560818,1127553,,,,,,,,,,,,,,,,,,,,,,,83.70419684991548,,82.8104765796302,"rgba(239, 83, 80, 0.5)",0.0,0.0,4.302967411462396,82.74672637383223,-0.6979081383308935,0.0,0.0,0.0,0.0,43.820439218509996,-10.412219449040336,False,False,False,True,True,0.0,1,0.8545407232043611,0.9964680035267136,False,False,False,False,-0.3067910703880096,-0.3051920029956555,False,False,False,False,-14138796,-15865602.550701238,False,False,False,False,808197.097115801,False,False,False,False
2024-07-10 00:00:00+00:00,80.3751899465,80.4694495805,79.7436503984,79.9792994835,4165143,,,,,,,,,,,,,,,,,,,,,,,83.59714523022836,,82.7830718126356,#000000,0.0,0.0,4.302629051814566,82.65379312835552,-0.529583925180478,0.0,0.0,0.0,0.0,46.25236289976651,-8.039301762157663,True,False,False,False,True,0.0,1,0.8633850320508342,0.9857136422055556,False,False,False,False,-0.2565143568070664,-0.28085317990136094,False,False,False,False,-9973653,-15634545.7055757,False,False,False,False,939842.0344838088,False,False,False,False
2024-07-11 00:00:00+00:00,80.7710804095,81.6288430792,80.5165793976,80.8276361899,1349776,,,,,,,,,,,,,,,,,,,,,,,83.57144097698855,,82.77694108683626,#000000,0.0,0.0,4.305591926489508,82.63943844683418,-0.4339375559117396,0.0,0.0,0.0,0.0,48.733058650980965,-5.6870941345839086,True,False,False,False,True,0.0,0,0.8825134602150323,0.9608868606174069,False,False,False,False,-0.1994958450087101,-0.24017451245503552,False,False,False,False,-8623877,-15359617.521043321,False,False,False,False,955917.8762687575,False,False,False,False
2024-07-12 00:00:00+00:00,81.6665469329,81.9116219814,81.0020165129,81.2046747261,1319111,,,,,,,,,,,,,,,,,,,,,,,83.55205913863324,,82.77281835176233,"rgba(38, 166, 154, 1.0)",0.0,0.0,4.2932070073690625,82.63518006277373,-0.2256199452323439,0.0,0.0,0.0,0.0,52.177408993761034,-2.4962188288536424,True,False,True,False,True,0.0,0,0.8939440980625016,0.9369190993985564,False,False,False,False,-0.1771977604079287,-0.2086861364314821,False,False,False,False,-7304766,-15043740.990806328,False,False,False,False,970160.7438660612,False,False,False,False
2024-07-15 00:00:00+00:00,81.7419546401,82.090715286,81.5628613354,81.8644921643,434567,,,,,,,,,,,,,,,,,,,,,,,83.54660027971323,,82.77176104345371,"rgba(38, 166, 154, 1.0)",0.0,0.0,4.274000210765034,82.63513052656515,-0.20897890557316287,0.0,0.0,0.0,0.0,54.61870479102822,-0.3045656842373461,True,False,True,False,True,0.0,0,0.9028690223894765,0.9407472342022603,False,False,False,False,-0.15588436145201834,-0.18228524894175022,False,False,False,False,-6870199,-14723209.932343336,False,False,False,False,949157.0676360197,False,False,False,False
2024-07-16 00:00:00+00:00,82.7222548341,82.7316807975,81.6571209695,82.0058816154,675994,,,,,,,,,,,,,,,,,,,,,,,83.54093174172999,,82.77108457751015,"rgba(38, 166, 154, 1.0)",0.0,0.0,4.238795619294699,82.64023877143924,0.019348907101683476,0.0,0.0,0.0,0.0,58.02773111699014,2.7837696745331186,True,False,True,False,True,0.0,0,0.9038567386197829,0.9244819622658027,False,False,False,False,-0.13484501775604324,-0.15856513334889671,False,False,False,True,-6194205,-14388739.150682813,False,False,False,True,938444.7904738229,False,False,False,True
2024-07-17 00:00:00+00:00,82.2415307005,82.7411067609,81.9210479448,82.2886605175,673624,,,,,,,,,,,,,,,,,,,,,,,83.5350068013662,,82.77029686112104,"rgba(38, 166, 154, 1.0)",0.0,0.0,4.1814829271185285,82.70022232168628,-0.10969592108376144,0.0,0.0,0.0,0.0,58.86396681270578,3.473282597346646,True,False,True,False,True,0.0,0,0.8953241055036177,0.9457742782880463,False,False,False,False,-0.12705382864800654,-0.14280948099845164,False,False,False,False,-6867829,-14093801.497714859,False,False,False,False,928059.6614356337,False,False,False,False
2024-07-18 00:00:00+00:00,81.7702325303,82.5148836392,81.5157315184,82.2415307005,646126,,,,,,,,,,,,,,,,,,,,,,,83.52769916539773,,82.76895358051867,"rgba(38, 166, 154, 1.0)",0.0,0.0,4.125114326519958,82.69089418749186,-0.22318451909878312,0.0,0.0,0.0,0.0,58.072004622805984,3.473282597346646,True,False,True,False,True,0.0,0,0.8767012301711756,0.9745170855840847,False,False,False,False,-0.1450790024654031,-0.14394424173192738,False,False,False,False,-7513955,-13835768.301726041,False,False,False,False,917003.4394185501,False,False,False,False
2024-07-19 00:00:00+00:00,81.9587517984,82.1095672129,81.1763968359,81.4403238112,575651,,,,,,,,,,,,,,,,,,,,,,,83.5204939348502,,82.76749566410926,"rgba(38, 166, 154, 1.0)",0.0,0.0,4.084784841732923,82.68321076676966,-0.17735547805801122,0.0,0.0,0.0,0.0,57.95860858883037,3.473282597346646,True,False,True,False,True,0.0,0,0.861626582850073,0.9848577753246359,False,False,False,False,-0.16645444848285398,-0.1551993451073907,False,False,False,False,-6938304,-13565279.505579922,False,False,False,False,903617.0692452736,False,False,False,False
2024-07-22 00:00:00+00:00,82.4583278588,82.6845509805,81.6194171158,82.2132528103,942142,,,,,,,,,,,,,,,,,,,,,,,83.51215679032072,,82.76629830472218,"rgba(38, 166, 154, 1.0)",0.0,0.0,4.029623988826177,82.68984986667215,-0.05745499046911963,0.0,0.0,0.0,0.0,58.96667228581777,3.8377381811972384,True,False,True,False,True,0.0,0,0.8737605080447525,0.9671021976986321,False,False,False,False,-0.13726624185887568,-0.14623279348313317,False,False,False,False,-5996162,-13268451.3681062,False,False,False,False,905127.8508434983,False,False,False,False
2024-07-23 00:00:00+00:00,82.439475932,82.6845509805,81.949325835,82.345216298,849802,,,,,,,,,,,,,,,,,,,,,,,83.50534244482391,,82.76544073995073,"rgba(38, 166, 154, 1.0)",0.0,0.0,3.976600008216712,82.69574409518773,-0.06444403828854371,0.0,0.0,0.0,0.0,59.57402287828381,4.642295651605281,True,False,True,False,True,0.0,0,0.8591190618391606,0.9837576933468172,False,False,False,False,-0.12785908676513455,-0.13704594012413385,False,False,False,False,-6845964,-13016589.118376546,False,False,False,False,902958.2096339493,False,False,False,False
2024-07-24 00:00:00+00:00,81.2989343601,82.4677538222,81.2423785797,82.392346115,480535,,,,,,,,,,,,,,,,,,,,,,,83.49923543115172,,82.76414157533463,"rgba(38, 166, 154, 0.75)",0.0,0.0,3.91760326360931,82.69010222622993,-0.3551068784969891,0.0,0.0,0.0,0.0,56.43744161697468,4.642295651605281,True,False,True,False,False,0.0,0,0.8444316774332957,0.9956247295270274,False,False,False,False,-0.15426131422328965,-0.14565362717371175,False,False,False,False,-7326499,-12793448.329420604,False,False,False,False,886392.5935698729,False,False,False,False
2024-07-25 00:00:00+00:00,81.9870296886,82.2980864809,80.7616544461,81.1763968359,517326,,,,,,,,,,,,,,,,,,,,,,,83.49275095986404,,82.76276240388331,"rgba(38, 166, 154, 0.75)",0.0,0.0,3.8281402028035956,82.6847427927282,-0.18225902583641457,0.0,0.0,0.0,0.0,56.07291426187281,4.642295651605281,True,False,True,False,False,0.0,0,0.8352445385170828,1.003225849213534,False,False,False,False,-0.17297733656442366,-0.1593154818690677,False,False,False,False,-6809173,-12558770.865521757,False,False,False,False,871919.3938220348,False,False,False,False
2024-07-26 00:00:00+00:00,82.3169384077,82.4771797856,81.902196018,82.4771797856,5031967,,,,,,,,,,,,,,,,,,,,,,,83.4504576801997,,82.75626300491379,"rgba(38, 166, 154, 0.75)",0.0,0.0,3.7218760378816973,82.6879703990908,-0.09968950809065112,0.0,0.0,0.0,0.0,56.60342349629093,4.642295651605281,True,False,True,False,False,0.0,0,0.8491045878516074,1.006562080285304,False,False,False,False,-0.13511396455468996,-0.14721472321187884,False,False,False,False,-1777206,-12135964.400207179,False,False,False,False,1035058.5156329355,False,False,False,False
2024-07-29 00:00:00+00:00,82.2226787737,82.6091432733,81.7513806035,82.4771797856,2169093,,,,,,,,,,,,,,,,,,,,,,,83.43255194489943,,82.75331218954008,"rgba(38, 166, 154, 0.75)",0.0,0.0,3.6733508634010588,82.68438337855416,-0.12569030893680608,0.0,0.0,0.0,0.0,56.648214978406756,4.642295651605281,True,False,True,False,False,0.0,0,0.84292103628073,1.0183726801721735,False,False,False,False,-0.13565191648166214,-0.1414333198467705,False,False,False,False,-3946299,-11814801.051179446,False,False,False,False,1079530.4561963498,False,False,False,False
2024-07-30 00:00:00+00:00,78.8189633885,81.3125087757,78.8189633885,81.2074168245,2569123,,,,,,,,,,,,,,,,,,,,79.65014518423331,,,83.36974810659946,,82.73412854874255,#000000,0.0,0.0,3.67295331326014,82.58909244091335,-1.026457112537311,0.0,0.0,0.0,0.0,49.30951408508268,4.023329548789114,True,False,False,False,False,0.0,0,0.808639949441139,1.0236805465666743,False,False,False,False,-0.25895680619740047,-0.20019506302208548,False,False,False,False,-6515422,-11606982.264858684,False,False,False,False,1137945.8500710027,False,False,False,False
2024-07-31 00:00:00+00:00,80.5673113037,81.150093942,79.3826383994,79.6405913705,920308,,,,,,,,,,,,,,,,,,,,79.83912551983344,,,83.35199167233189,,82.72889743897684,#000000,0.0,0.0,3.669481761091894,82.5667698760511,-0.5448885435408573,0.0,0.0,0.0,0.0,48.34831235072162,3.2343272259825895,True,False,False,False,False,0.0,0,0.812505709775859,1.0151520252837465,False,False,False,False,-0.24697885714718779,-0.22358696008463663,False,False,False,False,-5595114,-11371222.725060305,False,False,False,False,1129411.0324211596,False,False,False,False
2024-08-01 00:00:00+00:00,78.9527167809,80.8730333435,78.4463646525,80.8730333435,923006,,,,,,,,,,,,,,,,,,,,79.75229639744516,,,83.32883582895909,,82.72158981104238,"rgba(239, 83, 80, 0.5)",0.0,0.0,3.6882255998200684,82.53387805148873,-0.9709713176882214,0.0,0.0,0.0,0.0,45.31050727099708,0.43353285883515724,False,False,False,True,False,0.0,0,0.806085327596739,1.01977315024007,False,False,False,False,-0.2834260664521305,-0.2535065132683836,False,False,False,False,-6518120,-11180904.971136373,False,False,False,False,1121316.7174242514,False,False,False,False
2024-08-02 00:00:00+00:00,77.1279383558,78.1406426127,76.5642633449,77.9877815928,1138921,,,,,,,,,,,,,,,,,,,77.27761477113333,79.24458875680648,,,83.28513610702534,,82.7067767319224,"rgba(239, 83, 80, 1.0)",0.0,0.0,3.7513959475908183,82.46411987173597,-1.4224522259141754,0.0,0.0,0.0,0.0,41.17356850269639,-3.3363765058129786,False,True,False,True,False,0.0,0,0.7821934956253054,1.047247996208923,False,False,False,False,-0.34282825441539394,-0.2981673838418888,False,False,False,False,-7657041,-11042714.22717024,False,False,False,False,1122007.08144683,False,False,False,False
2024-08-05 00:00:00+00:00,75.5706667155,75.6853124804,73.5452582018,74.0993793989,777188,,,,,,,,,,,,,,,,,,74.93374579923334,76.32692415878664,78.71518825683218,,74.93374579923334,83.244182516153,,82.6923706309368,"rgba(239, 83, 80, 1.0)",0.0,0.0,3.8488122996376815,82.08231311678873,-1.6918586551757073,0.0,0.0,0.0,0.0,36.97212359759622,-7.085320999381935,False,True,False,True,False,0.0,0,0.7545434713914402,1.0492028713015045,True,False,False,False,-0.34282825441539394,-0.3204978191286414,False,False,False,False,-8434229,-10940420.68884984,True,False,False,False,1108484.7645273465,True,False,False,False
2024-08-06 00:00:00+00:00,77.3381222582,77.7202748079,75.4273595094,75.7617429904,1572646,,,,,,,,,,,,,,,,,,76.20188308707161,76.55306091565036,78.33968058159245,,76.20188308707161,83.1811467617664,,82.67046209662905,"rgba(239, 83, 80, 1.0)",0.0,0.0,3.9000478772963376,82.0514954096753,-1.2085423819829582,0.0,0.0,0.0,0.0,37.5316799804846,-7.085320999381935,False,True,False,True,False,0.0,0,0.7831251786152555,1.0306307113050774,False,False,False,False,-0.2538097337504879,-0.28715377643956463,False,False,False,False,-6861583,-10780466.26967926,False,False,False,False,1126687.1659184308,False,False,False,False
2024-08-07 00:00:00+00:00,76.6311400411,78.7903019473,76.2585413051,78.6756561823,741787,,,,,,,,,,,,,,,,,,76.44776283956033,76.67117057118409,78.2441552559149,,76.44776283956033,83.15367830182494,,82.66088528219923,"rgba(239, 83, 80, 1.0)",0.0,0.0,3.953645941146761,82.02474627553842,-1.3642107347816783,0.0,0.0,0.0,0.0,37.15141993732395,-7.085320999381935,False,True,False,True,False,0.0,0,0.7891048835679744,1.0235093457891968,False,False,False,False,-0.21206009114801902,-0.24960693379379184,False,False,False,False,-7603370,-10655874.259103602,False,False,False,False,1111593.041764767,False,False,False,False
2024-08-08 00:00:00+00:00,77.6820595529,77.7584900629,77.0121461332,77.0706154733,1008601,,,,,,,,,,,,,,,,,,76.70272068020951,76.82769511838177,78.16474240949749,,76.70272068020951,83.11833921306695,,82.64853233724772,"rgba(239, 83, 80, 1.0)",0.0,0.0,3.973573799027837,81.98901406253027,-1.0838994636727273,0.0,0.0,0.0,0.0,38.748148170107726,-7.085320999381935,False,True,False,True,False,0.0,0,0.7847658475597643,1.0398379348728097,False,False,False,False,-0.14898601197752726,-0.19929647288565955,False,False,False,False,-6594769,-10496615.229334835,False,False,False,False,1107554.1381661487,False,False,False,False
2024-08-09 00:00:00+00:00,77.9209048966,77.9591201515,77.4049989544,77.7489362492,668681,,,,,,,,,,,,,,,,,,76.85120397105761,76.93340821661963,78.13862642843978,,76.85120397105761,83.09629382727191,,82.6408132817002,"rgba(239, 83, 80, 0.75)",0.0,0.0,3.9744474215531946,81.96728765591732,-1.0180994563858148,0.0,0.0,0.0,0.0,40.225814423385714,-7.085320999381935,False,True,False,True,True,0.0,0,0.8570959896520743,1.037810202851169,False,False,False,False,-0.10709145326621788,-0.15319396307593872,False,False,False,False,-5926088,-10317378.867400136,False,False,False,False,1090343.4268655155,False,False,False,False
2024-08-12 00:00:00+00:00,77.7393824354,78.1310887989,77.3572298857,78.054658289,1380775,,,,,,,,,,,,,,,,,,77.05133995240801,77.08669779591368,78.09188963504192,,77.05133995240801,83.05118014669465,,82.6248888183087,"rgba(239, 83, 80, 0.5)",0.0,0.0,3.9878587940512125,81.91877346400233,-1.048028840649229,0.0,0.0,0.0,0.0,40.958523509230744,-7.085320999381935,False,False,False,True,True,0.0,0,0.8560967771383413,0.9672317550639215,False,False,False,False,-0.10251961658253379,-0.12785678982923626,False,False,False,False,-7306863,-10199319.42161974,False,False,False,False,1101732.90032177,False,False,False,False
2024-08-13 00:00:00+00:00,79.1820083108,79.2202235657,78.1693040539,78.3317188875,454073,,,,,,,,,,,,,,,,,,77.17550916956431,77.19052856000789,78.12047819610892,,77.17550916956431,83.0395901960941,,82.6208649813161,"rgba(239, 83, 80, 0.5)",0.0,0.0,3.980125444486753,81.91173682923275,-0.6858398200021447,0.0,0.0,0.0,0.0,43.998021409412175,-11.848437855169124,False,False,False,True,True,0.0,0,0.8519539102061771,0.9613153493016661,False,False,False,False,-0.03295284731798276,-0.08040481857360951,False,False,False,False,-6852790,-10068082.973713083,False,False,False,False,1076334.4728581712,False,False,False,False
2024-08-14 00:00:00+00:00,79.621483743,79.8125600179,79.248885007,79.2966540757,537503,,,,,,,,,,,,,,,,,,77.35505686739756,77.34440486671892,78.18147998428834,,77.35505686739756,83.02824802744153,,82.61700153353259,#000000,0.0,0.0,3.9739716971057284,81.90928089894004,-0.575695382432205,0.0,0.0,0.0,0.0,46.73396557226599,-9.164985237607425,True,False,False,False,True,0.0,0,0.8563457541677921,0.9568696757951689,False,False,False,False,0.07646291847678395,-0.00197095004841278,False,False,False,False,-6315287,-9920914.504155708,False,False,False,False,1055203.8268637331,False,False,False,False
2024-08-15 00:00:00+00:00,80.9303562259,81.3316164032,80.1851587539,80.2806968913,638292,,,,,,,,,,,,,,,,,,77.63899470947314,77.59284516373239,78.30760858287711,,77.63899470947314,83.01971426172786,,82.61430478072393,#000000,0.0,0.0,3.964148705358449,81.91852745142532,-0.2492770324659068,0.0,0.0,0.0,0.0,50.5107385829379,-5.575536028447878,True,False,False,False,True,0.0,0,0.8862598571402777,0.928007381382444,False,False,False,False,0.19802228722351461,0.09802566858755092,False,False,False,False,-5676995,-9754486.288306465,False,False,False,False,1038854.3434573122,False,False,False,False
2024-08-16 00:00:00+00:00,81.6946613255,81.7424303942,80.4908807937,81.0067867359,420762,,,,,,,,,,,,,,,,,,77.82732119244757,77.76028437526817,78.39945257140518,,77.82732119244757,83.01537656149885,,82.61301816155887,"rgba(38, 166, 154, 1.0)",0.0,0.0,3.95820334672754,81.92685261524676,-0.058660778491517004,0.0,0.0,0.0,0.0,54.04886089197064,-2.293280034790733,True,False,True,False,True,0.0,0,0.8966132770629492,0.9131351911566554,False,False,False,False,0.2300963187933111,0.164060993690431,False,False,False,False,-5256233,-9578084.198568957,False,False,False,False,1014615.4280276137,False,False,False,False
2024-08-19 00:00:00+00:00,82.5449507487,82.7742422785,81.8188609041,82.0194909928,2548870,,,,,,,,,,,,,,,,,,78.90670912395548,78.75063625062137,79.02177839547298,,78.90670912395548,83.00575316077318,,82.61163086878496,"rgba(38, 166, 154, 1.0)",0.0,0.0,3.949446233494993,82.00090010318368,0.13775365287980476,0.0,0.0,0.0,0.0,57.47013428757677,0.8413728845807569,True,False,True,False,True,0.6929806045108009,0,0.9207818202944704,0.8889125162708359,False,False,False,False,0.33951764184257555,0.25178931776650326,False,False,False,False,-2707363,-9308644.151566252,False,False,False,False,1074782.2739873151,False,False,False,False
2024-08-20 00:00:00+00:00,82.793349906,82.9748723672,82.2487825226,82.4016435425,809894,,,,,,,,,,,,,,,,,,79.17055017868084,79.00076713601423,79.19457147171595,,79.17055017868084,83.00415786539617,,82.61174516997714,"rgba(38, 166, 154, 1.0)",0.0,0.0,3.939020288164613,82.02215568250355,0.1957832575307169,0.0,0.0,0.0,0.0,60.05638025229507,3.197188616048365,True,False,True,False,True,1.135666211839105,0,0.9502482457762232,0.8742028543977146,False,False,False,False,0.3428282451531704,0.29730878145983686,False,False,False,False,-1897469,-9018009.831896989,False,False,False,False,1064394.4985368322,False,False,False,False
2024-08-21 00:00:00+00:00,82.793349906,83.1993869901,82.5258431212,82.9653185534,429904,,,,,,,,,,,,,,,,,,79.30211334725922,79.12647638554176,79.28390733160376,,79.30211334725922,83.00374079862996,,82.61197260686434,"rgba(38, 166, 154, 1.0)",0.0,0.0,3.9143862698314864,82.03357965197472,0.19409690348673533,0.0,0.0,0.0,0.0,61.780544228773934,4.808184366847868,True,False,True,False,True,1.135666211839105,0,0.9717710571165524,0.8530084749610277,False,False,False,False,0.3428282454348192,0.320068513447328,False,False,False,False,-1897469,-8738772.93652848,False,False,False,False,1039512.5182020544,False,False,False,False
2024-08-22 00:00:00+00:00,82.8984418572,83.0990719458,82.5545045624,82.8411189747,706288,,,,,,,,,,,,,,,,,,79.49953381449893,79.31661084080812,79.42196925018774,,79.49953381449893,83.00310636755368,,82.61236353209632,"rgba(38, 166, 154, 1.0)",0.0,0.0,3.860868181714968,82.05126802184414,0.2194257341828108,0.0,0.0,0.0,0.0,63.08033702754383,6.114748716274214,True,False,True,False,True,1.3290095691400445,0,0.9887649617926637,0.8470624153922712,False,False,False,False,0.3396141942505396,0.3298413538489338,False,False,False,False,-1191181,-8442788.939017558,False,False,False,False,1026444.890037268,False,False,False,False
2024-08-23 00:00:00+00:00,84.3410677326,84.481795409,83.0895181321,83.1755024558,1202755,,,,,,,,,,,,,,,,,,79.88648322457136,79.68888350894717,79.70326985024158,,79.88648322457136,83.00988864976453,,82.61614155081624,"rgba(38, 166, 154, 1.0)",0.0,0.0,3.8308974176288246,82.09617040244159,0.585997766431426,0.0,0.0,0.0,0.0,65.82066800085057,8.824909805074313,True,False,True,False,True,3.934627265488256,0,0.9876849383898125,0.8450621299640307,False,False,False,False,0.3428282463387571,0.3363348000938454,False,False,False,False,11574,-8111245.294350204,False,False,False,False,1033359.0119965909,False,False,False,False
2024-08-26 00:00:00+00:00,84.809204606,85.1913571558,84.6037976105,84.7900969785,2325624,,,,,,,,,,,,,,,,,,80.60059001042836,80.38261493010536,80.25488860691046,,80.60059001042836,83.03473466843933,,82.62818702997501,"rgba(38, 166, 154, 1.0)",0.0,0.0,3.7908723315439556,82.37666764196072,0.6416826395861616,0.0,0.0,0.0,0.0,68.1759664137975,11.157308658139826,True,False,True,False,True,4.757265055940316,0,1.0233585378450203,0.8208884296594731,False,False,False,False,0.34282824721215943,0.3395815236530024,False,False,False,False,2337198,-7701502.420061961,False,False,False,False,1084036.0703496658,False,False,False,False
2024-08-27 00:00:00+00:00,79.583268488,82.2774439638,78.9164122887,82.2487825226,3541402,,,,,,,,,,,,,,,,,80.25904158016665,80.53939306936267,80.36168000758302,80.25546954835761,,80.53939306936267,82.97934732696783,,82.60904604397656,"rgba(38, 166, 154, 0.75)",0.0,0.0,3.7385571260789145,82.18249908880236,-0.6952496680259346,0.0,0.0,0.0,0.0,59.92699976278402,17.454011162731078,True,False,True,False,False,0.0,0,0.9850248077245733,0.835268093300457,False,False,False,False,0.05400225546391115,0.19679188955845678,False,False,False,False,-1204204,-7446706.403588943,False,False,False,False,1180403.3617085025,False,False,False,False
2024-08-28 00:00:00+00:00,78.2266269364,79.4208536544,77.5100909056,79.248885007,1723407,,,,,,,,,,,,,,,,,79.64586470469314,80.36667616767402,80.21119206022549,80.13630809463581,,80.36667616767402,82.93517019462585,,82.59250657642683,"rgba(38, 166, 154, 0.75)",0.0,0.0,3.6841515891739647,81.93433036373058,-1.0063927440515283,0.0,0.0,0.0,0.0,52.929843514869894,11.183890982901126,True,False,True,False,False,0.0,0,0.9592350424803681,0.8784559997689331,False,False,False,False,-0.08305456021140023,0.056868664673528274,False,False,False,False,-2927611,-7269486.975997221,False,False,False,False,1201697.6220336594,False,False,False,False
2024-08-29 00:00:00+00:00,79.2584388207,79.884213621,78.6565485548,78.6565485548,969066,,,,,,,,,,,,,,,,,79.58687635128106,80.31919808470813,80.17239105551698,80.10621056284822,,80.31919808470813,82.91543695197244,,82.58519809224721,#000000,0.0,0.0,3.603924077921647,81.91615219772078,-0.7374498795084121,0.0,0.0,0.0,0.0,49.88668828723456,8.669939086292985,True,False,False,False,False,0.0,0,0.9679697987466481,0.8748158055267988,False,False,False,False,-0.03120873751538686,0.012829963579070708,False,False,False,False,-1958545,-7061214.741644389,False,False,False,False,1192574.8133264573,False,False,False,False
2024-08-30 00:00:00+00:00,79.8889905278,80.0084131996,79.1151316146,79.1151316146,537032,,,,,,,,,,,,,,,,,79.59353630283266,80.3040559622241,80.16123036420719,80.09802006571195,,80.3040559622241,82.90579439373577,,82.58165361953574,#000000,0.0,0.0,3.5021531677656346,81.91004737444742,-0.5770897930020693,0.0,0.0,0.0,0.0,48.81016316106196,7.806647511652031,False,False,False,False,False,0.0,0,0.9751966833361116,0.8743510091965534,False,False,False,False,-0.012495426893151904,0.00016726834295940213,False,False,False,False,-1421513,-6840049.967462257,False,False,False,False,1166867.2520195374,False,False,False,False
2024-09-03 00:00:00+00:00,78.6661023686,79.2011159383,78.3603803288,79.1151316146,631716,,,,,,,,,,,,,,,,,79.52091441202941,80.2623041629209,80.12504190736901,80.068672818523,,80.2623041629209,82.89129092047887,,82.57616905573633,"rgba(239, 83, 80, 0.5)",0.0,0.0,3.3803548947813473,81.88421190021083,-0.9520034528265097,0.0,0.0,0.0,0.0,46.57095456917658,5.6522161479154605,False,False,False,True,False,0.0,0,0.9558500161965243,0.8706747364127799,False,False,False,False,-0.0627092515410987,-0.03127099159906965,False,False,False,False,-2053229,-6652331.4981500115,False,False,False,False,1145880.928410928,False,False,False,False
2024-09-04 00:00:00+00:00,79.3444231444,79.621483743,78.2935036326,78.3412727013,470586,,,,,,,,,,,,,,,,,79.49494744271473,80.23934137036095,80.10567506181873,80.05308297974389,,80.23934137036095,82.88144255692377,,82.57245923036307,"rgba(239, 83, 80, 0.5)",0.0,0.0,3.2665211735860074,81.8702147520635,-0.7732359514727031,0.0,0.0,0.0,0.0,46.165467408038225,5.087135392565898,False,False,False,True,False,0.0,0,0.949765236940812,0.8842702701678007,False,False,False,False,-0.05132725890065888,-0.04129912524986427,False,False,False,False,-1582643,-6453520.1844970705,False,False,False,False,1119398.7743555973,False,False,False,False
2024-09-05 00:00:00+00:00,79.2679926345,79.8603290866,79.0960239871,79.659698998,634398,,,,,,,,,,,,,,,,,79.48847251054718,80.21801902728714,80.08856923911901,80.039571387656,,80.21801902728714,82.86936481931784,,82.56793077547339,"rgba(239, 83, 80, 0.5)",0.0,0.0,3.1178059928881905,81.85672939339631,-0.8303071983315478,0.0,0.0,0.0,0.0,45.790322361379324,4.384599437578352,False,False,False,True,False,0.0,0,0.957900835821427,0.8800160675845151,False,False,False,False,-0.017862529768565436,-0.02958082750921485,False,False,False,False,-2217041,-6287383.745889342,False,False,False,False,1100379.1361455738,False,False,False,False
2024-09-06 00:00:00+00:00,78.6565485548,79.6119299292,78.0451044752,79.0673625458,1214850,,,,,,,,,,,,,,,,,79.39884646127692,80.15027570571003,80.02948075176596,79.99065036422084,,80.15027570571003,82.84225613579916,,82.55755431794806,"rgba(239, 83, 80, 1.0)",0.0,0.0,2.997121260194457,81.81366846825824,-1.0533841107427893,0.0,0.0,0.0,0.0,44.6768789242911,2.8978582373470587,False,True,False,True,False,0.0,0,0.9553754437907166,0.8778036440537098,False,False,False,False,-0.059631559593724355,-0.0446061935514696,False,False,False,False,-3431891,-6175403.638207408,False,False,False,False,1104868.1896300612,False,False,False,False
2024-09-09 00:00:00+00:00,79.3157617032,79.621483743,78.838071016,78.9240553397,663004,,,,,,,,,,,,,,,,,79.38988288928806,80.12805431027759,80.01105767897276,79.97555545724536,,80.12805431027759,82.82936495315028,,82.55264091491219,"rgba(239, 83, 80, 1.0)",0.0,0.0,2.843154592289235,81.79832039490101,-0.8731704911276467,0.0,0.0,0.0,0.0,45.159318269775824,2.8978582373470587,False,True,False,True,False,0.0,0,0.9716949391785475,0.8750756003414027,False,False,False,False,-0.03381776683251754,-0.03921198019199357,False,False,False,False,-2768887,-6041814.750434568,False,False,False,False,1087540.1821935882,False,False,False,False
2024-09-10 00:00:00+00:00,79.1915621245,79.3730845856,78.0679562423,79.3062078894,780329,,,,,,,,,,,,,,,,,79.35407705300591,80.09242681059659,79.98005269525864,79.94954461439758,,80.09242681059659,82.81270506511983,,82.5462102508974,"rgba(239, 83, 80, 1.0)",0.0,0.0,2.6807070524806482,81.7746885982138,-0.9635989398108437,0.0,0.0,0.0,0.0,45.280172166622364,2.5372090755723775,False,True,False,True,False,0.0,0,0.9578441145673902,0.8763023461371615,False,False,False,False,-0.0665913352463461,-0.05290165771916983,False,False,False,False,-3549216,-5944065.779829291,False,False,False,False,1075492.6848526632,False,False,False,False
2024-09-11 00:00:00+00:00,80.5864189311,80.7297261373,79.0004858496,79.0769163596,909708,,,,,,,,,,,,,,,,,79.41068881057606,80.09284846594072,79.9839306718643,79.95373697684921,,80.09284846594072,82.79946521800211,,82.5412416560097,#000000,0.0,0.0,2.492572533142102,81.76907663518539,-0.4744727338363729,0.0,0.0,0.0,0.0,47.88332763483021,2.5372090755723775,False,False,False,False,False,0.0,0,0.9747134110657704,0.8619608694131596,False,False,False,False,0.006975719623488215,-0.022962969047840807,False,False,False,False,-2639508,-5814475.278659515,False,False,False,False,1068991.3246623627,False,False,False,False
2024-09-12 00:00:00+00:00,81.3316164032,81.4558159819,80.2998045188,80.7297261373,835482,,,,,,,,,,,,,,,,,79.51541640255412,80.11969637580705,80.01277442364719,79.97963876343621,,80.11969637580705,82.79154885670606,,82.53841971773932,#000000,0.0,0.0,2.238361603536852,81.77679775908146,-0.1988871481614163,0.0,0.0,0.0,0.0,50.7989388840095,2.5372090755723775,False,False,False,False,True,0.0,0,0.9920181982550731,0.8501546731333234,False,False,False,False,0.07210378566086532,0.02457040830651226,False,False,False,False,-1804026,-5657202.75792777,False,False,False,False,1059834.0962442309,False,False,False,False
2024-09-13 00:00:00+00:00,81.7424303942,82.8602266022,81.3984930994,81.7615380217,849211,,,,,,,,,,,,,,,,,79.6687762853764,80.17296174804083,80.06700803429386,80.02793000508942,,80.17296174804083,82.78796926063993,,82.53740108853368,"rgba(38, 166, 154, 1.0)",0.0,0.0,1.9056940649909089,81.79698355650963,-0.02862640090653332,0.0,0.0,0.0,0.0,53.375377361464686,-3.2483954236818278,True,False,True,False,True,0.09434521986591804,0,0.9918776485527809,0.8423231333085996,False,False,False,False,0.15350811896188057,0.08903926363419641,False,False,False,False,-954815,-5472795.394871779,False,False,False,False,1051574.3669797513,False,False,False,False
2024-09-16 00:00:00+00:00,83.0035338084,83.1372872008,81.9335066691,82.2392287089,507042,,,,,,,,,,,,,,,,,79.77619856921591,80.21484232725311,80.1090790766877,80.06540028877326,,80.21484232725311,82.78770920226974,,82.53757502067148,"rgba(38, 166, 154, 1.0)",0.0,0.0,1.921079802642644,81.8136814337079,0.6193664485230281,0.0,0.0,0.0,0.0,56.8729155819169,0.2127606136051554,True,False,True,False,True,2.2654159272367984,0,1.00810976953634,0.8371819279368898,False,False,False,False,0.18030512602129087,0.13467219482774365,False,False,False,False,-447773,-5275735.6931121005,False,False,False,False,1030220.1565099572,False,False,False,False
2024-09-17 00:00:00+00:00,83.7965003491,84.1882067127,83.1755024558,83.1755024558,997858,,,,,,,,,,,,,,,,,80.03400400894266,80.32592076294432,80.21951471848602,80.16385688138242,,80.32592076294432,82.79262660207048,,82.5401968369181,"rgba(38, 166, 154, 1.0)",0.0,0.0,1.9447682236287007,81.86005347302736,0.9957211623190051,0.0,0.0,0.0,0.0,60.18949149965629,3.4126941045657375,True,False,True,False,True,3.5933487783222233,0,1.026623582683139,0.8057700952852755,False,False,False,False,0.2575100752192337,0.19609113502348868,False,False,False,False,550085,-5047272.136519469,False,False,False,False,1028951.052333096,False,False,False,False
2024-09-18 00:00:00+00:00,82.9939799946,84.0353456927,82.8124575335,83.8060541629,757156,,,,,,,,,,,,,,,,,80.18742664681493,80.3952985620247,80.28893895013994,80.22629149349747,,80.3952985620247,82.79457162551557,,82.54144036210604,"rgba(38, 166, 154, 1.0)",0.0,0.0,1.922905999260832,81.88707729531431,0.5756405667833886,0.0,0.0,0.0,0.0,60.542002753275476,3.8430721072061047,True,False,True,False,True,2.138948372565686,0,1.0193604451690619,0.8134080839987906,False,False,False,False,0.23990674038564697,0.21799893770456782,False,False,False,False,-207071,-4857460.327244196,False,False,False,False,1018292.4228298374,False,False,False,False
2024-09-19 00:00:00+00:00,84.8378660473,85.1149266458,83.7638263061,84.2837448501,885923,,,,,,,,,,,,,,,,,80.41717221797865,80.50698634268569,80.39966447734004,80.32582174949472,,80.50698634268569,82.80282375486819,,82.54542333602504,"rgba(38, 166, 154, 1.0)",0.0,0.0,1.950683992049394,81.933451647055,1.4889210205665433,0.0,0.0,0.0,0.0,63.02669645107251,6.36086353495336,True,False,True,False,True,5.16865480160552,0,1.0083063550915412,0.8011944388562907,False,False,False,False,0.31016696451043985,0.26408295110750385,False,False,False,False,678852,-4640350.039901287,False,False,False,False,1013101.4650718046,False,False,False,False
2024-09-20 00:00:00+00:00,85.8983393728,86.0512003927,84.6563435861,85.0480499496,1665402,,,,,,,,,,,,,,,,,80.87608938277285,80.74764222216989,80.6376669278154,80.5408446266422,,80.74764222216989,82.82646272965104,,82.55640643424783,"rgba(38, 166, 154, 1.0)",0.0,0.0,2.0381422290913167,82.03492827488904,1.895555198634697,0.0,0.0,0.0,0.0,65.74188984189551,9.057937370009853,True,False,True,False,True,6.832160291049963,0,1.0118585078747555,0.8052732082998739,False,False,False,False,0.3428282475181687,0.3034555993128363,False,False,False,False,2344254,-4366443.9991208445,False,False,False,False,1038681.8782062437,False,False,False,False
2024-09-23 00:00:00+00:00,85.9747698828,86.2136152264,85.4875253818,86.0512003927,569584,,,,,,,,,,,,,,,,,81.0253315160295,80.83049187124979,80.71964769834368,80.61533271973693,,80.83049187124979,82.83550611662764,,82.56059181582322,"rgba(38, 166, 154, 1.0)",0.0,0.0,2.130910502502849,82.06979977227593,1.832535953967806,0.0,0.0,0.0,0.0,67.62703389899542,10.959068410621512,True,False,True,False,True,6.951376171279001,0,1.0198556244291421,0.8089939765193935,False,False,False,False,0.342828247823148,0.32314192356799215,False,False,False,False,2913838,-4080942.7442533607,False,False,False,False,1020285.8829824695,False,False,False,False
2024-09-24 00:00:00+00:00,86.079861834,86.3874946365,85.7263707254,85.8123550491,535834,,,,,,,,,,,,,,,,,81.16254376041817,80.90860870717722,80.79696611127981,80.68576959709851,,80.90860870717722,82.84444277243813,,82.56472312840727,"rgba(38, 166, 154, 1.0)",0.0,0.0,2.223867466203264,82.10270929871564,1.7883945854356256,0.0,0.0,0.0,0.0,68.99505754705521,12.409413423458759,True,False,True,False,True,7.117942111515905,0,1.0153998130875213,0.8094149168296227,False,False,False,False,0.34282824794204636,0.3329850857550193,False,False,False,False,3449672,-3785624.518988523,False,False,False,False,1001287.7699243334,False,False,False,False
2024-09-25 00:00:00+00:00,85.4588639406,86.2136152264,85.4588639406,86.0703080202,451122,,,,,,,,,,,,,,,,,81.26446368625739,80.96819581753935,80.85608644834004,80.73986187066618,,80.96819581753935,82.85110512413483,,82.56784258900568,"rgba(38, 166, 154, 1.0)",0.0,0.0,2.2945936726781975,82.12741315816498,1.4518695933413865,0.0,0.0,0.0,0.0,68.22128075844714,12.409413423458759,True,False,True,False,True,5.923578592964379,0,1.0104805167080388,0.8198078495102873,False,False,False,False,0.3286080939483958,0.33079658985170757,False,False,False,False,2998550,-3519578.4594203457,False,False,False,False,979712.6416920066,False,False,False,False
2024-09-26 00:00:00+00:00,86.7199673548,87.1881042283,85.8983393728,85.9747698828,2371237,,,,,,,,,,,,,,,,,81.82695833582714,81.31317741889947,81.19788048238556,81.05381827529301,,81.31317741889947,82.8963852781066,,82.58876200251389,"rgba(38, 166, 154, 1.0)",0.0,0.0,2.3973561362938893,82.27396650201898,1.8545433385855508,0.0,0.0,0.0,0.0,69.21696001370596,13.023978468438237,True,False,True,False,True,7.944581094117847,0,1.0067574126485508,0.8029155444128989,False,False,False,False,0.3428282482059578,0.3368124190288327,False,False,False,False,5369787,-3170975.892384254,False,False,False,False,1034282.2243707514,False,False,False,False
2024-09-27 00:00:00+00:00,86.3951376875,87.5224877093,86.1371847164,87.1403351596,420839,,,,,,,,,,,,,,,,,81.91614819670133,81.37092675639471,81.25520160610543,81.1068371407207,,81.37092675639471,82.90448447419298,,82.59252818981082,"rgba(38, 166, 154, 1.0)",0.0,0.0,2.4742467135326778,82.29852884135248,1.6556994190358914,0.0,0.0,0.0,0.0,68.99963598259416,13.11129484152027,True,False,True,False,True,7.31161990770611,0,1.0154464781810655,0.7963535363358075,False,False,False,False,0.34282824835166203,0.33982033369024733,False,False,False,False,4948948,-2852547.5044476166,False,False,False,False,1010225.6273366043,False,False,False,False
2024-09-30 00:00:00+00:00,86.1753999714,86.6339830311,85.707263098,86.414245315,455756,,,,,,,,,,,,,,,,,81.99912076901953,81.42618252409764,81.31020726591542,81.15796506867358,,81.42618252409764,82.91203239121208,,82.59608903186904,"rgba(38, 166, 154, 1.0)",0.0,0.0,2.548869013865107,82.32165376036829,1.511943607171826,0.0,0.0,0.0,0.0,68.24041170319384,13.11129484152027,True,False,True,False,True,6.880308075057815,0,1.0142208280518068,0.8028805265527552,False,False,False,False,0.30335526301436283,0.3215877983523051,False,False,False,False,4493192,-2564479.2885869257,False,False,False,False,988481.7203822277,False,False,False,False
2024-10-01 00:00:00+00:00,87.1785504145,87.3457421551,85.7407014461,86.2900457363,1340855,,,,,,,,,,,,,,,,,82.25710020287323,81.60069993275533,81.48369677210769,81.31938034550943,,81.60069993275533,82.93797152249124,,82.60822480193276,"rgba(38, 166, 154, 1.0)",0.0,0.0,2.6457173001834318,82.39624475122646,1.8075648758625755,0.0,0.0,0.0,0.0,69.05351961137922,13.780738139640022,True,False,True,False,True,8.503480024658433,0,1.0086100765198336,0.8024724311212172,False,False,False,False,0.325546106183434,0.3235669522678696,False,False,False,False,5834047,-2235125.3164854776,False,False,False,False,1002300.2803672383,False,False,False,False
2024-10-02 00:00:00+00:00,86.9779203259,88.0766089065,86.786844051,87.0639046496,862600,,,,,,,,,,,,,,,,,82.42648688222393,81.71789534432217,81.60013423339029,81.42796177016834,,81.71789534432217,82.95674623421068,,82.61697918504134,"rgba(38, 166, 154, 1.0)",0.0,0.0,2.7216887259183573,82.44723638734669,1.6646591123400998,0.0,0.0,0.0,0.0,68.99487115905383,14.074576448379247,True,False,True,False,True,8.099375666143214,0,1.018106019022212,0.7941794576672839,False,False,False,False,0.3428282486364293,0.3331976004521494,False,False,False,False,4971447,-1952514.6374076155,False,False,False,False,996821.8379998957,False,False,False,False
2024-10-03 00:00:00+00:00,87.1498889733,87.4173957581,86.3091533638,86.5002296387,1382482,,,,,,,,,,,,,,,,,82.65886659265949,81.88566309839624,81.76726418305495,81.58484476664256,,81.88566309839624,82.98428663192564,,82.62997854705485,"rgba(38, 166, 154, 1.0)",0.0,0.0,2.7982595766801572,82.52005072776674,1.6545420889887812,0.0,0.0,0.0,0.0,69.19931742464848,14.643442851210168,True,False,True,False,True,8.381351514495048,0,1.0211990796938182,0.799771408507631,False,False,False,False,0.31031846988997536,0.3217580351710624,False,False,False,False,6353929,-1626771.7496661404,False,False,False,False,1011945.7659214684,False,False,False,False
2024-10-04 00:00:00+00:00,87.5511491506,88.0670550927,87.2836423657,87.3791805032,1127048,,,,,,,,,,,,,,,,,82.85847396520799,82.0318586654422,81.91273232656323,81.72156397916112,,82.0318586654422,83.01022607378444,,82.6421624881577,"rgba(38, 166, 154, 1.0)",0.0,0.0,2.883520636157333,82.58500980093332,1.7222485899336943,0.0,0.0,0.0,0.0,69.91134830117541,15.675759432591647,True,False,True,False,True,9.043250469638128,0,1.0391888180352402,0.7852528457264047,False,False,False,False,0.34282824874422996,0.33229314195764614,False,False,False,False,7480977,-1269605.1320321742,False,False,False,False,1016459.5790225873,False,False,False,False
2024-10-07 00:00:00+00:00,86.8346131198,87.5320415231,86.3473686188,87.3027499932,789085,,,,,,,,,,,,,,,,,82.96902779272057,82.11710820119787,81.99791500446771,81.80230454754623,,82.11710820119787,83.02537819862266,,82.64941653450451,"rgba(38, 166, 154, 0.75)",0.0,0.0,2.940701663923537,82.62249490784801,1.4323514226642444,0.0,0.0,0.0,0.0,67.9981491336217,15.675759432591647,True,False,True,False,False,7.548762774858599,0,1.0108446474922468,0.7963473224140553,False,False,False,False,0.3016520072575349,0.31697257460759054,False,False,False,False,6691892,-957389.558226991,False,False,False,False,1007542.9288648388,False,False,False,False
2024-10-08 00:00:00+00:00,85.9938775103,86.7772902373,85.7741397942,86.6435368449,613370,,,,,,,,,,,,,,,,,83.03584274976598,82.17164239269145,82.05268394513698,81.85470003888024,,82.17164239269145,83.03489532134556,,82.65408316467737,"rgba(38, 166, 154, 0.75)",0.0,0.0,2.9732375600532057,82.64605348895682,1.1259860518119054,0.0,0.0,0.0,0.0,64.26832822105541,18.396009234740205,True,False,True,False,False,5.827900422833832,0,1.0044203564192489,0.8079535983320918,False,False,False,False,0.2653239963621108,0.29114828548485067,False,False,False,False,6078522,-681471.4579043639,False,False,False,False,992085.1669485705,False,False,False,False
2024-10-09 00:00:00+00:00,85.7359245392,86.003431324,85.3537719894,85.6117249605,679295,,,,,,,,,,,,,,,,,83.095770892955,82.22326802821203,82.10477261306909,81.90495323527514,,82.22326802821203,83.04375756692346,,82.65852980054322,"rgba(38, 166, 154, 0.75)",0.0,0.0,3.0094871678509616,82.66801175222923,1.0194138123411653,0.0,0.0,0.0,0.0,61.075818652160734,15.405394571108701,True,False,True,False,False,5.303785410978932,0,1.03979990000478,0.8059953187022393,False,False,False,False,0.23323191147417155,0.26219009847951114,False,False,False,False,5399227,-443012.69484929077,False,False,False,False,979818.8858917638,False,False,False,False
2024-10-10 00:00:00+00:00,87.1307813458,87.1594427871,85.2104647833,85.3155567345,1089721,,,,,,,,,,,,,,,,,83.21444093072908,82.32141675968623,82.20327801917004,81.99936904568887,,82.32141675968623,83.06211366541247,,82.66751243945563,"rgba(38, 166, 154, 0.75)",0.0,0.0,3.07026473002582,82.95041701595737,1.3615647826588153,0.0,0.0,0.0,0.0,61.68874676044318,15.405394571108701,True,False,True,False,False,7.711308175815855,0,1.0380178302930751,0.7944639452050233,False,False,False,False,0.26041299525900385,0.2613015468692575,False,False,False,False,6488948,-171171.09897284803,False,False,False,False,984128.7727195378,False,False,False,False
2024-10-11 00:00:00+00:00,88.5351919662,88.7740373098,87.1785504145,87.1785504145,1735093,,,,,,,,,,,,,,,,,83.47462749755972,82.52732392131077,82.40859879764719,82.19460877933908,,82.52732392131077,83.10488067734073,,82.68789450411748,"rgba(38, 166, 154, 1.0)",0.0,0.0,3.160150100198192,83.0949687584305,1.721507850980976,0.0,0.0,0.0,0.0,64.16643090924094,15.405394571108701,True,False,True,False,True,10.017503087530862,0,1.078614986266967,0.7654584826301749,False,False,False,False,0.34282824887196806,0.30206489787061275,False,False,False,False,8224041,158052.90490844013,False,False,False,False,1013578.3502599482,False,False,False,False
2024-10-14 00:00:00+00:00,89.0893131634,89.5287885956,88.4921998044,88.7644834961,855068,,,,,,,,,,,,,,,,,83.61511931029598,82.6384748511015,82.5192601440567,82.29978165579924,,82.6384748511015,83.12929123798823,,82.69947842241659,"rgba(38, 166, 154, 1.0)",0.0,0.0,3.2463757643677074,83.16415903464642,1.825159673069339,0.0,0.0,0.0,0.0,66.51528212409983,11.818604841278209,True,False,True,False,True,10.901973211840396,0,1.1288351288886382,0.722558055221626,False,False,False,False,0.3428282492702265,0.3224465735704196,False,False,False,False,9079109,507898.24197085423,False,False,False,False,1007362.2580928914,False,False,False,False
2024-10-15 00:00:00+00:00,88.6116224762,88.8504678198,88.2485775539,88.802698751,819955,,,,,,,,,,,,,,,,,83.73230035742702,82.73403739127446,82.61460960703825,82.39086589991295,,82.73403739127446,83.15067760978759,,82.70973215992645,"rgba(38, 166, 154, 1.0)",0.0,0.0,3.318105445165665,83.21493460109802,1.6264365205646838,0.0,0.0,0.0,0.0,66.64872639371131,11.958521562014951,True,False,True,False,True,9.885638108965885,0,1.1672584414596212,0.7026494416390499,False,False,False,False,0.31561517102627,0.3190308722983448,False,False,False,False,8259154,811869.0560112129,False,False,False,False,1000012.9538539546,False,False,False,False
2024-10-16 00:00:00+00:00,89.662541988,89.8536182629,88.8600216335,88.8886830747,936973,,,,,,,,,,,,,,,,,83.88297669616334,82.85559772594566,82.73566879049591,82.50626982342524,,82.85559772594566,83.17888414346663,,82.7231752556769,"rgba(38, 166, 154, 1.0)",0.0,0.0,3.4035277977103577,83.28495780559297,1.873815805675923,0.0,0.0,0.0,0.0,68.14296829225637,13.46302152762091,True,False,True,False,True,11.570338908380577,0,1.1468912554108204,0.7100793889832088,False,False,False,False,0.3428282482285545,0.33092956026344966,False,False,False,False,9196127,1140663.4851872437,False,False,False,False,997540.7988008583,False,False,False,False
2024-10-17 00:00:00+00:00,89.4045890169,90.111571234,89.2039589283,89.8058491942,1031014,,,,,,,,,,,,,,,,,84.04309672280134,82.98661507781945,82.86621265070747,82.6310018188229,,82.98661507781945,83.21019293584195,,82.73815657073817,"rgba(38, 166, 154, 1.0)",0.0,0.0,3.4872933195410947,83.73586350043027,1.6255373428741873,0.0,0.0,0.0,0.0,68.35049784963554,13.790379134139542,True,False,True,False,True,11.012954441356644,0,1.1430256413292643,0.7153833698025898,False,False,False,False,0.3428282483802682,0.33687890432185896,False,False,False,False,8165113,1416132.0936112734,False,False,False,False,998853.4733576875,False,False,False,False
2024-10-18 00:00:00+00:00,89.8631720766,90.0255869103,89.1389929948,89.7103110567,538867,,,,,,,,,,,,,,,,,84.12473719009941,83.05411397034888,82.93349162049842,82.69539522037866,,83.05411397034888,83.22669676553672,,82.74607769881166,"rgba(38, 166, 154, 1.0)",0.0,0.0,3.5829621415476454,83.77391600253299,1.6995033253231029,0.0,0.0,0.0,0.0,69.12469277455953,14.709941702652714,True,False,True,False,True,11.751685062082341,0,1.1367354080018106,0.705500994380835,False,False,False,False,0.33816750786275224,0.33752320609230557,False,False,False,False,8703980,1701930.0507245567,False,False,False,False,980814.7881279743,False,False,False,False
2024-10-21 00:00:00+00:00,88.6498377311,89.8918335179,88.2103622989,89.8058491942,732658,,,,,,,,,,,,,,,,,84.21735534542877,83.13346539771165,83.01280686347094,82.77176961869235,,83.13346539771165,83.24637763874419,,82.75564276757233,"rgba(38, 166, 154, 0.75)",0.0,0.0,3.628047708150844,83.80177807391597,1.3362723004695585,0.0,0.0,0.0,0.0,66.08553995786069,14.709941702652714,True,False,True,False,False,9.129409711753407,0,1.1141084444265397,0.7157191999958101,False,False,False,False,0.30555872851955546,0.3215409673059305,False,False,False,False,7971322,1947788.55853928,False,False,False,False,971083.1493778576,False,False,False,False
2024-10-22 00:00:00+00:00,88.8886830747,89.0510979084,87.9715169553,88.2294699264,512459,,,,,,,,,,,,,,,,,84.27630050646047,83.1850753381157,83.06447152816689,82.82169929566423,,83.1850753381157,83.2593864645117,,82.76201198284627,"rgba(38, 166, 154, 0.75)",0.0,0.0,3.679794397396276,83.81931356490176,1.3776230306196415,0.0,0.0,0.0,0.0,64.48129495264293,18.95656948078623,True,False,True,False,False,9.526942730053609,0,1.1106597722242777,0.7325017412523306,False,False,False,False,0.26867808285377914,0.29510952507985483,False,False,False,False,8483781,2204101.987616171,False,False,False,False,953097.8886179416,False,False,False,False
2024-10-23 00:00:00+00:00,89.1657436733,89.213512742,88.2963466226,88.5447457799,1916762,,,,,,,,,,,,,,,,,84.49560318014184,83.37845611397704,83.25804160474812,83.00901047577177,,83.37845611397704,83.30977104007745,,82.78674088234774,"rgba(38, 166, 154, 0.75)",0.0,0.0,3.7365941601739796,83.9068105919414,1.4074135043645588,0.0,0.0,0.0,0.0,63.91282262617706,18.332575033677216,True,False,True,False,False,9.99133481939484,0,1.1107375654033829,0.7498888866514962,False,False,False,False,0.28417049453981574,0.2896400098098353,False,False,False,False,10400543,2525531.046925341,False,False,False,False,990888.6380839047,False,False,False,False
2024-10-24 00:00:00+00:00,89.2230665558,89.662541988,88.5447457799,88.6976067999,942069,,,,,,,,,,,,,,,,,84.601665240451,83.4728972614227,83.35258297696667,83.10065685578218,,83.4728972614227,83.33530685919472,,82.79931974140287,"rgba(38, 166, 154, 0.75)",0.0,0.0,3.796175815939294,83.95478471695017,1.387786576356525,0.0,0.0,0.0,0.0,63.642482109258054,17.923434964735392,True,False,True,False,False,10.088535828751244,0,1.0982345158890712,0.754086709578776,False,False,False,False,0.30658146041216733,0.2981107351110013,False,False,False,False,11342612,2871298.9274380724,False,False,False,False,988974.1424727712,False,False,False,False
2024-10-25 00:00:00+00:00,88.6307301036,89.8440644491,88.6020686624,89.4141428307,868526,,,,,,,,,,,,,,,,,84.69281951266484,83.55551216106448,83.4353726954541,83.18115489178871,,83.55551216106448,83.35817834673111,,82.81065802916879,"rgba(38, 166, 154, 0.5)",0.0,0.0,3.842539782094119,83.9955823824437,1.2062718889094295,0.0,0.0,0.0,0.0,61.558373409680954,15.797698055232829,False,False,True,False,False,8.76787472761363,0,1.094090134713306,0.7701061238552949,False,False,False,False,0.3143245700652817,0.3062176525881415,False,False,False,False,10474086,3169447.4400875596,False,False,False,False,984250.6859052116,False,False,False,False
2024-10-28 00:00:00+00:00,89.328158507,89.4810195269,88.5925148487,88.5925148487,4275567,,,,,,,,,,,,,,,,,85.10180477855343,83.93620425307164,83.81732025301743,83.55432864993145,,83.93620425307164,83.47024228291158,,82.86683935262559,"rgba(38, 166, 154, 0.5)",0.0,0.0,3.905616928577087,84.19116378180703,1.3152838128096955,0.0,0.0,0.0,0.0,61.65931988687146,15.760389241808966,False,False,True,False,False,9.980342237789397,0,1.0897394066282087,0.7807911093798178,False,False,False,False,0.3022608954711991,0.3042392740296703,False,False,False,False,14749653,3623573.1483194204,False,False,False,False,1113321.9139089289,False,False,False,False
2024-10-29 00:00:00+00:00,88.8504678198,89.4141428307,88.5829610349,88.7358220548,573640,,,,,,,,,,,,,,,,,85.14876148130251,83.98168726428462,83.86305798984172,83.59932554197643,,83.98168726428462,83.48446798226735,,82.87408124614801,"rgba(38, 166, 154, 0.5)",0.0,0.0,3.955974188151862,84.21409868791237,1.1719917550962677,0.0,0.0,0.0,0.0,60.21586656283942,14.2272944831047,False,False,True,False,False,8.90679875602381,0,1.0712349951719586,0.7965694068209221,False,False,False,False,0.2997969195285068,0.30201809677908853,False,False,False,False,14176013,4037394.318973561,False,False,False,False,1092157.9172850493,False,False,False,False
2024-10-30 00:00:00+00:00,88.8542893453,89.0960302565,88.119396975,88.4965127966,1911914,,,,,,,,,,,,,,,,,85.28717801103669,84.11988464184633,84.00230270834834,83.73701165305806,,84.11988464184633,83.52912816292188,,82.89706922682575,"rgba(38, 166, 154, 0.5)",0.0,0.0,4.007263189077654,84.28150455392456,1.141124147732346,0.0,0.0,0.0,0.0,59.26272888196722,13.179905392664317,False,False,True,False,False,8.913613932062447,0,1.057131143734134,0.8053862895057715,False,False,False,False,0.2747933044870786,0.2884057006330836,False,False,False,False,16087927,4509964.228033422,False,False,False,False,1124305.21464642,False,False,False,False
2024-10-31 00:00:00+00:00,88.1097273386,89.105699893,87.432852787,88.999333892,1113980,,,,,,,,,,,,,,,,,85.3523979259773,84.18876092963187,84.07195863190354,83.806502909146,,84.18876092963187,83.55244117706087,,82.90929092363774,"rgba(38, 166, 154, 0.5)",0.0,0.0,4.042172480429679,84.31260153411229,0.9393774815081803,0.0,0.0,0.0,0.0,56.307557222892065,10.296735212125938,False,True,True,False,False,7.227924161889284,0,1.0415753581906766,0.8116245245424853,False,False,False,False,0.25341060457699355,0.27090815260503853,False,False,False,False,14973947,4920316.493600738,False,False,False,False,1123900.3042681292,False,False,False,False
2024-11-01 00:00:00+00:00,87.7616204263,89.0283428014,87.5875669702,88.7672626172,670410,,,,,,,,,,,,,,,,,85.38907332215469,84.2282023536598,84.11189057609099,83.84645923481042,,84.2282023536598,83.56609049966258,,82.91649446551244,#000000,0.0,0.0,4.0677895525783025,84.3304157585465,0.8435059442980996,0.0,0.0,0.0,0.0,53.35075168738764,7.525520664974259,False,True,False,False,False,6.447361192589046,0,1.0429103553662509,0.8138176177708907,False,False,False,False,0.2558425477720681,0.2633753501885533,False,False,False,False,14303537,5288285.925224239,False,False,False,False,1106116.3707674183,False,False,False,False
2024-11-04 00:00:00+00:00,87.0847458748,88.1532407026,86.6979604168,87.8486471544,1077637,,,,,,,,,,,,,,,,,85.42909646491049,84.27707385532851,84.1617699394708,83.89723525477878,,84.27707385532851,83.58397514987992,,82.92622952623796,"rgba(239, 83, 80, 1.0)",0.0,0.0,4.084184249756861,84.5839343645639,0.6123160360321606,0.0,0.0,0.0,0.0,49.61478342835122,4.113799920058426,False,True,False,True,False,4.9416856963633755,0,1.0244110135604794,0.850348721648153,False,False,False,False,0.20103640862853378,0.23220587940854354,False,False,False,False,13225900,5599564.908548779,False,False,False,False,1104999.5326981077,False,False,False,False
2024-11-05 00:00:00+00:00,88.2741111582,88.2934504311,87.2104511486,87.4521920599,563550,,,,,,,,,,,,,,,,,85.45598166893498,84.30706640474396,84.19220466805926,83.9278695042436,,84.30706640474396,83.594789362627,,82.93201367238414,#000000,0.0,0.0,4.117458661408028,84.60745028411944,0.8905155280482384,0.0,0.0,0.0,0.0,50.54623029318544,4.113799920058426,False,True,False,False,False,7.189359112855264,1,1.0113230544644531,0.8580801555452763,False,False,False,False,0.22115196194027034,0.22667892067440693,False,False,False,False,13789450,5920736.872919415,False,False,False,False,1083766.2176903388,False,False,False,False
2024-11-06 00:00:00+00:00,90.0920028109,90.1886991754,88.3804771592,89.5698424426,794787,,,,,,,,,,,,,,,,,85.51727717381725,84.36718980723639,84.25265170372312,83.98756056811018,,84.36718980723639,83.61564706542507,,82.94279989674946,"rgba(38, 166, 154, 0.5)",0.0,0.0,4.1809128543805985,84.67479609899858,1.2956995040510053,0.0,0.0,0.0,0.0,54.81236398844311,-0.21355725846083828,False,True,True,False,True,10.420776140120108,1,1.085811252025617,0.8138777523719531,False,False,False,False,0.31832773522878544,0.27250332795159615,False,False,False,False,14584237,6260481.975942183,False,False,False,False,1072433.6993495412,False,False,False,False
2024-11-07 00:00:00+00:00,90.1500206296,90.9513434023,89.9082797184,90.5851542699,797478,,,,,,,,,,,,,,,,,85.58854001239384,84.4350462549239,84.32070534343929,84.05444021534719,,84.4350462549239,83.63916886337908,,82.954864761881,"rgba(38, 166, 154, 0.5)",0.0,0.0,4.23476933735451,84.74243474590477,1.2769493336969744,0.0,0.0,0.0,0.0,57.75422823670715,2.3803404352462607,False,True,True,False,True,10.520841059416995,1,1.137402967452466,0.7547761255051108,False,False,False,False,0.3428282480900101,0.30766578802080313,False,False,False,False,15381715,6618177.3886503335,False,False,False,False,1061651.122904461,False,False,False,False
2024-11-08 00:00:00+00:00,89.8405922632,89.942123446,89.2604140762,89.8502618997,468718,,,,,,,,,,,,,,,,,85.62380190003081,84.46986334533068,84.35571668303976,84.08906189617953,,84.46986334533068,83.65157153400786,,82.96130946350888,"rgba(38, 166, 154, 0.5)",0.0,0.0,4.283921058524207,84.76855790961791,1.1839700788812801,0.0,0.0,0.0,0.0,58.76426656192895,3.213840120520061,False,False,True,False,True,9.805708147777477,1,1.1133438349875,0.7794831852712665,False,False,False,False,0.29126507237646215,0.29946543019863264,False,False,False,False,14912997,6943464.432232673,False,False,False,False,1038398.8435748745,False,False,False,False
2024-11-11 00:00:00+00:00,90.9816093644,91.1073146383,89.879270809,89.879270809,662003,,,,,,,,,,,,,,,,,85.68430463848401,84.52731265708788,84.41330593725259,84.14564143940937,,84.52731265708788,83.67182089159306,,82.9717084318933,"rgba(38, 166, 154, 0.5)",0.0,0.0,4.354351196636767,84.817760039982,1.4155609058770586,0.0,0.0,0.0,0.0,61.44933657637271,5.706736534946536,False,False,True,False,True,11.794439153866268,1,1.1146361293275178,0.7632240062990475,False,False,False,False,0.3428282481241178,0.3211468391613752,False,False,False,False,15575000,7281956.02312551,False,False,False,False,1023638.2222582127,False,False,False,False
2024-11-12 00:00:00+00:00,90.9816093644,91.1943413663,90.3047348129,90.6044935428,427612,,,,,,,,,,,,,,,,,85.72393461701948,84.56487607283624,84.45095128489994,84.18261828582295,,84.56487607283624,83.68515697711635,,82.97855957323418,"rgba(38, 166, 154, 1.0)",0.0,0.0,4.420037661079535,84.84873946449731,1.3875153042032713,0.0,0.0,0.0,0.0,63.239383252668546,7.373675433800884,True,False,True,False,True,11.794439153866268,1,1.1466187657997624,0.7573302547027642,False,False,False,False,0.3428282482581363,0.33198754370975575,False,False,False,False,15575000,7607173.433983333,False,False,False,False,1000264.6449147534,False,False,False,False
2024-11-13 00:00:00+00:00,90.372422268,91.2620288215,90.072663538,91.2620288215,420467,,,,,,,,,,,,,,,,,85.76037211464093,84.5998745241881,84.48605947972585,84.21718470631527,,84.5998745241881,83.69775012819213,,82.98506364481959,"rgba(38, 166, 154, 1.0)",0.0,0.0,4.430368837521489,84.87539018205904,1.240761726063467,0.0,0.0,0.0,0.0,62.41860750296757,7.373675433800884,True,False,True,False,True,10.347128440653893,0,1.1442266262122036,0.7625983518441876,False,False,False,False,0.3377758753133878,0.3348817095115718,False,False,False,False,15154533,7903148.318925164,False,False,False,False,977527.4823690768,False,False,False,False
2024-11-14 00:00:00+00:00,90.3144044493,91.3877340953,90.1210117203,90.8462344541,453217,,,,,,,,,,,,,,,,,85.79934991667326,84.6373864233732,84.52369155221238,84.254251232847,,84.6373864233732,83.71134877664754,,82.99209753602956,"rgba(38, 166, 154, 0.5)",0.0,0.0,4.459881689767529,84.90330212440527,1.2132838270821442,0.0,0.0,0.0,0.0,61.68130063268873,7.373675433800884,False,False,True,False,True,10.209045444784635,0,1.1306893837982543,0.7664044552397518,False,False,False,False,0.34282824826061004,0.33885497888609095,False,False,False,False,14701316,8169743.129947707,False,False,False,False,956966.2869820541,False,False,False,False
2024-11-15 00:00:00+00:00,90.1016724474,90.952600455,90.0049760829,90.6431720886,844461,,,,,,,,,,,,,,,,,85.86656950224075,84.70311734866748,84.5897060848052,84.31945858286956,,84.70311734866748,83.73561404589371,,83.00473188287516,"rgba(38, 166, 154, 0.5)",0.0,0.0,4.457956147822736,84.9486273957315,1.155920982799538,0.0,0.0,0.0,0.0,60.45783396713633,7.373675433800884,False,False,True,False,True,9.696347796197163,0,1.1474949969907595,0.7671008274329957,False,False,False,False,0.3259594212749316,0.3324072000805113,False,False,False,False,13856855,8392767.124851719,False,False,False,False,952554.3149435422,False,False,False,False
2024-11-18 00:00:00+00:00,89.9759671735,90.4304400867,89.4151282594,90.4304400867,2467496,,,,,,,,,,,,,,,,,86.03502318156507,84.87338768204694,84.76109168742937,84.4897466559233,,84.87338768204694,83.80115359635961,,83.03934305798383,"rgba(38, 166, 154, 0.5)",0.0,0.0,4.411279345047155,85.05350040530193,1.115881898008761,0.0,0.0,0.0,0.0,59.194402209879556,7.373675433800884,False,False,True,False,False,9.390178155062198,0,1.1275144254520408,0.7790848063116639,False,False,False,False,0.2924533163669467,0.312430258223729,False,False,False,False,11389359,8510280.531720279,False,False,False,False,1011963.7927888936,False,False,False,False
2024-11-19 00:00:00+00:00,90.9816093644,91.0396271831,88.7575929807,89.5021549874,486927,,,,,,,,,,,,,,,,,86.06921545066027,84.90772276022228,84.79562767055745,84.524035342963,,84.90772276022228,83.81458745134586,,83.04644626086277,"rgba(38, 166, 154, 0.5)",0.0,0.0,4.332374393921158,85.07566858588822,1.363211080463988,0.0,0.0,0.0,0.0,60.79729143880897,7.373675433800884,False,False,True,False,False,11.270793031028944,0,1.127319375074352,0.7686446843029136,False,False,False,False,0.2856564062352914,0.2990433322295102,False,False,False,False,11876286,8642280.746162621,False,False,False,False,991374.1146403095,False,False,False,False
2024-11-20 00:00:00+00:00,90.9332611821,90.9429308186,90.2757259035,90.565814997,373351,,,,,,,,,,,,,,,,,86.09788262752326,84.93598032117261,84.82400933907195,84.55212745929913,,84.93598032117261,83.82557886287303,,83.05222816655528,"rgba(38, 166, 154, 0.5)",0.0,0.0,4.290177017780314,85.09505181036491,1.360831813591624,0.0,0.0,0.0,0.0,61.67658175237012,7.373675433800884,False,False,True,False,False,11.149650924742485,0,1.1385226101742474,0.7881307225336415,False,False,False,False,0.33198962694315504,0.3155164795863326,False,False,False,False,11502935,8754463.26592095,False,False,False,False,967137.9140661797,False,False,False,False
2024-11-21 00:00:00+00:00,91.5037697327,92.045269374,90.7398684531,91.1169842747,578226,,,,,,,,,,,,,,,,,86.14832924221119,84.984531518651,84.87268093734669,84.60010473522699,,84.984531518651,83.8442852217717,,83.06199626946604,"rgba(38, 166, 154, 1.0)",0.0,0.0,4.231295879781214,85.13069974358686,1.506174507806498,0.0,0.0,0.0,0.0,63.52156031845447,8.422077081521167,True,False,True,False,True,12.21127059348117,0,1.124398834605873,0.7824440872147571,False,False,False,False,0.34282824641970255,0.32917236300301755,False,False,False,False,12081161,8884922.000590717,False,False,False,False,951886.4664557412,False,False,False,False
2024-11-22 00:00:00+00:00,91.7841891898,91.9292337366,91.4264126411,91.8325373721,445807,,,,,,,,,,,,,,,,,86.18863024833709,85.02309692157165,84.91132161523164,84.63815762033589,,85.02309692157165,83.85918189895865,,83.06976661046194,"rgba(38, 166, 154, 1.0)",0.0,0.0,4.196211940783195,85.15939631714383,1.5787555457505558,0.0,0.0,0.0,0.0,65.32957508254106,10.29039417742986,True,False,True,False,True,12.730549431825153,0,1.1207450940362902,0.8053433667255409,False,False,False,False,0.3428282463140695,0.3360003046585435,False,False,False,False,12526968,9027747.333900886,False,False,False,False,932040.2128692416,False,False,False,False
2024-11-25 00:00:00+00:00,92.4127155591,92.7028046526,91.8712159179,92.1032871927,863058,,,,,,,,,,,,,,,,,86.27352670456796,85.1032708501026,84.99156017771595,84.71699125130623,,85.1032708501026,83.89010935247764,,83.08583857999518,"rgba(38, 166, 154, 1.0)",0.0,0.0,4.1712772118199775,85.22090285039134,1.7241272501212597,0.0,0.0,0.0,0.0,67.72898780876358,12.671709709818941,True,False,True,False,True,13.886515952529631,0,1.1219523385196681,0.797133571189201,False,False,False,False,0.34282824605875933,0.33941427535865143,False,False,False,False,13390026,9198817.085512616,False,False,False,False,929335.02805084,False,False,False,False
2024-11-26 00:00:00+00:00,91.2813680944,91.5327786421,90.7398684531,91.445751914,452432,,,,,,,,,,,,,,,,91.18467172986666,86.3088662503018,85.1380557060565,85.02648118357729,84.75155947374245,,85.1380557060565,83.90404594591274,,83.09320131173929,"rgba(38, 166, 154, 0.75)",0.0,0.0,4.110465905951471,85.24486946117871,1.4685679850746713,0.0,0.0,0.0,0.0,64.83351976945121,12.671709709818941,True,False,True,False,False,10.955681815495893,0,1.080599413811664,0.8229052878569374,False,False,False,False,0.24935577666400818,0.2943850260113298,False,False,False,False,12937594,9345435.788041532,False,False,False,False,910632.9485194345,False,False,False,False
2024-11-27 00:00:00+00:00,91.8228677356,91.9969211917,90.9622700915,91.3490555495,815093,,,,,,,,,,,,,,,,91.44790649285599,86.37650502469833,85.2039046930508,85.09252691798206,84.8168173284746,,85.2039046930508,83.93042406455201,,83.10710149064782,"rgba(38, 166, 154, 0.75)",0.0,0.0,4.08718941124931,85.29165565247882,1.5979714728035603,0.0,0.0,0.0,0.0,64.12051486453879,12.671709709818941,True,False,True,False,False,11.970700248963333,0,1.090711562320579,0.8119560251796835,False,False,False,False,0.2683565932381295,0.28137080962472966,False,False,False,False,13752687,9518269.168902649,False,False,False,False,906886.2838716137,False,False,False,False
2024-11-29 00:00:00+00:00,92.1032871927,92.2483317394,91.3007073673,91.5714571879,208339,,,,,,,,,,,,,,,,91.50948259030247,86.3944625257868,85.22127511558776,85.1099394371341,84.83400351517412,,85.22127511558776,83.9373914548136,,83.1107682976223,"rgba(38, 166, 154, 0.75)",0.0,0.0,4.072055031357307,85.30420925346547,1.669692056437714,0.0,0.0,0.0,0.0,64.24625026225047,12.671709709818941,True,False,True,False,False,12.494177355847722,1,1.0952347134608398,0.8356132524420607,False,False,False,False,0.2889999932037437,0.28518540141423665,False,False,False,False,13961026,9692494.926984899,False,False,False,False,879492.2727393935,False,False,False,False
2024-12-02 00:00:00+00:00,91.9485730095,92.2193228301,91.2426895486,91.8422070085,1000506,,,,,,,,,,,,,,,,91.62828335902536,86.47785122131194,85.30245618527077,85.19135066655149,84.91445543920733,,85.30245618527077,83.97034402101423,,83.12817345554994,"rgba(38, 166, 154, 0.75)",0.0,0.0,4.07404235212602,85.36210413051836,1.6166913128785998,0.0,0.0,0.0,0.0,63.71736255940422,12.671709709818941,True,False,True,False,False,12.086980558590835,1,1.0794796976846506,0.8511230705352094,False,False,False,False,0.2816919860144745,0.2834386937143556,False,False,False,False,12960520,9820652.772985492,False,False,False,False,884237.9091025545,False,False,False,False
2024-12-03 00:00:00+00:00,92.1419657385,92.3353584675,91.1266539112,92.1806442843,862816,,,,,,,,,,,,,,,,91.69022212484708,86.54857211291642,85.37155237859223,85.26065340111613,84.9829940988745,,85.37155237859223,83.9987727805661,,83.14323855356233,"rgba(38, 166, 154, 0.75)",0.0,0.0,4.08753863626294,85.41116336881744,1.6466639140654697,0.0,0.0,0.0,0.0,63.83412405806325,12.671709709818941,True,False,True,False,False,12.458241470495338,1,1.0625706262397325,0.8531514785453821,False,False,False,False,0.2816919860144745,0.282565339864415,False,False,False,False,13823336,9977620.742672335,False,False,False,False,883397.8342357877,False,False,False,False
2024-12-04 00:00:00+00:00,92.1129568291,92.7414831984,91.9485730095,92.2870102852,1143124,,,,,,,,,,,,,,,,91.83748897655053,86.64628815771069,85.46638334949837,85.35570707240521,85.07689734228755,,85.46638334949837,84.0380206995346,,83.16402880988728,"rgba(38, 166, 154, 0.75)",0.0,0.0,4.108592942956398,85.47975128613179,1.6144713372834625,0.0,0.0,0.0,0.0,63.77991162394348,12.671709709818941,True,False,True,False,False,12.379316845515664,1,1.0724104381059663,0.8495072148097604,False,False,False,False,0.3428282433051294,0.3126967915847722,False,False,False,False,12680212,10083604.71354793,False,False,False,False,893583.1740696784,False,False,False,False
2024-12-05 00:00:00+00:00,96.2902397758,96.7543823255,87.4812009693,88.2644415218,2259039,,,,,,,,,,,,,,,,92.39748406770573,86.87042730160154,85.67915189997163,85.56856456089075,85.28635277109534,,85.67915189997163,84.12602858925503,,83.21039976326732,"rgba(38, 166, 154, 1.0)",0.0,0.0,4.227891948806159,86.15187568136943,2.3979714281235047,0.0,0.0,0.0,0.0,69.73569918835719,15.287892960420308,True,False,True,False,True,19.710750320928323,0,1.0004519096749973,0.8061109470619634,False,False,False,False,0.3177850388758855,0.3152409152303288,False,False,False,False,14939251,10274022.214977423,False,False,False,False,947130.4613610636,False,False,False,False
2024-12-06 00:00:00+00:00,99.9743712635,101.1734061834,96.2999094123,96.4933021413,1498967,,,,,,,,,,,,,,,,93.62567031390974,87.13089823499766,85.91153888590567,85.79982796133432,85.51115332650066,,85.91153888590567,84.2180959760474,,83.2576678598805,"rgba(38, 166, 154, 1.0)",0.0,0.0,4.461106599707089,87.23601609239742,2.8554249683114428,0.0,0.0,0.0,0.0,75.6904044853986,20.75307145525727,True,False,True,False,True,20.0,0,1.1261117225293986,0.7718238116099218,False,False,False,False,0.34282824874335815,0.3290345819868435,False,False,False,False,16438218,10515755.383017523,False,False,False,False,968771.1099351397,False,True,False,False
2024-12-09 00:00:00+00:00,97.4699354228,100.477192359,97.4409265135,100.1387550832,996485,,,,,,,,,,,,,,,,94.14749733447609,87.28847736702332,86.0538540820346,85.94157287392203,85.64928305910144,,86.0538540820346,84.27589310184638,,83.28758512865181,"rgba(38, 166, 154, 1.0)",0.0,0.0,4.589582700564532,87.36213514476523,2.202335361947282,0.0,0.0,0.0,0.0,73.9606184110441,20.75307145525727,True,False,True,False,True,18.78018274052144,0,1.1357848149491432,0.7914400721034073,False,False,False,False,0.3428282488383452,0.3359314154125943,False,False,False,False,15441733,10708930.975840366,False,False,False,False,969857.9291533695,False,False,False,False
2024-12-10 00:00:00+00:00,97.4119176041,97.7890334257,97.1508374199,97.4505961499,466800,,,,,,,,,,,,,,,,94.30639571941997,87.35424690123374,86.1140695397352,86.00160766243299,85.70794981984031,,86.1140695397352,84.30088691718083,,83.30062732098854,"rgba(38, 166, 154, 0.75)",0.0,0.0,4.720887946212204,87.40182941840207,2.1203825000187733,0.0,0.0,0.0,0.0,72.69111548588717,20.75307145525727,True,False,True,False,False,18.642897280417834,0,1.1382900808055887,0.8157843357829635,False,False,False,False,0.261817674139996,0.29887454477629516,False,False,False,False,14974933,10876225.172866235,False,False,False,False,950130.1672257865,False,False,False,False
2024-12-11 00:00:00+00:00,97.4022479676,98.1274707015,97.0928196012,98.1274707015,451749,,,,,,,,,,,,,,,,94.45027650348987,87.41765203363664,86.17219981492603,86.05956669858021,85.76460437589913,,86.17219981492603,84.32515011913807,,83.31330650085312,"rgba(38, 166, 154, 0.75)",0.0,0.0,4.846070153861009,87.44308794007887,2.0551002588326903,0.0,0.0,0.0,0.0,71.8235810733363,20.75307145525727,True,False,True,False,False,18.61958939485674,0,1.1381126483483082,0.8195687017761638,False,False,False,False,0.26928874965076777,0.28408164721353146,False,False,False,False,14523184,11019243.166087167,False,False,False,False,930585.8077267361,False,False,False,False
2024-12-12 00:00:00+00:00,96.0194899552,97.4699354228,95.8841150449,97.4699354228,458305,,,,,,,,,,,,,,,,94.53696478459949,87.47437991478886,86.22501174184936,86.11228428428555,85.81629433276623,,86.22501174184936,84.34766499340813,,83.32516924539787,"rgba(38, 166, 154, 0.75)",0.0,0.0,4.847026468159963,87.4697532179041,1.763913771352185,0.0,0.0,0.0,0.0,68.32942527233585,24.050499687335318,True,False,True,False,False,15.338552441493167,0,1.1058596670647676,0.8398249423383092,False,False,False,False,0.22007501106737637,0.2520783291404539,False,False,False,False,14064879,11138679.865456298,False,False,False,False,912064.9917374523,False,False,False,False
2024-12-13 00:00:00+00:00,95.7487401346,96.2709005029,95.3812939495,96.2709005029,401132,,,,,,,,,,,,,,,,94.58297282872009,87.51985835842645,86.26785062549499,86.15508383386377,85.8583574276899,,86.26785062549499,84.36623644876465,,83.33501559117347,"rgba(38, 166, 154, 0.75)",0.0,0.0,4.796977604611963,87.48697583456223,1.7222853598679826,0.0,0.0,0.0,0.0,65.464737669981,21.38925839265157,True,False,True,False,False,14.710374075558004,0,1.1058316839809703,0.8469387938561642,False,False,False,False,0.17609894135410792,0.21408863524728092,False,False,False,False,13663747,11237702.10602664,False,False,False,False,892028.4038261797,False,False,False,False
2024-12-16 00:00:00+00:00,95.3426154037,95.7487401346,95.0621959466,95.6133652243,703719,,,,,,,,,,,,,,,,94.63110711959415,87.59450714260142,86.33884737453351,86.22606415119014,85.92824945378331,,86.33884737453351,84.39749235924286,,83.3516769222331,"rgba(38, 166, 154, 0.5)",0.0,0.0,4.754633049591618,87.51346870182981,1.646635317638791,0.0,0.0,0.0,0.0,62.73051126747339,18.859596328383674,False,False,True,False,False,13.765617743512188,0,1.089778664943802,0.8648983269423752,False,False,False,False,0.15461732437677667,0.1843529798120288,False,False,False,False,12960028,11305244.297947165,False,False,False,False,884643.7213231924,False,False,False,False
2024-12-17 00:00:00+00:00,94.9074817634,95.178231584,94.1290760291,94.6367319428,490171,,,,,,,,,,,,,,,,94.63540936844313,87.64142692300118,86.38416325187083,86.27141994292779,85.97304356323777,,86.38416325187083,84.4178844751007,,83.36263323449944,"rgba(38, 166, 154, 0.5)",0.0,0.0,4.710028722357119,87.52661612033,1.5670532130802515,0.0,0.0,0.0,0.0,60.01960615640592,16.346406181990773,False,True,True,False,False,12.755231768864629,0,1.087757185853158,0.8633650574729159,False,False,False,False,0.11655890244760046,0.15045594112981464,False,False,False,False,12469857,11350915.384302178,False,False,False,False,869174.20283993,False,False,False,False
2024-12-18 00:00:00+00:00,92.5480904694,95.1685619475,91.9195641001,95.0525263101,1127604,,,,,,,,,,,,,,,,94.51506392013695,87.724341547589,86.46786627220443,86.35546444026683,86.05673545686179,,86.46786627220443,84.45759891061296,,83.38438683258968,#000000,0.0,0.0,4.58801145948993,87.52518065617548,1.0947901629223338,0.0,0.0,0.0,0.0,54.258949376232614,11.027361747145243,False,True,False,False,False,7.5559636125348035,0,1.0634727212302093,0.8580347384360021,False,False,False,False,0.06096589739764531,0.10571091926372997,False,False,False,False,11342253,11350575.682956995,False,False,False,False,879308.7046893444,False,False,False,False
2024-12-19 00:00:00+00:00,93.4280273864,94.1339108473,93.2926524761,94.0468841193,1096840,,,,,,,,,,,,,,,,94.44690682377615,87.80845570429169,86.5521256206684,86.44001377718077,86.14082438011727,,86.5521256206684,84.49766339692583,,83.406325569234,#000000,0.0,0.0,4.486028458696361,87.54625685330625,1.311130900583497,0.0,0.0,0.0,0.0,51.98033967315571,9.057299971054789,False,True,False,False,False,9.043113814034974,0,1.076868563303079,0.8532845704734382,False,False,False,False,0.0590347656143778,0.08237284243905388,False,False,False,False,12439093,11393262.636566525,False,False,False,False,887839.3437211348,False,False,False,False
2024-12-20 00:00:00+00:00,93.3506702948,93.5827415696,92.4804030143,93.0895901106,535510,,,,,,,,,,,,,,,,94.400077842691,87.84533336832541,86.58979896622151,86.4778679084245,86.178609837922,,86.58979896622151,84.51607371349404,,83.41650044396955,#000000,0.0,0.0,4.370169098795126,87.55386838426396,1.3264479656254573,0.0,0.0,0.0,0.0,50.33716634809537,7.568744919659537,False,True,False,False,False,8.877201839059822,0,1.068598469216981,0.8749638094001462,False,False,False,False,-0.00919959158372157,0.03658662542766616,False,False,False,False,11903583,11413275.199838428,False,False,False,False,874022.5067124629,False,False,False,False
2024-12-23 00:00:00+00:00,93.7761342986,93.9308484819,92.6061082881,92.8671884723,409624,,,,,,,,,,,,,,,,94.37444331647593,87.87477751285947,86.61963243386326,86.50782612716371,86.20847159243039,,86.61963243386326,84.53059108941171,,83.42450863546685,#000000,0.0,0.0,4.228380456088388,87.56322131692652,1.4693363206538317,0.0,0.0,0.0,0.0,50.04200209394858,7.204674305304515,False,True,False,False,False,9.601768284208678,0,1.0442135408553546,0.8919683658452459,False,False,False,False,0.0043576017089849905,0.020472113568325574,False,False,False,False,12313207,11448566.64298202,False,False,False,False,855810.8005668761,False,False,False,False
2024-12-24 00:00:00+00:00,93.6407593883,94.0468841193,93.3603399313,94.0468841193,221661,,,,,,,,,,,,,,,,94.3646137040842,87.89127773337493,86.63624430960849,86.52449947490513,86.22507264475091,,86.63624430960849,84.53864274566929,,83.42894268102684,#000000,0.0,0.0,4.092615666830758,87.56963433662939,1.4834339566441543,0.0,0.0,0.0,0.0,49.587714693572984,6.541429432277944,False,True,False,False,False,9.301842815609522,0,1.0366952496502821,0.9002739340436164,False,False,False,False,0.029266366955391154,0.024869240261858362,False,False,False,False,12091546,11473781.519727822,False,False,False,False,830942.1809368025,False,False,False,False
2024-12-26 00:00:00+00:00,93.805143208,93.9405181183,93.4768590505,93.6504290248,266670,,,,,,,,,,,,,,,,94.35412993018512,87.91120273003263,86.65629017647055,86.54461819322178,86.24510217566997,,86.65629017647055,84.54837207471864,,83.43430223534268,#000000,0.0,0.0,3.9406578806630272,87.57784903613108,1.580267650847467,0.0,0.0,0.0,0.0,49.63452267789803,6.253869983213988,False,True,False,False,False,9.589171092534865,0,1.045210006408713,0.8951231245785857,False,False,False,False,0.02955712346216581,0.027213181862012086,False,False,False,False,12358216,11508465.224836536,False,False,False,False,808813.8601157514,False,False,False,False
2024-12-27 00:00:00+00:00,93.8438217538,94.2015983025,93.4280273864,93.4280273864,209364,,,,,,,,,,,,,,,,94.34723210401795,87.92697416783508,86.67213407213899,86.56051774412335,86.26092745046847,,86.67213407213899,84.5560655888103,,83.43854026351816,#000000,0.0,0.0,3.822512213796012,87.58476503915831,1.6374196770521297,0.0,0.0,0.0,0.0,49.75391346309268,5.967139635507046,False,True,False,False,False,9.657783717616024,0,1.0397459526448138,0.908020878575951,False,False,False,False,0.035636537866883845,0.031424859864447964,False,False,False,False,12567580,11549999.137588045,False,False,False,False,785306.0224641534,False,False,False,False
2024-12-30 00:00:00+00:00,93.6794379341,94.0178752099,92.8478491994,93.4086881135,251594,,,,,,,,,,,,,,,,94.33440892686998,87.9448272833798,86.69026166120253,86.57872270215856,86.27908313593365,,86.69026166120253,84.56498597094432,,83.44347696100118,#000000,0.0,0.0,3.714470459281095,87.59174284288514,1.6389133142798173,0.0,0.0,0.0,0.0,49.433373842543546,5.218693469588281,False,True,False,False,False,9.274418241062033,0,1.0267238225790916,0.9145115991865378,False,False,False,False,0.013765276356280694,0.022595068110364328,False,False,False,False,12315986,11580037.838074788,False,False,False,False,764376.139230265,False,False,False,False
2024-12-31 00:00:00+00:00,93.8438217538,94.3266267018,93.5343933874,93.7761342986,286291,,,,,,,,,,,,,,,,94.32695096744092,87.96640447269306,86.71193448630997,86.60047072512484,86.30073020095314,,86.71193448630997,84.57555244691126,,83.44930397290084,#000000,0.0,0.0,3.6110922230700733,87.60193336223477,1.728531980348734,0.0,0.0,0.0,0.0,49.65892324321783,5.005178007505272,False,True,False,False,False,9.576728085711295,0,1.0372444757653874,0.9088914834678882,False,False,False,False,0.04226736280621566,0.032431215458289996,False,False,False,False,12602277,11620125.648346366,False,False,False,False,745627.7023977056,False,False,False,False
2025-01-02 00:00:00+00:00,93.8341521174,94.598053397,93.6310897519,94.0082055735,380139,,,,,,,,,,,,,,,,94.32010933753533,87.99538631148481,86.74098619101966,86.62961836134924,86.32973287342287,,86.74098619101966,84.5897250552487,,83.45711942022864,#000000,0.0,0.0,3.535621112464684,87.61649051373641,1.7585768966429918,0.0,0.0,0.0,0.0,49.78152341288177,4.684581626496211,False,True,False,False,False,9.55338416248443,0,1.0520694754370783,0.9022638447954031,False,False,False,False,0.05282417487230742,0.04262769516529871,False,False,False,False,12222138,11643733.975862196,False,False,False,False,731294.8121075996,False,False,False,False
2025-01-03 00:00:00+00:00,92.8865277452,94.3563124857,92.731813562,94.191928666,495643,,,,,,,,,,,,,,,,94.29190539368913,88.02844187536742,86.77493063623447,86.66373282720099,86.36382873519756,,86.77493063623447,84.6067808241362,,83.46662179315749,"rgba(239, 83, 80, 1.0)",0.0,0.0,3.463568074884707,87.62961903226343,1.5177725972981064,0.0,0.0,0.0,0.0,47.329150841850854,1.9926019924834435,False,True,False,True,False,7.282319528500661,0,1.0424361145879102,0.8946313783963517,False,False,False,False,0.020130571554917084,0.0313791333601079,False,False,False,False,11726495,11646979.506220542,False,False,False,False,722053.5645739683,False,False,False,False
2025-01-06 00:00:00+00:00,93.0509115648,94.4723481231,92.9542152003,94.0758930286,692718,,,,,,,,,,,,,,,,94.26144900269365,88.07540012610886,86.82298873166789,86.7120184925163,86.41206254936952,,86.82298873166789,84.6309630681052,,83.48009710159482,"rgba(239, 83, 80, 1.0)",0.0,0.0,3.364063952443634,87.65078789807532,1.6052381117196262,0.0,0.0,0.0,0.0,46.23506780499241,0.6937584385526776,False,True,False,True,False,7.602752670959006,0,1.0396858193122438,0.8953123605520301,False,False,False,False,0.029820193177839478,0.03059966326897369,False,False,False,False,12419213,11677263.172643267,False,False,False,False,720903.15027695,False,False,False,False
2025-01-07 00:00:00+00:00,93.6697682977,94.0951356052,92.9735544732,93.5924112061,449060,,,,,,,,,,,,,,,,94.24501210949846,88.10589434889488,86.85417870315037,86.74335386074557,86.4433632275979,,86.85417870315037,84.64672241333045,,83.48888897487713,"rgba(239, 83, 80, 1.0)",0.0,0.0,3.3142379720674118,87.66552835491794,1.8116502174515359,0.0,0.0,0.0,0.0,47.454785387569515,0.6937584385526776,False,True,False,True,False,8.806011024605557,0,1.0365100393951063,0.9067656972248819,False,False,False,False,0.019574242512481983,0.025086952890727834,False,False,False,False,12868273,11723969.440382747,False,False,False,False,710242.6345798146,False,False,False,False
2025-01-08 00:00:00+00:00,95.1879012204,95.7294008617,93.5440630238,93.7374557528,715308,,,,,,,,,,,,,,,,94.26628803069129,88.16463283915438,86.9123294945191,86.80163624247496,86.50123436678481,,86.9123294945191,84.67518269721172,,83.50458042769013,#000000,0.0,0.0,3.3056845339499628,87.70383968565241,2.2639975042642306,0.0,0.0,0.0,0.0,51.94180602598023,-2.492943494448845,False,True,False,False,True,11.637673239587443,1,1.0430576163557361,0.8881000432286389,False,False,False,False,0.08284463264700737,0.0539657927688676,False,False,False,False,13583581,11796895.383897148,False,False,False,False,710441.2763609984,False,False,False,False
2025-01-10 00:00:00+00:00,94.2209375754,95.0767004013,94.0468841193,95.071865583,770621,,,,,,,,,,,,,,,,94.27325541721916,88.22329845165358,86.97112958335508,86.86061984997554,86.5599422171742,,86.97112958335508,84.70454751391013,,83.52088215114449,#000000,0.0,0.0,3.279023662830887,87.74011477200074,1.976448928033706,0.0,0.0,0.0,0.0,52.22165031516712,-2.210775878868887,False,True,False,False,True,9.294016980148452,1,1.048377229491246,0.8909174080709132,False,False,False,False,0.07852823750427487,0.06624701513657123,False,False,False,False,12812960,11836741.05511687,False,False,False,False,712801.2655233123,False,False,False,False
2025-01-13 00:00:00+00:00,93.6891075706,94.191928666,93.3410006584,93.7374557528,685404,,,,,,,,,,,,,,,,94.2557081978998,88.26873720463523,87.01778564397539,86.9075006528264,86.60681565871317,,87.01778564397539,84.72863153750872,,83.53440432794093,#000000,0.0,0.0,3.2441305250832126,87.7647335892491,1.8261823732258538,0.0,0.0,0.0,0.0,51.09306611443562,-2.210775878868887,False,True,False,False,True,8.033418822059701,1,1.0384656692319176,0.9017348270095673,False,False,False,False,0.032866573458355745,0.049556794297463486,False,False,False,False,12127556,11848145.562759345,False,False,False,False,711726.8629537706,False,False,False,False
2025-01-14 00:00:00+00:00,94.5497052147,94.7817764895,93.611750479,94.0468841193,416820,,,,,,,,,,,,,,,,94.2568613039172,88.29886521133707,87.0482404467824,86.93806716750893,86.63729166305731,,87.0482404467824,84.74414370459249,,83.5430714710552,#000000,0.0,0.0,3.20226967187667,87.78339127185578,2.112974432562035,0.0,0.0,0.0,0.0,52.34343161839483,-2.0189226052262086,False,True,False,False,True,9.647202585020686,1,1.0483400194957713,0.8896586511579271,False,False,False,False,0.057541937220224514,0.053549365758844,False,False,False,False,12544376,11875448.71716094,False,False,False,False,700161.8879359757,False,False,False,False
2025-01-15 00:00:00+00:00,95.9034543178,96.5223110506,95.5408429509,95.9614721365,598619,,,,,,,,,,,,,,,,94.30438193102918,88.35351104845114,87.10151358460368,86.99139225191689,86.69009565631718,,87.10151358460368,84.77021650701944,,83.55742571971061,"rgba(38, 166, 154, 0.5)",0.0,0.0,3.2056508253320146,87.82489448918722,2.5200997453539165,0.0,0.0,0.0,0.0,55.71898094296104,1.2238576449410559,False,True,True,False,True,12.080981404127204,1,1.0701227409639285,0.8738183140748069,False,False,False,False,0.1639281366647847,0.10873875121181435,False,False,False,False,13142995,11925156.414527178,False,False,False,False,696179.8138992707,False,False,False,False
2025-01-16 00:00:00+00:00,95.9227935907,96.0871774104,94.9558299456,95.7100615888,431996,,,,,,,,,,,,,,,,94.33060991590193,88.39076442260155,87.13813732453598,87.02807342739378,86.72647908401092,,87.13813732453598,84.78839979571633,,83.56748654273746,"rgba(38, 166, 154, 0.5)",0.0,0.0,3.198002736879721,87.85227921922677,2.5236108394790158,0.0,0.0,0.0,0.0,58.00245860855655,3.3497092950160123,False,False,True,False,True,12.115119480787836,1,1.060367274764099,0.8781487544265524,False,False,False,False,0.134084331666382,0.12141154143909819,False,False,False,False,13574991,11989855.810035916,False,False,False,False,685819.6643345935,False,False,False,False
2025-01-17 00:00:00+00:00,95.7970883168,96.5319806871,95.5069992233,95.8551061355,375253,,,,,,,,,,,,,,,,94.35739122859538,88.42409733634553,87.17077182441682,87.06074829135144,86.75886373217028,,87.17077182441682,84.80456579046411,,83.57642170328903,"rgba(38, 166, 154, 0.5)",0.0,0.0,3.1779944842884293,87.87737929236098,2.4920461830858973,0.0,0.0,0.0,0.0,59.13740649676101,4.409858718245836,False,False,True,False,True,11.802743349809496,0,1.0804124092809966,0.859393913767903,False,False,False,False,0.15819172815726398,0.13980163479818108,False,False,False,False,13199738,12037302.170426665,False,False,False,False,673640.5794587272,False,False,False,False
2025-01-21 00:00:00+00:00,96.8607483264,97.2088552386,96.4304495044,96.444953959,444608,,,,,,,,,,,,,,,,94.40510819379358,88.46783024531535,87.21300773363025,87.10299211443494,86.80062112575746,,87.21300773363025,84.82518094678836,,83.58775043298971,"rgba(38, 166, 154, 1.0)",0.0,0.0,3.194999252789893,87.9123764642492,2.800743021876146,0.0,0.0,0.0,0.0,61.79013561152412,6.9209044666161645,True,False,True,False,True,13.700601609075303,0,1.0788720441114037,0.8455504833806392,False,False,False,False,0.18616938239839106,0.1629855085982861,False,False,False,False,13644346,12100323.4970766,False,False,False,False,664658.9096760319,False,False,False,False
2025-01-22 00:00:00+00:00,96.8027305077,97.1605070564,96.4062754132,96.7543823255,307541,,,,,,,,,,,,,,,,94.43648024150214,88.49765969733676,87.24187629774974,87.1318699387185,86.82917889245314,,87.24187629774974,84.83934789528608,,83.59554963166626,"rgba(38, 166, 154, 1.0)",0.0,0.0,3.2014240028864895,87.93609307924706,2.7695917255754154,0.0,0.0,0.0,0.0,63.362567161140916,8.399165247795132,True,False,True,False,True,13.552588800487023,0,1.0650755733609296,0.8690454511365499,False,False,False,False,0.1784207517303597,0.1707031301643229,False,False,False,False,13336805,12148812.96777948,False,False,False,False,650654.2857671679,False,False,False,False
2025-01-23 00:00:00+00:00,96.8607483264,97.2668730573,96.4352843226,96.9477750545,306068,,,,,,,,,,,,,,,,94.46772620110706,88.5273638667574,87.27062712725085,87.16062970334649,86.8576211157625,,87.27062712725085,84.85348959527249,,83.60334020980403,"rgba(38, 166, 154, 1.0)",0.0,0.0,3.2071378843519995,87.95973669216434,2.7753754142173723,0.0,0.0,0.0,0.0,64.51747919626496,9.530310521725504,True,False,True,False,True,13.657039508993911,0,1.044451188968962,0.8777753455717754,False,False,False,False,0.18335263600425492,0.1770278830842889,False,False,False,False,13642873,12207403.557278324,False,False,False,False,637141.0980900241,False,False,False,False
2025-01-24 00:00:00+00:00,97.6343192425,97.8760601537,96.9284357816,97.1991856022,305017,,,,,,,,,,,,,,,,94.50602240592389,88.55896391850804,87.30096695987301,87.19095986500662,86.8875685362793,,87.30096695987301,84.86828225504381,,83.61146087301864,"rgba(38, 166, 154, 1.0)",0.0,0.0,3.2323172671024647,87.98569999091708,2.9850470898335404,0.0,0.0,0.0,0.0,66.64600505272273,11.603486991386731,True,False,True,False,True,15.043653635541052,0,1.0621366147530868,0.8574946677798606,False,False,False,False,0.22008126096405786,0.19855457202417337,False,False,False,False,13947890,12275657.927581135,False,False,False,False,624116.6236551212,False,False,False,False
2025-01-27 00:00:00+00:00,97.537622878,98.1903233384,96.8414090535,96.8704179629,392212,,,,,,,,,,,,,,,,94.5545580673442,88.59946768543531,87.33988165112233,87.2298632794366,86.92598690641736,,87.33988165112233,84.88731827241178,,83.62192174624076,"rgba(38, 166, 154, 1.0)",0.0,0.0,3.2345441847878904,88.01892094656804,2.942826372939515,0.0,0.0,0.0,0.0,67.6723792596675,12.645962886403389,True,False,True,False,True,14.784786106511888,0,1.0528263079017945,0.8699763118519989,False,False,False,False,0.22878164696547035,0.21366810949482185,False,False,False,False,13555678,12325854.793166189,False,False,False,False,615022.3246882537,False,False,False,False
2025-01-28 00:00:00+00:00,97.0734803283,97.5279532415,96.401440595,97.4602657864,1831791,,,,,,,,,,,,,,,,94.72551724036899,88.77309896710504,87.50865272757727,87.39872222354511,87.0931391049224,,87.50865272757727,84.97182841113995,,83.6687433626577,"rgba(38, 166, 154, 1.0)",0.0,0.0,3.1997385433961485,88.15615119934886,2.7868930564203023,0.0,0.0,0.0,0.0,66.48232526248236,12.645962886403389,True,False,True,False,True,13.53806402180333,0,1.0405691965001516,0.8806278083136954,False,False,False,False,0.18686766487508583,0.20026788718495384,False,False,False,False,11723887,12302248.213042025,False,False,False,False,662738.7433279301,False,False,False,False
2025-01-29 00:00:00+00:00,97.5763014238,97.6826674247,96.55131996,96.55131996,398641,,,,,,,,,,,,,,,,94.76363539910083,88.81114367647992,87.54562232008551,87.43570795726788,87.12975140808256,,87.54562232008551,84.9904718184185,,83.67909428592036,"rgba(38, 166, 154, 1.0)",0.0,0.0,3.1605826520084808,88.18643453282732,2.9709290737913876,0.0,0.0,0.0,0.0,66.7380695967869,12.645962886403389,True,False,True,False,True,14.467230377613635,0,1.0458772572998138,0.8793301252627039,False,False,False,False,0.1983784356590226,0.19932316142198822,False,False,False,False,12122528,12295200.36155018,False,False,False,False,652381.969079776,False,False,False,False
2025-01-30 00:00:00+00:00,97.3761399492,98.2364913865,96.750429813,97.8551992723,599728,,,,,,,,,,,,,,,,94.82293854158837,88.8689746664478,87.60175988347952,87.49186404916796,87.1853303923377,,87.60175988347952,85.01883256712384,,83.69484760925971,"rgba(38, 166, 154, 1.0)",0.0,0.0,3.146175998728665,88.23274024906642,2.906194600628928,0.0,0.0,0.0,0.0,66.07977889800827,12.645962886403389,True,False,True,False,True,13.921179160443188,0,1.047814739915099,0.8737992260281011,False,False,False,False,0.22706326728739154,0.21319321435468988,False,False,False,False,11522800,12264910.15129331,False,False,False,False,650317.1075472357,False,False,False,False
2025-01-31 00:00:00+00:00,96.82864358,98.6177835008,96.7308763713,96.9361875097,556311,,,,,,,,,,,,,,,,94.87441769722918,88.92154947114626,87.65294398249478,87.54307456903086,87.23604579852271,,87.65294398249478,85.04489459028406,,83.70936268572308,"rgba(38, 166, 154, 0.75)",0.0,0.0,3.145347196937205,88.89193484177973,2.5233172178730157,0.0,0.0,0.0,0.0,63.479859602410855,12.645962886403389,True,False,True,False,False,12.431772319490584,0,1.0485158206492007,0.8643117432405522,False,False,False,False,0.24097352034521122,0.22708336734995055,False,False,False,False,10966489,12213991.674772004,False,False,False,False,646630.5935257755,False,False,False,False
2025-02-03 00:00:00+00:00,95.3621354483,95.7140973999,90.9137274486,93.2699171803,1318376,,,,,,,,,,,,,,,93.99665343226665,94.83463103290602,88.9946677293261,87.73057581844145,87.62122475209203,87.31472515786926,,87.73057581844145,85.08935562855217,,83.73513234328456,"rgba(38, 166, 154, 0.5)",0.0,0.0,3.1297700488216647,89.19968788509502,1.968977741839243,0.0,0.0,0.0,0.0,57.32172234185784,12.27512689962741,False,True,True,False,False,8.604284460930359,0,0.9905742965434127,0.8889336958358942,False,False,False,False,-0.0813947570608363,0.07284430514455711,False,False,False,False,9648113,12113368.98164369,False,False,False,False,672973.5506424117,False,False,False,False
2025-02-04 00:00:00+00:00,95.38168889,97.2001589734,95.2351358441,96.594002279,590446,,,,,,,,,,,,,,,94.59746773287618,94.85660379293948,89.03918809270604,87.77531862548265,87.66609187184251,87.35944297239222,,87.77531862548265,85.1134359587817,,83.74880833629078,#000000,0.0,0.0,3.103568871502913,89.27117213121758,1.968867781504519,0.0,0.0,0.0,0.0,53.277332971066926,8.678250421061946,False,True,False,False,False,8.643806438258956,1,1.0542531927697139,0.8772614685671073,False,False,False,False,0.11379521651466908,0.0933197608296131,False,False,False,False,10238559,12039847.021579232,False,False,False,False,669737.1761074152,False,False,False,False
2025-02-05 00:00:00+00:00,96.2615937691,96.4082445823,95.5576698658,95.5576698658,388766,,,,,,,,,,,,,,,94.84761673517046,94.87236954387416,89.06876638358384,87.80500253470404,87.69585457987402,87.38909968367535,,87.80500253470404,85.12943252244591,,83.75789716066004,#000000,0.0,0.0,3.1031004279916234,89.30976977644278,2.2402832760255063,0.0,0.0,0.0,0.0,53.16620826947142,8.678250421061946,False,True,False,False,False,10.409256083440038,1,1.0370436104167398,0.884873741794157,False,False,False,False,0.07907224575046432,0.08619600329003871,False,False,False,False,10627325,11984454.001125146,False,False,False,False,658718.6986130067,False,False,False,False
2025-02-06 00:00:00+00:00,97.4836838789,97.5227907624,96.6917694877,96.8188668592,367056,,,,,,,,,,97.23274804300002,,,,,95.17616972661199,94.90083930416529,89.10103892276756,87.836727702493,87.72761541333074,87.42062020777968,,87.836727702493,85.14608471890261,,83.76727094882867,"rgba(38, 166, 154, 0.5)",0.0,0.0,3.116017873530382,89.36079216705521,2.606818074070199,0.0,0.0,0.0,0.0,55.88013046460105,8.678250421061946,False,True,True,False,False,12.756245226095459,1,1.0401222320610246,0.8863986173956582,False,False,False,False,0.1755477030824098,0.13087185318622424,False,False,False,False,10994381,11945627.60892416,False,False,False,False,647280.9457262222,False,False,False,False
2025-02-07 00:00:00+00:00,97.3663632284,97.5423442042,96.4522398262,97.3370330657,428920,,,,,,,,,,97.17216272653897,,,,,95.44572390865241,94.93168668486214,89.13791194877405,87.87309001594247,87.76402641050679,87.45677928996076,,87.87309001594247,85.16530506083193,,83.77811677276654,"rgba(38, 166, 154, 0.5)",0.0,0.0,3.1301297075081718,89.41046211972466,2.541716111505446,0.0,0.0,0.0,0.0,57.31289633210348,8.678250421061946,False,True,True,False,True,12.444986978062627,1,1.02810228887185,0.8855268651251799,False,False,False,False,0.16599473815908958,0.1484332956726569,False,False,False,False,10565461,11891503.428182038,False,False,False,False,638717.7713840175,False,False,False,False
2025-02-10 00:00:00+00:00,97.1414986482,97.6205579712,96.594002279,97.1903822525,396230,,,,,,,,,,97.1543898209347,,,,,95.63567147808268,94.95941011757861,89.17166778381294,87.90642291206042,87.79740659273739,87.48993819477307,,87.90642291206042,85.1830033711874,,83.78811912004285,"rgba(38, 166, 154, 0.5)",0.0,0.0,3.115759891858416,89.45138927053716,2.4681328615075078,0.0,0.0,0.0,0.0,57.51801413654277,8.678250421061946,False,False,True,False,True,11.842571633536547,1,1.025333498445376,0.8955724910322127,False,False,False,False,0.17554770308675913,0.161990499379708,False,False,False,False,10169231,11823963.332959212,False,False,False,False,629208.4470160169,False,False,False,False
2025-02-11 00:00:00+00:00,97.395693391,97.6889950173,96.6917694877,96.7308763713,663145,,,,,,,,,,97.1917153113732,,,,,95.89485716838085,95.00718044050672,89.22851341038925,87.96251602617998,87.85357497656292,87.54572813991886,,87.96251602617998,85.21285333522785,,83.80500152232052,"rgba(38, 166, 154, 0.5)",0.0,0.0,3.106230739164128,89.51587605359641,2.5367778504194445,0.0,0.0,0.0,0.0,58.27784262922769,8.678250421061946,False,False,True,False,True,12.340500683727,1,1.043810555547757,0.8901021484836568,False,False,False,False,0.17571545311216016,0.1688529762459341,False,False,False,False,10832376,11785077.555196106,False,False,False,False,630539.2922310751,False,False,False,False
2025-02-12 00:00:00+00:00,96.4766816284,97.0192896372,95.9291852592,96.6917694877,409370,,,,,,,,,,97.06217158913792,,,,,95.9469173049986,95.02576718056162,89.25982168975183,87.99391736218931,87.88505510316416,87.57709772699927,,87.99391736218931,85.23001248772279,,83.81479628846921,"rgba(38, 166, 154, 0.5)",0.0,0.0,3.0843890746950136,89.54206592040148,2.2482947319751534,0.0,0.0,0.0,0.0,55.791290487718115,8.678250421061946,False,True,True,False,True,9.871985412730155,1,1.0263093260272758,0.9003076968394672,False,False,False,False,0.10347642334345522,0.13616469979469464,False,False,False,False,10423006,11731662.984404104,False,False,False,False,621865.9866533859,False,False,False,False
2025-02-13 00:00:00+00:00,98.2267146657,98.2364913865,96.4375747449,96.5646721163,1958635,,,,,,,,,,97.3271758057731,,,,,96.45352849858756,95.17473296548991,89.42941211812969,88.161099925132,88.05243765822364,87.74333761932023,,88.161099925132,85.31977661966849,,83.86572000458916,"rgba(38, 166, 154, 0.5)",0.0,0.0,3.088749300847382,89.71476739797593,2.7557909168571433,0.0,0.0,0.0,0.0,58.056305809159994,8.678250421061946,False,False,True,False,True,13.262519720088083,1,1.0281602318150727,0.8892575525985228,False,False,False,False,0.18393802538805268,0.16005136259137365,False,False,False,False,12381641,11757152.318349043,False,False,False,False,674288.3009022727,False,False,False,False
2025-02-14 00:00:00+00:00,98.7937644766,99.3119306832,98.3831421997,98.520016292,392745,,,,,,,,,98.82961245316667,97.45500543538488,,,,,96.58850637982306,95.21612262362592,89.46743231463351,88.19807268354602,88.08941537454952,87.77996401506421,,88.19807268354602,85.33935303631363,,83.87676920309931,"rgba(38, 166, 154, 0.5)",0.0,0.0,3.087423533028108,89.757030539217,2.926949879312439,0.0,0.0,0.0,0.0,60.54633976690402,4.941309696718967,False,False,True,False,True,14.30720701849237,1,1.051260812448048,0.8772876238688442,False,False,False,False,0.33144294057223317,0.2457471515818034,False,False,False,False,12774386,11797043.835276531,False,False,False,False,663247.3871413993,False,False,False,False
2025-02-18 00:00:00+00:00,99.0772893821,99.4585814963,98.441802525,98.6275602217,328383,,,,,,,,,98.90381354118618,97.5571204505253,,,,,96.69751518529807,95.25154502263257,89.49953576697638,88.22926109787942,88.12060518331899,87.81085178926725,,88.22926109787942,85.35587500777162,,83.88609570889936,"rgba(38, 166, 154, 1.0)",0.0,0.0,3.101384750117691,89.79237202976165,2.993797319725007,0.0,0.0,0.0,0.0,62.68244188007717,7.020270589124337,True,False,True,False,True,14.826706508221921,1,1.0535779975907067,0.8766074543676651,False,False,False,False,0.3418685313934453,0.29380784148762434,False,False,False,False,13102769,11848248.743697058,False,False,False,False,650115.4503907562,False,False,False,False
2025-02-19 00:00:00+00:00,98.7351041513,98.8230946392,97.7916505866,98.764434314,368606,,,,,,,,,98.75029268105209,97.61906223061538,,,,,96.78239039756866,95.28486942825144,89.53326962056629,88.2623016301609,88.15366673512719,87.84364819357846,,88.2623016301609,85.37363710712731,,83.89617536067738,"rgba(38, 166, 154, 1.0)",0.0,0.0,3.092201105499489,89.8261718066833,2.8810973286220416,0.0,0.0,0.0,0.0,62.94296500293673,7.376684584294438,True,False,True,False,True,13.889698279779786,1,1.0317052167648983,0.8871929559064957,False,False,False,False,0.2737702736697681,0.2837890575786962,False,False,False,False,12734163,11882990.47923835,False,False,False,False,639075.8641009226,False,False,False,False
2025-02-20 00:00:00+00:00,98.6666671052,99.16527987,97.8160923888,98.920861848,352617,,,,,,,,,98.70116659765814,97.67696039446894,,,,,96.86063172154142,95.31708576924672,89.5656601654881,88.29401609414893,88.18540012510118,87.8751255646697,,88.29401609414893,85.39071251669807,,83.9058705040101,"rgba(38, 166, 154, 1.0)",0.0,0.0,3.076012279918487,89.85839064499385,2.8635374825095217,0.0,0.0,0.0,0.0,62.8767638850058,7.526176490602758,True,False,True,False,True,13.700868832675276,1,1.0973929379164866,0.9256500457345403,False,False,False,False,0.2853492313111947,0.28456914444494547,False,False,False,False,12381546,11902541.676130963,False,False,False,False,627842.1831557883,False,False,False,False
2025-02-21 00:00:00+00:00,98.2169379448,99.7909900062,98.0507336898,99.0088523359,1226166,,,,,,,,,98.69429898570999,97.85652268241397,,,,,97.10422326055284,95.42886815258377,89.67819226323986,88.4042434523399,88.29569293520738,87.9845417053494,,88.4042434523399,85.45036043827359,,83.93979827303683,"rgba(38, 166, 154, 1.0)",0.0,0.0,3.0264827962356473,89.96788619558745,2.725623208389867,0.0,0.0,0.0,0.0,61.248156410329486,7.526176490602758,True,False,True,False,True,12.455100890360377,1,0.9776719181422465,0.9773319146398347,False,False,False,False,0.3380628064885001,0.3113159754667228,False,False,False,False,11155380,11873241.218243474,False,False,False,False,651305.8622477183,False,False,False,False
2025-02-24 00:00:00+00:00,97.552120925,98.4320258041,97.5325674833,98.2560448283,503436,,,,,,,,,98.55853522793721,97.85532334000212,,,,,97.14238162579821,95.46125714694251,89.719324607555,88.44515216677188,88.33667036428,88.02532049794429,,88.44515216677188,85.47313795785253,,83.95288537085464,"rgba(38, 166, 154, 0.5)",0.0,0.0,2.949186536565774,90.0019546836134,2.5600843309757204,0.0,0.0,0.0,0.0,58.04229554795841,7.526176490602758,False,False,True,False,False,10.64077674594446,1,0.9521678147907147,0.9865108690511432,False,False,False,False,0.22582988361868908,0.26857292954270595,False,False,False,False,10651944,11825347.209684907,False,False,False,False,645507.0441203568,False,False,False,False
2025-02-25 00:00:00+00:00,101.814771228,103.6332413114,99.8203201688,99.8594270524,1555430,,,,,,,,101.75611090273334,99.61061946394013,98.53318937974466,,,,,97.78037276254442,95.71221290105176,89.90389462643758,88.62111688604723,88.51236846769443,88.1986570458729,,88.62111688604723,85.56511215228585,101.75611090273334,84.00452698160143,"rgba(38, 166, 154, 1.0)",0.0,0.0,2.9413351764514766,90.96811524612419,3.687664047509735,0.0,0.0,0.0,0.0,62.93734624849574,7.526176490602758,True,False,True,False,True,18.332369617702398,0,0.9600439508515245,0.8855346701859477,False,True,False,False,0.34282824589739685,0.3057005877200514,False,False,False,False,12207374,11840328.652442362,False,False,False,False,681190.2972921075,False,True,False,False
2025-02-26 00:00:00+00:00,101.6192368105,102.8119967576,100.934866349,101.9223151577,763772,,,,,,,,101.76684330935079,99.91357155800449,98.7891433682005,,,,,98.03523647035271,95.82888250768245,89.99271205343857,88.70603993575226,88.59717725532201,88.28238006851868,,88.70603993575226,85.60998561264363,101.76684330935079,84.02982170173344,"rgba(38, 166, 154, 1.0)",0.0,0.0,2.953179944935688,91.0630674052322,3.574509377042949,0.0,0.0,0.0,0.0,65.67867059700203,9.945791903244796,True,False,True,False,True,17.813172179260956,0,0.9765198259698218,0.9026919990360964,False,False,False,False,0.3428282460386761,0.32426441687936375,False,False,False,False,11443602,11824770.744503448,False,False,False,False,684428.7954375151,False,False,False,False
2025-02-27 00:00:00+00:00,100.7100017688,101.7512225423,100.211389004,101.335711905,447456,,,,,,,,101.62517093110417,99.98720806090311,98.88168752684736,,,,,98.13778996051313,95.88518855775067,90.04021806763609,88.7519056112785,88.64301354934311,88.32772295411037,,88.7519056112785,85.63470710069593,101.62517093110417,84.04385971591545,"rgba(38, 166, 154, 1.0)",0.0,0.0,2.9768033111355514,91.1024221635264,3.2274821683158597,0.0,0.0,0.0,0.0,65.15270665259007,9.945791903244796,True,False,True,False,True,15.426338955944345,0,0.9831369651411668,0.908142151270346,False,False,False,False,0.26976625662824383,0.29701533675380376,False,False,False,False,10996146,11792275.656483704,False,False,False,False,675135.744636044,False,False,False,False
2025-02-28 00:00:00+00:00,100.5242440721,100.8859827446,99.4908446752,100.7002250479,595799,,,,,,,,101.39042511349318,100.0157605885921,98.9602579243747,,,,,98.23648168325388,95.94962706569149,90.09942665172689,88.80949867588133,88.70060067592624,88.38478016681928,,88.80949867588133,85.66623117270827,101.39042511349318,84.06186153126804,"rgba(38, 166, 154, 1.0)",0.0,0.0,2.9901639597471927,91.14500529392724,3.1366971525420104,0.0,0.0,0.0,0.0,64.33602527728765,9.945791903244796,True,False,True,False,True,14.94413597703658,0,0.9802973422132297,0.9042416029954091,False,False,False,False,0.20713431708543018,0.25207482691961697,False,False,False,False,10400347,11737690.21897454,False,False,False,False,672024.4997483561,False,False,False,False
2025-03-03 00:00:00+00:00,99.3510375667,101.658343694,98.6568903843,101.2086145336,603504,,,,,,,,101.16191490287532,100.00502257129793,99.00957926220838,,,,,98.30948594850877,96.00701300304759,90.15631634390076,88.86518507850953,88.75630603695755,88.4400461393205,,88.86518507850953,85.69713082164577,101.16191490287532,84.07959438280959,"rgba(38, 166, 154, 0.75)",0.0,0.0,2.9647164149073553,91.18309372744179,2.755050634248758,0.0,0.0,0.0,0.0,61.04121096053508,9.945791903244796,True,False,True,False,False,11.955762468750013,0,0.9741219186886046,0.8901225844303465,False,False,False,False,0.20473662322721548,0.22840572507341622,False,False,False,False,9796843,11661578.563328478,False,False,False,False,669337.4213268519,False,False,False,False
2025-03-04 00:00:00+00:00,97.3077029031,98.6275602217,95.8851900153,98.6275602217,1137664,,,,,,,,100.29513346373382,99.62951131820758,98.85155837434426,,,,97.27348438003332,98.22983062894123,96.04086376427745,90.23344039349821,88.94410469897217,88.83550342571081,88.51932513054817,,88.94410469897217,85.74434880302458,100.29513346373382,84.1074026065521,"rgba(38, 166, 154, 0.5)",0.0,0.0,2.9314769047677913,91.18383534489377,2.0890041972516626,0.0,0.0,0.0,0.0,55.190143973550505,11.411452552492712,False,True,True,False,False,7.107524309273245,1,0.9449709181695886,0.9175855519006959,False,False,False,False,-0.014640921930383834,0.1068824015715162,False,False,False,False,8659179,11543837.403982265,False,False,False,False,687703.1695101127,False,False,False,False
2025-03-05 00:00:00+00:00,97.1806055317,98.441802525,96.0562826306,97.8454225514,644241,,,,,,,,99.95116001536469,99.45593243593119,98.77188941843214,,,,97.25639982083884,98.18795701653009,96.05853780565765,90.27608955968948,88.98789226190875,88.87945437070135,88.56335271480924,,88.98789226190875,85.7708082687118,99.95116001536469,84.12304170538985,#000000,0.0,0.0,2.8942824888468204,91.19116845108331,2.0694030744051783,0.0,0.0,0.0,0.0,51.09244568076481,7.748396778191747,False,True,False,False,False,6.817986452287052,1,0.9751239375797018,0.9189416110816618,False,False,False,False,-0.015188380716038587,0.0458470104277388,False,False,False,False,8014938,11405449.19206139,False,False,False,False,685998.7707057947,False,False,False,False
2025-03-06 00:00:00+00:00,95.9291852592,96.7797599756,95.1372708681,96.6233324416,636585,,,,,,,,99.55208398323194,99.2223061761192,98.64146803232109,,,,96.91220263416706,98.09929483223124,96.05694362224783,90.31007122000265,89.02406789488415,88.91585510181697,88.60007060508434,,89.02406789488415,85.79393145815632,99.55208398323194,84.13695532779336,"rgba(239, 83, 80, 1.0)",0.0,0.0,2.833928186612266,91.18340762515325,1.6746287561082989,0.0,0.0,0.0,0.0,46.52612386287706,3.6795493302582827,False,True,False,True,False,4.018416882516121,0,0.950237115140059,0.9318949895480638,False,False,False,False,-0.11198430221307128,-0.03306864589266624,False,False,False,False,7378353,11247523.851196239,False,False,False,False,684060.9757761557,False,False,False,False
2025-03-07 00:00:00+00:00,96.3104773735,96.5060117911,94.3942400813,95.4599026571,414126,,,,,,,,99.31968787371116,99.07754022276175,98.5567235794073,,,,96.74037583465928,98.0399717489744,96.05394909173677,90.33113772517572,89.04668675817753,88.93862756146578,88.62307888506744,,89.04668675817753,85.80860515182778,99.31968787371116,84.14582716496848,"rgba(239, 83, 80, 1.0)",0.0,0.0,2.7698027714398146,91.17869850385568,1.852759670312804,0.0,0.0,0.0,0.0,44.34226588910086,1.824441570448883,False,True,False,True,False,4.765589555982981,0,0.9517521851214596,0.9292482539406598,False,False,False,False,-0.1641255991772202,-0.09859712253494321,False,False,False,False,7792479,11112031.896247366,False,False,False,False,673475.2904516006,False,False,False,False
2025-03-10 00:00:00+00:00,95.4794560988,95.9291852592,94.5506676154,94.8341925208,516410,,,,,,,,99.03730900333467,98.89249574863946,98.44308919879,,,,96.52132252310187,97.957378313959,96.045481514651,90.35516983984816,89.0729341753733,88.9650829838758,88.64989267576986,,89.0729341753733,85.82607625407842,99.03730900333467,84.15647378760828,"rgba(239, 83, 80, 1.0)",0.0,0.0,2.6949297260247502,91.17040333629059,1.5989480990532647,0.0,0.0,0.0,0.0,41.687812261913834,-0.5883470414775047,False,True,False,True,False,2.940982222050554,0,0.9475948776270213,0.9364940320868888,False,False,False,False,-0.18352360753698393,-0.1410603650359636,False,False,False,False,7276069,10961601.97874747,False,False,False,False,667315.8672966359,False,False,False,False
2025-03-11 00:00:00+00:00,93.1232663671,95.8754132944,92.7224208111,95.2936984021,1034790,,,,,,,,98.40151264643235,98.4447412456507,98.14497300647439,,,,95.90422542147473,97.72508146486182,95.99717668399398,90.38912862889306,89.1131273815612,89.005800308015,88.69173680826027,,89.1131273815612,85.85571169387588,98.40151264643235,84.17505457731397,"rgba(239, 83, 80, 1.0)",0.0,0.0,2.629219712855437,91.47952635160333,0.6251816869695946,0.0,0.0,0.0,0.0,37.261604468791035,-4.69243238837042,False,True,False,True,False,0.0,0,0.9175836022655808,0.9404875258374142,False,False,False,False,-0.2597365641546104,-0.20039846459528698,False,False,False,False,6241279,10776491.27369855,False,False,False,False,681726.6175987286,False,False,False,False
2025-03-12 00:00:00+00:00,94.7462020329,95.0101734967,93.2210335759,93.8858505956,883383,,,,,,,,98.011568945302,98.15142670726705,97.94208061591434,,,,95.63950189329894,97.56641847567926,95.96555629686806,90.42099935277929,89.14986600508414,89.04295772752471,88.72976123911447,,89.14986600508414,85.88214648858218,98.011568945302,84.19154089143812,"rgba(239, 83, 80, 1.0)",0.0,0.0,2.5735896564969427,91.46890087929714,1.2734357807700323,0.0,0.0,0.0,0.0,37.70798170519143,-4.69243238837042,False,True,False,True,False,1.3176120395961135,0,0.922412766196796,0.949455153464043,False,False,False,False,-0.2749059468683513,-0.23765220573181914,False,False,False,False,7124662,10633282.282573117,False,False,False,False,689634.7110262295,False,False,False,False
2025-03-13 00:00:00+00:00,92.8006345781,94.9221830087,92.7713044155,94.0129479671,608183,,,,,,,,97.73263840008892,97.93394834653014,97.78527582876733,,,,95.41783114700013,97.43975277378595,95.93383005685367,90.43805495540289,89.1708627594797,89.06427793265149,88.75181458229028,,89.1708627594797,85.89847557271764,97.73263840008892,84.20193558685041,"rgba(239, 83, 80, 1.0)",0.0,0.0,2.5352679903676054,91.44137162063927,0.5361417264861377,0.0,0.0,0.0,0.0,35.97190252268738,-5.998634595357693,False,True,False,True,False,0.0,0,0.9189348596619641,0.9544074464423739,False,False,False,False,-0.2973819405049102,-0.26751707311836465,False,False,False,False,6516479,10471839.016589858,False,False,False,False,686440.526280103,False,False,False,False
2025-03-14 00:00:00+00:00,94.7266485912,94.9906200549,93.211256855,93.4458981561,396448,,,,,,,,97.60008119097174,97.82679477759312,97.70712955807132,,,,95.34777307836426,97.37748803502186,95.9203293073692,90.45199272902833,89.18698706158983,89.08058964080641,88.76851979298922,,89.18698706158983,85.91021469572858,97.60008119097174,84.20928932479914,"rgba(239, 83, 80, 1.0)",0.0,0.0,2.4890687148506196,91.43762264872552,1.3213881653210489,0.0,0.0,0.0,0.0,38.11840824628074,-5.998634595357693,False,True,False,True,False,1.2301047521359578,0,0.9270246185456867,0.9472048797891466,False,False,False,False,-0.2761247596266644,-0.2718209163725145,False,False,False,False,6912927,10332273.839468688,False,False,False,False,675068.2703475499,False,False,False,False
2025-03-17 00:00:00+00:00,95.8314180504,95.9878455845,94.3697982791,94.8048623582,412641,,,,,,,,97.51469984647426,97.7542385924821,97.65429045609777,,,,95.35077203942724,97.33730301214904,95.91583521608779,90.4704510142241,89.2072009384374,89.10096679118213,88.78919065180831,,89.2072009384374,85.92397511054776,97.51469984647426,84.21775447774695,"rgba(239, 83, 80, 0.75)",0.0,0.0,2.44426429142079,91.44846162386524,1.793159783055644,0.0,0.0,0.0,0.0,41.177135103926375,-5.998634595357693,False,True,False,True,True,3.198651129127306,0,0.9331857824193173,0.9397401610548813,False,False,False,False,-0.18840003179254083,-0.23011047408252766,False,False,False,False,7325568,10214363.806548348,False,False,False,False,664777.0048437244,False,False,False,False
2025-03-18 00:00:00+00:00,95.4990095406,96.5793371976,94.8732994044,95.8118646087,468802,,,,,,,,97.4361047041189,97.68523004740334,97.60355422479651,,,,95.37041841734218,97.29930816249201,95.91327514579434,90.49232853540991,89.2309435065029,89.12488668185969,88.81341644173649,,89.2309435065029,85.93997820079356,97.4361047041189,84.22757455568053,"rgba(239, 83, 80, 0.75)",0.0,0.0,2.4112769333693755,91.46263251292878,1.673958296457897,0.0,0.0,0.0,0.0,42.785929854061735,-5.998634595357693,False,True,False,True,True,2.5631790366052627,0,0.9384215410087969,0.9365778497033654,False,False,False,False,-0.14499390345746602,-0.18755218876999685,False,False,False,False,6856766,10082693.304330766,False,False,False,False,657091.7105361274,False,False,False,False
2025-03-19 00:00:00+00:00,95.8900783757,96.1931567229,95.0786105428,95.7140973999,433436,,,,,,,,97.37174253479131,97.62739937866446,97.56048189749605,,,,95.39042549797088,97.26710086216865,95.91157139534734,90.51266439620716,89.25297770785669,89.14708294856982,88.83589093660001,,89.25297770785669,85.95483367452233,97.37174253479131,84.23669441753259,"rgba(239, 83, 80, 0.75)",0.0,0.0,2.3500171775457868,91.47517816924893,1.878667206620896,0.0,0.0,0.0,0.0,44.47261526320783,-13.203562616669359,False,True,False,True,True,3.263013536816075,0,0.9508112820312529,0.9378719935632845,False,False,False,False,-0.15212211923623317,-0.169837154003115,False,False,False,False,7290202,9973183.841415836,False,False,False,False,648320.8983582401,False,False,False,False
2025-03-20 00:00:00+00:00,95.7140973999,96.0367291889,94.8439692417,95.0492803802,359686,,,,,,,,97.31618056135191,97.57742491876591,97.52268546203446,,,,95.39681556441401,97.23820808025982,95.90880324195935,90.52881220813707,89.27061839394808,89.16486298036249,88.85392161004721,,89.27061839394808,85.96688929851977,97.31618056135191,84.24412715059957,"rgba(239, 83, 80, 0.75)",0.0,0.0,2.299907363872883,91.48294567828057,1.8397052803441887,0.0,0.0,0.0,0.0,45.332167593610144,-12.100041114333216,False,True,False,True,True,2.9173476159754657,0,0.9460715216320399,0.9415336652750607,False,False,False,False,-0.16758807075042123,-0.1687126123767681,False,False,False,False,6930516,9853863.533909332,False,False,False,False,637001.8827363484,False,False,False,False
2025-03-21 00:00:00+00:00,94.5408908945,95.3328052856,93.8467437121,94.858634323,1041033,,,,,,,,97.09575625147488,97.38349378676105,97.37180503483631,,,,95.30144684156733,97.11571250173606,95.88122903432402,90.56612867830673,89.31339290998977,89.20810891627164,88.89815469029747,,89.31339290998977,85.99813307528342,97.09575625147488,84.26376318038324,"rgba(239, 83, 80, 0.75)",0.0,0.0,2.260845318480411,91.4789049491519,1.3543544621646917,0.0,0.0,0.0,0.0,44.202262818659364,-12.100041114333216,False,True,False,True,True,0.6445523275525353,0,0.9304613799701353,0.9414074384983343,False,False,False,False,-0.2359026672279386,-0.20230763980235333,False,False,False,False,5889483,9698397.630618772,False,False,False,False,652846.2402760995,False,False,False,False
2025-03-24 00:00:00+00:00,95.2936984021,95.9389619801,95.1177174263,95.225261356,608633,,,,,,,,97.02190406957331,97.31317508035622,97.31599652969506,,,,95.3108768570063,97.07212039340997,95.87608650216097,90.59233148647212,89.34219737165897,89.23715245776675,88.92764562005173,,89.34219737165897,86.01815132030772,97.02190406957331,84.27618193541927,"rgba(239, 83, 80, 0.75)",0.0,0.0,2.211446140226193,91.49036960398726,1.7198378603621471,0.0,0.0,0.0,0.0,44.82657833617769,-11.98168217849392,False,True,False,True,True,2.038049207866109,0,0.9312607504491233,0.9461084575528449,False,False,False,False,-0.16061899275208072,-0.181463316277217,False,False,False,False,6498116,9572896.39020235,False,False,False,False,651112.3877162525,False,False,False,False
2025-03-25 00:00:00+00:00,95.9585154219,96.4864583493,95.7140973999,95.9585154219,452917,,,,,,,,96.9905930250078,97.27996698362746,97.28927933079231,,,,95.34432612243631,97.05265146312233,95.87764332804664,90.61404613583984,89.36555600113857,89.26067086945201,88.95143237975755,,89.36555600113857,86.03394173995845,96.9905930250078,84.28590319387573,"rgba(239, 83, 80, 0.75)",0.0,0.0,2.162815015450763,91.50491292708148,2.059169398678476,0.0,0.0,0.0,0.0,46.40536254366822,-10.107682719438685,False,True,False,True,True,3.24978662020888,0,0.9288014246298711,0.9286377296584424,False,False,False,False,-0.11566439510703082,-0.1485638556921239,False,False,False,False,6951033,9470078.218037553,False,False,False,False,643340.0195705171,False,False,False,False
2025-03-26 00:00:00+00:00,95.4012423318,96.6819927669,94.9612898923,96.3593609779,320761,,,,,,,,96.96130228121791,97.25068132231755,97.26554779426411,,,,95.35475598013932,97.03434788749466,95.87642870639583,90.62827719488907,89.38108716048292,89.27632327988397,88.96730631890291,,89.38108716048292,86.04468111048924,96.96130228121791,84.29256113829018,"rgba(239, 83, 80, 0.75)",0.0,0.0,2.1128715105311078,91.93876182166612,1.6387558319926092,0.0,0.0,0.0,0.0,46.52808266210151,-9.609260762201934,False,True,False,True,True,2.1537900083280554,1,0.9292831395643364,0.9172535477421337,False,False,False,False,-0.137496171706784,-0.14303001369945395,False,False,False,False,6630272,9358713.26831059,False,False,False,False,630689.8619403008,False,False,False,False
2025-03-27 00:00:00+00:00,94.8635226835,95.3230285648,94.4529004066,95.225261356,266378,,,,,,,,96.92333084810477,97.21514936908196,97.23665772021285,,,,95.34286129738045,97.01072491317184,95.87132952072439,90.638169513446,89.39229335737612,89.28764433579927,88.97886487667142,,89.39229335737612,86.0528411035295,96.92333084810477,84.29769556923911,"rgba(239, 83, 80, 0.75)",0.0,0.0,2.118297805359193,91.92145148523045,1.3888845991466565,0.0,0.0,0.0,0.0,45.73104202283983,-9.609260762201934,False,True,False,True,True,1.1042554358482022,1,0.9192315756531109,0.9385793429778748,False,False,False,False,-0.21173789926734785,-0.17738395648340088,False,False,False,False,6363894,9241269.375435665,False,False,False,False,616403.1222563674,False,False,False,False
2025-03-28 00:00:00+00:00,93.1428198089,94.8732994044,93.054829321,94.5311141736,588322,,,,,,,,96.79811665646488,97.1022152090326,97.14428113160369,,,,95.25624417115567,96.9322196609203,95.84695871772053,90.65377394248685,89.4115522322499,89.30720247356955,88.99911986679479,,89.4115522322499,86.06838851533031,96.79811665646488,84.30774513962233,"rgba(239, 83, 80, 1.0)",0.0,0.0,2.098975330536494,91.86835591332634,0.6071838372906984,0.0,0.0,0.0,0.0,42.76381488503939,-9.609260762201934,False,True,False,True,False,0.0,1,0.8921445141686237,0.9576541120433955,False,False,False,False,-0.28753955108842927,-0.23246175378591508,False,False,False,False,5775572,9105359.67443819,False,False,False,False,615301.9017757255,False,False,False,False
2025-03-31 00:00:00+00:00,93.37746111,93.7734183055,91.3243497255,92.1944778837,535815,,,,,,,,96.6627494002271,96.98094656852207,97.04418847794462,,,,95.14547648111773,96.84564429287094,95.81651543683179,90.66383735010577,89.42542605756876,89.3213779505792,89.01404162564366,,89.42542605756876,86.08089218516656,96.6627494002271,84.31603679108697,"rgba(239, 83, 80, 1.0)",0.0,0.0,2.115266986631699,91.82266386039916,0.7350359360908197,0.0,0.0,0.0,0.0,41.29593775583374,-9.609260762201934,False,True,False,True,False,0.0,1,0.8807453117226811,0.9658404112657176,False,False,False,False,-0.34282825441539394,-0.2876450041006545,False,False,False,False,6311387,8995792.11857787,False,False,False,False,612184.768372756,False,False,False,False
2025-04-01 00:00:00+00:00,94.2769194308,94.6875417077,92.3802355804,93.2014801341,432131,,,,,,,,96.58569641173077,96.90942404789317,96.98433023095276,,,,95.09713580087754,96.79442496073628,95.80011505873108,90.67544764470762,89.43965833296659,89.33582576020557,89.02899053558106,,89.43965833296659,86.092368044438,96.58569641173077,84.32346257138052,"rgba(239, 83, 80, 1.0)",0.0,0.0,2.1183055429204303,91.81436105095938,1.1625133060104211,0.0,0.0,0.0,0.0,42.22222278237869,-9.609260762201934,False,True,False,True,False,0.046177577853939056,1,0.8881096135893477,0.9610754449330897,False,False,False,False,-0.26640923753851997,-0.27702712081958725,False,False,False,False,6743518,8907467.643339522,False,False,False,False,605123.8362797068,False,False,False,False
2025-04-02 00:00:00+00:00,95.3621354483,95.6016651098,93.1917034133,93.5925489693,557993,,,,,,,,96.52336926051065,96.84795474004184,96.93189430167125,,,,95.08056567348461,96.75056337920681,95.78897494956699,90.69479601895141,89.46183500105644,89.35824638218301,89.0519335278866,,89.46183500105644,86.10893532007894,96.52336926051065,84.33398211593408,"rgba(239, 83, 80, 0.75)",0.0,0.0,2.1128264240182912,91.82511573370044,1.6740701812469054,0.0,0.0,0.0,0.0,44.882158498341916,-9.609260762201934,False,True,False,True,True,2.0659758572118356,1,0.8951203833914191,0.9658923919684802,False,False,False,False,-0.20191082495464688,-0.23946897288711705,False,False,False,False,7301511,8844488.951443855,False,False,False,False,603275.5681903065,False,False,False,False
2025-04-03 00:00:00+00:00,93.9054040374,95.7874228065,93.8271902704,93.856520433,1104640,,,,,,,,96.3983635550693,96.72475736315045,96.82565355945663,,,,95.03481001317598,96.66047459045065,95.76335172703745,90.73057028342252,89.50344519966907,89.40035291178312,89.09513394059677,,89.50344519966907,86.14074366760443,96.3983635550693,84.35432111023948,"rgba(239, 83, 80, 0.75)",0.0,0.0,2.1259233816491414,91.83290757293433,0.9748688416315247,0.0,0.0,0.0,0.0,44.325261701980054,-9.609260762201934,False,True,False,True,True,0.0,1,0.9037116499557561,0.963783528200023,False,False,False,False,-0.17181782658996192,-0.20564339973853948,False,False,False,False,6196871,8740660.796485273,False,False,False,False,622936.9184573533,False,False,False,False
2025-04-04 00:00:00+00:00,87.2181269565,91.2559126793,86.6021935412,90.8746205651,1636571,,,,,,,,95.72215264605053,96.11972532980604,96.30963036793916,,,88.35874439233334,94.32953340216028,96.19439697277079,95.5504452217176,90.69804419202625,89.48962597003751,89.38788301276077,89.08659371192748,,89.48962597003751,86.15312092139895,95.72215264605053,84.36614779909948,"rgba(239, 83, 80, 1.0)",0.0,0.0,2.3514483402787056,91.57884788476832,-1.8544829812214656,0.0,0.0,0.0,0.0,38.00729779038917,-6.602014331839634,False,True,False,True,False,0.0,0,0.8614792269028846,0.9864701520338431,False,False,False,False,-0.34282825441539394,-0.2742358270769667,False,False,False,False,4560300,8576725.078976046,False,False,False,False,662687.2745962807,False,False,False,False
2025-04-07 00:00:00+00:00,86.1524643808,88.6064213213,83.4931963019,83.6007402315,1113861,,,,,,,,95.20028606638503,95.64892546317535,95.90236414507699,,,87.43753688145152,93.77644103586822,95.82229044928879,95.36874652231172,90.65537742838113,89.46187183835258,89.3611805507093,89.06307919323886,86.08402733466666,89.46187183835258,86.15285949456883,95.20028606638503,84.36959399486298,"rgba(239, 83, 80, 1.0)",0.0,0.0,2.6020331826623972,91.3259390987499,-1.988243175537219,0.0,0.0,0.0,0.0,33.22458078276002,-10.932559201302169,False,True,False,True,False,0.0,0,0.8324141096124502,1.0196008666860077,True,False,False,False,-0.34282825441539394,-0.30853204074618035,False,False,False,False,3446439,8375537.389604437,False,False,False,False,680380.3618670148,False,False,False,False
2025-04-08 00:00:00+00:00,85.5854145698,89.1734711322,84.930374271,88.8508393432,945754,,,,,,,,94.82065120790841,95.30087866807861,95.59686766487856,,,87.2137887267468,93.38774640519777,95.54171013442937,95.22754008144354,90.62349674575118,89.44195122962658,89.34210972142608,89.0465652387229,86.30400644288083,89.44195122962658,86.15417317894182,94.82065120790841,84.37332384603239,"rgba(239, 83, 80, 1.0)",0.0,0.0,2.8504063187432624,91.20334717179244,-1.9709234311792376,0.0,0.0,0.0,0.0,29.73641884783066,-13.978334212814438,False,True,False,True,False,0.0,0,0.8515552825678271,1.0166522318015077,False,False,False,False,-0.29660432442637263,-0.3025681825862765,False,False,False,False,2500685,8145151.0213846555,False,False,False,False,690787.1712055632,True,False,False,False
2025-04-09 00:00:00+00:00,89.672083897,90.0435992904,83.6105169524,84.9792578754,1329882,,,,,,,,94.41056089273977,94.91623673102917,95.25292524851618,,,87.36238933964519,92.99244295707702,95.22430712991827,95.06320722831508,90.59263509645446,89.42600112200833,89.32723707252656,89.03486663729298,86.88131330242409,89.42600112200833,86.16144083050091,94.41056089273977,84.38143900609928,"rgba(239, 83, 80, 0.75)",0.0,0.0,2.9101836840495774,91.09993389536143,-0.49063913256999536,0.0,0.0,0.0,0.0,33.37152903432844,-13.978334212814438,False,True,False,True,True,0.0,0,0.8507941911667867,1.002041780794589,False,False,False,False,-0.30686357731012576,-0.30471587994820115,False,False,False,False,3830567,7975951.647997022,False,False,False,False,715849.7135112274,False,False,False,False
2025-04-10 00:00:00+00:00,86.9932623763,89.0463737608,85.653851616,88.8899462267,1012563,,,,,,,,94.1058789180838,94.62836504069566,94.99304487357426,,,87.34038512097294,92.69920065959641,94.98308633468895,94.9338781462299,90.56512864782488,89.41012285070305,89.31219569071577,89.02231577313347,86.96178572635098,89.41012285070305,86.16507956423477,94.1058789180838,84.38660527120454,"rgba(239, 83, 80, 0.75)",0.0,0.0,3.063535872461998,91.00297537815386,-1.308851330221728,0.0,0.0,0.0,0.0,33.85699962339845,-13.978334212814438,False,True,False,True,True,0.0,0,0.8658047441283108,1.0066403013957714,False,False,False,False,-0.28309224019468776,-0.29390406007144443,False,False,False,False,2818004,7773679.191212825,False,False,False,False,727485.52866765,False,False,False,False
2025-04-11 00:00:00+00:00,89.1050340861,89.4863262003,87.5505354664,87.5896423499,910160,,,,,,,,93.90775418203282,94.43571227863622,94.81536873264693,,,87.52029810023576,92.5248478831626,94.81751867140883,94.84290729743056,90.55161219522205,89.40562516669706,89.30836168364893,89.02039913192745,87.2619923661539,89.40562516669706,86.17284918181004,93.90775418203282,84.39364547994752,"rgba(239, 83, 80, 0.75)",0.0,0.0,3.140826131678082,90.95955010665782,-0.5904548493956201,0.0,0.0,0.0,0.0,36.57804477171143,-20.443201881215824,False,True,False,True,True,0.0,0,0.8769771227979343,1.0026976823031524,False,False,False,False,-0.23106035303573655,-0.2624822065535905,False,False,False,False,3728164,7615031.53665546,False,False,False,False,734649.2334257814,False,False,False,False
2025-04-14 00:00:00+00:00,90.1413664992,90.561765497,89.2907917828,90.3662310794,517183,,,,,,,,93.8277891685654,94.35506538063281,94.73913550395164,,,87.69193172252768,92.46355355366676,94.74626089685852,94.80297376239241,90.54932463844462,89.4077918447175,89.3108639731771,89.02383979136576,87.50472794234017,89.4077918447175,86.1794632682052,93.8277891685654,84.39882168337296,"rgba(239, 83, 80, 0.75)",0.0,0.0,3.193488199110508,90.95233157406682,-0.25394334480167957,0.0,0.0,0.0,0.0,39.47867584836083,-17.689407766160755,False,True,False,True,True,0.0,0,0.8903521025662633,0.9949710685978908,False,False,False,False,-0.16993023085161527,-0.21620621870260287,False,False,False,False,4245347,7482887.045021913,False,False,False,False,726121.1458404566,False,False,False,False
2025-04-15 00:00:00+00:00,90.6204258222,91.4123402134,90.2000268245,90.8159602398,513132,,,,,,,,93.76646164620718,94.2911134561278,94.6773830735557,,,87.8882255821805,92.42314788682445,94.68840290891701,94.77005180001078,90.55012053126538,89.41262452448557,89.31600587551948,89.02982663547807,87.76681711700836,89.41262452448557,86.1872811026427,93.76646164620718,84.40463115572221,"rgba(239, 83, 80, 0.75)",0.0,0.0,3.2338686433158497,90.95368610936174,-0.10305313045121917,0.0,0.0,0.0,0.0,41.91939790323704,-15.354935894339135,False,True,False,True,True,0.0,0,0.9383833033531975,0.9700206763193986,False,False,False,False,-0.13238052840684558,-0.17429337355472424,False,False,False,False,4758479,7376047.513844583,False,False,False,False,717768.6303173015,False,False,False,False
2025-04-16 00:00:00+00:00,90.7670766354,91.1825872727,89.7209675014,90.6204258222,663648,,,,,,,,93.68597283759132,94.2074906756378,94.59661984569725,,,88.09314235601451,92.36809590874807,94.61256954679745,94.72631131822793,90.55015602113875,89.41795090631271,89.32173623048341,89.03666849605781,88.03110050095874,89.41795090631271,86.19693835765464,93.68597283759132,84.41190733201466,"rgba(239, 83, 80, 0.75)",0.0,0.0,3.2715262279502055,90.94995122961957,-0.05589886232828728,0.0,0.0,0.0,0.0,43.71097584501433,-13.584376136009638,False,True,False,True,True,0.0,0,0.8938871981399751,0.9856836721800533,False,False,False,False,-0.1474542857913412,-0.1608738296730327,False,False,False,False,5422127,7299423.179968325,False,False,False,False,715646.2526577995,False,False,False,False
2025-04-17 00:00:00+00:00,91.3439031672,91.6023019001,90.2489104289,91.119038587,439280,,,,,,,,93.64317748093838,94.16159149183588,94.55138868091622,,,88.23688708737905,92.3431403451878,94.5699866614752,94.701323081943,90.5519399614603,89.42301025541285,89.32704881233565,89.04266620749881,88.21010189867738,89.42301025541285,86.20404952154813,93.64317748093838,84.41711159695839,"rgba(239, 83, 80, 0.5)",0.0,0.0,3.298663261231644,90.95183060051703,0.1188580147876564,0.0,0.0,0.0,0.0,45.58301107808009,-11.68029113362077,False,False,False,True,True,0.0,0,0.8977075540206537,0.9762173429423536,False,False,False,False,-0.12731496806286277,-0.14409439886794773,False,False,False,False,5861407,7243030.388597018,False,False,False,False,704808.3603967093,False,False,False,False
2025-04-21 00:00:00+00:00,90.239133708,91.3047962837,89.6916373388,91.2265825167,371968,,,,,,,,93.59910968592754,94.11578124064809,94.50697677160522,,,88.32246129748381,92.31232068574603,94.528147862156,94.67667583742337,90.55153017917497,89.42557558053021,89.32984090814507,89.04608584510402,88.31486546954227,89.42557558053021,86.20924785588556,93.59910968592754,84.42107967814866,"rgba(239, 83, 80, 0.5)",0.0,0.0,3.3439295805336493,90.94706234897171,-0.211705606808484,0.0,0.0,0.0,0.0,45.59531455012559,-11.444997771890769,False,False,False,True,True,0.0,0,0.8861769128305146,0.9876113967971597,False,False,False,False,-0.14547545655265165,-0.1447849277102997,False,False,False,False,5489439,7174262.098848116,False,False,False,False,691755.7972438972,False,False,False,False
2025-04-22 00:00:00+00:00,91.9989434661,92.2335847672,90.8648438442,91.0603782618,2597184,,,,,,,,93.43391870105496,93.92583810305848,94.31129647876664,,,89.05017510187334,92.25084566015067,94.3424412040111,94.56182399048947,90.57450056820481,89.46602562122646,89.37166788698225,89.09155835192708,89.15882774508124,89.46602562122646,86.25619811947746,93.43391870105496,84.4545622764469,#000000,0.0,0.0,3.3605625382702526,90.97652785948972,0.30423942270585985,1.0,91.5589910266,91.3047962837,0.0,47.71280028379701,-9.153550861466165,False,False,False,False,True,0.0,0,0.8942524616009222,0.973784901343078,False,False,False,False,-0.10096260611524081,-0.12287376691277024,False,False,False,False,8086623,7210040.957716817,False,False,False,False,766478.4718617836,False,False,False,False
2025-04-23 00:00:00+00:00,92.0184969078,93.9054040374,91.5589910266,93.5827722484,745614,,,,,,,,93.41103673912424,93.89424931015279,94.27565664840526,,,89.25084915683075,92.25765648892188,94.30825666314654,94.53917972032643,90.58546934670434,89.48141454753946,89.38741408844375,89.10821983378578,89.38167019881281,89.48141454753946,86.27147638754305,93.41103673912424,84.46516663288966,#000000,0.0,0.0,3.376638810379824,90.9930722829159,0.3036820585405609,0.0,0.0,0.0,0.0,49.14720535427962,-7.527141197854533,False,False,False,False,True,0.0,0,0.9004569948780018,0.9598058407306987,False,False,False,False,-0.0513239813702426,-0.08709887414150642,False,False,False,False,8832237,7273656.488786746,False,False,False,False,765660.2572789687,False,False,False,False
2025-04-24 00:00:00+00:00,93.2992473429,93.4067912726,92.2238080463,92.4584493474,408591,,,,,,,,93.40531578025995,93.88328570547289,94.26184214280202,,,89.36612894051595,92.26851220818807,94.29489452250547,94.52985746377828,90.59293256684784,89.49112082394322,89.39730484462864,89.11857189590988,89.50863754013146,89.49112082394322,86.28046353558099,93.40531578025995,84.47131425304755,"rgba(38, 166, 154, 1.0)",0.0,0.0,3.373282082432255,91.00520097988706,0.6800636018434754,0.0,0.0,0.0,0.0,51.588209058764335,-4.970819430400212,True,False,True,False,True,0.19193381424262412,0,0.9040370817823522,0.9631785434396465,False,False,False,False,-0.04784927581158441,-0.06747407497654542,False,False,False,False,9240828,7350800.469618638,False,False,False,False,751657.5413072444,False,False,False,False
2025-04-25 00:00:00+00:00,92.888625066,93.612102411,92.5268863935,93.3872378308,1970738,,,,,,,,93.38165821278916,93.83565978553747,94.2007262071175,,,89.83921056003386,92.31879305617409,94.23554203612872,94.48732380550774,90.62876833978808,89.53762032656581,89.44468244664922,89.16814962113392,90.01815938513877,89.53762032656581,86.32368399976015,93.38165821278916,84.50095463971837,"rgba(38, 166, 154, 1.0)",0.0,0.0,3.374683483907425,91.05747732535004,0.5426131811715117,0.0,0.0,0.0,0.0,52.61884975959096,-3.763788230659017,True,False,True,False,True,0.0,0,0.9166383973513739,0.9585821690298263,False,False,False,False,-0.037227570102215744,-0.05235082253938059,False,False,False,False,7270090,7347635.353163005,False,False,False,False,799464.6181187251,False,False,False,False
2025-04-28 00:00:00+00:00,93.7391997825,93.7978601077,93.0254991583,93.2503637385,2059814,,,,,,,,93.38983678034064,93.81869764917211,94.16773825138567,,,90.27919221198854,92.39843099127788,94.20264522264743,94.45987167856161,90.67291527413037,89.5918976394304,89.499810813924,89.22536047693524,90.48067142593774,89.5918976394304,86.37168060210021,93.38983678034064,84.53356540913936,"rgba(38, 166, 154, 1.0)",0.0,0.0,3.374288464917919,91.1199686300582,0.7762321389156966,0.0,0.0,0.0,0.0,54.323588798035715,-1.9013218769981393,True,False,True,False,True,0.8605906945263868,0,0.9146426700032599,0.9663342207756511,False,False,False,False,-0.02294193158895681,-0.0376463770641687,False,False,False,False,9329904,7425371.378529162,False,False,False,False,848890.0840748536,False,False,False,False
2025-04-29 00:00:00+00:00,94.2378125473,94.3169707266,92.9366499738,93.3967568914,562800,,,,,,,,93.39679901146903,93.81886855801567,94.1633256029184,,,90.3914846081629,92.42389260752553,94.19802276076683,94.45502461868087,90.68603002389999,89.60761990782854,89.51575497822938,89.24183941729852,90.59731855719897,89.60761990782854,86.385246641052,93.39679901146903,84.54274018408125,"rgba(38, 166, 154, 1.0)",0.0,0.0,3.3758346414996105,91.1382358316672,0.9181660373791003,0.0,0.0,0.0,0.0,56.04660488585199,-0.03944341995998002,True,False,True,False,True,1.6087674155165033,0,0.897941681440694,0.970204703480728,False,False,False,False,-0.013965758080557368,-0.025806067572363034,False,False,False,False,9892704,7522129.520547627,False,False,False,False,837670.865091526,False,False,False,False
2025-04-30 00:00:00+00:00,94.4752870854,94.8611832098,92.7832810012,93.8024425607,634605,,,,,,,,93.40805631473688,93.82242655306933,94.16153141490375,,,90.5170892189325,92.45565442607916,94.19583906750144,94.45145097843428,90.7016642606468,89.62608112794831,89.53445901430604,89.26112161065603,90.72738459590943,89.62608112794831,86.40091308404493,93.40805631473688,84.5532966271711,"rgba(38, 166, 154, 1.0)",0.0,0.0,3.375054069545324,91.16014533727687,0.98224848545011,0.0,0.0,0.0,0.0,57.48348285354487,1.5431838153240207,True,False,True,False,True,1.9669480510851827,0,0.8970155006968747,0.9669373546621937,False,False,False,False,-0.005813915134635307,-0.01580999135349917,False,False,False,False,10527309,7639979.696212425,False,False,False,False,829707.4978330347,False,False,False,False
2025-05-01 00:00:00+00:00,95.3064479688,95.8110813624,94.0399170988,94.1586543679,509054,,,,,,,,93.4308262973386,93.83810601923948,94.17180214603526,,,90.63897238399984,92.49596020430133,94.20522590611826,94.45557308074774,90.71787260278815,89.64415100373907,89.55269810460148,89.2797310101273,90.85460808531634,89.64415100373907,86.4150934269827,93.4308262973386,84.56264965013408,"rgba(38, 166, 154, 1.0)",0.0,0.0,3.370975973589449,91.18525985212945,1.2225504272230898,0.0,0.0,0.0,0.0,59.44483307501983,3.6073112607871494,True,False,True,False,True,3.2181135421279983,0,0.9166711106781358,0.9552458066548396,False,False,False,False,0.04022487258897237,0.012207440617736601,False,False,False,False,11036363,7773171.198321742,False,False,False,False,817132.8508591902,False,False,False,False
2025-05-02 00:00:00+00:00,96.6026631561,96.8896115564,96.177187942,96.5729788388,450296,,,,,,,96.5564875515,93.46864768112994,93.86841571926027,94.19587384986953,,,90.77637633933729,92.55095463526717,94.22779766149456,94.46824194220856,90.73704970397164,89.66445235769496,89.57311637813235,89.30035587663731,90.99920794744307,89.66445235769496,86.42977574209709,93.46864768112994,84.57209344854562,"rgba(38, 166, 154, 1.0)",0.0,0.0,3.374468300066275,91.21744946968326,1.595870284604827,1.0,95.9792924935,95.8110813624,0.0,62.15972424698806,6.329487957700721,True,False,True,False,True,5.1231127197259845,0,0.9278633068295735,0.9475772544047386,False,False,False,False,0.10768267803045828,0.05994505932409744,False,False,False,False,11486659,7918798.170936576,False,False,False,False,802747.092001967,False,False,False,False
2025-05-05 00:00:00+00:00,96.7807690597,97.1963495014,95.9792924935,96.2118196454,466411,,,,,,,96.60515300667052,93.5080534926342,93.9001976866474,94.22128966951509,,,90.91437444458909,92.6076915804773,94.25166650876481,94.48179781625063,90.75710504195318,89.68564499316118,89.59442818974298,89.3218759347601,91.14389626148696,89.68564499316118,86.4450819649512,93.5080534926342,84.58193749552052,"rgba(38, 166, 154, 1.0)",0.0,0.0,3.3785797592557874,91.25061236593041,1.6368288120531884,0.0,0.0,0.0,0.0,64.1546242924124,8.325156733031939,True,False,True,False,True,5.382157959409575,0,0.923671761411947,0.9501757621479027,False,False,False,False,0.10997956936897232,0.08496231434653488,False,False,False,False,11953070,8077004.90933122,False,False,False,False,789557.4413352231,False,False,False,False
2025-05-06 00:00:00+00:00,96.998454053,97.2458233635,96.4938206595,96.9192958736,487428,,,,,,,96.7119138973689,93.5515333912262,93.935717680022,94.25008218714243,,,91.05807219110089,92.66904497014941,94.27876744330881,94.49746520738266,90.7788392780051,89.70847890672862,89.61738085569607,89.34502614445408,91.29418387590871,89.70847890672862,86.46143608884093,93.5515333912262,84.59242970804691,"rgba(38, 166, 154, 1.0)",0.0,0.0,3.384067093549211,91.28629828096909,1.687955827743356,0.0,0.0,0.0,0.0,65.72348529074793,9.925742809479857,True,False,True,False,True,5.702551248749749,0,0.9327877269762826,0.9375404091897057,False,False,False,False,0.12190072686926984,0.10343152060790237,False,False,False,False,12440498,8248122.285435879,False,False,False,False,777709.2279495281,False,False,False,False
2025-05-07 00:00:00+00:00,97.0083488254,97.6267721018,96.8500324667,96.9687697357,445401,,,,,,,96.8202346368031,93.59317696207962,93.97010485601494,94.278269438107,,,91.18882334363624,92.72680014408685,94.30534952245388,94.5130641514897,90.7993666210792,89.72993510372297,89.6389405973534,89.36674921056559,91.43061589918545,89.72993510372297,86.47669051212624,93.59317696207962,84.6021951300778,"rgba(38, 166, 154, 1.0)",0.0,0.0,3.389882340839031,91.31976816006426,1.678105637120068,0.0,0.0,0.0,0.0,66.78105707581778,11.078263318962719,True,False,True,False,True,5.717340243279306,0,0.932601665798931,0.9748308072677074,False,False,False,False,0.13753457290029586,0.12048304675409911,False,False,False,False,12885899,8429995.882085452,False,False,False,False,764677.5327358211,False,False,False,False
2025-05-08 00:00:00+00:00,98.0868790194,98.4233012818,97.0578226875,97.0578226875,671218,,,,,,,97.09603506169344,93.66601257937288,94.03153970690005,94.3297147342631,,,91.39732621477137,92.82428004034581,94.35401031473968,94.5423019904249,90.83340167622175,89.76503617940524,89.6741764709818,89.40215423685521,91.6481437353746,89.76503617940524,86.50108529194901,93.66601257937288,84.61769489679685,"rgba(38, 166, 154, 1.0)",0.0,0.0,3.400901977970616,91.37566582723116,1.9733627242539793,1.0,98.1462476539,97.6267721018,0.0,68.71721842624888,13.07742544205734,True,False,True,False,True,7.323756425612203,0,0.9233115589127752,0.9590344782605179,False,False,False,False,0.18897078724525782,0.15472691699967847,False,False,False,False,13557117,8631059.455337003,False,False,False,False,761012.4530206909,False,False,False,False
2025-05-09 00:00:00+00:00,98.5321437784,98.6508810475,98.1462476539,98.5519333233,386142,,,,,,,97.2749732855489,93.71251163831668,94.07130153004658,94.36346226416845,,,91.52184580522872,92.88504745105956,94.38599702870202,94.56183068874888,90.85445767509039,89.78654754780709,89.6957552961941,89.42379395678864,91.77795375357253,89.78654754780709,86.51579507917299,93.71251163831668,84.62698998464114,"rgba(38, 166, 154, 1.0)",0.0,0.0,3.417573883668159,91.41029904160618,2.083889033336649,0.0,0.0,0.0,0.0,70.47548040886596,14.889577045589107,True,False,True,False,True,7.978404987005092,0,0.9392430449283933,0.9458568483652814,False,False,False,False,0.25162818773123036,0.20317755236545443,False,False,False,False,13943259,8839381.006108101,False,False,False,False,746311.6509414482,False,False,False,False
2025-05-12 00:00:00+00:00,100.3923609937,101.0454159736,99.976780552,100.1350969108,583821,,,,,,100.4715191731,97.80959428651114,93.81054018035394,94.15734622852919,94.43830080082913,,,91.75476068680643,93.00710225666266,94.45712954876383,94.60622662357088,90.89452320649919,89.82644333951762,89.73569914069303,89.46362988456441,92.02200800992287,89.82644333951762,86.54173723783897,93.81054018035394,84.6430796382154,"rgba(38, 166, 154, 1.0)",0.0,0.0,3.4641230687749056,91.47856166490602,2.5731762849714097,1.0,99.6898321518,98.6508810475,0.0,73.29803972893222,17.669510419153838,True,False,True,False,True,10.632743048419222,0,0.9502777851984784,0.9271387962499406,False,False,False,False,0.3428282492937372,0.2730029008295958,False,False,False,False,14527080,9062428.025476411,False,False,False,False,739939.4685515875,False,False,False,False
2025-05-13 00:00:00+00:00,100.798046663,100.9266787045,99.6898321518,100.5506773525,370146,,,,,,100.47151917309999,98.0647965169636,93.87123139543844,94.21071081310124,94.4848062659596,,,91.89625241120063,93.08247196407507,94.50137296597009,94.63403003268442,90.91975252770936,89.85158355215758,89.76087074569118,89.48873763282978,92.16976621718024,89.85158355215758,86.55813482193682,93.87123139543844,84.65326365928222,"rgba(38, 166, 154, 1.0)",0.0,0.0,3.5119392019921842,91.52085724084323,2.641614472395816,0.0,0.0,0.0,0.0,75.48629227778099,19.802155273577426,True,False,True,False,True,11.19507865668642,0,0.9546659273453769,0.9344245045882211,False,False,False,False,0.33247446066351405,0.3027386807465549,False,False,False,False,14897226,9291243.632320473,False,False,False,False,725437.7639025057,False,False,False,False
2025-05-14 00:00:00+00:00,101.3719434635,101.3917330084,100.7386780285,100.9266787045,520598,,,,,,100.71721941526559,98.43344888632811,93.96354910549462,94.29243299739251,94.55647830801033,,,92.10318930254235,93.19568204633958,94.56963617399215,94.67730060114228,90.95758161853303,89.88904610107254,89.79836207185285,89.5260830386225,92.38575339358451,89.88904610107254,86.58228255953281,93.96354910549462,84.6681941821851,"rgba(38, 166, 154, 1.0)",0.0,0.0,3.571817590837797,91.58424645765413,2.7402566779873245,0.0,0.0,0.0,0.0,77.37228024015019,21.65025381251516,True,False,True,False,True,11.98969993787929,0,0.9974537558088312,0.9053928561299683,False,False,False,False,0.34282824948273966,0.3227834651146473,False,False,False,False,15417824,9531501.685954966,False,False,False,False,717404.8319847605,False,False,False,False
2025-05-15 00:00:00+00:00,101.7182604983,101.876576857,100.3923609937,100.9662577942,445003,,,,,,100.85906050530004,98.7004266062912,94.04235866023988,94.3623882491415,94.61800351812741,,,92.27591705740315,93.29188105416397,94.62829073272522,94.71474592437008,90.99020527816639,89.92132876828136,89.83066732389625,89.55825732425802,92.56557211512069,89.92132876828136,86.603088680488,94.04235866023988,84.68106009090012,"rgba(38, 166, 154, 1.0)",0.0,0.0,3.6410449830728133,91.638251236652,2.7684385412731447,0.0,0.0,0.0,0.0,78.88434272863941,23.16894417257049,True,False,True,False,True,12.469227728954976,0,0.9923054405802644,0.897905017785744,False,False,False,False,0.3428282495053887,0.332805857310018,False,False,False,False,15862827,9779788.95317242,False,False,False,False,706722.4072010444,False,False,False,False
2025-05-16 00:00:00+00:00,101.7677343604,102.0942618503,101.3818382359,101.8666820846,1555425,,,,,,101.25692976093441,99.4431825537247,94.32015183074496,94.61041001249895,94.8374329184617,,,92.85769163800997,93.62758817385891,94.83787574637174,94.85046387643646,91.10719564345527,90.03684063583836,89.94623816129427,89.67330489510151,93.1685213249872,90.03684063583836,86.67740918296504,94.32015183074496,84.72700236400037,"rgba(38, 166, 154, 1.0)",0.0,0.0,3.705726564041898,91.82773138328312,2.6823357863390624,0.0,0.0,0.0,0.0,79.93054905279072,24.29133039596536,True,False,True,False,True,12.538520891410013,0,1.0153850907876676,0.8816950976857467,False,False,False,False,0.34282824969429354,0.33781705350215574,False,False,False,False,17418252,10079336.523636246,False,False,False,False,740004.8618206113,False,False,False,False
2025-05-19 00:00:00+00:00,102.4009997954,102.7672053228,101.6044706154,101.945840264,281172,,,,,,101.3318329682521,99.5619453469004,94.37154394179798,94.6565524613198,94.87848486041281,,,92.96091099347382,93.68908022811024,94.87714971137905,94.87621184677441,91.12907266263133,90.05837934712947,89.9677827478591,89.69473848993951,93.27514213926875,90.05837934712947,86.69121788986159,94.37154394179798,84.73552876264887,"rgba(38, 166, 154, 1.0)",0.0,0.0,3.7845956711972297,91.86259366744139,2.784552708803596,0.0,0.0,0.0,0.0,81.11829127047129,25.589641766003496,True,False,True,False,True,13.429673212846982,0,1.0253202086817492,0.8709623115891577,False,False,False,False,0.34282824982530785,0.34032265166373177,False,False,False,False,17699424,10378163.483493648,False,False,False,False,722011.4162590187,False,False,False,False
2025-05-20 00:00:00+00:00,102.4405788851,102.8165802371,102.2624729815,102.3812102506,558514,,,,,,101.4838935448307,99.7896795449726,94.47484088363902,94.74952569231635,94.96140342538311,,,93.1646785511472,93.81213871522115,94.95653298218575,94.92853719049126,91.1732416673721,90.1018076170774,90.01121807667394,89.73793742622324,93.48535055666724,90.1018076170774,86.71901231036392,94.47484088363902,84.75268115859288,"rgba(38, 166, 154, 1.0)",0.0,0.0,3.864410098457644,91.93250928759191,2.7191911132056203,0.0,0.0,0.0,0.0,81.94089475126714,26.57405268766101,True,False,True,False,True,13.485645118588579,0,1.0346921282780992,0.8668530692756953,False,False,False,False,0.34282824992376076,0.3415754507937463,False,False,False,False,18257938,10687174.248846838,False,False,False,False,715599.7528763121,False,False,False,False
2025-05-21 00:00:00+00:00,102.2921572988,102.648369106,101.876576857,102.2624729815,610463,,,,,,101.58162358613944,99.98319102845963,94.58158058364768,94.84566698167724,95.04724706305828,,,93.37233582703423,93.93925477962101,95.03879831607942,94.98317251288388,91.22013887825901,90.14804041101104,90.05746722043932,89.78396255146109,93.6987397218067,90.14804041101104,86.74883147103873,94.58158058364768,84.77114432760268,"rgba(38, 166, 154, 1.0)",0.0,0.0,3.939626761059974,92.00527649029826,2.6111308081717923,0.0,0.0,0.0,0.0,81.86093994877562,26.7488802095493,True,False,True,False,True,13.178906444558624,0,1.0507308811948095,0.8647221163262292,False,False,False,False,0.33043427759054544,0.33600486419214587,False,False,False,False,17647475,10960127.219480297,False,False,False,False,711476.742959594,False,False,False,False
2025-05-22 00:00:00+00:00,102.5494213817,102.8957384165,101.757839588,102.6780534232,346203,,,,,,101.6354372715982,100.08554221235616,94.64181664698705,94.9000316570544,95.09589132263847,,,93.48758938322167,94.01074798896052,95.0854504379503,95.01433775973645,91.24686682071773,90.1743805124,90.0838156912988,89.81018153276534,93.81696056752781,90.1743805124,86.76583133176156,94.64181664698705,84.7816746256425,"rgba(38, 166, 154, 1.0)",0.0,0.0,4.017012982780668,92.04635496526319,2.6146458728063027,0.0,0.0,0.0,0.0,82.05910871030655,27.249468736750458,True,False,True,False,True,13.55563952429797,0,1.0456255963823167,0.8528896330886393,False,False,False,False,0.33330260535497386,0.33465373477355986,False,False,False,False,17993678,11235952.740284992,False,False,False,False,697152.2824513747,False,False,False,False
2025-05-23 00:00:00+00:00,102.8462645544,103.469635217,101.6193127741,101.6193127741,554398,,,,,,101.73151752020637,100.24803576749119,94.73934140020306,94.98825875945825,95.17502055062174,,,93.67103588324267,94.12601031798064,95.16139029443214,95.06533407602298,91.29033367354175,90.21716292809602,90.1266072206438,89.85275103433871,94.004924249094,90.21716292809602,86.79340132699906,94.73934140020306,84.79874454889884,"rgba(38, 166, 154, 1.0)",0.0,0.0,4.097613169248551,92.11275017070975,2.6194552634305,0.0,0.0,0.0,0.0,82.4820217475767,27.980753857451205,True,False,True,False,True,13.993359147421014,0,1.049081035940834,0.8453803136719571,False,False,False,False,0.3428282499251081,0.33874099234933397,False,False,False,False,18548076,11522702.672038522,False,False,False,False,691554.0752964189,False,False,False,False
2025-05-27 00:00:00+00:00,103.7071097551,103.9544790657,102.6978429681,102.8264750096,723285,,,,,,101.92165666108993,100.49319495627644,94.87570352556385,95.11221843811859,95.28669611855902,,,93.92017916085464,94.28567048202125,95.26865312461072,95.13783420463828,91.35054638235533,90.27613947006056,90.18557353384396,89.91134737912999,94.26027953396373,90.27613947006056,86.83105266876444,94.87570352556385,84.82197167736562,"rgba(38, 166, 154, 1.0)",0.0,0.0,4.1915875050694575,92.20473301276063,2.744157608168263,0.0,0.0,0.0,0.0,83.52480362920191,29.275819748271275,True,False,True,False,True,15.252872967768429,0,1.0608430956311192,0.8437680266818782,False,False,False,False,0.3428282501282758,0.3407846212388049,False,False,False,False,19271361,11826571.626076227,False,False,False,False,692798.4252847945,False,False,False,False
2025-05-28 00:00:00+00:00,105.1715360736,107.2395435098,104.8647981285,104.8746929009,1071631,,,,,105.75862590396667,102.46121829043369,101.0291787656134,95.12231477874967,95.33830577685646,95.49190392882038,,,94.35066660682439,94.56945078868674,95.46592627082947,95.2721281638452,91.4554576875122,90.37768060351367,90.28700165811964,90.01186590002682,94.70298472329401,90.37768060351367,86.89421979474585,95.12231477874967,84.86052456319165,"rgba(38, 166, 154, 1.0)",0.0,0.0,4.320731311965774,92.36733198534809,2.9634344660109084,1.0,104.9637458527,103.9544790657,866.0,85.19820124826158,31.10299212437603,True,False,True,False,True,17.32000136558211,0,1.058046036421883,0.8298138678723467,False,False,False,False,0.3428282507125431,0.34180643597567395,False,False,False,False,20342992,12160548.895641867,False,False,False,False,707654.6046853908,False,False,False,False
2025-05-29 00:00:00+00:00,105.8542753707,106.4182773988,104.9637458527,106.2401714952,951953,,,,,105.75241951747994,102.8259166957194,101.42028021763595,95.33193549902185,95.53099519252305,95.66733875580766,,,94.70722810912322,94.80973416322716,95.63483063590482,95.38846108095653,91.54729471734919,90.46669474847624,90.37592481158985,90.1000212412846,95.06816686148152,90.46669474847624,86.94994095071337,95.33193549902185,84.894631490956,"rgba(38, 166, 154, 1.0)",0.0,0.0,4.463613144788917,92.50646396001076,2.9903602704173067,0.0,0.0,0.0,0.0,86.67534025086306,32.67758004481662,True,False,True,False,True,18.254001562489254,0,1.053930841268129,0.8442710215348511,False,False,False,False,0.3295130365951416,0.3356597362854078,False,False,False,False,21294945,12518760.50757748,False,False,False,False,717234.9339134147,False,False,False,False
2025-05-30 00:00:00+00:00,106.2203819503,106.517225123,105.7355381016,105.9334335501,461479,,,,,105.82768335621645,102.99611145870833,101.60336614619736,95.43451089688425,95.62552788031599,95.75363316291624,,,94.8783284785425,94.92678917762403,95.71798675940414,95.44613888218309,91.59267159152724,90.51063054838316,90.41981149417678,90.1435186139547,95.24314636223677,90.51063054838316,86.9774244756921,95.43451089688425,84.9114516085139,"rgba(38, 166, 154, 1.0)",0.0,0.0,4.608814858890593,92.57457477076755,2.960806106847429,0.0,0.0,0.0,0.0,87.8429514518823,33.9266120666405,True,False,True,False,True,18.752372254643593,0,1.0601201067076333,0.8385844573722955,False,False,False,False,0.3428282507262302,0.339243993505819,False,False,False,False,21756424,12881021.821005816,False,False,False,False,707205.2894462219,False,False,False,False
2025-06-02 00:00:00+00:00,106.7250153438,106.8338578405,105.7454328741,106.1610133158,352801,,,,,105.90315572257369,103.12535143595454,101.74201532800298,95.51362067894901,95.69854291138492,95.82038515374516,,,95.00885411760662,95.0168294949866,95.78234228507337,95.4909483612968,91.62782885319636,90.54464570509639,90.45378636563424,90.17718633188919,95.37654049638063,90.54464570509639,86.998685393581,95.51362067894901,84.92446011045077,"rgba(38, 166, 154, 1.0)",0.0,0.0,4.762186319639364,92.62710284565672,2.960386585464572,0.0,0.0,0.0,0.0,88.86444098510307,35.02830691390837,True,False,True,False,True,19.43870073673799,0,1.0627791627765864,0.8333905560405315,False,False,False,False,0.3428282507559887,0.34103612213090384,False,False,False,False,22109225,13242912.141750686,False,False,False,False,693307.0820169584,False,False,False,False
2025-06-03 00:00:00+00:00,106.6557519369,106.9229107923,106.2896453573,106.4677512609,492381,,,,,106.00955152332601,103.29966204928877,101.92996768121336,95.62401388610814,95.80056734615991,95.91378934917793,,,95.18908508993852,95.14219356576527,95.87244018944668,95.55394239663661,91.67723746220481,90.5924349974276,90.5015175576292,90.22448285528772,95.56055715912038,90.5924349974276,87.0285665585838,95.62401388610814,84.94274739736512,"rgba(38, 166, 154, 1.0)",0.0,0.0,4.901388048928348,92.70048140932735,2.847207849748576,0.0,0.0,0.0,0.0,89.2095113968225,35.50687887249484,True,False,True,False,True,19.277584967796,0,1.0842663277652866,0.8267592711487711,False,False,False,False,0.34282825081235485,0.3419321864716294,False,False,False,False,21616844,13571301.626387915,False,False,False,False,685427.627820215,False,False,False,False
2025-06-04 00:00:00+00:00,107.0515428338,107.407754641,106.5271198954,106.7843839784,432405,,,,,106.12285388767295,103.45464040482229,102.09567009302106,95.72239090123753,95.89163746925108,95.99730283256957,,,95.34782221686336,95.25357694822243,95.95303787182611,95.61052120703158,91.72143531223237,90.63513980663777,90.54416660877347,90.26673342516067,95.72254277519592,90.63513980663777,87.05523072261096,95.72239090123753,84.95905738940814,"rgba(38, 166, 154, 1.0)",0.0,0.0,5.042229344087985,92.76584736233085,2.8332101728413317,1.0,106.9921741992,106.9229107923,860.0,89.6588774577317,36.114358072661716,True,False,True,False,True,19.826436593277514,0,1.0798041259716293,0.8333325907429655,False,False,False,False,0.3428282508745642,0.34238021867309676,False,False,False,False,22049249,13903770.15084329,False,False,False,False,675505.1718272654,False,False,False,False
2025-06-05 00:00:00+00:00,107.1702801028,107.6848082688,106.9921741992,107.6056500894,386009,,,,,106.23074496434066,103.59275976693664,102.24283612344088,95.81098442872592,95.97376208114946,96.07271679194592,,,95.48936720133597,95.35364249945215,96.02585141002528,95.66181974918263,91.76141312731893,90.67374043383931,90.58271445607933,90.30491505758145,95.86690243917369,90.67374043383931,87.07931546768549,95.81098442872592,84.97378631941987,"rgba(38, 166, 154, 1.0)",0.0,0.0,5.178489387235942,92.8247241126888,2.7702202162411416,0.0,0.0,0.0,0.0,90.02469158189047,36.657947349432575,True,False,True,False,True,19.99229737580714,0,1.083377304552083,0.8399306327573405,False,False,False,False,0.3428282509362794,0.34260423480468805,False,False,False,False,22435258,14238338.301790612,False,False,False,False,664152.3807752158,False,False,False,False
2025-06-06 00:00:00+00:00,107.150490558,107.9519671242,106.9971215854,107.6452291791,398341,,,,,106.33024536500878,103.7282358114597,102.38858967587257,95.90165571459862,96.05789911687856,96.15006656119508,,,95.63297359580088,95.45589012811924,96.10057048794427,95.7146662602801,91.8026757273551,90.71358778985824,90.62250750852269,90.34433156403942,96.01321204864732,90.71358778985824,87.10421281676737,95.90165571459862,84.98902266398348,"rgba(38, 166, 154, 1.0)",0.0,0.0,5.310245888094343,93.83551383361046,2.50741246356255,0.0,0.0,0.0,0.0,90.15229890963114,36.99189637341043,True,False,True,False,True,19.94375715326644,0,1.0923758310770073,0.8378035329997598,False,False,False,False,0.34282825095837277,0.3427162428815304,False,False,False,False,22036917,14544164.917406665,False,False,False,False,653728.4050585406,False,False,False,False
2025-06-09 00:00:00+00:00,106.9130160199,107.2296487374,106.2005924055,106.2005924055,317470,,,,,106.35966856790556,103.8131517820728,102.48596728429769,95.9692680365954,96.12064438224832,96.20778001054805,,,95.7393744875469,95.53219693311769,96.15636069592105,95.75434434109623,91.83417415043317,90.74409771707388,90.6529827824722,90.3745396306231,96.12130199155833,90.74409771707388,87.1234397472189,95.9692680365954,85.00083359495798,"rgba(38, 166, 154, 0.75)",0.0,0.0,5.430843859931312,93.86676837300095,2.402250549524002,0.0,0.0,0.0,0.0,88.78233802427769,36.99189637341043,True,False,True,False,False,19.353384778195068,0,1.0899970992585128,0.8318360712491928,False,False,False,False,0.3167944278473419,0.32975533536443613,False,False,False,False,21719447,14825548.528488757,False,False,False,False,640541.8009385979,False,False,False,False
2025-06-10 00:00:00+00:00,106.7151205714,107.2296487374,106.4380669436,107.0317532889,1371441,,,,,106.45525078898585,104.13293741039047,102.86250673847442,96.25228781329214,96.38379384779168,96.45036365403037,,,96.17712482567909,95.85072689919211,96.39111081576945,95.92273163560822,91.96885463215243,90.87468453796855,90.7834295368188,90.50387377316487,96.56488966590085,90.87468453796855,87.20612381649222,96.25228781329214,85.05173977142543,"rgba(38, 166, 154, 0.75)",0.0,0.0,5.543371224270046,94.04274066904561,2.286042083357515,0.0,0.0,0.0,0.0,86.6534495188717,39.70860647647707,True,False,True,False,False,18.85711310792628,0,1.1091204502590601,0.8249478113972502,False,False,False,False,0.3208367503104369,0.3252960428374365,False,False,False,False,20348006,15042115.488155866,False,False,False,False,669204.5146272803,False,False,False,False
2025-06-11 00:00:00+00:00,106.6062780748,107.150490558,106.4850671126,106.8338578405,348946,,,,,106.47072598156655,104.20239621061589,102.94701481795266,96.32164191171923,96.44839812667016,96.51004968144389,,,96.2825587100853,95.9285821036342,96.44893342974693,95.96457739864937,92.00262887221305,90.90747520835482,90.81618784646172,90.5363627162115,96.671440336855,90.90747520835482,87.2270007183293,96.32164191171923,85.06462636371062,"rgba(38, 166, 154, 0.75)",0.0,0.0,5.649899122685582,94.08758313941475,2.2157377793029887,0.0,0.0,0.0,0.0,84.54754044107301,37.701430474547905,True,False,True,False,False,18.58087365286417,0,1.1313852993601634,0.8098989608934911,False,False,False,False,0.3202887611960224,0.32279240201672943,False,False,False,False,19999060,15236505.4690125,False,False,False,False,656645.3571909163,False,False,False,False
2025-06-12 00:00:00+00:00,107.2296487374,107.3780703237,106.7942787508,107.0020689717,299564,,,,,106.49958720309351,104.26777054144269,103.02377389559653,96.38263561713013,96.50527920705818,96.5626546996022,,,96.37469158568256,95.99689492958822,96.49990529591813,96.00152318637157,92.03225779709092,90.93620217286437,90.84488327954888,90.56481329358618,96.7645922601059,90.93620217286437,87.24524197983531,96.38263561713013,85.0758741651258,"rgba(38, 166, 154, 0.75)",0.0,0.0,5.742637931319757,94.12931105670408,2.2812404050842248,0.0,0.0,0.0,0.0,84.03552319049697,37.21303790772163,True,False,True,False,False,19.53489943234264,0,1.1229646402766078,0.812273054250153,False,False,False,False,0.32946065140237485,0.3261265267095521,False,False,False,False,20298624,15435019.92120809,False,False,False,False,642642.1667128411,False,False,False,False
2025-06-13 00:00:00+00:00,105.8245910534,106.6755414817,105.7553276465,106.4677512609,396765,,,,,106.47700395493615,104.31990812278757,103.09634605629998,96.45459046079104,96.572348112393,96.62469829200808,,106.08515339386668,96.48267432320779,96.07770053871744,96.56008708205027,96.0455073533317,92.0686092950457,90.97164051476202,90.88029743730898,90.5999697365686,96.87322190048383,90.97164051476202,87.2680792880599,96.45459046079104,85.09004643690393,"rgba(38, 166, 154, 0.75)",0.0,0.0,5.805185049535435,94.172402514454,2.007203635976853,0.0,0.0,0.0,0.0,76.71386394616584,30.429658666432516,True,False,True,False,False,15.995925064627503,0,1.0991329773447769,0.8225733919535072,False,False,False,False,0.29989057704609784,0.31300855187782495,False,False,False,False,19901859,15610190.081160713,False,False,False,False,632999.924880965,False,False,False,False
2025-06-16 00:00:00+00:00,105.8048015086,107.2989121443,105.7256433292,106.5864885299,447232,,,,,106.46539833196117,104.38119563721433,103.1791100799572,96.53601467449347,96.64832868931838,96.69506607657962,,106.18652224307714,96.60391666169131,96.1689579889838,96.62836846368033,96.09556433231937,92.10991591794402,91.01189132815236,90.92051909670862,90.6398946846615,96.9951530241774,91.01189132815236,87.29401615541444,96.53601467449347,85.10614381043361,"rgba(38, 166, 154, 0.75)",0.0,0.0,5.873901783441914,94.22380568344516,1.9716018844238736,0.0,0.0,0.0,0.0,71.75220832622269,26.152063385811957,True,False,True,False,False,15.946993492215412,0,1.0918204230624096,0.8166670892237784,False,False,False,False,0.3099118249480899,0.3114601884129574,False,False,False,False,19454627,15760952.313272059,False,False,False,False,625714.9082189664,False,False,False,False
2025-06-17 00:00:00+00:00,105.0923778942,105.8344858259,104.9469247396,105.5772217429,417940,,,,,106.40516059186788,104.40707814743432,103.22926000461649,96.60332128326031,96.7111089736203,96.75323702743356,,105.89002192386734,96.703268716654,96.24460478707465,96.68488815546294,96.13741799799405,92.14563119845623,91.04689960818581,90.95551756642251,90.67468213441406,97.09447882067703,91.04689960818581,87.31693571581427,96.60332128326031,85.12046575081892,"rgba(38, 166, 154, 0.5)",0.0,0.0,5.929494857036095,94.26225883767711,1.8264825786418526,-1.0,105.7256433292,105.5871165153,870.0,65.6915101732595,20.949247118470026,False,False,True,False,False,14.18527382082311,0,1.1490994125723404,0.7965691733175663,False,False,False,False,0.2723458093466181,0.29190299887978777,False,False,False,False,19036687,15889412.497065313,False,False,False,False,617566.8726025365,False,False,False,False
2025-06-18 00:00:00+00:00,105.1319569839,105.5871165153,104.7757451767,105.2210099357,397778,,,,,106.34742126724126,104.42705146756944,103.272036014343,96.66550918329277,96.76915203832174,96.80706678124062,,105.71624400833483,96.79437976670206,96.31445693180233,96.73722091267062,96.17635539261748,92.17911929666288,91.07976590017236,90.98837756601624,90.7073534798502,97.18540562185655,91.07976590017236,87.33854252372777,96.66550918329277,85.13399266853594,"rgba(38, 166, 154, 0.5)",0.0,0.0,5.990823571090053,94.29856863030216,1.8083303948185983,0.0,0.0,0.0,0.0,61.77635608468658,17.810058931592636,False,False,True,False,False,14.251982445352379,0,1.1968226783606783,0.7528721983226397,False,False,False,False,0.26257269142630324,0.2772378451530455,False,False,False,False,19434465,16028434.163847066,False,False,False,False,608947.7011279272,False,False,False,False
2025-06-20 00:00:00+00:00,103.9940581554,105.1913256184,103.9347884686,105.1913256184,650950,,,,,106.20767323586371,104.42483283235435,103.31047505134566,96.7560532714557,96.85364236234193,96.88548299061299,,105.3379415152594,96.92561438828758,96.4164223944473,96.8135681989216,96.23380768805391,92.2302334373484,91.13021753384406,91.0388409500578,90.75759246971786,97.31553437586794,91.13021753384406,87.37222364706507,96.7560532714557,85.15521647062381,#000000,0.0,0.0,6.035980678699771,94.34855673277812,1.5980007120731279,-1.0,104.7757451767,104.2711117832,870.0,55.500426195680575,12.428385552656096,False,True,False,False,False,11.469403674411819,0,1.1733503446056814,0.7559935642981329,False,False,False,False,0.2415231039407263,0.2593804745468859,False,False,False,False,18783515,16136476.549578555,False,False,False,False,610594.8501033026,False,False,False,False
2025-06-23 00:00:00+00:00,104.2117431486,104.2711117832,102.9897387545,103.7367940724,610181,,,,,106.05934975148546,104.40242306009297,103.3267494301589,96.83303462804336,96.92549287292067,96.95224237162378,,105.02171204075471,97.03579733843506,96.50324921860069,96.87866128762298,96.2833506275269,92.27560932813613,91.17521607481243,91.08386549947876,90.80246474982651,97.42414214860457,91.17521607481243,87.40265864040477,96.83303462804336,85.17450124346928,"rgba(239, 83, 80, 1.0)",0.0,0.0,6.082383753743217,95.13802635287053,1.4918027475897628,0.0,0.0,0.0,0.0,52.09873816136706,9.738739671056507,False,True,False,True,False,11.853708828092671,0,1.1923128732183685,0.7639696616905818,False,False,False,False,0.20682804571368685,0.23310426013028637,False,False,False,False,19393696,16264210.645673513,False,False,False,False,610578.6206874868,False,False,False,False
2025-06-24 00:00:00+00:00,105.6069060601,105.8542753707,104.8450085837,105.0132197148,488146,,,,105.4353966715,106.02975993514536,104.43236182826286,103.37886903884609,96.90734017855794,96.99509324819394,97.01703889301956,,105.08094905209408,97.14176907612404,96.58622659531193,96.94175164862482,96.33089127367309,92.31668412929463,91.2155422298824,91.12418396633001,90.84255569227942,97.52967835479136,91.2155422298824,87.42930670426055,96.90734017855794,85.19123081605004,#000000,0.0,0.0,6.144839313101405,95.22163125484249,1.6900807777210831,1.0,105.0824831218,104.2711117832,0.0,53.93025889490353,9.738739671056507,False,True,False,False,False,14.256752373585925,0,1.196364286428335,0.732941184828593,False,False,False,False,0.26184103899778066,0.24747264956403353,False,False,False,False,19881842,16406078.541921612,False,False,False,False,605777.3414448403,False,False,False,False
2025-06-25 00:00:00+00:00,105.5178531083,105.6273882391,105.0824831218,105.3595367496,1494710,,,,105.41568045825079,105.95107945942063,104.51198989037547,103.52172402340085,97.1264134480852,97.20066432970114,97.20883375847502,,105.18101671311096,97.44927257540922,96.8302586196987,97.12869966904279,96.47302842394701,92.44062864895747,91.33739073784571,91.24601979706446,90.96374231223854,97.8351958408241,91.33739073784571,87.51029804488208,97.1264134480852,85.2422196621586,#000000,0.0,0.0,6.204081340709828,95.38985206204907,1.6324739296683937,1.0,106.1115394537,105.8542753707,0.0,54.852958827283,9.738739671056507,False,True,False,False,False,14.03606521000248,0,1.184860967830194,0.7441958885627489,False,False,False,False,0.2557118631731648,0.25159225636859917,False,False,False,False,18387132,16483766.912826648,False,False,False,False,640637.4457019054,False,False,False,False
2025-06-26 00:00:00+00:00,107.9519671242,107.9816514414,106.1115394537,106.1115394537,607316,,,107.34838600643333,105.86884071274356,106.01954065897196,104.60291822019441,103.62807862695063,97.23232481206293,97.3004086765761,97.30212125080624,,105.41986152358761,97.59664534113644,96.94714735356129,97.21956181765186,96.54177451245042,92.4977509445476,91.3930437307297,91.30162790571077,91.01894028735413,97.98274248572969,91.3930437307297,87.54654019317137,97.23232481206293,85.26484854883223,"rgba(38, 166, 154, 0.5)",0.0,0.0,6.301040293758108,95.48755173825448,1.978151988377685,1.0,107.3879650961,105.6273882391,0.0,60.06430538106939,1.5218020512683168,False,True,True,False,True,17.968972509530296,0,1.1643195039575935,0.7369436694517207,False,False,False,False,0.32431986848712163,0.2879560624278604,False,False,False,False,18994448,16582224.994676584,False,False,False,False,639330.7223410464,False,False,False,False
2025-06-27 00:00:00+00:00,107.971756669,108.674285511,107.3879650961,108.041020076,610573,,,107.68074734567747,106.2775423205551,106.11304636305914,104.70934028436497,103.74722679194866,97.34344913159542,97.40521779532943,97.40027039203058,,105.67833749791443,97.75022656183663,97.06939804911936,97.3151702991849,96.61420523902846,92.55728405450603,91.45091518952535,91.35944215948425,91.07629844263843,98.13671613681392,91.45091518952535,87.58405886621074,97.34344913159542,85.28823370343392,"rgba(38, 166, 154, 0.5)",0.0,0.0,6.372178697448482,95.58838555752062,1.9433496296075106,0.0,0.0,0.0,0.0,63.56647225818036,4.752027714975966,False,False,True,False,True,17.999478726822534,0,1.1709798331875838,0.7404150150904466,False,False,False,False,0.3428282502021682,0.3153921563150143,False,False,False,False,19605021,16700766.01449319,False,False,False,False,638202.9685237505,False,False,False,False
2025-06-30 00:00:00+00:00,109.4658673047,109.5747098014,108.159757345,108.4269162004,564533,,,108.11973436910043,106.69573605570852,106.23592124148769,104.83160517889367,103.87764462922202,97.4541402622966,97.50977858200052,97.49829990810774,,105.9644354773792,97.90244811713954,97.19072454754188,97.41064969114173,96.68649194916132,92.61565459414474,91.50745282054112,91.41590775747817,91.13227184837666,98.28970470177791,91.50745282054112,87.62041230577593,97.4541402622966,85.3108150735062,"rgba(38, 166, 154, 0.5)",0.0,0.0,6.4838258024502045,95.69047655137237,2.1245775523645283,1.0,109.1968284426,108.674285511,0.0,67.77324953885237,8.6642378391509,False,False,True,False,True,20.0,0,1.187285442840512,0.7202977909249358,False,False,False,False,0.3428282503832912,0.32911020334915275,False,False,False,False,20169554,16836796.915885612,False,False,False,False,635313.9501502701,False,False,False,False
2025-07-01 00:00:00+00:00,110.128817057,110.2079752364,109.1968284426,109.2877614011,414428,,,108.44511291095601,107.00794763774272,106.3428583629627,104.932778868995,103.983137546852,97.53943201987187,97.59043769545603,97.57399012926952,,106.1909001323488,98.01921904987188,97.28397227990207,97.48437158898085,96.74232659934238,92.6602562662132,91.55055525088228,91.45894734490828,91.17491353552421,98.40722695742123,91.55055525088228,87.64798641951475,97.53943201987187,85.32790678729594,"rgba(38, 166, 154, 0.5)",0.0,0.0,6.582498738963166,95.76912703403599,2.1814952941754555,0.0,0.0,0.0,0.0,71.25409908040353,11.903484162997088,False,False,True,False,True,20.0,0,1.1963327236369359,0.7154164328652586,False,False,False,False,0.3428282505586429,0.33596922695389786,False,False,False,False,20583982,16983745.350556765,False,False,False,False,626651.7560267302,False,False,False,False
2025-07-02 00:00:00+00:00,110.9599779405,110.9698727129,109.5450254841,109.6637627532,637305,,,108.90530391270185,107.46884864938629,106.52368039105312,105.10011293308933,104.15540505411742,97.67510399258904,97.71887914597623,97.69463562310204,,106.54511625490356,98.2039846313986,97.4319672039563,97.60189691668943,96.83146530992623,92.73096147084115,91.61877453325056,91.52705817327332,91.24236946388505,98.59332403346431,91.61877453325056,87.69148874960304,97.67510399258904,85.35483640268203,"rgba(38, 166, 154, 1.0)",0.0,0.0,6.7114674317538645,95.89288341266918,2.2449776715810468,1.0,110.8610302162,110.2079752364,878.0,74.33820364388427,14.822539303820605,True,False,True,False,True,20.0,0,1.2120020371745033,0.6982298240032301,False,False,False,False,0.3428282504564013,0.3393987387051496,False,False,False,False,21221287,17149923.4544565,False,False,False,False,627069.5303001918,False,False,False,False
2025-07-03 00:00:00+00:00,112.0187185896,112.1226137,110.8610302162,110.9401883956,433828,,,109.2719821118283,107.81574038139128,106.67189355389654,105.23198420560813,104.28835761835782,97.77416939571067,97.8127741019424,97.78290905206792,,106.81705693940414,98.33839738962739,97.53972871342634,97.68787941709625,96.89665217972717,92.78193747828767,91.66780829283131,91.57600199099012,91.29080787424549,98.72895803273236,91.66780829283131,87.72252941064777,97.77416939571067,85.37399101539441,"rgba(38, 166, 154, 1.0)",0.0,0.0,6.865285291205208,95.98418142052233,2.3355966269338806,0.0,0.0,0.0,0.0,77.22869893602764,17.621866343108508,True,False,True,False,True,20.0,0,1.2268081035204923,0.7011241206890829,False,False,False,False,0.3428282504672465,0.34111349458619805,False,False,False,False,21655115,17326597.63271311,False,False,False,False,619491.4310727334,False,False,False,False
2025-07-07 00:00:00+00:00,110.762082492,112.1028241552,110.4306076159,111.6921910997,736322,,,109.60784783764066,108.21946622551641,106.87828431359179,105.42533096615512,104.48696310197435,97.9323814111684,97.96285115903693,97.92417088625916,,107.17095475493223,98.55101081946431,97.71172444624247,97.82559072624868,97.00177865130856,92.86524434596765,91.74813295894685,91.65619341548995,91.3702161245742,98.94299032613034,91.74813295894685,87.77378267528951,97.9323814111684,85.4057356571449,"rgba(38, 166, 154, 1.0)",0.0,0.0,6.97760766360573,96.1217228131192,2.098191871010885,0.0,0.0,0.0,0.0,75.18267515248814,17.621866343108508,True,False,True,False,True,20.0,0,1.211066248831593,0.7252654280956504,False,False,False,False,0.33392717182910847,0.3375203332076533,False,False,False,False,20918793,17467468.03927338,False,False,False,False,624073.0220110576,False,False,False,False
2025-07-08 00:00:00+00:00,111.4349270167,111.65261201,110.7323981748,110.8214511265,668302,,,109.84605175641406,108.52611529056777,107.05672148257135,105.59518141345384,104.66195987466358,98.07462400663013,98.09793300149539,98.05148040003408,,107.45724604098494,98.74054533822924,97.8660866925585,97.94976891057794,97.09702200369685,92.94092080966303,91.821118048596,91.72905800563628,91.44237336392378,99.13364060694934,91.821118048596,87.82045426069645,98.07462400663013,85.4346756112079,"rgba(38, 166, 154, 1.0)",0.0,0.0,7.099843837342334,96.24225143500124,2.1398605278881457,0.0,0.0,0.0,0.0,74.57005963900231,17.621866343108508,True,False,True,False,True,20.0,0,1.2101044000002106,0.7257276271719667,False,False,False,False,0.3308414372189035,0.3341808852132784,False,False,False,False,21587095,17629022.03773325,False,False,False,False,625807.4917361141,False,False,False,False
2025-07-09 00:00:00+00:00,111.840612686,112.4639833486,111.6724015548,111.8109283687,416187,,111.9923325298,110.02158532217308,108.73011217306963,107.1784343022121,105.70883365380782,104.77781542569294,98.1664261648819,98.1851946237822,98.13378818003294,,107.64613218519962,98.86236073203945,97.96551395326793,98.03006020281069,97.15867130096848,92.98957106063014,91.8679645445274,91.77582110261208,91.48866542922856,99.25627542075155,91.8679645445274,87.8503137733585,98.1664261648819,85.45316596074801,"rgba(38, 166, 154, 1.0)",0.0,0.0,7.221563340916297,96.32043742512163,2.14914340956388,0.0,0.0,0.0,0.0,74.59855077615843,17.621866343108508,True,False,True,False,True,20.0,0,1.2168241517611789,0.7123394484259824,False,False,False,False,0.34282825044542575,0.33850456782935207,False,False,False,False,22003282,17800561.644096654,False,False,False,False,617587.0802954822,False,False,False,False
2025-07-10 00:00:00+00:00,113.3248285493,113.552408315,111.6031381479,111.6031381479,700588,,112.515814932816,110.36105055444229,109.0993860547893,107.4035613263317,105.91552543049873,104.98640961363559,98.32741973413738,98.33836644199138,98.27837921165461,,107.98555791753756,99.07515324779578,98.13953175524705,98.17111958280861,97.26707756204043,93.0744793419626,91.94958361930148,91.85728329043633,91.56927420440195,99.47069805294123,91.94958361930148,87.9021430973388,98.32741973413738,85.48521043687235,"rgba(38, 166, 154, 1.0)",0.0,0.0,7.358139509211163,96.45830559099592,2.2922265794485144,0.0,0.0,0.0,0.0,76.01316884846585,17.621866343108508,True,False,True,False,True,20.0,0,1.2062761964068276,0.7048424267859376,False,False,False,False,0.34282825050710886,0.34066640916823043,False,False,False,False,22703870,17992848.24628894,False,False,False,False,620842.0183231103,False,False,False,False
2025-07-11 00:00:00+00:00,112.5332467556,112.9686167421,111.9692447275,112.6025101625,398115,,112.50912781695091,110.49805486742109,109.26461775748596,107.51622139589217,106.0222565856314,105.09531485621663,98.41525351086614,98.4219998955258,98.35741242835255,,108.14725666865407,99.1903213376922,98.23439116096894,98.24827313788722,97.32669697665263,93.12158980049799,91.99493887131283,91.902556366994,91.61408936971466,99.58655926432608,91.99493887131283,87.93110356533631,98.41525351086614,85.5031629242484,"rgba(38, 166, 154, 0.5)",0.0,0.0,7.4732061276225314,96.53140285848116,2.141228760969497,0.0,0.0,0.0,0.0,74.63424363205196,17.621866343108508,False,False,True,False,True,20.0,0,1.207945340985386,0.7167267574321237,False,False,False,False,0.3385361143857535,0.33960126177699196,False,False,False,False,22305755,18161981.84447369,False,False,False,False,612107.6254476942,False,False,False,False
2025-07-14 00:00:00+00:00,112.3749303968,112.6915631143,112.097876769,112.3848251692,391498,,112.48427821824674,110.61052767836266,109.40744274036479,107.6200667515575,106.12228104914773,105.19793195932589,98.49995166215265,98.5026941174506,98.43372339145122,,108.29184733877638,99.30080704423744,98.32579854540242,98.32279890237147,97.38447955118096,93.16745144260885,92.03912384497279,91.94666349034165,91.65775789779757,99.6976142593498,92.03912384497279,87.95939794585377,98.49995166215265,85.52072696687499,"rgba(38, 166, 154, 0.5)",0.0,0.0,7.582000442682523,96.60091871100872,2.080455125931173,0.0,0.0,0.0,0.0,73.25813362927883,17.621866343108508,False,False,True,False,True,20.0,0,1.2176707599371501,0.7233267782235393,False,False,False,False,0.3351669320932237,0.33738409693510785,False,False,False,False,21914257,18309129.88978845,False,False,False,False,603456.2675870004,False,False,False,False
2025-07-15 00:00:00+00:00,111.4052426994,112.8052540494,111.3458740649,112.5530363004,473428,,112.35852072504335,110.69387580937394,109.53553843859142,107.72641049614997,106.22912285363516,105.30926318340518,98.59711284468214,98.59531945245165,98.52140032675983,,108.43282399065652,99.42659634539865,98.43061657254245,98.40848352676963,97.45128975774826,93.22108141304554,92.09089975973576,91.99835605372681,91.70896141053936,99.8237983536631,92.09089975973576,87.99277742718968,98.59711284468214,85.54151294183767,"rgba(38, 166, 154, 0.5)",0.0,0.0,7.658967276994008,96.67854376297146,1.922804786053151,0.0,0.0,0.0,0.0,69.66524986344908,17.621866343108508,False,False,True,False,False,19.316490709447347,0,1.1855491140110788,0.7357390848611295,False,False,False,False,0.3198166896633645,0.3286003932992362,False,False,False,False,21440829,18431941.619600665,False,False,False,False,598357.1198384906,False,False,False,False
2025-07-16 00:00:00+00:00,112.4837728934,112.5629310728,111.2964002028,111.7020858721,395372,,112.32373708914797,110.76928374698028,109.6436536708936,107.8165998781428,106.31936392554903,105.40303715315657,98.67876170297939,98.67320482667445,98.59517163205624,,108.55067038938331,99.53190692148118,98.51860221451761,98.48059342091233,97.50762114845853,93.26626095110096,92.13450333088201,92.04188807686664,91.75207836933258,99.92944167880445,92.13450333088201,88.02088772174065,98.67876170297939,85.55901948830694,"rgba(38, 166, 154, 0.5)",0.0,0.0,7.7442441660915735,96.74381334773082,2.0324720150982722,0.0,0.0,0.0,0.0,68.79899227587013,17.621866343108508,False,False,True,False,False,20.0,0,1.1646307332620132,0.7586282967276534,False,False,False,False,0.31309351131939334,0.32084695230931476,False,False,False,False,21836201,18565441.987459462,False,False,False,False,590396.9190605107,False,False,False,False
2025-07-17 00:00:00+00:00,113.1566174181,113.2753546872,111.3458740649,112.7806160661,493328,,112.36431978613815,110.88255494965784,109.7902486392018,107.93602371119077,106.43713309861145,105.52456532148517,98.7828442568439,98.77255067308809,98.68932172088782,,108.70590836602348,99.66578471584384,98.63061923045495,98.57263099763877,97.57958650736961,93.3237546389502,92.1899403313604,92.09722983015305,91.80688058340844,100.0638138804404,92.1899403313604,88.05656518447853,98.7828442568439,85.58122388997164,"rgba(38, 166, 154, 0.5)",0.0,0.0,7.813205200563249,96.82755911277192,2.0899308140724275,1.0,112.7212474316,112.5629310728,892.0,69.07118476656308,17.621866343108508,False,False,True,False,False,20.0,0,1.166769711363896,0.7547850704457767,False,False,False,False,0.33028272945302195,0.3255648408811683,False,False,False,False,22329529,18713053.24285321,False,False,False,False,586590.2947836278,False,False,False,False
2025-07-18 00:00:00+00:00,113.0180906042,113.4930396805,112.7212474316,113.3248285493,442677,,112.44938419358644,110.99844913200832,109.93061912381937,108.04885357153877,106.54714114640682,105.63741498013975,98.87815650617227,98.8635823642514,98.77564231284083,,108.85154785685428,99.78802085761829,98.73306626995837,98.65702381744578,97.64564770611673,93.37634573140508,92.24060643266718,92.14780518746292,91.85695272165765,100.18655818115957,92.24060643266718,88.0891223668693,98.87815650617227,85.60147457482046,"rgba(38, 166, 154, 0.5)",0.0,0.0,7.873005033617939,96.9046367587265,2.046671350604836,0.0,0.0,0.0,0.0,68.85288808610258,17.621866343108508,False,False,True,False,False,20.0,0,1.18086594450107,0.7520998015635099,False,False,False,False,0.342828249747994,0.33419654531458115,False,False,False,False,21886852,18837515.93921191,False,False,False,False,580946.6361646621,False,False,False,False
2025-07-21 00:00:00+00:00,113.7799880807,114.0768312534,113.0180906042,113.2654599148,3533079,,113.02272509694762,111.77715181490872,110.86966101394185,108.87993807354758,107.37369312693836,106.48843653573047,99.62327160612307,99.5770682333514,99.45417449467367,,109.85418132471247,100.72629171752101,99.53075565207186,99.32123875594134,98.17138641613313,93.7976482747472,92.64673722744374,92.55321643691035,92.2583904866547,101.12735512037706,92.64673722744374,88.35158877434311,99.62327160612307,85.76523533456758,"rgba(38, 166, 154, 0.5)",0.0,0.0,7.950847512952256,97.49898796308352,2.0477062465471834,0.0,0.0,0.0,0.0,69.70105039677834,17.621866343108508,False,False,True,False,False,20.0,0,1.1790600158617717,0.7499247170786855,False,False,False,False,0.34282824972973347,0.33851239752215734,False,False,False,False,25419931,19095649.863164384,False,False,False,False,696716.5327856557,False,False,False,False
2025-07-22 00:00:00+00:00,113.6414612668,114.254937157,113.458407977,113.809672398,746876,,113.0939635012787,111.89556577845188,111.0183198758692,109.0297598922718,107.528153226715,106.6491541173579,99.7729366663175,99.72077170564094,99.59127943121824,,110.02129634487306,100.91083570923362,99.69035492307653,99.45565935709448,98.27923097986657,93.88517517741855,92.73126367093447,92.63760228306109,92.34198524488671,101.31194743350031,92.73126367093447,88.40673039256481,99.7729366663175,85.79980618103761,"rgba(38, 166, 154, 0.5)",0.0,0.0,8.029935586401406,97.61639993298628,1.995664991504035,0.0,0.0,0.0,0.0,69.82555175092264,17.621866343108508,False,False,True,False,False,20.0,0,1.1855516666090036,0.7584082954401546,False,False,False,False,0.342828249624008,0.3406703235730827,False,False,False,False,24673055,19314371.63323637,False,False,False,False,698683.57071563,False,False,False,False
2025-07-23 00:00:00+00:00,113.621671722,114.442937833,113.5029344529,113.997673074,834223,,113.16598104868532,112.01671818497553,111.17122709175263,109.18897912902523,107.69396717768252,106.82220073145295,99.9372359717954,99.87867506365478,99.74209975252143,,110.19513216788442,101.11199324399574,99.86532201280176,99.60360541173613,98.39848299967385,93.98238160609759,92.82519512387886,92.73138090969103,92.43489837484356,101.51300106315382,92.82519512387886,88.4682101217914,99.9372359717954,85.83841695412202,"rgba(38, 166, 154, 0.5)",0.0,0.0,8.08175305671741,98.9194674867524,1.819185037215087,0.0,0.0,0.0,0.0,69.84074326571798,17.621866343108508,False,False,True,False,False,20.0,0,1.1682325021913316,0.7615259581900917,False,False,False,False,0.3428282489951603,0.3417492862841215,False,False,False,False,23838832,19491801.451540828,False,False,False,False,703998.842452272,False,False,False,False
2025-07-24 00:00:00+00:00,112.8795637903,113.9481992119,112.7509317488,113.9481992119,502481,,113.16743104836385,112.05893166779212,111.23478407886292,109.26699401499275,107.77941283629232,106.9130277800711,100.02973581750511,99.96766360341579,99.82721938271843,,110.27481412250144,101.22402076969419,99.96374447420314,99.68718308529714,98.4663923852858,94.03853905923549,92.8796003713945,92.7857078311987,92.48875677001763,101.62468305709633,92.8796003713945,88.50413506056289,100.02973581750511,85.86107321383,"rgba(38, 166, 154, 0.5)",0.0,0.0,7.97591350627737,98.97577703687475,1.7432218569675315,-1.0,113.5029344529,113.270407301,904.0,67.36012061914235,22.240955064846247,False,True,True,False,False,20.0,0,1.1528442317874599,0.784499601272952,False,False,False,False,0.30940024413112976,0.3255747652076256,False,False,False,False,23336351,19642568.10050001,False,False,False,False,696096.1819639476,False,False,False,False
2025-07-25 00:00:00+00:00,113.2357755975,113.270407301,111.6130329203,112.1770349484,432014,,113.14702404796581,112.07831279963636,111.27351379049618,109.32366220877398,107.84436718885135,106.98318092797345,100.10533639953955,100.04044735956617,99.89691280011127,,110.32914138315473,101.31484187485592,100.04414013804697,99.75566347791897,98.52236943346279,94.08533962099479,92.9250293953215,92.83107793013622,92.53375640685098,101.7150425645737,92.9250293953215,88.53433160866676,100.10533639953955,85.88017603622984,"rgba(38, 166, 154, 0.5)",0.0,0.0,7.829715847751173,99.0202739204063,1.8155833434461905,0.0,0.0,0.0,0.0,66.3762747703901,21.027365226535437,False,True,True,False,False,20.0,0,1.1375851658733425,0.7953313426890788,False,False,False,False,0.2572329802597576,0.2914038727336916,False,False,False,False,23768365,19804364.057343148,False,False,False,False,685740.0179653614,False,False,False,False
2025-07-28 00:00:00+00:00,112.1473506311,112.9339850386,111.9791394999,112.800405611,565701,,113.10354924124069,112.08869199594646,111.30949185522537,109.38764931330509,107.92088710453255,107.0670055420105,100.20024409874256,100.13188507385816,99.98455731888258,,110.38668254217482,101.42799976048391,100.14500121438242,99.84183921414586,98.59319929613403,94.14511423223624,92.98314692546987,92.88912690417254,92.5913536136512,101.82743099146707,92.98314692546987,88.57318311003898,100.20024409874256,85.90482063427096,"rgba(38, 166, 154, 0.5)",0.0,0.0,7.628054848766634,99.07677496580217,1.7134873731815365,0.0,0.0,0.0,0.0,62.450841492770564,17.140309994408938,False,True,True,False,False,17.846182586909265,0,1.119963414829274,0.8056184363084531,False,False,False,False,0.257596661122195,0.27450026692794327,False,False,False,False,23202664,19937630.721761063,False,False,False,False,681032.6054961316,False,False,False,False
2025-07-29 00:00:00+00:00,112.097876769,112.5530363004,111.7812440515,112.2067192656,2840594,,112.89653817361481,112.09750742292522,111.42909091538445,109.65193023278295,108.25249714391859,107.4360124512525,100.64756396331171,100.56370600095603,100.39949682166493,,110.60618263161199,101.95259848376998,100.61918487180453,100.25037280577,98.9329194100385,94.43606108251302,93.26669849540832,93.17238912821347,92.87257018514352,102.34713371315422,93.26669849540832,88.76466893719045,100.64756396331171,86.02690536597633,"rgba(38, 166, 154, 0.5)",0.0,0.0,7.52202964333778,99.37381953969243,1.691572332552184,0.0,0.0,0.0,0.0,59.696351845164486,14.511749557316904,False,True,True,False,False,17.71838699791725,0,1.1238699654555981,0.8177665394040283,False,False,False,False,0.236923686158455,0.2557119765431991,False,False,False,False,20362070,19954275.39933906,False,False,False,False,765721.2876335382,False,False,False,False
2025-07-30 00:00:00+00:00,111.24,112.16,110.99,111.35,636172,,112.83047942907855,112.07567006924916,111.43015574502256,109.69000846476108,108.30798554527813,107.50051733855476,100.73752835394963,100.65075762141105,100.48341072168033,,110.62950713763827,102.05574065810063,100.71431842709869,100.3331502886677,99.0028800623874,94.4974808047942,93.32680694492599,93.23245389882702,92.93225999010794,102.44883453655305,93.32680694492599,88.8058917185342,100.73752835394963,86.05338301609312,#000000,0.0,0.0,7.31310321842551,99.43202779082004,1.6146322370275767,-1.0,111.7812440515,111.31,898.0,55.58451317613349,10.696253903780125,False,True,False,False,False,15.513986392487912,0,1.0934130458645726,0.8292721164164596,False,False,False,False,0.19828995215817677,0.22700096435068795,False,False,False,False,19725898,19945319.422894392,False,False,False,False,760640.9234126152,False,False,False,False
2025-07-31 00:00:00+00:00,110.44,111.31,109.87,110.74,635916,,112.72959790829151,112.02457046556022,111.40332005670217,109.70750170352224,108.34588806179893,107.54841376531945,100.81835936102014,100.72908255469555,100.55908075061298,,110.62713694948246,102.14672752948819,100.79973346064607,100.40791829627067,99.06691160640138,94.5551172814378,93.38345688221783,93.28908058485052,92.98859004236122,102.5380685996653,93.38345688221783,88.8452754018003,100.81835936102014,86.07883523502801,#000000,0.0,0.0,7.138432116836956,99.47903592871012,1.535486209280742,0.0,0.0,0.0,0.0,51.03662848033479,6.591160562067671,False,True,False,False,False,13.511528022672671,0,1.0708319158067359,0.855182135908405,False,False,False,False,0.14025061646318102,0.1836257904069345,False,False,False,False,19089982,19911776.778859317,False,False,False,False,755749.7499454538,False,False,False,False
2025-08-01 00:00:00+00:00,110.82,111.13,109.64,110.24,730581,,112.62365800129557,111.9695389280108,111.37408515592689,109.72649980618122,108.38768297270352,107.60143225362349,100.90949929131543,100.81745939715238,100.64453602355792,,110.62426905653226,102.24875776898021,100.89594987166569,100.49239227079715,99.13954000212058,94.6207835394523,93.44804374953893,93.35364382348841,93.05282572964022,102.638062121551,93.44804374953893,88.8903253040242,100.90949929131543,86.1079992105042,"rgba(239, 83, 80, 1.0)",0.0,0.0,6.982108976340391,100.49684515034315,1.4785152859455415,0.0,0.0,0.0,0.0,49.09662799581607,4.966028222659496,False,True,False,True,False,14.163872364716028,0,1.0553252955659878,0.8611116577142036,False,False,False,False,0.12848685669750223,0.15605632355221838,False,False,False,False,19820563,19908199.76792366,False,False,False,False,754762.7401436713,False,False,False,False
2025-08-04 00:00:00+00:00,111.95,112.03,111.12,111.41,256411,,112.60830420087389,111.96610011475725,111.37786982470753,109.74236970577428,108.40978039805498,107.62685242012567,100.94492331410763,100.85179131462604,100.67769068061277,,110.63530154239595,102.28895733324978,100.93331570513011,100.5251236341873,99.1674085263887,94.6453880489463,93.4721412267621,93.37772471540436,93.07676083680009,102.67768139942976,93.4721412267621,88.90694452905056,100.94492331410763,86.11870793947878,#000000,0.0,0.0,6.8392499303647645,100.53597688514932,1.6688998400504313,1.0,111.22,111.13,0.0,50.6484214706619,4.966028222659496,False,True,False,False,False,16.06124625059995,0,1.0801989808461687,0.8400183182702053,False,False,False,False,0.1966007458686726,0.1763285347104455,False,False,False,False,20076974,19914818.365259986,False,False,False,False,735219.5346478411,False,False,False,False
2025-08-05 00:00:00+00:00,111.98,112.31,111.22,111.84,369988,,112.59022933611527,111.96376040368119,111.38543080883946,109.7663920808017,108.44245420868532,107.66419383560311,100.9962747098739,100.90156976649601,100.7257710306429,,110.6528208066833,102.34719786614623,100.98745805854279,100.57259128164681,99.20784026406521,94.68104991714867,93.50706058690828,93.41261935957243,93.11144253522157,102.73510000159816,93.50706058690828,88.93102611605943,100.9962747098739,86.13422677124626,#000000,0.0,0.0,6.68578096879081,100.58491147357476,1.7043765836208895,1.0,112.12,112.03,0.0,51.75277525908677,4.966028222659496,False,True,False,False,True,16.111001883833158,0,1.0837929398340418,0.8393677006218736,False,False,False,False,0.2053281397429859,0.1908283372267157,False,False,False,False,20446962,19935686.743092928,False,False,False,False,720896.7293675337,False,False,False,False
2025-08-06 00:00:00+00:00,112.55,112.92,112.12,112.4,396084,,112.5887559610798,111.97450998689797,111.40527367610053,109.79991589060029,108.48375439375442,107.70996351070568,101.054195921615,100.95770884311126,100.77996886778755,,110.68167564798784,102.41326208601009,101.04849260312554,100.62606814778844,99.25319935235032,94.72059976947185,93.54570446591768,93.45122955618774,93.14979803646688,102.80039801824688,93.54570446591768,88.95752887492525,101.054195921615,86.15126702753587,#000000,0.0,0.0,6.5415004292036825,100.6432201686404,1.8201909424637996,0.0,0.0,0.0,0.0,53.816111188761404,4.966028222659496,False,True,False,False,True,17.059316509304388,0,1.0997678514505675,0.8340854161798396,False,False,False,False,0.24470154219046109,0.2177649397085884,False,False,False,False,20843046,19971269.45905007,False,False,False,False,708158.9752746893,False,False,False,False
2025-08-07 00:00:00+00:00,112.61,113.11,112.31,112.92,464747,,112.59120889632915,111.98980982773905,111.43062062911542,109.84028699217518,108.53288090868219,107.76418275525803,101.12227979203175,101.023718773338,100.84371688012153,,110.71702000026339,102.49080215743979,101.12019420062448,100.68897439196847,99.30661298641738,94.76716320676407,93.59119648872677,93.49668136713673,93.19494902243858,102.87705262342385,93.59119648872677,88.98874322179319,101.12227979203175,86.171344272628,"rgba(38, 166, 154, 0.5)",0.0,0.0,6.347162568239768,100.70638987603925,1.8754222845219992,0.0,0.0,0.0,0.0,55.33065250771491,-0.7969190762647642,False,True,True,False,True,17.159362956187735,0,1.085849232423837,0.8377027444684834,False,False,False,False,0.2547799729330207,0.23627245632080454,False,False,False,False,21307793,20023682.146930464,False,False,False,False,698613.4076168584,False,False,False,False
2025-08-08 00:00:00+00:00,112.84,113.21,112.5,113.0,478291,,112.59843283237234,112.00867633895446,111.45915705981974,109.88313608202336,108.58431658028486,107.82068551554912,101.19255863908057,101.09187943619338,100.90956388439886,,110.75521393246326,102.57072535145485,101.19416093817492,100.75395803245158,99.36184812884677,94.81529350028686,93.63821207243866,93.54365462195409,93.24160982324004,102.95608213010128,93.63821207243866,89.02101601040707,101.19255863908057,86.19210982906355,"rgba(38, 166, 154, 0.5)",0.0,0.0,6.19282952364494,100.76888083024433,1.9492090204754942,0.0,0.0,0.0,0.0,56.89730315865432,0.8216571310256597,False,True,True,False,True,17.547404495501308,0,1.0758571381119513,0.8734487042106219,False,False,False,False,0.26467146096520544,0.250471958643005,False,False,False,False,21786084,20092795.945090055,False,False,False,False,689973.313200511,False,False,False,False
2025-08-11 00:00:00+00:00,112.78,113.23,112.69,112.81,288186,,112.60342105169826,112.02030183461007,111.4764022946216,109.90879529443242,108.6150771280597,107.85446065740665,101.23467864361723,101.13274349435284,100.94905599304103,,110.77810740419383,102.61852040936009,101.23846891158696,100.7929390555415,99.39503469610077,94.84425013899144,93.66650327760067,93.57192063645573,93.26968909639234,103.0033357680875,93.66650327760067,89.04046002396724,101.23467864361723,86.20462959621251,"rgba(38, 166, 154, 0.5)",0.0,0.0,6.021313375517213,100.8050523192678,1.9887600817161566,0.0,0.0,0.0,0.0,57.713952279061814,1.7750795174104184,False,True,True,False,True,17.382424288335603,0,1.078680177138324,0.8566082198094589,False,False,False,False,0.27186588805772105,0.261168923350363,False,False,False,False,21497898,20147897.986459073,False,False,False,False,674216.9479769616,False,False,False,False
2025-08-12 00:00:00+00:00,113.25,113.71,112.92,113.12,669771,,112.6289613663327,112.05775594238649,111.52557551990839,109.97440068134087,108.69131077375678,107.93723468854667,101.33467001331398,101.22976986547212,101.04283005632769,,110.838993186298,102.73209507514339,101.34359036618974,100.88548732685356,99.47376661523575,94.91264946282288,93.73327283618822,93.63862607669036,93.33594051421386,103.11573836494976,93.73327283618822,89.0862705867504,101.33467001331398,86.23410945956246,"rgba(38, 166, 154, 0.5)",0.0,0.0,5.879520493037189,100.89289079008896,2.101720578156829,1.0,113.805,113.23,906.0,59.46882741630624,3.6436651824145585,False,True,True,False,True,18.19189003039573,0,1.0665090032671518,0.8478363199771618,False,False,False,False,0.2963995533971721,0.27878423837376753,False,False,False,False,22167669,20227104.692872446,False,False,False,False,674042.5970759043,False,False,False,False
2025-08-13 00:00:00+00:00,114.64,114.64,113.805,114.0,999731,114.36166666666666,112.71969233553972,112.15467684633329,111.63569603716243,110.09776901337644,108.82595658393858,108.07993387347784,101.49393578406173,101.38432298456259,101.19215880631793,,110.96183688420491,102.91389717308658,101.51085967108294,101.0327847468415,99.59859767785045,95.01968666994921,93.83749278324248,93.74272504420708,93.43926906234431,103.29616023813945,93.83749278324248,89.15733210539314,101.49393578406173,86.27972587777812,"rgba(38, 166, 154, 0.5)",0.0,0.0,5.7317927042600685,101.04230286570119,2.372328839490746,0.0,0.0,0.0,0.0,63.4173544504079,7.503924003337872,False,False,True,False,True,20.0,0,1.0717475137395454,0.831556250884293,False,False,False,False,0.3428282474228298,0.31080624289829867,False,False,False,False,23167400,20342410.391191173,False,False,False,False,686814.6913082217,False,False,False,False
2025-08-14 00:00:00+00:00,114.17,114.64,113.36,114.27,485190,114.26200954686028,112.75282708488139,112.19273180228959,111.68047339892648,110.15106885625599,108.88554962875857,108.14367543152264,101.56803636923232,101.45629478352126,101.26178012737877,,111.0133428270566,102.99779959437903,101.58860904889299,101.1015073809289,99.65719321187227,95.07039804788846,93.886948209823,93.79212861439613,93.48832564257984,103.37929580964949,93.886948209823,89.19126030057463,101.56803636923232,86.30157130643626,"rgba(38, 166, 154, 0.5)",0.0,0.0,5.584985767300803,101.1063661683614,2.3390630479533323,0.0,0.0,0.0,0.0,64.21274673134486,8.33599818079707,False,False,True,False,True,19.180757859045848,0,1.0538686839459037,0.8349743712575622,False,False,False,False,0.32734802969079174,0.3190771362945452,False,False,False,False,22682210,20434167.23859544,False,False,False,False,678907.8406686835,False,False,False,False
2025-08-15 00:00:00+00:00,113.46,114.31,113.4,114.04,422441,114.1427039728169,112.77332650462694,112.2189389027277,111.71284944422894,110.19245817118289,108.93306661005728,108.19500959894638,101.63014224884101,101.51665587791061,101.32022331560715,,111.05205028960458,103.06765766094387,101.65373369931545,101.15922987289852,99.70665315455534,95.1135601570138,93.92910265648408,93.83424327156716,93.53015895366018,103.44841312391287,93.92910265648408,89.22033040219382,101.63014224884101,86.32033543742688,"rgba(38, 166, 154, 0.5)",0.0,0.0,5.425561683486924,101.15718359988661,2.267565483138431,-1.0,113.36,113.27,909.0,62.24693170931119,8.33599818079707,False,False,True,False,True,17.213616834309803,0,1.0504339176983815,0.8491183174569017,False,False,False,False,0.3173411471711279,0.31820914173283654,False,False,False,False,22259769,20505759.464532875,False,False,False,False,668850.3175052057,False,False,False,False
2025-08-18 00:00:00+00:00,113.08,113.27,112.635,113.05,258925,114.00552489582405,112.77615971244758,112.22699874756033,111.72518429290366,110.21222019412386,108.95737389309602,108.22192526353962,101.66562204629147,101.55116998928078,101.35368683537027,112.995,111.06891236007627,103.107131399257,101.69091792284607,101.19231339078289,99.73523054479772,95.13888521025217,93.95390431478168,93.85902651844789,93.55479254227849,103.48735149747064,93.95390431478168,89.23758557835484,101.66562204629147,86.33151842591883,"rgba(38, 166, 154, 0.5)",0.0,0.0,5.25120212472393,101.18345210724921,2.2654903791912644,0.0,0.0,0.0,0.0,59.715864065423354,8.33599818079707,False,True,True,False,False,16.17359710834125,0,1.0303475870739354,0.8688654115830919,False,False,False,False,0.2563360721003395,0.287272606916588,False,False,False,False,22000844,20564390.230629623,False,False,False,False,652774.8148579429,False,False,False,False
2025-08-19 00:00:00+00:00,113.14,113.5475,112.92,113.1,431648,113.87210196944882,112.78505419147527,112.24360071321533,111.74850350690885,110.24696351827977,108.99930524668552,108.2680526666114,101.72535400850182,101.60928350494073,101.4100354656599,113.12469948144512,111.09934063078241,103.17361030493947,101.75349577211388,101.24801934568389,99.78334024839839,95.18143369648895,93.99555646989324,93.9006463494763,93.59615717410465,103.5529647884699,93.99555646989324,89.26654643400926,101.72535400850182,86.35028542221275,"rgba(38, 166, 154, 0.5)",0.0,0.0,5.0880614831229165,101.22883008297408,2.341003534751934,0.0,0.0,0.0,0.0,58.1915485745768,14.059673722922398,False,True,True,False,False,16.280298954606902,0,1.035368270201783,0.8679431657799579,False,False,False,False,0.27512830786250975,0.2812004573895489,False,False,False,False,22432492,20637649.12354611,False,False,False,False,644103.1750595922,False,False,False,False
2025-08-20 00:00:00+00:00,112.73,113.64,112.53,113.43,404451,113.7501309058862,112.78853626839962,112.25495016529568,111.76625790405072,110.2762532064502,109.03568713606198,108.30847607950601,101.7796252690619,101.66211479040764,101.46130330702987,113.06632950054063,111.12396460159091,103.23366468302348,101.81032133520831,101.29872801167288,99.8273210407142,95.22060046383702,94.03394378039422,93.9390071271466,93.63429348071598,103.61216174327319,94.03394378039422,89.29335235612265,101.7796252690619,86.36769195667209,"rgba(38, 166, 154, 0.5)",0.0,0.0,4.945447344281919,101.26873537290203,2.317538501415822,0.0,0.0,0.0,0.0,55.79664580375197,11.691061481774554,False,True,True,False,False,15.140246294939004,0,1.0423473630958948,0.8540403654923229,False,False,False,False,0.2651664765207205,0.27318346695513473,False,False,False,False,22028041,20692174.295171753,False,False,False,False,634705.0505474515,False,False,False,False
2025-08-21 00:00:00+00:00,112.54,113.0,112.21,112.4,451646,113.59756154449835,112.7842348842754,112.26060687394654,111.77934319683621,110.30366872443109,109.07164809957393,108.34915455375612,101.83755785291578,101.71855207911685,101.5161289787918,112.92528888623085,111.14514268480023,103.29725500401543,101.87094384553956,101.35299426338644,99.87466562665207,95.26319381497655,94.07576306513133,93.98080282985761,93.67586187940634,103.67471952109246,94.07576306513133,89.32273111273659,101.83755785291578,86.38682301528918,#000000,0.0,0.0,4.792297463393609,101.30922607495722,2.343505179056611,0.0,0.0,0.0,0.0,53.57390196448881,9.508069839225051,False,True,False,False,False,14.611006027936192,0,1.0327099346599573,0.8651018035582801,False,False,False,False,0.233358008038482,0.2532707374968084,False,False,False,False,21576395,20726849.61692972,False,False,False,False,627526.264251473,False,False,False,False
