date,Open,High,Low,Close,Volume,Gap_Up_aVWAP_864,Gap_Up_aVWAP_780,Gap_Up_aVWAP_654,Gap_Up_aVWAP_576,Gap_Up_aVWAP_462,Gap_Up_aVWAP_402,Gap_Up_aVWAP_366,Gap_Up_aVWAP_336,Gap_Up_aVWAP_330,Gap_Up_aVWAP_240,Gap_Down_aVWAP_876,Gap_Down_aVWAP_852,Gap_Down_aVWAP_768,Gap_Down_aVWAP_666,Gap_Down_aVWAP_564,Gap_Down_aVWAP_527,Gap_Down_aVWAP_474,Gap_Down_aVWAP_468,Gap_Down_aVWAP_414,Gap_Down_aVWAP_319,aVWAP_OB_bull_791,aVWAP_OB_bull_390,aVWAP_OB_bear_857,aVWAP_OB_bear_809,color,Liquidity,Liquidity_Level,StDev,StDev_Mean,StdDev_ZScore,FVG,FVG_High,FVG_Low,FVG_Mitigated_Index,BoS,CHoCH,BoS_CHoCH_Price,BoS_CHoCH_Break_Index,QQEMOD,QQE1_Value,QQE1_Above_Upper,QQE1_Below_Lower,QQE2_Above_Threshold,QQE2_Below_Threshold,QQE2_Above_TL,banker_RSI,TTM_squeeze_Active,VI_plus,VI_minus,VI_Regular_Bullish,VI_Regular_Bearish,VI_Hidden_Bullish,VI_Hidden_Bearish,Fisher,Fisher_Signal,Fisher_Regular_Bullish,Fisher_Regular_Bearish,Fisher_Hidden_Bullish,Fisher_Hidden_Bearish,OBV,OBV_Smoothed,OBV_Regular_Bullish,OBV_Regular_Bearish,OBV_Hidden_Bullish,OBV_Hidden_Bearish,Volume_MA,Vol_Regular_Bullish,Vol_Regular_Bearish,Vol_Hidden_Bullish,Vol_Hidden_Bearish
2025-01-06 15:00:00+00:00,26.55,26.7,26.35,26.36,53.0,,,,,,,,,,,,,,,,,,,,,,,,,"rgba(38, 166, 154, 1.0)",1.0,27.13,,,,0.0,0.0,0.0,0.0,0.0,0.0,0.0,0.0,,,False,False,False,False,False,,0,,,False,False,False,False,,,False,False,False,False,0.0,0.0,False,False,False,False,53.0,False,False,False,False
2025-01-06 16:00:00+00:00,26.36,26.36,25.52,25.52,9.0,,,,,,,,,,,,,,,,,,,,,,,,,"rgba(239, 83, 80, 1.0)",0.0,0.0,,,,0.0,0.0,0.0,0.0,0.0,0.0,0.0,0.0,0.0,,False,False,False,True,False,,0,,,False,False,False,False,,,False,False,False,False,-9.0,-0.13953488372093023,False,False,False,False,52.31782945736434,False,False,False,False
2025-01-06 17:00:00+00:00,25.52,25.79,25.52,25.79,10.0,,,,,,,,,,,,,,,,,,,,,,,,,"rgba(38, 166, 154, 1.0)",0.0,0.0,,,,0.0,0.0,0.0,0.0,0.0,0.0,0.0,0.0,8.852459016393434,-63.27868852459015,False,False,False,True,True,,0,,,False,False,False,False,,,False,False,False,False,1.0,-0.12186767622138092,False,False,False,False,51.661739078180396,False,False,False,False
2025-01-06 18:00:00+00:00,25.79,25.79,25.79,25.79,0.0,,,,,,,,,,,,,,,,,,,,,,,,,"rgba(239, 83, 80, 1.0)",0.0,0.0,,,,0.0,0.0,0.0,0.0,0.0,0.0,0.0,0.0,14.754098360655725,-57.08196721311475,False,False,False,True,True,,0,,,False,False,False,False,,,False,False,False,False,1.0,-0.10447437891562307,False,False,False,False,50.86078188316985,False,False,False,False
2025-01-06 19:00:00+00:00,25.79,25.79,25.79,25.79,0.0,,,,,,,,,,,,,,,,,,,,,,,,,"rgba(239, 83, 80, 1.0)",0.0,0.0,,,,0.0,0.0,0.0,0.0,0.0,0.0,0.0,0.0,18.68852459016392,-52.47868852459017,False,False,False,True,True,,0,,,False,False,False,False,,,False,False,False,False,1.0,-0.0873507451339855,False,False,False,False,50.072242629167214,False,False,False,False
2025-01-06 20:00:00+00:00,25.79,25.79,25.79,25.79,0.0,,,,,,,,,,,,,,,,,,,,,,,,,"rgba(239, 83, 80, 1.0)",0.0,0.0,,,,0.0,0.0,0.0,0.0,0.0,0.0,0.0,0.0,21.31147540983605,-48.84327868852459,False,False,False,True,True,,0,,,False,False,False,False,,,False,False,False,False,1.0,-0.07049259404663688,False,False,False,False,49.29592878995532,False,False,False,False
2025-01-07 15:00:00+00:00,25.99,25.99,25.47,25.47,10.0,,,,,,,,,,,,,,,,,,,,,,,,,"rgba(239, 83, 80, 1.0)",0.0,0.0,,,,0.0,0.0,0.0,0.0,0.0,0.0,0.0,0.0,20.09290817898497,-48.72953870803455,False,False,False,True,True,,0,,,False,False,False,False,,,False,False,False,False,-9.0,-0.20893456933273552,False,False,False,False,48.6866895839095,False,False,False,False
2025-01-07 16:00:00+00:00,25.47,25.7,25.25,25.5,16.0,,,,,,,,,,,,,,,,,,,,,,,,,"rgba(38, 166, 154, 1.0)",0.0,0.0,,,,0.0,0.0,0.0,0.0,0.0,0.0,0.0,0.0,20.21772720293043,-47.011627095744544,False,False,False,True,True,,0,,,False,False,False,False,,,False,False,False,False,7.0,-0.09716814190122022,False,False,False,False,48.179919202763614,False,False,False,False
2025-01-07 17:00:00+00:00,25.5,25.5,25.22,25.22,5.0,,,,,,,,,,,,,,,,,,,,,,,,,"rgba(239, 83, 80, 1.0)",0.0,0.0,,,,0.0,0.0,0.0,0.0,0.0,0.0,0.0,0.0,18.500476288740167,-47.011627095744544,False,False,False,True,True,,0,,,False,False,False,False,,,False,False,False,False,2.0,-0.06465390714306177,False,False,False,False,47.51046309109285,False,False,False,False
2025-01-07 18:00:00+00:00,25.22,25.22,25.15,25.15,16.0,,,,,,,,,,,,,,,,,,,,,,,,,"rgba(239, 83, 80, 1.0)",0.0,0.0,,,,0.0,0.0,0.0,0.0,0.0,0.0,0.0,0.0,17.00865161311526,-47.011627095744544,False,False,False,True,True,,0,,,False,False,False,False,,,False,False,False,False,-14.0,-0.2807057845516965,False,False,False,False,47.02192877960304,False,False,False,False
2025-01-07 19:00:00+00:00,25.15,25.415,25.15,25.415,1.0,,,,,,,,,,,,,,,,,,,,,,,,,"rgba(38, 166, 154, 1.0)",0.0,0.0,,,,0.0,0.0,0.0,0.0,0.0,0.0,0.0,0.0,22.529922780237985,-40.74730332901555,False,False,False,True,True,,0,,,False,False,False,False,,,False,False,False,False,-13.0,-0.4779041444811275,False,False,False,False,46.30841050395027,False,False,False,False
2025-01-07 20:00:00+00:00,25.415,25.47,25.1,25.22,125.0,,,,,,,,,,,,,,,,,,,,,,,,,"rgba(239, 83, 80, 1.0)",0.0,0.0,,,,0.0,0.0,0.0,0.0,0.0,0.0,0.0,0.0,24.438109602912125,-37.888995810973185,False,False,False,True,True,,0,,,False,False,False,False,,,False,False,False,False,-138.0,-2.610029661620955,False,False,False,False,47.528435147299874,False,False,False,False
2025-01-08 15:00:00+00:00,25.22,25.22,25.22,25.22,0.0,,,,,,,,,,,,,,,,,,,,,,,,,"rgba(239, 83, 80, 1.0)",0.0,0.0,,,,0.0,0.0,0.0,0.0,0.0,0.0,0.0,0.0,25.710234151361554,-35.64292225577762,False,False,False,True,True,,0,,,False,False,False,False,,,False,False,False,False,-138.0,-4.7090989691927225,False,False,False,False,46.79156018377584,False,False,False,False
2025-01-08 16:00:00+00:00,25.22,25.22,25.22,25.22,0.0,,,,,,,,,,,,,,,,,,,,,,,,,"rgba(239, 83, 80, 1.0)",0.0,0.0,,,,0.0,0.0,0.0,0.0,0.0,0.0,0.0,0.0,26.558317183661174,-33.80219390610487,False,False,False,True,True,,0,,,False,False,False,False,,,False,False,False,False,-138.0,-6.775624566569579,False,False,False,False,46.066109638290946,False,False,False,False
2025-01-08 17:00:00+00:00,25.22,25.22,24.5,24.5,6.0,,,,,,,,,,,,,,,,,,,,,,,,,"rgba(239, 83, 80, 1.0)",0.0,0.0,,,,0.0,0.0,0.0,0.0,0.0,0.0,0.0,0.0,22.844334810914862,-33.80219390610487,False,False,False,True,True,,0,,,False,False,False,False,,,False,False,False,False,-144.0,-8.90313426321191,False,False,False,False,45.44492964389884,False,False,False,False
2025-01-08 18:00:00+00:00,24.5,24.63,24.5,24.63,10.0,,,,,,,,,,,,,,,,,,,,,,,,,"rgba(239, 83, 80, 1.0)",0.0,0.0,,,,0.0,0.0,0.0,0.0,0.0,0.0,0.0,0.0,22.7506792512784,-33.80219390610487,False,False,False,True,True,,0,,,False,False,False,False,,,False,False,False,False,-134.0,-10.84262055370475,False,False,False,False,44.895395850970175,False,False,False,False
2025-01-08 19:00:00+00:00,24.63,24.63,24.49,24.49,3.0,,,,,,,,,,,,,,,,,,,,,,,,,"rgba(239, 83, 80, 1.0)",0.0,0.0,,24.536666666666665,,0.0,0.0,0.0,0.0,0.0,0.0,0.0,0.0,21.989801303344656,-33.80219390610487,False,False,False,True,True,,0,,,False,False,False,False,,,False,False,False,False,-137.0,-12.798548917213203,False,False,False,False,44.245854830024896,False,False,False,False
2025-01-08 20:00:00+00:00,24.49,24.85,24.49,24.65,350.0,,,,,,,,,,,,,,,,,,,,,,,,,"rgba(239, 83, 80, 1.0)",0.0,0.0,,24.662795089707274,,0.0,0.0,0.0,0.0,0.0,0.0,0.0,0.0,24.310214192819195,-33.1596905710617,False,False,False,True,True,,0,,,False,False,False,False,,,False,False,False,False,213.0,-9.2977962208223,False,False,False,False,48.98622917374544,False,False,False,False
2025-01-09 15:00:00+00:00,24.65,24.65,24.65,24.65,0.0,,,,,,,,,,,,,,,,,,,,,,,,,"rgba(239, 83, 80, 1.0)",0.0,0.0,,24.662795089707274,,0.0,0.0,0.0,0.0,0.0,0.0,0.0,0.0,25.857156119135553,-31.083481427769044,False,False,False,True,True,,0,,,False,False,False,False,,,False,False,False,False,213.0,-5.851318760034358,False,False,False,False,48.22675275244706,False,False,False,False
2025-01-09 16:00:00+00:00,24.65,24.65,24.65,24.65,0.0,,,,,,,,,,,,,,,,,,,,,,,,,"rgba(239, 83, 80, 1.0)",0.0,0.0,,24.662795089707274,,0.0,0.0,0.0,0.0,0.0,0.0,0.0,0.0,26.888450736679793,-29.53895975123821,False,False,False,True,True,,0,,,False,False,False,False,,,False,False,False,False,213.0,-2.458275058328399,False,False,False,False,47.47905115938587,False,False,False,False
2025-01-09 17:00:00+00:00,24.65,24.65,24.65,24.65,0.0,,,,,,,,,,,,,,,,,,,,,,,,,"rgba(239, 83, 80, 1.0)",0.0,0.0,,24.662795089707274,,0.0,0.0,0.0,0.0,0.0,0.0,0.0,0.0,27.575980481709287,-28.33462124344353,False,False,False,True,True,,0,,,False,False,False,False,,,False,False,False,False,213.0,0.8821633146689405,False,False,False,False,46.74294183908531,False,False,False,False
2025-01-09 18:00:00+00:00,24.65,24.65,24.65,24.65,0.0,,,,,,,,,,,,,,,,,,,,,,,,,"rgba(239, 83, 80, 1.0)",0.0,0.0,,24.662795089707274,,0.0,0.0,0.0,0.0,0.0,0.0,0.0,0.0,28.034333645062283,-27.354921719249997,False,False,False,True,True,,0,,,False,False,False,False,,,False,False,False,False,213.0,4.170811945449267,False,False,False,False,46.018245066386314,False,False,False,False
2025-01-09 19:00:00+00:00,24.65,24.65,24.65,24.65,0.0,,,,,,,,,,,,,,,,,,,,,,,,,"rgba(239, 83, 80, 1.0)",0.0,0.0,,24.662795089707274,,0.0,0.0,0.0,0.0,0.0,0.0,0.0,0.0,28.33990242063095,-26.530677935727766,False,False,False,True,True,,0,,,False,False,False,False,,,False,False,False,False,213.0,7.408473775752379,False,False,False,False,45.30478390256637,False,False,False,False
2025-01-09 20:00:00+00:00,24.65,24.65,24.65,24.65,0.0,,,,,,,,,,,,,,,,,,,,,,,,,"rgba(239, 83, 80, 1.0)",0.0,0.0,,24.662795089707274,,0.0,0.0,0.0,0.0,0.0,0.0,0.0,0.0,28.543614937676722,-25.82056145104194,False,False,False,True,True,,0,,,False,False,False,False,,,False,False,False,False,213.0,10.595939298608931,False,False,False,False,44.60238415213898,False,False,False,False
2025-01-10 15:00:00+00:00,24.65,24.65,24.65,24.65,0.0,,,,,,,,,,,,,,,,,,,,,,,,,"rgba(239, 83, 80, 1.0)",0.0,0.0,,24.662795089707274,,0.0,0.0,0.0,0.0,0.0,0.0,0.0,0.0,28.679423282373904,-25.199668345976093,False,False,False,True,True,,0,,,False,False,False,False,,,False,False,False,False,213.0,13.733986751343677,False,False,False,False,43.91087432032287,False,False,False,False
2025-01-10 16:00:00+00:00,24.65,24.65,24.65,24.65,0.0,,,,,,,,,,,,,,,,,,,,,,,,,"rgba(239, 83, 80, 1.0)",0.0,0.0,,24.662795089707274,,0.0,0.0,0.0,0.0,0.0,0.0,0.0,0.0,28.769962178838696,-24.652565427387838,False,False,False,True,True,,0,,,False,False,False,False,,,False,False,False,False,213.0,16.82338230558641,False,False,False,False,43.23008557117058,False,False,False,False
2025-01-10 17:00:00+00:00,24.65,24.65,23.7,23.7,18.0,,,,,,,,,,,,,,,,,,,,,,,,,"rgba(239, 83, 80, 1.0)",0.0,0.0,,24.323992660846127,,0.0,0.0,0.0,0.0,0.0,0.0,0.0,0.0,22.592363946751135,-23.796450702221655,False,False,False,True,False,,0,,,False,False,False,False,,,False,False,False,False,195.0,19.58581048689515,False,False,False,False,42.83892145378809,False,False,False,False
2025-01-10 18:00:00+00:00,23.7,23.7,23.7,23.7,0.0,,,,,,,,,,,,,,,,,,,,,,,,,"rgba(239, 83, 80, 1.0)",0.0,0.0,,24.323992660846127,,0.0,0.0,0.0,0.0,0.0,0.0,0.0,0.0,18.473965125359427,-27.526716098842847,False,False,False,True,False,,0,,,False,False,False,False,,,False,False,False,False,195.0,22.30541032430763,False,False,False,False,42.17475212892315,False,False,False,False
2025-01-10 19:00:00+00:00,23.7,23.7,23.7,23.7,0.0,,,,,,,,,,,,,,,,,,,,,,,,,"rgba(239, 83, 80, 1.0)",0.0,0.0,,24.323992660846127,,0.0,0.0,0.0,0.0,0.0,0.0,0.0,0.0,15.72836591109829,-29.909322750856646,False,False,False,True,False,,0,,,False,False,False,False,,,False,False,False,False,195.0,24.98284582315557,False,False,False,False,41.520880002893335,False,False,False,False
2025-01-10 20:00:00+00:00,23.7,24.22,23.7,23.85,136.0,,,,,,,,,,,,,,,,,,,,,,,,,"rgba(239, 83, 80, 1.0)",0.0,0.0,,24.07430923777078,,0.0,0.0,0.0,0.0,0.0,0.0,0.0,0.0,17.694377692194344,-29.909322750856646,False,False,False,True,True,,0,,,False,False,False,False,,,False,False,False,False,331.0,29.727297825897345,False,False,False,False,42.98567256098801,False,False,False,False
2025-01-13 15:00:00+00:00,23.85,23.85,23.85,23.85,0.0,,,,,,,,,,,,,,,,,,,,,,,,,"rgba(239, 83, 80, 1.0)",0.0,0.0,,24.07430923777078,,0.0,0.0,0.0,0.0,0.0,0.0,0.0,0.0,19.005052212925047,-29.909322750856646,False,False,False,True,True,,0,,,False,False,False,False,,,False,False,False,False,331.0,34.39819243324777,False,False,False,False,42.319228025158736,False,False,False,False
2025-01-13 16:00:00+00:00,23.85,23.85,23.85,23.85,0.0,,,,,,,,,,,,,,,,,,,,,,,,,"rgba(239, 83, 80, 1.0)",0.0,0.0,,24.07430923777078,,0.0,0.0,0.0,0.0,0.0,0.0,0.0,0.0,19.878835226745515,-29.909322750856646,False,False,False,True,True,,0,,,False,False,False,False,,,False,False,False,False,331.0,38.9966700699416,False,False,False,False,41.663115962753174,False,False,False,False
2025-01-13 17:00:00+00:00,23.85,24.065,23.85,24.065,110.0,,,,,,,,,,,,,,,,,,,,,,,,,"rgba(38, 166, 154, 1.0)",0.0,0.0,,24.07190788803328,,0.0,0.0,0.0,0.0,0.0,0.0,0.0,0.0,25.834711714165024,-29.24699645203966,False,False,False,True,True,,0,,,False,False,False,False,,,False,False,False,False,441.0,45.2292798362991,False,False,False,False,42.72260253697406,False,False,False,False
2025-01-13 18:00:00+00:00,24.065,24.065,24.065,24.065,0.0,,,,,,,,,,,,,,,,,,,,,,,,,"rgba(38, 166, 154, 1.0)",0.0,0.0,,24.07190788803328,,0.0,0.0,0.0,0.0,0.0,0.0,0.0,0.0,29.80529603911137,-25.718200294328078,False,False,False,True,True,,0,,,False,False,False,False,,,False,False,False,False,441.0,51.36525999387586,False,False,False,False,42.06023660616826,False,False,False,False
2025-01-13 19:00:00+00:00,24.065,24.065,24.065,24.065,0.0,,,,,,,,,,,,,,,,,,,,,,,,,"rgba(38, 166, 154, 1.0)",0.0,0.0,,24.07190788803328,,0.0,0.0,0.0,0.0,0.0,0.0,0.0,0.0,32.45235225574226,-23.397654273052943,False,False,False,True,True,,0,,,False,False,False,False,,,False,False,False,False,441.0,57.40610867614135,False,False,False,False,41.40813991459976,False,False,False,False
2025-01-13 20:00:00+00:00,24.065,24.065,23.745,23.745,1.0,,,,,,,,,,,,,,,,,,,,,,,,,"rgba(38, 166, 154, 1.0)",0.0,0.0,,24.07137766653119,,0.0,0.0,0.0,0.0,0.0,0.0,0.0,0.0,30.39758557456368,-23.397654273052943,False,False,False,True,True,,0,,,False,False,False,False,,,False,False,False,False,440.0,63.33779691372055,False,False,False,False,40.78165712522611,False,False,False,False
2025-01-14 15:00:00+00:00,23.745,23.745,23.745,23.745,0.0,,,,,,,,,,,,,,,,,,,,,,,,,"rgba(38, 166, 154, 1.0)",0.0,0.0,,24.07137766653119,,0.0,0.0,0.0,0.0,0.0,0.0,0.0,0.0,29.027741120444627,-23.397654273052943,False,False,False,True,False,,0,,,False,False,False,False,,,False,False,False,False,440.0,69.1775209925776,False,False,False,False,40.14938337134664,False,False,False,False
2025-01-14 16:00:00+00:00,23.745,23.745,23.745,23.745,0.0,,,,,,,,,,,,,,,,,,,,,,,,,"rgba(38, 166, 154, 1.0)",0.0,0.0,,24.07137766653119,,0.0,0.0,0.0,0.0,0.0,0.0,0.0,0.0,28.114511484365256,-23.397654273052943,False,False,False,True,False,,0,,,False,False,False,False,,,False,False,False,False,440.0,74.9267067136229,False,False,False,False,39.52691231132576,False,False,False,False
2025-01-14 17:00:00+00:00,23.745,24.95,23.745,24.85,15.0,,,,,,,,,,,,,,,,,,,,,,,,,"rgba(38, 166, 154, 1.0)",0.0,0.0,,24.147244056460202,,0.0,0.0,0.0,0.0,0.0,0.0,0.0,0.0,42.21855803285955,-14.76284597206564,False,False,False,True,True,,0,,,False,False,False,False,,,False,False,False,False,455.0,80.81931591186131,False,False,False,False,39.14665010494861,False,False,False,False
2025-01-14 18:00:00+00:00,24.85,25.09,24.85,25.075,24.0,,,,,,,,,,,,,,,,,,,,,,,,,"rgba(38, 166, 154, 1.0)",0.0,0.0,,24.242929493147326,,0.0,0.0,0.0,0.0,0.0,0.0,0.0,0.0,52.81032722239668,-5.644021316920245,False,False,True,False,True,,0,,,False,False,False,False,,,False,False,False,False,479.0,86.9926598512123,False,False,False,False,38.911818320375765,False,False,False,False
2025-01-14 19:00:00+00:00,25.075,25.58,25.075,25.58,115.0,,,,,,,,,,,,,,,,,,,,,,,,,"rgba(38, 166, 154, 1.0)",0.0,0.0,,24.572960841622788,,0.0,0.0,0.0,0.0,0.0,0.0,0.0,0.0,61.89534849140792,1.9279872647518488,False,False,True,False,True,,0,,,False,False,False,False,,,False,False,False,False,594.0,94.85323876824775,False,False,False,False,40.09148005184281,False,False,False,False
2025-01-14 20:00:00+00:00,25.58,25.58,25.235,25.245,101.0,,,,,,,,,,,,,,,,,,,,,,,,,"rgba(38, 166, 154, 1.0)",0.0,0.0,,24.713280691374834,,0.0,0.0,0.0,0.0,0.0,0.0,0.0,0.0,63.992007115183384,3.2453463553189437,True,False,True,False,True,,0,,,False,False,False,False,,,False,False,False,False,493.0,101.0260567718408,False,False,False,False,41.03579819057393,False,False,False,False
2025-01-15 15:00:00+00:00,25.245,25.245,25.245,25.245,0.0,,,,,,,,,,,,,,,,,,,,,,,,,"rgba(38, 166, 154, 1.0)",0.0,0.0,,24.713280691374834,,0.0,0.0,0.0,0.0,0.0,0.0,0.0,0.0,65.3897795310337,4.434456258725447,True,False,True,False,True,,0,,,False,False,False,False,,,False,False,False,False,493.0,107.10317217072698,False,False,False,False,40.39958426513867,False,False,False,False
2025-01-15 16:00:00+00:00,25.245,25.245,25.245,25.245,0.0,,,,,,,,,,,,,,,,,,,,,,,,,"rgba(38, 166, 154, 1.0)",0.0,0.0,,24.713280691374834,,0.0,0.0,0.0,0.0,0.0,0.0,0.0,0.0,66.32162780826724,5.577788631163926,True,False,True,False,True,,0,,,False,False,False,False,,,False,False,False,False,493.0,113.08606872621958,False,False,False,False,39.77323412149311,False,False,False,False
2025-01-15 17:00:00+00:00,25.245,25.245,25.245,25.245,0.0,,,,,,,,,,,,,,,,,,,,,,,,,"rgba(38, 166, 154, 1.0)",0.0,0.0,,24.713280691374834,,0.0,0.0,0.0,0.0,0.0,0.0,0.0,0.0,66.9428599930896,6.702000985519348,True,False,True,False,True,,0,,,False,False,False,False,,,False,False,False,False,493.0,118.97620719558051,False,False,False,False,39.15659483278779,False,False,False,False
2025-01-15 18:00:00+00:00,25.245,25.245,25.245,25.245,0.0,,,,,,,,,,,,,,,,,,,,,,,,,"rgba(38, 166, 154, 1.0)",0.0,0.0,,24.713280691374834,,0.0,0.0,0.0,0.0,0.0,0.0,0.0,0.0,67.35701478297116,7.806281965216726,True,False,True,False,True,,0,,,False,False,False,False,,,False,False,False,False,493.0,124.77502568867229,False,False,False,False,38.54951584313216,False,False,False,False
2025-01-15 19:00:00+00:00,25.245,25.245,25.245,25.245,0.0,,,,,,,,,,,,,,,,,,,,,,,,,"rgba(38, 166, 154, 1.0)",0.0,0.0,,24.713280691374834,,0.0,0.0,0.0,0.0,0.0,0.0,0.0,0.0,67.63311797622555,8.87848491333797,True,False,True,False,True,,0,,,False,False,False,False,,,False,False,False,False,493.0,130.48394001908048,False,False,False,False,37.95184893083554,False,False,False,False
2025-01-15 20:00:00+00:00,25.245,25.805,25.245,25.805,1.0,,,,,,,,,,,,,,,,,,,,,,,,,"rgba(38, 166, 154, 1.0)",0.0,0.0,,24.714932578320163,,0.0,0.0,0.0,0.0,0.0,0.0,0.0,0.0,71.36552522305621,13.097340601115853,True,False,True,False,True,,0,,,False,False,False,False,,,False,False,False,False,494.0,136.11984792576138,False,False,False,False,37.37895204818692,False,False,False,False
2025-01-16 15:00:00+00:00,25.805,25.805,25.805,25.805,0.0,,,,,,,,,,,,,,,,,,,,,,,,,"rgba(38, 166, 154, 1.0)",0.0,0.0,,24.714932578320163,,0.0,0.0,0.0,0.0,0.0,0.0,0.0,0.0,73.85379672094332,15.978839336298094,True,False,True,False,True,,0,,,False,False,False,False,,,False,False,False,False,494.0,141.66837741528445,False,False,False,False,36.79943341178092,False,False,False,False
2025-01-16 16:00:00+00:00,25.805,26.4,25.805,26.4,1.0,,,,,,,,,,,,,,,,,,,,,,,,,"rgba(38, 166, 154, 1.0)",0.0,0.0,,24.882622456026994,,0.0,0.0,0.0,0.0,0.0,0.0,0.0,0.0,77.70240150195356,20.00924736646199,True,False,True,False,True,13.82498969079008,0,,,False,False,False,False,,,False,False,False,False,495.0,147.14638706776066,False,False,False,False,36.24440343640446,False,False,False,False
2025-01-16 17:00:00+00:00,26.4,26.4,26.4,26.4,0.0,,,,,,,,,,,,,,,,,,,,,,,,,"rgba(38, 166, 154, 1.0)",0.0,0.0,,24.882622456026994,,0.0,0.0,0.0,0.0,0.0,0.0,0.0,0.0,80.26813802262706,22.742490479946156,True,False,True,False,True,13.82498969079008,0,,,False,False,False,False,,,False,False,False,False,495.0,152.53946633802792,False,False,False,False,35.68247470095633,False,False,False,False
2025-01-16 18:00:00+00:00,26.4,26.4,26.4,26.4,0.0,,,,,,,,,,,,,,,,,,,,,,,,,"rgba(38, 166, 154, 1.0)",0.0,0.0,,24.882622456026994,,0.0,0.0,0.0,0.0,0.0,0.0,0.0,0.0,81.97862903640939,24.690162513456315,True,False,True,False,True,13.82498969079008,0,,,False,False,False,False,,,False,False,False,False,495.0,157.848931976198,False,False,False,False,35.129258038926,False,False,False,False
2025-01-16 19:00:00+00:00,26.4,26.4,26.4,26.4,0.0,,,,,,,,,,,,,,,,,,,,,,,,,"rgba(38, 166, 154, 1.0)",0.0,0.0,,24.882622456026994,,0.0,0.0,0.0,0.0,0.0,0.0,0.0,0.0,83.11895637893093,26.159791635269627,True,False,True,False,True,13.82498969079008,0,,,False,False,False,False,,,False,False,False,False,495.0,163.07608031765227,False,False,False,False,34.584618379407765,False,False,False,False
2025-01-16 20:00:00+00:00,26.4,26.4,26.265,26.265,2.0,,,,,,,,,,,,,,,,,,,,,,,,,"rgba(38, 166, 154, 1.0)",0.0,0.0,,25.153084654989012,,0.0,0.0,0.0,0.0,0.0,0.0,0.0,0.0,80.99410880840374,26.159791635269627,True,False,True,False,True,11.526157926031427,0,,,False,False,False,False,,,False,False,False,False,493.0,168.19117984761115,False,False,False,False,34.07943049755648,False,False,False,False
2025-01-17 15:00:00+00:00,26.265,26.265,26.265,26.265,0.0,,,,,,,,,,,,,,,,,,,,,,,,,"rgba(38, 166, 154, 1.0)",0.0,0.0,,25.153084654989012,,0.0,0.0,0.0,0.0,0.0,0.0,0.0,0.0,79.57754376138561,26.159791635269627,True,False,True,False,False,11.526157926031427,0,,,False,False,False,False,,,False,False,False,False,493.0,173.2269755088885,False,False,False,False,33.55106723402847,False,False,False,False
2025-01-17 16:00:00+00:00,26.265,26.265,26.265,26.265,0.0,,,,,,,,,,,,,,,,,,,,,,,,,"rgba(38, 166, 154, 1.0)",0.0,0.0,,25.153084654989012,,0.0,0.0,0.0,0.0,0.0,0.0,0.0,0.0,78.63316706337353,26.159791635269627,True,False,True,False,False,11.526157926031427,0,,,False,False,False,False,,,False,False,False,False,493.0,178.1846968188282,False,False,False,False,33.030895649004776,False,False,False,False
2025-01-17 17:00:00+00:00,26.265,26.265,26.265,26.265,0.0,,,,,,,,,,,,,,,,,,,,,,,,,"rgba(38, 166, 154, 1.0)",0.0,0.0,,25.153084654989012,,0.0,0.0,0.0,0.0,0.0,0.0,0.0,0.0,78.00358259803214,26.159791635269627,True,False,True,False,False,11.526157926031427,0,,,False,False,False,False,,,False,False,False,False,493.0,183.06555423248977,False,False,False,False,32.51878873971788,False,False,False,False
2025-01-17 18:00:00+00:00,26.265,26.265,26.265,26.265,0.0,,,,,,,,,,,,,,,,,,,,,,,,,"rgba(38, 166, 154, 1.0)",0.0,0.0,,25.153084654989012,,0.0,0.0,0.0,0.0,0.0,0.0,0.0,0.0,77.58385962113788,26.159791635269627,True,False,True,False,False,11.526157926031427,0,,,False,False,False,False,,,False,False,False,False,493.0,187.8707394381876,False,False,False,False,32.01462147243543,False,False,False,False
2025-01-17 19:00:00+00:00,26.265,26.265,26.265,26.265,0.0,,,,,,,,,,,,,,,,,,,,,,,,,"rgba(38, 166, 154, 1.0)",0.0,0.0,,25.153084654989012,,0.0,0.0,0.0,0.0,0.0,0.0,0.0,0.0,77.30404430320837,26.159791635269627,True,False,True,False,False,11.526157926031427,0,,,False,False,False,False,,,False,False,False,False,493.0,192.60142564844824,False,False,False,False,31.518270751932555,False,False,False,False
2025-01-17 20:00:00+00:00,26.265,26.405,26.265,26.405,64.0,,,,,,,,,,,,,,,,,,,,,,,,,"rgba(38, 166, 154, 1.0)",0.0,0.0,,25.523429971006372,,0.0,0.0,0.0,0.0,0.0,0.0,0.0,0.0,78.47909976438962,26.159791635269627,True,False,True,False,False,13.39271764018046,0,,,False,False,False,False,,,False,False,False,False,557.0,198.2510159484723,False,False,False,False,32.02186345345298,False,False,False,False
2025-01-20 15:00:00+00:00,26.405,26.405,26.405,26.405,0.0,,,,,,,,,,,,,,,,,,,,,,,,,"rgba(38, 166, 154, 1.0)",0.0,0.0,,25.523429971006372,,0.0,0.0,0.0,0.0,0.0,0.0,0.0,0.0,79.26247007184378,26.159791635269627,True,False,True,False,False,13.39271764018046,0,,,False,False,False,False,,,False,False,False,False,557.0,203.81301570120914,False,False,False,False,31.525400454174637,False,False,False,False
2025-01-20 16:00:00+00:00,26.405,26.405,26.405,26.405,0.0,,,,,,,,,,,,,,,,,,,,,,,,,"rgba(38, 166, 154, 1.0)",0.0,0.0,,25.523429971006372,,0.0,0.0,0.0,0.0,0.0,0.0,0.0,0.0,79.78471694347988,26.159791635269627,True,False,True,False,True,13.39271764018046,0,,,False,False,False,False,,,False,False,False,False,557.0,209.28878289963998,False,False,False,False,31.0366345556603,False,False,False,False
2025-01-20 17:00:00+00:00,26.405,26.405,26.405,26.405,0.0,,,,,,,,,,,,,,,,,,,,,,,,,"rgba(38, 166, 154, 1.0)",0.0,0.0,,25.523429971006372,,0.0,0.0,0.0,0.0,0.0,0.0,0.0,0.0,80.13288152457062,26.7517284935212,True,False,True,False,True,13.39271764018046,0,,,False,False,False,False,,,False,False,False,False,557.0,214.6796544825913,False,False,False,False,30.555446423014402,False,False,False,False
2025-01-20 18:00:00+00:00,26.405,26.405,26.405,26.405,0.0,,,,,,,,,,,,,,,,,,,,,,,,,"rgba(38, 166, 154, 1.0)",0.0,0.0,,25.523429971006372,,0.0,0.0,0.0,0.0,0.0,0.0,0.0,0.0,80.36499124529779,27.29936663604066,True,False,True,False,True,13.39271764018046,0,,,False,False,False,False,,,False,False,False,False,557.0,219.98694666115577,False,False,False,False,30.081718571494797,False,False,False,False
2025-01-20 19:00:00+00:00,26.405,26.405,26.405,26.405,0.0,,,,,,,,,,,,,,,,,,,,,,,,,"rgba(38, 166, 154, 1.0)",0.0,0.0,,25.523429971006372,,0.0,0.0,0.0,0.0,0.0,0.0,0.0,0.0,80.5197310591159,27.763195642794315,True,False,True,False,True,13.39271764018046,0,,,False,False,False,False,,,False,False,False,False,557.0,225.21195524005256,False,False,False,False,29.61533533782821,False,False,False,False
2025-01-20 20:00:00+00:00,26.405,26.405,26.405,26.405,0.0,,,,,,,,,,,,,,,,,,,,,,,,,"rgba(38, 166, 154, 1.0)",0.0,0.0,,25.523429971006372,,0.0,0.0,0.0,0.0,0.0,0.0,0.0,0.0,80.62289093499464,28.164118031216802,True,False,True,False,True,13.39271764018045,0,,,False,False,False,False,,,False,False,False,False,557.0,230.35595593400524,False,False,False,False,29.156182851970406,False,False,False,False
2025-01-21 15:00:00+00:00,26.405,26.405,26.405,26.405,0.0,,,,,,,,,,,,,,,,,,,,,,,,,"rgba(38, 166, 154, 1.0)",0.0,0.0,,25.523429971006372,,0.0,0.0,0.0,0.0,0.0,0.0,0.0,0.0,80.69166418558046,28.51493288092314,True,False,True,False,True,13.39271764018045,0,,,False,False,False,False,,,False,False,False,False,557.0,235.42020467921444,False,False,False,False,28.7041490093042,False,False,False,False
2025-01-21 16:00:00+00:00,26.405,26.405,26.405,26.405,0.0,,,,,,,,,,,,,,,,,,,,,,,,,"rgba(38, 166, 154, 1.0)",0.0,0.0,,25.523429971006372,,0.0,0.0,0.0,0.0,0.0,0.0,0.0,0.0,80.73751301930434,28.82377270689807,True,False,True,False,True,13.39271764018046,0,,,False,False,False,False,,,False,False,False,False,557.0,240.4059379400018,False,False,False,False,28.259123443268475,False,False,False,False
2025-01-21 17:00:00+00:00,26.405,26.405,26.405,26.405,0.0,,,,,,,,,,,,,,,,,,,,,,,,,"rgba(38, 166, 154, 1.0)",0.0,0.0,,25.523429971006372,,0.0,0.0,0.0,0.0,0.0,0.0,0.0,0.0,80.7680789084536,29.096145854669317,True,False,True,False,True,13.39271764018046,0,,,False,False,False,False,,,False,False,False,False,557.0,245.31437301069943,False,False,False,False,27.8209974984116,False,False,False,False
2025-01-21 18:00:00+00:00,26.405,26.81,26.405,26.81,2.0,,,,,,,,,,,,,,,,,,,,,,,,,"rgba(38, 166, 154, 1.0)",0.0,0.0,,25.67387065760232,,0.0,0.0,0.0,0.0,0.0,0.0,0.0,0.0,84.767338834165,32.91711375547902,True,False,True,False,True,19.20211483440967,0,,,False,False,False,False,,,False,False,False,False,559.0,250.1777160647971,False,False,False,False,27.420671955800568,False,False,False,False
2025-01-21 19:00:00+00:00,26.81,26.81,26.81,26.81,0.0,,,,,,,,,,,,,,,,,,,,,,,,,"rgba(38, 166, 154, 1.0)",0.0,0.0,,25.67387065760232,,0.0,0.0,0.0,0.0,0.0,0.0,0.0,0.0,87.43351211797261,35.276571818116224,True,False,True,False,True,19.20211483440966,0,,,False,False,False,False,,,False,False,False,False,559.0,254.96565845138937,False,False,False,False,26.99554525881141,False,False,False,False
2025-01-21 20:00:00+00:00,26.81,27.01,26.81,27.01,10.0,,,,,,,,,,,,,,,,,,,,,,,,,"rgba(38, 166, 154, 1.0)",0.0,0.0,,25.881454285626738,,0.0,0.0,0.0,0.0,0.0,0.0,0.0,0.0,89.88647985837933,37.374222654927465,True,False,True,False,True,20.0,0,,,False,False,False,False,,,False,False,False,False,569.0,259.83440793276316,False,False,False,False,26.732048433093404,False,True,False,False
2025-01-22 15:00:00+00:00,26.86,26.86,26.86,26.86,0.0,,,,,,,,,,,,,,,,,,,,,,,,,"rgba(38, 166, 154, 1.0)",0.0,0.0,,25.881454285626738,,0.0,0.0,0.0,0.0,0.0,0.0,0.0,0.0,85.48104360464842,38.56075696363641,True,False,True,False,False,18.474294678633616,0,,,False,False,False,False,,,False,False,False,False,569.0,264.62767292605366,False,False,False,False,26.31759806978963,False,False,False,False
2025-01-22 16:00:00+00:00,26.86,26.86,26.86,26.86,0.0,,,,,,,,,,,,,,,,,,,,,,,,,"rgba(38, 166, 154, 1.0)",0.0,0.0,,25.881454285626738,,0.0,0.0,0.0,0.0,0.0,0.0,0.0,0.0,82.54408610216115,36.15747861658146,True,False,True,False,False,18.474294678633616,0,,,False,False,False,False,,,False,False,False,False,569.0,269.34662373340166,False,False,False,False,25.90957329351382,False,False,False,False
2025-01-22 17:00:00+00:00,26.86,26.86,26.34,26.38,7.0,,,,,,,,,,,,,,,,,,,,,,,,,"rgba(239, 83, 80, 1.0)",0.0,0.0,0.9710430353885312,25.86435424441028,0.5310225569800837,0.0,0.0,0.0,0.0,0.0,0.0,0.0,0.0,69.43345466636217,24.554929283262254,False,False,True,False,False,8.91695044951176,0,,,False,False,False,False,,,False,False,False,False,562.0,273.8838853809458,False,False,False,False,25.616401614544614,False,False,False,False
2025-01-22 18:00:00+00:00,26.38,26.45,26.175,26.225,38.0,,,,,,,,,,,,,,,,,,,,,,,,,"rgba(239, 83, 80, 1.0)",0.0,0.0,0.9693771800063755,25.8180939649731,0.419760278475117,0.0,0.0,0.0,0.0,0.0,0.0,0.0,0.0,58.72200314745139,15.674936477153608,False,True,True,False,False,6.1818799768776564,0,,,False,False,False,False,,,False,False,False,False,524.0,277.7616545998459,False,False,False,False,25.808395387962527,False,False,False,False
2025-01-22 19:00:00+00:00,26.225,26.225,26.02,26.02,3.0,,,,,,,,,,,,,,,,,,,,,,,,,"rgba(239, 83, 80, 1.0)",0.0,0.0,0.9718901663745194,25.814065725019507,0.21189048115251283,0.0,0.0,0.0,0.0,0.0,0.0,0.0,0.0,49.47785258365212,8.249217212739538,False,True,False,True,False,2.761460854148172,0,,,False,False,False,False,,,False,False,False,False,521.0,281.5327917378327,False,False,False,False,25.45477685481582,False,False,False,False
2025-01-22 20:00:00+00:00,26.02,26.46,26.02,26.09,1269.0,,,,,,,,,,,,,,,,,,,,,,,,,"rgba(239, 83, 80, 1.0)",0.0,0.0,0.9740804164224087,26.02798572768895,0.06366442776748867,0.0,0.0,0.0,0.0,0.0,0.0,0.0,0.0,44.718699734846204,4.778921095257246,False,True,False,True,False,3.806609354710897,0,,,False,False,False,False,,,False,False,False,False,1790.0,304.91988023802134,False,False,False,False,44.73454775629154,False,False,False,False
2025-01-23 15:00:00+00:00,25.44,26.04,25.44,26.04,11.0,,,,,,,,,,,,,,,,,,,,,,,,,"rgba(239, 83, 80, 1.0)",0.0,0.0,0.9758026264392616,26.026425495212003,0.01391111728970267,0.0,0.0,0.0,0.0,0.0,0.0,0.0,0.0,40.9975074597055,1.8523075012612935,False,True,False,True,False,2.9842496283901525,0,,,False,False,False,False,,,False,False,False,False,1779.0,327.77383558316825,False,False,False,False,44.211531512007944,False,False,False,False
2025-01-23 16:00:00+00:00,26.04,26.04,26.04,26.04,0.0,,,,,,,,,,,,,,,,,,,,,,,,,"rgba(239, 83, 80, 1.0)",0.0,0.0,0.9775102819670731,26.026425495212003,0.013886815349583952,0.0,0.0,0.0,0.0,0.0,0.0,0.0,0.0,38.5167126096117,-0.30606950955272083,False,True,False,True,False,2.9842496283901525,0,,,False,False,False,False,,,False,False,False,False,1779.0,350.27346603924315,False,False,False,False,43.52608141104658,False,False,False,False
2025-01-23 17:00:00+00:00,26.04,26.04,25.7,25.7,3.0,,,,,,,,,,,,,,,,,,,,,,,,,"rgba(239, 83, 80, 1.0)",0.0,0.0,0.9771088212930248,26.025953694820792,-0.3335899622617806,0.0,0.0,0.0,0.0,0.0,0.0,0.0,0.0,33.65426262473521,-4.923015794035919,False,True,False,True,False,0.0,0,,,False,False,False,False,,,False,False,False,False,1776.0,372.3777533874719,False,False,False,False,42.89777007134043,False,False,False,False
2025-01-23 18:00:00+00:00,25.7,25.7,25.385,25.385,2.0,,,,,,,,,,,,,,,,,,,,,,,,,"rgba(239, 83, 80, 1.0)",0.0,0.0,0.9771014544315487,26.025231082162076,-0.6552350109176162,0.0,0.0,0.0,0.0,0.0,0.0,0.0,0.0,28.576667746903283,-9.792637679082105,False,True,False,True,False,0.0,0,,,False,False,False,False,,,False,False,False,False,1774.0,394.1083308543328,False,False,False,False,42.263696116746004,False,False,False,False
2025-01-23 19:00:00+00:00,25.385,25.68,25.26,25.28,72.0,,,,,,,,,,,,,,,,,,,,,,,,,"rgba(239, 83, 80, 1.0)",0.0,0.0,0.9771902956302163,25.996844860599566,-0.73357754759246,0.0,0.0,0.0,0.0,0.0,0.0,0.0,0.0,24.70370258591293,-13.610431391551131,False,True,False,True,False,0.0,0,,,False,False,False,False,,,False,False,False,False,1702.0,414.38572107364547,False,False,False,False,42.72472408392824,False,False,False,False
2025-01-23 20:00:00+00:00,25.28,25.28,25.28,25.28,0.0,,,,,,,,,,,,,,,,,,,,,,,,,"rgba(239, 83, 80, 1.0)",0.0,0.0,0.9770507792460026,25.996844860599566,-0.7336822976107338,0.0,0.0,0.0,0.0,0.0,0.0,0.0,0.0,22.121725811919358,-16.366335401993133,False,True,False,True,False,0.0,0,,,False,False,False,False,,,False,False,False,False,1702.0,434.34873315002307,False,False,False,False,42.0623252609216,False,False,False,False
2025-01-24 15:00:00+00:00,25.28,25.28,25.28,25.28,0.0,,,,,,,,,,,,,,,,,,,,,,,,,"rgba(239, 83, 80, 1.0)",0.0,0.0,0.9766831948298581,25.996844860599566,-0.7339584262268811,0.0,0.0,0.0,0.0,0.0,0.0,0.0,0.0,20.40040796259031,-18.48731244915977,False,True,False,True,False,0.0,0,,,False,False,False,False,,,False,False,False,False,1702.0,454.002241163201,False,False,False,False,41.41019618710886,False,False,False,False
2025-01-24 16:00:00+00:00,25.28,25.28,25.215,25.215,5.0,,,,,,,,,,,,,,,,,,,,,,,,,"rgba(239, 83, 80, 1.0)",0.0,0.0,0.9769707594728003,25.99445927978016,-0.7978327623651462,0.0,0.0,0.0,0.0,0.0,0.0,0.0,0.0,18.882897626451346,-20.553344821830898,False,True,False,True,False,0.0,0,,,False,False,False,False,,,False,False,False,False,1697.0,473.27352424594204,False,False,False,False,40.845697021417244,False,False,False,False
2025-01-24 17:00:00+00:00,25.215,25.55,25.215,25.25,47.0,,,,,,,,,,,,,,,,,,,,,,,,,"rgba(239, 83, 80, 1.0)",0.0,0.0,0.9768949015368257,25.975556732196786,-0.7427172882726268,0.0,0.0,0.0,0.0,0.0,0.0,0.0,0.0,18.940963391675176,-21.263076885533973,False,True,False,True,False,0.0,0,,,False,False,False,False,,,False,False,False,False,1744.0,492.97470991654757,False,False,False,False,40.941112571472786,False,False,False,False
2025-01-24 18:00:00+00:00,25.25,25.25,25.05,25.05,5.0,,,,,,,,,,,,,,,,,,,,,,,,,"rgba(239, 83, 80, 1.0)",0.0,0.0,0.977557523479671,25.97296355328191,-0.9441526775801077,0.0,0.0,0.0,0.0,0.0,0.0,0.0,0.0,17.72895679365034,-23.23711182318118,False,True,False,True,False,0.0,0,,,False,False,False,False,,,False,False,False,False,1739.0,512.292931468229,False,False,False,False,40.383886019977076,False,False,False,False
2025-01-24 19:00:00+00:00,25.05,25.05,24.925,24.925,5.0,,,,,,,,,,,,,,,,,,,,,,,,,"rgba(239, 83, 80, 1.0)",0.0,0.0,0.9789482221351736,25.969949618054663,-1.0674207219821432,0.0,0.0,0.0,0.0,0.0,0.0,0.0,0.0,16.300573268519344,-25.371712388484134,False,True,False,True,False,0.0,0,,,False,False,False,False,,,False,False,False,False,1734.0,531.2341263291867,False,False,False,False,39.83529863982239,False,False,False,False
2025-01-24 20:00:00+00:00,24.925,25.3,24.925,25.3,2.0,,,,,,,,,,,,,,,,,,,,,,,,,"rgba(239, 83, 80, 1.0)",0.0,0.0,0.9732206123795138,25.968991486992813,-0.6873996280834368,0.0,0.0,0.0,0.0,0.0,0.0,0.0,0.0,23.743908196551907,-25.371712388484134,False,True,False,True,True,0.0,0,,,False,False,False,False,,,False,False,False,False,1736.0,549.9126670062535,False,False,False,False,39.248704862460805,False,False,False,False
2025-01-27 15:00:00+00:00,25.3,25.3,25.3,25.3,0.0,,,,,,,,,,,,,,,,,,,,,,,,,"rgba(239, 83, 80, 1.0)",0.0,0.0,0.968913629598437,25.968991486992813,-0.6904552341472106,0.0,0.0,0.0,0.0,0.0,0.0,0.0,0.0,28.70613148190695,-29.719490237302566,False,True,False,True,True,0.0,0,,,False,False,False,False,,,False,False,False,False,1736.0,568.3016179053814,False,False,False,False,38.64019781032963,False,False,False,False
2025-01-27 16:00:00+00:00,25.3,25.3,25.3,25.3,0.0,,,,,,,,,,,,,,,,,,,,,,,,,"rgba(239, 83, 80, 1.0)",0.0,0.0,0.9627733869372324,25.968991486992813,-0.6948587238384343,0.0,0.0,0.0,0.0,0.0,0.0,0.0,0.0,32.01428033881031,-26.493874669538535,False,True,False,True,True,0.0,0,,,False,False,False,False,,,False,False,False,False,1736.0,586.4054687905692,False,False,False,False,38.041124976060956,False,False,False,False
2025-01-27 17:00:00+00:00,25.3,25.3,25.3,25.3,0.0,,,,,,,,,,,,,,,,,,,,,,,,,"rgba(239, 83, 80, 1.0)",0.0,0.0,0.9584617367954216,25.968991486992813,-0.6979845530710059,0.0,0.0,0.0,0.0,0.0,0.0,0.0,0.0,34.21971291007922,-24.22148046011174,False,True,False,True,True,0.0,0,,,False,False,False,False,,,False,False,False,False,1736.0,604.228639817072,False,False,False,False,37.45134009271117,False,False,False,False
2025-01-27 18:00:00+00:00,25.3,25.3,25.3,25.3,0.0,,,,,,,,,,,,,,,,,,,,,,,,,"rgba(239, 83, 80, 1.0)",0.0,0.0,0.954050813612645,25.968991486992813,-0.7012115889923974,0.0,0.0,0.0,0.0,0.0,0.0,0.0,0.0,35.69000129092515,-22.517717734121707,False,True,False,True,True,0.0,0,,,False,False,False,False,,,False,False,False,False,1736.0,621.7754826106058,False,False,False,False,36.87069916104123,False,False,False,False
2025-01-27 19:00:00+00:00,25.3,25.3,25.3,25.3,0.0,,,,,,,,,,,,,,,,,,,,,,,,,"rgba(239, 83, 80, 1.0)",0.0,0.0,0.9495392339217751,25.968991486992813,-0.7045432806707229,0.0,0.0,0.0,0.0,0.0,0.0,0.0,0.0,36.67019354482245,-21.15781236372004,False,True,False,True,True,0.0,0,,,False,False,False,False,,,False,False,False,False,1736.0,639.0502813298211,False,False,False,False,36.29906041435842,False,False,False,False
2025-01-27 20:00:00+00:00,25.3,25.3,24.3,24.3,5.0,,,,,,,,,,,,,,,,,,,,,,,,,"rgba(239, 83, 80, 1.0)",0.0,0.0,0.9544620578209563,25.835857135869844,-1.609133776754014,0.0,0.0,0.0,0.0,0.0,0.0,0.0,0.0,29.451197014457065,-21.15781236372004,False,True,False,True,False,0.0,0,,,False,False,False,False,,,False,False,False,False,1731.0,655.9797343324595,False,False,False,False,35.81380366374821,False,False,False,False
2025-01-28 15:00:00+00:00,24.3,24.3,24.3,24.3,0.0,,,,,,,,,,,,,,,,,,,,,,,,,"rgba(239, 83, 80, 1.0)",0.0,0.0,0.9593366138841639,25.835857135869844,-1.6009574883746613,0.0,0.0,0.0,0.0,0.0,0.0,0.0,0.0,24.63853266088014,-17.100094396150098,False,True,False,True,False,0.0,0,,,False,False,False,False,,,False,False,False,False,1731.0,672.6467151955222,False,False,False,False,35.25855089376762,False,False,False,False
2025-01-28 16:00:00+00:00,24.3,24.3,24.3,24.3,0.0,,,,,,,,,,,,,,,,,,,,,,,,,"rgba(239, 83, 80, 1.0)",0.0,0.0,0.9641636341998739,25.835857135869844,-1.5929424025045273,0.0,0.0,0.0,0.0,0.0,0.0,0.0,0.0,21.430089758495527,-20.1468813581461,False,True,False,True,False,0.0,0,,,False,False,False,False,,,False,False,False,False,1731.0,689.0552932545064,False,False,False,False,34.71190669386424,False,False,False,False
2025-01-28 17:00:00+00:00,24.3,24.3,24.3,24.3,0.0,,,,,,,,,,,,,,,,,,,,,,,,,"rgba(239, 83, 80, 1.0)",0.0,0.0,0.9689438291996801,25.835857135869844,-1.5850837681049246,0.0,0.0,0.0,0.0,0.0,0.0,0.0,0.0,19.29112782357245,-22.30540845306249,False,True,False,True,False,0.0,0,,,False,False,False,False,,,False,False,False,False,1731.0,705.2094747544365,False,False,False,False,34.17373759783534,False,False,False,False
2025-01-28 18:00:00+00:00,24.3,24.3,24.3,24.3,0.0,,,,,,,,,,,,,,,,,,,,,,,,,"rgba(239, 83, 80, 1.0)",0.0,0.0,0.9736778885394418,25.835857135869844,-1.5773770298652816,0.0,0.0,0.0,0.0,0.0,0.0,0.0,0.0,17.865153200290397,-23.93744586534666,False,True,False,True,False,0.0,0,,,False,False,False,False,,,False,False,False,False,1731.0,721.1132038280111,False,False,False,False,33.643912208721616,False,False,False,False
2025-01-28 19:00:00+00:00,24.3,24.89,24.3,24.89,40.0,,,,,,,,,,,,,,,,,,,,,,,,,"rgba(38, 166, 154, 1.0)",0.0,0.0,0.9714220188665345,25.47427820221909,-0.6014669122909433,0.0,0.0,0.0,0.0,0.0,0.0,0.0,0.0,28.07441175771126,-30.684138810057895,False,True,False,True,True,0.0,0,,,False,False,False,False,,,False,False,False,False,1771.0,737.3905184973443,False,False,False,False,33.742456205485624,False,False,False,False
2025-01-28 20:00:00+00:00,24.89,24.89,24.89,24.89,0.0,,,,,,,,,,,,,,,,,,,,,,,,,"rgba(38, 166, 154, 1.0)",0.0,0.0,0.9520086493664135,25.47427820221909,-0.6137320313296956,0.0,0.0,0.0,0.0,0.0,0.0,0.0,0.0,34.88058412932517,-24.56737741827458,False,True,False,True,True,0.0,0,,,False,False,False,False,,,False,False,False,False,1771.0,753.4154716989358,False,False,False,False,33.21931734958662,False,False,False,False
2025-01-29 15:00:00+00:00,24.89,24.89,24.59,24.59,11.0,,,,,,,,,,,,,,,,,,,,,,,,,"rgba(38, 166, 154, 1.0)",0.0,0.0,0.9351214113974976,25.468678625270663,-0.939641221515307,0.0,0.0,0.0,0.0,0.0,0.0,0.0,0.0,36.148902874908266,-23.489195112437393,False,True,False,True,True,0.0,0,,,False,False,False,False,,,False,False,False,False,1760.0,769.021433378022,False,False,False,False,32.874831809282945,False,False,False,False
2025-01-29 16:00:00+00:00,24.59,24.59,24.59,24.59,0.0,,,,,,,,,,,,,,,,,,,,,,,,,"rgba(38, 166, 154, 1.0)",0.0,0.0,0.9177680525046575,25.468678625270663,-0.9574081630676543,0.0,0.0,0.0,0.0,0.0,0.0,0.0,0.0,36.994448705296996,-22.46436726703109,False,True,False,True,True,0.0,0,,,False,False,False,False,,,False,False,False,False,1760.0,784.3854421628589,False,False,False,False,32.36514449441034,False,False,False,False
2025-01-29 17:00:00+00:00,24.59,24.59,24.59,24.59,0.0,,,,,,,,,,,,,,,,,,,,,,,,,"rgba(38, 166, 154, 1.0)",0.0,0.0,0.9037954404610545,25.468678625270663,-0.9722096239193473,0.0,0.0,0.0,0.0,0.0,0.0,0.0,0.0,37.55814592555615,-21.463946640293482,False,True,False,True,True,0.0,0,,,False,False,False,False,,,False,False,False,False,1760.0,799.5112492611091,False,False,False,False,31.863359308450487,False,False,False,False
2025-01-29 18:00:00+00:00,24.59,24.59,24.59,24.59,0.0,,,,,,,,,,,,,,,,,,,,,,,,,"rgba(38, 166, 154, 1.0)",0.0,0.0,0.8894924760023875,25.468678625270663,-0.9878426731833359,0.0,0.0,0.0,0.0,0.0,0.0,0.0,0.0,37.93394407239558,-20.485341625357794,False,False,False,True,True,0.0,0,,,False,False,False,False,,,False,False,False,False,1760.0,814.4025477221772,False,False,False,False,31.369353737776837,False,False,False,False
2025-01-29 19:00:00+00:00,24.59,24.59,24.59,24.59,0.0,,,,,,,,,,,,,,,,,,,,,,,,,"rgba(38, 166, 154, 1.0)",0.0,0.0,0.8748429563059822,25.468678625270663,-1.0043844085810287,0.0,0.0,0.0,0.0,0.0,0.0,0.0,0.0,38.18447617028854,-19.537294913762395,False,False,False,True,True,0.0,0,,,False,False,False,False,,,False,False,False,False,1760.0,829.0629733388877,False,False,False,False,30.8830071681989,False,False,False,False
2025-01-29 20:00:00+00:00,24.59,25.565,24.59,25.385,20.0,,,,,,,,,,,,,,,,,,,,,,,,,"rgba(38, 166, 154, 1.0)",0.0,0.0,0.8583540083226708,25.5215059423424,-0.1590322186636592,0.0,0.0,0.0,0.0,0.0,0.0,0.0,0.0,48.39274370423706,-9.59457393707713,False,False,False,False,True,0.0,0,,,False,False,False,False,,,False,False,False,False,1780.0,843.8061830545638,False,False,False,False,30.714278374893492,False,False,False,False
2025-01-30 15:00:00+00:00,25.47,25.47,25.47,25.47,0.0,,,,,,,,,,,,,,,,,,,,,,,,,"rgba(38, 166, 154, 1.0)",0.0,0.0,0.8409974611910082,25.5215059423424,-0.06124387375612296,0.0,0.0,0.0,0.0,0.0,0.0,0.0,0.0,55.7783776825971,-2.797960447549002,True,False,True,False,True,0.25386872255008797,0,,,False,False,False,False,,,False,False,False,False,1780.0,858.3208158754232,False,False,False,False,30.238088012492042,False,False,False,False
2025-01-30 16:00:00+00:00,25.47,25.47,25.47,25.47,0.0,,,,,,,,,,,,,,,,,,,,,,,,,"rgba(38, 166, 154, 1.0)",0.0,0.0,0.8228429348882363,25.5215059423424,-0.06259510795872347,0.0,0.0,0.0,0.0,0.0,0.0,0.0,0.0,60.70213366817046,1.5995003518204314,True,False,True,False,True,0.25386872255008797,0,,,False,False,False,False,,,False,False,False,False,1780.0,872.6104156292926,False,False,False,False,29.769280446406892,False,False,False,False
2025-01-30 17:00:00+00:00,25.47,25.47,25.47,25.47,0.0,,,,,,,,,,,,,,,,,,,,,,,,,"rgba(38, 166, 154, 1.0)",0.0,0.0,0.7947026187526013,25.5215059423424,-0.06481159257188294,0.0,0.0,0.0,0.0,0.0,0.0,0.0,0.0,63.9846376585527,4.581030356647943,True,False,True,False,True,0.25386872255008797,0,,,False,False,False,False,,,False,False,False,False,1780.0,886.6784712009314,False,False,False,False,29.307741214679652,False,False,False,False
2025-01-30 18:00:00+00:00,25.47,25.47,25.47,25.47,0.0,,,,,,,,,,,,,,,,,,,,,,,,,"rgba(38, 166, 154, 1.0)",0.0,0.0,0.764827896792279,25.5215059423424,-0.06734317950276154,0.0,0.0,0.0,0.0,0.0,0.0,0.0,0.0,66.17297365214085,6.734053692198444,True,False,True,False,True,0.25386872255008797,0,,,False,False,False,False,,,False,False,False,False,1780.0,900.5284173838627,False,False,False,False,28.853357629955937,False,False,False,False
2025-01-30 19:00:00+00:00,25.47,25.47,25.47,25.47,0.0,,,,,,,,,,,,,,,,,,,,,,,,,"rgba(38, 166, 154, 1.0)",0.0,0.0,0.7330067352172572,25.5215059423424,-0.07026666996059194,0.0,0.0,0.0,0.0,0.0,0.0,0.0,0.0,67.63186431453296,8.402011985604936,True,False,True,False,True,0.25386872255008797,0,,,False,False,False,False,,,False,False,False,False,1780.0,914.1636357189966,False,False,False,False,28.406018751972123,False,False,False,False
2025-01-30 20:00:00+00:00,25.47,26.29,25.47,25.935,16.0,,,,,,,,,,,,,,,,,,,,,,,,,"rgba(38, 166, 154, 1.0)",0.0,0.0,0.7278666717826003,25.595087423029433,0.46699840801625664,0.0,0.0,0.0,0.0,0.0,0.0,0.0,0.0,72.08808865699095,12.915611270823455,True,False,True,False,True,6.169679899445697,0,,,False,False,False,False,,,False,False,False,False,1796.0,927.8355173357563,False,False,False,True,28.213677375972555,False,False,False,False
2025-01-31 15:00:00+00:00,25.935,25.935,25.935,25.935,0.0,,,,,,,,,,,,,,,,,,,,,,,,,"rgba(38, 166, 154, 1.0)",0.0,0.0,0.7253630467218032,25.595087423029433,0.46861027523632787,0.0,0.0,0.0,0.0,0.0,0.0,0.0,0.0,75.05890488529627,15.992964935111686,True,False,True,False,True,6.169679899445718,0,,,False,False,False,False,,,False,False,False,False,1796.0,941.2954317956671,False,False,False,True,27.776256021306313,False,False,False,False
2025-01-31 16:00:00+00:00,25.935,25.935,25.935,25.935,0.0,,,,,,,,,,,,,,,,,,,,,,,,,"rgba(38, 166, 154, 1.0)",0.0,0.0,0.7259439335062878,25.595087423029433,0.46823530204157476,0.0,0.0,0.0,0.0,0.0,0.0,0.0,0.0,77.03944903749982,18.20627622913132,True,False,True,False,True,6.169679899445718,0,,,False,False,False,False,,,False,False,False,False,1796.0,954.5466654112382,False,False,False,True,27.345616393069005,False,False,False,False
2025-01-31 17:00:00+00:00,25.935,25.935,25.935,25.935,0.0,,,,,,,,,,,,,,,,,,,,,,,,,"rgba(38, 166, 154, 1.0)",0.0,0.0,0.7248307537774651,25.595087423029433,0.4689544079070964,0.0,0.0,0.0,0.0,0.0,0.0,0.0,0.0,78.35981180563552,19.896900603550478,True,False,True,False,True,6.169679899445718,0,,,False,False,False,False,,,False,False,False,False,1796.0,967.5924535443974,False,False,False,True,26.92165334821522,False,False,False,False
2025-01-31 18:00:00+00:00,25.935,25.935,25.935,25.935,0.0,,,,,,,,,,,,,,,,,,,,,,,,,"rgba(38, 166, 154, 1.0)",0.0,0.0,0.723597319702794,25.595087423029433,0.46975378116405847,0.0,0.0,0.0,0.0,0.0,0.0,0.0,0.0,79.24005365105931,21.264602140536724,True,False,True,False,True,6.169679899445718,0,,,False,False,False,False,,,False,False,False,False,1796.0,980.4359813964222,False,False,False,True,26.504263373824283,False,False,False,False
2025-01-31 19:00:00+00:00,25.935,25.935,25.935,25.935,0.0,,,,,,,,,,,,,,,,,,,,,,,,,"rgba(38, 166, 154, 1.0)",0.0,0.0,0.7222430151776886,25.595087423029433,0.4706346338108083,0.0,0.0,0.0,0.0,0.0,0.0,0.0,0.0,79.82688154800852,22.42373951081187,True,False,True,False,True,6.169679899445718,0,,,False,False,False,False,,,False,False,False,False,1796.0,993.080384785625,False,False,False,True,26.093344561827006,False,False,False,False
2025-01-31 20:00:00+00:00,25.935,25.935,25.935,25.935,0.0,,,,,,,,,,,,,,,,,,,,,,,,,"rgba(38, 166, 154, 1.0)",0.0,0.0,0.7207671588642777,25.595087423029433,0.47159831408824215,0.0,0.0,0.0,0.0,0.0,0.0,0.0,0.0,80.21810014597465,23.438239993397858,True,False,True,False,True,6.169679899445718,0,,,False,False,False,False,,,False,False,False,False,1796.0,1005.5287509129797,False,False,False,True,25.688796584124262,False,False,False,False
2025-02-03 15:00:00+00:00,25.935,25.935,25.935,25.935,0.0,,,,,,,,,,,,,,,,,,,,,,,,,"rgba(38, 166, 154, 1.0)",0.0,0.0,0.7191690024285247,25.595087423029433,0.4726463123726583,0.0,0.0,0.0,0.0,0.0,0.0,0.0,0.0,80.47891254461874,24.343065964437315,True,False,True,False,True,6.169679899445718,0,,,False,False,False,False,,,False,False,False,False,1796.0,1017.7841191158793,False,False,False,True,25.290520668091325,False,False,False,False
2025-02-03 16:00:00+00:00,25.935,25.935,25.935,25.935,0.0,,,,,,,,,,,,,,,,,,,,,,,,,"rgba(38, 166, 154, 1.0)",0.0,0.0,0.717447728579043,25.595087423029433,0.4737802677886888,0.0,0.0,0.0,0.0,0.0,0.0,0.0,0.0,80.65278747704812,25.157155953164064,True,False,True,False,True,6.169679899445718,0,,,False,False,False,False,,,False,False,False,False,1796.0,1029.8494816102068,False,False,False,True,24.898419572462,False,False,False,False
2025-02-03 17:00:00+00:00,25.935,25.935,25.935,25.935,0.0,,,,,,,,,,,,,,,,,,,,,,,,,"rgba(38, 166, 154, 1.0)",0.0,0.0,0.7177951852220192,25.595087423029433,0.47355092924652054,0.0,0.0,0.0,0.0,0.0,0.0,0.0,0.0,80.76870409866771,25.891043809607368,True,False,True,False,True,6.169679899445718,0,,,False,False,False,False,,,False,False,False,False,1796.0,1041.7277842209012,False,False,False,True,24.51239756358662,False,False,False,False
2025-02-03 18:00:00+00:00,25.935,25.935,23.88,23.88,1.0,,,,,,,,,,,,,,,,,,,,,,,,,"rgba(239, 83, 80, 1.0)",0.0,0.0,0.7487861769148283,25.4001153754059,-2.030106086719077,0.0,0.0,0.0,0.0,0.0,0.0,0.0,0.0,58.27737495496198,14.813560156543318,True,False,True,False,False,0.0,0,,,False,False,False,False,,,False,False,False,False,1795.0,1053.4064232252283,False,False,False,False,24.14786426802714,False,False,False,False
2025-02-03 19:00:00+00:00,23.88,24.2,23.81,23.81,4.0,,,,,,,,,,,,,,,,,,,,,,,,,"rgba(239, 83, 80, 1.0)",0.0,0.0,0.7754680771886913,25.160697650354976,-1.7417836917951142,0.0,0.0,0.0,0.0,-1.0,0.0,23.81,233.0,43.14561149903549,1.994981582159653,False,False,False,True,False,0.0,0,,,False,False,False,False,,,False,False,False,False,1791.0,1064.8419825550698,True,False,False,False,23.835494279375553,False,False,False,False
2025-02-03 20:00:00+00:00,23.81,24.2,23.81,23.92,27.0,,,,,,,,,,,,,,,,,,,,,,,,,"rgba(239, 83, 80, 1.0)",0.0,0.0,0.7964555489425821,24.86501642538858,-1.1865275176288648,0.0,0.0,0.0,0.0,0.0,0.0,0.0,0.0,34.56826162116775,-4.598169787058872,False,True,False,True,False,0.0,0,,,False,False,False,False,,,False,False,False,False,1818.0,1076.518851042588,False,False,False,False,23.88455638357128,False,False,False,False
2025-02-04 15:00:00+00:00,23.92,23.92,23.92,23.92,0.0,,,,,,,,,,,,,,,,,,,,,,,,,"rgba(239, 83, 80, 1.0)",0.0,0.0,0.8155463100178758,24.86501642538858,-1.1587526223591926,0.0,0.0,0.0,0.0,0.0,0.0,0.0,0.0,28.85002836925592,-8.908035411914952,False,True,False,True,False,0.0,0,,,False,False,False,False,,,False,False,False,False,1818.0,1088.0146828093696,False,False,False,False,23.51425318382599,False,False,False,False
2025-02-04 16:00:00+00:00,23.92,23.92,23.92,23.92,0.0,,,,,,,,,,,,,,,,,,,,,,,,,"rgba(239, 83, 80, 1.0)",0.0,0.0,0.832870797762628,24.86501642538858,-1.134649489365229,0.0,0.0,0.0,0.0,0.0,0.0,0.0,0.0,25.037872867981367,-11.927297530499544,False,True,False,True,False,0.0,0,,,False,False,False,False,-0.29286144686425136,-0.29286144686425136,False,False,False,False,1818.0,1099.3322846262786,False,False,False,False,23.14969111896047,False,False,False,False
2025-02-04 17:00:00+00:00,23.92,23.92,23.92,23.92,0.0,,,,,,,,,,,,,,,,,,,,,,,,,"rgba(239, 83, 80, 1.0)",0.0,0.0,0.8502449938397408,24.86501642538858,-1.1114636748648694,0.0,0.0,0.0,0.0,0.0,0.0,0.0,0.0,22.496435867131666,-14.228532250403454,False,True,False,True,False,0.0,0,0.8752870923288929,1.1146072576940744,False,False,False,False,-0.29286144686425136,-0.29286144686425136,False,False,False,False,1818.0,1110.4744197483517,False,False,False,False,22.790781179131624,False,False,False,False
2025-02-04 18:00:00+00:00,23.92,23.92,23.92,23.92,0.0,,,,,,,,,,,,,,,,,,,,,,,,,"rgba(239, 83, 80, 1.0)",0.0,0.0,0.8661279944111581,24.86501642538858,-1.0910817240482469,0.0,0.0,0.0,0.0,0.0,0.0,0.0,0.0,20.802144533231864,-16.130666266406564,False,True,False,True,False,0.0,0,0.9099378881987578,1.1029622551361682,False,False,False,False,-0.29286144686425136,-0.29286144686425136,False,False,False,False,1818.0,1121.4438085894624,False,False,False,False,22.437435734493924,False,False,False,False
2025-02-04 19:00:00+00:00,23.92,23.92,23.92,23.92,0.0,,,,,,,,,,,,,,,,,,,,,,,,,"rgba(239, 83, 80, 1.0)",0.0,0.0,0.8806004912701437,24.86501642538858,-1.073150009291412,0.0,0.0,0.0,0.0,0.0,0.0,0.0,0.0,19.672616977298663,-17.802947951307033,False,True,False,True,False,0.0,0,0.9087608906098742,1.0767182962245885,False,False,False,False,-0.29286144686425136,-0.29286144686425136,False,False,False,False,1818.0,1132.243129386525,False,False,False,False,22.089568513804096,False,False,False,False
2025-02-04 20:00:00+00:00,23.92,24.25,23.92,24.25,1.0,,,,,,,,,,,,,,,,,,,,,,,,,"rgba(239, 83, 80, 1.0)",0.0,0.0,0.886910662086389,24.863180022538423,-0.6913661643168927,0.0,0.0,0.0,0.0,0.0,0.0,0.0,0.0,25.535432801973116,-17.802947951307033,False,True,False,True,True,0.0,0,0.8973320628870891,1.0597903763696999,False,False,False,False,-0.25631021230259826,-0.2745858295834248,False,False,False,False,1819.0,1142.8905227293694,False,False,False,False,21.76259845932651,False,False,False,False
2025-02-05 15:00:00+00:00,24.25,24.25,24.25,24.25,0.0,,,,,,,,,,,,,,,,,,,,,,,,,"rgba(239, 83, 80, 1.0)",0.0,0.0,0.8923568096202724,24.863180022538423,-0.687146683846511,0.0,0.0,0.0,0.0,0.0,0.0,0.0,0.0,29.443976685089417,-17.802947951307033,False,True,False,True,True,0.0,0,0.9130538351595998,1.0597903763696999,False,False,False,False,-0.22041743525453464,-0.2475016324189797,False,False,False,False,1819.0,1153.3728402064335,False,False,False,False,21.42519383205013,False,False,False,False
2025-02-05 16:00:00+00:00,24.25,24.25,24.25,24.25,0.0,,,,,,,,,,,,,,,,,,,,,,,,,"rgba(239, 83, 80, 1.0)",0.0,0.0,0.896954672592033,24.863180022538423,-0.6836243137754617,0.0,0.0,0.0,0.0,0.0,0.0,0.0,0.0,32.049672607166954,-17.802947951307033,False,True,False,True,True,0.0,0,0.9130538351595998,1.0597903763696999,False,False,False,False,-0.22041743525453464,-0.23395953383675716,False,False,False,False,1819.0,1163.6926411334655,False,False,False,False,21.093020284266405,False,False,False,False
2025-02-05 17:00:00+00:00,24.25,24.25,24.25,24.25,0.0,,,,,,,,,,,,,,,,,,,,,,,,,"rgba(239, 83, 80, 1.0)",0.0,0.0,0.8986824289525781,24.863180022538423,-0.6823100160677326,0.0,0.0,0.0,0.0,0.0,0.0,0.0,0.0,33.78680322188531,-27.27758309108822,False,True,False,True,True,0.0,0,0.9264777723497801,1.0710796287249633,False,False,False,False,-0.22041743525453464,-0.22718848454564589,False,False,False,False,1819.0,1173.8524451469,False,False,False,False,20.765996713967702,False,False,False,False
2025-02-05 18:00:00+00:00,24.25,24.25,24.25,24.25,0.0,,,,,,,,,,,,,,,,,,,,,,,,,"rgba(239, 83, 80, 1.0)",0.0,0.0,0.8994770753104315,24.863180022538423,-0.6817072267537214,0.0,0.0,0.0,0.0,0.0,0.0,0.0,0.0,34.944890298364214,-25.446942469302055,False,True,False,True,True,0.0,0,0.9358141858141857,1.0581918081918082,False,False,False,False,-0.22041743525453464,-0.22380295990009025,False,False,False,False,1819.0,1183.854732819041,False,False,False,False,20.444043276541844,False,False,False,False
2025-02-05 19:00:00+00:00,24.25,24.25,24.25,24.25,0.0,,,,,,,,,,,,,,,,,,,,,,,,,"rgba(239, 83, 80, 1.0)",0.0,0.0,0.8993410851214277,24.863180022538423,-0.681810308327715,0.0,0.0,0.0,0.0,0.0,0.0,0.0,0.0,35.71694834935015,-23.90598264371142,False,True,False,True,True,0.0,0,0.9364235055724418,1.048885511651469,False,False,False,False,-0.22041743525453464,-0.22211019757731243,False,False,False,False,1819.0,1193.701946263707,False,False,False,False,20.12708136527763,False,False,False,False
2025-02-05 20:00:00+00:00,24.25,24.955,24.25,24.955,6.0,,,,,,,,,,,,,,,,,,,,,,,,,"rgba(38, 166, 154, 1.0)",0.0,0.0,0.8910071586450679,24.891656153038348,0.07109241081516801,0.0,0.0,0.0,0.0,0.0,0.0,0.0,0.0,46.897433374055275,-12.966531746007334,False,False,False,False,True,0.0,0,0.9418404907975461,0.9990184049079754,False,False,False,False,-0.14545648635039105,-0.18378334196385174,False,False,False,False,1825.0,1203.4895129883005,False,False,False,False,19.908056847986504,False,False,False,False
2025-02-06 15:00:00+00:00,24.955,25.1,24.955,25.1,1.0,,,,,,,,,,,,,,,,,,,,,,,,,"rgba(38, 166, 154, 1.0)",0.0,0.0,0.8816236710168904,24.899206813124117,0.22775385175886195,0.0,0.0,0.0,0.0,0.0,0.0,0.0,0.0,55.43269516113086,-5.044499374117464,True,False,True,False,True,0.0,0,0.976302147617872,1.0014811157738828,False,False,False,False,-0.05711811787667214,-0.12045072992026194,False,False,False,False,1826.0,1213.1408383683267,False,False,False,False,19.614908679800667,False,False,False,False
2025-02-06 16:00:00+00:00,25.1,25.1,25.1,25.1,0.0,,,,,,,,,,,,,,,,,,,,,,,,,"rgba(38, 166, 154, 1.0)",0.0,0.0,0.8717873221922515,24.899206813124117,0.2303235912756305,0.0,0.0,0.0,0.0,0.0,0.0,0.0,0.0,61.12286968584792,0.10327865381896117,True,False,True,False,True,0.0,0,0.9856675886346492,1.0042745788282623,False,False,False,False,-0.042174529050162564,-0.08131262948521226,False,False,False,False,1826.0,1222.6425307967247,False,False,False,False,19.310801568485928,False,False,False,False
2025-02-06 17:00:00+00:00,25.1,25.1,25.1,25.1,0.0,,,,,,,,,,,,,,,,,,,,,,,,,"rgba(38, 166, 154, 1.0)",0.0,0.0,0.8614826000972231,24.899206813124117,0.2330786331067208,0.0,0.0,0.0,0.0,0.0,0.0,0.0,0.0,64.91631936899262,3.61103325199074,True,False,True,False,True,0.0,0,0.9796328891123964,0.9917022881569021,False,False,False,False,-0.042174529050162564,-0.06174357926768741,False,False,False,False,1826.0,1231.9969101642173,False,False,False,False,19.0114092961063,False,False,False,False
2025-02-06 18:00:00+00:00,25.1,25.1,25.1,25.1,0.0,,,,,,,,,,,,,,,,,,,,,,,,,"rgba(38, 166, 154, 1.0)",0.0,0.0,0.8506924842166557,24.899206813124117,0.23603498397047815,0.0,0.0,0.0,0.0,0.0,0.0,0.0,0.0,67.44528582442243,6.156469652174977,True,False,True,False,True,0.0,0,0.9796328891123964,0.9917022881569021,False,False,False,False,-0.042174529050162564,-0.05195905415892499,False,False,False,False,1826.0,1241.2062603942293,False,False,False,False,18.716658764383723,False,False,False,False
2025-02-06 19:00:00+00:00,25.1,25.1,25.1,25.1,0.0,,,,,,,,,,,,,,,,,,,,,,,,,"rgba(38, 166, 154, 1.0)",0.0,0.0,0.8393982561528438,24.899206813124117,0.23921086969630617,0.0,0.0,0.0,0.0,0.0,0.0,0.0,0.0,69.13126346137562,8.135942936965584,True,False,True,False,True,0.0,0,1.0164362118445083,0.9913905557004955,False,False,False,False,-0.042174529050162564,-0.04706679160454377,False,False,False,False,1826.0,1250.2728300005201,False,False,False,False,18.426478008346766,False,False,False,False
2025-02-06 20:00:00+00:00,25.1,25.33,25.1,25.33,5.0,,,,,,,,,,,,,,,,,,,,,,,,,"rgba(38, 166, 154, 1.0)",0.0,0.0,0.827685430082694,24.94252253932919,0.46814580345107176,0.0,0.0,0.0,0.0,0.0,0.0,0.0,0.0,72.37963356676795,11.687126067411022,True,False,True,False,True,2.0817609405778192,0,1.016350895406177,0.9488710096029068,False,False,False,False,-0.018506795179847393,-0.03278679339219558,False,False,False,False,1831.0,1259.2763520160158,False,False,False,False,18.218315558604957,False,False,False,False
2025-02-07 15:00:00+00:00,25.6,25.6,25.355,25.355,5.0,,,,,,,,,,,,,,,,,,,,,,,,,"rgba(38, 166, 154, 1.0)",0.0,0.0,0.8059259293530686,24.9505848368527,0.5018019006683822,0.0,0.0,0.0,0.0,0.0,0.0,0.0,0.0,74.73927844083755,14.432307090081935,True,False,True,False,True,2.393293001710024,0,1.02861562258314,0.9365815931941222,False,False,False,False,0.035482161327860244,0.0013476839678323305,False,False,False,False,1836.0,1268.2178039227442,False,False,False,False,18.013380433665343,False,False,False,False
2025-02-07 16:00:00+00:00,25.355,25.355,25.105,25.105,1.0,,,,,,,,,,,,,,,,,,,,,,,,,"rgba(239, 83, 80, 1.0)",0.0,0.0,0.7827207284458124,24.953664080262076,0.19334599715842513,0.0,0.0,0.0,0.0,0.0,0.0,0.0,0.0,70.0436549909127,14.432307090081935,True,False,True,False,False,0.0,0,1.0158154005703914,0.9603318641431166,False,False,False,False,-0.015421793028433292,-0.007037054530300481,False,False,False,False,1835.0,1277.005124792159,False,False,False,False,17.749607093608518,False,False,False,False
2025-02-07 17:00:00+00:00,25.105,25.105,24.865,24.865,8.0,,,,,,,,,,,,,,,,,,,,,,,,,"rgba(239, 83, 80, 1.0)",0.0,0.0,0.7522930591510545,24.9606768161956,-0.12718024582543916,0.0,0.0,0.0,0.0,0.0,0.0,0.0,0.0,62.79744093430038,23.113619406058888,True,False,True,False,False,0.0,0,0.9951344430217668,0.9633802816901408,False,False,False,False,-0.06588958730534863,-0.03646332091782456,False,False,False,False,1827.0,1285.5321771209626,False,False,False,False,17.598450394482803,False,False,False,False
2025-02-07 18:00:00+00:00,24.865,24.865,24.3,24.3,87.0,,,,,,,,,,,,,,,,,,,,,,,,,"rgba(239, 83, 80, 1.0)",0.0,0.0,0.7299084355755385,24.853913140645815,-0.7588803110749772,0.0,0.0,0.0,0.0,0.0,0.0,0.0,0.0,52.326302631010996,13.404094523921195,False,False,False,False,False,0.0,0,0.9671478347436535,0.9763563962170235,False,False,False,False,-0.14965882816018064,-0.0930610745390026,False,False,False,False,1740.0,1292.578189878777,False,False,False,False,18.674443411622605,False,False,False,False
2025-02-07 19:00:00+00:00,24.3,24.485,24.3,24.3,12.0,,,,,,,,,,,,,,,,,,,,,,,,,"rgba(239, 83, 80, 1.0)",0.0,0.0,0.7051426409912754,24.840183967038342,-0.7660633971574345,0.0,0.0,0.0,0.0,0.0,0.0,0.0,0.0,45.34554376215141,7.165732455768243,False,True,False,True,False,0.0,0,0.9674475955610358,0.9953144266337856,False,False,False,False,-0.18986589731696396,-0.14146348592798327,False,False,False,False,1740.0,1299.5149621287185,False,False,False,False,18.57096366880675,False,False,False,False
2025-02-07 20:00:00+00:00,24.3,24.4,24.3,24.4,5.0,,,,,,,,,,,,,,,,,,,,,,,,,"rgba(239, 83, 80, 1.0)",0.0,0.0,0.691582191737132,24.83500324942085,-0.6289971815616028,0.0,0.0,0.0,0.0,0.0,0.0,0.0,0.0,42.355833475270344,4.477319602282861,False,True,False,True,False,0.0,0,0.9676073619631902,0.9995092024539878,False,False,False,False,-0.19893869205295542,-0.17020108899046935,False,False,False,False,1745.0,1306.4217069019167,False,False,False,False,18.36056113130587,False,False,False,False
2025-02-10 15:00:00+00:00,24.98,24.98,24.14,24.14,1.0,,,,,,,,,,,,,,,,,,,,,,,,,"rgba(239, 83, 80, 1.0)",0.0,0.0,0.6844757775773355,24.74153906220149,-0.878831774486752,0.0,0.0,0.0,0.0,0.0,0.0,0.0,0.0,38.234986574485454,0.47652830386918765,False,True,False,True,False,0.0,0,0.9613481027574828,0.9721894885694085,False,False,False,False,-0.15439274997907587,-0.1622969194847726,False,False,False,False,1744.0,1313.2058664848325,False,False,False,False,18.091405144773997,False,False,False,False
2025-02-10 16:00:00+00:00,24.14,24.55,24.14,24.55,1.0,,,,,,,,,,,,,,,,,,,,,,,,,"rgba(239, 83, 80, 1.0)",0.0,0.0,0.6757209229894944,24.64753501719819,-0.14434215943274342,0.0,0.0,0.0,0.0,0.0,0.0,0.0,0.0,41.027544157446975,0.47652830386918765,False,True,False,True,False,0.0,0,0.9620809248554912,0.9926011560693642,False,False,False,False,-0.2000081801640374,-0.18115254982440498,False,False,False,False,1745.0,1319.9003491749902,False,False,False,False,17.826422119273623,False,False,False,False
2025-02-10 17:00:00+00:00,24.55,24.55,24.545,24.545,1.0,,,,,,,,,,,,,,,,,,,,,,,,,"rgba(239, 83, 80, 1.0)",0.0,0.0,0.664745416282412,24.6542703790971,-0.1643792893047563,0.0,0.0,0.0,0.0,0.0,0.0,0.0,0.0,42.838808184996616,0.47652830386918765,False,True,False,True,True,0.0,0,0.9808136846971799,0.9926028663892742,False,False,False,False,-0.15702566283020883,-0.1690891063273069,False,False,False,False,1744.0,1326.475537559874,False,False,False,False,17.565547357734495,False,False,False,False
2025-02-10 18:00:00+00:00,24.545,24.545,24.545,24.545,0.0,,,,,,,,,,,,,,,,,,,,,,,,,"rgba(239, 83, 80, 1.0)",0.0,0.0,0.6540959788513905,24.6542703790971,-0.16705557384556755,0.0,0.0,0.0,0.0,0.0,0.0,0.0,0.0,44.04631753669638,0.47652830386918765,False,True,False,True,True,0.0,0,0.9808136846971799,0.9928340268146093,False,False,False,False,-0.15755250348164135,-0.16332080490447412,False,False,False,False,1744.0,1332.9487850395658,False,False,False,False,17.29321329017272,False,False,False,False
2025-02-10 19:00:00+00:00,24.545,24.545,24.47,24.47,1.0,,,,,,,,,,,,,,,,,,,,,,,,,"rgba(239, 83, 80, 1.0)",0.0,0.0,0.643285485780789,24.654777892853446,-0.2872408859484404,0.0,0.0,0.0,0.0,0.0,0.0,0.0,0.0,43.95225161496196,0.47652830386918765,False,True,False,True,True,0.0,0,1.0221633341363525,0.9925319200192724,False,False,False,False,-0.16546570073527808,-0.1643932528198761,False,False,False,False,1743.0,1339.306168217247,False,False,False,False,17.040605332185546,False,False,False,False
2025-02-10 20:00:00+00:00,24.47,24.49,24.47,24.49,7.0,,,,,,,,,,,,,,,,,,,,,,,,,"rgba(239, 83, 80, 1.0)",0.0,0.0,0.638461608262576,24.652568144349814,-0.254624776565982,0.0,0.0,0.0,0.0,0.0,0.0,0.0,0.0,44.21041837323161,0.47652830386918765,False,True,False,True,True,0.0,0,1.022141997593261,0.9494584837545127,False,False,False,False,-0.17128173678264222,-0.16783749480125915,False,False,False,False,1750.0,1345.673514446437,False,False,False,False,16.88493703246174,False,False,False,False
2025-02-11 15:00:00+00:00,24.49,24.725,24.375,24.375,15.0,,,,,,,,,,,,,,,,,,,,,,,,,"rgba(239, 83, 80, 1.0)",0.0,0.0,0.6386995656293695,24.648439989310454,-0.4281198923957435,0.0,0.0,0.0,0.0,0.0,0.0,0.0,0.0,42.89623586877373,0.47652830386918765,False,True,False,True,True,0.0,0,1.0172781065088756,0.9391715976331361,False,False,False,False,-0.16357620482043916,-0.16570684981084915,False,False,False,False,1735.0,1351.709583989903,False,False,False,False,16.855713202501093,False,False,False,False
2025-02-11 16:00:00+00:00,24.375,24.375,24.375,24.375,0.0,,,,,,,,,,,,,,,,,,,,,,,,,"rgba(239, 83, 80, 1.0)",0.0,0.0,0.6396728119174024,24.648439989310454,-0.42746851861786117,0.0,0.0,0.0,0.0,0.0,0.0,0.0,0.0,42.02011419913515,-0.19496464403666636,False,True,False,True,True,0.0,0,1.0177141470516864,0.9798592574617812,False,False,False,False,-0.2013012926535983,-0.18350407123222373,False,False,False,False,1735.0,1357.652071059827,False,False,False,False,16.59438431564061,False,False,False,False
2025-02-11 17:00:00+00:00,24.375,24.375,24.375,24.375,0.0,,,,,,,,,,,,,,,,,,,,,,,,,"rgba(239, 83, 80, 1.0)",0.0,0.0,0.6404141888913328,24.648439989310454,-0.4269736586939547,0.0,0.0,0.0,0.0,0.0,0.0,0.0,0.0,41.436033086042755,-1.5338687720711874,False,True,False,True,True,0.0,0,1.0104343605920891,0.9619024508614415,False,False,False,False,-0.2013012926535983,-0.19240268194291102,False,False,False,False,1735.0,1363.5024265472716,False,False,False,False,16.337107039429128,False,False,False,False
2025-02-11 18:00:00+00:00,24.375,24.375,24.375,24.375,0.0,,,,,,,,,,,,,,,,,,,,,,,,,"rgba(239, 83, 80, 1.0)",0.0,0.0,0.6409245011826484,24.648439989310454,-0.4266336968018793,0.0,0.0,0.0,0.0,0.0,0.0,0.0,0.0,41.0466456773145,-2.6486080951650237,False,True,False,True,True,0.0,0,1.0104343605920891,0.9619024508614415,False,False,False,False,-0.2013012926535983,-0.19685198729825465,False,False,False,False,1735.0,1369.2620788488643,False,False,False,False,16.083818558197667,False,False,False,False
2025-02-11 19:00:00+00:00,24.375,24.43,24.375,24.39,20.0,,,,,,,,,,,,,,,,,,,,,,,,,"rgba(239, 83, 80, 1.0)",0.0,0.0,0.6416233845236458,24.631421034649016,-0.3762659536298712,0.0,0.0,0.0,0.0,0.0,0.0,0.0,0.0,41.19330643892832,-3.203696331684611,False,True,False,True,True,0.0,0,1.0105160185864512,0.9694301785277576,False,False,False,False,-0.19533816173576263,-0.19609507451700864,False,False,False,False,1755.0,1375.2425117349285,False,False,False,False,16.14453454954344,False,False,False,False
2025-02-11 20:00:00+00:00,24.39,24.39,24.39,24.39,0.0,,,,,,,,,,,,,,,,,,,,,,,,,"rgba(239, 83, 80, 1.0)",0.0,0.0,0.6418310448163915,24.631421034649016,-0.37614421520865876,0.0,0.0,0.0,0.0,0.0,0.0,0.0,0.0,41.291080280004195,-3.769384354482014,False,True,False,True,True,0.0,0,1.0007336757153338,0.9713866471019811,False,False,False,False,-0.19804695081601048,-0.19707101266650956,False,False,False,False,1755.0,1381.130224731286,False,False,False,False,15.894231688310208,False,False,False,False
2025-02-12 15:00:00+00:00,25.02,25.02,24.42,24.42,29.0,,,,,,,,,,,,,,,,,,,,,,,,,"rgba(239, 83, 80, 1.0)",0.0,0.0,0.6429778343733991,24.56772915990879,-0.22975778014611478,0.0,0.0,0.0,0.0,0.0,0.0,0.0,0.0,42.31413628518984,-3.769384354482014,False,True,False,True,True,0.0,0,1.000711743772242,0.9437722419928828,False,False,False,False,-0.12736675781041645,-0.162218885238463,False,False,False,False,1784.0,1387.376267758708,False,False,False,False,16.097421894692996,False,False,False,False
2025-02-12 16:00:00+00:00,24.42,24.49,24.42,24.49,1.0,,,,,,,,,,,,,,,,,,,,,,,,,"rgba(239, 83, 80, 1.0)",0.0,0.0,0.643954722542428,24.567049121819426,-0.11964990568782033,0.0,0.0,0.0,0.0,0.0,0.0,0.0,0.0,45.114077477017986,-3.769384354482014,False,False,False,True,True,0.0,0,1.0160864345738294,0.9685474189675873,False,False,False,False,-0.1839916157443539,-0.17310525049140846,False,False,False,False,1785.0,1393.540976785705,False,False,False,False,15.863353338186128,False,False,False,False
2025-02-12 17:00:00+00:00,24.49,24.49,24.225,24.225,3.0,,,,,,,,,,,,,,,,,,,,,,,,,"rgba(239, 83, 80, 1.0)",0.0,0.0,0.6448985044804275,24.542765377878382,-0.49273703640295036,0.0,0.0,0.0,0.0,0.0,0.0,0.0,0.0,41.449370794953474,-4.3085357600505105,False,True,False,True,False,0.0,1,1.0066382171645327,0.9537695590327172,False,False,False,False,-0.20510335454808074,-0.18910430251974458,False,False,False,False,1782.0,1399.5635973006554,False,False,False,False,15.663921503485568,False,False,False,False
2025-02-12 18:00:00+00:00,24.225,24.225,24.225,24.225,0.0,,,,,,,,,,,,,,,,,,,,,,,,,"rgba(239, 83, 80, 1.0)",0.0,0.0,0.6455184242421335,24.542765377878382,-0.49226383933417694,0.0,0.0,0.0,0.0,0.0,0.0,0.0,0.0,39.00623300691046,-6.64378166639186,False,True,False,True,False,0.0,0,1.0066382171645327,0.9663347558084401,False,False,False,False,-0.26898012782123637,-0.22904221517049048,False,False,False,False,1782.0,1405.4928438541335,False,False,False,False,15.421070007307497,False,False,False,False
2025-02-12 19:00:00+00:00,24.225,24.225,24.225,24.225,0.0,,,,,,,,,,,,,,,,,,,,,,,,,"rgba(239, 83, 80, 1.0)",0.0,0.0,0.6458154144564533,24.542765377878382,-0.49203746266388826,0.0,0.0,0.0,0.0,0.0,0.0,0.0,0.0,37.37747448154846,-8.214612947996507,False,True,False,True,False,0.0,0,1.0070404827759616,1.0248931355292934,False,False,False,False,-0.26898012782123637,-0.24901117149586344,False,False,False,False,1782.0,1411.330164104457,False,False,False,False,15.181983650605055,False,False,False,False
2025-02-12 20:00:00+00:00,24.225,24.225,24.225,24.225,0.0,,,,,,,,,,,,,,,,,,,,,,,,,"rgba(239, 83, 80, 1.0)",0.0,0.0,0.6457899206565806,24.542765377878382,-0.4920568867896013,0.0,0.0,0.0,0.0,0.0,0.0,0.0,0.0,36.29163546464046,-9.331111130027203,False,True,False,True,False,0.0,0,0.9508780860269787,1.0323237465003818,False,False,False,False,-0.26898012782123637,-0.25899564965854993,False,False,False,False,1782.0,1417.0769832656283,False,False,False,False,14.946604059122805,False,False,False,False
2025-02-13 15:00:00+00:00,24.225,24.9,24.225,24.9,4.0,,,,,,,,,,,,,,,,,,,,,,,,,"rgba(38, 166, 154, 1.0)",0.0,0.0,0.6428665603485886,24.571145221767868,0.5115443834157627,0.0,0.0,0.0,0.0,0.0,0.0,0.0,0.0,48.123168118927836,-7.242526549941424,False,False,False,False,True,0.13412321385225567,0,0.9399444865001261,1.0227100681302046,False,False,False,False,-0.19044684320570762,-0.22472124643212876,False,False,False,False,1786.0,1422.7967199591844,False,False,False,False,14.776889267508498,False,False,False,False
2025-02-13 16:00:00+00:00,24.9,24.9,24.9,24.9,0.0,,,,,,,,,,,,,,,,,,,,,,,,,"rgba(38, 166, 154, 1.0)",0.0,0.0,0.6398847939665082,24.571145221767868,0.5139281028911953,0.0,0.0,0.0,0.0,0.0,0.0,0.0,0.0,56.01085655511943,-0.5615815792778491,True,False,True,False,True,0.13412321385223436,0,0.9653312788906007,1.0231124807395995,False,False,False,False,-0.11417245651763948,-0.1694468514748841,False,False,False,False,1786.0,1428.4277785644683,False,False,False,False,14.547790209097514,False,False,False,False
2025-02-13 17:00:00+00:00,24.9,24.9,24.9,24.9,0.0,,,,,,,,,,,,,,,,,,,,,,,,,"rgba(38, 166, 154, 1.0)",0.0,0.0,0.6380126308445062,24.571145221767868,0.5154361564861841,0.0,0.0,0.0,0.0,0.0,0.0,0.0,0.0,61.26931551258049,3.6616131898750695,True,False,True,False,True,0.13412321385223436,0,0.9648176682074984,1.0059065228556756,False,False,False,False,-0.11417245651763948,-0.1418096539962618,False,False,False,False,1786.0,1433.9715339355619,False,False,False,False,14.322243074072745,False,False,False,False
2025-02-13 18:00:00+00:00,24.9,24.9,24.44,24.44,1.0,,,,,,,,,,,,,,,,,,,,,,,,,"rgba(239, 83, 80, 1.0)",0.0,0.0,0.6368774968123438,24.567869250925483,-0.2007752692872401,0.0,0.0,0.0,0.0,0.0,0.0,0.0,0.0,56.23677884145206,3.6616131898750695,True,False,True,False,False,0.0,0,0.9425489212242848,1.0057701956848975,False,False,False,False,-0.16595509553281182,-0.1538823747645368,False,False,False,False,1785.0,1439.4138357350105,False,False,False,False,14.115696669823555,False,False,False,False
2025-02-13 19:00:00+00:00,24.44,24.8,24.44,24.8,27.0,,,,,,,,,,,,,,,,,,,,,,,,,"rgba(239, 83, 80, 1.0)",0.0,0.0,0.634680433172682,24.593876448202515,0.32476745937652735,0.0,0.0,0.0,0.0,0.0,0.0,0.0,0.0,57.17104563558238,3.6616131898750695,True,False,True,False,False,0.0,0,0.9435682602267125,1.0105963528831938,False,False,False,False,-0.17732033991719406,-0.16560135734086545,False,False,False,False,1812.0,1445.1903654135374,False,False,False,False,14.315453310601484,False,False,False,False
2025-02-13 20:00:00+00:00,24.8,24.8,24.78,24.78,1.0,,,,,,,,,,,,,,,,,,,,,,,,,"rgba(239, 83, 80, 1.0)",0.0,0.0,0.6323945128002225,24.595781383784598,0.291303312230983,0.0,0.0,0.0,0.0,0.0,0.0,0.0,0.0,57.504184197426156,3.6616131898750695,True,False,True,False,False,0.0,0,0.9603643525356965,1.0105859182668637,False,False,False,False,-0.1388452658646157,-0.15222331160274058,False,False,False,False,1811.0,1450.8618326164283,False,False,False,False,14.109012174003011,False,False,False,False
2025-02-14 15:00:00+00:00,25.155,25.155,25.155,25.155,1.0,,,,,,,,,,,,,,,,,,,,,,,,,"rgba(38, 166, 154, 1.0)",0.0,0.0,0.6315779109956812,24.6023362179697,0.8750524241087337,0.0,0.0,0.0,0.0,0.0,0.0,0.0,0.0,61.03002891875111,3.6616131898750695,True,False,True,False,True,3.205214619513857,0,0.9610829103214888,1.0094271211022483,False,False,False,False,-0.057454449410737345,-0.10483888050673897,False,False,False,False,1812.0,1456.4608739712123,False,False,False,False,13.905771675181258,False,False,False,False
2025-02-14 16:00:00+00:00,25.155,25.48,25.155,25.4,24.0,,,,,,,,,,,,,,,,,,,,,,,,,"rgba(38, 166, 154, 1.0)",0.0,0.0,0.63553464050301,24.745859481289447,1.0292759466153028,0.0,0.0,0.0,0.0,0.0,0.0,0.0,0.0,64.95866203866933,6.372974346599037,True,False,True,False,True,5.864894524455547,0,0.9606356968215157,1.021026894865526,False,False,False,False,-0.02152507322672034,-0.06318197686672965,False,False,False,False,1836.0,1462.3452015065423,False,False,False,False,14.062271339131936,False,False,False,False
2025-02-14 17:00:00+00:00,25.4,25.625,25.4,25.625,26.0,,,,,,,,,,,,,,,,,,,,,,,,,"rgba(38, 166, 154, 1.0)",0.0,0.0,0.6428061229575543,24.917138704964984,1.1012049664028443,0.0,0.0,0.0,0.0,0.0,0.0,0.0,0.0,68.78181563743205,10.15480164840723,True,False,True,False,True,8.18444799941338,0,0.9458282950423214,1.013784764207981,False,False,False,False,0.021525051142913768,-0.02082846286190794,False,False,False,False,1862.0,1468.5413999327975,False,False,False,False,14.247352403641518,False,True,False,False
2025-02-14 18:00:00+00:00,25.625,25.625,25.485,25.485,14.0,,,,,,,,,,,,,,,,,,,,,,,,,"rgba(38, 166, 154, 1.0)",0.0,0.0,0.6472512357363042,25.008298999172474,0.7365007195161805,0.0,0.0,0.0,0.0,0.0,0.0,0.0,0.0,69.16257940101553,10.816120765142465,True,False,True,False,True,6.449393753532878,0,0.9488130563798217,1.043521266073195,False,False,False,False,0.03091284100952664,0.00504218907380935,False,False,False,False,1848.0,1474.4244790036068,False,False,False,False,14.243517482654827,False,False,False,False
2025-02-14 19:00:00+00:00,25.485,25.485,25.485,25.485,0.0,,,,,,,,,,,,,,,,,,,,,,,,,"rgba(38, 166, 154, 1.0)",0.0,0.0,0.6514445141030549,25.008298999172474,0.7317599434909257,0.0,0.0,0.0,0.0,0.0,0.0,0.0,0.0,69.4164219100712,11.5579927947446,True,False,True,False,True,6.449393753532878,0,0.9193867457962411,1.050445103857567,False,False,False,False,0.015452723313743182,0.010247456193776266,False,False,False,False,1848.0,1480.2163475461866,False,False,False,False,14.022687754241574,False,False,False,False
2025-02-14 20:00:00+00:00,25.485,25.54,25.485,25.54,8.0,,,,,,,,,,,,,,,,,,,,,,,,,"rgba(38, 166, 154, 1.0)",0.0,0.0,0.6561636043516021,25.027772136102328,0.780640469085201,0.0,0.0,0.0,0.0,0.0,0.0,0.0,0.0,69.99262499056009,12.703251624947413,True,False,True,False,True,7.0293230068156305,0,0.9196054254007396,1.0475955610357586,False,False,False,False,0.021525051142913768,0.015886253668345018,False,False,False,False,1856.0,1486.0424506850054,False,False,False,False,13.929312750299843,False,False,False,False
2025-02-17 15:00:00+00:00,25.54,25.54,25.54,25.54,0.0,,,,,,,,,,,,,,,,,,,,,,,,,"rgba(38, 166, 154, 1.0)",0.0,0.0,0.6606028846222072,25.027772136102328,0.7753945309981646,0.0,0.0,0.0,0.0,0.0,0.0,0.0,0.0,70.37676037755269,13.704744087682165,True,False,True,False,True,7.0293230068156305,0,0.9223181257706533,1.0475955610357586,False,False,False,False,0.027598966554975523,0.02174261011166027,False,False,False,False,1856.0,1491.7782266433774,False,False,False,False,13.713354413085892,False,False,False,False
2025-02-17 16:00:00+00:00,25.54,25.54,25.54,25.54,0.0,,,,,,,,,,,,,,,,,,,,,,,,,"rgba(38, 166, 154, 1.0)",0.0,0.0,0.6647679606008786,25.027772136102328,0.7705363288487492,0.0,0.0,0.0,0.0,0.0,0.0,0.0,0.0,70.63285063554775,14.597214499947526,True,False,True,False,True,7.0293230068156305,0,0.9285004965243294,1.047914597815293,False,False,False,False,0.027598966554975523,0.024670788333317897,False,False,False,False,1856.0,1497.425075842705,False,False,False,False,13.500744267146574,False,False,False,False
2025-02-17 17:00:00+00:00,25.54,25.54,25.54,25.54,0.0,,,,,,,,,,,,,,,,,,,,,,,,,"rgba(38, 166, 154, 1.0)",0.0,0.0,0.6666719279071748,25.027772136102328,0.7683357322478889,0.0,0.0,0.0,0.0,0.0,0.0,0.0,0.0,70.80357747421112,15.399577398901556,True,False,True,False,True,7.0293230068156305,0,0.9285004965243294,1.0412115193644491,False,False,False,False,0.027598966554975523,0.02613487744414671,False,False,False,False,1856.0,1502.9843769924305,False,False,False,False,13.29143040253965,False,False,False,False
2025-02-17 18:00:00+00:00,25.54,25.54,25.54,25.54,0.0,,,,,,,,,,,,,,,,,,,,,,,,,"rgba(38, 166, 154, 1.0)",0.0,0.0,0.6675881019565011,25.027772136102328,0.767281295751803,0.0,0.0,0.0,0.0,0.0,0.0,0.0,0.0,70.91739536665338,16.122420583697988,True,False,True,False,True,7.0293230068156305,0,0.9285004965243294,1.0412115193644491,False,False,False,False,0.027598966554975523,0.026866921999561116,False,False,False,False,1856.0,1508.4574874266564,False,False,False,False,13.085361714128181,False,False,False,False
2025-02-17 19:00:00+00:00,25.54,25.54,25.54,25.54,0.0,,,,,,,,,,,,,,,,,,,,,,,,,"rgba(38, 166, 154, 1.0)",0.0,0.0,0.6685016997155149,25.027772136102328,0.7662327023486294,0.0,0.0,0.0,0.0,0.0,0.0,0.0,0.0,70.99327396161488,16.772286497588226,True,False,True,False,True,7.0293230068156305,0,0.9285004965243294,1.0412115193644491,False,False,False,False,0.027598966554975523,0.02723294427726832,False,False,False,False,1856.0,1513.8457434355455,False,False,False,False,12.882487889102938,False,False,False,False
2025-02-17 20:00:00+00:00,25.54,25.54,25.54,25.54,0.0,,,,,,,,,,,,,,,,,,,,,,,,,"rgba(38, 166, 154, 1.0)",0.0,0.0,0.6694127317323859,25.027772136102328,0.7651899039506863,0.0,0.0,0.0,0.0,0.0,0.0,0.0,0.0,71.0438596915892,17.354005037240583,True,False,True,False,True,7.0293230068156305,0,0.9285004965243294,1.0412115193644491,False,False,False,False,0.027598966554975523,0.02741595541612192,False,False,False,False,1856.0,1519.1504605915836,False,False,False,False,12.682759394698241,False,False,False,False
2025-02-18 15:00:00+00:00,25.54,25.54,24.985,24.985,6.0,,,,,,,,,,,,,,,,,,,,,,,,,"rgba(239, 83, 80, 1.0)",0.0,0.0,0.6657848920804169,25.04896262792097,-0.09607101134587843,0.0,0.0,0.0,0.0,0.0,0.0,0.0,0.0,59.623076122883404,13.967489949734727,True,False,True,False,False,0.0,0,0.9035999033582989,1.0401063058709836,False,False,False,False,-0.03367494064335273,-0.003129492613615406,False,False,False,False,1850.0,1524.27991081497,False,False,False,False,12.579150721912221,False,False,False,False
2025-02-18 16:00:00+00:00,24.985,24.985,24.985,24.985,0.0,,,,,,,,,,,,,,,,,,,,,,,,,"rgba(239, 83, 80, 1.0)",0.0,0.0,0.6620731635354841,25.04896262792097,-0.09660960667762224,0.0,0.0,0.0,0.0,0.0,0.0,0.0,0.0,52.009220410412865,7.360161125838914,False,False,False,False,False,0.0,0,0.9029433227925077,1.0741911943566045,False,False,False,False,-0.09520298437416014,-0.04916623849388777,False,False,False,False,1850.0,1529.3298346783038,False,False,False,False,12.384125129324435,False,False,False,False
2025-02-18 17:00:00+00:00,24.985,24.985,24.985,24.985,0.0,,,,,,,,,,,,,,,,,,,,,,,,,"rgba(239, 83, 80, 1.0)",0.0,0.0,0.6499781493208864,25.04896262792097,-0.09840735105911169,0.0,0.0,0.0,0.0,0.0,0.0,0.0,0.0,46.93331660209917,3.2219872784273704,False,True,False,True,False,0.0,0,0.8961323279007537,1.0741911943566045,False,False,False,False,-0.09520298437416014,-0.07218461143402395,False,False,False,False,1850.0,1534.3014651484077,False,False,False,False,12.19212318933491,False,False,False,False
2025-02-18 18:00:00+00:00,24.985,24.985,24.985,24.985,0.0,,,,,,,,,,,,,,,,,,,,,,,,,"rgba(239, 83, 80, 1.0)",0.0,0.0,0.6373986900599183,25.04896262792097,-0.10034948128769987,0.0,0.0,0.0,0.0,0.0,0.0,0.0,0.0,43.549380729890046,0.5250453413634091,False,True,False,True,False,0.0,0,0.8961323279007537,1.0741911943566045,False,False,False,False,-0.09520298437416014,-0.08369379790409204,False,False,False,False,1850.0,1539.1960160763394,False,False,False,False,12.003098023608786,False,False,False,False
2025-02-18 19:00:00+00:00,24.985,24.985,24.985,24.985,0.0,,,,,,,,,,,,,,,,,,,,,,,,,"rgba(239, 83, 80, 1.0)",0.0,0.0,0.6243055024267926,25.04896262792097,-0.10245405121745275,0.0,0.0,0.0,0.0,0.0,0.0,0.0,0.0,41.29342348175063,-1.3446666479280935,False,True,False,True,False,0.0,0,0.8961323279007537,1.0741911943566045,False,False,False,False,-0.09520298437416014,-0.08944839113912609,False,False,False,False,1850.0,1544.0146824937606,False,False,False,False,11.817003480607099,False,False,False,False
2025-02-18 20:00:00+00:00,24.985,24.985,24.985,24.985,0.0,,,,,,,,,,,,,,,,,,,,,,,,,"rgba(239, 83, 80, 1.0)",0.0,0.0,0.6106655429983052,25.04896262792097,-0.10474248736374127,0.0,0.0,0.0,0.0,0.0,0.0,0.0,0.0,39.78945198299102,-2.745520425961935,False,True,False,True,False,0.0,0,0.8961323279007537,1.0741911943566045,False,False,False,False,-0.09520298437416014,-0.09232568775664311,False,False,False,False,1850.0,1548.75864090471,False,False,False,False,11.633794124318616,False,False,False,False
2025-02-19 15:00:00+00:00,24.985,25.39,24.97,25.0,3.0,,,,,,,,,,,,,,,,,,,,,,,,,"rgba(239, 83, 80, 1.0)",0.0,0.0,0.5965118048566539,25.070510969096123,-0.11820548817649514,0.0,0.0,0.0,0.0,0.0,0.0,0.0,0.0,39.330111406743995,-3.391532706961641,False,True,False,True,False,0.0,0,0.8974970202622166,1.0533969010727058,False,False,False,False,-0.05191952080715727,-0.07212260428190019,False,False,False,False,1853.0,1553.4755612007611,False,False,False,False,11.499936851073366,False,False,False,False
2025-02-19 16:00:00+00:00,25.0,25.0,25.0,25.0,0.0,,,,,,,,,,,,,,,,,,,,,,,,,"rgba(239, 83, 80, 1.0)",0.0,0.0,0.5817432640136321,25.070510969096123,-0.12120633526488186,0.0,0.0,0.0,0.0,0.0,0.0,0.0,0.0,39.02388435591264,-4.07774117920335,False,True,False,True,False,0.0,0,0.8989272943980927,1.0719904648390945,False,False,False,False,-0.09186289379439973,-0.08199274903814996,False,False,False,False,1853.0,1558.1193509495865,False,False,False,False,11.321643256483082,False,False,False,False
2025-02-19 17:00:00+00:00,25.0,25.0,25.0,25.0,0.0,,,,,,,,,,,,,,,,,,,,,,,,,"rgba(239, 83, 80, 1.0)",0.0,0.0,0.5663118231867406,25.070510969096123,-0.12450908882556047,0.0,0.0,0.0,0.0,0.0,0.0,0.0,0.0,38.81973298869174,-4.780600498000155,False,True,False,True,False,0.0,0,0.8989272943980927,1.0719904648390945,False,False,False,False,-0.09186289379439973,-0.08692782141627484,False,False,False,False,1853.0,1562.6911439581202,False,False,False,False,11.14611390366939,False,False,False,False
2025-02-19 18:00:00+00:00,25.0,25.0,25.0,25.0,0.0,,,,,,,,,,,,,,,,,,,,,,,,,"rgba(239, 83, 80, 1.0)",0.0,0.0,0.550161704320566,25.070510969096123,-0.12816408074640895,0.0,0.0,0.0,0.0,0.0,0.0,0.0,0.0,38.68363207721114,-5.478251067873586,False,True,False,True,False,0.0,0,0.8989272943980927,1.0719904648390945,False,False,False,False,-0.09186289379439973,-0.08939535760533729,False,False,False,False,1853.0,1567.1920564548934,False,False,False,False,10.97330593617064,False,False,False,False
2025-02-19 19:00:00+00:00,25.0,25.0,25.0,25.0,0.0,,,,,,,,,,,,,,,,,,,,,,,,,"rgba(239, 83, 80, 1.0)",0.0,0.0,0.5332276105798475,25.070510969096123,-0.1322342798780567,0.0,0.0,0.0,0.0,0.0,0.0,0.0,0.0,38.59289813622408,-6.152828070329974,False,True,False,True,False,0.0,0,0.8989272943980927,1.0719904648390945,False,False,False,False,-0.09186289379439973,-0.0906291256998685,False,False,False,False,1853.0,1571.6231873625695,False,False,False,False,10.803177161966444,False,False,False,False
2025-02-19 20:00:00+00:00,25.0,25.0,25.0,25.0,0.0,,,,,,,,,,,,,,,,,,,,,,,,,"rgba(239, 83, 80, 1.0)",0.0,0.0,0.5154322772512807,25.070510969096123,-0.13679967710238655,0.0,0.0,0.0,0.0,0.0,0.0,0.0,0.0,38.5324088422327,-6.791098946000417,False,True,False,True,False,0.0,0,0.8969372873116186,1.0930967428293634,False,False,False,False,-0.09186289379439973,-0.09124600974713412,False,False,False,False,1853.0,1575.9856185662507,False,False,False,False,10.635686043176266,False,False,False,False
2025-02-20 15:00:00+00:00,25.0,25.0,25.0,25.0,0.0,,,,,,,,,,,,,,,,,,,,,,,,,"rgba(239, 83, 80, 1.0)",0.0,0.0,0.5068372342103437,25.070510969096123,-0.13911955226805625,0.0,0.0,0.0,0.0,0.0,0.0,0.0,0.0,38.492082646238444,-7.384232423140524,False,True,False,True,False,0.0,0,0.8772484200291685,1.0930967428293634,False,False,False,False,-0.09186289379439973,-0.09155445177076693,False,False,False,False,1853.0,1580.2804151776265,False,False,False,False,10.47079168591772,False,False,False,False
2025-02-20 16:00:00+00:00,25.0,25.0,25.0,25.0,0.0,,,,,,,,,,,,,,,,,,,,,,,,,"rgba(239, 83, 80, 1.0)",0.0,0.0,0.4959106828909964,25.070510969096123,-0.14218481579196315,0.0,0.0,0.0,0.0,0.0,0.0,0.0,0.0,38.46519851557561,-7.927172197895267,False,True,False,True,False,0.0,1,0.8760432007854686,1.1038291605301918,False,False,False,False,-0.08777576134166436,-0.08966510655621565,False,False,False,False,1853.0,1584.5086257950277,False,False,False,False,10.308453830322096,False,False,False,False
2025-02-20 17:00:00+00:00,25.0,25.0,25.0,25.0,0.0,,,,,,,,,,,,,,,,,,,,,,,,,"rgba(239, 83, 80, 1.0)",0.0,0.0,0.48697771745461477,25.070510969096123,-0.1447930091435743,0.0,0.0,0.0,0.0,0.0,0.0,0.0,0.0,38.447275761800384,-8.417883459972948,False,True,False,True,False,0.0,0,0.8800692383778436,1.1045994065281903,False,False,False,False,-0.08777576134166436,-0.08872043394894,False,False,False,False,1853.0,1588.6712827594458,False,False,False,False,10.148632840704698,False,False,False,False
2025-02-20 18:00:00+00:00,25.0,25.0,25.0,25.0,0.0,,,,,,,,,,,,,,,,,,,,,,,,,"rgba(239, 83, 80, 1.0)",0.0,0.0,0.47743781256292894,25.070510969096123,-0.14768618496640176,0.0,0.0,0.0,0.0,0.0,0.0,0.0,0.0,38.43532725928357,-8.856615388680723,False,True,False,True,False,0.0,0,0.8800692383778436,1.1045994065281903,False,False,False,False,-0.06411758025241827,-0.07641900710067914,False,False,False,False,1853.0,1592.7694024065863,False,False,False,False,9.99128969588757,False,False,False,False
2025-02-20 19:00:00+00:00,25.0,25.0,25.0,25.0,0.0,,,,,,,,,,,,,,,,,,,,,,,,,"rgba(239, 83, 80, 1.0)",0.0,0.0,0.4672537941077826,25.070510969096123,-0.15090507553986396,0.0,0.0,0.0,0.0,0.0,0.0,0.0,0.0,38.42736159093903,-9.245248177034455,False,True,False,True,False,0.0,0,0.9032994923857867,1.1073604060913709,False,False,False,False,-0.03207997821093558,-0.05424949265580736,False,False,False,False,1853.0,1596.8039853150115,False,False,False,False,9.836385979672258,False,False,False,False
2025-02-20 20:00:00+00:00,25.0,25.0,24.89,24.92,5.0,,,,,,,,,,,,,,,,,,,,,,,,,"rgba(239, 83, 80, 1.0)",0.0,0.0,0.45602866592370533,25.048436874572918,-0.281642107547695,0.0,0.0,0.0,0.0,0.0,0.0,0.0,0.0,34.14081125477438,-13.439866045669582,False,True,False,True,False,0.0,0,0.905298182748912,1.0872792423854623,False,False,False,False,-0.03842408372487055,-0.04633678819033896,False,False,False,False,1848.0,1600.6984971705926,False,False,False,False,9.761403251305246,False,False,False,False
2025-02-21 15:00:00+00:00,24.54,25.4,24.54,25.4,6.0,,,,,,,,,,,,,,,,,,,,,,,,,"rgba(38, 166, 154, 1.0)",0.0,0.0,0.44895672858768343,25.049136611897865,0.7815082518216644,0.0,0.0,0.0,0.0,0.0,0.0,0.0,0.0,48.4762315365051,-5.338697062460675,False,True,False,False,True,6.07589460609595,0,0.8987122337790984,1.0534918276374448,False,False,False,False,-0.03130333701941912,-0.03882006260487904,False,False,False,False,1854.0,1604.6256522532192,False,False,False,False,9.703086921827646,False,False,False,False
2025-02-21 16:00:00+00:00,25.4,25.515,25.34,25.34,15.0,,,,,,,,,,,,,,,,,,,,,,,,,"rgba(38, 166, 154, 1.0)",0.0,0.0,0.4399184813920431,25.12912864368792,0.4793418899901974,0.0,0.0,0.0,0.0,0.0,0.0,0.0,0.0,55.74973110590504,0.466861918335681,True,False,True,False,True,5.07117020971015,0,0.9375156838143035,1.0602258469259727,False,False,False,False,0.14022798558405342,0.05070396148958719,False,False,False,False,1839.0,1608.2593630709987,False,False,False,False,9.785209605210163,False,False,False,False
2025-02-21 17:00:00+00:00,25.34,25.34,25.34,25.34,0.0,,,,,,,,,,,,,,,,,,,,,,,,,"rgba(38, 166, 154, 1.0)",0.0,0.0,0.43786902068916744,25.12912864368792,0.4815854658550322,0.0,0.0,0.0,0.0,0.0,0.0,0.0,0.0,60.59873081883834,4.10279445077213,True,False,True,False,True,5.07117020971015,0,0.9680933852140077,1.052140077821012,False,False,False,False,0.11254827588729092,0.08162611868843905,False,False,False,False,1839.0,1611.8367372869523,False,False,False,False,9.633500929160393,False,False,False,False
2025-02-21 18:00:00+00:00,25.34,25.34,25.19,25.19,10.0,,,,,,,,,,,,,,,,,,,,,,,,,"rgba(38, 166, 154, 1.0)",0.0,0.0,0.4335073593731047,25.128217899137837,0.1425168443541699,0.0,0.0,0.0,0.0,0.0,0.0,0.0,0.0,58.69193588854337,4.10279445077213,True,False,True,False,True,2.5689196313101696,0,0.9297297297297298,1.051737451737452,False,False,False,False,0.11099951937523064,0.09631281903183485,False,False,False,False,1829.0,1615.2036095770768,False,False,False,False,9.639183085297441,False,False,False,False
2025-02-21 19:00:00+00:00,25.19,25.19,25.19,25.19,0.0,,,,,,,,,,,,,,,,,,,,,,,,,"rgba(38, 166, 154, 1.0)",0.0,0.0,0.428730180378731,25.128217899137837,0.1441048558969816,0.0,0.0,0.0,0.0,0.0,0.0,0.0,0.0,57.42073926834673,4.10279445077213,True,False,True,False,False,2.5689196313101696,0,0.9462929001833901,1.060518731988473,False,False,False,False,0.08619294472688716,0.09125288187936101,False,False,False,False,1829.0,1618.518282296812,False,False,False,False,9.489738386300582,False,False,False,False
2025-02-21 20:00:00+00:00,25.19,25.19,24.95,24.95,9.0,,,,,,,,,,,,,,,,,,,,,,,,,"rgba(239, 83, 80, 1.0)",0.0,0.0,0.42221447519368027,25.11231325731846,-0.3844331894210922,0.0,0.0,0.0,0.0,0.0,0.0,0.0,0.0,50.94731669871661,8.976243065642095,False,False,False,False,False,0.0,0,0.9500263019463439,1.0428721725407684,False,False,False,False,0.04670885816400746,0.06898087002168424,False,False,False,False,1820.0,1621.6420298581018,False,False,False,False,9.482145543102122,False,False,False,False
2025-02-24 15:00:00+00:00,24.95,24.95,24.95,24.95,0.0,,,,,,,,,,,,,,,,,,,,,,,,,"rgba(239, 83, 80, 1.0)",0.0,0.0,0.41538413785554434,25.11231325731846,-0.3907545872031008,0.0,0.0,0.0,0.0,0.0,0.0,0.0,0.0,46.63170165229653,5.112907501150211,False,True,False,True,False,0.0,0,0.9556213017751477,1.055675094136633,False,False,False,False,0.007369843731363541,0.03817535687652389,False,False,False,False,1820.0,1624.7173472246427,False,False,False,False,9.335135534681934,False,False,False,False
2025-02-24 16:00:00+00:00,24.95,24.95,24.435,24.435,1.0,,,,,,,,,,,,,,,,,,,,,,,,,"rgba(239, 83, 80, 1.0)",0.0,0.0,0.4119647824535416,25.107114555563662,-1.6314854671817958,0.0,0.0,0.0,0.0,0.0,0.0,0.0,0.0,37.989752756424515,-2.7146358706546962,False,True,False,True,False,0.0,0,0.9288144464799789,1.0332373724155985,False,False,False,False,-0.07712527593250121,-0.01947495952798866,False,False,False,False,1819.0,1627.7294813761985,False,False,False,False,9.205908627167485,False,False,False,False
2025-02-24 17:00:00+00:00,24.435,24.435,24.435,24.435,0.0,,,,,,,,,,,,,,,,,,,,,,,,,"rgba(239, 83, 80, 1.0)",0.0,0.0,0.4155494246468598,25.107114555563662,-1.6174118304575595,0.0,0.0,0.0,0.0,0.0,0.0,0.0,0.0,32.22845349250984,-7.7504101276917865,False,True,False,True,False,0.0,0,0.9288144464799789,1.06019366657943,False,False,False,False,-0.16273668557722396,-0.09110582255260631,False,False,False,False,1819.0,1630.6949157734666,False,False,False,False,9.063181361630004,False,False,False,False
2025-02-24 18:00:00+00:00,24.435,24.435,24.435,24.435,0.0,,,,,,,,,,,,,,,,,,,,,,,,,"rgba(239, 83, 80, 1.0)",0.0,0.0,0.41836562094991103,25.107114555563662,-1.6065243459479486,0.0,0.0,0.0,0.0,0.0,0.0,0.0,0.0,28.387587316566727,-11.143699136830875,False,True,False,True,False,0.0,0,0.931985294117647,1.060399159663866,False,False,False,False,-0.16273668557722396,-0.12692125406491514,False,False,False,False,1819.0,1633.6143744436454,False,False,False,False,8.92266692191481,False,False,False,False
2025-02-24 19:00:00+00:00,24.435,24.435,24.435,24.435,0.0,,,,,,,,,,,,,,,,,,,,,,,,,"rgba(239, 83, 80, 1.0)",0.0,0.0,0.4209737532209255,25.107114555563662,-1.596571164879583,0.0,0.0,0.0,0.0,0.0,0.0,0.0,0.0,25.82700986593798,-13.580517997506263,False,True,False,True,False,0.0,0,0.9307671745522587,1.0759155306067902,False,False,False,False,-0.16273668557722396,-0.14482896982106955,False,False,False,False,1819.0,1636.4885701887051,False,False,False,False,8.784331000644814,False,False,False,False
2025-02-24 20:00:00+00:00,24.435,24.435,24.435,24.435,1.0,,,,,,,,,,,,,,,,,,,,,,,,,"rgba(239, 83, 80, 1.0)",0.0,0.0,0.423377666686211,25.100572464815155,-1.572053788346019,0.0,0.0,0.0,0.0,0.0,0.0,0.0,0.0,24.119958232185486,-15.461357855775589,False,True,False,True,False,0.0,0,0.9389354228586867,1.0605241826533374,False,False,False,False,-0.16273668557722396,-0.15378282769914675,False,False,False,False,1819.0,1639.3182047594228,False,False,False,False,8.663643698309235,False,False,False,False
2025-02-25 15:00:00+00:00,24.435,24.435,24.435,24.435,0.0,,,,,,,,,,,,,,,,,,,,,,,,,"rgba(239, 83, 80, 1.0)",0.0,0.0,0.4255808219786786,25.100572464815155,-1.5639155489212837,0.0,0.0,0.0,0.0,0.0,0.0,0.0,0.0,22.98192380968382,-17.013560656199417,False,True,False,True,False,0.0,0,0.9453210010881391,1.050054406964092,False,False,False,False,-0.16273668557722396,-0.15825975663818537,False,False,False,False,1819.0,1642.1039690267185,False,False,False,False,8.529323640971107,False,False,False,False
2025-02-25 16:00:00+00:00,24.435,24.435,24.01,24.01,116.0,,,,,,,,,,,,,,,,,,,,,,,,,"rgba(239, 83, 80, 1.0)",0.0,0.0,0.4360048660774956,24.661467238572573,-1.4941742380847185,0.0,0.0,0.0,0.0,0.0,0.0,0.0,0.0,19.239705961168905,-21.046805103097693,False,True,False,True,False,0.0,0,0.9224091155724362,1.06348345089528,False,False,False,False,-0.23515908359001922,-0.1967094201141023,False,False,False,False,1703.0,1643.048093537932,False,False,False,False,10.195535677545198,False,False,False,False
2025-02-25 17:00:00+00:00,24.01,24.01,24.01,24.01,0.0,,,,,,,,,,,,,,,,,,,,,,,,,"rgba(239, 83, 80, 1.0)",0.0,0.0,0.4430583208514284,24.661467238572573,-1.4703870978444609,0.0,0.0,0.0,0.0,0.0,0.0,0.0,0.0,16.744894062158963,-23.86693239260133,False,True,False,True,False,0.0,0,0.902061855670103,1.0865436787845908,False,False,False,False,-0.3100923326260151,-0.2534008763700587,False,False,False,False,1703.0,1643.9775804598244,False,False,False,False,10.037465356963102,False,False,False,False
2025-02-25 18:00:00+00:00,24.01,24.01,24.01,24.01,0.0,,,,,,,,,,,,,,,,,,,,,,,,,"rgba(239, 83, 80, 1.0)",0.0,0.0,0.4489079040363599,24.661467238572573,-1.451226928095713,0.0,0.0,0.0,0.0,0.0,0.0,0.0,0.0,15.081686129485668,-25.947548323732846,False,True,False,True,False,0.0,0,0.902061855670103,1.0865436787845908,False,False,False,False,-0.3100923326260151,-0.2817466044980369,False,False,False,False,1703.0,1644.8926567317649,False,False,False,False,9.881845739025689,False,False,False,False
2025-02-25 19:00:00+00:00,24.01,24.01,23.9,23.9,6.0,,,,,,,,,,,,,,,,,,,,,,,,,"rgba(239, 83, 80, 1.0)",0.0,0.0,0.4598927607077139,24.602960439694325,-1.5285312136954787,0.0,0.0,0.0,0.0,0.0,0.0,0.0,0.0,13.434444246099902,-28.056037759664562,False,True,False,True,False,0.0,0,0.896709816612729,1.0860302049622441,False,False,False,False,-0.33001692058294557,-0.30588176254049126,False,False,False,False,1697.0,1645.700522518869,False,False,False,False,9.821662084157074,False,False,False,False
2025-02-25 20:00:00+00:00,23.9,24.39,23.9,24.34,12.0,,,,,,,,,,,,,,,,,,,,,,,,,"rgba(38, 166, 154, 1.0)",0.0,0.0,0.46289117861896484,24.571950872588967,-0.5010915811379096,0.0,0.0,0.0,0.0,0.0,0.0,0.0,0.0,23.781080158290173,-35.127522273765564,False,True,False,True,True,0.0,0,0.899369416710457,1.0638465580662115,False,False,False,False,-0.26214714750414764,-0.2840144550223195,False,False,False,False,1709.0,1646.6819097666385,False,False,False,False,9.855434765022856,False,False,False,False
2025-02-26 15:00:00+00:00,24.34,24.34,24.34,24.34,0.0,,,,,,,,,,,,,,,,,,,,,,,,,"rgba(38, 166, 154, 1.0)",0.0,0.0,0.46233702266045457,24.571950872588967,-0.5016921882098871,0.0,0.0,0.0,0.0,0.0,0.0,0.0,0.0,30.67883743308369,-28.818610669374102,False,True,False,True,True,0.0,0,0.9224908039936941,1.0664739884393069,False,False,False,False,-0.1948612277151894,-0.23943784136875446,False,False,False,False,1709.0,1647.648081708241,False,False,False,False,9.702637326805448,False,False,False,False
2025-02-26 16:00:00+00:00,24.34,24.34,24.34,24.34,0.0,,,,,,,,,,,,,,,,,,,,,,,,,"rgba(38, 166, 154, 1.0)",0.0,0.0,0.46178157739913833,24.571950872588967,-0.5022956391967153,0.0,0.0,0.0,0.0,0.0,0.0,0.0,0.0,35.27734228294604,-24.676919609456988,False,True,False,True,True,0.0,0,0.9736550194120909,1.0701608430393792,False,False,False,False,-0.1948612277151894,-0.21714953454197194,False,False,False,False,1709.0,1648.5992742398962,False,False,False,False,9.552208841118542,False,False,False,False
2025-02-26 17:00:00+00:00,24.34,24.34,24.34,24.34,0.0,,,,,,,,,,,,,,,,,,,,,,,,,"rgba(38, 166, 154, 1.0)",0.0,0.0,0.46252661963814046,24.571950872588967,-0.5014865366461185,0.0,0.0,0.0,0.0,0.0,0.0,0.0,0.0,38.34301218285427,-21.81200704940841,False,True,False,True,True,0.0,0,0.9736550194120909,1.0146977260122023,False,False,False,False,-0.1948612277151894,-0.2060053811285807,False,False,False,False,1709.0,1649.535719600518,False,False,False,False,9.404112580015928,False,False,False,False
2025-02-26 18:00:00+00:00,24.34,24.34,24.34,24.34,0.0,,,,,,,,,,,,,,,,,,,,,,,,,"rgba(38, 166, 154, 1.0)",0.0,0.0,0.45926858223771616,24.571950872588967,-0.5050440669353483,0.0,0.0,0.0,0.0,0.0,0.0,0.0,0.0,40.386792116126415,-19.69488903768315,False,False,False,True,True,0.0,0,0.9736550194120909,1.0146977260122023,False,False,False,False,-0.1948612277151894,-0.20043330442188506,False,False,False,False,1709.0,1650.4576464284169,False,False,False,False,9.258312384976922,False,False,False,False
2025-02-26 19:00:00+00:00,24.34,24.34,24.34,24.34,0.0,,,,,,,,,,,,,,,,,,,,,,,,,"rgba(38, 166, 154, 1.0)",0.0,0.0,0.4614294573866685,24.571950872588967,-0.5026789444753578,0.0,0.0,0.0,0.0,0.0,0.0,0.0,0.0,41.749312071641185,-18.01841746135748,False,False,False,True,True,0.0,0,0.9736550194120909,1.0146977260122023,False,False,False,False,-0.1948612277151894,-0.19764726606853722,False,False,False,False,1709.0,1651.3652798171233,False,False,False,False,9.114772658078055,False,False,False,False
2025-02-26 20:00:00+00:00,24.34,25.12,24.34,25.12,2.0,,,,,,,,,,,,,,,,,,,,,,,,,"rgba(38, 166, 154, 1.0)",0.0,0.0,0.4620106176386232,24.584086216732366,1.159959885785173,0.0,0.0,0.0,0.0,0.0,0.0,0.0,0.0,53.367078524141384,-6.970789435468383,True,False,True,False,True,4.161135047847072,0,0.9747474747474747,0.9726209463051572,False,False,False,False,-0.06478030420455957,-0.1312137851365484,False,False,False,False,1711.0,1652.2898491222843,False,False,False,False,9.004466105239635,False,False,False,False
2025-02-27 15:00:00+00:00,25.16,25.16,24.99,25.0,104.0,,,,,,,,,,,,,,,,,,,,,,,,,"rgba(38, 166, 154, 1.0)",0.0,0.0,0.461580110271456,24.77563548763893,0.48607924684865933,0.0,0.0,0.0,0.0,0.0,0.0,0.0,0.0,58.78788860332965,-2.0434342388456557,True,False,True,False,True,2.391993615633602,0,1.0095160413268078,1.001903208265362,False,False,False,False,0.04835027805794996,-0.041431753539299225,False,False,False,False,1607.0,1651.587680918838,False,False,False,False,10.477265080352197,False,False,False,False
2025-02-27 16:00:00+00:00,25.0,25.27,25.0,25.26,136.0,,,,,,,,,,,,,,,,,,,,,,,,,"rgba(38, 166, 154, 1.0)",0.0,0.0,0.4627781559469214,24.9135089307329,0.7487195858631746,0.0,0.0,0.0,0.0,0.0,0.0,0.0,0.0,64.24010898146474,2.9810058903210006,True,False,True,False,True,5.810652749022463,0,0.9782958199356913,0.9959807073954988,False,False,False,False,0.06807018182273954,0.013319214141720156,False,False,False,False,1743.0,1653.0049261759102,False,False,False,False,12.423353993835109,False,False,False,False
2025-02-27 17:00:00+00:00,25.26,25.26,25.05,25.19,53.0,,,,,,,,,,,,,,,,,,,,,,,,,"rgba(38, 166, 154, 1.0)",0.0,0.0,0.4631241539608937,24.938499758386953,0.5430514462743495,0.0,0.0,0.0,0.0,0.0,0.0,0.0,0.0,66.56906046987777,5.253646994198661,True,False,True,False,True,4.778706926510033,0,0.9970382337102854,0.9964997307485194,False,False,False,False,0.07465449091882354,0.04398685253027185,False,False,False,False,1690.0,1653.5784932119425,False,False,False,False,13.052449280752393,False,False,False,False
2025-02-27 18:00:00+00:00,25.19,25.19,25.19,25.19,0.0,,,,,,,,,,,,,,,,,,,,,,,,,"rgba(38, 166, 154, 1.0)",0.0,0.0,0.46191768308428904,24.938499758386953,0.5444698283333634,0.0,0.0,0.0,0.0,0.0,0.0,0.0,0.0,68.12169479548645,7.067595780171011,True,False,True,False,True,4.778706926510033,0,1.0045772751750135,0.9841141626278948,False,False,False,False,0.08619294472688716,0.0650898986285795,False,False,False,False,1690.0,1654.1431677357882,False,False,False,False,12.850085726012045,False,False,False,False
2025-02-27 19:00:00+00:00,25.19,25.19,25.19,25.19,0.0,,,,,,,,,,,,,,,,,,,,,,,,,"rgba(38, 166, 154, 1.0)",0.0,0.0,0.46044820506715134,24.938499758386953,0.5462074536187393,0.0,0.0,0.0,0.0,0.0,0.0,0.0,0.0,69.15678434589223,8.608581590781583,True,False,True,False,True,4.778706926510033,0,1.0045772751750135,0.9841141626278948,False,False,False,False,0.08619294472688716,0.07564142167773333,False,False,False,False,1690.0,1654.6990876158534,False,False,False,False,12.650859590725036,False,False,False,False
2025-02-27 20:00:00+00:00,25.19,25.19,23.34,23.34,2048.0,,,,,,,,,,,,,,,,,,,,,,,,,"rgba(239, 83, 80, 1.0)",0.0,0.0,0.489456630144903,24.133464459560372,-1.6211129049890856,0.0,0.0,0.0,0.0,0.0,0.0,0.0,0.0,54.12073185218807,15.42683813993365,True,False,False,False,False,0.0,0,0.9135651322233105,0.9855533790401569,False,False,False,False,-0.22050310037522272,-0.0724308393487447,False,False,False,False,-358.0,1623.4944505985532,False,False,False,False,44.20666021722542,False,False,False,False
2025-02-28 15:00:00+00:00,23.34,23.98,23.34,23.5,100.0,,,,,,,,,,,,,,,,,,,,,,,,,"rgba(239, 83, 80, 1.0)",0.0,0.0,0.5105587823848313,24.11340618392839,-1.2014408626234112,0.0,0.0,0.0,0.0,0.0,0.0,0.0,0.0,45.629511110105895,7.817553481436221,True,False,False,True,False,0.0,0,0.9161918328584995,1.0434472934472938,False,False,False,False,-0.34282825441539394,-0.2076295468820693,False,False,False,False,-258.0,1594.3239940001258,False,False,False,False,45.0716732371134,False,False,False,False
2025-02-28 16:00:00+00:00,23.5,23.5,23.48,23.48,10.0,,,,,,,,,,,,,,,,,,,,,,,,,"rgba(239, 83, 80, 1.0)",0.0,0.0,0.5313997155227584,24.111025641092223,-1.1874783193503553,0.0,0.0,0.0,0.0,0.0,0.0,0.0,0.0,39.888082501911924,2.7271851327026724,False,False,False,True,False,0.0,0,0.9191743347426014,1.1178811240984834,False,False,False,False,-0.34282825441539394,-0.2752289006487316,False,False,False,False,-268.0,1565.4507537830696,False,False,False,False,44.52792636522017,False,False,False,False
2025-02-28 17:00:00+00:00,23.48,23.48,23.455,23.455,100.0,,,,,,,,,,,,,,,,,,,,,,,,,"rgba(239, 83, 80, 1.0)",0.0,0.0,0.5519988004295718,24.0873235265539,-1.1455161244224064,0.0,0.0,0.0,0.0,0.0,0.0,0.0,0.0,35.94937476897236,-0.9145373661198946,False,True,False,True,False,0.0,0,0.8780244449987527,1.1187328510850587,False,False,False,False,-0.34282825441539394,-0.3090285775320628,False,False,False,False,-368.0,1535.474773104262,False,False,False,False,45.3879585145966,False,False,False,False
2025-02-28 18:00:00+00:00,23.455,23.455,23.455,23.455,0.0,,,,,,,,,,,,,,,,,,,,,,,,,"rgba(239, 83, 80, 1.0)",0.0,0.0,0.5718515289576321,24.0873235265539,-1.1057477239004612,0.0,0.0,0.0,0.0,0.0,0.0,0.0,0.0,33.32356961367932,-3.6131349706450635,False,True,False,True,False,0.0,0,0.8780244449987527,1.1199800448989776,False,False,False,False,-0.34282825441539394,-0.32592841597372835,False,False,False,False,-368.0,1505.9635363119478,False,False,False,False,44.684269235300526,False,False,False,False
2025-02-28 19:00:00+00:00,23.455,23.455,23.455,23.455,0.0,,,,,,,,,,,,,,,,,,,,,,,,,"rgba(239, 83, 80, 1.0)",0.0,0.0,0.5912631310086062,24.0873235265539,-1.0694452154918765,0.0,0.0,0.0,0.0,0.0,0.0,0.0,0.0,31.573032843483958,-5.757737047956475,False,True,False,True,False,0.0,0,0.8780244449987527,1.1199800448989776,False,False,False,False,-0.34282825441539394,-0.33437833519456117,False,False,False,False,-368.0,1476.9098380745531,False,False,False,False,43.99148986731137,False,False,False,False
2025-02-28 20:00:00+00:00,23.455,23.455,23.455,23.455,0.0,,,,,,,,,,,,,,,,,,,,,,,,,"rgba(239, 83, 80, 1.0)",0.0,0.0,0.6073682558367766,24.0873235265539,-1.0410875452862494,0.0,0.0,0.0,0.0,0.0,0.0,0.0,0.0,30.406008330020384,-7.567030110970343,False,True,False,True,False,0.0,0,0.8780244449987527,1.1199800448989776,False,False,False,False,-0.34282825441539394,-0.33860329480497753,False,False,False,False,-368.0,1448.3065847710716,False,False,False,False,43.309451264717396,False,False,False,False
2025-03-03 15:00:00+00:00,24.29,24.29,23.6,23.6,1.0,,,,,,,,,,23.830000000000002,,,,,,,,,,,,,,,"rgba(239, 83, 80, 1.0)",0.0,0.0,0.6190180614169266,24.087230246858574,-0.787101826630563,0.0,0.0,0.0,0.0,0.0,0.0,0.0,0.0,31.984537517085737,-7.567030110970343,False,True,False,True,False,0.0,0,0.8829022988505745,1.082136015325671,False,False,False,False,-0.20231256790558583,-0.2704579313552817,False,False,False,False,-367.0,1420.1622966350858,False,False,False,False,42.65349077999309,False,False,False,False
2025-03-03 16:00:00+00:00,23.6,23.6,23.085,23.085,1.0,,,,,,,,,,23.543333333333337,,,,,,,,,,,,,,,"rgba(239, 83, 80, 1.0)",0.0,0.0,0.64561163820628,24.086926106250225,-1.551902176103736,0.0,0.0,0.0,0.0,0.0,0.0,0.0,0.0,29.733766276383147,-9.670117367483336,False,True,False,True,False,0.0,0,0.8561360874848114,1.1567436208991497,False,False,False,False,-0.34282825441539394,-0.3066430928853378,False,False,False,False,-368.0,1392.438850175627,False,False,False,False,42.007700225264514,False,False,False,False
2025-03-03 17:00:00+00:00,23.085,23.085,22.91,22.91,101.0,,,,,,,,,,22.979498381877022,,,,,,,,,,,,,,,"rgba(239, 83, 80, 1.0)",0.0,0.0,0.676857584126231,24.046990751591895,-1.6798079511211497,0.0,0.0,0.0,0.0,0.0,0.0,0.0,0.0,27.414821328851747,-12.626815858513162,False,True,False,True,False,0.0,0,0.8265060240963853,1.1631325301204822,False,False,False,False,-0.34282825441539394,-0.3247356736503659,False,False,False,False,-469.0,1363.5793331186405,False,False,False,False,42.92230952409762,False,False,False,False
2025-03-03 18:00:00+00:00,22.91,22.91,22.91,22.91,0.0,,,,,,,,,,22.979498381877022,,,,,,,,,,,,,,,"rgba(239, 83, 80, 1.0)",0.0,0.0,0.708047836476284,24.046990751591895,-1.605810643035527,0.0,0.0,0.0,0.0,0.0,0.0,0.0,0.0,25.86885803049748,-14.824679607376396,False,True,False,True,False,0.0,0,0.8265060240963853,1.1715662650602412,False,False,False,False,-0.34282825441539394,-0.3337819640328799,False,False,False,False,-469.0,1335.1672504346307,False,False,False,False,42.256847360933314,False,False,False,False
2025-03-03 19:00:00+00:00,22.91,22.91,22.91,22.91,0.0,,,,,,,,,,22.979498381877022,,,,,,,,,,,,,,,"rgba(239, 83, 80, 1.0)",0.0,0.0,0.7369533399240635,24.046990751591895,-1.5428259701069433,0.0,0.0,0.0,0.0,0.0,0.0,0.0,0.0,24.83821583159464,-16.541732369199742,False,True,False,True,False,0.0,0,0.8265060240963853,1.1715662650602412,False,False,False,False,-0.34282825441539394,-0.3383051092241369,False,False,False,False,-469.0,1307.1956651565745,False,False,False,False,41.60170244060877,False,False,False,False
2025-03-03 20:00:00+00:00,22.91,22.91,22.54,22.54,7.0,,,,,,,,,,22.959378787878787,,,,,,,,,,,,,,,"rgba(239, 83, 80, 1.0)",0.0,0.0,0.7762634745896448,24.043573497258432,-1.9369370664428918,0.0,0.0,0.0,0.0,0.0,0.0,0.0,0.0,22.43096942891061,-19.49235896385271,False,True,False,True,False,0.0,0,0.8120265151515149,1.1685606060606064,False,False,False,False,-0.34282825441539394,-0.34056668181976546,False,False,False,False,-476.0,1279.5492207355423,False,False,False,False,41.06524193765359,False,False,False,False
2025-03-04 15:00:00+00:00,22.54,22.54,22.54,22.54,0.0,,,,,,,,,,22.959378787878787,,,,,,,,,,,,,,,"rgba(239, 83, 80, 1.0)",0.0,0.0,0.812913085566157,24.043573497258432,-1.8496116300197853,0.0,0.0,0.0,0.0,0.0,0.0,0.0,0.0,20.826138493787926,-21.607536992612715,False,True,False,True,False,0.0,0,0.8120265151515149,1.1860795454545459,False,False,False,False,-0.34282825441539394,-0.34169746811757973,False,False,False,False,-476.0,1252.3314033597976,False,False,False,False,40.428571520015545,False,False,False,False
2025-03-04 16:00:00+00:00,22.54,22.54,22.54,22.54,0.0,,,,,,,,,,22.959378787878787,,,,,,,,,,,,,,,"rgba(239, 83, 80, 1.0)",0.0,0.0,0.8470048820817235,24.043573497258432,-1.775165089442023,0.0,0.0,0.0,0.0,0.0,0.0,0.0,0.0,19.756251203706135,-23.19971067415819,False,True,False,True,False,0.0,0,0.8120265151515149,1.1860795454545459,False,False,False,False,-0.34282825441539394,-0.34226286126648686,False,False,False,False,-476.0,1225.535567648793,False,False,False,False,39.80177196156569,False,False,False,False
2025-03-04 17:00:00+00:00,22.54,22.54,21.73,21.81,146.0,,,,,,,,,,22.42744140625,,,,,,,,,,,,,,,"rgba(239, 83, 80, 1.0)",0.0,0.0,0.9050345819882228,23.82141879176376,-2.2224772752274093,0.0,0.0,0.0,0.0,0.0,0.0,0.0,0.0,16.75916322047226,-26.513114674490858,False,True,False,True,False,0.0,0,0.78203374373005,1.1792065663474696,False,False,False,False,-0.34282825441539394,-0.34254555784094043,False,False,False,False,-622.0,1196.8916053596643,False,False,False,False,41.44825611720033,False,False,False,False
2025-03-04 18:00:00+00:00,21.81,21.81,21.75,21.75,11.0,,,,,,,,,,22.400355805243446,,,,,,,,,,,,,,,"rgba(239, 83, 80, 1.0)",0.0,0.0,0.9577283652589719,23.8127727420557,-2.153818156464355,0.0,0.0,0.0,0.0,0.0,0.0,0.0,0.0,14.636539808212804,-28.89502688066907,False,True,False,True,False,0.0,0,0.7835379718053658,1.2119145065939068,False,False,False,False,-0.34282825441539394,-0.3426869061281672,False,False,False,False,-633.0,1168.5211928734677,False,False,False,False,40.97619013088714,False,False,False,False
2025-03-04 19:00:00+00:00,21.75,21.98,21.75,21.98,10.0,,,,,,,,,,22.382412755716008,,,,,,,,,,,,,,,"rgba(239, 83, 80, 1.0)",0.0,0.0,0.9948234394482646,23.806007723029083,-1.835509348313906,0.0,0.0,0.0,0.0,0.0,0.0,0.0,0.0,17.110790460031854,-28.89502688066907,False,True,False,True,False,0.0,0,0.7857785778577855,1.2020702070207023,False,False,False,False,-0.3262409535594187,-0.3344639298437929,False,False,False,False,-623.0,1140.7456705033364,False,False,False,False,40.49593912110594,False,False,False,False
2025-03-04 20:00:00+00:00,21.98,22.44,21.98,22.23,116.0,,,,,,,,,,22.333490245971166,,,,,,,,,,,,,,,"rgba(239, 83, 80, 1.0)",0.0,0.0,1.017650836596336,23.751608082205713,-1.4952162642492655,0.0,0.0,0.0,0.0,0.0,0.0,0.0,0.0,22.328795556971446,-34.11908957880259,False,True,False,True,True,0.0,0,0.8799999999999998,1.1953939393939397,False,False,False,False,-0.26056208448708384,-0.2975130071654384,False,False,False,False,-507.0,1115.1992259994088,False,False,False,False,41.666544716127554,False,False,False,False
2025-03-05 15:00:00+00:00,22.23,22.23,22.23,22.23,0.0,,,,,,,,,,22.333490245971166,,,,,,,,,,,,,,,"rgba(239, 83, 80, 1.0)",0.0,0.0,1.0401520722150819,23.751608082205713,-1.4628707886581762,0.0,0.0,0.0,0.0,0.0,0.0,0.0,0.0,25.807465621597842,-30.830664824024986,False,True,False,True,True,0.0,0,0.8935013590313811,1.1237954040029654,False,False,False,False,-0.2568261177603956,-0.277169562462917,False,False,False,False,-507.0,1090.0488504025186,False,False,False,False,41.02055177479224,False,False,False,False
2025-03-05 16:00:00+00:00,22.23,22.23,22.23,22.23,0.0,,,,,,,,,,22.333490245971166,,,,,,,,,,,,,,,"rgba(239, 83, 80, 1.0)",0.0,0.0,1.0603779582839359,23.751608082205713,-1.4349676644243055,0.0,0.0,0.0,0.0,0.0,0.0,0.0,0.0,28.12657899801544,-28.599694565727464,False,True,False,True,True,0.0,0,0.8914084152179388,1.1262282690854122,False,False,False,False,-0.2568261177603956,-0.2669978401116563,False,False,False,False,-507.0,1065.2884031094563,False,False,False,False,40.38457422789623,False,False,False,False
2025-03-05 17:00:00+00:00,22.23,22.23,22.23,22.23,0.0,,,,,,,,,,22.333490245971166,,,,,,,,,,,,,,,"rgba(239, 83, 80, 1.0)",0.0,0.0,1.0776033091503963,23.751608082205713,-1.4120298901136252,0.0,0.0,0.0,0.0,0.0,0.0,0.0,0.0,29.672654582293838,-26.995587192924035,False,True,False,True,True,0.0,0,0.8858654572940283,1.1121189216427316,False,False,False,False,-0.2568261177603956,-0.2619119789360259,False,False,False,False,-507.0,1040.9118387201625,False,False,False,False,39.758456798006364,False,False,False,False
2025-03-05 18:00:00+00:00,22.23,22.23,22.23,22.23,0.0,,,,,,,,,,22.333490245971166,,,,,,,,,,,,,,,"rgba(239, 83, 80, 1.0)",0.0,0.0,1.092752591040267,23.751608082205713,-1.3924543347521956,0.0,0.0,0.0,0.0,0.0,0.0,0.0,0.0,30.70337163847943,-25.76407182669227,False,True,False,True,True,0.0,0,0.8858654572940283,1.1121189216427316,False,False,False,False,-0.2568261177603956,-0.25936904834821073,False,False,False,False,-507.0,1016.9132055617104,False,False,False,False,39.14204661509154,False,False,False,False
2025-03-05 19:00:00+00:00,22.23,22.23,22.23,22.23,0.0,,,,,,,,,,22.333490245971166,,,,,,,,,,,,,,,"rgba(239, 83, 80, 1.0)",0.0,0.0,1.105911124102839,23.751608082205713,-1.3758864062788994,0.0,0.0,0.0,0.0,0.0,0.0,0.0,0.0,31.390516342603167,-24.758432935944487,False,False,False,True,True,0.0,0,0.8858654572940283,1.1121189216427316,False,False,False,False,-0.2568261177603956,-0.2580975830543032,False,False,False,False,-507.0,993.2866442351722,False,False,False,False,38.53519317919864,False,False,False,False
2025-03-05 20:00:00+00:00,22.23,22.23,22.1,22.1,4.0,,,,,,,,,,22.33157430730479,,,,,,,,,,,,,,,"rgba(239, 83, 80, 1.0)",0.0,0.0,1.1202527988509212,23.749580549290332,-1.4725074117041776,0.0,0.0,0.0,0.0,0.0,0.0,0.0,0.0,30.467213454912315,-24.758432935944487,False,True,False,True,True,0.0,0,0.8801001251564452,1.1113892365456826,False,False,False,False,-0.26899425885897416,-0.26354592095663865,False,False,False,False,-511.0,969.9643706811385,False,False,False,False,37.99976382758316,False,False,False,False
2025-03-06 15:00:00+00:00,22.1,22.1,22.1,22.1,0.0,,,,,,,,,,22.33157430730479,,,,,,,,,,,,,,,"rgba(239, 83, 80, 1.0)",0.0,0.0,1.1325320710213378,23.749580549290332,-1.4565420189846892,0.0,0.0,0.0,0.0,0.0,0.0,0.0,0.0,29.851678196451747,-24.758432935944487,False,True,False,True,True,0.0,0,0.8801001251564452,1.1178973717146437,False,False,False,False,-0.28124069368028776,-0.27239330731846323,False,False,False,False,-511.0,947.0036827636014,False,False,False,False,37.410620202349314,False,False,False,False
2025-03-06 16:00:00+00:00,22.1,22.1,22.1,22.1,0.0,,,,,,,,,,22.33157430730479,,,,,,,,,,,,,,,"rgba(239, 83, 80, 1.0)",0.0,0.0,1.1428154225814762,23.749580549290332,-1.4434356735964728,0.0,0.0,0.0,0.0,0.0,0.0,0.0,0.0,29.441321357478035,-24.758432935944487,False,True,False,True,True,0.0,0,0.8780860269788747,1.1366759989819295,False,False,False,False,-0.28124069368028776,-0.2768170004993755,False,False,False,False,-511.0,924.3989745037006,False,False,False,False,36.830610586809016,False,False,False,False
2025-03-06 17:00:00+00:00,22.1,22.445,22.1,22.445,1.0,,,,,,,,,,22.3315703517588,,,,,,,,,,,,,,,"rgba(38, 166, 154, 1.0)",0.0,0.0,1.1441175560151016,23.74917121096373,-1.1398926658429112,0.0,0.0,0.0,0.0,0.0,0.0,0.0,0.0,36.861947479023485,-18.369088052186115,False,False,False,True,True,0.0,0,0.86368184092046,1.1170585292646327,False,False,False,False,-0.24891028601062085,-0.26286364325499817,False,False,False,False,-510.0,902.1602307129456,False,False,False,False,36.27509724437786,False,False,False,False
2025-03-06 18:00:00+00:00,22.445,22.62,22.31,22.38,1144.0,,,,,,,,,,22.40954063986165,,,,,,,,,,,,,,,"rgba(38, 166, 154, 1.0)",0.0,0.0,1.1535431004885215,23.339508628627136,-0.8317926120149207,0.0,0.0,0.0,0.0,0.0,0.0,0.0,0.0,40.70352080769254,-14.874197968933522,True,False,False,True,True,0.0,0,0.876108374384236,1.106650246305419,False,False,False,False,-0.21342077251050776,-0.23814220788275298,False,False,False,False,-1654.0,862.5298395391014,False,False,False,False,53.44912674446502,False,False,False,False
2025-03-06 19:00:00+00:00,22.38,22.38,21.995,21.995,1.0,,,,,,,,,,22.409355152300716,,,,,,,,,,,,,,,"rgba(38, 166, 154, 1.0)",0.0,0.0,1.169641367226687,23.339202730972044,-1.1492434934643727,0.0,0.0,0.0,0.0,0.0,0.0,0.0,0.0,38.434917808151624,-14.874197968933522,False,False,False,True,False,0.0,0,0.8631858834904518,1.1162678269277257,False,False,False,False,-0.26477357218046615,-0.25145789003160957,False,False,False,False,-1655.0,823.4983691586502,False,False,False,False,52.635961988736874,False,False,False,False
2025-03-06 20:00:00+00:00,21.995,22.22,21.87,22.03,36.0,,,,,,,,,,22.400934135528818,,,,,,,,,,,,,,,"rgba(38, 166, 154, 1.0)",0.0,0.0,1.1834100901384212,23.327405567688366,-1.0963279580763166,0.0,0.0,0.0,0.0,0.0,0.0,0.0,0.0,37.57725135399163,-14.874197968933522,False,False,False,True,False,0.0,0,0.8595198478725931,1.1219396244354651,False,False,False,False,-0.29166752060309725,-0.2715627053173534,False,False,False,False,-1619.0,785.6301773887487,False,False,False,False,52.37804009743863,False,False,False,False
2025-03-07 15:00:00+00:00,22.03,22.03,22.03,22.03,0.0,,,,,,,,,,22.400934135528818,,,,,,,,,,,,,,,"rgba(38, 166, 154, 1.0)",0.0,0.0,1.1957053480181743,23.327405567688366,-1.0850545829194076,0.0,0.0,0.0,0.0,0.0,0.0,0.0,0.0,37.00547371788497,-14.874197968933522,False,False,False,True,False,0.0,0,0.8671262182077487,1.1309721892084623,False,False,False,False,-0.2945218498788673,-0.28304227759811035,False,False,False,False,-1619.0,748.3490893672177,False,False,False,False,51.56597746026904,False,False,False,False
2025-03-07 16:00:00+00:00,22.03,22.03,22.03,22.03,0.0,,,,,,,,,,22.400934135528818,,,,,,,,,,,,,,,"rgba(38, 166, 154, 1.0)",0.0,0.0,1.2065721865853798,23.327405567688366,-1.0752821771567977,0.0,0.0,0.0,0.0,0.0,0.0,0.0,0.0,36.624288627147195,-14.874197968933522,False,False,False,True,False,0.0,0,0.8625184456468271,1.1701918347270046,False,False,False,False,-0.2945218498788673,-0.2887820637384888,False,False,False,False,-1619.0,711.6460027103617,False,False,False,False,50.766504941505175,False,False,False,False
2025-03-07 17:00:00+00:00,22.03,22.15,21.865,22.15,6.0,,,,,,,,,,22.399624605678238,,,,,,,,,,,,,,,"rgba(38, 166, 154, 1.0)",0.0,0.0,1.2137984196742004,23.325490387496657,-0.9684395435381897,0.0,0.0,0.0,0.0,0.0,0.0,0.0,0.0,39.07853966497878,-14.874197968933522,False,False,False,True,False,0.0,0,0.8209574987787002,1.1702491450903767,False,False,False,False,-0.29881212311568445,-0.2937970934270866,False,False,False,False,-1613.0,675.6049794125266,False,False,False,False,50.0724506013268,False,False,False,False
2025-03-07 18:00:00+00:00,22.15,22.15,22.11,22.11,9.0,,,,,,,,,,22.398064617314937,,,,,,,,,,,,,,,"rgba(38, 166, 154, 1.0)",0.0,0.0,1.220299678892971,23.322813486925337,-0.9938652839977601,0.0,0.0,0.0,0.0,0.0,0.0,0.0,0.0,40.04975182020983,-14.874197968933522,False,False,False,True,True,0.0,0,0.8261823500731346,1.169917113603121,False,False,False,False,-0.27557848307566063,-0.28468778825137364,False,False,False,False,-1622.0,639.9831967859758,False,False,False,False,49.435668421461266,False,False,False,False
2025-03-07 19:00:00+00:00,22.11,22.185,22.11,22.185,6.0,,,,,,,,,,22.397171875000005,,,,,,,,,,,,,,,"rgba(38, 166, 154, 1.0)",0.0,0.0,1.2242543345545716,23.321101825375536,-0.9279949380688876,0.0,0.0,0.0,0.0,0.0,0.0,0.0,0.0,42.38545467244387,-12.469311434372202,True,False,False,True,True,0.0,0,0.8268156424581001,1.167597765363129,False,False,False,False,-0.27228349077797465,-0.27848563951467414,False,False,False,False,-1616.0,605.0067131148754,False,False,False,False,48.762247205624654,False,False,False,False
2025-03-07 20:00:00+00:00,22.185,22.395,22.185,22.34,7.0,,,,,,,,,,22.396777639493884,,,,,,,,,,,,,,,"rgba(38, 166, 154, 1.0)",0.0,0.0,1.224637931416075,23.319416682100588,-0.7997602042001652,0.0,0.0,0.0,0.0,0.0,0.0,0.0,0.0,46.920508333572045,-8.129578215754435,True,False,False,False,True,0.0,0,0.8321711949987973,1.1558066842991108,False,False,False,False,-0.24565974193271484,-0.2620726907236945,False,False,False,False,-1609.0,570.6810276402261,False,False,False,False,48.11477050476225,False,False,False,False
2025-03-10 14:00:00+00:00,22.34,22.34,21.75,21.75,1.0,,,,,,,,,,22.39649771973466,,,,,,,,,,,,,,,"rgba(239, 83, 80, 1.0)",0.0,0.0,1.2342354565325615,23.319069627152555,-1.2712887308882457,0.0,0.0,0.0,0.0,0.0,0.0,0.0,0.0,42.114863609830294,-8.129578215754435,True,False,False,True,False,0.0,0,0.8164601356090714,1.1540799625906013,False,False,False,False,-0.29166752060309725,-0.27687010566339587,False,False,False,False,-1610.0,536.8720194597576,False,False,False,False,47.38430894654888,False,False,False,False
2025-03-10 15:00:00+00:00,21.75,21.75,21.75,21.75,0.0,,,,,,,,,,22.39649771973466,,,,,,,,,,,,,,,"rgba(239, 83, 80, 1.0)",0.0,0.0,1.2422278192646197,23.319069627152555,-1.2631093933167754,0.0,0.0,0.0,0.0,0.0,0.0,0.0,0.0,38.911100460669125,-5.274734387288902,True,False,False,True,False,0.0,0,0.8144646655636961,1.194516662727488,False,False,False,False,-0.34282825441539394,-0.3098491800393949,False,False,False,False,-1610.0,503.5871819487535,False,False,False,False,46.64966849776517,False,False,False,False
2025-03-10 16:00:00+00:00,21.75,21.75,21.75,21.75,0.0,,,,,,,,,,22.39649771973466,,,,,,,,,,,,,,,"rgba(239, 83, 80, 1.0)",0.0,0.0,1.2486458430801817,23.319069627152555,-1.2566170270362218,0.0,0.0,0.0,0.0,0.0,0.0,0.0,0.0,36.775258361228346,-7.19883087703834,False,False,False,True,False,0.0,0,0.8010533875987548,1.208762269571463,False,False,False,False,-0.34282825441539394,-0.3263387172273944,False,False,False,False,-1610.0,470.8183884301681,False,False,False,False,45.926417823381215,False,False,False,False
2025-03-10 17:00:00+00:00,21.75,22.13,21.75,22.01,8.0,,,,,,,,,,22.39435334158416,,,,,,,,,,,,,,,"rgba(239, 83, 80, 1.0)",0.0,0.0,1.2489823352929572,23.316339977497837,-1.0459235015452994,0.0,0.0,0.0,0.0,0.0,0.0,0.0,0.0,40.03926116859579,-7.19883087703834,True,False,False,True,True,0.0,0,0.8141803473709253,1.1777301927194865,False,False,False,False,-0.3062737070134907,-0.3163062121204425,False,False,False,False,-1602.0,438.6816692297004,False,False,False,False,45.33841134549933,False,False,False,False
2025-03-10 18:00:00+00:00,22.01,22.16,22.0,22.045,17.0,,,,,,,,,,22.390959379465198,,,,,,,,,,,,,,,"rgba(239, 83, 80, 1.0)",0.0,0.0,1.2474872835113378,23.31110601897199,-1.0149249901836632,0.0,0.0,0.0,0.0,0.0,0.0,0.0,0.0,42.76009130254346,-7.19883087703834,True,False,False,True,True,0.0,0,0.8368760449008835,1.165034631000717,False,False,False,False,-0.27984274199135734,-0.29807447705589996,False,False,False,False,-1585.0,407.30675962923993,False,False,False,False,44.89905613084042,False,False,False,False
2025-03-10 19:00:00+00:00,22.045,22.045,21.67,21.67,200.0,,,,,,,,,,22.325933806146573,,,,,,,,,,,,,,,"rgba(239, 83, 80, 1.0)",0.0,0.0,1.251048569210043,23.238099903280016,-1.2534284774172828,0.0,0.0,0.0,0.0,0.0,0.0,0.0,0.0,40.24566964009178,-7.19883087703834,True,False,False,True,True,0.0,0,0.8467100506146057,1.1605206073752712,False,False,False,False,-0.3220434868831158,-0.3100589819695079,False,False,False,False,-1785.0,373.31750754196486,False,False,False,False,47.3037219272615,False,False,False,False
2025-03-11 14:00:00+00:00,21.67,21.67,21.67,21.67,0.0,,,,,,,,,,22.325933806146573,,,,,,,,,,,,,,,"rgba(239, 83, 80, 1.0)",0.0,0.0,1.2530061941277444,23.238099903280016,-1.2514701927484215,0.0,0.0,0.0,0.0,0.0,0.0,0.0,0.0,38.569388531790665,-7.19883087703834,True,False,False,True,False,0.0,0,0.8453307392996107,1.1617217898832686,False,False,False,False,-0.34282825441539394,-0.32644361819245094,False,False,False,False,-1785.0,339.8552206033297,False,False,False,False,46.57033088962954,False,False,False,False
2025-03-11 15:00:00+00:00,21.67,21.67,21.67,21.67,0.0,,,,,,,,,,22.325933806146573,,,,,,,,,,,,,,,"rgba(239, 83, 80, 1.0)",0.0,0.0,1.253367672521712,23.238099903280016,-1.251109261598456,0.0,0.0,0.0,0.0,0.0,0.0,0.0,0.0,37.45186779292325,-7.19883087703834,True,False,False,True,False,0.0,0,0.8445747800586508,1.1583577712609971,False,False,False,False,-0.34282825441539394,-0.3346359363039224,False,False,False,False,-1785.0,306.91172881103,False,False,False,False,45.848310255681795,False,False,False,False
2025-03-11 16:00:00+00:00,21.67,21.89,21.66,21.66,11.0,,,,,,,,,,22.322418655097614,,,,,,,,,,,,,,,"rgba(239, 83, 80, 1.0)",0.0,0.0,1.2537589319559916,23.234142616844437,-1.255538506424528,0.0,0.0,0.0,0.0,0.0,0.0,0.0,0.0,36.58800035922514,-7.369373365633308,True,False,False,True,False,0.0,0,0.8473551637279595,1.1813602015113354,False,False,False,False,-0.32293922637912026,-0.3287875813415213,False,False,False,False,-1796.0,274.30844619380474,False,False,False,False,45.30802637574874,False,False,False,False
2025-03-11 17:00:00+00:00,21.66,21.66,21.47,21.47,33.0,,,,,,,,,,22.30854555141183,,,,,,,,,,,,,,,"rgba(239, 83, 80, 1.0)",0.0,0.0,1.2460342496702566,23.10361889559169,-1.3110545685433634,0.0,0.0,0.0,0.0,-1.0,0.0,21.47,358.0,33.944725381572084,-10.164409003080074,False,False,False,True,False,0.0,0,0.8359653591441668,1.1732042791645443,True,False,False,False,-0.34282825441539394,-0.33580791787845765,False,False,False,False,-1829.0,241.69901291948216,False,False,False,False,45.11720426139604,True,False,False,False
2025-03-11 18:00:00+00:00,21.47,21.83,21.47,21.83,89.0,,,,,,,,,,22.281449643947102,,,,,,,,,,,,,,,"rgba(239, 83, 80, 1.0)",0.0,0.0,1.2314300190801988,22.978481592135292,-0.9326405677467063,0.0,0.0,0.0,0.0,0.0,0.0,0.0,0.0,38.72127172004443,-10.164409003080074,True,False,False,True,True,0.0,0,0.8186139604703524,1.1616212159119343,True,False,False,False,-0.3271302758743728,-0.33146909687641524,False,False,False,False,-1740.0,210.9749972153041,False,False,False,False,45.79755768369998,False,False,False,False
2025-03-11 19:00:00+00:00,21.83,21.83,21.61,21.61,3.0,,,,,,,,,,22.28053834433723,,,,,,,,,,,,,,,"rgba(239, 83, 80, 1.0)",0.0,0.0,1.2182750247936633,22.977543162454104,-1.1225241711621912,0.0,0.0,0.0,0.0,0.0,0.0,0.0,0.0,39.34738199178483,-10.164409003080074,True,False,False,True,True,0.0,0,0.8275179411036868,1.1596139569413515,False,False,False,False,-0.3143187415101506,-0.3228939191932829,False,False,False,False,-1743.0,180.68081121196607,False,False,False,False,45.134029657596095,False,False,False,False
2025-03-12 14:00:00+00:00,21.61,21.61,21.61,21.61,0.0,,,,,,,,,,22.28053834433723,,,,,,,,,,,,,,,"rgba(239, 83, 80, 1.0)",0.0,0.0,1.206567695408578,22.977543162454104,-1.1334160260200037,0.0,0.0,0.0,0.0,0.0,0.0,0.0,0.0,39.764788839611754,-10.164409003080074,True,False,False,True,True,0.0,0,0.8306010928961747,1.1711376055638354,False,False,False,False,-0.33449774377283026,-0.3286958314830566,False,False,False,False,-1743.0,150.85630251100537,False,False,False,False,44.434277259803906,False,False,False,False
2025-03-12 15:00:00+00:00,21.61,21.61,21.61,21.61,0.0,,,,,,,,,,22.28053834433723,,,,,,,,,,,,,,,"rgba(239, 83, 80, 1.0)",0.0,0.0,1.1928112376434967,22.977543162454104,-1.1464874904731837,0.0,0.0,0.0,0.0,0.0,0.0,0.0,0.0,40.04306007149637,-15.294303678516542,True,False,False,True,True,0.0,0,0.8304326205867726,1.1685728493286924,False,False,False,False,-0.33449774377283026,-0.3315967876279434,False,False,False,False,-1743.0,121.49418929378047,False,False,False,False,43.74537373639609,False,False,False,False
2025-03-12 16:00:00+00:00,21.61,21.61,21.61,21.61,0.0,,,,,,,,,,22.28053834433723,,,,,,,,,,,,,,,"rgba(239, 83, 80, 1.0)",0.0,0.0,1.1826548162563641,22.977543162454104,-1.1563333135385991,0.0,0.0,0.0,0.0,0.0,0.0,0.0,0.0,40.228574226086124,-14.682828732698283,True,False,False,True,True,0.0,0,0.8322368421052628,1.183451417004049,False,False,False,False,-0.33449774377283026,-0.33304726570038684,False,False,False,False,-1743.0,92.58730263806294,False,False,False,False,43.06715088776979,False,False,False,False
2025-03-12 17:00:00+00:00,21.61,22.65,21.61,22.65,15.0,,,,,,,,,,22.280710685483875,,,,,,,,,,,,,,,"rgba(38, 166, 154, 1.0)",0.0,0.0,1.1607742756104125,22.984657050253396,-0.2883050195761901,0.0,0.0,0.0,0.0,0.0,0.0,0.0,0.0,51.16800807084832,-4.36826724767468,True,False,True,False,True,0.0,0,0.8406249999999997,1.1074519230769235,False,False,False,False,-0.24110728749289698,-0.2870772765966419,False,False,False,False,-1728.0,64.36114290724026,False,False,False,False,42.63200126160282,False,False,False,False
2025-03-12 18:00:00+00:00,22.65,22.65,22.32,22.32,1.0,,,,,,,,,,22.280785894206552,,,,,,,,,,,,,,,"rgba(38, 166, 154, 1.0)",0.0,0.0,1.1500931689638259,22.98520702172388,-0.5783940290013174,0.0,0.0,0.0,0.0,0.0,0.0,0.0,0.0,54.48779966224866,-1.558922112906167,True,False,True,False,True,0.0,0,0.8767155702792236,1.1057737813535262,False,False,False,False,-0.17973013907629518,-0.23340370783646852,False,False,False,False,-1729.0,36.55709417999623,False,False,False,False,41.98654387770199,False,False,False,False
2025-03-12 19:00:00+00:00,22.32,22.69,22.14,22.35,39.0,,,,,,,,,,22.28295454545455,,,,,,,,,,,,,,,"rgba(38, 166, 154, 1.0)",0.0,0.0,1.1384018076565203,22.938186032651604,-0.5166770016488508,0.0,0.0,0.0,0.0,0.0,0.0,0.0,0.0,56.91368578882262,0.5395585397722229,True,False,True,False,True,0.0,0,0.8715405904059038,1.1012453874538748,False,False,False,False,-0.19171321548468756,-0.21255846166057804,False,False,False,False,-1690.0,9.788767138445895,False,False,False,False,41.94024087184614,False,False,False,False
2025-03-13 14:00:00+00:00,21.92,21.92,21.92,21.92,0.0,,,,,,,,,,22.28295454545455,,,,,,,,,,,,,,,"rgba(38, 166, 154, 1.0)",0.0,0.0,1.1296967702851721,22.938186032651604,-0.9012914433619025,0.0,0.0,0.0,0.0,0.0,0.0,0.0,0.0,54.22200596659929,0.5395585397722229,True,False,True,False,False,0.0,0,0.8642031285422804,1.1174336885060079,False,False,False,False,-0.27824304146376644,-0.24540075156217223,False,False,False,False,-1690.0,-16.564547080754817,False,False,False,False,41.29000457925938,False,False,False,False
2025-03-13 15:00:00+00:00,21.92,21.92,21.51,21.51,20.0,,,,,,,,,,22.27672863666015,,,,,,,,,,,,,,,"rgba(239, 83, 80, 1.0)",0.0,0.0,1.1254293755181772,22.806218756012015,-1.1517548628186467,0.0,0.0,0.0,0.0,0.0,0.0,0.0,0.0,49.44287297591897,6.397936266960947,True,False,False,False,False,0.0,0,0.8477631871800576,1.1135099042955712,False,False,False,False,-0.31523050017597676,-0.2803156258690745,False,False,False,False,-1710.0,-42.81936030430901,False,False,False,False,40.95992698888327,False,False,False,False
2025-03-13 16:00:00+00:00,21.51,21.51,21.51,21.51,0.0,,,,,,,,,,22.27672863666015,,,,,,,,,,,,,,,"rgba(239, 83, 80, 1.0)",0.0,0.0,1.1197699128203131,22.806218756012015,-1.157575981611514,0.0,0.0,0.0,0.0,0.0,0.0,0.0,0.0,46.25678431546542,3.480857874631461,True,False,False,True,False,0.0,0,0.8433707350583922,1.163040989237463,False,False,False,False,-0.34282825441539394,-0.3115719401422342,False,False,False,False,-1710.0,-68.66712216005615,False,False,False,False,40.32488936114864,False,False,False,False
2025-03-13 17:00:00+00:00,21.51,21.935,21.51,21.935,36.0,,,,,,,,,,22.268362179487184,,,,,,,,,,,,,,,"rgba(239, 83, 80, 1.0)",0.0,0.0,1.1073493105138272,22.601240321673387,-0.60165325913667,0.0,0.0,0.0,0.0,0.0,0.0,0.0,0.0,48.018014759870454,3.480857874631461,True,False,False,True,False,0.0,0,0.845876520955385,1.1173952230734567,False,False,False,False,-0.30439291305500604,-0.30798242659862013,False,False,False,False,-1674.0,-93.55600398703201,False,False,False,False,40.25783681291378,False,False,False,False
2025-03-13 18:00:00+00:00,21.935,21.935,21.935,21.935,0.0,,,,,,,,,,22.268362179487184,,,,,,,,,,,,,,,"rgba(239, 83, 80, 1.0)",0.0,0.0,1.1015759881449894,22.601240321673387,-0.6048065034490367,0.0,0.0,0.0,0.0,0.0,0.0,0.0,0.0,49.19216838947381,3.480857874631461,True,False,False,False,False,0.0,0,0.8722919042189278,1.1188141391106046,False,False,False,False,-0.266811164612522,-0.2873967956055711,False,False,False,False,-1674.0,-118.05901167715554,False,False,False,False,39.63368430418643,False,False,False,False
2025-03-13 19:00:00+00:00,21.935,21.935,21.935,21.935,0.0,,,,,,,,,,22.268362179487184,,,,,,,,,,,,,,,"rgba(239, 83, 80, 1.0)",0.0,0.0,1.0950640361381585,22.601240321673387,-0.6084030702194776,0.0,0.0,0.0,0.0,0.0,0.0,0.0,0.0,49.97493747587605,3.480857874631461,True,False,False,False,True,0.0,0,0.8722919042189278,1.1067274800456104,False,False,False,False,-0.266811164612522,-0.2771039801090466,False,False,False,False,-1674.0,-142.18212777518414,False,False,False,False,39.01920857854013,False,False,False,False
2025-03-14 14:00:00+00:00,21.935,21.935,21.85,21.91,2.0,,,,,,,,,,22.26800672430356,,,,,,,,,,,,,,,"rgba(239, 83, 80, 1.0)",0.0,0.0,1.0880341061824148,22.601818942542405,-0.6358430665099183,0.0,0.0,0.0,0.0,0.0,0.0,0.0,0.0,50.22224786517034,3.480857874631461,True,False,False,False,True,0.0,0,0.8689232167196727,1.1063153112221722,False,False,False,False,-0.27426572512529424,-0.2756848526171704,False,False,False,False,-1676.0,-165.9622498251813,False,False,False,False,38.44526736026819,False,False,False,False
2025-03-14 15:00:00+00:00,21.91,22.01,21.91,22.0,110.0,,,,,,,,,,22.253219282238447,,,,,,,,,,,,,,,"rgba(239, 83, 80, 1.0)",0.0,0.0,1.081238620728516,22.613754245744843,-0.5676399584499752,0.0,0.0,0.0,0.0,0.0,0.0,0.0,0.0,51.38566954073173,3.480857874631461,True,False,False,False,True,0.0,0,0.8722297602894614,1.1024423337856175,False,False,False,False,-0.2624396727082715,-0.26906226266272093,False,False,False,False,-1566.0,-187.6682614557986,False,False,False,False,39.554643060108994,False,False,False,False
2025-03-14 16:00:00+00:00,22.0,22.31,21.86,22.31,28.0,,,,,,,,,,22.25204354354355,,,,,,,,,,,,,,,"rgba(239, 83, 80, 1.0)",0.0,0.0,1.0636330651579262,22.551594249747648,-0.22714059731847266,0.0,0.0,0.0,0.0,0.0,0.0,0.0,0.0,55.102652127633945,-0.7544648004391306,True,False,True,False,True,0.0,0,0.8686314827507422,1.1206305688827967,False,False,False,False,-0.24072504950559112,-0.25489365608415604,False,False,False,False,-1538.0,-208.60363724718158,False,False,False,False,39.375501307239084,False,False,False,False
2025-03-14 17:00:00+00:00,22.31,22.31,22.31,22.31,0.0,,,,,,,,,,22.25204354354355,,,,,,,,,,,,,,,"rgba(239, 83, 80, 1.0)",0.0,0.0,1.045020875691284,22.551594249747648,-0.23118605127178354,0.0,0.0,0.0,0.0,0.0,0.0,0.0,0.0,57.58064051890209,1.7978297239207492,True,False,True,False,True,0.0,0,0.8583504683573221,1.1206305688827967,False,False,False,False,-0.20217895158218577,-0.22853630383317092,False,False,False,False,-1538.0,-229.2144335689307,False,False,False,False,38.76502841875475,False,False,False,False
2025-03-14 18:00:00+00:00,22.31,22.31,22.31,22.31,0.0,,,,,,,,,,22.25204354354355,,,,,,,,,,,,,,,"rgba(239, 83, 80, 1.0)",0.0,0.0,1.0253472362838363,22.551594249747648,-0.23562188612636126,0.0,0.0,0.0,0.0,0.0,0.0,0.0,0.0,59.23263277974752,3.563491115659602,True,False,True,False,True,0.0,0,0.8583504683573221,1.1206305688827967,False,False,False,False,-0.20217895158218577,-0.21535762770767836,False,False,False,False,-1538.0,-249.50568266088527,False,False,False,False,38.16402022621592,False,False,False,False
2025-03-14 19:00:00+00:00,22.31,22.31,21.84,21.99,131.0,,,,,,,,,,22.240599744789456,,,,,,,,,,,,,,,"rgba(239, 83, 80, 1.0)",0.0,0.0,1.0062266594013674,22.468701575726307,-0.4757393090847956,0.0,0.0,0.0,0.0,0.0,0.0,0.0,0.0,55.77158015393881,3.563491115659602,True,False,True,False,False,0.0,0,0.857958437999543,1.120575473852478,False,False,False,False,-0.24245379268385608,-0.22890571019576722,False,False,False,False,-1669.0,-271.5133464956002,False,False,False,False,39.60333774208854,False,False,False,False
2025-03-17 14:00:00+00:00,21.99,21.99,21.99,21.99,0.0,,,,,,,,,,22.240599744789456,,,,,,,,,,,,,,,"rgba(239, 83, 80, 1.0)",0.0,0.0,0.9857267040793202,22.468701575726307,-0.485633161550007,0.0,0.0,0.0,0.0,0.0,0.0,0.0,0.0,53.464211736733,9.211870739570877,True,False,True,False,False,0.0,0,0.8625493382865099,1.1328070582772234,False,False,False,False,-0.2572067803712908,-0.243056245283529,False,False,False,False,-1669.0,-293.17980623985443,False,False,False,False,38.98933250577709,False,False,False,False
2025-03-17 15:00:00+00:00,21.99,21.99,21.99,21.99,0.0,,,,,,,,,,22.240599744789456,,,,,,,,,,,,,,,"rgba(239, 83, 80, 1.0)",0.0,0.0,0.9637593527899138,22.468701575726307,-0.49670239187879384,0.0,0.0,0.0,0.0,0.0,0.0,0.0,0.0,51.92596612526246,7.6179759604967,True,False,False,False,False,0.0,0,0.8466186381594233,1.1329305135951664,False,False,False,False,-0.2572067803712908,-0.2501315128274099,False,False,False,False,-1669.0,-314.51035187954665,False,False,False,False,38.38484673049373,False,False,False,False
2025-03-17 16:00:00+00:00,21.99,21.99,21.99,21.99,0.0,,,,,,,,,,22.240599744789456,,,,,,,,,,,,,,,"rgba(239, 83, 80, 1.0)",0.0,0.0,0.9141719533874918,22.468701575726307,-0.5236450034946547,0.0,0.0,0.0,0.0,0.0,0.0,0.0,0.0,50.90046905094877,6.431732732938677,True,False,False,False,False,0.0,0,0.843897824030274,1.1362346263008518,False,False,False,False,-0.2572067803712908,-0.25366914659935036,False,False,False,False,-1669.0,-335.5101913852901,False,False,False,False,37.789732827695374,False,False,False,False
2025-03-17 17:00:00+00:00,21.99,21.99,21.99,21.99,0.0,,,,,,,,,,22.240599744789456,,,,,,,,,,,,,,,"rgba(239, 83, 80, 1.0)",0.0,0.0,0.864702198384989,22.468701575726307,-0.5536028202777593,0.0,0.0,0.0,0.0,0.0,0.0,0.0,0.0,50.21680433473964,5.492306402994487,True,False,False,False,False,0.0,0,0.8414604852269993,1.1539754984386263,False,False,False,False,-0.2572067803712908,-0.25543796348532055,False,False,False,False,-1669.0,-356.18445198396773,False,False,False,False,37.20384549703343,False,False,False,False
2025-03-17 18:00:00+00:00,21.99,21.99,21.99,21.99,0.0,,,,,,,,,,22.240599744789456,,,,,,,,,,,,,,,"rgba(239, 83, 80, 1.0)",0.0,0.0,0.7980718994907016,22.468701575726307,-0.5998226175258109,0.0,0.0,0.0,0.0,0.0,0.0,0.0,0.0,49.76102785726689,4.70740005774838,True,False,False,False,False,0.0,0,0.8278290432248662,1.16270033997086,False,False,False,False,-0.2572067803712908,-0.25632237192830565,False,False,False,False,-1669.0,-376.53818141057286,False,False,False,False,36.62704169087787,False,False,False,False
2025-03-17 19:00:00+00:00,21.99,22.5,21.99,22.5,13.0,,,,,,,,,,22.241091370558383,,,,,,,,,,,,,,,"rgba(38, 166, 154, 1.0)",0.0,0.0,0.7258755632567278,22.419001611201768,0.11158715473878604,0.0,0.0,0.0,0.0,0.0,0.0,0.0,0.0,56.5198642936565,1.3061064529302513,True,False,True,False,True,0.0,0,0.8268129770992364,1.135496183206107,False,False,False,False,-0.2127820014072217,-0.23455218666776367,False,False,False,False,-1656.0,-396.3747987530446,False,False,False,False,36.260730966988284,False,False,False,False
2025-03-18 14:00:00+00:00,22.5,22.5,22.15,22.17,22.0,,,,,,,,,,22.241388656049185,,,,,,,,,,,,,,,"rgba(38, 166, 154, 1.0)",0.0,0.0,0.6432224476159507,22.365036553386194,-0.303217890030235,0.0,0.0,0.0,0.0,0.0,0.0,0.0,0.0,55.61707560153441,1.3061064529302513,True,False,True,False,True,0.0,0,0.8371656499296103,1.1267010793054906,False,False,False,False,-0.19911646569683375,-0.2168343261822987,False,False,False,False,-1678.0,-416.24495691191214,False,False,False,False,36.03963436284893,False,False,False,False
2025-03-18 15:00:00+00:00,22.17,22.17,22.17,22.17,0.0,,,,,,,,,,22.241388656049185,,,,,,,,,,,,,,,"rgba(38, 166, 154, 1.0)",0.0,0.0,0.5452414788607031,22.365036553386194,-0.35770674269633,0.0,0.0,0.0,0.0,0.0,0.0,0.0,0.0,55.015216473453016,1.3061064529302513,True,False,True,False,True,0.0,0,0.8376852505292871,1.145142319454246,False,False,False,False,-0.22566485176894557,-0.22124958897562214,False,False,False,False,-1678.0,-435.8070506032003,False,False,False,False,35.480880341719484,False,False,False,False
2025-03-18 16:00:00+00:00,22.17,22.17,22.17,22.17,0.0,,,,,,,,,,22.241388656049185,,,,,,,,,,,,,,,"rgba(38, 166, 154, 1.0)",0.0,0.0,0.5296616462038717,22.365036553386194,-0.36822857532546466,0.0,0.0,0.0,0.0,0.0,0.0,0.0,0.0,54.61397705473209,1.3061064529302513,True,False,True,False,True,0.0,0,0.8350976240884497,1.145142319454246,False,False,False,False,-0.22566485176894557,-0.22345722037228385,False,False,False,False,-1678.0,-455.06585602020493,False,False,False,False,34.93078917363081,False,False,False,False
2025-03-18 17:00:00+00:00,22.17,22.17,21.66,21.66,1.0,,,,,,,,,,22.241216310571158,,,,,,,,,,,,,,,"rgba(239, 83, 80, 1.0)",0.0,0.0,0.5117708348346188,22.2780037137804,-1.2075790016054955,0.0,0.0,0.0,0.0,0.0,0.0,0.0,0.0,48.28984999254203,3.481376169686868,False,False,False,True,False,0.0,0,0.8155295198713529,1.1417413278198942,False,False,False,False,-0.27005118032488773,-0.2467542003485858,False,False,False,False,-1679.0,-474.04157918268237,False,False,False,False,34.404730426752806,False,False,False,False
2025-03-18 18:00:00+00:00,21.66,21.66,21.66,21.66,0.0,,,,,,,,,,22.241216310571158,,,,,,,,,,,,,,,"rgba(239, 83, 80, 1.0)",0.0,0.0,0.49271849317175864,22.2780037137804,-1.2542734286309154,0.0,0.0,0.0,0.0,0.0,0.0,0.0,0.0,44.073765284415316,-0.34022002796955064,False,True,False,True,False,0.0,0,0.8155295198713529,1.1651734436021135,False,False,False,False,-0.3155020895894556,-0.2811281449690207,False,False,False,False,-1679.0,-492.7231050868268,False,False,False,False,33.87132375346982,False,False,False,False
2025-03-18 19:00:00+00:00,21.66,21.9,21.66,21.73,15.0,,,,,,,,,,22.238232028864843,,,,,,,,,,,,,,,"rgba(239, 83, 80, 1.0)",0.0,0.0,0.4716797470569606,22.070527510567338,-0.7219464322817639,0.0,0.0,0.0,0.0,0.0,0.0,0.0,0.0,42.45165296480742,-1.7710890564202728,False,True,False,True,False,0.0,0,0.8175414678482161,1.1524653487843675,False,False,False,False,-0.29396667403030613,-0.2875474094996634,False,False,False,False,-1664.0,-510.882436790907,False,False,False,False,33.57874509062532,False,False,False,False
2025-03-19 14:00:00+00:00,21.73,21.73,21.73,21.73,0.0,,,,,,,,,,22.238232028864843,,,,,,,,,,,,,,,"rgba(239, 83, 80, 1.0)",0.0,0.0,0.44846377418548633,22.070527510567338,-0.7593199945431803,0.0,0.0,0.0,0.0,0.0,0.0,0.0,0.0,41.3702447517355,-2.8530510609953126,False,True,False,True,False,0.0,0,0.8207225630538513,1.160190865712338,False,False,False,False,-0.3029065261076563,-0.29522696780365987,False,False,False,False,-1664.0,-528.7602284685673,False,False,False,False,33.05814439154585,False,False,False,False
2025-03-19 15:00:00+00:00,21.73,21.73,21.73,21.73,0.0,,,,,,,,,,22.238232028864843,,,,,,,,,,,,,,,"rgba(239, 83, 80, 1.0)",0.0,0.0,0.422711997029143,22.070527510567338,-0.8055780601463757,0.0,0.0,0.0,0.0,0.0,0.0,0.0,0.0,40.64930594302088,-3.733318582891229,False,True,False,True,False,0.0,0,0.8207225630538513,1.160190865712338,False,False,False,False,-0.3017743515714685,-0.2985006596875642,False,False,False,False,-1664.0,-546.3608450814578,False,False,False,False,32.54561502113429,False,False,False,False
2025-03-19 16:00:00+00:00,21.73,21.73,21.73,21.73,0.0,,,,,,,,,,22.238232028864843,,,,,,,,,,,,,,,"rgba(239, 83, 80, 1.0)",0.0,0.0,0.3939274182013029,22.070527510567338,-0.8644422673654131,0.0,0.0,0.0,0.0,0.0,0.0,0.0,0.0,40.16868007054447,-4.4925472635195405,False,True,False,True,False,0.0,0,0.8419580419580418,1.1643356643356644,False,False,False,False,-0.3017743515714685,-0.30013750562951635,False,False,False,False,-1664.0,-563.6885839174042,False,False,False,False,32.04103184251205,False,False,False,False
2025-03-19 17:00:00+00:00,21.73,22.69,21.73,22.69,3.0,,,,,,,,,,22.238396396396404,,,,,,,,,,,,,,,"rgba(38, 166, 154, 1.0)",0.0,0.0,0.35882817288723395,22.092893166014584,1.664046691710201,0.0,0.0,0.0,0.0,0.0,0.0,0.0,0.0,50.972646618410245,-5.054665998457665,True,False,True,False,True,0.950013356312823,0,0.8487282463186077,1.0896921017402945,False,False,False,False,-0.21533537109940465,-0.2577364383644605,False,False,False,False,-1661.0,-580.701164011708,False,True,False,False,31.590783286814187,False,True,False,False
2025-03-19 18:00:00+00:00,22.69,22.71,22.53,22.53,17.0,,,,,,,,,,22.240864299477025,,,,,,,,,,,,,,,"rgba(38, 166, 154, 1.0)",0.0,0.0,0.34286973861452175,22.188138630569526,0.9970590312574067,0.0,0.0,0.0,0.0,0.0,0.0,0.0,0.0,55.917422492053845,-0.8039407761001414,True,False,True,False,True,0.0,0,0.8853474988933155,1.088092076139885,False,False,False,False,-0.14397971115188393,-0.2008580747581722,False,False,False,False,-1678.0,-597.7135490657901,False,False,False,False,31.364569592444973,False,False,False,False
2025-03-19 19:00:00+00:00,22.53,22.72,22.46,22.56,34.0,,,,,,,,,,22.245559174809998,,,,,,,,,,,,,,,"rgba(38, 166, 154, 1.0)",0.0,0.0,0.33335655774939726,22.23052825548281,0.9883463722494741,0.0,0.0,0.0,0.0,0.0,1.0,22.72,430.0,59.43398051481609,2.1856235582889525,True,False,True,False,True,0.0,0,0.8835886214442011,1.0866520787746172,False,True,False,False,-0.14914331167289338,-0.1750006932155328,False,False,False,False,-1644.0,-613.9350444291111,False,False,False,False,31.405428978608615,False,False,False,False
2025-03-20 14:00:00+00:00,22.56,22.56,22.41,22.41,82.0,,,,,,,,,,22.252487522983984,,,,,,,,,,,,,,,"rgba(38, 166, 154, 1.0)",0.0,0.0,0.3207388991709205,22.268870427160863,0.44001389667403545,0.0,0.0,0.0,0.0,0.0,0.0,0.0,0.0,59.6080414367934,2.2949367057708017,True,False,True,False,True,0.0,0,0.882173913043478,1.0930434782608698,False,False,False,False,-0.16728012552917806,-0.17114040937235542,False,False,False,False,-1726.0,-631.1763615697452,False,False,False,False,32.18984093242864,False,False,False,False
2025-03-20 15:00:00+00:00,22.25,22.35,22.25,22.35,20.0,,,,,,,,,,22.252989314568683,,,,,,,,,,22.316666666666666,,,,,"rgba(38, 166, 154, 1.0)",0.0,0.0,0.30655669786997203,22.26666036338866,0.271857170925983,0.0,0.0,0.0,0.0,0.0,0.0,0.0,0.0,58.88030533385813,2.2949367057708017,True,False,True,False,True,0.0,0,0.8786701208980999,1.0988773747841107,False,False,False,False,-0.199510575921998,-0.1853254926471767,False,False,False,False,-1746.0,-648.4604489872685,False,False,False,False,32.000851150530515,False,False,False,False
2025-03-20 16:00:00+00:00,22.35,22.35,22.17,22.17,15.0,,,,,,,,,,22.252855292136296,,,,,,,,,,22.27952380952381,,,,,"rgba(38, 166, 154, 1.0)",0.0,0.0,0.3013088266362955,22.26169171773158,-0.30431142278569084,0.0,0.0,0.0,0.0,0.0,0.0,0.0,0.0,56.00780794079249,2.2949367057708017,True,False,True,False,False,0.0,0,0.8745636998254798,1.117582897033159,False,False,False,False,-0.2065311943498752,-0.19592834349852595,False,False,False,False,-1761.0,-665.7091241967682,False,False,False,False,31.737272062925392,False,False,False,False
2025-03-20 17:00:00+00:00,22.15,22.255,22.15,22.255,3.0,,,,,,,,,,22.252817028985515,,,,,,,,,,22.274824561403506,,,,,"rgba(38, 166, 154, 1.0)",0.0,0.0,0.2965954262067757,22.26071622343564,-0.019272796983915756,0.0,0.0,0.0,0.0,0.0,0.0,0.0,0.0,55.123035931850026,2.2949367057708017,True,False,True,False,False,0.0,0,0.8729641693811071,1.1042345276872967,False,False,False,False,-0.21665880579215266,-0.20629357464533932,False,False,False,False,-1758.0,-682.6438664572834,False,False,False,False,31.29173296117461,False,False,False,False
2025-03-20 18:00:00+00:00,22.255,22.255,22.06,22.06,4.0,,,,,,,,,,22.252618863049104,,,,,,,,,,22.260555555555555,,,,,"rgba(38, 166, 154, 1.0)",0.0,0.0,0.2905532157301019,22.258350633436592,-0.682665421334877,0.0,0.0,0.0,0.0,0.0,0.0,0.0,0.0,52.07517869558664,8.698759853068552,False,False,False,False,False,0.0,0,0.8701550387596896,1.1033591731266152,False,False,False,False,-0.22461530136244373,-0.21545443800389152,False,False,False,False,-1762.0,-699.3780700781007,False,False,False,False,30.8686053183657,False,False,False,False
2025-03-20 19:00:00+00:00,22.06,22.2,22.06,22.08,12.0,,,,,,,,,,22.251974022633753,,,,,,,,,,22.227839506172838,,,,,"rgba(38, 166, 154, 1.0)",0.0,0.0,0.289545185444943,22.25139401549515,-0.5919422049162117,0.0,0.0,0.0,0.0,0.0,0.0,0.0,0.0,50.3259285851902,6.773297319239589,False,True,False,False,False,0.0,0,0.8709332191780819,1.1050941780821921,False,False,False,False,-0.22949134800588641,-0.22247289300488898,False,False,False,False,-1750.0,-715.6667821699131,False,False,False,False,30.57606880180189,False,False,False,False
2025-03-21 14:00:00+00:00,22.08,22.08,21.66,21.66,17.0,,,,,,,,,,22.249029002171977,,,,,,,,,,22.125399061032862,,,,,"rgba(239, 83, 80, 1.0)",0.0,0.0,0.29089179437716706,22.202620022800275,-1.8653672371958345,0.0,0.0,0.0,0.0,0.0,0.0,0.0,0.0,44.93714513256625,1.5527215115192448,False,True,False,True,False,0.0,0,0.8563919259882251,1.1082842724978976,False,False,False,False,-0.27616184819480266,-0.24931737059984582,False,False,False,False,-1767.0,-731.9665219812323,False,False,False,False,30.365587114952245,False,False,False,False
2025-03-21 15:00:00+00:00,21.66,21.66,21.66,21.66,0.0,,,,,,,,,,22.249029002171977,,,,,,,,,,22.125399061032862,,,,,"rgba(239, 83, 80, 1.0)",0.0,0.0,0.2939028766460662,22.202620022800275,-1.8462562496580373,0.0,0.0,0.0,0.0,0.0,0.0,0.0,0.0,41.344622830816945,-1.8375187224749467,False,True,False,True,False,0.0,0,0.8563919259882251,1.1259461732548361,False,False,False,False,-0.31472422828305835,-0.2820207994414521,False,False,False,False,-1767.0,-748.01355264819,False,False,False,False,29.894802818596396,False,False,False,False
2025-03-21 16:00:00+00:00,21.66,21.66,21.66,21.66,0.0,,,,,,,,,,22.249029002171977,,,,,,,,,,22.125399061032862,,,,,"rgba(239, 83, 80, 1.0)",0.0,0.0,0.2958012176450463,22.202620022800275,-1.8344076712064272,0.0,0.0,0.0,0.0,0.0,0.0,0.0,0.0,38.949607962984075,-4.136285918029579,False,True,False,True,False,0.0,0,0.8563919259882251,1.1259461732548361,False,False,False,False,-0.31472422828305835,-0.2983725138622552,False,False,False,False,-1767.0,-763.8117921420164,False,False,False,False,29.431317503579397,False,False,False,False
2025-03-21 17:00:00+00:00,21.66,21.66,21.66,21.66,0.0,,,,,,,,,,22.249029002171977,,,,,,,,,,22.125399061032862,,,,,"rgba(239, 83, 80, 1.0)",0.0,0.0,0.2974907372317166,22.202620022800275,-1.8239896403148386,0.0,0.0,0.0,0.0,0.0,0.0,0.0,0.0,37.35293138442883,-5.78826057323068,False,True,False,True,False,0.0,0,0.8563919259882251,1.1259461732548361,False,False,False,False,-0.31472422828305835,-0.30654837107265676,False,False,False,False,-1767.0,-779.3650976902022,False,False,False,False,28.97501800739987,False,False,False,False
2025-03-21 18:00:00+00:00,21.66,21.66,21.66,21.66,0.0,,,,,,,,,,22.249029002171977,,,,,,,,,,22.125399061032862,,,,,"rgba(239, 83, 80, 1.0)",0.0,0.0,0.2989749756015833,22.202620022800275,-1.8149345834327455,0.0,0.0,0.0,0.0,0.0,0.0,0.0,0.0,36.28848033205867,-7.056009611110795,False,True,False,True,False,0.0,0,0.8563919259882251,1.1259461732548361,False,False,False,False,-0.31472422828305835,-0.31063629967785755,False,False,False,False,-1767.0,-794.6772667182611,False,False,False,False,28.525792922013824,False,False,False,False
2025-03-21 19:00:00+00:00,21.66,22.355,21.66,22.355,17.0,,,,,,,,,,22.248215283066777,,,,,,,,,,22.124999999999996,,,,,"rgba(38, 166, 154, 1.0)",0.0,0.0,0.3006258486904149,22.202395705274583,0.5076220005371853,0.0,0.0,0.0,0.0,0.0,0.0,0.0,0.0,45.37805698704032,-11.790079622288793,False,True,False,True,True,0.0,0,0.86046986721144,1.0939734422880492,False,False,False,False,-0.2513463067559331,-0.28099130321689536,False,False,False,False,-1750.0,-809.4884718854198,False,False,False,False,28.347098458106633,False,False,False,False
2025-03-24 14:00:00+00:00,22.645,22.645,22.645,22.645,0.0,,,,,,,,,,22.248215283066777,,,,,,,,,,22.124999999999996,,,,,"rgba(38, 166, 154, 1.0)",0.0,0.0,0.30862311194263575,22.202395705274583,1.434125564801136,0.0,0.0,0.0,0.0,0.0,0.0,0.0,0.0,53.54269212488286,-4.48326352745643,True,False,True,False,True,1.7830212184604441,0,0.890167575206945,1.0928730062588332,False,False,False,False,-0.1396825393222227,-0.21033692126955902,False,False,False,False,-1750.0,-824.0700459647156,False,False,False,False,27.907608559531337,False,False,False,False
2025-03-24 15:00:00+00:00,22.645,22.645,22.645,22.645,0.0,,,,,,,,,,22.248215283066777,,,,,,,,,,22.124999999999996,,,,,"rgba(38, 166, 154, 1.0)",0.0,0.0,0.31632022775411955,22.202395705274583,1.3992285535070481,0.0,0.0,0.0,0.0,0.0,0.0,0.0,0.0,58.98578221677789,0.18755159381615272,True,False,True,False,True,1.7830212184604441,0,0.8941391198539848,1.0932873656459139,False,False,False,False,-0.1396825393222227,-0.17500973029589084,False,False,False,False,-1750.0,-838.4255491280534,False,False,False,False,27.474932457833177,False,False,False,False
2025-03-24 16:00:00+00:00,22.645,22.645,22.02,22.02,10.0,,,,,,,,,22.22833333333333,22.248139858371278,,,,,,,,,,22.135544217687073,,,,,"rgba(239, 83, 80, 1.0)",0.0,0.0,0.3161522611846763,22.227344323678523,-0.6558369151040344,0.0,0.0,0.0,0.0,0.0,0.0,0.0,0.0,55.139418741818155,0.18755159381615272,True,False,True,False,False,0.0,0,0.8818591318591317,1.1105651105651106,False,False,False,False,-0.19382061208833976,-0.1844151711921153,False,False,False,False,-1760.0,-852.7135251105642,False,False,False,False,27.204003272440413,False,False,False,False
2025-03-24 17:00:00+00:00,22.02,22.02,21.99,21.99,25.0,,,,,,,,,22.065238095238094,22.245808593260687,,,,,,,,,,22.1079945799458,,,,,"rgba(239, 83, 80, 1.0)",0.0,0.0,0.31598577342807777,22.16036635511069,-0.539158308497291,0.0,0.0,0.0,0.0,0.0,0.0,0.0,0.0,52.30574339734409,0.18755159381615272,True,False,True,False,False,0.0,0,0.8469618949536557,1.141709577754892,False,False,False,False,-0.24976712198646878,-0.21709114658929204,False,False,False,False,-1785.0,-867.167578984819,False,False,False,False,27.169832679069245,False,False,False,False
2025-03-24 18:00:00+00:00,21.99,21.99,21.93,21.95,27.0,,,,,,,,,22.01795698924731,22.242904265873022,,,,,,,,,,22.080755555555555,,,,,"rgba(239, 83, 80, 1.0)",0.0,0.0,0.3158758451504024,22.124916131620303,-0.5537496276013708,0.0,0.0,0.0,0.0,0.0,0.0,0.0,0.0,50.02926073830542,9.605280856748522,False,False,False,False,False,0.0,0,0.8448736387918633,1.1354016848161088,False,False,False,False,-0.2563788710380718,-0.23673500881368192,False,False,False,False,-1812.0,-881.816143651721,False,False,False,False,27.167199614277475,False,False,False,False
2025-03-24 19:00:00+00:00,21.95,22.19,21.95,22.115,20.0,,,,,,,,,22.03430894308943,22.24173806006894,,,,,,,,,,22.081254901960783,,,,,"rgba(239, 83, 80, 1.0)",0.0,0.0,0.31196453944928615,22.12743108312198,-0.03984774405426433,0.0,0.0,0.0,0.0,0.0,0.0,0.0,0.0,50.39533626935747,9.605280856748522,False,False,False,False,False,0.0,0,0.8524053224155576,1.1267144319344935,False,False,False,False,-0.23373045080675595,-0.23523272981021892,False,False,False,False,-1792.0,-895.9275212695237,False,False,False,False,27.056080240412708,False,False,False,False
2025-03-25 14:00:00+00:00,22.64,22.64,22.64,22.64,0.0,,,,,,,,,22.03430894308943,22.24173806006894,,,,,,,,,,22.081254901960783,,,,,"rgba(38, 166, 154, 1.0)",0.0,0.0,0.31761005044562995,22.12743108312198,1.6138309104477302,0.0,0.0,0.0,0.0,0.0,0.0,0.0,0.0,55.047839402221705,9.605280856748522,True,False,True,False,True,1.8935444011535978,0,0.8621242484969937,1.1150300601202405,False,False,False,False,-0.12803197999614685,-0.18163235490318289,False,False,False,False,-1792.0,-909.8201178389885,False,False,False,False,26.636606128158245,False,False,False,False
2025-03-25 15:00:00+00:00,22.64,22.64,22.64,22.64,0.0,,,,,,,,,22.03430894308943,22.24173806006894,,,,,,,,,,22.081254901960783,,,,,"rgba(38, 166, 154, 1.0)",0.0,0.0,0.32593335139178575,22.12743108312198,1.5726188028603765,0.0,0.0,0.0,0.0,0.0,0.0,0.0,0.0,58.14950815746453,9.605280856748522,True,False,True,False,True,1.8935444011535978,0,0.8704977741804935,1.1161473087818696,False,False,False,False,-0.12803197999614685,-0.15483216744966488,False,False,False,False,-1792.0,-923.497325314353,False,False,False,False,26.22363549051238,False,False,False,False
2025-03-25 16:00:00+00:00,22.64,22.64,22.64,22.64,0.0,,,,,,,,,22.03430894308943,22.24173806006894,,,,,,,,,,22.081254901960783,,,,,"rgba(38, 166, 154, 1.0)",0.0,0.0,0.33383959302905614,22.12743108312198,1.5353748554126965,0.0,0.0,0.0,0.0,0.0,0.0,0.0,0.0,60.217287327626416,1.4815737271344531,True,False,True,False,True,1.8935444011535978,0,0.8704977741804935,1.1064346418454067,False,False,False,False,-0.12803197999614685,-0.14143207372290587,False,False,False,False,-1792.0,-936.9624830614173,False,False,False,False,25.81706749841141,False,False,False,False
2025-03-25 17:00:00+00:00,22.64,22.64,22.64,22.64,0.0,,,,,,,,,22.03430894308943,22.24173806006894,,,,,,,,,,22.081254901960783,,,,,"rgba(38, 166, 154, 1.0)",0.0,0.0,0.3413665304449754,22.12743108312198,1.5015207150211263,0.0,0.0,0.0,0.0,0.0,0.0,0.0,0.0,61.595806774401005,3.2238366068562954,True,False,True,False,True,1.8935444011535978,0,0.8890266584004958,1.1087001446579872,False,False,False,False,-0.12803197999614685,-0.13473202685952634,False,False,False,False,-1792.0,-950.2188786728682,False,False,False,False,25.41680288603294,False,False,False,False
2025-03-25 18:00:00+00:00,22.64,22.64,22.05,22.05,1.0,,,,,,,,22.246666666666666,22.036867469879518,22.241739879414304,,,,,,,,,,22.08222222222222,,,,,"rgba(239, 83, 80, 1.0)",0.0,0.0,0.34137370872541023,22.128658048792413,-0.23041624701005495,0.0,0.0,0.0,0.0,0.0,0.0,0.0,0.0,55.48825721840885,3.2238366068562954,True,False,True,False,False,0.0,0,0.867863627193867,1.0853338712931209,False,False,False,False,-0.1822354587739276,-0.15848374281672697,False,False,False,False,-1793.0,-963.2852526469322,False,False,False,False,25.038247802528552,False,False,False,False
2025-03-25 19:00:00+00:00,22.05,22.055,21.91,22.04,55.0,,,,,,,,22.006041666666665,22.02283816425121,22.236962735166433,,,,,,,,,,22.06261799410029,,,,,"rgba(239, 83, 80, 1.0)",0.0,0.0,0.34109200629256753,22.105701426646643,-0.19262083377670663,0.0,0.0,0.0,0.0,0.0,0.0,0.0,0.0,51.32702307362236,9.849166411841821,False,False,False,False,False,0.0,0,0.8630164460489368,1.108303249097473,False,False,False,False,-0.2503611880389002,-0.20442246542781356,False,False,False,False,-1848.0,-977.0017603578325,False,False,False,False,25.50277109241183,False,False,False,False
2025-03-26 14:00:00+00:00,22.04,22.04,21.5,21.5,1.0,,,,,,,,22.000321637426897,22.02037170263789,22.23676130198916,,,,,,,,,,22.060932452276063,,,,,"rgba(239, 83, 80, 1.0)",0.0,0.0,0.3463806815867601,22.07292395793864,-1.6540297666546908,0.0,0.0,0.0,0.0,0.0,0.0,0.0,0.0,44.62757853663298,3.5473199990952935,False,True,False,True,False,0.0,0,0.84982332155477,1.1065959952885749,False,False,False,False,-0.2913420492746689,-0.24788225735124123,False,False,False,False,-1849.0,-990.5211129104242,False,False,False,False,25.12288316849847,False,False,False,False
2025-03-26 15:00:00+00:00,21.5,21.5,21.5,21.5,0.0,,,,,,,,22.000321637426897,22.02037170263789,22.23676130198916,,,,,,,,,,22.060932452276063,,,,,"rgba(239, 83, 80, 1.0)",0.0,0.0,0.35101044618823657,22.07292395793864,-1.6322134117666667,0.0,0.0,0.0,0.0,0.0,0.0,0.0,0.0,40.161282178640064,-0.5746735820814024,False,True,False,True,False,0.0,0,0.84982332155477,1.1277974087161367,False,False,False,False,-0.34282825441539394,-0.29535525588331757,False,False,False,False,-1849.0,-1003.8308630978595,False,False,False,False,24.733381103870585,False,False,False,False
2025-03-26 16:00:00+00:00,21.5,21.79,21.5,21.69,21.0,,,,,,,,21.90869658119658,21.973072916666666,22.23241385498924,,,,,,,,,,22.026982526881717,,,,,"rgba(239, 83, 80, 1.0)",0.0,0.0,0.35083523249567117,21.9702060893593,-0.7986828670713895,0.0,0.0,0.0,0.0,0.0,0.0,0.0,0.0,39.675246116020986,-1.1623140308473339,False,True,False,True,False,0.0,0,0.8515139751552793,1.1151009316770186,False,False,False,False,-0.31399270691680525,-0.3046739814000614,False,False,False,False,-1828.0,-1016.6086791738617,False,False,False,False,24.675499226291194,False,False,False,False
2025-03-26 17:00:00+00:00,21.69,21.69,21.64,21.64,15.0,,,,,,,,21.86804659498208,21.94595238095238,22.229330596215643,,,,,,,,,,22.005861850443598,,,,,"rgba(239, 83, 80, 1.0)",0.0,0.0,0.3521375268808609,21.950518623597148,-0.8818106560457711,0.0,0.0,0.0,0.0,0.0,0.0,0.0,0.0,38.949047967252255,-2.2474167659984445,False,True,False,True,False,0.0,0,0.8715777033681305,1.120740594839472,False,False,False,False,-0.3100557406687159,-0.30736486103438865,False,False,False,False,-1843.0,-1029.4209477138018,False,False,False,False,24.525491486348695,False,False,False,False
2025-03-26 18:00:00+00:00,21.64,21.64,21.63,21.63,22.0,,,,,,,,21.82314492753623,21.911040609137054,22.22468591333098,,,,,,,,,,21.977105263157892,,,,,"rgba(239, 83, 80, 1.0)",0.0,0.0,0.35356864083755357,21.922972759349697,-0.8286163576489359,0.0,0.0,0.0,0.0,0.0,0.0,0.0,0.0,38.377858209332906,-3.343327894080552,False,True,False,True,False,0.0,0,0.8712344949793263,1.1059263634573735,False,False,False,False,-0.31596472343715454,-0.3116647922357716,False,False,False,False,-1865.0,-1042.375661702735,False,False,False,False,24.4863365795836,False,False,False,False
2025-03-26 19:00:00+00:00,21.63,21.76,21.63,21.71,49.0,,,,,,,,21.786351626016256,21.86900406504065,22.215734099350055,,,,,,,,,,21.93645209580838,,,,,"rgba(239, 83, 80, 1.0)",0.0,0.0,0.3539816888427524,21.892660032669873,-0.5160154844930824,0.0,0.0,0.0,0.0,0.0,0.0,0.0,0.0,39.23120896861609,-3.343327894080552,False,True,False,True,False,0.0,0,0.8718903036238977,1.1006856023506366,False,False,False,False,-0.3041676676001367,-0.30791622991795414,False,False,False,False,-1816.0,-1054.3698374902895,False,False,False,False,24.86639337679936,False,False,False,False
2025-03-27 14:00:00+00:00,21.71,21.71,21.71,21.71,0.0,,,,,,,,21.786351626016256,21.86900406504065,22.215734099350055,,,,,,,,,,21.93645209580838,,,,,"rgba(239, 83, 80, 1.0)",0.0,0.0,0.35555941204730673,21.892660032669873,-0.5137257698175339,0.0,0.0,0.0,0.0,0.0,0.0,0.0,0.0,39.80010947480488,-3.343327894080552,False,True,False,True,False,0.0,0,0.8788117253590397,1.103088727129648,False,False,False,False,-0.3012313102987849,-0.3045737701083695,False,False,False,False,-1816.0,-1066.1780570640833,False,False,False,False,24.48086789808929,False,False,False,False
2025-03-27 15:00:00+00:00,21.71,21.88,21.71,21.88,1.0,,,,,,,,21.786575757575754,21.868819163292848,22.215597517113363,,,,,,,,,,21.936114427860698,,,,,"rgba(239, 83, 80, 1.0)",0.0,0.0,0.355762953775699,21.89266193341831,-0.03559092728439118,0.0,0.0,0.0,0.0,0.0,0.0,0.0,0.0,42.8750826762096,-3.343327894080552,False,True,False,True,True,0.0,0,0.8772663877266386,1.112771468420004,False,False,False,False,-0.2846852029198368,-0.29462948651410314,False,False,False,False,-1815.0,-1077.7876995902216,False,False,False,False,24.116823434553023,False,False,False,False
2025-03-27 16:00:00+00:00,21.88,21.88,21.88,21.88,0.0,,,,,,,,21.786575757575754,21.868819163292848,22.215597517113363,,,,,,,,,,21.936114427860698,,,,,"rgba(239, 83, 80, 1.0)",0.0,0.0,0.35400157784542163,21.89266193341831,-0.03576801407320304,0.0,0.0,0.0,0.0,0.0,0.0,0.0,0.0,44.92506481047942,-3.343327894080552,False,True,False,True,True,0.0,0,0.8665072723650126,1.1107790396493327,False,False,False,False,-0.2682895287276383,-0.2814595076208707,False,False,False,False,-1815.0,-1089.2173476585901,False,False,False,False,23.742919195257628,False,False,False,False
2025-03-27 17:00:00+00:00,21.88,21.88,21.88,21.88,0.0,,,,,,,,21.786575757575754,21.868819163292848,22.215597517113363,,,,,,,,,,21.936114427860698,,,,,"rgba(239, 83, 80, 1.0)",0.0,0.0,0.3522088344476813,21.89266193341831,-0.035950073308544404,0.0,0.0,0.0,0.0,0.0,0.0,0.0,0.0,46.291719566659296,-3.343327894080552,False,True,False,True,True,0.0,0,0.8665072723650126,1.1107790396493327,False,False,False,False,-0.2682895287276383,-0.27487451817425446,False,False,False,False,-1815.0,-1100.4697918809375,False,False,False,False,23.37481192091255,False,False,False,False
2025-03-27 18:00:00+00:00,21.88,21.88,21.88,21.88,0.0,,,,,,,,21.786575757575754,21.868819163292848,22.215597517113363,,,,,,,,,,21.936114427860698,,,,,"rgba(239, 83, 80, 1.0)",0.0,0.0,0.3503842421072163,21.89266193341831,-0.03613727986784467,0.0,0.0,0.0,0.0,0.0,0.0,0.0,0.0,47.202822737445885,-8.528868607504833,False,True,False,True,True,0.0,0,0.8665072723650126,1.1107790396493327,False,False,False,False,-0.2682895287276383,-0.2715820234509464,False,False,False,False,-1815.0,-1111.5477796037135,False,False,False,False,23.012411736092197,False,False,False,False
2025-03-27 19:00:00+00:00,21.88,21.88,21.735,21.735,108.0,,,,,,,,21.785293040293038,21.84281220657277,22.199936822095502,,,,,,,,,,21.898867569601205,,,,,"rgba(239, 83, 80, 1.0)",0.0,0.0,0.34950011921781177,21.873103083162555,-0.39514459529121937,0.0,0.0,0.0,0.0,0.0,0.0,0.0,0.0,45.23489495054655,-8.528868607504833,False,True,False,True,True,0.0,0,0.8615293185419965,1.1101426307448494,False,False,False,False,-0.28226490298138335,-0.2769234632161649,False,False,False,False,-1923.0,-1124.128434183501,False,False,False,False,24.330048763439603,False,False,False,False
2025-03-28 14:00:00+00:00,21.95,21.95,21.795,21.795,3.0,,,,,,,,21.785960144927532,21.842844506517693,22.19958165773012,,,,,,,,,,21.898516442451424,,,,,"rgba(239, 83, 80, 1.0)",0.0,0.0,0.34478191305156797,21.861520009396145,-0.19293358171660796,0.0,0.0,0.0,0.0,0.0,0.0,0.0,0.0,45.26030735503816,-8.528868607504833,False,True,False,True,True,0.0,0,0.8626988803771358,1.1041052838342171,False,False,False,False,-0.2697304335499755,-0.2733269483830702,False,False,False,False,-1920.0,-1136.4675282271676,False,False,False,False,23.999350332998677,False,False,False,False
2025-03-28 15:00:00+00:00,21.795,21.795,21.795,21.795,0.0,,,,,,,,21.785960144927532,21.842844506517693,22.19958165773012,,,,,,,,,,21.898516442451424,,,,,"rgba(239, 83, 80, 1.0)",0.0,0.0,0.34504912824238854,21.861520009396145,-0.19278416883700816,0.0,0.0,0.0,0.0,0.0,0.0,0.0,0.0,45.277248958032565,-8.528868607504833,False,True,False,True,True,0.0,0,0.8583586626139814,1.145288753799392,False,False,False,False,-0.2846852029198368,-0.2790060756514535,False,False,False,False,-1920.0,-1148.6153184872114,False,False,False,False,23.627267382099472,False,False,False,False
2025-03-28 16:00:00+00:00,21.795,21.795,21.795,21.795,0.0,,,,,,,,21.785960144927532,21.842844506517693,22.19958165773012,,,,,,,,,,21.898516442451424,,,,,"rgba(239, 83, 80, 1.0)",0.0,0.0,0.3428258560369959,21.861520009396145,-0.19403440033695893,0.0,0.0,0.0,0.0,0.0,0.0,0.0,0.0,45.28854336002884,-8.528868607504833,False,True,False,True,True,0.0,0,0.8308508467659659,1.14792899408284,False,False,False,False,-0.2846852029198368,-0.28184563928564516,False,False,False,False,-1920.0,-1160.5747709137663,False,False,False,False,23.260953159121186,False,False,False,False
2025-03-28 17:00:00+00:00,21.795,21.795,21.795,21.795,0.0,,,,,,,,21.785960144927532,21.842844506517693,22.19958165773012,,,,,,,,,,21.898516442451424,,,,,"rgba(239, 83, 80, 1.0)",0.0,0.0,0.34056996476617324,21.861520009396145,-0.19531965903632775,0.0,0.0,0.0,0.0,0.0,0.0,0.0,0.0,45.296072961359684,-8.412289547794899,False,True,False,True,True,0.0,0,0.8285537445842786,1.1541159480090777,False,False,False,False,-0.2846852029198368,-0.283265421102741,False,False,False,False,-1920.0,-1172.348805473243,False,False,False,False,22.900318226421632,False,False,False,False
2025-03-28 18:00:00+00:00,21.795,21.795,21.24,21.24,1.0,,,,,,,,21.78465703971119,21.841680594243268,22.1993221663875,,,,,,,,,,21.89745712155108,,,,,"rgba(239, 83, 80, 1.0)",0.0,0.0,0.3490471327784147,21.853834317614655,-1.7586000856919715,0.0,0.0,0.0,0.0,0.0,0.0,0.0,0.0,37.70161370168891,-8.27794732077301,False,True,False,True,False,0.0,0,0.8063466232709515,1.151545972335232,False,False,False,False,-0.3393197032055487,-0.31129256215414486,False,False,False,False,-1921.0,-1183.9558007372236,False,False,False,False,22.56077840895773,False,False,False,False
2025-03-28 19:00:00+00:00,21.24,21.24,21.24,21.24,0.0,,,,,,,,21.78465703971119,21.841680594243268,22.1993221663875,,,,,,,,,,21.89745712155108,,,,,"rgba(239, 83, 80, 1.0)",0.0,0.0,0.3572542058079915,21.853834317614655,-1.7182003952238034,0.0,0.0,0.0,0.0,0.0,0.0,0.0,0.0,32.6386408619084,-12.795711495911561,False,True,False,True,False,0.0,0,0.8006509357200972,1.1712774613506918,False,False,False,False,-0.34282825441539394,-0.3270604082847694,False,False,False,False,-1921.0,-1195.382842586259,False,False,False,False,22.21099889874133,False,False,False,False
2025-03-31 14:00:00+00:00,21.24,21.24,21.24,21.24,0.0,,,,,,,,21.78465703971119,21.841680594243268,22.1993221663875,,,,,,,,,,21.89745712155108,,,,,"rgba(239, 83, 80, 1.0)",0.0,0.0,0.359794573520871,21.853834317614655,-1.7060688592599065,0.0,0.0,0.0,0.0,0.0,0.0,0.0,0.0,29.263325635388057,-15.66718756009621,False,True,False,True,False,0.0,0,0.8006509357200972,1.1712774613506918,False,False,False,False,-0.34282825441539394,-0.33494433135008167,False,False,False,False,-1921.0,-1206.6327209957742,False,False,False,False,21.866642326667822,False,False,False,False
2025-03-31 15:00:00+00:00,21.24,21.24,21.24,21.24,0.0,,,,,,,,21.78465703971119,21.841680594243268,22.1993221663875,,,,,,,,,,21.89745712155108,,,,,"rgba(239, 83, 80, 1.0)",0.0,0.0,0.3676670423820766,21.853834317614655,-1.6695385956752833,0.0,0.0,0.0,0.0,0.0,0.0,0.0,0.0,27.013115484374495,-17.57269910429421,False,True,False,True,False,0.0,0,0.8658161020677514,1.1852177738671361,False,False,False,False,-0.34282825441539394,-0.3388862928827378,False,False,False,False,-1921.0,-1217.7081826857623,False,False,False,False,21.527624616176848,False,False,False,False
2025-03-31 16:00:00+00:00,21.24,21.24,21.24,21.24,0.0,,,,,,,,21.78465703971119,21.841680594243268,22.1993221663875,,,,,,,,,,21.89745712155108,,,,,"rgba(239, 83, 80, 1.0)",0.0,0.0,0.3744022623515822,21.853834317614655,-1.6395048303373667,0.0,0.0,0.0,0.0,0.0,0.0,0.0,0.0,25.512975383698787,-18.918785502993632,False,True,False,True,False,0.0,0,0.8619284744228152,1.1358080579447714,False,False,False,False,-0.34282825441539394,-0.3408572736490659,False,False,False,False,-1921.0,-1228.6119317914095,False,False,False,False,21.193862994220616,False,False,False,False
2025-03-31 17:00:00+00:00,21.24,21.24,21.24,21.24,0.0,,,,,,,,21.78465703971119,21.841680594243268,22.1993221663875,,,,,,,,,,21.89745712155108,,,,,"rgba(239, 83, 80, 1.0)",0.0,0.0,0.38336787545105605,21.853834317614655,-1.601162634955897,0.0,0.0,0.0,0.0,0.0,0.0,0.0,0.0,24.512881983248313,-19.94300475866654,False,True,False,True,False,0.0,0,0.8554599003171721,1.114182147711826,False,False,False,False,-0.34282825441539394,-0.3418427640322299,False,False,False,False,-1921.0,-1239.3466305233255,False,False,False,False,20.865275971054405,False,False,False,False
2025-03-31 18:00:00+00:00,21.24,21.24,20.86,20.86,1.0,,,,,,,,21.781786570743403,21.83930555555556,22.198916052690336,,,,,,,,,,21.895424107142855,,,,,"rgba(239, 83, 80, 1.0)",0.0,0.0,0.400310498857354,21.842138789671736,-2.4534424964500134,0.0,0.0,0.0,0.0,0.0,0.0,0.0,0.0,20.76032676827465,-23.557509529808602,False,True,False,True,False,0.0,0,0.8419175027870676,1.1114827201783724,False,False,False,False,-0.34282825441539394,-0.34233550922381195,False,False,False,False,-1922.0,-1249.9304036935066,False,False,False,False,20.557287196309375,False,False,False,False
2025-03-31 19:00:00+00:00,20.86,20.92,20.71,20.92,12.0,,,,,,,,21.74322988505747,21.80739247311828,22.193516788970427,,,,,,,,,,21.868152173913046,,,,,"rgba(239, 83, 80, 1.0)",0.0,0.0,0.41435521384818,21.706802224803866,-1.8988592360084287,0.0,0.0,0.0,0.0,0.0,0.0,0.0,0.0,20.22691715030335,-24.176512450007216,False,True,False,True,False,0.0,0,0.8367572343715481,1.1234813342169205,False,False,False,False,-0.34282825441539394,-0.3425818818196029,False,False,False,False,-1910.0,-1260.1640408455453,False,False,False,False,20.424616076986748,False,False,False,False
2025-04-01 14:00:00+00:00,21.03,21.03,21.0,21.0,6.0,,,,,,,21.01,21.728367117117116,21.794735449735448,22.1911529072348,,,,,,,,,,21.857103004291844,,,,,"rgba(239, 83, 80, 1.0)",0.0,0.0,0.4280009893058356,21.697841379533358,-1.6304667441661058,0.0,0.0,0.0,0.0,0.0,0.0,0.0,0.0,22.3678564122503,-24.176512450007216,False,True,False,True,False,0.0,0,0.8467795119806547,1.1215651791602548,False,False,False,False,-0.2961958812303432,-0.319388881524973,False,False,False,False,-1904.0,-1270.1459937006532,False,False,False,False,20.200978618428813,False,False,False,False
2025-04-01 15:00:00+00:00,21.0,21.0,20.73,20.73,1.0,,,,,,,20.982857142857142,21.725308641975307,21.7921635883905,22.190696616749868,,,,,,,,,,21.854882226980727,,,,,"rgba(239, 83, 80, 1.0)",0.0,0.0,0.4493670423369577,21.694647141765568,-2.1466797759552363,0.0,0.0,0.0,0.0,0.0,0.0,0.0,0.0,21.483459873181125,-24.176512450007216,False,True,False,True,False,0.0,0,0.8368455355203125,1.1214425374755592,False,False,False,False,-0.33104213368944235,-0.3252155076072077,False,False,False,False,-1905.0,-1279.9886914727363,False,False,False,False,19.90328902744542,False,False,False,False
2025-04-01 16:00:00+00:00,20.73,20.73,20.73,20.73,0.0,,,,,,,20.982857142857142,21.725308641975307,21.7921635883905,22.190696616749868,,,,,,,,,,21.854882226980727,,,,,"rgba(239, 83, 80, 1.0)",0.0,0.0,0.469205049395575,21.694647141765568,-2.0559180746418133,0.0,0.0,0.0,0.0,0.0,0.0,0.0,0.0,20.893862180468343,-24.176512450007216,False,True,False,True,False,0.0,0,0.8307033363390438,1.1692966636609554,False,False,False,False,-0.34282825441539394,-0.3340218810113008,False,False,False,False,-1905.0,-1289.6787892793607,False,False,False,False,19.5947109029889,False,False,False,False
2025-04-01 17:00:00+00:00,20.73,20.85,20.73,20.85,8.0,,,,,,,20.890666666666668,21.701300546448085,21.771860465116276,22.187030644982855,,,,,,,,,,21.837284210526313,,,,,"rgba(239, 83, 80, 1.0)",0.0,0.0,0.48413825179051045,21.67113087898295,-1.696066931183651,0.0,0.0,0.0,0.0,0.0,0.0,0.0,0.0,23.917969532739036,-24.176512450007216,False,True,False,True,True,0.0,0,0.8512738122561393,1.1351847601560705,False,False,False,False,-0.3233532941904063,-0.3286875876008536,False,False,False,False,-1897.0,-1299.0946220037115,False,False,False,False,19.41494794325264,False,False,False,False
2025-04-01 18:00:00+00:00,20.85,20.85,20.85,20.85,0.0,,,,,,,20.890666666666668,21.701300546448085,21.771860465116276,22.187030644982855,,,,,,,,,,21.837284210526313,,,,,"rgba(239, 83, 80, 1.0)",0.0,0.0,0.4979743924093081,21.67113087898295,-1.6489419767352687,0.0,0.0,0.0,0.0,0.0,0.0,0.0,0.0,25.934041100919497,-29.0397942853559,False,True,False,True,True,0.0,0,0.8637204997686254,1.1124479407681627,False,False,False,False,-0.3025776351034056,-0.3156326113521296,False,False,False,False,-1897.0,-1308.3644728253591,False,False,False,False,19.113940998396007,False,False,False,False
2025-04-01 19:00:00+00:00,20.85,21.04,20.76,21.04,31.0,,,,,,,20.92840579710145,21.631676587301584,21.710661881977668,22.1743988173456,,,,,,,,,,21.782720685111986,,,,,"rgba(239, 83, 80, 1.0)",0.0,0.0,0.5038355319379196,21.61815123887892,-1.1474999324782784,0.0,0.0,0.0,0.0,0.0,0.0,0.0,0.0,32.034387912960135,-23.32158150878263,False,True,False,True,True,0.0,0,0.8613522156235722,1.0943353129282776,False,False,False,False,-0.28609002119211807,-0.30086131627212387,False,False,False,False,-1866.0,-1317.0099848745783,False,False,False,False,19.298220982916998,False,False,False,False
2025-04-02 14:00:00+00:00,21.04,21.04,21.04,21.04,0.0,,,,,,,20.92840579710145,21.631676587301584,21.710661881977668,22.1743988173456,,,,,,,,,,21.782720685111986,,,,,"rgba(239, 83, 80, 1.0)",0.0,0.0,0.5090587056182108,21.61815123887892,-1.1357260616470595,0.0,0.0,0.0,0.0,0.0,0.0,0.0,0.0,36.10128578765389,-19.69170042738765,False,True,False,True,True,0.0,0,0.874143444495203,1.0943353129282776,False,False,False,False,-0.2314919628112069,-0.26617663954166537,False,False,False,False,-1866.0,-1325.521457977298,False,False,False,False,18.99902375837565,False,False,False,False
2025-04-02 15:00:00+00:00,21.04,21.04,21.04,21.04,0.0,,,,,,,20.92840579710145,21.631676587301584,21.710661881977668,22.1743988173456,,,,,,,,,,21.782720685111986,,,,,"rgba(239, 83, 80, 1.0)",0.0,0.0,0.5136633752400347,21.61815123887892,-1.1255449906444088,0.0,0.0,0.0,0.0,0.0,0.0,0.0,0.0,38.81255103744973,-17.299533001680956,False,False,False,True,True,0.0,0,0.8891728624535313,1.0959572490706317,False,False,False,False,-0.22697850849099505,-0.2465775740163302,False,False,False,False,-1866.0,-1333.9009702567198,False,False,False,False,18.704465250493858,False,False,False,False
2025-04-02 16:00:00+00:00,21.04,21.04,20.72,20.72,1.0,,,,,,,20.926241134751773,21.629287833827888,21.70855210819411,22.17395621237001,,,,,,,,,,21.78083497698882,,,,,"rgba(239, 83, 80, 1.0)",0.0,0.0,0.5281684569517946,21.479152680780867,-1.4373305917626116,0.0,0.0,0.0,0.0,0.0,0.0,0.0,0.0,35.780458890756705,-17.299533001680956,False,True,False,True,False,0.0,0,0.8761446886446883,1.0776098901098898,False,False,False,False,-0.2858415206581326,-0.2662095473372314,False,False,False,False,-1867.0,-1342.1660714930497,False,False,False,False,18.429977417152866,False,False,False,False
2025-04-02 17:00:00+00:00,20.72,20.72,20.72,20.72,0.0,,,,,,,20.926241134751773,21.629287833827888,21.70855210819411,22.17395621237001,,,,,,,,,,21.78083497698882,,,,,"rgba(239, 83, 80, 1.0)",0.0,0.0,0.5417495265798296,21.479152680780867,-1.4012982818343145,0.0,0.0,0.0,0.0,0.0,0.0,0.0,0.0,33.75906412629469,-17.299533001680956,False,True,False,True,False,0.0,0,0.8761446886446883,1.0922619047619044,False,False,False,False,-0.34282825441539394,-0.30451890087631267,False,False,False,False,-1867.0,-1350.3030316249403,False,False,False,False,18.144241333166,False,False,False,False
2025-04-02 18:00:00+00:00,20.72,20.77,20.72,20.77,3.0,,,,,,,20.91586666666667,21.62155882352941,21.70176145339652,22.17255796150481,,,,,,,,,,21.7747908496732,,,,,"rgba(239, 83, 80, 1.0)",0.0,0.0,0.5532444599201618,21.465874951870617,-1.2578073569341097,0.0,0.0,0.0,0.0,0.0,0.0,0.0,0.0,33.839411531985974,-17.299533001680956,False,True,False,True,False,0.0,0,0.9101043643263753,1.0932163187855783,False,False,False,False,-0.3332394672354657,-0.3188791840558892,False,False,False,False,-1864.0,-1358.2673257082745,False,False,False,False,17.90944689389211,False,False,False,False
2025-04-02 19:00:00+00:00,20.77,20.89,20.77,20.89,11.0,,,,,,,20.903989071038254,21.597378917378915,21.680123171670513,22.167802113980606,,,,,,,,,,21.755265515035187,,,,,"rgba(239, 83, 80, 1.0)",0.0,0.0,0.5614130900304837,21.454791043570275,-1.0060168770550166,0.0,0.0,0.0,0.0,0.0,0.0,0.0,0.0,37.001821608022404,-17.299533001680956,False,False,False,True,True,0.0,0,0.9117786187322608,1.0527436140018918,False,False,False,False,-0.3010636721364352,-0.3099714280961622,False,False,False,False,-1853.0,-1365.9375997283012,False,False,False,False,17.802323686234867,False,False,False,False
2025-04-03 14:00:00+00:00,20.89,20.89,20.89,20.89,0.0,,,,,,,20.903989071038254,21.597378917378915,21.680123171670513,22.167802113980606,,,,,,,,,,21.755265515035187,,,,,"rgba(239, 83, 80, 1.0)",0.0,0.0,0.5690815818902983,21.454791043570275,-0.9924605918438398,0.0,0.0,0.0,0.0,0.0,0.0,0.0,0.0,39.1100949920467,-17.080962075693648,False,False,False,True,True,0.0,0,0.9165471066475368,1.0614538498326156,False,False,False,False,-0.27871383558905793,-0.29434263184261006,False,False,False,False,-1853.0,-1373.4889547712733,False,False,False,False,17.52631866784363,False,False,False,False
2025-04-03 15:00:00+00:00,20.89,20.89,20.14,20.14,1.0,,,,,,,20.895698924731185,21.593948863636363,21.677150537634404,22.167221132897605,,,,,,,,,,21.752650063856958,,,,,"rgba(239, 83, 80, 1.0)",0.0,0.0,0.5968253626593207,21.448144010819508,-2.1918371648797055,0.0,0.0,0.0,0.0,0.0,0.0,0.0,0.0,32.89285453476348,-10.587885041871857,False,True,False,True,False,0.0,0,0.8714622641509431,1.0823113207547168,False,False,False,False,-0.34282825441539394,-0.318585443129002,False,False,False,False,-1854.0,-1380.9387384182303,False,False,False,False,17.27009667299334,False,False,False,False
2025-04-03 16:00:00+00:00,20.14,20.14,20.125,20.125,1.0,,,,,,,20.88354497354498,21.589801699716713,21.673593869731793,22.166555591854518,,,,,,,,,,21.749547482472906,,,,,"rgba(239, 83, 80, 1.0)",0.0,0.0,0.6164672090385136,21.439112435182775,-2.1316826197979917,0.0,0.0,0.0,0.0,0.0,0.0,0.0,0.0,28.667991921431145,-14.440981663205982,False,True,False,True,False,0.0,0,0.8590619844449678,1.1077068112184771,False,False,False,False,-0.34282825441539394,-0.33070684877219797,False,False,False,False,-1855.0,-1388.288525419498,False,False,False,False,17.017847112171737,False,False,False,False
2025-04-03 17:00:00+00:00,20.125,20.3,20.125,20.3,96.0,,,,,,,20.495995807127883,21.301559020044543,21.414714375392336,22.10802238411995,,,,,,,,,,21.515691976305863,,,,,"rgba(239, 83, 80, 1.0)",0.0,0.0,0.6334685725687943,21.136771177102204,-1.3209355812380588,0.0,0.0,0.0,0.0,0.0,0.0,0.0,0.0,29.401138713551088,-14.440981663205982,False,True,False,True,False,0.0,0,0.8602150537634405,1.0993454885460492,False,False,False,False,-0.319422971184846,-0.325064909978522,False,False,False,False,-1759.0,-1394.0359901416762,False,False,False,False,18.242376614308608,False,False,False,False
2025-04-03 18:00:00+00:00,20.3,20.44,20.3,20.44,10.0,,,,,,,20.489921104536492,21.281771968046474,21.39583487369069,22.102608146510896,,,,,,,,,,21.49784843667196,,,,,"rgba(239, 83, 80, 1.0)",0.0,0.0,0.6454044894133191,21.122255824046256,-1.0570980450824476,0.0,0.0,0.0,0.0,0.0,0.0,0.0,0.0,32.36132741002426,-14.440981663205982,False,True,False,True,True,0.0,0,0.8692522062238734,1.0921969345099858,False,False,False,False,-0.2742897715197081,-0.29967734074911506,False,False,False,False,-1749.0,-1399.5393081239756,False,False,False,False,18.114587829590644,False,False,False,False
2025-04-03 19:00:00+00:00,20.44,20.44,20.24,20.24,3.0,,,,,,,20.486724806201554,21.275440115440112,21.38982843137254,22.10090851735016,,,,,,,,,,21.492194092826995,,,,,"rgba(239, 83, 80, 1.0)",0.0,0.0,0.6614526601515279,21.11719327900577,-1.3261618432448705,0.0,0.0,0.0,0.0,0.0,0.0,0.0,0.0,32.458717592124344,-14.440981663205982,False,True,False,True,True,0.0,0,0.8676944316612974,1.0913483663138515,False,False,False,False,-0.2827978146473453,-0.2912375776982302,False,False,False,False,-1752.0,-1405.0038149747666,False,False,False,False,17.88025313455823,False,False,False,False
2025-04-04 14:00:00+00:00,20.24,21.0,20.23,20.23,11.0,,,,,,,20.486721311475414,21.257096546863984,21.371927927927917,22.095326417269202,,,,,,,,,,21.474992223950224,,,,,"rgba(239, 83, 80, 1.0)",0.0,0.0,0.6798837208477521,21.04767574012087,-1.202669978774169,0.0,0.0,0.0,0.0,0.0,0.0,0.0,0.0,32.434368744250946,-14.440981663205982,False,True,False,True,True,0.0,0,0.8717777777777775,1.063333333333333,False,False,False,False,-0.20612417483731282,-0.24868087626777152,False,False,False,False,-1763.0,-1410.55414342477,False,False,False,False,17.77358254332477,False,False,False,False
2025-04-04 15:00:00+00:00,20.23,20.23,19.95,19.95,3.0,,,,,,,20.479569892473123,21.24944677871148,21.364784946236547,22.093393006700172,,,,,,,,,,21.468343653250763,,,,,"rgba(239, 83, 80, 1.0)",0.0,0.0,0.7052004379306404,21.035017613055675,-1.5385946387662233,0.0,0.0,0.0,0.0,0.0,0.0,0.0,0.0,30.201676761923274,-14.440981663205982,False,True,False,True,True,0.0,0,0.8660044150110372,1.0969094922737304,False,False,False,False,-0.34282825441539394,-0.29575456534158273,False,False,False,False,-1766.0,-1416.0649318988044,False,False,False,False,17.544534751955393,False,False,False,False
2025-04-04 16:00:00+00:00,19.95,19.95,19.865,19.865,1.0,,,,,,,20.476434937611412,21.2466037735849,21.36215265354799,22.092702250130824,,,,,,,,,,21.465909325090152,,,,,"rgba(239, 83, 80, 1.0)",0.0,0.0,0.7312514141049841,21.03030279593679,-1.5935733913938015,0.0,0.0,0.0,0.0,0.0,0.0,0.0,0.0,28.15108923555675,-16.069651057831393,False,True,False,True,False,0.0,0,0.8627666593358254,1.1031449307235537,False,False,False,False,-0.34282825441539394,-0.31929140987848836,False,False,False,False,-1767.0,-1421.505785667815,False,False,False,False,17.288030337196393,False,False,False,False
2025-04-04 17:00:00+00:00,19.865,19.865,19.865,19.865,0.0,,,,,,,20.476434937611412,21.2466037735849,21.36215265354799,22.092702250130824,,,,,,,,,,21.465909325090152,,,,,"rgba(239, 83, 80, 1.0)",0.0,0.0,0.7555767262092555,21.03030279593679,-1.5422693096744011,0.0,0.0,0.0,0.0,0.0,0.0,0.0,0.0,26.784030884645734,-17.676059416579363,False,True,False,True,False,0.0,0,0.8627666593358254,1.106883659555751,False,False,False,False,-0.34282825441539394,-0.3310598321469411,False,False,False,False,-1767.0,-1426.8622851148255,False,False,False,False,17.019998859100323,False,False,False,False
2025-04-04 18:00:00+00:00,19.865,19.865,19.865,19.865,0.0,,,,,,,20.476434937611412,21.2466037735849,21.36215265354799,22.092702250130824,,,,,,,,,,21.465909325090152,,,,,"rgba(239, 83, 80, 1.0)",0.0,0.0,0.7783381869940851,21.03030279593679,-1.497167703459535,0.0,0.0,0.0,0.0,0.0,0.0,0.0,0.0,25.87265865070506,-18.871074820092616,False,True,False,True,False,0.0,0,0.8606520768200085,1.123939258597588,False,False,False,False,-0.34282825441539394,-0.33694404328116756,False,False,False,False,-1767.0,-1432.1357380587815,False,False,False,False,16.756122907796442,False,False,False,False
2025-04-04 19:00:00+00:00,19.865,19.865,19.865,19.865,0.0,,,,,,,20.476434937611412,21.2466037735849,21.36215265354799,22.092702250130824,,,,,,,,,,21.465909325090152,,,,,"rgba(239, 83, 80, 1.0)",0.0,0.0,0.7996693460818465,21.03030279593679,-1.4572307937605042,0.0,0.0,0.0,0.0,0.0,0.0,0.0,0.0,25.265077161411273,-19.809680450151564,False,True,False,True,False,0.0,0,0.8491847826086953,1.1336050724637678,False,False,False,False,-0.34282825441539394,-0.3398861488482807,False,False,False,False,-1767.0,-1437.3274320423661,False,False,False,False,16.496338056512776,False,False,False,False
2025-04-07 14:00:00+00:00,17.985,19.9,17.985,19.9,100.0,,,,,,,20.053170731707322,20.902593876372034,21.043414264036407,22.006521562658552,,,,,,,,,,21.17082998661311,,19.261666666666667,,,"rgba(38, 166, 154, 1.0)",0.0,0.0,0.806208733841569,20.52467046076381,-0.7748247253379039,0.0,0.0,0.0,0.0,0.0,0.0,0.0,0.0,25.90884075075749,-19.809680450151564,False,True,False,True,False,0.0,0,0.7926725963574753,1.1132994493858532,False,False,False,False,-0.34282825441539394,-0.34135720163183736,False,False,False,False,-1667.0,-1440.8882470494611,False,False,False,False,17.79096847424126,False,False,False,False
2025-04-07 15:00:00+00:00,19.9,20.0,19.9,20.0,1.0,,,,,,,20.05287037037037,20.90097462514417,21.04178282828282,22.005900791235543,,,,,,,,,,21.169220142602487,,19.26864686468647,,,"rgba(38, 166, 154, 1.0)",0.0,0.0,0.8118630115662687,20.524389984189582,-0.645909441271274,0.0,0.0,0.0,0.0,0.0,0.0,0.0,0.0,29.1898073404151,-19.809680450151564,False,True,False,True,True,0.0,0,0.877782534246575,1.1033818493150682,False,False,False,False,-0.15155492364004367,-0.2464560626359405,False,False,False,False,-1666.0,-1444.3783517463687,False,False,False,False,17.530643381617367,False,False,False,False
2025-04-07 16:00:00+00:00,20.0,20.0,20.0,20.0,1.0,,,,,,,20.052687427912343,20.899418537708687,21.040206757438217,22.00529053848494,,,,,,,,,,21.167659101023578,,19.275816993464055,,,"rgba(38, 166, 154, 1.0)",0.0,0.0,0.8154712780995453,20.524201862804425,-0.6428207551663581,0.0,0.0,0.0,0.0,0.0,0.0,0.0,0.0,31.377118400186838,-23.11816606972552,False,False,False,True,True,0.0,1,0.8752140410958902,1.0952482876712326,False,False,False,False,-0.14244797434701717,-0.19445201849147883,False,False,False,False,-1666.0,-1447.8143462929365,False,False,False,False,17.274354336941126,False,False,False,False
2025-04-07 17:00:00+00:00,20.0,20.0,20.0,20.0,0.0,,,,,,,20.052687427912343,20.899418537708687,21.040206757438217,22.00529053848494,,,,,,,,,,21.167659101023578,,19.275816993464055,,,"rgba(38, 166, 154, 1.0)",0.0,0.0,0.8205170310225728,20.524201862804425,-0.6388677419055351,0.0,0.0,0.0,0.0,0.0,0.0,0.0,0.0,32.835325773368,-21.619655848189197,False,False,False,True,True,0.0,0,0.8752140410958902,1.0952482876712326,False,False,False,False,-0.14244797434701717,-0.16844999641924802,False,False,False,False,-1666.0,-1451.1970696062244,False,False,False,False,17.006534889856766,False,False,False,False
2025-04-07 18:00:00+00:00,20.0,20.14,19.85,19.85,5.0,,,,,,,20.0508843537415,20.89126141552511,21.031996996996988,22.002163831510735,,,,,,,,,,21.159562334217497,,19.30716510903427,,,"rgba(38, 166, 154, 1.0)",0.0,0.0,0.8286701057381293,20.522299106854877,-0.8112988536687135,0.0,0.0,0.0,0.0,0.0,0.0,0.0,0.0,31.41656540547561,-21.619655848189197,False,False,False,True,True,0.0,0,0.8758827305799272,1.0943719238176757,False,False,False,False,-0.14335758949435604,-0.155903792956802,False,False,False,False,-1671.0,-1454.6048669766706,False,False,False,False,16.82038706210705,False,False,False,False
2025-04-07 19:00:00+00:00,19.85,20.28,19.555,20.28,7.0,,,,,,,20.05059246954596,20.881159052453466,21.021661713719656,21.997996867737697,,,,,,,,,,21.14924879544458,,19.352061403508774,,,"rgba(38, 166, 154, 1.0)",0.0,0.0,0.8300476921063442,20.521178100250033,-0.2905593287513564,0.0,0.0,0.0,0.0,0.0,0.0,0.0,0.0,39.82309250185692,-15.194955282843559,True,False,False,True,True,0.0,0,0.8569646569646567,1.0858627858627854,False,False,False,False,-0.15748775465834544,-0.1566957738075737,False,False,False,False,-1664.0,-1457.851303147575,False,False,False,False,16.668132999128645,False,False,False,False
2025-04-08 14:00:00+00:00,20.28,21.61,20.28,21.61,3.0,,,,,,,20.061606359649126,20.882601010101006,21.02230522682445,21.99724157076519,,,,,,,,,,21.149317190226867,,19.398589743589746,,,"rgba(38, 166, 154, 1.0)",0.0,0.0,0.8228796557989662,20.537620076371063,1.303203835544726,0.0,0.0,0.0,0.0,0.0,0.0,0.0,0.0,53.7752097048018,-2.8374451458698715,True,False,True,False,True,3.1973754004246935,0,0.8927089508002369,1.0304287690179803,False,False,False,False,0.026968038676900757,-0.06486386756533648,False,False,False,True,-1661.0,-1461.0008953468373,False,False,False,False,16.456223960382463,False,False,False,False
2025-04-08 15:00:00+00:00,21.61,21.61,21.61,21.61,7.0,,,,,,,20.096457663451236,20.891073211314474,21.028328452903846,21.996422383398812,,,,,,,,,,21.153499783830515,,19.52342741935484,,,"rgba(38, 166, 154, 1.0)",0.0,0.0,0.8185119050683598,20.620020872085117,1.209486534996949,0.0,0.0,0.0,0.0,0.0,0.0,0.0,0.0,63.07662117343173,4.777782847702369,True,False,True,False,True,3.1973754004246935,0,0.9418210798963935,1.03905160390516,False,False,False,False,0.14654309075411165,0.040839611594387586,False,False,False,True,-1661.0,-1464.1016566592893,False,False,False,False,16.30961583696568,False,False,False,False
2025-04-08 16:00:00+00:00,21.61,21.61,21.61,21.61,0.0,,,,,,,20.096457663451236,20.891073211314474,21.028328452903846,21.996422383398812,,,,,,,,,,21.153499783830515,,19.52342741935484,,,"rgba(38, 166, 154, 1.0)",0.0,0.0,0.8137991041908801,20.620020872085117,1.2164908056751538,0.0,0.0,0.0,0.0,0.0,0.0,0.0,0.0,69.27756215251834,9.611425837872574,True,False,True,False,True,3.1973754004246935,0,0.9581718016731277,1.0377473984901038,False,False,False,False,0.14654309075411165,0.09369135117424962,False,False,False,True,-1661.0,-1467.1543441529438,False,False,False,False,16.056753575927452,False,False,False,False
2025-04-08 17:00:00+00:00,21.61,21.61,21.61,21.61,0.0,,,,,,,20.096457663451236,20.891073211314474,21.028328452903846,21.996422383398812,,,,,,,,,,21.153499783830515,,19.52342741935484,,,"rgba(38, 166, 154, 1.0)",0.0,0.0,0.8134677023106692,20.620020872085117,1.2169863967589976,0.0,0.0,0.0,0.0,0.0,0.0,0.0,0.0,73.41152280524275,12.843565165003866,True,False,True,False,True,3.1973754004246935,0,0.9581718016731277,1.0136706794531725,False,False,False,False,0.14654309075411165,0.12011722096418063,False,False,False,False,-1661.0,-1470.1597031583246,False,False,False,False,15.8078116600216,False,False,False,False
2025-04-08 18:00:00+00:00,21.61,21.61,20.465,20.465,3.0,,,,,,,20.103625265392786,20.89085264900662,21.027534013605436,21.99538093800322,,,,,,,,,,21.152310508182595,,19.55468503937008,,,"rgba(239, 83, 80, 1.0)",0.0,0.0,0.8167392870818445,20.576154956849177,-0.1360960083680143,0.0,0.0,0.0,0.0,0.0,0.0,0.0,0.0,64.09720725625907,12.843565165003866,True,False,True,False,False,0.0,0,0.915399610136452,1.0130604288499023,False,False,False,False,0.043477736103347916,0.08179747853376428,False,False,False,False,-1664.0,-1473.1649790783506,False,False,False,False,15.609240936610412,False,False,False,False
2025-04-08 19:00:00+00:00,20.465,20.76,20.05,20.05,7.0,,,,,,,20.10761682242991,20.883930714675394,21.0200505050505,21.99177714170935,,,,,,,,,,21.144551856594106,,19.59292288557214,,,"rgba(239, 83, 80, 1.0)",0.0,0.0,0.8261137608984868,20.47927403850614,-0.519630659631258,0.0,0.0,0.0,0.0,0.0,0.0,0.0,0.0,55.567349032918784,18.302980426151592,True,False,True,False,False,0.0,0,0.9005003849114702,1.060238645111624,False,False,False,False,-0.06940902638420834,0.006194226074777966,False,False,False,False,-1671.0,-1476.2321887050427,False,False,False,False,15.475764332942033,False,False,False,False
2025-04-09 14:00:00+00:00,20.83,20.83,20.83,20.83,0.0,,,,,,,20.10761682242991,20.883930714675394,21.0200505050505,21.99177714170935,,,,,,,,,,21.144551856594106,,19.59292288557214,,,"rgba(239, 83, 80, 1.0)",0.0,0.0,0.8254029209918498,20.47927403850614,0.4249148537933521,0.0,0.0,0.0,0.0,0.0,0.0,0.0,0.0,54.89337603718875,17.879328181673586,True,False,True,False,False,0.0,0,0.8934210526315788,1.033270676691729,False,False,False,False,0.006461930955008721,0.006328078514893343,False,False,False,False,-1671.0,-1479.251844694112,False,False,False,False,15.235830002198744,False,False,False,False
2025-04-09 15:00:00+00:00,20.83,20.83,19.5,19.5,100.0,,,,,,19.94333333333333,20.06859461599367,20.751638537271447,20.884272803699027,21.93186360534269,,,,,,,,,,21.008204691638284,,19.74267094017094,,,"rgba(239, 83, 80, 1.0)",0.0,0.0,0.8461044810144243,20.275579729184457,-0.9166477031945128,0.0,0.0,0.0,0.0,0.0,0.0,0.0,0.0,48.744779390535584,11.986358394707636,True,False,False,True,False,0.0,0,0.8608238069315912,1.0279441117764467,False,False,False,False,-0.11255256064469013,-0.0531122410648984,False,False,False,False,-1771.0,-1483.7750719081566,False,False,False,False,16.55000318045923,False,False,False,False
2025-04-09 16:00:00+00:00,20.91,20.91,19.4,19.6,102.0,,,,,,19.956798679867987,20.049365838113452,20.653573185731858,20.780076350093104,21.87503029442393,,,,,,,,,,20.90047643268904,,19.81168154761905,,,"rgba(239, 83, 80, 1.0)",0.0,0.0,0.8532232843592982,20.18456575783357,-0.6851263538506587,0.0,0.0,0.0,0.0,0.0,0.0,0.0,0.0,45.202844348819255,8.432554887195877,True,False,False,True,False,0.0,0,0.8646137966626525,1.0108377773954926,False,False,False,False,-0.11435818460584252,-0.08373521283537046,False,False,False,False,-1669.0,-1486.646776219658,False,False,False,False,17.87480933270017,False,False,False,False
2025-04-09 17:00:00+00:00,19.6,19.6,19.6,19.6,0.0,,,,,,19.956798679867987,20.049365838113452,20.653573185731858,20.780076350093104,21.87503029442393,,,,,,,,,,20.90047643268904,,19.81168154761905,,,"rgba(239, 83, 80, 1.0)",0.0,0.0,0.8522002524466679,20.18456575783357,-0.6859488203098753,0.0,0.0,0.0,0.0,0.0,0.0,0.0,0.0,42.84155432100837,5.770609622521938,True,False,False,True,False,0.0,0,0.8714949251677274,1.0559091691037326,False,False,False,False,-0.2160975286209875,-0.14991637072817898,False,False,False,False,-1669.0,-1489.4739579836944,False,False,False,False,17.5976805058366,False,False,False,False
2025-04-09 18:00:00+00:00,19.6,19.6,19.6,19.6,0.0,,,,,,19.956798679867987,20.049365838113452,20.653573185731858,20.780076350093104,21.87503029442393,,,,,,,,,,20.90047643268904,,19.81168154761905,,,"rgba(239, 83, 80, 1.0)",0.0,0.0,0.8492109851486794,20.18456575783357,-0.6883633962073915,0.0,0.0,0.0,0.0,0.0,0.0,0.0,0.0,41.267360969134444,3.64425404218251,False,False,False,True,False,0.0,0,0.8708167157967747,1.0639847407664293,False,False,False,False,-0.2160975286209875,-0.18300694967458325,False,False,False,False,-1669.0,-1492.2573074723193,False,False,False,False,17.324848249932156,False,False,False,False
2025-04-09 19:00:00+00:00,19.6,21.99,19.6,21.48,8.0,,,,,,19.99742857142857,20.064039548022603,20.657176207876574,20.78223145071982,21.873099556059316,,,,,,,,,,20.901468213925323,,19.83985949612403,,,"rgba(38, 166, 154, 1.0)",0.0,0.0,0.843060159438415,20.221999436314096,1.4921836236738932,0.0,0.0,0.0,0.0,0.0,0.0,0.0,0.0,48.73971748875421,3.64425404218251,True,False,False,False,True,2.3071413016395574,0,0.8860963428387304,0.9750281939745445,False,False,False,False,0.00022281350205870953,-0.09139206808626227,False,False,False,False,-1661.0,-1494.8734732479422,False,False,False,False,17.180276959235535,False,False,False,False
2025-04-10 14:00:00+00:00,21.48,21.48,20.4,20.4,1.0,,,,,,20.00104265402844,20.065347744360906,20.65730129764801,20.782206858407072,21.872784230406037,,,,,,,,,,20.901325604838703,,19.84252657004831,,,"rgba(38, 166, 154, 1.0)",0.0,0.0,0.8386548109274666,20.22208990469767,0.212137452720959,0.0,0.0,0.0,0.0,0.0,0.0,0.0,0.0,49.247770431247176,3.64425404218251,True,False,False,False,True,0.0,0,0.9138718312076838,0.9970083451424968,False,False,False,False,0.026076121874186522,-0.03265797310603787,False,False,False,False,-1662.0,-1497.4645821898346,False,False,False,False,16.9294199521156,False,False,False,False
2025-04-10 15:00:00+00:00,20.4,20.66,20.4,20.66,10.0,,,,,,20.02693815987934,20.07472017220173,20.656292067307692,20.779921590080228,21.869113465160073,,,,,,,,,,20.898052228875578,,19.86311267605634,,,"rgba(38, 166, 154, 1.0)",0.0,0.0,0.8323620898674693,20.22146402445682,0.5268572186090351,0.0,0.0,0.0,0.0,0.0,0.0,0.0,0.0,50.481599134012974,3.64425404218251,True,False,False,False,True,0.0,0,0.9095769775121874,1.0228023274099698,False,False,False,False,-0.04705022570863986,-0.03985409940733887,False,False,False,False,-1652.0,-1499.8604801403799,False,False,False,False,16.82198708464094,False,False,False,False
2025-04-10 16:00:00+00:00,20.66,20.66,20.01,20.01,5.0,,,,,,20.031356932153393,20.07610907982938,20.65372560732776,20.776911498005074,21.86679689703808,,,,,,,,,,20.89471863621317,,19.868162037037038,,,"rgba(38, 166, 154, 1.0)",0.0,0.0,0.8295641534472041,20.215934649726165,-0.24824439299891937,0.0,0.0,0.0,0.0,0.0,0.0,0.0,0.0,48.97730613963731,3.64425404218251,True,False,False,False,True,0.0,0,0.8993681615040838,1.0155648019725687,False,False,False,False,-0.0819588549167727,-0.060906477162055786,False,False,False,False,-1657.0,-1502.2967517661104,False,False,False,False,16.638700463173638,False,False,False,False
2025-04-10 17:00:00+00:00,20.01,20.01,20.01,20.01,0.0,,,,,,20.031356932153393,20.07610907982938,20.65372560732776,20.776911498005074,21.86679689703808,,,,,,,,,,20.89471863621317,,19.868162037037038,,,"rgba(38, 166, 154, 1.0)",0.0,0.0,0.8133046258409607,20.215934649726165,-0.25320727705590784,0.0,0.0,0.0,0.0,0.0,0.0,0.0,0.0,47.97444414338686,3.64425404218251,True,False,False,True,True,0.0,0,0.8993681615040838,1.0355987055016178,False,False,False,False,-0.14062944470176847,-0.10076796093191212,False,False,False,False,-1657.0,-1504.695251738729,False,False,False,False,16.38073611490738,False,False,False,False
2025-04-10 18:00:00+00:00,20.01,20.01,20.01,20.01,0.0,,,,,,20.031356932153393,20.07610907982938,20.65372560732776,20.776911498005074,21.86679689703808,,,,,,,,,,20.89471863621317,,19.868162037037038,,,"rgba(38, 166, 154, 1.0)",0.0,0.0,0.7951475130863815,20.215934649726165,-0.2589892395271715,0.0,0.0,0.0,0.0,0.0,0.0,0.0,0.0,47.3058694792199,3.64425404218251,True,False,False,True,True,0.0,0,0.8993681615040838,1.0355987055016178,False,False,False,False,-0.14062944470176847,-0.1206987028168403,False,False,False,False,-1657.0,-1507.0565656652605,False,False,False,False,16.126771213901062,False,False,False,False
2025-04-10 19:00:00+00:00,20.01,20.01,20.01,20.01,0.0,,,,,,20.031356932153393,20.07610907982938,20.65372560732776,20.776911498005074,21.86679689703808,,,,,,,,,,20.89471863621317,,19.868162037037038,,,"rgba(38, 166, 154, 1.0)",0.0,0.0,0.7749594467738508,20.215934649726165,-0.2657360337801774,0.0,0.0,0.0,0.0,0.0,0.0,0.0,0.0,46.86015303644193,3.64425404218251,False,False,False,True,True,0.0,0,0.8960356631109696,1.0698933290877244,False,False,False,False,-0.14062944470176847,-0.1306640737593044,False,False,False,False,-1657.0,-1509.381270073551,False,False,False,False,15.876743753220424,False,False,False,False
2025-04-11 14:00:00+00:00,19.51,19.51,19.51,19.51,0.0,,,,,,20.031356932153393,20.07610907982938,20.65372560732776,20.776911498005074,21.86679689703808,,,,,,,,,,20.89471863621317,,19.868162037037038,,,"rgba(38, 166, 154, 1.0)",0.0,0.0,0.7620622092786771,20.215934649726165,-0.9263477982911126,0.0,0.0,0.0,0.0,0.0,0.0,0.0,0.0,44.42176600403393,1.7742284668341313,False,False,False,True,False,0.0,0,0.8741092636579572,1.069517022961203,False,False,False,False,-0.23296356892381148,-0.18181382134155794,False,False,False,False,-1657.0,-1511.6699325530308,False,False,False,False,15.630592687279021,False,False,False,False
2025-04-11 15:00:00+00:00,19.51,19.51,19.51,19.51,0.0,,,,,,20.031356932153393,20.07610907982938,20.65372560732776,20.776911498005074,21.86679689703808,,,,,,,,,,20.89471863621317,,19.868162037037038,,,"rgba(38, 166, 154, 1.0)",0.0,0.0,0.7630914601648107,20.215934649726165,-0.9250983487270288,0.0,0.0,0.0,0.0,0.0,0.0,0.0,0.0,42.79617464909526,-0.3697827205207602,False,False,False,True,False,0.0,0,0.87767929089444,1.0720386784850924,False,False,False,False,-0.23296356892381148,-0.2073886951326847,False,False,False,False,-1657.0,-1513.923111893294,False,False,False,False,15.38825791693361,False,False,False,False
2025-04-11 16:00:00+00:00,19.51,19.51,19.3,19.3,100.0,,,,,,19.828486707566462,19.966973209685733,20.516721807186055,20.638843637553155,21.798297668038405,,,,,,,,,19.37,20.75698434206564,,19.759865942028988,,,"rgba(38, 166, 154, 1.0)",0.0,0.0,0.767815856302196,19.92535165742425,-0.8144552528987176,0.0,0.0,0.0,0.0,0.0,0.0,0.0,0.0,40.80100026798355,-2.7705900614830483,False,True,False,True,False,0.0,0,0.876805713358221,1.0615159876643399,False,False,False,False,-0.2528072593311156,-0.23009797723190015,True,False,False,False,-1757.0,-1517.691745817429,False,False,False,False,16.700067871709834,False,False,False,False
2025-04-11 17:00:00+00:00,19.3,19.3,19.3,19.3,0.0,,,,,,19.828486707566462,19.966973209685733,20.516721807186055,20.638843637553155,21.798297668038405,,,,,,,,,19.37,20.75698434206564,,19.759865942028988,,,"rgba(38, 166, 154, 1.0)",0.0,0.0,0.7806691054807644,19.92535165742425,-0.8010457350417832,0.0,0.0,0.0,0.0,0.0,0.0,0.0,0.0,39.470884013909064,-4.484436171275789,False,True,False,True,False,0.0,0,0.8886329988484948,1.069254811646652,False,False,False,False,-0.27284787160224727,-0.2514729244170737,True,False,False,False,-1757.0,-1521.4019513086314,False,False,False,False,16.441152090753093,False,False,False,False
2025-04-11 18:00:00+00:00,19.3,19.3,19.3,19.3,0.0,,,,,,19.828486707566462,19.966973209685733,20.516721807186055,20.638843637553155,21.798297668038405,,,,,,,,,19.37,20.75698434206564,,19.759865942028988,,,"rgba(38, 166, 154, 1.0)",0.0,0.0,0.7922140942769544,19.92535165742425,-0.7893720421561072,0.0,0.0,0.0,0.0,0.0,0.0,0.0,0.0,38.58413984452608,-5.769880223972763,False,True,False,True,False,0.0,0,0.8886329988484948,1.0557657509458789,False,False,False,False,-0.27284787160224727,-0.2621603980096605,False,False,False,False,-1757.0,-1525.0546342340788,False,False,False,False,16.186250507950717,False,False,False,False
2025-04-11 19:00:00+00:00,19.3,19.99,19.3,19.99,1.0,,,,,,19.828277268093785,19.966653806584368,20.515915067519543,20.637982026143785,21.797738617663185,,,,,,,,,19.373861386138614,20.75608453670276,,19.75986623282719,,,"rgba(38, 166, 154, 1.0)",0.0,0.0,0.7875431748495672,19.80154964360014,0.23928892080850733,0.0,0.0,0.0,0.0,0.0,0.0,0.0,0.0,43.14115379071908,-5.769880223972763,False,False,False,True,True,0.0,0,0.8895955642530985,1.0466405740378337,False,False,False,False,-0.2077102590684934,-0.23493532853907695,False,False,False,False,-1756.0,-1528.635182540527,False,False,False,False,15.950804763641404,False,False,False,False
2025-04-14 14:00:00+00:00,19.99,19.99,19.99,19.99,0.0,,,,,,19.828277268093785,19.966653806584368,20.515915067519543,20.637982026143785,21.797738617663185,,,,,,,,,19.373861386138614,20.75608453670276,,19.75986623282719,,,"rgba(38, 166, 154, 1.0)",0.0,0.0,0.7830589245255829,19.80154964360014,0.24065922818519866,0.0,0.0,0.0,0.0,0.0,0.0,0.0,0.0,46.179163088181085,-9.50428941106751,False,False,False,True,True,0.0,0,0.898238747553816,1.0466405740378337,False,False,False,False,-0.1442674403189919,-0.18960138442903443,False,False,False,False,-1756.0,-1532.1602184701312,False,False,False,False,15.703505464980296,False,False,False,False
2025-04-14 15:00:00+00:00,19.99,19.99,19.99,19.99,0.0,,,,,,19.828277268093785,19.966653806584368,20.515915067519543,20.637982026143785,21.797738617663185,,,,,,,,,19.373861386138614,20.75608453670276,,19.75986623282719,,,"rgba(38, 166, 154, 1.0)",0.0,0.0,0.7780941025559283,19.80154964360014,0.24219481394451642,0.0,0.0,0.0,0.0,0.0,0.0,0.0,0.0,48.20450261982242,-7.4943238418742055,False,False,False,False,True,0.0,0,0.898238747553816,1.0466405740378337,False,False,False,False,-0.1442674403189919,-0.16693441237401319,False,False,False,False,-1756.0,-1535.6306026798966,False,False,False,False,15.460040263972848,False,False,False,False
2025-04-14 16:00:00+00:00,19.99,19.99,19.98,19.98,1.0,,,,,,19.828750000000003,19.96667950693375,20.515347887823925,20.637340842311453,21.797241111415772,,,,,,,,,19.37983660130719,20.755387736699724,,19.76034992784993,,,"rgba(38, 166, 154, 1.0)",0.0,0.0,0.7710818888283928,19.82325640513198,0.20327749508704374,0.0,0.0,0.0,0.0,0.0,0.0,0.0,0.0,49.46731869408898,-6.139675652533185,False,False,False,False,True,0.0,0,0.9004413928396272,1.0467549452345917,False,False,False,False,-0.14517752841951875,-0.15605597039676597,False,False,False,False,-1757.0,-1539.062686359278,False,False,False,False,15.235853593213578,False,False,False,False
2025-04-14 17:00:00+00:00,19.98,19.98,19.94,19.94,1.0,,,,,,19.829128672745696,19.966658974358978,20.514750000000003,20.636671559034568,21.79673565423976,,,,,,,,,19.38540453074434,20.75466516516516,,19.76076673866091,,,"rgba(38, 166, 154, 1.0)",0.0,0.0,0.7637365353938345,19.829035625643094,0.1452914312914028,0.0,0.0,0.0,0.0,0.0,0.0,0.0,0.0,49.92646662209242,-5.443390189817542,False,False,False,False,True,0.0,0,0.896969696969697,1.0496314496314494,False,False,False,False,-0.14973158418080934,-0.15289377728878767,False,False,False,False,-1758.0,-1542.4570633149478,False,False,False,False,15.015142684791662,False,False,False,False
2025-04-14 18:00:00+00:00,19.94,19.94,19.94,19.94,0.0,,,,,,19.829128672745696,19.966658974358978,20.514750000000003,20.636671559034568,21.79673565423976,,,,,,,,,19.38540453074434,20.75466516516516,,19.76076673866091,,,"rgba(38, 166, 154, 1.0)",0.0,0.0,0.7517867605466428,19.829035625643094,0.1476008626119225,0.0,0.0,0.0,0.0,0.0,0.0,0.0,0.0,50.23256524076138,-4.8013391383232715,False,False,False,False,True,0.0,0,0.8970906068162926,1.0616791354945965,False,False,False,False,-0.15337926371304464,-0.15313652050091614,False,False,False,False,-1758.0,-1545.7988142713052,False,False,False,False,14.782349774949932,False,False,False,False
2025-04-14 19:00:00+00:00,19.94,19.94,19.94,19.94,0.0,,,,,,19.829128672745696,19.966658974358978,20.514750000000003,20.636671559034568,21.79673565423976,,,,,,,,,19.38540453074434,20.75466516516516,,19.76076673866091,,,"rgba(38, 166, 154, 1.0)",0.0,0.0,0.7387265521956013,19.829035625643094,0.15021035053783469,0.0,0.0,0.0,0.0,0.0,0.0,0.0,0.0,50.43663098654069,-4.201314234950303,False,False,False,False,True,0.0,0,0.8821280133000832,1.0616791354945965,False,False,False,False,-0.15337926371304464,-0.15325789210698038,False,False,False,False,-1758.0,-1549.088755135316,False,False,False,False,14.553166057508847,False,False,False,False
2025-04-15 14:00:00+00:00,19.94,21.37,19.94,21.37,5.0,,,,,,19.84505988023952,19.973732824427486,20.516753086419754,20.637921129503404,21.79549913313258,,,,,,,,,19.455216049382717,20.755286995515693,,19.772866809116813,,,"rgba(38, 166, 154, 1.0)",0.0,0.0,0.7283672967114878,19.961452133951596,1.9338428185997238,0.0,0.0,0.0,0.0,0.0,0.0,0.0,0.0,59.243836441098445,4.1641023438712494,True,False,True,False,True,3.951119892225236,0,0.8874781780669736,1.0134899222345655,False,False,False,False,-0.024738341831166306,-0.08899811696907334,False,False,False,False,-1753.0,-1552.2501697843807,False,False,False,False,14.405054955842042,False,False,False,False
2025-04-15 15:00:00+00:00,21.37,21.37,21.37,21.37,0.0,,,,,,19.84505988023952,19.973732824427486,20.516753086419754,20.637921129503404,21.79549913313258,,,,,,,,,19.455216049382717,20.755286995515693,,19.772866809116813,,,"rgba(38, 166, 154, 1.0)",0.0,0.0,0.7177932774755353,19.961452133951596,1.9623308134094537,0.0,0.0,0.0,0.0,0.0,0.0,0.0,0.0,65.11530674413694,9.36887010002382,True,False,True,False,True,3.951119892225236,0,0.9469953278556469,1.0136942162075073,False,False,False,False,0.10308471912041275,0.007043301075669708,False,False,False,False,-1753.0,-1555.3625702528398,False,False,False,False,14.18172077048015,False,False,False,False
2025-04-15 16:00:00+00:00,21.37,21.37,21.37,21.37,0.0,,,,,,19.84505988023952,19.973732824427486,20.516753086419754,20.637921129503404,21.79549913313258,,,,,,,,,19.455216049382717,20.755286995515693,,19.772866809116813,,,"rgba(38, 166, 154, 1.0)",0.0,0.0,0.7105918418935355,19.961452133951596,1.9822178964157608,0.0,0.0,0.0,0.0,0.0,0.0,0.0,0.0,69.02962027949596,12.694920117604468,True,False,True,False,True,3.951119892225236,0,0.9421620750765266,1.0033832769453839,False,False,False,False,0.10308471912041275,0.05506401009804123,False,False,False,False,-1753.0,-1558.4267164504702,False,False,False,False,13.961849130627744,False,False,False,False
2025-04-15 17:00:00+00:00,21.37,21.37,21.37,21.37,0.0,,,,,,19.84505988023952,19.973732824427486,20.516753086419754,20.637921129503404,21.79549913313258,,,,,,,,,19.455216049382717,20.755286995515693,,19.772866809116813,,,"rgba(38, 166, 154, 1.0)",0.0,0.0,0.701825001929409,19.961452133951596,2.006978751364118,0.0,0.0,0.0,0.0,0.0,0.0,0.0,0.0,71.63916263640195,14.92040759391736,True,False,True,False,True,3.951119892225236,0,0.9421620750765266,1.0033832769453839,False,False,False,False,0.10308471912041275,0.079074364609227,False,False,False,False,-1753.0,-1561.4433565055015,False,False,False,False,13.745386353408708,False,False,False,False
2025-04-15 18:00:00+00:00,21.37,24.3,21.37,24.3,113.0,,,,,,20.72435495898583,20.466577690972226,20.81651071203529,20.904106725146196,21.84134227296866,,,,,,,,,21.433031674208145,20.991597448425622,,20.463405048766496,,,"rgba(38, 166, 154, 1.0)",0.0,0.0,0.8147315481159285,21.175485535903,3.835023292423693,0.0,0.0,0.0,0.0,0.0,0.0,0.0,0.0,78.27426977113487,20.914959093296787,True,False,True,False,True,19.09926075917468,0,0.9471514794641542,0.9168261445605767,False,False,False,False,0.3428282353875817,0.21095129999840437,False,False,False,False,-1640.0,-1562.6612889627804,False,False,False,False,15.284217572735704,False,False,False,False
2025-04-15 19:00:00+00:00,24.3,25.09,24.3,25.09,4.0,,,,,,20.760739098300075,20.48916882556132,20.831614877589455,20.917821969696966,21.844509725906274,,,,,,,,,21.493362962962962,21.00404897186147,,20.49323931623932,,,"rgba(38, 166, 154, 1.0)",0.0,0.0,0.9595571895410313,21.21392090269473,4.03944563133256,0.0,0.0,0.0,0.0,0.0,0.0,0.0,0.0,83.15264945163216,25.189917626231633,True,False,True,False,True,20.0,0,1.0326571716299813,0.8959861890375482,False,False,False,False,0.3428282415399902,0.2768897707691973,False,False,False,False,-1636.0,-1563.7983232424272,False,False,False,False,15.109268463080888,False,False,False,False
2025-04-16 14:00:00+00:00,24.49,24.49,24.49,24.49,0.0,,,,,,20.760739098300075,20.48916882556132,20.831614877589455,20.917821969696966,21.844509725906274,,,,,,,,,21.493362962962962,21.00404897186147,,20.49323931623932,,,"rgba(38, 166, 154, 1.0)",0.0,0.0,1.0517419570141846,21.21392090269473,3.1149076781207876,0.0,0.0,0.0,0.0,0.0,0.0,0.0,0.0,82.6511139886444,25.189917626231633,True,False,True,False,True,18.19473421990427,0,1.0205062933107056,0.8977513788714464,False,False,False,False,0.31665560666214426,0.29677268871567075,False,False,False,False,-1636.0,-1564.9177290836296,False,False,False,False,14.875016238847074,False,False,False,False
2025-04-16 15:00:00+00:00,24.49,24.49,24.49,24.49,0.0,,,,,,20.760739098300075,20.48916882556132,20.831614877589455,20.917821969696966,21.844509725906274,,,,,,,,,21.493362962962962,21.00404897186147,,20.49323931623932,,,"rgba(38, 166, 154, 1.0)",0.0,0.0,1.1410078798947292,21.21392090269473,2.871215137977419,0.0,0.0,0.0,0.0,0.0,0.0,0.0,0.0,82.31675701331923,25.189917626231633,True,False,True,False,True,18.19473421990427,0,1.0208064284689338,0.9108910891089107,False,False,False,False,0.31665560666214426,0.3067141476889075,False,False,False,False,-1636.0,-1566.019779795511,False,False,False,False,14.644395832043243,False,False,False,False
2025-04-16 16:00:00+00:00,24.49,24.49,24.49,24.49,0.0,,,,,,20.760739098300075,20.48916882556132,20.831614877589455,20.917821969696966,21.844509725906274,,,,,,,,,21.493362962962962,21.00404897186147,,20.49323931623932,,,"rgba(38, 166, 154, 1.0)",0.0,0.0,1.2222235939112764,21.21392090269473,2.6804253441233143,0.0,0.0,0.0,0.0,0.0,0.0,0.0,0.0,82.09385236310246,25.189917626231633,True,False,True,False,True,18.19473421990427,0,1.0163791853891868,0.9099869546311056,False,False,False,False,0.31665560666214426,0.31168487717552584,False,False,False,False,-1636.0,-1567.1047444498442,False,False,False,False,14.417350935422416,False,False,False,False
2025-04-16 17:00:00+00:00,24.49,24.49,24.49,24.49,0.0,,,,,,20.760739098300075,20.48916882556132,20.831614877589455,20.917821969696966,21.844509725906274,,,,,,,,,21.493362962962962,21.00404897186147,,20.49323931623932,,,"rgba(38, 166, 154, 1.0)",0.0,0.0,1.2969023628394785,21.21392090269473,2.526079981944452,0.0,0.0,0.0,0.0,0.0,0.0,0.0,0.0,81.94524926295793,25.189917626231633,True,False,True,False,True,18.19473421990427,0,1.0157993912161178,0.9004203507754743,False,False,False,False,0.31665560666214426,0.314170241918835,False,False,False,False,-1636.0,-1568.1728879467457,False,False,False,False,14.193826114718192,False,False,False,False
2025-04-16 18:00:00+00:00,24.49,24.49,24.49,24.49,0.0,,,,,,20.760739098300075,20.48916882556132,20.831614877589455,20.917821969696966,21.844509725906274,,,,,,,,,21.493362962962962,21.00404897186147,,20.49323931623932,,,"rgba(38, 166, 154, 1.0)",0.0,0.0,1.3661166339875748,21.21392090269473,2.398096191642641,0.0,0.0,0.0,0.0,0.0,0.0,0.0,0.0,81.84618052952825,25.589136600326526,True,False,True,False,True,18.19473421990427,0,1.0157993912161178,0.9004203507754743,False,False,False,False,0.31665560666214426,0.3154129242904896,False,False,False,False,-1636.0,-1569.224471079354,False,False,False,False,13.973766795110157,False,False,False,False
2025-04-16 19:00:00+00:00,24.49,25.48,24.49,25.48,7.0,,,,,,20.82782387190684,20.531050492083875,20.859892422825073,20.94356067187952,21.850635866207746,,,,,,,,,21.603692528735632,21.027472423997846,,20.548302364864867,,,"rgba(38, 166, 154, 1.0)",0.0,0.0,1.4689255220020767,21.2855429033765,2.855459336635838,0.0,0.0,0.0,0.0,0.0,0.0,0.0,0.0,83.40072877252194,27.636637352953116,True,False,True,False,True,20.0,0,1.0301644031451036,0.8734810578984986,False,False,False,False,0.3428282421579243,0.32912058322420695,False,False,False,False,-1629.0,-1570.1512234657205,False,False,False,False,13.865646379682092,False,False,False,False
2025-04-17 14:00:00+00:00,25.48,25.48,24.9,24.995,104.0,,,,,,21.62303084223013,21.07212721781805,21.23804347826087,21.29007038512616,21.938379713132353,,,,,,,,,22.69362103174603,21.34477910151402,,21.232176724137933,,,"rgba(38, 166, 154, 1.0)",0.0,0.0,1.5446196884611654,22.043719772918454,1.9106840661999938,0.0,0.0,0.0,0.0,0.0,0.0,0.0,0.0,80.76317774830265,27.636637352953116,True,False,True,False,False,18.88485768464346,0,1.0412037688088873,0.8612009562649412,False,False,False,False,0.3428282425601302,0.33597441289216856,False,False,False,False,-1733.0,-1572.6760106988102,False,False,False,False,15.263078218756787,False,False,False,False
2025-04-17 15:00:00+00:00,24.995,24.995,24.9,24.9,1.0,,,,,,21.62890763765542,21.07649321266969,21.24118966496309,21.292969745222926,21.939150781384164,,,,,,,,,22.70026211671612,21.347447916666663,,21.237484457197517,,,"rgba(38, 166, 154, 1.0)",0.0,0.0,1.612347435341446,22.048811649603927,1.768346131795271,0.0,0.0,0.0,0.0,0.0,0.0,0.0,0.0,78.31766000154124,27.636637352953116,True,False,True,False,False,18.255507001834715,0,1.0413724936458626,0.8811070319118888,False,False,False,False,0.31434170890167695,0.3251580608969228,False,False,False,False,-1734.0,-1575.1771578197588,False,False,False,False,15.041945223117146,False,False,False,False
2025-04-17 16:00:00+00:00,24.9,24.9,24.9,24.9,0.0,,,,,,21.62890763765542,21.07649321266969,21.24118966496309,21.292969745222926,21.939150781384164,,,,,,,,,22.70026211671612,21.347447916666663,,21.237484457197517,,,"rgba(38, 166, 154, 1.0)",0.0,0.0,1.675642805257343,22.048811649603927,1.7015490064173848,0.0,0.0,0.0,0.0,0.0,0.0,0.0,0.0,76.68731483703364,31.864245636690185,True,False,True,False,False,18.255507001834715,0,1.0393956509460602,0.8789889861621007,False,False,False,False,0.30882055887788445,0.3169893098874036,False,False,False,False,-1734.0,-1577.639527465964,False,False,False,False,14.808736770045563,False,False,False,False
2025-04-17 17:00:00+00:00,24.9,25.11,24.72,25.11,739.0,,,,,,23.530948540706603,22.85387553912508,22.685507928210487,22.658741854636588,22.42544975834956,,,,,,,,,24.2659928748451,22.636192990878538,,23.16347260909935,,,"rgba(38, 166, 154, 1.0)",0.0,0.0,1.7414955827864602,23.64892071220322,0.8389796116846848,0.0,0.0,0.0,0.0,0.0,0.0,0.0,0.0,76.2291232851608,31.149134132201254,True,False,True,False,False,19.117720478670346,0,1.0339385474860334,0.8744413407821225,False,False,False,False,0.3105620945281848,0.31377570220779416,False,False,False,False,-995.0,-1568.6063564974993,False,False,False,False,26.03650829299059,False,False,False,False
2025-04-17 18:00:00+00:00,25.11,25.11,25.0,25.0,63.0,,,,,,23.60044322344322,22.93543890865955,22.760468960863694,22.731535471331387,22.460570737261598,,,,,,,,,24.30862013462101,22.70666356011183,,23.2421992439404,,,"rgba(38, 166, 154, 1.0)",0.0,0.0,1.7995057079077803,23.709076085426577,0.7173769490702715,0.0,0.0,0.0,0.0,0.0,0.0,0.0,0.0,74.91580397026976,29.605917545243415,True,False,True,False,False,18.359497560588913,0,1.0416318574213308,0.8748259537733218,False,False,False,False,0.3269063758889989,0.3203410390483965,False,False,False,False,-1058.0,-1560.6899788773828,False,False,False,False,26.609585683796936,False,False,False,False
2025-04-17 19:00:00+00:00,25.0,25.6,25.0,25.6,43.0,,,,,,23.65540127840909,22.996732215153266,22.816684827472343,22.786149452641595,22.487309780692474,,,,,,,,,24.348323463056964,22.75957058017359,,23.302371379161258,,,"rgba(38, 166, 154, 1.0)",0.0,0.0,1.8718880433526832,23.758549005403125,0.9837399203099282,0.0,0.0,0.0,0.0,0.0,0.0,0.0,0.0,75.86604245444764,29.605917545243415,True,False,True,False,False,20.0,0,1.0420534458509143,0.8867791842475384,False,False,False,False,0.34282824276525464,0.3315846409068256,False,False,False,False,-1015.0,-1552.229669127346,False,False,False,False,26.863700634435745,False,False,False,False
2025-04-18 14:00:00+00:00,25.6,25.6,25.6,25.6,0.0,,,,,,23.65540127840909,22.996732215153266,22.816684827472343,22.786149452641595,22.487309780692474,,,,,,,,,24.348323463056964,22.75957058017359,,23.302371379161258,,,"rgba(38, 166, 154, 1.0)",0.0,0.0,1.9397500256894065,23.758549005403125,0.9493238665855441,0.0,0.0,0.0,0.0,0.0,0.0,0.0,0.0,76.49953477723287,29.605917545243415,True,False,True,False,False,20.0,0,1.0366129488266893,0.8867684478371499,False,False,False,False,0.34282824329023276,0.3372064420985292,False,False,False,False,-1015.0,-1543.9005269703327,False,False,False,False,26.447209151731315,False,False,False,False
2025-04-18 15:00:00+00:00,25.6,25.6,25.6,25.6,0.0,,,,,,23.65540127840909,22.996732215153266,22.816684827472343,22.786149452641595,22.487309780692474,,,,,,,,,24.348323463056964,22.75957058017359,,23.302371379161258,,,"rgba(38, 166, 154, 1.0)",0.0,0.0,2.0032885081402374,23.758549005403125,0.9192140758129721,0.0,0.0,0.0,0.0,0.0,0.0,0.0,0.0,76.92186299242303,29.605917545243415,True,False,True,False,False,20.0,0,1.038877812589006,0.8862147536314435,False,False,False,False,0.34282824329023276,0.340017342694381,False,False,False,False,-1015.0,-1535.7005188002502,False,False,False,False,26.037174901316874,False,False,False,False
2025-04-18 16:00:00+00:00,25.6,25.6,25.6,25.6,0.0,,,,,,23.65540127840909,22.996732215153266,22.816684827472343,22.786149452641595,22.487309780692474,,,,,,,,,24.348323463056964,22.75957058017359,,23.302371379161258,,,"rgba(38, 166, 154, 1.0)",0.0,0.0,2.0634284467736816,23.758549005403125,0.8924229950770121,0.0,0.0,0.0,0.0,0.0,0.0,0.0,0.0,77.20341513588315,29.605917545243415,True,False,True,False,True,20.0,0,1.0404748283752863,0.8811498855835237,False,False,False,False,0.34282824329023276,0.3414227929923069,False,False,False,False,-1015.0,-1527.6276425397812,False,False,False,False,25.633497771063897,False,False,False,False
2025-04-18 17:00:00+00:00,25.6,25.6,25.6,25.6,0.0,,,,,,23.65540127840909,22.996732215153266,22.816684827472343,22.786149452641595,22.487309780692474,,,,,,,,,24.348323463056964,22.75957058017359,,23.302371379161258,,,"rgba(38, 166, 154, 1.0)",0.0,0.0,2.1200980811919456,23.758549005403125,0.8685687756302243,0.0,0.0,0.0,0.0,0.0,0.0,0.0,0.0,77.39111656485656,29.605917545243415,True,False,True,False,True,20.0,0,1.0435344827586206,0.8762931034482755,False,False,False,False,0.34282824329023276,0.3421255181412698,False,False,False,False,-1015.0,-1519.6799271515674,False,False,False,False,25.236079200969883,False,False,False,False
2025-04-18 18:00:00+00:00,25.6,25.6,25.6,25.6,0.0,,,,,,23.65540127840909,22.996732215153266,22.816684827472343,22.786149452641595,22.487309780692474,,,,,,,,,24.348323463056964,22.75957058017359,,23.302371379161258,,,"rgba(38, 166, 154, 1.0)",0.0,0.0,2.17356886332214,23.758549005403125,0.8472015889031249,0.0,0.0,0.0,0.0,0.0,0.0,0.0,0.0,77.51625085083882,29.605917545243415,True,False,True,False,True,20.0,0,1.0460716348931254,0.875649913344887,False,False,False,False,0.34282824329023276,0.3424768807157513,False,False,False,False,-1015.0,-1511.8554321569695,False,False,False,False,24.84482215909438,False,False,False,False
2025-04-18 19:00:00+00:00,25.6,25.6,25.6,25.6,0.0,,,,,,23.65540127840909,22.996732215153266,22.816684827472343,22.786149452641595,22.487309780692474,,,,,,,,,24.348323463056964,22.75957058017359,,23.302371379161258,,,"rgba(38, 166, 154, 1.0)",0.0,0.0,2.2227675347443356,23.758549005403125,0.8284496537820276,0.0,0.0,0.0,0.0,0.0,0.0,0.0,0.0,77.59967370816034,29.605917545243415,True,False,True,False,True,20.0,0,1.0467912501810805,0.8725191945530923,False,False,False,False,0.34282824329023276,0.342652562002992,False,False,False,False,-1015.0,-1504.152247162288,False,False,False,False,24.45963111786811,False,False,False,False
2025-04-21 14:00:00+00:00,25.69,25.69,25.07,25.07,15.0,,,,,,23.672491215741392,23.016341743119266,22.83482628646345,22.803804347826084,22.49613313651061,,,,,,,,,24.359956836535783,22.776701451905623,,23.32139156497538,,,"rgba(38, 166, 154, 1.0)",0.0,0.0,2.2572347588934245,23.916231965736557,0.5111422415048493,0.0,0.0,0.0,0.0,0.0,0.0,0.0,0.0,70.27264179532166,23.2965375201495,True,False,True,False,False,16.782385266942843,0,1.0336290784201487,0.8714939896966224,False,False,False,False,0.31854421683740375,0.33059838942019787,False,False,False,False,-1030.0,-1496.801049531865,False,False,False,False,24.31297017030426,False,False,False,False
2025-04-21 15:00:00+00:00,25.07,25.3,25.07,25.3,100.0,,,,,,23.774319325891884,23.136026753434564,22.946752577319586,22.91298886883273,22.552456973702323,,,,,,,,,24.426524029812384,22.882892071759258,,23.436173808086902,,,"rgba(38, 166, 154, 1.0)",0.0,0.0,2.2947339832873777,23.996403993277646,0.568081536342115,0.0,0.0,0.0,0.0,0.0,0.0,0.0,0.0,67.1938198209283,20.677154220712325,False,False,True,False,False,17.84138624947589,0,1.0335426777048244,0.8813873822437908,False,False,False,False,0.29732031206879067,0.31395935074449427,False,False,False,False,-930.0,-1488.013436360828,False,False,False,False,25.48641249324528,False,False,False,False
2025-04-21 16:00:00+00:00,25.3,25.46,25.15,25.46,5.0,,,,,,23.77949716404887,23.14203172886245,22.952385850085708,22.918490169593273,22.55534970084588,,,,,,,,,24.430096006144392,22.888248881189543,,23.44195146409948,,,"rgba(38, 166, 154, 1.0)",0.0,0.0,2.3340534126992973,24.001029734856175,0.6250800676650107,0.0,0.0,0.0,0.0,0.0,0.0,0.0,0.0,66.27384263150522,20.003882126212147,False,False,True,False,False,18.570034308681212,0,1.0473940435280642,0.8729954180985104,False,False,False,False,0.3103492375974969,0.3121542941709956,False,False,False,False,-925.0,-1479.2845458746135,False,False,False,False,25.16879369490039,False,False,False,False
2025-04-21 17:00:00+00:00,25.46,25.46,25.22,25.22,12.0,,,,,,23.79134523809524,23.155946623679025,22.965482721214936,22.931288251977904,22.562128009878574,,,,,,,,,24.4380403348554,22.900718081286797,,23.455270808442847,,,"rgba(38, 166, 154, 1.0)",0.0,0.0,2.3662759162260887,24.01116729561737,0.5108587278826576,0.0,0.0,0.0,0.0,0.0,0.0,0.0,0.0,62.90540400679269,16.980977044933255,False,False,True,False,False,16.7792397573143,0,1.049061433447099,0.8619169510807733,False,False,False,False,0.3141684739714752,0.3131613840712354,False,False,False,False,-937.0,-1470.8770335354723,False,False,False,False,24.964626350793406,False,False,False,False
2025-04-21 18:00:00+00:00,25.22,25.22,24.98,24.98,3.0,,,,,,23.793811838410026,23.159011087267526,22.968399876199317,22.934144305307093,22.563669271904562,,,,,,,,,24.439457099468484,22.90350545037292,,23.458141522560126,,,"rgba(239, 83, 80, 1.0)",0.0,0.0,2.386589367865933,24.012882453626318,0.4052299735326778,0.0,0.0,0.0,0.0,0.0,0.0,0.0,0.0,58.29860603424776,12.892977415914729,False,True,True,False,False,15.021203948385033,0,1.0419491525423727,0.8696327683615815,False,False,False,False,0.28815070451749897,0.3006560442943672,False,False,False,False,-940.0,-1462.6463818527518,False,False,False,False,24.624089508145445,False,False,False,False
2025-04-21 19:00:00+00:00,24.98,25.235,24.98,25.235,8.0,,,,,,23.80080700623254,23.167519586894585,22.97647240209682,22.942043969102787,22.56791786447638,,,,,,,,,24.443747169811317,22.911212121212117,,23.46617408506429,,,"rgba(239, 83, 80, 1.0)",0.0,0.0,2.4093886368959883,24.01823646118818,0.505009245988382,0.0,0.0,0.0,0.0,0.0,0.0,0.0,0.0,57.45063223812075,12.278057083990632,False,True,True,False,False,16.241476928324047,0,1.0416491375683634,0.8701444397700179,False,False,False,False,0.2889578726380237,0.2948069584661954,False,False,False,False,-932.0,-1454.4193061651122,False,False,False,False,24.36635168631373,False,False,False,False
2025-04-22 14:00:00+00:00,25.235,25.235,24.9,24.9,100.0,,,,,,23.874147991116494,23.261036173089924,23.06644562334217,23.03033845278725,22.61708786049631,,,,,,,,,24.48360116959064,22.99757949561403,,23.552756302521004,,,"rgba(239, 83, 80, 1.0)",0.0,0.0,2.4260237924310113,24.070694151385503,0.3418374754616421,0.0,0.0,0.0,0.0,0.0,0.0,0.0,0.0,53.870813646975655,9.012277575215116,False,True,True,False,False,13.819086704780663,0,1.0390386218393999,0.8713531536537924,False,False,False,False,0.2846571800121559,0.28973206923917566,False,False,False,False,-1032.0,-1447.8701696354206,False,False,False,False,25.538966388851502,False,False,False,False
2025-04-22 15:00:00+00:00,24.9,24.9,24.9,24.9,0.0,,,,,,23.874147991116494,23.261036173089924,23.06644562334217,23.03033845278725,22.61708786049631,,,,,,,,,24.48360116959064,22.99757949561403,,23.552756302521004,,,"rgba(239, 83, 80, 1.0)",0.0,0.0,2.4422813843536266,24.070694151385503,0.33956195790026855,0.0,0.0,0.0,0.0,0.0,0.0,0.0,0.0,51.484267919545594,6.859712876115019,False,True,False,False,False,13.819086704780663,0,1.0398073381498796,0.8980025499362513,False,False,False,False,0.2667569208718655,0.27824449505552057,False,False,False,False,-1032.0,-1441.4225701061891,False,False,False,False,25.143013421582488,False,False,False,False
2025-04-22 16:00:00+00:00,24.9,24.9,24.7,24.7,2.0,,,,,,23.87522786852188,23.26256163458291,23.067947585394577,23.031818698493886,22.61795253419147,,,,,,,,,24.483997897687452,22.999033141605032,,23.554114903935826,,,"rgba(239, 83, 80, 1.0)",0.0,0.0,2.4520621988495592,24.166227771484373,0.21768298894133198,0.0,0.0,0.0,0.0,0.0,0.0,0.0,0.0,48.193287562665326,3.83256061479117,False,True,False,True,False,12.377030730797962,0,1.014486578610993,0.8977417980400509,False,False,False,False,0.25614995192485923,0.26719722349018993,False,False,False,False,-1034.0,-1435.1059411122947,False,False,False,False,24.78420701194555,False,False,False,False
2025-04-22 17:00:00+00:00,24.7,24.7,24.7,24.7,0.0,,,,,,23.87522786852188,23.26256163458291,23.067947585394577,23.031818698493886,22.61795253419147,,,,,,,,,24.483997897687452,22.999033141605032,,23.554114903935826,,,"rgba(239, 83, 80, 1.0)",0.0,0.0,2.4602420008410983,24.166227771484373,0.2169592374787288,0.0,0.0,0.0,0.0,0.0,0.0,0.0,0.0,45.999300658078475,1.8012514597340825,False,True,False,True,False,12.377030730797962,0,1.014486578610993,0.903422809260048,False,False,False,False,0.24559909602160754,0.25639815975589875,False,False,False,False,-1034.0,-1428.8872443508637,False,False,False,False,24.39995574044252,False,False,False,False
2025-04-22 18:00:00+00:00,24.7,24.7,24.7,24.7,0.0,,,,,,23.87522786852188,23.26256163458291,23.067947585394577,23.031818698493886,22.61795253419147,,,,,,,,,24.483997897687452,22.999033141605032,,23.554114903935826,,,"rgba(239, 83, 80, 1.0)",0.0,0.0,2.4636609724934346,24.166227771484373,0.21665814999512853,0.0,0.0,0.0,0.0,0.0,0.0,0.0,0.0,44.536642721687244,0.35689504461480226,False,True,False,True,False,12.377030730797962,0,1.0328224407171778,0.9016772700983225,False,False,False,False,0.24559909602160754,0.25099862788875316,False,False,False,False,-1034.0,-1422.7649614927107,False,False,False,False,24.021661852993795,False,False,False,False
2025-04-22 19:00:00+00:00,24.7,25.06,24.7,25.06,114.0,,,,,,23.943922844746275,23.354145913154532,23.15769273899635,23.120246612466122,22.669999999999998,,,,,,,,,24.51773199221285,23.085873888016742,,23.637224267929156,,,"rgba(239, 83, 80, 1.0)",0.0,0.0,2.4694197863224856,24.495575490015764,0.22856563841856492,0.0,0.0,0.0,0.0,0.0,0.0,0.0,0.0,47.81681353405082,0.35689504461480226,False,True,False,True,True,14.262952903518517,0,1.033371526783157,0.8743912918934401,False,False,False,False,0.26463090218234553,0.25781476503554934,False,False,False,False,-920.0,-1414.9701558881725,False,False,False,False,25.416674847521023,False,False,False,False
2025-04-23 14:00:00+00:00,26.09,26.2,26.09,26.2,256.0,,,,,26.16333333333333,24.224777558082057,23.660951365187714,23.449812705644135,23.4070765832106,22.83740796206165,,,,,,,,,24.752163791504355,23.36684022824536,,23.93703137073095,,,"rgba(38, 166, 154, 1.0)",0.0,0.0,2.493413173192956,24.907122604598534,0.51851711112357,0.0,0.0,0.0,0.0,0.0,0.0,0.0,0.0,56.66226661204698,0.019207135143624043,False,True,True,False,True,19.64924537724923,0,1.0440400111141985,0.8742706307307584,False,False,False,False,0.3428282441320533,0.30032150458380136,False,False,False,False,-664.0,-1403.3272077348674,False,False,False,False,28.991610121202868,False,False,False,False
2025-04-23 15:00:00+00:00,26.2,26.2,26.02,26.02,1.0,,,,,26.163009079118027,24.225694169960473,23.661982942430704,23.45081087919038,23.408060360691938,22.83801484808784,,,,,,,,,24.75290229885057,23.36780748663101,,23.93802440531356,,,"rgba(38, 166, 154, 1.0)",0.0,0.0,2.5107723767653334,24.90792783051838,0.4429203458556131,0.0,0.0,0.0,0.0,0.0,0.0,0.0,0.0,60.77070468075283,3.524355973147827,False,True,True,False,True,18.3159277693886,0,1.0416086835513496,0.8796270526022818,False,False,False,False,0.3392333292288071,0.31977741690630423,False,False,False,False,-665.0,-1391.8802742816135,False,False,False,False,28.55763166971135,False,False,False,False
2025-04-23 16:00:00+00:00,26.02,26.02,26.02,26.02,0.0,,,,,26.163009079118027,24.225694169960473,23.661982942430704,23.45081087919038,23.408060360691938,22.83801484808784,,,,,,,,,24.75290229885057,23.36780748663101,,23.93802440531356,,,"rgba(38, 166, 154, 1.0)",0.0,0.0,2.5253108130886814,24.90792783051838,0.44037041449224906,0.0,0.0,0.0,0.0,0.0,0.0,0.0,0.0,63.5096633932234,5.893167655026488,False,True,True,False,True,18.3159277693886,0,1.037565315633385,0.8850444852421971,False,False,False,False,0.33002766494600716,0.32490254092615567,False,False,False,False,-665.0,-1380.6108126648442,False,False,False,False,28.114877690335977,False,False,False,False
2025-04-23 17:00:00+00:00,26.02,26.68,26.02,26.66,218.0,,,,,26.296252631578945,24.442297799583706,23.899405644427105,23.680236008879536,23.634250993753547,22.979741053767306,,,,,,,,,24.936778273809523,23.590316462675037,,24.16880611672278,,,"rgba(38, 166, 154, 1.0)",0.0,0.0,2.5502038568929404,25.11902713749498,0.6042547768641814,0.0,0.0,0.0,0.0,0.0,0.0,0.0,0.0,67.86968861288807,9.884956082673739,False,False,True,False,True,20.0,0,1.0368778594204908,0.8688479134895326,False,False,False,False,0.34282824441664117,0.3338653926713984,False,False,False,False,-447.0,-1366.1362264219783,False,False,False,False,31.05883307498193,False,False,False,False
2025-04-23 18:00:00+00:00,26.66,27.15,26.66,27.15,1.0,,,,,26.29770308123249,24.443432159310447,23.900609724388975,23.68139453398738,23.63539282470481,22.980461464700944,,,,,,,,,24.93779457940836,23.591439594356252,,24.16999158603281,,,"rgba(38, 166, 154, 1.0)",0.0,0.0,2.583846071754748,25.296290676327914,0.7174225059053884,0.0,0.0,0.0,0.0,0.0,0.0,0.0,0.0,72.13675338156065,13.809032128796495,True,False,True,False,True,20.0,0,1.0538913965257832,0.8577485980030091,False,False,False,False,0.34282824511357146,0.33834681889248497,False,False,False,False,-446.0,-1351.8705484929553,False,False,False,False,30.592804655214767,False,False,False,False
2025-04-23 19:00:00+00:00,27.15,27.15,27.15,27.15,0.0,,,,,26.29770308123249,24.443432159310447,23.900609724388975,23.68139453398738,23.63539282470481,22.980461464700944,,,,,,,,,24.93779457940836,23.591439594356252,,24.16999158603281,,,"rgba(38, 166, 154, 1.0)",0.0,0.0,2.6135337783948254,25.296290676327914,0.709273145423279,0.0,0.0,0.0,0.0,0.0,0.0,0.0,0.0,74.98146322734237,16.482867057678718,True,False,True,False,True,20.0,0,1.0672958555601146,0.8577485980030091,False,False,False,False,0.342828245391238,0.3405875321418615,False,False,False,False,-446.0,-1337.8260438651575,False,False,False,False,30.118497606296707,False,False,False,False
2025-04-24 14:00:00+00:00,26.73,26.73,26.73,26.73,0.0,,,,,26.29770308123249,24.443432159310447,23.900609724388975,23.68139453398738,23.63539282470481,22.980461464700944,,,,,,,,,24.93779457940836,23.591439594356252,,24.16999158603281,,,"rgba(38, 166, 154, 1.0)",0.0,0.0,2.6307347002430683,25.296290676327914,0.5449843815644422,0.0,0.0,0.0,0.0,0.0,0.0,0.0,0.0,72.6012802235733,16.482867057678718,True,False,True,False,True,19.97404793741873,0,1.0838257523704822,0.8570839631716366,False,False,False,False,0.30537748692662314,0.32298250953424235,False,False,False,False,-446.0,-1323.9992834951552,False,False,False,False,29.65154415503629,False,False,False,False
2025-04-24 15:00:00+00:00,26.73,26.73,26.73,26.73,0.0,,,,,26.29770308123249,24.443432159310447,23.900609724388975,23.68139453398738,23.63539282470481,22.980461464700944,,,,,,,,,24.93779457940836,23.591439594356252,,24.16999158603281,,,"rgba(38, 166, 154, 1.0)",0.0,0.0,2.6423785524436765,25.296290676327914,0.5425828643462874,0.0,0.0,0.0,0.0,0.0,0.0,0.0,0.0,71.01449155439391,16.482867057678718,False,False,True,False,False,19.97404793741873,0,1.0880242825607063,0.8403697571743928,False,False,False,False,0.30537748692662314,0.31417999823043274,False,False,False,False,-446.0,-1310.3868915029823,False,False,False,False,29.19183029216751,False,False,False,False
2025-04-24 16:00:00+00:00,26.73,26.73,26.0,26.0,1.0,,,,,26.29758909853249,24.444234254307784,23.901523066926575,23.682291885580845,23.636280785381903,22.98104799568578,,,,,,,,26.243333333333336,24.938441526263624,23.592316253443517,,24.17086347070367,,,"rgba(239, 83, 80, 1.0)",0.0,0.0,2.6451911867413935,25.3879786014531,0.23137132832385127,0.0,0.0,0.0,0.0,0.0,0.0,0.0,0.0,64.09564357899384,22.67043078040078,False,True,True,False,False,14.744109191303057,0,1.078781224265715,0.8407905572330496,False,False,False,False,0.27349593609597467,0.2938379671632037,False,False,False,False,-447.0,-1297.0010482238663,False,False,False,False,28.754747651978864,False,False,False,False
2025-04-24 17:00:00+00:00,26.0,26.805,26.0,26.805,1.0,,,,,26.298089260808926,24.445166295471417,23.902550012990385,23.683291316526603,23.637267982754704,22.981687035705725,,,,,,,,26.39,24.939233118705626,23.593289270764476,,24.171857923497264,,,"rgba(239, 83, 80, 1.0)",0.0,0.0,2.6739875376207873,25.39624024776078,0.5268385631642402,0.0,0.0,0.0,0.0,0.0,0.0,0.0,0.0,63.51721231706843,21.964010178027465,False,True,True,False,False,18.25994321291642,0,1.0770780179938229,0.8277158587350609,False,False,False,False,0.27674554025842946,0.2852917537108166,False,False,False,False,-446.0,-1283.8072335227212,False,False,False,False,28.324441486831905,False,False,False,False
2025-04-24 18:00:00+00:00,26.805,26.805,26.805,26.805,0.0,,,,,26.298089260808926,24.445166295471417,23.902550012990385,23.683291316526603,23.637267982754704,22.981687035705725,,,,,,,,26.39,24.939233118705626,23.593289270764476,,24.171857923497264,,,"rgba(239, 83, 80, 1.0)",0.0,0.0,2.7006771139612016,25.39624024776078,0.521632054774934,0.0,0.0,0.0,0.0,0.0,0.0,0.0,0.0,63.131591475784816,21.197166328547183,False,True,True,False,False,18.25994321291643,0,1.0994721883881446,0.8342130193530923,False,False,False,False,0.31200175759929794,0.29864675565505727,False,False,False,False,-446.0,-1270.8179740882604,False,False,False,False,27.885302859129084,False,False,False,False
2025-04-24 19:00:00+00:00,26.805,26.805,26.58,26.72,5.0,,,,,26.302267080745338,24.450180740740738,23.907993647089327,23.688566352091335,23.642474232642424,22.98502693481774,,,,,,,,26.612619047619045,24.943586956521735,23.598416914109745,,24.17716373042505,,,"rgba(239, 83, 80, 1.0)",0.0,0.0,2.7238575041111517,25.41880455200102,0.4777032007126173,0.0,0.0,0.0,0.0,0.0,0.0,0.0,0.0,62.219924280028884,19.810060133010495,False,True,True,False,False,17.665489870994325,0,1.0891702586206893,0.8323006465517239,False,False,False,False,0.3020751081474956,0.30036093190127644,False,False,False,False,-451.0,-1258.1076179008455,False,False,False,False,27.530491962088323,False,False,False,False
2025-04-25 14:00:00+00:00,25.91,26.2,25.91,26.2,1.0,,,,,26.301856060606056,24.450915148822745,23.90884720062208,23.689410086186808,23.643310122282603,22.985586774386594,,,,,,,26.103333333333335,26.54895833333333,24.94415967078189,23.59924307387862,,24.177971348707192,,,"rgba(239, 83, 80, 1.0)",0.0,0.0,2.7371646950023854,25.41135244081301,0.28812572390215774,0.0,0.0,0.0,0.0,0.0,0.0,0.0,0.0,58.02611437515161,15.42774482464199,False,True,True,False,False,14.119372637958836,0,1.0762130801687761,0.8367616033755273,False,False,False,False,0.24684048741325035,0.2736007096572634,False,False,False,False,-452.0,-1245.609825375251,False,False,False,False,27.11916650531176,False,False,False,False
2025-04-25 15:00:00+00:00,26.2,26.2,25.76,25.76,8.0,,,,,26.295430216802167,24.456070532684077,23.91504198966408,23.695590592334487,23.649443879855458,22.98977620413529,,,,,,,25.928518518518516,26.2278125,24.947947204459744,23.60531524122806,,24.18375052235687,,,"rgba(239, 83, 80, 1.0)",0.0,0.0,2.7300291751732675,25.372859223749494,0.1418082926626369,0.0,0.0,0.0,0.0,0.0,0.0,0.0,0.0,52.831411168135155,10.335803262113181,False,True,False,False,False,11.268927293156256,0,1.0716714622024586,0.8412241695003921,False,False,False,False,0.24044424594213515,0.2570224777996993,False,False,False,False,-460.0,-1233.4298280826113,False,False,False,False,26.822745319182896,False,False,False,False
2025-04-25 16:00:00+00:00,25.76,25.76,25.76,25.76,0.0,,,,,26.295430216802167,24.456070532684077,23.91504198966408,23.695590592334487,23.649443879855458,22.98977620413529,,,,,,,25.928518518518516,26.2278125,24.947947204459744,23.60531524122806,,24.18375052235687,,,"rgba(239, 83, 80, 1.0)",0.0,0.0,2.714340790676046,25.372859223749494,0.14262791819669957,0.0,0.0,0.0,0.0,0.0,0.0,0.0,0.0,49.36827569679085,6.984573106616281,False,True,False,True,False,11.268927293156246,0,1.0695788647658906,0.8514255820036619,False,False,False,False,0.2217907298970404,0.23940660384836984,False,False,False,False,-460.0,-1221.4386679572995,False,False,False,False,26.406888802606417,False,False,False,False
2025-04-25 17:00:00+00:00,25.76,25.76,25.67,25.67,11.0,,,,,26.282408880053016,24.46209838472834,23.92261996655088,23.70324366539395,23.657056474294063,22.99511033577861,,,,,,,25.802833333333336,26.012777777777778,24.951994455316367,23.612867365890953,,24.190688435940093,,,"rgba(239, 83, 80, 1.0)",0.0,0.0,2.7076144248902594,25.34626977853428,0.11956289584283933,0.0,0.0,0.0,0.0,0.0,0.0,0.0,0.0,46.54775405125163,4.213071131380303,False,True,False,True,False,10.68523458326231,0,1.0673656618610745,0.8555701179554389,False,False,False,False,0.21799427505183577,0.22870043945010282,False,False,False,False,-471.0,-1209.8039599269537,False,False,False,False,26.168022309542753,False,False,False,False
2025-04-25 18:00:00+00:00,25.67,25.815,25.67,25.815,19.0,,,,,26.263636653895276,24.47292704237658,23.936044061302677,23.71676264367815,23.670497987927558,23.004500416072275,,,,,,,25.78521367521368,25.911123188405796,24.959497495556626,23.626197068403897,,24.203046498830645,,,"rgba(239, 83, 80, 1.0)",0.0,0.0,2.677643287776868,25.33537558326568,0.17912184902438316,0.0,0.0,0.0,0.0,0.0,0.0,0.0,0.0,45.879428390614024,3.336337942595385,False,True,False,True,False,11.392750000832514,0,1.062671367019193,0.8546807677242461,False,False,False,False,0.22031358894844344,0.22450701419927313,False,False,False,False,-452.0,-1198.055061323435,False,False,False,False,26.05689018071263,False,False,False,False
2025-04-25 19:00:00+00:00,25.815,26.1,25.665,26.1,62.0,,,,,26.230870433789956,24.512011909825603,23.982891092814366,23.763612986720677,23.71702858081471,23.036763374485595,,,,,,,25.889438943894394,25.936311728395065,24.988542745098034,23.672297254150692,,24.24675720992622,,,"rgba(239, 83, 80, 1.0)",0.0,0.0,2.649990934881645,25.354220546524484,0.2814271715645796,0.0,0.0,0.0,0.0,0.0,0.0,0.0,0.0,47.64778558558444,3.336337942595385,False,True,False,True,False,12.765858029445901,0,1.0618383681900336,0.8489542989930287,False,False,False,False,0.2321578138889273,0.2283324140441002,False,False,False,False,-390.0,-1185.52707587656,False,False,False,False,26.614147697290733,False,False,False,False
2025-04-28 14:00:00+00:00,26.1,26.1,26.1,26.1,0.0,,,,,26.230870433789956,24.512011909825603,23.982891092814366,23.763612986720677,23.71702858081471,23.036763374485595,,,,,,,25.889438943894394,25.936311728395065,24.988542745098034,23.672297254150692,,24.24675720992622,,,"rgba(239, 83, 80, 1.0)",0.0,0.0,2.6191420557327634,25.354220546524484,0.28474188784192117,0.0,0.0,0.0,0.0,0.0,0.0,0.0,0.0,48.82669038223138,3.336337942595385,False,True,False,False,False,12.765858029445901,0,1.0730699715982441,0.8489542989930284,False,False,False,False,0.25068772481671486,0.23951006943040754,False,False,False,False,-390.0,-1173.1933227621948,False,False,False,False,26.201525252371496,False,False,False,False
2025-04-28 15:00:00+00:00,26.1,26.4,26.1,26.4,1.0,,,,,26.230988603988607,24.512772108843535,23.98375794986906,23.76446900663741,23.717876847290636,23.037338799741374,,,,,,,25.89346405228759,25.939648318042817,24.98915961116337,23.673135971911897,,24.24758313220702,,,"rgba(239, 83, 80, 1.0)",0.0,0.0,2.588653737209963,25.355125471929757,0.403636265851609,0.0,0.0,0.0,0.0,0.0,0.0,0.0,0.0,51.85160623079177,3.336337942595385,False,True,True,False,True,14.204309212083125,0,1.0765076507650764,0.8418413269898417,False,False,False,False,0.26356521402404864,0.2515376417272281,False,False,False,False,-389.0,-1161.0352867503777,False,False,False,False,25.8108039306293,False,False,False,False
2025-04-28 16:00:00+00:00,26.4,26.4,25.46,25.46,1.0,,,,,26.230207622298067,24.513307833970813,23.98442720019945,23.765146761133593,23.718551652440354,23.037821168312174,,,,,,,25.892297734627842,25.93813636363637,24.989528287102328,23.673806105084015,,24.248196622436666,,,"rgba(239, 83, 80, 1.0)",0.0,0.0,2.578957773636113,25.435425716481543,0.009528765367806023,0.0,0.0,0.0,0.0,0.0,0.0,0.0,0.0,47.5643904775025,3.336337942595385,False,True,False,True,False,8.065717281364968,0,1.0589497601615754,0.8480181772279728,False,False,False,False,0.2361908144282443,0.2438642280777362,False,False,False,False,-390.0,-1149.0812512968835,False,False,False,False,25.42614030379784,False,False,False,False
2025-04-28 17:00:00+00:00,25.46,26.13,25.46,26.13,100.0,,,,,26.183044217687073,24.57011006930289,24.053722062004322,23.835039708442118,23.78810394151303,23.087523966273963,,,,,,,25.89937602627258,25.923150793650798,25.03071097141146,23.742849412492262,,24.312304471073308,,,"rgba(239, 83, 80, 1.0)",0.0,0.0,2.5567782320584365,25.544497560270774,0.2290000878401735,0.0,0.0,0.0,0.0,0.0,0.0,0.0,0.0,48.927007182900226,3.336337942595385,False,True,False,False,False,11.256097551646107,0,1.057969215491559,0.8534011916583912,False,False,False,False,0.22474787794603626,0.23430605301188623,False,False,False,False,-290.0,-1135.7621621294898,False,False,False,False,26.582324175056787,False,False,False,False
2025-04-28 18:00:00+00:00,26.13,26.13,26.13,26.13,0.0,,,,,26.183044217687073,24.57011006930289,24.053722062004322,23.835039708442118,23.78810394151303,23.087523966273963,,,,,,,25.89937602627258,25.923150793650798,25.03071097141146,23.742849412492262,,24.312304471073308,,,"rgba(239, 83, 80, 1.0)",0.0,0.0,2.5370367814894936,25.544497560270774,0.23078200678883226,0.0,0.0,0.0,0.0,0.0,0.0,0.0,0.0,49.835418319832044,3.336337942595385,False,True,False,False,False,11.256097551646107,0,1.0746027805362461,0.8534011916583912,False,False,False,False,0.25325658759551567,0.24378132030370095,False,False,False,False,-290.0,-1122.6495704685674,False,False,False,False,26.17019511807916,False,False,False,False
2025-04-28 19:00:00+00:00,26.13,26.305,26.1,26.12,17.0,,,,,26.182849691797056,24.58115587044534,24.06664278036546,23.847950881748346,23.80093265886816,23.096590660447976,,,,,,,25.920674242424244,25.942011747430254,25.039379827688645,23.75556751768686,,24.32446492575524,,,"rgba(239, 83, 80, 1.0)",0.0,0.0,2.5013971465332374,25.556678359932185,0.225202799502886,0.0,0.0,0.0,0.0,0.0,0.0,0.0,0.0,50.37378856547269,3.336337942595385,False,True,False,False,False,11.192251343753718,0,1.0734840064221316,0.8498209213288873,False,False,False,False,0.2594782804844628,0.2516298003940819,False,False,False,False,-307.0,-1110.0038406938609,False,False,False,False,26.028021550357003,False,False,False,False
2025-04-29 14:00:00+00:00,26.12,26.12,26.12,26.12,0.0,,,,,26.182849691797056,24.58115587044534,24.06664278036546,23.847950881748346,23.80093265886816,23.096590660447976,,,,,,,25.920674242424244,25.942011747430254,25.039379827688645,23.75556751768686,,24.32446492575524,,,"rgba(239, 83, 80, 1.0)",0.0,0.0,2.462512280117536,25.556678359932185,0.22875891609398527,0.0,0.0,0.0,0.0,0.0,0.0,0.0,0.0,50.73270206256645,3.336337942595385,False,True,False,False,False,11.192251343753718,0,1.0889055847733535,0.8523666416228398,False,False,False,False,0.2523999378754488,0.25201486913476534,False,False,False,False,-307.0,-1097.554168745119,False,False,False,False,25.62448633252201,False,False,False,False
2025-04-29 15:00:00+00:00,26.12,26.12,26.12,26.12,0.0,,,,,26.182849691797056,24.58115587044534,24.06664278036546,23.847950881748346,23.80093265886816,23.096590660447976,,,,,,,25.920674242424244,25.942011747430254,25.039379827688645,23.75556751768686,,24.32446492575524,,,"rgba(239, 83, 80, 1.0)",0.0,0.0,2.4202257675195726,25.556678359932185,0.23275582287728047,0.0,0.0,0.0,0.0,0.0,0.0,0.0,0.0,50.97197772729563,3.336337942595385,False,True,False,False,True,11.192251343753718,0,1.0889055847733535,0.8384673178061607,False,False,False,False,0.2523999378754488,0.25220740350510706,False,False,False,False,-307.0,-1085.2975149661247,False,False,False,False,25.22720747465345,False,False,False,False
2025-04-29 16:00:00+00:00,26.12,26.12,26.12,26.12,0.0,,,,,26.182849691797056,24.58115587044534,24.06664278036546,23.847950881748346,23.80093265886816,23.096590660447976,,,,,,,25.920674242424244,25.942011747430254,25.039379827688645,23.75556751768686,,24.32446492575524,,,"rgba(239, 83, 80, 1.0)",0.0,0.0,2.3743558690290576,25.556678359932185,0.2372524049220028,0.0,0.0,0.0,0.0,0.0,0.0,0.0,0.0,51.13149483711508,3.336337942595385,False,True,False,False,True,11.192251343753718,0,1.0889055847733535,0.8384673178061607,False,False,False,False,0.2523999378754488,0.2523036706902779,False,False,False,False,-307.0,-1073.230886827115,False,False,False,False,24.83608797892239,False,False,False,False
2025-04-29 17:00:00+00:00,26.12,27.47,26.12,27.47,17.0,,,,,26.20261574074074,24.59782669883393,24.084522792022792,23.865357219711637,23.818141509433957,23.10807842461821,,,,,,,25.9995288326301,26.017117486338805,25.054271708683466,23.772548959608315,,24.341948365763695,,,"rgba(38, 166, 154, 1.0)",0.0,0.0,2.32858359879488,25.595804616419233,0.8048649765250965,0.0,0.0,0.0,0.0,0.0,0.0,0.0,0.0,58.64712850355289,3.776378269429358,False,False,True,False,True,17.42926301622,0,1.085998062015504,0.8110465116279069,False,False,False,False,0.31111699892676714,0.28171033480852253,False,False,False,False,-290.0,-1061.0877723026636,False,False,False,False,24.714598242815065,False,False,False,False
2025-04-29 18:00:00+00:00,27.47,27.56,26.59,26.59,3.0,,,,,26.205564776394652,24.600616465863446,24.08754180007115,23.868305922820593,23.821058749607285,23.110043610489466,,,,,,,26.01095138888889,26.028002699055335,25.056735129564185,23.775429532253128,,24.344888211382106,,,"rgba(38, 166, 154, 1.0)",0.0,0.0,2.2643883628162365,25.74705742779203,0.3722606007211576,0.0,0.0,0.0,0.0,0.0,0.0,0.0,0.0,57.48437346473994,3.776378269429358,False,False,True,False,True,11.78666681551368,0,1.0951479289940829,0.8132544378698223,False,False,False,False,0.3360751085185057,0.3088927216635141,False,False,False,False,-293.0,-1049.1794347475836,False,False,False,False,24.37793780494196,False,False,False,False
2025-04-29 19:00:00+00:00,26.59,26.88,26.495,26.54,230.0,,,,,26.310010493179433,24.77292340686274,24.28046585552998,24.05957170019013,24.010913175114755,23.244421261798312,,,,,,,26.317968085106383,26.32229210342418,25.202592221331187,23.96350947348376,,24.529713851903754,,,"rgba(38, 166, 154, 1.0)",0.0,0.0,2.1867387107720777,25.90267954720452,0.2914479218097611,0.0,0.0,0.0,0.0,0.0,0.0,0.0,0.0,56.418465639584646,3.776378269429358,False,False,True,False,False,11.480576692841634,0,1.092060513662484,0.8308901137563033,False,False,False,False,0.30163527521906475,0.30526399844128943,False,False,False,False,-523.0,-1041.0216140538225,False,False,False,False,27.56587675370255,False,False,False,False
2025-04-30 14:00:00+00:00,26.54,26.54,26.54,26.54,0.0,,,,,26.310010493179433,24.77292340686274,24.28046585552998,24.05957170019013,24.010913175114755,23.244421261798312,,,,,,,26.317968085106383,26.32229210342418,25.202592221331187,23.96350947348376,,24.529713851903754,,,"rgba(38, 166, 154, 1.0)",0.0,0.0,2.1017393976169916,25.90267954720452,0.30323476522260057,0.0,0.0,0.0,0.0,0.0,0.0,0.0,0.0,55.70786042281445,3.776378269429358,False,True,True,False,False,11.480576692841634,0,1.1029463968761093,0.8374156904508341,False,False,False,False,0.2887102515992847,0.29698712502028707,False,False,False,False,-523.0,-1032.990271200275,False,False,False,False,27.13849881953662,False,False,False,False
2025-04-30 15:00:00+00:00,26.54,26.54,26.54,26.54,0.0,,,,,26.310010493179433,24.77292340686274,24.28046585552998,24.05957170019013,24.010913175114755,23.244421261798312,,,,,,,26.317968085106383,26.32229210342418,25.202592221331187,23.96350947348376,,24.529713851903754,,,"rgba(38, 166, 154, 1.0)",0.0,0.0,2.008457511767803,25.90267954720452,0.3173183644968033,0.0,0.0,0.0,0.0,0.0,0.0,0.0,0.0,55.23412361163432,3.776378269429358,False,True,True,False,False,11.480576692841634,0,1.1070281840884766,0.8289927458675229,False,False,False,False,0.2887102515992847,0.2928486883097859,False,False,False,False,-523.0,-1025.0834452901931,False,False,False,False,26.71774689985388,False,False,False,False
2025-04-30 16:00:00+00:00,26.54,26.99,26.54,26.99,12.0,,,,,26.316601036269432,24.782002806246947,24.290526258325144,24.069552298334827,24.020825304136252,23.251551809618242,,,,,,,26.330964730290457,26.33499659168371,25.210432960893847,23.973335231046583,,24.539387066759705,,,"rgba(38, 166, 154, 1.0)",0.0,0.0,1.9372872158657053,25.911666326551504,0.5566204456506594,0.0,0.0,0.0,0.0,0.0,0.0,0.0,0.0,57.48571745235711,3.776378269429358,False,False,True,False,False,13.552920627084251,0,1.1012150524949862,0.8204553497699658,False,False,False,False,0.3084655460897721,0.300657117199779,False,False,False,False,-511.0,-1017.1131593167017,False,False,False,False,26.489564777375524,False,False,False,False
2025-04-30 17:00:00+00:00,26.99,26.99,26.98,26.98,18.0,,,,,26.32880976602238,24.79641151515151,24.306309562574622,24.08515719527918,24.036313292671117,23.262619871478,,,,,,,26.35445,26.358014464168313,25.22307646592709,23.988679316529776,,24.554640545538597,,,"rgba(38, 166, 154, 1.0)",0.0,0.0,1.8585205610042665,25.927732583802012,0.5661855124322044,0.0,0.0,0.0,0.0,0.0,0.0,0.0,0.0,58.90010736709033,4.590364546826265,False,False,True,False,True,13.487457248770436,0,1.1186943620178043,0.8186350148367953,False,False,False,False,0.3280101094177039,0.31433361330874143,False,False,False,False,-529.0,-1009.5455134358226,False,False,False,False,26.35794361803637,False,False,False,False
2025-04-30 18:00:00+00:00,26.98,27.0,26.98,27.0,6.0,,,,,26.33284125379171,24.801194363812286,24.31154912793847,24.09033957033957,24.041457427273606,23.266304526748968,,,,,,,26.362025691699603,26.365445094217023,25.227274703557303,23.99377626990858,,24.55970357554786,,,"rgba(38, 166, 154, 1.0)",0.0,0.0,1.7715732688338872,25.932969873980586,0.6023065174841861,0.0,0.0,0.0,0.0,0.0,0.0,0.0,0.0,59.962306971394284,5.7858937035859554,True,False,True,False,True,13.580120685413899,0,1.1186380353541343,0.8120773519990508,False,False,False,False,0.3284570769410659,0.32139534512490364,False,False,False,False,-523.0,-1002.0021721422439,False,False,False,False,26.042316585198595,False,False,False,False
2025-04-30 19:00:00+00:00,27.0,27.25,27.0,27.25,110.0,,,,,26.41629966636336,24.8919836008374,24.41009413241293,24.18766369475601,24.138050014048886,23.33567232551873,,,,,,,26.50571158008658,26.506912787586945,25.30808270202019,24.08947628187551,,24.655292222222215,,,"rgba(38, 166, 154, 1.0)",0.0,0.0,1.6780975312312043,26.034848621804358,0.724124406108921,0.0,0.0,0.0,0.0,0.0,0.0,0.0,0.0,62.13895633274053,7.997265573081577,True,False,True,False,True,14.73802329755096,0,1.1187463039621524,0.8095801301005321,False,False,False,False,0.340573880936593,0.33098461303074833,False,False,False,False,-413.0,-992.8703555198836,False,False,False,False,27.343986095505592,False,False,False,False
2025-05-01 14:00:00+00:00,27.25,27.25,27.25,27.25,0.0,,,,,26.41629966636336,24.8919836008374,24.41009413241293,24.18766369475601,24.138050014048886,23.33567232551873,,,,,,,26.50571158008658,26.506912787586945,25.30808270202019,24.08947628187551,,24.655292222222215,,,"rgba(38, 166, 154, 1.0)",0.0,0.0,1.571184802842945,26.034848621804358,0.7733981235033042,0.0,0.0,0.0,0.0,0.0,0.0,0.0,0.0,63.59005590697135,9.49114522549128,True,False,True,False,True,14.73802329755096,0,1.121821407451212,0.8095801301005321,False,False,False,False,0.3428282454998645,0.33690642926530645,False,False,False,False,-413.0,-983.8801174498078,False,False,False,False,26.920048326583025,False,False,False,False
2025-05-01 15:00:00+00:00,27.25,27.25,27.25,27.25,0.0,,,,,26.41629966636336,24.8919836008374,24.41009413241293,24.18766369475601,24.138050014048886,23.33567232551873,,,,,,,26.50571158008658,26.506912787586945,25.30808270202019,24.08947628187551,,24.655292222222215,,,"rgba(38, 166, 154, 1.0)",0.0,0.0,1.449819227625545,26.034848621804358,0.838139924648239,0.0,0.0,0.0,0.0,0.0,0.0,0.0,0.0,64.55745562312524,10.553140647323467,True,False,True,False,True,14.73802329755096,0,1.1247767591379925,0.8128348612930111,False,False,False,False,0.3428282454998645,0.33986733738258545,False,False,False,False,-413.0,-975.0292629157022,False,False,False,False,26.502683236248405,False,False,False,False
2025-05-01 16:00:00+00:00,27.25,27.25,27.25,27.25,0.0,,,,,26.41629966636336,24.8919836008374,24.41009413241293,24.18766369475601,24.138050014048886,23.33567232551873,,,,,,,26.50571158008658,26.506912787586945,25.30808270202019,24.08947628187551,,24.655292222222215,,,"rgba(38, 166, 154, 1.0)",0.0,0.0,1.3099899421936754,26.034848621804358,0.9276035937808662,0.0,0.0,0.0,0.0,0.0,0.0,0.0,0.0,65.20238876722783,11.354294327681984,True,False,True,False,True,14.73802329755095,0,1.1181092987260386,0.8128348612930111,False,False,False,False,0.3428282454998645,0.34134779144122496,False,False,False,False,-413.0,-966.315630932513,False,False,False,False,26.09178892250812,False,False,False,False
2025-05-01 17:00:00+00:00,27.25,27.25,27.25,27.25,0.0,,,,,26.41629966636336,24.8919836008374,24.41009413241293,24.18766369475601,24.138050014048886,23.33567232551873,,,,,,,26.50571158008658,26.506912787586945,25.30808270202019,24.08947628187551,,24.655292222222215,,,"rgba(38, 166, 154, 1.0)",0.0,0.0,1.226912946536273,26.034848621804358,0.9904136895988955,0.0,0.0,0.0,0.0,0.0,0.0,0.0,0.0,65.63234419662956,11.99515913492916,True,False,True,False,True,14.73802329755095,0,1.1181092987260386,0.8128348612930111,False,False,False,False,0.3428282454998645,0.3420880184705447,False,False,False,False,-413.0,-957.7370940188307,False,False,False,False,25.687265063244425,False,False,False,False
2025-05-01 18:00:00+00:00,27.25,27.25,27.25,27.25,0.0,,,,,26.41629966636336,24.8919836008374,24.41009413241293,24.18766369475601,24.138050014048886,23.33567232551873,,,,,,,26.50571158008658,26.506912787586945,25.30808270202019,24.08947628187551,,24.655292222222215,,,"rgba(38, 166, 154, 1.0)",0.0,0.0,1.132297604371221,26.034848621804358,1.0731731423828554,0.0,0.0,0.0,0.0,0.0,0.0,0.0,0.0,65.91898114956405,12.533601796859301,True,False,True,False,True,14.73802329755095,0,1.1266946610677864,0.8113977204559086,False,False,False,False,0.3428282454998645,0.3424581319852046,False,False,False,False,-413.0,-949.2915576774535,False,False,False,False,25.289012891721256,False,False,False,False
2025-05-01 19:00:00+00:00,27.25,27.25,26.64,26.725,3.0,,,,,26.417539322444043,24.894053677239455,24.412409090909094,24.189977490421455,24.1403523301516,23.33738660848955,,,,,,,26.507485191168556,26.508660809371676,25.309857485180974,24.091763013698625,,24.65750638250638,,,"rgba(38, 166, 154, 1.0)",0.0,0.0,1.01487865071427,26.59568716173272,0.12741704456613778,0.0,0.0,0.0,0.0,0.0,0.0,0.0,0.0,58.77442637425237,12.577690376622876,False,False,True,False,False,10.89905689659943,0,1.1104410547475463,0.8065507863308501,False,False,False,False,0.3158711931279201,0.32916466255656235,False,False,False,False,-416.0,-941.0234715119116,False,False,False,False,24.94344680037674,False,False,False,False
2025-05-02 14:00:00+00:00,26.725,26.725,26.725,26.725,0.0,,,,,26.417539322444043,24.894053677239455,24.412409090909094,24.189977490421455,24.1403523301516,23.33738660848955,,,,,,,26.507485191168556,26.508660809371676,25.309857485180974,24.091763013698625,,24.65750638250638,,,"rgba(38, 166, 154, 1.0)",0.0,0.0,0.8760854888558111,26.59568716173272,0.1476029907037584,0.0,0.0,0.0,0.0,0.0,0.0,0.0,0.0,54.01138985737792,8.406273127127136,False,True,True,False,False,10.89905689659944,0,1.1125843494731857,0.8199360719782172,False,False,False,False,0.29670101237905155,0.312932837467807,False,False,False,False,-416.0,-932.8835727287811,False,False,False,False,24.556726694944544,False,False,False,False
2025-05-02 15:00:00+00:00,26.725,26.725,26.725,26.725,0.0,,,,,26.417539322444043,24.894053677239455,24.412409090909094,24.189977490421455,24.1403523301516,23.33738660848955,,,,,,,26.507485191168556,26.508660809371676,25.309857485180974,24.091763013698625,,24.65750638250638,,,"rgba(38, 166, 154, 1.0)",0.0,0.0,0.8609832112707145,26.59568716173272,0.15019205551805206,0.0,0.0,0.0,0.0,0.0,0.0,0.0,0.0,50.83603217946161,5.751292217334864,False,True,False,False,False,10.89905689659944,0,1.1117179152321026,0.8222723495191735,False,False,False,False,0.29670101237905155,0.30481692492342927,False,False,False,False,-416.0,-924.8698739267845,False,False,False,False,24.176002250061682,False,False,False,False
2025-05-02 16:00:00+00:00,26.725,26.725,26.725,26.725,0.0,,,,,26.417539322444043,24.894053677239455,24.412409090909094,24.189977490421455,24.1403523301516,23.33738660848955,,,,,,,26.507485191168556,26.508660809371676,25.309857485180974,24.091763013698625,,24.65750638250638,,,"rgba(38, 166, 154, 1.0)",0.0,0.0,0.8601530714391761,26.59568716173272,0.15033700693635899,0.0,0.0,0.0,0.0,0.0,0.0,0.0,0.0,48.71912706085074,3.9825083406695327,False,True,False,True,False,10.89905689659944,0,1.1088685741422297,0.8222723495191735,False,False,False,False,0.29670101237905155,0.3007589686512404,False,False,False,False,-416.0,-916.9804185170669,False,False,False,False,23.801180509750647,False,False,False,False
2025-05-02 17:00:00+00:00,26.725,26.83,26.725,26.83,2.0,,,,,26.418223128019324,24.895377917102053,24.413901942355892,24.19147376986406,24.141842031425362,23.33850376952073,,,,,,,26.50841116478798,26.509572717622085,25.310980466288584,24.093243428258482,,24.6589290072102,,,"rgba(38, 166, 154, 1.0)",0.0,0.0,0.8488167015279183,26.58464414062246,0.2890563521380827,0.0,0.0,0.0,0.0,0.0,0.0,0.0,0.0,49.08183552530723,3.9825083406695327,False,True,False,False,False,11.48819614027676,0,1.1286472148541116,0.8169761273209547,False,False,False,False,0.30125602197436674,0.3010074953128036,False,False,False,False,-414.0,-909.1822724935465,False,False,False,False,23.46317771114986,False,False,False,False
2025-05-02 18:00:00+00:00,26.83,27.0,26.83,26.9,19.0,,,,,26.426543484713566,24.90862283737024,24.428671753347867,24.2062272683995,24.1565210717276,23.34943281258388,,,,,,,26.520333333333337,26.521331787738283,25.322384884884872,24.107822119313532,,24.673072641093466,,,"rgba(38, 166, 154, 1.0)",0.0,0.0,0.8371104149673384,26.611169668851236,0.34503253810315077,0.0,0.0,0.0,0.0,0.0,0.0,0.0,0.0,50.44588920208658,3.9825083406695327,False,True,False,False,False,11.882820402526644,0,1.131051051051051,0.7955555555555553,False,False,False,False,0.31324409412481524,0.3071257947188094,False,False,False,False,-395.0,-901.210454315352,False,False,False,False,23.39398115748862,False,False,False,False
2025-05-02 19:00:00+00:00,26.9,26.9,26.68,26.88,20.0,,,,,26.433428113152527,24.921759450171812,24.44347415660786,24.22107403199848,24.171305856230912,23.360576068924917,,,,,,,26.529414141414147,26.530287356321846,25.333544461003463,24.122518287726894,,24.687178602715715,,,"rgba(38, 166, 154, 1.0)",0.0,0.0,0.8236921219191395,26.602895404395305,0.3364176835381909,0.0,0.0,0.0,0.0,0.0,0.0,0.0,0.0,50.981175569357745,3.9825083406695327,False,True,False,False,True,11.725717894341003,0,1.1273098152147827,0.8020158387329012,False,False,False,False,0.3023423326862838,0.30473406370254663,False,False,False,False,-415.0,-893.6723077368193,False,False,False,False,23.34136129458182,False,False,False,False
2025-05-05 14:00:00+00:00,26.88,26.88,26.88,26.88,0.0,,,,,26.433428113152527,24.921759450171812,24.44347415660786,24.22107403199848,24.171305856230912,23.360576068924917,,,,,,,26.529414141414147,26.530287356321846,25.333544461003463,24.122518287726894,,24.687178602715715,,,"rgba(38, 166, 154, 1.0)",0.0,0.0,0.8087800456008453,26.602895404395305,0.3426204653687173,0.0,0.0,0.0,0.0,0.0,0.0,0.0,0.0,51.338033147538525,3.9825083406695327,False,True,False,False,True,11.725717894341003,0,1.1283409583433663,0.8052010594750781,False,False,False,False,0.3101844264558495,0.3074592450791981,False,False,False,False,-415.0,-886.2510316478764,False,False,False,False,22.979479724123188,False,False,False,False
2025-05-05 15:00:00+00:00,26.88,26.88,26.88,26.88,0.0,,,,,26.433428113152527,24.921759450171812,24.44347415660786,24.22107403199848,24.171305856230912,23.360576068924917,,,,,,,26.529414141414147,26.530287356321846,25.333544461003463,24.122518287726894,,24.687178602715715,,,"rgba(38, 166, 154, 1.0)",0.0,0.0,0.7922898448157351,26.602895404395305,0.3497515428449559,0.0,0.0,0.0,0.0,0.0,0.0,0.0,0.0,51.57593819965905,3.9825083406695327,False,True,False,False,True,11.725717894341013,0,1.130413743043794,0.8042584079361237,False,False,False,False,0.3101844264558495,0.30882183576752376,False,False,False,False,-415.0,-878.944814102948,False,False,False,False,22.62320872064841,False,False,False,False
2025-05-05 16:00:00+00:00,26.88,26.88,26.75,26.75,1.0,,,,,26.43374271561772,24.92240238177029,24.444201216996696,24.22180437251561,24.172033388827224,23.36112707330123,,,,,,,26.52981341401917,26.53068113772456,25.334088144009918,24.12324169375225,,24.687870279146132,,,"rgba(38, 166, 154, 1.0)",0.0,0.0,0.7922219693044319,26.60253355363423,0.18614283885013175,0.0,0.0,0.0,0.0,0.0,0.0,0.0,0.0,48.89931234416496,3.207370924015919,False,True,False,False,False,10.656066006427704,0,1.1295158515605799,0.8149422462521502,False,False,False,False,0.30451703645538675,0.30666943611145525,False,False,False,False,-416.0,-871.7673751246077,False,False,False,False,22.287965174591847,False,False,False,False
2025-05-05 17:00:00+00:00,26.75,26.75,26.75,26.75,0.0,,,,,26.43374271561772,24.92240238177029,24.444201216996696,24.22180437251561,24.172033388827224,23.36112707330123,,,,,,,26.52981341401917,26.53068113772456,25.334088144009918,24.12324169375225,,24.687870279146132,,,"rgba(38, 166, 154, 1.0)",0.0,0.0,0.7842245265917483,26.60253355363423,0.18804110476710068,0.0,0.0,0.0,0.0,0.0,0.0,0.0,0.0,47.1148951071689,1.3427088840399222,False,True,False,True,False,10.656066006427704,0,1.1373422420193022,0.7978223212076218,False,False,False,False,0.2988685620258517,0.3027689990686535,False,False,False,False,-416.0,-864.7012142699626,False,False,False,False,21.942415326923754,False,False,False,False
2025-05-05 18:00:00+00:00,26.75,26.75,26.75,26.75,0.0,,,,,26.43374271561772,24.92240238177029,24.444201216996696,24.22180437251561,24.172033388827224,23.36112707330123,,,,,,,26.52981341401917,26.53068113772456,25.334088144009918,24.12324169375225,,24.687870279146132,,,"rgba(38, 166, 154, 1.0)",0.0,0.0,0.7733960443662649,26.60253355363423,0.19067390820004212,0.0,0.0,0.0,0.0,0.0,0.0,0.0,0.0,45.92528361583819,0.051589316860287227,False,True,False,True,False,10.656066006427704,0,1.1397396156230628,0.7904525728456292,False,False,False,False,0.2988685620258517,0.30081878054725264,False,False,False,False,-416.0,-857.7446062967849,False,False,False,False,21.60222284123501,False,False,False,False
2025-05-05 19:00:00+00:00,26.75,26.75,26.625,26.625,6.0,,,,,26.434957971014498,24.9259901725517,24.44831943586576,24.225962301587295,24.17617959372114,23.364307515501388,,,,,,,26.531044477761128,26.53189169139467,25.33705933358106,24.12736839733188,,24.691761717469674,,,"rgba(239, 83, 80, 1.0)",0.0,0.0,0.7605191742581897,26.594629878104122,0.03993340723526249,0.0,0.0,0.0,0.0,0.0,0.0,0.0,0.0,42.478550488200426,-3.280487894597897,False,True,False,True,False,9.590198951980891,0,1.1362175525339928,0.7889987639060567,False,False,False,False,0.29345475291393225,0.2971367667305924,False,False,False,False,-422.0,-850.9888759666022,False,False,False,False,21.360327913463927,False,False,False,False
2025-05-06 14:00:00+00:00,26.625,26.625,25.55,25.55,1.0,,,,,26.434500434404868,24.926326822024212,24.448770196562723,24.226439028997824,24.176659281824055,23.36471540804874,,,,,,,26.53011227544911,26.530967901234575,25.337271545319453,24.127849869334046,,24.69216033202271,,,"rgba(239, 83, 80, 1.0)",0.0,0.0,0.7536818515350344,26.58743539117414,-1.3764898133890042,0.0,0.0,0.0,0.0,0.0,0.0,0.0,0.0,32.603154695802075,-12.264602786089547,False,True,False,True,False,1.2624427644095384,0,1.1068031306441903,0.7974714027694159,False,False,False,False,0.2422752765464789,0.26970602163853563,False,False,False,False,-423.0,-844.3533895175076,False,False,False,False,21.04466391480557,False,False,False,False
2025-05-06 15:00:00+00:00,25.55,25.55,25.5,25.5,55.0,,,,,26.39264234383638,24.937248009866575,24.466600890507994,24.246238839285713,24.196763047826877,23.383526170798895,,,,,,,26.45301751959429,26.45454794520549,25.34086336609634,24.14819747824542,,24.706755712906336,,,"rgba(239, 83, 80, 1.0)",0.0,0.0,0.7450541609189543,26.259760578639774,-1.0197387230247543,0.0,0.0,0.0,0.0,-1.0,0.0,25.5,549.0,25.880984247299608,-17.949426113885814,False,True,False,True,False,0.907768526376671,0,1.1054720384846664,0.823571858087793,False,False,True,False,0.19540479696469717,0.2325554093016164,False,False,True,False,-478.0,-838.6734920056083,False,False,False,False,21.571103233955874,False,False,True,False
2025-05-06 16:00:00+00:00,25.5,25.5,25.5,25.5,0.0,,,,,26.39264234383638,24.937248009866575,24.466600890507994,24.246238839285713,24.196763047826877,23.383526170798895,,,,,,,26.45301751959429,26.45454794520549,25.34086336609634,24.14819747824542,,24.706755712906336,,,"rgba(239, 83, 80, 1.0)",0.0,0.0,0.746249439011628,26.259760578639774,-1.018105393346816,0.0,0.0,0.0,0.0,0.0,0.0,0.0,0.0,21.399537281631297,-21.565609811287906,False,True,False,True,False,0.907768526376671,0,1.1579677256681795,0.8171961674230959,False,False,False,False,0.1868619308879472,0.20970867009478178,False,False,False,False,-478.0,-833.08165492025,False,False,False,False,21.236667524902295,False,False,False,False
2025-05-06 17:00:00+00:00,25.5,25.5,25.5,25.5,0.0,,,,,26.39264234383638,24.937248009866575,24.466600890507994,24.246238839285713,24.196763047826877,23.383526170798895,,,,,,,26.45301751959429,26.45454794520549,25.34086336609634,24.14819747824542,,24.706755712906336,,,"rgba(239, 83, 80, 1.0)",0.0,0.0,0.7474403950443731,26.259760578639774,-1.016483165316038,0.0,0.0,0.0,0.0,0.0,0.0,0.0,0.0,18.411905971185757,-23.982103615281748,False,True,False,True,False,0.907768526376671,0,1.109959555106168,0.8192618806875629,False,False,False,False,0.1868619308879472,0.1982853004913645,False,False,False,False,-478.0,-827.576512983502,False,False,False,False,20.907416865601483,False,False,False,False
2025-05-06 18:00:00+00:00,25.5,25.5,25.5,25.5,0.0,,,,,26.39264234383638,24.937248009866575,24.466600890507994,24.246238839285713,24.196763047826877,23.383526170798895,,,,,,,26.45301751959429,26.45454794520549,25.34086336609634,24.14819747824542,,24.706755712906336,,,"rgba(239, 83, 80, 1.0)",0.0,0.0,0.7486270496444835,26.259760578639774,-1.0148719298889588,0.0,0.0,0.0,0.0,0.0,0.0,0.0,0.0,16.420151764222062,-25.713394013961285,False,True,False,True,False,0.907768526376671,0,1.1074317492416583,0.8192618806875629,False,False,False,False,0.1868619308879472,0.19257361568965586,False,False,False,False,-478.0,-822.1567220845329,False,False,False,False,20.58327086768518,False,False,False,False
2025-05-06 19:00:00+00:00,25.5,26.72,25.5,26.71,30.0,,,,,26.39063646170443,24.950961815961815,24.483238066586445,24.263370226895404,24.213915945165944,23.397413265844136,,,,,,,26.447319610447106,26.448842105263164,25.3513329732325,24.165336504580686,,24.722087982148544,,,"rgba(38, 166, 154, 1.0)",0.0,0.0,0.7474519780289597,26.2978768599393,0.551370726380943,0.0,0.0,0.0,0.0,0.0,0.0,0.0,0.0,31.329870667004926,-27.87959411351921,False,True,False,True,True,8.96530320956959,0,1.1042177538008828,0.79475232957332,False,False,False,False,0.23985467938606458,0.21621414753786022,False,False,False,False,-448.0,-816.3558426723696,False,False,False,False,20.729266668186185,False,False,False,False
2025-05-07 14:00:00+00:00,26.71,26.71,26.71,26.71,0.0,,,,,26.39063646170443,24.950961815961815,24.483238066586445,24.263370226895404,24.213915945165944,23.397413265844136,,,,,,,26.447319610447106,26.448842105263164,25.3513329732325,24.165336504580686,,24.722087982148544,,,"rgba(38, 166, 154, 1.0)",0.0,0.0,0.7459775194061847,26.2978768599393,0.5524605357930352,0.0,0.0,0.0,0.0,0.0,0.0,0.0,0.0,41.26968326886017,-19.424910938201315,False,True,False,True,True,8.96530320956959,0,1.1385527290689057,0.7969869103482341,False,False,False,False,0.29330055225207996,0.2547573498949701,False,False,False,False,-448.0,-810.6448993751235,False,False,False,False,20.40788268883446,False,False,False,False
2025-05-07 15:00:00+00:00,26.71,26.71,26.34,26.34,3.0,,,,,26.390812483185368,24.952471168773563,24.485023544734997,24.26519491291125,24.21574029016851,23.398867457180497,,,,,,,26.4473831569665,26.448899082568815,25.352532973621095,24.16715694041017,,24.723751592356685,,,"rgba(38, 166, 154, 1.0)",0.0,0.0,0.7423394053886258,26.304918109967055,0.04725855825285086,0.0,0.0,0.0,0.0,0.0,0.0,0.0,0.0,44.28521873666369,-17.233628081879587,False,True,False,True,True,6.1552763441718525,0,1.1379095552510279,0.7986794568331879,False,False,False,False,0.2766603101703058,0.26570883003263795,False,False,False,False,-451.0,-805.0690094623309,False,False,False,False,20.137993034744003,False,False,False,False
2025-05-07 16:00:00+00:00,26.34,26.34,26.34,26.34,0.0,,,,,26.390812483185368,24.952471168773563,24.485023544734997,24.26519491291125,24.21574029016851,23.398867457180497,,,,,,,26.4473831569665,26.448899082568815,25.352532973621095,24.16715694041017,,24.723751592356685,,,"rgba(38, 166, 154, 1.0)",0.0,0.0,0.7385497903274624,26.304918109967055,0.04750104934345758,0.0,0.0,0.0,0.0,0.0,0.0,0.0,0.0,46.29557571519936,-15.4910745998041,False,False,False,False,True,6.1552763441718525,0,1.1239530988274704,0.8355881973972424,False,False,False,False,0.26016817198496606,0.262938501008802,False,False,False,False,-451.0,-799.579567455163,False,False,False,False,19.825776088468903,False,False,False,False
2025-05-07 17:00:00+00:00,26.34,26.34,26.34,26.34,0.0,,,,,26.390812483185368,24.952471168773563,24.485023544734997,24.26519491291125,24.21574029016851,23.398867457180497,,,,,,,26.4473831569665,26.448899082568815,25.352532973621095,24.16715694041017,,24.723751592356685,,,"rgba(38, 166, 154, 1.0)",0.0,0.0,0.7254436542526523,26.304918109967055,0.048359221046720975,0.0,0.0,0.0,0.0,0.0,0.0,0.0,0.0,47.63581370088981,-13.984788637817076,False,False,False,False,True,6.1552763441718525,0,1.0896791650560493,0.8355881973972424,False,False,False,False,0.26016817198496606,0.26155333649688406,False,False,False,False,-451.0,-794.1752330760131,False,False,False,False,19.518399715004268,False,False,False,False
2025-05-07 18:00:00+00:00,26.34,26.34,26.34,26.34,0.0,,,,,26.390812483185368,24.952471168773563,24.485023544734997,24.26519491291125,24.21574029016851,23.398867457180497,,,,,,,26.4473831569665,26.448899082568815,25.352532973621095,24.16715694041017,,24.723751592356685,,,"rgba(38, 166, 154, 1.0)",0.0,0.0,0.7164884023001192,26.304918109967055,0.048963653731620496,0.0,0.0,0.0,0.0,0.0,0.0,0.0,0.0,48.52930569135012,-12.60955104802472,False,False,False,False,True,6.1552763441718525,0,1.0896791650560493,0.8355881973972424,False,False,False,False,0.26016817198496606,0.26086075424092503,False,False,False,False,-451.0,-788.8546868267725,False,False,False,False,19.215788866709627,False,False,False,False
2025-05-07 19:00:00+00:00,26.165,26.165,26.165,26.165,4.0,,,,,26.390085813891126,24.95408250276855,24.487040928650057,24.267293565313448,24.217845890719236,23.400615684415648,,,,,,26.165000000000003,26.445896929824567,26.44741851368971,25.353700311302674,24.169264925701217,,24.725585241730275,,,"rgba(38, 166, 154, 1.0)",0.0,0.0,0.7100969163646451,26.300594691479482,-0.19095237333751908,0.0,0.0,0.0,0.0,0.0,0.0,0.0,0.0,47.140262138409504,-12.60955104802472,False,False,False,True,True,4.78606750744634,0,1.0892765520779888,0.836326321190354,False,False,False,False,0.2446940220223617,0.25277738813164335,False,False,False,False,-455.0,-783.6786451705435,False,False,False,False,18.97988516334979,False,False,False,False
2025-05-08 14:00:00+00:00,26.165,26.165,26.165,26.165,0.0,,,,,26.390085813891126,24.95408250276855,24.487040928650057,24.267293565313448,24.217845890719236,23.400615684415648,,,,,,26.165000000000003,26.445896929824567,26.44741851368971,25.353700311302674,24.169264925701217,,24.725585241730275,,,"rgba(38, 166, 154, 1.0)",0.0,0.0,0.6990492256055845,26.300594691479482,-0.19397016191816457,0.0,0.0,0.0,0.0,0.0,0.0,0.0,0.0,46.21423310311576,-12.60955104802472,False,False,False,True,True,4.786067507446351,0,1.1222413109554645,0.8313730672657591,False,False,False,False,0.2446940220223617,0.24873570507700254,False,False,False,False,-455.0,-778.582852222163,False,False,False,False,18.685623377871497,False,False,False,False
2025-05-08 15:00:00+00:00,26.165,26.165,25.96,25.96,1.0,,,,,26.389795016077176,24.95443927820215,24.487503501400564,24.267779771765138,24.218334683225343,23.4010308056872,,,,,,26.137666666666668,26.445348226018403,26.446872829861118,25.353942549371627,24.16975518635724,,24.72599947005829,,,"rgba(239, 83, 80, 1.0)",0.0,0.0,0.68285596597688,26.29823732921144,-0.49532748641591273,0.0,0.0,0.0,0.0,0.0,0.0,0.0,0.0,43.38978845247685,-12.60955104802472,False,True,False,True,False,3.177285574133016,0,1.1295204929011522,0.8063219930350924,False,False,False,False,0.2356841080776687,0.24220990657733563,False,False,False,False,-456.0,-773.5815676915868,False,False,False,False,18.41142766658667,False,False,False,False
2025-05-08 16:00:00+00:00,25.96,25.96,25.96,25.96,0.0,,,,,26.389795016077176,24.95443927820215,24.487503501400564,24.267779771765138,24.218334683225343,23.4010308056872,,,,,,26.137666666666668,26.445348226018403,26.446872829861118,25.353942549371627,24.16975518635724,,24.72599947005829,,,"rgba(239, 83, 80, 1.0)",0.0,0.0,0.6723191474560157,26.29823732921144,-0.503090430328055,0.0,0.0,0.0,0.0,0.0,0.0,0.0,0.0,41.50682535205091,-12.60955104802472,False,True,False,True,False,3.177285574133016,0,1.132284541723666,0.8272229822161421,False,False,False,False,0.2267116109928231,0.23446075878507938,False,False,False,False,-456.0,-768.6578224560583,False,False,False,False,18.125979175631837,False,False,False,False
2025-05-08 17:00:00+00:00,25.96,25.96,25.96,25.96,0.0,,,,,26.389795016077176,24.95443927820215,24.487503501400564,24.267779771765138,24.218334683225343,23.4010308056872,,,,,,26.137666666666668,26.445348226018403,26.446872829861118,25.353942549371627,24.16975518635724,,24.72599947005829,,,"rgba(239, 83, 80, 1.0)",0.0,0.0,0.6526838769597356,26.29823732921144,-0.5182253479080563,0.0,0.0,0.0,0.0,0.0,0.0,0.0,0.0,40.25151661843361,-12.60955104802472,False,True,False,True,False,3.177285574133016,0,1.1750425894378194,0.8206984667802383,False,False,False,False,0.2267116109928231,0.23058618488895125,False,False,False,False,-456.0,-763.8104143559643,False,False,False,False,17.844956242676304,False,False,False,False
2025-05-08 18:00:00+00:00,25.96,25.96,25.96,25.96,0.0,,,,,26.389795016077176,24.95443927820215,24.487503501400564,24.267779771765138,24.218334683225343,23.4010308056872,,,,,,26.137666666666668,26.445348226018403,26.446872829861118,25.353942549371627,24.16975518635724,,24.72599947005829,,,"rgba(239, 83, 80, 1.0)",0.0,0.0,0.632119094435137,26.29823732921144,-0.5350848158030848,0.0,0.0,0.0,0.0,0.0,0.0,0.0,0.0,39.41464412935541,-12.60955104802472,False,True,False,True,False,3.177285574133016,0,1.1858498961732424,0.8150400474636605,False,False,False,False,0.2267116109928231,0.22864889794088716,False,False,False,False,-456.0,-759.0381598698253,False,False,False,False,17.568290254417757,False,False,False,False
2025-05-08 19:00:00+00:00,25.96,25.96,25.96,25.96,0.0,,,,,26.389795016077176,24.95443927820215,24.487503501400564,24.267779771765138,24.218334683225343,23.4010308056872,,,,,,26.137666666666668,26.445348226018403,26.446872829861118,25.353942549371627,24.16975518635724,,24.72599947005829,,,"rgba(239, 83, 80, 1.0)",0.0,0.0,0.6035192809865075,26.29823732921144,-0.5604416294017287,0.0,0.0,0.0,0.0,0.0,0.0,0.0,0.0,38.85672913663661,-12.60955104802472,False,True,False,True,False,3.177285574133016,0,1.179916938593889,0.7761791753188964,False,False,False,False,0.2267116109928231,0.22768025446685514,False,False,False,False,-456.0,-754.3398938253318,False,False,False,False,17.295913661326008,False,False,False,False
2025-05-09 14:00:00+00:00,25.96,26.26,25.96,26.125,10.0,,,,,26.38760366826157,24.958280922431864,24.492373329343707,24.272865730543316,24.223441482678155,23.405311514195578,,,,,,26.122555555555557,26.441063553826208,26.44260711225365,25.356665474060815,24.17487155882868,,24.730402007395664,,,"rgba(239, 83, 80, 1.0)",0.0,0.0,0.5716263978672499,26.161713136048476,-0.0642257533687278,0.0,0.0,0.0,0.0,0.0,0.0,0.0,0.0,42.17794045512028,-12.60955104802472,False,False,False,True,True,4.4440718061466775,0,1.1783299029697147,0.7693325492502205,False,False,False,False,0.23985467938606458,0.23376746692645986,False,False,False,False,-446.0,-749.5594303551717,False,False,False,False,17.18279872084033,False,False,False,False
2025-05-09 15:00:00+00:00,26.125,26.125,26.125,26.125,0.0,,,,,26.38760366826157,24.958280922431864,24.492373329343707,24.272865730543316,24.223441482678155,23.405311514195578,,,,,,26.122555555555557,26.441063553826208,26.44260711225365,25.356665474060815,24.17487155882868,,24.730402007395664,,,"rgba(239, 83, 80, 1.0)",0.0,0.0,0.5371649636733089,26.161713136048476,-0.06834611065736657,0.0,0.0,0.0,0.0,0.0,0.0,0.0,0.0,44.39208133410939,-11.870465229653405,False,False,False,True,True,4.4440718061466775,0,1.1970271979759646,0.831752055660974,False,False,False,False,0.2411733982157988,0.23747043257112932,False,False,False,False,-446.0,-744.8530825977272,False,False,False,False,16.916398740672264,False,False,False,False
2025-05-09 16:00:00+00:00,26.125,26.125,26.125,26.125,0.0,,,,,26.38760366826157,24.958280922431864,24.492373329343707,24.272865730543316,24.223441482678155,23.405311514195578,,,,,,26.122555555555557,26.441063553826208,26.44260711225365,25.356665474060815,24.17487155882868,,24.730402007395664,,,"rgba(239, 83, 80, 1.0)",0.0,0.0,0.5144823778489079,26.161713136048476,-0.07135936550825477,0.0,0.0,0.0,0.0,0.0,0.0,0.0,0.0,45.86817525343547,-10.123734442246082,False,False,False,True,True,4.444071806146688,0,1.1777996070726917,0.8091028159790438,False,False,False,False,0.2411733982157988,0.23932191539346406,False,False,False,False,-446.0,-740.219701472181,False,False,False,False,16.654128992754863,False,False,False,False
2025-05-09 17:00:00+00:00,26.125,26.125,26.125,26.125,0.0,,,,,26.38760366826157,24.958280922431864,24.492373329343707,24.272865730543316,24.223441482678155,23.405311514195578,,,,,,26.122555555555557,26.441063553826208,26.44260711225365,25.356665474060815,24.17487155882868,,24.730402007395664,,,"rgba(239, 83, 80, 1.0)",0.0,0.0,0.5150048106133615,26.161713136048476,-0.07128697692115064,0.0,0.0,0.0,0.0,0.0,0.0,0.0,0.0,46.85223786631952,-8.825194107251171,False,False,False,True,True,4.444071806146688,0,1.179326287978864,0.7803830911492734,False,False,False,False,0.2411733982157988,0.24024765680463145,False,False,False,False,-446.0,-735.6581557129224,False,False,False,False,16.395925442479594,False,False,False,False
2025-05-09 18:00:00+00:00,26.125,26.275,26.125,26.275,1.0,,,,,26.387474103585664,24.95870008824178,24.49289161431848,24.27340306450133,24.22398026020637,23.405756189875408,,,,,,26.128958333333337,26.440783678756482,26.442327770646134,25.356976037195988,24.175410640722234,,24.730875580904097,,,"rgba(38, 166, 154, 1.0)",0.0,0.0,0.5131175865799252,26.164969870159602,0.21443453258692305,0.0,0.0,0.0,0.0,0.0,0.0,0.0,0.0,51.01931712093945,-4.646459756999462,True,False,True,False,True,5.649644011922188,0,1.1954331766286095,0.7716588314304902,False,False,False,False,0.24777945152997558,0.24401355416730353,False,False,False,False,-445.0,-731.1518277173732,False,False,False,False,16.15722892399154,False,False,False,False
2025-05-09 19:00:00+00:00,26.275,26.275,26.275,26.275,0.0,,,,,26.387474103585664,24.95870008824178,24.49289161431848,24.27340306450133,24.22398026020637,23.405756189875408,,,,,,26.128958333333337,26.440783678756482,26.442327770646134,25.356976037195988,24.175410640722234,,24.730875580904097,,,"rgba(38, 166, 154, 1.0)",0.0,0.0,0.511200477237529,26.164969870159602,0.21523870719954522,0.0,0.0,0.0,0.0,0.0,0.0,0.0,0.0,53.79736995735273,-1.9121218679056113,True,False,True,False,True,5.649644011922188,0,1.2004701141705842,0.7498321020819342,False,False,False,False,0.2544067675608721,0.24921016086408782,False,False,False,False,-445.0,-726.7153652721425,False,False,False,False,15.90672925075136,False,False,False,False
2025-05-12 14:00:00+00:00,26.275,26.275,26.275,26.275,0.0,,,,,26.387474103585664,24.95870008824178,24.49289161431848,24.27340306450133,24.22398026020637,23.405756189875408,,,,,,26.128958333333337,26.440783678756482,26.442327770646134,25.356976037195988,24.175410640722234,,24.730875580904097,,,"rgba(38, 166, 154, 1.0)",0.0,0.0,0.5108346376538854,26.164969870159602,0.21539285265723682,0.0,0.0,0.0,0.0,0.0,0.0,0.0,0.0,55.649405181628254,-0.04488805933173978,True,False,True,False,True,5.649644011922188,0,1.2004701141705842,0.7498321020819342,False,False,False,False,0.2544067675608721,0.25180846421247993,False,False,False,False,-445.0,-722.3476851904039,False,False,False,False,15.66011329337537,False,False,False,False
2025-05-12 15:00:00+00:00,26.275,26.275,26.275,26.275,0.0,,,,,26.387474103585664,24.95870008824178,24.49289161431848,24.27340306450133,24.22398026020637,23.405756189875408,,,,,,26.128958333333337,26.440783678756482,26.442327770646134,25.356976037195988,24.175410640722234,,24.730875580904097,,,"rgba(38, 166, 154, 1.0)",0.0,0.0,0.5040929325874683,26.164969870159602,0.2182735022203555,0.0,0.0,0.0,0.0,0.0,0.0,0.0,0.0,56.88409533114527,1.3038318988229136,True,False,True,False,True,5.649644011922188,0,1.2004701141705842,0.7498321020819342,False,False,False,False,0.2544067675608721,0.253107615886676,False,False,False,False,-445.0,-718.0477210789248,False,False,False,False,15.41732083921451,False,False,False,False
2025-05-12 16:00:00+00:00,26.275,26.275,26.275,26.275,0.0,,,,,26.387474103585664,24.95870008824178,24.49289161431848,24.27340306450133,24.22398026020637,23.405756189875408,,,,,,26.128958333333337,26.440783678756482,26.442327770646134,25.356976037195988,24.175410640722234,,24.730875580904097,,,"rgba(38, 166, 154, 1.0)",0.0,0.0,0.49698233514018414,26.164969870159602,0.22139646031756846,0.0,0.0,0.0,0.0,0.0,0.0,0.0,0.0,57.70722209748995,2.3408356033541082,True,False,True,False,True,5.649644011922188,0,1.2038934426229506,0.7455601092896175,False,False,False,False,0.2544067675608721,0.2537571917237741,False,False,False,False,-445.0,-713.8144230777012,False,False,False,False,15.178292609149167,False,False,False,False
2025-05-12 17:00:00+00:00,26.275,26.275,26.275,26.275,0.0,,,,,26.387474103585664,24.95870008824178,24.49289161431848,24.27340306450133,24.22398026020637,23.405756189875408,,,,,,26.128958333333337,26.440783678756482,26.442327770646134,25.356976037195988,24.175410640722234,,24.730875580904097,,,"rgba(38, 166, 154, 1.0)",0.0,0.0,0.49574524844046675,26.164969870159602,0.2219489348340363,0.0,0.0,0.0,0.0,0.0,0.0,0.0,0.0,58.255973275053066,3.1862483633657206,True,False,True,False,True,5.649644011922188,0,1.2038934426229506,0.7455601092896175,False,False,False,False,0.2544067675608721,0.2540819796423231,False,False,False,False,-445.0,-709.6467576036283,False,False,False,False,14.942970243115846,False,False,False,False
2025-05-12 18:00:00+00:00,26.275,26.275,26.275,26.275,0.0,,,,,26.387474103585664,24.95870008824178,24.49289161431848,24.27340306450133,24.22398026020637,23.405756189875408,,,,,,26.128958333333337,26.440783678756482,26.442327770646134,25.356976037195988,24.175410640722234,,24.730875580904097,,,"rgba(38, 166, 154, 1.0)",0.0,0.0,0.49442962862029843,26.164969870159602,0.2225395151731388,0.0,0.0,0.0,0.0,0.0,0.0,0.0,0.0,58.62180739342848,3.9081514791381196,True,False,True,False,True,5.649644011922188,0,1.2125902992776056,0.7437220502235982,False,False,False,False,0.2544067675608721,0.2542443736015976,False,False,False,False,-445.0,-705.5437070981457,False,False,False,False,14.711296285858236,False,False,False,False
2025-05-12 19:00:00+00:00,26.275,26.54,26.09,26.54,64.0,,,,,26.387596664139505,24.988383560164184,24.528528519714317,24.31004417996574,24.260663314809918,23.435575331772046,,,,,,26.337791666666664,26.43689593301436,26.43835508105971,25.380092657342654,24.21206275321093,,24.763851966873705,,,"rgba(38, 166, 154, 1.0)",0.0,0.0,0.49254969109537255,26.297997657716543,0.49132574166328546,0.0,0.0,0.0,0.0,0.0,0.0,0.0,0.0,65.00773571318156,10.071917361821576,True,False,True,False,True,7.980072372280148,0,1.2030826558265582,0.7315379403794037,False,False,False,False,0.2579502672141884,0.256097320407893,False,False,False,False,-381.0,-700.512021716779,False,False,False,False,15.475462234914696,False,False,False,False
2025-05-13 14:00:00+00:00,26.54,26.54,26.54,26.54,0.0,,,,,26.387596664139505,24.988383560164184,24.528528519714317,24.31004417996574,24.260663314809918,23.435575331772046,,,,,,26.337791666666664,26.43689593301436,26.43835508105971,25.380092657342654,24.21206275321093,,24.763851966873705,,,"rgba(38, 166, 154, 1.0)",0.0,0.0,0.49055693666286765,26.297997657716543,0.4933216191574736,0.0,0.0,0.0,0.0,0.0,0.0,0.0,0.0,69.2650212596836,13.958723128003257,True,False,True,False,True,7.980072372280148,0,1.2183265582655824,0.7315379403794037,False,False,False,False,0.27512010024550265,0.26560871032669786,False,False,False,False,-381.0,-695.5583469614801,False,False,False,False,15.235532587861755,False,False,False,False
2025-05-13 15:00:00+00:00,26.54,26.54,26.54,26.54,0.0,,,,,26.387596664139505,24.988383560164184,24.528528519714317,24.31004417996574,24.260663314809918,23.435575331772046,,,,,,26.337791666666664,26.43689593301436,26.43835508105971,25.380092657342654,24.21206275321093,,24.763851966873705,,,"rgba(38, 166, 154, 1.0)",0.0,0.0,0.4885301543524823,26.297997657716543,0.4953682799871705,0.0,0.0,0.0,0.0,0.0,0.0,0.0,0.0,72.10321162401831,16.488239321766684,True,False,True,False,True,7.980072372280148,0,1.223551855705862,0.749046132500867,False,False,False,False,0.2724423979974431,0.26902555416207047,False,False,False,False,-381.0,-690.681473365178,False,False,False,False,14.999322780298007,False,False,False,False
2025-05-13 16:00:00+00:00,26.54,26.54,26.54,26.54,0.0,,,,,26.387596664139505,24.988383560164184,24.528528519714317,24.31004417996574,24.260663314809918,23.435575331772046,,,,,,26.337791666666664,26.43689593301436,26.43835508105971,25.380092657342654,24.21206275321093,,24.763851966873705,,,"rgba(38, 166, 154, 1.0)",0.0,0.0,0.4873460209585101,26.297997657716543,0.4965719055374391,0.0,0.0,0.0,0.0,0.0,0.0,0.0,0.0,73.99533853357478,18.218200963291935,True,False,True,False,True,7.980072372280148,0,1.1996184530003469,0.749046132500867,False,False,False,False,0.2724423979974431,0.2707339760797568,False,False,False,False,-381.0,-685.8802102122295,False,False,False,False,14.766775140293387,False,False,False,False
2025-05-13 17:00:00+00:00,26.54,26.54,25.43,25.43,7.0,,,,,26.38449472096531,24.99022039012825,24.531135520406178,24.312859971202307,24.26350942067266,23.43815658140985,,,,,,26.294521072796933,26.43160735468565,26.43309803921569,25.38111789326822,24.21493202546894,,24.766099576490035,,,"rgba(239, 83, 80, 1.0)",0.0,0.0,0.49939152164593265,26.132393891226766,-1.406499431371527,0.0,0.0,0.0,0.0,0.0,0.0,0.0,0.0,55.74519329360586,13.220045656614253,True,False,True,False,False,0.0,0,1.1551436205744823,0.7583500334001334,False,False,False,False,0.21923267382616646,0.24498332495296163,False,False,False,False,-388.0,-681.2619123794817,False,False,False,False,14.646360021839225,False,False,False,False
2025-05-13 18:00:00+00:00,25.43,25.43,25.43,25.43,0.0,,,,,26.38449472096531,24.99022039012825,24.531135520406178,24.312859971202307,24.26350942067266,23.43815658140985,,,,,,26.294521072796933,26.43160735468565,26.43309803921569,25.38111789326822,24.21493202546894,,24.766099576490035,,,"rgba(239, 83, 80, 1.0)",0.0,0.0,0.5063423155736528,26.132393891226766,-1.3871917665640872,0.0,0.0,0.0,0.0,0.0,0.0,0.0,0.0,43.57842980029324,3.057501885456915,False,False,False,True,False,0.0,0,1.1555295689943201,0.7953558302706314,False,False,False,False,0.16721849974748115,0.20610091235022138,False,False,False,False,-388.0,-676.7152160635208,False,False,False,False,14.419284672663423,False,False,False,False
2025-05-13 19:00:00+00:00,25.43,25.43,25.43,25.43,0.0,,,,,26.38449472096531,24.99022039012825,24.531135520406178,24.312859971202307,24.26350942067266,23.43815658140985,,,,,,26.294521072796933,26.43160735468565,26.43309803921569,25.38111789326822,24.21493202546894,,24.766099576490035,,,"rgba(239, 83, 80, 1.0)",0.0,0.0,0.5131607408462713,26.132393891226766,-1.368759991398453,0.0,0.0,0.0,0.0,0.0,0.0,0.0,0.0,35.467254138084826,-3.339018471757825,False,True,False,True,False,0.0,0,1.1570759451321513,0.7947474071595851,False,False,False,False,0.16721849974748115,0.18665970604885126,False,False,False,False,-388.0,-672.2390111633111,False,False,False,False,14.195729871536859,False,False,False,False
2025-05-14 14:00:00+00:00,25.43,25.43,25.43,25.43,0.0,,,,,26.38449472096531,24.99022039012825,24.531135520406178,24.312859971202307,24.26350942067266,23.43815658140985,,,,,,26.294521072796933,26.43160735468565,26.43309803921569,25.38111789326822,24.21493202546894,,24.766099576490035,,,"rgba(239, 83, 80, 1.0)",0.0,0.0,0.5183210942617565,26.132393891226766,-1.3551327526563122,0.0,0.0,0.0,0.0,0.0,0.0,0.0,0.0,30.05980369661255,-7.556093569493214,False,True,False,True,False,0.0,0,1.1570759451321513,0.7934091669454667,False,False,False,False,0.16721849974748115,0.17693910289816622,False,False,False,False,-388.0,-667.8322047886861,False,False,False,False,13.975641036319233,False,False,False,False
2025-05-14 15:00:00+00:00,25.43,25.43,25.43,25.43,0.0,,,,,26.38449472096531,24.99022039012825,24.531135520406178,24.312859971202307,24.26350942067266,23.43815658140985,,,,,,26.294521072796933,26.43160735468565,26.43309803921569,25.38111789326822,24.21493202546894,,24.766099576490035,,,"rgba(239, 83, 80, 1.0)",0.0,0.0,0.5257353751504958,26.132393891226766,-1.3360217410245607,0.0,0.0,0.0,0.0,0.0,0.0,0.0,0.0,26.454836735631034,-10.53408772374074,False,True,False,True,False,0.0,0,1.1570759451321513,0.7934091669454667,False,False,False,False,0.14895394716949015,0.16294652503382817,False,False,False,False,-388.0,-663.4937209935126,False,False,False,False,13.758964431104982,False,False,False,False
2025-05-14 16:00:00+00:00,25.43,25.43,25.43,25.43,0.0,,,,,26.38449472096531,24.99022039012825,24.531135520406178,24.312859971202307,24.26350942067266,23.43815658140985,,,,,,26.294521072796933,26.43160735468565,26.43309803921569,25.38111789326822,24.21493202546894,,24.766099576490035,,,"rgba(239, 83, 80, 1.0)",0.0,0.0,0.5358741868611436,26.132393891226766,-1.3107440299391975,0.0,0.0,0.0,0.0,0.0,0.0,0.0,0.0,24.051525428310022,-12.816248325645027,False,True,False,True,False,0.0,0,1.1649683766690089,0.8332747716092762,False,False,False,False,0.12638289579808124,0.1446647104159547,False,False,False,False,-388.0,-659.2225005129931,False,False,False,False,13.545647153103353,False,False,False,False
2025-05-14 17:00:00+00:00,25.43,25.43,25.43,25.43,0.0,,,,,26.38449472096531,24.99022039012825,24.531135520406178,24.312859971202307,24.26350942067266,23.43815658140985,,,,,,26.294521072796933,26.43160735468565,26.43309803921569,25.38111789326822,24.21493202546894,,24.766099576490035,,,"rgba(239, 83, 80, 1.0)",0.0,0.0,0.5456764955885359,26.132393891226766,-1.2871983618594447,0.0,0.0,0.0,0.0,0.0,0.0,0.0,0.0,22.449317890096015,-14.705987708412728,False,True,False,True,False,0.0,0,1.1147224174279688,0.8332747716092762,False,False,False,False,0.12638289579808124,0.13552380310701795,False,False,False,False,-388.0,-655.0175005050396,False,False,False,False,13.335637119721905,False,False,False,False
2025-05-14 18:00:00+00:00,25.43,25.43,25.43,25.43,0.0,,,,,26.38449472096531,24.99022039012825,24.531135520406178,24.312859971202307,24.26350942067266,23.43815658140985,,,,,,26.294521072796933,26.43160735468565,26.43309803921569,25.38111789326822,24.21493202546894,,24.766099576490035,,,"rgba(239, 83, 80, 1.0)",0.0,0.0,0.5557809779899298,26.132393891226766,-1.2637962057771124,0.0,0.0,0.0,0.0,0.0,0.0,0.0,0.0,21.381179531286676,-16.365120387915148,False,True,False,True,False,0.0,0,1.1147224174279688,0.8332747716092762,False,False,False,False,0.12638289579808124,0.1309533494525496,False,False,False,False,-388.0,-650.8776942956591,False,False,False,False,13.128883055850247,False,False,False,False
2025-05-14 19:00:00+00:00,25.43,26.73,25.43,26.23,33.0,,,,,26.378314937454014,25.002252612497337,24.546442316990625,24.32890643118366,24.27963777603212,23.45193948797517,,,,,,26.249277777777774,26.420245433789958,26.4217704794262,25.38963965517241,24.23110741404317,,24.779905930470346,,,"rgba(38, 166, 154, 1.0)",0.0,0.0,0.5464692156046407,26.128323056020065,0.18606161349351585,0.0,0.0,0.0,0.0,0.0,1.0,26.73,753.0,36.33238146969647,-26.54805443646719,False,True,False,True,True,4.860556190070334,0,1.1097110215053763,0.796875,False,False,False,False,0.1563581204329975,0.14365573494277356,False,False,False,False,-355.0,-646.2904432213078,False,False,False,False,13.436962388317685,False,False,False,False
2025-05-15 14:00:00+00:00,26.23,26.23,26.09,26.09,1.0,,,,,26.378137254901965,25.00261539281527,24.546903518948188,24.329390048154096,24.280123909249568,23.452355983038572,,,,,,26.248347107438015,26.41992208285823,26.421447963800908,25.389897161898194,24.231595018764928,,24.780321987120516,,,"rgba(38, 166, 154, 1.0)",0.0,0.0,0.546699705110141,26.12878299347318,-0.0709402129005485,0.0,0.0,0.0,0.0,0.0,0.0,0.0,0.0,44.03057386646334,-19.505574771364365,False,False,False,True,True,3.4478092597793193,0,1.1455320726733407,0.9030404152762328,False,False,False,False,0.06945930078615352,0.10655751786446355,False,False,False,False,-356.0,-641.7898161946208,False,False,False,False,13.244141266018186,False,False,False,False
2025-05-15 15:00:00+00:00,26.09,26.09,26.09,26.09,0.0,,,,,26.378137254901965,25.00261539281527,24.546903518948188,24.329390048154096,24.280123909249568,23.452355983038572,,,,,,26.248347107438015,26.41992208285823,26.421447963800908,25.389897161898194,24.231595018764928,,24.780321987120516,,,"rgba(38, 166, 154, 1.0)",0.0,0.0,0.5469295703789496,26.12878299347318,-0.0709103979262065,0.0,0.0,0.0,0.0,0.0,0.0,0.0,0.0,49.162702130974594,-14.764869536056125,True,False,False,False,True,3.4478092597793193,0,1.038006111535523,0.9356378915202445,False,False,False,False,0.0526572970956123,0.07960740748003792,False,False,False,False,-356.0,-637.3589663311383,False,False,False,False,13.038805742514027,False,False,False,False
2025-05-15 16:00:00+00:00,26.09,26.09,25.955,25.955,1.0,,,,,26.377859417095276,25.002934249786875,24.547324828452698,24.329836854774005,24.280574020762458,23.452751150405867,,,,,,26.246311475409833,26.41944381169324,26.42097175141243,25.390107397197333,24.232047411955318,,24.780695892090744,,,"rgba(38, 166, 154, 1.0)",0.0,0.0,0.5481661647202348,26.125848921736893,-0.3116735995992924,0.0,0.0,0.0,0.0,0.0,0.0,0.0,0.0,50.3762516622323,-13.366082829932886,True,False,True,False,True,2.078756073182433,0,1.0493875170134161,0.9344740423877115,False,False,False,False,0.03648355655758446,0.058045482018811184,False,False,False,False,-357.0,-633.0123156903454,False,False,False,False,12.852157591467298,False,False,False,False
2025-05-15 17:00:00+00:00,25.955,25.955,25.955,25.955,0.0,,,,,26.377859417095276,25.002934249786875,24.547324828452698,24.329836854774005,24.280574020762458,23.452751150405867,,,,,,26.246311475409833,26.41944381169324,26.42097175141243,25.390107397197333,24.232047411955318,,24.780695892090744,,,"rgba(38, 166, 154, 1.0)",0.0,0.0,0.5493910469988293,26.125848921736893,-0.3109787148338045,0.0,0.0,0.0,0.0,0.0,0.0,0.0,0.0,51.18528468307076,-11.969707939577717,True,False,True,False,True,2.078756073182433,0,1.0493875170134161,0.939723896558429,False,False,False,False,0.020328874192070873,0.03918717810544103,False,False,False,False,-357.0,-628.7330549819679,False,False,False,False,12.652899334235247,False,False,False,False
2025-05-15 18:00:00+00:00,25.955,26.0,25.955,25.99,5.0,,,,,26.376409224011717,25.00449622300245,24.549401177378893,24.33204282407408,24.282797090085385,23.454710942343453,,,,,,26.23589238845144,26.41696489241223,26.418503745318354,25.391124871001033,24.2342824902061,,24.782533925109686,,,"rgba(38, 166, 154, 1.0)",0.0,0.0,0.5502920436761564,26.1111770863529,-0.22020504883805506,0.0,0.0,0.0,0.0,0.0,0.0,0.0,0.0,52.27970115580822,-10.082634612717385,True,False,True,False,True,2.420683939602739,0,1.0493012422360246,0.938082298136646,False,False,False,False,0.025712173595211035,0.03244967585032603,False,False,False,False,-352.0,-624.4426200210072,False,False,False,False,12.53424973215408,False,False,False,False
2025-05-15 19:00:00+00:00,25.99,25.99,25.99,25.99,13.0,,,,,26.37276649746193,25.008568552659465,24.554802903566973,24.337779700115345,24.28857818876444,23.45980897138437,,,,,,26.21305952380952,26.410770089285712,26.41233480989295,25.39379109589041,24.240094643918173,,24.78731961382114,,,"rgba(38, 166, 154, 1.0)",0.0,0.0,0.5511860430508028,26.08672310912175,-0.1754817821336519,0.0,0.0,0.0,0.0,0.0,0.0,0.0,0.0,53.00931213763318,-8.424190911695248,True,False,True,False,True,2.420683939602739,0,1.0506599378881987,0.93847049689441,False,False,False,False,0.02870351944766363,0.030576597648994827,False,False,False,False,-352.0,-620.2187034315342,False,False,False,False,12.541470666539288,False,False,False,False
2025-05-16 14:00:00+00:00,25.975,25.975,25.975,25.975,0.0,,,,,26.37276649746193,25.008568552659465,24.554802903566973,24.337779700115345,24.28857818876444,23.45980897138437,,,,,,26.21305952380952,26.410770089285712,26.41233480989295,25.39379109589041,24.240094643918173,,24.78731961382114,,,"rgba(38, 166, 154, 1.0)",0.0,0.0,0.536397249255583,26.08672310912175,-0.2082842693112204,0.0,0.0,0.0,0.0,0.0,0.0,0.0,0.0,53.15478498039815,-7.241472290947449,True,False,True,False,True,2.2590246327854757,0,1.050630455868089,0.938506304558681,False,False,False,False,-1.2941175465516416e-08,0.015288292353909681,False,False,False,False,-352.0,-616.0602739209678,False,False,False,False,12.347029260856509,False,False,False,False
2025-05-16 15:00:00+00:00,25.975,25.975,25.975,25.975,0.0,,,,,26.37276649746193,25.008568552659465,24.554802903566973,24.337779700115345,24.28857818876444,23.45980897138437,,,,,,26.21305952380952,26.410770089285712,26.41233480989295,25.39379109589041,24.240094643918173,,24.78731961382114,,,"rgba(38, 166, 154, 1.0)",0.0,0.0,0.536828835103094,26.08672310912175,-0.20811681827838488,0.0,0.0,0.0,0.0,0.0,0.0,0.0,0.0,53.25176687557479,-6.074500996525636,True,False,True,False,True,2.2590246327854757,0,1.0526528142021383,0.97599354448255,False,False,False,False,-1.2941175465516416e-08,0.0076441397063671075,False,False,False,False,-352.0,-611.966316185759,False,False,False,False,12.15560245061067,False,False,False,False
2025-05-16 16:00:00+00:00,25.975,25.975,25.975,25.975,0.0,,,,,26.37276649746193,25.008568552659465,24.554802903566973,24.337779700115345,24.28857818876444,23.45980897138437,,,,,,26.21305952380952,26.410770089285712,26.41233480989295,25.39379109589041,24.240094643918173,,24.78731961382114,,,"rgba(38, 166, 154, 1.0)",0.0,0.0,0.5374684738292163,26.08672310912175,-0.20786913942276794,0.0,0.0,0.0,0.0,0.0,0.0,0.0,0.0,53.316421472359224,-4.958467929018717,True,False,True,False,True,2.2590246327854757,0,1.036975831439785,0.9754183020037184,False,False,False,False,-1.2941175465516416e-08,0.003822063382595821,False,False,False,False,-352.0,-607.9358306634991,False,False,False,False,11.967143497888024,False,False,False,False
2025-05-16 17:00:00+00:00,25.975,25.975,25.975,25.975,0.0,,,,,26.37276649746193,25.008568552659465,24.554802903566973,24.337779700115345,24.28857818876444,23.45980897138437,,,,,,26.21305952380952,26.410770089285712,26.41233480989295,25.39379109589041,24.240094643918173,,24.78731961382114,,,"rgba(38, 166, 154, 1.0)",0.0,0.0,0.5380004521247476,26.08672310912175,-0.20766359708530902,0.0,0.0,0.0,0.0,0.0,0.0,0.0,0.0,53.35952453688218,-3.9157973736305536,True,False,True,False,True,2.259024632785497,0,1.037121526337619,0.9552053090004149,False,False,False,False,-1.2941175465516416e-08,0.0019110252207101778,False,False,False,False,-352.0,-603.9678332888712,False,False,False,False,11.781606389393636,False,False,False,False
2025-05-16 18:00:00+00:00,25.975,25.975,25.37,25.48,7.0,,,,,26.368905723905726,25.009900095147483,24.556925734024187,24.340142578816863,24.29098023920957,23.46213277709105,,,,,25.60833333333333,26.18426303854875,26.404549649317094,26.406150183150185,25.394304179478418,24.242529232333503,,24.789068045837137,,,"rgba(239, 83, 80, 1.0)",0.0,0.0,0.5452504342373163,26.037571745983286,-1.0225975276172015,0.0,0.0,0.0,0.0,0.0,0.0,0.0,0.0,44.51375719637011,1.742919770359805,False,False,False,True,False,0.0,0,1.0117337649200888,0.952458021444467,False,False,False,False,-0.07845469873917774,-0.03827183675923378,False,False,False,False,-359.0,-600.1698823851677,False,False,False,False,11.707472956999936,False,False,False,False
2025-05-16 19:00:00+00:00,25.48,25.585,25.48,25.55,7.0,,,,,26.364731993299834,25.011070675105486,24.55889926266399,24.342366746221163,24.29324638809586,23.464375932499866,,,,,25.57333333333333,26.154902597402593,26.39788644688645,26.399525627044714,25.394647807316513,24.244830838196734,,24.79066029143898,,,"rgba(239, 83, 80, 1.0)",0.0,0.0,0.5451600145291169,25.99136110764687,-0.8095991926849153,0.0,0.0,0.0,0.0,0.0,0.0,0.0,0.0,40.40773595056173,-2.271207829202069,False,True,False,True,False,0.0,0,1.0237413016782642,0.9764633647155139,False,False,False,False,-0.11503415894806535,-0.07665299785364957,False,False,False,False,-352.0,-596.3222873094287,False,False,False,False,11.634488880147224,False,False,False,False
2025-05-19 14:00:00+00:00,25.55,25.55,25.25,25.25,1.0,,,,,26.364004065040653,25.01117789728989,24.559126459888958,24.342633881230118,24.293520584673935,23.464666923868307,,,,,25.558444444444444,26.149709677419352,26.39673618733992,26.398382352941177,25.39463259511641,24.245111195670557,,24.79083004552352,,,"rgba(239, 83, 80, 1.0)",0.0,0.0,0.5507632541865034,25.982973771717916,-1.3308327419201986,0.0,0.0,0.0,0.0,0.0,0.0,0.0,0.0,34.86433009852847,-7.494303411243692,False,True,False,True,False,0.0,0,1.0028432168968315,0.9780666125101545,False,False,False,False,-0.14993710938848528,-0.11329505362106743,False,False,False,False,-353.0,-592.5498487464918,False,False,False,False,11.469613083555794,False,False,False,False
2025-05-19 15:00:00+00:00,25.25,25.25,25.25,25.25,0.0,,,,,26.364004065040653,25.01117789728989,24.559126459888958,24.342633881230118,24.293520584673935,23.464666923868307,,,,,25.558444444444444,26.149709677419352,26.39673618733992,26.398382352941177,25.39463259511641,24.245111195670557,,24.79083004552352,,,"rgba(239, 83, 80, 1.0)",0.0,0.0,0.5549609027702291,25.982973771717916,-1.3207665045575099,0.0,0.0,0.0,0.0,0.0,0.0,0.0,0.0,31.168726197172965,-10.92100300927811,False,True,False,True,False,0.0,0,1.0029142381348872,1.0104079933388845,False,False,False,False,-0.18989723823798124,-0.15159614592952433,False,False,False,False,-353.0,-588.8358976031353,False,False,False,False,11.291789624896014,False,False,False,False
2025-05-19 16:00:00+00:00,25.25,25.49,25.21,25.21,2.0,,,,,26.36248447946514,25.01136263041417,24.559553673938012,24.343142995937118,24.294044346473033,23.465234238403777,,,,,25.528431372549022,26.13892781316348,26.394341000365095,26.396001811594203,25.394570423334468,24.24564781947262,,24.791140936204634,,,"rgba(239, 83, 80, 1.0)",0.0,0.0,0.5533623839111864,25.9134313183123,-1.271194679588479,0.0,0.0,0.0,0.0,0.0,0.0,0.0,0.0,28.370057520354777,-13.584116896030935,False,True,False,True,False,0.0,0,0.9765432098765429,1.000411522633745,False,False,False,False,-0.16319829909097766,-0.157397222510251,False,False,False,False,-355.0,-585.2105348495983,False,False,False,False,11.147730871021656,False,False,False,False
2025-05-19 17:00:00+00:00,25.21,25.3,25.21,25.3,1.0,,,,,26.36170245764734,25.01144437420987,24.559757532281214,24.343388520971306,24.294297381384503,23.465512622756947,,,,,25.514074074074074,26.133428270042195,26.393110867979576,26.394779225479553,25.39452802359882,24.24590747782003,,24.79128613300991,,,"rgba(239, 83, 80, 1.0)",0.0,0.0,0.5484003108139558,25.850352620530874,-1.003560008407033,0.0,0.0,0.0,0.0,0.0,0.0,0.0,0.0,28.991774565765432,-13.584116896030935,False,True,False,True,False,0.0,0,0.9766297662976626,1.0082000820008203,False,False,False,False,-0.18855622658819685,-0.17297672454922391,False,False,False,False,-354.0,-581.6258753945657,False,False,False,False,10.990401710230621,False,False,False,False
2025-05-19 18:00:00+00:00,25.3,25.33,25.3,25.33,2.0,,,,,26.360213247557777,25.011639292482634,24.56019357613996,24.343905657047046,24.29482897123608,23.466084554099197,,,,,25.494666666666667,26.12326041666667,26.390767831149926,26.392450343084146,25.39447732426304,24.246451735495317,,24.79160656565657,,,"rgba(239, 83, 80, 1.0)",0.0,0.0,0.5415189680821295,25.83891936001712,-0.9397996931105382,0.0,0.0,0.0,0.0,0.0,0.0,0.0,0.0,30.21945833449943,-13.584116896030935,False,True,False,True,False,0.0,0,0.98034398034398,1.0069615069615074,False,False,False,False,-0.17251483011131447,-0.1727457773302692,False,False,False,False,-352.0,-578.0657843031771,False,False,False,False,10.85101563720379,False,False,False,False
2025-05-19 19:00:00+00:00,25.33,25.33,25.33,25.33,1.0,,,,,26.35947738095238,25.01173981686139,24.560414277522945,24.344166666666673,24.295097150259075,23.466371929283575,,,,,25.4868253968254,26.118333333333336,26.389611050527083,26.391300505050506,25.394455400657375,24.246726190476192,,24.791769665757855,,,"rgba(239, 83, 80, 1.0)",0.0,0.0,0.5333050274019486,25.832902676982535,-0.942992567372709,0.0,0.0,0.0,0.0,0.0,0.0,0.0,0.0,31.03791418032209,-13.584116896030935,False,True,False,True,True,0.0,0,0.9815724815724811,1.0069615069615074,False,False,False,False,-0.16851849112489226,-0.17063213422758072,False,False,False,False,-352.0,-574.5608884225077,False,False,False,False,10.69828671259598,False,False,False,False
2025-05-20 14:00:00+00:00,26.51,26.51,26.51,26.51,0.0,,,,,26.35947738095238,25.01173981686139,24.560414277522945,24.344166666666673,24.295097150259075,23.466371929283575,,,,,25.4868253968254,26.118333333333336,26.389611050527083,26.391300505050506,25.394455400657375,24.246726190476192,,24.791769665757855,,,"rgba(38, 166, 154, 1.0)",0.0,0.0,0.5185141453411464,25.832902676982535,1.3058415649817687,0.0,0.0,0.0,0.0,0.0,0.0,0.0,0.0,45.83728395642946,-12.24634955173154,False,False,False,False,True,7.779806823413722,0,0.9824218749999996,1.0066406250000004,False,False,False,False,0.13936590917940084,-0.015633112524089943,False,False,False,False,-352.0,-571.1103320128564,False,False,False,False,10.532421802323174,False,False,False,False
2025-05-20 15:00:00+00:00,26.51,26.51,26.51,26.51,0.0,,,,,26.35947738095238,25.01173981686139,24.560414277522945,24.344166666666673,24.295097150259075,23.466371929283575,,,,,25.4868253968254,26.118333333333336,26.389611050527083,26.391300505050506,25.394455400657375,24.246726190476192,,24.791769665757855,,,"rgba(38, 166, 154, 1.0)",0.0,0.0,0.5030926875359971,25.832902676982535,1.3458699356846036,0.0,0.0,0.0,0.0,0.0,0.0,0.0,0.0,55.70353047383438,-3.637480780129998,True,False,True,False,True,7.779806823413722,0,0.9824218749999996,1.0066406250000004,False,False,False,False,0.13936590917940084,0.06186639832765545,False,False,False,False,-352.0,-567.7132726018043,False,False,False,False,10.369128441046845,False,False,False,False
2025-05-20 16:00:00+00:00,26.51,26.51,26.51,26.51,0.0,,,,,26.35947738095238,25.01173981686139,24.560414277522945,24.344166666666673,24.295097150259075,23.466371929283575,,,,,25.4868253968254,26.118333333333336,26.389611050527083,26.391300505050506,25.394455400657375,24.246726190476192,,24.791769665757855,,,"rgba(38, 166, 154, 1.0)",0.0,0.0,0.5000132250502634,25.832902676982535,1.3541588283977934,0.0,0.0,0.0,0.0,0.0,0.0,0.0,0.0,62.28102815210433,1.8511858231573726,True,False,True,False,True,7.779806823413722,0,1.0032025620496394,1.0104083266613295,False,False,False,False,0.13936590917940084,0.10061615375352814,False,False,False,False,-352.0,-564.3688807785205,False,False,False,False,10.208366759790305,False,False,False,False
2025-05-20 17:00:00+00:00,26.51,26.51,26.51,26.51,0.0,,,,,26.35947738095238,25.01173981686139,24.560414277522945,24.344166666666673,24.295097150259075,23.466371929283575,,,,,25.4868253968254,26.118333333333336,26.389611050527083,26.391300505050506,25.394455400657375,24.246726190476192,,24.791769665757855,,,"rgba(38, 166, 154, 1.0)",0.0,0.0,0.49689791762542185,25.832902676982535,1.3626487433338075,0.0,0.0,0.0,0.0,0.0,0.0,0.0,0.0,66.66602660428428,5.51802623528836,True,False,True,False,True,7.7798068234137325,0,1.0032323232323228,0.994747474747475,False,False,False,False,0.13936590917940084,0.11999103146646449,False,False,False,False,-352.0,-561.0763399912566,False,False,False,False,10.050097507700533,False,False,False,False
2025-05-20 18:00:00+00:00,26.51,26.51,26.51,26.51,0.0,,,,,26.35947738095238,25.01173981686139,24.560414277522945,24.344166666666673,24.295097150259075,23.466371929283575,,,,,25.4868253968254,26.118333333333336,26.389611050527083,26.391300505050506,25.394455400657375,24.246726190476192,,24.791769665757855,,,"rgba(38, 166, 154, 1.0)",0.0,0.0,0.4937460867674174,25.832902676982535,1.3713472190746059,0.0,0.0,0.0,0.0,0.0,0.0,0.0,0.0,69.5893589057376,8.135324175724847,True,False,True,False,True,7.779806823413722,0,0.9999999999999997,1.0012274959083474,False,False,False,False,0.13936590917940084,0.12967847032293267,False,False,False,False,-352.0,-557.8348463479814,False,False,False,False,9.894282042464866,False,False,False,False
2025-05-20 19:00:00+00:00,26.51,26.51,25.105,25.105,3.0,,,,25.573333333333334,26.3577963886909,25.012271293375402,24.561284732168442,24.345141937758974,24.296089826559676,23.467346021472228,,,,,25.49763888888889,26.108363821138216,26.386949275362323,26.388653362099966,25.394637681159423,24.247733485193624,,24.792479317998392,,,"rgba(239, 83, 80, 1.0)",0.0,0.0,0.5004809668690081,25.71521224146224,-1.2192516436333358,0.0,0.0,0.0,0.0,0.0,0.0,0.0,0.0,57.03512507135718,19.482283786658243,True,False,True,False,False,0.0,0,0.9423940636594411,1.001171646162859,False,False,False,False,-0.04338014340079665,0.04314916346106801,False,False,False,False,-355.0,-554.6901200480127,False,False,False,False,9.78739394878324,False,False,False,False
2025-05-21 14:00:00+00:00,25.105,25.105,25.105,25.105,0.0,,,,25.573333333333334,26.3577963886909,25.012271293375402,24.561284732168442,24.345141937758974,24.296089826559676,23.467346021472228,,,,,25.49763888888889,26.108363821138216,26.386949275362323,26.388653362099966,25.394637681159423,24.247733485193624,,24.792479317998392,,,"rgba(239, 83, 80, 1.0)",0.0,0.0,0.5041070331793033,25.71521224146224,-1.21048150749604,0.0,0.0,0.0,0.0,0.0,0.0,0.0,0.0,48.6656358484369,12.08745648800246,False,False,False,True,False,0.0,0,0.9513108614232205,1.0471121624285435,False,False,False,False,-0.22910243972355862,-0.0929766381312453,False,False,False,False,-355.0,-551.594149194555,False,False,False,False,9.635651406941639,False,False,False,False
2025-05-21 15:00:00+00:00,25.105,25.255,25.105,25.255,1.0,,,,25.48125,26.356975308641978,25.012332071901618,24.56146907216496,24.345369293142966,24.29632505175984,23.4676137647663,,,,,25.485933333333335,26.10288888888889,26.385665942815784,26.387377873563224,25.394573288058858,24.24797570850203,,24.79260413514877,,,"rgba(239, 83, 80, 1.0)",0.0,0.0,0.5017053620106204,25.67334087873931,-0.8338377669769763,0.0,0.0,0.0,0.0,0.0,0.0,0.0,0.0,44.72652012071434,8.62916313899882,False,False,False,True,False,0.0,0,0.9511084718923194,1.0419635787806814,False,False,False,False,-0.2087447539822129,-0.1508606960567291,False,False,False,False,-354.0,-548.530674013244,False,False,False,False,9.501765338616963,False,False,False,False
2025-05-21 16:00:00+00:00,25.255,25.255,25.255,25.255,0.0,,,,25.48125,26.356975308641978,25.012332071901618,24.56146907216496,24.345369293142966,24.29632505175984,23.4676137647663,,,,,25.485933333333335,26.10288888888889,26.385665942815784,26.387377873563224,25.394573288058858,24.24797570850203,,24.79260413514877,,,"rgba(239, 83, 80, 1.0)",0.0,0.0,0.4988023313555205,25.67334087873931,-0.8386907045972476,0.0,0.0,0.0,0.0,0.0,0.0,0.0,0.0,42.1004429688993,6.017314304014008,False,True,False,True,False,0.0,0,0.9596790371113336,1.0425275827482452,False,False,False,False,-0.18855622658819773,-0.16970846132246342,False,False,False,False,-354.0,-545.5146945711782,False,False,False,False,9.354451147320576,False,False,False,False
2025-05-21 17:00:00+00:00,25.255,25.255,25.255,25.255,0.0,,,,25.48125,26.356975308641978,25.012332071901618,24.56146907216496,24.345369293142966,24.29632505175984,23.4676137647663,,,,,25.485933333333335,26.10288888888889,26.385665942815784,26.387377873563224,25.394573288058858,24.24797570850203,,24.79260413514877,,,"rgba(239, 83, 80, 1.0)",0.0,0.0,0.4949218975602318,25.67334087873931,-0.8452664567915977,0.0,0.0,0.0,0.0,0.0,0.0,0.0,0.0,40.349724867689275,3.894099282291748,False,True,False,True,False,0.0,0,0.9596790371113336,1.0290872617853564,False,False,False,False,-0.18855622658819773,-0.17913234395533056,False,False,False,False,-354.0,-542.5454745003073,False,False,False,False,9.209420896974521,False,False,False,False
2025-05-21 18:00:00+00:00,25.255,25.255,25.255,25.255,0.0,,,,25.48125,26.356975308641978,25.012332071901618,24.56146907216496,24.345369293142966,24.29632505175984,23.4676137647663,,,,,25.485933333333335,26.10288888888889,26.385665942815784,26.387377873563224,25.394573288058858,24.24797570850203,,24.79260413514877,,,"rgba(239, 83, 80, 1.0)",0.0,0.0,0.4900408422029353,25.67334087873931,-0.8536857394553009,0.0,0.0,0.0,0.0,0.0,0.0,0.0,0.0,39.182579466882586,2.0634954158537937,False,True,False,True,False,0.0,0,0.9674418604651158,1.029322548028312,False,False,False,False,-0.18855622658819773,-0.18384428527176416,False,False,False,False,-354.0,-539.6222888491396,False,False,False,False,9.066639177641582,False,False,False,False
2025-05-21 19:00:00+00:00,25.255,25.255,25.045,25.08,116.0,,,,25.13848611111111,26.263083333333338,25.016367001318333,24.5796406134516,24.368619805028224,24.320525963149084,23.496746392168724,,,,,25.19036643026005,25.699893238434164,26.24483285117326,26.247298850574715,25.384420668626813,24.273031792854805,,24.80393159894768,,,"rgba(239, 83, 80, 1.0)",0.0,0.0,0.49101005475836046,25.267547590839627,-0.38196283155937727,0.0,0.0,0.0,0.0,0.0,0.0,0.0,0.0,36.942484360960655,-0.8924402354387979,False,True,False,True,False,0.0,0,0.9592941648285539,1.0210547423300584,False,False,False,False,-0.21686647277033036,-0.20035537902104728,False,False,False,False,-470.0,-538.5428735181453,False,False,False,False,10.724520740778921,False,False,False,False
2025-05-22 14:00:00+00:00,25.08,25.98,25.08,25.94,2.0,,,,25.14714480874317,26.262299605781873,25.0167624404581,24.580242843951993,24.369285470085472,24.32120207600871,23.49740314769975,,,,,25.197027972027975,25.699658421672556,26.24371992300289,26.246188655194395,25.384604962455107,24.273716625716627,,24.804435680202555,,,"rgba(38, 166, 154, 1.0)",0.0,0.0,0.48143182653781574,25.273435191860358,1.384546619888425,0.0,0.0,0.0,0.0,0.0,0.0,0.0,0.0,44.38397763703752,-0.8924402354387979,False,False,False,True,True,2.064773529845187,0,0.9620669634217143,0.9922585639636156,False,False,False,False,-0.15010463683984293,-0.1752300079304451,False,False,False,False,-468.0,-537.4491855566237,False,False,False,False,10.589256853324985,False,False,False,False
2025-05-22 15:00:00+00:00,25.94,26.005,25.94,25.955,20.0,,,,25.262570422535212,26.25846519671423,25.02250377757631,24.58788154269973,24.377435374149663,24.329425287356326,23.504854154093735,,,,,25.29146216768916,25.717282728272824,26.238487566887002,26.240944340212636,25.388380906043896,24.28199511002445,,24.811186949365865,,,"rgba(38, 166, 154, 1.0)",0.0,0.0,0.4714273706157707,25.359588443109814,1.2629974286653471,0.0,0.0,0.0,0.0,0.0,0.0,0.0,0.0,49.44989500940549,-12.414222495170137,True,False,False,False,True,2.196786991655042,0,0.9953014878621766,1.0052858261550512,False,False,False,False,-0.06316079052256074,-0.11919539922650292,False,False,False,False,-448.0,-536.0623764782264,False,False,False,False,10.735159847847077,False,False,False,False
2025-05-22 16:00:00+00:00,25.955,25.955,25.955,25.955,2.0,,,,25.2721875,26.258072107081183,25.023067049229844,24.58863436123349,24.378239843617205,24.330237262737267,23.505593262946196,,,,,25.299505050505047,25.718841530054643,26.237953188815585,26.240408863920102,25.38874824419233,24.282812805474098,,24.811850991775522,,,"rgba(38, 166, 154, 1.0)",0.0,0.0,0.46385849426590847,25.36686530447346,1.2679183475066163,0.0,0.0,0.0,0.0,0.0,0.0,0.0,0.0,52.8271732576508,-8.83587296423746,True,False,True,False,True,2.196786991655042,0,0.9809426229508192,1.0120901639344266,False,False,False,False,-0.06856881185097823,-0.09388210553874057,False,False,False,False,-448.0,-534.6970683157732,False,False,False,False,10.599731012996735,False,False,False,False
2025-05-22 17:00:00+00:00,25.955,26.025,25.955,26.025,20.0,,,,25.361148373983742,26.25479326513215,25.028942759931958,24.596372763782412,24.38647640791477,24.338544565937713,23.513100250626557,,,,,25.37541441441441,25.73624615384615,26.23358156028369,26.236020220588237,25.392696188942566,24.291172989623867,,24.81871861471862,,,"rgba(38, 166, 154, 1.0)",0.0,0.0,0.4623300954048422,25.435589213569063,1.2748700382890157,0.0,0.0,0.0,0.0,0.0,0.0,0.0,0.0,55.66675833631105,-5.685038923647795,True,False,True,False,True,2.8315083926726494,0,0.9837381638534372,1.0092630712227257,False,False,False,False,-0.05775645629831464,-0.0758192809185276,False,False,False,False,-428.0,-533.0428502023503,False,False,False,False,10.745471617446398,False,False,False,False
2025-05-22 18:00:00+00:00,26.025,26.025,25.95,25.95,1.0,,,,25.36486868686869,26.254614483493086,25.02922669067628,24.596750159686113,24.38687927973625,24.338951138716364,23.513470405452807,,,,,25.37863799283154,25.73697852760736,26.23334257547751,26.235780532598714,25.392883666022755,24.291582381068164,,24.819052221581078,,,"rgba(38, 166, 154, 1.0)",0.0,0.0,0.4599705435142935,25.43848692706259,1.1120561526164616,0.0,0.0,0.0,0.0,0.0,0.0,0.0,0.0,56.537742641776475,-4.247881822695732,True,False,True,False,True,2.0966473315496685,0,0.9835830084137078,1.0018469115534583,False,False,False,False,-0.058528290413059,-0.0671737856657933,False,False,False,False,-429.0,-531.4297827573527,False,False,False,False,10.594379034230174,False,False,False,False
2025-05-22 19:00:00+00:00,25.95,26.24,25.94,26.18,104.0,,,,25.656815365551427,26.246226283203523,25.06224194800156,24.638916245231133,24.43141709908575,24.383811657382747,23.55360054280779,,,,,25.644505747126434,25.829616279069764,26.223403597526698,26.225687342833194,25.416441329179648,24.33667496640582,,24.856950980392163,,,"rgba(38, 166, 154, 1.0)",0.0,0.0,0.45854057558671246,25.705716646935066,1.03433235424821,0.0,0.0,0.0,0.0,0.0,0.0,0.0,0.0,59.16376917872742,-1.090682371749537,True,False,True,False,True,4.188794697528969,0,0.9829202249531345,1.0204124140804003,False,False,False,False,-0.026929598976073606,-0.04705169232093345,False,False,False,False,-325.0,-528.2293210091766,False,False,False,False,12.04252819649017,False,False,False,False
2025-05-23 14:00:00+00:00,26.18,26.18,26.18,26.18,0.0,,,,25.656815365551427,26.246226283203523,25.06224194800156,24.638916245231133,24.43141709908575,24.383811657382747,23.55360054280779,,,,,25.644505747126434,25.829616279069764,26.223403597526698,26.225687342833194,25.416441329179648,24.33667496640582,,24.856950980392163,,,"rgba(38, 166, 154, 1.0)",0.0,0.0,0.45692383105647044,25.705716646935066,1.037992157179295,0.0,0.0,0.0,0.0,0.0,0.0,0.0,0.0,60.91445353669472,1.2350622773970628,True,False,True,False,True,4.18879469752898,0,0.9655539017648305,1.043376568147991,False,False,False,False,0.0007692155004673279,-0.02314123841023306,False,False,False,False,-325.0,-525.0784788229878,False,False,False,False,11.855822332978695,False,False,False,False
2025-05-23 15:00:00+00:00,26.18,26.18,24.98,24.98,5.0,,,,25.651763990267643,26.243638988450826,25.062703671413352,24.639901205032793,24.432587611056274,24.385016529592008,23.55495142998027,,,,,25.640022598870054,25.824448275862064,26.21986286034145,26.22215776293823,25.416384655261794,24.337910547923578,,24.85768251748252,,,"rgba(239, 83, 80, 1.0)",0.0,0.0,0.4672885945864342,25.698984309414307,-1.5386301265294764,0.0,0.0,0.0,0.0,0.0,0.0,0.0,0.0,51.50251612562144,1.2350622773970628,True,False,False,False,False,0.0,0,0.8988468541371633,1.0412704835120377,False,False,False,False,-0.18596050466450276,-0.1045508715373679,False,False,False,False,-330.0,-522.0540062830964,False,False,False,False,11.749530513862746,False,False,False,False
2025-05-23 16:00:00+00:00,24.98,25.345,24.98,25.345,6.0,,,,25.642583333333334,26.239995039682547,25.062983270476746,24.640830237084224,24.43375677673731,24.386231481481484,23.556430929155574,,,,,25.631716500553708,25.81626984126984,26.214867724867727,26.21718023255814,25.4160250439822,24.33916706086408,,24.858295168947222,,,"rgba(239, 83, 80, 1.0)",0.0,0.0,0.46258855495040563,25.687957787961324,-0.7413883985912567,0.0,0.0,0.0,0.0,0.0,0.0,0.0,0.0,48.46537953404593,8.3588760091383,False,False,False,True,False,0.0,0,0.8986212489862121,1.0752230332522308,False,False,False,False,-0.3231004773530151,-0.21382567444519152,False,False,False,False,-324.0,-518.9834015345212,False,False,False,False,11.660390505895881,False,False,False,False
2025-05-23 17:00:00+00:00,25.345,25.345,25.1,25.1,5.0,,,,25.634497076023397,26.236854599406534,25.063155175743535,24.641546956444923,24.43467716793831,24.38719099316446,23.55763107369664,,,,,25.624362745098036,25.80915545590433,26.210569883527455,26.21289771160739,25.415661810291382,24.340162217497443,,24.858746049451575,,,"rgba(239, 83, 80, 1.0)",0.0,0.0,0.461844841540522,25.67849097872071,-1.2525656382587353,0.0,0.0,0.0,0.0,0.0,0.0,0.0,0.0,45.052440103155575,4.909491117638282,False,False,False,True,False,0.0,0,0.904436860068259,1.0744830355350334,False,False,False,False,-0.3027707268009842,-0.25829820062308784,False,False,False,False,-329.0,-516.0379224409628,False,False,False,False,11.557128637587418,False,False,False,False
2025-05-23 18:00:00+00:00,25.1,25.1,25.1,25.1,0.0,,,,25.634497076023397,26.236854599406534,25.063155175743535,24.641546956444923,24.43467716793831,24.38719099316446,23.55763107369664,,,,,25.624362745098036,25.80915545590433,26.210569883527455,26.21289771160739,25.415661810291382,24.340162217497443,,24.858746049451575,,,"rgba(239, 83, 80, 1.0)",0.0,0.0,0.46726265353366175,25.67849097872071,-1.2380424036585962,0.0,0.0,0.0,0.0,0.0,0.0,0.0,0.0,42.77714714922867,2.444120323734566,False,True,False,True,False,0.0,0,0.931747673216132,1.0868665977249228,False,False,False,False,-0.34282825441539394,-0.3005632275192409,False,False,False,False,-329.0,-513.1381096899402,False,False,False,False,11.377948348632573,False,False,False,False
2025-05-23 19:00:00+00:00,25.1,25.1,24.955,24.955,12.0,,,,25.608995510662183,26.228131997642908,25.06294794072364,24.642693967415244,24.436351738241314,24.38896960949403,23.560188707061766,,,,,25.600927672955972,25.788042212518192,26.198636738056013,26.2010101010101,25.41413372452131,24.342036906164115,,24.859228274967577,,,"rgba(239, 83, 80, 1.0)",0.0,0.0,0.47541089861555885,25.608538378240432,-1.3746811024812406,0.0,0.0,0.0,0.0,0.0,0.0,0.0,0.0,40.38689841702627,-0.21543227981297974,False,True,False,True,False,0.0,0,0.9236657452689768,1.0924941526685097,True,False,False,False,-0.34282825441539394,-0.32169574096731746,False,False,False,False,-341.0,-510.4693017877705,True,False,False,False,11.38759256028168,False,False,False,False
2025-05-26 14:00:00+00:00,24.955,24.955,24.955,24.955,0.0,,,,25.608995510662183,26.228131997642908,25.06294794072364,24.642693967415244,24.436351738241314,24.38896960949403,23.560188707061766,,,,,25.600927672955972,25.788042212518192,26.198636738056013,26.2010101010101,25.41413372452131,24.342036906164115,,24.859228274967577,,,"rgba(239, 83, 80, 1.0)",0.0,0.0,0.48270633454030343,25.608538378240432,-1.3539047066014147,0.0,0.0,0.0,0.0,0.0,0.0,0.0,0.0,38.793399262224675,-2.1978427689217455,False,True,False,True,False,0.0,0,0.8894322772698272,1.0986604295130773,True,False,False,False,-0.34282825441539394,-0.33226199769135567,False,False,False,False,-341.0,-507.8418707523012,True,False,False,False,11.211040737641653,False,False,False,False
2025-05-26 15:00:00+00:00,24.955,24.955,24.955,24.955,0.0,,,,25.608995510662183,26.228131997642908,25.06294794072364,24.642693967415244,24.436351738241314,24.38896960949403,23.560188707061766,,,,,25.600927672955972,25.788042212518192,26.198636738056013,26.2010101010101,25.41413372452131,24.342036906164115,,24.859228274967577,,,"rgba(239, 83, 80, 1.0)",0.0,0.0,0.48918711761039374,25.608538378240432,-1.3359680881067995,0.0,0.0,0.0,0.0,0.0,0.0,0.0,0.0,37.731066492356945,-3.763195834513432,False,True,False,True,False,0.0,0,0.8980249033920132,1.0996135680549597,True,False,False,False,-0.34282825441539394,-0.33754512605337483,False,False,False,False,-341.0,-505.2551750817229,True,False,False,False,11.037226152561937,False,False,False,False
2025-05-26 16:00:00+00:00,24.955,24.955,24.955,24.955,0.0,,,,25.608995510662183,26.228131997642908,25.06294794072364,24.642693967415244,24.436351738241314,24.38896960949403,23.560188707061766,,,,,25.600927672955972,25.788042212518192,26.198636738056013,26.2010101010101,25.41413372452131,24.342036906164115,,24.859228274967577,,,"rgba(239, 83, 80, 1.0)",0.0,0.0,0.49709409626394585,25.608538378240432,-1.3147176422980882,0.0,0.0,0.0,0.0,0.0,0.0,0.0,0.0,37.022844645778456,-5.062757992622593,False,True,False,True,False,0.0,0,0.9134786476868323,1.099421708185054,True,False,False,False,-0.34282825441539394,-0.3401866902343844,False,False,False,False,-341.0,-502.7085832199907,True,False,False,False,10.866106367250898,False,False,False,False
2025-05-26 17:00:00+00:00,24.955,24.955,24.955,24.955,0.0,,,,25.608995510662183,26.228131997642908,25.06294794072364,24.642693967415244,24.436351738241314,24.38896960949403,23.560188707061766,,,,,25.600927672955972,25.788042212518192,26.198636738056013,26.2010101010101,25.41413372452131,24.342036906164115,,24.859228274967577,,,"rgba(239, 83, 80, 1.0)",0.0,0.0,0.5043544799457712,25.608538378240432,-1.2957917580323726,0.0,0.0,0.0,0.0,0.0,0.0,0.0,0.0,36.550696748059465,-6.182724794413268,False,True,False,True,False,0.0,0,0.9185571687840285,1.101406533575318,True,False,False,False,-0.34282825441539394,-0.3415074723248892,False,False,False,False,-341.0,-500.2014734026265,True,False,False,False,10.697639601867163,False,False,False,False
2025-05-26 18:00:00+00:00,24.955,24.955,24.955,24.955,0.0,,,,25.608995510662183,26.228131997642908,25.06294794072364,24.642693967415244,24.436351738241314,24.38896960949403,23.560188707061766,,,,,25.600927672955972,25.788042212518192,26.198636738056013,26.2010101010101,25.41413372452131,24.342036906164115,,24.859228274967577,,,"rgba(239, 83, 80, 1.0)",0.0,0.0,0.5126358576245422,25.608538378240432,-1.2748588857377383,0.0,0.0,0.0,0.0,0.0,0.0,0.0,0.0,36.23593148291347,-7.171280769951636,False,True,False,True,False,0.0,0,0.9185571687840285,1.0814428312159714,True,False,False,False,-0.34282825441539394,-0.3421678633701416,False,False,False,False,-341.0,-497.73323350491137,True,False,False,False,10.531784724318834,False,False,False,False
2025-05-26 19:00:00+00:00,24.955,24.955,24.955,24.955,0.0,,,,25.608995510662183,26.228131997642908,25.06294794072364,24.642693967415244,24.436351738241314,24.38896960949403,23.560188707061766,,,,,25.600927672955972,25.788042212518192,26.198636738056013,26.2010101010101,25.41413372452131,24.342036906164115,,24.859228274967577,,,"rgba(239, 83, 80, 1.0)",0.0,0.0,0.5204360005135671,25.608538378240432,-1.255751672819561,0.0,0.0,0.0,0.0,0.0,0.0,0.0,0.0,36.02608797281614,-8.055077493575745,False,True,False,True,False,0.0,0,0.9223234624145781,1.0817767653758548,True,False,False,False,-0.34282825441539394,-0.34249805889276774,False,False,False,False,-341.0,-495.3032608924321,True,False,False,False,10.368501240220867,False,False,False,False
2025-05-27 14:00:00+00:00,24.955,24.955,24.955,24.955,0.0,,,,25.608995510662183,26.228131997642908,25.06294794072364,24.642693967415244,24.436351738241314,24.38896960949403,23.560188707061766,,,,,25.600927672955972,25.788042212518192,26.198636738056013,26.2010101010101,25.41413372452131,24.342036906164115,,24.859228274967577,,,"rgba(239, 83, 80, 1.0)",0.0,0.0,0.5277762459278479,25.608538378240432,-1.238286837050599,0.0,0.0,0.0,0.0,0.0,0.0,0.0,0.0,35.88619229941792,-8.849067037635606,False,True,False,True,False,0.0,0,0.9218069250171974,1.0848429259344192,True,False,False,False,-0.34282825441539394,-0.34266315665408087,False,False,False,False,-341.0,-492.91096227394473,True,False,False,False,10.207749283008141,False,False,False,False
2025-05-27 15:00:00+00:00,24.955,24.955,24.955,24.955,0.0,,,,25.608995510662183,26.228131997642908,25.06294794072364,24.642693967415244,24.436351738241314,24.38896960949403,23.560188707061766,,,,,25.600927672955972,25.788042212518192,26.198636738056013,26.2010101010101,25.41413372452131,24.342036906164115,,24.859228274967577,,,"rgba(239, 83, 80, 1.0)",0.0,0.0,0.5346755351873264,25.608538378240432,-1.222308363167324,0.0,0.0,0.0,0.0,0.0,0.0,0.0,0.0,35.79292851715244,-9.562214145415851,False,True,False,True,False,0.0,0,0.9204492278895644,1.0999064108563412,True,False,False,False,-0.34282825441539394,-0.3427457055347374,False,False,False,False,-341.0,-490.5557535565192,True,False,False,False,10.049489604201813,False,False,False,False
2025-05-27 16:00:00+00:00,24.955,24.955,24.955,24.955,0.0,,,,25.608995510662183,26.228131997642908,25.06294794072364,24.642693967415244,24.436351738241314,24.38896960949403,23.560188707061766,,,,,25.600927672955972,25.788042212518192,26.198636738056013,26.2010101010101,25.41413372452131,24.342036906164115,,24.859228274967577,,,"rgba(239, 83, 80, 1.0)",0.0,0.0,0.5411507341924636,25.608538378240432,-1.2076826971614139,0.0,0.0,0.0,0.0,0.0,0.0,0.0,0.0,35.73075266230879,-10.20069203660185,False,True,False,True,False,0.0,0,0.9000935891436588,1.0999064108563412,True,False,False,False,-0.34282825441539394,-0.3427869799750657,False,False,False,False,-341.0,-488.23705970292974,True,False,False,False,9.893683563826592,False,False,False,False
2025-05-27 17:00:00+00:00,24.955,26.05,24.955,26.05,8.0,,,,25.610989071038254,26.22558357771262,25.06438124039939,24.644892345548826,24.438798269246472,24.39145898359344,23.562691797967894,,,,,25.60299079754601,25.78627324749642,26.195274140752865,26.197651206943316,25.414801293900183,24.34456305353084,,24.861060269920504,,,"rgba(38, 166, 154, 1.0)",0.0,0.0,0.5404371937240123,25.659171927761285,0.7231701977164463,0.0,0.0,0.0,0.0,0.0,0.0,0.0,0.0,49.14727833472587,-5.731354018302525,False,False,False,False,True,4.330847100314529,0,0.9036769681930967,1.0604556733588995,True,False,False,False,-0.1742927270284493,-0.2585398535017575,False,False,False,False,-333.0,-485.83028358350447,False,False,False,False,9.864324128728505,False,False,False,False
2025-05-27 18:00:00+00:00,26.05,26.05,26.05,26.05,0.0,,,,25.610989071038254,26.22558357771262,25.06438124039939,24.644892345548826,24.438798269246472,24.39145898359344,23.562691797967894,,,,,25.60299079754601,25.78627324749642,26.195274140752865,26.197651206943316,25.414801293900183,24.34456305353084,,24.861060269920504,,,"rgba(38, 166, 154, 1.0)",0.0,0.0,0.5397208320757148,25.659171927761285,0.7241300483726522,0.0,0.0,0.0,0.0,0.0,0.0,0.0,0.0,58.09162878300393,1.9952573660278858,True,False,True,False,True,4.330847100314539,0,0.9811542991755003,1.0631330977620732,False,False,False,False,-0.015099200300274115,-0.13681952690101581,False,False,False,False,-333.0,-483.4608218225199,False,False,False,False,9.71138887091876,False,False,False,False
2025-05-27 19:00:00+00:00,26.05,26.05,26.05,26.05,0.0,,,,25.610989071038254,26.22558357771262,25.06438124039939,24.644892345548826,24.438798269246472,24.39145898359344,23.562691797967894,,,,,25.60299079754601,25.78627324749642,26.195274140752865,26.197651206943316,25.414801293900183,24.34456305353084,,24.861060269920504,,,"rgba(38, 166, 154, 1.0)",0.0,0.0,0.5390016379990797,25.659171927761285,0.7250962607267303,0.0,0.0,0.0,0.0,0.0,0.0,0.0,0.0,64.05452908185597,6.826369490747275,True,False,True,False,True,4.330847100314539,0,0.9805400145949887,1.0520554609584045,False,False,False,False,-0.015099200300274115,-0.07595936360064497,False,False,False,False,-333.0,-481.1280959027909,False,False,False,False,9.560824702377385,False,False,False,False
2025-05-28 14:00:00+00:00,26.05,26.05,26.05,26.05,0.0,,,,25.610989071038254,26.22558357771262,25.06438124039939,24.644892345548826,24.438798269246472,24.39145898359344,23.562691797967894,,,,,25.60299079754601,25.78627324749642,26.195274140752865,26.197651206943316,25.414801293900183,24.34456305353084,,24.861060269920504,,,"rgba(38, 166, 154, 1.0)",0.0,0.0,0.5382796001409055,25.659171927761285,0.7260688908448478,0.0,0.0,0.0,0.0,0.0,0.0,0.0,0.0,68.02979594775732,9.968891622257935,True,False,True,False,True,4.33084710031455,0,0.9479445390415955,1.0520554609584045,False,False,False,False,-0.015099200300274115,-0.04552928195045954,False,False,False,False,-333.0,-478.83153627639103,False,False,False,False,9.41259486203045,False,False,False,False
2025-05-28 15:00:00+00:00,26.05,26.05,26.05,26.05,0.0,,,,25.610989071038254,26.22558357771262,25.06438124039939,24.644892345548826,24.438798269246472,24.39145898359344,23.562691797967894,,,,,25.60299079754601,25.78627324749642,26.195274140752865,26.197651206943316,25.414801293900183,24.34456305353084,,24.861060269920504,,,"rgba(38, 166, 154, 1.0)",0.0,0.0,0.5356707675159214,25.659171927761285,0.7296050035567773,0.0,0.0,0.0,0.0,0.0,0.0,0.0,0.0,70.67997385835822,12.143531284808681,True,False,True,False,True,4.330847100314539,0,0.9488943488943485,1.0611793611793614,False,False,False,False,-0.015099200300274115,-0.030314241125366827,False,False,False,False,-333.0,-476.5705822255943,False,False,False,False,9.266663158743155,False,False,False,False
2025-05-28 16:00:00+00:00,26.05,26.05,26.05,26.05,0.0,,,,25.610989071038254,26.22558357771262,25.06438124039939,24.644892345548826,24.438798269246472,24.39145898359344,23.562691797967894,,,,,25.60299079754601,25.78627324749642,26.195274140752865,26.197651206943316,25.414801293900183,24.34456305353084,,24.861060269920504,,,"rgba(38, 166, 154, 1.0)",0.0,0.0,0.533032054543717,25.659171927761285,0.7332168279696982,0.0,0.0,0.0,0.0,0.0,0.0,0.0,0.0,72.44675913209215,13.770751255359102,True,False,True,False,True,4.330847100314539,0,0.9479115479115475,1.0520884520884524,False,False,False,False,-0.015099200300274115,-0.02270672071282047,False,False,False,False,-333.0,-474.3446817259727,False,False,False,False,9.122993962483571,False,False,False,False
2025-05-28 17:00:00+00:00,26.05,26.05,25.705,25.705,1.0,,,,25.61167211328976,26.225345838218065,25.064598809866595,24.645202073449315,24.43913646751551,24.391801888302133,23.563024146054175,,,,,25.60365443425076,25.786345467523194,26.194967293540476,26.197344173441735,25.41492608561749,24.344909888732175,,24.86132612512707,,,"rgba(239, 83, 80, 1.0)",0.0,0.0,0.5287295669384111,25.744999999999997,-0.07565304174611921,0.0,0.0,0.0,0.0,0.0,0.0,0.0,0.0,66.38222243931295,13.770751255359102,True,False,True,False,False,0.812409274762242,0,0.9321092051220097,1.0512201014737863,False,False,False,False,-0.06479642613105549,-0.04375157342193798,False,False,False,False,-334.0,-472.16879518758554,False,False,False,False,8.997056071592352,False,False,False,False
2025-05-28 18:00:00+00:00,25.705,25.705,25.6,25.6,5.0,,,,25.612047159699895,26.223620689655185,25.065418823078403,24.646504781960175,24.440598760903242,24.393292176136825,23.564548330145644,,,,,25.60412650602409,25.78474223163841,26.19268729641694,26.195067476383265,25.41526445264453,24.3464244345308,,24.86239710225176,,,"rgba(239, 83, 80, 1.0)",0.0,0.0,0.5243582521296877,25.672678571428566,-0.13860480145659912,0.0,0.0,0.0,0.0,0.0,0.0,0.0,0.0,60.726466462263005,20.1789858588254,True,False,True,False,False,0.0,0,0.9274038461538459,1.0675480769230774,False,False,False,False,-0.13014155802092997,-0.08694656572143397,False,False,False,False,-339.0,-470.10416270405705,False,False,False,False,8.935086210017277,False,False,False,False
2025-05-28 19:00:00+00:00,25.6,25.79,25.6,25.6,25.0,,,,25.615863095238097,26.215552035330273,25.069685983442767,24.653152458159003,24.44802908766813,24.40085915157293,23.572239568064102,,,,,25.608272642390286,25.77863514419852,26.18212556530992,26.184517195767196,25.4171569524972,24.354109477124183,,24.867902575382644,,,"rgba(239, 83, 80, 1.0)",0.0,0.0,0.5197922748646167,25.6665329473394,-0.1279991076372369,0.0,0.0,0.0,0.0,0.0,0.0,0.0,0.0,56.95596247756304,16.68120837454626,True,False,True,False,False,0.0,0,0.9231160896130343,1.1359470468431776,False,False,False,False,-0.11773048609965794,-0.10233852591054596,False,False,False,False,-339.0,-468.07154002647474,False,False,False,False,9.184154640869723,False,False,False,False
2025-05-29 14:00:00+00:00,25.6,25.6,25.6,25.6,0.0,,,,25.615863095238097,26.215552035330273,25.069685983442767,24.653152458159003,24.44802908766813,24.40085915157293,23.572239568064102,,,,,25.608272642390286,25.77863514419852,26.18212556530992,26.184517195767196,25.4171569524972,24.354109477124183,,24.867902575382644,,,"rgba(239, 83, 80, 1.0)",0.0,0.0,0.5150264578176311,25.6665329473394,-0.12918355228064682,0.0,0.0,0.0,0.0,0.0,0.0,0.0,0.0,54.44229315442973,14.20444110811627,False,False,True,False,False,0.0,0,0.8939475093733259,1.1580074986609536,False,False,False,False,-0.1455285442948356,-0.12393353510269078,False,False,False,False,-339.0,-466.0704308787774,False,False,False,False,9.041764646437635,False,False,False,False
2025-05-29 15:00:00+00:00,25.6,25.6,25.6,25.6,0.0,,,,25.615863095238097,26.215552035330273,25.069685983442767,24.653152458159003,24.44802908766813,24.40085915157293,23.572239568064102,,,,,25.608272642390286,25.77863514419852,26.18212556530992,26.184517195767196,25.4171569524972,24.354109477124183,,24.867902575382644,,,"rgba(239, 83, 80, 1.0)",0.0,0.0,0.5100551992737942,25.6665329473394,-0.13044264117712848,0.0,0.0,0.0,0.0,0.0,0.0,0.0,0.0,52.766513605674184,12.329370912378941,False,False,False,False,False,0.0,0,0.8969100355482632,1.1241454744325954,False,False,False,False,-0.1455285442948356,-0.1347310396987632,False,False,False,False,-339.0,-464.10034667910645,False,False,False,False,8.901582248818446,False,False,False,False
2025-05-29 16:00:00+00:00,25.6,25.6,25.6,25.6,0.0,,,,25.615863095238097,26.215552035330273,25.069685983442767,24.653152458159003,24.44802908766813,24.40085915157293,23.572239568064102,,,,,25.608272642390286,25.77863514419852,26.18212556530992,26.184517195767196,25.4171569524972,24.354109477124183,,24.867902575382644,,,"rgba(239, 83, 80, 1.0)",0.0,0.0,0.4994196451701767,25.6665329473394,-0.13322052502906503,0.0,0.0,0.0,0.0,0.0,0.0,0.0,0.0,51.649327239837156,10.813842876789082,False,False,False,False,False,0.0,0,0.894449001914137,1.105550998085863,False,False,False,False,-0.1455285442948356,-0.14012979199679942,False,False,False,False,-339.0,-462.16080642051566,False,False,False,False,8.763573221704982,False,False,False,False
2025-05-29 17:00:00+00:00,25.6,25.6,25.6,25.6,0.0,,,,25.615863095238097,26.215552035330273,25.069685983442767,24.653152458159003,24.44802908766813,24.40085915157293,23.572239568064102,,,,,25.608272642390286,25.77863514419852,26.18212556530992,26.184517195767196,25.4171569524972,24.354109477124183,,24.867902575382644,,,"rgba(239, 83, 80, 1.0)",0.0,0.0,0.4882266310261722,25.6665329473394,-0.1362747197946965,0.0,0.0,0.0,0.0,0.0,0.0,0.0,0.0,50.90453632927914,9.522011763166986,False,False,False,False,False,0.0,0,0.894449001914137,1.105550998085863,False,False,False,False,-0.1455285442948356,-0.14282916814581753,False,False,False,False,-339.0,-460.2513365535309,False,False,False,False,8.627703869430487,False,False,False,False
2025-05-29 18:00:00+00:00,25.6,25.6,25.6,25.6,0.0,,,,25.615863095238097,26.215552035330273,25.069685983442767,24.653152458159003,24.44802908766813,24.40085915157293,23.572239568064102,,,,,25.608272642390286,25.77863514419852,26.18212556530992,26.184517195767196,25.4171569524972,24.354109477124183,,24.867902575382644,,,"rgba(239, 83, 80, 1.0)",0.0,0.0,0.47643686894489234,25.6665329473394,-0.13964693262875066,0.0,0.0,0.0,0.0,0.0,0.0,0.0,0.0,50.40800905557379,8.380332469515643,False,False,False,False,False,0.0,0,0.8917858144098679,1.1334454723857585,False,False,False,False,-0.1455285442948356,-0.14417885622032656,False,False,False,False,-339.0,-458.3714708705304,False,False,False,False,8.493941018741642,False,False,False,False
2025-05-29 19:00:00+00:00,25.6,25.6,25.52,25.52,1.0,,,,25.615657764589518,26.2151669545193,25.069822108066973,24.653386056644887,24.448296071283924,24.40113215789056,23.57252894621134,,,,,25.608100558659213,25.778169344042833,26.181618819776716,26.184011366640235,25.41719646125686,24.354387786853366,,24.86808915154847,,,"rgba(239, 83, 80, 1.0)",0.0,0.0,0.46410504790986434,25.65585807291667,-0.29273129764159445,0.0,0.0,0.0,0.0,0.0,0.0,0.0,0.0,47.86697207099752,5.361608954073887,False,True,False,True,False,0.0,0,0.8631667132086005,1.132923764311645,False,False,False,False,-0.15729768306432815,-0.15073826964232734,False,False,False,False,-340.0,-456.5362542678865,False,False,False,False,8.377755886668128,False,False,False,False
2025-05-30 14:00:00+00:00,25.52,25.52,25.52,25.52,0.0,,,,25.615657764589518,26.2151669545193,25.069822108066973,24.653386056644887,24.448296071283924,24.40113215789056,23.57252894621134,,,,,25.608100558659213,25.778169344042833,26.181618819776716,26.184011366640235,25.41719646125686,24.354387786853366,,24.86808915154847,,,"rgba(239, 83, 80, 1.0)",0.0,0.0,0.4637693197936923,25.65585807291667,-0.2929432093030764,0.0,0.0,0.0,0.0,0.0,0.0,0.0,0.0,46.17294741461333,3.2314819082511548,False,True,False,True,False,0.0,0,0.8630136986301365,1.13810455689125,False,False,False,False,-0.16911020271387017,-0.15992423617809876,False,False,False,False,-340.0,-454.7294906358262,False,False,False,False,8.247868198502731,False,False,False,False
2025-05-30 15:00:00+00:00,25.52,25.52,25.52,25.52,0.0,,,,25.615657764589518,26.2151669545193,25.069822108066973,24.653386056644887,24.448296071283924,24.40113215789056,23.57252894621134,,,,,25.608100558659213,25.778169344042833,26.181618819776716,26.184011366640235,25.41719646125686,24.354387786853366,,24.86808915154847,,,"rgba(239, 83, 80, 1.0)",0.0,0.0,0.46343019922041295,25.65585807291667,-0.2931575739889433,0.0,0.0,0.0,0.0,0.0,0.0,0.0,0.0,45.043597643690546,1.6536202054344713,False,True,False,True,False,0.0,0,0.8599376240430957,1.1542387297986962,False,False,False,False,-0.16911020271387017,-0.16451721944598446,False,False,False,False,-340.0,-452.9507388430227,False,False,False,False,8.119994272944549,False,False,False,False
2025-05-30 16:00:00+00:00,25.52,25.52,25.52,25.52,0.0,,,,25.615657764589518,26.2151669545193,25.069822108066973,24.653386056644887,24.448296071283924,24.40113215789056,23.57252894621134,,,,,25.608100558659213,25.778169344042833,26.181618819776716,26.184011366640235,25.41719646125686,24.354387786853366,,24.86808915154847,,,"rgba(239, 83, 80, 1.0)",0.0,0.0,0.46308767873710516,25.65585807291667,-0.29337440652096375,0.0,0.0,0.0,0.0,0.0,0.0,0.0,0.0,44.290697796408686,0.42456180399894095,False,True,False,True,False,0.0,0,0.8457612702013038,1.1542387297986962,False,False,False,False,-0.16911020271387017,-0.16681371107992732,False,False,False,False,-340.0,-451.19956459739444,False,False,False,False,7.994102888867889,False,False,False,False
2025-05-30 17:00:00+00:00,25.52,25.52,25.52,25.52,0.0,,,,25.615657764589518,26.2151669545193,25.069822108066973,24.653386056644887,24.448296071283924,24.40113215789056,23.57252894621134,,,,,25.608100558659213,25.778169344042833,26.181618819776716,26.184011366640235,25.41719646125686,24.354387786853366,,24.86808915154847,,,"rgba(239, 83, 80, 1.0)",0.0,0.0,0.46274175079395,25.65585807291667,-0.29359372194873323,0.0,0.0,0.0,0.0,0.0,0.0,0.0,0.0,43.788764564887444,-0.5772741393321326,False,True,False,True,False,0.0,0,0.8457612702013038,1.1542387297986962,False,False,False,False,-0.16911020271387017,-0.16796195689689875,False,False,False,False,-340.0,-449.4755403400705,False,False,False,False,7.870163309195519,False,False,False,False
2025-05-30 18:00:00+00:00,25.52,25.52,25.52,25.52,0.0,,,,25.615657764589518,26.2151669545193,25.069822108066973,24.653386056644887,24.448296071283924,24.40113215789056,23.57252894621134,,,,,25.608100558659213,25.778169344042833,26.181618819776716,26.184011366640235,25.41719646125686,24.354387786853366,,24.86808915154847,,,"rgba(239, 83, 80, 1.0)",0.0,0.0,0.46239240774331597,25.65585807291667,-0.29381553555283874,0.0,0.0,0.0,0.0,0.0,0.0,0.0,0.0,43.45414241053995,-1.42373026563439,False,True,False,True,False,0.0,0,0.8457612702013038,1.1542387297986962,False,False,False,False,-0.16911020271387017,-0.16853607980538446,False,False,False,False,-340.0,-447.7782451409996,False,False,False,False,7.748145273394037,False,False,False,False
2025-05-30 19:00:00+00:00,25.52,25.52,25.52,25.52,0.0,,,,25.615657764589518,26.2151669545193,25.069822108066973,24.653386056644887,24.448296071283924,24.40113215789056,23.57252894621134,,,,,25.608100558659213,25.778169344042833,26.181618819776716,26.184011366640235,25.41719646125686,24.354387786853366,,24.86808915154847,,,"rgba(239, 83, 80, 1.0)",0.0,0.0,0.46203964183882845,25.65585807291667,-0.2940398628480883,0.0,0.0,0.0,0.0,0.0,0.0,0.0,0.0,43.23106097430829,-2.156962393246957,False,True,False,True,False,0.0,0,0.8457612702013038,1.1542387297986962,False,False,False,False,-0.16911020271387017,-0.16882314125962733,False,False,False,False,-340.0,-446.1072645961779,False,False,False,False,7.628018990085602,False,False,False,False
2025-06-02 14:00:00+00:00,25.52,25.52,25.52,25.52,0.0,,,,25.615657764589518,26.2151669545193,25.069822108066973,24.653386056644887,24.448296071283924,24.40113215789056,23.57252894621134,,,,,25.608100558659213,25.778169344042833,26.181618819776716,26.184011366640235,25.41719646125686,24.354387786853366,,24.86808915154847,,,"rgba(239, 83, 80, 1.0)",0.0,0.0,0.4616834452344224,25.65585807291667,-0.29426671958680745,0.0,0.0,0.0,0.0,0.0,0.0,0.0,0.0,43.08234001682052,-2.8017867627675273,False,True,False,True,False,0.0,0,0.8457612702013038,1.1542387297986962,False,False,False,False,-0.1435918922221261,-0.1562075167408767,False,False,False,False,-340.0,-444.4621907264697,False,False,False,False,7.509755129774197,False,False,False,False
2025-06-02 15:00:00+00:00,25.52,25.52,25.52,25.52,0.0,,,,25.615657764589518,26.2151669545193,25.069822108066973,24.653386056644887,24.448296071283924,24.40113215789056,23.57252894621134,,,,,25.608100558659213,25.778169344042833,26.181618819776716,26.184011366640235,25.41719646125686,24.354387786853366,,24.86808915154847,,,"rgba(239, 83, 80, 1.0)",0.0,0.0,0.46132380998337813,25.65585807291667,-0.29449612176220435,0.0,0.0,0.0,0.0,0.0,0.0,0.0,0.0,42.983192711828664,-3.3731604497776573,False,True,False,True,False,0.0,0,0.8760646108663726,1.1597650513950077,False,False,False,False,-0.14066539344320167,-0.14843645509203918,False,False,False,False,-340.0,-442.8426218779973,False,False,False,False,7.393324817684674,False,False,False,False
2025-06-02 16:00:00+00:00,25.52,25.52,25.52,25.52,0.0,,,,25.615657764589518,26.2151669545193,25.069822108066973,24.653386056644887,24.448296071283924,24.40113215789056,23.57252894621134,,,,,25.608100558659213,25.778169344042833,26.181618819776716,26.184011366640235,25.41719646125686,24.354387786853366,,24.86808915154847,,,"rgba(239, 83, 80, 1.0)",0.0,0.0,0.4557228887726327,25.65585807291667,-0.29811553525996076,0.0,0.0,0.0,0.0,0.0,0.0,0.0,0.0,42.91709450850077,-3.8806195908002152,False,True,False,True,False,0.0,0,0.8710719530102785,1.1289280469897216,False,False,False,False,-0.14066539344320167,-0.14455092426762042,False,False,False,False,-340.0,-441.24816262407484,False,False,False,False,7.278699626712819,False,False,False,False
2025-06-02 17:00:00+00:00,25.52,25.52,25.52,25.52,0.0,,,,25.615657764589518,26.2151669545193,25.069822108066973,24.653386056644887,24.448296071283924,24.40113215789056,23.57252894621134,,,,,25.608100558659213,25.778169344042833,26.181618819776716,26.184011366640235,25.41719646125686,24.354387786853366,,24.86808915154847,,,"rgba(239, 83, 80, 1.0)",0.0,0.0,0.4522242328277848,25.65585807291667,-0.3004219213710429,0.0,0.0,0.0,0.0,0.0,0.0,0.0,0.0,42.8730290396155,-4.3308409489494935,False,True,False,True,False,0.0,0,0.8710719530102785,1.1289280469897216,False,False,False,False,-0.14066539344320167,-0.14260815885541106,False,False,False,False,-340.0,-439.6784236686628,False,False,False,False,7.165851570484713,False,False,False,False
2025-06-02 18:00:00+00:00,25.52,25.52,25.52,25.52,0.0,,,,25.615657764589518,26.2151669545193,25.069822108066973,24.653386056644887,24.448296071283924,24.40113215789056,23.57252894621134,,,,,25.608100558659213,25.778169344042833,26.181618819776716,26.184011366640235,25.41719646125686,24.354387786853366,,24.86808915154847,,,"rgba(239, 83, 80, 1.0)",0.0,0.0,0.4485678110174677,25.65585807291667,-0.3028707579540934,0.0,0.0,0.0,0.0,0.0,0.0,0.0,0.0,42.84365206035866,-4.729065199867023,False,True,False,True,False,0.0,0,0.8710719530102785,1.1289280469897216,False,False,False,False,-0.14066539344320167,-0.14163677614930636,False,False,False,False,-340.0,-438.1330217513192,False,False,False,False,7.054753096523709,False,False,False,False
2025-06-02 19:00:00+00:00,25.52,25.52,24.98,24.98,93.0,,,,25.517108527131782,26.161543715847007,25.07215364655732,24.665411349327897,24.464025269328268,24.417583139083142,23.593875795257368,,,,,25.515698447893566,25.68089396503102,26.111083890126203,26.11367676021664,25.41010086027885,24.37150106593574,,24.875365406950774,,,"rgba(239, 83, 80, 1.0)",0.0,0.0,0.45188640643888084,25.208272092198584,-0.5051537044397861,0.0,0.0,0.0,0.0,0.0,0.0,0.0,0.0,31.58259686255168,-15.197168441347117,False,True,False,True,False,0.0,0,0.8433562428407785,1.1317296678121425,False,False,False,False,-0.23488989684587364,-0.18826333649759,False,False,False,False,-433.0,-438.05344001874056,False,False,False,False,8.387237544639621,False,False,False,False
2025-06-03 14:00:00+00:00,24.98,24.98,24.98,24.98,0.0,,,,25.517108527131782,26.161543715847007,25.07215364655732,24.665411349327897,24.464025269328268,24.417583139083142,23.593875795257368,,,,,25.515698447893566,25.68089396503102,26.111083890126203,26.11367676021664,25.41010086027885,24.37150106593574,,24.875365406950774,,,"rgba(239, 83, 80, 1.0)",0.0,0.0,0.45480435354108106,25.208272092198584,-0.5019127244963022,0.0,0.0,0.0,0.0,0.0,0.0,0.0,0.0,24.075226730680356,-21.575121695826144,False,True,False,True,False,0.0,0,0.8357432041642565,1.1740890688259114,False,False,False,False,-0.3332394672354642,-0.2607514018665271,False,False,False,False,-433.0,-437.97509211147326,False,False,False,False,8.257202854025053,False,False,False,False
2025-06-03 15:00:00+00:00,24.98,24.98,24.98,24.98,0.0,,,,25.517108527131782,26.161543715847007,25.07215364655732,24.665411349327897,24.464025269328268,24.417583139083142,23.593875795257368,,,,,25.515698447893566,25.68089396503102,26.111083890126203,26.11367676021664,25.41010086027885,24.37150106593574,,24.875365406950774,,,"rgba(239, 83, 80, 1.0)",0.0,0.0,0.4568902622201878,25.208272092198584,-0.4996212681122386,0.0,0.0,0.0,0.0,0.0,0.0,0.0,0.0,19.07031330943281,-25.53070303635761,False,True,False,True,False,0.0,0,0.8424135910954887,1.170474516695958,False,False,False,False,-0.3332394672354642,-0.29699543455099564,False,False,False,False,-433.0,-437.8979589004427,False,False,False,False,8.129184205125439,False,False,False,False
2025-06-03 16:00:00+00:00,24.98,24.98,24.98,24.98,0.0,,,,25.517108527131782,26.161543715847007,25.07215364655732,24.665411349327897,24.464025269328268,24.417583139083142,23.593875795257368,,,,,25.515698447893566,25.68089396503102,26.111083890126203,26.11367676021664,25.41010086027885,24.37150106593574,,24.875365406950774,,,"rgba(239, 83, 80, 1.0)",0.0,0.0,0.45856604739092893,25.208272092198584,-0.4977954506169115,0.0,0.0,0.0,0.0,0.0,0.0,0.0,0.0,15.733704361934441,-28.078037903616234,False,True,False,True,False,0.0,0,0.8306971294669007,1.1693028705330994,False,False,False,False,-0.3332394672354642,-0.31511745089322996,False,False,False,False,-433.0,-437.822021553149,False,False,False,False,8.003150341480083,False,False,False,False
2025-06-03 17:00:00+00:00,24.98,24.98,24.98,24.98,0.0,,,,25.517108527131782,26.161543715847007,25.07215364655732,24.665411349327897,24.464025269328268,24.417583139083142,23.593875795257368,,,,,25.515698447893566,25.68089396503102,26.111083890126203,26.11367676021664,25.41010086027885,24.37150106593574,,24.875365406950774,,,"rgba(239, 83, 80, 1.0)",0.0,0.0,0.4600395400161793,25.208272092198584,-0.49620102696075924,0.0,0.0,0.0,0.0,0.0,0.0,0.0,0.0,13.50929839693553,-29.822398170139788,False,True,False,True,False,0.0,0,0.8306971294669007,1.1693028705330994,False,False,False,False,-0.33290545090428697,-0.3240114508987585,False,False,False,False,-433.0,-437.7472615290692,False,False,False,False,7.879070491224578,False,False,False,False
2025-06-03 18:00:00+00:00,24.98,24.98,24.98,24.98,0.0,,,,25.517108527131782,26.161543715847007,25.07215364655732,24.665411349327897,24.464025269328268,24.417583139083142,23.593875795257368,,,,,25.515698447893566,25.68089396503102,26.111083890126203,26.11367676021664,25.41010086027885,24.37150106593574,,24.875365406950774,,,"rgba(239, 83, 80, 1.0)",0.0,0.0,0.46112164465690636,25.208272092198584,-0.4950366022580167,0.0,0.0,0.0,0.0,0.0,0.0,0.0,0.0,12.026361086936255,-31.116544639431893,False,True,False,True,False,0.0,0,0.8370720188902003,1.17060212514758,False,False,False,False,-0.33254732358385186,-0.3282793872413052,False,False,False,False,-433.0,-437.67366057513016,False,False,False,False,7.756914359577685,False,False,False,False
2025-06-03 19:00:00+00:00,24.98,25.2,24.98,25.2,5.0,,,,25.512620689655172,26.158723887375125,25.07222931704609,24.66599923527913,24.46481169396313,24.418408614668223,23.59498314309107,,,,,25.511432748538006,25.676244407158837,26.1074432938856,26.11004537650233,25.4096810821485,24.372362537075063,,24.875701730906496,,,"rgba(38, 166, 154, 1.0)",0.0,0.0,0.4591931525526814,25.16607808956916,0.07387285773375284,0.0,0.0,0.0,0.0,0.0,0.0,0.0,0.0,22.99069856800125,-34.80937182084441,False,True,False,True,True,0.0,0,0.8391608391608387,1.1480186480186485,False,False,False,False,-0.288075040789533,-0.3081772140154191,False,False,False,False,-428.0,-437.5236813414072,False,False,False,False,7.714171501289659,False,False,False,False
2025-06-04 14:00:00+00:00,25.2,25.2,25.2,25.2,0.0,,,,25.512620689655172,26.158723887375125,25.07222931704609,24.66599923527913,24.46481169396313,24.418408614668223,23.59498314309107,,,,,25.511432748538006,25.676244407158837,26.1074432938856,26.11004537650233,25.4096810821485,24.372362537075063,,24.875701730906496,,,"rgba(38, 166, 154, 1.0)",0.0,0.0,0.4570197917924437,25.16607808956916,0.07422416061631613,0.0,0.0,0.0,0.0,0.0,0.0,0.0,0.0,30.300256888711246,-28.52227123038843,False,True,False,True,True,0.0,0,0.8519813519813515,1.1480186480186485,False,False,False,False,-0.24250799589779617,-0.2753426049566076,False,False,False,False,-428.0,-437.3760273671218,False,False,False,False,7.594571943130129,False,False,False,False
2025-06-04 15:00:00+00:00,25.2,25.2,25.2,25.2,0.0,,,,25.512620689655172,26.158723887375125,25.07222931704609,24.66599923527913,24.46481169396313,24.418408614668223,23.59498314309107,,,,,25.511432748538006,25.676244407158837,26.1074432938856,26.11004537650233,25.4096810821485,24.372362537075063,,24.875701730906496,,,"rgba(38, 166, 154, 1.0)",0.0,0.0,0.4582220143274795,25.16607808956916,0.07402942104521976,0.0,0.0,0.0,0.0,0.0,0.0,0.0,0.0,35.17329576918458,-24.438008060561014,False,True,False,True,True,0.0,0,0.8582330496037566,1.1491047842676847,False,False,False,False,-0.24250799589779617,-0.2589253004272019,False,False,False,False,-428.0,-437.2306626017401,False,False,False,False,7.476826641686251,False,False,False,False
2025-06-04 16:00:00+00:00,25.2,25.2,25.2,25.2,0.0,,,,25.512620689655172,26.158723887375125,25.07222931704609,24.66599923527913,24.46481169396313,24.418408614668223,23.59498314309107,,,,,25.511432748538006,25.676244407158837,26.1074432938856,26.11004537650233,25.4096810821485,24.372362537075063,,24.875701730906496,,,"rgba(38, 166, 154, 1.0)",0.0,0.0,0.4593168938858305,25.16607808956916,0.07385295616683642,0.0,0.0,0.0,0.0,0.0,0.0,0.0,0.0,38.42198835616679,-21.634549033900583,False,True,False,True,True,0.0,0,0.9160401002506261,1.1513157894736847,False,False,False,False,-0.24250799589779617,-0.25071664816249906,False,False,False,False,-428.0,-437.0875515536511,False,False,False,False,7.36090684879189,False,False,False,False
2025-06-04 17:00:00+00:00,25.2,25.2,25.2,25.2,0.0,,,,25.512620689655172,26.158723887375125,25.07222931704609,24.66599923527913,24.46481169396313,24.418408614668223,23.59498314309107,,,,,25.511432748538006,25.676244407158837,26.1074432938856,26.11004537650233,25.4096810821485,24.372362537075063,,24.875701730906496,,,"rgba(38, 166, 154, 1.0)",0.0,0.0,0.4596897014525558,25.16607808956916,0.07379306154488378,0.0,0.0,0.0,0.0,0.0,0.0,0.0,0.0,40.58778341415494,-19.568021464714494,False,True,False,True,True,0.0,0,0.9189189189189185,1.0842237586423638,False,False,False,False,-0.24250799589779617,-0.2466123220301476,False,False,False,False,-428.0,-436.94665928150147,False,False,False,False,7.246784261988915,False,False,False,False
2025-06-04 18:00:00+00:00,25.2,25.2,25.2,25.2,0.0,,,,25.512620689655172,26.158723887375125,25.07222931704609,24.66599923527913,24.46481169396313,24.418408614668223,23.59498314309107,,,,,25.511432748538006,25.676244407158837,26.1074432938856,26.11004537650233,25.4096810821485,24.372362537075063,,24.875701730906496,,,"rgba(38, 166, 154, 1.0)",0.0,0.0,0.460061227809138,25.16607808956916,0.07373346933054445,0.0,0.0,0.0,0.0,0.0,0.0,0.0,0.0,42.03164678614704,-17.925843427600142,False,False,False,True,True,0.0,0,0.9189189189189185,1.0810810810810816,False,False,False,False,-0.24250799589779617,-0.24456015896397187,False,False,False,False,-428.0,-436.80795138566424,False,False,False,False,7.134431017616993,False,False,False,False
2025-06-04 19:00:00+00:00,25.2,25.2,23.66,23.705,28.0,,,,25.432534197264218,26.12910985865093,25.065411386593208,24.662614106133475,24.462986323980196,24.416918420849722,23.59737396268048,,,,,25.434889807162527,25.609479166666663,26.06850483091787,26.071250901225664,25.39963474343909,24.371194362578404,,24.870588469713073,,,"rgba(239, 83, 80, 1.0)",0.0,0.0,0.5027313057346673,24.55393413299663,-1.6886438606723344,0.0,0.0,0.0,0.0,0.0,0.0,0.0,0.0,30.348927230102127,-9.05053159477432,False,True,False,True,False,0.0,0,0.8378223495702002,1.0739255014326652,True,False,False,False,-0.34282825441539394,-0.29369420668968294,False,False,False,False,-456.0,-437.10550252697175,True,False,False,False,7.457928211142311,False,False,False,False
2025-06-05 14:00:00+00:00,23.705,23.85,23.705,23.85,141.0,,,,25.05181843267108,25.965352628077184,25.018159197383543,24.63294802867384,24.441706983112738,24.397485065710875,23.60143676539727,,,,,25.066434666666662,25.27627450980392,25.85836401490247,25.861819371727748,25.336076633756463,24.35355301698887,,24.831992317541616,,,"rgba(239, 83, 80, 1.0)",0.0,0.0,0.5356706918340848,24.082349731614812,-0.43375479591625143,0.0,0.0,0.0,0.0,0.0,0.0,0.0,0.0,25.176535391159355,-13.718153281546883,False,True,False,True,False,0.0,0,0.8417163967036085,1.1500426257459508,False,False,False,False,-0.34282825441539394,-0.3182612305525384,False,False,False,False,-315.0,-435.2123939606621,False,False,False,False,9.528347928799018,False,False,False,False
2025-06-05 15:00:00+00:00,23.85,23.85,23.7,23.77,72.0,,,,24.91564842209073,25.889328837508035,24.99483693295169,24.618084373999363,24.43090255949708,24.387577895355676,23.603164851531226,,,,,24.932857484457195,25.146989247311826,25.76412534002929,25.7678375,25.30496866648235,24.3445184544406,,24.812826250942923,,,"rgba(239, 83, 80, 1.0)",0.0,0.0,0.5691662544680083,24.011642168277426,-0.4245546294786677,0.0,0.0,0.0,0.0,0.0,0.0,0.0,0.0,21.48224278685803,-17.164176181120894,False,True,False,True,False,0.0,0,0.8311649016641448,1.233585476550681,False,False,False,False,-0.34282825441539394,-0.33054474248396615,False,False,False,False,-387.0,-434.4649149845278,False,False,False,False,10.496900674088955,False,False,False,False
2025-06-05 16:00:00+00:00,23.77,23.825,23.77,23.78,5.0,,,,24.907395986294663,25.88428880345988,24.993273562023564,24.61709322779244,24.43018576661434,24.38692174998165,23.603296358308913,,,,,24.92472934472934,25.138941013460013,25.757953692115137,25.761681204569058,25.302879624516837,24.343921293295885,,24.81154403147497,,,"rgba(239, 83, 80, 1.0)",0.0,0.0,0.599701690106867,24.008262971503726,-0.38062752743459505,0.0,0.0,0.0,0.0,0.0,0.0,0.0,0.0,19.21838291919765,-19.496900692270593,False,True,False,True,False,0.0,0,0.762967430639324,1.2337153196622441,False,False,False,False,-0.3368130945456311,-0.3336789185147986,False,False,False,False,-382.0,-433.651505449884,False,False,False,False,10.41167740782401,False,False,False,False
2025-06-05 17:00:00+00:00,23.78,23.79,23.72,23.79,4.0,,,,24.900734793187343,25.880226219024788,24.991999826929735,24.616278057352826,24.42959108223168,24.386375870920425,23.603387486635988,,,,,24.918168083097253,25.13245271867612,25.75298168955472,25.756721566190183,25.30118496047067,24.343422908122886,,24.81049548419468,,,"rgba(239, 83, 80, 1.0)",0.0,0.0,0.6135490244514452,24.00528589418526,-0.3508862138241373,0.0,0.0,0.0,0.0,0.0,0.0,0.0,0.0,17.92973961285093,-21.152141695357077,False,True,False,True,False,0.0,0,0.7782555282555278,1.2401719901719908,False,False,False,False,-0.34282825441539394,-0.3382535864650963,False,False,False,False,-378.0,-432.78869141190125,False,False,False,False,10.312271556539917,False,False,False,False
2025-06-05 18:00:00+00:00,23.79,23.85,23.79,23.85,4.0,,,,24.894518626028056,25.87630046274135,24.9907944329184,24.615525097757565,24.429054175061562,24.38588664175277,23.60351382113821,,,,,24.912037558685437,25.12632352941176,25.748192195931917,25.751943583385,25.299563820018363,24.342980015814824,,24.80951253132832,,,"rgba(239, 83, 80, 1.0)",0.0,0.0,0.6230062759071803,24.003253725571327,-0.2459906609257944,0.0,0.0,0.0,0.0,0.0,0.0,0.0,0.0,18.474603968105612,-21.224138178162057,False,True,False,True,False,0.0,0,0.7833537331701342,1.2129742962056307,False,False,False,False,-0.325638170226102,-0.33194587834559913,False,False,False,False,-374.0,-431.87723883187175,False,False,False,False,10.214406881244724,False,False,False,False
2025-06-05 19:00:00+00:00,23.85,24.44,23.85,24.44,1.0,,,,24.893574879227046,25.875519138755987,24.990600639529863,24.615436014041812,24.429012608176667,24.385855311355314,23.603602982162766,,,,,24.91109704641349,25.125285938112018,25.7472557560672,25.75100888062784,25.29927292756816,24.342958530975995,,24.809370667334836,,,"rgba(38, 166, 154, 1.0)",0.0,0.0,0.6156046979548299,24.00416932096075,0.7079716585776149,0.0,0.0,0.0,0.0,0.0,0.0,0.0,0.0,28.356720946889006,-21.224138178162057,False,True,False,True,True,0.0,0,0.794447725930301,1.170702894270526,False,False,False,False,-0.24220386083304965,-0.2870748695893244,False,False,False,False,-373.0,-430.9644134236257,False,False,False,False,10.071547859830076,False,False,False,False
2025-06-06 14:00:00+00:00,25.075,25.075,25.075,25.075,0.0,,,,24.893574879227046,25.875519138755987,24.990600639529863,24.615436014041812,24.429012608176667,24.385855311355314,23.603602982162766,,,,,24.91109704641349,25.125285938112018,25.7472557560672,25.75100888062784,25.29927292756816,24.342958530975995,,24.809370667334836,,,"rgba(38, 166, 154, 1.0)",0.0,0.0,0.5994945168019374,24.00416932096075,1.7862226409537527,0.0,0.0,0.0,0.0,0.0,0.0,0.0,0.0,40.14365735985335,-21.214436536819505,False,False,False,True,True,0.0,0,0.835468260745801,1.164531739254199,False,False,False,False,-0.0171830307124358,-0.1521289501508801,False,False,False,False,-373.0,-430.0657403472904,False,False,False,False,9.9153998309955,False,False,False,False
2025-06-06 15:00:00+00:00,25.075,25.075,25.075,25.075,0.0,,,,24.893574879227046,25.875519138755987,24.990600639529863,24.615436014041812,24.429012608176667,24.385855311355314,23.603602982162766,,,,,24.91109704641349,25.125285938112018,25.7472557560672,25.75100888062784,25.29927292756816,24.342958530975995,,24.809370667334836,,,"rgba(38, 166, 154, 1.0)",0.0,0.0,0.5823024507453636,24.00416932096075,1.8389595950842335,0.0,0.0,0.0,0.0,0.0,0.0,0.0,0.0,48.001614968496256,-14.24824891433856,True,False,False,False,True,0.0,0,0.8338125359401952,1.166187464059805,False,False,False,False,-0.0171830307124358,-0.08465599043165795,False,False,False,False,-373.0,-429.18100018686727,False,False,False,False,9.76167270183278,False,False,False,False
2025-06-06 16:00:00+00:00,25.075,25.075,24.905,24.905,10.0,,,24.961666666666666,24.89454761904761,25.87116746031747,24.99052581673994,24.61626273479784,24.43020209915141,24.387118055555558,23.605492856480197,,,,,24.911798428109098,25.123385598141688,25.74239744382601,25.74614839901478,25.298345692575296,24.344289658634537,,24.809751312171958,,,"rgba(38, 166, 154, 1.0)",0.0,0.0,0.5834743098630671,24.036733236211937,1.488097674757666,0.0,0.0,0.0,0.0,0.0,0.0,0.0,0.0,51.27676879536484,-11.381348705987094,True,False,True,False,True,0.0,0,0.8257403189066057,1.1645785876993169,False,False,False,False,-0.037342313258741364,-0.060999151845199655,False,False,False,False,-383.0,-428.46501568784606,False,False,False,False,9.765367698703589,False,False,False,False
2025-06-06 17:00:00+00:00,24.905,25.055,24.905,25.055,48.0,,,24.997528735632184,24.90163547237076,25.851811762880207,24.990703277990637,24.620667689644325,24.436298055678307,24.39355432581019,23.61477905262188,,,,,24.917615951452095,25.117134213421338,25.721139139139133,25.724871411483253,25.294528779253636,24.351043086314593,,24.812065942207955,,,"rgba(38, 166, 154, 1.0)",0.0,0.0,0.5836781632013575,24.172080313421123,1.5126824031521748,0.0,0.0,0.0,0.0,0.0,0.0,0.0,0.0,54.64179608481315,-8.107781761280492,True,False,True,False,True,0.0,0,0.8369037417880603,1.1662382176520998,False,False,False,False,-0.03971567242940963,-0.050357412137304644,False,False,False,False,-335.0,-427.0159456771818,False,False,False,False,10.358152695622913,False,False,False,False
2025-06-06 18:00:00+00:00,25.055,25.35,25.055,25.35,11.0,,,25.03804347826087,24.906708388230122,25.848754052802228,24.991434454066905,24.622302017110123,24.438274924693264,24.395597892761785,23.617264320220844,,,,,24.922326923076916,25.118742753623184,25.71805787589498,25.721778570013864,25.294401351351347,24.353147794065574,,24.81325697865353,,,"rgba(38, 166, 154, 1.0)",0.0,0.0,0.5837796233584733,24.26229793077202,1.8632066377556142,0.0,0.0,0.0,0.0,0.0,0.0,0.0,0.0,58.90420115330991,-3.8201687064243544,True,False,True,False,True,0.9665854331229369,0,0.8480337078651682,1.1353932584269666,False,False,False,False,0.013034837179828836,-0.018661287478737902,False,False,False,False,-324.0,-425.4187992325743,False,False,False,False,10.368103816621007,False,False,False,False
2025-06-06 19:00:00+00:00,25.35,25.35,25.055,25.065,21.0,,,25.06572222222222,24.91343803418803,25.84208715596331,24.992313571488893,24.624931271477667,24.441584759397397,24.399042385057474,23.621713459950456,,,,,24.9284706616729,25.119589089620966,25.711110783736,25.714814162754305,25.293624025799513,24.356716723068242,,24.81502409540145,,,"rgba(38, 166, 154, 1.0)",0.0,0.0,0.5842005240088068,24.357442856351142,1.211154585746645,0.0,0.0,0.0,0.0,0.0,0.0,0.0,0.0,58.47298961008064,-3.769393498317193,True,False,True,False,True,0.0,0,0.8505111909367226,1.1331859629731973,False,False,False,False,0.013034837179828836,-0.002813225149454533,False,False,False,False,-345.0,-424.1719961436972,False,False,False,False,10.532939416363318,False,False,False,False
2025-06-09 14:00:00+00:00,25.065,25.065,25.065,25.065,0.0,,,25.06572222222222,24.91343803418803,25.84208715596331,24.992313571488893,24.624931271477667,24.441584759397397,24.399042385057474,23.621713459950456,,,,,24.9284706616729,25.119589089620966,25.711110783736,25.714814162754305,25.293624025799513,24.356716723068242,,24.81502409540145,,,"rgba(38, 166, 154, 1.0)",0.0,0.0,0.5846099955070552,24.357442856351142,1.2103062709955335,0.0,0.0,0.0,0.0,0.0,0.0,0.0,0.0,58.18551524792779,-3.287448451494086,True,False,True,False,True,0.0,0,0.8510638297872338,1.1489361702127663,False,False,False,False,-0.019553669821155716,-0.011183447485305125,False,False,False,False,-345.0,-422.9445233352677,False,False,False,False,10.369638030063111,False,False,False,False
2025-06-09 15:00:00+00:00,25.065,25.065,25.065,25.065,0.0,,,25.06572222222222,24.91343803418803,25.84208715596331,24.992313571488893,24.624931271477667,24.441584759397397,24.399042385057474,23.621713459950456,,,,,24.9284706616729,25.119589089620966,25.711110783736,25.714814162754305,25.293624025799513,24.356716723068242,,24.81502409540145,,,"rgba(38, 166, 154, 1.0)",0.0,0.0,0.5850080618524368,24.357442856351142,1.209482723038669,0.0,0.0,0.0,0.0,0.0,0.0,0.0,0.0,57.99386567315923,-2.5469160140180236,True,False,True,False,True,0.0,0,0.8510638297872338,1.1489361702127663,False,False,False,False,-0.019553669821155716,-0.01536855865323042,False,False,False,False,-345.0,-421.7360811130155,False,False,False,False,10.208868448201667,False,False,False,False
2025-06-09 16:00:00+00:00,25.065,25.065,25.065,25.065,0.0,,,25.06572222222222,24.91343803418803,25.84208715596331,24.992313571488893,24.624931271477667,24.441584759397397,24.399042385057474,23.621713459950456,,,,,24.9284706616729,25.119589089620966,25.711110783736,25.714814162754305,25.293624025799513,24.356716723068242,,24.81502409540145,,,"rgba(38, 166, 154, 1.0)",0.0,0.0,0.5850693190622973,24.357442856351142,1.2093560892628517,0.0,0.0,0.0,0.0,0.0,0.0,0.0,0.0,57.866099289980184,-1.669231280191319,True,False,True,False,True,0.0,0,0.8485529643158188,1.1683057038493962,False,False,False,False,-0.019553669821155716,-0.017461114237193067,False,False,False,False,-345.0,-420.54637442909274,False,False,False,False,10.050591417996989,False,False,False,False
2025-06-09 17:00:00+00:00,25.065,25.065,25.065,25.065,0.0,,,25.06572222222222,24.91343803418803,25.84208715596331,24.992313571488893,24.624931271477667,24.441584759397397,24.399042385057474,23.621713459950456,,,,,24.9284706616729,25.119589089620966,25.711110783736,25.714814162754305,25.293624025799513,24.356716723068242,,24.81502409540145,,,"rgba(38, 166, 154, 1.0)",0.0,0.0,0.5798085502602276,24.357442856351142,1.2203289229372285,0.0,0.0,0.0,0.0,0.0,0.0,0.0,0.0,57.78092170119415,-0.7380246901654175,True,False,True,False,True,0.0,0,0.8392806968249507,1.1607193031750493,False,False,False,False,-0.019553669821155716,-0.01850739202917439,False,False,False,False,-345.0,-419.375112810037,False,False,False,False,9.894768295237345,False,False,False,False
2025-06-09 18:00:00+00:00,25.065,25.065,25.065,25.065,0.0,,,25.06572222222222,24.91343803418803,25.84208715596331,24.992313571488893,24.624931271477667,24.441584759397397,24.399042385057474,23.621713459950456,,,,,24.9284706616729,25.119589089620966,25.711110783736,25.714814162754305,25.293624025799513,24.356716723068242,,24.81502409540145,,,"rgba(38, 166, 154, 1.0)",0.0,0.0,0.5740046221993496,24.357442856351142,1.2326680244103114,0.0,0.0,0.0,0.0,0.0,0.0,0.0,0.0,57.724136642003465,0.19075547481885025,True,False,True,False,True,0.0,0,0.8392806968249507,1.1607193031750493,False,False,False,False,-0.019553669821155716,-0.019030530925165053,False,False,False,False,-345.0,-418.2220102858504,False,False,False,False,9.741361034846069,False,False,False,False
2025-06-09 19:00:00+00:00,25.065,25.065,24.48,24.48,1.0,,,25.06142857142857,24.913132735808787,25.84155204034847,24.992233198243838,24.62494299992192,24.44163595817796,24.399101845866554,23.62185840099078,,,,,24.928154613466326,25.119117126680816,25.710500588928145,25.71420430107527,25.293457818377213,24.35678402763093,,24.814989792585333,,,"rgba(239, 83, 80, 1.0)",0.0,0.0,0.5739467439273231,24.35613395682127,0.21581452371548646,0.0,0.0,0.0,0.0,0.0,0.0,0.0,0.0,50.44064442395349,0.19075547481885025,True,False,False,False,False,0.0,0,0.812568008705114,1.1556039173014148,False,False,False,False,-0.0891040174612114,-0.05406727419318823,False,False,False,False,-346.0,-417.10228919614724,False,False,False,False,9.605836057561634,False,False,False,False
2025-06-10 14:00:00+00:00,24.34,24.34,24.34,24.34,0.0,,,25.06142857142857,24.913132735808787,25.84155204034847,24.992233198243838,24.62494299992192,24.44163595817796,24.399101845866554,23.62185840099078,,,,,24.928154613466326,25.119117126680816,25.710500588928145,25.71420430107527,25.293457818377213,24.35678402763093,,24.814989792585333,,,"rgba(239, 83, 80, 1.0)",0.0,0.0,0.574433194980414,24.35613395682127,-0.028086741786956033,0.0,0.0,0.0,0.0,0.0,0.0,0.0,0.0,44.48228247189939,1.9841681582350574,True,False,False,True,False,0.0,0,0.8124659771366356,1.1956995100707677,False,False,False,False,-0.19375311007625584,-0.12391019213472204,False,False,False,False,-346.0,-415.9999281233387,False,False,False,False,9.456908366746724,False,False,False,False
2025-06-10 15:00:00+00:00,24.34,24.34,24.34,24.34,0.0,,,25.06142857142857,24.913132735808787,25.84155204034847,24.992233198243838,24.62494299992192,24.44163595817796,24.399101845866554,23.62185840099078,,,,,24.928154613466326,25.119117126680816,25.710500588928145,25.71420430107527,25.293457818377213,24.35678402763093,,24.814989792585333,,,"rgba(239, 83, 80, 1.0)",0.0,0.0,0.5754851615559533,24.35613395682127,-0.02803540021370713,0.0,0.0,0.0,0.0,0.0,0.0,0.0,0.0,40.51004117052998,-1.7806829764473733,True,False,False,True,False,0.0,0,0.8043004899292323,1.1956995100707677,False,False,False,False,-0.19375311007625584,-0.15883165110548894,False,False,False,False,-346.0,-414.91465791987605,False,False,False,False,9.310289632378558,False,False,False,False
2025-06-10 16:00:00+00:00,24.34,24.34,24.34,24.34,0.0,,,25.06142857142857,24.913132735808787,25.84155204034847,24.992233198243838,24.62494299992192,24.44163595817796,24.399101845866554,23.62185840099078,,,,,24.928154613466326,25.119117126680816,25.710500588928145,25.71420430107527,25.293457818377213,24.35678402763093,,24.814989792585333,,,"rgba(239, 83, 80, 1.0)",0.0,0.0,0.5707039118096747,24.35613395682127,-0.02827027550960892,0.0,0.0,0.0,0.0,0.0,0.0,0.0,0.0,37.861880302950375,-4.339669084710252,False,False,False,True,False,0.0,0,0.8043004899292323,1.1956995100707677,False,False,False,False,-0.19375311007625584,-0.17629238059087238,False,False,False,False,-346.0,-413.8462136110407,False,False,False,False,9.165944056682767,False,False,False,False
2025-06-10 17:00:00+00:00,24.34,24.34,24.1,24.1,100.0,,,24.599947643979057,24.829916761256143,25.768708899605443,24.972168148880105,24.614758907454036,24.436020247549546,24.394480419039585,23.629434640966473,,,,24.179999999999996,24.845210643015513,25.028990722968647,25.625378197997772,25.629206832871656,25.264324960753527,24.35312314488852,,24.799805914235613,,,"rgba(239, 83, 80, 1.0)",0.0,0.0,0.5698989004697816,24.240658191823364,-0.2468125341309041,0.0,0.0,0.0,0.0,0.0,0.0,0.0,0.0,34.1020251306769,-7.978404918287254,False,False,False,True,False,0.0,0,0.7939279957012358,1.193175711982805,False,False,False,False,-0.22344859161411276,-0.19987048610249258,False,False,False,False,-446.0,-414.3447219271486,False,False,False,False,10.574223993788461,False,False,False,False
2025-06-10 18:00:00+00:00,24.1,24.1,24.1,24.1,0.0,,,24.599947643979057,24.829916761256143,25.768708899605443,24.972168148880105,24.614758907454036,24.436020247549546,24.394480419039585,23.629434640966473,,,,24.179999999999996,24.845210643015513,25.028990722968647,25.625378197997772,25.629206832871656,25.264324960753527,24.35312314488852,,24.799805914235613,,,"rgba(239, 83, 80, 1.0)",0.0,0.0,0.5815472682638397,24.240658191823364,-0.2418688892534666,0.0,0.0,0.0,0.0,0.0,0.0,0.0,0.0,31.59545501582791,-10.473584442927041,False,True,False,True,False,0.0,0,0.7939279957012358,1.2060720042987643,False,False,False,False,-0.25353697239168765,-0.22670372924709012,False,False,False,False,-446.0,-414.83550143215405,False,False,False,False,10.410282536520423,False,False,False,False
2025-06-10 19:00:00+00:00,24.1,24.1,24.1,24.1,0.0,,,24.599947643979057,24.829916761256143,25.768708899605443,24.972168148880105,24.614758907454036,24.436020247549546,24.394480419039585,23.629434640966473,,,,24.179999999999996,24.845210643015513,25.028990722968647,25.625378197997772,25.629206832871656,25.264324960753527,24.35312314488852,,24.799805914235613,,,"rgba(239, 83, 80, 1.0)",0.0,0.0,0.5920770661427117,24.240658191823364,-0.237567370646069,0.0,0.0,0.0,0.0,0.0,0.0,0.0,0.0,29.92440827259525,-12.287474955752337,False,True,False,True,False,0.0,0,0.7939279957012358,1.2060720042987643,False,False,False,False,-0.25353697239168765,-0.24012035081938887,False,False,False,False,-446.0,-415.31867195258576,False,False,False,False,10.248882807272045,False,False,False,False
2025-06-11 14:00:00+00:00,24.1,24.1,24.1,24.1,0.0,,,24.599947643979057,24.829916761256143,25.768708899605443,24.972168148880105,24.614758907454036,24.436020247549546,24.394480419039585,23.629434640966473,,,,24.179999999999996,24.845210643015513,25.028990722968647,25.625378197997772,25.629206832871656,25.264324960753527,24.35312314488852,,24.799805914235613,,,"rgba(239, 83, 80, 1.0)",0.0,0.0,0.602816460197126,24.240658191823364,-0.23333502170356513,0.0,0.0,0.0,0.0,0.0,0.0,0.0,0.0,28.810377110440143,-13.693047685097326,False,True,False,True,False,0.0,0,0.7939279957012358,1.2060720042987643,False,False,False,False,-0.25353697239168765,-0.24682866160553826,False,False,False,False,-446.0,-415.79435145719685,False,False,False,False,10.089985399407361,False,False,False,False
2025-06-11 15:00:00+00:00,24.1,24.1,24.1,24.1,0.0,,,24.599947643979057,24.829916761256143,25.768708899605443,24.972168148880105,24.614758907454036,24.436020247549546,24.394480419039585,23.629434640966473,,,,24.179999999999996,24.845210643015513,25.028990722968647,25.625378197997772,25.629206832871656,25.264324960753527,24.35312314488852,,24.799805914235613,,,"rgba(239, 83, 80, 1.0)",0.0,0.0,0.6130740222490795,24.240658191823364,-0.22943100950086603,0.0,0.0,0.0,0.0,0.0,0.0,0.0,0.0,28.067689669003407,-14.84791599357041,False,True,False,True,False,0.0,0,0.799008810572687,1.2257709251101323,False,False,False,False,-0.25353697239168765,-0.25018281699861294,False,False,False,False,-446.0,-416.26265608576745,False,False,False,False,9.933551517246006,False,False,False,False
2025-06-11 16:00:00+00:00,24.1,24.1,24.1,24.1,0.0,,,24.599947643979057,24.829916761256143,25.768708899605443,24.972168148880105,24.614758907454036,24.436020247549546,24.394480419039585,23.629434640966473,,,,24.179999999999996,24.845210643015513,25.028990722968647,25.625378197997772,25.629206832871656,25.264324960753527,24.35312314488852,,24.799805914235613,,,"rgba(239, 83, 80, 1.0)",0.0,0.0,0.622826577745245,24.240658191823364,-0.22583845463463215,0.0,0.0,0.0,0.0,0.0,0.0,0.0,0.0,27.572564708045583,-15.84069998683276,False,True,False,True,False,0.0,0,0.7742290748898677,1.2257709251101323,False,False,False,False,-0.25353697239168765,-0.2518598946951503,False,False,False,False,-446.0,-416.72370017746096,False,False,False,False,9.779542966591029,False,False,False,False
2025-06-11 17:00:00+00:00,24.1,24.1,24.1,24.1,0.0,,,24.599947643979057,24.829916761256143,25.768708899605443,24.972168148880105,24.614758907454036,24.436020247549546,24.394480419039585,23.629434640966473,,,,24.179999999999996,24.845210643015513,25.028990722968647,25.625378197997772,25.629206832871656,25.264324960753527,24.35312314488852,,24.799805914235613,,,"rgba(239, 83, 80, 1.0)",0.0,0.0,0.6322204541950616,24.240658191823364,-0.2224828236575289,0.0,0.0,0.0,0.0,0.0,0.0,0.0,0.0,27.242481400740367,-16.719746156287222,False,True,False,True,False,0.0,0,0.7742290748898677,1.2257709251101323,False,False,False,False,-0.25353697239168765,-0.252698433543419,False,False,False,False,-446.0,-417.17759629874064,False,False,False,False,9.62792214540357,False,False,False,False
2025-06-11 18:00:00+00:00,24.1,24.46,24.1,24.46,1.0,,,24.598593750000003,24.829361300075583,25.768082822085894,24.972012019428664,24.61469603356217,24.435999642346207,24.394468930127935,23.62953108034745,,,,24.181584158415838,24.84465116279069,25.028330137424092,25.624663702056694,25.628492986341826,25.2640831807481,24.353120427881294,,24.799695991712486,,,"rgba(38, 166, 154, 1.0)",0.0,0.0,0.6356098157185309,24.260748558783135,0.3134807491788345,0.0,0.0,0.0,0.0,0.0,0.0,0.0,0.0,36.46774158131097,-19.899709750224094,False,False,False,True,True,0.0,0,0.7786177105831532,1.2019438444924408,False,False,False,False,-0.20714134131377782,-0.2299198874285984,False,False,False,False,-445.0,-417.60895139488423,False,False,False,False,9.494155910591111,False,False,False,False
2025-06-11 19:00:00+00:00,24.46,24.8,24.32,24.8,12.0,,,24.60102941176471,24.82681953765846,25.76218177855275,24.97103094475909,24.614765327856382,24.43652361586758,24.395088697237412,23.631174119241194,,,,24.23026548672566,24.84196721311475,25.023913112164294,25.618139149641078,25.62196828016135,25.262130378096472,24.353831405755194,,24.799239173619384,,,"rgba(38, 166, 154, 1.0)",0.0,0.0,0.6360936173944816,24.404030313297678,0.622502216457168,0.0,0.0,0.0,0.0,0.0,0.0,0.0,0.0,46.98812583654156,-10.387660355935253,True,False,False,False,True,0.0,0,0.8451648965902737,1.190050307434321,False,False,False,False,-0.1380204282587705,-0.18397015784368445,False,False,False,False,-433.0,-417.84757230349067,False,False,False,False,9.533006206550938,False,False,False,False
2025-06-12 14:00:00+00:00,24.8,24.8,24.8,24.8,0.0,,,24.60102941176471,24.82681953765846,25.76218177855275,24.97103094475909,24.614765327856382,24.43652361586758,24.395088697237412,23.631174119241194,,,,24.23026548672566,24.84196721311475,25.023913112164294,25.618139149641078,25.62196828016135,25.262130378096472,24.353831405755194,,24.799239173619384,,,"rgba(38, 166, 154, 1.0)",0.0,0.0,0.636570251177819,24.404030313297678,0.6220361161547789,0.0,0.0,0.0,0.0,0.0,0.0,0.0,0.0,54.001715340028625,-4.425732666100544,True,False,True,False,True,0.0,0,0.8719955282280601,1.1280044717719397,False,False,False,False,-0.07982429510589108,-0.13189722647478777,False,False,False,False,-433.0,-418.08249366312646,False,False,False,False,9.38520766071294,False,False,False,False
2025-06-12 15:00:00+00:00,24.8,24.8,24.8,24.8,0.0,,,24.60102941176471,24.82681953765846,25.76218177855275,24.97103094475909,24.614765327856382,24.43652361586758,24.395088697237412,23.631174119241194,,,,24.23026548672566,24.84196721311475,25.023913112164294,25.618139149641078,25.62196828016135,25.262130378096472,24.353831405755194,,24.799239173619384,,,"rgba(38, 166, 154, 1.0)",0.0,0.0,0.6370397331576174,24.404030313297678,0.6215776914567291,0.0,0.0,0.0,0.0,0.0,0.0,0.0,0.0,58.677441675686666,-0.5535446045006509,True,False,True,False,True,0.0,0,0.8719955282280601,1.1280044717719397,False,False,False,False,-0.07982429510589108,-0.10586076079033943,False,False,False,False,-433.0,-418.31377283114,False,False,False,False,9.23970056519801,False,False,False,False
2025-06-12 16:00:00+00:00,24.8,24.8,24.8,24.8,0.0,,,24.60102941176471,24.82681953765846,25.76218177855275,24.97103094475909,24.614765327856382,24.43652361586758,24.395088697237412,23.631174119241194,,,,24.23026548672566,24.84196721311475,25.023913112164294,25.618139149641078,25.62196828016135,25.262130378096472,24.353831405755194,,24.799239173619384,,,"rgba(38, 166, 154, 1.0)",0.0,0.0,0.6375020791344979,24.404030313297678,0.6211268945819114,0.0,0.0,0.0,0.0,0.0,0.0,0.0,0.0,61.79459256612536,2.1068661527044554,True,False,True,False,True,0.0,0,0.8719955282280601,1.1280044717719397,False,False,False,False,-0.07982429510589108,-0.09284252794811526,False,False,False,False,-433.0,-418.54146627561846,False,False,False,False,9.096449393644553,False,False,False,False
2025-06-12 17:00:00+00:00,24.8,24.8,24.8,24.8,0.0,,,24.60102941176471,24.82681953765846,25.76218177855275,24.97103094475909,24.614765327856382,24.43652361586758,24.395088697237412,23.631174119241194,,,,24.23026548672566,24.84196721311475,25.023913112164294,25.618139149641078,25.62196828016135,25.262130378096472,24.353831405755194,,24.799239173619384,,,"rgba(38, 166, 154, 1.0)",0.0,0.0,0.6379573046234592,24.404030313297678,0.6206836787236651,0.0,0.0,0.0,0.0,0.0,0.0,0.0,0.0,63.872693159751165,4.072352058235019,True,False,True,False,True,0.0,0,0.8719955282280601,1.1280044717719397,False,False,False,False,-0.07982429510589108,-0.08633341152700316,False,False,False,False,-433.0,-418.76562958917475,False,False,False,False,8.955419170487273,False,False,False,False
2025-06-12 18:00:00+00:00,24.8,24.8,24.8,24.8,0.0,,,24.60102941176471,24.82681953765846,25.76218177855275,24.97103094475909,24.614765327856382,24.43652361586758,24.395088697237412,23.631174119241194,,,,24.23026548672566,24.84196721311475,25.023913112164294,25.618139149641078,25.62196828016135,25.262130378096472,24.353831405755194,,24.799239173619384,,,"rgba(38, 166, 154, 1.0)",0.0,0.0,0.6384054248566448,24.404030313297678,0.6202479980354778,0.0,0.0,0.0,0.0,0.0,0.0,0.0,0.0,65.2580935555017,5.639152658090197,True,False,True,False,True,0.0,0,0.8719955282280601,1.1280044717719397,False,False,False,False,-0.07982429510589108,-0.08307885331644713,False,False,False,False,-433.0,-418.9863175025209,False,False,False,False,8.816575462417703,False,False,False,False
2025-06-12 19:00:00+00:00,24.8,24.8,24.07,24.07,105.0,,,24.503268608414242,24.77284951618285,25.698768236765325,24.95445431269003,24.60771153703291,24.433815853743628,24.39332201413185,23.640743486973946,,,,24.2702752293578,24.787549019607837,24.959593390804596,25.546633611691018,25.55051395389149,25.236845177664968,24.352971834782018,,24.787374031007747,,,"rgba(239, 83, 80, 1.0)",0.0,0.0,0.6476046508354383,24.327540310560238,-0.3976813789524201,0.0,0.0,0.0,0.0,0.0,0.0,0.0,0.0,53.51325294298459,13.805824135124382,True,False,False,False,False,0.0,0,0.8378088077336195,1.1229860365198712,False,False,False,False,-0.1686779510954828,-0.12587840220596497,False,False,False,False,-538.0,-420.8314908745748,False,False,False,False,10.307791346721304,False,False,False,False
2025-06-13 14:00:00+00:00,24.07,24.07,24.07,24.07,0.0,,,24.503268608414242,24.77284951618285,25.698768236765325,24.95445431269003,24.60771153703291,24.433815853743628,24.39332201413185,23.640743486973946,,,,24.2702752293578,24.787549019607837,24.959593390804596,25.546633611691018,25.55051395389149,25.236845177664968,24.352971834782018,,24.787374031007747,,,"rgba(239, 83, 80, 1.0)",0.0,0.0,0.6446229989774768,24.327540310560238,-0.39952082219957546,0.0,0.0,0.0,0.0,0.0,0.0,0.0,0.0,45.683359201306516,6.778340308554625,True,False,False,True,False,0.0,0,0.8378088077336195,1.1621911922663803,False,False,False,False,-0.26025840088846447,-0.19306840154721472,False,False,False,False,-538.0,-422.6480569075271,False,False,False,False,10.147980628167485,False,False,False,False
2025-06-13 15:00:00+00:00,24.07,24.07,24.07,24.07,0.0,,,24.503268608414242,24.77284951618285,25.698768236765325,24.95445431269003,24.60771153703291,24.433815853743628,24.39332201413185,23.640743486973946,,,,24.2702752293578,24.787549019607837,24.959593390804596,25.546633611691018,25.55051395389149,25.236845177664968,24.352971834782018,,24.787374031007747,,,"rgba(239, 83, 80, 1.0)",0.0,0.0,0.6405256287464113,24.327540310560238,-0.40207651185523396,0.0,0.0,0.0,0.0,0.0,0.0,0.0,0.0,40.463430040187795,2.1501471649271764,False,False,False,True,False,0.0,0,0.8256351039260967,1.2494226327944575,False,False,False,False,-0.26025840088846447,-0.2266634012178396,False,False,False,False,-538.0,-424.43645912601505,False,False,False,False,9.99064759517264,False,False,False,False
2025-06-13 16:00:00+00:00,24.07,24.07,24.07,24.07,0.0,,,24.503268608414242,24.77284951618285,25.698768236765325,24.95445431269003,24.60771153703291,24.433815853743628,24.39332201413185,23.640743486973946,,,,24.2702752293578,24.787549019607837,24.959593390804596,25.546633611691018,25.55051395389149,25.236845177664968,24.352971834782018,,24.787374031007747,,,"rgba(239, 83, 80, 1.0)",0.0,0.0,0.6352909527094638,24.327540310560238,-0.405389545470228,0.0,0.0,0.0,0.0,0.0,0.0,0.0,0.0,36.98347726610865,-1.0705679655392117,False,True,False,True,False,0.0,0,0.7857974388824212,1.222351571594878,False,False,False,False,-0.26025840088846447,-0.24346090105315205,False,False,False,False,-538.0,-426.19713417832486,False,False,False,False,9.835753834007171,False,False,False,False
2025-06-13 17:00:00+00:00,24.07,24.07,24.07,24.07,0.0,,,24.503268608414242,24.77284951618285,25.698768236765325,24.95445431269003,24.60771153703291,24.433815853743628,24.39332201413185,23.640743486973946,,,,24.2702752293578,24.787549019607837,24.959593390804596,25.546633611691018,25.55051395389149,25.236845177664968,24.352971834782018,,24.787374031007747,,,"rgba(239, 83, 80, 1.0)",0.0,0.0,0.6288905718415996,24.327540310560238,-0.4095152989908474,0.0,0.0,0.0,0.0,0.0,0.0,0.0,0.0,34.66350875005588,-3.470465728808634,False,True,False,True,False,0.0,0,0.7857974388824212,1.2142025611175788,False,False,False,False,-0.26025840088846447,-0.25185965097080826,False,False,False,False,-538.0,-427.930511943002,False,False,False,False,9.683261526503184,False,False,False,False
2025-06-13 18:00:00+00:00,24.07,24.07,24.07,24.07,0.0,,,24.503268608414242,24.77284951618285,25.698768236765325,24.95445431269003,24.60771153703291,24.433815853743628,24.39332201413185,23.640743486973946,,,,24.2702752293578,24.787549019607837,24.959593390804596,25.546633611691018,25.55051395389149,25.236845177664968,24.352971834782018,,24.787374031007747,,,"rgba(239, 83, 80, 1.0)",0.0,0.0,0.6212884606615942,24.327540310560238,-0.4145261450470037,0.0,0.0,0.0,0.0,0.0,0.0,0.0,0.0,33.116863072687366,-5.388242577504371,False,True,False,True,False,0.0,0,0.7920211205632148,1.2158990906424174,False,False,False,False,-0.26025840088846447,-0.25605902592963636,False,False,False,False,-538.0,-429.6370156338081,False,False,False,False,9.533133440820963,False,False,False,False
2025-06-13 19:00:00+00:00,24.07,24.07,24.07,24.07,0.0,,,24.503268608414242,24.77284951618285,25.698768236765325,24.95445431269003,24.60771153703291,24.433815853743628,24.39332201413185,23.640743486973946,,,,24.2702752293578,24.787549019607837,24.959593390804596,25.546633611691018,25.55051395389149,25.236845177664968,24.352971834782018,,24.787374031007747,,,"rgba(239, 83, 80, 1.0)",0.0,0.0,0.6124398701868582,24.327540310560238,-0.4205152588802896,0.0,0.0,0.0,0.0,0.0,0.0,0.0,0.0,32.0857659544417,-7.013549707567222,False,True,False,True,False,0.0,0,0.7920211205632148,1.2079788794367852,False,False,False,False,-0.26025840088846447,-0.2581587134090504,False,False,False,False,-538.0,-431.31706190305135,False,False,False,False,9.385332922358621,False,False,False,False
2025-06-16 14:00:00+00:00,24.07,24.07,24.07,24.07,0.0,,,24.503268608414242,24.77284951618285,25.698768236765325,24.95445431269003,24.60771153703291,24.433815853743628,24.39332201413185,23.640743486973946,,,,24.2702752293578,24.787549019607837,24.959593390804596,25.546633611691018,25.55051395389149,25.236845177664968,24.352971834782018,,24.787374031007747,,,"rgba(239, 83, 80, 1.0)",0.0,0.0,0.6104307296291497,24.327540310560238,-0.4218993213475657,0.0,0.0,0.0,0.0,0.0,0.0,0.0,0.0,31.39836787561125,-8.448529759597264,False,True,False,True,False,0.0,0,0.7914705882352939,1.2111764705882355,False,False,False,False,-0.26025840088846447,-0.25920855714875746,False,False,False,False,-538.0,-432.9710609433141,False,False,False,False,9.239823884802673,False,False,False,False
2025-06-16 15:00:00+00:00,24.07,24.07,24.07,24.07,0.0,,,24.503268608414242,24.77284951618285,25.698768236765325,24.95445431269003,24.60771153703291,24.433815853743628,24.39332201413185,23.640743486973946,,,,24.2702752293578,24.787549019607837,24.959593390804596,25.546633611691018,25.55051395389149,25.236845177664968,24.352971834782018,,24.787374031007747,,,"rgba(239, 83, 80, 1.0)",0.0,0.0,0.6096105092375562,24.327540310560238,-0.42246697958397234,0.0,0.0,0.0,0.0,0.0,0.0,0.0,0.0,30.940102489724282,-9.745545164334935,False,True,False,True,False,0.0,0,0.7894117647058821,1.2105882352941177,False,False,False,False,-0.26025840088846447,-0.259733479018611,False,False,False,False,-538.0,-434.5994165876038,False,False,False,False,9.09657080131736,False,False,False,False
2025-06-16 16:00:00+00:00,24.07,24.07,24.07,24.07,0.0,,,24.503268608414242,24.77284951618285,25.698768236765325,24.95445431269003,24.60771153703291,24.433815853743628,24.39332201413185,23.640743486973946,,,,24.2702752293578,24.787549019607837,24.959593390804596,25.546633611691018,25.55051395389149,25.236845177664968,24.352971834782018,,24.787374031007747,,,"rgba(239, 83, 80, 1.0)",0.0,0.0,0.6080959650438422,24.327540310560238,-0.4235191900042777,0.0,0.0,0.0,0.0,0.0,0.0,0.0,0.0,30.634592232466304,-10.929878501769196,False,True,False,True,False,0.0,0,0.789225787459523,1.210774212540477,False,False,False,False,-0.26025840088846447,-0.25999593995353776,False,False,False,False,-538.0,-436.202526407951,False,False,False,False,8.95553869587058,False,False,False,False
2025-06-16 17:00:00+00:00,24.07,24.22,24.07,24.22,14.0,,,24.488823529411764,24.764517933530765,25.689898466639043,24.951826953748004,24.606350070354736,24.433044945383703,24.392680415897118,23.641731564208563,,,,24.264224137931034,24.779187620889747,24.95017745599091,25.536647668393776,25.540536052314575,25.233067779463827,24.352455486125105,,24.78537049915005,,,"rgba(239, 83, 80, 1.0)",0.0,0.0,0.6038181666514157,24.274709641316623,-0.09060615320672785,0.0,0.0,0.0,0.0,0.0,0.0,0.0,0.0,36.7648941247712,-10.929878501769196,False,True,False,True,True,0.0,0,0.7910709074992703,1.2001750802451125,False,False,False,False,-0.24113749869184295,-0.25056671932269037,False,False,False,False,-524.0,-437.563727548913,False,False,False,False,9.033747398260184,False,False,False,False
2025-06-16 18:00:00+00:00,24.22,24.22,24.22,24.22,0.0,,,24.488823529411764,24.764517933530765,25.689898466639043,24.951826953748004,24.606350070354736,24.433044945383703,24.392680415897118,23.641731564208563,,,,24.264224137931034,24.779187620889747,24.95017745599091,25.536647668393776,25.540536052314575,25.233067779463827,24.352455486125105,,24.78537049915005,,,"rgba(239, 83, 80, 1.0)",0.0,0.0,0.5989372118875916,24.274709641316623,-0.091344535338191,0.0,0.0,0.0,0.0,0.0,0.0,0.0,0.0,40.851762052974465,-17.19609243063912,False,True,False,True,True,0.0,0,0.7998249197548875,1.2001750802451125,False,False,False,False,-0.22218805018889243,-0.2363773847557914,False,False,False,False,-524.0,-438.90382479621667,False,False,False,False,8.893689299062352,False,False,False,False
2025-06-16 19:00:00+00:00,24.22,24.22,23.48,23.48,5.0,,,24.477205284552845,24.75942043222004,25.685838847532402,24.950363201911586,24.60537394584998,24.43230852098971,24.39199774497745,23.64178815742715,,,,24.252883263009846,24.774122553737566,24.944988690981056,25.53197071490094,25.535865945760385,25.231165277426953,24.351825412807084,,24.78414486378019,,,"rgba(239, 83, 80, 1.0)",0.0,0.0,0.6079228999241183,24.228622495781337,-1.231443158128738,0.0,0.0,0.0,0.0,0.0,0.0,0.0,0.0,33.29719952265336,-17.19609243063912,False,True,False,True,False,0.0,0,0.7667132867132865,1.1918881118881122,False,False,False,False,-0.3174963762628923,-0.27693688050934184,False,False,False,False,-529.0,-440.3006647218567,False,False,False,False,8.833322023107897,False,False,False,False
2025-06-17 14:00:00+00:00,23.48,23.48,23.48,23.48,0.0,,,24.477205284552845,24.75942043222004,25.685838847532402,24.950363201911586,24.60537394584998,24.43230852098971,24.39199774497745,23.64178815742715,,,,24.252883263009846,24.774122553737566,24.944988690981056,25.53197071490094,25.535865945760385,25.231165277426953,24.351825412807084,,24.78414486378019,,,"rgba(239, 83, 80, 1.0)",0.0,0.0,0.6154633353149589,24.228622495781337,-1.2163559595280113,0.0,0.0,0.0,0.0,0.0,0.0,0.0,0.0,28.260824502439284,-12.91918749151467,False,True,False,True,False,0.0,0,0.7935726693688475,1.2414591777649104,False,False,False,False,-0.34282825441539394,-0.30988256746236786,False,False,False,False,-529.0,-441.67584821454113,False,False,False,False,8.696371294067465,False,False,False,False
2025-06-17 15:00:00+00:00,23.48,24.12,23.48,24.12,2.0,,,24.473747474747476,24.75774836601307,25.68436845730028,24.949864660456967,24.605063960366756,24.432089412255106,24.391798838797815,23.641858735234035,,,,24.249986052998608,24.772455971821962,24.943230313293817,25.53029254861469,25.534189814814813,25.230496507615918,24.351646202361778,,24.783738717889374,,,"rgba(38, 166, 154, 1.0)",0.0,0.0,0.6094875856955685,24.22078470350014,-0.16535973146215932,0.0,0.0,0.0,0.0,0.0,0.0,0.0,0.0,36.02315577560371,-12.91918749151467,False,True,False,True,True,0.0,0,0.7935973041280537,1.176354956472901,False,False,False,False,-0.26642700041493705,-0.28815478393865246,False,False,False,False,-527.0,-442.99870328098234,False,False,False,False,8.592551584081923,False,False,False,False
2025-06-17 16:00:00+00:00,24.12,24.3,24.12,24.12,107.0,,,24.401823035850498,24.702895593019814,25.620669436749775,24.93068079490762,24.595208739617192,24.426590214067275,24.38725452844061,23.649422260169008,,,,24.228342967244707,24.71723577235772,24.879825310559003,25.459606979778208,25.463542174549,25.202865453949517,24.348027257799668,,24.769149728997288,,,"rgba(38, 166, 154, 1.0)",0.0,0.0,0.6044318156911622,24.21194907666596,-0.15212481255774996,0.0,0.0,0.0,0.0,0.0,0.0,0.0,0.0,41.19804329104666,-18.87692991674846,False,True,False,True,True,0.0,0,0.8413910093299406,1.1653944020356235,False,False,False,False,-0.1726864104292496,-0.23042059718395103,False,False,False,False,-527.0,-444.30104896654854,False,False,False,False,10.118248458747319,False,False,False,False
2025-06-17 17:00:00+00:00,24.12,24.12,24.12,24.12,0.0,,,24.401823035850498,24.702895593019814,25.620669436749775,24.93068079490762,24.595208739617192,24.426590214067275,24.38725452844061,23.649422260169008,,,,24.228342967244707,24.71723577235772,24.879825310559003,25.459606979778208,25.463542174549,25.202865453949517,24.348027257799668,,24.769149728997288,,,"rgba(38, 166, 154, 1.0)",0.0,0.0,0.5987438652847402,24.21194907666596,-0.15356996872482523,0.0,0.0,0.0,0.0,0.0,0.0,0.0,0.0,44.64796830134196,-15.73607062011164,False,False,False,True,True,0.0,0,0.8413910093299406,1.1586089906700594,False,False,False,False,-0.19295355437854098,-0.21168707578124601,False,False,False,False,-527.0,-445.5832032461369,False,False,False,False,9.961376389619453,False,False,False,False
2025-06-17 18:00:00+00:00,24.12,24.12,24.12,24.12,0.0,,,24.401823035850498,24.702895593019814,25.620669436749775,24.93068079490762,24.595208739617192,24.426590214067275,24.38725452844061,23.649422260169008,,,,24.228342967244707,24.71723577235772,24.879825310559003,25.459606979778208,25.463542174549,25.202865453949517,24.348027257799668,,24.769149728997288,,,"rgba(38, 166, 154, 1.0)",0.0,0.0,0.592405525215794,24.21194907666596,-0.15521306394376466,0.0,0.0,0.0,0.0,0.0,0.0,0.0,0.0,46.9479183082055,-13.448556113817745,True,False,False,False,True,0.0,0,0.8411376041367422,1.1749497270899167,False,False,False,False,-0.19295355437854098,-0.2023203150798935,False,False,False,False,-527.0,-446.8454791648015,False,False,False,False,9.806936445594344,False,False,False,False
2025-06-17 19:00:00+00:00,24.12,24.12,23.88,23.88,10.0,,,24.391938851603285,24.696361770741714,25.614123636841416,24.92842549566295,24.593835315315317,24.425640895218717,24.386399506370488,23.64982968210241,,,,24.220805243445696,24.710696603339088,24.872738828967638,25.45230606945796,25.45624696749151,25.199817721105113,24.347264175680102,,24.76732649842271,,,"rgba(38, 166, 154, 1.0)",0.0,0.0,0.5886601215800445,24.19957756840365,-0.5428897876517639,0.0,0.0,0.0,0.0,0.0,0.0,0.0,0.0,45.10064408204027,-13.448556113817745,False,False,False,True,True,0.0,0,0.8288236969524351,1.162631728852179,False,False,False,False,-0.22022518255404516,-0.21127274881696934,False,False,False,False,-537.0,-448.2432236738743,False,False,False,False,9.809929678995982,False,False,False,False
2025-06-18 14:00:00+00:00,23.88,23.88,23.05,23.05,100.0,,,24.197190737355275,24.585634599838315,25.527378965996718,24.892054950045413,24.567016931216934,24.4037271518777,24.365608200902493,23.645645258750918,,,,24.024722222222223,24.600678325384205,24.76214711492608,25.353622717424937,25.357700910072495,25.154984043401942,24.32758052073288,,24.735579917731744,,,"rgba(239, 83, 80, 1.0)",-1.0,22.595,0.6047589051293306,23.87149088689047,-1.3583774954331422,0.0,0.0,0.0,0.0,0.0,0.0,0.0,0.0,37.884919797828516,-13.448556113817745,False,True,False,True,False,0.0,0,0.7861618087714518,1.1702533369654045,True,False,False,False,-0.34282825441539394,-0.2770505016161816,False,False,False,False,-637.0,-451.16968532234137,False,False,False,False,11.208225342887516,True,False,False,False
2025-06-18 15:00:00+00:00,23.05,23.05,23.05,23.05,0.0,,,24.197190737355275,24.585634599838315,25.527378965996718,24.892054950045413,24.567016931216934,24.4037271518777,24.365608200902493,23.645645258750918,,,,24.024722222222223,24.600678325384205,24.76214711492608,25.353622717424937,25.357700910072495,25.154984043401942,24.32758052073288,,24.735579917731744,,,"rgba(239, 83, 80, 1.0)",0.0,0.0,0.6186658269254075,23.87149088689047,-1.3278426755410824,0.0,0.0,0.0,0.0,0.0,0.0,0.0,0.0,33.07443694168735,-6.4032496461795105,False,True,False,True,False,0.0,0,0.7845273767365841,1.2154726232634159,True,False,False,False,-0.34282825441539394,-0.30993937801578775,False,False,False,False,-637.0,-454.0507754723826,False,False,False,False,11.034454407338872,True,False,False,False
2025-06-18 16:00:00+00:00,23.05,23.05,23.05,23.05,0.0,,,24.197190737355275,24.585634599838315,25.527378965996718,24.892054950045413,24.567016931216934,24.4037271518777,24.365608200902493,23.645645258750918,,,,24.024722222222223,24.600678325384205,24.76214711492608,25.353622717424937,25.357700910072495,25.154984043401942,24.32758052073288,,24.735579917731744,,,"rgba(239, 83, 80, 1.0)",0.0,0.0,0.6305259351960452,23.87149088689047,-1.3028661329133888,0.0,0.0,0.0,0.0,0.0,0.0,0.0,0.0,29.867448370926578,-9.59702256975153,False,True,False,True,False,0.0,0,0.7697234352256186,1.2302765647743814,True,False,False,False,-0.34282825441539394,-0.32638381621559087,False,False,False,False,-637.0,-456.8871975580821,False,False,False,False,10.86337759482199,True,False,False,False
2025-06-18 17:00:00+00:00,23.05,23.05,23.05,23.05,0.0,,,24.197190737355275,24.585634599838315,25.527378965996718,24.892054950045413,24.567016931216934,24.4037271518777,24.365608200902493,23.645645258750918,,,,24.024722222222223,24.600678325384205,24.76214711492608,25.353622717424937,25.357700910072495,25.154984043401942,24.32758052073288,,24.735579917731744,,,"rgba(239, 83, 80, 1.0)",0.0,0.0,0.6404529506387442,23.87149088689047,-1.2826717186190963,0.0,0.0,0.0,0.0,0.0,0.0,0.0,0.0,27.729455990419396,-11.934178860380058,False,True,False,True,False,0.0,0,0.7697234352256186,1.2302765647743814,True,False,False,False,-0.34282825441539394,-0.3346060353154924,False,False,False,False,-637.0,-459.6796441075692,False,False,False,False,10.694953135987541,True,False,False,False
2025-06-18 18:00:00+00:00,23.05,23.05,23.05,23.05,0.0,,,24.197190737355275,24.585634599838315,25.527378965996718,24.892054950045413,24.567016931216934,24.4037271518777,24.365608200902493,23.645645258750918,,,,24.024722222222223,24.600678325384205,24.76214711492608,25.353622717424937,25.357700910072495,25.154984043401942,24.32758052073288,,24.735579917731744,,,"rgba(239, 83, 80, 1.0)",0.0,0.0,0.6485356478146576,23.87149088689047,-1.2666857861377574,0.0,0.0,0.0,0.0,0.0,0.0,0.0,0.0,26.30412773674794,-13.757893797130052,False,True,False,True,False,0.0,0,0.7697234352256186,1.2302765647743814,True,False,False,False,-0.34282825441539394,-0.33871714486544313,False,False,False,False,-637.0,-462.42879691210294,False,False,False,False,10.529139909073006,True,False,False,False
2025-06-18 19:00:00+00:00,23.05,23.55,23.05,23.55,61.0,,,24.115537280701755,24.529131997945555,25.478903508771936,24.871443075774543,24.55193028276919,24.39146473601261,24.353991534186378,23.643589628297363,,,,23.94904577691812,24.544379580490272,24.704499657299515,25.29936192626034,25.30349909990999,25.129489659510888,24.316600902274747,,24.71764405305501,,,"rgba(239, 83, 80, 1.0)",0.0,0.0,0.6434447693245021,23.635401212359625,-0.1327250083162221,0.0,0.0,0.0,0.0,0.0,0.0,0.0,0.0,33.5198579635384,-13.757893797130052,False,True,False,True,True,0.0,0,0.7762376237623763,1.1954738330975954,True,False,False,False,-0.29019267393392956,-0.31445490939968634,False,False,False,False,-576.0,-464.1895907584269,False,False,False,False,11.311633863971098,False,False,False,False
2025-06-19 14:00:00+00:00,23.55,23.55,23.55,23.55,0.0,,,24.115537280701755,24.529131997945555,25.478903508771936,24.871443075774543,24.55193028276919,24.39146473601261,24.353991534186378,23.643589628297363,,,,23.94904577691812,24.544379580490272,24.704499657299515,25.29936192626034,25.30349909990999,25.129489659510888,24.316600902274747,,24.71764405305501,,,"rgba(239, 83, 80, 1.0)",0.0,0.0,0.6372168652297453,23.635401212359625,-0.13402220973676393,0.0,0.0,0.0,0.0,0.0,0.0,0.0,0.0,38.3303447813987,-21.80170147884669,False,True,False,True,True,0.0,0,0.8045261669024045,1.1954738330975954,False,False,False,False,-0.2284622874502378,-0.27145859842496206,False,False,False,False,-576.0,-465.92308547535055,False,False,False,False,11.136259695537436,False,False,False,False
2025-06-19 15:00:00+00:00,23.55,23.55,23.55,23.55,0.0,,,24.115537280701755,24.529131997945555,25.478903508771936,24.871443075774543,24.55193028276919,24.39146473601261,24.353991534186378,23.643589628297363,,,,23.94904577691812,24.544379580490272,24.704499657299515,25.29936192626034,25.30349909990999,25.129489659510888,24.316600902274747,,24.71764405305501,,,"rgba(239, 83, 80, 1.0)",0.0,0.0,0.6298182062888168,23.635401212359625,-0.1355966078892003,0.0,0.0,0.0,0.0,0.0,0.0,0.0,0.0,41.53733599330557,-18.59011562556677,False,False,False,True,True,0.0,0,0.8740012292563001,1.2123540258143823,False,False,False,False,-0.2284622874502378,-0.24996044293759995,False,False,False,False,-576.0,-467.6297043051901,False,False,False,False,10.963604506459337,False,False,False,False
2025-06-19 16:00:00+00:00,23.55,23.55,23.55,23.55,0.0,,,24.115537280701755,24.529131997945555,25.478903508771936,24.871443075774543,24.55193028276919,24.39146473601261,24.353991534186378,23.643589628297363,,,,23.94904577691812,24.544379580490272,24.704499657299515,25.29936192626034,25.30349909990999,25.129489659510888,24.316600902274747,,24.71764405305501,,,"rgba(239, 83, 80, 1.0)",0.0,0.0,0.6320010548513527,23.635401212359625,-0.1351282750306653,0.0,0.0,0.0,0.0,0.0,0.0,0.0,0.0,43.67533013457681,-16.257882263189003,True,False,False,True,True,0.0,0,0.8740012292563001,1.1259987707437,False,False,False,False,-0.2284622874502378,-0.2392113651939189,False,False,False,False,-576.0,-469.3098639283655,False,False,False,False,10.793626142018107,False,False,False,False
2025-06-19 17:00:00+00:00,23.55,23.55,23.55,23.55,0.0,,,24.115537280701755,24.529131997945555,25.478903508771936,24.871443075774543,24.55193028276919,24.39146473601261,24.353991534186378,23.643589628297363,,,,23.94904577691812,24.544379580490272,24.704499657299515,25.29936192626034,25.30349909990999,25.129489659510888,24.316600902274747,,24.71764405305501,,,"rgba(239, 83, 80, 1.0)",0.0,0.0,0.6335951331826039,23.635401212359625,-0.13478830231956865,0.0,0.0,0.0,0.0,0.0,0.0,0.0,0.0,45.10065956209098,-14.453444181007441,True,False,False,True,True,0.0,0,0.8728287841191068,1.1364764267990073,False,False,False,False,-0.2284622874502378,-0.23383682632207836,False,False,False,False,-576.0,-470.963974565135,False,False,False,False,10.626283101056586,False,False,False,False
2025-06-19 18:00:00+00:00,23.55,23.55,23.55,23.55,0.0,,,24.115537280701755,24.529131997945555,25.478903508771936,24.871443075774543,24.55193028276919,24.39146473601261,24.353991534186378,23.643589628297363,,,,23.94904577691812,24.544379580490272,24.704499657299515,25.29936192626034,25.30349909990999,25.129489659510888,24.316600902274747,,24.71764405305501,,,"rgba(239, 83, 80, 1.0)",0.0,0.0,0.6346048781338195,23.635401212359625,-0.1345738353142876,0.0,0.0,0.0,0.0,0.0,0.0,0.0,0.0,46.05087918043375,-12.973452835787882,True,False,False,True,True,0.0,0,0.8635235732009928,1.1364764267990073,False,False,False,False,-0.2284622874502378,-0.23114955688615807,False,False,False,False,-576.0,-472.5924400757531,False,False,False,False,10.461534525846407,False,False,False,False
2025-06-19 19:00:00+00:00,23.55,23.55,23.55,23.55,0.0,,,24.115537280701755,24.529131997945555,25.478903508771936,24.871443075774543,24.55193028276919,24.39146473601261,24.353991534186378,23.643589628297363,,,,23.94904577691812,24.544379580490272,24.704499657299515,25.29936192626034,25.30349909990999,25.129489659510888,24.316600902274747,,24.71764405305501,,,"rgba(239, 83, 80, 1.0)",0.0,0.0,0.6350330770982701,23.635401212359625,-0.13448309299077424,0.0,0.0,0.0,0.0,0.0,0.0,0.0,0.0,46.68435892599561,-11.7032938789322,True,False,False,True,True,0.0,0,0.8635235732009928,1.1364764267990073,False,False,False,False,-0.2284622874502378,-0.22980592216819795,False,False,False,False,-576.0,-474.19565805907473,False,False,False,False,10.299340192112354,False,False,False,False
2025-06-20 14:00:00+00:00,23.55,23.55,23.55,23.55,0.0,,,24.115537280701755,24.529131997945555,25.478903508771936,24.871443075774543,24.55193028276919,24.39146473601261,24.353991534186378,23.643589628297363,,,,23.94904577691812,24.544379580490272,24.704499657299515,25.29936192626034,25.30349909990999,25.129489659510888,24.316600902274747,,24.71764405305501,,,"rgba(239, 83, 80, 1.0)",0.0,0.0,0.6348809067578375,23.635401212359625,-0.13451532634009222,0.0,0.0,0.0,0.0,0.0,0.0,0.0,0.0,47.10667875637017,-10.580225224169936,True,False,False,True,True,0.0,0,0.8635235732009928,1.1364764267990073,False,False,False,False,-0.2284622874502378,-0.22913410480921786,False,False,False,False,-576.0,-475.77401994963174,False,False,False,False,10.139660499211386,False,False,False,False
2025-06-20 15:00:00+00:00,23.55,23.55,23.55,23.55,0.0,,,24.115537280701755,24.529131997945555,25.478903508771936,24.871443075774543,24.55193028276919,24.39146473601261,24.353991534186378,23.643589628297363,,,,23.94904577691812,24.544379580490272,24.704499657299515,25.29936192626034,25.30349909990999,25.129489659510888,24.316600902274747,,24.71764405305501,,,"rgba(239, 83, 80, 1.0)",0.0,0.0,0.6341479493158593,23.635401212359625,-0.13467080111472085,0.0,0.0,0.0,0.0,0.0,0.0,0.0,0.0,47.388225309953214,-9.57087791911546,True,False,False,True,True,0.0,0,0.874921433060968,1.138277812696417,False,False,False,False,-0.2284622874502378,-0.22879819612972785,False,False,False,False,-576.0,-477.32791111320336,False,False,False,False,9.982456460463922,False,False,False,False
2025-06-20 16:00:00+00:00,23.55,23.55,23.55,23.55,0.0,,,24.115537280701755,24.529131997945555,25.478903508771936,24.871443075774543,24.55193028276919,24.39146473601261,24.353991534186378,23.643589628297363,,,,23.94904577691812,24.544379580490272,24.704499657299515,25.29936192626034,25.30349909990999,25.129489659510888,24.316600902274747,,24.71764405305501,,,"rgba(239, 83, 80, 1.0)",0.0,0.0,0.6286885534962325,23.635401212359625,-0.1358402533093613,0.0,0.0,0.0,0.0,0.0,0.0,0.0,0.0,47.57592301234192,-8.657793376861164,True,False,False,True,True,0.0,0,0.8650899400399736,1.1948700866089272,False,False,False,False,-0.2284622874502378,-0.2286302417899828,False,False,False,False,-576.0,-478.85771094090563,False,False,False,False,9.827689693635024,False,False,False,False
2025-06-20 17:00:00+00:00,23.55,23.55,23.55,23.55,0.0,,,24.115537280701755,24.529131997945555,25.478903508771936,24.871443075774543,24.55193028276919,24.39146473601261,24.353991534186378,23.643589628297363,,,,23.94904577691812,24.544379580490272,24.704499657299515,25.29936192626034,25.30349909990999,25.129489659510888,24.316600902274747,,24.71764405305501,,,"rgba(239, 83, 80, 1.0)",0.0,0.0,0.6223936791868792,23.635401212359625,-0.13721413827851825,0.0,0.0,0.0,0.0,0.0,0.0,0.0,0.0,47.70105481393438,-7.8315785223458505,True,False,False,True,True,0.0,0,0.806958849113416,1.1973904315824688,False,False,False,False,-0.2284622874502378,-0.2285462646201103,False,False,False,False,-576.0,-480.3637929418218,False,False,False,False,9.675322411563164,False,False,False,False
2025-06-20 18:00:00+00:00,23.55,23.55,23.55,23.55,0.0,,,24.115537280701755,24.529131997945555,25.478903508771936,24.871443075774543,24.55193028276919,24.39146473601261,24.353991534186378,23.643589628297363,,,,23.94904577691812,24.544379580490272,24.704499657299515,25.29936192626034,25.30349909990999,25.129489659510888,24.316600902274747,,24.71764405305501,,,"rgba(239, 83, 80, 1.0)",0.0,0.0,0.6152376820427155,23.635401212359625,-0.13881011331437731,0.0,0.0,0.0,0.0,0.0,0.0,0.0,0.0,47.78447601499602,-7.0865009540685335,True,False,False,True,True,0.0,0,0.8059551689528274,1.1940448310471727,False,False,False,False,-0.2284622874502378,-0.22850427603517404,False,False,False,False,-576.0,-481.8465248341967,False,False,False,False,9.525317412934276,False,False,False,False
2025-06-20 19:00:00+00:00,23.55,23.7,23.55,23.7,8.0,,,24.109491341991344,24.523746809596734,25.473496550874604,24.869258514047246,24.550425184258103,24.390297993705744,24.35290134210866,23.643596209787816,,,,23.94448888888889,24.538987691534793,24.698749147920918,25.293426300794714,25.297567264573985,25.12670277058315,24.31558590280421,,24.715790102018666,,,"rgba(38, 166, 154, 1.0)",0.0,0.0,0.6054536829205437,23.576592055235935,0.20382722616993304,0.0,0.0,0.0,0.0,0.0,0.0,0.0,0.0,52.74909712534588,-2.0000428009730484,True,False,True,False,True,0.0,0,0.8069883527454246,1.1876871880199666,False,False,False,False,-0.21186821627545602,-0.220186246155315,False,False,False,False,-568.0,-483.18223762746493,False,False,False,False,9.5016690809508,False,False,False,False
2025-06-23 14:00:00+00:00,23.7,23.7,23.7,23.7,0.0,,,24.109491341991344,24.523746809596734,25.473496550874604,24.869258514047246,24.550425184258103,24.390297993705744,24.35290134210866,23.643596209787816,,,,23.94448888888889,24.538987691534793,24.698749147920918,25.293426300794714,25.297567264573985,25.12670277058315,24.31558590280421,,24.715790102018666,,,"rgba(38, 166, 154, 1.0)",0.0,0.0,0.5948277970202774,23.576592055235935,0.20746835534967048,0.0,0.0,0.0,0.0,0.0,0.0,0.0,0.0,56.058844532245786,1.2466711696468238,True,False,True,False,True,0.0,0,0.8163879598662208,1.188628762541806,False,False,False,False,-0.19538833074943054,-0.20778728845237276,False,False,False,False,-568.0,-484.49724169525615,False,False,False,False,9.35435638202133,False,False,False,False
2025-06-23 15:00:00+00:00,23.7,23.7,23.7,23.7,0.0,,,24.109491341991344,24.523746809596734,25.473496550874604,24.869258514047246,24.550425184258103,24.390297993705744,24.35290134210866,23.643596209787816,,,,23.94448888888889,24.538987691534793,24.698749147920918,25.293426300794714,25.297567264573985,25.12670277058315,24.31558590280421,,24.715790102018666,,,"rgba(38, 166, 154, 1.0)",0.0,0.0,0.5833140176981277,23.576592055235935,0.21156348213790008,0.0,0.0,0.0,0.0,0.0,0.0,0.0,0.0,58.26534280351239,3.384665149071509,True,False,True,False,True,0.0,0,0.8133105802047782,1.2071672354948804,False,False,False,False,-0.19538833074943054,-0.20158780960090167,False,False,False,False,-568.0,-485.7918581030816,False,False,False,False,9.20932760090472,False,False,False,False
2025-06-23 16:00:00+00:00,23.7,24.185,23.7,24.185,80.0,,,24.09958812260537,24.494862914862914,25.431855108877727,24.854394904458598,24.54177369716865,24.384613026077975,24.34787552420892,23.64745532689702,,,,23.954914600550968,24.50966832504146,24.663821374703723,25.249306701403956,25.253437950937947,25.106303058315994,24.311202662167226,,24.70397091245288,,,"rgba(38, 166, 154, 1.0)",0.0,0.0,0.5814919301802505,23.818713810992342,0.6299076048985154,0.0,0.0,0.0,0.0,0.0,0.0,0.0,0.0,66.77408150969303,11.19391434403289,True,False,True,False,True,0.0,0,0.8034357449620088,1.1645193260654112,False,False,False,False,-0.1344544120219332,-0.16802111081141743,False,False,False,False,-488.0,-485.8260928611733,False,False,False,False,10.306857405541857,False,False,False,False
2025-06-23 17:00:00+00:00,24.185,24.185,23.92,23.92,4.0,,,24.09906666666667,24.49346282973621,25.429814217443255,24.853652256601567,24.541336271696053,24.384321787925696,24.347616825396827,23.647638606737768,,,,23.955265462506844,24.508247106071344,24.66213088330109,25.2471550353995,25.251285652549694,25.10528900177018,24.31097570875484,,24.703377744617352,,,"rgba(38, 166, 154, 1.0)",0.0,0.0,0.5811221049837885,23.82233865494767,0.16805649658612576,0.0,0.0,0.0,0.0,0.0,0.0,0.0,0.0,65.2400768537544,11.19391434403289,True,False,True,False,True,0.0,0,0.8904929577464791,1.1753521126760562,False,False,False,False,-0.1098902207546175,-0.13895566578301746,False,False,False,False,-492.0,-485.9218123516978,False,False,False,False,10.209076670572216,False,False,False,False
2025-06-23 18:00:00+00:00,23.92,24.39,23.92,24.39,1.0,,,24.099258202567764,24.49327582075245,25.429385524901477,24.853516162059385,24.541273143403707,24.384292577545626,24.347595061258176,23.647712961787484,,,,23.95572131147541,24.50805240793201,24.66185459621992,25.24671577123049,25.250845932325408,25.105087719298243,24.310961166260846,,24.70327756464905,,,"rgba(38, 166, 154, 1.0)",0.0,0.0,0.580590333311728,23.824668530776663,0.9737183635122679,0.0,0.0,0.0,0.0,0.0,0.0,0.0,0.0,68.50271433753234,12.21490280428435,True,False,True,False,True,1.4760319163785667,0,0.891296749388326,1.1013631597343583,False,False,False,False,-0.08711974963841519,-0.11303770771071633,False,False,False,False,-491.0,-486.0005439431443,False,False,False,False,10.066300288082724,False,False,False,False
2025-06-23 19:00:00+00:00,24.39,24.81,24.39,24.75,80.0,,,24.155672215108837,24.501799229549054,25.407668059909447,24.850005749604716,24.54302715601264,24.388342223915668,24.352133120740326,23.657789996229734,,,,24.03621739130435,24.51566353887399,24.661273488562085,25.22672529313232,25.23077592205984,25.09683590208522,24.315966352955652,,24.702384395082426,,,"rgba(38, 166, 154, 1.0)",0.0,0.0,0.5836871925429126,24.1233413760775,1.0736206514869293,0.0,0.0,0.0,0.0,0.0,0.0,0.0,0.0,72.56332676303205,15.90990897564238,True,False,True,False,True,5.687639343527454,0,0.9167817679558012,1.0711325966850826,False,False,False,False,0.011000432330837914,-0.05101863768993921,False,False,False,False,-411.0,-484.8377448122428,False,False,False,False,11.150543694469038,False,False,False,False
2025-06-24 14:00:00+00:00,24.75,24.75,24.75,24.75,0.0,,,24.155672215108837,24.501799229549054,25.407668059909447,24.850005749604716,24.54302715601264,24.388342223915668,24.352133120740326,23.657789996229734,,,,24.03621739130435,24.51566353887399,24.661273488562085,25.22672529313232,25.23077592205984,25.09683590208522,24.315966352955652,,24.702384395082426,,,"rgba(38, 166, 154, 1.0)",0.0,0.0,0.5865620709378943,24.1233413760775,1.0683585846600874,0.0,0.0,0.0,0.0,0.0,0.0,0.0,0.0,75.27040171336519,18.37842513978711,True,False,True,False,True,5.687639343527454,0,0.9416436464088398,1.0583563535911602,False,False,False,False,0.04402841520474276,-0.003495111242598225,False,False,False,False,-411.0,-483.6929735748437,False,False,False,False,10.97766704804316,False,False,False,False
2025-06-24 15:00:00+00:00,24.75,24.75,24.75,24.75,0.0,,,24.155672215108837,24.501799229549054,25.407668059909447,24.850005749604716,24.54302715601264,24.388342223915668,24.352133120740326,23.657789996229734,,,,24.03621739130435,24.51566353887399,24.661273488562085,25.22672529313232,25.23077592205984,25.09683590208522,24.315966352955652,,24.702384395082426,,,"rgba(38, 166, 154, 1.0)",0.0,0.0,0.5896076875559828,24.1233413760775,1.062839981819263,0.0,0.0,0.0,0.0,0.0,0.0,0.0,0.0,77.07511834692062,20.125671549769535,True,False,True,False,True,5.687639343527454,0,0.9511684687827,1.0589466341123124,False,False,False,False,0.04402841520474276,0.02026665198107227,False,False,False,False,-411.0,-482.56595072872204,False,False,False,False,10.807470659701407,False,False,False,False
2025-06-24 16:00:00+00:00,24.75,24.75,24.75,24.75,0.0,,,24.155672215108837,24.501799229549054,25.407668059909447,24.850005749604716,24.54302715601264,24.388342223915668,24.352133120740326,23.657789996229734,,,,24.03621739130435,24.51566353887399,24.661273488562085,25.22672529313232,25.23077592205984,25.09683590208522,24.315966352955652,,24.702384395082426,,,"rgba(38, 166, 154, 1.0)",0.0,0.0,0.5926846692103697,24.1233413760775,1.057322141902864,0.0,0.0,0.0,0.0,0.0,0.0,0.0,0.0,78.2782627692909,21.449698458702116,True,False,True,False,True,5.687639343527454,0,0.9511684687827,1.0488315312173,False,False,False,False,0.04402841520474276,0.032147533592907514,False,False,False,False,-411.0,-481.45640110502086,False,False,False,False,10.639912975054873,False,False,False,False
2025-06-24 17:00:00+00:00,24.75,24.75,24.75,24.75,0.0,,,24.155672215108837,24.501799229549054,25.407668059909447,24.850005749604716,24.54302715601264,24.388342223915668,24.352133120740326,23.657789996229734,,,,24.03621739130435,24.51566353887399,24.661273488562085,25.22672529313232,25.23077592205984,25.09683590208522,24.315966352955652,,24.702384395082426,,,"rgba(38, 166, 154, 1.0)",0.0,0.0,0.5870872750012188,24.1233413760775,1.0674028387367065,0.0,0.0,0.0,0.0,0.0,0.0,0.0,0.0,79.0803590508711,22.5220924759477,True,False,True,False,True,5.687639343527454,0,0.9511684687827,1.0488315312173,False,False,False,False,0.04402841520474276,0.038087974398825136,False,False,False,False,-411.0,-480.36405380106703,False,False,False,False,10.474953083968751,False,False,False,False
2025-06-24 18:00:00+00:00,24.75,24.75,24.75,24.75,0.0,,,24.155672215108837,24.501799229549054,25.407668059909447,24.850005749604716,24.54302715601264,24.388342223915668,24.352133120740326,23.657789996229734,,,,24.03621739130435,24.51566353887399,24.661273488562085,25.22672529313232,25.23077592205984,25.09683590208522,24.315966352955652,,24.702384395082426,,,"rgba(38, 166, 154, 1.0)",0.0,0.0,0.5814032651754245,24.1233413760775,1.0778381571927005,0.0,0.0,0.0,0.0,0.0,0.0,0.0,0.0,79.61508990525789,23.438671458718616,True,False,True,False,True,5.687639343527454,0,0.9511684687827,1.0488315312173,False,False,False,False,0.04402841520474276,0.04105819480178395,False,False,False,False,-411.0,-479.28864211422876,False,False,False,False,10.312550710573886,False,False,False,False
2025-06-24 19:00:00+00:00,24.75,24.75,24.625,24.625,1.0,,,24.156325660699068,24.50191123188405,25.40741005106779,24.849966228353814,24.54305208333334,24.38839523809524,24.352192110527636,23.657916771383093,,,,24.037129763627597,24.51576467961598,24.661276791181862,25.22649086089018,25.230540484140228,25.096738424352292,24.31603105781058,,24.70237691179552,,,"rgba(38, 166, 154, 1.0)",0.0,0.0,0.5774022517796831,24.125377152021457,0.865294249266596,0.0,0.0,0.0,0.0,0.0,0.0,0.0,0.0,76.27296145547191,23.438671458718616,True,False,True,False,False,3.9157615909815213,0,0.9429460580912866,1.0484094052558781,False,False,False,False,0.030259219930093617,0.035658707365938784,False,False,False,False,-412.0,-478.24540735276787,False,False,False,False,10.168170079402197,False,False,False,False
2025-06-25 14:00:00+00:00,24.625,24.625,24.625,24.625,0.0,,,24.156325660699068,24.50191123188405,25.40741005106779,24.849966228353814,24.54305208333334,24.38839523809524,24.352192110527636,23.657916771383093,,,,24.037129763627597,24.51576467961598,24.661276791181862,25.22649086089018,25.230540484140228,25.096738424352292,24.31603105781058,,24.70237691179552,,,"rgba(38, 166, 154, 1.0)",0.0,0.0,0.5703915756297929,24.125377152021457,0.8759295707109431,0.0,0.0,0.0,0.0,0.0,0.0,0.0,0.0,74.04487582228127,23.438671458718616,True,False,True,False,False,3.9157615909815213,0,0.9429460580912866,1.0570539419087135,False,False,False,False,0.016501486066498677,0.02608009671621873,False,False,False,False,-412.0,-477.2183467736552,False,False,False,False,10.010524031659527,False,False,False,False
2025-06-25 15:00:00+00:00,24.625,25.84,24.625,25.84,25.0,,,24.195937629078898,24.517493876642167,25.40764814175585,24.853102129788454,24.547525242393853,24.393355450236967,24.35724534876486,23.663481982546244,,,,24.08593808193669,24.530903601229685,24.672943305186962,25.228650234741774,25.232651796778185,25.098643908667565,24.321168656259566,,24.706194247603168,,,"rgba(38, 166, 154, 1.0)",0.0,0.0,0.5869493355668874,24.338219995576225,2.558619481140269,0.0,0.0,0.0,0.0,0.0,0.0,0.0,0.0,78.93062409874874,23.438671458718616,True,False,True,False,True,16.84146818789962,0,0.9473684210526319,0.9751196172248802,False,False,False,False,0.15129387578117878,0.08868698624869875,False,False,False,False,-387.0,-475.8196127151489,False,False,False,False,10.242919007912867,False,False,False,False
2025-06-25 16:00:00+00:00,25.84,25.84,25.84,25.84,0.0,,,24.195937629078898,24.517493876642167,25.40764814175585,24.853102129788454,24.547525242393853,24.393355450236967,24.35724534876486,23.663481982546244,,,,24.08593808193669,24.530903601229685,24.672943305186962,25.228650234741774,25.232651796778185,25.098643908667565,24.321168656259566,,24.706194247603168,,,"rgba(38, 166, 154, 1.0)",0.0,0.0,0.6096366662732426,24.338219995576225,2.4634017071254517,0.0,0.0,0.0,0.0,0.0,0.0,0.0,0.0,82.18778961639372,25.914839178876804,True,False,True,False,True,16.84146818789962,0,1.0248803827751198,0.9751196172248802,False,False,False,False,0.2918101034044229,0.19024854482656084,False,False,False,False,-387.0,-474.4425644559993,False,False,False,False,10.084114062053754,False,False,False,False
2025-06-25 17:00:00+00:00,25.84,25.84,25.84,25.84,0.0,,,24.195937629078898,24.517493876642167,25.40764814175585,24.853102129788454,24.547525242393853,24.393355450236967,24.35724534876486,23.663481982546244,,,,24.08593808193669,24.530903601229685,24.672943305186962,25.228650234741774,25.232651796778185,25.098643908667565,24.321168656259566,,24.706194247603168,,,"rgba(38, 166, 154, 1.0)",0.0,0.0,0.6313380756501653,24.338219995576225,2.3787255392084665,0.0,0.0,0.0,0.0,0.0,0.0,0.0,0.0,84.3592332948237,27.99481731659378,True,False,True,False,True,16.84146818789962,0,1.0248803827751198,0.9751196172248802,False,False,False,False,0.2918101034044229,0.24102932411549188,False,False,False,False,-387.0,-473.08686578226286,False,False,False,False,9.927771208378502,False,False,False,False
2025-06-25 18:00:00+00:00,25.84,25.84,25.84,25.84,0.0,,,24.195937629078898,24.517493876642167,25.40764814175585,24.853102129788454,24.547525242393853,24.393355450236967,24.35724534876486,23.663481982546244,,,,24.08593808193669,24.530903601229685,24.672943305186962,25.228650234741774,25.232651796778185,25.098643908667565,24.321168656259566,,24.706194247603168,,,"rgba(38, 166, 154, 1.0)",0.0,0.0,0.6521519954927021,24.338219995576225,2.3028067303377298,0.0,0.0,0.0,0.0,0.0,0.0,0.0,0.0,85.80686241377703,29.49372221672465,True,False,True,False,True,16.84146818789962,0,1.0248803827751198,0.9751196172248802,False,False,False,False,0.2918101034044229,0.26641971375995743,False,False,False,False,-387.0,-471.75218569261534,False,False,False,False,9.773852274915269,False,False,False,False
2025-06-25 19:00:00+00:00,25.84,25.84,24.445,25.05,535.0,,,24.561000993541978,24.67393208661417,25.36150883838385,24.87970955953068,24.602201992753628,24.459499426276537,24.42574762389681,23.754439813727792,,,,24.52459898747669,24.68224711803864,24.779973400212793,25.207427376511802,25.210754961659898,25.10004490917622,24.391890468227427,,24.74687074192137,,,"rgba(239, 83, 80, 1.0)",0.0,0.0,0.6518798665093503,24.977853717164543,0.11067420017400303,0.0,0.0,0.0,0.0,0.0,0.0,0.0,0.0,75.07456695699906,32.175594591893514,True,False,True,False,False,6.406597052034378,0,0.9370892018779345,1.044131455399061,False,False,False,False,0.13109586759359787,0.19875779067677765,False,False,False,False,-922.0,-478.7327719609469,False,False,False,False,17.916893324916582,False,False,False,False
2025-06-26 14:00:00+00:00,25.05,25.06,25.05,25.06,1.0,,,24.561370067014145,24.674120347597963,25.36142004078067,24.879743589743594,24.602284308398243,24.45960219124649,24.42585468635104,23.75459267519662,,,,24.525023961661347,24.682429406037,24.780099513825576,25.207376271186433,25.210702851989627,25.100036188178528,24.392001616229173,,24.74692882139733,,,"rgba(239, 83, 80, 1.0)",0.0,0.0,0.6517885994540457,24.977943922864505,0.12589369805520736,0.0,0.0,0.0,0.0,0.0,0.0,0.0,0.0,68.00633262197955,26.034390545199102,True,False,True,False,False,6.507114295323884,0,0.906474820143885,1.0928995933687833,False,False,False,False,0.11156051078407941,0.15515915073042852,False,False,False,False,-921.0,-485.5896282096144,False,False,False,False,17.654615909026404,False,False,False,False
2025-06-26 15:00:00+00:00,25.06,25.06,25.06,25.06,0.0,,,24.561370067014145,24.674120347597963,25.36142004078067,24.879743589743594,24.602284308398243,24.45960219124649,24.42585468635104,23.75459267519662,,,,24.525023961661347,24.682429406037,24.780099513825576,25.207376271186433,25.210702851989627,25.100036188178528,24.392001616229173,,24.74692882139733,,,"rgba(239, 83, 80, 1.0)",0.0,0.0,0.6516973127052736,24.977943922864505,0.12591133266281168,0.0,0.0,0.0,0.0,0.0,0.0,0.0,0.0,63.29417639863321,22.065627011786674,True,False,True,False,False,6.507114295323884,0,0.9071004066312167,1.0928995933687833,False,False,False,False,0.11267439624883921,0.13391677348963388,False,False,False,False,-921.0,-492.3401766094653,False,False,False,False,17.38090093369266,False,False,False,False
2025-06-26 16:00:00+00:00,25.06,25.15,25.06,25.15,1.0,,,24.561785714285715,24.674339560799734,25.361349737914978,24.879789784015898,24.602378063503565,24.45971581784813,24.42597245786676,23.7547529342723,,,,24.52549880287311,24.68264233576642,24.78025436598329,25.207346662148417,25.210672188415593,25.100040201005026,24.392123314387607,,24.746998750390503,,,"rgba(239, 83, 80, 1.0)",0.0,0.0,0.6603727312238384,24.978130750964603,0.26026097218896144,0.0,0.0,0.0,0.0,0.0,0.0,0.0,0.0,61.07511328694908,20.19338350830253,True,False,True,False,False,7.4349491573923245,0,0.9076205287713841,1.0867807153965785,False,False,False,False,0.12271224307125853,0.12831450828044622,False,False,False,False,-920.0,-498.97056146823326,False,False,False,False,17.126933477356342,False,False,False,False
2025-06-26 17:00:00+00:00,25.15,25.15,25.02,25.02,5.0,,,24.563644675067952,24.675293444498934,25.36091644858002,24.87996606479703,24.60279506664255,24.460234657039717,24.426512685765953,23.755520430107527,,,,24.527636459989402,24.683566343042067,24.78089772727272,25.20710306720793,25.21042355720553,25.100003346720214,24.392683870608543,,24.74729494382023,,,"rgba(239, 83, 80, 1.0)",0.0,0.0,0.6670819337279298,24.978627799589304,0.06201966852780759,0.0,0.0,0.0,0.0,0.0,0.0,0.0,0.0,57.91893882885154,17.210060236408594,False,False,True,False,False,5.821239142417138,0,0.9058932428262882,1.086084541808084,False,False,False,False,0.11824805844877917,0.12328128336461269,False,False,False,False,-925.0,-505.57566904236916,False,False,False,False,16.93891900483919,False,False,False,False
2025-06-26 18:00:00+00:00,25.02,25.02,25.02,25.02,0.0,,,24.563644675067952,24.675293444498934,25.36091644858002,24.87996606479703,24.60279506664255,24.460234657039717,24.426512685765953,23.755520430107527,,,,24.527636459989402,24.683566343042067,24.78089772727272,25.20710306720793,25.21042355720553,25.100003346720214,24.392683870608543,,24.74729494382023,,,"rgba(239, 83, 80, 1.0)",0.0,0.0,0.673600651601322,24.978627799589304,0.06141947801318594,0.0,0.0,0.0,0.0,0.0,0.0,0.0,0.0,55.814822523453174,15.055335464418079,False,False,True,False,False,5.821239142417138,0,0.9058932428262882,1.0941067571737118,False,False,False,False,0.13057794980694595,0.12692961658577934,False,False,False,False,-925.0,-512.0783718479138,False,False,False,False,16.676300105539354,False,False,False,False
2025-06-26 19:00:00+00:00,25.02,25.25,25.02,25.25,1.0,,,24.564096296296295,24.67553758169934,25.360861918604662,24.880022405735872,24.602898275446222,24.460357224704943,24.42663926553673,23.75568672296505,,,,24.528149324861,24.683803978651138,24.78107602604876,25.20709164693946,25.210411043634725,25.100018068660912,24.392814239590297,,24.747374711352435,,,"rgba(239, 83, 80, 1.0)",0.0,0.0,0.6841060320322799,24.97889313029588,0.3962936401813916,0.0,0.0,0.0,0.0,0.0,0.0,0.0,0.0,57.08804576536323,15.055335464418079,False,False,True,False,False,8.229112283852121,0,0.9266625233064016,1.0804847731510254,False,False,False,False,0.1646990012812022,0.1458143089334908,False,False,False,False,-924.0,-518.464753679729,False,False,False,False,16.43325669305037,False,False,False,False
2025-06-27 14:00:00+00:00,25.25,25.25,25.25,25.25,0.0,,,24.564096296296295,24.67553758169934,25.360861918604662,24.880022405735872,24.602898275446222,24.460357224704943,24.42663926553673,23.75568672296505,,,,24.528149324861,24.683803978651138,24.78107602604876,25.20709164693946,25.210411043634725,25.100018068660912,24.392814239590297,,24.747374711352435,,,"rgba(239, 83, 80, 1.0)",0.0,0.0,0.6941681651021812,24.97889313029588,0.39054926937511336,0.0,0.0,0.0,0.0,0.0,0.0,0.0,0.0,57.936861259969945,15.055335464418079,False,False,True,False,False,8.229112283852121,0,0.9471379418204567,1.0594307162965277,False,False,False,False,0.19278340364937074,0.16929885629143077,False,False,False,False,-924.0,-524.7521218397333,False,False,False,False,16.178477519514704,False,False,False,False
2025-06-27 15:00:00+00:00,25.25,25.25,25.25,25.25,0.0,,,24.564096296296295,24.67553758169934,25.360861918604662,24.880022405735872,24.602898275446222,24.460357224704943,24.42663926553673,23.75568672296505,,,,24.528149324861,24.683803978651138,24.78107602604876,25.20709164693946,25.210411043634725,25.100018068660912,24.392814239590297,,24.747374711352435,,,"rgba(239, 83, 80, 1.0)",0.0,0.0,0.7037479969727307,24.97889313029588,0.3852328828931998,0.0,0.0,0.0,0.0,0.0,0.0,0.0,0.0,58.502738256374414,15.055335464418079,False,False,True,False,False,8.229112283852121,0,0.9465020576131687,1.0655270655270654,False,False,False,False,0.19278340364937074,0.18104112997040075,False,False,False,False,-924.0,-530.9420114236134,False,False,False,False,15.927648410685018,False,False,False,False
2025-06-27 16:00:00+00:00,25.25,25.595,25.25,25.595,1.0,,,24.56477424130274,24.67593173281071,25.360896541703003,24.880137608806965,24.60305691203956,24.46053245116573,24.42681777099927,23.75588894101091,,,,24.528904761904762,24.68419010669253,24.78139343021495,25.20718390804597,25.21050196739741,25.10009433962264,24.392995770022825,,24.747511855734437,,,"rgba(239, 83, 80, 1.0)",0.0,0.0,0.7203665983621972,24.979621400472865,0.8542575418213988,0.0,0.0,0.0,0.0,0.0,0.0,0.0,0.0,62.39997335147135,15.055335464418079,False,False,True,False,True,11.73836211516501,0,0.9476456009913259,1.0309789343246591,False,False,False,False,0.23549546523678802,0.2082682976035944,False,False,False,False,-923.0,-537.0204298511543,False,False,False,False,15.696212001217033,False,False,False,False
2025-06-27 17:00:00+00:00,25.595,25.595,25.595,25.595,0.0,,,24.56477424130274,24.67593173281071,25.360896541703003,24.880137608806965,24.60305691203956,24.46053245116573,24.42681777099927,23.75588894101091,,,,24.528904761904762,24.68419010669253,24.78139343021495,25.20718390804597,25.21050196739741,25.10009433962264,24.392995770022825,,24.747511855734437,,,"rgba(239, 83, 80, 1.0)",0.0,0.0,0.7360634581435904,24.979621400472865,0.8360401439831919,0.0,0.0,0.0,0.0,0.0,0.0,0.0,0.0,64.99813008153598,15.055335464418079,True,False,True,False,True,11.73836211516501,0,0.9690210656753407,1.0309789343246591,False,False,False,False,0.2790687722298439,0.24366853491671914,False,False,False,False,-923.0,-543.004609233307,False,False,False,False,15.452859877167155,False,False,False,False
2025-06-27 18:00:00+00:00,25.595,25.595,25.595,25.595,0.0,,,24.56477424130274,24.67593173281071,25.360896541703003,24.880137608806965,24.60305691203956,24.46053245116573,24.42681777099927,23.75588894101091,,,,24.528904761904762,24.68419010669253,24.78139343021495,25.20718390804597,25.21050196739741,25.10009433962264,24.392995770022825,,24.747511855734437,,,"rgba(239, 83, 80, 1.0)",0.0,0.0,0.7508963832502222,24.979621400472865,0.8195253210083315,0.0,0.0,0.0,0.0,0.0,0.0,0.0,0.0,66.73023456824572,9.587516141687757,True,False,True,False,True,11.738362115165021,0,0.9690210656753407,1.0309789343246591,False,False,False,False,0.2790687722298439,0.26136865357328154,False,False,False,False,-923.0,-548.8960106405425,False,False,False,False,15.213280654265338,False,False,False,False
2025-06-27 19:00:00+00:00,25.595,27.51,25.595,26.27,457.0,,,25.04340062684366,25.00201561248999,25.48955960321533,25.00745189761695,24.744697627798207,24.606006479711077,24.572838943063864,23.893357450281986,,,,25.042445156280333,25.006057297869525,25.069607621912997,25.374614446071245,25.37714689265536,25.21421738064595,24.539421346571523,,24.882336034948562,,,"rgba(38, 166, 154, 1.0)",0.0,0.0,0.7837223090212141,25.575210275250054,0.8865253888429743,0.0,0.0,0.0,0.0,0.0,0.0,0.0,0.0,72.07320675182763,14.856892362291504,True,False,True,False,True,17.96915602527456,0,0.972306840210468,0.9216283577956244,False,False,False,False,0.34282823326885314,0.30209844342106734,False,False,False,False,-466.0,-547.6108011732472,False,False,False,False,22.062687155749597,False,False,False,False
2025-06-30 14:00:00+00:00,26.27,26.715,26.27,26.71,11.0,,,25.052602162360273,25.00886807493025,25.492585912850693,25.010470401691336,24.74803651825914,24.60943401728435,24.576279635735602,23.89662460626274,,,,25.05213734567901,25.012835309617916,25.075768414481892,25.378436466238558,25.380953005146125,25.216943730886847,24.542872076815865,,24.885521801491688,,,"rgba(38, 166, 154, 1.0)",0.0,0.0,0.8295066644133678,25.58466732944585,1.3566288480032807,0.0,0.0,0.0,0.0,0.0,0.0,0.0,0.0,76.99227477081467,19.52560473865526,True,False,True,False,True,20.0,0,1.0094594594594595,0.9664864864864864,False,False,False,False,0.3301925395291465,0.31614549147510695,False,False,False,False,-455.0,-546.1749747984682,False,False,False,False,21.89117262620309,False,False,False,False
2025-06-30 15:00:00+00:00,26.71,26.71,26.26,26.26,24.0,,,25.070278531379994,25.02214370311883,25.498184168149848,25.01636315789474,24.754661185849535,24.61628136058734,24.583163616455504,23.903312821081425,,,,25.07073820395738,25.02596450013051,25.08765466468695,25.385612560386463,25.388097097676205,25.222174521982705,24.549786298410744,,24.89179322363159,,,"rgba(38, 166, 154, 1.0)",0.0,0.0,0.8575547942989475,25.601477326354903,0.7679074013963642,0.0,0.0,0.0,0.0,0.0,0.0,0.0,0.0,74.08793125786957,19.52560473865526,True,False,True,False,True,15.658539643273485,0,1.0129835718071014,0.9674085850556438,False,False,False,False,0.32862028295011664,0.32238288721261177,False,False,False,False,-479.0,-545.1335023209725,False,False,False,False,21.923867624246455,False,False,False,False
2025-06-30 16:00:00+00:00,26.26,26.555,26.26,26.555,1.0,,,25.071030368763555,25.022709813207047,25.498427808845964,25.016615798397943,24.754943817115034,24.61657292986904,24.58345662600355,23.903595898004436,,,,25.071528807758124,25.026524461839525,25.088162646876924,25.385922920892483,25.38840611143242,25.222399999999997,24.550080479275948,,24.892061411025427,,,"rgba(38, 166, 154, 1.0)",0.0,0.0,0.8918922691781248,25.60220292166536,1.0682871813796964,0.0,0.0,0.0,0.0,0.0,0.0,0.0,0.0,73.5909582707568,19.52560473865526,True,False,True,False,False,17.959242203696515,0,1.0127837203235066,0.9718236368379858,False,False,False,False,0.3124635747351924,0.31742323097390207,False,False,False,False,-478.0,-544.0926728276241,False,False,False,False,21.599466575808524,False,False,False,False
2025-06-30 17:00:00+00:00,26.555,28.12,26.555,28.12,4.0,,,25.076500721500718,25.026769109535064,25.500560775351282,25.018425942156007,24.75683123133091,24.61846131517839,24.58534151297281,23.90523363622932,,,,25.077281350787324,25.030544483522206,25.09188279609731,25.388484322238288,25.39095946466396,25.224134574435723,24.551960376194888,,24.893915339384606,,,"rgba(38, 166, 154, 1.0)",0.0,0.0,0.9880734735782929,25.609008789980106,2.541300092721222,0.0,0.0,0.0,0.0,0.0,0.0,0.0,0.0,77.35401590757169,19.916227407466224,True,False,True,False,True,20.0,0,1.0260492040520985,0.8984563434635792,False,False,False,False,0.34282823714058114,0.3301257340572416,False,False,False,False,-474.0,-543.0059647217695,False,True,False,False,21.326606628896762,False,False,False,False
2025-06-30 18:00:00+00:00,28.12,28.555,26.01,26.67,309.0,,,25.363272291763252,25.24943624868282,25.61535515265678,25.124264216827406,24.87006629834255,24.7331934591195,24.700196809303716,24.0102896532019,,,,25.376567441110033,25.25117445374244,25.295943040780134,25.527209971661343,25.529224785644825,25.32312341626353,24.666846210448863,,25.003704727824772,,,"rgba(38, 166, 154, 1.0)",0.0,0.0,1.0196786368863509,25.996795406194824,0.660212511523089,0.0,0.0,0.0,0.0,1.0,0.0,28.555,808.0,70.85307131008214,19.916227407466224,True,False,True,False,False,13.3623777574023,0,0.9997851772287865,0.8908700322234155,False,False,False,False,0.3333565035752539,0.3317411188162478,False,False,False,False,-783.0,-546.7268024780211,False,False,False,False,25.786659239301464,False,False,False,False
2025-06-30 19:00:00+00:00,26.67,27.3,26.56,27.3,160.0,,,25.47997913969213,25.34542013080589,25.66756221163301,25.174256289817514,24.92384962791892,24.787905674281507,24.75502451337314,24.061578707117526,,,,25.497089697514223,25.346400814619102,25.38470012626262,25.58943722392116,25.59125922157211,25.369665713965475,24.72174742391565,,25.055692771084342,,,"rgba(38, 166, 154, 1.0)",0.0,0.0,1.0695294157577224,26.09939679697086,1.1225527651135765,0.0,0.0,0.0,0.0,0.0,0.0,0.0,0.0,68.41139144746782,26.336310274983077,False,False,True,False,False,16.98628390162726,0,1.0226941494899022,0.9464917759733498,False,False,False,False,0.2739226968210546,0.3028319078186512,False,False,False,False,-623.0,-547.9093326721603,False,False,False,False,27.867486227839425,False,False,False,False
2025-07-01 14:00:00+00:00,27.3,27.3,26.29,26.29,245.0,,,25.589635050741602,25.44194700697006,25.718073946689596,25.229691800384277,24.985747279920876,24.851987671882412,24.819500374953133,24.126114191825838,,,,25.609087414002424,25.442234952642824,25.47385389198163,25.650392180378976,25.65200510855682,25.419393670272882,24.786567592592593,,25.114427488682033,,,"rgba(38, 166, 154, 1.0)",0.0,0.0,1.0883740579828123,26.16156510919724,0.11800620371345383,0.0,0.0,0.0,0.0,0.0,0.0,0.0,0.0,62.644962912067086,20.925101697103045,False,True,True,False,False,8.915291801669518,0,1.0109890109890112,0.9486513486513485,False,False,False,False,0.25167206394619285,0.27725198588242206,False,False,False,False,-868.0,-552.8719786772431,False,False,False,False,31.233881790198502,False,False,False,False
2025-07-01 15:00:00+00:00,26.29,26.29,26.29,26.29,0.0,,,25.589635050741602,25.44194700697006,25.718073946689596,25.229691800384277,24.985747279920876,24.851987671882412,24.819500374953133,24.126114191825838,,,,25.609087414002424,25.442234952642824,25.47385389198163,25.650392180378976,25.65200510855682,25.419393670272882,24.786567592592593,,25.114427488682033,,,"rgba(38, 166, 154, 1.0)",0.0,0.0,1.1065364761149343,26.16156510919724,0.11606927884898556,0.0,0.0,0.0,0.0,0.0,0.0,0.0,0.0,58.80067722179993,17.36137979727441,False,True,True,False,False,8.915291801669518,0,1.0109890109890112,0.9890109890109889,False,False,False,False,0.1703819830241564,0.22381698445328924,False,False,False,False,-868.0,-557.7576844341851,False,False,False,False,30.749635560893097,False,False,False,False
2025-07-01 16:00:00+00:00,26.29,26.52,26.29,26.52,100.0,,,25.621704858502373,25.47182130071598,25.733336139169474,25.24830878969167,25.00705701754387,24.874306685367,24.842016084303943,24.149667954191234,,,,25.64153571891611,25.471914714892765,25.501450801783843,25.668966580776125,25.67051138135328,25.435664759786,24.809263013698633,,25.134402024149512,,,"rgba(38, 166, 154, 1.0)",0.0,0.0,1.127687580528917,26.173411490545462,0.3073444413495962,0.0,0.0,0.0,0.0,0.0,0.0,0.0,0.0,57.10679344040146,15.674017116877465,False,True,True,False,False,10.262133462436417,0,1.0108889328845774,0.980003959611958,False,False,False,False,0.18866174460008991,0.20623936452668956,False,False,False,False,-768.0,-561.0172552181513,False,False,False,False,31.823284621964522,False,False,False,False
2025-07-01 17:00:00+00:00,26.52,26.52,25.87,25.87,100.0,,,25.638539102099923,25.48963258014677,25.740618301731246,25.260974719242583,25.022613352545633,24.89107514983864,24.85903811086798,24.169158784463676,,,,25.658201048296515,25.489615606104223,25.517648307039387,25.67852712291141,25.680021328458245,25.44584780228374,24.82652522522523,,25.148503381213292,,,"rgba(239, 83, 80, 1.0)",0.0,0.0,1.1354334013974103,26.166042485806468,-0.26073082352705057,0.0,0.0,0.0,0.0,0.0,0.0,0.0,0.0,53.38182058847704,11.983026107727419,False,True,False,False,False,5.529220631838452,0,0.9944026249758735,0.98050569388149,False,False,False,False,0.1553664308967735,0.18080289771173153,False,False,False,False,-868.0,-565.7766776178698,False,False,False,False,32.88028796115887,False,False,False,False
2025-07-01 18:00:00+00:00,25.87,25.87,25.87,25.87,0.0,,,25.638539102099923,25.48963258014677,25.740618301731246,25.260974719242583,25.022613352545633,24.89107514983864,24.85903811086798,24.169158784463676,,,,25.658201048296515,25.489615606104223,25.517648307039387,25.67852712291141,25.680021328458245,25.44584780228374,24.82652522522523,,25.148503381213292,,,"rgba(239, 83, 80, 1.0)",0.0,0.0,1.1426159333612738,26.166042485806468,-0.2590918585701744,0.0,0.0,0.0,0.0,0.0,0.0,0.0,0.0,50.898505353860756,9.425742555178346,False,True,False,False,False,5.529220631838452,0,0.9944026249758735,1.0055973750241265,False,False,False,False,0.10447760696751258,0.14264025233962205,False,False,False,False,-868.0,-570.4623105230191,False,False,False,False,32.37051605478431,False,False,False,False
2025-07-01 19:00:00+00:00,25.87,26.56,25.68,26.56,10.0,,,25.64080507455507,25.491877046023486,25.741700260523793,25.262491828832903,25.024403357314153,24.89297513812155,24.860960575434763,24.171267256399947,,,,25.660470595548922,25.49184658819025,25.519715705216665,25.679870213899665,25.68135886912904,25.44712973085532,24.828468735942423,,25.150156735176697,,,"rgba(239, 83, 80, 1.0)",0.0,0.0,1.1616791124748018,26.166311228934788,0.33889631554664834,0.0,0.0,0.0,0.0,0.0,0.0,0.0,0.0,52.180828086452905,9.425742555178346,False,True,False,False,False,9.545251580662228,0,0.9874929998133285,0.9796527907410864,False,False,False,False,0.14356127424326456,0.1431007632914433,False,False,False,False,-858.0,-574.9202591970809,False,False,False,False,32.02368634850858,False,False,False,False
2025-07-02 14:00:00+00:00,26.56,26.56,26.56,26.56,0.0,,,25.64080507455507,25.491877046023486,25.741700260523793,25.262491828832903,25.024403357314153,24.89297513812155,24.860960575434763,24.171267256399947,,,,25.660470595548922,25.49184658819025,25.519715705216665,25.679870213899665,25.68135886912904,25.44712973085532,24.828468735942423,,25.150156735176697,,,"rgba(239, 83, 80, 1.0)",0.0,0.0,1.1794877190031112,26.166311228934788,0.3337794575749816,0.0,0.0,0.0,0.0,0.0,0.0,0.0,0.0,53.035709908181005,9.425742555178346,False,True,True,False,False,9.545251580662228,0,1.0203472092589136,0.9796527907410864,False,False,False,False,0.21350075130817348,0.17830075729980838,False,False,False,False,-858.0,-579.3090923878239,False,False,False,False,31.527195087291396,False,False,False,False
2025-07-02 15:00:00+00:00,26.56,26.56,26.56,26.56,0.0,,,25.64080507455507,25.491877046023486,25.741700260523793,25.262491828832903,25.024403357314153,24.89297513812155,24.860960575434763,24.171267256399947,,,,25.660470595548922,25.49184658819025,25.519715705216665,25.679870213899665,25.68135886912904,25.44712973085532,24.828468735942423,,25.150156735176697,,,"rgba(239, 83, 80, 1.0)",0.0,0.0,1.1960977919584213,26.166311228934788,0.32914430050122206,0.0,0.0,0.0,0.0,0.0,0.0,0.0,0.0,53.6056311226664,9.425742555178346,False,True,True,False,False,9.545251580662228,0,1.0413412078491142,0.9792341398361591,False,False,False,False,0.21350075130817348,0.19590075430399093,False,False,False,False,-858.0,-583.6298816531289,False,False,False,False,31.038401365007807,False,False,False,False
2025-07-02 16:00:00+00:00,26.56,26.56,26.56,26.56,0.0,,,25.64080507455507,25.491877046023486,25.741700260523793,25.262491828832903,25.024403357314153,24.89297513812155,24.860960575434763,24.171267256399947,,,,25.660470595548922,25.49184658819025,25.519715705216665,25.679870213899665,25.68135886912904,25.44712973085532,24.828468735942423,,25.150156735176697,,,"rgba(239, 83, 80, 1.0)",0.0,0.0,1.211558626854759,26.166311228934788,0.3249440533366827,0.0,0.0,0.0,0.0,0.0,0.0,0.0,0.0,53.98557859899,9.425742555178346,False,True,True,False,False,9.545251580662228,0,1.0413412078491142,0.9586587921508858,False,False,False,False,0.21350075130817348,0.2047007528060822,False,False,False,False,-858.0,-587.8836819375765,False,False,False,False,30.557185839968927,False,False,False,False
2025-07-02 17:00:00+00:00,26.56,26.56,26.56,26.56,0.0,,,25.64080507455507,25.491877046023486,25.741700260523793,25.262491828832903,25.024403357314153,24.89297513812155,24.860960575434763,24.171267256399947,,,,25.660470595548922,25.49184658819025,25.519715705216665,25.679870213899665,25.68135886912904,25.44712973085532,24.828468735942423,,25.150156735176697,,,"rgba(239, 83, 80, 1.0)",0.0,0.0,1.2259137059411225,26.166311228934788,0.3211390566540568,0.0,0.0,0.0,0.0,0.0,0.0,0.0,0.0,54.23887691653907,9.425742555178346,False,True,True,False,False,9.545251580662228,0,1.0413412078491142,0.9586587921508858,False,False,False,False,0.21350075130817348,0.20910075205712783,False,False,False,False,-858.0,-592.0715318300172,False,False,False,False,30.0834310207446,False,False,False,False
2025-07-02 18:00:00+00:00,26.56,27.0,26.56,27.0,10.0,,,25.64516355140187,25.495798291090626,25.743981937602634,25.264888035346686,25.027031130268202,24.89567908045977,24.8636779414439,24.173960634665594,,,,25.664903381642514,25.49574434583452,25.523386549224696,25.682543859649115,25.684024871094927,25.44932246998284,24.83119766397125,,25.152671391308626,,,"rgba(239, 83, 80, 1.0)",0.0,0.0,1.248438130531765,26.22295934160571,0.6224102255378211,0.0,0.0,0.0,0.0,0.0,0.0,0.0,0.0,56.787606191952726,9.425742555178346,False,True,True,False,True,12.11002786617492,0,1.0406595465617388,0.942851789394791,False,False,False,False,0.24921514422480925,0.22915794814096854,False,False,False,False,-848.0,-596.0394150574588,False,False,False,False,29.772059997167165,False,False,False,False
2025-07-02 19:00:00+00:00,27.0,27.0,27.0,27.0,0.0,,,25.64516355140187,25.495798291090626,25.743981937602634,25.264888035346686,25.027031130268202,24.89567908045977,24.8636779414439,24.173960634665594,,,,25.664903381642514,25.49574434583452,25.523386549224696,25.682543859649115,25.684024871094927,25.44932246998284,24.83119766397125,,25.152671391308626,,,"rgba(239, 83, 80, 1.0)",0.0,0.0,1.2693452877209346,26.22295934160571,0.612158619022757,0.0,0.0,0.0,0.0,0.0,0.0,0.0,0.0,58.4867590422285,9.425742555178346,False,True,True,False,True,12.11002786617492,0,1.057148210605209,0.942851789394791,False,False,False,False,0.2855637876289987,0.25736086788498364,False,False,False,False,-848.0,-599.9457807154827,False,False,False,False,29.310477671629688,False,False,False,False
2025-07-03 14:00:00+00:00,25.33,25.33,25.33,25.33,0.0,,,25.64516355140187,25.495798291090626,25.743981937602634,25.264888035346686,25.027031130268202,24.89567908045977,24.8636779414439,24.173960634665594,,,,25.664903381642514,25.49574434583452,25.523386549224696,25.682543859649115,25.684024871094927,25.44932246998284,24.83119766397125,,25.152671391308626,,,"rgba(239, 83, 80, 1.0)",0.0,0.0,1.2679004138572327,26.22295934160571,-0.704281922969905,0.0,0.0,0.0,0.0,0.0,0.0,0.0,0.0,50.72620031051707,6.517448956228982,False,True,False,False,False,0.4295294876702975,0,1.0537824016928232,0.9462175983071768,False,False,False,False,0.02097682899837377,0.1391688484416787,False,False,False,False,-848.0,-603.7915825648549,False,False,False,False,28.856051661216824,False,False,False,False
2025-07-03 15:00:00+00:00,25.33,25.33,25.33,25.33,0.0,,,25.64516355140187,25.495798291090626,25.743981937602634,25.264888035346686,25.027031130268202,24.89567908045977,24.8636779414439,24.173960634665594,,,,25.664903381642514,25.49574434583452,25.523386549224696,25.682543859649115,25.684024871094927,25.44932246998284,24.83119766397125,,25.152671391308626,,,"rgba(239, 83, 80, 1.0)",0.0,0.0,1.2662785868280888,26.22295934160571,-0.7051839546955391,0.0,0.0,0.0,0.0,0.0,0.0,0.0,0.0,45.552494489376116,1.8611157382739307,False,True,False,True,False,0.4295294876702975,0,1.0542029500622,0.953616491913986,False,False,False,False,0.02097682899837377,0.08007283872002624,False,False,False,False,-848.0,-607.5777595793533,False,False,False,False,28.408671015306485,False,False,False,False
2025-07-03 16:00:00+00:00,25.33,25.33,25.33,25.33,0.0,,,25.64516355140187,25.495798291090626,25.743981937602634,25.264888035346686,25.027031130268202,24.89567908045977,24.8636779414439,24.173960634665594,,,,25.664903381642514,25.49574434583452,25.523386549224696,25.682543859649115,25.684024871094927,25.44932246998284,24.83119766397125,,25.152671391308626,,,"rgba(239, 83, 80, 1.0)",0.0,0.0,1.2558362921944384,26.22295934160571,-0.7110475681869013,0.0,0.0,0.0,0.0,0.0,0.0,0.0,0.0,42.10335727528215,-1.1643341383275683,False,True,False,True,False,0.4295294876702975,0,1.046383508086014,0.953616491913986,False,False,False,False,0.02097682899837377,0.05052483385920001,False,False,False,False,-848.0,-611.3052361750222,False,False,False,False,27.96822650344127,False,False,False,False
2025-07-03 17:00:00+00:00,25.33,25.33,25.33,25.33,0.0,,,25.64516355140187,25.495798291090626,25.743981937602634,25.264888035346686,25.027031130268202,24.89567908045977,24.8636779414439,24.173960634665594,,,,25.664903381642514,25.49574434583452,25.523386549224696,25.682543859649115,25.684024871094927,25.44932246998284,24.83119766397125,,25.152671391308626,,,"rgba(239, 83, 80, 1.0)",0.0,0.0,1.2448111474407173,26.22295934160571,-0.7173452321997593,0.0,0.0,0.0,0.0,0.0,0.0,0.0,0.0,39.80393246588617,-3.2319489142443842,False,True,False,True,False,0.4295294876702975,0,1.046383508086014,0.953616491913986,False,False,False,False,0.02097682899837377,0.03575083142878689,False,False,False,False,-848.0,-614.9749224358745,False,False,False,False,27.534610588659234,False,False,False,False
2025-07-03 18:00:00+00:00,25.33,25.33,25.33,25.33,0.0,,,25.64516355140187,25.495798291090626,25.743981937602634,25.264888035346686,25.027031130268202,24.89567908045977,24.8636779414439,24.173960634665594,,,,25.664903381642514,25.49574434583452,25.523386549224696,25.682543859649115,25.684024871094927,25.44932246998284,24.83119766397125,,25.152671391308626,,,"rgba(239, 83, 80, 1.0)",0.0,0.0,1.2414991954295156,26.22295934160571,-0.7192588967379695,0.0,0.0,0.0,0.0,0.0,0.0,0.0,0.0,38.27098259295552,-4.741810123250076,False,True,False,True,False,0.4295294876702975,0,1.046383508086014,0.953616491913986,False,False,False,False,0.02097682899837377,0.02836383021358033,False,False,False,False,-848.0,-618.5877143360934,False,False,False,False,27.10771740123816,False,False,False,False
2025-07-03 19:00:00+00:00,25.33,25.33,25.33,25.33,0.0,,,25.64516355140187,25.495798291090626,25.743981937602634,25.264888035346686,25.027031130268202,24.89567908045977,24.8636779414439,24.173960634665594,,,,25.664903381642514,25.49574434583452,25.523386549224696,25.682543859649115,25.684024871094927,25.44932246998284,24.83119766397125,,25.152671391308626,,,"rgba(239, 83, 80, 1.0)",0.0,0.0,1.2379653097352894,26.22295934160571,-0.7213120873287227,0.0,0.0,0.0,0.0,0.0,0.0,0.0,0.0,37.24901601100175,-5.926291593448276,False,True,False,True,False,0.4295294876702975,0,1.046383508086014,0.953616491913986,False,False,False,False,0.02097682899837377,0.02467032960597705,False,False,False,False,-848.0,-622.1444939587896,False,False,False,False,26.687442712846867,False,False,False,False
2025-07-04 14:00:00+00:00,25.33,25.33,25.33,25.33,0.0,,,25.64516355140187,25.495798291090626,25.743981937602634,25.264888035346686,25.027031130268202,24.89567908045977,24.8636779414439,24.173960634665594,,,,25.664903381642514,25.49574434583452,25.523386549224696,25.682543859649115,25.684024871094927,25.44932246998284,24.83119766397125,,25.152671391308626,,,"rgba(239, 83, 80, 1.0)",0.0,0.0,1.234207583982631,26.22295934160571,-0.7235082276226532,0.0,0.0,0.0,0.0,0.0,0.0,0.0,0.0,36.5677049563659,-6.916468766918975,False,True,False,True,False,0.4295294876702975,0,1.046383508086014,0.953616491913986,False,False,False,False,0.02097682899837377,0.02282357930217541,False,False,False,False,-848.0,-625.6461297113664,False,False,False,False,26.2736839110973,False,False,False,False
2025-07-04 15:00:00+00:00,25.33,25.33,25.33,25.33,0.0,,,25.64516355140187,25.495798291090626,25.743981937602634,25.264888035346686,25.027031130268202,24.89567908045977,24.8636779414439,24.173960634665594,,,,25.664903381642514,25.49574434583452,25.523386549224696,25.682543859649115,25.684024871094927,25.44932246998284,24.83119766397125,,25.152671391308626,,,"rgba(239, 83, 80, 1.0)",0.0,0.0,1.230223967011248,26.22295934160571,-0.7258510365190648,0.0,0.0,0.0,0.0,0.0,0.0,0.0,0.0,36.11349758660867,-7.783562766823387,False,True,False,True,False,0.4295294876702975,0,1.1069749952998684,0.9509306260575294,False,False,False,False,0.02097682899837377,0.02190020415027459,False,False,False,False,-848.0,-629.0934765375467,False,False,False,False,25.86633997449114,False,False,False,False
2025-07-04 16:00:00+00:00,25.33,25.33,25.33,25.33,0.0,,,25.64516355140187,25.495798291090626,25.743981937602634,25.264888035346686,25.027031130268202,24.89567908045977,24.8636779414439,24.173960634665594,,,,25.664903381642514,25.49574434583452,25.523386549224696,25.682543859649115,25.684024871094927,25.44932246998284,24.83119766397125,,25.152671391308626,,,"rgba(239, 83, 80, 1.0)",0.0,0.0,1.2232288243646976,26.22295934160571,-0.7300018801220468,0.0,0.0,0.0,0.0,0.0,0.0,0.0,0.0,35.81069267343719,-8.564452217834642,False,True,False,True,False,0.4295294876702975,0,1.1058601134215502,0.8996219281663516,False,False,False,False,0.02097682899837377,0.02143851657432418,False,False,False,False,-848.0,-632.4873761261118,False,False,False,False,25.465311447754843,False,False,False,False
2025-07-04 17:00:00+00:00,25.33,25.33,25.33,25.33,0.0,,,25.64516355140187,25.495798291090626,25.743981937602634,25.264888035346686,25.027031130268202,24.89567908045977,24.8636779414439,24.173960634665594,,,,25.664903381642514,25.49574434583452,25.523386549224696,25.682543859649115,25.684024871094927,25.44932246998284,24.83119766397125,,25.152671391308626,,,"rgba(239, 83, 80, 1.0)",0.0,0.0,1.2009151915506693,26.22295934160571,-0.7435656971352704,0.0,0.0,0.0,0.0,0.0,0.0,0.0,0.0,35.60882273132286,-9.277103474304113,False,True,False,True,False,0.4295294876702975,0,1.1066539923954375,0.8990494296577946,False,False,False,False,0.02097682899837377,0.021207672786348976,False,False,False,False,-848.0,-635.8286571164047,False,False,False,False,25.070500417557092,False,False,False,False
2025-07-04 18:00:00+00:00,25.33,25.33,25.33,25.33,0.0,,,25.64516355140187,25.495798291090626,25.743981937602634,25.264888035346686,25.027031130268202,24.89567908045977,24.8636779414439,24.173960634665594,,,,25.664903381642514,25.49574434583452,25.523386549224696,25.682543859649115,25.684024871094927,25.44932246998284,24.83119766397125,,25.152671391308626,,,"rgba(239, 83, 80, 1.0)",0.0,0.0,1.1773837694398646,26.22295934160571,-0.7584267464724199,0.0,0.0,0.0,0.0,0.0,0.0,0.0,0.0,35.47424276991331,-9.929688432534917,False,True,False,True,False,0.4295294876702975,0,1.1042103257763385,0.8978853114879023,False,False,False,False,0.02097682899837377,0.021092250892361372,False,False,False,False,-848.0,-639.1181353006464,False,False,True,False,24.681810488602718,False,False,False,False
2025-07-04 19:00:00+00:00,25.33,25.33,25.33,25.33,0.0,,,25.64516355140187,25.495798291090626,25.743981937602634,25.264888035346686,25.027031130268202,24.89567908045977,24.8636779414439,24.173960634665594,,,,25.664903381642514,25.49574434583452,25.523386549224696,25.682543859649115,25.684024871094927,25.44932246998284,24.83119766397125,,25.152671391308626,,,"rgba(239, 83, 80, 1.0)",0.0,0.0,1.1525599708849732,26.22295934160571,-0.7747617166680419,0.0,0.0,0.0,0.0,0.0,0.0,0.0,0.0,35.38452279564028,-10.525802359248324,False,True,False,True,False,0.4295294876702975,0,1.1063992359121302,0.8962750716332376,False,False,False,False,0.02097682899837377,0.02103453994536757,False,False,False,False,-848.0,-642.356613823117,False,False,True,False,24.299146760097248,False,False,False,False
2025-07-07 14:00:00+00:00,26.54,26.54,26.54,26.54,0.0,,,25.64516355140187,25.495798291090626,25.743981937602634,25.264888035346686,25.027031130268202,24.89567908045977,24.8636779414439,24.173960634665594,,,,25.664903381642514,25.49574434583452,25.523386549224696,25.682543859649115,25.684024871094927,25.44932246998284,24.83119766397125,,25.152671391308626,,,"rgba(38, 166, 154, 1.0)",0.0,0.0,1.1372332872148236,26.22295934160571,0.27878242921533614,0.0,0.0,0.0,0.0,0.0,0.0,0.0,0.0,47.465854151581894,-7.344274705757371,False,True,False,False,True,8.644838810735166,0,1.0993595608417202,0.9028362305580969,False,False,False,False,0.2102817227019224,0.115658131323645,False,False,False,False,-848.0,-645.5448833762468,False,False,False,False,23.92241580257636,False,False,False,False
2025-07-07 15:00:00+00:00,26.54,26.54,26.54,26.54,0.0,,,25.64516355140187,25.495798291090626,25.743981937602634,25.264888035346686,25.027031130268202,24.89567908045977,24.8636779414439,24.173960634665594,,,,25.664903381642514,25.49574434583452,25.523386549224696,25.682543859649115,25.684024871094927,25.44932246998284,24.83119766397125,,25.152671391308626,,,"rgba(38, 166, 154, 1.0)",0.0,0.0,1.1197389818110608,26.22295934160571,0.2831380022882748,0.0,0.0,0.0,0.0,0.0,0.0,0.0,0.0,55.52007505554296,-0.36416130572467154,False,False,True,False,True,8.644838810735166,0,1.0993080231905743,0.9227604264073311,False,False,False,False,0.2102817227019224,0.1629699270127837,False,False,False,False,-848.0,-648.6837223936693,False,False,False,False,23.551525635094556,False,False,False,False
2025-07-07 16:00:00+00:00,26.54,26.54,25.94,25.94,1.0,,26.14,25.645341358246498,25.49598377963336,25.74406320541761,25.265019829317268,25.027191016616392,24.89585068726153,24.863851993272423,24.174158047996787,,,26.14,25.665079866270432,25.495928734974235,25.523556228215003,25.682648063781315,25.684128572511554,25.449430152790764,24.831374028657414,,25.152817143981895,,,"rgba(38, 166, 154, 1.0)",0.0,0.0,1.1049951367549706,26.225962625593574,-0.2587908453908285,0.0,0.0,0.0,0.0,0.0,0.0,0.0,0.0,54.66301826284071,-0.36416130572467154,False,False,True,False,True,4.143065387401457,0,1.0548689138576781,0.9226591760299625,False,False,False,False,0.16246999403031584,0.16271996052154977,False,False,False,False,-849.0,-651.789401116248,False,False,False,False,23.201889578736502,False,False,False,False
2025-07-07 17:00:00+00:00,25.94,25.94,25.94,25.94,0.0,,26.14,25.645341358246498,25.49598377963336,25.74406320541761,25.265019829317268,25.027191016616392,24.89585068726153,24.863851993272423,24.174158047996787,,,26.14,25.665079866270432,25.495928734974235,25.523556228215003,25.682648063781315,25.684128572511554,25.449430152790764,24.831374028657414,,25.152817143981895,,,"rgba(38, 166, 154, 1.0)",0.0,0.0,1.0891072962305353,26.225962625593574,-0.2625660727674,0.0,0.0,0.0,0.0,0.0,0.0,0.0,0.0,54.09164706770587,-0.36416130572467154,False,False,True,False,False,4.143065387401457,0,1.0548689138576781,0.945131086142322,False,False,False,False,0.11538396618745954,0.13905196335450465,False,False,False,False,-849.0,-654.8469297811123,False,False,False,False,22.842170360461516,False,False,False,False
2025-07-07 18:00:00+00:00,25.94,25.94,25.94,25.94,0.0,,26.14,25.645341358246498,25.49598377963336,25.74406320541761,25.265019829317268,25.027191016616392,24.89585068726153,24.863851993272423,24.174158047996787,,,26.14,25.665079866270432,25.495928734974235,25.523556228215003,25.682648063781315,25.684128572511554,25.449430152790764,24.831374028657414,,25.152817143981895,,,"rgba(38, 166, 154, 1.0)",0.0,0.0,1.0720245980100562,26.225962625593574,-0.2667500597695152,0.0,0.0,0.0,0.0,0.0,0.0,0.0,0.0,53.71073293761598,-0.36416130572467154,False,False,True,False,False,4.143065387401457,0,1.0616283452695063,0.9447794949114209,False,False,False,False,0.11538396618745954,0.1272179647709821,False,False,False,False,-849.0,-657.8570549007849,False,False,False,False,22.48802818433033,False,False,False,False
2025-07-07 19:00:00+00:00,25.94,25.94,25.64,25.765,2.0,,25.90111111111111,25.645439257929386,25.496148201438846,25.744078632478637,25.265175398976208,25.02740772655465,24.89609494921642,24.864102249488752,24.17448080848643,,,25.90111111111111,25.66516641920317,25.496092200610217,25.523698203153646,25.682693154219788,25.684172918087437,25.449533717788853,24.831630068705376,,25.15300275482094,,,"rgba(239, 83, 80, 1.0)",0.0,0.0,1.052590112981226,26.022023867002428,-0.24418229264425143,0.0,0.0,0.0,0.0,0.0,0.0,0.0,0.0,51.73212471022086,-0.36416130572467154,False,True,False,False,False,2.8447435912627412,0,1.0500374812593705,0.9443403298350823,False,False,False,False,0.09204329820237259,0.10963063148667734,False,False,False,False,-851.0,-660.8515191658889,False,False,False,False,22.170384336511255,False,False,False,False
2025-07-08 14:00:00+00:00,25.765,26.8,25.35,26.09,204.0,,26.07740740740741,25.675098137615706,25.528522696384886,25.757571044168806,25.289455886649137,25.05736849448863,24.928482857270577,24.897003581376843,24.212722413510413,,,26.07740740740741,25.69436795491144,25.528286036036032,25.55325173611111,25.70032818392805,25.70171554783112,25.468961983887205,24.865020322538353,,25.180095510983765,,,"rgba(239, 83, 80, 1.0)",0.0,0.0,1.0342030399915736,26.11525414174565,-0.02441893977207242,0.0,0.0,0.0,0.0,0.0,0.0,0.0,0.0,53.36454287175062,-0.36416130572467154,False,False,True,False,False,5.020253579862448,0,1.0321537632477098,0.9263517154661397,False,False,False,False,0.13649741457929646,0.1230640230329869,False,False,False,False,-647.0,-660.6367669307589,False,False,False,False,24.98944814524751,False,False,False,False
2025-07-08 15:00:00+00:00,26.09,26.43,26.09,26.43,2.0,,26.079696969696972,25.67552713696646,25.528950919134292,25.757791117234145,25.289755889797505,25.057719812154186,24.92885507440676,24.897380099898335,24.213136290613424,,,26.079696969696972,25.694797126436786,25.528711957500448,25.553649141072356,25.700596273742203,25.70198262757871,25.469218010671494,24.865400882597108,,25.180421082784303,,,"rgba(38, 166, 154, 1.0)",0.0,0.0,1.0180813610205925,26.117338309964495,0.3071087459278026,0.0,0.0,0.0,0.0,0.0,0.0,0.0,0.0,56.857687638856184,0.75868323537442,False,False,True,False,True,7.202366022412846,0,1.0586441893830705,0.93974175035868,False,False,False,False,0.16563231640256126,0.1443481697177741,False,False,False,False,-645.0,-660.3943364357083,False,False,False,False,24.633022592608015,False,False,False,False
2025-07-08 16:00:00+00:00,26.43,26.43,26.43,26.43,0.0,,26.079696969696972,25.67552713696646,25.528950919134292,25.757791117234145,25.289755889797505,25.057719812154186,24.92885507440676,24.897380099898335,24.213136290613424,,,26.079696969696972,25.694797126436786,25.528711957500448,25.553649141072356,25.700596273742203,25.70198262757871,25.469218010671494,24.865400882597108,,25.180421082784303,,,"rgba(38, 166, 154, 1.0)",0.0,0.0,1.000207185744183,26.117338309964495,0.3125969244090916,0.0,0.0,0.0,0.0,0.0,0.0,0.0,0.0,59.186450816926566,3.105339630631491,True,False,True,False,True,7.202366022412846,0,1.070480631276901,0.9295193687230989,False,False,False,False,0.19265173815108771,0.1684999539344309,False,False,False,False,-645.0,-660.1556645529841,False,False,False,False,24.251115265590837,False,False,False,False
2025-07-08 17:00:00+00:00,26.43,26.43,26.0,26.0,1.0,,26.080000000000002,25.675683489304813,25.52911778019192,25.75786698150335,25.289880517837155,25.057871222687126,24.929017873100985,24.89754530186511,24.21332612116444,,,26.080000000000002,25.694951740779043,25.528877936807987,25.553802584786187,25.70069254185692,25.70207844840063,25.469319794654986,24.865568370467454,,25.18055897656213,,,"rgba(38, 166, 154, 1.0)",0.0,0.0,0.9762868615503951,26.117583638872706,-0.1204396407485978,0.0,0.0,0.0,0.0,0.0,0.0,0.0,0.0,56.26403432515862,3.105339630631491,False,False,True,False,False,3.960091444929912,0,1.0542211232779937,0.9305898975626987,False,False,False,False,0.15852160831927833,0.16351078112685463,False,False,False,False,-646.0,-659.936196885496,False,False,False,False,23.890632858372374,False,False,False,False
2025-07-08 18:00:00+00:00,26.0,26.0,26.0,26.0,0.0,,26.080000000000002,25.675683489304813,25.52911778019192,25.75786698150335,25.289880517837155,25.057871222687126,24.929017873100985,24.89754530186511,24.21332612116444,,,26.080000000000002,25.694951740779043,25.528877936807987,25.553802584786187,25.70069254185692,25.70207844840063,25.469319794654986,24.865568370467454,,25.18055897656213,,,"rgba(38, 166, 154, 1.0)",0.0,0.0,0.9506285260786564,26.117583638872706,-0.12369041707357367,0.0,0.0,0.0,0.0,0.0,0.0,0.0,0.0,54.31575666397999,3.105339630631491,False,False,True,False,False,3.960091444929912,0,1.0542211232779937,0.9457788767220063,False,False,False,False,0.1247539778088203,0.14413237946783747,False,False,False,False,-646.0,-659.7201318175038,False,False,False,False,23.520235449715436,False,False,False,False
2025-07-08 19:00:00+00:00,26.0,26.0,25.31,25.73,26.0,,26.035932203389834,25.675720675944333,25.53017574613448,25.757470634299146,25.291355878787876,25.06011904761905,24.931626146584737,24.90023343904158,24.217066902099273,,,26.035932203389834,25.694818927229246,25.529931617055503,25.55465064185405,25.70057621621621,25.70195451928612,25.47014363062114,24.868334204110067,25.680000000000003,25.18241166119751,,,"rgba(38, 166, 154, 1.0)",0.0,0.0,0.9219160032871765,26.01587166455929,-0.3100842848372151,0.0,0.0,0.0,0.0,0.0,-1.0,25.31,837.0,50.610589637335345,6.813593830741766,False,True,False,False,False,1.975098874133291,0,1.0291379310344828,0.9470689655172414,False,False,True,False,0.07112258664048698,0.10762748305416223,False,False,False,False,-672.0,-659.9105173707208,False,False,False,False,23.558681411735353,False,False,False,False
2025-07-09 14:00:00+00:00,25.7,25.7,25.7,25.7,0.0,,26.035932203389834,25.675720675944333,25.53017574613448,25.757470634299146,25.291355878787876,25.06011904761905,24.931626146584737,24.90023343904158,24.217066902099273,,,26.035932203389834,25.694818927229246,25.529931617055503,25.55465064185405,25.70057621621621,25.70195451928612,25.47014363062114,24.868334204110067,25.680000000000003,25.18241166119751,,,"rgba(38, 166, 154, 1.0)",0.0,0.0,0.8912656857090406,26.01587166455929,-0.3544079724195814,0.0,0.0,0.0,0.0,0.0,0.0,0.0,0.0,47.88728690195971,4.185052766021492,False,True,False,True,False,1.7563243100929817,0,1.0415087840165347,0.9564243885635549,False,False,False,False,0.07808835561615589,0.09285791933515905,False,False,False,False,-672.0,-660.0979512099344,False,False,False,False,23.193430537134805,False,False,False,False
2025-07-09 15:00:00+00:00,25.7,25.7,25.7,25.7,0.0,,26.035932203389834,25.675720675944333,25.53017574613448,25.757470634299146,25.291355878787876,25.06011904761905,24.931626146584737,24.90023343904158,24.217066902099273,,,26.035932203389834,25.694818927229246,25.529931617055503,25.55465064185405,25.70057621621621,25.70195451928612,25.47014363062114,24.868334204110067,25.680000000000003,25.18241166119751,,,"rgba(38, 166, 154, 1.0)",0.0,0.0,0.8585535290021501,26.01587166455929,-0.36791143928603887,0.0,0.0,0.0,0.0,0.0,0.0,0.0,0.0,46.07175174504262,2.3598079594530716,False,True,False,True,False,1.7563243100929817,0,1.0629284584285463,0.9555282123396027,False,False,False,False,0.07808835561615589,0.08547313747565746,False,False,False,False,-672.0,-660.2824790981525,False,False,False,False,22.83384246679163,False,False,False,False
2025-07-09 16:00:00+00:00,25.7,25.7,25.7,25.7,0.0,,26.035932203389834,25.675720675944333,25.53017574613448,25.757470634299146,25.291355878787876,25.06011904761905,24.931626146584737,24.90023343904158,24.217066902099273,,,26.035932203389834,25.694818927229246,25.529931617055503,25.55465064185405,25.70057621621621,25.70195451928612,25.47014363062114,24.868334204110067,25.680000000000003,25.18241166119751,,,"rgba(38, 166, 154, 1.0)",0.0,0.0,0.8285082219711264,26.01587166455929,-0.38125350622084364,0.0,0.0,0.0,0.0,0.0,0.0,0.0,0.0,44.86139497376456,1.0127504409495458,False,True,False,True,False,1.7563243100929817,0,1.0632397102985338,0.9346405228758169,False,False,False,False,0.07808835561615589,0.08178074654590667,False,False,False,False,-672.0,-660.4641460888788,False,False,False,False,22.479829405290985,False,False,False,False
2025-07-09 17:00:00+00:00,25.7,25.7,25.55,25.55,18.0,,26.00503937007874,25.675271739130434,25.530513061370545,25.756917674600082,25.292161855021998,25.061466130671846,24.933229388770435,24.901893839528956,24.219504504504503,,,26.00503937007874,25.694239388794568,25.530268214571652,25.554860646599774,25.70018630195993,25.701559856630816,25.47049422528873,24.870050386586744,25.64727272727273,25.183481333902566,,,"rgba(239, 83, 80, 1.0)",0.0,0.0,0.796558769880639,25.984764862248298,-0.5458038737222677,0.0,0.0,0.0,0.0,0.0,0.0,0.0,0.0,42.48067742117315,-1.4634380532944178,False,True,False,True,False,0.6146446483919412,0,1.0576348620629064,0.9349850641363556,False,False,False,False,0.06648260718818506,0.07413167686704586,False,False,False,False,-690.0,-660.9220663045551,False,False,False,False,22.410374685829108,False,False,False,False
2025-07-09 18:00:00+00:00,25.55,25.55,25.55,25.55,0.0,,26.00503937007874,25.675271739130434,25.530513061370545,25.756917674600082,25.292161855021998,25.061466130671846,24.933229388770435,24.901893839528956,24.219504504504503,,,26.00503937007874,25.694239388794568,25.530268214571652,25.554860646599774,25.70018630195993,25.701559856630816,25.47049422528873,24.870050386586744,25.64727272727273,25.183481333902566,,,"rgba(239, 83, 80, 1.0)",0.0,0.0,0.7624647798688299,25.984764862248298,-0.570209764079977,0.0,0.0,0.0,0.0,0.0,0.0,0.0,0.0,40.89353238611221,-3.1952053685281925,False,True,False,True,False,0.6146446483919412,0,1.0576348620629064,0.940256545422597,False,False,False,False,0.05489471524235474,0.0645131960547003,False,False,False,False,-690.0,-661.3728869820038,False,False,False,False,22.06292701628137,False,False,False,False
2025-07-09 19:00:00+00:00,25.55,25.55,25.55,25.55,0.0,,26.00503937007874,25.675271739130434,25.530513061370545,25.756917674600082,25.292161855021998,25.061466130671846,24.933229388770435,24.901893839528956,24.219504504504503,,,26.00503937007874,25.694239388794568,25.530268214571652,25.554860646599774,25.70018630195993,25.701559856630816,25.47049422528873,24.870050386586744,25.64727272727273,25.183481333902566,,,"rgba(239, 83, 80, 1.0)",0.0,0.0,0.7418150494344596,25.984764862248298,-0.5860825586913483,0.0,0.0,0.0,0.0,0.0,0.0,0.0,0.0,39.835435696071585,-4.4765011386897555,False,True,False,True,False,0.6146446483919412,0,1.0666312245259613,0.9397483608009922,False,False,False,False,0.05489471524235474,0.05970395564852751,False,False,False,False,-690.0,-661.8167181915851,False,False,False,False,21.720866132308014,False,False,False,False
2025-07-10 14:00:00+00:00,25.55,26.18,25.55,26.18,100.0,,25.995141242937855,25.684669961734695,25.541999912876804,25.760995024875626,25.30185495018828,25.073887977394953,24.946863931264247,24.91579061497094,24.236479829325056,,,25.995141242937855,25.703295566502465,25.541698726280213,25.565272970487413,25.705874973645365,25.707211228070168,25.477875720407855,24.88419946831318,25.871388888888887,25.194517094616717,,,"rgba(239, 83, 80, 1.0)",0.0,0.0,0.71311322275523,25.988930494692326,0.2679371230411985,0.0,0.0,0.0,0.0,0.0,0.0,0.0,0.0,47.4237029661427,-8.652816988216124,False,True,False,False,True,5.244621884834107,0,1.0651759403709482,0.9109031027907782,False,False,False,False,0.10369955844874364,0.08170175704863558,False,False,False,False,-590.0,-660.7032807002427,False,False,False,False,22.93449611475285,False,False,False,False
2025-07-10 15:00:00+00:00,26.18,26.18,26.18,26.18,0.0,,25.995141242937855,25.684669961734695,25.541999912876804,25.760995024875626,25.30185495018828,25.073887977394953,24.946863931264247,24.91579061497094,24.236479829325056,,,25.995141242937855,25.703295566502465,25.541698726280213,25.565272970487413,25.705874973645365,25.707211228070168,25.477875720407855,24.88419946831318,25.871388888888887,25.194517094616717,,,"rgba(239, 83, 80, 1.0)",0.0,0.0,0.6967915660270064,25.988930494692326,0.2742132864740618,0.0,0.0,0.0,0.0,0.0,0.0,0.0,0.0,52.48254781285677,-4.105408173036011,True,False,True,False,True,5.244621884834107,0,1.0870168140058936,0.9109031027907782,False,False,False,False,0.15300206341047268,0.11735191022955413,False,False,False,False,-590.0,-659.6071058056652,False,False,False,False,22.578922531578385,False,False,False,False
2025-07-10 16:00:00+00:00,26.18,26.18,26.18,26.18,0.0,,25.995141242937855,25.684669961734695,25.541999912876804,25.760995024875626,25.30185495018828,25.073887977394953,24.946863931264247,24.91579061497094,24.236479829325056,,,25.995141242937855,25.703295566502465,25.541698726280213,25.565272970487413,25.705874973645365,25.707211228070168,25.477875720407855,24.88419946831318,25.871388888888887,25.194517094616717,,,"rgba(239, 83, 80, 1.0)",0.0,0.0,0.687940194865508,25.988930494692326,0.27774144719807753,0.0,0.0,0.0,0.0,0.0,0.0,0.0,0.0,55.85511104399949,-1.1339020857535829,True,False,True,False,True,5.244621884834107,0,1.0870168140058936,0.9109031027907782,False,False,False,False,0.15300206341047268,0.1351769868200134,False,False,False,False,-590.0,-658.5279258706936,False,False,False,False,22.22886171713531,False,False,False,False
2025-07-10 17:00:00+00:00,26.18,26.18,26.18,26.18,0.0,,25.995141242937855,25.684669961734695,25.541999912876804,25.760995024875626,25.30185495018828,25.073887977394953,24.946863931264247,24.91579061497094,24.236479829325056,,,25.995141242937855,25.703295566502465,25.541698726280213,25.565272970487413,25.705874973645365,25.707211228070168,25.477875720407855,24.88419946831318,25.871388888888887,25.194517094616717,,,"rgba(239, 83, 80, 1.0)",0.0,0.0,0.6784305683236251,25.988930494692326,0.28163457578245443,0.0,0.0,0.0,0.0,0.0,0.0,0.0,0.0,58.10348653142797,0.9125198060515771,True,False,True,False,True,5.244621884834107,0,1.0870168140058936,0.9109031027907782,False,False,False,False,0.15300206341047268,0.14408952511524303,False,False,False,False,-590.0,-657.4654774075821,False,False,False,False,21.884228202140964,False,False,False,False
2025-07-10 18:00:00+00:00,26.18,26.18,26.18,26.18,0.0,,25.995141242937855,25.684669961734695,25.541999912876804,25.760995024875626,25.30185495018828,25.073887977394953,24.946863931264247,24.91579061497094,24.236479829325056,,,25.995141242937855,25.703295566502465,25.541698726280213,25.565272970487413,25.705874973645365,25.707211228070168,25.477875720407855,24.88419946831318,25.871388888888887,25.194517094616717,,,"rgba(239, 83, 80, 1.0)",0.0,0.0,0.6682345841539034,25.988930494692326,0.2859317818002484,0.0,0.0,0.0,0.0,0.0,0.0,0.0,0.0,59.602403523046945,2.4199334663247924,True,False,True,False,True,5.244621884834107,0,1.0870168140058936,0.9109031027907782,False,False,False,False,0.15300206341047268,0.14854579426285786,False,False,False,False,-590.0,-656.419501013666,False,False,False,False,21.54493784241785,False,False,False,False
2025-07-10 19:00:00+00:00,26.18,26.18,26.0,26.0,116.0,,26.011148936170216,25.698058118081182,25.557242939286315,25.76748783227256,25.31422586392835,25.08928353521759,24.96358981001727,24.93280270016235,24.25676448024549,,,26.011148936170216,25.716385637456504,25.556869795609384,25.579259891136566,25.71432908005762,25.71562131798876,25.48768632863576,24.9014862695395,25.955538461538463,25.208378204243175,,,"rgba(239, 83, 80, 1.0)",0.0,0.0,0.6564229300252569,26.008814055841817,-0.013427403947449486,0.0,0.0,0.0,0.0,0.0,0.0,0.0,0.0,57.041859330471596,2.4199334663247924,True,False,True,False,True,3.6963487646262756,0,1.080275624461671,0.9114556416881998,False,False,False,False,0.1388504964406278,0.14369814535174283,False,False,False,False,-706.0,-657.1881909204309,False,False,False,False,23.009357410752454,False,False,False,False
2025-07-11 14:00:00+00:00,25.925,27.45,25.925,27.45,409.0,,26.444120212362535,25.836991714467814,25.68738067877116,25.85099316060975,25.402763146226828,25.185931666454056,25.063114159183172,25.032866682905045,24.358095567654022,,,26.444120212362535,25.856760971055092,25.686417352851475,25.70275820035461,25.809617818273853,25.81068341232227,25.569238434814398,25.002032574205725,26.558418036870954,25.301022608468372,,,"rgba(38, 166, 154, 1.0)",0.0,0.0,0.6693867571370903,26.451667744671603,1.4914132146835075,0.0,0.0,0.0,0.0,0.0,0.0,0.0,0.0,65.06660548430939,7.427651215992441,True,False,True,False,True,13.457018005667496,0,1.074693607154687,0.8847300430606161,False,False,False,False,0.2341278879695709,0.18891301666065685,False,False,False,False,-297.0,-651.6038778829047,False,False,False,False,28.993708458647763,False,False,False,False
2025-07-11 15:00:00+00:00,27.45,27.45,27.45,27.45,0.0,,26.444120212362535,25.836991714467814,25.68738067877116,25.85099316060975,25.402763146226828,25.185931666454056,25.063114159183172,25.032866682905045,24.358095567654022,,,26.444120212362535,25.856760971055092,25.686417352851475,25.70275820035461,25.809617818273853,25.81068341232227,25.569238434814398,25.002032574205725,26.558418036870954,25.301022608468372,,,"rgba(38, 166, 154, 1.0)",0.0,0.0,0.6801758384205142,26.451667744671603,1.4677561285427252,0.0,0.0,0.0,0.0,0.0,0.0,0.0,0.0,70.41643625353458,12.232430542999083,True,False,True,False,True,13.457018005667496,0,1.1198249747559743,0.8943116795691686,False,False,False,False,0.34282823758226677,0.2658706271214618,False,False,False,False,-297.0,-646.1061433420845,False,False,False,False,28.544193598823767,False,False,False,False
2025-07-11 16:00:00+00:00,27.45,27.45,26.67,26.67,100.0,,26.49375042560436,25.866053354604272,25.715298434808656,25.869434569589245,25.42281088649689,25.20790002939077,25.08580082634585,25.055693458468696,24.381611197464263,,,26.49375042560436,25.88600454132607,25.7142255515802,25.729367953165653,25.830489319423744,25.83150790697674,25.587647005772,25.024987300075402,26.606738188123106,25.32203624871001,,,"rgba(239, 83, 80, 1.0)",0.0,0.0,0.6685127165971715,26.50115325203484,0.25257073466697383,0.0,0.0,0.0,0.0,0.0,0.0,0.0,0.0,66.0743243285186,12.232430542999083,True,False,True,False,False,7.157740207350162,0,1.0754345687110527,0.8970154148901278,False,False,False,False,0.2784824648551345,0.27217654598829816,False,False,False,False,-397.0,-642.2440325925947,False,False,False,False,29.652035558531924,False,False,False,False
2025-07-11 17:00:00+00:00,26.67,27.6,26.6,27.6,428.0,,26.728866382373845,26.009157316782048,25.85138894582223,25.964675107501197,25.520893197448004,25.313212820206367,25.193622309499055,25.1639777625205,24.490260888693356,,,26.728866382373845,26.030202537823328,25.84982653061224,25.859916335978834,25.93654244306418,25.93735797575966,25.67954219948848,25.133680941052074,26.842702589807857,25.42378463732681,,,"rgba(239, 83, 80, 1.0)",0.0,0.0,0.6772912862914771,26.73614658855148,1.2754533078058161,0.0,0.0,0.0,0.0,0.0,0.0,0.0,0.0,67.18182610370977,12.232430542999083,True,False,True,False,False,12.566966766899345,0,1.0708161321054304,0.8955223880597013,False,False,False,False,0.28497143608690256,0.2785739910376004,False,False,False,False,31.0,-631.806140614415,False,False,False,False,35.82797299173298,False,False,False,False
2025-07-11 18:00:00+00:00,27.6,28.9,26.7,28.9,101.0,,26.825164677276746,26.059951825951824,25.898345381526102,25.999534221525604,25.553693384067753,25.347246693434105,25.227908388520973,25.198284502262442,24.522645066573638,,,26.825164677276746,26.081591648805272,25.896617343198024,25.9052347143876,25.97473856763326,25.975494862240286,25.711255312881363,25.167992271505376,26.945722907036473,25.45723845751318,,,"rgba(38, 166, 154, 1.0)",0.0,0.0,0.7560069533498948,26.916658563926195,2.6234433787752147,0.0,0.0,0.0,0.0,0.0,0.0,0.0,0.0,71.05249470218783,12.280445378437534,True,False,True,False,True,18.942320817256046,0,1.0691599881270406,0.8637577916295636,False,False,False,False,0.34282823882260227,0.31070111493010133,False,False,False,False,132.0,-619.9641849459745,False,True,False,False,36.83839201511696,False,False,False,False
2025-07-11 19:00:00+00:00,28.9,28.9,26.83,26.83,109.0,,26.872002679859825,26.09612942335379,25.933079190410684,26.025074485025943,25.579653585271313,25.374858925032065,25.25608454569377,25.22656330316236,24.55087069834413,,,26.872002679859825,26.117985917672545,25.931245270711017,25.93876031746031,26.00278277278277,26.003492710238923,25.735807388958065,25.19636107115193,26.990212035062786,25.484037147397693,,27.520000000000003,"rgba(38, 166, 154, 1.0)",0.0,0.0,0.7613359346604373,26.97994171108907,-0.19694553253413127,0.0,0.0,0.0,0.0,0.0,0.0,0.0,0.0,64.31268972984515,12.280445378437534,True,False,True,False,False,5.573766209325353,0,1.0687919463087248,0.8716442953020134,False,False,False,False,0.3428282390330969,0.3267646769815991,False,False,False,False,23.0,-609.9957479700678,False,False,False,False,37.95717663503763,False,False,False,False
2025-07-14 14:00:00+00:00,26.83,26.83,26.83,26.83,0.0,,26.872002679859825,26.09612942335379,25.933079190410684,26.025074485025943,25.579653585271313,25.374858925032065,25.25608454569377,25.22656330316236,24.55087069834413,,,26.872002679859825,26.117985917672545,25.931245270711017,25.93876031746031,26.00278277278277,26.003492710238923,25.735807388958065,25.19636107115193,26.990212035062786,25.484037147397693,,27.520000000000003,"rgba(38, 166, 154, 1.0)",0.0,0.0,0.7663974870183123,26.97994171108907,-0.19564483656179796,0.0,0.0,0.0,0.0,0.0,0.0,0.0,0.0,59.819486414950035,19.284304607525826,True,False,True,False,False,5.573766209325353,0,1.068791946308725,0.9295302013422818,False,False,False,False,0.19039870718950358,0.2585816920855514,False,False,False,False,23.0,-600.1818604046404,False,False,False,False,37.36869327635487,False,False,False,False
2025-07-14 15:00:00+00:00,26.83,27.1,25.7,25.7,218.0,,26.78820799273388,26.099459966789397,25.942674455122162,26.02967670592913,25.594754936669023,25.394485313625168,25.27793450742983,25.24891985745973,24.580739563017605,,,26.78820799273388,26.12033068198556,25.940877752752748,25.94784656181419,26.00852292202228,26.009201572781254,25.74719527966375,25.219216459571403,26.879730256410262,25.501324930297397,,26.617777777777775,"rgba(239, 83, 80, 1.0)",0.0,0.0,0.7670924806525938,26.75671311797429,-1.3775563502790502,0.0,0.0,0.0,0.0,0.0,0.0,0.0,0.0,53.48771205771307,13.41275483024345,True,False,False,False,False,0.0,0,1.0565468020861926,0.9234147680483115,False,False,False,False,0.12991603574557478,0.19424886391556306,False,False,False,False,-195.0,-593.8999710960412,False,False,False,False,40.16917865191525,False,False,False,False
2025-07-14 16:00:00+00:00,25.7,25.7,25.7,25.7,0.0,,26.78820799273388,26.099459966789397,25.942674455122162,26.02967670592913,25.594754936669023,25.394485313625168,25.27793450742983,25.24891985745973,24.580739563017605,,,26.78820799273388,26.12033068198556,25.940877752752748,25.94784656181419,26.00852292202228,26.009201572781254,25.74719527966375,25.219216459571403,26.879730256410262,25.501324930297397,,26.617777777777775,"rgba(239, 83, 80, 1.0)",0.0,0.0,0.7592652742991957,26.75671311797429,-1.391757470996734,0.0,0.0,0.0,0.0,0.0,0.0,0.0,0.0,49.266529152888424,9.51123223617099,False,False,False,True,False,0.0,0,1.0565468020861923,0.9418062036782869,False,False,False,False,0.0332521180869958,0.11375049100127943,False,False,False,False,-195.0,-587.7154754201335,False,False,False,False,39.546400688319665,False,False,False,False
2025-07-14 17:00:00+00:00,25.7,27.3,25.7,27.3,202.0,,26.78607183766978,26.12742754375043,25.972888001452166,26.051224248564676,25.622040110650065,25.425293431143718,25.310315674239977,25.281643184971713,24.617551340836453,,,26.78607183766978,26.147944867456285,25.971042194092824,25.97701793062904,26.032355016080505,26.032986424167053,25.771566074950684,25.25226974727715,26.86722952016056,25.530337306091564,,26.67463137996219,"rgba(239, 83, 80, 1.0)",0.0,0.0,0.7634663541203043,26.769142915314482,0.6953247930580942,0.0,0.0,0.0,0.0,0.0,0.0,0.0,0.0,51.59712417541117,9.51123223617099,False,False,False,False,False,7.04184110177507,0,1.0541677622929266,0.9021824875098606,False,False,False,False,0.14388191428915165,0.12881620264521554,False,False,False,False,7.0,-578.4950804523795,False,False,False,False,42.06506114276432,False,False,False,False
2025-07-14 18:00:00+00:00,27.3,27.3,27.3,27.3,0.0,,26.78607183766978,26.12742754375043,25.972888001452166,26.051224248564676,25.622040110650065,25.425293431143718,25.310315674239977,25.281643184971713,24.617551340836453,,,26.78607183766978,26.147944867456285,25.971042194092824,25.97701793062904,26.032355016080505,26.032986424167053,25.771566074950684,25.25226974727715,26.86722952016056,25.530337306091564,,26.67463137996219,"rgba(239, 83, 80, 1.0)",0.0,0.0,0.7664658158370292,26.769142915314482,0.6926037322431513,0.0,0.0,0.0,0.0,0.0,0.0,0.0,0.0,53.15085419042632,9.51123223617099,False,False,True,False,False,7.04184110177507,0,1.0962398106757825,0.9021824875098606,False,False,False,False,0.2581394814175618,0.19347784203138868,False,False,False,False,7.0,-569.4176373445907,False,False,False,False,41.412889652178826,False,False,False,False
2025-07-14 19:00:00+00:00,27.3,27.3,26.095,26.095,8.0,,26.784939690301552,26.128039500034525,25.97364751374539,26.051739434244134,25.622845846767998,25.42624523412919,25.311336740182895,25.28267978386833,24.618803771279396,,,26.784939690301552,26.148533924549547,25.97180149271698,25.97775008805917,26.03293233861776,26.03356233504114,25.77225191140537,25.253321535481597,26.865613987284295,25.53121399410297,,26.67198013656114,"rgba(239, 83, 80, 1.0)",0.0,0.0,0.7580400105914815,26.766603978661976,-0.8859743143873633,0.0,0.0,0.0,0.0,0.0,0.0,0.0,0.0,50.45287707343869,9.51123223617099,False,False,False,False,False,1.1112191766338597,0,1.0625716834459027,0.9051866955524402,False,False,False,False,0.17163457323021605,0.18255620763080238,False,False,False,False,-1.0,-560.6049607966125,False,False,False,False,40.89486035524582,False,False,False,False
2025-07-15 14:00:00+00:00,26.095,26.18,26.095,26.18,2.0,,26.784320957498785,26.128049285566366,25.973712025125323,26.051768319121265,25.622967610714557,25.426406313607938,25.31151751461045,25.282865088673276,24.619059142024152,,,26.784320957498785,26.148535246939634,25.971866425992776,25.97781132629108,26.03296923555003,26.033598996326763,25.772341607565007,25.253511320023943,26.86483669025586,25.531354686318974,,26.670049474335183,"rgba(239, 83, 80, 1.0)",0.0,0.0,0.7468009431224123,26.7650984694571,-0.7834731260659299,0.0,0.0,0.0,0.0,0.0,0.0,0.0,0.0,48.939099770569655,8.269975714821818,False,True,False,False,False,1.493687332375881,0,1.0624364191251272,0.9338758901322481,False,False,False,False,0.09348005802423719,0.1380181328275198,False,False,False,False,1.0,-551.8979071408511,False,False,False,False,40.29183926446681,False,False,False,False
2025-07-15 15:00:00+00:00,26.18,26.18,26.18,26.18,0.0,,26.784320957498785,26.128049285566366,25.973712025125323,26.051768319121265,25.622967610714557,25.426406313607938,25.31151751461045,25.282865088673276,24.619059142024152,,,26.784320957498785,26.148535246939634,25.971866425992776,25.97781132629108,26.03296923555003,26.033598996326763,25.772341607565007,25.253511320023943,26.86483669025586,25.531354686318974,,26.670049474335183,"rgba(239, 83, 80, 1.0)",0.0,0.0,0.7350603640100687,26.7650984694571,-0.7959869666555529,0.0,0.0,0.0,0.0,0.0,0.0,0.0,0.0,47.929914901990294,6.71951290662583,False,True,False,True,False,1.493687332375881,0,1.0645981688708037,0.933875890132248,False,False,False,False,0.09935994661452768,0.11868903972102374,False,False,False,False,1.0,-543.3258465650239,False,False,False,False,39.66715958594794,False,False,False,False
2025-07-15 16:00:00+00:00,26.18,26.18,26.13,26.13,103.0,,26.75377286821706,26.12843809137604,25.9768807067473,26.05316030570588,25.629104941783286,25.43454976216612,25.320668617021276,25.292248295015117,24.63205415152516,,,26.75377286821706,26.14849548991255,25.975057002776296,25.980818779180353,26.034760157006676,26.03537809349221,25.77684417454941,25.263124172762105,26.826707044673547,25.53845735739101,,26.586079958463127,"rgba(239, 83, 80, 1.0)",0.0,0.0,0.7272773923375326,26.703380289785752,-0.788392841337827,0.0,0.0,0.0,0.0,0.0,0.0,0.0,0.0,47.08193160716691,5.258326139744717,False,True,False,True,False,1.2519372725865239,0,1.0632461264922528,0.9339598679197358,False,False,False,False,0.09590038517470083,0.10729471244786229,False,False,False,False,-102.0,-536.4835853779692,False,False,False,False,40.649064088491386,False,False,False,False
2025-07-15 17:00:00+00:00,26.13,26.13,26.13,26.13,0.0,,26.75377286821706,26.12843809137604,25.9768807067473,26.05316030570588,25.629104941783286,25.43454976216612,25.320668617021276,25.292248295015117,24.63205415152516,,,26.75377286821706,26.14849548991255,25.975057002776296,25.980818779180353,26.034760157006676,26.03537809349221,25.77684417454941,25.263124172762105,26.826707044673547,25.53845735739101,,26.586079958463127,"rgba(239, 83, 80, 1.0)",0.0,0.0,0.7192162463465942,26.703380289785752,-0.7972293349856253,0.0,0.0,0.0,0.0,0.0,0.0,0.0,0.0,46.51660941061798,4.030030159430623,False,True,False,True,False,1.2519372725865239,0,1.0632461264922528,0.9352298704597409,False,False,False,False,0.09244311079950668,0.09986891162368448,False,False,False,False,-102.0,-529.7474057597061,False,False,False,False,40.0188460406078,False,False,False,False
2025-07-15 18:00:00+00:00,26.13,26.59,26.13,26.59,20.0,,26.750850230414752,26.129682956381256,25.978510575446055,26.05424950298211,25.630938434177164,25.43674497991968,25.32303803963199,25.294657089735495,24.635030095646435,,,26.750850230414752,26.14968113556881,25.976687268232382,25.982389855821697,26.035985668547035,26.036600416285918,25.778381684725613,25.265571602363572,26.822727040816332,25.540466100115548,,26.581565961732117,"rgba(239, 83, 80, 1.0)",0.0,0.0,0.7122570709617496,26.69964956783763,-0.1539466188655319,0.0,0.0,0.0,0.0,0.0,0.0,0.0,0.0,48.280894327454206,4.030030159430623,False,True,False,False,False,3.4190142805334602,0,1.0625156916896807,0.9244288224956062,False,False,False,False,0.12434406331437935,0.11210648746903192,False,False,False,False,-82.0,-522.8055855153697,False,False,False,False,39.70847633455186,False,False,False,False
2025-07-15 19:00:00+00:00,26.59,26.59,26.12,26.12,1.0,,26.750631813296486,26.12971263207483,25.978563411896744,26.054281082871885,25.63101172909572,25.436836965648162,25.32313926334784,25.294760426531973,24.63516544370242,,,26.750631813296486,26.149707253530778,25.976740230696794,25.982440558235698,26.036022357723578,26.0366369727425,25.77843973283628,25.265677023598514,26.822448580656133,25.540548412343473,,26.58110608345902,"rgba(239, 83, 80, 1.0)",0.0,0.0,0.7087622442813913,26.69931094104556,-0.8173558139131949,0.0,0.0,0.0,0.0,0.0,0.0,0.0,0.0,47.40035366133987,3.823833151005701,False,True,False,True,False,1.0879535818573771,0,1.0617683686176835,0.9287671232876712,False,False,False,False,0.12364811352774432,0.11787730049838813,False,False,False,False,-83.0,-515.9868942670694,False,False,False,False,39.108344918512294,False,False,False,False
2025-07-16 14:00:00+00:00,26.14,26.14,26.14,26.14,1.0,,26.7503506752609,26.129714708652937,25.9785920151193,26.05429325194019,25.631069496462754,25.43691396554242,25.323225960517938,25.29484936167228,24.635289502610604,,,26.7503506752609,26.149705257385698,25.976769049720506,25.9824677002584,26.0360382055581,26.036652710109625,25.778481848184814,25.265768174867947,26.82210074753653,25.540615427613194,,26.58044176706827,"rgba(239, 83, 80, 1.0)",0.0,0.0,0.7051458989022161,26.69883950073666,-0.7925161326282567,0.0,0.0,0.0,0.0,0.0,0.0,0.0,0.0,46.91604991133359,2.784441588881748,False,True,False,True,False,1.1832317268411785,0,1.0580034851879512,0.9395070948469006,False,False,False,False,0.09382575153854401,0.10585152601846606,False,False,False,False,-82.0,-509.2584152861846,False,False,False,False,38.5175178655121,False,False,False,False
2025-07-16 15:00:00+00:00,26.14,26.14,25.605,25.605,1.0,,26.74990566037736,26.12964480322906,25.97855742545025,26.05425479063166,25.631086775609017,25.436951896054605,25.323274788637733,25.29490075398913,24.635384139807105,,,26.74990566037736,26.149629934210523,25.97673490998941,25.98243340222758,26.035999695214876,26.03661414725732,25.778482413230837,25.265822127245563,26.821571574121247,25.540642559058053,,26.57924310776942,"rgba(239, 83, 80, 1.0)",0.0,0.0,0.705027390688828,26.63761015744592,-1.4646383545992951,0.0,0.0,0.0,0.0,0.0,0.0,0.0,0.0,44.36108548309295,-0.10501826339206133,False,True,False,True,False,0.0,0,1.0634305016889778,0.9391967971975477,False,False,False,False,0.0569462038055055,0.08139886491198578,False,False,False,False,-83.0,-502.64975768484834,False,False,False,False,37.93585092186074,False,False,False,False
2025-07-16 16:00:00+00:00,25.605,25.9,25.605,25.9,725.0,,26.512682309638834,26.087781396713613,25.95842464678179,26.030686400686406,25.64405420991926,25.46377459931021,25.357452371567472,25.330815249266863,24.701155361958097,,,26.512682309638834,26.10449245541838,25.956875032597925,25.962366661562804,26.012685375783363,26.013261127867658,25.780287652597284,25.30347354138399,26.546485615079366,25.560210595250407,,26.1736726618705,"rgba(239, 83, 80, 1.0)",0.0,0.0,0.7059553491226132,26.30421652028199,-0.572580859093095,0.0,0.0,0.0,0.0,0.0,0.0,0.0,0.0,44.336665858725894,-0.5624288468442415,False,True,False,True,False,0.02756859341345219,0,1.0629657228017884,0.9272230501738699,False,False,False,False,0.04045818980100573,0.06092852735649576,False,False,False,False,642.0,-484.9032498137654,False,False,False,False,48.588008271909416,False,False,False,False
2025-07-16 17:00:00+00:00,25.9,25.9,25.9,25.9,0.0,,26.512682309638834,26.087781396713613,25.95842464678179,26.030686400686406,25.64405420991926,25.46377459931021,25.357452371567472,25.330815249266863,24.701155361958097,,,26.512682309638834,26.10449245541838,25.956875032597925,25.962366661562804,26.012685375783363,26.013261127867658,25.780287652597284,25.30347354138399,26.546485615079366,25.560210595250407,,26.1736726618705,"rgba(239, 83, 80, 1.0)",0.0,0.0,0.7044507796154226,26.30421652028199,-0.5738037801628435,0.0,0.0,0.0,0.0,0.0,0.0,0.0,0.0,44.320386109147854,-1.0582310470561467,False,True,False,True,False,0.02756859341345219,0,1.0714285714285714,0.942200908632004,False,False,False,False,0.060728742994965876,0.06082863517573082,False,False,False,False,642.0,-467.43188159959846,False,False,False,False,47.83470581808136,False,False,False,False
2025-07-16 18:00:00+00:00,25.9,25.9,25.9,25.9,0.0,,26.512682309638834,26.087781396713613,25.95842464678179,26.030686400686406,25.64405420991926,25.46377459931021,25.357452371567472,25.330815249266863,24.701155361958097,,,26.512682309638834,26.10449245541838,25.956875032597925,25.962366661562804,26.012685375783363,26.013261127867658,25.780287652597284,25.30347354138399,26.546485615079366,25.560210595250407,,26.1736726618705,"rgba(239, 83, 80, 1.0)",0.0,0.0,0.7052808398524228,26.30421652028199,-0.5731284581140362,0.0,0.0,0.0,0.0,0.0,0.0,0.0,0.0,44.309532942762495,-1.5597485789604875,False,True,False,True,False,0.02756859341345219,0,1.0555273833671401,0.946501014198783,False,False,False,False,0.060728742994965876,0.06077868908534835,False,False,False,False,642.0,-450.23138731123254,False,False,False,False,47.093082472064594,False,False,False,False
2025-07-16 19:00:00+00:00,25.9,26.105,25.81,26.05,303.0,,26.463048526502135,26.08274499972143,25.959782706428893,26.02909678351708,25.654655487804877,25.479416888101568,25.37574315057571,25.349729896515715,24.730794006636774,,,26.463048526502135,26.098518895677753,25.958298974205757,25.963517949468343,26.011713219148003,26.012266903602303,25.78684453227931,25.323011486677338,26.48994260559456,25.57321652964374,,26.140502067336087,"rgba(239, 83, 80, 1.0)",0.0,0.0,0.7042350523858386,26.275081682092868,-0.31961158611790946,0.0,0.0,0.0,0.0,0.0,0.0,0.0,0.0,45.35388405110226,-1.5597485789604875,False,True,False,True,False,0.7800291250413061,0,1.0528501321253303,0.937209009689191,False,False,False,False,0.06864342857160108,0.06471105882847472,False,False,False,False,945.0,-428.59989293431414,False,False,False,False,51.06063158102483,False,False,False,False
2025-07-17 14:00:00+00:00,26.79,26.96,25.91,26.4,218.0,,26.460516232816616,26.094718593775195,25.974447346780828,26.039462670365463,25.671316033671374,25.499242862189682,25.397148592495398,25.37149955042942,24.758376691335876,,,26.460516232816616,26.110108019639934,25.972965856481483,25.977732321799962,26.02320568647541,26.023733631904456,25.80095707892595,25.34514177199619,26.485417575568714,25.591399954212456,,26.172766439909296,"rgba(239, 83, 80, 1.0)",0.0,0.0,0.6676272224138139,26.29644167025014,0.15511400115687715,0.0,0.0,0.0,0.0,0.0,0.0,0.0,0.0,48.317230322938315,-1.5597485789604875,False,True,False,False,True,2.512227370202261,0,1.0539414000245189,0.9178619590535734,False,False,False,False,0.13479808917065472,0.09975457399956472,False,False,False,False,1163.0,-403.9239256019992,False,False,False,False,53.64883884333452,False,False,False,False
2025-07-17 15:00:00+00:00,26.4,26.4,26.265,26.345,2.0,,26.460443827340935,26.09479660379386,25.974552444508927,26.03953434623579,25.671448310139166,25.49940419998074,25.397324680598516,25.37167906630708,24.75861262675337,,,26.460443827340935,26.110182155322864,25.973071063542573,25.977834089405537,26.023285958173282,26.023813696644066,25.80106602942173,25.34532469329398,26.48532492473788,25.591546170950235,,26.17293779404077,"rgba(239, 83, 80, 1.0)",0.0,0.0,0.6653771402284683,26.296503201019956,0.07288618145701689,0.0,0.0,0.0,0.0,0.0,0.0,0.0,0.0,49.88839214132765,-3.7243310618610934,False,True,False,False,True,2.2232303605461894,0,1.068706981317601,0.9314159292035397,False,False,False,False,0.12051780380641973,0.11013618890299223,False,False,False,False,1161.0,-379.66153915855733,False,False,False,False,52.84808165196499,False,False,False,False
2025-07-17 16:00:00+00:00,26.345,26.345,26.345,26.345,0.0,,26.460443827340935,26.09479660379386,25.974552444508927,26.03953434623579,25.671448310139166,25.49940419998074,25.397324680598516,25.37167906630708,24.75861262675337,,,26.460443827340935,26.110182155322864,25.973071063542573,25.977834089405537,26.023285958173282,26.023813696644066,25.80106602942173,25.34532469329398,26.48532492473788,25.591546170950235,,26.17293779404077,"rgba(239, 83, 80, 1.0)",0.0,0.0,0.6523515536498903,26.296503201019956,0.07434150912756282,0.0,0.0,0.0,0.0,0.0,0.0,0.0,0.0,50.935833353587206,-2.60551477225259,False,True,False,False,True,2.2232303605461894,0,1.0929736511919699,0.9253450439146799,False,False,False,False,0.12225657069985664,0.11619637980142444,False,False,False,False,1161.0,-355.77531374524636,False,False,False,False,52.02873154883375,False,False,False,False
2025-07-17 17:00:00+00:00,26.345,26.345,26.0,26.0,2.0,,26.460241990456716,26.094803115766855,25.974593183466286,26.03955254169179,25.67153647386206,25.499522777617262,25.397459164870863,25.37181729428173,24.758815360087684,,,26.460241990456716,26.110183731327012,25.97311210719106,25.9778729686319,26.023309438470733,26.02383702093192,25.801129863087972,25.34546666051831,26.485094408133627,25.59164884922192,,26.172877284595298,"rgba(239, 83, 80, 1.0)",0.0,0.0,0.6523767841273512,26.296252374935,-0.45411238128481507,0.0,0.0,0.0,0.0,0.0,0.0,0.0,0.0,48.96869023380389,-2.60551477225259,False,True,False,False,False,0.38742639433981907,0,1.08359248662769,0.9053364846373926,False,False,False,False,0.09832183297993578,0.10725910639068012,False,False,False,False,1159.0,-332.29042516004876,False,False,False,False,51.253092300014615,False,False,False,False
2025-07-17 18:00:00+00:00,26.0,26.045,26.0,26.045,2.0,,26.45999075425791,26.094782235110895,25.97460925039873,26.03955023904223,25.67160771065183,25.499624939817046,25.39757767369243,25.371939667193455,24.759005330145207,,,26.45999075425791,26.110157510355357,25.973128553531854,25.977887739680742,26.02331115092569,26.023838596939864,25.801176390865347,25.345592899953896,26.484811301192327,25.591734817284436,,26.17272822117892,"rgba(239, 83, 80, 1.0)",0.0,0.0,0.6522658013996686,26.295885200232647,-0.38463644682011744,0.0,0.0,0.0,0.0,0.0,0.0,0.0,0.0,48.05388029864501,-2.60551477225259,False,True,False,True,False,0.6227609677345249,0,1.0834990059642147,0.9128976143141151,False,False,False,False,0.07760086819553849,0.0924299872931093,False,False,False,False,1161.0,-309.13863562268364,False,False,False,False,50.48947846590586,False,False,False,False
2025-07-17 19:00:00+00:00,26.045,26.045,25.845,25.845,1.0,,26.459830706363107,26.094752738402057,25.974600125640286,26.039534827669325,25.671631561516808,25.499664612619558,25.39762582740103,25.371989837020514,24.759091452480572,,,26.459830706363107,26.11012506130456,25.973119670472613,25.977878358596588,26.0232968650032,26.02382425637092,25.801187620693156,25.34564509189256,26.484633084577116,25.59176618622741,,26.172592109836632,"rgba(239, 83, 80, 1.0)",0.0,0.0,0.6516641897604107,26.295620143405515,-0.6914913393832329,-1.0,26.0,25.845,0.0,0.0,0.0,0.0,0.0,45.9391684718685,-0.5119325871884612,False,True,False,True,False,0.0,0,1.0792532146389713,0.9133283877349156,False,False,False,False,0.06692214827864602,0.07967606778587766,False,False,False,False,1160.0,-286.36129243473505,False,False,False,False,49.72219973000034,False,False,False,False
2025-07-18 14:00:00+00:00,25.845,25.845,25.7,25.7,1.0,,26.459623091138997,26.09469694529446,25.974567328598347,26.039499738924373,25.671639181402742,25.499688552998947,25.397658674409175,25.37202481643276,24.759165359232973,,,26.459623091138997,26.110065925683774,25.97308718689788,25.97784584513692,26.023261685431592,26.02378904086241,25.801182249322487,25.345682216281006,26.48440420681795,25.59178153594771,,26.172371026576343,"rgba(239, 83, 80, 1.0)",0.0,0.0,0.6528928833407466,26.295242116020876,-0.9116995011113005,-1.0,25.845,25.7,0.0,0.0,0.0,0.0,0.0,43.50356313376297,-2.8185956168237567,False,True,False,True,False,0.0,0,1.0753973142786744,0.9185659726499938,False,False,False,False,0.027476784349511778,0.05357642606769472,False,False,False,False,1159.0,-263.95259022644456,False,False,False,False,48.96681678844994,False,False,False,False
2025-07-18 15:00:00+00:00,25.7,25.7,25.42,25.45,38.0,,26.449354978354982,26.0912213862654,25.972095526404306,26.037147055295673,25.67108141989971,25.49977474020784,25.39810437081973,25.37255734617641,24.761328689562692,,,26.449354978354982,26.10644411955815,25.97063092842771,25.97541255752794,26.020842882607585,26.021369842683285,25.80011338327596,25.346302403919772,26.47318433179724,25.59152747932539,,26.159768352921137,"rgba(239, 83, 80, 1.0)",0.0,0.0,0.6569653685662374,26.27646270470376,-1.2580004125749205,0.0,0.0,0.0,0.0,0.0,0.0,0.0,0.0,40.26765281790375,-5.795505473652632,False,True,False,True,False,0.0,0,1.0688715471324168,0.9341013254056731,False,False,False,False,-0.022564670352587465,0.015505877857553628,False,False,False,False,1121.0,-242.48045704463922,False,False,False,False,48.79678862118715,False,False,False,False
2025-07-18 16:00:00+00:00,25.45,25.45,25.45,25.45,0.0,,26.449354978354982,26.0912213862654,25.972095526404306,26.037147055295673,25.67108141989971,25.49977474020784,25.39810437081973,25.37255734617641,24.761328689562692,,,26.449354978354982,26.10644411955815,25.97063092842771,25.97541255752794,26.020842882607585,26.021369842683285,25.80011338327596,25.346302403919772,26.47318433179724,25.59152747932539,,26.159768352921137,"rgba(239, 83, 80, 1.0)",0.0,0.0,0.659579787057921,26.27646270470376,-1.2530139960628988,0.0,0.0,0.0,0.0,0.0,0.0,0.0,0.0,38.11037927399761,-7.72876503772649,False,True,False,True,False,0.0,0,1.0572277963582313,0.9402948098600271,False,False,False,False,-0.03940625471339739,-0.011950188427921882,False,False,False,False,1121.0,-221.34122515247427,False,False,False,False,48.04024926271913,False,False,False,False
2025-07-18 17:00:00+00:00,25.45,25.45,25.01,25.22,230.0,,26.373247180875058,26.06052081725078,25.94817357332217,26.015387922648927,25.661190245790593,25.49387939934304,25.394501751180155,25.369514373809746,24.76916782636295,,,26.373247180875058,26.07475780352855,25.946825728065292,25.9519120724163,25.99824756721095,25.998779096115022,25.78706503099854,25.34382681061629,26.39091774270684,25.583510858489362,,26.061636945587562,"rgba(239, 83, 80, 1.0)",0.0,0.0,0.6654126810002297,26.1622113409428,-1.41598044017811,0.0,0.0,0.0,0.0,0.0,0.0,0.0,0.0,35.23895883726151,-10.336108711227354,False,True,False,True,False,0.0,0,1.0458277171915207,0.9409386104644037,False,False,False,False,-0.07316620826948003,-0.042558198348700955,False,False,False,False,891.0,-204.0956247625134,False,False,False,False,50.86133066949868,False,False,False,False
2025-07-18 18:00:00+00:00,25.22,25.22,25.11,25.11,1.0,,26.37291531385282,26.060379746835437,25.94806175595238,26.015286531279184,25.661140461215933,25.493846815565576,25.39447910956819,25.36949416636441,24.769195473853816,,,26.37291531385282,26.074612494128697,25.94671442481569,25.951802201300765,25.998142238713665,25.998673793046628,25.787001681669793,25.343809074007442,26.390560814687323,25.583469131085426,,26.061218769043265,"rgba(239, 83, 80, 1.0)",0.0,0.0,0.6727283965281778,26.161772150798168,-1.563442477270415,0.0,0.0,0.0,0.0,0.0,0.0,0.0,0.0,32.694763594716896,-12.633872599107399,False,True,False,True,False,0.0,0,1.0481486007576684,0.9467188072833922,False,False,False,False,-0.08316922423313139,-0.06286371129091617,False,False,False,False,890.0,-187.13290189797831,False,False,False,False,50.088286783149854,False,False,False,False
2025-07-18 19:00:00+00:00,25.11,25.11,25.0,25.0,122.0,,26.330216954775626,26.041456565656556,25.932809327846364,26.0015475642501,25.65385483408243,25.488671831508636,25.390535025900505,25.36585246636772,24.771564193766938,,,26.330216954775626,26.055157986377832,25.931528290703504,25.93681810047868,25.983849559319278,25.984385398912423,25.7780542794774,25.3404747285994,26.344780580192168,25.577170396248384,,26.007108225108226,"rgba(239, 83, 80, 1.0)",0.0,0.0,0.6815925971343488,26.10619066705552,-1.6229499435679469,0.0,0.0,0.0,0.0,0.0,0.0,0.0,0.0,30.379971567635465,-14.74632390874239,False,True,False,True,False,0.0,0,1.0453382084095064,0.9495429616087749,False,False,False,False,-0.1001363800520318,-0.08150004567147398,False,False,False,False,768.0,-172.3246398530484,False,False,False,False,51.20319706558164,False,False,False,False
2025-07-21 14:00:00+00:00,25.0,25.49,25.0,25.49,57.0,,26.31545505376344,26.03533623754443,25.928106710221858,25.997149689417327,25.652081034810728,25.48781956622059,25.39020779026218,25.365653163201575,24.77385153859129,,,26.31545505376344,26.048833891765657,25.926848986608757,25.93218589060557,25.979316715069373,25.979852698182402,25.775553395541724,25.34040504648075,26.32894633924511,25.575829420235408,,25.990722433460075,"rgba(239, 83, 80, 1.0)",0.0,0.0,0.6820633903592445,26.090082975841725,-0.8798052854378549,0.0,0.0,0.0,0.0,0.0,0.0,0.0,0.0,35.07398305217776,-14.74632390874239,False,True,False,True,True,0.0,0,1.0448030832229314,0.9409851860773214,False,False,False,False,-0.07085996651271431,-0.07618000609209415,False,False,False,False,825.0,-156.8622423359469,False,False,False,False,51.29306997929355,False,False,False,False
2025-07-21 15:00:00+00:00,25.285,25.285,25.075,25.075,204.0,,26.256917953746836,26.008863625321858,25.906950072838033,25.97772855919264,25.642429557753314,25.481484282996657,25.3857923617854,25.361708439225314,24.77924544655791,,,26.256917953746836,26.021598719842437,25.905784909315017,25.911363027316728,25.95921744607148,25.95975712881022,25.763293302833898,25.336938429428653,26.26652063410011,25.567730525863126,,25.923617269544923,"rgba(239, 83, 80, 1.0)",0.0,0.0,0.6816717130145591,26.024393291178193,-1.392742683981543,0.0,0.0,0.0,0.0,0.0,0.0,0.0,0.0,35.333686315504075,-20.01736199618592,False,True,False,True,True,0.0,0,1.0412592415931314,0.941569282136895,False,False,False,False,-0.08085943410184697,-0.07851972009697056,False,False,False,False,621.0,-144.80236260980817,False,False,False,False,53.66061928194016,False,False,False,False
2025-07-21 16:00:00+00:00,25.075,25.075,25.075,25.075,2.0,,26.256338724168913,26.00859148088784,25.906729776247843,25.977526899735658,25.64232369402985,25.481410651209142,25.38573750478041,25.36165819679314,24.779287579837124,,,26.256338724168913,26.021319157314426,25.905565531203234,25.911146184426578,25.959008658008653,25.959548385828313,25.763162124388536,25.336892878880107,26.26590502023594,25.56763973343161,,25.92295763699961,"rgba(239, 83, 80, 1.0)",0.0,0.0,0.6802990664551138,26.023751503227622,-1.3946094445952344,0.0,0.0,0.0,0.0,0.0,0.0,0.0,0.0,35.50682182438828,-19.694469473013914,False,True,False,True,True,0.0,0,1.0412592415931314,0.9465776293823037,False,False,False,False,-0.09704744955742134,-0.08778358482719595,False,False,False,False,621.0,-132.92945776314448,False,False,False,False,52.85967944811163,False,False,False,False
2025-07-21 17:00:00+00:00,25.075,25.075,25.075,25.075,0.0,,26.256338724168913,26.00859148088784,25.906729776247843,25.977526899735658,25.64232369402985,25.481410651209142,25.38573750478041,25.36165819679314,24.779287579837124,,,26.256338724168913,26.021319157314426,25.905565531203234,25.911146184426578,25.959008658008653,25.959548385828313,25.763162124388536,25.336892878880107,26.26590502023594,25.56763973343161,,25.92295763699961,"rgba(239, 83, 80, 1.0)",0.0,0.0,0.684261454956085,26.023751503227622,-1.386533606936127,0.0,0.0,0.0,0.0,0.0,0.0,0.0,0.0,35.622245496977754,-19.286692026643113,False,True,False,True,True,0.0,0,1.0412592415931314,0.9465776293823037,False,False,False,False,-0.09704744955742134,-0.09241551719230864,False,False,False,False,621.0,-121.24062896061511,False,False,False,False,52.040149534187414,False,False,False,False
2025-07-21 18:00:00+00:00,25.075,25.075,25.07,25.07,130.0,,26.219766088815007,25.991174031174022,25.892600112803155,25.964561818782343,25.63548632872504,25.47664234774566,25.382175057441188,25.358392243495345,24.781970146093588,,,26.219766088815007,26.00343233845262,25.8914940290758,25.897233341832393,25.945595348837205,25.946137833546334,25.754700677710836,25.333928438368734,26.227101974506372,25.561769695314396,,25.882015045011713,"rgba(239, 83, 80, 1.0)",0.0,0.0,0.6882732866507292,25.984032658148635,-1.3280083302324495,0.0,0.0,0.0,0.0,0.0,0.0,0.0,0.0,35.659630266406765,-18.869581817992117,False,True,False,True,True,0.0,0,1.0411350900202694,0.9465839990461428,False,False,False,False,-0.09743346372539903,-0.09492449045885384,False,False,False,False,491.0,-111.74852618603192,False,False,False,False,53.24882938637056,False,False,False,False
2025-07-21 19:00:00+00:00,25.075,25.1,24.84,24.9,171.0,,26.170085577361935,25.966242322724728,25.872004923181393,25.945752647503785,25.624798717599734,25.468652060189278,25.375772724667595,25.352381907688812,24.783934100418413,,,26.170085577361935,25.97788350063622,25.870977777777775,25.876953004782695,25.92612016873788,25.926667616009716,25.74190088003705,25.328317375586067,26.17462008628955,25.55234050500523,,25.826362792855484,"rgba(239, 83, 80, 1.0)",0.0,0.0,0.6955294373339478,25.930139852202856,-1.4810873514592193,0.0,0.0,0.0,0.0,0.0,0.0,0.0,0.0,34.34575648501077,-18.869581817992117,False,True,False,True,True,0.0,0,1.035430738239128,0.9463206541059367,False,False,False,False,-0.1132863326432051,-0.10410541155102948,False,False,False,False,320.0,-105.05475058624849,False,False,False,False,55.074428930767915,False,False,False,False
2025-07-22 14:00:00+00:00,24.99,24.99,24.71,24.8,185.0,,26.11593642799796,25.937723046219432,25.848102168594764,25.923949747501503,25.61173240525909,25.458455654839373,25.367280612676666,25.344311987001717,24.784563281698226,,,26.11593642799796,25.94870992927344,25.84716087675765,25.853407926829263,25.903546970373675,25.904100747517568,25.72659259259259,25.32067809571481,26.11766850279244,25.540610670194006,,25.766307072027896,"rgba(239, 83, 80, 1.0)",0.0,0.0,0.7048134185405629,25.872038335916322,-1.5210242990778478,0.0,0.0,0.0,0.0,0.0,0.0,0.0,0.0,32.73789294378763,-18.869581817992117,False,True,False,True,False,0.0,0,1.0321365509123015,0.9492642731018247,False,False,False,False,-0.14022801274604943,-0.12216671214853946,False,False,False,False,135.0,-101.33297150739193,False,False,False,False,57.088778869825774,False,False,False,False
2025-07-22 15:00:00+00:00,24.9,24.9,24.335,24.335,441.0,,25.975693224174655,25.85765297389815,25.77920794025157,25.86143235492578,25.570521450445035,25.423998022504467,25.3369183390439,25.31497231226365,24.776865673303938,,,25.975693224174655,25.867064120881498,25.77848566835274,25.78552655942599,25.83877372210989,25.83934974478945,25.68013104515074,25.29238480313272,25.9711279005141,25.502530769883712,,25.609692380952378,"rgba(239, 83, 80, 1.0)",0.0,0.0,0.7260495850834707,25.72056654798734,-1.908363528405633,0.0,0.0,0.0,0.0,0.0,0.0,0.0,0.0,29.049611303763655,-16.82831467978663,False,True,False,True,False,0.0,0,1.023082303567265,0.9553508976451386,False,False,False,False,-0.18675102158755474,-0.1544588668680471,False,False,False,False,-306.0,-104.50610373208353,False,False,False,False,63.04089082533235,False,False,False,False
2025-07-22 16:00:00+00:00,24.335,24.335,24.335,24.335,0.0,,25.975693224174655,25.85765297389815,25.77920794025157,25.86143235492578,25.570521450445035,25.423998022504467,25.3369183390439,25.31497231226365,24.776865673303938,,,25.975693224174655,25.867064120881498,25.77848566835274,25.78552655942599,25.83877372210989,25.83934974478945,25.68013104515074,25.29238480313272,25.9711279005141,25.502530769883712,,25.609692380952378,"rgba(239, 83, 80, 1.0)",0.0,0.0,0.7464430850903232,25.72056654798734,-1.8562253112970801,0.0,0.0,0.0,0.0,0.0,0.0,0.0,0.0,26.590756877081006,-19.153857709613582,False,True,False,True,False,0.0,0,1.0195849848449523,0.9685241314991837,False,False,False,False,-0.2335304521304566,-0.19399465949925185,False,False,False,False,-306.0,-107.63004010833029,False,False,False,False,62.06351267300161,False,False,False,False
2025-07-22 17:00:00+00:00,24.335,24.525,24.335,24.515,22.0,,25.96905666003976,25.8537122375832,25.77579001019368,25.858314986871342,25.568424600794128,25.422226160689473,25.335344326818685,25.313447797012355,24.776398118494797,,,25.96905666003976,25.863050123041056,25.775078024169893,25.78215610450575,25.83554942138231,25.836126494094348,25.677782050161664,25.29091097724231,25.96422302904564,25.500584455929282,,25.602500473215972,"rgba(239, 83, 80, 1.0)",0.0,0.0,0.7612659856454782,25.71359593954756,-1.5744772026445766,0.0,0.0,0.0,0.0,0.0,0.0,0.0,0.0,27.96043919699252,-19.153857709613582,False,True,False,True,False,0.0,0,1.01949860724234,0.9642525533890435,False,False,False,False,-0.25325209200385407,-0.22362337575155294,False,False,False,False,-284.0,-110.36445809114687,False,False,False,False,61.442372941637245,False,False,False,False
2025-07-22 18:00:00+00:00,24.515,24.515,24.515,24.515,4.0,,25.967901271354787,25.85302712384851,25.775197115761422,25.85777256208359,25.56806362260487,25.42192360068924,25.33507720069468,25.313189525041786,24.776328375133406,,,25.967901271354787,25.862352103559868,25.774486923888823,25.781571285719775,25.834988857051894,25.83556610109579,25.677375731632736,25.29066176864194,25.963021351575453,25.500250557578834,,25.601266780109658,"rgba(239, 83, 80, 1.0)",0.0,0.0,0.7756514437310376,25.712398785219023,-1.543733070951684,0.0,0.0,0.0,0.0,0.0,0.0,0.0,0.0,28.873560743600198,-19.153857709613582,False,True,False,True,True,0.0,0,1.0239464725906797,0.9754666040615095,False,False,False,False,-0.25534286999076455,-0.23948312287115875,False,False,False,False,-284.0,-113.05648199671047,False,False,False,False,60.551793516185505,False,False,False,False
2025-07-22 19:00:00+00:00,24.32,24.59,24.31,24.59,198.0,,25.91222381498471,25.819515847267276,25.746112898284313,25.831100059382425,25.55019346867717,25.406897282370963,25.321777626448764,25.300321686299487,24.772683015141546,,,25.91222381498471,25.828222895367915,25.7454888252149,25.752872908441432,25.807446211412532,25.8080316091954,25.657300128810643,25.27823598377069,25.905208084428512,25.483698320144384,,25.54253669889008,"rgba(239, 83, 80, 1.0)",0.0,0.0,0.787878477619091,25.655293190868356,-1.3521034285485136,0.0,0.0,0.0,0.0,0.0,0.0,0.0,0.0,30.805750148662742,-19.153857709613582,False,True,False,True,True,0.0,0,1.0139638582492372,0.9737150903543768,False,False,False,False,-0.2849933549543702,-0.2622382389127645,False,False,False,False,-86.0,-112.6370016556762,False,False,False,False,62.682773461671,False,False,False,False
2025-07-23 14:00:00+00:00,23.91,23.91,23.91,23.91,0.0,,25.91222381498471,25.819515847267276,25.746112898284313,25.831100059382425,25.55019346867717,25.406897282370963,25.321777626448764,25.300321686299487,24.772683015141546,,,25.91222381498471,25.828222895367915,25.7454888252149,25.752872908441432,25.807446211412532,25.8080316091954,25.657300128810643,25.27823598377069,25.905208084428512,25.483698320144384,,25.54253669889008,"rgba(239, 83, 80, 1.0)",0.0,0.0,0.8184944154409302,25.655293190868356,-2.132321440370673,0.0,0.0,0.0,0.0,0.0,0.0,0.0,0.0,27.83134154614754,-19.153857709613582,False,True,False,True,False,0.0,0,1.0073563755254553,0.9786314806165345,False,False,False,False,-0.34282825441539394,-0.3025332466640792,False,False,False,False,-86.0,-112.22402488582075,False,False,False,False,61.71094751652881,False,False,False,False
2025-07-23 15:00:00+00:00,23.91,23.91,23.91,23.91,0.0,,25.91222381498471,25.819515847267276,25.746112898284313,25.831100059382425,25.55019346867717,25.406897282370963,25.321777626448764,25.300321686299487,24.772683015141546,,,25.91222381498471,25.828222895367915,25.7454888252149,25.752872908441432,25.807446211412532,25.8080316091954,25.657300128810643,25.27823598377069,25.905208084428512,25.483698320144384,,25.54253669889008,"rgba(239, 83, 80, 1.0)",0.0,0.0,0.8475771882784319,25.655293190868356,-2.059155455107673,0.0,0.0,0.0,0.0,0.0,0.0,0.0,0.0,25.84840247780408,-19.675356342773476,False,True,False,True,False,0.0,0,0.9963443396226415,0.9883254716981131,False,False,False,False,-0.34282825441539394,-0.32268075053973655,False,False,False,False,-86.0,-111.81745085658322,False,False,False,False,60.75418864030356,False,False,False,False
2025-07-23 16:00:00+00:00,23.91,23.91,23.91,23.91,0.0,,25.91222381498471,25.819515847267276,25.746112898284313,25.831100059382425,25.55019346867717,25.406897282370963,25.321777626448764,25.300321686299487,24.772683015141546,,,25.91222381498471,25.828222895367915,25.7454888252149,25.752872908441432,25.807446211412532,25.8080316091954,25.657300128810643,25.27823598377069,25.905208084428512,25.483698320144384,,25.54253669889008,"rgba(239, 83, 80, 1.0)",0.0,0.0,0.8752796361399734,25.655293190868356,-1.9939835440079305,0.0,0.0,0.0,0.0,0.0,0.0,0.0,0.0,24.526443098908437,-20.979097260277502,False,True,False,True,False,0.0,0,0.9878537735849057,0.9869103773584904,False,False,False,False,-0.34282825441539394,-0.3327545024775652,False,False,False,False,-86.0,-111.4171803006672,False,False,False,False,59.81226323502754,False,False,False,False
2025-07-23 17:00:00+00:00,23.91,25.19,23.8,25.19,101.0,,25.889770923182702,25.805914150749636,25.734419080068143,25.820169361424142,25.543245907116603,25.40130846823396,25.317000847704584,25.2957469403869,24.77237906829726,,24.726666666666667,25.889770923182702,25.814357344632768,25.73382997205227,25.741312922893894,25.796218199273124,25.79680559838284,25.649297917021393,25.27386771739983,25.88197312772464,25.477382427446443,,25.520993464052285,"rgba(38, 166, 154, 1.0)",0.0,0.0,0.8748654619862759,25.488704677679845,-0.3414292718810398,1.0,25.19,23.91,857.0,0.0,0.0,0.0,0.0,36.5896558178562,-18.94300652451071,False,True,False,True,True,0.0,0,0.9857273350079927,0.9580954555834663,False,False,False,False,-0.23670041426194888,-0.28472745836975705,False,False,False,False,15.0,-109.45722401693591,False,False,False,False,60.45083279727517,False,False,False,False
2025-07-23 18:00:00+00:00,25.19,25.19,25.19,25.19,0.0,,25.889770923182702,25.805914150749636,25.734419080068143,25.820169361424142,25.543245907116603,25.40130846823396,25.317000847704584,25.2957469403869,24.77237906829726,,24.726666666666667,25.889770923182702,25.814357344632768,25.73382997205227,25.741312922893894,25.796218199273124,25.79680559838284,25.649297917021393,25.27386771739983,25.88197312772464,25.477382427446443,,25.520993464052285,"rgba(38, 166, 154, 1.0)",0.0,0.0,0.8740754858448089,25.488704677679845,-0.34173785046853306,0.0,0.0,0.0,0.0,0.0,0.0,0.0,0.0,44.63179763048804,-12.148222128441205,True,False,False,True,True,0.0,0,1.017469741950217,0.9580954555834663,False,False,False,False,-0.11692694472620815,-0.20082720154798261,False,False,False,False,15.0,-107.52765465233225,False,False,False,False,59.51361058336392,False,False,False,False
2025-07-23 19:00:00+00:00,25.19,25.19,24.49,24.49,11.0,,25.887369947604792,25.80444868323898,25.733157516636417,25.818988351605327,25.542493254332527,25.40070234612051,25.31648231962311,25.29525021037131,24.772343811266502,,24.726339285714285,25.887369947604792,25.812863721219664,25.73257213986647,25.740065537855997,25.79500565087845,25.795593258042434,25.6484315726801,25.273393267523247,25.87949065056486,25.47669789001678,24.723333333333333,25.518706117483486,"rgba(38, 166, 154, 1.0)",0.0,0.0,0.8872797937698779,25.3412034055684,-0.9593404600726965,-1.0,25.19,24.49,859.0,0.0,0.0,0.0,0.0,44.81225254672898,-12.148222128441205,True,False,False,True,True,0.0,0,1.0014610024724657,0.9587547763542367,False,False,False,False,-0.176617886133222,-0.1887225438406023,False,False,False,False,4.0,-105.79854372748989,False,False,False,False,58.761461582071455,False,False,False,False
2025-07-24 14:00:00+00:00,24.49,24.49,24.49,24.49,0.0,,25.887369947604792,25.80444868323898,25.733157516636417,25.818988351605327,25.542493254332527,25.40070234612051,25.31648231962311,25.29525021037131,24.772343811266502,,24.726339285714285,25.887369947604792,25.812863721219664,25.73257213986647,25.740065537855997,25.79500565087845,25.795593258042434,25.6484315726801,25.273393267523247,25.87949065056486,25.47669789001678,24.723333333333333,25.518706117483486,"rgba(38, 166, 154, 1.0)",0.0,0.0,0.8998695751341622,25.3412034055684,-0.9459186409780499,0.0,0.0,0.0,0.0,0.0,0.0,0.0,0.0,44.93255582422294,-12.148222128441205,True,False,False,True,True,0.0,0,1.0014610024724657,0.9744886491346368,False,False,False,False,-0.2375826100036139,-0.2131525769221081,False,False,False,False,4.0,-104.09624072396291,False,False,False,False,57.85043116994631,False,False,False,False
2025-07-24 15:00:00+00:00,24.49,24.49,24.49,24.49,0.0,,25.887369947604792,25.80444868323898,25.733157516636417,25.818988351605327,25.542493254332527,25.40070234612051,25.31648231962311,25.29525021037131,24.772343811266502,,24.726339285714285,25.887369947604792,25.812863721219664,25.73257213986647,25.740065537855997,25.79500565087845,25.795593258042434,25.6484315726801,25.273393267523247,25.87949065056486,25.47669789001678,24.723333333333333,25.518706117483486,"rgba(38, 166, 154, 1.0)",0.0,0.0,0.9118702837653503,25.3412034055684,-0.9334698374571008,0.0,0.0,0.0,0.0,0.0,0.0,0.0,0.0,45.01275800921891,-12.136103057584606,True,False,False,True,True,0.0,0,1.0042826552462527,0.9744167699763325,False,False,False,False,-0.2375826100036139,-0.225367593462861,False,False,False,False,4.0,-102.42033001506425,False,False,False,False,56.953525260334736,False,False,False,False
2025-07-24 16:00:00+00:00,24.49,24.49,24.27,24.27,100.0,,25.859007776144995,25.78668652240862,25.717569537909377,25.804683824479774,25.532568898452368,25.392177926475338,25.308816107347308,25.28779938948028,24.769558390685194,,24.54567610062893,25.859007776144995,25.79479942634706,25.717027339524822,25.72467794058242,25.780242381097665,25.780834518970188,25.63742458744482,25.266163324004978,25.850141064832506,25.467420943494034,24.38099099099099,25.488844004065037,"rgba(239, 83, 80, 1.0)",0.0,0.0,0.9279607255202103,25.2537952748145,-1.0601690866420987,0.0,0.0,0.0,0.0,0.0,0.0,0.0,0.0,43.518589153204914,-12.136103057584606,True,False,False,True,True,0.0,0,0.9993271279578333,0.9717393742290007,False,False,False,False,-0.2570856598342468,-0.2412266266485539,False,False,False,False,-96.0,-102.32079001483069,False,False,False,False,57.62091246560087,False,False,False,False
2025-07-24 17:00:00+00:00,24.27,24.5,24.27,24.46,49.0,,25.84608198313005,25.778534541792542,25.71042275515895,25.798090529023963,25.52803494889548,25.38831325784952,25.305359936174117,25.284445614035093,24.768418117489702,,24.52020434227331,25.84608198313005,25.786508227435647,25.709900215149492,25.717619073708814,25.773448019968967,25.77404203323558,25.63237303320454,25.262914504762648,25.83678370875134,25.46319677699875,24.389875,25.475578419071514,"rgba(239, 83, 80, 1.0)",0.0,0.0,0.9386832976745783,25.24196760528618,-0.8330473198184803,0.0,0.0,0.0,0.0,0.0,0.0,0.0,0.0,44.32230283702185,-12.136103057584606,True,False,False,True,True,0.0,0,0.9993119266055046,0.9987385321100918,False,False,False,False,-0.25619509946584923,-0.24871086305720158,False,False,False,False,-47.0,-101.4631033479341,False,False,False,False,57.48725490799465,False,False,False,False
2025-07-24 18:00:00+00:00,24.46,24.59,24.46,24.59,1.0,,25.84584546778304,25.778385693571767,25.71029295858428,25.79796980513217,25.52795406467211,25.388245677426273,25.305300402803944,25.284388091896677,24.768403766502722,,24.520305343511453,25.84584546778304,25.786356750152716,25.709770780015578,25.717490778276904,25.773323889507232,25.773917930569596,25.632281851012007,25.262859041866715,25.83653955336866,25.463122061900492,24.390848861283644,25.475345375480842,"rgba(239, 83, 80, 1.0)",0.0,0.0,0.9438661485116387,25.241931693901144,-0.6907035440662432,1.0,24.59,24.5,867.0,0.0,0.0,0.0,0.0,46.03543942342877,-10.107581403689117,True,False,False,True,True,0.0,0,0.9758746855705466,0.9966841984907385,False,False,False,False,-0.23141477684499254,-0.24006281995109707,False,False,False,False,-46.0,-100.60321027277232,False,False,False,False,56.61148351407224,False,False,False,False
2025-07-24 19:00:00+00:00,24.59,24.59,24.59,24.59,0.0,,25.84584546778304,25.778385693571767,25.71029295858428,25.79796980513217,25.52795406467211,25.388245677426273,25.305300402803944,25.284388091896677,24.768403766502722,,24.520305343511453,25.84584546778304,25.786356750152716,25.709770780015578,25.717490778276904,25.773323889507232,25.773917930569596,25.632281851012007,25.262859041866715,25.83653955336866,25.463122061900492,24.390848861283644,25.475345375480842,"rgba(239, 83, 80, 1.0)",0.0,0.0,0.9483776901863165,25.241931693901144,-0.6874177879206191,0.0,0.0,0.0,0.0,0.0,0.0,0.0,0.0,47.177530481033386,-8.621689519195044,True,False,False,True,True,0.0,0,0.9788474731305741,0.9966841984907387,False,False,False,False,-0.2200055916351798,-0.23003420579313844,False,False,False,False,-46.0,-99.75664887319444,False,False,False,False,55.733786095249414,False,False,False,False
2025-07-25 14:00:00+00:00,24.8,24.8,24.8,24.8,0.0,,25.84584546778304,25.778385693571767,25.71029295858428,25.79796980513217,25.52795406467211,25.388245677426273,25.305300402803944,25.284388091896677,24.768403766502722,,24.520305343511453,25.84584546778304,25.786356750152716,25.709770780015578,25.717490778276904,25.773323889507232,25.773917930569596,25.632281851012007,25.262859041866715,25.83653955336866,25.463122061900492,24.390848861283644,25.475345375480842,"rgba(239, 83, 80, 1.0)",0.0,0.0,0.9528368596359879,25.241931693901144,-0.4638062533285857,0.0,0.0,0.0,0.0,0.0,0.0,0.0,0.0,49.92364754626914,-5.698182831264482,True,False,False,False,True,0.0,0,0.9789485662266725,0.9967000455166135,False,False,False,False,-0.1835117836318274,-0.20677299471248292,False,False,False,False,-46.0,-98.92321245655576,False,False,False,False,54.86969638834632,False,False,False,False
2025-07-25 15:00:00+00:00,24.8,24.8,24.8,24.8,0.0,,25.84584546778304,25.778385693571767,25.71029295858428,25.79796980513217,25.52795406467211,25.388245677426273,25.305300402803944,25.284388091896677,24.768403766502722,,24.520305343511453,25.84584546778304,25.786356750152716,25.709770780015578,25.717490778276904,25.773323889507232,25.773917930569596,25.632281851012007,25.262859041866715,25.83653955336866,25.463122061900492,24.390848861283644,25.475345375480842,"rgba(239, 83, 80, 1.0)",0.0,0.0,0.957004179719133,25.241931693901144,-0.4617865870040857,0.0,0.0,0.0,0.0,0.0,0.0,0.0,0.0,51.754392256426314,-3.7121100184970004,True,False,True,False,True,0.0,0,1.011047126571865,0.9965918439299566,False,False,False,False,-0.1835117836318274,-0.19514238917215515,False,False,False,False,-46.0,-98.10269753474869,False,False,False,False,54.01900342108514,False,False,False,False
2025-07-25 16:00:00+00:00,24.8,24.8,24.8,24.8,0.0,,25.84584546778304,25.778385693571767,25.71029295858428,25.79796980513217,25.52795406467211,25.388245677426273,25.305300402803944,25.284388091896677,24.768403766502722,,24.520305343511453,25.84584546778304,25.786356750152716,25.709770780015578,25.717490778276904,25.773323889507232,25.773917930569596,25.632281851012007,25.262859041866715,25.83653955336866,25.463122061900492,24.390848861283644,25.475345375480842,"rgba(239, 83, 80, 1.0)",0.0,0.0,0.9618011678545508,25.241931693901144,-0.4594834240916357,0.0,0.0,0.0,0.0,0.0,0.0,0.0,0.0,52.97488872986443,-2.2955931157351586,True,False,True,False,True,0.0,0,0.9968261431762077,0.9782532032443869,False,False,False,False,-0.1835117836318274,-0.18932708640199128,False,False,False,False,-46.0,-97.29490377452001,False,False,False,False,53.181499492076064,False,False,False,False
2025-07-25 17:00:00+00:00,24.8,24.8,24.485,24.485,15.0,24.589999999999996,25.842426030132515,25.776235677240376,25.708421853542664,25.796224352181873,25.526795906047635,25.38728540112814,25.304459466520374,25.28357695402747,24.768230749337302,,24.524079422382677,25.842426030132515,25.784168292682924,25.707904910019995,25.715640815284765,25.771530612244895,25.772125021033148,25.63097047475255,25.262078402557563,25.833010945461407,25.462055718395483,24.40782196969697,25.47202616012663,"rgba(239, 83, 80, 1.0)",0.0,0.0,0.9707119287659653,25.242105668455665,-0.7799488664141061,-1.0,24.8,24.495,869.0,0.0,0.0,0.0,0.0,50.075004544181255,-2.2955931157351586,True,False,False,False,False,0.0,0,0.9892648774795797,0.9784130688448075,False,False,False,False,-0.21083158786078973,-0.2000793371313905,False,False,False,False,-61.0,-96.73219208809334,False,False,False,False,52.58953825964077,False,False,False,False
2025-07-25 18:00:00+00:00,24.485,24.495,24.485,24.495,2.0,24.57843137254902,25.841935825319062,25.77592588126532,25.70815095179784,25.79597306494591,25.526625514403293,25.387141768903867,25.30433207951311,25.2834536323289,24.76819499213481,,24.523847072879335,25.841935825319062,25.783853125254,25.70763475492374,25.715373104403614,25.771272053872053,25.771866525352443,25.630779380521073,25.26195924522466,25.832504873294347,25.461897726039293,24.408764044943823,25.471536347739193,"rgba(239, 83, 80, 1.0)",0.0,0.0,0.979117878408781,25.24183555769283,-0.7627636816381637,0.0,0.0,0.0,0.0,0.0,0.0,0.0,0.0,48.27416367212221,-2.2955931157351586,True,False,False,True,False,0.0,0,0.9892447977554361,0.9876081365443067,False,False,False,False,-0.23758261000361316,-0.21883097356750184,False,False,False,False,-59.0,-96.14719686192136,False,False,False,False,51.80520433313471,False,False,False,False
2025-07-25 19:00:00+00:00,24.495,24.495,24.495,24.495,0.0,24.57843137254902,25.841935825319062,25.77592588126532,25.70815095179784,25.79597306494591,25.526625514403293,25.387141768903867,25.30433207951311,25.2834536323289,24.76819499213481,,24.523847072879335,25.841935825319062,25.783853125254,25.70763475492374,25.715373104403614,25.771272053872053,25.771866525352443,25.630779380521073,25.26195924522466,25.832504873294347,25.461897726039293,24.408764044943823,25.471536347739193,"rgba(239, 83, 80, 1.0)",0.0,0.0,0.9871872865564223,25.24183555769283,-0.7565287436976575,0.0,0.0,0.0,0.0,0.0,0.0,0.0,0.0,47.07360309074951,2.1152802764296013,True,False,False,True,False,0.0,0,0.9903846153846154,0.9875703564727955,False,False,False,False,-0.23670041426194888,-0.22776569391472534,False,False,False,False,-59.0,-95.57127132917839,False,False,False,False,51.00202287060549,False,False,False,False
2025-07-28 14:00:00+00:00,24.495,24.495,24.495,24.495,0.0,24.57843137254902,25.841935825319062,25.77592588126532,25.70815095179784,25.79597306494591,25.526625514403293,25.387141768903867,25.30433207951311,25.2834536323289,24.76819499213481,,24.523847072879335,25.841935825319062,25.783853125254,25.70763475492374,25.715373104403614,25.771272053872053,25.771866525352443,25.630779380521073,25.26195924522466,25.832504873294347,25.461897726039293,24.408764044943823,25.471536347739193,"rgba(239, 83, 80, 1.0)",0.0,0.0,0.9950575020732851,25.24183555769283,-0.7505451254191196,0.0,0.0,0.0,0.0,0.0,0.0,0.0,0.0,46.27322936983437,1.1139071216092518,True,False,False,True,False,0.0,0,0.9903846153846154,0.9845215759849906,False,False,False,False,-0.23670041426194888,-0.2322330540883371,False,False,False,False,-59.0,-95.00427487446244,False,False,False,False,50.21129383385191,False,False,False,False
2025-07-28 15:00:00+00:00,24.495,24.86,24.495,24.86,4.0,24.608888888888888,25.84113538833485,25.775425655859543,25.707719298245614,25.795565771316713,25.52636607975426,25.386933734134942,25.304154719937337,25.28328390545134,24.76818727245309,,24.526878680800944,25.84113538833485,25.783343488504347,25.70720433688573,25.71494588981198,25.770854873451803,25.771449399656944,25.63048010283925,25.261797319933002,25.831679861765632,25.461662190755206,24.416007326007325,25.47080442558855,"rgba(239, 83, 80, 1.0)",0.0,0.0,0.998359857669217,25.24259180882776,-0.3832203447371825,1.0,24.86,24.495,873.0,0.0,0.0,0.0,0.0,50.72515682943572,1.1139071216092518,True,False,False,False,True,0.0,0,0.9904149620105203,0.9814143775569844,False,False,False,False,-0.20473504740677168,-0.2184840507475544,False,False,False,False,-55.0,-94.3840535585793,False,False,False,False,49.494839665885216,False,False,False,False
2025-07-28 16:00:00+00:00,24.86,24.86,24.86,24.86,0.0,24.608888888888888,25.84113538833485,25.775425655859543,25.707719298245614,25.795565771316713,25.52636607975426,25.386933734134942,25.304154719937337,25.28328390545134,24.76818727245309,,24.526878680800944,25.84113538833485,25.783343488504347,25.70720433688573,25.71494588981198,25.770854873451803,25.771449399656944,25.63048010283925,25.261797319933002,25.831679861765632,25.461662190755206,24.416007326007325,25.47080442558855,"rgba(239, 83, 80, 1.0)",0.0,0.0,1.0015656797288457,25.24259180882776,-0.3819937289897364,0.0,0.0,0.0,0.0,0.0,0.0,0.0,0.0,53.69310846916996,-1.447418933611047,True,False,True,False,True,0.0,0,0.9935710111046171,0.9814143775569844,False,False,False,False,-0.17317719775221313,-0.19583062424988376,False,False,False,False,-55.0,-93.77344807705094,False,False,False,False,48.72747781060017,False,False,False,False
2025-07-28 17:00:00+00:00,24.86,24.86,24.86,24.86,0.0,24.608888888888888,25.84113538833485,25.775425655859543,25.707719298245614,25.795565771316713,25.52636607975426,25.386933734134942,25.304154719937337,25.28328390545134,24.76818727245309,,24.526878680800944,25.84113538833485,25.783343488504347,25.70720433688573,25.71494588981198,25.770854873451803,25.771449399656944,25.63048010283925,25.261797319933002,25.831679861765632,25.461662190755206,24.416007326007325,25.47080442558855,"rgba(239, 83, 80, 1.0)",0.0,0.0,1.001839915463599,25.24259180882776,-0.3818891650476097,0.0,0.0,0.0,0.0,0.0,0.0,0.0,0.0,55.67174289565945,0.42574200853829325,True,False,True,False,True,0.0,0,0.9935710111046171,0.9814143775569844,False,False,False,False,-0.17317719775221313,-0.18450391100104846,False,False,False,False,-55.0,-93.17230934717419,False,False,False,False,47.9720130383428,False,False,False,False
2025-07-28 18:00:00+00:00,24.86,24.86,24.685,24.8,3.0,24.63048611111111,25.840559381418394,25.77506646586345,25.70741027067112,25.795273018928455,25.526182309231988,25.386788213923175,25.304031954887222,25.283166796368356,24.768189885413975,,24.529551282051287,25.840559381418394,25.78297742315345,25.706896200939592,25.714639930062287,25.770555331247266,25.771149889045795,25.630266672254344,25.261685989591385,25.831086410449636,25.461496216743953,24.421936936936937,25.47028886118038,"rgba(239, 83, 80, 1.0)",0.0,0.0,1.0023498202534171,25.243296489505546,-0.44225726442837093,0.0,0.0,0.0,0.0,0.0,0.0,0.0,0.0,55.80806894234247,0.6907724560601665,True,False,True,False,True,0.0,0,0.9894378594061729,0.9894378594061732,False,False,False,False,-0.18826132592990766,-0.18638261846547804,False,False,False,False,-58.0,-92.62700222551257,False,False,False,False,47.27477252612043,False,False,False,False
2025-07-28 19:00:00+00:00,24.8,24.91,24.8,24.91,2.0,24.649166666666666,25.840208937198074,25.774849233116516,25.707224755338082,25.79509558634847,25.526074923924657,25.38670592948718,25.30396450013052,25.283103018985372,24.768203471594088,,24.531938657407412,25.840208937198074,25.782755855965576,25.70671123192426,25.714456098182744,25.77037423890739,25.77096880462552,25.630139808374523,25.26162596599691,25.830725674827374,25.461400526044624,24.426764705882356,25.469991276171484,"rgba(38, 166, 154, 1.0)",0.0,0.0,1.0015744677328344,25.18355686203472,-0.2731268326497419,0.0,0.0,0.0,0.0,0.0,0.0,0.0,0.0,57.49929803554767,2.4999413159330004,True,False,True,False,True,0.0,0,0.9840805337703384,0.9882945101252489,False,False,False,False,-0.1740369862341867,-0.18020980234983236,False,False,False,False,-56.0,-92.05914172589222,False,False,False,False,46.57283806835112,False,False,False,False
2025-07-29 14:00:00+00:00,24.62,24.62,24.62,24.62,14.0,24.638958333333335,25.837122033489948,25.77290504248837,25.705534643570953,25.793514638990324,25.52503285960732,25.385846806467107,25.303215477680435,25.282381470542514,24.76806954126861,24.62,24.536020971302435,25.837122033489948,25.780776697061803,25.705025848380785,25.712784626013597,25.7687512177097,25.76934608929171,25.628956083814614,25.26093253049251,25.827541948409717,25.460443379106735,24.440223880597017,25.46703551912568,"rgba(38, 166, 154, 1.0)",0.0,0.0,1.0032751008212177,25.16993740503399,-0.5481421841166457,0.0,0.0,0.0,0.0,0.0,0.0,0.0,0.0,53.65807175314908,2.4999413159330004,True,False,True,False,False,0.0,0,0.9816300430182535,0.9883734449482618,False,False,False,False,-0.2147589363294154,-0.19748436933962388,False,False,False,False,-70.0,-91.71713952859156,False,False,False,False,46.06783282698133,False,False,False,False
2025-07-29 15:00:00+00:00,24.62,24.62,24.62,24.62,0.0,24.638958333333335,25.837122033489948,25.77290504248837,25.705534643570953,25.793514638990324,25.52503285960732,25.385846806467107,25.303215477680435,25.282381470542514,24.76806954126861,24.62,24.536020971302435,25.837122033489948,25.780776697061803,25.705025848380785,25.712784626013597,25.7687512177097,25.76934608929171,25.628956083814614,25.26093253049251,25.827541948409717,25.460443379106735,24.440223880597017,25.46703551912568,"rgba(38, 166, 154, 1.0)",0.0,0.0,1.0045364445695166,25.16993740503399,-0.5474539107136726,0.0,0.0,0.0,0.0,0.0,0.0,0.0,0.0,51.09725423155001,6.326585488600777,True,False,False,False,False,0.0,0,0.9807739109272331,1.0344366025797032,False,False,False,False,-0.2147589363294154,-0.20612165283451964,False,False,False,False,-70.0,-91.38043969093897,False,False,False,False,45.35360286067154,False,False,False,False
2025-07-29 16:00:00+00:00,24.62,24.62,24.62,24.62,0.0,24.638958333333335,25.837122033489948,25.77290504248837,25.705534643570953,25.793514638990324,25.52503285960732,25.385846806467107,25.303215477680435,25.282381470542514,24.76806954126861,24.62,24.536020971302435,25.837122033489948,25.780776697061803,25.705025848380785,25.712784626013597,25.7687512177097,25.76934608929171,25.628956083814614,25.26093253049251,25.827541948409717,25.460443379106735,24.440223880597017,25.46703551912568,"rgba(38, 166, 154, 1.0)",0.0,0.0,1.0069555712753269,25.16993740503399,-0.5461386983911166,0.0,0.0,0.0,0.0,0.0,0.0,0.0,0.0,49.390042550483976,4.658558607694104,True,False,False,False,False,0.0,0,0.9639562061754212,1.0152540287858285,False,False,False,False,-0.2147589363294154,-0.2104402945819675,False,False,False,False,-70.0,-91.04896000580813,False,False,False,False,44.65044622717276,False,False,False,False
2025-07-29 17:00:00+00:00,24.62,24.62,24.62,24.62,0.0,24.638958333333335,25.837122033489948,25.77290504248837,25.705534643570953,25.793514638990324,25.52503285960732,25.385846806467107,25.303215477680435,25.282381470542514,24.76806954126861,24.62,24.536020971302435,25.837122033489948,25.780776697061803,25.705025848380785,25.712784626013597,25.7687512177097,25.76934608929171,25.628956083814614,25.26093253049251,25.827541948409717,25.460443379106735,24.440223880597017,25.46703551912568,"rgba(38, 166, 154, 1.0)",0.0,0.0,0.9830254503500581,25.16993740503399,-0.5594335373902639,0.0,0.0,0.0,0.0,0.0,0.0,0.0,0.0,48.251901429773284,3.448569228868074,True,False,False,True,False,0.0,0,0.9638014678442592,1.0153004104988184,False,False,False,False,-0.2147589363294154,-0.21259961545569145,False,False,False,False,-70.0,-90.7226195406018,False,False,False,False,43.95819124690651,False,False,False,False
2025-07-29 18:00:00+00:00,24.62,24.62,24.23,24.23,7.0,24.59741134751773,25.83525597064309,25.771716728743638,25.70448962609564,25.792550977944234,25.524363300492606,25.385272378209745,25.30269929377427,25.28187990367436,24.76788523990795,24.533333333333335,24.532033441208206,25.83525597064309,25.77956855361192,25.703983654342853,25.711752416248817,25.76775814031554,25.76835329240884,25.62821301098655,25.26044595324435,25.825614956543486,25.459817822532614,24.437524038461543,25.46511405901314,"rgba(239, 83, 80, 1.0)",0.0,0.0,0.9620894912580059,25.162255040568283,-0.9689899422446528,-1.0,24.62,24.23,0.0,0.0,0.0,0.0,0.0,42.201343730103616,-2.250782297992238,False,False,False,True,False,0.0,0,0.9542069992553984,1.0114172251178954,False,False,False,False,-0.24908478748793786,-0.23084220147181467,False,False,False,False,-77.0,-90.50986574927464,False,False,False,False,43.38519603377617,False,False,False,False
2025-07-29 19:00:00+00:00,24.23,24.23,23.01,23.53,192.0,23.78811018131102,25.760061631490206,25.722522411430802,25.660385116784358,25.752674524595317,25.49434408341416,25.3581162845663,25.277370920947913,25.25701645618064,24.753472266479722,23.683004694835684,24.17101463739189,25.760061631490206,25.7296638572333,25.659990064311003,25.668257171328918,25.726449153658695,25.727061572382926,25.595993605576588,25.23606173496541,25.747896674512642,25.43111119995735,24.030712500000003,25.37990177514793,"rgba(239, 83, 80, 1.0)",0.0,0.0,0.9721660453953944,24.817429346128783,-1.3242895616717052,-1.0,24.23,23.53,883.0,0.0,0.0,0.0,0.0,34.04582956931294,-9.587888050982023,False,True,False,True,False,0.0,0,0.9158843409688321,1.060458129928652,False,False,False,False,-0.34282825441539394,-0.2868352279436043,False,False,False,False,-269.0,-93.27715465238666,False,False,False,False,45.6893015216246,False,False,False,False
2025-07-30 14:00:00+00:00,23.53,23.53,23.53,23.53,0.0,23.78811018131102,25.760061631490206,25.722522411430802,25.660385116784358,25.752674524595317,25.49434408341416,25.3581162845663,25.277370920947913,25.25701645618064,24.753472266479722,23.683004694835684,24.17101463739189,25.760061631490206,25.7296638572333,25.659990064311003,25.668257171328918,25.726449153658695,25.727061572382926,25.595993605576588,25.23606173496541,25.747896674512642,25.43111119995735,24.030712500000003,25.37990177514793,"rgba(239, 83, 80, 1.0)",0.0,0.0,0.9559983367243486,24.817429346128783,-1.3466857594544097,0.0,0.0,0.0,0.0,0.0,0.0,0.0,0.0,28.608820128785826,-14.212066461652057,False,True,False,True,False,0.0,0,0.9386363636363636,1.094919786096257,False,False,False,False,-0.34282825441539394,-0.3148317411794991,False,False,False,False,-269.0,-96.00153985157446,False,False,False,False,44.98094025772344,False,False,False,False
2025-07-30 15:00:00+00:00,23.53,23.53,23.53,23.53,0.0,23.78811018131102,25.760061631490206,25.722522411430802,25.660385116784358,25.752674524595317,25.49434408341416,25.3581162845663,25.277370920947913,25.25701645618064,24.753472266479722,23.683004694835684,24.17101463739189,25.760061631490206,25.7296638572333,25.659990064311003,25.668257171328918,25.726449153658695,25.727061572382926,25.595993605576588,25.23606173496541,25.747896674512642,25.43111119995735,24.030712500000003,25.37990177514793,"rgba(239, 83, 80, 1.0)",0.0,0.0,0.8771145004198424,24.817429346128783,-1.4678007780199016,0.0,0.0,0.0,0.0,0.0,0.0,0.0,0.0,24.98414716843441,-17.24122480324229,False,True,False,True,False,0.0,0,0.9223949809056192,1.0626022913256956,False,False,False,False,-0.34282825441539394,-0.3288299977974465,False,False,False,False,-269.0,-98.68368652054231,False,False,False,False,44.28356133899904,False,False,False,False
2025-07-30 16:00:00+00:00,23.53,23.53,23.19,23.34,314.0,23.54123869801085,25.635088473623284,25.638263110205,25.584283188009945,25.68367616082059,25.441350438803926,25.30971912559904,25.231936025669956,25.21233774322944,24.72600312402374,23.486578115117013,23.85598159509203,25.635088473623284,25.644270428015563,25.58406865828092,25.593165633608812,25.65504647374473,25.655688339876793,25.53947712680577,25.192163560307915,25.619081720061672,25.380220228809147,23.73281746031746,25.239707351105235,"rgba(239, 83, 80, 1.0)",0.0,0.0,0.8811165878822991,24.630146574604947,-1.4642177804253147,0.0,0.0,0.0,0.0,0.0,0.0,0.0,0.0,21.757740569159562,-20.07484650771542,False,True,False,True,False,0.0,0,0.9190052792442345,1.0637677132536816,False,False,False,False,-0.34282825441539394,-0.33582912610642024,False,False,False,False,-583.0,-106.1924665744874,False,False,False,False,48.465211550797505,False,False,False,False
2025-07-30 17:00:00+00:00,23.34,23.905,23.34,23.9,3.0,23.542176258992807,25.63413636363636,25.637609827898544,25.58369425190786,25.683135414759203,25.440942285969474,25.30935139636178,25.23159385964913,25.2120020674538,24.725813655672166,23.48787106918239,23.855464547677265,25.63413636363636,25.643608282805168,25.583481085612487,25.592583737822295,25.654488935721815,25.65513099112898,25.539037952338916,25.191834570650833,25.618103595890407,25.379830642855282,23.73274291027429,25.238700278878614,"rgba(239, 83, 80, 1.0)",0.0,0.0,0.8698917660747166,24.629625120633794,-0.8387539106458516,1.0,23.9,23.53,887.0,0.0,0.0,0.0,0.0,28.425952958124675,-20.07484650771542,False,True,False,True,True,0.0,0,0.9243605525919847,1.0248939953494733,False,False,False,False,-0.3002514766360581,-0.3180403013712392,False,False,False,False,-580.0,-113.5383198058907,False,False,False,False,47.76032455000994,False,False,False,False
2025-07-30 18:00:00+00:00,23.9,23.9,23.9,23.9,0.0,23.542176258992807,25.63413636363636,25.637609827898544,25.58369425190786,25.683135414759203,25.440942285969474,25.30935139636178,25.23159385964913,25.2120020674538,24.725813655672166,23.48787106918239,23.855464547677265,25.63413636363636,25.643608282805168,25.583481085612487,25.592583737822295,25.654488935721815,25.65513099112898,25.539037952338916,25.191834570650833,25.618103595890407,25.379830642855282,23.73274291027429,25.238700278878614,"rgba(239, 83, 80, 1.0)",0.0,0.0,0.8778322861016379,24.629625120633794,-0.8311668779852976,0.0,0.0,0.0,0.0,0.0,0.0,0.0,0.0,32.87142788410142,-26.36024730212764,False,True,False,True,True,0.0,0,0.9392980041293875,1.031520991052994,False,False,False,False,-0.2563601341606243,-0.28720021776593174,False,False,False,False,-580.0,-120.77028383990789,False,False,False,False,47.01985440194777,False,False,False,False
2025-07-30 19:00:00+00:00,23.9,23.9,23.9,23.9,0.0,23.542176258992807,25.63413636363636,25.637609827898544,25.58369425190786,25.683135414759203,25.440942285969474,25.30935139636178,25.23159385964913,25.2120020674538,24.725813655672166,23.48787106918239,23.855464547677265,25.63413636363636,25.643608282805168,25.583481085612487,25.592583737822295,25.654488935721815,25.65513099112898,25.539037952338916,25.191834570650833,25.618103595890407,25.379830642855282,23.73274291027429,25.238700278878614,"rgba(239, 83, 80, 1.0)",0.0,0.0,0.8850422548063448,24.629625120633794,-0.8243958033319476,0.0,0.0,0.0,0.0,0.0,0.0,0.0,0.0,35.83507783475259,-23.626258672506466,False,True,False,True,True,0.0,0,0.949964961457603,1.0320953048353187,False,False,False,False,-0.2563601341606243,-0.271780175963278,False,False,False,False,-580.0,-127.89012440052947,False,False,False,False,46.29086441121989,False,False,False,False
2025-07-31 14:00:00+00:00,23.9,23.9,23.67,23.67,2.0,23.542909199522104,25.633512612910334,25.637181722134173,25.583308483830322,25.682780880019532,25.44067528169569,25.309111205041507,25.231370595900373,25.21178309922296,24.725691338746618,23.488843984962408,23.85519918699187,25.633512612910334,25.64317434900301,25.583096210930677,25.59220254689382,25.654123487533127,25.654765664880046,25.53875036769621,25.191620026722095,25.61746291224466,25.379575958414552,23.732781641168287,25.23804357394366,"rgba(239, 83, 80, 1.0)",0.0,0.0,0.8591720454038939,24.629322214384267,-1.1165659072779668,-1.0,23.9,23.67,890.0,0.0,0.0,0.0,0.0,35.66061645533186,-23.586695975038104,False,True,False,True,True,0.0,0,0.9438796824954742,1.0137863807269183,False,False,False,False,-0.27442324226445713,-0.27310170911386755,False,False,False,False,-582.0,-134.93058758811816,False,False,False,False,45.60418434282889,False,False,False,False
2025-07-31 15:00:00+00:00,23.67,23.67,23.67,23.67,0.0,23.542909199522104,25.633512612910334,25.637181722134173,25.583308483830322,25.682780880019532,25.44067528169569,25.309111205041507,25.231370595900373,25.21178309922296,24.725691338746618,23.488843984962408,23.85519918699187,25.633512612910334,25.64317434900301,25.583096210930677,25.59220254689382,25.654123487533127,25.654765664880046,25.53875036769621,25.191620026722095,25.61746291224466,25.379575958414552,23.732781641168287,25.23804357394366,"rgba(239, 83, 80, 1.0)",0.0,0.0,0.8296414779782229,24.629322214384267,-1.1563093695870474,0.0,0.0,0.0,0.0,0.0,0.0,0.0,0.0,35.544308869051385,-23.207766413522812,False,True,False,True,True,0.0,0,0.9478943611705923,1.0403997144896504,False,False,False,False,-0.29266278779369476,-0.2828822484537812,False,False,False,False,-582.0,-141.8618963076822,False,False,False,False,44.897142725110605,False,False,False,False
2025-07-31 16:00:00+00:00,23.67,23.67,23.67,23.67,0.0,23.542909199522104,25.633512612910334,25.637181722134173,25.583308483830322,25.682780880019532,25.44067528169569,25.309111205041507,25.231370595900373,25.21178309922296,24.725691338746618,23.488843984962408,23.85519918699187,25.633512612910334,25.64317434900301,25.583096210930677,25.59220254689382,25.654123487533127,25.654765664880046,25.53875036769621,25.191620026722095,25.61746291224466,25.379575958414552,23.732781641168287,25.23804357394366,"rgba(239, 83, 80, 1.0)",0.0,0.0,0.8317638264934174,24.629322214384267,-1.1533589028854663,0.0,0.0,0.0,0.0,0.0,0.0,0.0,0.0,35.46677047819773,-22.62602385756957,False,True,False,True,True,0.0,0,0.9227694503925767,1.0403997144896504,False,False,False,False,-0.29266278779369476,-0.28777251812373794,False,False,False,False,-582.0,-148.68574287655534,False,False,False,False,44.20106299293835,False,False,False,False
2025-07-31 17:00:00+00:00,23.67,23.67,23.67,23.67,0.0,23.542909199522104,25.633512612910334,25.637181722134173,25.583308483830322,25.682780880019532,25.44067528169569,25.309111205041507,25.231370595900373,25.21178309922296,24.725691338746618,23.488843984962408,23.85519918699187,25.633512612910334,25.64317434900301,25.583096210930677,25.59220254689382,25.654123487533127,25.654765664880046,25.53875036769621,25.191620026722095,25.61746291224466,25.379575958414552,23.732781641168287,25.23804357394366,"rgba(239, 83, 80, 1.0)",0.0,0.0,0.830882522241066,24.629322214384267,-1.1545822528517873,0.0,0.0,0.0,0.0,0.0,0.0,0.0,0.0,35.415078217628626,-21.93723376480848,False,True,False,True,True,0.0,0,0.9227694503925767,1.0403997144896504,False,False,False,False,-0.29266278779369476,-0.2902176529587164,False,False,False,False,-582.0,-155.40379337459322,False,False,False,False,43.51577519459822,False,False,False,False
2025-07-31 18:00:00+00:00,23.67,23.67,23.67,23.67,0.0,23.542909199522104,25.633512612910334,25.637181722134173,25.583308483830322,25.682780880019532,25.44067528169569,25.309111205041507,25.231370595900373,25.21178309922296,24.725691338746618,23.488843984962408,23.85519918699187,25.633512612910334,25.64317434900301,25.583096210930677,25.59220254689382,25.654123487533127,25.654765664880046,25.53875036769621,25.191620026722095,25.61746291224466,25.379575958414552,23.732781641168287,25.23804357394366,"rgba(239, 83, 80, 1.0)",0.0,0.0,0.8286314996197481,24.629322214384267,-1.1577187384555017,0.0,0.0,0.0,0.0,0.0,0.0,0.0,0.0,35.38061671058256,-21.207140237130346,False,True,False,True,True,0.0,0,0.9227694503925767,1.0403997144896504,False,False,False,False,-0.29266278779369476,-0.29144022037620554,False,False,False,False,-582.0,-162.0176880509561,False,False,False,False,42.84111201328662,False,False,False,False
2025-07-31 19:00:00+00:00,23.67,23.67,23.6,23.6,3.0,23.543339275103985,25.632516652903938,25.636498057410126,25.58269129841503,25.682215460175104,25.44024578541043,25.308722627737232,25.23100801703621,25.21142713079854,24.725484814421616,23.489598130841124,23.854353989469423,25.632516652903938,25.6424815153594,25.58248044965787,25.591592864024218,25.653540150644712,25.65418253436673,25.538289487755314,25.19127087198516,25.616439406900483,25.379165237501297,23.73232686980609,25.23697822740268,"rgba(239, 83, 80, 1.0)",0.0,0.0,0.827447872667453,24.62860458430258,-1.2431049958309197,-1.0,23.67,23.6,895.0,0.0,0.0,0.0,0.0,34.4383883058257,-21.207140237130346,False,True,False,True,True,0.0,0,0.9209289072517451,1.0403191337797404,False,False,False,False,-0.298251228165985,-0.29484572427109523,False,False,False,False,-585.0,-168.57555335249168,False,False,False,False,42.22342035416589,False,False,False,False
2025-08-01 14:00:00+00:00,23.6,23.6,23.6,23.6,0.0,23.543339275103985,25.632516652903938,25.636498057410126,25.58269129841503,25.682215460175104,25.44024578541043,25.308722627737232,25.23100801703621,25.21142713079854,24.725484814421616,23.489598130841124,23.854353989469423,25.632516652903938,25.6424815153594,25.58248044965787,25.591592864024218,25.653540150644712,25.65418253436673,25.538289487755314,25.19127087198516,25.616439406900483,25.379165237501297,23.73232686980609,25.23697822740268,"rgba(239, 83, 80, 1.0)",0.0,0.0,0.8248655473294322,24.62860458430258,-1.2469966622230333,0.0,0.0,0.0,0.0,0.0,0.0,0.0,0.0,33.81023603598779,-21.207140237130346,False,True,False,True,True,0.0,0,0.9199249747511182,1.055547540037513,False,False,False,False,-0.30385782327605615,-0.2993517737735757,False,False,False,False,-585.0,-175.03174632377088,False,False,False,False,41.56879368200828,False,False,False,False
2025-08-01 15:00:00+00:00,23.6,23.6,23.14,23.14,18.0,23.53556706966034,25.625583456830782,25.631734989648027,25.578374017810372,25.678286736713876,25.43720578980491,25.305939154454087,25.228390127348703,25.208851547929882,24.72387675961159,23.48320976491863,23.842346413000396,25.625583456830782,25.637656701658297,25.578173043417657,25.58733068892094,25.64947938571338,25.65012338013819,25.53505312616797,25.18873897576522,25.609307237477967,25.376242539830816,23.721648648648646,25.2293143483023,"rgba(239, 83, 80, 1.0)",0.0,0.0,0.8190650129845672,24.620201816795714,-1.8071847696217038,-1.0,23.6,23.14,897.0,0.0,0.0,0.0,0.0,29.118559840754184,-21.207140237130346,False,True,False,True,False,0.0,0,0.8953438701409653,1.0548198775452085,False,False,False,False,-0.3411850654231249,-0.3202684195983503,False,False,False,False,-603.0,-181.66691304743335,False,False,False,False,41.20338602802365,False,False,False,False
2025-08-01 16:00:00+00:00,23.14,23.14,23.14,23.14,0.0,23.53556706966034,25.625583456830782,25.631734989648027,25.578374017810372,25.678286736713876,25.43720578980491,25.305939154454087,25.228390127348703,25.208851547929882,24.72387675961159,23.48320976491863,23.842346413000396,25.625583456830782,25.637656701658297,25.578173043417657,25.58733068892094,25.64947938571338,25.65012338013819,25.53505312616797,25.18873897576522,25.609307237477967,25.376242539830816,23.721648648648646,25.2293143483023,"rgba(239, 83, 80, 1.0)",0.0,0.0,0.8234715571319512,24.620201816795714,-1.797514199459507,0.0,0.0,0.0,0.0,0.0,0.0,0.0,0.0,25.990775710598445,-18.777300204749455,False,True,False,True,False,0.0,0,0.8901181043504259,1.0713111077889073,False,False,False,False,-0.34282825441539394,-0.33154833700687214,False,False,False,False,-603.0,-188.19920896917858,False,False,False,False,40.56457384154266,False,False,False,False
2025-08-01 17:00:00+00:00,23.14,23.14,23.14,23.14,0.0,23.53556706966034,25.625583456830782,25.631734989648027,25.578374017810372,25.678286736713876,25.43720578980491,25.305939154454087,25.228390127348703,25.208851547929882,24.72387675961159,23.48320976491863,23.842346413000396,25.625583456830782,25.637656701658297,25.578173043417657,25.58733068892094,25.64947938571338,25.65012338013819,25.53505312616797,25.18873897576522,25.609307237477967,25.376242539830816,23.721648648648646,25.2293143483023,"rgba(239, 83, 80, 1.0)",0.0,0.0,0.8254384584259232,24.620201816795714,-1.7932309812876859,0.0,0.0,0.0,0.0,0.0,0.0,0.0,0.0,23.90558629049462,-20.84779869688879,False,True,False,True,False,0.0,0,0.8901181043504259,1.0713111077889073,False,False,False,False,-0.34282825441539394,-0.33718829571113307,False,False,False,False,-603.0,-194.6302289851603,False,False,False,False,39.935665719968355,False,False,False,False
2025-08-01 18:00:00+00:00,23.14,23.14,23.14,23.14,0.0,23.53556706966034,25.625583456830782,25.631734989648027,25.578374017810372,25.678286736713876,25.43720578980491,25.305939154454087,25.228390127348703,25.208851547929882,24.72387675961159,23.48320976491863,23.842346413000396,25.625583456830782,25.637656701658297,25.578173043417657,25.58733068892094,25.64947938571338,25.65012338013819,25.53505312616797,25.18873897576522,25.609307237477967,25.376242539830816,23.721648648648646,25.2293143483023,"rgba(239, 83, 80, 1.0)",0.0,0.0,0.8363058947236152,24.620201816795714,-1.7699287140441529,0.0,0.0,0.0,0.0,0.0,0.0,0.0,0.0,22.515460010425404,-22.299374755558482,False,True,False,True,False,0.0,0,0.8901181043504259,1.0713111077889073,False,False,False,False,-0.34282825441539394,-0.3400082750632635,False,False,False,False,-603.0,-200.96154326446015,False,False,False,False,39.31650811190683,False,False,False,False
2025-08-01 19:00:00+00:00,23.14,23.14,22.14,22.14,6.0,23.52467236467237,25.62247217195811,25.62959635857502,25.576423411161134,25.676530758226043,25.435807516905175,25.304635708259845,25.22714994873335,25.207627693684298,24.723034752967102,23.472370304114495,23.832648563557655,25.62247217195811,25.635491828202202,25.576226842178574,25.58540688495332,25.64765889695581,25.648303739061266,25.533582559504747,25.187532039410335,25.606101266541714,25.374887306774564,23.711608579088466,25.225696784073506,"rgba(239, 83, 80, 1.0)",0.0,0.0,0.8709524143763692,24.61406476114979,-2.8406428644225103,0.0,0.0,0.0,0.0,0.0,0.0,0.0,0.0,17.784625791330015,-26.803860020409275,False,True,False,True,False,0.0,0,0.8642763826389895,1.0692408186964728,False,False,False,False,-0.34282825441539394,-0.3414182647393287,False,False,False,False,-609.0,-207.28772088826696,False,False,False,False,38.7999731024199,False,False,False,False
